county,administered_date,total_doses,cumulative_total_doses,pfizer_doses,cumulative_pfizer_doses,moderna_doses,cumulative_moderna_doses,jj_doses,cumulative_jj_doses,partially_vaccinated,total_partially_vaccinated,fully_vaccinated,cumulative_fully_vaccinated,at_least_one_dose,cumulative_at_least_one_dose,california_flag
All CA Counties,2020-12-15,1134,1134,1134,1134,0,0,0,0,1134,1134,0,0,1134,1134,
All CA Counties,2020-12-16,8119,9253,8119,9253,0,0,0,0,8119,9253,0,0,8119,9253,
All CA Counties,2020-12-17,25718,34971,25718,34971,0,0,0,0,25720,34973,0,0,25720,34973,
All CA Counties,2020-12-18,43748,78719,43694,78665,54,54,0,0,43749,78722,0,0,43749,78722,
All CA Counties,2020-12-19,25202,103921,25179,103844,23,77,0,0,25201,103922,1,1,25201,103923,
All CA Counties,2020-12-20,18945,122866,18913,122757,32,109,0,0,18944,122865,1,2,18944,122867,
All CA Counties,2020-12-21,49533,172399,49452,172209,81,190,0,0,49536,172400,1,3,49536,172403,
All CA Counties,2020-12-22,49852,222251,47740,219949,2112,2302,0,0,49850,222249,1,4,49850,222253,
All CA Counties,2020-12-23,50252,272503,41542,261491,8710,11012,0,0,50248,272497,0,4,50248,272501,
All CA Counties,2020-12-24,24016,296519,16319,277810,7697,18709,0,0,24013,296509,1,5,24013,296514,
All CA Counties,2020-12-25,2334,298853,2013,279823,321,19030,0,0,2334,298843,0,5,2334,298848,
All CA Counties,2020-12-26,14608,313461,9436,289259,5172,24202,0,0,14607,313449,1,6,14607,313455,
All CA Counties,2020-12-27,9389,322850,5566,294825,3823,28025,0,0,9388,322836,1,7,9388,322843,
All CA Counties,2020-12-28,45650,368500,29272,324097,16378,44403,0,0,45648,368481,3,10,45648,368491,
All CA Counties,2020-12-29,51025,419525,28513,352610,22512,66915,0,0,51021,419499,3,13,51021,419512,
All CA Counties,2020-12-30,62920,482445,35646,388256,27274,94189,0,0,62914,482410,3,16,62914,482426,
All CA Counties,2020-12-31,29294,511739,10843,399099,18451,112640,0,0,29286,511691,5,21,29286,511712,
All CA Counties,2021-01-01,3994,515733,1763,400862,2231,114871,0,0,3990,515678,3,24,3990,515702,
All CA Counties,2021-01-02,18469,534202,10245,411107,8224,123095,0,0,18468,534146,0,24,18468,534170,
All CA Counties,2021-01-03,6147,540349,3478,414585,2669,125764,0,0,6118,540252,12,36,6118,540288,
All CA Counties,2021-01-04,43514,583863,22071,436656,21443,147207,0,0,43435,583644,43,79,43435,583723,
All CA Counties,2021-01-05,56318,640181,29649,466305,26669,173876,0,0,50882,629232,5380,5459,50968,634691,
All CA Counties,2021-01-06,73229,713410,40440,506745,32789,206665,0,0,57939,672086,15113,20572,57967,692658,
All CA Counties,2021-01-07,91758,805168,52170,558915,39588,246253,0,0,61240,703020,30352,50924,61286,753944,
All CA Counties,2021-01-08,106432,911600,63970,622885,42462,288715,0,0,65382,727543,40918,91842,65441,819385,
All CA Counties,2021-01-09,44169,955769,25445,648330,18724,307439,0,0,27690,738801,16457,108299,27715,847100,
All CA Counties,2021-01-10,24262,980031,14826,663156,9436,316875,0,0,13045,740662,11201,119500,13062,860162,
All CA Counties,2021-01-11,104206,1084237,69337,732493,34869,351744,0,0,60501,757662,43666,163166,60666,920828,
All CA Counties,2021-01-12,112514,1196751,66422,798915,46092,397836,0,0,71577,788606,40858,204024,71802,992630,
All CA Counties,2021-01-13,118613,1315364,61457,860372,57156,454992,0,0,84994,840141,33534,237558,85069,1077699,
All CA Counties,2021-01-14,123327,1438691,49513,909885,73814,528806,0,0,103813,924688,19412,256970,103959,1181658,
All CA Counties,2021-01-15,141672,1580363,52053,961938,89619,618425,0,0,126679,1036652,14901,271871,126865,1308523,
All CA Counties,2021-01-16,80346,1660709,27381,989319,52965,671390,0,0,72822,1102023,7499,279370,72870,1381393,
All CA Counties,2021-01-17,48042,1708751,16782,1006101,31260,702650,0,0,44411,1142856,3623,282993,44456,1425849,
All CA Counties,2021-01-18,87664,1796415,45617,1051718,42047,744697,0,0,68527,1192480,19057,302050,68681,1494530,
All CA Counties,2021-01-19,141526,1937941,73386,1125104,68140,812837,0,0,110457,1272273,30977,333027,110770,1605300,
All CA Counties,2021-01-20,159176,2097117,81280,1206384,77896,890733,0,0,125753,1365061,33210,366237,125998,1731298,
All CA Counties,2021-01-21,172746,2269863,76684,1283068,96062,986795,0,0,153763,1500367,18781,385018,154087,1885385,
All CA Counties,2021-01-22,168911,2438774,69028,1352096,99883,1086678,0,0,154687,1641123,14094,399112,154850,2040235,
All CA Counties,2021-01-23,111014,2549788,49428,1401524,61586,1148264,0,0,98468,1727217,12488,411600,98582,2138817,
All CA Counties,2021-01-24,60891,2610679,29482,1431006,31409,1179673,0,0,56257,1778923,4603,416203,56309,2195126,
All CA Counties,2021-01-25,143873,2754552,64920,1495926,78953,1258626,0,0,109182,1853876,34572,450775,109525,2304651,
All CA Counties,2021-01-26,167670,2922222,82384,1578310,85286,1343912,0,0,130544,1947672,37002,487777,130798,2435449,
All CA Counties,2021-01-27,179559,3101781,87904,1666214,91655,1435567,0,0,140396,2049507,38762,526539,140597,2576046,
All CA Counties,2021-01-28,186907,3288688,86049,1752263,100858,1536425,0,0,153087,2169244,33538,560077,153275,2729321,
All CA Counties,2021-01-29,182654,3471342,87962,1840225,94692,1631117,0,0,148274,2283852,33816,593893,148424,2877745,
All CA Counties,2021-01-30,122725,3594067,55146,1895371,67579,1698696,0,0,107732,2376890,14831,608724,107869,2985614,
All CA Counties,2021-01-31,69188,3663255,38903,1934274,30285,1728981,0,0,64128,2436052,5015,613739,64177,3049791,
All CA Counties,2021-02-01,158191,3821446,72893,2007167,85298,1814279,0,0,120051,2518235,37997,651736,120180,3169971,
All CA Counties,2021-02-02,185711,4007157,79458,2086625,106253,1920532,0,0,139982,2613055,45378,697114,140198,3310169,
All CA Counties,2021-02-03,210000,4217157,94982,2181607,115018,2035550,0,0,156033,2715844,53475,750589,156264,3466433,
All CA Counties,2021-02-04,227444,4444601,99828,2281435,127616,2163166,0,0,166877,2823038,60028,810617,167222,3633655,
All CA Counties,2021-02-05,245353,4689954,106285,2387720,139068,2302234,0,0,166820,2912573,77782,888399,167317,3800972,
All CA Counties,2021-02-06,154439,4844393,74686,2462406,79753,2381987,0,0,119791,2998366,34481,922880,120274,3921246,
All CA Counties,2021-02-07,66639,4911032,43081,2505487,23558,2405545,0,0,50232,3032724,16321,939201,50679,3971925,
All CA Counties,2021-02-08,179969,5091001,88357,2593844,91612,2497157,0,0,118851,3091627,60666,999867,119569,4091494,
All CA Counties,2021-02-09,210323,5301324,101641,2695485,108682,2605839,0,0,126267,3135402,83616,1083483,127391,4218885,
All CA Counties,2021-02-10,247797,5549121,119664,2815149,128133,2733972,0,0,137687,3165259,109283,1192766,139140,4358025,
All CA Counties,2021-02-11,263602,5812723,130629,2945778,132973,2866945,0,0,144728,3193922,117828,1310594,146491,4504516,
All CA Counties,2021-02-12,271262,6083985,118895,3064673,152367,3019312,0,0,146610,3219019,123847,1434441,148944,4653460,
All CA Counties,2021-02-13,166286,6250271,77051,3141724,89235,3108547,0,0,91912,3238912,73959,1508400,93852,4747312,
All CA Counties,2021-02-14,95202,6345473,47452,3189176,47750,3156297,0,0,51579,3248691,43472,1551872,53251,4800563,
All CA Counties,2021-02-15,141596,6487069,62286,3251462,79310,3235607,0,0,78381,3267437,62858,1614730,81604,4882167,
All CA Counties,2021-02-16,247885,6734954,117608,3369070,130277,3365884,0,0,132897,3289118,114637,1729367,136318,5018485,
All CA Counties,2021-02-17,257438,6992392,128158,3497228,129280,3495164,0,0,128347,3292517,128596,1857963,131995,5150480,
All CA Counties,2021-02-18,271377,7263769,141658,3638886,129719,3624883,0,0,131773,3290032,138948,1996911,136463,5286943,
All CA Counties,2021-02-19,251498,7515267,145964,3784850,105534,3730417,0,0,130023,3301219,121010,2117921,132197,5419140,
All CA Counties,2021-02-20,151395,7666662,96848,3881698,54547,3784964,0,0,83307,3318967,67843,2185764,85591,5504731,
All CA Counties,2021-02-21,72173,7738835,58212,3939910,13961,3798925,0,0,35591,3320473,36358,2222122,37864,5542595,
All CA Counties,2021-02-22,162744,7901579,109177,4049087,53567,3852492,0,0,81632,3323792,80795,2302917,84114,5626709,
All CA Counties,2021-02-23,221811,8123390,116580,4165667,105231,3957723,0,0,103000,3315464,118274,2421191,109946,5736655,
All CA Counties,2021-02-24,280917,8404307,141771,4307438,139146,4096869,0,0,134008,3311753,146317,2567508,142606,5879261,
All CA Counties,2021-02-25,315733,8720040,154333,4461771,161400,4258269,0,0,165019,3336150,150072,2717580,174469,6053730,
All CA Counties,2021-02-26,349887,9069927,163064,4624835,186823,4445092,0,0,195875,3386186,153159,2870739,203195,6256925,
All CA Counties,2021-02-27,245740,9315667,117488,4742323,128234,4573326,18,18,139168,3423942,106009,2976748,143765,6400690,
All CA Counties,2021-02-28,129522,9445189,77322,4819645,52197,4625523,3,21,75845,3450286,53287,3030035,79631,6480321,
All CA Counties,2021-03-01,236433,9681622,125378,4945023,111002,4736525,53,74,136804,3493020,98987,3129022,141721,6622042,
All CA Counties,2021-03-02,275339,9956961,133980,5079003,141343,4877868,16,90,163930,3553850,110952,3239974,171782,6793824,
All CA Counties,2021-03-03,327165,10284126,161610,5240613,165516,5043384,39,129,187898,3611336,138640,3378614,196126,6989950,
All CA Counties,2021-03-04,346311,10630437,174366,5414979,171860,5215244,85,214,202977,3679363,142632,3521246,210659,7200609,
All CA Counties,2021-03-05,331443,10961880,161085,5576064,169249,5384493,1109,1323,205277,3767944,125419,3646665,214000,7414609,
All CA Counties,2021-03-06,255306,11217186,130226,5706290,117290,5501783,7790,9113,158243,3842531,96681,3743346,171268,7585877,
All CA Counties,2021-03-07,124100,11341286,75439,5781729,44613,5546396,4048,13161,77181,3881565,46752,3790098,85786,7671663,
All CA Counties,2021-03-08,215087,11556373,103484,5885213,101240,5647636,10363,23524,140245,3962683,74500,3864598,155618,7827281,
All CA Counties,2021-03-09,266467,11822840,115697,6000910,134996,5782632,15774,39298,143879,4005879,122154,3986752,165350,7992631,
All CA Counties,2021-03-10,313058,12135898,153755,6154665,135349,5917981,23954,63252,168323,4059509,144142,4130894,197772,8190403,
All CA Counties,2021-03-11,372134,12508032,179608,6334273,159632,6077613,32894,96146,191444,4109423,179827,4310721,229741,8420144,
All CA Counties,2021-03-12,387761,12895793,172421,6506694,169452,6247065,45888,142034,189237,4150794,197792,4508513,239163,8659307,
All CA Counties,2021-03-13,278275,13174068,121860,6628554,125641,6372706,30774,172808,150196,4208384,127665,4636178,185255,8844562,
All CA Counties,2021-03-14,152441,13326509,81358,6709912,56267,6428973,14816,187624,82278,4237943,69908,4706086,99467,8944029,
All CA Counties,2021-03-15,287418,13613927,136805,6846717,130259,6559232,20354,207978,157079,4289128,129662,4835748,180847,9124876,
All CA Counties,2021-03-16,366585,13980512,171549,7018266,177945,6737177,17091,225069,214553,4373291,151346,4987094,235509,9360385,
All CA Counties,2021-03-17,378633,14359145,186976,7205242,173355,6910532,18302,243371,235091,4486846,142810,5129904,256365,9616750,
All CA Counties,2021-03-18,394159,14753304,200300,7405542,176156,7086688,17703,261074,236576,4587673,156584,5286488,257411,9874161,
All CA Counties,2021-03-19,403395,15156699,210975,7616517,171091,7257779,21329,282403,236496,4681991,166006,5452494,260324,10134485,
All CA Counties,2021-03-20,289781,15446480,151933,7768450,122179,7379958,15669,298072,186187,4782782,103000,5555494,203791,10338276,
All CA Counties,2021-03-21,141245,15587725,97186,7865636,36675,7416633,7384,305456,89212,4830376,51735,5607229,99329,10437605,
All CA Counties,2021-03-22,268435,15856160,156539,8022175,101029,7517662,10867,316323,177565,4932130,90226,5697455,191980,10629585,
All CA Counties,2021-03-23,352260,16208420,193519,8215694,148079,7665741,10662,326985,226755,5047690,124682,5822137,240242,10869827,
All CA Counties,2021-03-24,381468,16589888,218682,8434376,150749,7816490,12037,339022,224830,5132286,155529,5977666,240125,11109952,
All CA Counties,2021-03-25,409489,16999377,224959,8659335,170205,7986695,14325,353347,236061,5212632,172245,6149911,252591,11362543,
All CA Counties,2021-03-26,426545,17425922,227440,8886775,183363,8170058,15742,369089,236084,5278087,189363,6339274,254818,11617361,
All CA Counties,2021-03-27,306476,17732398,162876,9049651,132306,8302364,11294,380383,157634,5301172,148106,6487380,171191,11788552,
All CA Counties,2021-03-28,165991,17898389,105946,9155597,56479,8358843,3566,383949,90950,5322944,74662,6562042,96434,11884986,
All CA Counties,2021-03-29,306189,18204578,165116,9320713,132533,8491376,8540,392489,174536,5377524,130991,6693033,185571,12070557,
All CA Counties,2021-03-30,393404,18597982,198790,9519503,177000,8668376,17614,410103,239588,5483445,153124,6846157,259045,12329602,
All CA Counties,2021-03-31,419177,19017159,227808,9747311,170229,8838605,21140,431243,240978,5569317,177350,7023507,263222,12592824,
All CA Counties,2021-04-01,480777,19497936,245674,9992985,196339,9034944,38764,470007,266749,5663073,213010,7236517,306766,12899590,
All CA Counties,2021-04-02,463605,19961541,226336,10219321,195711,9230655,41558,511565,253759,5751315,208764,7445281,297006,13196596,
All CA Counties,2021-04-03,322937,20284478,164150,10383471,118608,9349263,40179,551744,162267,5795097,160104,7605385,203886,13400482,
All CA Counties,2021-04-04,131272,20415750,68532,10452003,43981,9393244,18759,570503,58649,5800361,72380,7677765,77644,13478126,
All CA Counties,2021-04-05,348368,20764118,179627,10631630,129877,9523121,38864,609367,173584,5841325,174211,7851976,215175,13693301,
All CA Counties,2021-04-06,452880,21216998,230062,10861692,158162,9681283,64656,674023,221587,5899618,230485,8082461,288778,13982079,
All CA Counties,2021-04-07,465952,21682950,242510,11104202,154526,9835809,68916,742939,228973,5963615,236156,8318617,300153,14282232,
All CA Counties,2021-04-08,492388,22175338,249014,11353216,160238,9996047,83136,826075,233304,6024364,258075,8576692,318824,14601056,
All CA Counties,2021-04-09,482783,22658121,240371,11593587,163983,10160030,78429,904504,224001,6072489,257849,8834541,305974,14907030,
All CA Counties,2021-04-10,360634,23018755,165385,11758972,122567,10282597,72682,977186,152732,6093587,207268,9041809,228366,15135396,
All CA Counties,2021-04-11,184281,23203036,102963,11861935,47603,10330200,33715,1010901,76365,6099575,107609,9149418,113597,15248993,
All CA Counties,2021-04-12,335495,23538531,172774,12034709,125439,10455639,37282,1048183,156592,6118931,178072,9327490,197428,15446421,
All CA Counties,2021-04-13,426080,23964611,237649,12272358,187513,10643152,918,1049101,237897,6174307,187312,9514802,242688,15689109,
All CA Counties,2021-04-14,443384,24407995,249319,12521677,193798,10836950,267,1049368,233118,6204557,209245,9724047,239495,15928604,
All CA Counties,2021-04-15,482112,24890107,281223,12802900,200664,11037614,225,1049593,271687,6271880,209154,9933201,276477,16205081,
All CA Counties,2021-04-16,465177,25355284,262314,13065214,202563,11240177,300,1049893,249316,6309662,214795,10147996,252577,16457658,
All CA Counties,2021-04-17,331598,25686882,186537,13251751,145021,11385198,40,1049933,187832,6358317,143099,10291095,191754,16649412,
All CA Counties,2021-04-18,151319,25838201,95820,13347571,55486,11440684,13,1049946,79017,6369014,71956,10363051,82653,16732065,
All CA Counties,2021-04-19,313652,26151853,181403,13528974,132169,11572853,80,1050026,149009,6357261,163879,10526930,152126,16884191,
All CA Counties,2021-04-20,401748,26553601,213822,13742796,187880,11760733,46,1050072,200838,6363619,200013,10726943,206371,17090562,
All CA Counties,2021-04-21,414378,26967979,234946,13977742,179180,11939913,252,1050324,200225,6357050,212960,10939903,206391,17296953,
All CA Counties,2021-04-22,437381,27405360,248513,14226255,188796,12128709,72,1050396,196678,6321497,239493,11179396,203940,17500893,
All CA Counties,2021-04-23,429635,27834995,245290,14471545,184263,12312972,82,1050478,195676,6295022,232782,11412178,206307,17707200,
All CA Counties,2021-04-24,318368,28153363,201650,14673195,116561,12429533,157,1050635,162684,6310379,154834,11567012,170191,17877391,
All CA Counties,2021-04-25,147923,28301286,97599,14770794,50263,12479796,61,1050696,79461,6324200,68086,11635098,81907,17959298,
All CA Counties,2021-04-26,266960,28568246,156006,14926800,109551,12589347,1403,1052099,115853,6299625,150317,11785415,125742,18085040,
All CA Counties,2021-04-27,335511,28903757,185459,15112259,144735,12734082,5317,1057416,134876,6248954,199667,11985082,148996,18234036,
All CA Counties,2021-04-28,342161,29245918,196049,15308308,138460,12872542,7652,1065068,139139,6201475,202118,12187200,154639,18388675,
All CA Counties,2021-04-29,350330,29596248,202336,15510644,140335,13012877,7659,1072727,126236,6120825,223108,12410308,142458,18531133,
All CA Counties,2021-04-30,361856,29958104,208106,15718750,145209,13158086,8541,1081268,137408,6050761,223440,12633748,153376,18684509,
All CA Counties,2021-05-01,239973,30198077,153061,15871811,81329,13239415,5583,1086851,87937,5997747,151403,12785151,98389,18782898,
All CA Counties,2021-05-02,114228,30312305,79576,15951387,30955,13270370,3697,1090548,40474,5969714,73403,12858554,45370,18828268,
All CA Counties,2021-05-03,234658,30546963,141196,16092583,85151,13355521,8311,1098859,71593,5890648,162367,13020921,83301,18911569,
All CA Counties,2021-05-04,249478,30796441,150174,16242757,93994,13449515,5310,1104169,72040,5797866,176711,13197632,83929,18995498,
All CA Counties,2021-05-05,215593,31012034,135727,16378484,74504,13524019,5362,1109531,59868,5712289,154981,13352613,69404,19064902,
All CA Counties,2021-05-06,185441,31197475,131121,16509605,49497,13573516,4823,1114354,38982,5614868,145807,13498420,48386,19113288,
All CA and Non-CA Counties,2020-12-15,1141,1141,1141,1141,0,0,0,0,1141,1141,0,0,1141,1141,
All CA and Non-CA Counties,2020-12-16,8384,9525,8384,9525,0,0,0,0,8384,9525,0,0,8384,9525,
All CA and Non-CA Counties,2020-12-17,27320,36845,27320,36845,0,0,0,0,27320,36845,0,0,27320,36845,
All CA and Non-CA Counties,2020-12-18,46312,83157,46251,83096,61,61,0,0,46312,83157,0,0,46312,83157,
All CA and Non-CA Counties,2020-12-19,26322,109479,26298,109394,24,85,0,0,26321,109477,1,1,26321,109478,
All CA and Non-CA Counties,2020-12-20,19644,129123,19609,129003,35,120,0,0,19643,129119,1,2,19643,129121,
All CA and Non-CA Counties,2020-12-21,51724,180847,51640,180643,84,204,0,0,51722,180840,1,3,51722,180843,
All CA and Non-CA Counties,2020-12-22,51917,232764,49731,230374,2186,2390,0,0,51915,232754,1,4,51915,232758,
All CA and Non-CA Counties,2020-12-23,51770,284534,42926,273300,8844,11234,0,0,51766,284520,0,4,51766,284524,
All CA and Non-CA Counties,2020-12-24,24819,309353,16930,290230,7889,19123,0,0,24816,309335,1,5,24816,309340,
All CA and Non-CA Counties,2020-12-25,2367,311720,2042,292272,325,19448,0,0,2367,311702,0,5,2367,311707,
All CA and Non-CA Counties,2020-12-26,14915,326635,9640,301912,5275,24723,0,0,14914,326615,1,6,14914,326621,
All CA and Non-CA Counties,2020-12-27,9578,336213,5639,307551,3939,28662,0,0,9577,336191,1,7,9577,336198,
All CA and Non-CA Counties,2020-12-28,47066,383279,30170,337721,16896,45558,0,0,47063,383251,3,10,47063,383261,
All CA and Non-CA Counties,2020-12-29,52577,435856,29532,367253,23045,68603,0,0,52573,435821,3,13,52573,435834,
All CA and Non-CA Counties,2020-12-30,64899,500755,36932,404185,27967,96570,0,0,64891,500709,3,16,64891,500725,
All CA and Non-CA Counties,2020-12-31,30414,531169,11442,415627,18972,115542,0,0,30404,531107,6,22,30404,531129,
All CA and Non-CA Counties,2021-01-01,4105,535274,1786,417413,2319,117861,0,0,4101,535205,3,25,4101,535230,
All CA and Non-CA Counties,2021-01-02,18707,553981,10376,427789,8331,126192,0,0,18705,553909,1,26,18705,553935,
All CA and Non-CA Counties,2021-01-03,6317,560298,3568,431357,2749,128941,0,0,6288,560185,12,38,6288,560223,
All CA and Non-CA Counties,2021-01-04,44662,604960,22586,453943,22076,151017,0,0,44578,604720,43,81,44578,604801,
All CA and Non-CA Counties,2021-01-05,57856,662816,30459,484402,27397,178414,0,0,52230,651467,5569,5650,52316,657117,
All CA and Non-CA Counties,2021-01-06,75965,738781,42064,526466,33901,212315,0,0,59919,695549,15865,21515,59947,717064,
All CA and Non-CA Counties,2021-01-07,96007,834788,54810,581276,41197,253512,0,0,63797,727352,32042,53557,63845,780909,
All CA and Non-CA Counties,2021-01-08,110975,945763,66914,648190,44061,297573,0,0,68026,752633,42807,96364,68088,848997,
All CA and Non-CA Counties,2021-01-09,45488,991251,25973,674163,19515,317088,0,0,28685,764564,16781,113145,28712,877709,
All CA and Non-CA Counties,2021-01-10,24563,1015814,15006,689169,9557,326645,0,0,13227,766488,11320,124465,13244,890953,
All CA and Non-CA Counties,2021-01-11,107532,1123346,71369,760538,36163,362808,0,0,62491,784143,45001,169466,62656,953609,
All CA and Non-CA Counties,2021-01-12,116401,1239747,68741,829279,47660,410468,0,0,73921,815895,42396,211862,74148,1027757,
All CA and Non-CA Counties,2021-01-13,122311,1362058,63272,892551,59039,469507,0,0,87518,868781,34709,246571,87595,1115352,
All CA and Non-CA Counties,2021-01-14,127068,1489126,50789,943340,76279,545786,0,0,106915,955806,20038,266609,107063,1222415,
All CA and Non-CA Counties,2021-01-15,145940,1635066,53051,996391,92889,638675,0,0,130479,1071115,15356,281965,130665,1353080,
All CA and Non-CA Counties,2021-01-16,83046,1718112,27768,1024159,55278,693953,0,0,75353,1138850,7666,289631,75401,1428481,
All CA and Non-CA Counties,2021-01-17,48539,1766651,16933,1041092,31606,725559,0,0,44859,1180082,3672,293303,44904,1473385,
All CA and Non-CA Counties,2021-01-18,88912,1855563,46437,1087529,42475,768034,0,0,69318,1230042,19513,312816,69473,1542858,
All CA and Non-CA Counties,2021-01-19,145581,2001144,74725,1162254,70856,838890,0,0,113618,1312106,31870,344686,113934,1656792,
All CA and Non-CA Counties,2021-01-20,163643,2164787,82767,1245021,80876,919766,0,0,129236,1407396,34192,378878,129482,1786274,
All CA and Non-CA Counties,2021-01-21,176927,2341714,77857,1322878,99070,1018836,0,0,157382,1545772,19330,398208,157706,1943980,
All CA and Non-CA Counties,2021-01-22,173566,2515280,70135,1393013,103431,1122267,0,0,158948,1690400,14484,412692,159112,2103092,
All CA and Non-CA Counties,2021-01-23,113273,2628553,49763,1442776,63510,1185777,0,0,100566,1778431,12649,425341,100680,2203772,
All CA and Non-CA Counties,2021-01-24,61496,2690049,29729,1472505,31767,1217544,0,0,56785,1830587,4681,430022,56837,2260609,
All CA and Non-CA Counties,2021-01-25,148348,2838397,66890,1539395,81458,1299002,0,0,112790,1908286,35435,465457,113134,2373743,
All CA and Non-CA Counties,2021-01-26,173709,3012106,85368,1624763,88341,1387343,0,0,135741,2006442,37846,503303,136002,2509745,
All CA and Non-CA Counties,2021-01-27,184395,3196501,90595,1715358,93800,1481143,0,0,144616,2111886,39374,542677,144818,2654563,
All CA and Non-CA Counties,2021-01-28,192348,3388849,89078,1804436,103270,1584413,0,0,157946,2235908,34112,576789,158134,2812697,
All CA and Non-CA Counties,2021-01-29,187742,3576591,91205,1895641,96537,1680950,0,0,152581,2354044,34597,611386,152733,2965430,
All CA and Non-CA Counties,2021-01-30,127243,3703834,57618,1953259,69625,1750575,0,0,112025,2451150,15057,626443,112163,3077593,
All CA and Non-CA Counties,2021-01-31,72372,3776206,41668,1994927,30704,1781279,0,0,67255,2513382,5073,631516,67305,3144898,
All CA and Non-CA Counties,2021-02-01,163696,3939902,75485,2070412,88211,1869490,0,0,124850,2599664,38697,670213,124979,3269877,
All CA and Non-CA Counties,2021-02-02,192537,4132439,81690,2152102,110847,1980337,0,0,146082,2699866,46096,716309,146298,3416175,
All CA and Non-CA Counties,2021-02-03,217368,4349807,97109,2249211,120259,2100596,0,0,162523,2808277,54344,770653,162755,3578930,
All CA and Non-CA Counties,2021-02-04,234294,4584101,102053,2351264,132241,2232837,0,0,172735,2920347,61011,831664,173081,3752011,
All CA and Non-CA Counties,2021-02-05,252171,4836272,108512,2459776,143659,2376496,0,0,172572,3014569,78847,910511,173069,3925080,
All CA and Non-CA Counties,2021-02-06,158901,4995173,76863,2536639,82038,2458534,0,0,123788,3103903,34940,945451,124274,4049354,
All CA and Non-CA Counties,2021-02-07,68893,5064066,44950,2581589,23943,2482477,0,0,52407,3140359,16400,961851,52856,4102210,
All CA and Non-CA Counties,2021-02-08,185316,5249382,91738,2673327,93578,2576055,0,0,123103,3202429,61751,1023602,123821,4226031,
All CA and Non-CA Counties,2021-02-09,214611,5463993,103553,2776880,111058,2687113,0,0,129233,3247873,84927,1108529,130371,4356402,
All CA and Non-CA Counties,2021-02-10,253361,5717354,121558,2898438,131803,2818916,0,0,140787,3278416,111739,1220268,142282,4498684,
All CA and Non-CA Counties,2021-02-11,268404,5985758,132859,3031297,135545,2954461,0,0,148184,3309214,119166,1339434,149964,4648648,
All CA and Non-CA Counties,2021-02-12,276503,6262261,120846,3152143,155657,3110118,0,0,150017,3335891,125678,1465112,152355,4801003,
All CA and Non-CA Counties,2021-02-13,168699,6430960,77749,3229892,90950,3201068,0,0,93783,3357122,74504,1539616,95735,4896738,
All CA and Non-CA Counties,2021-02-14,96534,6527494,47852,3277744,48682,3249750,0,0,52669,3367755,43710,1583326,54343,4951081,
All CA and Non-CA Counties,2021-02-15,144142,6671636,63831,3341575,80311,3330061,0,0,79606,3386424,64164,1647490,82833,5033914,
All CA and Non-CA Counties,2021-02-16,254416,6926052,120587,3462162,133829,3463890,0,0,135539,3406874,118515,1766005,138965,5172879,
All CA and Non-CA Counties,2021-02-17,263335,7189387,131098,3593260,132237,3596127,0,0,130178,3408048,132656,1898661,133830,5306709,
All CA and Non-CA Counties,2021-02-18,277863,7467250,145445,3738705,132418,3728545,0,0,133829,3403207,143361,2042022,138520,5445229,
All CA and Non-CA Counties,2021-02-19,257407,7724657,150115,3888820,107292,3835837,0,0,132484,3413414,124452,2166474,134659,5579888,
All CA and Non-CA Counties,2021-02-20,154707,7879364,99503,3988323,55204,3891041,0,0,84505,3430253,69951,2236425,86790,5666678,
All CA and Non-CA Counties,2021-02-21,73971,7953335,59794,4048117,14177,3905218,0,0,36213,3431209,37530,2273955,38486,5705164,
All CA and Non-CA Counties,2021-02-22,166208,8119543,111713,4159830,54495,3959713,0,0,83256,3434319,82633,2356588,85743,5790907,
All CA and Non-CA Counties,2021-02-23,227708,8347251,119861,4279691,107847,4067560,0,0,105318,3424751,121846,2478434,112278,5903185,
All CA and Non-CA Counties,2021-02-24,287278,8634529,145279,4424970,141999,4209559,0,0,136504,3419681,150177,2628611,145107,6048292,
All CA and Non-CA Counties,2021-02-25,322694,8957223,157874,4582844,164820,4374379,0,0,168163,3443440,153858,2782469,177617,6225909,
All CA and Non-CA Counties,2021-02-26,356723,9313946,166693,4749537,190030,4564409,0,0,199066,3493102,156725,2939194,206387,6432296,
All CA and Non-CA Counties,2021-02-27,251049,9564995,120051,4869588,130979,4695388,19,19,141033,3529294,109442,3048636,145634,6577930,
All CA and Non-CA Counties,2021-02-28,131956,9696951,79095,4948683,52857,4748245,4,23,76647,3554814,54915,3103551,80435,6658365,
All CA and Non-CA Counties,2021-03-01,241192,9938143,128327,5077010,112811,4861056,54,77,138130,3595455,102412,3205963,143053,6801418,
All CA and Non-CA Counties,2021-03-02,281535,10219678,135990,5213000,145529,5006585,16,93,165814,3653871,115252,3321215,173668,6975086,
All CA and Non-CA Counties,2021-03-03,334917,10554595,164570,5377570,170306,5176891,41,134,190491,3708810,143786,3465001,198725,7173811,
All CA and Non-CA Counties,2021-03-04,353077,10907672,177246,5554816,175742,5352633,89,223,205328,3774794,147032,3612033,213016,7386827,
All CA and Non-CA Counties,2021-03-05,336496,11244168,163536,5718352,171837,5524470,1123,1346,207882,3863553,127867,3739900,216626,7603453,
All CA and Non-CA Counties,2021-03-06,259908,11504076,132346,5850698,119615,5644085,7947,9293,160578,3938375,98946,3838846,173768,7777221,
All CA and Non-CA Counties,2021-03-07,125650,11629726,76418,5927116,45131,5689216,4101,13394,78110,3977773,47371,3886217,86769,7863990,
All CA and Non-CA Counties,2021-03-08,218098,11847824,105230,6032346,102259,5791475,10609,24003,142349,4060369,75379,3961596,157975,8021965,
All CA and Non-CA Counties,2021-03-09,270772,12118596,117739,6150085,136934,5928409,16099,40102,146312,4104454,124023,4085619,168108,8190073,
All CA and Non-CA Counties,2021-03-10,317238,12435834,155669,6305754,137109,6065518,24460,64562,170846,4159469,145793,4231412,200808,8390881,
All CA and Non-CA Counties,2021-03-11,378199,12814033,182646,6488400,161969,6227487,33584,98146,194671,4210471,182657,4414069,233659,8624540,
All CA and Non-CA Counties,2021-03-12,393947,13207980,176038,6664438,171291,6398778,46618,144764,192521,4252965,200684,4614753,243178,8867718,
All CA and Non-CA Counties,2021-03-13,282008,13489988,124001,6788439,126768,6525546,31239,176003,152783,4312471,128804,4743557,188310,9056028,
All CA and Non-CA Counties,2021-03-14,154204,13644192,82257,6870696,56805,6582351,15142,191145,83324,4342686,70625,4814182,100840,9156868,
All CA and Non-CA Counties,2021-03-15,291360,13935552,138834,7009530,131730,6714081,20796,211941,159168,4394557,131512,4945694,183383,9340251,
All CA and Non-CA Counties,2021-03-16,373843,14309395,175673,7185203,180708,6894789,17462,229403,218515,4479758,154639,5100333,239840,9580091,
All CA and Non-CA Counties,2021-03-17,386671,14696066,192024,7377227,175979,7070768,18668,248071,239800,4595066,146133,5246466,261441,9841532,
All CA and Non-CA Counties,2021-03-18,402116,15098182,205097,7582324,178794,7249562,18225,266296,241113,4697540,159996,5406462,262470,10104002,
All CA and Non-CA Counties,2021-03-19,410672,15508854,215282,7797606,173523,7423085,21867,288163,240891,4793912,168888,5575350,265260,10369262,
All CA and Non-CA Counties,2021-03-20,294489,15803343,155008,7952614,123726,7546811,15755,303918,189807,4897329,104080,5679430,207497,10576759,
All CA and Non-CA Counties,2021-03-21,143263,15946606,98548,8051162,37244,7584055,7471,311389,90831,4946234,52131,5731561,101036,10677795,
All CA and Non-CA Counties,2021-03-22,271677,16218283,158487,8209649,102235,7686290,10955,322344,179802,5049320,91219,5822780,194305,10872100,
All CA and Non-CA Counties,2021-03-23,358251,16576534,196572,8406221,150741,7837031,10938,333282,230958,5167586,126456,5949236,244722,11116822,
All CA and Non-CA Counties,2021-03-24,388663,16965197,222357,8628578,153846,7990877,12460,345742,229862,5255478,157686,6106922,245578,11362400,
All CA and Non-CA Counties,2021-03-25,417542,17382739,228642,8857220,174089,8164966,14811,360553,242075,5340297,174272,6281194,259091,11621491,
All CA and Non-CA Counties,2021-03-26,433110,17815849,230875,9088095,186317,8351283,15918,376471,240552,5408324,191434,6472628,259461,11880952,
All CA and Non-CA Counties,2021-03-27,311767,18127616,165895,9253990,134479,8485762,11393,387864,161044,5433039,149983,6622611,174698,12055650,
All CA and Non-CA Counties,2021-03-28,169015,18296631,107544,9361534,57748,8543510,3723,391587,92977,5456004,75653,6698264,98618,12154268,
All CA and Non-CA Counties,2021-03-29,311227,18607858,167331,9528865,135025,8678535,8871,400458,177547,5511904,133014,6831278,188914,12343182,
All CA and Non-CA Counties,2021-03-30,400016,19007874,202192,9731057,179668,8858203,18156,418614,243714,5620026,155599,6986877,263721,12606903,
All CA and Non-CA Counties,2021-03-31,425282,19433156,231428,9962485,171957,9030160,21897,440511,244465,5707526,179963,7166840,267463,12874366,
All CA and Non-CA Counties,2021-04-01,487935,19921091,249887,10212372,198667,9228827,39381,479892,271001,5803245,215911,7382751,311630,13185996,
All CA and Non-CA Counties,2021-04-02,471735,20392826,230522,10442894,198527,9427354,42686,522578,258116,5893205,212531,7595282,302491,13488487,
All CA and Non-CA Counties,2021-04-03,328991,20721817,167749,10610643,119920,9547274,41322,563900,165446,5938438,162975,7758257,208208,13696695,
All CA and Non-CA Counties,2021-04-04,133044,20854861,69397,10680040,44654,9591928,18993,582893,59641,5944148,73159,7831416,78869,13775564,
All CA and Non-CA Counties,2021-04-05,352331,21207192,181553,10861593,131265,9723193,39513,622406,175513,5985660,176242,8007658,217754,13993318,
All CA and Non-CA Counties,2021-04-06,459603,21666795,233634,11095227,159759,9882952,66210,688616,224328,6044275,234455,8242113,293070,14286388,
All CA and Non-CA Counties,2021-04-07,473670,22140465,246821,11342048,156278,10039230,70571,759187,232114,6108484,240729,8482842,304938,14591326,
All CA and Non-CA Counties,2021-04-08,500202,22640667,253057,11595105,162107,10201337,85038,844225,236487,6169686,262700,8745542,323902,14915228,
All CA and Non-CA Counties,2021-04-09,490057,23130724,244042,11839147,165677,10367014,80338,924563,226920,6218291,262199,9007741,310804,15226032,
All CA and Non-CA Counties,2021-04-10,366663,23497387,168436,12007583,123701,10490715,74526,999089,154444,6238623,211587,9219328,231919,15457951,
All CA and Non-CA Counties,2021-04-11,187101,23684488,104483,12112066,48274,10538989,34344,1033433,77390,6244473,109402,9328730,115252,15573203,
All CA and Non-CA Counties,2021-04-12,339347,24023835,174872,12286938,126667,10665656,37808,1071241,158323,6263967,180191,9508921,199685,15772888,
All CA and Non-CA Counties,2021-04-13,431607,24455442,241141,12528079,189524,10855180,942,1072183,240662,6319376,190068,9698989,245477,16018365,
All CA and Non-CA Counties,2021-04-14,448481,24903923,252520,12780599,195691,11050871,270,1072453,235875,6350052,211579,9910568,242255,16260620,
All CA and Non-CA Counties,2021-04-15,488026,25391949,284808,13065407,202986,11253857,232,1072685,274905,6417955,211800,10122368,279703,16540323,
All CA and Non-CA Counties,2021-04-16,471062,25863011,265724,13331131,205031,11458888,307,1072992,252713,6456662,217275,10339643,255982,16796305,
All CA and Non-CA Counties,2021-04-17,336766,26199777,189593,13520724,147132,11606020,41,1073033,190780,6506054,145311,10484954,194703,16991008,
All CA and Non-CA Counties,2021-04-18,153405,26353182,96976,13617700,56415,11662435,14,1073047,80016,6516670,73038,10557992,83654,17074662,
All CA and Non-CA Counties,2021-04-19,317799,26670981,183385,13801085,134333,11796768,81,1073128,151190,6505146,165834,10723826,154310,17228972,
All CA and Non-CA Counties,2021-04-20,407175,27078156,216365,14017450,190764,11987532,46,1073174,203222,6510851,203050,10926876,208755,17437727,
All CA and Non-CA Counties,2021-04-21,420903,27499059,237800,14255250,182849,12170381,254,1073428,202736,6502795,216961,11143837,208905,17646632,
All CA and Non-CA Counties,2021-04-22,444432,27943491,252316,14507566,192041,12362422,75,1073503,199575,6465996,243640,11387477,206841,17853473,
All CA and Non-CA Counties,2021-04-23,435666,28379157,248433,14755999,187150,12549572,83,1073586,198376,6438905,236101,11623578,209010,18062483,
All CA and Non-CA Counties,2021-04-24,323287,28702444,205085,14961084,118041,12667613,161,1073747,164945,6453877,157487,11781065,172459,18234942,
All CA and Non-CA Counties,2021-04-25,150106,28852550,98898,15059982,51145,12718758,63,1073810,80606,6467812,69121,11850186,83056,18317998,
All CA and Non-CA Counties,2021-04-26,270473,29123023,157530,15217512,111518,12830276,1425,1075235,117462,6442969,152216,12002402,127373,18445371,
All CA and Non-CA Counties,2021-04-27,340580,29463603,187176,15404688,147798,12978074,5606,1080841,136798,6391373,202808,12205210,151212,18596583,
All CA and Non-CA Counties,2021-04-28,347023,29810626,198136,15602824,140843,13118917,8044,1088885,141152,6343461,204958,12410168,157046,18753629,
All CA and Non-CA Counties,2021-04-29,355143,30165769,204520,15807344,142535,13261452,8088,1096973,128150,6262273,225990,12636158,144802,18898431,
All CA and Non-CA Counties,2021-04-30,366735,30532504,210471,16017815,147306,13408758,8958,1105931,139341,6191624,226376,12862534,155727,19054158,
All CA and Non-CA Counties,2021-05-01,243091,30775595,154873,16172688,82215,13490973,6003,1111934,89224,6138492,153227,13015761,100095,19154253,
All CA and Non-CA Counties,2021-05-02,116096,30891691,80658,16253346,31618,13522591,3820,1115754,41338,6110444,74405,13090166,46357,19200610,
All CA and Non-CA Counties,2021-05-03,237503,31129194,142763,16396109,86136,13608727,8604,1124358,72855,6031353,163946,13254112,84855,19285465,
All CA and Non-CA Counties,2021-05-04,252187,31381381,151611,16547720,94973,13703700,5603,1129961,73157,5938394,178298,13432410,85339,19370804,
All CA and Non-CA Counties,2021-05-05,218415,31599796,137396,16685116,75457,13779157,5562,1135523,60997,5852462,156666,13589076,70734,19441538,
All CA and Non-CA Counties,2021-05-06,188026,31787822,132794,16817910,50218,13829375,5014,1140537,39966,5754620,147404,13736480,49562,19491100,
Outside California,2020-12-15,7,7,7,7,0,0,0,0,7,7,0,0,7,7,Not in California
Outside California,2020-12-16,265,272,265,272,0,0,0,0,265,272,0,0,265,272,Not in California
Outside California,2020-12-17,1600,1872,1600,1872,0,0,0,0,1600,1872,0,0,1600,1872,Not in California
Outside California,2020-12-18,2555,4427,2548,4420,7,7,0,0,2555,4427,0,0,2555,4427,Not in California
Outside California,2020-12-19,1039,5466,1038,5458,1,8,0,0,1039,5466,0,0,1039,5466,Not in California
Outside California,2020-12-20,675,6141,672,6130,3,11,0,0,675,6141,0,0,675,6141,Not in California
Outside California,2020-12-21,2186,8327,2183,8313,3,14,0,0,2186,8327,0,0,2186,8327,Not in California
Outside California,2020-12-22,2061,10388,1987,10300,74,88,0,0,2061,10388,0,0,2061,10388,Not in California
Outside California,2020-12-23,1518,11906,1384,11684,134,222,0,0,1518,11906,0,0,1518,11906,Not in California
Outside California,2020-12-24,803,12709,611,12295,192,414,0,0,803,12709,0,0,803,12709,Not in California
Outside California,2020-12-25,33,12742,29,12324,4,418,0,0,33,12742,0,0,33,12742,Not in California
Outside California,2020-12-26,306,13048,203,12527,103,521,0,0,306,13048,0,0,306,13048,Not in California
Outside California,2020-12-27,189,13237,73,12600,116,637,0,0,189,13237,0,0,189,13237,Not in California
Outside California,2020-12-28,1412,14649,894,13494,518,1155,0,0,1412,14649,0,0,1412,14649,Not in California
Outside California,2020-12-29,1549,16198,1016,14510,533,1688,0,0,1549,16198,0,0,1549,16198,Not in California
Outside California,2020-12-30,1920,18118,1230,15740,690,2378,0,0,1920,18118,0,0,1920,18118,Not in California
Outside California,2020-12-31,1118,19236,599,16339,519,2897,0,0,1117,19234,1,1,1117,19235,Not in California
Outside California,2021-01-01,111,19347,23,16362,88,2985,0,0,111,19345,0,1,111,19346,Not in California
Outside California,2021-01-02,237,19584,131,16493,106,3091,0,0,236,19580,1,2,236,19582,Not in California
Outside California,2021-01-03,170,19754,90,16583,80,3171,0,0,170,19750,0,2,170,19752,Not in California
Outside California,2021-01-04,1145,20899,512,17095,633,3804,0,0,1141,20891,0,2,1141,20893,Not in California
Outside California,2021-01-05,1537,22436,810,17905,727,4531,0,0,1346,22048,189,191,1346,22239,Not in California
Outside California,2021-01-06,2706,25142,1596,19501,1110,5641,0,0,1974,23293,729,920,1974,24213,Not in California
Outside California,2021-01-07,4139,29281,2533,22034,1606,7247,0,0,2485,24128,1652,2572,2487,26700,Not in California
Outside California,2021-01-08,4517,33798,2923,24957,1594,8841,0,0,2639,24902,1868,4440,2642,29342,Not in California
Outside California,2021-01-09,1316,35114,526,25483,790,9631,0,0,991,25571,324,4764,993,30335,Not in California
Outside California,2021-01-10,301,35415,180,25663,121,9752,0,0,182,25634,119,4883,182,30517,Not in California
Outside California,2021-01-11,3303,38718,2009,27672,1294,11046,0,0,1972,26275,1331,6214,1972,32489,Not in California
Outside California,2021-01-12,3877,42595,2311,29983,1566,12612,0,0,2336,27075,1537,7751,2337,34826,Not in California
Outside California,2021-01-13,3687,46282,1804,31787,1883,14495,0,0,2512,28414,1175,8926,2514,37340,Not in California
Outside California,2021-01-14,3737,50019,1273,33060,2464,16959,0,0,3098,30888,626,9552,3100,40440,Not in California
Outside California,2021-01-15,4263,54282,994,34054,3269,20228,0,0,3795,34228,455,10007,3795,44235,Not in California
Outside California,2021-01-16,2693,56975,380,34434,2313,22541,0,0,2525,36587,166,10173,2525,46760,Not in California
Outside California,2021-01-17,494,57469,148,34582,346,22887,0,0,445,36983,49,10222,445,47205,Not in California
Outside California,2021-01-18,1194,58663,766,35348,428,23315,0,0,739,37269,454,10676,740,47945,Not in California
Outside California,2021-01-19,4032,62695,1317,36665,2715,26030,0,0,3140,39520,892,11568,3143,51088,Not in California
Outside California,2021-01-20,4388,67083,1408,38073,2980,29010,0,0,3455,42046,930,12498,3456,54544,Not in California
Outside California,2021-01-21,4121,71204,1115,39188,3006,32016,0,0,3558,45056,548,13046,3558,58102,Not in California
Outside California,2021-01-22,4619,75823,1076,40264,3543,35559,0,0,4225,48892,390,13436,4226,62328,Not in California
Outside California,2021-01-23,2248,78071,330,40594,1918,37477,0,0,2087,50818,161,13597,2087,64415,Not in California
Outside California,2021-01-24,603,78674,245,40839,358,37835,0,0,525,51265,78,13675,525,64940,Not in California
Outside California,2021-01-25,4454,83128,1952,42791,2502,40337,0,0,3591,53997,860,14535,3592,68532,Not in California
Outside California,2021-01-26,5941,89069,2890,45681,3051,43388,0,0,5096,58256,844,15379,5103,73635,Not in California
Outside California,2021-01-27,4819,93888,2674,48355,2145,45533,0,0,4204,61850,611,15990,4205,77840,Not in California
Outside California,2021-01-28,5286,99174,2877,51232,2409,47942,0,0,4761,66097,514,16504,4761,82601,Not in California
Outside California,2021-01-29,4941,104115,3097,54329,1844,49786,0,0,4156,69475,780,17284,4158,86759,Not in California
Outside California,2021-01-30,4508,108623,2464,56793,2044,51830,0,0,4280,73531,225,17509,4281,91040,Not in California
Outside California,2021-01-31,3168,111791,2749,59542,419,52249,0,0,3111,76586,57,17566,3112,94152,Not in California
Outside California,2021-02-01,5469,117260,2558,62100,2911,55160,0,0,4778,80681,683,18249,4778,98930,Not in California
Outside California,2021-02-02,6756,124016,2164,64264,4592,59752,0,0,6037,86006,712,18961,6037,104967,Not in California
Outside California,2021-02-03,7318,131334,2081,66345,5237,64989,0,0,6452,91601,858,19819,6453,111420,Not in California
Outside California,2021-02-04,6789,138123,2169,68514,4620,69609,0,0,5802,96426,978,20797,5803,117223,Not in California
Outside California,2021-02-05,6796,144919,2212,70726,4584,74193,0,0,5734,101102,1058,21855,5734,122957,Not in California
Outside California,2021-02-06,4443,149362,2163,72889,2280,76473,0,0,3982,104635,452,22307,3985,126942,Not in California
Outside California,2021-02-07,2246,151608,1861,74750,385,76858,0,0,2169,106729,77,22384,2171,129113,Not in California
Outside California,2021-02-08,5294,156902,3331,78081,1963,78821,0,0,4238,109921,1046,23430,4238,133351,Not in California
Outside California,2021-02-09,4269,161171,1894,79975,2375,81196,0,0,2962,111601,1296,24726,2976,136327,Not in California
Outside California,2021-02-10,5529,166700,1864,81839,3665,84861,0,0,3091,112304,2430,27156,3133,139460,Not in California
Outside California,2021-02-11,4709,171409,2138,83977,2571,87432,0,0,3413,114447,1287,28443,3430,142890,Not in California
Outside California,2021-02-12,5199,176608,1917,85894,3282,90714,0,0,3390,116039,1802,30245,3394,146284,Not in California
Outside California,2021-02-13,2398,179006,695,86589,1703,92417,0,0,1854,117361,544,30789,1866,148150,Not in California
Outside California,2021-02-14,1325,180331,399,86988,926,93343,0,0,1085,118211,237,31026,1087,149237,Not in California
Outside California,2021-02-15,2503,182834,1508,88496,995,94338,0,0,1197,118119,1293,32319,1201,150438,Not in California
Outside California,2021-02-16,6427,189261,2884,91380,3543,97881,0,0,2611,116930,3805,36124,2616,153054,Not in California
Outside California,2021-02-17,5887,195148,2932,94312,2955,100836,0,0,1827,114706,4055,40179,1831,154885,Not in California
Outside California,2021-02-18,6381,201529,3687,97999,2694,103530,0,0,2037,112417,4327,44506,2038,156923,Not in California
Outside California,2021-02-19,5713,207242,3961,101960,1752,105282,0,0,2403,111516,3305,47811,2404,159327,Not in California
Outside California,2021-02-20,3300,210542,2650,104610,650,105932,0,0,1193,110607,2103,49914,1194,160521,Not in California
Outside California,2021-02-21,1780,212322,1564,106174,216,106148,0,0,618,110067,1158,51072,618,161139,Not in California
Outside California,2021-02-22,3455,215777,2527,108701,928,107076,0,0,1618,109855,1835,52907,1623,162762,Not in California
Outside California,2021-02-23,5834,221611,3230,111931,2604,109680,0,0,2303,108647,3525,56432,2317,165079,Not in California
Outside California,2021-02-24,6318,227929,3473,115404,2845,112525,0,0,2482,107303,3831,60263,2487,167566,Not in California
Outside California,2021-02-25,6885,234814,3481,118885,3404,115929,0,0,3117,106687,3737,64000,3121,170687,Not in California
Outside California,2021-02-26,6796,241610,3604,122489,3192,119121,0,0,3167,106304,3551,67551,3168,173855,Not in California
Outside California,2021-02-27,5281,246891,2548,125037,2732,121853,1,1,1845,104728,3425,70976,1849,175704,Not in California
Outside California,2021-02-28,2417,249308,1760,126797,656,122509,1,2,792,103899,1623,72599,794,176498,Not in California
Outside California,2021-03-01,4714,254022,2922,129719,1791,124300,1,3,1302,101802,3405,76004,1308,177806,Not in California
Outside California,2021-03-02,6177,260199,2003,131722,4174,128474,0,3,1872,99381,4295,80299,1874,179680,Not in California
Outside California,2021-03-03,7739,267938,2953,134675,4784,133258,2,5,2584,96828,5143,85442,2590,182270,Not in California
Outside California,2021-03-04,6713,274651,2831,137506,3878,137136,4,9,2329,94794,4369,89811,2335,184605,Not in California
Outside California,2021-03-05,5020,279671,2436,139942,2570,139706,14,23,2570,94943,2442,92253,2591,187196,Not in California
Outside California,2021-03-06,4570,284241,2109,142051,2306,142012,155,178,2312,95162,2256,94509,2475,189671,Not in California
Outside California,2021-03-07,1540,285781,978,143029,509,142521,53,231,923,95523,616,95125,977,190648,Not in California
Outside California,2021-03-08,2979,288760,1723,144752,1012,143533,244,475,2096,97016,854,95979,2347,192995,Not in California
Outside California,2021-03-09,4266,293026,2010,146762,1935,145468,321,796,2423,97921,1839,97818,2744,195739,Not in California
Outside California,2021-03-10,4171,297197,1908,148670,1759,147227,504,1300,2518,99304,1646,99464,3029,198768,Not in California
Outside California,2021-03-11,6028,303225,3025,151695,2327,149554,676,1976,3213,100385,2809,102273,3890,202658,Not in California
Outside California,2021-03-12,6104,309329,3561,155256,1818,151372,725,2701,3269,101552,2828,105101,3995,206653,Not in California
Outside California,2021-03-13,3709,313038,2137,157393,1111,152483,461,3162,2579,103472,1123,106224,3043,209696,Not in California
Outside California,2021-03-14,1746,314784,890,158283,532,153015,324,3486,1040,104131,706,106930,1365,211061,Not in California
Outside California,2021-03-15,3912,318696,2018,160301,1454,154469,440,3926,2069,104808,1837,108767,2514,213575,Not in California
Outside California,2021-03-16,7194,325890,4102,164403,2725,157194,367,4293,3918,105817,3274,112041,4283,217858,Not in California
Outside California,2021-03-17,7991,333881,5034,169437,2592,159786,365,4658,4669,107533,3319,115360,5035,222893,Not in California
Outside California,2021-03-18,7917,341798,4777,174214,2618,162404,522,5180,4509,109164,3400,118760,5031,227924,Not in California
Outside California,2021-03-19,7248,349046,4288,178502,2422,164826,538,5718,4371,111202,2874,121634,4912,232836,Not in California
Outside California,2021-03-20,4674,353720,3060,181562,1528,166354,86,5804,3600,113821,1067,122701,3686,236522,Not in California
Outside California,2021-03-21,1995,355715,1345,182907,563,166917,87,5891,1600,115116,393,123094,1688,238210,Not in California
Outside California,2021-03-22,3206,358921,1929,184836,1190,168107,87,5978,2219,116441,981,124075,2306,240516,Not in California
Outside California,2021-03-23,5968,364889,3044,187880,2653,170760,271,6249,4192,119142,1763,125838,4464,244980,Not in California
Outside California,2021-03-24,7169,372058,3666,191546,3080,173840,423,6672,5011,122422,2152,127990,5432,250412,Not in California
Outside California,2021-03-25,8005,380063,3649,195195,3870,177710,486,7158,5981,126876,2013,130003,6467,256879,Not in California
Outside California,2021-03-26,6528,386591,3415,198610,2942,180652,171,7329,4448,129439,2055,132058,4618,261497,Not in California
Outside California,2021-03-27,5252,391843,3006,201616,2147,182799,99,7428,3386,131065,1857,133915,3483,264980,Not in California
Outside California,2021-03-28,3008,394851,1589,203205,1262,184061,157,7585,2016,132251,987,134902,2173,267153,Not in California
Outside California,2021-03-29,5000,399851,2198,205403,2472,186533,330,7915,2987,133558,2011,136913,3318,270471,Not in California
Outside California,2021-03-30,6570,406421,3377,208780,2651,189184,542,8457,4100,135748,2460,139373,4650,275121,Not in California
Outside California,2021-03-31,6069,412490,3598,212378,1714,190898,757,9214,3463,137364,2601,141974,4217,279338,Not in California
Outside California,2021-04-01,7130,419620,4199,216577,2314,193212,617,9831,4229,139310,2895,144869,4841,284179,Not in California
Outside California,2021-04-02,8068,427688,4170,220747,2779,195991,1119,10950,4329,141025,3733,148602,5448,289627,Not in California
Outside California,2021-04-03,6035,433723,3590,224337,1302,197293,1143,12093,3169,142476,2861,151463,4312,293939,Not in California
Outside California,2021-04-04,1756,435479,861,225198,661,197954,234,12327,982,142917,774,152237,1215,295154,Not in California
Outside California,2021-04-05,3929,439408,1906,227104,1375,199329,648,12975,1909,143459,2016,154253,2558,297712,Not in California
Outside California,2021-04-06,6687,446095,3554,230658,1580,200909,1553,14528,2723,143781,3951,158204,4273,301985,Not in California
Outside California,2021-04-07,7680,453775,4286,234944,1739,202648,1655,16183,3107,143967,4565,162769,4751,306736,Not in California
Outside California,2021-04-08,7777,461552,4021,238965,1858,204506,1898,18081,3166,144421,4603,167372,5057,311793,Not in California
Outside California,2021-04-09,7233,468785,3646,242611,1678,206184,1909,19990,2892,144888,4336,171708,4803,316596,Not in California
Outside California,2021-04-10,6019,474804,3042,245653,1133,207317,1844,21834,1703,144120,4312,176020,3544,320140,Not in California
Outside California,2021-04-11,2806,477610,1510,247163,667,207984,629,22463,1020,143986,1784,177804,1650,321790,Not in California
Outside California,2021-04-12,3812,481422,2075,249238,1212,209196,525,22988,1711,144126,2096,179900,2236,324026,Not in California
Outside California,2021-04-13,5458,486880,3466,252704,1968,211164,24,23012,2737,144172,2715,182615,2761,326787,Not in California
Outside California,2021-04-14,5063,491943,3191,255895,1869,213033,3,23015,2750,144617,2308,184923,2753,329540,Not in California
Outside California,2021-04-15,5870,497813,3567,259462,2297,215330,6,23021,3204,145211,2617,187540,3211,332751,Not in California
Outside California,2021-04-16,5832,503645,3371,262833,2454,217784,7,23028,3366,146126,2459,189999,3374,336125,Not in California
Outside California,2021-04-17,5141,508786,3041,265874,2099,219883,1,23029,2940,146872,2194,192193,2940,339065,Not in California
Outside California,2021-04-18,2067,510853,1149,267023,917,220800,1,23030,992,146796,1070,193263,994,340059,Not in California
Outside California,2021-04-19,4111,514964,1960,268983,2150,222950,1,23031,2164,147026,1937,195200,2167,342226,Not in California
Outside California,2021-04-20,5402,520366,2529,271512,2873,225823,0,23031,2379,146388,3017,198217,2379,344605,Not in California
Outside California,2021-04-21,6487,526853,2838,274350,3647,229470,2,23033,2499,144915,3975,202192,2502,347107,Not in California
Outside California,2021-04-22,7028,533881,3789,278139,3236,232706,3,23036,2892,143682,4129,206321,2896,350003,Not in California
Outside California,2021-04-23,5997,539878,3128,281267,2868,235574,1,23037,2680,143059,3306,209627,2683,352686,Not in California
Outside California,2021-04-24,4881,544759,3412,284679,1465,237039,4,23041,2233,142656,2643,212270,2240,354926,Not in California
Outside California,2021-04-25,2160,546919,1290,285969,868,237907,2,23043,1133,142769,1024,213294,1137,356063,Not in California
Outside California,2021-04-26,3494,550413,1512,287481,1960,239867,22,23065,1603,142508,1886,215180,1625,357688,Not in California
Outside California,2021-04-27,5045,555458,1708,289189,3048,242915,289,23354,1915,141593,3124,218304,2209,359897,Not in California
Outside California,2021-04-28,4820,560278,2053,291242,2376,245291,391,23745,1994,141163,2817,221121,2387,362284,Not in California
Outside California,2021-04-29,4777,565055,2163,293405,2185,247476,429,24174,1900,140633,2860,223981,2330,364614,Not in California
Outside California,2021-04-30,4850,569905,2351,295756,2085,249561,414,24588,1917,140042,2923,226904,2332,366946,Not in California
Outside California,2021-05-01,3084,572989,1786,297542,879,250440,419,25007,1267,139917,1810,228714,1685,368631,Not in California
Outside California,2021-05-02,1854,574843,1075,298617,657,251097,122,25129,858,139903,994,229708,980,369611,Not in California
Outside California,2021-05-03,2646,577489,1431,300048,944,252041,271,25400,1114,139759,1528,231236,1384,370995,Not in California
Outside California,2021-05-04,2706,580195,1436,301484,979,253020,291,25691,1117,139583,1584,232820,1408,372403,Not in California
Outside California,2021-05-05,2818,583013,1666,303150,952,253972,200,25891,1125,139224,1685,234505,1326,373729,Not in California
Outside California,2021-05-06,2583,585596,1673,304823,720,254692,190,26081,984,138804,1595,236100,1175,374904,Not in California
Unknown,2020-12-17,2,2,2,2,0,0,0,0,0,0,0,0,0,0,Not in California
Unknown,2020-12-18,9,11,9,11,0,0,0,0,8,8,0,0,8,8,Not in California
Unknown,2020-12-19,81,92,81,92,0,0,0,0,81,89,0,0,81,89,Not in California
Unknown,2020-12-20,24,116,24,116,0,0,0,0,24,113,0,0,24,113,Not in California
Unknown,2020-12-21,5,121,5,121,0,0,0,0,0,113,0,0,0,113,Not in California
Unknown,2020-12-22,4,125,4,125,0,0,0,0,4,117,0,0,4,117,Not in California
Unknown,2020-12-26,1,126,1,126,0,0,0,0,1,118,0,0,1,118,Not in California
Unknown,2020-12-28,4,130,4,130,0,0,0,0,3,121,0,0,3,121,Not in California
Unknown,2020-12-29,3,133,3,133,0,0,0,0,3,124,0,0,3,124,Not in California
Unknown,2020-12-30,59,192,56,189,3,3,0,0,57,181,0,0,57,181,Not in California
Unknown,2020-12-31,2,194,0,189,2,5,0,0,1,182,0,0,1,182,Not in California
Unknown,2021-01-02,1,195,0,189,1,6,0,0,1,183,0,0,1,183,Not in California
Unknown,2021-01-04,3,198,3,192,0,6,0,0,2,185,0,0,2,185,Not in California
Unknown,2021-01-05,1,199,0,192,1,7,0,0,2,187,0,0,2,187,Not in California
Unknown,2021-01-06,30,229,28,220,2,9,0,0,6,170,23,23,6,193,Not in California
Unknown,2021-01-07,110,339,107,327,3,12,0,0,72,204,38,61,72,265,Not in California
Unknown,2021-01-08,26,365,21,348,5,17,0,0,5,188,21,82,5,270,Not in California
Unknown,2021-01-09,3,368,2,350,1,18,0,0,4,192,0,82,4,274,Not in California
Unknown,2021-01-11,23,391,23,373,0,18,0,0,18,206,4,86,18,292,Not in California
Unknown,2021-01-12,10,401,8,381,2,20,0,0,8,214,1,87,9,301,Not in California
Unknown,2021-01-13,11,412,11,392,0,20,0,0,12,226,0,87,12,313,Not in California
Unknown,2021-01-14,4,416,3,395,1,21,0,0,4,230,0,87,4,317,Not in California
Unknown,2021-01-15,5,421,4,399,1,22,0,0,5,235,0,87,5,322,Not in California
Unknown,2021-01-16,7,428,7,406,0,22,0,0,6,240,1,88,6,328,Not in California
Unknown,2021-01-17,3,431,3,409,0,22,0,0,3,243,0,88,3,331,Not in California
Unknown,2021-01-18,54,485,54,463,0,22,0,0,52,293,2,90,52,383,Not in California
Unknown,2021-01-19,23,508,22,485,1,23,0,0,21,313,1,91,21,404,Not in California
Unknown,2021-01-20,79,587,79,564,0,23,0,0,28,289,52,143,28,432,Not in California
Unknown,2021-01-21,60,647,58,622,2,25,0,0,61,349,1,144,61,493,Not in California
Unknown,2021-01-22,36,683,31,653,5,30,0,0,36,385,0,144,36,529,Not in California
Unknown,2021-01-23,11,694,5,658,6,36,0,0,11,396,0,144,11,540,Not in California
Unknown,2021-01-24,2,696,2,660,0,36,0,0,3,399,0,144,3,543,Not in California
Unknown,2021-01-25,21,717,18,678,3,39,0,0,17,413,3,147,17,560,Not in California
Unknown,2021-01-26,98,815,94,772,4,43,0,0,101,514,0,147,101,661,Not in California
Unknown,2021-01-27,17,832,17,789,0,43,0,0,16,529,1,148,16,677,Not in California
Unknown,2021-01-28,155,987,152,941,3,46,0,0,98,567,60,208,98,775,Not in California
Unknown,2021-01-29,147,1134,146,1087,1,47,0,0,151,717,1,209,151,926,Not in California
Unknown,2021-01-30,10,1144,8,1095,2,49,0,0,13,729,1,210,13,939,Not in California
Unknown,2021-01-31,16,1160,16,1111,0,49,0,0,16,744,1,211,16,955,Not in California
Unknown,2021-02-01,36,1196,34,1145,2,51,0,0,21,748,17,228,21,976,Not in California
Unknown,2021-02-02,70,1266,68,1213,2,53,0,0,63,805,6,234,63,1039,Not in California
Unknown,2021-02-03,50,1316,46,1259,4,57,0,0,38,832,11,245,38,1077,Not in California
Unknown,2021-02-04,61,1377,56,1315,5,62,0,0,56,883,5,250,56,1133,Not in California
Unknown,2021-02-05,22,1399,15,1330,7,69,0,0,18,894,7,257,18,1151,Not in California
Unknown,2021-02-06,19,1418,14,1344,5,74,0,0,15,902,7,264,15,1166,Not in California
Unknown,2021-02-07,8,1426,8,1352,0,74,0,0,6,906,2,266,6,1172,Not in California
Unknown,2021-02-08,53,1479,50,1402,3,77,0,0,14,881,39,305,14,1186,Not in California
Unknown,2021-02-09,19,1498,18,1420,1,78,0,0,4,870,15,320,4,1190,Not in California
Unknown,2021-02-10,35,1533,30,1450,5,83,0,0,9,853,26,346,9,1199,Not in California
Unknown,2021-02-11,93,1626,92,1542,1,84,0,0,43,845,51,397,43,1242,Not in California
Unknown,2021-02-12,42,1668,34,1576,8,92,0,0,17,833,29,426,17,1259,Not in California
Unknown,2021-02-13,15,1683,3,1579,12,104,0,0,17,849,1,427,17,1276,Not in California
Unknown,2021-02-14,7,1690,1,1580,6,110,0,0,5,853,1,428,5,1281,Not in California
Unknown,2021-02-15,43,1733,37,1617,6,116,0,0,28,868,13,441,28,1309,Not in California
Unknown,2021-02-16,104,1837,95,1712,9,125,0,0,31,826,73,514,31,1340,Not in California
Unknown,2021-02-17,10,1847,8,1720,2,127,0,0,4,825,5,519,4,1344,Not in California
Unknown,2021-02-18,105,1952,100,1820,5,132,0,0,19,758,86,605,19,1363,Not in California
Unknown,2021-02-19,196,2148,190,2010,6,138,0,0,58,679,137,742,58,1421,Not in California
Unknown,2021-02-20,12,2160,5,2015,7,145,0,0,5,679,5,747,5,1426,Not in California
Unknown,2021-02-21,18,2178,18,2033,0,145,0,0,4,669,14,761,4,1430,Not in California
Unknown,2021-02-22,9,2187,9,2042,0,145,0,0,6,672,3,764,6,1436,Not in California
Unknown,2021-02-23,63,2250,51,2093,12,157,0,0,15,640,47,811,15,1451,Not in California
Unknown,2021-02-24,43,2293,35,2128,8,165,0,0,14,625,29,840,14,1465,Not in California
Unknown,2021-02-25,76,2369,60,2188,16,181,0,0,27,603,49,889,27,1492,Not in California
Unknown,2021-02-26,40,2409,25,2213,15,196,0,0,24,612,15,904,24,1516,Not in California
Unknown,2021-02-27,28,2437,15,2228,13,209,0,0,20,624,8,912,20,1536,Not in California
Unknown,2021-02-28,17,2454,13,2241,4,213,0,0,10,629,5,917,10,1546,Not in California
Unknown,2021-03-01,45,2499,27,2268,18,231,0,0,24,633,20,937,24,1570,Not in California
Unknown,2021-03-02,19,2518,7,2275,12,243,0,0,12,640,5,942,12,1582,Not in California
Unknown,2021-03-03,13,2531,7,2282,6,249,0,0,9,646,3,945,9,1591,Not in California
Unknown,2021-03-04,53,2584,49,2331,4,253,0,0,22,637,31,976,22,1613,Not in California
Unknown,2021-03-05,33,2617,15,2346,18,271,0,0,35,666,6,982,35,1648,Not in California
Unknown,2021-03-06,32,2649,11,2357,19,290,2,2,23,682,9,991,25,1673,Not in California
Unknown,2021-03-07,10,2659,1,2358,9,299,0,2,6,685,3,994,6,1679,Not in California
Unknown,2021-03-08,32,2691,23,2381,7,306,2,4,8,670,25,1019,10,1689,Not in California
Unknown,2021-03-09,39,2730,32,2413,3,309,4,8,10,654,30,1049,14,1703,Not in California
Unknown,2021-03-10,9,2739,6,2419,1,310,2,10,5,656,5,1054,7,1710,Not in California
Unknown,2021-03-11,37,2776,13,2432,10,320,14,24,14,663,21,1075,28,1738,Not in California
Unknown,2021-03-12,82,2858,56,2488,21,341,5,29,15,619,64,1139,20,1758,Not in California
Unknown,2021-03-13,24,2882,4,2492,16,357,4,33,8,615,16,1155,12,1770,Not in California
Unknown,2021-03-14,17,2899,9,2501,6,363,2,35,6,612,11,1166,8,1778,Not in California
Unknown,2021-03-15,30,2929,11,2512,17,380,2,37,20,621,13,1179,22,1800,Not in California
Unknown,2021-03-16,64,2993,22,2534,38,418,4,41,44,650,19,1198,48,1848,Not in California
Unknown,2021-03-17,47,3040,14,2548,32,450,1,42,40,687,4,1202,41,1889,Not in California
Unknown,2021-03-18,40,3080,20,2568,20,470,0,42,28,703,12,1214,28,1917,Not in California
Unknown,2021-03-19,29,3109,19,2587,10,480,0,42,24,719,8,1222,24,1941,Not in California
Unknown,2021-03-20,34,3143,15,2602,19,499,0,42,20,726,13,1235,20,1961,Not in California
Unknown,2021-03-21,23,3166,17,2619,6,505,0,42,19,742,3,1238,19,1980,Not in California
Unknown,2021-03-22,36,3202,19,2638,16,521,1,43,18,749,12,1250,19,1999,Not in California
Unknown,2021-03-23,23,3225,9,2647,9,530,5,48,11,754,11,1261,16,2015,Not in California
Unknown,2021-03-24,26,3251,9,2656,17,547,0,48,21,770,5,1266,21,2036,Not in California
Unknown,2021-03-25,48,3299,34,2690,14,561,0,48,33,789,14,1280,33,2069,Not in California
Unknown,2021-03-26,37,3336,20,2710,12,573,5,53,20,798,16,1296,25,2094,Not in California
Unknown,2021-03-27,39,3375,13,2723,26,599,0,53,24,802,20,1316,24,2118,Not in California
Unknown,2021-03-28,16,3391,9,2732,7,606,0,53,11,809,4,1320,11,2129,Not in California
Unknown,2021-03-29,38,3429,17,2749,20,626,1,54,24,822,12,1332,25,2154,Not in California
Unknown,2021-03-30,42,3471,25,2774,17,643,0,54,26,833,15,1347,26,2180,Not in California
Unknown,2021-03-31,36,3507,22,2796,14,657,0,54,24,845,12,1359,24,2204,Not in California
Unknown,2021-04-01,28,3535,14,2810,14,671,0,54,23,862,6,1365,23,2227,Not in California
Unknown,2021-04-02,62,3597,16,2826,37,708,9,63,28,865,34,1399,37,2264,Not in California
Unknown,2021-04-03,19,3616,9,2835,10,718,0,63,10,865,10,1409,10,2274,Not in California
Unknown,2021-04-04,16,3632,4,2839,12,730,0,63,10,870,5,1414,10,2284,Not in California
Unknown,2021-04-05,34,3666,20,2859,13,743,1,64,20,876,15,1429,21,2305,Not in California
Unknown,2021-04-06,36,3702,18,2877,17,760,1,65,18,876,19,1448,19,2324,Not in California
Unknown,2021-04-07,38,3740,25,2902,13,773,0,65,34,902,8,1456,34,2358,Not in California
Unknown,2021-04-08,37,3777,22,2924,11,784,4,69,17,901,22,1478,21,2379,Not in California
Unknown,2021-04-09,41,3818,25,2949,16,800,0,69,27,914,14,1492,27,2406,Not in California
Unknown,2021-04-10,10,3828,9,2958,1,801,0,69,9,916,7,1499,9,2415,Not in California
Unknown,2021-04-11,14,3842,10,2968,4,805,0,69,5,912,9,1508,5,2420,Not in California
Unknown,2021-04-12,40,3882,23,2991,16,821,1,70,20,910,23,1531,21,2441,Not in California
Unknown,2021-04-13,69,3951,26,3017,43,864,0,70,28,897,41,1572,28,2469,Not in California
Unknown,2021-04-14,34,3985,10,3027,24,888,0,70,7,878,26,1598,7,2476,Not in California
Unknown,2021-04-15,44,4029,18,3045,25,913,1,71,14,864,29,1627,15,2491,Not in California
Unknown,2021-04-16,53,4082,39,3084,14,927,0,71,31,874,21,1648,31,2522,Not in California
Unknown,2021-04-17,27,4109,15,3099,12,939,0,71,8,865,18,1666,9,2531,Not in California
Unknown,2021-04-18,19,4128,7,3106,12,951,0,71,7,860,12,1678,7,2538,Not in California
Unknown,2021-04-19,36,4164,22,3128,14,965,0,71,17,859,18,1696,17,2555,Not in California
Unknown,2021-04-20,25,4189,14,3142,11,976,0,71,5,844,20,1716,5,2560,Not in California
Unknown,2021-04-21,38,4227,16,3158,22,998,0,71,12,830,26,1742,12,2572,Not in California
Unknown,2021-04-22,23,4250,14,3172,9,1007,0,71,5,817,18,1760,5,2577,Not in California
Unknown,2021-04-23,34,4284,15,3187,19,1026,0,71,20,824,13,1773,20,2597,Not in California
Unknown,2021-04-24,38,4322,23,3210,15,1041,0,71,28,842,10,1783,28,2625,Not in California
Unknown,2021-04-25,23,4345,9,3219,14,1055,0,71,12,843,11,1794,12,2637,Not in California
Unknown,2021-04-26,19,4364,12,3231,7,1062,0,71,6,836,13,1807,6,2643,Not in California
Unknown,2021-04-27,24,4388,9,3240,15,1077,0,71,7,826,17,1824,7,2650,Not in California
Unknown,2021-04-28,42,4430,34,3274,7,1084,1,72,19,823,23,1847,20,2670,Not in California
Unknown,2021-04-29,36,4466,21,3295,15,1099,0,72,14,815,22,1869,14,2684,Not in California
Unknown,2021-04-30,29,4495,14,3309,12,1111,3,75,16,821,13,1882,19,2703,Not in California
Unknown,2021-05-01,34,4529,26,3335,7,1118,1,76,20,828,14,1896,21,2724,Not in California
Unknown,2021-05-02,14,4543,7,3342,6,1124,1,77,6,827,8,1904,7,2731,Not in California
Unknown,2021-05-03,199,4742,136,3478,41,1165,22,99,148,946,51,1955,170,2901,Not in California
Unknown,2021-05-04,3,4745,1,3479,0,1165,2,101,0,945,3,1958,2,2903,Not in California
Unknown,2021-05-05,4,4749,3,3482,1,1166,0,101,4,949,0,1958,4,2907,Not in California
Unknown,2021-05-06,2,4751,0,3482,1,1167,1,102,0,948,2,1960,1,2908,Not in California
Alameda,2020-12-15,36,36,36,36,0,0,0,0,36,36,0,0,36,36,California
Alameda,2020-12-16,206,242,206,242,0,0,0,0,206,242,0,0,206,242,California
Alameda,2020-12-17,396,638,396,638,0,0,0,0,396,638,0,0,396,638,California
Alameda,2020-12-18,1773,2411,1773,2411,0,0,0,0,1773,2411,0,0,1773,2411,California
Alameda,2020-12-19,1352,3763,1352,3763,0,0,0,0,1352,3763,0,0,1352,3763,California
Alameda,2020-12-20,1162,4925,1161,4924,1,1,0,0,1161,4923,1,1,1161,4924,California
Alameda,2020-12-21,1860,6785,1858,6782,2,3,0,0,1859,6782,0,1,1859,6783,California
Alameda,2020-12-22,2100,8885,2047,8829,53,56,0,0,2100,8882,0,1,2100,8883,California
Alameda,2020-12-23,1943,10828,1685,10514,258,314,0,0,1944,10826,0,1,1944,10827,California
Alameda,2020-12-24,1219,12047,759,11273,460,774,0,0,1219,12045,0,1,1219,12046,California
Alameda,2020-12-25,165,12212,128,11401,37,811,0,0,165,12210,0,1,165,12211,California
Alameda,2020-12-26,870,13082,326,11727,544,1355,0,0,870,13080,0,1,870,13081,California
Alameda,2020-12-27,498,13580,256,11983,242,1597,0,0,498,13578,0,1,498,13579,California
Alameda,2020-12-28,1885,15465,959,12942,926,2523,0,0,1885,15463,0,1,1885,15464,California
Alameda,2020-12-29,2431,17896,1025,13967,1406,3929,0,0,2430,17893,0,1,2430,17894,California
Alameda,2020-12-30,3130,21026,1365,15332,1765,5694,0,0,3132,21025,0,1,3132,21026,California
Alameda,2020-12-31,1796,22822,443,15775,1353,7047,0,0,1794,22818,1,2,1794,22820,California
Alameda,2021-01-01,171,22993,70,15845,101,7148,0,0,170,22987,1,3,170,22990,California
Alameda,2021-01-02,724,23717,523,16368,201,7349,0,0,723,23710,0,3,723,23713,California
Alameda,2021-01-03,343,24060,222,16590,121,7470,0,0,340,24047,3,6,340,24053,California
Alameda,2021-01-04,1648,25708,943,17533,705,8175,0,0,1636,25672,11,17,1636,25689,California
Alameda,2021-01-05,2204,27912,1265,18798,939,9114,0,0,1968,27407,233,250,1968,27657,California
Alameda,2021-01-06,3247,31159,1780,20578,1467,10581,0,0,2427,29019,817,1067,2429,30086,California
Alameda,2021-01-07,3774,34933,2111,22689,1663,12244,0,0,2686,30630,1079,2146,2690,32776,California
Alameda,2021-01-08,4736,39669,2703,25392,2033,14277,0,0,3108,32118,1624,3770,3112,35888,California
Alameda,2021-01-09,2033,41702,1388,26780,645,14922,0,0,1172,32429,861,4631,1172,37060,California
Alameda,2021-01-10,1068,42770,846,27626,222,15144,0,0,428,32216,641,5272,428,37488,California
Alameda,2021-01-11,4647,47417,3513,31139,1134,16278,0,0,2855,33287,1791,7063,2862,40350,California
Alameda,2021-01-12,4829,52246,3249,34388,1580,17858,0,0,3437,35336,1391,8454,3440,43790,California
Alameda,2021-01-13,5044,57290,2664,37052,2380,20238,0,0,3855,38007,1185,9639,3856,47646,California
Alameda,2021-01-14,5638,62928,2772,39824,2866,23104,0,0,4751,41883,878,10517,4754,52400,California
Alameda,2021-01-15,5840,68768,2314,42138,3526,26630,0,0,5072,46198,761,11278,5076,57476,California
Alameda,2021-01-16,3007,71775,1409,43547,1598,28228,0,0,2738,48668,269,11547,2739,60215,California
Alameda,2021-01-17,1869,73644,1083,44630,786,29014,0,0,1662,50125,206,11753,1663,61878,California
Alameda,2021-01-18,3198,76842,2053,46683,1145,30159,0,0,2604,52144,590,12343,2609,64487,California
Alameda,2021-01-19,5525,82367,3330,50013,2195,32354,0,0,4333,55289,1190,13533,4335,68822,California
Alameda,2021-01-20,6775,89142,4109,54122,2666,35020,0,0,5478,59487,1284,14817,5482,74304,California
Alameda,2021-01-21,7774,96916,3404,57526,4370,39390,0,0,6937,65598,831,15648,6942,81246,California
Alameda,2021-01-22,6848,103764,2038,59564,4810,44200,0,0,5709,70177,1132,16780,5711,86957,California
Alameda,2021-01-23,3288,107052,946,60510,2342,46542,0,0,2734,72359,554,17334,2736,89693,California
Alameda,2021-01-24,2051,109103,655,61165,1396,47938,0,0,1775,73862,272,17606,1775,91468,California
Alameda,2021-01-25,5219,114322,1984,63149,3235,51173,0,0,3633,75918,1578,19184,3634,95102,California
Alameda,2021-01-26,7247,121569,2287,65436,4960,56133,0,0,5387,79453,1853,21037,5388,100490,California
Alameda,2021-01-27,6669,128238,2076,67512,4593,60726,0,0,4820,82438,1835,22872,4820,105310,California
Alameda,2021-01-28,7894,136132,2548,70060,5346,66072,0,0,5653,85867,2225,25097,5654,110964,California
Alameda,2021-01-29,7926,144058,3183,73243,4743,70815,0,0,6104,90160,1812,26909,6105,117069,California
Alameda,2021-01-30,3422,147480,1674,74917,1748,72563,0,0,2716,92176,700,27609,2716,119785,California
Alameda,2021-01-31,1906,149386,965,75882,941,73504,0,0,1662,93597,241,27850,1662,121447,California
Alameda,2021-02-01,5969,155355,3365,79247,2604,76108,0,0,4327,96289,1636,29486,4328,125775,California
Alameda,2021-02-02,7470,162825,4254,83501,3216,79324,0,0,4675,98179,2785,32271,4675,130450,California
Alameda,2021-02-03,7082,169907,3728,87229,3354,82678,0,0,4405,99917,2672,34943,4410,134860,California
Alameda,2021-02-04,9517,179424,4128,91357,5389,88067,0,0,6428,103280,3070,38013,6433,141293,California
Alameda,2021-02-05,10339,189763,5396,96753,4943,93010,0,0,6466,105885,3867,41880,6472,147765,California
Alameda,2021-02-06,6996,196759,4436,101189,2560,95570,0,0,5874,110637,1122,43002,5874,153639,California
Alameda,2021-02-07,3583,200342,2893,104082,690,96260,0,0,2640,112338,940,43942,2641,156280,California
Alameda,2021-02-08,8096,208438,5785,109867,2311,98571,0,0,5540,115335,2545,46487,5542,161822,California
Alameda,2021-02-09,9714,218152,5861,115728,3853,102424,0,0,6066,117761,3642,50129,6068,167890,California
Alameda,2021-02-10,11464,229616,6779,122507,4685,107109,0,0,6569,119461,4877,55006,6577,174467,California
Alameda,2021-02-11,13939,243555,7989,130496,5950,113059,0,0,8376,122295,5545,60551,8379,182846,California
Alameda,2021-02-12,12538,256093,5696,136192,6842,119901,0,0,7757,125288,4767,65318,7760,190606,California
Alameda,2021-02-13,7816,263909,4069,140261,3747,123648,0,0,5851,129181,1960,67278,5853,196459,California
Alameda,2021-02-14,4032,267941,2537,142798,1495,125143,0,0,2871,130897,1158,68436,2874,199333,California
Alameda,2021-02-15,5714,273655,3225,146023,2489,127632,0,0,3701,132592,2009,70445,3704,203037,California
Alameda,2021-02-16,12534,286189,6955,152978,5579,133211,0,0,9319,138711,3205,73650,9324,212361,California
Alameda,2021-02-17,14109,300298,8355,161333,5754,138965,0,0,10484,145590,3607,77257,10486,222847,California
Alameda,2021-02-18,15868,316166,10068,171401,5800,144765,0,0,11518,152771,4343,81600,11524,234371,California
Alameda,2021-02-19,17657,333823,11451,182852,6206,150971,0,0,11700,158540,5935,87535,11704,246075,California
Alameda,2021-02-20,11863,345686,9612,192464,2251,153222,0,0,9142,164971,2717,90252,9148,255223,California
Alameda,2021-02-21,6224,351910,5292,197756,932,154154,0,0,3761,166280,2452,92704,3761,258984,California
Alameda,2021-02-22,10708,362618,7927,205683,2781,156935,0,0,6747,169090,3947,96651,6757,265741,California
Alameda,2021-02-23,12728,375346,7727,213410,5001,161936,0,0,7918,172214,4801,101452,7925,273666,California
Alameda,2021-02-24,14667,390013,8215,221625,6452,168388,0,0,9512,176638,5094,106546,9518,283184,California
Alameda,2021-02-25,15632,405645,9128,230753,6504,174892,0,0,9957,180958,5643,112189,9963,293147,California
Alameda,2021-02-26,18106,423751,10641,241394,7465,182357,0,0,11707,186311,6358,118547,11711,304858,California
Alameda,2021-02-27,14723,438474,10826,252220,3895,186252,2,2,9119,189852,5582,124129,9123,313981,California
Alameda,2021-02-28,9152,447626,7712,259932,1440,187692,0,2,6076,192874,3055,127184,6077,320058,California
Alameda,2021-03-01,13247,460873,9197,269129,4045,191737,5,7,8218,196119,4984,132168,8229,328287,California
Alameda,2021-03-02,13837,474710,9618,278747,4219,195956,0,7,8890,200088,4928,137096,8897,337184,California
Alameda,2021-03-03,15414,490124,10009,288756,5404,201360,1,8,10499,205705,4887,141983,10504,347688,California
Alameda,2021-03-04,17315,507439,11072,299828,6241,207601,2,10,10880,210187,6400,148383,10882,358570,California
Alameda,2021-03-05,15861,523300,10239,310067,5613,213214,9,19,10636,215653,5185,153568,10651,369221,California
Alameda,2021-03-06,14257,537557,9978,320045,4017,217231,262,281,9360,220423,4854,158422,9624,378845,California
Alameda,2021-03-07,9302,546859,8083,328128,1138,218369,81,362,6578,224386,2698,161120,6661,385506,California
Alameda,2021-03-08,11660,558519,7171,335299,4110,222479,379,741,8666,230487,2944,164064,9045,394551,California
Alameda,2021-03-09,11399,569918,7039,342338,3932,226411,428,1169,6293,232137,5073,169137,6723,401274,California
Alameda,2021-03-10,16676,586594,11328,353666,4790,231201,558,1727,7554,231148,9097,178234,8108,409382,California
Alameda,2021-03-11,19775,606369,11563,365229,6506,237707,1706,3433,6768,226641,12978,191212,8471,417853,California
Alameda,2021-03-12,21151,627520,12315,377544,7183,244890,1653,5086,7466,222091,13662,204874,9112,426965,California
Alameda,2021-03-13,15844,643364,10103,387647,4755,249645,986,6072,5111,217488,10698,215572,6095,433060,California
Alameda,2021-03-14,10704,654068,7820,395467,2099,251744,785,6857,4653,216884,6034,221606,5430,438490,California
Alameda,2021-03-15,14311,668379,9326,404793,4468,256212,517,7374,6369,215852,7914,229520,6882,445372,California
Alameda,2021-03-16,17175,685554,11115,415908,5527,261739,533,7907,7573,214408,9551,239071,8107,453479,California
Alameda,2021-03-17,17374,702928,9783,425691,6897,268636,694,8601,8179,214119,9161,248232,8872,462351,California
Alameda,2021-03-18,19063,721991,10333,436024,7854,276490,876,9477,8776,213516,10259,258491,9656,472007,California
Alameda,2021-03-19,19120,741111,10352,446376,6983,283473,1785,11262,7652,211527,11420,269911,9431,481438,California
Alameda,2021-03-20,15629,756740,10199,456575,4608,288081,822,12084,6541,209828,9059,278970,7360,488798,California
Alameda,2021-03-21,9059,765799,7101,463676,1425,289506,533,12617,3776,208864,5274,284244,4310,493108,California
Alameda,2021-03-22,14888,780687,10006,473682,3905,293411,977,13594,7178,209329,7687,291931,8152,501260,California
Alameda,2021-03-23,19115,799802,11514,485196,6810,300221,791,14385,10735,212522,8338,300269,11531,512791,California
Alameda,2021-03-24,18985,818787,11424,496620,6570,306791,991,15376,8583,211745,10342,310611,9565,522356,California
Alameda,2021-03-25,20355,839142,11241,507861,7734,314525,1380,16756,9561,211947,10727,321338,10929,533285,California
Alameda,2021-03-26,20679,859821,12381,520242,6765,321290,1533,18289,8871,210579,11763,333101,10395,543680,California
Alameda,2021-03-27,18193,878014,12341,532583,4894,326184,958,19247,7855,209081,10292,343393,8794,552474,California
Alameda,2021-03-28,10425,888439,8445,541028,1777,327961,203,19450,3832,206542,6580,349973,4041,556515,California
Alameda,2021-03-29,14598,903037,9290,550318,4311,332272,997,20447,6280,205534,8284,358257,7276,563791,California
Alameda,2021-03-30,18459,921496,9683,560001,7080,339352,1696,22143,10835,210465,7595,365852,12526,576317,California
Alameda,2021-03-31,19226,940722,10123,570124,7038,346390,2065,24208,9533,212387,9670,375522,11592,587909,California
Alameda,2021-04-01,23040,963762,9967,580091,7582,353972,5491,29699,11009,216882,11997,387519,16492,604401,California
Alameda,2021-04-02,23806,987568,9896,589987,8235,362207,5675,35374,11580,221931,12192,399711,17241,621642,California
Alameda,2021-04-03,20098,1007666,9735,599722,5674,367881,4689,40063,10298,227135,9782,409493,14986,636628,California
Alameda,2021-04-04,9925,1017591,3961,603683,2283,370164,3681,43744,3513,227923,6400,415893,7188,643816,California
Alameda,2021-04-05,17777,1035368,7494,611177,5513,375677,4770,48514,7262,229454,10498,426391,12029,655845,California
Alameda,2021-04-06,22144,1057512,10688,621865,5640,381317,5816,54330,10089,233327,12022,438413,15895,671740,California
Alameda,2021-04-07,22461,1079973,11532,633397,5494,386811,5435,59765,11413,239159,11007,449420,16839,688579,California
Alameda,2021-04-08,25383,1105356,11481,644878,5950,392761,7952,67717,10841,243468,14474,463894,18783,707362,California
Alameda,2021-04-09,23227,1128583,10591,655469,7443,400204,5193,72910,11993,249452,11203,475097,17187,724549,California
Alameda,2021-04-10,18811,1147394,7410,662879,5584,405788,5817,78727,8166,252799,10624,485721,13971,738520,California
Alameda,2021-04-11,10973,1158367,4773,667652,2268,408056,3932,82659,4481,254727,6475,492196,8403,746923,California
Alameda,2021-04-12,17821,1176188,11704,679356,4291,412347,1826,84485,10113,258983,7679,499875,11935,758858,California
Alameda,2021-04-13,22973,1199161,14572,693928,8346,420693,55,84540,16916,269955,6010,505885,16982,775840,California
Alameda,2021-04-14,23064,1222225,15248,709176,7814,428507,2,84542,15651,278232,7382,513267,15659,791499,California
Alameda,2021-04-15,24033,1246258,15351,724527,8680,437187,2,84544,15963,286186,8018,521285,15972,807471,California
Alameda,2021-04-16,24284,1270542,14335,738862,9944,447131,5,84549,15654,293274,8581,529866,15669,823140,California
Alameda,2021-04-17,20694,1291236,14272,753134,6422,453553,0,84549,14257,301138,6407,536273,14271,837411,California
Alameda,2021-04-18,9879,1301115,7544,760678,2335,455888,0,84549,6849,304988,3004,539277,6854,844265,California
Alameda,2021-04-19,15451,1316566,9646,770324,5805,461693,0,84549,8956,307488,6466,545743,8966,853231,California
Alameda,2021-04-20,18075,1334641,11036,781360,7038,468731,1,84550,9896,309265,8140,553883,9917,863148,California
Alameda,2021-04-21,19074,1353715,11161,792521,7905,476636,8,84558,11116,312500,7908,561791,11143,874291,California
Alameda,2021-04-22,21249,1374964,13693,806214,7553,484189,3,84561,11272,313870,9931,571722,11301,885592,California
Alameda,2021-04-23,21496,1396460,14022,820236,7472,491661,2,84563,12047,316543,9399,581121,12072,897664,California
Alameda,2021-04-24,18945,1415405,14376,834612,4562,496223,7,84570,10023,317696,8887,590008,10040,907704,California
Alameda,2021-04-25,8759,1424164,6819,841431,1940,498163,0,84570,5679,320319,3066,593074,5689,913393,California
Alameda,2021-04-26,13139,1437303,9089,850520,4028,502191,22,84592,8195,323625,4919,597993,8225,921618,California
Alameda,2021-04-27,15095,1452398,8882,859402,5908,508099,305,84897,7111,323124,7940,605933,7439,929057,California
Alameda,2021-04-28,15847,1468245,10049,869451,5333,513432,465,85362,6130,320044,9689,615622,6609,935666,California
Alameda,2021-04-29,16485,1484730,9884,879335,6279,519711,322,85684,5814,315573,10628,626250,6157,941823,California
Alameda,2021-04-30,19338,1504068,11951,891286,7051,526762,336,86020,7831,312337,11438,637688,8202,950025,California
Alameda,2021-05-01,13913,1517981,9274,900560,4435,531197,204,86224,5170,309027,8716,646404,5406,955431,California
Alameda,2021-05-02,6993,1524974,4855,905415,1967,533164,171,86395,2860,307946,4117,650521,3036,958467,California
Alameda,2021-05-03,13765,1538739,10311,915726,3161,536325,293,86688,2705,299951,11024,661545,3029,961496,California
Alameda,2021-05-04,14879,1553618,10563,926289,4186,540511,130,86818,2767,290817,12061,673606,2927,964423,California
Alameda,2021-05-05,14443,1568061,10322,936611,3813,544324,308,87126,2759,282264,11634,685240,3081,967504,California
Alameda,2021-05-06,14105,1582166,10953,947564,2794,547118,358,87484,2434,273457,11610,696850,2803,970307,California
Alpine,2020-12-18,2,2,2,2,0,0,0,0,2,2,0,0,2,2,California
Alpine,2020-12-19,2,4,2,4,0,0,0,0,2,4,0,0,2,4,California
Alpine,2020-12-21,2,6,2,6,0,0,0,0,2,6,0,0,2,6,California
Alpine,2020-12-30,14,20,0,6,14,14,0,0,14,20,0,0,14,20,California
Alpine,2020-12-31,1,21,0,6,1,15,0,0,1,21,0,0,1,21,California
Alpine,2021-01-01,1,22,0,6,1,16,0,0,1,22,0,0,1,22,California
Alpine,2021-01-02,1,23,1,7,0,16,0,0,1,23,0,0,1,23,California
Alpine,2021-01-04,10,33,0,7,10,26,0,0,10,33,0,0,10,33,California
Alpine,2021-01-05,9,42,1,8,8,34,0,0,9,42,0,0,9,42,California
Alpine,2021-01-06,31,73,0,8,31,65,0,0,31,73,0,0,31,73,California
Alpine,2021-01-07,8,81,0,8,8,73,0,0,8,81,0,0,8,81,California
Alpine,2021-01-08,4,85,2,10,2,75,0,0,2,81,2,2,2,83,California
Alpine,2021-01-09,2,87,2,12,0,75,0,0,0,79,2,4,0,83,California
Alpine,2021-01-11,32,119,1,13,31,106,0,0,31,109,1,5,31,114,California
Alpine,2021-01-13,35,154,0,13,35,141,0,0,35,144,0,5,35,149,California
Alpine,2021-01-14,1,155,0,13,1,142,0,0,1,145,0,5,1,150,California
Alpine,2021-01-15,1,156,0,13,1,143,0,0,1,146,0,5,1,151,California
Alpine,2021-01-20,21,177,0,13,21,164,0,0,21,167,0,5,21,172,California
Alpine,2021-01-21,1,178,0,13,1,165,0,0,1,168,0,5,1,173,California
Alpine,2021-01-22,32,210,0,13,32,197,0,0,32,200,0,5,32,205,California
Alpine,2021-01-23,1,211,1,14,0,197,0,0,0,199,1,6,0,205,California
Alpine,2021-01-25,16,227,0,14,16,213,0,0,16,215,0,6,16,221,California
Alpine,2021-01-27,1,228,1,15,0,213,0,0,0,214,1,7,0,221,California
Alpine,2021-01-28,1,229,0,15,1,214,0,0,0,213,1,8,0,221,California
Alpine,2021-01-29,1,230,0,15,1,215,0,0,1,214,0,8,1,222,California
Alpine,2021-02-01,25,255,0,15,25,240,0,0,7,203,18,26,7,229,California
Alpine,2021-02-03,34,289,0,15,34,274,0,0,10,189,24,50,10,239,California
Alpine,2021-02-04,8,297,0,15,8,282,0,0,3,187,5,55,3,242,California
Alpine,2021-02-05,31,328,0,15,31,313,0,0,12,180,19,74,12,254,California
Alpine,2021-02-06,1,329,1,16,0,313,0,0,1,181,0,74,1,255,California
Alpine,2021-02-07,1,330,1,17,0,313,0,0,1,182,0,74,1,256,California
Alpine,2021-02-08,32,362,0,17,32,345,0,0,4,158,28,102,4,260,California
Alpine,2021-02-10,34,396,0,17,34,379,0,0,0,124,34,136,0,260,California
Alpine,2021-02-11,6,402,0,17,6,385,0,0,3,124,3,139,3,263,California
Alpine,2021-02-12,1,403,0,17,1,386,0,0,0,123,1,140,0,263,California
Alpine,2021-02-17,23,426,0,17,23,409,0,0,3,106,20,160,3,266,California
Alpine,2021-02-18,2,428,0,17,2,411,0,0,1,106,1,161,1,267,California
Alpine,2021-02-19,34,462,1,18,33,444,0,0,2,76,32,193,2,269,California
Alpine,2021-02-22,27,489,0,18,27,471,0,0,8,65,19,212,8,277,California
Alpine,2021-02-24,1,490,1,19,0,471,0,0,1,66,0,212,1,278,California
Alpine,2021-02-25,6,496,1,20,5,476,0,0,6,72,0,212,6,284,California
Alpine,2021-02-26,29,525,1,21,28,504,0,0,28,99,1,213,28,312,California
Alpine,2021-02-27,1,526,0,21,1,505,0,0,1,100,0,213,1,313,California
Alpine,2021-03-01,35,561,0,21,35,540,0,0,25,115,10,223,25,338,California
Alpine,2021-03-02,1,562,1,22,0,540,0,0,0,114,1,224,0,338,California
Alpine,2021-03-03,30,592,1,23,29,569,0,0,18,120,12,236,18,356,California
Alpine,2021-03-04,11,603,1,24,10,579,0,0,11,131,0,236,11,367,California
Alpine,2021-03-05,30,633,0,24,30,609,0,0,22,145,8,244,22,389,California
Alpine,2021-03-08,31,664,0,24,31,640,0,0,29,172,2,246,29,418,California
Alpine,2021-03-10,73,737,0,24,73,713,0,0,73,245,0,246,73,491,California
Alpine,2021-03-11,36,773,0,24,36,749,0,0,32,273,4,250,32,523,California
Alpine,2021-03-12,19,792,0,24,19,768,0,0,17,288,2,252,17,540,California
Alpine,2021-03-15,21,813,1,25,20,788,0,0,20,307,1,253,20,560,California
Alpine,2021-03-17,23,836,0,25,22,810,1,1,19,323,4,257,20,580,California
Alpine,2021-03-18,38,874,3,28,35,845,0,1,35,355,3,260,35,615,California
Alpine,2021-03-19,2,876,1,29,1,846,0,1,1,355,1,261,1,616,California
Alpine,2021-03-22,24,900,0,29,24,870,0,1,15,361,9,270,15,631,California
Alpine,2021-03-24,19,919,0,29,19,889,0,1,9,360,10,280,9,640,California
Alpine,2021-03-25,35,954,1,30,33,922,1,2,28,382,7,287,29,669,California
Alpine,2021-03-27,1,955,0,30,1,923,0,2,0,381,1,288,0,669,California
Alpine,2021-03-28,1,956,1,31,0,923,0,2,1,382,0,288,1,670,California
Alpine,2021-03-29,19,975,0,31,18,941,1,3,2,368,17,305,3,673,California
Alpine,2021-04-01,16,991,0,31,16,957,0,3,7,366,9,314,7,680,California
Alpine,2021-04-02,100,1091,1,32,99,1056,0,3,46,359,53,367,46,726,California
Alpine,2021-04-05,4,1095,1,33,3,1059,0,3,0,355,4,371,0,726,California
Alpine,2021-04-06,3,1098,2,35,1,1060,0,3,2,356,1,372,2,728,California
Alpine,2021-04-07,117,1215,0,35,116,1176,1,4,30,301,86,458,31,759,California
Alpine,2021-04-08,38,1253,0,35,36,1212,2,6,10,285,28,486,12,771,California
Alpine,2021-04-09,1,1254,0,35,1,1213,0,6,1,286,0,486,1,772,California
Alpine,2021-04-14,47,1301,0,35,47,1260,0,6,10,259,37,523,10,782,California
Alpine,2021-04-15,35,1336,0,35,35,1295,0,6,3,230,32,555,3,785,California
Alpine,2021-04-16,1,1337,0,35,1,1296,0,6,1,231,0,555,1,786,California
Alpine,2021-04-19,1,1338,0,35,1,1297,0,6,1,232,0,555,1,787,California
Alpine,2021-04-21,31,1369,0,35,31,1328,0,6,15,231,16,571,15,802,California
Alpine,2021-04-22,24,1393,0,35,24,1352,0,6,1,209,23,594,1,803,California
Alpine,2021-04-24,2,1395,2,37,0,1352,0,6,0,208,2,596,1,804,California
Alpine,2021-04-25,1,1396,1,38,0,1352,0,6,0,207,1,597,0,804,California
Alpine,2021-04-27,2,1398,1,39,1,1353,0,6,1,207,1,598,1,805,California
Alpine,2021-04-28,36,1434,0,39,36,1389,0,6,6,183,30,628,6,811,California
Alpine,2021-04-29,6,1440,1,40,5,1394,0,6,2,181,4,632,2,813,California
Alpine,2021-04-30,2,1442,1,41,0,1394,1,7,1,182,1,633,2,815,California
Alpine,2021-05-02,1,1443,0,41,0,1394,1,8,0,182,1,634,1,816,California
Alpine,2021-05-05,17,1460,0,41,17,1411,0,8,4,173,13,647,4,820,California
Alpine,2021-05-06,7,1467,0,41,7,1418,0,8,0,166,7,654,0,820,California
Amador,2020-12-16,2,2,2,2,0,0,0,0,2,2,0,0,2,2,California
Amador,2020-12-17,5,7,5,7,0,0,0,0,5,7,0,0,5,7,California
Amador,2020-12-18,45,52,45,52,0,0,0,0,45,52,0,0,45,52,California
Amador,2020-12-19,17,69,17,69,0,0,0,0,17,69,0,0,17,69,California
Amador,2020-12-20,4,73,4,73,0,0,0,0,4,73,0,0,4,73,California
Amador,2020-12-21,31,104,31,104,0,0,0,0,31,104,0,0,31,104,California
Amador,2020-12-22,35,139,34,138,1,1,0,0,35,139,0,0,35,139,California
Amador,2020-12-23,39,178,38,176,1,2,0,0,39,178,0,0,39,178,California
Amador,2020-12-24,5,183,3,179,2,4,0,0,5,183,0,0,5,183,California
Amador,2020-12-26,5,188,4,183,1,5,0,0,5,188,0,0,5,188,California
Amador,2020-12-27,1,189,0,183,1,6,0,0,1,189,0,0,1,189,California
Amador,2020-12-28,31,220,27,210,4,10,0,0,31,220,0,0,31,220,California
Amador,2020-12-29,26,246,19,229,7,17,0,0,26,246,0,0,26,246,California
Amador,2020-12-30,124,370,78,307,46,63,0,0,124,370,0,0,124,370,California
Amador,2020-12-31,191,561,166,473,25,88,0,0,191,561,0,0,191,561,California
Amador,2021-01-01,2,563,0,473,2,90,0,0,2,563,0,0,2,563,California
Amador,2021-01-02,56,619,56,529,0,90,0,0,56,619,0,0,56,619,California
Amador,2021-01-03,65,684,17,546,48,138,0,0,65,684,0,0,65,684,California
Amador,2021-01-04,124,808,1,547,123,261,0,0,124,808,0,0,124,808,California
Amador,2021-01-05,33,841,3,550,30,291,0,0,31,838,2,2,32,840,California
Amador,2021-01-06,40,881,10,560,30,321,0,0,36,870,4,6,36,876,California
Amador,2021-01-07,228,1109,69,629,159,480,0,0,216,1074,12,18,216,1092,California
Amador,2021-01-08,84,1193,70,699,14,494,0,0,40,1071,44,62,41,1133,California
Amador,2021-01-09,11,1204,11,710,0,494,0,0,2,1064,9,71,2,1135,California
Amador,2021-01-10,6,1210,4,714,2,496,0,0,2,1062,4,75,2,1137,California
Amador,2021-01-11,124,1334,44,758,80,576,0,0,88,1115,36,111,89,1226,California
Amador,2021-01-12,64,1398,49,807,15,591,0,0,40,1131,24,135,40,1266,California
Amador,2021-01-13,38,1436,23,830,15,606,0,0,26,1145,12,147,26,1292,California
Amador,2021-01-14,146,1582,20,850,126,732,0,0,136,1271,10,157,136,1428,California
Amador,2021-01-15,55,1637,24,874,31,763,0,0,48,1312,7,164,48,1476,California
Amador,2021-01-16,19,1656,12,886,7,770,0,0,13,1320,6,170,14,1490,California
Amador,2021-01-17,26,1682,6,892,20,790,0,0,26,1346,0,170,26,1516,California
Amador,2021-01-18,32,1714,28,920,4,794,0,0,10,1334,22,192,10,1526,California
Amador,2021-01-19,121,1835,96,1016,25,819,0,0,77,1367,44,236,77,1603,California
Amador,2021-01-20,184,2019,34,1050,150,969,0,0,168,1520,15,251,168,1771,California
Amador,2021-01-21,253,2272,222,1272,31,1000,0,0,144,1556,109,360,145,1916,California
Amador,2021-01-22,134,2406,72,1344,62,1062,0,0,127,1676,7,367,127,2043,California
Amador,2021-01-23,52,2458,32,1376,20,1082,0,0,50,1724,2,369,50,2093,California
Amador,2021-01-24,28,2486,12,1388,16,1098,0,0,25,1746,3,372,25,2118,California
Amador,2021-01-25,59,2545,28,1416,31,1129,0,0,42,1771,17,389,42,2160,California
Amador,2021-01-26,244,2789,16,1432,228,1357,0,0,234,1995,10,399,234,2394,California
Amador,2021-01-27,296,3085,30,1462,266,1623,0,0,249,2200,45,444,250,2644,California
Amador,2021-01-28,346,3431,76,1538,270,1893,0,0,285,2425,61,505,286,2930,California
Amador,2021-01-29,96,3527,31,1569,65,1958,0,0,81,2491,15,520,81,3011,California
Amador,2021-01-30,168,3695,35,1604,133,2091,0,0,163,2649,5,525,163,3174,California
Amador,2021-01-31,32,3727,28,1632,4,2095,0,0,31,2679,1,526,31,3205,California
Amador,2021-02-01,63,3790,23,1655,40,2135,0,0,36,2688,27,553,36,3241,California
Amador,2021-02-02,211,4001,63,1718,148,2283,0,0,126,2732,82,635,126,3367,California
Amador,2021-02-03,141,4142,38,1756,103,2386,0,0,90,2772,50,685,90,3457,California
Amador,2021-02-04,250,4392,74,1830,176,2562,0,0,164,2852,86,771,166,3623,California
Amador,2021-02-05,331,4723,63,1893,268,2830,0,0,315,3151,16,787,315,3938,California
Amador,2021-02-06,99,4822,80,1973,19,2849,0,0,95,3242,4,791,95,4033,California
Amador,2021-02-07,39,4861,35,2008,4,2853,0,0,35,3274,4,795,36,4069,California
Amador,2021-02-08,90,4951,62,2070,28,2881,0,0,73,3330,17,812,73,4142,California
Amador,2021-02-09,175,5126,83,2153,92,2973,0,0,110,3375,65,877,110,4252,California
Amador,2021-02-10,978,6104,80,2233,898,3871,0,0,945,4287,33,910,945,5197,California
Amador,2021-02-11,306,6410,118,2351,188,4059,0,0,200,4382,105,1015,200,5397,California
Amador,2021-02-12,327,6737,120,2471,207,4266,0,0,255,4565,72,1087,255,5652,California
Amador,2021-02-13,165,6902,81,2552,84,4350,0,0,139,4678,26,1113,139,5791,California
Amador,2021-02-14,123,7025,54,2606,69,4419,0,0,106,4767,17,1130,106,5897,California
Amador,2021-02-15,185,7210,60,2666,125,4544,0,0,168,4919,16,1146,168,6065,California
Amador,2021-02-16,464,7674,53,2719,411,4955,0,0,425,5306,39,1185,426,6491,California
Amador,2021-02-17,261,7935,82,2801,179,5134,0,0,165,5375,96,1281,165,6656,California
Amador,2021-02-18,398,8333,99,2900,299,5433,0,0,336,5650,62,1343,337,6993,California
Amador,2021-02-19,194,8527,77,2977,117,5550,0,0,111,5678,83,1426,111,7104,California
Amador,2021-02-20,93,8620,32,3009,61,5611,0,0,65,5715,28,1454,65,7169,California
Amador,2021-02-21,45,8665,34,3043,11,5622,0,0,15,5700,30,1484,15,7184,California
Amador,2021-02-22,63,8728,24,3067,39,5661,0,0,32,5702,30,1514,32,7216,California
Amador,2021-02-23,318,9046,54,3121,264,5925,0,0,138,5661,180,1694,139,7355,California
Amador,2021-02-24,394,9440,57,3178,337,6262,0,0,264,5799,126,1820,264,7619,California
Amador,2021-02-25,521,9961,116,3294,405,6667,0,0,280,5839,240,2060,280,7899,California
Amador,2021-02-26,609,10570,75,3369,534,7201,0,0,503,6237,106,2166,504,8403,California
Amador,2021-02-27,288,10858,93,3462,195,7396,0,0,100,6152,187,2353,102,8505,California
Amador,2021-02-28,102,10960,51,3513,51,7447,0,0,56,6164,46,2399,58,8563,California
Amador,2021-03-01,188,11148,66,3579,122,7569,0,0,119,6215,69,2468,120,8683,California
Amador,2021-03-02,379,11527,62,3641,317,7886,0,0,329,6495,50,2518,330,9013,California
Amador,2021-03-03,242,11769,79,3720,163,8049,0,0,167,6589,74,2592,168,9181,California
Amador,2021-03-04,496,12265,116,3836,380,8429,0,0,393,6880,102,2694,393,9574,California
Amador,2021-03-05,511,12776,77,3913,434,8863,0,0,293,6958,217,2911,295,9869,California
Amador,2021-03-06,99,12875,45,3958,53,8916,1,1,54,6968,45,2956,55,9924,California
Amador,2021-03-07,63,12938,42,4000,21,8937,0,1,20,6945,43,2999,20,9944,California
Amador,2021-03-08,152,13090,71,4071,80,9017,1,2,91,6976,61,3060,92,10036,California
Amador,2021-03-09,370,13460,50,4121,320,9337,0,2,292,7193,75,3135,292,10328,California
Amador,2021-03-10,511,13971,76,4197,433,9770,2,4,111,6907,400,3535,114,10442,California
Amador,2021-03-11,472,14443,116,4313,345,10115,11,15,299,7048,172,3707,313,10755,California
Amador,2021-03-12,568,15011,65,4378,495,10610,8,23,337,7168,230,3937,350,11105,California
Amador,2021-03-13,114,15125,18,4396,89,10699,7,30,74,7213,40,3977,85,11190,California
Amador,2021-03-14,89,15214,19,4415,67,10766,3,33,21,7169,68,4045,24,11214,California
Amador,2021-03-15,176,15390,25,4440,144,10910,7,40,53,7108,123,4168,62,11276,California
Amador,2021-03-16,447,15837,54,4494,383,11293,10,50,137,6947,308,4476,147,11423,California
Amador,2021-03-17,193,16030,43,4537,147,11440,3,53,116,6990,77,4553,120,11543,California
Amador,2021-03-18,476,16506,98,4635,374,11814,4,57,249,7021,227,4780,258,11801,California
Amador,2021-03-19,540,17046,56,4691,467,12281,17,74,391,7285,147,4927,411,12212,California
Amador,2021-03-20,110,17156,45,4736,64,12345,1,75,47,7273,62,4989,50,12262,California
Amador,2021-03-21,48,17204,36,4772,11,12356,1,76,31,7291,16,5005,34,12296,California
Amador,2021-03-22,113,17317,32,4804,52,12408,29,105,49,7305,64,5069,78,12374,California
Amador,2021-03-23,432,17749,47,4851,377,12785,8,113,275,7432,156,5225,283,12657,California
Amador,2021-03-24,341,18090,35,4886,54,12839,252,365,34,7412,306,5531,286,12943,California
Amador,2021-03-25,600,18690,81,4967,513,13352,6,371,389,7597,210,5741,395,13338,California
Amador,2021-03-26,739,19429,44,5011,689,14041,6,377,283,7435,454,6195,292,13630,California
Amador,2021-03-27,91,19520,15,5026,74,14115,2,379,27,7402,64,6259,31,13661,California
Amador,2021-03-28,67,19587,14,5040,51,14166,2,381,13,7365,53,6312,16,13677,California
Amador,2021-03-29,179,19766,26,5066,152,14318,1,382,81,7356,96,6408,87,13764,California
Amador,2021-03-30,527,20293,27,5093,499,14817,1,383,290,7411,236,6644,291,14055,California
Amador,2021-03-31,199,20492,56,5149,138,14955,5,388,43,7303,156,6800,48,14103,California
Amador,2021-04-01,612,21104,87,5236,525,15480,0,388,263,7221,347,7147,265,14368,California
Amador,2021-04-02,599,21703,36,5272,551,16031,12,400,380,7396,218,7365,393,14761,California
Amador,2021-04-03,83,21786,19,5291,44,16075,20,420,20,7375,63,7428,42,14803,California
Amador,2021-04-04,38,21824,3,5294,29,16104,6,426,15,7373,23,7451,21,14824,California
Amador,2021-04-05,143,21967,52,5346,74,16178,17,443,48,7346,94,7545,67,14891,California
Amador,2021-04-06,501,22468,37,5383,445,16623,19,462,221,7308,278,7823,240,15131,California
Amador,2021-04-07,99,22567,34,5417,46,16669,19,481,43,7316,54,7877,62,15193,California
Amador,2021-04-08,494,23061,84,5501,389,17058,21,502,221,7286,272,8149,242,15435,California
Amador,2021-04-09,481,23542,21,5522,441,17499,19,521,212,7247,268,8417,229,15664,California
Amador,2021-04-10,50,23592,14,5536,27,17526,9,530,22,7250,28,8445,31,15695,California
Amador,2021-04-11,49,23641,24,5560,21,17547,4,534,23,7251,26,8471,27,15722,California
Amador,2021-04-12,96,23737,24,5584,62,17609,10,544,40,7245,56,8527,50,15772,California
Amador,2021-04-13,343,24080,50,5634,293,17902,0,544,68,7039,274,8801,68,15840,California
Amador,2021-04-14,276,24356,26,5660,250,18152,0,544,175,7114,100,8901,175,16015,California
Amador,2021-04-15,329,24685,72,5732,257,18409,0,544,73,6936,251,9152,73,16088,California
Amador,2021-04-16,482,25167,29,5761,453,18862,0,544,384,7224,96,9248,384,16472,California
Amador,2021-04-17,61,25228,35,5796,26,18888,0,544,27,7217,34,9282,27,16499,California
Amador,2021-04-18,25,25253,5,5801,20,18908,0,544,11,7214,14,9296,11,16510,California
Amador,2021-04-19,69,25322,27,5828,42,18950,0,544,31,7210,37,9333,33,16543,California
Amador,2021-04-20,436,25758,54,5882,382,19332,0,544,111,7005,318,9651,113,16656,California
Amador,2021-04-21,86,25844,34,5916,52,19384,0,544,44,7008,41,9692,44,16700,California
Amador,2021-04-22,491,26335,73,5989,417,19801,1,545,106,6737,378,10070,107,16807,California
Amador,2021-04-23,356,26691,44,6033,312,20113,0,545,286,6956,69,10139,288,17095,California
Amador,2021-04-24,45,26736,23,6056,22,20135,0,545,25,6961,20,10159,25,17120,California
Amador,2021-04-25,37,26773,19,6075,18,20153,0,545,25,6974,12,10171,25,17145,California
Amador,2021-04-26,80,26853,25,6100,54,20207,1,546,39,6974,40,10211,40,17185,California
Amador,2021-04-27,482,27335,36,6136,446,20653,0,546,85,6665,395,10606,86,17271,California
Amador,2021-04-28,65,27400,28,6164,34,20687,3,549,38,6679,27,10633,41,17312,California
Amador,2021-04-29,218,27618,66,6230,44,20731,108,657,61,6690,157,10790,168,17480,California
Amador,2021-04-30,335,27953,26,6256,305,21036,4,661,97,6553,238,11028,101,17581,California
Amador,2021-05-01,42,27995,16,6272,22,21058,4,665,22,6561,18,11046,26,17607,California
Amador,2021-05-02,26,28021,14,6286,9,21067,3,668,9,6557,17,11063,13,17620,California
Amador,2021-05-03,60,28081,31,6317,24,21091,5,673,27,6556,33,11096,32,17652,California
Amador,2021-05-04,441,28522,17,6334,420,21511,4,677,62,6243,379,11475,66,17718,California
Amador,2021-05-05,163,28685,146,6480,11,21522,6,683,148,6382,15,11490,154,17872,California
Amador,2021-05-06,30,28715,7,6487,20,21542,3,686,13,6381,17,11507,16,17888,California
Butte,2020-12-16,3,3,3,3,0,0,0,0,3,3,0,0,3,3,California
Butte,2020-12-17,21,24,21,24,0,0,0,0,21,24,0,0,21,24,California
Butte,2020-12-18,50,74,50,74,0,0,0,0,50,74,0,0,50,74,California
Butte,2020-12-19,7,81,7,81,0,0,0,0,7,81,0,0,7,81,California
Butte,2020-12-20,10,91,10,91,0,0,0,0,10,91,0,0,10,91,California
Butte,2020-12-21,634,725,634,725,0,0,0,0,634,725,0,0,634,725,California
Butte,2020-12-22,618,1343,616,1341,2,2,0,0,618,1343,0,0,618,1343,California
Butte,2020-12-23,869,2212,853,2194,16,18,0,0,869,2212,0,0,869,2212,California
Butte,2020-12-24,159,2371,155,2349,4,22,0,0,159,2371,0,0,159,2371,California
Butte,2020-12-26,93,2464,91,2440,2,24,0,0,93,2464,0,0,93,2464,California
Butte,2020-12-27,35,2499,34,2474,1,25,0,0,35,2499,0,0,35,2499,California
Butte,2020-12-28,279,2778,273,2747,6,31,0,0,279,2778,0,0,279,2778,California
Butte,2020-12-29,203,2981,179,2926,24,55,0,0,203,2981,0,0,203,2981,California
Butte,2020-12-30,513,3494,291,3217,222,277,0,0,513,3494,0,0,513,3494,California
Butte,2020-12-31,211,3705,18,3235,193,470,0,0,211,3705,0,0,211,3705,California
Butte,2021-01-01,8,3713,1,3236,7,477,0,0,8,3713,0,0,8,3713,California
Butte,2021-01-02,41,3754,38,3274,3,480,0,0,41,3754,0,0,41,3754,California
Butte,2021-01-03,4,3758,1,3275,3,483,0,0,4,3758,0,0,4,3758,California
Butte,2021-01-04,208,3966,175,3450,33,516,0,0,208,3966,0,0,208,3966,California
Butte,2021-01-05,196,4162,151,3601,45,561,0,0,195,4160,1,1,195,4161,California
Butte,2021-01-06,623,4785,397,3998,226,787,0,0,618,4774,5,6,619,4780,California
Butte,2021-01-07,761,5546,369,4367,392,1179,0,0,741,5495,20,26,741,5521,California
Butte,2021-01-08,668,6214,529,4896,139,1318,0,0,622,6071,46,72,622,6143,California
Butte,2021-01-09,12,6226,7,4903,5,1323,0,0,7,6073,5,77,7,6150,California
Butte,2021-01-10,19,6245,5,4908,14,1337,0,0,14,6082,5,82,14,6164,California
Butte,2021-01-11,985,7230,949,5857,36,1373,0,0,357,5814,628,710,360,6524,California
Butte,2021-01-12,698,7928,653,6510,45,1418,0,0,274,5664,424,1134,274,6798,California
Butte,2021-01-13,1449,9377,955,7465,494,1912,0,0,615,5447,834,1968,617,7415,California
Butte,2021-01-14,1635,11012,894,8359,741,2653,0,0,1439,6691,195,2163,1439,8854,California
Butte,2021-01-15,1167,12179,925,9284,242,2895,0,0,1058,7639,110,2273,1058,9912,California
Butte,2021-01-16,586,12765,300,9584,286,3181,0,0,541,8135,45,2318,541,10453,California
Butte,2021-01-17,239,13004,64,9648,175,3356,0,0,202,8300,37,2355,202,10655,California
Butte,2021-01-18,344,13348,302,9950,42,3398,0,0,276,8509,67,2422,276,10931,California
Butte,2021-01-19,498,13846,433,10383,65,3463,0,0,225,8461,273,2695,225,11156,California
Butte,2021-01-20,1369,15215,688,11071,681,4144,0,0,1066,9224,303,2998,1066,12222,California
Butte,2021-01-21,1474,16689,866,11937,608,4752,0,0,1366,10483,107,3105,1366,13588,California
Butte,2021-01-22,1135,17824,476,12413,659,5411,0,0,1082,11512,53,3158,1082,14670,California
Butte,2021-01-23,129,17953,87,12500,42,5453,0,0,103,11589,26,3184,103,14773,California
Butte,2021-01-24,9,17962,7,12507,2,5455,0,0,9,11598,0,3184,9,14782,California
Butte,2021-01-25,655,18617,335,12842,320,5775,0,0,492,11927,163,3347,492,15274,California
Butte,2021-01-26,1468,20085,377,13219,1091,6866,0,0,1331,13121,137,3484,1331,16605,California
Butte,2021-01-27,2091,22176,705,13924,1386,8252,0,0,1362,13755,728,4212,1362,17967,California
Butte,2021-01-28,2260,24436,260,14184,2000,10252,0,0,1950,15396,309,4521,1950,19917,California
Butte,2021-01-29,1686,26122,487,14671,1199,11451,0,0,1307,16325,378,4899,1307,21224,California
Butte,2021-01-30,32,26154,9,14680,23,11474,0,0,29,16351,3,4902,29,21253,California
Butte,2021-01-31,16,26170,14,14694,2,11476,0,0,15,16365,1,4903,15,21268,California
Butte,2021-02-01,1749,27919,406,15100,1343,12819,0,0,1361,17340,386,5289,1361,22629,California
Butte,2021-02-02,1931,29850,363,15463,1568,14387,0,0,1628,18664,304,5593,1628,24257,California
Butte,2021-02-03,2732,32582,771,16234,1961,16348,0,0,1842,19618,888,6481,1842,26099,California
Butte,2021-02-04,2957,35539,327,16561,2630,18978,0,0,2402,21467,553,7034,2402,28501,California
Butte,2021-02-05,1264,36803,662,17223,602,19580,0,0,548,21300,716,7750,549,29050,California
Butte,2021-02-06,144,36947,103,17326,41,19621,0,0,62,21280,82,7832,62,29112,California
Butte,2021-02-07,37,36984,33,17359,4,19625,0,0,13,21269,24,7856,13,29125,California
Butte,2021-02-08,691,37675,542,17901,149,19774,0,0,238,21054,453,8309,238,29363,California
Butte,2021-02-09,953,38628,459,18360,494,20268,0,0,723,21547,230,8539,723,30086,California
Butte,2021-02-10,1706,40334,1190,19550,516,20784,0,0,675,21193,1029,9568,675,30761,California
Butte,2021-02-11,2200,42534,1348,20898,852,21636,0,0,1004,21001,1196,10764,1004,31765,California
Butte,2021-02-12,1001,43535,433,21331,568,22204,0,0,330,20661,670,11434,330,32095,California
Butte,2021-02-13,252,43787,44,21375,208,22412,0,0,150,20709,102,11536,150,32245,California
Butte,2021-02-14,161,43948,9,21384,152,22564,0,0,156,20860,5,11541,156,32401,California
Butte,2021-02-15,263,44211,47,21431,216,22780,0,0,198,20993,65,11606,198,32599,California
Butte,2021-02-16,734,44945,433,21864,301,23081,0,0,275,20808,460,12066,275,32874,California
Butte,2021-02-17,1514,46459,848,22712,666,23747,0,0,842,20980,670,12736,842,33716,California
Butte,2021-02-18,1554,48013,760,23472,794,24541,0,0,747,20920,807,13543,747,34463,California
Butte,2021-02-19,1166,49179,387,23859,779,25320,0,0,401,20563,758,14301,401,34864,California
Butte,2021-02-20,475,49654,29,23888,446,25766,0,0,122,20333,352,14653,122,34986,California
Butte,2021-02-21,16,49670,14,23902,2,25768,0,0,11,20339,5,14658,11,34997,California
Butte,2021-02-22,1498,51168,296,24198,1202,26970,0,0,380,19604,1115,15773,380,35377,California
Butte,2021-02-23,1633,52801,297,24495,1336,28306,0,0,463,18902,1165,16938,463,35840,California
Butte,2021-02-24,2135,54936,596,25091,1539,29845,0,0,728,18231,1399,18337,728,36568,California
Butte,2021-02-25,2073,57009,575,25666,1498,31343,0,0,651,17466,1417,19754,652,37220,California
Butte,2021-02-26,921,57930,311,25977,610,31953,0,0,398,17344,520,20274,398,37618,California
Butte,2021-02-27,234,58164,47,26024,187,32140,0,0,186,17484,46,20320,186,37804,California
Butte,2021-02-28,140,58304,16,26040,124,32264,0,0,132,17608,8,20328,132,37936,California
Butte,2021-03-01,1627,59931,178,26218,1448,33712,1,1,328,16641,1296,21624,329,38265,California
Butte,2021-03-02,1742,61673,196,26414,1546,35258,0,1,309,15521,1429,23053,309,38574,California
Butte,2021-03-03,2783,64456,848,27262,1935,37193,0,1,482,13703,2300,25353,482,39056,California
Butte,2021-03-04,3140,67596,677,27939,2463,39656,0,1,622,11808,2517,27870,622,39678,California
Butte,2021-03-05,1349,68945,617,28556,731,40387,1,2,736,11935,610,28480,737,40415,California
Butte,2021-03-06,247,69192,27,28583,197,40584,23,25,186,12084,60,28540,209,40624,California
Butte,2021-03-07,55,69247,3,28586,35,40619,17,42,30,12106,25,28565,47,40671,California
Butte,2021-03-08,1265,70512,129,28715,1059,41678,77,119,1100,13121,162,28727,1177,41848,California
Butte,2021-03-09,1900,72412,279,28994,1518,43196,103,222,1413,14152,485,29212,1516,43364,California
Butte,2021-03-10,2320,74732,965,29959,1255,44451,100,322,1579,15094,736,29948,1678,45042,California
Butte,2021-03-11,2804,77536,1312,31271,1366,45817,126,448,1980,16387,813,30761,2106,47148,California
Butte,2021-03-12,1144,78680,329,31600,466,46283,349,797,355,16308,783,31544,704,47852,California
Butte,2021-03-13,253,78933,67,31667,137,46420,49,846,64,16231,189,31733,112,47964,California
Butte,2021-03-14,161,79094,15,31682,104,46524,42,888,21,16155,139,31872,63,48027,California
Butte,2021-03-15,1718,80812,359,32041,1066,47590,293,1181,1125,16985,588,32460,1418,49445,California
Butte,2021-03-16,1630,82442,417,32458,1135,48725,78,1259,1090,17615,537,32997,1167,50612,California
Butte,2021-03-17,1952,84394,1358,33816,513,49238,81,1340,1134,18019,810,33807,1214,51826,California
Butte,2021-03-18,1800,86194,1457,35273,214,49452,129,1469,1061,18475,733,34540,1189,53015,California
Butte,2021-03-19,698,86892,312,35585,302,49754,84,1553,345,18560,344,34884,429,53444,California
Butte,2021-03-20,205,87097,32,35617,157,49911,16,1569,93,18557,112,34996,109,53553,California
Butte,2021-03-21,58,87155,27,35644,2,49913,29,1598,15,18558,43,35039,44,53597,California
Butte,2021-03-22,1461,88616,353,35997,1014,50927,94,1692,1196,19585,263,35302,1290,54887,California
Butte,2021-03-23,1805,90421,493,36490,1198,52125,114,1806,1455,20807,347,35649,1569,56456,California
Butte,2021-03-24,2247,92668,1266,37756,855,52980,126,1932,1701,22091,542,36191,1826,58282,California
Butte,2021-03-25,1484,94152,1201,38957,191,53171,92,2024,1020,22743,460,36651,1112,59394,California
Butte,2021-03-26,1212,95364,442,39399,524,53695,246,2270,567,22919,637,37288,813,60207,California
Butte,2021-03-27,299,95663,83,39482,192,53887,24,2294,132,22909,164,37452,154,60361,California
Butte,2021-03-28,226,95889,43,39525,175,54062,8,2302,101,22895,122,37574,108,60469,California
Butte,2021-03-29,1721,97610,381,39906,1270,55332,70,2372,1306,23861,410,37984,1376,61845,California
Butte,2021-03-30,1041,98651,471,40377,480,55812,90,2462,498,23912,537,38521,588,62433,California
Butte,2021-03-31,1776,100427,1304,41681,405,56217,67,2529,1087,24383,683,39204,1154,63587,California
Butte,2021-04-01,3274,103701,2662,44343,485,56702,127,2656,2206,25654,1063,40267,2334,65921,California
Butte,2021-04-02,997,104698,417,44760,460,57162,120,2776,558,25899,431,40698,676,66597,California
Butte,2021-04-03,345,105043,46,44806,224,57386,75,2851,166,25961,179,40877,241,66838,California
Butte,2021-04-04,184,105227,23,44829,138,57524,23,2874,106,26014,76,40953,129,66967,California
Butte,2021-04-05,1956,107183,421,45250,1366,58890,169,3043,598,25429,1351,42304,766,67733,California
Butte,2021-04-06,2187,109370,617,45867,1150,60040,420,3463,789,25244,1392,43696,1207,68940,California
Butte,2021-04-07,3006,112376,1312,47179,1302,61342,392,3855,696,24028,2304,46000,1088,70028,California
Butte,2021-04-08,2723,115099,1189,48368,1269,62611,265,4120,440,22453,2280,48280,705,70733,California
Butte,2021-04-09,1364,116463,346,48714,538,63149,480,4600,326,22221,1035,49315,803,71536,California
Butte,2021-04-10,217,116680,47,48761,74,63223,96,4696,96,22292,120,49435,191,71727,California
Butte,2021-04-11,103,116783,42,48803,51,63274,10,4706,79,22359,22,49457,89,71816,California
Butte,2021-04-12,1407,118190,316,49119,958,64232,133,4839,253,21591,1154,50611,386,72202,California
Butte,2021-04-13,1635,119825,569,49688,1060,65292,6,4845,346,20662,1282,51893,353,72555,California
Butte,2021-04-14,2829,122654,2339,52027,490,65782,0,4845,1313,20465,1511,53404,1314,73869,California
Butte,2021-04-15,634,123288,390,52417,244,66026,0,4845,480,20794,151,53555,480,74349,California
Butte,2021-04-16,807,124095,414,52831,393,66419,0,4845,473,20936,331,53886,473,74822,California
Butte,2021-04-17,338,124433,61,52892,277,66696,0,4845,236,21072,100,53986,236,75058,California
Butte,2021-04-18,38,124471,8,52900,30,66726,0,4845,34,21102,4,53990,34,75092,California
Butte,2021-04-19,1558,126029,380,53280,1178,67904,0,4845,447,20442,1107,55097,447,75539,California
Butte,2021-04-20,1968,127997,717,53997,1251,69155,0,4845,777,20033,1186,56283,777,76316,California
Butte,2021-04-21,2049,130046,1165,55162,884,70039,0,4845,480,18950,1563,57846,480,76796,California
Butte,2021-04-22,2186,132232,1908,57070,278,70317,0,4845,613,17994,1569,59415,613,77409,California
Butte,2021-04-23,937,133169,437,57507,500,70817,0,4845,488,18034,448,59863,488,77897,California
Butte,2021-04-24,345,133514,138,57645,207,71024,0,4845,191,18071,154,60017,191,78088,California
Butte,2021-04-25,171,133685,67,57712,104,71128,0,4845,63,18026,108,60125,63,78151,California
Butte,2021-04-26,1467,135152,408,58120,1054,72182,5,4850,409,17385,1055,61180,414,78565,California
Butte,2021-04-27,904,136056,613,58733,263,72445,28,4878,546,17605,354,61534,574,79139,California
Butte,2021-04-28,1389,137445,934,59667,431,72876,24,4902,497,17239,887,62421,521,79660,California
Butte,2021-04-29,873,138318,538,60205,310,73186,25,4927,294,16983,575,62996,319,79979,California
Butte,2021-04-30,886,139204,383,60588,483,73669,20,4947,451,17022,431,63427,470,80449,California
Butte,2021-05-01,239,139443,64,60652,156,73825,19,4966,72,16947,166,63593,91,80540,California
Butte,2021-05-02,145,139588,60,60712,73,73898,12,4978,42,16898,103,63696,54,80594,California
Butte,2021-05-03,585,140173,231,60943,322,74220,32,5010,142,16638,434,64130,174,80768,California
Butte,2021-05-04,605,140778,196,61139,381,74601,28,5038,163,16393,436,64566,191,80959,California
Butte,2021-05-05,1181,141959,993,62132,157,74758,31,5069,200,15645,979,65545,231,81190,California
Butte,2021-05-06,697,142656,571,62703,107,74865,19,5088,215,15399,480,66025,234,81424,California
Calaveras,2020-12-16,5,5,5,5,0,0,0,0,5,5,0,0,5,5,California
Calaveras,2020-12-17,3,8,3,8,0,0,0,0,3,8,0,0,3,8,California
Calaveras,2020-12-18,38,46,38,46,0,0,0,0,38,46,0,0,38,46,California
Calaveras,2020-12-19,3,49,3,49,0,0,0,0,3,49,0,0,3,49,California
Calaveras,2020-12-20,3,52,3,52,0,0,0,0,3,52,0,0,3,52,California
Calaveras,2020-12-21,55,107,48,100,7,7,0,0,55,107,0,0,55,107,California
Calaveras,2020-12-22,82,189,78,178,4,11,0,0,83,190,0,0,83,190,California
Calaveras,2020-12-23,76,265,74,252,2,13,0,0,76,266,0,0,76,266,California
Calaveras,2020-12-24,2,267,2,254,0,13,0,0,2,268,0,0,2,268,California
Calaveras,2020-12-26,3,270,3,257,0,13,0,0,3,271,0,0,3,271,California
Calaveras,2020-12-28,22,292,18,275,4,17,0,0,21,291,1,1,21,292,California
Calaveras,2020-12-29,167,459,147,422,20,37,0,0,167,458,0,1,167,459,California
Calaveras,2020-12-30,93,552,81,503,12,49,0,0,93,551,0,1,93,552,California
Calaveras,2020-12-31,35,587,25,528,10,59,0,0,35,586,0,1,35,587,California
Calaveras,2021-01-02,11,598,11,539,0,59,0,0,11,597,0,1,11,598,California
Calaveras,2021-01-03,10,608,4,543,6,65,0,0,10,607,0,1,10,608,California
Calaveras,2021-01-04,33,641,5,548,28,93,0,0,33,640,0,1,33,641,California
Calaveras,2021-01-05,40,681,9,557,31,124,0,0,32,669,8,9,37,678,California
Calaveras,2021-01-06,107,788,30,587,77,201,0,0,97,756,10,19,97,775,California
Calaveras,2021-01-07,105,893,26,613,79,280,0,0,92,838,11,30,93,868,California
Calaveras,2021-01-08,68,961,38,651,30,310,0,0,45,861,23,53,46,914,California
Calaveras,2021-01-09,5,966,5,656,0,310,0,0,2,860,3,56,2,916,California
Calaveras,2021-01-10,2,968,0,656,2,312,0,0,2,862,0,56,2,918,California
Calaveras,2021-01-11,65,1033,59,715,6,318,0,0,27,854,37,93,29,947,California
Calaveras,2021-01-12,85,1118,52,767,33,351,0,0,52,874,33,126,53,1000,California
Calaveras,2021-01-13,109,1227,44,811,65,416,0,0,75,916,34,160,76,1076,California
Calaveras,2021-01-14,137,1364,41,852,96,512,0,0,104,989,32,192,105,1181,California
Calaveras,2021-01-15,91,1455,29,881,62,574,0,0,71,1040,20,212,71,1252,California
Calaveras,2021-01-16,13,1468,2,883,11,585,0,0,12,1051,1,213,12,1264,California
Calaveras,2021-01-17,9,1477,1,884,8,593,0,0,9,1060,0,213,9,1273,California
Calaveras,2021-01-18,132,1609,19,903,113,706,0,0,119,1169,13,226,122,1395,California
Calaveras,2021-01-19,203,1812,173,1076,30,736,0,0,62,1092,140,366,63,1458,California
Calaveras,2021-01-20,376,2188,82,1158,294,1030,0,0,290,1307,85,451,300,1758,California
Calaveras,2021-01-21,462,2650,40,1198,422,1452,0,0,434,1719,28,479,440,2198,California
Calaveras,2021-01-22,401,3051,23,1221,378,1830,0,0,390,2106,11,490,398,2596,California
Calaveras,2021-01-23,22,3073,10,1231,12,1842,0,0,18,2120,4,494,18,2614,California
Calaveras,2021-01-24,13,3086,8,1239,5,1847,0,0,11,2129,2,496,11,2625,California
Calaveras,2021-01-25,85,3171,8,1247,77,1924,0,0,80,2204,5,501,80,2705,California
Calaveras,2021-01-26,47,3218,15,1262,32,1956,0,0,39,2235,8,509,39,2744,California
Calaveras,2021-01-27,133,3351,43,1305,90,2046,0,0,105,2313,27,536,105,2849,California
Calaveras,2021-01-28,163,3514,23,1328,140,2186,0,0,140,2433,23,559,143,2992,California
Calaveras,2021-01-29,386,3900,13,1341,373,2559,0,0,361,2778,25,584,370,3362,California
Calaveras,2021-01-30,27,3927,10,1351,17,2576,0,0,25,2803,0,584,25,3387,California
Calaveras,2021-01-31,6,3933,4,1355,2,2578,0,0,5,2807,1,585,5,3392,California
Calaveras,2021-02-01,24,3957,11,1366,13,2591,0,0,18,2819,6,591,18,3410,California
Calaveras,2021-02-02,108,4065,22,1388,86,2677,0,0,70,2856,34,625,71,3481,California
Calaveras,2021-02-03,429,4494,42,1430,387,3064,0,0,346,3121,82,707,347,3828,California
Calaveras,2021-02-04,379,4873,24,1454,355,3419,0,0,296,3335,83,790,297,4125,California
Calaveras,2021-02-05,78,4951,22,1476,56,3475,0,0,40,3338,38,828,41,4166,California
Calaveras,2021-02-06,21,4972,12,1488,9,3484,0,0,21,3359,0,828,21,4187,California
Calaveras,2021-02-07,4,4976,1,1489,3,3487,0,0,2,3359,2,830,2,4189,California
Calaveras,2021-02-08,38,5014,17,1506,21,3508,0,0,30,3383,6,836,30,4219,California
Calaveras,2021-02-09,190,5204,74,1580,116,3624,0,0,129,3457,55,891,129,4348,California
Calaveras,2021-02-10,512,5716,29,1609,483,4107,0,0,442,3832,70,961,445,4793,California
Calaveras,2021-02-11,583,6299,81,1690,502,4609,0,0,474,4202,106,1067,476,5269,California
Calaveras,2021-02-12,569,6868,325,2015,244,4853,0,0,493,4623,74,1141,495,5764,California
Calaveras,2021-02-13,193,7061,37,2052,156,5009,0,0,178,4786,15,1156,178,5942,California
Calaveras,2021-02-14,221,7282,71,2123,150,5159,0,0,206,4978,14,1170,206,6148,California
Calaveras,2021-02-15,382,7664,22,2145,360,5519,0,0,262,5123,117,1287,262,6410,California
Calaveras,2021-02-16,267,7931,143,2288,124,5643,0,0,231,5318,36,1323,231,6641,California
Calaveras,2021-02-17,509,8440,38,2326,471,6114,0,0,211,5241,289,1612,212,6853,California
Calaveras,2021-02-18,499,8939,91,2417,408,6522,0,0,99,4951,389,2001,99,6952,California
Calaveras,2021-02-19,439,9378,43,2460,396,6918,0,0,98,4718,331,2332,98,7050,California
Calaveras,2021-02-20,59,9437,15,2475,44,6962,0,0,48,4755,11,2343,48,7098,California
Calaveras,2021-02-21,23,9460,14,2489,9,6971,0,0,19,4770,4,2347,19,7117,California
Calaveras,2021-02-22,62,9522,38,2527,24,6995,0,0,33,4774,29,2376,33,7150,California
Calaveras,2021-02-23,125,9647,40,2567,85,7080,0,0,89,4828,36,2412,90,7240,California
Calaveras,2021-02-24,96,9743,47,2614,49,7129,0,0,66,4865,29,2441,66,7306,California
Calaveras,2021-02-25,548,10291,98,2712,450,7579,0,0,358,5036,187,2628,358,7664,California
Calaveras,2021-02-26,704,10995,46,2758,658,8237,0,0,368,5086,320,2948,370,8034,California
Calaveras,2021-02-27,203,11198,22,2780,181,8418,0,0,180,5243,23,2971,180,8214,California
Calaveras,2021-02-28,98,11296,15,2795,83,8501,0,0,93,5332,4,2975,93,8307,California
Calaveras,2021-03-01,226,11522,40,2835,186,8687,0,0,146,5400,79,3054,147,8454,California
Calaveras,2021-03-02,242,11764,91,2926,151,8838,0,0,200,5561,40,3094,201,8655,California
Calaveras,2021-03-03,510,12274,103,3029,407,9245,0,0,213,5481,293,3387,213,8868,California
Calaveras,2021-03-04,738,13012,64,3093,673,9918,1,1,349,5450,382,3769,351,9219,California
Calaveras,2021-03-05,456,13468,271,3364,181,10099,4,5,141,5284,311,4080,145,9364,California
Calaveras,2021-03-06,155,13623,42,3406,107,10206,6,11,122,5379,33,4113,128,9492,California
Calaveras,2021-03-07,75,13698,32,3438,36,10242,7,18,34,5379,41,4154,41,9533,California
Calaveras,2021-03-08,161,13859,26,3464,127,10369,8,26,127,5481,33,4187,135,9668,California
Calaveras,2021-03-09,361,14220,136,3600,219,10588,6,32,32,5193,326,4513,38,9706,California
Calaveras,2021-03-10,415,14635,27,3627,385,10973,3,35,57,4899,354,4867,60,9766,California
Calaveras,2021-03-11,845,15480,418,4045,414,11387,13,48,429,4928,413,5280,442,10208,California
Calaveras,2021-03-12,399,15879,212,4257,177,11564,10,58,326,5198,72,5352,342,10550,California
Calaveras,2021-03-13,176,16055,16,4273,152,11716,8,66,142,5317,33,5385,152,10702,California
Calaveras,2021-03-14,155,16210,10,4283,144,11860,1,67,17,5204,138,5523,25,10727,California
Calaveras,2021-03-15,330,16540,47,4330,257,12117,26,93,52,5009,277,5800,82,10809,California
Calaveras,2021-03-16,685,17225,550,4880,115,12232,20,113,545,5436,138,5938,565,11374,California
Calaveras,2021-03-17,279,17504,52,4932,213,12445,14,127,51,5276,226,6164,66,11440,California
Calaveras,2021-03-18,665,18169,570,5502,80,12525,15,142,550,5728,115,6279,567,12007,California
Calaveras,2021-03-19,231,18400,50,5552,107,12632,74,216,56,5686,171,6450,129,12136,California
Calaveras,2021-03-20,80,18480,21,5573,58,12690,1,217,23,5654,57,6507,25,12161,California
Calaveras,2021-03-21,48,18528,31,5604,6,12696,11,228,13,5643,35,6542,24,12185,California
Calaveras,2021-03-22,79,18607,36,5640,22,12718,21,249,25,5635,54,6596,46,12231,California
Calaveras,2021-03-23,292,18899,204,5844,78,12796,10,259,114,5589,170,6766,124,12355,California
Calaveras,2021-03-24,132,19031,50,5894,72,12868,10,269,43,5554,88,6854,53,12408,California
Calaveras,2021-03-25,738,19769,100,5994,635,13503,3,272,446,5714,289,7143,449,12857,California
Calaveras,2021-03-26,426,20195,28,6022,392,13895,6,278,89,5477,334,7477,97,12954,California
Calaveras,2021-03-27,212,20407,19,6041,189,14084,4,282,38,5350,171,7648,44,12998,California
Calaveras,2021-03-28,112,20519,12,6053,98,14182,2,284,8,5258,103,7751,11,13009,California
Calaveras,2021-03-29,176,20695,22,6075,151,14333,3,287,57,5202,117,7868,61,13070,California
Calaveras,2021-03-30,530,21225,23,6098,490,14823,17,304,355,5400,174,8042,372,13442,California
Calaveras,2021-03-31,321,21546,139,6237,172,14995,10,314,155,5400,166,8208,166,13608,California
Calaveras,2021-04-01,682,22228,440,6677,241,15236,1,315,187,5097,494,8702,191,13799,California
Calaveras,2021-04-02,394,22622,231,6908,155,15391,8,323,118,4951,273,8975,127,13926,California
Calaveras,2021-04-03,144,22766,32,6940,108,15499,4,327,40,4891,104,9079,44,13970,California
Calaveras,2021-04-04,78,22844,25,6965,53,15552,0,327,50,4913,28,9107,50,14020,California
Calaveras,2021-04-05,208,23052,79,7044,120,15672,9,336,99,4913,109,9216,109,14129,California
Calaveras,2021-04-06,650,23702,573,7617,64,15736,13,349,111,4501,536,9752,124,14253,California
Calaveras,2021-04-07,754,24456,656,8273,62,15798,36,385,617,5018,137,9889,654,14907,California
Calaveras,2021-04-08,943,25399,854,9127,68,15866,21,406,434,4968,507,10396,457,15364,California
Calaveras,2021-04-09,151,25550,57,9184,47,15913,47,453,55,4976,95,10491,103,15467,California
Calaveras,2021-04-10,187,25737,42,9226,127,16040,18,471,146,5100,41,10532,165,15632,California
Calaveras,2021-04-11,69,25806,44,9270,23,16063,2,473,48,5129,21,10553,50,15682,California
Calaveras,2021-04-12,103,25909,46,9316,38,16101,19,492,54,5154,49,10602,74,15756,California
Calaveras,2021-04-13,422,26331,367,9683,55,16156,0,492,363,5462,57,10659,365,16121,California
Calaveras,2021-04-14,179,26510,28,9711,151,16307,0,492,133,5550,46,10705,134,16255,California
Calaveras,2021-04-15,336,26846,287,9998,49,16356,0,492,253,5723,80,10785,253,16508,California
Calaveras,2021-04-16,98,26944,24,10022,74,16430,0,492,46,5721,48,10833,46,16554,California
Calaveras,2021-04-17,330,27274,128,10150,202,16632,0,492,288,5968,41,10874,288,16842,California
Calaveras,2021-04-18,18,27292,5,10155,13,16645,0,492,11,5972,7,10881,11,16853,California
Calaveras,2021-04-19,67,27359,25,10180,42,16687,0,492,40,5987,26,10907,41,16894,California
Calaveras,2021-04-20,258,27617,92,10272,166,16853,0,492,193,6117,63,10970,193,17087,California
Calaveras,2021-04-21,211,27828,143,10415,68,16921,0,492,86,6081,123,11093,87,17174,California
Calaveras,2021-04-22,539,28367,93,10508,446,17367,0,492,144,5834,394,11487,147,17321,California
Calaveras,2021-04-23,158,28525,80,10588,78,17445,0,492,65,5808,91,11578,65,17386,California
Calaveras,2021-04-24,172,28697,36,10624,136,17581,0,492,129,5896,42,11620,130,17516,California
Calaveras,2021-04-25,43,28740,28,10652,15,17596,0,492,22,5899,21,11641,24,17540,California
Calaveras,2021-04-26,93,28833,59,10711,34,17630,0,492,28,5863,65,11706,29,17569,California
Calaveras,2021-04-27,423,29256,58,10769,351,17981,14,506,65,5586,356,12062,79,17648,California
Calaveras,2021-04-28,641,29897,573,11342,37,18018,31,537,52,5089,589,12651,92,17740,California
Calaveras,2021-04-29,507,30404,439,11781,49,18067,19,556,74,4755,432,13083,98,17838,California
Calaveras,2021-04-30,148,30552,60,11841,83,18150,5,561,67,4752,81,13164,78,17916,California
Calaveras,2021-05-01,197,30749,109,11950,86,18236,2,563,130,4822,66,13230,136,18052,California
Calaveras,2021-05-02,52,30801,34,11984,17,18253,1,564,20,4813,31,13261,22,18074,California
Calaveras,2021-05-03,89,30890,67,12051,17,18270,5,569,28,4788,61,13322,36,18110,California
Calaveras,2021-05-04,350,31240,282,12333,34,18304,34,603,29,4531,320,13642,63,18173,California
Calaveras,2021-05-05,45,31285,10,12343,4,18308,31,634,9,4534,36,13678,39,18212,California
Calaveras,2021-05-06,194,31479,161,12504,13,18321,20,654,13,4387,181,13859,34,18246,California
Colusa,2020-12-18,1,1,1,1,0,0,0,0,1,1,0,0,1,1,California
Colusa,2020-12-21,2,3,2,3,0,0,0,0,2,3,0,0,2,3,California
Colusa,2020-12-22,10,13,10,13,0,0,0,0,10,13,0,0,10,13,California
Colusa,2020-12-23,10,23,10,23,0,0,0,0,10,23,0,0,10,23,California
Colusa,2020-12-24,2,25,1,24,1,1,0,0,2,25,0,0,2,25,California
Colusa,2020-12-27,1,26,1,25,0,1,0,0,1,26,0,0,1,26,California
Colusa,2020-12-28,7,33,3,28,4,5,0,0,7,33,0,0,7,33,California
Colusa,2020-12-29,11,44,8,36,3,8,0,0,11,44,0,0,11,44,California
Colusa,2020-12-30,50,94,13,49,37,45,0,0,50,94,0,0,50,94,California
Colusa,2020-12-31,18,112,1,50,17,62,0,0,18,112,0,0,18,112,California
Colusa,2021-01-04,4,116,0,50,4,66,0,0,4,116,0,0,4,116,California
Colusa,2021-01-05,67,183,1,51,66,132,0,0,67,183,0,0,67,183,California
Colusa,2021-01-06,15,198,9,60,6,138,0,0,15,198,0,0,15,198,California
Colusa,2021-01-07,38,236,4,64,34,172,0,0,37,234,1,1,37,235,California
Colusa,2021-01-08,9,245,7,71,2,174,0,0,8,241,1,2,8,243,California
Colusa,2021-01-09,2,247,1,72,1,175,0,0,2,243,0,2,2,245,California
Colusa,2021-01-10,1,248,0,72,1,176,0,0,1,244,0,2,1,246,California
Colusa,2021-01-11,12,260,6,78,6,182,0,0,7,246,5,7,7,253,California
Colusa,2021-01-12,11,271,9,87,2,184,0,0,6,247,5,12,6,259,California
Colusa,2021-01-13,21,292,13,100,8,192,0,0,13,252,8,20,13,272,California
Colusa,2021-01-14,35,327,28,128,7,199,0,0,33,283,2,22,33,305,California
Colusa,2021-01-15,41,368,5,133,36,235,0,0,39,320,2,24,39,344,California
Colusa,2021-01-16,12,380,1,134,11,246,0,0,11,330,1,25,11,355,California
Colusa,2021-01-17,3,383,2,136,1,247,0,0,2,331,1,26,2,357,California
Colusa,2021-01-18,4,387,0,136,4,251,0,0,4,335,0,26,4,361,California
Colusa,2021-01-19,9,396,8,144,1,252,0,0,5,336,4,30,5,366,California
Colusa,2021-01-20,115,511,101,245,14,266,0,0,102,425,13,43,102,468,California
Colusa,2021-01-21,56,567,41,286,15,281,0,0,55,479,1,44,55,523,California
Colusa,2021-01-22,40,607,17,303,23,304,0,0,35,509,5,49,35,558,California
Colusa,2021-01-23,35,642,6,309,29,333,0,0,35,544,0,49,35,593,California
Colusa,2021-01-25,7,649,0,309,7,340,0,0,7,551,0,49,7,600,California
Colusa,2021-01-26,8,657,5,314,3,343,0,0,5,553,3,52,5,605,California
Colusa,2021-01-27,109,766,31,345,78,421,0,0,107,658,2,54,107,712,California
Colusa,2021-01-28,79,845,46,391,33,454,0,0,72,723,7,61,72,784,California
Colusa,2021-01-29,41,886,7,398,34,488,0,0,40,762,1,62,40,824,California
Colusa,2021-01-30,27,913,4,402,23,511,0,0,27,789,0,62,27,851,California
Colusa,2021-01-31,7,920,7,409,0,511,0,0,7,796,0,62,7,858,California
Colusa,2021-02-01,27,947,10,419,17,528,0,0,22,813,5,67,22,880,California
Colusa,2021-02-02,42,989,8,427,34,562,0,0,36,843,6,73,36,916,California
Colusa,2021-02-03,69,1058,10,437,59,621,0,0,59,892,10,83,59,975,California
Colusa,2021-02-04,143,1201,81,518,62,683,0,0,115,979,28,111,115,1090,California
Colusa,2021-02-05,32,1233,8,526,24,707,0,0,29,1005,3,114,29,1119,California
Colusa,2021-02-06,284,1517,8,534,276,983,0,0,273,1267,11,125,273,1392,California
Colusa,2021-02-07,2,1519,1,535,1,984,0,0,0,1265,2,127,0,1392,California
Colusa,2021-02-08,40,1559,5,540,35,1019,0,0,37,1299,3,130,37,1429,California
Colusa,2021-02-09,231,1790,14,554,217,1236,0,0,176,1420,55,185,176,1605,California
Colusa,2021-02-10,116,1906,41,595,75,1311,0,0,73,1450,43,228,73,1678,California
Colusa,2021-02-11,97,2003,36,631,61,1372,0,0,72,1497,25,253,72,1750,California
Colusa,2021-02-12,117,2120,9,640,108,1480,0,0,79,1537,39,292,79,1829,California
Colusa,2021-02-13,60,2180,8,648,52,1532,0,0,52,1581,8,300,52,1881,California
Colusa,2021-02-14,20,2200,8,656,12,1544,0,0,14,1589,6,306,14,1895,California
Colusa,2021-02-15,45,2245,10,666,35,1579,0,0,38,1620,7,313,38,1933,California
Colusa,2021-02-16,67,2312,4,670,63,1642,0,0,66,1685,1,314,66,1999,California
Colusa,2021-02-17,206,2518,143,813,63,1705,0,0,60,1599,146,460,60,2059,California
Colusa,2021-02-18,135,2653,35,848,100,1805,0,0,112,1688,23,483,112,2171,California
Colusa,2021-02-19,155,2808,19,867,136,1941,0,0,129,1791,26,509,129,2300,California
Colusa,2021-02-20,28,2836,6,873,22,1963,0,0,12,1787,16,525,12,2312,California
Colusa,2021-02-21,1,2837,1,874,0,1963,0,0,0,1786,1,526,0,2312,California
Colusa,2021-02-22,43,2880,26,900,17,1980,0,0,29,1801,14,540,29,2341,California
Colusa,2021-02-23,22,2902,6,906,16,1996,0,0,18,1815,4,544,18,2359,California
Colusa,2021-02-24,300,3202,54,960,246,2242,0,0,158,1831,142,686,158,2517,California
Colusa,2021-02-25,102,3304,55,1015,47,2289,0,0,66,1861,36,722,66,2583,California
Colusa,2021-02-26,98,3402,13,1028,85,2374,0,0,59,1881,39,761,59,2642,California
Colusa,2021-02-27,55,3457,4,1032,51,2425,0,0,40,1906,15,776,40,2682,California
Colusa,2021-02-28,26,3483,14,1046,12,2437,0,0,18,1916,8,784,18,2700,California
Colusa,2021-03-01,46,3529,15,1061,31,2468,0,0,29,1928,17,801,29,2729,California
Colusa,2021-03-02,49,3578,13,1074,36,2504,0,0,26,1931,23,824,26,2755,California
Colusa,2021-03-03,242,3820,43,1117,199,2703,0,0,185,2059,57,881,185,2940,California
Colusa,2021-03-04,138,3958,58,1175,80,2783,0,0,80,2081,58,939,80,3020,California
Colusa,2021-03-05,98,4056,25,1200,64,2847,9,9,53,2098,45,984,62,3082,California
Colusa,2021-03-06,274,4330,9,1209,265,3112,0,9,37,1898,237,1221,37,3119,California
Colusa,2021-03-07,8,4338,5,1214,3,3115,0,9,6,1902,2,1223,6,3125,California
Colusa,2021-03-08,89,4427,21,1235,33,3148,35,44,45,1938,44,1267,80,3205,California
Colusa,2021-03-09,274,4701,72,1307,179,3327,23,67,83,1853,191,1458,106,3311,California
Colusa,2021-03-10,289,4990,37,1344,216,3543,36,103,203,2006,86,1544,239,3550,California
Colusa,2021-03-11,419,5409,59,1403,339,3882,21,124,338,2282,81,1625,357,3907,California
Colusa,2021-03-12,109,5518,18,1421,78,3960,13,137,19,2224,90,1715,32,3939,California
Colusa,2021-03-13,61,5579,16,1437,36,3996,9,146,18,2208,43,1758,27,3966,California
Colusa,2021-03-14,20,5599,0,1437,18,4014,2,148,6,2203,13,1771,8,3974,California
Colusa,2021-03-15,69,5668,26,1463,35,4049,8,156,14,2170,55,1826,22,3996,California
Colusa,2021-03-16,296,5964,16,1479,234,4283,46,202,189,2298,107,1933,235,4231,California
Colusa,2021-03-17,195,6159,49,1528,146,4429,0,202,111,2325,84,2017,111,4342,California
Colusa,2021-03-18,320,6479,33,1561,216,4645,71,273,197,2470,123,2140,268,4610,California
Colusa,2021-03-19,78,6557,20,1581,56,4701,2,275,54,2502,24,2164,56,4666,California
Colusa,2021-03-20,49,6606,7,1588,41,4742,1,276,36,2526,13,2177,37,4703,California
Colusa,2021-03-21,6,6612,4,1592,2,4744,0,276,4,2528,2,2179,4,4707,California
Colusa,2021-03-22,62,6674,10,1602,43,4787,9,285,40,2555,22,2201,49,4756,California
Colusa,2021-03-23,81,6755,16,1618,63,4850,2,287,54,2584,27,2228,56,4812,California
Colusa,2021-03-24,337,7092,57,1675,274,5124,6,293,69,2390,268,2496,74,4886,California
Colusa,2021-03-25,109,7201,60,1735,44,5168,5,298,52,2390,57,2553,57,4943,California
Colusa,2021-03-26,298,7499,47,1782,247,5415,4,302,245,2586,53,2606,249,5192,California
Colusa,2021-03-27,63,7562,5,1787,58,5473,0,302,25,2573,38,2644,25,5217,California
Colusa,2021-03-28,15,7577,6,1793,9,5482,0,302,7,2572,8,2652,7,5224,California
Colusa,2021-03-29,71,7648,20,1813,45,5527,6,308,31,2569,40,2692,37,5261,California
Colusa,2021-03-30,147,7795,78,1891,67,5594,2,310,75,2574,72,2764,77,5338,California
Colusa,2021-03-31,234,8029,42,1933,192,5786,0,310,74,2489,159,2923,74,5412,California
Colusa,2021-04-01,426,8455,67,2000,305,6091,54,364,304,2725,121,3044,357,5769,California
Colusa,2021-04-02,81,8536,12,2012,55,6146,14,378,37,2732,44,3088,51,5820,California
Colusa,2021-04-03,61,8597,10,2022,28,6174,23,401,13,2720,48,3136,36,5856,California
Colusa,2021-04-04,18,8615,0,2022,8,6182,10,411,3,2718,15,3151,13,5869,California
Colusa,2021-04-05,95,8710,25,2047,55,6237,15,426,39,2716,56,3207,54,5923,California
Colusa,2021-04-06,128,8838,33,2080,45,6282,50,476,43,2724,85,3292,93,6016,California
Colusa,2021-04-07,358,9196,40,2120,295,6577,23,499,132,2654,226,3518,156,6172,California
Colusa,2021-04-08,427,9623,34,2154,366,6943,27,526,122,2501,302,3820,149,6321,California
Colusa,2021-04-09,76,9699,21,2175,32,6975,23,549,28,2504,48,3868,51,6372,California
Colusa,2021-04-10,44,9743,9,2184,15,6990,20,569,12,2504,32,3900,32,6404,California
Colusa,2021-04-11,15,9758,2,2186,11,7001,2,571,7,2505,8,3908,9,6413,California
Colusa,2021-04-12,31,9789,3,2189,28,7029,0,571,24,2522,7,3915,24,6437,California
Colusa,2021-04-13,278,10067,23,2212,255,7284,0,571,93,2431,184,4099,93,6530,California
Colusa,2021-04-14,94,10161,19,2231,75,7359,0,571,33,2403,61,4160,33,6563,California
Colusa,2021-04-15,318,10479,42,2273,276,7635,0,571,130,2345,188,4348,130,6693,California
Colusa,2021-04-16,80,10559,11,2284,69,7704,0,571,36,2338,43,4391,36,6729,California
Colusa,2021-04-17,53,10612,7,2291,46,7750,0,571,31,2347,22,4413,31,6760,California
Colusa,2021-04-18,9,10621,2,2293,7,7757,0,571,7,2352,2,4415,7,6767,California
Colusa,2021-04-19,61,10682,22,2315,39,7796,0,571,17,2325,44,4459,17,6784,California
Colusa,2021-04-20,176,10858,32,2347,144,7940,0,571,128,2405,48,4507,128,6912,California
Colusa,2021-04-21,170,11028,59,2406,111,8051,0,571,110,2455,60,4567,110,7022,California
Colusa,2021-04-22,417,11445,26,2432,390,8441,1,572,214,2467,202,4769,214,7236,California
Colusa,2021-04-23,91,11536,17,2449,74,8515,0,572,37,2450,54,4823,37,7273,California
Colusa,2021-04-24,237,11773,19,2468,217,8732,1,573,204,2622,33,4856,205,7478,California
Colusa,2021-04-25,11,11784,5,2473,6,8738,0,573,8,2627,3,4859,8,7486,California
Colusa,2021-04-26,22,11806,4,2477,17,8755,1,574,6,2618,15,4874,6,7492,California
Colusa,2021-04-27,92,11898,21,2498,67,8822,4,578,43,2616,49,4923,47,7539,California
Colusa,2021-04-28,188,12086,27,2525,158,8980,3,581,138,2708,49,4972,141,7680,California
Colusa,2021-04-29,306,12392,19,2544,283,9263,4,585,42,2492,262,5234,46,7726,California
Colusa,2021-04-30,63,12455,16,2560,47,9310,0,585,39,2507,24,5258,39,7765,California
Colusa,2021-05-01,19,12474,8,2568,8,9318,3,588,9,2509,10,5268,12,7777,California
Colusa,2021-05-02,3,12477,0,2568,2,9320,1,589,2,2511,1,5269,3,7780,California
Colusa,2021-05-03,18,12495,4,2572,14,9334,0,589,5,2503,13,5282,5,7785,California
Colusa,2021-05-04,77,12572,36,2608,40,9374,1,590,58,2543,19,5301,59,7844,California
Colusa,2021-05-05,53,12625,4,2612,48,9422,1,591,25,2541,28,5329,26,7870,California
Colusa,2021-05-06,35,12660,10,2622,25,9447,0,591,16,2538,19,5348,16,7886,California
Contra Costa,2020-12-15,18,18,18,18,0,0,0,0,18,18,0,0,18,18,California
Contra Costa,2020-12-16,522,540,522,540,0,0,0,0,522,540,0,0,522,540,California
Contra Costa,2020-12-17,908,1448,908,1448,0,0,0,0,908,1448,0,0,908,1448,California
Contra Costa,2020-12-18,1591,3039,1590,3038,1,1,0,0,1591,3039,0,0,1591,3039,California
Contra Costa,2020-12-19,1103,4142,1102,4140,1,2,0,0,1103,4142,0,0,1103,4142,California
Contra Costa,2020-12-20,584,4726,583,4723,1,3,0,0,584,4726,0,0,584,4726,California
Contra Costa,2020-12-21,1653,6379,1651,6374,2,5,0,0,1653,6379,0,0,1653,6379,California
Contra Costa,2020-12-22,1666,8045,1562,7936,104,109,0,0,1666,8045,0,0,1666,8045,California
Contra Costa,2020-12-23,1588,9633,1340,9276,248,357,0,0,1588,9633,0,0,1588,9633,California
Contra Costa,2020-12-24,654,10287,336,9612,318,675,0,0,654,10287,0,0,654,10287,California
Contra Costa,2020-12-25,39,10326,17,9629,22,697,0,0,39,10326,0,0,39,10326,California
Contra Costa,2020-12-26,641,10967,131,9760,510,1207,0,0,641,10967,0,0,641,10967,California
Contra Costa,2020-12-27,240,11207,87,9847,153,1360,0,0,240,11207,0,0,240,11207,California
Contra Costa,2020-12-28,1831,13038,861,10708,970,2330,0,0,1831,13038,0,0,1831,13038,California
Contra Costa,2020-12-29,1830,14868,824,11532,1006,3336,0,0,1830,14868,0,0,1830,14868,California
Contra Costa,2020-12-30,2392,17260,1214,12746,1178,4514,0,0,2391,17259,0,0,2391,17259,California
Contra Costa,2020-12-31,915,18175,308,13054,607,5121,0,0,914,18173,0,0,914,18173,California
Contra Costa,2021-01-01,60,18235,23,13077,37,5158,0,0,60,18233,0,0,60,18233,California
Contra Costa,2021-01-02,335,18570,173,13250,162,5320,0,0,335,18568,0,0,335,18568,California
Contra Costa,2021-01-03,175,18745,117,13367,58,5378,0,0,174,18742,0,0,174,18742,California
Contra Costa,2021-01-04,1904,20649,1251,14618,653,6031,0,0,1883,20606,19,19,1883,20625,California
Contra Costa,2021-01-05,2105,22754,1259,15877,846,6877,0,0,1846,22195,258,277,1847,22472,California
Contra Costa,2021-01-06,3278,26032,2246,18123,1032,7909,0,0,2518,23962,754,1031,2521,24993,California
Contra Costa,2021-01-07,3091,29123,2059,20182,1032,8941,0,0,1880,24634,1208,2239,1880,26873,California
Contra Costa,2021-01-08,3381,32504,2390,22572,991,9932,0,0,1819,24899,1557,3796,1822,28695,California
Contra Costa,2021-01-09,1585,34089,1133,23705,452,10384,0,0,748,24813,836,4632,750,29445,California
Contra Costa,2021-01-10,362,34451,286,23991,76,10460,0,0,153,24757,209,4841,153,29598,California
Contra Costa,2021-01-11,3836,38287,3145,27136,691,11151,0,0,2232,25388,1604,6445,2235,31833,California
Contra Costa,2021-01-12,3905,42192,2930,30066,975,12126,0,0,2579,26644,1326,7771,2582,34415,California
Contra Costa,2021-01-13,4705,46897,2916,32982,1789,13915,0,0,3763,29470,938,8709,3764,38179,California
Contra Costa,2021-01-14,4304,51201,1554,34536,2750,16665,0,0,3922,33010,382,9091,3922,42101,California
Contra Costa,2021-01-15,5335,56536,2460,36996,2875,19540,0,0,5012,37704,322,9413,5016,47117,California
Contra Costa,2021-01-16,1718,58254,553,37549,1165,20705,0,0,1643,39272,75,9488,1643,48760,California
Contra Costa,2021-01-17,1634,59888,974,38523,660,21365,0,0,1511,40663,123,9611,1514,50274,California
Contra Costa,2021-01-18,3203,63091,1261,39784,1942,23307,0,0,2579,42625,618,10229,2580,52854,California
Contra Costa,2021-01-19,7067,70158,3162,42946,3905,27212,0,0,6063,47692,1001,11230,6068,58922,California
Contra Costa,2021-01-20,6661,76819,4101,47047,2560,29772,0,0,5428,51896,1229,12459,5433,64355,California
Contra Costa,2021-01-21,6976,83795,3112,50159,3864,33636,0,0,6250,57433,721,13180,6258,70613,California
Contra Costa,2021-01-22,6366,90161,2705,52864,3661,37297,0,0,5510,62099,847,14027,5513,76126,California
Contra Costa,2021-01-23,2029,92190,363,53227,1666,38963,0,0,1771,63616,256,14283,1773,77899,California
Contra Costa,2021-01-24,1581,93771,218,53445,1363,40326,0,0,1436,64911,145,14428,1440,79339,California
Contra Costa,2021-01-25,6652,100423,3016,56461,3636,43962,0,0,5089,68442,1561,15989,5092,84431,California
Contra Costa,2021-01-26,8090,108513,4689,61150,3401,47363,0,0,6246,72856,1836,17825,6250,90681,California
Contra Costa,2021-01-27,8246,116759,5504,66654,2742,50105,0,0,6341,77377,1824,19649,6345,97026,California
Contra Costa,2021-01-28,7444,124203,4084,70738,3360,53465,0,0,5837,81617,1601,21250,5841,102867,California
Contra Costa,2021-01-29,7440,131643,3890,74628,3550,57015,0,0,6127,86438,1309,22559,6130,108997,California
Contra Costa,2021-01-30,2083,133726,597,75225,1486,58501,0,0,1717,87796,359,22918,1717,110714,California
Contra Costa,2021-01-31,698,134424,479,75704,219,58720,0,0,572,88245,123,23041,572,111286,California
Contra Costa,2021-02-01,5523,139947,3764,79468,1759,60479,0,0,3892,90514,1626,24667,3895,115181,California
Contra Costa,2021-02-02,7758,147705,5271,84739,2487,62966,0,0,5905,94569,1851,26518,5906,121087,California
Contra Costa,2021-02-03,8271,155976,5463,90202,2808,65774,0,0,5612,97535,2647,29165,5613,126700,California
Contra Costa,2021-02-04,7437,163413,3534,93736,3903,69677,0,0,5709,101523,1724,30889,5712,132412,California
Contra Costa,2021-02-05,8430,171843,4824,98560,3606,73283,0,0,5718,104536,2705,33594,5718,138130,California
Contra Costa,2021-02-06,3470,175313,2155,100715,1315,74598,0,0,2818,106704,651,34245,2819,140949,California
Contra Costa,2021-02-07,981,176294,710,101425,271,74869,0,0,604,106932,376,34621,604,141553,California
Contra Costa,2021-02-08,5812,182106,3441,104866,2371,77240,0,0,4332,109790,1475,36096,4333,145886,California
Contra Costa,2021-02-09,8661,190767,4776,109642,3885,81125,0,0,5766,112667,2890,38986,5767,151653,California
Contra Costa,2021-02-10,8632,199399,4647,114289,3985,85110,0,0,5358,114770,3259,42245,5362,157015,California
Contra Costa,2021-02-11,9307,208706,4214,118503,5093,90203,0,0,5264,116002,4037,46282,5269,162284,California
Contra Costa,2021-02-12,10071,218777,4612,123115,5459,95662,0,0,5454,116849,4610,50892,5457,167741,California
Contra Costa,2021-02-13,4878,223655,1366,124481,3512,99174,0,0,3399,118773,1476,52368,3400,171141,California
Contra Costa,2021-02-14,2087,225742,865,125346,1222,100396,0,0,1225,119138,860,53228,1225,172366,California
Contra Costa,2021-02-15,4454,230196,2468,127814,1986,102382,0,0,2349,119390,2098,55326,2350,174716,California
Contra Costa,2021-02-16,10414,240610,4908,132722,5506,107888,0,0,4640,118268,5766,61092,4644,179360,California
Contra Costa,2021-02-17,12277,252887,6134,138856,6143,114031,0,0,5627,117261,6635,67727,5628,184988,California
Contra Costa,2021-02-18,11469,264356,5968,144824,5501,119532,0,0,5320,116445,6138,73865,5322,190310,California
Contra Costa,2021-02-19,11403,275759,7105,151929,4298,123830,0,0,5172,115404,6214,80079,5173,195483,California
Contra Costa,2021-02-20,6441,282200,2890,154819,3551,127381,0,0,4565,118111,1860,81939,4567,200050,California
Contra Costa,2021-02-21,1808,284008,1259,156078,549,127930,0,0,1093,118490,714,82653,1093,201143,California
Contra Costa,2021-02-22,7537,291545,5100,161178,2437,130367,0,0,3459,117885,4066,86719,3461,204604,California
Contra Costa,2021-02-23,11905,303450,7251,168429,4654,135021,0,0,5925,117848,5966,92685,5929,210533,California
Contra Costa,2021-02-24,10483,313933,7684,176113,2799,137820,0,0,5053,117490,5413,98098,5055,215588,California
Contra Costa,2021-02-25,11462,325395,7207,183320,4255,142075,0,0,5201,116454,6241,104339,5205,220793,California
Contra Costa,2021-02-26,10699,336094,6749,190069,3950,146025,0,0,5302,116375,5382,109721,5303,226096,California
Contra Costa,2021-02-27,6621,342715,4209,194278,2412,148437,0,0,4111,117984,2503,112224,4112,230208,California
Contra Costa,2021-02-28,3789,346504,3120,197398,669,149106,0,0,3191,120581,595,112819,3192,233400,California
Contra Costa,2021-03-01,8096,354600,6082,203480,2010,151116,4,4,4973,122452,3108,115927,4979,238379,California
Contra Costa,2021-03-02,10141,364741,6319,209799,3821,154937,1,5,5252,122832,4873,120800,5253,243632,California
Contra Costa,2021-03-03,11165,375906,6984,216783,4180,159117,1,6,6249,124181,4902,125702,6251,249883,California
Contra Costa,2021-03-04,11880,387786,7095,223878,4785,163902,0,6,6154,124628,5707,131409,6154,256037,California
Contra Costa,2021-03-05,11232,399018,6668,230546,4558,168460,6,12,6396,126209,4821,136230,6402,262439,California
Contra Costa,2021-03-06,7295,406313,4008,234554,2977,171437,310,322,4716,128666,2567,138797,5024,267463,California
Contra Costa,2021-03-07,3627,409940,2273,236827,1293,172730,61,383,2954,131009,672,139469,3015,270478,California
Contra Costa,2021-03-08,8060,418000,3765,240592,3991,176721,304,687,5371,134010,2678,142147,5679,276157,California
Contra Costa,2021-03-09,10210,428210,5010,245602,4905,181626,295,982,5047,134196,5156,147303,5342,281499,California
Contra Costa,2021-03-10,12144,440354,5966,251568,4682,186308,1496,2478,5475,134500,6658,153961,6962,288461,California
Contra Costa,2021-03-11,12466,452820,6564,258132,5340,191648,562,3040,6361,135341,6083,160044,6924,295385,California
Contra Costa,2021-03-12,12542,465362,5151,263283,6847,198495,544,3584,6268,135893,6258,166302,6810,302195,California
Contra Costa,2021-03-13,7761,473123,3074,266357,4263,202758,424,4008,3078,134723,4666,170968,3496,305691,California
Contra Costa,2021-03-14,4346,477469,2545,268902,1317,204075,484,4492,2068,135003,2271,173239,2551,308242,California
Contra Costa,2021-03-15,9378,486847,5058,273960,3567,207642,753,5245,4750,135894,4612,177851,5503,313745,California
Contra Costa,2021-03-16,14252,501099,8464,282424,5392,213034,396,5641,7265,136590,6965,184816,7661,321406,California
Contra Costa,2021-03-17,14996,516095,10343,292767,4439,217473,214,5855,8579,138993,6396,191212,8799,330205,California
Contra Costa,2021-03-18,15357,531452,8532,301299,6345,223818,480,6335,8785,141713,6543,197755,9263,339468,California
Contra Costa,2021-03-19,15500,546952,8905,310204,5205,229023,1390,7725,8301,144223,7186,204941,9696,349164,California
Contra Costa,2021-03-20,10614,557566,6338,316542,3973,232996,303,8028,5241,144411,5357,210298,5545,354709,California
Contra Costa,2021-03-21,4437,562003,3886,320428,464,233460,87,8115,2082,144231,2348,212646,2168,356877,California
Contra Costa,2021-03-22,11519,573522,8683,329111,2587,236047,249,8364,7085,147142,4422,217068,7333,364210,California
Contra Costa,2021-03-23,15584,589106,10738,339849,4676,240723,170,8534,9493,150744,6064,223132,9666,373876,California
Contra Costa,2021-03-24,14974,604080,11678,351527,3084,243807,212,8746,9201,154418,5741,228873,9415,383291,California
Contra Costa,2021-03-25,15254,619334,11881,363408,3089,246896,284,9030,9418,158319,5799,234672,9700,392991,California
Contra Costa,2021-03-26,14929,634263,10698,374106,3836,250732,395,9425,8813,161431,6091,240763,9203,402194,California
Contra Costa,2021-03-27,10422,644685,6744,380850,3168,253900,510,9935,5774,163070,4638,245401,6277,408471,California
Contra Costa,2021-03-28,4126,648811,2922,383772,1152,255052,52,9987,1768,162542,2348,247749,1820,410291,California
Contra Costa,2021-03-29,10820,659631,8444,392216,2261,257313,115,10102,7074,166001,3732,251481,7191,417482,California
Contra Costa,2021-03-30,16716,676347,9119,401335,6245,263558,1352,11454,11033,172718,5668,257149,12385,429867,California
Contra Costa,2021-03-31,17937,694284,12553,413888,3944,267502,1440,12894,11519,179290,6386,263535,12958,442825,California
Contra Costa,2021-04-01,17395,711679,12179,426067,3855,271357,1361,14255,11328,185932,6045,269580,12687,455512,California
Contra Costa,2021-04-02,17383,729062,12830,438897,3548,274905,1005,15260,11557,192678,5815,275395,12561,468073,California
Contra Costa,2021-04-03,10741,739803,6408,445305,2799,277704,1534,16794,6151,195786,4577,279972,7685,475758,California
Contra Costa,2021-04-04,3314,743117,1310,446615,1409,279113,595,17389,888,194849,2419,282391,1482,477240,California
Contra Costa,2021-04-05,12032,755149,7852,454467,3207,282320,973,18362,6568,196940,5450,287841,7541,484781,California
Contra Costa,2021-04-06,17270,772419,11976,466443,3014,285334,2280,20642,9745,201458,7506,295347,12024,496805,California
Contra Costa,2021-04-07,18441,790860,12477,478920,3160,288494,2804,23446,10459,206796,7963,303310,13301,510106,California
Contra Costa,2021-04-08,18599,809459,12400,491320,3287,291781,2912,26358,9984,211092,8587,311897,12883,522989,California
Contra Costa,2021-04-09,18637,828096,11913,503233,4253,296034,2471,28829,9951,214852,8662,320559,12422,535411,California
Contra Costa,2021-04-10,10488,838584,3797,507030,2152,298186,4539,33368,3281,215467,7192,327751,7807,543218,California
Contra Costa,2021-04-11,3312,841896,1977,509007,683,298869,652,34020,1118,215049,2188,329939,1770,544988,California
Contra Costa,2021-04-12,11838,853734,7842,516849,2963,301832,1033,35053,5590,215441,6235,336174,6627,551615,California
Contra Costa,2021-04-13,17770,871504,10862,527711,6903,308735,5,35058,11867,221436,5883,342057,11878,563493,California
Contra Costa,2021-04-14,17510,889014,10980,538691,6529,315264,1,35059,9688,223326,7802,349859,9692,573185,California
Contra Costa,2021-04-15,17481,906495,10720,549411,6760,322024,1,35060,8119,222132,9333,359192,8139,581324,California
Contra Costa,2021-04-16,16847,923342,10524,559935,6322,328346,1,35061,7604,220523,9219,368411,7610,588934,California
Contra Costa,2021-04-17,11399,934741,6262,566197,5137,333483,0,35061,6114,221371,5271,373682,6119,595053,California
Contra Costa,2021-04-18,2729,937470,2109,568306,620,334103,0,35061,1781,222212,940,374622,1781,596834,California
Contra Costa,2021-04-19,11320,948790,8468,576774,2852,336955,0,35061,3546,218009,7751,382373,3548,600382,California
Contra Costa,2021-04-20,16606,965396,10788,587562,5818,342773,0,35061,6243,213918,10338,392711,6247,606629,California
Contra Costa,2021-04-21,17276,982672,14103,601665,3173,345946,0,35061,6146,208976,11096,403807,6154,612783,California
Contra Costa,2021-04-22,17111,999783,13861,615526,3249,349195,1,35062,6065,204037,11015,414822,6076,618859,California
Contra Costa,2021-04-23,16927,1016710,13467,628993,3460,352655,0,35062,5469,198089,11424,426246,5476,624335,California
Contra Costa,2021-04-24,10881,1027591,8417,637410,2464,355119,0,35062,4164,195560,6697,432943,4168,628503,California
Contra Costa,2021-04-25,3219,1030810,2170,639580,1047,356166,2,35064,2029,196407,1187,434130,2034,630537,California
Contra Costa,2021-04-26,9518,1040328,8073,647653,1421,357587,24,35088,2786,192511,6716,440846,2820,633357,California
Contra Costa,2021-04-27,14115,1054443,10410,658063,3556,361143,149,35237,3785,186145,10310,451156,3944,637301,California
Contra Costa,2021-04-28,13820,1068263,10747,668810,2785,363928,288,35525,3463,179576,10324,461480,3755,641056,California
Contra Costa,2021-04-29,12965,1081228,10046,678856,2749,366677,170,35695,2822,172456,10117,471597,2997,644053,California
Contra Costa,2021-04-30,13605,1094833,10741,689597,2615,369292,249,35944,3081,165288,10501,482098,3333,647386,California
Contra Costa,2021-05-01,7983,1102816,5835,695432,1832,371124,316,36260,1904,161449,6060,488158,2221,649607,California
Contra Costa,2021-05-02,2301,1105117,1577,697009,645,371769,79,36339,968,161173,1323,489481,1047,650654,California
Contra Costa,2021-05-03,8846,1113963,7820,704829,869,372638,157,36496,1887,156276,6946,496427,2049,652703,California
Contra Costa,2021-05-04,12721,1126684,11262,716091,1219,373857,240,36736,1872,147559,10830,507257,2113,654816,California
Contra Costa,2021-05-05,11362,1138046,10049,726140,1166,375023,147,36883,1996,140359,9343,516600,2143,656959,California
Contra Costa,2021-05-06,8589,1146635,7605,733745,778,375801,206,37089,1271,134544,7298,523898,1483,658442,California
Del Norte,2020-12-21,23,23,23,23,0,0,0,0,23,23,0,0,23,23,California
Del Norte,2020-12-22,46,69,46,69,0,0,0,0,46,69,0,0,46,69,California
Del Norte,2020-12-23,58,127,48,117,10,10,0,0,56,125,0,0,56,125,California
Del Norte,2020-12-28,34,161,34,151,0,10,0,0,34,159,0,0,34,159,California
Del Norte,2020-12-29,4,165,4,155,0,10,0,0,4,163,0,0,4,163,California
Del Norte,2020-12-30,67,232,55,210,12,22,0,0,68,231,0,0,68,231,California
Del Norte,2020-12-31,16,248,13,223,3,25,0,0,16,247,0,0,16,247,California
Del Norte,2021-01-04,102,350,49,272,53,78,0,0,102,349,0,0,102,349,California
Del Norte,2021-01-05,32,382,0,272,32,110,0,0,32,381,0,0,32,381,California
Del Norte,2021-01-06,77,459,18,290,59,169,0,0,77,458,0,0,77,458,California
Del Norte,2021-01-07,21,480,1,291,20,189,0,0,21,479,0,0,21,479,California
Del Norte,2021-01-08,78,558,7,298,71,260,0,0,78,557,0,0,78,557,California
Del Norte,2021-01-11,40,598,21,319,19,279,0,0,18,554,22,22,19,576,California
Del Norte,2021-01-12,51,649,32,351,19,298,0,0,30,563,21,43,30,606,California
Del Norte,2021-01-13,86,735,40,391,46,344,0,0,53,583,33,76,53,659,California
Del Norte,2021-01-14,52,787,14,405,38,382,0,0,46,623,6,82,46,705,California
Del Norte,2021-01-15,107,894,18,423,89,471,0,0,95,706,12,94,95,800,California
Del Norte,2021-01-17,1,895,1,424,0,471,0,0,1,707,0,94,1,801,California
Del Norte,2021-01-18,2,897,0,424,2,473,0,0,2,709,0,94,2,803,California
Del Norte,2021-01-19,119,1016,56,480,63,536,0,0,77,744,42,136,77,880,California
Del Norte,2021-01-20,158,1174,84,564,74,610,0,0,96,778,62,198,96,976,California
Del Norte,2021-01-21,43,1217,40,604,3,613,0,0,32,799,11,209,32,1008,California
Del Norte,2021-01-22,20,1237,17,621,3,616,0,0,13,805,7,216,13,1021,California
Del Norte,2021-01-23,1,1238,0,621,1,617,0,0,1,806,0,216,1,1022,California
Del Norte,2021-01-24,1,1239,0,621,1,618,0,0,1,807,0,216,1,1023,California
Del Norte,2021-01-25,100,1339,82,703,18,636,0,0,56,819,44,260,56,1079,California
Del Norte,2021-01-26,18,1357,11,714,7,643,0,0,7,815,11,271,7,1086,California
Del Norte,2021-01-27,64,1421,21,735,43,686,0,0,61,873,3,274,61,1147,California
Del Norte,2021-01-28,291,1712,20,755,271,957,0,0,286,1154,5,279,286,1433,California
Del Norte,2021-01-29,55,1767,21,776,34,991,0,0,44,1187,11,290,44,1477,California
Del Norte,2021-01-30,8,1775,1,777,7,998,0,0,8,1195,0,290,8,1485,California
Del Norte,2021-02-01,41,1816,1,778,40,1038,0,0,26,1206,15,305,26,1511,California
Del Norte,2021-02-02,142,1958,34,812,108,1146,0,0,73,1211,68,373,73,1584,California
Del Norte,2021-02-03,126,2084,40,852,86,1232,0,0,71,1227,55,428,71,1655,California
Del Norte,2021-02-04,71,2155,29,881,42,1274,0,0,42,1240,29,457,42,1697,California
Del Norte,2021-02-05,184,2339,22,903,162,1436,0,0,119,1295,64,521,119,1816,California
Del Norte,2021-02-06,312,2651,6,909,306,1742,0,0,312,1607,0,521,312,2128,California
Del Norte,2021-02-07,2,2653,1,910,1,1743,0,0,2,1609,0,521,2,2130,California
Del Norte,2021-02-08,36,2689,1,911,35,1778,0,0,32,1637,4,525,32,2162,California
Del Norte,2021-02-09,8,2697,5,916,3,1781,0,0,2,1633,6,531,2,2164,California
Del Norte,2021-02-10,143,2840,20,936,123,1904,0,0,86,1663,56,587,86,2250,California
Del Norte,2021-02-11,177,3017,59,995,118,2022,0,0,64,1614,113,700,64,2314,California
Del Norte,2021-02-12,121,3138,14,1009,107,2129,0,0,67,1627,54,754,67,2381,California
Del Norte,2021-02-13,2,3140,1,1010,1,2130,0,0,2,1629,0,754,2,2383,California
Del Norte,2021-02-14,3,3143,1,1011,2,2132,0,0,2,1630,1,755,2,2385,California
Del Norte,2021-02-15,4,3147,0,1011,4,2136,0,0,2,1630,2,757,2,2387,California
Del Norte,2021-02-16,132,3279,1,1012,131,2267,0,0,13,1524,119,876,13,2400,California
Del Norte,2021-02-17,91,3370,20,1032,71,2338,0,0,24,1481,67,943,24,2424,California
Del Norte,2021-02-18,77,3447,24,1056,53,2391,0,0,51,1506,26,969,51,2475,California
Del Norte,2021-02-19,43,3490,17,1073,26,2417,0,0,33,1529,10,979,33,2508,California
Del Norte,2021-02-20,8,3498,5,1078,3,2420,0,0,6,1533,2,981,6,2514,California
Del Norte,2021-02-22,2,3500,0,1078,2,2422,0,0,2,1535,0,981,2,2516,California
Del Norte,2021-02-23,107,3607,89,1167,18,2440,0,0,31,1491,76,1057,32,2548,California
Del Norte,2021-02-24,152,3759,98,1265,54,2494,0,0,79,1497,73,1130,79,2627,California
Del Norte,2021-02-25,476,4235,131,1396,345,2839,0,0,213,1449,261,1391,213,2840,California
Del Norte,2021-02-26,212,4447,176,1572,36,2875,0,0,166,1569,46,1437,166,3006,California
Del Norte,2021-02-27,152,4599,145,1717,6,2881,1,1,141,1700,11,1448,142,3148,California
Del Norte,2021-02-28,4,4603,1,1718,3,2884,0,1,3,1702,1,1449,3,3151,California
Del Norte,2021-03-01,28,4631,2,1720,26,2910,0,1,4,1682,24,1473,4,3155,California
Del Norte,2021-03-02,220,4851,141,1861,79,2989,0,1,187,1836,33,1506,187,3342,California
Del Norte,2021-03-03,167,5018,99,1960,68,3057,0,1,126,1921,41,1547,126,3468,California
Del Norte,2021-03-04,120,5138,83,2043,37,3094,0,1,91,1984,28,1575,91,3559,California
Del Norte,2021-03-05,119,5257,9,2052,110,3204,0,1,71,2007,48,1623,71,3630,California
Del Norte,2021-03-06,466,5723,78,2130,338,3542,50,51,164,1876,302,1925,171,3801,California
Del Norte,2021-03-07,2,5725,1,2131,1,3543,0,51,1,1876,1,1926,1,3802,California
Del Norte,2021-03-08,28,5753,1,2132,25,3568,2,53,5,1860,23,1949,7,3809,California
Del Norte,2021-03-09,193,5946,112,2244,78,3646,3,56,182,2034,11,1960,185,3994,California
Del Norte,2021-03-10,233,6179,96,2340,109,3755,28,84,134,2097,99,2059,162,4156,California
Del Norte,2021-03-11,151,6330,55,2395,91,3846,5,89,103,2157,48,2107,108,4264,California
Del Norte,2021-03-12,178,6508,89,2484,89,3935,0,89,125,2229,53,2160,125,4389,California
Del Norte,2021-03-13,94,6602,93,2577,1,3936,0,89,91,2317,3,2163,91,4480,California
Del Norte,2021-03-14,1,6603,0,2577,1,3937,0,89,1,2317,1,2164,1,4481,California
Del Norte,2021-03-15,38,6641,0,2577,38,3975,0,89,34,2347,4,2168,34,4515,California
Del Norte,2021-03-16,280,6921,135,2712,145,4120,0,89,259,2585,21,2189,259,4774,California
Del Norte,2021-03-17,282,7203,95,2807,185,4305,2,91,168,2641,114,2303,170,4944,California
Del Norte,2021-03-18,285,7488,107,2914,175,4480,3,94,149,2658,135,2438,152,5096,California
Del Norte,2021-03-19,266,7754,159,3073,101,4581,6,100,91,2580,175,2613,97,5193,California
Del Norte,2021-03-20,157,7911,154,3227,3,4584,0,100,15,2453,142,2755,15,5208,California
Del Norte,2021-03-21,4,7915,2,3229,2,4586,0,100,2,2453,2,2757,2,5210,California
Del Norte,2021-03-22,42,7957,3,3232,38,4624,1,101,39,2490,3,2760,40,5250,California
Del Norte,2021-03-23,335,8292,164,3396,153,4777,18,119,165,2504,168,2928,182,5432,California
Del Norte,2021-03-24,397,8689,107,3503,249,5026,41,160,236,2620,161,3089,277,5709,California
Del Norte,2021-03-25,192,8881,89,3592,103,5129,0,160,84,2597,107,3196,84,5793,California
Del Norte,2021-03-26,231,9112,112,3704,119,5248,0,160,197,2760,34,3230,197,5990,California
Del Norte,2021-03-27,108,9220,87,3791,4,5252,17,177,17,2703,91,3321,34,6024,California
Del Norte,2021-03-28,4,9224,2,3793,2,5254,0,177,1,2701,3,3324,1,6025,California
Del Norte,2021-03-29,57,9281,6,3799,34,5288,17,194,32,2725,25,3349,49,6074,California
Del Norte,2021-03-30,339,9620,118,3917,210,5498,11,205,128,2653,211,3560,139,6213,California
Del Norte,2021-03-31,352,9972,99,4016,236,5734,17,222,197,2714,153,3713,214,6427,California
Del Norte,2021-04-01,164,10136,58,4074,72,5806,34,256,69,2723,94,3807,103,6530,California
Del Norte,2021-04-02,230,10366,78,4152,103,5909,49,305,47,2637,183,3990,97,6627,California
Del Norte,2021-04-03,106,10472,82,4234,2,5911,22,327,4,2562,101,4091,26,6653,California
Del Norte,2021-04-04,4,10476,0,4234,0,5911,4,331,0,2562,4,4095,4,6657,California
Del Norte,2021-04-05,46,10522,5,4239,37,5948,4,335,39,2598,7,4102,43,6700,California
Del Norte,2021-04-06,378,10900,119,4358,222,6170,37,372,145,2552,229,4331,183,6883,California
Del Norte,2021-04-07,427,11327,114,4472,252,6422,61,433,280,2747,146,4477,341,7224,California
Del Norte,2021-04-08,233,11560,54,4526,111,6533,68,501,111,2804,122,4599,179,7403,California
Del Norte,2021-04-09,205,11765,47,4573,81,6614,77,578,98,2871,106,4705,173,7576,California
Del Norte,2021-04-10,47,11812,26,4599,4,6618,17,595,27,2895,20,4725,44,7620,California
Del Norte,2021-04-11,12,11824,3,4602,2,6620,7,602,2,2894,10,4735,9,7629,California
Del Norte,2021-04-12,28,11852,1,4603,9,6629,18,620,1,2887,26,4761,19,7648,California
Del Norte,2021-04-13,297,12149,49,4652,248,6877,0,620,155,2900,142,4903,155,7803,California
Del Norte,2021-04-14,326,12475,23,4675,303,7180,0,620,137,2853,189,5092,142,7945,California
Del Norte,2021-04-15,163,12638,30,4705,133,7313,0,620,44,2779,119,5211,45,7990,California
Del Norte,2021-04-16,160,12798,39,4744,121,7434,0,620,58,2736,102,5313,59,8049,California
Del Norte,2021-04-17,101,12899,69,4813,32,7466,0,620,96,2827,5,5318,96,8145,California
Del Norte,2021-04-18,4,12903,3,4816,1,7467,0,620,3,2829,1,5319,3,8148,California
Del Norte,2021-04-19,50,12953,6,4822,44,7511,0,620,8,2795,42,5361,8,8156,California
Del Norte,2021-04-20,209,13162,40,4862,169,7680,0,620,74,2734,135,5496,74,8230,California
Del Norte,2021-04-21,287,13449,22,4884,265,7945,0,620,63,2576,224,5720,66,8296,California
Del Norte,2021-04-22,114,13563,15,4899,99,8044,0,620,62,2586,52,5772,62,8358,California
Del Norte,2021-04-23,151,13714,20,4919,131,8175,0,620,39,2513,112,5884,39,8397,California
Del Norte,2021-04-24,25,13739,14,4933,11,8186,0,620,20,2528,5,5889,20,8417,California
Del Norte,2021-04-25,2,13741,0,4933,2,8188,0,620,2,2530,0,5889,2,8419,California
Del Norte,2021-04-26,29,13770,0,4933,29,8217,0,620,7,2515,22,5911,7,8426,California
Del Norte,2021-04-27,175,13945,19,4952,151,8368,5,625,49,2443,126,6037,54,8480,California
Del Norte,2021-04-28,350,14295,101,5053,245,8613,4,629,63,2226,285,6322,68,8548,California
Del Norte,2021-04-29,92,14387,5,5058,83,8696,4,633,26,2190,66,6388,30,8578,California
Del Norte,2021-04-30,83,14470,6,5064,67,8763,10,643,44,2205,39,6427,54,8632,California
Del Norte,2021-05-01,8,14478,3,5067,5,8768,0,643,6,2209,2,6429,6,8638,California
Del Norte,2021-05-02,8,14486,0,5067,8,8776,0,643,8,2217,0,6429,8,8646,California
Del Norte,2021-05-03,40,14526,3,5070,34,8810,3,646,2,2185,37,6466,5,8651,California
Del Norte,2021-05-04,181,14707,35,5105,141,8951,5,651,38,2085,143,6609,43,8694,California
Del Norte,2021-05-05,138,14845,18,5123,112,9063,8,659,40,2035,98,6707,48,8742,California
Del Norte,2021-05-06,69,14914,3,5126,53,9116,13,672,12,2003,57,6764,25,8767,California
El Dorado,2020-12-15,12,12,12,12,0,0,0,0,12,12,0,0,12,12,California
El Dorado,2020-12-16,40,52,40,52,0,0,0,0,40,52,0,0,40,52,California
El Dorado,2020-12-17,31,83,31,83,0,0,0,0,31,83,0,0,31,83,California
El Dorado,2020-12-18,236,319,236,319,0,0,0,0,236,319,0,0,236,319,California
El Dorado,2020-12-19,116,435,116,435,0,0,0,0,116,435,0,0,116,435,California
El Dorado,2020-12-20,85,520,85,520,0,0,0,0,85,520,0,0,85,520,California
El Dorado,2020-12-21,308,828,307,827,1,1,0,0,308,828,0,0,308,828,California
El Dorado,2020-12-22,238,1066,214,1041,24,25,0,0,238,1066,0,0,238,1066,California
El Dorado,2020-12-23,189,1255,140,1181,49,74,0,0,189,1255,0,0,189,1255,California
El Dorado,2020-12-24,87,1342,66,1247,21,95,0,0,87,1342,0,0,87,1342,California
El Dorado,2020-12-25,8,1350,8,1255,0,95,0,0,8,1350,0,0,8,1350,California
El Dorado,2020-12-26,44,1394,26,1281,18,113,0,0,44,1394,0,0,44,1394,California
El Dorado,2020-12-27,37,1431,33,1314,4,117,0,0,37,1431,0,0,37,1431,California
El Dorado,2020-12-28,215,1646,168,1482,47,164,0,0,215,1646,0,0,215,1646,California
El Dorado,2020-12-29,458,2104,142,1624,316,480,0,0,458,2104,0,0,458,2104,California
El Dorado,2020-12-30,507,2611,136,1760,371,851,0,0,507,2611,0,0,507,2611,California
El Dorado,2020-12-31,110,2721,70,1830,40,891,0,0,110,2721,0,0,110,2721,California
El Dorado,2021-01-01,7,2728,4,1834,3,894,0,0,7,2728,0,0,7,2728,California
El Dorado,2021-01-02,153,2881,141,1975,12,906,0,0,153,2881,0,0,153,2881,California
El Dorado,2021-01-03,92,2973,17,1992,75,981,0,0,92,2973,0,0,92,2973,California
El Dorado,2021-01-04,189,3162,62,2054,127,1108,0,0,189,3162,0,0,189,3162,California
El Dorado,2021-01-05,206,3368,51,2105,155,1263,0,0,190,3336,16,16,190,3352,California
El Dorado,2021-01-06,261,3629,189,2294,72,1335,0,0,197,3469,64,80,197,3549,California
El Dorado,2021-01-07,330,3959,136,2430,194,1529,0,0,259,3657,71,151,259,3808,California
El Dorado,2021-01-08,976,4935,501,2931,475,2004,0,0,773,4228,203,354,774,4582,California
El Dorado,2021-01-09,194,5129,157,3088,37,2041,0,0,126,4286,68,422,126,4708,California
El Dorado,2021-01-10,180,5309,129,3217,51,2092,0,0,110,4327,70,492,111,4819,California
El Dorado,2021-01-11,659,5968,293,3510,366,2458,0,0,460,4590,198,690,461,5280,California
El Dorado,2021-01-12,695,6663,422,3932,273,2731,0,0,446,4787,249,939,446,5726,California
El Dorado,2021-01-13,700,7363,296,4228,404,3135,0,0,539,5165,161,1100,539,6265,California
El Dorado,2021-01-14,693,8056,219,4447,474,3609,0,0,598,5668,95,1195,598,6863,California
El Dorado,2021-01-15,684,8740,185,4632,499,4108,0,0,612,6208,72,1267,612,7475,California
El Dorado,2021-01-16,173,8913,104,4736,69,4177,0,0,146,6327,27,1294,146,7621,California
El Dorado,2021-01-17,100,9013,47,4783,53,4230,0,0,83,6393,17,1311,83,7704,California
El Dorado,2021-01-18,421,9434,138,4921,283,4513,0,0,353,6678,68,1379,353,8057,California
El Dorado,2021-01-19,653,10087,353,5274,300,4813,0,0,503,7032,150,1529,504,8561,California
El Dorado,2021-01-20,1011,11098,686,5960,325,5138,0,0,900,7822,110,1639,900,9461,California
El Dorado,2021-01-21,1160,12258,575,6535,585,5723,0,0,953,8609,166,1805,953,10414,California
El Dorado,2021-01-22,1103,13361,711,7246,392,6115,0,0,1049,9605,53,1858,1049,11463,California
El Dorado,2021-01-23,734,14095,616,7862,118,6233,0,0,623,10117,111,1969,623,12086,California
El Dorado,2021-01-24,126,14221,76,7938,50,6283,0,0,107,10205,19,1988,107,12193,California
El Dorado,2021-01-25,612,14833,206,8144,406,6689,0,0,524,10641,88,2076,524,12717,California
El Dorado,2021-01-26,676,15509,365,8509,311,7000,0,0,571,11108,105,2181,572,13289,California
El Dorado,2021-01-27,928,16437,329,8838,599,7599,0,0,592,11363,337,2518,592,13881,California
El Dorado,2021-01-28,1105,17542,453,9291,652,8251,0,0,744,11746,361,2879,744,14625,California
El Dorado,2021-01-29,976,18518,490,9781,486,8737,0,0,746,12264,229,3108,747,15372,California
El Dorado,2021-01-30,610,19128,359,10140,251,8988,0,0,450,12554,160,3268,450,15822,California
El Dorado,2021-01-31,209,19337,188,10328,21,9009,0,0,180,12705,29,3297,180,16002,California
El Dorado,2021-02-01,799,20136,368,10696,431,9440,0,0,655,13217,143,3440,655,16657,California
El Dorado,2021-02-02,837,20973,367,11063,470,9910,0,0,676,13732,161,3601,676,17333,California
El Dorado,2021-02-03,900,21873,476,11539,424,10334,0,0,687,14206,213,3814,687,18020,California
El Dorado,2021-02-04,1267,23140,723,12262,544,10878,0,0,871,14682,395,4209,871,18891,California
El Dorado,2021-02-05,1484,24624,598,12860,886,11764,0,0,868,14969,581,4790,868,19759,California
El Dorado,2021-02-06,639,25263,334,13194,305,12069,0,0,530,15391,109,4899,531,20290,California
El Dorado,2021-02-07,257,25520,177,13371,80,12149,0,0,193,15520,64,4963,193,20483,California
El Dorado,2021-02-08,881,26401,417,13788,464,12613,0,0,607,15853,274,5237,607,21090,California
El Dorado,2021-02-09,909,27310,487,14275,422,13035,0,0,487,15918,422,5659,487,21577,California
El Dorado,2021-02-10,1246,28556,727,15002,519,13554,0,0,654,15981,591,6250,654,22231,California
El Dorado,2021-02-11,2153,30709,891,15893,1262,14816,0,0,962,15756,1188,7438,963,23194,California
El Dorado,2021-02-12,1571,32280,825,16718,746,15562,0,0,679,15544,892,8330,680,23874,California
El Dorado,2021-02-13,977,33257,668,17386,309,15871,0,0,434,15438,540,8870,434,24308,California
El Dorado,2021-02-14,484,33741,154,17540,330,16201,0,0,398,15750,86,8956,398,24706,California
El Dorado,2021-02-15,1183,34924,386,17926,797,16998,0,0,823,16216,360,9316,826,25532,California
El Dorado,2021-02-16,1201,36125,530,18456,671,17669,0,0,676,16369,524,9840,677,26209,California
El Dorado,2021-02-17,904,37029,374,18830,530,18199,0,0,422,16311,482,10322,424,26633,California
El Dorado,2021-02-18,2085,39114,1012,19842,1073,19272,0,0,1351,16929,733,11055,1351,27984,California
El Dorado,2021-02-19,1168,40282,604,20446,564,19836,0,0,648,17059,519,11574,649,28633,California
El Dorado,2021-02-20,916,41198,435,20881,481,20317,0,0,668,17485,242,11816,668,29301,California
El Dorado,2021-02-21,282,41480,225,21106,57,20374,0,0,99,17402,182,11998,99,29400,California
El Dorado,2021-02-22,869,42349,435,21541,434,20808,0,0,286,17106,582,12580,286,29686,California
El Dorado,2021-02-23,843,43192,472,22013,371,21179,0,0,349,16962,493,13073,349,30035,California
El Dorado,2021-02-24,1028,44220,439,22452,589,21768,0,0,431,16797,597,13670,432,30467,California
El Dorado,2021-02-25,1633,45853,887,23339,746,22514,0,0,723,16618,904,14574,725,31192,California
El Dorado,2021-02-26,2354,48207,1482,24821,872,23386,0,0,1589,17444,763,15337,1589,32781,California
El Dorado,2021-02-27,1659,49866,439,25260,1220,24606,0,0,1220,18228,436,15773,1220,34001,California
El Dorado,2021-02-28,587,50453,203,25463,384,24990,0,0,435,18512,152,15925,436,34437,California
El Dorado,2021-03-01,1140,51593,453,25916,686,25676,1,1,627,18628,512,16437,628,35065,California
El Dorado,2021-03-02,899,52492,266,26182,633,26309,0,1,460,18651,437,16874,460,35525,California
El Dorado,2021-03-03,1679,54171,463,26645,1216,27525,0,1,1152,19285,520,17394,1154,36679,California
El Dorado,2021-03-04,2514,56685,1551,28196,963,28488,0,1,1227,19228,1284,18678,1227,37906,California
El Dorado,2021-03-05,1574,58259,422,28618,1147,29635,5,6,1042,19748,527,19205,1047,38953,California
El Dorado,2021-03-06,739,58998,210,28828,494,30129,35,41,392,19828,347,19552,427,39380,California
El Dorado,2021-03-07,405,59403,198,29026,189,30318,18,59,241,19925,162,19714,259,39639,California
El Dorado,2021-03-08,1327,60730,364,29390,891,31209,72,131,857,20386,467,20181,928,40567,California
El Dorado,2021-03-09,977,61707,225,29615,685,31894,67,198,579,20649,383,20564,646,41213,California
El Dorado,2021-03-10,944,62651,343,29958,545,32439,56,254,545,20856,393,20957,600,41813,California
El Dorado,2021-03-11,2997,65648,1828,31786,987,33426,182,436,1364,20785,1616,22573,1545,43358,California
El Dorado,2021-03-12,1777,67425,619,32405,912,34338,246,682,741,20753,1019,23592,987,44345,California
El Dorado,2021-03-13,1063,68488,344,32749,436,34774,283,965,375,20724,685,24277,656,45001,California
El Dorado,2021-03-14,793,69281,208,32957,473,35247,112,1077,280,20603,513,24790,392,45393,California
El Dorado,2021-03-15,1403,70684,303,33260,974,36221,126,1203,614,20559,785,25575,741,46134,California
El Dorado,2021-03-16,1211,71895,407,33667,660,36881,144,1347,569,20636,636,26211,713,46847,California
El Dorado,2021-03-17,1090,72985,350,34017,646,37527,94,1441,705,21050,385,26596,799,47646,California
El Dorado,2021-03-18,2971,75956,1750,35767,1176,38703,45,1486,1982,22095,982,27578,2027,49673,California
El Dorado,2021-03-19,1105,77061,363,36130,598,39301,144,1630,629,22393,476,28054,774,50447,California
El Dorado,2021-03-20,945,78006,268,36398,660,39961,17,1647,367,22210,567,28621,384,50831,California
El Dorado,2021-03-21,1026,79032,419,36817,602,40563,5,1652,936,23063,88,28709,941,51772,California
El Dorado,2021-03-22,1501,80533,489,37306,930,41493,82,1734,1190,24029,306,29015,1272,53044,California
El Dorado,2021-03-23,1142,81675,449,37755,601,42094,92,1826,734,24458,397,29412,826,53870,California
El Dorado,2021-03-24,1452,83127,620,38375,636,42730,196,2022,660,24550,764,30176,856,54726,California
El Dorado,2021-03-25,2480,85607,1671,40046,706,43436,103,2125,1363,24905,1111,31287,1466,56192,California
El Dorado,2021-03-26,1812,87419,694,40740,1009,44445,109,2234,946,25116,845,32132,1056,57248,California
El Dorado,2021-03-27,1312,88731,189,40929,1119,45564,4,2238,335,24484,971,33103,339,57587,California
El Dorado,2021-03-28,621,89352,182,41111,430,45994,9,2247,203,24281,415,33518,212,57799,California
El Dorado,2021-03-29,1312,90664,431,41542,865,46859,16,2263,824,24636,485,34003,840,58639,California
El Dorado,2021-03-30,1360,92024,411,41953,857,47716,92,2355,704,24782,649,34652,795,59434,California
El Dorado,2021-03-31,1558,93582,582,42535,913,48629,63,2418,703,24693,853,35505,764,60198,California
El Dorado,2021-04-01,3206,96788,1748,44283,1376,50005,82,2500,1518,24608,1686,37191,1601,61799,California
El Dorado,2021-04-02,1879,98667,557,44840,1227,51232,95,2595,753,24333,1123,38314,848,62647,California
El Dorado,2021-04-03,746,99413,292,45132,333,51565,121,2716,227,24163,517,38831,347,62994,California
El Dorado,2021-04-04,270,99683,85,45217,138,51703,47,2763,97,24135,172,39003,144,63138,California
El Dorado,2021-04-05,1423,101106,424,45641,905,52608,94,2857,594,23998,824,39827,687,63825,California
El Dorado,2021-04-06,1413,102519,522,46163,669,53277,222,3079,453,23714,957,40784,673,64498,California
El Dorado,2021-04-07,1577,104096,554,46717,577,53854,446,3525,558,23699,1016,41800,1001,65499,California
El Dorado,2021-04-08,2660,106756,1715,48432,710,54564,235,3760,1109,23499,1542,43342,1342,66841,California
El Dorado,2021-04-09,1414,108170,443,48875,752,55316,219,3979,564,23432,847,44189,780,67621,California
El Dorado,2021-04-10,818,108988,220,49095,489,55805,109,4088,475,23674,341,44530,583,68204,California
El Dorado,2021-04-11,697,109685,452,49547,229,56034,16,4104,205,23405,490,45020,221,68425,California
El Dorado,2021-04-12,1275,110960,495,50042,632,56666,148,4252,557,23398,711,45731,704,69129,California
El Dorado,2021-04-13,1113,112073,608,50650,505,57171,0,4252,507,23303,602,46333,507,69636,California
El Dorado,2021-04-14,1084,113157,456,51106,627,57798,1,4253,384,23001,687,47020,385,70021,California
El Dorado,2021-04-15,2490,115647,1672,52778,818,58616,0,4253,967,22449,1520,48540,968,70989,California
El Dorado,2021-04-16,1454,117101,515,53293,939,59555,0,4253,606,22213,843,49383,607,71596,California
El Dorado,2021-04-17,769,117870,196,53489,573,60128,0,4253,487,22420,280,49663,487,72083,California
El Dorado,2021-04-18,969,118839,81,53570,888,61016,0,4253,402,22256,566,50229,402,72485,California
El Dorado,2021-04-19,1701,120540,435,54005,1266,62282,0,4253,691,21943,1004,51233,691,73176,California
El Dorado,2021-04-20,1106,121646,356,54361,750,63032,0,4253,458,21757,644,51877,458,73634,California
El Dorado,2021-04-21,1152,122798,464,54825,684,63716,4,4257,588,21789,557,52434,589,74223,California
El Dorado,2021-04-22,2527,125325,1662,56487,865,64581,0,4257,1069,21401,1457,53891,1069,75292,California
El Dorado,2021-04-23,1393,126718,494,56981,899,65480,0,4257,715,21442,675,54566,716,76008,California
El Dorado,2021-04-24,961,127679,511,57492,450,65930,0,4257,730,21943,229,54795,730,76738,California
El Dorado,2021-04-25,611,128290,432,57924,179,66109,0,4257,440,22212,171,54966,440,77178,California
El Dorado,2021-04-26,1027,129317,428,58352,583,66692,16,4273,500,22202,526,55492,516,77694,California
El Dorado,2021-04-27,949,130266,357,58709,564,67256,28,4301,438,22162,506,55998,466,78160,California
El Dorado,2021-04-28,1030,131296,345,59054,644,67900,41,4342,400,21974,629,56627,441,78601,California
El Dorado,2021-04-29,1912,133208,1291,60345,589,68489,32,4374,524,21144,1386,58013,556,79157,California
El Dorado,2021-04-30,2107,135315,1323,61668,744,69233,40,4414,1356,21798,741,58754,1395,80552,California
El Dorado,2021-05-01,611,135926,278,61946,306,69539,27,4441,277,21775,327,59081,304,80856,California
El Dorado,2021-05-02,297,136223,212,62158,57,69596,28,4469,101,21710,193,59274,128,80984,California
El Dorado,2021-05-03,766,136989,379,62537,342,69938,45,4514,258,21508,506,59780,304,81288,California
El Dorado,2021-05-04,430,137419,240,62777,178,70116,12,4526,184,21459,245,60025,196,81484,California
El Dorado,2021-05-05,460,137879,233,63010,194,70310,33,4559,200,21434,258,60283,233,81717,California
El Dorado,2021-05-06,566,138445,266,63276,295,70605,5,4564,228,21331,336,60619,233,81950,California
Fresno,2020-12-15,2,2,2,2,0,0,0,0,2,2,0,0,2,2,California
Fresno,2020-12-16,121,123,121,123,0,0,0,0,121,123,0,0,121,123,California
Fresno,2020-12-17,121,244,121,244,0,0,0,0,121,244,0,0,121,244,California
Fresno,2020-12-18,344,588,344,588,0,0,0,0,344,588,0,0,344,588,California
Fresno,2020-12-19,158,746,158,746,0,0,0,0,158,746,0,0,158,746,California
Fresno,2020-12-20,258,1004,256,1002,2,2,0,0,258,1004,0,0,258,1004,California
Fresno,2020-12-21,925,1929,924,1926,1,3,0,0,956,1960,0,0,956,1960,California
Fresno,2020-12-22,901,2830,872,2798,29,32,0,0,905,2865,0,0,905,2865,California
Fresno,2020-12-23,1087,3917,1046,3844,41,73,0,0,1088,3953,0,0,1088,3953,California
Fresno,2020-12-24,582,4499,563,4407,19,92,0,0,582,4535,0,0,582,4535,California
Fresno,2020-12-25,2,4501,1,4408,1,93,0,0,2,4537,0,0,2,4537,California
Fresno,2020-12-26,723,5224,714,5122,9,102,0,0,723,5260,0,0,723,5260,California
Fresno,2020-12-27,300,5524,204,5326,96,198,0,0,300,5560,0,0,300,5560,California
Fresno,2020-12-28,1062,6586,775,6101,287,485,0,0,1063,6623,0,0,1063,6623,California
Fresno,2020-12-29,1768,8354,1038,7139,730,1215,0,0,1766,8388,1,1,1766,8389,California
Fresno,2020-12-30,982,9336,479,7618,503,1718,0,0,982,9370,0,1,982,9371,California
Fresno,2020-12-31,897,10233,310,7928,587,2305,0,0,896,10266,0,1,896,10267,California
Fresno,2021-01-01,9,10242,3,7931,6,2311,0,0,9,10275,0,1,9,10276,California
Fresno,2021-01-02,1030,11272,717,8648,313,2624,0,0,1030,11305,0,1,1030,11306,California
Fresno,2021-01-03,153,11425,128,8776,25,2649,0,0,153,11458,0,1,153,11459,California
Fresno,2021-01-04,618,12043,376,9152,242,2891,0,0,618,12076,0,1,618,12077,California
Fresno,2021-01-05,779,12822,312,9464,467,3358,0,0,705,12707,74,75,705,12782,California
Fresno,2021-01-06,975,13797,346,9810,629,3987,0,0,803,13338,172,247,803,13585,California
Fresno,2021-01-07,1887,15684,916,10726,971,4958,0,0,1633,14720,254,501,1636,15221,California
Fresno,2021-01-08,1785,17469,613,11339,1172,6130,0,0,1422,15781,361,862,1422,16643,California
Fresno,2021-01-09,629,18098,387,11726,242,6372,0,0,354,15860,275,1137,354,16997,California
Fresno,2021-01-10,517,18615,487,12213,30,6402,0,0,204,15751,313,1450,204,17201,California
Fresno,2021-01-11,2156,20771,1749,13962,407,6809,0,0,1463,16524,693,2143,1466,18667,California
Fresno,2021-01-12,2524,23295,1826,15788,698,7507,0,0,1677,17354,849,2992,1679,20346,California
Fresno,2021-01-13,3537,26832,2421,18209,1116,8623,0,0,2681,19181,856,3848,2683,23029,California
Fresno,2021-01-14,4154,30986,2202,20411,1952,10575,0,0,3683,22394,470,4318,3683,26712,California
Fresno,2021-01-15,3646,34632,2531,22942,1115,11690,0,0,3289,25330,357,4675,3293,30005,California
Fresno,2021-01-16,3153,37785,2310,25252,843,12533,0,0,2688,27555,464,5139,2689,32694,California
Fresno,2021-01-17,977,38762,556,25808,421,12954,0,0,779,28136,198,5337,779,33473,California
Fresno,2021-01-18,3076,41838,2369,28177,707,13661,0,0,2411,29886,663,6000,2413,35886,California
Fresno,2021-01-19,4329,46167,2541,30718,1788,15449,0,0,3678,32917,651,6651,3682,39568,California
Fresno,2021-01-20,3002,49169,1193,31911,1809,17258,0,0,2696,35313,303,6954,2699,42267,California
Fresno,2021-01-21,4378,53547,2025,33936,2353,19611,0,0,4029,39017,330,7284,4034,46301,California
Fresno,2021-01-22,3312,56859,1347,35283,1965,21576,0,0,2923,41569,372,7656,2924,49225,California
Fresno,2021-01-23,3043,59902,1970,37253,1073,22649,0,0,2320,43174,722,8378,2327,51552,California
Fresno,2021-01-24,553,60455,373,37626,180,22829,0,0,348,43320,205,8583,351,51903,California
Fresno,2021-01-25,2343,62798,865,38491,1478,24307,0,0,1855,44691,488,9071,1859,53762,California
Fresno,2021-01-26,2020,64818,584,39075,1436,25743,0,0,1315,45304,703,9774,1316,55078,California
Fresno,2021-01-27,2273,67091,1164,40239,1109,26852,0,0,1751,46537,521,10295,1754,56832,California
Fresno,2021-01-28,4497,71588,3058,43297,1439,28291,0,0,3477,49001,1016,11311,3480,60312,California
Fresno,2021-01-29,1705,73293,983,44280,722,29013,0,0,1408,50116,294,11605,1409,61721,California
Fresno,2021-01-30,1451,74744,551,44831,900,29913,0,0,1034,50733,417,12022,1034,62755,California
Fresno,2021-01-31,226,74970,217,45048,9,29922,0,0,72,50651,154,12176,72,62827,California
Fresno,2021-02-01,3337,78307,1667,46715,1670,31592,0,0,1822,50977,1514,13690,1840,64667,California
Fresno,2021-02-02,2717,81024,551,47266,2166,33758,0,0,1582,51455,1120,14810,1598,66265,California
Fresno,2021-02-03,3541,84565,2091,49357,1450,35208,0,0,1529,50988,1997,16807,1530,67795,California
Fresno,2021-02-04,4199,88764,1899,51256,2300,37508,0,0,1930,50684,2239,19046,1935,69730,California
Fresno,2021-02-05,5330,94094,2724,53980,2606,40114,0,0,2307,49977,3018,22064,2311,72041,California
Fresno,2021-02-06,2937,97031,2049,56029,888,41002,0,0,978,49000,1956,24020,979,73020,California
Fresno,2021-02-07,470,97501,289,56318,181,41183,0,0,275,49081,194,24214,275,73295,California
Fresno,2021-02-08,4276,101777,2292,58610,1984,43167,0,0,1812,48462,2440,26654,1821,75116,California
Fresno,2021-02-09,5329,107106,2083,60693,3246,46413,0,0,3118,49453,2136,28790,3127,78243,California
Fresno,2021-02-10,3881,110987,1236,61929,2645,49058,0,0,1988,49615,1838,30628,2000,80243,California
Fresno,2021-02-11,6455,117442,2094,64023,4361,53419,0,0,3366,49912,3074,33702,3371,83614,California
Fresno,2021-02-12,5387,122829,1384,65407,4003,57422,0,0,2745,50042,2622,36324,2752,86366,California
Fresno,2021-02-13,3736,126565,1547,66954,2189,59611,0,0,2083,50490,1641,37965,2089,88455,California
Fresno,2021-02-14,1562,128127,282,67236,1280,60891,0,0,848,50627,713,38678,850,89305,California
Fresno,2021-02-15,2891,131018,272,67508,2619,63510,0,0,1786,51316,1101,39779,1790,91095,California
Fresno,2021-02-16,6689,137707,2404,69912,4285,67795,0,0,4250,53151,2421,42200,4256,95351,California
Fresno,2021-02-17,5338,143045,2454,72366,2884,70679,0,0,2986,53835,2307,44507,2991,98342,California
Fresno,2021-02-18,6862,149907,2906,75272,3956,74635,0,0,2574,52181,4239,48746,2585,100927,California
Fresno,2021-02-19,3838,153745,1103,76375,2735,77370,0,0,1833,52022,1995,50741,1836,102763,California
Fresno,2021-02-20,4537,158282,2501,78876,2036,79406,0,0,3056,53610,1474,52215,3062,105825,California
Fresno,2021-02-21,189,158471,171,79047,18,79424,0,0,129,53692,47,52262,129,105954,California
Fresno,2021-02-22,2232,160703,1002,80049,1230,80654,0,0,1224,53921,999,53261,1228,107182,California
Fresno,2021-02-23,3901,164604,1492,81541,2409,83063,0,0,3040,56113,850,54111,3042,110224,California
Fresno,2021-02-24,4183,168787,1499,83040,2684,85747,0,0,3434,58813,737,54848,3437,113661,California
Fresno,2021-02-25,7503,176290,2540,85580,4963,90710,0,0,6043,63467,1397,56245,6051,119712,California
Fresno,2021-02-26,8351,184641,3051,88631,5300,96010,0,0,7061,69266,1268,57513,7067,126779,California
Fresno,2021-02-27,6312,190953,2219,90850,4093,100103,0,0,5619,74209,681,58194,5624,132403,California
Fresno,2021-02-28,1641,192594,535,91385,1106,101209,0,0,1551,75684,77,58271,1552,133955,California
Fresno,2021-03-01,4937,197531,1308,92693,3629,104838,0,0,3625,78016,1302,59573,3634,137589,California
Fresno,2021-03-02,8661,206192,2320,95013,6341,111179,0,0,7291,83984,1346,60919,7314,144903,California
Fresno,2021-03-03,6868,213060,1690,96703,5177,116356,1,1,5855,88953,1001,61920,5970,150873,California
Fresno,2021-03-04,8616,221676,2545,99248,6071,122427,0,1,7089,94549,1501,63421,7097,157970,California
Fresno,2021-03-05,8051,229727,2712,101960,5337,127764,2,3,7026,100760,892,64313,7103,165073,California
Fresno,2021-03-06,6476,236203,3543,105503,2815,130579,118,121,5525,105462,945,65258,5647,170720,California
Fresno,2021-03-07,1479,237682,679,106182,766,131345,34,155,1251,106522,226,65484,1286,172006,California
Fresno,2021-03-08,5074,242756,2017,108199,2904,134249,153,308,3897,109414,1169,66653,4061,176067,California
Fresno,2021-03-09,7178,249934,2425,110624,4483,138732,270,578,3992,110543,3168,69821,4297,180364,California
Fresno,2021-03-10,6639,256573,2761,113385,3485,142217,393,971,5240,114796,1389,71210,5642,186006,California
Fresno,2021-03-11,11448,268021,4556,117941,6326,148543,566,1537,6209,116451,5196,76406,6851,192857,California
Fresno,2021-03-12,11633,279654,4978,122919,6202,154745,453,1990,8635,122699,2981,79387,9229,202086,California
Fresno,2021-03-13,8176,287830,3903,126822,3242,157987,1031,3021,3922,123490,4234,83621,5025,207111,California
Fresno,2021-03-14,1766,289596,473,127295,1003,158990,290,3311,665,123353,1090,84711,953,208064,California
Fresno,2021-03-15,7017,296613,3089,130384,3758,162748,170,3481,4854,126412,2148,86859,5207,213271,California
Fresno,2021-03-16,10089,306702,4429,134813,5266,168014,394,3875,6061,128967,3996,90855,6551,219822,California
Fresno,2021-03-17,8574,315276,3881,138694,3999,172013,694,4569,5794,133075,2759,93614,6867,226689,California
Fresno,2021-03-18,12270,327546,6577,145271,5062,177075,631,5200,8017,137938,4207,97821,9070,235759,California
Fresno,2021-03-19,10830,338376,5632,150903,4584,181659,614,5814,7346,142735,3456,101277,8253,244012,California
Fresno,2021-03-20,7382,345758,4424,155327,2647,184306,311,6125,4511,144978,2848,104125,5091,249103,California
Fresno,2021-03-21,1777,347535,1204,156531,202,184508,371,6496,961,145499,812,104937,1333,250436,California
Fresno,2021-03-22,5648,353183,2889,159420,2164,186672,595,7091,3851,148363,1781,106718,4645,255081,California
Fresno,2021-03-23,10531,363714,5238,164658,4800,191472,493,7584,6055,150883,4455,111173,6975,262056,California
Fresno,2021-03-24,8607,372321,3631,168289,4148,195620,828,8412,4736,152661,3838,115011,5616,267672,California
Fresno,2021-03-25,12056,384377,5576,173865,5698,201318,782,9194,6177,153863,5838,120849,7040,274712,California
Fresno,2021-03-26,12021,396398,5330,179195,6048,207366,643,9837,5277,153107,6695,127544,5939,280651,California
Fresno,2021-03-27,9376,405774,4136,183331,4157,211523,1083,10920,2938,150731,6402,133946,4026,284677,California
Fresno,2021-03-28,3279,409053,1196,184527,1396,212919,687,11607,1254,150914,2017,135963,2200,286877,California
Fresno,2021-03-29,5991,415044,1979,186506,3469,216388,543,12150,2891,151284,3076,139039,3446,290323,California
Fresno,2021-03-30,10780,425824,4215,190721,5680,222068,885,13035,4453,150320,6301,145340,5337,295660,California
Fresno,2021-03-31,9258,435082,3323,194044,4952,227020,983,14018,3785,149652,5434,150774,4766,300426,California
Fresno,2021-04-01,11641,446723,4073,198117,6715,233735,853,14871,3944,146802,7605,158379,4755,305181,California
Fresno,2021-04-02,11568,458291,4403,202520,6378,240113,787,15658,4207,144595,7208,165587,5001,310182,California
Fresno,2021-04-03,6178,464469,3375,205895,2552,242665,251,15909,2215,143150,3949,169536,2504,312686,California
Fresno,2021-04-04,1488,465957,533,206428,911,243576,44,15953,560,142835,919,170455,604,313290,California
Fresno,2021-04-05,8284,474241,4464,210892,3024,246600,796,16749,2527,140479,5748,176203,3392,316682,California
Fresno,2021-04-06,9537,483778,4013,214905,4352,250952,1172,17921,3603,139368,5902,182105,4791,321473,California
Fresno,2021-04-07,10292,494070,5308,220213,3803,254755,1181,19102,3554,137426,6704,188809,4762,326235,California
Fresno,2021-04-08,10799,504869,5125,225338,4538,259293,1136,20238,3506,134860,7251,196060,4685,330920,California
Fresno,2021-04-09,10685,515554,5111,230449,4215,263508,1359,21597,3598,132791,7049,203109,4980,335900,California
Fresno,2021-04-10,7831,523385,5142,235591,2169,265677,520,22117,3716,132926,4102,207211,4237,340137,California
Fresno,2021-04-11,1387,524772,927,236518,371,266048,89,22206,447,132528,935,208146,537,340674,California
Fresno,2021-04-12,7117,531889,3766,240284,2448,268496,903,23109,2319,130974,4776,212922,3222,343896,California
Fresno,2021-04-13,8892,540781,4229,244513,4593,273089,70,23179,3498,129272,5361,218283,3659,347555,California
Fresno,2021-04-14,8835,549616,5143,249656,3691,276780,1,23180,3623,127765,5177,223460,3670,351225,California
Fresno,2021-04-15,7831,557447,3643,253299,4185,280965,3,23183,3053,126073,4751,228211,3059,354284,California
Fresno,2021-04-16,8939,566386,4244,257543,4693,285658,2,23185,3831,124841,5070,233281,3838,358122,California
Fresno,2021-04-17,5566,571952,3730,261273,1836,287494,0,23185,2711,124716,2838,236119,2713,360835,California
Fresno,2021-04-18,1019,572971,552,261825,467,287961,0,23185,475,124650,541,236660,475,361310,California
Fresno,2021-04-19,5400,578371,2914,264739,2482,290443,4,23189,2168,123626,3199,239859,2175,363485,California
Fresno,2021-04-20,6806,585177,3311,268050,3487,293930,8,23197,2533,121919,4249,244108,2542,366027,California
Fresno,2021-04-21,6250,591427,3407,271457,2835,296765,8,23205,2580,120866,3645,247753,2592,368619,California
Fresno,2021-04-22,6313,597740,3132,274589,3180,299945,1,23206,2329,119264,3935,251688,2333,370952,California
Fresno,2021-04-23,6999,604739,3760,278349,3220,303165,19,23225,2712,117734,4249,255937,2719,373671,California
Fresno,2021-04-24,4153,608892,2481,280830,1672,304837,0,23225,1957,117508,2183,258120,1957,375628,California
Fresno,2021-04-25,1378,610270,567,281397,809,305646,2,23227,692,117518,683,258803,693,376321,California
Fresno,2021-04-26,3772,614042,1844,283241,1889,307535,39,23266,1598,117001,2152,260955,1635,377956,California
Fresno,2021-04-27,4386,618428,2181,285422,2101,309636,104,23370,1721,116180,2646,263601,1825,379781,California
Fresno,2021-04-28,4685,623113,2622,288044,1943,311579,120,23490,1924,115481,2743,266344,2044,381825,California
Fresno,2021-04-29,4699,627812,2642,290686,1929,313508,128,23618,1729,114397,2941,269285,1857,383682,California
Fresno,2021-04-30,5275,633087,3218,293904,1928,315436,129,23747,2089,113458,3156,272441,2217,385899,California
Fresno,2021-05-01,4112,637199,3401,297305,574,316010,137,23884,1212,111919,2887,275328,1348,387247,California
Fresno,2021-05-02,1244,638443,777,298082,417,316427,50,23934,605,111944,629,275957,654,387901,California
Fresno,2021-05-03,3753,642196,2481,300563,1100,317527,172,24106,1214,110808,2518,278475,1382,389283,California
Fresno,2021-05-04,3636,645832,1670,302233,1870,319397,96,24202,1113,109509,2510,280985,1211,390494,California
Fresno,2021-05-05,3496,649328,1978,304211,1351,320748,167,24369,1024,108240,2454,283439,1185,391679,California
Fresno,2021-05-06,2437,651765,1623,305834,779,321527,35,24404,790,107440,1625,285064,825,392504,California
Glenn,2020-12-17,1,1,1,1,0,0,0,0,1,1,0,0,1,1,California
Glenn,2020-12-19,1,2,1,2,0,0,0,0,1,2,0,0,1,2,California
Glenn,2020-12-20,1,3,1,3,0,0,0,0,1,3,0,0,1,3,California
Glenn,2020-12-21,11,14,11,14,0,0,0,0,11,14,0,0,11,14,California
Glenn,2020-12-22,59,73,59,73,0,0,0,0,59,73,0,0,59,73,California
Glenn,2020-12-23,27,100,27,100,0,0,0,0,27,100,0,0,27,100,California
Glenn,2020-12-24,9,109,9,109,0,0,0,0,9,109,0,0,9,109,California
Glenn,2020-12-26,2,111,2,111,0,0,0,0,2,111,0,0,2,111,California
Glenn,2020-12-27,4,115,4,115,0,0,0,0,4,115,0,0,4,115,California
Glenn,2020-12-28,21,136,21,136,0,0,0,0,21,136,0,0,21,136,California
Glenn,2020-12-29,82,218,82,218,0,0,0,0,82,218,0,0,82,218,California
Glenn,2020-12-30,129,347,106,324,23,23,0,0,129,347,0,0,129,347,California
Glenn,2020-12-31,38,385,9,333,29,52,0,0,38,385,0,0,38,385,California
Glenn,2021-01-02,2,387,2,335,0,52,0,0,2,387,0,0,2,387,California
Glenn,2021-01-04,7,394,5,340,2,54,0,0,7,394,0,0,7,394,California
Glenn,2021-01-05,9,403,8,348,1,55,0,0,9,403,0,0,9,403,California
Glenn,2021-01-06,60,463,8,356,52,107,0,0,60,463,0,0,60,463,California
Glenn,2021-01-07,67,530,12,368,55,162,0,0,65,526,2,2,65,528,California
Glenn,2021-01-08,12,542,9,377,3,165,0,0,12,538,0,2,12,540,California
Glenn,2021-01-10,1,543,1,378,0,165,0,0,0,537,1,3,0,540,California
Glenn,2021-01-11,30,573,30,408,0,165,0,0,12,531,18,21,12,552,California
Glenn,2021-01-12,42,615,37,445,5,170,0,0,14,517,28,49,14,566,California
Glenn,2021-01-13,154,769,89,534,65,235,0,0,110,583,44,93,110,676,California
Glenn,2021-01-14,185,954,96,630,89,324,0,0,175,748,10,103,175,851,California
Glenn,2021-01-15,42,996,34,664,8,332,0,0,37,780,5,108,37,888,California
Glenn,2021-01-16,34,1030,14,678,20,352,0,0,24,794,10,118,24,912,California
Glenn,2021-01-17,4,1034,2,680,2,354,0,0,2,794,2,120,2,914,California
Glenn,2021-01-18,17,1051,16,696,1,355,0,0,9,795,8,128,9,923,California
Glenn,2021-01-19,31,1082,20,716,11,366,0,0,14,792,17,145,14,937,California
Glenn,2021-01-20,163,1245,94,810,69,435,0,0,82,793,81,226,82,1019,California
Glenn,2021-01-21,124,1369,98,908,26,461,0,0,30,729,94,320,30,1049,California
Glenn,2021-01-22,339,1708,65,973,274,735,0,0,332,1054,7,327,332,1381,California
Glenn,2021-01-23,14,1722,7,980,7,742,0,0,12,1064,2,329,12,1393,California
Glenn,2021-01-24,2,1724,2,982,0,742,0,0,2,1066,0,329,2,1395,California
Glenn,2021-01-25,27,1751,9,991,18,760,0,0,24,1087,3,332,24,1419,California
Glenn,2021-01-26,29,1780,13,1004,16,776,0,0,23,1104,6,338,23,1442,California
Glenn,2021-01-27,188,1968,13,1017,175,951,0,0,166,1248,22,360,166,1608,California
Glenn,2021-01-28,146,2114,8,1025,138,1089,0,0,116,1334,30,390,116,1724,California
Glenn,2021-01-29,296,2410,12,1037,284,1373,0,0,282,1602,14,404,282,2006,California
Glenn,2021-01-30,4,2414,0,1037,4,1377,0,0,4,1606,0,404,4,2010,California
Glenn,2021-01-31,1,2415,0,1037,1,1378,0,0,1,1607,0,404,1,2011,California
Glenn,2021-02-01,28,2443,10,1047,18,1396,0,0,16,1611,12,416,16,2027,California
Glenn,2021-02-02,28,2471,13,1060,15,1411,0,0,19,1621,9,425,19,2046,California
Glenn,2021-02-03,207,2678,58,1118,149,1560,0,0,111,1637,96,521,112,2158,California
Glenn,2021-02-04,150,2828,84,1202,66,1626,0,0,45,1577,105,626,45,2203,California
Glenn,2021-02-05,319,3147,24,1226,295,1921,0,0,299,1856,20,646,299,2502,California
Glenn,2021-02-06,14,3161,2,1228,12,1933,0,0,13,1868,1,647,13,2515,California
Glenn,2021-02-07,2,3163,2,1230,0,1933,0,0,2,1870,0,647,2,2517,California
Glenn,2021-02-08,21,3184,17,1247,4,1937,0,0,4,1857,17,664,4,2521,California
Glenn,2021-02-09,49,3233,20,1267,29,1966,0,0,36,1880,13,677,36,2557,California
Glenn,2021-02-10,139,3372,19,1286,120,2086,0,0,65,1871,74,751,65,2622,California
Glenn,2021-02-11,232,3604,132,1418,100,2186,0,0,149,1937,83,834,149,2771,California
Glenn,2021-02-12,420,4024,99,1517,321,2507,0,0,354,2225,66,900,354,3125,California
Glenn,2021-02-13,34,4058,7,1524,27,2534,0,0,16,2223,18,918,16,3141,California
Glenn,2021-02-14,1,4059,0,1524,1,2535,0,0,1,2224,0,918,1,3142,California
Glenn,2021-02-15,8,4067,0,1524,8,2543,0,0,8,2232,0,918,8,3150,California
Glenn,2021-02-16,39,4106,9,1533,30,2573,0,0,21,2235,18,936,21,3171,California
Glenn,2021-02-17,380,4486,15,1548,365,2938,0,0,302,2459,78,1014,302,3473,California
Glenn,2021-02-18,135,4621,100,1648,35,2973,0,0,111,2546,24,1038,111,3584,California
Glenn,2021-02-19,303,4924,17,1665,286,3259,0,0,29,2301,274,1312,29,3613,California
Glenn,2021-02-20,8,4932,0,1665,8,3267,0,0,0,2293,8,1320,0,3613,California
Glenn,2021-02-22,33,4965,14,1679,19,3286,0,0,17,2294,16,1336,17,3630,California
Glenn,2021-02-23,40,5005,10,1689,30,3316,0,0,28,2310,12,1348,28,3658,California
Glenn,2021-02-24,221,5226,15,1704,206,3522,0,0,47,2183,174,1522,47,3705,California
Glenn,2021-02-25,262,5488,148,1852,114,3636,0,0,118,2157,144,1666,118,3823,California
Glenn,2021-02-26,304,5792,24,1876,280,3916,0,0,20,1894,283,1949,20,3843,California
Glenn,2021-02-27,15,5807,5,1881,10,3926,0,0,5,1890,9,1958,5,3848,California
Glenn,2021-02-28,6,5813,3,1884,3,3929,0,0,3,1891,2,1960,3,3851,California
Glenn,2021-03-01,28,5841,6,1890,22,3951,0,0,12,1887,16,1976,12,3863,California
Glenn,2021-03-02,35,5876,7,1897,28,3979,0,0,17,1886,18,1994,17,3880,California
Glenn,2021-03-03,192,6068,37,1934,155,4134,0,0,101,1898,89,2083,101,3981,California
Glenn,2021-03-04,520,6588,175,2109,345,4479,0,0,375,2128,145,2228,375,4356,California
Glenn,2021-03-05,356,6944,48,2157,308,4787,0,0,35,1842,321,2549,35,4391,California
Glenn,2021-03-06,26,6970,3,2160,22,4809,1,1,9,1835,17,2566,10,4401,California
Glenn,2021-03-07,5,6975,0,2160,5,4814,0,1,3,1837,1,2567,3,4404,California
Glenn,2021-03-08,20,6995,2,2162,17,4831,1,2,18,1854,2,2569,19,4423,California
Glenn,2021-03-09,82,7077,11,2173,68,4899,3,5,54,1882,28,2597,56,4479,California
Glenn,2021-03-10,172,7249,68,2241,102,5001,2,7,95,1902,77,2674,97,4576,California
Glenn,2021-03-11,584,7833,170,2411,391,5392,23,30,454,2249,130,2804,477,5053,California
Glenn,2021-03-12,418,8251,14,2425,342,5734,62,92,41,1975,377,3181,103,5156,California
Glenn,2021-03-13,12,8263,1,2426,3,5737,8,100,1,1973,11,3192,9,5165,California
Glenn,2021-03-14,3,8266,1,2427,2,5739,0,100,2,1974,1,3193,2,5167,California
Glenn,2021-03-15,75,8341,15,2442,55,5794,5,105,60,2024,15,3208,65,5232,California
Glenn,2021-03-16,106,8447,33,2475,62,5856,11,116,65,2059,41,3249,76,5308,California
Glenn,2021-03-17,417,8864,97,2572,313,6169,7,123,116,1879,301,3550,121,5429,California
Glenn,2021-03-18,521,9385,215,2787,50,6219,256,379,145,1903,376,3926,400,5829,California
Glenn,2021-03-19,92,9477,16,2803,70,6289,6,385,71,1960,20,3946,77,5906,California
Glenn,2021-03-20,121,9598,1,2804,119,6408,1,386,119,2078,2,3948,120,6026,California
Glenn,2021-03-21,6,9604,5,2809,0,6408,1,387,3,2080,2,3950,4,6030,California
Glenn,2021-03-22,117,9721,54,2863,55,6463,8,395,97,2167,18,3968,105,6135,California
Glenn,2021-03-23,173,9894,66,2929,56,6519,51,446,100,2246,72,4040,151,6286,California
Glenn,2021-03-24,205,10099,99,3028,101,6620,5,451,133,2313,71,4111,138,6424,California
Glenn,2021-03-25,457,10556,227,3255,136,6756,94,545,329,2609,127,4238,423,6847,California
Glenn,2021-03-26,228,10784,36,3291,156,6912,36,581,177,2771,51,4289,213,7060,California
Glenn,2021-03-27,151,10935,22,3313,124,7036,5,586,141,2907,10,4299,146,7206,California
Glenn,2021-03-28,15,10950,10,3323,5,7041,0,586,10,2912,5,4304,10,7216,California
Glenn,2021-03-29,60,11010,20,3343,37,7078,3,589,46,2947,14,4318,49,7265,California
Glenn,2021-03-30,74,11084,42,3385,31,7109,1,590,42,2960,30,4348,43,7308,California
Glenn,2021-03-31,125,11209,35,3420,89,7198,1,591,54,2945,70,4418,55,7363,California
Glenn,2021-04-01,640,11849,183,3603,448,7646,9,600,229,2774,409,4827,238,7601,California
Glenn,2021-04-02,158,12007,25,3628,121,7767,12,612,122,2872,36,4863,134,7735,California
Glenn,2021-04-03,91,12098,4,3632,80,7847,7,619,80,2948,11,4874,87,7822,California
Glenn,2021-04-04,8,12106,3,3635,3,7850,2,621,4,2950,4,4878,6,7828,California
Glenn,2021-04-05,65,12171,25,3660,27,7877,13,634,28,2954,37,4915,41,7869,California
Glenn,2021-04-06,144,12315,52,3712,53,7930,39,673,38,2925,105,5020,76,7945,California
Glenn,2021-04-07,158,12473,46,3758,58,7988,54,727,72,2965,86,5106,126,8071,California
Glenn,2021-04-08,640,13113,189,3947,417,8405,34,761,138,2637,500,5606,172,8243,California
Glenn,2021-04-09,156,13269,57,4004,83,8488,16,777,100,2697,56,5662,116,8359,California
Glenn,2021-04-10,75,13344,1,4005,63,8551,11,788,63,2759,12,5674,74,8433,California
Glenn,2021-04-11,17,13361,8,4013,4,8555,5,793,7,2761,10,5684,12,8445,California
Glenn,2021-04-12,114,13475,25,4038,60,8615,29,822,20,2716,94,5778,49,8494,California
Glenn,2021-04-13,118,13593,63,4101,55,8670,0,822,31,2661,86,5864,31,8525,California
Glenn,2021-04-14,122,13715,47,4148,75,8745,0,822,68,2675,54,5918,68,8593,California
Glenn,2021-04-15,361,14076,275,4423,86,8831,0,822,124,2562,237,6155,124,8717,California
Glenn,2021-04-16,164,14240,40,4463,124,8955,0,822,79,2556,85,6240,79,8796,California
Glenn,2021-04-17,165,14405,17,4480,148,9103,0,822,35,2468,123,6363,35,8831,California
Glenn,2021-04-18,16,14421,3,4483,13,9116,0,822,13,2478,3,6366,13,8844,California
Glenn,2021-04-19,82,14503,17,4500,65,9181,0,822,27,2451,54,6420,27,8871,California
Glenn,2021-04-20,125,14628,81,4581,44,9225,0,822,56,2438,69,6489,56,8927,California
Glenn,2021-04-21,408,15036,305,4886,103,9328,0,822,282,2594,126,6615,282,9209,California
Glenn,2021-04-22,205,15241,45,4931,160,9488,0,822,43,2476,161,6776,43,9252,California
Glenn,2021-04-23,178,15419,24,4955,154,9642,0,822,48,2395,129,6905,48,9300,California
Glenn,2021-04-24,179,15598,32,4987,147,9789,0,822,44,2304,135,7040,44,9344,California
Glenn,2021-04-25,28,15626,16,5003,12,9801,0,822,21,2318,7,7047,21,9365,California
Glenn,2021-04-26,44,15670,9,5012,35,9836,0,822,18,2310,26,7073,18,9383,California
Glenn,2021-04-27,52,15722,39,5051,8,9844,5,827,24,2311,27,7100,28,9411,California
Glenn,2021-04-28,255,15977,177,5228,67,9911,11,838,127,2321,128,7228,138,9549,California
Glenn,2021-04-29,181,16158,22,5250,157,10068,2,840,43,2228,138,7366,45,9594,California
Glenn,2021-04-30,155,16313,34,5284,119,10187,2,842,45,2165,110,7476,47,9641,California
Glenn,2021-05-01,108,16421,13,5297,94,10281,1,843,30,2118,78,7554,31,9672,California
Glenn,2021-05-02,30,16451,12,5309,9,10290,9,852,15,2127,15,7569,24,9696,California
Glenn,2021-05-03,28,16479,15,5324,12,10302,1,853,10,2120,18,7587,11,9707,California
Glenn,2021-05-04,31,16510,9,5333,17,10319,5,858,13,2120,18,7605,18,9725,California
Glenn,2021-05-05,100,16610,17,5350,77,10396,6,864,46,2118,54,7659,52,9777,California
Glenn,2021-05-06,78,16688,21,5371,53,10449,4,868,30,2104,48,7707,34,9811,California
Humboldt,2020-12-15,2,2,2,2,0,0,0,0,2,2,0,0,2,2,California
Humboldt,2020-12-16,15,17,15,17,0,0,0,0,15,17,0,0,15,17,California
Humboldt,2020-12-17,117,134,117,134,0,0,0,0,117,134,0,0,117,134,California
Humboldt,2020-12-18,177,311,177,311,0,0,0,0,177,311,0,0,177,311,California
Humboldt,2020-12-19,10,321,10,321,0,0,0,0,10,321,0,0,10,321,California
Humboldt,2020-12-20,28,349,28,349,0,0,0,0,28,349,0,0,28,349,California
Humboldt,2020-12-21,166,515,166,515,0,0,0,0,166,515,0,0,166,515,California
Humboldt,2020-12-22,296,811,296,811,0,0,0,0,296,811,0,0,296,811,California
Humboldt,2020-12-23,310,1121,262,1073,48,48,0,0,312,1123,0,0,312,1123,California
Humboldt,2020-12-24,25,1146,2,1075,23,71,0,0,25,1148,0,0,25,1148,California
Humboldt,2020-12-25,2,1148,2,1077,0,71,0,0,2,1150,0,0,2,1150,California
Humboldt,2020-12-26,6,1154,5,1082,1,72,0,0,6,1156,0,0,6,1156,California
Humboldt,2020-12-28,156,1310,145,1227,11,83,0,0,156,1312,0,0,156,1312,California
Humboldt,2020-12-29,171,1481,124,1351,47,130,0,0,171,1483,0,0,171,1483,California
Humboldt,2020-12-30,223,1704,124,1475,99,229,0,0,223,1706,0,0,223,1706,California
Humboldt,2020-12-31,242,1946,79,1554,163,392,0,0,242,1948,0,0,242,1948,California
Humboldt,2021-01-01,2,1948,1,1555,1,393,0,0,2,1950,0,0,2,1950,California
Humboldt,2021-01-02,38,1986,1,1556,37,430,0,0,38,1988,0,0,38,1988,California
Humboldt,2021-01-04,217,2203,142,1698,75,505,0,0,218,2206,0,0,218,2206,California
Humboldt,2021-01-05,129,2332,18,1716,111,616,0,0,128,2333,1,1,128,2334,California
Humboldt,2021-01-06,302,2634,204,1920,98,714,0,0,229,2501,61,62,229,2563,California
Humboldt,2021-01-07,419,3053,307,2227,112,826,0,0,305,2707,99,161,305,2868,California
Humboldt,2021-01-08,419,3472,280,2507,139,965,0,0,284,2860,131,292,284,3152,California
Humboldt,2021-01-09,69,3541,45,2552,24,989,0,0,66,2924,3,295,67,3219,California
Humboldt,2021-01-10,84,3625,84,2636,0,989,0,0,4,2848,80,375,4,3223,California
Humboldt,2021-01-11,288,3913,277,2913,11,1000,0,0,72,2708,212,587,72,3295,California
Humboldt,2021-01-12,482,4395,319,3232,163,1163,0,0,298,2844,162,749,298,3593,California
Humboldt,2021-01-13,481,4876,275,3507,206,1369,0,0,304,2975,174,923,305,3898,California
Humboldt,2021-01-14,521,5397,164,3671,357,1726,0,0,465,3385,56,979,466,4364,California
Humboldt,2021-01-15,374,5771,39,3710,335,2061,0,0,357,3725,17,996,357,4721,California
Humboldt,2021-01-16,170,5941,6,3716,164,2225,0,0,169,3893,1,997,169,4890,California
Humboldt,2021-01-17,6,5947,4,3720,2,2227,0,0,6,3899,0,997,6,4896,California
Humboldt,2021-01-18,294,6241,259,3979,35,2262,0,0,144,3893,150,1147,144,5040,California
Humboldt,2021-01-19,625,6866,372,4351,253,2515,0,0,498,4270,121,1268,498,5538,California
Humboldt,2021-01-20,914,7780,404,4755,510,3025,0,0,766,4898,140,1408,768,6306,California
Humboldt,2021-01-21,958,8738,260,5015,698,3723,0,0,916,5772,42,1450,916,7222,California
Humboldt,2021-01-22,675,9413,376,5391,299,4022,0,0,667,6431,8,1458,667,7889,California
Humboldt,2021-01-23,801,10214,271,5662,530,4552,0,0,792,7215,9,1467,793,8682,California
Humboldt,2021-01-24,226,10440,1,5663,225,4777,0,0,225,7439,1,1468,225,8907,California
Humboldt,2021-01-25,304,10744,233,5896,71,4848,0,0,149,7433,155,1623,149,9056,California
Humboldt,2021-01-26,526,11270,141,6037,385,5233,0,0,476,7859,50,1673,476,9532,California
Humboldt,2021-01-27,1260,12530,587,6624,673,5906,0,0,1194,8996,59,1732,1196,10728,California
Humboldt,2021-01-28,1456,13986,634,7258,822,6728,0,0,1320,10185,133,1865,1322,12050,California
Humboldt,2021-01-29,1131,15117,546,7804,585,7313,0,0,707,10469,424,2289,708,12758,California
Humboldt,2021-01-30,974,16091,457,8261,517,7830,0,0,961,11418,13,2302,962,13720,California
Humboldt,2021-01-31,312,16403,311,8572,1,7831,0,0,311,11728,1,2303,311,14031,California
Humboldt,2021-02-01,333,16736,192,8764,141,7972,0,0,189,11774,143,2446,189,14220,California
Humboldt,2021-02-02,444,17180,74,8838,370,8342,0,0,339,12013,102,2548,341,14561,California
Humboldt,2021-02-03,655,17835,257,9095,398,8740,0,0,505,12368,150,2698,505,15066,California
Humboldt,2021-02-04,638,18473,262,9357,376,9116,0,0,441,12615,194,2892,441,15507,California
Humboldt,2021-02-05,810,19283,94,9451,716,9832,0,0,624,13053,186,3078,624,16131,California
Humboldt,2021-02-06,1056,20339,444,9895,612,10444,0,0,1015,14029,40,3118,1016,17147,California
Humboldt,2021-02-07,379,20718,9,9904,370,10814,0,0,374,14400,4,3122,375,17522,California
Humboldt,2021-02-08,325,21043,142,10046,183,10997,0,0,184,14444,140,3262,184,17706,California
Humboldt,2021-02-09,494,21537,220,10266,274,11271,0,0,179,14308,315,3577,179,17885,California
Humboldt,2021-02-10,563,22100,370,10636,193,11464,0,0,232,14214,326,3903,232,18117,California
Humboldt,2021-02-11,1294,23394,393,11029,901,12365,0,0,509,13941,782,4685,509,18626,California
Humboldt,2021-02-12,1147,24541,736,11765,411,12776,0,0,707,14208,440,5125,707,19333,California
Humboldt,2021-02-13,1503,26044,555,12320,948,13724,0,0,914,14535,587,5712,914,20247,California
Humboldt,2021-02-14,112,26156,5,12325,107,13831,0,0,109,14642,2,5714,109,20356,California
Humboldt,2021-02-15,292,26448,78,12403,214,14045,0,0,195,14740,97,5811,195,20551,California
Humboldt,2021-02-16,534,26982,118,12521,416,14461,0,0,253,14713,281,6092,254,20805,California
Humboldt,2021-02-17,453,27435,281,12802,172,14633,0,0,137,14535,315,6407,137,20942,California
Humboldt,2021-02-18,968,28403,596,13398,372,15005,0,0,229,14027,737,7144,229,21171,California
Humboldt,2021-02-19,476,28879,434,13832,42,15047,0,0,89,13732,384,7528,89,21260,California
Humboldt,2021-02-20,1586,30465,979,14811,607,15654,0,0,474,13099,1109,8637,476,21736,California
Humboldt,2021-02-21,479,30944,471,15282,8,15662,0,0,183,12987,296,8933,184,21920,California
Humboldt,2021-02-22,127,31071,92,15374,35,15697,0,0,28,12918,97,9030,28,21948,California
Humboldt,2021-02-23,173,31244,70,15444,103,15800,0,0,40,12827,131,9161,40,21988,California
Humboldt,2021-02-24,1163,32407,704,16148,459,16259,0,0,585,12835,577,9738,585,22573,California
Humboldt,2021-02-25,831,33238,316,16464,515,16774,0,0,228,12462,601,10339,228,22801,California
Humboldt,2021-02-26,2144,35382,106,16570,2038,18812,0,0,453,11231,1685,12024,454,23255,California
Humboldt,2021-02-27,1693,37075,1075,17645,618,19430,0,0,870,11284,821,12845,874,24129,California
Humboldt,2021-02-28,121,37196,11,17656,110,19540,0,0,117,11397,4,12849,117,24246,California
Humboldt,2021-03-01,258,37454,47,17703,211,19751,0,0,183,11505,75,12924,183,24429,California
Humboldt,2021-03-02,286,37740,48,17751,238,19989,0,0,156,11531,130,13054,156,24585,California
Humboldt,2021-03-03,1651,39391,1095,18846,556,20545,0,0,1220,12328,424,13478,1221,25806,California
Humboldt,2021-03-04,889,40280,112,18958,777,21322,0,0,270,11981,619,14097,272,26078,California
Humboldt,2021-03-05,934,41214,183,19141,740,22062,11,11,379,11820,551,14648,390,26468,California
Humboldt,2021-03-06,1698,42912,840,19981,809,22871,49,60,713,11598,984,15632,762,27230,California
Humboldt,2021-03-07,364,43276,296,20277,50,22921,18,78,157,11566,207,15839,175,27405,California
Humboldt,2021-03-08,260,43536,7,20284,175,23096,78,156,166,11716,94,15933,244,27649,California
Humboldt,2021-03-09,471,44007,203,20487,121,23217,147,303,223,11840,246,16179,370,28019,California
Humboldt,2021-03-10,682,44689,466,20953,63,23280,153,456,413,12136,268,16447,564,28583,California
Humboldt,2021-03-11,1443,46132,462,21415,882,24162,99,555,626,12045,815,17262,724,29307,California
Humboldt,2021-03-12,1745,47877,1082,22497,442,24604,221,776,1053,12638,684,17946,1277,30584,California
Humboldt,2021-03-13,1569,49446,1021,23518,496,25100,52,828,678,12483,885,18831,730,31314,California
Humboldt,2021-03-14,142,49588,18,23536,115,25215,9,837,28,12406,114,18945,37,31351,California
Humboldt,2021-03-15,274,49862,51,23587,203,25418,20,857,58,12268,216,19161,78,31429,California
Humboldt,2021-03-16,633,50495,200,23787,173,25591,260,1117,259,12412,373,19534,517,31946,California
Humboldt,2021-03-17,731,51226,397,24184,226,25817,108,1225,338,12466,392,19926,446,32392,California
Humboldt,2021-03-18,1733,52959,1164,25348,526,26343,43,1268,1040,12861,688,20614,1083,33475,California
Humboldt,2021-03-19,1073,54032,58,25406,701,27044,314,1582,441,12986,629,21243,754,34229,California
Humboldt,2021-03-20,1375,55407,751,26157,611,27655,13,1595,428,12483,945,22188,442,34671,California
Humboldt,2021-03-21,247,55654,33,26190,185,27840,29,1624,200,12665,47,22235,229,34900,California
Humboldt,2021-03-22,114,55768,15,26205,49,27889,50,1674,57,12717,55,22290,107,35007,California
Humboldt,2021-03-23,411,56179,41,26246,327,28216,43,1717,320,12991,89,22379,363,35370,California
Humboldt,2021-03-24,1414,57593,389,26635,977,29193,48,1765,1037,13705,369,22748,1083,36453,California
Humboldt,2021-03-25,1831,59424,1206,27841,563,29756,62,1827,946,13830,883,23631,1008,37461,California
Humboldt,2021-03-26,2034,61458,437,28278,1541,31297,56,1883,1593,15042,436,24067,1648,39109,California
Humboldt,2021-03-27,1933,63391,1437,29715,327,31624,169,2052,1065,15412,864,24931,1234,40343,California
Humboldt,2021-03-28,267,63658,81,29796,115,31739,71,2123,85,15387,182,25113,157,40500,California
Humboldt,2021-03-29,467,64125,126,29922,246,31985,95,2218,198,15411,268,25381,292,40792,California
Humboldt,2021-03-30,937,65062,304,30226,520,32505,113,2331,563,15716,370,25751,675,41467,California
Humboldt,2021-03-31,1848,66910,517,30743,1235,33740,96,2427,1396,16761,449,26200,1494,42961,California
Humboldt,2021-04-01,2092,69002,702,31445,1300,35040,90,2517,1478,17722,607,26807,1568,44529,California
Humboldt,2021-04-02,1688,70690,1099,32544,485,35525,104,2621,600,17344,1082,27889,704,45233,California
Humboldt,2021-04-03,1654,72344,1496,34040,142,35667,16,2637,661,17038,983,28872,677,45910,California
Humboldt,2021-04-04,479,72823,369,34409,101,35768,9,2646,405,17379,74,28946,415,46325,California
Humboldt,2021-04-05,757,73580,456,34865,253,36021,48,2694,438,17548,317,29263,486,46811,California
Humboldt,2021-04-06,824,74404,316,35181,374,36395,134,2828,583,18028,235,29498,715,47526,California
Humboldt,2021-04-07,1481,75885,1057,36238,285,36680,139,2967,985,18658,494,29992,1124,48650,California
Humboldt,2021-04-08,1722,77607,1085,37323,479,37159,158,3125,731,18557,990,30982,889,49539,California
Humboldt,2021-04-09,1418,79025,432,37755,834,37993,152,3277,1136,19557,281,31263,1281,50820,California
Humboldt,2021-04-10,925,79950,134,37889,616,38609,175,3452,728,20263,195,31458,901,51721,California
Humboldt,2021-04-11,634,80584,136,38025,33,38642,465,3917,125,20343,509,31967,589,52310,California
Humboldt,2021-04-12,431,81015,224,38249,83,38725,124,4041,275,20586,156,32123,399,52709,California
Humboldt,2021-04-13,580,81595,320,38569,257,38982,3,4044,545,21102,31,32154,547,53256,California
Humboldt,2021-04-14,1420,83015,1030,39599,390,39372,0,4044,1309,22301,110,32264,1309,54565,California
Humboldt,2021-04-15,1808,84823,1194,40793,610,39982,4,4048,1242,22997,548,32812,1244,55809,California
Humboldt,2021-04-16,1118,85941,514,41307,604,40586,0,4048,536,22954,579,33391,536,56345,California
Humboldt,2021-04-17,1594,87535,1273,42580,321,40907,0,4048,1010,23386,578,33969,1010,57355,California
Humboldt,2021-04-18,480,88015,340,42920,140,41047,0,4048,93,23096,383,34352,93,57448,California
Humboldt,2021-04-19,186,88201,83,43003,103,41150,0,4048,71,23054,113,34465,71,57519,California
Humboldt,2021-04-20,476,88677,133,43136,343,41493,0,4048,234,23047,241,34706,234,57753,California
Humboldt,2021-04-21,1079,89756,373,43509,706,42199,0,4048,426,22831,643,35349,427,58180,California
Humboldt,2021-04-22,850,90606,498,44007,350,42549,2,4050,429,22841,419,35768,429,58609,California
Humboldt,2021-04-23,2139,92745,298,44305,1841,44390,0,4050,307,21319,1829,37597,307,58916,California
Humboldt,2021-04-24,1010,93755,875,45180,130,44520,5,4055,349,21014,659,38256,354,59270,California
Humboldt,2021-04-25,373,94128,238,45418,135,44655,0,4055,193,21030,177,38433,193,59463,California
Humboldt,2021-04-26,265,94393,186,45604,76,44731,3,4058,79,20926,184,38617,80,59543,California
Humboldt,2021-04-27,635,95028,192,45796,425,45156,18,4076,126,20563,507,39124,144,59687,California
Humboldt,2021-04-28,1520,96548,788,46584,688,45844,44,4120,395,19879,1123,40247,439,60126,California
Humboldt,2021-04-29,1709,98257,567,47151,1104,46948,38,4158,268,18748,1437,41684,306,60432,California
Humboldt,2021-04-30,1226,99483,383,47534,810,47758,33,4191,194,17947,1026,42710,225,60657,California
Humboldt,2021-05-01,457,99940,378,47912,57,47815,22,4213,284,18081,172,42882,306,60963,California
Humboldt,2021-05-02,227,100167,182,48094,36,47851,9,4222,113,18091,113,42995,123,61086,California
Humboldt,2021-05-03,550,100717,321,48415,206,48057,23,4245,92,17750,456,43451,115,61201,California
Humboldt,2021-05-04,426,101143,210,48625,190,48247,26,4271,186,17723,238,43689,211,61412,California
Humboldt,2021-05-05,1403,102546,900,49525,470,48717,33,4304,129,16614,1269,44958,160,61572,California
Humboldt,2021-05-06,1247,103793,821,50346,226,48943,200,4504,39,15647,1206,46164,239,61811,California
Imperial,2020-12-16,1,1,1,1,0,0,0,0,1,1,0,0,1,1,California
Imperial,2020-12-17,4,5,4,5,0,0,0,0,4,5,0,0,4,5,California
Imperial,2020-12-18,12,17,12,17,0,0,0,0,12,17,0,0,12,17,California
Imperial,2020-12-20,2,19,2,19,0,0,0,0,2,19,0,0,2,19,California
Imperial,2020-12-21,186,205,186,205,0,0,0,0,186,205,0,0,186,205,California
Imperial,2020-12-22,241,446,239,444,2,2,0,0,241,446,0,0,241,446,California
Imperial,2020-12-23,210,656,209,653,1,3,0,0,209,655,0,0,209,655,California
Imperial,2020-12-24,5,661,5,658,0,3,0,0,5,660,0,0,5,660,California
Imperial,2020-12-26,1,662,0,658,1,4,0,0,1,661,0,0,1,661,California
Imperial,2020-12-27,62,724,0,658,62,66,0,0,62,723,0,0,62,723,California
Imperial,2020-12-28,214,938,114,772,100,166,0,0,214,937,0,0,214,937,California
Imperial,2020-12-29,189,1127,36,808,153,319,0,0,189,1126,0,0,189,1126,California
Imperial,2020-12-30,366,1493,50,858,316,635,0,0,366,1492,0,0,366,1492,California
Imperial,2020-12-31,197,1690,26,884,171,806,0,0,197,1689,0,0,197,1689,California
Imperial,2021-01-01,47,1737,5,889,42,848,0,0,47,1736,0,0,47,1736,California
Imperial,2021-01-02,4,1741,0,889,4,852,0,0,4,1740,0,0,4,1740,California
Imperial,2021-01-03,90,1831,0,889,90,942,0,0,90,1830,0,0,90,1830,California
Imperial,2021-01-04,85,1916,5,894,80,1022,0,0,85,1915,0,0,85,1915,California
Imperial,2021-01-05,173,2089,14,908,159,1181,0,0,173,2088,0,0,173,2088,California
Imperial,2021-01-06,190,2279,25,933,165,1346,0,0,189,2276,1,1,189,2277,California
Imperial,2021-01-07,319,2598,9,942,310,1656,0,0,316,2589,3,4,316,2593,California
Imperial,2021-01-08,192,2790,52,994,140,1796,0,0,182,2761,10,14,182,2775,California
Imperial,2021-01-09,24,2814,21,1015,3,1799,0,0,24,2785,0,14,24,2799,California
Imperial,2021-01-10,1,2815,0,1015,1,1800,0,0,1,2786,0,14,1,2800,California
Imperial,2021-01-11,402,3217,243,1258,159,1959,0,0,174,2732,228,242,174,2974,California
Imperial,2021-01-12,404,3621,302,1560,102,2061,0,0,142,2613,261,503,142,3116,California
Imperial,2021-01-13,379,4000,132,1692,247,2308,0,0,280,2794,99,602,280,3396,California
Imperial,2021-01-14,260,4260,151,1843,109,2417,0,0,254,3043,5,607,254,3650,California
Imperial,2021-01-15,241,4501,182,2025,59,2476,0,0,234,3270,7,614,234,3884,California
Imperial,2021-01-16,77,4578,73,2098,4,2480,0,0,76,3345,1,615,76,3960,California
Imperial,2021-01-17,10,4588,2,2100,8,2488,0,0,10,3355,0,615,10,3970,California
Imperial,2021-01-18,1053,5641,399,2499,654,3142,0,0,955,4213,98,713,956,4926,California
Imperial,2021-01-19,165,5806,129,2628,36,3178,0,0,118,4284,47,760,118,5044,California
Imperial,2021-01-20,292,6098,195,2823,97,3275,0,0,254,4500,38,798,254,5298,California
Imperial,2021-01-21,415,6513,183,3006,232,3507,0,0,395,4875,20,818,395,5693,California
Imperial,2021-01-22,457,6970,189,3195,268,3775,0,0,448,5314,9,827,448,6141,California
Imperial,2021-01-23,1041,8011,290,3485,751,4526,0,0,1040,6353,1,828,1040,7181,California
Imperial,2021-01-24,11,8022,4,3489,7,4533,0,0,11,6364,0,828,11,7192,California
Imperial,2021-01-25,213,8235,5,3494,208,4741,0,0,34,6220,178,1006,34,7226,California
Imperial,2021-01-26,360,8595,185,3679,175,4916,0,0,217,6294,143,1149,217,7443,California
Imperial,2021-01-27,570,9165,162,3841,408,5324,0,0,237,6198,333,1482,237,7680,California
Imperial,2021-01-28,632,9797,159,4000,473,5797,0,0,525,6616,107,1589,525,8205,California
Imperial,2021-01-29,424,10221,296,4296,128,5925,0,0,374,6940,50,1639,374,8579,California
Imperial,2021-01-30,56,10277,31,4327,25,5950,0,0,39,6962,17,1656,39,8618,California
Imperial,2021-01-31,17,10294,7,4334,10,5960,0,0,16,6977,1,1657,16,8634,California
Imperial,2021-02-01,420,10714,54,4388,366,6326,0,0,209,6977,209,1866,209,8843,California
Imperial,2021-02-02,680,11394,54,4442,626,6952,0,0,499,7295,181,2047,499,9342,California
Imperial,2021-02-03,457,11851,48,4490,409,7361,0,0,264,7367,192,2239,264,9606,California
Imperial,2021-02-04,1723,13574,1203,5693,520,7881,0,0,1408,8462,313,2552,1408,11014,California
Imperial,2021-02-05,389,13963,241,5934,148,8029,0,0,152,8379,235,2787,152,11166,California
Imperial,2021-02-06,861,14824,838,6772,23,8052,0,0,824,9167,36,2823,824,11990,California
Imperial,2021-02-07,21,14845,9,6781,12,8064,0,0,20,9186,1,2824,20,12010,California
Imperial,2021-02-08,250,15095,42,6823,208,8272,0,0,182,9300,68,2892,182,12192,California
Imperial,2021-02-09,462,15557,146,6969,316,8588,0,0,304,9446,158,3050,304,12496,California
Imperial,2021-02-10,384,15941,56,7025,328,8916,0,0,94,9251,290,3340,95,12591,California
Imperial,2021-02-11,465,16406,259,7284,206,9122,0,0,89,8964,376,3716,89,12680,California
Imperial,2021-02-12,2130,18536,1411,8695,719,9841,0,0,1778,10391,351,4067,1778,14458,California
Imperial,2021-02-13,42,18578,18,8713,24,9865,0,0,34,10418,8,4075,35,14493,California
Imperial,2021-02-14,24,18602,12,8725,12,9877,0,0,21,10436,3,4078,21,14514,California
Imperial,2021-02-15,30,18632,10,8735,20,9897,0,0,23,10452,7,4085,23,14537,California
Imperial,2021-02-16,514,19146,267,9002,247,10144,0,0,293,10524,221,4306,293,14830,California
Imperial,2021-02-17,439,19585,285,9287,154,10298,0,0,83,10251,356,4662,83,14913,California
Imperial,2021-02-18,646,20231,308,9595,338,10636,0,0,140,9887,504,5166,140,15053,California
Imperial,2021-02-19,767,20998,382,9977,385,11021,0,0,192,9505,574,5740,192,15245,California
Imperial,2021-02-20,1039,22037,191,10168,848,11869,0,0,325,9119,713,6453,327,15572,California
Imperial,2021-02-21,588,22625,554,10722,34,11903,0,0,577,9686,10,6463,577,16149,California
Imperial,2021-02-22,807,23432,567,11289,240,12143,0,0,758,10395,49,6512,758,16907,California
Imperial,2021-02-23,960,24392,395,11684,565,12708,0,0,907,11249,53,6565,907,17814,California
Imperial,2021-02-24,700,25092,285,11969,415,13123,0,0,603,11756,96,6661,603,18417,California
Imperial,2021-02-25,817,25909,338,12307,479,13602,0,0,451,11847,365,7026,456,18873,California
Imperial,2021-02-26,1745,27654,1351,13658,394,13996,0,0,1570,13245,173,7199,1571,20444,California
Imperial,2021-02-27,859,28513,810,14468,49,14045,0,0,121,12629,738,7937,122,20566,California
Imperial,2021-02-28,30,28543,20,14488,10,14055,0,0,20,12639,10,7947,20,20586,California
Imperial,2021-03-01,494,29037,295,14783,198,14253,1,1,428,13005,64,8011,430,21016,California
Imperial,2021-03-02,674,29711,247,15030,427,14680,0,1,385,13104,288,8299,387,21403,California
Imperial,2021-03-03,926,30637,48,15078,877,15557,1,2,557,13307,366,8665,569,21972,California
Imperial,2021-03-04,746,31383,76,15154,669,16226,1,3,485,13563,259,8924,515,22487,California
Imperial,2021-03-05,2572,33955,1939,17093,633,16859,0,3,1247,13490,1322,10246,1249,23736,California
Imperial,2021-03-06,690,34645,238,17331,452,17311,0,3,649,14105,38,10284,653,24389,California
Imperial,2021-03-07,75,34720,41,17372,34,17345,0,3,54,14139,21,10305,55,24444,California
Imperial,2021-03-08,415,35135,331,17703,49,17394,35,38,362,14484,52,10357,397,24841,California
Imperial,2021-03-09,681,35816,310,18013,125,17519,246,284,398,14844,283,10640,643,25484,California
Imperial,2021-03-10,683,36499,313,18326,267,17786,103,387,320,14906,362,11002,424,25908,California
Imperial,2021-03-11,1786,38285,477,18803,1117,18903,192,579,1185,15694,600,11602,1388,27296,California
Imperial,2021-03-12,3702,41987,2539,21342,977,19880,186,765,2103,16386,1597,13199,2289,29585,California
Imperial,2021-03-13,1143,43130,92,21434,828,20708,223,988,857,17185,284,13483,1083,30668,California
Imperial,2021-03-14,169,43299,31,21465,126,20834,12,1000,139,17307,30,13513,152,30820,California
Imperial,2021-03-15,671,43970,214,21679,198,21032,259,1259,374,17645,295,13808,633,31453,California
Imperial,2021-03-16,1070,45040,275,21954,341,21373,454,1713,533,18096,535,14343,986,32439,California
Imperial,2021-03-17,1571,46611,689,22643,745,22118,137,1850,992,18650,576,14919,1130,33569,California
Imperial,2021-03-18,1779,48390,1176,23819,543,22661,60,1910,1251,19437,526,15445,1313,34882,California
Imperial,2021-03-19,3338,51728,2446,26265,888,23549,4,1914,1501,19114,1829,17274,1506,36388,California
Imperial,2021-03-20,864,52592,550,26815,309,23858,5,1919,420,19105,440,17714,431,36819,California
Imperial,2021-03-21,217,52809,35,26850,178,24036,4,1923,159,19214,58,17772,167,36986,California
Imperial,2021-03-22,1046,53855,339,27189,700,24736,7,1930,622,19422,423,18195,631,37617,California
Imperial,2021-03-23,1390,55245,411,27600,972,25708,7,1937,890,19824,497,18692,899,38516,California
Imperial,2021-03-24,1870,57115,542,28142,901,26609,427,2364,899,20181,968,19660,1325,39841,California
Imperial,2021-03-25,2894,60009,506,28648,884,27493,1504,3868,1017,20822,1873,21533,2514,42355,California
Imperial,2021-03-26,2488,62497,881,29529,736,28229,871,4739,776,20765,1705,23238,1648,44003,California
Imperial,2021-03-27,596,63093,282,29811,262,28491,52,4791,436,21096,157,23395,488,44491,California
Imperial,2021-03-28,208,63301,51,29862,155,28646,2,4793,171,21233,36,23431,173,44664,California
Imperial,2021-03-29,1213,64514,348,30210,391,29037,474,5267,317,21131,894,24325,792,45456,California
Imperial,2021-03-30,1819,66333,675,30885,592,29629,552,5819,675,21215,1144,25469,1228,46684,California
Imperial,2021-03-31,1521,67854,712,31597,804,30433,5,5824,1005,21710,514,25983,1009,47693,California
Imperial,2021-04-01,1892,69746,399,31996,1251,31684,242,6066,815,21695,1071,27054,1056,48749,California
Imperial,2021-04-02,1264,71010,450,32446,740,32424,74,6140,749,22004,513,27567,822,49571,California
Imperial,2021-04-03,1494,72504,407,32853,1008,33432,79,6219,686,21964,805,28372,765,50336,California
Imperial,2021-04-04,84,72588,40,32893,28,33460,16,6235,25,21946,59,28431,41,50377,California
Imperial,2021-04-05,2112,74700,1281,34174,764,34224,67,6302,402,20713,1703,30134,470,50847,California
Imperial,2021-04-06,1294,75994,526,34700,579,34803,189,6491,681,20974,610,30744,871,51718,California
Imperial,2021-04-07,2148,78142,549,35249,1223,36026,376,6867,1538,22281,607,31351,1914,53632,California
Imperial,2021-04-08,2184,80326,1070,36319,820,36846,294,7161,1075,22543,1106,32457,1368,55000,California
Imperial,2021-04-09,2142,82468,633,36952,893,37739,616,7777,833,22686,1305,33762,1448,56448,California
Imperial,2021-04-10,1276,83744,184,37136,821,38560,271,8048,215,22111,1059,34821,484,56932,California
Imperial,2021-04-11,217,83961,30,37166,155,38715,32,8080,74,22074,143,34964,106,57038,California
Imperial,2021-04-12,1397,85358,761,37927,430,39145,206,8286,792,22474,601,35565,1001,58039,California
Imperial,2021-04-13,2269,87627,1446,39373,821,39966,2,8288,1592,23394,673,36238,1593,59632,California
Imperial,2021-04-14,2008,89635,940,40313,1068,41034,0,8288,1420,24232,583,36821,1421,61053,California
Imperial,2021-04-15,1966,91601,908,41221,1058,42092,0,8288,1378,25028,584,37405,1380,62433,California
Imperial,2021-04-16,2199,93800,1097,42318,1102,43194,0,8288,1311,25456,883,38288,1311,63744,California
Imperial,2021-04-17,1745,95545,877,43195,866,44060,2,8290,1363,26445,377,38665,1366,65110,California
Imperial,2021-04-18,250,95795,69,43264,181,44241,0,8290,90,26376,159,38824,90,65200,California
Imperial,2021-04-19,800,96595,250,43514,550,44791,0,8290,461,26503,338,39162,465,65665,California
Imperial,2021-04-20,1296,97891,513,44027,783,45574,0,8290,757,26724,536,39698,757,66422,California
Imperial,2021-04-21,1327,99218,324,44351,1003,46577,0,8290,802,27004,522,40220,802,67224,California
Imperial,2021-04-22,1959,101177,771,45122,1188,47765,0,8290,1396,27845,557,40777,1398,68622,California
Imperial,2021-04-23,1499,102676,400,45522,1099,48864,0,8290,852,28061,640,41417,856,69478,California
Imperial,2021-04-24,528,103204,313,45835,215,49079,0,8290,203,27941,323,41740,203,69681,California
Imperial,2021-04-25,263,103467,96,45931,167,49246,0,8290,135,27949,127,41867,135,69816,California
Imperial,2021-04-26,984,104451,435,46366,546,49792,3,8293,652,28273,331,42198,655,70471,California
Imperial,2021-04-27,919,105370,338,46704,573,50365,8,8301,475,28312,444,42642,483,70954,California
Imperial,2021-04-28,1303,106673,595,47299,682,51047,26,8327,628,28295,671,43313,654,71608,California
Imperial,2021-04-29,1692,108365,823,48122,846,51893,23,8350,770,28174,915,44228,794,72402,California
Imperial,2021-04-30,1420,109785,728,48850,662,52555,30,8380,1022,28833,393,44621,1052,73454,California
Imperial,2021-05-01,302,110087,116,48966,184,52739,2,8382,154,28842,148,44769,157,73611,California
Imperial,2021-05-02,82,110169,24,48990,56,52795,2,8384,53,28869,29,44798,56,73667,California
Imperial,2021-05-03,1533,111702,544,49534,945,53740,44,8428,339,28066,1187,45985,384,74051,California
Imperial,2021-05-04,1162,112864,553,50087,588,54328,21,8449,433,27796,725,46710,455,74506,California
Imperial,2021-05-05,1136,114000,714,50801,410,54738,12,8461,393,27466,735,47445,405,74911,California
Imperial,2021-05-06,1166,115166,877,51678,269,55007,20,8481,506,27334,658,48103,526,75437,California
Inyo,2020-12-19,85,85,85,85,0,0,0,0,85,85,0,0,85,85,California
Inyo,2020-12-20,58,143,58,143,0,0,0,0,58,143,0,0,58,143,California
Inyo,2020-12-21,88,231,85,228,3,3,0,0,88,231,0,0,88,231,California
Inyo,2020-12-22,105,336,105,333,0,3,0,0,105,336,0,0,105,336,California
Inyo,2020-12-23,70,406,67,400,3,6,0,0,70,406,0,0,70,406,California
Inyo,2020-12-24,16,422,16,416,0,6,0,0,16,422,0,0,16,422,California
Inyo,2020-12-25,1,423,0,416,1,7,0,0,1,423,0,0,1,423,California
Inyo,2020-12-26,74,497,74,490,0,7,0,0,74,497,0,0,74,497,California
Inyo,2020-12-28,48,545,36,526,12,19,0,0,48,545,0,0,48,545,California
Inyo,2020-12-29,19,564,19,545,0,19,0,0,19,564,0,0,19,564,California
Inyo,2020-12-30,56,620,54,599,2,21,0,0,56,620,0,0,56,620,California
Inyo,2020-12-31,29,649,0,599,29,50,0,0,29,649,0,0,29,649,California
Inyo,2021-01-01,1,650,0,599,1,51,0,0,1,650,0,0,1,650,California
Inyo,2021-01-03,1,651,0,599,1,52,0,0,1,651,0,0,1,651,California
Inyo,2021-01-04,2,653,1,600,1,53,0,0,2,653,0,0,2,653,California
Inyo,2021-01-05,34,687,0,600,34,87,0,0,34,687,0,0,34,687,California
Inyo,2021-01-06,68,755,0,600,68,155,0,0,68,755,0,0,68,755,California
Inyo,2021-01-07,31,786,1,601,30,185,0,0,31,786,0,0,31,786,California
Inyo,2021-01-08,9,795,8,609,1,186,0,0,4,786,5,5,5,791,California
Inyo,2021-01-09,87,882,86,695,1,187,0,0,1,701,86,91,1,792,California
Inyo,2021-01-10,52,934,52,747,0,187,0,0,0,649,52,143,0,792,California
Inyo,2021-01-11,97,1031,82,829,15,202,0,0,16,584,81,224,16,808,California
Inyo,2021-01-12,139,1170,118,947,21,223,0,0,28,501,111,335,28,836,California
Inyo,2021-01-13,86,1256,68,1015,18,241,0,0,21,458,65,400,22,858,California
Inyo,2021-01-14,59,1315,13,1028,46,287,0,0,49,497,10,410,49,907,California
Inyo,2021-01-15,163,1478,28,1056,135,422,0,0,163,660,0,410,163,1070,California
Inyo,2021-01-16,74,1552,73,1129,1,423,0,0,1,588,73,483,1,1071,California
Inyo,2021-01-18,58,1610,36,1165,22,445,0,0,19,568,39,522,19,1090,California
Inyo,2021-01-19,115,1725,72,1237,43,488,0,0,98,649,17,539,98,1188,California
Inyo,2021-01-20,147,1872,71,1308,76,564,0,0,93,688,54,593,93,1281,California
Inyo,2021-01-21,121,1993,57,1365,64,628,0,0,120,807,1,594,120,1401,California
Inyo,2021-01-22,62,2055,0,1365,62,690,0,0,61,867,1,595,61,1462,California
Inyo,2021-01-23,52,2107,52,1417,0,690,0,0,52,919,0,595,52,1514,California
Inyo,2021-01-25,49,2156,6,1423,43,733,0,0,37,944,12,607,37,1551,California
Inyo,2021-01-26,135,2291,54,1477,81,814,0,0,129,1067,6,613,129,1680,California
Inyo,2021-01-27,24,2315,2,1479,22,836,0,0,23,1089,1,614,23,1703,California
Inyo,2021-01-28,92,2407,2,1481,90,926,0,0,63,1123,29,643,63,1766,California
Inyo,2021-01-29,25,2432,3,1484,22,948,0,0,23,1144,2,645,23,1789,California
Inyo,2021-01-30,11,2443,1,1485,10,958,0,0,11,1155,0,645,11,1800,California
Inyo,2021-01-31,32,2475,4,1489,28,986,0,0,4,1131,28,673,4,1804,California
Inyo,2021-02-01,11,2486,9,1498,2,988,0,0,1,1122,10,683,1,1805,California
Inyo,2021-02-02,130,2616,14,1512,116,1104,0,0,104,1200,26,709,104,1909,California
Inyo,2021-02-03,116,2732,0,1512,116,1220,0,0,74,1232,42,751,74,1983,California
Inyo,2021-02-04,149,2881,31,1543,118,1338,0,0,90,1263,59,810,90,2073,California
Inyo,2021-02-05,118,2999,62,1605,56,1394,0,0,116,1377,2,812,116,2189,California
Inyo,2021-02-06,4,3003,2,1607,2,1396,0,0,3,1379,1,813,3,2192,California
Inyo,2021-02-07,4,3007,2,1609,2,1398,0,0,4,1383,0,813,4,2196,California
Inyo,2021-02-08,117,3124,7,1616,110,1508,0,0,97,1460,20,833,97,2293,California
Inyo,2021-02-09,194,3318,51,1667,143,1651,0,0,123,1512,71,904,123,2416,California
Inyo,2021-02-10,143,3461,18,1685,125,1776,0,0,109,1587,34,938,109,2525,California
Inyo,2021-02-11,220,3681,56,1741,164,1940,0,0,126,1619,94,1032,126,2651,California
Inyo,2021-02-12,299,3980,51,1792,248,2188,0,0,167,1654,132,1164,167,2818,California
Inyo,2021-02-13,60,4040,55,1847,5,2193,0,0,8,1610,52,1216,8,2826,California
Inyo,2021-02-14,1,4041,0,1847,1,2194,0,0,1,1611,0,1216,1,2827,California
Inyo,2021-02-15,29,4070,9,1856,20,2214,0,0,5,1592,24,1240,5,2832,California
Inyo,2021-02-16,180,4250,50,1906,130,2344,0,0,92,1597,87,1327,92,2924,California
Inyo,2021-02-17,37,4287,4,1910,33,2377,0,0,7,1574,30,1357,7,2931,California
Inyo,2021-02-18,123,4410,6,1916,117,2494,0,0,79,1609,44,1401,79,3010,California
Inyo,2021-02-19,52,4462,4,1920,48,2542,0,0,9,1575,43,1444,9,3019,California
Inyo,2021-02-20,504,4966,500,2420,4,2546,0,0,502,2075,2,1446,502,3521,California
Inyo,2021-02-21,267,5233,267,2687,0,2546,0,0,267,2342,0,1446,267,3788,California
Inyo,2021-02-22,61,5294,19,2706,42,2588,0,0,27,2335,34,1480,27,3815,California
Inyo,2021-02-23,198,5492,20,2726,178,2766,0,0,94,2326,103,1583,94,3909,California
Inyo,2021-02-24,118,5610,0,2726,118,2884,0,0,57,2322,61,1644,57,3966,California
Inyo,2021-02-25,130,5740,3,2729,127,3011,0,0,62,2316,68,1712,62,4028,California
Inyo,2021-02-26,104,5844,61,2790,43,3054,0,0,19,2250,85,1797,19,4047,California
Inyo,2021-02-27,15,5859,4,2794,11,3065,0,0,3,2241,12,1809,3,4050,California
Inyo,2021-02-28,3,5862,1,2795,2,3067,0,0,2,2242,1,1810,2,4052,California
Inyo,2021-03-01,20,5882,2,2797,18,3085,0,0,17,2256,3,1813,17,4069,California
Inyo,2021-03-02,196,6078,1,2798,195,3280,0,0,111,2282,85,1898,111,4180,California
Inyo,2021-03-03,83,6161,2,2800,81,3361,0,0,40,2279,43,1941,40,4220,California
Inyo,2021-03-04,128,6289,4,2804,124,3485,0,0,46,2243,82,2023,46,4266,California
Inyo,2021-03-05,141,6430,56,2860,85,3570,0,0,38,2178,103,2126,38,4304,California
Inyo,2021-03-06,31,6461,1,2861,30,3600,0,0,30,2207,1,2127,30,4334,California
Inyo,2021-03-07,7,6468,4,2865,3,3603,0,0,5,2210,2,2129,5,4339,California
Inyo,2021-03-08,182,6650,5,2870,177,3780,0,0,91,2210,91,2220,91,4430,California
Inyo,2021-03-09,187,6837,2,2872,185,3965,0,0,71,2165,116,2336,71,4501,California
Inyo,2021-03-10,70,6907,8,2880,61,4026,1,1,30,2156,40,2376,31,4532,California
Inyo,2021-03-11,203,7110,1,2881,197,4223,5,6,73,2104,130,2506,78,4610,California
Inyo,2021-03-12,175,7285,4,2885,166,4389,5,11,77,2088,98,2604,82,4692,California
Inyo,2021-03-13,576,7861,541,3426,25,4414,10,21,77,1677,498,3102,87,4779,California
Inyo,2021-03-14,431,8292,430,3856,1,4415,0,21,168,1583,262,3364,168,4947,California
Inyo,2021-03-15,51,8343,15,3871,34,4449,2,23,30,1594,21,3385,32,4979,California
Inyo,2021-03-16,163,8506,4,3875,153,4602,6,29,63,1564,99,3484,69,5048,California
Inyo,2021-03-17,107,8613,3,3878,97,4699,7,36,92,1648,15,3499,99,5147,California
Inyo,2021-03-18,184,8797,15,3893,162,4861,7,43,103,1677,81,3580,110,5257,California
Inyo,2021-03-19,46,8843,4,3897,38,4899,4,47,36,1707,10,3590,40,5297,California
Inyo,2021-03-20,20,8863,1,3898,10,4909,9,56,1,1698,19,3609,10,5307,California
Inyo,2021-03-22,59,8922,2,3900,52,4961,5,61,39,1722,20,3629,44,5351,California
Inyo,2021-03-23,194,9116,4,3904,186,5147,4,65,104,1740,90,3719,108,5459,California
Inyo,2021-03-24,140,9256,3,3907,133,5280,4,69,87,1778,53,3772,91,5550,California
Inyo,2021-03-25,325,9581,104,4011,217,5497,4,73,259,1975,66,3838,263,5813,California
Inyo,2021-03-26,91,9672,3,4014,84,5581,4,77,71,2030,20,3858,75,5888,California
Inyo,2021-03-27,52,9724,44,4058,5,5586,3,80,46,2073,6,3864,49,5937,California
Inyo,2021-03-28,4,9728,1,4059,2,5588,1,81,1,2072,3,3867,2,5939,California
Inyo,2021-03-29,109,9837,2,4061,102,5690,5,86,82,2133,26,3893,87,6026,California
Inyo,2021-03-30,211,10048,2,4063,204,5894,5,91,101,2129,110,4003,106,6132,California
Inyo,2021-03-31,148,10196,4,4067,139,6033,5,96,107,2200,41,4044,112,6244,California
Inyo,2021-04-01,163,10359,4,4071,158,6191,1,97,114,2266,49,4093,115,6359,California
Inyo,2021-04-02,80,10439,1,4072,77,6268,2,99,51,2290,29,4122,53,6412,California
Inyo,2021-04-03,94,10533,47,4119,33,6301,14,113,6,2223,86,4208,19,6431,California
Inyo,2021-04-04,5,10538,4,4123,0,6301,1,114,1,2221,4,4212,2,6433,California
Inyo,2021-04-05,117,10655,1,4124,112,6413,4,118,29,2166,88,4300,33,6466,California
Inyo,2021-04-06,236,10891,6,4130,167,6580,63,181,105,2203,131,4431,168,6634,California
Inyo,2021-04-07,200,11091,2,4132,72,6652,126,307,45,2218,156,4587,171,6805,California
Inyo,2021-04-08,177,11268,15,4147,145,6797,17,324,80,2218,97,4684,97,6902,California
Inyo,2021-04-09,125,11393,7,4154,95,6892,23,347,38,2193,86,4770,61,6963,California
Inyo,2021-04-10,42,11435,1,4155,24,6916,17,364,3,2174,39,4809,20,6983,California
Inyo,2021-04-11,1,11436,0,4155,1,6917,0,364,1,2175,0,4809,1,6984,California
Inyo,2021-04-12,80,11516,0,4155,75,6992,5,369,41,2182,39,4848,46,7030,California
Inyo,2021-04-13,119,11635,3,4158,113,7105,3,372,61,2189,57,4905,64,7094,California
Inyo,2021-04-14,121,11756,1,4159,120,7225,0,372,37,2142,84,4989,37,7131,California
Inyo,2021-04-15,273,12029,114,4273,159,7384,0,372,83,2035,190,5179,83,7214,California
Inyo,2021-04-16,49,12078,6,4279,43,7427,0,372,21,2028,28,5207,21,7235,California
Inyo,2021-04-17,2,12080,1,4280,1,7428,0,372,1,2028,1,5208,1,7236,California
Inyo,2021-04-19,130,12210,43,4323,87,7515,0,372,44,1986,86,5294,44,7280,California
Inyo,2021-04-20,164,12374,3,4326,161,7676,0,372,81,1984,83,5377,81,7361,California
Inyo,2021-04-21,113,12487,4,4330,109,7785,0,372,32,1935,81,5458,32,7393,California
Inyo,2021-04-22,196,12683,1,4331,195,7980,0,372,52,1843,144,5602,52,7445,California
Inyo,2021-04-23,95,12778,4,4335,91,8071,0,372,22,1792,73,5675,22,7467,California
Inyo,2021-04-24,310,13088,309,4644,1,8072,0,372,305,2092,5,5680,305,7772,California
Inyo,2021-04-25,135,13223,134,4778,1,8073,0,372,135,2227,0,5680,135,7907,California
Inyo,2021-04-26,67,13290,0,4778,66,8139,1,373,8,2177,59,5739,9,7916,California
Inyo,2021-04-27,161,13451,7,4785,149,8288,5,378,47,2115,114,5853,52,7968,California
Inyo,2021-04-28,121,13572,2,4787,117,8405,2,380,20,2036,101,5954,22,7990,California
Inyo,2021-04-29,172,13744,56,4843,116,8521,0,380,79,2023,92,6046,79,8069,California
Inyo,2021-04-30,84,13828,4,4847,79,8600,1,381,24,1988,60,6106,25,8094,California
Inyo,2021-05-01,11,13839,3,4850,8,8608,0,381,9,1995,2,6108,9,8103,California
Inyo,2021-05-02,7,13846,3,4853,2,8610,2,383,4,1998,3,6111,6,8109,California
Inyo,2021-05-03,38,13884,1,4854,33,8643,4,387,5,1974,33,6144,9,8118,California
Inyo,2021-05-04,81,13965,1,4855,76,8719,4,391,13,1923,68,6212,17,8135,California
Inyo,2021-05-05,6,13971,0,4855,4,8723,2,393,4,1927,2,6214,6,8141,California
Inyo,2021-05-06,55,14026,5,4860,45,8768,5,398,5,1887,50,6264,10,8151,California
Kern,2020-12-15,1,1,1,1,0,0,0,0,1,1,0,0,1,1,California
Kern,2020-12-16,18,19,18,19,0,0,0,0,18,19,0,0,18,19,California
Kern,2020-12-17,163,182,163,182,0,0,0,0,163,182,0,0,163,182,California
Kern,2020-12-18,322,504,322,504,0,0,0,0,322,504,0,0,322,504,California
Kern,2020-12-19,98,602,98,602,0,0,0,0,99,603,0,0,99,603,California
Kern,2020-12-20,61,663,61,663,0,0,0,0,61,664,0,0,61,664,California
Kern,2020-12-21,671,1334,670,1333,1,1,0,0,671,1335,0,0,671,1335,California
Kern,2020-12-22,531,1865,528,1861,3,4,0,0,531,1866,0,0,531,1866,California
Kern,2020-12-23,556,2421,418,2279,138,142,0,0,556,2422,0,0,556,2422,California
Kern,2020-12-24,122,2543,43,2322,79,221,0,0,122,2544,0,0,122,2544,California
Kern,2020-12-25,1,2544,1,2323,0,221,0,0,1,2545,0,0,1,2545,California
Kern,2020-12-26,33,2577,1,2324,32,253,0,0,33,2578,0,0,33,2578,California
Kern,2020-12-27,35,2612,3,2327,32,285,0,0,35,2613,0,0,35,2613,California
Kern,2020-12-28,825,3437,661,2988,164,449,0,0,825,3438,0,0,825,3438,California
Kern,2020-12-29,745,4182,452,3440,293,742,0,0,744,4181,1,1,744,4182,California
Kern,2020-12-30,1203,5385,910,4350,293,1035,0,0,1203,5384,0,1,1203,5385,California
Kern,2020-12-31,277,5662,99,4449,178,1213,0,0,277,5661,0,1,277,5662,California
Kern,2021-01-01,13,5675,6,4455,7,1220,0,0,13,5674,0,1,13,5675,California
Kern,2021-01-02,78,5753,18,4473,60,1280,0,0,78,5752,0,1,78,5753,California
Kern,2021-01-03,23,5776,4,4477,19,1299,0,0,23,5775,0,1,23,5776,California
Kern,2021-01-04,553,6329,360,4837,193,1492,0,0,553,6328,0,1,553,6329,California
Kern,2021-01-05,1132,7461,737,5574,395,1887,0,0,1120,7436,12,13,1120,7449,California
Kern,2021-01-06,1167,8628,456,6030,711,2598,0,0,1137,8543,30,43,1137,8586,California
Kern,2021-01-07,1406,10034,493,6523,913,3511,0,0,1238,9614,167,210,1238,9824,California
Kern,2021-01-08,1628,11662,768,7291,860,4371,0,0,1330,10646,299,509,1331,11155,California
Kern,2021-01-09,226,11888,77,7368,149,4520,0,0,192,10804,34,543,192,11347,California
Kern,2021-01-10,195,12083,148,7516,47,4567,0,0,154,10917,41,584,154,11501,California
Kern,2021-01-11,1556,13639,984,8500,572,5139,0,0,1001,11363,555,1139,1001,12502,California
Kern,2021-01-12,1868,15507,810,9310,1058,6197,0,0,1357,12209,511,1650,1357,13859,California
Kern,2021-01-13,1853,17360,870,10180,983,7180,0,0,1432,13220,421,2071,1432,15291,California
Kern,2021-01-14,2183,19543,645,10825,1538,8718,0,0,2138,15312,46,2117,2138,17429,California
Kern,2021-01-15,2706,22249,858,11683,1848,10566,0,0,2609,17827,95,2212,2610,20039,California
Kern,2021-01-16,671,22920,213,11896,458,11024,0,0,636,18428,35,2247,636,20675,California
Kern,2021-01-17,73,22993,7,11903,66,11090,0,0,71,18497,2,2249,71,20746,California
Kern,2021-01-18,1644,24637,659,12562,985,12075,0,0,1476,19805,168,2417,1476,22222,California
Kern,2021-01-19,1853,26490,1034,13596,819,12894,0,0,1386,20725,467,2884,1387,23609,California
Kern,2021-01-20,2554,29044,1619,15215,935,13829,0,0,1853,21884,696,3580,1855,25464,California
Kern,2021-01-21,2168,31212,922,16137,1246,15075,0,0,1972,23661,195,3775,1972,27436,California
Kern,2021-01-22,2711,33923,1292,17429,1419,16494,0,0,2434,25819,276,4051,2434,29870,California
Kern,2021-01-23,1245,35168,535,17964,710,17204,0,0,1199,26972,46,4097,1199,31069,California
Kern,2021-01-24,160,35328,18,17982,142,17346,0,0,154,27120,6,4103,154,31223,California
Kern,2021-01-25,2385,37713,1086,19068,1299,18645,0,0,1901,28539,483,4586,1902,33125,California
Kern,2021-01-26,2766,40479,1126,20194,1640,20285,0,0,1910,29594,855,5441,1910,35035,California
Kern,2021-01-27,3558,44037,1901,22095,1657,21942,0,0,2858,31755,697,6138,2858,37893,California
Kern,2021-01-28,2862,46899,1353,23448,1509,23451,0,0,2429,33759,428,6566,2432,40325,California
Kern,2021-01-29,3770,50669,1805,25253,1965,25416,0,0,3226,36444,541,7107,3226,43551,California
Kern,2021-01-30,1325,51994,497,25750,828,26244,0,0,1277,37675,46,7153,1277,44828,California
Kern,2021-01-31,403,52397,276,26026,127,26371,0,0,268,37808,135,7288,268,45096,California
Kern,2021-02-01,2409,54806,818,26844,1591,27962,0,0,1858,39119,548,7836,1859,46955,California
Kern,2021-02-02,2922,57728,973,27817,1949,29911,0,0,2060,40318,862,8698,2061,49016,California
Kern,2021-02-03,3657,61385,1548,29365,2109,32020,0,0,2688,42044,962,9660,2688,51704,California
Kern,2021-02-04,3803,65188,1452,30817,2351,34371,0,0,2588,43428,1204,10864,2588,54292,California
Kern,2021-02-05,4847,70035,1988,32805,2859,37230,0,0,3088,44776,1740,12604,3088,57380,California
Kern,2021-02-06,1734,71769,766,33571,968,38198,0,0,1510,46065,221,12825,1510,58890,California
Kern,2021-02-07,283,72052,151,33722,132,38330,0,0,267,46318,14,12839,267,59157,California
Kern,2021-02-08,2562,74614,788,34510,1774,40104,0,0,1253,46281,1291,14130,1254,60411,California
Kern,2021-02-09,3039,77653,988,35498,2051,42155,0,0,1468,46186,1563,15693,1468,61879,California
Kern,2021-02-10,3784,81437,1657,37155,2127,44282,0,0,1871,46161,1897,17590,1872,63751,California
Kern,2021-02-11,4257,85694,1536,38691,2721,47003,0,0,2224,46366,2020,19610,2225,65976,California
Kern,2021-02-12,4951,90645,1892,40583,3059,50062,0,0,2479,46387,2458,22068,2479,68455,California
Kern,2021-02-13,2009,92654,727,41310,1282,51344,0,0,1166,46712,841,22909,1166,69621,California
Kern,2021-02-14,351,93005,12,41322,339,51683,0,0,270,46902,80,22989,270,69891,California
Kern,2021-02-15,2736,95741,889,42211,1847,53530,0,0,1206,46586,1522,24511,1206,71097,California
Kern,2021-02-16,2944,98685,720,42931,2224,55754,0,0,1655,46963,1279,25790,1656,72753,California
Kern,2021-02-17,4067,102752,2077,45008,1990,57744,0,0,1928,46758,2134,27924,1929,74682,California
Kern,2021-02-18,3751,106503,1481,46489,2270,60014,0,0,1616,46252,2122,30046,1616,76298,California
Kern,2021-02-19,4196,110699,1915,48404,2281,62295,0,0,1737,45538,2451,32497,1737,78035,California
Kern,2021-02-20,2570,113269,967,49371,1603,63898,0,0,1339,45649,1228,33725,1339,79374,California
Kern,2021-02-21,247,113516,141,49512,106,64004,0,0,85,45574,160,33885,85,79459,California
Kern,2021-02-22,2657,116173,1148,50660,1509,65513,0,0,1424,45770,1228,35113,1424,80883,California
Kern,2021-02-23,3541,119714,1121,51781,2420,67933,0,0,1975,46182,1564,36677,1976,82859,California
Kern,2021-02-24,5165,124879,2268,54049,2897,70830,0,0,3079,47179,2082,38759,3079,85938,California
Kern,2021-02-25,5357,130236,2449,56498,2908,73738,0,0,3179,48199,2159,40918,3179,89117,California
Kern,2021-02-26,6885,137121,3519,60017,3366,77104,0,0,4359,50040,2519,43437,4360,93477,California
Kern,2021-02-27,3855,140976,1895,61912,1960,79064,0,0,2519,51230,1329,44766,2519,95996,California
Kern,2021-02-28,908,141884,498,62410,409,79473,1,1,689,51703,217,44983,690,96686,California
Kern,2021-03-01,3989,145873,1808,64218,2179,81652,2,3,2692,53108,1289,46272,2694,99380,California
Kern,2021-03-02,4373,150246,1376,65594,2996,84648,1,4,2867,54480,1495,47767,2867,102247,California
Kern,2021-03-03,5802,156048,2700,68294,3102,87750,0,4,3715,56124,2073,49840,3717,105964,California
Kern,2021-03-04,5553,161601,2161,70455,3389,91139,3,7,3558,57703,1981,51821,3560,109524,California
Kern,2021-03-05,6466,168067,2667,73122,3781,94920,18,25,4042,59347,2416,54237,4060,113584,California
Kern,2021-03-06,4713,172780,1912,75034,2700,97620,101,126,3446,61634,1259,55496,3546,117130,California
Kern,2021-03-07,2045,174825,1585,76619,411,98031,49,175,1854,63347,190,55686,1903,119033,California
Kern,2021-03-08,2814,177639,856,77475,1745,99776,213,388,1469,63685,1342,57028,1680,120713,California
Kern,2021-03-09,3625,181264,788,78263,2455,102231,382,770,2232,64910,1387,58415,2612,123325,California
Kern,2021-03-10,6024,187288,2468,80731,2486,104717,1070,1840,3505,66976,2508,60923,4574,127899,California
Kern,2021-03-11,6287,193575,2409,83140,2852,107569,1026,2866,3731,69186,2545,63468,4755,132654,California
Kern,2021-03-12,7661,201236,2920,86060,3389,110958,1352,4218,4153,71187,3495,66963,5496,138150,California
Kern,2021-03-13,4425,205661,2299,88359,1791,112749,335,4553,3007,73111,1412,68375,3336,141486,California
Kern,2021-03-14,2184,207845,1411,89770,534,113283,239,4792,1669,74502,515,68890,1906,143392,California
Kern,2021-03-15,4247,212092,1088,90858,2446,115729,713,5505,2181,75337,2055,70945,2890,146282,California
Kern,2021-03-16,4331,216423,1008,91866,2795,118524,528,6033,2330,76200,1992,72937,2855,149137,California
Kern,2021-03-17,7235,223658,3805,95671,2874,121398,556,6589,4299,78129,2925,75862,4854,153991,California
Kern,2021-03-18,6985,230643,3403,99074,3002,124400,580,7169,4157,80054,2808,78670,4733,158724,California
Kern,2021-03-19,8742,239385,4765,103839,3329,127729,648,7817,4545,81058,4184,82854,5188,163912,California
Kern,2021-03-20,5938,245323,3593,107432,2171,129900,174,7991,3814,82932,2115,84969,3989,167901,California
Kern,2021-03-21,2865,248188,1752,109184,236,130136,877,8868,1683,84315,1176,86145,2559,170460,California
Kern,2021-03-22,3944,252132,1543,110727,2045,132181,356,9224,1919,84576,2014,88159,2275,172735,California
Kern,2021-03-23,4698,256830,1654,112381,2846,135027,198,9422,2492,85086,2178,90337,2688,175423,California
Kern,2021-03-24,6997,263827,3508,115889,3017,138044,472,9894,3668,85909,3315,93652,4138,179561,California
Kern,2021-03-25,6628,270455,2881,118770,3418,141462,329,10223,3265,86154,3346,96998,3591,183152,California
Kern,2021-03-26,9593,280048,4152,122922,4187,145649,1254,11477,4748,87325,4829,101827,6000,189152,California
Kern,2021-03-27,5439,285487,3742,126664,1569,147218,128,11605,3302,88619,2135,103962,3429,192581,California
Kern,2021-03-28,4321,289808,3834,130498,473,147691,14,11619,2768,89849,1552,105514,2782,195363,California
Kern,2021-03-29,4188,293996,1635,132133,2275,149966,278,11897,2607,91161,1570,107084,2882,198245,California
Kern,2021-03-30,5516,299512,1824,133957,3308,153274,384,12281,3073,92177,2439,109523,3455,201700,California
Kern,2021-03-31,8111,307623,4280,138237,3186,156460,645,12926,4289,93298,3811,113334,4932,206632,California
Kern,2021-04-01,7592,315215,3635,141872,3660,160120,297,13223,4094,94201,3484,116818,4387,211019,California
Kern,2021-04-02,8128,323343,4183,146055,3342,163462,603,13826,4075,94837,4038,120856,4674,215693,California
Kern,2021-04-03,5674,329017,3385,149440,2107,165569,182,14008,2587,94524,3080,123936,2767,218460,California
Kern,2021-04-04,1327,330344,865,150305,378,165947,84,14092,546,94375,779,124715,630,219090,California
Kern,2021-04-05,5316,335660,2193,152498,2357,168304,766,14858,2880,95572,2426,127141,3623,222713,California
Kern,2021-04-06,6965,342625,2455,154953,3218,171522,1292,16150,3601,97119,3344,130485,4891,227604,California
Kern,2021-04-07,9208,351833,5356,160309,2897,174419,955,17105,4616,98113,4576,135061,5570,233174,California
Kern,2021-04-08,8542,360375,4710,165019,2932,177351,900,18005,3889,98266,4631,139692,4784,237958,California
Kern,2021-04-09,10082,370457,5090,170109,4011,181362,981,18986,4452,98089,5608,145300,5431,243389,California
Kern,2021-04-10,6517,376974,3423,173532,1854,183216,1240,20226,2292,97397,4217,149517,3525,246914,California
Kern,2021-04-11,3759,380733,2884,176416,358,183574,517,20743,1428,97019,2320,151837,1942,248856,California
Kern,2021-04-12,4349,385082,979,177395,2401,185975,969,21712,1560,96772,2774,154611,2527,251383,California
Kern,2021-04-13,4263,389345,1409,178804,2829,188804,25,21737,2123,96791,2130,156741,2149,253532,California
Kern,2021-04-14,6028,395373,2963,181767,3043,191847,22,21759,3070,96939,2943,159684,3091,256623,California
Kern,2021-04-15,5243,400616,2467,184234,2774,194621,2,21761,2529,96769,2701,162385,2531,259154,California
Kern,2021-04-16,7227,407843,3433,187667,3793,198414,1,21762,3077,95719,4129,166514,3079,262233,California
Kern,2021-04-17,5884,413727,3844,191511,2040,200454,0,21762,2248,94343,3625,170139,2249,264482,California
Kern,2021-04-18,3620,417347,3383,194894,237,200691,0,21762,1055,92840,2558,172697,1055,265537,California
Kern,2021-04-19,3796,421143,1723,196617,2072,202763,1,21763,1439,91941,2338,175035,1439,266976,California
Kern,2021-04-20,4296,425439,1537,198154,2758,205521,1,21764,1657,90972,2628,177663,1659,268635,California
Kern,2021-04-21,5845,431284,3122,201276,2718,208239,5,21769,2250,89650,3576,181239,2254,270889,California
Kern,2021-04-22,4771,436055,2307,203583,2464,210703,0,21769,1769,88440,2980,184219,1770,272659,California
Kern,2021-04-23,6039,442094,2939,206522,3099,213802,1,21770,1998,86432,4008,188227,2000,274659,California
Kern,2021-04-24,3928,446022,2730,209252,1188,214990,10,21780,1481,85491,2432,190659,1491,276150,California
Kern,2021-04-25,1341,447363,1063,210315,278,215268,0,21780,772,85699,564,191223,772,276922,California
Kern,2021-04-26,3641,451004,1749,212064,1840,217108,52,21832,1004,84129,2627,193850,1057,277979,California
Kern,2021-04-27,4488,455492,2182,214246,2205,219313,101,21933,1344,82440,3131,196981,1442,279421,California
Kern,2021-04-28,6211,461703,3673,217919,2417,221730,121,22054,1812,79984,4387,201368,1931,281352,California
Kern,2021-04-29,5485,467188,3057,220976,2328,224058,100,22154,1668,77956,3797,205165,1769,283121,California
Kern,2021-04-30,5533,472721,3110,224086,2265,226323,158,22312,1597,75788,3922,209087,1754,284875,California
Kern,2021-05-01,2560,475281,1791,225877,710,227033,59,22371,954,75200,1600,210687,1012,285887,California
Kern,2021-05-02,1884,477165,1601,227478,262,227295,21,22392,695,74732,1184,211871,716,286603,California
Kern,2021-05-03,2337,479502,903,228381,1304,228599,130,22522,715,73970,1609,213480,847,287450,California
Kern,2021-05-04,2925,482427,1077,229458,1767,230366,81,22603,1023,73181,1890,215370,1101,288551,California
Kern,2021-05-05,3392,485819,1924,231382,1348,231714,120,22723,1120,72163,2258,217628,1240,289791,California
Kern,2021-05-06,2262,488081,1210,232592,957,232671,95,22818,659,71326,1590,219218,753,290544,California
Kings,2020-12-16,1,1,1,1,0,0,0,0,1,1,0,0,1,1,California
Kings,2020-12-17,8,9,8,9,0,0,0,0,8,9,0,0,8,9,California
Kings,2020-12-18,12,21,12,21,0,0,0,0,12,21,0,0,12,21,California
Kings,2020-12-19,11,32,11,32,0,0,0,0,11,32,0,0,11,32,California
Kings,2020-12-20,13,45,13,45,0,0,0,0,13,45,0,0,13,45,California
Kings,2020-12-21,156,201,156,201,0,0,0,0,269,314,0,0,269,314,California
Kings,2020-12-22,143,344,143,344,0,0,0,0,140,454,0,0,140,454,California
Kings,2020-12-23,135,479,123,467,12,12,0,0,136,590,0,0,136,590,California
Kings,2020-12-24,11,490,9,476,2,14,0,0,11,601,0,0,11,601,California
Kings,2020-12-26,7,497,4,480,3,17,0,0,7,608,0,0,7,608,California
Kings,2020-12-27,4,501,4,484,0,17,0,0,4,612,0,0,4,612,California
Kings,2020-12-28,131,632,103,587,28,45,0,0,132,744,0,0,132,744,California
Kings,2020-12-29,78,710,51,638,27,72,0,0,79,823,0,0,79,823,California
Kings,2020-12-30,148,858,109,747,39,111,0,0,148,971,0,0,148,971,California
Kings,2020-12-31,45,903,6,753,39,150,0,0,45,1016,0,0,45,1016,California
Kings,2021-01-01,1,904,0,753,1,151,0,0,1,1017,0,0,1,1017,California
Kings,2021-01-02,10,914,9,762,1,152,0,0,10,1027,0,0,10,1027,California
Kings,2021-01-04,112,1026,42,804,70,222,0,0,112,1139,0,0,112,1139,California
Kings,2021-01-05,196,1222,39,843,157,379,0,0,196,1335,0,0,196,1335,California
Kings,2021-01-06,277,1499,178,1021,99,478,0,0,274,1606,3,3,274,1609,California
Kings,2021-01-07,178,1677,81,1102,97,575,0,0,170,1768,8,11,170,1779,California
Kings,2021-01-08,247,1924,54,1156,193,768,0,0,228,1977,19,30,228,2007,California
Kings,2021-01-09,63,1987,9,1165,54,822,0,0,55,2024,8,38,55,2062,California
Kings,2021-01-10,15,2002,3,1168,12,834,0,0,12,2033,3,41,12,2074,California
Kings,2021-01-11,518,2520,354,1522,164,998,0,0,276,2068,242,283,277,2351,California
Kings,2021-01-12,350,2870,253,1775,97,1095,0,0,216,2153,131,414,216,2567,California
Kings,2021-01-13,415,3285,268,2043,147,1242,0,0,323,2384,92,506,323,2890,California
Kings,2021-01-14,209,3494,31,2074,178,1420,0,0,199,2563,21,527,200,3090,California
Kings,2021-01-15,417,3911,29,2103,388,1808,0,0,405,2956,12,539,405,3495,California
Kings,2021-01-16,31,3942,12,2115,19,1827,0,0,30,2985,1,540,30,3525,California
Kings,2021-01-17,9,3951,6,2121,3,1830,0,0,7,2990,2,542,7,3532,California
Kings,2021-01-18,172,4123,40,2161,132,1962,0,0,146,3110,26,568,146,3678,California
Kings,2021-01-19,376,4499,158,2319,218,2180,0,0,248,3230,128,696,248,3926,California
Kings,2021-01-20,235,4734,144,2463,91,2271,0,0,125,3250,105,801,125,4051,California
Kings,2021-01-21,190,4924,35,2498,155,2426,0,0,174,3406,18,819,174,4225,California
Kings,2021-01-22,126,5050,40,2538,86,2512,0,0,126,3527,5,824,126,4351,California
Kings,2021-01-23,26,5076,14,2552,12,2524,0,0,20,3541,6,830,20,4371,California
Kings,2021-01-24,4,5080,4,2556,0,2524,0,0,2,3541,2,832,2,4373,California
Kings,2021-01-25,124,5204,26,2582,98,2622,0,0,90,3597,34,866,90,4463,California
Kings,2021-01-26,154,5358,35,2617,119,2741,0,0,115,3673,39,905,115,4578,California
Kings,2021-01-27,319,5677,34,2651,285,3026,0,0,249,3853,69,974,249,4827,California
Kings,2021-01-28,326,6003,46,2697,280,3306,0,0,271,4069,55,1029,271,5098,California
Kings,2021-01-29,86,6089,26,2723,60,3366,0,0,69,4121,17,1046,69,5167,California
Kings,2021-01-30,1556,7645,31,2754,1525,4891,0,0,1553,5673,3,1049,1555,6722,California
Kings,2021-02-01,199,7844,64,2818,135,5026,0,0,72,5620,125,1174,72,6794,California
Kings,2021-02-02,226,8070,14,2832,212,5238,0,0,82,5559,143,1317,82,6876,California
Kings,2021-02-03,357,8427,191,3023,166,5404,0,0,203,5609,153,1470,203,7079,California
Kings,2021-02-04,395,8822,98,3121,297,5701,0,0,198,5611,196,1666,198,7277,California
Kings,2021-02-05,256,9078,14,3135,242,5943,0,0,100,5557,154,1820,100,7377,California
Kings,2021-02-06,60,9138,10,3145,50,5993,0,0,27,5551,33,1853,27,7404,California
Kings,2021-02-07,5,9143,3,3148,2,5995,0,0,3,5552,2,1855,3,7407,California
Kings,2021-02-08,170,9313,29,3177,141,6136,0,0,68,5518,102,1957,68,7475,California
Kings,2021-02-09,253,9566,57,3234,196,6332,0,0,110,5487,141,2098,110,7585,California
Kings,2021-02-10,285,9851,112,3346,173,6505,0,0,169,5540,116,2214,169,7754,California
Kings,2021-02-11,430,10281,65,3411,365,6870,0,0,316,5743,113,2327,316,8070,California
Kings,2021-02-12,622,10903,36,3447,586,7456,0,0,347,5816,274,2601,347,8417,California
Kings,2021-02-13,104,11007,6,3453,98,7554,0,0,78,5868,26,2627,78,8495,California
Kings,2021-02-14,102,11109,4,3457,98,7652,0,0,94,5954,8,2635,94,8589,California
Kings,2021-02-15,246,11355,5,3462,241,7893,0,0,137,5983,108,2743,137,8726,California
Kings,2021-02-16,485,11840,33,3495,452,8345,0,0,250,5999,234,2977,250,8976,California
Kings,2021-02-17,379,12219,22,3517,357,8702,0,0,242,6105,137,3114,243,9219,California
Kings,2021-02-18,155,12374,23,3540,132,8834,0,0,98,6146,57,3171,98,9317,California
Kings,2021-02-19,158,12532,23,3563,135,8969,0,0,102,6195,53,3224,102,9419,California
Kings,2021-02-20,171,12703,40,3603,131,9100,0,0,134,6292,37,3261,134,9553,California
Kings,2021-02-21,3,12706,2,3605,1,9101,0,0,3,6295,0,3261,3,9556,California
Kings,2021-02-22,110,12816,19,3624,91,9192,0,0,51,6287,59,3320,51,9607,California
Kings,2021-02-23,296,13112,69,3693,227,9419,0,0,179,6349,117,3437,179,9786,California
Kings,2021-02-24,592,13704,154,3847,438,9857,0,0,380,6517,212,3649,380,10166,California
Kings,2021-02-25,665,14369,115,3962,550,10407,0,0,447,6748,216,3865,447,10613,California
Kings,2021-02-26,657,15026,129,4091,528,10935,0,0,594,7280,62,3927,594,11207,California
Kings,2021-02-27,1498,16524,62,4153,1436,12371,0,0,564,6911,933,4860,564,11771,California
Kings,2021-02-28,1172,17696,597,4750,575,12946,0,0,674,7090,495,5355,674,12445,California
Kings,2021-03-01,259,17955,79,4829,180,13126,0,0,214,7259,45,5400,214,12659,California
Kings,2021-03-02,474,18429,207,5036,267,13393,0,0,424,7634,50,5450,425,13084,California
Kings,2021-03-03,628,19057,304,5340,324,13717,0,0,439,7885,188,5638,439,13523,California
Kings,2021-03-04,716,19773,343,5683,373,14090,0,0,620,8410,96,5734,621,14144,California
Kings,2021-03-05,1058,20831,349,6032,700,14790,9,9,942,9246,116,5850,952,15096,California
Kings,2021-03-06,511,21342,184,6216,314,15104,13,22,482,9712,29,5879,495,15591,California
Kings,2021-03-07,366,21708,225,6441,137,15241,4,26,358,10066,8,5887,362,15953,California
Kings,2021-03-08,369,22077,96,6537,220,15461,53,79,261,10271,108,5995,313,16266,California
Kings,2021-03-09,523,22600,238,6775,230,15691,55,134,416,10637,106,6101,472,16738,California
Kings,2021-03-10,506,23106,125,6900,290,15981,91,225,322,10866,183,6284,412,17150,California
Kings,2021-03-11,1021,24127,305,7205,606,16587,110,335,616,11189,403,6687,726,17876,California
Kings,2021-03-12,1323,25450,406,7611,823,17410,94,429,922,11807,400,7087,1018,18894,California
Kings,2021-03-13,671,26121,332,7943,295,17705,44,473,545,12271,126,7213,590,19484,California
Kings,2021-03-14,671,26792,101,8044,184,17889,386,859,200,12386,471,7684,586,20070,California
Kings,2021-03-15,684,27476,247,8291,322,18211,115,974,448,12716,235,7919,565,20635,California
Kings,2021-03-16,1039,28515,438,8729,540,18751,61,1035,703,13144,336,8255,764,21399,California
Kings,2021-03-17,1089,29604,417,9146,611,19362,61,1096,770,13663,319,8574,838,22237,California
Kings,2021-03-18,1099,30703,466,9612,411,19773,222,1318,767,14324,331,8905,992,23229,California
Kings,2021-03-19,940,31643,468,10080,387,20160,85,1403,723,14928,217,9122,821,24050,California
Kings,2021-03-20,624,32267,255,10335,338,20498,31,1434,450,15244,172,9294,488,24538,California
Kings,2021-03-21,1400,33667,1085,11420,304,20802,11,1445,846,15547,554,9848,857,25395,California
Kings,2021-03-22,449,34116,203,11623,163,20965,83,1528,276,15737,173,10021,363,25758,California
Kings,2021-03-23,899,35015,493,12116,343,21308,63,1591,576,16058,321,10342,642,26400,California
Kings,2021-03-24,922,35937,478,12594,421,21729,23,1614,511,16185,409,10751,536,26936,California
Kings,2021-03-25,890,36827,445,13039,419,22148,26,1640,446,16215,442,11193,472,27408,California
Kings,2021-03-26,1281,38108,373,13412,823,22971,85,1725,529,16081,747,11940,613,28021,California
Kings,2021-03-27,616,38724,245,13657,359,23330,12,1737,169,15817,445,12385,181,28202,California
Kings,2021-03-28,548,39272,477,14134,64,23394,7,1744,342,15968,206,12591,357,28559,California
Kings,2021-03-29,456,39728,201,14335,195,23589,60,1804,250,16073,204,12795,309,28868,California
Kings,2021-03-30,842,40570,462,14797,342,23931,38,1842,422,16114,419,13214,460,29328,California
Kings,2021-03-31,724,41294,374,15171,286,24217,64,1906,415,16291,302,13516,479,29807,California
Kings,2021-04-01,754,42048,380,15551,294,24511,80,1986,342,16307,406,13922,422,30229,California
Kings,2021-04-02,982,43030,428,15979,432,24943,122,2108,388,16227,589,14511,509,30738,California
Kings,2021-04-03,473,43503,329,16308,136,25079,8,2116,161,16091,306,14817,170,30908,California
Kings,2021-04-04,156,43659,82,16390,68,25147,6,2122,43,16028,112,14929,49,30957,California
Kings,2021-04-05,1047,44706,323,16713,474,25621,250,2372,235,15701,811,15740,484,31441,California
Kings,2021-04-06,1180,45886,447,17160,426,26047,307,2679,289,15408,888,16628,595,32036,California
Kings,2021-04-07,1339,47225,640,17800,514,26561,185,2864,413,15083,923,17551,598,32634,California
Kings,2021-04-08,1592,48817,627,18427,714,27275,251,3115,363,14475,1222,18773,614,33248,California
Kings,2021-04-09,1106,49923,521,18948,410,27685,175,3290,238,14019,866,19639,410,33658,California
Kings,2021-04-10,592,50515,329,19277,161,27846,102,3392,180,13890,411,20050,282,33940,California
Kings,2021-04-11,327,50842,74,19351,247,28093,6,3398,195,13959,132,20182,201,34141,California
Kings,2021-04-12,697,51539,311,19662,186,28279,200,3598,190,13843,506,20688,390,34531,California
Kings,2021-04-13,881,52420,508,20170,373,28652,0,3598,282,13532,598,21286,287,34818,California
Kings,2021-04-14,1023,53443,565,20735,458,29110,0,3598,372,13254,651,21937,373,35191,California
Kings,2021-04-15,1047,54490,518,21253,528,29638,1,3599,468,13145,578,22515,469,35660,California
Kings,2021-04-16,764,55254,359,21612,405,30043,0,3599,266,12914,497,23012,266,35926,California
Kings,2021-04-17,455,55709,242,21854,213,30256,0,3599,199,12858,255,23267,199,36125,California
Kings,2021-04-18,550,56259,239,22093,311,30567,0,3599,70,12448,480,23747,70,36195,California
Kings,2021-04-19,523,56782,287,22380,236,30803,0,3599,284,12495,237,23984,284,36479,California
Kings,2021-04-20,729,57511,443,22823,286,31089,0,3599,243,12253,485,24469,243,36722,California
Kings,2021-04-21,633,58144,305,23128,328,31417,0,3599,219,12063,409,24878,219,36941,California
Kings,2021-04-22,550,58694,275,23403,275,31692,0,3599,201,11919,346,25224,202,37143,California
Kings,2021-04-23,660,59354,290,23693,370,32062,0,3599,328,11918,329,25553,328,37471,California
Kings,2021-04-24,244,59598,178,23871,65,32127,1,3600,120,11916,123,25676,121,37592,California
Kings,2021-04-25,195,59793,176,24047,19,32146,0,3600,159,12039,36,25712,159,37751,California
Kings,2021-04-26,286,60079,147,24194,136,32282,3,3603,180,12117,105,25817,183,37934,California
Kings,2021-04-27,395,60474,174,24368,202,32484,19,3622,164,12070,230,26047,183,38117,California
Kings,2021-04-28,503,60977,254,24622,229,32713,20,3642,263,12113,240,26287,283,38400,California
Kings,2021-04-29,284,61261,112,24734,161,32874,11,3653,133,12108,149,26436,144,38544,California
Kings,2021-04-30,359,61620,163,24897,179,33053,17,3670,150,12069,206,26642,167,38711,California
Kings,2021-05-01,228,61848,166,25063,52,33105,10,3680,73,11999,153,26795,83,38794,California
Kings,2021-05-02,167,62015,145,25208,22,33127,0,3680,126,12084,41,26836,126,38920,California
Kings,2021-05-03,462,62477,244,25452,204,33331,14,3694,119,11875,342,27178,133,39053,California
Kings,2021-05-04,456,62933,219,25671,222,33553,15,3709,143,11721,312,27490,158,39211,California
Kings,2021-05-05,443,63376,217,25888,214,33767,12,3721,103,11496,340,27830,115,39326,California
Kings,2021-05-06,381,63757,164,26052,205,33972,12,3733,61,11251,318,28148,73,39399,California
Lake,2020-12-17,4,4,4,4,0,0,0,0,4,4,0,0,4,4,California
Lake,2020-12-18,51,55,51,55,0,0,0,0,51,55,0,0,51,55,California
Lake,2020-12-19,3,58,3,58,0,0,0,0,3,58,0,0,3,58,California
Lake,2020-12-20,6,64,6,64,0,0,0,0,6,64,0,0,6,64,California
Lake,2020-12-21,86,150,86,150,0,0,0,0,86,150,0,0,86,150,California
Lake,2020-12-22,63,213,60,210,3,3,0,0,63,213,0,0,63,213,California
Lake,2020-12-23,123,336,114,324,9,12,0,0,123,336,0,0,123,336,California
Lake,2020-12-24,2,338,0,324,2,14,0,0,2,338,0,0,2,338,California
Lake,2020-12-26,2,340,2,326,0,14,0,0,2,340,0,0,2,340,California
Lake,2020-12-27,2,342,2,328,0,14,0,0,2,342,0,0,2,342,California
Lake,2020-12-28,52,394,43,371,9,23,0,0,52,394,0,0,52,394,California
Lake,2020-12-29,50,444,45,416,5,28,0,0,50,444,0,0,50,444,California
Lake,2020-12-30,125,569,118,534,7,35,0,0,125,569,0,0,125,569,California
Lake,2020-12-31,67,636,64,598,3,38,0,0,67,636,0,0,67,636,California
Lake,2021-01-01,1,637,0,598,1,39,0,0,1,637,0,0,1,637,California
Lake,2021-01-02,2,639,1,599,1,40,0,0,2,639,0,0,2,639,California
Lake,2021-01-04,87,726,21,620,66,106,0,0,87,726,0,0,87,726,California
Lake,2021-01-05,120,846,59,679,61,167,0,0,118,842,2,2,118,844,California
Lake,2021-01-06,105,951,65,744,40,207,0,0,103,943,2,4,103,947,California
Lake,2021-01-07,107,1058,84,828,23,230,0,0,98,1032,9,13,98,1045,California
Lake,2021-01-08,152,1210,124,952,28,258,0,0,100,1080,52,65,100,1145,California
Lake,2021-01-09,63,1273,61,1013,2,260,0,0,59,1135,4,69,59,1204,California
Lake,2021-01-10,3,1276,3,1016,0,260,0,0,0,1132,3,72,0,1204,California
Lake,2021-01-11,192,1468,151,1167,41,301,0,0,112,1164,80,152,112,1316,California
Lake,2021-01-12,81,1549,48,1215,33,334,0,0,57,1197,24,176,57,1373,California
Lake,2021-01-13,164,1713,112,1327,52,386,0,0,107,1247,57,233,107,1480,California
Lake,2021-01-14,147,1860,46,1373,101,487,0,0,125,1350,22,255,125,1605,California
Lake,2021-01-15,215,2075,92,1465,123,610,0,0,188,1511,27,282,188,1793,California
Lake,2021-01-16,134,2209,81,1546,53,663,0,0,132,1641,2,284,132,1925,California
Lake,2021-01-17,18,2227,6,1552,12,675,0,0,12,1647,6,290,12,1937,California
Lake,2021-01-18,246,2473,226,1778,20,695,0,0,126,1653,120,410,126,2063,California
Lake,2021-01-19,311,2784,117,1895,194,889,0,0,266,1875,45,455,267,2330,California
Lake,2021-01-20,422,3206,80,1975,342,1231,0,0,358,2170,63,518,358,2688,California
Lake,2021-01-21,433,3639,49,2024,384,1615,0,0,398,2533,35,553,398,3086,California
Lake,2021-01-22,318,3957,46,2070,272,1887,0,0,282,2779,36,589,282,3368,California
Lake,2021-01-23,122,4079,5,2075,117,2004,0,0,121,2899,1,590,121,3489,California
Lake,2021-01-24,5,4084,2,2077,3,2007,0,0,5,2904,0,590,5,3494,California
Lake,2021-01-25,257,4341,95,2172,162,2169,0,0,176,2999,81,671,176,3670,California
Lake,2021-01-26,428,4769,36,2208,392,2561,0,0,405,3381,23,694,405,4075,California
Lake,2021-01-27,359,5128,41,2249,318,2879,0,0,331,3685,28,722,332,4407,California
Lake,2021-01-28,498,5626,161,2410,337,3216,0,0,369,3925,129,851,369,4776,California
Lake,2021-01-29,636,6262,83,2493,553,3769,0,0,576,4441,60,911,576,5352,California
Lake,2021-01-30,555,6817,44,2537,511,4280,0,0,549,4984,6,917,549,5901,California
Lake,2021-01-31,14,6831,8,2545,6,4286,0,0,12,4994,2,919,12,5913,California
Lake,2021-02-01,179,7010,18,2563,161,4447,0,0,166,5147,13,932,166,6079,California
Lake,2021-02-02,564,7574,151,2714,413,4860,0,0,398,5379,166,1098,398,6477,California
Lake,2021-02-03,445,8019,33,2747,412,5272,0,0,340,5614,105,1203,340,6817,California
Lake,2021-02-04,120,8139,69,2816,51,5323,0,0,73,5640,47,1250,73,6890,California
Lake,2021-02-05,379,8518,70,2886,309,5632,0,0,288,5839,89,1339,288,7178,California
Lake,2021-02-06,276,8794,41,2927,235,5867,0,0,265,6093,11,1350,265,7443,California
Lake,2021-02-07,2,8796,1,2928,1,5868,0,0,2,6095,0,1350,2,7445,California
Lake,2021-02-08,278,9074,206,3134,72,5940,0,0,159,6135,119,1469,159,7604,California
Lake,2021-02-09,345,9419,25,3159,320,6260,0,0,301,6393,43,1512,301,7905,California
Lake,2021-02-10,351,9770,54,3213,297,6557,0,0,274,6590,77,1589,274,8179,California
Lake,2021-02-11,169,9939,18,3231,151,6708,0,0,56,6533,113,1702,56,8235,California
Lake,2021-02-12,376,10315,29,3260,347,7055,0,0,289,6736,86,1788,289,8524,California
Lake,2021-02-13,246,10561,7,3267,239,7294,0,0,235,6960,11,1799,235,8759,California
Lake,2021-02-14,20,10581,5,3272,15,7309,0,0,6,6952,14,1813,6,8765,California
Lake,2021-02-15,172,10753,13,3285,159,7468,0,0,8,6797,163,1976,8,8773,California
Lake,2021-02-16,423,11176,23,3308,400,7868,0,0,176,6726,247,2223,176,8949,California
Lake,2021-02-17,351,11527,54,3362,297,8165,0,0,70,6516,280,2503,70,9019,California
Lake,2021-02-18,458,11985,69,3431,389,8554,0,0,114,6286,344,2847,114,9133,California
Lake,2021-02-19,418,12403,25,3456,393,8947,0,0,93,6054,325,3172,93,9226,California
Lake,2021-02-20,294,12697,60,3516,234,9181,0,0,251,6263,42,3214,251,9477,California
Lake,2021-02-21,6,12703,6,3522,0,9181,0,0,0,6257,6,3220,0,9477,California
Lake,2021-02-22,140,12843,23,3545,117,9298,0,0,43,6203,97,3317,43,9520,California
Lake,2021-02-23,213,13056,14,3559,199,9497,0,0,28,6046,185,3502,28,9548,California
Lake,2021-02-24,954,14010,376,3935,578,10075,0,0,415,5923,538,4040,415,9963,California
Lake,2021-02-25,731,14741,464,4399,267,10342,0,0,472,6138,257,4297,472,10435,California
Lake,2021-02-26,995,15736,304,4703,691,11033,0,0,350,5846,642,4939,350,10785,California
Lake,2021-02-27,411,16147,98,4801,313,11346,0,0,328,6091,83,5022,328,11113,California
Lake,2021-02-28,18,16165,12,4813,6,11352,0,0,10,6093,8,5030,10,11123,California
Lake,2021-03-01,596,16761,53,4866,543,11895,0,0,443,6383,153,5183,443,11566,California
Lake,2021-03-02,745,17506,18,4884,727,12622,0,0,290,6217,456,5639,290,11856,California
Lake,2021-03-03,359,17865,196,5080,163,12785,0,0,135,6128,224,5863,135,11991,California
Lake,2021-03-04,578,18443,510,5590,68,12853,0,0,562,6674,16,5879,562,12553,California
Lake,2021-03-05,1037,19480,40,5630,997,13850,0,0,174,5989,859,6738,174,12727,California
Lake,2021-03-06,34,19514,9,5639,24,13874,1,1,21,5998,13,6751,22,12749,California
Lake,2021-03-07,7,19521,5,5644,2,13876,0,1,4,5999,3,6754,4,12753,California
Lake,2021-03-08,339,19860,267,5911,63,13939,9,10,299,6267,40,6794,308,13061,California
Lake,2021-03-09,914,20774,29,5940,868,14807,17,27,392,6155,521,7315,409,13470,California
Lake,2021-03-10,203,20977,60,6000,130,14937,13,40,135,6235,68,7383,148,13618,California
Lake,2021-03-11,583,21560,47,6047,62,14999,474,514,48,6222,535,7918,522,14140,California
Lake,2021-03-12,853,22413,203,6250,626,15625,24,538,363,6120,489,8407,387,14527,California
Lake,2021-03-13,277,22690,21,6271,20,15645,236,774,16,6111,260,8667,251,14778,California
Lake,2021-03-14,11,22701,2,6273,9,15654,0,774,7,6114,4,8671,7,14785,California
Lake,2021-03-15,642,23343,14,6287,611,16265,17,791,483,6455,159,8830,500,15285,California
Lake,2021-03-16,1112,24455,833,7120,262,16527,17,808,446,6255,662,9492,462,15747,California
Lake,2021-03-17,246,24701,121,7241,103,16630,22,830,90,6211,156,9648,112,15859,California
Lake,2021-03-18,748,25449,373,7614,338,16968,37,867,372,6244,375,10023,408,16267,California
Lake,2021-03-19,580,26029,313,7927,247,17215,20,887,473,6631,106,10129,493,16760,California
Lake,2021-03-20,248,26277,8,7935,237,17452,3,890,29,6446,217,10346,32,16792,California
Lake,2021-03-21,16,26293,11,7946,4,17456,1,891,11,6453,5,10351,12,16804,California
Lake,2021-03-22,324,26617,244,8190,66,17522,14,905,238,6619,86,10437,252,17056,California
Lake,2021-03-23,417,27034,19,8209,385,17907,13,918,353,6922,63,10500,366,17422,California
Lake,2021-03-24,413,27447,61,8270,344,18251,8,926,317,7153,95,10595,326,17748,California
Lake,2021-03-25,659,28106,470,8740,183,18434,6,932,174,6848,485,11080,180,17928,California
Lake,2021-03-26,69,28175,33,8773,35,18469,1,933,45,6870,24,11104,46,17974,California
Lake,2021-03-27,309,28484,7,8780,299,18768,3,936,17,6600,290,11394,20,17994,California
Lake,2021-03-28,17,28501,8,8788,9,18777,0,936,11,6605,6,11400,11,18005,California
Lake,2021-03-29,899,29400,268,9056,629,19406,2,938,193,6096,704,12104,195,18200,California
Lake,2021-03-30,453,29853,304,9360,147,19553,2,940,367,6380,85,12189,369,18569,California
Lake,2021-03-31,583,30436,60,9420,523,20076,0,940,418,6641,157,12346,418,18987,California
Lake,2021-04-01,422,30858,219,9639,191,20267,12,952,177,6588,242,12588,189,19176,California
Lake,2021-04-02,220,31078,40,9679,152,20419,28,980,97,6590,123,12711,125,19301,California
Lake,2021-04-03,30,31108,6,9685,21,20440,3,983,11,6585,19,12730,14,19315,California
Lake,2021-04-04,20,31128,11,9696,7,20447,2,985,15,6597,5,12735,17,19332,California
Lake,2021-04-05,638,31766,70,9766,549,20996,19,1004,399,6778,236,12971,417,19749,California
Lake,2021-04-06,471,32237,16,9782,429,21425,26,1030,299,6932,171,13142,325,20074,California
Lake,2021-04-07,512,32749,50,9832,411,21836,51,1081,345,7163,165,13307,396,20470,California
Lake,2021-04-08,599,33348,486,10318,46,21882,67,1148,103,6840,493,13800,170,20640,California
Lake,2021-04-09,279,33627,39,10357,171,22053,69,1217,45,6723,231,14031,114,20754,California
Lake,2021-04-10,253,33880,15,10372,14,22067,224,1441,11,6716,242,14273,235,20989,California
Lake,2021-04-11,22,33902,17,10389,3,22070,2,1443,7,6710,15,14288,9,20998,California
Lake,2021-04-12,1068,34970,231,10620,804,22874,33,1476,248,6172,819,15107,281,21279,California
Lake,2021-04-13,180,35150,110,10730,70,22944,0,1476,54,6100,126,15233,54,21333,California
Lake,2021-04-14,608,35758,37,10767,571,23515,0,1476,547,6586,61,15294,547,21880,California
Lake,2021-04-15,641,36399,194,10961,447,23962,0,1476,333,6611,308,15602,333,22213,California
Lake,2021-04-16,259,36658,25,10986,233,24195,1,1477,69,6492,189,15791,70,22283,California
Lake,2021-04-17,39,36697,11,10997,28,24223,0,1477,29,6511,10,15801,29,22312,California
Lake,2021-04-18,8,36705,5,11002,3,24226,0,1477,0,6503,8,15809,0,22312,California
Lake,2021-04-19,295,37000,39,11041,256,24482,0,1477,245,6698,50,15859,245,22557,California
Lake,2021-04-20,692,37692,278,11319,414,24896,0,1477,113,6234,578,16437,114,22671,California
Lake,2021-04-21,532,38224,64,11383,468,25364,0,1477,204,6110,328,16765,204,22875,California
Lake,2021-04-22,461,38685,50,11433,411,25775,0,1477,314,6278,146,16911,314,23189,California
Lake,2021-04-23,113,38798,57,11490,56,25831,0,1477,67,6299,46,16957,67,23256,California
Lake,2021-04-24,53,38851,9,11499,44,25875,0,1477,39,6324,14,16971,39,23295,California
Lake,2021-04-25,36,38887,19,11518,17,25892,0,1477,23,6334,13,16984,23,23318,California
Lake,2021-04-26,277,39164,74,11592,202,26094,1,1478,80,6218,197,17181,81,23399,California
Lake,2021-04-27,238,39402,21,11613,199,26293,18,1496,80,6158,158,17339,98,23497,California
Lake,2021-04-28,505,39907,45,11658,445,26738,15,1511,117,5903,386,17725,131,23628,California
Lake,2021-04-29,210,40117,81,11739,113,26851,16,1527,117,5943,93,17818,133,23761,California
Lake,2021-04-30,277,40394,46,11785,204,27055,27,1554,142,5977,135,17953,169,23930,California
Lake,2021-05-01,47,40441,26,11811,19,27074,2,1556,33,5998,14,17967,35,23965,California
Lake,2021-05-02,18,40459,9,11820,8,27082,1,1557,9,5999,9,17976,10,23975,California
Lake,2021-05-03,410,40869,27,11847,347,27429,36,1593,64,5754,345,18321,100,24075,California
Lake,2021-05-04,359,41228,197,12044,125,27554,37,1630,110,5653,248,18569,147,24222,California
Lake,2021-05-05,602,41830,45,12089,551,28105,6,1636,70,5199,530,19099,76,24298,California
Lake,2021-05-06,66,41896,12,12101,34,28139,20,1656,26,5204,40,19139,45,24343,California
Lassen,2020-12-16,8,8,8,8,0,0,0,0,8,8,0,0,8,8,California
Lassen,2020-12-17,6,14,6,14,0,0,0,0,6,14,0,0,6,14,California
Lassen,2020-12-18,1,15,1,15,0,0,0,0,1,15,0,0,1,15,California
Lassen,2020-12-19,5,20,5,20,0,0,0,0,5,20,0,0,5,20,California
Lassen,2020-12-20,2,22,2,22,0,0,0,0,2,22,0,0,2,22,California
Lassen,2020-12-21,11,33,11,33,0,0,0,0,11,33,0,0,11,33,California
Lassen,2020-12-22,23,56,23,56,0,0,0,0,23,56,0,0,23,56,California
Lassen,2020-12-23,6,62,6,62,0,0,0,0,6,62,0,0,6,62,California
Lassen,2020-12-24,11,73,11,73,0,0,0,0,11,73,0,0,11,73,California
Lassen,2020-12-28,3,76,2,75,1,1,0,0,3,76,0,0,3,76,California
Lassen,2020-12-29,35,111,35,110,0,1,0,0,35,111,0,0,35,111,California
Lassen,2020-12-30,37,148,36,146,1,2,0,0,37,148,0,0,37,148,California
Lassen,2020-12-31,49,197,42,188,7,9,0,0,49,197,0,0,49,197,California
Lassen,2021-01-02,1,198,0,188,1,10,0,0,1,198,0,0,1,198,California
Lassen,2021-01-04,15,213,1,189,14,24,0,0,15,213,0,0,15,213,California
Lassen,2021-01-05,194,407,53,242,141,165,0,0,194,407,0,0,194,407,California
Lassen,2021-01-06,95,502,44,286,51,216,0,0,87,487,8,8,88,495,California
Lassen,2021-01-07,43,545,7,293,36,252,0,0,37,518,6,14,37,532,California
Lassen,2021-01-08,50,595,2,295,48,300,0,0,50,568,0,14,50,582,California
Lassen,2021-01-09,12,607,6,301,6,306,0,0,12,580,0,14,12,594,California
Lassen,2021-01-11,27,634,5,306,22,328,0,0,27,607,0,14,27,621,California
Lassen,2021-01-12,49,683,29,335,20,348,0,0,30,618,19,33,30,651,California
Lassen,2021-01-13,161,844,18,353,143,491,0,0,146,749,15,48,146,797,California
Lassen,2021-01-14,163,1007,18,371,145,636,0,0,151,888,12,60,151,948,California
Lassen,2021-01-15,33,1040,6,377,27,663,0,0,33,921,0,60,33,981,California
Lassen,2021-01-16,34,1074,33,410,1,664,0,0,34,955,0,60,34,1015,California
Lassen,2021-01-17,1,1075,0,410,1,665,0,0,1,956,0,60,1,1016,California
Lassen,2021-01-18,5,1080,2,412,3,668,0,0,4,959,1,61,4,1020,California
Lassen,2021-01-19,185,1265,36,448,149,817,0,0,157,1088,28,89,157,1177,California
Lassen,2021-01-20,189,1454,101,549,88,905,0,0,105,1124,69,158,105,1282,California
Lassen,2021-01-21,145,1599,93,642,52,957,0,0,121,1227,18,176,121,1403,California
Lassen,2021-01-22,31,1630,18,660,13,970,0,0,21,1238,10,186,21,1424,California
Lassen,2021-01-23,2,1632,0,660,2,972,0,0,2,1240,0,186,2,1426,California
Lassen,2021-01-24,1,1633,0,660,1,973,0,0,1,1241,0,186,1,1427,California
Lassen,2021-01-25,11,1644,0,660,11,984,0,0,11,1252,0,186,11,1438,California
Lassen,2021-01-26,126,1770,12,672,114,1098,0,0,122,1370,4,190,122,1560,California
Lassen,2021-01-27,87,1857,35,707,52,1150,0,0,69,1421,18,208,69,1629,California
Lassen,2021-01-28,86,1943,15,722,71,1221,0,0,85,1505,1,209,85,1714,California
Lassen,2021-01-29,23,1966,7,729,16,1237,0,0,22,1526,1,210,22,1736,California
Lassen,2021-02-01,62,2028,4,733,58,1295,0,0,36,1536,26,236,36,1772,California
Lassen,2021-02-02,177,2205,12,745,165,1460,0,0,44,1447,133,369,44,1816,California
Lassen,2021-02-03,96,2301,21,766,75,1535,0,0,51,1453,45,414,51,1867,California
Lassen,2021-02-04,112,2413,15,781,97,1632,0,0,63,1467,49,463,63,1930,California
Lassen,2021-02-05,65,2478,12,793,53,1685,0,0,23,1448,42,505,23,1953,California
Lassen,2021-02-06,69,2547,34,827,35,1720,0,0,36,1452,32,537,36,1989,California
Lassen,2021-02-07,2,2549,2,829,0,1720,0,0,2,1454,0,537,2,1991,California
Lassen,2021-02-08,43,2592,4,833,39,1759,0,0,18,1447,25,562,18,2009,California
Lassen,2021-02-09,129,2721,8,841,121,1880,0,0,50,1418,79,641,50,2059,California
Lassen,2021-02-10,183,2904,21,862,162,2042,0,0,75,1385,108,749,75,2134,California
Lassen,2021-02-11,184,3088,16,878,168,2210,0,0,80,1362,103,852,80,2214,California
Lassen,2021-02-12,42,3130,11,889,31,2241,0,0,14,1348,28,880,14,2228,California
Lassen,2021-02-13,12,3142,3,892,9,2250,0,0,10,1356,2,882,10,2238,California
Lassen,2021-02-14,13,3155,0,892,13,2263,0,0,12,1367,1,883,12,2250,California
Lassen,2021-02-15,21,3176,2,894,19,2282,0,0,17,1380,4,887,17,2267,California
Lassen,2021-02-16,192,3368,4,898,188,2470,0,0,31,1252,159,1046,31,2298,California
Lassen,2021-02-17,183,3551,94,992,89,2559,0,0,10,1089,173,1219,10,2308,California
Lassen,2021-02-18,80,3631,22,1014,58,2617,0,0,20,1049,60,1279,20,2328,California
Lassen,2021-02-19,82,3713,62,1076,20,2637,0,0,18,1003,64,1343,18,2346,California
Lassen,2021-02-20,8,3721,0,1076,8,2645,0,0,6,1007,2,1345,6,2352,California
Lassen,2021-02-21,22,3743,2,1078,20,2665,0,0,18,1021,4,1349,18,2370,California
Lassen,2021-02-22,25,3768,10,1088,15,2680,0,0,6,1008,19,1368,6,2376,California
Lassen,2021-02-23,153,3921,10,1098,143,2823,0,0,41,937,112,1480,41,2417,California
Lassen,2021-02-24,165,4086,16,1114,149,2972,0,0,107,987,57,1537,107,2524,California
Lassen,2021-02-25,156,4242,19,1133,137,3109,0,0,99,1029,57,1594,99,2623,California
Lassen,2021-02-26,73,4315,16,1149,57,3166,0,0,36,1028,37,1631,36,2659,California
Lassen,2021-02-27,8,4323,7,1156,1,3167,0,0,3,1026,5,1636,3,2662,California
Lassen,2021-02-28,6,4329,1,1157,5,3172,0,0,3,1026,3,1639,3,2665,California
Lassen,2021-03-01,41,4370,4,1161,37,3209,0,0,8,1001,33,1672,8,2673,California
Lassen,2021-03-02,106,4476,8,1169,98,3307,0,0,80,1055,26,1698,80,2753,California
Lassen,2021-03-03,170,4646,12,1181,158,3465,0,0,113,1111,57,1755,113,2866,California
Lassen,2021-03-04,150,4796,17,1198,133,3598,0,0,100,1162,49,1804,100,2966,California
Lassen,2021-03-05,47,4843,7,1205,17,3615,23,23,11,1160,36,1840,34,3000,California
Lassen,2021-03-06,55,4898,4,1209,29,3644,22,45,5,1137,50,1890,27,3027,California
Lassen,2021-03-07,56,4954,1,1210,0,3644,55,100,1,1138,55,1945,56,3083,California
Lassen,2021-03-08,90,5044,2,1212,8,3652,80,180,3,1135,86,2031,83,3166,California
Lassen,2021-03-09,137,5181,11,1223,109,3761,17,197,88,1192,49,2080,106,3272,California
Lassen,2021-03-10,174,5355,10,1233,162,3923,2,199,79,1179,94,2174,81,3353,California
Lassen,2021-03-11,185,5540,16,1249,162,4085,7,206,113,1230,69,2243,120,3473,California
Lassen,2021-03-12,35,5575,18,1267,13,4098,4,210,12,1223,23,2266,16,3489,California
Lassen,2021-03-13,49,5624,0,1267,3,4101,46,256,1,1221,48,2314,46,3535,California
Lassen,2021-03-14,14,5638,2,1269,11,4112,1,257,2,1212,12,2326,3,3538,California
Lassen,2021-03-15,33,5671,2,1271,31,4143,0,257,16,1211,17,2343,16,3554,California
Lassen,2021-03-16,93,5764,2,1273,85,4228,6,263,74,1272,19,2362,80,3634,California
Lassen,2021-03-17,1083,6847,9,1282,1069,5297,5,268,1064,2322,19,2381,1069,4703,California
Lassen,2021-03-18,95,6942,9,1291,85,5382,1,269,81,2390,14,2395,82,4785,California
Lassen,2021-03-19,17,6959,11,1302,2,5384,4,273,7,2391,10,2405,11,4796,California
Lassen,2021-03-20,29,6988,3,1305,23,5407,3,276,22,2409,7,2412,25,4821,California
Lassen,2021-03-21,34,7022,0,1305,34,5441,0,276,14,2404,19,2431,14,4835,California
Lassen,2021-03-22,57,7079,1,1306,56,5497,0,276,54,2455,3,2434,54,4889,California
Lassen,2021-03-23,119,7198,11,1317,107,5604,1,277,67,2471,52,2486,68,4957,California
Lassen,2021-03-24,213,7411,13,1330,199,5803,1,278,107,2474,105,2591,108,5065,California
Lassen,2021-03-25,153,7564,22,1352,131,5934,0,278,70,2461,83,2674,70,5135,California
Lassen,2021-03-26,78,7642,13,1365,26,5960,39,317,19,2460,58,2732,57,5192,California
Lassen,2021-03-27,20,7662,4,1369,1,5961,15,332,3,2461,17,2749,18,5210,California
Lassen,2021-03-28,18,7680,3,1372,5,5966,10,342,4,2461,14,2763,14,5224,California
Lassen,2021-03-29,52,7732,0,1372,27,5993,25,367,20,2475,31,2794,45,5269,California
Lassen,2021-03-30,198,7930,10,1382,163,6156,25,392,51,2404,147,2941,76,5345,California
Lassen,2021-03-31,146,8076,12,1394,112,6268,22,414,62,2404,84,3025,84,5429,California
Lassen,2021-04-01,165,8241,15,1409,131,6399,19,433,48,2355,116,3141,67,5496,California
Lassen,2021-04-02,29,8270,4,1413,3,6402,22,455,2,2352,27,3168,24,5520,California
Lassen,2021-04-03,12,8282,0,1413,2,6404,10,465,0,2350,12,3180,10,5530,California
Lassen,2021-04-04,7,8289,2,1415,0,6404,5,470,1,2350,6,3186,6,5536,California
Lassen,2021-04-05,23,8312,4,1419,12,6416,7,477,11,2357,11,3197,18,5554,California
Lassen,2021-04-06,184,8496,9,1428,145,6561,30,507,53,2309,131,3328,83,5637,California
Lassen,2021-04-07,135,8631,6,1434,92,6653,37,544,32,2277,103,3431,71,5708,California
Lassen,2021-04-08,170,8801,9,1443,105,6758,56,600,34,2235,132,3563,90,5798,California
Lassen,2021-04-09,52,8853,6,1449,11,6769,35,635,9,2236,42,3605,43,5841,California
Lassen,2021-04-10,9,8862,0,1449,2,6771,7,642,0,2235,8,3613,7,5848,California
Lassen,2021-04-11,5,8867,2,1451,0,6771,3,645,2,2237,3,3616,5,5853,California
Lassen,2021-04-12,30,8897,2,1453,15,6786,13,658,2,2224,28,3644,15,5868,California
Lassen,2021-04-13,129,9026,6,1459,123,6909,0,658,40,2176,88,3732,40,5908,California
Lassen,2021-04-14,987,10013,16,1475,971,7880,0,658,51,1292,935,4667,51,5959,California
Lassen,2021-04-15,147,10160,14,1489,133,8013,0,658,19,1183,128,4795,19,5978,California
Lassen,2021-04-16,11,10171,4,1493,7,8020,0,658,5,1182,6,4801,5,5983,California
Lassen,2021-04-17,24,10195,3,1496,21,8041,0,658,4,1166,20,4821,4,5987,California
Lassen,2021-04-18,5,10200,2,1498,3,8044,0,658,2,1165,3,4824,2,5989,California
Lassen,2021-04-19,33,10233,0,1498,33,8077,0,658,17,1166,16,4840,17,6006,California
Lassen,2021-04-20,138,10371,7,1505,131,8208,0,658,52,1132,86,4926,52,6058,California
Lassen,2021-04-21,163,10534,10,1515,153,8361,0,658,32,1035,129,5055,32,6090,California
Lassen,2021-04-22,102,10636,16,1531,86,8447,0,658,33,999,69,5124,33,6123,California
Lassen,2021-04-23,28,10664,3,1534,25,8472,0,658,22,1015,6,5130,22,6145,California
Lassen,2021-04-24,10,10674,6,1540,4,8476,0,658,4,1013,6,5136,4,6149,California
Lassen,2021-04-25,5,10679,0,1540,4,8480,1,659,3,1015,2,5138,4,6153,California
Lassen,2021-04-26,40,10719,1,1541,35,8515,4,663,7,993,33,5171,11,6164,California
Lassen,2021-04-27,121,10840,10,1551,108,8623,3,666,69,1013,52,5223,72,6236,California
Lassen,2021-04-28,84,10924,8,1559,74,8697,2,668,31,993,53,5276,33,6269,California
Lassen,2021-04-29,67,10991,7,1566,57,8754,3,671,22,974,44,5320,25,6294,California
Lassen,2021-04-30,11,11002,7,1573,1,8755,3,674,3,972,8,5328,6,6300,California
Lassen,2021-05-01,3,11005,0,1573,2,8757,1,675,2,974,1,5329,3,6303,California
Lassen,2021-05-02,12,11017,8,1581,4,8761,0,675,8,978,4,5333,8,6311,California
Lassen,2021-05-03,18,11035,1,1582,11,8772,6,681,4,974,14,5347,10,6321,California
Lassen,2021-05-04,69,11104,3,1585,58,8830,8,689,18,949,51,5398,26,6347,California
Lassen,2021-05-05,75,11179,4,1589,64,8894,7,696,23,928,51,5449,30,6377,California
Lassen,2021-05-06,71,11250,13,1602,37,8931,21,717,20,918,51,5500,41,6418,California
Los Angeles,2020-12-15,392,392,392,392,0,0,0,0,392,392,0,0,392,392,California
Los Angeles,2020-12-16,3364,3756,3364,3756,0,0,0,0,3364,3756,0,0,3364,3756,California
Los Angeles,2020-12-17,10233,13989,10233,13989,0,0,0,0,10234,13990,0,0,10234,13990,California
Los Angeles,2020-12-18,14518,28507,14494,28483,24,24,0,0,14518,28508,0,0,14518,28508,California
Los Angeles,2020-12-19,7225,35732,7217,35700,8,32,0,0,7226,35734,0,0,7226,35734,California
Los Angeles,2020-12-20,4593,40325,4586,40286,7,39,0,0,4595,40329,0,0,4595,40329,California
Los Angeles,2020-12-21,13687,54012,13673,53959,14,53,0,0,13687,54015,1,1,13687,54016,California
Los Angeles,2020-12-22,11522,65534,11142,65101,380,433,0,0,11523,65537,1,2,11523,65539,California
Los Angeles,2020-12-23,11884,77418,10129,75230,1755,2188,0,0,11885,77422,0,2,11885,77424,California
Los Angeles,2020-12-24,7017,84435,4250,79480,2767,4955,0,0,7020,84442,0,2,7020,84444,California
Los Angeles,2020-12-25,525,84960,419,79899,106,5061,0,0,525,84967,0,2,525,84969,California
Los Angeles,2020-12-26,2523,87483,2179,82078,344,5405,0,0,2523,87489,1,3,2523,87492,California
Los Angeles,2020-12-27,1756,89239,1027,83105,729,6134,0,0,1756,89245,0,3,1756,89248,California
Los Angeles,2020-12-28,10281,99520,6380,89485,3901,10035,0,0,10279,99523,1,4,10279,99527,California
Los Angeles,2020-12-29,11596,111116,6076,95561,5520,15555,0,0,11598,111121,0,4,11598,111125,California
Los Angeles,2020-12-30,14861,125977,8086,103647,6775,22330,0,0,14860,125981,0,4,14860,125985,California
Los Angeles,2020-12-31,7930,133907,2754,106401,5176,27506,0,0,7927,133906,2,6,7927,133912,California
Los Angeles,2021-01-01,999,134906,270,106671,729,28235,0,0,999,134905,0,6,999,134911,California
Los Angeles,2021-01-02,4462,139368,1657,108328,2805,31040,0,0,4462,139367,0,6,4462,139373,California
Los Angeles,2021-01-03,946,140314,211,108539,735,31775,0,0,945,140311,1,7,945,140318,California
Los Angeles,2021-01-04,12703,153017,4882,113421,7821,39596,0,0,12689,152997,3,10,12689,153007,California
Los Angeles,2021-01-05,16041,169058,7084,120505,8957,48553,0,0,14140,165266,1874,1884,14143,167150,California
Los Angeles,2021-01-06,22675,191733,12080,132585,10595,59148,0,0,17082,176830,5525,7409,17089,184239,California
Los Angeles,2021-01-07,29365,221098,15811,148396,13554,72702,0,0,18856,185237,10463,17872,18870,203109,California
Los Angeles,2021-01-08,33110,254208,17899,166295,15211,87913,0,0,20888,193938,12195,30067,20896,224005,California
Los Angeles,2021-01-09,12364,266572,7073,173368,5291,93204,0,0,7500,196582,4862,34929,7506,231511,California
Los Angeles,2021-01-10,4677,271249,3631,176999,1046,94250,0,0,1946,195798,2731,37660,1947,233458,California
Los Angeles,2021-01-11,25798,297047,16250,193249,9548,103798,0,0,14866,199751,10921,48581,14874,248332,California
Los Angeles,2021-01-12,29223,326270,16077,209326,13146,116944,0,0,19089,208736,10116,58697,19101,267433,California
Los Angeles,2021-01-13,29272,355542,15637,224963,13635,130579,0,0,20328,220141,8927,67624,20332,287765,California
Los Angeles,2021-01-14,29248,384790,12719,237682,16529,147108,0,0,23744,238410,5485,73109,23754,311519,California
Los Angeles,2021-01-15,33809,418599,12367,250049,21442,168550,0,0,30235,265104,3549,76658,30243,341762,California
Los Angeles,2021-01-16,17555,436154,4962,255011,12593,181143,0,0,15779,279119,1768,78426,15783,357545,California
Los Angeles,2021-01-17,5189,441343,2308,257319,2881,184024,0,0,4944,283821,244,78670,4946,362491,California
Los Angeles,2021-01-18,15586,456929,10064,267383,5522,189546,0,0,10880,290009,4694,83364,10882,373373,California
Los Angeles,2021-01-19,38455,495384,20571,287954,17884,207430,0,0,30660,312925,7754,91118,30670,404043,California
Los Angeles,2021-01-20,45760,541144,23912,311866,21848,229278,0,0,38275,343755,7455,98573,38285,442328,California
Los Angeles,2021-01-21,48720,589864,22453,334319,26267,255545,0,0,44450,384011,4208,102781,44464,486792,California
Los Angeles,2021-01-22,47880,637744,22233,356552,25647,281192,0,0,44465,425116,3370,106151,44475,531267,California
Los Angeles,2021-01-23,33970,671714,15711,372263,18259,299451,0,0,31918,455026,2020,108171,31930,563197,California
Los Angeles,2021-01-24,15734,687448,12211,384474,3523,302974,0,0,15186,469673,540,108711,15187,578384,California
Los Angeles,2021-01-25,38770,726218,16458,400932,22312,325286,0,0,30272,491492,8469,117180,30288,608672,California
Los Angeles,2021-01-26,49259,775477,24463,425395,24796,350082,0,0,41072,524431,8152,125332,41091,649763,California
Los Angeles,2021-01-27,48537,824014,25831,451226,22706,372788,0,0,39298,554644,9104,134436,39317,689080,California
Los Angeles,2021-01-28,48609,872623,23114,474340,25495,398283,0,0,40193,586556,8295,142731,40207,729287,California
Los Angeles,2021-01-29,49268,921891,25412,499752,23856,422139,0,0,39211,616079,9703,152434,39226,768513,California
Los Angeles,2021-01-30,30002,951893,15408,515160,14594,436733,0,0,25851,637860,4074,156508,25855,794368,California
Los Angeles,2021-01-31,13021,964914,10382,525542,2639,439372,0,0,12093,649042,915,157423,12097,806465,California
Los Angeles,2021-02-01,38045,1002959,16209,541751,21836,461208,0,0,27769,666577,10244,167667,27779,834244,California
Los Angeles,2021-02-02,44225,1047184,17893,559644,26332,487540,0,0,32046,686487,12139,179806,32049,866293,California
Los Angeles,2021-02-03,52127,1099311,19562,579206,32565,520105,0,0,37248,709097,14644,194450,37254,903547,California
Los Angeles,2021-02-04,57169,1156480,20703,599909,36466,556571,0,0,39065,730380,17796,212246,39079,942626,California
Los Angeles,2021-02-05,61185,1217665,21054,620963,40131,596702,0,0,39276,748171,21491,233737,39282,981908,California
Los Angeles,2021-02-06,35491,1253156,13301,634264,22190,618892,0,0,27066,766907,8352,242089,27088,1008996,California
Los Angeles,2021-02-07,10818,1263974,8398,642662,2420,621312,0,0,8419,772948,2384,244473,8425,1017421,California
Los Angeles,2021-02-08,46724,1310698,21500,664162,25224,646536,0,0,30565,787491,16024,260497,30567,1047988,California
Los Angeles,2021-02-09,55724,1366422,24584,688746,31140,677676,0,0,28360,788567,27291,287788,28367,1076355,California
Los Angeles,2021-02-10,66875,1433297,29403,718149,37472,715148,0,0,30823,783721,35678,323466,30832,1107187,California
Los Angeles,2021-02-11,57966,1491263,30856,749005,27110,742258,0,0,27993,782185,29533,352999,27997,1135184,California
Los Angeles,2021-02-12,59509,1550772,29781,778786,29728,771986,0,0,25962,774954,33209,386208,25978,1161162,California
Los Angeles,2021-02-13,33780,1584552,19607,798393,14173,786159,0,0,15454,772205,18241,404449,15492,1176654,California
Los Angeles,2021-02-14,21877,1606429,14967,813360,6910,793069,0,0,8779,767949,13038,417487,8782,1185436,California
Los Angeles,2021-02-15,32432,1638861,15854,829214,16578,809647,0,0,17791,771168,14578,432065,17797,1203233,California
Los Angeles,2021-02-16,63965,1702826,32501,861715,31464,841111,0,0,29839,766979,34040,466105,29851,1233084,California
Los Angeles,2021-02-17,64451,1767277,34281,895996,30170,871281,0,0,26396,755497,37885,503990,26403,1259487,California
Los Angeles,2021-02-18,68252,1835529,34683,930679,33569,904850,0,0,28575,744578,39504,543494,28585,1288072,California
Los Angeles,2021-02-19,58050,1893579,35864,966543,22186,927036,0,0,28455,743550,29498,572992,28470,1316542,California
Los Angeles,2021-02-20,32731,1926310,23809,990352,8922,935958,0,0,15723,742317,16964,589956,15731,1332273,California
Los Angeles,2021-02-21,16709,1943019,15055,1005407,1654,937612,0,0,8501,742648,8173,598129,8504,1340777,California
Los Angeles,2021-02-22,34302,1977321,24974,1030381,9328,946940,0,0,17727,743884,16502,614631,17738,1358515,California
Los Angeles,2021-02-23,53663,2030984,22780,1053161,30883,977823,0,0,21145,732625,32415,647046,21156,1379671,California
Los Angeles,2021-02-24,64264,2095248,28396,1081557,35868,1013691,0,0,28318,725179,35782,682828,28336,1408007,California
Los Angeles,2021-02-25,73546,2168794,33757,1115314,39789,1053480,0,0,38586,728972,34805,717633,38598,1446605,California
Los Angeles,2021-02-26,82804,2251598,38593,1153907,44211,1097691,0,0,47352,741128,35224,752857,47380,1493985,California
Los Angeles,2021-02-27,58656,2310254,24983,1178890,33669,1131360,4,4,29994,742629,28520,781377,30021,1524006,California
Los Angeles,2021-02-28,26804,2337058,18493,1197383,8310,1139670,1,5,18854,753640,7851,789228,18862,1542868,California
Los Angeles,2021-03-01,55614,2392672,31171,1228554,24426,1164096,17,22,33720,765655,21737,810965,33752,1576620,California
Los Angeles,2021-03-02,70992,2463664,31492,1260046,39498,1203594,2,24,43395,781586,27477,838442,43408,1620028,California
Los Angeles,2021-03-03,82743,2546407,41610,1301656,41123,1244717,10,34,52020,803070,30568,869010,52052,1672080,California
Los Angeles,2021-03-04,89629,2636036,45760,1347416,43858,1288575,11,45,56562,826773,32888,901898,56591,1728671,California
Los Angeles,2021-03-05,87650,2723686,42656,1390072,44968,1333543,26,71,58421,856201,29052,930950,58480,1787151,California
Los Angeles,2021-03-06,66182,2789868,33269,1423341,31098,1364641,1815,1886,42628,877235,23414,954364,44448,1831599,California
Los Angeles,2021-03-07,25688,2815556,19308,1442649,5581,1370222,799,2685,19805,891979,5858,960222,20602,1852201,California
Los Angeles,2021-03-08,51368,2866924,26678,1469327,22745,1392967,1945,4630,38619,919887,12653,972875,40561,1892762,California
Los Angeles,2021-03-09,68937,2935861,26443,1495770,39222,1432189,3272,7902,41198,936758,27591,1000466,44462,1937224,California
Los Angeles,2021-03-10,78946,3014807,37331,1533101,36959,1469148,4656,12558,49599,961784,29195,1029661,54221,1991445,California
Los Angeles,2021-03-11,91923,3106730,44870,1577971,40604,1509752,6449,19007,53913,984275,37835,1067496,60326,2051771,California
Los Angeles,2021-03-12,96689,3203419,42848,1620819,40088,1549840,13753,32760,56156,1013783,40353,1107849,69861,2121632,California
Los Angeles,2021-03-13,74018,3277437,34458,1655277,27662,1577502,11898,44658,43986,1039699,29927,1137776,55843,2177475,California
Los Angeles,2021-03-14,38044,3315481,25413,1680690,10212,1587714,2419,47077,25505,1055124,12477,1150253,27902,2205377,California
Los Angeles,2021-03-15,73476,3388957,35533,1716223,32611,1620325,5332,52409,44845,1076831,28450,1178703,50157,2255534,California
Los Angeles,2021-03-16,98302,3487259,42481,1758704,50056,1670381,5765,58174,64215,1112874,33907,1212610,69950,2325484,California
Los Angeles,2021-03-17,95249,3582508,42810,1801514,44248,1714629,8191,66365,64010,1153917,31050,1243660,72093,2397577,California
Los Angeles,2021-03-18,99874,3682382,47245,1848759,47443,1762072,5186,71551,63685,1186852,35926,1279586,68861,2466438,California
Los Angeles,2021-03-19,106418,3788800,55108,1903867,46641,1808713,4669,76220,66160,1217634,40001,1319587,70783,2537221,California
Los Angeles,2021-03-20,75006,3863806,36590,1940457,33907,1842620,4509,80729,51981,1251247,22862,1342449,56475,2593696,California
Los Angeles,2021-03-21,33565,3897371,24776,1965233,7945,1850565,844,81573,21798,1262225,11663,1354112,22641,2616337,California
Los Angeles,2021-03-22,67952,3965323,40222,2005455,25730,1876295,2000,83573,48396,1293278,19339,1373451,50392,2666729,California
Los Angeles,2021-03-23,93629,4058952,50571,2056026,40136,1916431,2922,86495,62075,1326938,31327,1404778,64987,2731716,California
Los Angeles,2021-03-24,102115,4161067,54258,2110284,44991,1961422,2866,89361,60538,1349035,41295,1446073,63392,2795108,California
Los Angeles,2021-03-25,107452,4268519,57484,2167768,46307,2007729,3661,93022,61675,1368841,45519,1491592,65325,2860433,California
Los Angeles,2021-03-26,111852,4380371,60948,2228716,46814,2054543,4090,97112,63724,1388754,47880,1539472,67793,2928226,California
Los Angeles,2021-03-27,81308,4461679,42841,2271557,36350,2090893,2117,99229,42235,1394260,38845,1578317,44351,2972577,California
Los Angeles,2021-03-28,40864,4502543,27329,2298886,12952,2103845,583,99812,20775,1395623,19995,1598312,21358,2993935,California
Los Angeles,2021-03-29,81336,4583879,45918,2344804,33818,2137663,1600,101412,46640,1409342,34517,1632829,48236,3042171,California
Los Angeles,2021-03-30,106810,4690689,50310,2395114,50786,2188449,5714,107126,65553,1439540,41047,1673876,71245,3113416,California
Los Angeles,2021-03-31,119738,4810427,60149,2455263,51087,2239536,8502,115628,70114,1468735,49384,1723260,78579,3191995,California
Los Angeles,2021-04-01,130105,4940532,60700,2515963,54633,2294169,14772,130400,70898,1495392,58956,1782216,85613,3277608,California
Los Angeles,2021-04-02,127984,5068516,56525,2572488,56622,2350791,14837,145237,68927,1520372,58763,1840979,83743,3361351,California
Los Angeles,2021-04-03,96036,5164552,43806,2616294,39211,2390002,13019,158256,47737,1532947,48136,1889115,60711,3422062,California
Los Angeles,2021-04-04,38904,5203456,20347,2636641,11987,2401989,6570,164826,16688,1534025,22152,1911267,23230,3445292,California
Los Angeles,2021-04-05,92955,5296411,43981,2680622,38907,2440896,10067,174893,44787,1540831,47998,1959265,54804,3500096,California
Los Angeles,2021-04-06,119895,5416306,56430,2737052,43387,2484283,20078,194971,55700,1552537,63976,2023241,75682,3575778,California
Los Angeles,2021-04-07,118510,5534816,53945,2790997,43715,2527998,20850,215821,54243,1563495,64044,2087285,75002,3650780,California
Los Angeles,2021-04-08,131128,5665944,57786,2848783,49518,2577516,23824,239645,59836,1576010,71037,2158322,83552,3734332,California
Los Angeles,2021-04-09,129322,5795266,56020,2904803,49690,2627206,23612,263257,56145,1582743,72916,2231238,79649,3813981,California
Los Angeles,2021-04-10,100501,5895767,42720,2947523,33988,2661194,23793,287050,37301,1580757,62993,2294231,61007,3874988,California
Los Angeles,2021-04-11,41503,5937270,22465,2969988,9583,2670777,9455,296505,14468,1577670,26968,2321199,23881,3898869,California
Los Angeles,2021-04-12,78209,6015479,38332,3008320,33653,2704430,6224,302729,32680,1571181,45349,2366548,38860,3937729,California
Los Angeles,2021-04-13,116672,6132151,58747,3067067,57504,2761934,421,303150,61833,1578804,54636,2421184,62259,3999988,California
Los Angeles,2021-04-14,116544,6248695,58749,3125816,57668,2819602,127,303277,63415,1589439,52900,2474084,63535,4063523,California
Los Angeles,2021-04-15,127128,6375823,69006,3194822,57953,2877555,169,303446,72721,1608036,54177,2528261,72774,4136297,California
Los Angeles,2021-04-16,127682,6503505,67963,3262785,59578,2937133,141,303587,67496,1615722,59954,2588215,67640,4203937,California
Los Angeles,2021-04-17,96370,6599875,50523,3313308,45822,2982955,25,303612,54896,1629352,41297,2629512,54927,4258864,California
Los Angeles,2021-04-18,33742,6633617,22376,3335684,11365,2994320,1,303613,18657,1632991,15025,2644537,18664,4277528,California
Los Angeles,2021-04-19,73918,6707535,39368,3375052,34540,3028860,10,303623,33170,1625580,40599,2685136,33188,4310716,California
Los Angeles,2021-04-20,100688,6808223,49302,3424354,51372,3080232,14,303637,50183,1625478,50301,2735437,50199,4360915,California
Los Angeles,2021-04-21,108124,6916347,51918,3476272,56018,3136250,188,303825,48266,1614337,59597,2795034,48456,4409371,California
Los Angeles,2021-04-22,113905,7030252,58708,3534980,55163,3191413,34,303859,50202,1601136,63442,2858476,50241,4459612,California
Los Angeles,2021-04-23,112603,7142855,61678,3596658,50909,3242322,16,303875,53767,1596337,58584,2917060,53785,4513397,California
Los Angeles,2021-04-24,87054,7229909,55899,3652557,31129,3273451,26,303901,48913,1607339,37943,2955003,48945,4562342,California
Los Angeles,2021-04-25,37704,7267613,25049,3677606,12651,3286102,4,303905,20398,1610523,17219,2972222,20403,4582745,California
Los Angeles,2021-04-26,66177,7333790,35431,3713037,30300,3316402,446,304351,33101,1611152,32911,3005133,33540,4616285,California
Los Angeles,2021-04-27,83576,7417366,40128,3753165,41775,3358177,1673,306024,31835,1593139,51514,3056647,33501,4649786,California
Los Angeles,2021-04-28,83757,7501123,40587,3793752,41169,3399346,2001,308025,32736,1577099,50770,3107417,34730,4684516,California
Los Angeles,2021-04-29,89960,7591083,44958,3838710,42907,3442253,2095,310120,31999,1553543,57651,3165068,34095,4718611,California
Los Angeles,2021-04-30,96892,7687975,48426,3887136,46139,3488392,2327,312447,35449,1530188,61122,3226190,37767,4756378,California
Los Angeles,2021-05-01,72966,7760941,40893,3928029,30809,3519201,1264,313711,27775,1514247,44978,3271168,29037,4785415,California
Los Angeles,2021-05-02,27850,7788791,17889,3945918,9260,3528461,701,314412,10102,1507405,17644,3288812,10802,4796217,California
Los Angeles,2021-05-03,57162,7845953,27355,3973273,27715,3556176,2092,316504,20342,1493188,36641,3325453,22424,4818641,California
Los Angeles,2021-05-04,62349,7908302,34226,4007499,26854,3583030,1269,317773,18603,1469509,43541,3368994,19862,4838503,California
Los Angeles,2021-05-05,52819,7961121,34308,4041807,17179,3600209,1332,319105,13602,1445397,39038,3408032,14926,4853429,California
Los Angeles,2021-05-06,51658,8012779,38784,4080591,11713,3611922,1161,320266,9116,1413306,42358,3450390,10267,4863696,California
Madera,2020-12-16,22,22,22,22,0,0,0,0,22,22,0,0,22,22,California
Madera,2020-12-17,13,35,13,35,0,0,0,0,13,35,0,0,13,35,California
Madera,2020-12-18,60,95,60,95,0,0,0,0,60,95,0,0,60,95,California
Madera,2020-12-19,5,100,5,100,0,0,0,0,5,100,0,0,5,100,California
Madera,2020-12-20,14,114,14,114,0,0,0,0,14,114,0,0,14,114,California
Madera,2020-12-21,60,174,60,174,0,0,0,0,60,174,0,0,60,174,California
Madera,2020-12-22,97,271,95,269,2,2,0,0,97,271,0,0,97,271,California
Madera,2020-12-23,67,338,67,336,0,2,0,0,67,338,0,0,67,338,California
Madera,2020-12-24,45,383,40,376,5,7,0,0,45,383,0,0,45,383,California
Madera,2020-12-26,28,411,26,402,2,9,0,0,28,411,0,0,28,411,California
Madera,2020-12-27,30,441,12,414,18,27,0,0,30,441,0,0,30,441,California
Madera,2020-12-28,107,548,37,451,70,97,0,0,107,548,0,0,107,548,California
Madera,2020-12-29,175,723,40,491,135,232,0,0,175,723,0,0,175,723,California
Madera,2020-12-30,218,941,86,577,132,364,0,0,218,941,0,0,218,941,California
Madera,2020-12-31,201,1142,80,657,121,485,0,0,201,1142,0,0,201,1142,California
Madera,2021-01-01,1,1143,1,658,0,485,0,0,1,1143,0,0,1,1143,California
Madera,2021-01-02,89,1232,33,691,56,541,0,0,89,1232,0,0,89,1232,California
Madera,2021-01-03,5,1237,5,696,0,541,0,0,5,1237,0,0,5,1237,California
Madera,2021-01-04,129,1366,65,761,64,605,0,0,129,1366,0,0,129,1366,California
Madera,2021-01-05,279,1645,143,904,136,741,0,0,275,1637,4,4,275,1641,California
Madera,2021-01-06,184,1829,27,931,157,898,0,0,164,1781,20,24,164,1805,California
Madera,2021-01-07,396,2225,113,1044,283,1181,0,0,374,2133,22,46,374,2179,California
Madera,2021-01-08,418,2643,72,1116,346,1527,0,0,363,2443,54,100,364,2543,California
Madera,2021-01-09,37,2680,14,1130,23,1550,0,0,28,2462,9,109,28,2571,California
Madera,2021-01-10,17,2697,14,1144,3,1553,0,0,5,2455,12,121,5,2576,California
Madera,2021-01-11,237,2934,189,1333,48,1601,0,0,195,2608,42,163,195,2771,California
Madera,2021-01-12,390,3324,157,1490,233,1834,0,0,284,2786,106,269,284,3055,California
Madera,2021-01-13,185,3509,91,1581,94,1928,0,0,129,2860,56,325,130,3185,California
Madera,2021-01-14,554,4063,82,1663,472,2400,0,0,520,3346,34,359,520,3705,California
Madera,2021-01-15,600,4663,160,1823,440,2840,0,0,579,3904,21,380,579,4284,California
Madera,2021-01-16,382,5045,47,1870,335,3175,0,0,353,4228,29,409,353,4637,California
Madera,2021-01-17,335,5380,15,1885,320,3495,0,0,331,4555,4,413,331,4968,California
Madera,2021-01-18,77,5457,61,1946,16,3511,0,0,58,4595,18,431,58,5026,California
Madera,2021-01-19,572,6029,135,2081,437,3948,0,0,545,5114,27,458,546,5572,California
Madera,2021-01-20,235,6264,80,2161,155,4103,0,0,207,5294,27,485,207,5779,California
Madera,2021-01-21,238,6502,131,2292,107,4210,0,0,205,5468,31,516,205,5984,California
Madera,2021-01-22,257,6759,83,2375,174,4384,0,0,243,5697,14,530,243,6227,California
Madera,2021-01-23,100,6859,52,2427,48,4432,0,0,76,5749,24,554,76,6303,California
Madera,2021-01-24,101,6960,82,2509,19,4451,0,0,78,5804,23,577,78,6381,California
Madera,2021-01-25,255,7215,124,2633,131,4582,0,0,141,5831,114,691,141,6522,California
Madera,2021-01-26,483,7698,189,2822,294,4876,0,0,294,5938,188,879,295,6817,California
Madera,2021-01-27,737,8435,63,2885,674,5550,0,0,600,6403,137,1016,602,7419,California
Madera,2021-01-28,541,8976,106,2991,435,5985,0,0,438,6738,103,1119,438,7857,California
Madera,2021-01-29,468,9444,95,3086,373,6358,0,0,412,7094,56,1175,412,8269,California
Madera,2021-01-30,505,9949,16,3102,489,6847,0,0,451,7491,54,1229,451,8720,California
Madera,2021-01-31,9,9958,6,3108,3,6850,0,0,8,7498,1,1230,8,8728,California
Madera,2021-02-01,257,10215,73,3181,184,7034,0,0,197,7635,60,1290,197,8925,California
Madera,2021-02-02,251,10466,87,3268,164,7198,0,0,161,7708,89,1379,162,9087,California
Madera,2021-02-03,594,11060,460,3728,134,7332,0,0,475,8067,117,1496,476,9563,California
Madera,2021-02-04,389,11449,121,3849,268,7600,0,0,112,7904,276,1772,113,9676,California
Madera,2021-02-05,975,12424,297,4146,678,8278,0,0,369,7673,601,2373,370,10046,California
Madera,2021-02-06,359,12783,324,4470,35,8313,0,0,320,7955,38,2411,320,10366,California
Madera,2021-02-07,35,12818,7,4477,28,8341,0,0,30,7980,5,2416,30,10396,California
Madera,2021-02-08,384,13202,308,4785,76,8417,0,0,270,8137,113,2529,270,10666,California
Madera,2021-02-09,480,13682,119,4904,361,8778,0,0,198,8057,279,2808,199,10865,California
Madera,2021-02-10,429,14111,149,5053,280,9058,0,0,323,8274,106,2914,323,11188,California
Madera,2021-02-11,935,15046,307,5360,628,9686,0,0,406,8153,528,3442,407,11595,California
Madera,2021-02-12,843,15889,119,5479,724,10410,0,0,310,7939,527,3969,313,11908,California
Madera,2021-02-13,485,16374,44,5523,441,10851,0,0,139,7735,345,4314,141,12049,California
Madera,2021-02-14,399,16773,75,5598,324,11175,0,0,137,7611,262,4576,138,12187,California
Madera,2021-02-15,244,17017,98,5696,146,11321,0,0,175,7718,68,4644,175,12362,California
Madera,2021-02-16,775,17792,183,5879,592,11913,0,0,229,7404,544,5188,230,12592,California
Madera,2021-02-17,608,18400,273,6152,335,12248,0,0,338,7479,265,5453,340,12932,California
Madera,2021-02-18,1299,19699,540,6692,759,13007,0,0,1121,8424,178,5631,1123,14055,California
Madera,2021-02-19,861,20560,545,7237,316,13323,0,0,719,9003,142,5773,721,14776,California
Madera,2021-02-20,1069,21629,978,8215,91,13414,0,0,998,9932,70,5843,999,15775,California
Madera,2021-02-21,962,22591,819,9034,143,13557,0,0,957,10884,5,5848,957,16732,California
Madera,2021-02-22,908,23499,832,9866,76,13633,0,0,854,11684,54,5902,854,17586,California
Madera,2021-02-23,768,24267,495,10361,273,13906,0,0,548,12013,219,6121,548,18134,California
Madera,2021-02-24,906,25173,299,10660,607,14513,0,0,377,11862,528,6649,377,18511,California
Madera,2021-02-25,1017,26190,306,10966,711,15224,0,0,587,12021,428,7077,587,19098,California
Madera,2021-02-26,1073,27263,185,11151,888,16112,0,0,698,12346,373,7450,698,19796,California
Madera,2021-02-27,872,28135,245,11396,627,16739,0,0,449,12378,420,7870,452,20248,California
Madera,2021-02-28,189,28324,29,11425,160,16899,0,0,183,12555,6,7876,183,20431,California
Madera,2021-03-01,373,28697,119,11544,254,17153,0,0,193,12570,178,8054,193,20624,California
Madera,2021-03-02,653,29350,268,11812,385,17538,0,0,541,13000,112,8166,542,21166,California
Madera,2021-03-03,1327,30677,707,12519,620,18158,0,0,925,13550,399,8565,949,22115,California
Madera,2021-03-04,1175,31852,505,13024,670,18828,0,0,930,14237,246,8811,933,23048,California
Madera,2021-03-05,1328,33180,407,13431,908,19736,13,13,1063,15061,263,9074,1087,24135,California
Madera,2021-03-06,802,33982,621,14052,149,19885,32,45,484,15260,318,9392,517,24652,California
Madera,2021-03-07,153,34135,27,14079,104,19989,22,67,103,15335,50,9442,125,24777,California
Madera,2021-03-08,597,34732,336,14415,202,20191,59,126,304,15407,293,9735,365,25142,California
Madera,2021-03-09,457,35189,160,14575,263,20454,34,160,279,15552,176,9911,321,25463,California
Madera,2021-03-10,1135,36324,512,15087,546,21000,77,237,709,15917,422,10333,787,26250,California
Madera,2021-03-11,1660,37984,844,15931,484,21484,332,569,749,16100,909,11242,1092,27342,California
Madera,2021-03-12,1530,39514,778,16709,597,22081,155,724,752,16256,776,12018,932,28274,California
Madera,2021-03-13,1811,41325,1268,17977,345,22426,198,922,745,16151,1064,13082,959,29233,California
Madera,2021-03-14,582,41907,448,18425,101,22527,33,955,293,16190,287,13369,326,29559,California
Madera,2021-03-15,730,42637,213,18638,470,22997,47,1002,506,16547,221,13590,578,30137,California
Madera,2021-03-16,821,43458,421,19059,353,23350,47,1049,639,17071,179,13769,703,30840,California
Madera,2021-03-17,1412,44870,932,19991,418,23768,62,1111,860,17539,544,14313,1012,31852,California
Madera,2021-03-18,1874,46744,649,20640,1165,24933,60,1171,911,17638,956,15269,1055,32907,California
Madera,2021-03-19,1509,48253,587,21227,838,25771,84,1255,975,18233,528,15797,1123,34030,California
Madera,2021-03-20,1129,49382,772,21999,306,26077,51,1306,579,18361,548,16345,676,34706,California
Madera,2021-03-21,1073,50455,872,22871,156,26233,45,1351,357,18051,713,17058,403,35109,California
Madera,2021-03-22,1358,51813,851,23722,439,26672,68,1419,686,18178,669,17727,796,35905,California
Madera,2021-03-23,1396,53209,839,24561,466,27138,91,1510,737,18431,657,18384,910,36815,California
Madera,2021-03-24,906,54115,470,25031,405,27543,31,1541,601,18764,303,18687,636,37451,California
Madera,2021-03-25,1125,55240,490,25521,611,28154,24,1565,647,18981,467,19154,684,38135,California
Madera,2021-03-26,1439,56679,510,26031,797,28951,132,1697,673,19029,760,19914,808,38943,California
Madera,2021-03-27,830,57509,530,26561,279,29230,21,1718,373,18972,451,20365,394,39337,California
Madera,2021-03-28,419,57928,136,26697,222,29452,61,1779,229,19125,189,20554,342,39679,California
Madera,2021-03-29,679,58607,179,26876,473,29925,27,1806,488,19456,188,20742,519,40198,California
Madera,2021-03-30,1016,59623,561,27437,423,30348,32,1838,556,19588,457,21199,589,40787,California
Madera,2021-03-31,1321,60944,489,27926,697,31045,135,1973,446,19301,869,22068,582,41369,California
Madera,2021-04-01,1238,62182,538,28464,651,31696,49,2022,441,18997,792,22860,488,41857,California
Madera,2021-04-02,1530,63712,409,28873,1062,32758,59,2081,473,18484,1046,23906,533,42390,California
Madera,2021-04-03,874,64586,683,29556,171,32929,20,2101,382,18405,490,24396,411,42801,California
Madera,2021-04-04,184,64770,65,29621,117,33046,2,2103,85,18393,99,24495,87,42888,California
Madera,2021-04-05,734,65504,255,29876,421,33467,58,2161,340,18412,393,24888,412,43300,California
Madera,2021-04-06,1690,67194,879,30755,463,33930,348,2509,634,18338,1055,25943,981,44281,California
Madera,2021-04-07,1199,68393,371,31126,679,34609,149,2658,456,18208,740,26683,610,44891,California
Madera,2021-04-08,1695,70088,655,31781,784,35393,256,2914,567,17915,1122,27805,829,45720,California
Madera,2021-04-09,1610,71698,672,32453,790,36183,148,3062,940,18341,665,28470,1091,46811,California
Madera,2021-04-10,954,72652,679,33132,208,36391,67,3129,709,18872,246,28716,777,47588,California
Madera,2021-04-11,786,73438,638,33770,69,36460,79,3208,296,18757,487,29203,372,47960,California
Madera,2021-04-12,778,74216,265,34035,435,36895,78,3286,301,18660,477,29680,380,48340,California
Madera,2021-04-13,1233,75449,608,34643,584,37479,41,3327,730,18940,501,30181,781,49121,California
Madera,2021-04-14,1361,76810,838,35481,523,38002,0,3327,579,18742,783,30964,585,49706,California
Madera,2021-04-15,1122,77932,470,35951,651,38653,1,3328,447,18527,664,31628,449,50155,California
Madera,2021-04-16,1280,79212,518,36469,762,39415,0,3328,442,18143,827,32455,443,50598,California
Madera,2021-04-17,1263,80475,1064,37533,199,39614,0,3328,825,18530,438,32893,825,51423,California
Madera,2021-04-18,244,80719,207,37740,37,39651,0,3328,99,18485,144,33037,99,51522,California
Madera,2021-04-19,797,81516,232,37972,564,40215,1,3329,269,18233,522,33559,270,51792,California
Madera,2021-04-20,865,82381,423,38395,442,40657,0,3329,237,17847,625,34184,239,52031,California
Madera,2021-04-21,854,83235,447,38842,407,41064,0,3329,296,17590,555,34739,298,52329,California
Madera,2021-04-22,1054,84289,510,39352,544,41608,0,3329,392,17325,658,35397,393,52722,California
Madera,2021-04-23,938,85227,304,39656,633,42241,1,3330,327,17046,607,36004,328,53050,California
Madera,2021-04-24,703,85930,464,40120,239,42480,0,3330,284,16916,415,36419,285,53335,California
Madera,2021-04-25,264,86194,160,40280,101,42581,3,3333,118,16895,143,36562,122,53457,California
Madera,2021-04-26,504,86698,89,40369,409,42990,6,3339,103,16604,400,36962,109,53566,California
Madera,2021-04-27,553,87251,257,40626,275,43265,21,3360,295,16664,257,37219,317,53883,California
Madera,2021-04-28,474,87725,197,40823,258,43523,19,3379,236,16682,236,37455,254,54137,California
Madera,2021-04-29,514,88239,240,41063,247,43770,27,3406,249,16700,258,37713,276,54413,California
Madera,2021-04-30,902,89141,505,41568,381,44151,16,3422,251,16320,647,38360,267,54680,California
Madera,2021-05-01,949,90090,862,42430,74,44225,13,3435,383,16150,566,38926,396,55076,California
Madera,2021-05-02,397,90487,350,42780,43,44268,4,3439,149,16055,248,39174,153,55229,California
Madera,2021-05-03,470,90957,186,42966,259,44527,25,3464,93,15799,374,39548,118,55347,California
Madera,2021-05-04,755,91712,379,43345,341,44868,35,3499,175,15429,580,40128,210,55557,California
Madera,2021-05-05,870,92582,438,43783,377,45245,55,3554,221,15058,647,40775,276,55833,California
Madera,2021-05-06,518,93100,195,43978,310,45555,13,3567,95,14746,420,41195,108,55941,California
Marin,2020-12-15,2,2,2,2,0,0,0,0,2,2,0,0,2,2,California
Marin,2020-12-16,107,109,107,109,0,0,0,0,107,109,0,0,107,109,California
Marin,2020-12-17,260,369,260,369,0,0,0,0,260,369,0,0,260,369,California
Marin,2020-12-18,373,742,373,742,0,0,0,0,373,742,0,0,373,742,California
Marin,2020-12-19,349,1091,348,1090,1,1,0,0,349,1091,0,0,349,1091,California
Marin,2020-12-20,167,1258,166,1256,1,2,0,0,167,1258,0,0,167,1258,California
Marin,2020-12-21,238,1496,235,1491,3,5,0,0,238,1496,0,0,238,1496,California
Marin,2020-12-22,521,2017,317,1808,204,209,0,0,521,2017,0,0,521,2017,California
Marin,2020-12-23,730,2747,321,2129,409,618,0,0,730,2747,0,0,730,2747,California
Marin,2020-12-24,357,3104,159,2288,198,816,0,0,357,3104,0,0,357,3104,California
Marin,2020-12-25,27,3131,0,2288,27,843,0,0,27,3131,0,0,27,3131,California
Marin,2020-12-26,143,3274,93,2381,50,893,0,0,143,3274,0,0,143,3274,California
Marin,2020-12-27,92,3366,55,2436,37,930,0,0,92,3366,0,0,92,3366,California
Marin,2020-12-28,408,3774,99,2535,309,1239,0,0,408,3774,0,0,408,3774,California
Marin,2020-12-29,402,4176,88,2623,314,1553,0,0,402,4176,0,0,402,4176,California
Marin,2020-12-30,626,4802,388,3011,238,1791,0,0,626,4802,0,0,626,4802,California
Marin,2020-12-31,197,4999,34,3045,163,1954,0,0,197,4999,0,0,197,4999,California
Marin,2021-01-01,16,5015,6,3051,10,1964,0,0,16,5015,0,0,16,5015,California
Marin,2021-01-02,108,5123,102,3153,6,1970,0,0,108,5123,0,0,108,5123,California
Marin,2021-01-03,54,5177,36,3189,18,1988,0,0,51,5174,0,0,51,5174,California
Marin,2021-01-04,296,5473,192,3381,104,2092,0,0,295,5468,1,1,295,5469,California
Marin,2021-01-05,368,5841,222,3603,146,2238,0,0,325,5750,43,44,325,5794,California
Marin,2021-01-06,819,6660,318,3921,501,2739,0,0,641,6213,178,222,641,6435,California
Marin,2021-01-07,890,7550,502,4423,388,3127,0,0,544,6411,346,568,544,6979,California
Marin,2021-01-08,971,8521,515,4938,456,3583,0,0,594,6629,376,944,594,7573,California
Marin,2021-01-09,619,9140,224,5162,395,3978,0,0,487,6984,132,1076,487,8060,California
Marin,2021-01-10,129,9269,100,5262,29,4007,0,0,55,6965,74,1150,55,8115,California
Marin,2021-01-11,468,9737,326,5588,142,4149,0,0,248,6995,220,1370,250,8365,California
Marin,2021-01-12,935,10672,538,6126,397,4546,0,0,568,7199,364,1734,568,8933,California
Marin,2021-01-13,1175,11847,498,6624,677,5223,0,0,937,7898,238,1972,937,9870,California
Marin,2021-01-14,1068,12915,318,6942,750,5973,0,0,918,8668,148,2120,918,10788,California
Marin,2021-01-15,1155,14070,354,7296,801,6774,0,0,1025,9565,129,2249,1026,11814,California
Marin,2021-01-16,1120,15190,914,8210,206,6980,0,0,1046,10537,74,2323,1046,12860,California
Marin,2021-01-17,1232,16422,1113,9323,119,7099,0,0,1203,11715,28,2351,1206,14066,California
Marin,2021-01-18,360,16782,159,9482,201,7300,0,0,309,11973,51,2402,309,14375,California
Marin,2021-01-19,1156,17938,914,10396,242,7542,0,0,984,12786,171,2573,984,15359,California
Marin,2021-01-20,1790,19728,1208,11604,582,8124,0,0,1060,13127,719,3292,1060,16419,California
Marin,2021-01-21,1685,21413,1062,12666,623,8747,0,0,1332,14111,350,3642,1334,17753,California
Marin,2021-01-22,1700,23113,1088,13754,612,9359,0,0,1532,15475,168,3810,1532,19285,California
Marin,2021-01-23,1843,24956,1341,15095,502,9861,0,0,1754,17141,88,3898,1754,21039,California
Marin,2021-01-24,614,25570,166,15261,448,10309,0,0,582,17691,32,3930,582,21621,California
Marin,2021-01-25,1128,26698,229,15490,899,11208,0,0,693,17950,435,4365,694,22315,California
Marin,2021-01-26,1504,28202,782,16272,722,11930,0,0,1129,18705,374,4739,1129,23444,California
Marin,2021-01-27,1714,29916,886,17158,828,12758,0,0,1352,19698,360,5099,1353,24797,California
Marin,2021-01-28,2079,31995,1070,18228,1009,13767,0,0,1815,21251,263,5362,1816,26613,California
Marin,2021-01-29,2195,34190,1446,19674,749,14516,0,0,1991,23051,192,5554,1992,28605,California
Marin,2021-01-30,1721,35911,906,20580,815,15331,0,0,1642,24615,79,5633,1643,30248,California
Marin,2021-01-31,456,36367,319,20899,137,15468,0,0,430,25019,26,5659,430,30678,California
Marin,2021-02-01,1089,37456,416,21315,673,16141,0,0,890,25711,199,5858,891,31569,California
Marin,2021-02-02,1352,38808,462,21777,890,17031,0,0,723,25815,619,6477,723,32292,California
Marin,2021-02-03,1782,40590,429,22206,1353,18384,0,0,1257,26548,524,7001,1257,33549,California
Marin,2021-02-04,1540,42130,513,22719,1027,19411,0,0,937,26885,600,7601,937,34486,California
Marin,2021-02-05,2179,44309,683,23402,1496,20907,0,0,1341,27392,834,8435,1341,35827,California
Marin,2021-02-06,1425,45734,850,24252,575,21482,0,0,603,27174,821,9256,603,36430,California
Marin,2021-02-07,1289,47023,1008,25260,281,21763,0,0,488,26862,800,10056,488,36918,California
Marin,2021-02-08,1520,48543,754,26014,766,22529,0,0,726,26796,792,10848,726,37644,California
Marin,2021-02-09,1782,50325,1122,27136,660,23189,0,0,834,26682,948,11796,834,38478,California
Marin,2021-02-10,2337,52662,1491,28627,846,24035,0,0,1217,26782,1118,12914,1218,39696,California
Marin,2021-02-11,2870,55532,1644,30271,1226,25261,0,0,1454,26829,1410,14324,1457,41153,California
Marin,2021-02-12,3062,58594,1540,31811,1522,26783,0,0,1563,26896,1496,15820,1563,42716,California
Marin,2021-02-13,2335,60929,1242,33053,1093,27876,0,0,1128,26819,1205,17025,1128,43844,California
Marin,2021-02-14,811,61740,302,33355,509,28385,0,0,718,27445,93,17118,719,44563,California
Marin,2021-02-15,1215,62955,355,33710,860,29245,0,0,835,27902,379,17497,836,45399,California
Marin,2021-02-16,2463,65418,1056,34766,1407,30652,0,0,1503,28446,959,18456,1503,46902,California
Marin,2021-02-17,2098,67516,942,35708,1156,31808,0,0,1085,28521,1011,19467,1086,47988,California
Marin,2021-02-18,2417,69933,1581,37289,836,32644,0,0,1059,28223,1357,20824,1059,49047,California
Marin,2021-02-19,2761,72694,2157,39446,604,33248,0,0,1219,27913,1530,22354,1220,50267,California
Marin,2021-02-20,2565,75259,2112,41558,453,33701,0,0,1216,27788,1342,23696,1217,51484,California
Marin,2021-02-21,1283,76542,1091,42649,192,33893,0,0,909,28327,370,24066,909,52393,California
Marin,2021-02-22,1827,78369,1407,44056,420,34313,0,0,1215,28932,610,24676,1215,53608,California
Marin,2021-02-23,2836,81205,1616,45672,1220,35533,0,0,1908,29922,919,25595,1909,55517,California
Marin,2021-02-24,3509,84714,1608,47280,1901,37434,0,0,2250,30921,1252,26847,2251,57768,California
Marin,2021-02-25,3930,88644,1808,49088,2122,39556,0,0,2772,32543,1151,27998,2773,60541,California
Marin,2021-02-26,3494,92138,1890,50978,1604,41160,0,0,2535,34132,947,28945,2536,63077,California
Marin,2021-02-27,2609,94747,1495,52473,1114,42274,0,0,1776,35080,830,29775,1778,64855,California
Marin,2021-02-28,1380,96127,919,53392,461,42735,0,0,1043,35789,334,30109,1043,65898,California
Marin,2021-03-01,2487,98614,1544,54936,943,43678,0,0,1671,36650,810,30919,1671,67569,California
Marin,2021-03-02,2445,101059,1608,56544,836,44514,1,1,1692,37593,750,31669,1693,69262,California
Marin,2021-03-03,4316,105375,2398,58942,1915,46429,3,4,2795,38875,1516,33185,2798,72060,California
Marin,2021-03-04,3348,108723,1652,60594,1695,48124,1,5,2335,40208,1006,34191,2339,74399,California
Marin,2021-03-05,3034,111757,1139,61733,1883,50007,12,17,1780,40749,1251,35442,1792,76191,California
Marin,2021-03-06,3226,114983,2314,64047,834,50841,78,95,2653,42911,568,36010,2730,78921,California
Marin,2021-03-07,1370,116353,1152,65199,194,51035,24,119,980,43529,386,36396,1004,79925,California
Marin,2021-03-08,1873,118226,1368,66567,388,51423,117,236,1408,44592,462,36858,1525,81450,California
Marin,2021-03-09,2099,120325,1218,67785,774,52197,107,343,1426,45454,671,37529,1533,82983,California
Marin,2021-03-10,4399,124724,2459,70244,1659,53856,281,624,3172,47686,1223,38752,3455,86438,California
Marin,2021-03-11,4566,129290,1875,72119,2556,56412,135,759,3272,49806,1287,40039,3407,89845,California
Marin,2021-03-12,3977,133267,1538,73657,2083,58495,356,1115,1567,49330,2399,42438,1923,91768,California
Marin,2021-03-13,4092,137359,2856,76513,1164,59659,72,1187,2418,50143,1672,44110,2485,94253,California
Marin,2021-03-14,2274,139633,1097,77610,1060,60719,117,1304,726,49440,1546,45656,843,95096,California
Marin,2021-03-15,3229,142862,1762,79372,1419,62138,48,1352,1218,48704,2001,47657,1265,96361,California
Marin,2021-03-16,4300,147162,2314,81686,1622,63760,364,1716,1524,47817,2773,50430,1886,98247,California
Marin,2021-03-17,4177,151339,2267,83953,1866,65626,44,1760,2057,47808,2109,52539,2100,100347,California
Marin,2021-03-18,4476,155815,2251,86204,2150,67776,75,1835,2243,47907,2217,54756,2316,102663,California
Marin,2021-03-19,4465,160280,2282,88486,1964,69740,219,2054,2428,48524,2029,56785,2646,105309,California
Marin,2021-03-20,3574,163854,1980,90466,1480,71220,114,2168,2032,49136,1535,58320,2147,107456,California
Marin,2021-03-21,1535,165389,1130,91596,380,71600,25,2193,800,49228,733,59053,825,108281,California
Marin,2021-03-22,2469,167858,2135,93731,169,71769,165,2358,994,48917,1470,60523,1159,109440,California
Marin,2021-03-23,4242,172100,2195,95926,1917,73686,130,2488,1934,48679,2302,62825,2064,111504,California
Marin,2021-03-24,4417,176517,2898,98824,1415,75101,104,2592,1798,47971,2608,65433,1900,113404,California
Marin,2021-03-25,4641,181158,2836,101660,1737,76838,68,2660,2266,47941,2362,67795,2332,115736,California
Marin,2021-03-26,4285,185443,2326,103986,1745,78583,214,2874,2419,48725,1849,69644,2633,118369,California
Marin,2021-03-27,3692,189135,2650,106636,1023,79606,19,2893,1145,47351,2537,72181,1163,119532,California
Marin,2021-03-28,2379,191514,1718,108354,655,80261,6,2899,1105,47194,1268,73449,1111,120643,California
Marin,2021-03-29,2686,194200,2092,110446,569,80830,25,2924,1185,46905,1499,74948,1210,121853,California
Marin,2021-03-30,4654,198854,3644,114090,977,81807,33,2957,3057,48401,1594,76542,3090,124943,California
Marin,2021-03-31,5795,204649,4106,118196,1640,83447,49,3006,2578,47821,3207,79749,2627,127570,California
Marin,2021-04-01,4394,209043,2269,120465,1874,85321,251,3257,2115,47915,2271,82020,2365,129935,California
Marin,2021-04-02,3694,212737,1833,122298,1498,86819,363,3620,1976,48539,1711,83731,2335,132270,California
Marin,2021-04-03,3834,216571,2518,124816,948,87767,368,3988,1465,48013,2359,86090,1833,134103,California
Marin,2021-04-04,1636,218207,1230,126046,202,87969,204,4192,1194,48971,440,86530,1398,135501,California
Marin,2021-04-05,2195,220402,1524,127570,300,88269,371,4563,1268,49686,922,87452,1637,137138,California
Marin,2021-04-06,3947,224349,2109,129679,1288,89557,550,5113,2194,50679,1748,89200,2741,139879,California
Marin,2021-04-07,3914,228263,1981,131660,1294,90851,639,5752,1428,50267,2479,91679,2067,141946,California
Marin,2021-04-08,5000,233263,1956,133616,2437,93288,607,6359,2285,50442,2707,94386,2882,144828,California
Marin,2021-04-09,3952,237215,1540,135156,1686,94974,726,7085,1301,49820,2646,97032,2024,146852,California
Marin,2021-04-10,3183,240398,1461,136617,1289,96263,433,7518,1435,49947,1739,98771,1866,148718,California
Marin,2021-04-11,1059,241457,804,137421,93,96356,162,7680,476,50002,582,99353,637,149355,California
Marin,2021-04-12,1736,243193,1236,138657,340,96696,160,7840,925,50280,808,100161,1086,150441,California
Marin,2021-04-13,3706,246899,2267,140924,1432,98128,7,7847,1342,49275,2354,102515,1349,151790,California
Marin,2021-04-14,4147,251046,2475,143399,1670,99798,2,7849,1701,48538,2439,104954,1702,153492,California
Marin,2021-04-15,5554,256600,3933,147332,1621,101419,0,7849,3182,49362,2359,107313,3183,156675,California
Marin,2021-04-16,4239,260839,2233,149565,2003,103422,3,7852,2061,49260,2166,109479,2064,158739,California
Marin,2021-04-17,3519,264358,2150,151715,1369,104791,0,7852,1758,49262,1756,111235,1758,160497,California
Marin,2021-04-18,3196,267554,3094,154809,102,104893,0,7852,2560,51189,633,111868,2560,163057,California
Marin,2021-04-19,2015,269569,1847,156656,168,105061,0,7852,1160,51499,852,112720,1162,164219,California
Marin,2021-04-20,3689,273258,2551,159207,1138,106199,0,7852,1475,50765,2209,114929,1475,165694,California
Marin,2021-04-21,3995,277253,2936,162143,1056,107255,3,7855,1372,49529,2609,117538,1373,167067,California
Marin,2021-04-22,4205,281458,3204,165347,1001,108256,0,7855,1482,48298,2716,120254,1485,168552,California
Marin,2021-04-23,3222,284680,1824,167171,1398,109654,0,7855,1235,47552,1982,122236,1236,169788,California
Marin,2021-04-24,2518,287198,1691,168862,826,110480,1,7856,925,46894,1584,123820,926,170714,California
Marin,2021-04-25,1388,288586,1271,170133,117,110597,0,7856,312,46135,1071,124891,312,171026,California
Marin,2021-04-26,1510,290096,1319,171452,188,110785,3,7859,336,45302,1173,126064,340,171366,California
Marin,2021-04-27,2917,293013,2134,173586,745,111530,38,7897,939,44307,1968,128032,973,172339,California
Marin,2021-04-28,2272,295285,1562,175148,663,112193,47,7944,707,43498,1562,129594,753,173092,California
Marin,2021-04-29,2872,298157,1967,177115,843,113036,62,8006,791,42277,2074,131668,853,173945,California
Marin,2021-04-30,1935,300092,1264,178379,583,113619,88,8094,693,41822,1236,132904,781,174726,California
Marin,2021-05-01,1800,301892,1001,179380,776,114395,23,8117,524,41101,1268,134172,547,175273,California
Marin,2021-05-02,724,302616,587,179967,108,114503,29,8146,202,40813,518,134690,230,175503,California
Marin,2021-05-03,1165,303781,944,180911,168,114671,53,8199,240,40183,922,135612,292,175795,California
Marin,2021-05-04,2620,306401,1785,182696,774,115445,61,8260,393,38416,2221,137833,454,176249,California
Marin,2021-05-05,1701,308102,1348,184044,294,115739,59,8319,344,37464,1355,139188,403,176652,California
Marin,2021-05-06,2021,310123,1755,185799,222,115961,44,8363,285,36061,1732,140920,329,176981,California
Mariposa,2020-12-17,37,37,37,37,0,0,0,0,39,39,0,0,39,39,California
Mariposa,2020-12-18,56,93,56,93,0,0,0,0,57,96,0,0,57,96,California
Mariposa,2020-12-20,2,95,2,95,0,0,0,0,2,98,0,0,2,98,California
Mariposa,2020-12-21,47,142,47,142,0,0,0,0,52,150,0,0,52,150,California
Mariposa,2020-12-22,5,147,5,147,0,0,0,0,5,155,0,0,5,155,California
Mariposa,2020-12-23,17,164,17,164,0,0,0,0,17,172,0,0,17,172,California
Mariposa,2020-12-24,1,165,0,164,1,1,0,0,0,172,0,0,0,172,California
Mariposa,2020-12-26,1,166,1,165,0,1,0,0,1,173,0,0,1,173,California
Mariposa,2020-12-27,1,167,0,165,1,2,0,0,1,174,0,0,1,174,California
Mariposa,2020-12-28,6,173,3,168,3,5,0,0,6,180,0,0,6,180,California
Mariposa,2020-12-29,33,206,3,171,30,35,0,0,33,213,0,0,33,213,California
Mariposa,2020-12-30,25,231,4,175,21,56,0,0,25,238,0,0,25,238,California
Mariposa,2020-12-31,16,247,0,175,16,72,0,0,16,254,0,0,16,254,California
Mariposa,2021-01-02,1,248,1,176,0,72,0,0,1,255,0,0,1,255,California
Mariposa,2021-01-04,8,256,1,177,7,79,0,0,8,263,0,0,8,263,California
Mariposa,2021-01-05,24,280,14,191,10,89,0,0,14,267,10,10,14,277,California
Mariposa,2021-01-06,6,286,3,194,3,92,0,0,3,267,3,13,3,280,California
Mariposa,2021-01-07,52,338,47,241,5,97,0,0,5,225,47,60,5,285,California
Mariposa,2021-01-08,108,446,79,320,29,126,0,0,33,183,75,135,33,318,California
Mariposa,2021-01-09,1,447,0,320,1,127,0,0,1,184,0,135,1,319,California
Mariposa,2021-01-11,31,478,10,330,21,148,0,0,23,199,8,143,23,342,California
Mariposa,2021-01-12,19,497,4,334,15,163,0,0,15,210,4,147,15,357,California
Mariposa,2021-01-13,21,518,4,338,17,180,0,0,18,225,3,150,18,375,California
Mariposa,2021-01-14,73,591,7,345,66,246,0,0,67,286,6,156,67,442,California
Mariposa,2021-01-15,66,657,26,371,40,286,0,0,56,332,10,166,56,498,California
Mariposa,2021-01-16,14,671,2,373,12,298,0,0,13,344,1,167,13,511,California
Mariposa,2021-01-17,2,673,0,373,2,300,0,0,2,346,0,167,2,513,California
Mariposa,2021-01-18,3,676,3,376,0,300,0,0,1,345,2,169,1,514,California
Mariposa,2021-01-19,8,684,4,380,4,304,0,0,5,348,2,171,5,519,California
Mariposa,2021-01-20,23,707,1,381,22,326,0,0,22,369,1,172,22,541,California
Mariposa,2021-01-21,64,771,7,388,57,383,0,0,60,425,4,176,60,601,California
Mariposa,2021-01-22,55,826,2,390,53,436,0,0,55,480,0,176,55,656,California
Mariposa,2021-01-23,116,942,2,392,114,550,0,0,115,594,1,177,115,771,California
Mariposa,2021-01-24,2,944,2,394,0,550,0,0,2,596,0,177,2,773,California
Mariposa,2021-01-25,4,948,1,395,3,553,0,0,0,592,4,181,0,773,California
Mariposa,2021-01-26,36,984,4,399,32,585,0,0,4,568,32,213,8,781,California
Mariposa,2021-01-27,22,1006,1,400,21,606,0,0,13,572,9,222,13,794,California
Mariposa,2021-01-28,126,1132,3,403,123,729,0,0,113,673,12,234,113,907,California
Mariposa,2021-01-29,84,1216,22,425,62,791,0,0,83,755,1,235,83,990,California
Mariposa,2021-01-30,9,1225,1,426,8,799,0,0,8,762,1,236,8,998,California
Mariposa,2021-01-31,1,1226,0,426,1,800,0,0,1,763,0,236,1,999,California
Mariposa,2021-02-01,87,1313,30,456,57,857,0,0,66,808,21,257,66,1065,California
Mariposa,2021-02-02,15,1328,3,459,12,869,0,0,9,811,6,263,9,1074,California
Mariposa,2021-02-03,20,1348,1,460,19,888,0,0,14,819,6,269,14,1088,California
Mariposa,2021-02-04,95,1443,8,468,87,975,0,0,90,906,4,273,91,1179,California
Mariposa,2021-02-05,188,1631,5,473,183,1158,0,0,162,1042,26,299,162,1341,California
Mariposa,2021-02-06,11,1642,4,477,7,1165,0,0,10,1051,1,300,10,1351,California
Mariposa,2021-02-08,40,1682,2,479,38,1203,0,0,21,1053,19,319,21,1372,California
Mariposa,2021-02-09,43,1725,25,504,18,1221,0,0,37,1084,6,325,37,1409,California
Mariposa,2021-02-10,28,1753,5,509,23,1244,0,0,17,1097,10,335,23,1432,California
Mariposa,2021-02-11,374,2127,5,514,369,1613,0,0,361,1447,13,348,363,1795,California
Mariposa,2021-02-12,184,2311,8,522,176,1789,0,0,141,1545,43,391,141,1936,California
Mariposa,2021-02-13,11,2322,3,525,8,1797,0,0,9,1552,2,393,9,1945,California
Mariposa,2021-02-14,8,2330,4,529,4,1801,0,0,5,1554,3,396,5,1950,California
Mariposa,2021-02-15,9,2339,3,532,6,1807,0,0,7,1559,2,398,7,1957,California
Mariposa,2021-02-16,57,2396,34,566,23,1830,0,0,34,1570,23,421,34,1991,California
Mariposa,2021-02-17,36,2432,8,574,28,1858,0,0,27,1590,8,429,28,2019,California
Mariposa,2021-02-18,56,2488,7,581,49,1907,0,0,20,1574,36,465,20,2039,California
Mariposa,2021-02-19,82,2570,3,584,79,1986,0,0,77,1646,5,470,77,2116,California
Mariposa,2021-02-20,251,2821,4,588,247,2233,0,0,222,1840,28,498,222,2338,California
Mariposa,2021-02-21,236,3057,3,591,233,2466,0,0,235,2074,1,499,235,2573,California
Mariposa,2021-02-22,24,3081,7,598,17,2483,0,0,21,2092,3,502,21,2594,California
Mariposa,2021-02-23,42,3123,36,634,6,2489,0,0,25,2100,17,519,25,2619,California
Mariposa,2021-02-24,20,3143,3,637,17,2506,0,0,8,2097,11,530,8,2627,California
Mariposa,2021-02-25,17,3160,8,645,9,2515,0,0,11,2102,6,536,11,2638,California
Mariposa,2021-02-26,420,3580,7,652,413,2928,0,0,359,2401,61,597,360,2998,California
Mariposa,2021-02-27,171,3751,5,657,166,3094,0,0,160,2550,11,608,160,3158,California
Mariposa,2021-02-28,2,3753,1,658,1,3095,0,0,0,2548,2,610,0,3158,California
Mariposa,2021-03-01,82,3835,26,684,56,3151,0,0,17,2501,64,674,17,3175,California
Mariposa,2021-03-02,21,3856,14,698,7,3158,0,0,11,2503,9,683,11,3186,California
Mariposa,2021-03-03,70,3926,5,703,65,3223,0,0,66,2566,4,687,67,3253,California
Mariposa,2021-03-04,35,3961,8,711,27,3250,0,0,20,2572,15,702,21,3274,California
Mariposa,2021-03-05,52,4013,9,720,43,3293,0,0,38,2601,14,716,43,3317,California
Mariposa,2021-03-06,15,4028,6,726,9,3302,0,0,7,2600,8,724,7,3324,California
Mariposa,2021-03-07,1,4029,1,727,0,3302,0,0,0,2599,1,725,0,3324,California
Mariposa,2021-03-08,38,4067,4,731,23,3325,11,11,9,2590,29,754,20,3344,California
Mariposa,2021-03-09,45,4112,18,749,17,3342,10,21,14,2583,31,785,24,3368,California
Mariposa,2021-03-10,29,4141,9,758,10,3352,10,31,9,2582,20,805,19,3387,California
Mariposa,2021-03-11,466,4607,6,764,442,3794,18,49,224,2586,241,1046,245,3632,California
Mariposa,2021-03-12,253,4860,7,771,219,4013,27,76,113,2585,140,1186,139,3771,California
Mariposa,2021-03-13,32,4892,6,777,11,4024,15,91,11,2589,21,1207,25,3796,California
Mariposa,2021-03-14,17,4909,2,779,4,4028,11,102,3,2589,14,1221,14,3810,California
Mariposa,2021-03-15,76,4985,7,786,31,4059,38,140,31,2613,45,1266,69,3879,California
Mariposa,2021-03-16,82,5067,32,818,15,4074,35,175,24,2614,58,1324,59,3938,California
Mariposa,2021-03-17,71,5138,10,828,53,4127,8,183,51,2654,19,1343,59,3997,California
Mariposa,2021-03-18,66,5204,15,843,41,4168,10,193,41,2680,25,1368,51,4048,California
Mariposa,2021-03-19,336,5540,9,852,322,4490,5,198,302,2953,34,1402,307,4355,California
Mariposa,2021-03-20,426,5966,5,857,419,4909,2,200,47,2624,379,1781,50,4405,California
Mariposa,2021-03-21,14,5980,8,865,5,4914,1,201,9,2630,4,1785,10,4415,California
Mariposa,2021-03-22,36,6016,7,872,21,4935,8,209,25,2653,11,1796,34,4449,California
Mariposa,2021-03-23,53,6069,33,905,10,4945,10,219,32,2674,21,1817,42,4491,California
Mariposa,2021-03-24,55,6124,5,910,48,4993,2,221,50,2721,5,1822,52,4543,California
Mariposa,2021-03-25,73,6197,15,925,50,5043,8,229,53,2762,20,1842,61,4604,California
Mariposa,2021-03-26,486,6683,9,934,476,5519,1,230,250,2777,236,2078,251,4855,California
Mariposa,2021-03-27,225,6908,8,942,217,5736,0,230,90,2734,135,2213,92,4947,California
Mariposa,2021-03-28,5,6913,0,942,2,5738,3,233,1,2734,4,2217,4,4951,California
Mariposa,2021-03-29,18,6931,5,947,13,5751,0,233,11,2738,7,2224,11,4962,California
Mariposa,2021-03-30,36,6967,13,960,7,5758,16,249,13,2744,23,2247,29,4991,California
Mariposa,2021-03-31,91,7058,16,976,68,5826,7,256,71,2802,20,2267,78,5069,California
Mariposa,2021-04-01,51,7109,9,985,34,5860,8,264,31,2821,20,2287,39,5108,California
Mariposa,2021-04-02,346,7455,11,996,333,6193,2,266,307,3092,38,2325,309,5417,California
Mariposa,2021-04-03,10,7465,7,1003,3,6196,0,266,5,3092,5,2330,5,5422,California
Mariposa,2021-04-04,2,7467,1,1004,0,6196,1,267,0,3091,2,2332,1,5423,California
Mariposa,2021-04-05,31,7498,23,1027,5,6201,3,270,15,3093,16,2348,18,5441,California
Mariposa,2021-04-06,44,7542,20,1047,8,6209,16,286,14,3094,29,2377,30,5471,California
Mariposa,2021-04-07,97,7639,6,1053,72,6281,19,305,28,3072,69,2446,47,5518,California
Mariposa,2021-04-08,275,7914,13,1066,243,6524,19,324,140,3099,133,2579,160,5678,California
Mariposa,2021-04-09,34,7948,9,1075,13,6537,12,336,10,3097,24,2603,22,5700,California
Mariposa,2021-04-10,202,8150,3,1078,189,6726,10,346,188,3281,13,2616,197,5897,California
Mariposa,2021-04-11,115,8265,4,1082,109,6835,2,348,48,3265,67,2683,51,5948,California
Mariposa,2021-04-12,37,8302,11,1093,24,6859,2,350,9,3248,28,2711,11,5959,California
Mariposa,2021-04-13,53,8355,45,1138,8,6867,0,350,34,3263,19,2730,34,5993,California
Mariposa,2021-04-14,112,8467,7,1145,105,6972,0,350,58,3268,53,2783,58,6051,California
Mariposa,2021-04-15,55,8522,17,1162,38,7010,0,350,40,3296,12,2795,40,6091,California
Mariposa,2021-04-16,381,8903,11,1173,370,7380,0,350,106,3127,275,3070,106,6197,California
Mariposa,2021-04-17,11,8914,6,1179,5,7385,0,350,8,3132,3,3073,8,6205,California
Mariposa,2021-04-18,6,8920,0,1179,6,7391,0,350,3,3132,3,3076,3,6208,California
Mariposa,2021-04-19,54,8974,23,1202,31,7422,0,350,28,3135,25,3101,28,6236,California
Mariposa,2021-04-20,63,9037,50,1252,13,7435,0,350,40,3155,20,3121,40,6276,California
Mariposa,2021-04-21,88,9125,12,1264,76,7511,0,350,40,3148,47,3168,40,6316,California
Mariposa,2021-04-22,44,9169,8,1272,36,7547,0,350,36,3177,7,3175,36,6352,California
Mariposa,2021-04-23,314,9483,69,1341,245,7792,0,350,145,3154,169,3344,146,6498,California
Mariposa,2021-04-24,105,9588,9,1350,96,7888,0,350,43,3136,61,3405,43,6541,California
Mariposa,2021-04-26,12,9600,9,1359,3,7891,0,350,2,3128,10,3415,2,6543,California
Mariposa,2021-04-27,29,9629,15,1374,13,7904,1,351,14,3132,11,3426,15,6558,California
Mariposa,2021-04-28,68,9697,13,1387,53,7957,2,353,28,3122,40,3466,30,6588,California
Mariposa,2021-04-29,42,9739,12,1399,29,7986,1,354,37,3155,5,3471,38,6626,California
Mariposa,2021-04-30,50,9789,4,1403,41,8027,5,359,39,3188,11,3482,44,6670,California
Mariposa,2021-05-01,1,9790,1,1404,0,8027,0,359,0,3187,1,3483,0,6670,California
Mariposa,2021-05-02,3,9793,2,1406,0,8027,1,360,0,3185,3,3486,1,6671,California
Mariposa,2021-05-03,14,9807,11,1417,2,8029,1,361,7,3187,6,3492,8,6679,California
Mariposa,2021-05-04,48,9855,29,1446,15,8044,4,365,36,3215,12,3504,40,6719,California
Mariposa,2021-05-05,7,9862,1,1447,4,8048,2,367,2,3214,5,3509,4,6723,California
Mariposa,2021-05-06,44,9906,32,1479,11,8059,1,368,32,3235,12,3521,33,6756,California
Mendocino,2020-12-17,70,70,70,70,0,0,0,0,70,70,0,0,70,70,California
Mendocino,2020-12-18,85,155,84,154,1,1,0,0,84,154,0,0,84,154,California
Mendocino,2020-12-19,4,159,4,158,0,1,0,0,4,158,0,0,4,158,California
Mendocino,2020-12-20,7,166,7,165,0,1,0,0,7,165,0,0,7,165,California
Mendocino,2020-12-21,241,407,241,406,0,1,0,0,77,242,0,0,77,242,California
Mendocino,2020-12-22,251,658,190,596,61,62,0,0,251,493,0,0,251,493,California
Mendocino,2020-12-23,270,928,47,643,223,285,0,0,269,762,0,0,269,762,California
Mendocino,2020-12-24,49,977,8,651,41,326,0,0,49,811,0,0,49,811,California
Mendocino,2020-12-25,1,978,0,651,1,327,0,0,1,812,0,0,1,812,California
Mendocino,2020-12-26,2,980,2,653,0,327,0,0,2,814,0,0,2,814,California
Mendocino,2020-12-27,1,981,0,653,1,328,0,0,1,815,0,0,1,815,California
Mendocino,2020-12-28,74,1055,9,662,65,393,0,0,74,889,0,0,74,889,California
Mendocino,2020-12-29,122,1177,61,723,61,454,0,0,122,1011,0,0,122,1011,California
Mendocino,2020-12-30,123,1300,68,791,55,509,0,0,123,1134,0,0,123,1134,California
Mendocino,2020-12-31,131,1431,96,887,35,544,0,0,131,1265,0,0,131,1265,California
Mendocino,2021-01-01,8,1439,6,893,2,546,0,0,8,1273,0,0,8,1273,California
Mendocino,2021-01-04,840,2279,19,912,821,1367,0,0,840,2113,0,0,840,2113,California
Mendocino,2021-01-05,71,2350,35,947,36,1403,0,0,58,2158,13,13,58,2171,California
Mendocino,2021-01-06,155,2505,133,1080,22,1425,0,0,145,2293,10,23,145,2316,California
Mendocino,2021-01-07,358,2863,238,1318,120,1545,0,0,295,2525,63,86,295,2611,California
Mendocino,2021-01-08,95,2958,82,1400,13,1558,0,0,41,2513,54,140,42,2653,California
Mendocino,2021-01-09,10,2968,6,1406,4,1562,0,0,8,2519,2,142,8,2661,California
Mendocino,2021-01-10,8,2976,8,1414,0,1562,0,0,1,2513,7,149,1,2662,California
Mendocino,2021-01-11,101,3077,92,1506,9,1571,0,0,43,2499,57,206,43,2705,California
Mendocino,2021-01-12,385,3462,375,1881,10,1581,0,0,269,2652,116,322,269,2974,California
Mendocino,2021-01-13,484,3946,145,2026,339,1920,0,0,442,3055,40,362,443,3417,California
Mendocino,2021-01-14,636,4582,20,2046,616,2536,0,0,627,3673,9,371,627,4044,California
Mendocino,2021-01-15,1857,6439,859,2905,998,3534,0,0,1852,5521,5,376,1853,5897,California
Mendocino,2021-01-16,791,7230,50,2955,741,4275,0,0,789,6308,2,378,789,6686,California
Mendocino,2021-01-17,553,7783,1,2956,552,4827,0,0,552,6859,1,379,552,7238,California
Mendocino,2021-01-18,488,8271,463,3419,25,4852,0,0,476,7323,12,391,476,7714,California
Mendocino,2021-01-19,334,8605,148,3567,186,5038,0,0,158,7305,176,567,158,7872,California
Mendocino,2021-01-20,553,9158,406,3973,147,5185,0,0,447,7649,104,671,448,8320,California
Mendocino,2021-01-21,536,9694,223,4196,313,5498,0,0,351,7816,184,855,351,8671,California
Mendocino,2021-01-22,149,9843,58,4254,91,5589,0,0,110,7887,39,894,110,8781,California
Mendocino,2021-01-23,155,9998,83,4337,72,5661,0,0,149,8030,6,900,149,8930,California
Mendocino,2021-01-24,5,10003,3,4340,2,5663,0,0,5,8035,0,900,5,8935,California
Mendocino,2021-01-25,191,10194,18,4358,173,5836,0,0,121,8086,70,970,121,9056,California
Mendocino,2021-01-26,155,10349,55,4413,100,5936,0,0,95,8121,60,1030,95,9151,California
Mendocino,2021-01-27,439,10788,369,4782,70,6006,0,0,174,8037,258,1288,174,9325,California
Mendocino,2021-01-28,590,11378,526,5308,64,6070,0,0,495,8438,94,1382,495,9820,California
Mendocino,2021-01-29,392,11770,351,5659,41,6111,0,0,363,8773,29,1411,364,10184,California
Mendocino,2021-01-30,49,11819,31,5690,18,6129,0,0,42,8808,7,1418,42,10226,California
Mendocino,2021-01-31,273,12092,2,5692,271,6400,0,0,3,8541,270,1688,3,10229,California
Mendocino,2021-02-01,381,12473,52,5744,329,6729,0,0,59,8278,322,2010,59,10288,California
Mendocino,2021-02-02,723,13196,503,6247,220,6949,0,0,364,8283,359,2369,364,10652,California
Mendocino,2021-02-03,390,13586,205,6452,185,7134,0,0,221,8337,167,2536,221,10873,California
Mendocino,2021-02-04,624,14210,529,6981,95,7229,0,0,500,8713,124,2660,500,11373,California
Mendocino,2021-02-05,1300,15510,1212,8193,88,7317,0,0,583,8581,715,3375,583,11956,California
Mendocino,2021-02-06,559,16069,158,8351,401,7718,0,0,544,9110,15,3390,544,12500,California
Mendocino,2021-02-07,32,16101,28,8379,4,7722,0,0,32,9142,0,3390,32,12532,California
Mendocino,2021-02-08,746,16847,715,9094,31,7753,0,0,284,8964,462,3852,284,12816,California
Mendocino,2021-02-09,141,16988,58,9152,83,7836,0,0,89,9001,52,3904,89,12905,California
Mendocino,2021-02-10,1481,18469,921,10073,560,8396,0,0,741,9008,734,4638,741,13646,California
Mendocino,2021-02-11,1134,19603,208,10281,926,9322,0,0,280,8434,854,5492,280,13926,California
Mendocino,2021-02-12,1405,21008,162,10443,1243,10565,0,0,640,8310,764,6256,640,14566,California
Mendocino,2021-02-13,496,21504,12,10455,484,11049,0,0,103,8026,392,6648,108,14674,California
Mendocino,2021-02-14,693,22197,3,10458,690,11739,0,0,134,7601,559,7207,134,14808,California
Mendocino,2021-02-15,330,22527,42,10500,288,12027,0,0,175,7621,155,7362,175,14983,California
Mendocino,2021-02-16,201,22728,51,10551,150,12177,0,0,130,7680,71,7433,130,15113,California
Mendocino,2021-02-17,1352,24080,1190,11741,162,12339,0,0,877,8084,473,7906,877,15990,California
Mendocino,2021-02-18,1781,25861,640,12381,1141,13480,0,0,1215,8734,565,8471,1215,17205,California
Mendocino,2021-02-19,750,26611,146,12527,604,14084,0,0,611,9206,139,8610,611,17816,California
Mendocino,2021-02-20,571,27182,545,13072,26,14110,0,0,540,9717,29,8639,540,18356,California
Mendocino,2021-02-21,325,27507,6,13078,319,14429,0,0,313,10019,11,8650,313,18669,California
Mendocino,2021-02-22,162,27669,30,13108,132,14561,0,0,69,9997,91,8741,69,18738,California
Mendocino,2021-02-23,677,28346,664,13772,13,14574,0,0,613,10548,62,8803,613,19351,California
Mendocino,2021-02-24,1839,30185,1759,15531,80,14654,0,0,1430,11576,404,9207,1432,20783,California
Mendocino,2021-02-25,1703,31888,531,16062,1172,15826,0,0,1284,12442,418,9625,1284,22067,California
Mendocino,2021-02-26,1402,33290,748,16810,654,16480,0,0,1039,13120,361,9986,1039,23106,California
Mendocino,2021-02-27,199,33489,151,16961,48,16528,0,0,76,13074,122,10108,76,23182,California
Mendocino,2021-02-28,35,33524,13,16974,22,16550,0,0,24,13087,11,10119,24,23206,California
Mendocino,2021-03-01,578,34102,534,17508,44,16594,0,0,539,13589,37,10156,539,23745,California
Mendocino,2021-03-02,73,34175,26,17534,47,16641,0,0,41,13599,31,10187,41,23786,California
Mendocino,2021-03-03,1715,35890,1330,18864,385,17026,0,0,1082,14050,631,10818,1082,24868,California
Mendocino,2021-03-04,1766,37656,147,19011,1619,18645,0,0,1549,15385,215,11033,1550,26418,California
Mendocino,2021-03-05,209,37865,148,19159,52,18697,9,9,117,15421,90,11123,126,26544,California
Mendocino,2021-03-06,244,38109,21,19180,198,18895,25,34,203,15609,40,11163,228,26772,California
Mendocino,2021-03-07,505,38614,8,19188,477,19372,20,54,118,15360,386,11549,137,26909,California
Mendocino,2021-03-08,124,38738,30,19218,58,19430,36,90,64,15402,58,11607,100,27009,California
Mendocino,2021-03-09,572,39310,232,19450,299,19729,41,131,474,15819,98,11705,515,27524,California
Mendocino,2021-03-10,1110,40420,980,20430,65,19794,65,196,269,15318,838,12543,337,27861,California
Mendocino,2021-03-11,822,41242,611,21041,158,19952,53,249,395,15341,425,12968,448,28309,California
Mendocino,2021-03-12,2019,43261,1031,22072,893,20845,95,344,1212,15848,800,13768,1307,29616,California
Mendocino,2021-03-13,654,43915,524,22596,73,20918,57,401,97,15449,553,14321,154,29770,California
Mendocino,2021-03-14,104,44019,2,22598,95,21013,7,408,11,15378,89,14410,18,29788,California
Mendocino,2021-03-15,597,44616,50,22648,489,21502,58,466,208,15255,388,14798,265,30053,California
Mendocino,2021-03-16,569,45185,373,23021,151,21653,45,511,138,15009,429,15227,183,30236,California
Mendocino,2021-03-17,1563,46748,1359,24380,56,21709,148,659,214,14032,1346,16573,369,30605,California
Mendocino,2021-03-18,1306,48054,247,24627,1021,22730,38,697,284,13339,1014,17587,321,30926,California
Mendocino,2021-03-19,1756,49810,856,25483,839,23569,61,758,332,12314,1420,19007,395,31321,California
Mendocino,2021-03-20,68,49878,10,25493,37,23606,21,779,12,12291,56,19063,33,31354,California
Mendocino,2021-03-21,8,49886,1,25494,2,23608,5,784,3,12294,5,19068,8,31362,California
Mendocino,2021-03-22,624,50510,580,26074,15,23623,29,813,146,11994,474,19542,174,31536,California
Mendocino,2021-03-23,165,50675,33,26107,102,23725,30,843,115,12089,50,19592,145,31681,California
Mendocino,2021-03-24,911,51586,840,26947,24,23749,47,890,114,11455,795,20387,161,31842,California
Mendocino,2021-03-25,1987,53573,50,26997,1917,25666,20,910,174,9838,1809,22196,192,32034,California
Mendocino,2021-03-26,507,54080,358,27355,124,25790,25,935,324,10004,183,22379,349,32383,California
Mendocino,2021-03-27,143,54223,13,27368,118,25908,12,947,81,10035,61,22440,92,32475,California
Mendocino,2021-03-28,25,54248,5,27373,16,25924,4,951,3,10021,21,22461,7,32482,California
Mendocino,2021-03-29,187,54435,99,27472,46,25970,42,993,96,10068,91,22552,138,32620,California
Mendocino,2021-03-30,683,55118,598,28070,48,26018,37,1030,411,10245,271,22823,448,33068,California
Mendocino,2021-03-31,869,55987,272,28342,537,26555,60,1090,405,10248,462,23285,465,33533,California
Mendocino,2021-04-01,1708,57695,399,28741,1231,27786,78,1168,384,9393,1316,24601,461,33994,California
Mendocino,2021-04-02,1284,58979,1056,29797,155,27941,73,1241,223,8632,1057,25658,296,34290,California
Mendocino,2021-04-03,703,59682,7,29804,675,28616,21,1262,82,8118,617,26275,103,34393,California
Mendocino,2021-04-04,69,59751,34,29838,29,28645,6,1268,54,8163,15,26290,60,34453,California
Mendocino,2021-04-05,211,59962,142,29980,45,28690,24,1292,132,8237,79,26369,153,34606,California
Mendocino,2021-04-06,396,60358,121,30101,180,28870,95,1387,107,8150,289,26658,202,34808,California
Mendocino,2021-04-07,485,60843,177,30278,63,28933,245,1632,120,8151,363,27021,364,35172,California
Mendocino,2021-04-08,1488,62331,911,31189,462,29395,115,1747,998,8781,483,27504,1113,36285,California
Mendocino,2021-04-09,756,63087,423,31612,172,29567,161,1908,395,8977,360,27864,556,36841,California
Mendocino,2021-04-10,403,63490,91,31703,267,29834,45,1953,100,8819,303,28167,145,36986,California
Mendocino,2021-04-11,121,63611,47,31750,18,29852,56,2009,58,8870,63,28230,114,37100,California
Mendocino,2021-04-12,619,64230,513,32263,46,29898,60,2069,413,9137,206,28436,473,37573,California
Mendocino,2021-04-13,288,64518,225,32488,63,29961,0,2069,221,9291,67,28503,221,37794,California
Mendocino,2021-04-14,513,65031,424,32912,89,30050,0,2069,412,9602,101,28604,412,38206,California
Mendocino,2021-04-15,654,65685,326,33238,328,30378,0,2069,395,9742,255,28859,395,38601,California
Mendocino,2021-04-16,122,65807,49,33287,72,30450,1,2070,74,9770,47,28906,75,38676,California
Mendocino,2021-04-17,196,66003,11,33298,185,30635,0,2070,69,9713,126,29032,69,38745,California
Mendocino,2021-04-18,7,66010,2,33300,5,30640,0,2070,4,9714,3,29035,4,38749,California
Mendocino,2021-04-19,531,66541,506,33806,24,30664,1,2071,433,10051,97,29132,434,39183,California
Mendocino,2021-04-20,410,66951,283,34089,127,30791,0,2071,261,10163,149,29281,261,39444,California
Mendocino,2021-04-21,182,67133,124,34213,57,30848,1,2072,113,10208,68,29349,113,39557,California
Mendocino,2021-04-22,485,67618,309,34522,175,31023,1,2073,320,10365,163,29512,320,39877,California
Mendocino,2021-04-23,840,68458,699,35221,141,31164,0,2073,688,10903,150,29662,688,40565,California
Mendocino,2021-04-24,101,68559,14,35235,87,31251,0,2073,94,10990,7,29669,94,40659,California
Mendocino,2021-04-25,52,68611,28,35263,20,31271,4,2077,18,10978,34,29703,22,40681,California
Mendocino,2021-04-26,267,68878,205,35468,57,31328,5,2082,184,11085,82,29785,189,40870,California
Mendocino,2021-04-27,174,69052,67,35535,83,31411,24,2106,90,11115,83,29868,113,40983,California
Mendocino,2021-04-28,215,69267,147,35682,53,31464,15,2121,126,11167,89,29957,141,41124,California
Mendocino,2021-04-29,1135,70402,839,36521,282,31746,14,2135,106,10260,1027,30984,120,41244,California
Mendocino,2021-04-30,605,71007,385,36906,210,31956,10,2145,228,10121,377,31361,238,41482,California
Mendocino,2021-05-01,470,71477,434,37340,30,31986,6,2151,366,10390,103,31464,372,41854,California
Mendocino,2021-05-02,56,71533,47,37387,6,31992,3,2154,9,10356,46,31510,12,41866,California
Mendocino,2021-05-03,135,71668,76,37463,38,32030,21,2175,40,10323,94,31604,61,41927,California
Mendocino,2021-05-04,323,71991,250,37713,53,32083,20,2195,106,10232,217,31821,126,42053,California
Mendocino,2021-05-05,827,72818,780,38493,33,32116,14,2209,187,9794,639,32460,201,42254,California
Mendocino,2021-05-06,490,73308,315,38808,173,32289,2,2211,103,9514,385,32845,105,42359,California
Merced,2020-12-16,3,3,3,3,0,0,0,0,3,3,0,0,3,3,California
Merced,2020-12-17,5,8,5,8,0,0,0,0,5,8,0,0,5,8,California
Merced,2020-12-18,143,151,143,151,0,0,0,0,143,151,0,0,143,151,California
Merced,2020-12-19,39,190,39,190,0,0,0,0,39,190,0,0,39,190,California
Merced,2020-12-20,17,207,17,207,0,0,0,0,17,207,0,0,17,207,California
Merced,2020-12-21,125,332,122,329,3,3,0,0,125,332,0,0,125,332,California
Merced,2020-12-22,152,484,152,481,0,3,0,0,152,484,0,0,152,484,California
Merced,2020-12-23,248,732,242,723,6,9,0,0,248,732,0,0,248,732,California
Merced,2020-12-24,72,804,72,795,0,9,0,0,72,804,0,0,72,804,California
Merced,2020-12-25,4,808,4,799,0,9,0,0,4,808,0,0,4,808,California
Merced,2020-12-26,6,814,3,802,3,12,0,0,6,814,0,0,6,814,California
Merced,2020-12-27,12,826,11,813,1,13,0,0,12,826,0,0,12,826,California
Merced,2020-12-28,123,949,98,911,25,38,0,0,123,949,0,0,123,949,California
Merced,2020-12-29,180,1129,124,1035,56,94,0,0,180,1129,0,0,180,1129,California
Merced,2020-12-30,214,1343,89,1124,125,219,0,0,214,1343,0,0,214,1343,California
Merced,2020-12-31,103,1446,34,1158,69,288,0,0,103,1446,0,0,103,1446,California
Merced,2021-01-01,2,1448,0,1158,2,290,0,0,2,1448,0,0,2,1448,California
Merced,2021-01-02,128,1576,117,1275,11,301,0,0,128,1576,0,0,128,1576,California
Merced,2021-01-03,9,1585,5,1280,4,305,0,0,9,1585,0,0,9,1585,California
Merced,2021-01-04,80,1665,42,1322,38,343,0,0,80,1665,0,0,80,1665,California
Merced,2021-01-05,320,1985,231,1553,89,432,0,0,314,1975,6,6,316,1981,California
Merced,2021-01-06,254,2239,103,1656,151,583,0,0,248,2217,6,12,248,2229,California
Merced,2021-01-07,184,2423,80,1736,104,687,0,0,174,2380,11,23,174,2403,California
Merced,2021-01-08,527,2950,393,2129,134,821,0,0,376,2606,150,173,376,2779,California
Merced,2021-01-09,23,2973,10,2139,13,834,0,0,17,2617,6,179,17,2796,California
Merced,2021-01-10,10,2983,6,2145,4,838,0,0,6,2619,4,183,6,2802,California
Merced,2021-01-11,225,3208,167,2312,58,896,0,0,101,2598,124,307,103,2905,California
Merced,2021-01-12,280,3488,157,2469,123,1019,0,0,230,2777,51,358,230,3135,California
Merced,2021-01-13,372,3860,173,2642,199,1218,0,0,221,2850,151,509,224,3359,California
Merced,2021-01-14,325,4185,201,2843,124,1342,0,0,160,2847,164,673,161,3520,California
Merced,2021-01-15,577,4762,127,2970,450,1792,0,0,539,3349,39,712,541,4061,California
Merced,2021-01-16,203,4965,122,3092,81,1873,0,0,198,3542,5,717,198,4259,California
Merced,2021-01-17,49,5014,12,3104,37,1910,0,0,48,3589,1,718,48,4307,California
Merced,2021-01-18,260,5274,126,3230,134,2044,0,0,238,3808,22,740,241,4548,California
Merced,2021-01-19,703,5977,580,3810,123,2167,0,0,532,4173,171,911,536,5084,California
Merced,2021-01-20,571,6548,466,4276,105,2272,0,0,515,4635,56,967,518,5602,California
Merced,2021-01-21,1006,7554,646,4922,360,2632,0,0,907,5446,99,1066,910,6512,California
Merced,2021-01-22,1301,8855,683,5605,618,3250,0,0,1274,6705,27,1093,1286,7798,California
Merced,2021-01-23,307,9162,185,5790,122,3372,0,0,202,6802,105,1198,202,8000,California
Merced,2021-01-24,32,9194,14,5804,18,3390,0,0,23,6817,8,1206,23,8023,California
Merced,2021-01-25,726,9920,240,6044,486,3876,0,0,667,7427,58,1264,668,8691,California
Merced,2021-01-26,912,10832,483,6527,429,4305,0,0,671,7885,214,1478,672,9363,California
Merced,2021-01-27,976,11808,582,7109,394,4699,0,0,809,8529,165,1643,809,10172,California
Merced,2021-01-28,1137,12945,591,7700,546,5245,0,0,1016,9425,121,1764,1017,11189,California
Merced,2021-01-29,845,13790,321,8021,524,5769,0,0,600,9789,238,2002,602,11791,California
Merced,2021-01-30,259,14049,27,8048,232,6001,0,0,243,10016,16,2018,243,12034,California
Merced,2021-01-31,45,14094,10,8058,35,6036,0,0,44,10059,1,2019,44,12078,California
Merced,2021-02-01,373,14467,52,8110,321,6357,0,0,325,10338,47,2066,326,12404,California
Merced,2021-02-02,293,14760,181,8291,112,6469,0,0,174,10396,117,2183,175,12579,California
Merced,2021-02-03,349,15109,71,8362,278,6747,0,0,168,10383,181,2364,168,12747,California
Merced,2021-02-04,371,15480,146,8508,225,6972,0,0,240,10494,130,2494,241,12988,California
Merced,2021-02-05,513,15993,173,8681,340,7312,0,0,272,10528,240,2734,274,13262,California
Merced,2021-02-06,387,16380,218,8899,169,7481,0,0,244,10631,142,2876,245,13507,California
Merced,2021-02-07,21,16401,13,8912,8,7489,0,0,14,10638,7,2883,14,13521,California
Merced,2021-02-08,278,16679,196,9108,82,7571,0,0,169,10700,108,2991,170,13691,California
Merced,2021-02-09,1213,17892,953,10061,260,7831,0,0,776,11048,429,3420,777,14468,California
Merced,2021-02-10,1852,19744,1431,11492,421,8252,0,0,1273,11751,570,3990,1273,15741,California
Merced,2021-02-11,2502,22246,2006,13498,496,8748,0,0,1817,12892,676,4666,1817,17558,California
Merced,2021-02-12,1713,23959,1012,14510,701,9449,0,0,745,12680,959,5625,747,18305,California
Merced,2021-02-13,360,24319,205,14715,155,9604,0,0,262,12847,97,5722,264,18569,California
Merced,2021-02-14,116,24435,26,14741,90,9694,0,0,95,12922,21,5743,96,18665,California
Merced,2021-02-15,273,24708,40,14781,233,9927,0,0,170,12995,98,5841,171,18836,California
Merced,2021-02-16,1211,25919,842,15623,369,10296,0,0,838,13480,355,6196,840,19676,California
Merced,2021-02-17,1875,27794,1630,17253,245,10541,0,0,1315,14250,547,6743,1317,20993,California
Merced,2021-02-18,1199,28993,811,18064,388,10929,0,0,398,13867,781,7524,398,21391,California
Merced,2021-02-19,1262,30255,413,18477,849,11778,0,0,537,13687,719,8243,539,21930,California
Merced,2021-02-20,276,30531,31,18508,245,12023,0,0,142,13697,132,8375,142,22072,California
Merced,2021-02-21,76,30607,62,18570,14,12037,0,0,32,13685,44,8419,32,22104,California
Merced,2021-02-22,826,31433,293,18863,533,12570,0,0,480,13821,344,8763,480,22584,California
Merced,2021-02-23,1079,32512,421,19284,658,13228,0,0,638,14023,436,9199,638,23222,California
Merced,2021-02-24,813,33325,301,19585,512,13740,0,0,443,14106,361,9560,444,23666,California
Merced,2021-02-25,1752,35077,863,20448,889,14629,0,0,1301,14961,448,10008,1303,24969,California
Merced,2021-02-26,2131,37208,1361,21809,770,15399,0,0,1724,16281,405,10413,1725,26694,California
Merced,2021-02-27,2518,39726,1101,22910,1417,16816,0,0,2233,18230,284,10697,2233,28927,California
Merced,2021-02-28,298,40024,71,22981,227,17043,0,0,250,18436,44,10741,250,29177,California
Merced,2021-03-01,1111,41135,279,23260,832,17875,0,0,773,18879,330,11071,773,29950,California
Merced,2021-03-02,1745,42880,902,24162,842,18717,1,1,1358,19860,378,11449,1359,31309,California
Merced,2021-03-03,2210,45090,1726,25888,483,19200,1,2,1455,20578,738,12187,1456,32765,California
Merced,2021-03-04,2880,47970,2267,28155,611,19811,2,4,1910,21538,953,13140,1913,34678,California
Merced,2021-03-05,2064,50034,1193,29348,847,20658,24,28,1528,22567,524,13664,1553,36231,California
Merced,2021-03-06,1166,51200,662,30010,482,21140,22,50,910,23244,255,13919,932,37163,California
Merced,2021-03-07,228,51428,64,30074,139,21279,25,75,199,23439,29,13948,224,37387,California
Merced,2021-03-08,1338,52766,741,30815,532,21811,65,140,1127,24420,210,14158,1191,38578,California
Merced,2021-03-09,1690,54456,996,31811,587,22398,107,247,1098,25038,588,14746,1206,39784,California
Merced,2021-03-10,2685,57141,1861,33672,625,23023,199,446,1616,25802,1056,15802,1820,41604,California
Merced,2021-03-11,1929,59070,685,34357,1039,24062,205,651,1221,26554,696,16498,1448,43052,California
Merced,2021-03-12,2191,61261,898,35255,1026,25088,267,918,1479,27604,708,17206,1758,44810,California
Merced,2021-03-13,720,61981,309,35564,168,25256,243,1161,412,27960,300,17506,656,45466,California
Merced,2021-03-14,248,62229,136,35700,82,25338,30,1191,149,28042,98,17604,180,45646,California
Merced,2021-03-15,1500,63729,492,36192,753,26091,255,1446,983,28769,510,18114,1237,46883,California
Merced,2021-03-16,1428,65157,685,36877,518,26609,225,1671,947,29467,472,18586,1170,48053,California
Merced,2021-03-17,1958,67115,1057,37934,723,27332,178,1849,1510,30717,440,19026,1690,49743,California
Merced,2021-03-18,2029,69144,1166,39100,716,28048,147,1996,1385,31627,636,19662,1546,51289,California
Merced,2021-03-19,2656,71800,1446,40546,1018,29066,192,2188,1382,31939,1263,20925,1575,52864,California
Merced,2021-03-20,2412,74212,1484,42030,533,29599,395,2583,960,31848,1450,22375,1359,54223,California
Merced,2021-03-21,556,74768,343,42373,200,29799,13,2596,437,32181,119,22494,452,54675,California
Merced,2021-03-22,1259,76027,628,43001,555,30354,76,2672,887,32781,365,22859,965,55640,California
Merced,2021-03-23,1819,77846,1096,44097,659,31013,64,2736,1344,33719,471,23330,1409,57049,California
Merced,2021-03-24,1405,79251,877,44974,493,31506,35,2771,929,34212,471,23801,964,58013,California
Merced,2021-03-25,3297,82548,2267,47241,1009,32515,21,2792,2076,35099,1213,25014,2100,60113,California
Merced,2021-03-26,1916,84464,1073,48314,809,33324,34,2826,886,34996,1022,26036,919,61032,California
Merced,2021-03-27,3031,87495,1765,50079,1196,34520,70,2896,1382,34811,1638,27674,1453,62485,California
Merced,2021-03-28,511,88006,211,50290,293,34813,7,2903,211,34732,298,27972,219,62704,California
Merced,2021-03-29,1725,89731,694,50984,867,35680,164,3067,661,34503,1058,29030,829,63533,California
Merced,2021-03-30,2124,91855,790,51774,1275,36955,59,3126,979,34400,1141,30171,1038,64571,California
Merced,2021-03-31,2106,93961,1393,53167,679,37634,34,3160,940,34224,1151,31322,975,65546,California
Merced,2021-04-01,2170,96131,1016,54183,1033,38667,121,3281,997,34176,1168,32490,1120,66666,California
Merced,2021-04-02,2320,98451,631,54814,1287,39954,402,3683,778,33832,1526,34016,1182,67848,California
Merced,2021-04-03,891,99342,419,55233,459,40413,13,3696,489,33938,398,34414,504,68352,California
Merced,2021-04-04,366,99708,141,55374,221,40634,4,3700,139,33858,226,34640,146,68498,California
Merced,2021-04-05,1248,100956,591,55965,446,41080,211,3911,408,33641,835,35475,618,69116,California
Merced,2021-04-06,2409,103365,890,56855,694,41774,825,4736,896,33852,1509,36984,1720,70836,California
Merced,2021-04-07,1646,105011,885,57740,654,42428,107,4843,582,33492,1051,38035,691,71527,California
Merced,2021-04-08,2245,107256,1144,58884,886,43314,215,5058,788,33065,1428,39463,1001,72528,California
Merced,2021-04-09,1674,108930,475,59359,623,43937,576,5634,560,33105,1098,40561,1138,73666,California
Merced,2021-04-10,688,109618,361,59720,141,44078,186,5820,172,32951,511,41072,357,74023,California
Merced,2021-04-11,486,110104,280,60000,72,44150,134,5954,146,32894,338,41410,281,74304,California
Merced,2021-04-12,1414,111518,926,60926,365,44515,123,6077,814,33266,565,41975,937,75241,California
Merced,2021-04-13,2019,113537,1447,62373,569,45084,3,6080,936,33208,1001,42976,943,76184,California
Merced,2021-04-14,2035,115572,1207,63580,828,45912,0,6080,900,33104,1006,43982,902,77086,California
Merced,2021-04-15,3005,118577,1970,65550,1035,46947,0,6080,955,32239,1824,45806,959,78045,California
Merced,2021-04-16,2353,120930,1148,66698,1205,48152,0,6080,962,31907,1294,47100,962,79007,California
Merced,2021-04-17,1436,122366,790,67488,646,48798,0,6080,369,31215,1062,48162,370,79377,California
Merced,2021-04-18,467,122833,248,67736,219,49017,0,6080,192,31159,248,48410,192,79569,California
Merced,2021-04-19,1314,124147,738,68474,576,49593,0,6080,702,31343,518,48928,702,80271,California
Merced,2021-04-20,1406,125553,730,69204,676,50269,0,6080,783,31573,554,49482,784,81055,California
Merced,2021-04-21,1462,127015,879,70083,583,50852,0,6080,754,31730,598,50080,755,81810,California
Merced,2021-04-22,1599,128614,737,70820,862,51714,0,6080,780,31771,739,50819,780,82590,California
Merced,2021-04-23,1624,130238,665,71485,959,52673,0,6080,883,31960,695,51514,884,83474,California
Merced,2021-04-24,565,130803,396,71881,169,52842,0,6080,388,32176,173,51687,389,83863,California
Merced,2021-04-25,324,131127,185,72066,139,52981,0,6080,192,32237,131,51818,192,84055,California
Merced,2021-04-26,1111,132238,452,72518,659,53640,0,6080,586,32330,495,52313,588,84643,California
Merced,2021-04-27,1471,133709,621,73139,840,54480,10,6090,615,32165,791,53104,626,85269,California
Merced,2021-04-28,1356,135065,670,73809,677,55157,9,6099,784,32407,552,53656,794,86063,California
Merced,2021-04-29,1314,136379,514,74323,775,55932,25,6124,632,32390,675,54331,658,86721,California
Merced,2021-04-30,1356,137735,541,74864,773,56705,42,6166,666,32412,687,55018,709,87430,California
Merced,2021-05-01,552,138287,237,75101,311,57016,4,6170,257,32381,292,55310,261,87691,California
Merced,2021-05-02,291,138578,117,75218,159,57175,15,6185,128,32362,163,55473,144,87835,California
Merced,2021-05-03,739,139317,500,75718,193,57368,46,6231,256,32205,480,55953,323,88158,California
Merced,2021-05-04,778,140095,367,76085,365,57733,46,6277,271,32019,503,56456,317,88475,California
Merced,2021-05-05,828,140923,497,76582,274,58007,57,6334,367,31989,454,56910,424,88899,California
Merced,2021-05-06,381,141304,173,76755,194,58201,14,6348,97,31819,281,57191,111,89010,California
Modoc,2020-12-16,1,1,1,1,0,0,0,0,1,1,0,0,1,1,California
Modoc,2020-12-21,99,100,99,100,0,0,0,0,99,100,0,0,99,100,California
Modoc,2020-12-22,14,114,14,114,0,0,0,0,14,114,0,0,14,114,California
Modoc,2020-12-23,4,118,4,118,0,0,0,0,4,118,0,0,4,118,California
Modoc,2020-12-24,1,119,1,119,0,0,0,0,1,119,0,0,1,119,California
Modoc,2020-12-28,2,121,2,121,0,0,0,0,2,121,0,0,2,121,California
Modoc,2020-12-29,10,131,1,122,9,9,0,0,10,131,0,0,10,131,California
Modoc,2020-12-30,7,138,0,122,7,16,0,0,7,138,0,0,7,138,California
Modoc,2021-01-02,2,140,0,122,2,18,0,0,2,140,0,0,2,140,California
Modoc,2021-01-04,8,148,0,122,8,26,0,0,8,148,0,0,8,148,California
Modoc,2021-01-05,2,150,1,123,1,27,0,0,2,150,0,0,2,150,California
Modoc,2021-01-06,3,153,2,125,1,28,0,0,2,151,1,1,2,152,California
Modoc,2021-01-07,72,225,0,125,72,100,0,0,72,223,0,1,72,224,California
Modoc,2021-01-08,105,330,0,125,105,205,0,0,105,328,0,1,105,329,California
Modoc,2021-01-10,1,331,1,126,0,205,0,0,0,327,1,2,0,329,California
Modoc,2021-01-11,90,421,81,207,9,214,0,0,19,275,71,73,19,348,California
Modoc,2021-01-12,94,515,25,232,69,283,0,0,68,317,26,99,68,416,California
Modoc,2021-01-13,24,539,4,236,20,303,0,0,22,337,2,101,22,438,California
Modoc,2021-01-14,129,668,6,242,123,426,0,0,124,456,5,106,124,562,California
Modoc,2021-01-15,6,674,1,243,5,431,0,0,6,462,0,106,6,568,California
Modoc,2021-01-16,1,675,1,244,0,431,0,0,1,463,0,106,1,569,California
Modoc,2021-01-18,1,676,1,245,0,431,0,0,1,464,0,106,1,570,California
Modoc,2021-01-19,5,681,3,248,2,433,0,0,3,465,2,108,3,573,California
Modoc,2021-01-20,11,692,1,249,10,443,0,0,11,476,0,108,11,584,California
Modoc,2021-01-21,157,849,2,251,155,598,0,0,157,633,0,108,157,741,California
Modoc,2021-01-22,2,851,0,251,2,600,0,0,2,635,0,108,2,743,California
Modoc,2021-01-25,11,862,0,251,11,611,0,0,11,646,0,108,11,754,California
Modoc,2021-01-26,65,927,1,252,64,675,0,0,65,711,0,108,65,819,California
Modoc,2021-01-27,41,968,2,254,39,714,0,0,25,720,16,124,25,844,California
Modoc,2021-01-28,144,1112,1,255,143,857,0,0,144,864,0,124,144,988,California
Modoc,2021-01-29,3,1115,1,256,2,859,0,0,3,867,0,124,3,991,California
Modoc,2021-02-01,25,1140,12,268,13,872,0,0,11,864,14,138,11,1002,California
Modoc,2021-02-02,170,1310,2,270,168,1040,0,0,167,1028,3,141,167,1169,California
Modoc,2021-02-03,18,1328,13,283,5,1045,0,0,11,1032,7,148,11,1180,California
Modoc,2021-02-04,155,1483,4,287,151,1196,0,0,27,931,128,276,27,1207,California
Modoc,2021-02-05,4,1487,3,290,1,1197,0,0,3,933,1,277,3,1210,California
Modoc,2021-02-08,9,1496,2,292,7,1204,0,0,8,940,1,278,8,1218,California
Modoc,2021-02-09,197,1693,13,305,184,1388,0,0,65,873,132,410,65,1283,California
Modoc,2021-02-10,5,1698,2,307,3,1391,0,0,4,876,1,411,4,1287,California
Modoc,2021-02-11,201,1899,3,310,198,1589,0,0,83,841,118,529,83,1370,California
Modoc,2021-02-12,4,1903,0,310,4,1593,0,0,2,841,2,531,2,1372,California
Modoc,2021-02-13,1,1904,0,310,1,1594,0,0,1,842,0,531,1,1373,California
Modoc,2021-02-16,147,2051,6,316,141,1735,0,0,143,981,4,535,143,1516,California
Modoc,2021-02-17,24,2075,1,317,23,1758,0,0,12,981,12,547,12,1528,California
Modoc,2021-02-18,188,2263,2,319,186,1944,0,0,25,845,162,709,26,1554,California
Modoc,2021-02-19,2,2265,2,321,0,1944,0,0,2,847,0,709,2,1556,California
Modoc,2021-02-20,1,2266,1,322,0,1944,0,0,1,848,0,709,1,1557,California
Modoc,2021-02-22,17,2283,9,331,8,1952,0,0,3,837,14,723,3,1560,California
Modoc,2021-02-23,20,2303,2,333,18,1970,0,0,1,819,19,742,1,1561,California
Modoc,2021-02-24,90,2393,1,334,89,2059,0,0,30,789,60,802,30,1591,California
Modoc,2021-02-25,169,2562,1,335,168,2227,0,0,13,646,156,958,13,1604,California
Modoc,2021-02-26,3,2565,0,335,3,2230,0,0,1,645,2,960,1,1605,California
Modoc,2021-02-27,5,2570,5,340,0,2230,0,0,2,644,3,963,2,1607,California
Modoc,2021-03-01,5,2575,0,340,5,2235,0,0,0,640,4,967,0,1607,California
Modoc,2021-03-02,193,2768,12,352,181,2416,0,0,26,499,167,1134,26,1633,California
Modoc,2021-03-03,12,2780,6,358,6,2422,0,0,2,491,10,1144,2,1635,California
Modoc,2021-03-04,175,2955,2,360,173,2595,0,0,148,612,27,1171,148,1783,California
Modoc,2021-03-05,4,2959,3,363,1,2596,0,0,2,612,2,1173,2,1785,California
Modoc,2021-03-06,11,2970,0,363,1,2597,10,10,1,613,10,1183,11,1796,California
Modoc,2021-03-07,6,2976,1,364,0,2597,5,15,1,614,5,1188,6,1802,California
Modoc,2021-03-08,8,2984,1,365,3,2600,4,19,1,613,6,1194,5,1807,California
Modoc,2021-03-09,126,3110,10,375,108,2708,8,27,61,617,65,1259,69,1876,California
Modoc,2021-03-10,9,3119,3,378,2,2710,4,31,4,620,5,1264,8,1884,California
Modoc,2021-03-11,207,3326,0,378,99,2809,108,139,22,565,185,1449,130,2014,California
Modoc,2021-03-12,10,3336,1,379,4,2813,5,144,4,568,6,1455,9,2023,California
Modoc,2021-03-13,4,3340,0,379,1,2814,3,147,1,569,3,1458,4,2027,California
Modoc,2021-03-15,12,3352,1,380,10,2824,1,148,10,578,2,1460,11,2038,California
Modoc,2021-03-16,173,3525,1,381,168,2992,4,152,42,492,131,1591,45,2083,California
Modoc,2021-03-17,10,3535,1,382,4,2996,5,157,2,491,8,1599,7,2090,California
Modoc,2021-03-18,67,3602,2,384,58,3054,7,164,35,501,32,1631,42,2132,California
Modoc,2021-03-19,5,3607,0,384,0,3054,5,169,0,501,5,1636,5,2137,California
Modoc,2021-03-20,6,3613,2,386,1,3055,3,172,1,500,5,1641,4,2141,California
Modoc,2021-03-21,4,3617,1,387,1,3056,2,174,2,502,2,1643,4,2145,California
Modoc,2021-03-22,18,3635,1,388,11,3067,6,180,12,514,6,1649,18,2163,California
Modoc,2021-03-23,37,3672,7,395,27,3094,3,183,28,536,9,1658,31,2194,California
Modoc,2021-03-24,29,3701,1,396,18,3112,10,193,2,521,27,1685,12,2206,California
Modoc,2021-03-25,77,3778,1,397,74,3186,2,195,45,536,32,1717,47,2253,California
Modoc,2021-03-26,7,3785,2,399,2,3188,3,198,2,536,5,1722,5,2258,California
Modoc,2021-03-27,2,3787,0,399,1,3189,1,199,1,537,1,1723,2,2260,California
Modoc,2021-03-28,2,3789,1,400,0,3189,1,200,0,536,2,1725,1,2261,California
Modoc,2021-03-29,14,3803,1,401,5,3194,8,208,5,540,9,1734,13,2274,California
Modoc,2021-03-30,55,3858,10,411,38,3232,7,215,21,534,34,1768,28,2302,California
Modoc,2021-03-31,9,3867,3,414,2,3234,4,219,3,535,6,1774,7,2309,California
Modoc,2021-04-01,167,4034,2,416,160,3394,5,224,32,437,135,1909,37,2346,California
Modoc,2021-04-02,5,4039,0,416,2,3396,3,227,1,438,3,1912,4,2350,California
Modoc,2021-04-03,5,4044,2,418,0,3396,3,230,2,440,2,1914,4,2354,California
Modoc,2021-04-05,9,4053,0,418,9,3405,0,230,9,449,0,1914,9,2363,California
Modoc,2021-04-06,24,4077,5,423,9,3414,10,240,6,447,18,1932,16,2379,California
Modoc,2021-04-07,12,4089,1,424,4,3418,7,247,3,448,9,1941,10,2389,California
Modoc,2021-04-08,97,4186,1,425,93,3511,3,250,26,406,71,2012,29,2418,California
Modoc,2021-04-09,11,4197,2,427,6,3517,3,253,2,401,9,2021,4,2422,California
Modoc,2021-04-10,5,4202,0,427,1,3518,4,257,0,400,5,2026,4,2426,California
Modoc,2021-04-11,2,4204,2,429,0,3518,0,257,1,400,1,2027,1,2427,California
Modoc,2021-04-12,14,4218,1,430,9,3527,4,261,1,394,11,2038,5,2432,California
Modoc,2021-04-13,30,4248,29,459,1,3528,0,261,21,406,9,2047,21,2453,California
Modoc,2021-04-14,2,4250,2,461,0,3528,0,261,1,406,1,2048,1,2454,California
Modoc,2021-04-15,100,4350,0,461,100,3628,0,261,27,360,73,2121,27,2481,California
Modoc,2021-04-16,4,4354,4,465,0,3628,0,261,3,362,1,2122,3,2484,California
Modoc,2021-04-17,2,4356,2,467,0,3628,0,261,2,364,0,2122,2,2486,California
Modoc,2021-04-18,1,4357,0,467,1,3629,0,261,1,365,0,2122,1,2487,California
Modoc,2021-04-19,7,4364,1,468,6,3635,0,261,2,362,5,2127,2,2489,California
Modoc,2021-04-20,27,4391,2,470,25,3660,0,261,9,353,18,2145,9,2498,California
Modoc,2021-04-21,3,4394,3,473,0,3660,0,261,1,352,2,2147,1,2499,California
Modoc,2021-04-22,98,4492,4,477,94,3754,0,261,41,336,57,2204,41,2540,California
Modoc,2021-04-23,5,4497,1,478,4,3758,0,261,4,339,1,2205,4,2544,California
Modoc,2021-04-24,3,4500,1,479,1,3759,1,262,2,341,1,2206,3,2547,California
Modoc,2021-04-25,1,4501,1,480,0,3759,0,262,1,342,0,2206,1,2548,California
Modoc,2021-04-26,8,4509,1,481,7,3766,0,262,3,340,5,2211,3,2551,California
Modoc,2021-04-27,6,4515,4,485,1,3767,1,263,1,337,5,2216,2,2553,California
Modoc,2021-04-28,5,4520,1,486,3,3770,1,264,1,335,4,2220,2,2555,California
Modoc,2021-04-29,65,4585,2,488,63,3833,0,264,24,318,41,2261,24,2579,California
Modoc,2021-04-30,5,4590,4,492,1,3834,0,264,3,319,2,2263,3,2582,California
Modoc,2021-05-01,1,4591,1,493,0,3834,0,264,0,318,1,2264,0,2582,California
Modoc,2021-05-02,4,4595,3,496,1,3835,0,264,3,320,1,2265,3,2585,California
Modoc,2021-05-03,10,4605,0,496,9,3844,1,265,0,311,10,2275,1,2586,California
Modoc,2021-05-04,11,4616,3,499,6,3850,2,267,5,312,6,2281,7,2593,California
Modoc,2021-05-05,27,4643,24,523,2,3852,1,268,8,302,19,2300,9,2602,California
Modoc,2021-05-06,49,4692,3,526,46,3898,0,268,19,291,30,2330,19,2621,California
Mono,2020-12-18,1,1,1,1,0,0,0,0,1,1,0,0,1,1,California
Mono,2020-12-19,5,6,5,6,0,0,0,0,5,6,0,0,5,6,California
Mono,2020-12-20,7,13,7,13,0,0,0,0,7,13,0,0,7,13,California
Mono,2020-12-21,24,37,17,30,7,7,0,0,24,37,0,0,24,37,California
Mono,2020-12-22,66,103,65,95,1,8,0,0,66,103,0,0,66,103,California
Mono,2020-12-23,70,173,42,137,28,36,0,0,70,173,0,0,70,173,California
Mono,2020-12-24,3,176,1,138,2,38,0,0,3,176,0,0,3,176,California
Mono,2020-12-26,3,179,3,141,0,38,0,0,3,179,0,0,3,179,California
Mono,2020-12-28,94,273,63,204,31,69,0,0,94,273,0,0,94,273,California
Mono,2020-12-29,29,302,29,233,0,69,0,0,29,302,0,0,29,302,California
Mono,2020-12-30,77,379,36,269,41,110,0,0,77,379,0,0,77,379,California
Mono,2020-12-31,4,383,1,270,3,113,0,0,4,383,0,0,4,383,California
Mono,2021-01-01,4,387,4,274,0,113,0,0,4,387,0,0,4,387,California
Mono,2021-01-02,2,389,2,276,0,113,0,0,2,389,0,0,2,389,California
Mono,2021-01-04,1,390,0,276,1,114,0,0,1,390,0,0,1,390,California
Mono,2021-01-05,45,435,2,278,43,157,0,0,44,433,1,1,44,434,California
Mono,2021-01-06,44,479,0,278,44,201,0,0,44,477,0,1,44,478,California
Mono,2021-01-07,55,534,3,281,52,253,0,0,54,530,1,2,54,532,California
Mono,2021-01-08,2,536,1,282,1,254,0,0,1,530,1,3,1,533,California
Mono,2021-01-09,4,540,4,286,0,254,0,0,0,526,4,7,0,533,California
Mono,2021-01-10,5,545,5,291,0,254,0,0,0,521,5,12,0,533,California
Mono,2021-01-11,8,553,5,296,3,257,0,0,4,521,4,16,4,537,California
Mono,2021-01-12,282,835,75,371,207,464,0,0,218,676,63,79,218,755,California
Mono,2021-01-13,233,1068,73,444,160,624,0,0,178,799,55,134,178,933,California
Mono,2021-01-14,73,1141,71,515,2,626,0,0,73,872,0,134,73,1006,California
Mono,2021-01-15,62,1203,2,517,60,686,0,0,62,934,0,134,62,1068,California
Mono,2021-01-16,4,1207,3,520,1,687,0,0,1,932,3,137,1,1069,California
Mono,2021-01-18,64,1271,55,575,9,696,0,0,2,872,62,199,2,1071,California
Mono,2021-01-19,210,1481,208,783,2,698,0,0,172,1007,38,237,173,1244,California
Mono,2021-01-20,231,1712,199,982,32,730,0,0,170,1116,61,298,170,1414,California
Mono,2021-01-21,3,1715,3,985,0,730,0,0,3,1119,0,298,3,1417,California
Mono,2021-01-22,4,1719,0,985,4,734,0,0,4,1123,0,298,4,1421,California
Mono,2021-01-23,595,2314,595,1580,0,734,0,0,594,1716,1,299,594,2015,California
Mono,2021-01-25,203,2517,165,1745,38,772,0,0,164,1841,39,338,164,2179,California
Mono,2021-01-26,505,3022,503,2248,2,774,0,0,499,2334,6,344,499,2678,California
Mono,2021-01-27,5,3027,1,2249,4,778,0,0,5,2339,0,344,5,2683,California
Mono,2021-01-28,6,3033,2,2251,4,782,0,0,2,2337,4,348,2,2685,California
Mono,2021-01-30,202,3235,200,2451,2,784,0,0,201,2537,1,349,201,2886,California
Mono,2021-01-31,243,3478,138,2589,105,889,0,0,139,2572,104,453,139,3025,California
Mono,2021-02-01,27,3505,27,2616,0,889,0,0,0,2545,27,480,0,3025,California
Mono,2021-02-02,5,3510,0,2616,5,894,0,0,2,2544,3,483,2,3027,California
Mono,2021-02-03,4,3514,2,2618,2,896,0,0,2,2544,2,485,2,3029,California
Mono,2021-02-04,211,3725,158,2776,53,949,0,0,90,2513,121,606,90,3119,California
Mono,2021-02-05,615,4340,609,3385,6,955,0,0,612,3122,3,609,612,3731,California
Mono,2021-02-06,139,4479,138,3523,1,956,0,0,138,3259,1,610,138,3869,California
Mono,2021-02-07,2,4481,0,3523,2,958,0,0,2,3261,0,610,2,3871,California
Mono,2021-02-08,172,4653,172,3695,0,958,0,0,15,3120,156,766,15,3886,California
Mono,2021-02-09,226,4879,6,3701,220,1178,0,0,14,2922,212,978,14,3900,California
Mono,2021-02-10,538,5417,187,3888,351,1529,0,0,195,2775,343,1321,196,4096,California
Mono,2021-02-11,7,5424,4,3892,3,1532,0,0,2,2772,5,1326,2,4098,California
Mono,2021-02-12,84,5508,20,3912,64,1596,0,0,26,2740,58,1384,26,4124,California
Mono,2021-02-13,586,6094,586,4498,0,1596,0,0,25,2205,560,1944,25,4149,California
Mono,2021-02-15,167,6261,165,4663,2,1598,0,0,3,2046,162,2106,3,4152,California
Mono,2021-02-16,516,6777,513,5176,3,1601,0,0,45,1623,468,2574,45,4197,California
Mono,2021-02-17,6,6783,1,5177,5,1606,0,0,1,1619,5,2579,1,4198,California
Mono,2021-02-18,3,6786,2,5179,1,1607,0,0,2,1620,1,2580,2,4200,California
Mono,2021-02-19,54,6840,53,5232,1,1608,0,0,54,1674,0,2580,54,4254,California
Mono,2021-02-20,4,6844,4,5236,0,1608,0,0,4,1678,0,2580,4,4258,California
Mono,2021-02-21,3,6847,3,5239,0,1608,0,0,3,1681,0,2580,3,4261,California
Mono,2021-02-22,285,7132,284,5523,1,1609,0,0,24,1445,260,2840,24,4285,California
Mono,2021-02-23,135,7267,115,5638,20,1629,0,0,22,1354,113,2953,22,4307,California
Mono,2021-02-24,8,7275,3,5641,5,1634,0,0,2,1350,6,2959,2,4309,California
Mono,2021-02-25,5,7280,2,5643,3,1637,0,0,3,1352,1,2960,3,4312,California
Mono,2021-02-26,596,7876,595,6238,1,1638,0,0,20,797,575,3535,20,4332,California
Mono,2021-02-27,141,8017,137,6375,4,1642,0,0,4,666,135,3670,4,4336,California
Mono,2021-03-01,2,8019,2,6377,0,1642,0,0,1,667,0,3670,1,4337,California
Mono,2021-03-02,5,8024,3,6380,2,1644,0,0,3,668,2,3672,3,4340,California
Mono,2021-03-03,82,8106,2,6382,80,1724,0,0,79,745,2,3674,79,4419,California
Mono,2021-03-04,5,8111,1,6383,4,1728,0,0,3,746,2,3676,3,4422,California
Mono,2021-03-05,37,8148,27,6410,10,1738,0,0,14,737,23,3699,14,4436,California
Mono,2021-03-06,508,8656,17,6427,491,2229,0,0,500,1232,6,3705,501,4937,California
Mono,2021-03-07,1,8657,0,6427,1,2230,0,0,0,1231,1,3706,0,4937,California
Mono,2021-03-08,538,9195,11,6438,524,2754,3,3,529,1754,9,3715,532,5469,California
Mono,2021-03-09,6,9201,2,6440,3,2757,1,4,3,1756,2,3717,4,5473,California
Mono,2021-03-10,286,9487,90,6530,193,2950,3,7,9,1493,275,3992,12,5485,California
Mono,2021-03-11,10,9497,0,6530,1,2951,9,16,0,1492,10,4002,9,5494,California
Mono,2021-03-12,7,9504,1,6531,1,2952,5,21,0,1490,7,4009,5,5499,California
Mono,2021-03-13,823,10327,386,6917,437,3389,0,21,815,2297,8,4017,815,6314,California
Mono,2021-03-14,4,10331,4,6921,0,3389,0,21,1,2295,3,4020,1,6315,California
Mono,2021-03-15,29,10360,23,6944,1,3390,5,26,12,2296,16,4036,17,6332,California
Mono,2021-03-16,16,10376,6,6950,4,3394,6,32,8,2302,8,4044,14,6346,California
Mono,2021-03-17,34,10410,5,6955,21,3415,8,40,22,2320,12,4056,30,6376,California
Mono,2021-03-18,21,10431,2,6957,11,3426,8,48,9,2325,12,4068,17,6393,California
Mono,2021-03-19,21,10452,1,6958,17,3443,3,51,17,2342,3,4071,20,6413,California
Mono,2021-03-20,5,10457,3,6961,1,3444,1,52,4,2346,1,4072,5,6418,California
Mono,2021-03-21,1,10458,1,6962,0,3444,0,52,1,2347,0,4072,1,6419,California
Mono,2021-03-22,11,10469,0,6962,6,3450,5,57,5,2351,6,4078,10,6429,California
Mono,2021-03-23,41,10510,5,6967,31,3481,5,62,18,2351,23,4101,23,6452,California
Mono,2021-03-24,11,10521,1,6968,5,3486,5,67,5,2355,6,4107,10,6462,California
Mono,2021-03-25,19,10540,3,6971,12,3498,4,71,12,2364,7,4114,16,6478,California
Mono,2021-03-26,19,10559,3,6974,11,3509,5,76,10,2371,8,4122,15,6493,California
Mono,2021-03-27,350,10909,347,7321,3,3512,0,76,324,2669,26,4148,324,6817,California
Mono,2021-03-28,1,10910,1,7322,0,3512,0,76,1,2670,0,4148,1,6818,California
Mono,2021-03-29,10,10920,3,7325,6,3518,1,77,8,2677,2,4150,9,6827,California
Mono,2021-03-30,12,10932,0,7325,8,3526,4,81,7,2683,5,4155,11,6838,California
Mono,2021-03-31,126,11058,7,7332,118,3644,1,82,47,2653,78,4233,48,6886,California
Mono,2021-04-01,8,11066,0,7332,7,3651,1,83,3,2652,5,4238,4,6890,California
Mono,2021-04-02,18,11084,2,7334,16,3667,0,83,7,2648,11,4249,7,6897,California
Mono,2021-04-03,846,11930,365,7699,481,4148,0,83,34,1872,810,5059,34,6931,California
Mono,2021-04-05,529,12459,17,7716,511,4659,1,84,31,1407,497,5556,32,6963,California
Mono,2021-04-06,20,12479,2,7718,5,4664,13,97,2,1404,18,5574,15,6978,California
Mono,2021-04-07,25,12504,3,7721,3,4667,19,116,4,1406,21,5595,23,7001,California
Mono,2021-04-08,22,12526,3,7724,2,4669,17,133,4,1409,18,5613,21,7022,California
Mono,2021-04-09,37,12563,4,7728,4,4673,29,162,7,1415,30,5643,36,7058,California
Mono,2021-04-10,446,13009,2,7730,437,5110,7,169,28,1032,418,6061,35,7093,California
Mono,2021-04-11,1,13010,1,7731,0,5110,0,169,0,1031,1,6062,0,7093,California
Mono,2021-04-12,6,13016,0,7731,3,5113,3,172,3,1034,3,6065,6,7099,California
Mono,2021-04-13,18,13034,2,7733,15,5128,1,173,12,1041,6,6071,13,7112,California
Mono,2021-04-14,26,13060,1,7734,25,5153,0,173,7,1029,19,6090,7,7119,California
Mono,2021-04-15,18,13078,3,7737,15,5168,0,173,9,1029,9,6099,9,7128,California
Mono,2021-04-16,14,13092,1,7738,13,5181,0,173,5,1025,9,6108,5,7133,California
Mono,2021-04-17,51,13143,2,7740,49,5230,0,173,44,1062,7,6115,44,7177,California
Mono,2021-04-18,2,13145,1,7741,1,5231,0,173,2,1064,0,6115,2,7179,California
Mono,2021-04-19,527,13672,319,8060,208,5439,0,173,201,941,324,6439,201,7380,California
Mono,2021-04-20,17,13689,2,8062,15,5454,0,173,12,948,5,6444,12,7392,California
Mono,2021-04-21,9,13698,1,8063,8,5462,0,173,4,947,5,6449,4,7396,California
Mono,2021-04-22,27,13725,13,8076,14,5476,0,173,13,946,14,6463,13,7409,California
Mono,2021-04-23,21,13746,2,8078,19,5495,0,173,11,947,10,6473,11,7420,California
Mono,2021-04-24,34,13780,20,8098,14,5509,0,173,19,951,15,6488,19,7439,California
Mono,2021-04-25,3,13783,2,8100,1,5510,0,173,3,954,0,6488,3,7442,California
Mono,2021-04-26,8,13791,1,8101,7,5517,0,173,2,950,6,6494,2,7444,California
Mono,2021-04-27,63,13854,40,8141,18,5535,5,178,49,990,14,6508,54,7498,California
Mono,2021-04-28,63,13917,41,8182,18,5553,4,182,48,1029,13,6521,52,7550,California
Mono,2021-04-29,8,13925,1,8183,4,5557,3,185,2,1028,6,6527,5,7555,California
Mono,2021-04-30,15,13940,3,8186,9,5566,3,188,8,1032,7,6534,11,7566,California
Mono,2021-05-01,110,14050,4,8190,106,5672,0,188,98,1118,12,6546,98,7664,California
Mono,2021-05-03,2,14052,0,8190,1,5673,1,189,0,1117,2,6548,1,7665,California
Mono,2021-05-04,9,14061,0,8190,9,5682,0,189,8,1124,1,6549,8,7673,California
Mono,2021-05-05,44,14105,8,8198,36,5718,0,189,43,1166,1,6550,43,7716,California
Mono,2021-05-06,4,14109,3,8201,1,5719,0,189,1,1164,3,6553,1,7717,California
Monterey,2020-12-16,4,4,4,4,0,0,0,0,4,4,0,0,4,4,California
Monterey,2020-12-17,83,87,83,87,0,0,0,0,83,87,0,0,83,87,California
Monterey,2020-12-18,482,569,482,569,0,0,0,0,482,569,0,0,482,569,California
Monterey,2020-12-19,580,1149,580,1149,0,0,0,0,580,1149,0,0,580,1149,California
Monterey,2020-12-20,422,1571,422,1571,0,0,0,0,422,1571,0,0,422,1571,California
Monterey,2020-12-21,719,2290,719,2290,0,0,0,0,719,2290,0,0,719,2290,California
Monterey,2020-12-22,533,2823,520,2810,13,13,0,0,533,2823,0,0,533,2823,California
Monterey,2020-12-23,437,3260,262,3072,175,188,0,0,437,3260,0,0,437,3260,California
Monterey,2020-12-24,84,3344,10,3082,74,262,0,0,84,3344,0,0,84,3344,California
Monterey,2020-12-25,6,3350,0,3082,6,268,0,0,6,3350,0,0,6,3350,California
Monterey,2020-12-26,92,3442,5,3087,87,355,0,0,92,3442,0,0,92,3442,California
Monterey,2020-12-27,7,3449,4,3091,3,358,0,0,7,3449,0,0,7,3449,California
Monterey,2020-12-28,475,3924,25,3116,450,808,0,0,475,3924,0,0,475,3924,California
Monterey,2020-12-29,898,4822,167,3283,731,1539,0,0,898,4822,0,0,898,4822,California
Monterey,2020-12-30,568,5390,98,3381,470,2009,0,0,568,5390,0,0,568,5390,California
Monterey,2020-12-31,33,5423,11,3392,22,2031,0,0,33,5423,0,0,33,5423,California
Monterey,2021-01-01,12,5435,2,3394,10,2041,0,0,12,5435,0,0,12,5435,California
Monterey,2021-01-02,137,5572,134,3528,3,2044,0,0,137,5572,0,0,137,5572,California
Monterey,2021-01-03,30,5602,29,3557,1,2045,0,0,30,5602,0,0,30,5602,California
Monterey,2021-01-04,411,6013,18,3575,393,2438,0,0,411,6013,0,0,411,6013,California
Monterey,2021-01-05,752,6765,327,3902,425,2863,0,0,738,6737,14,14,738,6751,California
Monterey,2021-01-06,656,7421,172,4074,484,3347,0,0,634,7349,22,36,634,7385,California
Monterey,2021-01-07,746,8167,572,4646,174,3521,0,0,422,7449,322,358,422,7807,California
Monterey,2021-01-08,1087,9254,734,5380,353,3874,0,0,394,7150,693,1051,394,8201,California
Monterey,2021-01-09,964,10218,936,6316,28,3902,0,0,313,6812,651,1702,313,8514,California
Monterey,2021-01-10,274,10492,271,6587,3,3905,0,0,9,6556,265,1967,9,8523,California
Monterey,2021-01-11,1065,11557,985,7572,80,3985,0,0,362,6215,703,2670,362,8885,California
Monterey,2021-01-12,464,12021,387,7959,77,4062,0,0,203,6157,261,2931,203,9088,California
Monterey,2021-01-13,1217,13238,593,8552,624,4686,0,0,1171,7282,46,2977,1171,10259,California
Monterey,2021-01-14,1119,14357,165,8717,954,5640,0,0,1101,8368,18,2995,1104,11363,California
Monterey,2021-01-15,1045,15402,44,8761,1001,6641,0,0,1032,9387,13,3008,1032,12395,California
Monterey,2021-01-16,363,15765,300,9061,63,6704,0,0,358,9740,5,3013,358,12753,California
Monterey,2021-01-17,309,16074,288,9349,21,6725,0,0,296,10023,13,3026,296,13049,California
Monterey,2021-01-18,401,16475,50,9399,351,7076,0,0,380,10382,21,3047,380,13429,California
Monterey,2021-01-19,578,17053,396,9795,182,7258,0,0,419,10644,157,3204,419,13848,California
Monterey,2021-01-20,532,17585,270,10065,262,7520,0,0,326,10764,206,3410,326,14174,California
Monterey,2021-01-21,840,18425,92,10157,748,8268,0,0,730,11388,110,3520,734,14908,California
Monterey,2021-01-22,1050,19475,193,10350,857,9125,0,0,1011,12360,39,3559,1011,15919,California
Monterey,2021-01-23,240,19715,174,10524,66,9191,0,0,117,12356,122,3681,118,16037,California
Monterey,2021-01-24,56,19771,38,10562,18,9209,0,0,22,12344,34,3715,22,16059,California
Monterey,2021-01-25,782,20553,173,10735,609,9818,0,0,157,11883,618,4333,157,16216,California
Monterey,2021-01-26,927,21480,223,10958,704,10522,0,0,235,11426,692,5025,235,16451,California
Monterey,2021-01-27,857,22337,308,11266,549,11071,0,0,378,11325,479,5504,378,16829,California
Monterey,2021-01-28,2021,24358,737,12003,1284,12355,0,0,1681,12668,340,5844,1683,18512,California
Monterey,2021-01-29,1229,25587,707,12710,522,12877,0,0,1112,13665,116,5960,1113,19625,California
Monterey,2021-01-30,442,26029,295,13005,147,13024,0,0,185,13593,257,6217,185,19810,California
Monterey,2021-01-31,493,26522,71,13076,422,13446,0,0,483,14067,10,6227,484,20294,California
Monterey,2021-02-01,1650,28172,1138,14214,512,13958,0,0,1087,14592,562,6789,1087,21381,California
Monterey,2021-02-02,2160,30332,463,14677,1697,15655,0,0,1553,15539,606,7395,1553,22934,California
Monterey,2021-02-03,2327,32659,1045,15722,1282,16937,0,0,1552,16320,771,8166,1552,24486,California
Monterey,2021-02-04,2771,35430,2087,17809,684,17621,0,0,2462,18475,307,8473,2462,26948,California
Monterey,2021-02-05,3640,39070,2819,20628,821,18442,0,0,3206,21252,429,8902,3206,30154,California
Monterey,2021-02-06,1096,40166,379,21007,717,19159,0,0,754,21666,340,9242,754,30908,California
Monterey,2021-02-07,315,40481,270,21277,45,19204,0,0,96,21543,219,9461,96,31004,California
Monterey,2021-02-08,515,40996,290,21567,225,19429,0,0,426,21880,89,9550,426,31430,California
Monterey,2021-02-09,861,41857,673,22240,188,19617,0,0,551,22123,310,9860,553,31983,California
Monterey,2021-02-10,2083,43940,1113,23353,970,20587,0,0,1233,22507,850,10710,1234,33217,California
Monterey,2021-02-11,2498,46438,970,24323,1528,22115,0,0,1544,23101,952,11662,1546,34763,California
Monterey,2021-02-12,2586,49024,428,24751,2158,24273,0,0,1518,23553,1067,12729,1519,36282,California
Monterey,2021-02-13,1068,50092,50,24801,1018,25291,0,0,977,24439,91,12820,977,37259,California
Monterey,2021-02-14,591,50683,73,24874,518,25809,0,0,518,24884,73,12893,518,37777,California
Monterey,2021-02-15,1367,52050,160,25034,1207,27016,0,0,982,25484,383,13276,983,38760,California
Monterey,2021-02-16,1090,53140,244,25278,846,27862,0,0,866,26126,224,13500,866,39626,California
Monterey,2021-02-17,1937,55077,1164,26442,773,28635,0,0,1639,27471,296,13796,1641,41267,California
Monterey,2021-02-18,2224,57301,1175,27617,1049,29684,0,0,907,27077,1303,15099,909,42176,California
Monterey,2021-02-19,2938,60239,1534,29151,1404,31088,0,0,1346,26833,1591,16690,1347,43523,California
Monterey,2021-02-20,1005,61244,605,29756,400,31488,0,0,950,27729,54,16744,950,44473,California
Monterey,2021-02-21,1239,62483,1211,30967,28,31516,0,0,1170,28832,67,16811,1170,45643,California
Monterey,2021-02-22,976,63459,843,31810,133,31649,0,0,643,29144,331,17142,643,46286,California
Monterey,2021-02-23,953,64412,621,32431,332,31981,0,0,302,28797,650,17792,303,46589,California
Monterey,2021-02-24,2463,66875,1315,33746,1148,33129,0,0,1851,30042,607,18399,1852,48441,California
Monterey,2021-02-25,4401,71276,2411,36157,1990,35119,0,0,1472,28593,2922,21321,1473,49914,California
Monterey,2021-02-26,5246,76522,3080,39237,2166,37285,0,0,2625,28601,2618,23939,2626,52540,California
Monterey,2021-02-27,996,77518,182,39419,814,38099,0,0,805,29220,186,24125,805,53345,California
Monterey,2021-02-28,1528,79046,81,39500,1447,39546,0,0,1066,29829,457,24582,1066,54411,California
Monterey,2021-03-01,1281,80327,139,39639,1139,40685,3,3,744,30044,533,25115,748,55159,California
Monterey,2021-03-02,2729,83056,1720,41359,1009,41694,0,3,1878,31075,847,25962,1878,57037,California
Monterey,2021-03-03,3199,86255,1241,42600,1958,43652,0,3,1261,30401,1936,27898,1262,58299,California
Monterey,2021-03-04,4550,90805,1468,44068,3082,46734,0,3,2951,31757,1595,29493,2951,61250,California
Monterey,2021-03-05,3587,94392,1621,45689,1689,48423,277,280,2955,34358,631,30124,3232,64482,California
Monterey,2021-03-06,5031,99423,1067,46756,3661,52084,303,583,4127,37885,901,31025,4428,68910,California
Monterey,2021-03-07,520,99943,108,46864,167,52251,245,828,233,38074,287,31312,476,69386,California
Monterey,2021-03-08,1658,101601,326,47190,943,53194,389,1217,1119,39041,539,31851,1506,70892,California
Monterey,2021-03-09,1906,103507,678,47868,952,54146,276,1493,1417,40244,488,32339,1691,72583,California
Monterey,2021-03-10,3119,106626,1021,48889,1610,55756,488,1981,1416,40450,1697,34036,1903,74486,California
Monterey,2021-03-11,4101,110727,1402,50291,2326,58082,373,2354,2341,41411,1753,35789,2714,77200,California
Monterey,2021-03-12,4315,115042,2047,52338,2133,60215,135,2489,2634,42501,1678,37467,2768,79968,California
Monterey,2021-03-13,5238,120280,960,53298,3931,64146,347,2836,3931,45473,1307,38774,4279,84247,California
Monterey,2021-03-14,2147,122427,1325,54623,797,64943,25,2861,577,44516,1559,40333,602,84849,California
Monterey,2021-03-15,3936,126363,1264,55887,2383,67326,289,3150,2251,45374,1681,42014,2539,87388,California
Monterey,2021-03-16,3490,129853,573,56460,2543,69869,374,3524,2080,46415,1409,43423,2450,89838,California
Monterey,2021-03-17,5705,135558,2336,58796,3117,72986,252,3776,4111,49196,1587,45010,4368,94206,California
Monterey,2021-03-18,4352,139910,2153,60949,2032,75018,167,3943,2997,51050,1348,46358,3202,97408,California
Monterey,2021-03-19,5391,145301,2557,63506,2691,77709,143,4086,4118,54044,1268,47626,4262,101670,California
Monterey,2021-03-20,3309,148610,420,63926,2194,79903,695,4781,2231,55895,1075,48701,2926,104596,California
Monterey,2021-03-21,624,149234,201,64127,415,80318,8,4789,557,56394,65,48766,564,105160,California
Monterey,2021-03-22,2458,151692,1433,65560,963,81281,62,4851,2249,58498,205,48971,2309,107469,California
Monterey,2021-03-23,3972,155664,2350,67910,1579,82860,43,4894,2517,59607,1450,50421,2559,110028,California
Monterey,2021-03-24,4983,160647,2088,69998,2586,85446,309,5203,3629,62193,1350,51771,3936,113964,California
Monterey,2021-03-25,5211,165858,1209,71207,3645,89091,357,5560,2588,62524,2616,54387,2947,116911,California
Monterey,2021-03-26,5292,171150,2602,73809,2624,91715,66,5626,2654,62617,2629,57016,2722,119633,California
Monterey,2021-03-27,4760,175910,1419,75228,3085,94800,256,5882,3049,64214,1708,58724,3305,122938,California
Monterey,2021-03-28,1106,177016,333,75561,764,95564,9,5891,623,64368,478,59202,632,123570,California
Monterey,2021-03-29,3168,180184,1404,76965,1750,97314,14,5905,1952,65128,1209,60411,1969,125539,California
Monterey,2021-03-30,4436,184620,2131,79096,2262,99576,43,5948,2750,66249,1676,62087,2797,128336,California
Monterey,2021-03-31,5285,189905,2377,81473,2119,101695,789,6737,3339,68426,1943,64030,4120,132456,California
Monterey,2021-04-01,6018,195923,2059,83532,3552,105247,407,7144,3011,68847,2993,67023,3414,135870,California
Monterey,2021-04-02,4666,200589,2241,85773,2364,107611,61,7205,3170,70586,1495,68518,3234,139104,California
Monterey,2021-04-03,5766,206355,1106,86879,3639,111250,1021,8226,1185,68222,4565,73083,2201,141305,California
Monterey,2021-04-04,753,207108,156,87035,583,111833,14,8240,485,68455,268,73351,501,141806,California
Monterey,2021-04-05,3968,211076,2462,89497,1279,113112,227,8467,1462,67642,2502,75853,1689,143495,California
Monterey,2021-04-06,3337,214413,1318,90815,1548,114660,471,8938,1115,67007,2220,78073,1585,145080,California
Monterey,2021-04-07,5483,219896,1366,92181,3607,118267,510,9448,2643,67327,2829,80902,3149,148229,California
Monterey,2021-04-08,6464,226360,3447,95628,2215,120482,802,10250,3166,68004,3292,84194,3969,152198,California
Monterey,2021-04-09,5501,231861,3350,98978,1520,122002,631,10881,2217,67571,3280,87474,2847,155045,California
Monterey,2021-04-10,10002,241863,4872,103850,2983,124985,2147,13028,4880,69483,5114,92588,7026,162071,California
Monterey,2021-04-11,5413,247276,4246,108096,566,125551,601,13629,4369,73414,1038,93626,4969,167040,California
Monterey,2021-04-12,4054,251330,1843,109939,1901,127452,310,13939,905,71618,3011,96637,1215,168255,California
Monterey,2021-04-13,3120,254450,717,110656,2398,129850,5,13944,1492,71509,1607,98244,1498,169753,California
Monterey,2021-04-14,6560,261010,3110,113766,3448,133298,2,13946,1797,68558,4750,102994,1799,171552,California
Monterey,2021-04-15,5739,266749,3885,117651,1854,135152,0,13946,3824,70497,1885,104879,3824,175376,California
Monterey,2021-04-16,4663,271412,2390,120041,2259,137411,14,13960,2173,70204,2480,107359,2187,177563,California
Monterey,2021-04-17,5503,276915,1337,121378,4166,141577,0,13960,3683,72079,1808,109167,3683,181246,California
Monterey,2021-04-18,834,277749,253,121631,581,142158,0,13960,235,71719,595,109762,235,181481,California
Monterey,2021-04-19,3666,281415,1283,122914,2383,144541,0,13960,1751,71563,1907,111669,1751,183232,California
Monterey,2021-04-20,3748,285163,1568,124482,2180,146721,0,13960,1543,70923,2184,113853,1544,184776,California
Monterey,2021-04-21,5774,290937,3151,127633,2623,149344,0,13960,2833,70852,2906,116759,2835,187611,California
Monterey,2021-04-22,4688,295625,1006,128639,3682,153026,0,13960,1946,70093,2705,119464,1946,189557,California
Monterey,2021-04-23,5621,301246,2625,131264,2995,156021,1,13961,2208,68910,3395,122859,2212,191769,California
Monterey,2021-04-24,4131,305377,582,131846,3549,159570,0,13961,1530,67870,2570,125429,1530,193299,California
Monterey,2021-04-25,1230,306607,602,132448,628,160198,0,13961,786,68221,435,125864,786,194085,California
Monterey,2021-04-26,3400,310007,2142,134590,1241,161439,17,13978,858,66579,2517,128381,875,194960,California
Monterey,2021-04-27,2498,312505,863,135453,1518,162957,117,14095,1091,66385,1401,129782,1207,196167,California
Monterey,2021-04-28,3487,315992,1352,136805,1997,164954,138,14233,2166,67378,1308,131090,2301,198468,California
Monterey,2021-04-29,4373,320365,2402,139207,1895,166849,76,14309,1630,66352,2733,133823,1707,200175,California
Monterey,2021-04-30,3072,323437,1653,140860,1343,168192,76,14385,758,64878,2306,136129,832,201007,California
Monterey,2021-05-01,5602,329039,4228,145088,1334,169526,40,14425,679,60687,4908,141037,717,201724,California
Monterey,2021-05-02,4349,333388,3925,149013,397,169923,27,14452,325,57027,4012,145049,352,202076,California
Monterey,2021-05-03,2454,335842,1511,150524,827,170750,116,14568,565,55830,1878,146927,681,202757,California
Monterey,2021-05-04,1054,336896,378,150902,640,171390,36,14604,482,55786,563,147490,519,203276,California
Monterey,2021-05-05,2367,339263,1021,151923,1307,172697,39,14643,761,54989,1597,149087,800,204076,California
Monterey,2021-05-06,3055,342318,2279,154202,621,173318,155,14798,751,53601,2294,151381,906,204982,California
Napa,2020-12-16,12,12,12,12,0,0,0,0,12,12,0,0,12,12,California
Napa,2020-12-17,44,56,44,56,0,0,0,0,44,56,0,0,44,56,California
Napa,2020-12-18,101,157,101,157,0,0,0,0,101,157,0,0,101,157,California
Napa,2020-12-19,221,378,221,378,0,0,0,0,221,378,0,0,221,378,California
Napa,2020-12-20,189,567,189,567,0,0,0,0,189,567,0,0,189,567,California
Napa,2020-12-21,310,877,310,877,0,0,0,0,311,878,0,0,311,878,California
Napa,2020-12-22,340,1217,331,1208,9,9,0,0,340,1218,0,0,340,1218,California
Napa,2020-12-23,428,1645,318,1526,110,119,0,0,428,1646,0,0,428,1646,California
Napa,2020-12-24,139,1784,78,1604,61,180,0,0,139,1785,0,0,139,1785,California
Napa,2020-12-25,1,1785,1,1605,0,180,0,0,1,1786,0,0,1,1786,California
Napa,2020-12-26,39,1824,11,1616,28,208,0,0,39,1825,0,0,39,1825,California
Napa,2020-12-27,32,1856,16,1632,16,224,0,0,32,1857,0,0,32,1857,California
Napa,2020-12-28,251,2107,185,1817,66,290,0,0,280,2137,0,0,280,2137,California
Napa,2020-12-29,272,2379,213,2030,59,349,0,0,306,2443,0,0,306,2443,California
Napa,2020-12-30,628,3007,485,2515,143,492,0,0,636,3079,0,0,636,3079,California
Napa,2020-12-31,459,3466,371,2886,88,580,0,0,459,3538,0,0,459,3538,California
Napa,2021-01-01,1,3467,1,2887,0,580,0,0,1,3539,0,0,1,3539,California
Napa,2021-01-02,98,3565,93,2980,5,585,0,0,98,3637,0,0,98,3637,California
Napa,2021-01-03,13,3578,11,2991,2,587,0,0,9,3646,0,0,9,3646,California
Napa,2021-01-04,106,3684,64,3055,42,629,0,0,106,3752,0,0,106,3752,California
Napa,2021-01-05,162,3846,85,3140,77,706,0,0,145,3873,24,24,145,3897,California
Napa,2021-01-06,460,4306,115,3255,345,1051,0,0,396,4207,62,86,396,4293,California
Napa,2021-01-07,499,4805,235,3490,264,1315,0,0,398,4505,100,186,398,4691,California
Napa,2021-01-08,443,5248,227,3717,216,1531,0,0,262,4587,180,366,262,4953,California
Napa,2021-01-09,325,5573,300,4017,25,1556,0,0,189,4640,136,502,189,5142,California
Napa,2021-01-10,185,5758,102,4119,83,1639,0,0,109,4673,76,578,109,5251,California
Napa,2021-01-11,883,6641,426,4545,457,2096,0,0,510,4811,374,952,512,5763,California
Napa,2021-01-12,1311,7952,370,4915,941,3037,0,0,996,5492,315,1267,996,6759,California
Napa,2021-01-13,1311,9263,264,5179,1047,4084,0,0,1149,6481,161,1428,1150,7909,California
Napa,2021-01-14,1053,10316,173,5352,880,4964,0,0,935,7300,116,1544,935,8844,California
Napa,2021-01-15,1456,11772,384,5736,1072,6036,0,0,1308,8453,156,1700,1309,10153,California
Napa,2021-01-16,357,12129,134,5870,223,6259,0,0,339,8774,18,1718,339,10492,California
Napa,2021-01-17,341,12470,176,6046,165,6424,0,0,331,9095,10,1728,331,10823,California
Napa,2021-01-18,1081,13551,197,6243,884,7308,0,0,990,9994,91,1819,990,11813,California
Napa,2021-01-19,1009,14560,404,6647,605,7913,0,0,768,10522,240,2059,768,12581,California
Napa,2021-01-20,826,15386,185,6832,641,8554,0,0,643,10984,181,2240,643,13224,California
Napa,2021-01-21,1336,16722,374,7206,962,9516,0,0,1081,11812,254,2494,1082,14306,California
Napa,2021-01-22,1540,18262,412,7618,1128,10644,0,0,1213,12700,326,2820,1214,15520,California
Napa,2021-01-23,398,18660,318,7936,80,10724,0,0,336,12974,62,2882,336,15856,California
Napa,2021-01-24,265,18925,188,8124,77,10801,0,0,208,13125,57,2939,208,16064,California
Napa,2021-01-25,1521,20446,231,8355,1290,12091,0,0,1431,14466,90,3029,1431,17495,California
Napa,2021-01-26,882,21328,286,8641,596,12687,0,0,788,15161,94,3123,789,18284,California
Napa,2021-01-27,627,21955,221,8862,406,13093,0,0,471,15477,156,3279,472,18756,California
Napa,2021-01-28,389,22344,176,9038,213,13306,0,0,197,15484,190,3469,197,18953,California
Napa,2021-01-29,256,22600,65,9103,191,13497,0,0,161,15550,95,3564,161,19114,California
Napa,2021-01-30,804,23404,695,9798,109,13606,0,0,640,16026,164,3728,640,19754,California
Napa,2021-01-31,656,24060,625,10423,31,13637,0,0,630,16630,26,3754,630,20384,California
Napa,2021-02-01,315,24375,110,10533,205,13842,0,0,163,16641,152,3906,163,20547,California
Napa,2021-02-02,608,24983,281,10814,327,14169,0,0,298,16632,307,4213,298,20845,California
Napa,2021-02-03,746,25729,310,11124,436,14605,0,0,431,16749,314,4527,431,21276,California
Napa,2021-02-04,789,26518,373,11497,416,15021,0,0,441,16844,346,4873,441,21717,California
Napa,2021-02-05,711,27229,311,11808,400,15421,0,0,343,16819,368,5241,343,22060,California
Napa,2021-02-06,434,27663,146,11954,288,15709,0,0,328,17041,106,5347,328,22388,California
Napa,2021-02-07,176,27839,163,12117,13,15722,0,0,71,17007,105,5452,71,22459,California
Napa,2021-02-08,837,28676,191,12308,646,16368,0,0,274,16721,560,6012,274,22733,California
Napa,2021-02-09,1078,29754,443,12751,635,17003,0,0,437,16517,641,6653,437,23170,California
Napa,2021-02-10,1719,31473,193,12944,1526,18529,0,0,453,15708,1263,7916,454,23624,California
Napa,2021-02-11,1495,32968,195,13139,1300,19829,0,0,407,15040,1075,8991,407,24031,California
Napa,2021-02-12,2165,35133,842,13981,1323,21152,0,0,725,14328,1437,10428,725,24756,California
Napa,2021-02-13,499,35632,52,14033,447,21599,0,0,313,14455,186,10614,313,25069,California
Napa,2021-02-14,355,35987,89,14122,266,21865,0,0,194,14488,161,10775,194,25263,California
Napa,2021-02-15,874,36861,183,14305,691,22556,0,0,221,14058,651,11426,221,25484,California
Napa,2021-02-16,1288,38149,597,14902,691,23247,0,0,612,13995,675,12101,612,26096,California
Napa,2021-02-17,1050,39199,533,15435,517,23764,0,0,480,13907,568,12669,480,26576,California
Napa,2021-02-18,1898,41097,485,15920,1413,25177,0,0,659,13330,1236,13905,659,27235,California
Napa,2021-02-19,1483,42580,588,16508,895,26072,0,0,677,13202,805,14710,677,27912,California
Napa,2021-02-20,823,43403,597,17105,226,26298,0,0,275,12929,548,15258,275,28187,California
Napa,2021-02-21,798,44201,735,17840,63,26361,0,0,196,12523,602,15860,196,28383,California
Napa,2021-02-22,444,44645,187,18027,257,26618,0,0,138,12355,306,16166,138,28521,California
Napa,2021-02-23,1125,45770,301,18328,824,27442,0,0,308,11846,817,16983,308,28829,California
Napa,2021-02-24,1165,46935,644,18972,521,27963,0,0,576,11836,587,17570,577,29406,California
Napa,2021-02-25,2552,49487,1221,20193,1331,29294,0,0,1842,12969,709,18279,1842,31248,California
Napa,2021-02-26,1508,50995,529,20722,979,30273,0,0,594,12651,912,19191,594,31842,California
Napa,2021-02-27,1118,52113,379,21101,739,31012,0,0,866,13267,250,19441,866,32708,California
Napa,2021-02-28,560,52673,459,21560,101,31113,0,0,461,13631,97,19538,461,33169,California
Napa,2021-03-01,1102,53775,816,22376,286,31399,0,0,832,14194,269,19807,832,34001,California
Napa,2021-03-02,1483,55258,1024,23400,459,31858,0,0,1142,14996,340,20147,1142,35143,California
Napa,2021-03-03,1554,56812,690,24090,864,32722,0,0,1370,16183,183,20330,1370,36513,California
Napa,2021-03-04,1708,58520,784,24874,924,33646,0,0,1470,17418,235,20565,1470,37983,California
Napa,2021-03-05,1895,60415,788,25662,1103,34749,4,4,1476,18481,417,20982,1480,39463,California
Napa,2021-03-06,648,61063,281,25943,336,35085,31,35,535,18936,111,21093,566,40029,California
Napa,2021-03-07,520,61583,318,26261,187,35272,15,50,370,19171,150,21243,385,40414,California
Napa,2021-03-08,706,62289,330,26591,323,35595,53,103,529,19578,175,21418,582,40996,California
Napa,2021-03-09,1632,63921,570,27161,1016,36611,46,149,1200,20395,429,21847,1246,42242,California
Napa,2021-03-10,1477,65398,917,28078,467,37078,93,242,776,20566,697,22544,868,43110,California
Napa,2021-03-11,1873,67271,1056,29134,688,37766,129,371,982,20786,891,23435,1111,44221,California
Napa,2021-03-12,1505,68776,914,30048,495,38261,96,467,801,20980,702,24137,896,45117,California
Napa,2021-03-13,1165,69941,300,30348,840,39101,25,492,827,21496,336,24473,852,45969,California
Napa,2021-03-14,613,70554,331,30679,134,39235,148,640,229,21489,383,24856,376,46345,California
Napa,2021-03-15,949,71503,408,31087,472,39707,69,709,480,21571,467,25323,549,46894,California
Napa,2021-03-16,1838,73341,388,31475,1324,41031,126,835,1377,22618,457,25780,1504,48398,California
Napa,2021-03-17,2497,75838,1848,33323,470,41501,179,1014,1587,23474,910,26690,1766,50164,California
Napa,2021-03-18,2104,77942,917,34240,1177,42678,10,1024,1283,23948,819,27509,1293,51457,California
Napa,2021-03-19,1444,79386,872,35112,544,43222,28,1052,711,23957,730,28239,739,52196,California
Napa,2021-03-20,1005,80391,529,35641,323,43545,153,1205,431,23968,573,28812,584,52780,California
Napa,2021-03-21,701,81092,680,36321,19,43564,2,1207,350,23970,350,29162,352,53132,California
Napa,2021-03-22,1090,82182,914,37235,165,43729,11,1218,476,23848,609,29771,487,53619,California
Napa,2021-03-23,1515,83697,824,38059,674,44403,17,1235,1001,24355,511,30282,1018,54637,California
Napa,2021-03-24,1705,85402,945,39004,752,45155,8,1243,819,24297,885,31167,827,55464,California
Napa,2021-03-25,1632,87034,1048,40052,530,45685,54,1297,746,24214,884,32051,801,56265,California
Napa,2021-03-26,1298,88332,831,40883,461,46146,6,1303,592,24110,702,32753,598,56863,California
Napa,2021-03-27,947,89279,432,41315,488,46634,27,1330,315,23820,632,33385,342,57205,California
Napa,2021-03-28,483,89762,373,41688,103,46737,7,1337,184,23713,298,33683,191,57396,California
Napa,2021-03-29,1193,90955,870,42558,318,47055,5,1342,733,23992,459,34142,738,58134,California
Napa,2021-03-30,2537,93492,929,43487,1604,48659,4,1346,1752,24963,785,34927,1756,59890,California
Napa,2021-03-31,1962,95454,957,44444,936,49595,69,1415,800,24671,1159,36086,867,60757,California
Napa,2021-04-01,1730,97184,830,45274,784,50379,116,1531,470,24002,1254,37340,585,61342,California
Napa,2021-04-02,1833,99017,822,46096,869,51248,142,1673,458,23230,1372,38712,600,61942,California
Napa,2021-04-03,623,99640,360,46456,204,51452,59,1732,209,23083,414,39126,267,62209,California
Napa,2021-04-04,354,99994,144,46600,152,51604,58,1790,125,23038,228,39354,183,62392,California
Napa,2021-04-05,1263,101257,754,47354,291,51895,218,2008,573,23140,689,40043,791,63183,California
Napa,2021-04-06,2221,103478,560,47914,1406,53301,255,2263,527,22231,1691,41734,782,63965,California
Napa,2021-04-07,1721,105199,701,48615,799,54100,221,2484,521,21777,1195,42929,741,64706,California
Napa,2021-04-08,1838,107037,1049,49664,419,54519,370,2854,949,22209,885,43814,1317,66023,California
Napa,2021-04-09,1529,108566,918,50582,309,54828,302,3156,675,22333,852,44666,976,66999,California
Napa,2021-04-10,1029,109595,346,50928,583,55411,100,3256,239,21882,789,45455,338,67337,California
Napa,2021-04-11,384,109979,299,51227,62,55473,23,3279,155,21831,229,45684,178,67515,California
Napa,2021-04-12,783,110762,301,51528,358,55831,124,3403,292,21754,490,46174,413,67928,California
Napa,2021-04-13,2519,113281,841,52369,1678,57509,0,3403,917,21073,1598,47772,917,68845,California
Napa,2021-04-14,2061,115342,977,53346,1084,58593,0,3403,1007,21034,1046,48818,1007,69852,California
Napa,2021-04-15,1621,116963,525,53871,1096,59689,0,3403,864,21146,752,49570,864,70716,California
Napa,2021-04-16,2899,119862,1571,55442,1328,61017,0,3403,2187,22623,710,50280,2187,72903,California
Napa,2021-04-17,1124,120986,266,55708,858,61875,0,3403,828,23155,296,50576,828,73731,California
Napa,2021-04-18,263,121249,171,55879,92,61967,0,3403,118,23129,144,50720,118,73849,California
Napa,2021-04-19,609,121858,339,56218,270,62237,0,3403,266,23053,342,51062,266,74115,California
Napa,2021-04-20,3037,124895,2064,58282,973,63210,0,3403,2087,24192,949,52011,2088,76203,California
Napa,2021-04-21,2842,127737,2084,60366,758,63968,0,3403,1791,24938,1046,53057,1792,77995,California
Napa,2021-04-22,1614,129351,1116,61482,498,64466,0,3403,823,24974,787,53844,823,78818,California
Napa,2021-04-23,1544,130895,1167,62649,375,64841,2,3405,1076,25586,464,54308,1076,79894,California
Napa,2021-04-24,544,131439,314,62963,230,65071,0,3405,284,25613,257,54565,284,80178,California
Napa,2021-04-25,248,131687,191,63154,57,65128,0,3405,129,25624,118,54683,129,80307,California
Napa,2021-04-26,492,132179,256,63410,236,65364,0,3405,251,25638,237,54920,251,80558,California
Napa,2021-04-27,1497,133676,426,63836,1060,66424,11,3416,622,25399,872,55792,633,81191,California
Napa,2021-04-28,964,134640,421,64257,526,66950,17,3433,318,25089,645,56437,335,81526,California
Napa,2021-04-29,635,135275,323,64580,293,67243,19,3452,205,24888,424,56861,223,81749,California
Napa,2021-04-30,593,135868,295,64875,234,67477,64,3516,246,24851,346,57207,309,82058,California
Napa,2021-05-01,315,136183,263,65138,44,67521,8,3524,116,24776,199,57406,124,82182,California
Napa,2021-05-02,237,136420,193,65331,38,67559,6,3530,99,24744,137,57543,105,82287,California
Napa,2021-05-03,611,137031,486,65817,91,67650,34,3564,97,24365,511,58054,132,82419,California
Napa,2021-05-04,1034,138065,648,66465,278,67928,108,3672,250,23941,782,58836,358,82777,California
Napa,2021-05-05,905,138970,618,67083,257,68185,30,3702,186,23441,716,59552,216,82993,California
Napa,2021-05-06,300,139270,196,67279,90,68275,14,3716,98,23353,200,59752,112,83105,California
Nevada,2020-12-16,3,3,3,3,0,0,0,0,3,3,0,0,3,3,California
Nevada,2020-12-17,6,9,6,9,0,0,0,0,6,9,0,0,6,9,California
Nevada,2020-12-18,52,61,52,61,0,0,0,0,52,61,0,0,52,61,California
Nevada,2020-12-19,55,116,55,116,0,0,0,0,55,116,0,0,55,116,California
Nevada,2020-12-20,12,128,12,128,0,0,0,0,12,128,0,0,12,128,California
Nevada,2020-12-21,69,197,69,197,0,0,0,0,69,197,0,0,69,197,California
Nevada,2020-12-22,91,288,89,286,2,2,0,0,91,288,0,0,91,288,California
Nevada,2020-12-23,233,521,202,488,31,33,0,0,233,521,0,0,233,521,California
Nevada,2020-12-24,13,534,11,499,2,35,0,0,13,534,0,0,13,534,California
Nevada,2020-12-25,3,537,3,502,0,35,0,0,3,537,0,0,3,537,California
Nevada,2020-12-26,6,543,4,506,2,37,0,0,6,543,0,0,6,543,California
Nevada,2020-12-27,88,631,88,594,0,37,0,0,88,631,0,0,88,631,California
Nevada,2020-12-28,170,801,93,687,77,114,0,0,170,801,0,0,170,801,California
Nevada,2020-12-29,100,901,74,761,26,140,0,0,100,901,0,0,100,901,California
Nevada,2020-12-30,86,987,66,827,20,160,0,0,86,987,0,0,86,987,California
Nevada,2020-12-31,39,1026,9,836,30,190,0,0,39,1026,0,0,39,1026,California
Nevada,2021-01-01,1,1027,0,836,1,191,0,0,1,1027,0,0,1,1027,California
Nevada,2021-01-02,1,1028,1,837,0,191,0,0,1,1028,0,0,1,1028,California
Nevada,2021-01-03,129,1157,126,963,3,194,0,0,129,1157,0,0,129,1157,California
Nevada,2021-01-04,71,1228,47,1010,24,218,0,0,71,1228,0,0,71,1228,California
Nevada,2021-01-05,273,1501,132,1142,141,359,0,0,272,1499,1,1,272,1500,California
Nevada,2021-01-06,91,1592,43,1185,48,407,0,0,83,1574,8,9,83,1583,California
Nevada,2021-01-07,215,1807,43,1228,172,579,0,0,208,1777,6,15,209,1792,California
Nevada,2021-01-08,223,2030,129,1357,94,673,0,0,170,1895,53,68,171,1963,California
Nevada,2021-01-09,64,2094,56,1413,8,681,0,0,16,1863,48,116,16,1979,California
Nevada,2021-01-10,17,2111,9,1422,8,689,0,0,9,1864,8,124,9,1988,California
Nevada,2021-01-11,185,2296,131,1553,54,743,0,0,57,1793,128,252,57,2045,California
Nevada,2021-01-12,597,2893,451,2004,146,889,0,0,531,2258,66,318,531,2576,California
Nevada,2021-01-13,259,3152,147,2151,112,1001,0,0,124,2247,135,453,124,2700,California
Nevada,2021-01-14,238,3390,127,2278,111,1112,0,0,220,2450,17,470,220,2920,California
Nevada,2021-01-15,394,3784,169,2447,225,1337,0,0,296,2648,98,568,296,3216,California
Nevada,2021-01-16,296,4080,15,2462,281,1618,0,0,292,2936,4,572,292,3508,California
Nevada,2021-01-17,35,4115,31,2493,4,1622,0,0,33,2967,2,574,33,3541,California
Nevada,2021-01-18,151,4266,41,2534,110,1732,0,0,141,3098,10,584,141,3682,California
Nevada,2021-01-19,244,4510,85,2619,159,1891,0,0,225,3304,19,603,225,3907,California
Nevada,2021-01-20,258,4768,153,2772,105,1996,0,0,245,3536,13,616,245,4152,California
Nevada,2021-01-21,338,5106,207,2979,131,2127,0,0,325,3848,13,629,325,4477,California
Nevada,2021-01-22,346,5452,209,3188,137,2264,0,0,316,4134,30,659,316,4793,California
Nevada,2021-01-23,177,5629,104,3292,73,2337,0,0,177,4311,0,659,177,4970,California
Nevada,2021-01-24,105,5734,98,3390,7,2344,0,0,66,4338,39,698,66,5036,California
Nevada,2021-01-25,267,6001,137,3527,130,2474,0,0,206,4483,61,759,206,5242,California
Nevada,2021-01-26,402,6403,141,3668,261,2735,0,0,298,4677,104,863,298,5540,California
Nevada,2021-01-27,419,6822,249,3917,170,2905,0,0,395,5048,24,887,395,5935,California
Nevada,2021-01-28,470,7292,319,4236,151,3056,0,0,426,5431,43,930,426,6361,California
Nevada,2021-01-29,602,7894,392,4628,210,3266,0,0,576,5983,25,955,577,6938,California
Nevada,2021-01-30,232,8126,105,4733,127,3393,0,0,229,6209,3,958,229,7167,California
Nevada,2021-01-31,102,8228,86,4819,16,3409,0,0,101,6310,1,959,102,7269,California
Nevada,2021-02-01,291,8519,71,4890,220,3629,0,0,277,6573,14,973,277,7546,California
Nevada,2021-02-02,511,9030,173,5063,338,3967,0,0,323,6708,188,1161,323,7869,California
Nevada,2021-02-03,811,9841,571,5634,240,4207,0,0,758,7414,52,1213,758,8627,California
Nevada,2021-02-04,738,10579,392,6026,346,4553,0,0,488,7653,249,1462,488,9115,California
Nevada,2021-02-05,645,11224,366,6392,279,4832,0,0,455,7920,188,1650,455,9570,California
Nevada,2021-02-06,269,11493,83,6475,186,5018,0,0,242,8135,27,1677,242,9812,California
Nevada,2021-02-07,244,11737,191,6666,53,5071,0,0,190,8271,54,1731,190,10002,California
Nevada,2021-02-08,651,12388,408,7074,243,5314,0,0,553,8726,98,1829,553,10555,California
Nevada,2021-02-09,601,12989,337,7411,264,5578,0,0,463,9051,138,1967,463,11018,California
Nevada,2021-02-10,647,13636,322,7733,325,5903,0,0,417,9239,230,2197,418,11436,California
Nevada,2021-02-11,870,14506,504,8237,366,6269,0,0,541,9452,328,2525,541,11977,California
Nevada,2021-02-12,936,15442,437,8674,499,6768,0,0,616,9751,317,2842,616,12593,California
Nevada,2021-02-13,598,16040,235,8909,363,7131,0,0,389,9936,205,3047,390,12983,California
Nevada,2021-02-14,229,16269,119,9028,110,7241,0,0,201,10109,28,3075,201,13184,California
Nevada,2021-02-15,709,16978,438,9466,271,7512,0,0,535,10470,174,3249,535,13719,California
Nevada,2021-02-16,621,17599,197,9663,424,7936,0,0,451,10752,169,3418,451,14170,California
Nevada,2021-02-17,1186,18785,764,10427,422,8358,0,0,857,11280,329,3747,857,15027,California
Nevada,2021-02-18,1007,19792,548,10975,459,8817,0,0,600,11475,405,4152,600,15627,California
Nevada,2021-02-19,1014,20806,630,11605,384,9201,0,0,652,11766,362,4514,653,16280,California
Nevada,2021-02-20,298,21104,106,11711,192,9393,0,0,173,11815,124,4638,173,16453,California
Nevada,2021-02-21,88,21192,83,11794,5,9398,0,0,8,11744,79,4717,8,16461,California
Nevada,2021-02-22,494,21686,327,12121,167,9565,0,0,346,11943,147,4864,346,16807,California
Nevada,2021-02-23,468,22154,219,12340,249,9814,0,0,206,11890,259,5123,206,17013,California
Nevada,2021-02-24,474,22628,235,12575,239,10053,0,0,248,11914,226,5349,250,17263,California
Nevada,2021-02-25,860,23488,465,13040,395,10448,0,0,431,11918,427,5776,431,17694,California
Nevada,2021-02-26,1236,24724,881,13921,355,10803,0,0,408,11501,825,6601,408,18102,California
Nevada,2021-02-27,354,25078,110,14031,244,11047,0,0,184,11515,170,6771,184,18286,California
Nevada,2021-02-28,265,25343,152,14183,113,11160,0,0,123,11497,141,6912,123,18409,California
Nevada,2021-03-01,820,26163,426,14609,394,11554,0,0,355,11389,463,7375,355,18764,California
Nevada,2021-03-02,706,26869,262,14871,444,11998,0,0,480,11647,222,7597,480,19244,California
Nevada,2021-03-03,965,27834,492,15363,472,12470,1,1,493,11670,471,8068,494,19738,California
Nevada,2021-03-04,1104,28938,615,15978,489,12959,0,1,466,11501,635,8703,466,20204,California
Nevada,2021-03-05,820,29758,460,16438,350,13309,10,11,363,11419,455,9158,373,20577,California
Nevada,2021-03-06,358,30116,121,16559,210,13519,27,38,145,11378,213,9371,172,20749,California
Nevada,2021-03-07,209,30325,109,16668,81,13600,19,57,68,11324,141,9512,87,20836,California
Nevada,2021-03-08,805,31130,538,17206,222,13822,45,102,358,11282,446,9958,404,21240,California
Nevada,2021-03-09,670,31800,319,17525,301,14123,50,152,367,11397,301,10259,416,21656,California
Nevada,2021-03-10,959,32759,604,18129,298,14421,57,209,322,11143,633,10892,379,22035,California
Nevada,2021-03-11,1102,33861,723,18852,354,14775,25,234,549,11172,545,11437,574,22609,California
Nevada,2021-03-12,1190,35051,722,19574,438,15213,30,264,504,11021,684,12121,533,23142,California
Nevada,2021-03-13,268,35319,52,19626,211,15424,5,269,97,10952,170,12291,101,23243,California
Nevada,2021-03-14,155,35474,21,19647,128,15552,6,275,33,10869,122,12413,39,23282,California
Nevada,2021-03-15,841,36315,456,20103,373,15925,12,287,358,10759,480,12893,370,23652,California
Nevada,2021-03-16,992,37307,465,20568,466,16391,61,348,645,11119,346,13239,706,24358,California
Nevada,2021-03-17,1015,38322,451,21019,554,16945,10,358,585,11287,427,13666,595,24953,California
Nevada,2021-03-18,970,39292,526,21545,420,17365,24,382,476,11297,490,14156,500,25453,California
Nevada,2021-03-19,758,40050,437,21982,284,17649,37,419,352,11284,402,14558,389,25842,California
Nevada,2021-03-20,822,40872,92,22074,306,17955,424,843,235,11358,581,15139,655,26497,California
Nevada,2021-03-21,58,40930,32,22106,25,17980,1,844,40,11382,17,15156,41,26538,California
Nevada,2021-03-22,795,41725,513,22619,277,18257,5,849,537,11668,256,15412,542,27080,California
Nevada,2021-03-23,852,42577,383,23002,443,18700,26,875,641,12127,208,15620,667,27747,California
Nevada,2021-03-24,1020,43597,541,23543,472,19172,7,882,650,12418,365,15985,656,28403,California
Nevada,2021-03-25,898,44495,451,23994,422,19594,25,907,493,12531,404,16389,517,28920,California
Nevada,2021-03-26,1138,45633,433,24427,667,20261,38,945,826,13085,309,16698,863,29783,California
Nevada,2021-03-27,568,46201,71,24498,481,20742,16,961,386,13305,182,16880,402,30185,California
Nevada,2021-03-28,174,46375,50,24548,111,20853,13,974,39,13225,132,17012,52,30237,California
Nevada,2021-03-29,821,47196,501,25049,298,21151,22,996,393,13214,425,17437,414,30651,California
Nevada,2021-03-30,1043,48239,475,25524,534,21685,34,1030,540,13293,495,17932,574,31225,California
Nevada,2021-03-31,1173,49412,658,26182,498,22183,17,1047,695,13535,469,18401,711,31936,California
Nevada,2021-04-01,1223,50635,714,26896,456,22639,53,1100,541,13452,677,19078,594,32530,California
Nevada,2021-04-02,1282,51917,655,27551,591,23230,36,1136,761,13732,517,19595,797,33327,California
Nevada,2021-04-03,288,52205,89,27640,161,23391,38,1174,83,13649,204,19799,121,33448,California
Nevada,2021-04-04,128,52333,42,27682,79,23470,7,1181,78,13684,50,19849,85,33533,California
Nevada,2021-04-05,929,53262,610,28292,300,23770,19,1200,617,14012,308,20157,636,34169,California
Nevada,2021-04-06,1069,54331,662,28954,263,24033,144,1344,471,14034,592,20749,614,34783,California
Nevada,2021-04-07,1143,55474,815,29769,246,24279,82,1426,605,14189,531,21280,686,35469,California
Nevada,2021-04-08,1275,56749,890,30659,302,24581,83,1509,703,14406,569,21849,786,36255,California
Nevada,2021-04-09,1236,57985,846,31505,321,24902,69,1578,839,14917,397,22246,908,37163,California
Nevada,2021-04-10,261,58246,76,31581,109,25011,76,1654,110,14953,150,22396,186,37349,California
Nevada,2021-04-11,100,58346,31,31612,65,25076,4,1658,39,14935,61,22457,43,37392,California
Nevada,2021-04-12,733,59079,536,32148,180,25256,17,1675,309,14840,421,22878,326,37718,California
Nevada,2021-04-13,875,59954,349,32497,526,25782,0,1675,466,14899,407,23285,466,38184,California
Nevada,2021-04-14,1051,61005,565,33062,486,26268,0,1675,540,14936,503,23788,540,38724,California
Nevada,2021-04-15,1072,62077,708,33770,364,26632,0,1675,622,15118,440,24228,622,39346,California
Nevada,2021-04-16,897,62974,696,34466,201,26833,0,1675,529,15280,367,24595,529,39875,California
Nevada,2021-04-17,194,63168,52,34518,142,26975,0,1675,84,15255,109,24704,84,39959,California
Nevada,2021-04-18,181,63349,17,34535,164,27139,0,1675,101,15276,80,24784,101,40060,California
Nevada,2021-04-19,750,64099,481,35016,269,27408,0,1675,304,15142,438,25222,304,40364,California
Nevada,2021-04-20,795,64894,307,35323,488,27896,0,1675,298,14948,492,25714,298,40662,California
Nevada,2021-04-21,896,65790,489,35812,407,28303,0,1675,266,14591,623,26337,266,40928,California
Nevada,2021-04-22,989,66779,617,36429,372,28675,0,1675,339,14291,639,26976,339,41267,California
Nevada,2021-04-23,1214,67993,537,36966,677,29352,0,1675,395,13877,809,27785,395,41662,California
Nevada,2021-04-24,520,68513,73,37039,447,29799,0,1675,169,13697,349,28134,169,41831,California
Nevada,2021-04-25,116,68629,61,37100,50,29849,5,1680,51,13689,64,28198,56,41887,California
Nevada,2021-04-26,696,69325,527,37627,161,30010,8,1688,196,13402,491,28689,204,42091,California
Nevada,2021-04-27,757,70082,345,37972,408,30418,4,1692,393,13443,356,29045,397,42488,California
Nevada,2021-04-28,982,71064,580,38552,397,30815,5,1697,387,13245,590,29635,392,42880,California
Nevada,2021-04-29,1008,72072,705,39257,299,31114,4,1701,273,12789,733,30368,277,43157,California
Nevada,2021-04-30,1220,73292,723,39980,488,31602,9,1710,198,11976,1020,31388,207,43364,California
Nevada,2021-05-01,141,73433,64,40044,73,31675,4,1714,62,11965,77,31465,66,43430,California
Nevada,2021-05-02,53,73486,29,40073,20,31695,4,1718,19,11954,34,31499,23,43453,California
Nevada,2021-05-03,568,74054,395,40468,155,31850,18,1736,173,11752,392,31891,190,43643,California
Nevada,2021-05-04,519,74573,152,40620,351,32201,16,1752,314,11882,200,32091,330,43973,California
Nevada,2021-05-05,655,75228,356,40976,292,32493,7,1759,290,11821,358,32449,297,44270,California
Nevada,2021-05-06,551,75779,389,41365,157,32650,5,1764,107,11496,437,32886,112,44382,California
Orange,2020-12-15,16,16,16,16,0,0,0,0,16,16,0,0,16,16,California
Orange,2020-12-16,365,381,365,381,0,0,0,0,365,381,0,0,365,381,California
Orange,2020-12-17,3726,4107,3726,4107,0,0,0,0,3725,4106,0,0,3725,4106,California
Orange,2020-12-18,5053,9160,5046,9153,7,7,0,0,5052,9158,0,0,5052,9158,California
Orange,2020-12-19,2233,11393,2226,11379,7,14,0,0,2232,11390,0,0,2232,11390,California
Orange,2020-12-20,1985,13378,1982,13361,3,17,0,0,1986,13376,0,0,1986,13376,California
Orange,2020-12-21,4253,17631,4247,17608,6,23,0,0,4253,17629,0,0,4253,17629,California
Orange,2020-12-22,3982,21613,3947,21555,35,58,0,0,3982,21611,0,0,3982,21611,California
Orange,2020-12-23,3563,25176,3200,24755,363,421,0,0,3565,25176,0,0,3565,25176,California
Orange,2020-12-24,1380,26556,1079,25834,301,722,0,0,1380,26556,0,0,1380,26556,California
Orange,2020-12-25,17,26573,12,25846,5,727,0,0,17,26573,0,0,17,26573,California
Orange,2020-12-26,1023,27596,423,26269,600,1327,0,0,1023,27596,0,0,1023,27596,California
Orange,2020-12-27,582,28178,275,26544,307,1634,0,0,582,28178,0,0,582,28178,California
Orange,2020-12-28,3540,31718,2567,29111,973,2607,0,0,3540,31718,0,0,3540,31718,California
Orange,2020-12-29,3574,35292,2563,31674,1011,3618,0,0,3573,35290,1,1,3573,35291,California
Orange,2020-12-30,5128,40420,3558,35232,1570,5188,0,0,5128,40418,0,1,5128,40419,California
Orange,2020-12-31,1497,41917,800,36032,697,5885,0,0,1497,41915,0,1,1497,41916,California
Orange,2021-01-01,533,42450,289,36321,244,6129,0,0,532,42446,1,2,532,42448,California
Orange,2021-01-02,1415,43865,904,37225,511,6640,0,0,1415,43861,0,2,1415,43863,California
Orange,2021-01-03,581,44446,322,37547,259,6899,0,0,581,44442,0,2,581,44444,California
Orange,2021-01-04,2743,47189,1563,39110,1180,8079,0,0,2744,47185,1,3,2744,47188,California
Orange,2021-01-05,3522,50711,2295,41405,1227,9306,0,0,3115,49900,403,406,3118,50306,California
Orange,2021-01-06,5011,55722,3466,44871,1545,10851,0,0,3645,52191,1354,1760,3645,53951,California
Orange,2021-01-07,9266,64988,5167,50038,4099,14950,0,0,5696,54334,3557,5317,5700,59651,California
Orange,2021-01-08,9418,74406,5268,55306,4150,19100,0,0,5655,56239,3753,9070,5658,65309,California
Orange,2021-01-09,5010,79416,1742,57048,3268,22368,0,0,3728,58685,1282,10352,3728,69037,California
Orange,2021-01-10,4236,83652,1042,58090,3194,25562,0,0,3357,61168,878,11230,3361,72398,California
Orange,2021-01-11,9440,93092,4901,62991,4539,30101,0,0,5817,63360,3626,14856,5818,78216,California
Orange,2021-01-12,8818,101910,4723,67714,4095,34196,0,0,5354,65253,3462,18318,5355,83571,California
Orange,2021-01-13,10254,112164,4923,72637,5331,39527,0,0,7052,69114,3198,21516,7059,90630,California
Orange,2021-01-14,9967,122131,3777,76414,6190,45717,0,0,8375,75905,1590,23106,8381,99011,California
Orange,2021-01-15,10167,132298,2627,79041,7540,53257,0,0,9289,84314,886,23992,9295,108306,California
Orange,2021-01-16,8707,141005,2096,81137,6611,59868,0,0,8312,92236,395,24387,8317,116623,California
Orange,2021-01-17,8157,149162,1484,82621,6673,66541,0,0,8010,100109,147,24534,8020,124643,California
Orange,2021-01-18,9754,158916,4459,87080,5295,71836,0,0,7512,105380,2244,26778,7515,132158,California
Orange,2021-01-19,7491,166407,5411,92491,2080,73916,0,0,4859,107608,2632,29410,4860,137018,California
Orange,2021-01-20,8379,174786,5917,98408,2462,76378,0,0,5318,109872,3061,32471,5325,142343,California
Orange,2021-01-21,11008,185794,4903,103311,6105,82483,0,0,10196,119268,811,33282,10207,152550,California
Orange,2021-01-22,13663,199457,5139,108450,8524,91007,0,0,12810,131240,846,34128,12818,165368,California
Orange,2021-01-23,13134,212591,6186,114636,6948,97955,0,0,12151,142418,981,35109,12159,177527,California
Orange,2021-01-24,9823,222414,4296,118932,5527,103482,0,0,9493,151587,327,35436,9496,187023,California
Orange,2021-01-25,10445,232859,5866,124798,4579,108061,0,0,7718,156588,2722,38158,7723,194746,California
Orange,2021-01-26,11902,244761,7722,132520,4180,112241,0,0,9733,164159,2165,40323,9736,204482,California
Orange,2021-01-27,13432,258193,8008,140528,5424,117665,0,0,10729,172201,2692,43015,10734,215216,California
Orange,2021-01-28,13032,271225,7205,147733,5827,123492,0,0,11169,181529,1849,44864,11177,226393,California
Orange,2021-01-29,13639,284864,8451,156184,5188,128680,0,0,10742,189392,2883,47747,10746,237139,California
Orange,2021-01-30,12930,297794,4443,160627,8487,137167,0,0,12185,200850,730,48477,12188,249327,California
Orange,2021-01-31,13715,311509,4944,165571,8771,145938,0,0,13261,213669,449,48926,13268,262595,California
Orange,2021-02-01,14078,325587,5805,171376,8273,154211,0,0,12063,223742,1995,50921,12068,274663,California
Orange,2021-02-02,15434,341021,8376,179752,7058,161269,0,0,12681,233781,2645,53566,12684,287347,California
Orange,2021-02-03,16761,357782,12579,192331,4182,165451,0,0,13730,244563,2953,56519,13735,301082,California
Orange,2021-02-04,19840,377622,12960,205291,6880,172331,0,0,14749,254260,5060,61579,14757,315839,California
Orange,2021-02-05,20757,398379,12021,217312,8736,181067,0,0,14468,262482,6248,67827,14470,330309,California
Orange,2021-02-06,16332,414711,10791,228103,5541,186608,0,0,11069,268522,5247,73074,11287,341596,California
Orange,2021-02-07,11521,426232,8100,236203,3421,190029,0,0,7546,272277,3960,77034,7715,349311,California
Orange,2021-02-08,14953,441185,8586,244789,6367,196396,0,0,8926,275207,5997,83031,8927,358238,California
Orange,2021-02-09,17675,458860,12037,256826,5638,202034,0,0,10709,279029,6892,89923,10714,368952,California
Orange,2021-02-10,20920,479780,11196,268022,9724,211758,0,0,12677,283568,8147,98070,12686,381638,California
Orange,2021-02-11,22095,501875,11483,279505,10612,222370,0,0,12369,286360,9595,107665,12387,394025,California
Orange,2021-02-12,24782,526657,11908,291413,12874,235244,0,0,14626,290894,10097,117762,14631,408656,California
Orange,2021-02-13,22018,548675,11916,303329,10102,245346,0,0,11149,292018,10667,128429,11791,420447,California
Orange,2021-02-14,16195,564870,6575,309904,9620,254966,0,0,9551,294951,6619,135048,9552,429999,California
Orange,2021-02-15,17229,582099,7394,317298,9835,264801,0,0,8882,295539,8303,143351,8891,438890,California
Orange,2021-02-16,19929,602028,8985,326283,10944,275745,0,0,10715,297110,9168,152519,10739,449629,California
Orange,2021-02-17,17875,619903,9332,335615,8543,284288,0,0,9186,297684,8643,161162,9217,458846,California
Orange,2021-02-18,14998,634901,9843,345458,5155,289443,0,0,6747,296240,8199,169361,6755,465601,California
Orange,2021-02-19,18182,653083,10888,356346,7294,296737,0,0,6934,291989,11197,180558,6946,472547,California
Orange,2021-02-20,7500,660583,5594,361940,1906,298643,0,0,3766,292052,3713,184271,3776,476323,California
Orange,2021-02-21,4340,664923,3661,365601,679,299322,0,0,785,289317,3520,187791,785,477108,California
Orange,2021-02-22,9653,674576,7875,373476,1778,301100,0,0,3897,287501,5728,193519,3912,481020,California
Orange,2021-02-23,13270,687846,7248,380724,6022,307122,0,0,3496,281292,9715,203234,3506,484526,California
Orange,2021-02-24,21162,709008,12836,393560,8326,315448,0,0,5393,270998,15706,218940,5412,489938,California
Orange,2021-02-25,22670,731678,12295,405855,10375,325823,0,0,7994,264403,14605,233545,8010,497948,California
Orange,2021-02-26,27750,759428,14081,419936,13669,339492,0,0,11183,259165,16446,249991,11208,509156,California
Orange,2021-02-27,24970,784398,10074,430010,14894,354386,2,2,7257,248831,17608,267599,7274,516430,California
Orange,2021-02-28,19045,803443,7376,437386,11669,366055,0,2,4805,239527,14126,281725,4822,521252,California
Orange,2021-03-01,18410,821853,8393,445779,10011,376066,6,8,7121,235454,11212,292937,7139,528391,California
Orange,2021-03-02,18825,840678,8897,454676,9925,385991,3,11,9183,235073,9594,302531,9213,537604,California
Orange,2021-03-03,20497,861175,9631,464307,10863,396854,3,14,10991,236659,9430,311961,11016,548620,California
Orange,2021-03-04,22326,883501,12852,477159,9460,406314,14,28,11601,237612,10688,322649,11641,560261,California
Orange,2021-03-05,20740,904241,10754,487913,9942,416256,44,72,12693,242404,8005,330654,12797,573058,California
Orange,2021-03-06,23913,928154,13135,501048,9914,426170,864,936,12660,244734,11219,341873,13549,586607,California
Orange,2021-03-07,14848,943002,8314,509362,6138,432308,396,1332,8667,247674,6143,348016,9083,595690,California
Orange,2021-03-08,16214,959216,7418,516780,7535,439843,1261,2593,10415,253624,5753,353769,11703,607393,California
Orange,2021-03-09,19729,978945,8582,525362,8715,448558,2432,5025,11318,259006,8371,362140,13753,621146,California
Orange,2021-03-10,24247,1003192,11769,537131,9100,457658,3378,8403,12151,262494,12038,374178,15526,636672,California
Orange,2021-03-11,28926,1032118,15679,552810,9069,466727,4178,12581,13420,264672,15420,389598,17598,654270,California
Orange,2021-03-12,29204,1061322,14219,567029,11150,477877,3835,16416,14666,268736,14459,404057,18523,672793,California
Orange,2021-03-13,27709,1089031,10158,577187,13623,491500,3928,20344,14021,273049,13634,417691,17947,690740,California
Orange,2021-03-14,18789,1107820,8145,585332,8126,499626,2518,22862,11864,280527,6896,424587,14374,705114,California
Orange,2021-03-15,22983,1130803,10118,595450,12107,511733,758,23620,14350,287072,8559,433146,15104,720218,California
Orange,2021-03-16,26326,1157129,11126,606576,14977,526710,223,23843,17137,295330,9109,442255,17367,737585,California
Orange,2021-03-17,27283,1184412,13534,620110,13165,539875,584,24427,19426,307548,7789,450044,20007,757592,California
Orange,2021-03-18,27681,1212093,13905,634015,13503,553378,273,24700,21571,323351,6046,456090,21849,779441,California
Orange,2021-03-19,33405,1245498,18356,652371,14610,567988,439,25139,24880,340263,8417,464507,25329,804770,California
Orange,2021-03-20,25741,1271239,13541,665912,11994,579982,206,25345,22029,358849,3652,468159,22238,827008,California
Orange,2021-03-21,18465,1289704,10665,676577,7074,587056,726,26071,15710,372557,2729,470888,16437,843445,California
Orange,2021-03-22,22669,1312373,11711,688288,10636,597692,322,26393,19173,388640,3420,474308,19503,862948,California
Orange,2021-03-23,25905,1338278,13429,701717,11844,609536,632,27025,20820,405087,5009,479317,21456,884404,California
Orange,2021-03-24,28992,1367270,16150,717867,11936,621472,906,27931,21971,421025,6942,486259,22880,907284,California
Orange,2021-03-25,32233,1399503,17159,735026,14371,635843,703,28634,24187,437954,7959,494218,24888,932172,California
Orange,2021-03-26,34691,1434194,17985,753011,15849,651692,857,29491,24976,454175,9614,503832,25835,958007,California
Orange,2021-03-27,28327,1462521,13548,766559,14466,666158,313,29804,19771,465795,8467,512299,20087,978094,California
Orange,2021-03-28,24700,1487221,12776,779335,11857,678015,67,29871,18623,478479,6010,518309,18694,996788,California
Orange,2021-03-29,26372,1513593,12056,791391,13757,691772,559,30430,17912,488569,8382,526691,18472,1015260,California
Orange,2021-03-30,30745,1544338,13823,805214,16291,708063,631,31061,21318,501162,9355,536046,21948,1037208,California
Orange,2021-03-31,36908,1581246,19355,824569,16864,724927,689,31750,24030,513101,12783,548829,24722,1061930,California
Orange,2021-04-01,40072,1621318,21041,845610,17255,742182,1776,33526,26034,526970,13934,562763,27803,1089733,California
Orange,2021-04-02,39646,1660964,20008,865618,17922,760104,1716,35242,22534,534207,17018,579781,24255,1113988,California
Orange,2021-04-03,29880,1690844,15620,881238,12615,772719,1645,36887,14179,534396,15631,595412,15820,1129808,California
Orange,2021-04-04,18262,1709106,10641,891879,6921,779640,700,37587,8176,533232,10035,605447,8871,1138679,California
Orange,2021-04-05,29731,1738837,13918,905797,12489,792129,3324,40911,13817,534517,15845,621292,17130,1155809,California
Orange,2021-04-06,33185,1772022,15539,921336,14239,806368,3407,44318,14356,533524,18739,640031,17746,1173555,California
Orange,2021-04-07,35811,1807833,19981,941317,11282,817650,4548,48866,15785,533880,19952,659983,20308,1193863,California
Orange,2021-04-08,38472,1846305,21422,962739,11638,829288,5412,54278,18752,538388,19627,679610,24135,1217998,California
Orange,2021-04-09,40431,1886736,23575,986314,11740,841028,5116,59394,17924,538983,22423,702033,23018,1241016,California
Orange,2021-04-10,34062,1920798,18059,1004373,11801,852829,4202,63596,14137,537456,19843,721876,18316,1259332,California
Orange,2021-04-11,25445,1946243,14368,1018741,7822,860651,3255,66851,9788,534876,15610,737486,13030,1272362,California
Orange,2021-04-12,30258,1976501,15339,1034080,11403,872054,3516,70367,11907,531983,18299,755785,15406,1287768,California
Orange,2021-04-13,32223,2008724,18115,1052195,14041,886095,67,70434,15026,529939,17135,772920,15091,1302859,California
Orange,2021-04-14,34151,2042875,19938,1072133,14184,900279,29,70463,14998,525902,19066,791986,15029,1317888,California
Orange,2021-04-15,39765,2082640,24260,1096393,15494,915773,11,70474,18474,523196,21193,813179,18487,1336375,California
Orange,2021-04-16,41052,2123692,24120,1120513,16902,932675,30,70504,18541,519354,22419,835598,18577,1354952,California
Orange,2021-04-17,29675,2153367,17238,1137751,12434,945109,3,70507,12799,515355,16805,852403,12806,1367758,California
Orange,2021-04-18,21349,2174716,12908,1150659,8441,953550,0,70507,8458,510971,12845,865248,8461,1376219,California
Orange,2021-04-19,32315,2207031,17802,1168461,14511,968061,2,70509,14847,508435,17388,882636,14852,1391071,California
Orange,2021-04-20,35046,2242077,18185,1186646,16858,984919,3,70512,17523,508509,17451,900087,17525,1408596,California
Orange,2021-04-21,40271,2282348,23115,1209761,17146,1002065,10,70522,18990,506313,21196,921283,19000,1427596,California
Orange,2021-04-22,39052,2321400,20618,1230379,18426,1020491,8,70530,16261,499911,22677,943960,16275,1443871,California
Orange,2021-04-23,39878,2361278,20541,1250920,19331,1039822,6,70536,17732,495606,22045,966005,17740,1461611,California
Orange,2021-04-24,31776,2393054,16642,1267562,15099,1054921,35,70571,13367,490673,18337,984342,13404,1475015,California
Orange,2021-04-25,22919,2415973,12923,1280485,9983,1064904,13,70584,9842,487508,13025,997367,9860,1484875,California
Orange,2021-04-26,25209,2441182,12017,1292502,13016,1077920,176,70760,11034,484624,14094,1011461,11210,1496085,California
Orange,2021-04-27,27682,2468864,12590,1305092,14604,1092524,488,71248,10525,478627,17015,1028476,11018,1507103,California
Orange,2021-04-28,30449,2499313,15162,1320254,14442,1106966,845,72093,12074,473263,18280,1046756,12916,1520019,California
Orange,2021-04-29,31243,2530556,17125,1337379,13166,1120132,952,73045,11213,465476,19947,1066703,12160,1532179,California
Orange,2021-04-30,29203,2559759,16590,1353969,11695,1131827,918,73963,12338,461941,16787,1083490,13252,1545431,California
Orange,2021-05-01,21630,2581389,14574,1368543,6093,1137920,963,74926,8654,458645,12908,1096398,9612,1555043,California
Orange,2021-05-02,15343,2596732,10198,1378741,4510,1142430,635,75561,5375,454746,9907,1106305,6008,1561051,California
Orange,2021-05-03,19455,2616187,11527,1390268,7191,1149621,737,76298,6182,448458,13202,1119507,6914,1567965,California
Orange,2021-05-04,15549,2631736,8158,1398426,6961,1156582,430,76728,5762,444919,9722,1129229,6183,1574148,California
Orange,2021-05-05,14415,2646151,8103,1406529,5865,1162447,447,77175,4726,440477,9613,1138842,5171,1579319,California
Orange,2021-05-06,11628,2657779,7315,1413844,3913,1166360,400,77575,2263,433825,9310,1148152,2658,1581977,California
Placer,2020-12-15,29,29,29,29,0,0,0,0,29,29,0,0,29,29,California
Placer,2020-12-16,54,83,54,83,0,0,0,0,54,83,0,0,54,83,California
Placer,2020-12-17,140,223,140,223,0,0,0,0,140,223,0,0,140,223,California
Placer,2020-12-18,331,554,331,554,0,0,0,0,331,554,0,0,331,554,California
Placer,2020-12-19,252,806,252,806,0,0,0,0,252,806,0,0,252,806,California
Placer,2020-12-20,234,1040,234,1040,0,0,0,0,234,1040,0,0,234,1040,California
Placer,2020-12-21,493,1533,492,1532,1,1,0,0,493,1533,0,0,493,1533,California
Placer,2020-12-22,675,2208,668,2200,7,8,0,0,675,2208,0,0,675,2208,California
Placer,2020-12-23,747,2955,661,2861,86,94,0,0,747,2955,0,0,747,2955,California
Placer,2020-12-24,398,3353,346,3207,52,146,0,0,398,3353,0,0,398,3353,California
Placer,2020-12-26,156,3509,111,3318,45,191,0,0,156,3509,0,0,156,3509,California
Placer,2020-12-27,186,3695,163,3481,23,214,0,0,186,3695,0,0,186,3695,California
Placer,2020-12-28,663,4358,536,4017,127,341,0,0,663,4358,0,0,663,4358,California
Placer,2020-12-29,762,5120,513,4530,249,590,0,0,762,5120,0,0,762,5120,California
Placer,2020-12-30,728,5848,454,4984,274,864,0,0,726,5846,0,0,726,5846,California
Placer,2020-12-31,529,6377,343,5327,186,1050,0,0,529,6375,0,0,529,6375,California
Placer,2021-01-01,15,6392,11,5338,4,1054,0,0,15,6390,0,0,15,6390,California
Placer,2021-01-02,184,6576,152,5490,32,1086,0,0,184,6574,0,0,184,6574,California
Placer,2021-01-03,154,6730,79,5569,75,1161,0,0,154,6728,0,0,154,6728,California
Placer,2021-01-04,619,7349,180,5749,439,1600,0,0,619,7347,0,0,619,7347,California
Placer,2021-01-05,726,8075,159,5908,567,2167,0,0,643,7909,82,82,644,7991,California
Placer,2021-01-06,760,8835,244,6152,516,2683,0,0,618,8385,142,224,618,8609,California
Placer,2021-01-07,985,9820,368,6520,617,3300,0,0,780,8960,205,429,780,9389,California
Placer,2021-01-08,1184,11004,528,7048,656,3956,0,0,856,9491,325,754,856,10245,California
Placer,2021-01-09,448,11452,321,7369,127,4083,0,0,232,9508,215,969,232,10477,California
Placer,2021-01-10,329,11781,186,7555,143,4226,0,0,164,9507,165,1134,164,10641,California
Placer,2021-01-11,1425,13206,807,8362,618,4844,0,0,836,9755,589,1723,837,11478,California
Placer,2021-01-12,1649,14855,876,9238,773,5617,0,0,1047,10200,602,2325,1047,12525,California
Placer,2021-01-13,1634,16489,821,10059,813,6430,0,0,1210,10991,422,2747,1213,13738,California
Placer,2021-01-14,1775,18264,652,10711,1123,7553,0,0,1420,12060,352,3099,1421,15159,California
Placer,2021-01-15,1936,20200,722,11433,1214,8767,0,0,1586,13298,349,3448,1587,16746,California
Placer,2021-01-16,1470,21670,720,12153,750,9517,0,0,1349,14527,121,3569,1350,18096,California
Placer,2021-01-17,563,22233,397,12550,166,9683,0,0,430,14824,133,3702,430,18526,California
Placer,2021-01-18,976,23209,539,13089,437,10120,0,0,747,15343,229,3931,748,19274,California
Placer,2021-01-19,2611,25820,1948,15037,663,10783,0,0,2161,17054,450,4381,2161,21435,California
Placer,2021-01-20,2266,28086,1697,16734,569,11352,0,0,1937,18663,329,4710,1938,23373,California
Placer,2021-01-21,2556,30642,1112,17846,1444,12796,0,0,2163,20435,392,5102,2164,25537,California
Placer,2021-01-22,2303,32945,595,18441,1708,14504,0,0,2128,22391,173,5275,2129,27666,California
Placer,2021-01-23,1189,34134,380,18821,809,15313,0,0,1034,23270,155,5430,1034,28700,California
Placer,2021-01-24,507,34641,265,19086,242,15555,0,0,431,23626,76,5506,432,29132,California
Placer,2021-01-25,1671,36312,802,19888,869,16424,0,0,1383,24722,288,5794,1384,30516,California
Placer,2021-01-26,1855,38167,1030,20918,825,17249,0,0,1591,26049,264,6058,1591,32107,California
Placer,2021-01-27,1840,40007,1152,22070,688,17937,0,0,1596,27404,242,6300,1597,33704,California
Placer,2021-01-28,1805,41812,1116,23186,689,18626,0,0,1557,28715,246,6546,1557,35261,California
Placer,2021-01-29,1893,43705,1170,24356,723,19349,0,0,1701,30227,191,6737,1703,36964,California
Placer,2021-01-30,1726,45431,972,25328,754,20103,0,0,1605,31712,120,6857,1605,38569,California
Placer,2021-01-31,781,46212,624,25952,157,20260,0,0,713,32358,68,6925,714,39283,California
Placer,2021-02-01,2071,48283,1090,27042,981,21241,0,0,1757,33801,314,7239,1757,41040,California
Placer,2021-02-02,2377,50660,1541,28583,836,22077,0,0,1886,35199,488,7727,1886,42926,California
Placer,2021-02-03,2918,53578,1875,30458,1043,23120,0,0,2294,36873,620,8347,2294,45220,California
Placer,2021-02-04,2759,56337,1187,31645,1572,24692,0,0,1935,37989,820,9167,1936,47156,California
Placer,2021-02-05,2731,59068,1205,32850,1526,26218,0,0,1403,38069,1323,10490,1403,48559,California
Placer,2021-02-06,1947,61015,1309,34159,638,26856,0,0,1397,38916,550,11040,1397,49956,California
Placer,2021-02-07,1224,62239,913,35072,311,27167,0,0,939,39571,284,11324,939,50895,California
Placer,2021-02-08,3300,65539,1767,36839,1533,28700,0,0,1977,40234,1315,12639,1978,52873,California
Placer,2021-02-09,3549,69088,2177,39016,1372,30072,0,0,1644,39975,1903,14542,1644,54517,California
Placer,2021-02-10,3748,72836,2190,41206,1558,31630,0,0,1743,39718,2002,16544,1745,56262,California
Placer,2021-02-11,3690,76526,1903,43109,1787,33417,0,0,1585,39212,2092,18636,1586,57848,California
Placer,2021-02-12,2847,79373,1323,44432,1524,34941,0,0,1667,39737,1143,19779,1668,59516,California
Placer,2021-02-13,2534,81907,1485,45917,1049,35990,0,0,1883,40969,651,20430,1883,61399,California
Placer,2021-02-14,1081,82988,675,46592,406,36396,0,0,738,41367,340,20770,738,62137,California
Placer,2021-02-15,2244,85232,1043,47635,1201,37597,0,0,1532,42187,713,21483,1533,63670,California
Placer,2021-02-16,3574,88806,1780,49415,1794,39391,0,0,1588,41799,1977,23460,1589,65259,California
Placer,2021-02-17,3540,92346,1961,51376,1579,40970,0,0,1509,41281,2027,25487,1509,66768,California
Placer,2021-02-18,3796,96142,2046,53422,1750,42720,0,0,1625,40745,2162,27649,1626,68394,California
Placer,2021-02-19,3584,99726,1910,55332,1674,44394,0,0,1328,39822,2252,29901,1329,69723,California
Placer,2021-02-20,1981,101707,1237,56569,744,45138,0,0,894,39638,1081,30982,897,70620,California
Placer,2021-02-21,971,102678,729,57298,242,45380,0,0,280,39231,688,31670,281,70901,California
Placer,2021-02-22,2522,105200,1774,59072,748,46128,0,0,604,37918,1917,33587,604,71505,California
Placer,2021-02-23,2546,107746,1572,60644,974,47102,0,0,881,37135,1664,35251,881,72386,California
Placer,2021-02-24,3284,111030,1174,61818,2110,49212,0,0,1788,37439,1486,36737,1790,74176,California
Placer,2021-02-25,3536,114566,1427,63245,2109,51321,0,0,1878,37668,1650,38387,1879,76055,California
Placer,2021-02-26,4098,118664,2376,65621,1722,53043,0,0,2354,38282,1740,40127,2354,78409,California
Placer,2021-02-27,2821,121485,1494,67115,1327,54370,0,0,1456,38382,1359,41486,1459,79868,California
Placer,2021-02-28,1400,122885,795,67910,605,54975,0,0,586,38160,808,42294,586,80454,California
Placer,2021-03-01,2998,125883,1991,69901,1007,55982,0,0,1549,38265,1444,43738,1549,82003,California
Placer,2021-03-02,2869,128752,1760,71661,1109,57091,0,0,1874,39149,990,44728,1874,83877,California
Placer,2021-03-03,3319,132071,1423,73084,1896,58987,0,0,1815,39467,1498,46226,1816,85693,California
Placer,2021-03-04,3625,135696,1454,74538,2171,61158,0,0,1894,39643,1719,47945,1895,87588,California
Placer,2021-03-05,3010,138706,1031,75569,1957,63115,22,22,1808,40273,1200,49145,1830,89418,California
Placer,2021-03-06,2411,141117,1485,77054,830,63945,96,118,925,39815,1479,50624,1021,90439,California
Placer,2021-03-07,1297,142414,751,77805,508,64453,38,156,531,39621,763,51387,569,91008,California
Placer,2021-03-08,2907,145321,1826,79631,968,65421,113,269,1648,40125,1257,52644,1761,92769,California
Placer,2021-03-09,3173,148494,1681,81312,1401,66822,91,360,1817,40680,1353,53997,1908,94677,California
Placer,2021-03-10,3280,151774,1320,82632,1853,68675,107,467,1708,40928,1567,55564,1815,96492,California
Placer,2021-03-11,3581,155355,1593,84225,1864,70539,124,591,1727,40937,1845,57409,1854,98346,California
Placer,2021-03-12,3671,159026,1483,85708,1407,71946,781,1372,1250,40554,2415,59824,2032,100378,California
Placer,2021-03-13,2108,161134,741,86449,1248,73194,119,1491,1129,40826,976,60800,1248,101626,California
Placer,2021-03-14,1639,162773,672,87121,818,74012,149,1640,892,41120,747,61547,1041,102667,California
Placer,2021-03-15,3179,165952,1531,88652,1516,75528,132,1772,1763,41601,1415,62962,1896,104563,California
Placer,2021-03-16,3558,169510,1915,90567,1510,77038,133,1905,2282,42752,1265,64227,2416,106979,California
Placer,2021-03-17,3416,172926,1727,92294,1590,78628,99,2004,2204,43847,1210,65437,2305,109284,California
Placer,2021-03-18,3968,176894,2201,94495,1729,80357,38,2042,2828,45579,1133,66570,2865,112149,California
Placer,2021-03-19,3431,180325,2063,96558,1104,81461,264,2306,2188,46794,1236,67806,2451,114600,California
Placer,2021-03-20,2138,182463,897,97455,1144,82605,97,2403,1302,47360,832,68638,1398,115998,California
Placer,2021-03-21,1253,183716,574,98029,670,83275,9,2412,945,48009,305,68943,954,116952,California
Placer,2021-03-22,3263,186979,2099,100128,1077,84352,87,2499,2191,49220,1068,70011,2279,119231,California
Placer,2021-03-23,3526,190505,2097,102225,1338,85690,91,2590,2524,50839,997,71008,2616,121847,California
Placer,2021-03-24,3787,194292,1997,104222,1693,87383,97,2687,1952,51075,1813,72821,2049,123896,California
Placer,2021-03-25,3775,198067,1792,106014,1886,89269,97,2784,1725,50856,2040,74861,1821,125717,California
Placer,2021-03-26,3754,201821,1657,107671,1865,91134,232,3016,1578,50503,2163,77024,1810,127527,California
Placer,2021-03-27,1592,203413,467,108138,1105,92239,20,3036,647,50232,938,77962,667,128194,California
Placer,2021-03-28,1103,204516,527,108665,566,92805,10,3046,374,49892,724,78686,384,128578,California
Placer,2021-03-29,3557,208073,1988,110653,1535,94340,34,3080,1725,49829,1823,80509,1760,130338,California
Placer,2021-03-30,3973,212046,2099,112752,1831,96171,43,3123,2091,50094,1868,82377,2133,132471,California
Placer,2021-03-31,4090,216136,1830,114582,2185,98356,75,3198,1691,49467,2392,84769,1765,134236,California
Placer,2021-04-01,2896,219032,1362,115944,1488,99844,46,3244,1597,49812,1298,86067,1643,135879,California
Placer,2021-04-02,2834,221866,1447,117391,1323,101167,64,3308,1586,50220,1241,87308,1649,137528,California
Placer,2021-04-03,1851,223717,983,118374,740,101907,128,3436,888,50280,956,88264,1016,138544,California
Placer,2021-04-04,709,224426,361,118735,295,102202,53,3489,285,50196,422,88686,338,138882,California
Placer,2021-04-05,2989,227415,1892,120627,914,103116,183,3672,1740,50874,1245,89931,1923,140805,California
Placer,2021-04-06,4276,231691,2469,123096,1508,104624,299,3971,1523,49948,2748,92679,1822,142627,California
Placer,2021-04-07,4499,236190,2567,125663,1471,106095,461,4432,2055,50022,2439,95118,2513,145140,California
Placer,2021-04-08,4684,240874,2592,128255,1546,107641,546,4978,1569,49033,3104,98222,2115,147255,California
Placer,2021-04-09,4075,244949,2246,130501,1214,108855,615,5593,1213,48010,2853,101075,1830,149085,California
Placer,2021-04-10,1980,246929,853,131354,947,109802,180,5773,847,47906,1130,102205,1026,150111,California
Placer,2021-04-11,1333,248262,512,131866,788,110590,33,5806,435,47479,894,103099,467,150578,California
Placer,2021-04-12,4099,252361,2650,134516,1069,111659,380,6186,2464,48698,1624,104723,2843,153421,California
Placer,2021-04-13,4322,256683,2976,137492,1345,113004,1,6187,2172,48725,2146,106869,2173,155594,California
Placer,2021-04-14,4117,260800,2561,140053,1555,114559,1,6188,1844,48305,2264,109133,1844,157438,California
Placer,2021-04-15,4462,265262,2478,142531,1983,116542,1,6189,2345,48545,2106,111239,2346,159784,California
Placer,2021-04-16,3657,268919,2171,144702,1486,118028,0,6189,1426,47746,2225,113464,1426,161210,California
Placer,2021-04-17,2347,271266,794,145496,1553,119581,0,6189,1455,48312,889,114353,1455,162665,California
Placer,2021-04-18,1157,272423,234,145730,923,120504,0,6189,405,47967,750,115103,405,163070,California
Placer,2021-04-19,2906,275329,1777,147507,1129,121633,0,6189,1143,47351,1760,116863,1144,164214,California
Placer,2021-04-20,3771,279100,2448,149955,1323,122956,0,6189,2399,48386,1364,118227,2399,166613,California
Placer,2021-04-21,3648,282748,2391,152346,1256,124212,1,6190,2377,49497,1267,119494,2378,168991,California
Placer,2021-04-22,3538,286286,2143,154489,1395,125607,0,6190,1735,49432,1800,121294,1735,170726,California
Placer,2021-04-23,3486,289772,2310,156799,1175,126782,1,6191,1369,48691,2111,123405,1370,172096,California
Placer,2021-04-24,2065,291837,1250,158049,814,127596,1,6192,1210,49053,848,124253,1210,173306,California
Placer,2021-04-25,900,292737,497,158546,403,127999,0,6192,556,49265,344,124597,556,173862,California
Placer,2021-04-26,2198,294935,1205,159751,970,128969,23,6215,1096,49291,1092,125689,1118,174980,California
Placer,2021-04-27,2490,297425,1308,161059,1147,130116,35,6250,1471,49784,1014,126703,1507,176487,California
Placer,2021-04-28,2908,300333,1801,162860,1070,131186,37,6287,1519,49961,1379,128082,1556,178043,California
Placer,2021-04-29,3240,303573,2058,164918,1130,132316,52,6339,1301,49381,1933,130015,1353,179396,California
Placer,2021-04-30,2971,306544,1801,166719,1123,133439,47,6386,1187,48837,1778,131793,1234,180630,California
Placer,2021-05-01,1317,307861,921,167640,372,133811,24,6410,602,48753,709,132502,625,181255,California
Placer,2021-05-02,707,308568,549,168189,137,133948,21,6431,328,48724,378,132880,349,181604,California
Placer,2021-05-03,1536,310104,934,169123,540,134488,62,6493,426,48106,1106,133986,488,182092,California
Placer,2021-05-04,1554,311658,853,169976,611,135099,90,6583,660,47963,893,134879,750,182842,California
Placer,2021-05-05,2825,314483,2035,172011,754,135853,36,6619,693,46564,2128,137007,729,183571,California
Placer,2021-05-06,2028,316511,1341,173352,671,136524,16,6635,354,45266,1668,138675,370,183941,California
Plumas,2020-12-18,4,4,4,4,0,0,0,0,4,4,0,0,4,4,California
Plumas,2020-12-19,1,5,1,5,0,0,0,0,1,5,0,0,1,5,California
Plumas,2020-12-21,45,50,45,50,0,0,0,0,45,50,0,0,45,50,California
Plumas,2020-12-22,92,142,92,142,0,0,0,0,92,142,0,0,92,142,California
Plumas,2020-12-23,50,192,50,192,0,0,0,0,50,192,0,0,50,192,California
Plumas,2020-12-24,6,198,6,198,0,0,0,0,6,198,0,0,6,198,California
Plumas,2020-12-28,8,206,0,198,8,8,0,0,8,206,0,0,8,206,California
Plumas,2020-12-29,32,238,22,220,10,18,0,0,32,238,0,0,32,238,California
Plumas,2020-12-30,22,260,1,221,21,39,0,0,22,260,0,0,22,260,California
Plumas,2020-12-31,4,264,1,222,3,42,0,0,4,264,0,0,4,264,California
Plumas,2021-01-04,10,274,4,226,6,48,0,0,10,274,0,0,10,274,California
Plumas,2021-01-05,22,296,2,228,20,68,0,0,22,296,0,0,22,296,California
Plumas,2021-01-06,124,420,5,233,119,187,0,0,124,420,0,0,124,420,California
Plumas,2021-01-07,53,473,2,235,51,238,0,0,52,471,1,1,52,472,California
Plumas,2021-01-08,12,485,5,240,7,245,0,0,8,475,4,5,8,480,California
Plumas,2021-01-09,2,487,2,242,0,245,0,0,1,475,1,6,1,481,California
Plumas,2021-01-11,59,546,50,292,9,254,0,0,12,440,47,53,12,493,California
Plumas,2021-01-12,155,701,86,378,69,323,0,0,71,427,84,137,71,564,California
Plumas,2021-01-13,56,757,50,428,6,329,0,0,10,391,46,183,10,574,California
Plumas,2021-01-14,96,853,14,442,82,411,0,0,91,477,5,188,91,665,California
Plumas,2021-01-15,62,915,7,449,55,466,0,0,60,535,2,190,60,725,California
Plumas,2021-01-16,58,973,1,450,57,523,0,0,58,593,0,190,58,783,California
Plumas,2021-01-18,2,975,1,451,1,524,0,0,2,595,0,190,2,785,California
Plumas,2021-01-19,36,1011,5,456,31,555,0,0,32,623,4,194,32,817,California
Plumas,2021-01-20,121,1132,3,459,118,673,0,0,119,740,2,196,119,936,California
Plumas,2021-01-21,112,1244,2,461,110,783,0,0,112,852,0,196,112,1048,California
Plumas,2021-01-22,5,1249,1,462,4,787,0,0,5,857,0,196,5,1053,California
Plumas,2021-01-23,93,1342,2,464,91,878,0,0,93,950,0,196,93,1146,California
Plumas,2021-01-24,1,1343,1,465,0,878,0,0,1,951,0,196,1,1147,California
Plumas,2021-01-25,10,1353,7,472,3,881,0,0,7,955,3,199,7,1154,California
Plumas,2021-01-26,60,1413,2,474,58,939,0,0,52,999,8,207,52,1206,California
Plumas,2021-01-27,25,1438,20,494,5,944,0,0,5,984,20,227,5,1211,California
Plumas,2021-01-28,23,1461,0,494,23,967,0,0,21,1003,2,229,21,1232,California
Plumas,2021-01-29,8,1469,2,496,6,973,0,0,7,1009,1,230,7,1239,California
Plumas,2021-01-30,8,1477,4,500,4,977,0,0,7,1015,1,231,7,1246,California
Plumas,2021-01-31,3,1480,3,503,0,977,0,0,3,1018,0,231,3,1249,California
Plumas,2021-02-01,15,1495,2,505,13,990,0,0,7,1017,8,239,7,1256,California
Plumas,2021-02-02,21,1516,2,507,19,1009,0,0,2,1000,19,258,2,1258,California
Plumas,2021-02-03,128,1644,8,515,120,1129,0,0,13,899,114,372,13,1271,California
Plumas,2021-02-04,101,1745,8,523,93,1222,0,0,23,844,78,450,23,1294,California
Plumas,2021-02-05,24,1769,11,534,13,1235,0,0,9,838,15,465,9,1303,California
Plumas,2021-02-06,7,1776,0,534,7,1242,0,0,7,845,0,465,7,1310,California
Plumas,2021-02-08,16,1792,7,541,9,1251,0,0,4,837,12,477,4,1314,California
Plumas,2021-02-09,171,1963,1,542,170,1421,0,0,111,888,60,537,111,1425,California
Plumas,2021-02-10,89,2052,9,551,80,1501,0,0,80,960,9,546,81,1506,California
Plumas,2021-02-11,322,2374,7,558,315,1816,0,0,263,1164,59,605,263,1769,California
Plumas,2021-02-12,123,2497,4,562,119,1935,0,0,118,1277,5,610,118,1887,California
Plumas,2021-02-13,74,2571,5,567,69,2004,0,0,14,1231,60,670,14,1901,California
Plumas,2021-02-14,8,2579,5,572,3,2007,0,0,8,1239,0,670,8,1909,California
Plumas,2021-02-15,27,2606,5,577,22,2029,0,0,24,1260,3,673,24,1933,California
Plumas,2021-02-16,76,2682,4,581,72,2101,0,0,14,1212,62,735,14,1947,California
Plumas,2021-02-17,136,2818,5,586,131,2232,0,0,12,1100,124,859,12,1959,California
Plumas,2021-02-18,128,2946,6,592,122,2354,0,0,19,1011,109,968,20,1979,California
Plumas,2021-02-19,41,2987,4,596,37,2391,0,0,6,982,35,1003,6,1985,California
Plumas,2021-02-20,104,3091,7,603,97,2488,0,0,12,902,92,1095,12,1997,California
Plumas,2021-02-21,5,3096,5,608,0,2488,0,0,1,899,4,1099,1,1998,California
Plumas,2021-02-22,3,3099,1,609,2,2490,0,0,0,896,3,1102,0,1998,California
Plumas,2021-02-23,25,3124,5,614,20,2510,0,0,17,905,8,1110,17,2015,California
Plumas,2021-02-24,457,3581,7,621,450,2960,0,0,444,1336,13,1123,444,2459,California
Plumas,2021-02-25,229,3810,10,631,219,3179,0,0,168,1443,61,1184,168,2627,California
Plumas,2021-02-26,267,4077,8,639,259,3438,0,0,259,1695,8,1192,260,2887,California
Plumas,2021-02-27,40,4117,4,643,36,3474,0,0,33,1721,7,1199,33,2920,California
Plumas,2021-02-28,1,4118,0,643,1,3475,0,0,1,1722,0,1199,1,2921,California
Plumas,2021-03-01,13,4131,3,646,10,3485,0,0,8,1726,4,1203,8,2929,California
Plumas,2021-03-02,8,4139,0,646,8,3493,0,0,6,1730,2,1205,6,2935,California
Plumas,2021-03-03,152,4291,10,656,142,3635,0,0,136,1850,16,1221,136,3071,California
Plumas,2021-03-04,251,4542,9,665,242,3877,0,0,229,2057,22,1243,229,3300,California
Plumas,2021-03-05,399,4941,7,672,387,4264,5,5,388,2439,11,1254,393,3693,California
Plumas,2021-03-06,19,4960,2,674,9,4273,8,13,3,2434,16,1270,11,3704,California
Plumas,2021-03-07,13,4973,2,676,2,4275,9,22,3,2436,10,1280,12,3716,California
Plumas,2021-03-08,29,5002,3,679,2,4277,24,46,3,2437,26,1306,27,3743,California
Plumas,2021-03-09,133,5135,2,681,116,4393,15,61,18,2355,115,1421,33,3776,California
Plumas,2021-03-10,255,5390,3,684,238,4631,14,75,108,2331,146,1567,122,3898,California
Plumas,2021-03-11,182,5572,8,692,169,4800,5,80,147,2448,35,1602,152,4050,California
Plumas,2021-03-12,595,6167,3,695,304,5104,288,368,23,2187,572,2174,311,4361,California
Plumas,2021-03-13,25,6192,4,699,10,5114,11,379,5,2183,20,2194,16,4377,California
Plumas,2021-03-14,12,6204,3,702,4,5118,5,384,1,2179,10,2204,6,4383,California
Plumas,2021-03-15,32,6236,1,703,24,5142,7,391,6,2166,26,2230,13,4396,California
Plumas,2021-03-16,60,6296,3,706,56,5198,1,392,49,2205,11,2241,50,4446,California
Plumas,2021-03-17,73,6369,9,715,63,5261,1,393,58,2250,14,2255,59,4505,California
Plumas,2021-03-18,60,6429,6,721,38,5299,16,409,12,2230,48,2303,28,4533,California
Plumas,2021-03-19,164,6593,6,727,156,5455,2,411,155,2381,7,2310,158,4691,California
Plumas,2021-03-20,693,7286,4,731,688,6143,1,412,673,3037,18,2328,674,5365,California
Plumas,2021-03-21,2,7288,1,732,1,6144,0,412,1,3038,0,2328,1,5366,California
Plumas,2021-03-22,183,7471,2,734,181,6325,0,412,176,3207,7,2335,176,5542,California
Plumas,2021-03-23,27,7498,2,736,25,6350,0,412,13,3206,14,2349,13,5555,California
Plumas,2021-03-24,654,8152,7,743,646,6996,1,413,223,3000,430,2779,224,5779,California
Plumas,2021-03-25,299,8451,7,750,290,7286,2,415,157,3015,142,2921,157,5936,California
Plumas,2021-03-26,315,8766,9,759,306,7592,0,415,46,2793,268,3189,46,5982,California
Plumas,2021-03-27,13,8779,1,760,11,7603,1,416,3,2787,10,3199,4,5986,California
Plumas,2021-03-28,5,8784,3,763,1,7604,1,417,3,2789,2,3201,4,5990,California
Plumas,2021-03-29,12,8796,4,767,7,7611,1,418,4,2786,8,3209,5,5995,California
Plumas,2021-03-30,151,8947,3,770,147,7758,1,419,24,2684,127,3336,25,6020,California
Plumas,2021-03-31,289,9236,2,772,286,8044,1,420,269,2934,20,3356,270,6290,California
Plumas,2021-04-01,297,9533,11,783,285,8329,1,421,60,2759,235,3591,60,6350,California
Plumas,2021-04-02,375,9908,5,788,369,8698,1,422,29,2455,334,3925,30,6380,California
Plumas,2021-04-03,16,9924,3,791,5,8703,8,430,4,2455,12,3937,12,6392,California
Plumas,2021-04-04,3,9927,1,792,1,8704,1,431,0,2453,3,3940,1,6393,California
Plumas,2021-04-05,10,9937,3,795,6,8710,1,432,3,2450,7,3947,4,6397,California
Plumas,2021-04-06,120,10057,6,801,88,8798,26,458,13,2382,107,4054,39,6436,California
Plumas,2021-04-07,281,10338,7,808,99,8897,175,633,28,2332,253,4307,203,6639,California
Plumas,2021-04-08,154,10492,3,811,136,9033,15,648,34,2261,119,4426,48,6687,California
Plumas,2021-04-09,50,10542,9,820,25,9058,16,664,19,2264,31,4457,34,6721,California
Plumas,2021-04-10,22,10564,2,822,4,9062,16,680,3,2264,19,4476,19,6740,California
Plumas,2021-04-11,4,10568,3,825,0,9062,1,681,3,2267,1,4477,4,6744,California
Plumas,2021-04-12,10,10578,5,830,3,9065,2,683,7,2273,3,4480,9,6753,California
Plumas,2021-04-13,206,10784,5,835,201,9266,0,683,138,2343,68,4548,138,6891,California
Plumas,2021-04-14,108,10892,8,843,100,9366,0,683,54,2343,54,4602,54,6945,California
Plumas,2021-04-15,50,10942,2,845,48,9414,0,683,32,2357,18,4620,32,6977,California
Plumas,2021-04-16,144,11086,4,849,140,9554,0,683,4,2221,140,4760,4,6981,California
Plumas,2021-04-17,666,11752,1,850,665,10219,0,683,20,1597,644,5404,20,7001,California
Plumas,2021-04-18,3,11755,2,852,1,10220,0,683,1,1596,2,5406,1,7002,California
Plumas,2021-04-19,38,11793,3,855,35,10255,0,683,5,1568,33,5439,5,7007,California
Plumas,2021-04-20,41,11834,4,859,37,10292,0,683,25,1578,15,5454,25,7032,California
Plumas,2021-04-21,312,12146,5,864,306,10598,1,684,18,1302,294,5748,18,7050,California
Plumas,2021-04-22,272,12418,8,872,264,10862,0,684,130,1290,142,5890,130,7180,California
Plumas,2021-04-23,73,12491,6,878,67,10929,0,684,16,1249,57,5947,16,7196,California
Plumas,2021-04-24,171,12662,5,883,166,11095,0,684,146,1371,24,5971,146,7342,California
Plumas,2021-04-26,29,12691,4,887,25,11120,0,684,9,1361,19,5990,9,7351,California
Plumas,2021-04-27,87,12778,3,890,84,11204,0,684,51,1376,36,6026,51,7402,California
Plumas,2021-04-28,282,13060,4,894,278,11482,0,684,37,1168,245,6271,37,7439,California
Plumas,2021-04-29,170,13230,69,963,101,11583,0,684,116,1231,53,6324,116,7555,California
Plumas,2021-04-30,23,13253,11,974,12,11595,0,684,7,1222,16,6340,7,7562,California
Plumas,2021-05-01,2,13255,1,975,0,11595,1,685,0,1221,2,6342,1,7563,California
Plumas,2021-05-02,3,13258,3,978,0,11595,0,685,1,1220,2,6344,1,7564,California
Plumas,2021-05-03,16,13274,6,984,4,11599,6,691,5,1220,11,6355,11,7575,California
Plumas,2021-05-04,27,13301,3,987,18,11617,6,697,16,1231,11,6366,22,7597,California
Plumas,2021-05-05,43,13344,5,992,37,11654,1,698,16,1221,27,6393,17,7614,California
Plumas,2021-05-06,37,13381,3,995,30,11684,4,702,1,1191,35,6428,5,7619,California
Riverside,2020-12-15,5,5,5,5,0,0,0,0,5,5,0,0,5,5,California
Riverside,2020-12-16,64,69,64,69,0,0,0,0,64,69,0,0,64,69,California
Riverside,2020-12-17,804,873,804,873,0,0,0,0,804,873,0,0,804,873,California
Riverside,2020-12-18,1722,2595,1721,2594,1,1,0,0,1722,2595,0,0,1722,2595,California
Riverside,2020-12-19,1026,3621,1023,3617,3,4,0,0,1024,3618,1,1,1024,3619,California
Riverside,2020-12-20,1083,4704,1082,4699,1,5,0,0,1083,4701,0,1,1083,4702,California
Riverside,2020-12-21,2273,6977,2271,6970,2,7,0,0,2273,6974,0,1,2273,6975,California
Riverside,2020-12-22,2254,9231,2215,9185,39,46,0,0,2253,9227,0,1,2253,9228,California
Riverside,2020-12-23,2129,11360,1792,10977,337,383,0,0,2130,11357,0,1,2130,11358,California
Riverside,2020-12-24,828,12188,626,11603,202,585,0,0,828,12185,0,1,828,12186,California
Riverside,2020-12-25,28,12216,5,11608,23,608,0,0,28,12213,0,1,28,12214,California
Riverside,2020-12-26,400,12616,257,11865,143,751,0,0,400,12613,0,1,400,12614,California
Riverside,2020-12-27,361,12977,243,12108,118,869,0,0,361,12974,0,1,361,12975,California
Riverside,2020-12-28,1626,14603,1126,13234,500,1369,0,0,1626,14600,0,1,1626,14601,California
Riverside,2020-12-29,1738,16341,972,14206,766,2135,0,0,1738,16338,0,1,1738,16339,California
Riverside,2020-12-30,2577,18918,1683,15889,894,3029,0,0,2576,18914,0,1,2576,18915,California
Riverside,2020-12-31,1022,19940,395,16284,627,3656,0,0,1024,19938,0,1,1024,19939,California
Riverside,2021-01-01,115,20055,44,16328,71,3727,0,0,115,20053,0,1,115,20054,California
Riverside,2021-01-02,834,20889,694,17022,140,3867,0,0,834,20887,0,1,834,20888,California
Riverside,2021-01-03,343,21232,298,17320,45,3912,0,0,342,21229,0,1,342,21230,California
Riverside,2021-01-04,1265,22497,797,18117,468,4380,0,0,1265,22494,0,1,1265,22495,California
Riverside,2021-01-05,1984,24481,1363,19480,621,5001,0,0,1889,24294,89,90,1889,24384,California
Riverside,2021-01-06,2495,26976,1112,20592,1383,6384,0,0,2189,26181,302,392,2189,26573,California
Riverside,2021-01-07,2766,29742,1813,22405,953,7337,0,0,1705,26832,1056,1448,1707,28280,California
Riverside,2021-01-08,4055,33797,2935,25340,1120,8457,0,0,2245,27271,1806,3254,2245,30525,California
Riverside,2021-01-09,2070,35867,844,26184,1226,9683,0,0,1723,28648,346,3600,1723,32248,California
Riverside,2021-01-10,1665,37532,735,26919,930,10613,0,0,1061,29105,604,4204,1061,33309,California
Riverside,2021-01-11,4523,42055,3102,30021,1421,12034,0,0,2789,30163,1732,5936,2790,36099,California
Riverside,2021-01-12,3403,45458,2730,32751,673,12707,0,0,1716,30197,1682,7618,1716,37815,California
Riverside,2021-01-13,4389,49847,2870,35621,1519,14226,0,0,2784,31379,1602,9220,2784,40599,California
Riverside,2021-01-14,5495,55342,1895,37516,3600,17826,0,0,4907,35698,588,9808,4907,45506,California
Riverside,2021-01-15,6154,61496,2096,39612,4058,21884,0,0,5866,41277,287,10095,5866,51372,California
Riverside,2021-01-16,3608,65104,1017,40629,2591,24475,0,0,3362,44394,246,10341,3363,54735,California
Riverside,2021-01-17,3591,68695,582,41211,3009,27484,0,0,3394,47593,195,10536,3394,58129,California
Riverside,2021-01-18,3729,72424,2023,43234,1706,29190,0,0,2724,49312,1005,11541,2724,60853,California
Riverside,2021-01-19,7408,79832,2643,45877,4765,33955,0,0,6291,54487,1117,12658,6292,67145,California
Riverside,2021-01-20,8108,87940,3023,48900,5085,39040,0,0,6535,59464,1562,14220,6539,73684,California
Riverside,2021-01-21,8363,96303,3521,52421,4842,43882,0,0,7715,66530,649,14869,7715,81399,California
Riverside,2021-01-22,8726,105029,2980,55401,5746,49628,0,0,8296,74399,428,15297,8297,89696,California
Riverside,2021-01-23,5925,110954,2393,57794,3532,53160,0,0,5197,78869,728,16025,5198,94894,California
Riverside,2021-01-24,3034,113988,1430,59224,1604,54764,0,0,2820,81479,211,16236,2821,97715,California
Riverside,2021-01-25,7877,121865,4537,63761,3340,58104,0,0,6751,87106,1125,17361,6752,104467,California
Riverside,2021-01-26,9120,130985,5730,69491,3390,61494,0,0,7609,93207,1509,18870,7610,112077,California
Riverside,2021-01-27,10902,141887,6386,75877,4516,66010,0,0,9297,100906,1601,20471,9300,121377,California
Riverside,2021-01-28,11487,153374,6780,82657,4707,70717,0,0,10328,110084,1151,21622,10329,131706,California
Riverside,2021-01-29,11922,165296,7276,89933,4646,75363,0,0,10553,119299,1342,22964,10557,142263,California
Riverside,2021-01-30,9049,174345,4605,94538,4444,79807,0,0,8586,127426,460,23424,8587,150850,California
Riverside,2021-01-31,5158,179503,4248,98786,910,80717,0,0,5025,132323,132,23556,5029,155879,California
Riverside,2021-02-01,10868,190371,6710,105496,4158,84875,0,0,9082,139629,1779,25335,9085,164964,California
Riverside,2021-02-02,9511,199882,4847,110343,4664,89539,0,0,8016,146160,1488,26823,8019,172983,California
Riverside,2021-02-03,12121,212003,5099,115442,7022,96561,0,0,9790,153629,2321,29144,9790,182773,California
Riverside,2021-02-04,13548,225551,6042,121484,7506,104067,0,0,11434,162958,2107,31251,11436,194209,California
Riverside,2021-02-05,14330,239881,5399,126883,8931,112998,0,0,11277,171194,3045,34296,11281,205490,California
Riverside,2021-02-06,7260,247141,4288,131171,2972,115970,0,0,5615,175175,1637,35933,5618,211108,California
Riverside,2021-02-07,2167,249308,796,131967,1371,117341,0,0,1851,176712,315,36248,1852,212960,California
Riverside,2021-02-08,12452,261760,5533,137500,6919,124260,0,0,10141,184563,2294,38542,10145,223105,California
Riverside,2021-02-09,9667,271427,4547,142047,5120,129380,0,0,7726,190361,1933,40475,7731,230836,California
Riverside,2021-02-10,12068,283495,6980,149027,5088,134468,0,0,8896,196105,3160,43635,8904,239740,California
Riverside,2021-02-11,16584,300079,9042,158069,7542,142010,0,0,12079,203716,4483,48118,12094,251834,California
Riverside,2021-02-12,17682,317761,10817,168886,6865,148875,0,0,12810,211711,4827,52945,12822,264656,California
Riverside,2021-02-13,6324,324085,2126,171012,4198,153073,0,0,3098,211622,3208,56153,3119,267775,California
Riverside,2021-02-14,4927,329012,1122,172134,3805,156878,0,0,2175,211050,2748,58901,2176,269951,California
Riverside,2021-02-15,9821,338833,4996,177130,4825,161703,0,0,5406,212056,4407,63308,5413,275364,California
Riverside,2021-02-16,16104,354937,10104,187234,6000,167703,0,0,9245,214457,6852,70160,9253,284617,California
Riverside,2021-02-17,15012,369949,8202,195436,6810,174513,0,0,7442,214352,7557,77717,7452,292069,California
Riverside,2021-02-18,15527,385476,8992,204428,6535,181048,0,0,8021,214899,7488,85205,8035,300104,California
Riverside,2021-02-19,15258,400734,8222,212650,7036,188084,0,0,7211,214090,8028,93233,7219,307323,California
Riverside,2021-02-20,8060,408794,4252,216902,3808,191892,0,0,2081,210212,5962,99195,2084,309407,California
Riverside,2021-02-21,3431,412225,2912,219814,519,192411,0,0,1025,208845,2392,101587,1025,310432,California
Riverside,2021-02-22,12354,424579,7759,227573,4595,197006,0,0,5102,206719,7233,108820,5107,315539,California
Riverside,2021-02-23,11088,435667,7555,235128,3533,200539,0,0,5388,206440,5671,114491,5392,320931,California
Riverside,2021-02-24,14799,450466,8098,243226,6701,207240,0,0,6293,204283,8467,122958,6310,327241,California
Riverside,2021-02-25,17321,467787,7381,250607,9940,217180,0,0,8040,203088,9260,132218,8065,335306,California
Riverside,2021-02-26,18594,486381,6716,257323,11878,229058,0,0,9288,203161,9248,141466,9321,344627,California
Riverside,2021-02-27,11379,497760,4915,262238,6464,235522,0,0,5673,203189,5672,147138,5700,350327,California
Riverside,2021-02-28,4623,502383,2959,265197,1664,237186,0,0,2372,203328,2240,149378,2379,352706,California
Riverside,2021-03-01,14304,516687,6092,271289,8211,245397,1,1,8429,205944,5841,155219,8457,361163,California
Riverside,2021-03-02,15281,531968,7435,278724,7845,253242,1,2,8973,208660,6285,161504,9001,370164,California
Riverside,2021-03-03,16852,548820,8341,287065,8511,261753,0,2,7278,206539,9526,171030,7405,377569,California
Riverside,2021-03-04,18714,567534,7448,294513,11262,273015,4,6,8890,205804,9779,180809,9044,386613,California
Riverside,2021-03-05,18740,586274,7521,302034,11175,284190,44,50,9279,205993,9411,190220,9600,396213,California
Riverside,2021-03-06,9447,595721,5014,307048,3951,288141,482,532,4698,206468,4735,194955,5210,401423,California
Riverside,2021-03-07,4172,599893,2697,309745,1086,289227,389,921,1958,206615,2204,197159,2351,403774,California
Riverside,2021-03-08,11926,611819,4736,314481,6781,296008,409,1330,5312,205787,6595,203754,5767,409541,California
Riverside,2021-03-09,14656,626475,6761,321242,7397,303405,498,1828,5788,203357,8850,212604,6420,415961,California
Riverside,2021-03-10,15620,642095,8390,329632,6352,309757,878,2706,6014,200835,9566,222170,7044,423005,California
Riverside,2021-03-11,19185,661280,9440,339072,7909,317666,1836,4542,7558,198847,11593,233763,9605,432610,California
Riverside,2021-03-12,21143,682423,7919,346991,8490,326156,4734,9276,7091,196981,14019,247782,12153,444763,California
Riverside,2021-03-13,8389,690812,2507,349498,4676,330832,1206,10482,4294,198484,4076,251858,5579,450342,California
Riverside,2021-03-14,4603,695415,1580,351078,1733,332565,1290,11772,2044,199266,2549,254407,3331,453673,California
Riverside,2021-03-15,18674,714089,7848,358926,9153,341718,1673,13445,9198,200801,9436,263843,10971,464644,California
Riverside,2021-03-16,20879,734968,10132,369058,9933,351651,814,14259,11381,203631,9458,273301,12288,476932,California
Riverside,2021-03-17,21269,756237,10910,379968,9311,360962,1048,15307,12778,209059,8456,281757,13884,490816,California
Riverside,2021-03-18,22555,778792,11730,391698,9171,370133,1654,16961,12521,213254,9988,291745,14183,504999,California
Riverside,2021-03-19,24006,802798,12576,404274,10481,380614,949,17910,14037,218686,9916,301661,15348,520347,California
Riverside,2021-03-20,10595,813393,6837,411111,2593,383207,1165,19075,6827,222939,3739,305400,7992,528339,California
Riverside,2021-03-21,3676,817069,2872,413983,551,383758,253,19328,2524,224578,1139,306539,2778,531117,California
Riverside,2021-03-22,16635,833704,9924,423907,6159,389917,552,19880,10600,229740,5987,312526,11149,542266,California
Riverside,2021-03-23,18546,852250,10497,434404,7627,397544,422,20302,11963,235612,6528,319054,12400,554666,California
Riverside,2021-03-24,18672,870922,10409,444813,8144,405688,119,20421,12839,242790,5787,324841,12965,567631,California
Riverside,2021-03-25,21083,892005,11639,456452,9266,414954,178,20599,14165,250289,6851,331692,14350,581981,California
Riverside,2021-03-26,24051,916056,11865,468317,12013,426967,173,20772,15011,256532,8943,340635,15186,597167,California
Riverside,2021-03-27,9266,925322,4863,473180,3348,430315,1055,21827,4797,257935,4450,345085,5853,603020,California
Riverside,2021-03-28,4717,930039,3102,476282,1523,431838,92,21919,2832,258987,1873,346958,2925,605945,California
Riverside,2021-03-29,17619,947658,8435,484717,9068,440906,116,22035,10957,263444,6627,353585,11084,617029,California
Riverside,2021-03-30,18311,965969,9534,494251,8573,449479,204,22239,11797,268971,6477,360062,12004,629033,California
Riverside,2021-03-31,18007,983976,8376,502627,9332,458811,299,22538,11459,274233,6506,366568,11768,640801,California
Riverside,2021-04-01,25337,1009313,12382,515009,12213,471024,742,23280,16400,282492,8881,375449,17140,657941,California
Riverside,2021-04-02,25998,1035311,14012,529021,11055,482079,931,24211,16343,290389,9603,385052,17500,675441,California
Riverside,2021-04-03,9242,1044553,5894,534915,2789,484868,559,24770,6001,293725,3223,388275,6559,682000,California
Riverside,2021-04-04,3353,1047906,2046,536961,1085,485953,222,24992,1751,294105,1594,389869,1974,683974,California
Riverside,2021-04-05,18328,1066234,9404,546365,7103,493056,1821,26813,9887,297410,8404,398273,11709,695683,California
Riverside,2021-04-06,23656,1089890,12303,558668,9255,502311,2098,28911,13195,302284,10414,408687,15288,710971,California
Riverside,2021-04-07,24491,1114381,13176,571844,8860,511171,2455,31366,13651,307595,10798,419485,16109,727080,California
Riverside,2021-04-08,26906,1141287,14784,586628,9202,520373,2920,34286,16403,316457,10445,429930,19307,746387,California
Riverside,2021-04-09,25945,1167232,15279,601907,8267,528640,2399,36685,15853,324678,10050,439980,18271,764658,California
Riverside,2021-04-10,11909,1179141,6702,608609,3828,532468,1379,38064,5223,324630,6645,446625,6597,771255,California
Riverside,2021-04-11,4560,1183701,2725,611334,1242,533710,593,38657,2168,325009,2381,449006,2760,774015,California
Riverside,2021-04-12,19998,1203699,8910,620244,8507,542217,2581,41238,10068,327766,9892,458898,12649,786664,California
Riverside,2021-04-13,19873,1223572,11135,631379,8712,550929,26,41264,11354,330670,8478,467376,11382,798046,California
Riverside,2021-04-14,21992,1245564,12091,643470,9886,560815,15,41279,10777,330313,11152,478528,10795,808841,California
Riverside,2021-04-15,21629,1267193,12150,655620,9472,570287,7,41286,11335,331423,10234,488762,11344,820185,California
Riverside,2021-04-16,24906,1292099,14419,670039,10481,580768,6,41292,11621,329824,13233,501995,11634,831819,California
Riverside,2021-04-17,9830,1301929,6481,676520,3349,584117,0,41292,4969,329953,4846,506841,4975,836794,California
Riverside,2021-04-18,3855,1305784,2811,679331,1037,585154,7,41299,1840,329798,2004,508845,1849,838643,California
Riverside,2021-04-19,19424,1325208,11555,690886,7867,593021,2,41301,6955,324331,12430,521275,6963,845606,California
Riverside,2021-04-20,18765,1343973,9877,700763,8879,601900,9,41310,7682,320980,11046,532321,7695,853301,California
Riverside,2021-04-21,19438,1363411,11076,711839,8354,610254,8,41318,7662,316939,11718,544039,7677,860978,California
Riverside,2021-04-22,23059,1386470,13416,725255,9640,619894,3,41321,8571,311095,14423,558462,8579,869557,California
Riverside,2021-04-23,23195,1409665,13649,738904,9532,629426,14,41335,9103,306179,14041,572503,9125,878682,California
Riverside,2021-04-24,10466,1420131,7314,746218,3150,632576,2,41337,4853,305457,5578,578081,4856,883538,California
Riverside,2021-04-25,4204,1424335,2819,749037,1385,633961,0,41337,2198,305663,1993,580074,2199,885737,California
Riverside,2021-04-26,15836,1440171,9973,759010,5819,639780,44,41381,5287,300480,10517,590591,5334,891071,California
Riverside,2021-04-27,17099,1457270,9683,768693,7255,647035,161,41542,5884,295352,11173,601764,6045,897116,California
Riverside,2021-04-28,16369,1473639,8821,777514,7302,654337,246,41788,5525,290337,10786,612550,5771,902887,California
Riverside,2021-04-29,18537,1492176,11385,788899,6834,661171,318,42106,5370,282921,13104,625654,5688,908575,California
Riverside,2021-04-30,19510,1511686,11263,800162,7891,669062,356,42462,6235,276286,13229,638883,6594,915169,California
Riverside,2021-05-01,6713,1518399,4852,805014,1712,670774,149,42611,2316,274374,4375,643258,2463,917632,California
Riverside,2021-05-02,3335,1521734,2184,807198,956,671730,195,42806,1064,273382,2257,645515,1265,918897,California
Riverside,2021-05-03,17050,1538784,10242,817440,6356,678086,452,43258,3875,264590,13118,658633,4326,923223,California
Riverside,2021-05-04,13469,1552253,8324,825764,4960,683046,185,43443,3734,258821,9692,668325,3923,927146,California
Riverside,2021-05-05,10156,1562409,5365,831129,4627,687673,164,43607,2763,254393,7355,675680,2927,930073,California
Riverside,2021-05-06,9785,1572194,5351,836480,4275,691948,159,43766,1893,248595,7850,683530,2052,932125,California
Sacramento,2020-12-15,315,315,315,315,0,0,0,0,315,315,0,0,315,315,California
Sacramento,2020-12-16,643,958,643,958,0,0,0,0,643,958,0,0,643,958,California
Sacramento,2020-12-17,646,1604,646,1604,0,0,0,0,646,1604,0,0,646,1604,California
Sacramento,2020-12-18,969,2573,969,2573,0,0,0,0,969,2573,0,0,969,2573,California
Sacramento,2020-12-19,612,3185,612,3185,0,0,0,0,612,3185,0,0,612,3185,California
Sacramento,2020-12-20,633,3818,633,3818,0,0,0,0,633,3818,0,0,633,3818,California
Sacramento,2020-12-21,1676,5494,1676,5494,0,0,0,0,1677,5495,0,0,1677,5495,California
Sacramento,2020-12-22,2095,7589,2062,7556,33,33,0,0,2095,7590,0,0,2095,7590,California
Sacramento,2020-12-23,2248,9837,2080,9636,168,201,0,0,2248,9838,0,0,2248,9838,California
Sacramento,2020-12-24,1046,10883,834,10470,212,413,0,0,1046,10884,0,0,1046,10884,California
Sacramento,2020-12-25,1,10884,0,10470,1,414,0,0,1,10885,0,0,1,10885,California
Sacramento,2020-12-26,509,11393,291,10761,218,632,0,0,509,11394,0,0,509,11394,California
Sacramento,2020-12-27,351,11744,247,11008,104,736,0,0,351,11745,0,0,351,11745,California
Sacramento,2020-12-28,1902,13646,1324,12332,578,1314,0,0,1901,13645,1,1,1901,13646,California
Sacramento,2020-12-29,1952,15598,1188,13520,764,2078,0,0,1952,15597,0,1,1952,15598,California
Sacramento,2020-12-30,2559,18157,1456,14976,1103,3181,0,0,2560,18157,0,1,2560,18158,California
Sacramento,2020-12-31,1228,19385,695,15671,533,3714,0,0,1229,19386,0,1,1229,19387,California
Sacramento,2021-01-01,81,19466,70,15741,11,3725,0,0,81,19467,0,1,81,19468,California
Sacramento,2021-01-02,563,20029,362,16103,201,3926,0,0,563,20030,0,1,563,20031,California
Sacramento,2021-01-03,410,20439,221,16324,189,4115,0,0,410,20440,0,1,410,20441,California
Sacramento,2021-01-04,1958,22397,845,17169,1113,5228,0,0,1956,22395,1,2,1956,22397,California
Sacramento,2021-01-05,2212,24609,986,18155,1226,6454,0,0,1858,23906,354,356,1865,24262,California
Sacramento,2021-01-06,2734,27343,1623,19778,1111,7565,0,0,1959,25093,772,1128,1959,26221,California
Sacramento,2021-01-07,2833,30176,1505,21283,1328,8893,0,0,1973,26209,857,1985,1973,28194,California
Sacramento,2021-01-08,3296,33472,2091,23374,1205,10098,0,0,2262,27442,1030,3015,2263,30457,California
Sacramento,2021-01-09,1289,34761,798,24172,491,10589,0,0,899,27953,388,3403,899,31356,California
Sacramento,2021-01-10,1246,36007,710,24882,536,11125,0,0,775,28259,470,3873,776,32132,California
Sacramento,2021-01-11,4350,40357,2960,27842,1390,12515,0,0,2413,28748,1936,5809,2425,34557,California
Sacramento,2021-01-12,4395,44752,3032,30874,1363,13878,0,0,2429,29216,1965,7774,2433,36990,California
Sacramento,2021-01-13,3788,48540,2171,33045,1617,15495,0,0,2377,30184,1410,9184,2378,39368,California
Sacramento,2021-01-14,4625,53165,2369,35414,2256,17751,0,0,3702,32967,919,10103,3702,43070,California
Sacramento,2021-01-15,4426,57591,2264,37678,2162,19913,0,0,3704,35951,721,10824,3705,46775,California
Sacramento,2021-01-16,2091,59682,1292,38970,799,20712,0,0,1874,37608,217,11041,1874,48649,California
Sacramento,2021-01-17,1643,61325,952,39922,691,21403,0,0,1465,38898,178,11219,1468,50117,California
Sacramento,2021-01-18,2860,64185,1768,41690,1092,22495,0,0,2333,40706,526,11745,2334,52451,California
Sacramento,2021-01-19,4998,69183,3051,44741,1947,24442,0,0,3728,43166,1270,13015,3730,56181,California
Sacramento,2021-01-20,4807,73990,2847,47588,1960,26402,0,0,3586,45534,1223,14238,3591,59772,California
Sacramento,2021-01-21,5197,79187,2994,50582,2203,28605,0,0,4233,48810,958,15196,4234,64006,California
Sacramento,2021-01-22,4984,84171,2653,53235,2331,30936,0,0,4683,53194,300,15496,4684,68690,California
Sacramento,2021-01-23,3730,87901,1560,54795,2170,33106,0,0,3273,56010,457,15953,3273,71963,California
Sacramento,2021-01-24,1594,89495,996,55791,598,33704,0,0,1353,57123,241,16194,1354,73317,California
Sacramento,2021-01-25,4362,93857,2113,57904,2249,35953,0,0,2944,58651,1418,17612,2946,76263,California
Sacramento,2021-01-26,4723,98580,2136,60040,2587,38540,0,0,3521,60974,1200,18812,3523,79786,California
Sacramento,2021-01-27,5809,104389,3052,63092,2757,41297,0,0,4204,63578,1602,20414,4206,83992,California
Sacramento,2021-01-28,5359,109748,2706,65798,2653,43950,0,0,4266,66753,1092,21506,4267,88259,California
Sacramento,2021-01-29,5396,115144,2938,68736,2458,46408,0,0,4372,70110,1015,22521,4372,92631,California
Sacramento,2021-01-30,4510,119654,2205,70941,2305,48713,0,0,4075,73752,433,22954,4075,96706,California
Sacramento,2021-01-31,2307,121961,2013,72954,294,49007,0,0,2032,75513,273,23227,2034,98740,California
Sacramento,2021-02-01,5909,127870,3014,75968,2895,51902,0,0,4247,78102,1658,24885,4247,102987,California
Sacramento,2021-02-02,6931,134801,3762,79730,3169,55071,0,0,4848,80888,2064,26949,4850,107837,California
Sacramento,2021-02-03,7092,141893,3552,83282,3540,58611,0,0,5230,84268,1852,28801,5232,113069,California
Sacramento,2021-02-04,7715,149608,3637,86919,4078,62689,0,0,5496,87555,2209,31010,5496,118565,California
Sacramento,2021-02-05,7810,157418,4449,91368,3361,66050,0,0,4875,89521,2912,33922,4878,123443,California
Sacramento,2021-02-06,8435,165853,3450,94818,4985,71035,0,0,7107,95305,1324,35246,7108,130551,California
Sacramento,2021-02-07,4072,169925,2186,97004,1886,72921,0,0,2849,96941,1215,36461,2851,133402,California
Sacramento,2021-02-08,6195,176120,3203,100207,2992,75913,0,0,3884,98518,2307,38768,3884,137286,California
Sacramento,2021-02-09,6801,182921,3591,103798,3210,79123,0,0,4012,99751,2780,41548,4013,141299,California
Sacramento,2021-02-10,7659,190580,4173,107971,3486,82609,0,0,4529,101165,3117,44665,4531,145830,California
Sacramento,2021-02-11,9598,200178,5743,113714,3855,86464,0,0,5544,102670,4041,48706,5546,151376,California
Sacramento,2021-02-12,10660,210838,4142,117856,6518,92982,0,0,6399,104871,4201,52907,6402,157778,California
Sacramento,2021-02-13,7606,218444,2991,120847,4615,97597,0,0,6023,109313,1581,54488,6023,163801,California
Sacramento,2021-02-14,3158,221602,1943,122790,1215,98812,0,0,2082,110325,1074,55562,2086,165887,California
Sacramento,2021-02-15,5984,227586,2042,124832,3942,102754,0,0,4161,112672,1816,57378,4163,170050,California
Sacramento,2021-02-16,9214,236800,4201,129033,5013,107767,0,0,5306,114081,3901,61279,5310,175360,California
Sacramento,2021-02-17,8823,245623,4977,134010,3846,111613,0,0,5136,115544,3675,64954,5138,180498,California
Sacramento,2021-02-18,9533,255156,5713,139723,3820,115433,0,0,5752,117525,3774,68728,5755,186253,California
Sacramento,2021-02-19,10004,265160,6135,145858,3869,119302,0,0,5908,119355,4083,72811,5913,192166,California
Sacramento,2021-02-20,7351,272511,5367,151225,1984,121286,0,0,4301,120615,3042,75853,4302,196468,California
Sacramento,2021-02-21,2923,275434,2325,153550,598,121884,0,0,1019,119738,1896,77749,1019,197487,California
Sacramento,2021-02-22,6185,281619,3743,157293,2442,124326,0,0,2682,118932,3492,81241,2686,200173,California
Sacramento,2021-02-23,7136,288755,4436,161729,2700,127026,0,0,3468,118752,3652,84893,3472,203645,California
Sacramento,2021-02-24,9650,298405,5294,167023,4356,131382,0,0,5285,119694,4348,89241,5290,208935,California
Sacramento,2021-02-25,10098,308503,5407,172430,4691,136073,0,0,5594,120799,4489,93730,5594,214529,California
Sacramento,2021-02-26,13892,322395,6461,178891,7431,143504,0,0,9568,126078,4293,98023,9572,224101,California
Sacramento,2021-02-27,10799,333194,6717,185608,4079,147583,3,3,7936,131173,2845,100868,7940,232041,California
Sacramento,2021-02-28,5609,338803,2222,187830,3387,150970,0,3,2588,130755,3007,103875,2589,234630,California
Sacramento,2021-03-01,8037,346840,3466,191296,4571,155541,0,3,4346,131433,3670,107545,4348,238978,California
Sacramento,2021-03-02,9236,356076,4018,195314,5217,160758,1,4,5671,133558,3550,111095,5675,244653,California
Sacramento,2021-03-03,10912,366988,4998,200312,5911,166669,3,7,6503,135675,4391,115486,6508,251161,California
Sacramento,2021-03-04,13408,380396,6158,206470,7246,173915,4,11,7464,137235,5914,121400,7474,258635,California
Sacramento,2021-03-05,10568,390964,4879,211349,5659,179574,30,41,7026,140770,3521,124921,7056,265691,California
Sacramento,2021-03-06,8081,399045,3099,214448,4860,184434,122,163,4090,141007,3974,128895,4211,269902,California
Sacramento,2021-03-07,7583,406628,2194,216642,5304,189738,85,248,3728,140968,3850,132745,3811,273713,California
Sacramento,2021-03-08,9098,415726,4243,220885,4631,194369,224,472,5958,144021,3127,135872,6180,279893,California
Sacramento,2021-03-09,9531,425257,4525,225410,4732,199101,274,746,5486,145752,4029,139901,5760,285653,California
Sacramento,2021-03-10,11676,436933,7474,232884,3872,202973,330,1076,6831,148105,4810,144711,7163,292816,California
Sacramento,2021-03-11,13910,450843,8909,241793,4207,207180,794,1870,8259,151544,5613,150324,9052,301868,California
Sacramento,2021-03-12,17258,468101,8305,250098,8120,215300,833,2703,8147,151473,9059,159383,8988,310856,California
Sacramento,2021-03-13,12941,481042,3568,253666,8949,224249,424,3127,8142,155249,4787,164170,8563,319419,California
Sacramento,2021-03-14,8370,489412,3462,257128,4278,228527,630,3757,4475,156481,3872,168042,5104,324523,California
Sacramento,2021-03-15,12151,501563,4818,261946,6684,235211,649,4406,7071,159144,5059,173101,7722,332245,California
Sacramento,2021-03-16,13948,515511,6199,268145,7111,242322,638,5044,8619,163100,5296,178397,9252,341497,California
Sacramento,2021-03-17,13577,529088,6569,274714,6398,248720,610,5654,8755,167674,4795,183192,9369,350866,California
Sacramento,2021-03-18,14025,543113,6602,281316,6859,255579,564,6218,9287,172815,4709,187901,9850,360716,California
Sacramento,2021-03-19,15079,558192,7485,288801,6222,261801,1372,7590,7634,174401,7418,195319,9004,369720,California
Sacramento,2021-03-20,12887,571079,7529,296330,5019,266820,339,7929,8173,178231,4684,200003,8514,378234,California
Sacramento,2021-03-21,5596,576675,2752,299082,2805,269625,39,7968,4944,182576,640,200643,4985,383219,California
Sacramento,2021-03-22,9286,585961,4787,303869,3718,273343,781,8749,6275,186648,2985,203628,7057,390276,California
Sacramento,2021-03-23,11307,597268,6742,310611,3757,277100,808,9557,7307,190800,3962,207590,8114,398390,California
Sacramento,2021-03-24,11840,609108,7267,317878,3943,281043,630,10187,6747,193166,5012,212602,7378,405768,California
Sacramento,2021-03-25,12566,621674,6846,324724,4913,285956,807,10994,7307,196060,5217,217819,8111,413879,California
Sacramento,2021-03-26,17604,639278,8316,333040,8800,294756,488,11482,8618,196249,8919,226738,9108,422987,California
Sacramento,2021-03-27,9660,648938,3554,336594,5820,300576,286,11768,5218,197338,4411,231149,5500,428487,California
Sacramento,2021-03-28,6502,655440,3212,339806,3042,303618,248,12016,3130,197358,3362,234511,3382,431869,California
Sacramento,2021-03-29,11004,666444,5893,345699,4740,308358,371,12387,5218,197190,5759,240270,5591,437460,California
Sacramento,2021-03-30,11834,678278,6073,351772,5370,313728,391,12778,6062,197892,5750,246020,6452,443912,California
Sacramento,2021-03-31,13374,691652,7820,359592,5158,318886,396,13174,5666,196264,7683,253703,6055,449967,California
Sacramento,2021-04-01,15615,707267,8737,368329,6660,325546,218,13392,5886,192677,9698,263401,6111,456078,California
Sacramento,2021-04-02,17018,724285,9656,377985,6635,332181,727,14119,8960,194336,8030,271431,9689,465767,California
Sacramento,2021-04-03,10344,734629,6164,384149,3633,335814,547,14666,6357,197278,3959,275390,6901,472668,California
Sacramento,2021-04-04,3680,738309,1518,385667,1975,337789,187,14853,1442,196670,2234,277624,1626,474294,California
Sacramento,2021-04-05,11986,750295,7524,393191,3633,341422,829,15682,5350,196241,6603,284227,6174,480468,California
Sacramento,2021-04-06,15537,765832,8831,402022,5364,346786,1342,17024,6870,195815,8636,292863,8210,488678,California
Sacramento,2021-04-07,14687,780519,7950,409972,5160,351946,1577,18601,7115,196958,7540,300403,8683,497361,California
Sacramento,2021-04-08,14885,795404,6681,416653,5240,357186,2964,21565,5908,196872,8945,309348,8859,506220,California
Sacramento,2021-04-09,15783,811187,7661,424314,5959,363145,2163,23728,6114,195512,9631,318979,8271,514491,California
Sacramento,2021-04-10,11642,822829,3114,427428,7475,370620,1053,24781,4595,194128,7023,326002,5639,520130,California
Sacramento,2021-04-11,9485,832314,3096,430524,6166,376786,223,25004,2601,190090,6860,332862,2822,522952,California
Sacramento,2021-04-12,12879,845193,4999,435523,6017,382803,1863,26867,4929,188972,7898,340760,6780,529732,California
Sacramento,2021-04-13,14236,859429,7950,443473,6282,389085,4,26871,5579,185927,8632,349392,5587,535319,California
Sacramento,2021-04-14,14862,874291,7921,451394,6939,396024,2,26873,5876,182853,8956,358348,5882,541201,California
Sacramento,2021-04-15,15346,889637,7462,458856,7882,403906,2,26875,6492,180528,8822,367170,6497,547698,California
Sacramento,2021-04-16,15968,905605,8247,467103,7721,411627,0,26875,7080,178761,8849,376019,7082,554780,California
Sacramento,2021-04-17,12038,917643,4401,471504,7637,419264,0,26875,7925,182593,4096,380115,7928,562708,California
Sacramento,2021-04-18,7228,924871,1933,473437,5295,424559,0,26875,3440,182258,3776,383891,3441,566149,California
Sacramento,2021-04-19,10511,935382,5686,479123,4822,429381,3,26878,4696,181163,5796,389687,4701,570850,California
Sacramento,2021-04-20,11070,946452,6715,485838,4352,433733,3,26881,5905,181928,5147,394834,5912,576762,California
Sacramento,2021-04-21,11437,957889,6604,492442,4831,438564,2,26883,6216,182951,5196,400030,6219,582981,California
Sacramento,2021-04-22,12321,970210,7419,499861,4899,443463,3,26886,6641,183939,5658,405688,6646,589627,California
Sacramento,2021-04-23,14250,984460,8445,508306,5805,449268,0,26886,6724,183171,7493,413181,6725,596352,California
Sacramento,2021-04-24,11302,995762,6997,515303,4304,453572,1,26887,5929,183766,5336,418517,5931,602283,California
Sacramento,2021-04-25,7972,1003734,4482,519785,3490,457062,0,26887,4158,184124,3801,422318,4159,606442,California
Sacramento,2021-04-26,9806,1013540,6150,525935,3631,460693,25,26912,4469,183309,5310,427628,4495,610937,California
Sacramento,2021-04-27,11161,1024701,7347,533282,3694,464387,120,27032,5439,183175,5693,433321,5559,616496,California
Sacramento,2021-04-28,9977,1034678,5687,538969,4090,468477,200,27232,5350,184128,4603,437924,5556,622052,California
Sacramento,2021-04-29,9700,1044378,6384,545353,3013,471490,303,27535,4937,184638,4731,442655,5241,627293,California
Sacramento,2021-04-30,11022,1055400,6421,551774,4340,475830,261,27796,5495,184907,5488,448143,5757,633050,California
Sacramento,2021-05-01,6915,1062315,4837,556611,1912,477742,166,27962,2626,183445,4256,452399,2794,635844,California
Sacramento,2021-05-02,3779,1066094,3153,559764,542,478284,84,28046,2174,184114,1587,453986,2256,638100,California
Sacramento,2021-05-03,6411,1072505,4631,564395,1506,479790,274,28320,3285,184563,3105,457091,3554,641654,California
Sacramento,2021-05-04,7381,1079886,4350,568745,2871,482661,160,28480,2994,183367,4348,461439,3152,644806,California
Sacramento,2021-05-05,7729,1087615,3514,572259,3961,486622,254,28734,3089,182095,4614,466053,3342,648148,California
Sacramento,2021-05-06,6085,1093700,3067,575326,2903,489525,115,28849,1922,179986,4143,470196,2034,650182,California
San Benito,2020-12-16,2,2,2,2,0,0,0,0,2,2,0,0,2,2,California
San Benito,2020-12-17,8,10,8,10,0,0,0,0,8,10,0,0,8,10,California
San Benito,2020-12-18,32,42,32,42,0,0,0,0,32,42,0,0,32,42,California
San Benito,2020-12-19,47,89,47,89,0,0,0,0,47,89,0,0,47,89,California
San Benito,2020-12-20,22,111,21,110,1,1,0,0,22,111,0,0,22,111,California
San Benito,2020-12-21,48,159,48,158,0,1,0,0,48,159,0,0,48,159,California
San Benito,2020-12-22,65,224,65,223,0,1,0,0,65,224,0,0,65,224,California
San Benito,2020-12-23,48,272,36,259,12,13,0,0,48,272,0,0,48,272,California
San Benito,2020-12-24,12,284,4,263,8,21,0,0,12,284,0,0,12,284,California
San Benito,2020-12-25,4,288,4,267,0,21,0,0,4,288,0,0,4,288,California
San Benito,2020-12-26,13,301,4,271,9,30,0,0,13,301,0,0,13,301,California
San Benito,2020-12-27,8,309,7,278,1,31,0,0,8,309,0,0,8,309,California
San Benito,2020-12-28,63,372,36,314,27,58,0,0,63,372,0,0,63,372,California
San Benito,2020-12-29,50,422,21,335,29,87,0,0,50,422,0,0,50,422,California
San Benito,2020-12-30,59,481,37,372,22,109,0,0,59,481,0,0,59,481,California
San Benito,2020-12-31,19,500,2,374,17,126,0,0,19,500,0,0,19,500,California
San Benito,2021-01-02,25,525,24,398,1,127,0,0,25,525,0,0,25,525,California
San Benito,2021-01-03,3,528,1,399,2,129,0,0,3,528,0,0,3,528,California
San Benito,2021-01-04,62,590,23,422,39,168,0,0,62,590,0,0,62,590,California
San Benito,2021-01-05,119,709,37,459,82,250,0,0,116,703,3,3,116,706,California
San Benito,2021-01-06,97,806,42,501,55,305,0,0,83,772,14,17,83,789,California
San Benito,2021-01-07,80,886,43,544,37,342,0,0,52,796,28,45,52,841,California
San Benito,2021-01-08,130,1016,67,611,63,405,0,0,86,838,44,89,86,927,California
San Benito,2021-01-09,42,1058,29,640,13,418,0,0,29,854,13,102,29,956,California
San Benito,2021-01-10,15,1073,13,653,2,420,0,0,5,849,10,112,5,961,California
San Benito,2021-01-11,100,1173,59,712,41,461,0,0,47,843,53,165,47,1008,California
San Benito,2021-01-12,157,1330,53,765,104,565,0,0,121,928,36,201,121,1129,California
San Benito,2021-01-13,190,1520,35,800,155,720,0,0,163,1064,27,228,163,1292,California
San Benito,2021-01-14,116,1636,23,823,93,813,0,0,99,1146,17,245,99,1391,California
San Benito,2021-01-15,215,1851,21,844,194,1007,0,0,201,1333,14,259,201,1592,California
San Benito,2021-01-16,27,1878,9,853,18,1025,0,0,21,1348,6,265,21,1613,California
San Benito,2021-01-17,11,1889,5,858,6,1031,0,0,8,1353,3,268,8,1621,California
San Benito,2021-01-18,36,1925,23,881,13,1044,0,0,21,1359,15,283,21,1642,California
San Benito,2021-01-19,152,2077,65,946,87,1131,0,0,125,1457,27,310,125,1767,California
San Benito,2021-01-20,275,2352,94,1040,181,1312,0,0,229,1641,45,355,229,1996,California
San Benito,2021-01-21,125,2477,32,1072,93,1405,0,0,100,1716,25,380,100,2096,California
San Benito,2021-01-22,231,2708,19,1091,212,1617,0,0,221,1927,10,390,221,2317,California
San Benito,2021-01-23,31,2739,17,1108,14,1631,0,0,13,1922,18,408,13,2330,California
San Benito,2021-01-24,11,2750,3,1111,8,1639,0,0,7,1925,4,412,7,2337,California
San Benito,2021-01-25,67,2817,25,1136,42,1681,0,0,21,1900,46,458,21,2358,California
San Benito,2021-01-26,134,2951,41,1177,93,1774,0,0,81,1928,53,511,81,2439,California
San Benito,2021-01-27,230,3181,69,1246,161,1935,0,0,190,2078,40,551,190,2629,California
San Benito,2021-01-28,155,3336,32,1278,123,2058,0,0,123,2170,31,582,123,2752,California
San Benito,2021-01-29,284,3620,31,1309,253,2311,0,0,261,2409,22,604,261,3013,California
San Benito,2021-01-30,50,3670,31,1340,19,2330,0,0,28,2415,22,626,28,3041,California
San Benito,2021-01-31,16,3686,5,1345,11,2341,0,0,11,2421,5,631,11,3052,California
San Benito,2021-02-01,133,3819,28,1373,105,2446,0,0,89,2466,44,675,89,3141,California
San Benito,2021-02-02,226,4045,49,1422,177,2623,0,0,136,2512,90,765,136,3277,California
San Benito,2021-02-03,336,4381,42,1464,294,2917,0,0,272,2720,64,829,272,3549,California
San Benito,2021-02-04,162,4543,24,1488,138,3055,0,0,118,2794,44,873,118,3667,California
San Benito,2021-02-05,289,4832,40,1528,249,3304,0,0,227,2959,62,935,227,3894,California
San Benito,2021-02-06,49,4881,9,1537,40,3344,0,0,32,2974,17,952,32,3926,California
San Benito,2021-02-07,15,4896,7,1544,8,3352,0,0,14,2987,1,953,14,3940,California
San Benito,2021-02-08,138,5034,15,1559,123,3475,0,0,92,3033,46,999,92,4032,California
San Benito,2021-02-09,327,5361,64,1623,263,3738,0,0,194,3094,133,1132,194,4226,California
San Benito,2021-02-10,319,5680,88,1711,231,3969,0,0,111,2998,207,1339,111,4337,California
San Benito,2021-02-11,296,5976,32,1743,264,4233,0,0,198,3098,98,1437,198,4535,California
San Benito,2021-02-12,412,6388,30,1773,382,4615,0,0,207,3101,204,1641,207,4742,California
San Benito,2021-02-13,57,6445,8,1781,49,4664,0,0,43,3130,14,1655,43,4785,California
San Benito,2021-02-14,40,6485,5,1786,35,4699,0,0,30,3150,10,1665,30,4815,California
San Benito,2021-02-15,106,6591,9,1795,97,4796,0,0,95,3234,11,1676,95,4910,California
San Benito,2021-02-16,205,6796,11,1806,194,4990,0,0,101,3231,104,1780,101,5011,California
San Benito,2021-02-17,327,7123,30,1836,297,5287,0,0,278,3460,49,1829,278,5289,California
San Benito,2021-02-18,293,7416,38,1874,255,5542,0,0,72,3311,221,2050,72,5361,California
San Benito,2021-02-19,342,7758,45,1919,297,5839,0,0,177,3323,165,2215,177,5538,California
San Benito,2021-02-20,45,7803,26,1945,19,5858,0,0,36,3350,9,2224,36,5574,California
San Benito,2021-02-21,23,7826,8,1953,15,5873,0,0,14,3355,9,2233,14,5588,California
San Benito,2021-02-22,132,7958,36,1989,96,5969,0,0,98,3420,33,2266,98,5686,California
San Benito,2021-02-23,374,8332,92,2081,282,6251,0,0,262,3570,112,2378,262,5948,California
San Benito,2021-02-24,376,8708,63,2144,313,6564,0,0,236,3666,140,2518,236,6184,California
San Benito,2021-02-25,392,9100,63,2207,329,6893,0,0,271,3814,123,2641,271,6455,California
San Benito,2021-02-26,640,9740,72,2279,568,7461,0,0,397,3968,243,2884,397,6852,California
San Benito,2021-02-27,98,9838,36,2315,62,7523,0,0,83,4036,15,2899,83,6935,California
San Benito,2021-02-28,248,10086,24,2339,224,7747,0,0,239,4266,9,2908,239,7174,California
San Benito,2021-03-01,224,10310,59,2398,165,7912,0,0,155,4351,70,2978,155,7329,California
San Benito,2021-03-02,276,10586,90,2488,186,8098,0,0,206,4487,70,3048,206,7535,California
San Benito,2021-03-03,394,10980,58,2546,336,8434,0,0,218,4531,174,3222,218,7753,California
San Benito,2021-03-04,610,11590,124,2670,471,8905,15,15,429,4783,181,3403,433,8186,California
San Benito,2021-03-05,581,12171,305,2975,264,9169,12,27,373,4961,207,3610,385,8571,California
San Benito,2021-03-06,191,12362,67,3042,110,9279,14,41,139,5062,52,3662,153,8724,California
San Benito,2021-03-07,647,13009,603,3645,22,9301,22,63,615,5667,32,3694,637,9361,California
San Benito,2021-03-08,288,13297,65,3710,177,9478,46,109,167,5759,121,3815,213,9574,California
San Benito,2021-03-09,423,13720,84,3794,240,9718,99,208,137,5683,285,4100,209,9783,California
San Benito,2021-03-10,402,14122,114,3908,193,9911,95,303,232,5840,170,4270,327,10110,California
San Benito,2021-03-11,467,14589,119,4027,196,10107,152,455,206,5937,261,4531,358,10468,California
San Benito,2021-03-12,511,15100,117,4144,300,10407,94,549,229,5981,280,4811,324,10792,California
San Benito,2021-03-13,202,15302,102,4246,82,10489,18,567,128,6056,71,4882,146,10938,California
San Benito,2021-03-14,232,15534,40,4286,172,10661,20,587,180,6205,51,4933,200,11138,California
San Benito,2021-03-15,325,15859,100,4386,206,10867,19,606,191,6281,134,5067,210,11348,California
San Benito,2021-03-16,497,16356,219,4605,247,11114,31,637,350,6514,147,5214,380,11728,California
San Benito,2021-03-17,785,17141,476,5081,288,11402,21,658,559,6864,222,5436,572,12300,California
San Benito,2021-03-18,786,17927,524,5605,207,11609,55,713,572,7270,212,5648,618,12918,California
San Benito,2021-03-19,777,18704,404,6009,350,11959,23,736,577,7670,200,5848,600,13518,California
San Benito,2021-03-20,239,18943,147,6156,80,12039,12,748,183,7809,56,5904,195,13713,California
San Benito,2021-03-21,108,19051,56,6212,47,12086,5,753,81,7868,27,5931,86,13799,California
San Benito,2021-03-22,344,19395,171,6383,148,12234,25,778,221,7991,123,6054,246,14045,California
San Benito,2021-03-23,475,19870,197,6580,268,12502,10,788,215,7955,260,6314,224,14269,California
San Benito,2021-03-24,575,20445,305,6885,263,12765,7,795,360,8108,214,6528,367,14636,California
San Benito,2021-03-25,741,21186,441,7326,296,13061,4,799,442,8259,295,6823,446,15082,California
San Benito,2021-03-26,1000,22186,517,7843,480,13541,3,802,332,7927,667,7490,335,15417,California
San Benito,2021-03-27,332,22518,184,8027,115,13656,33,835,215,8059,116,7606,248,15665,California
San Benito,2021-03-28,692,23210,570,8597,117,13773,5,840,126,7624,566,8172,131,15796,California
San Benito,2021-03-29,344,23554,110,8707,214,13987,20,860,149,7597,195,8367,168,15964,California
San Benito,2021-03-30,572,24126,268,8975,210,14197,94,954,288,7695,284,8651,382,16346,California
San Benito,2021-03-31,583,24709,356,9331,203,14400,24,978,334,7806,247,8898,358,16704,California
San Benito,2021-04-01,931,25640,372,9703,521,14921,38,1016,555,8018,375,9273,587,17291,California
San Benito,2021-04-02,539,26179,263,9966,141,15062,135,1151,266,8146,273,9546,401,17692,California
San Benito,2021-04-03,252,26431,87,10053,103,15165,62,1213,74,8104,178,9724,136,17828,California
San Benito,2021-04-04,144,26575,109,10162,30,15195,5,1218,107,8179,37,9761,112,17940,California
San Benito,2021-04-05,350,26925,170,10332,138,15333,42,1260,142,8154,208,9969,183,18123,California
San Benito,2021-04-06,459,27384,160,10492,124,15457,175,1435,155,8180,304,10273,330,18453,California
San Benito,2021-04-07,922,28306,521,11013,212,15669,189,1624,254,7956,667,10940,443,18896,California
San Benito,2021-04-08,848,29154,425,11438,173,15842,250,1874,216,7791,631,11571,466,19362,California
San Benito,2021-04-09,836,29990,495,11933,250,16092,91,1965,287,7620,549,12120,378,19740,California
San Benito,2021-04-10,325,30315,197,12130,71,16163,57,2022,180,7712,145,12265,237,19977,California
San Benito,2021-04-11,470,30785,270,12400,167,16330,33,2055,251,7769,219,12484,276,20253,California
San Benito,2021-04-12,527,31312,287,12687,129,16459,111,2166,276,7903,250,12734,384,20637,California
San Benito,2021-04-13,755,32067,293,12980,439,16898,23,2189,526,8225,228,12962,550,21187,California
San Benito,2021-04-14,830,32897,653,13633,177,17075,0,2189,396,8192,429,13391,396,21583,California
San Benito,2021-04-15,940,33837,732,14365,207,17282,1,2190,468,8190,471,13862,469,22052,California
San Benito,2021-04-16,695,34532,363,14728,323,17605,9,2199,291,8089,401,14263,300,22352,California
San Benito,2021-04-17,316,34848,227,14955,89,17694,0,2199,128,8029,188,14451,128,22480,California
San Benito,2021-04-18,491,35339,410,15365,81,17775,0,2199,241,8021,250,14701,242,22722,California
San Benito,2021-04-19,727,36066,586,15951,141,17916,0,2199,411,8118,315,15016,412,23134,California
San Benito,2021-04-20,746,36812,398,16349,347,18263,1,2200,475,8327,266,15282,475,23609,California
San Benito,2021-04-21,954,37766,703,17052,251,18514,0,2200,522,8431,418,15700,522,24131,California
San Benito,2021-04-22,891,38657,690,17742,201,18715,0,2200,566,8680,317,16017,566,24697,California
San Benito,2021-04-23,625,39282,395,18137,229,18944,1,2201,339,8783,237,16254,340,25037,California
San Benito,2021-04-24,349,39631,196,18333,153,19097,0,2201,159,8792,150,16404,159,25196,California
San Benito,2021-04-25,198,39829,121,18454,77,19174,0,2201,87,8787,92,16496,87,25283,California
San Benito,2021-04-26,469,40298,373,18827,96,19270,0,2201,249,8876,160,16656,249,25532,California
San Benito,2021-04-27,522,40820,264,19091,251,19521,7,2208,394,9159,118,16774,401,25933,California
San Benito,2021-04-28,534,41354,377,19468,148,19669,9,2217,372,9382,157,16931,380,26313,California
San Benito,2021-04-29,615,41969,224,19692,381,20050,10,2227,245,9284,370,17301,272,26585,California
San Benito,2021-04-30,370,42339,205,19897,158,20208,7,2234,199,9321,169,17470,206,26791,California
San Benito,2021-05-01,185,42524,134,20031,43,20251,8,2242,65,9276,118,17588,73,26864,California
San Benito,2021-05-02,189,42713,161,20192,24,20275,4,2246,57,9205,132,17720,61,26925,California
San Benito,2021-05-03,339,43052,262,20454,67,20342,10,2256,79,9036,260,17980,91,27016,California
San Benito,2021-05-04,318,43370,198,20652,118,20460,2,2258,134,8991,182,18162,137,27153,California
San Benito,2021-05-05,482,43852,363,21015,108,20568,11,2269,174,8869,307,18469,185,27338,California
San Benito,2021-05-06,344,44196,275,21290,58,20626,11,2280,69,8675,275,18744,81,27419,California
San Bernardino,2020-12-15,13,13,13,13,0,0,0,0,13,13,0,0,13,13,California
San Bernardino,2020-12-16,107,120,107,120,0,0,0,0,107,120,0,0,107,120,California
San Bernardino,2020-12-17,2354,2474,2354,2474,0,0,0,0,2354,2474,0,0,2354,2474,California
San Bernardino,2020-12-18,3146,5620,3143,5617,3,3,0,0,3147,5621,0,0,3147,5621,California
San Bernardino,2020-12-19,1069,6689,1068,6685,1,4,0,0,1070,6691,0,0,1070,6691,California
San Bernardino,2020-12-20,1175,7864,1173,7858,2,6,0,0,1175,7866,0,0,1175,7866,California
San Bernardino,2020-12-21,2453,10317,2448,10306,5,11,0,0,2453,10319,0,0,2453,10319,California
San Bernardino,2020-12-22,2269,12586,2143,12449,126,137,0,0,2270,12589,0,0,2270,12589,California
San Bernardino,2020-12-23,2649,15235,1456,13905,1193,1330,0,0,2647,15236,0,0,2647,15236,California
San Bernardino,2020-12-24,1157,16392,581,14486,576,1906,0,0,1159,16395,0,0,1159,16395,California
San Bernardino,2020-12-25,75,16467,14,14500,61,1967,0,0,75,16470,0,0,75,16470,California
San Bernardino,2020-12-26,462,16929,254,14754,208,2175,0,0,462,16932,0,0,462,16932,California
San Bernardino,2020-12-27,343,17272,160,14914,183,2358,0,0,343,17275,0,0,343,17275,California
San Bernardino,2020-12-28,1568,18840,713,15627,855,3213,0,0,1569,18844,0,0,1569,18844,California
San Bernardino,2020-12-29,2209,21049,1042,16669,1167,4380,0,0,2209,21053,0,0,2209,21053,California
San Bernardino,2020-12-30,2895,23944,1459,18128,1436,5816,0,0,2896,23949,0,0,2896,23949,California
San Bernardino,2020-12-31,1357,25301,439,18567,918,6734,0,0,1355,25304,0,0,1355,25304,California
San Bernardino,2021-01-01,282,25583,150,18717,132,6866,0,0,281,25585,0,0,281,25585,California
San Bernardino,2021-01-02,476,26059,339,19056,137,7003,0,0,476,26061,0,0,476,26061,California
San Bernardino,2021-01-03,135,26194,85,19141,50,7053,0,0,135,26196,0,0,135,26196,California
San Bernardino,2021-01-04,2122,28316,1288,20429,834,7887,0,0,2121,28317,0,0,2121,28317,California
San Bernardino,2021-01-05,2336,30652,1461,21890,875,8762,0,0,2226,30434,109,109,2226,30543,California
San Bernardino,2021-01-06,3437,34089,2353,24243,1084,9846,0,0,2942,32888,489,598,2943,33486,California
San Bernardino,2021-01-07,5418,39507,4504,28747,914,10760,0,0,2486,32461,2913,3511,2486,35972,California
San Bernardino,2021-01-08,5368,44875,4446,33193,922,11682,0,0,2291,31680,3073,6584,2292,38264,California
San Bernardino,2021-01-09,1401,46276,1100,34293,301,11983,0,0,905,32089,496,7080,905,39169,California
San Bernardino,2021-01-10,1024,47300,597,34890,427,12410,0,0,576,32217,448,7528,576,39745,California
San Bernardino,2021-01-11,4981,52281,4075,38965,906,13316,0,0,2767,32773,2211,9739,2767,42512,California
San Bernardino,2021-01-12,4230,56511,3218,42183,1012,14328,0,0,2516,33576,1713,11452,2516,45028,California
San Bernardino,2021-01-13,4561,61072,2849,45032,1712,16040,0,0,3338,35705,1210,12662,3339,48367,California
San Bernardino,2021-01-14,4789,65861,2815,47847,1974,18014,0,0,4207,39334,578,13240,4207,52574,California
San Bernardino,2021-01-15,5986,71847,2978,50825,3008,21022,0,0,5589,44539,387,13627,5592,58166,California
San Bernardino,2021-01-16,2261,74108,1294,52119,967,21989,0,0,2119,46516,142,13769,2119,60285,California
San Bernardino,2021-01-17,1191,75299,517,52636,674,22663,0,0,1101,47530,89,13858,1103,61388,California
San Bernardino,2021-01-18,4271,79570,2639,55275,1632,24295,0,0,3649,50561,621,14479,3652,65040,California
San Bernardino,2021-01-19,6308,85878,3707,58982,2601,26896,0,0,5216,54689,1090,15569,5218,70258,California
San Bernardino,2021-01-20,6810,92688,3741,62723,3069,29965,0,0,4877,57643,1925,17494,4879,75137,California
San Bernardino,2021-01-21,5984,98672,3078,65801,2906,32871,0,0,4866,61403,1109,18603,4869,80006,California
San Bernardino,2021-01-22,6519,105191,3052,68853,3467,36338,0,0,5796,66479,721,19324,5797,85803,California
San Bernardino,2021-01-23,3110,108301,1893,70746,1217,37555,0,0,2720,68810,389,19713,2720,88523,California
San Bernardino,2021-01-24,1194,109495,461,71207,733,38288,0,0,1093,69802,101,19814,1093,89616,California
San Bernardino,2021-01-25,6876,116371,3400,74607,3476,41764,0,0,5023,72978,1850,21664,5026,94642,California
San Bernardino,2021-01-26,7104,123475,3568,78175,3536,45300,0,0,5010,75895,2094,23758,5011,99653,California
San Bernardino,2021-01-27,8489,131964,4146,82321,4343,49643,0,0,5694,78802,2787,26545,5694,105347,California
San Bernardino,2021-01-28,8589,140553,4081,86402,4508,54151,0,0,6263,82744,2321,28866,6263,111610,California
San Bernardino,2021-01-29,8185,148738,3771,90173,4414,58565,0,0,6217,87008,1954,30820,6218,117828,California
San Bernardino,2021-01-30,3092,151830,1900,92073,1192,59757,0,0,2804,89525,287,31107,2804,120632,California
San Bernardino,2021-01-31,923,152753,493,92566,430,60187,0,0,869,90341,53,31160,869,121501,California
San Bernardino,2021-02-01,7543,160296,4231,96797,3312,63499,0,0,4922,92645,2618,33778,4922,126423,California
San Bernardino,2021-02-02,10422,170718,3652,100449,6770,70269,0,0,8359,98946,2059,35837,8360,134783,California
San Bernardino,2021-02-03,8988,179706,4146,104595,4842,75111,0,0,6491,102949,2489,38326,6492,141275,California
San Bernardino,2021-02-04,10524,190230,5199,109794,5325,80436,0,0,7417,107270,3096,41422,7417,148692,California
San Bernardino,2021-02-05,10996,201226,5912,115706,5084,85520,0,0,7470,111226,3515,44937,7471,156163,California
San Bernardino,2021-02-06,5255,206481,2207,117913,3048,88568,0,0,3616,113231,1614,46551,3619,159782,California
San Bernardino,2021-02-07,844,207325,490,118403,354,88922,0,0,466,113323,375,46926,467,160249,California
San Bernardino,2021-02-08,7275,214600,3878,122281,3397,92319,0,0,5607,117265,1665,48591,5607,165856,California
San Bernardino,2021-02-09,9898,224498,5812,128093,4086,96405,0,0,6669,120711,3226,51817,6672,172528,California
San Bernardino,2021-02-10,12011,236509,6532,134625,5479,101884,0,0,7839,124390,4161,55978,7840,180368,California
San Bernardino,2021-02-11,12375,248884,7106,141731,5269,107153,0,0,7883,127807,4469,60447,7886,188254,California
San Bernardino,2021-02-12,10387,259271,5933,147664,4454,111607,0,0,5676,128787,4696,65143,5676,193930,California
San Bernardino,2021-02-13,6022,265293,4002,151666,2020,113627,0,0,3783,130352,2223,67366,3788,197718,California
San Bernardino,2021-02-14,1549,266842,650,152316,899,114526,0,0,872,130555,669,68035,872,198590,California
San Bernardino,2021-02-15,5456,272298,2994,155310,2462,116988,0,0,3054,131221,2388,70423,3054,201644,California
San Bernardino,2021-02-16,12599,284897,7373,162683,5226,122214,0,0,7959,134554,4627,75050,7960,209604,California
San Bernardino,2021-02-17,11783,296680,6451,169134,5332,127546,0,0,7137,137064,4629,79679,7139,216743,California
San Bernardino,2021-02-18,12463,309143,7591,176725,4872,132418,0,0,7704,140025,4744,84423,7705,224448,California
San Bernardino,2021-02-19,11498,320641,5932,182657,5566,137984,0,0,6806,142157,4674,89097,6806,231254,California
San Bernardino,2021-02-20,4497,325138,3450,186107,1047,139031,0,0,2037,141739,2457,91554,2039,233293,California
San Bernardino,2021-02-21,1022,326160,566,186673,456,139487,0,0,325,141367,697,92251,325,233618,California
San Bernardino,2021-02-22,8626,334786,5323,191996,3303,142790,0,0,4034,140821,4581,96832,4035,237653,California
San Bernardino,2021-02-23,9089,343875,5418,197414,3671,146461,0,0,4573,140908,4486,101318,4573,242226,California
San Bernardino,2021-02-24,12356,356231,7155,204569,5201,151662,0,0,6087,140752,6244,107562,6088,248314,California
San Bernardino,2021-02-25,12999,369230,6267,210836,6732,158394,0,0,7561,142896,5420,112982,7564,255878,California
San Bernardino,2021-02-26,13544,382774,6369,217205,7175,165569,0,0,7540,144496,5942,118924,7542,263420,California
San Bernardino,2021-02-27,6610,389384,3677,220882,2932,168501,1,1,4787,147473,1811,120735,4788,268208,California
San Bernardino,2021-02-28,1740,391124,712,221594,1028,169529,0,1,1123,147984,612,121347,1123,269331,California
San Bernardino,2021-03-01,8411,399535,4339,225933,4070,173599,2,3,3835,147275,4554,125901,3845,273176,California
San Bernardino,2021-03-02,13651,413186,5366,231299,8285,181884,0,3,6425,146506,7197,133098,6428,279604,California
San Bernardino,2021-03-03,12675,425861,6439,237738,6234,188118,2,5,5875,145608,6781,139879,5883,285487,California
San Bernardino,2021-03-04,13681,439542,6861,244599,6820,194938,0,5,5950,143851,7710,147589,5953,291440,California
San Bernardino,2021-03-05,14192,453734,7353,251952,6838,201776,1,6,6872,143452,7290,154879,6891,298331,California
San Bernardino,2021-03-06,9651,463385,5401,257353,4036,205812,214,220,4525,143079,5111,159990,4738,303069,California
San Bernardino,2021-03-07,1572,464957,928,258281,589,206401,55,275,1001,143566,569,160559,1056,304125,California
San Bernardino,2021-03-08,7980,472937,3505,261786,4315,210716,160,435,3518,142792,4455,165014,3681,307806,California
San Bernardino,2021-03-09,12604,485541,7034,268820,5326,216042,244,679,4864,140174,7727,172741,5109,312915,California
San Bernardino,2021-03-10,13996,499537,7686,276506,5776,221818,534,1213,6195,139133,7774,180515,6733,319648,California
San Bernardino,2021-03-11,15237,514774,7130,283636,6539,228357,1568,2781,7263,140007,7953,188468,8827,328475,California
San Bernardino,2021-03-12,15267,530041,6812,290448,6419,234776,2036,4817,7280,141411,7958,196426,9362,337837,California
San Bernardino,2021-03-13,8275,538316,4494,294942,3270,238046,511,5328,4898,143456,3366,199792,5411,343248,California
San Bernardino,2021-03-14,3221,541537,1615,296557,1032,239078,574,5902,1839,144487,1376,201168,2407,345655,California
San Bernardino,2021-03-15,11335,552872,5332,301889,3972,243050,2031,7933,5552,146292,5771,206939,7576,353231,California
San Bernardino,2021-03-16,16093,568965,7982,309871,7166,250216,945,8878,9833,150831,6235,213174,10774,364005,California
San Bernardino,2021-03-17,17089,586054,8585,318456,7756,257972,748,9626,10291,155090,6781,219955,11040,375045,California
San Bernardino,2021-03-18,16504,602558,8188,326644,7932,265904,384,10010,9783,158561,6695,226650,10166,385211,California
San Bernardino,2021-03-19,16826,619384,8337,334981,7901,273805,588,10598,9655,161710,7147,233797,10296,395507,California
San Bernardino,2021-03-20,9382,628766,5914,340895,2882,276687,586,11184,5565,164064,3793,237590,6147,401654,California
San Bernardino,2021-03-21,2756,631522,2242,343137,466,277153,48,11232,2228,165824,516,238106,2276,403930,California
San Bernardino,2021-03-22,9567,641089,4494,347631,4638,281791,435,11667,6938,170585,2612,240718,7373,411303,California
San Bernardino,2021-03-23,15441,656530,8757,356388,6063,287854,621,12288,9664,175112,5757,246475,10284,421587,California
San Bernardino,2021-03-24,15003,671533,7771,364159,6933,294787,299,12587,9986,180416,4982,251457,10286,431873,California
San Bernardino,2021-03-25,16935,688468,8293,372452,8345,303132,297,12884,10762,185345,6126,257583,11055,442928,California
San Bernardino,2021-03-26,17951,706419,8587,381039,8597,311729,767,13651,10912,190014,7010,264593,11679,454607,California
San Bernardino,2021-03-27,10725,717144,6905,387944,3070,314799,750,14401,6148,192350,4561,269154,6897,461504,California
San Bernardino,2021-03-28,3536,720680,2472,390416,951,315750,113,14514,2498,193929,1031,270185,2610,464114,California
San Bernardino,2021-03-29,11689,732369,6072,396488,5220,320970,397,14911,7972,198598,3700,273885,8369,472483,California
San Bernardino,2021-03-30,16855,749224,9417,405905,6728,327698,710,15621,10852,204182,5971,279856,11555,484038,California
San Bernardino,2021-03-31,16214,765438,9143,415048,6440,334138,631,16252,10856,210335,5332,285188,11485,495523,California
San Bernardino,2021-04-01,19436,784874,10246,425294,7832,341970,1358,17610,12539,217362,6862,292050,13889,509412,California
San Bernardino,2021-04-02,18599,803473,9336,434630,7994,349964,1269,18879,11269,222634,7306,299356,12578,521990,California
San Bernardino,2021-04-03,10952,814425,6834,441464,2995,352959,1123,20002,5998,224814,4938,304294,7118,529108,California
San Bernardino,2021-04-04,2451,816876,1488,442952,716,353675,247,20249,1249,225113,1197,305491,1496,530604,California
San Bernardino,2021-04-05,11712,828588,5261,448213,4726,358401,1725,21974,6003,227145,5690,311181,7722,538326,California
San Bernardino,2021-04-06,19628,848216,11038,459251,6488,364889,2102,24076,10422,230497,9170,320351,12522,550848,California
San Bernardino,2021-04-07,20785,869001,11127,470378,7208,372097,2450,26526,11390,234957,9368,329719,13828,564676,California
San Bernardino,2021-04-08,21591,890592,11067,481445,7934,380031,2590,29116,11952,239882,9611,339330,14536,579212,California
San Bernardino,2021-04-09,21510,912102,10896,492341,8078,388109,2536,31652,11736,244406,9740,349070,14264,593476,California
San Bernardino,2021-04-10,15545,927647,8058,500399,3810,391919,3677,35329,7739,248028,7785,356855,11407,604883,California
San Bernardino,2021-04-11,4387,932034,2564,502963,883,392802,940,36269,2036,248656,2345,359200,2973,607856,California
San Bernardino,2021-04-12,13308,945342,6176,509139,5495,398297,1637,37906,6307,249614,6982,366182,7940,615796,California
San Bernardino,2021-04-13,19169,964511,10933,520072,8218,406515,18,37924,10982,252451,8164,374346,11001,626797,California
San Bernardino,2021-04-14,18948,983459,10244,530316,8701,415216,3,37927,10826,255188,8093,382439,10830,637627,California
San Bernardino,2021-04-15,20119,1003578,11294,541610,8820,424036,5,37932,10738,256586,9348,391787,10746,648373,California
San Bernardino,2021-04-16,18449,1022027,10509,552119,7939,431975,1,37933,9127,256430,9283,401070,9127,657500,California
San Bernardino,2021-04-17,11846,1033873,7822,559941,4024,435999,0,37933,6232,257078,5584,406654,6232,663732,California
San Bernardino,2021-04-18,2869,1036742,1966,561907,903,436902,0,37933,1310,256839,1549,408203,1310,665042,California
San Bernardino,2021-04-19,12434,1049176,6613,568520,5821,442723,0,37933,4827,254083,7587,415790,4831,669873,California
San Bernardino,2021-04-20,17500,1066676,9748,578268,7749,450472,3,37936,8011,252629,9468,425258,8014,677887,California
San Bernardino,2021-04-21,17923,1084599,10275,588543,7646,458118,2,37938,7975,250714,9892,435150,7977,685864,California
San Bernardino,2021-04-22,19066,1103665,10897,599440,8165,466283,4,37942,7830,247361,11187,446337,7834,693698,California
San Bernardino,2021-04-23,18353,1122018,10507,609947,7844,474127,2,37944,8093,245242,10216,456553,8097,701795,California
San Bernardino,2021-04-24,12767,1134785,9453,619400,3312,477439,2,37946,6884,246262,5866,462419,6886,708681,California
San Bernardino,2021-04-25,3405,1138190,2234,621634,1171,478610,0,37946,1688,246248,1703,464122,1689,710370,California
San Bernardino,2021-04-26,9992,1148182,5316,626950,4589,483199,87,38033,4279,244931,5682,469804,4365,714735,California
San Bernardino,2021-04-27,15397,1163579,9181,636131,6048,489247,168,38201,6254,242248,9105,478909,6422,721157,California
San Bernardino,2021-04-28,14619,1178198,8686,644817,5663,494910,270,38471,5258,238436,9331,488240,5519,726676,California
San Bernardino,2021-04-29,16023,1194221,9248,654065,6508,501418,267,38738,5323,233366,10658,498898,5588,732264,California
San Bernardino,2021-04-30,16383,1210604,10409,664474,5696,507114,278,39016,6013,229332,10322,509220,6288,738552,California
San Bernardino,2021-05-01,10569,1221173,8320,672794,1944,509058,305,39321,3643,226387,6890,516110,3945,742497,California
San Bernardino,2021-05-02,2907,1224080,2112,674906,672,509730,123,39444,1039,225688,1861,517971,1162,743659,California
San Bernardino,2021-05-03,9405,1233485,5328,680234,3680,513410,397,39841,2675,222056,6703,524674,3071,746730,California
San Bernardino,2021-05-04,12739,1246224,7556,687790,4883,518293,300,40141,3544,216738,9160,533834,3842,750572,California
San Bernardino,2021-05-05,8850,1255074,4782,692572,3814,522107,254,40395,2522,213209,6302,540136,2773,753345,California
San Bernardino,2021-05-06,7681,1262755,5255,697827,2207,524314,219,40614,1816,209399,5845,545981,2035,755380,California
San Diego,2020-12-15,119,119,119,119,0,0,0,0,119,119,0,0,119,119,California
San Diego,2020-12-16,1103,1222,1103,1222,0,0,0,0,1103,1222,0,0,1103,1222,California
San Diego,2020-12-17,2349,3571,2349,3571,0,0,0,0,2349,3571,0,0,2349,3571,California
San Diego,2020-12-18,3671,7242,3670,7241,1,1,0,0,3671,7242,0,0,3671,7242,California
San Diego,2020-12-19,2311,9553,2311,9552,0,1,0,0,2311,9553,0,0,2311,9553,California
San Diego,2020-12-20,1184,10737,1183,10735,1,2,0,0,1184,10737,0,0,1184,10737,California
San Diego,2020-12-21,3524,14261,3523,14258,1,3,0,0,3524,14261,0,0,3524,14261,California
San Diego,2020-12-22,4057,18318,3414,17672,643,646,0,0,4057,18318,0,0,4057,18318,California
San Diego,2020-12-23,3181,21499,1977,19649,1204,1850,0,0,3181,21499,0,0,3181,21499,California
San Diego,2020-12-24,2737,24236,2219,21868,518,2368,0,0,2737,24236,0,0,2737,24236,California
San Diego,2020-12-25,875,25111,874,22742,1,2369,0,0,875,25111,0,0,875,25111,California
San Diego,2020-12-26,3295,28406,2144,24886,1151,3520,0,0,3295,28406,0,0,3295,28406,California
San Diego,2020-12-27,2508,30914,1617,26503,891,4411,0,0,2507,30912,1,1,2507,30913,California
San Diego,2020-12-28,5900,36814,4213,30716,1687,6098,0,0,5900,36812,0,1,5900,36813,California
San Diego,2020-12-29,5591,42405,3016,33732,2575,8673,0,0,5591,42403,0,1,5591,42404,California
San Diego,2020-12-30,5954,48359,3109,36841,2845,11518,0,0,5954,48357,0,1,5954,48358,California
San Diego,2020-12-31,3036,51395,1053,37894,1983,13501,0,0,3036,51393,0,1,3036,51394,California
San Diego,2021-01-01,1006,52401,452,38346,554,14055,0,0,1006,52399,0,1,1006,52400,California
San Diego,2021-01-02,3762,56163,1320,39666,2442,16497,0,0,3762,56161,0,1,3762,56162,California
San Diego,2021-01-03,859,57022,632,40298,227,16724,0,0,858,57019,0,1,858,57020,California
San Diego,2021-01-04,3704,60726,2052,42350,1652,18376,0,0,3697,60716,0,1,3697,60717,California
San Diego,2021-01-05,4343,65069,2154,44504,2189,20565,0,0,3726,63841,613,614,3738,64455,California
San Diego,2021-01-06,4957,70026,2302,46806,2655,23220,0,0,3722,66355,1212,1826,3726,68181,California
San Diego,2021-01-07,5653,75679,2982,49788,2671,25891,0,0,3495,67705,2151,3977,3501,71682,California
San Diego,2021-01-08,7883,83562,4956,54744,2927,28818,0,0,4097,68049,3769,7746,4113,75795,California
San Diego,2021-01-09,3501,87063,1940,56684,1561,30379,0,0,1951,68473,1538,9284,1962,77757,California
San Diego,2021-01-10,1882,88945,1293,57977,589,30968,0,0,781,68174,1089,10373,790,78547,California
San Diego,2021-01-11,10335,99280,5863,63840,4472,35440,0,0,6806,71475,3522,13895,6823,85370,California
San Diego,2021-01-12,11206,110486,5319,69159,5887,41327,0,0,7832,76055,3365,17260,7945,93315,California
San Diego,2021-01-13,11488,121974,5033,74192,6455,47782,0,0,8941,82486,2534,19794,8965,102280,California
San Diego,2021-01-14,12369,134343,4753,78945,7616,55398,0,0,10200,90561,2160,21954,10235,112515,California
San Diego,2021-01-15,15133,149476,5356,84301,9777,65175,0,0,12491,100482,2623,24577,12544,125059,California
San Diego,2021-01-16,10770,160246,3595,87896,7175,72350,0,0,9324,108396,1441,26018,9355,134414,California
San Diego,2021-01-17,8685,168931,2502,90398,6183,78533,0,0,7846,115422,839,26857,7865,142279,California
San Diego,2021-01-18,12525,181456,5965,96363,6560,85093,0,0,9694,122379,2792,29649,9749,152028,California
San Diego,2021-01-19,14763,196219,5832,102195,8931,94024,0,0,11629,131148,3121,32770,11890,163918,California
San Diego,2021-01-20,18332,214551,6391,108586,11941,105965,0,0,15008,143028,3303,36073,15183,179101,California
San Diego,2021-01-21,17416,231967,5908,114494,11508,117473,0,0,16023,157816,1382,37455,16170,195271,California
San Diego,2021-01-22,17676,249643,4758,119252,12918,130391,0,0,15621,171497,2041,39496,15722,210993,California
San Diego,2021-01-23,14483,264126,5273,124525,9210,139601,0,0,12120,181323,2351,41847,12177,223170,California
San Diego,2021-01-24,11916,276042,3359,127884,8557,148158,0,0,10943,191330,971,42818,10978,234148,California
San Diego,2021-01-25,12265,288307,5795,133679,6470,154628,0,0,9247,197720,3011,45829,9401,243549,California
San Diego,2021-01-26,14957,303264,7659,141338,7298,161926,0,0,11642,206239,3310,49139,11829,255378,California
San Diego,2021-01-27,20768,324032,8131,149469,12637,174563,0,0,17673,220974,3081,52220,17816,273194,California
San Diego,2021-01-28,21308,345340,7651,157120,13657,188220,0,0,19041,237838,2257,54477,19121,292315,California
San Diego,2021-01-29,19715,365055,6467,163587,13248,201468,0,0,17290,252757,2415,56892,17334,309649,California
San Diego,2021-01-30,15906,380961,3667,167254,12239,213707,0,0,13224,263406,2672,59564,13321,322970,California
San Diego,2021-01-31,14802,395763,5755,173009,9047,222754,0,0,14445,277524,353,59917,14471,337441,California
San Diego,2021-02-01,20534,416297,7242,180251,13292,236046,0,0,17338,291757,3182,63099,17415,354856,California
San Diego,2021-02-02,23218,439515,8701,188952,14517,250563,0,0,19672,308060,3536,66635,19839,374695,California
San Diego,2021-02-03,27458,466973,11564,200516,15894,266457,0,0,23265,327337,4175,70810,23452,398147,California
San Diego,2021-02-04,24385,491358,10032,210548,14353,280810,0,0,19672,342593,4696,75506,19952,418099,California
San Diego,2021-02-05,25030,516388,8991,219539,16039,296849,0,0,18328,354689,6679,82185,18775,436874,California
San Diego,2021-02-06,20793,537181,8567,228106,12226,309075,0,0,17526,369174,3261,85446,17746,454620,California
San Diego,2021-02-07,12136,549317,5377,233483,6759,315834,0,0,10261,377837,1855,87301,10518,465138,California
San Diego,2021-02-08,20109,569426,8519,242002,11590,327424,0,0,12677,383780,7414,94715,13357,478495,California
San Diego,2021-02-09,20419,589845,8256,250258,12163,339587,0,0,13205,390859,7193,101908,14272,492767,California
San Diego,2021-02-10,23029,612874,9389,259647,13640,353227,0,0,13874,397004,9094,111002,15239,508006,California
San Diego,2021-02-11,23816,636690,10157,269804,13659,366886,0,0,12753,400400,11034,122036,14430,522436,California
San Diego,2021-02-12,23856,660546,7468,277272,16388,383274,0,0,11916,402651,11922,133958,14173,536609,California
San Diego,2021-02-13,20053,680599,9044,286316,11009,394283,0,0,10919,405641,9126,143084,12116,548725,California
San Diego,2021-02-14,11189,691788,7433,293749,3756,398039,0,0,6332,408766,4853,147937,7978,556703,California
San Diego,2021-02-15,15281,707069,7771,301520,7510,405549,0,0,7850,412378,7410,155347,11022,567725,California
San Diego,2021-02-16,19288,726357,11257,312777,8031,413580,0,0,9239,414909,10039,165386,12570,580295,California
San Diego,2021-02-17,23405,749762,10989,323766,12416,425996,0,0,8136,411337,15258,180644,11686,591981,California
San Diego,2021-02-18,23581,773343,12023,335789,11558,437554,0,0,7795,407948,15776,196420,12387,604368,California
San Diego,2021-02-19,15915,789258,10922,346711,4993,442547,0,0,6632,407410,9264,205684,8726,613094,California
San Diego,2021-02-20,10262,799520,6364,353075,3898,446445,0,0,5816,411011,4443,210127,8044,621138,California
San Diego,2021-02-21,11532,811052,10119,363194,1413,447858,0,0,5196,412151,6308,216435,7448,628586,California
San Diego,2021-02-22,12452,823504,10591,373785,1861,449719,0,0,5800,413723,6645,223080,8217,636803,California
San Diego,2021-02-23,25902,849406,14526,388311,11376,461095,0,0,9662,414032,16234,239314,16543,653346,California
San Diego,2021-02-24,28959,878365,12764,401075,16195,477290,0,0,6872,407337,22067,261381,15372,668718,California
San Diego,2021-02-25,33202,911567,14724,415799,18478,495768,0,0,10173,403837,23011,284392,19511,688229,California
San Diego,2021-02-26,33479,945046,12406,428205,21073,516841,0,0,12150,401862,21301,305693,19326,707555,California
San Diego,2021-02-27,21248,966294,9677,437882,11571,528412,0,0,11454,407975,9790,315483,15903,723458,California
San Diego,2021-02-28,15262,981556,9964,447846,5298,533710,0,0,9512,415477,5749,321232,13251,736709,California
San Diego,2021-03-01,24243,1005799,14316,462162,9926,543636,1,1,14736,425526,9431,330663,19480,756189,California
San Diego,2021-03-02,26157,1031956,14074,476236,12083,555719,0,1,12766,432578,13382,344045,20434,776623,California
San Diego,2021-03-03,33996,1065952,15918,492154,18075,573794,3,4,14077,434585,19903,363948,21910,798533,California
San Diego,2021-03-04,28322,1094274,14108,506262,14214,588008,0,4,12662,438948,15639,379587,20002,818535,California
San Diego,2021-03-05,28930,1123204,14831,521093,14017,602025,82,86,13483,444180,15432,395019,20664,839199,California
San Diego,2021-03-06,23362,1146566,9525,530618,13136,615161,701,787,10297,447347,13052,408071,16219,855418,California
San Diego,2021-03-07,18206,1164772,9298,539916,8337,623498,571,1358,6909,448085,11291,419362,12029,867447,California
San Diego,2021-03-08,23099,1187871,11228,551144,10971,634469,900,2258,11463,453754,11624,430986,17293,884740,California
San Diego,2021-03-09,25890,1213761,11981,563125,12154,646623,1755,4013,10132,455455,15747,446733,17448,902188,California
San Diego,2021-03-10,25298,1239059,10773,573898,12133,658756,2392,6405,9916,457783,15370,462103,17698,919886,California
San Diego,2021-03-11,28705,1267764,11030,584928,14077,672833,3598,10003,10046,457914,18641,480744,18772,938658,California
San Diego,2021-03-12,27072,1294836,9453,594381,14484,687317,3135,13138,9966,457455,17092,497836,16633,955291,California
San Diego,2021-03-13,25978,1320814,7300,601681,17074,704391,1604,14742,10076,457428,15899,513735,15872,971163,California
San Diego,2021-03-14,13708,1334522,5362,607043,7609,712000,737,15479,4790,456468,8910,522645,7950,979113,California
San Diego,2021-03-15,22023,1356545,10167,617210,11077,723077,779,16258,9032,456429,12975,535620,12936,992049,California
San Diego,2021-03-16,29935,1386480,15721,632931,13800,736877,414,16672,15678,461989,14235,549855,19795,1011844,California
San Diego,2021-03-17,26310,1412790,12214,645145,13387,750264,709,17381,16775,472437,9523,559378,19971,1031815,California
San Diego,2021-03-18,31498,1444288,17795,662940,12793,763057,910,18291,17024,478511,14443,573821,20517,1052332,California
San Diego,2021-03-19,30245,1474533,14356,677296,14897,777954,992,19283,19358,489706,10871,584692,22066,1074398,California
San Diego,2021-03-20,27836,1502369,8419,685715,17626,795580,1791,21074,21397,508071,6430,591122,24795,1099193,California
San Diego,2021-03-21,16533,1518902,12056,697771,3760,799340,717,21791,7704,510373,8816,599938,11118,1110311,California
San Diego,2021-03-22,22512,1541414,13147,710918,9118,808458,247,22038,14339,520101,8161,608099,17889,1128200,California
San Diego,2021-03-23,25980,1567394,13639,724557,12078,820536,263,22301,17157,530993,8808,616907,19700,1147900,California
San Diego,2021-03-24,29541,1596935,19758,744315,9420,829956,363,22664,17121,539282,12412,629319,20701,1168601,California
San Diego,2021-03-25,30317,1627252,18282,762597,11378,841334,657,23321,17985,547758,12315,641634,20791,1189392,California
San Diego,2021-03-26,32087,1659339,17903,780500,13627,854961,557,23878,17550,554328,14510,656144,21080,1210472,California
San Diego,2021-03-27,25444,1684783,10991,791491,14060,869021,393,24271,15723,563007,9705,665849,18384,1228856,California
San Diego,2021-03-28,15035,1699818,9193,800684,5786,874807,56,24327,9280,568072,5750,671599,10815,1239671,California
San Diego,2021-03-29,26668,1726486,12904,813588,13168,887975,596,24923,16445,577333,10214,681813,19475,1259146,California
San Diego,2021-03-30,33225,1759711,17901,831489,14554,902529,770,25693,22049,590846,11164,692977,24677,1283823,California
San Diego,2021-03-31,30374,1790085,18754,850243,10966,913495,654,26347,20610,603498,9747,702724,22399,1306222,California
San Diego,2021-04-01,34239,1824324,20054,870297,12796,926291,1389,27736,23251,618514,10961,713685,25977,1332199,California
San Diego,2021-04-02,35595,1859919,20652,890949,12321,938612,2622,30358,24111,635194,11464,725149,28144,1360343,California
San Diego,2021-04-03,30770,1890689,14427,905376,11782,950394,4561,34919,19689,649813,11070,736219,25689,1386032,California
San Diego,2021-04-04,9031,1899720,5204,910580,2927,953321,900,35819,4824,651590,4202,740421,5979,1392011,California
San Diego,2021-04-05,29652,1929372,15402,925982,11698,965019,2552,38371,19399,666045,10239,750660,24694,1416705,California
San Diego,2021-04-06,38602,1967974,20384,946366,12447,977466,5771,44142,22408,680714,16179,766839,30848,1447553,California
San Diego,2021-04-07,35708,2003682,21974,968340,9265,986731,4469,48611,20447,692783,15237,782076,27306,1474859,California
San Diego,2021-04-08,35108,2038790,21354,989694,9692,996423,4062,52673,21308,707001,13780,795856,27998,1502857,California
San Diego,2021-04-09,38192,2076982,22802,1012496,10276,1006699,5114,57787,20823,719342,17298,813154,29639,1532496,California
San Diego,2021-04-10,29110,2106092,11780,1024276,13350,1020049,3980,61767,15147,727722,13950,827104,22330,1554826,California
San Diego,2021-04-11,16191,2122283,10069,1034345,3854,1023903,2268,64035,7287,732014,8900,836004,13192,1568018,California
San Diego,2021-04-12,30537,2152820,12809,1047154,13456,1037359,4272,68307,17058,743534,13463,849467,24983,1593001,California
San Diego,2021-04-13,37143,2189963,17766,1064920,19342,1056701,35,68342,24758,759664,12365,861832,28495,1621496,California
San Diego,2021-04-14,32995,2222958,18881,1083801,14103,1070804,11,68353,17856,768396,15123,876955,23855,1645351,California
San Diego,2021-04-15,39071,2262029,20319,1104120,18750,1089554,2,68355,23722,781388,15327,892282,28319,1673670,California
San Diego,2021-04-16,33293,2295322,18495,1122615,14797,1104351,1,68356,19286,789610,13940,906222,22162,1695832,California
San Diego,2021-04-17,27624,2322946,13483,1136098,14141,1118492,0,68356,12250,790374,15275,921497,16039,1711871,California
San Diego,2021-04-18,14240,2337186,8893,1144991,5344,1123836,3,68359,6663,793053,7564,929061,10243,1722114,California
San Diego,2021-04-19,26326,2363512,13453,1158444,12872,1136708,1,68360,12450,794566,13859,942920,15372,1737486,California
San Diego,2021-04-20,38749,2402261,17562,1176006,21187,1157895,0,68360,19830,800883,18899,961819,25216,1762702,California
San Diego,2021-04-21,34837,2437098,20830,1196836,14007,1171902,0,68360,16886,805665,17919,979738,22701,1785403,California
San Diego,2021-04-22,44343,2481441,22786,1219622,21551,1193453,6,68366,22191,812787,22112,1001850,29234,1814637,California
San Diego,2021-04-23,41993,2523434,25965,1245587,16026,1209479,2,68368,15604,812443,26363,1028213,26019,1840656,California
San Diego,2021-04-24,34305,2557739,18775,1264362,15515,1224994,15,68383,15436,816323,18840,1047053,22720,1863376,California
San Diego,2021-04-25,12438,2570177,7662,1272024,4776,1229770,0,68383,5849,817908,6581,1053634,8166,1871542,California
San Diego,2021-04-26,29939,2600116,14622,1286646,15193,1244963,124,68507,10071,816666,19861,1073495,18619,1890161,California
San Diego,2021-04-27,41449,2641565,22573,1309219,18476,1263439,400,68907,18172,820716,23248,1096743,27298,1917459,California
San Diego,2021-04-28,37990,2679555,22445,1331664,14905,1278344,640,69547,17205,825567,20759,1117502,25610,1943069,California
San Diego,2021-04-29,37845,2717400,24082,1355746,13146,1291490,617,70164,15276,827344,22540,1140042,24317,1967386,California
San Diego,2021-04-30,37682,2755082,22905,1378651,13809,1305299,968,71132,14684,827337,22976,1163018,22969,1990355,California
San Diego,2021-05-01,24192,2779274,10686,1389337,12881,1318180,625,71757,9511,827577,14670,1177688,14910,2005265,California
San Diego,2021-05-02,10677,2789951,7510,1396847,2602,1320782,565,72322,3267,825157,7405,1185093,4985,2010250,California
San Diego,2021-05-03,23952,2813903,11167,1408014,11651,1332433,1134,73456,8830,823316,15105,1200198,13264,2023514,California
San Diego,2021-05-04,24057,2837960,12040,1420054,11301,1343734,716,74172,8732,823959,15314,1215512,15957,2039471,California
San Diego,2021-05-05,18938,2856898,11175,1431229,7235,1350969,528,74700,7421,824547,11509,1227021,12097,2051568,California
San Diego,2021-05-06,10270,2867168,6849,1438078,3196,1354165,225,74925,3896,826853,6370,1233391,8676,2060244,California
San Francisco,2020-12-15,7,7,7,7,0,0,0,0,7,7,0,0,7,7,California
San Francisco,2020-12-16,229,236,229,236,0,0,0,0,229,236,0,0,229,236,California
San Francisco,2020-12-17,393,629,393,629,0,0,0,0,393,629,0,0,393,629,California
San Francisco,2020-12-18,876,1505,875,1504,1,1,0,0,876,1505,0,0,876,1505,California
San Francisco,2020-12-19,601,2106,601,2105,0,1,0,0,601,2106,0,0,601,2106,California
San Francisco,2020-12-20,484,2590,484,2589,0,1,0,0,484,2590,0,0,484,2590,California
San Francisco,2020-12-21,1162,3752,1162,3751,0,1,0,0,1162,3752,0,0,1162,3752,California
San Francisco,2020-12-22,1401,5153,1367,5118,34,35,0,0,1401,5153,0,0,1401,5153,California
San Francisco,2020-12-23,1335,6488,1046,6164,289,324,0,0,1335,6488,0,0,1335,6488,California
San Francisco,2020-12-24,841,7329,503,6667,338,662,0,0,841,7329,0,0,841,7329,California
San Francisco,2020-12-25,34,7363,29,6696,5,667,0,0,34,7363,0,0,34,7363,California
San Francisco,2020-12-26,245,7608,151,6847,94,761,0,0,245,7608,0,0,245,7608,California
San Francisco,2020-12-27,274,7882,60,6907,214,975,0,0,274,7882,0,0,274,7882,California
San Francisco,2020-12-28,1269,9151,686,7593,583,1558,0,0,1269,9151,0,0,1269,9151,California
San Francisco,2020-12-29,1244,10395,622,8215,622,2180,0,0,1244,10395,0,0,1244,10395,California
San Francisco,2020-12-30,1485,11880,778,8993,707,2887,0,0,1485,11880,0,0,1485,11880,California
San Francisco,2020-12-31,963,12843,410,9403,553,3440,0,0,962,12842,0,0,962,12842,California
San Francisco,2021-01-01,83,12926,68,9471,15,3455,0,0,83,12925,0,0,83,12925,California
San Francisco,2021-01-02,334,13260,302,9773,32,3487,0,0,334,13259,0,0,334,13259,California
San Francisco,2021-01-03,294,13554,102,9875,192,3679,0,0,293,13551,1,1,293,13552,California
San Francisco,2021-01-04,1839,15393,1355,11230,484,4163,0,0,1836,15384,3,4,1836,15388,California
San Francisco,2021-01-05,2233,17626,1417,12647,816,4979,0,0,2198,17549,35,39,2200,17588,California
San Francisco,2021-01-06,1868,19494,1159,13806,709,5688,0,0,1603,18890,263,302,1604,19192,California
San Francisco,2021-01-07,2062,21556,1202,15008,860,6548,0,0,1606,20043,453,755,1606,20798,California
San Francisco,2021-01-08,2332,23888,1633,16641,699,7247,0,0,1496,20708,831,1586,1496,22294,California
San Francisco,2021-01-09,1389,25277,893,17534,496,7743,0,0,885,21091,504,2090,887,23181,California
San Francisco,2021-01-10,919,26196,541,18075,378,8121,0,0,460,21093,458,2548,460,23641,California
San Francisco,2021-01-11,2503,28699,1871,19946,632,8753,0,0,1401,21391,1103,3651,1401,25042,California
San Francisco,2021-01-12,3089,31788,2059,22005,1030,9783,0,0,1896,22096,1193,4844,1898,26940,California
San Francisco,2021-01-13,2826,34614,1601,23606,1225,11008,0,0,1996,23262,830,5674,1996,28936,California
San Francisco,2021-01-14,2440,37054,1098,24704,1342,12350,0,0,1881,24584,559,6233,1881,30817,California
San Francisco,2021-01-15,2742,39796,1147,25851,1595,13945,0,0,2350,26546,390,6623,2352,33169,California
San Francisco,2021-01-16,2254,42050,964,26815,1290,15235,0,0,2088,28469,166,6789,2089,35258,California
San Francisco,2021-01-17,1916,43966,530,27345,1386,16621,0,0,1702,29957,214,7003,1702,36960,California
San Francisco,2021-01-18,1378,45344,593,27938,785,17406,0,0,1114,30810,263,7266,1116,38076,California
San Francisco,2021-01-19,2576,47920,1474,29412,1102,18508,0,0,1829,31892,747,8013,1829,39905,California
San Francisco,2021-01-20,2743,50663,1118,30530,1625,20133,0,0,1993,33139,747,8760,1994,41899,California
San Francisco,2021-01-21,3308,53971,945,31475,2363,22496,0,0,2474,34781,832,9592,2474,44373,California
San Francisco,2021-01-22,3186,57157,644,32119,2542,25038,0,0,2744,37085,440,10032,2744,47117,California
San Francisco,2021-01-23,3091,60248,610,32729,2481,27519,0,0,2724,39444,366,10398,2725,49842,California
San Francisco,2021-01-24,2424,62672,363,33092,2061,29580,0,0,2195,41413,226,10624,2195,52037,California
San Francisco,2021-01-25,4581,67253,1779,34871,2802,32382,0,0,3035,42905,1544,12168,3036,55073,California
San Francisco,2021-01-26,4666,71919,2135,37006,2531,34913,0,0,3074,44392,1589,13757,3076,58149,California
San Francisco,2021-01-27,4424,76343,2071,39077,2353,37266,0,0,3076,46124,1344,15101,3076,61225,California
San Francisco,2021-01-28,3755,80098,1554,40631,2201,39467,0,0,2593,47560,1157,16258,2593,63818,California
San Francisco,2021-01-29,4720,84818,1681,42312,3039,42506,0,0,3450,49747,1263,17521,3450,67268,California
San Francisco,2021-01-30,3772,88590,1838,44150,1934,44440,0,0,3324,52628,447,17968,3328,70596,California
San Francisco,2021-01-31,2351,90941,824,44974,1527,45967,0,0,2199,54677,151,18119,2200,72796,California
San Francisco,2021-02-01,3793,94734,1527,46501,2266,48233,0,0,2889,56663,904,19023,2890,75686,California
San Francisco,2021-02-02,4645,99379,1963,48464,2682,50915,0,0,2882,57788,1757,20780,2882,78568,California
San Francisco,2021-02-03,5054,104433,2365,50829,2689,53604,0,0,3749,60235,1303,22083,3750,82318,California
San Francisco,2021-02-04,5024,109457,2433,53262,2591,56195,0,0,3859,62931,1163,23246,3859,86177,California
San Francisco,2021-02-05,5939,115396,3195,56457,2744,58939,0,0,4596,66187,1341,24587,4597,90774,California
San Francisco,2021-02-06,5473,120869,3654,60111,1819,60758,0,0,4573,69865,897,25484,4575,95349,California
San Francisco,2021-02-07,4330,125199,3180,63291,1150,61908,0,0,3753,73047,574,26058,3756,99105,California
San Francisco,2021-02-08,6701,131900,4613,67904,2088,63996,0,0,5486,77337,1198,27256,5488,104593,California
San Francisco,2021-02-09,5922,137822,3986,71890,1936,65932,0,0,4365,80150,1553,28809,4366,108959,California
San Francisco,2021-02-10,6863,144685,4176,76066,2687,68619,0,0,5064,83426,1791,30600,5067,114026,California
San Francisco,2021-02-11,6702,151387,3975,80041,2727,71346,0,0,4887,86502,1812,32412,4888,118914,California
San Francisco,2021-02-12,5314,156701,2666,82707,2648,73994,0,0,3478,88145,1835,34247,3478,122392,California
San Francisco,2021-02-13,4359,161060,2547,85254,1812,75806,0,0,3035,89858,1324,35571,3037,125429,California
San Francisco,2021-02-14,3414,164474,2241,87495,1173,76979,0,0,2289,91025,1124,36695,2291,127720,California
San Francisco,2021-02-15,2769,167243,1504,88999,1265,78244,0,0,1676,91610,1091,37786,1676,129396,California
San Francisco,2021-02-16,4992,172235,2727,91726,2265,80509,0,0,2956,92543,2029,39815,2962,132358,California
San Francisco,2021-02-17,5403,177638,2681,94407,2722,83231,0,0,2961,93073,2432,42247,2962,135320,California
San Francisco,2021-02-18,5372,183010,2630,97037,2742,85973,0,0,2803,93310,2569,44816,2806,138126,California
San Francisco,2021-02-19,5636,188646,2645,99682,2991,88964,0,0,2928,93538,2702,47518,2930,141056,California
San Francisco,2021-02-20,4522,193168,2180,101862,2342,91306,0,0,1703,92431,2811,50329,1704,142760,California
San Francisco,2021-02-21,2740,195908,1372,103234,1368,92674,0,0,1143,91984,1591,51920,1144,143904,California
San Francisco,2021-02-22,5101,201009,3176,106410,1925,94599,0,0,2566,92025,2527,54447,2568,146472,California
San Francisco,2021-02-23,5454,206463,3081,109491,2373,96972,0,0,2761,92099,2687,57134,2761,149233,California
San Francisco,2021-02-24,8979,215442,5082,114573,3897,100869,0,0,4790,92711,4179,61313,4791,154024,California
San Francisco,2021-02-25,9768,225210,6865,121438,2903,103772,0,0,6312,95572,3453,64766,6314,160338,California
San Francisco,2021-02-26,11914,237124,7728,129166,4186,107958,0,0,7062,97781,4854,69620,7063,167401,California
San Francisco,2021-02-27,8914,246038,5673,134839,3240,111198,1,1,4509,97901,4391,74011,4511,171912,California
San Francisco,2021-02-28,7717,253755,5541,140380,2176,113374,0,1,3828,97843,3887,77898,3829,175741,California
San Francisco,2021-03-01,10741,264496,7227,147607,3512,116886,2,3,5216,97560,5504,83402,5221,180962,California
San Francisco,2021-03-02,8880,273376,5666,153273,3214,120100,0,3,5148,98985,3724,87126,5149,186111,California
San Francisco,2021-03-03,11034,284410,6339,159612,4694,124794,1,4,6036,100038,4987,92113,6040,192151,California
San Francisco,2021-03-04,8648,293058,5438,165050,3210,128004,0,4,4873,101142,3769,95882,4873,197024,California
San Francisco,2021-03-05,8687,301745,5146,170196,3538,131542,3,7,5453,103381,3218,99100,5457,202481,California
San Francisco,2021-03-06,6885,308630,4436,174632,2240,133782,209,216,4229,105148,2668,101768,4435,206916,California
San Francisco,2021-03-07,5135,313765,3980,178612,1097,134879,58,274,2887,105832,2261,104029,2945,209861,California
San Francisco,2021-03-08,7148,320913,5174,183786,1788,136667,186,460,5593,110025,1586,105615,5779,215640,California
San Francisco,2021-03-09,6731,327644,3949,187735,2406,139073,376,836,4597,112854,2139,107754,4968,220608,California
San Francisco,2021-03-10,10404,338048,5891,193626,4014,143087,499,1335,6359,115690,4024,111778,6860,227468,California
San Francisco,2021-03-11,10039,348087,6351,199977,2726,145813,962,2297,6593,119807,3430,115208,7547,235015,California
San Francisco,2021-03-12,10745,358832,6266,206243,3158,148971,1321,3618,5972,122346,4751,119959,7290,242305,California
San Francisco,2021-03-13,6582,365414,3834,210077,1691,150662,1057,4675,4073,124973,2501,122460,5128,247433,California
San Francisco,2021-03-14,7490,372904,4844,214921,2404,153066,242,4917,4041,125820,3436,125896,4283,251716,California
San Francisco,2021-03-15,11933,384837,9102,224023,1891,154957,940,5857,8263,131357,3657,129553,9194,260910,California
San Francisco,2021-03-16,12071,396908,8196,232219,3417,158374,458,6315,8783,137328,3269,132822,9240,270150,California
San Francisco,2021-03-17,13196,410104,8142,240361,4497,162871,557,6872,9525,143763,3643,136465,10078,280228,California
San Francisco,2021-03-18,9964,420068,6749,247110,2594,165465,621,7493,5674,145789,4265,140730,6291,286519,California
San Francisco,2021-03-19,12020,432088,8703,255813,2852,168317,465,7958,6401,147055,5595,146325,6861,293380,California
San Francisco,2021-03-20,8718,440806,6383,262196,1875,170192,460,8418,5200,149228,3489,149814,5662,299042,California
San Francisco,2021-03-21,6445,447251,5897,268093,413,170605,135,8553,3679,150289,2752,152566,3813,302855,California
San Francisco,2021-03-22,9734,456985,6829,274922,2062,172667,843,9396,5132,151678,4581,157147,5970,308825,California
San Francisco,2021-03-23,11151,468136,7371,282293,3133,175800,647,10043,6711,154623,4410,161557,7355,316180,California
San Francisco,2021-03-24,12281,480417,9390,291683,2356,178156,535,10578,6334,155580,5908,167465,6865,323045,California
San Francisco,2021-03-25,11812,492229,8642,300325,2607,180763,563,11141,5902,156199,5842,173307,6461,329506,California
San Francisco,2021-03-26,11857,504086,8201,308526,3426,184189,230,11371,6112,156824,5714,179021,6339,335845,California
San Francisco,2021-03-27,8638,512724,5760,314286,2530,186719,348,11719,3918,156387,4702,183723,4265,340110,California
San Francisco,2021-03-28,6582,519306,5246,319532,1294,188013,42,11761,3168,156203,3391,187114,3207,343317,California
San Francisco,2021-03-29,11369,530675,7873,327405,3313,191326,183,11944,5096,155234,6247,193361,5278,348595,California
San Francisco,2021-03-30,11494,542169,7180,334585,4024,195350,290,12234,6849,157753,4620,197981,7139,355734,California
San Francisco,2021-03-31,12097,554266,8025,342610,3776,199126,296,12530,5543,157063,6522,204503,5832,361566,California
San Francisco,2021-04-01,13727,567993,7289,349899,4797,203923,1641,14171,5968,156938,7727,212230,7602,369168,California
San Francisco,2021-04-02,14627,582620,6449,356348,6367,210290,1811,15982,6902,157938,7707,219937,8707,377875,California
San Francisco,2021-04-03,10399,593019,4789,361137,3823,214113,1787,17769,4819,158974,5567,225504,6603,384478,California
San Francisco,2021-04-04,8987,602006,4752,365889,2582,216695,1653,19422,3610,158873,5364,230868,5263,389741,California
San Francisco,2021-04-05,15911,617917,9753,375642,4283,220978,1875,21297,6357,157571,9528,240396,8226,397967,California
San Francisco,2021-04-06,15959,633876,9458,385100,4443,225421,2058,23355,6277,156240,9660,250056,8329,406296,California
San Francisco,2021-04-07,16757,650633,9972,395072,4562,229983,2223,25578,7054,155822,9682,259738,9264,415560,California
San Francisco,2021-04-08,14106,664739,6710,401782,3002,232985,4394,29972,4639,155397,9439,269177,9014,424574,California
San Francisco,2021-04-09,15683,680422,7579,409361,4774,237759,3330,33302,6664,156385,8990,278167,9978,434552,California
San Francisco,2021-04-10,13127,693549,5660,415021,5846,243605,1621,34923,7133,159160,5971,284138,8746,443298,California
San Francisco,2021-04-11,9964,703513,7458,422479,1336,244941,1170,36093,5198,160771,4754,288892,6365,449663,California
San Francisco,2021-04-12,10546,714059,6862,429341,2561,247502,1123,37216,4864,161093,5661,294553,5983,455646,California
San Francisco,2021-04-13,10686,724745,7268,436609,3406,250908,12,37228,5410,161263,5256,299809,5426,461072,California
San Francisco,2021-04-14,13262,738007,8003,444612,5258,256166,1,37229,6431,160895,6800,306609,6432,467504,California
San Francisco,2021-04-15,13635,751642,9467,454079,4167,260333,1,37230,8036,163364,5571,312180,8040,475544,California
San Francisco,2021-04-16,12875,764517,8677,462756,4154,264487,44,37274,7646,165854,5204,317384,7694,483238,California
San Francisco,2021-04-17,9989,774506,7275,470031,2713,267200,1,37275,7072,170028,2903,320287,7077,490315,California
San Francisco,2021-04-18,6573,781079,5025,475056,1547,268747,1,37276,4082,171641,2472,322759,4085,494400,California
San Francisco,2021-04-19,10803,791882,8106,483162,2692,271439,5,37281,6959,174786,3829,326588,6974,501374,California
San Francisco,2021-04-20,12257,804139,7158,490320,5098,276537,1,37282,8465,179483,3771,330359,8468,509842,California
San Francisco,2021-04-21,10483,814622,7486,497806,2993,279530,4,37286,6384,181799,4076,334435,6392,516234,California
San Francisco,2021-04-22,10369,824991,7680,505486,2688,282218,1,37287,5994,183448,4352,338787,6001,522235,California
San Francisco,2021-04-23,10307,835298,5936,511422,4371,286589,0,37287,6160,185493,4121,342908,6166,528401,California
San Francisco,2021-04-24,7957,843255,5491,516913,2466,289055,0,37287,4736,187035,3201,346109,4743,533144,California
San Francisco,2021-04-25,5034,848289,4339,521252,689,289744,6,37293,2955,187934,2065,348174,2964,536108,California
San Francisco,2021-04-26,7442,855731,5239,526491,2192,291936,11,37304,3660,187857,3759,351933,3682,539790,California
San Francisco,2021-04-27,7862,863593,5280,531771,2456,294392,126,37430,3918,187988,3922,355855,4053,543843,California
San Francisco,2021-04-28,9196,872789,6513,538284,2493,296885,190,37620,4761,188533,4411,360266,4956,548799,California
San Francisco,2021-04-29,9007,881796,5360,543644,3454,300339,193,37813,4344,188441,4641,364907,4549,553348,California
San Francisco,2021-04-30,10803,892599,5179,548823,5425,305764,199,38012,3977,185832,6790,371697,4181,557529,California
San Francisco,2021-05-01,6820,899419,3570,552393,3137,308901,113,38125,1636,182419,5164,376861,1751,559280,California
San Francisco,2021-05-02,5297,904716,3073,555466,2126,311027,98,38223,973,179178,4315,381176,1074,560354,California
San Francisco,2021-05-03,9038,913754,5995,561461,2874,313901,169,38392,2353,175058,6654,387830,2534,562888,California
San Francisco,2021-05-04,6768,920522,3962,565423,2737,316638,69,38461,1717,171821,5030,392860,1793,564681,California
San Francisco,2021-05-05,6180,926702,4029,569452,2007,318645,144,38605,1643,169111,4500,397360,1790,566471,California
San Francisco,2021-05-06,7724,934426,6222,575674,1193,319838,309,38914,1242,164204,6459,403819,1552,568023,California
San Joaquin,2020-12-15,12,12,12,12,0,0,0,0,12,12,0,0,12,12,California
San Joaquin,2020-12-16,306,318,306,318,0,0,0,0,306,318,0,0,306,318,California
San Joaquin,2020-12-17,312,630,312,630,0,0,0,0,312,630,0,0,312,630,California
San Joaquin,2020-12-18,522,1152,518,1148,4,4,0,0,522,1152,0,0,522,1152,California
San Joaquin,2020-12-19,188,1340,188,1336,0,4,0,0,188,1340,0,0,188,1340,California
San Joaquin,2020-12-20,113,1453,112,1448,1,5,0,0,113,1453,0,0,113,1453,California
San Joaquin,2020-12-21,490,1943,490,1938,0,5,0,0,490,1943,0,0,490,1943,California
San Joaquin,2020-12-22,967,2910,847,2785,120,125,0,0,966,2909,0,0,966,2909,California
San Joaquin,2020-12-23,975,3885,916,3701,59,184,0,0,973,3882,0,0,973,3882,California
San Joaquin,2020-12-24,214,4099,186,3887,28,212,0,0,213,4095,0,0,213,4095,California
San Joaquin,2020-12-25,14,4113,14,3901,0,212,0,0,14,4109,0,0,14,4109,California
San Joaquin,2020-12-26,102,4215,30,3931,72,284,0,0,102,4211,0,0,102,4211,California
San Joaquin,2020-12-27,42,4257,29,3960,13,297,0,0,42,4253,0,0,42,4253,California
San Joaquin,2020-12-28,621,4878,420,4380,201,498,0,0,621,4874,0,0,621,4874,California
San Joaquin,2020-12-29,796,5674,671,5051,125,623,0,0,796,5670,0,0,796,5670,California
San Joaquin,2020-12-30,1006,6680,714,5765,292,915,0,0,1004,6674,0,0,1004,6674,California
San Joaquin,2020-12-31,453,7133,202,5967,251,1166,0,0,453,7127,0,0,453,7127,California
San Joaquin,2021-01-01,19,7152,11,5978,8,1174,0,0,19,7146,0,0,19,7146,California
San Joaquin,2021-01-02,261,7413,239,6217,22,1196,0,0,261,7407,0,0,261,7407,California
San Joaquin,2021-01-03,37,7450,19,6236,18,1214,0,0,36,7442,1,1,36,7443,California
San Joaquin,2021-01-04,475,7925,337,6573,138,1352,0,0,473,7914,1,2,473,7916,California
San Joaquin,2021-01-05,976,8901,644,7217,332,1684,0,0,808,8590,168,170,844,8760,California
San Joaquin,2021-01-06,1219,10120,706,7923,513,2197,0,0,916,9211,298,468,919,9679,California
San Joaquin,2021-01-07,1070,11190,676,8599,394,2591,0,0,782,9709,285,753,783,10462,California
San Joaquin,2021-01-08,1191,12381,819,9418,372,2963,0,0,707,9937,483,1236,711,11173,California
San Joaquin,2021-01-09,375,12756,299,9717,76,3039,0,0,246,10054,129,1365,246,11419,California
San Joaquin,2021-01-10,222,12978,114,9831,108,3147,0,0,170,10172,52,1417,170,11589,California
San Joaquin,2021-01-11,1522,14500,1317,11148,205,3352,0,0,859,10436,662,2079,926,12515,California
San Joaquin,2021-01-12,1425,15925,1020,12168,405,3757,0,0,656,10397,765,2844,726,13241,California
San Joaquin,2021-01-13,1522,17447,891,13059,631,4388,0,0,951,10783,570,3414,956,14197,California
San Joaquin,2021-01-14,1650,19097,877,13936,773,5161,0,0,1312,11792,318,3732,1327,15524,California
San Joaquin,2021-01-15,1597,20694,619,14555,978,6139,0,0,1382,12983,201,3933,1392,16916,California
San Joaquin,2021-01-16,1141,21835,193,14748,948,7087,0,0,1113,14069,27,3960,1113,18029,California
San Joaquin,2021-01-17,1614,23449,130,14878,1484,8571,0,0,1576,15609,38,3998,1578,19607,California
San Joaquin,2021-01-18,736,24185,237,15115,499,9070,0,0,616,16109,116,4114,616,20223,California
San Joaquin,2021-01-19,1856,26041,886,16001,970,10040,0,0,1176,16616,675,4789,1182,21405,California
San Joaquin,2021-01-20,2074,28115,1278,17279,796,10836,0,0,1427,17407,642,5431,1433,22838,California
San Joaquin,2021-01-21,1963,30078,890,18169,1073,11909,0,0,1567,18591,389,5820,1573,24411,California
San Joaquin,2021-01-22,1956,32034,913,19082,1043,12952,0,0,1813,20269,138,5958,1816,26227,California
San Joaquin,2021-01-23,893,32927,404,19486,489,13441,0,0,609,20598,283,6241,612,26839,California
San Joaquin,2021-01-24,344,33271,134,19620,210,13651,0,0,323,20902,19,6260,323,27162,California
San Joaquin,2021-01-25,1978,35249,1134,20754,844,14495,0,0,1419,21769,556,6816,1423,28585,California
San Joaquin,2021-01-26,2142,37391,1113,21867,1029,15524,0,0,1535,22704,605,7421,1540,30125,California
San Joaquin,2021-01-27,1720,39111,765,22632,955,16479,0,0,1229,23452,487,7908,1235,31360,California
San Joaquin,2021-01-28,2018,41129,758,23390,1260,17739,0,0,1375,24190,640,8548,1378,32738,California
San Joaquin,2021-01-29,2136,43265,1041,24431,1095,18834,0,0,1791,25648,340,8888,1798,34536,California
San Joaquin,2021-01-30,2161,45426,348,24779,1813,20647,0,0,1987,27465,172,9060,1989,36525,California
San Joaquin,2021-01-31,1553,46979,176,24955,1377,22024,0,0,1491,28896,61,9121,1492,38017,California
San Joaquin,2021-02-01,2484,49463,1310,26265,1174,23198,0,0,1754,29924,729,9850,1757,39774,California
San Joaquin,2021-02-02,2586,52049,1170,27435,1416,24614,0,0,1973,31347,554,10404,1977,41751,California
San Joaquin,2021-02-03,3056,55105,1207,28642,1849,26463,0,0,2193,32689,856,11260,2198,43949,California
San Joaquin,2021-02-04,3430,58535,1710,30352,1720,28183,0,0,2625,34518,800,12060,2629,46578,California
San Joaquin,2021-02-05,3210,61745,1857,32209,1353,29536,0,0,2351,36021,853,12913,2356,48934,California
San Joaquin,2021-02-06,1119,62864,784,32993,335,29871,0,0,944,36794,173,13086,946,49880,California
San Joaquin,2021-02-07,611,63475,484,33477,127,29998,0,0,409,37009,195,13281,410,50290,California
San Joaquin,2021-02-08,1774,65249,1031,34508,743,30741,0,0,1440,38142,312,13593,1445,51735,California
San Joaquin,2021-02-09,2096,67345,1136,35644,960,31701,0,0,1567,39251,459,14052,1568,53303,California
San Joaquin,2021-02-10,2553,69898,1250,36894,1303,33004,0,0,1336,39399,1188,15240,1336,54639,California
San Joaquin,2021-02-11,2929,72827,1504,38398,1425,34429,0,0,1716,39936,1184,16424,1721,56360,California
San Joaquin,2021-02-12,2798,75625,1122,39520,1676,36105,0,0,1583,40323,1201,17625,1588,57948,California
San Joaquin,2021-02-13,2111,77736,398,39918,1713,37818,0,0,848,39925,1252,18877,854,58802,California
San Joaquin,2021-02-14,1901,79637,261,40179,1640,39458,0,0,689,39427,1188,20065,690,59492,California
San Joaquin,2021-02-15,1975,81612,833,41012,1142,40600,0,0,1193,39870,754,20819,1197,60689,California
San Joaquin,2021-02-16,3142,84754,1369,42381,1773,42373,0,0,1741,40228,1389,22208,1747,62436,California
San Joaquin,2021-02-17,3265,88019,1263,43644,2002,44375,0,0,1860,40699,1393,23601,1864,64300,California
San Joaquin,2021-02-18,3317,91336,1363,45007,1954,46329,0,0,1894,41206,1394,24995,1901,66201,California
San Joaquin,2021-02-19,4239,95575,2399,47406,1840,48169,0,0,2388,41795,1800,26795,2389,68590,California
San Joaquin,2021-02-20,1537,97112,650,48056,887,49056,0,0,1062,42383,474,27269,1062,69652,California
San Joaquin,2021-02-21,634,97746,478,48534,156,49212,0,0,401,42555,230,27499,402,70054,California
San Joaquin,2021-02-22,3505,101251,2471,51005,1034,50246,0,0,2517,44119,958,28457,2522,72576,California
San Joaquin,2021-02-23,4278,105529,2601,53606,1677,51923,0,0,2634,45140,1617,30074,2638,75214,California
San Joaquin,2021-02-24,5677,111206,3376,56982,2301,54224,0,0,4091,47671,1564,31638,4095,79309,California
San Joaquin,2021-02-25,6283,117489,3883,60865,2400,56624,0,0,4061,49550,2192,33830,4071,83380,California
San Joaquin,2021-02-26,5437,122926,2840,63705,2597,59221,0,0,3738,51625,1671,35501,3746,87126,California
San Joaquin,2021-02-27,5418,128344,1608,65313,3810,63031,0,0,2596,51460,2775,38276,2610,89736,California
San Joaquin,2021-02-28,3041,131385,1089,66402,1952,64983,0,0,2000,52441,1021,39297,2002,91738,California
San Joaquin,2021-03-01,4067,135452,1791,68193,2276,67259,0,0,2304,53008,1747,41044,2314,94052,California
San Joaquin,2021-03-02,4160,139612,1661,69854,2499,69758,0,0,2611,54143,1531,42575,2666,96718,California
San Joaquin,2021-03-03,5733,145345,3401,73255,2330,72088,2,2,4139,56712,1571,44146,4140,100858,California
San Joaquin,2021-03-04,5657,151002,2244,75499,3410,75498,3,5,3700,58474,1946,46092,3708,104566,California
San Joaquin,2021-03-05,4401,155403,1864,77363,2533,78031,4,9,3036,60168,1350,47442,3044,107610,California
San Joaquin,2021-03-06,3278,158681,2160,79523,988,79019,130,139,2697,62420,578,48020,2830,110440,California
San Joaquin,2021-03-07,1205,159886,552,80075,607,79626,46,185,923,63110,264,48284,954,111394,California
San Joaquin,2021-03-08,3116,163002,1251,81326,1740,81366,125,310,2114,64357,991,49275,2238,113632,California
San Joaquin,2021-03-09,3957,166959,1778,83104,2053,83419,126,436,2620,65784,1322,50597,2749,116381,California
San Joaquin,2021-03-10,4625,171584,2456,85560,2031,85450,138,574,3407,68124,1205,51802,3545,119926,California
San Joaquin,2021-03-11,4914,176498,2329,87889,1987,87437,598,1172,2920,69663,1984,53786,3523,123449,California
San Joaquin,2021-03-12,6242,182740,3117,91006,2793,90230,332,1504,4149,72076,2073,55859,4486,127935,California
San Joaquin,2021-03-13,3050,185790,1446,92452,1478,91708,126,1630,2290,73746,753,56612,2423,130358,California
San Joaquin,2021-03-14,2152,187942,668,93120,1181,92889,303,1933,1038,73981,1110,57722,1345,131703,California
San Joaquin,2021-03-15,6041,193983,3477,96597,2161,95050,403,2336,3176,74731,2842,60564,3592,135295,California
San Joaquin,2021-03-16,6803,200786,3867,100464,2680,97730,256,2592,4020,76244,2771,63335,4284,139579,California
San Joaquin,2021-03-17,7734,208520,4636,105100,3028,100758,70,2662,4309,77241,3391,66726,4388,143967,California
San Joaquin,2021-03-18,7604,216124,4465,109565,2633,103391,506,3168,3764,77714,3804,70530,4277,148244,California
San Joaquin,2021-03-19,7892,224016,4623,114188,2727,106118,542,3710,4787,80003,3086,73616,5375,153619,California
San Joaquin,2021-03-20,3662,227678,2117,116305,1302,107420,243,3953,1836,80280,1813,75429,2090,155709,California
San Joaquin,2021-03-21,2097,229775,1490,117795,401,107821,206,4159,1193,80825,897,76326,1442,157151,California
San Joaquin,2021-03-22,3941,233716,2012,119807,1513,109334,416,4575,2340,81997,1589,77915,2761,159912,California
San Joaquin,2021-03-23,5349,239065,2621,122428,2561,111895,167,4742,3706,84249,1626,79541,3878,163790,California
San Joaquin,2021-03-24,6794,245859,4218,126646,2490,114385,86,4828,3026,83627,3742,83283,3120,166910,California
San Joaquin,2021-03-25,5503,251362,3260,129906,2202,116587,41,4869,3281,84753,2203,85486,3329,170239,California
San Joaquin,2021-03-26,6117,257479,2523,132429,3445,120032,149,5018,3233,85290,2864,88350,3401,173640,California
San Joaquin,2021-03-27,4594,262073,2606,135035,1945,121977,43,5061,1809,84392,2765,91115,1867,175507,California
San Joaquin,2021-03-28,2694,264767,1785,136820,884,122861,25,5086,1300,84429,1375,92490,1412,176919,California
San Joaquin,2021-03-29,3996,268763,2155,138975,1819,124680,22,5108,2015,84522,1970,94460,2063,178982,California
San Joaquin,2021-03-30,6170,274933,3139,142114,2940,127620,91,5199,3435,85363,2711,97171,3552,182534,California
San Joaquin,2021-03-31,6539,281472,4118,146232,2362,129982,59,5258,3318,85564,3206,100377,3407,185941,California
San Joaquin,2021-04-01,6320,287792,2934,149166,3305,133287,81,5339,2797,85000,3508,103885,2944,188885,California
San Joaquin,2021-04-02,6287,294079,2863,152029,2935,136222,489,5828,2507,84278,3759,107644,3037,191922,California
San Joaquin,2021-04-03,4103,298182,2312,154341,1465,137687,326,6154,1981,84488,2105,109749,2315,194237,California
San Joaquin,2021-04-04,2260,300442,1347,155688,711,138398,202,6356,1540,85529,712,110461,1753,195990,California
San Joaquin,2021-04-05,4448,304890,2810,158498,1468,139866,170,6526,2616,86505,1825,112286,2801,198791,California
San Joaquin,2021-04-06,6983,311873,4488,162986,2235,142101,260,6786,3322,86459,3640,115926,3594,202385,California
San Joaquin,2021-04-07,8272,320145,4499,167485,2202,144303,1571,8357,3482,86751,4776,120702,5068,207453,California
San Joaquin,2021-04-08,8621,328766,4668,172153,1934,146237,2019,10376,3295,86764,5304,126006,5317,212770,California
San Joaquin,2021-04-09,8759,337525,4233,176386,2979,149216,1547,11923,3152,85896,5586,131592,4718,217488,California
San Joaquin,2021-04-10,5152,342677,1618,178004,1630,150846,1904,13827,1717,86085,3430,135022,3619,221107,California
San Joaquin,2021-04-11,4006,346683,1538,179542,1303,152149,1165,14992,1703,86656,2292,137314,2863,223970,California
San Joaquin,2021-04-12,5921,352604,2345,181887,2046,154195,1530,16522,2302,86890,3603,140917,3837,227807,California
San Joaquin,2021-04-13,7408,360012,4268,186155,3135,157330,5,16527,4540,88594,2849,143766,4553,232360,California
San Joaquin,2021-04-14,7146,367158,3586,189741,3560,160890,0,16527,4204,89886,2921,146687,4213,236573,California
San Joaquin,2021-04-15,7603,374761,4440,194181,3163,164053,0,16527,4199,90720,3371,150058,4205,240778,California
San Joaquin,2021-04-16,6963,381724,3526,197707,3434,167487,3,16530,4013,91824,2923,152981,4027,244805,California
San Joaquin,2021-04-17,4948,386672,2601,200308,2345,169832,2,16532,3469,93841,1470,154451,3487,248292,California
San Joaquin,2021-04-18,2428,389100,1338,201646,1090,170922,0,16532,1300,94035,1113,155564,1307,249599,California
San Joaquin,2021-04-19,5054,394154,2707,204353,2347,173269,0,16532,2705,94423,2327,157891,2715,252314,California
San Joaquin,2021-04-20,6141,400295,3205,207558,2936,176205,0,16532,2897,94109,3222,161113,2908,255222,California
San Joaquin,2021-04-21,5272,405567,2770,210328,2502,178707,0,16532,2882,94651,2346,163459,2888,258110,California
San Joaquin,2021-04-22,5114,410681,2977,213305,2137,180844,0,16532,2937,95444,2152,165611,2945,261055,California
San Joaquin,2021-04-23,5774,416455,2734,216039,3039,183883,1,16533,3658,97009,2099,167710,3664,264719,California
San Joaquin,2021-04-24,5149,421604,3536,219575,1612,185495,1,16534,3353,98592,1776,169486,3359,268078,California
San Joaquin,2021-04-25,2906,424510,2435,222010,471,185966,0,16534,1885,99475,1008,170494,1891,269969,California
San Joaquin,2021-04-26,3581,428091,2337,224347,1243,187209,1,16535,1855,99618,1716,172210,1859,271828,California
San Joaquin,2021-04-27,4151,432242,2420,226767,1682,188891,49,16584,1763,99067,2371,174581,1820,273648,California
San Joaquin,2021-04-28,5338,437580,3154,229921,2109,191000,75,16659,2580,99000,2730,177311,2663,276311,California
San Joaquin,2021-04-29,4713,442293,2723,232644,1935,192935,55,16714,2409,99183,2287,179598,2470,278781,California
San Joaquin,2021-04-30,4782,447075,2287,234931,2429,195364,66,16780,2459,99407,2309,181907,2533,281314,California
San Joaquin,2021-05-01,3199,450274,1802,236733,1338,196702,59,16839,2007,100300,1186,183093,2079,283393,California
San Joaquin,2021-05-02,2139,452413,1464,238197,620,197322,55,16894,1041,100305,1093,184186,1098,284491,California
San Joaquin,2021-05-03,2912,455325,1904,240101,948,198270,60,16954,1260,99993,1642,185828,1330,285821,California
San Joaquin,2021-05-04,3899,459224,2624,242725,1179,199449,96,17050,1426,99063,2458,188286,1528,287349,California
San Joaquin,2021-05-05,3344,462568,2152,244877,1073,200522,119,17169,1289,98435,2040,190326,1412,288761,California
San Joaquin,2021-05-06,2234,464802,1512,246389,640,201162,82,17251,903,98104,1321,191647,990,289751,California
San Luis Obispo,2020-12-16,4,4,4,4,0,0,0,0,4,4,0,0,4,4,California
San Luis Obispo,2020-12-17,196,200,196,200,0,0,0,0,196,200,0,0,196,200,California
San Luis Obispo,2020-12-18,224,424,224,424,0,0,0,0,224,424,0,0,224,424,California
San Luis Obispo,2020-12-19,162,586,162,586,0,0,0,0,162,586,0,0,162,586,California
San Luis Obispo,2020-12-20,215,801,215,801,0,0,0,0,215,801,0,0,215,801,California
San Luis Obispo,2020-12-21,549,1350,548,1349,1,1,0,0,549,1350,0,0,549,1350,California
San Luis Obispo,2020-12-22,308,1658,304,1653,4,5,0,0,308,1658,0,0,308,1658,California
San Luis Obispo,2020-12-23,682,2340,368,2021,314,319,0,0,682,2340,0,0,682,2340,California
San Luis Obispo,2020-12-24,194,2534,19,2040,175,494,0,0,194,2534,0,0,194,2534,California
San Luis Obispo,2020-12-25,2,2536,1,2041,1,495,0,0,2,2536,0,0,2,2536,California
San Luis Obispo,2020-12-26,89,2625,12,2053,77,572,0,0,89,2625,0,0,89,2625,California
San Luis Obispo,2020-12-27,76,2701,0,2053,76,648,0,0,76,2701,0,0,76,2701,California
San Luis Obispo,2020-12-28,880,3581,430,2483,450,1098,0,0,880,3581,0,0,880,3581,California
San Luis Obispo,2020-12-29,903,4484,502,2985,401,1499,0,0,903,4484,0,0,903,4484,California
San Luis Obispo,2020-12-30,1172,5656,681,3666,491,1990,0,0,1172,5656,0,0,1172,5656,California
San Luis Obispo,2020-12-31,107,5763,4,3670,103,2093,0,0,107,5763,0,0,107,5763,California
San Luis Obispo,2021-01-01,13,5776,8,3678,5,2098,0,0,13,5776,0,0,13,5776,California
San Luis Obispo,2021-01-02,33,5809,8,3686,25,2123,0,0,33,5809,0,0,33,5809,California
San Luis Obispo,2021-01-03,16,5825,6,3692,10,2133,0,0,16,5825,0,0,16,5825,California
San Luis Obispo,2021-01-04,678,6503,524,4216,154,2287,0,0,678,6503,0,0,678,6503,California
San Luis Obispo,2021-01-05,974,7477,756,4972,218,2505,0,0,972,7473,2,2,972,7475,California
San Luis Obispo,2021-01-06,725,8202,480,5452,245,2750,0,0,717,8183,7,9,717,8192,California
San Luis Obispo,2021-01-07,1126,9328,948,6400,178,2928,0,0,683,8423,443,452,683,8875,California
San Luis Obispo,2021-01-08,882,10210,804,7204,78,3006,0,0,513,8568,368,820,513,9388,California
San Luis Obispo,2021-01-09,204,10414,195,7399,9,3015,0,0,27,8418,177,997,27,9415,California
San Luis Obispo,2021-01-10,12,10426,8,7407,4,3019,0,0,8,8422,4,1001,8,9423,California
San Luis Obispo,2021-01-11,559,10985,508,7915,51,3070,0,0,299,8462,259,1260,299,9722,California
San Luis Obispo,2021-01-12,597,11582,380,8295,217,3287,0,0,319,8503,278,1538,319,10041,California
San Luis Obispo,2021-01-13,885,12467,256,8551,629,3916,0,0,646,8912,237,1775,646,10687,California
San Luis Obispo,2021-01-14,729,13196,244,8795,485,4401,0,0,604,9404,112,1887,604,11291,California
San Luis Obispo,2021-01-15,729,13925,288,9083,441,4842,0,0,554,9788,170,2057,554,11845,California
San Luis Obispo,2021-01-16,100,14025,81,9164,19,4861,0,0,95,9878,5,2062,95,11940,California
San Luis Obispo,2021-01-17,67,14092,61,9225,6,4867,0,0,67,9945,0,2062,67,12007,California
San Luis Obispo,2021-01-18,1371,15463,389,9614,982,5849,0,0,1109,10792,262,2324,1109,13116,California
San Luis Obispo,2021-01-19,1584,17047,417,10031,1167,7016,0,0,1176,11560,408,2732,1176,14292,California
San Luis Obispo,2021-01-20,1884,18931,596,10627,1288,8304,0,0,1293,12265,589,3321,1294,15586,California
San Luis Obispo,2021-01-21,1570,20501,466,11093,1104,9408,0,0,1197,13094,369,3690,1198,16784,California
San Luis Obispo,2021-01-22,1521,22022,509,11602,1012,10420,0,0,1206,13987,313,4003,1206,17990,California
San Luis Obispo,2021-01-23,312,22334,294,11896,18,10438,0,0,296,14267,16,4019,296,18286,California
San Luis Obispo,2021-01-24,245,22579,237,12133,8,10446,0,0,239,14500,6,4025,239,18525,California
San Luis Obispo,2021-01-25,2074,24653,606,12739,1468,11914,0,0,1244,14914,830,4855,1244,19769,California
San Luis Obispo,2021-01-26,2002,26655,704,13443,1298,13212,0,0,1135,15182,867,5722,1135,20904,California
San Luis Obispo,2021-01-27,1611,28266,284,13727,1327,14539,0,0,1152,15875,459,6181,1152,22056,California
San Luis Obispo,2021-01-28,1489,29755,342,14069,1147,15686,0,0,1228,16843,260,6441,1228,23284,California
San Luis Obispo,2021-01-29,1735,31490,681,14750,1054,16740,0,0,1451,18010,284,6725,1451,24735,California
San Luis Obispo,2021-01-30,37,31527,18,14768,19,16759,0,0,26,18026,10,6735,26,24761,California
San Luis Obispo,2021-01-31,26,31553,20,14788,6,16765,0,0,23,18046,3,6738,23,24784,California
San Luis Obispo,2021-02-01,1702,33255,737,15525,965,17730,0,0,1400,19145,301,7039,1400,26184,California
San Luis Obispo,2021-02-02,1895,35150,677,16202,1218,18948,0,0,1521,20292,374,7413,1521,27705,California
San Luis Obispo,2021-02-03,1706,36856,728,16930,978,19926,0,0,1293,21172,413,7826,1293,28998,California
San Luis Obispo,2021-02-04,1658,38514,801,17731,857,20783,0,0,1091,21696,567,8393,1091,30089,California
San Luis Obispo,2021-02-05,1603,40117,717,18448,886,21669,0,0,1058,22209,546,8939,1059,31148,California
San Luis Obispo,2021-02-06,159,40276,92,18540,67,21736,0,0,93,22236,66,9005,93,31241,California
San Luis Obispo,2021-02-07,144,40420,99,18639,45,21781,0,0,74,22241,70,9075,75,31316,California
San Luis Obispo,2021-02-08,858,41278,470,19109,388,22169,0,0,498,22380,359,9434,498,31814,California
San Luis Obispo,2021-02-09,1123,42401,449,19558,674,22843,0,0,542,22354,575,10009,549,32363,California
San Luis Obispo,2021-02-10,1429,43830,487,20045,942,23785,0,0,523,21977,903,10912,526,32889,California
San Luis Obispo,2021-02-11,1330,45160,844,20889,486,24271,0,0,655,21960,672,11584,655,33544,California
San Luis Obispo,2021-02-12,786,45946,363,21252,423,24694,0,0,417,22008,369,11953,417,33961,California
San Luis Obispo,2021-02-13,393,46339,127,21379,266,24960,0,0,285,22186,107,12060,285,34246,California
San Luis Obispo,2021-02-14,318,46657,41,21420,277,25237,0,0,282,22433,36,12096,283,34529,California
San Luis Obispo,2021-02-15,725,47382,137,21557,588,25825,0,0,469,22649,253,12349,469,34998,California
San Luis Obispo,2021-02-16,2963,50345,1196,22753,1767,27592,0,0,1360,22412,1597,13946,1360,36358,California
San Luis Obispo,2021-02-17,2776,53121,1238,23991,1538,29130,0,0,1029,21703,1738,15684,1029,37387,California
San Luis Obispo,2021-02-18,2822,55943,1456,25447,1366,30496,0,0,1132,21154,1682,17366,1133,38520,California
San Luis Obispo,2021-02-19,1455,57398,1335,26782,120,30616,0,0,1132,21964,322,17688,1132,39652,California
San Luis Obispo,2021-02-20,252,57650,81,26863,171,30787,0,0,215,22142,37,17725,215,39867,California
San Luis Obispo,2021-02-21,49,57699,45,26908,4,30791,0,0,30,22153,19,17744,30,39897,California
San Luis Obispo,2021-02-22,2403,60102,1858,28766,545,31336,0,0,1459,22669,944,18688,1460,41357,California
San Luis Obispo,2021-02-23,1854,61956,1739,30505,115,31451,0,0,1361,23539,492,19180,1362,42719,California
San Luis Obispo,2021-02-24,2643,64599,1300,31805,1343,32794,0,0,835,22569,1805,20985,835,43554,California
San Luis Obispo,2021-02-25,2128,66727,1242,33047,886,33680,0,0,1204,22857,917,21902,1205,44759,California
San Luis Obispo,2021-02-26,2644,69371,1148,34195,1496,35176,0,0,1324,22869,1312,23214,1324,46083,California
San Luis Obispo,2021-02-27,565,69936,339,34534,226,35402,0,0,519,23342,46,23260,519,46602,California
San Luis Obispo,2021-02-28,198,70134,73,34607,125,35527,0,0,163,23474,31,23291,163,46765,California
San Luis Obispo,2021-03-01,2959,73093,1843,36450,1115,36642,1,1,2036,24588,924,24215,2038,48803,California
San Luis Obispo,2021-03-02,2986,76079,1886,38336,1100,37742,0,1,1842,25291,1140,25355,1843,50646,California
San Luis Obispo,2021-03-03,2274,78353,332,38668,1942,39684,0,1,826,24676,1442,26797,827,51473,California
San Luis Obispo,2021-03-04,2178,80531,1150,39818,1028,40712,0,1,1166,24834,1010,27807,1168,52641,California
San Luis Obispo,2021-03-05,2295,82826,1018,40836,1207,41919,70,71,1291,25206,989,28796,1361,54002,California
San Luis Obispo,2021-03-06,833,83659,309,41145,417,42336,107,178,613,25700,220,29016,714,54716,California
San Luis Obispo,2021-03-07,199,83858,32,41177,83,42419,84,262,70,25727,128,29144,155,54871,California
San Luis Obispo,2021-03-08,2727,86585,754,41931,1659,44078,314,576,1540,26396,1184,30328,1853,56724,California
San Luis Obispo,2021-03-09,2916,89501,955,42886,1724,45802,237,813,1506,26733,1407,31735,1744,58468,California
San Luis Obispo,2021-03-10,3179,92680,1238,44124,1671,47473,270,1083,1815,27458,1360,33095,2085,60553,California
San Luis Obispo,2021-03-11,3104,95784,1273,45397,1529,49002,302,1385,1699,28062,1396,34491,2000,62553,California
San Luis Obispo,2021-03-12,3210,98994,1281,46678,1591,50593,338,1723,1596,28393,1606,36097,1937,64490,California
San Luis Obispo,2021-03-13,794,99788,262,46940,423,51016,109,1832,431,28570,362,36459,539,65029,California
San Luis Obispo,2021-03-14,514,100302,53,46993,350,51366,111,1943,135,28438,378,36837,246,65275,California
San Luis Obispo,2021-03-15,3054,103356,1096,48089,1860,53226,98,2041,1532,28550,1518,38355,1630,66905,California
San Luis Obispo,2021-03-16,2838,106194,1509,49598,1229,54455,100,2141,1442,28701,1390,39745,1541,68446,California
San Luis Obispo,2021-03-17,3421,109615,1447,51045,1713,56168,261,2402,1976,29502,1435,41180,2236,70682,California
San Luis Obispo,2021-03-18,2788,112403,1446,52491,1149,57317,193,2595,1338,29587,1446,42626,1531,72213,California
San Luis Obispo,2021-03-19,2584,114987,1562,54053,701,58018,321,2916,962,29257,1615,44241,1285,73498,California
San Luis Obispo,2021-03-20,832,115819,496,54549,300,58318,36,2952,385,29231,447,44688,421,73919,California
San Luis Obispo,2021-03-21,186,116005,45,54594,138,58456,3,2955,157,29362,29,44717,160,74079,California
San Luis Obispo,2021-03-22,2684,118689,1169,55763,1467,59923,48,3003,1864,30459,815,45532,1912,75991,California
San Luis Obispo,2021-03-23,3357,122046,2210,57973,1129,61052,18,3021,2265,31654,1088,46620,2283,78274,California
San Luis Obispo,2021-03-24,3485,125531,2131,60104,1284,62336,70,3091,2616,33475,864,47484,2685,80959,California
San Luis Obispo,2021-03-25,3659,129190,2287,62391,1360,63696,12,3103,2634,35099,1021,48505,2645,83604,California
San Luis Obispo,2021-03-26,3131,132321,1755,64146,956,64652,420,3523,1749,35891,1377,49882,2169,85773,California
San Luis Obispo,2021-03-27,993,133314,508,64654,393,65045,92,3615,452,35896,539,50421,544,86317,California
San Luis Obispo,2021-03-28,443,133757,151,64805,236,65281,56,3671,242,35993,201,50622,298,86615,California
San Luis Obispo,2021-03-29,2573,136330,1274,66079,1166,66447,133,3804,1650,36867,909,51531,1783,88398,California
San Luis Obispo,2021-03-30,3494,139824,1907,67986,1446,67893,141,3945,2345,38206,1145,52676,2484,90882,California
San Luis Obispo,2021-03-31,3835,143659,2453,70439,1235,69128,147,4092,2472,39471,1353,54029,2618,93500,California
San Luis Obispo,2021-04-01,3797,147456,2417,72856,1286,70414,94,4186,2685,41146,1103,55132,2778,96278,California
San Luis Obispo,2021-04-02,1749,149205,686,73542,752,71166,311,4497,952,41611,796,55928,1261,97539,California
San Luis Obispo,2021-04-03,1101,150306,554,74096,420,71586,127,4624,485,41611,612,56540,612,98151,California
San Luis Obispo,2021-04-04,380,150686,130,74226,210,71796,40,4664,234,41739,146,56686,274,98425,California
San Luis Obispo,2021-04-05,3600,154286,1944,76170,1546,73342,110,4774,2040,42330,1557,58243,2148,100573,California
San Luis Obispo,2021-04-06,4013,158299,2144,78314,1560,74902,309,5083,1950,42534,2055,60298,2259,102832,California
San Luis Obispo,2021-04-07,4264,162563,2341,80655,1583,76485,340,5423,2470,43562,1780,62078,2808,105640,California
San Luis Obispo,2021-04-08,4008,166571,2196,82851,1422,77907,390,5813,2178,44307,1823,63901,2568,108208,California
San Luis Obispo,2021-04-09,3631,170202,1732,84583,1157,79064,742,6555,1538,44499,2084,65985,2276,110484,California
San Luis Obispo,2021-04-10,1570,171772,557,85140,351,79415,662,7217,481,44552,1088,67073,1141,111625,California
San Luis Obispo,2021-04-11,311,172083,63,85203,185,79600,63,7280,124,44554,185,67258,187,111812,California
San Luis Obispo,2021-04-12,3371,175454,1696,86899,1512,81112,163,7443,1415,44175,1956,69214,1577,113389,California
San Luis Obispo,2021-04-13,3640,179094,2095,88994,1544,82656,1,7444,1971,44481,1667,70881,1973,115362,California
San Luis Obispo,2021-04-14,2845,181939,1680,90674,1162,83818,3,7447,1661,44971,1173,72054,1663,117025,California
San Luis Obispo,2021-04-15,3664,185603,2374,93048,1289,85107,1,7448,1958,45242,1689,73743,1960,118985,California
San Luis Obispo,2021-04-16,3601,189204,2189,95237,1409,86516,3,7451,1797,45240,1801,75544,1799,120784,California
San Luis Obispo,2021-04-17,1098,190302,433,95670,663,87179,2,7453,717,45579,380,75924,719,121503,California
San Luis Obispo,2021-04-18,318,190620,96,95766,221,87400,1,7454,109,45482,207,76131,110,121613,California
San Luis Obispo,2021-04-19,3070,193690,1284,97050,1748,89148,38,7492,1129,44712,1938,78069,1168,122781,California
San Luis Obispo,2021-04-20,3548,197238,1931,98981,1617,90765,0,7492,1371,43918,2165,80234,1371,124152,California
San Luis Obispo,2021-04-21,3894,201132,1786,100767,2108,92873,0,7492,1625,43290,2253,82487,1625,125777,California
San Luis Obispo,2021-04-22,4555,205687,2052,102819,2503,95376,0,7492,1498,41748,3042,85529,1500,127277,California
San Luis Obispo,2021-04-23,1464,207151,848,103667,612,95988,4,7496,701,41703,757,86286,712,127989,California
San Luis Obispo,2021-04-24,1082,208233,444,104111,619,96607,19,7515,494,41634,582,86868,513,128502,California
San Luis Obispo,2021-04-25,344,208577,162,104273,182,96789,0,7515,113,41517,230,87098,113,128615,California
San Luis Obispo,2021-04-26,912,209489,292,104565,603,97392,17,7532,334,41301,566,87664,350,128965,California
San Luis Obispo,2021-04-27,3591,213080,1841,106406,1683,99075,67,7599,1372,40527,2212,89876,1438,130403,California
San Luis Obispo,2021-04-28,3705,216785,2081,108487,1552,100627,72,7671,1276,39459,2416,92292,1348,131751,California
San Luis Obispo,2021-04-29,3618,220403,2094,110581,1454,102081,70,7741,1181,38286,2425,94717,1252,133003,California
San Luis Obispo,2021-04-30,2929,223332,1641,112222,1215,103296,73,7814,910,37260,2008,96725,982,133985,California
San Luis Obispo,2021-05-01,402,223734,157,112379,209,103505,36,7850,95,37085,305,97030,130,134115,California
San Luis Obispo,2021-05-02,168,223902,52,112431,96,103601,20,7870,42,37021,126,97156,62,134177,California
San Luis Obispo,2021-05-03,846,224748,272,112703,480,104081,94,7964,225,36719,619,97775,317,134494,California
San Luis Obispo,2021-05-04,2541,227289,1704,114407,813,104894,24,7988,761,35726,1777,99552,784,135278,California
San Luis Obispo,2021-05-05,2429,229718,1671,116078,728,105622,30,8018,580,34499,1838,101390,611,135889,California
San Luis Obispo,2021-05-06,1842,231560,1307,117385,527,106149,8,8026,413,33500,1419,102809,420,136309,California
San Mateo,2020-12-15,26,26,26,26,0,0,0,0,26,26,0,0,26,26,California
San Mateo,2020-12-16,110,136,110,136,0,0,0,0,110,136,0,0,110,136,California
San Mateo,2020-12-17,164,300,164,300,0,0,0,0,164,300,0,0,164,300,California
San Mateo,2020-12-18,741,1041,739,1039,2,2,0,0,741,1041,0,0,741,1041,California
San Mateo,2020-12-19,513,1554,513,1552,0,2,0,0,513,1554,0,0,513,1554,California
San Mateo,2020-12-20,511,2065,509,2061,2,4,0,0,511,2065,0,0,511,2065,California
San Mateo,2020-12-21,1155,3220,1155,3216,0,4,0,0,1155,3220,0,0,1155,3220,California
San Mateo,2020-12-22,1521,4741,1514,4730,7,11,0,0,1521,4741,0,0,1521,4741,California
San Mateo,2020-12-23,1575,6316,1386,6116,189,200,0,0,1575,6316,0,0,1575,6316,California
San Mateo,2020-12-24,868,7184,611,6727,257,457,0,0,868,7184,0,0,868,7184,California
San Mateo,2020-12-25,115,7299,111,6838,4,461,0,0,115,7299,0,0,115,7299,California
San Mateo,2020-12-26,561,7860,418,7256,143,604,0,0,561,7860,0,0,561,7860,California
San Mateo,2020-12-27,307,8167,176,7432,131,735,0,0,307,8167,0,0,307,8167,California
San Mateo,2020-12-28,1050,9217,704,8136,346,1081,0,0,1050,9217,0,0,1050,9217,California
San Mateo,2020-12-29,1129,10346,705,8841,424,1505,0,0,1129,10346,0,0,1129,10346,California
San Mateo,2020-12-30,1264,11610,760,9601,504,2009,0,0,1264,11610,0,0,1264,11610,California
San Mateo,2020-12-31,716,12326,231,9832,485,2494,0,0,715,12324,1,1,715,12325,California
San Mateo,2021-01-01,59,12385,42,9874,17,2511,0,0,59,12383,0,1,59,12384,California
San Mateo,2021-01-02,400,12785,270,10144,130,2641,0,0,400,12783,0,1,400,12784,California
San Mateo,2021-01-03,283,13068,208,10352,75,2716,0,0,280,13060,3,4,280,13064,California
San Mateo,2021-01-04,1053,14121,680,11032,373,3089,0,0,1053,14113,0,4,1053,14117,California
San Mateo,2021-01-05,1201,15322,705,11737,496,3585,0,0,1172,15257,29,33,1173,15290,California
San Mateo,2021-01-06,1447,16769,950,12687,497,4082,0,0,1266,16345,179,212,1267,16557,California
San Mateo,2021-01-07,1457,18226,811,13498,646,4728,0,0,1167,17230,283,495,1168,17725,California
San Mateo,2021-01-08,1840,20066,1191,14689,649,5377,0,0,1141,17680,692,1187,1142,18867,California
San Mateo,2021-01-09,1179,21245,775,15464,404,5781,0,0,721,17943,458,1645,721,19588,California
San Mateo,2021-01-10,704,21949,575,16039,129,5910,0,0,266,17771,438,2083,266,19854,California
San Mateo,2021-01-11,2593,24542,1485,17524,1108,7018,0,0,1527,18233,1067,3150,1529,21383,California
San Mateo,2021-01-12,3284,27826,1776,19300,1508,8526,0,0,2099,19152,1183,4333,2102,23485,California
San Mateo,2021-01-13,3482,31308,1753,21053,1729,10255,0,0,2447,20567,1035,5368,2450,25935,California
San Mateo,2021-01-14,3777,35085,1584,22637,2193,12448,0,0,3091,22977,686,6054,3096,29031,California
San Mateo,2021-01-15,4328,39413,1709,24346,2619,15067,0,0,3800,26253,526,6580,3802,32833,California
San Mateo,2021-01-16,3086,42499,776,25122,2310,17377,0,0,2766,28699,320,6900,2766,35599,California
San Mateo,2021-01-17,1312,43811,310,25432,1002,18379,0,0,1102,29591,210,7110,1102,36701,California
San Mateo,2021-01-18,1364,45175,533,25965,831,19210,0,0,990,30214,371,7481,994,37695,California
San Mateo,2021-01-19,2797,47972,1785,27750,1012,20222,0,0,2004,31428,790,8271,2004,39699,California
San Mateo,2021-01-20,2798,50770,1543,29293,1255,21477,0,0,1953,32540,842,9113,1954,41653,California
San Mateo,2021-01-21,2845,53615,1296,30589,1549,23026,0,0,2253,34206,590,9703,2256,43909,California
San Mateo,2021-01-22,2796,56411,1136,31725,1660,24686,0,0,2497,36407,297,10000,2498,46407,California
San Mateo,2021-01-23,2885,59296,1690,33415,1195,25881,0,0,2521,38565,364,10364,2522,48929,California
San Mateo,2021-01-24,1520,60816,375,33790,1145,27026,0,0,1209,39464,310,10674,1209,50138,California
San Mateo,2021-01-25,4432,65248,3148,36938,1284,28310,0,0,3537,42111,893,11567,3540,53678,California
San Mateo,2021-01-26,4293,69541,2979,39917,1314,29624,0,0,3391,44601,901,12468,3391,57069,California
San Mateo,2021-01-27,2789,72330,1471,41388,1318,30942,0,0,1792,45404,990,13458,1793,58862,California
San Mateo,2021-01-28,2804,75134,1357,42745,1447,32389,0,0,1953,46521,836,14294,1953,60815,California
San Mateo,2021-01-29,2983,78117,1338,44083,1645,34034,0,0,2150,47844,830,15124,2153,62968,California
San Mateo,2021-01-30,3373,81490,1476,45559,1897,35931,0,0,2916,50305,456,15580,2917,65885,California
San Mateo,2021-01-31,1681,83171,897,46456,784,36715,0,0,1518,51662,161,15741,1518,67403,California
San Mateo,2021-02-01,2926,86097,1345,47801,1581,38296,0,0,2218,53177,704,16445,2219,69622,California
San Mateo,2021-02-02,3178,89275,1731,49532,1447,39743,0,0,2159,54320,1016,17461,2159,71781,California
San Mateo,2021-02-03,4881,94156,1950,51482,2931,42674,0,0,3828,57099,1050,18511,3829,75610,California
San Mateo,2021-02-04,6296,100452,2592,54074,3704,46378,0,0,4938,60688,1352,19863,4941,80551,California
San Mateo,2021-02-05,6800,107252,2551,56625,4249,50627,0,0,4976,63857,1807,21670,4976,85527,California
San Mateo,2021-02-06,3281,110533,1916,58541,1365,51992,0,0,2616,65811,664,22334,2618,88145,California
San Mateo,2021-02-07,1896,112429,1342,59883,554,52546,0,0,1709,67333,187,22521,1709,89854,California
San Mateo,2021-02-08,5278,117707,2247,62130,3031,55577,0,0,3106,68331,2108,24629,3106,92960,California
San Mateo,2021-02-09,6187,123894,3224,65354,2963,58540,0,0,3340,68829,2842,27471,3340,96300,California
San Mateo,2021-02-10,6500,130394,3272,68626,3228,61768,0,0,3427,69192,3064,30535,3427,99727,California
San Mateo,2021-02-11,7057,137451,3582,72208,3475,65243,0,0,3803,69753,3245,33780,3806,103533,California
San Mateo,2021-02-12,6620,144071,2951,75159,3669,68912,0,0,4699,72535,1919,35699,4701,108234,California
San Mateo,2021-02-13,6095,150166,3994,79153,2101,71013,0,0,2641,71726,3450,39149,2641,110875,California
San Mateo,2021-02-14,4633,154799,3018,82171,1615,72628,0,0,1985,71068,2644,41793,1986,112861,California
San Mateo,2021-02-15,3165,157964,1458,83629,1707,74335,0,0,1784,71476,1377,43170,1785,114646,California
San Mateo,2021-02-16,7151,165115,1875,85504,5276,79611,0,0,5283,74894,1867,45037,5285,119931,California
San Mateo,2021-02-17,7055,172170,1936,87440,5119,84730,0,0,5061,77968,1989,47026,5063,124994,California
San Mateo,2021-02-18,6697,178867,4626,92066,2071,86801,0,0,4448,80175,2244,49270,4451,129445,California
San Mateo,2021-02-19,7807,186674,5608,97674,2199,89000,0,0,5813,84000,1988,51258,5813,135258,California
San Mateo,2021-02-20,3733,190407,2418,100092,1315,90315,0,0,2308,84890,1418,52676,2308,137566,California
San Mateo,2021-02-21,2307,192714,1466,101558,841,91156,0,0,1262,85112,1040,53716,1262,138828,California
San Mateo,2021-02-22,4420,197134,3197,104755,1223,92379,0,0,2780,86259,1634,55350,2781,141609,California
San Mateo,2021-02-23,4289,201423,3045,107800,1244,93623,0,0,2482,86941,1800,57150,2482,144091,California
San Mateo,2021-02-24,7271,208694,3254,111054,4017,97640,0,0,4847,89370,2419,59569,4848,148939,California
San Mateo,2021-02-25,9085,217779,4010,115064,5075,102715,0,0,6013,92326,3057,62626,6013,154952,California
San Mateo,2021-02-26,9769,227548,3717,118781,6052,108767,0,0,6846,96266,2910,65536,6850,161802,California
San Mateo,2021-02-27,6680,234228,3412,122193,3267,112034,1,1,3633,96863,3042,68578,3639,165441,California
San Mateo,2021-02-28,4121,238349,2504,124697,1617,113651,0,1,2552,97852,1564,70142,2553,167994,California
San Mateo,2021-03-01,5648,243997,3533,128230,2114,115765,1,2,2796,97809,2840,72982,2797,170791,California
San Mateo,2021-03-02,5793,249790,3985,132215,1807,117572,1,3,3335,98696,2450,75432,3337,174128,California
San Mateo,2021-03-03,8343,258133,3897,136112,4444,122016,2,5,3601,97569,4730,80162,3603,177731,California
San Mateo,2021-03-04,8419,266552,3938,140050,4479,126495,2,7,3801,96774,4600,84762,3805,181536,California
San Mateo,2021-03-05,9097,275649,5988,146038,3105,129600,4,11,6417,100539,2660,87422,6425,187961,California
San Mateo,2021-03-06,7851,283500,5438,151476,2237,131837,176,187,5738,104348,2104,89526,5913,193874,California
San Mateo,2021-03-07,3469,286969,2316,153792,1086,132923,67,254,2004,104958,1461,90987,2071,195945,California
San Mateo,2021-03-08,4443,291412,2481,156273,1744,134667,218,472,3221,107184,1214,92201,3440,199385,California
San Mateo,2021-03-09,4553,295965,2125,158398,2155,136822,273,745,3008,108926,1538,93739,3280,202665,California
San Mateo,2021-03-10,6920,302885,2644,161042,3990,140812,286,1031,4565,111435,2341,96080,4850,207515,California
San Mateo,2021-03-11,9133,312018,5734,166776,3007,143819,392,1423,3720,110162,5384,101464,4111,211626,California
San Mateo,2021-03-12,10507,322525,6608,173384,3518,147337,381,1804,3504,107062,6986,108450,3886,215512,California
San Mateo,2021-03-13,8102,330627,3419,176803,3056,150393,1627,3431,3910,108412,4180,112630,5530,221042,California
San Mateo,2021-03-14,4935,335562,3304,180107,1524,151917,107,3538,2900,109391,2028,114658,3007,224049,California
San Mateo,2021-03-15,7127,342689,4580,184687,2371,154288,176,3714,3769,109985,3352,118010,3946,227995,California
San Mateo,2021-03-16,11910,354599,4359,189046,7428,161716,123,3837,4860,107936,7034,125044,4985,232980,California
San Mateo,2021-03-17,10788,365387,4362,193408,6302,168018,124,3961,4891,107082,5873,130917,5019,237999,California
San Mateo,2021-03-18,7233,372620,4032,197440,3018,171036,183,4144,4307,108650,2920,133837,4488,242487,California
San Mateo,2021-03-19,7361,379981,4721,202161,1973,173009,667,4811,3609,109184,3742,137579,4276,246763,California
San Mateo,2021-03-20,8281,388262,6426,208587,1520,174529,335,5146,5408,112069,2858,140437,5743,252506,California
San Mateo,2021-03-21,4148,392410,3122,211709,795,175324,231,5377,2346,112851,1792,142229,2574,255080,California
San Mateo,2021-03-22,5219,397629,3546,215255,1256,176580,417,5794,2860,113782,2347,144576,3278,258358,California
San Mateo,2021-03-23,9781,407410,4449,219704,5136,181716,196,5990,4661,113548,5090,149666,4856,263214,California
San Mateo,2021-03-24,9440,416850,5442,225146,3858,185574,140,6130,4107,112526,5266,154932,4244,267458,California
San Mateo,2021-03-25,10012,426862,4875,230021,4869,190443,268,6398,4426,111738,5485,160417,4697,272155,California
San Mateo,2021-03-26,11146,438008,7664,237685,3317,193760,165,6563,4455,109705,6654,167071,4621,276776,California
San Mateo,2021-03-27,10432,448440,7966,245651,2361,196121,105,6668,4699,108791,5715,172786,4801,281577,California
San Mateo,2021-03-28,4215,452655,2700,248351,1404,197525,111,6779,2106,108909,2100,174886,2218,283795,California
San Mateo,2021-03-29,6016,458671,3747,252098,2017,199542,252,7031,2850,108864,3147,178033,3102,286897,California
San Mateo,2021-03-30,7075,465746,4012,256110,2909,202451,154,7185,4459,110876,2601,180634,4613,291510,California
San Mateo,2021-03-31,7194,472940,4542,260652,2514,204965,138,7323,4052,111940,3126,183760,4190,295700,California
San Mateo,2021-04-01,10399,483339,5104,265756,4114,209079,1181,8504,5580,113916,4782,188542,6758,302458,California
San Mateo,2021-04-02,10651,493990,5072,270828,4017,213096,1562,10066,5595,116034,5039,193581,7157,309615,California
San Mateo,2021-04-03,9670,503660,5482,276310,2454,215550,1734,11800,4887,117879,4778,198359,6623,316238,California
San Mateo,2021-04-04,5397,509057,2602,278912,1548,217098,1247,13047,1716,117170,3670,202029,2961,319199,California
San Mateo,2021-04-05,8953,518010,4767,283679,2453,219551,1733,14780,3859,117680,5080,207109,5590,324789,California
San Mateo,2021-04-06,13104,531114,8200,291879,3055,222606,1849,16629,7492,121429,5599,212708,9348,334137,California
San Mateo,2021-04-07,11327,542441,5244,297123,4412,227018,1671,18300,4815,121418,6491,219199,6480,340617,California
San Mateo,2021-04-08,10065,552506,5028,302151,2452,229470,2585,20885,4471,122885,5580,224779,7047,347664,California
San Mateo,2021-04-09,11235,563741,5460,307611,3300,232770,2475,23360,5068,124257,6165,230944,7537,355201,California
San Mateo,2021-04-10,11114,574855,5659,313270,4038,236808,1417,24777,4611,123801,6481,237425,6025,361226,California
San Mateo,2021-04-11,6607,581462,3280,316550,880,237688,2447,27224,2336,124314,4265,241690,4778,366004,California
San Mateo,2021-04-12,7299,588761,4469,321019,1874,239562,956,28180,3548,125084,3735,245425,4505,370509,California
San Mateo,2021-04-13,8138,596899,5091,326110,3038,242600,9,28189,4318,125600,3813,249238,4329,374838,California
San Mateo,2021-04-14,8335,605234,5420,331530,2914,245514,1,28190,4311,125905,4013,253251,4318,379156,California
San Mateo,2021-04-15,11004,616238,7315,338845,3688,249202,1,28191,7217,129361,3764,257015,7220,386376,California
San Mateo,2021-04-16,9927,626165,6857,345702,3054,252256,16,28207,6317,132105,3594,260609,6338,392714,California
San Mateo,2021-04-17,9600,635765,6404,352106,3193,255449,3,28210,6085,134692,3506,264115,6093,398807,California
San Mateo,2021-04-18,5386,641151,2579,354685,2807,258256,0,28210,3649,136619,1728,265843,3655,402462,California
San Mateo,2021-04-19,8308,649459,5402,360087,2906,261162,0,28210,5388,139104,2911,268754,5396,407858,California
San Mateo,2021-04-20,10184,659643,5649,365736,4535,265697,0,28210,6538,142021,3631,272385,6548,414406,California
San Mateo,2021-04-21,8910,668553,6018,371754,2892,268589,0,28210,5504,144138,3394,275779,5511,419917,California
San Mateo,2021-04-22,9416,677969,6262,378016,3153,271742,1,28211,5223,145205,4162,279941,5229,425146,California
San Mateo,2021-04-23,9435,687404,6206,384222,3229,274971,0,28211,5314,146437,4097,284038,5329,430475,California
San Mateo,2021-04-24,11197,698601,8005,392227,3192,278163,0,28211,6041,147350,5136,289174,6049,436524,California
San Mateo,2021-04-25,5489,704090,3856,396083,1632,279795,1,28212,3902,149688,1574,290748,3912,440436,California
San Mateo,2021-04-26,5970,710060,4380,400463,1583,281378,7,28219,3466,150674,2498,293246,3484,443920,California
San Mateo,2021-04-27,10635,720695,7530,407993,3001,284379,104,28323,4253,148677,6358,299604,4361,448281,California
San Mateo,2021-04-28,7627,728322,4413,412406,3010,287389,204,28527,3992,149250,3627,303231,4200,452481,California
San Mateo,2021-04-29,7869,736191,3680,416086,4014,291403,175,28702,3475,148541,4370,307601,3661,456142,California
San Mateo,2021-04-30,8028,744219,5061,421147,2813,294216,154,28856,3407,147515,4600,312201,3574,459716,California
San Mateo,2021-05-01,6070,750289,4067,425214,1884,296100,119,28975,2628,146844,3429,315630,2758,462474,California
San Mateo,2021-05-02,3124,753413,1724,426938,1329,297429,71,29046,1138,146079,1978,317608,1213,463687,California
San Mateo,2021-05-03,5550,758963,4066,431004,1346,298775,138,29184,1814,144303,3728,321336,1952,465639,California
San Mateo,2021-05-04,5334,764297,3418,434422,1843,300618,73,29257,1967,142999,3356,324692,2052,467691,California
San Mateo,2021-05-05,4657,768954,2779,437201,1837,302455,41,29298,1894,142192,2746,327438,1939,469630,California
San Mateo,2021-05-06,5846,774800,4625,441826,1170,303625,51,29349,992,138403,4838,332276,1049,470679,California
Santa Barbara,2020-12-15,2,2,2,2,0,0,0,0,2,2,0,0,2,2,California
Santa Barbara,2020-12-16,2,4,2,4,0,0,0,0,2,4,0,0,2,4,California
Santa Barbara,2020-12-17,54,58,54,58,0,0,0,0,54,58,0,0,54,58,California
Santa Barbara,2020-12-18,378,436,377,435,1,1,0,0,378,436,0,0,378,436,California
Santa Barbara,2020-12-19,325,761,325,760,0,1,0,0,325,761,0,0,325,761,California
Santa Barbara,2020-12-20,235,996,235,995,0,1,0,0,235,996,0,0,235,996,California
Santa Barbara,2020-12-21,652,1648,650,1645,2,3,0,0,652,1648,0,0,652,1648,California
Santa Barbara,2020-12-22,244,1892,242,1887,2,5,0,0,244,1892,0,0,244,1892,California
Santa Barbara,2020-12-23,320,2212,202,2089,118,123,0,0,320,2212,0,0,320,2212,California
Santa Barbara,2020-12-24,88,2300,40,2129,48,171,0,0,88,2300,0,0,88,2300,California
Santa Barbara,2020-12-26,326,2626,66,2195,260,431,0,0,326,2626,0,0,326,2626,California
Santa Barbara,2020-12-27,62,2688,1,2196,61,492,0,0,62,2688,0,0,62,2688,California
Santa Barbara,2020-12-28,356,3044,223,2419,133,625,0,0,356,3044,0,0,356,3044,California
Santa Barbara,2020-12-29,555,3599,361,2780,194,819,0,0,555,3599,0,0,555,3599,California
Santa Barbara,2020-12-30,585,4184,403,3183,182,1001,0,0,585,4184,0,0,585,4184,California
Santa Barbara,2020-12-31,240,4424,114,3297,126,1127,0,0,240,4424,0,0,240,4424,California
Santa Barbara,2021-01-01,112,4536,108,3405,4,1131,0,0,112,4536,0,0,112,4536,California
Santa Barbara,2021-01-02,588,5124,223,3628,365,1496,0,0,588,5124,0,0,588,5124,California
Santa Barbara,2021-01-03,23,5147,15,3643,8,1504,0,0,23,5147,0,0,23,5147,California
Santa Barbara,2021-01-04,309,5456,246,3889,63,1567,0,0,308,5455,0,0,308,5455,California
Santa Barbara,2021-01-05,753,6209,380,4269,373,1940,0,0,726,6154,27,27,726,6181,California
Santa Barbara,2021-01-06,656,6865,276,4545,380,2320,0,0,597,6693,58,85,597,6778,California
Santa Barbara,2021-01-07,1033,7898,711,5256,322,2642,0,0,527,6718,502,587,527,7305,California
Santa Barbara,2021-01-08,1203,9101,843,6099,360,3002,0,0,710,6935,493,1080,710,8015,California
Santa Barbara,2021-01-09,566,9667,293,6392,273,3275,0,0,320,7009,246,1326,320,8335,California
Santa Barbara,2021-01-10,62,9729,50,6442,12,3287,0,0,46,7039,16,1342,46,8381,California
Santa Barbara,2021-01-11,839,10568,670,7112,169,3456,0,0,616,7433,222,1564,616,8997,California
Santa Barbara,2021-01-12,1426,11994,635,7747,791,4247,0,0,1269,8545,157,1721,1269,10266,California
Santa Barbara,2021-01-13,1227,13221,280,8027,947,5194,0,0,1101,9520,126,1847,1101,11367,California
Santa Barbara,2021-01-14,1248,14469,132,8159,1116,6310,0,0,1194,10662,53,1900,1195,12562,California
Santa Barbara,2021-01-15,1801,16270,419,8578,1382,7692,0,0,1721,12304,79,1979,1721,14283,California
Santa Barbara,2021-01-16,1272,17542,202,8780,1070,8762,0,0,1233,13499,38,2017,1233,15516,California
Santa Barbara,2021-01-17,123,17665,20,8800,103,8865,0,0,120,13616,3,2020,120,15636,California
Santa Barbara,2021-01-18,1151,18816,417,9217,734,9599,0,0,966,14397,185,2205,966,16602,California
Santa Barbara,2021-01-19,1638,20454,570,9787,1068,10667,0,0,1359,15478,278,2483,1359,17961,California
Santa Barbara,2021-01-20,2095,22549,544,10331,1551,12218,0,0,1737,16858,357,2840,1737,19698,California
Santa Barbara,2021-01-21,3089,25638,1818,12149,1271,13489,0,0,2930,19630,159,2999,2931,22629,California
Santa Barbara,2021-01-22,3016,28654,1864,14013,1152,14641,0,0,2852,22322,161,3160,2853,25482,California
Santa Barbara,2021-01-23,1734,30388,1106,15119,628,15269,0,0,1223,23035,510,3670,1223,26705,California
Santa Barbara,2021-01-24,844,31232,752,15871,92,15361,0,0,835,23861,9,3679,835,27540,California
Santa Barbara,2021-01-25,1244,32476,501,16372,743,16104,0,0,1004,24625,240,3919,1004,28544,California
Santa Barbara,2021-01-26,2051,34527,468,16840,1583,17687,0,0,1664,25904,385,4304,1664,30208,California
Santa Barbara,2021-01-27,1163,35690,400,17240,763,18450,0,0,902,26547,260,4564,903,31111,California
Santa Barbara,2021-01-28,896,36586,298,17538,598,19048,0,0,681,27016,212,4776,681,31792,California
Santa Barbara,2021-01-29,1333,37919,538,18076,795,19843,0,0,978,27644,352,5128,980,32772,California
Santa Barbara,2021-01-30,1892,39811,1420,19496,472,20315,0,0,1488,28731,401,5529,1488,34260,California
Santa Barbara,2021-01-31,1455,41266,1217,20713,238,20553,0,0,1416,30108,39,5568,1416,35676,California
Santa Barbara,2021-02-01,942,42208,520,21233,422,20975,0,0,554,30274,388,5956,554,36230,California
Santa Barbara,2021-02-02,1824,44032,700,21933,1124,22099,0,0,1049,30550,773,6729,1049,37279,California
Santa Barbara,2021-02-03,1942,45974,1078,23011,864,22963,0,0,1500,31618,432,7161,1500,38779,California
Santa Barbara,2021-02-04,2775,48749,1862,24873,913,23876,0,0,2481,33810,289,7450,2481,41260,California
Santa Barbara,2021-02-05,2905,51654,2060,26933,845,24721,0,0,2262,35430,642,8092,2262,43522,California
Santa Barbara,2021-02-06,1204,52858,338,27271,866,25587,0,0,794,35814,410,8502,794,44316,California
Santa Barbara,2021-02-07,301,53159,263,27534,38,25625,0,0,266,36046,34,8536,266,44582,California
Santa Barbara,2021-02-08,956,54115,311,27845,645,26270,0,0,669,36428,287,8823,669,45251,California
Santa Barbara,2021-02-09,2438,56553,313,28158,2125,28395,0,0,1121,36242,1307,10130,1121,46372,California
Santa Barbara,2021-02-10,2763,59316,1498,29656,1265,29660,0,0,780,35048,1974,12104,780,47152,California
Santa Barbara,2021-02-11,4184,63500,2806,32462,1378,31038,0,0,625,32123,3550,15654,625,47777,California
Santa Barbara,2021-02-12,3309,66809,949,33411,2360,33398,0,0,774,30368,2529,18183,774,48551,California
Santa Barbara,2021-02-13,1235,68044,341,33752,894,34292,0,0,561,30258,671,18854,561,49112,California
Santa Barbara,2021-02-14,331,68375,34,33786,297,34589,0,0,285,30497,46,18900,285,49397,California
Santa Barbara,2021-02-15,967,69342,338,34124,629,35218,0,0,493,30521,469,19369,493,49890,California
Santa Barbara,2021-02-16,2108,71450,397,34521,1711,36929,0,0,716,29849,1388,20757,716,50606,California
Santa Barbara,2021-02-17,1435,72885,321,34842,1114,38043,0,0,522,29460,911,21668,522,51128,California
Santa Barbara,2021-02-18,3254,76139,2647,37489,607,38650,0,0,1519,29279,1700,23368,1519,52647,California
Santa Barbara,2021-02-19,3594,79733,2641,40130,953,39603,0,0,2328,30344,1263,24631,2328,54975,California
Santa Barbara,2021-02-20,2221,81954,1435,41565,786,40389,0,0,1666,31464,546,25177,1666,56641,California
Santa Barbara,2021-02-21,127,82081,98,41663,29,40418,0,0,58,31453,69,25246,58,56699,California
Santa Barbara,2021-02-22,939,83020,247,41910,692,41110,0,0,261,31043,671,25917,261,56960,California
Santa Barbara,2021-02-23,3188,86208,1045,42955,2143,43253,0,0,421,28701,2763,28680,421,57381,California
Santa Barbara,2021-02-24,3197,89405,1088,44043,2109,45362,0,0,721,26957,2465,31145,721,58102,California
Santa Barbara,2021-02-25,3451,92856,1918,45961,1533,46895,0,0,985,25484,2459,33604,986,59088,California
Santa Barbara,2021-02-26,3665,96521,2175,48136,1490,48385,0,0,1979,25784,1679,35283,1979,61067,California
Santa Barbara,2021-02-27,1526,98047,562,48698,964,49349,0,0,845,25956,675,35958,847,61914,California
Santa Barbara,2021-02-28,1085,99132,221,48919,864,50213,0,0,893,26663,187,36145,894,62808,California
Santa Barbara,2021-03-01,1632,100764,464,49383,1168,51381,0,0,1084,27212,536,36681,1085,63893,California
Santa Barbara,2021-03-02,2616,103380,413,49796,2203,53584,0,0,2118,28845,486,37167,2119,66012,California
Santa Barbara,2021-03-03,4626,108006,2099,51895,2526,56110,1,1,4032,32297,584,37751,4036,70048,California
Santa Barbara,2021-03-04,3415,111421,2281,54176,1134,57244,0,1,2860,34610,547,38298,2860,72908,California
Santa Barbara,2021-03-05,3808,115229,2159,56335,1590,58834,59,60,3083,37033,719,39017,3142,76050,California
Santa Barbara,2021-03-06,2432,117661,724,57059,1488,60322,220,280,1666,38156,762,39779,1885,77935,California
Santa Barbara,2021-03-07,561,118222,122,57181,309,60631,130,410,382,38491,178,39957,513,78448,California
Santa Barbara,2021-03-08,1574,119796,377,57558,855,61486,342,752,792,38849,776,40733,1134,79582,California
Santa Barbara,2021-03-09,2772,122568,323,57881,1675,63161,774,1526,718,38286,2051,42784,1488,81070,California
Santa Barbara,2021-03-10,2750,125318,544,58425,1159,64320,1047,2573,1033,38655,1711,44495,2080,83150,California
Santa Barbara,2021-03-11,5571,130889,3027,61452,1431,65751,1113,3686,2280,38764,3279,47774,3388,86538,California
Santa Barbara,2021-03-12,3662,134551,2092,63544,1141,66892,429,4115,2173,39882,1481,49255,2599,89137,California
Santa Barbara,2021-03-13,3470,138021,1922,65466,1339,68231,209,4324,2693,42010,775,50030,2903,92040,California
Santa Barbara,2021-03-14,780,138801,369,65835,354,68585,57,4381,462,42211,318,50348,519,92559,California
Santa Barbara,2021-03-15,2106,140907,693,66528,1122,69707,291,4672,1267,42933,834,51182,1556,94115,California
Santa Barbara,2021-03-16,3721,144628,1170,67698,2210,71917,341,5013,2738,45032,980,52162,3079,97194,California
Santa Barbara,2021-03-17,3297,147925,972,68670,1920,73837,405,5418,2309,46756,986,53148,2710,99904,California
Santa Barbara,2021-03-18,5119,153044,2798,71468,2121,75958,200,5618,3898,49647,1207,54355,4098,104002,California
Santa Barbara,2021-03-19,4439,157483,2765,74233,1342,77300,332,5950,3050,51643,1385,55740,3381,107383,California
Santa Barbara,2021-03-20,2163,159646,827,75060,1325,78625,11,5961,1329,52150,832,56572,1339,108722,California
Santa Barbara,2021-03-21,1163,160809,382,75442,752,79377,29,5990,838,52694,323,56895,867,109589,California
Santa Barbara,2021-03-22,2774,163583,1912,77354,818,80195,44,6034,2221,54413,546,57441,2265,111854,California
Santa Barbara,2021-03-23,4472,168055,2251,79605,2125,82320,96,6130,3711,57469,751,58192,3807,115661,California
Santa Barbara,2021-03-24,5401,173456,3155,82760,1509,83829,737,6867,2969,58761,2412,60604,3704,119365,California
Santa Barbara,2021-03-25,5549,179005,3277,86037,2085,85914,187,7054,2776,58967,2757,63361,2963,122328,California
Santa Barbara,2021-03-26,5079,184084,3219,89256,1562,87476,298,7352,2239,58680,2824,66185,2537,124865,California
Santa Barbara,2021-03-27,2924,187008,1220,90476,1661,89137,43,7395,1594,58990,1325,67510,1635,126500,California
Santa Barbara,2021-03-28,2771,189779,1647,92123,1096,90233,28,7423,1887,60027,879,68389,1916,128416,California
Santa Barbara,2021-03-29,4040,193819,2085,94208,1886,92119,69,7492,3232,62524,804,69193,3301,131717,California
Santa Barbara,2021-03-30,6796,200615,3511,97719,3135,95254,150,7642,4568,65027,2213,71406,4716,136433,California
Santa Barbara,2021-03-31,8635,209250,5510,103229,3060,98314,65,7707,5051,66576,3567,74973,5116,141549,California
Santa Barbara,2021-04-01,6991,216241,5172,108401,1561,99875,258,7965,4145,68146,2831,77804,4401,145950,California
Santa Barbara,2021-04-02,6583,222824,4515,112916,1477,101352,591,8556,3374,68908,3202,81006,3964,149914,California
Santa Barbara,2021-04-03,3779,226603,2098,115014,1613,102965,68,8624,2493,70186,1282,82288,2560,152474,California
Santa Barbara,2021-04-04,897,227500,444,115458,413,103378,40,8664,499,70329,396,82684,539,153013,California
Santa Barbara,2021-04-05,3448,230948,2277,117735,914,104292,257,8921,2160,71464,1282,83966,2417,155430,California
Santa Barbara,2021-04-06,5442,236390,2805,120540,2103,106395,534,9455,3328,73223,2100,86066,3859,159289,California
Santa Barbara,2021-04-07,5981,242371,3282,123822,2159,108554,540,9995,4075,75941,1896,87962,4614,163903,California
Santa Barbara,2021-04-08,7362,249733,5012,128834,639,109193,1711,11706,3396,77081,3964,91926,5104,169007,California
Santa Barbara,2021-04-09,7245,256978,4824,133658,1076,110269,1345,13051,3257,77699,3980,95906,4598,173605,California
Santa Barbara,2021-04-10,6630,263608,4591,138249,1424,111693,615,13666,4508,80703,2118,98024,5122,178727,California
Santa Barbara,2021-04-11,2644,266252,1930,140179,415,112108,299,13965,1823,82005,815,98839,2117,180844,California
Santa Barbara,2021-04-12,4377,270629,2799,142978,1025,113133,553,14518,1873,81932,2497,101336,2424,183268,California
Santa Barbara,2021-04-13,6301,276930,4142,147120,2153,115286,6,14524,2618,80875,3680,105016,2623,185891,California
Santa Barbara,2021-04-14,6666,283596,4341,151461,2323,117609,2,14526,4152,82523,2505,107521,4153,190044,California
Santa Barbara,2021-04-15,6940,290536,4093,155554,2846,120455,1,14527,3847,83289,3083,110604,3849,193893,California
Santa Barbara,2021-04-16,6373,296909,3746,159300,2616,123071,11,14538,4393,85727,1965,112569,4403,198296,California
Santa Barbara,2021-04-17,5306,302215,3864,163164,1442,124513,0,14538,4102,88632,1197,113766,4102,202398,California
Santa Barbara,2021-04-18,2122,304337,1472,164636,650,125163,0,14538,370,87255,1748,115514,371,202769,California
Santa Barbara,2021-04-19,3196,307533,2215,166851,976,126139,5,14543,1000,86069,2192,117706,1006,203775,California
Santa Barbara,2021-04-20,5868,313401,3946,170797,1921,128060,1,14544,1659,83531,4197,121903,1659,205434,California
Santa Barbara,2021-04-21,5472,318873,3635,174432,1837,129897,0,14544,1743,81557,3717,125620,1743,207177,California
Santa Barbara,2021-04-22,5070,323943,2548,176980,2521,132418,1,14545,1458,79420,3598,129218,1461,208638,California
Santa Barbara,2021-04-23,5529,329472,3875,180855,1654,134072,0,14545,1955,77811,3564,132782,1955,210593,California
Santa Barbara,2021-04-24,4420,333892,2876,183731,1539,135611,5,14550,1666,76736,2746,135528,1671,212264,California
Santa Barbara,2021-04-25,1830,335722,1184,184915,646,136257,0,14550,501,75915,1322,136850,501,212765,California
Santa Barbara,2021-04-26,2855,338577,1775,186690,1060,137317,20,14570,431,73948,2418,139268,451,213216,California
Santa Barbara,2021-04-27,3593,342170,1981,188671,1525,138842,87,14657,1081,72611,2504,141772,1167,214383,California
Santa Barbara,2021-04-28,4884,347054,2862,191533,1906,140748,116,14773,1399,70653,3475,145247,1517,215900,California
Santa Barbara,2021-04-29,5246,352300,3801,195334,1219,141967,226,14999,1444,68534,3787,149034,1668,217568,California
Santa Barbara,2021-04-30,4941,357241,3692,199026,1085,143052,164,15163,1422,66610,3509,152543,1585,219153,California
Santa Barbara,2021-05-01,5236,362477,4059,203085,1145,144197,32,15195,907,63229,4322,156865,941,220094,California
Santa Barbara,2021-05-02,1120,363597,666,203751,326,144523,128,15323,297,62832,822,157687,425,220519,California
Santa Barbara,2021-05-03,1956,365553,1265,205016,564,145087,127,15450,418,61844,1533,159220,545,221064,California
Santa Barbara,2021-05-04,2807,368360,1384,206400,1410,146497,13,15463,982,61024,1815,161035,995,222059,California
Santa Barbara,2021-05-05,4758,373118,3305,209705,1360,147857,93,15556,409,57188,4339,165374,503,222562,California
Santa Barbara,2021-05-06,2606,375724,1898,211603,693,148550,15,15571,571,55749,2025,167399,586,223148,California
Santa Clara,2020-12-15,65,65,65,65,0,0,0,0,65,65,0,0,65,65,California
Santa Clara,2020-12-16,136,201,136,201,0,0,0,0,136,201,0,0,136,201,California
Santa Clara,2020-12-17,392,593,392,593,0,0,0,0,392,593,0,0,392,593,California
Santa Clara,2020-12-18,1676,2269,1676,2269,0,0,0,0,1676,2269,0,0,1676,2269,California
Santa Clara,2020-12-19,2075,4344,2075,4344,0,0,0,0,2074,4343,0,0,2074,4343,California
Santa Clara,2020-12-20,1895,6239,1889,6233,6,6,0,0,1892,6235,0,0,1892,6235,California
Santa Clara,2020-12-21,2671,8910,2671,8904,0,6,0,0,2670,8905,0,0,2670,8905,California
Santa Clara,2020-12-22,3118,12028,3109,12013,9,15,0,0,3115,12020,0,0,3115,12020,California
Santa Clara,2020-12-23,3258,15286,3072,15085,186,201,0,0,3256,15276,0,0,3256,15276,California
Santa Clara,2020-12-24,1896,17182,1710,16795,186,387,0,0,1890,17165,1,1,1890,17166,California
Santa Clara,2020-12-25,343,17525,342,17137,1,388,0,0,343,17508,0,1,343,17509,California
Santa Clara,2020-12-26,1264,18789,1032,18169,232,620,0,0,1263,18771,0,1,1263,18772,California
Santa Clara,2020-12-27,647,19436,507,18676,140,760,0,0,647,19418,0,1,647,19419,California
Santa Clara,2020-12-28,2332,21768,1730,20406,602,1362,0,0,2332,21750,0,1,2332,21751,California
Santa Clara,2020-12-29,2328,24096,1468,21874,860,2222,0,0,2326,24076,0,1,2326,24077,California
Santa Clara,2020-12-30,2993,27089,1901,23775,1092,3314,0,0,2991,27065,2,3,2991,27068,California
Santa Clara,2020-12-31,1216,28305,392,24167,824,4138,0,0,1215,28279,1,4,1215,28283,California
Santa Clara,2021-01-01,142,28447,10,24177,132,4270,0,0,141,28419,1,5,141,28424,California
Santa Clara,2021-01-02,1085,29532,816,24993,269,4539,0,0,1085,29504,0,5,1085,29509,California
Santa Clara,2021-01-03,582,30114,367,25360,215,4754,0,0,577,30078,3,8,577,30086,California
Santa Clara,2021-01-04,2469,32583,1670,27030,799,5553,0,0,2466,32544,0,8,2466,32552,California
Santa Clara,2021-01-05,3065,35648,2009,29039,1056,6609,0,0,2877,35240,187,195,2883,35435,California
Santa Clara,2021-01-06,3326,38974,1961,31000,1365,7974,0,0,2751,37421,571,766,2752,38187,California
Santa Clara,2021-01-07,4215,43189,2557,33557,1658,9632,0,0,3147,39515,1058,1824,3152,41339,California
Santa Clara,2021-01-08,5844,49033,3819,37376,2025,11657,0,0,3791,41257,2049,3873,3791,45130,California
Santa Clara,2021-01-09,2973,52006,1865,39241,1108,12765,0,0,1689,41665,1284,5157,1692,46822,California
Santa Clara,2021-01-10,1955,53961,1510,40751,445,13210,0,0,745,41201,1209,6366,745,47567,California
Santa Clara,2021-01-11,5940,59901,3738,44489,2202,15412,0,0,3378,42023,2561,8927,3383,50950,California
Santa Clara,2021-01-12,6804,66705,3400,47889,3404,18816,0,0,4563,44347,2240,11167,4564,55514,California
Santa Clara,2021-01-13,7361,74066,3044,50933,4317,23133,0,0,5195,47379,2164,13331,5196,60710,California
Santa Clara,2021-01-14,8224,82290,2790,53723,5434,28567,0,0,6486,52134,1733,15064,6488,67198,California
Santa Clara,2021-01-15,9456,91746,2682,56405,6774,35341,0,0,8139,58964,1314,16378,8144,75342,California
Santa Clara,2021-01-16,4300,96046,1228,57633,3072,38413,0,0,3466,61600,830,17208,3466,78808,California
Santa Clara,2021-01-17,3217,99263,606,58239,2611,41024,0,0,2720,63823,497,17705,2720,81528,California
Santa Clara,2021-01-18,5090,104353,1152,59391,3938,44962,0,0,4537,67808,553,18258,4538,86066,California
Santa Clara,2021-01-19,8475,112828,2669,62060,5806,50768,0,0,6800,72939,1672,19930,6803,92869,California
Santa Clara,2021-01-20,8076,120904,4104,66164,3972,54740,0,0,6529,77926,1542,21472,6529,99398,California
Santa Clara,2021-01-21,8644,129548,3736,69900,4908,59648,0,0,7444,84174,1198,22670,7446,106844,California
Santa Clara,2021-01-22,8619,138167,3240,73140,5379,65027,0,0,8055,91669,563,23233,8058,114902,California
Santa Clara,2021-01-23,3781,141948,1689,74829,2092,67119,0,0,2822,93533,959,24192,2823,117725,California
Santa Clara,2021-01-24,2823,144771,1420,76249,1403,68522,0,0,2337,95387,483,24675,2337,120062,California
Santa Clara,2021-01-25,8372,153143,3783,80032,4589,73111,0,0,6307,99641,2057,26732,6311,126373,California
Santa Clara,2021-01-26,8235,161378,3766,83798,4469,77580,0,0,6118,103654,2107,28839,6120,132493,California
Santa Clara,2021-01-27,8712,170090,3829,87627,4883,82463,0,0,6789,108542,1902,30741,6790,139283,California
Santa Clara,2021-01-28,9459,179549,3793,91420,5666,88129,0,0,7501,114110,1937,32678,7505,146788,California
Santa Clara,2021-01-29,9503,189052,3939,95359,5564,93693,0,0,7335,119287,2159,34837,7336,154124,California
Santa Clara,2021-01-30,4185,193237,2076,97435,2109,95802,0,0,2979,121068,1199,36036,2980,157104,California
Santa Clara,2021-01-31,2173,195410,1304,98739,869,96671,0,0,1582,122062,588,36624,1582,158686,California
Santa Clara,2021-02-01,7828,203238,3484,102223,4344,101015,0,0,6141,126524,1680,38304,6142,164828,California
Santa Clara,2021-02-02,8521,211759,2874,105097,5647,106662,0,0,6524,131061,1990,40294,6527,171355,California
Santa Clara,2021-02-03,9192,220951,3481,108578,5711,112373,0,0,6914,135709,2272,42566,6920,178275,California
Santa Clara,2021-02-04,10888,231839,4117,112695,6771,119144,0,0,8606,142046,2272,44838,8609,186884,California
Santa Clara,2021-02-05,11911,243750,4346,117041,7565,126709,0,0,8450,147051,3446,48284,8451,195335,California
Santa Clara,2021-02-06,5183,248933,2818,119859,2365,129074,0,0,4020,149914,1159,49443,4022,199357,California
Santa Clara,2021-02-07,3473,252406,2348,122207,1125,130199,0,0,3020,152483,452,49895,3021,202378,California
Santa Clara,2021-02-08,10006,262412,3481,125688,6525,136724,0,0,7292,157076,2700,52595,7293,209671,California
Santa Clara,2021-02-09,11151,273563,3814,129502,7337,144061,0,0,7669,161276,3472,56067,7672,217343,California
Santa Clara,2021-02-10,12633,286196,4907,134409,7726,151787,0,0,6834,162326,5786,61853,6836,224179,California
Santa Clara,2021-02-11,13484,299680,4714,139123,8770,160557,0,0,7664,164186,5805,67658,7665,231844,California
Santa Clara,2021-02-12,14545,314225,4488,143611,10057,170614,0,0,6977,163617,7548,75206,6979,238823,California
Santa Clara,2021-02-13,6065,320290,1451,145062,4614,175228,0,0,2214,161988,3845,79051,2216,241039,California
Santa Clara,2021-02-14,4614,324904,1142,146204,3472,178700,0,0,1468,160313,3145,82196,1470,242509,California
Santa Clara,2021-02-15,6251,331155,2794,148998,3457,182157,0,0,2703,159476,3540,85736,2703,245212,California
Santa Clara,2021-02-16,13765,344920,3997,152995,9768,191925,0,0,6926,159580,6822,92558,6926,252138,California
Santa Clara,2021-02-17,14064,358984,5485,158480,8579,200504,0,0,7045,159629,7001,99559,7050,259188,California
Santa Clara,2021-02-18,14177,373161,8353,166833,5824,206328,0,0,7224,159945,6911,106470,7227,266415,California
Santa Clara,2021-02-19,14797,387958,9514,176347,5283,211611,0,0,8612,162393,6169,112639,8617,275032,California
Santa Clara,2021-02-20,6814,394772,5100,181447,1714,213325,0,0,3672,162933,3132,115771,3672,278704,California
Santa Clara,2021-02-21,3245,398017,2429,183876,816,214141,0,0,1163,162024,2074,117845,1165,279869,California
Santa Clara,2021-02-22,10152,408169,6080,189956,4072,218213,0,0,4732,161347,5410,123255,4733,284602,California
Santa Clara,2021-02-23,11869,420038,7702,197658,4167,222380,0,0,6736,162967,5120,128375,6740,291342,California
Santa Clara,2021-02-24,14130,434168,9101,206759,5029,227409,0,0,8747,166347,5367,133742,8747,300089,California
Santa Clara,2021-02-25,14592,448760,9236,215995,5356,232765,0,0,7881,167543,6690,140432,7886,307975,California
Santa Clara,2021-02-26,14549,463309,8432,224427,6117,238882,0,0,7996,169014,6528,146960,7999,315974,California
Santa Clara,2021-02-27,8059,471368,5495,229922,2563,241445,1,1,4457,169887,3592,150552,4465,320439,California
Santa Clara,2021-02-28,4720,476088,3073,232995,1647,243092,0,1,2204,169584,2507,153059,2204,322643,California
Santa Clara,2021-03-01,14060,490148,7972,240967,6085,249177,3,4,8699,172945,5341,158400,8702,331345,California
Santa Clara,2021-03-02,15858,506006,9387,250354,6470,255647,1,5,10108,177329,5726,164126,10110,341455,California
Santa Clara,2021-03-03,18420,524426,9038,259392,9381,265028,1,6,11442,181837,6941,171067,11449,352904,California
Santa Clara,2021-03-04,16387,540813,8934,268326,7450,272478,3,9,9551,184634,6759,177826,9556,362460,California
Santa Clara,2021-03-05,16460,557273,9139,277465,7196,279674,125,134,9126,186574,7315,185141,9255,371715,California
Santa Clara,2021-03-06,9352,566625,6267,283732,2650,282324,435,569,7043,191756,2296,187437,7478,379193,California
Santa Clara,2021-03-07,6722,573347,4409,288141,2081,284405,232,801,5355,195983,1359,188796,5586,384779,California
Santa Clara,2021-03-08,12835,586182,6681,294822,5593,289998,561,1362,8221,200169,4597,193393,8783,393562,California
Santa Clara,2021-03-09,14903,601085,6213,301035,7360,297358,1330,2692,6589,199789,8296,201689,7916,401478,California
Santa Clara,2021-03-10,14995,616080,6473,307508,6419,303777,2103,4795,6108,199118,8862,210551,8191,409669,California
Santa Clara,2021-03-11,16993,633073,7740,315248,7750,311527,1503,6298,6042,195727,10923,221474,7532,417201,California
Santa Clara,2021-03-12,17625,650698,9063,324311,6993,318520,1569,7867,5947,191589,11638,233112,7500,424701,California
Santa Clara,2021-03-13,10702,661400,6191,330502,3019,321539,1492,9359,4791,191968,5888,239000,6267,430968,California
Santa Clara,2021-03-14,6477,667877,3347,333849,1823,323362,1307,10666,3195,193195,3266,242266,4493,435461,California
Santa Clara,2021-03-15,12747,680624,6519,340368,5959,329321,269,10935,5971,192682,6754,249020,6241,441702,California
Santa Clara,2021-03-16,18137,698761,10253,350621,7676,336997,208,11143,8793,192365,9316,258336,8999,450701,California
Santa Clara,2021-03-17,19823,718584,11230,361851,8425,345422,168,11311,10238,193229,9537,267873,10401,461102,California
Santa Clara,2021-03-18,18988,737572,8882,370733,8945,354367,1161,12472,9047,193543,9889,277762,10203,471305,California
Santa Clara,2021-03-19,19160,756732,9851,380584,8311,362678,998,13470,9948,195326,9155,286917,10938,482243,California
Santa Clara,2021-03-20,11462,768194,6295,386879,4340,367018,827,14297,6745,198205,4689,291606,7568,489811,California
Santa Clara,2021-03-21,8259,776453,3736,390615,3124,370142,1399,15696,5545,202434,2704,294310,6933,496744,California
Santa Clara,2021-03-22,16254,792707,9067,399682,6843,376985,344,16040,9290,205127,6940,301250,9633,506377,California
Santa Clara,2021-03-23,19159,811866,12191,411873,6453,383438,515,16555,11241,209011,7872,309122,11756,518133,California
Santa Clara,2021-03-24,22525,834391,14508,426381,7608,391046,409,16964,14634,216208,7849,316971,15046,533179,California
Santa Clara,2021-03-25,22834,857225,13073,439454,8778,399824,983,17947,14744,223895,8028,324999,15715,548894,California
Santa Clara,2021-03-26,21824,879049,13905,453359,7536,407360,383,18330,13505,229497,8282,333281,13884,562778,California
Santa Clara,2021-03-27,15610,894659,10381,463740,4466,411826,763,19093,8422,231532,7146,340427,9181,571959,California
Santa Clara,2021-03-28,11992,906651,8296,472036,2982,414808,714,19807,6491,233256,5476,345903,7200,579159,California
Santa Clara,2021-03-29,20523,927174,12588,484624,7210,422018,725,20532,11187,235864,9297,355200,11905,591064,California
Santa Clara,2021-03-30,25524,952698,15197,499821,8394,430412,1933,22465,16341,244983,9149,364349,18268,609332,California
Santa Clara,2021-03-31,20334,973032,11789,511610,7420,437832,1125,23590,12583,250965,7714,372063,13696,623028,California
Santa Clara,2021-04-01,31469,1004501,19658,531268,8820,446652,2991,26581,19905,262337,11504,383567,22876,645904,California
Santa Clara,2021-04-02,24922,1029423,14225,545493,8581,455233,2116,28697,16286,272123,8605,392172,18391,664295,California
Santa Clara,2021-04-03,15132,1044555,9166,554659,3476,458709,2490,31187,8406,276304,6707,398879,10888,675183,California
Santa Clara,2021-04-04,7587,1052142,4016,558675,2416,461125,1155,32342,3951,277781,3627,402506,5104,680287,California
Santa Clara,2021-04-05,21692,1073834,14476,573151,4756,465881,2460,34802,14150,286868,7518,410024,16605,696892,California
Santa Clara,2021-04-06,29300,1103134,16155,589306,7736,473617,5409,40211,17582,298169,11677,421701,22978,719870,California
Santa Clara,2021-04-07,30566,1133700,15802,605108,8341,481958,6423,46634,18665,311383,11849,433550,25063,744933,California
Santa Clara,2021-04-08,29599,1163299,16167,621275,5929,487887,7503,54137,16100,321534,13427,446977,23578,768511,California
Santa Clara,2021-04-09,27616,1190915,13697,634972,6757,494644,7162,61299,14074,329256,13488,460465,21210,789721,California
Santa Clara,2021-04-10,21208,1212123,12284,647256,3734,498378,5190,66489,11368,335973,9810,470275,16527,806248,California
Santa Clara,2021-04-11,15934,1228057,9544,656800,2631,501009,3759,70248,8264,340341,7641,477916,12009,818257,California
Santa Clara,2021-04-12,26719,1254776,18825,675625,5487,506496,2407,72655,18244,352562,8423,486339,20644,838901,California
Santa Clara,2021-04-13,34184,1288960,26941,702566,7216,513712,27,72682,26388,371279,7720,494059,26437,865338,California
Santa Clara,2021-04-14,36398,1325358,27576,730142,8819,522531,3,72685,25868,386706,10470,504529,25897,891235,California
Santa Clara,2021-04-15,43781,1369139,33980,764122,9801,532332,0,72685,33759,410567,9922,514451,33783,925018,California
Santa Clara,2021-04-16,37743,1406882,26122,790244,11619,543951,2,72687,27297,427508,10381,524832,27322,952340,California
Santa Clara,2021-04-17,21486,1428368,14938,805182,6547,550498,1,72688,14958,435996,6487,531319,14975,967315,California
Santa Clara,2021-04-18,16299,1444667,10574,815756,5725,556223,0,72688,10204,440148,6062,537381,10214,977529,California
Santa Clara,2021-04-19,28510,1473177,20588,836344,7921,564144,1,72689,17110,445953,11334,548715,17139,994668,California
Santa Clara,2021-04-20,36630,1509807,22208,858552,14422,578566,0,72689,22465,454387,14060,562775,22494,1017162,California
Santa Clara,2021-04-21,36413,1546220,20995,879547,15417,593983,1,72690,24057,466198,12279,575054,24090,1041252,California
Santa Clara,2021-04-22,36886,1583106,24511,904058,12374,606357,1,72691,17356,464179,19436,594490,17417,1058669,California
Santa Clara,2021-04-23,31802,1614908,19380,923438,12422,618779,0,72691,14964,462453,16739,611229,15013,1073682,California
Santa Clara,2021-04-24,20456,1635364,14812,938250,5643,624422,1,72692,11416,464921,8975,620204,11443,1085125,California
Santa Clara,2021-04-25,13198,1648562,9464,947714,3727,628149,7,72699,8297,468389,4858,625062,8326,1093451,California
Santa Clara,2021-04-26,23209,1671771,17987,965701,5165,633314,57,72756,9493,464335,13626,638688,9572,1103023,California
Santa Clara,2021-04-27,25566,1697337,18200,983901,7079,640393,287,73043,11153,461483,14325,653013,11473,1114496,California
Santa Clara,2021-04-28,24412,1721749,17795,1001696,6179,646572,438,73481,9918,457480,14413,667426,10410,1124906,California
Santa Clara,2021-04-29,22843,1744592,16527,1018223,5921,652493,395,73876,8292,451743,14485,681911,8748,1133654,California
Santa Clara,2021-04-30,22604,1767196,15455,1033678,6790,659283,359,74235,9542,448728,12981,694892,9966,1143620,California
Santa Clara,2021-05-01,16770,1783966,13864,1047542,2651,661934,255,74490,5397,443090,11330,706222,5692,1149312,California
Santa Clara,2021-05-02,10875,1794841,8968,1056510,1680,663614,227,74717,3482,439465,7356,713578,3731,1153043,California
Santa Clara,2021-05-03,21455,1816296,18080,1074590,2945,666559,430,75147,4855,428248,16530,730108,5313,1158356,California
Santa Clara,2021-05-04,25809,1842105,20421,1095011,5128,671687,260,75407,4212,411233,21522,751630,4507,1162863,California
Santa Clara,2021-05-05,15486,1857591,11121,1106132,4178,675865,187,75594,3000,402000,12440,764070,3207,1166070,California
Santa Clara,2021-05-06,10498,1868089,7852,1113984,2530,678395,116,75710,1366,394412,9088,773158,1500,1167570,California
Santa Cruz,2020-12-15,2,2,2,2,0,0,0,0,2,2,0,0,2,2,California
Santa Cruz,2020-12-16,58,60,58,60,0,0,0,0,58,60,0,0,58,60,California
Santa Cruz,2020-12-17,389,449,389,449,0,0,0,0,389,449,0,0,389,449,California
Santa Cruz,2020-12-18,464,913,464,913,0,0,0,0,464,913,0,0,464,913,California
Santa Cruz,2020-12-19,179,1092,178,1091,1,1,0,0,179,1092,0,0,179,1092,California
Santa Cruz,2020-12-20,95,1187,95,1186,0,1,0,0,95,1187,0,0,95,1187,California
Santa Cruz,2020-12-21,437,1624,437,1623,0,1,0,0,437,1624,0,0,437,1624,California
Santa Cruz,2020-12-22,424,2048,423,2046,1,2,0,0,424,2048,0,0,424,2048,California
Santa Cruz,2020-12-23,372,2420,329,2375,43,45,0,0,372,2420,0,0,372,2420,California
Santa Cruz,2020-12-24,125,2545,49,2424,76,121,0,0,125,2545,0,0,125,2545,California
Santa Cruz,2020-12-25,11,2556,11,2435,0,121,0,0,11,2556,0,0,11,2556,California
Santa Cruz,2020-12-26,64,2620,45,2480,19,140,0,0,64,2620,0,0,64,2620,California
Santa Cruz,2020-12-27,32,2652,27,2507,5,145,0,0,32,2652,0,0,32,2652,California
Santa Cruz,2020-12-28,485,3137,108,2615,377,522,0,0,485,3137,0,0,485,3137,California
Santa Cruz,2020-12-29,798,3935,369,2984,429,951,0,0,798,3935,0,0,798,3935,California
Santa Cruz,2020-12-30,356,4291,164,3148,192,1143,0,0,356,4291,0,0,356,4291,California
Santa Cruz,2020-12-31,313,4604,11,3159,302,1445,0,0,313,4604,0,0,313,4604,California
Santa Cruz,2021-01-01,33,4637,1,3160,32,1477,0,0,33,4637,0,0,33,4637,California
Santa Cruz,2021-01-02,71,4708,57,3217,14,1491,0,0,71,4708,0,0,71,4708,California
Santa Cruz,2021-01-03,15,4723,7,3224,8,1499,0,0,15,4723,0,0,15,4723,California
Santa Cruz,2021-01-04,281,5004,123,3347,158,1657,0,0,279,5002,0,0,279,5002,California
Santa Cruz,2021-01-05,566,5570,429,3776,137,1794,0,0,264,4964,302,302,264,5266,California
Santa Cruz,2021-01-06,803,6373,670,4446,133,1927,0,0,464,5090,338,640,464,5730,California
Santa Cruz,2021-01-07,538,6911,211,4657,327,2254,0,0,385,5323,153,793,386,6116,California
Santa Cruz,2021-01-08,935,7846,562,5219,373,2627,0,0,487,5363,448,1241,488,6604,California
Santa Cruz,2021-01-09,464,8310,123,5342,341,2968,0,0,410,5719,54,1295,410,7014,California
Santa Cruz,2021-01-10,80,8390,70,5412,10,2978,0,0,21,5681,59,1354,21,7035,California
Santa Cruz,2021-01-11,726,9116,592,6004,134,3112,0,0,191,5338,535,1889,192,7227,California
Santa Cruz,2021-01-12,736,9852,532,6536,204,3316,0,0,493,5588,243,2132,493,7720,California
Santa Cruz,2021-01-13,525,10377,228,6764,297,3613,0,0,441,5948,81,2213,441,8161,California
Santa Cruz,2021-01-14,558,10935,102,6866,456,4069,0,0,492,6374,66,2279,492,8653,California
Santa Cruz,2021-01-15,1458,12393,77,6943,1381,5450,0,0,1393,7705,64,2343,1395,10048,California
Santa Cruz,2021-01-16,426,12819,53,6996,373,5823,0,0,407,8093,19,2362,407,10455,California
Santa Cruz,2021-01-17,297,13116,41,7037,256,6079,0,0,272,8340,25,2387,272,10727,California
Santa Cruz,2021-01-18,1016,14132,106,7143,910,6989,0,0,954,9232,62,2449,954,11681,California
Santa Cruz,2021-01-19,1623,15755,525,7668,1098,8087,0,0,1270,10152,351,2800,1271,12952,California
Santa Cruz,2021-01-20,1237,16992,182,7850,1055,9142,0,0,1041,11000,193,2993,1041,13993,California
Santa Cruz,2021-01-21,1711,18703,201,8051,1510,10652,0,0,1603,12497,108,3101,1605,15598,California
Santa Cruz,2021-01-22,1798,20501,532,8583,1266,11918,0,0,1696,14095,99,3200,1697,17295,California
Santa Cruz,2021-01-23,402,20903,147,8730,255,12173,0,0,342,14378,59,3259,342,17637,California
Santa Cruz,2021-01-24,116,21019,21,8751,95,12268,0,0,98,14458,18,3277,98,17735,California
Santa Cruz,2021-01-25,1064,22083,362,9113,702,12970,0,0,553,14500,511,3788,553,18288,California
Santa Cruz,2021-01-26,1696,23779,249,9362,1447,14417,0,0,1183,15170,513,4301,1183,19471,California
Santa Cruz,2021-01-27,1653,25432,449,9811,1204,15621,0,0,1269,16057,382,4683,1269,20740,California
Santa Cruz,2021-01-28,1749,27181,291,10102,1458,17079,0,0,1473,17255,276,4959,1474,22214,California
Santa Cruz,2021-01-29,1735,28916,490,10592,1245,18324,0,0,1605,18731,129,5088,1605,23819,California
Santa Cruz,2021-01-30,1060,29976,309,10901,751,19075,0,0,926,19523,134,5222,926,24745,California
Santa Cruz,2021-01-31,222,30198,113,11014,109,19184,0,0,208,19717,14,5236,208,24953,California
Santa Cruz,2021-02-01,1234,31432,760,11774,474,19658,0,0,827,20137,407,5643,827,25780,California
Santa Cruz,2021-02-02,1010,32442,128,11902,882,20540,0,0,856,20840,153,5796,856,26636,California
Santa Cruz,2021-02-03,2238,34680,961,12863,1277,21817,0,0,1923,22452,311,6107,1923,28559,California
Santa Cruz,2021-02-04,1854,36534,773,13636,1081,22898,0,0,1517,23633,336,6443,1517,30076,California
Santa Cruz,2021-02-05,3172,39706,793,14429,2379,25277,0,0,2851,26164,320,6763,2851,32927,California
Santa Cruz,2021-02-06,2588,42294,163,14592,2425,27702,0,0,2242,28060,346,7109,2242,35169,California
Santa Cruz,2021-02-07,909,43203,122,14714,787,28489,0,0,891,28933,18,7127,891,36060,California
Santa Cruz,2021-02-08,717,43920,203,14917,514,29003,0,0,516,29249,200,7327,516,36576,California
Santa Cruz,2021-02-09,2376,46296,1056,15973,1320,30323,0,0,2109,31095,263,7590,2109,38685,California
Santa Cruz,2021-02-10,2203,48499,580,16553,1623,31946,0,0,1502,31906,692,8282,1503,40188,California
Santa Cruz,2021-02-11,1861,50360,318,16871,1543,33489,0,0,1332,32711,527,8809,1332,41520,California
Santa Cruz,2021-02-12,3228,53588,421,17292,2807,36296,0,0,1819,33132,1400,10209,1821,43341,California
Santa Cruz,2021-02-13,1713,55301,124,17416,1589,37885,0,0,1299,34017,414,10623,1299,44640,California
Santa Cruz,2021-02-14,1410,56711,70,17486,1340,39225,0,0,1146,34899,264,10887,1146,45786,California
Santa Cruz,2021-02-15,1583,58294,280,17766,1303,40528,0,0,566,34449,1017,11904,567,46353,California
Santa Cruz,2021-02-16,1697,59991,208,17974,1489,42017,0,0,538,33850,1137,13041,538,46891,California
Santa Cruz,2021-02-17,2923,62914,977,18951,1946,43963,0,0,1221,33385,1689,14730,1224,48115,California
Santa Cruz,2021-02-18,2883,65797,638,19589,2245,46208,0,0,1232,32970,1647,16377,1232,49347,California
Santa Cruz,2021-02-19,3272,69069,1148,20737,2124,48332,0,0,2012,33725,1257,17634,2012,51359,California
Santa Cruz,2021-02-20,2388,71457,1500,22237,888,49220,0,0,1894,35125,494,18128,1894,53253,California
Santa Cruz,2021-02-21,830,72287,363,22600,467,49687,0,0,704,35705,124,18252,704,53957,California
Santa Cruz,2021-02-22,1258,73545,967,23567,291,49978,0,0,535,35519,721,18973,535,54492,California
Santa Cruz,2021-02-23,2099,75644,938,24505,1161,51139,0,0,710,34841,1388,20361,710,55202,California
Santa Cruz,2021-02-24,3195,78839,1673,26178,1522,52661,0,0,1217,34084,1974,22335,1217,56419,California
Santa Cruz,2021-02-25,3247,82086,1437,27615,1810,54471,0,0,1786,34417,1454,23789,1787,58206,California
Santa Cruz,2021-02-26,2729,84815,767,28382,1962,56433,0,0,1552,34798,1173,24962,1554,59760,California
Santa Cruz,2021-02-27,2633,87448,930,29312,1703,58136,0,0,1834,35834,798,25760,1834,61594,California
Santa Cruz,2021-02-28,1301,88749,361,29673,940,59076,0,0,1086,36708,212,25972,1086,62680,California
Santa Cruz,2021-03-01,1830,90579,1255,30928,575,59651,0,0,690,36261,1137,27109,690,63370,California
Santa Cruz,2021-03-02,1536,92115,361,31289,1175,60826,0,0,859,36448,675,27784,862,64232,California
Santa Cruz,2021-03-03,2369,94484,633,31922,1736,62562,0,0,1298,36678,1068,28852,1298,65530,California
Santa Cruz,2021-03-04,3018,97502,1415,33337,1602,64164,1,1,2033,37739,974,29826,2035,67565,California
Santa Cruz,2021-03-05,2615,100117,487,33824,2110,66274,18,19,1134,37413,1478,31304,1152,68717,California
Santa Cruz,2021-03-06,3872,103989,1347,35171,2420,68694,105,124,2159,37962,1713,33017,2262,70979,California
Santa Cruz,2021-03-07,1348,105337,129,35300,1145,69839,74,198,557,37803,790,33807,631,71610,California
Santa Cruz,2021-03-08,1085,106422,219,35519,737,70576,129,327,653,38154,431,34238,782,72392,California
Santa Cruz,2021-03-09,1775,108197,244,35763,1384,71960,147,474,701,37930,1072,35310,848,73240,California
Santa Cruz,2021-03-10,3865,112062,2092,37855,1623,73583,150,624,1997,38213,1866,37176,2149,75389,California
Santa Cruz,2021-03-11,2809,114871,1220,39075,1414,74997,175,799,1547,38676,1261,38437,1724,77113,California
Santa Cruz,2021-03-12,2766,117637,892,39967,1580,76577,294,1093,911,38029,1851,40288,1204,78317,California
Santa Cruz,2021-03-13,2314,119951,1336,41303,934,77511,44,1137,1181,38124,1131,41419,1226,79543,California
Santa Cruz,2021-03-14,906,120857,217,41520,675,78186,14,1151,441,38115,463,41882,454,79997,California
Santa Cruz,2021-03-15,1358,122215,483,42003,839,79025,36,1187,585,37967,770,42652,622,80619,California
Santa Cruz,2021-03-16,2316,124531,1088,43091,1186,80211,42,1229,1339,38373,974,43626,1380,81999,California
Santa Cruz,2021-03-17,3871,128402,2235,45326,1626,81837,10,1239,2517,39553,1350,44976,2530,84529,California
Santa Cruz,2021-03-18,3868,132270,2093,47419,1655,83492,120,1359,2065,39938,1800,46776,2185,86714,California
Santa Cruz,2021-03-19,3283,135553,1324,48743,1734,85226,225,1584,1652,40189,1626,48402,1877,88591,California
Santa Cruz,2021-03-20,2172,137725,1615,50358,520,85746,37,1621,1097,40251,1072,49474,1134,89725,California
Santa Cruz,2021-03-21,827,138552,440,50798,265,86011,122,1743,444,40437,381,49855,567,90292,California
Santa Cruz,2021-03-22,1379,139931,852,51650,504,86515,23,1766,946,40977,430,50285,970,91262,California
Santa Cruz,2021-03-23,2568,142499,1444,53094,1074,87589,50,1816,1712,41885,854,51139,1762,93024,California
Santa Cruz,2021-03-24,3034,145533,2039,55133,974,88563,21,1837,1997,42870,1032,52171,2017,95041,California
Santa Cruz,2021-03-25,2652,148185,1332,56465,1285,89848,35,1872,1357,42974,1288,53459,1392,96433,California
Santa Cruz,2021-03-26,3039,151224,1835,58300,1177,91025,27,1899,2055,44079,977,54436,2082,98515,California
Santa Cruz,2021-03-27,3240,154464,2014,60314,1201,92226,25,1924,1529,43932,1702,56138,1555,100070,California
Santa Cruz,2021-03-28,934,155398,573,60887,347,92573,14,1938,497,44010,433,56571,511,100581,California
Santa Cruz,2021-03-29,1979,157377,884,61771,1027,93600,68,2006,1279,44660,697,57268,1347,101928,California
Santa Cruz,2021-03-30,2732,160109,822,62593,1747,95347,163,2169,1757,45607,972,58240,1919,103847,California
Santa Cruz,2021-03-31,4087,164196,2734,65327,1305,96652,48,2217,2102,45776,1981,60221,2150,105997,California
Santa Cruz,2021-04-01,4049,168245,2160,67487,1782,98434,107,2324,2052,45943,1992,62213,2159,108156,California
Santa Cruz,2021-04-02,3179,171424,1431,68918,1566,100000,182,2506,1769,46489,1405,63618,1951,110107,California
Santa Cruz,2021-04-03,2263,173687,1233,70151,895,100895,135,2641,892,46146,1369,64987,1026,111133,California
Santa Cruz,2021-04-04,937,174624,491,70642,391,101286,55,2696,551,46366,386,65373,606,111739,California
Santa Cruz,2021-04-05,2276,176900,793,71435,1313,102599,170,2866,1406,47074,869,66242,1577,113316,California
Santa Cruz,2021-04-06,3414,180314,1656,73091,1375,103974,383,3249,1977,48005,1427,67669,2358,115674,California
Santa Cruz,2021-04-07,4162,184476,1639,74730,2159,106133,364,3613,1872,47954,2286,69955,2235,117909,California
Santa Cruz,2021-04-08,4274,188750,2353,77083,1403,107536,518,4131,2516,49236,1750,71705,3032,120941,California
Santa Cruz,2021-04-09,3570,192320,1508,78591,1660,109196,402,4533,1961,49996,1604,73309,2364,123305,California
Santa Cruz,2021-04-10,2265,194585,1094,79685,919,110115,252,4785,1070,50126,1191,74500,1321,124626,California
Santa Cruz,2021-04-11,992,195577,517,80202,383,110498,92,4877,477,50180,515,75015,569,125195,California
Santa Cruz,2021-04-12,2285,197862,820,81022,1039,111537,426,5303,1089,50513,1181,76196,1514,126709,California
Santa Cruz,2021-04-13,2901,200763,1462,82484,1437,112974,2,5305,1634,50887,1262,77458,1636,128345,California
Santa Cruz,2021-04-14,4642,205405,2262,84746,2380,115354,0,5305,2381,51018,2252,79710,2383,130728,California
Santa Cruz,2021-04-15,5008,210413,3193,87939,1815,117169,0,5305,3162,52345,1835,81545,3162,133890,California
Santa Cruz,2021-04-16,4432,214845,2548,90487,1882,119051,2,5307,2472,52867,1953,83498,2475,136365,California
Santa Cruz,2021-04-17,2276,217121,897,91384,1379,120430,0,5307,1513,53619,761,84259,1513,137878,California
Santa Cruz,2021-04-18,1075,218196,516,91900,559,120989,0,5307,600,53746,473,84732,600,138478,California
Santa Cruz,2021-04-19,2438,220634,1527,93427,910,121899,1,5308,1506,54323,929,85661,1506,139984,California
Santa Cruz,2021-04-20,3121,223755,1691,95118,1430,123329,0,5308,1767,54748,1343,87004,1768,141752,California
Santa Cruz,2021-04-21,4278,228033,2893,98011,1385,124714,0,5308,2410,55305,1853,88857,2410,144162,California
Santa Cruz,2021-04-22,4342,232375,2927,100938,1415,126129,0,5308,2440,55853,1892,90749,2440,146602,California
Santa Cruz,2021-04-23,3085,235460,1747,102685,1337,127466,1,5309,1391,55560,1685,92434,1392,147994,California
Santa Cruz,2021-04-24,2254,237714,1086,103771,1165,128631,3,5312,694,54706,1551,93985,697,148691,California
Santa Cruz,2021-04-25,1096,238810,700,104471,384,129015,12,5324,451,54531,637,94622,462,149153,California
Santa Cruz,2021-04-26,1775,240585,908,105379,853,129868,14,5338,672,54125,1093,95715,687,149840,California
Santa Cruz,2021-04-27,2771,243356,851,106230,1854,131722,66,5404,1383,54191,1383,97098,1449,151289,California
Santa Cruz,2021-04-28,3420,246776,1899,108129,1446,133168,75,5479,1796,54445,1614,98712,1868,153157,California
Santa Cruz,2021-04-29,3731,250507,2477,110606,1191,134359,63,5542,1285,53361,2433,101145,1349,154506,California
Santa Cruz,2021-04-30,2247,252754,1217,111823,987,135346,43,5585,995,53155,1244,102389,1038,155544,California
Santa Cruz,2021-05-01,1294,254048,1034,112857,227,135573,33,5618,597,53090,695,103084,630,156174,California
Santa Cruz,2021-05-02,637,254685,464,113321,148,135721,25,5643,201,52881,436,103520,227,156401,California
Santa Cruz,2021-05-03,1784,256469,899,114220,819,136540,66,5709,598,52371,1175,104695,665,157066,California
Santa Cruz,2021-05-04,2133,258602,1268,115488,841,137381,24,5733,654,51572,1477,106172,678,157744,California
Santa Cruz,2021-05-05,2141,260743,1027,116515,1096,138477,18,5751,450,50388,1655,107827,471,158215,California
Santa Cruz,2021-05-06,2854,263597,2100,118615,611,139088,143,5894,344,48368,2504,110331,484,158699,California
Shasta,2020-12-16,131,131,131,131,0,0,0,0,131,131,0,0,131,131,California
Shasta,2020-12-17,418,549,418,549,0,0,0,0,418,549,0,0,418,549,California
Shasta,2020-12-18,166,715,166,715,0,0,0,0,166,715,0,0,166,715,California
Shasta,2020-12-19,1,716,1,716,0,0,0,0,1,716,0,0,1,716,California
Shasta,2020-12-21,79,795,79,795,0,0,0,0,79,795,0,0,79,795,California
Shasta,2020-12-22,191,986,186,981,5,5,0,0,191,986,0,0,191,986,California
Shasta,2020-12-23,173,1159,169,1150,4,9,0,0,173,1159,0,0,173,1159,California
Shasta,2020-12-24,18,1177,18,1168,0,9,0,0,18,1177,0,0,18,1177,California
Shasta,2020-12-26,4,1181,1,1169,3,12,0,0,4,1181,0,0,4,1181,California
Shasta,2020-12-27,1,1182,0,1169,1,13,0,0,1,1182,0,0,1,1182,California
Shasta,2020-12-28,40,1222,31,1200,9,22,0,0,40,1222,0,0,40,1222,California
Shasta,2020-12-29,186,1408,185,1385,1,23,0,0,186,1408,0,0,186,1408,California
Shasta,2020-12-30,178,1586,168,1553,10,33,0,0,178,1586,0,0,178,1586,California
Shasta,2020-12-31,83,1669,2,1555,81,114,0,0,83,1669,0,0,83,1669,California
Shasta,2021-01-02,2,1671,0,1555,2,116,0,0,2,1671,0,0,2,1671,California
Shasta,2021-01-03,1,1672,1,1556,0,116,0,0,1,1672,0,0,1,1672,California
Shasta,2021-01-04,372,2044,306,1862,66,182,0,0,373,2045,0,0,373,2045,California
Shasta,2021-01-05,335,2379,314,2176,21,203,0,0,254,2218,81,81,254,2299,California
Shasta,2021-01-06,466,2845,395,2571,71,274,0,0,204,2161,261,342,204,2503,California
Shasta,2021-01-07,125,2970,36,2607,89,363,0,0,104,2244,21,363,104,2607,California
Shasta,2021-01-08,525,3495,448,3055,77,440,0,0,317,2353,208,571,317,2924,California
Shasta,2021-01-09,72,3567,63,3118,9,449,0,0,70,2421,2,573,70,2994,California
Shasta,2021-01-10,5,3572,0,3118,5,454,0,0,4,2425,1,574,5,2999,California
Shasta,2021-01-11,406,3978,184,3302,222,676,0,0,371,2761,35,609,371,3370,California
Shasta,2021-01-12,484,4462,327,3629,157,833,0,0,310,2897,174,783,310,3680,California
Shasta,2021-01-13,599,5061,267,3896,332,1165,0,0,430,3158,169,952,430,4110,California
Shasta,2021-01-14,499,5560,51,3947,448,1613,0,0,481,3621,18,970,481,4591,California
Shasta,2021-01-15,692,6252,136,4083,556,2169,0,0,690,4309,2,972,690,5281,California
Shasta,2021-01-16,897,7149,54,4137,843,3012,0,0,894,5200,3,975,894,6175,California
Shasta,2021-01-17,27,7176,6,4143,21,3033,0,0,23,5219,4,979,23,6198,California
Shasta,2021-01-18,599,7775,129,4272,470,3503,0,0,591,5802,8,987,591,6789,California
Shasta,2021-01-19,1058,8833,398,4670,660,4163,0,0,910,6564,148,1135,910,7699,California
Shasta,2021-01-20,678,9511,410,5080,268,4431,0,0,493,6877,180,1315,493,8192,California
Shasta,2021-01-21,632,10143,279,5359,353,4784,0,0,609,7463,23,1338,609,8801,California
Shasta,2021-01-22,445,10588,171,5530,274,5058,0,0,439,7896,6,1344,439,9240,California
Shasta,2021-01-23,68,10656,5,5535,63,5121,0,0,67,7962,1,1345,67,9307,California
Shasta,2021-01-24,25,10681,2,5537,23,5144,0,0,24,7985,1,1346,24,9331,California
Shasta,2021-01-25,750,11431,491,6028,259,5403,0,0,464,8164,285,1631,464,9795,California
Shasta,2021-01-26,710,12141,333,6361,377,5780,0,0,476,8408,232,1863,476,10271,California
Shasta,2021-01-27,459,12600,179,6540,280,6060,0,0,410,8769,49,1912,410,10681,California
Shasta,2021-01-28,886,13486,576,7116,310,6370,0,0,664,9211,222,2134,664,11345,California
Shasta,2021-01-29,831,14317,330,7446,501,6871,0,0,641,9663,190,2324,642,11987,California
Shasta,2021-01-30,615,14932,14,7460,601,7472,0,0,606,10260,9,2333,606,12593,California
Shasta,2021-01-31,28,14960,4,7464,24,7496,0,0,26,10284,2,2335,26,12619,California
Shasta,2021-02-01,530,15490,148,7612,382,7878,0,0,386,10526,144,2479,386,13005,California
Shasta,2021-02-02,983,16473,494,8106,489,8367,0,0,891,11327,90,2569,891,13896,California
Shasta,2021-02-03,718,17191,210,8316,508,8875,0,0,484,11577,234,2803,484,14380,California
Shasta,2021-02-04,1084,18275,664,8980,420,9295,0,0,891,12276,192,2995,891,15271,California
Shasta,2021-02-05,1240,19515,164,9144,1076,10371,0,0,1033,13103,206,3201,1033,16304,California
Shasta,2021-02-06,1744,21259,41,9185,1703,12074,0,0,1721,14801,23,3224,1721,18025,California
Shasta,2021-02-07,26,21285,3,9188,23,12097,0,0,24,14823,2,3226,24,18049,California
Shasta,2021-02-08,596,21881,167,9355,429,12526,0,0,306,14839,290,3516,306,18355,California
Shasta,2021-02-09,1122,23003,652,10007,470,12996,0,0,730,15177,392,3908,730,19085,California
Shasta,2021-02-10,1117,24120,781,10788,336,13332,0,0,594,15248,524,4432,595,19680,California
Shasta,2021-02-11,886,25006,186,10974,700,14032,0,0,364,15095,517,4949,364,20044,California
Shasta,2021-02-12,1724,26730,1143,12117,581,14613,0,0,1173,15717,551,5500,1173,21217,California
Shasta,2021-02-13,1382,28112,368,12485,1014,15627,0,0,570,15475,813,6313,571,21788,California
Shasta,2021-02-14,150,28262,4,12489,146,15773,0,0,126,15577,24,6337,126,21914,California
Shasta,2021-02-15,380,28642,90,12579,290,16063,0,0,211,15619,169,6506,211,22125,California
Shasta,2021-02-16,1190,29832,516,13095,674,16737,0,0,419,15268,770,7276,419,22544,California
Shasta,2021-02-17,1033,30865,438,13533,595,17332,0,0,413,15061,620,7896,413,22957,California
Shasta,2021-02-18,921,31786,440,13973,481,17813,0,0,434,15008,487,8383,434,23391,California
Shasta,2021-02-19,1328,33114,935,14908,393,18206,0,0,861,15402,467,8850,861,24252,California
Shasta,2021-02-20,802,33916,89,14997,713,18919,0,0,303,15206,499,9349,303,24555,California
Shasta,2021-02-21,31,33947,2,14999,29,18948,0,0,9,15193,22,9371,9,24564,California
Shasta,2021-02-22,427,34374,74,15073,353,19301,0,0,178,15123,248,9619,178,24742,California
Shasta,2021-02-23,907,35281,467,15540,440,19741,0,0,322,14860,585,10204,322,25064,California
Shasta,2021-02-24,887,36168,505,16045,382,20123,0,0,271,14516,615,10819,271,25335,California
Shasta,2021-02-25,516,36684,160,16205,356,20479,0,0,162,14325,353,11172,162,25497,California
Shasta,2021-02-26,790,37474,94,16299,696,21175,0,0,330,14197,458,11630,330,25827,California
Shasta,2021-02-27,828,38302,27,16326,801,21976,0,0,188,13747,638,12268,188,26015,California
Shasta,2021-02-28,176,38478,4,16330,172,22148,0,0,126,13823,50,12318,126,26141,California
Shasta,2021-03-01,584,39062,59,16389,525,22673,0,0,295,13830,288,12606,295,26436,California
Shasta,2021-03-02,1017,40079,465,16854,552,23225,0,0,331,13477,684,13290,331,26767,California
Shasta,2021-03-03,665,40744,167,17021,498,23723,0,0,243,13298,422,13712,243,27010,California
Shasta,2021-03-04,3020,43764,2410,19431,610,24333,0,0,1795,13870,1224,14936,1796,28806,California
Shasta,2021-03-05,1542,45306,162,19593,1351,25684,29,29,794,13944,749,15685,823,29629,California
Shasta,2021-03-06,2744,48050,387,19980,2310,27994,47,76,857,12963,1885,17570,904,30533,California
Shasta,2021-03-07,91,48141,3,19983,56,28050,32,108,37,12978,54,17624,69,30602,California
Shasta,2021-03-08,568,48709,46,20029,383,28433,139,247,155,12861,411,18035,294,30896,California
Shasta,2021-03-09,1253,49962,593,20622,482,28915,178,425,698,13181,555,18590,875,31771,California
Shasta,2021-03-10,801,50763,258,20880,341,29256,202,627,136,12854,664,19254,337,32108,California
Shasta,2021-03-11,1475,52238,471,21351,732,29988,272,899,940,13534,532,19786,1212,33320,California
Shasta,2021-03-12,1529,53767,833,22184,447,30435,249,1148,397,13047,1131,20917,644,33964,California
Shasta,2021-03-13,758,54525,425,22609,232,30667,101,1249,475,13339,282,21199,574,34538,California
Shasta,2021-03-14,1019,55544,8,22617,989,31656,22,1271,881,14105,138,21337,904,35442,California
Shasta,2021-03-15,498,56042,35,22652,363,32019,100,1371,210,14126,288,21625,309,35751,California
Shasta,2021-03-16,1132,57174,147,22799,918,32937,67,1438,849,14759,283,21908,916,36667,California
Shasta,2021-03-17,734,57908,191,22990,485,33422,58,1496,395,14879,333,22241,453,37120,California
Shasta,2021-03-18,1541,59449,585,23575,852,34274,104,1600,1116,15678,421,22662,1220,38340,California
Shasta,2021-03-19,648,60097,196,23771,396,34670,56,1656,415,15917,232,22894,471,38811,California
Shasta,2021-03-20,748,60845,490,24261,244,34914,14,1670,600,16383,148,23042,614,39425,California
Shasta,2021-03-21,312,61157,297,24558,4,34918,11,1681,286,16655,25,23067,297,39722,California
Shasta,2021-03-22,347,61504,37,24595,274,35192,36,1717,199,16743,147,23214,235,39957,California
Shasta,2021-03-23,1309,62813,650,25245,600,35792,59,1776,759,17016,545,23759,818,40775,California
Shasta,2021-03-24,607,63420,156,25401,414,36206,37,1813,365,17177,241,24000,402,41177,California
Shasta,2021-03-25,1136,64556,451,25852,664,36870,21,1834,821,17708,312,24312,843,42020,California
Shasta,2021-03-26,1834,66390,1402,27254,402,37272,30,1864,1475,18855,359,24671,1506,43526,California
Shasta,2021-03-27,1595,67985,407,27661,317,37589,871,2735,576,19282,1017,25688,1444,44970,California
Shasta,2021-03-28,405,68390,299,27960,96,37685,10,2745,302,19493,101,25789,312,45282,California
Shasta,2021-03-29,418,68808,40,28000,366,38051,12,2757,164,19416,253,26042,176,45458,California
Shasta,2021-03-30,1245,70053,766,28766,462,38513,17,2774,626,19443,616,26658,643,46101,California
Shasta,2021-03-31,616,70669,205,28971,406,38919,5,2779,380,19597,231,26889,385,46486,California
Shasta,2021-04-01,888,71557,244,29215,632,39551,12,2791,570,19862,317,27206,582,47068,California
Shasta,2021-04-02,753,72310,201,29416,500,40051,52,2843,414,19991,337,27543,466,47534,California
Shasta,2021-04-03,514,72824,361,29777,134,40185,19,2862,389,20274,125,27668,408,47942,California
Shasta,2021-04-04,288,73112,174,29951,94,40279,20,2882,214,20434,74,27742,234,48176,California
Shasta,2021-04-05,442,73554,68,30019,311,40590,63,2945,255,20565,187,27929,318,48494,California
Shasta,2021-04-06,1164,74718,485,30504,504,41094,175,3120,541,20661,619,28548,715,49209,California
Shasta,2021-04-07,653,75371,213,30717,277,41371,163,3283,256,20686,393,28941,418,49627,California
Shasta,2021-04-08,1139,76510,259,30976,726,42097,154,3437,231,20164,906,29847,384,50011,California
Shasta,2021-04-09,2578,79088,2060,33036,309,42406,209,3646,2004,21808,567,30414,2211,52222,California
Shasta,2021-04-10,876,79964,592,33628,156,42562,128,3774,264,21587,612,31026,391,52613,California
Shasta,2021-04-11,1250,81214,395,34023,835,43397,20,3794,143,20647,1103,32129,163,52776,California
Shasta,2021-04-12,338,81552,8,34031,268,43665,62,3856,97,20565,240,32369,158,52934,California
Shasta,2021-04-13,1256,82808,365,34396,889,44554,2,3858,339,19992,913,33282,340,53274,California
Shasta,2021-04-14,601,83409,142,34538,457,45011,2,3860,222,19838,378,33660,224,53498,California
Shasta,2021-04-15,1070,84479,259,34797,811,45822,0,3860,303,19377,764,34424,303,53801,California
Shasta,2021-04-16,2343,86822,1848,36645,495,46317,0,3860,939,18914,1402,35826,939,54740,California
Shasta,2021-04-17,642,87464,410,37055,232,46549,0,3860,192,18656,450,36276,192,54932,California
Shasta,2021-04-18,266,87730,241,37296,25,46574,0,3860,33,18458,231,36507,33,54965,California
Shasta,2021-04-19,381,88111,29,37325,352,46926,0,3860,162,18401,219,36726,162,55127,California
Shasta,2021-04-20,1013,89124,256,37581,757,47683,0,3860,379,18147,633,37359,379,55506,California
Shasta,2021-04-21,606,89730,220,37801,386,48069,0,3860,306,18154,299,37658,306,55812,California
Shasta,2021-04-22,957,90687,280,38081,677,48746,0,3860,300,17799,655,38313,300,56112,California
Shasta,2021-04-23,660,91347,265,38346,395,49141,0,3860,329,17798,330,38643,329,56441,California
Shasta,2021-04-24,596,91943,360,38706,236,49377,0,3860,106,17414,490,39133,106,56547,California
Shasta,2021-04-25,212,92155,182,38888,29,49406,1,3861,38,17279,174,39307,39,56586,California
Shasta,2021-04-26,464,92619,50,38938,409,49815,5,3866,329,17479,133,39440,333,56919,California
Shasta,2021-04-27,512,93131,171,39109,305,50120,36,3902,288,17580,221,39661,322,57241,California
Shasta,2021-04-28,574,93705,155,39264,386,50506,33,3935,250,17538,324,39985,282,57523,California
Shasta,2021-04-29,782,94487,120,39384,639,51145,23,3958,185,17150,596,40581,208,57731,California
Shasta,2021-04-30,2263,96750,1837,41221,395,51540,31,3989,270,15458,1993,42574,301,58032,California
Shasta,2021-05-01,223,96973,20,41241,127,51667,76,4065,95,15501,128,42702,171,58203,California
Shasta,2021-05-02,46,97019,16,41257,17,51684,13,4078,19,15506,27,42729,32,58235,California
Shasta,2021-05-03,327,97346,74,41331,227,51911,26,4104,110,15426,216,42945,136,58371,California
Shasta,2021-05-04,330,97676,131,41462,172,52083,27,4131,190,15506,137,43082,217,58588,California
Shasta,2021-05-05,259,97935,96,41558,154,52237,9,4140,142,15540,117,43199,151,58739,California
Shasta,2021-05-06,405,98340,137,41695,260,52497,8,4148,152,15453,247,43446,160,58899,California
Sierra,2020-12-18,1,1,1,1,0,0,0,0,1,1,0,0,1,1,California
Sierra,2020-12-21,2,3,2,3,0,0,0,0,2,3,0,0,2,3,California
Sierra,2020-12-22,12,15,12,15,0,0,0,0,12,15,0,0,12,15,California
Sierra,2020-12-23,4,19,4,19,0,0,0,0,4,19,0,0,4,19,California
Sierra,2020-12-28,1,20,0,19,1,1,0,0,1,20,0,0,1,20,California
Sierra,2020-12-29,49,69,7,26,42,43,0,0,49,69,0,0,49,69,California
Sierra,2020-12-30,2,71,0,26,2,45,0,0,2,71,0,0,2,71,California
Sierra,2020-12-31,13,84,0,26,13,58,0,0,13,84,0,0,13,84,California
Sierra,2021-01-01,1,85,1,27,0,58,0,0,1,85,0,0,1,85,California
Sierra,2021-01-05,64,149,2,29,62,120,0,0,64,149,0,0,64,149,California
Sierra,2021-01-06,1,150,1,30,0,120,0,0,1,150,0,0,1,150,California
Sierra,2021-01-07,21,171,1,31,20,140,0,0,20,169,1,1,20,170,California
Sierra,2021-01-08,1,172,1,32,0,140,0,0,1,170,0,1,1,171,California
Sierra,2021-01-11,3,175,3,35,0,140,0,0,0,167,3,4,0,171,California
Sierra,2021-01-12,40,215,12,47,28,168,0,0,28,183,12,16,28,199,California
Sierra,2021-01-13,4,219,3,50,1,169,0,0,1,181,3,19,1,200,California
Sierra,2021-01-14,35,254,2,52,33,202,0,0,35,216,0,19,35,235,California
Sierra,2021-01-15,3,257,1,53,2,204,0,0,3,219,0,19,3,238,California
Sierra,2021-01-18,2,259,0,53,2,206,0,0,2,221,0,19,2,240,California
Sierra,2021-01-19,32,291,0,53,32,238,0,0,32,253,0,19,32,272,California
Sierra,2021-01-20,1,292,1,54,0,238,0,0,1,254,0,19,1,273,California
Sierra,2021-01-21,53,345,0,54,53,291,0,0,53,307,0,19,53,326,California
Sierra,2021-01-22,2,347,0,54,2,293,0,0,2,309,0,19,2,328,California
Sierra,2021-01-23,2,349,0,54,2,295,0,0,2,311,0,19,2,330,California
Sierra,2021-01-26,62,411,0,54,62,357,0,0,24,297,38,57,24,354,California
Sierra,2021-01-27,4,415,4,58,0,357,0,0,0,293,4,61,0,354,California
Sierra,2021-01-28,53,468,0,58,53,410,0,0,43,326,10,71,43,397,California
Sierra,2021-01-29,2,470,0,58,2,412,0,0,2,328,0,71,2,399,California
Sierra,2021-01-30,3,473,3,61,0,412,0,0,2,329,1,72,2,401,California
Sierra,2021-02-01,1,474,0,61,1,413,0,0,0,328,1,73,0,401,California
Sierra,2021-02-02,58,532,1,62,57,470,0,0,19,308,39,112,19,420,California
Sierra,2021-02-03,6,538,5,67,1,471,0,0,5,312,1,113,5,425,California
Sierra,2021-02-04,104,642,6,73,98,569,0,0,55,318,49,162,55,480,California
Sierra,2021-02-05,6,648,4,77,2,571,0,0,5,322,1,163,5,485,California
Sierra,2021-02-09,51,699,0,77,51,622,0,0,48,367,3,166,48,533,California
Sierra,2021-02-10,5,704,2,79,3,625,0,0,4,370,1,167,4,537,California
Sierra,2021-02-11,196,900,1,80,195,820,0,0,134,442,62,229,134,671,California
Sierra,2021-02-12,21,921,0,80,21,841,0,0,20,461,1,230,20,691,California
Sierra,2021-02-13,1,922,1,81,0,841,0,0,1,462,0,230,1,692,California
Sierra,2021-02-15,2,924,2,83,0,841,0,0,0,460,2,232,0,692,California
Sierra,2021-02-16,43,967,0,83,43,884,0,0,10,437,33,265,10,702,California
Sierra,2021-02-17,4,971,0,83,4,888,0,0,1,435,3,268,1,703,California
Sierra,2021-02-18,141,1112,0,83,141,1029,0,0,91,476,50,318,91,794,California
Sierra,2021-02-19,2,1114,1,84,1,1030,0,0,1,476,1,319,1,795,California
Sierra,2021-02-20,2,1116,2,86,0,1030,0,0,0,474,2,321,0,795,California
Sierra,2021-02-22,1,1117,1,87,0,1030,0,0,1,475,0,321,1,796,California
Sierra,2021-02-23,4,1121,0,87,4,1034,0,0,4,479,0,321,4,800,California
Sierra,2021-02-24,4,1125,3,90,1,1035,0,0,3,481,1,322,3,803,California
Sierra,2021-02-25,125,1250,2,92,123,1158,0,0,58,473,66,388,58,861,California
Sierra,2021-02-26,11,1261,6,98,5,1163,0,0,4,470,7,395,4,865,California
Sierra,2021-02-27,2,1263,2,100,0,1163,0,0,0,468,2,397,0,865,California
Sierra,2021-03-01,2,1265,2,102,0,1163,0,0,0,466,2,399,0,865,California
Sierra,2021-03-02,56,1321,0,102,56,1219,0,0,38,486,18,417,38,903,California
Sierra,2021-03-03,2,1323,2,104,0,1219,0,0,1,486,1,418,1,904,California
Sierra,2021-03-04,109,1432,0,104,109,1328,0,0,60,497,49,467,60,964,California
Sierra,2021-03-05,13,1445,1,105,12,1340,0,0,11,506,2,469,11,975,California
Sierra,2021-03-07,1,1446,1,106,0,1340,0,0,0,505,1,470,0,975,California
Sierra,2021-03-08,2,1448,2,108,0,1340,0,0,2,507,0,470,2,977,California
Sierra,2021-03-09,56,1504,0,108,56,1396,0,0,12,475,44,514,12,989,California
Sierra,2021-03-10,6,1510,0,108,6,1402,0,0,4,477,2,516,4,993,California
Sierra,2021-03-11,175,1685,0,108,175,1577,0,0,43,389,131,647,43,1036,California
Sierra,2021-03-12,20,1705,1,109,19,1596,0,0,0,369,20,667,0,1036,California
Sierra,2021-03-13,28,1733,0,109,28,1624,0,0,28,397,0,667,28,1064,California
Sierra,2021-03-14,1,1734,0,109,0,1624,1,1,0,397,1,668,1,1065,California
Sierra,2021-03-15,1,1735,1,110,0,1624,0,1,0,396,1,669,0,1065,California
Sierra,2021-03-16,36,1771,0,110,35,1659,1,2,23,407,13,682,24,1089,California
Sierra,2021-03-17,4,1775,3,113,1,1660,0,2,1,405,3,685,1,1090,California
Sierra,2021-03-18,158,1933,0,113,158,1818,0,2,65,377,93,778,65,1155,California
Sierra,2021-03-19,4,1937,2,115,2,1820,0,2,1,375,3,781,1,1156,California
Sierra,2021-03-20,1,1938,0,115,1,1821,0,2,1,376,0,781,1,1157,California
Sierra,2021-03-23,22,1960,0,115,22,1843,0,2,13,380,9,790,13,1170,California
Sierra,2021-03-24,3,1963,1,116,2,1845,0,2,1,379,2,792,1,1171,California
Sierra,2021-03-25,99,2062,1,117,98,1943,0,2,50,380,49,841,50,1221,California
Sierra,2021-03-26,12,2074,1,118,11,1954,0,2,9,386,3,844,9,1230,California
Sierra,2021-03-27,2,2076,1,119,1,1955,0,2,0,384,2,846,0,1230,California
Sierra,2021-03-29,1,2077,1,120,0,1955,0,2,0,383,1,847,0,1230,California
Sierra,2021-03-30,55,2132,1,121,54,2009,0,2,22,372,33,880,22,1252,California
Sierra,2021-03-31,8,2140,0,121,8,2017,0,2,8,380,0,880,8,1260,California
Sierra,2021-04-01,64,2204,2,123,62,2079,0,2,6,330,56,936,6,1266,California
Sierra,2021-04-02,3,2207,2,125,1,2080,0,2,2,331,1,937,2,1268,California
Sierra,2021-04-04,1,2208,0,125,1,2081,0,2,0,331,0,937,0,1268,California
Sierra,2021-04-05,1,2209,1,126,0,2081,0,2,1,332,0,937,1,1269,California
Sierra,2021-04-06,10,2219,0,126,10,2091,0,2,0,322,10,947,0,1269,California
Sierra,2021-04-07,15,2234,3,129,6,2097,6,8,3,320,11,958,9,1278,California
Sierra,2021-04-08,53,2287,2,131,51,2148,0,8,16,299,37,995,16,1294,California
Sierra,2021-04-09,2,2289,2,133,0,2148,0,8,1,299,1,996,1,1295,California
Sierra,2021-04-10,27,2316,0,133,27,2175,0,8,0,272,27,1023,0,1295,California
Sierra,2021-04-13,46,2362,0,133,46,2221,0,8,5,236,41,1064,5,1300,California
Sierra,2021-04-14,2,2364,1,134,1,2222,0,8,2,238,0,1064,2,1302,California
Sierra,2021-04-15,49,2413,1,135,48,2270,0,8,2,193,47,1111,2,1304,California
Sierra,2021-04-16,1,2414,0,135,1,2271,0,8,1,194,0,1111,1,1305,California
Sierra,2021-04-17,2,2416,1,136,1,2272,0,8,1,194,1,1112,1,1306,California
Sierra,2021-04-19,1,2417,1,137,0,2272,0,8,0,193,1,1113,0,1306,California
Sierra,2021-04-20,34,2451,1,138,33,2305,0,8,7,173,27,1140,7,1313,California
Sierra,2021-04-21,2,2453,1,139,1,2306,0,8,1,173,1,1141,1,1314,California
Sierra,2021-04-22,65,2518,2,141,63,2369,0,8,5,119,59,1200,5,1319,California
Sierra,2021-04-23,13,2531,0,141,13,2382,0,8,5,116,8,1208,5,1324,California
Sierra,2021-04-24,4,2535,0,141,4,2386,0,8,4,120,0,1208,4,1328,California
Sierra,2021-04-27,28,2563,1,142,27,2413,0,8,5,102,23,1231,5,1333,California
Sierra,2021-04-28,10,2573,2,144,8,2421,0,8,1,94,9,1240,1,1334,California
Sierra,2021-04-29,20,2593,2,146,18,2439,0,8,14,102,6,1246,14,1348,California
Sierra,2021-04-30,4,2597,2,148,2,2441,0,8,2,102,2,1248,2,1350,California
Sierra,2021-05-03,2,2599,2,150,0,2441,0,8,1,102,1,1249,1,1351,California
Sierra,2021-05-05,25,2624,1,151,24,2465,0,8,8,94,16,1265,8,1359,California
Sierra,2021-05-06,1,2625,1,152,0,2465,0,8,0,93,1,1266,0,1359,California
Siskiyou,2020-12-16,2,2,2,2,0,0,0,0,2,2,0,0,2,2,California
Siskiyou,2020-12-17,4,6,4,6,0,0,0,0,4,6,0,0,4,6,California
Siskiyou,2020-12-18,2,8,2,8,0,0,0,0,2,8,0,0,2,8,California
Siskiyou,2020-12-19,4,12,4,12,0,0,0,0,4,12,0,0,4,12,California
Siskiyou,2020-12-20,1,13,1,13,0,0,0,0,1,13,0,0,1,13,California
Siskiyou,2020-12-21,132,145,132,145,0,0,0,0,132,145,0,0,132,145,California
Siskiyou,2020-12-22,159,304,159,304,0,0,0,0,159,304,0,0,159,304,California
Siskiyou,2020-12-23,142,446,142,446,0,0,0,0,142,446,0,0,142,446,California
Siskiyou,2020-12-24,5,451,5,451,0,0,0,0,5,451,0,0,5,451,California
Siskiyou,2020-12-26,2,453,0,451,2,2,0,0,2,453,0,0,2,453,California
Siskiyou,2020-12-27,2,455,0,451,2,4,0,0,2,455,0,0,2,455,California
Siskiyou,2020-12-28,3,458,1,452,2,6,0,0,3,458,0,0,3,458,California
Siskiyou,2020-12-29,6,464,2,454,4,10,0,0,6,464,0,0,6,464,California
Siskiyou,2020-12-30,98,562,3,457,95,105,0,0,98,562,0,0,98,562,California
Siskiyou,2020-12-31,12,574,0,457,12,117,0,0,12,574,0,0,12,574,California
Siskiyou,2021-01-02,1,575,1,458,0,117,0,0,1,575,0,0,1,575,California
Siskiyou,2021-01-03,1,576,0,458,1,118,0,0,1,576,0,0,1,576,California
Siskiyou,2021-01-04,130,706,3,461,127,245,0,0,130,706,0,0,130,706,California
Siskiyou,2021-01-05,117,823,4,465,113,358,0,0,116,821,1,1,116,822,California
Siskiyou,2021-01-06,59,882,6,471,53,411,0,0,55,872,4,5,55,877,California
Siskiyou,2021-01-07,178,1060,4,475,174,585,0,0,177,1048,1,6,177,1054,California
Siskiyou,2021-01-08,41,1101,3,478,38,623,0,0,39,1085,2,8,39,1093,California
Siskiyou,2021-01-09,2,1103,2,480,0,623,0,0,0,1083,2,10,0,1093,California
Siskiyou,2021-01-11,226,1329,65,545,161,784,0,0,163,1183,63,73,163,1256,California
Siskiyou,2021-01-12,322,1651,274,819,48,832,0,0,88,1038,234,307,89,1345,California
Siskiyou,2021-01-13,157,1808,137,956,20,852,0,0,23,927,134,441,23,1368,California
Siskiyou,2021-01-14,26,1834,1,957,25,877,0,0,25,951,1,442,25,1393,California
Siskiyou,2021-01-15,35,1869,3,960,32,909,0,0,35,986,0,442,35,1428,California
Siskiyou,2021-01-16,7,1876,2,962,5,914,0,0,7,993,0,442,7,1435,California
Siskiyou,2021-01-17,1,1877,1,963,0,914,0,0,0,992,1,443,0,1435,California
Siskiyou,2021-01-18,77,1954,4,967,73,987,0,0,75,1065,2,445,75,1510,California
Siskiyou,2021-01-19,21,1975,1,968,20,1007,0,0,20,1084,1,446,20,1530,California
Siskiyou,2021-01-20,47,2022,35,1003,12,1019,0,0,43,1123,4,450,43,1573,California
Siskiyou,2021-01-21,42,2064,1,1004,41,1060,0,0,42,1165,0,450,42,1615,California
Siskiyou,2021-01-22,1328,3392,1176,2180,152,1212,0,0,1328,2493,0,450,1328,2943,California
Siskiyou,2021-01-23,5,3397,1,2181,4,1216,0,0,2,2492,3,453,2,2945,California
Siskiyou,2021-01-25,182,3579,8,2189,174,1390,0,0,178,2666,4,457,178,3123,California
Siskiyou,2021-01-26,148,3727,3,2192,145,1535,0,0,140,2798,8,465,140,3263,California
Siskiyou,2021-01-27,181,3908,1,2193,180,1715,0,0,126,2869,55,520,126,3389,California
Siskiyou,2021-01-28,232,4140,118,2311,114,1829,0,0,226,3089,6,526,226,3615,California
Siskiyou,2021-01-29,249,4389,3,2314,246,2075,0,0,247,3334,2,528,247,3862,California
Siskiyou,2021-01-30,3,4392,2,2316,1,2076,0,0,3,3337,0,528,3,3865,California
Siskiyou,2021-02-01,195,4587,3,2319,192,2268,0,0,105,3352,90,618,105,3970,California
Siskiyou,2021-02-02,289,4876,45,2364,244,2512,0,0,147,3357,142,760,147,4117,California
Siskiyou,2021-02-03,314,5190,1,2365,313,2825,0,0,264,3571,50,810,264,4381,California
Siskiyou,2021-02-04,321,5511,7,2372,314,3139,0,0,200,3650,121,931,200,4581,California
Siskiyou,2021-02-05,513,6024,4,2376,509,3648,0,0,348,3833,165,1096,348,4929,California
Siskiyou,2021-02-06,15,6039,0,2376,15,3663,0,0,15,3848,0,1096,15,4944,California
Siskiyou,2021-02-07,3,6042,2,2378,1,3664,0,0,3,3851,0,1096,3,4947,California
Siskiyou,2021-02-08,221,6263,5,2383,216,3880,0,0,216,4062,5,1101,216,5163,California
Siskiyou,2021-02-09,196,6459,4,2387,192,4072,0,0,163,4192,33,1134,163,5326,California
Siskiyou,2021-02-10,370,6829,40,2427,330,4402,0,0,317,4457,52,1186,317,5643,California
Siskiyou,2021-02-11,190,7019,1,2428,189,4591,0,0,174,4615,16,1202,174,5817,California
Siskiyou,2021-02-12,1691,8710,1199,3627,492,5083,0,0,501,3926,1190,2392,501,6318,California
Siskiyou,2021-02-13,36,8746,2,3629,34,5117,0,0,32,3954,4,2396,32,6350,California
Siskiyou,2021-02-14,5,8751,1,3630,4,5121,0,0,5,3959,0,2396,5,6355,California
Siskiyou,2021-02-15,107,8858,10,3640,97,5218,0,0,105,4062,2,2398,105,6460,California
Siskiyou,2021-02-16,114,8972,2,3642,112,5330,0,0,99,4146,15,2413,99,6559,California
Siskiyou,2021-02-17,185,9157,15,3657,170,5500,0,0,171,4303,14,2427,171,6730,California
Siskiyou,2021-02-18,222,9379,89,3746,133,5633,0,0,98,4277,124,2551,98,6828,California
Siskiyou,2021-02-19,71,9450,34,3780,37,5670,0,0,34,4274,37,2588,34,6862,California
Siskiyou,2021-02-20,21,9471,3,3783,18,5688,0,0,17,4287,4,2592,17,6879,California
Siskiyou,2021-02-21,1,9472,1,3784,0,5688,0,0,1,4288,0,2592,1,6880,California
Siskiyou,2021-02-22,124,9596,1,3785,123,5811,0,0,18,4200,106,2698,18,6898,California
Siskiyou,2021-02-23,196,9792,15,3800,181,5992,0,0,52,4108,144,2842,52,6950,California
Siskiyou,2021-02-24,147,9939,4,3804,143,6135,0,0,35,4031,112,2954,35,6985,California
Siskiyou,2021-02-25,300,10239,24,3828,276,6411,0,0,154,4039,146,3100,154,7139,California
Siskiyou,2021-02-26,669,10908,10,3838,659,7070,0,0,367,4104,302,3402,367,7506,California
Siskiyou,2021-02-27,33,10941,5,3843,28,7098,0,0,28,4127,5,3407,28,7534,California
Siskiyou,2021-02-28,5,10946,4,3847,1,7099,0,0,4,4130,1,3408,4,7538,California
Siskiyou,2021-03-01,280,11226,6,3853,274,7373,0,0,50,3950,230,3638,50,7588,California
Siskiyou,2021-03-02,190,11416,1,3854,189,7562,0,0,70,3900,120,3758,70,7658,California
Siskiyou,2021-03-03,343,11759,7,3861,336,7898,0,0,153,3863,190,3948,153,7811,California
Siskiyou,2021-03-04,794,12553,621,4482,173,8071,0,0,637,4343,157,4105,637,8448,California
Siskiyou,2021-03-05,326,12879,6,4488,309,8380,11,11,105,4241,218,4323,116,8564,California
Siskiyou,2021-03-06,43,12922,3,4491,33,8413,7,18,28,4261,15,4338,35,8599,California
Siskiyou,2021-03-07,12,12934,4,4495,0,8413,8,26,3,4263,9,4347,11,8610,California
Siskiyou,2021-03-08,361,13295,31,4526,295,8708,35,61,59,4055,302,4649,94,8704,California
Siskiyou,2021-03-09,163,13458,2,4528,108,8816,53,114,57,4059,106,4755,110,8814,California
Siskiyou,2021-03-10,221,13679,7,4535,184,9000,30,144,31,3930,190,4945,61,8875,California
Siskiyou,2021-03-11,474,14153,206,4741,221,9221,47,191,274,4052,199,5144,321,9196,California
Siskiyou,2021-03-12,647,14800,141,4882,467,9688,39,230,184,3814,461,5605,223,9419,California
Siskiyou,2021-03-13,428,15228,381,5263,24,9712,23,253,382,4173,46,5651,405,9824,California
Siskiyou,2021-03-14,20,15248,1,5264,3,9715,16,269,2,4173,18,5669,18,9842,California
Siskiyou,2021-03-15,453,15701,257,5521,176,9891,20,289,321,4382,132,5801,341,10183,California
Siskiyou,2021-03-16,255,15956,32,5553,206,10097,17,306,140,4425,114,5915,157,10340,California
Siskiyou,2021-03-17,202,16158,9,5562,185,10282,8,314,34,4299,168,6083,42,10382,California
Siskiyou,2021-03-18,926,17084,788,6350,126,10408,12,326,810,5005,116,6199,822,11204,California
Siskiyou,2021-03-19,67,17151,9,6359,45,10453,13,339,20,4991,47,6246,33,11237,California
Siskiyou,2021-03-20,30,17181,7,6366,18,10471,5,344,6,4978,24,6270,11,11248,California
Siskiyou,2021-03-21,10,17191,4,6370,1,10472,5,349,4,4981,6,6276,9,11257,California
Siskiyou,2021-03-22,207,17398,21,6391,164,10636,22,371,144,5087,60,6336,166,11423,California
Siskiyou,2021-03-23,195,17593,19,6410,166,10802,10,381,141,5184,54,6390,151,11574,California
Siskiyou,2021-03-24,140,17733,47,6457,93,10895,0,381,115,5274,25,6415,115,11689,California
Siskiyou,2021-03-25,572,18305,320,6777,249,11144,3,384,400,5505,172,6587,403,12092,California
Siskiyou,2021-03-26,304,18609,35,6812,269,11413,0,384,104,5411,198,6785,104,12196,California
Siskiyou,2021-03-27,37,18646,4,6816,28,11441,5,389,9,5397,28,6813,14,12210,California
Siskiyou,2021-03-28,8,18654,7,6823,1,11442,0,389,5,5399,3,6816,5,12215,California
Siskiyou,2021-03-29,98,18752,11,6834,85,11527,2,391,47,5398,50,6866,49,12264,California
Siskiyou,2021-03-30,102,18854,7,6841,94,11621,1,392,41,5379,61,6927,42,12306,California
Siskiyou,2021-03-31,190,19044,21,6862,166,11787,3,395,50,5294,139,7066,54,12360,California
Siskiyou,2021-04-01,824,19868,667,7529,157,11944,0,395,208,4886,616,7682,208,12568,California
Siskiyou,2021-04-02,346,20214,197,7726,145,12089,4,399,65,4676,279,7961,69,12637,California
Siskiyou,2021-04-03,26,20240,5,7731,14,12103,7,406,5,4667,21,7982,12,12649,California
Siskiyou,2021-04-04,2,20242,2,7733,0,12103,0,406,1,4667,1,7983,1,12650,California
Siskiyou,2021-04-05,437,20679,330,8063,80,12183,27,433,25,4308,411,8394,52,12702,California
Siskiyou,2021-04-06,219,20898,36,8099,130,12313,53,486,125,4392,93,8487,177,12879,California
Siskiyou,2021-04-07,116,21014,11,8110,63,12376,42,528,66,4450,50,8537,108,12987,California
Siskiyou,2021-04-08,347,21361,183,8293,123,12499,41,569,60,4264,287,8824,101,13088,California
Siskiyou,2021-04-09,548,21909,381,8674,130,12629,37,606,85,3925,462,9286,123,13211,California
Siskiyou,2021-04-10,46,21955,6,8680,3,12632,37,643,7,3930,39,9325,44,13255,California
Siskiyou,2021-04-11,8,21963,5,8685,1,12633,2,645,2,3928,6,9331,4,13259,California
Siskiyou,2021-04-12,129,22092,25,8710,103,12736,1,646,49,3898,80,9411,50,13309,California
Siskiyou,2021-04-13,204,22296,36,8746,167,12903,1,647,78,3851,126,9537,79,13388,California
Siskiyou,2021-04-14,157,22453,65,8811,92,12995,0,647,86,3868,69,9606,86,13474,California
Siskiyou,2021-04-15,1116,23569,956,9767,160,13155,0,647,436,3624,680,10286,436,13910,California
Siskiyou,2021-04-16,297,23866,206,9973,91,13246,0,647,266,3860,30,10316,266,14176,California
Siskiyou,2021-04-17,12,23878,9,9982,3,13249,0,647,8,3864,4,10320,8,14184,California
Siskiyou,2021-04-18,5,23883,3,9985,2,13251,0,647,2,3863,3,10323,2,14186,California
Siskiyou,2021-04-19,126,24009,22,10007,104,13355,0,647,43,3823,83,10406,43,14229,California
Siskiyou,2021-04-20,236,24245,4,10011,232,13587,0,647,93,3773,143,10549,93,14322,California
Siskiyou,2021-04-21,96,24341,12,10023,84,13671,0,647,26,3729,70,10619,26,14348,California
Siskiyou,2021-04-22,415,24756,302,10325,113,13784,0,647,50,3414,365,10984,50,14398,California
Siskiyou,2021-04-23,171,24927,13,10338,158,13942,0,647,149,3542,21,11005,149,14547,California
Siskiyou,2021-04-24,27,24954,4,10342,23,13965,0,647,19,3553,8,11013,19,14566,California
Siskiyou,2021-04-25,2,24956,0,10342,2,13967,0,647,2,3555,0,11013,2,14568,California
Siskiyou,2021-04-26,100,25056,7,10349,88,14055,5,652,25,3510,75,11088,30,14598,California
Siskiyou,2021-04-27,102,25158,3,10352,97,14152,2,654,83,3579,16,11104,85,14683,California
Siskiyou,2021-04-28,111,25269,9,10361,94,14246,8,662,53,3582,58,11162,61,14744,California
Siskiyou,2021-04-29,105,25374,14,10375,91,14337,0,662,25,3527,80,11242,25,14769,California
Siskiyou,2021-04-30,101,25475,20,10395,80,14417,1,663,44,3517,54,11296,44,14813,California
Siskiyou,2021-05-01,10,25485,6,10401,1,14418,3,666,7,3524,3,11299,10,14823,California
Siskiyou,2021-05-02,11,25496,5,10406,6,14424,0,666,9,3531,2,11301,9,14832,California
Siskiyou,2021-05-03,111,25607,24,10430,84,14508,3,669,47,3517,64,11365,50,14882,California
Siskiyou,2021-05-04,96,25703,6,10436,88,14596,2,671,50,3524,45,11410,52,14934,California
Siskiyou,2021-05-05,105,25808,21,10457,75,14671,9,680,33,3495,71,11481,42,14976,California
Siskiyou,2021-05-06,310,26118,262,10719,47,14718,1,681,156,3498,154,11635,157,15133,California
Solano,2020-12-15,4,4,4,4,0,0,0,0,4,4,0,0,4,4,California
Solano,2020-12-16,71,75,71,75,0,0,0,0,71,75,0,0,71,75,California
Solano,2020-12-17,153,228,153,228,0,0,0,0,153,228,0,0,153,228,California
Solano,2020-12-18,445,673,444,672,1,1,0,0,445,673,0,0,445,673,California
Solano,2020-12-19,518,1191,518,1190,0,1,0,0,518,1191,0,0,518,1191,California
Solano,2020-12-20,355,1546,353,1543,2,3,0,0,355,1546,0,0,355,1546,California
Solano,2020-12-21,572,2118,570,2113,2,5,0,0,572,2118,0,0,572,2118,California
Solano,2020-12-22,663,2781,630,2743,33,38,0,0,663,2781,0,0,663,2781,California
Solano,2020-12-23,859,3640,772,3515,87,125,0,0,858,3639,0,0,858,3639,California
Solano,2020-12-24,421,4061,170,3685,251,376,0,0,421,4060,0,0,421,4060,California
Solano,2020-12-25,10,4071,2,3687,8,384,0,0,10,4070,0,0,10,4070,California
Solano,2020-12-26,175,4246,48,3735,127,511,0,0,175,4245,0,0,175,4245,California
Solano,2020-12-27,104,4350,29,3764,75,586,0,0,104,4349,0,0,104,4349,California
Solano,2020-12-28,863,5213,421,4185,442,1028,0,0,863,5212,0,0,863,5212,California
Solano,2020-12-29,895,6108,376,4561,519,1547,0,0,895,6107,0,0,895,6107,California
Solano,2020-12-30,1215,7323,601,5162,614,2161,0,0,1215,7322,0,0,1215,7322,California
Solano,2020-12-31,538,7861,137,5299,401,2562,0,0,538,7860,0,0,538,7860,California
Solano,2021-01-01,14,7875,13,5312,1,2563,0,0,14,7874,0,0,14,7874,California
Solano,2021-01-02,213,8088,165,5477,48,2611,0,0,213,8087,0,0,213,8087,California
Solano,2021-01-03,57,8145,40,5517,17,2628,0,0,52,8139,0,0,52,8139,California
Solano,2021-01-04,451,8596,246,5763,205,2833,0,0,441,8577,3,3,441,8580,California
Solano,2021-01-05,728,9324,377,6140,351,3184,0,0,574,9002,149,152,574,9154,California
Solano,2021-01-06,844,10168,436,6576,408,3592,0,0,582,9324,260,412,582,9736,California
Solano,2021-01-07,1066,11234,683,7259,383,3975,0,0,609,9479,455,867,610,10346,California
Solano,2021-01-08,1135,12369,777,8036,358,4333,0,0,542,9448,575,1442,544,10890,California
Solano,2021-01-09,885,13254,763,8799,122,4455,0,0,428,9422,454,1896,428,11318,California
Solano,2021-01-10,254,13508,194,8993,60,4515,0,0,153,9474,101,1997,153,11471,California
Solano,2021-01-11,1329,14837,1118,10111,211,4726,0,0,813,9771,516,2513,813,12284,California
Solano,2021-01-12,1566,16403,1168,11279,398,5124,0,0,1015,10237,550,3063,1016,13300,California
Solano,2021-01-13,1465,17868,1005,12284,460,5584,0,0,1206,11186,257,3320,1206,14506,California
Solano,2021-01-14,1886,19754,815,13099,1071,6655,0,0,1572,12444,314,3634,1572,16078,California
Solano,2021-01-15,1695,21449,1060,14159,635,7290,0,0,1397,13543,298,3932,1397,17475,California
Solano,2021-01-16,1290,22739,903,15062,387,7677,0,0,1115,14483,175,4107,1115,18590,California
Solano,2021-01-17,1044,23783,760,15822,284,7961,0,0,1026,15491,18,4125,1026,19616,California
Solano,2021-01-18,1415,25198,857,16679,558,8519,0,0,1297,16672,118,4243,1299,20915,California
Solano,2021-01-19,1651,26849,1339,18018,312,8831,0,0,1378,17778,272,4515,1378,22293,California
Solano,2021-01-20,2033,28882,1423,19441,610,9441,0,0,1547,18842,483,4998,1547,23840,California
Solano,2021-01-21,3167,32049,1006,20447,2161,11602,0,0,2820,21316,347,5345,2821,26661,California
Solano,2021-01-22,1756,33805,845,21292,911,12513,0,0,1566,22692,190,5535,1566,28227,California
Solano,2021-01-23,736,34541,242,21534,494,13007,0,0,531,23018,206,5741,532,28759,California
Solano,2021-01-24,403,34944,61,21595,342,13349,0,0,336,23287,67,5808,336,29095,California
Solano,2021-01-25,1646,36590,625,22220,1021,14370,0,0,1094,23831,551,6359,1095,30190,California
Solano,2021-01-26,1772,38362,736,22956,1036,15406,0,0,1141,24343,630,6989,1142,31332,California
Solano,2021-01-27,1778,40140,726,23682,1052,16458,0,0,1183,24944,582,7571,1183,32515,California
Solano,2021-01-28,1954,42094,705,24387,1249,17707,0,0,1363,25718,590,8161,1364,33879,California
Solano,2021-01-29,1697,43791,783,25170,914,18621,0,0,1343,26709,352,8513,1343,35222,California
Solano,2021-01-30,710,44501,220,25390,490,19111,0,0,549,27097,161,8674,549,35771,California
Solano,2021-01-31,485,44986,394,25784,91,19202,0,0,230,27073,255,8929,231,36002,California
Solano,2021-02-01,1509,46495,988,26772,521,19723,0,0,767,27101,739,9668,767,36769,California
Solano,2021-02-02,3353,49848,1112,27884,2241,21964,0,0,2529,28810,820,10488,2529,39298,California
Solano,2021-02-03,2263,52111,1305,29189,958,22922,0,0,1164,28879,1095,11583,1164,40462,California
Solano,2021-02-04,1797,53908,910,30099,887,23809,0,0,1075,29237,717,12300,1075,41537,California
Solano,2021-02-05,3083,56991,1412,31511,1671,25480,0,0,2082,30326,993,13293,2082,43619,California
Solano,2021-02-06,3046,60037,1169,32680,1877,27357,0,0,2231,31746,811,14104,2231,45850,California
Solano,2021-02-07,846,60883,782,33462,64,27421,0,0,231,31362,615,14719,231,46081,California
Solano,2021-02-08,1750,62633,1234,34696,516,27937,0,0,709,31033,1038,15757,709,46790,California
Solano,2021-02-09,1934,64567,1485,36181,449,28386,0,0,693,30486,1240,16997,693,47483,California
Solano,2021-02-10,2266,66833,1498,37679,768,29154,0,0,820,29860,1446,18443,820,48303,California
Solano,2021-02-11,2499,69332,1489,39168,1010,30164,0,0,1197,29766,1292,19735,1198,49501,California
Solano,2021-02-12,4204,73536,1616,40784,2588,32752,0,0,2862,31293,1335,21070,2862,52363,California
Solano,2021-02-13,2860,76396,246,41030,2614,35366,0,0,2448,33332,409,21479,2448,54811,California
Solano,2021-02-14,692,77088,202,41232,490,35856,0,0,411,33465,279,21758,412,55223,California
Solano,2021-02-15,1300,78388,324,41556,976,36832,0,0,673,33512,626,22384,673,55896,California
Solano,2021-02-16,2566,80954,1395,42951,1171,38003,0,0,1677,34301,888,23272,1677,57573,California
Solano,2021-02-17,2936,83890,1436,44387,1500,39503,0,0,1950,35269,983,24255,1951,59524,California
Solano,2021-02-18,2768,86658,845,45232,1923,41426,0,0,829,34166,1933,26188,830,60354,California
Solano,2021-02-19,2398,89056,1447,46679,951,42377,0,0,1174,34122,1220,27408,1176,61530,California
Solano,2021-02-20,2564,91620,380,47059,2184,44561,0,0,2093,35743,472,27880,2093,63623,California
Solano,2021-02-21,2174,93794,1861,48920,313,44874,0,0,1864,37301,306,28186,1864,65487,California
Solano,2021-02-22,1718,95512,1046,49966,672,45546,0,0,906,37398,810,28996,907,66394,California
Solano,2021-02-23,2831,98343,1087,51053,1744,47290,0,0,1930,38430,898,29894,1930,68324,California
Solano,2021-02-24,2472,100815,1241,52294,1231,48521,0,0,1385,38730,1085,30979,1385,69709,California
Solano,2021-02-25,2378,103193,1433,53727,945,49466,0,0,1300,38957,1073,32052,1300,71009,California
Solano,2021-02-26,3114,106307,1967,55694,1147,50613,0,0,1800,39448,1309,33361,1800,72809,California
Solano,2021-02-27,3647,109954,1374,57068,2272,52885,1,1,2955,41720,684,34045,2956,75765,California
Solano,2021-02-28,1358,111312,1039,58107,319,53204,0,1,1080,42526,275,34320,1081,76846,California
Solano,2021-03-01,2426,113738,1052,59159,1373,54577,1,2,1825,43755,597,34917,1826,78672,California
Solano,2021-03-02,2169,115907,1365,60524,804,55381,0,2,1269,44124,900,35817,1269,79941,California
Solano,2021-03-03,2205,118112,1252,61776,953,56334,0,2,1370,44668,827,36644,1371,81312,California
Solano,2021-03-04,4342,122454,3403,65179,937,57271,2,4,3130,46598,1205,37849,3135,84447,California
Solano,2021-03-05,4893,127347,1665,66844,3223,60494,5,9,3933,49586,950,38799,3938,88385,California
Solano,2021-03-06,3832,131179,825,67669,2968,63462,39,48,2641,51084,1182,39981,2680,91065,California
Solano,2021-03-07,3540,134719,737,68406,2793,66255,10,58,1952,51470,1577,41558,1963,93028,California
Solano,2021-03-08,2111,136830,1316,69722,525,66780,270,328,1596,52823,511,42069,1864,94892,California
Solano,2021-03-09,3133,139963,1509,71231,1571,68351,53,381,2242,54224,891,42960,2292,97184,California
Solano,2021-03-10,2369,142332,1717,72948,566,68917,86,467,1252,54447,1113,44073,1336,98520,California
Solano,2021-03-11,5982,148314,1726,74674,4002,72919,254,721,4938,58599,1040,45113,5192,103712,California
Solano,2021-03-12,5973,154287,1563,76237,4234,77153,176,897,3155,59116,2814,47927,3331,107043,California
Solano,2021-03-13,4574,158861,804,77041,3686,80839,84,981,2242,59119,2325,50252,2328,109371,California
Solano,2021-03-14,3988,162849,3112,80153,423,81262,453,1434,1651,58888,2332,52584,2101,111472,California
Solano,2021-03-15,4001,166850,2444,82597,1240,82502,317,1751,2511,60234,1482,54066,2828,114300,California
Solano,2021-03-16,3060,169910,1325,83922,1499,84001,236,1987,1562,60538,1493,55559,1797,116097,California
Solano,2021-03-17,6317,176227,1665,85587,4561,88562,91,2078,4869,64053,1445,57004,4960,121057,California
Solano,2021-03-18,5160,181387,1818,87405,3306,91868,36,2114,3807,66550,1345,58349,3842,124899,California
Solano,2021-03-19,3435,184822,2520,89925,842,92710,73,2187,1765,66726,1663,60012,1839,126738,California
Solano,2021-03-20,5510,190332,1666,91591,3790,96500,54,2241,2833,66945,2668,62680,2887,129625,California
Solano,2021-03-21,1667,191999,1564,93155,79,96579,24,2265,854,67010,811,63491,876,130501,California
Solano,2021-03-22,2648,194647,2020,95175,578,97157,50,2315,1673,67759,970,64461,1719,132220,California
Solano,2021-03-23,3458,198105,1625,96800,1791,98948,42,2357,1444,67234,2010,66471,1485,133705,California
Solano,2021-03-24,2809,200914,1758,98558,1016,99964,35,2392,1370,67205,1433,67904,1404,135109,California
Solano,2021-03-25,4824,205738,3952,102510,837,100801,35,2427,2271,66963,2549,70453,2307,137416,California
Solano,2021-03-26,3203,208941,2079,104589,1088,101889,36,2463,1736,67276,1459,71912,1772,139188,California
Solano,2021-03-27,4184,213125,1147,105736,3001,104890,36,2499,1798,66730,2380,74292,1834,141022,California
Solano,2021-03-28,1415,214540,1105,106841,292,105182,18,2517,567,66472,844,75136,586,141608,California
Solano,2021-03-29,3472,218012,2030,108871,1425,106607,17,2534,1601,66228,1862,76998,1618,143226,California
Solano,2021-03-30,3001,221013,2014,110885,897,107504,90,2624,1912,67143,1087,78085,2002,145228,California
Solano,2021-03-31,3110,224123,2116,113001,835,108339,159,2783,1842,67875,1265,79350,1997,147225,California
Solano,2021-04-01,5493,229616,2077,115078,3272,111611,144,2927,3481,69500,2001,81351,3626,150851,California
Solano,2021-04-02,6473,236089,2209,117287,4098,115709,166,3093,2487,68181,3971,85322,2652,153503,California
Solano,2021-04-03,1520,237609,956,118243,410,116119,154,3247,555,67927,963,86285,709,154212,California
Solano,2021-04-04,775,238384,286,118529,188,116307,301,3548,237,67931,534,86819,538,154750,California
Solano,2021-04-05,2960,241344,2018,120547,736,117043,206,3754,1507,68192,1451,88270,1712,156462,California
Solano,2021-04-06,5813,247157,1621,122168,3701,120744,491,4245,1591,66056,4216,92486,2080,158542,California
Solano,2021-04-07,5813,252970,4488,126656,932,121676,393,4638,3293,67234,2507,94993,3685,162227,California
Solano,2021-04-08,6382,259352,1764,128420,3763,125439,855,5493,1786,65298,4570,99563,2634,164861,California
Solano,2021-04-09,6216,265568,1647,130067,3730,129169,839,6332,1506,62952,4689,104252,2343,167204,California
Solano,2021-04-10,1709,267277,947,131014,448,129617,314,6646,792,63141,916,105168,1105,168309,California
Solano,2021-04-11,1210,268487,748,131762,335,129952,127,6773,624,63309,583,105751,751,169060,California
Solano,2021-04-12,3247,271734,1669,133431,1220,131172,358,7131,1340,63103,1902,107653,1696,170756,California
Solano,2021-04-13,2519,274253,1086,134517,1432,132604,1,7132,1314,63217,1201,108854,1315,172071,California
Solano,2021-04-14,6381,280634,1934,136451,4447,137051,0,7132,1862,60573,4507,113361,1863,173934,California
Solano,2021-04-15,5629,286263,2125,138576,3504,140555,0,7132,1719,58394,3898,117259,1719,175653,California
Solano,2021-04-16,3642,289905,2552,141128,1088,141643,2,7134,2272,59305,1363,118622,2274,177927,California
Solano,2021-04-17,3236,293141,1057,142185,2179,143822,0,7134,1125,58328,2103,120725,1126,179053,California
Solano,2021-04-18,994,294135,600,142785,394,144216,0,7134,526,58387,467,121192,526,179579,California
Solano,2021-04-19,2053,296188,1154,143939,899,145115,0,7134,1142,58625,906,122098,1144,180723,California
Solano,2021-04-20,2994,299182,1822,145761,1172,146287,0,7134,1668,58971,1322,123420,1668,182391,California
Solano,2021-04-21,3523,302705,2302,148063,1221,147508,0,7134,1765,58984,1752,125172,1765,184156,California
Solano,2021-04-22,2880,305585,1435,149498,1445,148953,0,7134,1763,59633,1114,126286,1763,185919,California
Solano,2021-04-23,4101,309686,2049,151547,2052,151005,0,7134,2456,60453,1637,127923,2457,188376,California
Solano,2021-04-24,3457,313143,2273,153820,1182,152187,2,7136,2421,61918,958,128881,2423,190799,California
Solano,2021-04-25,1429,314572,1114,154934,315,152502,0,7136,1129,62754,293,129174,1129,191928,California
Solano,2021-04-26,2380,316952,1550,156484,826,153328,4,7140,1260,62910,1108,130282,1264,193192,California
Solano,2021-04-27,2280,319232,1201,157685,1055,154383,24,7164,1262,63186,1011,131293,1287,194479,California
Solano,2021-04-28,4917,324149,3943,161628,928,155311,46,7210,3106,64537,1801,133094,3152,197631,California
Solano,2021-04-29,3849,327998,1237,162865,2581,157892,31,7241,1580,63888,2260,135354,1611,199242,California
Solano,2021-04-30,3752,331750,1999,164864,1628,159520,125,7366,1833,63938,1908,137262,1958,201200,California
Solano,2021-05-01,1880,333630,1488,166352,292,159812,100,7466,1119,64400,757,138019,1219,202419,California
Solano,2021-05-02,1094,334724,933,167285,137,159949,24,7490,572,64479,517,138536,596,203015,California
Solano,2021-05-03,1412,336136,970,168255,353,160302,89,7579,576,64310,834,139370,665,203680,California
Solano,2021-05-04,1441,337577,875,169130,539,160841,27,7606,617,64131,823,140193,644,204324,California
Solano,2021-05-05,1848,339425,1190,170320,584,161425,74,7680,890,64139,956,141149,964,205288,California
Solano,2021-05-06,1377,340802,946,171266,311,161736,120,7800,393,63669,983,142132,513,205801,California
Sonoma,2020-12-15,4,4,4,4,0,0,0,0,4,4,0,0,4,4,California
Sonoma,2020-12-16,27,31,27,31,0,0,0,0,27,31,0,0,27,31,California
Sonoma,2020-12-17,104,135,104,135,0,0,0,0,104,135,0,0,104,135,California
Sonoma,2020-12-18,420,555,420,555,0,0,0,0,420,555,0,0,420,555,California
Sonoma,2020-12-19,111,666,110,665,1,1,0,0,111,666,0,0,111,666,California
Sonoma,2020-12-20,174,840,174,839,0,1,0,0,174,840,0,0,174,840,California
Sonoma,2020-12-21,910,1750,908,1747,2,3,0,0,909,1749,0,0,909,1749,California
Sonoma,2020-12-22,1354,3104,1263,3010,91,94,0,0,1354,3103,0,0,1354,3103,California
Sonoma,2020-12-23,1606,4710,1230,4240,376,470,0,0,1607,4710,0,0,1607,4710,California
Sonoma,2020-12-24,305,5015,101,4341,204,674,0,0,305,5015,0,0,305,5015,California
Sonoma,2020-12-25,8,5023,2,4343,6,680,0,0,8,5023,0,0,8,5023,California
Sonoma,2020-12-26,267,5290,256,4599,11,691,0,0,267,5290,0,0,267,5290,California
Sonoma,2020-12-27,93,5383,80,4679,13,704,0,0,93,5383,0,0,93,5383,California
Sonoma,2020-12-28,987,6370,553,5232,434,1138,0,0,958,6341,0,0,958,6341,California
Sonoma,2020-12-29,1129,7499,776,6008,353,1491,0,0,1095,7436,0,0,1095,7436,California
Sonoma,2020-12-30,1093,8592,479,6487,614,2105,0,0,1085,8521,0,0,1085,8521,California
Sonoma,2020-12-31,517,9109,71,6558,446,2551,0,0,518,9039,0,0,518,9039,California
Sonoma,2021-01-01,11,9120,6,6564,5,2556,0,0,11,9050,0,0,11,9050,California
Sonoma,2021-01-02,131,9251,125,6689,6,2562,0,0,131,9181,0,0,131,9181,California
Sonoma,2021-01-03,25,9276,11,6700,14,2576,0,0,25,9206,0,0,25,9206,California
Sonoma,2021-01-04,341,9617,105,6805,236,2812,0,0,340,9546,0,0,340,9546,California
Sonoma,2021-01-05,438,10055,102,6907,336,3148,0,0,414,9945,15,15,414,9960,California
Sonoma,2021-01-06,946,11001,432,7339,514,3662,0,0,835,10675,105,120,835,10795,California
Sonoma,2021-01-07,1031,12032,535,7874,496,4158,0,0,861,11367,169,289,861,11656,California
Sonoma,2021-01-08,1789,13821,1232,9106,557,4715,0,0,1317,12214,470,759,1317,12973,California
Sonoma,2021-01-09,639,14460,402,9508,237,4952,0,0,591,12757,48,807,591,13564,California
Sonoma,2021-01-10,472,14932,461,9969,11,4963,0,0,279,12843,193,1000,279,13843,California
Sonoma,2021-01-11,1383,16315,1237,11206,146,5109,0,0,414,12292,965,1965,414,14257,California
Sonoma,2021-01-12,1546,17861,1293,12499,253,5362,0,0,395,11538,1149,3114,395,14652,California
Sonoma,2021-01-13,2073,19934,1427,13926,646,6008,0,0,1210,11889,860,3974,1211,15863,California
Sonoma,2021-01-14,1531,21465,809,14735,722,6730,0,0,1301,12960,230,4204,1301,17164,California
Sonoma,2021-01-15,1565,23030,635,15370,930,7660,0,0,1345,14095,211,4415,1346,18510,California
Sonoma,2021-01-16,1144,24174,617,15987,527,8187,0,0,898,14751,242,4657,898,19408,California
Sonoma,2021-01-17,669,24843,548,16535,121,8308,0,0,589,15260,80,4737,589,19997,California
Sonoma,2021-01-18,1105,25948,931,17466,174,8482,0,0,615,15386,490,5227,616,20613,California
Sonoma,2021-01-19,2095,28043,1005,18471,1090,9572,0,0,1386,16066,707,5934,1387,22000,California
Sonoma,2021-01-20,2076,30119,626,19097,1450,11022,0,0,1415,16830,652,6586,1416,23416,California
Sonoma,2021-01-21,2262,32381,647,19744,1615,12637,0,0,2043,18657,217,6803,2044,25460,California
Sonoma,2021-01-22,2736,35117,1042,20786,1694,14331,0,0,2588,21098,147,6950,2588,28048,California
Sonoma,2021-01-23,768,35885,593,21379,175,14506,0,0,661,21653,106,7056,661,28709,California
Sonoma,2021-01-24,851,36736,715,22094,136,14642,0,0,835,22472,16,7072,835,29544,California
Sonoma,2021-01-25,2172,38908,520,22614,1652,16294,0,0,1685,23670,487,7559,1685,31229,California
Sonoma,2021-01-26,2013,40921,301,22915,1712,18006,0,0,1558,24774,454,8013,1558,32787,California
Sonoma,2021-01-27,3698,44619,1279,24194,2419,20425,0,0,3125,27331,571,8584,3128,35915,California
Sonoma,2021-01-28,4119,48738,1848,26042,2271,22696,0,0,3448,30112,668,9252,3449,39364,California
Sonoma,2021-01-29,2967,51705,1411,27453,1556,24252,0,0,2134,31416,831,10083,2135,41499,California
Sonoma,2021-01-30,2583,54288,2394,29847,189,24441,0,0,2244,33322,339,10422,2245,43744,California
Sonoma,2021-01-31,777,55065,665,30512,112,24553,0,0,579,33704,197,10619,579,44323,California
Sonoma,2021-02-01,2505,57570,883,31395,1622,26175,0,0,2100,35402,402,11021,2100,46423,California
Sonoma,2021-02-02,3522,61092,1373,32768,2149,28324,0,0,2951,37784,569,11590,2951,49374,California
Sonoma,2021-02-03,4036,65128,1322,34090,2714,31038,0,0,3106,39963,927,12517,3106,52480,California
Sonoma,2021-02-04,4200,69328,1710,35800,2490,33528,0,0,3418,42602,780,13297,3419,55899,California
Sonoma,2021-02-05,4814,74142,1739,37539,3075,36603,0,0,3796,45385,1014,14311,3797,59696,California
Sonoma,2021-02-06,2656,76798,2296,39835,360,36963,0,0,2096,46922,559,14870,2096,61792,California
Sonoma,2021-02-07,1536,78334,1401,41236,135,37098,0,0,1284,47954,252,15122,1284,63076,California
Sonoma,2021-02-08,3256,81590,1033,42269,2223,39321,0,0,2676,50051,579,15701,2676,65752,California
Sonoma,2021-02-09,3565,85155,1697,43966,1868,41189,0,0,3086,52661,477,16178,3087,68839,California
Sonoma,2021-02-10,4533,89688,2477,46443,2056,43245,0,0,3496,55127,1031,17209,3497,72336,California
Sonoma,2021-02-11,5567,95255,3015,49458,2552,45797,0,0,4385,58332,1180,18389,4385,76721,California
Sonoma,2021-02-12,5900,101155,3242,52700,2658,48455,0,0,4479,61397,1417,19806,4482,81203,California
Sonoma,2021-02-13,1984,103139,1152,53852,832,49287,0,0,1201,61818,780,20586,1201,82404,California
Sonoma,2021-02-14,2315,105454,1822,55674,493,49780,0,0,1568,62640,746,21332,1568,83972,California
Sonoma,2021-02-15,2139,107593,791,56465,1348,51128,0,0,1605,63712,533,21865,1605,85577,California
Sonoma,2021-02-16,4894,112487,2051,58516,2843,53971,0,0,3640,66102,1250,23115,3640,89217,California
Sonoma,2021-02-17,5592,118079,2895,61411,2697,56668,0,0,3568,67656,2016,25131,3570,92787,California
Sonoma,2021-02-18,6920,124999,3133,64544,3787,60455,0,0,4000,68745,2912,28043,4001,96788,California
Sonoma,2021-02-19,5513,130512,1666,66210,3847,64302,0,0,3417,70072,2091,30134,3418,100206,California
Sonoma,2021-02-20,3120,133632,2840,69050,280,64582,0,0,1217,69392,1897,32031,1217,101423,California
Sonoma,2021-02-21,521,134153,415,69465,106,64688,0,0,130,69134,388,32419,130,101553,California
Sonoma,2021-02-22,2875,137028,1355,70820,1520,66208,0,0,1197,68658,1673,34092,1197,102750,California
Sonoma,2021-02-23,3360,140388,2068,72888,1292,67500,0,0,1615,68532,1741,35833,1615,104365,California
Sonoma,2021-02-24,5632,146020,2540,75428,3092,70592,0,0,2910,68728,2717,38550,2913,107278,California
Sonoma,2021-02-25,5787,151807,2236,77664,3551,74143,0,0,3107,69175,2660,41210,3107,110385,California
Sonoma,2021-02-26,6256,158063,2756,80420,3500,77643,0,0,3969,70862,2282,43492,3969,114354,California
Sonoma,2021-02-27,4022,162085,1906,82326,2116,79759,0,0,2681,72204,1339,44831,2681,117035,California
Sonoma,2021-02-28,2332,164417,1849,84175,483,80242,0,0,609,71100,1713,46544,609,117644,California
Sonoma,2021-03-01,3740,168157,1133,85308,2607,82849,0,0,1879,71129,1851,48395,1880,119524,California
Sonoma,2021-03-02,4336,172493,1476,86784,2860,85709,0,0,2526,71853,1802,50197,2526,122050,California
Sonoma,2021-03-03,5029,177522,2632,89416,2397,88106,0,0,2311,71453,2711,52908,2311,124361,California
Sonoma,2021-03-04,5915,183437,2662,92078,3253,91359,0,0,2567,70686,3334,56242,2567,126928,California
Sonoma,2021-03-05,6436,189873,2820,94898,3601,94960,15,15,2711,69702,3711,59953,2727,129655,California
Sonoma,2021-03-06,2777,192650,1212,96110,1431,96391,134,149,1910,70885,860,60813,2043,131698,California
Sonoma,2021-03-07,1681,194331,1391,97501,255,96646,35,184,356,69953,1323,62136,391,132089,California
Sonoma,2021-03-08,4050,198381,653,98154,3222,99868,175,359,2380,70846,1660,63796,2553,134642,California
Sonoma,2021-03-09,5485,203866,3002,101156,2241,102109,242,601,2673,70956,2805,66601,2915,137557,California
Sonoma,2021-03-10,5948,209814,3170,104326,2451,104560,327,928,2396,70140,3538,70139,2722,140279,California
Sonoma,2021-03-11,7518,217332,2994,107320,3704,108264,820,1748,2561,68574,4948,75087,3382,143661,California
Sonoma,2021-03-12,7396,224728,2267,109587,3769,112033,1360,3108,2106,66765,5271,80358,3462,147123,California
Sonoma,2021-03-13,3251,227979,1545,111132,1471,113504,235,3343,1855,67457,1395,81753,2087,149210,California
Sonoma,2021-03-14,1380,229359,383,111515,856,114360,141,3484,851,67922,526,82279,991,150201,California
Sonoma,2021-03-15,5221,234580,1498,113013,3338,117698,385,3869,2190,67472,3023,85302,2573,152774,California
Sonoma,2021-03-16,6274,240854,2237,115250,3805,121503,232,4101,2905,67245,3363,88665,3136,155910,California
Sonoma,2021-03-17,6742,247596,3523,118773,3039,124542,180,4281,3286,67265,3445,92110,3465,159375,California
Sonoma,2021-03-18,7118,254714,2936,121709,3568,128110,614,4895,3179,67124,3931,96041,3790,163165,California
Sonoma,2021-03-19,7481,262195,3235,124944,4015,132125,231,5126,3193,66283,4269,100310,3428,166593,California
Sonoma,2021-03-20,3626,265821,1745,126689,1052,133177,829,5955,1971,67432,1648,101958,2797,169390,California
Sonoma,2021-03-21,1382,267203,601,127290,748,133925,33,5988,1216,68519,162,102120,1249,170639,California
Sonoma,2021-03-22,4514,271717,3088,130378,1325,135250,101,6089,3422,70955,1087,103207,3523,174162,California
Sonoma,2021-03-23,5797,277514,3603,133981,2118,137368,76,6165,4420,74082,1369,104576,4496,178658,California
Sonoma,2021-03-24,6605,284119,4268,138249,2271,139639,66,6231,3993,75545,2595,107171,4058,182716,California
Sonoma,2021-03-25,6978,291097,4187,142436,2684,142323,107,6338,4226,77149,2730,109901,4334,187050,California
Sonoma,2021-03-26,7275,298372,3449,145885,3736,146059,90,6428,3803,77586,3456,113357,3893,190943,California
Sonoma,2021-03-27,3796,302168,1501,147386,1933,147992,362,6790,1120,76399,2669,116026,1482,192425,California
Sonoma,2021-03-28,1505,303673,947,148333,531,148523,27,6817,944,76812,558,116584,971,193396,California
Sonoma,2021-03-29,2855,306528,1094,149427,1728,150251,33,6850,1580,77155,1270,117854,1613,195009,California
Sonoma,2021-03-30,5705,312233,3143,152570,2499,152750,63,6913,3012,77542,2687,120541,3074,198083,California
Sonoma,2021-03-31,5511,317744,3341,155911,1956,154706,214,7127,3213,78683,2287,122828,3428,201511,California
Sonoma,2021-04-01,6680,324424,3973,159884,2371,157077,336,7463,3575,79499,3087,125915,3903,205414,California
Sonoma,2021-04-02,5901,330325,3536,163420,2256,159333,109,7572,3547,80807,2348,128263,3656,209070,California
Sonoma,2021-04-03,3368,333693,1646,165066,1500,160833,222,7794,1461,80593,1895,130158,1681,210751,California
Sonoma,2021-04-04,1057,334750,688,165754,279,161112,90,7884,668,80966,385,130543,758,211509,California
Sonoma,2021-04-05,4355,339105,587,166341,3430,164542,338,8222,1635,80225,2714,133257,1973,213482,California
Sonoma,2021-04-06,6846,345951,3466,169807,2979,167521,401,8623,3973,81737,2860,136117,4372,217854,California
Sonoma,2021-04-07,6750,352701,3808,173615,2108,169629,834,9457,3274,82374,3467,139584,4104,221958,California
Sonoma,2021-04-08,7496,360197,4095,177710,2631,172260,770,10227,4084,83823,3401,142985,4850,226808,California
Sonoma,2021-04-09,6762,366959,3766,181476,2112,174372,884,11111,3474,84902,3275,146260,4354,231162,California
Sonoma,2021-04-10,3825,370784,1684,183160,1588,175960,553,11664,1094,83823,2721,148981,1642,232804,California
Sonoma,2021-04-11,1279,372063,604,183764,593,176553,82,11746,434,83495,844,149825,516,233320,California
Sonoma,2021-04-12,4927,376990,2049,185813,2397,178950,481,12227,1842,82734,3077,152902,2316,235636,California
Sonoma,2021-04-13,7786,384776,4610,190423,3174,182124,2,12229,2959,80876,4819,157721,2961,238597,California
Sonoma,2021-04-14,6533,391309,3722,194145,2791,184915,20,12249,2526,79427,3994,161715,2545,241142,California
Sonoma,2021-04-15,7184,398493,4081,198226,3103,188018,0,12249,3551,79356,3622,165337,3551,244693,California
Sonoma,2021-04-16,6785,405278,3410,201636,3374,191392,1,12250,3850,80277,2930,168267,3851,248544,California
Sonoma,2021-04-17,3097,408375,1498,203134,1599,192991,0,12250,1496,80183,1591,169858,1497,250041,California
Sonoma,2021-04-18,1203,409578,811,203945,392,193383,0,12250,370,79722,831,170689,370,250411,California
Sonoma,2021-04-19,3293,412871,1873,205818,1419,194802,1,12251,1451,79336,1838,172527,1452,251863,California
Sonoma,2021-04-20,6258,419129,3450,209268,2808,197610,0,12251,2372,77835,3874,176401,2373,254236,California
Sonoma,2021-04-21,6343,425472,4186,213454,2155,199765,2,12253,2917,77342,3411,179812,2918,257154,California
Sonoma,2021-04-22,6111,431583,4441,217895,1670,201435,0,12253,2484,76212,3614,183426,2484,259638,California
Sonoma,2021-04-23,7259,438842,4608,222503,2644,204079,7,12260,3618,76206,3632,187058,3626,263264,California
Sonoma,2021-04-24,2695,441537,1481,223984,1200,205279,14,12274,1530,76588,1162,188220,1544,264808,California
Sonoma,2021-04-25,1076,442613,784,224768,292,205571,0,12274,428,76370,646,188866,428,265236,California
Sonoma,2021-04-26,2562,445175,1242,226010,1295,206866,25,12299,1440,76719,1116,189982,1465,266701,California
Sonoma,2021-04-27,5137,450312,3617,229627,1424,208290,96,12395,2105,75901,3019,193001,2201,268902,California
Sonoma,2021-04-28,4834,455146,3178,232805,1462,209752,194,12589,2099,75469,2720,195721,2288,271190,California
Sonoma,2021-04-29,4791,459937,3412,236217,1234,210986,145,12734,1748,74326,3036,198757,1893,273083,California
Sonoma,2021-04-30,5366,465303,3558,239775,1515,212501,293,13027,1812,72887,3543,202300,2104,275187,California
Sonoma,2021-05-01,2462,467765,1771,241546,585,213086,106,13133,1315,73163,1142,203442,1418,276605,California
Sonoma,2021-05-02,854,468619,644,242190,160,213246,50,13183,546,73452,308,203750,597,277202,California
Sonoma,2021-05-03,3158,471777,1665,243855,1352,214598,141,13324,1047,72535,2104,205854,1187,278389,California
Sonoma,2021-05-04,3924,475701,2048,245903,1776,216374,100,13424,1237,71200,2668,208522,1333,279722,California
Sonoma,2021-05-05,3077,478778,1856,247759,1112,217486,109,13533,1102,70443,1967,210489,1210,280932,California
Sonoma,2021-05-06,3176,481954,1655,249414,1491,218977,30,13563,930,69164,2238,212727,959,281891,California
Stanislaus,2020-12-15,3,3,3,3,0,0,0,0,3,3,0,0,3,3,California
Stanislaus,2020-12-16,37,40,37,40,0,0,0,0,37,40,0,0,37,40,California
Stanislaus,2020-12-17,74,114,74,114,0,0,0,0,74,114,0,0,74,114,California
Stanislaus,2020-12-18,337,451,331,445,6,6,0,0,337,451,0,0,337,451,California
Stanislaus,2020-12-19,133,584,133,578,0,6,0,0,133,584,0,0,133,584,California
Stanislaus,2020-12-20,85,669,85,663,0,6,0,0,85,669,0,0,85,669,California
Stanislaus,2020-12-21,998,1667,997,1660,1,7,0,0,997,1666,0,0,997,1666,California
Stanislaus,2020-12-22,795,2462,783,2443,12,19,0,0,795,2461,0,0,795,2461,California
Stanislaus,2020-12-23,447,2909,430,2873,17,36,0,0,446,2907,0,0,446,2907,California
Stanislaus,2020-12-24,97,3006,88,2961,9,45,0,0,97,3004,0,0,97,3004,California
Stanislaus,2020-12-26,51,3057,8,2969,43,88,0,0,51,3055,0,0,51,3055,California
Stanislaus,2020-12-27,11,3068,6,2975,5,93,0,0,11,3066,0,0,11,3066,California
Stanislaus,2020-12-28,490,3558,395,3370,95,188,0,0,490,3556,0,0,490,3556,California
Stanislaus,2020-12-29,494,4052,416,3786,78,266,0,0,494,4050,0,0,494,4050,California
Stanislaus,2020-12-30,534,4586,279,4065,255,521,0,0,533,4582,1,1,533,4583,California
Stanislaus,2020-12-31,275,4861,156,4221,119,640,0,0,275,4857,0,1,275,4858,California
Stanislaus,2021-01-01,12,4873,4,4225,8,648,0,0,12,4869,0,1,12,4870,California
Stanislaus,2021-01-02,31,4904,24,4249,7,655,0,0,31,4900,0,1,31,4901,California
Stanislaus,2021-01-03,90,4994,87,4336,3,658,0,0,90,4990,0,1,90,4991,California
Stanislaus,2021-01-04,229,5223,150,4486,79,737,0,0,229,5219,0,1,229,5220,California
Stanislaus,2021-01-05,831,6054,341,4827,490,1227,0,0,809,6012,21,22,814,6034,California
Stanislaus,2021-01-06,1002,7056,599,5426,403,1630,0,0,931,6876,68,90,932,6966,California
Stanislaus,2021-01-07,1077,8133,701,6127,376,2006,0,0,888,7584,182,272,890,7856,California
Stanislaus,2021-01-08,1281,9414,725,6852,556,2562,0,0,939,8189,339,611,944,8800,California
Stanislaus,2021-01-09,285,9699,141,6993,144,2706,0,0,195,8294,90,701,195,8995,California
Stanislaus,2021-01-10,48,9747,21,7014,27,2733,0,0,29,8304,19,720,29,9024,California
Stanislaus,2021-01-11,1522,11269,1245,8259,277,3010,0,0,596,7996,921,1641,613,9637,California
Stanislaus,2021-01-12,1464,12733,861,9120,603,3613,0,0,828,8198,632,2273,834,10471,California
Stanislaus,2021-01-13,1434,14167,682,9802,752,4365,0,0,1113,8998,321,2594,1121,11592,California
Stanislaus,2021-01-14,2222,16389,280,10082,1942,6307,0,0,2063,10964,157,2751,2123,13715,California
Stanislaus,2021-01-15,2806,19195,1145,11227,1661,7968,0,0,2663,13559,139,2890,2734,16449,California
Stanislaus,2021-01-16,471,19666,50,11277,421,8389,0,0,456,14003,14,2904,458,16907,California
Stanislaus,2021-01-17,244,19910,202,11479,42,8431,0,0,238,14236,5,2909,238,17145,California
Stanislaus,2021-01-18,2183,22093,1023,12502,1160,9591,0,0,1807,15735,371,3280,1870,19015,California
Stanislaus,2021-01-19,1249,23342,721,13223,528,10119,0,0,805,16099,442,3722,806,19821,California
Stanislaus,2021-01-20,999,24341,484,13707,515,10634,0,0,709,16519,289,4011,709,20530,California
Stanislaus,2021-01-21,3639,27980,2944,16651,695,11329,0,0,3328,19631,309,4320,3421,23951,California
Stanislaus,2021-01-22,1064,29044,307,16958,757,12086,0,0,1019,20613,41,4361,1023,24974,California
Stanislaus,2021-01-23,338,29382,38,16996,300,12386,0,0,282,20844,55,4416,286,25260,California
Stanislaus,2021-01-24,291,29673,99,17095,192,12578,0,0,225,21005,66,4482,227,25487,California
Stanislaus,2021-01-25,3137,32810,227,17322,2910,15488,0,0,2827,23691,276,4758,2962,28449,California
Stanislaus,2021-01-26,1720,34530,743,18065,977,16465,0,0,1299,24588,417,5175,1314,29763,California
Stanislaus,2021-01-27,1866,36396,1028,19093,838,17303,0,0,1163,25092,660,5835,1164,30927,California
Stanislaus,2021-01-28,2195,38591,1500,20593,695,17998,0,0,1713,26383,474,6309,1765,32692,California
Stanislaus,2021-01-29,2429,41020,1190,21783,1239,19237,0,0,1911,27864,473,6782,1954,34646,California
Stanislaus,2021-01-30,292,41312,131,21914,161,19398,0,0,229,28041,52,6834,229,34875,California
Stanislaus,2021-01-31,366,41678,312,22226,54,19452,0,0,351,28380,12,6846,351,35226,California
Stanislaus,2021-02-01,1258,42936,552,22778,706,20158,0,0,913,28959,334,7180,913,36139,California
Stanislaus,2021-02-02,1232,44168,373,23151,859,21017,0,0,780,29299,444,7624,784,36923,California
Stanislaus,2021-02-03,2460,46628,1082,24233,1378,22395,0,0,1791,30431,665,8289,1797,38720,California
Stanislaus,2021-02-04,2091,48719,725,24958,1366,23761,0,0,1576,31507,505,8794,1581,40301,California
Stanislaus,2021-02-05,2833,51552,1457,26415,1376,25137,0,0,1591,31917,1188,9982,1598,41899,California
Stanislaus,2021-02-06,882,52434,299,26714,583,25720,0,0,692,32422,188,10170,693,42592,California
Stanislaus,2021-02-07,213,52647,189,26903,24,25744,0,0,42,32295,170,10340,43,42635,California
Stanislaus,2021-02-08,2015,54662,1317,28220,698,26442,0,0,1097,32516,884,11224,1105,43740,California
Stanislaus,2021-02-09,1823,56485,775,28995,1048,27490,0,0,1042,32799,763,11987,1046,44786,California
Stanislaus,2021-02-10,1929,58414,531,29526,1398,28888,0,0,1012,32915,898,12885,1014,45800,California
Stanislaus,2021-02-11,5361,63775,3254,32780,2107,30995,0,0,1227,30193,3953,16838,1231,47031,California
Stanislaus,2021-02-12,3280,67055,910,33690,2370,33365,0,0,1445,29873,1769,18607,1449,48480,California
Stanislaus,2021-02-13,1347,68402,649,34339,698,34063,0,0,979,30492,364,18971,983,49463,California
Stanislaus,2021-02-14,421,68823,168,34507,253,34316,0,0,352,30777,67,19038,352,49815,California
Stanislaus,2021-02-15,1806,70629,229,34736,1577,35893,0,0,579,30237,1124,20162,584,50399,California
Stanislaus,2021-02-16,1358,71987,420,35156,938,36831,0,0,581,30051,769,20931,583,50982,California
Stanislaus,2021-02-17,2729,74716,1667,36823,1062,37893,0,0,1933,31198,793,21724,1940,52922,California
Stanislaus,2021-02-18,3334,78050,1886,38709,1448,39341,0,0,1786,31527,1471,23195,1800,54722,California
Stanislaus,2021-02-19,2713,80763,1052,39761,1661,41002,0,0,1522,31902,1157,24352,1532,56254,California
Stanislaus,2021-02-20,745,81508,378,40139,367,41369,0,0,482,32140,246,24598,484,56738,California
Stanislaus,2021-02-21,902,82410,687,40826,215,41584,0,0,551,32374,328,24926,562,57300,California
Stanislaus,2021-02-22,2337,84747,1690,42516,647,42231,0,0,1635,33334,677,25603,1637,58937,California
Stanislaus,2021-02-23,3688,88435,679,43195,3009,45240,0,0,1734,33260,1814,27417,1740,60677,California
Stanislaus,2021-02-24,4140,92575,2830,46025,1310,46550,0,0,3128,35396,996,28413,3132,63809,California
Stanislaus,2021-02-25,3868,96443,2638,48663,1230,47780,0,0,3071,37690,780,29193,3074,66883,California
Stanislaus,2021-02-26,4160,100603,1201,49864,2959,50739,0,0,2815,39215,1300,30493,2825,69708,California
Stanislaus,2021-02-27,2070,102673,698,50562,1371,52110,1,1,1844,40861,199,30692,1845,71553,California
Stanislaus,2021-02-28,801,103474,259,50821,542,52652,0,1,755,41578,39,30731,756,72309,California
Stanislaus,2021-03-01,2746,106220,1614,52435,1131,53783,1,2,1624,42108,1101,31832,1631,73940,California
Stanislaus,2021-03-02,2372,108592,1408,53843,963,54746,1,3,1653,43050,712,32544,1654,75594,California
Stanislaus,2021-03-03,3697,112289,2219,56062,1476,56222,2,5,2896,45162,784,33328,2896,78490,California
Stanislaus,2021-03-04,5417,117706,3099,59161,2302,58524,16,21,4196,48174,1196,34524,4208,82698,California
Stanislaus,2021-03-05,4006,121712,1108,60269,2882,61406,16,37,3045,50292,942,35466,3060,85758,California
Stanislaus,2021-03-06,3569,125281,2223,62492,1253,62659,93,130,2718,52258,847,36313,2813,88571,California
Stanislaus,2021-03-07,843,126124,384,62876,423,63082,36,166,655,52767,182,36495,691,89262,California
Stanislaus,2021-03-08,1978,128102,853,63729,1036,64118,89,255,1319,53527,647,37142,1407,90669,California
Stanislaus,2021-03-09,2162,130264,891,64620,1179,65297,92,347,1626,54722,527,37669,1722,92391,California
Stanislaus,2021-03-10,5046,135310,2490,67110,2335,67632,221,568,3731,57388,1298,38967,3964,96355,California
Stanislaus,2021-03-11,5702,141012,3128,70238,2098,69730,476,1044,4128,60578,1416,40383,4606,100961,California
Stanislaus,2021-03-12,5753,146765,1225,71463,2608,72338,1920,2964,2921,62599,2815,43198,4836,105797,California
Stanislaus,2021-03-13,3370,150135,2175,73638,1127,73465,68,3032,2682,64673,681,43879,2755,108552,California
Stanislaus,2021-03-14,990,151125,593,74231,346,73811,51,3083,488,64715,500,44379,542,109094,California
Stanislaus,2021-03-15,3677,154802,1968,76199,1351,75162,358,3441,1602,64701,1980,46359,1966,111060,California
Stanislaus,2021-03-16,4899,159701,2441,78640,2047,77209,411,3852,3535,67301,1345,47704,3945,115005,California
Stanislaus,2021-03-17,4702,164403,2846,81486,1680,78889,176,4028,2883,68568,1798,49502,3065,118070,California
Stanislaus,2021-03-18,5404,169807,3409,84895,1928,80817,67,4095,2976,69334,2282,51784,3048,121118,California
Stanislaus,2021-03-19,5907,175714,1526,86421,2856,83673,1525,5620,3101,71178,2780,54564,4624,125742,California
Stanislaus,2021-03-20,3832,179546,2998,89419,766,84439,68,5688,3362,74145,463,55027,3430,129172,California
Stanislaus,2021-03-21,981,180527,881,90300,35,84474,65,5753,747,74725,232,55259,812,129984,California
Stanislaus,2021-03-22,2804,183331,1317,91617,763,85237,724,6477,1247,75154,1541,56800,1970,131954,California
Stanislaus,2021-03-23,3931,187262,2010,93627,1661,86898,260,6737,2812,77140,1102,57902,3088,135042,California
Stanislaus,2021-03-24,4524,191786,3206,96833,1250,88148,68,6805,2636,78001,1846,59748,2707,137749,California
Stanislaus,2021-03-25,4225,196011,2903,99736,1306,89454,16,6821,1815,77498,2335,62083,1832,139581,California
Stanislaus,2021-03-26,4709,200720,1332,101068,3302,92756,75,6896,2377,77664,2299,64382,2465,142046,California
Stanislaus,2021-03-27,4303,205023,2699,103767,1575,94331,29,6925,1391,76202,2896,67278,1434,143480,California
Stanislaus,2021-03-28,1096,206119,436,104203,555,94886,105,7030,343,75921,743,68021,462,143942,California
Stanislaus,2021-03-29,2957,209076,1815,106018,1103,95989,39,7069,1972,76962,977,68998,2018,145960,California
Stanislaus,2021-03-30,3642,212718,2037,108055,1578,97567,27,7096,2223,77810,1411,70409,2259,148219,California
Stanislaus,2021-03-31,5370,218088,3807,111862,1446,99013,117,7213,2750,78087,2605,73014,2882,151101,California
Stanislaus,2021-04-01,5698,223786,3815,115677,1794,100807,89,7302,2621,77758,3064,76078,2735,153836,California
Stanislaus,2021-04-02,4968,228754,1206,116883,3611,104418,151,7453,2234,77510,2651,78729,2403,156239,California
Stanislaus,2021-04-03,4517,233271,3285,120168,1195,105613,37,7490,2224,77509,2285,81014,2284,158523,California
Stanislaus,2021-04-04,1309,234580,467,120635,812,106425,30,7520,648,77541,656,81670,688,159211,California
Stanislaus,2021-04-05,3602,238182,2515,123150,837,107262,250,7770,2338,78879,1256,82926,2594,161805,California
Stanislaus,2021-04-06,5709,243891,4154,127304,1282,108544,273,8043,3058,79578,2638,85564,3337,165142,California
Stanislaus,2021-04-07,6328,250219,3588,130892,2321,110865,419,8462,2824,79337,3490,89054,3249,168391,California
Stanislaus,2021-04-08,5653,255872,3310,134202,1912,112777,431,8893,2750,79637,2886,91940,3186,171577,California
Stanislaus,2021-04-09,4796,260668,2096,136298,2334,115111,366,9259,2177,79594,2598,94538,2555,174132,California
Stanislaus,2021-04-10,6466,267134,3976,140274,857,115968,1633,10892,1994,78764,4451,98989,3621,177753,California
Stanislaus,2021-04-11,1512,268646,847,141121,532,116500,133,11025,659,78706,851,99840,793,178546,California
Stanislaus,2021-04-12,3575,272221,2034,143155,1097,117597,444,11469,1867,79325,1699,101539,2318,180864,California
Stanislaus,2021-04-13,5180,277401,3409,146564,1758,119355,13,11482,2918,80018,2230,103769,2923,183787,California
Stanislaus,2021-04-14,4619,282020,3237,149801,1382,120737,0,11482,2243,79920,2346,106115,2248,186035,California
Stanislaus,2021-04-15,5365,287385,3303,153104,2060,122797,2,11484,3232,81059,2097,108212,3236,189271,California
Stanislaus,2021-04-16,4251,291636,968,154072,3283,126080,0,11484,1795,80439,2417,110629,1797,191068,California
Stanislaus,2021-04-17,3103,294739,2070,156142,1033,127113,0,11484,1805,80961,1287,111916,1809,192877,California
Stanislaus,2021-04-18,519,295258,206,156348,313,127426,0,11484,399,81248,114,112030,401,193278,California
Stanislaus,2021-04-19,3444,298702,2445,158793,999,128425,0,11484,1648,81138,1766,113796,1656,194934,California
Stanislaus,2021-04-20,3958,302660,2402,161195,1556,129981,0,11484,1740,80688,2192,115988,1742,196676,California
Stanislaus,2021-04-21,3770,306430,2511,163706,1258,131239,1,11485,1614,80186,2123,118111,1621,198297,California
Stanislaus,2021-04-22,3932,310362,2393,166099,1539,132778,0,11485,1588,79478,2301,120412,1593,199890,California
Stanislaus,2021-04-23,3580,313942,842,166941,2738,135516,0,11485,1472,78941,2016,122428,1479,201369,California
Stanislaus,2021-04-24,3719,317661,2917,169858,802,136318,0,11485,1756,78757,1947,124375,1763,203132,California
Stanislaus,2021-04-25,931,318592,478,170336,453,136771,0,11485,684,79204,242,124617,689,203821,California
Stanislaus,2021-04-26,3162,321754,2226,172562,930,137701,6,11491,949,77968,2198,126815,962,204783,California
Stanislaus,2021-04-27,3792,325546,2658,175220,1092,138793,42,11533,1069,76374,2706,129521,1112,205895,California
Stanislaus,2021-04-28,4099,329645,2884,178104,1154,139947,61,11594,1799,75961,2285,131806,1872,207767,California
Stanislaus,2021-04-29,3551,333196,2208,180312,1295,141242,48,11642,1396,75272,2141,133947,1452,209219,California
Stanislaus,2021-04-30,4448,337644,2034,182346,2347,143589,67,11709,1777,74464,2660,136607,1852,211071,California
Stanislaus,2021-05-01,2663,340307,1914,184260,711,144300,38,11747,999,73851,1658,138265,1045,212116,California
Stanislaus,2021-05-02,1049,341356,604,184864,409,144709,36,11783,510,73868,534,138799,551,212667,California
Stanislaus,2021-05-03,2281,343637,1802,186666,413,145122,66,11849,864,73401,1409,140208,942,213609,California
Stanislaus,2021-05-04,2781,346418,1940,188606,787,145909,54,11903,804,72295,1969,142177,863,214472,California
Stanislaus,2021-05-05,2272,348690,1485,190091,745,146654,42,11945,749,71577,1510,143687,792,215264,California
Stanislaus,2021-05-06,1461,350151,979,191070,409,147063,73,12018,500,71196,955,144642,574,215838,California
Sutter,2020-12-15,1,1,1,1,0,0,0,0,1,1,0,0,1,1,California
Sutter,2020-12-16,4,5,4,5,0,0,0,0,4,5,0,0,4,5,California
Sutter,2020-12-17,2,7,2,7,0,0,0,0,2,7,0,0,2,7,California
Sutter,2020-12-18,20,27,20,27,0,0,0,0,20,27,0,0,20,27,California
Sutter,2020-12-19,44,71,44,71,0,0,0,0,44,71,0,0,44,71,California
Sutter,2020-12-20,42,113,42,113,0,0,0,0,42,113,0,0,42,113,California
Sutter,2020-12-21,100,213,100,213,0,0,0,0,100,213,0,0,100,213,California
Sutter,2020-12-22,172,385,172,385,0,0,0,0,172,385,0,0,172,385,California
Sutter,2020-12-23,116,501,111,496,5,5,0,0,116,501,0,0,116,501,California
Sutter,2020-12-24,17,518,11,507,6,11,0,0,17,518,0,0,17,518,California
Sutter,2020-12-26,38,556,34,541,4,15,0,0,38,556,0,0,38,556,California
Sutter,2020-12-27,24,580,23,564,1,16,0,0,24,580,0,0,24,580,California
Sutter,2020-12-28,83,663,55,619,28,44,0,0,83,663,0,0,83,663,California
Sutter,2020-12-29,101,764,14,633,87,131,0,0,101,764,0,0,101,764,California
Sutter,2020-12-30,137,901,34,667,103,234,0,0,137,901,0,0,137,901,California
Sutter,2020-12-31,70,971,6,673,64,298,0,0,70,971,0,0,70,971,California
Sutter,2021-01-01,3,974,3,676,0,298,0,0,3,974,0,0,3,974,California
Sutter,2021-01-02,133,1107,131,807,2,300,0,0,133,1107,0,0,133,1107,California
Sutter,2021-01-03,1,1108,0,807,1,301,0,0,1,1108,0,0,1,1108,California
Sutter,2021-01-04,247,1355,139,946,108,409,0,0,247,1355,0,0,247,1355,California
Sutter,2021-01-05,99,1454,56,1002,43,452,0,0,97,1450,2,2,97,1452,California
Sutter,2021-01-06,204,1658,50,1052,154,606,0,0,199,1644,5,7,199,1651,California
Sutter,2021-01-07,251,1909,151,1203,100,706,0,0,242,1878,8,15,242,1893,California
Sutter,2021-01-08,147,2056,40,1243,107,813,0,0,130,1991,17,32,130,2023,California
Sutter,2021-01-09,46,2102,43,1286,3,816,0,0,5,1955,41,73,5,2028,California
Sutter,2021-01-10,397,2499,37,1323,360,1176,0,0,359,2277,37,110,359,2387,California
Sutter,2021-01-11,132,2631,114,1437,18,1194,0,0,26,2197,106,216,26,2413,California
Sutter,2021-01-12,201,2832,164,1601,37,1231,0,0,58,2112,143,359,58,2471,California
Sutter,2021-01-13,161,2993,98,1699,63,1294,0,0,71,2094,89,448,71,2542,California
Sutter,2021-01-14,145,3138,49,1748,96,1390,0,0,126,2201,19,467,126,2668,California
Sutter,2021-01-15,436,3574,132,1880,304,1694,0,0,421,2607,15,482,421,3089,California
Sutter,2021-01-16,384,3958,41,1921,343,2037,0,0,353,2930,30,512,353,3442,California
Sutter,2021-01-17,26,3984,24,1945,2,2039,0,0,10,2924,16,528,10,3452,California
Sutter,2021-01-18,116,4100,61,2006,55,2094,0,0,69,2946,47,575,69,3521,California
Sutter,2021-01-19,104,4204,43,2049,61,2155,0,0,79,3000,25,600,79,3600,California
Sutter,2021-01-20,255,4459,190,2239,65,2220,0,0,235,3215,20,620,235,3835,California
Sutter,2021-01-21,472,4931,303,2542,169,2389,0,0,453,3649,19,639,453,4288,California
Sutter,2021-01-22,269,5200,81,2623,188,2577,0,0,260,3900,9,648,260,4548,California
Sutter,2021-01-23,397,5597,40,2663,357,2934,0,0,370,4243,27,675,370,4918,California
Sutter,2021-01-24,17,5614,14,2677,3,2937,0,0,15,4256,2,677,15,4933,California
Sutter,2021-01-25,307,5921,197,2874,110,3047,0,0,152,4254,154,831,152,5085,California
Sutter,2021-01-26,243,6164,103,2977,140,3187,0,0,144,4300,98,929,144,5229,California
Sutter,2021-01-27,386,6550,255,3232,131,3318,0,0,320,4554,66,995,320,5549,California
Sutter,2021-01-28,525,7075,301,3533,224,3542,0,0,395,4820,129,1124,395,5944,California
Sutter,2021-01-29,419,7494,146,3679,273,3815,0,0,254,4909,165,1289,254,6198,California
Sutter,2021-01-30,775,8269,38,3717,737,4552,0,0,764,5662,11,1300,764,6962,California
Sutter,2021-01-31,27,8296,27,3744,0,4552,0,0,27,5689,0,1300,27,6989,California
Sutter,2021-02-01,165,8461,49,3793,116,4668,0,0,134,5792,31,1331,134,7123,California
Sutter,2021-02-02,244,8705,27,3820,217,4885,0,0,212,5972,32,1363,212,7335,California
Sutter,2021-02-03,442,9147,38,3858,404,5289,0,0,209,5948,233,1596,209,7544,California
Sutter,2021-02-04,670,9817,366,4224,304,5593,0,0,620,6518,50,1646,620,8164,California
Sutter,2021-02-05,285,10102,32,4256,253,5846,0,0,136,6505,149,1795,136,8300,California
Sutter,2021-02-06,735,10837,29,4285,706,6552,0,0,713,7196,22,1817,713,9013,California
Sutter,2021-02-07,23,10860,20,4305,3,6555,0,0,19,7211,4,1821,19,9032,California
Sutter,2021-02-08,134,10994,29,4334,105,6660,0,0,98,7273,36,1857,98,9130,California
Sutter,2021-02-09,245,11239,45,4379,200,6860,0,0,184,7396,61,1918,184,9314,California
Sutter,2021-02-10,818,12057,379,4758,439,7299,0,0,177,6933,640,2558,177,9491,California
Sutter,2021-02-11,603,12660,275,5033,328,7627,0,0,345,7020,258,2816,345,9836,California
Sutter,2021-02-12,633,13293,67,5100,566,8193,0,0,310,7008,322,3138,310,10146,California
Sutter,2021-02-13,898,14191,49,5149,849,9042,0,0,781,7672,117,3255,781,10927,California
Sutter,2021-02-14,90,14281,25,5174,65,9107,0,0,80,7742,10,3265,80,11007,California
Sutter,2021-02-15,198,14479,73,5247,125,9232,0,0,119,7782,79,3344,119,11126,California
Sutter,2021-02-16,289,14768,45,5292,244,9476,0,0,205,7904,83,3427,205,11331,California
Sutter,2021-02-17,823,15591,428,5720,395,9871,0,0,129,7339,694,4121,129,11460,California
Sutter,2021-02-18,700,16291,55,5775,645,10516,0,0,489,7618,210,4331,489,11949,California
Sutter,2021-02-19,664,16955,378,6153,286,10802,0,0,462,7880,200,4531,462,12411,California
Sutter,2021-02-20,617,17572,51,6204,566,11368,0,0,514,8292,102,4633,514,12925,California
Sutter,2021-02-21,29,17601,26,6230,3,11371,0,0,6,8275,23,4656,6,12931,California
Sutter,2021-02-22,207,17808,122,6352,85,11456,0,0,87,8242,120,4776,87,13018,California
Sutter,2021-02-23,223,18031,33,6385,190,11646,0,0,97,8213,126,4902,97,13115,California
Sutter,2021-02-24,959,18990,349,6734,610,12256,0,0,190,7635,768,5670,190,13305,California
Sutter,2021-02-25,778,19768,492,7226,286,12542,0,0,597,8054,178,5848,597,13902,California
Sutter,2021-02-26,368,20136,59,7285,309,12851,0,0,152,7992,214,6062,152,14054,California
Sutter,2021-02-27,865,21001,44,7329,821,13672,0,0,710,8545,157,6219,710,14764,California
Sutter,2021-02-28,83,21084,38,7367,45,13717,0,0,64,8591,18,6237,64,14828,California
Sutter,2021-03-01,247,21331,61,7428,186,13903,0,0,150,8644,97,6334,150,14978,California
Sutter,2021-03-02,334,21665,57,7485,277,14180,0,0,160,8631,173,6507,160,15138,California
Sutter,2021-03-03,1384,23049,514,7999,870,15050,0,0,647,8547,731,7238,647,15785,California
Sutter,2021-03-04,1256,24305,867,8866,389,15439,0,0,950,9195,302,7540,950,16735,California
Sutter,2021-03-05,336,24641,76,8942,259,15698,1,1,203,9267,132,7672,204,16939,California
Sutter,2021-03-06,1022,25663,46,8988,971,16669,5,6,860,9970,162,7834,865,17804,California
Sutter,2021-03-07,64,25727,23,9011,40,16709,1,7,44,9995,20,7854,45,17849,California
Sutter,2021-03-08,225,25952,78,9089,135,16844,12,19,157,10096,68,7922,169,18018,California
Sutter,2021-03-09,386,26338,136,9225,237,17081,13,32,183,10090,202,8124,196,18214,California
Sutter,2021-03-10,1570,27908,682,9907,827,17908,61,93,526,9636,1041,9165,587,18801,California
Sutter,2021-03-11,890,28798,438,10345,433,18341,19,112,646,10060,241,9406,665,19466,California
Sutter,2021-03-12,672,29470,110,10455,380,18721,182,294,198,9967,471,9877,378,19844,California
Sutter,2021-03-13,981,30451,747,11202,217,18938,17,311,781,10567,198,10075,798,20642,California
Sutter,2021-03-14,128,30579,21,11223,96,19034,11,322,43,10536,85,10160,54,20696,California
Sutter,2021-03-15,318,30897,66,11289,203,19237,49,371,151,10570,166,10326,200,20896,California
Sutter,2021-03-16,387,31284,86,11375,254,19491,47,418,210,10649,177,10503,256,21152,California
Sutter,2021-03-17,1497,32781,565,11940,913,20404,19,437,311,9801,1178,11681,330,21482,California
Sutter,2021-03-18,955,33736,168,12108,587,20991,200,637,564,10174,390,12071,763,22245,California
Sutter,2021-03-19,462,34198,164,12272,269,21260,29,666,283,10309,177,12248,312,22557,California
Sutter,2021-03-20,951,35149,116,12388,824,22084,11,677,863,11095,88,12336,874,23431,California
Sutter,2021-03-21,67,35216,47,12435,17,22101,3,680,37,11105,30,12366,40,23471,California
Sutter,2021-03-22,287,35503,120,12555,141,22242,26,706,212,11269,74,12440,238,23709,California
Sutter,2021-03-23,376,35879,116,12671,228,22470,32,738,254,11433,122,12562,286,23995,California
Sutter,2021-03-24,1684,37563,773,13444,841,23311,70,808,317,10467,1353,13915,387,24382,California
Sutter,2021-03-25,1035,38598,676,14120,318,23629,41,849,367,10209,666,14581,408,24790,California
Sutter,2021-03-26,482,39080,171,14291,294,23923,17,866,292,10331,187,14768,309,25099,California
Sutter,2021-03-27,932,40012,63,14354,867,24790,2,868,824,11052,105,14873,826,25925,California
Sutter,2021-03-28,125,40137,71,14425,54,24844,0,868,78,11085,45,14918,78,26003,California
Sutter,2021-03-29,427,40564,144,14569,228,25072,55,923,226,11167,199,15117,281,26284,California
Sutter,2021-03-30,475,41039,158,14727,307,25379,10,933,316,11334,159,15276,326,26610,California
Sutter,2021-03-31,1244,42283,175,14902,1053,26432,16,949,444,11003,790,16066,459,27069,California
Sutter,2021-04-01,1369,43652,727,15629,455,26887,187,1136,413,10654,949,17015,600,27669,California
Sutter,2021-04-02,513,44165,99,15728,296,27183,118,1254,202,10661,310,17325,317,27986,California
Sutter,2021-04-03,909,45074,77,15805,209,27392,623,1877,120,10617,787,18112,743,28729,California
Sutter,2021-04-04,117,45191,22,15827,89,27481,6,1883,54,10614,63,18175,60,28789,California
Sutter,2021-04-05,368,45559,146,15973,186,27667,36,1919,177,10639,188,18363,213,29002,California
Sutter,2021-04-06,508,46067,196,16169,256,27923,56,1975,272,10732,235,18598,328,29330,California
Sutter,2021-04-07,1464,47531,863,17032,526,28449,75,2050,602,10553,856,19454,677,30007,California
Sutter,2021-04-08,1024,48555,575,17607,340,28789,109,2159,561,10763,458,19912,668,30675,California
Sutter,2021-04-09,554,49109,244,17851,247,29036,63,2222,233,10740,319,20231,296,30971,California
Sutter,2021-04-10,817,49926,105,17956,88,29124,624,2846,104,10751,711,20942,722,31693,California
Sutter,2021-04-11,108,50034,26,17982,40,29164,42,2888,30,10745,78,21020,72,31765,California
Sutter,2021-04-12,337,50371,91,18073,192,29356,54,2942,137,10736,200,21220,191,31956,California
Sutter,2021-04-13,428,50799,125,18198,303,29659,0,2942,213,10736,213,21433,213,32169,California
Sutter,2021-04-14,1292,52091,159,18357,1132,30791,1,2943,213,9878,1073,22506,215,32384,California
Sutter,2021-04-15,532,52623,171,18528,361,31152,0,2943,214,9776,316,22822,214,32598,California
Sutter,2021-04-16,386,53009,115,18643,271,31423,0,2943,175,9741,210,23032,175,32773,California
Sutter,2021-04-17,571,53580,81,18724,490,31913,0,2943,500,10172,69,23101,500,33273,California
Sutter,2021-04-18,67,53647,8,18732,59,31972,0,2943,42,10190,24,23125,42,33315,California
Sutter,2021-04-19,289,53936,110,18842,179,32151,0,2943,121,10145,166,23291,121,33436,California
Sutter,2021-04-20,391,54327,136,18978,255,32406,0,2943,202,10159,188,23479,202,33638,California
Sutter,2021-04-21,1237,55564,423,19401,814,33220,0,2943,478,9887,750,24229,478,34116,California
Sutter,2021-04-22,466,56030,158,19559,308,33528,0,2943,245,9912,220,24449,245,34361,California
Sutter,2021-04-23,393,56423,111,19670,282,33810,0,2943,186,9892,206,24655,186,34547,California
Sutter,2021-04-24,324,56747,105,19775,219,34029,0,2943,185,9939,138,24793,185,34732,California
Sutter,2021-04-25,157,56904,75,19850,82,34111,0,2943,86,9957,68,24861,86,34818,California
Sutter,2021-04-26,259,57163,60,19910,197,34308,2,2945,114,9930,143,25004,116,34934,California
Sutter,2021-04-27,487,57650,228,20138,255,34563,4,2949,225,9900,259,25263,229,35163,California
Sutter,2021-04-28,816,58466,341,20479,467,35030,8,2957,260,9617,551,25814,268,35431,California
Sutter,2021-04-29,759,59225,132,20611,626,35656,1,2958,303,9468,453,26267,304,35735,California
Sutter,2021-04-30,352,59577,105,20716,234,35890,13,2971,142,9415,207,26474,154,35889,California
Sutter,2021-05-01,292,59869,103,20819,148,36038,41,3012,123,9413,166,26640,164,36053,California
Sutter,2021-05-02,78,59947,51,20870,25,36063,2,3014,45,9427,33,26673,47,36100,California
Sutter,2021-05-03,132,60079,69,20939,53,36116,10,3024,57,9419,75,26748,67,36167,California
Sutter,2021-05-04,334,60413,119,21058,161,36277,54,3078,148,9436,184,26932,201,36368,California
Sutter,2021-05-05,397,60810,33,21091,360,36637,4,3082,104,9257,287,27219,108,36476,California
Sutter,2021-05-06,198,61008,110,21201,75,36712,13,3095,92,9256,106,27325,105,36581,California
Tehama,2020-12-15,1,1,1,1,0,0,0,0,1,1,0,0,1,1,California
Tehama,2020-12-16,2,3,2,3,0,0,0,0,2,3,0,0,2,3,California
Tehama,2020-12-17,12,15,12,15,0,0,0,0,12,15,0,0,12,15,California
Tehama,2020-12-18,2,17,2,17,0,0,0,0,3,18,0,0,3,18,California
Tehama,2020-12-21,33,50,33,50,0,0,0,0,33,51,0,0,33,51,California
Tehama,2020-12-22,68,118,62,112,6,6,0,0,68,119,0,0,68,119,California
Tehama,2020-12-23,48,166,40,152,8,14,0,0,48,167,0,0,48,167,California
Tehama,2020-12-24,5,171,3,155,2,16,0,0,5,172,0,0,5,172,California
Tehama,2020-12-26,3,174,2,157,1,17,0,0,3,175,0,0,3,175,California
Tehama,2020-12-27,2,176,2,159,0,17,0,0,2,177,0,0,2,177,California
Tehama,2020-12-28,56,232,43,202,13,30,0,0,56,233,0,0,56,233,California
Tehama,2020-12-29,31,263,31,233,0,30,0,0,31,264,0,0,31,264,California
Tehama,2020-12-30,54,317,38,271,16,46,0,0,53,317,0,0,53,317,California
Tehama,2020-12-31,14,331,4,275,10,56,0,0,14,331,0,0,14,331,California
Tehama,2021-01-01,2,333,0,275,2,58,0,0,2,333,0,0,2,333,California
Tehama,2021-01-04,32,365,9,284,23,81,0,0,32,365,0,0,32,365,California
Tehama,2021-01-05,70,435,43,327,27,108,0,0,67,429,3,3,67,432,California
Tehama,2021-01-06,71,506,21,348,50,158,0,0,62,483,8,11,62,494,California
Tehama,2021-01-07,57,563,7,355,50,208,0,0,56,538,1,12,56,550,California
Tehama,2021-01-08,33,596,24,379,9,217,0,0,28,561,5,17,28,578,California
Tehama,2021-01-09,7,603,5,384,2,219,0,0,5,564,2,19,5,583,California
Tehama,2021-01-10,1,604,0,384,1,220,0,0,1,565,0,19,1,584,California
Tehama,2021-01-11,48,652,46,430,2,222,0,0,15,547,33,52,15,599,California
Tehama,2021-01-12,116,768,96,526,20,242,0,0,71,573,45,97,71,670,California
Tehama,2021-01-13,73,841,55,581,18,260,0,0,27,554,46,143,27,697,California
Tehama,2021-01-14,225,1066,50,631,175,435,0,0,223,775,2,145,223,920,California
Tehama,2021-01-15,247,1313,74,705,173,608,0,0,243,1014,4,149,243,1163,California
Tehama,2021-01-16,272,1585,27,732,245,853,0,0,269,1280,3,152,269,1432,California
Tehama,2021-01-17,13,1598,9,741,4,857,0,0,11,1289,2,154,11,1443,California
Tehama,2021-01-18,10,1608,6,747,4,861,0,0,5,1289,5,159,5,1448,California
Tehama,2021-01-19,288,1896,62,809,226,1087,0,0,233,1467,55,214,233,1681,California
Tehama,2021-01-20,301,2197,87,896,214,1301,0,0,251,1669,49,263,251,1932,California
Tehama,2021-01-21,214,2411,11,907,203,1504,0,0,204,1863,10,273,204,2136,California
Tehama,2021-01-22,223,2634,21,928,202,1706,0,0,220,2080,3,276,220,2356,California
Tehama,2021-01-23,261,2895,10,938,251,1957,0,0,260,2339,1,277,260,2616,California
Tehama,2021-01-25,32,2927,14,952,18,1975,0,0,14,2335,18,295,14,2630,California
Tehama,2021-01-26,323,3250,42,994,281,2256,0,0,286,2584,37,332,286,2916,California
Tehama,2021-01-27,299,3549,21,1015,278,2534,0,0,279,2843,20,352,279,3195,California
Tehama,2021-01-28,340,3889,29,1044,311,2845,0,0,325,3153,15,367,325,3520,California
Tehama,2021-01-29,321,4210,19,1063,302,3147,0,0,304,3440,17,384,304,3824,California
Tehama,2021-01-30,103,4313,2,1065,101,3248,0,0,102,3541,1,385,102,3926,California
Tehama,2021-01-31,1,4314,0,1065,1,3249,0,0,1,3542,0,385,1,3927,California
Tehama,2021-02-01,78,4392,22,1087,56,3305,0,0,36,3536,42,427,36,3963,California
Tehama,2021-02-02,345,4737,63,1150,282,3587,0,0,248,3690,94,521,248,4211,California
Tehama,2021-02-03,382,5119,12,1162,370,3957,0,0,338,3984,44,565,338,4549,California
Tehama,2021-02-04,474,5593,98,1260,376,4333,0,0,395,4301,79,644,396,4945,California
Tehama,2021-02-05,173,5766,73,1333,100,4433,0,0,111,4350,62,706,111,5056,California
Tehama,2021-02-06,28,5794,13,1346,15,4448,0,0,16,4354,12,718,16,5072,California
Tehama,2021-02-07,5,5799,4,1350,1,4449,0,0,2,4353,3,721,2,5074,California
Tehama,2021-02-08,36,5835,14,1364,22,4471,0,0,27,4371,9,730,27,5101,California
Tehama,2021-02-09,78,5913,34,1398,44,4515,0,0,44,4381,34,764,44,5145,California
Tehama,2021-02-10,233,6146,62,1460,171,4686,0,0,157,4462,76,840,157,5302,California
Tehama,2021-02-11,222,6368,16,1476,206,4892,0,0,82,4406,138,978,82,5384,California
Tehama,2021-02-12,364,6732,65,1541,299,5191,0,0,174,4390,190,1168,174,5558,California
Tehama,2021-02-13,386,7118,13,1554,373,5564,0,0,147,4298,239,1407,147,5705,California
Tehama,2021-02-14,33,7151,0,1554,33,5597,0,0,32,4329,1,1408,32,5737,California
Tehama,2021-02-15,51,7202,9,1563,42,5639,0,0,45,4368,6,1414,45,5782,California
Tehama,2021-02-16,242,7444,16,1579,226,5865,0,0,60,4246,182,1596,60,5842,California
Tehama,2021-02-17,280,7724,12,1591,268,6133,0,0,54,4074,226,1822,54,5896,California
Tehama,2021-02-18,368,8092,32,1623,336,6469,0,0,144,3994,224,2046,144,6040,California
Tehama,2021-02-19,213,8305,18,1641,195,6664,0,0,42,3865,171,2217,42,6082,California
Tehama,2021-02-20,271,8576,6,1647,265,6929,0,0,26,3646,245,2462,26,6108,California
Tehama,2021-02-22,37,8613,13,1660,24,6953,0,0,24,3657,13,2475,24,6132,California
Tehama,2021-02-23,46,8659,19,1679,27,6980,0,0,26,3663,20,2495,26,6158,California
Tehama,2021-02-24,298,8957,12,1691,286,7266,0,0,26,3417,272,2767,26,6184,California
Tehama,2021-02-25,377,9334,61,1752,316,7582,0,0,38,3116,339,3106,38,6222,California
Tehama,2021-02-26,455,9789,19,1771,436,8018,0,0,70,2801,385,3491,70,6292,California
Tehama,2021-02-27,294,10083,5,1776,289,8307,0,0,34,2575,260,3751,34,6326,California
Tehama,2021-02-28,23,10106,2,1778,21,8328,0,0,20,2592,3,3754,20,6346,California
Tehama,2021-03-01,65,10171,8,1786,57,8385,0,0,31,2589,34,3788,31,6377,California
Tehama,2021-03-02,128,10299,18,1804,110,8495,0,0,30,2521,98,3886,30,6407,California
Tehama,2021-03-03,141,10440,33,1837,108,8603,0,0,47,2474,94,3980,47,6454,California
Tehama,2021-03-04,619,11059,36,1873,583,9186,0,0,222,2306,390,4370,222,6676,California
Tehama,2021-03-05,394,11453,18,1891,376,9562,0,0,215,2343,178,4548,215,6891,California
Tehama,2021-03-06,299,11752,17,1908,282,9844,0,0,81,2208,217,4765,82,6973,California
Tehama,2021-03-07,5,11757,1,1909,4,9848,0,0,3,2210,1,4766,3,6976,California
Tehama,2021-03-08,58,11815,12,1921,31,9879,15,15,27,2222,30,4796,42,7018,California
Tehama,2021-03-09,364,12179,8,1929,337,10216,19,34,309,2495,55,4851,328,7346,California
Tehama,2021-03-10,351,12530,12,1941,318,10534,21,55,69,2304,281,5132,90,7436,California
Tehama,2021-03-11,486,13016,17,1958,423,10957,46,101,343,2550,143,5275,389,7825,California
Tehama,2021-03-12,304,13320,19,1977,220,11177,65,166,179,2669,125,5400,244,8069,California
Tehama,2021-03-13,45,13365,8,1985,31,11208,6,172,6,2642,39,5439,12,8081,California
Tehama,2021-03-14,51,13416,3,1988,37,11245,11,183,10,2622,41,5480,21,8102,California
Tehama,2021-03-15,151,13567,21,2009,110,11355,20,203,84,2659,67,5547,104,8206,California
Tehama,2021-03-16,412,13979,14,2023,360,11715,38,241,311,2908,100,5647,349,8555,California
Tehama,2021-03-17,422,14401,22,2045,368,12083,32,273,337,3194,83,5730,369,8924,California
Tehama,2021-03-18,489,14890,26,2071,439,12522,24,297,310,3351,177,5907,334,9258,California
Tehama,2021-03-19,316,15206,23,2094,280,12802,13,310,274,3596,42,5949,287,9545,California
Tehama,2021-03-20,40,15246,8,2102,30,12832,2,312,28,3614,12,5961,30,9575,California
Tehama,2021-03-21,12,15258,5,2107,7,12839,0,312,12,3626,0,5961,12,9587,California
Tehama,2021-03-22,90,15348,7,2114,66,12905,17,329,49,3651,41,6002,66,9653,California
Tehama,2021-03-23,87,15435,26,2140,54,12959,7,336,68,3707,19,6021,75,9728,California
Tehama,2021-03-24,86,15521,16,2156,68,13027,2,338,55,3733,31,6052,57,9785,California
Tehama,2021-03-25,517,16038,353,2509,151,13178,13,351,468,4166,48,6100,481,10266,California
Tehama,2021-03-26,481,16519,374,2883,95,13273,12,363,406,4509,75,6175,418,10684,California
Tehama,2021-03-27,451,16970,359,3242,67,13340,25,388,384,4852,66,6241,409,11093,California
Tehama,2021-03-28,34,17004,13,3255,21,13361,0,388,22,4862,12,6253,22,11115,California
Tehama,2021-03-29,122,17126,31,3286,90,13451,1,389,78,4896,44,6297,78,11193,California
Tehama,2021-03-30,373,17499,222,3508,149,13600,2,391,255,5035,118,6415,257,11450,California
Tehama,2021-03-31,380,17879,279,3787,98,13698,3,394,308,5274,71,6486,310,11760,California
Tehama,2021-04-01,525,18404,246,4033,273,13971,6,400,392,5539,133,6619,398,12158,California
Tehama,2021-04-02,453,18857,214,4247,233,14204,6,406,268,5628,184,6803,273,12431,California
Tehama,2021-04-03,61,18918,3,4250,53,14257,5,411,30,5632,31,6834,35,12466,California
Tehama,2021-04-04,34,18952,6,4256,27,14284,1,412,22,5643,12,6846,23,12489,California
Tehama,2021-04-05,114,19066,20,4276,68,14352,26,438,59,5673,55,6901,85,12574,California
Tehama,2021-04-06,490,19556,110,4386,329,14681,51,489,140,5514,350,7251,191,12765,California
Tehama,2021-04-07,419,19975,282,4668,93,14774,44,533,304,5747,114,7365,347,13112,California
Tehama,2021-04-08,600,20575,174,4842,388,15162,38,571,229,5644,370,7735,267,13379,California
Tehama,2021-04-09,429,21004,192,5034,204,15366,33,604,214,5678,213,7948,247,13626,California
Tehama,2021-04-10,72,21076,9,5043,37,15403,26,630,39,5710,33,7981,65,13691,California
Tehama,2021-04-11,33,21109,7,5050,15,15418,11,641,8,5704,25,8006,19,13710,California
Tehama,2021-04-12,113,21222,6,5056,88,15506,19,660,43,5696,70,8076,62,13772,California
Tehama,2021-04-13,310,21532,59,5115,251,15757,0,660,64,5515,246,8322,65,13837,California
Tehama,2021-04-14,466,21998,49,5164,417,16174,0,660,51,5152,414,8736,51,13888,California
Tehama,2021-04-15,495,22493,191,5355,304,16478,0,660,84,4825,411,9147,84,13972,California
Tehama,2021-04-16,585,23078,333,5688,252,16730,0,660,93,4426,492,9639,93,14065,California
Tehama,2021-04-17,347,23425,268,5956,79,16809,0,660,41,4163,305,9944,42,14107,California
Tehama,2021-04-18,16,23441,2,5958,14,16823,0,660,12,4171,4,9948,12,14119,California
Tehama,2021-04-19,93,23534,7,5965,86,16909,0,660,40,4158,53,10001,40,14159,California
Tehama,2021-04-20,500,24034,412,6377,88,16997,0,660,147,3956,351,10352,149,14308,California
Tehama,2021-04-21,511,24545,437,6814,74,17071,0,660,184,3813,327,10679,184,14492,California
Tehama,2021-04-22,508,25053,358,7172,150,17221,0,660,148,3602,359,11038,148,14640,California
Tehama,2021-04-23,445,25498,347,7519,98,17319,0,660,204,3566,241,11279,205,14845,California
Tehama,2021-04-24,104,25602,18,7537,86,17405,0,660,30,3522,74,11353,30,14875,California
Tehama,2021-04-25,29,25631,18,7555,11,17416,0,660,11,3515,18,11371,11,14886,California
Tehama,2021-04-26,72,25703,7,7562,65,17481,0,660,42,3528,29,11400,42,14928,California
Tehama,2021-04-27,248,25951,203,7765,45,17526,0,660,91,3462,157,11557,91,15019,California
Tehama,2021-04-28,395,26346,318,8083,60,17586,17,677,65,3214,330,11887,82,15101,California
Tehama,2021-04-29,350,26696,171,8254,174,17760,5,682,67,3004,282,12169,72,15173,California
Tehama,2021-04-30,323,27019,239,8493,78,17838,6,688,112,2911,211,12380,118,15291,California
Tehama,2021-05-01,72,27091,4,8497,65,17903,3,691,14,2870,58,12438,17,15308,California
Tehama,2021-05-02,46,27137,24,8521,10,17913,12,703,26,2888,20,12458,38,15346,California
Tehama,2021-05-03,111,27248,36,8557,68,17981,7,710,62,2908,49,12507,69,15415,California
Tehama,2021-05-04,124,27372,45,8602,73,18054,6,716,48,2886,76,12583,54,15469,California
Tehama,2021-05-05,68,27440,17,8619,42,18096,9,725,28,2883,40,12623,37,15506,California
Tehama,2021-05-06,115,27555,69,8688,37,18133,9,734,75,2927,40,12663,84,15590,California
Trinity,2020-12-17,4,4,4,4,0,0,0,0,4,4,0,0,4,4,California
Trinity,2020-12-18,2,6,2,6,0,0,0,0,2,6,0,0,2,6,California
Trinity,2020-12-21,39,45,39,45,0,0,0,0,39,45,0,0,39,45,California
Trinity,2020-12-22,5,50,5,50,0,0,0,0,5,50,0,0,5,50,California
Trinity,2020-12-23,5,55,5,55,0,0,0,0,5,55,0,0,5,55,California
Trinity,2020-12-28,30,85,30,85,0,0,0,0,30,85,0,0,30,85,California
Trinity,2020-12-29,8,93,7,92,1,1,0,0,8,93,0,0,8,93,California
Trinity,2020-12-30,10,103,8,100,2,3,0,0,10,103,0,0,10,103,California
Trinity,2020-12-31,2,105,1,101,1,4,0,0,2,105,0,0,2,105,California
Trinity,2021-01-04,28,133,0,101,28,32,0,0,27,132,0,0,27,132,California
Trinity,2021-01-05,2,135,1,102,1,33,0,0,2,134,0,0,2,134,California
Trinity,2021-01-06,24,159,4,106,20,53,0,0,20,150,4,4,20,154,California
Trinity,2021-01-08,49,208,2,108,47,100,0,0,48,196,2,6,48,202,California
Trinity,2021-01-11,42,250,39,147,3,103,0,0,4,162,38,44,4,206,California
Trinity,2021-01-12,9,259,7,154,2,105,0,0,4,161,5,49,4,210,California
Trinity,2021-01-13,7,266,4,158,3,108,0,0,4,162,3,52,4,214,California
Trinity,2021-01-14,4,270,1,159,3,111,0,0,4,166,0,52,4,218,California
Trinity,2021-01-15,4,274,0,159,4,115,0,0,4,170,0,52,4,222,California
Trinity,2021-01-16,4,278,0,159,4,119,0,0,4,174,0,52,4,226,California
Trinity,2021-01-18,31,309,31,190,0,119,0,0,1,145,30,82,1,227,California
Trinity,2021-01-19,96,405,14,204,82,201,0,0,82,213,14,96,82,309,California
Trinity,2021-01-20,19,424,3,207,16,217,0,0,17,228,2,98,17,326,California
Trinity,2021-01-21,17,441,7,214,10,227,0,0,17,245,0,98,17,343,California
Trinity,2021-01-22,5,446,1,215,4,231,0,0,5,250,0,98,5,348,California
Trinity,2021-01-23,7,453,3,218,4,235,0,0,7,257,0,98,7,355,California
Trinity,2021-01-25,14,467,1,219,13,248,0,0,13,269,1,99,13,368,California
Trinity,2021-01-26,10,477,1,220,9,257,0,0,9,277,1,100,9,377,California
Trinity,2021-01-27,12,489,0,220,12,269,0,0,12,289,0,100,12,389,California
Trinity,2021-01-28,13,502,3,223,10,279,0,0,10,296,3,103,10,399,California
Trinity,2021-01-29,3,505,1,224,2,281,0,0,2,297,1,104,2,401,California
Trinity,2021-01-30,12,517,11,235,1,282,0,0,12,309,0,104,12,413,California
Trinity,2021-02-01,2,519,1,236,1,283,0,0,1,309,1,105,1,414,California
Trinity,2021-02-02,13,532,3,239,10,293,0,0,13,322,0,105,13,427,California
Trinity,2021-02-03,6,538,1,240,5,298,0,0,3,322,3,108,3,430,California
Trinity,2021-02-04,42,580,32,272,10,308,0,0,35,350,7,115,35,465,California
Trinity,2021-02-05,350,930,0,272,350,658,0,0,320,640,30,145,320,785,California
Trinity,2021-02-06,210,1140,5,277,205,863,0,0,203,836,7,152,203,988,California
Trinity,2021-02-07,1,1141,0,277,1,864,0,0,1,837,0,152,1,989,California
Trinity,2021-02-08,25,1166,0,277,25,889,0,0,15,842,10,162,15,1004,California
Trinity,2021-02-09,27,1193,2,279,25,914,0,0,11,837,16,178,11,1015,California
Trinity,2021-02-10,122,1315,10,289,112,1026,0,0,102,919,20,198,102,1117,California
Trinity,2021-02-11,339,1654,2,291,337,1363,0,0,332,1244,7,205,332,1449,California
Trinity,2021-02-12,14,1668,6,297,8,1371,0,0,10,1250,4,209,10,1459,California
Trinity,2021-02-13,12,1680,5,302,7,1378,0,0,5,1248,7,216,5,1464,California
Trinity,2021-02-14,2,1682,2,304,0,1378,0,0,2,1250,0,216,2,1466,California
Trinity,2021-02-15,47,1729,0,304,47,1425,0,0,47,1297,0,216,47,1513,California
Trinity,2021-02-16,6,1735,2,306,4,1429,0,0,3,1297,3,219,3,1516,California
Trinity,2021-02-17,94,1829,2,308,92,1521,0,0,84,1371,10,229,84,1600,California
Trinity,2021-02-18,4,1833,0,308,4,1525,0,0,1,1369,3,232,1,1601,California
Trinity,2021-02-19,304,2137,2,310,302,1827,0,0,290,1645,14,246,290,1891,California
Trinity,2021-02-20,141,2278,14,324,127,1954,0,0,113,1730,28,274,113,2004,California
Trinity,2021-02-22,8,2286,0,324,8,1962,0,0,5,1732,3,277,5,2009,California
Trinity,2021-02-23,11,2297,4,328,7,1969,0,0,6,1733,5,282,6,2015,California
Trinity,2021-02-24,30,2327,8,336,22,1991,0,0,7,1717,23,305,7,2022,California
Trinity,2021-02-25,36,2363,23,359,13,2004,0,0,5,1691,31,336,5,2027,California
Trinity,2021-02-26,11,2374,1,360,10,2014,0,0,5,1690,6,342,5,2032,California
Trinity,2021-02-27,9,2383,7,367,2,2016,0,0,4,1689,5,347,4,2036,California
Trinity,2021-03-01,9,2392,0,367,9,2025,0,0,5,1690,4,351,5,2041,California
Trinity,2021-03-02,9,2401,3,370,6,2031,0,0,2,1685,7,358,2,2043,California
Trinity,2021-03-03,5,2406,0,370,5,2036,0,0,4,1688,1,359,4,2047,California
Trinity,2021-03-04,24,2430,19,389,5,2041,0,0,14,1692,10,369,14,2061,California
Trinity,2021-03-05,388,2818,1,390,387,2428,0,0,121,1550,263,632,121,2182,California
Trinity,2021-03-06,202,3020,7,397,195,2623,0,0,27,1402,175,807,27,2209,California
Trinity,2021-03-07,4,3024,3,400,1,2624,0,0,3,1404,1,808,3,2212,California
Trinity,2021-03-08,3,3027,0,400,2,2626,1,1,1,1404,2,810,2,2214,California
Trinity,2021-03-09,94,3121,0,400,92,2718,2,3,89,1490,5,815,91,2305,California
Trinity,2021-03-10,126,3247,3,403,120,2838,3,6,38,1443,88,903,41,2346,California
Trinity,2021-03-11,14,3261,4,407,8,2846,2,8,5,1441,9,912,7,2353,California
Trinity,2021-03-12,385,3646,5,412,374,3220,6,14,90,1242,295,1207,96,2449,California
Trinity,2021-03-13,13,3659,8,420,3,3223,2,16,8,1247,5,1212,10,2459,California
Trinity,2021-03-14,2,3661,0,420,2,3225,0,16,2,1249,0,1212,2,2461,California
Trinity,2021-03-15,67,3728,0,420,66,3291,1,17,14,1211,53,1265,15,2476,California
Trinity,2021-03-16,115,3843,7,427,108,3399,0,17,101,1298,14,1279,101,2577,California
Trinity,2021-03-17,100,3943,3,430,97,3496,0,17,26,1250,74,1353,26,2603,California
Trinity,2021-03-18,10,3953,2,432,5,3501,3,20,5,1253,5,1358,8,2611,California
Trinity,2021-03-19,459,4412,4,436,345,3846,110,130,36,976,423,1781,146,2757,California
Trinity,2021-03-20,104,4516,7,443,97,3943,0,130,69,1011,34,1815,69,2826,California
Trinity,2021-03-21,4,4520,0,443,3,3946,1,131,3,1014,1,1816,4,2830,California
Trinity,2021-03-22,2,4522,0,443,2,3948,0,131,2,1016,0,1816,2,2832,California
Trinity,2021-03-23,96,4618,2,445,94,4042,0,131,78,1076,18,1834,78,2910,California
Trinity,2021-03-24,12,4630,1,446,11,4053,0,131,9,1082,3,1837,9,2919,California
Trinity,2021-03-25,110,4740,8,454,96,4149,6,137,84,1146,26,1863,90,3009,California
Trinity,2021-03-26,85,4825,8,462,77,4226,0,137,78,1217,7,1870,78,3087,California
Trinity,2021-03-27,18,4843,4,466,5,4231,9,146,7,1222,11,1881,16,3103,California
Trinity,2021-03-28,5,4848,3,469,2,4233,0,146,1,1219,4,1885,1,3104,California
Trinity,2021-03-29,5,4853,0,469,5,4238,0,146,2,1218,3,1888,2,3106,California
Trinity,2021-03-30,77,4930,5,474,72,4310,0,146,67,1275,10,1898,67,3173,California
Trinity,2021-03-31,56,4986,5,479,19,4329,32,178,21,1292,35,1933,52,3225,California
Trinity,2021-04-01,41,5027,11,490,19,4348,11,189,21,1304,20,1953,32,3257,California
Trinity,2021-04-02,240,5267,5,495,161,4509,74,263,70,1279,169,2122,144,3401,California
Trinity,2021-04-03,18,5285,13,508,5,4514,0,263,8,1277,10,2132,8,3409,California
Trinity,2021-04-04,10,5295,8,516,2,4516,0,263,8,1283,2,2134,8,3417,California
Trinity,2021-04-05,59,5354,6,522,52,4568,1,264,55,1335,4,2138,56,3473,California
Trinity,2021-04-06,112,5466,15,537,94,4662,3,267,24,1274,88,2226,27,3500,California
Trinity,2021-04-07,21,5487,12,549,4,4666,5,272,13,1284,8,2234,18,3518,California
Trinity,2021-04-08,87,5574,10,559,75,4741,2,274,50,1299,37,2271,52,3570,California
Trinity,2021-04-09,168,5742,20,579,143,4884,5,279,89,1314,79,2350,94,3664,California
Trinity,2021-04-10,11,5753,7,586,4,4888,0,279,10,1323,1,2351,10,3674,California
Trinity,2021-04-11,9,5762,5,591,2,4890,2,281,4,1324,5,2356,6,3680,California
Trinity,2021-04-12,77,5839,5,596,71,4961,1,282,64,1376,12,2368,64,3744,California
Trinity,2021-04-13,97,5936,5,601,92,5053,0,282,10,1299,87,2455,10,3754,California
Trinity,2021-04-14,10,5946,5,606,5,5058,0,282,6,1301,4,2459,6,3760,California
Trinity,2021-04-15,43,5989,10,616,33,5091,0,282,14,1286,29,2488,14,3774,California
Trinity,2021-04-16,143,6132,12,628,131,5222,0,282,71,1285,72,2560,71,3845,California
Trinity,2021-04-17,11,6143,5,633,6,5228,0,282,9,1292,2,2562,9,3854,California
Trinity,2021-04-18,1,6144,1,634,0,5228,0,282,0,1291,1,2563,0,3854,California
Trinity,2021-04-19,5,6149,2,636,3,5231,0,282,4,1294,1,2564,4,3858,California
Trinity,2021-04-20,92,6241,8,644,84,5315,0,282,20,1242,72,2636,20,3878,California
Trinity,2021-04-21,22,6263,9,653,13,5328,0,282,9,1238,13,2649,9,3887,California
Trinity,2021-04-22,91,6354,5,658,86,5414,0,282,14,1175,77,2726,14,3901,California
Trinity,2021-04-23,178,6532,6,664,172,5586,0,282,109,1215,69,2795,109,4010,California
Trinity,2021-04-24,20,6552,13,677,7,5593,0,282,5,1205,15,2810,5,4015,California
Trinity,2021-04-25,10,6562,9,686,1,5594,0,282,3,1202,6,2816,3,4018,California
Trinity,2021-04-26,45,6607,6,692,39,5633,0,282,40,1237,5,2821,40,4058,California
Trinity,2021-04-27,85,6692,7,699,78,5711,0,282,22,1196,63,2884,22,4080,California
Trinity,2021-04-28,33,6725,11,710,22,5733,0,282,12,1187,21,2905,12,4092,California
Trinity,2021-04-29,34,6759,13,723,21,5754,0,282,12,1177,22,2927,12,4104,California
Trinity,2021-04-30,26,6785,20,743,6,5760,0,282,8,1167,18,2945,8,4112,California
Trinity,2021-05-01,14,6799,8,751,1,5761,5,287,4,1166,10,2955,9,4121,California
Trinity,2021-05-02,8,6807,5,756,1,5762,2,289,2,1164,6,2961,4,4125,California
Trinity,2021-05-03,58,6865,13,769,44,5806,1,290,10,1127,48,3009,11,4136,California
Trinity,2021-05-04,6,6871,5,774,0,5806,1,291,3,1128,3,3012,4,4140,California
Trinity,2021-05-05,7,6878,5,779,2,5808,0,291,1,1123,6,3018,1,4141,California
Trinity,2021-05-06,9,6887,4,783,3,5811,2,293,1,1118,8,3026,3,4144,California
Tulare,2020-12-15,1,1,1,1,0,0,0,0,1,1,0,0,1,1,California
Tulare,2020-12-16,3,4,3,4,0,0,0,0,3,4,0,0,3,4,California
Tulare,2020-12-17,110,114,110,114,0,0,0,0,110,114,0,0,110,114,California
Tulare,2020-12-18,289,403,289,403,0,0,0,0,289,403,0,0,289,403,California
Tulare,2020-12-19,327,730,327,730,0,0,0,0,327,730,0,0,327,730,California
Tulare,2020-12-20,166,896,165,895,1,1,0,0,166,896,0,0,166,896,California
Tulare,2020-12-21,423,1319,423,1318,0,1,0,0,443,1339,0,0,443,1339,California
Tulare,2020-12-22,469,1788,467,1785,2,3,0,0,468,1807,0,0,468,1807,California
Tulare,2020-12-23,327,2115,319,2104,8,11,0,0,325,2132,0,0,325,2132,California
Tulare,2020-12-24,18,2133,16,2120,2,13,0,0,18,2150,0,0,18,2150,California
Tulare,2020-12-26,8,2141,7,2127,1,14,0,0,8,2158,0,0,8,2158,California
Tulare,2020-12-27,16,2157,12,2139,4,18,0,0,16,2174,0,0,16,2174,California
Tulare,2020-12-28,481,2638,469,2608,12,30,0,0,480,2654,0,0,480,2654,California
Tulare,2020-12-29,546,3184,478,3086,68,98,0,0,546,3200,0,0,546,3200,California
Tulare,2020-12-30,474,3658,435,3521,39,137,0,0,474,3674,0,0,474,3674,California
Tulare,2020-12-31,94,3752,22,3543,72,209,0,0,94,3768,0,0,94,3768,California
Tulare,2021-01-01,2,3754,1,3544,1,210,0,0,2,3770,0,0,2,3770,California
Tulare,2021-01-02,30,3784,17,3561,13,223,0,0,30,3800,0,0,30,3800,California
Tulare,2021-01-03,23,3807,9,3570,14,237,0,0,23,3823,0,0,23,3823,California
Tulare,2021-01-04,92,3899,16,3586,76,313,0,0,92,3915,0,0,92,3915,California
Tulare,2021-01-05,460,4359,278,3864,182,495,0,0,458,4371,2,2,458,4373,California
Tulare,2021-01-06,864,5223,635,4499,229,724,0,0,854,5215,10,12,854,5227,California
Tulare,2021-01-07,781,6004,583,5082,198,922,0,0,674,5782,107,119,674,5901,California
Tulare,2021-01-08,1266,7270,574,5656,692,1614,0,0,928,6373,337,456,928,6829,California
Tulare,2021-01-09,741,8011,203,5859,538,2152,0,0,554,6740,187,643,554,7383,California
Tulare,2021-01-10,50,8061,44,5903,6,2158,0,0,11,6712,39,682,11,7394,California
Tulare,2021-01-11,1269,9330,769,6672,500,2658,0,0,833,7109,436,1118,833,8227,California
Tulare,2021-01-12,1403,10733,488,7160,915,3573,0,0,996,7700,406,1524,997,9224,California
Tulare,2021-01-13,437,11170,208,7368,229,3802,0,0,363,7989,74,1598,363,9587,California
Tulare,2021-01-14,491,11661,140,7508,351,4153,0,0,465,8439,15,1613,465,10052,California
Tulare,2021-01-15,1621,13282,153,7661,1468,5621,0,0,1612,10042,9,1622,1612,11664,California
Tulare,2021-01-16,1899,15181,114,7775,1785,7406,0,0,1885,11913,14,1636,1885,13549,California
Tulare,2021-01-17,141,15322,122,7897,19,7425,0,0,131,12034,10,1646,131,13680,California
Tulare,2021-01-18,692,16014,659,8556,33,7458,0,0,294,11930,398,2044,294,13974,California
Tulare,2021-01-19,1007,17021,684,9240,323,7781,0,0,579,12081,428,2472,579,14553,California
Tulare,2021-01-20,2425,19446,612,9852,1813,9594,0,0,2011,13703,389,2861,2011,16564,California
Tulare,2021-01-21,1547,20993,186,10038,1361,10955,0,0,1521,15203,21,2882,1521,18085,California
Tulare,2021-01-22,1059,22052,190,10228,869,11824,0,0,1034,16213,24,2906,1034,19119,California
Tulare,2021-01-23,438,22490,156,10384,282,12106,0,0,417,16609,21,2927,417,19536,California
Tulare,2021-01-24,30,22520,27,10411,3,12109,0,0,28,16635,2,2929,28,19564,California
Tulare,2021-01-25,1325,23845,979,11390,346,12455,0,0,1296,17902,29,2958,1296,20860,California
Tulare,2021-01-26,1499,25344,1100,12490,399,12854,0,0,1174,18752,324,3282,1174,22034,California
Tulare,2021-01-27,1499,26843,1071,13561,428,13282,0,0,922,19098,576,3858,922,22956,California
Tulare,2021-01-28,1203,28046,769,14330,434,13716,0,0,808,19511,395,4253,808,23764,California
Tulare,2021-01-29,1130,29176,720,15050,410,14126,0,0,820,20021,310,4563,820,24584,California
Tulare,2021-01-30,1674,30850,1580,16630,94,14220,0,0,1650,21648,24,4587,1651,26235,California
Tulare,2021-01-31,51,30901,47,16677,4,14224,0,0,48,21693,3,4590,48,26283,California
Tulare,2021-02-01,1184,32085,915,17592,269,14493,0,0,829,22168,354,4944,829,27112,California
Tulare,2021-02-02,677,32762,328,17920,349,14842,0,0,445,22384,230,5174,446,27558,California
Tulare,2021-02-03,588,33350,262,18182,326,15168,0,0,336,22488,232,5406,336,27894,California
Tulare,2021-02-04,551,33901,165,18347,386,15554,0,0,265,22469,285,5691,266,28160,California
Tulare,2021-02-05,1234,35135,237,18584,997,16551,0,0,416,22069,816,6507,416,28576,California
Tulare,2021-02-06,836,35971,158,18742,678,17229,0,0,268,21771,566,7073,268,28844,California
Tulare,2021-02-07,82,36053,70,18812,12,17241,0,0,23,21735,59,7132,23,28867,California
Tulare,2021-02-08,941,36994,328,19140,613,17854,0,0,245,21287,693,7825,245,29112,California
Tulare,2021-02-09,1408,38402,328,19468,1080,18934,0,0,361,20606,1042,8867,361,29473,California
Tulare,2021-02-10,2467,40869,1984,21452,483,19417,0,0,2067,22276,397,9264,2067,31540,California
Tulare,2021-02-11,1324,42193,376,21828,948,20365,0,0,905,22762,419,9683,905,32445,California
Tulare,2021-02-12,2779,44972,574,22402,2205,22570,0,0,1209,22408,1563,11246,1209,33654,California
Tulare,2021-02-13,2479,47451,157,22559,2322,24892,0,0,667,21266,1809,13055,667,34321,California
Tulare,2021-02-14,333,47784,36,22595,297,25189,0,0,300,21533,33,13088,300,34621,California
Tulare,2021-02-15,919,48703,293,22888,626,25815,0,0,662,21939,256,13344,662,35283,California
Tulare,2021-02-16,2833,51536,1597,24485,1236,27051,0,0,1077,21261,1755,15099,1077,36360,California
Tulare,2021-02-17,2698,54234,510,24995,2188,29239,0,0,461,19490,2232,17331,461,36821,California
Tulare,2021-02-18,2301,56535,456,25451,1845,31084,0,0,634,18465,1659,18990,634,37455,California
Tulare,2021-02-19,2298,58833,857,26308,1441,32525,0,0,944,18057,1352,20342,944,38399,California
Tulare,2021-02-20,2989,61822,1891,28199,1098,33623,0,0,1267,17607,1717,22059,1267,39666,California
Tulare,2021-02-21,94,61916,90,28289,4,33627,0,0,59,17631,35,22094,59,39725,California
Tulare,2021-02-22,1104,63020,699,28988,405,34032,0,0,210,16948,893,22987,210,39935,California
Tulare,2021-02-23,1946,64966,939,29927,1007,35039,0,0,1457,17917,488,23475,1457,41392,California
Tulare,2021-02-24,2476,67442,1551,31478,925,35964,0,0,2097,19637,378,23853,2098,43490,California
Tulare,2021-02-25,3485,70927,1950,33428,1535,37499,0,0,3070,22296,411,24264,3070,46560,California
Tulare,2021-02-26,3838,74765,1880,35308,1958,39457,0,0,3375,25210,461,24725,3375,49935,California
Tulare,2021-02-27,2900,77665,1393,36701,1507,40964,0,0,2768,27857,121,24846,2768,52703,California
Tulare,2021-02-28,1304,78969,1033,37734,271,41235,0,0,1285,29125,17,24863,1285,53988,California
Tulare,2021-03-01,1739,80708,773,38507,966,42201,0,0,1554,30496,183,25046,1554,55542,California
Tulare,2021-03-02,2685,83393,1193,39700,1492,43693,0,0,2518,32850,165,25211,2519,58061,California
Tulare,2021-03-03,3925,87318,2597,42297,1328,45021,0,0,1974,32878,1948,27159,1976,60037,California
Tulare,2021-03-04,2886,90204,1301,43598,1585,46606,0,0,2567,35129,316,27475,2567,62604,California
Tulare,2021-03-05,3291,93495,1698,45296,1578,48184,15,15,2783,37425,504,27979,2800,65404,California
Tulare,2021-03-06,3058,96553,1433,46729,1566,49750,59,74,2810,40047,245,28224,2867,68271,California
Tulare,2021-03-07,1092,97645,682,47411,389,50139,21,95,1052,41080,40,28264,1073,69344,California
Tulare,2021-03-08,1695,99340,1004,48415,523,50662,168,263,1377,42311,313,28577,1544,70888,California
Tulare,2021-03-09,3186,102526,2183,50598,856,51518,147,410,2790,44849,397,28974,2935,73823,California
Tulare,2021-03-10,2788,105314,1385,51983,1228,52746,175,585,2408,47058,372,29346,2581,76404,California
Tulare,2021-03-11,4136,109450,1962,53945,1874,54620,300,885,3200,49622,936,30282,3500,79904,California
Tulare,2021-03-12,4337,113787,2381,56326,1607,56227,349,1234,3067,51778,1262,31544,3418,83322,California
Tulare,2021-03-13,4004,117791,1848,58174,2051,58278,105,1339,3067,54019,931,32475,3172,86494,California
Tulare,2021-03-14,1802,119593,973,59147,609,58887,220,1559,1273,54983,528,33003,1492,87986,California
Tulare,2021-03-15,2730,122323,1611,60758,1004,59891,115,1674,1957,56285,771,33774,2073,90059,California
Tulare,2021-03-16,3419,125742,2114,62872,1228,61119,77,1751,1872,56693,1544,35318,1952,92011,California
Tulare,2021-03-17,4012,129754,2608,65480,1327,62446,77,1828,2270,57311,1736,37054,2354,94365,California
Tulare,2021-03-18,4596,134350,3350,68830,1174,63620,72,1900,2440,57674,2151,39205,2514,96879,California
Tulare,2021-03-19,5063,139413,3317,72147,1551,65171,195,2095,2716,58258,2329,41534,2913,99792,California
Tulare,2021-03-20,4452,143865,2762,74909,1318,66489,372,2467,2116,58420,2329,43863,2491,102283,California
Tulare,2021-03-21,1919,145784,1631,76540,262,66751,26,2493,989,58507,927,44790,1014,103297,California
Tulare,2021-03-22,2498,148282,1710,78250,676,67427,112,2605,1666,59461,826,45616,1780,105077,California
Tulare,2021-03-23,3727,152009,2140,80390,1535,68962,52,2657,2084,59970,1633,47249,2142,107219,California
Tulare,2021-03-24,3160,155169,1953,82343,1165,70127,42,2699,1805,60469,1348,48597,1847,109066,California
Tulare,2021-03-25,3452,158621,1796,84139,1484,71611,172,2871,1705,60607,1741,50338,1879,110945,California
Tulare,2021-03-26,5202,163823,3103,87242,1990,73601,109,2980,2564,60660,2620,52958,2673,113618,California
Tulare,2021-03-27,3520,167343,1806,89048,1616,75217,98,3078,992,59228,2520,55478,1088,114706,California
Tulare,2021-03-28,1454,168797,1050,90098,373,75590,31,3109,675,59163,777,56255,712,115418,California
Tulare,2021-03-29,2895,171692,1674,91772,1110,76700,111,3220,1226,58838,1664,57919,1339,116757,California
Tulare,2021-03-30,4795,176487,2766,94538,1799,78499,230,3450,1556,57390,3231,61150,1783,118540,California
Tulare,2021-03-31,3816,180303,2257,96795,1447,79946,112,3562,1545,56786,2263,63413,1659,120199,California
Tulare,2021-04-01,4379,184682,2357,99152,1957,81903,65,3627,1532,55547,2837,66250,1598,121797,California
Tulare,2021-04-02,5213,189895,2979,102131,2117,84020,117,3744,1653,53774,3544,69794,1771,123568,California
Tulare,2021-04-03,3486,193381,2002,104133,1122,85142,362,4106,843,52372,2606,72400,1204,124772,California
Tulare,2021-04-04,1616,194997,1131,105264,478,85620,7,4113,390,51545,1224,73624,397,125169,California
Tulare,2021-04-05,3307,198304,2323,107587,721,86341,263,4376,858,50229,2438,76062,1122,126291,California
Tulare,2021-04-06,3393,201697,1465,109052,1436,87777,492,4868,929,49195,2458,78520,1424,127715,California
Tulare,2021-04-07,3772,205469,1813,110865,1539,89316,420,5288,1250,48341,2515,81035,1661,129376,California
Tulare,2021-04-08,4698,210167,2587,113452,1656,90972,455,5743,1530,47163,3160,84195,1982,131358,California
Tulare,2021-04-09,4757,214924,2943,116395,1395,92367,419,6162,1825,46483,2925,87120,2245,133603,California
Tulare,2021-04-10,3800,218724,2052,118447,1432,93799,316,6478,971,44946,2822,89942,1285,134888,California
Tulare,2021-04-11,1575,220299,1036,119483,468,94267,71,6549,589,44623,983,90925,660,135548,California
Tulare,2021-04-12,3359,223658,2106,121589,660,94927,593,7142,1081,44029,2269,93194,1675,137223,California
Tulare,2021-04-13,2398,226056,1585,123174,803,95730,10,7152,915,43481,1475,94669,927,138150,California
Tulare,2021-04-14,2819,228875,1674,124848,1145,96875,0,7152,916,42496,1901,96570,916,139066,California
Tulare,2021-04-15,3242,232117,2128,126976,1114,97989,0,7152,1452,42167,1781,98351,1452,140518,California
Tulare,2021-04-16,3627,235744,2210,129186,1417,99406,0,7152,1468,41484,2151,100502,1468,141986,California
Tulare,2021-04-17,2169,237913,1270,130456,899,100305,0,7152,1174,41667,992,101494,1175,143161,California
Tulare,2021-04-18,1514,239427,1185,131641,329,100634,0,7152,813,41780,700,102194,813,143974,California
Tulare,2021-04-19,2114,241541,1218,132859,894,101528,2,7154,899,41468,1213,103407,901,144875,California
Tulare,2021-04-20,2316,243857,1300,134159,1016,102544,0,7154,989,41143,1314,104721,989,145864,California
Tulare,2021-04-21,2169,246026,1316,135475,853,103397,0,7154,804,40617,1330,106051,804,146668,California
Tulare,2021-04-22,2093,248119,1169,136644,924,104321,0,7154,737,40017,1337,107388,737,147405,California
Tulare,2021-04-23,2536,250655,1566,138210,969,105290,1,7155,996,39483,1530,108918,996,148401,California
Tulare,2021-04-24,1634,252289,1054,139264,578,105868,2,7157,860,39576,769,109687,862,149263,California
Tulare,2021-04-25,695,252984,522,139786,173,106041,0,7157,267,39415,428,110115,267,149530,California
Tulare,2021-04-26,1430,254414,843,140629,568,106609,19,7176,600,39208,824,110939,617,150147,California
Tulare,2021-04-27,1562,255976,600,141229,925,107534,37,7213,661,39006,899,111838,697,150844,California
Tulare,2021-04-28,1694,257670,968,142197,685,108219,41,7254,677,38711,1013,112851,718,151562,California
Tulare,2021-04-29,1971,259641,1190,143387,744,108963,37,7291,782,38349,1179,114030,817,152379,California
Tulare,2021-04-30,2393,262034,1747,145134,597,109560,49,7340,874,37757,1515,115545,923,153302,California
Tulare,2021-05-01,1396,263430,1199,146333,185,109745,12,7352,721,37822,668,116213,733,154035,California
Tulare,2021-05-02,582,264012,495,146828,72,109817,15,7367,189,37636,390,116603,204,154239,California
Tulare,2021-05-03,1558,265570,1047,147875,388,110205,123,7490,329,36866,1222,117825,452,154691,California
Tulare,2021-05-04,1251,266821,641,148516,562,110767,48,7538,514,36694,733,118558,561,155252,California
Tulare,2021-05-05,950,267771,378,148894,505,111272,67,7605,346,36511,596,119154,413,155665,California
Tulare,2021-05-06,1360,269131,942,149836,396,111668,22,7627,385,35948,969,120123,406,156071,California
Tuolumne,2020-12-16,47,47,47,47,0,0,0,0,47,47,0,0,47,47,California
Tuolumne,2020-12-17,17,64,17,64,0,0,0,0,17,64,0,0,17,64,California
Tuolumne,2020-12-18,101,165,100,164,1,1,0,0,101,165,0,0,101,165,California
Tuolumne,2020-12-19,5,170,5,169,0,1,0,0,5,170,0,0,5,170,California
Tuolumne,2020-12-20,1,171,1,170,0,1,0,0,1,171,0,0,1,171,California
Tuolumne,2020-12-21,116,287,102,272,14,15,0,0,116,287,0,0,116,287,California
Tuolumne,2020-12-22,172,459,172,444,0,15,0,0,172,459,0,0,172,459,California
Tuolumne,2020-12-23,186,645,184,628,2,17,0,0,186,645,0,0,186,645,California
Tuolumne,2020-12-26,3,648,3,631,0,17,0,0,3,648,0,0,3,648,California
Tuolumne,2020-12-28,77,725,75,706,2,19,0,0,77,725,0,0,77,725,California
Tuolumne,2020-12-29,102,827,39,745,63,82,0,0,102,827,0,0,102,827,California
Tuolumne,2020-12-30,78,905,22,767,56,138,0,0,78,905,0,0,78,905,California
Tuolumne,2020-12-31,27,932,20,787,7,145,0,0,27,932,0,0,27,932,California
Tuolumne,2021-01-01,7,939,6,793,1,146,0,0,7,939,0,0,7,939,California
Tuolumne,2021-01-02,118,1057,115,908,3,149,0,0,118,1057,0,0,118,1057,California
Tuolumne,2021-01-03,2,1059,2,910,0,149,0,0,2,1059,0,0,2,1059,California
Tuolumne,2021-01-04,69,1128,26,936,43,192,0,0,69,1128,0,0,69,1128,California
Tuolumne,2021-01-05,93,1221,27,963,66,258,0,0,90,1216,3,3,91,1219,California
Tuolumne,2021-01-06,132,1353,72,1035,60,318,0,0,68,1220,64,67,68,1287,California
Tuolumne,2021-01-07,119,1472,62,1097,57,375,0,0,64,1229,55,122,64,1351,California
Tuolumne,2021-01-08,103,1575,79,1176,24,399,0,0,26,1180,76,198,27,1378,California
Tuolumne,2021-01-09,1,1576,0,1176,1,400,0,0,1,1181,0,198,1,1379,California
Tuolumne,2021-01-10,3,1579,1,1177,2,402,0,0,3,1184,0,198,3,1382,California
Tuolumne,2021-01-11,114,1693,88,1265,26,428,0,0,33,1136,81,279,33,1415,California
Tuolumne,2021-01-12,102,1795,86,1351,16,444,0,0,17,1068,85,364,17,1432,California
Tuolumne,2021-01-13,231,2026,125,1476,106,550,0,0,182,1202,49,413,183,1615,California
Tuolumne,2021-01-14,147,2173,107,1583,40,590,0,0,42,1140,104,517,42,1657,California
Tuolumne,2021-01-15,475,2648,72,1655,403,993,0,0,413,1493,61,578,414,2071,California
Tuolumne,2021-01-16,7,2655,3,1658,4,997,0,0,6,1498,1,579,6,2077,California
Tuolumne,2021-01-17,8,2663,5,1663,3,1000,0,0,7,1505,0,579,7,2084,California
Tuolumne,2021-01-18,46,2709,38,1701,8,1008,0,0,9,1478,36,615,9,2093,California
Tuolumne,2021-01-19,473,3182,72,1773,401,1409,0,0,427,1859,46,661,427,2520,California
Tuolumne,2021-01-20,76,3258,58,1831,18,1427,0,0,24,1832,51,712,24,2544,California
Tuolumne,2021-01-21,56,3314,23,1854,33,1460,0,0,40,1856,16,728,40,2584,California
Tuolumne,2021-01-22,168,3482,16,1870,152,1612,0,0,161,2010,7,735,161,2745,California
Tuolumne,2021-01-23,666,4148,147,2017,519,2131,0,0,553,2460,113,848,563,3308,California
Tuolumne,2021-01-24,524,4672,1,2018,523,2654,0,0,520,2978,3,851,521,3829,California
Tuolumne,2021-01-25,49,4721,28,2046,21,2675,0,0,22,2974,27,878,23,3852,California
Tuolumne,2021-01-26,80,4801,68,2114,12,2687,0,0,40,2975,40,918,41,3893,California
Tuolumne,2021-01-27,60,4861,4,2118,56,2743,0,0,7,2930,52,970,7,3900,California
Tuolumne,2021-01-28,27,4888,7,2125,20,2763,0,0,18,2939,9,979,18,3918,California
Tuolumne,2021-01-29,74,4962,6,2131,68,2831,0,0,35,2935,39,1018,35,3953,California
Tuolumne,2021-01-30,709,5671,552,2683,157,2988,0,0,686,3615,23,1041,703,4656,California
Tuolumne,2021-01-31,8,5679,2,2685,6,2994,0,0,5,3617,3,1044,5,4661,California
Tuolumne,2021-02-01,25,5704,6,2691,19,3013,0,0,22,3636,3,1047,22,4683,California
Tuolumne,2021-02-02,646,6350,37,2728,609,3622,0,0,635,4262,9,1056,635,5318,California
Tuolumne,2021-02-03,238,6588,109,2837,129,3751,0,0,86,4196,152,1208,86,5404,California
Tuolumne,2021-02-04,123,6711,12,2849,111,3862,0,0,60,4193,63,1271,60,5464,California
Tuolumne,2021-02-05,98,6809,12,2861,86,3948,0,0,35,4166,62,1333,35,5499,California
Tuolumne,2021-02-06,852,7661,580,3441,272,4220,0,0,848,5011,4,1337,849,6348,California
Tuolumne,2021-02-07,8,7669,4,3445,4,4224,0,0,4,5011,4,1341,4,6352,California
Tuolumne,2021-02-08,91,7760,40,3485,51,4275,0,0,67,5054,24,1365,67,6419,California
Tuolumne,2021-02-09,864,8624,53,3538,811,5086,0,0,824,5838,40,1405,824,7243,California
Tuolumne,2021-02-10,90,8714,15,3553,75,5161,0,0,29,5807,60,1465,29,7272,California
Tuolumne,2021-02-11,141,8855,66,3619,75,5236,0,0,75,5816,66,1531,75,7347,California
Tuolumne,2021-02-12,644,9499,19,3638,625,5861,0,0,204,5581,439,1970,204,7551,California
Tuolumne,2021-02-13,148,9647,42,3680,106,5967,0,0,117,5673,25,1995,117,7668,California
Tuolumne,2021-02-14,148,9795,12,3692,136,6103,0,0,147,5819,1,1996,147,7815,California
Tuolumne,2021-02-15,185,9980,10,3702,175,6278,0,0,176,5986,9,2005,176,7991,California
Tuolumne,2021-02-16,526,10506,17,3719,509,6787,0,0,123,5711,400,2405,125,8116,California
Tuolumne,2021-02-17,110,10616,63,3782,47,6834,0,0,63,5728,46,2451,63,8179,California
Tuolumne,2021-02-18,680,11296,26,3808,654,7488,0,0,630,6309,50,2501,631,8810,California
Tuolumne,2021-02-19,142,11438,23,3831,119,7607,0,0,43,6253,99,2600,43,8853,California
Tuolumne,2021-02-20,905,12343,342,4173,563,8170,0,0,386,6133,507,3107,387,9240,California
Tuolumne,2021-02-21,977,13320,36,4209,941,9111,0,0,470,6100,504,3611,471,9711,California
Tuolumne,2021-02-22,78,13398,57,4266,21,9132,0,0,47,6117,30,3641,47,9758,California
Tuolumne,2021-02-23,48,13446,24,4290,24,9156,0,0,26,6122,21,3662,26,9784,California
Tuolumne,2021-02-24,103,13549,58,4348,45,9201,0,0,43,6106,59,3721,43,9827,California
Tuolumne,2021-02-25,1054,14603,35,4383,1019,10220,0,0,1023,7098,31,3752,1023,10850,California
Tuolumne,2021-02-26,144,14747,10,4393,134,10354,0,0,121,7196,23,3775,121,10971,California
Tuolumne,2021-02-27,948,15695,576,4969,372,10726,0,0,245,6758,685,4460,247,11218,California
Tuolumne,2021-02-28,55,15750,4,4973,51,10777,0,0,52,6808,2,4462,52,11270,California
Tuolumne,2021-03-01,112,15862,21,4994,91,10868,0,0,77,6853,33,4495,78,11348,California
Tuolumne,2021-03-02,704,16566,72,5066,632,11500,0,0,105,6360,598,5093,105,11453,California
Tuolumne,2021-03-03,90,16656,22,5088,68,11568,0,0,65,6400,25,5118,65,11518,California
Tuolumne,2021-03-04,1170,17826,74,5162,1096,12664,0,0,1108,7446,62,5180,1108,12626,California
Tuolumne,2021-03-05,85,17911,10,5172,75,12739,0,0,48,7459,36,5216,49,12675,California
Tuolumne,2021-03-06,1051,18962,604,5776,445,13184,2,2,203,6819,846,6062,206,12881,California
Tuolumne,2021-03-07,41,19003,12,5788,14,13198,15,17,18,6829,23,6085,33,12914,California
Tuolumne,2021-03-08,195,19198,88,5876,100,13298,7,24,139,6919,56,6141,146,13060,California
Tuolumne,2021-03-09,857,20055,16,5892,830,14128,11,35,68,6214,785,6926,80,13140,California
Tuolumne,2021-03-10,78,20133,12,5904,55,14183,11,46,53,6253,25,6951,64,13204,California
Tuolumne,2021-03-11,1282,21415,36,5940,1240,15423,6,52,1257,7493,25,6976,1265,14469,California
Tuolumne,2021-03-12,298,21713,33,5973,250,15673,15,67,192,7598,105,7081,210,14679,California
Tuolumne,2021-03-13,112,21825,12,5985,100,15773,0,67,86,7660,25,7106,87,14766,California
Tuolumne,2021-03-14,142,21967,8,5993,125,15898,9,76,8,7548,134,7240,22,14788,California
Tuolumne,2021-03-15,293,22260,79,6072,212,16110,2,78,100,7465,192,7432,109,14897,California
Tuolumne,2021-03-16,805,23065,39,6111,755,16865,11,89,668,8007,137,7569,679,15576,California
Tuolumne,2021-03-17,150,23215,30,6141,107,16972,13,102,77,8025,71,7640,89,15665,California
Tuolumne,2021-03-18,949,24164,29,6170,907,17879,13,115,318,7727,630,8270,332,15997,California
Tuolumne,2021-03-19,130,24294,16,6186,83,17962,31,146,69,7767,59,8329,99,16096,California
Tuolumne,2021-03-20,89,24383,7,6193,72,18034,10,156,37,7762,51,8380,46,16142,California
Tuolumne,2021-03-21,833,25216,390,6583,434,18468,9,165,40,7022,789,9169,49,16191,California
Tuolumne,2021-03-22,163,25379,72,6655,72,18540,19,184,97,7072,66,9235,116,16307,California
Tuolumne,2021-03-23,709,26088,639,7294,56,18596,14,198,673,7722,36,9271,686,16993,California
Tuolumne,2021-03-24,110,26198,20,7314,72,18668,18,216,77,7785,32,9303,95,17088,California
Tuolumne,2021-03-25,1296,27494,23,7337,1270,19938,3,219,323,7140,971,10274,326,17414,California
Tuolumne,2021-03-26,269,27763,16,7353,230,20168,23,242,111,7126,148,10422,134,17548,California
Tuolumne,2021-03-27,578,28341,54,7407,524,20692,0,242,317,7186,258,10680,318,17866,California
Tuolumne,2021-03-28,49,28390,8,7415,41,20733,0,242,9,7157,39,10719,10,17876,California
Tuolumne,2021-03-29,200,28590,80,7495,120,20853,0,242,103,7166,94,10813,103,17979,California
Tuolumne,2021-03-30,158,28748,11,7506,146,20999,1,243,116,7242,41,10854,117,18096,California
Tuolumne,2021-03-31,91,28839,14,7520,75,21074,2,245,34,7224,56,10910,38,18134,California
Tuolumne,2021-04-01,1247,30086,31,7551,1216,22290,0,245,224,6428,1021,11931,225,18359,California
Tuolumne,2021-04-02,158,30244,10,7561,122,22412,26,271,86,6469,71,12002,112,18471,California
Tuolumne,2021-04-03,419,30663,35,7596,383,22795,1,272,235,6523,184,12186,238,18709,California
Tuolumne,2021-04-04,32,30695,2,7598,30,22825,0,272,20,6532,11,12197,20,18729,California
Tuolumne,2021-04-05,126,30821,19,7617,101,22926,6,278,55,6522,71,12268,61,18790,California
Tuolumne,2021-04-06,647,31468,517,8134,103,23029,27,305,514,6931,133,12401,542,19332,California
Tuolumne,2021-04-07,124,31592,36,8170,72,23101,16,321,46,6915,78,12479,62,19394,California
Tuolumne,2021-04-08,1433,33025,32,8202,1387,24488,14,335,239,5977,1191,13670,253,19647,California
Tuolumne,2021-04-09,266,33291,41,8243,181,24669,44,379,125,6008,141,13811,172,19819,California
Tuolumne,2021-04-10,56,33347,2,8245,34,24703,20,399,23,6019,32,13843,43,19862,California
Tuolumne,2021-04-11,17,33364,2,8247,12,24715,3,402,12,6029,5,13848,15,19877,California
Tuolumne,2021-04-12,161,33525,67,8314,89,24804,5,407,87,6053,68,13916,92,19969,California
Tuolumne,2021-04-13,784,34309,36,8350,748,25552,0,407,169,5614,608,14524,169,20138,California
Tuolumne,2021-04-14,137,34446,26,8376,111,25663,0,407,66,5613,68,14592,67,20205,California
Tuolumne,2021-04-15,332,34778,20,8396,312,25975,0,407,55,5396,272,14864,55,20260,California
Tuolumne,2021-04-16,238,35016,50,8446,188,26163,0,407,134,5432,98,14962,134,20394,California
Tuolumne,2021-04-17,43,35059,6,8452,37,26200,0,407,27,5443,16,14978,27,20421,California
Tuolumne,2021-04-18,8,35067,2,8454,6,26206,0,407,3,5442,4,14982,3,20424,California
Tuolumne,2021-04-19,166,35233,76,8530,90,26296,0,407,91,5461,72,15054,91,20515,California
Tuolumne,2021-04-20,712,35945,618,9148,94,26390,0,407,78,4912,627,15681,78,20593,California
Tuolumne,2021-04-21,116,36061,26,9174,90,26480,0,407,61,4923,50,15731,61,20654,California
Tuolumne,2021-04-22,693,36754,46,9220,647,27127,0,407,422,5084,261,15992,422,21076,California
Tuolumne,2021-04-23,160,36914,31,9251,129,27256,0,407,85,5096,73,16065,85,21161,California
Tuolumne,2021-04-24,80,36994,18,9269,62,27318,0,407,52,5120,28,16093,52,21213,California
Tuolumne,2021-04-25,26,37020,9,9278,17,27335,0,407,23,5140,3,16096,23,21236,California
Tuolumne,2021-04-26,149,37169,56,9334,93,27428,0,407,68,5129,80,16176,69,21305,California
Tuolumne,2021-04-27,123,37292,20,9354,96,27524,7,414,58,5131,63,16239,65,21370,California
Tuolumne,2021-04-28,105,37397,24,9378,70,27594,11,425,56,5150,48,16287,67,21437,California
Tuolumne,2021-04-29,261,37658,16,9394,237,27831,8,433,44,4985,217,16504,52,21489,California
Tuolumne,2021-04-30,336,37994,20,9414,304,28135,12,445,60,4784,273,16777,72,21561,California
Tuolumne,2021-05-01,24,38018,7,9421,13,28148,4,449,16,4796,8,16785,20,21581,California
Tuolumne,2021-05-02,25,38043,2,9423,21,28169,2,451,18,4809,7,16792,20,21601,California
Tuolumne,2021-05-03,73,38116,10,9433,62,28231,1,452,22,4782,50,16842,23,21624,California
Tuolumne,2021-05-04,662,38778,599,10032,58,28289,5,457,187,4499,474,17316,191,21815,California
Tuolumne,2021-05-05,53,38831,6,10038,45,28334,2,459,20,4490,31,17347,22,21837,California
Tuolumne,2021-05-06,78,38909,3,10041,66,28400,9,468,5,4433,71,17418,14,21851,California
Ventura,2020-12-15,5,5,5,5,0,0,0,0,5,5,0,0,5,5,California
Ventura,2020-12-16,72,77,72,77,0,0,0,0,72,77,0,0,72,77,California
Ventura,2020-12-17,249,326,249,326,0,0,0,0,249,326,0,0,249,326,California
Ventura,2020-12-18,1410,1736,1410,1736,0,0,0,0,1410,1736,0,0,1410,1736,California
Ventura,2020-12-19,911,2647,911,2647,0,0,0,0,911,2647,0,0,911,2647,California
Ventura,2020-12-20,430,3077,430,3077,0,0,0,0,430,3077,0,0,430,3077,California
Ventura,2020-12-21,1468,4545,1468,4545,0,0,0,0,1468,4545,0,0,1468,4545,California
Ventura,2020-12-22,1104,5649,1099,5644,5,5,0,0,1104,5649,0,0,1104,5649,California
Ventura,2020-12-23,1027,6676,980,6624,47,52,0,0,1027,6676,0,0,1027,6676,California
Ventura,2020-12-24,477,7153,379,7003,98,150,0,0,477,7153,0,0,477,7153,California
Ventura,2020-12-25,11,7164,7,7010,4,154,0,0,11,7164,0,0,11,7164,California
Ventura,2020-12-26,111,7275,91,7101,20,174,0,0,111,7275,0,0,111,7275,California
Ventura,2020-12-27,58,7333,27,7128,31,205,0,0,58,7333,0,0,58,7333,California
Ventura,2020-12-28,1072,8405,932,8060,140,345,0,0,1072,8405,0,0,1072,8405,California
Ventura,2020-12-29,1171,9576,764,8824,407,752,0,0,1171,9576,0,0,1171,9576,California
Ventura,2020-12-30,1987,11563,1522,10346,465,1217,0,0,1987,11563,0,0,1987,11563,California
Ventura,2020-12-31,479,12042,161,10507,318,1535,0,0,479,12042,0,0,479,12042,California
Ventura,2021-01-01,24,12066,6,10513,18,1553,0,0,24,12066,0,0,24,12066,California
Ventura,2021-01-02,174,12240,79,10592,95,1648,0,0,174,12240,0,0,174,12240,California
Ventura,2021-01-03,16,12256,8,10600,8,1656,0,0,16,12256,0,0,16,12256,California
Ventura,2021-01-04,1082,13338,551,11151,531,2187,0,0,1081,13337,0,0,1081,13337,California
Ventura,2021-01-05,1373,14711,777,11928,596,2783,0,0,1332,14628,41,41,1332,14669,California
Ventura,2021-01-06,2058,16769,1180,13108,878,3661,0,0,1627,15835,422,463,1629,16298,California
Ventura,2021-01-07,2068,18837,1326,14434,742,4403,0,0,1182,16133,884,1347,1182,17480,California
Ventura,2021-01-08,2197,21034,1474,15908,723,5126,0,0,906,15751,1289,2636,907,18387,California
Ventura,2021-01-09,721,21755,500,16408,221,5347,0,0,319,15668,402,3038,319,18706,California
Ventura,2021-01-10,342,22097,327,16735,15,5362,0,0,128,15582,214,3252,128,18834,California
Ventura,2021-01-11,2446,24543,1488,18223,958,6320,0,0,1494,16127,952,4204,1497,20331,California
Ventura,2021-01-12,3042,27585,1612,19835,1430,7750,0,0,2017,17119,1025,5229,2017,22348,California
Ventura,2021-01-13,2925,30510,1424,21259,1501,9251,0,0,2041,18280,881,6110,2042,24390,California
Ventura,2021-01-14,2735,33245,1061,22320,1674,10925,0,0,2288,20123,446,6556,2289,26679,California
Ventura,2021-01-15,2889,36134,972,23292,1917,12842,0,0,2676,22587,213,6769,2677,29356,California
Ventura,2021-01-16,484,36618,187,23479,297,13139,0,0,404,22911,80,6849,404,29760,California
Ventura,2021-01-17,259,36877,137,23616,122,13261,0,0,253,23158,6,6855,253,30013,California
Ventura,2021-01-18,2218,39095,1672,25288,546,13807,0,0,1667,24276,550,7405,1668,31681,California
Ventura,2021-01-19,3042,42137,2120,27408,922,14729,0,0,2147,25531,895,8300,2150,33831,California
Ventura,2021-01-20,4091,46228,3140,30548,951,15680,0,0,3039,27522,1049,9349,3040,36871,California
Ventura,2021-01-21,3841,50069,2675,33223,1166,16846,0,0,3166,30018,672,10021,3168,40039,California
Ventura,2021-01-22,3615,53684,2494,35717,1121,17967,0,0,3454,33311,161,10182,3454,43493,California
Ventura,2021-01-23,1184,54868,649,36366,535,18502,0,0,1084,34298,99,10281,1086,44579,California
Ventura,2021-01-24,452,55320,137,36503,315,18817,0,0,439,34724,13,10294,439,45018,California
Ventura,2021-01-25,3153,58473,2031,38534,1122,19939,0,0,2598,36769,554,10848,2599,47617,California
Ventura,2021-01-26,3713,62186,2205,40739,1508,21447,0,0,2714,38486,998,11846,2715,50332,California
Ventura,2021-01-27,3462,65648,1560,42299,1902,23349,0,0,2719,40466,739,12585,2719,53051,California
Ventura,2021-01-28,3874,69522,1993,44292,1881,25230,0,0,3260,43130,597,13182,3261,56312,California
Ventura,2021-01-29,4271,73793,2525,46817,1746,26976,0,0,3768,46408,490,13672,3768,60080,California
Ventura,2021-01-30,3036,76829,1964,48781,1072,28048,0,0,2865,49107,167,13839,2866,62946,California
Ventura,2021-01-31,835,77664,446,49227,389,28437,0,0,748,49769,86,13925,748,63694,California
Ventura,2021-02-01,3942,81606,2112,51339,1830,30267,0,0,3168,52168,771,14696,3170,66864,California
Ventura,2021-02-02,4405,86011,2374,53713,2031,32298,0,0,3380,54528,1021,15717,3381,70245,California
Ventura,2021-02-03,4452,90463,2089,55802,2363,34661,0,0,3442,56966,1005,16722,3443,73688,California
Ventura,2021-02-04,4776,95239,2287,58089,2489,37150,0,0,3519,59238,1249,17971,3521,77209,California
Ventura,2021-02-05,4837,100076,2316,60405,2521,39671,0,0,3344,61104,1480,19451,3346,80555,California
Ventura,2021-02-06,2837,102913,1515,61920,1322,40993,0,0,2434,63136,402,19853,2434,82989,California
Ventura,2021-02-07,710,103623,241,62161,469,41462,0,0,584,63595,126,19979,585,83574,California
Ventura,2021-02-08,3498,107121,1624,63785,1874,43336,0,0,2428,64958,1065,21044,2428,86002,California
Ventura,2021-02-09,4716,111837,1971,65756,2745,46081,0,0,2465,65176,2250,23294,2468,88470,California
Ventura,2021-02-10,4716,116553,2237,67993,2479,48560,0,0,2391,65254,2314,25608,2392,90862,California
Ventura,2021-02-11,4662,121215,1863,69856,2799,51359,0,0,2446,65494,2209,27817,2449,93311,California
Ventura,2021-02-12,6304,127519,2661,72517,3643,55002,0,0,3223,65640,3077,30894,3223,96534,California
Ventura,2021-02-13,3297,130816,1826,74343,1471,56473,0,0,1844,66037,1449,32343,1846,98380,California
Ventura,2021-02-14,1226,132042,124,74467,1102,57575,0,0,1010,66832,216,32559,1011,99391,California
Ventura,2021-02-15,3986,136028,1798,76265,2188,59763,0,0,2117,67083,1866,34425,2117,101508,California
Ventura,2021-02-16,5545,141573,2706,78971,2839,62602,0,0,3011,67568,2526,36951,3011,104519,California
Ventura,2021-02-17,5232,146805,1920,80891,3312,65914,0,0,3265,68875,1958,38909,3265,107784,California
Ventura,2021-02-18,5776,152581,1829,82720,3947,69861,0,0,3633,70376,2132,41041,3633,111417,California
Ventura,2021-02-19,6455,159036,3771,86491,2684,72545,0,0,3010,69950,3438,44479,3012,114429,California
Ventura,2021-02-20,4934,163970,3167,89658,1767,74312,0,0,2768,70562,2160,46639,2772,117201,California
Ventura,2021-02-21,1047,165017,758,90416,289,74601,0,0,431,70383,610,47249,431,117632,California
Ventura,2021-02-22,5369,170386,2409,92825,2960,77561,0,0,3453,71929,1907,49156,3453,121085,California
Ventura,2021-02-23,5932,176318,2968,95793,2964,80525,0,0,3416,72847,2500,51656,3418,124503,California
Ventura,2021-02-24,6994,183312,2608,98401,4386,84911,0,0,4247,74362,2734,54390,4249,128752,California
Ventura,2021-02-25,7492,190804,2571,100972,4921,89832,0,0,4573,76032,2905,57295,4575,133327,California
Ventura,2021-02-26,9345,200149,2766,103738,6579,96411,0,0,6161,79037,3158,60453,6163,139490,California
Ventura,2021-02-27,9993,210142,5272,109010,4721,101132,0,0,7371,83812,2606,63059,7381,146871,California
Ventura,2021-02-28,2569,212711,1634,110644,934,102066,1,1,2096,85442,466,63525,2096,148967,California
Ventura,2021-03-01,6940,219651,2810,113454,4130,106196,0,1,4626,87778,2303,65828,4639,153606,California
Ventura,2021-03-02,7481,227132,3936,117390,3543,109739,2,3,5252,90811,2219,68047,5252,158858,California
Ventura,2021-03-03,8519,235651,3900,121290,4619,114358,0,3,6074,94459,2430,70477,6078,164936,California
Ventura,2021-03-04,8102,243753,3868,125158,4234,118592,0,3,5472,97318,2616,73093,5475,170411,California
Ventura,2021-03-05,9971,253724,4800,129958,5161,123753,10,13,7083,101545,2874,75967,7101,177512,California
Ventura,2021-03-06,7232,260956,4395,134353,2684,126437,153,166,5318,105110,1908,77875,5473,182985,California
Ventura,2021-03-07,1652,262608,604,134957,947,127384,101,267,1235,106029,417,78292,1336,184321,California
Ventura,2021-03-08,6736,269344,3412,138369,3170,130554,154,421,4631,108718,2099,80391,4788,189109,California
Ventura,2021-03-09,6543,275887,2818,141187,3525,134079,200,621,3672,109734,2858,83249,3874,192983,California
Ventura,2021-03-10,6800,282687,2967,144154,3596,137675,237,858,4485,112151,2305,85554,4722,197705,California
Ventura,2021-03-11,6370,289057,2888,147042,3172,140847,310,1168,3420,112943,2937,88491,3729,201434,California
Ventura,2021-03-12,8501,297558,3036,150078,4620,145467,845,2013,4092,113488,4391,92882,4936,206370,California
Ventura,2021-03-13,6683,304241,2498,152576,3343,148810,842,2855,3756,115166,2918,95800,4596,210966,California
Ventura,2021-03-14,2131,306372,478,153054,1158,149968,495,3350,730,114992,1400,97200,1226,212192,California
Ventura,2021-03-15,6914,313286,2048,155102,3518,153486,1348,4698,2973,115395,3916,101116,4319,216511,California
Ventura,2021-03-16,7917,321203,2461,157563,4342,157828,1114,5812,3991,116587,3912,105028,5104,221615,California
Ventura,2021-03-17,7467,328670,2765,160328,4355,162183,347,6159,4469,118428,2977,108005,4818,226433,California
Ventura,2021-03-18,7221,335891,3270,163598,3799,165982,152,6311,4702,120775,2505,110510,4852,231285,California
Ventura,2021-03-19,8397,344288,3776,167374,4511,170493,110,6421,5021,122547,3357,113867,5129,236414,California
Ventura,2021-03-20,8143,352431,5246,172620,2877,173370,20,6441,3892,122233,4227,118094,3913,240327,California
Ventura,2021-03-21,2781,355212,1510,174130,900,174270,371,6812,1318,122469,1452,119546,1688,242015,California
Ventura,2021-03-22,7332,362544,3682,177812,3548,177818,102,6914,4838,124933,2478,122024,4942,246957,California
Ventura,2021-03-23,8177,370721,3882,181694,4223,182041,72,6986,4666,126185,3485,125509,4737,251694,California
Ventura,2021-03-24,8868,379589,3406,185100,5387,187428,75,7061,4431,126283,4408,129917,4506,256200,California
Ventura,2021-03-25,8793,388382,3902,189002,4791,192219,100,7161,4450,126509,4326,134243,4552,260752,California
Ventura,2021-03-26,9818,398200,3343,192345,5822,198041,653,7814,3904,125178,5886,140129,4555,265307,California
Ventura,2021-03-27,8112,406312,3903,196248,4169,202210,40,7854,2403,121932,5690,145819,2444,267751,California
Ventura,2021-03-28,2525,408837,1407,197655,1109,203319,9,7863,1382,122186,1137,146956,1391,269142,California
Ventura,2021-03-29,8448,417285,4257,201912,4148,207467,43,7906,4222,122253,4198,151154,4265,273407,California
Ventura,2021-03-30,8927,426212,4408,206320,4392,211859,127,8033,4531,122527,4382,155536,4656,278063,California
Ventura,2021-03-31,10676,436888,4812,211132,5237,217096,627,8660,4634,121766,6021,161557,5260,283323,California
Ventura,2021-04-01,10640,447528,5182,216314,4582,221678,876,9536,5359,122736,5261,166818,6231,289554,California
Ventura,2021-04-02,11568,459096,4586,220900,5711,227389,1271,10807,5526,123521,6016,172834,6801,296355,California
Ventura,2021-04-03,8006,467102,3953,224853,2921,230310,1132,11939,3361,123377,4635,177469,4491,300846,California
Ventura,2021-04-04,1708,468810,959,225812,621,230931,128,12067,1154,124111,548,178017,1282,302128,California
Ventura,2021-04-05,9250,478060,4864,230676,3328,234259,1058,13125,4719,125366,4521,182538,5776,307904,California
Ventura,2021-04-06,10813,488873,5543,236219,3804,238063,1466,14591,5553,127147,5236,187774,7017,314921,California
Ventura,2021-04-07,11282,500155,5423,241642,4389,242452,1470,16061,5163,127671,6104,193878,6628,321549,California
Ventura,2021-04-08,10210,510365,5294,246936,3987,246439,929,16990,5101,128601,5092,198970,6022,327571,California
Ventura,2021-04-09,11062,521427,4335,251271,5033,251472,1694,18684,4850,128947,6193,205163,6539,334110,California
Ventura,2021-04-10,9128,530555,3505,254776,3476,254948,2147,20831,3005,127987,6107,211270,5147,339257,California
Ventura,2021-04-11,2420,532975,862,255638,994,255942,564,21395,685,127506,1728,212998,1247,340504,California
Ventura,2021-04-12,8865,541840,4463,260101,3604,259546,798,22193,3733,126916,5115,218113,4525,345029,California
Ventura,2021-04-13,8760,550600,4440,264541,4314,263860,6,22199,3744,125684,4982,223095,3750,348779,California
Ventura,2021-04-14,8650,559250,4060,268601,4575,268435,15,22214,3362,123809,5254,228349,3379,352158,California
Ventura,2021-04-15,9282,568532,4515,273116,4760,273195,7,22221,4089,122732,5173,233522,4096,356254,California
Ventura,2021-04-16,10091,578623,4476,277592,5615,278810,0,22221,4836,122327,5242,238764,4837,361091,California
Ventura,2021-04-17,8525,587148,5297,282889,3227,282037,1,22222,4991,123796,3524,242288,4993,366084,California
Ventura,2021-04-18,2127,589275,1012,283901,1115,283152,0,22222,905,123484,1217,243505,905,366989,California
Ventura,2021-04-19,8004,597279,4839,288740,3164,286316,1,22223,4625,124749,3362,246867,4627,371616,California
Ventura,2021-04-20,9207,606486,4896,293636,4310,290626,1,22224,4348,124254,4845,251712,4350,375966,California
Ventura,2021-04-21,8828,615314,4533,298169,4292,294918,3,22227,4200,123842,4616,256328,4204,380170,California
Ventura,2021-04-22,9994,625308,5474,303643,4520,299438,0,22227,4477,122819,5500,261828,4477,384647,California
Ventura,2021-04-23,10769,636077,5380,309023,5389,304827,0,22227,5385,122845,5359,267187,5385,390032,California
Ventura,2021-04-24,10318,646395,5895,314918,4423,309250,0,22227,6116,124770,4192,271379,6117,396149,California
Ventura,2021-04-25,2468,648863,1698,316616,770,310020,0,22227,1140,124585,1325,272704,1140,397289,California
Ventura,2021-04-26,6804,655667,3936,320552,2804,312824,64,22291,2791,123441,3995,276699,2851,400140,California
Ventura,2021-04-27,8014,663681,4443,324995,3405,316229,166,22457,2995,121594,5007,281706,3160,403300,California
Ventura,2021-04-28,8228,671909,4809,329804,3113,319342,306,22763,3211,120112,4999,286705,3517,406817,California
Ventura,2021-04-29,7722,679631,4211,334015,3261,322603,250,23013,2741,118141,4960,291665,2989,409806,California
Ventura,2021-04-30,9156,688787,5343,339358,3549,326152,264,23277,3753,116770,5380,297045,4009,413815,California
Ventura,2021-05-01,4900,693687,3611,342969,1191,327343,98,23375,1850,115683,3035,300080,1948,415763,California
Ventura,2021-05-02,2122,695809,1426,344395,612,327955,84,23459,1032,115713,1086,301166,1116,416879,California
Ventura,2021-05-03,5907,701716,3654,348049,1984,329939,269,23728,1833,113759,4055,305221,2101,418980,California
Ventura,2021-05-04,4295,706011,2096,350145,2033,331972,166,23894,1544,112727,2742,307963,1710,420690,California
Ventura,2021-05-05,2960,708971,1939,352084,885,332857,136,24030,1021,111954,1929,309892,1156,421846,California
Ventura,2021-05-06,3090,712061,2024,354108,941,333798,125,24155,839,110678,2242,312134,966,422812,California
Yolo,2020-12-15,39,39,39,39,0,0,0,0,39,39,0,0,39,39,California
Yolo,2020-12-16,78,117,78,117,0,0,0,0,78,117,0,0,78,117,California
Yolo,2020-12-17,101,218,101,218,0,0,0,0,101,218,0,0,101,218,California
Yolo,2020-12-18,210,428,210,428,0,0,0,0,210,428,0,0,210,428,California
Yolo,2020-12-19,88,516,88,516,0,0,0,0,88,516,0,0,88,516,California
Yolo,2020-12-20,100,616,100,616,0,0,0,0,100,616,0,0,100,616,California
Yolo,2020-12-21,253,869,253,869,0,0,0,0,253,869,0,0,253,869,California
Yolo,2020-12-22,381,1250,380,1249,1,1,0,0,381,1250,0,0,381,1250,California
Yolo,2020-12-23,432,1682,412,1661,20,21,0,0,432,1682,0,0,432,1682,California
Yolo,2020-12-24,151,1833,95,1756,56,77,0,0,151,1833,0,0,151,1833,California
Yolo,2020-12-25,1,1834,1,1757,0,77,0,0,1,1834,0,0,1,1834,California
Yolo,2020-12-26,75,1909,25,1782,50,127,0,0,75,1909,0,0,75,1909,California
Yolo,2020-12-27,46,1955,19,1801,27,154,0,0,46,1955,0,0,46,1955,California
Yolo,2020-12-28,346,2301,179,1980,167,321,0,0,346,2301,0,0,346,2301,California
Yolo,2020-12-29,487,2788,267,2247,220,541,0,0,487,2788,0,0,487,2788,California
Yolo,2020-12-30,621,3409,254,2501,367,908,0,0,621,3409,0,0,621,3409,California
Yolo,2020-12-31,185,3594,95,2596,90,998,0,0,185,3594,0,0,185,3594,California
Yolo,2021-01-01,58,3652,56,2652,2,1000,0,0,58,3652,0,0,58,3652,California
Yolo,2021-01-02,68,3720,25,2677,43,1043,0,0,68,3720,0,0,68,3720,California
Yolo,2021-01-03,44,3764,19,2696,25,1068,0,0,44,3764,0,0,44,3764,California
Yolo,2021-01-04,193,3957,43,2739,150,1218,0,0,193,3957,0,0,193,3957,California
Yolo,2021-01-05,611,4568,236,2975,375,1593,0,0,550,4446,61,61,550,4507,California
Yolo,2021-01-06,480,5048,183,3158,297,1890,0,0,349,4664,131,192,349,4856,California
Yolo,2021-01-07,709,5757,233,3391,476,2366,0,0,520,4996,188,380,520,5376,California
Yolo,2021-01-08,632,6389,311,3702,321,2687,0,0,416,5197,215,595,416,5792,California
Yolo,2021-01-09,410,6799,69,3771,341,3028,0,0,364,5515,46,641,364,6156,California
Yolo,2021-01-10,393,7192,80,3851,313,3341,0,0,323,5768,70,711,323,6479,California
Yolo,2021-01-11,562,7754,325,4176,237,3578,0,0,293,5794,269,980,295,6774,California
Yolo,2021-01-12,481,8235,364,4540,117,3695,0,0,173,5660,308,1288,174,6948,California
Yolo,2021-01-13,770,9005,312,4852,458,4153,0,0,520,5930,250,1538,520,7468,California
Yolo,2021-01-14,376,9381,182,5034,194,4347,0,0,272,6098,104,1642,272,7740,California
Yolo,2021-01-15,623,10004,318,5352,305,4652,0,0,544,6564,79,1721,545,8285,California
Yolo,2021-01-16,740,10744,95,5447,645,5297,0,0,709,7242,31,1752,709,8994,California
Yolo,2021-01-17,186,10930,117,5564,69,5366,0,0,179,7414,7,1759,179,9173,California
Yolo,2021-01-18,478,11408,303,5867,175,5541,0,0,379,7694,99,1858,379,9552,California
Yolo,2021-01-19,555,11963,372,6239,183,5724,0,0,380,7899,175,2033,380,9932,California
Yolo,2021-01-20,659,12622,379,6618,280,6004,0,0,474,8189,184,2217,474,10406,California
Yolo,2021-01-21,647,13269,382,7000,265,6269,0,0,459,8460,188,2405,459,10865,California
Yolo,2021-01-22,745,14014,250,7250,495,6764,0,0,628,8973,115,2520,628,11493,California
Yolo,2021-01-23,613,14627,123,7373,490,7254,0,0,566,9492,47,2567,566,12059,California
Yolo,2021-01-24,207,14834,124,7497,83,7337,0,0,166,9617,41,2608,166,12225,California
Yolo,2021-01-25,728,15562,153,7650,575,7912,0,0,514,9917,214,2822,514,12739,California
Yolo,2021-01-26,817,16379,327,7977,490,8402,0,0,428,9956,389,3211,428,13167,California
Yolo,2021-01-27,556,16935,223,8200,333,8735,0,0,383,10166,173,3384,383,13550,California
Yolo,2021-01-28,1051,17986,566,8766,485,9220,0,0,925,10966,125,3509,925,14475,California
Yolo,2021-01-29,870,18856,263,9029,607,9827,0,0,788,11673,81,3590,788,15263,California
Yolo,2021-01-30,1515,20371,915,9944,600,10427,0,0,1406,12976,103,3693,1406,16669,California
Yolo,2021-01-31,249,20620,211,10155,38,10465,0,0,214,13156,34,3727,214,16883,California
Yolo,2021-02-01,844,21464,360,10515,484,10949,0,0,614,13543,227,3954,614,17497,California
Yolo,2021-02-02,1322,22786,746,11261,576,11525,0,0,931,14084,391,4345,932,18429,California
Yolo,2021-02-03,1515,24301,398,11659,1117,12642,0,0,1182,14936,330,4675,1182,19611,California
Yolo,2021-02-04,1787,26088,282,11941,1505,14147,0,0,1237,15635,539,5214,1238,20849,California
Yolo,2021-02-05,1592,27680,900,12841,692,14839,0,0,1197,16438,395,5609,1198,22047,California
Yolo,2021-02-06,1917,29597,1247,14088,670,15509,0,0,1556,17634,361,5970,1557,23604,California
Yolo,2021-02-07,519,30116,249,14337,270,15779,0,0,171,17458,347,6317,171,23775,California
Yolo,2021-02-08,948,31064,332,14669,616,16395,0,0,605,17723,340,6657,605,24380,California
Yolo,2021-02-09,860,31924,387,15056,473,16868,0,0,577,18017,283,6940,577,24957,California
Yolo,2021-02-10,1454,33378,476,15532,978,17846,0,0,817,18199,637,7577,819,25776,California
Yolo,2021-02-11,1567,34945,799,16331,768,18614,0,0,1185,19002,382,7959,1185,26961,California
Yolo,2021-02-12,1909,36854,749,17080,1160,19774,0,0,1441,19979,464,8423,1441,28402,California
Yolo,2021-02-13,2054,38908,712,17792,1342,21116,0,0,1389,20703,665,9088,1389,29791,California
Yolo,2021-02-14,569,39477,153,17945,416,21532,0,0,444,21023,124,9212,444,30235,California
Yolo,2021-02-15,531,40008,189,18134,342,21874,0,0,266,21025,265,9477,267,30502,California
Yolo,2021-02-16,1126,41134,425,18559,701,22575,0,0,809,21517,317,9794,809,31311,California
Yolo,2021-02-17,1384,42518,701,19260,683,23258,0,0,991,22115,393,10187,991,32302,California
Yolo,2021-02-18,2495,45013,814,20074,1681,24939,0,0,1726,23073,769,10956,1727,34029,California
Yolo,2021-02-19,1742,46755,745,20819,997,25936,0,0,1121,23575,619,11575,1121,35150,California
Yolo,2021-02-20,2434,49189,940,21759,1494,27430,0,0,1364,23875,1065,12640,1365,36515,California
Yolo,2021-02-21,282,49471,225,21984,57,27487,0,0,73,23740,208,12848,73,36588,California
Yolo,2021-02-22,1360,50831,600,22584,760,28247,0,0,692,23765,667,13515,692,37280,California
Yolo,2021-02-23,1123,51954,842,23426,281,28528,0,0,438,23520,683,14198,438,37718,California
Yolo,2021-02-24,2091,54045,590,24016,1501,30029,0,0,1381,24193,708,14906,1381,39099,California
Yolo,2021-02-25,1342,55387,447,24463,895,30924,0,0,876,24604,465,15371,876,39975,California
Yolo,2021-02-26,2596,57983,1008,25471,1588,32512,0,0,1390,24791,1203,16574,1390,41365,California
Yolo,2021-02-27,1656,59639,766,26237,890,33402,0,0,1206,25547,450,17024,1206,42571,California
Yolo,2021-02-28,1775,61414,1493,27730,282,33684,0,0,680,25134,1093,18117,680,43251,California
Yolo,2021-03-01,1100,62514,364,28094,736,34420,0,0,668,25372,430,18547,668,43919,California
Yolo,2021-03-02,1462,63976,681,28775,781,35201,0,0,931,25772,531,19078,931,44850,California
Yolo,2021-03-03,1838,65814,629,29404,1209,36410,0,0,832,25600,1004,20082,832,45682,California
Yolo,2021-03-04,2909,68723,1453,30857,1456,37866,0,0,1575,25844,1331,21413,1575,47257,California
Yolo,2021-03-05,2350,71073,1398,32255,941,38807,11,11,1473,26452,876,22289,1484,48741,California
Yolo,2021-03-06,1468,72541,1120,33375,319,39126,29,40,836,26688,629,22918,865,49606,California
Yolo,2021-03-07,906,73447,671,34046,221,39347,14,54,772,27340,134,23052,786,50392,California
Yolo,2021-03-08,1087,74534,485,34531,559,39906,43,97,759,27816,327,23379,803,51195,California
Yolo,2021-03-09,1242,75776,670,35201,512,40418,60,157,754,28144,486,23865,814,52009,California
Yolo,2021-03-10,1794,77570,1048,36249,457,40875,289,446,752,28140,1039,24904,1035,53044,California
Yolo,2021-03-11,2282,79852,1539,37788,677,41552,66,512,1570,29066,711,25615,1637,54681,California
Yolo,2021-03-12,2889,82741,1344,39132,1465,43017,80,592,1367,28998,1514,27129,1446,56127,California
Yolo,2021-03-13,1843,84584,730,39862,936,43953,177,769,1008,29351,832,27961,1185,57312,California
Yolo,2021-03-14,1004,85588,211,40073,643,44596,150,919,522,29538,481,28442,668,57980,California
Yolo,2021-03-15,1323,86911,774,40847,373,44969,176,1095,707,29805,614,29056,881,58861,California
Yolo,2021-03-16,1869,88780,717,41564,1080,46049,72,1167,1105,30218,764,29820,1177,60038,California
Yolo,2021-03-17,2485,91265,968,42532,1445,47494,72,1239,1703,31245,779,30599,1806,61844,California
Yolo,2021-03-18,2892,94157,899,43431,1769,49263,224,1463,1178,30937,1710,32309,1402,63246,California
Yolo,2021-03-19,2072,96229,849,44280,1155,50418,68,1531,1083,31105,983,33292,1151,64397,California
Yolo,2021-03-20,2747,98976,816,45096,1890,52308,41,1572,1115,30637,1626,34918,1158,65555,California
Yolo,2021-03-21,316,99292,215,45311,93,52401,8,1580,229,30788,86,35004,237,65792,California
Yolo,2021-03-22,1392,100684,487,45798,853,53254,52,1632,919,31288,470,35474,970,66762,California
Yolo,2021-03-23,1729,102413,932,46730,741,53995,56,1688,1072,31759,656,36130,1127,67889,California
Yolo,2021-03-24,2847,105260,1391,48121,1407,55402,49,1737,1420,31814,1415,37545,1470,69359,California
Yolo,2021-03-25,2433,107693,1303,49424,1103,56505,27,1764,1168,31754,1255,38800,1195,70554,California
Yolo,2021-03-26,2387,110080,1244,50668,1124,57629,19,1783,1024,31440,1356,40156,1042,71596,California
Yolo,2021-03-27,1649,111729,455,51123,1178,58807,16,1799,762,31332,886,41042,778,72374,California
Yolo,2021-03-28,1107,112836,862,51985,227,59034,18,1817,277,30801,826,41868,295,72669,California
Yolo,2021-03-29,2010,114846,820,52805,1160,60194,30,1847,982,30789,1024,42892,1012,73681,California
Yolo,2021-03-30,2269,117115,1069,53874,1177,61371,23,1870,1181,30910,1083,43975,1204,74885,California
Yolo,2021-03-31,2340,119455,1214,55088,1090,62461,36,1906,1196,30999,1143,45118,1232,76117,California
Yolo,2021-04-01,3752,123207,1767,56855,1511,63972,474,2380,1557,30837,2192,47310,2030,78147,California
Yolo,2021-04-02,3373,126580,1502,58357,1727,65699,144,2524,2087,31788,1280,48590,2231,80378,California
Yolo,2021-04-03,1786,128366,1078,59435,493,66192,215,2739,797,31812,988,49578,1012,81390,California
Yolo,2021-04-04,386,128752,150,59585,174,66366,62,2801,145,31778,241,49819,207,81597,California
Yolo,2021-04-05,1902,130654,729,60314,1075,67441,98,2899,1010,31999,887,50706,1108,82705,California
Yolo,2021-04-06,2563,133217,1301,61615,1091,68532,171,3070,1311,32239,1243,51949,1483,84188,California
Yolo,2021-04-07,2964,136181,1508,63123,1105,69637,351,3421,1914,33464,1044,52993,2269,86457,California
Yolo,2021-04-08,2410,138591,997,64120,943,70580,470,3891,1022,33568,1385,54378,1489,87946,California
Yolo,2021-04-09,2431,141022,885,65005,1051,71631,495,4386,809,33251,1619,55997,1302,89248,California
Yolo,2021-04-10,1690,142712,794,65799,724,72355,172,4558,1003,33742,683,56680,1174,90422,California
Yolo,2021-04-11,862,143574,257,66056,560,72915,45,4603,339,33605,520,57200,383,90805,California
Yolo,2021-04-12,1758,145332,520,66576,1095,74010,143,4746,1090,34173,665,57865,1233,92038,California
Yolo,2021-04-13,1938,147270,882,67458,1056,75066,0,4746,1008,34253,928,58793,1008,93046,California
Yolo,2021-04-14,2755,150025,755,68213,2000,77066,0,4746,1372,34246,1379,60172,1372,94418,California
Yolo,2021-04-15,3222,153247,1047,69260,2175,79241,0,4746,2261,35550,957,61129,2261,96679,California
Yolo,2021-04-16,2902,156149,1843,71103,1059,80300,0,4746,1831,36315,1066,62195,1831,98510,California
Yolo,2021-04-17,1515,157664,420,71523,1095,81395,0,4746,746,36296,765,62960,746,99256,California
Yolo,2021-04-18,592,158256,264,71787,328,81723,0,4746,348,36403,241,63201,348,99604,California
Yolo,2021-04-19,1667,159923,719,72506,947,82670,1,4747,769,36280,893,64094,770,100374,California
Yolo,2021-04-20,1998,161921,1011,73517,987,83657,0,4747,1074,36432,922,65016,1074,101448,California
Yolo,2021-04-21,1993,163914,992,74509,1001,84658,0,4747,1094,36630,896,65912,1094,102542,California
Yolo,2021-04-22,1795,165709,738,75247,1057,85715,0,4747,948,36737,842,66754,949,103491,California
Yolo,2021-04-23,2581,168290,1495,76742,1086,86801,0,4747,1156,36478,1415,68169,1156,104647,California
Yolo,2021-04-24,1152,169442,630,77372,520,87321,2,4749,454,36244,690,68859,456,105103,California
Yolo,2021-04-25,943,170385,402,77774,541,87862,0,4749,722,36746,220,69079,722,105825,California
Yolo,2021-04-26,1158,171543,435,78209,720,88582,3,4752,473,36540,683,69762,477,106302,California
Yolo,2021-04-27,1454,172997,665,78874,780,89362,9,4761,557,36211,897,70659,568,106870,California
Yolo,2021-04-28,2009,175006,994,79868,988,90350,27,4788,703,35638,1303,71962,730,107600,California
Yolo,2021-04-29,1525,176531,691,80559,751,91101,83,4871,550,35297,974,72936,633,108233,California
Yolo,2021-04-30,1964,178495,955,81514,956,92057,53,4924,941,35274,1017,73953,994,109227,California
Yolo,2021-05-01,777,179272,492,82006,265,92322,20,4944,302,35121,475,74428,322,109549,California
Yolo,2021-05-02,488,179760,401,82407,65,92387,22,4966,316,35287,172,74600,338,109887,California
Yolo,2021-05-03,1067,180827,353,82760,681,93068,33,4999,283,34821,781,75381,315,110202,California
Yolo,2021-05-04,1300,182127,565,83325,725,93793,10,5009,427,34389,869,76250,437,110639,California
Yolo,2021-05-05,1332,183459,266,83591,1018,94811,48,5057,372,33856,953,77203,420,111059,California
Yolo,2021-05-06,1116,184575,511,84102,545,95356,60,5117,318,33439,795,77998,378,111437,California
Yuba,2020-12-16,4,4,4,4,0,0,0,0,4,4,0,0,4,4,California
Yuba,2020-12-17,4,8,4,8,0,0,0,0,4,8,0,0,4,8,California
Yuba,2020-12-18,8,16,8,16,0,0,0,0,8,16,0,0,8,16,California
Yuba,2020-12-19,12,28,12,28,0,0,0,0,12,28,0,0,12,28,California
Yuba,2020-12-20,20,48,20,48,0,0,0,0,20,48,0,0,20,48,California
Yuba,2020-12-21,40,88,40,88,0,0,0,0,40,88,0,0,40,88,California
Yuba,2020-12-22,86,174,86,174,0,0,0,0,86,174,0,0,86,174,California
Yuba,2020-12-23,64,238,62,236,2,2,0,0,64,238,0,0,64,238,California
Yuba,2020-12-24,20,258,10,246,10,12,0,0,20,258,0,0,20,258,California
Yuba,2020-12-26,15,273,13,259,2,14,0,0,15,273,0,0,15,273,California
Yuba,2020-12-27,15,288,15,274,0,14,0,0,15,288,0,0,15,288,California
Yuba,2020-12-28,51,339,35,309,16,30,0,0,51,339,0,0,51,339,California
Yuba,2020-12-29,75,414,10,319,65,95,0,0,75,414,0,0,75,414,California
Yuba,2020-12-30,64,478,20,339,44,139,0,0,64,478,0,0,64,478,California
Yuba,2020-12-31,38,516,7,346,31,170,0,0,38,516,0,0,38,516,California
Yuba,2021-01-02,23,539,22,368,1,171,0,0,23,539,0,0,23,539,California
Yuba,2021-01-03,10,549,6,374,4,175,0,0,10,549,0,0,10,549,California
Yuba,2021-01-04,90,639,21,395,69,244,0,0,90,639,0,0,90,639,California
Yuba,2021-01-05,70,709,38,433,32,276,0,0,69,707,1,1,69,708,California
Yuba,2021-01-06,154,863,76,509,78,354,0,0,148,849,6,7,148,856,California
Yuba,2021-01-07,75,938,19,528,56,410,0,0,72,917,4,11,72,928,California
Yuba,2021-01-08,73,1011,25,553,48,458,0,0,66,976,7,18,66,994,California
Yuba,2021-01-09,19,1030,16,569,3,461,0,0,11,979,8,26,11,1005,California
Yuba,2021-01-10,117,1147,22,591,95,556,0,0,95,1052,22,48,95,1100,California
Yuba,2021-01-11,72,1219,50,641,22,578,0,0,32,1044,40,88,32,1132,California
Yuba,2021-01-12,107,1326,77,718,30,608,0,0,42,1021,65,153,42,1174,California
Yuba,2021-01-13,119,1445,72,790,47,655,0,0,54,1011,64,217,54,1228,California
Yuba,2021-01-14,109,1554,43,833,66,721,0,0,97,1096,12,229,97,1325,California
Yuba,2021-01-15,206,1760,88,921,118,839,0,0,195,1280,11,240,195,1520,California
Yuba,2021-01-16,184,1944,21,942,163,1002,0,0,172,1439,13,253,172,1692,California
Yuba,2021-01-17,13,1957,9,951,4,1006,0,0,7,1440,6,259,7,1699,California
Yuba,2021-01-18,60,2017,32,983,28,1034,0,0,35,1450,25,284,35,1734,California
Yuba,2021-01-19,80,2097,29,1012,51,1085,0,0,65,1500,15,299,65,1799,California
Yuba,2021-01-20,133,2230,87,1099,46,1131,0,0,110,1587,23,322,110,1909,California
Yuba,2021-01-21,212,2442,96,1195,116,1247,0,0,204,1783,8,330,204,2113,California
Yuba,2021-01-22,103,2545,6,1201,97,1344,0,0,94,1868,9,339,94,2207,California
Yuba,2021-01-23,200,2745,7,1208,193,1537,0,0,197,2062,3,342,197,2404,California
Yuba,2021-01-24,10,2755,7,1215,3,1540,0,0,8,2068,2,344,8,2412,California
Yuba,2021-01-25,84,2839,28,1243,56,1596,0,0,53,2091,30,374,53,2465,California
Yuba,2021-01-26,148,2987,39,1282,109,1705,0,0,90,2123,58,432,90,2555,California
Yuba,2021-01-27,183,3170,128,1410,55,1760,0,0,115,2170,68,500,115,2670,California
Yuba,2021-01-28,217,3387,79,1489,138,1898,0,0,175,2303,42,542,175,2845,California
Yuba,2021-01-29,159,3546,56,1545,103,2001,0,0,112,2368,47,589,112,2957,California
Yuba,2021-01-30,410,3956,23,1568,387,2388,0,0,399,2756,11,600,399,3356,California
Yuba,2021-01-31,17,3973,12,1580,5,2393,0,0,15,2769,2,602,15,3371,California
Yuba,2021-02-01,155,4128,75,1655,80,2473,0,0,131,2878,23,625,132,3503,California
Yuba,2021-02-02,123,4251,23,1678,100,2573,0,0,101,2957,22,647,101,3604,California
Yuba,2021-02-03,226,4477,29,1707,197,2770,0,0,114,2960,111,758,114,3718,California
Yuba,2021-02-04,295,4772,120,1827,175,2945,0,0,252,3169,43,801,252,3970,California
Yuba,2021-02-05,147,4919,32,1859,115,3060,0,0,71,3164,76,877,71,4041,California
Yuba,2021-02-06,449,5368,26,1885,423,3483,0,0,441,3597,8,885,441,4482,California
Yuba,2021-02-07,18,5386,11,1896,7,3490,0,0,15,3609,3,888,15,4497,California
Yuba,2021-02-08,96,5482,35,1931,61,3551,0,0,66,3645,30,918,66,4563,California
Yuba,2021-02-09,153,5635,55,1986,98,3649,0,0,84,3660,69,987,84,4647,California
Yuba,2021-02-10,352,5987,172,2158,180,3829,0,0,114,3537,237,1224,114,4761,California
Yuba,2021-02-11,396,6383,63,2221,333,4162,0,0,299,3741,95,1319,299,5060,California
Yuba,2021-02-12,265,6648,27,2248,238,4400,0,0,151,3778,114,1433,151,5211,California
Yuba,2021-02-13,435,7083,35,2283,400,4800,0,0,387,4117,48,1481,387,5598,California
Yuba,2021-02-14,54,7137,11,2294,43,4843,0,0,49,4161,5,1486,49,5647,California
Yuba,2021-02-15,87,7224,36,2330,51,4894,0,0,68,4210,19,1505,68,5715,California
Yuba,2021-02-16,199,7423,53,2383,146,5040,0,0,140,4292,58,1563,140,5855,California
Yuba,2021-02-17,372,7795,156,2539,216,5256,0,0,99,4119,272,1835,99,5954,California
Yuba,2021-02-18,317,8112,46,2585,271,5527,0,0,194,4190,123,1958,194,6148,California
Yuba,2021-02-19,225,8337,83,2668,142,5669,0,0,142,4249,83,2041,142,6290,California
Yuba,2021-02-20,389,8726,30,2698,359,6028,0,0,335,4530,54,2095,335,6625,California
Yuba,2021-02-21,17,8743,14,2712,3,6031,0,0,7,4527,10,2105,7,6632,California
Yuba,2021-02-22,128,8871,79,2791,49,6080,0,0,38,4476,89,2194,38,6670,California
Yuba,2021-02-23,113,8984,25,2816,88,6168,0,0,46,4456,66,2260,46,6716,California
Yuba,2021-02-24,481,9465,135,2951,346,6514,0,0,107,4189,374,2634,107,6823,California
Yuba,2021-02-25,337,9802,133,3084,204,6718,0,0,208,4268,129,2763,208,7031,California
Yuba,2021-02-26,256,10058,67,3151,189,6907,0,0,143,4300,111,2874,143,7174,California
Yuba,2021-02-27,472,10530,47,3198,425,7332,0,0,383,4596,87,2961,383,7557,California
Yuba,2021-02-28,66,10596,21,3219,45,7377,0,0,45,4620,21,2982,45,7602,California
Yuba,2021-03-01,156,10752,40,3259,116,7493,0,0,80,4625,75,3057,80,7682,California
Yuba,2021-03-02,159,10911,36,3295,123,7616,0,0,79,4624,80,3137,79,7761,California
Yuba,2021-03-03,622,11533,159,3454,463,8079,0,0,200,4403,421,3558,200,7961,California
Yuba,2021-03-04,466,11999,270,3724,196,8275,0,0,325,4588,140,3698,325,8286,California
Yuba,2021-03-05,317,12316,60,3784,256,8531,1,1,249,4770,68,3766,250,8536,California
Yuba,2021-03-06,474,12790,35,3819,435,8966,4,5,368,5036,106,3872,372,8908,California
Yuba,2021-03-07,49,12839,27,3846,21,8987,1,6,33,5054,16,3888,34,8942,California
Yuba,2021-03-08,160,12999,49,3895,95,9082,16,22,101,5112,59,3947,117,9059,California
Yuba,2021-03-09,175,13174,46,3941,110,9192,19,41,83,5122,92,4039,102,9161,California
Yuba,2021-03-10,736,13910,233,4174,473,9665,30,71,232,4881,503,4542,262,9423,California
Yuba,2021-03-11,428,14338,187,4361,229,9894,12,83,295,5055,133,4675,307,9730,California
Yuba,2021-03-12,461,14799,86,4447,321,10215,54,137,150,4948,311,4986,204,9934,California
Yuba,2021-03-13,455,15254,335,4782,105,10320,15,152,361,5231,93,5079,376,10310,California
Yuba,2021-03-14,107,15361,21,4803,76,10396,10,162,46,5227,60,5139,56,10366,California
Yuba,2021-03-15,190,15551,49,4852,124,10520,17,179,96,5246,94,5233,113,10479,California
Yuba,2021-03-16,290,15841,71,4923,194,10714,25,204,177,5336,112,5345,202,10681,California
Yuba,2021-03-17,739,16580,162,5085,548,11262,29,233,193,5014,544,5889,222,10903,California
Yuba,2021-03-18,571,17151,150,5235,309,11571,112,345,349,5252,222,6111,460,11363,California
Yuba,2021-03-19,325,17476,120,5355,156,11727,49,394,186,5349,138,6249,235,11598,California
Yuba,2021-03-20,555,18031,81,5436,456,12183,18,412,475,5763,79,6328,493,12091,California
Yuba,2021-03-21,60,18091,35,5471,25,12208,0,412,48,5799,12,6340,48,12139,California
Yuba,2021-03-22,190,18281,70,5541,113,12321,7,419,148,5912,42,6382,155,12294,California
Yuba,2021-03-23,264,18545,80,5621,157,12478,27,446,177,6031,85,6467,204,12498,California
Yuba,2021-03-24,767,19312,254,5875,432,12910,81,527,188,5722,577,7044,268,12766,California
Yuba,2021-03-25,497,19809,263,6138,212,13122,22,549,244,5735,253,7297,266,13032,California
Yuba,2021-03-26,390,20199,143,6281,220,13342,27,576,224,5821,165,7462,251,13283,California
Yuba,2021-03-27,460,20659,27,6308,430,13772,3,579,405,6174,54,7516,407,13690,California
Yuba,2021-03-28,99,20758,40,6348,55,13827,4,583,37,6153,62,7578,41,13731,California
Yuba,2021-03-29,295,21053,86,6434,177,14004,32,615,179,6248,116,7694,211,13942,California
Yuba,2021-03-30,274,21327,68,6502,198,14202,8,623,191,6364,83,7777,199,14141,California
Yuba,2021-03-31,667,21994,113,6615,542,14744,12,635,237,6184,429,8206,249,14390,California
Yuba,2021-04-01,614,22608,282,6897,303,15047,29,664,281,6161,333,8539,310,14700,California
Yuba,2021-04-02,493,23101,94,6991,316,15363,83,747,187,6125,305,8844,269,14969,California
Yuba,2021-04-03,653,23754,55,7046,116,15479,482,1229,87,6129,565,9409,569,15538,California
Yuba,2021-04-04,58,23812,11,7057,41,15520,6,1235,33,6143,25,9434,39,15577,California
Yuba,2021-04-05,244,24056,78,7135,146,15666,20,1255,123,6166,119,9553,142,15719,California
Yuba,2021-04-06,354,24410,114,7249,179,15845,61,1316,170,6214,183,9736,231,15950,California
Yuba,2021-04-07,770,25180,396,7645,321,16166,53,1369,346,6191,421,10157,398,16348,California
Yuba,2021-04-08,721,25901,288,7933,171,16337,262,1631,255,6242,465,10622,516,16864,California
Yuba,2021-04-09,390,26291,169,8102,157,16494,64,1695,158,6233,231,10853,222,17086,California
Yuba,2021-04-10,594,26885,73,8175,74,16568,447,2142,72,6231,520,11373,518,17604,California
Yuba,2021-04-11,96,26981,20,8195,64,16632,12,2154,37,6221,59,11432,49,17653,California
Yuba,2021-04-12,210,27191,46,8241,135,16767,29,2183,80,6201,129,11561,109,17762,California
Yuba,2021-04-13,394,27585,100,8341,294,17061,0,2183,202,6212,191,11752,202,17964,California
Yuba,2021-04-14,692,28277,109,8450,583,17644,0,2183,118,5757,573,12325,118,18082,California
Yuba,2021-04-15,330,28607,123,8573,207,17851,0,2183,144,5715,186,12511,144,18226,California
Yuba,2021-04-16,331,28938,101,8674,230,18081,0,2183,179,5742,152,12663,179,18405,California
Yuba,2021-04-17,392,29330,55,8729,337,18418,0,2183,321,5993,70,12733,321,18726,California
Yuba,2021-04-18,52,29382,9,8738,43,18461,0,2183,24,5989,28,12761,24,18750,California
Yuba,2021-04-19,245,29627,102,8840,143,18604,0,2183,104,5952,141,12902,104,18854,California
Yuba,2021-04-20,301,29928,78,8918,223,18827,0,2183,175,6003,125,13027,176,19030,California
Yuba,2021-04-21,705,30633,287,9205,418,19245,0,2183,304,5906,401,13428,304,19334,California
Yuba,2021-04-22,314,30947,120,9325,194,19439,0,2183,180,5952,134,13562,180,19514,California
Yuba,2021-04-23,335,31282,106,9431,229,19668,0,2183,162,5941,173,13735,162,19676,California
Yuba,2021-04-24,216,31498,68,9499,148,19816,0,2183,123,5971,93,13828,123,19799,California
Yuba,2021-04-25,74,31572,30,9529,44,19860,0,2183,37,5971,37,13865,37,19836,California
Yuba,2021-04-26,217,31789,47,9576,166,20026,4,2187,99,5956,118,13983,103,19939,California
Yuba,2021-04-27,458,32247,149,9725,299,20325,10,2197,225,5960,231,14214,235,20174,California
Yuba,2021-04-28,430,32677,174,9899,251,20576,5,2202,144,5829,280,14494,149,20323,California
Yuba,2021-04-29,421,33098,63,9962,357,20933,1,2203,142,5694,278,14772,143,20466,California
Yuba,2021-04-30,322,33420,87,10049,206,21139,29,2232,138,5679,182,14954,167,20633,California
Yuba,2021-05-01,199,33619,91,10140,90,21229,18,2250,87,5673,111,15065,105,20738,California
Yuba,2021-05-02,64,33683,34,10174,26,21255,4,2254,37,5687,27,15092,41,20779,California
Yuba,2021-05-03,128,33811,52,10226,68,21323,8,2262,43,5656,82,15174,51,20830,California
Yuba,2021-05-04,220,34031,54,10280,148,21471,18,2280,108,5670,112,15286,126,20956,California
Yuba,2021-05-05,242,34273,35,10315,207,21678,0,2280,79,5586,163,15449,79,21035,California
Yuba,2021-05-06,157,34430,60,10375,64,21742,33,2313,49,5563,105,15554,82,21117,California
