county,administered_date,total_doses,cumulative_total_doses,pfizer_doses,cumulative_pfizer_doses,moderna_doses,cumulative_moderna_doses,jj_doses,cumulative_jj_doses,partially_vaccinated,total_partially_vaccinated,fully_vaccinated,cumulative_fully_vaccinated,at_least_one_dose,cumulative_at_least_one_dose,california_flag
All CA Counties,2020-12-15,1149,1149,1149,1149,0,0,0,0,1149,1149,0,0,1149,1149,
All CA Counties,2020-12-16,8439,9588,8439,9588,0,0,0,0,8439,9588,0,0,8439,9588,
All CA Counties,2020-12-17,26412,36000,26412,36000,0,0,0,0,26414,36002,0,0,26414,36002,
All CA Counties,2020-12-18,44941,80941,44885,80885,56,56,0,0,44941,80942,1,1,44941,80943,
All CA Counties,2020-12-19,25322,106263,25296,106181,26,82,0,0,25321,106262,1,2,25321,106264,
All CA Counties,2020-12-20,19009,125272,18980,125161,29,111,0,0,19008,125269,1,3,19008,125272,
All CA Counties,2020-12-21,49647,174919,49556,174717,91,202,0,0,49648,174915,3,6,49649,174921,
All CA Counties,2020-12-22,50039,224958,47905,222622,2134,2336,0,0,50033,224946,2,8,50033,224954,
All CA Counties,2020-12-23,50578,275536,41780,264402,8798,11134,0,0,50571,275515,5,13,50574,275528,
All CA Counties,2020-12-24,24067,299603,16329,280731,7738,18872,0,0,24061,299573,5,18,24063,299591,
All CA Counties,2020-12-25,2342,301945,2018,282749,324,19196,0,0,2342,301915,0,18,2342,301933,
All CA Counties,2020-12-26,14588,316533,9437,292186,5151,24347,0,0,14586,316499,2,20,14586,316519,
All CA Counties,2020-12-27,9445,325978,5594,297780,3851,28198,0,0,9442,325938,3,23,9442,325961,
All CA Counties,2020-12-28,46025,372003,29475,327255,16550,44748,0,0,46022,371957,3,26,46022,371983,
All CA Counties,2020-12-29,51244,423247,28562,355817,22682,67430,0,0,51238,423191,4,30,51238,423221,
All CA Counties,2020-12-30,63060,486307,35609,391426,27451,94881,0,0,63049,486234,9,39,63052,486273,
All CA Counties,2020-12-31,29521,515828,10915,402341,18606,113487,0,0,29502,515720,17,56,29503,515776,
All CA Counties,2021-01-01,4422,520250,2001,404342,2421,115908,0,0,4414,520127,7,63,4414,520190,
All CA Counties,2021-01-02,18505,538755,10236,414578,8269,124177,0,0,18504,538631,0,63,18504,538694,
All CA Counties,2021-01-03,6189,544944,3501,418079,2688,126865,0,0,6156,544774,13,76,6156,544850,
All CA Counties,2021-01-04,43641,588585,22074,440153,21567,148432,0,0,43563,588297,40,116,43563,588413,
All CA Counties,2021-01-05,56639,645224,29850,470003,26789,175221,0,0,51088,633984,5495,5611,51182,639595,
All CA Counties,2021-01-06,73487,718711,40554,510557,32933,208154,0,0,57895,676506,15411,21022,57933,697528,
All CA Counties,2021-01-07,92170,810881,52417,562974,39753,247907,0,0,61072,706710,30926,51948,61130,758658,
All CA Counties,2021-01-08,106885,917766,64191,627165,42694,290601,0,0,65180,730395,41563,93511,65248,823906,
All CA Counties,2021-01-09,44449,962215,25566,652731,18883,309484,0,0,27833,741669,16586,110097,27860,851766,
All CA Counties,2021-01-10,24345,986560,14871,667602,9474,318958,0,0,13101,743562,11227,121324,13120,864886,
All CA Counties,2021-01-11,104641,1091201,69613,737215,35028,353986,0,0,60706,760551,43891,165215,60880,925766,
All CA Counties,2021-01-12,113775,1204976,67366,804581,46409,400395,0,0,72509,792172,41163,206378,72784,998550,
All CA Counties,2021-01-13,119469,1324445,62010,866591,57459,457854,0,0,85528,844030,33853,240231,85711,1084261,
All CA Counties,2021-01-14,124166,1448611,49840,916431,74326,532180,0,0,104445,929139,19618,259849,104727,1188988,
All CA Counties,2021-01-15,142287,1590898,52022,968453,90265,622445,0,0,127112,1041470,15083,274932,127414,1316402,
All CA Counties,2021-01-16,80649,1671547,27422,995875,53227,675672,0,0,73048,1107014,7572,282504,73116,1389518,
All CA Counties,2021-01-17,48296,1719843,16890,1012765,31406,707078,0,0,44627,1148031,3657,286161,44674,1434192,
All CA Counties,2021-01-18,88275,1808118,46101,1058866,42174,749252,0,0,68931,1197865,19267,305428,69101,1503293,
All CA Counties,2021-01-19,142231,1950349,73754,1132620,68477,817729,0,0,110995,1278057,31139,336567,111331,1614624,
All CA Counties,2021-01-20,161011,2111360,82193,1214813,78818,896547,0,0,127275,1372103,33511,370078,127557,1742181,
All CA Counties,2021-01-21,174181,2285541,77204,1292017,96977,993524,0,0,154979,1508489,18981,389059,155367,1897548,
All CA Counties,2021-01-22,170080,2455621,69394,1361411,100686,1094210,0,0,155725,1650153,14215,403274,155879,2053427,
All CA Counties,2021-01-23,111597,2567218,49543,1410954,62054,1156264,0,0,99037,1736808,12502,415776,99157,2152584,
All CA Counties,2021-01-24,60978,2628196,29472,1440426,31506,1187770,0,0,56312,1788549,4635,420411,56376,2208960,
All CA Counties,2021-01-25,145425,2773621,65452,1505878,79973,1267743,0,0,110144,1863916,35148,455559,110515,2319475,
All CA Counties,2021-01-26,169514,2943135,83214,1589092,86300,1354043,0,0,131814,1958454,37562,493121,132100,2451575,
All CA Counties,2021-01-27,183148,3126283,88130,1677222,95018,1449061,0,0,143592,2063056,39228,532349,143830,2595405,
All CA Counties,2021-01-28,188701,3314984,87122,1764344,101579,1550640,0,0,154390,2183685,34017,566366,154646,2750051,
All CA Counties,2021-01-29,184502,3499486,88713,1853057,95789,1646429,0,0,149650,2299292,34272,600638,149879,2899930,
All CA Counties,2021-01-30,124087,3623573,55997,1909054,68090,1714519,0,0,108597,2392719,15319,615957,108746,3008676,
All CA Counties,2021-01-31,69377,3692950,38902,1947956,30475,1744994,0,0,64561,2452571,4766,620723,64618,3073294,
All CA Counties,2021-02-01,162057,3855007,75991,2023947,86066,1831060,0,0,121271,2533361,40615,661338,121405,3194699,
All CA Counties,2021-02-02,185514,4040521,78137,2102084,107377,1938437,0,0,140995,2630346,44234,705572,141219,3335918,
All CA Counties,2021-02-03,211031,4251552,95576,2197660,115455,2053892,0,0,156589,2733246,53943,759515,156843,3492761,
All CA Counties,2021-02-04,228019,4479571,99920,2297580,128099,2181991,0,0,167357,2840846,60121,819636,167721,3660482,
All CA Counties,2021-02-05,246400,4725971,106576,2404156,139824,2321815,0,0,167476,2930750,78117,897753,168021,3828503,
All CA Counties,2021-02-06,155194,4881165,75219,2479375,79975,2401790,0,0,120374,3016968,34651,932404,120869,3949372,
All CA Counties,2021-02-07,67190,4948355,43558,2522933,23632,2425422,0,0,50735,3051781,16374,948778,51187,4000559,
All CA Counties,2021-02-08,181700,5130055,89665,2612598,92035,2517457,0,0,120044,3111362,61216,1009994,120797,4121356,
All CA Counties,2021-02-09,211655,5341710,102434,2715032,109221,2626678,0,0,126928,3155176,84268,1094262,128082,4249438,
All CA Counties,2021-02-10,248871,5590581,119937,2834969,128934,2755612,0,0,138209,3185022,109846,1204108,139692,4389130,
All CA Counties,2021-02-11,265860,5856441,131710,2966679,134150,2889762,0,0,145329,3212751,119397,1323505,147126,4536256,
All CA Counties,2021-02-12,272643,6129084,119470,3086149,153173,3042935,0,0,147146,3237667,124610,1448115,149526,4685782,
All CA Counties,2021-02-13,166839,6295923,77393,3163542,89446,3132381,0,0,92139,3257435,74323,1522438,94091,4779873,
All CA Counties,2021-02-14,95380,6391303,47461,3211003,47919,3180300,0,0,51603,3266978,43604,1566042,53147,4833020,
All CA Counties,2021-02-15,142556,6533859,62552,3273555,80004,3260304,0,0,78818,3285562,63360,1629402,81944,4914964,
All CA Counties,2021-02-16,249322,6783181,118419,3391974,130903,3391207,0,0,133214,3306156,115723,1745125,136317,5051281,
All CA Counties,2021-02-17,259499,7042680,129216,3521190,130283,3521490,0,0,129087,3308596,129857,1874982,132297,5183578,
All CA Counties,2021-02-18,273287,7315967,142617,3663807,130670,3652160,0,0,132038,3304344,140521,2015503,136269,5319847,
All CA Counties,2021-02-19,253659,7569626,147184,3810991,106475,3758635,0,0,130755,3314804,122393,2137896,132853,5452700,
All CA Counties,2021-02-20,154037,7723663,98701,3909692,55336,3813971,0,0,84639,3332307,69123,2207019,86626,5539326,
All CA Counties,2021-02-21,83054,7806717,68797,3978489,14257,3828228,0,0,41707,3334478,41087,2248106,43258,5582584,
All CA Counties,2021-02-22,165099,7971816,110600,4089089,54499,3882727,0,0,82615,3336672,82150,2330256,84344,5666928,
All CA Counties,2021-02-23,226769,8198585,120005,4209094,106764,3989491,0,0,105621,3327752,120535,2450791,111615,5778543,
All CA Counties,2021-02-24,284395,8482980,143880,4352974,140515,4130006,0,0,135023,3321589,148735,2599526,142572,5921115,
All CA Counties,2021-02-25,323162,8806142,159493,4512467,163669,4293675,0,0,169260,3346209,153197,2752723,177817,6098932,
All CA Counties,2021-02-26,357677,9163819,166793,4679260,190884,4484559,0,0,199118,3394982,157627,2910350,206400,6305332,
All CA Counties,2021-02-27,253865,9417684,123661,4802921,130181,4614740,23,23,144169,3434527,109060,3019410,148605,6453937,
All CA Counties,2021-02-28,135381,9553065,81247,4884168,54123,4668863,11,34,79577,3461595,55360,3074770,82428,6536365,
All CA Counties,2021-03-01,244680,9797745,130686,5014854,113874,4782737,120,154,140990,3503819,102897,3177667,145121,6681486,
All CA Counties,2021-03-02,289861,10087606,146611,5161465,143223,4925960,27,181,174741,3570892,114587,3292254,181660,6863146,
All CA Counties,2021-03-03,334945,10422551,166846,5328311,168036,5093996,63,244,193458,3630930,140780,3433034,200818,7063964,
All CA Counties,2021-03-04,353078,10775629,178490,5506801,174494,5268490,94,338,207511,3700770,144797,3577831,214637,7278601,
All CA Counties,2021-03-05,340261,11115890,167341,5674142,171793,5440283,1127,1465,211752,3793236,127681,3705512,220147,7498748,
All CA Counties,2021-03-06,259858,11375748,133450,5807592,118551,5558834,7857,9322,161643,3869656,97787,3803299,174207,7672955,
All CA Counties,2021-03-07,128062,11503810,78665,5886257,45237,5604071,4160,13482,80276,3910174,47595,3850894,88113,7761068,
All CA Counties,2021-03-08,219491,11723301,106547,5992804,102439,5706510,10505,23987,143686,3993934,75395,3926289,159155,7920223,
All CA Counties,2021-03-09,291983,12015284,139600,6132404,136439,5842949,15944,39931,163897,4050233,127590,4053879,183889,8104112,
All CA Counties,2021-03-10,323096,12338380,161164,6293568,137455,5980404,24477,64408,175203,4106862,147216,4201095,203845,8307957,
All CA Counties,2021-03-11,376859,12715239,182188,6475756,161347,6141751,33324,97732,193639,4155771,182260,4383355,231169,8539126,
All CA Counties,2021-03-12,395648,13110887,176829,6652585,172505,6314256,46314,144046,194152,4199759,200668,4584023,244656,8783782,
All CA Counties,2021-03-13,283885,13394772,124974,6777559,127735,6441991,31176,175222,153358,4258504,130065,4714088,188810,8972592,
All CA Counties,2021-03-14,155104,13549876,83383,6860942,56617,6498608,15104,190326,78650,4278365,76156,4790244,96017,9068609,
All CA Counties,2021-03-15,290987,13840863,139071,7000013,131298,6629906,20618,210944,158239,4328639,131980,4922224,182254,9250863,
All CA Counties,2021-03-16,370561,14211424,174080,7174093,179181,6809087,17300,228244,214730,4408799,155069,5077293,235229,9486092,
All CA Counties,2021-03-17,385096,14596520,190817,7364910,175604,6984691,18675,246919,238500,4522768,145734,5223027,259703,9745795,
All CA Counties,2021-03-18,401041,14997561,205399,7570309,177597,7162288,18045,264964,237670,4618369,162262,5385289,257863,10003658,
All CA Counties,2021-03-19,411041,15408602,216079,7786388,173325,7335613,21637,286601,238242,4708517,171807,5557096,261955,10265613,
All CA Counties,2021-03-20,295377,15703979,155457,7941845,124037,7459650,15883,302484,186413,4804055,108263,5665359,203801,10469414,
All CA Counties,2021-03-21,143857,15847836,99445,8041290,36874,7496524,7538,310022,88295,4846100,55178,5720537,97223,10566637,
All CA Counties,2021-03-22,273558,16121394,159321,8200611,103005,7599529,11232,321254,177649,4942920,95109,5815646,191929,10758566,
All CA Counties,2021-03-23,357483,16478877,196759,8397370,149643,7749172,11081,332335,219294,5038642,137248,5952894,232970,10991536,
All CA Counties,2021-03-24,387926,16866803,222111,8619481,153288,7902460,12527,344862,225518,5117623,161159,6114053,240140,11231676,
All CA Counties,2021-03-25,418225,17285028,230454,8849935,172882,8075342,14889,359751,236745,5191270,180141,6294194,253788,11485464,
All CA Counties,2021-03-26,435297,17720325,232878,9082813,186315,8261657,16104,375855,234871,5245906,199185,6493379,253821,11739285,
All CA Counties,2021-03-27,312973,18033298,166546,9249359,134649,8396306,11778,387633,157613,5263019,154527,6647906,171640,11910925,
All CA Counties,2021-03-28,169477,18202775,109132,9358491,56757,8453063,3588,391221,88501,5276760,80517,6728423,94258,12005183,
All CA Counties,2021-03-29,310495,18513270,167157,9525648,134277,8587340,9061,400282,172629,5323881,137076,6865499,184197,12189380,
All CA Counties,2021-03-30,398669,18911939,201983,9727631,178441,8765781,18245,418527,224226,5394483,173632,7039131,244234,12433614,
All CA Counties,2021-03-31,426492,19338431,232111,9959742,172689,8938470,21692,440219,237229,5466212,188203,7227334,259932,12693546,
All CA Counties,2021-04-01,492469,19830900,252239,10211981,199912,9138382,40318,480537,271217,5559058,219817,7447151,312663,13006209,
All CA Counties,2021-04-02,473995,20304895,231141,10443122,199650,9338032,43204,523741,257458,5646052,215275,7662426,302269,13308478,
All CA Counties,2021-04-03,329777,20634672,168031,10611153,120259,9458291,41487,565228,164460,5688469,164646,7827072,207063,13515541,
All CA Counties,2021-04-04,132569,20767241,69149,10680302,44352,9502643,19068,584296,58059,5691544,74198,7901270,77273,13592814,
All CA Counties,2021-04-05,353453,21120694,182182,10862484,131518,9634161,39753,624049,174143,5729270,178593,8079863,216319,13809133,
All CA Counties,2021-04-06,457614,21578308,231932,11094416,160114,9794275,65568,689617,221925,5783917,234732,8314595,289379,14098512,
All CA Counties,2021-04-07,472514,22050822,245261,11339677,157264,9951539,69989,759606,230290,5843928,241249,8555844,301260,14399772,
All CA Counties,2021-04-08,500200,22551022,252233,11591910,163524,10115063,84443,844049,235753,5903096,263231,8819075,322399,14722171,
All CA Counties,2021-04-09,495017,23046039,246725,11838635,168401,10283464,79891,923940,228294,5948721,265616,9084691,311241,15033412,
All CA Counties,2021-04-10,368014,23414053,168409,12007044,125274,10408738,74331,998271,154534,5967538,212707,9297398,231524,15264936,
All CA Counties,2021-04-11,187716,23601769,105332,12112376,48183,10456921,34201,1032472,77729,5972663,109627,9407025,114752,15379688,
All CA Counties,2021-04-12,340326,23942095,174676,12287052,127470,10584391,38180,1070652,157806,5990684,181530,9588555,199551,15579239,
All CA Counties,2021-04-13,433625,24375720,242662,12529714,190004,10774395,959,1071611,242594,6047392,190002,9778557,246710,15825949,
All CA Counties,2021-04-14,453476,24829196,254155,12783869,199029,10973424,292,1071903,236669,6073506,215603,9994160,241717,16067666,
All CA Counties,2021-04-15,493632,25322828,287464,13071333,205881,11179305,287,1072190,277290,6139382,214883,10209043,280759,16348425,
All CA Counties,2021-04-16,476729,25799557,268257,13339590,208163,11387468,309,1072499,254817,6176776,220682,10429725,258076,16606501,
All CA Counties,2021-04-17,342195,26141752,191556,13531146,150575,11538043,64,1072563,194517,6227870,146834,10576559,197928,16804429,
All CA Counties,2021-04-18,154730,26296482,98282,13629428,56430,11594473,18,1072581,79597,6235892,74721,10651280,82743,16887172,
All CA Counties,2021-04-19,317615,26614097,183331,13812759,134192,11728665,92,1072673,150157,6221506,166552,10817832,152166,17039338,
All CA Counties,2021-04-20,406616,27020713,216391,14029150,190153,11918818,72,1072745,202512,6224113,203066,11020898,205673,17245011,
All CA Counties,2021-04-21,420019,27440732,237993,14267143,181762,12100580,264,1073009,201892,6212700,216700,11237598,205287,17450298,
All CA Counties,2021-04-22,446368,27887100,254313,14521456,191979,12292559,76,1073085,199274,6169548,245710,11483308,202558,17652856,
All CA Counties,2021-04-23,437693,28324793,249202,14770658,188403,12480962,88,1073173,198086,6132851,238198,11721506,201501,17854357,
All CA Counties,2021-04-24,325309,28650102,204854,14975512,120280,12601242,175,1073348,165310,6142565,159032,11880538,168746,18023103,
All CA Counties,2021-04-25,149688,28799790,98646,15074158,50974,12652216,68,1073416,80494,6155838,68732,11949270,82005,18105108,
All CA Counties,2021-04-26,299949,29099739,173302,15247460,125119,12777335,1528,1074944,131338,6125696,167611,12116881,137469,18242577,
All CA Counties,2021-04-27,367246,29466985,202720,15450180,157939,12935274,6587,1081531,147896,6065239,218200,12335081,157743,18400320,
All CA Counties,2021-04-28,352225,29819210,201580,15651760,142736,13078010,7909,1089440,145377,6015112,205745,12540826,155618,18555938,
All CA Counties,2021-04-29,360326,30179536,207478,15859238,144956,13222966,7892,1097332,131813,5929329,227332,12768158,141549,18697487,
All CA Counties,2021-04-30,372670,30552206,213807,16073045,149970,13372936,8893,1106225,140931,5850629,230465,12998623,151765,18849252,
All CA Counties,2021-05-01,247535,30799741,158275,16231320,83203,13456139,6057,1112282,89797,5791813,156888,13155511,98072,18947324,
All CA Counties,2021-05-02,116825,30916566,81643,16312963,31306,13487445,3876,1116158,40901,5761436,75527,13231038,45150,18992474,
All CA Counties,2021-05-03,252156,31168722,155109,16468072,88362,13575807,8685,1124843,76662,5673001,174638,13405676,86203,19078677,
All CA Counties,2021-05-04,325294,31494016,198213,16666285,117339,13693146,9742,1134585,96172,5552017,228057,13633733,107073,19185750,
All CA Counties,2021-05-05,329418,31823434,204706,16870991,114706,13807852,10006,1144591,93056,5420908,235149,13868882,104040,19289790,
All CA Counties,2021-05-06,348243,32171677,227151,17098142,110557,13918409,10535,1155126,88470,5264281,258130,14127012,101503,19391293,
All CA Counties,2021-05-07,345926,32517603,217029,17315171,119070,14037479,9827,1164953,94009,5118790,250555,14377567,105064,19496357,
All CA Counties,2021-05-08,224622,32742225,142384,17457555,75361,14112840,6877,1171830,61801,5027024,161902,14539469,70136,19566493,
All CA Counties,2021-05-09,93277,32835502,70309,17527864,19999,14132839,2969,1174799,25459,4988403,67491,14606960,28870,19595363,
All CA Counties,2021-05-10,201675,33037177,114895,17642759,78956,14211795,7824,1182623,50445,4897539,150432,14757392,59568,19654931,
All CA Counties,2021-05-11,264951,33302128,148564,17791323,107819,14319614,8568,1191191,70422,4784693,193602,14950994,80756,19735687,
All CA Counties,2021-05-12,265182,33567310,153775,17945098,102358,14421972,9049,1200240,75230,4681255,188930,15139924,85492,19821179,
All CA Counties,2021-05-13,308781,33876091,199248,18144346,102225,14524197,7308,1207548,117976,4619563,189698,15329622,128006,19949185,
All CA Counties,2021-05-14,332725,34208816,212759,18357105,111202,14635399,8764,1216312,131420,4561710,200135,15529757,142282,20091467,
All CA Counties,2021-05-15,275656,34484472,192377,18549482,77337,14712736,5942,1222254,113189,4520170,161622,15691379,120082,20211549,
All CA Counties,2021-05-16,136057,34620529,104417,18653899,28725,14741461,2915,1225169,55117,4498097,80503,15771882,58430,20269979,
All CA Counties,2021-05-17,237912,34858441,156567,18810466,73970,14815431,7375,1232544,95689,4460671,141356,15913238,103930,20373909,
All CA Counties,2021-05-18,278975,35137416,169950,18980416,101643,14917074,7382,1239926,110332,4412263,167530,16080768,119122,20493031,
All CA Counties,2021-05-19,273039,35410455,170741,19151157,94797,15011871,7501,1247427,114793,4378448,157224,16237992,123409,20616440,
All CA Counties,2021-05-20,260309,35670764,155514,19306671,96702,15108573,8093,1255520,101659,4332404,157534,16395526,111490,20727930,
All CA Counties,2021-05-21,280090,35950854,172515,19479186,99644,15208217,7931,1263451,108703,4280293,170173,16565699,118062,20845992,
All CA Counties,2021-05-22,201500,36152354,133385,19612571,62023,15270240,6092,1269543,85657,4258339,115071,16680770,93117,20939109,
All CA Counties,2021-05-23,85998,36238352,59783,19672354,23535,15293775,2680,1272223,37578,4251089,48025,16728795,40775,20979884,
All CA Counties,2021-05-24,166210,36404562,96529,19768883,61428,15355203,8253,1280476,62857,4220474,102560,16831355,71945,21051829,
All CA Counties,2021-05-25,188150,36592712,110779,19879662,69423,15424626,7948,1288424,72331,4187045,114830,16946185,81401,21133230,
All CA Counties,2021-05-26,182839,36775551,105280,19984942,69777,15494403,7782,1296206,72200,4158324,109581,17055766,80860,21214090,
All CA Counties,2021-05-27,170801,36946352,97645,20082587,64668,15559071,8488,1304694,69997,4137999,99993,17155759,79668,21293758,
All CA Counties,2021-05-28,186666,37133018,108019,20190606,71632,15630703,7015,1311709,81567,4123685,104200,17259959,89886,21383644,
All CA Counties,2021-05-29,105787,37238805,65021,20255627,37003,15667706,3763,1315472,50673,4124113,54598,17314557,55026,21438670,
All CA Counties,2021-05-30,46755,37285560,30892,20286519,13420,15681126,2443,1317915,21044,4122390,25486,17340043,23763,21462433,
All CA Counties,2021-05-31,19805,37305365,11699,20298218,7129,15688255,977,1318892,6589,4117014,13077,17353120,7701,21470134,
All CA Counties,2021-06-01,166857,37472222,97652,20395870,62219,15750474,6986,1325878,62205,4083528,103712,17456832,70226,21540360,
All CA Counties,2021-06-02,141224,37613446,83638,20479508,50533,15801007,7053,1332931,54820,4060666,85532,17542364,62670,21603030,
All CA Counties,2021-06-03,169410,37782856,116061,20595569,46385,15847392,6964,1339895,53790,4007730,114821,17657185,61885,21664915,
All CA Counties,2021-06-04,197210,37980066,139332,20734901,51804,15899196,6074,1345969,61779,3943147,134432,17791617,69849,21734764,
All CA Counties,2021-06-05,155216,38135282,117492,20852393,32457,15931653,5267,1351236,44754,3884543,109693,17901310,51089,21785853,
All CA Counties,2021-06-06,62903,38198185,53013,20905406,7711,15939364,2179,1353415,18418,3861840,44201,17945511,21498,21807351,
All CA Counties,2021-06-07,134958,38333143,99234,21004640,29901,15969265,5823,1359238,40797,3815736,93581,18039092,47477,21854828,
All CA Counties,2021-06-08,156211,38489354,113591,21118231,35924,16005189,6696,1365934,47503,3763331,107848,18146940,55443,21910271,
All CA Counties,2021-06-09,149886,38639240,109158,21227389,34089,16039278,6639,1372573,41739,3705500,107382,18254322,49551,21959822,
All CA Counties,2021-06-10,143370,38782610,103340,21330729,32930,16072208,7100,1379673,42397,3655932,100275,18354597,50707,22010529,
All CA Counties,2021-06-11,154509,38937119,108670,21439399,39324,16111532,6515,1386188,47968,3605727,105684,18460281,55479,22066008,
All CA Counties,2021-06-12,111453,39048572,84482,21523881,23383,16134915,3588,1389776,31488,3562090,79450,18539731,35813,22101821,
All CA Counties,2021-06-13,42202,39090774,31385,21555266,8862,16143777,1955,1391731,10617,3543709,31352,18571083,12971,22114792,
All CA Counties,2021-06-14,91325,39182099,62156,21617422,23168,16166945,6001,1397732,28997,3517243,61832,18632915,35366,22150158,
All CA Counties,2021-06-15,56979,39239078,38555,21655977,13286,16180231,5138,1402870,17767,3502252,38794,18671709,23803,22173961,
All CA and Non-CA Counties,2020-12-15,1157,1157,1157,1157,0,0,0,0,1157,1157,0,0,1157,1157,
All CA and Non-CA Counties,2020-12-16,8714,9871,8714,9871,0,0,0,0,8714,9871,0,0,8714,9871,
All CA and Non-CA Counties,2020-12-17,28022,37893,28022,37893,0,0,0,0,28022,37893,0,0,28022,37893,
All CA and Non-CA Counties,2020-12-18,47495,85388,47432,85325,63,63,0,0,47494,85386,1,1,47494,85387,
All CA and Non-CA Counties,2020-12-19,26359,111747,26332,111657,27,90,0,0,26358,111743,1,2,26358,111745,
All CA and Non-CA Counties,2020-12-20,19689,131436,19657,131314,32,122,0,0,19688,131430,1,3,19688,131433,
All CA and Non-CA Counties,2020-12-21,51840,183276,51746,183060,94,216,0,0,51837,183265,3,6,51838,183271,
All CA and Non-CA Counties,2020-12-22,52108,235384,49899,232959,2209,2425,0,0,52102,235365,2,8,52102,235373,
All CA and Non-CA Counties,2020-12-23,52119,287503,43176,276135,8943,11368,0,0,52111,287473,6,14,52114,287487,
All CA and Non-CA Counties,2020-12-24,24874,312377,16944,293079,7930,19298,0,0,24868,312338,5,19,24870,312357,
All CA and Non-CA Counties,2020-12-25,2377,314754,2048,295127,329,19627,0,0,2377,314715,0,19,2377,314734,
All CA and Non-CA Counties,2020-12-26,14895,329649,9642,304769,5253,24880,0,0,14893,329606,2,21,14893,329627,
All CA and Non-CA Counties,2020-12-27,9634,339283,5666,310435,3968,28848,0,0,9631,339234,3,24,9631,339258,
All CA and Non-CA Counties,2020-12-28,47438,386721,30375,340810,17063,45911,0,0,47435,386666,3,27,47435,386693,
All CA and Non-CA Counties,2020-12-29,52790,439511,29587,370397,23203,69114,0,0,52784,439446,4,31,52784,439477,
All CA and Non-CA Counties,2020-12-30,64997,504508,36891,407288,28106,97220,0,0,64986,504426,9,40,64989,504466,
All CA and Non-CA Counties,2020-12-31,30627,535135,11518,418806,19109,116329,0,0,30606,535015,18,58,30607,535073,
All CA and Non-CA Counties,2021-01-01,4536,539671,2027,420833,2509,118838,0,0,4528,539536,7,65,4528,539601,
All CA and Non-CA Counties,2021-01-02,18750,558421,10371,431204,8379,127217,0,0,18748,558283,1,66,18748,558349,
All CA and Non-CA Counties,2021-01-03,6361,564782,3592,434796,2769,129986,0,0,6328,564598,13,79,6328,564677,
All CA and Non-CA Counties,2021-01-04,44790,609572,22584,457380,22206,152192,0,0,44707,609264,41,120,44707,609384,
All CA and Non-CA Counties,2021-01-05,58193,667765,30675,488055,27518,179710,0,0,52448,656120,5687,5807,52543,661927,
All CA and Non-CA Counties,2021-01-06,76182,743947,42148,530203,34034,213744,0,0,59851,699862,16147,21954,59889,721816,
All CA and Non-CA Counties,2021-01-07,96386,840333,55020,585223,41366,255110,0,0,63630,730971,32582,54536,63691,785507,
All CA and Non-CA Counties,2021-01-08,111384,951717,67106,652329,44278,299388,0,0,67794,755399,43439,97975,67867,853374,
All CA and Non-CA Counties,2021-01-09,45753,997470,26099,678428,19654,319042,0,0,28810,767325,16913,114888,28839,882213,
All CA and Non-CA Counties,2021-01-10,24646,1022116,15055,693483,9591,328633,0,0,13279,769273,11350,126238,13298,895511,
All CA and Non-CA Counties,2021-01-11,107948,1130064,71644,765127,36304,364937,0,0,62672,786890,45231,171469,62848,958359,
All CA and Non-CA Counties,2021-01-12,117631,1247695,69680,834807,47951,412888,0,0,74817,819282,42706,214175,75098,1033457,
All CA and Non-CA Counties,2021-01-13,123146,1370841,63827,898634,59319,472207,0,0,88013,872435,35046,249221,88199,1121656,
All CA and Non-CA Counties,2021-01-14,127880,1498721,51127,949761,76753,548960,0,0,107510,959979,20254,269475,107798,1229454,
All CA and Non-CA Counties,2021-01-15,146493,1645214,53033,1002794,93460,642420,0,0,130842,1075578,15546,285021,131145,1360599,
All CA and Non-CA Counties,2021-01-16,83340,1728554,27816,1030610,55524,697944,0,0,75563,1143463,7746,292767,75631,1436230,
All CA and Non-CA Counties,2021-01-17,48804,1777358,17045,1047655,31759,729703,0,0,45085,1184888,3707,296474,45132,1481362,
All CA and Non-CA Counties,2021-01-18,89506,1866864,46894,1094549,42612,772315,0,0,69707,1235044,19721,316195,69877,1551239,
All CA and Non-CA Counties,2021-01-19,146356,2013220,75095,1169644,71261,843576,0,0,114221,1317568,32037,348232,114561,1665800,
All CA and Non-CA Counties,2021-01-20,165513,2178733,83682,1253326,81831,925407,0,0,130778,1414125,34507,382739,131064,1796864,
All CA and Non-CA Counties,2021-01-21,178447,2357180,78398,1331724,100049,1025456,0,0,158666,1553641,19545,402284,159061,1955925,
All CA and Non-CA Counties,2021-01-22,174686,2531866,70513,1402237,104173,1129629,0,0,159920,1699096,14621,416905,160076,2116001,
All CA and Non-CA Counties,2021-01-23,113828,2645694,49883,1452120,63945,1193574,0,0,101103,1787652,12667,429572,101223,2217224,
All CA and Non-CA Counties,2021-01-24,61563,2707257,29709,1481829,31854,1225428,0,0,56819,1839821,4714,434286,56883,2274107,
All CA and Non-CA Counties,2021-01-25,149885,2857142,67378,1549207,82507,1307935,0,0,113735,1917915,36013,470299,114107,2388214,
All CA and Non-CA Counties,2021-01-26,175382,3032524,86032,1635239,89350,1397285,0,0,136828,2016618,38418,508717,137121,2525335,
All CA and Non-CA Counties,2021-01-27,188010,3220534,90654,1725893,97356,1494641,0,0,147819,2124821,39859,548576,148062,2673397,
All CA and Non-CA Counties,2021-01-28,193752,3414286,89807,1815700,103945,1598586,0,0,158847,2249322,34603,583179,159104,2832501,
All CA and Non-CA Counties,2021-01-29,189249,3603535,91651,1907351,97598,1696184,0,0,153601,2368088,35065,618244,153831,2986332,
All CA and Non-CA Counties,2021-01-30,128279,3731814,58186,1965537,70093,1766277,0,0,112560,2465248,15550,633794,112710,3099042,
All CA and Non-CA Counties,2021-01-31,72177,3803991,41300,2006837,30877,1797154,0,0,67306,2527791,4821,638615,67364,3166406,
All CA and Non-CA Counties,2021-02-01,167392,3971383,78453,2085290,88939,1886093,0,0,125882,2612475,41332,679947,126016,3292422,
All CA and Non-CA Counties,2021-02-02,192085,4163468,80183,2165473,111902,1997995,0,0,146844,2714594,44949,724896,147068,3439490,
All CA and Non-CA Counties,2021-02-03,218200,4381668,97519,2262992,120681,2118676,0,0,162885,2822925,54809,779705,163140,3602630,
All CA and Non-CA Counties,2021-02-04,234665,4616333,101946,2364938,132719,2251395,0,0,172994,2935163,61121,840826,173359,3775989,
All CA and Non-CA Counties,2021-02-05,253028,4869361,108629,2473567,144399,2395794,0,0,173019,3029530,79197,920023,173564,3949553,
All CA and Non-CA Counties,2021-02-06,159321,5028682,77084,2550651,82237,2478031,0,0,124034,3118952,35110,955133,124532,4074085,
All CA and Non-CA Counties,2021-02-07,69138,5097820,45118,2595769,24020,2502051,0,0,52604,3155557,16453,971586,53058,4127143,
All CA and Non-CA Counties,2021-02-08,186478,5284298,92485,2688254,93993,2596044,0,0,123753,3217789,62274,1033860,124506,4251649,
All CA and Non-CA Counties,2021-02-09,215706,5500004,104138,2792392,111568,2707612,0,0,129675,3263070,85562,1119422,130843,4382492,
All CA and Non-CA Counties,2021-02-10,254271,5754275,121688,2914080,132583,2840195,0,0,141171,3293489,112276,1231698,142695,4525187,
All CA and Non-CA Counties,2021-02-11,270517,6024792,133807,3047887,136710,2976905,0,0,148657,3323245,120716,1352414,150472,4675659,
All CA and Non-CA Counties,2021-02-12,277819,6302611,121358,3169245,156461,3133366,0,0,150487,3349685,126432,1478846,152872,4828531,
All CA and Non-CA Counties,2021-02-13,169173,6471784,78059,3247304,91114,3224480,0,0,93917,3370688,74878,1553724,95881,4924412,
All CA and Non-CA Counties,2021-02-14,96674,6568458,47835,3295139,48839,3273319,0,0,52656,3381049,43841,1597565,54202,4978614,
All CA and Non-CA Counties,2021-02-15,145038,6713496,64029,3359168,81009,3354328,0,0,80034,3399601,64611,1662176,83163,5061777,
All CA and Non-CA Counties,2021-02-16,255577,6969073,121143,3480311,134434,3488762,0,0,135747,3419022,119433,1781609,138854,5200631,
All CA and Non-CA Counties,2021-02-17,265137,7234210,131910,3612221,133227,3621989,0,0,130875,3419411,133701,1915310,134090,5334721,
All CA and Non-CA Counties,2021-02-18,279455,7513665,146061,3758282,133394,3755383,0,0,134073,3413082,144633,2059943,138304,5473025,
All CA and Non-CA Counties,2021-02-19,259212,7772877,150988,3909270,108224,3863607,0,0,133168,3422825,125526,2185469,135269,5608294,
All CA and Non-CA Counties,2021-02-20,157114,7929991,101129,4010399,55985,3919592,0,0,85875,3439728,70960,2256429,87863,5696157,
All CA and Non-CA Counties,2021-02-21,85535,8015526,71060,4081459,14475,3934067,0,0,42536,3441082,42733,2299162,44087,5740244,
All CA and Non-CA Counties,2021-02-22,168430,8183956,112991,4194450,55439,3989506,0,0,84239,3443200,83854,2383016,85972,5826216,
All CA and Non-CA Counties,2021-02-23,232623,8416579,123242,4317692,109381,4098887,0,0,107955,3433116,124047,2507063,113963,5940179,
All CA and Non-CA Counties,2021-02-24,290613,8707192,147269,4464961,143344,4242231,0,0,137475,3425650,152494,2659557,145028,6085207,
All CA and Non-CA Counties,2021-02-25,329894,9037086,162877,4627838,167017,4409248,0,0,172339,3449730,156820,2816377,180900,6266107,
All CA and Non-CA Counties,2021-02-26,364352,9401438,170254,4798092,194098,4603346,0,0,202222,3498120,161115,2977492,209505,6475612,
All CA and Non-CA Counties,2021-02-27,259099,9660537,126195,4924287,132880,4736226,24,24,146049,3536208,112401,3089893,150489,6626101,
All CA and Non-CA Counties,2021-02-28,137598,9798135,82813,5007100,54773,4790999,12,36,80378,3562667,56772,3146665,83231,6709332,
All CA and Non-CA Counties,2021-03-01,249208,10047343,133422,5140522,115665,4906664,121,157,142342,3603084,106062,3252727,146479,6855811,
All CA and Non-CA Counties,2021-03-02,296387,10343730,148930,5289452,147430,5054094,27,184,176800,3667764,119041,3371768,183721,7039532,
All CA and Non-CA Counties,2021-03-03,342696,10686426,169795,5459247,172836,5226930,65,249,196143,3725441,145831,3517599,203508,7243040,
All CA and Non-CA Counties,2021-03-04,359747,11046173,181245,5640492,178402,5405332,100,349,209835,3793287,149123,3666722,216969,7460009,
All CA and Non-CA Counties,2021-03-05,345477,11391650,169939,5810431,174397,5579729,1141,1490,214488,3886039,130153,3796875,222905,7682914,
All CA and Non-CA Counties,2021-03-06,264424,11656074,135546,5945977,120863,5700592,8015,9505,163984,3962743,100011,3896886,176715,7859629,
All CA and Non-CA Counties,2021-03-07,129608,11785682,79651,6025628,45740,5746332,4217,13722,81226,4003675,48190,3945076,89122,7948751,
All CA and Non-CA Counties,2021-03-08,222601,12008283,108400,6134028,103460,5849792,10741,24463,145882,4088989,76280,4021356,161594,8110345,
All CA and Non-CA Counties,2021-03-09,296653,12304936,142014,6276042,138398,5988190,16241,40704,166674,4146472,129480,4150836,186963,8297308,
All CA and Non-CA Counties,2021-03-10,327426,12632362,163247,6439289,139209,6127399,24970,65674,177901,4204675,148840,4299676,207043,8504351,
All CA and Non-CA Counties,2021-03-11,382962,13015324,185303,6624592,163662,6291061,33997,99671,196933,4254750,185062,4484738,235137,8739488,
All CA and Non-CA Counties,2021-03-12,402091,13417415,180718,6805310,174340,6465401,47033,146704,197713,4300148,203539,4688277,248937,8988425,
All CA and Non-CA Counties,2021-03-13,287629,13705044,127148,6932458,128851,6594252,31630,178334,155918,4360734,131242,4819519,191828,9180253,
All CA and Non-CA Counties,2021-03-14,156876,13861920,84300,7016758,57136,6651388,15440,193774,79614,4381088,76964,4896483,97318,9277571,
All CA and Non-CA Counties,2021-03-15,295019,14156939,141190,7157948,132745,6784133,21084,214858,160397,4432121,133849,5030332,184882,9462453,
All CA and Non-CA Counties,2021-03-16,378072,14535011,178448,7336396,181933,6966066,17691,232549,218914,4513527,158394,5188726,239800,9702253,
All CA and Non-CA Counties,2021-03-17,393522,14928533,196280,7532676,178189,7144255,19053,251602,243581,4629613,149077,5337803,265163,9967416,
All CA and Non-CA Counties,2021-03-18,409349,15337882,210533,7743209,180230,7324485,18586,270188,242478,4727073,165752,5503555,263212,10230628,
All CA and Non-CA Counties,2021-03-19,418349,15756231,220416,7963625,175752,7500237,22181,292369,242620,4819221,174733,5678288,266881,10497509,
All CA and Non-CA Counties,2021-03-20,300115,16056346,158587,8122212,125557,7625794,15971,308340,190033,4917364,109367,5787655,207510,10705019,
All CA and Non-CA Counties,2021-03-21,145942,16202288,100878,8223090,37438,7663232,7626,315966,89963,4960750,55593,5843248,98979,10803998,
All CA and Non-CA Counties,2021-03-22,276836,16479124,161294,8384384,104220,7767452,11322,327288,179892,5058879,96132,5939380,194261,10998259,
All CA and Non-CA Counties,2021-03-23,363553,16842677,199847,8584231,152316,7919768,11390,338678,223405,5157077,139192,6078572,237390,11235649,
All CA and Non-CA Counties,2021-03-24,395249,17237926,225854,8810085,156423,8076191,12972,351650,230567,5239283,163426,6241998,245632,11481281,
All CA and Non-CA Counties,2021-03-25,426494,17664420,234288,9044373,176792,8252983,15414,367064,242758,5317225,182384,6424382,260326,11741607,
All CA and Non-CA Counties,2021-03-26,441962,18106382,236389,9280762,189288,8442271,16285,383349,239266,5374192,201429,6625811,258396,12000003,
All CA and Non-CA Counties,2021-03-27,318513,18424895,169650,9450412,136868,8579139,11995,395344,161088,5392936,156586,6782397,175330,12175333,
All CA and Non-CA Counties,2021-03-28,172560,18597455,110784,9561196,58027,8637166,3749,399093,90495,5407748,81601,6863998,96413,12271746,
All CA and Non-CA Counties,2021-03-29,315686,18913141,169461,9730657,136818,8773984,9407,408500,175600,5455972,139290,7003288,187514,12459260,
All CA and Non-CA Counties,2021-03-30,405554,19318695,205610,9936267,181135,8955119,18809,427309,228297,5528412,176436,7179724,248876,12708136,
All CA and Non-CA Counties,2021-03-31,432835,19751530,235890,10172157,174475,9129594,22470,449779,240593,5601307,191176,7370900,264071,12972207,
All CA and Non-CA Counties,2021-04-01,499989,20251519,256737,10428894,202286,9331880,40966,490745,275563,5695973,222982,7593882,317648,13289855,
All CA and Non-CA Counties,2021-04-02,482464,20733983,235639,10664533,202471,9534351,44354,535099,261830,5784399,219363,7813245,307789,13597644,
All CA and Non-CA Counties,2021-04-03,336028,21070011,171764,10836297,121619,9655970,42645,577744,167784,5828376,167567,7980812,211544,13809188,
All CA and Non-CA Counties,2021-04-04,134352,21204363,70023,10906320,45026,9700996,19303,597047,59036,5831857,75002,8055814,78483,13887671,
All CA and Non-CA Counties,2021-04-05,357608,21561971,184191,11090511,132996,9833992,40421,637468,176122,5870059,180763,8236577,218965,14106636,
All CA and Non-CA Counties,2021-04-06,464806,22026777,235809,11326320,161789,9995781,67208,704676,224819,5924954,239015,8475592,293910,14400546,
All CA and Non-CA Counties,2021-04-07,480737,22507514,249881,11576201,159172,10154953,71684,776360,233487,5984829,246266,8721858,306141,14706687,
All CA and Non-CA Counties,2021-04-08,508454,23015968,256568,11832769,165503,10320456,86383,862743,239038,6044250,268190,8990048,327611,15034298,
All CA and Non-CA Counties,2021-04-09,502579,23518547,250592,12083361,170135,10490591,81852,944595,231193,6090081,270267,9260315,316098,15350396,
All CA and Non-CA Counties,2021-04-10,374095,23892642,171383,12254744,126521,10617112,76191,1020786,156193,6107999,217122,9477437,235040,15585436,
All CA and Non-CA Counties,2021-04-11,190563,24083205,106888,12361632,48835,10665947,34840,1055626,78688,6112838,111511,9588948,116350,15701786,
All CA and Non-CA Counties,2021-04-12,344494,24427699,177010,12538642,128750,10794697,38734,1094360,159664,6130969,183831,9772779,201962,15903748,
All CA and Non-CA Counties,2021-04-13,439463,24867162,246386,12785028,192093,10986790,984,1095344,245607,6187901,192822,9965601,249754,16153502,
All CA and Non-CA Counties,2021-04-14,458855,25326017,257567,13042595,200992,11187782,296,1095640,239597,6214508,218048,10183649,244655,16398157,
All CA and Non-CA Counties,2021-04-15,499809,25825826,291358,13333953,208157,11395939,294,1095934,280620,6280927,217678,10401327,284097,16682254,
All CA and Non-CA Counties,2021-04-16,482614,26308440,271619,13605572,210679,11606618,316,1096250,258098,6319026,223275,10624602,261374,16943628,
All CA and Non-CA Counties,2021-04-17,347698,26656138,195012,13800584,152621,11759239,65,1096315,197711,6371021,149132,10773734,201127,17144755,
All CA and Non-CA Counties,2021-04-18,156846,26812984,99460,13900044,57367,11816606,19,1096334,80603,6378947,75826,10849560,83752,17228507,
All CA and Non-CA Counties,2021-04-19,321768,27134752,185336,14085380,136339,11952945,93,1096427,152294,6364697,168557,11018117,154307,17382814,
All CA and Non-CA Counties,2021-04-20,412000,27546752,218836,14304216,193092,12146037,72,1096499,204713,6366330,206241,11224358,207874,17590688,
All CA and Non-CA Counties,2021-04-21,426413,27973165,240664,14544880,185481,12331518,268,1096767,204175,6353114,220791,11445149,207575,17798263,
All CA and Non-CA Counties,2021-04-22,453138,28426303,257756,14802636,195302,12526820,80,1096847,201754,6308171,249987,11695136,205044,18003307,
All CA and Non-CA Counties,2021-04-23,443576,28869879,252197,15054833,191290,12718110,89,1096936,200520,6270477,241632,11936768,203938,18207245,
All CA and Non-CA Counties,2021-04-24,329965,29199844,207903,15262736,121882,12839992,180,1097116,167180,6279286,161815,12098583,170624,18377869,
All CA and Non-CA Counties,2021-04-25,151919,29351763,99901,15362637,51949,12891941,69,1097185,81676,6292699,69778,12168361,83191,18461060,
All CA and Non-CA Counties,2021-04-26,304095,29655858,175130,15537767,127409,13019350,1556,1098741,133215,6262203,169870,12338231,139374,18600434,
All CA and Non-CA Counties,2021-04-27,372935,30028793,204835,15742602,161143,13180493,6957,1105698,149884,6200419,221893,12560124,160109,18760543,
All CA and Non-CA Counties,2021-04-28,357087,30385880,203653,15946255,145128,13325621,8306,1114004,147296,6149670,208678,12768802,157929,18918472,
All CA and Non-CA Counties,2021-04-29,365172,30751052,209713,16155968,147135,13472756,8324,1122328,133639,6063145,230332,12999134,143807,19062279,
All CA and Non-CA Counties,2021-04-30,377571,31128623,216166,16372134,152088,13624844,9317,1131645,142788,5983698,233496,13232630,154049,19216328,
All CA and Non-CA Counties,2021-05-01,250713,31379336,160118,16532252,84110,13708954,6485,1138130,91109,5924766,158744,13391374,99812,19316140,
All CA and Non-CA Counties,2021-05-02,118697,31498033,82734,16614986,31964,13740918,3999,1142129,41746,5894334,76550,13467924,46118,19362258,
All CA and Non-CA Counties,2021-05-03,255049,31753082,156680,16771666,89400,13830318,8969,1151098,77781,5805532,176407,13644331,87605,19449863,
All CA and Non-CA Counties,2021-05-04,329230,32082312,200317,16971983,118728,13949046,10185,1161283,97483,5683682,230675,13875006,108825,19558688,
All CA and Non-CA Counties,2021-05-05,333818,32416130,207153,17179136,116288,14065334,10377,1171660,94671,5551784,237927,14112933,106029,19664717,
All CA and Non-CA Counties,2021-05-06,352715,32768845,229888,17409024,111948,14177282,10879,1182539,90037,5394166,261032,14373965,103414,19768131,
All CA and Non-CA Counties,2021-05-07,350559,33119404,219690,17628714,120653,14297935,10216,1192755,95616,5247658,253568,14627533,107060,19875191,
All CA and Non-CA Counties,2021-05-08,227842,33347246,144549,17773263,76163,14374098,7130,1199885,62877,5155089,164035,14791568,71466,19946657,
All CA and Non-CA Counties,2021-05-09,94646,33441892,71213,17844476,20337,14394435,3096,1202981,26047,5116405,68267,14859835,29583,19976240,
All CA and Non-CA Counties,2021-05-10,204218,33646110,116058,17960534,80003,14474438,8157,1211138,51356,5025161,152058,15011893,60814,20037054,
All CA and Non-CA Counties,2021-05-11,267901,33914011,149959,18110493,109073,14583511,8869,1220007,71531,4911887,195442,15207335,82168,20119222,
All CA and Non-CA Counties,2021-05-12,268366,34182377,155291,18265784,103698,14687209,9377,1229384,76507,4808150,190834,15398169,87097,20206319,
All CA and Non-CA Counties,2021-05-13,311901,34494278,201038,18466822,103343,14790552,7520,1236904,119355,4746312,191436,15589605,129598,20335917,
All CA and Non-CA Counties,2021-05-14,336250,34830528,214730,18681552,112516,14903068,9004,1245908,133020,4688379,202056,15791661,144123,20480040,
All CA and Non-CA Counties,2021-05-15,278283,35108811,193913,18875465,78284,14981352,6086,1251994,114328,4646639,163108,15954769,121368,20601408,
All CA and Non-CA Counties,2021-05-16,137698,35246509,105464,18980929,29249,15010601,2985,1254979,55867,4624499,81391,16036160,59251,20660659,
All CA and Non-CA Counties,2021-05-17,240977,35487486,158187,19139116,75176,15085777,7614,1262593,97030,4586931,143078,16179238,105510,20766169,
All CA and Non-CA Counties,2021-05-18,282226,35769712,171594,19310710,102929,15188706,7703,1270296,111809,4538558,169295,16348533,120922,20887091,
All CA and Non-CA Counties,2021-05-19,276378,36046090,172430,19483140,96179,15284885,7769,1278065,116284,4504657,159069,16507602,125168,21012259,
All CA and Non-CA Counties,2021-05-20,263415,36309505,157231,19640371,97856,15382741,8328,1286393,103093,4458617,159202,16666804,113162,21125421,
All CA and Non-CA Counties,2021-05-21,283304,36592809,174314,19814685,100806,15483547,8184,1294577,110114,4406375,171968,16838772,119726,21245147,
All CA and Non-CA Counties,2021-05-22,204350,36797159,135286,19949971,62770,15546317,6294,1300871,87247,4384956,116329,16955101,94910,21340057,
All CA and Non-CA Counties,2021-05-23,87546,36884705,60795,20010766,23993,15570310,2758,1303629,38357,4377794,48795,17003896,41633,21381690,
All CA and Non-CA Counties,2021-05-24,168668,37053373,97733,20108499,62334,15632644,8601,1312230,63983,4347328,103885,17107781,73419,21455109,
All CA and Non-CA Counties,2021-05-25,190535,37243908,111888,20220387,70364,15703008,8283,1320513,73376,4313945,116162,17223943,82779,21537888,
All CA and Non-CA Counties,2021-05-26,185222,37429130,106384,20326771,70700,15773708,8138,1328651,73213,4285231,110944,17334887,82230,21620118,
All CA and Non-CA Counties,2021-05-27,172988,37602118,98747,20425518,65465,15839173,8776,1337427,71022,4265060,101151,17436038,80980,21701098,
All CA and Non-CA Counties,2021-05-28,189097,37791215,109244,20534762,72485,15911658,7368,1344795,82686,4250914,105505,17541543,91359,21792457,
All CA and Non-CA Counties,2021-05-29,107475,37898690,65883,20600645,37474,15949132,4118,1348913,51414,4251495,55541,17597084,56122,21848579,
All CA and Non-CA Counties,2021-05-30,47673,37946363,31455,20632100,13650,15962782,2568,1351481,21511,4249917,25934,17623018,24356,21872935,
All CA and Non-CA Counties,2021-05-31,20222,37966585,11883,20643983,7325,15970107,1014,1352495,6767,4244530,13304,17636322,7917,21880852,
All CA and Non-CA Counties,2021-06-01,168997,38135582,98768,20742751,62936,16033043,7293,1359788,63263,4211332,104790,17741112,71592,21952444,
All CA and Non-CA Counties,2021-06-02,143310,38278892,84714,20827465,51201,16084244,7395,1367183,55833,4188761,86596,17827708,64025,22016469,
All CA and Non-CA Counties,2021-06-03,171583,38450475,117271,20944736,47038,16131282,7274,1374457,54801,4135992,115975,17943683,63206,22079675,
All CA and Non-CA Counties,2021-06-04,199770,38650245,140772,21085508,52610,16183892,6388,1380845,62917,4071444,135848,18079531,71300,22150975,
All CA and Non-CA Counties,2021-06-05,156950,38807195,118711,21204219,32810,16216702,5429,1386274,45572,4012908,110606,18190137,52070,22203045,
All CA and Non-CA Counties,2021-06-06,63849,38871044,53722,21257941,7864,16224566,2263,1388537,18877,3990263,44686,18234823,22041,22225086,
All CA and Non-CA Counties,2021-06-07,136879,39007923,100272,21358213,30455,16255021,6152,1394689,41620,3944213,94678,18329501,48628,22273714,
All CA and Non-CA Counties,2021-06-08,158276,39166199,114780,21472993,36460,16291481,7036,1401725,48314,3891710,109096,18438597,56593,22330307,
All CA and Non-CA Counties,2021-06-09,152034,39318233,110469,21583462,34639,16326120,6926,1408651,42716,3833977,108547,18547144,50814,22381121,
All CA and Non-CA Counties,2021-06-10,145538,39463771,104632,21688094,33494,16359614,7412,1416063,43435,3784634,101401,18648545,52058,22433179,
All CA and Non-CA Counties,2021-06-11,156999,39620770,110146,21798240,40007,16399621,6846,1422909,49186,3734712,106949,18755494,57027,22490206,
All CA and Non-CA Counties,2021-06-12,113353,39734123,85893,21884133,23738,16423359,3722,1426631,32349,3691035,80486,18835980,36809,22527015,
All CA and Non-CA Counties,2021-06-13,43230,39777353,32060,21916193,9105,16432464,2065,1428696,11097,3672699,31897,18867877,13561,22540576,
All CA and Non-CA Counties,2021-06-14,93002,39870355,63014,21979207,23690,16456154,6298,1434994,29721,3646304,62781,18930658,36386,22576962,
All CA and Non-CA Counties,2021-06-15,57856,39928211,38922,22018129,13607,16469761,5327,1440321,18041,3631304,39395,18970053,24395,22601357,
Outside California,2020-12-15,8,8,8,8,0,0,0,0,8,8,0,0,8,8,Not in California
Outside California,2020-12-16,275,283,275,283,0,0,0,0,275,283,0,0,275,283,Not in California
Outside California,2020-12-17,1608,1891,1608,1891,0,0,0,0,1608,1891,0,0,1608,1891,Not in California
Outside California,2020-12-18,2553,4444,2546,4437,7,7,0,0,2553,4444,0,0,2553,4444,Not in California
Outside California,2020-12-19,1037,5481,1036,5473,1,8,0,0,1037,5481,0,0,1037,5481,Not in California
Outside California,2020-12-20,680,6161,677,6150,3,11,0,0,680,6161,0,0,680,6161,Not in California
Outside California,2020-12-21,2189,8350,2186,8336,3,14,0,0,2189,8350,0,0,2189,8350,Not in California
Outside California,2020-12-22,2069,10419,1994,10330,75,89,0,0,2069,10419,0,0,2069,10419,Not in California
Outside California,2020-12-23,1541,11960,1396,11726,145,234,0,0,1540,11958,1,1,1540,11959,Not in California
Outside California,2020-12-24,807,12767,615,12341,192,426,0,0,807,12765,0,1,807,12766,Not in California
Outside California,2020-12-25,35,12802,30,12371,5,431,0,0,35,12800,0,1,35,12801,Not in California
Outside California,2020-12-26,307,13109,205,12576,102,533,0,0,307,13107,0,1,307,13108,Not in California
Outside California,2020-12-27,189,13298,72,12648,117,650,0,0,189,13296,0,1,189,13297,Not in California
Outside California,2020-12-28,1412,14710,899,13547,513,1163,0,0,1412,14708,0,1,1412,14709,Not in California
Outside California,2020-12-29,1545,16255,1024,14571,521,1684,0,0,1545,16253,0,1,1545,16254,Not in California
Outside California,2020-12-30,1883,18138,1228,15799,655,2339,0,0,1883,18136,0,1,1883,18137,Not in California
Outside California,2020-12-31,1105,19243,603,16402,502,2841,0,0,1104,19239,1,2,1104,19241,Not in California
Outside California,2021-01-01,114,19357,26,16428,88,2929,0,0,114,19353,0,2,114,19355,Not in California
Outside California,2021-01-02,244,19601,135,16563,109,3038,0,0,243,19595,1,3,243,19598,Not in California
Outside California,2021-01-03,172,19773,91,16654,81,3119,0,0,172,19767,0,3,172,19770,Not in California
Outside California,2021-01-04,1148,20921,509,17163,639,3758,0,0,1143,20909,1,4,1143,20913,Not in California
Outside California,2021-01-05,1554,22475,825,17988,729,4487,0,0,1360,22078,192,196,1361,22274,Not in California
Outside California,2021-01-06,2691,25166,1592,19580,1099,5586,0,0,1952,23294,736,932,1952,24226,Not in California
Outside California,2021-01-07,4149,29315,2536,22116,1613,7199,0,0,2491,24132,1656,2588,2494,26720,Not in California
Outside California,2021-01-08,4499,33814,2915,25031,1584,8783,0,0,2613,24874,1876,4464,2618,29338,Not in California
Outside California,2021-01-09,1303,35117,532,25563,771,9554,0,0,975,25524,327,4791,977,30315,Not in California
Outside California,2021-01-10,301,35418,184,25747,117,9671,0,0,178,25579,123,4914,178,30493,Not in California
Outside California,2021-01-11,3287,38705,2011,27758,1276,10947,0,0,1947,26188,1340,6254,1949,32442,Not in California
Outside California,2021-01-12,3847,42552,2306,30064,1541,12488,0,0,2301,26952,1542,7796,2306,34748,Not in California
Outside California,2021-01-13,3674,46226,1814,31878,1860,14348,0,0,2481,28243,1193,8989,2484,37232,Not in California
Outside California,2021-01-14,3711,49937,1284,33162,2427,16775,0,0,3062,30675,636,9625,3068,40300,Not in California
Outside California,2021-01-15,4200,54137,1006,34168,3194,19969,0,0,3724,33937,463,10088,3725,44025,Not in California
Outside California,2021-01-16,2685,56822,388,34556,2297,22266,0,0,2509,36272,174,10262,2509,46534,Not in California
Outside California,2021-01-17,506,57328,153,34709,353,22619,0,0,456,36678,50,10312,456,46990,Not in California
Outside California,2021-01-18,1210,58538,772,35481,438,23057,0,0,755,36979,454,10766,755,47745,Not in California
Outside California,2021-01-19,4116,62654,1332,36813,2784,25841,0,0,3218,39303,898,11664,3222,50967,Not in California
Outside California,2021-01-20,4438,67092,1425,38238,3013,28854,0,0,3490,41853,944,12608,3494,54461,Not in California
Outside California,2021-01-21,4237,71329,1167,39405,3070,31924,0,0,3657,44954,563,13171,3664,58125,Not in California
Outside California,2021-01-22,4590,75919,1108,40513,3482,35406,0,0,4179,48729,406,13577,4181,62306,Not in California
Outside California,2021-01-23,2221,78140,336,40849,1885,37291,0,0,2056,50620,165,13742,2056,64362,Not in California
Outside California,2021-01-24,583,78723,235,41084,348,37639,0,0,504,51045,79,13821,504,64866,Not in California
Outside California,2021-01-25,4452,83175,1920,43004,2532,40171,0,0,3585,53768,863,14684,3586,68452,Not in California
Outside California,2021-01-26,5836,89011,2786,45790,3050,43221,0,0,4979,57898,856,15540,4986,73438,Not in California
Outside California,2021-01-27,4852,93863,2514,48304,2338,45559,0,0,4218,61491,630,16170,4223,77661,Not in California
Outside California,2021-01-28,4955,98818,2591,50895,2364,47923,0,0,4417,65382,527,16697,4418,82079,Not in California
Outside California,2021-01-29,4631,103449,2822,53717,1809,49732,0,0,3831,68422,792,17489,3832,85911,Not in California
Outside California,2021-01-30,4184,107633,2183,55900,2001,51733,0,0,3952,72145,230,17719,3953,89864,Not in California
Outside California,2021-01-31,2795,110428,2393,58293,402,52135,0,0,2739,74830,55,17774,2740,92604,Not in California
Outside California,2021-02-01,5300,115728,2429,60722,2871,55006,0,0,4592,78723,699,18473,4592,97196,Not in California
Outside California,2021-02-02,6543,122271,2019,62741,4524,59530,0,0,5825,83837,711,19184,5825,103021,Not in California
Outside California,2021-02-03,7161,129432,1935,64676,5226,64756,0,0,6292,89268,862,20046,6293,109314,Not in California
Outside California,2021-02-04,6617,136049,2001,66677,4616,69372,0,0,5613,93887,995,21041,5614,114928,Not in California
Outside California,2021-02-05,6613,142662,2041,68718,4572,73944,0,0,5531,98341,1077,22118,5531,120459,Not in California
Outside California,2021-02-06,4119,146781,1857,70575,2262,76206,0,0,3657,101548,453,22571,3660,124119,Not in California
Outside California,2021-02-07,1945,148726,1557,72132,388,76594,0,0,1866,103337,79,22650,1868,125987,Not in California
Outside California,2021-02-08,4759,153485,2802,74934,1957,78551,0,0,3704,105997,1044,23694,3704,129691,Not in California
Outside California,2021-02-09,4044,157529,1697,76631,2347,80898,0,0,2745,107467,1289,24983,2759,132450,Not in California
Outside California,2021-02-10,5384,162913,1739,78370,3645,84543,0,0,2956,108044,2420,27403,2997,135447,Not in California
Outside California,2021-02-11,4623,167536,2064,80434,2559,87102,0,0,3314,110078,1298,28701,3332,138779,Not in California
Outside California,2021-02-12,5165,172701,1879,82313,3286,90388,0,0,3338,111607,1814,30515,3343,142122,Not in California
Outside California,2021-02-13,2328,175029,665,82978,1663,92051,0,0,1773,112838,554,31069,1785,143907,Not in California
Outside California,2021-02-14,1292,176321,373,83351,919,92970,0,0,1052,113656,236,31305,1054,144961,Not in California
Outside California,2021-02-15,2452,178773,1451,84802,1001,93971,0,0,1191,113602,1248,32553,1194,146155,Not in California
Outside California,2021-02-16,6220,184993,2696,87498,3524,97495,0,0,2517,112432,3691,36244,2521,148676,Not in California
Outside California,2021-02-17,5633,190626,2691,90189,2942,100437,0,0,1786,110381,3842,40086,1791,150467,Not in California
Outside California,2021-02-18,6134,196760,3415,93604,2719,103156,0,0,2027,108322,4086,44172,2027,152494,Not in California
Outside California,2021-02-19,5409,202169,3665,97269,1744,104900,0,0,2377,107676,3026,47198,2380,154874,Not in California
Outside California,2021-02-20,3075,205244,2426,99695,649,105549,0,0,1236,107078,1835,49033,1237,156111,Not in California
Outside California,2021-02-21,2477,207721,2259,101954,218,105767,0,0,829,106265,1642,50675,829,156940,Not in California
Outside California,2021-02-22,3330,211051,2390,104344,940,106707,0,0,1624,106190,1703,52378,1628,158568,Not in California
Outside California,2021-02-23,5822,216873,3217,107561,2605,109312,0,0,2324,105037,3491,55869,2338,160906,Not in California
Outside California,2021-02-24,6207,223080,3385,110946,2822,112134,0,0,2444,103729,3756,59625,2448,163354,Not in California
Outside California,2021-02-25,6694,229774,3359,114305,3335,115469,0,0,3063,103196,3600,63225,3067,166421,Not in California
Outside California,2021-02-26,6649,236423,3448,117753,3201,118670,0,0,3093,102815,3475,66700,3094,169515,Not in California
Outside California,2021-02-27,5223,241646,2526,120279,2696,121366,1,1,1873,101353,3339,70039,1877,171392,Not in California
Outside California,2021-02-28,2206,243852,1557,121836,648,122014,1,2,795,100741,1409,71448,797,172189,Not in California
Outside California,2021-03-01,4509,248361,2728,124564,1780,123794,1,3,1344,98936,3155,74603,1350,173539,Not in California
Outside California,2021-03-02,6512,254873,2314,126878,4198,127992,0,3,2051,96540,4449,79052,2053,175592,Not in California
Outside California,2021-03-03,7746,262619,2948,129826,4796,132788,2,5,2681,94175,5051,84103,2686,178278,Not in California
Outside California,2021-03-04,6651,269270,2740,132566,3905,136693,6,11,2316,92182,4317,88420,2324,180602,Not in California
Outside California,2021-03-05,5202,274472,2593,135159,2595,139288,14,25,2722,92457,2469,90889,2744,183346,Not in California
Outside California,2021-03-06,4552,279024,2088,137247,2308,141596,156,181,2329,92730,2221,93110,2494,185840,Not in California
Outside California,2021-03-07,1546,280570,986,138233,503,142099,57,238,950,93144,595,93705,1009,186849,Not in California
Outside California,2021-03-08,3082,283652,1831,140064,1016,143115,235,473,2189,94711,864,94569,2431,189280,Not in California
Outside California,2021-03-09,4651,288303,2400,142464,1957,145072,294,767,2771,95900,1876,96445,3065,192345,Not in California
Outside California,2021-03-10,4324,292627,2080,144544,1753,146825,491,1258,2694,97471,1621,98066,3192,195537,Not in California
Outside California,2021-03-11,6083,298710,3111,147655,2313,149138,659,1917,3292,98638,2785,100851,3952,199489,Not in California
Outside California,2021-03-12,6399,305109,3855,151510,1830,150968,714,2631,3554,100071,2836,103687,4269,203758,Not in California
Outside California,2021-03-13,3732,308841,2171,153681,1111,152079,450,3081,2556,101912,1169,104856,3010,206768,Not in California
Outside California,2021-03-14,1768,310609,917,154598,517,152596,334,3415,963,102405,805,105661,1298,208066,Not in California
Outside California,2021-03-15,4011,314620,2113,156711,1434,154030,464,3879,2144,103156,1861,107522,2612,210678,Not in California
Outside California,2021-03-16,7482,322102,4360,161071,2735,156765,387,4266,4167,104394,3312,110834,4550,215228,Not in California
Outside California,2021-03-17,8398,330500,5456,166527,2565,159330,377,4643,5053,106484,3341,114175,5431,220659,Not in California
Outside California,2021-03-18,8284,338784,5122,171649,2621,161951,541,5184,4793,108336,3482,117657,5334,225993,Not in California
Outside California,2021-03-19,7295,346079,4330,175979,2421,164372,544,5728,4366,110327,2923,120580,4914,230907,Not in California
Outside California,2021-03-20,4725,350804,3123,179102,1514,165886,88,5816,3616,112933,1099,121679,3705,234612,Not in California
Outside California,2021-03-21,2076,352880,1429,180531,559,166445,88,5904,1660,114267,414,122093,1748,236360,Not in California
Outside California,2021-03-22,3254,356134,1965,182496,1200,167645,89,5993,2233,115574,1014,123107,2321,238681,Not in California
Outside California,2021-03-23,6052,362186,3084,185580,2664,170309,304,6297,4104,118048,1934,125041,4408,243089,Not in California
Outside California,2021-03-24,7307,369493,3739,189319,3123,173432,445,6742,5037,121265,2263,127304,5480,248569,Not in California
Outside California,2021-03-25,8248,377741,3824,193143,3899,177331,525,7267,5998,125550,2238,129542,6523,255092,Not in California
Outside California,2021-03-26,6643,384384,3503,196646,2964,180295,176,7443,4383,127873,2235,131777,4558,259650,Not in California
Outside California,2021-03-27,5518,389902,3093,199739,2211,182506,214,7657,3462,129500,2047,133824,3674,263324,Not in California
Outside California,2021-03-28,3072,392974,1648,201387,1263,183769,161,7818,1985,130564,1082,134906,2146,265470,Not in California
Outside California,2021-03-29,5171,398145,2296,203683,2529,186298,346,8164,2956,131656,2210,137116,3302,268772,Not in California
Outside California,2021-03-30,6866,405011,3617,207300,2685,188983,564,8728,4057,133486,2798,139914,4628,273400,Not in California
Outside California,2021-03-31,6320,411331,3767,211067,1775,190758,778,9506,3347,134642,2966,142880,4122,277522,Not in California
Outside California,2021-04-01,7506,418837,4488,215555,2370,193128,648,10154,4335,136453,3163,146043,4974,282496,Not in California
Outside California,2021-04-02,8437,427274,4486,220041,2810,195938,1141,11295,4358,137880,4070,150113,5497,287993,Not in California
Outside California,2021-04-03,6235,433509,3727,223768,1350,197288,1158,12453,3313,139437,2913,153026,4470,292463,Not in California
Outside California,2021-04-04,1772,435281,871,224639,666,197954,235,12688,969,139837,802,153828,1202,293665,Not in California
Outside California,2021-04-05,4135,439416,2001,226640,1467,199421,667,13355,1971,140315,2159,155987,2637,296302,Not in California
Outside California,2021-04-06,7177,446593,3868,230508,1670,201091,1639,14994,2885,140560,4276,160263,4521,300823,Not in California
Outside California,2021-04-07,8194,454787,4601,235109,1899,202990,1694,16688,3175,140408,5011,165274,4859,305682,Not in California
Outside California,2021-04-08,8229,463016,4322,239431,1972,204962,1935,18623,3272,140656,4946,170220,5194,310876,Not in California
Outside California,2021-04-09,7544,470560,3856,243287,1727,206689,1961,20584,2884,140851,4647,174867,4842,315718,Not in California
Outside California,2021-04-10,6074,476634,2969,246256,1246,207935,1859,22443,1655,139951,4411,179278,3511,319229,Not in California
Outside California,2021-04-11,2840,479474,1551,247807,650,208585,639,23082,956,139665,1881,181159,1595,320824,Not in California
Outside California,2021-04-12,4145,483619,2324,250131,1268,209853,553,23635,1846,139774,2289,183448,2398,323222,Not in California
Outside California,2021-04-13,5810,489429,3711,253842,2074,211927,25,23660,3001,140002,2804,186252,3032,326254,Not in California
Outside California,2021-04-14,5358,494787,3408,257250,1946,213873,4,23664,2923,140506,2429,188681,2933,329187,Not in California
Outside California,2021-04-15,6151,500938,3882,261132,2263,216136,6,23670,3319,141053,2780,191461,3327,332514,Not in California
Outside California,2021-04-16,5870,506808,3353,264485,2510,218646,7,23677,3274,141758,2586,194047,3291,335805,Not in California
Outside California,2021-04-17,5489,512297,3446,267931,2042,220688,1,23678,3190,142663,2289,196336,3194,338999,Not in California
Outside California,2021-04-18,2103,514400,1173,269104,929,221617,1,23679,1000,142569,1097,197433,1003,340002,Not in California
Outside California,2021-04-19,4135,518535,1998,271102,2136,223753,1,23680,2130,142708,1995,199428,2134,342136,Not in California
Outside California,2021-04-20,5368,523903,2437,273539,2931,226684,0,23680,2199,141746,3161,202589,2199,344335,Not in California
Outside California,2021-04-21,6367,530270,2661,276200,3702,230386,4,23684,2273,139951,4073,206662,2278,346613,Not in California
Outside California,2021-04-22,6756,537026,3436,279636,3316,233702,4,23688,2475,138165,4267,210929,2481,349094,Not in California
Outside California,2021-04-23,5857,542883,2983,282619,2873,236575,1,23689,2418,137163,3423,214352,2421,351515,Not in California
Outside California,2021-04-24,4630,547513,3031,285650,1594,238169,5,23694,1853,136252,2772,217124,1861,353376,Not in California
Outside California,2021-04-25,2215,549728,1248,286898,966,239135,1,23695,1174,136393,1037,218161,1178,354554,Not in California
Outside California,2021-04-26,4129,553857,1820,288718,2281,241416,28,23723,1871,136043,2249,220410,1899,356453,Not in California
Outside California,2021-04-27,5664,559521,2102,290820,3193,244609,369,24092,1978,134721,3677,224087,2355,358808,Not in California
Outside California,2021-04-28,4839,564360,2056,292876,2388,246997,395,24487,1910,134104,2917,227004,2300,361108,Not in California
Outside California,2021-04-29,4819,569179,2216,295092,2171,249168,432,24919,1814,133365,2985,229989,2246,363354,Not in California
Outside California,2021-04-30,4879,574058,2350,297442,2109,251277,420,25339,1845,132613,3020,233009,2268,365622,Not in California
Outside California,2021-05-01,3153,577211,1823,299265,902,252179,428,25767,1298,132494,1845,234854,1726,367348,Not in California
Outside California,2021-05-02,1861,579072,1086,300351,652,252831,123,25890,842,132443,1016,235870,965,368313,Not in California
Outside California,2021-05-03,2874,581946,1559,301910,1034,253865,281,26171,1113,132081,1756,237626,1394,369707,Not in California
Outside California,2021-05-04,3919,585865,2096,304006,1384,255249,439,26610,1308,131222,2604,240230,1745,371452,Not in California
Outside California,2021-05-05,4382,590247,2442,306448,1570,256819,370,26980,1607,130435,2767,242997,1980,373432,Not in California
Outside California,2021-05-06,4445,594692,2722,309170,1386,258205,337,27317,1556,129445,2883,245880,1893,375325,Not in California
Outside California,2021-05-07,4610,599302,2648,311818,1576,259781,386,27703,1598,128430,2999,248879,1984,377309,Not in California
Outside California,2021-05-08,3209,602511,2158,313976,800,260581,251,27954,1071,127625,2128,251007,1323,378632,Not in California
Outside California,2021-05-09,1353,603864,900,314876,330,260911,123,28077,580,127558,768,251775,701,379333,Not in California
Outside California,2021-05-10,2530,606394,1158,316034,1042,261953,330,28407,907,127180,1617,253392,1239,380572,Not in California
Outside California,2021-05-11,2938,609332,1389,317423,1251,263204,298,28705,1103,126749,1834,255226,1403,381975,Not in California
Outside California,2021-05-12,3175,612507,1511,318934,1337,264541,327,29032,1270,126446,1900,257126,1597,383572,Not in California
Outside California,2021-05-13,3106,615613,1782,320716,1117,265658,207,29239,1368,126290,1731,258857,1575,385147,Not in California
Outside California,2021-05-14,3508,619121,1957,322673,1312,266970,239,29478,1586,126202,1915,260772,1827,386974,Not in California
Outside California,2021-05-15,2614,621735,1525,324198,945,267915,144,29622,1128,125996,1481,262253,1275,388249,Not in California
Outside California,2021-05-16,1622,623357,1034,325232,519,268434,69,29691,738,125923,881,263134,808,389057,Not in California
Outside California,2021-05-17,3046,626403,1606,326838,1203,269637,237,29928,1328,125774,1714,264848,1565,390622,Not in California
Outside California,2021-05-18,3225,629628,1627,328465,1279,270916,319,30247,1459,125799,1755,266603,1780,392402,Not in California
Outside California,2021-05-19,3310,632938,1667,330132,1376,272292,267,30514,1473,125709,1830,268433,1740,394142,Not in California
Outside California,2021-05-20,3090,636028,1704,331836,1152,273444,234,30748,1422,125707,1661,270094,1659,395801,Not in California
Outside California,2021-05-21,3193,639221,1789,333625,1155,274599,249,30997,1400,125574,1782,271876,1649,397450,Not in California
Outside California,2021-05-22,2827,642048,1882,335507,744,275343,201,31198,1575,126105,1246,273122,1777,399227,Not in California
Outside California,2021-05-23,1539,643587,1006,336513,455,275798,78,31276,771,126188,767,273889,850,400077,Not in California
Outside California,2021-05-24,2450,646037,1199,337712,904,276702,347,31623,1121,126335,1321,275210,1468,401545,Not in California
Outside California,2021-05-25,2368,648405,1103,338815,936,277638,329,31952,1036,126375,1323,276533,1363,402908,Not in California
Outside California,2021-05-26,2375,650780,1099,339914,921,278559,355,32307,1009,126381,1359,277892,1365,404273,Not in California
Outside California,2021-05-27,2169,652949,1090,341004,793,279352,286,32593,1019,126538,1147,279039,1304,405577,Not in California
Outside California,2021-05-28,2408,655357,1212,342216,848,280200,348,32941,1106,126698,1295,280334,1455,407032,Not in California
Outside California,2021-05-29,1678,657035,852,343068,471,280671,355,33296,734,126847,940,281274,1089,408121,Not in California
Outside California,2021-05-30,912,657947,559,343627,229,280900,124,33420,464,126991,445,281719,589,408710,Not in California
Outside California,2021-05-31,416,658363,183,343810,196,281096,37,33457,178,126981,226,281945,216,408926,Not in California
Outside California,2021-06-01,2117,660480,1105,344915,711,281807,301,33758,1046,127262,1067,283012,1348,410274,Not in California
Outside California,2021-06-02,2079,662559,1073,345988,664,282471,342,34100,1010,127554,1060,284072,1352,411626,Not in California
Outside California,2021-06-03,2155,664714,1192,347180,653,283124,310,34410,1002,127721,1145,285217,1312,412938,Not in California
Outside California,2021-06-04,2537,667251,1426,348606,797,283921,314,34724,1125,127753,1406,286623,1438,414376,Not in California
Outside California,2021-06-05,1722,668973,1212,349818,349,284270,161,34885,812,127820,907,287530,974,415350,Not in California
Outside California,2021-06-06,923,669896,694,350512,148,284418,81,34966,451,127882,470,288000,532,415882,Not in California
Outside California,2021-06-07,1904,671800,1031,351543,546,284964,327,35293,815,127935,1088,289088,1141,417023,Not in California
Outside California,2021-06-08,2050,673850,1179,352722,533,285497,338,35631,808,127843,1237,290325,1145,418168,Not in California
Outside California,2021-06-09,1958,675808,1175,353897,499,285996,284,35915,810,127794,1142,291467,1093,419261,Not in California
Outside California,2021-06-10,1928,677736,1111,355008,511,286507,306,36221,822,127821,1102,292569,1129,420390,Not in California
Outside California,2021-06-11,2231,679967,1286,356294,619,287126,326,36547,974,127869,1251,293820,1299,421689,Not in California
Outside California,2021-06-12,1659,681626,1227,357521,304,287430,128,36675,646,127633,1011,294831,775,422464,Not in California
Outside California,2021-06-13,938,682564,634,358155,201,287631,103,36778,410,127621,525,295356,513,422977,Not in California
Outside California,2021-06-14,1462,684026,710,358865,460,288091,292,37070,526,127506,932,296288,817,423794,Not in California
Outside California,2021-06-15,875,684901,367,359232,320,288411,188,37258,274,127498,599,296887,591,424385,Not in California
Unknown,2020-12-17,2,2,2,2,0,0,0,0,0,0,0,0,0,0,Not in California
Unknown,2020-12-18,1,3,1,3,0,0,0,0,0,0,0,0,0,0,Not in California
Unknown,2020-12-21,4,7,4,7,0,0,0,0,0,0,0,0,0,0,Not in California
Unknown,2020-12-28,1,8,1,8,0,0,0,0,1,1,0,0,1,1,Not in California
Unknown,2020-12-29,1,9,1,9,0,0,0,0,1,2,0,0,1,2,Not in California
Unknown,2020-12-30,54,63,54,63,0,0,0,0,54,56,0,0,54,56,Not in California
Unknown,2020-12-31,1,64,0,63,1,1,0,0,0,56,0,0,0,56,Not in California
Unknown,2021-01-02,1,65,0,63,1,2,0,0,1,57,0,0,1,57,Not in California
Unknown,2021-01-04,1,66,1,64,0,2,0,0,1,58,0,0,1,58,Not in California
Unknown,2021-01-06,4,70,2,66,2,4,0,0,4,62,0,0,4,62,Not in California
Unknown,2021-01-07,67,137,67,133,0,4,0,0,67,129,0,0,67,129,Not in California
Unknown,2021-01-09,1,138,1,134,0,4,0,0,2,131,0,0,2,131,Not in California
Unknown,2021-01-11,20,158,20,154,0,4,0,0,19,150,0,0,19,150,Not in California
Unknown,2021-01-12,9,167,8,162,1,5,0,0,7,157,1,1,8,158,Not in California
Unknown,2021-01-13,3,170,3,165,0,5,0,0,4,161,0,1,4,162,Not in California
Unknown,2021-01-14,3,173,3,168,0,5,0,0,3,164,0,1,3,165,Not in California
Unknown,2021-01-15,6,179,5,173,1,6,0,0,6,170,0,1,6,171,Not in California
Unknown,2021-01-16,6,185,6,179,0,6,0,0,6,176,0,1,6,177,Not in California
Unknown,2021-01-17,2,187,2,181,0,6,0,0,2,178,0,1,2,179,Not in California
Unknown,2021-01-18,21,208,21,202,0,6,0,0,21,199,0,1,21,200,Not in California
Unknown,2021-01-19,9,217,9,211,0,6,0,0,8,207,0,1,8,208,Not in California
Unknown,2021-01-20,64,281,64,275,0,6,0,0,13,168,52,53,13,221,Not in California
Unknown,2021-01-21,29,310,27,302,2,8,0,0,30,197,1,54,30,251,Not in California
Unknown,2021-01-22,16,326,11,313,5,13,0,0,16,213,0,54,16,267,Not in California
Unknown,2021-01-23,10,336,4,317,6,19,0,0,10,223,0,54,10,277,Not in California
Unknown,2021-01-24,2,338,2,319,0,19,0,0,3,226,0,54,3,280,Not in California
Unknown,2021-01-25,8,346,6,325,2,21,0,0,6,230,2,56,6,286,Not in California
Unknown,2021-01-26,32,378,32,357,0,21,0,0,35,265,0,56,35,321,Not in California
Unknown,2021-01-27,10,388,10,367,0,21,0,0,9,273,1,57,9,330,Not in California
Unknown,2021-01-28,96,484,94,461,2,23,0,0,40,254,59,116,40,370,Not in California
Unknown,2021-01-29,116,600,116,577,0,23,0,0,120,373,1,117,120,490,Not in California
Unknown,2021-01-30,8,608,6,583,2,25,0,0,11,383,1,118,11,501,Not in California
Unknown,2021-01-31,5,613,5,588,0,25,0,0,6,389,0,118,6,507,Not in California
Unknown,2021-02-01,35,648,33,621,2,27,0,0,19,390,18,136,19,526,Not in California
Unknown,2021-02-02,28,676,27,648,1,28,0,0,24,410,4,140,24,550,Not in California
Unknown,2021-02-03,8,684,8,656,0,28,0,0,4,410,4,144,4,554,Not in California
Unknown,2021-02-04,29,713,25,681,4,32,0,0,24,429,5,149,24,578,Not in California
Unknown,2021-02-05,15,728,12,693,3,35,0,0,12,438,3,152,12,590,Not in California
Unknown,2021-02-06,8,736,8,701,0,35,0,0,3,435,6,158,3,593,Not in California
Unknown,2021-02-07,3,739,3,704,0,35,0,0,3,438,0,158,3,596,Not in California
Unknown,2021-02-08,19,758,18,722,1,36,0,0,5,429,14,172,5,601,Not in California
Unknown,2021-02-09,7,765,7,729,0,36,0,0,2,426,5,177,2,603,Not in California
Unknown,2021-02-10,16,781,12,741,4,40,0,0,6,422,10,187,6,609,Not in California
Unknown,2021-02-11,34,815,33,774,1,41,0,0,14,415,21,208,14,623,Not in California
Unknown,2021-02-12,11,826,9,783,2,43,0,0,3,410,8,216,3,626,Not in California
Unknown,2021-02-13,6,832,1,784,5,48,0,0,5,414,1,217,5,631,Not in California
Unknown,2021-02-14,2,834,1,785,1,49,0,0,1,414,1,218,1,632,Not in California
Unknown,2021-02-15,30,864,26,811,4,53,0,0,25,436,3,221,25,657,Not in California
Unknown,2021-02-16,35,899,28,839,7,60,0,0,16,433,19,240,16,673,Not in California
Unknown,2021-02-17,5,904,3,842,2,62,0,0,2,433,2,242,2,675,Not in California
Unknown,2021-02-18,34,938,29,871,5,67,0,0,8,415,26,268,8,683,Not in California
Unknown,2021-02-19,144,1082,139,1010,5,72,0,0,36,344,107,375,36,719,Not in California
Unknown,2021-02-20,2,1084,2,1012,0,72,0,0,0,342,2,377,0,719,Not in California
Unknown,2021-02-21,4,1088,4,1016,0,72,0,0,0,338,4,381,0,719,Not in California
Unknown,2021-02-22,1,1089,1,1017,0,72,0,0,0,337,1,382,0,719,Not in California
Unknown,2021-02-23,32,1121,20,1037,12,84,0,0,10,326,21,403,10,729,Not in California
Unknown,2021-02-24,11,1132,4,1041,7,91,0,0,8,331,3,406,8,737,Not in California
Unknown,2021-02-25,38,1170,25,1066,13,104,0,0,16,324,23,429,16,753,Not in California
Unknown,2021-02-26,26,1196,13,1079,13,117,0,0,11,322,13,442,11,764,Not in California
Unknown,2021-02-27,11,1207,8,1087,3,120,0,0,7,327,2,444,7,771,Not in California
Unknown,2021-02-28,11,1218,9,1096,2,122,0,0,6,330,3,447,6,777,Not in California
Unknown,2021-03-01,19,1237,8,1104,11,133,0,0,8,328,10,457,8,785,Not in California
Unknown,2021-03-02,14,1251,5,1109,9,142,0,0,8,331,5,462,8,793,Not in California
Unknown,2021-03-03,5,1256,1,1110,4,146,0,0,4,335,0,462,4,797,Not in California
Unknown,2021-03-04,18,1274,15,1125,3,149,0,0,8,334,9,471,8,805,Not in California
Unknown,2021-03-05,14,1288,5,1130,9,158,0,0,14,345,3,474,14,819,Not in California
Unknown,2021-03-06,14,1302,8,1138,4,162,2,2,12,356,3,477,14,833,Not in California
Unknown,2021-03-08,28,1330,22,1160,5,167,1,3,7,343,21,498,8,841,Not in California
Unknown,2021-03-09,19,1349,14,1174,2,169,3,6,6,338,14,512,9,850,Not in California
Unknown,2021-03-10,6,1355,3,1177,1,170,2,8,4,341,3,515,6,856,Not in California
Unknown,2021-03-11,20,1375,4,1181,2,172,14,22,2,340,17,532,16,872,Not in California
Unknown,2021-03-12,44,1419,34,1215,5,177,5,27,7,317,35,567,12,884,Not in California
Unknown,2021-03-13,12,1431,3,1218,5,182,4,31,4,317,8,575,8,892,Not in California
Unknown,2021-03-14,4,1435,0,1218,2,184,2,33,1,317,3,578,3,895,Not in California
Unknown,2021-03-15,21,1456,6,1224,13,197,2,35,14,325,8,586,16,911,Not in California
Unknown,2021-03-16,29,1485,8,1232,17,214,4,39,17,333,13,599,21,932,Not in California
Unknown,2021-03-17,28,1513,7,1239,20,234,1,40,28,360,2,601,29,961,Not in California
Unknown,2021-03-18,24,1537,12,1251,12,246,0,40,15,367,8,609,15,976,Not in California
Unknown,2021-03-19,13,1550,7,1258,6,252,0,40,12,376,3,612,12,988,Not in California
Unknown,2021-03-20,13,1563,7,1265,6,258,0,40,4,375,5,617,4,992,Not in California
Unknown,2021-03-21,9,1572,4,1269,5,263,0,40,8,382,1,618,8,1000,Not in California
Unknown,2021-03-22,24,1596,8,1277,15,278,1,41,10,384,9,627,11,1011,Not in California
Unknown,2021-03-23,18,1614,4,1281,9,287,5,46,7,386,10,637,12,1023,Not in California
Unknown,2021-03-24,16,1630,4,1285,12,299,0,46,12,394,4,641,12,1035,Not in California
Unknown,2021-03-25,21,1651,10,1295,11,310,0,46,15,404,5,646,15,1050,Not in California
Unknown,2021-03-26,22,1673,8,1303,9,319,5,51,12,412,9,655,17,1067,Not in California
Unknown,2021-03-27,22,1695,11,1314,8,327,3,54,13,416,12,667,16,1083,Not in California
Unknown,2021-03-28,11,1706,4,1318,7,334,0,54,9,423,2,669,9,1092,Not in California
Unknown,2021-03-29,20,1726,8,1326,12,346,0,54,15,434,4,673,15,1107,Not in California
Unknown,2021-03-30,19,1745,10,1336,9,355,0,54,14,442,6,679,14,1121,Not in California
Unknown,2021-03-31,23,1768,12,1348,11,366,0,54,17,452,7,686,17,1138,Not in California
Unknown,2021-04-01,14,1782,10,1358,4,370,0,54,11,461,2,688,11,1149,Not in California
Unknown,2021-04-02,32,1814,12,1370,11,381,9,63,14,466,18,706,23,1172,Not in California
Unknown,2021-04-03,16,1830,6,1376,10,391,0,63,11,469,8,714,11,1183,Not in California
Unknown,2021-04-04,11,1841,3,1379,8,399,0,63,8,475,2,716,8,1191,Not in California
Unknown,2021-04-05,20,1861,8,1387,11,410,1,64,8,473,11,727,9,1200,Not in California
Unknown,2021-04-06,15,1876,9,1396,5,415,1,65,9,476,7,734,10,1210,Not in California
Unknown,2021-04-07,29,1905,19,1415,9,424,1,66,22,492,6,740,22,1232,Not in California
Unknown,2021-04-08,25,1930,13,1428,7,431,5,71,13,497,13,753,18,1250,Not in California
Unknown,2021-04-09,18,1948,11,1439,7,438,0,71,15,508,4,757,15,1265,Not in California
Unknown,2021-04-10,7,1955,5,1444,1,439,1,72,4,509,4,761,5,1270,Not in California
Unknown,2021-04-11,7,1962,5,1449,2,441,0,72,3,509,3,764,3,1273,Not in California
Unknown,2021-04-12,23,1985,10,1459,12,453,1,73,12,510,12,776,13,1286,Not in California
Unknown,2021-04-13,28,2013,13,1472,15,468,0,73,12,506,16,792,12,1298,Not in California
Unknown,2021-04-14,21,2034,4,1476,17,485,0,73,5,495,16,808,5,1303,Not in California
Unknown,2021-04-15,26,2060,12,1488,13,498,1,74,11,491,15,823,11,1314,Not in California
Unknown,2021-04-16,15,2075,9,1497,6,504,0,74,7,491,7,830,7,1321,Not in California
Unknown,2021-04-17,14,2089,10,1507,4,508,0,74,4,487,9,839,5,1326,Not in California
Unknown,2021-04-18,13,2102,5,1512,8,516,0,74,6,485,8,847,6,1332,Not in California
Unknown,2021-04-19,18,2120,7,1519,11,527,0,74,7,482,10,857,7,1339,Not in California
Unknown,2021-04-20,16,2136,8,1527,8,535,0,74,2,470,14,871,2,1341,Not in California
Unknown,2021-04-21,27,2163,10,1537,17,552,0,74,10,462,18,889,10,1351,Not in California
Unknown,2021-04-22,14,2177,7,1544,7,559,0,74,5,457,10,899,5,1356,Not in California
Unknown,2021-04-23,26,2203,12,1556,14,573,0,74,16,462,11,910,16,1372,Not in California
Unknown,2021-04-24,26,2229,18,1574,8,581,0,74,17,468,11,921,17,1389,Not in California
Unknown,2021-04-25,16,2245,7,1581,9,590,0,74,8,467,9,930,8,1397,Not in California
Unknown,2021-04-26,17,2262,8,1589,9,599,0,74,6,463,10,940,6,1403,Not in California
Unknown,2021-04-27,25,2287,13,1602,11,610,1,75,10,458,16,956,11,1414,Not in California
Unknown,2021-04-28,23,2310,17,1619,4,614,2,77,9,453,16,972,11,1425,Not in California
Unknown,2021-04-29,27,2337,19,1638,8,622,0,77,12,450,15,987,12,1437,Not in California
Unknown,2021-04-30,22,2359,9,1647,9,631,4,81,12,455,11,998,16,1453,Not in California
Unknown,2021-05-01,25,2384,20,1667,5,636,0,81,14,458,11,1009,14,1467,Not in California
Unknown,2021-05-02,11,2395,5,1672,6,642,0,81,3,454,7,1016,3,1470,Not in California
Unknown,2021-05-03,19,2414,12,1684,4,646,3,84,6,449,13,1029,8,1478,Not in California
Unknown,2021-05-04,17,2431,8,1692,5,651,4,88,3,442,14,1043,7,1485,Not in California
Unknown,2021-05-05,18,2449,5,1697,12,663,1,89,8,440,11,1054,9,1494,Not in California
Unknown,2021-05-06,27,2476,15,1712,5,668,7,96,11,439,19,1073,18,1512,Not in California
Unknown,2021-05-07,23,2499,13,1725,7,675,3,99,9,437,14,1087,12,1524,Not in California
Unknown,2021-05-08,11,2510,7,1732,2,677,2,101,5,439,5,1092,7,1531,Not in California
Unknown,2021-05-09,16,2526,4,1736,8,685,4,105,8,443,8,1100,12,1543,Not in California
Unknown,2021-05-10,13,2539,5,1741,5,690,3,108,4,441,9,1109,7,1550,Not in California
Unknown,2021-05-11,12,2551,6,1747,3,693,3,111,6,444,6,1115,9,1559,Not in California
Unknown,2021-05-12,9,2560,5,1752,3,696,1,112,7,448,4,1119,8,1567,Not in California
Unknown,2021-05-13,14,2574,8,1760,1,697,5,117,11,458,7,1126,17,1584,Not in California
Unknown,2021-05-14,17,2591,14,1774,2,699,1,118,14,466,6,1132,14,1598,Not in California
Unknown,2021-05-15,13,2604,11,1785,2,701,0,118,11,472,5,1137,11,1609,Not in California
Unknown,2021-05-16,19,2623,13,1798,5,706,1,119,12,478,7,1144,13,1622,Not in California
Unknown,2021-05-17,19,2642,14,1812,3,709,2,121,13,485,8,1152,15,1637,Not in California
Unknown,2021-05-18,26,2668,17,1829,7,716,2,123,18,495,10,1162,20,1657,Not in California
Unknown,2021-05-19,29,2697,22,1851,6,722,1,124,18,499,15,1177,19,1676,Not in California
Unknown,2021-05-20,16,2713,13,1864,2,724,1,125,12,505,7,1184,13,1689,Not in California
Unknown,2021-05-21,21,2734,10,1874,7,731,4,129,11,507,13,1197,15,1704,Not in California
Unknown,2021-05-22,23,2757,19,1893,3,734,1,130,15,511,12,1209,16,1720,Not in California
Unknown,2021-05-23,9,2766,6,1899,3,737,0,130,8,516,3,1212,8,1728,Not in California
Unknown,2021-05-24,8,2774,5,1904,2,739,1,131,5,518,4,1216,6,1734,Not in California
Unknown,2021-05-25,17,2791,6,1910,5,744,6,137,9,524,9,1225,15,1749,Not in California
Unknown,2021-05-26,8,2799,5,1915,2,746,1,138,4,525,4,1229,5,1754,Not in California
Unknown,2021-05-27,18,2817,12,1927,4,750,2,140,6,522,11,1240,8,1762,Not in California
Unknown,2021-05-28,23,2840,13,1940,5,755,5,145,13,530,10,1250,18,1780,Not in California
Unknown,2021-05-29,10,2850,10,1950,0,755,0,145,7,534,3,1253,7,1787,Not in California
Unknown,2021-05-30,6,2856,4,1954,1,756,1,146,3,535,3,1256,4,1791,Not in California
Unknown,2021-05-31,1,2857,1,1955,0,756,0,146,0,534,1,1257,0,1791,Not in California
Unknown,2021-06-01,23,2880,11,1966,6,762,6,152,12,541,11,1268,18,1809,Not in California
Unknown,2021-06-02,7,2887,3,1969,4,766,0,152,3,540,4,1272,3,1812,Not in California
Unknown,2021-06-03,18,2905,18,1987,0,766,0,152,9,540,9,1281,9,1821,Not in California
Unknown,2021-06-04,23,2928,14,2001,9,775,0,152,13,543,10,1291,13,1834,Not in California
Unknown,2021-06-05,12,2940,7,2008,4,779,1,153,6,544,6,1297,7,1841,Not in California
Unknown,2021-06-06,23,2963,15,2023,5,784,3,156,8,540,15,1312,11,1852,Not in California
Unknown,2021-06-07,17,2980,7,2030,8,792,2,158,8,541,9,1321,10,1862,Not in California
Unknown,2021-06-08,15,2995,10,2040,3,795,2,160,3,535,11,1332,5,1867,Not in California
Unknown,2021-06-09,190,3185,136,2176,51,846,3,163,167,682,23,1355,170,2037,Not in California
Unknown,2021-06-10,240,3425,181,2357,53,899,6,169,216,880,24,1379,222,2259,Not in California
Unknown,2021-06-11,259,3684,190,2547,64,963,5,174,244,1115,14,1393,249,2508,Not in California
Unknown,2021-06-12,241,3925,184,2731,51,1014,6,180,215,1311,25,1418,221,2729,Not in California
Unknown,2021-06-13,90,4015,41,2772,42,1056,7,187,70,1368,20,1438,77,2806,Not in California
Unknown,2021-06-14,215,4230,148,2920,62,1118,5,192,198,1554,17,1455,203,3009,Not in California
Unknown,2021-06-15,2,4232,0,2920,1,1119,1,193,0,1553,2,1457,1,3010,Not in California
Alameda,2020-12-15,37,37,37,37,0,0,0,0,37,37,0,0,37,37,California
Alameda,2020-12-16,210,247,210,247,0,0,0,0,210,247,0,0,210,247,California
Alameda,2020-12-17,506,753,506,753,0,0,0,0,506,753,0,0,506,753,California
Alameda,2020-12-18,1902,2655,1901,2654,1,1,0,0,1902,2655,0,0,1902,2655,California
Alameda,2020-12-19,1421,4076,1421,4075,0,1,0,0,1421,4076,0,0,1421,4076,California
Alameda,2020-12-20,1173,5249,1172,5247,1,2,0,0,1172,5247,1,1,1172,5248,California
Alameda,2020-12-21,1833,7082,1831,7078,2,4,0,0,1832,7079,0,1,1832,7080,California
Alameda,2020-12-22,2087,9169,2033,9111,54,58,0,0,2086,9165,0,1,2086,9166,California
Alameda,2020-12-23,1911,11080,1654,10765,257,315,0,0,1910,11074,1,2,1910,11076,California
Alameda,2020-12-24,1203,12283,747,11512,456,771,0,0,1203,12277,0,2,1203,12279,California
Alameda,2020-12-25,160,12443,125,11637,35,806,0,0,160,12437,0,2,160,12439,California
Alameda,2020-12-26,851,13294,317,11954,534,1340,0,0,851,13288,0,2,851,13290,California
Alameda,2020-12-27,493,13787,254,12208,239,1579,0,0,493,13781,0,2,493,13783,California
Alameda,2020-12-28,1865,15652,957,13165,908,2487,0,0,1865,15646,0,2,1865,15648,California
Alameda,2020-12-29,2474,18126,1076,14241,1398,3885,0,0,2473,18119,0,2,2473,18121,California
Alameda,2020-12-30,3062,21188,1320,15561,1742,5627,0,0,3062,21181,0,2,3062,21183,California
Alameda,2020-12-31,1795,22983,447,16008,1348,6975,0,0,1793,22973,1,3,1793,22976,California
Alameda,2021-01-01,177,23160,74,16082,103,7078,0,0,175,23146,2,5,175,23151,California
Alameda,2021-01-02,726,23886,524,16606,202,7280,0,0,725,23871,0,5,725,23876,California
Alameda,2021-01-03,329,24215,214,16820,115,7395,0,0,326,24194,3,8,326,24202,California
Alameda,2021-01-04,1604,25819,910,17730,694,8089,0,0,1592,25775,11,19,1592,25794,California
Alameda,2021-01-05,2204,28023,1274,19004,930,9019,0,0,1948,27470,253,272,1948,27742,California
Alameda,2021-01-06,3248,31271,1798,20802,1450,10469,0,0,2374,28975,871,1143,2376,30118,California
Alameda,2021-01-07,3792,35063,2125,22927,1667,12136,0,0,2619,30435,1164,2307,2624,32742,California
Alameda,2021-01-08,4753,39816,2715,25642,2038,14174,0,0,3023,31740,1723,4030,3028,35770,California
Alameda,2021-01-09,2015,41831,1371,27013,644,14818,0,0,1160,32045,855,4885,1160,36930,California
Alameda,2021-01-10,1057,42888,837,27850,220,15038,0,0,425,31837,633,5518,425,37355,California
Alameda,2021-01-11,4649,47537,3518,31368,1131,16169,0,0,2849,32894,1799,7317,2856,40211,California
Alameda,2021-01-12,4840,52377,3260,34628,1580,17749,0,0,3453,34968,1386,8703,3460,43671,California
Alameda,2021-01-13,5023,57400,2658,37286,2365,20114,0,0,3826,37617,1192,9895,3841,47512,California
Alameda,2021-01-14,5646,63046,2794,40080,2852,22966,0,0,4750,41498,887,10782,4768,52280,California
Alameda,2021-01-15,5812,68858,2316,42396,3496,26462,0,0,5040,45786,765,11547,5053,57333,California
Alameda,2021-01-16,2978,71836,1398,43794,1580,28042,0,0,2712,48234,266,11813,2714,60047,California
Alameda,2021-01-17,1869,73705,1087,44881,782,28824,0,0,1664,49694,205,12018,1665,61712,California
Alameda,2021-01-18,3155,76860,2027,46908,1128,29952,0,0,2562,51671,587,12605,2564,64276,California
Alameda,2021-01-19,5505,82365,3316,50224,2189,32141,0,0,4311,54794,1192,13797,4315,68591,California
Alameda,2021-01-20,6763,89128,4093,54317,2670,34811,0,0,5468,58985,1282,15079,5473,74064,California
Alameda,2021-01-21,7800,96928,3427,57744,4373,39184,0,0,6955,65109,838,15917,6962,81026,California
Alameda,2021-01-22,6819,103747,2026,59770,4793,43977,0,0,5678,69656,1132,17049,5679,86705,California
Alameda,2021-01-23,3260,107007,944,60714,2316,46293,0,0,2709,71815,550,17599,2709,89414,California
Alameda,2021-01-24,2026,109033,654,61368,1372,47665,0,0,1755,73302,268,17867,1755,91169,California
Alameda,2021-01-25,5166,114199,1974,63342,3192,50857,0,0,3600,75345,1558,19425,3601,94770,California
Alameda,2021-01-26,7308,121507,2308,65650,5000,55857,0,0,5420,78887,1880,21305,5422,100192,California
Alameda,2021-01-27,6687,128194,2061,67711,4626,60483,0,0,4842,81897,1833,23138,4843,105035,California
Alameda,2021-01-28,7871,136065,2559,70270,5312,65795,0,0,5633,85311,2222,25360,5636,110671,California
Alameda,2021-01-29,7994,144059,3198,73468,4796,70591,0,0,6155,89644,1829,27189,6162,116833,California
Alameda,2021-01-30,3432,147491,1688,75156,1744,72335,0,0,2720,91658,706,27895,2720,119553,California
Alameda,2021-01-31,1913,149404,943,76099,970,73305,0,0,1675,93098,235,28130,1675,121228,California
Alameda,2021-02-01,6452,155856,3876,79975,2576,75881,0,0,4319,95294,2124,30254,4320,125548,California
Alameda,2021-02-02,6999,162855,3771,83746,3228,79109,0,0,4671,97644,2321,32575,4671,130219,California
Alameda,2021-02-03,7010,169865,3697,87443,3313,82422,0,0,4330,99305,2674,35249,4335,134554,California
Alameda,2021-02-04,9435,179300,4118,91561,5317,87739,0,0,6328,102544,3094,38343,6333,140887,California
Alameda,2021-02-05,10237,189537,5345,96906,4892,92631,0,0,6370,105060,3861,42204,6377,147264,California
Alameda,2021-02-06,6930,196467,4408,101314,2522,95153,0,0,5804,109738,1126,43330,5804,153068,California
Alameda,2021-02-07,3579,200046,2891,104205,688,95841,0,0,2634,111432,942,44272,2636,155704,California
Alameda,2021-02-08,8082,208128,5792,109997,2290,98131,0,0,5527,114415,2546,46818,5529,161233,California
Alameda,2021-02-09,9626,217754,5794,115791,3832,101963,0,0,5990,116784,3623,50441,5992,167225,California
Alameda,2021-02-10,11421,229175,6752,122543,4669,106632,0,0,6522,118430,4884,55325,6530,173755,California
Alameda,2021-02-11,13927,243102,8018,130561,5909,112541,0,0,8353,121232,5554,60879,8356,182111,California
Alameda,2021-02-12,12464,255566,5673,136234,6791,119332,0,0,7720,124227,4728,65607,7723,189834,California
Alameda,2021-02-13,7754,263320,4041,140275,3713,123045,0,0,5808,128095,1942,67549,5810,195644,California
Alameda,2021-02-14,4036,267356,2546,142821,1490,124535,0,0,2859,129784,1173,68722,2862,198506,California
Alameda,2021-02-15,5642,272998,3185,146006,2457,126992,0,0,3675,131496,1965,70687,3677,202183,California
Alameda,2021-02-16,12486,285484,6961,152967,5525,132517,0,0,9284,137595,3191,73878,9290,211473,California
Alameda,2021-02-17,14099,299583,8377,161344,5722,138239,0,0,10468,144450,3615,77493,10470,221943,California
Alameda,2021-02-18,15842,315425,10075,171419,5767,144006,0,0,11516,151656,4316,81809,11522,233465,California
Alameda,2021-02-19,17820,333245,11569,182988,6251,150257,0,0,11778,157420,6019,87828,11783,245248,California
Alameda,2021-02-20,12000,345245,9702,192690,2298,152555,0,0,9233,163897,2762,90590,9239,254487,California
Alameda,2021-02-21,7788,353033,6836,199526,952,153507,0,0,5284,166689,2492,93082,5284,259771,California
Alameda,2021-02-22,10929,363962,8058,207584,2871,156378,0,0,6865,169512,4051,97133,6874,266645,California
Alameda,2021-02-23,12951,376913,7895,215479,5056,161434,0,0,8069,172715,4872,102005,8075,274720,California
Alameda,2021-02-24,14799,391712,8312,223791,6487,167921,0,0,9583,177151,5153,107158,9589,284309,California
Alameda,2021-02-25,15965,407677,9261,233052,6704,174625,0,0,10095,181417,5838,112996,10104,294413,California
Alameda,2021-02-26,18595,426272,10834,243886,7761,182386,0,0,11806,186484,6743,119739,11810,306223,California
Alameda,2021-02-27,15139,441411,11172,255058,3965,186351,2,2,9361,190094,5755,125494,9365,315588,California
Alameda,2021-02-28,10082,451493,8412,263470,1669,188020,1,3,6522,193086,3532,129026,6524,322112,California
Alameda,2021-03-01,14041,465534,9709,273179,4321,192341,11,14,8581,196274,5412,134438,8600,330712,California
Alameda,2021-03-02,15005,480539,10799,283978,4205,196546,1,15,9823,200943,5162,139600,9831,340543,California
Alameda,2021-03-03,15754,496293,10331,294309,5420,201966,3,18,10795,206813,4932,144532,10802,351345,California
Alameda,2021-03-04,17386,513679,11183,305492,6201,208167,2,20,10970,211405,6380,150912,10972,362317,California
Alameda,2021-03-05,16175,529854,10614,316106,5551,213718,10,30,10939,217168,5192,156104,10955,373272,California
Alameda,2021-03-06,14515,544369,10257,326363,3992,217710,266,296,9618,222204,4848,160952,9884,383156,California
Alameda,2021-03-07,9762,554131,8510,334873,1169,218879,83,379,6965,226484,2770,163722,7050,390206,California
Alameda,2021-03-08,11923,566054,7447,342320,4099,222978,377,756,8915,232816,2958,166680,9290,399496,California
Alameda,2021-03-09,14639,580693,10307,352627,3902,226880,430,1186,7979,234597,6628,173308,8409,407905,California
Alameda,2021-03-10,17422,598115,12095,364722,4776,231656,551,1737,7861,233472,9533,182841,8408,416313,California
Alameda,2021-03-11,19732,617847,11567,376289,6453,238109,1712,3449,6696,228862,13006,195847,8396,424709,California
Alameda,2021-03-12,21321,639168,12508,388797,7112,245221,1701,5150,7341,223942,13949,209796,9029,433738,California
Alameda,2021-03-13,16031,655199,10312,399109,4717,249938,1002,6152,5040,219021,10956,220752,6035,439773,California
Alameda,2021-03-14,10871,666070,8020,407129,2070,252008,781,6933,3295,215534,7554,228306,4067,443840,California
Alameda,2021-03-15,14420,680490,9445,416574,4448,256456,527,7460,6210,214089,8179,236485,6734,450574,California
Alameda,2021-03-16,17171,697661,11168,427742,5470,261926,533,7993,7326,212156,9793,246278,7860,458434,California
Alameda,2021-03-17,17557,715218,9947,437689,6883,268809,727,8720,8125,211620,9384,255662,8848,467282,California
Alameda,2021-03-18,19144,734362,10441,448130,7811,276620,892,9612,8618,210640,10494,266156,9514,476796,California
Alameda,2021-03-19,19367,753729,10626,458756,6946,283566,1795,11407,7543,208195,11774,277930,9329,486125,California
Alameda,2021-03-20,15778,769507,10344,469100,4581,288147,853,12260,6311,205920,9434,287364,7159,493284,California
Alameda,2021-03-21,9201,778708,7233,476333,1415,289562,553,12813,3378,204039,5812,293176,3931,497215,California
Alameda,2021-03-22,15031,793739,10128,486461,3890,293452,1013,13826,6788,203620,8212,301388,7793,505008,California
Alameda,2021-03-23,19284,813023,11708,498169,6759,300211,817,14643,9754,204716,9478,310866,10574,515582,California
Alameda,2021-03-24,19264,832287,11676,509845,6563,306774,1025,15668,8382,203296,10817,321683,9397,524979,California
Alameda,2021-03-25,20534,852821,11402,521247,7723,314497,1409,17077,9360,202950,11103,332786,10757,535736,California
Alameda,2021-03-26,20940,873761,12635,533882,6739,321236,1566,18643,8411,200433,12480,345266,9963,545699,California
Alameda,2021-03-27,18340,892101,12514,546396,4875,326111,951,19594,7510,198102,10780,356046,8449,554148,California
Alameda,2021-03-28,10655,902756,8687,555083,1765,327876,203,19797,3453,194575,7186,363232,3659,557807,California
Alameda,2021-03-29,14688,917444,9414,564497,4280,332156,994,20791,5824,192565,8826,372058,6816,564623,California
Alameda,2021-03-30,18569,936013,9802,574299,7043,339199,1724,22515,9251,194247,9282,381340,10964,575587,California
Alameda,2021-03-31,19340,955353,10186,584485,7049,346248,2105,24620,8974,194978,10336,391676,11067,586654,California
Alameda,2021-04-01,23299,978652,9974,594459,7640,353888,5685,30305,11008,199403,12239,403915,16664,603318,California
Alameda,2021-04-02,24065,1002717,9876,604335,8310,362198,5879,36184,11609,204440,12419,416334,17456,620774,California
Alameda,2021-04-03,20330,1023047,9795,614130,5670,367868,4865,41049,10266,209523,10040,426374,15123,635897,California
Alameda,2021-04-04,9949,1032996,3987,618117,2259,370127,3703,44752,3448,210188,6481,432855,7146,643043,California
Alameda,2021-04-05,17824,1050820,7505,625622,5503,375630,4816,49568,7251,211703,10548,443403,12063,655106,California
Alameda,2021-04-06,22179,1072999,10656,636278,5651,381281,5872,55440,10050,215510,12092,455495,15899,671005,California
Alameda,2021-04-07,22560,1095559,11557,647835,5521,386802,5482,60922,11415,221293,11100,466595,16883,687888,California
Alameda,2021-04-08,25558,1121117,11500,659335,6035,392837,8023,68945,10917,225650,14559,481154,18916,706804,California
Alameda,2021-04-09,23392,1144509,10659,669994,7481,400318,5252,74197,12062,231667,11295,492449,17312,724116,California
Alameda,2021-04-10,19298,1163807,7486,677480,5638,405956,6174,80371,8247,235046,11025,503474,14404,738520,California
Alameda,2021-04-11,11005,1174812,4809,682289,2236,408192,3960,84331,4491,236987,6495,509969,8436,746956,California
Alameda,2021-04-12,18128,1192940,11801,694090,4351,412543,1976,86307,10287,241440,7804,517773,12257,759213,California
Alameda,2021-04-13,23136,1216076,14715,708805,8361,420904,60,86367,17099,252625,5985,523758,17170,776383,California
Alameda,2021-04-14,23267,1239343,15299,724104,7966,428870,2,86369,15695,260803,7533,531291,15711,792094,California
Alameda,2021-04-15,24239,1263582,15485,739589,8752,437622,2,86371,16165,268973,8011,539302,16181,808275,California
Alameda,2021-04-16,24474,1288056,14416,754005,10052,447674,6,86377,15815,276220,8602,547904,15849,824124,California
Alameda,2021-04-17,20915,1308971,14438,768443,6475,454149,2,86379,14488,284333,6392,554296,14505,838629,California
Alameda,2021-04-18,9997,1318968,7673,776116,2324,456473,0,86379,6931,288237,3037,557333,6941,845570,California
Alameda,2021-04-19,15636,1334604,9739,785855,5896,462369,1,86380,9086,290824,6510,563843,9097,854667,California
Alameda,2021-04-20,18110,1352714,11104,796959,7004,469373,2,86382,9980,292743,8085,571928,10004,864671,California
Alameda,2021-04-21,19096,1371810,11161,808120,7924,477297,11,86393,11178,296085,7864,579792,11206,875877,California
Alameda,2021-04-22,21393,1393203,13769,821889,7619,484916,5,86398,11420,297614,9919,589711,11448,887325,California
Alameda,2021-04-23,21783,1414986,14074,835963,7705,492621,4,86402,12251,300422,9474,599185,12282,899607,California
Alameda,2021-04-24,18960,1433946,14410,850373,4542,497163,8,86410,10063,301652,8851,608036,10081,909688,California
Alameda,2021-04-25,8989,1442935,6994,857367,1994,499157,1,86411,5890,304480,3073,611109,5901,915589,California
Alameda,2021-04-26,14399,1457334,9971,867338,4402,503559,26,86437,8978,308106,5388,616497,9014,924603,California
Alameda,2021-04-27,16272,1473606,9632,876970,6274,509833,366,86803,7711,307697,8509,625006,8100,932703,California
Alameda,2021-04-28,16433,1490039,10382,887352,5586,515419,465,87268,6683,305142,9716,634722,7161,939864,California
Alameda,2021-04-29,17163,1507202,10283,897635,6550,521969,330,87598,6395,301177,10711,645433,6746,946610,California
Alameda,2021-04-30,19954,1527156,12489,910124,7125,529094,340,87938,8243,298166,11631,657064,8620,955230,California
Alameda,2021-05-01,13967,1541123,9350,919474,4410,533504,207,88145,5225,294920,8706,665770,5460,960690,California
Alameda,2021-05-02,7065,1548188,4931,924405,1965,535469,169,88314,2886,293818,4161,669931,3059,963749,California
Alameda,2021-05-03,14532,1562720,10936,935341,3276,538745,320,88634,2837,285367,11636,681567,3185,966934,California
Alameda,2021-05-04,18327,1581047,13154,948495,4812,543557,361,88995,3678,274854,14583,696150,4070,971004,California
Alameda,2021-05-05,18349,1599396,13340,961835,4500,548057,509,89504,3725,264541,14560,710710,4247,975251,California
Alameda,2021-05-06,18688,1618084,14121,975956,3873,551930,694,90198,3672,253979,14941,725651,4379,979630,California
Alameda,2021-05-07,19175,1637259,12879,988835,5881,557811,415,90613,4408,244121,14696,740347,4838,984468,California
Alameda,2021-05-08,16470,1653729,11273,1000108,4987,562798,210,90823,3103,234124,13326,753673,3329,987797,California
Alameda,2021-05-09,8529,1662258,6985,1007093,1401,564199,143,90966,1443,228650,7064,760737,1590,989387,California
Alameda,2021-05-10,10124,1672382,6931,1014024,2869,567068,324,91290,2522,223936,7569,768306,2855,992242,California
Alameda,2021-05-11,15238,1687620,8202,1022226,6722,573790,314,91604,2811,214720,12377,780683,3161,995403,California
Alameda,2021-05-12,13326,1700946,8862,1031088,4022,577812,442,92046,2988,207888,10293,790976,3461,998864,California
Alameda,2021-05-13,17679,1718625,12685,1043773,4450,582262,544,92590,5670,202175,11959,802935,6246,1005110,California
Alameda,2021-05-14,20507,1739132,13908,1057681,6135,588397,464,93054,7072,196365,13358,816293,7548,1012658,California
Alameda,2021-05-15,17045,1756177,12400,1070081,4418,592815,227,93281,5754,191105,11246,827539,5986,1018644,California
Alameda,2021-05-16,8404,1764581,7187,1077268,1125,593940,92,93373,2803,188435,5570,833109,2900,1021544,California
Alameda,2021-05-17,13387,1777968,9980,1087248,2879,596819,528,93901,4184,183996,9165,842274,4726,1026270,California
Alameda,2021-05-18,14151,1792119,10291,1097539,3439,600258,421,94322,4998,180309,9109,851383,5422,1031692,California
Alameda,2021-05-19,14420,1806539,9887,1107426,4198,604456,335,94657,5983,178241,8386,859769,6318,1038010,California
Alameda,2021-05-20,13228,1819767,8723,1116149,3971,608427,534,95191,5816,177231,7361,867130,6351,1044361,California
Alameda,2021-05-21,15248,1835015,10020,1126169,4956,613383,272,95463,5183,172692,9999,877129,5460,1049821,California
Alameda,2021-05-22,10244,1845259,7395,1133564,2684,616067,165,95628,4133,170915,6081,883210,4304,1054125,California
Alameda,2021-05-23,4893,1850152,3717,1137281,1087,617154,89,95717,1586,169305,3286,886496,1676,1055801,California
Alameda,2021-05-24,6951,1857103,3949,1141230,2749,619903,253,95970,2644,167941,4267,890763,2903,1058704,California
Alameda,2021-05-25,7984,1865087,5163,1146393,2566,622469,255,96225,3588,167417,4362,895125,3838,1062542,California
Alameda,2021-05-26,8248,1873335,5155,1151548,2794,625263,299,96524,3632,166750,4592,899717,3925,1066467,California
Alameda,2021-05-27,8085,1881420,4865,1156413,2872,628135,348,96872,3425,165900,4618,904335,3768,1070235,California
Alameda,2021-05-28,8590,1890010,5027,1161440,3339,631474,224,97096,3654,164869,4911,909246,3880,1074115,California
Alameda,2021-05-29,4909,1894919,2954,1164394,1769,633243,186,97282,2546,165259,2344,911590,2734,1076849,California
Alameda,2021-05-30,2433,1897352,1592,1165986,752,633995,89,97371,976,164875,1449,913039,1065,1077914,California
Alameda,2021-05-31,1153,1898505,853,1166839,245,634240,55,97426,345,164482,793,913832,400,1078314,California
Alameda,2021-06-01,7098,1905603,4976,1171815,1880,636120,242,97668,3096,163846,3975,917807,3339,1081653,California
Alameda,2021-06-02,5802,1911405,3609,1175424,1972,638092,221,97889,2250,162789,3521,921328,2464,1084117,California
Alameda,2021-06-03,8449,1919854,6384,1181808,1785,639877,280,98169,2940,160533,5473,926801,3217,1087334,California
Alameda,2021-06-04,10420,1930274,7671,1189479,2507,642384,242,98411,2959,156314,7421,934222,3202,1090536,California
Alameda,2021-06-05,7991,1938265,5793,1195272,2036,644420,162,98573,1901,152320,6055,940277,2061,1092597,California
Alameda,2021-06-06,3623,1941888,3271,1198543,271,644691,81,98654,1086,150959,2528,942805,1167,1093764,California
Alameda,2021-06-07,5764,1947652,4214,1202757,1375,646066,175,98829,1750,148893,3991,946796,1925,1095689,California
Alameda,2021-06-08,7239,1954891,5778,1208535,1217,647283,244,99073,2125,146174,5087,951883,2368,1098057,California
Alameda,2021-06-09,7256,1962147,5935,1214470,1126,648409,195,99268,1691,142513,5542,957425,1881,1099938,California
Alameda,2021-06-10,7980,1970127,6682,1221152,999,649408,299,99567,2148,139152,5805,963230,2444,1102382,California
Alameda,2021-06-11,8013,1978140,6126,1227278,1663,651071,224,99791,2458,136310,5527,968757,2685,1105067,California
Alameda,2021-06-12,5465,1983605,4180,1231458,1098,652169,187,99978,1368,133798,4069,972826,1557,1106624,California
Alameda,2021-06-13,2228,1985833,1681,1233139,426,652595,121,100099,633,132968,1582,974408,752,1107376,California
Alameda,2021-06-14,3652,1989485,2568,1235707,891,653486,193,100292,1144,131818,2485,976893,1335,1108711,California
Alameda,2021-06-15,3657,1993142,2557,1238264,884,654370,216,100508,1045,130478,2597,979490,1257,1109968,California
Alpine,2020-12-18,2,2,2,2,0,0,0,0,2,2,0,0,2,2,California
Alpine,2020-12-19,2,4,2,4,0,0,0,0,2,4,0,0,2,4,California
Alpine,2020-12-21,1,5,1,5,0,0,0,0,1,5,0,0,1,5,California
Alpine,2020-12-30,14,19,0,5,14,14,0,0,14,19,0,0,14,19,California
Alpine,2020-12-31,1,20,0,5,1,15,0,0,1,20,0,0,1,20,California
Alpine,2021-01-01,1,21,0,5,1,16,0,0,1,21,0,0,1,21,California
Alpine,2021-01-02,1,22,1,6,0,16,0,0,1,22,0,0,1,22,California
Alpine,2021-01-04,10,32,0,6,10,26,0,0,10,32,0,0,10,32,California
Alpine,2021-01-05,9,41,1,7,8,34,0,0,9,41,0,0,9,41,California
Alpine,2021-01-06,31,72,0,7,31,65,0,0,31,72,0,0,31,72,California
Alpine,2021-01-07,8,80,0,7,8,73,0,0,8,80,0,0,8,80,California
Alpine,2021-01-08,4,84,2,9,2,75,0,0,2,80,2,2,2,82,California
Alpine,2021-01-09,2,86,2,11,0,75,0,0,0,78,2,4,0,82,California
Alpine,2021-01-11,32,118,1,12,31,106,0,0,31,108,1,5,31,113,California
Alpine,2021-01-13,35,153,0,12,35,141,0,0,35,143,0,5,35,148,California
Alpine,2021-01-14,1,154,0,12,1,142,0,0,1,144,0,5,1,149,California
Alpine,2021-01-15,1,155,0,12,1,143,0,0,1,145,0,5,1,150,California
Alpine,2021-01-20,21,176,0,12,21,164,0,0,21,166,0,5,21,171,California
Alpine,2021-01-21,1,177,0,12,1,165,0,0,1,167,0,5,1,172,California
Alpine,2021-01-22,33,210,0,12,33,198,0,0,33,200,0,5,33,205,California
Alpine,2021-01-23,1,211,1,13,0,198,0,0,0,199,1,6,0,205,California
Alpine,2021-01-25,16,227,0,13,16,214,0,0,16,215,0,6,16,221,California
Alpine,2021-01-27,1,228,1,14,0,214,0,0,0,214,1,7,0,221,California
Alpine,2021-01-28,1,229,0,14,1,215,0,0,0,213,1,8,0,221,California
Alpine,2021-01-29,1,230,0,14,1,216,0,0,1,214,0,8,1,222,California
Alpine,2021-02-01,25,255,0,14,25,241,0,0,7,203,18,26,7,229,California
Alpine,2021-02-03,34,289,0,14,34,275,0,0,10,189,24,50,10,239,California
Alpine,2021-02-04,8,297,0,14,8,283,0,0,3,187,5,55,3,242,California
Alpine,2021-02-05,31,328,0,14,31,314,0,0,12,180,19,74,12,254,California
Alpine,2021-02-08,32,360,0,14,32,346,0,0,4,156,28,102,4,258,California
Alpine,2021-02-10,34,394,0,14,34,380,0,0,0,122,34,136,0,258,California
Alpine,2021-02-11,6,400,0,14,6,386,0,0,3,122,3,139,3,261,California
Alpine,2021-02-12,1,401,0,14,1,387,0,0,0,121,1,140,0,261,California
Alpine,2021-02-17,23,424,0,14,23,410,0,0,3,104,20,160,3,264,California
Alpine,2021-02-18,2,426,0,14,2,412,0,0,1,104,1,161,1,265,California
Alpine,2021-02-19,34,460,1,15,33,445,0,0,2,74,32,193,2,267,California
Alpine,2021-02-22,27,487,0,15,27,472,0,0,8,63,19,212,8,275,California
Alpine,2021-02-25,6,493,1,16,5,477,0,0,6,69,0,212,6,281,California
Alpine,2021-02-26,30,523,1,17,29,506,0,0,29,97,1,213,29,310,California
Alpine,2021-02-27,1,524,0,17,1,507,0,0,1,98,0,213,1,311,California
Alpine,2021-03-01,36,560,0,17,36,543,0,0,26,114,10,223,26,337,California
Alpine,2021-03-03,29,589,0,17,29,572,0,0,18,121,11,234,18,355,California
Alpine,2021-03-04,11,600,1,18,10,582,0,0,11,132,0,234,11,366,California
Alpine,2021-03-05,30,630,0,18,30,612,0,0,22,146,8,242,22,388,California
Alpine,2021-03-08,31,661,0,18,31,643,0,0,29,173,2,244,29,417,California
Alpine,2021-03-10,73,734,0,18,73,716,0,0,73,246,0,244,73,490,California
Alpine,2021-03-11,35,769,0,18,35,751,0,0,31,273,4,248,31,521,California
Alpine,2021-03-12,19,788,0,18,19,770,0,0,17,288,2,250,17,538,California
Alpine,2021-03-15,20,808,0,18,20,790,0,0,19,306,1,251,19,557,California
Alpine,2021-03-17,23,831,0,18,22,812,1,1,19,322,4,255,20,577,California
Alpine,2021-03-18,37,868,2,20,35,847,0,1,35,355,2,257,35,612,California
Alpine,2021-03-19,2,870,1,21,1,848,0,1,1,355,1,258,1,613,California
Alpine,2021-03-22,24,894,0,21,24,872,0,1,15,361,9,267,15,628,California
Alpine,2021-03-24,19,913,0,21,19,891,0,1,8,358,11,278,8,636,California
Alpine,2021-03-25,35,948,1,22,33,924,1,2,27,379,7,285,28,664,California
Alpine,2021-03-27,1,949,0,22,1,925,0,2,0,378,1,286,0,664,California
Alpine,2021-03-28,1,950,1,23,0,925,0,2,1,379,0,286,1,665,California
Alpine,2021-03-29,19,969,0,23,18,943,1,3,2,365,17,303,3,668,California
Alpine,2021-04-01,18,987,0,23,18,961,0,3,8,363,10,313,8,676,California
Alpine,2021-04-02,100,1087,0,23,100,1061,0,3,45,354,54,367,45,721,California
Alpine,2021-04-05,3,1090,0,23,3,1064,0,3,0,351,3,370,0,721,California
Alpine,2021-04-06,2,1092,1,24,1,1065,0,3,1,351,1,371,1,722,California
Alpine,2021-04-07,117,1209,0,24,116,1181,1,4,30,296,86,457,31,753,California
Alpine,2021-04-08,35,1244,0,24,35,1216,0,4,10,281,25,482,10,763,California
Alpine,2021-04-09,2,1246,0,24,2,1218,0,4,2,283,0,482,2,765,California
Alpine,2021-04-14,47,1293,0,24,47,1265,0,4,10,256,37,519,10,775,California
Alpine,2021-04-15,35,1328,0,24,35,1300,0,4,3,227,32,551,3,778,California
Alpine,2021-04-19,1,1329,0,24,1,1301,0,4,1,228,0,551,1,779,California
Alpine,2021-04-21,31,1360,0,24,31,1332,0,4,15,227,16,567,15,794,California
Alpine,2021-04-22,24,1384,0,24,24,1356,0,4,1,205,23,590,1,795,California
Alpine,2021-04-25,1,1385,1,25,0,1356,0,4,0,204,1,591,0,795,California
Alpine,2021-04-27,1,1386,0,25,1,1357,0,4,1,205,0,591,1,796,California
Alpine,2021-04-28,36,1422,0,25,36,1393,0,4,6,181,30,621,6,802,California
Alpine,2021-04-29,6,1428,0,25,6,1399,0,4,0,175,6,627,0,802,California
Alpine,2021-04-30,2,1430,1,26,0,1399,1,5,1,176,1,628,2,804,California
Alpine,2021-05-02,1,1431,0,26,0,1399,1,6,0,176,1,629,1,805,California
Alpine,2021-05-05,17,1448,0,26,17,1416,0,6,4,167,13,642,4,809,California
Alpine,2021-05-06,8,1456,0,26,8,1424,0,6,0,159,8,650,0,809,California
Alpine,2021-05-07,1,1457,0,26,1,1425,0,6,0,158,1,651,0,809,California
Alpine,2021-05-10,1,1458,0,26,1,1426,0,6,1,159,0,651,1,810,California
Alpine,2021-05-12,1,1459,0,26,0,1426,1,7,0,159,1,652,1,811,California
Alpine,2021-05-13,3,1462,0,26,3,1429,0,7,0,156,3,655,0,811,California
Alpine,2021-05-17,2,1464,0,26,2,1431,0,7,1,156,1,656,1,812,California
Alpine,2021-05-18,1,1465,0,26,1,1432,0,7,1,157,0,656,1,813,California
Alpine,2021-05-19,15,1480,0,26,15,1447,0,7,0,142,15,671,0,813,California
Alpine,2021-05-21,1,1481,1,27,0,1447,0,7,0,141,1,672,0,813,California
Alpine,2021-05-25,1,1482,0,27,1,1448,0,7,0,140,1,673,0,813,California
Alpine,2021-05-27,1,1483,0,27,1,1449,0,7,1,141,0,673,1,814,California
Alpine,2021-05-28,2,1485,1,28,1,1450,0,7,2,143,0,673,2,816,California
Alpine,2021-05-29,1,1486,0,28,1,1451,0,7,1,144,0,673,1,817,California
Alpine,2021-06-02,8,1494,0,28,8,1459,0,7,1,138,7,680,1,818,California
Alpine,2021-06-04,1,1495,0,28,1,1460,0,7,1,139,0,680,1,819,California
Alpine,2021-06-07,1,1496,0,28,1,1461,0,7,0,138,1,681,0,819,California
Alpine,2021-06-10,1,1497,1,29,0,1461,0,7,1,139,0,681,1,820,California
Alpine,2021-06-15,1,1498,0,29,1,1462,0,7,0,138,1,682,0,820,California
Amador,2020-12-16,2,2,2,2,0,0,0,0,2,2,0,0,2,2,California
Amador,2020-12-17,5,7,5,7,0,0,0,0,5,7,0,0,5,7,California
Amador,2020-12-18,46,53,46,53,0,0,0,0,46,53,0,0,46,53,California
Amador,2020-12-19,16,69,16,69,0,0,0,0,16,69,0,0,16,69,California
Amador,2020-12-20,4,73,4,73,0,0,0,0,4,73,0,0,4,73,California
Amador,2020-12-21,30,103,30,103,0,0,0,0,30,103,0,0,30,103,California
Amador,2020-12-22,35,138,34,137,1,1,0,0,35,138,0,0,35,138,California
Amador,2020-12-23,40,178,39,176,1,2,0,0,40,178,0,0,40,178,California
Amador,2020-12-24,5,183,3,179,2,4,0,0,5,183,0,0,5,183,California
Amador,2020-12-26,5,188,4,183,1,5,0,0,5,188,0,0,5,188,California
Amador,2020-12-27,1,189,0,183,1,6,0,0,1,189,0,0,1,189,California
Amador,2020-12-28,30,219,26,209,4,10,0,0,30,219,0,0,30,219,California
Amador,2020-12-29,25,244,18,227,7,17,0,0,25,244,0,0,25,244,California
Amador,2020-12-30,122,366,76,303,46,63,0,0,122,366,0,0,122,366,California
Amador,2020-12-31,193,559,168,471,25,88,0,0,193,559,0,0,193,559,California
Amador,2021-01-01,2,561,0,471,2,90,0,0,2,561,0,0,2,561,California
Amador,2021-01-02,57,618,57,528,0,90,0,0,57,618,0,0,57,618,California
Amador,2021-01-03,66,684,17,545,49,139,0,0,66,684,0,0,66,684,California
Amador,2021-01-04,124,808,1,546,123,262,0,0,124,808,0,0,124,808,California
Amador,2021-01-05,34,842,3,549,31,293,0,0,32,839,2,2,33,841,California
Amador,2021-01-06,41,883,11,560,30,323,0,0,37,872,4,6,37,878,California
Amador,2021-01-07,229,1112,69,629,160,483,0,0,217,1077,12,18,217,1095,California
Amador,2021-01-08,85,1197,70,699,15,498,0,0,41,1075,44,62,42,1137,California
Amador,2021-01-09,11,1208,11,710,0,498,0,0,2,1068,9,71,2,1139,California
Amador,2021-01-10,6,1214,4,714,2,500,0,0,2,1066,4,75,2,1141,California
Amador,2021-01-11,124,1338,43,757,81,581,0,0,88,1119,36,111,89,1230,California
Amador,2021-01-12,65,1403,50,807,15,596,0,0,41,1136,24,135,41,1271,California
Amador,2021-01-13,40,1443,24,831,16,612,0,0,28,1152,12,147,28,1299,California
Amador,2021-01-14,149,1592,22,853,127,739,0,0,139,1282,10,157,140,1439,California
Amador,2021-01-15,59,1651,25,878,34,773,0,0,51,1325,8,165,51,1490,California
Amador,2021-01-16,17,1668,11,889,6,779,0,0,11,1331,6,171,12,1502,California
Amador,2021-01-17,26,1694,5,894,21,800,0,0,26,1357,0,171,26,1528,California
Amador,2021-01-18,30,1724,26,920,4,804,0,0,9,1345,21,192,9,1537,California
Amador,2021-01-19,124,1848,99,1019,25,829,0,0,81,1383,43,235,81,1618,California
Amador,2021-01-20,180,2028,30,1049,150,979,0,0,166,1536,13,248,166,1784,California
Amador,2021-01-21,259,2287,229,1278,30,1009,0,0,148,1574,111,359,149,1933,California
Amador,2021-01-22,135,2422,72,1350,63,1072,0,0,128,1695,7,366,128,2061,California
Amador,2021-01-23,53,2475,32,1382,21,1093,0,0,50,1742,3,369,50,2111,California
Amador,2021-01-24,30,2505,12,1394,18,1111,0,0,27,1766,3,372,27,2138,California
Amador,2021-01-25,59,2564,29,1423,30,1141,0,0,41,1789,18,390,41,2179,California
Amador,2021-01-26,244,2808,17,1440,227,1368,0,0,234,2013,10,400,234,2413,California
Amador,2021-01-27,301,3109,33,1473,268,1636,0,0,254,2223,45,445,255,2668,California
Amador,2021-01-28,369,3478,97,1570,272,1908,0,0,288,2431,81,526,289,2957,California
Amador,2021-01-29,99,3577,33,1603,66,1974,0,0,84,2500,15,541,84,3041,California
Amador,2021-01-30,168,3745,36,1639,132,2106,0,0,163,2658,5,546,163,3204,California
Amador,2021-01-31,33,3778,28,1667,5,2111,0,0,32,2689,1,547,32,3236,California
Amador,2021-02-01,66,3844,24,1691,42,2153,0,0,39,2701,27,574,39,3275,California
Amador,2021-02-02,214,4058,64,1755,150,2303,0,0,127,2744,84,658,127,3402,California
Amador,2021-02-03,140,4198,38,1793,102,2405,0,0,88,2781,51,709,88,3490,California
Amador,2021-02-04,249,4447,74,1867,175,2580,0,0,163,2860,86,795,165,3655,California
Amador,2021-02-05,334,4781,63,1930,271,2851,0,0,317,3160,17,812,317,3972,California
Amador,2021-02-06,100,4881,81,2011,19,2870,0,0,96,3252,4,816,96,4068,California
Amador,2021-02-07,39,4920,35,2046,4,2874,0,0,35,3284,4,820,36,4104,California
Amador,2021-02-08,91,5011,63,2109,28,2902,0,0,74,3341,17,837,74,4178,California
Amador,2021-02-09,173,5184,81,2190,92,2994,0,0,107,3382,66,903,107,4285,California
Amador,2021-02-10,980,6164,80,2270,900,3894,0,0,947,4296,33,936,947,5232,California
Amador,2021-02-11,306,6470,118,2388,188,4082,0,0,196,4384,108,1044,196,5428,California
Amador,2021-02-12,327,6797,120,2508,207,4289,0,0,255,4567,72,1116,255,5683,California
Amador,2021-02-13,164,6961,80,2588,84,4373,0,0,141,4685,23,1139,141,5824,California
Amador,2021-02-14,123,7084,54,2642,69,4442,0,0,105,4772,18,1157,105,5929,California
Amador,2021-02-15,187,7271,61,2703,126,4568,0,0,170,4926,16,1173,170,6099,California
Amador,2021-02-16,466,7737,53,2756,413,4981,0,0,427,5315,39,1212,428,6527,California
Amador,2021-02-17,264,8001,85,2841,179,5160,0,0,166,5383,98,1310,166,6693,California
Amador,2021-02-18,396,8397,98,2939,298,5458,0,0,332,5651,64,1374,332,7025,California
Amador,2021-02-19,194,8591,77,3016,117,5575,0,0,110,5677,84,1458,110,7135,California
Amador,2021-02-20,94,8685,31,3047,63,5638,0,0,66,5715,28,1486,66,7201,California
Amador,2021-02-21,47,8732,34,3081,13,5651,0,0,14,5697,32,1518,14,7215,California
Amador,2021-02-22,67,8799,26,3107,41,5692,0,0,32,5695,34,1552,32,7247,California
Amador,2021-02-23,318,9117,53,3160,265,5957,0,0,139,5655,179,1731,139,7386,California
Amador,2021-02-24,397,9514,59,3219,338,6295,0,0,265,5792,128,1859,265,7651,California
Amador,2021-02-25,527,10041,122,3341,405,6700,0,0,281,5828,245,2104,281,7932,California
Amador,2021-02-26,632,10673,80,3421,552,7252,0,0,515,6227,116,2220,515,8447,California
Amador,2021-02-27,293,10966,96,3517,197,7449,0,0,100,6137,192,2412,102,8549,California
Amador,2021-02-28,106,11072,55,3572,51,7500,0,0,60,6153,46,2458,62,8611,California
Amador,2021-03-01,198,11270,69,3641,129,7629,0,0,126,6208,72,2530,127,8738,California
Amador,2021-03-02,382,11652,62,3703,320,7949,0,0,334,6495,48,2578,335,9073,California
Amador,2021-03-03,242,11894,82,3785,160,8109,0,0,166,6587,75,2653,167,9240,California
Amador,2021-03-04,494,12388,113,3898,381,8490,0,0,393,6880,100,2753,393,9633,California
Amador,2021-03-05,510,12898,74,3972,436,8926,0,0,289,6952,219,2972,291,9924,California
Amador,2021-03-06,98,12996,45,4017,52,8978,1,1,55,6965,43,3015,56,9980,California
Amador,2021-03-07,66,13062,44,4061,22,9000,0,1,23,6945,43,3058,23,10003,California
Amador,2021-03-08,151,13213,69,4130,81,9081,1,2,90,6975,61,3119,91,10094,California
Amador,2021-03-09,374,13587,49,4179,325,9406,0,2,293,7191,78,3197,294,10388,California
Amador,2021-03-10,514,14101,76,4255,436,9842,2,4,111,6903,403,3600,115,10503,California
Amador,2021-03-11,472,14573,117,4372,345,10187,10,14,299,7043,172,3772,312,10815,California
Amador,2021-03-12,568,15141,66,4438,495,10682,7,21,338,7165,229,4001,351,11166,California
Amador,2021-03-13,114,15255,17,4455,90,10772,7,28,75,7212,39,4040,86,11252,California
Amador,2021-03-14,87,15342,18,4473,67,10839,2,30,21,7169,66,4106,23,11275,California
Amador,2021-03-15,179,15521,25,4498,147,10986,7,37,53,7104,126,4232,61,11336,California
Amador,2021-03-16,452,15973,53,4551,390,11376,9,46,139,6941,311,4543,148,11484,California
Amador,2021-03-17,200,16173,44,4595,153,11529,3,49,122,6988,78,4621,125,11609,California
Amador,2021-03-18,480,16653,103,4698,373,11902,4,53,252,7020,228,4849,260,11869,California
Amador,2021-03-19,541,17194,56,4754,470,12372,15,68,389,7278,150,4999,408,12277,California
Amador,2021-03-20,110,17304,45,4799,64,12436,1,69,45,7262,64,5063,48,12325,California
Amador,2021-03-21,48,17352,34,4833,13,12449,1,70,29,7276,18,5081,32,12357,California
Amador,2021-03-22,113,17465,32,4865,52,12501,29,99,48,7288,65,5146,77,12434,California
Amador,2021-03-23,435,17900,47,4912,381,12882,7,106,275,7412,159,5305,283,12717,California
Amador,2021-03-24,347,18247,39,4951,55,12937,253,359,37,7393,309,5614,290,13007,California
Amador,2021-03-25,609,18856,86,5037,516,13453,7,366,394,7580,214,5828,401,13408,California
Amador,2021-03-26,746,19602,42,5079,698,14151,6,372,284,7413,460,6288,293,13701,California
Amador,2021-03-27,87,19689,15,5094,70,14221,2,374,27,7384,60,6348,31,13732,California
Amador,2021-03-28,69,19758,15,5109,52,14273,2,376,12,7343,56,6404,15,13747,California
Amador,2021-03-29,179,19937,25,5134,153,14426,1,377,79,7330,98,6502,85,13832,California
Amador,2021-03-30,534,20471,27,5161,506,14932,1,378,292,7382,241,6743,293,14125,California
Amador,2021-03-31,200,20671,57,5218,138,15070,5,383,44,7276,155,6898,49,14174,California
Amador,2021-04-01,610,21281,84,5302,526,15596,0,383,262,7194,346,7244,264,14438,California
Amador,2021-04-02,607,21888,38,5340,556,16152,13,396,380,7363,226,7470,395,14833,California
Amador,2021-04-03,88,21976,25,5365,44,16196,19,415,23,7342,65,7535,44,14877,California
Amador,2021-04-04,38,22014,3,5368,29,16225,6,421,15,7340,23,7558,21,14898,California
Amador,2021-04-05,144,22158,52,5420,76,16301,16,437,50,7315,93,7651,68,14966,California
Amador,2021-04-06,503,22661,37,5457,448,16749,18,455,223,7278,278,7929,241,15207,California
Amador,2021-04-07,96,22757,32,5489,45,16794,19,474,40,7283,54,7983,59,15266,California
Amador,2021-04-08,496,23253,85,5574,390,17184,21,495,221,7252,274,8257,243,15509,California
Amador,2021-04-09,481,23734,21,5595,440,17624,20,515,213,7215,267,8524,230,15739,California
Amador,2021-04-10,51,23785,15,5610,27,17651,9,524,21,7215,30,8554,30,15769,California
Amador,2021-04-11,48,23833,23,5633,21,17672,4,528,23,7218,24,8578,27,15796,California
Amador,2021-04-12,98,23931,27,5660,61,17733,10,538,42,7214,56,8634,52,15848,California
Amador,2021-04-13,343,24274,47,5707,296,18029,0,538,67,7007,275,8909,68,15916,California
Amador,2021-04-14,284,24558,28,5735,256,18285,0,538,174,7074,107,9016,174,16090,California
Amador,2021-04-15,332,24890,76,5811,256,18541,0,538,70,6887,257,9273,70,16160,California
Amador,2021-04-16,484,25374,29,5840,455,18996,0,538,386,7176,97,9370,386,16546,California
Amador,2021-04-17,65,25439,37,5877,28,19024,0,538,28,7167,37,9407,28,16574,California
Amador,2021-04-18,29,25468,7,5884,22,19046,0,538,11,7162,17,9424,12,16586,California
Amador,2021-04-19,70,25538,28,5912,42,19088,0,538,31,7157,38,9462,33,16619,California
Amador,2021-04-20,436,25974,55,5967,381,19469,0,538,110,6950,319,9781,112,16731,California
Amador,2021-04-21,88,26062,33,6000,54,19523,1,539,44,6952,43,9824,45,16776,California
Amador,2021-04-22,494,26556,77,6077,416,19939,1,540,103,6672,384,10208,104,16880,California
Amador,2021-04-23,359,26915,46,6123,313,20252,0,540,286,6888,72,10280,288,17168,California
Amador,2021-04-24,48,26963,24,6147,24,20276,0,540,27,6895,20,10300,27,17195,California
Amador,2021-04-25,41,27004,19,6166,22,20298,0,540,29,6912,12,10312,29,17224,California
Amador,2021-04-26,93,27097,29,6195,63,20361,1,541,44,6910,48,10360,46,17270,California
Amador,2021-04-27,497,27594,43,6238,453,20814,1,542,90,6597,405,10765,92,17362,California
Amador,2021-04-28,70,27664,29,6267,37,20851,4,546,41,6613,29,10794,45,17407,California
Amador,2021-04-29,221,27885,69,6336,44,20895,108,654,65,6629,156,10950,172,17579,California
Amador,2021-04-30,337,28222,26,6362,307,21202,4,658,94,6484,243,11193,98,17677,California
Amador,2021-05-01,43,28265,15,6377,23,21225,5,663,22,6492,19,11212,27,17704,California
Amador,2021-05-02,28,28293,14,6391,11,21236,3,666,11,6490,17,11229,15,17719,California
Amador,2021-05-03,67,28360,33,6424,24,21260,10,676,27,6487,40,11269,37,17756,California
Amador,2021-05-04,465,28825,27,6451,431,21691,7,683,67,6163,398,11667,74,17830,California
Amador,2021-05-05,203,29028,154,6605,39,21730,10,693,164,6296,38,11705,171,18001,California
Amador,2021-05-06,110,29138,56,6661,49,21779,5,698,64,6321,44,11749,69,18070,California
Amador,2021-05-07,127,29265,29,6690,91,21870,7,705,67,6335,60,11809,74,18144,California
Amador,2021-05-08,42,29307,10,6700,29,21899,3,708,20,6336,22,11831,23,18167,California
Amador,2021-05-09,15,29322,0,6700,9,21908,6,714,4,6335,11,11842,10,18177,California
Amador,2021-05-10,60,29382,14,6714,43,21951,3,717,24,6326,36,11878,27,18204,California
Amador,2021-05-11,101,29483,34,6748,41,21992,26,743,45,6341,56,11934,71,18275,California
Amador,2021-05-12,68,29551,24,6772,41,22033,3,746,32,6340,36,11970,35,18310,California
Amador,2021-05-13,74,29625,41,6813,27,22060,6,752,37,6347,36,12006,43,18353,California
Amador,2021-05-14,396,30021,35,6848,357,22417,4,756,87,6130,309,12315,92,18445,California
Amador,2021-05-15,52,30073,20,6868,21,22438,11,767,24,6137,28,12343,35,18480,California
Amador,2021-05-16,38,30111,15,6883,23,22461,0,767,17,6133,21,12364,17,18497,California
Amador,2021-05-17,76,30187,23,6906,51,22512,2,769,35,6131,40,12404,38,18535,California
Amador,2021-05-18,247,30434,169,7075,43,22555,35,804,163,6246,83,12487,198,18733,California
Amador,2021-05-19,75,30509,25,7100,47,22602,3,807,35,6247,39,12526,40,18773,California
Amador,2021-05-20,87,30596,47,7147,36,22638,4,811,30,6225,56,12582,34,18807,California
Amador,2021-05-21,272,30868,29,7176,241,22879,2,813,40,6035,232,12814,42,18849,California
Amador,2021-05-22,44,30912,14,7190,25,22904,5,818,12,6021,32,12846,18,18867,California
Amador,2021-05-23,26,30938,4,7194,19,22923,3,821,5,6008,21,12867,8,18875,California
Amador,2021-05-24,90,31028,31,7225,47,22970,12,833,42,6015,47,12914,54,18929,California
Amador,2021-05-25,141,31169,89,7314,27,22997,25,858,82,6065,57,12971,107,19036,California
Amador,2021-05-26,207,31376,163,7477,37,23034,7,865,41,5947,165,13136,47,19083,California
Amador,2021-05-27,81,31457,36,7513,36,23070,9,874,30,5935,51,13187,39,19122,California
Amador,2021-05-28,69,31526,27,7540,38,23108,4,878,30,5930,39,13226,34,19156,California
Amador,2021-05-29,26,31552,2,7542,21,23129,3,881,10,5927,16,13242,13,19169,California
Amador,2021-05-30,19,31571,5,7547,8,23137,6,887,5,5924,14,13256,11,19180,California
Amador,2021-05-31,10,31581,0,7547,9,23146,1,888,2,5919,8,13264,3,19183,California
Amador,2021-06-01,94,31675,66,7613,23,23169,5,893,43,5917,50,13314,48,19231,California
Amador,2021-06-02,46,31721,16,7629,22,23191,8,901,16,5912,30,13344,25,19256,California
Amador,2021-06-03,59,31780,26,7655,28,23219,5,906,19,5897,39,13383,24,19280,California
Amador,2021-06-04,101,31881,21,7676,59,23278,21,927,23,5863,78,13461,44,19324,California
Amador,2021-06-05,39,31920,16,7692,20,23298,3,930,4,5835,35,13496,7,19331,California
Amador,2021-06-06,18,31938,8,7700,9,23307,1,931,8,5834,10,13506,9,19340,California
Amador,2021-06-07,45,31983,18,7718,22,23329,5,936,17,5828,28,13534,22,19362,California
Amador,2021-06-08,174,32157,138,7856,25,23354,11,947,54,5775,119,13653,66,19428,California
Amador,2021-06-09,49,32206,19,7875,20,23374,10,957,11,5758,38,13691,21,19449,California
Amador,2021-06-10,55,32261,23,7898,20,23394,12,969,19,5753,36,13727,31,19480,California
Amador,2021-06-11,56,32317,17,7915,34,23428,5,974,17,5736,39,13766,22,19502,California
Amador,2021-06-12,23,32340,8,7923,13,23441,2,976,7,5730,15,13781,9,19511,California
Amador,2021-06-13,9,32349,2,7925,6,23447,1,977,2,5726,7,13788,3,19514,California
Amador,2021-06-14,45,32394,21,7946,21,23468,3,980,13,5710,32,13820,16,19530,California
Amador,2021-06-15,18,32412,5,7951,8,23476,5,985,6,5709,12,13832,11,19541,California
Butte,2020-12-16,3,3,3,3,0,0,0,0,3,3,0,0,3,3,California
Butte,2020-12-17,21,24,21,24,0,0,0,0,21,24,0,0,21,24,California
Butte,2020-12-18,52,76,52,76,0,0,0,0,52,76,0,0,52,76,California
Butte,2020-12-19,7,83,7,83,0,0,0,0,7,83,0,0,7,83,California
Butte,2020-12-20,10,93,10,93,0,0,0,0,10,93,0,0,10,93,California
Butte,2020-12-21,632,725,632,725,0,0,0,0,632,725,0,0,632,725,California
Butte,2020-12-22,618,1343,616,1341,2,2,0,0,618,1343,0,0,618,1343,California
Butte,2020-12-23,874,2217,858,2199,16,18,0,0,874,2217,0,0,874,2217,California
Butte,2020-12-24,158,2375,154,2353,4,22,0,0,158,2375,0,0,158,2375,California
Butte,2020-12-26,90,2465,88,2441,2,24,0,0,90,2465,0,0,90,2465,California
Butte,2020-12-27,35,2500,34,2475,1,25,0,0,35,2500,0,0,35,2500,California
Butte,2020-12-28,278,2778,272,2747,6,31,0,0,278,2778,0,0,278,2778,California
Butte,2020-12-29,203,2981,180,2927,23,54,0,0,203,2981,0,0,203,2981,California
Butte,2020-12-30,513,3494,291,3218,222,276,0,0,513,3494,0,0,513,3494,California
Butte,2020-12-31,213,3707,18,3236,195,471,0,0,213,3707,0,0,213,3707,California
Butte,2021-01-01,9,3716,2,3238,7,478,0,0,9,3716,0,0,9,3716,California
Butte,2021-01-02,40,3756,37,3275,3,481,0,0,40,3756,0,0,40,3756,California
Butte,2021-01-03,3,3759,0,3275,3,484,0,0,3,3759,0,0,3,3759,California
Butte,2021-01-04,209,3968,176,3451,33,517,0,0,209,3968,0,0,209,3968,California
Butte,2021-01-05,195,4163,152,3603,43,560,0,0,194,4161,1,1,194,4162,California
Butte,2021-01-06,626,4789,396,3999,230,790,0,0,621,4778,5,6,622,4784,California
Butte,2021-01-07,762,5551,369,4368,393,1183,0,0,742,5500,20,26,742,5526,California
Butte,2021-01-08,672,6223,531,4899,141,1324,0,0,624,6076,48,74,624,6150,California
Butte,2021-01-09,11,6234,7,4906,4,1328,0,0,6,6077,5,79,6,6156,California
Butte,2021-01-10,19,6253,5,4911,14,1342,0,0,14,6086,5,84,14,6170,California
Butte,2021-01-11,985,7238,950,5861,35,1377,0,0,356,5816,629,713,359,6529,California
Butte,2021-01-12,697,7935,653,6514,44,1421,0,0,275,5669,422,1135,275,6804,California
Butte,2021-01-13,1564,9499,1073,7587,491,1912,0,0,725,5557,839,1974,727,7531,California
Butte,2021-01-14,1638,11137,892,8479,746,2658,0,0,1441,6802,196,2170,1441,8972,California
Butte,2021-01-15,1053,12190,813,9292,240,2898,0,0,944,7637,109,2279,944,9916,California
Butte,2021-01-16,587,12777,301,9593,286,3184,0,0,543,8136,44,2323,543,10459,California
Butte,2021-01-17,237,13014,63,9656,174,3358,0,0,199,8297,38,2361,199,10658,California
Butte,2021-01-18,345,13359,303,9959,42,3400,0,0,278,8509,66,2427,278,10936,California
Butte,2021-01-19,493,13852,431,10390,62,3462,0,0,223,8462,270,2697,223,11159,California
Butte,2021-01-20,1374,15226,690,11080,684,4146,0,0,1071,9230,303,3000,1071,12230,California
Butte,2021-01-21,1480,16706,869,11949,611,4757,0,0,1372,10495,107,3107,1372,13602,California
Butte,2021-01-22,1141,17847,482,12431,659,5416,0,0,1087,11528,54,3161,1087,14689,California
Butte,2021-01-23,124,17971,84,12515,40,5456,0,0,99,11602,25,3186,99,14788,California
Butte,2021-01-24,9,17980,7,12522,2,5458,0,0,9,11611,0,3186,9,14797,California
Butte,2021-01-25,657,18637,338,12860,319,5777,0,0,493,11940,164,3350,493,15290,California
Butte,2021-01-26,1471,20108,376,13236,1095,6872,0,0,1335,13139,136,3486,1335,16625,California
Butte,2021-01-27,2102,22210,707,13943,1395,8267,0,0,1368,13774,733,4219,1368,17993,California
Butte,2021-01-28,2264,24474,260,14203,2004,10271,0,0,1952,15415,311,4530,1952,19945,California
Butte,2021-01-29,1692,26166,492,14695,1200,11471,0,0,1311,16350,380,4910,1315,21260,California
Butte,2021-01-30,29,26195,8,14703,21,11492,0,0,27,16375,2,4912,27,21287,California
Butte,2021-01-31,15,26210,13,14716,2,11494,0,0,14,16388,1,4913,14,21301,California
Butte,2021-02-01,1753,27963,408,15124,1345,12839,0,0,1362,17362,388,5301,1362,22663,California
Butte,2021-02-02,1932,29895,362,15486,1570,14409,0,0,1631,18691,302,5603,1631,24294,California
Butte,2021-02-03,2738,32633,775,16261,1963,16372,0,0,1844,19643,892,6495,1844,26138,California
Butte,2021-02-04,2956,35589,321,16582,2635,19007,0,0,2400,21489,554,7049,2400,28538,California
Butte,2021-02-05,1271,36860,666,17248,605,19612,0,0,550,21319,721,7770,551,29089,California
Butte,2021-02-06,145,37005,103,17351,42,19654,0,0,62,21298,83,7853,62,29151,California
Butte,2021-02-07,37,37042,33,17384,4,19658,0,0,14,21289,23,7876,14,29165,California
Butte,2021-02-08,700,37742,549,17933,151,19809,0,0,242,21073,458,8334,242,29407,California
Butte,2021-02-09,951,38693,459,18392,492,20301,0,0,722,21566,229,8563,722,30129,California
Butte,2021-02-10,1701,40394,1188,19580,513,20814,0,0,672,21211,1027,9590,672,30801,California
Butte,2021-02-11,2202,42596,1345,20925,857,21671,0,0,1002,21013,1200,10790,1002,31803,California
Butte,2021-02-12,1003,43599,435,21360,568,22239,0,0,330,20671,672,11462,330,32133,California
Butte,2021-02-13,246,43845,43,21403,203,22442,0,0,145,20715,101,11563,145,32278,California
Butte,2021-02-14,162,44007,9,21412,153,22595,0,0,158,20869,4,11567,158,32436,California
Butte,2021-02-15,261,44268,47,21459,214,22809,0,0,196,21000,65,11632,196,32632,California
Butte,2021-02-16,729,44997,431,21890,298,23107,0,0,276,20822,454,12086,276,32908,California
Butte,2021-02-17,1514,46511,846,22736,668,23775,0,0,840,20990,672,12758,840,33748,California
Butte,2021-02-18,1558,48069,759,23495,799,24574,0,0,749,20930,809,13567,749,34497,California
Butte,2021-02-19,1169,49238,389,23884,780,25354,0,0,401,20570,761,14328,401,34898,California
Butte,2021-02-20,476,49714,32,23916,444,25798,0,0,126,20347,349,14677,126,35024,California
Butte,2021-02-21,17,49731,15,23931,2,25800,0,0,13,20356,4,14681,13,35037,California
Butte,2021-02-22,1500,51231,296,24227,1204,27004,0,0,377,19613,1120,15801,377,35414,California
Butte,2021-02-23,1636,52867,295,24522,1341,28345,0,0,463,18908,1168,16969,463,35877,California
Butte,2021-02-24,2133,55000,598,25120,1535,29880,0,0,725,18233,1400,18369,725,36602,California
Butte,2021-02-25,2078,57078,576,25696,1502,31382,0,0,655,17472,1417,19786,656,37258,California
Butte,2021-02-26,920,57998,310,26006,610,31992,0,0,395,17346,521,20307,395,37653,California
Butte,2021-02-27,235,58233,47,26053,188,32180,0,0,186,17485,47,20354,186,37839,California
Butte,2021-02-28,141,58374,15,26068,126,32306,0,0,134,17612,7,20361,134,37973,California
Butte,2021-03-01,1631,60005,176,26244,1454,33760,1,1,330,16645,1298,21659,331,38304,California
Butte,2021-03-02,1748,61753,197,26441,1551,35311,0,1,308,15517,1436,23095,308,38612,California
Butte,2021-03-03,2790,64543,854,27295,1936,37247,0,1,481,13692,2306,25401,481,39093,California
Butte,2021-03-04,3152,67695,681,27976,2471,39718,0,1,627,11795,2524,27925,627,39720,California
Butte,2021-03-05,1354,69049,616,28592,737,40455,1,2,735,11916,615,28540,736,40456,California
Butte,2021-03-06,246,69295,24,28616,199,40654,23,25,186,12066,59,28599,209,40665,California
Butte,2021-03-07,54,69349,3,28619,34,40688,17,42,30,12089,24,28623,47,40712,California
Butte,2021-03-08,1268,70617,129,28748,1061,41749,78,120,1101,13104,164,28787,1179,41891,California
Butte,2021-03-09,1907,72524,284,29032,1521,43270,102,222,1415,14132,489,29276,1517,43408,California
Butte,2021-03-10,2316,74840,965,29997,1251,44521,100,322,1579,15078,732,30008,1678,45086,California
Butte,2021-03-11,2813,77653,1318,31315,1369,45890,126,448,1983,16368,819,30827,2109,47195,California
Butte,2021-03-12,1145,78798,330,31645,467,46357,348,796,355,16287,784,31611,703,47898,California
Butte,2021-03-13,266,79064,68,31713,137,46494,61,857,60,16201,206,31817,120,48018,California
Butte,2021-03-14,164,79228,16,31729,106,46600,42,899,21,16122,142,31959,63,48081,California
Butte,2021-03-15,1741,80969,360,32089,1086,47686,295,1194,1144,16972,589,32548,1439,49520,California
Butte,2021-03-16,1649,82618,414,32503,1157,48843,78,1272,1111,17626,534,33082,1188,50708,California
Butte,2021-03-17,1957,84575,1355,33858,521,49364,81,1353,1137,18031,812,33894,1217,51925,California
Butte,2021-03-18,1811,86386,1467,35325,215,49579,129,1482,1062,18478,743,34637,1190,53115,California
Butte,2021-03-19,694,87080,307,35632,303,49882,84,1566,343,18564,341,34978,427,53542,California
Butte,2021-03-20,206,87286,31,35663,159,50041,16,1582,95,18564,111,35089,111,53653,California
Butte,2021-03-21,55,87341,24,35687,2,50043,29,1611,12,18562,43,35132,41,53694,California
Butte,2021-03-22,1484,88825,353,36040,1037,51080,94,1705,1222,19618,260,35392,1316,55010,California
Butte,2021-03-23,1822,90647,491,36531,1217,52297,114,1819,1473,20859,346,35738,1587,56597,California
Butte,2021-03-24,2261,92908,1265,37796,870,53167,126,1945,1711,22150,545,36283,1836,58433,California
Butte,2021-03-25,1482,94390,1198,38994,192,53359,92,2037,1016,22796,462,36745,1108,59541,California
Butte,2021-03-26,1205,95595,436,39430,522,53881,247,2284,558,22962,639,37384,805,60346,California
Butte,2021-03-27,302,95897,83,39513,195,54076,24,2308,135,22955,164,37548,157,60503,California
Butte,2021-03-28,227,96124,43,39556,176,54252,8,2316,102,22942,122,37670,109,60612,California
Butte,2021-03-29,1761,97885,379,39935,1312,55564,70,2386,1342,23940,414,38084,1412,62024,California
Butte,2021-03-30,1033,98918,470,40405,473,56037,90,2476,488,23979,539,38623,578,62602,California
Butte,2021-03-31,1776,100694,1303,41708,406,56443,67,2543,1082,24440,688,39311,1149,63751,California
Butte,2021-04-01,3329,104023,2706,44414,496,56939,127,2670,2259,25763,1063,40374,2386,66137,California
Butte,2021-04-02,1000,105023,417,44831,463,57402,120,2790,564,26017,428,40802,682,66819,California
Butte,2021-04-03,342,105365,45,44876,225,57627,72,2862,162,26071,180,40982,234,67053,California
Butte,2021-04-04,190,105555,25,44901,142,57769,23,2885,112,26130,76,41058,135,67188,California
Butte,2021-04-05,1973,107528,421,45322,1381,59150,171,3056,595,25525,1369,42427,764,67952,California
Butte,2021-04-06,2209,109737,616,45938,1170,60320,423,3479,801,25345,1402,43829,1222,69174,California
Butte,2021-04-07,3035,112772,1318,47256,1325,61645,392,3871,714,24136,2315,46144,1106,70280,California
Butte,2021-04-08,2757,115529,1202,48458,1287,62932,268,4139,459,22569,2294,48438,727,71007,California
Butte,2021-04-09,1377,116906,354,48812,541,63473,482,4621,331,22335,1042,49480,808,71815,California
Butte,2021-04-10,223,117129,47,48859,75,63548,101,4722,100,22412,123,49603,200,72015,California
Butte,2021-04-11,105,117234,42,48901,53,63601,10,4732,82,22482,22,49625,92,72107,California
Butte,2021-04-12,1413,118647,314,49215,966,64567,133,4865,239,21680,1174,50799,372,72479,California
Butte,2021-04-13,1652,120299,572,49787,1074,65641,6,4871,343,20727,1302,52101,349,72828,California
Butte,2021-04-14,2853,123152,2359,52146,494,66135,0,4871,1330,20542,1518,53619,1333,74161,California
Butte,2021-04-15,637,123789,392,52538,245,66380,0,4871,483,20874,151,53770,483,74644,California
Butte,2021-04-16,812,124601,414,52952,398,66778,0,4871,477,21018,333,54103,477,75121,California
Butte,2021-04-17,339,124940,61,53013,278,67056,0,4871,235,21151,102,54205,235,75356,California
Butte,2021-04-18,44,124984,9,53022,35,67091,0,4871,39,21185,5,54210,39,75395,California
Butte,2021-04-19,1558,126542,378,53400,1180,68271,0,4871,426,20482,1129,55339,426,75821,California
Butte,2021-04-20,1972,128514,721,54121,1251,69522,0,4871,755,20027,1210,56549,755,76576,California
Butte,2021-04-21,2041,130555,1161,55282,880,70402,0,4871,462,18916,1573,58122,462,77038,California
Butte,2021-04-22,2219,132774,1940,57222,279,70681,0,4871,613,17925,1604,59726,613,77651,California
Butte,2021-04-23,935,133709,439,57661,496,71177,0,4871,484,17958,451,60177,484,78135,California
Butte,2021-04-24,347,134056,138,57799,209,71386,0,4871,192,17996,154,60331,192,78327,California
Butte,2021-04-25,173,134229,68,57867,105,71491,0,4871,64,17951,109,60440,64,78391,California
Butte,2021-04-26,1560,135789,454,58321,1101,72592,5,4876,403,17207,1152,61592,408,78799,California
Butte,2021-04-27,1018,136807,677,58998,314,72906,27,4903,583,17388,429,62021,610,79409,California
Butte,2021-04-28,1388,138195,934,59932,429,73335,25,4928,501,17031,883,62904,526,79935,California
Butte,2021-04-29,886,139081,540,60472,321,73656,25,4953,299,16774,581,63485,324,80259,California
Butte,2021-04-30,893,139974,389,60861,483,74139,21,4974,448,16803,439,63924,468,80727,California
Butte,2021-05-01,241,140215,64,60925,158,74297,19,4993,72,16725,168,64092,90,80817,California
Butte,2021-05-02,149,140364,61,60986,75,74372,13,5006,43,16675,106,64198,56,80873,California
Butte,2021-05-03,633,140997,256,61242,346,74718,31,5037,177,16437,446,64644,208,81081,California
Butte,2021-05-04,819,141816,317,61559,470,75188,32,5069,212,16079,601,65245,243,81324,California
Butte,2021-05-05,1338,143154,1092,62651,210,75398,36,5105,272,15327,1061,66306,309,81633,California
Butte,2021-05-06,932,144086,673,63324,222,75620,37,5142,356,15147,573,66879,393,82026,California
Butte,2021-05-07,560,144646,288,63612,236,75856,36,5178,286,15197,271,67150,321,82347,California
Butte,2021-05-08,168,144814,35,63647,124,75980,9,5187,88,15215,79,67229,97,82444,California
Butte,2021-05-09,92,144906,19,63666,70,76050,3,5190,49,15224,43,67272,52,82496,California
Butte,2021-05-10,515,145421,302,63968,170,76220,43,5233,212,15179,300,67572,255,82751,California
Butte,2021-05-11,871,146292,643,64611,169,76389,59,5292,278,14926,590,68162,337,83088,California
Butte,2021-05-12,767,147059,484,65095,237,76626,46,5338,345,14899,418,68580,391,83479,California
Butte,2021-05-13,908,147967,607,65702,239,76865,62,5400,331,14724,566,69146,391,83870,California
Butte,2021-05-14,827,148794,515,66217,282,77147,30,5430,357,14644,466,69612,386,84256,California
Butte,2021-05-15,480,149274,224,66441,224,77371,32,5462,223,14643,256,69868,255,84511,California
Butte,2021-05-16,166,149440,82,66523,66,77437,18,5480,97,14690,68,69936,115,84626,California
Butte,2021-05-17,752,150192,479,67002,225,77662,48,5528,323,14634,426,70362,370,84996,California
Butte,2021-05-18,1061,151253,730,67732,283,77945,48,5576,475,14577,580,70942,523,85519,California
Butte,2021-05-19,827,152080,535,68267,248,78193,44,5620,331,14460,491,71433,374,85893,California
Butte,2021-05-20,976,153056,654,68921,214,78407,108,5728,391,14376,582,72015,498,86391,California
Butte,2021-05-21,892,153948,545,69466,320,78727,27,5755,309,14131,580,72595,335,86726,California
Butte,2021-05-22,292,154240,139,69605,146,78873,7,5762,147,14142,142,72737,153,86879,California
Butte,2021-05-23,124,154364,75,69680,48,78921,1,5763,80,14179,44,72781,81,86960,California
Butte,2021-05-24,338,154702,153,69833,135,79056,50,5813,170,14232,166,72947,219,87179,California
Butte,2021-05-25,688,155390,441,70274,211,79267,36,5849,339,14265,342,73289,375,87554,California
Butte,2021-05-26,563,155953,182,70456,358,79625,23,5872,255,14244,299,73588,278,87832,California
Butte,2021-05-27,864,156817,621,71077,226,79851,17,5889,429,14261,430,74018,447,88279,California
Butte,2021-05-28,516,157333,139,71216,298,80149,79,5968,215,14256,299,74317,294,88573,California
Butte,2021-05-29,224,157557,116,71332,96,80245,12,5980,148,14340,76,74393,160,88733,California
Butte,2021-05-30,107,157664,56,71388,51,80296,0,5980,61,14355,46,74439,61,88794,California
Butte,2021-05-31,43,157707,23,71411,18,80314,2,5982,25,14364,18,74457,27,88821,California
Butte,2021-06-01,665,158372,423,71834,210,80524,32,6014,251,14236,411,74868,283,89104,California
Butte,2021-06-02,817,159189,569,72403,204,80728,44,6058,354,14175,459,75327,398,89502,California
Butte,2021-06-03,622,159811,422,72825,185,80913,15,6073,222,14015,397,75724,237,89739,California
Butte,2021-06-04,478,160289,272,73097,178,81091,28,6101,158,13887,314,76038,186,89925,California
Butte,2021-06-05,317,160606,204,73301,93,81184,20,6121,103,13798,212,76250,123,90048,California
Butte,2021-06-06,135,160741,100,73401,33,81217,2,6123,34,13734,100,76350,36,90084,California
Butte,2021-06-07,398,161139,255,73656,114,81331,29,6152,172,13710,225,76575,201,90285,California
Butte,2021-06-08,646,161785,468,74124,162,81493,16,6168,192,13476,443,77018,209,90494,California
Butte,2021-06-09,428,162213,291,74415,118,81611,19,6187,140,13353,282,77300,159,90653,California
Butte,2021-06-10,619,162832,449,74864,139,81750,31,6218,233,13232,384,77684,263,90916,California
Butte,2021-06-11,444,163276,260,75124,164,81914,20,6238,155,13120,287,77971,175,91091,California
Butte,2021-06-12,248,163524,151,75275,85,81999,12,6250,70,13025,177,78148,82,91173,California
Butte,2021-06-13,97,163621,64,75339,30,82029,3,6253,20,12971,77,78225,23,91196,California
Butte,2021-06-14,311,163932,171,75510,124,82153,16,6269,108,12892,203,78428,124,91320,California
Butte,2021-06-15,199,164131,133,75643,50,82203,16,6285,38,12789,157,78585,54,91374,California
Calaveras,2020-12-16,5,5,5,5,0,0,0,0,5,5,0,0,5,5,California
Calaveras,2020-12-17,3,8,3,8,0,0,0,0,3,8,0,0,3,8,California
Calaveras,2020-12-18,40,48,40,48,0,0,0,0,40,48,0,0,40,48,California
Calaveras,2020-12-19,3,51,3,51,0,0,0,0,3,51,0,0,3,51,California
Calaveras,2020-12-20,4,55,4,55,0,0,0,0,4,55,0,0,4,55,California
Calaveras,2020-12-21,54,109,47,102,7,7,0,0,54,109,0,0,54,109,California
Calaveras,2020-12-22,81,190,77,179,4,11,0,0,82,191,0,0,82,191,California
Calaveras,2020-12-23,76,266,74,253,2,13,0,0,76,267,0,0,76,267,California
Calaveras,2020-12-24,2,268,2,255,0,13,0,0,2,269,0,0,2,269,California
Calaveras,2020-12-26,3,271,3,258,0,13,0,0,3,272,0,0,3,272,California
Calaveras,2020-12-27,1,272,1,259,0,13,0,0,1,273,0,0,1,273,California
Calaveras,2020-12-28,21,293,17,276,4,17,0,0,20,292,1,1,20,293,California
Calaveras,2020-12-29,159,452,138,414,21,38,0,0,159,451,0,1,159,452,California
Calaveras,2020-12-30,93,545,81,495,12,50,0,0,93,544,0,1,93,545,California
Calaveras,2020-12-31,36,581,25,520,11,61,0,0,36,580,0,1,36,581,California
Calaveras,2021-01-02,11,592,11,531,0,61,0,0,11,591,0,1,11,592,California
Calaveras,2021-01-03,10,602,4,535,6,67,0,0,10,601,0,1,10,602,California
Calaveras,2021-01-04,33,635,5,540,28,95,0,0,33,634,0,1,33,635,California
Calaveras,2021-01-05,41,676,10,550,31,126,0,0,32,662,9,10,37,672,California
Calaveras,2021-01-06,107,783,30,580,77,203,0,0,97,749,10,20,97,769,California
Calaveras,2021-01-07,107,890,27,607,80,283,0,0,93,831,12,32,94,863,California
Calaveras,2021-01-08,69,959,39,646,30,313,0,0,45,854,24,56,47,910,California
Calaveras,2021-01-09,5,964,5,651,0,313,0,0,2,853,3,59,2,912,California
Calaveras,2021-01-10,2,966,0,651,2,315,0,0,2,855,0,59,2,914,California
Calaveras,2021-01-11,65,1031,59,710,6,321,0,0,27,847,37,96,29,943,California
Calaveras,2021-01-12,85,1116,52,762,33,354,0,0,52,867,33,129,53,996,California
Calaveras,2021-01-13,108,1224,45,807,63,417,0,0,74,908,34,163,75,1071,California
Calaveras,2021-01-14,138,1362,43,850,95,512,0,0,105,982,32,195,106,1177,California
Calaveras,2021-01-15,92,1454,28,878,64,576,0,0,72,1034,20,215,72,1249,California
Calaveras,2021-01-16,13,1467,2,880,11,587,0,0,12,1045,1,216,12,1261,California
Calaveras,2021-01-17,10,1477,2,882,8,595,0,0,9,1053,1,217,9,1270,California
Calaveras,2021-01-18,131,1608,19,901,112,707,0,0,118,1161,13,230,121,1391,California
Calaveras,2021-01-19,208,1816,177,1078,31,738,0,0,70,1096,137,367,72,1463,California
Calaveras,2021-01-20,378,2194,82,1160,296,1034,0,0,288,1309,89,456,302,1765,California
Calaveras,2021-01-21,463,2657,40,1200,423,1457,0,0,425,1711,38,494,440,2205,California
Calaveras,2021-01-22,402,3059,24,1224,378,1835,0,0,390,2098,12,506,399,2604,California
Calaveras,2021-01-23,18,3077,8,1232,10,1845,0,0,17,2114,1,507,17,2621,California
Calaveras,2021-01-24,14,3091,8,1240,6,1851,0,0,12,2124,2,509,12,2633,California
Calaveras,2021-01-25,86,3177,8,1248,78,1929,0,0,81,2200,5,514,81,2714,California
Calaveras,2021-01-26,48,3225,16,1264,32,1961,0,0,39,2230,9,523,39,2753,California
Calaveras,2021-01-27,129,3354,45,1309,84,2045,0,0,100,2302,28,551,100,2853,California
Calaveras,2021-01-28,165,3519,25,1334,140,2185,0,0,139,2420,26,577,144,2997,California
Calaveras,2021-01-29,366,3885,12,1346,354,2539,0,0,334,2737,32,609,349,3346,California
Calaveras,2021-01-30,27,3912,10,1356,17,2556,0,0,25,2762,0,609,25,3371,California
Calaveras,2021-01-31,7,3919,4,1360,3,2559,0,0,6,2767,1,610,6,3377,California
Calaveras,2021-02-01,26,3945,11,1371,15,2574,0,0,17,2775,9,619,17,3394,California
Calaveras,2021-02-02,111,4056,23,1394,88,2662,0,0,72,2814,34,653,73,3467,California
Calaveras,2021-02-03,410,4466,44,1438,366,3028,0,0,324,3055,85,738,326,3793,California
Calaveras,2021-02-04,384,4850,26,1464,358,3386,0,0,299,3272,85,823,302,4095,California
Calaveras,2021-02-05,79,4929,22,1486,57,3443,0,0,41,3276,38,861,42,4137,California
Calaveras,2021-02-06,20,4949,12,1498,8,3451,0,0,20,3296,0,861,20,4157,California
Calaveras,2021-02-07,5,4954,1,1499,4,3455,0,0,2,3296,2,863,2,4159,California
Calaveras,2021-02-08,39,4993,18,1517,21,3476,0,0,31,3321,6,869,31,4190,California
Calaveras,2021-02-09,193,5186,77,1594,116,3592,0,0,130,3391,61,930,131,4321,California
Calaveras,2021-02-10,515,5701,31,1625,484,4076,0,0,442,3766,73,1003,448,4769,California
Calaveras,2021-02-11,583,6284,83,1708,500,4576,0,0,471,4136,109,1112,479,5248,California
Calaveras,2021-02-12,570,6854,325,2033,245,4821,0,0,492,4556,76,1188,496,5744,California
Calaveras,2021-02-13,200,7054,45,2078,155,4976,0,0,185,4726,15,1203,185,5929,California
Calaveras,2021-02-14,223,7277,71,2149,152,5128,0,0,207,4919,14,1217,207,6136,California
Calaveras,2021-02-15,382,7659,24,2173,358,5486,0,0,262,5064,117,1334,262,6398,California
Calaveras,2021-02-16,268,7927,144,2317,124,5610,0,0,230,5259,38,1372,233,6631,California
Calaveras,2021-02-17,511,8438,37,2354,474,6084,0,0,206,5178,291,1663,210,6841,California
Calaveras,2021-02-18,498,8936,91,2445,407,6491,0,0,95,4892,382,2045,96,6937,California
Calaveras,2021-02-19,439,9375,42,2487,397,6888,0,0,98,4661,329,2374,98,7035,California
Calaveras,2021-02-20,57,9432,15,2502,42,6930,0,0,47,4698,10,2384,47,7082,California
Calaveras,2021-02-21,25,9457,15,2517,10,6940,0,0,18,4710,6,2390,18,7100,California
Calaveras,2021-02-22,62,9519,38,2555,24,6964,0,0,33,4714,29,2419,33,7133,California
Calaveras,2021-02-23,128,9647,43,2598,85,7049,0,0,92,4771,36,2455,93,7226,California
Calaveras,2021-02-24,96,9743,47,2645,49,7098,0,0,66,4808,29,2484,66,7292,California
Calaveras,2021-02-25,551,10294,101,2746,450,7548,0,0,355,4978,190,2674,360,7652,California
Calaveras,2021-02-26,775,11069,45,2791,730,8278,0,0,411,5049,341,3015,412,8064,California
Calaveras,2021-02-27,205,11274,23,2814,182,8460,0,0,181,5206,24,3039,181,8245,California
Calaveras,2021-02-28,97,11371,15,2829,82,8542,0,0,91,5292,5,3044,91,8336,California
Calaveras,2021-03-01,236,11607,44,2873,192,8734,0,0,151,5363,81,3125,152,8488,California
Calaveras,2021-03-02,253,11860,99,2972,154,8888,0,0,206,5527,44,3169,208,8696,California
Calaveras,2021-03-03,559,12419,106,3078,453,9341,0,0,242,5459,310,3479,242,8938,California
Calaveras,2021-03-04,749,13168,72,3150,676,10017,1,1,355,5431,385,3864,357,9295,California
Calaveras,2021-03-05,455,13623,271,3421,180,10197,4,5,140,5266,309,4173,144,9439,California
Calaveras,2021-03-06,152,13775,41,3462,105,10302,6,11,113,5346,39,4212,119,9558,California
Calaveras,2021-03-07,77,13852,32,3494,38,10340,7,18,35,5346,42,4254,42,9600,California
Calaveras,2021-03-08,164,14016,28,3522,128,10468,8,26,130,5451,33,4287,138,9738,California
Calaveras,2021-03-09,361,14377,136,3658,219,10687,6,32,32,5166,323,4610,38,9776,California
Calaveras,2021-03-10,417,14794,29,3687,385,11072,3,35,58,4876,351,4961,61,9837,California
Calaveras,2021-03-11,852,15646,424,4111,415,11487,13,48,431,4911,411,5372,446,10283,California
Calaveras,2021-03-12,400,16046,212,4323,178,11665,10,58,322,5174,77,5449,340,10623,California
Calaveras,2021-03-13,178,16224,15,4338,155,11820,8,66,138,5286,39,5488,151,10774,California
Calaveras,2021-03-14,155,16379,11,4349,143,11963,1,67,17,5172,138,5626,24,10798,California
Calaveras,2021-03-15,331,16710,49,4398,257,12220,25,92,54,4979,276,5902,83,10881,California
Calaveras,2021-03-16,691,17401,554,4952,117,12337,20,112,545,5400,144,6046,565,11446,California
Calaveras,2021-03-17,278,17679,51,5003,213,12550,14,126,49,5240,224,6270,64,11510,California
Calaveras,2021-03-18,665,18344,569,5572,80,12630,16,142,548,5689,117,6387,566,12076,California
Calaveras,2021-03-19,234,18578,50,5622,110,12740,74,216,59,5649,171,6558,131,12207,California
Calaveras,2021-03-20,77,18655,22,5644,54,12794,1,217,20,5614,57,6615,22,12229,California
Calaveras,2021-03-21,46,18701,29,5673,6,12800,11,228,9,5599,36,6651,21,12250,California
Calaveras,2021-03-22,80,18781,36,5709,23,12823,21,249,25,5590,55,6706,46,12296,California
Calaveras,2021-03-23,295,19076,205,5914,80,12903,10,259,114,5545,169,6875,124,12420,California
Calaveras,2021-03-24,136,19212,52,5966,74,12977,10,269,44,5509,90,6965,54,12474,California
Calaveras,2021-03-25,745,19957,104,6070,637,13614,4,273,446,5668,291,7256,450,12924,California
Calaveras,2021-03-26,425,20382,27,6097,392,14006,6,279,87,5428,335,7591,95,13019,California
Calaveras,2021-03-27,211,20593,19,6116,188,14194,4,283,37,5300,171,7762,43,13062,California
Calaveras,2021-03-28,112,20705,12,6128,98,14292,2,285,8,5208,103,7865,11,13073,California
Calaveras,2021-03-29,179,20884,23,6151,153,14445,3,288,56,5148,120,7985,60,13133,California
Calaveras,2021-03-30,539,21423,26,6177,496,14941,17,305,360,5347,178,8163,377,13510,California
Calaveras,2021-03-31,323,21746,142,6319,171,15112,10,315,156,5347,167,8330,167,13677,California
Calaveras,2021-04-01,685,22431,444,6763,240,15352,1,316,186,5042,496,8826,191,13868,California
Calaveras,2021-04-02,392,22823,229,6992,155,15507,8,324,116,4897,270,9096,125,13993,California
Calaveras,2021-04-03,143,22966,33,7025,106,15613,4,328,40,4838,103,9199,44,14037,California
Calaveras,2021-04-04,82,23048,26,7051,56,15669,0,328,50,4856,32,9231,50,14087,California
Calaveras,2021-04-05,212,23260,81,7132,121,15790,10,338,100,4854,112,9343,110,14197,California
Calaveras,2021-04-06,655,23915,577,7709,64,15854,14,352,114,4445,537,9880,128,14325,California
Calaveras,2021-04-07,759,24674,661,8370,61,15915,37,389,620,4964,139,10019,658,14983,California
Calaveras,2021-04-08,947,25621,856,9226,69,15984,22,411,437,4917,507,10526,460,15443,California
Calaveras,2021-04-09,155,25776,59,9285,48,16032,48,459,57,4926,97,10623,106,15549,California
Calaveras,2021-04-10,193,25969,43,9328,131,16163,19,478,149,5052,43,10666,169,15718,California
Calaveras,2021-04-11,68,26037,44,9372,22,16185,2,480,49,5084,19,10685,51,15769,California
Calaveras,2021-04-12,104,26141,46,9418,40,16225,18,498,55,5109,49,10734,74,15843,California
Calaveras,2021-04-13,423,26564,368,9786,55,16280,0,498,365,5419,57,10791,367,16210,California
Calaveras,2021-04-14,181,26745,29,9815,152,16432,0,498,135,5509,46,10837,136,16346,California
Calaveras,2021-04-15,333,27078,283,10098,50,16482,0,498,246,5672,83,10920,246,16592,California
Calaveras,2021-04-16,99,27177,24,10122,75,16557,0,498,46,5670,48,10968,46,16638,California
Calaveras,2021-04-17,331,27508,127,10249,204,16761,0,498,290,5919,41,11009,290,16928,California
Calaveras,2021-04-18,17,27525,6,10255,11,16772,0,498,11,5924,6,11015,11,16939,California
Calaveras,2021-04-19,74,27599,26,10281,48,16820,0,498,45,5942,28,11043,46,16985,California
Calaveras,2021-04-20,261,27860,93,10374,168,16988,0,498,194,6071,65,11108,194,17179,California
Calaveras,2021-04-21,213,28073,143,10517,70,17058,0,498,81,6023,130,11238,82,17261,California
Calaveras,2021-04-22,544,28617,96,10613,448,17506,0,498,142,5768,399,11637,144,17405,California
Calaveras,2021-04-23,157,28774,79,10692,78,17584,0,498,64,5742,90,11727,64,17469,California
Calaveras,2021-04-24,172,28946,36,10728,136,17720,0,498,129,5830,42,11769,130,17599,California
Calaveras,2021-04-25,43,28989,28,10756,15,17735,0,498,22,5833,21,11790,24,17623,California
Calaveras,2021-04-26,116,29105,73,10829,43,17778,0,498,34,5786,82,11872,35,17658,California
Calaveras,2021-04-27,442,29547,74,10903,355,18133,13,511,57,5474,382,12254,70,17728,California
Calaveras,2021-04-28,647,30194,579,11482,37,18170,31,542,53,4973,592,12846,91,17819,California
Calaveras,2021-04-29,514,30708,442,11924,53,18223,19,561,73,4631,439,13285,97,17916,California
Calaveras,2021-04-30,150,30858,61,11985,84,18307,5,566,67,4627,82,13367,78,17994,California
Calaveras,2021-05-01,202,31060,111,12096,88,18395,3,569,134,4701,67,13434,141,18135,California
Calaveras,2021-05-02,51,31111,34,12130,16,18411,1,570,18,4690,31,13465,20,18155,California
Calaveras,2021-05-03,92,31203,68,12198,19,18430,5,575,29,4665,63,13528,38,18193,California
Calaveras,2021-05-04,416,31619,330,12528,49,18479,37,612,43,4374,372,13900,81,18274,California
Calaveras,2021-05-05,113,31732,58,12586,23,18502,32,644,50,4393,62,13962,81,18355,California
Calaveras,2021-05-06,254,31986,194,12780,36,18538,24,668,47,4259,206,14168,72,18427,California
Calaveras,2021-05-07,86,32072,22,12802,58,18596,6,674,56,4291,30,14198,62,18489,California
Calaveras,2021-05-08,290,32362,143,12945,145,18741,2,676,90,4186,197,14395,92,18581,California
Calaveras,2021-05-09,29,32391,12,12957,14,18755,3,679,13,4186,16,14411,16,18597,California
Calaveras,2021-05-10,56,32447,25,12982,30,18785,1,680,25,4184,29,14440,27,18624,California
Calaveras,2021-05-11,134,32581,88,13070,33,18818,13,693,93,4251,40,14480,107,18731,California
Calaveras,2021-05-12,167,32748,46,13116,121,18939,0,693,51,4187,115,14595,51,18782,California
Calaveras,2021-05-13,119,32867,65,13181,39,18978,15,708,63,4212,54,14649,79,18861,California
Calaveras,2021-05-14,149,33016,92,13273,54,19032,3,711,100,4267,48,14697,103,18964,California
Calaveras,2021-05-15,268,33284,95,13368,170,19202,3,714,107,4222,155,14852,110,19074,California
Calaveras,2021-05-16,29,33313,12,13380,17,19219,0,714,14,4222,15,14867,15,19089,California
Calaveras,2021-05-17,88,33401,41,13421,40,19259,7,721,46,4235,41,14908,54,19143,California
Calaveras,2021-05-18,224,33625,61,13482,141,19400,22,743,71,4176,152,15060,93,19236,California
Calaveras,2021-05-19,145,33770,59,13541,82,19482,4,747,70,4177,74,15134,75,19311,California
Calaveras,2021-05-20,201,33971,78,13619,98,19580,25,772,65,4133,133,15267,89,19400,California
Calaveras,2021-05-21,97,34068,55,13674,38,19618,4,776,58,4157,37,15304,61,19461,California
Calaveras,2021-05-22,300,34368,159,13833,141,19759,0,776,147,4152,152,15456,147,19608,California
Calaveras,2021-05-23,30,34398,14,13847,16,19775,0,776,13,4148,17,15473,13,19621,California
Calaveras,2021-05-24,74,34472,38,13885,20,19795,16,792,31,4153,43,15516,48,19669,California
Calaveras,2021-05-25,122,34594,47,13932,59,19854,16,808,57,4161,65,15581,73,19742,California
Calaveras,2021-05-26,121,34715,87,14019,30,19884,4,812,83,4210,37,15618,86,19828,California
Calaveras,2021-05-27,83,34798,43,14062,36,19920,4,816,27,4189,53,15671,32,19860,California
Calaveras,2021-05-28,82,34880,42,14104,36,19956,4,820,41,4193,41,15712,45,19905,California
Calaveras,2021-05-29,68,34948,23,14127,40,19996,5,825,33,4196,35,15747,38,19943,California
Calaveras,2021-05-30,36,34984,14,14141,17,20013,5,830,11,4187,25,15772,16,19959,California
Calaveras,2021-05-31,5,34989,0,14141,3,20016,2,832,0,4184,5,15777,2,19961,California
Calaveras,2021-06-01,144,35133,97,14238,41,20057,6,838,44,4134,100,15877,50,20011,California
Calaveras,2021-06-02,85,35218,54,14292,27,20084,4,842,36,4125,49,15926,40,20051,California
Calaveras,2021-06-03,93,35311,55,14347,31,20115,7,849,42,4127,49,15975,51,20102,California
Calaveras,2021-06-04,140,35451,94,14441,34,20149,12,861,37,4073,103,16078,49,20151,California
Calaveras,2021-06-05,84,35535,27,14468,55,20204,2,863,33,4058,50,16128,35,20186,California
Calaveras,2021-06-06,40,35575,28,14496,9,20213,3,866,21,4063,19,16147,24,20210,California
Calaveras,2021-06-07,60,35635,43,14539,9,20222,8,874,24,4060,35,16182,32,20242,California
Calaveras,2021-06-08,124,35759,79,14618,38,20260,7,881,56,4057,66,16248,63,20305,California
Calaveras,2021-06-09,91,35850,48,14666,37,20297,6,887,28,4030,63,16311,36,20341,California
Calaveras,2021-06-10,116,35966,58,14724,49,20346,9,896,41,4007,73,16384,50,20391,California
Calaveras,2021-06-11,100,36066,54,14778,41,20387,5,901,31,3974,69,16453,36,20427,California
Calaveras,2021-06-12,61,36127,35,14813,24,20411,2,903,18,3952,43,16496,21,20448,California
Calaveras,2021-06-13,27,36154,18,14831,9,20420,0,903,8,3941,19,16515,8,20456,California
Calaveras,2021-06-14,48,36202,36,14867,12,20432,0,903,19,3932,29,16544,20,20476,California
Calaveras,2021-06-15,39,36241,32,14899,2,20434,5,908,7,3912,32,16576,12,20488,California
Colusa,2020-12-18,1,1,1,1,0,0,0,0,1,1,0,0,1,1,California
Colusa,2020-12-21,2,3,2,3,0,0,0,0,2,3,0,0,2,3,California
Colusa,2020-12-22,10,13,10,13,0,0,0,0,10,13,0,0,10,13,California
Colusa,2020-12-23,10,23,10,23,0,0,0,0,10,23,0,0,10,23,California
Colusa,2020-12-24,2,25,1,24,1,1,0,0,2,25,0,0,2,25,California
Colusa,2020-12-27,1,26,1,25,0,1,0,0,1,26,0,0,1,26,California
Colusa,2020-12-28,7,33,3,28,4,5,0,0,7,33,0,0,7,33,California
Colusa,2020-12-29,11,44,8,36,3,8,0,0,11,44,0,0,11,44,California
Colusa,2020-12-30,51,95,14,50,37,45,0,0,51,95,0,0,51,95,California
Colusa,2020-12-31,18,113,1,51,17,62,0,0,18,113,0,0,18,113,California
Colusa,2021-01-04,4,117,0,51,4,66,0,0,4,117,0,0,4,117,California
Colusa,2021-01-05,67,184,1,52,66,132,0,0,67,184,0,0,67,184,California
Colusa,2021-01-06,15,199,9,61,6,138,0,0,15,199,0,0,15,199,California
Colusa,2021-01-07,39,238,5,66,34,172,0,0,38,236,1,1,38,237,California
Colusa,2021-01-08,9,247,7,73,2,174,0,0,8,243,1,2,8,245,California
Colusa,2021-01-09,2,249,1,74,1,175,0,0,2,245,0,2,2,247,California
Colusa,2021-01-10,1,250,0,74,1,176,0,0,1,246,0,2,1,248,California
Colusa,2021-01-11,12,262,6,80,6,182,0,0,7,248,5,7,7,255,California
Colusa,2021-01-12,11,273,9,89,2,184,0,0,6,249,5,12,6,261,California
Colusa,2021-01-13,21,294,13,102,8,192,0,0,13,254,8,20,13,274,California
Colusa,2021-01-14,35,329,28,130,7,199,0,0,33,285,2,22,33,307,California
Colusa,2021-01-15,44,373,5,135,39,238,0,0,42,325,2,24,42,349,California
Colusa,2021-01-16,12,385,1,136,11,249,0,0,11,335,1,25,11,360,California
Colusa,2021-01-17,3,388,2,138,1,250,0,0,2,336,1,26,2,362,California
Colusa,2021-01-18,4,392,0,138,4,254,0,0,4,340,0,26,4,366,California
Colusa,2021-01-19,9,401,8,146,1,255,0,0,5,341,4,30,5,371,California
Colusa,2021-01-20,113,514,101,247,12,267,0,0,99,426,14,44,99,470,California
Colusa,2021-01-21,59,573,44,291,15,282,0,0,58,483,1,45,58,528,California
Colusa,2021-01-22,36,609,17,308,19,301,0,0,31,509,5,50,31,559,California
Colusa,2021-01-23,35,644,6,314,29,330,0,0,35,544,0,50,35,594,California
Colusa,2021-01-25,7,651,0,314,7,337,0,0,7,551,0,50,7,601,California
Colusa,2021-01-26,8,659,5,319,3,340,0,0,5,553,3,53,5,606,California
Colusa,2021-01-27,109,768,31,350,78,418,0,0,107,658,2,55,107,713,California
Colusa,2021-01-28,82,850,47,397,35,453,0,0,74,724,8,63,74,787,California
Colusa,2021-01-29,40,890,7,404,33,486,0,0,39,762,1,64,39,826,California
Colusa,2021-01-30,27,917,4,408,23,509,0,0,27,789,0,64,27,853,California
Colusa,2021-01-31,7,924,7,415,0,509,0,0,7,796,0,64,7,860,California
Colusa,2021-02-01,27,951,10,425,17,526,0,0,22,813,5,69,22,882,California
Colusa,2021-02-02,44,995,9,434,35,561,0,0,37,843,7,76,37,919,California
Colusa,2021-02-03,70,1065,11,445,59,620,0,0,59,891,11,87,59,978,California
Colusa,2021-02-04,144,1209,82,527,62,682,0,0,116,979,28,115,116,1094,California
Colusa,2021-02-05,28,1237,8,535,20,702,0,0,25,1001,3,118,25,1119,California
Colusa,2021-02-06,282,1519,9,544,273,975,0,0,271,1261,11,129,271,1390,California
Colusa,2021-02-07,2,1521,1,545,1,976,0,0,0,1259,2,131,0,1390,California
Colusa,2021-02-08,40,1561,5,550,35,1011,0,0,37,1293,3,134,37,1427,California
Colusa,2021-02-09,229,1790,14,564,215,1226,0,0,176,1416,53,187,176,1603,California
Colusa,2021-02-10,115,1905,41,605,74,1300,0,0,72,1445,43,230,72,1675,California
Colusa,2021-02-11,100,2005,37,642,63,1363,0,0,73,1491,27,257,73,1748,California
Colusa,2021-02-12,120,2125,9,651,111,1474,0,0,79,1528,42,299,79,1827,California
Colusa,2021-02-13,60,2185,8,659,52,1526,0,0,52,1572,8,307,52,1879,California
Colusa,2021-02-14,21,2206,8,667,13,1539,0,0,15,1581,6,313,15,1894,California
Colusa,2021-02-15,45,2251,10,677,35,1574,0,0,38,1612,7,320,38,1932,California
Colusa,2021-02-16,67,2318,4,681,63,1637,0,0,66,1677,1,321,66,1998,California
Colusa,2021-02-17,203,2521,143,824,60,1697,0,0,58,1590,145,466,58,2056,California
Colusa,2021-02-18,137,2658,36,860,101,1798,0,0,114,1681,23,489,114,2170,California
Colusa,2021-02-19,152,2810,19,879,133,1931,0,0,130,1789,22,511,130,2300,California
Colusa,2021-02-20,27,2837,5,884,22,1953,0,0,11,1784,16,527,11,2311,California
Colusa,2021-02-21,1,2838,1,885,0,1953,0,0,0,1783,1,528,0,2311,California
Colusa,2021-02-22,43,2881,26,911,17,1970,0,0,29,1798,14,542,29,2340,California
Colusa,2021-02-23,22,2903,7,918,15,1985,0,0,17,1810,5,547,17,2357,California
Colusa,2021-02-24,303,3206,55,973,248,2233,0,0,158,1823,145,692,158,2515,California
Colusa,2021-02-25,103,3309,55,1028,48,2281,0,0,67,1854,36,728,67,2582,California
Colusa,2021-02-26,97,3406,15,1043,82,2363,0,0,60,1877,37,765,60,2642,California
Colusa,2021-02-27,55,3461,4,1047,51,2414,0,0,40,1902,15,780,40,2682,California
Colusa,2021-02-28,27,3488,15,1062,12,2426,0,0,18,1911,9,789,18,2700,California
Colusa,2021-03-01,46,3534,15,1077,31,2457,0,0,29,1923,17,806,29,2729,California
Colusa,2021-03-02,48,3582,12,1089,36,2493,0,0,25,1925,23,829,25,2754,California
Colusa,2021-03-03,247,3829,46,1135,201,2694,0,0,190,2058,57,886,190,2944,California
Colusa,2021-03-04,138,3967,58,1193,80,2774,0,0,80,2080,58,944,80,3024,California
Colusa,2021-03-05,94,4061,25,1218,60,2834,9,9,53,2101,41,985,62,3086,California
Colusa,2021-03-06,272,4333,9,1227,263,3097,0,9,38,1905,234,1219,38,3124,California
Colusa,2021-03-07,8,4341,5,1232,3,3100,0,9,6,1909,2,1221,6,3130,California
Colusa,2021-03-08,89,4430,21,1253,33,3133,35,44,45,1945,44,1265,80,3210,California
Colusa,2021-03-09,275,4705,74,1327,178,3311,23,67,85,1863,190,1455,108,3318,California
Colusa,2021-03-10,290,4995,38,1365,216,3527,36,103,204,2017,86,1541,240,3558,California
Colusa,2021-03-11,418,5413,60,1425,337,3864,21,124,335,2288,83,1624,354,3912,California
Colusa,2021-03-12,110,5523,18,1443,79,3943,13,137,20,2231,90,1714,33,3945,California
Colusa,2021-03-13,59,5582,14,1457,36,3979,9,146,17,2215,42,1756,26,3971,California
Colusa,2021-03-14,20,5602,0,1457,18,3997,2,148,6,2210,13,1769,8,3979,California
Colusa,2021-03-15,71,5673,27,1484,36,4033,8,156,15,2177,56,1825,23,4002,California
Colusa,2021-03-16,296,5969,16,1500,234,4267,46,202,189,2305,107,1932,235,4237,California
Colusa,2021-03-17,193,6162,50,1550,143,4410,0,202,108,2328,85,2017,108,4345,California
Colusa,2021-03-18,324,6486,37,1587,216,4626,71,273,201,2477,123,2140,272,4617,California
Colusa,2021-03-19,80,6566,21,1608,57,4683,2,275,53,2505,27,2167,55,4672,California
Colusa,2021-03-20,49,6615,7,1615,41,4724,1,276,36,2529,13,2180,37,4709,California
Colusa,2021-03-21,6,6621,4,1619,2,4726,0,276,3,2529,3,2183,3,4712,California
Colusa,2021-03-22,62,6683,10,1629,43,4769,9,285,40,2556,22,2205,49,4761,California
Colusa,2021-03-23,81,6764,16,1645,63,4832,2,287,55,2587,26,2231,57,4818,California
Colusa,2021-03-24,340,7104,56,1701,278,5110,6,293,67,2386,273,2504,72,4890,California
Colusa,2021-03-25,108,7212,60,1761,43,5153,5,298,50,2383,58,2562,55,4945,California
Colusa,2021-03-26,298,7510,48,1809,246,5399,4,302,246,2581,52,2614,250,5195,California
Colusa,2021-03-27,64,7574,5,1814,59,5458,0,302,26,2569,38,2652,26,5221,California
Colusa,2021-03-28,16,7590,7,1821,9,5467,0,302,8,2569,8,2660,8,5229,California
Colusa,2021-03-29,73,7663,21,1842,46,5513,6,308,33,2568,40,2700,39,5268,California
Colusa,2021-03-30,150,7813,82,1924,66,5579,2,310,71,2562,79,2779,73,5341,California
Colusa,2021-03-31,235,8048,41,1965,194,5773,0,310,70,2468,164,2943,70,5411,California
Colusa,2021-04-01,435,8483,71,2036,309,6082,55,365,313,2714,121,3064,367,5778,California
Colusa,2021-04-02,82,8565,15,2051,53,6135,14,379,38,2722,44,3108,52,5830,California
Colusa,2021-04-03,60,8625,9,2060,28,6163,23,402,14,2712,46,3154,36,5866,California
Colusa,2021-04-04,18,8643,0,2060,8,6171,10,412,3,2710,15,3169,13,5879,California
Colusa,2021-04-05,97,8740,26,2086,55,6226,16,428,39,2707,58,3227,55,5934,California
Colusa,2021-04-06,130,8870,34,2120,45,6271,51,479,43,2714,87,3314,94,6028,California
Colusa,2021-04-07,358,9228,41,2161,294,6565,23,502,131,2642,227,3541,155,6183,California
Colusa,2021-04-08,424,9652,34,2195,364,6929,26,528,120,2487,301,3842,146,6329,California
Colusa,2021-04-09,76,9728,21,2216,31,6960,24,552,27,2489,49,3891,51,6380,California
Colusa,2021-04-10,45,9773,9,2225,15,6975,21,573,12,2489,33,3924,33,6413,California
Colusa,2021-04-11,17,9790,3,2228,12,6987,2,575,8,2490,9,3933,10,6423,California
Colusa,2021-04-12,32,9822,3,2231,29,7016,0,575,25,2508,7,3940,25,6448,California
Colusa,2021-04-13,278,10100,22,2253,256,7272,0,575,93,2417,184,4124,93,6541,California
Colusa,2021-04-14,94,10194,19,2272,75,7347,0,575,32,2387,62,4186,32,6573,California
Colusa,2021-04-15,326,10520,47,2319,279,7626,0,575,134,2329,192,4378,134,6707,California
Colusa,2021-04-16,80,10600,11,2330,69,7695,0,575,36,2322,43,4421,36,6743,California
Colusa,2021-04-17,51,10651,7,2337,44,7739,0,575,29,2329,22,4443,29,6772,California
Colusa,2021-04-18,9,10660,2,2339,7,7746,0,575,7,2334,2,4445,7,6779,California
Colusa,2021-04-19,61,10721,22,2361,39,7785,0,575,16,2305,45,4490,16,6795,California
Colusa,2021-04-20,178,10899,31,2392,147,7932,0,575,129,2385,49,4539,129,6924,California
Colusa,2021-04-21,170,11069,59,2451,111,8043,0,575,110,2435,60,4599,110,7034,California
Colusa,2021-04-22,419,11488,27,2478,391,8434,1,576,218,2453,200,4799,218,7252,California
Colusa,2021-04-23,93,11581,20,2498,73,8507,0,576,36,2432,57,4856,36,7288,California
Colusa,2021-04-24,240,11821,19,2517,220,8727,1,577,208,2608,32,4888,208,7496,California
Colusa,2021-04-25,12,11833,6,2523,6,8733,0,577,8,2612,4,4892,8,7504,California
Colusa,2021-04-26,25,11858,5,2528,19,8752,1,578,6,2600,18,4910,6,7510,California
Colusa,2021-04-27,94,11952,23,2551,67,8819,4,582,44,2598,50,4960,48,7558,California
Colusa,2021-04-28,189,12141,27,2578,159,8978,3,585,139,2691,49,5009,142,7700,California
Colusa,2021-04-29,320,12461,27,2605,289,9267,4,589,47,2471,271,5280,51,7751,California
Colusa,2021-04-30,63,12524,18,2623,45,9312,0,589,41,2490,22,5302,41,7792,California
Colusa,2021-05-01,19,12543,8,2631,8,9320,3,592,9,2492,10,5312,12,7804,California
Colusa,2021-05-02,4,12547,1,2632,2,9322,1,593,2,2493,2,5314,3,7807,California
Colusa,2021-05-03,31,12578,7,2639,24,9346,0,593,15,2492,16,5330,15,7822,California
Colusa,2021-05-04,94,12672,52,2691,41,9387,1,594,67,2533,27,5357,68,7890,California
Colusa,2021-05-05,79,12751,16,2707,62,9449,1,595,34,2523,45,5402,35,7925,California
Colusa,2021-05-06,253,13004,16,2723,235,9684,2,597,110,2492,143,5545,112,8037,California
Colusa,2021-05-07,66,13070,5,2728,57,9741,4,601,31,2492,35,5580,35,8072,California
Colusa,2021-05-08,18,13088,5,2733,13,9754,0,601,9,2492,9,5589,9,8081,California
Colusa,2021-05-09,13,13101,5,2738,5,9759,3,604,6,2494,7,5596,9,8090,California
Colusa,2021-05-10,15,13116,6,2744,9,9768,0,604,6,2491,9,5605,6,8096,California
Colusa,2021-05-11,92,13208,33,2777,59,9827,0,604,50,2499,42,5647,50,8146,California
Colusa,2021-05-12,72,13280,31,2808,37,9864,4,608,20,2471,52,5699,24,8170,California
Colusa,2021-05-13,242,13522,24,2832,217,10081,1,609,78,2386,164,5863,79,8249,California
Colusa,2021-05-14,86,13608,18,2850,53,10134,15,624,33,2382,52,5915,48,8297,California
Colusa,2021-05-15,37,13645,9,2859,26,10160,2,626,19,2385,18,5933,21,8318,California
Colusa,2021-05-16,22,13667,5,2864,10,10170,7,633,9,2388,13,5946,16,8334,California
Colusa,2021-05-17,24,13691,4,2868,18,10188,2,635,12,2390,12,5958,14,8348,California
Colusa,2021-05-18,100,13791,26,2894,72,10260,2,637,45,2382,55,6013,47,8395,California
Colusa,2021-05-19,218,14009,44,2938,154,10414,20,657,68,2320,150,6163,88,8483,California
Colusa,2021-05-20,283,14292,36,2974,243,10657,4,661,71,2183,212,6375,75,8558,California
Colusa,2021-05-21,70,14362,23,2997,45,10702,2,663,36,2187,34,6409,38,8596,California
Colusa,2021-05-22,218,14580,21,3018,196,10898,1,664,30,2030,188,6597,31,8627,California
Colusa,2021-05-23,18,14598,7,3025,7,10905,4,668,5,2026,13,6610,9,8636,California
Colusa,2021-05-24,26,14624,3,3028,18,10923,5,673,15,2035,11,6621,20,8656,California
Colusa,2021-05-25,132,14756,73,3101,57,10980,2,675,50,2005,82,6703,52,8708,California
Colusa,2021-05-26,72,14828,25,3126,47,11027,0,675,33,1999,39,6742,33,8741,California
Colusa,2021-05-27,170,14998,17,3143,153,11180,0,675,54,1937,116,6858,54,8795,California
Colusa,2021-05-28,80,15078,26,3169,53,11233,1,676,40,1938,40,6898,41,8836,California
Colusa,2021-05-29,37,15115,18,3187,18,11251,1,677,29,1960,8,6906,30,8866,California
Colusa,2021-05-30,8,15123,1,3188,2,11253,5,682,1,1959,7,6913,6,8872,California
Colusa,2021-05-31,4,15127,0,3188,4,11257,0,682,1,1957,3,6916,1,8873,California
Colusa,2021-06-01,50,15177,16,3204,33,11290,1,683,26,1960,24,6940,27,8900,California
Colusa,2021-06-02,146,15323,20,3224,124,11414,2,685,52,1921,93,7033,54,8954,California
Colusa,2021-06-03,62,15385,20,3244,41,11455,1,686,26,1915,33,7066,27,8981,California
Colusa,2021-06-04,59,15444,19,3263,37,11492,3,689,21,1901,38,7104,24,9005,California
Colusa,2021-06-05,35,15479,16,3279,18,11510,1,690,18,1903,17,7121,19,9024,California
Colusa,2021-06-06,9,15488,4,3283,4,11514,1,691,6,1907,3,7124,7,9031,California
Colusa,2021-06-07,22,15510,6,3289,16,11530,0,691,12,1909,10,7134,12,9043,California
Colusa,2021-06-08,68,15578,17,3306,51,11581,0,691,26,1893,42,7176,26,9069,California
Colusa,2021-06-09,70,15648,39,3345,31,11612,0,691,28,1879,42,7218,28,9097,California
Colusa,2021-06-10,56,15704,23,3368,31,11643,2,693,13,1851,43,7261,15,9112,California
Colusa,2021-06-11,61,15765,33,3401,27,11670,1,694,29,1849,32,7293,30,9142,California
Colusa,2021-06-12,38,15803,24,3425,14,11684,0,694,11,1833,27,7320,11,9153,California
Colusa,2021-06-13,10,15813,3,3428,5,11689,2,696,2,1829,8,7328,4,9157,California
Colusa,2021-06-14,18,15831,7,3435,11,11700,0,696,8,1827,10,7338,8,9165,California
Colusa,2021-06-15,41,15872,18,3453,22,11722,1,697,13,1813,28,7366,14,9179,California
Contra Costa,2020-12-15,18,18,18,18,0,0,0,0,18,18,0,0,18,18,California
Contra Costa,2020-12-16,523,541,523,541,0,0,0,0,523,541,0,0,523,541,California
Contra Costa,2020-12-17,1048,1589,1048,1589,0,0,0,0,1048,1589,0,0,1048,1589,California
Contra Costa,2020-12-18,1772,3361,1771,3360,1,1,0,0,1772,3361,0,0,1772,3361,California
Contra Costa,2020-12-19,1128,4489,1127,4487,1,2,0,0,1128,4489,0,0,1128,4489,California
Contra Costa,2020-12-20,607,5096,606,5093,1,3,0,0,607,5096,0,0,607,5096,California
Contra Costa,2020-12-21,1681,6777,1679,6772,2,5,0,0,1681,6777,0,0,1681,6777,California
Contra Costa,2020-12-22,1686,8463,1580,8352,106,111,0,0,1686,8463,0,0,1686,8463,California
Contra Costa,2020-12-23,1639,10102,1389,9741,250,361,0,0,1639,10102,0,0,1639,10102,California
Contra Costa,2020-12-24,664,10766,339,10080,325,686,0,0,664,10766,0,0,664,10766,California
Contra Costa,2020-12-25,44,10810,20,10100,24,710,0,0,44,10810,0,0,44,10810,California
Contra Costa,2020-12-26,661,11471,137,10237,524,1234,0,0,661,11471,0,0,661,11471,California
Contra Costa,2020-12-27,244,11715,86,10323,158,1392,0,0,244,11715,0,0,244,11715,California
Contra Costa,2020-12-28,1866,13581,876,11199,990,2382,0,0,1866,13581,0,0,1866,13581,California
Contra Costa,2020-12-29,1861,15442,829,12028,1032,3414,0,0,1861,15442,0,0,1861,15442,California
Contra Costa,2020-12-30,2442,17884,1223,13251,1219,4633,0,0,2440,17881,2,2,2441,17883,California
Contra Costa,2020-12-31,932,18816,309,13560,623,5256,0,0,931,18812,0,2,931,18814,California
Contra Costa,2021-01-01,66,18882,24,13584,42,5298,0,0,66,18878,0,2,66,18880,California
Contra Costa,2021-01-02,344,19226,177,13761,167,5465,0,0,344,19222,0,2,344,19224,California
Contra Costa,2021-01-03,186,19412,125,13886,61,5526,0,0,185,19407,0,2,185,19409,California
Contra Costa,2021-01-04,1919,21331,1252,15138,667,6193,0,0,1899,21288,18,20,1899,21308,California
Contra Costa,2021-01-05,2129,23460,1269,16407,860,7053,0,0,1843,22847,285,305,1844,23152,California
Contra Costa,2021-01-06,3327,26787,2281,18688,1046,8099,0,0,2505,24540,816,1121,2509,25661,California
Contra Costa,2021-01-07,3134,29921,2095,20783,1039,9138,0,0,1801,25011,1330,2451,1801,27462,California
Contra Costa,2021-01-08,3432,33353,2430,23213,1002,10140,0,0,1766,25119,1661,4112,1769,29231,California
Contra Costa,2021-01-09,1612,34965,1156,24369,456,10596,0,0,740,24990,871,4983,742,29973,California
Contra Costa,2021-01-10,369,35334,292,24661,77,10673,0,0,155,24931,214,5197,155,30128,California
Contra Costa,2021-01-11,3872,39206,3172,27833,700,11373,0,0,2234,25530,1638,6835,2237,32365,California
Contra Costa,2021-01-12,3962,43168,2974,30807,988,12361,0,0,2600,26773,1361,8196,2604,34969,California
Contra Costa,2021-01-13,4804,47972,2978,33785,1826,14187,0,0,3832,29640,968,9164,3835,38804,California
Contra Costa,2021-01-14,4368,52340,1586,35371,2782,16969,0,0,3976,33229,392,9556,3981,42785,California
Contra Costa,2021-01-15,5417,57757,2493,37864,2924,19893,0,0,5086,37989,330,9886,5090,47875,California
Contra Costa,2021-01-16,1767,59524,572,38436,1195,21088,0,0,1689,39600,78,9964,1689,49564,California
Contra Costa,2021-01-17,1678,61202,987,39423,691,21779,0,0,1556,41037,122,10086,1559,51123,California
Contra Costa,2021-01-18,3275,64477,1303,40726,1972,23751,0,0,2640,43048,630,10716,2641,53764,California
Contra Costa,2021-01-19,7124,71601,3190,43916,3934,27685,0,0,6110,48154,1009,11725,6115,59879,California
Contra Costa,2021-01-20,6795,78396,4183,48099,2612,30297,0,0,5542,52457,1249,12974,5552,65431,California
Contra Costa,2021-01-21,7093,85489,3145,51244,3948,34245,0,0,6353,58084,734,13708,6361,71792,California
Contra Costa,2021-01-22,6488,91977,2749,53993,3739,37984,0,0,5613,62834,866,14574,5616,77408,California
Contra Costa,2021-01-23,2077,94054,367,54360,1710,39694,0,0,1808,64377,267,14841,1810,79218,California
Contra Costa,2021-01-24,1612,95666,221,54581,1391,41085,0,0,1462,65693,150,14991,1466,80684,California
Contra Costa,2021-01-25,6759,102425,3061,57642,3698,44783,0,0,5159,69258,1598,16589,5163,85847,California
Contra Costa,2021-01-26,8242,110667,4752,62394,3490,48273,0,0,6357,73744,1877,18466,6363,92210,California
Contra Costa,2021-01-27,8320,118987,5468,67862,2852,51125,0,0,6435,78310,1873,20339,6439,98649,California
Contra Costa,2021-01-28,7579,126566,4121,71983,3458,54583,0,0,5938,82620,1635,21974,5945,104594,California
Contra Costa,2021-01-29,7561,134127,3938,75921,3623,58206,0,0,6221,87510,1335,23309,6225,110819,California
Contra Costa,2021-01-30,2183,136310,670,76591,1513,59719,0,0,1773,88880,403,23712,1773,112592,California
Contra Costa,2021-01-31,675,136985,445,77036,230,59949,0,0,582,89372,90,23802,582,113174,California
Contra Costa,2021-02-01,5922,142907,4116,81152,1806,61755,0,0,4005,91471,1909,25711,4008,117182,California
Contra Costa,2021-02-02,7655,150562,5127,86279,2528,64283,0,0,5940,95698,1714,27425,5941,123123,California
Contra Costa,2021-02-03,8393,158955,5540,91819,2853,67136,0,0,5695,98706,2688,30113,5696,128819,California
Contra Costa,2021-02-04,7610,166565,3618,95437,3992,71128,0,0,5835,102771,1773,31886,5838,134657,California
Contra Costa,2021-02-05,8530,175095,4857,100294,3673,74801,0,0,5817,105882,2706,34592,5817,140474,California
Contra Costa,2021-02-06,3539,178634,2184,102478,1355,76156,0,0,2877,108099,661,35253,2878,143352,California
Contra Costa,2021-02-07,998,179632,725,103203,273,76429,0,0,609,108321,387,35640,609,143961,California
Contra Costa,2021-02-08,5958,185590,3542,106745,2416,78845,0,0,4430,111231,1521,37161,4431,148392,California
Contra Costa,2021-02-09,8792,194382,4859,111604,3933,82778,0,0,5860,114168,2924,40085,5861,154253,California
Contra Costa,2021-02-10,8758,203140,4717,116321,4041,86819,0,0,5422,116273,3321,43406,5426,159679,California
Contra Costa,2021-02-11,9447,212587,4260,120581,5187,92006,0,0,5328,117493,4113,47519,5333,165012,California
Contra Costa,2021-02-12,10193,222780,4665,125246,5528,97534,0,0,5501,118313,4684,52203,5504,170516,California
Contra Costa,2021-02-13,4947,227727,1391,126637,3556,101090,0,0,3439,120248,1505,53708,3440,173956,California
Contra Costa,2021-02-14,2118,229845,872,127509,1246,102336,0,0,1231,120594,885,54593,1231,175187,California
Contra Costa,2021-02-15,4524,234369,2490,129999,2034,104370,0,0,2360,120799,2156,56749,2361,177548,California
Contra Costa,2021-02-16,10520,244889,4954,134953,5566,109936,0,0,4687,119665,5825,62574,4691,182239,California
Contra Costa,2021-02-17,12439,257328,6235,141188,6204,116140,0,0,5711,118664,6713,69287,5712,187951,California
Contra Costa,2021-02-18,11598,268926,6029,147217,5569,121709,0,0,5360,117799,6227,75514,5362,193313,California
Contra Costa,2021-02-19,11594,280520,7232,154449,4362,126071,0,0,5254,116730,6325,81839,5256,198569,California
Contra Costa,2021-02-20,6609,287129,2997,157446,3612,129683,0,0,4661,119461,1932,83771,4663,203232,California
Contra Costa,2021-02-21,2360,289489,1768,159214,592,130275,0,0,1586,120274,773,84544,1586,204818,California
Contra Costa,2021-02-22,7832,297321,5292,164506,2540,132815,0,0,3607,119675,4210,88754,3611,208429,California
Contra Costa,2021-02-23,12349,309670,7606,172112,4743,137558,0,0,6218,119783,6117,94871,6225,214654,California
Contra Costa,2021-02-24,10874,320544,7997,180109,2877,140435,0,0,5279,119487,5577,100448,5281,219935,California
Contra Costa,2021-02-25,12028,332572,7630,187739,4398,144833,0,0,5582,118649,6425,106873,5587,225522,California
Contra Costa,2021-02-26,11231,343803,7102,194841,4129,148962,0,0,5566,118566,5650,112523,5567,231089,California
Contra Costa,2021-02-27,7013,350816,4531,199372,2482,151444,0,0,4395,120353,2610,115133,4397,235486,California
Contra Costa,2021-02-28,4404,355220,3656,203028,747,152191,1,1,3713,123380,688,115821,3715,239201,California
Contra Costa,2021-03-01,8751,363971,6633,209661,2112,154303,6,7,5400,125453,3335,119156,5408,244609,California
Contra Costa,2021-03-02,10782,374753,6914,216575,3867,158170,1,8,5777,126243,4989,124145,5779,250388,California
Contra Costa,2021-03-03,11529,386282,7261,223836,4267,162437,1,9,6510,127750,5005,129150,6512,256900,California
Contra Costa,2021-03-04,12162,398444,7266,231102,4895,167332,1,10,6318,128245,5825,134975,6320,263220,California
Contra Costa,2021-03-05,11676,410120,7001,238103,4668,172000,7,17,6713,130020,4945,139920,6720,269940,California
Contra Costa,2021-03-06,7605,417725,4256,242359,3037,175037,312,329,4963,132665,2628,142548,5273,275213,California
Contra Costa,2021-03-07,3904,421629,2491,244850,1351,176388,62,391,3215,135255,687,143235,3277,278490,California
Contra Costa,2021-03-08,8367,429996,3967,248817,4090,180478,310,701,5627,138468,2728,145963,5941,284431,California
Contra Costa,2021-03-09,11284,441280,5987,254804,5000,185478,297,998,5913,139320,5360,151323,6212,290643,California
Contra Costa,2021-03-10,12615,453895,6335,261139,4771,190249,1509,2507,5752,139722,6850,158173,7252,297895,California
Contra Costa,2021-03-11,12665,466560,6658,267797,5441,195690,566,3073,6474,140594,6167,164340,7039,304934,California
Contra Costa,2021-03-12,12796,479356,5277,273074,6948,202638,571,3644,6377,141137,6401,170741,6944,311878,California
Contra Costa,2021-03-13,7989,487345,3215,276289,4341,206979,433,4077,3150,139895,4819,175560,3577,315455,California
Contra Costa,2021-03-14,4504,491849,2658,278947,1348,208327,498,4575,1722,139339,2774,178334,2218,317673,California
Contra Costa,2021-03-15,9594,501443,5213,284160,3613,211940,768,5343,4741,140012,4834,183168,5507,323180,California
Contra Costa,2021-03-16,14542,515985,8677,292837,5453,217393,412,5755,7170,140245,7348,190516,7581,330761,California
Contra Costa,2021-03-17,15283,531268,10572,303409,4484,221877,227,5982,8542,142305,6714,197230,8774,339535,California
Contra Costa,2021-03-18,15610,546878,8720,312129,6403,228280,487,6469,8616,144447,6959,204189,9101,348636,California
Contra Costa,2021-03-19,15838,562716,9156,321285,5258,233538,1424,7893,8201,146455,7619,211808,9627,358263,California
Contra Costa,2021-03-20,10866,573582,6524,327809,4024,237562,318,8211,5122,146172,5721,217529,5438,363701,California
Contra Costa,2021-03-21,4656,578238,4067,331876,491,238053,98,8309,1817,145259,2827,220356,1914,365615,California
Contra Costa,2021-03-22,11806,590044,8910,340786,2637,240690,259,8568,6854,147434,4935,225291,7110,372725,California
Contra Costa,2021-03-23,15854,605898,10927,351713,4755,245445,172,8740,9115,150012,6710,232001,9288,382013,California
Contra Costa,2021-03-24,15193,621091,11861,363574,3117,248562,215,8955,9178,153425,5982,237983,9395,391408,California
Contra Costa,2021-03-25,15550,636641,12144,375718,3114,251676,292,9247,9488,157176,6025,244008,9776,401184,California
Contra Costa,2021-03-26,15239,651880,10959,386677,3874,255550,406,9653,8735,159836,6476,250484,9136,410320,California
Contra Costa,2021-03-27,10697,662577,6967,393644,3212,258762,518,10171,5682,161025,5004,255488,6193,416513,California
Contra Costa,2021-03-28,4304,666881,3064,396708,1185,259947,55,10226,1648,160083,2645,258133,1703,418216,California
Contra Costa,2021-03-29,11051,677932,8621,405329,2312,262259,118,10344,7010,163191,4023,262156,7131,425347,California
Contra Costa,2021-03-30,17002,694934,9315,414644,6325,268584,1362,11706,10489,168544,6493,268649,11846,437193,California
Contra Costa,2021-03-31,18266,713200,12823,427467,3992,272576,1451,13157,11478,174723,6743,275392,12922,450115,California
Contra Costa,2021-04-01,17810,731010,12472,439939,3939,276515,1399,14556,11547,181435,6229,281621,12941,463056,California
Contra Costa,2021-04-02,17699,748709,13034,452973,3634,280149,1031,15587,11724,188224,5962,287583,12751,475807,California
Contra Costa,2021-04-03,10993,759702,6562,459535,2869,283018,1562,17149,6282,191367,4696,292279,7839,483646,California
Contra Costa,2021-04-04,3400,763102,1337,460872,1460,284478,603,17752,855,190286,2537,294816,1456,485102,California
Contra Costa,2021-04-05,12250,775352,7978,468850,3284,287762,988,18740,6635,192309,5600,300416,7623,492725,California
Contra Costa,2021-04-06,17501,792853,12128,480978,3071,290833,2302,21042,9797,196723,7682,308098,12096,504821,California
Contra Costa,2021-04-07,18756,811609,12715,493693,3207,294040,2834,23876,10632,202119,8102,316200,13498,518319,California
Contra Costa,2021-04-08,18893,830502,12594,506287,3360,297400,2939,26815,10124,206430,8742,324942,13053,531372,California
Contra Costa,2021-04-09,19062,849564,12149,518436,4393,301793,2520,29335,10197,210304,8834,333776,12708,544080,California
Contra Costa,2021-04-10,10687,860251,3849,522285,2218,304011,4620,33955,3325,210893,7343,341119,7932,552012,California
Contra Costa,2021-04-11,3410,863661,2027,524312,712,304723,671,34626,1140,210439,2264,343383,1810,553822,California
Contra Costa,2021-04-12,12121,875782,7994,532306,3043,307766,1084,35710,5691,210808,6411,349794,6780,560602,California
Contra Costa,2021-04-13,18089,893871,11109,543415,6973,314739,7,35717,12071,216903,5991,355785,12086,572688,California
Contra Costa,2021-04-14,17904,911775,11254,554669,6649,321388,1,35718,9938,218908,7940,363725,9945,582633,California
Contra Costa,2021-04-15,17696,929471,10869,565538,6826,328214,1,35719,8193,217653,9474,373199,8219,590852,California
Contra Costa,2021-04-16,17081,946552,10639,576177,6441,334655,1,35720,7690,215995,9368,382567,7710,598562,California
Contra Costa,2021-04-17,11539,958091,6360,582537,5179,339834,0,35720,6174,216827,5349,387916,6181,604743,California
Contra Costa,2021-04-18,2798,960889,2153,584690,645,340479,0,35720,1798,217635,991,388907,1799,606542,California
Contra Costa,2021-04-19,11485,972374,8573,593263,2912,343391,0,35720,3586,213353,7871,396778,3589,610131,California
Contra Costa,2021-04-20,16809,989183,10920,604183,5889,349280,0,35720,6268,209115,10511,407289,6273,616404,California
Contra Costa,2021-04-21,17487,1006670,14263,618446,3223,352503,1,35721,6196,204068,11251,418540,6204,622608,California
Contra Costa,2021-04-22,17316,1023986,14033,632479,3281,355784,2,35723,6102,199002,11179,429719,6113,628721,California
Contra Costa,2021-04-23,17149,1041135,13630,646109,3519,359303,0,35723,5522,192943,11589,441308,5530,634251,California
Contra Costa,2021-04-24,11052,1052187,8518,654627,2533,361836,1,35724,4231,190380,6798,448106,4235,638486,California
Contra Costa,2021-04-25,3308,1055495,2218,656845,1088,362924,2,35726,2083,191245,1223,449329,2088,640574,California
Contra Costa,2021-04-26,10079,1065574,8406,665251,1649,364573,24,35750,3031,187283,7030,456359,3068,643642,California
Contra Costa,2021-04-27,14768,1080342,10766,676017,3824,368397,178,35928,4023,180775,10720,467079,4212,647854,California
Contra Costa,2021-04-28,14327,1094669,11157,687174,2882,371279,288,36216,3839,174456,10453,477532,4134,651988,California
Contra Costa,2021-04-29,13523,1108192,10468,697642,2884,374163,171,36387,3223,167584,10271,487803,3399,655387,California
Contra Costa,2021-04-30,13828,1122020,10906,708548,2662,376825,260,36647,3129,160308,10670,498473,3394,658781,California
Contra Costa,2021-05-01,8100,1130120,5887,714435,1888,378713,325,36972,1924,156409,6148,504621,2249,661030,California
Contra Costa,2021-05-02,2357,1132477,1596,716031,679,379392,82,37054,988,156121,1358,505979,1070,662100,California
Contra Costa,2021-05-03,9161,1141638,8055,724086,928,380320,178,37232,1925,151007,7220,513199,2106,664206,California
Contra Costa,2021-05-04,14174,1155812,12237,736323,1608,381928,329,37561,2285,141760,11861,525060,2614,666820,California
Contra Costa,2021-05-05,12603,1168415,10873,747196,1529,383457,201,37762,2413,134213,10162,535222,2615,669435,California
Contra Costa,2021-05-06,10352,1178767,8597,755793,1418,384875,337,38099,1941,128113,8387,543609,2287,671722,California
Contra Costa,2021-05-07,9699,1188466,7797,763590,1677,386552,225,38324,2224,123117,7441,551050,2445,674167,California
Contra Costa,2021-05-08,5345,1193811,4023,767613,1152,387704,170,38494,1253,120468,4076,555126,1427,675594,California
Contra Costa,2021-05-09,2126,1195937,1793,769406,274,387978,59,38553,459,119325,1662,556788,519,676113,California
Contra Costa,2021-05-10,4946,1200883,3960,773366,767,388745,219,38772,1336,117290,3588,560376,1553,677666,California
Contra Costa,2021-05-11,8817,1209700,4595,777961,3984,392729,238,39010,1745,112227,7052,567428,1989,679655,California
Contra Costa,2021-05-12,9303,1219003,4788,782749,4250,396979,265,39275,1670,106563,7605,575033,1941,681596,California
Contra Costa,2021-05-13,11762,1230765,7835,790584,3740,400719,187,39462,4217,103452,7518,582551,4407,686003,California
Contra Costa,2021-05-14,12201,1242966,8134,798718,3787,404506,280,39742,5045,101644,7132,589683,5324,691327,California
Contra Costa,2021-05-15,10028,1252994,7277,805995,2631,407137,120,39862,4414,100579,5601,595284,4536,695863,California
Contra Costa,2021-05-16,2443,1255437,2138,808133,259,407396,46,39908,1093,100373,1344,596628,1138,697001,California
Contra Costa,2021-05-17,7054,1262491,5692,813825,1189,408585,173,40081,3542,100597,3493,600121,3717,700718,California
Contra Costa,2021-05-18,10266,1272757,7024,820849,3023,411608,219,40300,4475,99534,5761,605882,4698,705416,California
Contra Costa,2021-05-19,8490,1281247,6870,827719,1426,413034,194,40494,3849,98958,4622,610504,4046,709462,California
Contra Costa,2021-05-20,7151,1288398,5645,833364,1321,414355,185,40679,3352,98723,3773,614277,3538,713000,California
Contra Costa,2021-05-21,7092,1295490,5427,838791,1452,415807,213,40892,3259,98385,3807,618084,3469,716469,California
Contra Costa,2021-05-22,5102,1300592,4030,842821,891,416698,181,41073,2479,98441,2602,620686,2658,719127,California
Contra Costa,2021-05-23,1215,1301807,792,843613,367,417065,56,41129,593,98474,615,621301,648,719775,California
Contra Costa,2021-05-24,4653,1306460,3854,847467,622,417687,177,41306,2186,98383,2456,623757,2365,722140,California
Contra Costa,2021-05-25,6279,1312739,5111,852578,917,418604,251,41557,2652,97675,3610,627367,2902,725042,California
Contra Costa,2021-05-26,5628,1318367,3614,856192,1826,420430,188,41745,1952,96160,3655,631022,2140,727182,California
Contra Costa,2021-05-27,3808,1322175,2688,858880,942,421372,178,41923,1629,95798,2164,633186,1802,728984,California
Contra Costa,2021-05-28,5366,1327541,3749,862629,1443,422815,174,42097,2245,95116,3099,636285,2417,731401,California
Contra Costa,2021-05-29,3250,1330791,2102,864731,1031,423846,117,42214,1623,95239,1617,637902,1740,733141,California
Contra Costa,2021-05-30,926,1331717,585,865316,313,424159,28,42242,360,95063,564,638466,388,733529,California
Contra Costa,2021-05-31,391,1332108,269,865585,110,424269,12,42254,129,94943,260,638726,140,733669,California
Contra Costa,2021-06-01,4797,1336905,3573,869158,1081,425350,143,42397,1717,93739,3064,641790,1860,735529,California
Contra Costa,2021-06-02,3425,1340330,2423,871581,856,426206,146,42543,1399,93267,2016,643806,1544,737073,California
Contra Costa,2021-06-03,5430,1345760,4530,876111,785,426991,115,42658,1458,90875,3965,647771,1573,738646,California
Contra Costa,2021-06-04,6396,1352156,5370,881481,888,427879,138,42796,1618,87866,4762,652533,1753,740399,California
Contra Costa,2021-06-05,5167,1357323,4378,885859,677,428556,112,42908,1112,85045,4043,656576,1222,741621,California
Contra Costa,2021-06-06,1348,1358671,1177,887036,142,428698,29,42937,380,84491,963,657539,409,742030,California
Contra Costa,2021-06-07,4936,1363607,4343,891379,493,429191,100,43037,1409,82485,3516,661055,1510,743540,California
Contra Costa,2021-06-08,6094,1369701,5263,896642,708,429899,123,43160,1437,79402,4644,665699,1561,745101,California
Contra Costa,2021-06-09,4867,1374568,4141,900783,574,430473,152,43312,1257,77217,3595,669294,1410,746511,California
Contra Costa,2021-06-10,4786,1379354,4012,904795,602,431075,172,43484,1241,75102,3528,672822,1413,747924,California
Contra Costa,2021-06-11,4748,1384102,3916,908711,659,431734,173,43657,1250,73039,3485,676307,1422,749346,California
Contra Costa,2021-06-12,3136,1387238,2661,911372,418,432152,57,43714,711,71390,2416,678723,767,750113,California
Contra Costa,2021-06-13,1118,1388356,833,912205,183,432335,102,43816,277,70936,833,679556,379,750492,California
Contra Costa,2021-06-14,3359,1391715,2791,914996,455,432790,113,43929,933,69565,2416,681972,1045,751537,California
Contra Costa,2021-06-15,2965,1394680,2579,917575,282,433072,104,44033,844,68400,2112,684084,947,752484,California
Del Norte,2020-12-21,22,22,22,22,0,0,0,0,22,22,0,0,22,22,California
Del Norte,2020-12-22,45,67,45,67,0,0,0,0,45,67,0,0,45,67,California
Del Norte,2020-12-23,59,126,48,115,11,11,0,0,57,124,0,0,57,124,California
Del Norte,2020-12-28,34,160,34,149,0,11,0,0,34,158,0,0,34,158,California
Del Norte,2020-12-29,4,164,4,153,0,11,0,0,4,162,0,0,4,162,California
Del Norte,2020-12-30,68,232,56,209,12,23,0,0,68,230,0,0,68,230,California
Del Norte,2020-12-31,16,248,13,222,3,26,0,0,16,246,0,0,16,246,California
Del Norte,2021-01-04,102,350,49,271,53,79,0,0,102,348,0,0,102,348,California
Del Norte,2021-01-05,31,381,0,271,31,110,0,0,31,379,0,0,31,379,California
Del Norte,2021-01-06,77,458,18,289,59,169,0,0,77,456,0,0,77,456,California
Del Norte,2021-01-07,21,479,1,290,20,189,0,0,21,477,0,0,21,477,California
Del Norte,2021-01-08,78,557,7,297,71,260,0,0,78,555,0,0,78,555,California
Del Norte,2021-01-11,39,596,20,317,19,279,0,0,18,553,21,21,19,574,California
Del Norte,2021-01-12,50,646,31,348,19,298,0,0,30,563,20,41,30,604,California
Del Norte,2021-01-13,84,730,40,388,44,342,0,0,51,581,33,74,51,655,California
Del Norte,2021-01-14,53,783,14,402,39,381,0,0,47,622,6,80,47,702,California
Del Norte,2021-01-15,107,890,18,420,89,470,0,0,95,705,12,92,95,797,California
Del Norte,2021-01-17,1,891,1,421,0,470,0,0,1,706,0,92,1,798,California
Del Norte,2021-01-18,2,893,0,421,2,472,0,0,2,708,0,92,2,800,California
Del Norte,2021-01-19,119,1012,56,477,63,535,0,0,77,743,42,134,77,877,California
Del Norte,2021-01-20,159,1171,84,561,75,610,0,0,96,776,63,197,96,973,California
Del Norte,2021-01-21,43,1214,40,601,3,613,0,0,32,797,11,208,32,1005,California
Del Norte,2021-01-22,19,1233,17,618,2,615,0,0,12,802,7,215,12,1017,California
Del Norte,2021-01-23,1,1234,0,618,1,616,0,0,1,803,0,215,1,1018,California
Del Norte,2021-01-24,1,1235,0,618,1,617,0,0,1,804,0,215,1,1019,California
Del Norte,2021-01-25,100,1335,82,700,18,635,0,0,56,816,44,259,56,1075,California
Del Norte,2021-01-26,18,1353,11,711,7,642,0,0,7,812,11,270,7,1082,California
Del Norte,2021-01-27,64,1417,21,732,43,685,0,0,61,870,3,273,61,1143,California
Del Norte,2021-01-28,293,1710,20,752,273,958,0,0,288,1153,5,278,288,1431,California
Del Norte,2021-01-29,62,1772,21,773,41,999,0,0,44,1179,18,296,44,1475,California
Del Norte,2021-01-30,8,1780,1,774,7,1006,0,0,8,1187,0,296,8,1483,California
Del Norte,2021-02-01,40,1820,1,775,39,1045,0,0,25,1197,15,311,25,1508,California
Del Norte,2021-02-02,140,1960,34,809,106,1151,0,0,73,1204,66,377,73,1581,California
Del Norte,2021-02-03,129,2089,42,851,87,1238,0,0,74,1223,55,432,74,1655,California
Del Norte,2021-02-04,69,2158,27,878,42,1280,0,0,40,1234,29,461,40,1695,California
Del Norte,2021-02-05,184,2342,22,900,162,1442,0,0,118,1287,65,526,118,1813,California
Del Norte,2021-02-06,309,2651,3,903,306,1748,0,0,309,1596,0,526,309,2122,California
Del Norte,2021-02-08,36,2687,1,904,35,1783,0,0,32,1624,4,530,32,2154,California
Del Norte,2021-02-09,8,2695,5,909,3,1786,0,0,2,1620,6,536,2,2156,California
Del Norte,2021-02-10,142,2837,20,929,122,1908,0,0,86,1651,55,591,86,2242,California
Del Norte,2021-02-11,176,3013,58,987,118,2026,0,0,63,1601,113,704,63,2305,California
Del Norte,2021-02-12,121,3134,14,1001,107,2133,0,0,67,1614,54,758,67,2372,California
Del Norte,2021-02-13,2,3136,1,1002,1,2134,0,0,2,1616,0,758,2,2374,California
Del Norte,2021-02-14,3,3139,1,1003,2,2136,0,0,2,1617,1,759,2,2376,California
Del Norte,2021-02-15,5,3144,0,1003,5,2141,0,0,3,1618,2,761,3,2379,California
Del Norte,2021-02-16,132,3276,1,1004,131,2272,0,0,13,1512,119,880,13,2392,California
Del Norte,2021-02-17,92,3368,19,1023,73,2345,0,0,24,1469,67,947,24,2416,California
Del Norte,2021-02-18,77,3445,24,1047,53,2398,0,0,51,1494,26,973,51,2467,California
Del Norte,2021-02-19,43,3488,17,1064,26,2424,0,0,33,1517,10,983,33,2500,California
Del Norte,2021-02-20,9,3497,6,1070,3,2427,0,0,6,1520,3,986,6,2506,California
Del Norte,2021-02-22,2,3499,0,1070,2,2429,0,0,2,1522,0,986,2,2508,California
Del Norte,2021-02-23,105,3604,88,1158,17,2446,0,0,29,1476,76,1062,30,2538,California
Del Norte,2021-02-24,155,3759,100,1258,55,2501,0,0,80,1481,75,1137,80,2618,California
Del Norte,2021-02-25,478,4237,131,1389,347,2848,0,0,213,1431,263,1400,213,2831,California
Del Norte,2021-02-26,212,4449,175,1564,37,2885,0,0,166,1551,46,1446,166,2997,California
Del Norte,2021-02-27,148,4597,142,1706,5,2890,1,1,141,1686,7,1453,142,3139,California
Del Norte,2021-02-28,3,4600,0,1706,3,2893,0,1,3,1689,0,1453,3,3142,California
Del Norte,2021-03-01,27,4627,2,1708,25,2918,0,1,4,1671,22,1475,4,3146,California
Del Norte,2021-03-02,222,4849,142,1850,80,2998,0,1,188,1825,34,1509,188,3334,California
Del Norte,2021-03-03,176,5025,107,1957,69,3067,0,1,134,1917,42,1551,134,3468,California
Del Norte,2021-03-04,119,5144,82,2039,37,3104,0,1,91,1981,27,1578,91,3559,California
Del Norte,2021-03-05,122,5266,11,2050,111,3215,0,1,74,2007,48,1626,74,3633,California
Del Norte,2021-03-06,464,5730,77,2127,338,3553,49,50,163,1876,301,1927,170,3803,California
Del Norte,2021-03-07,1,5731,1,2128,0,3553,0,50,1,1877,0,1927,1,3804,California
Del Norte,2021-03-08,30,5761,0,2128,28,3581,2,52,6,1862,23,1950,8,3812,California
Del Norte,2021-03-09,194,5955,113,2241,78,3659,3,55,183,2037,11,1961,186,3998,California
Del Norte,2021-03-10,234,6189,95,2336,111,3770,28,83,134,2099,100,2061,162,4160,California
Del Norte,2021-03-11,150,6339,55,2391,90,3860,5,88,102,2158,48,2109,107,4267,California
Del Norte,2021-03-12,178,6517,89,2480,89,3949,0,88,125,2230,53,2162,125,4392,California
Del Norte,2021-03-13,94,6611,93,2573,1,3950,0,88,91,2318,3,2165,91,4483,California
Del Norte,2021-03-14,1,6612,0,2573,1,3951,0,88,0,2317,1,2166,0,4483,California
Del Norte,2021-03-15,38,6650,0,2573,38,3989,0,88,34,2347,4,2170,34,4517,California
Del Norte,2021-03-16,279,6929,134,2707,145,4134,0,88,259,2586,20,2190,259,4776,California
Del Norte,2021-03-17,284,7213,95,2802,187,4321,2,90,170,2644,114,2304,172,4948,California
Del Norte,2021-03-18,285,7498,107,2909,175,4496,3,93,149,2661,135,2439,152,5100,California
Del Norte,2021-03-19,267,7765,158,3067,103,4599,6,99,92,2584,175,2614,98,5198,California
Del Norte,2021-03-20,157,7922,154,3221,3,4602,0,99,15,2457,142,2756,15,5213,California
Del Norte,2021-03-21,4,7926,2,3223,2,4604,0,99,2,2457,2,2758,2,5215,California
Del Norte,2021-03-22,42,7968,2,3225,39,4643,1,100,38,2493,3,2761,39,5254,California
Del Norte,2021-03-23,333,8301,164,3389,151,4794,18,118,163,2505,168,2929,180,5434,California
Del Norte,2021-03-24,395,8696,106,3495,249,5043,40,158,227,2604,168,3097,267,5701,California
Del Norte,2021-03-25,192,8888,88,3583,104,5147,0,158,84,2581,107,3204,84,5785,California
Del Norte,2021-03-26,232,9120,113,3696,119,5266,0,158,195,2739,37,3241,195,5980,California
Del Norte,2021-03-27,107,9227,86,3782,4,5270,17,175,17,2683,90,3331,34,6014,California
Del Norte,2021-03-28,4,9231,2,3784,2,5272,0,175,1,2681,3,3334,1,6015,California
Del Norte,2021-03-29,57,9288,6,3790,34,5306,17,192,32,2705,25,3359,49,6064,California
Del Norte,2021-03-30,338,9626,119,3909,208,5514,11,203,126,2630,212,3571,137,6201,California
Del Norte,2021-03-31,355,9981,100,4009,238,5752,17,220,199,2692,154,3725,216,6417,California
Del Norte,2021-04-01,164,10145,58,4067,72,5824,34,254,69,2701,94,3819,103,6520,California
Del Norte,2021-04-02,233,10378,79,4146,105,5929,49,303,49,2616,184,4003,99,6619,California
Del Norte,2021-04-03,108,10486,83,4229,2,5931,23,326,5,2542,102,4105,28,6647,California
Del Norte,2021-04-04,4,10490,0,4229,0,5931,4,330,0,2542,4,4109,4,6651,California
Del Norte,2021-04-05,46,10536,4,4233,38,5969,4,334,40,2580,6,4115,44,6695,California
Del Norte,2021-04-06,380,10916,120,4353,223,6192,37,371,146,2534,230,4345,184,6879,California
Del Norte,2021-04-07,437,11353,115,4468,261,6453,61,432,289,2737,148,4493,351,7230,California
Del Norte,2021-04-08,229,11582,54,4522,106,6559,69,501,105,2787,124,4617,174,7404,California
Del Norte,2021-04-09,207,11789,47,4569,83,6642,77,578,100,2856,106,4723,175,7579,California
Del Norte,2021-04-10,47,11836,26,4595,4,6646,17,595,27,2880,20,4743,44,7623,California
Del Norte,2021-04-11,10,11846,3,4598,0,6646,7,602,1,2879,9,4752,8,7631,California
Del Norte,2021-04-12,27,11873,1,4599,9,6655,17,619,1,2872,25,4777,18,7649,California
Del Norte,2021-04-13,296,12169,49,4648,247,6902,0,619,155,2886,141,4918,155,7804,California
Del Norte,2021-04-14,330,12499,23,4671,307,7209,0,619,138,2837,192,5110,143,7947,California
Del Norte,2021-04-15,164,12663,31,4702,133,7342,0,619,45,2764,119,5229,46,7993,California
Del Norte,2021-04-16,162,12825,40,4742,122,7464,0,619,60,2723,102,5331,61,8054,California
Del Norte,2021-04-17,106,12931,74,4816,32,7496,0,619,100,2817,6,5337,100,8154,California
Del Norte,2021-04-18,5,12936,4,4820,1,7497,0,619,4,2820,1,5338,4,8158,California
Del Norte,2021-04-19,50,12986,6,4826,44,7541,0,619,8,2786,42,5380,8,8166,California
Del Norte,2021-04-20,206,13192,40,4866,166,7707,0,619,72,2724,134,5514,72,8238,California
Del Norte,2021-04-21,290,13482,24,4890,266,7973,0,619,66,2569,224,5738,69,8307,California
Del Norte,2021-04-22,114,13596,15,4905,99,8072,0,619,62,2579,52,5790,62,8369,California
Del Norte,2021-04-23,150,13746,22,4927,128,8200,0,619,39,2507,111,5901,39,8408,California
Del Norte,2021-04-24,26,13772,15,4942,11,8211,0,619,21,2523,5,5906,21,8429,California
Del Norte,2021-04-25,2,13774,0,4942,2,8213,0,619,2,2525,0,5906,2,8431,California
Del Norte,2021-04-26,31,13805,0,4942,31,8244,0,619,9,2512,22,5928,9,8440,California
Del Norte,2021-04-27,181,13986,21,4963,155,8399,5,624,51,2438,130,6058,56,8496,California
Del Norte,2021-04-28,351,14337,100,5063,246,8645,5,629,63,2220,287,6345,69,8565,California
Del Norte,2021-04-29,93,14430,6,5069,83,8728,4,633,26,2183,67,6412,30,8595,California
Del Norte,2021-04-30,86,14516,7,5076,69,8797,10,643,46,2199,40,6452,56,8651,California
Del Norte,2021-05-01,7,14523,2,5078,5,8802,0,643,5,2202,2,6454,5,8656,California
Del Norte,2021-05-02,8,14531,0,5078,8,8810,0,643,8,2210,0,6454,8,8664,California
Del Norte,2021-05-03,40,14571,3,5081,34,8844,3,646,2,2178,37,6491,5,8669,California
Del Norte,2021-05-04,222,14793,36,5117,181,9025,5,651,47,2055,175,6666,52,8721,California
Del Norte,2021-05-05,234,15027,20,5137,206,9231,8,659,59,1948,174,6840,67,8788,California
Del Norte,2021-05-06,112,15139,26,5163,73,9304,13,672,26,1901,86,6926,39,8827,California
Del Norte,2021-05-07,151,15290,28,5191,119,9423,4,676,31,1816,120,7046,35,8862,California
Del Norte,2021-05-08,64,15354,55,5246,7,9430,2,678,6,1766,58,7104,8,8870,California
Del Norte,2021-05-09,9,15363,4,5250,2,9432,3,681,2,1764,7,7111,5,8875,California
Del Norte,2021-05-10,24,15387,3,5253,17,9449,4,685,14,1772,10,7121,18,8893,California
Del Norte,2021-05-11,171,15558,49,5302,120,9569,2,687,34,1671,137,7258,36,8929,California
Del Norte,2021-05-12,150,15708,24,5326,116,9685,10,697,27,1586,122,7380,37,8966,California
Del Norte,2021-05-13,67,15775,29,5355,37,9722,1,698,37,1594,30,7410,38,9004,California
Del Norte,2021-05-14,76,15851,26,5381,49,9771,1,699,41,1601,35,7445,42,9046,California
Del Norte,2021-05-15,97,15948,54,5435,37,9808,6,705,53,1616,44,7489,59,9105,California
Del Norte,2021-05-16,11,15959,0,5435,11,9819,0,705,11,1627,0,7489,11,9116,California
Del Norte,2021-05-17,26,15985,3,5438,20,9839,3,708,15,1634,11,7500,18,9134,California
Del Norte,2021-05-18,126,16111,69,5507,57,9896,0,708,80,1668,46,7546,80,9214,California
Del Norte,2021-05-19,97,16208,14,5521,66,9962,17,725,39,1665,58,7604,55,9269,California
Del Norte,2021-05-20,97,16305,30,5551,64,10026,3,728,38,1648,58,7662,41,9310,California
Del Norte,2021-05-21,82,16387,34,5585,45,10071,3,731,45,1659,37,7699,48,9358,California
Del Norte,2021-05-22,24,16411,8,5593,16,10087,0,731,11,1658,12,7711,11,9369,California
Del Norte,2021-05-23,14,16425,5,5598,9,10096,0,731,7,1658,7,7718,7,9376,California
Del Norte,2021-05-24,26,16451,10,5608,16,10112,0,731,17,1666,9,7727,17,9393,California
Del Norte,2021-05-25,43,16494,5,5613,32,10144,6,737,14,1659,27,7754,20,9413,California
Del Norte,2021-05-26,115,16609,36,5649,72,10216,7,744,52,1656,62,7816,59,9472,California
Del Norte,2021-05-27,74,16683,28,5677,42,10258,4,748,35,1656,39,7855,39,9511,California
Del Norte,2021-05-28,50,16733,6,5683,36,10294,8,756,7,1628,43,7898,15,9526,California
Del Norte,2021-05-29,8,16741,0,5683,4,10298,4,760,3,1630,5,7903,7,9533,California
Del Norte,2021-05-30,7,16748,1,5684,6,10304,0,760,2,1627,5,7908,2,9535,California
Del Norte,2021-05-31,4,16752,2,5686,2,10306,0,760,3,1629,1,7909,3,9538,California
Del Norte,2021-06-01,52,16804,6,5692,39,10345,7,767,11,1606,41,7950,18,9556,California
Del Norte,2021-06-02,84,16888,11,5703,68,10413,5,772,19,1565,65,8015,24,9580,California
Del Norte,2021-06-03,60,16948,35,5738,23,10436,2,774,27,1561,33,8048,29,9609,California
Del Norte,2021-06-04,69,17017,23,5761,41,10477,5,779,19,1535,50,8098,24,9633,California
Del Norte,2021-06-05,1,17018,0,5761,1,10478,0,779,0,1534,1,8099,0,9633,California
Del Norte,2021-06-06,10,17028,4,5765,4,10482,2,781,7,1540,3,8102,9,9642,California
Del Norte,2021-06-07,40,17068,9,5774,26,10508,5,786,15,1535,25,8127,20,9662,California
Del Norte,2021-06-08,112,17180,81,5855,26,10534,5,791,33,1494,79,8206,38,9700,California
Del Norte,2021-06-09,58,17238,11,5866,40,10574,7,798,18,1479,40,8246,25,9725,California
Del Norte,2021-06-10,54,17292,24,5890,23,10597,7,805,9,1451,44,8290,16,9741,California
Del Norte,2021-06-11,59,17351,23,5913,27,10624,9,814,14,1429,45,8335,23,9764,California
Del Norte,2021-06-12,17,17368,3,5916,11,10635,3,817,2,1419,15,8350,5,9769,California
Del Norte,2021-06-13,63,17431,45,5961,13,10648,5,822,15,1391,48,8398,20,9789,California
Del Norte,2021-06-14,27,17458,7,5968,16,10664,4,826,12,1392,15,8413,16,9805,California
Del Norte,2021-06-15,17,17475,3,5971,8,10672,6,832,1,1383,16,8429,7,9812,California
El Dorado,2020-12-15,12,12,12,12,0,0,0,0,12,12,0,0,12,12,California
El Dorado,2020-12-16,40,52,40,52,0,0,0,0,40,52,0,0,40,52,California
El Dorado,2020-12-17,32,84,32,84,0,0,0,0,32,84,0,0,32,84,California
El Dorado,2020-12-18,261,345,261,345,0,0,0,0,261,345,0,0,261,345,California
El Dorado,2020-12-19,120,465,120,465,0,0,0,0,120,465,0,0,120,465,California
El Dorado,2020-12-20,85,550,85,550,0,0,0,0,85,550,0,0,85,550,California
El Dorado,2020-12-21,310,860,309,859,1,1,0,0,310,860,0,0,310,860,California
El Dorado,2020-12-22,243,1103,219,1078,24,25,0,0,243,1103,0,0,243,1103,California
El Dorado,2020-12-23,191,1294,141,1219,50,75,0,0,191,1294,0,0,191,1294,California
El Dorado,2020-12-24,86,1380,65,1284,21,96,0,0,86,1380,0,0,86,1380,California
El Dorado,2020-12-25,8,1388,8,1292,0,96,0,0,8,1388,0,0,8,1388,California
El Dorado,2020-12-26,45,1433,27,1319,18,114,0,0,45,1433,0,0,45,1433,California
El Dorado,2020-12-27,38,1471,34,1353,4,118,0,0,38,1471,0,0,38,1471,California
El Dorado,2020-12-28,215,1686,167,1520,48,166,0,0,215,1686,0,0,215,1686,California
El Dorado,2020-12-29,463,2149,145,1665,318,484,0,0,463,2149,0,0,463,2149,California
El Dorado,2020-12-30,509,2658,139,1804,370,854,0,0,509,2658,0,0,509,2658,California
El Dorado,2020-12-31,110,2768,68,1872,42,896,0,0,110,2768,0,0,110,2768,California
El Dorado,2021-01-01,6,2774,4,1876,2,898,0,0,6,2774,0,0,6,2774,California
El Dorado,2021-01-02,151,2925,139,2015,12,910,0,0,151,2925,0,0,151,2925,California
El Dorado,2021-01-03,93,3018,17,2032,76,986,0,0,93,3018,0,0,93,3018,California
El Dorado,2021-01-04,190,3208,62,2094,128,1114,0,0,190,3208,0,0,190,3208,California
El Dorado,2021-01-05,230,3438,74,2168,156,1270,0,0,213,3404,17,17,213,3421,California
El Dorado,2021-01-06,242,3680,168,2336,74,1344,0,0,176,3515,65,82,176,3597,California
El Dorado,2021-01-07,333,4013,136,2472,197,1541,0,0,257,3696,76,158,257,3854,California
El Dorado,2021-01-08,982,4995,506,2978,476,2017,0,0,764,4242,218,376,764,4618,California
El Dorado,2021-01-09,196,5191,160,3138,36,2053,0,0,124,4294,72,448,124,4742,California
El Dorado,2021-01-10,183,5374,132,3270,51,2104,0,0,111,4334,72,520,112,4854,California
El Dorado,2021-01-11,661,6035,294,3564,367,2471,0,0,460,4595,200,720,461,5315,California
El Dorado,2021-01-12,808,6843,427,3991,381,2852,0,0,557,4901,251,971,557,5872,California
El Dorado,2021-01-13,707,7550,301,4292,406,3258,0,0,541,5277,166,1137,542,6414,California
El Dorado,2021-01-14,801,8351,223,4515,578,3836,0,0,705,5887,96,1233,706,7120,California
El Dorado,2021-01-15,797,9148,187,4702,610,4446,0,0,723,6536,74,1307,723,7843,California
El Dorado,2021-01-16,178,9326,105,4807,73,4519,0,0,151,6660,27,1334,151,7994,California
El Dorado,2021-01-17,105,9431,50,4857,55,4574,0,0,87,6729,18,1352,87,8081,California
El Dorado,2021-01-18,429,9860,146,5003,283,4857,0,0,358,7016,71,1423,358,8439,California
El Dorado,2021-01-19,753,10613,450,5453,303,5160,0,0,601,7466,152,1575,602,9041,California
El Dorado,2021-01-20,1015,11628,689,6142,326,5486,0,0,902,8256,112,1687,902,9943,California
El Dorado,2021-01-21,1271,12899,680,6822,591,6077,0,0,1064,9154,166,1853,1064,11007,California
El Dorado,2021-01-22,1230,14129,831,7653,399,6476,0,0,1175,10275,54,1907,1175,12182,California
El Dorado,2021-01-23,733,14862,610,8263,123,6599,0,0,623,10788,110,2017,623,12805,California
El Dorado,2021-01-24,127,14989,77,8340,50,6649,0,0,107,10875,20,2037,107,12912,California
El Dorado,2021-01-25,702,15691,292,8632,410,7059,0,0,615,11403,87,2124,615,13527,California
El Dorado,2021-01-26,691,16382,376,9008,315,7374,0,0,583,11878,108,2232,583,14110,California
El Dorado,2021-01-27,998,17380,396,9404,602,7976,0,0,658,12195,341,2573,658,14768,California
El Dorado,2021-01-28,1110,18490,454,9858,656,8632,0,0,747,12579,363,2936,747,15515,California
El Dorado,2021-01-29,1052,19542,560,10418,492,9124,0,0,759,13047,292,3228,760,16275,California
El Dorado,2021-01-30,550,20092,295,10713,255,9379,0,0,453,13404,96,3324,453,16728,California
El Dorado,2021-01-31,240,20332,217,10930,23,9402,0,0,186,13537,53,3377,186,16914,California
El Dorado,2021-02-01,797,21129,367,11297,430,9832,0,0,650,14040,147,3524,650,17564,California
El Dorado,2021-02-02,849,21978,371,11668,478,10310,0,0,684,14559,165,3689,684,18248,California
El Dorado,2021-02-03,909,22887,479,12147,430,10740,0,0,697,15044,212,3901,697,18945,California
El Dorado,2021-02-04,1257,24144,708,12855,549,11289,0,0,880,15547,377,4278,880,19825,California
El Dorado,2021-02-05,1496,25640,607,13462,889,12178,0,0,870,15828,589,4867,870,20695,California
El Dorado,2021-02-06,637,26277,334,13796,303,12481,0,0,529,16250,108,4975,530,21225,California
El Dorado,2021-02-07,260,26537,178,13974,82,12563,0,0,193,16376,67,5042,193,21418,California
El Dorado,2021-02-08,889,27426,424,14398,465,13028,0,0,611,16709,278,5320,611,22029,California
El Dorado,2021-02-09,972,28398,546,14944,426,13454,0,0,546,16829,426,5746,546,22575,California
El Dorado,2021-02-10,1267,29665,741,15685,526,13980,0,0,667,16897,599,6345,667,23242,California
El Dorado,2021-02-11,2162,31827,896,16581,1266,15246,0,0,759,16257,1400,7745,760,24002,California
El Dorado,2021-02-12,1575,33402,822,17403,753,15999,0,0,672,16028,902,8647,673,24675,California
El Dorado,2021-02-13,974,34376,663,18066,311,16310,0,0,438,15931,535,9182,438,25113,California
El Dorado,2021-02-14,490,34866,153,18219,337,16647,0,0,399,16239,91,9273,399,25512,California
El Dorado,2021-02-15,1183,36049,384,18603,799,17446,0,0,822,16704,361,9634,826,26338,California
El Dorado,2021-02-16,1213,37262,535,19138,678,18124,0,0,673,16839,539,10173,674,27012,California
El Dorado,2021-02-17,960,38222,424,19562,536,18660,0,0,466,16812,494,10667,467,27479,California
El Dorado,2021-02-18,2103,40325,1029,20591,1074,19734,0,0,1069,16848,1033,11700,1069,28548,California
El Dorado,2021-02-19,1230,41555,659,21250,571,20305,0,0,691,17001,538,12238,691,29239,California
El Dorado,2021-02-20,947,42502,452,21702,495,20800,0,0,680,17419,262,12500,680,29919,California
El Dorado,2021-02-21,290,42792,232,21934,58,20858,0,0,103,17335,187,12687,103,30022,California
El Dorado,2021-02-22,885,43677,441,22375,444,21302,0,0,277,17005,607,13294,277,30299,California
El Dorado,2021-02-23,870,44547,493,22868,377,21679,0,0,354,16845,514,13808,354,30653,California
El Dorado,2021-02-24,1037,45584,448,23316,589,22268,0,0,431,16670,606,14414,431,31084,California
El Dorado,2021-02-25,1928,47512,1160,24476,768,23036,0,0,697,16145,1224,15638,699,31783,California
El Dorado,2021-02-26,2420,49932,1508,25984,912,23948,0,0,1628,16984,789,16427,1628,33411,California
El Dorado,2021-02-27,1708,51640,445,26429,1263,25211,0,0,1259,17797,446,16873,1259,34670,California
El Dorado,2021-02-28,660,52300,225,26654,435,25646,0,0,495,18128,165,17038,496,35166,California
El Dorado,2021-03-01,1165,53465,469,27123,694,26340,2,2,644,18254,520,17558,646,35812,California
El Dorado,2021-03-02,938,54403,275,27398,662,27002,1,3,494,18307,442,18000,495,36307,California
El Dorado,2021-03-03,1713,56116,471,27869,1242,28244,0,3,1167,18937,539,18539,1169,37476,California
El Dorado,2021-03-04,2540,58656,1562,29431,978,29222,0,3,1209,18818,1328,19867,1209,38685,California
El Dorado,2021-03-05,1598,60254,434,29865,1159,30381,5,8,1058,19347,534,20401,1063,39748,California
El Dorado,2021-03-06,746,61000,219,30084,494,30875,33,41,396,19427,349,20750,429,40177,California
El Dorado,2021-03-07,413,61413,200,30284,195,31070,18,59,253,19540,158,20908,271,40448,California
El Dorado,2021-03-08,1345,62758,371,30655,901,31971,73,132,872,20014,470,21378,944,41392,California
El Dorado,2021-03-09,993,63751,231,30886,693,32664,69,201,589,20283,389,21767,658,42050,California
El Dorado,2021-03-10,964,64715,348,31234,559,33223,57,258,556,20493,402,22169,612,42662,California
El Dorado,2021-03-11,3043,67758,1846,33080,1010,34233,187,445,1291,20239,1730,23899,1476,44138,California
El Dorado,2021-03-12,1809,69567,630,33710,928,35161,251,696,750,20199,1041,24940,1001,45139,California
El Dorado,2021-03-13,1076,70643,352,34062,440,35601,284,980,372,20152,700,25640,653,45792,California
El Dorado,2021-03-14,796,71439,202,34264,483,36084,111,1091,276,20019,520,26160,387,46179,California
El Dorado,2021-03-15,1417,72856,304,34568,982,37066,131,1222,616,19970,797,26957,748,46927,California
El Dorado,2021-03-16,1236,74092,423,34991,668,37734,145,1367,568,20020,663,27620,713,47640,California
El Dorado,2021-03-17,1155,75247,369,35360,685,38419,101,1468,747,20461,407,28027,848,48488,California
El Dorado,2021-03-18,3027,78274,1790,37150,1194,39613,43,1511,1995,21475,1024,29051,2038,50526,California
El Dorado,2021-03-19,1121,79395,360,37510,608,40221,153,1664,624,21754,497,29548,776,51302,California
El Dorado,2021-03-20,959,80354,267,37777,676,40897,16,1680,377,21577,570,30118,393,51695,California
El Dorado,2021-03-21,1042,81396,424,38201,613,41510,5,1685,929,22400,111,30229,934,52629,California
El Dorado,2021-03-22,1511,82907,488,38689,941,42451,82,1767,1189,23354,317,30546,1271,53900,California
El Dorado,2021-03-23,1159,84066,458,39147,605,43056,96,1863,738,23779,409,30955,834,54734,California
El Dorado,2021-03-24,1467,85533,636,39783,636,43692,195,2058,665,23864,775,31730,860,55594,California
El Dorado,2021-03-25,2529,88062,1698,41481,724,44416,107,2165,1380,24209,1143,32873,1488,57082,California
El Dorado,2021-03-26,1834,89896,704,42185,1017,45433,113,2278,929,24369,882,33755,1042,58124,California
El Dorado,2021-03-27,1340,91236,189,42374,1147,46580,4,2282,317,23673,1017,34772,321,58445,California
El Dorado,2021-03-28,643,91879,187,42561,445,47025,11,2293,166,23377,473,35245,177,58622,California
El Dorado,2021-03-29,1326,93205,435,42996,875,47900,16,2309,827,23724,496,35741,843,59465,California
El Dorado,2021-03-30,1379,94584,422,43418,860,48760,97,2406,686,23820,685,36426,781,60246,California
El Dorado,2021-03-31,1569,96153,582,44000,919,49679,68,2474,689,23697,878,37304,755,61001,California
El Dorado,2021-04-01,3248,99401,1774,45774,1391,51070,83,2557,1543,23622,1702,39006,1627,62628,California
El Dorado,2021-04-02,1905,101306,568,46342,1240,52310,97,2654,748,23316,1151,40157,845,63473,California
El Dorado,2021-04-03,756,102062,301,46643,335,52645,120,2774,231,23145,522,40679,351,63824,California
El Dorado,2021-04-04,273,102335,83,46726,143,52788,47,2821,97,23114,175,40854,144,63968,California
El Dorado,2021-04-05,1428,103763,424,47150,911,53699,93,2914,591,22966,831,41685,683,64651,California
El Dorado,2021-04-06,1428,105191,533,47683,674,54373,221,3135,454,22668,970,42655,672,65323,California
El Dorado,2021-04-07,1610,106801,570,48253,588,54961,452,3587,563,22636,1044,43699,1012,66335,California
El Dorado,2021-04-08,2710,109511,1747,50000,725,55686,238,3825,1122,22415,1580,45279,1359,67694,California
El Dorado,2021-04-09,1443,110954,454,50454,769,56455,220,4045,573,22339,867,46146,791,68485,California
El Dorado,2021-04-10,825,111779,225,50679,490,56945,110,4155,478,22583,344,46490,588,69073,California
El Dorado,2021-04-11,707,112486,456,51135,235,57180,16,4171,209,22311,497,46987,225,69298,California
El Dorado,2021-04-12,1297,113783,505,51640,642,57822,150,4321,567,22305,722,47709,716,70014,California
El Dorado,2021-04-13,1129,114912,617,52257,512,58334,0,4321,512,22204,613,48322,512,70526,California
El Dorado,2021-04-14,1100,116012,470,52727,629,58963,1,4322,382,21882,705,49027,383,70909,California
El Dorado,2021-04-15,2521,118533,1699,54426,822,59785,0,4322,958,21290,1560,50587,968,71877,California
El Dorado,2021-04-16,1480,120013,525,54951,955,60740,0,4322,611,21037,865,51452,612,72489,California
El Dorado,2021-04-17,812,120825,205,55156,607,61347,0,4322,499,21226,310,51762,499,72988,California
El Dorado,2021-04-18,1035,121860,88,55244,947,62294,0,4322,409,21013,625,52387,412,73400,California
El Dorado,2021-04-19,1724,123584,438,55682,1286,63580,0,4322,689,20673,1029,53416,689,74089,California
El Dorado,2021-04-20,1110,124694,364,56046,746,64326,0,4322,456,20480,650,54066,457,74546,California
El Dorado,2021-04-21,1157,125851,461,56507,692,65018,4,4326,591,20514,558,54624,592,75138,California
El Dorado,2021-04-22,2559,128410,1688,58195,871,65889,0,4326,1065,20088,1491,56115,1065,76203,California
El Dorado,2021-04-23,1414,129824,505,58700,909,66798,0,4326,725,20128,686,56801,726,76929,California
El Dorado,2021-04-24,973,130797,522,59222,451,67249,0,4326,736,20629,235,57036,736,77665,California
El Dorado,2021-04-25,656,131453,450,59672,206,67455,0,4326,470,20913,186,57222,470,78135,California
El Dorado,2021-04-26,1196,132649,483,60155,696,68151,17,4343,561,20858,632,57854,577,78712,California
El Dorado,2021-04-27,1125,133774,419,60574,668,68819,38,4381,500,20778,618,58472,538,79250,California
El Dorado,2021-04-28,1069,134843,357,60931,672,69491,40,4421,435,20620,633,59105,475,79725,California
El Dorado,2021-04-29,1985,136828,1361,62292,592,70083,32,4453,588,19846,1394,60499,620,80345,California
El Dorado,2021-04-30,2130,138958,1343,63635,746,70829,41,4494,1366,20500,752,61251,1406,81751,California
El Dorado,2021-05-01,617,139575,282,63917,307,71136,28,4522,277,20472,333,61584,305,82056,California
El Dorado,2021-05-02,304,139879,217,64134,58,71194,29,4551,102,20403,199,61783,130,82186,California
El Dorado,2021-05-03,825,140704,401,64535,373,71567,51,4602,277,20188,544,62327,329,82515,California
El Dorado,2021-05-04,885,141589,436,64971,389,71956,60,4662,313,19993,568,62895,373,82888,California
El Dorado,2021-05-05,878,142467,434,65405,370,72326,74,4736,419,20029,457,63352,493,83381,California
El Dorado,2021-05-06,1117,143584,485,65890,584,72910,48,4784,476,19914,635,63987,520,83901,California
El Dorado,2021-05-07,982,144566,379,66269,545,73455,58,4842,398,19785,584,64571,455,84356,California
El Dorado,2021-05-08,491,145057,154,66423,300,73755,37,4879,186,19705,303,64874,223,84579,California
El Dorado,2021-05-09,221,145278,82,66505,112,73867,27,4906,103,19718,117,64991,130,84709,California
El Dorado,2021-05-10,827,146105,273,66778,496,74363,58,4964,243,19442,575,65566,299,85008,California
El Dorado,2021-05-11,682,146787,296,67074,323,74686,63,5027,293,19413,386,65952,357,85365,California
El Dorado,2021-05-12,646,147433,339,67413,265,74951,42,5069,274,19358,372,66324,317,85682,California
El Dorado,2021-05-13,1255,148688,793,68206,422,75373,40,5109,474,19096,775,67099,513,86195,California
El Dorado,2021-05-14,1414,150102,819,69025,511,75884,84,5193,682,19135,727,67826,766,86961,California
El Dorado,2021-05-15,903,151005,557,69582,289,76173,57,5250,320,18929,583,68409,377,87338,California
El Dorado,2021-05-16,662,151667,461,70043,175,76348,26,5276,230,18753,432,68841,256,87594,California
El Dorado,2021-05-17,1573,153240,666,70709,858,77206,49,5325,564,18360,1005,69846,612,88206,California
El Dorado,2021-05-18,1024,154264,519,71228,451,77657,54,5379,445,18281,578,70424,499,88705,California
El Dorado,2021-05-19,817,155081,334,71562,430,78087,53,5432,320,18163,490,70914,372,89077,California
El Dorado,2021-05-20,1179,156260,658,72220,448,78535,73,5505,449,17957,727,71641,521,89598,California
El Dorado,2021-05-21,2334,158594,1741,73961,551,79086,42,5547,819,17307,1511,73152,861,90459,California
El Dorado,2021-05-22,703,159297,204,74165,463,79549,36,5583,227,17095,475,73627,263,90722,California
El Dorado,2021-05-23,288,159585,115,74280,144,79693,29,5612,92,17022,194,73821,121,90843,California
El Dorado,2021-05-24,884,160469,454,74734,361,80054,69,5681,313,16835,567,74388,380,91223,California
El Dorado,2021-05-25,605,161074,252,74986,317,80371,36,5717,228,16725,374,74762,264,91487,California
El Dorado,2021-05-26,802,161876,394,75380,384,80755,24,5741,282,16512,519,75281,306,91793,California
El Dorado,2021-05-27,624,162500,247,75627,343,81098,34,5775,318,16559,304,75585,351,92144,California
El Dorado,2021-05-28,728,163228,251,75878,413,81511,64,5839,307,16512,418,76003,371,92515,California
El Dorado,2021-05-29,385,163613,106,75984,263,81774,16,5855,168,16479,217,76220,184,92699,California
El Dorado,2021-05-30,172,163785,101,76085,57,81831,14,5869,84,16489,88,76308,98,92797,California
El Dorado,2021-05-31,35,163820,10,76095,14,81845,11,5880,8,16481,27,76335,19,92816,California
El Dorado,2021-06-01,679,164499,292,76387,349,82194,38,5918,235,16313,441,76776,273,93089,California
El Dorado,2021-06-02,629,165128,300,76687,279,82473,50,5968,262,16259,366,77142,312,93401,California
El Dorado,2021-06-03,730,165858,339,77026,348,82821,43,6011,184,15941,546,77688,228,93629,California
El Dorado,2021-06-04,884,166742,528,77554,322,83143,34,6045,188,15469,694,78382,222,93851,California
El Dorado,2021-06-05,387,167129,222,77776,153,83296,12,6057,84,15263,302,78684,96,93947,California
El Dorado,2021-06-06,277,167406,192,77968,69,83365,16,6073,51,15104,225,78909,66,94013,California
El Dorado,2021-06-07,787,168193,487,78455,260,83625,40,6113,173,14710,607,79516,213,94226,California
El Dorado,2021-06-08,631,168824,383,78838,215,83840,33,6146,129,14372,499,80015,161,94387,California
El Dorado,2021-06-09,459,169283,271,79109,163,84003,25,6171,106,14151,352,80367,131,94518,California
El Dorado,2021-06-10,584,169867,366,79475,189,84192,29,6200,158,13915,423,80790,187,94705,California
El Dorado,2021-06-11,661,170528,394,79869,221,84413,46,6246,132,13565,528,81318,178,94883,California
El Dorado,2021-06-12,258,170786,152,80021,88,84501,18,6264,62,13450,195,81513,80,94963,California
El Dorado,2021-06-13,156,170942,86,80107,53,84554,17,6281,35,13382,120,81633,52,95015,California
El Dorado,2021-06-14,466,171408,316,80423,120,84674,30,6311,122,13190,344,81977,152,95167,California
El Dorado,2021-06-15,257,171665,153,80576,88,84762,16,6327,57,13064,199,82176,73,95240,California
Fresno,2020-12-15,2,2,2,2,0,0,0,0,2,2,0,0,2,2,California
Fresno,2020-12-16,125,127,125,127,0,0,0,0,125,127,0,0,125,127,California
Fresno,2020-12-17,122,249,122,249,0,0,0,0,122,249,0,0,122,249,California
Fresno,2020-12-18,349,598,349,598,0,0,0,0,349,598,0,0,349,598,California
Fresno,2020-12-19,163,761,163,761,0,0,0,0,163,761,0,0,163,761,California
Fresno,2020-12-20,257,1018,255,1016,2,2,0,0,257,1018,0,0,257,1018,California
Fresno,2020-12-21,924,1942,922,1938,2,4,0,0,954,1972,0,0,954,1972,California
Fresno,2020-12-22,905,2847,874,2812,31,35,0,0,909,2881,0,0,909,2881,California
Fresno,2020-12-23,1085,3932,1045,3857,40,75,0,0,1086,3967,0,0,1086,3967,California
Fresno,2020-12-24,592,4524,566,4423,26,101,0,0,592,4559,0,0,592,4559,California
Fresno,2020-12-25,2,4526,1,4424,1,102,0,0,2,4561,0,0,2,4561,California
Fresno,2020-12-26,724,5250,715,5139,9,111,0,0,724,5285,0,0,724,5285,California
Fresno,2020-12-27,307,5557,208,5347,99,210,0,0,307,5592,0,0,307,5592,California
Fresno,2020-12-28,1096,6653,802,6149,294,504,0,0,1096,6688,0,0,1096,6688,California
Fresno,2020-12-29,1760,8413,996,7145,764,1268,0,0,1758,8445,1,1,1758,8446,California
Fresno,2020-12-30,984,9397,446,7591,538,1806,0,0,984,9429,0,1,984,9430,California
Fresno,2020-12-31,927,10324,310,7901,617,2423,0,0,926,10355,0,1,926,10356,California
Fresno,2021-01-01,10,10334,3,7904,7,2430,0,0,10,10365,0,1,10,10366,California
Fresno,2021-01-02,1028,11362,712,8616,316,2746,0,0,1028,11393,0,1,1028,11394,California
Fresno,2021-01-03,155,11517,129,8745,26,2772,0,0,155,11548,0,1,155,11549,California
Fresno,2021-01-04,624,12141,378,9123,246,3018,0,0,624,12172,0,1,624,12173,California
Fresno,2021-01-05,781,12922,311,9434,470,3488,0,0,707,12805,74,75,707,12880,California
Fresno,2021-01-06,987,13909,347,9781,640,4128,0,0,813,13444,174,249,813,13693,California
Fresno,2021-01-07,1896,15805,917,10698,979,5107,0,0,1641,14833,255,504,1644,15337,California
Fresno,2021-01-08,1789,17594,614,11312,1175,6282,0,0,1424,15895,363,867,1425,16762,California
Fresno,2021-01-09,639,18233,392,11704,247,6529,0,0,360,15976,279,1146,360,17122,California
Fresno,2021-01-10,517,18750,487,12191,30,6559,0,0,204,15867,313,1459,204,17326,California
Fresno,2021-01-11,2220,20970,1805,13996,415,6974,0,0,1526,16703,694,2153,1530,18856,California
Fresno,2021-01-12,2525,23495,1826,15822,699,7673,0,0,1674,17526,853,3006,1676,20532,California
Fresno,2021-01-13,3562,27057,2435,18257,1127,8800,0,0,2708,19384,854,3860,2712,23244,California
Fresno,2021-01-14,4142,31199,2184,20441,1958,10758,0,0,3669,22581,472,4332,3669,26913,California
Fresno,2021-01-15,3663,34862,2534,22975,1129,11887,0,0,3305,25532,358,4690,3309,30222,California
Fresno,2021-01-16,3146,38008,2310,25285,836,12723,0,0,2675,27739,470,5160,2677,32899,California
Fresno,2021-01-17,979,38987,557,25842,422,13145,0,0,779,28318,200,5360,779,33678,California
Fresno,2021-01-18,3079,42066,2373,28215,706,13851,0,0,2422,30087,655,6015,2424,36102,California
Fresno,2021-01-19,4406,46472,2625,30840,1781,15632,0,0,3689,33063,717,6732,3693,39795,California
Fresno,2021-01-20,3026,49498,1216,32056,1810,17442,0,0,2711,35464,313,7045,2714,42509,California
Fresno,2021-01-21,4395,53893,2039,34095,2356,19798,0,0,4035,39168,337,7382,4041,46550,California
Fresno,2021-01-22,3308,57201,1347,35442,1961,21759,0,0,2923,41723,369,7751,2924,49474,California
Fresno,2021-01-23,3053,60254,1978,37420,1075,22834,0,0,2330,43336,722,8473,2335,51809,California
Fresno,2021-01-24,560,60814,377,37797,183,23017,0,0,351,43480,209,8682,353,52162,California
Fresno,2021-01-25,2435,63249,862,38659,1573,24590,0,0,1859,44766,576,9258,1862,54024,California
Fresno,2021-01-26,2086,65335,593,39252,1493,26083,0,0,1323,45329,761,10019,1324,55348,California
Fresno,2021-01-27,2312,67647,1138,40390,1174,27257,0,0,1732,46485,579,10598,1735,57083,California
Fresno,2021-01-28,4559,72206,3055,43445,1504,28761,0,0,3483,48898,1073,11671,3486,60569,California
Fresno,2021-01-29,1705,73911,977,44422,728,29489,0,0,1402,50004,299,11970,1405,61974,California
Fresno,2021-01-30,1444,75355,546,44968,898,30387,0,0,1024,50608,420,12390,1024,62998,California
Fresno,2021-01-31,230,75585,219,45187,11,30398,0,0,76,50530,154,12544,76,63074,California
Fresno,2021-02-01,3342,78927,1667,46854,1675,32073,0,0,1784,50767,1557,14101,1794,64868,California
Fresno,2021-02-02,2731,81658,558,47412,2173,34246,0,0,1588,51243,1128,15229,1604,66472,California
Fresno,2021-02-03,3558,85216,2105,49517,1453,35699,0,0,1545,50785,2004,17233,1546,68018,California
Fresno,2021-02-04,4192,89408,1893,51410,2299,37998,0,0,1926,50480,2236,19469,1931,69949,California
Fresno,2021-02-05,5329,94737,2721,54131,2608,40606,0,0,2295,49750,3029,22498,2299,72248,California
Fresno,2021-02-06,2925,97662,2038,56169,887,41493,0,0,967,48767,1951,24449,968,73216,California
Fresno,2021-02-07,469,98131,287,56456,182,41675,0,0,273,48845,195,24644,273,73489,California
Fresno,2021-02-08,4275,102406,2285,58741,1990,43665,0,0,1805,48202,2457,27101,1814,75303,California
Fresno,2021-02-09,5325,107731,2093,60834,3232,46897,0,0,3112,49186,2138,29239,3122,78425,California
Fresno,2021-02-10,3882,111613,1231,62065,2651,49548,0,0,1972,49312,1858,31097,1984,80409,California
Fresno,2021-02-11,6446,118059,2086,64151,4360,53908,0,0,3346,49580,3083,34180,3351,83760,California
Fresno,2021-02-12,5392,123451,1385,65536,4007,57915,0,0,2726,49668,2647,36827,2735,86495,California
Fresno,2021-02-13,3743,127194,1558,67094,2185,60100,0,0,2085,50112,1646,38473,2090,88585,California
Fresno,2021-02-14,1564,128758,282,67376,1282,61382,0,0,838,50227,725,39198,840,89425,California
Fresno,2021-02-15,2893,131651,268,67644,2625,64007,0,0,1797,50936,1092,40290,1801,91226,California
Fresno,2021-02-16,6687,138338,2402,70046,4285,68292,0,0,4231,52734,2439,42729,4237,95463,California
Fresno,2021-02-17,5320,143658,2445,72491,2875,71167,0,0,2988,53437,2289,45018,2992,98455,California
Fresno,2021-02-18,6846,150504,2893,75384,3953,75120,0,0,2572,51789,4232,49250,2584,101039,California
Fresno,2021-02-19,3835,154339,1098,76482,2737,77857,0,0,1818,51605,2005,51255,1821,102860,California
Fresno,2021-02-20,4519,158858,2478,78960,2041,79898,0,0,3040,53178,1473,52728,3046,105906,California
Fresno,2021-02-21,188,159046,169,79129,19,79917,0,0,125,53254,49,52777,125,106031,California
Fresno,2021-02-22,2239,161285,999,80128,1240,81157,0,0,1237,53503,992,53769,1241,107272,California
Fresno,2021-02-23,4684,165969,2265,82393,2419,83576,0,0,3804,56441,868,54637,3806,111078,California
Fresno,2021-02-24,4208,170177,1503,83896,2705,86281,0,0,3446,59137,751,55388,3447,114525,California
Fresno,2021-02-25,8701,178878,3745,87641,4956,91237,0,0,7211,64931,1425,56813,7219,121744,California
Fresno,2021-02-26,9019,187897,3702,91343,5317,96554,0,0,7706,71354,1289,58102,7712,129456,California
Fresno,2021-02-27,7276,195173,3162,94505,4113,100667,1,1,6566,77229,695,58797,6570,136026,California
Fresno,2021-02-28,1647,196820,527,95032,1120,101787,0,1,1557,78710,77,58874,1558,137584,California
Fresno,2021-03-01,5103,201923,1324,96356,3779,105566,0,1,3696,81017,1393,60267,3700,141284,California
Fresno,2021-03-02,9866,211789,3385,99741,6481,112047,0,1,8479,88159,1363,61630,8505,149789,California
Fresno,2021-03-03,7024,218813,1769,101510,5254,117301,1,2,6015,93291,995,62625,6127,155916,California
Fresno,2021-03-04,10451,229264,4129,105639,6322,123623,0,2,8709,100295,1714,64339,8718,164634,California
Fresno,2021-03-05,9304,238568,3626,109265,5676,129299,2,4,8029,107257,1143,65482,8105,172739,California
Fresno,2021-03-06,7006,245574,3955,113220,2933,132232,118,122,6014,112409,984,66466,6136,178875,California
Fresno,2021-03-07,1495,247069,681,113901,776,133008,38,160,1265,113486,227,66693,1304,180179,California
Fresno,2021-03-08,5294,252363,2023,115924,3120,136128,151,311,4003,116371,1280,67973,4165,184344,California
Fresno,2021-03-09,8615,260978,3785,119709,4559,140687,271,582,4644,117373,3950,71923,4952,189296,California
Fresno,2021-03-10,6829,267807,2857,122566,3584,144271,388,970,5371,121691,1449,73372,5767,195063,California
Fresno,2021-03-11,11597,279404,4581,127147,6471,150742,545,1515,6313,123368,5258,78630,6935,201998,California
Fresno,2021-03-12,12038,291442,5132,132279,6479,157221,427,1942,9055,130024,2965,81595,9621,211619,California
Fresno,2021-03-13,8324,299766,4052,136331,3257,160478,1015,2957,4023,130858,4280,85875,5114,216733,California
Fresno,2021-03-14,1769,301535,480,136811,1001,161479,288,3245,667,130723,1090,86965,955,217688,California
Fresno,2021-03-15,7137,308672,3174,139985,3787,165266,176,3421,4933,133839,2189,89154,5305,222993,California
Fresno,2021-03-16,10223,318895,4542,144527,5289,170555,392,3813,5423,134983,4768,93922,5912,228905,California
Fresno,2021-03-17,8732,327627,3983,148510,4041,174596,708,4521,5911,139209,2797,96719,7023,235928,California
Fresno,2021-03-18,12482,340109,6730,155240,5078,179674,674,5195,6995,141930,5438,102157,8159,244087,California
Fresno,2021-03-19,11173,351282,5887,161127,4672,184346,614,5809,6853,145480,4291,106448,7841,251928,California
Fresno,2021-03-20,7626,358908,4602,165729,2698,187044,326,6135,3771,146065,3830,110278,4415,256343,California
Fresno,2021-03-21,1795,360703,1206,166935,208,187252,381,6516,967,146594,820,111098,1349,257692,California
Fresno,2021-03-22,5680,366383,2904,169839,2177,189429,599,7115,3798,149366,1866,112964,4638,262330,California
Fresno,2021-03-23,10572,376955,5253,175092,4814,194243,505,7620,5052,149868,5497,118461,5999,268329,California
Fresno,2021-03-24,8862,385817,3834,178926,4197,198440,831,8451,4971,151870,3854,122315,5856,274185,California
Fresno,2021-03-25,12219,398036,5691,184617,5721,204161,807,9258,4752,150097,7415,129730,5642,279827,California
Fresno,2021-03-26,12216,410252,5455,190072,6123,210284,638,9896,4449,147495,7714,137444,5112,284939,California
Fresno,2021-03-27,9922,420174,4645,194717,4191,214475,1086,10982,2956,144615,6927,144371,4047,288986,California
Fresno,2021-03-28,3425,423599,1325,196042,1406,215881,694,11676,1115,144570,2302,146673,2257,291243,California
Fresno,2021-03-29,5989,429588,2002,198044,3447,219328,540,12216,2888,144940,3072,149745,3442,294685,California
Fresno,2021-03-30,10931,440519,4267,202311,5766,225094,898,13114,3848,142634,7052,156797,4746,299431,California
Fresno,2021-03-31,9695,450214,3378,205689,5323,230417,994,14108,3678,141326,5974,162771,4666,304097,California
Fresno,2021-04-01,12204,462418,4211,209900,7131,237548,862,14970,4056,138155,8045,170816,4874,308971,California
Fresno,2021-04-02,12080,474498,4629,214529,6659,244207,792,15762,4282,135598,7636,178452,5079,314050,California
Fresno,2021-04-03,6409,480907,3526,218055,2625,246832,258,16020,2146,133794,4244,182696,2440,316490,California
Fresno,2021-04-04,1501,482408,535,218590,921,247753,45,16065,546,133441,945,183641,592,317082,California
Fresno,2021-04-05,8330,490738,4469,223059,3056,250809,805,16870,2442,130886,5871,189512,3316,320398,California
Fresno,2021-04-06,9635,500373,4036,227095,4410,255219,1189,18059,3553,129604,6041,195553,4759,325157,California
Fresno,2021-04-07,10614,510987,5493,232588,3909,259128,1212,19271,3554,127380,7014,202567,4790,329947,California
Fresno,2021-04-08,10964,521951,5178,237766,4620,263748,1166,20437,3439,124552,7474,210041,4646,334593,California
Fresno,2021-04-09,11274,533225,5354,243120,4516,268264,1404,21841,3621,121990,7604,217645,5042,339635,California
Fresno,2021-04-10,7886,541111,5148,248268,2214,270478,524,22365,3670,121980,4204,221849,4194,343829,California
Fresno,2021-04-11,1391,542502,935,249203,365,270843,91,22456,447,121580,939,222788,539,344368,California
Fresno,2021-04-12,7324,549826,3855,253058,2541,273384,928,23384,2394,120001,4900,227688,3321,347689,California
Fresno,2021-04-13,8973,558799,4298,257356,4606,277990,69,23453,3513,118259,5423,233111,3681,351370,California
Fresno,2021-04-14,9623,568422,5788,263144,3834,281824,1,23454,3757,116258,5823,238934,3822,355192,California
Fresno,2021-04-15,8469,576891,4219,267363,4247,286071,3,23457,3214,114260,5227,244161,3229,358421,California
Fresno,2021-04-16,9426,586317,4657,272020,4767,290838,2,23459,3910,112709,5477,249638,3926,362347,California
Fresno,2021-04-17,5578,591895,3725,275745,1853,292691,0,23459,2651,112459,2906,252544,2656,365003,California
Fresno,2021-04-18,1027,592922,559,276304,468,293159,0,23459,471,112379,551,253095,471,365474,California
Fresno,2021-04-19,5562,598484,3018,279322,2541,295700,3,23462,2244,111349,3280,256375,2250,367724,California
Fresno,2021-04-20,6902,605386,3429,282751,3464,299164,9,23471,2615,109710,4263,260638,2624,370348,California
Fresno,2021-04-21,6368,611754,3522,286273,2838,302002,8,23479,2652,108692,3682,264320,2664,373012,California
Fresno,2021-04-22,6350,618104,3160,289433,3189,305191,1,23480,2309,107024,3981,268301,2313,375325,California
Fresno,2021-04-23,7098,625202,3820,293253,3261,308452,17,23497,2718,105456,4291,272592,2723,378048,California
Fresno,2021-04-24,4163,629365,2490,295743,1673,310125,0,23497,1917,105141,2232,274824,1917,379965,California
Fresno,2021-04-25,1367,630732,549,296292,815,310940,3,23500,682,105147,679,275503,685,380650,California
Fresno,2021-04-26,4236,634968,2138,298430,2053,312993,45,23545,1804,104593,2402,277905,1848,382498,California
Fresno,2021-04-27,4821,639789,2441,300871,2255,315248,125,23670,1892,103702,2907,280812,2016,384514,California
Fresno,2021-04-28,4772,644561,2667,303538,1975,317223,130,23800,1986,103055,2764,283576,2117,386631,California
Fresno,2021-04-29,4782,649343,2654,306192,1992,319215,136,23936,1804,102046,2947,286523,1938,388569,California
Fresno,2021-04-30,5412,654755,3293,309485,1986,321201,133,24069,2160,101116,3222,289745,2292,390861,California
Fresno,2021-05-01,4181,658936,3449,312934,594,321795,138,24207,1236,99561,2927,292672,1372,392233,California
Fresno,2021-05-02,1248,660184,770,313704,427,322222,51,24258,614,99603,622,293294,664,392897,California
Fresno,2021-05-03,4018,664202,2691,316395,1135,323357,192,24450,1301,98401,2690,295984,1488,394385,California
Fresno,2021-05-04,4827,669029,2497,318892,2178,325535,152,24602,1546,96847,3254,299238,1700,396085,California
Fresno,2021-05-05,5086,674115,3143,322035,1717,327252,226,24828,1579,95168,3481,302719,1802,397887,California
Fresno,2021-05-06,4115,678230,2543,324578,1467,328719,105,24933,1401,93990,2684,305403,1506,399393,California
Fresno,2021-05-07,5008,683238,3286,327864,1555,330274,167,25100,1553,92275,3432,308835,1717,401110,California
Fresno,2021-05-08,3895,687133,2484,330348,1263,331537,148,25248,1173,90896,2701,311536,1322,402432,California
Fresno,2021-05-09,672,687805,345,330693,284,331821,43,25291,335,90943,331,311867,378,402810,California
Fresno,2021-05-10,2951,690756,1576,332269,1234,333055,141,25432,918,89978,2024,313891,1059,403869,California
Fresno,2021-05-11,3741,694497,1930,334199,1716,334771,95,25527,1206,88756,2523,316414,1301,405170,California
Fresno,2021-05-12,3987,698484,2557,336756,1266,336037,164,25691,1454,87865,2509,318923,1618,406788,California
Fresno,2021-05-13,3845,702329,2126,338882,1615,337652,104,25795,1739,87640,2068,320991,1843,408631,California
Fresno,2021-05-14,5008,707337,3010,341892,1814,339466,184,25979,2132,87113,2844,323835,2317,410948,California
Fresno,2021-05-15,3574,710911,2669,344561,775,340241,130,26109,1817,87312,1747,325582,1946,412894,California
Fresno,2021-05-16,1441,712352,944,345505,463,340704,34,26143,811,87533,625,326207,846,413740,California
Fresno,2021-05-17,4167,716519,2817,348322,1191,341895,159,26302,2242,88035,1898,328105,2400,416140,California
Fresno,2021-05-18,4101,720620,2536,350858,1412,343307,153,26455,2099,88305,1979,330084,2249,418389,California
Fresno,2021-05-19,4337,724957,2764,353622,1398,344705,175,26630,2108,88381,2206,332290,2282,420671,California
Fresno,2021-05-20,4079,729036,2435,356057,1458,346163,186,26816,1902,88307,2160,334450,2086,422757,California
Fresno,2021-05-21,4562,733598,2984,359041,1486,347649,92,26908,2069,88003,2464,336914,2160,424917,California
Fresno,2021-05-22,3933,737531,2916,361957,844,348493,173,27081,2266,88789,1651,338565,2437,427354,California
Fresno,2021-05-23,901,738432,571,362528,301,348794,29,27110,463,88853,428,338993,492,427846,California
Fresno,2021-05-24,3219,741651,2023,364551,1082,349876,114,27224,1494,88759,1702,340695,1608,429454,California
Fresno,2021-05-25,3201,744852,1926,366477,1151,351027,124,27348,1372,88440,1815,342510,1496,430950,California
Fresno,2021-05-26,3238,748090,2138,368615,994,352021,106,27454,1650,88625,1569,344079,1754,432704,California
Fresno,2021-05-27,3135,751225,1910,370525,1119,353140,106,27560,1415,88453,1694,345773,1522,434226,California
Fresno,2021-05-28,3407,754632,2204,372729,1108,354248,95,27655,1885,88931,1503,347276,1981,436207,California
Fresno,2021-05-29,2275,756907,1656,374385,548,354796,71,27726,1250,89238,1015,348291,1322,437529,California
Fresno,2021-05-30,887,757794,534,374919,318,355114,35,27761,428,89259,442,348733,463,437992,California
Fresno,2021-05-31,318,758112,159,375078,147,355261,12,27773,136,89229,176,348909,146,438138,California
Fresno,2021-06-01,3014,761126,1815,376893,1105,356366,94,27867,1223,88779,1767,350676,1317,439455,California
Fresno,2021-06-02,2651,763777,1710,378603,851,357217,90,27957,1085,88419,1536,352212,1176,440631,California
Fresno,2021-06-03,2931,766708,2014,380617,816,358033,101,28058,1194,87995,1717,353929,1293,441924,California
Fresno,2021-06-04,3228,769936,2345,382962,783,358816,100,28158,1117,87126,2087,356016,1218,443142,California
Fresno,2021-06-05,3098,773034,2291,385253,688,359504,119,28277,1249,86665,1825,357841,1364,444506,California
Fresno,2021-06-06,1166,774200,928,386181,201,359705,37,28314,413,86368,747,358588,450,444956,California
Fresno,2021-06-07,3075,777275,2423,388604,562,360267,90,28404,901,85207,2152,360740,991,445947,California
Fresno,2021-06-08,2608,779883,1945,390549,595,360862,68,28472,807,84290,1792,362532,875,446822,California
Fresno,2021-06-09,2913,782796,2181,392730,642,361504,90,28562,950,83383,1946,364478,1039,447861,California
Fresno,2021-06-10,2625,785421,1906,394636,646,362150,73,28635,903,82661,1698,366176,976,448837,California
Fresno,2021-06-11,3047,788468,2155,396791,786,362936,106,28741,1121,81995,1893,368069,1227,450064,California
Fresno,2021-06-12,2869,791337,2278,399069,433,363369,158,28899,766,80826,2088,370157,919,450983,California
Fresno,2021-06-13,708,792045,456,399525,236,363605,16,28915,198,80534,506,370663,214,451197,California
Fresno,2021-06-14,2016,794061,1366,400891,530,364135,120,29035,727,80102,1276,371939,844,452041,California
Fresno,2021-06-15,1006,795067,713,401604,235,364370,58,29093,338,79835,660,372599,393,452434,California
Glenn,2020-12-17,1,1,1,1,0,0,0,0,1,1,0,0,1,1,California
Glenn,2020-12-20,1,2,1,2,0,0,0,0,1,2,0,0,1,2,California
Glenn,2020-12-21,11,13,11,13,0,0,0,0,11,13,0,0,11,13,California
Glenn,2020-12-22,61,74,61,74,0,0,0,0,61,74,0,0,61,74,California
Glenn,2020-12-23,28,102,28,102,0,0,0,0,28,102,0,0,28,102,California
Glenn,2020-12-24,9,111,9,111,0,0,0,0,9,111,0,0,9,111,California
Glenn,2020-12-26,2,113,2,113,0,0,0,0,2,113,0,0,2,113,California
Glenn,2020-12-27,4,117,4,117,0,0,0,0,4,117,0,0,4,117,California
Glenn,2020-12-28,20,137,20,137,0,0,0,0,20,137,0,0,20,137,California
Glenn,2020-12-29,81,218,81,218,0,0,0,0,81,218,0,0,81,218,California
Glenn,2020-12-30,127,345,104,322,23,23,0,0,127,345,0,0,127,345,California
Glenn,2020-12-31,38,383,9,331,29,52,0,0,38,383,0,0,38,383,California
Glenn,2021-01-02,4,387,4,335,0,52,0,0,4,387,0,0,4,387,California
Glenn,2021-01-04,7,394,5,340,2,54,0,0,7,394,0,0,7,394,California
Glenn,2021-01-05,12,406,9,349,3,57,0,0,12,406,0,0,12,406,California
Glenn,2021-01-06,59,465,8,357,51,108,0,0,59,465,0,0,59,465,California
Glenn,2021-01-07,65,530,11,368,54,162,0,0,64,528,1,1,64,529,California
Glenn,2021-01-08,12,542,9,377,3,165,0,0,12,540,0,1,12,541,California
Glenn,2021-01-10,1,543,1,378,0,165,0,0,0,539,1,2,0,541,California
Glenn,2021-01-11,29,572,29,407,0,165,0,0,12,534,17,19,12,553,California
Glenn,2021-01-12,44,616,39,446,5,170,0,0,14,518,30,49,14,567,California
Glenn,2021-01-13,221,837,158,604,63,233,0,0,176,650,45,94,177,744,California
Glenn,2021-01-14,118,955,30,634,88,321,0,0,108,748,10,104,108,852,California
Glenn,2021-01-15,41,996,34,668,7,328,0,0,36,779,5,109,36,888,California
Glenn,2021-01-16,33,1029,14,682,19,347,0,0,23,792,10,119,23,911,California
Glenn,2021-01-17,4,1033,2,684,2,349,0,0,2,792,2,121,2,913,California
Glenn,2021-01-18,17,1050,16,700,1,350,0,0,9,793,8,129,9,922,California
Glenn,2021-01-19,30,1080,20,720,10,360,0,0,13,789,17,146,13,935,California
Glenn,2021-01-20,162,1242,93,813,69,429,0,0,82,791,80,226,82,1017,California
Glenn,2021-01-21,121,1363,95,908,26,455,0,0,30,730,91,317,30,1047,California
Glenn,2021-01-22,342,1705,64,972,278,733,0,0,335,1058,7,324,335,1382,California
Glenn,2021-01-23,15,1720,9,981,6,739,0,0,11,1065,4,328,11,1393,California
Glenn,2021-01-24,2,1722,2,983,0,739,0,0,2,1067,0,328,2,1395,California
Glenn,2021-01-25,27,1749,9,992,18,757,0,0,24,1088,3,331,24,1419,California
Glenn,2021-01-26,31,1780,15,1007,16,773,0,0,24,1105,7,338,24,1443,California
Glenn,2021-01-27,189,1969,12,1019,177,950,0,0,167,1250,22,360,167,1610,California
Glenn,2021-01-28,148,2117,8,1027,140,1090,0,0,118,1338,30,390,118,1728,California
Glenn,2021-01-29,299,2416,12,1039,287,1377,0,0,285,1609,14,404,285,2013,California
Glenn,2021-01-30,3,2419,0,1039,3,1380,0,0,3,1612,0,404,3,2016,California
Glenn,2021-01-31,1,2420,0,1039,1,1381,0,0,1,1613,0,404,1,2017,California
Glenn,2021-02-01,30,2450,11,1050,19,1400,0,0,18,1619,12,416,18,2035,California
Glenn,2021-02-02,30,2480,15,1065,15,1415,0,0,20,1629,10,426,20,2055,California
Glenn,2021-02-03,274,2754,126,1191,148,1563,0,0,130,1616,144,570,131,2186,California
Glenn,2021-02-04,80,2834,14,1205,66,1629,0,0,25,1586,55,625,25,2211,California
Glenn,2021-02-05,326,3160,25,1230,301,1930,0,0,305,1870,21,646,305,2516,California
Glenn,2021-02-06,17,3177,2,1232,15,1945,0,0,16,1885,1,647,16,2532,California
Glenn,2021-02-07,2,3179,2,1234,0,1945,0,0,2,1887,0,647,2,2534,California
Glenn,2021-02-08,20,3199,17,1251,3,1948,0,0,4,1875,16,663,4,2538,California
Glenn,2021-02-09,49,3248,19,1270,30,1978,0,0,34,1894,15,678,34,2572,California
Glenn,2021-02-10,137,3385,19,1289,118,2096,0,0,66,1889,71,749,66,2638,California
Glenn,2021-02-11,234,3619,134,1423,100,2196,0,0,152,1958,83,832,152,2790,California
Glenn,2021-02-12,418,4037,98,1521,320,2516,0,0,354,2248,64,896,354,3144,California
Glenn,2021-02-13,36,4073,8,1529,28,2544,0,0,17,2246,19,915,17,3161,California
Glenn,2021-02-14,1,4074,0,1529,1,2545,0,0,1,2247,0,915,1,3162,California
Glenn,2021-02-15,8,4082,0,1529,8,2553,0,0,8,2255,0,915,8,3170,California
Glenn,2021-02-16,39,4121,9,1538,30,2583,0,0,21,2258,18,933,21,3191,California
Glenn,2021-02-17,380,4501,13,1551,367,2950,0,0,304,2486,76,1009,304,3495,California
Glenn,2021-02-18,136,4637,101,1652,35,2985,0,0,112,2574,24,1033,112,3607,California
Glenn,2021-02-19,306,4943,16,1668,290,3275,0,0,28,2324,278,1311,28,3635,California
Glenn,2021-02-20,9,4952,0,1668,9,3284,0,0,1,2317,8,1319,1,3636,California
Glenn,2021-02-21,1,4953,1,1669,0,3284,0,0,1,2318,0,1319,1,3637,California
Glenn,2021-02-22,34,4987,15,1684,19,3303,0,0,17,2318,17,1336,17,3654,California
Glenn,2021-02-23,39,5026,10,1694,29,3332,0,0,27,2333,12,1348,27,3681,California
Glenn,2021-02-24,252,5278,49,1743,203,3535,0,0,47,2175,205,1553,47,3728,California
Glenn,2021-02-25,232,5510,118,1861,114,3649,0,0,118,2179,114,1667,118,3846,California
Glenn,2021-02-26,308,5818,24,1885,284,3933,0,0,20,1912,287,1954,20,3866,California
Glenn,2021-02-27,13,5831,4,1889,9,3942,0,0,5,1910,7,1961,5,3871,California
Glenn,2021-02-28,6,5837,3,1892,3,3945,0,0,3,1911,2,1963,3,3874,California
Glenn,2021-03-01,28,5865,6,1898,22,3967,0,0,12,1907,16,1979,12,3886,California
Glenn,2021-03-02,35,5900,8,1906,27,3994,0,0,17,1906,18,1997,17,3903,California
Glenn,2021-03-03,192,6092,38,1944,154,4148,0,0,101,1918,89,2086,101,4004,California
Glenn,2021-03-04,519,6611,176,2120,343,4491,0,0,373,2145,146,2232,373,4377,California
Glenn,2021-03-05,361,6972,47,2167,314,4805,0,0,34,1852,327,2559,34,4411,California
Glenn,2021-03-06,29,7001,3,2170,25,4830,1,1,9,1842,20,2579,10,4421,California
Glenn,2021-03-07,5,7006,0,2170,5,4835,0,1,3,1844,1,2580,3,4424,California
Glenn,2021-03-08,20,7026,2,2172,17,4852,1,2,18,1861,2,2582,19,4443,California
Glenn,2021-03-09,82,7108,12,2184,67,4919,3,5,54,1889,28,2610,56,4499,California
Glenn,2021-03-10,172,7280,69,2253,101,5020,2,7,95,1909,77,2687,97,4596,California
Glenn,2021-03-11,585,7865,168,2421,394,5414,23,30,455,2257,130,2817,478,5074,California
Glenn,2021-03-12,417,8282,13,2434,342,5756,62,92,41,1984,376,3193,103,5177,California
Glenn,2021-03-13,13,8295,1,2435,4,5760,8,100,1,1981,12,3205,9,5186,California
Glenn,2021-03-14,2,8297,1,2436,1,5761,0,100,0,1979,2,3207,0,5186,California
Glenn,2021-03-15,76,8373,15,2451,56,5817,5,105,61,2030,15,3222,66,5252,California
Glenn,2021-03-16,109,8482,34,2485,65,5882,10,115,69,2069,40,3262,79,5331,California
Glenn,2021-03-17,420,8902,99,2584,314,6196,7,122,116,1886,304,3566,121,5452,California
Glenn,2021-03-18,521,9423,216,2800,49,6245,256,378,143,1906,378,3944,398,5850,California
Glenn,2021-03-19,97,9520,16,2816,75,6320,6,384,76,1968,20,3964,82,5932,California
Glenn,2021-03-20,133,9653,2,2818,130,6450,1,385,130,2096,3,3967,131,6063,California
Glenn,2021-03-21,6,9659,5,2823,0,6450,1,386,3,2098,2,3969,4,6067,California
Glenn,2021-03-22,122,9781,54,2877,61,6511,7,393,103,2191,17,3986,110,6177,California
Glenn,2021-03-23,175,9956,66,2943,60,6571,49,442,104,2275,69,4055,153,6330,California
Glenn,2021-03-24,209,10165,102,3045,102,6673,5,447,135,2342,73,4128,140,6470,California
Glenn,2021-03-25,472,10637,230,3275,148,6821,94,541,345,2655,126,4254,439,6909,California
Glenn,2021-03-26,240,10877,36,3311,168,6989,36,577,190,2831,50,4304,226,7135,California
Glenn,2021-03-27,162,11039,18,3329,138,7127,6,583,153,2981,9,4313,159,7294,California
Glenn,2021-03-28,15,11054,10,3339,5,7132,0,583,10,2986,5,4318,10,7304,California
Glenn,2021-03-29,61,11115,20,3359,38,7170,3,586,47,3022,14,4332,50,7354,California
Glenn,2021-03-30,72,11187,41,3400,30,7200,1,587,42,3037,28,4360,43,7397,California
Glenn,2021-03-31,123,11310,35,3435,87,7287,1,588,54,3024,68,4428,55,7452,California
Glenn,2021-04-01,655,11965,187,3622,459,7746,9,597,244,2869,408,4836,253,7705,California
Glenn,2021-04-02,168,12133,26,3648,131,7877,11,608,133,2978,35,4871,144,7849,California
Glenn,2021-04-03,96,12229,4,3652,85,7962,7,615,85,3059,11,4882,92,7941,California
Glenn,2021-04-04,9,12238,3,3655,4,7966,2,617,5,3062,4,4886,7,7948,California
Glenn,2021-04-05,65,12303,25,3680,27,7993,13,630,28,3066,37,4923,41,7989,California
Glenn,2021-04-06,144,12447,52,3732,53,8046,39,669,36,3033,107,5030,74,8063,California
Glenn,2021-04-07,162,12609,48,3780,60,8106,54,723,75,3075,87,5117,129,8192,California
Glenn,2021-04-08,644,13253,190,3970,420,8526,34,757,138,2743,504,5621,172,8364,California
Glenn,2021-04-09,158,13411,56,4026,86,8612,16,773,101,2803,57,5678,117,8481,California
Glenn,2021-04-10,77,13488,1,4027,61,8673,15,788,59,2860,17,5695,74,8555,California
Glenn,2021-04-11,16,13504,8,4035,3,8676,5,793,7,2863,9,5704,12,8567,California
Glenn,2021-04-12,115,13619,25,4060,61,8737,29,822,20,2817,95,5799,49,8616,California
Glenn,2021-04-13,119,13738,63,4123,56,8793,0,822,30,2759,88,5887,30,8646,California
Glenn,2021-04-14,121,13859,45,4168,76,8869,0,822,68,2774,53,5940,68,8714,California
Glenn,2021-04-15,362,14221,276,4444,86,8955,0,822,122,2656,240,6180,122,8836,California
Glenn,2021-04-16,167,14388,41,4485,126,9081,0,822,77,2644,90,6270,78,8914,California
Glenn,2021-04-17,166,14554,16,4501,150,9231,0,822,27,2540,131,6401,27,8941,California
Glenn,2021-04-18,16,14570,3,4504,13,9244,0,822,13,2550,3,6404,13,8954,California
Glenn,2021-04-19,83,14653,17,4521,66,9310,0,822,22,2512,60,6464,22,8976,California
Glenn,2021-04-20,127,14780,82,4603,45,9355,0,822,54,2493,73,6537,54,9030,California
Glenn,2021-04-21,411,15191,310,4913,101,9456,0,822,280,2642,131,6668,280,9310,California
Glenn,2021-04-22,211,15402,48,4961,163,9619,0,822,33,2498,177,6845,33,9343,California
Glenn,2021-04-23,180,15582,24,4985,156,9775,0,822,41,2401,138,6983,41,9384,California
Glenn,2021-04-24,180,15762,32,5017,148,9923,0,822,31,2283,149,7132,31,9415,California
Glenn,2021-04-25,30,15792,18,5035,12,9935,0,822,22,2297,8,7140,22,9437,California
Glenn,2021-04-26,48,15840,12,5047,36,9971,0,822,19,2287,29,7169,19,9456,California
Glenn,2021-04-27,63,15903,48,5095,10,9981,5,827,32,2292,31,7200,36,9492,California
Glenn,2021-04-28,259,16162,179,5274,69,10050,11,838,129,2303,129,7329,140,9632,California
Glenn,2021-04-29,183,16345,23,5297,158,10208,2,840,36,2194,147,7476,38,9670,California
Glenn,2021-04-30,157,16502,35,5332,120,10328,2,842,38,2115,119,7595,40,9710,California
Glenn,2021-05-01,108,16610,13,5345,94,10422,1,843,25,2058,83,7678,26,9736,California
Glenn,2021-05-02,30,16640,12,5357,9,10431,9,852,15,2067,15,7693,24,9760,California
Glenn,2021-05-03,38,16678,24,5381,13,10444,1,853,14,2058,24,7717,15,9775,California
Glenn,2021-05-04,56,16734,32,5413,19,10463,5,858,28,2063,28,7745,33,9808,California
Glenn,2021-05-05,121,16855,34,5447,77,10540,10,868,51,2054,70,7815,61,9869,California
Glenn,2021-05-06,111,16966,41,5488,65,10605,5,873,41,2030,70,7885,46,9915,California
Glenn,2021-05-07,119,17085,32,5520,78,10683,9,882,30,1981,88,7973,39,9954,California
Glenn,2021-05-08,66,17151,12,5532,50,10733,4,886,21,1962,44,8017,25,9979,California
Glenn,2021-05-09,17,17168,11,5543,6,10739,0,886,13,1971,4,8021,13,9992,California
Glenn,2021-05-10,37,17205,15,5558,17,10756,5,891,14,1967,23,8044,19,10011,California
Glenn,2021-05-11,79,17284,56,5614,14,10770,9,900,16,1929,63,8107,25,10036,California
Glenn,2021-05-12,334,17618,252,5866,68,10838,14,914,53,1715,281,8388,67,10103,California
Glenn,2021-05-13,157,17775,59,5925,80,10918,18,932,68,1712,89,8477,86,10189,California
Glenn,2021-05-14,105,17880,25,5950,75,10993,5,937,41,1694,64,8541,46,10235,California
Glenn,2021-05-15,69,17949,40,5990,26,11019,3,940,36,1700,32,8573,38,10273,California
Glenn,2021-05-16,31,17980,18,6008,13,11032,0,940,9,1687,22,8595,9,10282,California
Glenn,2021-05-17,86,18066,61,6069,21,11053,4,944,60,1725,26,8621,64,10346,California
Glenn,2021-05-18,68,18134,49,6118,14,11067,5,949,22,1706,46,8667,27,10373,California
Glenn,2021-05-19,194,18328,114,6232,68,11135,12,961,72,1668,121,8788,83,10456,California
Glenn,2021-05-20,120,18448,77,6309,41,11176,2,963,85,1720,35,8823,87,10543,California
Glenn,2021-05-21,70,18518,26,6335,43,11219,1,964,30,1711,40,8863,31,10574,California
Glenn,2021-05-22,54,18572,23,6358,31,11250,0,964,27,1711,27,8890,27,10601,California
Glenn,2021-05-23,28,18600,15,6373,13,11263,0,964,12,1708,15,8905,12,10613,California
Glenn,2021-05-24,29,18629,10,6383,15,11278,4,968,10,1704,18,8923,14,10627,California
Glenn,2021-05-25,46,18675,35,6418,9,11287,2,970,23,1706,23,8946,25,10652,California
Glenn,2021-05-26,73,18748,14,6432,55,11342,4,974,25,1687,48,8994,29,10681,California
Glenn,2021-05-27,101,18849,62,6494,38,11380,1,975,47,1683,52,9046,48,10729,California
Glenn,2021-05-28,62,18911,18,6512,37,11417,7,982,32,1692,30,9076,39,10768,California
Glenn,2021-05-29,47,18958,11,6523,32,11449,4,986,21,1691,26,9102,25,10793,California
Glenn,2021-05-30,21,18979,13,6536,8,11457,0,986,8,1687,12,9114,8,10801,California
Glenn,2021-05-31,4,18983,0,6536,4,11461,0,986,0,1683,4,9118,0,10801,California
Glenn,2021-06-01,57,19040,32,6568,22,11483,3,989,25,1679,32,9150,28,10829,California
Glenn,2021-06-02,97,19137,48,6616,46,11529,3,992,38,1661,59,9209,41,10870,California
Glenn,2021-06-03,76,19213,42,6658,27,11556,7,999,18,1630,56,9265,25,10895,California
Glenn,2021-06-04,77,19290,36,6694,37,11593,4,1003,41,1639,36,9301,45,10940,California
Glenn,2021-06-05,55,19345,30,6724,22,11615,3,1006,17,1621,38,9339,20,10960,California
Glenn,2021-06-06,31,19376,28,6752,2,11617,1,1007,15,1622,15,9354,16,10976,California
Glenn,2021-06-07,68,19444,59,6811,7,11624,2,1009,13,1583,54,9408,15,10991,California
Glenn,2021-06-08,35,19479,19,6830,11,11635,5,1014,16,1585,19,9427,21,11012,California
Glenn,2021-06-09,60,19539,33,6863,20,11655,7,1021,30,1592,30,9457,37,11049,California
Glenn,2021-06-10,117,19656,86,6949,25,11680,6,1027,33,1547,84,9541,39,11088,California
Glenn,2021-06-11,87,19743,57,7006,27,11707,3,1030,23,1509,64,9605,26,11114,California
Glenn,2021-06-12,36,19779,18,7024,15,11722,3,1033,13,1502,23,9628,16,11130,California
Glenn,2021-06-13,11,19790,11,7035,0,11722,0,1033,5,1501,6,9634,5,11135,California
Glenn,2021-06-14,18,19808,8,7043,10,11732,0,1033,5,1494,12,9646,5,11140,California
Glenn,2021-06-15,16,19824,9,7052,7,11739,0,1033,8,1494,8,9654,8,11148,California
Humboldt,2020-12-15,2,2,2,2,0,0,0,0,2,2,0,0,2,2,California
Humboldt,2020-12-16,16,18,16,18,0,0,0,0,16,18,0,0,16,18,California
Humboldt,2020-12-17,117,135,117,135,0,0,0,0,117,135,0,0,117,135,California
Humboldt,2020-12-18,177,312,177,312,0,0,0,0,177,312,0,0,177,312,California
Humboldt,2020-12-19,10,322,10,322,0,0,0,0,10,322,0,0,10,322,California
Humboldt,2020-12-20,27,349,27,349,0,0,0,0,27,349,0,0,27,349,California
Humboldt,2020-12-21,166,515,166,515,0,0,0,0,166,515,0,0,166,515,California
Humboldt,2020-12-22,335,850,335,850,0,0,0,0,335,850,0,0,335,850,California
Humboldt,2020-12-23,322,1172,264,1114,58,58,0,0,324,1174,0,0,324,1174,California
Humboldt,2020-12-24,25,1197,2,1116,23,81,0,0,25,1199,0,0,25,1199,California
Humboldt,2020-12-25,2,1199,2,1118,0,81,0,0,2,1201,0,0,2,1201,California
Humboldt,2020-12-26,6,1205,5,1123,1,82,0,0,6,1207,0,0,6,1207,California
Humboldt,2020-12-28,206,1411,148,1271,58,140,0,0,206,1413,0,0,206,1413,California
Humboldt,2020-12-29,182,1593,123,1394,59,199,0,0,183,1596,0,0,183,1596,California
Humboldt,2020-12-30,231,1824,126,1520,105,304,0,0,231,1827,0,0,231,1827,California
Humboldt,2020-12-31,245,2069,80,1600,165,469,0,0,245,2072,0,0,245,2072,California
Humboldt,2021-01-01,3,2072,2,1602,1,470,0,0,3,2075,0,0,3,2075,California
Humboldt,2021-01-02,39,2111,1,1603,38,508,0,0,39,2114,0,0,39,2114,California
Humboldt,2021-01-04,219,2330,143,1746,76,584,0,0,220,2334,0,0,220,2334,California
Humboldt,2021-01-05,133,2463,21,1767,112,696,0,0,133,2466,1,1,133,2467,California
Humboldt,2021-01-06,315,2778,216,1983,99,795,0,0,242,2647,61,62,242,2709,California
Humboldt,2021-01-07,436,3214,323,2306,113,908,0,0,319,2866,100,162,319,3028,California
Humboldt,2021-01-08,426,3640,287,2593,139,1047,0,0,287,3020,133,295,287,3315,California
Humboldt,2021-01-09,67,3707,43,2636,24,1071,0,0,65,3084,2,297,66,3381,California
Humboldt,2021-01-10,84,3791,84,2720,0,1071,0,0,4,3008,80,377,4,3385,California
Humboldt,2021-01-11,291,4082,280,3000,11,1082,0,0,71,2863,216,593,71,3456,California
Humboldt,2021-01-12,502,4584,338,3338,164,1246,0,0,285,2953,195,788,285,3741,California
Humboldt,2021-01-13,498,5082,280,3618,218,1464,0,0,319,3097,176,964,320,4061,California
Humboldt,2021-01-14,549,5631,167,3785,382,1846,0,0,493,3535,56,1020,494,4555,California
Humboldt,2021-01-15,367,5998,28,3813,339,2185,0,0,350,3868,17,1037,350,4905,California
Humboldt,2021-01-16,169,6167,5,3818,164,2349,0,0,168,4035,1,1038,168,5073,California
Humboldt,2021-01-17,6,6173,4,3822,2,2351,0,0,6,4041,0,1038,6,5079,California
Humboldt,2021-01-18,304,6477,269,4091,35,2386,0,0,151,4039,153,1191,151,5230,California
Humboldt,2021-01-19,655,7132,396,4487,259,2645,0,0,526,4442,123,1314,526,5756,California
Humboldt,2021-01-20,917,8049,388,4875,529,3174,0,0,754,5043,155,1469,756,6512,California
Humboldt,2021-01-21,968,9017,261,5136,707,3881,0,0,925,5925,43,1512,925,7437,California
Humboldt,2021-01-22,687,9704,380,5516,307,4188,0,0,677,6593,10,1522,678,8115,California
Humboldt,2021-01-23,924,10628,283,5799,641,4829,0,0,915,7500,9,1531,916,9031,California
Humboldt,2021-01-24,229,10857,1,5800,228,5057,0,0,228,7727,1,1532,228,9259,California
Humboldt,2021-01-25,352,11209,235,6035,117,5174,0,0,154,7683,198,1730,154,9413,California
Humboldt,2021-01-26,544,11753,149,6184,395,5569,0,0,480,8099,64,1794,480,9893,California
Humboldt,2021-01-27,1274,13027,586,6770,688,6257,0,0,1202,9239,64,1858,1204,11097,California
Humboldt,2021-01-28,1463,14490,636,7406,827,7084,0,0,1323,10427,137,1995,1325,12422,California
Humboldt,2021-01-29,1163,15653,548,7954,615,7699,0,0,694,10654,469,2464,696,13118,California
Humboldt,2021-01-30,988,16641,468,8422,520,8219,0,0,975,11617,13,2477,976,14094,California
Humboldt,2021-01-31,316,16957,314,8736,2,8221,0,0,315,11931,1,2478,315,14409,California
Humboldt,2021-02-01,338,17295,195,8931,143,8364,0,0,189,11971,149,2627,189,14598,California
Humboldt,2021-02-02,451,17746,79,9010,372,8736,0,0,346,12217,102,2729,348,14946,California
Humboldt,2021-02-03,672,18418,266,9276,406,9142,0,0,519,12583,153,2882,519,15465,California
Humboldt,2021-02-04,653,19071,260,9536,393,9535,0,0,444,12821,206,3088,444,15909,California
Humboldt,2021-02-05,810,19881,93,9629,717,10252,0,0,623,13257,187,3275,623,16532,California
Humboldt,2021-02-06,1078,20959,466,10095,612,10864,0,0,1033,14247,44,3319,1034,17566,California
Humboldt,2021-02-07,379,21338,9,10104,370,11234,0,0,374,14618,4,3323,375,17941,California
Humboldt,2021-02-08,337,21675,146,10250,191,11425,0,0,179,14640,157,3480,179,18120,California
Humboldt,2021-02-09,502,22177,228,10478,274,11699,0,0,176,14490,326,3806,176,18296,California
Humboldt,2021-02-10,563,22740,372,10850,191,11890,0,0,233,14398,325,4131,233,18529,California
Humboldt,2021-02-11,1315,24055,396,11246,919,12809,0,0,492,14072,820,4951,494,19023,California
Humboldt,2021-02-12,1157,25212,739,11985,418,13227,0,0,709,14333,448,5399,709,19732,California
Humboldt,2021-02-13,1545,26757,597,12582,948,14175,0,0,922,14634,621,6020,922,20654,California
Humboldt,2021-02-14,110,26867,4,12586,106,14281,0,0,107,14739,2,6022,107,20761,California
Humboldt,2021-02-15,294,27161,81,12667,213,14494,0,0,193,14832,100,6122,193,20954,California
Humboldt,2021-02-16,544,27705,121,12788,423,14917,0,0,251,14791,293,6415,252,21206,California
Humboldt,2021-02-17,449,28154,277,13065,172,15089,0,0,131,14605,317,6732,131,21337,California
Humboldt,2021-02-18,1021,29175,599,13664,422,15511,0,0,273,14132,746,7478,273,21610,California
Humboldt,2021-02-19,481,29656,435,14099,46,15557,0,0,90,13834,388,7866,90,21700,California
Humboldt,2021-02-20,1722,31378,1025,15124,697,16254,0,0,484,13086,1235,9101,487,22187,California
Humboldt,2021-02-21,479,31857,471,15595,8,16262,0,0,181,12970,298,9399,182,22369,California
Humboldt,2021-02-22,138,31995,94,15689,44,16306,0,0,29,12892,107,9506,29,22398,California
Humboldt,2021-02-23,181,32176,71,15760,110,16416,0,0,44,12801,135,9641,44,22442,California
Humboldt,2021-02-24,1213,33389,741,16501,472,16888,0,0,586,12761,626,10267,586,23028,California
Humboldt,2021-02-25,834,34223,319,16820,515,17403,0,0,231,12391,601,10868,231,23259,California
Humboldt,2021-02-26,2152,36375,107,16927,2045,19448,0,0,446,11138,1700,12568,447,23706,California
Humboldt,2021-02-27,1710,38085,1090,18017,620,20068,0,0,854,11142,854,13422,858,24564,California
Humboldt,2021-02-28,123,38208,11,18028,112,20180,0,0,117,11253,6,13428,117,24681,California
Humboldt,2021-03-01,258,38466,46,18074,212,20392,0,0,184,11363,74,13502,184,24865,California
Humboldt,2021-03-02,299,38765,50,18124,249,20641,0,0,163,11390,136,13638,163,25028,California
Humboldt,2021-03-03,1670,40435,1104,19228,566,21207,0,0,1225,12177,439,14077,1226,26254,California
Humboldt,2021-03-04,923,41358,113,19341,810,22017,0,0,298,11852,625,14702,300,26554,California
Humboldt,2021-03-05,946,42304,188,19529,747,22764,11,11,387,11694,556,15258,398,26952,California
Humboldt,2021-03-06,1799,44103,941,20470,809,23573,49,60,802,11549,996,16254,851,27803,California
Humboldt,2021-03-07,364,44467,293,20763,53,23626,18,78,156,11515,208,16462,174,27977,California
Humboldt,2021-03-08,278,44745,6,20769,193,23819,79,157,182,11681,95,16557,261,28238,California
Humboldt,2021-03-09,500,45245,207,20976,145,23964,148,305,245,11820,253,16810,392,28630,California
Humboldt,2021-03-10,692,45937,468,21444,70,24034,154,459,420,12121,271,17081,572,29202,California
Humboldt,2021-03-11,1472,47409,458,21902,914,24948,100,559,646,12045,821,17902,745,29947,California
Humboldt,2021-03-12,1749,49158,1083,22985,444,25392,222,781,1053,12635,688,18590,1278,31225,California
Humboldt,2021-03-13,1587,50745,1037,24022,498,25890,52,833,671,12447,910,19500,722,31947,California
Humboldt,2021-03-14,142,50887,19,24041,115,26005,8,841,30,12373,112,19612,38,31985,California
Humboldt,2021-03-15,278,51165,51,24092,205,26210,22,863,59,12235,219,19831,81,32066,California
Humboldt,2021-03-16,636,51801,201,24293,174,26384,261,1124,260,12379,375,20206,519,32585,California
Humboldt,2021-03-17,730,52531,394,24687,228,26612,108,1232,340,12438,389,20595,448,33033,California
Humboldt,2021-03-18,1740,54271,1170,25857,527,27139,43,1275,1042,12829,694,21289,1085,34118,California
Humboldt,2021-03-19,1075,55346,61,25918,700,27839,314,1589,441,12952,631,21920,754,34872,California
Humboldt,2021-03-20,1383,56729,755,26673,614,28453,14,1603,424,12434,957,22877,439,35311,California
Humboldt,2021-03-21,250,56979,33,26706,188,28641,29,1632,205,12622,45,22922,233,35544,California
Humboldt,2021-03-22,118,57097,15,26721,53,28694,50,1682,62,12680,54,22976,112,35656,California
Humboldt,2021-03-23,414,57511,42,26763,329,29023,43,1725,320,12951,92,23068,363,36019,California
Humboldt,2021-03-24,1416,58927,388,27151,980,30003,48,1773,1037,13664,371,23439,1084,37103,California
Humboldt,2021-03-25,1841,60768,1215,28366,564,30567,62,1835,948,13783,891,24330,1010,38113,California
Humboldt,2021-03-26,2041,62809,438,28804,1545,32112,58,1893,1594,14993,441,24771,1651,39764,California
Humboldt,2021-03-27,2079,64888,1498,30302,409,32521,172,2065,1101,15292,974,25745,1273,41037,California
Humboldt,2021-03-28,267,65155,81,30383,114,32635,72,2137,83,15265,183,25928,156,41193,California
Humboldt,2021-03-29,466,65621,124,30507,246,32881,96,2233,197,15289,268,26196,292,41485,California
Humboldt,2021-03-30,944,66565,305,30812,525,33406,114,2347,559,15581,380,26576,672,42157,California
Humboldt,2021-03-31,1869,68434,521,31333,1250,34656,98,2445,1410,16636,455,27031,1510,43667,California
Humboldt,2021-04-01,2112,70546,702,32035,1317,35973,93,2538,1480,17585,624,27655,1573,45240,California
Humboldt,2021-04-02,1721,72267,1111,33146,505,36478,105,2643,617,17209,1098,28753,722,45962,California
Humboldt,2021-04-03,1666,73933,1507,34653,145,36623,14,2657,670,16907,986,29739,684,46646,California
Humboldt,2021-04-04,484,74417,371,35024,104,36727,9,2666,403,17238,81,29820,412,47058,California
Humboldt,2021-04-05,779,75196,463,35487,268,36995,48,2714,443,17395,334,30154,491,47549,California
Humboldt,2021-04-06,846,76042,319,35806,392,37387,135,2849,588,17864,252,30406,721,48270,California
Humboldt,2021-04-07,1499,77541,1068,36874,291,37678,140,2989,994,18496,502,30908,1134,49404,California
Humboldt,2021-04-08,1754,79295,1098,37972,497,38175,159,3148,742,18387,1010,31918,901,50305,California
Humboldt,2021-04-09,1441,80736,439,38411,847,39022,155,3303,1152,19399,288,32206,1300,51605,California
Humboldt,2021-04-10,937,81673,138,38549,625,39647,174,3477,738,20112,197,32403,910,52515,California
Humboldt,2021-04-11,646,82319,138,38687,36,39683,472,3949,128,20193,518,32921,599,53114,California
Humboldt,2021-04-12,439,82758,228,38915,85,39768,126,4075,279,20438,160,33081,405,53519,California
Humboldt,2021-04-13,591,83349,325,39240,262,40030,4,4079,557,20967,31,33112,560,54079,California
Humboldt,2021-04-14,1442,84791,1041,40281,401,40431,0,4079,1329,22184,112,33224,1329,55408,California
Humboldt,2021-04-15,1826,86617,1200,41481,622,41053,4,4083,1258,22894,550,33774,1260,56668,California
Humboldt,2021-04-16,1138,87755,522,42003,616,41669,0,4083,552,22863,583,34357,552,57220,California
Humboldt,2021-04-17,1850,89605,1528,43531,322,41991,0,4083,1052,23125,792,35149,1054,58274,California
Humboldt,2021-04-18,660,90265,348,43879,311,42302,1,4084,82,22635,572,35721,82,58356,California
Humboldt,2021-04-19,202,90467,85,43964,117,42419,0,4084,87,22609,113,35834,87,58443,California
Humboldt,2021-04-20,488,90955,128,44092,360,42779,0,4084,242,22606,245,36079,242,58685,California
Humboldt,2021-04-21,1094,92049,383,44475,711,43490,0,4084,433,22389,651,36730,434,59119,California
Humboldt,2021-04-22,880,92929,527,45002,352,43842,1,4085,445,22402,432,37162,445,59564,California
Humboldt,2021-04-23,2165,95094,305,45307,1860,45702,0,4085,314,20870,1846,39008,314,59878,California
Humboldt,2021-04-24,1088,96182,883,46190,200,45902,5,4090,361,20512,724,39732,366,60244,California
Humboldt,2021-04-25,376,96558,240,46430,136,46038,0,4090,193,20525,180,39912,193,60437,California
Humboldt,2021-04-26,354,96912,251,46681,99,46137,4,4094,99,20373,253,40165,101,60538,California
Humboldt,2021-04-27,761,97673,263,46944,469,46606,29,4123,154,19951,605,40770,183,60721,California
Humboldt,2021-04-28,1541,99214,793,47737,703,47309,45,4168,397,19252,1141,41911,442,61163,California
Humboldt,2021-04-29,1739,100953,591,48328,1110,48419,38,4206,291,18137,1444,43355,329,61492,California
Humboldt,2021-04-30,1248,102201,392,48720,822,49241,34,4240,191,17309,1051,44406,223,61715,California
Humboldt,2021-05-01,467,102668,385,49105,60,49301,22,4262,289,17443,177,44583,311,62026,California
Humboldt,2021-05-02,230,102898,184,49289,37,49338,9,4271,115,17453,114,44697,124,62150,California
Humboldt,2021-05-03,612,103510,375,49664,213,49551,24,4295,99,17066,511,45208,124,62274,California
Humboldt,2021-05-04,822,104332,483,50147,293,49844,46,4341,252,16796,567,45775,297,62571,California
Humboldt,2021-05-05,1685,106017,1076,51223,552,50396,57,4398,178,15529,1500,47275,233,62804,California
Humboldt,2021-05-06,1690,107707,1073,52296,364,50760,253,4651,138,14371,1549,48824,391,63195,California
Humboldt,2021-05-07,1417,109124,301,52597,1057,51817,59,4710,237,13488,1177,50001,294,63489,California
Humboldt,2021-05-08,740,109864,146,52743,571,52388,23,4733,91,12954,648,50649,114,63603,California
Humboldt,2021-05-09,909,110773,857,53600,42,52430,10,4743,48,12151,861,51510,58,63661,California
Humboldt,2021-05-10,216,110989,36,53636,142,52572,38,4781,82,12137,134,51644,120,63781,California
Humboldt,2021-05-11,500,111489,148,53784,279,52851,73,4854,188,12086,312,51956,261,64042,California
Humboldt,2021-05-12,619,112108,140,53924,433,53284,46,4900,229,11971,389,52345,274,64316,California
Humboldt,2021-05-13,585,112693,290,54214,268,53552,27,4927,272,11959,311,52656,299,64615,California
Humboldt,2021-05-14,702,113395,140,54354,458,54010,104,5031,231,11825,468,53124,334,64949,California
Humboldt,2021-05-15,780,114175,641,54995,131,54141,8,5039,208,11470,571,53695,216,65165,California
Humboldt,2021-05-16,123,114298,54,55049,65,54206,4,5043,70,11491,53,53748,74,65239,California
Humboldt,2021-05-17,402,114700,214,55263,166,54372,22,5065,223,11559,177,53925,245,65484,California
Humboldt,2021-05-18,663,115363,323,55586,311,54683,29,5094,369,11663,294,54219,398,65882,California
Humboldt,2021-05-19,989,116352,548,56134,398,55081,43,5137,357,11433,628,54847,398,66280,California
Humboldt,2021-05-20,812,117164,605,56739,195,55276,12,5149,592,11821,217,55064,605,66885,California
Humboldt,2021-05-21,875,118039,290,57029,524,55800,61,5210,372,11751,503,55567,433,67318,California
Humboldt,2021-05-22,411,118450,318,57347,85,55885,8,5218,145,11640,264,55831,153,67471,California
Humboldt,2021-05-23,387,118837,320,57667,64,55949,3,5221,71,11398,316,56147,74,67545,California
Humboldt,2021-05-24,325,119162,172,57839,124,56073,29,5250,187,11477,137,56284,216,67761,California
Humboldt,2021-05-25,529,119691,337,58176,168,56241,24,5274,289,11553,237,56521,313,68074,California
Humboldt,2021-05-26,646,120337,310,58486,312,56553,24,5298,312,11556,333,56854,336,68410,California
Humboldt,2021-05-27,461,120798,244,58730,180,56733,37,5335,279,11690,182,57036,316,68726,California
Humboldt,2021-05-28,410,121208,194,58924,169,56902,47,5382,181,11690,228,57264,228,68954,California
Humboldt,2021-05-29,170,121378,101,59025,66,56968,3,5385,97,11717,73,57337,100,69054,California
Humboldt,2021-05-30,104,121482,45,59070,54,57022,5,5390,49,11717,54,57391,54,69108,California
Humboldt,2021-05-31,96,121578,50,59120,40,57062,6,5396,72,11771,23,57414,77,69185,California
Humboldt,2021-06-01,458,122036,269,59389,174,57236,15,5411,204,11737,253,57667,219,69404,California
Humboldt,2021-06-02,530,122566,249,59638,228,57464,53,5464,243,11750,281,57948,294,69698,California
Humboldt,2021-06-03,390,122956,226,59864,142,57606,22,5486,88,11586,274,58222,110,69808,California
Humboldt,2021-06-04,505,123461,315,60179,167,57773,23,5509,134,11415,327,58549,156,69964,California
Humboldt,2021-06-05,407,123868,312,60491,50,57823,45,5554,205,11518,147,58696,250,70214,California
Humboldt,2021-06-06,168,124036,116,60607,43,57866,9,5563,70,11504,93,58789,79,70293,California
Humboldt,2021-06-07,352,124388,216,60823,112,57978,24,5587,114,11405,237,59026,138,70431,California
Humboldt,2021-06-08,525,124913,303,61126,192,58170,30,5617,157,11225,367,59393,187,70618,California
Humboldt,2021-06-09,395,125308,204,61330,145,58315,46,5663,124,11126,269,59662,170,70788,California
Humboldt,2021-06-10,560,125868,446,61776,86,58401,28,5691,96,10790,460,60122,124,70912,California
Humboldt,2021-06-11,437,126305,250,62026,160,58561,27,5718,103,10587,333,60455,130,71042,California
Humboldt,2021-06-12,176,126481,131,62157,45,58606,0,5718,48,10508,127,60582,48,71090,California
Humboldt,2021-06-13,202,126683,134,62291,42,58648,26,5744,80,10493,121,60703,106,71196,California
Humboldt,2021-06-14,263,126946,125,62416,108,58756,30,5774,60,10380,202,60905,89,71285,California
Humboldt,2021-06-15,341,127287,227,62643,93,58849,21,5795,72,10204,268,61173,92,71377,California
Imperial,2020-12-16,1,1,1,1,0,0,0,0,1,1,0,0,1,1,California
Imperial,2020-12-17,4,5,4,5,0,0,0,0,4,5,0,0,4,5,California
Imperial,2020-12-18,12,17,12,17,0,0,0,0,12,17,0,0,12,17,California
Imperial,2020-12-20,3,20,3,20,0,0,0,0,3,20,0,0,3,20,California
Imperial,2020-12-21,186,206,186,206,0,0,0,0,186,206,0,0,186,206,California
Imperial,2020-12-22,241,447,239,445,2,2,0,0,241,447,0,0,241,447,California
Imperial,2020-12-23,211,658,210,655,1,3,0,0,210,657,0,0,210,657,California
Imperial,2020-12-24,5,663,5,660,0,3,0,0,5,662,0,0,5,662,California
Imperial,2020-12-26,2,665,1,661,1,4,0,0,2,664,0,0,2,664,California
Imperial,2020-12-27,62,727,0,661,62,66,0,0,62,726,0,0,62,726,California
Imperial,2020-12-28,214,941,114,775,100,166,0,0,214,940,0,0,214,940,California
Imperial,2020-12-29,189,1130,36,811,153,319,0,0,189,1129,0,0,189,1129,California
Imperial,2020-12-30,367,1497,50,861,317,636,0,0,367,1496,0,0,367,1496,California
Imperial,2020-12-31,198,1695,27,888,171,807,0,0,198,1694,0,0,198,1694,California
Imperial,2021-01-01,47,1742,5,893,42,849,0,0,47,1741,0,0,47,1741,California
Imperial,2021-01-02,4,1746,0,893,4,853,0,0,4,1745,0,0,4,1745,California
Imperial,2021-01-03,90,1836,0,893,90,943,0,0,90,1835,0,0,90,1835,California
Imperial,2021-01-04,87,1923,7,900,80,1023,0,0,87,1922,0,0,87,1922,California
Imperial,2021-01-05,172,2095,14,914,158,1181,0,0,172,2094,0,0,172,2094,California
Imperial,2021-01-06,190,2285,26,940,164,1345,0,0,189,2282,1,1,189,2283,California
Imperial,2021-01-07,324,2609,12,952,312,1657,0,0,321,2600,3,4,321,2604,California
Imperial,2021-01-08,194,2803,53,1005,141,1798,0,0,184,2774,10,14,184,2788,California
Imperial,2021-01-09,24,2827,21,1026,3,1801,0,0,24,2798,0,14,24,2812,California
Imperial,2021-01-10,5,2832,1,1027,4,1805,0,0,4,2801,1,15,4,2816,California
Imperial,2021-01-11,403,3235,244,1271,159,1964,0,0,175,2748,228,243,175,2991,California
Imperial,2021-01-12,409,3644,305,1576,104,2068,0,0,147,2634,261,504,147,3138,California
Imperial,2021-01-13,379,4023,133,1709,246,2314,0,0,279,2813,100,604,279,3417,California
Imperial,2021-01-14,259,4282,149,1858,110,2424,0,0,253,3061,5,609,253,3670,California
Imperial,2021-01-15,239,4521,181,2039,58,2482,0,0,232,3286,7,616,232,3902,California
Imperial,2021-01-16,80,4601,74,2113,6,2488,0,0,79,3364,1,617,79,3981,California
Imperial,2021-01-17,10,4611,2,2115,8,2496,0,0,10,3374,0,617,10,3991,California
Imperial,2021-01-18,1064,5675,399,2514,665,3161,0,0,966,4243,98,715,967,4958,California
Imperial,2021-01-19,169,5844,132,2646,37,3198,0,0,122,4318,47,762,122,5080,California
Imperial,2021-01-20,296,6140,198,2844,98,3296,0,0,258,4538,38,800,258,5338,California
Imperial,2021-01-21,437,6577,202,3046,235,3531,0,0,414,4930,23,823,415,5753,California
Imperial,2021-01-22,466,7043,192,3238,274,3805,0,0,457,5378,9,832,457,6210,California
Imperial,2021-01-23,1046,8089,294,3532,752,4557,0,0,1045,6422,1,833,1045,7255,California
Imperial,2021-01-24,11,8100,5,3537,6,4563,0,0,10,6431,1,834,10,7265,California
Imperial,2021-01-25,215,8315,5,3542,210,4773,0,0,34,6286,179,1013,34,7299,California
Imperial,2021-01-26,376,8691,190,3732,186,4959,0,0,232,6375,143,1156,232,7531,California
Imperial,2021-01-27,584,9275,169,3901,415,5374,0,0,249,6289,335,1491,249,7780,California
Imperial,2021-01-28,646,9921,165,4066,481,5855,0,0,536,6715,110,1601,536,8316,California
Imperial,2021-01-29,434,10355,301,4367,133,5988,0,0,384,7049,50,1651,384,8700,California
Imperial,2021-01-30,61,10416,34,4401,27,6015,0,0,44,7076,17,1668,44,8744,California
Imperial,2021-01-31,21,10437,11,4412,10,6025,0,0,20,7095,1,1669,20,8764,California
Imperial,2021-02-01,429,10866,58,4470,371,6396,0,0,218,7104,209,1878,218,8982,California
Imperial,2021-02-02,692,11558,62,4532,630,7026,0,0,508,7428,184,2062,508,9490,California
Imperial,2021-02-03,464,12022,52,4584,412,7438,0,0,268,7501,195,2257,268,9758,California
Imperial,2021-02-04,1733,13755,1212,5796,521,7959,0,0,1421,8611,311,2568,1421,11179,California
Imperial,2021-02-05,402,14157,242,6038,160,8119,0,0,169,8546,234,2802,169,11348,California
Imperial,2021-02-06,860,15017,837,6875,23,8142,0,0,825,9334,37,2839,825,12173,California
Imperial,2021-02-07,22,15039,9,6884,13,8155,0,0,21,9354,1,2840,21,12194,California
Imperial,2021-02-08,265,15304,57,6941,208,8363,0,0,196,9481,69,2909,196,12390,California
Imperial,2021-02-09,496,15800,170,7111,326,8689,0,0,333,9651,163,3072,333,12723,California
Imperial,2021-02-10,469,16269,63,7174,406,9095,0,0,106,9395,363,3435,107,12830,California
Imperial,2021-02-11,1049,17318,374,7548,675,9770,0,0,155,8661,889,4324,155,12985,California
Imperial,2021-02-12,2173,19491,1442,8990,731,10501,0,0,1818,10122,358,4682,1819,14804,California
Imperial,2021-02-13,49,19540,18,9008,31,10532,0,0,44,10159,8,4690,45,14849,California
Imperial,2021-02-14,24,19564,12,9020,12,10544,0,0,21,10177,3,4693,21,14870,California
Imperial,2021-02-15,115,19679,26,9046,89,10633,0,0,91,10244,24,4717,91,14961,California
Imperial,2021-02-16,530,20209,276,9322,254,10887,0,0,310,10334,220,4937,310,15271,California
Imperial,2021-02-17,446,20655,289,9611,157,11044,0,0,88,10064,358,5295,88,15359,California
Imperial,2021-02-18,658,21313,319,9930,339,11383,0,0,148,9703,509,5804,148,15507,California
Imperial,2021-02-19,778,22091,386,10316,392,11775,0,0,196,9318,581,6385,196,15703,California
Imperial,2021-02-20,1048,23139,196,10512,852,12627,0,0,330,8934,716,7101,332,16035,California
Imperial,2021-02-21,592,23731,558,11070,34,12661,0,0,580,9503,11,7112,580,16615,California
Imperial,2021-02-22,817,24548,576,11646,241,12902,0,0,767,10220,50,7162,767,17382,California
Imperial,2021-02-23,980,25528,409,12055,571,13473,0,0,923,11087,57,7219,924,18306,California
Imperial,2021-02-24,743,26271,305,12360,438,13911,0,0,640,11625,102,7321,640,18946,California
Imperial,2021-02-25,884,27155,346,12706,538,14449,0,0,509,11766,374,7695,515,19461,California
Imperial,2021-02-26,2300,29455,1357,14063,943,15392,0,0,1815,13098,484,8179,1816,21277,California
Imperial,2021-02-27,870,30325,812,14875,58,15450,0,0,136,12498,736,8915,136,21413,California
Imperial,2021-02-28,35,30360,22,14897,13,15463,0,0,25,12513,10,8925,25,21438,California
Imperial,2021-03-01,531,30891,307,15204,221,15684,3,3,457,12904,70,8995,461,21899,California
Imperial,2021-03-02,693,31584,253,15457,439,16123,1,4,395,13006,296,9291,398,22297,California
Imperial,2021-03-03,936,32520,57,15514,878,17001,1,5,565,13215,368,9659,577,22874,California
Imperial,2021-03-04,778,33298,90,15604,687,17688,1,6,509,13487,267,9926,539,23413,California
Imperial,2021-03-05,3112,36410,2222,17826,890,18578,0,6,1747,13868,1368,11294,1749,25162,California
Imperial,2021-03-06,704,37114,240,18066,464,19042,0,6,659,14489,42,11336,663,25825,California
Imperial,2021-03-07,85,37199,42,18108,43,19085,0,6,60,14526,24,11360,61,25886,California
Imperial,2021-03-08,431,37630,345,18453,51,19136,35,41,368,14866,63,11423,403,26289,California
Imperial,2021-03-09,711,38341,335,18788,129,19265,247,288,411,15222,301,11724,657,26946,California
Imperial,2021-03-10,707,39048,329,19117,273,19538,105,393,331,15283,375,12099,436,27382,California
Imperial,2021-03-11,1807,40855,488,19605,1128,20666,191,584,1200,16081,603,12702,1401,28783,California
Imperial,2021-03-12,4839,45694,3477,23082,1167,21833,195,779,3106,17655,1727,14429,3301,32084,California
Imperial,2021-03-13,1160,46854,95,23177,840,22673,225,1004,863,18453,294,14723,1092,33176,California
Imperial,2021-03-14,179,47033,37,23214,127,22800,15,1019,141,18572,38,14761,157,33333,California
Imperial,2021-03-15,706,47739,237,23451,205,23005,264,1283,399,18930,305,15066,663,33996,California
Imperial,2021-03-16,1134,48873,287,23738,377,23382,470,1753,567,19401,565,15631,1036,35032,California
Imperial,2021-03-17,1623,50496,708,24446,778,24160,137,1890,1026,19976,589,16220,1164,36196,California
Imperial,2021-03-18,1839,52335,1218,25664,561,24721,60,1950,1300,20803,535,16755,1362,37558,California
Imperial,2021-03-19,3800,56135,2780,28444,1016,25737,4,1954,1921,20858,1871,18626,1926,39484,California
Imperial,2021-03-20,1773,57908,552,28996,1215,26952,6,1960,1322,21747,445,19071,1334,40818,California
Imperial,2021-03-21,218,58126,35,29031,179,27131,4,1964,160,21857,58,19129,168,40986,California
Imperial,2021-03-22,1075,59201,355,29386,711,27842,9,1973,635,22065,438,19567,646,41632,California
Imperial,2021-03-23,1470,60671,453,29839,1011,28853,6,1979,947,22500,519,20086,954,42586,California
Imperial,2021-03-24,2173,62844,578,30417,1169,30022,426,2405,1175,23105,995,21081,1600,44186,California
Imperial,2021-03-25,3229,66073,704,31121,901,30923,1624,4029,1215,23926,2008,23089,2829,47015,California
Imperial,2021-03-26,3230,69303,1185,32306,1053,31976,992,5021,928,23555,2290,25379,1919,48934,California
Imperial,2021-03-27,621,69924,288,32594,281,32257,52,5073,449,23887,169,25548,501,49435,California
Imperial,2021-03-28,219,70143,56,32650,161,32418,2,5075,177,24025,41,25589,179,49614,California
Imperial,2021-03-29,1491,71634,366,33016,401,32819,724,5799,338,23934,1150,26739,1059,50673,California
Imperial,2021-03-30,2121,73755,699,33715,607,33426,815,6614,700,24028,1419,28158,1513,52186,California
Imperial,2021-03-31,1558,75313,739,34454,813,34239,6,6620,1033,24544,522,28680,1038,53224,California
Imperial,2021-04-01,2084,77397,437,34891,1403,35642,244,6864,886,24481,1192,29872,1129,54353,California
Imperial,2021-04-02,1967,79364,489,35380,1403,37045,75,6939,1336,25265,625,30497,1409,55762,California
Imperial,2021-04-03,1529,80893,439,35819,1011,38056,79,7018,711,25240,815,31312,790,56552,California
Imperial,2021-04-04,91,80984,47,35866,27,38083,17,7035,25,25216,66,31378,42,56594,California
Imperial,2021-04-05,3416,84400,2326,38192,925,39008,165,7200,808,23591,2598,33976,973,57567,California
Imperial,2021-04-06,1335,85735,546,38738,596,39604,193,7393,698,23851,632,34608,892,58459,California
Imperial,2021-04-07,2175,87910,562,39300,1236,40840,377,7770,1566,25178,614,35222,1941,60400,California
Imperial,2021-04-08,2226,90136,1091,40391,838,41678,297,8067,1079,25409,1143,36365,1374,61774,California
Imperial,2021-04-09,3233,93369,1665,42056,949,42627,619,8686,1523,25847,1702,38067,2140,63914,California
Imperial,2021-04-10,1309,94678,205,42261,831,43458,273,8959,244,25297,1062,39129,512,64426,California
Imperial,2021-04-11,222,94900,32,42293,158,43616,32,8991,77,25261,145,39274,109,64535,California
Imperial,2021-04-12,1468,96368,789,43082,457,44073,222,9213,836,25693,626,39900,1058,65593,California
Imperial,2021-04-13,2958,99326,1917,44999,1039,45112,2,9215,2055,26852,899,40799,2058,67651,California
Imperial,2021-04-14,2070,101396,972,45971,1098,46210,0,9215,1404,27597,660,41459,1405,69056,California
Imperial,2021-04-15,2002,103398,916,46887,1086,47296,0,9215,1366,28334,631,42090,1368,70424,California
Imperial,2021-04-16,3463,106861,1808,48695,1655,48951,0,9215,2167,29220,1283,43373,2169,72593,California
Imperial,2021-04-17,1826,108687,937,49632,887,49838,2,9217,1422,30246,399,43772,1425,74018,California
Imperial,2021-04-18,259,108946,75,49707,184,50022,0,9217,91,30171,166,43938,91,74109,California
Imperial,2021-04-19,868,109814,280,49987,588,50610,0,9217,480,30272,385,44323,486,74595,California
Imperial,2021-04-20,1340,111154,541,50528,799,51409,0,9217,750,30435,588,44911,751,75346,California
Imperial,2021-04-21,1395,112549,348,50876,1046,52455,1,9218,807,30661,581,45492,807,76153,California
Imperial,2021-04-22,2362,114911,824,51700,1538,53993,0,9218,1626,31569,720,46212,1628,77781,California
Imperial,2021-04-23,2839,117750,539,52239,2300,56293,0,9218,1097,30959,1711,47923,1101,78882,California
Imperial,2021-04-24,562,118312,335,52574,227,56520,0,9218,206,30812,353,48276,206,79088,California
Imperial,2021-04-25,274,118586,103,52677,171,56691,0,9218,139,30818,133,48409,139,79227,California
Imperial,2021-04-26,1251,119837,498,53175,749,57440,4,9222,716,31008,529,48938,719,79946,California
Imperial,2021-04-27,1150,120987,381,53556,759,58199,10,9232,567,31008,577,49515,577,80523,California
Imperial,2021-04-28,1500,122487,653,54209,818,59017,29,9261,679,30901,815,50330,708,81231,California
Imperial,2021-04-29,1851,124338,868,55077,935,59952,48,9309,819,30747,1022,51352,868,82099,California
Imperial,2021-04-30,3275,127613,1683,56760,1558,61510,34,9343,1583,30684,1681,53033,1618,83717,California
Imperial,2021-05-01,342,127955,144,56904,195,61705,3,9346,164,30675,177,53210,168,83885,California
Imperial,2021-05-02,85,128040,26,56930,57,61762,2,9348,51,30695,34,53244,54,83939,California
Imperial,2021-05-03,1654,129694,556,57486,1050,62812,48,9396,378,29856,1264,54508,425,84364,California
Imperial,2021-05-04,1766,131460,973,58459,766,63578,27,9423,542,29209,1216,55724,569,84933,California
Imperial,2021-05-05,1513,132973,900,59359,592,64170,21,9444,448,28626,1053,56777,470,85403,California
Imperial,2021-05-06,1699,134672,1116,60475,541,64711,42,9486,549,28073,1144,57921,591,85994,California
Imperial,2021-05-07,2599,137271,1456,61931,1098,65809,45,9531,857,27257,1721,59642,905,86899,California
Imperial,2021-05-08,692,137963,555,62486,129,65938,8,9539,179,26934,510,60152,187,87086,California
Imperial,2021-05-09,98,138061,65,62551,32,65970,1,9540,31,26902,64,60216,32,87118,California
Imperial,2021-05-10,1168,139229,303,62854,742,66712,123,9663,342,26547,819,61035,464,87582,California
Imperial,2021-05-11,1479,140708,476,63330,984,67696,19,9682,496,26091,975,62010,519,88101,California
Imperial,2021-05-12,864,141572,273,63603,553,68249,38,9720,306,25881,553,62563,343,88444,California
Imperial,2021-05-13,1871,143443,1251,64854,548,68797,72,9792,821,25732,1041,63604,892,89336,California
Imperial,2021-05-14,1767,145210,974,65828,733,69530,60,9852,1159,26355,596,64200,1219,90555,California
Imperial,2021-05-15,1239,146449,481,66309,737,70267,21,9873,470,26084,762,64962,491,91046,California
Imperial,2021-05-16,124,146573,84,66393,37,70304,3,9876,51,26066,72,65034,54,91100,California
Imperial,2021-05-17,1980,148553,724,67117,1208,71512,48,9924,688,25517,1286,66320,737,91837,California
Imperial,2021-05-18,1691,150244,894,68011,725,72237,72,9996,923,25750,762,67082,995,92832,California
Imperial,2021-05-19,1287,151531,605,68616,613,72850,69,10065,611,25760,669,67751,679,93511,California
Imperial,2021-05-20,1606,153137,1015,69631,524,73374,67,10132,727,25688,867,68618,795,94306,California
Imperial,2021-05-21,1919,155056,1230,70861,625,73999,64,10196,964,25772,945,69563,1029,95335,California
Imperial,2021-05-22,289,155345,184,71045,89,74088,16,10212,151,25806,133,69696,167,95502,California
Imperial,2021-05-23,92,155437,32,71077,51,74139,9,10221,33,25791,57,69753,42,95544,California
Imperial,2021-05-24,1252,156689,614,71691,580,74719,58,10279,520,25642,725,70478,576,96120,California
Imperial,2021-05-25,1439,158128,475,72166,931,75650,33,10312,517,25280,913,71391,551,96671,California
Imperial,2021-05-26,1040,159168,542,72708,450,76100,48,10360,456,25203,581,71972,504,97175,California
Imperial,2021-05-27,1319,160487,726,73434,523,76623,70,10430,644,25248,669,72641,714,97889,California
Imperial,2021-05-28,1019,161506,584,74018,363,76986,72,10502,377,25064,633,73274,449,98338,California
Imperial,2021-05-29,225,161731,126,74144,93,77079,6,10508,115,25075,110,73384,121,98459,California
Imperial,2021-05-30,94,161825,27,74171,65,77144,2,10510,63,25109,31,73415,65,98524,California
Imperial,2021-05-31,77,161902,19,74190,52,77196,6,10516,34,25106,43,73458,40,98564,California
Imperial,2021-06-01,1188,163090,550,74740,573,77769,65,10581,472,24936,708,74166,538,99102,California
Imperial,2021-06-02,1091,164181,599,75339,401,78170,91,10672,560,25058,527,74693,649,99751,California
Imperial,2021-06-03,1247,165428,734,76073,420,78590,93,10765,595,25101,645,75338,688,100439,California
Imperial,2021-06-04,2212,167640,1586,77659,522,79112,104,10869,979,24961,1223,76561,1083,101522,California
Imperial,2021-06-05,363,168003,229,77888,119,79231,15,10884,176,24969,183,76744,191,101713,California
Imperial,2021-06-06,82,168085,46,77934,24,79255,12,10896,44,24987,38,76782,56,101769,California
Imperial,2021-06-07,999,169084,651,78585,283,79538,65,10961,491,25038,505,77287,556,102325,California
Imperial,2021-06-08,1343,170427,1019,79604,267,79805,57,11018,544,24844,795,78082,601,102926,California
Imperial,2021-06-09,1057,171484,768,80372,231,80036,58,11076,488,24831,562,78644,549,103475,California
Imperial,2021-06-10,1132,172616,777,81149,311,80347,44,11120,445,24635,684,79328,488,103963,California
Imperial,2021-06-11,1566,174182,1132,82281,391,80738,43,11163,677,24477,878,80206,720,104683,California
Imperial,2021-06-12,238,174420,121,82402,105,80843,12,11175,98,24450,136,80342,109,104792,California
Imperial,2021-06-13,82,174502,21,82423,59,80902,2,11177,56,24482,26,80368,58,104850,California
Imperial,2021-06-14,790,175292,572,82995,176,81078,42,11219,329,24395,458,80826,371,105221,California
Imperial,2021-06-15,633,175925,503,83498,110,81188,20,11239,261,24306,370,81196,281,105502,California
Inyo,2020-12-19,85,85,85,85,0,0,0,0,85,85,0,0,85,85,California
Inyo,2020-12-20,59,144,59,144,0,0,0,0,59,144,0,0,59,144,California
Inyo,2020-12-21,88,232,85,229,3,3,0,0,88,232,0,0,88,232,California
Inyo,2020-12-22,102,334,102,331,0,3,0,0,102,334,0,0,102,334,California
Inyo,2020-12-23,68,402,65,396,3,6,0,0,68,402,0,0,68,402,California
Inyo,2020-12-24,16,418,16,412,0,6,0,0,16,418,0,0,16,418,California
Inyo,2020-12-25,1,419,0,412,1,7,0,0,1,419,0,0,1,419,California
Inyo,2020-12-26,74,493,74,486,0,7,0,0,74,493,0,0,74,493,California
Inyo,2020-12-28,48,541,36,522,12,19,0,0,48,541,0,0,48,541,California
Inyo,2020-12-29,19,560,19,541,0,19,0,0,19,560,0,0,19,560,California
Inyo,2020-12-30,56,616,54,595,2,21,0,0,56,616,0,0,56,616,California
Inyo,2020-12-31,29,645,0,595,29,50,0,0,29,645,0,0,29,645,California
Inyo,2021-01-01,1,646,0,595,1,51,0,0,1,646,0,0,1,646,California
Inyo,2021-01-03,1,647,0,595,1,52,0,0,1,647,0,0,1,647,California
Inyo,2021-01-04,2,649,1,596,1,53,0,0,2,649,0,0,2,649,California
Inyo,2021-01-05,34,683,0,596,34,87,0,0,34,683,0,0,34,683,California
Inyo,2021-01-06,61,744,0,596,61,148,0,0,61,744,0,0,61,744,California
Inyo,2021-01-07,31,775,1,597,30,178,0,0,31,775,0,0,31,775,California
Inyo,2021-01-08,9,784,8,605,1,179,0,0,4,775,5,5,5,780,California
Inyo,2021-01-09,86,870,86,691,0,179,0,0,0,689,86,91,0,780,California
Inyo,2021-01-10,53,923,53,744,0,179,0,0,0,636,53,144,0,780,California
Inyo,2021-01-11,97,1020,82,826,15,194,0,0,16,571,81,225,16,796,California
Inyo,2021-01-12,135,1155,114,940,21,215,0,0,27,490,108,333,27,823,California
Inyo,2021-01-13,85,1240,67,1007,18,233,0,0,21,448,64,397,22,845,California
Inyo,2021-01-14,58,1298,13,1020,45,278,0,0,48,486,10,407,48,893,California
Inyo,2021-01-15,156,1454,28,1048,128,406,0,0,156,642,0,407,156,1049,California
Inyo,2021-01-16,73,1527,73,1121,0,406,0,0,0,569,73,480,0,1049,California
Inyo,2021-01-18,58,1585,36,1157,22,428,0,0,19,549,39,519,19,1068,California
Inyo,2021-01-19,112,1697,71,1228,41,469,0,0,95,627,17,536,95,1163,California
Inyo,2021-01-20,147,1844,70,1298,77,546,0,0,92,665,55,591,93,1256,California
Inyo,2021-01-21,117,1961,57,1355,60,606,0,0,116,780,1,592,116,1372,California
Inyo,2021-01-22,62,2023,0,1355,62,668,0,0,61,840,1,593,61,1433,California
Inyo,2021-01-23,46,2069,45,1400,1,669,0,0,46,886,0,593,46,1479,California
Inyo,2021-01-25,47,2116,4,1404,43,712,0,0,35,909,12,605,35,1514,California
Inyo,2021-01-26,130,2246,49,1453,81,793,0,0,124,1027,6,611,124,1638,California
Inyo,2021-01-27,24,2270,2,1455,22,815,0,0,23,1049,1,612,23,1661,California
Inyo,2021-01-28,91,2361,2,1457,89,904,0,0,62,1082,29,641,62,1723,California
Inyo,2021-01-29,25,2386,3,1460,22,926,0,0,23,1103,2,643,23,1746,California
Inyo,2021-01-30,10,2396,0,1460,10,936,0,0,10,1113,0,643,10,1756,California
Inyo,2021-01-31,25,2421,3,1463,22,958,0,0,4,1095,22,665,4,1760,California
Inyo,2021-02-01,10,2431,9,1472,1,959,0,0,0,1085,10,675,0,1760,California
Inyo,2021-02-02,130,2561,14,1486,116,1075,0,0,104,1163,26,701,104,1864,California
Inyo,2021-02-03,114,2675,0,1486,114,1189,0,0,73,1195,41,742,73,1937,California
Inyo,2021-02-04,148,2823,32,1518,116,1305,0,0,89,1225,59,801,89,2026,California
Inyo,2021-02-05,109,2932,53,1571,56,1361,0,0,107,1330,2,803,107,2133,California
Inyo,2021-02-06,3,2935,2,1573,1,1362,0,0,3,1333,0,803,3,2136,California
Inyo,2021-02-07,4,2939,2,1575,2,1364,0,0,4,1337,0,803,4,2140,California
Inyo,2021-02-08,115,3054,6,1581,109,1473,0,0,96,1414,19,822,96,2236,California
Inyo,2021-02-09,194,3248,52,1633,142,1615,0,0,124,1468,70,892,124,2360,California
Inyo,2021-02-10,142,3390,16,1649,126,1741,0,0,109,1544,33,925,109,2469,California
Inyo,2021-02-11,220,3610,56,1705,164,1905,0,0,126,1576,94,1019,126,2595,California
Inyo,2021-02-12,291,3901,50,1755,241,2146,0,0,166,1617,125,1144,166,2761,California
Inyo,2021-02-13,50,3951,46,1801,4,2150,0,0,6,1579,44,1188,6,2767,California
Inyo,2021-02-14,1,3952,0,1801,1,2151,0,0,1,1580,0,1188,1,2768,California
Inyo,2021-02-15,26,3978,7,1808,19,2170,0,0,5,1564,21,1209,5,2773,California
Inyo,2021-02-16,173,4151,45,1853,128,2298,0,0,91,1574,81,1290,91,2864,California
Inyo,2021-02-17,38,4189,4,1857,34,2332,0,0,8,1552,30,1320,8,2872,California
Inyo,2021-02-18,119,4308,6,1863,113,2445,0,0,79,1591,40,1360,79,2951,California
Inyo,2021-02-19,52,4360,5,1868,47,2492,0,0,9,1557,43,1403,9,2960,California
Inyo,2021-02-20,505,4865,500,2368,5,2497,0,0,503,2058,2,1405,503,3463,California
Inyo,2021-02-21,439,5304,439,2807,0,2497,0,0,439,2497,0,1405,439,3902,California
Inyo,2021-02-22,60,5364,18,2825,42,2539,0,0,26,2489,34,1439,26,3928,California
Inyo,2021-02-23,193,5557,17,2842,176,2715,0,0,90,2477,102,1541,90,4018,California
Inyo,2021-02-24,117,5674,0,2842,117,2832,0,0,57,2474,60,1601,57,4075,California
Inyo,2021-02-25,129,5803,3,2845,126,2958,0,0,61,2467,68,1669,61,4136,California
Inyo,2021-02-26,96,5899,52,2897,44,3002,0,0,20,2411,76,1745,20,4156,California
Inyo,2021-02-27,14,5913,3,2900,11,3013,0,0,2,2401,12,1757,2,4158,California
Inyo,2021-02-28,3,5916,1,2901,2,3015,0,0,2,2402,1,1758,2,4160,California
Inyo,2021-03-01,19,5935,2,2903,17,3032,0,0,17,2417,2,1760,17,4177,California
Inyo,2021-03-02,193,6128,0,2903,193,3225,0,0,108,2440,85,1845,108,4285,California
Inyo,2021-03-03,83,6211,3,2906,80,3305,0,0,41,2439,42,1887,41,4326,California
Inyo,2021-03-04,124,6335,2,2908,122,3427,0,0,44,2403,80,1967,44,4370,California
Inyo,2021-03-05,138,6473,53,2961,85,3512,0,0,38,2341,100,2067,38,4408,California
Inyo,2021-03-06,20,6493,1,2962,19,3531,0,0,19,2359,1,2068,19,4427,California
Inyo,2021-03-07,6,6499,3,2965,3,3534,0,0,4,2361,2,2070,4,4431,California
Inyo,2021-03-08,171,6670,5,2970,166,3700,0,0,81,2352,90,2160,81,4512,California
Inyo,2021-03-09,189,6859,2,2972,187,3887,0,0,73,2309,116,2276,73,4585,California
Inyo,2021-03-10,72,6931,9,2981,62,3949,1,1,30,2298,42,2318,31,4616,California
Inyo,2021-03-11,204,7135,1,2982,198,4147,5,6,74,2247,130,2448,79,4695,California
Inyo,2021-03-12,174,7309,4,2986,165,4312,5,11,76,2230,98,2546,81,4776,California
Inyo,2021-03-13,572,7881,540,3526,23,4335,9,20,64,1796,507,3053,73,4849,California
Inyo,2021-03-14,439,8320,438,3964,1,4336,0,20,5,1368,433,3486,5,4854,California
Inyo,2021-03-15,50,8370,14,3978,34,4370,2,22,30,1380,20,3506,32,4886,California
Inyo,2021-03-16,162,8532,3,3981,153,4523,6,28,63,1351,98,3604,69,4955,California
Inyo,2021-03-17,108,8640,3,3984,98,4621,7,35,92,1434,16,3620,99,5054,California
Inyo,2021-03-18,182,8822,15,3999,160,4781,7,42,102,1463,80,3700,109,5163,California
Inyo,2021-03-19,44,8866,3,4002,37,4818,4,46,35,1493,9,3709,39,5202,California
Inyo,2021-03-20,19,8885,1,4003,9,4827,9,55,0,1483,19,3728,9,5211,California
Inyo,2021-03-22,58,8943,2,4005,51,4878,5,60,38,1506,20,3748,43,5254,California
Inyo,2021-03-23,192,9135,3,4008,185,5063,4,64,105,1528,87,3835,109,5363,California
Inyo,2021-03-24,140,9275,3,4011,133,5196,4,68,86,1564,54,3889,90,5453,California
Inyo,2021-03-25,330,9605,109,4120,218,5414,3,71,265,1767,65,3954,268,5721,California
Inyo,2021-03-26,92,9697,3,4123,85,5499,4,75,71,1821,21,3975,75,5796,California
Inyo,2021-03-27,48,9745,40,4163,5,5504,3,78,42,1860,6,3981,45,5841,California
Inyo,2021-03-28,3,9748,0,4163,2,5506,1,79,1,1860,2,3983,2,5843,California
Inyo,2021-03-29,108,9856,2,4165,101,5607,5,84,81,1920,26,4009,86,5929,California
Inyo,2021-03-30,218,10074,1,4166,212,5819,5,89,109,1925,109,4118,114,6043,California
Inyo,2021-03-31,149,10223,3,4169,140,5959,6,95,107,1996,42,4160,113,6156,California
Inyo,2021-04-01,166,10389,3,4172,162,6121,1,96,118,2067,48,4208,119,6275,California
Inyo,2021-04-02,78,10467,1,4173,75,6196,2,98,49,2089,29,4237,51,6326,California
Inyo,2021-04-03,75,10542,39,4212,23,6219,13,111,3,2034,70,4307,15,6341,California
Inyo,2021-04-04,5,10547,4,4216,0,6219,1,112,1,2032,4,4311,2,6343,California
Inyo,2021-04-05,106,10653,1,4217,101,6320,4,116,29,1988,77,4388,33,6376,California
Inyo,2021-04-06,235,10888,4,4221,168,6488,63,179,104,2024,131,4519,167,6543,California
Inyo,2021-04-07,206,11094,2,4223,76,6564,128,307,47,2040,159,4678,175,6718,California
Inyo,2021-04-08,181,11275,15,4238,149,6713,17,324,81,2038,100,4778,98,6816,California
Inyo,2021-04-09,122,11397,5,4243,94,6807,23,347,36,2012,85,4863,59,6875,California
Inyo,2021-04-10,39,11436,1,4244,21,6828,17,364,3,1996,36,4899,20,6895,California
Inyo,2021-04-11,1,11437,0,4244,1,6829,0,364,1,1997,0,4899,1,6896,California
Inyo,2021-04-12,79,11516,0,4244,74,6903,5,369,41,2005,38,4937,46,6942,California
Inyo,2021-04-13,122,11638,4,4248,115,7018,3,372,63,2013,58,4995,66,7008,California
Inyo,2021-04-14,131,11769,2,4250,129,7147,0,372,46,1974,85,5080,46,7054,California
Inyo,2021-04-15,272,12041,116,4366,156,7303,0,372,78,1858,194,5274,78,7132,California
Inyo,2021-04-16,45,12086,4,4370,41,7344,0,372,17,1847,28,5302,17,7149,California
Inyo,2021-04-17,2,12088,1,4371,1,7345,0,372,1,1847,1,5303,1,7150,California
Inyo,2021-04-19,121,12209,38,4409,83,7428,0,372,41,1809,80,5383,42,7192,California
Inyo,2021-04-20,163,12372,2,4411,161,7589,0,372,79,1804,84,5467,79,7271,California
Inyo,2021-04-21,112,12484,3,4414,109,7698,0,372,32,1756,80,5547,32,7303,California
Inyo,2021-04-22,196,12680,1,4415,195,7893,0,372,51,1662,145,5692,51,7354,California
Inyo,2021-04-23,95,12775,4,4419,91,7984,0,372,22,1611,73,5765,22,7376,California
Inyo,2021-04-24,309,13084,308,4727,1,7985,0,372,305,1912,4,5769,305,7681,California
Inyo,2021-04-25,133,13217,132,4859,1,7986,0,372,133,2045,0,5769,133,7814,California
Inyo,2021-04-26,92,13309,2,4861,89,8075,1,373,11,1977,80,5849,12,7826,California
Inyo,2021-04-27,183,13492,6,4867,172,8247,5,378,47,1893,136,5985,52,7878,California
Inyo,2021-04-28,121,13613,2,4869,117,8364,2,380,20,1814,101,6086,22,7900,California
Inyo,2021-04-29,171,13784,55,4924,116,8480,0,380,76,1795,95,6181,76,7976,California
Inyo,2021-04-30,82,13866,5,4929,76,8556,1,381,23,1760,59,6240,24,8000,California
Inyo,2021-05-01,11,13877,3,4932,8,8564,0,381,9,1767,2,6242,9,8009,California
Inyo,2021-05-02,6,13883,2,4934,2,8566,2,383,4,1771,2,6244,6,8015,California
Inyo,2021-05-03,38,13921,1,4935,33,8599,4,387,5,1747,33,6277,9,8024,California
Inyo,2021-05-04,123,14044,2,4937,117,8716,4,391,20,1668,103,6380,24,8048,California
Inyo,2021-05-05,36,14080,0,4937,34,8750,2,393,11,1656,25,6405,13,8061,California
Inyo,2021-05-06,92,14172,3,4940,81,8831,8,401,13,1598,79,6484,21,8082,California
Inyo,2021-05-07,48,14220,3,4943,37,8868,8,409,24,1607,23,6507,32,8114,California
Inyo,2021-05-08,11,14231,2,4945,4,8872,5,414,4,1609,7,6514,9,8123,California
Inyo,2021-05-09,1,14232,0,4945,1,8873,0,414,0,1608,1,6515,0,8123,California
Inyo,2021-05-10,69,14301,1,4946,66,8939,2,416,31,1603,39,6554,34,8157,California
Inyo,2021-05-11,87,14388,1,4947,83,9022,3,419,20,1559,67,6621,23,8180,California
Inyo,2021-05-12,43,14431,1,4948,40,9062,2,421,11,1540,32,6653,13,8193,California
Inyo,2021-05-13,75,14506,1,4949,73,9135,1,422,12,1490,63,6716,13,8206,California
Inyo,2021-05-14,25,14531,3,4952,17,9152,5,427,12,1494,13,6729,17,8223,California
Inyo,2021-05-15,374,14905,362,5314,10,9162,2,429,82,1286,292,7021,84,8307,California
Inyo,2021-05-16,199,15104,199,5513,0,9162,0,429,72,1231,127,7148,72,8379,California
Inyo,2021-05-17,62,15166,3,5516,55,9217,4,433,19,1212,42,7190,23,8402,California
Inyo,2021-05-18,83,15249,2,5518,80,9297,1,434,17,1164,66,7256,18,8420,California
Inyo,2021-05-19,47,15296,2,5520,40,9337,5,439,13,1148,34,7290,18,8438,California
Inyo,2021-05-20,143,15439,80,5600,62,9399,1,440,34,1074,109,7399,35,8473,California
Inyo,2021-05-21,48,15487,18,5618,25,9424,5,445,19,1069,29,7428,24,8497,California
Inyo,2021-05-22,24,15511,14,5632,7,9431,3,448,17,1082,7,7435,20,8517,California
Inyo,2021-05-23,2,15513,1,5633,0,9431,1,449,0,1081,2,7437,1,8518,California
Inyo,2021-05-24,33,15546,6,5639,24,9455,3,452,13,1077,20,7457,16,8534,California
Inyo,2021-05-25,82,15628,39,5678,41,9496,2,454,47,1091,35,7492,49,8583,California
Inyo,2021-05-26,37,15665,10,5688,25,9521,2,456,15,1086,22,7514,17,8600,California
Inyo,2021-05-27,39,15704,10,5698,21,9542,8,464,12,1080,26,7540,20,8620,California
Inyo,2021-05-28,26,15730,6,5704,15,9557,5,469,8,1075,18,7558,13,8633,California
Inyo,2021-05-29,15,15745,5,5709,10,9567,0,469,7,1074,8,7566,7,8640,California
Inyo,2021-05-30,2,15747,0,5709,2,9569,0,469,0,1072,2,7568,0,8640,California
Inyo,2021-06-01,54,15801,16,5725,32,9601,6,475,23,1070,31,7599,29,8669,California
Inyo,2021-06-02,10,15811,8,5733,1,9602,1,476,9,1079,1,7600,10,8679,California
Inyo,2021-06-03,26,15837,0,5733,18,9620,8,484,1,1063,25,7625,9,8688,California
Inyo,2021-06-04,32,15869,6,5739,22,9642,4,488,12,1059,20,7645,16,8704,California
Inyo,2021-06-05,17,15886,8,5747,8,9650,1,489,4,1051,13,7658,5,8709,California
Inyo,2021-06-06,1,15887,1,5748,0,9650,0,489,1,1052,0,7658,1,8710,California
Inyo,2021-06-07,51,15938,15,5763,33,9683,3,492,5,1014,46,7704,8,8718,California
Inyo,2021-06-08,53,15991,25,5788,25,9708,3,495,26,1017,27,7731,30,8748,California
Inyo,2021-06-09,109,16100,93,5881,14,9722,2,497,14,938,95,7826,16,8764,California
Inyo,2021-06-10,53,16153,38,5919,10,9732,5,502,16,922,37,7863,21,8785,California
Inyo,2021-06-11,43,16196,22,5941,19,9751,2,504,17,915,26,7889,19,8804,California
Inyo,2021-06-12,14,16210,7,5948,6,9757,1,505,5,912,9,7898,6,8810,California
Inyo,2021-06-13,1,16211,0,5948,1,9758,0,505,0,911,1,7899,0,8810,California
Inyo,2021-06-14,53,16264,23,5971,27,9785,3,508,6,873,47,7946,9,8819,California
Inyo,2021-06-15,33,16297,20,5991,9,9794,4,512,7,858,26,7972,11,8830,California
Kern,2020-12-15,1,1,1,1,0,0,0,0,1,1,0,0,1,1,California
Kern,2020-12-16,19,20,19,20,0,0,0,0,19,20,0,0,19,20,California
Kern,2020-12-17,162,182,162,182,0,0,0,0,162,182,0,0,162,182,California
Kern,2020-12-18,322,504,322,504,0,0,0,0,322,504,0,0,322,504,California
Kern,2020-12-19,99,603,99,603,0,0,0,0,99,603,0,0,99,603,California
Kern,2020-12-20,61,664,61,664,0,0,0,0,61,664,0,0,61,664,California
Kern,2020-12-21,672,1336,671,1335,1,1,0,0,672,1336,0,0,672,1336,California
Kern,2020-12-22,531,1867,529,1864,2,3,0,0,531,1867,0,0,531,1867,California
Kern,2020-12-23,556,2423,418,2282,138,141,0,0,556,2423,0,0,556,2423,California
Kern,2020-12-24,123,2546,44,2326,79,220,0,0,123,2546,0,0,123,2546,California
Kern,2020-12-25,1,2547,1,2327,0,220,0,0,1,2547,0,0,1,2547,California
Kern,2020-12-26,33,2580,1,2328,32,252,0,0,33,2580,0,0,33,2580,California
Kern,2020-12-27,35,2615,3,2331,32,284,0,0,35,2615,0,0,35,2615,California
Kern,2020-12-28,828,3443,663,2994,165,449,0,0,828,3443,0,0,828,3443,California
Kern,2020-12-29,745,4188,451,3445,294,743,0,0,744,4186,1,1,744,4187,California
Kern,2020-12-30,1206,5394,914,4359,292,1035,0,0,1206,5392,0,1,1206,5393,California
Kern,2020-12-31,278,5672,99,4458,179,1214,0,0,278,5670,0,1,278,5671,California
Kern,2021-01-01,17,5689,9,4467,8,1222,0,0,17,5687,0,1,17,5688,California
Kern,2021-01-02,79,5768,18,4485,61,1283,0,0,79,5766,0,1,79,5767,California
Kern,2021-01-03,23,5791,4,4489,19,1302,0,0,23,5789,0,1,23,5790,California
Kern,2021-01-04,554,6345,362,4851,192,1494,0,0,554,6343,0,1,554,6344,California
Kern,2021-01-05,1134,7479,739,5590,395,1889,0,0,1122,7453,12,13,1122,7466,California
Kern,2021-01-06,1162,8641,448,6038,714,2603,0,0,1132,8555,30,43,1132,8598,California
Kern,2021-01-07,1407,10048,485,6523,922,3525,0,0,1240,9629,166,209,1240,9838,California
Kern,2021-01-08,1624,11672,766,7289,858,4383,0,0,1327,10658,298,507,1327,11165,California
Kern,2021-01-09,228,11900,78,7367,150,4533,0,0,193,10816,35,542,193,11358,California
Kern,2021-01-10,194,12094,149,7516,45,4578,0,0,153,10928,41,583,153,11511,California
Kern,2021-01-11,1559,13653,988,8504,571,5149,0,0,999,11367,560,1143,999,12510,California
Kern,2021-01-12,1871,15524,813,9317,1058,6207,0,0,1358,12212,513,1656,1358,13868,California
Kern,2021-01-13,1859,17383,875,10192,984,7191,0,0,1436,13225,423,2079,1436,15304,California
Kern,2021-01-14,2194,19577,649,10841,1545,8736,0,0,2148,15327,46,2125,2148,17452,California
Kern,2021-01-15,2719,22296,857,11698,1862,10598,0,0,2622,17855,95,2220,2623,20075,California
Kern,2021-01-16,674,22970,213,11911,461,11059,0,0,639,18459,35,2255,639,20714,California
Kern,2021-01-17,73,23043,7,11918,66,11125,0,0,71,18528,2,2257,71,20785,California
Kern,2021-01-18,1645,24688,657,12575,988,12113,0,0,1479,19841,166,2423,1479,22264,California
Kern,2021-01-19,1856,26544,1033,13608,823,12936,0,0,1391,20768,465,2888,1392,23656,California
Kern,2021-01-20,2620,29164,1682,15290,938,13874,0,0,1915,21985,700,3588,1917,25573,California
Kern,2021-01-21,2114,31278,867,16157,1247,15121,0,0,1918,23708,195,3783,1918,27491,California
Kern,2021-01-22,2716,33994,1302,17459,1414,16535,0,0,2437,25867,278,4061,2437,29928,California
Kern,2021-01-23,1247,35241,540,17999,707,17242,0,0,1201,27022,46,4107,1201,31129,California
Kern,2021-01-24,152,35393,11,18010,141,17383,0,0,146,27162,6,4113,146,31275,California
Kern,2021-01-25,2382,37775,1082,19092,1300,18683,0,0,1897,28576,484,4597,1898,33173,California
Kern,2021-01-26,2773,40548,1127,20219,1646,20329,0,0,1913,29630,859,5456,1913,35086,California
Kern,2021-01-27,3554,44102,1896,22115,1658,21987,0,0,2857,31793,694,6150,2857,37943,California
Kern,2021-01-28,2887,46989,1362,23477,1525,23512,0,0,2455,33824,427,6577,2458,40401,California
Kern,2021-01-29,3796,50785,1801,25278,1995,25507,0,0,3247,36527,546,7123,3249,43650,California
Kern,2021-01-30,1333,52118,501,25779,832,26339,0,0,1282,37760,49,7172,1282,44932,California
Kern,2021-01-31,402,52520,275,26054,127,26466,0,0,267,37892,135,7307,267,45199,California
Kern,2021-02-01,2597,55117,989,27043,1608,28074,0,0,1885,39069,709,8016,1886,47085,California
Kern,2021-02-02,2755,57872,799,27842,1956,30030,0,0,2052,40419,703,8719,2053,49138,California
Kern,2021-02-03,3676,61548,1554,29396,2122,32152,0,0,2705,42160,964,9683,2705,51843,California
Kern,2021-02-04,3806,65354,1451,30847,2355,34507,0,0,2587,43538,1209,10892,2587,54430,California
Kern,2021-02-05,4860,70214,1989,32836,2871,37378,0,0,3098,44893,1743,12635,3098,57528,California
Kern,2021-02-06,1743,71957,770,33606,973,38351,0,0,1516,46185,224,12859,1516,59044,California
Kern,2021-02-07,282,72239,150,33756,132,38483,0,0,265,46435,15,12874,265,59309,California
Kern,2021-02-08,2562,74801,784,34540,1778,40261,0,0,1256,46404,1288,14162,1257,60566,California
Kern,2021-02-09,3037,77838,987,35527,2050,42311,0,0,1463,46301,1566,15728,1463,62029,California
Kern,2021-02-10,3801,81639,1661,37188,2140,44451,0,0,1883,46283,1902,17630,1884,63913,California
Kern,2021-02-11,4266,85905,1533,38721,2733,47184,0,0,2223,46477,2030,19660,2224,66137,California
Kern,2021-02-12,4971,90876,1891,40612,3080,50264,0,0,2475,46470,2482,22142,2475,68612,California
Kern,2021-02-13,2008,92884,726,41338,1282,51546,0,0,1161,46786,845,22987,1161,69773,California
Kern,2021-02-14,350,93234,12,41350,338,51884,0,0,268,46973,81,23068,268,70041,California
Kern,2021-02-15,2744,95978,898,42248,1846,53730,0,0,1211,46659,1525,24593,1211,71252,California
Kern,2021-02-16,2947,98925,713,42961,2234,55964,0,0,1656,47034,1282,25875,1657,72909,California
Kern,2021-02-17,4073,102998,2076,45037,1997,57961,0,0,1924,46816,2143,28018,1925,74834,California
Kern,2021-02-18,3757,106755,1485,46522,2272,60233,0,0,1625,46319,2122,30140,1625,76459,California
Kern,2021-02-19,4193,110948,1915,48437,2278,62511,0,0,1737,45607,2449,32589,1737,78196,California
Kern,2021-02-20,2581,113529,967,49404,1614,64125,0,0,1348,45726,1229,33818,1348,79544,California
Kern,2021-02-21,257,113786,151,49555,106,64231,0,0,89,45649,166,33984,89,79633,California
Kern,2021-02-22,2674,116460,1154,50709,1520,65751,0,0,1434,45849,1234,35218,1434,81067,California
Kern,2021-02-23,3580,120040,1134,51843,2446,68197,0,0,1998,46268,1580,36798,1999,83066,California
Kern,2021-02-24,5212,125252,2289,54132,2923,71120,0,0,3106,47272,2102,38900,3106,86172,California
Kern,2021-02-25,5379,130631,2460,56592,2919,74039,0,0,3195,48304,2165,41065,3197,89369,California
Kern,2021-02-26,6929,137560,3540,60132,3389,77428,0,0,4364,50111,2558,43623,4365,93734,California
Kern,2021-02-27,3955,141515,1983,62115,1972,79400,0,0,2615,51394,1332,44955,2615,96349,California
Kern,2021-02-28,916,142431,503,62618,412,79812,1,1,696,51873,218,45173,697,97046,California
Kern,2021-03-01,4013,146444,1823,64441,2186,81998,4,5,2697,53268,1306,46479,2701,99747,California
Kern,2021-03-02,4487,150931,1412,65853,3071,85069,4,9,2953,54699,1523,48002,2954,102701,California
Kern,2021-03-03,5997,156928,2841,68694,3154,88223,2,11,3884,56486,2098,50100,3885,106586,California
Kern,2021-03-04,5690,162618,2274,70968,3411,91634,5,16,3694,58201,1981,52081,3696,110282,California
Kern,2021-03-05,6635,169253,2862,73830,3754,95388,19,35,4187,59969,2438,54519,4206,114488,California
Kern,2021-03-06,4757,174010,1925,75755,2725,98113,107,142,3479,62283,1271,55790,3585,118073,California
Kern,2021-03-07,2063,176073,1596,77351,411,98524,56,198,1865,64007,197,55987,1921,119994,California
Kern,2021-03-08,2902,178975,923,78274,1757,100281,222,420,1523,64374,1376,57363,1743,121737,California
Kern,2021-03-09,3728,182703,805,79079,2538,102819,385,805,2330,65695,1389,58752,2710,124447,California
Kern,2021-03-10,6150,188853,2563,81642,2512,105331,1075,1880,3600,67834,2534,61286,4673,129120,California
Kern,2021-03-11,6335,195188,2441,84083,2868,108199,1026,2906,3774,70079,2550,63836,4795,133915,California
Kern,2021-03-12,7853,203041,3078,87161,3420,111619,1355,4261,4326,72234,3514,67350,5669,139584,California
Kern,2021-03-13,4672,207713,2529,89690,1806,113425,337,4598,3249,74399,1416,68766,3581,143165,California
Kern,2021-03-14,2310,210023,1533,91223,534,113959,243,4841,1786,75901,524,69290,2026,145191,California
Kern,2021-03-15,4269,214292,1105,92328,2452,116411,712,5553,2199,76748,2057,71347,2904,148095,California
Kern,2021-03-16,4371,218663,1014,93342,2821,119232,536,6089,2348,77616,2011,73358,2879,150974,California
Kern,2021-03-17,7527,226190,4085,97427,2892,122124,550,6639,4551,79752,2963,76321,5099,156073,California
Kern,2021-03-18,7277,233467,3682,101109,3008,125132,587,7226,4406,81890,2851,79172,4989,161062,California
Kern,2021-03-19,8992,242459,4988,106097,3346,128478,658,7884,4714,82994,4261,83433,5365,166427,California
Kern,2021-03-20,6184,248643,3828,109925,2182,130660,174,8058,3924,84844,2249,85682,4099,170526,California
Kern,2021-03-21,3052,251695,1934,111859,236,130896,882,8940,1845,86370,1200,86882,2726,173252,California
Kern,2021-03-22,3987,255682,1566,113425,2067,132963,354,9294,1933,86620,2037,88919,2287,175539,California
Kern,2021-03-23,4744,260426,1677,115102,2868,135831,199,9493,2486,87074,2228,91147,2682,178221,California
Kern,2021-03-24,7188,267614,3678,118780,3033,138864,477,9970,3656,87690,3514,94661,4130,182351,California
Kern,2021-03-25,6784,274398,3006,121786,3447,142311,331,10301,3221,87693,3546,98207,3549,185900,California
Kern,2021-03-26,9870,284268,4413,126199,4200,146511,1257,11558,4723,88545,5127,103334,5979,191879,California
Kern,2021-03-27,5708,289976,3995,130194,1585,148096,128,11686,3448,89862,2258,105592,3575,195454,California
Kern,2021-03-28,4693,294669,4202,134396,477,148573,14,11700,2958,91101,1733,107325,2972,198426,California
Kern,2021-03-29,4261,298930,1683,136079,2301,150874,277,11977,2615,92357,1633,108958,2889,201315,California
Kern,2021-03-30,5597,304527,1872,137951,3340,154214,385,12362,3063,93274,2529,111487,3446,204761,California
Kern,2021-03-31,8413,312940,4540,142491,3225,157439,648,13010,4309,94142,4087,115574,4955,209716,California
Kern,2021-04-01,7898,320838,3873,146364,3725,161164,300,13310,4217,95003,3652,119226,4513,214229,California
Kern,2021-04-02,8459,329297,4466,150830,3384,164548,609,13919,4225,95611,4218,123444,4826,219055,California
Kern,2021-04-03,6000,335297,3672,154502,2146,166694,182,14101,2658,95114,3334,126778,2837,221892,California
Kern,2021-04-04,1336,336633,872,155374,380,167074,84,14185,474,94813,859,127637,558,222450,California
Kern,2021-04-05,5371,342004,2221,157595,2376,169450,774,14959,2898,95997,2459,130096,3643,226093,California
Kern,2021-04-06,7121,349125,2468,160063,3276,172726,1377,16336,3561,97395,3537,133633,4935,231028,California
Kern,2021-04-07,9380,358505,5469,165532,2947,175673,964,17300,4567,98129,4795,138428,5529,236557,California
Kern,2021-04-08,8665,367170,4797,170329,2955,178628,913,18213,3730,97850,4911,143339,4632,241189,California
Kern,2021-04-09,10280,377450,5142,175471,4144,182772,994,19207,4355,97299,5900,149239,5349,246538,California
Kern,2021-04-10,6598,384048,3468,178939,1883,184655,1247,20454,2145,96243,4443,153682,3387,249925,California
Kern,2021-04-11,3926,387974,2918,181857,365,185020,643,21097,1270,95508,2641,156323,1906,251831,California
Kern,2021-04-12,4417,392391,992,182849,2450,187470,975,22072,1586,95258,2809,159132,2559,254390,California
Kern,2021-04-13,4303,396694,1415,184264,2862,190332,26,22098,2121,95239,2167,161299,2148,256538,California
Kern,2021-04-14,6097,402791,3004,187268,3071,193403,22,22120,3009,95202,3070,164369,3033,259571,California
Kern,2021-04-15,5312,408103,2497,189765,2812,196215,3,22123,2540,94990,2755,167124,2543,262114,California
Kern,2021-04-16,7296,415399,3462,193227,3833,200048,1,22124,2992,93709,4279,171403,2998,265112,California
Kern,2021-04-17,5934,421333,3880,197107,2054,202102,0,22124,2111,92034,3809,175212,2134,267246,California
Kern,2021-04-18,3796,425129,3553,200660,243,202345,0,22124,928,90104,2860,178072,930,268176,California
Kern,2021-04-19,3825,428954,1730,202390,2093,204438,2,22126,1420,89140,2384,180456,1420,269596,California
Kern,2021-04-20,4357,433311,1574,203964,2781,207219,2,22128,1647,88095,2693,183149,1648,271244,California
Kern,2021-04-21,5862,439173,3145,207109,2712,209931,5,22133,2135,86529,3704,186853,2138,273382,California
Kern,2021-04-22,4816,443989,2328,209437,2488,212419,0,22133,1717,85171,3076,189929,1718,275100,California
Kern,2021-04-23,6143,450132,3026,212463,3116,215535,1,22134,1916,82900,4188,194117,1917,277017,California
Kern,2021-04-24,4017,454149,2802,215265,1204,216739,11,22145,1447,81806,2552,196669,1458,278475,California
Kern,2021-04-25,1401,455550,1116,216381,285,217024,0,22145,825,82061,570,197239,825,279300,California
Kern,2021-04-26,3874,459424,1832,218213,1990,219014,52,22197,1069,80389,2795,200034,1123,280423,California
Kern,2021-04-27,4781,464205,2314,220527,2359,221373,108,22305,1463,78653,3305,203339,1569,281992,California
Kern,2021-04-28,6316,470521,3718,224245,2474,223847,124,22429,1800,76078,4496,207835,1921,283913,California
Kern,2021-04-29,5515,476036,3062,227307,2353,226200,100,22529,1623,73931,3871,211706,1724,285637,California
Kern,2021-04-30,5591,481627,3119,230426,2313,228513,159,22688,1610,71734,3965,215671,1768,287405,California
Kern,2021-05-01,2716,484343,1932,232358,725,229238,59,22747,1082,71252,1622,217293,1140,288545,California
Kern,2021-05-02,1890,486233,1601,233959,267,229505,22,22769,692,70775,1191,218484,714,289259,California
Kern,2021-05-03,2543,488776,1031,234990,1379,230884,133,22902,786,69954,1741,220225,920,290179,California
Kern,2021-05-04,3662,492438,1304,236294,2248,233132,110,23012,1286,68988,2360,222585,1394,291573,California
Kern,2021-05-05,4162,496600,2147,238441,1864,234996,151,23163,1379,67749,2767,225352,1528,293101,California
Kern,2021-05-06,3598,500198,1630,240071,1822,236818,146,23309,1136,66586,2441,227793,1278,294379,California
Kern,2021-05-07,4618,504816,2317,242388,2127,238945,174,23483,1301,64774,3286,231079,1474,295853,California
Kern,2021-05-08,2893,507709,1824,244212,954,239899,115,23598,893,63795,1985,233064,1006,296859,California
Kern,2021-05-09,1351,509060,1177,245389,145,240044,29,23627,453,63388,889,233953,482,297341,California
Kern,2021-05-10,2265,511325,882,246271,1281,241325,102,23729,673,62587,1574,235527,773,298114,California
Kern,2021-05-11,2643,513968,923,247194,1595,242920,125,23854,955,61991,1677,237204,1081,299195,California
Kern,2021-05-12,3628,517596,1461,248655,2015,244935,152,24006,1160,60848,2455,239659,1312,300507,California
Kern,2021-05-13,3491,521087,1826,250481,1511,246446,154,24160,1627,60773,1851,241510,1776,302283,California
Kern,2021-05-14,4291,525378,2535,253016,1532,247978,224,24384,1979,60683,2292,243802,2202,304485,California
Kern,2021-05-15,2912,528290,1892,254908,932,248910,88,24472,1543,60958,1355,245157,1630,306115,California
Kern,2021-05-16,1544,529834,1322,256230,183,249093,39,24511,883,61225,655,245812,922,307037,California
Kern,2021-05-17,2329,532163,1009,257239,1175,250268,145,24656,1187,61427,1129,246941,1331,308368,California
Kern,2021-05-18,3181,535344,1462,258701,1586,251854,133,24789,1630,61653,1535,248476,1761,310129,California
Kern,2021-05-19,3829,539173,2388,261089,1314,253168,127,24916,1845,61651,1971,250447,1969,312098,California
Kern,2021-05-20,3101,542274,1686,262775,1273,254441,142,25058,1430,61571,1650,252097,1570,313668,California
Kern,2021-05-21,3627,545901,2196,264971,1296,255737,135,25193,1854,61811,1749,253846,1989,315657,California
Kern,2021-05-22,2946,548847,2294,267265,604,256341,48,25241,1414,61751,1520,255366,1460,317117,California
Kern,2021-05-23,1258,550105,1065,268330,167,256508,26,25267,662,61850,589,255955,688,317805,California
Kern,2021-05-24,1850,551955,784,269114,953,257461,113,25380,871,61860,973,256928,983,318788,California
Kern,2021-05-25,2393,554348,1105,270219,1201,258662,87,25467,1123,61814,1256,258184,1210,319998,California
Kern,2021-05-26,2770,557118,1595,271814,1071,259733,104,25571,1192,61545,1563,259747,1294,321292,California
Kern,2021-05-27,2369,559487,1202,273016,1064,260797,103,25674,1235,61770,1112,260859,1337,322629,California
Kern,2021-05-28,2723,562210,1385,274401,1227,262024,111,25785,1267,61702,1444,262303,1376,324005,California
Kern,2021-05-29,1897,564107,1260,275661,591,262615,46,25831,931,61727,952,263255,977,324982,California
Kern,2021-05-30,859,564966,703,276364,137,262752,19,25850,435,61763,417,263672,453,325435,California
Kern,2021-05-31,131,565097,40,276404,80,262832,11,25861,45,61735,83,263755,55,325490,California
Kern,2021-06-01,2287,567384,950,277354,1267,264099,70,25931,1003,61539,1268,265023,1072,326562,California
Kern,2021-06-02,2238,569622,1294,278648,839,264938,105,26036,944,61305,1283,266306,1049,327611,California
Kern,2021-06-03,2351,571973,1317,279965,882,265820,152,26188,872,60860,1468,267774,1023,328634,California
Kern,2021-06-04,2864,574837,1909,281874,846,266666,109,26297,886,59892,1960,269734,992,329626,California
Kern,2021-06-05,2526,577363,2043,283917,450,267116,33,26330,808,59024,1709,271443,841,330467,California
Kern,2021-06-06,1211,578574,1106,285023,82,267198,23,26353,431,58702,776,272219,454,330921,California
Kern,2021-06-07,1790,580364,1117,286140,583,267781,90,26443,676,58365,1101,273320,764,331685,California
Kern,2021-06-08,2114,582478,1227,287367,816,268597,71,26514,674,57687,1422,274742,744,332429,California
Kern,2021-06-09,2587,585065,1818,289185,684,269281,85,26599,806,56809,1768,276510,890,333319,California
Kern,2021-06-10,2210,587275,1374,290559,742,270023,94,26693,777,56257,1422,277932,870,334189,California
Kern,2021-06-11,2760,590035,1857,292416,815,270838,88,26781,1007,55610,1742,279674,1095,335284,California
Kern,2021-06-12,1707,591742,1252,293668,407,271245,48,26829,503,54960,1201,280875,551,335835,California
Kern,2021-06-13,906,592648,788,294456,109,271354,9,26838,259,54585,643,281518,268,336103,California
Kern,2021-06-14,1529,594177,866,295322,590,271944,73,26911,498,54134,1020,282538,569,336672,California
Kern,2021-06-15,1035,595212,554,295876,448,272392,33,26944,340,53814,690,283228,370,337042,California
Kings,2020-12-16,1,1,1,1,0,0,0,0,1,1,0,0,1,1,California
Kings,2020-12-17,8,9,8,9,0,0,0,0,8,9,0,0,8,9,California
Kings,2020-12-18,12,21,12,21,0,0,0,0,12,21,0,0,12,21,California
Kings,2020-12-19,11,32,11,32,0,0,0,0,11,32,0,0,11,32,California
Kings,2020-12-20,13,45,13,45,0,0,0,0,13,45,0,0,13,45,California
Kings,2020-12-21,156,201,156,201,0,0,0,0,268,313,0,0,268,313,California
Kings,2020-12-22,143,344,143,344,0,0,0,0,140,453,0,0,140,453,California
Kings,2020-12-23,136,480,122,466,14,14,0,0,137,590,0,0,137,590,California
Kings,2020-12-24,11,491,9,475,2,16,0,0,11,601,0,0,11,601,California
Kings,2020-12-26,7,498,4,479,3,19,0,0,7,608,0,0,7,608,California
Kings,2020-12-27,4,502,4,483,0,19,0,0,4,612,0,0,4,612,California
Kings,2020-12-28,132,634,103,586,29,48,0,0,133,745,0,0,133,745,California
Kings,2020-12-29,82,716,54,640,28,76,0,0,83,828,0,0,83,828,California
Kings,2020-12-30,152,868,111,751,41,117,0,0,152,980,0,0,152,980,California
Kings,2020-12-31,47,915,5,756,42,159,0,0,47,1027,0,0,47,1027,California
Kings,2021-01-01,1,916,0,756,1,160,0,0,1,1028,0,0,1,1028,California
Kings,2021-01-02,11,927,10,766,1,161,0,0,11,1039,0,0,11,1039,California
Kings,2021-01-04,111,1038,41,807,70,231,0,0,111,1150,0,0,111,1150,California
Kings,2021-01-05,195,1233,40,847,155,386,0,0,195,1345,0,0,195,1345,California
Kings,2021-01-06,276,1509,179,1026,97,483,0,0,273,1615,3,3,273,1618,California
Kings,2021-01-07,181,1690,82,1108,99,582,0,0,173,1780,8,11,173,1791,California
Kings,2021-01-08,249,1939,56,1164,193,775,0,0,229,1989,20,31,229,2020,California
Kings,2021-01-09,63,2002,9,1173,54,829,0,0,55,2036,8,39,55,2075,California
Kings,2021-01-10,15,2017,3,1176,12,841,0,0,12,2045,3,42,12,2087,California
Kings,2021-01-11,516,2533,352,1528,164,1005,0,0,276,2082,240,282,277,2364,California
Kings,2021-01-12,347,2880,251,1779,96,1101,0,0,214,2166,130,412,214,2578,California
Kings,2021-01-13,421,3301,275,2054,146,1247,0,0,330,2405,91,503,330,2908,California
Kings,2021-01-14,211,3512,31,2085,180,1427,0,0,201,2586,21,524,202,3110,California
Kings,2021-01-15,420,3932,31,2116,389,1816,0,0,408,2982,12,536,408,3518,California
Kings,2021-01-16,28,3960,9,2125,19,1835,0,0,27,3008,1,537,27,3545,California
Kings,2021-01-17,10,3970,7,2132,3,1838,0,0,8,3014,2,539,8,3553,California
Kings,2021-01-18,173,4143,40,2172,133,1971,0,0,147,3135,26,565,147,3700,California
Kings,2021-01-19,382,4525,161,2333,221,2192,0,0,253,3259,129,694,253,3953,California
Kings,2021-01-20,237,4762,146,2479,91,2283,0,0,126,3279,106,800,126,4079,California
Kings,2021-01-21,212,4974,56,2535,156,2439,0,0,196,3457,18,818,196,4275,California
Kings,2021-01-22,110,5084,21,2556,89,2528,0,0,109,3561,5,823,109,4384,California
Kings,2021-01-23,27,5111,14,2570,13,2541,0,0,20,3574,7,830,20,4404,California
Kings,2021-01-24,4,5115,4,2574,0,2541,0,0,2,3574,2,832,2,4406,California
Kings,2021-01-25,133,5248,27,2601,106,2647,0,0,97,3635,36,868,97,4503,California
Kings,2021-01-26,154,5402,34,2635,120,2767,0,0,113,3707,41,909,113,4616,California
Kings,2021-01-27,329,5731,36,2671,293,3060,0,0,253,3885,75,984,253,4869,California
Kings,2021-01-28,336,6067,45,2716,291,3351,0,0,278,4105,58,1042,278,5147,California
Kings,2021-01-29,110,6177,26,2742,84,3435,0,0,93,4181,17,1059,93,5240,California
Kings,2021-01-30,1564,7741,25,2767,1539,4974,0,0,1561,5741,3,1062,1563,6803,California
Kings,2021-02-01,220,7961,65,2832,155,5129,0,0,91,5705,127,1189,91,6894,California
Kings,2021-02-02,246,8207,16,2848,230,5359,0,0,95,5650,150,1339,95,6989,California
Kings,2021-02-03,404,8611,194,3042,210,5569,0,0,246,5739,157,1496,246,7235,California
Kings,2021-02-04,424,9035,98,3140,326,5895,0,0,227,5770,196,1692,227,7462,California
Kings,2021-02-05,336,9371,54,3194,282,6177,0,0,176,5788,158,1850,176,7638,California
Kings,2021-02-06,61,9432,10,3204,51,6228,0,0,28,5783,33,1883,28,7666,California
Kings,2021-02-07,5,9437,3,3207,2,6230,0,0,3,5784,2,1885,3,7669,California
Kings,2021-02-08,173,9610,29,3236,144,6374,0,0,66,5743,107,1992,66,7735,California
Kings,2021-02-09,255,9865,57,3293,198,6572,0,0,111,5712,142,2134,111,7846,California
Kings,2021-02-10,376,10241,112,3405,264,6836,0,0,259,5854,117,2251,259,8105,California
Kings,2021-02-11,479,10720,65,3470,414,7250,0,0,361,6098,117,2368,361,8466,California
Kings,2021-02-12,635,11355,40,3510,595,7845,0,0,354,6172,280,2648,354,8820,California
Kings,2021-02-13,218,11573,7,3517,211,8056,0,0,191,6336,27,2675,191,9011,California
Kings,2021-02-14,103,11676,4,3521,99,8155,0,0,95,6423,8,2683,95,9106,California
Kings,2021-02-15,251,11927,5,3526,246,8401,0,0,138,6449,112,2795,138,9244,California
Kings,2021-02-16,559,12486,36,3562,523,8924,0,0,322,6535,236,3031,322,9566,California
Kings,2021-02-17,439,12925,26,3588,413,9337,0,0,301,6700,138,3169,303,9869,California
Kings,2021-02-18,238,13163,22,3610,216,9553,0,0,180,6822,58,3227,180,10049,California
Kings,2021-02-19,176,13339,25,3635,151,9704,0,0,120,6889,53,3280,120,10169,California
Kings,2021-02-20,168,13507,34,3669,134,9838,0,0,136,6993,32,3312,136,10305,California
Kings,2021-02-21,2,13509,1,3670,1,9839,0,0,2,6995,0,3312,2,10307,California
Kings,2021-02-22,114,13623,18,3688,96,9935,0,0,48,6977,66,3378,48,10355,California
Kings,2021-02-23,430,14053,70,3758,360,10295,0,0,313,7173,117,3495,313,10668,California
Kings,2021-02-24,735,14788,155,3913,580,10875,0,0,521,7480,214,3709,521,11189,California
Kings,2021-02-25,794,15582,135,4048,659,11534,0,0,573,7834,219,3928,573,11762,California
Kings,2021-02-26,834,16416,138,4186,696,12230,0,0,762,8524,72,4000,762,12524,California
Kings,2021-02-27,1528,17944,65,4251,1463,13693,0,0,585,8167,942,4942,585,13109,California
Kings,2021-02-28,1172,19116,598,4849,574,14267,0,0,674,8346,495,5437,674,13783,California
Kings,2021-03-01,286,19402,89,4938,197,14464,0,0,221,8502,65,5502,221,14004,California
Kings,2021-03-02,588,19990,259,5197,329,14793,0,0,516,8946,72,5574,516,14520,California
Kings,2021-03-03,751,20741,326,5523,425,15218,0,0,527,9251,222,5796,527,15047,California
Kings,2021-03-04,824,21565,357,5880,467,15685,0,0,696,9820,128,5924,697,15744,California
Kings,2021-03-05,1178,22743,369,6249,800,16485,9,9,1034,10723,144,6068,1047,16791,California
Kings,2021-03-06,520,23263,189,6438,318,16803,13,22,490,11196,30,6098,503,17294,California
Kings,2021-03-07,361,23624,220,6658,137,16940,4,26,353,11545,8,6106,357,17651,California
Kings,2021-03-08,374,23998,97,6755,224,17164,53,79,263,11750,111,6217,316,17967,California
Kings,2021-03-09,641,24639,342,7097,244,17408,55,134,529,12224,111,6328,585,18552,California
Kings,2021-03-10,629,25268,156,7253,380,17788,93,227,437,12562,191,6519,529,19081,California
Kings,2021-03-11,1131,26399,377,7630,643,18431,111,338,698,12941,431,6950,810,19891,California
Kings,2021-03-12,1489,27888,457,8087,939,19370,93,431,994,13538,493,7443,1090,20981,California
Kings,2021-03-13,675,28563,328,8415,306,19676,41,472,551,14008,124,7567,594,21575,California
Kings,2021-03-14,678,29241,104,8519,185,19861,389,861,204,14127,474,8041,593,22168,California
Kings,2021-03-15,708,29949,267,8786,324,20185,117,978,467,14474,240,8281,587,22755,California
Kings,2021-03-16,1109,31058,469,9255,578,20763,62,1040,745,14918,364,8645,808,23563,California
Kings,2021-03-17,1117,32175,426,9681,629,21392,62,1102,788,15447,329,8974,858,24421,California
Kings,2021-03-18,1136,33311,477,10158,436,21828,223,1325,776,16089,359,9333,1001,25422,California
Kings,2021-03-19,973,34284,468,10626,420,22248,85,1410,736,16689,236,9569,836,26258,California
Kings,2021-03-20,645,34929,256,10882,358,22606,31,1441,467,17019,176,9745,506,26764,California
Kings,2021-03-21,1421,36350,1088,11970,320,22926,13,1454,862,17335,559,10304,875,27639,California
Kings,2021-03-22,451,36801,202,12172,163,23089,86,1540,274,17523,176,10480,364,28003,California
Kings,2021-03-23,975,37776,511,12683,401,23490,63,1603,557,17732,416,10896,625,28628,California
Kings,2021-03-24,1043,38819,489,13172,530,24020,24,1627,510,17738,531,11427,537,29165,California
Kings,2021-03-25,1027,39846,473,13645,525,24545,29,1656,451,17643,574,12001,479,29644,California
Kings,2021-03-26,1306,41152,382,14027,839,25384,85,1741,521,17468,780,12781,605,30249,California
Kings,2021-03-27,651,41803,264,14291,375,25759,12,1753,160,17151,489,13270,172,30421,California
Kings,2021-03-28,673,42476,602,14893,64,25823,7,1760,405,17308,268,13538,425,30846,California
Kings,2021-03-29,473,42949,215,15108,197,26020,61,1821,262,17421,209,13747,322,31168,California
Kings,2021-03-30,872,43821,480,15588,353,26373,39,1860,434,17456,437,14184,472,31640,California
Kings,2021-03-31,783,44604,381,15969,329,26702,73,1933,421,17596,354,14538,494,32134,California
Kings,2021-04-01,856,45460,456,16425,311,27013,89,2022,359,17553,491,15029,448,32582,California
Kings,2021-04-02,1045,46505,454,16879,467,27480,124,2146,392,17421,647,15676,515,33097,California
Kings,2021-04-03,494,46999,347,17226,138,27618,9,2155,171,17285,317,15993,181,33278,California
Kings,2021-04-04,158,47157,84,17310,68,27686,6,2161,42,17218,115,16108,48,33326,California
Kings,2021-04-05,1063,48220,330,17640,481,28167,252,2413,242,16892,820,16928,494,33820,California
Kings,2021-04-06,1211,49431,459,18099,442,28609,310,2723,284,16561,924,17852,593,34413,California
Kings,2021-04-07,1377,50808,658,18757,531,29140,188,2911,359,16093,1015,18867,547,34960,California
Kings,2021-04-08,1632,52440,637,19394,741,29881,254,3165,377,15475,1248,20115,630,35590,California
Kings,2021-04-09,1161,53601,543,19937,437,30318,181,3346,234,14961,925,21040,411,36001,California
Kings,2021-04-10,599,54200,332,20269,163,30481,104,3450,175,14818,422,21462,279,36280,California
Kings,2021-04-11,358,54558,74,20343,277,30758,7,3457,199,14867,157,21619,206,36486,California
Kings,2021-04-12,706,55264,312,20655,191,30949,203,3660,195,14756,509,22128,398,36884,California
Kings,2021-04-13,921,56185,528,21183,393,31342,0,3660,295,14432,624,22752,300,37184,California
Kings,2021-04-14,1058,57243,583,21766,475,31817,0,3660,382,14143,676,23428,387,37571,California
Kings,2021-04-15,1067,58310,527,22293,539,32356,1,3661,457,13994,609,24037,460,38031,California
Kings,2021-04-16,784,59094,365,22658,419,32775,0,3661,265,13743,518,24555,267,38298,California
Kings,2021-04-17,469,59563,254,22912,215,32990,0,3661,193,13662,274,24829,193,38491,California
Kings,2021-04-18,566,60129,241,23153,325,33315,0,3661,40,13177,526,25355,41,38532,California
Kings,2021-04-19,535,60664,297,23450,238,33553,0,3661,288,13220,245,25600,288,38820,California
Kings,2021-04-20,749,61413,455,23905,294,33847,0,3661,240,12952,508,26108,240,39060,California
Kings,2021-04-21,647,62060,308,24213,339,34186,0,3661,222,12757,417,26525,222,39282,California
Kings,2021-04-22,560,62620,280,24493,280,34466,0,3661,206,12613,351,26876,207,39489,California
Kings,2021-04-23,674,63294,290,24783,384,34850,0,3661,329,12601,341,27217,329,39818,California
Kings,2021-04-24,248,63542,180,24963,67,34917,1,3662,120,12595,127,27344,121,39939,California
Kings,2021-04-25,202,63744,182,25145,20,34937,0,3662,165,12723,37,27381,165,40104,California
Kings,2021-04-26,315,64059,169,25314,143,35080,3,3665,198,12808,116,27497,201,40305,California
Kings,2021-04-27,424,64483,187,25501,218,35298,19,3684,180,12765,242,27739,199,40504,California
Kings,2021-04-28,515,64998,257,25758,238,35536,20,3704,270,12810,245,27984,290,40794,California
Kings,2021-04-29,290,65288,111,25869,166,35702,13,3717,133,12802,154,28138,146,40940,California
Kings,2021-04-30,368,65656,163,26032,188,35890,17,3734,152,12759,212,28350,169,41109,California
Kings,2021-05-01,226,65882,164,26196,52,35942,10,3744,71,12686,154,28504,81,41190,California
Kings,2021-05-02,169,66051,147,26343,22,35964,0,3744,127,12771,42,28546,127,41317,California
Kings,2021-05-03,474,66525,253,26596,208,36172,13,3757,121,12553,352,28898,134,41451,California
Kings,2021-05-04,520,67045,263,26859,237,36409,20,3777,159,12372,360,29258,179,41630,California
Kings,2021-05-05,551,67596,285,27144,246,36655,20,3797,135,12112,415,29673,155,41785,California
Kings,2021-05-06,550,68146,270,27414,257,36912,23,3820,124,11835,424,30097,147,41932,California
Kings,2021-05-07,364,68510,211,27625,137,37049,16,3836,145,11779,217,30314,161,42093,California
Kings,2021-05-08,232,68742,166,27791,54,37103,12,3848,73,11705,158,30472,84,42177,California
Kings,2021-05-09,191,68933,61,27852,130,37233,0,3848,40,11594,151,30623,40,42217,California
Kings,2021-05-10,340,69273,263,28115,67,37300,10,3858,115,11494,224,30847,124,42341,California
Kings,2021-05-11,387,69660,238,28353,119,37419,30,3888,120,11378,267,31114,151,42492,California
Kings,2021-05-12,398,70058,163,28516,221,37640,14,3902,170,11336,226,31340,184,42676,California
Kings,2021-05-13,393,70451,145,28661,240,37880,8,3910,155,11261,238,31578,163,42839,California
Kings,2021-05-14,463,70914,314,28975,118,37998,31,3941,241,11312,221,31799,272,43111,California
Kings,2021-05-15,354,71268,251,29226,84,38082,19,3960,196,11369,158,31957,215,43326,California
Kings,2021-05-16,248,71516,222,29448,25,38107,1,3961,76,11274,172,32129,77,43403,California
Kings,2021-05-17,404,71920,321,29769,66,38173,17,3978,215,11318,188,32317,232,43635,California
Kings,2021-05-18,396,72316,277,30046,106,38279,13,3991,226,11388,170,32487,240,43875,California
Kings,2021-05-19,576,72892,282,30328,270,38549,24,4015,229,11296,345,32832,253,44128,California
Kings,2021-05-20,447,73339,234,30562,186,38735,27,4042,266,11409,181,33013,294,44422,California
Kings,2021-05-21,518,73857,263,30825,245,38980,10,4052,265,11435,249,33262,275,44697,California
Kings,2021-05-22,304,74161,245,31070,47,39027,12,4064,217,11579,85,33347,229,44926,California
Kings,2021-05-23,233,74394,224,31294,9,39036,0,4064,109,11564,124,33471,109,45035,California
Kings,2021-05-24,249,74643,165,31459,70,39106,14,4078,119,11567,130,33601,133,45168,California
Kings,2021-05-25,406,75049,267,31726,106,39212,33,4111,239,11674,165,33766,272,45440,California
Kings,2021-05-26,304,75353,125,31851,162,39374,17,4128,129,11646,174,33940,146,45586,California
Kings,2021-05-27,328,75681,178,32029,132,39506,18,4146,179,11697,146,34086,197,45783,California
Kings,2021-05-28,286,75967,139,32168,130,39636,17,4163,139,11709,144,34230,156,45939,California
Kings,2021-05-29,172,76139,99,32267,62,39698,11,4174,91,11731,80,34310,102,46041,California
Kings,2021-05-30,131,76270,114,32381,15,39713,2,4176,71,11744,60,34370,73,46114,California
Kings,2021-05-31,42,76312,23,32404,16,39729,3,4179,15,11735,27,34397,18,46132,California
Kings,2021-06-01,316,76628,188,32592,112,39841,16,4195,121,11680,191,34588,136,46268,California
Kings,2021-06-02,271,76899,124,32716,140,39981,7,4202,85,11588,184,34772,92,46360,California
Kings,2021-06-03,228,77127,126,32842,91,40072,11,4213,85,11549,135,34907,96,46456,California
Kings,2021-06-04,425,77552,281,33123,131,40203,13,4226,159,11459,262,35169,172,46628,California
Kings,2021-06-05,252,77804,220,33343,26,40229,6,4232,63,11352,176,35345,69,46697,California
Kings,2021-06-06,161,77965,153,33496,3,40232,5,4237,80,11360,77,35422,85,46782,California
Kings,2021-06-07,290,78255,220,33716,57,40289,13,4250,94,11271,196,35618,107,46889,California
Kings,2021-06-08,312,78567,240,33956,52,40341,20,4270,85,11151,225,35843,105,46994,California
Kings,2021-06-09,393,78960,263,34219,121,40462,9,4279,112,10994,278,36121,121,47115,California
Kings,2021-06-10,341,79301,221,34440,107,40569,13,4292,82,10831,258,36379,95,47210,California
Kings,2021-06-11,377,79678,283,34723,90,40659,4,4296,147,10756,226,36605,151,47361,California
Kings,2021-06-12,266,79944,218,34941,44,40703,4,4300,68,10646,182,36787,72,47433,California
Kings,2021-06-13,125,80069,116,35057,8,40711,1,4301,33,10589,91,36878,34,47467,California
Kings,2021-06-14,210,80279,149,35206,45,40756,16,4317,85,10565,125,37003,101,47568,California
Kings,2021-06-15,53,80332,36,35242,12,40768,5,4322,17,10552,35,37038,22,47590,California
Lake,2020-12-17,4,4,4,4,0,0,0,0,4,4,0,0,4,4,California
Lake,2020-12-18,49,53,49,53,0,0,0,0,49,53,0,0,49,53,California
Lake,2020-12-19,3,56,3,56,0,0,0,0,3,56,0,0,3,56,California
Lake,2020-12-20,6,62,6,62,0,0,0,0,6,62,0,0,6,62,California
Lake,2020-12-21,87,149,87,149,0,0,0,0,87,149,0,0,87,149,California
Lake,2020-12-22,63,212,60,209,3,3,0,0,63,212,0,0,63,212,California
Lake,2020-12-23,125,337,116,325,9,12,0,0,125,337,0,0,125,337,California
Lake,2020-12-24,2,339,0,325,2,14,0,0,2,339,0,0,2,339,California
Lake,2020-12-26,2,341,2,327,0,14,0,0,2,341,0,0,2,341,California
Lake,2020-12-27,2,343,2,329,0,14,0,0,2,343,0,0,2,343,California
Lake,2020-12-28,53,396,44,373,9,23,0,0,53,396,0,0,53,396,California
Lake,2020-12-29,53,449,48,421,5,28,0,0,53,449,0,0,53,449,California
Lake,2020-12-30,131,580,124,545,7,35,0,0,131,580,0,0,131,580,California
Lake,2020-12-31,67,647,64,609,3,38,0,0,67,647,0,0,67,647,California
Lake,2021-01-01,1,648,0,609,1,39,0,0,1,648,0,0,1,648,California
Lake,2021-01-02,2,650,1,610,1,40,0,0,2,650,0,0,2,650,California
Lake,2021-01-04,91,741,21,631,70,110,0,0,91,741,0,0,91,741,California
Lake,2021-01-05,120,861,59,690,61,171,0,0,118,857,2,2,118,859,California
Lake,2021-01-06,103,964,64,754,39,210,0,0,101,956,2,4,101,960,California
Lake,2021-01-07,109,1073,85,839,24,234,0,0,100,1047,9,13,100,1060,California
Lake,2021-01-08,163,1236,134,973,29,263,0,0,112,1108,51,64,112,1172,California
Lake,2021-01-09,63,1299,61,1034,2,265,0,0,59,1163,4,68,59,1231,California
Lake,2021-01-10,3,1302,3,1037,0,265,0,0,0,1160,3,71,0,1231,California
Lake,2021-01-11,188,1490,148,1185,40,305,0,0,110,1192,78,149,110,1341,California
Lake,2021-01-12,82,1572,49,1234,33,338,0,0,58,1226,24,173,58,1399,California
Lake,2021-01-13,171,1743,116,1350,55,393,0,0,110,1275,61,234,110,1509,California
Lake,2021-01-14,147,1890,48,1398,99,492,0,0,125,1378,22,256,125,1634,California
Lake,2021-01-15,218,2108,95,1493,123,615,0,0,189,1539,29,285,190,1824,California
Lake,2021-01-16,133,2241,82,1575,51,666,0,0,131,1668,2,287,131,1955,California
Lake,2021-01-17,15,2256,6,1581,9,675,0,0,9,1671,6,293,9,1964,California
Lake,2021-01-18,245,2501,229,1810,16,691,0,0,122,1670,123,416,122,2086,California
Lake,2021-01-19,317,2818,121,1931,196,887,0,0,269,1892,48,464,270,2356,California
Lake,2021-01-20,425,3243,82,2013,343,1230,0,0,360,2188,64,528,360,2716,California
Lake,2021-01-21,439,3682,48,2061,391,1621,0,0,403,2555,36,564,403,3119,California
Lake,2021-01-22,321,4003,48,2109,273,1894,0,0,285,2804,36,600,285,3404,California
Lake,2021-01-23,123,4126,6,2115,117,2011,0,0,122,2925,1,601,122,3526,California
Lake,2021-01-24,5,4131,2,2117,3,2014,0,0,5,2930,0,601,5,3531,California
Lake,2021-01-25,256,4387,93,2210,163,2177,0,0,174,3022,82,683,174,3705,California
Lake,2021-01-26,430,4817,33,2243,397,2574,0,0,406,3404,24,707,406,4111,California
Lake,2021-01-27,364,5181,40,2283,324,2898,0,0,337,3715,27,734,338,4449,California
Lake,2021-01-28,494,5675,159,2442,335,3233,0,0,365,3951,129,863,365,4814,California
Lake,2021-01-29,659,6334,108,2550,551,3784,0,0,576,4444,83,946,576,5390,California
Lake,2021-01-30,555,6889,39,2589,516,4300,0,0,549,4987,6,952,549,5939,California
Lake,2021-01-31,13,6902,8,2597,5,4305,0,0,11,4996,2,954,11,5950,California
Lake,2021-02-01,176,7078,14,2611,162,4467,0,0,162,5144,14,968,162,6112,California
Lake,2021-02-02,560,7638,151,2762,409,4876,0,0,394,5372,166,1134,394,6506,California
Lake,2021-02-03,443,8081,32,2794,411,5287,0,0,337,5603,106,1240,337,6843,California
Lake,2021-02-04,121,8202,70,2864,51,5338,0,0,71,5624,50,1290,71,6914,California
Lake,2021-02-05,382,8584,71,2935,311,5649,0,0,289,5822,91,1381,289,7203,California
Lake,2021-02-06,275,8859,39,2974,236,5885,0,0,264,6075,11,1392,264,7467,California
Lake,2021-02-07,3,8862,2,2976,1,5886,0,0,3,6078,0,1392,3,7470,California
Lake,2021-02-08,276,9138,206,3182,70,5956,0,0,158,6118,118,1510,158,7628,California
Lake,2021-02-09,344,9482,23,3205,321,6277,0,0,300,6375,43,1553,300,7928,California
Lake,2021-02-10,350,9832,50,3255,300,6577,0,0,270,6565,80,1633,270,8198,California
Lake,2021-02-11,174,10006,18,3273,156,6733,0,0,57,6505,117,1750,57,8255,California
Lake,2021-02-12,371,10377,28,3301,343,7076,0,0,285,6705,85,1835,285,8540,California
Lake,2021-02-13,252,10629,9,3310,243,7319,0,0,242,6937,10,1845,242,8782,California
Lake,2021-02-14,16,10645,4,3314,12,7331,0,0,5,6931,11,1856,5,8787,California
Lake,2021-02-15,164,10809,8,3322,156,7487,0,0,8,6784,155,2011,8,8795,California
Lake,2021-02-16,425,11234,22,3344,403,7890,0,0,178,6715,247,2258,178,8973,California
Lake,2021-02-17,348,11582,53,3397,295,8185,0,0,69,6506,278,2536,69,9042,California
Lake,2021-02-18,458,12040,71,3468,387,8572,0,0,113,6274,345,2881,113,9155,California
Lake,2021-02-19,425,12465,24,3492,401,8973,0,0,90,6029,335,3216,90,9245,California
Lake,2021-02-20,290,12755,57,3549,233,9206,0,0,251,6242,38,3254,251,9496,California
Lake,2021-02-21,6,12761,6,3555,0,9206,0,0,0,6236,6,3260,0,9496,California
Lake,2021-02-22,133,12894,16,3571,117,9323,0,0,39,6181,94,3354,39,9535,California
Lake,2021-02-23,215,13109,16,3587,199,9522,0,0,29,6024,186,3540,29,9564,California
Lake,2021-02-24,1011,14120,430,4017,581,10103,0,0,470,5954,540,4080,470,10034,California
Lake,2021-02-25,731,14851,468,4485,263,10366,0,0,472,6170,256,4336,472,10506,California
Lake,2021-02-26,994,15845,303,4788,691,11057,0,0,348,5874,644,4980,348,10854,California
Lake,2021-02-27,408,16253,97,4885,311,11368,0,0,327,6120,81,5061,327,11181,California
Lake,2021-02-28,17,16270,10,4895,7,11375,0,0,11,6125,6,5067,11,11192,California
Lake,2021-03-01,596,16866,54,4949,542,11917,0,0,444,6417,152,5219,444,11636,California
Lake,2021-03-02,743,17609,18,4967,725,12642,0,0,288,6251,454,5673,288,11924,California
Lake,2021-03-03,365,17974,193,5160,172,12814,0,0,146,6178,219,5892,146,12070,California
Lake,2021-03-04,578,18552,506,5666,72,12886,0,0,561,6722,17,5909,561,12631,California
Lake,2021-03-05,1053,19605,52,5718,1001,13887,0,0,188,6049,861,6770,188,12819,California
Lake,2021-03-06,36,19641,10,5728,25,13912,1,1,22,6058,14,6784,23,12842,California
Lake,2021-03-07,6,19647,4,5732,2,13914,0,1,4,6060,2,6786,4,12846,California
Lake,2021-03-08,339,19986,267,5999,63,13977,9,10,299,6328,40,6826,308,13154,California
Lake,2021-03-09,928,20914,42,6041,868,14845,18,28,404,6227,523,7349,422,13576,California
Lake,2021-03-10,200,21114,56,6097,131,14976,13,41,134,6309,66,7415,148,13724,California
Lake,2021-03-11,588,21702,48,6145,62,15038,478,519,48,6295,540,7955,526,14250,California
Lake,2021-03-12,856,22558,204,6349,626,15664,26,545,364,6194,491,8446,390,14640,California
Lake,2021-03-13,279,22837,21,6370,22,15686,236,781,17,6185,261,8707,252,14892,California
Lake,2021-03-14,11,22848,2,6372,9,15695,0,781,7,6188,4,8711,7,14899,California
Lake,2021-03-15,640,23488,9,6381,613,16308,18,799,480,6526,160,8871,498,15397,California
Lake,2021-03-16,1121,24609,839,7220,265,16573,17,816,401,6227,716,9587,417,15814,California
Lake,2021-03-17,243,24852,119,7339,102,16675,22,838,89,6184,154,9741,111,15925,California
Lake,2021-03-18,747,25599,375,7714,336,17011,36,874,370,6215,374,10115,405,16330,California
Lake,2021-03-19,584,26183,313,8027,250,17261,21,895,479,6611,104,10219,500,16830,California
Lake,2021-03-20,249,26432,8,8035,238,17499,3,898,31,6429,216,10435,34,16864,California
Lake,2021-03-21,16,26448,11,8046,4,17503,1,899,11,6436,5,10440,12,16876,California
Lake,2021-03-22,339,26787,257,8303,67,17570,15,914,251,6614,88,10528,266,17142,California
Lake,2021-03-23,435,27222,23,8326,399,17969,13,927,368,6929,66,10594,381,17523,California
Lake,2021-03-24,422,27644,59,8385,355,18324,8,935,328,7173,93,10687,337,17860,California
Lake,2021-03-25,670,28314,481,8866,184,18508,5,940,173,6853,497,11184,177,18037,California
Lake,2021-03-26,67,28381,32,8898,34,18542,1,941,31,6849,36,11220,32,18069,California
Lake,2021-03-27,307,28688,7,8905,297,18839,3,944,16,6579,289,11509,19,18088,California
Lake,2021-03-28,15,28703,7,8912,8,18847,0,944,8,6580,7,11516,8,18096,California
Lake,2021-03-29,989,29692,287,9199,700,19547,2,946,205,6005,782,12298,207,18303,California
Lake,2021-03-30,467,30159,318,9517,147,19694,2,948,371,6283,95,12393,373,18676,California
Lake,2021-03-31,619,30778,59,9576,560,20254,0,948,435,6543,175,12568,435,19111,California
Lake,2021-04-01,451,31229,237,9813,202,20456,12,960,188,6484,259,12827,200,19311,California
Lake,2021-04-02,223,31452,39,9852,156,20612,28,988,95,6479,128,12955,123,19434,California
Lake,2021-04-03,32,31484,5,9857,24,20636,3,991,12,6474,20,12975,15,19449,California
Lake,2021-04-04,19,31503,11,9868,7,20643,1,992,15,6486,4,12979,16,19465,California
Lake,2021-04-05,646,32149,70,9938,556,21199,20,1012,407,6676,236,13215,426,19891,California
Lake,2021-04-06,478,32627,17,9955,435,21634,26,1038,307,6839,170,13385,333,20224,California
Lake,2021-04-07,522,33149,56,10011,415,22049,51,1089,352,7074,168,13553,403,20627,California
Lake,2021-04-08,607,33756,494,10505,47,22096,66,1155,103,6742,501,14054,169,20796,California
Lake,2021-04-09,279,34035,39,10544,172,22268,68,1223,47,6627,229,14283,114,20910,California
Lake,2021-04-10,254,34289,13,10557,14,22282,227,1450,9,6618,245,14528,236,21146,California
Lake,2021-04-11,22,34311,17,10574,3,22285,2,1452,7,6612,15,14543,9,21155,California
Lake,2021-04-12,1087,35398,234,10808,819,23104,34,1486,246,6056,840,15383,284,21439,California
Lake,2021-04-13,180,35578,109,10917,71,23175,0,1486,52,5980,128,15511,52,21491,California
Lake,2021-04-14,616,36194,36,10953,580,23755,0,1486,553,6470,63,15574,553,22044,California
Lake,2021-04-15,643,36837,192,11145,451,24206,0,1486,329,6487,314,15888,331,22375,California
Lake,2021-04-16,264,37101,25,11170,239,24445,0,1486,70,6364,193,16081,70,22445,California
Lake,2021-04-17,42,37143,11,11181,31,24476,0,1486,31,6384,11,16092,31,22476,California
Lake,2021-04-18,7,37150,4,11185,3,24479,0,1486,0,6377,7,16099,0,22476,California
Lake,2021-04-19,301,37451,40,11225,261,24740,0,1486,250,6576,51,16150,250,22726,California
Lake,2021-04-20,699,38150,281,11506,418,25158,0,1486,92,6063,606,16756,93,22819,California
Lake,2021-04-21,531,38681,61,11567,470,25628,0,1486,196,5924,335,17091,196,23015,California
Lake,2021-04-22,462,39143,46,11613,416,26044,0,1486,317,6097,144,17235,317,23332,California
Lake,2021-04-23,116,39259,58,11671,58,26102,0,1486,69,6120,46,17281,69,23401,California
Lake,2021-04-24,53,39312,8,11679,45,26147,0,1486,39,6145,14,17295,39,23440,California
Lake,2021-04-25,36,39348,19,11698,17,26164,0,1486,24,6157,12,17307,24,23464,California
Lake,2021-04-26,292,39640,81,11779,210,26374,1,1487,87,6040,205,17512,88,23552,California
Lake,2021-04-27,248,39888,22,11801,208,26582,18,1505,85,5980,163,17675,103,23655,California
Lake,2021-04-28,512,40400,48,11849,449,27031,15,1520,91,5666,419,18094,105,23760,California
Lake,2021-04-29,208,40608,81,11930,111,27142,16,1536,110,5693,98,18192,125,23885,California
Lake,2021-04-30,286,40894,43,11973,212,27354,31,1567,147,5732,139,18331,178,24063,California
Lake,2021-05-01,50,40944,28,12001,20,27374,2,1569,35,5755,14,18345,37,24100,California
Lake,2021-05-02,18,40962,9,12010,8,27382,1,1570,9,5756,9,18354,10,24110,California
Lake,2021-05-03,416,41378,28,12038,353,27735,35,1605,65,5506,350,18704,100,24210,California
Lake,2021-05-04,404,41782,216,12254,140,27875,48,1653,124,5399,279,18983,172,24382,California
Lake,2021-05-05,630,42412,44,12298,573,28448,13,1666,86,4956,541,19524,98,24480,California
Lake,2021-05-06,141,42553,19,12317,93,28541,29,1695,72,4987,69,19593,100,24580,California
Lake,2021-05-07,163,42716,27,12344,116,28657,20,1715,105,5056,56,19649,125,24705,California
Lake,2021-05-08,43,42759,7,12351,36,28693,0,1715,36,5085,7,19656,36,24741,California
Lake,2021-05-09,17,42776,2,12353,10,28703,5,1720,10,5093,7,19663,15,24756,California
Lake,2021-05-10,246,43022,11,12364,208,28911,27,1747,59,4993,186,19849,86,24842,California
Lake,2021-05-11,193,43215,25,12389,151,29062,17,1764,115,5048,78,19927,133,24975,California
Lake,2021-05-12,540,43755,32,12421,488,29550,20,1784,55,4637,485,20412,74,25049,California
Lake,2021-05-13,313,44068,66,12487,233,29783,14,1798,73,4486,238,20650,87,25136,California
Lake,2021-05-14,265,44333,81,12568,165,29948,19,1817,161,4563,102,20752,179,25315,California
Lake,2021-05-15,42,44375,16,12584,23,29971,3,1820,26,4576,16,20768,29,25344,California
Lake,2021-05-16,31,44406,18,12602,12,29983,1,1821,17,4580,14,20782,18,25362,California
Lake,2021-05-17,315,44721,41,12643,259,30242,15,1836,84,4451,228,21010,99,25461,California
Lake,2021-05-18,302,45023,65,12708,218,30460,19,1855,175,4519,126,21136,194,25655,California
Lake,2021-05-19,312,45335,57,12765,240,30700,15,1870,88,4399,223,21359,103,25758,California
Lake,2021-05-20,236,45571,60,12825,165,30865,11,1881,93,4360,143,21502,104,25862,California
Lake,2021-05-21,271,45842,50,12875,198,31063,23,1904,112,4338,157,21659,135,25997,California
Lake,2021-05-22,94,45936,53,12928,38,31101,3,1907,45,4337,49,21708,48,26045,California
Lake,2021-05-23,57,45993,28,12956,28,31129,1,1908,29,4339,28,21736,30,26075,California
Lake,2021-05-24,155,46148,35,12991,106,31235,14,1922,70,4338,85,21821,84,26159,California
Lake,2021-05-25,204,46352,55,13046,137,31372,12,1934,73,4293,130,21951,85,26244,California
Lake,2021-05-26,150,46502,44,13090,95,31467,11,1945,54,4264,94,22045,65,26309,California
Lake,2021-05-27,174,46676,47,13137,113,31580,14,1959,60,4225,113,22158,74,26383,California
Lake,2021-05-28,223,46899,20,13157,164,31744,39,1998,49,4141,171,22329,87,26470,California
Lake,2021-05-29,37,46936,10,13167,21,31765,6,2004,14,4138,23,22352,20,26490,California
Lake,2021-05-30,22,46958,6,13173,14,31779,2,2006,12,4142,10,22362,14,26504,California
Lake,2021-05-31,63,47021,21,13194,40,31819,2,2008,53,4187,10,22372,55,26559,California
Lake,2021-06-01,197,47218,37,13231,151,31970,9,2017,68,4136,128,22500,77,26636,California
Lake,2021-06-02,132,47350,45,13276,75,32045,12,2029,54,4124,78,22578,66,26702,California
Lake,2021-06-03,182,47532,55,13331,109,32154,18,2047,79,4118,103,22681,97,26799,California
Lake,2021-06-04,180,47712,51,13382,114,32268,15,2062,45,4045,133,22814,60,26859,California
Lake,2021-06-05,92,47804,56,13438,28,32296,8,2070,55,4071,37,22851,63,26922,California
Lake,2021-06-06,67,47871,37,13475,30,32326,0,2070,23,4050,44,22895,23,26945,California
Lake,2021-06-07,88,47959,29,13504,51,32377,8,2078,30,4031,57,22952,38,26983,California
Lake,2021-06-08,180,48139,67,13571,101,32478,12,2090,67,3997,113,23065,79,27062,California
Lake,2021-06-09,171,48310,45,13616,122,32600,4,2094,37,3906,132,23197,41,27103,California
Lake,2021-06-10,118,48428,58,13674,49,32649,11,2105,46,3891,72,23269,57,27160,California
Lake,2021-06-11,191,48619,61,13735,109,32758,21,2126,43,3809,146,23415,64,27224,California
Lake,2021-06-12,63,48682,36,13771,23,32781,4,2130,31,3812,32,23447,35,27259,California
Lake,2021-06-13,25,48707,12,13783,13,32794,0,2130,10,3807,15,23462,10,27269,California
Lake,2021-06-14,161,48868,76,13859,74,32868,11,2141,44,3745,117,23579,55,27324,California
Lake,2021-06-15,130,48998,36,13895,81,32949,13,2154,41,3710,89,23668,54,27378,California
Lassen,2020-12-16,4,4,4,4,0,0,0,0,4,4,0,0,4,4,California
Lassen,2020-12-17,1,5,1,5,0,0,0,0,1,5,0,0,1,5,California
Lassen,2020-12-18,1,6,1,6,0,0,0,0,1,6,0,0,1,6,California
Lassen,2020-12-19,5,11,5,11,0,0,0,0,5,11,0,0,5,11,California
Lassen,2020-12-20,2,13,2,13,0,0,0,0,2,13,0,0,2,13,California
Lassen,2020-12-21,11,24,11,24,0,0,0,0,11,24,0,0,11,24,California
Lassen,2020-12-22,20,44,20,44,0,0,0,0,20,44,0,0,20,44,California
Lassen,2020-12-23,5,49,5,49,0,0,0,0,5,49,0,0,5,49,California
Lassen,2020-12-24,5,54,5,54,0,0,0,0,5,54,0,0,5,54,California
Lassen,2020-12-28,3,57,2,56,1,1,0,0,3,57,0,0,3,57,California
Lassen,2020-12-29,34,91,34,90,0,1,0,0,34,91,0,0,34,91,California
Lassen,2020-12-30,28,119,27,117,1,2,0,0,28,119,0,0,28,119,California
Lassen,2020-12-31,49,168,42,159,7,9,0,0,49,168,0,0,49,168,California
Lassen,2021-01-02,1,169,0,159,1,10,0,0,1,169,0,0,1,169,California
Lassen,2021-01-04,14,183,2,161,12,22,0,0,14,183,0,0,14,183,California
Lassen,2021-01-05,189,372,51,212,138,160,0,0,189,372,0,0,189,372,California
Lassen,2021-01-06,89,461,38,250,51,211,0,0,84,452,5,5,85,457,California
Lassen,2021-01-07,38,499,2,252,36,247,0,0,37,488,1,6,37,494,California
Lassen,2021-01-08,49,548,2,254,47,294,0,0,49,537,0,6,49,543,California
Lassen,2021-01-09,12,560,6,260,6,300,0,0,12,549,0,6,12,555,California
Lassen,2021-01-11,27,587,5,265,22,322,0,0,27,576,0,6,27,582,California
Lassen,2021-01-12,46,633,26,291,20,342,0,0,29,588,17,23,29,611,California
Lassen,2021-01-13,159,792,16,307,143,485,0,0,146,721,13,36,146,757,California
Lassen,2021-01-14,154,946,12,319,142,627,0,0,147,861,7,43,147,904,California
Lassen,2021-01-15,22,968,3,322,19,646,0,0,22,883,0,43,22,926,California
Lassen,2021-01-16,34,1002,33,355,1,647,0,0,34,917,0,43,34,960,California
Lassen,2021-01-17,1,1003,0,355,1,648,0,0,1,918,0,43,1,961,California
Lassen,2021-01-18,4,1007,2,357,2,650,0,0,3,920,1,44,3,964,California
Lassen,2021-01-19,182,1189,34,391,148,798,0,0,154,1046,28,72,154,1118,California
Lassen,2021-01-20,161,1350,90,481,71,869,0,0,86,1072,60,132,86,1204,California
Lassen,2021-01-21,133,1483,88,569,45,914,0,0,109,1163,18,150,109,1313,California
Lassen,2021-01-22,28,1511,15,584,13,927,0,0,18,1171,10,160,18,1331,California
Lassen,2021-01-24,1,1512,0,584,1,928,0,0,1,1172,0,160,1,1332,California
Lassen,2021-01-25,10,1522,1,585,9,937,0,0,9,1180,1,161,9,1341,California
Lassen,2021-01-26,112,1634,3,588,109,1046,0,0,110,1288,2,163,110,1451,California
Lassen,2021-01-27,65,1699,20,608,45,1091,0,0,50,1323,15,178,50,1501,California
Lassen,2021-01-28,78,1777,11,619,67,1158,0,0,77,1399,1,179,77,1578,California
Lassen,2021-01-29,15,1792,3,622,12,1170,0,0,14,1412,1,180,14,1592,California
Lassen,2021-02-01,48,1840,2,624,46,1216,0,0,25,1414,23,203,25,1617,California
Lassen,2021-02-02,165,2005,6,630,159,1375,0,0,34,1317,131,334,34,1651,California
Lassen,2021-02-03,89,2094,17,647,72,1447,0,0,45,1318,44,378,45,1696,California
Lassen,2021-02-04,102,2196,8,655,94,1541,0,0,54,1324,48,426,54,1750,California
Lassen,2021-02-05,53,2249,6,661,47,1588,0,0,15,1301,38,464,15,1765,California
Lassen,2021-02-06,69,2318,34,695,35,1623,0,0,36,1305,32,496,36,1801,California
Lassen,2021-02-07,1,2319,1,696,0,1623,0,0,1,1306,0,496,1,1802,California
Lassen,2021-02-08,40,2359,4,700,36,1659,0,0,14,1294,26,522,14,1816,California
Lassen,2021-02-09,119,2478,4,704,115,1774,0,0,43,1261,76,598,43,1859,California
Lassen,2021-02-10,158,2636,15,719,143,1917,0,0,52,1207,106,704,52,1911,California
Lassen,2021-02-11,154,2790,8,727,146,2063,0,0,57,1168,96,800,57,1968,California
Lassen,2021-02-12,26,2816,5,732,21,2084,0,0,9,1160,17,817,9,1977,California
Lassen,2021-02-13,10,2826,2,734,8,2092,0,0,8,1166,2,819,8,1985,California
Lassen,2021-02-14,13,2839,0,734,13,2105,0,0,12,1177,1,820,12,1997,California
Lassen,2021-02-15,19,2858,2,736,17,2122,0,0,15,1189,3,823,15,2012,California
Lassen,2021-02-16,182,3040,3,739,179,2301,0,0,22,1053,158,981,22,2034,California
Lassen,2021-02-17,149,3189,79,818,70,2371,0,0,6,916,143,1124,6,2040,California
Lassen,2021-02-18,64,3253,13,831,51,2422,0,0,16,884,48,1172,16,2056,California
Lassen,2021-02-19,70,3323,52,883,18,2440,0,0,12,838,58,1230,12,2068,California
Lassen,2021-02-20,7,3330,0,883,7,2447,0,0,6,843,1,1231,6,2074,California
Lassen,2021-02-21,21,3351,1,884,20,2467,0,0,17,856,4,1235,17,2091,California
Lassen,2021-02-22,20,3371,10,894,10,2477,0,0,5,846,15,1250,5,2096,California
Lassen,2021-02-23,146,3517,6,900,140,2617,0,0,43,786,103,1353,43,2139,California
Lassen,2021-02-24,135,3652,10,910,125,2742,0,0,87,826,47,1400,87,2226,California
Lassen,2021-02-25,139,3791,14,924,125,2867,0,0,88,863,51,1451,88,2314,California
Lassen,2021-02-26,65,3856,12,936,53,2920,0,0,33,864,32,1483,33,2347,California
Lassen,2021-02-27,7,3863,7,943,0,2920,0,0,3,863,4,1487,3,2350,California
Lassen,2021-02-28,4,3867,1,944,3,2923,0,0,1,861,3,1490,1,2351,California
Lassen,2021-03-01,29,3896,3,947,26,2949,0,0,6,845,22,1512,6,2357,California
Lassen,2021-03-02,97,3993,5,952,92,3041,0,0,77,903,19,1531,77,2434,California
Lassen,2021-03-03,139,4132,6,958,133,3174,0,0,90,944,49,1580,90,2524,California
Lassen,2021-03-04,143,4275,14,972,129,3303,0,0,94,990,48,1628,94,2618,California
Lassen,2021-03-05,43,4318,4,976,15,3318,24,24,9,989,34,1662,33,2651,California
Lassen,2021-03-06,54,4372,3,979,29,3347,22,46,5,967,49,1711,27,2678,California
Lassen,2021-03-07,56,4428,1,980,0,3347,55,101,1,968,55,1766,56,2734,California
Lassen,2021-03-08,84,4512,2,982,4,3351,78,179,1,964,83,1849,79,2813,California
Lassen,2021-03-09,127,4639,4,986,106,3457,17,196,81,1016,46,1895,98,2911,California
Lassen,2021-03-10,132,4771,7,993,124,3581,1,197,74,1034,57,1952,75,2986,California
Lassen,2021-03-11,168,4939,10,1003,152,3733,6,203,99,1073,66,2018,105,3091,California
Lassen,2021-03-12,17,4956,7,1010,7,3740,3,206,5,1069,12,2030,8,3099,California
Lassen,2021-03-13,48,5004,0,1010,2,3742,46,252,1,1068,47,2077,46,3145,California
Lassen,2021-03-14,12,5016,0,1010,11,3753,1,253,1,1059,11,2088,2,3147,California
Lassen,2021-03-15,27,5043,2,1012,25,3778,0,253,12,1056,15,2103,12,3159,California
Lassen,2021-03-16,88,5131,2,1014,81,3859,5,258,72,1117,16,2119,77,3236,California
Lassen,2021-03-17,1084,6215,8,1022,1071,4930,5,263,1066,2170,18,2137,1071,4307,California
Lassen,2021-03-18,86,6301,7,1029,78,5008,1,264,75,2235,11,2148,76,4383,California
Lassen,2021-03-19,11,6312,7,1036,2,5010,2,266,5,2236,6,2154,7,4390,California
Lassen,2021-03-20,17,6329,3,1039,12,5022,2,268,11,2243,6,2160,13,4403,California
Lassen,2021-03-21,33,6362,0,1039,33,5055,0,268,13,2237,19,2179,13,4416,California
Lassen,2021-03-22,43,6405,1,1040,42,5097,0,268,40,2274,3,2182,40,4456,California
Lassen,2021-03-23,113,6518,7,1047,105,5202,1,269,60,2282,53,2235,61,4517,California
Lassen,2021-03-24,177,6695,8,1055,168,5370,1,270,93,2294,82,2317,94,4611,California
Lassen,2021-03-25,143,6838,15,1070,128,5498,0,270,63,2277,80,2397,63,4674,California
Lassen,2021-03-26,71,6909,8,1078,25,5523,38,308,15,2274,55,2452,52,4726,California
Lassen,2021-03-27,18,6927,2,1080,1,5524,15,323,2,2275,16,2468,17,4743,California
Lassen,2021-03-28,12,6939,2,1082,1,5525,9,332,1,2274,11,2479,10,4753,California
Lassen,2021-03-29,52,6991,0,1082,27,5552,25,357,20,2288,31,2510,45,4798,California
Lassen,2021-03-30,170,7161,3,1085,142,5694,25,382,50,2243,120,2630,75,4873,California
Lassen,2021-03-31,141,7302,10,1095,110,5804,21,403,57,2238,83,2713,78,4951,California
Lassen,2021-04-01,151,7453,9,1104,123,5927,19,422,43,2193,107,2820,62,5013,California
Lassen,2021-04-02,27,7480,3,1107,2,5929,22,444,1,2190,26,2846,23,5036,California
Lassen,2021-04-03,12,7492,0,1107,2,5931,10,454,0,2188,12,2858,10,5046,California
Lassen,2021-04-04,5,7497,1,1108,0,5931,4,458,1,2189,4,2862,5,5051,California
Lassen,2021-04-05,17,7514,1,1109,10,5941,6,464,10,2198,7,2869,16,5067,California
Lassen,2021-04-06,170,7684,5,1114,135,6076,30,494,50,2158,120,2989,80,5147,California
Lassen,2021-04-07,123,7807,5,1119,86,6162,32,526,32,2133,91,3080,66,5213,California
Lassen,2021-04-08,158,7965,7,1126,99,6261,52,578,28,2087,126,3206,80,5293,California
Lassen,2021-04-09,44,8009,6,1132,6,6267,32,610,8,2091,35,3241,39,5332,California
Lassen,2021-04-10,8,8017,0,1132,2,6269,6,616,0,2090,7,3248,6,5338,California
Lassen,2021-04-11,6,8023,2,1134,1,6270,3,619,3,2093,3,3251,6,5344,California
Lassen,2021-04-12,29,8052,4,1138,12,6282,13,632,4,2085,25,3276,17,5361,California
Lassen,2021-04-13,117,8169,3,1141,114,6396,0,632,28,2025,88,3364,28,5389,California
Lassen,2021-04-14,981,9150,8,1149,973,7369,0,632,47,1139,933,4297,47,5436,California
Lassen,2021-04-15,134,9284,12,1161,122,7491,0,632,12,1029,122,4419,12,5448,California
Lassen,2021-04-16,9,9293,2,1163,7,7498,0,632,5,1030,4,4423,5,5453,California
Lassen,2021-04-17,11,9304,2,1165,9,7507,0,632,3,1025,8,4431,3,5456,California
Lassen,2021-04-18,4,9308,1,1166,3,7510,0,632,1,1023,3,4434,1,5457,California
Lassen,2021-04-19,30,9338,0,1166,30,7540,0,632,14,1021,16,4450,14,5471,California
Lassen,2021-04-20,130,9468,6,1172,124,7664,0,632,47,985,83,4533,47,5518,California
Lassen,2021-04-21,140,9608,6,1178,134,7798,0,632,30,907,108,4641,30,5548,California
Lassen,2021-04-22,95,9703,14,1192,81,7879,0,632,28,868,67,4708,28,5576,California
Lassen,2021-04-23,21,9724,0,1192,21,7900,0,632,18,883,3,4711,18,5594,California
Lassen,2021-04-24,9,9733,5,1197,4,7904,0,632,3,880,6,4717,3,5597,California
Lassen,2021-04-25,5,9738,0,1197,4,7908,1,633,3,882,2,4719,4,5601,California
Lassen,2021-04-26,40,9778,1,1198,35,7943,4,637,8,862,32,4751,12,5613,California
Lassen,2021-04-27,107,9885,5,1203,99,8042,3,640,55,868,52,4803,58,5671,California
Lassen,2021-04-28,81,9966,6,1209,73,8115,2,642,29,847,52,4855,31,5702,California
Lassen,2021-04-29,59,10025,5,1214,51,8166,3,645,20,832,38,4893,23,5725,California
Lassen,2021-04-30,12,10037,7,1221,2,8168,3,648,3,829,9,4902,6,5731,California
Lassen,2021-05-01,4,10041,0,1221,3,8171,1,649,3,832,1,4903,4,5735,California
Lassen,2021-05-02,10,10051,6,1227,4,8175,0,649,6,834,4,4907,6,5741,California
Lassen,2021-05-03,17,10068,2,1229,9,8184,6,655,2,827,15,4922,8,5749,California
Lassen,2021-05-04,67,10135,2,1231,58,8242,7,662,19,805,48,4970,26,5775,California
Lassen,2021-05-05,80,10215,4,1235,65,8307,11,673,25,787,54,5024,36,5811,California
Lassen,2021-05-06,69,10284,17,1252,30,8337,22,695,17,774,52,5076,39,5850,California
Lassen,2021-05-07,48,10332,32,1284,11,8348,5,700,41,813,7,5083,46,5896,California
Lassen,2021-05-08,11,10343,0,1284,5,8353,6,706,4,816,7,5090,10,5906,California
Lassen,2021-05-09,1,10344,0,1284,0,8353,1,707,0,816,1,5091,1,5907,California
Lassen,2021-05-10,11,10355,1,1285,7,8360,3,710,5,818,6,5097,8,5915,California
Lassen,2021-05-11,57,10412,0,1285,49,8409,8,718,17,803,40,5137,25,5940,California
Lassen,2021-05-12,40,10452,3,1288,32,8441,5,723,13,794,27,5164,18,5958,California
Lassen,2021-05-13,25,10477,8,1296,12,8453,5,728,7,788,18,5182,12,5970,California
Lassen,2021-05-14,20,10497,3,1299,9,8462,8,736,11,798,9,5191,19,5989,California
Lassen,2021-05-15,16,10513,2,1301,4,8466,10,746,4,800,12,5203,14,6003,California
Lassen,2021-05-16,7,10520,2,1303,3,8469,2,748,2,800,4,5207,4,6007,California
Lassen,2021-05-17,34,10554,3,1306,19,8488,12,760,10,798,24,5231,22,6029,California
Lassen,2021-05-18,83,10637,6,1312,65,8553,12,772,23,773,60,5291,35,6064,California
Lassen,2021-05-19,52,10689,2,1314,41,8594,9,781,7,744,44,5335,15,6079,California
Lassen,2021-05-20,33,10722,8,1322,16,8610,9,790,12,744,21,5356,21,6100,California
Lassen,2021-05-21,62,10784,28,1350,20,8630,14,804,33,762,29,5385,47,6147,California
Lassen,2021-05-22,17,10801,2,1352,7,8637,8,812,7,767,10,5395,15,6162,California
Lassen,2021-05-23,5,10806,3,1355,1,8638,1,813,0,763,5,5400,1,6163,California
Lassen,2021-05-24,12,10818,1,1356,9,8647,2,815,6,766,5,5405,8,6171,California
Lassen,2021-05-25,90,10908,6,1362,75,8722,9,824,32,749,58,5463,41,6212,California
Lassen,2021-05-26,57,10965,0,1362,42,8764,15,839,11,729,46,5509,26,6238,California
Lassen,2021-05-27,41,11006,17,1379,18,8782,6,845,12,719,28,5537,18,6256,California
Lassen,2021-05-28,70,11076,44,1423,18,8800,8,853,29,715,41,5578,37,6293,California
Lassen,2021-05-29,15,11091,1,1424,12,8812,2,855,9,720,6,5584,11,6304,California
Lassen,2021-05-30,2,11093,0,1424,1,8813,1,856,1,721,1,5585,2,6306,California
Lassen,2021-05-31,7,11100,0,1424,6,8819,1,857,1,717,6,5591,2,6308,California
Lassen,2021-06-01,43,11143,1,1425,36,8855,6,863,16,712,27,5618,22,6330,California
Lassen,2021-06-02,51,11194,2,1427,35,8890,14,877,12,700,38,5656,26,6356,California
Lassen,2021-06-03,20,11214,2,1429,9,8899,9,886,7,703,13,5669,16,6372,California
Lassen,2021-06-04,36,11250,1,1430,23,8922,12,898,11,701,25,5694,23,6395,California
Lassen,2021-06-05,15,11265,3,1433,7,8929,5,903,4,699,11,5705,9,6404,California
Lassen,2021-06-06,5,11270,0,1433,2,8931,3,906,1,699,4,5709,4,6408,California
Lassen,2021-06-07,16,11286,0,1433,8,8939,8,914,3,697,13,5722,11,6419,California
Lassen,2021-06-08,35,11321,4,1437,27,8966,4,918,14,694,21,5743,18,6437,California
Lassen,2021-06-09,17,11338,1,1438,14,8980,2,920,7,694,9,5752,9,6446,California
Lassen,2021-06-10,19,11357,10,1448,7,8987,2,922,10,697,9,5761,12,6458,California
Lassen,2021-06-11,39,11396,28,1476,11,8998,0,922,12,682,27,5788,12,6470,California
Lassen,2021-06-12,4,11400,0,1476,4,9002,0,922,1,680,3,5791,1,6471,California
Lassen,2021-06-13,3,11403,2,1478,1,9003,0,922,1,679,2,5793,1,6472,California
Lassen,2021-06-14,8,11411,1,1479,6,9009,1,923,3,679,4,5797,4,6476,California
Lassen,2021-06-15,9,11420,0,1479,9,9018,0,923,0,670,9,5806,0,6476,California
Los Angeles,2020-12-15,397,397,397,397,0,0,0,0,397,397,0,0,397,397,California
Los Angeles,2020-12-16,3582,3979,3582,3979,0,0,0,0,3582,3979,0,0,3582,3979,California
Los Angeles,2020-12-17,10403,14382,10403,14382,0,0,0,0,10404,14383,0,0,10404,14383,California
Los Angeles,2020-12-18,14755,29137,14732,29114,23,23,0,0,14754,29137,0,0,14754,29137,California
Los Angeles,2020-12-19,7231,36368,7222,36336,9,32,0,0,7234,36371,0,0,7234,36371,California
Los Angeles,2020-12-20,4621,40989,4611,40947,10,42,0,0,4623,40994,0,0,4623,40994,California
Los Angeles,2020-12-21,13738,54727,13721,54668,17,59,0,0,13738,54731,1,1,13738,54732,California
Los Angeles,2020-12-22,11572,66299,11178,65846,394,453,0,0,11572,66301,2,3,11572,66304,California
Los Angeles,2020-12-23,11990,78289,10214,76060,1776,2229,0,0,11991,78292,0,3,11991,78295,California
Los Angeles,2020-12-24,7056,85345,4277,80337,2779,5008,0,0,7059,85351,0,3,7059,85354,California
Los Angeles,2020-12-25,529,85874,422,80759,107,5115,0,0,530,85881,0,3,530,85884,California
Los Angeles,2020-12-26,2538,88412,2193,82952,345,5460,0,0,2537,88416,2,5,2537,88421,California
Los Angeles,2020-12-27,1776,90188,1037,83989,739,6199,0,0,1776,90192,0,5,1776,90197,California
Los Angeles,2020-12-28,10372,100560,6419,90408,3953,10152,0,0,10369,100560,1,6,10369,100566,California
Los Angeles,2020-12-29,11669,112229,6120,96528,5549,15701,0,0,11669,112229,0,6,11669,112235,California
Los Angeles,2020-12-30,14942,127171,8123,104651,6819,22520,0,0,14940,127168,1,7,14940,127175,California
Los Angeles,2020-12-31,7995,135166,2779,107430,5216,27736,0,0,7991,135156,3,10,7991,135166,California
Los Angeles,2021-01-01,1075,136241,312,107742,763,28499,0,0,1073,136227,2,12,1073,136239,California
Los Angeles,2021-01-02,4496,140737,1681,109423,2815,31314,0,0,4496,140723,0,12,4496,140735,California
Los Angeles,2021-01-03,967,141704,226,109649,741,32055,0,0,965,141686,2,14,965,141700,California
Los Angeles,2021-01-04,12771,154475,4896,114545,7875,39930,0,0,12756,154440,2,16,12756,154456,California
Los Angeles,2021-01-05,16121,170596,7123,121668,8998,48928,0,0,14201,166756,1891,1907,14207,168663,California
Los Angeles,2021-01-06,22792,193388,12129,133797,10663,59591,0,0,17125,178294,5598,7505,17136,185799,California
Los Angeles,2021-01-07,29457,222845,15853,149650,13604,73195,0,0,18869,186639,10540,18045,18885,204684,California
Los Angeles,2021-01-08,33258,256103,17976,167626,15282,88477,0,0,20962,195342,12270,30315,20973,225657,California
Los Angeles,2021-01-09,12444,268547,7113,174739,5331,93808,0,0,7550,198008,4891,35206,7557,233214,California
Los Angeles,2021-01-10,4709,273256,3652,178391,1057,94865,0,0,1971,197242,2738,37944,1972,235186,California
Los Angeles,2021-01-11,25918,299174,16311,194702,9607,104472,0,0,14939,201224,10967,48911,14949,250135,California
Los Angeles,2021-01-12,29447,328621,16247,210949,13200,117672,0,0,19284,210376,10146,59057,19298,269433,California
Los Angeles,2021-01-13,29411,358032,15690,226639,13721,131393,0,0,20412,221816,8980,68037,20420,289853,California
Los Angeles,2021-01-14,29387,387419,12749,239388,16638,148031,0,0,23830,240124,5536,73573,23844,313697,California
Los Angeles,2021-01-15,34001,421420,12406,251794,21595,169626,0,0,30407,266971,3569,77142,30416,344113,California
Los Angeles,2021-01-16,17695,439115,5003,256797,12692,182318,0,0,15898,281087,1788,78930,15904,360017,California
Los Angeles,2021-01-17,5235,444350,2338,259135,2897,185215,0,0,4987,285829,247,79177,4989,365006,California
Los Angeles,2021-01-18,15710,460060,10145,269280,5565,190780,0,0,10962,292059,4735,83912,10965,375971,California
Los Angeles,2021-01-19,38776,498836,20664,289944,18112,208892,0,0,30924,315189,7810,91722,30940,406911,California
Los Angeles,2021-01-20,46662,545498,24291,314235,22371,231263,0,0,39130,346834,7500,99222,39145,446056,California
Los Angeles,2021-01-21,49152,594650,22537,336772,26615,257878,0,0,44822,387418,4262,103484,44846,490902,California
Los Angeles,2021-01-22,48485,643135,22467,359239,26018,283896,0,0,45016,429028,3421,106905,45031,535933,California
Los Angeles,2021-01-23,34317,677452,15828,375067,18489,302385,0,0,32236,459228,2050,108955,32250,568183,California
Los Angeles,2021-01-24,15766,693218,12235,387302,3531,305916,0,0,15212,473898,545,109500,15215,583398,California
Los Angeles,2021-01-25,39662,732880,16751,404053,22911,328827,0,0,30978,496241,8651,118151,30994,614392,California
Los Angeles,2021-01-26,50011,782891,24841,428894,25170,353997,0,0,41738,529771,8236,126387,41766,656158,California
Los Angeles,2021-01-27,51453,834344,26178,455072,25275,379272,0,0,41994,562481,9317,135704,42027,698185,California
Los Angeles,2021-01-28,49449,883793,23756,478828,25693,404965,0,0,40947,595079,8379,144083,40977,739162,California
Los Angeles,2021-01-29,50145,933938,25941,504769,24204,429169,0,0,39993,625300,9797,153880,40018,779180,California
Los Angeles,2021-01-30,30660,964598,15885,520654,14775,443944,0,0,26317,647365,4261,158141,26326,805506,California
Los Angeles,2021-01-31,13283,977881,10587,531241,2696,446640,0,0,12456,659013,812,158953,12460,817966,California
Los Angeles,2021-02-01,38906,1016787,16692,547933,22214,468854,0,0,28321,676800,10545,169498,28332,846298,California
Los Angeles,2021-02-02,44945,1061732,18168,566101,26777,495631,0,0,32720,697344,12182,181680,32726,879024,California
Los Angeles,2021-02-03,52501,1114233,19761,585862,32740,528371,0,0,37556,720207,14700,196380,37563,916587,California
Los Angeles,2021-02-04,57432,1171665,20871,606733,36561,564932,0,0,39326,741752,17795,214175,39340,955927,California
Los Angeles,2021-02-05,61848,1233513,21331,628064,40517,605449,0,0,39743,759850,21657,235832,39755,995682,California
Los Angeles,2021-02-06,35949,1269462,13666,641730,22283,627732,0,0,27454,778910,8416,244248,27476,1023158,California
Los Angeles,2021-02-07,11137,1280599,8695,650425,2442,630174,0,0,8740,785276,2381,246629,8747,1031905,California
Los Angeles,2021-02-08,47587,1328186,22226,672651,25361,655535,0,0,31280,800390,16168,262797,31282,1063187,California
Los Angeles,2021-02-09,56165,1384351,24900,697551,31265,686800,0,0,28621,801558,27461,290258,28629,1091816,California
Los Angeles,2021-02-10,67197,1451548,29524,727075,37673,724473,0,0,30820,796397,35992,326250,30831,1122647,California
Los Angeles,2021-02-11,58583,1510131,31351,758426,27232,751705,0,0,28341,794955,29788,356038,28346,1150993,California
Los Angeles,2021-02-12,60066,1570197,29980,788406,30086,781791,0,0,26257,787792,33438,389476,26275,1177268,California
Los Angeles,2021-02-13,33937,1604134,19801,808207,14136,795927,0,0,15444,784874,18403,407879,15485,1192753,California
Los Angeles,2021-02-14,21857,1625991,14912,823119,6945,802872,0,0,8788,780660,13005,420884,8791,1201544,California
Los Angeles,2021-02-15,33081,1659072,16098,839217,16983,819855,0,0,18107,783866,14907,435791,18113,1219657,California
Los Angeles,2021-02-16,64649,1723721,32977,872194,31672,851527,0,0,29913,779160,34632,470423,29926,1249583,California
Los Angeles,2021-02-17,65380,1789101,34971,907165,30409,881936,0,0,26536,767054,38648,509071,26542,1276125,California
Los Angeles,2021-02-18,69079,1858180,35249,942414,33830,915766,0,0,28711,755597,40177,549248,28720,1304845,California
Los Angeles,2021-02-19,58867,1917047,36434,978848,22433,938199,0,0,28694,754248,30060,579308,28711,1333556,California
Los Angeles,2021-02-20,33345,1950392,24344,1003192,9001,947200,0,0,15960,752888,17330,596638,15970,1349526,California
Los Angeles,2021-02-21,22592,1972984,20909,1024101,1683,948883,0,0,11143,752652,11383,608021,11147,1360673,California
Los Angeles,2021-02-22,34873,2007857,25438,1049539,9435,958318,0,0,17924,753725,16864,624885,17937,1378610,California
Los Angeles,2021-02-23,55319,2063176,23972,1073511,31347,989665,0,0,21661,741863,33535,658420,21673,1400283,California
Los Angeles,2021-02-24,65419,2128595,29183,1102694,36236,1025901,0,0,28159,732964,37076,695496,28177,1428460,California
Los Angeles,2021-02-25,74601,2203196,34198,1136892,40403,1066304,0,0,38368,735283,36062,731558,38381,1466841,California
Los Angeles,2021-02-26,84175,2287371,39016,1175908,45159,1111463,0,0,47130,745632,36810,768368,47159,1514000,California
Los Angeles,2021-02-27,60700,2348071,26822,1202730,33871,1145334,7,7,30912,746960,29614,797982,30942,1544942,California
Los Angeles,2021-02-28,27168,2375239,18772,1221502,8393,1153727,3,10,18954,757817,8106,806088,18963,1563905,California
Los Angeles,2021-03-01,57550,2432789,32848,1254350,24668,1178395,34,44,34371,769254,22986,829074,34423,1598328,California
Los Angeles,2021-03-02,78015,2510804,37946,1292296,40063,1218458,6,50,49079,789564,28787,857861,49097,1647425,California
Los Angeles,2021-03-03,85632,2596436,43907,1336203,41709,1260167,16,66,54177,812512,31270,889131,54218,1701643,California
Los Angeles,2021-03-04,91620,2688056,46879,1383082,44727,1304894,14,80,57959,837035,33469,922600,57992,1759635,California
Los Angeles,2021-03-05,90373,2778429,44563,1427645,45777,1350671,33,113,60428,867795,29737,952337,60497,1820132,California
Los Angeles,2021-03-06,67517,2845946,34409,1462054,31277,1381948,1831,1944,43530,889320,23837,976174,45362,1865494,California
Los Angeles,2021-03-07,27322,2873268,20812,1482866,5674,1387622,836,2780,21154,905169,6135,982309,21984,1887478,California
Los Angeles,2021-03-08,52917,2926185,27966,1510832,22975,1410597,1976,4756,39956,934247,12850,995159,41928,1929406,California
Los Angeles,2021-03-09,81617,3007802,38768,1549600,39556,1450153,3293,8049,51948,959959,29516,1024675,55228,1984634,California
Los Angeles,2021-03-10,83325,3091127,40965,1590565,37471,1487624,4889,12938,52686,987029,30461,1055136,57531,2042165,California
Los Angeles,2021-03-11,92943,3184070,45400,1635965,40842,1528466,6701,19639,54385,1009709,38358,1093494,61038,2103203,California
Los Angeles,2021-03-12,99184,3283254,44687,1680652,40573,1569039,13924,33563,57758,1040125,41211,1134705,71627,2174830,California
Los Angeles,2021-03-13,75894,3359148,35861,1716513,28057,1597096,11976,45539,45326,1066939,30448,1165153,57262,2232092,California
Los Angeles,2021-03-14,39179,3398327,26333,1742846,10297,1607393,2549,48088,24046,1078450,15059,1180212,26570,2258662,California
Los Angeles,2021-03-15,75076,3473403,36654,1779500,32969,1640362,5453,53541,45461,1099915,29420,1209632,50885,2309547,California
Los Angeles,2021-03-16,100066,3573469,43806,1823306,50371,1690733,5889,59430,64770,1135430,35093,1244725,70608,2380155,California
Los Angeles,2021-03-17,97559,3671028,44318,1867624,44913,1735646,8328,67758,65271,1176821,32072,1276797,73463,2453618,California
Los Angeles,2021-03-18,102032,3773060,48786,1916410,47905,1783551,5341,73099,64737,1209881,36999,1313796,70059,2523677,California
Los Angeles,2021-03-19,109315,3882375,57012,1973422,47523,1831074,4780,77879,67347,1240266,41693,1355489,72078,2595755,California
Los Angeles,2021-03-20,76507,3958882,37822,2011244,34098,1865172,4587,82466,51905,1272330,24410,1379899,56474,2652229,California
Los Angeles,2021-03-21,34671,3993553,25783,2037027,7986,1873158,902,83368,22226,1283133,12323,1392222,23126,2675355,California
Los Angeles,2021-03-22,71035,4064588,41737,2078764,27124,1900282,2174,85542,49810,1314158,20953,1413175,51978,2727333,California
Los Angeles,2021-03-23,96570,4161158,52224,2130988,41100,1941382,3246,88788,58398,1337894,37895,1451070,61631,2788964,California
Los Angeles,2021-03-24,105127,4266285,55754,2186742,46206,1987588,3167,91955,60713,1357676,44083,1495153,63865,2852829,California
Los Angeles,2021-03-25,110876,4377161,59421,2246163,47548,2035136,3907,95862,62214,1375426,48349,1543502,66099,2918928,California
Los Angeles,2021-03-26,115456,4492617,63291,2309454,47987,2083123,4178,100040,63608,1391629,51554,1595056,67757,2986685,California
Los Angeles,2021-03-27,83673,4576290,44049,2353503,37490,2120613,2134,102174,42646,1395649,40756,1635812,44776,3031461,California
Los Angeles,2021-03-28,42276,4618566,28682,2382185,13009,2133622,585,102759,20067,1394221,22079,1657891,20651,3052112,California
Los Angeles,2021-03-29,83149,4701715,46747,2428932,34628,2168250,1774,104533,46119,1405294,36811,1694702,47884,3099996,California
Los Angeles,2021-03-30,109063,4810778,51984,2480916,51134,2219384,5945,110478,56934,1416250,51886,1746588,62842,3162838,California
Los Angeles,2021-03-31,122847,4933625,62087,2543003,51923,2271307,8837,119315,68360,1439226,54164,1800752,77140,3239978,California
Los Angeles,2021-04-01,133639,5067264,62480,2605483,55696,2327003,15463,134778,71575,1464479,61700,1862452,86953,3326931,California
Los Angeles,2021-04-02,132541,5199805,59056,2664539,57908,2384911,15577,150355,70429,1488675,61760,1924212,85956,3412887,California
Los Angeles,2021-04-03,98754,5298559,45222,2709761,39877,2424788,13655,164010,48549,1500797,50009,1974221,62131,3475018,California
Los Angeles,2021-04-04,39261,5337820,20550,2730311,12070,2436858,6641,170651,16374,1500971,22799,1997020,22973,3497991,California
Los Angeles,2021-04-05,94115,5431935,44499,2774810,39297,2476155,10319,180970,44602,1506524,49296,2046316,54849,3552840,California
Los Angeles,2021-04-06,121369,5553304,57119,2831929,43880,2520035,20370,201340,55556,1516776,65546,2111862,75798,3628638,California
Los Angeles,2021-04-07,120546,5673850,54591,2886520,44724,2564759,21231,222571,54463,1526529,65812,2177674,75565,3704203,California
Los Angeles,2021-04-08,133354,5807204,58556,2945076,50598,2615357,24200,246771,60225,1537981,72799,2250473,84251,3788454,California
Los Angeles,2021-04-09,131969,5939173,57008,3002084,50910,2666267,24051,270822,56552,1543352,75095,2325568,80466,3868920,California
Los Angeles,2021-04-10,101923,6041096,43062,3045146,34669,2700936,24192,295014,37313,1540368,64354,2389922,61370,3930290,California
Los Angeles,2021-04-11,41930,6083026,22655,3067801,9749,2710685,9526,304540,14315,1536622,27526,2417448,23780,3954070,California
Los Angeles,2021-04-12,79351,6162377,38743,3106544,34201,2744886,6407,310947,32483,1528822,46646,2464094,38846,3992916,California
Los Angeles,2021-04-13,118013,6280390,59322,3165866,58255,2803141,436,311383,62298,1536142,55452,2519546,62772,4055688,California
Los Angeles,2021-04-14,119771,6400161,59734,3225600,59904,2863045,133,311516,64866,1546601,54622,2574168,65081,4120769,California
Los Angeles,2021-04-15,130968,6531129,70634,3296234,60141,2923186,193,311709,75056,1566206,55617,2629785,75222,4195991,California
Los Angeles,2021-04-16,130847,6661976,69029,3365263,61673,2984859,145,311854,68979,1573800,61570,2691355,69164,4265155,California
Los Angeles,2021-04-17,98642,6760618,51549,3416812,47064,3031923,29,311883,56314,1588074,42102,2733457,56376,4321531,California
Los Angeles,2021-04-18,34237,6794855,22702,3439514,11534,3043457,1,311884,18740,1591419,15412,2748869,18757,4340288,California
Los Angeles,2021-04-19,75041,6869896,39756,3479270,35272,3078729,13,311897,33248,1583104,41589,2790458,33274,4373562,California
Los Angeles,2021-04-20,103038,6972934,50135,3529405,52880,3131609,23,311920,51126,1582595,51660,2842118,51151,4424713,California
Los Angeles,2021-04-21,109707,7082641,52467,3581872,57053,3188662,187,312107,48330,1570074,61038,2903156,48517,4473230,California
Los Angeles,2021-04-22,116518,7199159,59747,3641619,56738,3245400,33,312140,51340,1556600,64851,2968007,51377,4524607,California
Los Angeles,2021-04-23,114609,7313768,62517,3704136,52071,3297471,21,312161,54308,1550932,59995,3028002,54327,4578934,California
Los Angeles,2021-04-24,90276,7404044,57418,3761554,32817,3330288,41,312202,50447,1561835,39593,3067595,50496,4629430,California
Los Angeles,2021-04-25,37949,7441993,25116,3786670,12827,3343115,6,312208,20417,1564838,17419,3085014,20422,4649852,California
Los Angeles,2021-04-26,77987,7519980,40267,3826937,37213,3380328,507,312715,38548,1564668,39220,3124234,39050,4688902,California
Los Angeles,2021-04-27,93125,7613105,44516,3871453,46640,3426968,1969,314684,35479,1544746,57360,3181594,37438,4726340,California
Los Angeles,2021-04-28,86274,7699379,41142,3912595,43037,3470005,2095,316779,34060,1529014,51876,3233470,36144,4762484,California
Los Angeles,2021-04-29,91598,7790977,45288,3957883,44129,3514134,2181,318960,32446,1504869,58760,3292230,34615,4797099,California
Los Angeles,2021-04-30,99392,7890369,49027,4006910,47947,3562081,2418,321378,35824,1479959,63135,3355365,38225,4835324,California
Los Angeles,2021-05-01,75367,7965736,42142,4049052,31709,3593790,1516,322894,28348,1463110,46705,3402070,29856,4865180,California
Los Angeles,2021-05-02,28009,7993745,17981,4067033,9292,3603082,736,323630,10153,1456254,17740,3419810,10884,4876064,California
Los Angeles,2021-05-03,61365,8055110,29846,4096879,29344,3632426,2175,325805,21910,1441123,39201,3459011,24070,4900134,California
Los Angeles,2021-05-04,85677,8140787,47147,4144026,36282,3668708,2248,328053,26357,1410700,59010,3518021,28587,4928721,California
Los Angeles,2021-05-05,88727,8229514,51484,4195510,34900,3703608,2343,330396,24380,1373396,64016,3582037,26712,4955433,California
Los Angeles,2021-05-06,96449,8325963,57905,4253415,36031,3739639,2513,332909,22979,1325778,73090,3655127,25472,4980905,California
Los Angeles,2021-05-07,95785,8421748,56916,4310331,36522,3776161,2347,335256,26230,1285123,69204,3724331,28549,5009454,California
Los Angeles,2021-05-08,64234,8485982,42370,4352701,20168,3796329,1696,336952,17565,1258012,46360,3770691,19249,5028703,California
Los Angeles,2021-05-09,23678,8509660,18023,4370724,4915,3801244,740,337692,6035,1247234,17545,3788236,6767,5035470,California
Los Angeles,2021-05-10,49123,8558783,25858,4396582,21384,3822628,1881,339573,14965,1230135,33936,3822172,16837,5052307,California
Los Angeles,2021-05-11,68892,8627675,36945,4433527,29844,3852472,2103,341676,17887,1199351,50747,3872919,19963,5072270,California
Los Angeles,2021-05-12,70515,8698190,38216,4471743,30026,3882498,2273,343949,20470,1172323,49747,3922666,22719,5094989,California
Los Angeles,2021-05-13,75104,8773294,45421,4517164,27989,3910487,1694,345643,27248,1153768,47479,3970145,28924,5123913,California
Los Angeles,2021-05-14,87025,8860319,55137,4572301,30069,3940556,1819,347462,32877,1134632,53817,4023962,34681,5158594,California
Los Angeles,2021-05-15,74774,8935093,52417,4624718,20864,3961420,1493,348955,28768,1119147,45734,4069696,30249,5188843,California
Los Angeles,2021-05-16,30486,8965579,24107,4648825,5773,3967193,606,349561,11990,1113340,18399,4088095,12592,5201435,California
Los Angeles,2021-05-17,61593,9027172,39972,4688797,19845,3987038,1776,351337,25137,1104007,36221,4124316,26888,5228323,California
Los Angeles,2021-05-18,64686,9091858,38209,4727006,24646,4011684,1831,353168,25865,1093119,38551,4162867,27663,5255986,California
Los Angeles,2021-05-19,67136,9158994,40517,4767523,24793,4036477,1826,354994,29371,1086802,37498,4200365,31181,5287167,California
Los Angeles,2021-05-20,65813,9224807,36731,4804254,27007,4063484,2075,357069,25532,1074496,39906,4240271,27600,5314767,California
Los Angeles,2021-05-21,69633,9294440,42273,4846527,25297,4088781,2063,359132,27867,1063011,41402,4281673,29917,5344684,California
Los Angeles,2021-05-22,56823,9351263,37094,4883621,18080,4106861,1649,360781,23086,1054231,33503,4315176,24723,5369407,California
Los Angeles,2021-05-23,23367,9374630,16087,4899708,6442,4113303,838,361619,10445,1052707,12802,4327978,11278,5380685,California
Los Angeles,2021-05-24,48170,9422800,26473,4926181,19849,4133152,1848,363467,18241,1043092,29689,4357667,20074,5400759,California
Los Angeles,2021-05-25,49438,9472238,28666,4954847,19014,4152166,1758,365225,19310,1034267,29885,4387552,21060,5421819,California
Los Angeles,2021-05-26,46753,9518991,26426,4981273,18499,4170665,1828,367053,19899,1029437,26438,4413990,21608,5443427,California
Los Angeles,2021-05-27,45159,9564150,25197,5006470,18078,4188743,1884,368937,19015,1024377,25912,4439902,20852,5464279,California
Los Angeles,2021-05-28,51770,9615920,29375,5035845,20522,4209265,1873,370810,23260,1021266,28230,4468132,25119,5489398,California
Los Angeles,2021-05-29,30167,9646087,17458,5053303,11674,4220939,1035,371845,14180,1020670,15800,4483932,15204,5504602,California
Los Angeles,2021-05-30,12442,9658529,8179,5061482,3539,4224478,724,372569,5934,1020866,6456,4490388,6652,5511254,California
Los Angeles,2021-05-31,6027,9664556,3725,5065207,1997,4226475,305,372874,1735,1018667,4236,4494624,2037,5513291,California
Los Angeles,2021-06-01,45853,9710409,25748,5090955,18547,4245022,1558,374432,17713,1010105,27810,4522434,19248,5532539,California
Los Angeles,2021-06-02,38122,9748531,22074,5113029,14602,4259624,1446,375878,15321,1004327,22522,4544956,16744,5549283,California
Los Angeles,2021-06-03,42522,9791053,28169,5141198,12784,4272408,1569,377447,15271,994136,26995,4571951,16804,5566087,California
Los Angeles,2021-06-04,51917,9842970,35171,5176369,15090,4287498,1656,379103,17399,978995,34176,4606127,19035,5585122,California
Los Angeles,2021-06-05,42043,9885013,30197,5206566,10485,4297983,1361,380464,12690,963860,29169,4635296,14034,5599156,California
Los Angeles,2021-06-06,14592,9899605,12040,5218606,1824,4299807,728,381192,4093,958247,10428,4645724,4815,5603971,California
Los Angeles,2021-06-07,36447,9936052,26056,5244662,8956,4308763,1435,382627,11734,946878,24525,4670249,13156,5617127,California
Los Angeles,2021-06-08,37898,9973950,26073,5270735,10243,4319006,1582,384209,12894,936621,24717,4694966,14460,5631587,California
Los Angeles,2021-06-09,39232,10013182,27697,5298432,10029,4329035,1506,385715,11577,922276,27410,4722376,13065,5644652,California
Los Angeles,2021-06-10,35348,10048530,24444,5322876,9364,4338399,1540,387255,11222,911125,23903,4746279,12752,5657404,California
Los Angeles,2021-06-11,40209,10088739,27719,5350595,10872,4349271,1618,388873,13112,899054,26788,4773067,14717,5672121,California
Los Angeles,2021-06-12,32027,10120766,22969,5373564,7854,4357125,1204,390077,9527,887435,22341,4795408,10722,5682843,California
Los Angeles,2021-06-13,11367,10132133,8127,5381691,2616,4359741,624,390701,2692,882129,8614,4804022,3308,5686151,California
Los Angeles,2021-06-14,28297,10160430,19607,5401298,7409,4367150,1281,391982,9601,874461,18532,4822554,10864,5697015,California
Los Angeles,2021-06-15,12644,10173074,8868,5410166,3024,4370174,752,392734,4162,871065,8302,4830856,4906,5701921,California
Madera,2020-12-16,21,21,21,21,0,0,0,0,21,21,0,0,21,21,California
Madera,2020-12-17,12,33,12,33,0,0,0,0,12,33,0,0,12,33,California
Madera,2020-12-18,60,93,60,93,0,0,0,0,60,93,0,0,60,93,California
Madera,2020-12-19,5,98,5,98,0,0,0,0,5,98,0,0,5,98,California
Madera,2020-12-20,13,111,13,111,0,0,0,0,13,111,0,0,13,111,California
Madera,2020-12-21,60,171,60,171,0,0,0,0,60,171,0,0,60,171,California
Madera,2020-12-22,94,265,92,263,2,2,0,0,94,265,0,0,94,265,California
Madera,2020-12-23,67,332,67,330,0,2,0,0,67,332,0,0,67,332,California
Madera,2020-12-24,43,375,38,368,5,7,0,0,43,375,0,0,43,375,California
Madera,2020-12-26,27,402,26,394,1,8,0,0,27,402,0,0,27,402,California
Madera,2020-12-27,27,429,12,406,15,23,0,0,27,429,0,0,27,429,California
Madera,2020-12-28,107,536,36,442,71,94,0,0,107,536,0,0,107,536,California
Madera,2020-12-29,174,710,37,479,137,231,0,0,174,710,0,0,174,710,California
Madera,2020-12-30,223,933,87,566,136,367,0,0,223,933,0,0,223,933,California
Madera,2020-12-31,202,1135,80,646,122,489,0,0,202,1135,0,0,202,1135,California
Madera,2021-01-01,2,1137,1,647,1,490,0,0,2,1137,0,0,2,1137,California
Madera,2021-01-02,88,1225,33,680,55,545,0,0,88,1225,0,0,88,1225,California
Madera,2021-01-03,4,1229,4,684,0,545,0,0,4,1229,0,0,4,1229,California
Madera,2021-01-04,128,1357,65,749,63,608,0,0,128,1357,0,0,128,1357,California
Madera,2021-01-05,279,1636,143,892,136,744,0,0,275,1628,4,4,275,1632,California
Madera,2021-01-06,183,1819,26,918,157,901,0,0,164,1773,19,23,164,1796,California
Madera,2021-01-07,399,2218,116,1034,283,1184,0,0,377,2129,22,45,378,2174,California
Madera,2021-01-08,420,2638,71,1105,349,1533,0,0,365,2441,54,99,366,2540,California
Madera,2021-01-09,36,2674,14,1119,22,1555,0,0,27,2459,9,108,27,2567,California
Madera,2021-01-10,17,2691,14,1133,3,1558,0,0,5,2452,12,120,5,2572,California
Madera,2021-01-11,240,2931,192,1325,48,1606,0,0,199,2610,41,161,199,2771,California
Madera,2021-01-12,387,3318,156,1481,231,1837,0,0,284,2791,103,264,284,3055,California
Madera,2021-01-13,180,3498,90,1571,90,1927,0,0,126,2864,54,318,127,3182,California
Madera,2021-01-14,552,4050,80,1651,472,2399,0,0,520,3352,32,350,520,3702,California
Madera,2021-01-15,597,4647,157,1808,440,2839,0,0,576,3907,21,371,576,4278,California
Madera,2021-01-16,385,5032,49,1857,336,3175,0,0,357,4236,28,399,357,4635,California
Madera,2021-01-17,336,5368,15,1872,321,3496,0,0,332,4564,4,403,332,4967,California
Madera,2021-01-18,78,5446,62,1934,16,3512,0,0,59,4605,18,421,59,5026,California
Madera,2021-01-19,572,6018,135,2069,437,3949,0,0,545,5124,27,448,546,5572,California
Madera,2021-01-20,238,6256,80,2149,158,4107,0,0,210,5307,27,475,210,5782,California
Madera,2021-01-21,240,6496,130,2279,110,4217,0,0,206,5481,32,507,206,5988,California
Madera,2021-01-22,257,6753,81,2360,176,4393,0,0,242,5708,15,522,242,6230,California
Madera,2021-01-23,100,6853,53,2413,47,4440,0,0,76,5760,24,546,76,6306,California
Madera,2021-01-24,97,6950,81,2494,16,4456,0,0,78,5819,19,565,78,6384,California
Madera,2021-01-25,271,7221,126,2620,145,4601,0,0,147,5842,124,689,147,6531,California
Madera,2021-01-26,492,7713,189,2809,303,4904,0,0,301,5954,190,879,302,6833,California
Madera,2021-01-27,746,8459,63,2872,683,5587,0,0,609,6428,137,1016,611,7444,California
Madera,2021-01-28,546,9005,108,2980,438,6025,0,0,441,6765,105,1121,442,7886,California
Madera,2021-01-29,469,9474,94,3074,375,6400,0,0,414,7124,55,1176,414,8300,California
Madera,2021-01-30,504,9978,16,3090,488,6888,0,0,451,7522,53,1229,451,8751,California
Madera,2021-01-31,9,9987,6,3096,3,6891,0,0,8,7529,1,1230,8,8759,California
Madera,2021-02-01,333,10320,147,3243,186,7077,0,0,207,7610,126,1356,207,8966,California
Madera,2021-02-02,256,10576,89,3332,167,7244,0,0,162,7680,93,1449,163,9129,California
Madera,2021-02-03,595,11171,461,3793,134,7378,0,0,476,8040,117,1566,477,9606,California
Madera,2021-02-04,395,11566,126,3919,269,7647,0,0,117,7881,277,1843,118,9724,California
Madera,2021-02-05,982,12548,302,4221,680,8327,0,0,376,7658,600,2443,377,10101,California
Madera,2021-02-06,365,12913,331,4552,34,8361,0,0,325,7944,39,2482,325,10426,California
Madera,2021-02-07,34,12947,6,4558,28,8389,0,0,29,7968,5,2487,29,10455,California
Madera,2021-02-08,388,13335,312,4870,76,8465,0,0,271,8123,116,2603,271,10726,California
Madera,2021-02-09,485,13820,118,4988,367,8832,0,0,203,8048,279,2882,204,10930,California
Madera,2021-02-10,434,14254,148,5136,286,9118,0,0,332,8278,102,2984,332,11262,California
Madera,2021-02-11,936,15190,308,5444,628,9746,0,0,404,8153,530,3514,405,11667,California
Madera,2021-02-12,839,16029,115,5559,724,10470,0,0,311,7945,522,4036,314,11981,California
Madera,2021-02-13,485,16514,44,5603,441,10911,0,0,138,7740,346,4382,141,12122,California
Madera,2021-02-14,400,16914,74,5677,326,11237,0,0,136,7613,264,4646,137,12259,California
Madera,2021-02-15,246,17160,100,5777,146,11383,0,0,175,7718,70,4716,175,12434,California
Madera,2021-02-16,776,17936,179,5956,597,11980,0,0,229,7403,545,5261,230,12664,California
Madera,2021-02-17,614,18550,277,6233,337,12317,0,0,342,7482,265,5526,344,13008,California
Madera,2021-02-18,1299,19849,538,6771,761,13078,0,0,1120,8425,178,5704,1121,14129,California
Madera,2021-02-19,858,20707,541,7312,317,13395,0,0,715,8998,143,5847,716,14845,California
Madera,2021-02-20,1075,21782,985,8297,90,13485,0,0,1003,9931,71,5918,1004,15849,California
Madera,2021-02-21,964,22746,822,9119,142,13627,0,0,959,10885,5,5923,959,16808,California
Madera,2021-02-22,914,23660,836,9955,78,13705,0,0,857,11685,57,5980,857,17665,California
Madera,2021-02-23,773,24433,500,10455,273,13978,0,0,545,12005,225,6205,545,18210,California
Madera,2021-02-24,917,25350,303,10758,614,14592,0,0,385,11859,531,6736,385,18595,California
Madera,2021-02-25,1036,26386,316,11074,720,15312,0,0,600,12025,434,7170,600,19195,California
Madera,2021-02-26,1085,27471,198,11272,887,16199,0,0,701,12344,382,7552,701,19896,California
Madera,2021-02-27,904,28375,266,11538,638,16837,0,0,477,12400,424,7976,480,20376,California
Madera,2021-02-28,193,28568,28,11566,165,17002,0,0,188,12583,5,7981,188,20564,California
Madera,2021-03-01,380,28948,121,11687,259,17261,0,0,197,12599,181,8162,197,20761,California
Madera,2021-03-02,753,29701,349,12036,404,17665,0,0,638,13126,113,8275,640,21401,California
Madera,2021-03-03,1362,31063,732,12768,630,18295,0,0,955,13704,404,8679,982,22383,California
Madera,2021-03-04,1208,32271,530,13298,678,18973,0,0,954,14406,255,8934,957,23340,California
Madera,2021-03-05,1369,33640,422,13720,934,19907,13,13,1086,15235,281,9215,1110,24450,California
Madera,2021-03-06,826,34466,643,14363,151,20058,32,45,505,15453,320,9535,538,24988,California
Madera,2021-03-07,154,34620,26,14389,106,20164,22,67,105,15531,49,9584,127,25115,California
Madera,2021-03-08,602,35222,336,14725,207,20371,59,126,306,15602,296,9880,367,25482,California
Madera,2021-03-09,604,35826,297,15022,273,20644,34,160,412,15864,190,10070,452,25934,California
Madera,2021-03-10,1196,37022,559,15581,558,21202,79,239,762,16277,429,10499,842,26776,California
Madera,2021-03-11,1688,38710,870,16451,490,21692,328,567,771,16472,915,11414,1110,27886,California
Madera,2021-03-12,1582,40292,818,17269,612,22304,152,719,802,16678,777,12191,983,28869,California
Madera,2021-03-13,1890,42182,1332,18601,361,22665,197,916,819,16643,1068,13259,1033,29902,California
Madera,2021-03-14,589,42771,451,19052,105,22770,33,949,296,16682,290,13549,329,30231,California
Madera,2021-03-15,747,43518,233,19285,469,23239,45,994,515,17048,229,13778,595,30826,California
Madera,2021-03-16,933,44451,528,19813,358,23597,47,1041,744,17670,186,13964,808,31634,California
Madera,2021-03-17,1477,45928,987,20800,427,24024,63,1104,913,18186,555,14519,1071,32705,California
Madera,2021-03-18,1953,47881,682,21482,1206,25230,65,1169,972,18337,976,15495,1127,33832,California
Madera,2021-03-19,1593,49474,588,22070,923,26153,82,1251,1036,18984,553,16048,1200,35032,California
Madera,2021-03-20,1192,50666,780,22850,361,26514,51,1302,607,19124,583,16631,723,35755,California
Madera,2021-03-21,1108,51774,904,23754,157,26671,47,1349,384,18835,721,17352,432,36187,California
Madera,2021-03-22,1364,53138,858,24612,441,27112,65,1414,686,18958,675,18027,798,36985,California
Madera,2021-03-23,1417,54555,862,25474,468,27580,87,1501,676,19065,740,18767,847,37832,California
Madera,2021-03-24,956,55511,513,25987,411,27991,32,1533,615,19378,338,19105,651,38483,California
Madera,2021-03-25,1179,56690,533,26520,622,28613,24,1557,650,19546,519,19624,687,39170,California
Madera,2021-03-26,1520,58210,581,27101,805,29418,134,1691,717,19602,799,20423,855,40025,California
Madera,2021-03-27,931,59141,606,27707,302,29720,23,1714,416,19531,511,20934,440,40465,California
Madera,2021-03-28,438,59579,150,27857,228,29948,60,1774,205,19658,232,21166,359,40824,California
Madera,2021-03-29,695,60274,184,28041,481,30429,30,1804,499,19999,192,21358,533,41357,California
Madera,2021-03-30,1075,61349,606,28647,438,30867,31,1835,481,19921,591,21949,513,41870,California
Madera,2021-03-31,1396,62745,545,29192,722,31589,129,1964,425,19511,965,22914,555,42425,California
Madera,2021-04-01,1394,64139,625,29817,718,32307,51,2015,485,19146,899,23813,534,42959,California
Madera,2021-04-02,1610,65749,461,30278,1090,33397,59,2074,479,18565,1120,24933,539,43498,California
Madera,2021-04-03,961,66710,763,31041,179,33576,19,2093,393,18422,566,25499,423,43921,California
Madera,2021-04-04,187,66897,65,31106,120,33696,2,2095,86,18410,101,25600,89,44010,California
Madera,2021-04-05,737,67634,257,31363,422,34118,58,2153,341,18428,395,25995,413,44423,California
Madera,2021-04-06,1717,69351,894,32257,468,34586,355,2508,536,18140,1179,27174,891,45314,California
Madera,2021-04-07,1232,70583,385,32642,699,35285,148,2656,423,17910,806,27980,576,45890,California
Madera,2021-04-08,1731,72314,668,33310,800,36085,263,2919,560,17575,1164,29144,829,46719,California
Madera,2021-04-09,1645,73959,694,34004,804,36889,147,3066,947,17981,693,29837,1099,47818,California
Madera,2021-04-10,982,74941,688,34692,225,37114,69,3135,713,18495,270,30107,784,48602,California
Madera,2021-04-11,813,75754,659,35351,75,37189,79,3214,287,18336,523,30630,364,48966,California
Madera,2021-04-12,801,76555,279,35630,445,37634,77,3291,310,18233,491,31121,388,49354,California
Madera,2021-04-13,1247,77802,614,36244,590,38224,43,3334,726,18493,519,31640,779,50133,California
Madera,2021-04-14,1399,79201,865,37109,534,38758,0,3334,578,18259,820,32460,586,50719,California
Madera,2021-04-15,1181,80382,511,37620,669,39427,1,3335,427,17951,742,33202,434,51153,California
Madera,2021-04-16,1328,81710,540,38160,788,40215,0,3335,369,17376,947,34149,372,51525,California
Madera,2021-04-17,1281,82991,1075,39235,206,40421,0,3335,762,17622,517,34666,763,52288,California
Madera,2021-04-18,247,83238,207,39442,40,40461,0,3335,88,17554,157,34823,89,52377,California
Madera,2021-04-19,810,84048,241,39683,568,41029,1,3336,278,17306,526,35349,278,52655,California
Madera,2021-04-20,871,84919,427,40110,444,41473,0,3336,216,16872,652,36001,218,52873,California
Madera,2021-04-21,859,85778,453,40563,406,41879,0,3336,292,16599,567,36568,294,53167,California
Madera,2021-04-22,1077,86855,513,41076,564,42443,0,3336,373,16273,700,37268,374,53541,California
Madera,2021-04-23,971,87826,307,41383,664,43107,0,3336,336,15979,630,37898,336,53877,California
Madera,2021-04-24,713,88539,469,41852,244,43351,0,3336,250,15771,459,38357,251,54128,California
Madera,2021-04-25,266,88805,159,42011,104,43455,3,3339,117,15747,145,38502,121,54249,California
Madera,2021-04-26,556,89361,99,42110,451,43906,6,3345,128,15456,425,38927,134,54383,California
Madera,2021-04-27,620,89981,274,42384,321,44227,25,3370,312,15487,307,39234,338,54721,California
Madera,2021-04-28,502,90483,197,42581,286,44513,19,3389,245,15495,255,39489,263,54984,California
Madera,2021-04-29,553,91036,245,42826,280,44793,28,3417,258,15494,288,39777,287,55271,California
Madera,2021-04-30,937,91973,505,43331,416,45209,16,3433,272,15123,659,40436,288,55559,California
Madera,2021-05-01,968,92941,869,44200,85,45294,14,3447,388,14946,579,41015,402,55961,California
Madera,2021-05-02,396,93337,349,44549,43,45337,4,3451,145,14844,251,41266,149,56110,California
Madera,2021-05-03,498,93835,197,44746,261,45598,40,3491,99,14587,396,41662,139,56249,California
Madera,2021-05-04,904,94739,434,45180,426,46024,44,3535,213,14153,691,42353,257,56506,California
Madera,2021-05-05,1010,95749,478,45658,471,46495,61,3596,280,13766,728,43081,341,56847,California
Madera,2021-05-06,699,96448,245,45903,423,46918,31,3627,153,13409,541,43622,184,57031,California
Madera,2021-05-07,807,97255,277,46180,509,47427,21,3648,194,13016,607,44229,214,57245,California
Madera,2021-05-08,971,98226,758,46938,202,47629,11,3659,186,12429,784,45013,197,57442,California
Madera,2021-05-09,145,98371,20,46958,114,47743,11,3670,35,12366,109,45122,46,57488,California
Madera,2021-05-10,361,98732,74,47032,275,48018,12,3682,100,12218,260,45382,112,57600,California
Madera,2021-05-11,529,99261,179,47211,341,48359,9,3691,171,12042,356,45738,180,57780,California
Madera,2021-05-12,508,99769,230,47441,242,48601,36,3727,128,11828,378,46116,164,57944,California
Madera,2021-05-13,506,100275,307,47748,167,48768,32,3759,176,11708,328,46444,208,58152,California
Madera,2021-05-14,527,100802,265,48013,238,49006,24,3783,235,11678,289,46733,259,58411,California
Madera,2021-05-15,562,101364,477,48490,77,49083,8,3791,363,11852,197,46930,371,58782,California
Madera,2021-05-16,255,101619,186,48676,37,49120,32,3823,104,11837,151,47081,136,58918,California
Madera,2021-05-17,456,102075,191,48867,236,49356,29,3852,210,11833,243,47324,239,59157,California
Madera,2021-05-18,548,102623,367,49234,158,49514,23,3875,289,11890,255,47579,312,59469,California
Madera,2021-05-19,485,103108,223,49457,240,49754,22,3897,213,11854,271,47850,235,59704,California
Madera,2021-05-20,590,103698,270,49727,282,50036,38,3935,232,11773,351,48201,270,59974,California
Madera,2021-05-21,502,104200,192,49919,282,50318,28,3963,192,11688,305,48506,220,60194,California
Madera,2021-05-22,905,105105,820,50739,73,50391,12,3975,534,11864,370,48876,546,60740,California
Madera,2021-05-23,263,105368,236,50975,17,50408,10,3985,139,11890,123,48999,149,60889,California
Madera,2021-05-24,300,105668,135,51110,124,50532,41,4026,117,11866,182,49181,158,61047,California
Madera,2021-05-25,381,106049,168,51278,180,50712,33,4059,154,11828,225,49406,187,61234,California
Madera,2021-05-26,444,106493,258,51536,164,50876,22,4081,236,11881,205,49611,258,61492,California
Madera,2021-05-27,378,106871,136,51672,204,51080,38,4119,137,11819,237,49848,175,61667,California
Madera,2021-05-28,451,107322,173,51845,250,51330,28,4147,180,11758,269,50117,208,61875,California
Madera,2021-05-29,306,107628,215,52060,73,51403,18,4165,167,11804,139,50256,185,62060,California
Madera,2021-05-30,62,107690,27,52087,31,51434,4,4169,29,11805,32,50288,33,62093,California
Madera,2021-05-31,26,107716,9,52096,13,51447,4,4173,12,11807,14,50302,16,62109,California
Madera,2021-06-01,292,108008,148,52244,121,51568,23,4196,111,11762,179,50481,134,62243,California
Madera,2021-06-02,385,108393,126,52370,236,51804,23,4219,117,11635,267,50748,140,62383,California
Madera,2021-06-03,280,108673,149,52519,116,51920,15,4234,91,11552,189,50937,106,62489,California
Madera,2021-06-04,382,109055,245,52764,126,52046,11,4245,152,11486,229,51166,163,62652,California
Madera,2021-06-05,512,109567,385,53149,114,52160,13,4258,148,11289,359,51525,162,62814,California
Madera,2021-06-06,134,109701,114,53263,13,52173,7,4265,38,11238,96,51621,45,62859,California
Madera,2021-06-07,252,109953,157,53420,74,52247,21,4286,46,11099,206,51827,67,62926,California
Madera,2021-06-08,382,110335,273,53693,88,52335,21,4307,99,10936,283,52110,120,63046,California
Madera,2021-06-09,377,110712,239,53932,111,52446,27,4334,146,10881,228,52338,173,63219,California
Madera,2021-06-10,344,111056,196,54128,132,52578,16,4350,119,10793,223,52561,135,63354,California
Madera,2021-06-11,374,111430,222,54350,119,52697,33,4383,165,10781,208,52769,196,63550,California
Madera,2021-06-12,580,112010,510,54860,53,52750,17,4400,97,10412,483,53252,114,63664,California
Madera,2021-06-13,193,112203,160,55020,27,52777,6,4406,54,10334,138,53390,60,63724,California
Madera,2021-06-14,178,112381,119,55139,39,52816,20,4426,69,10317,106,53496,89,63813,California
Madera,2021-06-15,152,112533,96,55235,35,52851,21,4447,63,10313,88,53584,84,63897,California
Marin,2020-12-15,2,2,2,2,0,0,0,0,2,2,0,0,2,2,California
Marin,2020-12-16,109,111,109,111,0,0,0,0,109,111,0,0,109,111,California
Marin,2020-12-17,272,383,272,383,0,0,0,0,272,383,0,0,272,383,California
Marin,2020-12-18,386,769,386,769,0,0,0,0,386,769,0,0,386,769,California
Marin,2020-12-19,348,1117,347,1116,1,1,0,0,348,1117,0,0,348,1117,California
Marin,2020-12-20,165,1282,164,1280,1,2,0,0,165,1282,0,0,165,1282,California
Marin,2020-12-21,238,1520,235,1515,3,5,0,0,238,1520,0,0,238,1520,California
Marin,2020-12-22,523,2043,318,1833,205,210,0,0,523,2043,0,0,523,2043,California
Marin,2020-12-23,731,2774,319,2152,412,622,0,0,731,2774,0,0,731,2774,California
Marin,2020-12-24,357,3131,160,2312,197,819,0,0,357,3131,0,0,357,3131,California
Marin,2020-12-25,26,3157,0,2312,26,845,0,0,26,3157,0,0,26,3157,California
Marin,2020-12-26,143,3300,94,2406,49,894,0,0,143,3300,0,0,143,3300,California
Marin,2020-12-27,90,3390,54,2460,36,930,0,0,90,3390,0,0,90,3390,California
Marin,2020-12-28,409,3799,98,2558,311,1241,0,0,409,3799,0,0,409,3799,California
Marin,2020-12-29,401,4200,88,2646,313,1554,0,0,401,4200,0,0,401,4200,California
Marin,2020-12-30,628,4828,390,3036,238,1792,0,0,628,4828,0,0,628,4828,California
Marin,2020-12-31,201,5029,35,3071,166,1958,0,0,200,5027,1,1,200,5028,California
Marin,2021-01-01,26,5055,13,3084,13,1971,0,0,26,5053,0,1,26,5054,California
Marin,2021-01-02,112,5167,106,3190,6,1977,0,0,112,5165,0,1,112,5166,California
Marin,2021-01-03,49,5216,31,3221,18,1995,0,0,45,5210,0,1,45,5211,California
Marin,2021-01-04,295,5511,193,3414,102,2097,0,0,294,5503,1,2,294,5505,California
Marin,2021-01-05,365,5876,218,3632,147,2244,0,0,322,5782,43,45,322,5827,California
Marin,2021-01-06,816,6692,316,3948,500,2744,0,0,635,6236,181,226,635,6462,California
Marin,2021-01-07,885,7577,496,4444,389,3133,0,0,529,6409,356,582,529,6991,California
Marin,2021-01-08,965,8542,510,4954,455,3588,0,0,582,6609,382,964,582,7573,California
Marin,2021-01-09,622,9164,223,5177,399,3987,0,0,492,6971,130,1094,492,8065,California
Marin,2021-01-10,130,9294,101,5278,29,4016,0,0,55,6951,75,1169,55,8120,California
Marin,2021-01-11,469,9763,326,5604,143,4159,0,0,247,6978,222,1391,249,8369,California
Marin,2021-01-12,938,10701,544,6148,394,4553,0,0,568,7180,366,1757,568,8937,California
Marin,2021-01-13,1172,11873,495,6643,677,5230,0,0,936,7880,236,1993,936,9873,California
Marin,2021-01-14,1068,12941,319,6962,749,5979,0,0,916,8647,150,2143,917,10790,California
Marin,2021-01-15,1156,14097,353,7315,803,6782,0,0,1026,9546,129,2272,1028,11818,California
Marin,2021-01-16,1122,15219,916,8231,206,6988,0,0,1046,10516,76,2348,1046,12864,California
Marin,2021-01-17,1236,16455,1115,9346,121,7109,0,0,1207,11698,28,2376,1210,14074,California
Marin,2021-01-18,361,16816,159,9505,202,7311,0,0,311,11959,50,2426,311,14385,California
Marin,2021-01-19,1154,17970,909,10414,245,7556,0,0,981,12768,172,2598,981,15366,California
Marin,2021-01-20,1793,19763,1208,11622,585,8141,0,0,1062,13112,719,3317,1063,16429,California
Marin,2021-01-21,1679,21442,1062,12684,617,8758,0,0,1324,14089,352,3669,1329,17758,California
Marin,2021-01-22,1708,23150,1092,13776,616,9374,0,0,1536,15454,172,3841,1537,19295,California
Marin,2021-01-23,1852,25002,1354,15130,498,9872,0,0,1765,17132,87,3928,1765,21060,California
Marin,2021-01-24,614,25616,165,15295,449,10321,0,0,582,17682,32,3960,582,21642,California
Marin,2021-01-25,1126,26742,230,15525,896,11217,0,0,689,17935,437,4397,690,22332,California
Marin,2021-01-26,1522,28264,780,16305,742,11959,0,0,1140,18694,381,4778,1140,23472,California
Marin,2021-01-27,1721,29985,888,17193,833,12792,0,0,1357,19691,362,5140,1359,24831,California
Marin,2021-01-28,2082,32067,1068,18261,1014,13806,0,0,1818,21249,263,5403,1821,26652,California
Marin,2021-01-29,2204,34271,1433,19694,771,14577,0,0,2007,23072,185,5588,2008,28660,California
Marin,2021-01-30,1723,35994,909,20603,814,15391,0,0,1644,24638,79,5667,1645,30305,California
Marin,2021-01-31,459,36453,323,20926,136,15527,0,0,433,25045,26,5693,433,30738,California
Marin,2021-02-01,1093,37546,416,21342,677,16204,0,0,895,25744,197,5890,896,31634,California
Marin,2021-02-02,1415,38961,494,21836,921,17125,0,0,751,25842,653,6543,751,32385,California
Marin,2021-02-03,1780,40741,422,22258,1358,18483,0,0,1276,26616,502,7045,1276,33661,California
Marin,2021-02-04,1525,42266,501,22759,1024,19507,0,0,928,26950,594,7639,928,34589,California
Marin,2021-02-05,2170,44436,675,23434,1495,21002,0,0,1333,27450,833,8472,1333,35922,California
Marin,2021-02-06,1428,45864,848,24282,580,21582,0,0,604,27231,823,9295,604,36526,California
Marin,2021-02-07,1289,47153,1005,25287,284,21866,0,0,488,26919,800,10095,488,37014,California
Marin,2021-02-08,1528,48681,752,26039,776,22642,0,0,729,26852,796,10891,729,37743,California
Marin,2021-02-09,1781,50462,1122,27161,659,23301,0,0,836,26743,945,11836,836,38579,California
Marin,2021-02-10,2333,52795,1488,28649,845,24146,0,0,1213,26839,1118,12954,1214,39793,California
Marin,2021-02-11,2864,55659,1637,30286,1227,25373,0,0,1445,26873,1414,14368,1448,41241,California
Marin,2021-02-12,3052,58711,1534,31820,1518,26891,0,0,1553,26931,1496,15864,1554,42795,California
Marin,2021-02-13,2329,61040,1243,33063,1086,27977,0,0,1124,26852,1203,17067,1124,43919,California
Marin,2021-02-14,812,61852,300,33363,512,28489,0,0,718,27477,94,17161,719,44638,California
Marin,2021-02-15,1219,63071,356,33719,863,29352,0,0,840,27940,378,17539,841,45479,California
Marin,2021-02-16,2471,65542,1053,34772,1418,30770,0,0,1503,28476,967,18506,1503,46982,California
Marin,2021-02-17,2095,67637,938,35710,1157,31927,0,0,1082,28547,1011,19517,1082,48064,California
Marin,2021-02-18,2413,70050,1587,37297,826,32753,0,0,1058,28252,1353,20870,1058,49122,California
Marin,2021-02-19,2783,72833,2172,39469,611,33364,0,0,1235,27953,1535,22405,1236,50358,California
Marin,2021-02-20,2622,75455,2154,41623,468,33832,0,0,1255,27850,1359,23764,1256,51614,California
Marin,2021-02-21,1330,76785,1129,42752,201,34033,0,0,945,28414,381,24145,945,52559,California
Marin,2021-02-22,1855,78640,1422,44174,433,34466,0,0,1225,29012,627,24772,1225,53784,California
Marin,2021-02-23,2898,81538,1670,45844,1228,35694,0,0,1943,30014,942,25714,1944,55728,California
Marin,2021-02-24,3538,85076,1636,47480,1902,37596,0,0,2267,31019,1263,26977,2268,57996,California
Marin,2021-02-25,4085,89161,1929,49409,2156,39752,0,0,2888,32721,1188,28165,2890,60886,California
Marin,2021-02-26,3670,92831,2001,51410,1669,41421,0,0,2646,34356,1012,29177,2647,63533,California
Marin,2021-02-27,2738,95569,1613,53023,1125,42546,0,0,1895,35414,839,30016,1897,65430,California
Marin,2021-02-28,1648,97217,923,53946,725,43271,0,0,1303,36375,342,30358,1303,66733,California
Marin,2021-03-01,2686,99903,1667,55613,1018,44289,1,1,1811,37321,866,31224,1812,68545,California
Marin,2021-03-02,2524,102427,1690,57303,833,45122,1,2,1726,38254,794,32018,1727,70272,California
Marin,2021-03-03,4357,106784,2424,59727,1929,47051,4,6,2820,39547,1531,33549,2824,73096,California
Marin,2021-03-04,3391,110175,1660,61387,1730,48781,1,7,2374,40914,1010,34559,2377,75473,California
Marin,2021-03-05,3065,113240,1166,62553,1887,50668,12,19,1797,41460,1263,35822,1809,77282,California
Marin,2021-03-06,3233,116473,2324,64877,832,51500,77,96,2658,43624,570,36392,2734,80016,California
Marin,2021-03-07,1390,117863,1172,66049,194,51694,24,120,996,44255,389,36781,1020,81036,California
Marin,2021-03-08,1888,119751,1388,67437,384,52078,116,236,1412,45311,472,37253,1528,82564,California
Marin,2021-03-09,2227,121978,1341,68778,775,52853,111,347,1547,46290,677,37930,1656,84220,California
Marin,2021-03-10,4467,126445,2513,71291,1660,54513,294,641,3223,48569,1239,39169,3518,87738,California
Marin,2021-03-11,4602,131047,1886,73177,2581,57094,135,776,3302,50713,1293,40462,3437,91175,California
Marin,2021-03-12,3968,135015,1542,74719,2077,59171,349,1125,1557,50219,2400,42862,1906,93081,California
Marin,2021-03-13,4104,139119,2867,77586,1165,60336,72,1197,2386,50956,1716,44578,2453,95534,California
Marin,2021-03-14,2288,141407,1105,78691,1066,61402,117,1314,702,50190,1583,46161,817,96351,California
Marin,2021-03-15,3240,144647,1772,80463,1420,62822,48,1362,1206,49421,2022,48183,1253,97604,California
Marin,2021-03-16,4297,148944,2318,82781,1613,64435,366,1728,1458,48408,2835,51018,1822,99426,California
Marin,2021-03-17,4208,153152,2282,85063,1875,66310,51,1779,2052,48367,2143,53161,2102,101528,California
Marin,2021-03-18,4478,157630,2261,87324,2142,68452,75,1854,2124,48226,2337,55498,2196,103724,California
Marin,2021-03-19,4475,162105,2289,89613,1966,70418,220,2074,2324,48627,2140,57638,2541,106265,California
Marin,2021-03-20,3598,165703,1996,91609,1488,71906,114,2188,1930,49014,1658,59296,2045,108310,California
Marin,2021-03-21,1537,167240,1138,92747,376,72282,23,2211,794,49091,740,60036,817,109127,California
Marin,2021-03-22,2478,169718,2143,94890,170,72452,165,2376,893,48570,1579,61615,1058,110185,California
Marin,2021-03-23,4246,173964,2201,97091,1916,74368,129,2505,1862,48185,2376,63991,1991,112176,California
Marin,2021-03-24,4453,178417,2905,99996,1437,75805,111,2616,1805,47464,2635,66626,1914,114090,California
Marin,2021-03-25,4659,183076,2845,102841,1741,77546,73,2689,2253,47396,2392,69018,2324,116414,California
Marin,2021-03-26,4311,187387,2345,105186,1752,79298,214,2903,2405,48125,1890,70908,2619,119033,California
Marin,2021-03-27,3702,191089,2663,107849,1022,80320,17,2920,1134,46717,2558,73466,1150,120183,California
Marin,2021-03-28,2390,193479,1726,109575,658,80978,6,2926,838,46016,1545,75011,844,121027,California
Marin,2021-03-29,2687,196166,2095,111670,567,81545,25,2951,1134,45625,1550,76561,1159,122186,California
Marin,2021-03-30,4662,200828,3652,115322,976,82521,34,2985,2953,46905,1707,78268,2987,125173,California
Marin,2021-03-31,5847,206675,4144,119466,1653,84174,50,3035,2549,46218,3286,81554,2599,127772,California
Marin,2021-04-01,4455,211130,2288,121754,1913,86087,254,3289,2110,46248,2333,83887,2363,130135,California
Marin,2021-04-02,3730,214860,1856,123610,1504,87591,370,3659,1991,46870,1731,85618,2353,132488,California
Marin,2021-04-03,3856,218716,2513,126123,966,88557,377,4036,1460,46323,2384,88002,1837,134325,California
Marin,2021-04-04,1645,220361,1240,127363,203,88760,202,4238,1199,47280,444,88446,1401,135726,California
Marin,2021-04-05,2210,222571,1537,128900,297,89057,376,4614,1269,47987,936,89382,1643,137369,California
Marin,2021-04-06,3971,226542,2109,131009,1306,90363,556,5170,2204,48983,1761,91143,2757,140126,California
Marin,2021-04-07,3961,230503,1998,133007,1320,91683,643,5813,1438,48551,2513,93656,2081,142207,California
Marin,2021-04-08,5060,235563,1976,134983,2477,94160,607,6420,2307,48714,2741,96397,2904,145111,California
Marin,2021-04-09,3996,239559,1558,136541,1706,95866,732,7152,1320,48092,2671,99068,2049,147160,California
Marin,2021-04-10,3219,242778,1486,138027,1300,97166,433,7585,1450,48217,1754,100822,1879,149039,California
Marin,2021-04-11,1057,243835,805,138832,91,97257,161,7746,472,48266,583,101405,632,149671,California
Marin,2021-04-12,1728,245563,1235,140067,336,97593,157,7903,918,48537,806,102211,1077,150748,California
Marin,2021-04-13,3754,249317,2296,142363,1451,99044,7,7910,1376,47553,2367,104578,1383,152131,California
Marin,2021-04-14,4232,253549,2536,144899,1693,100737,3,7913,1726,46801,2481,107059,1729,153860,California
Marin,2021-04-15,5618,259167,3974,148873,1644,102381,0,7913,3220,47655,2385,109444,3239,157099,California
Marin,2021-04-16,4270,263437,2243,151116,2024,104405,3,7916,2083,47571,2171,111615,2087,159186,California
Marin,2021-04-17,3535,266972,2155,153271,1380,105785,0,7916,1765,47571,1765,113380,1765,160951,California
Marin,2021-04-18,3167,270139,3072,156343,95,105880,0,7916,2534,49475,630,114010,2534,163485,California
Marin,2021-04-19,2028,272167,1862,158205,166,106046,0,7916,1150,49754,873,114883,1152,164637,California
Marin,2021-04-20,3680,275847,2549,160754,1131,107177,0,7916,1463,49009,2209,117092,1464,166101,California
Marin,2021-04-21,4009,279856,2941,163695,1065,108242,3,7919,1354,47726,2638,119730,1355,167456,California
Marin,2021-04-22,4219,284075,3221,166916,998,109240,0,7919,1482,46485,2726,122456,1485,168941,California
Marin,2021-04-23,3214,287289,1805,168721,1409,110649,0,7919,1222,45729,1979,124435,1223,170164,California
Marin,2021-04-24,2510,289799,1678,170399,832,111481,0,7919,916,45063,1582,126017,916,171080,California
Marin,2021-04-25,1377,291176,1263,171662,114,111595,0,7919,305,44305,1063,127080,305,171385,California
Marin,2021-04-26,1611,292787,1388,173050,220,111815,3,7922,383,43467,1225,128305,387,171772,California
Marin,2021-04-27,3040,295827,2197,175247,792,112607,51,7973,979,42441,2052,130357,1026,172798,California
Marin,2021-04-28,2308,298135,1587,176834,669,113276,52,8025,730,41646,1575,131932,780,173578,California
Marin,2021-04-29,2886,301021,1978,178812,846,114122,62,8087,794,40421,2081,134013,856,174434,California
Marin,2021-04-30,1949,302970,1274,180086,589,114711,86,8173,695,39957,1245,135258,781,175215,California
Marin,2021-05-01,1835,304805,1021,181107,791,115502,23,8196,542,39236,1285,136543,564,175779,California
Marin,2021-05-02,722,305527,583,181690,110,115612,29,8225,199,38946,517,137060,227,176006,California
Marin,2021-05-03,1209,306736,985,182675,167,115779,57,8282,256,38308,950,138010,312,176318,California
Marin,2021-05-04,2930,309666,1968,184643,871,116650,91,8373,474,36425,2448,140458,565,176883,California
Marin,2021-05-05,2726,312392,2001,186644,601,117251,124,8497,439,34707,2280,142738,562,177445,California
Marin,2021-05-06,3265,315657,2532,189176,645,117896,88,8585,428,32394,2827,145565,514,177959,California
Marin,2021-05-07,2037,317694,1545,190721,407,118303,85,8670,378,31202,1652,147217,460,178419,California
Marin,2021-05-08,2469,320163,1862,192583,485,118788,122,8792,344,29550,2118,149335,466,178885,California
Marin,2021-05-09,979,321142,895,193478,65,118853,19,8811,117,28828,859,150194,137,179022,California
Marin,2021-05-10,1404,322546,1149,194627,185,119038,70,8881,202,27902,1197,151391,271,179293,California
Marin,2021-05-11,2302,324848,1839,196466,407,119445,56,8937,294,26245,2006,153397,349,179642,California
Marin,2021-05-12,1429,326277,1047,197513,313,119758,69,9006,289,25466,1135,154532,356,179998,California
Marin,2021-05-13,2605,328882,2253,199766,298,120056,54,9060,1410,25741,1188,155720,1463,181461,California
Marin,2021-05-14,2202,331084,1451,201217,652,120708,99,9159,881,25405,1315,157035,979,182440,California
Marin,2021-05-15,2730,333814,2263,203480,387,121095,80,9239,1658,26072,1071,158106,1738,184178,California
Marin,2021-05-16,1645,335459,1592,205072,48,121143,5,9244,1332,27097,311,158417,1336,185514,California
Marin,2021-05-17,2126,337585,1981,207053,102,121245,43,9287,1700,28421,419,158836,1743,187257,California
Marin,2021-05-18,1524,339109,1185,208238,284,121529,55,9342,797,28551,721,159557,851,188108,California
Marin,2021-05-19,1535,340644,1238,209476,227,121756,70,9412,775,28641,754,160311,844,188952,California
Marin,2021-05-20,1811,342455,1486,210962,239,121995,86,9498,755,28434,1048,161359,841,189793,California
Marin,2021-05-21,1446,343901,842,211804,555,122550,49,9547,436,27916,1003,162362,485,190278,California
Marin,2021-05-22,1425,345326,1081,212885,287,122837,57,9604,960,28472,461,162823,1017,191295,California
Marin,2021-05-23,473,345799,419,213304,42,122879,12,9616,219,28452,252,163075,232,191527,California
Marin,2021-05-24,639,346438,489,213793,109,122988,41,9657,350,28556,286,163361,390,191917,California
Marin,2021-05-25,995,347433,625,214418,324,123312,46,9703,312,28237,675,164036,356,192273,California
Marin,2021-05-26,706,348139,484,214902,175,123487,47,9750,259,28100,443,164479,306,192579,California
Marin,2021-05-27,1028,349167,662,215564,287,123774,79,9829,343,27839,683,165162,422,193001,California
Marin,2021-05-28,1096,350263,713,216277,303,124077,80,9909,322,27469,770,165932,400,193401,California
Marin,2021-05-29,373,350636,215,216492,148,124225,10,9919,214,27534,159,166091,224,193625,California
Marin,2021-05-30,100,350736,59,216551,36,124261,5,9924,58,27556,41,166132,63,193688,California
Marin,2021-05-31,27,350763,13,216564,13,124274,1,9925,14,27558,13,166145,15,193703,California
Marin,2021-06-01,755,351518,550,217114,160,124434,45,9970,327,27503,426,166571,371,194074,California
Marin,2021-06-02,623,352141,475,217589,96,124530,52,10022,217,27368,402,166973,267,194341,California
Marin,2021-06-03,1497,353638,1324,218913,114,124644,59,10081,239,26412,1255,168228,299,194640,California
Marin,2021-06-04,1004,354642,850,219763,124,124768,30,10111,179,25798,823,169051,209,194849,California
Marin,2021-06-05,1923,356565,1707,221470,168,124936,48,10159,319,24568,1597,170648,367,195216,California
Marin,2021-06-06,1402,357967,1353,222823,15,124951,34,10193,201,23603,1200,171848,235,195451,California
Marin,2021-06-07,1943,359910,1824,224647,69,125020,50,10243,250,22214,1688,173536,299,195750,California
Marin,2021-06-08,982,360892,873,225520,68,125088,41,10284,237,21754,738,174274,278,196028,California
Marin,2021-06-09,739,361631,666,226186,64,125152,9,10293,136,21297,602,174876,145,196173,California
Marin,2021-06-10,884,362515,775,226961,61,125213,48,10341,181,20827,699,175575,229,196402,California
Marin,2021-06-11,677,363192,583,227544,66,125279,28,10369,147,20473,529,176104,175,196577,California
Marin,2021-06-12,916,364108,786,228330,89,125368,41,10410,153,19906,761,176865,194,196771,California
Marin,2021-06-13,402,364510,374,228704,19,125387,9,10419,62,19640,337,177202,71,196842,California
Marin,2021-06-14,823,365333,720,229424,60,125447,43,10462,196,19253,625,177827,238,197080,California
Marin,2021-06-15,311,365644,269,229693,30,125477,12,10474,92,19138,219,178046,104,197184,California
Mariposa,2020-12-17,36,36,36,36,0,0,0,0,38,38,0,0,38,38,California
Mariposa,2020-12-18,55,91,55,91,0,0,0,0,56,94,0,0,56,94,California
Mariposa,2020-12-20,2,93,2,93,0,0,0,0,2,96,0,0,2,96,California
Mariposa,2020-12-21,48,141,48,141,0,0,0,0,52,148,0,0,52,148,California
Mariposa,2020-12-22,6,147,6,147,0,0,0,0,6,154,0,0,6,154,California
Mariposa,2020-12-23,17,164,17,164,0,0,0,0,17,171,0,0,17,171,California
Mariposa,2020-12-24,1,165,0,164,1,1,0,0,0,171,1,1,1,172,California
Mariposa,2020-12-26,1,166,1,165,0,1,0,0,1,172,0,1,1,173,California
Mariposa,2020-12-27,1,167,0,165,1,2,0,0,1,173,0,1,1,174,California
Mariposa,2020-12-28,6,173,3,168,3,5,0,0,6,179,0,1,6,180,California
Mariposa,2020-12-29,33,206,3,171,30,35,0,0,33,212,0,1,33,213,California
Mariposa,2020-12-30,26,232,4,175,22,57,0,0,26,238,0,1,26,239,California
Mariposa,2020-12-31,17,249,0,175,17,74,0,0,17,255,0,1,17,256,California
Mariposa,2021-01-02,1,250,1,176,0,74,0,0,1,256,0,1,1,257,California
Mariposa,2021-01-04,11,261,2,178,9,83,0,0,11,267,0,1,11,268,California
Mariposa,2021-01-05,24,285,14,192,10,93,0,0,14,271,10,11,14,282,California
Mariposa,2021-01-06,8,293,5,197,3,96,0,0,5,273,3,14,5,287,California
Mariposa,2021-01-07,50,343,45,242,5,101,0,0,5,233,45,59,5,292,California
Mariposa,2021-01-08,108,451,78,320,30,131,0,0,34,193,74,133,34,326,California
Mariposa,2021-01-11,31,482,10,330,21,152,0,0,23,208,8,141,23,349,California
Mariposa,2021-01-12,19,501,4,334,15,167,0,0,15,219,4,145,15,364,California
Mariposa,2021-01-13,22,523,5,339,17,184,0,0,18,233,4,149,18,382,California
Mariposa,2021-01-14,74,597,7,346,67,251,0,0,68,295,6,155,68,450,California
Mariposa,2021-01-15,68,665,27,373,41,292,0,0,58,343,10,165,58,508,California
Mariposa,2021-01-16,14,679,2,375,12,304,0,0,13,355,1,166,13,521,California
Mariposa,2021-01-17,4,683,0,375,4,308,0,0,4,359,0,166,4,525,California
Mariposa,2021-01-18,4,687,4,379,0,308,0,0,2,359,2,168,2,527,California
Mariposa,2021-01-19,8,695,4,383,4,312,0,0,5,362,2,170,5,532,California
Mariposa,2021-01-20,23,718,1,384,22,334,0,0,22,383,1,171,22,554,California
Mariposa,2021-01-21,66,784,8,392,58,392,0,0,62,441,4,175,62,616,California
Mariposa,2021-01-22,56,840,3,395,53,445,0,0,56,497,0,175,56,672,California
Mariposa,2021-01-23,116,956,2,397,114,559,0,0,114,609,2,177,114,786,California
Mariposa,2021-01-24,2,958,2,399,0,559,0,0,2,611,0,177,2,788,California
Mariposa,2021-01-25,4,962,1,400,3,562,0,0,0,607,4,181,0,788,California
Mariposa,2021-01-26,38,1000,4,404,34,596,0,0,6,585,32,213,10,798,California
Mariposa,2021-01-27,26,1026,2,406,24,620,0,0,11,582,14,227,11,809,California
Mariposa,2021-01-28,126,1152,3,409,123,743,0,0,113,683,12,239,113,922,California
Mariposa,2021-01-29,84,1236,22,431,62,805,0,0,83,765,1,240,83,1005,California
Mariposa,2021-01-30,9,1245,1,432,8,813,0,0,8,772,1,241,8,1013,California
Mariposa,2021-01-31,1,1246,0,432,1,814,0,0,1,773,0,241,1,1014,California
Mariposa,2021-02-01,91,1337,32,464,59,873,0,0,69,820,22,263,69,1083,California
Mariposa,2021-02-02,15,1352,3,467,12,885,0,0,9,823,6,269,9,1092,California
Mariposa,2021-02-03,22,1374,1,468,21,906,0,0,13,828,8,277,13,1105,California
Mariposa,2021-02-04,99,1473,8,476,91,997,0,0,94,919,4,281,95,1200,California
Mariposa,2021-02-05,191,1664,4,480,187,1184,0,0,165,1058,26,307,165,1365,California
Mariposa,2021-02-06,11,1675,4,484,7,1191,0,0,10,1067,1,308,10,1375,California
Mariposa,2021-02-07,1,1676,0,484,1,1192,0,0,1,1068,0,308,1,1376,California
Mariposa,2021-02-08,41,1717,2,486,39,1231,0,0,22,1071,19,327,22,1398,California
Mariposa,2021-02-09,41,1758,24,510,17,1248,0,0,35,1100,6,333,35,1433,California
Mariposa,2021-02-10,29,1787,4,514,25,1273,0,0,17,1112,11,344,23,1456,California
Mariposa,2021-02-11,375,2162,5,519,370,1643,0,0,361,1462,14,358,364,1820,California
Mariposa,2021-02-12,184,2346,8,527,176,1819,0,0,140,1558,44,402,140,1960,California
Mariposa,2021-02-13,11,2357,3,530,8,1827,0,0,9,1565,2,404,9,1969,California
Mariposa,2021-02-14,10,2367,4,534,6,1833,0,0,5,1565,5,409,5,1974,California
Mariposa,2021-02-15,9,2376,3,537,6,1839,0,0,7,1570,2,411,7,1981,California
Mariposa,2021-02-16,57,2433,34,571,23,1862,0,0,34,1581,23,434,34,2015,California
Mariposa,2021-02-17,36,2469,8,579,28,1890,0,0,27,1601,8,442,28,2043,California
Mariposa,2021-02-18,59,2528,7,586,52,1942,0,0,22,1586,37,479,22,2065,California
Mariposa,2021-02-19,82,2610,3,589,79,2021,0,0,76,1656,6,485,76,2141,California
Mariposa,2021-02-20,256,2866,6,595,250,2271,0,0,226,1853,29,514,226,2367,California
Mariposa,2021-02-21,242,3108,5,600,237,2508,0,0,239,2090,2,516,239,2606,California
Mariposa,2021-02-22,24,3132,9,609,15,2523,0,0,20,2106,4,520,20,2626,California
Mariposa,2021-02-23,45,3177,38,647,7,2530,0,0,26,2113,19,539,26,2652,California
Mariposa,2021-02-24,21,3198,3,650,18,2548,0,0,8,2109,12,551,8,2660,California
Mariposa,2021-02-25,18,3216,9,659,9,2557,0,0,12,2115,6,557,12,2672,California
Mariposa,2021-02-26,429,3645,7,666,422,2979,0,0,368,2423,61,618,369,3041,California
Mariposa,2021-02-27,177,3822,4,670,173,3152,0,0,166,2578,11,629,166,3207,California
Mariposa,2021-02-28,2,3824,1,671,1,3153,0,0,0,2576,2,631,0,3207,California
Mariposa,2021-03-01,82,3906,26,697,56,3209,0,0,16,2527,65,696,16,3223,California
Mariposa,2021-03-02,19,3925,12,709,7,3216,0,0,11,2531,7,703,11,3234,California
Mariposa,2021-03-03,70,3995,4,713,66,3282,0,0,65,2592,5,708,66,3300,California
Mariposa,2021-03-04,41,4036,10,723,31,3313,0,0,20,2592,21,729,21,3321,California
Mariposa,2021-03-05,58,4094,9,732,49,3362,0,0,40,2620,18,747,46,3367,California
Mariposa,2021-03-06,15,4109,6,738,9,3371,0,0,7,2619,8,755,7,3374,California
Mariposa,2021-03-07,1,4110,1,739,0,3371,0,0,0,2618,1,756,0,3374,California
Mariposa,2021-03-08,41,4151,4,743,26,3397,11,11,11,2610,30,786,22,3396,California
Mariposa,2021-03-09,45,4196,18,761,17,3414,10,21,16,2607,29,815,26,3422,California
Mariposa,2021-03-10,32,4228,9,770,13,3427,10,31,10,2605,22,837,20,3442,California
Mariposa,2021-03-11,469,4697,6,776,443,3870,20,51,226,2612,242,1079,249,3691,California
Mariposa,2021-03-12,256,4953,8,784,222,4092,26,77,118,2617,138,1217,143,3834,California
Mariposa,2021-03-13,33,4986,8,792,10,4102,15,92,10,2618,23,1240,24,3858,California
Mariposa,2021-03-14,16,5002,2,794,3,4105,11,103,2,2617,14,1254,13,3871,California
Mariposa,2021-03-15,76,5078,7,801,31,4136,38,141,31,2641,45,1299,69,3940,California
Mariposa,2021-03-16,83,5161,33,834,15,4151,35,176,24,2641,59,1358,59,3999,California
Mariposa,2021-03-17,72,5233,9,843,55,4206,8,184,52,2681,19,1377,59,4058,California
Mariposa,2021-03-18,67,5300,15,858,43,4249,9,193,40,2703,27,1404,49,4107,California
Mariposa,2021-03-19,343,5643,12,870,324,4573,7,200,304,2976,39,1443,312,4419,California
Mariposa,2021-03-20,428,6071,4,874,422,4995,2,202,46,2643,382,1825,49,4468,California
Mariposa,2021-03-21,15,6086,8,882,6,5001,1,203,9,2648,5,1830,10,4478,California
Mariposa,2021-03-22,40,6126,9,891,23,5024,8,211,27,2672,13,1843,37,4515,California
Mariposa,2021-03-23,54,6180,34,925,10,5034,10,221,33,2694,21,1864,43,4558,California
Mariposa,2021-03-24,56,6236,5,930,49,5083,2,223,51,2742,5,1869,53,4611,California
Mariposa,2021-03-25,76,6312,15,945,53,5136,8,231,53,2782,21,1890,61,4672,California
Mariposa,2021-03-26,495,6807,9,954,485,5621,1,232,252,2792,243,2133,253,4925,California
Mariposa,2021-03-27,237,7044,8,962,229,5850,0,232,96,2749,141,2274,98,5023,California
Mariposa,2021-03-28,5,7049,0,962,2,5852,3,235,1,2749,4,2278,4,5027,California
Mariposa,2021-03-29,19,7068,6,968,13,5865,0,235,12,2754,7,2285,12,5039,California
Mariposa,2021-03-30,36,7104,13,981,7,5872,16,251,13,2760,23,2308,29,5068,California
Mariposa,2021-03-31,90,7194,15,996,68,5940,7,258,69,2815,21,2329,76,5144,California
Mariposa,2021-04-01,54,7248,11,1007,35,5975,8,266,35,2839,19,2348,43,5187,California
Mariposa,2021-04-02,350,7598,12,1019,335,6310,3,269,307,3107,42,2390,310,5497,California
Mariposa,2021-04-03,11,7609,8,1027,3,6313,0,269,6,3108,5,2395,6,5503,California
Mariposa,2021-04-04,2,7611,1,1028,0,6313,1,270,0,3107,2,2397,1,5504,California
Mariposa,2021-04-05,35,7646,22,1050,9,6322,4,274,16,3108,19,2416,20,5524,California
Mariposa,2021-04-06,47,7693,21,1071,10,6332,16,290,15,3108,31,2447,31,5555,California
Mariposa,2021-04-07,99,7792,7,1078,73,6405,19,309,29,3086,70,2517,48,5603,California
Mariposa,2021-04-08,284,8076,15,1093,250,6655,19,328,146,3116,136,2653,166,5769,California
Mariposa,2021-04-09,38,8114,9,1102,14,6669,15,343,10,3113,28,2681,25,5794,California
Mariposa,2021-04-10,203,8317,5,1107,188,6857,10,353,189,3299,12,2693,198,5992,California
Mariposa,2021-04-11,123,8440,3,1110,118,6975,2,355,58,3295,65,2758,61,6053,California
Mariposa,2021-04-12,42,8482,13,1123,27,7002,2,357,13,3281,29,2787,15,6068,California
Mariposa,2021-04-13,56,8538,48,1171,8,7010,0,357,35,3295,21,2808,35,6103,California
Mariposa,2021-04-14,114,8652,9,1180,105,7115,0,357,58,3298,55,2863,58,6161,California
Mariposa,2021-04-15,60,8712,17,1197,43,7158,0,357,45,3331,12,2875,45,6206,California
Mariposa,2021-04-16,382,9094,11,1208,371,7529,0,357,106,3161,276,3151,106,6312,California
Mariposa,2021-04-17,11,9105,7,1215,4,7533,0,357,8,3166,3,3154,8,6320,California
Mariposa,2021-04-18,7,9112,0,1215,7,7540,0,357,3,3165,4,3158,3,6323,California
Mariposa,2021-04-19,60,9172,27,1242,33,7573,0,357,32,3171,26,3184,32,6355,California
Mariposa,2021-04-20,61,9233,48,1290,13,7586,0,357,38,3188,21,3205,38,6393,California
Mariposa,2021-04-21,92,9325,14,1304,78,7664,0,357,43,3183,48,3253,43,6436,California
Mariposa,2021-04-22,50,9375,10,1314,40,7704,0,357,38,3210,11,3264,38,6474,California
Mariposa,2021-04-23,315,9690,70,1384,245,7949,0,357,144,3185,171,3435,146,6620,California
Mariposa,2021-04-24,108,9798,10,1394,98,8047,0,357,42,3162,65,3500,42,6662,California
Mariposa,2021-04-26,16,9814,11,1405,5,8052,0,357,5,3156,11,3511,5,6667,California
Mariposa,2021-04-27,33,9847,17,1422,14,8066,2,359,15,3158,15,3526,17,6684,California
Mariposa,2021-04-28,74,9921,14,1436,53,8119,7,366,27,3145,47,3573,34,6718,California
Mariposa,2021-04-29,84,10005,12,1448,71,8190,1,367,79,3220,5,3578,80,6798,California
Mariposa,2021-04-30,212,10217,4,1452,203,8393,5,372,62,3137,150,3728,67,6865,California
Mariposa,2021-05-01,4,10221,3,1455,1,8394,0,372,1,3135,3,3731,1,6866,California
Mariposa,2021-05-02,3,10224,2,1457,0,8394,1,373,0,3133,3,3734,1,6867,California
Mariposa,2021-05-03,16,10240,12,1469,3,8397,1,374,7,3132,9,3743,8,6875,California
Mariposa,2021-05-04,53,10293,32,1501,17,8414,4,378,37,3157,16,3759,41,6916,California
Mariposa,2021-05-05,57,10350,9,1510,46,8460,2,380,18,3138,39,3798,20,6936,California
Mariposa,2021-05-06,56,10406,37,1547,14,8474,5,385,39,3165,17,3815,44,6980,California
Mariposa,2021-05-07,27,10433,7,1554,17,8491,3,388,13,3167,14,3829,16,6996,California
Mariposa,2021-05-08,286,10719,9,1563,277,8768,0,388,33,2949,253,4082,35,7031,California
Mariposa,2021-05-09,3,10722,1,1564,2,8770,0,388,0,2946,3,4085,0,7031,California
Mariposa,2021-05-10,21,10743,10,1574,9,8779,2,390,5,2937,16,4101,7,7038,California
Mariposa,2021-05-11,28,10771,17,1591,10,8789,1,391,20,2951,7,4108,21,7059,California
Mariposa,2021-05-12,67,10838,4,1595,58,8847,5,396,6,2901,61,4169,11,7070,California
Mariposa,2021-05-13,49,10887,8,1603,39,8886,2,398,13,2880,36,4205,15,7085,California
Mariposa,2021-05-14,249,11136,121,1724,121,9007,7,405,117,2872,132,4337,124,7209,California
Mariposa,2021-05-15,19,11155,9,1733,8,9015,2,407,11,2878,6,4343,12,7221,California
Mariposa,2021-05-16,3,11158,1,1734,1,9016,1,408,1,2878,2,4345,2,7223,California
Mariposa,2021-05-17,18,11176,7,1741,7,9023,4,412,8,2879,10,4355,11,7234,California
Mariposa,2021-05-18,61,11237,41,1782,15,9038,5,417,44,2912,16,4371,49,7283,California
Mariposa,2021-05-19,70,11307,32,1814,37,9075,1,418,51,2946,18,4389,52,7335,California
Mariposa,2021-05-20,34,11341,18,1832,14,9089,2,420,13,2940,21,4410,15,7350,California
Mariposa,2021-05-21,92,11433,8,1840,82,9171,2,422,42,2936,48,4458,44,7394,California
Mariposa,2021-05-22,47,11480,6,1846,40,9211,1,423,17,2924,30,4488,18,7412,California
Mariposa,2021-05-23,4,11484,2,1848,1,9212,1,424,2,2925,2,4490,3,7415,California
Mariposa,2021-05-24,13,11497,7,1855,4,9216,2,426,8,2930,5,4495,10,7425,California
Mariposa,2021-05-25,27,11524,17,1872,10,9226,0,426,19,2941,8,4503,19,7444,California
Mariposa,2021-05-26,35,11559,4,1876,27,9253,4,430,28,2966,7,4510,32,7476,California
Mariposa,2021-05-27,119,11678,64,1940,55,9308,0,430,62,2971,57,4567,62,7538,California
Mariposa,2021-05-28,64,11742,4,1944,56,9364,4,434,23,2957,41,4608,27,7565,California
Mariposa,2021-05-29,8,11750,2,1946,5,9369,1,435,3,2958,3,4611,4,7569,California
Mariposa,2021-05-30,1,11751,0,1946,0,9369,1,436,0,2958,1,4612,1,7570,California
Mariposa,2021-05-31,2,11753,0,1946,1,9370,1,437,0,2957,2,4614,1,7571,California
Mariposa,2021-06-01,14,11767,3,1949,11,9381,0,437,5,2953,9,4623,5,7576,California
Mariposa,2021-06-02,26,11793,14,1963,7,9388,5,442,6,2945,19,4642,11,7587,California
Mariposa,2021-06-03,19,11812,10,1973,7,9395,2,444,7,2942,12,4654,9,7596,California
Mariposa,2021-06-04,90,11902,79,2052,9,9404,2,446,27,2909,61,4715,28,7624,California
Mariposa,2021-06-05,30,11932,4,2056,24,9428,2,448,7,2896,22,4737,9,7633,California
Mariposa,2021-06-06,4,11936,3,2059,0,9428,1,449,1,2895,3,4740,2,7635,California
Mariposa,2021-06-07,10,11946,5,2064,5,9433,0,449,4,2894,5,4745,4,7639,California
Mariposa,2021-06-08,44,11990,34,2098,9,9442,1,450,13,2877,31,4776,14,7653,California
Mariposa,2021-06-09,29,12019,21,2119,3,9445,5,455,7,2867,22,4798,12,7665,California
Mariposa,2021-06-10,16,12035,8,2127,5,9450,3,458,6,2867,10,4808,10,7675,California
Mariposa,2021-06-11,39,12074,9,2136,23,9473,7,465,5,2845,34,4842,12,7687,California
Mariposa,2021-06-12,14,12088,8,2144,5,9478,1,466,2,2835,12,4854,2,7689,California
Mariposa,2021-06-13,1,12089,0,2144,0,9478,1,467,0,2835,1,4855,1,7690,California
Mariposa,2021-06-14,8,12097,2,2146,5,9483,1,468,4,2836,4,4859,5,7695,California
Mariposa,2021-06-15,8,12105,6,2152,2,9485,0,468,2,2832,6,4865,2,7697,California
Mendocino,2020-12-17,70,70,70,70,0,0,0,0,70,70,0,0,70,70,California
Mendocino,2020-12-18,84,154,83,153,1,1,0,0,83,153,0,0,83,153,California
Mendocino,2020-12-19,3,157,3,156,0,1,0,0,3,156,0,0,3,156,California
Mendocino,2020-12-20,7,164,7,163,0,1,0,0,7,163,0,0,7,163,California
Mendocino,2020-12-21,239,403,239,402,0,1,0,0,77,240,0,0,77,240,California
Mendocino,2020-12-22,253,656,192,594,61,62,0,0,253,493,0,0,253,493,California
Mendocino,2020-12-23,271,927,48,642,223,285,0,0,270,763,0,0,270,763,California
Mendocino,2020-12-24,48,975,8,650,40,325,0,0,48,811,0,0,48,811,California
Mendocino,2020-12-25,1,976,0,650,1,326,0,0,1,812,0,0,1,812,California
Mendocino,2020-12-26,2,978,2,652,0,326,0,0,2,814,0,0,2,814,California
Mendocino,2020-12-27,1,979,0,652,1,327,0,0,1,815,0,0,1,815,California
Mendocino,2020-12-28,73,1052,8,660,65,392,0,0,73,888,0,0,73,888,California
Mendocino,2020-12-29,119,1171,59,719,60,452,0,0,119,1007,0,0,119,1007,California
Mendocino,2020-12-30,119,1290,66,785,53,505,0,0,119,1126,0,0,119,1126,California
Mendocino,2020-12-31,132,1422,97,882,35,540,0,0,132,1258,0,0,132,1258,California
Mendocino,2021-01-01,9,1431,6,888,3,543,0,0,9,1267,0,0,9,1267,California
Mendocino,2021-01-04,839,2270,18,906,821,1364,0,0,839,2106,0,0,839,2106,California
Mendocino,2021-01-05,74,2344,36,942,38,1402,0,0,61,2154,13,13,61,2167,California
Mendocino,2021-01-06,155,2499,133,1075,22,1424,0,0,146,2291,9,22,146,2313,California
Mendocino,2021-01-07,363,2862,240,1315,123,1547,0,0,300,2528,63,85,300,2613,California
Mendocino,2021-01-08,93,2955,80,1395,13,1560,0,0,40,2516,53,138,41,2654,California
Mendocino,2021-01-09,10,2965,6,1401,4,1564,0,0,8,2522,2,140,8,2662,California
Mendocino,2021-01-10,9,2974,8,1409,1,1565,0,0,2,2517,7,147,2,2664,California
Mendocino,2021-01-11,101,3075,92,1501,9,1574,0,0,43,2503,57,204,43,2707,California
Mendocino,2021-01-12,388,3463,378,1879,10,1584,0,0,271,2657,117,321,271,2978,California
Mendocino,2021-01-13,495,3958,149,2028,346,1930,0,0,450,3065,43,364,451,3429,California
Mendocino,2021-01-14,651,4609,20,2048,631,2561,0,0,642,3698,9,373,642,4071,California
Mendocino,2021-01-15,1872,6481,861,2909,1011,3572,0,0,1868,5563,4,377,1869,5940,California
Mendocino,2021-01-16,794,7275,49,2958,745,4317,0,0,792,6353,2,379,792,6732,California
Mendocino,2021-01-17,555,7830,1,2959,554,4871,0,0,554,6906,1,380,554,7286,California
Mendocino,2021-01-18,486,8316,461,3420,25,4896,0,0,476,7372,10,390,476,7762,California
Mendocino,2021-01-19,330,8646,145,3565,185,5081,0,0,156,7354,174,564,156,7918,California
Mendocino,2021-01-20,555,9201,407,3972,148,5229,0,0,449,7700,104,668,450,8368,California
Mendocino,2021-01-21,538,9739,226,4198,312,5541,0,0,352,7867,185,853,352,8720,California
Mendocino,2021-01-22,152,9891,59,4257,93,5634,0,0,113,7941,39,892,113,8833,California
Mendocino,2021-01-23,157,10048,85,4342,72,5706,0,0,151,8086,6,898,151,8984,California
Mendocino,2021-01-24,4,10052,2,4344,2,5708,0,0,4,8090,0,898,4,8988,California
Mendocino,2021-01-25,192,10244,18,4362,174,5882,0,0,122,8142,70,968,122,9110,California
Mendocino,2021-01-26,152,10396,53,4415,99,5981,0,0,94,8178,58,1026,94,9204,California
Mendocino,2021-01-27,442,10838,372,4787,70,6051,0,0,176,8095,259,1285,176,9380,California
Mendocino,2021-01-28,594,11432,530,5317,64,6115,0,0,499,8501,94,1379,500,9880,California
Mendocino,2021-01-29,392,11824,352,5669,40,6155,0,0,363,8836,29,1408,364,10244,California
Mendocino,2021-01-30,50,11874,32,5701,18,6173,0,0,44,8874,6,1414,44,10288,California
Mendocino,2021-01-31,276,12150,2,5703,274,6447,0,0,4,8606,272,1686,4,10292,California
Mendocino,2021-02-01,382,12532,52,5755,330,6777,0,0,59,8342,323,2009,59,10351,California
Mendocino,2021-02-02,739,13271,519,6274,220,6997,0,0,378,8359,361,2370,378,10729,California
Mendocino,2021-02-03,393,13664,208,6482,185,7182,0,0,221,8410,170,2540,221,10950,California
Mendocino,2021-02-04,628,14292,532,7014,96,7278,0,0,502,8786,126,2666,502,11452,California
Mendocino,2021-02-05,1307,15599,1216,8230,91,7369,0,0,586,8653,719,3385,586,12038,California
Mendocino,2021-02-06,553,16152,153,8383,400,7769,0,0,538,9176,15,3400,538,12576,California
Mendocino,2021-02-07,33,16185,29,8412,4,7773,0,0,33,9209,0,3400,33,12609,California
Mendocino,2021-02-08,747,16932,715,9127,32,7805,0,0,284,9030,463,3863,284,12893,California
Mendocino,2021-02-09,140,17072,58,9185,82,7887,0,0,88,9066,52,3915,88,12981,California
Mendocino,2021-02-10,1489,18561,926,10111,563,8450,0,0,742,9068,740,4655,742,13723,California
Mendocino,2021-02-11,1210,19771,207,10318,1003,9453,0,0,300,8458,910,5565,300,14023,California
Mendocino,2021-02-12,1459,21230,162,10480,1297,10750,0,0,659,8318,799,6364,659,14682,California
Mendocino,2021-02-13,502,21732,16,10496,486,11236,0,0,103,8028,398,6762,108,14790,California
Mendocino,2021-02-14,696,22428,4,10500,692,11928,0,0,135,7602,561,7323,135,14925,California
Mendocino,2021-02-15,331,22759,42,10542,289,12217,0,0,174,7619,157,7480,174,15099,California
Mendocino,2021-02-16,199,22958,52,10594,147,12364,0,0,128,7676,71,7551,128,15227,California
Mendocino,2021-02-17,1353,24311,1190,11784,163,12527,0,0,876,8077,475,8026,876,16103,California
Mendocino,2021-02-18,1789,26100,646,12430,1143,13670,0,0,1222,8734,565,8591,1222,17325,California
Mendocino,2021-02-19,755,26855,147,12577,608,14278,0,0,613,9206,142,8733,614,17939,California
Mendocino,2021-02-20,582,27437,556,13133,26,14304,0,0,549,9724,31,8764,549,18488,California
Mendocino,2021-02-21,325,27762,6,13139,319,14623,0,0,313,10026,11,8775,313,18801,California
Mendocino,2021-02-22,161,27923,29,13168,132,14755,0,0,69,10005,90,8865,69,18870,California
Mendocino,2021-02-23,860,28783,847,14015,13,14768,0,0,646,10439,212,9077,646,19516,California
Mendocino,2021-02-24,1854,30637,1771,15786,83,14851,0,0,1441,11474,408,9485,1443,20959,California
Mendocino,2021-02-25,1710,32347,535,16321,1175,16026,0,0,1286,12337,423,9908,1286,22245,California
Mendocino,2021-02-26,1415,33762,749,17070,666,16692,0,0,1052,13029,360,10268,1052,23297,California
Mendocino,2021-02-27,198,33960,146,17216,52,16744,0,0,77,12986,120,10388,77,23374,California
Mendocino,2021-02-28,34,33994,12,17228,22,16766,0,0,24,13000,10,10398,24,23398,California
Mendocino,2021-03-01,594,34588,551,17779,43,16809,0,0,554,13517,37,10435,554,23952,California
Mendocino,2021-03-02,73,34661,27,17806,46,16855,0,0,39,13523,33,10468,39,23991,California
Mendocino,2021-03-03,2039,36700,1339,19145,700,17555,0,0,1387,14261,649,11117,1387,25378,California
Mendocino,2021-03-04,1850,38550,147,19292,1703,19258,0,0,1633,15681,214,11331,1634,27012,California
Mendocino,2021-03-05,477,39027,418,19710,50,19308,9,9,373,15963,100,11431,382,27394,California
Mendocino,2021-03-06,247,39274,23,19733,197,19505,27,36,202,16148,44,11475,229,27623,California
Mendocino,2021-03-07,506,39780,8,19741,478,19983,20,56,117,15896,388,11863,136,27759,California
Mendocino,2021-03-08,123,39903,28,19769,57,20040,38,94,63,15939,58,11921,101,27860,California
Mendocino,2021-03-09,936,40839,600,20369,296,20336,40,134,831,16705,105,12026,871,28731,California
Mendocino,2021-03-10,1146,41985,983,21352,98,20434,65,199,271,16173,871,12897,339,29070,California
Mendocino,2021-03-11,844,42829,628,21980,163,20597,53,252,402,16189,439,13336,455,29525,California
Mendocino,2021-03-12,2071,44900,1058,23038,899,21496,114,366,1239,16717,825,14161,1353,30878,California
Mendocino,2021-03-13,706,45606,572,23610,76,21572,58,424,104,16281,598,14759,162,31040,California
Mendocino,2021-03-14,106,45712,4,23614,95,21667,7,431,12,16210,90,14849,19,31059,California
Mendocino,2021-03-15,606,46318,51,23665,496,22163,59,490,216,16096,388,15237,274,31333,California
Mendocino,2021-03-16,580,46898,386,24051,148,22311,46,536,117,15798,461,15698,163,31496,California
Mendocino,2021-03-17,1587,48485,1387,25438,51,22362,149,685,217,14804,1366,17064,372,31868,California
Mendocino,2021-03-18,1310,49795,248,25686,1025,23387,37,722,280,14098,1022,18086,316,32184,California
Mendocino,2021-03-19,1777,51572,855,26541,863,24250,59,781,332,13051,1440,19526,393,32577,California
Mendocino,2021-03-20,68,51640,10,26551,38,24288,20,801,11,13025,57,19583,31,32608,California
Mendocino,2021-03-21,8,51648,1,26552,2,24290,5,806,3,13028,5,19588,8,32616,California
Mendocino,2021-03-22,661,52309,617,27169,15,24305,29,835,146,12691,511,20099,174,32790,California
Mendocino,2021-03-23,161,52470,31,27200,100,24405,30,865,111,12782,50,20149,141,32931,California
Mendocino,2021-03-24,916,53386,845,28045,24,24429,47,912,108,12131,806,20955,155,33086,California
Mendocino,2021-03-25,2017,55403,53,28098,1944,26373,20,932,178,10494,1833,22788,196,33282,California
Mendocino,2021-03-26,547,55950,395,28493,126,26499,26,958,113,10199,433,23221,138,33420,California
Mendocino,2021-03-27,144,56094,13,28506,119,26618,12,970,80,10227,63,23284,91,33511,California
Mendocino,2021-03-28,24,56118,5,28511,15,26633,4,974,3,10214,20,23304,7,33518,California
Mendocino,2021-03-29,191,56309,99,28610,48,26681,44,1018,97,10261,94,23398,141,33659,California
Mendocino,2021-03-30,713,57022,630,29240,46,26727,37,1055,104,9795,607,24005,141,33800,California
Mendocino,2021-03-31,916,57938,281,29521,574,27301,61,1116,153,9248,761,24766,214,34014,California
Mendocino,2021-04-01,1750,59688,421,29942,1248,28549,81,1197,380,8348,1360,26126,460,34474,California
Mendocino,2021-04-02,1311,60999,1079,31021,159,28708,73,1270,157,7427,1151,27277,230,34704,California
Mendocino,2021-04-03,709,61708,10,31031,678,29386,21,1291,87,6918,617,27894,108,34812,California
Mendocino,2021-04-04,71,61779,35,31066,30,29416,6,1297,55,6963,16,27910,61,34873,California
Mendocino,2021-04-05,210,61989,140,31206,46,29462,24,1321,125,7024,85,27995,146,35019,California
Mendocino,2021-04-06,396,62385,123,31329,179,29641,94,1415,108,6938,288,28283,202,35221,California
Mendocino,2021-04-07,490,62875,179,31508,65,29706,246,1661,115,6926,372,28655,360,35581,California
Mendocino,2021-04-08,1503,64378,924,32432,465,30171,114,1775,1009,7563,487,29142,1124,36705,California
Mendocino,2021-04-09,763,65141,429,32861,173,30344,161,1936,399,7760,363,29505,560,37265,California
Mendocino,2021-04-10,408,65549,92,32953,271,30615,45,1981,99,7595,309,29814,144,37409,California
Mendocino,2021-04-11,121,65670,47,33000,19,30634,55,2036,59,7647,62,29876,114,37523,California
Mendocino,2021-04-12,622,66292,514,33514,48,30682,60,2096,406,7897,216,30092,466,37989,California
Mendocino,2021-04-13,289,66581,227,33741,62,30744,0,2096,223,8054,66,30158,223,38212,California
Mendocino,2021-04-14,521,67102,429,34170,92,30836,0,2096,423,8379,98,30256,423,38635,California
Mendocino,2021-04-15,661,67763,330,34500,331,31167,0,2096,389,8501,267,30523,389,39024,California
Mendocino,2021-04-16,125,67888,54,34554,70,31237,1,2097,77,8532,47,30570,78,39102,California
Mendocino,2021-04-17,195,68083,13,34567,182,31419,0,2097,68,8475,125,30695,68,39170,California
Mendocino,2021-04-18,14,68097,6,34573,8,31427,0,2097,7,8477,5,30700,7,39177,California
Mendocino,2021-04-19,538,68635,516,35089,21,31448,1,2098,426,8793,111,30811,427,39604,California
Mendocino,2021-04-20,419,69054,291,35380,128,31576,0,2098,263,8901,155,30966,263,39867,California
Mendocino,2021-04-21,190,69244,134,35514,55,31631,1,2099,115,8943,73,31039,115,39982,California
Mendocino,2021-04-22,486,69730,314,35828,171,31802,1,2100,313,9086,170,31209,313,40295,California
Mendocino,2021-04-23,851,70581,701,36529,150,31952,0,2100,696,9630,152,31361,696,40991,California
Mendocino,2021-04-24,107,70688,14,36543,93,32045,0,2100,100,9723,7,31368,100,41091,California
Mendocino,2021-04-25,57,70745,34,36577,19,32064,4,2104,19,9708,38,31406,23,41114,California
Mendocino,2021-04-26,307,71052,238,36815,64,32128,5,2109,201,9809,105,31511,206,41320,California
Mendocino,2021-04-27,206,71258,90,36905,89,32217,27,2136,94,9818,111,31622,120,41440,California
Mendocino,2021-04-28,225,71483,151,37056,55,32272,19,2155,129,9871,96,31718,149,41589,California
Mendocino,2021-04-29,1147,72630,843,37899,289,32561,15,2170,110,8964,1032,32750,125,41714,California
Mendocino,2021-04-30,606,73236,383,38282,214,32775,9,2179,227,8822,378,33128,236,41950,California
Mendocino,2021-05-01,473,73709,433,38715,33,32808,7,2186,368,9093,104,33232,375,42325,California
Mendocino,2021-05-02,55,73764,45,38760,7,32815,3,2189,8,9057,47,33279,11,42336,California
Mendocino,2021-05-03,148,73912,85,38845,41,32856,22,2211,43,9019,103,33382,65,42401,California
Mendocino,2021-05-04,378,74290,252,39097,92,32948,34,2245,140,8955,238,33620,174,42575,California
Mendocino,2021-05-05,876,75166,789,39886,72,33020,15,2260,221,8536,654,34274,235,42810,California
Mendocino,2021-05-06,631,75797,381,40267,228,33248,22,2282,154,8237,475,34749,176,42986,California
Mendocino,2021-05-07,184,75981,34,40301,126,33374,24,2306,120,8318,63,34812,144,43130,California
Mendocino,2021-05-08,126,76107,4,40305,121,33495,1,2307,110,8414,15,34827,111,43241,California
Mendocino,2021-05-09,20,76127,5,40310,14,33509,1,2308,3,8401,17,34844,4,43245,California
Mendocino,2021-05-10,242,76369,161,40471,76,33585,5,2313,149,8462,93,34937,154,43399,California
Mendocino,2021-05-11,278,76647,141,40612,119,33704,18,2331,130,8461,147,35084,146,43545,California
Mendocino,2021-05-12,142,76789,80,40692,54,33758,8,2339,44,8417,96,35180,52,43597,California
Mendocino,2021-05-13,1232,78021,1124,41816,91,33849,17,2356,322,7846,910,36090,339,43936,California
Mendocino,2021-05-14,717,78738,490,42306,163,34012,64,2420,246,7690,466,36556,310,44246,California
Mendocino,2021-05-15,82,78820,27,42333,51,34063,4,2424,38,7688,44,36600,42,44288,California
Mendocino,2021-05-16,115,78935,102,42435,11,34074,2,2426,98,7772,17,36617,101,44389,California
Mendocino,2021-05-17,168,79103,83,42518,69,34143,16,2442,93,7806,75,36692,109,44498,California
Mendocino,2021-05-18,244,79347,118,42636,98,34241,28,2470,106,7802,137,36829,133,44631,California
Mendocino,2021-05-19,331,79678,196,42832,114,34355,21,2491,244,7982,85,36914,265,44896,California
Mendocino,2021-05-20,292,79970,117,42949,133,34488,42,2533,106,7947,183,37097,148,45044,California
Mendocino,2021-05-21,648,80618,473,43422,160,34648,15,2548,505,8325,142,37239,520,45564,California
Mendocino,2021-05-22,783,81401,674,44096,101,34749,8,2556,242,8035,540,37779,250,45814,California
Mendocino,2021-05-23,28,81429,11,44107,10,34759,7,2563,15,8043,13,37792,21,45835,California
Mendocino,2021-05-24,126,81555,43,44150,62,34821,21,2584,59,8057,66,37858,80,45915,California
Mendocino,2021-05-25,294,81849,176,44326,89,34910,29,2613,134,8060,160,38018,163,46078,California
Mendocino,2021-05-26,322,82171,242,44568,68,34978,12,2625,130,8011,191,38209,142,46220,California
Mendocino,2021-05-27,244,82415,112,44680,110,35088,22,2647,102,7994,140,38349,123,46343,California
Mendocino,2021-05-28,235,82650,96,44776,127,35215,12,2659,154,8081,79,38428,166,46509,California
Mendocino,2021-05-29,47,82697,16,44792,26,35241,5,2664,27,8093,20,38448,32,46541,California
Mendocino,2021-05-30,15,82712,2,44794,12,35253,1,2665,10,8099,5,38453,11,46552,California
Mendocino,2021-05-31,6,82718,0,44794,5,35258,1,2666,2,8099,3,38456,3,46555,California
Mendocino,2021-06-01,297,83015,90,44884,198,35456,9,2675,81,7973,216,38672,90,46645,California
Mendocino,2021-06-02,156,83171,58,44942,90,35546,8,2683,54,7936,99,38771,62,46707,California
Mendocino,2021-06-03,558,83729,458,45400,91,35637,9,2692,122,7638,429,39200,131,46838,California
Mendocino,2021-06-04,312,84041,189,45589,101,35738,22,2714,82,7512,230,39430,104,46942,California
Mendocino,2021-06-05,226,84267,92,45681,116,35854,18,2732,72,7450,152,39582,90,47032,California
Mendocino,2021-06-06,63,84330,58,45739,2,35856,3,2735,2,7394,61,39643,5,47037,California
Mendocino,2021-06-07,149,84479,72,45811,65,35921,12,2747,59,7375,90,39733,71,47108,California
Mendocino,2021-06-08,226,84705,130,45941,83,36004,13,2760,98,7362,124,39857,111,47219,California
Mendocino,2021-06-09,309,85014,248,46189,51,36055,10,2770,106,7277,202,40059,117,47336,California
Mendocino,2021-06-10,117,85131,65,46254,42,36097,10,2780,51,7273,66,40125,62,47398,California
Mendocino,2021-06-11,685,85816,542,46796,124,36221,19,2799,90,6790,592,40717,109,47507,California
Mendocino,2021-06-12,57,85873,37,46833,15,36236,5,2804,15,6769,41,40758,20,47527,California
Mendocino,2021-06-13,26,85899,14,46847,10,36246,2,2806,13,6771,13,40771,15,47542,California
Mendocino,2021-06-14,99,85998,40,46887,40,36286,19,2825,40,6771,58,40829,58,47600,California
Mendocino,2021-06-15,112,86110,65,46952,36,36322,11,2836,27,6724,85,40914,38,47638,California
Merced,2020-12-16,3,3,3,3,0,0,0,0,3,3,0,0,3,3,California
Merced,2020-12-17,8,11,8,11,0,0,0,0,8,11,0,0,8,11,California
Merced,2020-12-18,144,155,144,155,0,0,0,0,144,155,0,0,144,155,California
Merced,2020-12-19,37,192,37,192,0,0,0,0,37,192,0,0,37,192,California
Merced,2020-12-20,18,210,18,210,0,0,0,0,18,210,0,0,18,210,California
Merced,2020-12-21,124,334,121,331,3,3,0,0,124,334,0,0,124,334,California
Merced,2020-12-22,152,486,152,483,0,3,0,0,152,486,0,0,152,486,California
Merced,2020-12-23,250,736,244,727,6,9,0,0,250,736,0,0,250,736,California
Merced,2020-12-24,72,808,72,799,0,9,0,0,72,808,0,0,72,808,California
Merced,2020-12-25,4,812,4,803,0,9,0,0,4,812,0,0,4,812,California
Merced,2020-12-26,6,818,3,806,3,12,0,0,6,818,0,0,6,818,California
Merced,2020-12-27,12,830,11,817,1,13,0,0,12,830,0,0,12,830,California
Merced,2020-12-28,122,952,97,914,25,38,0,0,122,952,0,0,122,952,California
Merced,2020-12-29,181,1133,124,1038,57,95,0,0,181,1133,0,0,181,1133,California
Merced,2020-12-30,215,1348,89,1127,126,221,0,0,215,1348,0,0,215,1348,California
Merced,2020-12-31,102,1450,34,1161,68,289,0,0,102,1450,0,0,102,1450,California
Merced,2021-01-01,5,1455,1,1162,4,293,0,0,5,1455,0,0,5,1455,California
Merced,2021-01-02,129,1584,118,1280,11,304,0,0,129,1584,0,0,129,1584,California
Merced,2021-01-03,9,1593,5,1285,4,308,0,0,9,1593,0,0,9,1593,California
Merced,2021-01-04,84,1677,43,1328,41,349,0,0,84,1677,0,0,84,1677,California
Merced,2021-01-05,321,1998,232,1560,89,438,0,0,315,1988,6,6,317,1994,California
Merced,2021-01-06,257,2255,105,1665,152,590,0,0,252,2235,5,11,252,2246,California
Merced,2021-01-07,186,2441,83,1748,103,693,0,0,175,2398,12,23,175,2421,California
Merced,2021-01-08,527,2968,393,2141,134,827,0,0,375,2622,151,174,375,2796,California
Merced,2021-01-09,22,2990,9,2150,13,840,0,0,17,2634,5,179,17,2813,California
Merced,2021-01-10,11,3001,7,2157,4,844,0,0,7,2637,4,183,7,2820,California
Merced,2021-01-11,229,3230,171,2328,58,902,0,0,102,2614,127,310,104,2924,California
Merced,2021-01-12,291,3521,168,2496,123,1025,0,0,243,2808,49,359,243,3167,California
Merced,2021-01-13,378,3899,175,2671,203,1228,0,0,226,2885,152,511,229,3396,California
Merced,2021-01-14,322,4221,201,2872,121,1349,0,0,156,2877,165,676,157,3553,California
Merced,2021-01-15,583,4804,129,3001,454,1803,0,0,544,3384,40,716,547,4100,California
Merced,2021-01-16,213,5017,129,3130,84,1887,0,0,196,3563,17,733,196,4296,California
Merced,2021-01-17,50,5067,12,3142,38,1925,0,0,49,3611,1,734,49,4345,California
Merced,2021-01-18,266,5333,127,3269,139,2064,0,0,243,3835,23,757,247,4592,California
Merced,2021-01-19,713,6046,589,3858,124,2188,0,0,540,4207,173,930,545,5137,California
Merced,2021-01-20,572,6618,467,4325,105,2293,0,0,515,4668,57,987,518,5655,California
Merced,2021-01-21,1011,7629,651,4976,360,2653,0,0,911,5482,100,1087,914,6569,California
Merced,2021-01-22,1314,8943,694,5670,620,3273,0,0,1286,6753,27,1114,1298,7867,California
Merced,2021-01-23,324,9267,198,5868,126,3399,0,0,217,6863,107,1221,217,8084,California
Merced,2021-01-24,37,9304,15,5883,22,3421,0,0,28,6883,8,1229,28,8112,California
Merced,2021-01-25,730,10034,241,6124,489,3910,0,0,669,7493,60,1289,670,8782,California
Merced,2021-01-26,918,10952,487,6611,431,4341,0,0,675,7953,216,1505,676,9458,California
Merced,2021-01-27,986,11938,589,7200,397,4738,0,0,816,8601,168,1673,816,10274,California
Merced,2021-01-28,1142,13080,596,7796,546,5284,0,0,1018,9498,123,1796,1020,11294,California
Merced,2021-01-29,850,13930,322,8118,528,5812,0,0,598,9860,239,2035,601,11895,California
Merced,2021-01-30,262,14192,28,8146,234,6046,0,0,244,10086,18,2053,244,12139,California
Merced,2021-01-31,47,14239,11,8157,36,6082,0,0,46,10131,1,2054,46,12185,California
Merced,2021-02-01,381,14620,55,8212,326,6408,0,0,328,10408,52,2106,329,12514,California
Merced,2021-02-02,298,14918,179,8391,119,6527,0,0,178,10470,117,2223,179,12693,California
Merced,2021-02-03,350,15268,72,8463,278,6805,0,0,170,10459,181,2404,170,12863,California
Merced,2021-02-04,370,15638,145,8608,225,7030,0,0,239,10569,130,2534,240,13103,California
Merced,2021-02-05,509,16147,169,8777,340,7370,0,0,271,10605,237,2771,273,13376,California
Merced,2021-02-06,388,16535,217,8994,171,7541,0,0,244,10709,141,2912,245,13621,California
Merced,2021-02-07,20,16555,12,9006,8,7549,0,0,13,10715,7,2919,13,13634,California
Merced,2021-02-08,283,16838,199,9205,84,7633,0,0,171,10777,110,3029,172,13806,California
Merced,2021-02-09,1217,18055,956,10161,261,7894,0,0,773,11115,436,3465,774,14580,California
Merced,2021-02-10,1858,19913,1434,11595,424,8318,0,0,1274,11815,574,4039,1274,15854,California
Merced,2021-02-11,2506,22419,2011,13606,495,8813,0,0,1816,12953,678,4717,1816,17670,California
Merced,2021-02-12,1720,24139,1020,14626,700,9513,0,0,746,12746,956,5673,749,18419,California
Merced,2021-02-13,362,24501,208,14834,154,9667,0,0,263,12916,95,5768,265,18684,California
Merced,2021-02-14,117,24618,25,14859,92,9759,0,0,95,12990,22,5790,96,18780,California
Merced,2021-02-15,274,24892,42,14901,232,9991,0,0,168,13060,99,5889,169,18949,California
Merced,2021-02-16,1217,26109,844,15745,373,10364,0,0,834,13534,364,6253,838,19787,California
Merced,2021-02-17,1887,27996,1642,17387,245,10609,0,0,1312,14296,559,6812,1321,21108,California
Merced,2021-02-18,1219,29215,825,18212,394,11003,0,0,408,13917,790,7602,411,21519,California
Merced,2021-02-19,1264,30479,415,18627,849,11852,0,0,538,13737,720,8322,540,22059,California
Merced,2021-02-20,278,30757,31,18658,247,12099,0,0,139,13739,137,8459,139,22198,California
Merced,2021-02-21,76,30833,62,18720,14,12113,0,0,30,13725,44,8503,30,22228,California
Merced,2021-02-22,833,31666,296,19016,537,12650,0,0,482,13859,349,8852,483,22711,California
Merced,2021-02-23,1081,32747,421,19437,660,13310,0,0,638,14061,437,9289,639,23350,California
Merced,2021-02-24,822,33569,304,19741,518,13828,0,0,451,14151,362,9651,452,23802,California
Merced,2021-02-25,1774,35343,882,20623,892,14720,0,0,1319,15021,452,10103,1322,25124,California
Merced,2021-02-26,2159,37502,1383,22006,776,15496,0,0,1743,16356,409,10512,1744,26868,California
Merced,2021-02-27,2610,40112,1183,23189,1427,16923,0,0,2325,18397,284,10796,2325,29193,California
Merced,2021-02-28,312,40424,73,23262,238,17161,1,1,258,18605,50,10846,258,29451,California
Merced,2021-03-01,1130,41554,284,23546,845,18006,1,2,785,19056,335,11181,786,30237,California
Merced,2021-03-02,1758,43312,911,24457,846,18852,1,3,1363,20035,387,11568,1366,31603,California
Merced,2021-03-03,2239,45551,1738,26195,500,19352,1,4,1475,20767,745,12313,1477,33080,California
Merced,2021-03-04,2901,48452,2275,28470,624,19976,2,6,1926,21739,957,13270,1929,35009,California
Merced,2021-03-05,2078,50530,1200,29670,854,20830,24,30,1533,22767,530,13800,1558,36567,California
Merced,2021-03-06,1168,51698,664,30334,482,21312,22,52,912,23446,255,14055,934,37501,California
Merced,2021-03-07,230,51928,68,30402,138,21450,24,76,202,23644,28,14083,226,37727,California
Merced,2021-03-08,1406,53334,808,31210,533,21983,65,141,1190,24683,215,14298,1254,38981,California
Merced,2021-03-09,1696,55030,1004,32214,584,22567,108,249,1097,25295,593,14891,1205,40186,California
Merced,2021-03-10,2712,57742,1876,34090,635,23202,201,450,1634,26070,1063,15954,1838,42024,California
Merced,2021-03-11,1949,59691,699,34789,1049,24251,201,651,1229,26818,704,16658,1452,43476,California
Merced,2021-03-12,2218,61909,903,35692,1041,25292,274,925,1497,27884,716,17374,1782,45258,California
Merced,2021-03-13,1008,62917,309,36001,458,25750,241,1166,704,28534,296,17670,946,46204,California
Merced,2021-03-14,251,63168,137,36138,84,25834,30,1196,150,28614,100,17770,180,46384,California
Merced,2021-03-15,1528,64696,498,36636,773,26607,257,1453,1005,29360,515,18285,1261,47645,California
Merced,2021-03-16,1474,66170,717,37353,530,27137,227,1680,980,30086,482,18767,1208,48853,California
Merced,2021-03-17,1982,68152,1077,38430,727,27864,178,1858,1523,31340,449,19216,1703,50556,California
Merced,2021-03-18,2136,70288,1260,39690,728,28592,148,2006,1395,32171,726,19942,1557,52113,California
Merced,2021-03-19,2673,72961,1458,41148,1018,29610,197,2203,1386,32478,1276,21218,1583,53696,California
Merced,2021-03-20,2455,75416,1527,42675,533,30143,395,2598,964,32356,1486,22704,1364,55060,California
Merced,2021-03-21,556,75972,343,43018,201,30344,12,2610,437,32688,119,22823,451,55511,California
Merced,2021-03-22,1265,77237,631,43649,557,30901,77,2687,886,33283,370,23193,965,56476,California
Merced,2021-03-23,1842,79079,1112,44761,666,31567,64,2751,1360,34233,474,23667,1424,57900,California
Merced,2021-03-24,1474,80553,933,45694,506,32073,35,2786,995,34791,472,24139,1030,58930,California
Merced,2021-03-25,3333,83886,2286,47980,1024,33097,23,2809,2092,35680,1229,25368,2118,61048,California
Merced,2021-03-26,1949,85835,1096,49076,818,33915,35,2844,899,35576,1037,26405,933,61981,California
Merced,2021-03-27,3564,89399,1908,50984,1239,35154,417,3261,1553,35550,1997,28402,1971,63952,California
Merced,2021-03-28,526,89925,217,51201,301,35455,8,3269,215,35465,308,28710,223,64175,California
Merced,2021-03-29,1835,91760,783,51984,884,36339,168,3437,671,35153,1155,29865,843,65018,California
Merced,2021-03-30,2151,93911,806,52790,1286,37625,59,3496,990,35049,1155,31020,1051,66069,California
Merced,2021-03-31,2155,96066,1413,54203,701,38326,41,3537,952,34858,1185,32205,994,67063,California
Merced,2021-04-01,2347,98413,1053,55256,1164,39490,130,3667,1046,34745,1289,33494,1176,68239,California
Merced,2021-04-02,2338,100751,642,55898,1291,40781,405,4072,787,34405,1533,35027,1193,69432,California
Merced,2021-04-03,1054,101805,569,56467,470,41251,15,4087,639,34654,407,35434,656,70088,California
Merced,2021-04-04,369,102174,143,56610,223,41474,3,4090,142,34575,226,35660,147,70235,California
Merced,2021-04-05,1277,103451,608,57218,455,41929,214,4304,418,34354,852,36512,631,70866,California
Merced,2021-04-06,2420,105871,896,58114,696,42625,828,5132,890,34545,1525,38037,1716,72582,California
Merced,2021-04-07,1675,107546,898,59012,669,43294,108,5240,592,34182,1065,39102,702,73284,California
Merced,2021-04-08,2432,109978,1295,60307,920,44214,217,5457,943,33883,1457,40559,1158,74442,California
Merced,2021-04-09,1704,111682,477,60784,650,44864,577,6034,567,33911,1118,41677,1146,75588,California
Merced,2021-04-10,981,112663,369,61153,425,45289,187,6221,175,33471,800,42477,360,75948,California
Merced,2021-04-11,489,113152,283,61436,72,45361,134,6355,148,33415,339,42816,283,76231,California
Merced,2021-04-12,1506,114658,987,62423,393,45754,126,6481,867,33806,602,43418,993,77224,California
Merced,2021-04-13,2045,116703,1466,63889,577,46331,2,6483,939,33737,1014,44432,945,78169,California
Merced,2021-04-14,2101,118804,1265,65154,836,47167,0,6483,929,33629,1040,45472,932,79101,California
Merced,2021-04-15,3022,121826,1978,67132,1044,48211,0,6483,953,32754,1835,47307,960,80061,California
Merced,2021-04-16,2382,124208,1167,68299,1215,49426,0,6483,972,32414,1312,48619,972,81033,California
Merced,2021-04-17,2103,126311,1443,69742,659,50085,1,6484,686,31694,1409,50028,689,81722,California
Merced,2021-04-18,472,126783,248,69990,224,50309,0,6484,191,31632,253,50281,191,81913,California
Merced,2021-04-19,1337,128120,752,70742,585,50894,0,6484,706,31804,535,50816,707,82620,California
Merced,2021-04-20,1478,129598,741,71483,737,51631,0,6484,803,32002,605,51421,803,83423,California
Merced,2021-04-21,1505,131103,913,72396,592,52223,0,6484,762,32134,631,52052,763,84186,California
Merced,2021-04-22,1622,132725,744,73140,878,53101,0,6484,784,32162,757,52809,785,84971,California
Merced,2021-04-23,1651,134376,686,73826,965,54066,0,6484,886,32330,719,53528,887,85858,California
Merced,2021-04-24,876,135252,701,74527,175,54241,0,6484,566,32591,305,53833,566,86424,California
Merced,2021-04-25,327,135579,187,74714,140,54381,0,6484,192,32651,132,53965,192,86616,California
Merced,2021-04-26,1221,136800,534,75248,687,55068,0,6484,641,32747,547,54512,643,87259,California
Merced,2021-04-27,1772,138572,894,76142,866,55934,12,6496,710,32477,993,55505,723,87982,California
Merced,2021-04-28,1370,139942,680,76822,682,56616,8,6504,783,32705,564,56069,792,88774,California
Merced,2021-04-29,1446,141388,635,77457,786,57402,25,6529,688,32671,749,56818,715,89489,California
Merced,2021-04-30,1457,142845,615,78072,798,58200,44,6573,748,32762,702,57520,793,90282,California
Merced,2021-05-01,561,143406,241,78313,315,58515,5,6578,261,32731,296,57816,265,90547,California
Merced,2021-05-02,295,143701,120,78433,160,58675,15,6593,130,32714,164,57980,147,90694,California
Merced,2021-05-03,846,144547,555,78988,221,58896,70,6663,303,32549,539,58519,374,91068,California
Merced,2021-05-04,1020,145567,546,79534,422,59318,52,6715,376,32337,640,59159,428,91496,California
Merced,2021-05-05,1377,146944,877,80411,424,59742,76,6791,668,32385,697,59856,745,92241,California
Merced,2021-05-06,916,147860,479,80890,387,60129,50,6841,301,32129,607,60463,351,92592,California
Merced,2021-05-07,1096,148956,451,81341,603,60732,42,6883,421,31925,670,61133,466,93058,California
Merced,2021-05-08,397,149353,202,81543,159,60891,36,6919,183,31931,213,61346,219,93277,California
Merced,2021-05-09,212,149565,105,81648,100,60991,7,6926,101,31929,110,61456,108,93385,California
Merced,2021-05-10,694,150259,357,82005,300,61291,37,6963,189,31653,503,61959,227,93612,California
Merced,2021-05-11,1146,151405,681,82686,408,61699,57,7020,440,31449,701,62660,497,94109,California
Merced,2021-05-12,1074,152479,608,83294,424,62123,42,7062,373,31167,698,63358,416,94525,California
Merced,2021-05-13,858,153337,453,83747,363,62486,42,7104,347,31050,506,63864,389,94914,California
Merced,2021-05-14,1025,154362,616,84363,369,62855,40,7144,535,31141,484,64348,575,95489,California
Merced,2021-05-15,758,155120,574,84937,165,63020,19,7163,449,31312,298,64646,469,95958,California
Merced,2021-05-16,348,155468,233,85170,107,63127,8,7171,199,31373,147,64793,208,96166,California
Merced,2021-05-17,1093,156561,713,85883,350,63477,30,7201,539,31396,547,65340,570,96736,California
Merced,2021-05-18,1271,157832,851,86734,389,63866,31,7232,720,31602,545,65885,751,97487,California
Merced,2021-05-19,1104,158936,756,87490,341,64207,7,7239,627,31766,474,66359,638,98125,California
Merced,2021-05-20,1036,159972,549,88039,432,64639,55,7294,396,31581,638,66997,453,98578,California
Merced,2021-05-21,1176,161148,672,88711,476,65115,28,7322,486,31417,679,67676,515,99093,California
Merced,2021-05-22,750,161898,537,89248,200,65315,13,7335,448,31582,299,67975,464,99557,California
Merced,2021-05-23,331,162229,232,89480,87,65402,12,7347,222,31708,108,68083,234,99791,California
Merced,2021-05-24,594,162823,248,89728,316,65718,30,7377,225,31600,364,68447,256,100047,California
Merced,2021-05-25,761,163584,431,90159,296,66014,34,7411,401,31678,357,68804,435,100482,California
Merced,2021-05-26,973,164557,551,90710,389,66403,33,7444,405,31550,566,69370,438,100920,California
Merced,2021-05-27,923,165480,653,91363,237,66640,33,7477,571,31806,349,69719,605,101525,California
Merced,2021-05-28,764,166244,345,91708,372,67012,47,7524,335,31768,421,70140,383,101908,California
Merced,2021-05-29,391,166635,271,91979,112,67124,8,7532,172,31733,216,70356,181,102089,California
Merced,2021-05-30,214,166849,146,92125,57,67181,11,7543,135,31801,78,70434,146,102235,California
Merced,2021-05-31,110,166959,24,92149,80,67261,6,7549,31,31762,77,70511,38,102273,California
Merced,2021-06-01,792,167751,470,92619,290,67551,32,7581,340,31687,447,70958,372,102645,California
Merced,2021-06-02,740,168491,479,93098,235,67786,26,7607,366,31712,367,71325,392,103037,California
Merced,2021-06-03,750,169241,477,93575,240,68026,33,7640,333,31666,411,71736,365,103402,California
Merced,2021-06-04,788,170029,444,94019,322,68348,22,7662,331,31569,451,72187,354,103756,California
Merced,2021-06-05,492,170521,388,94407,94,68442,10,7672,182,31456,305,72492,192,103948,California
Merced,2021-06-06,225,170746,189,94596,30,68472,6,7678,84,31405,141,72633,90,104038,California
Merced,2021-06-07,650,171396,520,95116,118,68590,12,7690,194,31157,456,73089,208,104246,California
Merced,2021-06-08,848,172244,628,95744,196,68786,24,7714,273,30882,572,73661,297,104543,California
Merced,2021-06-09,770,173014,641,96385,114,68900,15,7729,224,30584,537,74198,239,104782,California
Merced,2021-06-10,625,173639,434,96819,173,69073,18,7747,258,30500,360,74558,276,105058,California
Merced,2021-06-11,549,174188,346,97165,187,69260,16,7763,229,30430,317,74875,247,105305,California
Merced,2021-06-12,427,174615,329,97494,76,69336,22,7785,133,30292,293,75168,155,105460,California
Merced,2021-06-13,252,174867,132,97626,115,69451,5,7790,67,30179,185,75353,72,105532,California
Merced,2021-06-14,397,175264,246,97872,135,69586,16,7806,181,30163,215,75568,199,105731,California
Merced,2021-06-15,323,175587,249,98121,62,69648,12,7818,90,30033,232,75800,102,105833,California
Modoc,2020-12-16,2,2,2,2,0,0,0,0,2,2,0,0,2,2,California
Modoc,2020-12-21,99,101,99,101,0,0,0,0,99,101,0,0,99,101,California
Modoc,2020-12-22,14,115,14,115,0,0,0,0,14,115,0,0,14,115,California
Modoc,2020-12-23,4,119,4,119,0,0,0,0,4,119,0,0,4,119,California
Modoc,2020-12-24,1,120,1,120,0,0,0,0,1,120,0,0,1,120,California
Modoc,2020-12-28,2,122,2,122,0,0,0,0,2,122,0,0,2,122,California
Modoc,2020-12-29,9,131,1,123,8,8,0,0,9,131,0,0,9,131,California
Modoc,2020-12-30,8,139,1,124,7,15,0,0,8,139,0,0,8,139,California
Modoc,2021-01-02,3,142,1,125,2,17,0,0,3,142,0,0,3,142,California
Modoc,2021-01-04,8,150,0,125,8,25,0,0,8,150,0,0,8,150,California
Modoc,2021-01-05,3,153,2,127,1,26,0,0,3,153,0,0,3,153,California
Modoc,2021-01-06,4,157,3,130,1,27,0,0,2,153,2,2,2,155,California
Modoc,2021-01-07,72,229,0,130,72,99,0,0,72,225,0,2,72,227,California
Modoc,2021-01-08,106,335,0,130,106,205,0,0,106,331,0,2,106,333,California
Modoc,2021-01-10,1,336,1,131,0,205,0,0,0,330,1,3,0,333,California
Modoc,2021-01-11,90,426,81,212,9,214,0,0,19,278,71,74,19,352,California
Modoc,2021-01-12,94,520,25,237,69,283,0,0,68,320,26,100,68,420,California
Modoc,2021-01-13,24,544,4,241,20,303,0,0,22,340,2,102,22,442,California
Modoc,2021-01-14,129,673,6,247,123,426,0,0,124,459,5,107,124,566,California
Modoc,2021-01-15,5,678,1,248,4,430,0,0,5,464,0,107,5,571,California
Modoc,2021-01-16,2,680,1,249,1,431,0,0,2,466,0,107,2,573,California
Modoc,2021-01-18,3,683,1,250,2,433,0,0,3,469,0,107,3,576,California
Modoc,2021-01-19,5,688,3,253,2,435,0,0,3,470,2,109,3,579,California
Modoc,2021-01-20,13,701,3,256,10,445,0,0,12,481,1,110,12,591,California
Modoc,2021-01-21,160,861,2,258,158,603,0,0,160,641,0,110,160,751,California
Modoc,2021-01-22,4,865,2,260,2,605,0,0,4,645,0,110,4,755,California
Modoc,2021-01-25,12,877,0,260,12,617,0,0,12,657,0,110,12,767,California
Modoc,2021-01-26,109,986,1,261,108,725,0,0,109,766,0,110,109,876,California
Modoc,2021-01-27,45,1031,3,264,42,767,0,0,30,781,15,125,30,906,California
Modoc,2021-01-28,148,1179,4,268,144,911,0,0,147,927,1,126,147,1053,California
Modoc,2021-01-29,4,1183,1,269,3,914,0,0,4,931,0,126,4,1057,California
Modoc,2021-02-01,26,1209,13,282,13,927,0,0,12,929,14,140,12,1069,California
Modoc,2021-02-02,172,1381,2,284,170,1097,0,0,169,1095,3,143,169,1238,California
Modoc,2021-02-03,18,1399,13,297,5,1102,0,0,11,1099,7,150,11,1249,California
Modoc,2021-02-04,158,1557,3,300,155,1257,0,0,30,1001,128,278,30,1279,California
Modoc,2021-02-05,3,1560,2,302,1,1258,0,0,2,1002,1,279,2,1281,California
Modoc,2021-02-08,10,1570,1,303,9,1267,0,0,9,1010,1,280,9,1290,California
Modoc,2021-02-09,198,1768,11,314,187,1454,0,0,65,942,133,413,65,1355,California
Modoc,2021-02-10,6,1774,3,317,3,1457,0,0,4,944,2,415,4,1359,California
Modoc,2021-02-11,200,1974,2,319,198,1655,0,0,82,908,118,533,82,1441,California
Modoc,2021-02-12,8,1982,2,321,6,1661,0,0,3,906,5,538,3,1444,California
Modoc,2021-02-13,2,1984,0,321,2,1663,0,0,1,906,1,539,1,1445,California
Modoc,2021-02-16,147,2131,6,327,141,1804,0,0,141,1041,6,545,141,1586,California
Modoc,2021-02-17,24,2155,2,329,22,1826,0,0,11,1039,13,558,11,1597,California
Modoc,2021-02-18,192,2347,4,333,188,2014,0,0,23,896,168,726,25,1622,California
Modoc,2021-02-19,3,2350,3,336,0,2014,0,0,2,897,1,727,2,1624,California
Modoc,2021-02-20,1,2351,1,337,0,2014,0,0,0,896,1,728,0,1624,California
Modoc,2021-02-22,17,2368,9,346,8,2022,0,0,3,885,14,742,3,1627,California
Modoc,2021-02-23,73,2441,2,348,71,2093,0,0,9,830,64,806,9,1636,California
Modoc,2021-02-24,94,2535,2,350,92,2185,0,0,32,800,62,868,32,1668,California
Modoc,2021-02-25,171,2706,0,350,171,2356,0,0,12,653,159,1027,12,1680,California
Modoc,2021-02-26,2,2708,0,350,2,2358,0,0,1,653,1,1028,1,1681,California
Modoc,2021-02-27,3,2711,3,353,0,2358,0,0,2,654,1,1029,2,1683,California
Modoc,2021-03-01,5,2716,0,353,5,2363,0,0,0,650,4,1033,0,1683,California
Modoc,2021-03-02,194,2910,11,364,183,2546,0,0,26,508,168,1201,26,1709,California
Modoc,2021-03-03,12,2922,6,370,6,2552,0,0,2,500,10,1211,2,1711,California
Modoc,2021-03-04,175,3097,0,370,175,2727,0,0,147,619,28,1239,147,1858,California
Modoc,2021-03-05,3,3100,2,372,1,2728,0,0,2,620,1,1240,2,1860,California
Modoc,2021-03-06,11,3111,0,372,1,2729,10,10,1,621,10,1250,11,1871,California
Modoc,2021-03-07,8,3119,2,374,0,2729,6,16,2,623,6,1256,8,1879,California
Modoc,2021-03-08,9,3128,1,375,4,2733,4,20,1,621,7,1263,5,1884,California
Modoc,2021-03-09,127,3255,10,385,109,2842,8,28,61,624,66,1329,69,1953,California
Modoc,2021-03-10,9,3264,3,388,2,2844,4,32,4,627,5,1334,8,1961,California
Modoc,2021-03-11,208,3472,0,388,99,2943,109,141,22,572,186,1520,131,2092,California
Modoc,2021-03-12,10,3482,1,389,4,2947,5,146,4,575,6,1526,9,2101,California
Modoc,2021-03-13,4,3486,0,389,1,2948,3,149,1,576,3,1529,4,2105,California
Modoc,2021-03-15,14,3500,0,389,13,2961,1,150,12,587,2,1531,13,2118,California
Modoc,2021-03-16,173,3673,1,390,168,3129,4,154,42,501,131,1662,45,2163,California
Modoc,2021-03-17,11,3684,2,392,4,3133,5,159,2,499,9,1671,7,2170,California
Modoc,2021-03-18,67,3751,2,394,58,3191,7,166,36,511,31,1702,43,2213,California
Modoc,2021-03-19,5,3756,0,394,0,3191,5,171,0,511,5,1707,5,2218,California
Modoc,2021-03-20,5,3761,2,396,0,3191,3,174,0,509,5,1712,3,2221,California
Modoc,2021-03-21,3,3764,1,397,0,3191,2,176,1,510,2,1714,3,2224,California
Modoc,2021-03-22,17,3781,1,398,11,3202,5,181,12,522,5,1719,17,2241,California
Modoc,2021-03-23,58,3839,7,405,48,3250,3,184,42,551,16,1735,45,2286,California
Modoc,2021-03-24,29,3868,1,406,18,3268,10,194,1,534,28,1763,11,2297,California
Modoc,2021-03-25,79,3947,3,409,74,3342,2,196,47,551,32,1795,49,2346,California
Modoc,2021-03-26,8,3955,3,412,2,3344,3,199,3,552,5,1800,6,2352,California
Modoc,2021-03-27,2,3957,0,412,1,3345,1,200,1,553,1,1801,2,2354,California
Modoc,2021-03-28,1,3958,1,413,0,3345,0,200,0,552,1,1802,0,2354,California
Modoc,2021-03-29,15,3973,1,414,6,3351,8,208,6,557,9,1811,14,2368,California
Modoc,2021-03-30,54,4027,9,423,39,3390,6,214,21,551,33,1844,27,2395,California
Modoc,2021-03-31,10,4037,3,426,3,3393,4,218,4,553,6,1850,8,2403,California
Modoc,2021-04-01,169,4206,2,428,162,3555,5,223,34,457,135,1985,39,2442,California
Modoc,2021-04-02,5,4211,0,428,2,3557,3,226,1,458,3,1988,4,2446,California
Modoc,2021-04-03,4,4215,1,429,0,3557,3,229,1,459,2,1990,3,2449,California
Modoc,2021-04-05,10,4225,0,429,9,3566,1,230,9,468,1,1991,10,2459,California
Modoc,2021-04-06,23,4248,5,434,8,3574,10,240,5,465,18,2009,15,2474,California
Modoc,2021-04-07,12,4260,1,435,4,3578,7,247,3,466,9,2018,10,2484,California
Modoc,2021-04-08,96,4356,1,436,92,3670,3,250,26,425,70,2088,29,2513,California
Modoc,2021-04-09,11,4367,2,438,6,3676,3,253,2,420,9,2097,4,2517,California
Modoc,2021-04-10,5,4372,0,438,1,3677,4,257,0,419,5,2102,4,2521,California
Modoc,2021-04-11,2,4374,2,440,0,3677,0,257,1,419,1,2103,1,2522,California
Modoc,2021-04-12,14,4388,0,440,10,3687,4,261,1,413,11,2114,5,2527,California
Modoc,2021-04-13,34,4422,30,470,4,3691,0,261,22,423,12,2126,22,2549,California
Modoc,2021-04-14,2,4424,2,472,0,3691,0,261,1,423,1,2127,1,2550,California
Modoc,2021-04-15,102,4526,0,472,102,3793,0,261,29,379,73,2200,29,2579,California
Modoc,2021-04-16,6,4532,4,476,2,3795,0,261,5,383,1,2201,5,2584,California
Modoc,2021-04-17,2,4534,2,478,0,3795,0,261,2,385,0,2201,2,2586,California
Modoc,2021-04-18,1,4535,0,478,1,3796,0,261,1,386,0,2201,1,2587,California
Modoc,2021-04-19,6,4541,0,478,6,3802,0,261,1,382,5,2206,1,2588,California
Modoc,2021-04-20,43,4584,2,480,41,3843,0,261,9,357,34,2240,9,2597,California
Modoc,2021-04-21,3,4587,3,483,0,3843,0,261,1,356,2,2242,1,2598,California
Modoc,2021-04-22,97,4684,3,486,94,3937,0,261,38,335,59,2301,38,2636,California
Modoc,2021-04-23,4,4688,0,486,4,3941,0,261,3,337,1,2302,3,2639,California
Modoc,2021-04-24,2,4690,0,486,1,3942,1,262,1,338,1,2303,2,2641,California
Modoc,2021-04-25,1,4691,1,487,0,3942,0,262,1,339,0,2303,1,2642,California
Modoc,2021-04-26,8,4699,0,487,8,3950,0,262,2,335,6,2309,2,2644,California
Modoc,2021-04-27,6,4705,5,492,0,3950,1,263,1,332,5,2314,2,2646,California
Modoc,2021-04-28,6,4711,1,493,4,3954,1,264,2,331,4,2318,3,2649,California
Modoc,2021-04-29,66,4777,1,494,65,4019,0,264,21,307,45,2363,21,2670,California
Modoc,2021-04-30,3,4780,2,496,1,4020,0,264,1,306,2,2365,1,2671,California
Modoc,2021-05-01,1,4781,1,497,0,4020,0,264,0,305,1,2366,0,2671,California
Modoc,2021-05-02,4,4785,3,500,1,4021,0,264,3,307,1,2367,3,2674,California
Modoc,2021-05-03,14,4799,0,500,13,4034,1,265,4,302,10,2377,5,2679,California
Modoc,2021-05-04,9,4808,3,503,4,4038,2,267,4,303,5,2382,6,2685,California
Modoc,2021-05-05,28,4836,25,528,2,4040,1,268,8,292,20,2402,9,2694,California
Modoc,2021-05-06,55,4891,3,531,50,4090,2,270,21,281,34,2436,23,2717,California
Modoc,2021-05-07,8,4899,3,534,3,4093,2,272,2,279,6,2442,4,2721,California
Modoc,2021-05-08,3,4902,2,536,0,4093,1,273,1,279,2,2444,2,2723,California
Modoc,2021-05-09,1,4903,1,537,0,4093,0,273,0,278,1,2445,0,2723,California
Modoc,2021-05-10,2,4905,0,537,1,4094,1,274,1,279,1,2446,2,2725,California
Modoc,2021-05-11,3,4908,2,539,0,4094,1,275,0,277,3,2449,1,2726,California
Modoc,2021-05-12,3,4911,0,539,0,4094,3,278,0,277,3,2452,3,2729,California
Modoc,2021-05-13,44,4955,0,539,40,4134,4,282,14,265,30,2482,18,2747,California
Modoc,2021-05-14,9,4964,3,542,1,4135,5,287,4,269,5,2487,9,2756,California
Modoc,2021-05-15,4,4968,3,545,1,4136,0,287,4,273,0,2487,4,2760,California
Modoc,2021-05-16,2,4970,1,546,1,4137,0,287,0,271,2,2489,0,2760,California
Modoc,2021-05-17,7,4977,3,549,4,4141,0,287,4,272,3,2492,4,2764,California
Modoc,2021-05-18,26,5003,13,562,11,4152,2,289,14,276,12,2504,16,2780,California
Modoc,2021-05-19,8,5011,1,563,3,4155,4,293,4,280,4,2508,8,2788,California
Modoc,2021-05-20,58,5069,3,566,46,4201,9,302,8,247,50,2558,17,2805,California
Modoc,2021-05-21,5,5074,3,569,1,4202,1,303,2,247,3,2561,3,2808,California
Modoc,2021-05-22,2,5076,2,571,0,4202,0,303,1,247,1,2562,1,2809,California
Modoc,2021-05-23,2,5078,2,573,0,4202,0,303,0,245,2,2564,0,2809,California
Modoc,2021-05-24,4,5082,1,574,1,4203,2,305,2,247,2,2566,4,2813,California
Modoc,2021-05-25,2,5084,1,575,1,4204,0,305,1,247,1,2567,1,2814,California
Modoc,2021-05-26,35,5119,32,607,3,4207,0,305,25,263,10,2577,26,2840,California
Modoc,2021-05-27,31,5150,3,610,22,4229,6,311,8,254,23,2600,14,2854,California
Modoc,2021-05-28,8,5158,1,611,4,4233,3,314,3,255,5,2605,6,2860,California
Modoc,2021-05-29,1,5159,1,612,0,4233,0,314,0,254,1,2606,0,2860,California
Modoc,2021-06-01,7,5166,0,612,6,4239,1,315,2,252,5,2611,3,2863,California
Modoc,2021-06-02,11,5177,0,612,9,4248,2,317,5,253,6,2617,7,2870,California
Modoc,2021-06-03,24,5201,1,613,21,4269,2,319,4,239,20,2637,6,2876,California
Modoc,2021-06-04,5,5206,3,616,1,4270,1,320,0,235,5,2642,1,2877,California
Modoc,2021-06-05,1,5207,0,616,1,4271,0,320,0,234,1,2643,0,2877,California
Modoc,2021-06-07,4,5211,4,620,0,4271,0,320,1,232,3,2646,1,2878,California
Modoc,2021-06-08,26,5237,7,627,18,4289,1,321,19,245,7,2653,20,2898,California
Modoc,2021-06-09,4,5241,3,630,1,4290,0,321,3,247,1,2654,3,2901,California
Modoc,2021-06-10,20,5261,1,631,18,4308,1,322,7,242,13,2667,8,2909,California
Modoc,2021-06-11,5,5266,2,633,3,4311,0,322,4,245,1,2668,4,2913,California
Modoc,2021-06-12,2,5268,1,634,1,4312,0,322,0,243,2,2670,0,2913,California
Modoc,2021-06-14,4,5272,0,634,2,4314,2,324,0,241,4,2674,2,2915,California
Mono,2020-12-18,1,1,1,1,0,0,0,0,1,1,0,0,1,1,California
Mono,2020-12-19,5,6,5,6,0,0,0,0,5,6,0,0,5,6,California
Mono,2020-12-20,7,13,7,13,0,0,0,0,7,13,0,0,7,13,California
Mono,2020-12-21,24,37,17,30,7,7,0,0,24,37,0,0,24,37,California
Mono,2020-12-22,68,105,67,97,1,8,0,0,68,105,0,0,68,105,California
Mono,2020-12-23,73,178,45,142,28,36,0,0,73,178,0,0,73,178,California
Mono,2020-12-24,3,181,1,143,2,38,0,0,3,181,0,0,3,181,California
Mono,2020-12-26,3,184,3,146,0,38,0,0,3,184,0,0,3,184,California
Mono,2020-12-27,1,185,0,146,1,39,0,0,1,185,0,0,1,185,California
Mono,2020-12-28,93,278,62,208,31,70,0,0,93,278,0,0,93,278,California
Mono,2020-12-29,28,306,28,236,0,70,0,0,28,306,0,0,28,306,California
Mono,2020-12-30,77,383,36,272,41,111,0,0,77,383,0,0,77,383,California
Mono,2020-12-31,4,387,1,273,3,114,0,0,4,387,0,0,4,387,California
Mono,2021-01-01,4,391,4,277,0,114,0,0,4,391,0,0,4,391,California
Mono,2021-01-02,2,393,2,279,0,114,0,0,2,393,0,0,2,393,California
Mono,2021-01-04,2,395,0,279,2,116,0,0,2,395,0,0,2,395,California
Mono,2021-01-05,45,440,2,281,43,159,0,0,44,438,1,1,44,439,California
Mono,2021-01-06,51,491,0,281,51,210,0,0,51,489,0,1,51,490,California
Mono,2021-01-07,55,546,3,284,52,262,0,0,53,541,2,3,54,544,California
Mono,2021-01-08,2,548,1,285,1,263,0,0,1,541,1,4,1,545,California
Mono,2021-01-09,4,552,4,289,0,263,0,0,0,537,4,8,0,545,California
Mono,2021-01-10,5,557,5,294,0,263,0,0,0,532,5,13,0,545,California
Mono,2021-01-11,8,565,5,299,3,266,0,0,4,532,4,17,4,549,California
Mono,2021-01-12,286,851,78,377,208,474,0,0,220,687,65,82,220,769,California
Mono,2021-01-13,236,1087,74,451,162,636,0,0,180,811,56,138,180,949,California
Mono,2021-01-14,75,1162,72,523,3,639,0,0,74,884,1,139,74,1023,California
Mono,2021-01-15,70,1232,2,525,68,707,0,0,70,954,0,139,70,1093,California
Mono,2021-01-16,4,1236,3,528,1,708,0,0,1,952,3,142,1,1094,California
Mono,2021-01-18,63,1299,54,582,9,717,0,0,2,893,61,203,2,1096,California
Mono,2021-01-19,211,1510,209,791,2,719,0,0,173,1029,38,241,174,1270,California
Mono,2021-01-20,232,1742,199,990,33,752,0,0,171,1140,61,302,172,1442,California
Mono,2021-01-21,6,1748,3,993,3,755,0,0,6,1146,0,302,6,1448,California
Mono,2021-01-22,5,1753,0,993,5,760,0,0,5,1151,0,302,5,1453,California
Mono,2021-01-23,597,2350,597,1590,0,760,0,0,596,1746,1,303,596,2049,California
Mono,2021-01-24,1,2351,0,1590,1,761,0,0,0,1745,1,304,0,2049,California
Mono,2021-01-25,204,2555,166,1756,38,799,0,0,165,1871,39,343,165,2214,California
Mono,2021-01-26,510,3065,508,2264,2,801,0,0,504,2369,6,349,504,2718,California
Mono,2021-01-27,5,3070,1,2265,4,805,0,0,5,2374,0,349,5,2723,California
Mono,2021-01-28,6,3076,2,2267,4,809,0,0,2,2372,4,353,2,2725,California
Mono,2021-01-30,200,3276,198,2465,2,811,0,0,199,2570,1,354,199,2924,California
Mono,2021-01-31,249,3525,138,2603,111,922,0,0,139,2599,110,464,139,3063,California
Mono,2021-02-01,27,3552,27,2630,0,922,0,0,0,2572,27,491,0,3063,California
Mono,2021-02-02,5,3557,0,2630,5,927,0,0,2,2571,3,494,2,3065,California
Mono,2021-02-03,5,3562,2,2632,3,930,0,0,2,2570,3,497,2,3067,California
Mono,2021-02-04,213,3775,158,2790,55,985,0,0,91,2541,120,617,91,3158,California
Mono,2021-02-05,623,4398,617,3407,6,991,0,0,620,3158,3,620,620,3778,California
Mono,2021-02-06,138,4536,137,3544,1,992,0,0,137,3294,1,621,137,3915,California
Mono,2021-02-07,2,4538,0,3544,2,994,0,0,2,3296,0,621,2,3917,California
Mono,2021-02-08,174,4712,173,3717,1,995,0,0,16,3155,157,778,16,3933,California
Mono,2021-02-09,227,4939,6,3723,221,1216,0,0,14,2956,213,991,14,3947,California
Mono,2021-02-10,536,5475,187,3910,349,1565,0,0,192,2805,344,1335,193,4140,California
Mono,2021-02-11,8,5483,4,3914,4,1569,0,0,2,2801,6,1341,2,4142,California
Mono,2021-02-12,94,5577,22,3936,72,1641,0,0,28,2763,66,1407,28,4170,California
Mono,2021-02-13,591,6168,591,4527,0,1641,0,0,27,2227,563,1970,27,4197,California
Mono,2021-02-15,168,6336,166,4693,2,1643,0,0,3,2067,163,2133,3,4200,California
Mono,2021-02-16,523,6859,519,5212,4,1647,0,0,46,1639,474,2607,46,4246,California
Mono,2021-02-17,6,6865,2,5214,4,1651,0,0,2,1637,4,2611,2,4248,California
Mono,2021-02-18,6,6871,2,5216,4,1655,0,0,2,1635,4,2615,2,4250,California
Mono,2021-02-19,54,6925,53,5269,1,1656,0,0,54,1689,0,2615,54,4304,California
Mono,2021-02-20,5,6930,5,5274,0,1656,0,0,5,1694,0,2615,5,4309,California
Mono,2021-02-21,8,6938,8,5282,0,1656,0,0,6,1698,2,2617,6,4315,California
Mono,2021-02-22,283,7221,282,5564,1,1657,0,0,24,1464,258,2875,24,4339,California
Mono,2021-02-23,142,7363,119,5683,23,1680,0,0,26,1374,116,2991,26,4365,California
Mono,2021-02-24,12,7375,3,5686,9,1689,0,0,4,1370,8,2999,4,4369,California
Mono,2021-02-25,5,7380,2,5688,3,1692,0,0,3,1372,1,3000,3,4372,California
Mono,2021-02-26,604,7984,602,6290,2,1694,0,0,20,809,583,3583,20,4392,California
Mono,2021-02-27,141,8125,137,6427,4,1698,0,0,4,678,135,3718,4,4396,California
Mono,2021-02-28,1,8126,0,6427,0,1698,1,1,0,678,1,3719,1,4397,California
Mono,2021-03-01,2,8128,2,6429,0,1698,0,1,1,679,0,3719,1,4398,California
Mono,2021-03-02,8,8136,4,6433,4,1702,0,1,6,683,2,3721,6,4404,California
Mono,2021-03-03,114,8250,3,6436,111,1813,0,1,110,790,3,3724,110,4514,California
Mono,2021-03-04,6,8256,1,6437,5,1818,0,1,3,790,3,3727,3,4517,California
Mono,2021-03-05,40,8296,30,6467,10,1828,0,1,13,776,27,3754,13,4530,California
Mono,2021-03-06,518,8814,18,6485,500,2328,0,1,509,1279,7,3761,510,5040,California
Mono,2021-03-07,1,8815,0,6485,1,2329,0,1,0,1278,1,3762,0,5040,California
Mono,2021-03-08,548,9363,11,6496,534,2863,3,4,538,1809,10,3772,541,5581,California
Mono,2021-03-09,6,9369,2,6498,3,2866,1,5,3,1811,2,3774,4,5585,California
Mono,2021-03-10,285,9654,90,6588,192,3058,3,8,9,1550,273,4047,12,5597,California
Mono,2021-03-11,10,9664,0,6588,1,3059,9,17,0,1549,10,4057,9,5606,California
Mono,2021-03-12,7,9671,1,6589,1,3060,5,22,0,1547,7,4064,5,5611,California
Mono,2021-03-13,837,10508,396,6985,440,3500,1,23,826,2363,11,4075,827,6438,California
Mono,2021-03-14,6,10514,6,6991,0,3500,0,23,1,2359,5,4080,1,6439,California
Mono,2021-03-15,31,10545,23,7014,3,3503,5,28,14,2362,16,4096,19,6458,California
Mono,2021-03-16,17,10562,6,7020,5,3508,6,34,8,2367,9,4105,14,6472,California
Mono,2021-03-17,32,10594,4,7024,20,3528,8,42,20,2383,12,4117,28,6500,California
Mono,2021-03-18,21,10615,2,7026,11,3539,8,50,9,2388,12,4129,17,6517,California
Mono,2021-03-19,21,10636,1,7027,17,3556,3,53,17,2405,3,4132,20,6537,California
Mono,2021-03-20,5,10641,3,7030,1,3557,1,54,4,2409,1,4133,5,6542,California
Mono,2021-03-22,11,10652,0,7030,6,3563,5,59,5,2413,6,4139,10,6552,California
Mono,2021-03-23,45,10697,6,7036,34,3597,5,64,17,2407,28,4167,22,6574,California
Mono,2021-03-24,13,10710,1,7037,7,3604,5,69,5,2409,8,4175,10,6584,California
Mono,2021-03-25,18,10728,2,7039,12,3616,4,73,12,2419,6,4181,16,6600,California
Mono,2021-03-26,19,10747,3,7042,11,3627,5,78,10,2426,8,4189,15,6615,California
Mono,2021-03-27,361,11108,358,7400,3,3630,0,78,335,2735,26,4215,335,6950,California
Mono,2021-03-29,11,11119,3,7403,7,3637,1,79,9,2743,2,4217,10,6960,California
Mono,2021-03-30,14,11133,0,7403,10,3647,4,83,7,2747,7,4224,11,6971,California
Mono,2021-03-31,136,11269,8,7411,127,3774,1,84,24,2661,111,4335,25,6996,California
Mono,2021-04-01,8,11277,0,7411,8,3782,0,84,4,2661,4,4339,4,7000,California
Mono,2021-04-02,19,11296,2,7413,17,3799,0,84,8,2658,11,4350,8,7008,California
Mono,2021-04-03,885,12181,381,7794,504,4303,0,84,51,1877,832,5182,51,7059,California
Mono,2021-04-04,1,12182,1,7795,0,4303,0,84,0,1876,1,5183,0,7059,California
Mono,2021-04-05,544,12726,19,7814,524,4827,1,85,35,1404,508,5691,36,7095,California
Mono,2021-04-06,19,12745,1,7815,5,4832,13,98,1,1400,18,5709,14,7109,California
Mono,2021-04-07,23,12768,2,7817,2,4834,19,117,2,1400,21,5730,21,7130,California
Mono,2021-04-08,24,12792,4,7821,2,4836,18,135,5,1404,19,5749,23,7153,California
Mono,2021-04-09,38,12830,5,7826,4,4840,29,164,8,1411,30,5779,37,7190,California
Mono,2021-04-10,457,13287,2,7828,448,5288,7,171,31,1023,426,6205,38,7228,California
Mono,2021-04-12,6,13293,0,7828,3,5291,3,174,3,1026,3,6208,6,7234,California
Mono,2021-04-13,20,13313,2,7830,17,5308,1,175,14,1035,6,6214,15,7249,California
Mono,2021-04-14,25,13338,1,7831,24,5332,0,175,7,1024,18,6232,7,7256,California
Mono,2021-04-15,20,13358,5,7836,15,5347,0,175,11,1026,9,6241,11,7267,California
Mono,2021-04-16,18,13376,1,7837,17,5364,0,175,7,1022,11,6252,7,7274,California
Mono,2021-04-17,51,13427,2,7839,49,5413,0,175,44,1059,7,6259,44,7318,California
Mono,2021-04-18,1,13428,0,7839,1,5414,0,175,1,1060,0,6259,1,7319,California
Mono,2021-04-19,539,13967,328,8167,211,5625,0,175,204,933,333,6592,206,7525,California
Mono,2021-04-20,15,13982,2,8169,13,5638,0,175,10,938,5,6597,10,7535,California
Mono,2021-04-21,8,13990,1,8170,7,5645,0,175,2,934,6,6603,2,7537,California
Mono,2021-04-22,25,14015,11,8181,14,5659,0,175,11,931,14,6617,11,7548,California
Mono,2021-04-23,22,14037,2,8183,20,5679,0,175,12,933,10,6627,12,7560,California
Mono,2021-04-24,36,14073,22,8205,14,5693,0,175,21,939,15,6642,21,7581,California
Mono,2021-04-25,5,14078,4,8209,1,5694,0,175,5,944,0,6642,5,7586,California
Mono,2021-04-26,13,14091,2,8211,11,5705,0,175,3,937,10,6652,3,7589,California
Mono,2021-04-27,67,14158,41,8252,19,5724,7,182,51,979,16,6668,58,7647,California
Mono,2021-04-28,64,14222,40,8292,19,5743,5,187,48,1018,14,6682,53,7700,California
Mono,2021-04-29,10,14232,3,8295,4,5747,3,190,3,1017,7,6689,6,7706,California
Mono,2021-04-30,18,14250,3,8298,12,5759,3,193,8,1018,10,6699,11,7717,California
Mono,2021-05-01,109,14359,4,8302,105,5864,0,193,97,1103,12,6711,97,7814,California
Mono,2021-05-02,2,14361,2,8304,0,5864,0,193,1,1103,1,6712,1,7815,California
Mono,2021-05-03,1,14362,0,8304,1,5865,0,193,0,1102,1,6713,0,7815,California
Mono,2021-05-04,18,14380,0,8304,13,5878,5,198,10,1109,8,6721,15,7830,California
Mono,2021-05-05,52,14432,8,8312,40,5918,4,202,45,1151,7,6728,49,7879,California
Mono,2021-05-06,12,14444,2,8314,9,5927,1,203,8,1156,4,6732,9,7888,California
Mono,2021-05-07,29,14473,22,8336,7,5934,0,203,25,1177,4,6736,25,7913,California
Mono,2021-05-08,52,14525,7,8343,45,5979,0,203,22,1169,30,6766,22,7935,California
Mono,2021-05-09,1,14526,1,8344,0,5979,0,203,0,1169,0,6766,0,7935,California
Mono,2021-05-10,17,14543,1,8345,12,5991,4,207,9,1174,8,6774,13,7948,California
Mono,2021-05-11,16,14559,2,8347,11,6002,3,210,5,1171,11,6785,8,7956,California
Mono,2021-05-12,12,14571,0,8347,11,6013,1,211,4,1168,8,6793,5,7961,California
Mono,2021-05-13,47,14618,31,8378,15,6028,1,212,38,1198,9,6802,39,8000,California
Mono,2021-05-14,10,14628,1,8379,8,6036,1,213,5,1199,5,6807,6,8006,California
Mono,2021-05-15,70,14698,28,8407,35,6071,7,220,20,1176,50,6857,27,8033,California
Mono,2021-05-16,5,14703,4,8411,1,6072,0,220,2,1175,3,6860,2,8035,California
Mono,2021-05-17,251,14954,34,8445,210,6282,7,227,54,1041,196,7056,62,8097,California
Mono,2021-05-18,133,15087,109,8554,23,6305,1,228,87,1083,46,7102,88,8185,California
Mono,2021-05-19,118,15205,112,8666,1,6306,5,233,75,1120,43,7145,80,8265,California
Mono,2021-05-20,70,15275,55,8721,10,6316,5,238,53,1161,17,7162,58,8323,California
Mono,2021-05-21,24,15299,4,8725,17,6333,3,241,11,1162,13,7175,14,8337,California
Mono,2021-05-22,21,15320,11,8736,8,6341,2,243,15,1173,6,7181,17,8354,California
Mono,2021-05-23,2,15322,0,8736,2,6343,0,243,1,1173,1,7182,1,8355,California
Mono,2021-05-24,16,15338,2,8738,13,6356,1,244,9,1177,7,7189,11,8366,California
Mono,2021-05-25,14,15352,5,8743,9,6365,0,244,7,1177,7,7196,7,8373,California
Mono,2021-05-26,18,15370,2,8745,15,6380,1,245,7,1174,11,7207,8,8381,California
Mono,2021-05-27,9,15379,0,8745,9,6389,0,245,6,1178,2,7209,6,8387,California
Mono,2021-05-28,41,15420,28,8773,13,6402,0,245,10,1157,31,7240,10,8397,California
Mono,2021-05-29,129,15549,27,8800,99,6501,3,248,31,1093,98,7338,34,8431,California
Mono,2021-06-01,15,15564,7,8807,8,6509,0,248,8,1094,7,7345,8,8439,California
Mono,2021-06-02,47,15611,3,8810,44,6553,0,248,10,1067,37,7382,10,8449,California
Mono,2021-06-03,10,15621,1,8811,7,6560,2,250,1,1061,9,7391,3,8452,California
Mono,2021-06-04,13,15634,2,8813,10,6570,1,251,4,1057,9,7400,5,8457,California
Mono,2021-06-05,43,15677,23,8836,20,6590,0,251,6,1026,37,7437,6,8463,California
Mono,2021-06-06,1,15678,0,8836,1,6591,0,251,0,1025,1,7438,0,8463,California
Mono,2021-06-07,99,15777,87,8923,8,6599,4,255,12,954,87,7525,16,8479,California
Mono,2021-06-08,110,15887,100,9023,8,6607,2,257,11,868,99,7624,13,8492,California
Mono,2021-06-09,8,15895,3,9026,5,6612,0,257,1,862,7,7631,1,8493,California
Mono,2021-06-10,5,15900,0,9026,3,6615,2,259,1,861,4,7635,3,8496,California
Mono,2021-06-11,76,15976,65,9091,6,6621,5,264,9,808,67,7702,14,8510,California
Mono,2021-06-12,1,15977,1,9092,0,6621,0,264,0,807,1,7703,0,8510,California
Mono,2021-06-14,63,16040,31,9123,29,6650,3,267,22,791,41,7744,25,8535,California
Mono,2021-06-15,6,16046,5,9128,1,6651,0,267,4,793,2,7746,4,8539,California
Monterey,2020-12-16,6,6,6,6,0,0,0,0,6,6,0,0,6,6,California
Monterey,2020-12-17,89,95,89,95,0,0,0,0,89,95,0,0,89,95,California
Monterey,2020-12-18,492,587,492,587,0,0,0,0,492,587,0,0,492,587,California
Monterey,2020-12-19,582,1169,581,1168,1,1,0,0,581,1168,0,0,581,1168,California
Monterey,2020-12-20,422,1591,422,1590,0,1,0,0,422,1590,0,0,422,1590,California
Monterey,2020-12-21,726,2317,726,2316,0,1,0,0,726,2316,0,0,726,2316,California
Monterey,2020-12-22,544,2861,531,2847,13,14,0,0,544,2860,0,0,544,2860,California
Monterey,2020-12-23,445,3306,266,3113,179,193,0,0,445,3305,0,0,445,3305,California
Monterey,2020-12-24,86,3392,10,3123,76,269,0,0,86,3391,0,0,86,3391,California
Monterey,2020-12-25,6,3398,0,3123,6,275,0,0,6,3397,0,0,6,3397,California
Monterey,2020-12-26,92,3490,5,3128,87,362,0,0,92,3489,0,0,92,3489,California
Monterey,2020-12-27,6,3496,3,3131,3,365,0,0,6,3495,0,0,6,3495,California
Monterey,2020-12-28,488,3984,26,3157,462,827,0,0,488,3983,0,0,488,3983,California
Monterey,2020-12-29,911,4895,168,3325,743,1570,0,0,911,4894,0,0,911,4894,California
Monterey,2020-12-30,575,5470,100,3425,475,2045,0,0,575,5469,0,0,575,5469,California
Monterey,2020-12-31,33,5503,11,3436,22,2067,0,0,33,5502,0,0,33,5502,California
Monterey,2021-01-01,13,5516,3,3439,10,2077,0,0,13,5515,0,0,13,5515,California
Monterey,2021-01-02,138,5654,135,3574,3,2080,0,0,138,5653,0,0,138,5653,California
Monterey,2021-01-03,31,5685,30,3604,1,2081,0,0,31,5684,0,0,31,5684,California
Monterey,2021-01-04,416,6101,20,3624,396,2477,0,0,416,6100,0,0,416,6100,California
Monterey,2021-01-05,767,6868,335,3959,432,2909,0,0,753,6839,14,14,753,6853,California
Monterey,2021-01-06,669,7537,180,4139,489,3398,0,0,644,7458,25,39,644,7497,California
Monterey,2021-01-07,759,8296,579,4718,180,3578,0,0,431,7563,326,365,431,7928,California
Monterey,2021-01-08,1109,9405,747,5465,362,3940,0,0,403,7260,706,1071,403,8331,California
Monterey,2021-01-09,971,10376,935,6400,36,3976,0,0,319,6929,650,1721,319,8650,California
Monterey,2021-01-10,274,10650,272,6672,2,3978,0,0,8,6671,266,1987,8,8658,California
Monterey,2021-01-11,1078,11728,992,7664,86,4064,0,0,369,6331,709,2696,369,9027,California
Monterey,2021-01-12,480,12208,397,8061,83,4147,0,0,216,6283,264,2960,216,9243,California
Monterey,2021-01-13,1227,13435,594,8655,633,4780,0,0,1182,7420,45,3005,1182,10425,California
Monterey,2021-01-14,1133,14568,169,8824,964,5744,0,0,1114,8519,19,3024,1118,11543,California
Monterey,2021-01-15,1075,15643,45,8869,1030,6774,0,0,1063,9570,12,3036,1063,12606,California
Monterey,2021-01-16,367,16010,303,9172,64,6838,0,0,362,9927,5,3041,362,12968,California
Monterey,2021-01-17,312,16322,292,9464,20,6858,0,0,300,10215,12,3053,300,13268,California
Monterey,2021-01-18,413,16735,51,9515,362,7220,0,0,390,10582,23,3076,390,13658,California
Monterey,2021-01-19,587,17322,398,9913,189,7409,0,0,425,10847,160,3236,425,14083,California
Monterey,2021-01-20,556,17878,271,10184,285,7694,0,0,344,10979,212,3448,344,14427,California
Monterey,2021-01-21,891,18769,95,10279,796,8490,0,0,778,11648,113,3561,782,15209,California
Monterey,2021-01-22,1077,19846,201,10480,876,9366,0,0,1036,12643,41,3602,1036,16245,California
Monterey,2021-01-23,248,20094,176,10656,72,9438,0,0,123,12644,124,3726,125,16370,California
Monterey,2021-01-24,57,20151,38,10694,19,9457,0,0,23,12633,34,3760,23,16393,California
Monterey,2021-01-25,839,20990,182,10876,657,10114,0,0,200,12201,632,4392,200,16593,California
Monterey,2021-01-26,983,21973,230,11106,753,10867,0,0,275,11768,708,5100,275,16868,California
Monterey,2021-01-27,902,22875,315,11421,587,11454,0,0,414,11694,488,5588,414,17282,California
Monterey,2021-01-28,2067,24942,747,12168,1320,12774,0,0,1718,13066,349,5937,1721,19003,California
Monterey,2021-01-29,1307,26249,719,12887,588,13362,0,0,1188,14138,118,6055,1190,20193,California
Monterey,2021-01-30,486,26735,298,13185,188,13550,0,0,229,14110,257,6312,229,20422,California
Monterey,2021-01-31,509,27244,82,13267,427,13977,0,0,498,14598,11,6323,499,20921,California
Monterey,2021-02-01,1670,28914,1156,14423,514,14491,0,0,1101,15131,568,6891,1101,22022,California
Monterey,2021-02-02,2193,31107,463,14886,1730,16221,0,0,1580,16099,612,7503,1580,23602,California
Monterey,2021-02-03,2374,33481,1074,15960,1300,17521,0,0,1591,16911,779,8282,1591,25193,California
Monterey,2021-02-04,2829,36310,2103,18063,726,18247,0,0,2515,19115,311,8593,2515,27708,California
Monterey,2021-02-05,3724,40034,2868,20931,856,19103,0,0,3281,21958,438,9031,3281,30989,California
Monterey,2021-02-06,1132,41166,381,21312,751,19854,0,0,780,22388,350,9381,780,31769,California
Monterey,2021-02-07,324,41490,269,21581,55,19909,0,0,106,22276,218,9599,106,31875,California
Monterey,2021-02-08,533,42023,293,21874,240,20149,0,0,437,22617,96,9695,437,32312,California
Monterey,2021-02-09,915,42938,704,22578,211,20360,0,0,600,22904,315,10010,602,32914,California
Monterey,2021-02-10,2134,45072,1118,23696,1016,21376,0,0,1275,23322,859,10869,1277,34191,California
Monterey,2021-02-11,2531,47603,976,24672,1555,22931,0,0,1563,23921,966,11835,1565,35756,California
Monterey,2021-02-12,2641,50244,436,25108,2205,25136,0,0,1546,24374,1094,12929,1547,37303,California
Monterey,2021-02-13,1096,51340,47,25155,1049,26185,0,0,1005,25289,90,13019,1005,38308,California
Monterey,2021-02-14,623,51963,74,25229,549,26734,0,0,550,25766,73,13092,550,38858,California
Monterey,2021-02-15,1399,53362,166,25395,1233,27967,0,0,999,26368,398,13490,1000,39858,California
Monterey,2021-02-16,1111,54473,247,25642,864,28831,0,0,882,27021,229,13719,882,40740,California
Monterey,2021-02-17,1997,56470,1184,26826,813,29644,0,0,1675,28379,319,14038,1677,42417,California
Monterey,2021-02-18,2283,58753,1183,28009,1100,30744,0,0,923,27958,1346,15384,925,43342,California
Monterey,2021-02-19,2985,61738,1547,29556,1438,32182,0,0,1373,27721,1611,16995,1374,44716,California
Monterey,2021-02-20,1089,62827,670,30226,419,32601,0,0,1025,28683,63,17058,1025,45741,California
Monterey,2021-02-21,1282,64109,1249,31475,33,32634,0,0,1202,29807,78,17136,1202,46943,California
Monterey,2021-02-22,1053,65162,890,32365,163,32797,0,0,665,30086,386,17522,665,47608,California
Monterey,2021-02-23,1007,66169,630,32995,377,33174,0,0,312,29705,694,18216,313,47921,California
Monterey,2021-02-24,2540,68709,1355,34350,1185,34359,0,0,1871,30913,664,18880,1872,49793,California
Monterey,2021-02-25,4491,73200,2460,36810,2031,36390,0,0,1520,29470,2964,21844,1521,51314,California
Monterey,2021-02-26,5350,78550,3111,39921,2239,38629,0,0,2652,29429,2695,24539,2654,53968,California
Monterey,2021-02-27,1060,79610,196,40117,864,39493,0,0,830,30034,225,24764,830,54798,California
Monterey,2021-02-28,1559,81169,87,40204,1472,40965,0,0,1087,30654,467,25231,1087,55885,California
Monterey,2021-03-01,1324,82493,169,40373,1152,42117,3,3,762,30863,557,25788,766,56651,California
Monterey,2021-03-02,2867,85360,1749,42122,1118,43235,0,3,1987,31974,876,26664,1987,58638,California
Monterey,2021-03-03,3263,88623,1256,43378,2007,45242,0,3,1311,31337,1949,28613,1312,59950,California
Monterey,2021-03-04,4681,93304,1493,44871,3188,48430,0,3,3033,32727,1643,30256,3033,62983,California
Monterey,2021-03-05,3708,97012,1633,46504,1796,50226,279,282,3028,35355,679,30935,3307,66290,California
Monterey,2021-03-06,5200,102212,1150,47654,3741,53967,309,591,4267,38999,930,31865,4574,70864,California
Monterey,2021-03-07,534,102746,106,47760,176,54143,252,843,232,39179,302,32167,482,71346,California
Monterey,2021-03-08,1677,104423,329,48089,960,55103,388,1231,1124,40136,553,32720,1510,72856,California
Monterey,2021-03-09,2025,106448,696,48785,1054,56157,275,1506,1517,41419,507,33227,1790,74646,California
Monterey,2021-03-10,3271,109719,1052,49837,1729,57886,490,1996,1509,41660,1758,34985,1999,76645,California
Monterey,2021-03-11,4218,113937,1421,51258,2420,60306,377,2373,2423,42671,1788,36773,2799,79444,California
Monterey,2021-03-12,4485,118422,2064,53322,2270,62576,151,2524,2765,43868,1717,38490,2914,82358,California
Monterey,2021-03-13,5400,123822,1018,54340,4032,66608,350,2874,4024,46867,1375,39865,4374,86732,California
Monterey,2021-03-14,2196,126018,1359,55699,812,67420,25,2899,591,45888,1595,41460,616,87348,California
Monterey,2021-03-15,4010,130028,1280,56979,2440,69860,290,3189,2292,46755,1714,43174,2581,89929,California
Monterey,2021-03-16,3574,133602,590,57569,2607,72467,377,3566,2140,47836,1432,44606,2513,92442,California
Monterey,2021-03-17,5943,139545,2420,59989,3266,75733,257,3823,4308,50778,1628,46234,4570,97012,California
Monterey,2021-03-18,4550,144095,2220,62209,2160,77893,170,3993,3156,52752,1389,47623,3363,100375,California
Monterey,2021-03-19,5556,149651,2584,64793,2817,80710,155,4148,4243,55843,1308,48931,4399,104774,California
Monterey,2021-03-20,3385,153036,434,65227,2257,82967,694,4842,2288,57732,1093,50024,2982,107756,California
Monterey,2021-03-21,644,153680,213,65440,422,83389,9,4851,568,58235,73,50097,576,108332,California
Monterey,2021-03-22,2517,156197,1458,66898,996,84385,63,4914,2294,60371,219,50316,2355,110687,California
Monterey,2021-03-23,4080,160277,2401,69299,1636,86021,43,4957,2591,61522,1483,51799,2634,113321,California
Monterey,2021-03-24,5221,165498,2197,71496,2706,88727,318,5275,3838,64295,1380,53179,4153,117474,California
Monterey,2021-03-25,5372,170870,1247,72743,3764,92491,361,5636,2698,64691,2664,55843,3060,120534,California
Monterey,2021-03-26,5530,176400,2665,75408,2787,95278,78,5714,2847,64946,2672,58515,2927,123461,California
Monterey,2021-03-27,5000,181400,1547,76955,3195,98473,258,5972,3179,66567,1818,60333,3439,126900,California
Monterey,2021-03-28,1134,182534,354,77309,771,99244,9,5981,638,66724,490,60823,647,127547,California
Monterey,2021-03-29,3265,185799,1438,78747,1813,101057,14,5995,2030,67546,1227,62050,2049,129596,California
Monterey,2021-03-30,4592,190391,2150,80897,2388,103445,54,6049,2804,68630,1777,63827,2861,132457,California
Monterey,2021-03-31,5530,195921,2477,83374,2253,105698,800,6849,3509,70912,2018,65845,4300,136757,California
Monterey,2021-04-01,6269,202190,2101,85475,3755,109453,413,7262,3158,71382,3096,68941,3566,140323,California
Monterey,2021-04-02,4787,206977,2229,87704,2486,111939,72,7334,3207,73089,1577,70518,3284,143607,California
Monterey,2021-04-03,6004,212981,1141,88845,3805,115744,1058,8392,1249,70642,4746,75264,2299,145906,California
Monterey,2021-04-04,786,213767,172,89017,601,116345,13,8405,504,70880,282,75546,520,146426,California
Monterey,2021-04-05,4046,217813,2498,91515,1310,117655,238,8643,1500,70075,2541,78087,1736,148162,California
Monterey,2021-04-06,3511,221324,1375,92890,1657,119312,479,9122,1211,69466,2297,80384,1688,149850,California
Monterey,2021-04-07,5739,227063,1417,94307,3797,123109,525,9647,2727,69713,3001,83385,3248,153098,California
Monterey,2021-04-08,6833,233896,3593,97900,2413,125522,827,10474,3386,70486,3441,86826,4214,157312,California
Monterey,2021-04-09,5835,239731,3478,101378,1710,127232,647,11121,2330,69959,3502,90328,2975,160287,California
Monterey,2021-04-10,10342,250073,5013,106391,3132,130364,2197,13318,5047,71914,5284,95612,7239,167526,California
Monterey,2021-04-11,5579,255652,4389,110780,577,130941,613,13931,4520,75987,1053,96665,5126,172652,California
Monterey,2021-04-12,4203,259855,1905,112685,1967,132908,331,14262,971,74196,3093,99758,1302,173954,California
Monterey,2021-04-13,3273,263128,759,113444,2509,135417,5,14267,1578,74104,1677,101435,1585,175539,California
Monterey,2021-04-14,6992,270120,3257,116701,3732,139149,3,14270,1902,70942,5069,106504,1907,177446,California
Monterey,2021-04-15,5994,276114,3960,120661,2034,141183,0,14270,3907,72797,2058,108562,3913,181359,California
Monterey,2021-04-16,5003,281117,2548,123209,2444,143627,11,14281,2335,72493,2656,111218,2352,183711,California
Monterey,2021-04-17,5815,286932,1377,124586,4438,148065,0,14281,3754,74200,2047,113265,3754,187465,California
Monterey,2021-04-18,857,287789,264,124850,593,148658,0,14281,240,73827,613,113878,240,187705,California
Monterey,2021-04-19,3863,291652,1403,126253,2460,151118,0,14281,1883,73740,1972,115850,1885,189590,California
Monterey,2021-04-20,3911,295563,1622,127875,2289,153407,0,14281,1604,73062,2283,118133,1605,191195,California
Monterey,2021-04-21,6081,301644,3289,131164,2792,156199,0,14281,2944,72908,3100,121233,2946,194141,California
Monterey,2021-04-22,4905,306549,1077,132241,3828,160027,0,14281,2028,72101,2835,124068,2028,196169,California
Monterey,2021-04-23,5695,312244,2657,134898,3037,163064,1,14282,2254,70939,3422,127490,2260,198429,California
Monterey,2021-04-24,4343,316587,598,135496,3745,166809,0,14282,1559,69733,2765,130255,1559,199988,California
Monterey,2021-04-25,1256,317843,625,136121,631,167440,0,14282,802,70091,444,130699,802,200790,California
Monterey,2021-04-26,3776,321619,2226,138347,1533,168973,17,14299,1002,68361,2749,133448,1019,201809,California
Monterey,2021-04-27,2908,324527,951,139298,1817,170790,140,14439,1248,68092,1656,135104,1387,203196,California
Monterey,2021-04-28,3705,328232,1422,140720,2130,172920,153,14592,2292,69133,1399,136503,2440,205636,California
Monterey,2021-04-29,4611,332843,2493,143213,2042,174962,76,14668,1691,67993,2908,139411,1768,207404,California
Monterey,2021-04-30,3234,336077,1674,144887,1485,176447,75,14743,822,66486,2402,141813,895,208299,California
Monterey,2021-05-01,5673,341750,4275,149162,1357,177804,41,14784,693,62259,4959,146772,732,209031,California
Monterey,2021-05-02,4400,346150,3969,153131,404,178208,27,14811,308,58516,4078,150850,335,209366,California
Monterey,2021-05-03,2562,348712,1583,154714,863,179071,116,14927,599,57278,1953,152803,715,210081,California
Monterey,2021-05-04,1842,350554,640,155354,1110,180181,92,15019,653,56849,1175,153978,746,210827,California
Monterey,2021-05-05,3394,353948,1247,156601,2061,182242,86,15105,1077,55707,2306,156284,1164,211991,California
Monterey,2021-05-06,4234,358182,2779,159380,1234,183476,221,15326,1144,53998,3073,159357,1364,213355,California
Monterey,2021-05-07,2048,360230,1022,160402,925,184401,101,15427,704,53466,1336,160693,804,214159,California
Monterey,2021-05-08,2626,362856,1389,161791,914,185315,323,15750,939,53050,1676,162369,1260,215419,California
Monterey,2021-05-09,404,363260,122,161913,256,185571,26,15776,145,52963,258,162627,171,215590,California
Monterey,2021-05-10,2819,366079,2073,163986,696,186267,50,15826,527,51260,2281,164908,578,216168,California
Monterey,2021-05-11,1894,367973,973,164959,841,187108,80,15906,776,51012,1105,166013,857,217025,California
Monterey,2021-05-12,3919,371892,2076,167035,1757,188865,86,15992,870,48934,3035,169048,957,217982,California
Monterey,2021-05-13,2622,374514,1536,168571,1030,189895,56,16048,1506,49390,1104,170152,1560,219542,California
Monterey,2021-05-14,1835,376349,539,169110,1195,191090,101,16149,729,49122,1097,171249,829,220371,California
Monterey,2021-05-15,3392,379741,828,169938,2297,193387,267,16416,959,47924,2420,173669,1222,221593,California
Monterey,2021-05-16,921,380662,563,170501,284,193671,74,16490,232,47546,683,174352,305,221898,California
Monterey,2021-05-17,2217,382879,1311,171812,826,194497,80,16570,1038,47497,1167,175519,1118,223016,California
Monterey,2021-05-18,1792,384671,715,172527,1031,195528,46,16616,832,47426,951,176470,880,223896,California
Monterey,2021-05-19,3682,388353,2386,174913,1206,196734,90,16706,1962,47766,1713,178183,2053,225949,California
Monterey,2021-05-20,2826,391179,1010,175923,1706,198440,110,16816,959,46985,1853,180036,1072,227021,California
Monterey,2021-05-21,3302,394481,1339,177262,1869,200309,94,16910,1039,45867,2250,182286,1132,228153,California
Monterey,2021-05-22,2140,396621,740,178002,1119,201428,281,17191,808,45631,1323,183609,1087,229240,California
Monterey,2021-05-23,843,397464,488,178490,339,201767,16,17207,483,45776,354,183963,499,229739,California
Monterey,2021-05-24,1684,399148,504,178994,1120,202887,60,17267,541,45239,1139,185102,602,230341,California
Monterey,2021-05-25,1460,400608,559,179553,832,203719,69,17336,572,45010,871,185973,642,230983,California
Monterey,2021-05-26,2714,403322,1056,180609,1604,205323,54,17390,1030,44429,1667,187640,1086,232069,California
Monterey,2021-05-27,2506,405828,1368,181977,1080,206403,58,17448,902,43803,1587,189227,961,233030,California
Monterey,2021-05-28,1741,407569,576,182553,1105,207508,60,17508,761,43656,969,190196,822,233852,California
Monterey,2021-05-29,982,408551,631,183184,321,207829,30,17538,412,43533,565,190761,442,234294,California
Monterey,2021-05-30,383,408934,164,183348,204,208033,15,17553,147,43460,235,190996,162,234456,California
Monterey,2021-05-31,185,409119,32,183380,144,208177,9,17562,53,43390,132,191128,62,234518,California
Monterey,2021-06-01,1734,410853,935,184315,665,208842,134,17696,549,42899,1170,192298,679,235197,California
Monterey,2021-06-02,1703,412556,981,185296,671,209513,51,17747,717,42686,981,193279,768,235965,California
Monterey,2021-06-03,2244,414800,1427,186723,781,210294,36,17783,570,41626,1665,194944,605,236570,California
Monterey,2021-06-04,1336,416136,696,187419,606,210900,34,17817,559,41449,770,195714,593,237163,California
Monterey,2021-06-05,1913,418049,854,188273,692,211592,367,18184,471,40853,1430,197144,834,237997,California
Monterey,2021-06-06,506,418555,419,188692,78,211670,9,18193,305,40966,200,197344,313,238310,California
Monterey,2021-06-07,939,419494,495,189187,401,212071,43,18236,400,40879,528,197872,441,238751,California
Monterey,2021-06-08,1198,420692,754,189941,420,212491,24,18260,427,40569,760,198632,450,239201,California
Monterey,2021-06-09,2917,423609,2196,192137,598,213089,123,18383,655,39088,2258,200890,777,239978,California
Monterey,2021-06-10,1501,425110,929,193066,509,213598,63,18446,528,38711,966,201856,589,240567,California
Monterey,2021-06-11,1393,426503,758,193824,559,214157,76,18522,501,38403,882,202738,574,241141,California
Monterey,2021-06-12,743,427246,504,194328,222,214379,17,18539,343,38367,395,203133,359,241500,California
Monterey,2021-06-13,587,427833,457,194785,120,214499,10,18549,119,38031,465,203598,129,241629,California
Monterey,2021-06-14,1229,429062,860,195645,347,214846,22,18571,293,37416,930,204528,315,241944,California
Monterey,2021-06-15,573,429635,283,195928,197,215043,93,18664,190,37320,380,204908,284,242228,California
Napa,2020-12-16,12,12,12,12,0,0,0,0,12,12,0,0,12,12,California
Napa,2020-12-17,47,59,47,59,0,0,0,0,47,59,0,0,47,59,California
Napa,2020-12-18,103,162,103,162,0,0,0,0,103,162,0,0,103,162,California
Napa,2020-12-19,223,385,223,385,0,0,0,0,223,385,0,0,223,385,California
Napa,2020-12-20,192,577,192,577,0,0,0,0,192,577,0,0,192,577,California
Napa,2020-12-21,318,895,318,895,0,0,0,0,319,896,0,0,319,896,California
Napa,2020-12-22,339,1234,330,1225,9,9,0,0,339,1235,0,0,339,1235,California
Napa,2020-12-23,440,1674,328,1553,112,121,0,0,440,1675,0,0,440,1675,California
Napa,2020-12-24,141,1815,79,1632,62,183,0,0,141,1816,0,0,141,1816,California
Napa,2020-12-25,1,1816,1,1633,0,183,0,0,1,1817,0,0,1,1817,California
Napa,2020-12-26,39,1855,11,1644,28,211,0,0,39,1856,0,0,39,1856,California
Napa,2020-12-27,31,1886,16,1660,15,226,0,0,31,1887,0,0,31,1887,California
Napa,2020-12-28,254,2140,187,1847,67,293,0,0,281,2168,0,0,281,2168,California
Napa,2020-12-29,275,2415,219,2066,56,349,0,0,308,2476,0,0,308,2476,California
Napa,2020-12-30,640,3055,490,2556,150,499,0,0,648,3124,0,0,648,3124,California
Napa,2020-12-31,460,3515,373,2929,87,586,0,0,460,3584,0,0,460,3584,California
Napa,2021-01-01,1,3516,1,2930,0,586,0,0,1,3585,0,0,1,3585,California
Napa,2021-01-02,97,3613,92,3022,5,591,0,0,97,3682,0,0,97,3682,California
Napa,2021-01-03,14,3627,12,3034,2,593,0,0,9,3691,0,0,9,3691,California
Napa,2021-01-04,108,3735,64,3098,44,637,0,0,108,3799,0,0,108,3799,California
Napa,2021-01-05,164,3899,87,3185,77,714,0,0,147,3922,24,24,147,3946,California
Napa,2021-01-06,464,4363,115,3300,349,1063,0,0,398,4256,64,88,398,4344,California
Napa,2021-01-07,505,4868,241,3541,264,1327,0,0,398,4548,106,194,398,4742,California
Napa,2021-01-08,444,5312,228,3769,216,1543,0,0,259,4623,184,378,259,5001,California
Napa,2021-01-09,329,5641,303,4072,26,1569,0,0,191,4676,138,516,191,5192,California
Napa,2021-01-10,184,5825,101,4173,83,1652,0,0,107,4706,77,593,107,5299,California
Napa,2021-01-11,886,6711,430,4603,456,2108,0,0,508,4837,379,972,510,5809,California
Napa,2021-01-12,1329,8040,378,4981,951,3059,0,0,1008,5524,321,1293,1008,6817,California
Napa,2021-01-13,1318,9358,268,5249,1050,4109,0,0,1153,6514,164,1457,1154,7971,California
Napa,2021-01-14,1055,10413,170,5419,885,4994,0,0,938,7337,115,1572,938,8909,California
Napa,2021-01-15,1471,11884,390,5809,1081,6075,0,0,1321,8501,158,1730,1322,10231,California
Napa,2021-01-16,359,12243,133,5942,226,6301,0,0,341,8824,18,1748,341,10572,California
Napa,2021-01-17,341,12584,177,6119,164,6465,0,0,331,9145,10,1758,331,10903,California
Napa,2021-01-18,1081,13665,196,6315,885,7350,0,0,990,10044,91,1849,990,11893,California
Napa,2021-01-19,1013,14678,410,6725,603,7953,0,0,768,10568,244,2093,768,12661,California
Napa,2021-01-20,834,15512,190,6915,644,8597,0,0,646,11028,186,2279,646,13307,California
Napa,2021-01-21,1328,16840,364,7279,964,9561,0,0,1073,11848,254,2533,1074,14381,California
Napa,2021-01-22,1548,18388,415,7694,1133,10694,0,0,1219,12740,328,2861,1220,15601,California
Napa,2021-01-23,402,18790,320,8014,82,10776,0,0,338,13014,64,2925,338,15939,California
Napa,2021-01-24,263,19053,186,8200,77,10853,0,0,205,13161,58,2983,205,16144,California
Napa,2021-01-25,1527,20580,229,8429,1298,12151,0,0,1437,14508,90,3073,1437,17581,California
Napa,2021-01-26,876,21456,282,8711,594,12745,0,0,782,15197,94,3167,783,18364,California
Napa,2021-01-27,632,22088,222,8933,410,13155,0,0,469,15503,164,3331,470,18834,California
Napa,2021-01-28,390,22478,176,9109,214,13369,0,0,197,15509,191,3522,197,19031,California
Napa,2021-01-29,261,22739,64,9173,197,13566,0,0,166,15580,95,3617,166,19197,California
Napa,2021-01-30,823,23562,710,9883,113,13679,0,0,654,16065,169,3786,654,19851,California
Napa,2021-01-31,696,24258,664,10547,32,13711,0,0,673,16715,23,3809,673,20524,California
Napa,2021-02-01,325,24583,113,10660,212,13923,0,0,165,16720,160,3969,165,20689,California
Napa,2021-02-02,614,25197,282,10942,332,14255,0,0,301,16711,310,4279,301,20990,California
Napa,2021-02-03,744,25941,309,11251,435,14690,0,0,429,16826,314,4593,429,21419,California
Napa,2021-02-04,788,26729,373,11624,415,15105,0,0,438,16916,348,4941,438,21857,California
Napa,2021-02-05,714,27443,309,11933,405,15510,0,0,340,16882,374,5315,340,22197,California
Napa,2021-02-06,437,27880,144,12077,293,15803,0,0,331,17107,106,5421,331,22528,California
Napa,2021-02-07,176,28056,163,12240,13,15816,0,0,69,17069,107,5528,69,22597,California
Napa,2021-02-08,838,28894,191,12431,647,16463,0,0,275,16783,561,6089,275,22872,California
Napa,2021-02-09,1089,29983,451,12882,638,17101,0,0,441,16577,647,6736,441,23313,California
Napa,2021-02-10,1735,31718,192,13074,1543,18644,0,0,453,15752,1279,8015,454,23767,California
Napa,2021-02-11,1487,33205,184,13258,1303,19947,0,0,400,15078,1074,9089,400,24167,California
Napa,2021-02-12,2156,35361,838,14096,1318,21265,0,0,716,14358,1436,10525,716,24883,California
Napa,2021-02-13,510,35871,55,14151,455,21720,0,0,321,14490,189,10714,321,25204,California
Napa,2021-02-14,332,36203,69,14220,263,21983,0,0,171,14500,161,10875,171,25375,California
Napa,2021-02-15,885,37088,183,14403,702,22685,0,0,229,14075,654,11529,229,25604,California
Napa,2021-02-16,1289,38377,596,14999,693,23378,0,0,616,14020,671,12200,616,26220,California
Napa,2021-02-17,1042,39419,525,15524,517,23895,0,0,474,13929,566,12766,475,26695,California
Napa,2021-02-18,1898,41317,478,16002,1420,25315,0,0,656,13346,1239,14005,656,27351,California
Napa,2021-02-19,1496,42813,589,16591,907,26222,0,0,682,13215,813,14818,682,28033,California
Napa,2021-02-20,867,43680,633,17224,234,26456,0,0,275,12898,592,15410,275,28308,California
Napa,2021-02-21,892,44572,824,18048,68,26524,0,0,193,12392,699,16109,193,28501,California
Napa,2021-02-22,476,45048,196,18244,280,26804,0,0,145,12206,331,16440,145,28646,California
Napa,2021-02-23,1152,46200,308,18552,844,27648,0,0,324,11702,828,17268,324,28970,California
Napa,2021-02-24,1164,47364,637,19189,527,28175,0,0,570,11680,592,17860,570,29540,California
Napa,2021-02-25,2586,49950,1245,20434,1341,29516,0,0,1872,12839,713,18573,1872,31412,California
Napa,2021-02-26,1553,51503,546,20980,1007,30523,0,0,618,12524,933,19506,618,32030,California
Napa,2021-02-27,1169,52672,427,21407,742,31265,0,0,909,13175,258,19764,909,32939,California
Napa,2021-02-28,724,53396,606,22013,118,31383,0,0,608,13669,114,19878,608,33547,California
Napa,2021-03-01,1174,54570,879,22892,295,31678,0,0,898,14292,275,20153,898,34445,California
Napa,2021-03-02,1510,56080,1052,23944,458,32136,0,0,1166,15115,343,20496,1166,35611,California
Napa,2021-03-03,1565,57645,690,24634,875,33011,0,0,1378,16307,186,20682,1378,36989,California
Napa,2021-03-04,1719,59364,792,25426,927,33938,0,0,1480,17551,236,20918,1480,38469,California
Napa,2021-03-05,1912,61276,787,26213,1121,35059,4,4,1494,18633,416,21334,1498,39967,California
Napa,2021-03-06,661,61937,292,26505,338,35397,31,35,549,19103,110,21444,580,40547,California
Napa,2021-03-07,508,62445,300,26805,193,35590,15,50,381,19373,126,21570,396,40943,California
Napa,2021-03-08,718,63163,337,27142,327,35917,54,104,540,19791,176,21746,594,41537,California
Napa,2021-03-09,1693,64856,611,27753,1036,36953,46,150,1252,20651,438,22184,1298,42835,California
Napa,2021-03-10,1502,66358,922,28675,486,37439,94,244,801,20846,697,22881,892,43727,California
Napa,2021-03-11,1887,68245,1065,29740,691,38130,131,375,995,21079,892,23773,1125,44852,California
Napa,2021-03-12,1507,69752,926,30666,491,38621,90,465,808,21280,697,24470,898,45750,California
Napa,2021-03-13,1177,70929,306,30972,847,39468,24,489,834,21797,341,24811,858,46608,California
Napa,2021-03-14,620,71549,336,31308,133,39601,151,640,208,21744,411,25222,358,46966,California
Napa,2021-03-15,964,72513,412,31720,482,40083,70,710,482,21816,480,25702,552,47518,California
Napa,2021-03-16,1853,74366,388,32108,1337,41420,128,838,1379,22852,471,26173,1507,49025,California
Napa,2021-03-17,2499,76865,1839,33947,482,41902,178,1016,1594,23720,904,27077,1772,50797,California
Napa,2021-03-18,2131,78996,939,34886,1179,43081,13,1029,1278,24161,850,27927,1291,52088,California
Napa,2021-03-19,1453,80449,879,35765,548,43629,26,1055,697,24131,753,28680,723,52811,California
Napa,2021-03-20,1010,81459,533,36298,324,43953,153,1208,383,24042,625,29305,536,53347,California
Napa,2021-03-21,712,82171,689,36987,21,43974,2,1210,218,23770,492,29797,220,53567,California
Napa,2021-03-22,1303,83474,1122,38109,169,44143,12,1222,439,23362,859,30656,451,54018,California
Napa,2021-03-23,1880,85354,1190,39299,674,44817,16,1238,992,23486,884,31540,1008,55026,California
Napa,2021-03-24,1701,87055,938,40237,754,45571,9,1247,811,23416,889,32429,819,55845,California
Napa,2021-03-25,1933,88988,1054,41291,825,46396,54,1301,766,23075,1161,33590,820,56665,California
Napa,2021-03-26,1318,90306,843,42134,469,46865,6,1307,591,22950,722,34312,597,57262,California
Napa,2021-03-27,935,91241,440,42574,468,47333,27,1334,298,22638,637,34949,325,57587,California
Napa,2021-03-28,490,91731,383,42957,100,47433,7,1341,180,22517,308,35257,187,57774,California
Napa,2021-03-29,1207,92938,878,43835,324,47757,5,1346,732,22780,474,35731,737,58511,California
Napa,2021-03-30,2804,95742,931,44766,1868,49625,5,1351,1976,23933,828,36559,1981,60492,California
Napa,2021-03-31,1985,97727,968,45734,947,50572,70,1421,808,23635,1174,37733,876,61368,California
Napa,2021-04-01,1755,99482,842,46576,797,51369,116,1537,484,22970,1264,38997,599,61967,California
Napa,2021-04-02,1877,101359,845,47421,891,52260,141,1678,480,22196,1394,40391,620,62587,California
Napa,2021-04-03,639,101998,370,47791,212,52472,57,1735,211,22036,427,40818,267,62854,California
Napa,2021-04-04,356,102354,143,47934,155,52627,58,1793,122,21983,233,41051,180,63034,California
Napa,2021-04-05,1274,103628,757,48691,297,52924,220,2013,568,22067,704,41755,788,63822,California
Napa,2021-04-06,2247,105875,560,49251,1425,54349,262,2275,520,21124,1724,43479,781,64603,California
Napa,2021-04-07,1753,107628,711,49962,821,55170,221,2496,527,20650,1220,44699,746,65349,California
Napa,2021-04-08,1863,109491,1064,51026,424,55594,375,2871,958,21082,900,45599,1332,66681,California
Napa,2021-04-09,1559,111050,935,51961,319,55913,305,3176,681,21191,876,46475,985,67666,California
Napa,2021-04-10,1038,112088,342,52303,594,56507,102,3278,239,20733,798,47273,340,68006,California
Napa,2021-04-11,386,112474,302,52605,62,56569,22,3300,159,20687,227,47500,181,68187,California
Napa,2021-04-12,791,113265,300,52905,366,56935,125,3425,290,20600,498,47998,411,68598,California
Napa,2021-04-13,2580,115845,869,53774,1711,58646,0,3425,942,19912,1633,49631,945,69543,California
Napa,2021-04-14,2111,117956,987,54761,1124,59770,0,3425,1033,19879,1070,50701,1037,70580,California
Napa,2021-04-15,2055,120011,527,55288,1528,61298,0,3425,879,19589,1170,51871,880,71460,California
Napa,2021-04-16,2986,122997,1640,56928,1346,62644,0,3425,2265,21138,718,52589,2267,73727,California
Napa,2021-04-17,1134,124131,274,57202,860,63504,0,3425,832,21669,301,52890,832,74559,California
Napa,2021-04-18,269,124400,177,57379,92,63596,0,3425,118,21636,151,53041,118,74677,California
Napa,2021-04-19,610,125010,339,57718,271,63867,0,3425,263,21553,346,53387,263,74940,California
Napa,2021-04-20,3045,128055,2071,59789,974,64841,0,3425,2096,22703,947,54334,2097,77037,California
Napa,2021-04-21,2932,130987,2170,61959,762,65603,0,3425,1869,23516,1057,55391,1870,78907,California
Napa,2021-04-22,1725,132712,1202,63161,523,66126,0,3425,836,23468,884,56275,836,79743,California
Napa,2021-04-23,1638,134350,1257,64418,379,66505,2,3427,1158,24150,476,56751,1158,80901,California
Napa,2021-04-24,563,134913,317,64735,246,66751,0,3427,283,24156,277,57028,283,81184,California
Napa,2021-04-25,248,135161,190,64925,58,66809,0,3427,129,24167,118,57146,129,81313,California
Napa,2021-04-26,538,135699,283,65208,255,67064,0,3427,274,24182,259,57405,274,81587,California
Napa,2021-04-27,1774,137473,459,65667,1303,68367,12,3439,582,23588,1188,58593,594,82181,California
Napa,2021-04-28,1006,138479,461,66128,528,68895,17,3456,338,23277,666,59259,355,82536,California
Napa,2021-04-29,704,139183,348,66476,337,69232,19,3475,247,23092,450,59709,265,82801,California
Napa,2021-04-30,608,139791,307,66783,237,69469,64,3539,250,23048,357,60066,313,83114,California
Napa,2021-05-01,320,140111,264,67047,45,69514,11,3550,120,22979,200,60266,131,83245,California
Napa,2021-05-02,237,140348,192,67239,39,69553,6,3556,98,22945,138,60404,104,83349,California
Napa,2021-05-03,615,140963,494,67733,87,69640,34,3590,100,22570,510,60914,135,83484,California
Napa,2021-05-04,1133,142096,720,68453,302,69942,111,3701,299,22150,830,61744,410,83894,California
Napa,2021-05-05,1018,143114,688,69141,293,70235,37,3738,253,21678,762,62506,290,84184,California
Napa,2021-05-06,715,143829,318,69459,374,70609,23,3761,367,21729,339,62845,390,84574,California
Napa,2021-05-07,1433,145262,1210,70669,160,70769,63,3824,296,20972,1115,63960,358,84932,California
Napa,2021-05-08,252,145514,161,70830,80,70849,11,3835,87,20906,164,64124,98,85030,California
Napa,2021-05-09,108,145622,77,70907,31,70880,0,3835,51,20900,57,64181,51,85081,California
Napa,2021-05-10,414,146036,142,71049,253,71133,19,3854,103,20712,310,64491,122,85203,California
Napa,2021-05-11,2190,148226,1805,72854,360,71493,25,3879,373,19299,1811,66302,398,85601,California
Napa,2021-05-12,2200,150426,1378,74232,766,72259,56,3935,304,17768,1891,68193,360,85961,California
Napa,2021-05-13,1888,152314,1191,75423,656,72915,41,3976,818,17565,1063,69256,860,86821,California
Napa,2021-05-14,1916,154230,1148,76571,682,73597,86,4062,509,16761,1400,70656,596,87417,California
Napa,2021-05-15,1065,155295,359,76930,694,74291,12,4074,267,16246,795,71451,280,87697,California
Napa,2021-05-16,242,155537,162,77092,78,74369,2,4076,69,16144,173,71624,71,87768,California
Napa,2021-05-17,879,156416,350,77442,499,74868,30,4106,305,15967,512,72136,335,88103,California
Napa,2021-05-18,1048,157464,548,77990,443,75311,57,4163,502,15985,541,72677,559,88662,California
Napa,2021-05-19,936,158400,556,78546,350,75661,30,4193,505,16091,428,73105,534,89196,California
Napa,2021-05-20,644,159044,434,78980,179,75840,31,4224,389,16259,255,73360,423,89619,California
Napa,2021-05-21,506,159550,270,79250,204,76044,32,4256,215,16217,290,73650,248,89867,California
Napa,2021-05-22,449,159999,264,79514,177,76221,8,4264,189,16155,260,73910,198,90065,California
Napa,2021-05-23,390,160389,345,79859,34,76255,11,4275,293,16362,97,74007,304,90369,California
Napa,2021-05-24,359,160748,177,80036,162,76417,20,4295,146,16316,212,74219,166,90535,California
Napa,2021-05-25,420,161168,175,80211,174,76591,71,4366,146,16259,273,74492,216,90751,California
Napa,2021-05-26,546,161714,355,80566,165,76756,26,4392,317,16376,226,74718,343,91094,California
Napa,2021-05-27,375,162089,163,80729,184,76940,28,4420,141,16311,234,74952,169,91263,California
Napa,2021-05-28,393,162482,206,80935,163,77103,24,4444,164,16272,225,75177,186,91449,California
Napa,2021-05-29,129,162611,79,81014,46,77149,4,4448,74,16296,54,75231,78,91527,California
Napa,2021-05-30,97,162708,60,81074,32,77181,5,4453,32,16270,63,75294,37,91564,California
Napa,2021-05-31,43,162751,17,81091,19,77200,7,4460,9,16252,34,75328,16,91580,California
Napa,2021-06-01,596,163347,309,81400,263,77463,24,4484,266,16217,324,75652,289,91869,California
Napa,2021-06-02,411,163758,243,81643,146,77609,22,4506,200,16230,209,75861,222,92091,California
Napa,2021-06-03,732,164490,445,82088,263,77872,24,4530,174,15871,555,76416,196,92287,California
Napa,2021-06-04,779,165269,601,82689,140,78012,38,4568,169,15470,608,77024,207,92494,California
Napa,2021-06-05,312,165581,253,82942,47,78059,12,4580,78,15328,232,77256,90,92584,California
Napa,2021-06-06,139,165720,121,83063,18,78077,0,4580,45,15279,94,77350,45,92629,California
Napa,2021-06-07,394,166114,286,83349,79,78156,29,4609,92,15098,302,77652,121,92750,California
Napa,2021-06-08,598,166712,469,83818,112,78268,17,4626,253,15027,341,77993,270,93020,California
Napa,2021-06-09,553,167265,450,84268,87,78355,16,4642,95,14683,455,78448,111,93131,California
Napa,2021-06-10,476,167741,394,84662,65,78420,17,4659,89,14402,387,78835,106,93237,California
Napa,2021-06-11,410,168151,267,84929,118,78538,25,4684,122,14262,287,79122,147,93384,California
Napa,2021-06-12,207,168358,173,85102,26,78564,8,4692,42,14149,163,79285,50,93434,California
Napa,2021-06-13,287,168645,273,85375,8,78572,6,4698,30,13928,257,79542,36,93470,California
Napa,2021-06-14,249,168894,139,85514,88,78660,22,4720,54,13810,191,79733,73,93543,California
Napa,2021-06-15,250,169144,175,85689,67,78727,8,4728,142,13853,107,79840,150,93693,California
Nevada,2020-12-16,3,3,3,3,0,0,0,0,3,3,0,0,3,3,California
Nevada,2020-12-17,6,9,6,9,0,0,0,0,6,9,0,0,6,9,California
Nevada,2020-12-18,59,68,59,68,0,0,0,0,59,68,0,0,59,68,California
Nevada,2020-12-19,55,123,55,123,0,0,0,0,55,123,0,0,55,123,California
Nevada,2020-12-20,15,138,15,138,0,0,0,0,15,138,0,0,15,138,California
Nevada,2020-12-21,69,207,69,207,0,0,0,0,69,207,0,0,69,207,California
Nevada,2020-12-22,90,297,88,295,2,2,0,0,90,297,0,0,90,297,California
Nevada,2020-12-23,242,539,209,504,33,35,0,0,242,539,0,0,242,539,California
Nevada,2020-12-24,14,553,11,515,3,38,0,0,14,553,0,0,14,553,California
Nevada,2020-12-25,3,556,3,518,0,38,0,0,3,556,0,0,3,556,California
Nevada,2020-12-26,7,563,5,523,2,40,0,0,7,563,0,0,7,563,California
Nevada,2020-12-27,92,655,91,614,1,41,0,0,92,655,0,0,92,655,California
Nevada,2020-12-28,173,828,93,707,80,121,0,0,173,828,0,0,173,828,California
Nevada,2020-12-29,101,929,71,778,30,151,0,0,101,929,0,0,101,929,California
Nevada,2020-12-30,88,1017,66,844,22,173,0,0,88,1017,0,0,88,1017,California
Nevada,2020-12-31,41,1058,8,852,33,206,0,0,41,1058,0,0,41,1058,California
Nevada,2021-01-01,2,1060,0,852,2,208,0,0,2,1060,0,0,2,1060,California
Nevada,2021-01-02,2,1062,1,853,1,209,0,0,2,1062,0,0,2,1062,California
Nevada,2021-01-03,132,1194,127,980,5,214,0,0,132,1194,0,0,132,1194,California
Nevada,2021-01-04,71,1265,43,1023,28,242,0,0,71,1265,0,0,71,1265,California
Nevada,2021-01-05,282,1547,131,1154,151,393,0,0,281,1545,1,1,281,1546,California
Nevada,2021-01-06,93,1640,43,1197,50,443,0,0,85,1622,8,9,85,1631,California
Nevada,2021-01-07,223,1863,46,1243,177,620,0,0,214,1829,8,17,215,1846,California
Nevada,2021-01-08,233,2096,132,1375,101,721,0,0,173,1943,60,77,174,2020,California
Nevada,2021-01-09,63,2159,56,1431,7,728,0,0,14,1908,49,126,14,2034,California
Nevada,2021-01-10,20,2179,10,1441,10,738,0,0,11,1910,9,135,11,2045,California
Nevada,2021-01-11,191,2370,132,1573,59,797,0,0,62,1843,129,264,62,2107,California
Nevada,2021-01-12,600,2970,453,2026,147,944,0,0,534,2311,66,330,534,2641,California
Nevada,2021-01-13,271,3241,153,2179,118,1062,0,0,133,2306,138,468,133,2774,California
Nevada,2021-01-14,245,3486,125,2304,120,1182,0,0,227,2516,17,485,227,3001,California
Nevada,2021-01-15,407,3893,172,2476,235,1417,0,0,306,2722,101,586,307,3308,California
Nevada,2021-01-16,325,4218,17,2493,308,1725,0,0,319,3035,6,592,319,3627,California
Nevada,2021-01-17,43,4261,39,2532,4,1729,0,0,40,3072,3,595,40,3667,California
Nevada,2021-01-18,157,4418,47,2579,110,1839,0,0,144,3203,13,608,144,3811,California
Nevada,2021-01-19,256,4674,95,2674,161,2000,0,0,234,3415,22,630,234,4045,California
Nevada,2021-01-20,279,4953,165,2839,114,2114,0,0,265,3666,14,644,265,4310,California
Nevada,2021-01-21,349,5302,205,3044,144,2258,0,0,335,3987,14,658,335,4645,California
Nevada,2021-01-22,380,5682,235,3279,145,2403,0,0,347,4301,33,691,347,4992,California
Nevada,2021-01-23,185,5867,106,3385,79,2482,0,0,185,4486,0,691,185,5177,California
Nevada,2021-01-24,113,5980,101,3486,12,2494,0,0,73,4519,40,731,73,5250,California
Nevada,2021-01-25,262,6242,129,3615,133,2627,0,0,198,4653,64,795,198,5448,California
Nevada,2021-01-26,421,6663,151,3766,270,2897,0,0,315,4862,106,901,315,5763,California
Nevada,2021-01-27,442,7105,265,4031,177,3074,0,0,416,5252,26,927,416,6179,California
Nevada,2021-01-28,490,7595,330,4361,160,3234,0,0,440,5643,49,976,440,6619,California
Nevada,2021-01-29,619,8214,400,4761,219,3453,0,0,591,6208,27,1003,592,7211,California
Nevada,2021-01-30,251,8465,119,4880,132,3585,0,0,248,6453,3,1006,248,7459,California
Nevada,2021-01-31,111,8576,93,4973,18,3603,0,0,107,6558,3,1009,108,7567,California
Nevada,2021-02-01,292,8868,75,5048,217,3820,0,0,278,6822,14,1023,278,7845,California
Nevada,2021-02-02,539,9407,192,5240,347,4167,0,0,334,6951,205,1228,334,8179,California
Nevada,2021-02-03,821,10228,563,5803,258,4425,0,0,762,7655,58,1286,762,8941,California
Nevada,2021-02-04,771,10999,398,6201,373,4798,0,0,517,7919,253,1539,517,9458,California
Nevada,2021-02-05,685,11684,387,6588,298,5096,0,0,488,8212,195,1734,488,9946,California
Nevada,2021-02-06,281,11965,92,6680,189,5285,0,0,253,8437,28,1762,253,10199,California
Nevada,2021-02-07,294,12259,236,6916,58,5343,0,0,233,8609,61,1823,233,10432,California
Nevada,2021-02-08,686,12945,418,7334,268,5611,0,0,578,9079,108,1931,578,11010,California
Nevada,2021-02-09,636,13581,363,7697,273,5884,0,0,489,9421,147,2078,489,11499,California
Nevada,2021-02-10,669,14250,336,8033,333,6217,0,0,441,9635,228,2306,442,11941,California
Nevada,2021-02-11,917,15167,524,8557,393,6610,0,0,580,9879,336,2642,580,12521,California
Nevada,2021-02-12,985,16152,453,9010,532,7142,0,0,652,10201,330,2972,652,13173,California
Nevada,2021-02-13,654,16806,256,9266,398,7540,0,0,412,10376,238,3210,413,13586,California
Nevada,2021-02-14,247,17053,132,9398,115,7655,0,0,213,10555,34,3244,213,13799,California
Nevada,2021-02-15,733,17786,448,9846,285,7940,0,0,559,10940,174,3418,559,14358,California
Nevada,2021-02-16,659,18445,225,10071,434,8374,0,0,484,11250,174,3592,484,14842,California
Nevada,2021-02-17,1223,19668,796,10867,427,8801,0,0,882,11791,341,3933,882,15724,California
Nevada,2021-02-18,1041,20709,574,11441,467,9268,0,0,617,11987,421,4354,617,16341,California
Nevada,2021-02-19,1040,21749,653,12094,387,9655,0,0,665,12280,373,4727,666,17007,California
Nevada,2021-02-20,318,22067,118,12212,200,9855,0,0,178,12319,139,4866,178,17185,California
Nevada,2021-02-21,107,22174,97,12309,10,9865,0,0,8,12231,96,4962,8,17193,California
Nevada,2021-02-22,508,22682,341,12650,167,10032,0,0,357,12438,150,5112,357,17550,California
Nevada,2021-02-23,508,23190,245,12895,263,10295,0,0,225,12383,280,5392,225,17775,California
Nevada,2021-02-24,489,23679,251,13146,238,10533,0,0,256,12409,232,5624,258,18033,California
Nevada,2021-02-25,893,24572,493,13639,400,10933,0,0,443,12404,448,6072,443,18476,California
Nevada,2021-02-26,1285,25857,895,14534,390,11323,0,0,446,12014,836,6908,446,18922,California
Nevada,2021-02-27,393,26250,123,14657,270,11593,0,0,207,12035,186,7094,207,19129,California
Nevada,2021-02-28,327,26577,198,14855,129,11722,0,0,141,11991,185,7279,141,19270,California
Nevada,2021-03-01,865,27442,452,15307,413,12135,0,0,383,11895,479,7758,383,19653,California
Nevada,2021-03-02,768,28210,309,15616,459,12594,0,0,521,12174,242,8000,521,20174,California
Nevada,2021-03-03,1015,29225,519,16135,495,13089,1,1,528,12219,485,8485,530,20704,California
Nevada,2021-03-04,1146,30371,634,16769,512,13601,0,1,485,12047,657,9142,485,21189,California
Nevada,2021-03-05,883,31254,500,17269,373,13974,10,11,396,11968,485,9627,406,21595,California
Nevada,2021-03-06,379,31633,132,17401,220,14194,27,38,150,11915,229,9856,176,21771,California
Nevada,2021-03-07,220,31853,115,17516,85,14279,20,58,72,11859,148,10004,92,21863,California
Nevada,2021-03-08,848,32701,568,18084,232,14511,48,106,379,11819,468,10472,428,22291,California
Nevada,2021-03-09,821,33522,421,18505,345,14856,55,161,465,11985,353,10825,519,22810,California
Nevada,2021-03-10,1035,34557,666,19171,311,15167,58,219,347,11707,682,11507,404,23214,California
Nevada,2021-03-11,1137,35694,737,19908,373,15540,27,246,550,11705,579,12086,577,23791,California
Nevada,2021-03-12,1235,36929,736,20644,468,16008,31,277,511,11526,720,12806,541,24332,California
Nevada,2021-03-13,303,37232,58,20702,239,16247,6,283,117,11463,184,12990,121,24453,California
Nevada,2021-03-14,164,37396,26,20728,132,16379,6,289,36,11377,128,13118,42,24495,California
Nevada,2021-03-15,873,38269,470,21198,391,16770,12,301,366,11252,503,13621,378,24873,California
Nevada,2021-03-16,1004,39273,468,21666,474,17244,62,363,642,11595,360,13981,703,25576,California
Nevada,2021-03-17,1030,40303,455,22121,565,17809,10,373,583,11744,444,14425,593,26169,California
Nevada,2021-03-18,1003,41306,547,22668,434,18243,22,395,489,11745,510,14935,511,26680,California
Nevada,2021-03-19,768,42074,451,23119,280,18523,37,432,369,11756,395,15330,406,27086,California
Nevada,2021-03-20,836,42910,95,23214,305,18828,436,868,230,11819,599,15929,662,27748,California
Nevada,2021-03-21,65,42975,36,23250,28,18856,1,869,46,11848,18,15947,47,27795,California
Nevada,2021-03-22,818,43793,526,23776,287,19143,5,874,541,12120,274,16221,546,28341,California
Nevada,2021-03-23,865,44658,397,24173,442,19585,26,900,623,12530,239,16460,649,28990,California
Nevada,2021-03-24,1036,45694,556,24729,473,20058,7,907,648,12804,380,16840,654,29644,California
Nevada,2021-03-25,931,46625,477,25206,426,20484,28,935,504,12910,425,17265,531,30175,California
Nevada,2021-03-26,1189,47814,463,25669,686,21170,40,975,838,13438,349,17614,877,31052,California
Nevada,2021-03-27,586,48400,71,25740,499,21669,16,991,389,13646,197,17811,405,31457,California
Nevada,2021-03-28,195,48595,51,25791,131,21800,13,1004,39,13545,153,17964,52,31509,California
Nevada,2021-03-29,850,49445,507,26298,321,22121,22,1026,381,13481,466,18430,402,31911,California
Nevada,2021-03-30,1076,50521,486,26784,556,22677,34,1060,492,13431,576,19006,526,32437,California
Nevada,2021-03-31,1197,51718,666,27450,514,23191,17,1077,680,13619,508,19514,696,33133,California
Nevada,2021-04-01,1259,52977,727,28177,480,23671,52,1129,559,13538,691,20205,610,33743,California
Nevada,2021-04-02,1320,54297,667,28844,619,24290,34,1163,791,13838,525,20730,825,34568,California
Nevada,2021-04-03,305,54602,94,28938,174,24464,37,1200,90,13751,214,20944,127,34695,California
Nevada,2021-04-04,136,54738,45,28983,84,24548,7,1207,80,13782,56,21000,87,34782,California
Nevada,2021-04-05,953,55691,631,29614,301,24849,21,1228,629,14112,319,21319,649,35431,California
Nevada,2021-04-06,1095,56786,674,30288,275,25124,146,1374,452,14073,636,21955,597,36028,California
Nevada,2021-04-07,1170,57956,832,31120,251,25375,87,1461,628,14252,535,22490,714,36742,California
Nevada,2021-04-08,1310,59266,905,32025,314,25689,91,1552,716,14470,589,23079,807,37549,California
Nevada,2021-04-09,1281,60547,871,32896,336,26025,74,1626,851,14967,428,23507,925,38474,California
Nevada,2021-04-10,284,60831,81,32977,126,26151,77,1703,114,14989,169,23676,191,38665,California
Nevada,2021-04-11,103,60934,36,33013,63,26214,4,1707,38,14966,65,23741,42,38707,California
Nevada,2021-04-12,770,61704,556,33569,197,26411,17,1724,330,14878,435,24176,347,39054,California
Nevada,2021-04-13,901,62605,368,33937,533,26944,0,1724,470,14922,427,24603,471,39525,California
Nevada,2021-04-14,1073,63678,589,34526,484,27428,0,1724,540,14936,526,25129,540,40065,California
Nevada,2021-04-15,1097,64775,716,35242,381,27809,0,1724,627,15105,458,25587,627,40692,California
Nevada,2021-04-16,922,65697,711,35953,211,28020,0,1724,532,15249,388,25975,532,41224,California
Nevada,2021-04-17,192,65889,50,36003,142,28162,0,1724,78,15215,112,26087,78,41302,California
Nevada,2021-04-18,193,66082,22,36025,171,28333,0,1724,106,15234,87,26174,106,41408,California
Nevada,2021-04-19,779,66861,499,36524,280,28613,0,1724,319,15103,450,26624,319,41727,California
Nevada,2021-04-20,796,67657,316,36840,480,29093,0,1724,306,14926,483,27107,306,42033,California
Nevada,2021-04-21,917,68574,505,37345,412,29505,0,1724,283,14584,625,27732,283,42316,California
Nevada,2021-04-22,1007,69581,623,37968,384,29889,0,1724,342,14273,653,28385,342,42658,California
Nevada,2021-04-23,1231,70812,556,38524,675,30564,0,1724,398,13850,821,29206,398,43056,California
Nevada,2021-04-24,524,71336,77,38601,447,31011,0,1724,170,13668,352,29558,170,43226,California
Nevada,2021-04-25,123,71459,62,38663,56,31067,5,1729,57,13664,65,29623,61,43287,California
Nevada,2021-04-26,760,72219,576,39239,175,31242,9,1738,219,13361,531,30154,228,43515,California
Nevada,2021-04-27,837,73056,395,39634,437,31679,5,1743,421,13379,408,30562,426,43941,California
Nevada,2021-04-28,1003,74059,588,40222,410,32089,5,1748,387,13160,611,31173,392,44333,California
Nevada,2021-04-29,1032,75091,719,40941,309,32398,4,1752,294,12722,736,31909,298,44631,California
Nevada,2021-04-30,1259,76350,744,41685,506,32904,9,1761,210,11894,1047,32956,219,44850,California
Nevada,2021-05-01,151,76501,64,41749,83,32987,4,1765,66,11881,83,33039,70,44920,California
Nevada,2021-05-02,63,76564,31,41780,28,33015,4,1769,22,11866,41,33080,26,44946,California
Nevada,2021-05-03,620,77184,416,42196,185,33200,19,1788,184,11636,432,33512,202,45148,California
Nevada,2021-05-04,594,77778,176,42372,399,33599,19,1807,332,11729,258,33770,351,45499,California
Nevada,2021-05-05,747,78525,390,42762,343,33942,14,1821,323,11651,415,34185,337,45836,California
Nevada,2021-05-06,812,79337,566,43328,235,34177,11,1832,204,11267,599,34784,215,46051,California
Nevada,2021-05-07,889,80226,494,43822,359,34536,36,1868,195,10809,689,35473,231,46282,California
Nevada,2021-05-08,172,80398,18,43840,135,34671,19,1887,79,10815,92,35565,98,46380,California
Nevada,2021-05-09,43,80441,7,43847,34,34705,2,1889,19,10812,24,35589,21,46401,California
Nevada,2021-05-10,405,80846,259,44106,121,34826,25,1914,78,10589,326,35915,103,46504,California
Nevada,2021-05-11,513,81359,158,44264,339,35165,16,1930,130,10360,375,36290,146,46650,California
Nevada,2021-05-12,534,81893,240,44504,283,35448,11,1941,151,10147,375,36665,162,46812,California
Nevada,2021-05-13,842,82735,554,45058,278,35726,10,1951,429,10181,405,37070,439,47251,California
Nevada,2021-05-14,778,83513,580,45638,181,35907,17,1968,425,10273,350,37420,442,47693,California
Nevada,2021-05-15,180,83693,89,45727,84,35991,7,1975,87,10275,92,37512,94,47787,California
Nevada,2021-05-16,158,83851,51,45778,107,36098,0,1975,52,10221,106,37618,52,47839,California
Nevada,2021-05-17,502,84353,319,46097,152,36250,31,2006,216,10195,273,37891,247,48086,California
Nevada,2021-05-18,421,84774,255,46352,161,36411,5,2011,221,10222,198,38089,225,48311,California
Nevada,2021-05-19,495,85269,353,46705,137,36548,5,2016,254,10249,232,38321,259,48570,California
Nevada,2021-05-20,613,85882,358,47063,243,36791,12,2028,213,10079,395,38716,225,48795,California
Nevada,2021-05-21,513,86395,332,47395,170,36961,11,2039,224,10029,285,39001,235,49030,California
Nevada,2021-05-22,246,86641,38,47433,120,37081,88,2127,56,9983,190,39191,144,49174,California
Nevada,2021-05-23,51,86692,18,47451,33,37114,0,2127,17,9967,33,39224,17,49191,California
Nevada,2021-05-24,314,87006,219,47670,80,37194,15,2142,105,9881,206,39430,120,49311,California
Nevada,2021-05-25,345,87351,82,47752,250,37444,13,2155,85,9724,255,39685,98,49409,California
Nevada,2021-05-26,445,87796,194,47946,242,37686,9,2164,128,9551,310,39995,137,49546,California
Nevada,2021-05-27,437,88233,232,48178,184,37870,21,2185,184,9507,249,40244,205,49751,California
Nevada,2021-05-28,345,88578,218,48396,113,37983,14,2199,199,9577,143,40387,213,49964,California
Nevada,2021-05-29,65,88643,13,48409,52,38035,0,2199,41,9594,24,40411,41,50005,California
Nevada,2021-05-30,41,88684,19,48428,20,38055,2,2201,27,9609,14,40425,29,50034,California
Nevada,2021-05-31,6,88690,4,48432,0,38055,2,2203,2,9609,4,40429,4,50038,California
Nevada,2021-06-01,417,89107,128,48560,270,38325,19,2222,101,9422,307,40736,120,50158,California
Nevada,2021-06-02,399,89506,163,48723,229,38554,7,2229,103,9243,289,41025,110,50268,California
Nevada,2021-06-03,559,90065,399,49122,155,38709,5,2234,99,8892,455,41480,104,50372,California
Nevada,2021-06-04,537,90602,432,49554,101,38810,4,2238,109,8581,424,41904,113,50485,California
Nevada,2021-06-05,168,90770,66,49620,100,38910,2,2240,62,8541,104,42008,64,50549,California
Nevada,2021-06-06,54,90824,40,49660,14,38924,0,2240,13,8513,41,42049,13,50562,California
Nevada,2021-06-07,267,91091,194,49854,43,38967,30,2270,60,8401,202,42251,90,50652,California
Nevada,2021-06-08,284,91375,188,50042,84,39051,12,2282,65,8268,210,42461,77,50729,California
Nevada,2021-06-09,325,91700,218,50260,100,39151,7,2289,83,8121,237,42698,90,50819,California
Nevada,2021-06-10,275,91975,177,50437,88,39239,10,2299,73,8008,195,42893,82,50901,California
Nevada,2021-06-11,319,92294,225,50662,76,39315,18,2317,72,7854,243,43136,89,50990,California
Nevada,2021-06-12,87,92381,48,50710,34,39349,5,2322,23,7818,64,43200,28,51018,California
Nevada,2021-06-13,34,92415,18,50728,15,39364,1,2323,6,7797,28,43228,7,51025,California
Nevada,2021-06-14,178,92593,125,50853,43,39407,10,2333,49,7734,122,43350,59,51084,California
Nevada,2021-06-15,68,92661,38,50891,27,39434,3,2336,28,7728,37,43387,31,51115,California
Orange,2020-12-15,16,16,16,16,0,0,0,0,16,16,0,0,16,16,California
Orange,2020-12-16,389,405,389,405,0,0,0,0,389,405,0,0,389,405,California
Orange,2020-12-17,3753,4158,3753,4158,0,0,0,0,3752,4157,0,0,3752,4157,California
Orange,2020-12-18,5087,9245,5079,9237,8,8,0,0,5085,9241,1,1,5085,9242,California
Orange,2020-12-19,2226,11471,2219,11456,7,15,0,0,2225,11466,0,1,2225,11467,California
Orange,2020-12-20,1985,13456,1982,13438,3,18,0,0,1986,13452,0,1,1986,13453,California
Orange,2020-12-21,4271,17727,4265,17703,6,24,0,0,4271,17723,0,1,4271,17724,California
Orange,2020-12-22,3979,21706,3945,21648,34,58,0,0,3979,21702,0,1,3979,21703,California
Orange,2020-12-23,3587,25293,3222,24870,365,423,0,0,3588,25290,0,1,3588,25291,California
Orange,2020-12-24,1378,26671,1077,25947,301,724,0,0,1378,26668,0,1,1378,26669,California
Orange,2020-12-25,19,26690,14,25961,5,729,0,0,19,26687,0,1,19,26688,California
Orange,2020-12-26,995,27685,420,26381,575,1304,0,0,995,27682,0,1,995,27683,California
Orange,2020-12-27,584,28269,276,26657,308,1612,0,0,584,28266,0,1,584,28267,California
Orange,2020-12-28,3619,31888,2636,29293,983,2595,0,0,3619,31885,0,1,3619,31886,California
Orange,2020-12-29,3513,35401,2497,31790,1016,3611,0,0,3512,35396,1,2,3512,35398,California
Orange,2020-12-30,5118,40519,3543,35333,1575,5186,0,0,5118,40514,0,2,5118,40516,California
Orange,2020-12-31,1512,42031,810,36143,702,5888,0,0,1509,42020,3,5,1509,42025,California
Orange,2021-01-01,667,42698,366,36509,301,6189,0,0,665,42683,2,7,665,42690,California
Orange,2021-01-02,1357,44055,842,37351,515,6704,0,0,1357,44040,0,7,1357,44047,California
Orange,2021-01-03,584,44639,323,37674,261,6965,0,0,584,44624,0,7,584,44631,California
Orange,2021-01-04,2759,47398,1568,39242,1191,8156,0,0,2760,47383,1,8,2760,47391,California
Orange,2021-01-05,3543,50941,2305,41547,1238,9394,0,0,3131,50108,409,417,3134,50525,California
Orange,2021-01-06,5007,55948,3459,45006,1548,10942,0,0,3643,52399,1352,1769,3643,54168,California
Orange,2021-01-07,9299,65247,5183,50189,4116,15058,0,0,5711,54543,3574,5343,5718,59886,California
Orange,2021-01-08,9425,74672,5256,55445,4169,19227,0,0,5665,56464,3748,9091,5669,65555,California
Orange,2021-01-09,5029,79701,1749,57194,3280,22507,0,0,3746,58927,1283,10374,3746,69301,California
Orange,2021-01-10,4252,83953,1044,58238,3208,25715,0,0,3372,61424,879,11253,3376,72677,California
Orange,2021-01-11,9476,93429,4914,63152,4562,30277,0,0,5851,63649,3628,14881,5853,78530,California
Orange,2021-01-12,8948,102377,4834,67986,4114,34391,0,0,5473,65650,3473,18354,5474,84004,California
Orange,2021-01-13,10269,112646,4922,72908,5347,39738,0,0,7061,69513,3205,21559,7068,91072,California
Orange,2021-01-14,10028,122674,3800,76708,6228,45966,0,0,8430,76353,1596,23155,8436,99508,California
Orange,2021-01-15,10223,132897,2647,79355,7576,53542,0,0,9337,84803,893,24048,9343,108851,California
Orange,2021-01-16,8726,141623,2088,81443,6638,60180,0,0,8328,92741,396,24444,8334,117185,California
Orange,2021-01-17,8178,149801,1488,82931,6690,66870,0,0,8025,100623,153,24597,8035,125220,California
Orange,2021-01-18,9710,159511,4409,87340,5301,72171,0,0,7448,105812,2262,26859,7451,132671,California
Orange,2021-01-19,7543,167054,5469,92809,2074,74245,0,0,4907,108085,2635,29494,4908,137579,California
Orange,2021-01-20,8413,175467,5926,98735,2487,76732,0,0,5351,110386,3059,32553,5360,142939,California
Orange,2021-01-21,11059,186526,4930,103665,6129,82861,0,0,10226,119795,830,33383,10239,153178,California
Orange,2021-01-22,13745,200271,5176,108841,8569,91430,0,0,12876,131818,861,34244,12884,166062,California
Orange,2021-01-23,13159,213430,6194,115035,6965,98395,0,0,12223,143116,934,35178,12232,178294,California
Orange,2021-01-24,9827,223257,4289,119324,5538,103933,0,0,9493,152282,331,35509,9497,187791,California
Orange,2021-01-25,10443,233700,5853,125177,4590,108523,0,0,7700,157253,2735,38244,7706,195497,California
Orange,2021-01-26,11919,245619,7702,132879,4217,112740,0,0,9737,164818,2177,40421,9742,205239,California
Orange,2021-01-27,13495,259114,7996,140875,5499,118239,0,0,10762,172866,2721,43142,10769,216008,California
Orange,2021-01-28,13128,272242,7243,148118,5885,124124,0,0,11223,182210,1889,45031,11233,227241,California
Orange,2021-01-29,13714,285956,8511,156629,5203,129327,0,0,10795,190109,2901,47932,10800,238041,California
Orange,2021-01-30,13077,299033,4509,161138,8568,137895,0,0,12286,201624,774,48706,12289,250330,California
Orange,2021-01-31,13702,312735,4918,166056,8784,146679,0,0,13250,214436,446,49152,13258,263588,California
Orange,2021-02-01,14905,327640,6537,172593,8368,155047,0,0,12418,224400,2460,51612,12424,276012,California
Orange,2021-02-02,15054,342694,7975,180568,7079,162126,0,0,12577,234538,2443,54055,12581,288593,California
Orange,2021-02-03,16621,359315,12427,192995,4194,166320,0,0,13664,245331,2877,56932,13670,302263,California
Orange,2021-02-04,19976,379291,13081,206076,6895,173215,0,0,14864,255123,5080,62012,14872,317135,California
Orange,2021-02-05,20798,400089,12034,218110,8764,181979,0,0,14468,263313,6283,68295,14473,331608,California
Orange,2021-02-06,16411,416500,10852,228962,5559,187538,0,0,11128,269392,5268,73563,11347,342955,California
Orange,2021-02-07,11572,428072,8136,237098,3436,190974,0,0,7583,273172,3972,77535,7752,350707,California
Orange,2021-02-08,15089,443161,8692,245790,6397,197371,0,0,9039,276190,6022,83557,9040,359747,California
Orange,2021-02-09,17811,460972,12126,257916,5685,203056,0,0,10756,279971,6981,90538,10762,370509,California
Orange,2021-02-10,20939,481911,11201,269117,9738,212794,0,0,12724,284581,8123,98661,12733,383242,California
Orange,2021-02-11,22256,504167,11599,280716,10657,223451,0,0,12461,287399,9660,108321,12478,395720,California
Orange,2021-02-12,24921,529088,12014,292730,12907,236358,0,0,14650,291851,10204,118525,14656,410376,California
Orange,2021-02-13,22021,551109,11911,304641,10110,246468,0,0,11149,292927,10714,129239,11790,422166,California
Orange,2021-02-14,16192,567301,6543,311184,9649,256117,0,0,9548,295860,6616,135855,9549,431715,California
Orange,2021-02-15,17293,584594,7409,318593,9884,266001,0,0,8919,296461,8329,144184,8930,440645,California
Orange,2021-02-16,20013,604607,9008,327601,11005,277006,0,0,10778,298083,9181,153365,10803,451448,California
Orange,2021-02-17,17989,622596,9392,336993,8597,285603,0,0,9222,298626,8710,162075,9253,460701,California
Orange,2021-02-18,15091,637687,9909,346902,5182,290785,0,0,6840,297281,8195,170270,6850,467551,California
Orange,2021-02-19,18233,655920,10915,357817,7318,298103,0,0,6931,292979,11245,181515,6943,474494,California
Orange,2021-02-20,7547,663467,5634,363451,1913,300016,0,0,3790,293048,3732,185247,3801,478295,California
Orange,2021-02-21,4594,668061,3903,367354,691,300707,0,0,931,290359,3620,188867,931,479226,California
Orange,2021-02-22,9741,677802,7947,375301,1794,302501,0,0,3928,288525,5778,194645,3944,483170,California
Orange,2021-02-23,13394,691196,7341,382642,6053,308554,0,0,3515,282241,9811,204456,3527,486697,California
Orange,2021-02-24,21205,712401,12869,395511,8336,316890,0,0,5384,271890,15753,220209,5402,492099,California
Orange,2021-02-25,22783,735184,12337,407848,10446,327336,0,0,7999,265196,14709,234918,8015,500114,California
Orange,2021-02-26,27964,763148,14177,422025,13787,341123,0,0,11283,259960,16543,251461,11307,511421,California
Orange,2021-02-27,25172,788320,10239,432264,14930,356053,3,3,7320,249566,17732,269193,7338,518759,California
Orange,2021-02-28,19168,807488,7439,439703,11729,367782,0,3,4836,240216,14203,283396,4853,523612,California
Orange,2021-03-01,18757,826245,8560,448263,10182,377964,15,18,7275,236145,11376,294772,7305,530917,California
Orange,2021-03-02,19388,845633,9362,457625,10023,387987,3,21,9477,235801,9853,304625,9509,540426,California
Orange,2021-03-03,21051,866684,10015,467640,11031,399018,5,26,11344,237546,9624,314249,11369,551795,California
Orange,2021-03-04,22690,889374,13064,480704,9612,408630,14,40,11741,238419,10907,325156,11780,563575,California
Orange,2021-03-05,21152,910526,11043,491747,10061,418691,48,88,12974,243371,8130,333286,13082,576657,California
Orange,2021-03-06,24219,934745,13336,505083,10007,428698,876,964,12796,245693,11375,344661,13697,590354,California
Orange,2021-03-07,15307,950052,8589,513672,6306,435004,412,1376,8954,248767,6312,350973,9386,599740,California
Orange,2021-03-08,16836,966888,7773,521445,7748,442752,1315,2691,10802,254941,5969,356942,12143,611883,California
Orange,2021-03-09,21147,988035,9763,531208,8902,451654,2482,5173,12499,261312,8605,365547,14976,626859,California
Orange,2021-03-10,24869,1012904,12205,543413,9193,460847,3471,8644,12554,265079,12248,377795,16015,642874,California
Orange,2021-03-11,29123,1042027,15750,559163,9137,469984,4236,12880,13486,267260,15534,393329,17715,660589,California
Orange,2021-03-12,29483,1071510,14339,573502,11263,481247,3881,16761,14799,271368,14592,407921,18700,679289,California
Orange,2021-03-13,27929,1099439,10267,583769,13701,494948,3961,20722,14119,275701,13746,421667,18079,697368,California
Orange,2021-03-14,18958,1118397,8236,592005,8172,503120,2550,23272,11846,283000,7079,428746,14378,711746,California
Orange,2021-03-15,23140,1141537,10182,602187,12193,515313,765,24037,14421,289548,8629,437375,15177,726923,California
Orange,2021-03-16,26468,1168005,11177,613364,15060,530373,231,24268,17167,297734,9217,446592,17403,744326,California
Orange,2021-03-17,27467,1195472,13650,627014,13228,543601,589,24857,19529,309989,7858,454450,20113,764439,California
Orange,2021-03-18,27833,1223305,13977,640991,13579,557180,277,25134,21650,325806,6114,460564,21931,786370,California
Orange,2021-03-19,33650,1256955,18457,659448,14739,571919,454,25588,24941,342624,8590,469154,25408,811778,California
Orange,2021-03-20,25867,1282822,13619,673067,12039,583958,209,25797,22037,361114,3762,472916,22252,834030,California
Orange,2021-03-21,18565,1301387,10722,683789,7104,591062,739,26536,15758,374837,2772,475688,16495,850525,California
Orange,2021-03-22,22788,1324175,11809,695598,10660,601722,319,26855,19183,390845,3503,479191,19511,870036,California
Orange,2021-03-23,26059,1350234,13543,709141,11872,613594,644,27499,20679,406874,5297,484488,21326,891362,California
Orange,2021-03-24,29256,1379490,16363,725504,11965,625559,928,28427,22042,422726,7119,491607,22971,914333,California
Orange,2021-03-25,32516,1412006,17264,742768,14540,640099,712,29139,24237,439499,8176,499783,24949,939282,California
Orange,2021-03-26,34960,1446966,18151,760919,15939,656038,870,30009,24876,455284,9965,509748,25750,965032,California
Orange,2021-03-27,28537,1475503,13665,774584,14555,670593,317,30326,19791,466742,8651,518399,20109,985141,California
Orange,2021-03-28,24919,1500422,12948,787532,11903,682496,68,30394,18614,479204,6224,524623,18686,1003827,California
Orange,2021-03-29,26567,1526989,12157,799689,13843,696339,567,30961,17791,488892,8673,533296,18361,1022188,California
Orange,2021-03-30,30912,1557901,13972,813661,16308,712647,632,31593,20417,499541,10399,543695,21048,1043236,California
Orange,2021-03-31,37186,1595087,19527,833188,16944,729591,715,32308,23664,510524,13399,557094,24382,1067618,California
Orange,2021-04-01,40655,1635742,21356,854544,17419,747010,1880,34188,26214,524343,14261,571355,28080,1095698,California
Orange,2021-04-02,40188,1675930,20280,874824,18089,765099,1819,36007,22684,531457,17393,588748,24507,1120205,California
Orange,2021-04-03,30238,1706168,15740,890564,12754,777853,1744,37751,14275,531593,15873,604621,16009,1136214,California
Orange,2021-04-04,18482,1724650,10734,901298,6981,784834,767,38518,8157,530248,10265,614886,8920,1145134,California
Orange,2021-04-05,30078,1754728,14052,915350,12622,797456,3404,41922,13815,531277,16175,631061,17204,1162338,California
Orange,2021-04-06,33463,1788191,15651,931001,14378,811834,3434,45356,14360,530043,19006,650067,17772,1180110,California
Orange,2021-04-07,36228,1824419,20174,951175,11466,823300,4588,49944,15986,530434,20149,670216,20540,1200650,California
Orange,2021-04-08,39258,1863677,21739,972914,12045,835345,5474,55418,19043,534821,20097,690313,24484,1225134,California
Orange,2021-04-09,41111,1904788,23918,996832,11956,847301,5237,60655,18175,535378,22826,713139,23383,1248517,California
Orange,2021-04-10,34652,1939440,18325,1015157,12082,859383,4245,64900,14369,533779,20185,733324,18586,1267103,California
Orange,2021-04-11,25776,1965216,14593,1029750,7907,867290,3276,68176,9880,531075,15839,749163,13135,1280238,California
Orange,2021-04-12,30674,1995890,15519,1045269,11555,878845,3600,71776,12069,528192,18526,767689,15643,1295881,California
Orange,2021-04-13,32698,2028588,18427,1063696,14202,893047,69,71845,15227,526136,17396,785085,15340,1311221,California
Orange,2021-04-14,34881,2063469,20463,1084159,14382,907429,36,71881,15175,521764,19598,804683,15226,1326447,California
Orange,2021-04-15,40654,2104123,24760,1108919,15880,923309,14,71895,18925,519132,21612,826295,18980,1345427,California
Orange,2021-04-16,41622,2145745,24461,1133380,17133,940442,28,71923,18786,515378,22720,849015,18966,1364393,California
Orange,2021-04-17,30424,2176169,17201,1150581,13216,953658,7,71930,13307,511800,16986,866001,13408,1377801,California
Orange,2021-04-18,21527,2197696,13024,1163605,8503,962161,0,71930,8504,507372,12965,878966,8537,1386338,California
Orange,2021-04-19,32439,2230135,17926,1181531,14509,976670,4,71934,14896,504835,17443,896409,14906,1401244,California
Orange,2021-04-20,35216,2265351,18300,1199831,16910,993580,6,71940,17622,504957,17507,913916,17629,1418873,California
Orange,2021-04-21,40707,2306058,23457,1223288,17241,1010821,9,71949,19305,502988,21286,935202,19317,1438190,California
Orange,2021-04-22,39250,2345308,20725,1244013,18515,1029336,10,71959,16300,496487,22815,958017,16314,1454504,California
Orange,2021-04-23,40186,2385494,20805,1264818,19374,1048710,7,71966,17928,492288,22138,980155,17939,1472443,California
Orange,2021-04-24,31987,2417481,16722,1281540,15233,1063943,32,71998,13407,487235,18494,998649,13441,1485884,California
Orange,2021-04-25,22965,2440446,12969,1294509,9981,1073924,15,72013,9819,483992,13082,1011731,9839,1495723,California
Orange,2021-04-26,28716,2469162,14035,1308544,14485,1088409,196,72209,12456,480498,16146,1027877,12652,1508375,California
Orange,2021-04-27,31188,2500350,14634,1323178,15924,1104333,630,72839,11802,473717,19218,1047095,12437,1520812,California
Orange,2021-04-28,30873,2531223,15462,1338640,14532,1118865,879,73718,12395,468641,18345,1065440,13269,1534081,California
Orange,2021-04-29,31892,2563115,17414,1356054,13518,1132383,960,74678,11327,460463,20456,1085896,12278,1546359,California
Orange,2021-04-30,29831,2592946,17025,1373079,11864,1144247,942,75620,12691,457056,17032,1102928,13625,1559984,California
Orange,2021-05-01,22858,2615804,15682,1388761,6192,1150439,984,76604,8742,452773,14000,1116928,9717,1569701,California
Orange,2021-05-02,15383,2631187,10236,1398997,4501,1154940,646,77250,5359,448816,9957,1126885,6000,1575701,California
Orange,2021-05-03,20581,2651768,12565,1411562,7258,1162198,758,78008,6465,442011,14026,1140911,7221,1582922,California
Orange,2021-05-04,23602,2675370,13475,1425037,9219,1171417,908,78916,8159,435731,15331,1156242,9051,1591973,California
Orange,2021-05-05,24723,2700093,13805,1438842,10023,1181440,895,79811,7989,428012,16602,1172844,8883,1600856,California
Orange,2021-05-06,26397,2726490,15970,1454812,9426,1190866,1001,80812,7272,417287,18990,1191834,8265,1609121,California
Orange,2021-05-07,28825,2755315,17316,1472128,10464,1201330,1045,81857,8053,405823,20558,1212392,9094,1618215,California
Orange,2021-05-08,18498,2773813,12251,1484379,5458,1206788,789,82646,5410,399048,12965,1225357,6190,1624405,California
Orange,2021-05-09,10957,2784770,8332,1492711,2254,1209042,371,83017,2874,394257,8036,1233393,3245,1627650,California
Orange,2021-05-10,19066,2803836,11633,1504344,6658,1215700,775,83792,4272,384604,14700,1248093,5047,1632697,California
Orange,2021-05-11,21934,2825770,12134,1516478,9077,1224777,723,84515,5300,374088,16533,1264626,6017,1638714,California
Orange,2021-05-12,23744,2849514,14710,1531188,8203,1232980,831,85346,6816,364933,16801,1281427,7646,1646360,California
Orange,2021-05-13,21673,2871187,13422,1544610,7672,1240652,579,85925,8140,360225,13429,1294856,8721,1655081,California
Orange,2021-05-14,25789,2896976,16878,1561488,8109,1248761,802,86727,10422,356177,15265,1310121,11217,1666298,California
Orange,2021-05-15,19905,2916881,14357,1575845,4998,1253759,550,87277,8037,352953,11803,1321924,8579,1674877,California
Orange,2021-05-16,15161,2932042,12468,1588313,2354,1256113,339,87616,6456,351094,8653,1330577,6794,1681671,California
Orange,2021-05-17,19307,2951349,12643,1600956,5968,1262081,696,88312,6880,346294,12362,1342939,7562,1689233,California
Orange,2021-05-18,20461,2971810,11907,1612863,7886,1269967,668,88980,8054,342690,12316,1355255,8712,1697945,California
Orange,2021-05-19,22429,2994239,12823,1625686,8938,1278905,668,89648,7906,336846,14408,1369663,8564,1706509,California
Orange,2021-05-20,22289,3016528,13054,1638740,8571,1287476,664,90312,7818,330963,14363,1384026,8480,1714989,California
Orange,2021-05-21,25318,3041846,14433,1653173,10167,1297643,718,91030,8409,323285,16804,1400830,9126,1724115,California
Orange,2021-05-22,18157,3060003,12066,1665239,5552,1303195,539,91569,6883,319522,11184,1412014,7421,1731536,California
Orange,2021-05-23,9747,3069750,6687,1671926,2787,1305982,273,91842,3442,316976,6262,1418276,3716,1735252,California
Orange,2021-05-24,15320,3085070,8995,1680921,5709,1311691,616,92458,5674,313707,9554,1427830,6285,1741537,California
Orange,2021-05-25,15574,3100644,9168,1690089,5885,1317576,521,92979,5618,309995,9846,1437676,6134,1747671,California
Orange,2021-05-26,15183,3115827,8513,1698602,6178,1323754,492,93471,5688,306760,9411,1447087,6176,1753847,California
Orange,2021-05-27,14341,3130168,8611,1707213,5174,1328928,556,94027,6381,305790,7891,1454978,6921,1760768,California
Orange,2021-05-28,16698,3146866,9836,1717049,6236,1335164,626,94653,7387,304574,9220,1464198,8004,1768772,California
Orange,2021-05-29,8933,3155799,5228,1722277,3349,1338513,356,95009,4123,304292,4755,1468953,4473,1773245,California
Orange,2021-05-30,5976,3161775,3884,1726161,1818,1340331,274,95283,2162,302946,3779,1472732,2433,1775678,California
Orange,2021-05-31,1705,3163480,1050,1727211,608,1340939,47,95330,556,302416,1132,1473864,602,1776280,California
Orange,2021-06-01,13325,3176805,7719,1734930,5120,1346059,486,95816,5136,299943,8090,1481954,5617,1781897,California
Orange,2021-06-02,12953,3189758,8024,1742954,4511,1350570,418,96234,4527,296602,8280,1490234,4939,1786836,California
Orange,2021-06-03,12793,3202551,8823,1751777,3519,1354089,451,96685,4483,293281,8247,1498481,4926,1791762,California
Orange,2021-06-04,16817,3219368,11870,1763647,4373,1358462,574,97259,5277,287670,11461,1509942,5850,1797612,California
Orange,2021-06-05,12818,3232186,9660,1773307,2782,1361244,376,97635,3968,283215,8797,1518739,4342,1801954,California
Orange,2021-06-06,5292,3237478,4507,1777814,595,1361839,190,97825,1933,282000,3338,1522077,2123,1804077,California
Orange,2021-06-07,10717,3248195,7573,1785387,2684,1364523,460,98285,3449,278702,7197,1529274,3899,1807976,California
Orange,2021-06-08,12085,3260280,8698,1794085,2880,1367403,507,98792,3792,274795,8207,1537481,4300,1812276,California
Orange,2021-06-09,11580,3271860,8024,1802109,3113,1370516,443,99235,3272,270275,8230,1545711,3710,1815986,California
Orange,2021-06-10,11378,3283238,8335,1810444,2590,1373106,453,99688,3369,266137,7957,1553668,3819,1819805,California
Orange,2021-06-11,12998,3296236,9143,1819587,3364,1376470,491,100179,4260,262230,8653,1562321,4746,1824551,California
Orange,2021-06-12,9474,3305710,7234,1826821,1930,1378400,310,100489,2851,258814,6577,1568898,3161,1827712,California
Orange,2021-06-13,3973,3309683,2883,1829704,929,1379329,161,100650,1025,257087,2912,1571810,1185,1828897,California
Orange,2021-06-14,8114,3317797,5702,1835406,2017,1381346,395,101045,2598,254608,5470,1577280,2991,1831888,California
Orange,2021-06-15,3427,3321224,2513,1837919,732,1382078,182,101227,1075,253538,2328,1579608,1258,1833146,California
Placer,2020-12-15,29,29,29,29,0,0,0,0,29,29,0,0,29,29,California
Placer,2020-12-16,54,83,54,83,0,0,0,0,54,83,0,0,54,83,California
Placer,2020-12-17,149,232,149,232,0,0,0,0,149,232,0,0,149,232,California
Placer,2020-12-18,426,658,426,658,0,0,0,0,426,658,0,0,426,658,California
Placer,2020-12-19,253,911,253,911,0,0,0,0,253,911,0,0,253,911,California
Placer,2020-12-20,229,1140,229,1140,0,0,0,0,229,1140,0,0,229,1140,California
Placer,2020-12-21,505,1645,503,1643,2,2,0,0,505,1645,0,0,505,1645,California
Placer,2020-12-22,679,2324,672,2315,7,9,0,0,679,2324,0,0,679,2324,California
Placer,2020-12-23,750,3074,662,2977,88,97,0,0,750,3074,0,0,750,3074,California
Placer,2020-12-24,409,3483,358,3335,51,148,0,0,409,3483,0,0,409,3483,California
Placer,2020-12-26,163,3646,118,3453,45,193,0,0,163,3646,0,0,163,3646,California
Placer,2020-12-27,182,3828,161,3614,21,214,0,0,182,3828,0,0,182,3828,California
Placer,2020-12-28,672,4500,548,4162,124,338,0,0,672,4500,0,0,672,4500,California
Placer,2020-12-29,769,5269,521,4683,248,586,0,0,769,5269,0,0,769,5269,California
Placer,2020-12-30,736,6005,461,5144,275,861,0,0,735,6004,0,0,735,6004,California
Placer,2020-12-31,546,6551,360,5504,186,1047,0,0,546,6550,0,0,546,6550,California
Placer,2021-01-01,16,6567,12,5516,4,1051,0,0,16,6566,0,0,16,6566,California
Placer,2021-01-02,190,6757,158,5674,32,1083,0,0,190,6756,0,0,190,6756,California
Placer,2021-01-03,154,6911,77,5751,77,1160,0,0,154,6910,0,0,154,6910,California
Placer,2021-01-04,627,7538,185,5936,442,1602,0,0,627,7537,0,0,627,7537,California
Placer,2021-01-05,722,8260,158,6094,564,2166,0,0,635,8087,86,86,636,8173,California
Placer,2021-01-06,761,9021,244,6338,517,2683,0,0,612,8550,149,235,612,8785,California
Placer,2021-01-07,983,10004,368,6706,615,3298,0,0,756,9079,227,462,756,9541,California
Placer,2021-01-08,1179,11183,527,7233,652,3950,0,0,787,9477,389,851,787,10328,California
Placer,2021-01-09,455,11638,323,7556,132,4082,0,0,237,9497,217,1068,237,10565,California
Placer,2021-01-10,335,11973,185,7741,150,4232,0,0,168,9498,167,1235,168,10733,California
Placer,2021-01-11,1434,13407,812,8553,622,4854,0,0,841,9747,593,1828,842,11575,California
Placer,2021-01-12,1661,15068,876,9429,785,5639,0,0,1059,10206,601,2429,1060,12635,California
Placer,2021-01-13,1640,16708,823,10252,817,6456,0,0,1215,11002,423,2852,1219,13854,California
Placer,2021-01-14,1811,18519,689,10941,1122,7578,0,0,1430,12058,378,3230,1434,15288,California
Placer,2021-01-15,1946,20465,731,11672,1215,8793,0,0,1588,13291,357,3587,1590,16878,California
Placer,2021-01-16,1450,21915,717,12389,733,9526,0,0,1328,14498,122,3709,1329,18207,California
Placer,2021-01-17,576,22491,397,12786,179,9705,0,0,437,14796,139,3848,437,18644,California
Placer,2021-01-18,992,23483,554,13340,438,10143,0,0,750,15305,242,4090,751,19395,California
Placer,2021-01-19,2644,26127,1977,15317,667,10810,0,0,2186,17034,458,4548,2187,21582,California
Placer,2021-01-20,2305,28432,1728,17045,577,11387,0,0,1965,18660,340,4888,1966,23548,California
Placer,2021-01-21,2596,31028,1144,18189,1452,12839,0,0,2197,20464,397,5285,2201,25749,California
Placer,2021-01-22,2364,33392,651,18840,1713,14552,0,0,2188,22479,174,5459,2189,27938,California
Placer,2021-01-23,1187,34579,385,19225,802,15354,0,0,1028,23348,159,5618,1028,28966,California
Placer,2021-01-24,502,35081,257,19482,245,15599,0,0,430,23707,72,5690,431,29397,California
Placer,2021-01-25,1692,36773,819,20301,873,16472,0,0,1395,24806,297,5987,1396,30793,California
Placer,2021-01-26,1871,38644,1035,21336,836,17308,0,0,1603,26141,268,6255,1603,32396,California
Placer,2021-01-27,1840,40484,1153,22489,687,17995,0,0,1590,27484,248,6503,1591,33987,California
Placer,2021-01-28,1806,42290,1120,23609,686,18681,0,0,1561,28802,243,6746,1561,35548,California
Placer,2021-01-29,1905,44195,1169,24778,736,19417,0,0,1710,30320,194,6940,1712,37260,California
Placer,2021-01-30,1724,45919,969,25747,755,20172,0,0,1603,31803,120,7060,1603,38863,California
Placer,2021-01-31,784,46703,623,26370,161,20333,0,0,712,32444,72,7132,713,39576,California
Placer,2021-02-01,2082,48785,1091,27461,991,21324,0,0,1763,33889,318,7450,1763,41339,California
Placer,2021-02-02,2387,51172,1541,29002,846,22170,0,0,1891,35287,493,7943,1891,43230,California
Placer,2021-02-03,2924,54096,1889,30891,1035,23205,0,0,2298,36963,622,8565,2298,45528,California
Placer,2021-02-04,2735,56831,1183,32074,1552,24757,0,0,1907,38047,824,9389,1908,47436,California
Placer,2021-02-05,2708,59539,1211,33285,1497,26254,0,0,1372,38088,1331,10720,1372,48808,California
Placer,2021-02-06,1949,61488,1316,34601,633,26887,0,0,1400,38939,549,11269,1400,50208,California
Placer,2021-02-07,1188,62676,873,35474,315,27202,0,0,899,39550,288,11557,899,51107,California
Placer,2021-02-08,3295,65971,1766,37240,1529,28731,0,0,1930,40123,1358,12915,1931,53038,California
Placer,2021-02-09,3542,69513,2175,39415,1367,30098,0,0,1614,39812,1925,14840,1614,54652,California
Placer,2021-02-10,3762,73275,2207,41622,1555,31653,0,0,1745,39545,2014,16854,1747,56399,California
Placer,2021-02-11,3698,76973,1913,43535,1785,33438,0,0,1556,38973,2129,18983,1557,57956,California
Placer,2021-02-12,2845,79818,1327,44862,1518,34956,0,0,1663,39492,1145,20128,1664,59620,California
Placer,2021-02-13,2502,82320,1458,46320,1044,36000,0,0,1875,40740,627,20755,1875,61495,California
Placer,2021-02-14,1090,83410,678,46998,412,36412,0,0,736,41124,352,21107,736,62231,California
Placer,2021-02-15,2239,85649,1034,48032,1205,37617,0,0,1521,41929,718,21825,1523,63754,California
Placer,2021-02-16,3563,89212,1775,49807,1788,39405,0,0,1571,41518,1983,23808,1572,65326,California
Placer,2021-02-17,3535,92747,1954,51761,1581,40986,0,0,1496,40980,2035,25843,1497,66823,California
Placer,2021-02-18,3805,96552,2054,53815,1751,42737,0,0,1611,40408,2184,28027,1612,68435,California
Placer,2021-02-19,3624,100176,1931,55746,1693,44430,0,0,1352,39493,2268,30295,1353,69788,California
Placer,2021-02-20,2028,102204,1270,57016,758,45188,0,0,921,39317,1100,31395,924,70712,California
Placer,2021-02-21,997,103201,735,57751,262,45450,0,0,291,38906,703,32098,292,71004,California
Placer,2021-02-22,2553,105754,1793,59544,760,46210,0,0,614,37581,1939,34037,614,71618,California
Placer,2021-02-23,2579,108333,1605,61149,974,47184,0,0,893,36789,1685,35722,893,72511,California
Placer,2021-02-24,3329,111662,1184,62333,2145,49329,0,0,1830,37131,1490,37212,1832,74343,California
Placer,2021-02-25,3732,115394,1540,63873,2192,51521,0,0,2053,37515,1671,38883,2055,76398,California
Placer,2021-02-26,4258,119652,2461,66334,1797,53318,0,0,2461,38183,1793,40676,2461,78859,California
Placer,2021-02-27,2880,122532,1518,67852,1362,54680,0,0,1479,38270,1395,42071,1482,80341,California
Placer,2021-02-28,1544,124076,845,68697,699,55379,0,0,723,38177,816,42887,723,81064,California
Placer,2021-03-01,3192,127268,2126,70823,1066,56445,0,0,1624,38241,1560,44447,1624,82688,California
Placer,2021-03-02,2872,130140,1766,72589,1106,57551,0,0,1886,39146,981,45428,1886,84574,California
Placer,2021-03-03,3362,133502,1464,74053,1898,59449,0,0,1845,39482,1510,46938,1846,86420,California
Placer,2021-03-04,3603,137105,1449,75502,2154,61603,0,0,1879,39649,1713,48651,1880,88300,California
Placer,2021-03-05,2979,140084,1025,76527,1933,63536,21,21,1797,40288,1179,49830,1818,90118,California
Placer,2021-03-06,2425,142509,1503,78030,825,64361,97,118,930,39828,1487,51317,1027,91145,California
Placer,2021-03-07,1317,143826,764,78794,515,64876,38,156,543,39638,771,52088,581,91726,California
Placer,2021-03-08,2889,146715,1816,80610,961,65837,112,268,1645,40153,1242,53330,1757,93483,California
Placer,2021-03-09,3168,149883,1690,82300,1393,67230,85,353,1834,40740,1332,54662,1919,95402,California
Placer,2021-03-10,3294,153177,1327,83627,1862,69092,105,458,1730,41017,1558,56220,1835,97237,California
Placer,2021-03-11,3635,156812,1653,85280,1855,70947,127,585,1751,41022,1875,58095,1880,99117,California
Placer,2021-03-12,3699,160511,1500,86780,1418,72365,781,1366,1252,40616,2440,60535,2034,101151,California
Placer,2021-03-13,2131,162642,746,87526,1262,73627,123,1489,1111,40834,1017,61552,1235,102386,California
Placer,2021-03-14,1657,164299,681,88207,826,74453,150,1639,901,41129,756,62308,1051,103437,California
Placer,2021-03-15,3227,167526,1555,89762,1540,75993,132,1771,1781,41601,1442,63750,1914,105351,California
Placer,2021-03-16,3595,171121,1933,91695,1528,77521,134,1905,2279,42709,1304,65054,2412,107763,California
Placer,2021-03-17,3487,174608,1763,93458,1620,79141,104,2009,2244,43818,1240,66294,2349,110112,California
Placer,2021-03-18,4102,178710,2335,95793,1728,80869,39,2048,2863,45487,1232,67526,2901,113013,California
Placer,2021-03-19,3458,182168,2073,97866,1120,81989,265,2313,2151,46602,1299,68825,2414,115427,California
Placer,2021-03-20,2161,184329,913,98779,1158,83147,90,2403,1325,47185,831,69656,1414,116841,California
Placer,2021-03-21,1267,185596,582,99361,675,83822,10,2413,879,47689,385,70041,889,117730,California
Placer,2021-03-22,3303,188899,2120,101481,1091,84913,92,2505,2143,48768,1156,71197,2235,119965,California
Placer,2021-03-23,3549,192448,2107,103588,1353,86266,89,2594,2529,50372,1015,72212,2619,122584,California
Placer,2021-03-24,3810,196258,1999,105587,1712,87978,99,2693,1924,50530,1865,74077,2023,124607,California
Placer,2021-03-25,3851,200109,1856,107443,1898,89876,97,2790,1725,50236,2115,76192,1821,126428,California
Placer,2021-03-26,3762,203871,1664,109107,1868,91744,230,3020,1506,49731,2241,78433,1736,128164,California
Placer,2021-03-27,1580,205451,466,109573,1094,92838,20,3040,604,49385,969,79402,623,128787,California
Placer,2021-03-28,1098,206549,530,110103,559,93397,9,3049,307,48915,786,80188,316,129103,California
Placer,2021-03-29,3567,210116,2003,112106,1529,94926,35,3084,1733,48861,1825,82013,1771,130874,California
Placer,2021-03-30,3983,214099,2102,114208,1837,96763,44,3128,2084,49103,1885,83898,2127,133001,California
Placer,2021-03-31,4110,218209,1837,116045,2197,98960,76,3204,1680,48435,2423,86321,1755,134756,California
Placer,2021-04-01,2984,221193,1442,117487,1494,100454,48,3252,1660,48825,1318,87639,1708,136464,California
Placer,2021-04-02,2840,224033,1471,118958,1304,101758,65,3317,1582,49220,1251,88890,1646,138110,California
Placer,2021-04-03,1844,225877,988,119946,727,102485,129,3446,888,49287,948,89838,1015,139125,California
Placer,2021-04-04,707,226584,358,120304,295,102780,54,3500,281,49199,423,90261,335,139460,California
Placer,2021-04-05,3022,229606,1911,122215,928,103708,183,3683,1752,49869,1264,91525,1934,141394,California
Placer,2021-04-06,4286,233892,2485,124700,1502,105210,299,3982,1511,48911,2767,94292,1809,143203,California
Placer,2021-04-07,4562,238454,2606,127306,1498,106708,458,4440,2070,48950,2485,96777,2524,145727,California
Placer,2021-04-08,4731,243185,2620,129926,1571,108279,540,4980,1583,47934,3137,99914,2121,147848,California
Placer,2021-04-09,4130,247315,2272,132198,1238,109517,620,5600,1241,46916,2881,102795,1863,149711,California
Placer,2021-04-10,2045,249360,894,133092,969,110486,182,5782,869,46793,1173,103968,1050,150761,California
Placer,2021-04-11,1372,250732,533,133625,807,111293,32,5814,459,46374,909,104877,490,151251,California
Placer,2021-04-12,4113,254845,2654,136279,1074,112367,385,6199,2470,47593,1635,106512,2854,154105,California
Placer,2021-04-13,4377,259222,3014,139293,1362,113729,1,6200,2219,47660,2154,108666,2221,156326,California
Placer,2021-04-14,4178,263400,2582,141875,1595,115324,1,6201,1869,47231,2299,110965,1870,158196,California
Placer,2021-04-15,4515,267915,2524,144399,1990,117314,1,6202,2362,47451,2143,113108,2363,160559,California
Placer,2021-04-16,3674,271589,2183,146582,1491,118805,0,6202,1429,46641,2239,115347,1429,161988,California
Placer,2021-04-17,2432,274021,842,147424,1590,120395,0,6202,1516,47246,911,116258,1516,163504,California
Placer,2021-04-18,1188,275209,257,147681,931,121326,0,6202,408,46876,778,117036,408,163912,California
Placer,2021-04-19,2938,278147,1803,149484,1135,122461,0,6202,1152,46247,1782,118818,1153,165065,California
Placer,2021-04-20,3818,281965,2468,151952,1350,123811,0,6202,2421,47280,1388,120206,2421,167486,California
Placer,2021-04-21,3670,285635,2404,154356,1265,125076,1,6203,2390,48394,1277,121483,2391,169877,California
Placer,2021-04-22,3661,289296,2275,156631,1386,126462,0,6203,1741,48218,1917,123400,1741,171618,California
Placer,2021-04-23,3509,292805,2320,158951,1188,127650,1,6204,1370,47457,2132,125532,1371,172989,California
Placer,2021-04-24,2086,294891,1265,160216,820,128470,1,6205,1215,47810,862,126394,1215,174204,California
Placer,2021-04-25,907,295798,501,160717,406,128876,0,6205,560,48023,347,126741,560,174764,California
Placer,2021-04-26,2481,298279,1330,162047,1128,130004,23,6228,1213,47999,1259,128000,1235,175999,California
Placer,2021-04-27,2729,301008,1421,163468,1259,131263,49,6277,1549,48421,1176,129176,1598,177597,California
Placer,2021-04-28,3000,304008,1884,165352,1079,132342,37,6314,1599,48667,1391,130567,1637,179234,California
Placer,2021-04-29,3368,307376,2181,167533,1133,133475,54,6368,1405,48169,1957,132524,1459,180693,California
Placer,2021-04-30,2972,310348,1795,169328,1128,134603,49,6417,1186,47624,1780,134304,1235,181928,California
Placer,2021-05-01,1326,311674,930,170258,370,134973,26,6443,603,47535,717,135021,628,182556,California
Placer,2021-05-02,734,312408,575,170833,137,135110,22,6465,334,47493,398,135419,356,182912,California
Placer,2021-05-03,1604,314012,985,171818,552,135662,67,6532,435,46828,1166,136585,501,183413,California
Placer,2021-05-04,2307,316319,1300,173118,843,136505,164,6696,864,46419,1437,138022,1028,184441,California
Placer,2021-05-05,3675,319994,2485,175603,1086,137591,104,6800,965,44785,2703,140725,1069,185510,California
Placer,2021-05-06,3090,323084,1892,177495,1121,138712,77,6877,809,43416,2255,142980,886,186396,California
Placer,2021-05-07,2810,325894,1896,179391,823,139535,91,6968,796,42299,2004,144984,887,187283,California
Placer,2021-05-08,1328,327222,712,180103,575,140110,41,7009,396,41803,931,145915,435,187718,California
Placer,2021-05-09,434,327656,203,180306,211,140321,20,7029,213,41814,221,146136,232,187950,California
Placer,2021-05-10,1915,329571,1021,181327,798,141119,96,7125,429,40858,1481,147617,525,188475,California
Placer,2021-05-11,2903,332474,2076,183403,711,141830,116,7241,616,39313,2277,149894,732,189207,California
Placer,2021-05-12,2886,335360,1994,185397,835,142665,57,7298,731,37954,2148,152042,789,189996,California
Placer,2021-05-13,2861,338221,1855,187252,958,143623,48,7346,1035,37212,1824,153866,1082,191078,California
Placer,2021-05-14,2797,341018,1861,189113,802,144425,134,7480,1387,37333,1395,155261,1516,192594,California
Placer,2021-05-15,2057,343075,1346,190459,686,145111,25,7505,909,37125,1142,156403,934,193528,California
Placer,2021-05-16,1010,344085,529,190988,462,145573,19,7524,345,36826,663,157066,364,193892,California
Placer,2021-05-17,2364,346449,1574,192562,715,146288,75,7599,1030,36601,1330,158396,1105,194997,California
Placer,2021-05-18,2486,348935,1673,194235,734,147022,79,7678,1127,36452,1355,159751,1206,196203,California
Placer,2021-05-19,2512,351447,1594,195829,872,147894,46,7724,880,35751,1627,161378,926,197129,California
Placer,2021-05-20,2510,353957,1634,197463,828,148722,48,7772,886,35067,1616,162994,932,198061,California
Placer,2021-05-21,2442,356399,1524,198987,772,149494,146,7918,1083,34943,1351,164345,1227,199288,California
Placer,2021-05-22,1595,357994,1050,200037,502,149996,43,7961,753,34902,837,165182,796,200084,California
Placer,2021-05-23,578,358572,328,200365,235,150231,15,7976,263,34867,314,165496,279,200363,California
Placer,2021-05-24,1479,360051,741,201106,603,150834,135,8111,427,34380,1049,166545,562,200925,California
Placer,2021-05-25,1780,361831,940,202046,742,151576,98,8209,647,33999,1126,167671,745,201670,California
Placer,2021-05-26,1577,363408,905,202951,631,152207,41,8250,619,33707,953,168624,661,202331,California
Placer,2021-05-27,1440,364848,708,203659,689,152896,43,8293,657,33633,774,169398,700,203031,California
Placer,2021-05-28,1684,366532,856,204515,732,153628,96,8389,720,33490,959,170357,816,203847,California
Placer,2021-05-29,725,367257,402,204917,292,153920,31,8420,362,33523,359,170716,392,204239,California
Placer,2021-05-30,339,367596,231,205148,94,154014,14,8434,219,33637,119,170835,233,204472,California
Placer,2021-05-31,145,367741,67,205215,61,154075,17,8451,28,33565,116,170951,44,204516,California
Placer,2021-06-01,1677,369418,882,206097,722,154797,73,8524,629,33224,1043,171994,702,205218,California
Placer,2021-06-02,1495,370913,762,206859,666,155463,67,8591,484,32765,1010,173004,551,205769,California
Placer,2021-06-03,1690,372603,1036,207895,596,156059,58,8649,430,31996,1256,174260,487,206256,California
Placer,2021-06-04,1864,374467,1325,209220,485,156544,54,8703,461,31115,1394,175654,513,206769,California
Placer,2021-06-05,1087,375554,771,209991,275,156819,41,8744,277,30627,806,176460,318,207087,California
Placer,2021-06-06,477,376031,339,210330,121,156940,17,8761,121,30410,355,176815,138,207225,California
Placer,2021-06-07,1048,377079,717,211047,260,157200,71,8832,227,29888,818,177633,296,207521,California
Placer,2021-06-08,1713,378792,1315,212362,349,157549,49,8881,429,29084,1281,178914,477,207998,California
Placer,2021-06-09,1138,379930,816,213178,268,157817,54,8935,253,28509,882,179796,307,208305,California
Placer,2021-06-10,1189,381119,811,213989,313,158130,65,9000,290,27967,895,180691,353,208658,California
Placer,2021-06-11,1464,382583,1058,215047,352,158482,54,9054,345,27252,1114,181805,399,209057,California
Placer,2021-06-12,981,383564,744,215791,217,158699,20,9074,216,26725,763,182568,236,209293,California
Placer,2021-06-13,383,383947,294,216085,79,158778,10,9084,96,26545,286,182854,106,209399,California
Placer,2021-06-14,605,384552,388,216473,170,158948,47,9131,167,26324,435,183289,214,209613,California
Placer,2021-06-15,690,385242,414,216887,238,159186,38,9169,238,26152,448,183737,276,209889,California
Plumas,2020-12-18,4,4,4,4,0,0,0,0,4,4,0,0,4,4,California
Plumas,2020-12-19,1,5,1,5,0,0,0,0,1,5,0,0,1,5,California
Plumas,2020-12-21,45,50,45,50,0,0,0,0,45,50,0,0,45,50,California
Plumas,2020-12-22,94,144,94,144,0,0,0,0,94,144,0,0,94,144,California
Plumas,2020-12-23,50,194,50,194,0,0,0,0,50,194,0,0,50,194,California
Plumas,2020-12-24,7,201,7,201,0,0,0,0,7,201,0,0,7,201,California
Plumas,2020-12-28,8,209,0,201,8,8,0,0,8,209,0,0,8,209,California
Plumas,2020-12-29,33,242,23,224,10,18,0,0,33,242,0,0,33,242,California
Plumas,2020-12-30,23,265,1,225,22,40,0,0,23,265,0,0,23,265,California
Plumas,2020-12-31,4,269,1,226,3,43,0,0,4,269,0,0,4,269,California
Plumas,2021-01-01,1,270,0,226,1,44,0,0,1,270,0,0,1,270,California
Plumas,2021-01-02,1,271,0,226,1,45,0,0,1,271,0,0,1,271,California
Plumas,2021-01-04,10,281,3,229,7,52,0,0,10,281,0,0,10,281,California
Plumas,2021-01-05,24,305,1,230,23,75,0,0,24,305,0,0,24,305,California
Plumas,2021-01-06,121,426,5,235,116,191,0,0,121,426,0,0,121,426,California
Plumas,2021-01-07,52,478,2,237,50,241,0,0,51,476,1,1,51,477,California
Plumas,2021-01-08,12,490,5,242,7,248,0,0,8,480,4,5,8,485,California
Plumas,2021-01-09,1,491,1,243,0,248,0,0,0,479,1,6,0,485,California
Plumas,2021-01-11,58,549,50,293,8,256,0,0,11,443,47,53,11,496,California
Plumas,2021-01-12,157,706,88,381,69,325,0,0,71,428,86,139,71,567,California
Plumas,2021-01-13,55,761,50,431,5,330,0,0,9,391,46,185,9,576,California
Plumas,2021-01-14,99,860,15,446,84,414,0,0,93,478,6,191,93,669,California
Plumas,2021-01-15,62,922,7,453,55,469,0,0,60,536,2,193,60,729,California
Plumas,2021-01-16,58,980,1,454,57,526,0,0,58,594,0,193,58,787,California
Plumas,2021-01-18,2,982,1,455,1,527,0,0,2,596,0,193,2,789,California
Plumas,2021-01-19,37,1019,5,460,32,559,0,0,33,625,4,197,33,822,California
Plumas,2021-01-20,135,1154,3,463,132,691,0,0,132,754,3,200,132,954,California
Plumas,2021-01-21,112,1266,2,465,110,801,0,0,112,866,0,200,112,1066,California
Plumas,2021-01-22,5,1271,1,466,4,805,0,0,5,871,0,200,5,1071,California
Plumas,2021-01-23,96,1367,2,468,94,899,0,0,96,967,0,200,96,1167,California
Plumas,2021-01-24,1,1368,1,469,0,899,0,0,1,968,0,200,1,1168,California
Plumas,2021-01-25,9,1377,6,475,3,902,0,0,7,973,2,202,7,1175,California
Plumas,2021-01-26,60,1437,2,477,58,960,0,0,52,1017,8,210,52,1227,California
Plumas,2021-01-27,27,1464,22,499,5,965,0,0,7,1004,20,230,7,1234,California
Plumas,2021-01-28,25,1489,1,500,24,989,0,0,23,1025,2,232,23,1257,California
Plumas,2021-01-29,8,1497,2,502,6,995,0,0,7,1031,1,233,7,1264,California
Plumas,2021-01-30,7,1504,3,505,4,999,0,0,6,1036,1,234,6,1270,California
Plumas,2021-01-31,3,1507,3,508,0,999,0,0,3,1039,0,234,3,1273,California
Plumas,2021-02-01,17,1524,2,510,15,1014,0,0,8,1038,9,243,8,1281,California
Plumas,2021-02-02,24,1548,2,512,22,1036,0,0,3,1020,21,264,3,1284,California
Plumas,2021-02-03,127,1675,8,520,119,1155,0,0,14,922,112,376,14,1298,California
Plumas,2021-02-04,102,1777,9,529,93,1248,0,0,23,866,79,455,23,1321,California
Plumas,2021-02-05,27,1804,12,541,15,1263,0,0,12,863,15,470,12,1333,California
Plumas,2021-02-06,7,1811,0,541,7,1270,0,0,7,870,0,470,7,1340,California
Plumas,2021-02-08,14,1825,5,546,9,1279,0,0,2,860,12,482,2,1342,California
Plumas,2021-02-09,173,1998,3,549,170,1449,0,0,112,911,61,543,112,1454,California
Plumas,2021-02-10,105,2103,8,557,97,1546,0,0,99,1005,6,549,100,1554,California
Plumas,2021-02-11,340,2443,6,563,334,1880,0,0,280,1225,60,609,280,1834,California
Plumas,2021-02-12,124,2567,4,567,120,2000,0,0,118,1337,6,615,118,1952,California
Plumas,2021-02-13,76,2643,6,573,70,2070,0,0,16,1293,60,675,16,1968,California
Plumas,2021-02-14,8,2651,5,578,3,2073,0,0,8,1301,0,675,8,1976,California
Plumas,2021-02-15,28,2679,5,583,23,2096,0,0,25,1323,3,678,25,2001,California
Plumas,2021-02-16,80,2759,5,588,75,2171,0,0,16,1275,64,742,16,2017,California
Plumas,2021-02-17,150,2909,5,593,145,2316,0,0,12,1149,138,880,12,2029,California
Plumas,2021-02-18,132,3041,7,600,125,2441,0,0,22,1062,110,990,23,2052,California
Plumas,2021-02-19,43,3084,6,606,37,2478,0,0,8,1035,35,1025,8,2060,California
Plumas,2021-02-20,106,3190,7,613,99,2577,0,0,13,955,93,1118,13,2073,California
Plumas,2021-02-21,6,3196,5,618,1,2578,0,0,2,953,4,1122,2,2075,California
Plumas,2021-02-22,4,3200,1,619,3,2581,0,0,0,949,4,1126,0,2075,California
Plumas,2021-02-23,25,3225,5,624,20,2601,0,0,17,958,8,1134,17,2092,California
Plumas,2021-02-24,477,3702,9,633,468,3069,0,0,464,1409,13,1147,464,2556,California
Plumas,2021-02-25,237,3939,11,644,226,3295,0,0,174,1520,63,1210,174,2730,California
Plumas,2021-02-26,267,4206,8,652,259,3554,0,0,258,1770,9,1219,259,2989,California
Plumas,2021-02-27,42,4248,4,656,38,3592,0,0,34,1796,8,1227,34,3023,California
Plumas,2021-02-28,4,4252,0,656,4,3596,0,0,4,1800,0,1227,4,3027,California
Plumas,2021-03-01,18,4270,3,659,15,3611,0,0,12,1807,5,1232,12,3039,California
Plumas,2021-03-02,11,4281,1,660,10,3621,0,0,7,1811,3,1235,7,3046,California
Plumas,2021-03-03,171,4452,10,670,161,3782,0,0,155,1950,16,1251,155,3201,California
Plumas,2021-03-04,251,4703,8,678,243,4025,0,0,230,2159,21,1272,230,3431,California
Plumas,2021-03-05,398,5101,5,683,388,4413,5,5,388,2542,10,1282,393,3824,California
Plumas,2021-03-06,20,5121,3,686,9,4422,8,13,3,2536,17,1299,11,3835,California
Plumas,2021-03-07,14,5135,3,689,2,4424,9,22,4,2539,10,1309,13,3848,California
Plumas,2021-03-08,32,5167,3,692,4,4428,25,47,5,2542,27,1336,30,3878,California
Plumas,2021-03-09,135,5302,4,696,116,4544,15,62,19,2460,116,1452,34,3912,California
Plumas,2021-03-10,292,5594,3,699,275,4819,14,76,110,2403,181,1633,124,4036,California
Plumas,2021-03-11,185,5779,9,708,171,4990,5,81,149,2521,36,1669,154,4190,California
Plumas,2021-03-12,597,6376,7,715,303,5293,287,368,25,2261,572,2241,312,4502,California
Plumas,2021-03-13,26,6402,5,720,10,5303,11,379,5,2256,21,2262,16,4518,California
Plumas,2021-03-14,12,6414,3,723,4,5307,5,384,1,2252,10,2272,6,4524,California
Plumas,2021-03-15,35,6449,1,724,27,5334,7,391,7,2238,28,2300,14,4538,California
Plumas,2021-03-16,61,6510,3,727,57,5391,1,392,49,2276,12,2312,50,4588,California
Plumas,2021-03-17,73,6583,9,736,63,5454,1,393,56,2317,16,2328,57,4645,California
Plumas,2021-03-18,60,6643,6,742,38,5492,16,409,11,2295,49,2377,27,4672,California
Plumas,2021-03-19,163,6806,5,747,156,5648,2,411,155,2447,6,2383,158,4830,California
Plumas,2021-03-20,709,7515,4,751,704,6352,1,412,688,3117,19,2402,689,5519,California
Plumas,2021-03-21,2,7517,1,752,1,6353,0,412,1,3118,0,2402,1,5520,California
Plumas,2021-03-22,198,7715,2,754,196,6549,0,412,191,3302,7,2409,191,5711,California
Plumas,2021-03-23,28,7743,2,756,26,6575,0,412,14,3302,14,2423,14,5725,California
Plumas,2021-03-24,685,8428,6,762,678,7253,1,413,231,3081,453,2876,232,5957,California
Plumas,2021-03-25,308,8736,7,769,299,7552,2,415,164,3101,144,3020,164,6121,California
Plumas,2021-03-26,315,9051,8,777,307,7859,0,415,46,2879,268,3288,46,6167,California
Plumas,2021-03-27,12,9063,1,778,10,7869,1,416,3,2874,9,3297,4,6171,California
Plumas,2021-03-28,10,9073,4,782,5,7874,1,417,4,2873,6,3303,5,6176,California
Plumas,2021-03-29,12,9085,4,786,7,7881,1,418,4,2870,8,3311,5,6181,California
Plumas,2021-03-30,175,9260,4,790,169,8050,2,420,27,2751,148,3459,29,6210,California
Plumas,2021-03-31,290,9550,3,793,286,8336,1,421,269,3000,21,3480,270,6480,California
Plumas,2021-04-01,307,9857,12,805,293,8629,2,423,62,2821,242,3722,63,6543,California
Plumas,2021-04-02,377,10234,4,809,371,9000,2,425,30,2517,336,4058,32,6575,California
Plumas,2021-04-03,13,10247,2,811,5,9005,6,431,2,2514,11,4069,8,6583,California
Plumas,2021-04-04,3,10250,1,812,1,9006,1,432,0,2512,3,4072,1,6584,California
Plumas,2021-04-05,16,10266,6,818,8,9014,2,434,4,2507,11,4083,6,6590,California
Plumas,2021-04-06,129,10395,7,825,96,9110,26,460,15,2434,114,4197,41,6631,California
Plumas,2021-04-07,291,10686,8,833,103,9213,180,640,29,2381,262,4459,209,6840,California
Plumas,2021-04-08,154,10840,3,836,133,9346,18,658,36,2317,117,4576,53,6893,California
Plumas,2021-04-09,50,10890,9,845,24,9370,17,675,17,2317,33,4609,33,6926,California
Plumas,2021-04-10,22,10912,1,846,4,9374,17,692,3,2318,19,4628,20,6946,California
Plumas,2021-04-11,2,10914,1,847,0,9374,1,693,1,2319,1,4629,2,6948,California
Plumas,2021-04-12,12,10926,4,851,5,9379,3,696,6,2322,6,4635,9,6957,California
Plumas,2021-04-13,215,11141,5,856,210,9589,0,696,150,2407,65,4700,150,7107,California
Plumas,2021-04-14,110,11251,6,862,104,9693,0,696,56,2410,53,4753,56,7163,California
Plumas,2021-04-15,52,11303,2,864,50,9743,0,696,35,2428,17,4770,35,7198,California
Plumas,2021-04-16,144,11447,3,867,141,9884,0,696,3,2290,141,4911,3,7201,California
Plumas,2021-04-17,680,12127,2,869,678,10562,0,696,19,1650,659,5570,19,7220,California
Plumas,2021-04-18,3,12130,3,872,0,10562,0,696,0,1647,3,5573,0,7220,California
Plumas,2021-04-19,38,12168,2,874,36,10598,0,696,5,1619,33,5606,5,7225,California
Plumas,2021-04-20,44,12212,5,879,39,10637,0,696,28,1632,15,5621,28,7253,California
Plumas,2021-04-21,330,12542,5,884,324,10961,1,697,17,1336,313,5934,17,7270,California
Plumas,2021-04-22,279,12821,7,891,272,11233,0,697,132,1321,147,6081,132,7402,California
Plumas,2021-04-23,73,12894,4,895,69,11302,0,697,16,1280,57,6138,16,7418,California
Plumas,2021-04-24,170,13064,4,899,166,11468,0,697,144,1399,25,6163,144,7562,California
Plumas,2021-04-26,31,13095,4,903,27,11495,0,697,8,1385,22,6185,8,7570,California
Plumas,2021-04-27,103,13198,4,907,99,11594,0,697,64,1410,39,6224,64,7634,California
Plumas,2021-04-28,285,13483,4,911,281,11875,0,697,38,1203,245,6469,38,7672,California
Plumas,2021-04-29,173,13656,68,979,105,11980,0,697,119,1268,54,6523,119,7791,California
Plumas,2021-04-30,21,13677,10,989,11,11991,0,697,6,1259,15,6538,6,7797,California
Plumas,2021-05-01,4,13681,1,990,2,11993,1,698,1,1259,2,6540,2,7799,California
Plumas,2021-05-02,1,13682,1,991,0,11993,0,698,1,1260,0,6540,1,7800,California
Plumas,2021-05-03,19,13701,5,996,7,12000,7,705,5,1260,12,6552,12,7812,California
Plumas,2021-05-04,32,13733,4,1000,21,12021,7,712,18,1272,13,6565,25,7837,California
Plumas,2021-05-05,48,13781,3,1003,44,12065,1,713,22,1269,26,6591,23,7860,California
Plumas,2021-05-06,64,13845,1,1004,58,12123,5,718,21,1252,43,6634,26,7886,California
Plumas,2021-05-07,22,13867,5,1009,16,12139,1,719,8,1247,14,6648,9,7895,California
Plumas,2021-05-08,6,13873,0,1009,4,12143,2,721,4,1251,2,6650,6,7901,California
Plumas,2021-05-09,1,13874,0,1009,0,12143,1,722,0,1251,1,6651,1,7902,California
Plumas,2021-05-10,50,13924,0,1009,27,12170,23,745,23,1270,27,6678,46,7948,California
Plumas,2021-05-11,174,14098,3,1012,152,12322,19,764,15,1145,159,6837,34,7982,California
Plumas,2021-05-12,100,14198,1,1013,91,12413,8,772,36,1126,63,6900,44,8026,California
Plumas,2021-05-13,39,14237,3,1016,34,12447,2,774,14,1117,25,6925,16,8042,California
Plumas,2021-05-14,20,14257,3,1019,12,12459,5,779,9,1120,11,6936,14,8056,California
Plumas,2021-05-15,10,14267,4,1023,4,12463,2,781,4,1120,6,6942,6,8062,California
Plumas,2021-05-16,1,14268,1,1024,0,12463,0,781,1,1121,0,6942,1,8063,California
Plumas,2021-05-17,13,14281,0,1024,4,12467,9,790,3,1123,10,6952,12,8075,California
Plumas,2021-05-18,46,14327,7,1031,38,12505,1,791,26,1130,20,6972,27,8102,California
Plumas,2021-05-19,50,14377,3,1034,31,12536,16,807,12,1121,38,7010,29,8131,California
Plumas,2021-05-20,188,14565,133,1167,44,12580,11,818,77,1099,110,7120,88,8219,California
Plumas,2021-05-21,29,14594,8,1175,15,12595,6,824,15,1106,14,7134,21,8240,California
Plumas,2021-05-22,137,14731,2,1177,135,12730,0,824,7,985,128,7262,7,8247,California
Plumas,2021-05-23,1,14732,1,1178,0,12730,0,824,0,984,1,7263,0,8247,California
Plumas,2021-05-24,49,14781,36,1214,12,12742,1,825,41,1018,8,7271,42,8289,California
Plumas,2021-05-25,76,14857,3,1217,72,12814,1,826,16,975,60,7331,17,8306,California
Plumas,2021-05-26,42,14899,6,1223,28,12842,8,834,17,975,25,7356,25,8331,California
Plumas,2021-05-27,102,15001,26,1249,63,12905,13,847,42,971,59,7415,55,8386,California
Plumas,2021-05-28,42,15043,16,1265,24,12929,2,849,23,977,19,7434,25,8411,California
Plumas,2021-05-29,8,15051,0,1265,8,12937,0,849,6,982,2,7436,7,8418,California
Plumas,2021-05-30,1,15052,0,1265,1,12938,0,849,0,982,0,7436,0,8418,California
Plumas,2021-05-31,5,15057,0,1265,2,12940,3,852,0,981,4,7440,3,8421,California
Plumas,2021-06-01,34,15091,8,1273,20,12960,6,858,9,972,25,7465,16,8437,California
Plumas,2021-06-02,62,15153,4,1277,36,12996,22,880,11,954,51,7516,33,8470,California
Plumas,2021-06-03,65,15218,17,1294,38,13034,10,890,27,953,38,7554,37,8507,California
Plumas,2021-06-04,14,15232,3,1297,10,13044,1,891,8,957,5,7559,9,8516,California
Plumas,2021-06-05,7,15239,3,1300,4,13048,0,891,2,954,5,7564,2,8518,California
Plumas,2021-06-06,2,15241,1,1301,1,13049,0,891,0,952,2,7566,0,8518,California
Plumas,2021-06-07,38,15279,5,1306,25,13074,8,899,9,940,29,7595,17,8535,California
Plumas,2021-06-08,30,15309,9,1315,19,13093,2,901,8,928,22,7617,10,8545,California
Plumas,2021-06-09,40,15349,3,1318,34,13127,3,904,7,905,33,7650,10,8555,California
Plumas,2021-06-10,36,15385,16,1334,16,13143,4,908,13,899,23,7673,17,8572,California
Plumas,2021-06-11,23,15408,13,1347,9,13152,1,909,8,893,15,7688,9,8581,California
Plumas,2021-06-12,10,15418,3,1350,7,13159,0,909,5,893,5,7693,5,8586,California
Plumas,2021-06-13,3,15421,1,1351,2,13161,0,909,3,896,0,7693,3,8589,California
Plumas,2021-06-14,93,15514,87,1438,5,13166,1,910,13,830,80,7773,14,8603,California
Plumas,2021-06-15,15,15529,1,1439,13,13179,1,911,5,826,10,7783,6,8609,California
Riverside,2020-12-15,5,5,5,5,0,0,0,0,5,5,0,0,5,5,California
Riverside,2020-12-16,68,73,68,73,0,0,0,0,68,73,0,0,68,73,California
Riverside,2020-12-17,815,888,815,888,0,0,0,0,815,888,0,0,815,888,California
Riverside,2020-12-18,1735,2623,1734,2622,1,1,0,0,1735,2623,0,0,1735,2623,California
Riverside,2020-12-19,1029,3652,1026,3648,3,4,0,0,1027,3649,1,1,1027,3650,California
Riverside,2020-12-20,1086,4738,1085,4733,1,5,0,0,1086,4735,0,1,1086,4736,California
Riverside,2020-12-21,2279,7017,2277,7010,2,7,0,0,2279,7014,0,1,2279,7015,California
Riverside,2020-12-22,2261,9278,2222,9232,39,46,0,0,2261,9275,0,1,2261,9276,California
Riverside,2020-12-23,2144,11422,1801,11033,343,389,0,0,2145,11420,0,1,2145,11421,California
Riverside,2020-12-24,818,12240,614,11647,204,593,0,0,818,12238,0,1,818,12239,California
Riverside,2020-12-25,30,12270,6,11653,24,617,0,0,29,12267,0,1,29,12268,California
Riverside,2020-12-26,401,12671,257,11910,144,761,0,0,401,12668,0,1,401,12669,California
Riverside,2020-12-27,368,13039,247,12157,121,882,0,0,367,13034,1,2,367,13036,California
Riverside,2020-12-28,1637,14676,1131,13288,506,1388,0,0,1638,14672,0,2,1638,14674,California
Riverside,2020-12-29,1747,16423,974,14262,773,2161,0,0,1747,16419,0,2,1747,16421,California
Riverside,2020-12-30,2582,19005,1685,15947,897,3058,0,0,2581,18999,1,3,2581,19002,California
Riverside,2020-12-31,1030,20035,398,16345,632,3690,0,0,1031,20029,1,4,1031,20033,California
Riverside,2021-01-01,124,20159,48,16393,76,3766,0,0,124,20153,0,4,124,20157,California
Riverside,2021-01-02,835,20994,694,17087,141,3907,0,0,835,20988,0,4,835,20992,California
Riverside,2021-01-03,346,21340,300,17387,46,3953,0,0,345,21333,0,4,345,21337,California
Riverside,2021-01-04,1266,22606,794,18181,472,4425,0,0,1266,22599,0,4,1266,22603,California
Riverside,2021-01-05,1995,24601,1371,19552,624,5049,0,0,1900,24409,90,94,1900,24503,California
Riverside,2021-01-06,2499,27100,1115,20667,1384,6433,0,0,2189,26292,306,400,2189,26692,California
Riverside,2021-01-07,2789,29889,1832,22499,957,7390,0,0,1720,26950,1063,1463,1721,28413,California
Riverside,2021-01-08,4078,33967,2944,25443,1134,8524,0,0,2256,27388,1818,3281,2256,30669,California
Riverside,2021-01-09,2076,36043,844,26287,1232,9756,0,0,1728,28769,347,3628,1728,32397,California
Riverside,2021-01-10,1672,37715,737,27024,935,10691,0,0,1068,29233,604,4232,1068,33465,California
Riverside,2021-01-11,4521,42236,3095,30119,1426,12117,0,0,2787,30288,1733,5965,2788,36253,California
Riverside,2021-01-12,3422,45658,2748,32867,674,12791,0,0,1724,30319,1693,7658,1724,37977,California
Riverside,2021-01-13,4466,50124,2943,35810,1523,14314,0,0,2853,31563,1610,9268,2854,40831,California
Riverside,2021-01-14,5527,55651,1916,37726,3611,17925,0,0,4948,35933,578,9846,4948,45779,California
Riverside,2021-01-15,6081,61732,1997,39723,4084,22009,0,0,5790,41433,290,10136,5790,51569,California
Riverside,2021-01-16,3624,65356,1024,40747,2600,24609,0,0,3375,44560,249,10385,3376,54945,California
Riverside,2021-01-17,3596,68952,588,41335,3008,27617,0,0,3397,47760,197,10582,3397,58342,California
Riverside,2021-01-18,3763,72715,2053,43388,1710,29327,0,0,2747,49492,1016,11598,2748,61090,California
Riverside,2021-01-19,7444,80159,2652,46040,4792,34119,0,0,6320,54689,1124,12722,6321,67411,California
Riverside,2021-01-20,8268,88427,3148,49188,5120,39239,0,0,6598,59635,1656,14378,6602,74013,California
Riverside,2021-01-21,8387,96814,3501,52689,4886,44125,0,0,7734,66718,653,15031,7736,81749,California
Riverside,2021-01-22,8757,105571,2973,55662,5784,49909,0,0,8322,74609,432,15463,8323,90072,California
Riverside,2021-01-23,5904,111475,2364,58026,3540,53449,0,0,5181,79070,721,16184,5182,95254,California
Riverside,2021-01-24,3046,114521,1437,59463,1609,55058,0,0,2830,81687,214,16398,2831,98085,California
Riverside,2021-01-25,7897,122418,4544,64007,3353,58411,0,0,6769,87331,1126,17524,6770,104855,California
Riverside,2021-01-26,9174,131592,5732,69739,3442,61853,0,0,7653,93468,1518,19042,7655,112510,California
Riverside,2021-01-27,10950,142542,6400,76139,4550,66403,0,0,9334,101195,1610,20652,9337,121847,California
Riverside,2021-01-28,11566,154108,6824,82963,4742,71145,0,0,10387,110415,1171,21823,10391,132238,California
Riverside,2021-01-29,11967,166075,7300,90263,4667,75812,0,0,10585,119651,1356,23179,10592,142830,California
Riverside,2021-01-30,9094,175169,4635,94898,4459,80271,0,0,8629,127819,462,23641,8630,151460,California
Riverside,2021-01-31,5175,180344,4257,99155,918,81189,0,0,5043,132735,131,23772,5047,156507,California
Riverside,2021-02-01,10989,191333,6791,105946,4198,85387,0,0,9136,140028,1846,25618,9139,165646,California
Riverside,2021-02-02,9491,200824,4822,110768,4669,90056,0,0,8018,146584,1465,27083,8021,173667,California
Riverside,2021-02-03,12196,213020,5150,115918,7046,97102,0,0,9826,154048,2362,29445,9826,183493,California
Riverside,2021-02-04,13520,226540,6006,121924,7514,104616,0,0,11431,163401,2081,31526,11434,194927,California
Riverside,2021-02-05,14312,240852,5381,127305,8931,113547,0,0,11271,171644,3032,34558,11275,206202,California
Riverside,2021-02-06,7239,248091,4268,131573,2971,116518,0,0,5596,175606,1637,36195,5599,211801,California
Riverside,2021-02-07,2170,250261,798,132371,1372,117890,0,0,1850,177139,318,36513,1851,213652,California
Riverside,2021-02-08,12475,262736,5549,137920,6926,124816,0,0,10155,184993,2305,38818,10159,223811,California
Riverside,2021-02-09,9622,272358,4504,142424,5118,129934,0,0,7676,190735,1939,40757,7681,231492,California
Riverside,2021-02-10,12103,284461,6983,149407,5120,135054,0,0,8926,196503,3167,43924,8935,240427,California
Riverside,2021-02-11,16651,301112,9068,158475,7583,142637,0,0,12130,204149,4499,48423,12145,252572,California
Riverside,2021-02-12,17721,318833,10784,169259,6937,149574,0,0,12831,212146,4846,53269,12843,265415,California
Riverside,2021-02-13,6307,325140,2133,171392,4174,153748,0,0,3087,212049,3205,56474,3108,268523,California
Riverside,2021-02-14,4924,330064,1118,172510,3806,157554,0,0,2181,211491,2739,59213,2181,270704,California
Riverside,2021-02-15,9814,339878,4993,177503,4821,162375,0,0,5397,212490,4406,63619,5405,276109,California
Riverside,2021-02-16,16153,356031,10118,187621,6035,168410,0,0,9268,214889,6877,70496,9276,285385,California
Riverside,2021-02-17,15043,371074,8214,195835,6829,175239,0,0,7453,214775,7576,78072,7462,292847,California
Riverside,2021-02-18,15573,386647,8988,204823,6585,181824,0,0,8030,215299,7521,85593,8045,300892,California
Riverside,2021-02-19,15319,401966,8227,213050,7092,188916,0,0,7230,214466,8071,93664,7238,308130,California
Riverside,2021-02-20,8324,410290,4505,217555,3819,192735,0,0,2164,210491,6143,99807,2168,310298,California
Riverside,2021-02-21,4416,414706,3890,221445,526,193261,0,0,1236,208562,3165,102972,1236,311534,California
Riverside,2021-02-22,12387,427093,7772,229217,4615,197876,0,0,5105,206406,7266,110238,5110,316644,California
Riverside,2021-02-23,11131,438224,7570,236787,3561,201437,0,0,5393,206092,5711,115949,5397,322041,California
Riverside,2021-02-24,14796,453020,8096,244883,6700,208137,0,0,6280,203911,8478,124427,6297,328338,California
Riverside,2021-02-25,17370,470390,7409,252292,9961,218098,0,0,8069,202728,9276,133703,8093,336431,California
Riverside,2021-02-26,18657,489047,6738,259030,11919,230017,0,0,9300,202765,9298,143001,9335,345766,California
Riverside,2021-02-27,12104,501151,5604,264634,6500,236517,0,0,5757,202234,6315,149316,5784,351550,California
Riverside,2021-02-28,4896,506047,3228,267862,1668,238185,0,0,2405,202168,2478,151794,2412,353962,California
Riverside,2021-03-01,14389,520436,6120,273982,8266,246451,3,3,8459,204768,5890,157684,8490,362452,California
Riverside,2021-03-02,15419,535855,7541,281523,7877,254328,1,4,9036,207475,6361,164045,9068,371520,California
Riverside,2021-03-03,17092,552947,8491,290014,8601,262929,0,4,7434,205431,9607,173652,7563,379083,California
Riverside,2021-03-04,18862,571809,7511,297525,11346,274275,5,9,8985,204738,9833,183485,9140,388223,California
Riverside,2021-03-05,18919,590728,7608,305133,11267,285542,44,53,9375,204941,9494,192979,9697,397920,California
Riverside,2021-03-06,9530,600258,5076,310209,3973,289515,481,534,4754,205440,4763,197742,5262,403182,California
Riverside,2021-03-07,4266,604524,2757,312966,1120,290635,389,923,2012,205600,2245,199987,2405,405587,California
Riverside,2021-03-08,11967,616491,4752,317718,6805,297440,410,1333,5342,204795,6604,206591,5799,411386,California
Riverside,2021-03-09,14795,631286,6891,324609,7402,304842,502,1835,5896,202453,8876,215467,6534,417920,California
Riverside,2021-03-10,15950,647236,8542,333151,6481,311323,927,2762,6226,200079,9679,225146,7305,425225,California
Riverside,2021-03-11,19330,666566,9477,342628,8004,319327,1849,4611,7618,198078,11676,236822,9675,434900,California
Riverside,2021-03-12,21207,687773,7929,350557,8531,327858,4747,9358,7045,196070,14124,250946,12116,447016,California
Riverside,2021-03-13,8527,696300,2548,353105,4748,332606,1231,10589,4375,197622,4130,255076,5682,452698,California
Riverside,2021-03-14,4751,701051,1619,354724,1760,334366,1372,11961,2088,198427,2651,257727,3456,456154,California
Riverside,2021-03-15,18715,719766,7876,362600,9174,343540,1665,13626,9213,199947,9458,267185,10978,467132,California
Riverside,2021-03-16,20893,740659,10137,372737,9943,353483,813,14439,11385,202766,9471,276656,12290,479422,California
Riverside,2021-03-17,21451,762110,10984,383721,9407,362890,1060,15499,12873,208216,8541,285197,13991,493413,California
Riverside,2021-03-18,22625,784735,11774,395495,9180,372070,1671,17170,12543,212408,10030,295227,14222,507635,California
Riverside,2021-03-19,24166,808901,12691,408186,10504,382574,971,18141,14108,217854,9998,305225,15444,523079,California
Riverside,2021-03-20,10705,819606,6894,415080,2627,385201,1184,19325,6873,222109,3801,309026,8056,531135,California
Riverside,2021-03-21,3753,823359,2928,418008,559,385760,266,19591,2557,223757,1176,310202,2824,533959,California
Riverside,2021-03-22,16649,840008,9929,427937,6168,391928,552,20143,10594,228901,5998,316200,11142,545101,California
Riverside,2021-03-23,18567,858575,10522,438459,7622,399550,423,20566,11886,234604,6620,322820,12323,557424,California
Riverside,2021-03-24,18735,877310,10455,448914,8158,407708,122,20688,12850,241749,5833,328653,12978,570402,California
Riverside,2021-03-25,21155,898465,11671,460585,9307,417015,177,20865,14145,249141,6935,335588,14327,584729,California
Riverside,2021-03-26,24149,922614,11951,472536,12041,429056,157,21022,15024,255304,9022,344610,15185,599914,California
Riverside,2021-03-27,9351,931965,4911,477447,3389,432445,1051,22073,4821,256673,4504,349114,5873,605787,California
Riverside,2021-03-28,4774,936739,3136,480583,1544,433989,94,22167,2839,257684,1922,351036,2933,608720,California
Riverside,2021-03-29,17656,954395,8445,489028,9092,443081,119,22286,10909,262025,6700,357736,11041,619761,California
Riverside,2021-03-30,18360,972755,9553,498581,8600,451681,207,22493,11700,267317,6617,364353,11909,631670,California
Riverside,2021-03-31,18156,990911,8448,507029,9401,461082,307,22800,11358,272242,6748,371101,11673,643343,California
Riverside,2021-04-01,25588,1016499,12502,519531,12307,473389,779,23579,16460,280427,9054,380155,17239,660582,California
Riverside,2021-04-02,26156,1042655,14080,533611,11123,484512,953,24532,16373,288255,9720,389875,17548,678130,California
Riverside,2021-04-03,9391,1052046,5968,539579,2829,487341,594,25126,6047,291568,3323,393198,6636,684766,California
Riverside,2021-04-04,3396,1055442,2066,541645,1088,488429,242,25368,1717,291858,1670,394868,1960,686726,California
Riverside,2021-04-05,18476,1073918,9460,551105,7154,495583,1862,27230,9935,295156,8499,403367,11797,698523,California
Riverside,2021-04-06,23794,1097712,12357,563462,9297,504880,2140,29370,13265,300074,10477,413844,15395,713918,California
Riverside,2021-04-07,24912,1122624,13441,576903,8948,513828,2523,31893,13860,305449,11003,424847,16378,730296,California
Riverside,2021-04-08,27488,1150112,15211,592114,9290,523118,2987,34880,16799,314597,10616,435463,19764,750060,California
Riverside,2021-04-09,26364,1176476,15498,607612,8399,531517,2467,37347,16087,322939,10229,445692,18571,768631,California
Riverside,2021-04-10,12027,1188503,6743,614355,3887,535404,1397,38744,5261,322866,6722,452414,6649,775280,California
Riverside,2021-04-11,4647,1193150,2767,617122,1260,536664,620,39364,2196,323241,2439,454853,2814,778094,California
Riverside,2021-04-12,20209,1213359,8993,626115,8566,545230,2650,42014,10119,325955,10051,464904,12765,790859,California
Riverside,2021-04-13,20091,1233450,11253,637368,8811,554041,27,42041,11502,328940,8550,473454,11535,802394,California
Riverside,2021-04-14,22308,1255758,12300,649668,9993,564034,15,42056,10944,328622,11295,484749,10977,813371,California
Riverside,2021-04-15,22120,1277878,12559,662227,9553,573587,8,42064,11676,329942,10377,495126,11697,825068,California
Riverside,2021-04-16,25050,1302928,14499,676726,10545,584132,6,42070,11613,328228,13381,508507,11667,836735,California
Riverside,2021-04-17,9885,1312813,6510,683236,3375,587507,0,42070,4967,328309,4899,513406,4980,841715,California
Riverside,2021-04-18,3859,1316672,2812,686048,1040,588547,7,42077,1812,328103,2033,515439,1827,843542,California
Riverside,2021-04-19,19519,1336191,11604,697652,7912,596459,3,42080,7004,322653,12472,527911,7022,850564,California
Riverside,2021-04-20,18871,1355062,9945,707597,8917,605376,9,42089,7725,319288,11102,539013,7737,858301,California
Riverside,2021-04-21,19848,1374910,11422,719019,8417,613793,9,42098,7981,315486,11798,550811,7996,866297,California
Riverside,2021-04-22,23233,1398143,13567,732586,9662,623455,4,42102,8658,309649,14504,565315,8667,874964,California
Riverside,2021-04-23,23307,1421450,13726,746312,9567,633022,14,42116,9133,304690,14114,579429,9155,884119,California
Riverside,2021-04-24,10467,1431917,7294,753606,3170,636192,3,42119,4808,303881,5621,585050,4812,888931,California
Riverside,2021-04-25,4240,1436157,2820,756426,1419,637611,1,42120,2197,304056,2024,587074,2199,891130,California
Riverside,2021-04-26,17105,1453262,10700,767126,6360,643971,45,42165,5825,298695,11235,598309,5874,897004,California
Riverside,2021-04-27,18296,1471558,10424,777550,7673,651644,199,42364,6361,293365,11890,610199,6560,903564,California
Riverside,2021-04-28,16477,1488035,8861,786411,7360,659004,256,42620,5544,288290,10875,621074,5800,909364,California
Riverside,2021-04-29,18718,1506753,11444,797855,6929,665933,345,42965,5373,280724,13281,634355,5715,915079,California
Riverside,2021-04-30,19786,1526539,11432,809287,7975,673908,379,43344,6369,274114,13361,647716,6751,921830,California
Riverside,2021-05-01,6770,1533309,4868,814155,1733,675641,169,43513,2332,272200,4412,652128,2498,924328,California
Riverside,2021-05-02,3357,1536666,2186,816341,962,676603,209,43722,1071,271217,2269,654397,1286,925614,California
Riverside,2021-05-03,17991,1554657,11058,827399,6444,683047,489,44211,4162,262098,13767,668164,4648,930262,California
Riverside,2021-05-04,17241,1571898,10946,838345,5878,688925,417,44628,4860,255057,12314,680478,5273,935535,California
Riverside,2021-05-05,15782,1587680,8932,847277,6490,695415,360,44988,4537,248770,11184,691662,4897,940432,California
Riverside,2021-05-06,17756,1605436,9941,857218,7406,702821,409,45397,4491,240478,13193,704855,4901,945333,California
Riverside,2021-05-07,20297,1625733,11568,868786,8299,711120,430,45827,5343,231371,14876,719731,5769,951102,California
Riverside,2021-05-08,6878,1632611,4532,873318,2086,713206,260,46087,2560,229902,4287,724018,2818,953920,California
Riverside,2021-05-09,2303,1634914,1511,874829,638,713844,154,46241,850,229461,1445,725463,1004,954924,California
Riverside,2021-05-10,10052,1644966,5139,879968,4536,718380,377,46618,2860,225556,7142,732605,3237,958161,California
Riverside,2021-05-11,13847,1658813,8325,888293,5004,723384,518,47136,3807,219923,9959,742564,4326,962487,California
Riverside,2021-05-12,12599,1671412,6328,894621,5938,729322,333,47469,3983,215673,8564,751128,4314,966801,California
Riverside,2021-05-13,14590,1686002,8761,903382,5556,734878,273,47742,5322,212056,9216,760344,5599,972400,California
Riverside,2021-05-14,17730,1703732,11200,914582,5739,740617,791,48533,6920,209023,10741,771085,7708,980108,California
Riverside,2021-05-15,9671,1713403,6924,921506,2349,742966,398,48931,4944,209665,4697,775782,5339,985447,California
Riverside,2021-05-16,3473,1716876,2525,924031,839,743805,109,49040,1713,209737,1748,777530,1820,987267,California
Riverside,2021-05-17,11746,1728622,7570,931601,3838,747643,338,49378,5141,208646,6573,784103,5482,992749,California
Riverside,2021-05-18,15028,1743650,9295,940896,5389,753032,344,49722,6112,206232,8869,792972,6455,999204,California
Riverside,2021-05-19,12132,1755782,7685,948581,4219,757251,228,49950,6004,206384,6081,799053,6233,1005437,California
Riverside,2021-05-20,11779,1767561,7379,955960,4145,761396,255,50205,5366,205646,6364,805417,5626,1011063,California
Riverside,2021-05-21,14376,1781937,8878,964838,5176,766572,322,50527,6189,204034,8124,813541,6512,1017575,California
Riverside,2021-05-22,7172,1789109,4859,969697,2116,768688,197,50724,3850,204796,3287,816828,4049,1021624,California
Riverside,2021-05-23,2551,1791660,1648,971345,828,769516,75,50799,1242,204815,1297,818125,1316,1022940,California
Riverside,2021-05-24,8614,1800274,5562,976907,2745,772261,307,51106,3825,204192,4755,822880,4132,1027072,California
Riverside,2021-05-25,9653,1809927,5748,982655,3642,775903,263,51369,3920,202679,5696,828576,4183,1031255,California
Riverside,2021-05-26,8843,1818770,5481,988136,3037,778940,325,51694,3986,202185,4807,833383,4313,1035568,California
Riverside,2021-05-27,8481,1827251,5079,993215,3170,782110,232,51926,4008,202000,4424,837807,4239,1039807,California
Riverside,2021-05-28,10630,1837881,6474,999689,3855,785965,301,52227,5025,201785,5543,843350,5328,1045135,California
Riverside,2021-05-29,4975,1842856,3385,1003074,1467,787432,123,52350,2836,202629,2117,845467,2961,1048096,California
Riverside,2021-05-30,1944,1844800,1403,1004477,477,787909,64,52414,1066,202888,871,846338,1130,1049226,California
Riverside,2021-05-31,870,1845670,492,1004969,345,788254,33,52447,333,202722,532,846870,366,1049592,California
Riverside,2021-06-01,9120,1854790,5639,1010608,3248,791502,233,52680,3603,201092,5466,852336,3836,1053428,California
Riverside,2021-06-02,7060,1861850,4292,1014900,2495,793997,273,52953,2861,200067,4158,856494,3133,1056561,California
Riverside,2021-06-03,7888,1869738,5269,1020169,2362,796359,257,53210,2867,198206,4982,861476,3121,1059682,California
Riverside,2021-06-04,10547,1880285,7552,1027721,2745,799104,250,53460,3877,195715,6619,868095,4128,1063810,California
Riverside,2021-06-05,6912,1887197,5094,1032815,1270,800374,548,54008,2271,193916,4618,872713,2819,1066629,California
Riverside,2021-06-06,2178,1889375,1851,1034666,276,800650,51,54059,792,193381,1379,874092,844,1067473,California
Riverside,2021-06-07,6840,1896215,5195,1039861,1422,802072,223,54282,2264,191323,4547,878639,2489,1069962,California
Riverside,2021-06-08,8948,1905163,6514,1046375,2168,804240,266,54548,3015,188729,5879,884518,3285,1073247,California
Riverside,2021-06-09,7622,1912785,5548,1051923,1784,806024,290,54838,2341,186121,5237,889755,2629,1075876,California
Riverside,2021-06-10,7531,1920316,5311,1057234,1998,808022,222,55060,2377,183596,5125,894880,2600,1078476,California
Riverside,2021-06-11,8651,1928967,5870,1063104,2503,810525,278,55338,2907,181094,5690,900570,3188,1081664,California
Riverside,2021-06-12,5214,1934181,3863,1066967,1234,811759,117,55455,1584,179199,3600,904170,1705,1083369,California
Riverside,2021-06-13,1774,1935955,1328,1068295,409,812168,37,55492,529,178535,1231,905401,567,1083936,California
Riverside,2021-06-14,5197,1941152,3471,1071766,1468,813636,258,55750,1691,177009,3475,908876,1949,1085885,California
Riverside,2021-06-15,3197,1944349,2149,1073915,855,814491,193,55943,1005,176039,2174,911050,1204,1087089,California
Sacramento,2020-12-15,314,314,314,314,0,0,0,0,314,314,0,0,314,314,California
Sacramento,2020-12-16,648,962,648,962,0,0,0,0,648,962,0,0,648,962,California
Sacramento,2020-12-17,702,1664,702,1664,0,0,0,0,702,1664,0,0,702,1664,California
Sacramento,2020-12-18,1116,2780,1116,2780,0,0,0,0,1117,2781,0,0,1117,2781,California
Sacramento,2020-12-19,613,3393,613,3393,0,0,0,0,613,3394,0,0,613,3394,California
Sacramento,2020-12-20,637,4030,637,4030,0,0,0,0,637,4031,0,0,637,4031,California
Sacramento,2020-12-21,1669,5699,1669,5699,0,0,0,0,1670,5701,0,0,1670,5701,California
Sacramento,2020-12-22,2106,7805,2071,7770,35,35,0,0,2106,7807,0,0,2106,7807,California
Sacramento,2020-12-23,2258,10063,2084,9854,174,209,0,0,2258,10065,0,0,2258,10065,California
Sacramento,2020-12-24,1043,11106,829,10683,214,423,0,0,1043,11108,0,0,1043,11108,California
Sacramento,2020-12-25,1,11107,0,10683,1,424,0,0,1,11109,0,0,1,11109,California
Sacramento,2020-12-26,505,11612,287,10970,218,642,0,0,505,11614,0,0,505,11614,California
Sacramento,2020-12-27,354,11966,248,11218,106,748,0,0,354,11968,0,0,354,11968,California
Sacramento,2020-12-28,1906,13872,1322,12540,584,1332,0,0,1905,13872,1,1,1905,13873,California
Sacramento,2020-12-29,1968,15840,1203,13743,765,2097,0,0,1967,15838,1,2,1967,15840,California
Sacramento,2020-12-30,2554,18394,1453,15196,1101,3198,0,0,2555,18393,0,2,2555,18395,California
Sacramento,2020-12-31,1228,19622,692,15888,536,3734,0,0,1229,19622,0,2,1229,19624,California
Sacramento,2021-01-01,81,19703,70,15958,11,3745,0,0,81,19703,0,2,81,19705,California
Sacramento,2021-01-02,571,20274,367,16325,204,3949,0,0,571,20274,0,2,571,20276,California
Sacramento,2021-01-03,414,20688,225,16550,189,4138,0,0,414,20688,0,2,414,20690,California
Sacramento,2021-01-04,1939,22627,834,17384,1105,5243,0,0,1937,22624,1,3,1937,22627,California
Sacramento,2021-01-05,2215,24842,987,18371,1228,6471,0,0,1851,24118,364,367,1858,24485,California
Sacramento,2021-01-06,2729,27571,1619,19990,1110,7581,0,0,1931,25254,795,1162,1931,26416,California
Sacramento,2021-01-07,2841,30412,1516,21506,1325,8906,0,0,1910,26236,928,2090,1910,28326,California
Sacramento,2021-01-08,3287,33699,2084,23590,1203,10109,0,0,2168,27291,1115,3205,2170,30496,California
Sacramento,2021-01-09,1291,34990,805,24395,486,10595,0,0,893,27788,396,3601,893,31389,California
Sacramento,2021-01-10,1227,36217,713,25108,514,11109,0,0,757,28077,469,4070,758,32147,California
Sacramento,2021-01-11,4349,40566,2956,28064,1393,12502,0,0,2413,28567,1935,6005,2425,34572,California
Sacramento,2021-01-12,4594,45160,3211,31275,1383,13885,0,0,2612,29201,1982,7987,2616,37188,California
Sacramento,2021-01-13,3850,49010,2224,33499,1626,15511,0,0,2430,30214,1419,9406,2432,39620,California
Sacramento,2021-01-14,4621,53631,2325,35824,2296,17807,0,0,3713,33023,905,10311,3714,43334,California
Sacramento,2021-01-15,4440,58071,2256,38080,2184,19991,0,0,3727,36039,713,11024,3729,47063,California
Sacramento,2021-01-16,2086,60157,1285,39365,801,20792,0,0,1867,37687,219,11243,1867,48930,California
Sacramento,2021-01-17,1677,61834,983,40348,694,21486,0,0,1494,39001,183,11426,1497,50427,California
Sacramento,2021-01-18,2830,64664,1733,42081,1097,22583,0,0,2252,40678,576,12002,2253,52680,California
Sacramento,2021-01-19,4979,69643,3028,45109,1951,24534,0,0,3738,43177,1241,13243,3740,56420,California
Sacramento,2021-01-20,4835,74478,2858,47967,1977,26511,0,0,3608,45562,1229,14472,3614,60034,California
Sacramento,2021-01-21,5233,79711,3026,50993,2207,28718,0,0,4259,48855,968,15440,4261,64295,California
Sacramento,2021-01-22,5030,84741,2693,53686,2337,31055,0,0,4730,53287,299,15739,4731,69026,California
Sacramento,2021-01-23,3755,88496,1568,55254,2187,33242,0,0,3291,56114,464,16203,3291,72317,California
Sacramento,2021-01-24,1624,90120,1016,56270,608,33850,0,0,1381,57254,242,16445,1382,73699,California
Sacramento,2021-01-25,4411,94531,2157,58427,2254,36104,0,0,2940,58726,1471,17916,2943,76642,California
Sacramento,2021-01-26,4757,99288,2160,60587,2597,38701,0,0,3555,61084,1200,19116,3558,80200,California
Sacramento,2021-01-27,5862,105150,3051,63638,2811,41512,0,0,4239,63705,1620,20736,4241,84441,California
Sacramento,2021-01-28,5413,110563,2741,66379,2672,44184,0,0,4311,66917,1101,21837,4313,88754,California
Sacramento,2021-01-29,5420,115983,2942,69321,2478,46662,0,0,4397,70301,1014,22851,4398,93152,California
Sacramento,2021-01-30,4519,120502,2204,71525,2315,48977,0,0,4087,73958,430,23281,4087,97239,California
Sacramento,2021-01-31,2337,122839,2035,73560,302,49279,0,0,2057,75740,277,23558,2059,99298,California
Sacramento,2021-02-01,5940,128779,3036,76596,2904,52183,0,0,4254,78312,1682,25240,4254,103552,California
Sacramento,2021-02-02,7027,135806,3791,80387,3236,55419,0,0,4866,81038,2142,27382,4868,108420,California
Sacramento,2021-02-03,7144,142950,3605,83992,3539,58958,0,0,5283,84471,1852,29234,5285,113705,California
Sacramento,2021-02-04,7764,150714,3681,87673,4083,63041,0,0,5523,87762,2232,31466,5523,119228,California
Sacramento,2021-02-05,7859,158573,4481,92154,3378,66419,0,0,4921,89772,2915,34381,4925,124153,California
Sacramento,2021-02-06,8472,167045,3475,95629,4997,71416,0,0,7124,95552,1346,35727,7126,131279,California
Sacramento,2021-02-07,4066,171111,2199,97828,1867,73283,0,0,2887,97267,1174,36901,2889,134168,California
Sacramento,2021-02-08,6268,177379,3259,101087,3009,76292,0,0,3912,98828,2351,39252,3912,138080,California
Sacramento,2021-02-09,6777,184156,3555,104642,3222,79514,0,0,4002,100065,2766,42018,4003,142083,California
Sacramento,2021-02-10,7698,191854,4212,108854,3486,83000,0,0,4528,101439,3156,45174,4530,146613,California
Sacramento,2021-02-11,9610,201464,5739,114593,3871,86871,0,0,5510,102866,4085,49259,5512,152125,California
Sacramento,2021-02-12,10692,212156,4155,118748,6537,93408,0,0,6405,105049,4225,53484,6408,158533,California
Sacramento,2021-02-13,7682,219838,2992,121740,4690,98098,0,0,6086,109545,1591,55075,6087,164620,California
Sacramento,2021-02-14,3207,223045,1969,123709,1238,99336,0,0,2100,110544,1105,56180,2104,166724,California
Sacramento,2021-02-15,6006,229051,2055,125764,3951,103287,0,0,4175,112897,1825,58005,4178,170902,California
Sacramento,2021-02-16,9257,238308,4215,129979,5042,108329,0,0,5321,114293,3929,61934,5325,176227,California
Sacramento,2021-02-17,8855,247163,4998,134977,3857,112186,0,0,5150,115753,3694,65628,5154,181381,California
Sacramento,2021-02-18,9598,256761,5770,140747,3828,116014,0,0,5739,117647,3849,69477,5743,187124,California
Sacramento,2021-02-19,10081,266842,6183,146930,3898,119912,0,0,5976,119534,4095,73572,5982,193106,California
Sacramento,2021-02-20,7857,274699,5793,152723,2064,121976,0,0,4755,121194,3096,76668,4756,197862,California
Sacramento,2021-02-21,3063,277762,2421,155144,642,122618,0,0,1088,120313,1969,78637,1088,198950,California
Sacramento,2021-02-22,6323,284085,3821,158965,2502,125120,0,0,2787,119580,3524,82161,2791,201741,California
Sacramento,2021-02-23,7290,291375,4514,163479,2776,127896,0,0,3551,119413,3722,85883,3555,205296,California
Sacramento,2021-02-24,9847,301222,5431,168910,4416,132312,0,0,5380,120348,4451,90334,5386,210682,California
Sacramento,2021-02-25,11289,312511,6474,175384,4815,137127,0,0,6636,122347,4637,94971,6636,217318,California
Sacramento,2021-02-26,14418,326929,6795,182179,7623,144750,0,0,9886,127736,4501,99472,9890,227208,California
Sacramento,2021-02-27,11073,338002,6868,189047,4202,148952,3,3,8189,133067,2861,102333,8192,235400,California
Sacramento,2021-02-28,6207,344209,2341,191388,3866,152818,0,3,3106,133087,3087,105420,3107,238507,California
Sacramento,2021-03-01,8630,352839,3619,195007,5009,157827,2,5,4707,133897,3901,109321,4711,243218,California
Sacramento,2021-03-02,9318,362157,4050,199057,5267,163094,1,6,5716,136033,3584,112905,5720,248938,California
Sacramento,2021-03-03,11113,373270,5073,204130,6037,169131,3,9,6672,138290,4420,117325,6677,255615,California
Sacramento,2021-03-04,13481,386751,6196,210326,7281,176412,4,13,7492,139836,5956,123281,7502,263117,California
Sacramento,2021-03-05,10637,397388,4911,215237,5696,182108,30,43,7073,143397,3543,126824,7104,270221,California
Sacramento,2021-03-06,8125,405513,3116,218353,4887,186995,122,165,4119,143645,3992,130816,4240,274461,California
Sacramento,2021-03-07,7628,413141,2218,220571,5321,192316,89,254,3759,143627,3864,134680,3846,278307,California
Sacramento,2021-03-08,9127,422268,4270,224841,4633,196949,224,478,5962,146658,3153,137833,6184,284491,California
Sacramento,2021-03-09,9625,431893,4558,229399,4775,201724,292,770,5536,148414,4071,141904,5827,290318,California
Sacramento,2021-03-10,11796,443689,7540,236939,3902,205626,354,1124,6888,150788,4872,146776,7246,297564,California
Sacramento,2021-03-11,15065,458754,10010,246949,4229,209855,826,1950,8922,154429,6103,152879,9744,307308,California
Sacramento,2021-03-12,18072,476826,8349,255298,8860,218715,863,2813,8846,154970,9175,162054,9716,317024,California
Sacramento,2021-03-13,13034,489860,3582,258880,9023,227738,429,3242,7871,158114,5152,167206,8296,325320,California
Sacramento,2021-03-14,8401,498261,3474,262354,4298,232036,629,3871,4430,159225,3946,171152,5057,330377,California
Sacramento,2021-03-15,12248,510509,4887,267241,6707,238743,654,4525,7059,161775,5164,176316,7714,338091,California
Sacramento,2021-03-16,14026,524535,6219,273460,7154,245897,653,5178,8624,165681,5364,181680,9270,347361,California
Sacramento,2021-03-17,13824,538359,6650,280110,6541,252438,633,5811,8822,170161,4977,186657,9457,356818,California
Sacramento,2021-03-18,15682,554041,8218,288328,6873,259311,591,6402,9938,174979,5710,192367,10528,367346,California
Sacramento,2021-03-19,15631,569672,7994,296322,6266,265577,1371,7773,7901,176538,7704,200071,9263,376609,California
Sacramento,2021-03-20,12933,582605,7547,303869,5046,270623,340,8113,8047,180070,4857,204928,8389,384998,California
Sacramento,2021-03-21,5589,588194,2754,306623,2797,273420,38,8151,4856,184248,720,205648,4898,389896,California
Sacramento,2021-03-22,9385,597579,4809,311432,3725,277145,851,9002,6192,188126,3165,208813,7043,396939,California
Sacramento,2021-03-23,11356,608935,6757,318189,3789,280934,810,9812,7254,192126,4060,212873,8060,404999,California
Sacramento,2021-03-24,11869,620804,7271,325460,3969,284903,629,10441,6718,194404,5069,217942,7347,412346,California
Sacramento,2021-03-25,14177,634981,8347,333807,4993,289896,837,11278,8518,198140,5614,223556,9350,421696,California
Sacramento,2021-03-26,18292,653273,8928,342735,8851,298747,513,11791,9155,198741,9069,232625,9670,431366,California
Sacramento,2021-03-27,9687,662960,3576,346311,5823,304570,288,12079,5095,199559,4561,237186,5379,436745,California
Sacramento,2021-03-28,6531,669491,3222,349533,3060,307630,249,12328,2702,198695,3818,241004,2954,439699,California
Sacramento,2021-03-29,11052,680543,5902,355435,4759,312389,391,12719,4953,197969,6070,247074,5344,445043,California
Sacramento,2021-03-30,11857,692400,6079,361514,5380,317769,398,13117,5998,198529,5836,252910,6396,451439,California
Sacramento,2021-03-31,13437,705837,7863,369377,5181,322950,393,13510,5568,196643,7841,260751,5955,457394,California
Sacramento,2021-04-01,17463,723300,10475,379852,6752,329702,236,13746,7327,194120,10091,270842,7568,464962,California
Sacramento,2021-04-02,17141,740441,9699,389551,6698,336400,744,14490,9008,195770,8101,278943,9751,474713,California
Sacramento,2021-04-03,10454,750895,6242,395793,3662,340062,550,15040,6414,198719,4009,282952,6958,481671,California
Sacramento,2021-04-04,3731,754626,1533,397326,1993,342055,205,15245,1449,198092,2276,285228,1649,483320,California
Sacramento,2021-04-05,12057,766683,7568,404894,3651,345706,838,16083,5376,197656,6644,291872,6208,489528,California
Sacramento,2021-04-06,15652,782335,8863,413757,5447,351153,1342,17425,6916,197205,8703,300575,8252,497780,California
Sacramento,2021-04-07,14856,797191,8031,421788,5218,356371,1607,19032,7156,198296,7658,308233,8749,506529,California
Sacramento,2021-04-08,15062,812253,6780,428568,5305,361676,2977,22009,6002,198231,9024,317257,8959,515488,California
Sacramento,2021-04-09,18307,830560,9369,437937,6730,368406,2208,24217,7431,197023,10835,328092,9627,525115,California
Sacramento,2021-04-10,12882,843442,3839,441776,7823,376229,1220,25437,5349,196064,7503,335595,6544,531659,California
Sacramento,2021-04-11,10789,854231,4338,446114,6224,382453,227,25664,3844,193213,6921,342516,4070,535729,California
Sacramento,2021-04-12,12985,867216,5043,451157,6058,388511,1884,27548,4940,192039,7981,350497,6807,542536,California
Sacramento,2021-04-13,16272,883488,9948,461105,6319,394830,5,27553,7573,190953,8668,359165,7582,550118,California
Sacramento,2021-04-14,14979,898467,7982,469087,6995,401825,2,27555,5897,187809,9053,368218,5909,556027,California
Sacramento,2021-04-15,16393,914860,8425,477512,7965,409790,3,27558,6676,184818,9678,377896,6687,562714,California
Sacramento,2021-04-16,17454,932314,9634,487146,7820,417610,0,27558,7918,183261,9495,387391,7938,570652,California
Sacramento,2021-04-17,15305,947619,6151,493297,9154,426764,0,27558,11092,190165,4194,391585,11098,581750,California
Sacramento,2021-04-18,8448,956067,3068,496365,5380,432144,0,27558,3752,189242,4677,396262,3754,585504,California
Sacramento,2021-04-19,10553,966620,5712,502077,4836,436980,5,27563,4678,188072,5854,402116,4684,590188,California
Sacramento,2021-04-20,11095,977715,6735,508812,4357,441337,3,27566,5903,188812,5170,407286,5910,596098,California
Sacramento,2021-04-21,11482,989197,6641,515453,4839,446176,2,27568,6211,189779,5247,412533,6214,602312,California
Sacramento,2021-04-22,14817,1004014,9897,525350,4917,451093,3,27571,6810,188616,7978,420511,6815,609127,California
Sacramento,2021-04-23,15901,1019915,10006,535356,5895,456988,0,27571,7376,187505,8489,429000,7378,616505,California
Sacramento,2021-04-24,11324,1031239,7002,542358,4321,461309,1,27572,5926,188072,5361,434361,5928,622433,California
Sacramento,2021-04-25,8003,1039242,4476,546834,3527,464836,0,27572,4167,188418,3822,438183,4168,626601,California
Sacramento,2021-04-26,10606,1049848,6613,553447,3969,468805,24,27596,5008,187884,5566,443749,5032,631633,California
Sacramento,2021-04-27,12030,1061878,7895,561342,3981,472786,154,27750,5905,187853,6092,449841,6061,637694,California
Sacramento,2021-04-28,10481,1072359,5851,567193,4424,477210,206,27956,5817,189247,4634,454475,6028,643722,California
Sacramento,2021-04-29,10863,1083222,7310,574503,3250,480460,303,28259,6005,190732,4823,459298,6308,650030,California
Sacramento,2021-04-30,12457,1095679,7814,582317,4382,484842,261,28520,5864,190310,6548,465846,6126,656156,California
Sacramento,2021-05-01,7586,1103265,5477,587794,1934,486776,175,28695,2760,188452,4791,470637,2933,659089,California
Sacramento,2021-05-02,4990,1108255,4296,592090,543,487319,151,28846,2227,188090,2738,473375,2376,661465,California
Sacramento,2021-05-03,9113,1117368,7285,599375,1548,488867,280,29126,3967,187209,5124,478499,4243,665708,California
Sacramento,2021-05-04,9368,1126736,5694,605069,3365,492232,309,29435,3786,185763,5539,484038,4093,669801,California
Sacramento,2021-05-05,11054,1137790,5986,611055,4609,496841,459,29894,4506,184218,6505,490543,4960,674761,California
Sacramento,2021-05-06,11200,1148990,6204,617259,4689,501530,307,30201,4615,182876,6260,496803,4918,679679,California
Sacramento,2021-05-07,10611,1159601,6166,623425,4075,505605,370,30571,4470,181626,6091,502894,4841,684520,California
Sacramento,2021-05-08,8227,1167828,3815,627240,4182,509787,230,30801,2715,179089,5475,508369,2938,687458,California
Sacramento,2021-05-09,3149,1170977,1655,628895,1380,511167,114,30915,1174,178413,1964,510333,1288,688746,California
Sacramento,2021-05-10,8079,1179056,3734,632629,4076,515243,269,31184,1976,174588,6072,516405,2247,690993,California
Sacramento,2021-05-11,8276,1187332,5156,637785,2862,518105,258,31442,2883,172369,5360,521765,3141,694134,California
Sacramento,2021-05-12,8543,1195875,5142,642927,3146,521251,255,31697,3039,170192,5469,527234,3292,697426,California
Sacramento,2021-05-13,11666,1207541,7452,650379,3938,525189,276,31973,4463,167766,7164,534398,4738,702164,California
Sacramento,2021-05-14,12208,1219749,6912,657291,5007,530196,289,32262,5061,166021,7094,541492,5349,707513,California
Sacramento,2021-05-15,13075,1232824,7903,665194,5029,535225,143,32405,5797,164712,7245,548737,5936,713449,California
Sacramento,2021-05-16,7861,1240685,4109,669303,3639,538864,113,32518,2146,161281,5692,554429,2261,715710,California
Sacramento,2021-05-17,10387,1251072,6307,675610,3789,542653,291,32809,3980,159182,6373,560802,4274,719984,California
Sacramento,2021-05-18,9700,1260772,6086,681696,3405,546058,209,33018,3689,157115,5969,566771,3902,723886,California
Sacramento,2021-05-19,9735,1270507,6234,687930,3240,549298,261,33279,4516,156719,5179,571950,4783,728669,California
Sacramento,2021-05-20,10111,1280618,6671,694601,3179,552477,261,33540,3842,154603,6220,578170,4104,732773,California
Sacramento,2021-05-21,10665,1291283,6794,701395,3546,556023,325,33865,4558,153425,6066,584236,4888,737661,California
Sacramento,2021-05-22,7389,1298672,4581,705976,2637,558660,171,34036,3341,152921,4019,588255,3515,741176,California
Sacramento,2021-05-23,4164,1302836,2864,708840,1197,559857,103,34139,1916,152711,2229,590484,2019,743195,California
Sacramento,2021-05-24,7653,1310489,4567,713407,2756,562613,330,34469,2395,150220,5214,595698,2723,745918,California
Sacramento,2021-05-25,6659,1317148,3858,717265,2509,565122,292,34761,2383,148643,4251,599949,2674,748592,California
Sacramento,2021-05-26,8476,1325624,4694,721959,3452,568574,330,35091,2808,146159,5618,605567,3134,751726,California
Sacramento,2021-05-27,6652,1332276,3636,725595,2773,571347,243,35334,2965,145718,3649,609216,3208,754934,California
Sacramento,2021-05-28,8228,1340504,4568,730163,3288,574635,372,35706,3494,144889,4696,613912,3867,758801,California
Sacramento,2021-05-29,4373,1344877,2672,732835,1545,576180,156,35862,2232,145159,2118,616030,2388,761189,California
Sacramento,2021-05-30,1653,1346530,1039,733874,575,576755,39,35901,762,145076,884,616914,801,761990,California
Sacramento,2021-05-31,884,1347414,444,734318,427,577182,13,35914,315,144835,569,617483,328,762318,California
Sacramento,2021-06-01,6931,1354345,4170,738488,2555,579737,206,36120,2675,143498,4215,621698,2878,765196,California
Sacramento,2021-06-02,6073,1360418,3349,741837,2509,582246,215,36335,2318,142319,3710,625408,2531,767727,California
Sacramento,2021-06-03,7413,1367831,5056,746893,2175,584421,182,36517,2251,139630,5121,630529,2432,770159,California
Sacramento,2021-06-04,7024,1374855,4508,751401,2306,586727,210,36727,2279,137405,4714,635243,2489,772648,California
Sacramento,2021-06-05,6158,1381013,4529,755930,1490,588217,139,36866,1794,135000,4336,639579,1931,774579,California
Sacramento,2021-06-06,2338,1383351,1829,757759,452,588669,57,36923,790,134305,1542,641121,847,775426,California
Sacramento,2021-06-07,5546,1388897,3883,761642,1484,590153,179,37102,1601,132163,3919,645040,1777,777203,California
Sacramento,2021-06-08,5347,1394244,3665,765307,1503,591656,179,37281,1787,130598,3534,648574,1969,779172,California
Sacramento,2021-06-09,6120,1400364,4259,769566,1680,593336,181,37462,1626,127963,4442,653016,1807,780979,California
Sacramento,2021-06-10,5345,1405709,3433,772999,1715,595051,197,37659,1667,126198,3630,656646,1865,782844,California
Sacramento,2021-06-11,7472,1413181,5161,778160,2116,597167,195,37854,2028,123009,5412,662058,2223,785067,California
Sacramento,2021-06-12,4615,1417796,3002,781162,1500,598667,113,37967,1241,121004,3359,665417,1354,786421,California
Sacramento,2021-06-13,1910,1419706,1399,782561,469,599136,42,38009,424,119993,1476,666893,465,786886,California
Sacramento,2021-06-14,3570,1423276,2134,784695,1291,600427,145,38154,1044,118670,2513,669406,1190,788076,California
Sacramento,2021-06-15,2817,1426093,1689,786384,990,601417,138,38292,924,117851,1883,671289,1064,789140,California
San Benito,2020-12-16,29,29,29,29,0,0,0,0,29,29,0,0,29,29,California
San Benito,2020-12-17,47,76,47,76,0,0,0,0,47,76,0,0,47,76,California
San Benito,2020-12-18,72,148,72,148,0,0,0,0,72,148,0,0,72,148,California
San Benito,2020-12-19,47,195,47,195,0,0,0,0,47,195,0,0,47,195,California
San Benito,2020-12-20,23,218,23,218,0,0,0,0,23,218,0,0,23,218,California
San Benito,2020-12-21,78,296,78,296,0,0,0,0,78,296,0,0,78,296,California
San Benito,2020-12-22,104,400,104,400,0,0,0,0,104,400,0,0,104,400,California
San Benito,2020-12-23,85,485,74,474,11,11,0,0,85,485,0,0,85,485,California
San Benito,2020-12-24,13,498,5,479,8,19,0,0,13,498,0,0,13,498,California
San Benito,2020-12-25,3,501,3,482,0,19,0,0,3,501,0,0,3,501,California
San Benito,2020-12-26,12,513,4,486,8,27,0,0,12,513,0,0,12,513,California
San Benito,2020-12-27,8,521,7,493,1,28,0,0,8,521,0,0,8,521,California
San Benito,2020-12-28,64,585,37,530,27,55,0,0,64,585,0,0,64,585,California
San Benito,2020-12-29,50,635,21,551,29,84,0,0,50,635,0,0,50,635,California
San Benito,2020-12-30,60,695,38,589,22,106,0,0,60,695,0,0,60,695,California
San Benito,2020-12-31,17,712,2,591,15,121,0,0,17,712,0,0,17,712,California
San Benito,2021-01-02,24,736,23,614,1,122,0,0,24,736,0,0,24,736,California
San Benito,2021-01-03,3,739,1,615,2,124,0,0,3,739,0,0,3,739,California
San Benito,2021-01-04,62,801,24,639,38,162,0,0,62,801,0,0,62,801,California
San Benito,2021-01-05,121,922,37,676,84,246,0,0,118,916,3,3,118,919,California
San Benito,2021-01-06,101,1023,41,717,60,306,0,0,87,989,14,17,87,1006,California
San Benito,2021-01-07,106,1129,68,785,38,344,0,0,54,991,52,69,54,1060,California
San Benito,2021-01-08,184,1313,90,875,94,438,0,0,119,1045,65,134,119,1179,California
San Benito,2021-01-09,44,1357,32,907,12,450,0,0,30,1061,14,148,30,1209,California
San Benito,2021-01-10,16,1373,14,921,2,452,0,0,5,1055,11,159,5,1214,California
San Benito,2021-01-11,174,1547,109,1030,65,517,0,0,72,1025,102,261,72,1286,California
San Benito,2021-01-12,163,1710,58,1088,105,622,0,0,122,1106,41,302,122,1408,California
San Benito,2021-01-13,239,1949,69,1157,170,792,0,0,189,1245,50,352,189,1597,California
San Benito,2021-01-14,134,2083,25,1182,109,901,0,0,114,1340,20,372,115,1712,California
San Benito,2021-01-15,218,2301,21,1203,197,1098,0,0,204,1530,14,386,204,1916,California
San Benito,2021-01-16,25,2326,8,1211,17,1115,0,0,20,1545,5,391,20,1936,California
San Benito,2021-01-17,11,2337,5,1216,6,1121,0,0,8,1550,3,394,8,1944,California
San Benito,2021-01-18,35,2372,22,1238,13,1134,0,0,20,1555,15,409,20,1964,California
San Benito,2021-01-19,152,2524,66,1304,86,1220,0,0,124,1651,28,437,124,2088,California
San Benito,2021-01-20,276,2800,95,1399,181,1401,0,0,231,1838,44,481,231,2319,California
San Benito,2021-01-21,127,2927,33,1432,94,1495,0,0,102,1915,25,506,102,2421,California
San Benito,2021-01-22,238,3165,19,1451,219,1714,0,0,228,2133,10,516,228,2649,California
San Benito,2021-01-23,29,3194,16,1467,13,1727,0,0,12,2128,17,533,12,2661,California
San Benito,2021-01-24,8,3202,3,1470,5,1732,0,0,4,2128,4,537,4,2665,California
San Benito,2021-01-25,65,3267,24,1494,41,1773,0,0,19,2101,46,583,19,2684,California
San Benito,2021-01-26,138,3405,41,1535,97,1870,0,0,85,2133,53,636,85,2769,California
San Benito,2021-01-27,231,3636,70,1605,161,2031,0,0,191,2284,40,676,191,2960,California
San Benito,2021-01-28,150,3786,32,1637,118,2149,0,0,121,2377,28,704,121,3081,California
San Benito,2021-01-29,296,4082,34,1671,262,2411,0,0,271,2624,24,728,271,3352,California
San Benito,2021-01-30,51,4133,33,1704,18,2429,0,0,27,2627,24,752,27,3379,California
San Benito,2021-01-31,15,4148,4,1708,11,2440,0,0,10,2632,5,757,10,3389,California
San Benito,2021-02-01,134,4282,28,1736,106,2546,0,0,91,2680,43,800,91,3480,California
San Benito,2021-02-02,232,4514,49,1785,183,2729,0,0,138,2724,94,894,138,3618,California
San Benito,2021-02-03,343,4857,44,1829,299,3028,0,0,273,2927,70,964,273,3891,California
San Benito,2021-02-04,169,5026,25,1854,144,3172,0,0,123,3004,46,1010,123,4014,California
San Benito,2021-02-05,299,5325,41,1895,258,3430,0,0,235,3175,64,1074,235,4249,California
San Benito,2021-02-06,47,5372,8,1903,39,3469,0,0,31,3190,16,1090,31,4280,California
San Benito,2021-02-07,15,5387,6,1909,9,3478,0,0,14,3203,1,1091,14,4294,California
San Benito,2021-02-08,139,5526,16,1925,123,3601,0,0,93,3250,46,1137,93,4387,California
San Benito,2021-02-09,326,5852,61,1986,265,3866,0,0,193,3310,133,1270,193,4580,California
San Benito,2021-02-10,322,6174,87,2073,235,4101,0,0,113,3215,208,1478,113,4693,California
San Benito,2021-02-11,302,6476,33,2106,269,4370,0,0,201,3315,101,1579,201,4894,California
San Benito,2021-02-12,421,6897,31,2137,390,4760,0,0,213,3321,207,1786,213,5107,California
San Benito,2021-02-13,57,6954,6,2143,51,4811,0,0,46,3356,11,1797,46,5153,California
San Benito,2021-02-14,40,6994,5,2148,35,4846,0,0,30,3376,10,1807,30,5183,California
San Benito,2021-02-15,109,7103,10,2158,99,4945,0,0,99,3465,10,1817,99,5282,California
San Benito,2021-02-16,210,7313,11,2169,199,5144,0,0,106,3468,104,1921,107,5389,California
San Benito,2021-02-17,332,7645,31,2200,301,5445,0,0,282,3700,50,1971,282,5671,California
San Benito,2021-02-18,293,7938,38,2238,255,5700,0,0,70,3547,223,2194,70,5741,California
San Benito,2021-02-19,351,8289,49,2287,302,6002,0,0,180,3556,171,2365,180,5921,California
San Benito,2021-02-20,47,8336,25,2312,22,6024,0,0,37,3583,10,2375,37,5958,California
San Benito,2021-02-21,24,8360,11,2323,13,6037,0,0,17,3593,7,2382,17,5975,California
San Benito,2021-02-22,133,8493,33,2356,100,6137,0,0,98,3657,34,2416,98,6073,California
San Benito,2021-02-23,374,8867,94,2450,280,6417,0,0,259,3801,115,2531,259,6332,California
San Benito,2021-02-24,385,9252,68,2518,317,6734,0,0,245,3906,140,2671,245,6577,California
San Benito,2021-02-25,399,9651,71,2589,328,7062,0,0,277,4059,124,2795,277,6854,California
San Benito,2021-02-26,661,10312,75,2664,586,7648,0,0,413,4224,248,3043,413,7267,California
San Benito,2021-02-27,111,10423,45,2709,66,7714,0,0,93,4299,18,3061,93,7360,California
San Benito,2021-02-28,253,10676,28,2737,225,7939,0,0,244,4534,9,3070,244,7604,California
San Benito,2021-03-01,232,10908,60,2797,172,8111,0,0,161,4623,72,3142,161,7765,California
San Benito,2021-03-02,285,11193,93,2890,192,8303,0,0,214,4766,71,3213,214,7979,California
San Benito,2021-03-03,408,11601,62,2952,346,8649,0,0,232,4824,174,3387,232,8211,California
San Benito,2021-03-04,622,12223,129,3081,478,9127,15,15,436,5078,186,3573,440,8651,California
San Benito,2021-03-05,594,12817,312,3393,270,9397,12,27,378,5254,214,3787,390,9041,California
San Benito,2021-03-06,202,13019,73,3466,115,9512,14,41,150,5366,52,3839,164,9205,California
San Benito,2021-03-07,645,13664,602,4068,20,9532,23,64,613,5970,32,3871,636,9841,California
San Benito,2021-03-08,292,13956,68,4136,177,9709,47,111,168,6061,124,3995,215,10056,California
San Benito,2021-03-09,429,14385,84,4220,245,9954,100,211,139,5984,289,4284,212,10268,California
San Benito,2021-03-10,406,14791,117,4337,193,10147,96,307,234,6142,172,4456,330,10598,California
San Benito,2021-03-11,476,15267,122,4459,199,10346,155,462,210,6241,266,4722,365,10963,California
San Benito,2021-03-12,526,15793,122,4581,309,10655,95,557,233,6279,291,5013,329,11292,California
San Benito,2021-03-13,201,15994,99,4680,83,10738,19,576,128,6356,70,5083,147,11439,California
San Benito,2021-03-14,233,16227,40,4720,173,10911,20,596,179,6502,53,5136,199,11638,California
San Benito,2021-03-15,326,16553,99,4819,208,11119,19,615,192,6579,134,5270,211,11849,California
San Benito,2021-03-16,507,17060,221,5040,254,11373,32,647,353,6808,154,5424,383,12232,California
San Benito,2021-03-17,800,17860,482,5522,296,11669,22,669,566,7158,230,5654,580,12812,California
San Benito,2021-03-18,792,18652,534,6056,205,11874,53,722,574,7559,217,5871,618,13430,California
San Benito,2021-03-19,775,19427,404,6460,348,12222,23,745,573,7953,202,6073,596,14026,California
San Benito,2021-03-20,248,19675,152,6612,85,12307,11,756,187,8090,61,6134,198,14224,California
San Benito,2021-03-21,112,19787,58,6670,49,12356,5,761,82,8147,30,6164,87,14311,California
San Benito,2021-03-22,351,20138,172,6842,154,12510,25,786,219,8259,132,6296,244,14555,California
San Benito,2021-03-23,478,20616,202,7044,266,12776,10,796,219,8228,259,6555,228,14783,California
San Benito,2021-03-24,584,21200,310,7354,267,13043,7,803,360,8372,223,6778,367,15150,California
San Benito,2021-03-25,749,21949,445,7799,300,13343,4,807,445,8521,300,7078,449,15599,California
San Benito,2021-03-26,1032,22981,527,8326,500,13843,5,812,339,8173,692,7770,344,15943,California
San Benito,2021-03-27,348,23329,197,8523,118,13961,33,845,223,8304,125,7895,256,16199,California
San Benito,2021-03-28,731,24060,604,9127,121,14082,6,851,129,7837,602,8497,135,16334,California
San Benito,2021-03-29,344,24404,110,9237,214,14296,20,871,143,7798,201,8698,162,16496,California
San Benito,2021-03-30,588,24992,278,9515,214,14510,96,967,299,7904,289,8987,395,16891,California
San Benito,2021-03-31,603,25595,371,9886,208,14718,24,991,343,8014,257,9244,367,17258,California
San Benito,2021-04-01,960,26555,385,10271,536,15254,39,1030,570,8229,389,9633,604,17862,California
San Benito,2021-04-02,542,27097,260,10531,146,15400,136,1166,267,8358,274,9907,403,18265,California
San Benito,2021-04-03,260,27357,87,10618,108,15508,65,1231,74,8311,186,10093,139,18404,California
San Benito,2021-04-04,143,27500,107,10725,30,15538,6,1237,105,8384,38,10131,111,18515,California
San Benito,2021-04-05,361,27861,173,10898,145,15683,43,1280,150,8365,211,10342,192,18707,California
San Benito,2021-04-06,468,28329,165,11063,124,15807,179,1459,159,8394,309,10651,338,19045,California
San Benito,2021-04-07,950,29279,530,11593,229,16036,191,1650,266,8169,682,11333,457,19502,California
San Benito,2021-04-08,864,30143,430,12023,181,16217,253,1903,225,8009,638,11971,478,19980,California
San Benito,2021-04-09,854,30997,504,12527,258,16475,92,1995,296,7840,557,12528,388,20368,California
San Benito,2021-04-10,355,31352,213,12740,79,16554,63,2058,196,7941,159,12687,260,20628,California
San Benito,2021-04-11,478,31830,273,13013,170,16724,35,2093,270,8017,208,12895,284,20912,California
San Benito,2021-04-12,538,32368,285,13298,136,16860,117,2210,280,8153,257,13152,393,21305,California
San Benito,2021-04-13,756,33124,295,13593,438,17298,23,2233,524,8470,231,13383,548,21853,California
San Benito,2021-04-14,848,33972,669,14262,179,17477,0,2233,402,8432,440,13823,402,22255,California
San Benito,2021-04-15,956,34928,742,15004,213,17690,1,2234,479,8437,476,14299,481,22736,California
San Benito,2021-04-16,704,35632,368,15372,325,18015,11,2245,295,8338,406,14705,307,23043,California
San Benito,2021-04-17,323,35955,226,15598,97,18112,0,2245,130,8274,195,14900,131,23174,California
San Benito,2021-04-18,496,36451,413,16011,83,18195,0,2245,237,8254,259,15159,239,23413,California
San Benito,2021-04-19,743,37194,596,16607,147,18342,0,2245,426,8365,316,15475,427,23840,California
San Benito,2021-04-20,776,37970,406,17013,368,18710,2,2247,492,8579,279,15754,493,24333,California
San Benito,2021-04-21,960,38930,702,17715,258,18968,0,2247,522,8677,424,16178,522,24855,California
San Benito,2021-04-22,904,39834,691,18406,213,19181,0,2247,569,8919,327,16505,569,25424,California
San Benito,2021-04-23,634,40468,400,18806,233,19414,1,2248,344,9022,241,16746,344,25768,California
San Benito,2021-04-24,365,40833,202,19008,163,19577,0,2248,171,9037,156,16902,171,25939,California
San Benito,2021-04-25,206,41039,128,19136,78,19655,0,2248,95,9039,93,16995,95,26034,California
San Benito,2021-04-26,493,41532,391,19527,102,19757,0,2248,259,9125,173,17168,259,26293,California
San Benito,2021-04-27,554,42086,280,19807,267,20024,7,2255,408,9404,136,17304,415,26708,California
San Benito,2021-04-28,555,42641,391,20198,155,20179,9,2264,393,9648,157,17461,401,27109,California
San Benito,2021-04-29,635,43276,234,20432,391,20570,10,2274,254,9548,381,17842,281,27390,California
San Benito,2021-04-30,379,43655,211,20643,161,20731,7,2281,205,9588,172,18014,212,27602,California
San Benito,2021-05-01,202,43857,146,20789,47,20778,9,2290,66,9529,134,18148,75,27677,California
San Benito,2021-05-02,192,44049,164,20953,24,20802,4,2294,59,9459,133,18281,63,27740,California
San Benito,2021-05-03,362,44411,283,21236,69,20871,10,2304,90,9289,272,18553,102,27842,California
San Benito,2021-05-04,407,44818,246,21482,153,21024,8,2312,151,9193,254,18807,158,28000,California
San Benito,2021-05-05,607,45425,426,21908,165,21189,16,2328,210,9025,394,19201,226,28226,California
San Benito,2021-05-06,620,46045,490,22398,114,21303,16,2344,223,8871,393,19594,239,28465,California
San Benito,2021-05-07,449,46494,283,22681,155,21458,11,2355,174,8784,273,19867,186,28651,California
San Benito,2021-05-08,278,46772,226,22907,47,21505,5,2360,157,8825,121,19988,162,28813,California
San Benito,2021-05-09,103,46875,77,22984,23,21528,3,2363,48,8821,55,20043,51,28864,California
San Benito,2021-05-10,416,47291,327,23311,65,21593,24,2387,52,8534,364,20407,77,28941,California
San Benito,2021-05-11,822,48113,411,23722,395,21988,16,2403,183,8097,637,21044,200,29141,California
San Benito,2021-05-12,491,48604,389,24111,89,22077,13,2416,114,7849,376,21420,128,29269,California
San Benito,2021-05-13,688,49292,587,24698,90,22167,11,2427,174,7522,511,21931,184,29453,California
San Benito,2021-05-14,598,49890,443,25141,148,22315,7,2434,234,7400,363,22294,241,29694,California
San Benito,2021-05-15,228,50118,171,25312,51,22366,6,2440,125,7428,103,22397,131,29825,California
San Benito,2021-05-16,170,50288,142,25454,26,22392,2,2442,93,7446,77,22474,95,29920,California
San Benito,2021-05-17,391,50679,314,25768,67,22459,10,2452,178,7423,211,22685,188,30108,California
San Benito,2021-05-18,677,51356,356,26124,316,22775,5,2457,211,7174,466,23151,217,30325,California
San Benito,2021-05-19,577,51933,419,26543,150,22925,8,2465,232,7069,345,23496,240,30565,California
San Benito,2021-05-20,593,52526,468,27011,114,23039,11,2476,315,7118,277,23773,326,30891,California
San Benito,2021-05-21,472,52998,278,27289,177,23216,17,2493,216,7097,254,24027,233,31124,California
San Benito,2021-05-22,298,53296,223,27512,70,23286,5,2498,181,7169,115,24142,187,31311,California
San Benito,2021-05-23,92,53388,54,27566,34,23320,4,2502,34,7148,58,24200,37,31348,California
San Benito,2021-05-24,300,53688,252,27818,41,23361,7,2509,186,7227,114,24314,193,31541,California
San Benito,2021-05-25,527,54215,242,28060,278,23639,7,2516,172,7053,353,24667,179,31720,California
San Benito,2021-05-26,308,54523,190,28250,112,23751,6,2522,128,7007,179,24846,133,31853,California
San Benito,2021-05-27,405,54928,309,28559,73,23824,23,2545,149,6926,256,25102,175,32028,California
San Benito,2021-05-28,287,55215,177,28736,103,23927,7,2552,111,6869,175,25277,118,32146,California
San Benito,2021-05-29,148,55363,126,28862,20,23947,2,2554,63,6849,85,25362,65,32211,California
San Benito,2021-05-30,270,55633,255,29117,15,23962,0,2554,94,6768,175,25537,94,32305,California
San Benito,2021-05-31,102,55735,89,29206,11,23973,2,2556,45,6759,56,25593,47,32352,California
San Benito,2021-06-01,270,56005,122,29328,122,24095,26,2582,99,6713,170,25763,124,32476,California
San Benito,2021-06-02,321,56326,242,29570,76,24171,3,2585,119,6634,202,25965,123,32599,California
San Benito,2021-06-03,340,56666,288,29858,45,24216,7,2592,134,6572,203,26168,141,32740,California
San Benito,2021-06-04,269,56935,202,30060,67,24283,0,2592,87,6478,181,26349,87,32827,California
San Benito,2021-06-05,91,57026,73,30133,17,24300,1,2593,19,6427,71,26420,20,32847,California
San Benito,2021-06-06,59,57085,48,30181,8,24308,3,2596,15,6401,44,26464,18,32865,California
San Benito,2021-06-07,338,57423,299,30480,34,24342,5,2601,87,6244,249,26713,92,32957,California
San Benito,2021-06-08,307,57730,216,30696,76,24418,15,2616,98,6149,208,26921,113,33070,California
San Benito,2021-06-09,245,57975,191,30887,46,24464,8,2624,73,6058,172,27093,81,33151,California
San Benito,2021-06-10,355,58330,326,31213,22,24486,7,2631,70,5853,282,27375,77,33228,California
San Benito,2021-06-11,269,58599,228,31441,20,24506,21,2652,90,5786,178,27553,111,33339,California
San Benito,2021-06-12,150,58749,137,31578,10,24516,3,2655,41,5736,94,27647,44,33383,California
San Benito,2021-06-13,50,58799,38,31616,10,24526,2,2657,14,5723,29,27676,16,33399,California
San Benito,2021-06-14,141,58940,112,31728,26,24552,3,2660,38,5662,102,27778,41,33440,California
San Benito,2021-06-15,119,59059,44,31772,70,24622,5,2665,40,5629,78,27856,45,33485,California
San Bernardino,2020-12-15,13,13,13,13,0,0,0,0,13,13,0,0,13,13,California
San Bernardino,2020-12-16,114,127,114,127,0,0,0,0,114,127,0,0,114,127,California
San Bernardino,2020-12-17,2374,2501,2374,2501,0,0,0,0,2374,2501,0,0,2374,2501,California
San Bernardino,2020-12-18,3169,5670,3166,5667,3,3,0,0,3170,5671,0,0,3170,5671,California
San Bernardino,2020-12-19,1077,6747,1076,6743,1,4,0,0,1078,6749,0,0,1078,6749,California
San Bernardino,2020-12-20,1173,7920,1170,7913,3,7,0,0,1173,7922,0,0,1173,7922,California
San Bernardino,2020-12-21,2469,10389,2463,10376,6,13,0,0,2469,10391,0,0,2469,10391,California
San Bernardino,2020-12-22,2285,12674,2155,12531,130,143,0,0,2285,12676,0,0,2285,12676,California
San Bernardino,2020-12-23,2681,15355,1475,14006,1206,1349,0,0,2679,15355,0,0,2679,15355,California
San Bernardino,2020-12-24,1170,16525,590,14596,580,1929,0,0,1170,16524,1,1,1170,16525,California
San Bernardino,2020-12-25,74,16599,14,14610,60,1989,0,0,74,16598,0,1,74,16599,California
San Bernardino,2020-12-26,463,17062,254,14864,209,2198,0,0,463,17061,0,1,463,17062,California
San Bernardino,2020-12-27,348,17410,161,15025,187,2385,0,0,347,17407,1,2,347,17409,California
San Bernardino,2020-12-28,1580,18990,717,15742,863,3248,0,0,1581,18988,0,2,1581,18990,California
San Bernardino,2020-12-29,2225,21215,1048,16790,1177,4425,0,0,2225,21213,0,2,2225,21215,California
San Bernardino,2020-12-30,2898,24113,1455,18245,1443,5868,0,0,2898,24111,0,2,2898,24113,California
San Bernardino,2020-12-31,1368,25481,440,18685,928,6796,0,0,1366,25477,0,2,1366,25479,California
San Bernardino,2021-01-01,286,25767,153,18838,133,6929,0,0,285,25762,0,2,285,25764,California
San Bernardino,2021-01-02,480,26247,340,19178,140,7069,0,0,480,26242,0,2,480,26244,California
San Bernardino,2021-01-03,136,26383,86,19264,50,7119,0,0,136,26378,0,2,136,26380,California
San Bernardino,2021-01-04,2141,28524,1298,20562,843,7962,0,0,2140,28518,0,2,2140,28520,California
San Bernardino,2021-01-05,2341,30865,1464,22026,877,8839,0,0,2232,30642,108,110,2232,30752,California
San Bernardino,2021-01-06,3464,34329,2368,24394,1096,9935,0,0,2962,33109,496,606,2963,33715,California
San Bernardino,2021-01-07,5444,39773,4521,28915,923,10858,0,0,2489,32662,2936,3542,2489,36204,California
San Bernardino,2021-01-08,5375,45148,4450,33365,925,11783,0,0,2286,31865,3084,6626,2287,38491,California
San Bernardino,2021-01-09,1408,46556,1104,34469,304,12087,0,0,906,32269,502,7128,906,39397,California
San Bernardino,2021-01-10,1023,47579,597,35066,426,12513,0,0,575,32396,448,7576,575,39972,California
San Bernardino,2021-01-11,4988,52567,4083,39149,905,13418,0,0,2764,32940,2220,9796,2764,42736,California
San Bernardino,2021-01-12,4245,56812,3219,42368,1026,14444,0,0,2515,33728,1727,11523,2515,45251,California
San Bernardino,2021-01-13,4600,61412,2865,45233,1735,16179,0,0,3364,35869,1225,12748,3366,48617,California
San Bernardino,2021-01-14,4834,66246,2847,48080,1987,18166,0,0,4246,39531,584,13332,4246,52863,California
San Bernardino,2021-01-15,6024,72270,2997,51077,3027,21193,0,0,5626,44770,390,13722,5629,58492,California
San Bernardino,2021-01-16,2265,74535,1292,52369,973,22166,0,0,2121,46747,144,13866,2121,60613,California
San Bernardino,2021-01-17,1179,75714,505,52874,674,22840,0,0,1095,47761,83,13949,1097,61710,California
San Bernardino,2021-01-18,4276,79990,2643,55517,1633,24473,0,0,3653,50793,623,14572,3655,65365,California
San Bernardino,2021-01-19,6351,86341,3729,59246,2622,27095,0,0,5254,54954,1095,15667,5256,70621,California
San Bernardino,2021-01-20,6883,93224,3782,63028,3101,30196,0,0,4921,57926,1953,17620,4925,75546,California
San Bernardino,2021-01-21,6018,99242,3097,66125,2921,33117,0,0,4896,61714,1114,18734,4902,80448,California
San Bernardino,2021-01-22,6561,105803,3069,69194,3492,36609,0,0,5832,66821,727,19461,5834,86282,California
San Bernardino,2021-01-23,3129,108932,1901,71095,1228,37837,0,0,2734,69161,394,19855,2734,89016,California
San Bernardino,2021-01-24,1200,110132,461,71556,739,38576,0,0,1097,70155,103,19958,1097,90113,California
San Bernardino,2021-01-25,6904,117036,3414,74970,3490,42066,0,0,5056,73369,1845,21803,5059,95172,California
San Bernardino,2021-01-26,7070,124106,3506,78476,3564,45630,0,0,4956,76215,2113,23916,4959,100131,California
San Bernardino,2021-01-27,8563,132669,4165,82641,4398,50028,0,0,5732,79128,2823,26739,5736,105867,California
San Bernardino,2021-01-28,8616,141285,4088,86729,4528,54556,0,0,6285,83087,2326,29065,6285,112152,California
San Bernardino,2021-01-29,8230,149515,3788,90517,4442,58998,0,0,6247,87366,1969,31034,6248,118400,California
San Bernardino,2021-01-30,3094,152609,1890,92407,1204,60202,0,0,2803,89881,289,31323,2804,121204,California
San Bernardino,2021-01-31,928,153537,491,92898,437,60639,0,0,874,90702,53,31376,874,122078,California
San Bernardino,2021-02-01,7589,161126,4256,97154,3333,63972,0,0,4952,93021,2634,34010,4953,127031,California
San Bernardino,2021-02-02,10476,171602,3659,100813,6817,70789,0,0,8411,99372,2061,36071,8412,135443,California
San Bernardino,2021-02-03,9030,180632,4158,104971,4872,75661,0,0,6524,103398,2499,38570,6525,141968,California
San Bernardino,2021-02-04,10519,191151,5173,110144,5346,81007,0,0,7418,107726,3090,41660,7418,149386,California
San Bernardino,2021-02-05,11059,202210,5933,116077,5126,86133,0,0,7499,111678,3548,45208,7500,156886,California
San Bernardino,2021-02-06,5287,207497,2220,118297,3067,89200,0,0,3652,113722,1611,46819,3655,160541,California
San Bernardino,2021-02-07,843,208340,492,118789,351,89551,0,0,467,113817,373,47192,468,161009,California
San Bernardino,2021-02-08,7311,215651,3900,122689,3411,92962,0,0,5638,117783,1672,48864,5638,166647,California
San Bernardino,2021-02-09,10178,225829,5924,128613,4254,97216,0,0,6864,121338,3312,52176,6867,173514,California
San Bernardino,2021-02-10,12112,237941,6468,135081,5644,102860,0,0,7985,125206,4118,56294,7986,181500,California
San Bernardino,2021-02-11,12482,250423,7162,142243,5320,108180,0,0,7949,128649,4509,60803,7952,189452,California
San Bernardino,2021-02-12,10433,260856,5963,148206,4470,112650,0,0,5684,129601,4732,65535,5684,195136,California
San Bernardino,2021-02-13,6056,266912,4035,152241,2021,114671,0,0,3807,131180,2233,67768,3812,198948,California
San Bernardino,2021-02-14,1555,268467,651,152892,904,115575,0,0,876,131384,672,68440,876,199824,California
San Bernardino,2021-02-15,5490,273957,3002,155894,2488,118063,0,0,3070,132046,2408,70848,3070,202894,California
San Bernardino,2021-02-16,12604,286561,7348,163242,5256,123319,0,0,7970,135396,4621,75469,7971,210865,California
San Bernardino,2021-02-17,11823,298384,6471,169713,5352,128671,0,0,7153,137901,4650,80119,7155,218020,California
San Bernardino,2021-02-18,12502,310886,7594,177307,4908,133579,0,0,7708,140831,4779,84898,7709,225729,California
San Bernardino,2021-02-19,11568,322454,5966,183273,5602,139181,0,0,6838,142959,4710,89608,6838,232567,California
San Bernardino,2021-02-20,4532,326986,3476,186749,1056,140237,0,0,2046,142526,2481,92089,2048,234615,California
San Bernardino,2021-02-21,1148,328134,688,187437,460,140697,0,0,405,142188,743,92832,405,235020,California
San Bernardino,2021-02-22,8700,336834,5359,192796,3341,144038,0,0,4052,141606,4636,97468,4054,239074,California
San Bernardino,2021-02-23,9179,346013,5457,198253,3722,147760,0,0,4640,141732,4514,101982,4640,243714,California
San Bernardino,2021-02-24,12493,358506,7193,205446,5300,153060,0,0,6182,141624,6291,108273,6183,249897,California
San Bernardino,2021-02-25,13147,371653,6307,211753,6840,159900,0,0,7665,143828,5464,113737,7668,257565,California
San Bernardino,2021-02-26,13640,385293,6395,218148,7245,167145,0,0,7598,145450,5979,119716,7601,265166,California
San Bernardino,2021-02-27,6684,391977,3739,221887,2944,170089,1,1,4821,148418,1855,121571,4823,269989,California
San Bernardino,2021-02-28,1785,393762,746,222633,1039,171128,0,1,1143,148927,634,122205,1143,271132,California
San Bernardino,2021-03-01,8473,402235,4370,227003,4099,175227,4,5,3850,148191,4598,126803,3862,274994,California
San Bernardino,2021-03-02,13914,416149,5569,232572,8345,183572,0,5,6563,147437,7320,134123,6566,281560,California
San Bernardino,2021-03-03,13081,429230,6651,239223,6427,189999,3,8,6184,146756,6875,140998,6194,287754,California
San Bernardino,2021-03-04,13960,443190,6950,246173,7009,197008,1,9,6076,144974,7863,148861,6081,293835,California
San Bernardino,2021-03-05,14452,457642,7540,253713,6911,203919,1,10,7044,144661,7376,156237,7063,300898,California
San Bernardino,2021-03-06,9761,467403,5468,259181,4068,207987,225,235,4558,144257,5185,161422,4781,305679,California
San Bernardino,2021-03-07,1672,469075,1012,260193,589,208576,71,306,1053,144764,617,162039,1124,306803,California
San Bernardino,2021-03-08,8127,477202,3598,263791,4358,212934,171,477,3613,144046,4505,166544,3787,310590,California
San Bernardino,2021-03-09,13103,490305,7485,271276,5367,218301,251,728,5280,141769,7808,174352,5531,316121,California
San Bernardino,2021-03-10,14254,504559,7864,279140,5832,224133,558,1286,6386,140873,7841,182193,6945,323066,California
San Bernardino,2021-03-11,15643,520202,7248,286388,6802,230935,1593,2879,7398,141637,8222,190415,8986,332052,California
San Bernardino,2021-03-12,15587,535789,6949,293337,6590,237525,2048,4927,7367,142907,8189,198604,9459,341511,California
San Bernardino,2021-03-13,8427,544216,4589,297926,3316,240841,522,5449,4998,145010,3418,202022,5521,347032,California
San Bernardino,2021-03-14,3309,547525,1682,299608,1046,241887,581,6030,1850,145983,1452,203474,2425,349457,California
San Bernardino,2021-03-15,11438,558963,5391,304999,4014,245901,2033,8063,5613,147811,5810,209284,7638,357095,California
San Bernardino,2021-03-16,16258,575221,8045,313044,7270,253171,943,9006,9935,152390,6295,215579,10874,367969,California
San Bernardino,2021-03-17,17487,592708,8695,321739,8042,261213,750,9756,10602,156875,6867,222446,11352,379321,California
San Bernardino,2021-03-18,16692,609400,8260,329999,8044,269257,388,10144,9862,160319,6804,229250,10248,389569,California
San Bernardino,2021-03-19,17037,626437,8451,338450,7988,277245,598,10742,9780,163518,7230,236480,10429,399998,California
San Bernardino,2021-03-20,9504,635941,5997,344447,2912,280157,595,11337,5631,165890,3848,240328,6220,406218,California
San Bernardino,2021-03-21,2814,638755,2289,346736,474,280631,51,11388,2264,167668,537,240865,2315,408533,California
San Bernardino,2021-03-22,9656,648411,4540,351276,4679,285310,437,11825,6997,172464,2638,243503,7434,415967,California
San Bernardino,2021-03-23,15545,663956,8821,360097,6104,291414,620,12445,9610,176781,5912,249415,10229,426196,California
San Bernardino,2021-03-24,15220,679176,7846,367943,7069,298483,305,12750,10090,182083,5094,254509,10396,436592,California
San Bernardino,2021-03-25,17080,696256,8379,376322,8397,306880,304,13054,10805,186963,6223,260732,11103,447695,California
San Bernardino,2021-03-26,18257,714513,8689,385011,8797,315677,771,13825,10914,191336,7310,268042,11683,459378,California
San Bernardino,2021-03-27,10889,725402,7027,392038,3104,318781,758,14583,6202,193628,4667,272709,6959,466337,California
San Bernardino,2021-03-28,3645,729047,2561,394599,971,319752,113,14696,2529,195163,1106,273815,2641,468978,California
San Bernardino,2021-03-29,11818,740865,6138,400737,5279,325031,401,15097,7976,199716,3824,277639,8377,477355,California
San Bernardino,2021-03-30,17023,757888,9497,410234,6808,331839,718,15815,10537,204512,6450,284089,11246,488601,California
San Bernardino,2021-03-31,16630,774518,9368,419602,6623,338462,639,16454,10879,210309,5719,289808,11516,500117,California
San Bernardino,2021-04-01,19884,794402,10503,430105,7952,346414,1429,17883,12753,217395,7087,296895,14173,514290,California
San Bernardino,2021-04-02,18943,813345,9546,439651,8104,354518,1293,19176,11445,222704,7469,304364,12778,527068,California
San Bernardino,2021-04-03,11191,824536,7000,446651,3052,357570,1139,20315,6082,224829,5090,309454,7215,534283,California
San Bernardino,2021-04-04,2510,827046,1509,448160,750,358320,251,20566,1266,225110,1236,310690,1517,535800,California
San Bernardino,2021-04-05,11817,838863,5308,453468,4770,363090,1739,22305,6026,227100,5769,316459,7759,543559,California
San Bernardino,2021-04-06,19809,858672,11151,464619,6540,369630,2118,24423,10459,230364,9303,325762,12567,556126,California
San Bernardino,2021-04-07,21090,879762,11277,475896,7322,376952,2491,26914,11507,234795,9553,335315,13984,570110,California
San Bernardino,2021-04-08,22033,901795,11276,487172,8128,385080,2629,29543,12116,239646,9889,345204,14740,584850,California
San Bernardino,2021-04-09,21893,923688,11147,498319,8164,393244,2582,32125,11909,244179,9946,355150,14479,599329,California
San Bernardino,2021-04-10,15786,939474,8171,506490,3876,397120,3739,35864,7827,247793,7936,363086,11550,610879,California
San Bernardino,2021-04-11,4466,943940,2597,509087,895,398015,974,36838,2041,248382,2419,365505,3008,613887,California
San Bernardino,2021-04-12,13514,957454,6246,515333,5603,403618,1665,38503,6391,249331,7101,372606,8050,621937,California
San Bernardino,2021-04-13,19461,976915,11106,526439,8336,411954,19,38522,11161,252247,8271,380877,11187,633124,California
San Bernardino,2021-04-14,19468,996383,10418,536857,9047,421001,3,38525,10989,254799,8445,389322,10997,644121,California
San Bernardino,2021-04-15,20525,1016908,11489,548346,9030,430031,6,38531,10923,256185,9562,398884,10948,655069,California
San Bernardino,2021-04-16,18791,1035699,10664,559010,8126,438157,1,38532,9234,255947,9515,408399,9277,664346,California
San Bernardino,2021-04-17,11988,1047687,7890,566900,4098,442255,0,38532,6269,256541,5684,414083,6278,670624,California
San Bernardino,2021-04-18,2926,1050613,2012,568912,914,443169,0,38532,1286,256200,1628,415711,1287,671911,California
San Bernardino,2021-04-19,12574,1063187,6704,575616,5870,449039,0,38532,4875,253407,7678,423389,4885,676796,California
San Bernardino,2021-04-20,17646,1080833,9829,585445,7814,456853,3,38535,8061,251912,9560,432949,8065,684861,California
San Bernardino,2021-04-21,18146,1098979,10340,595785,7803,464656,3,38538,7941,249713,10143,443092,7944,692805,California
San Bernardino,2021-04-22,19251,1118230,10992,606777,8255,472911,4,38542,7819,246157,11379,454471,7823,700628,California
San Bernardino,2021-04-23,18522,1136752,10598,617375,7923,480834,1,38543,8051,243787,10424,464895,8054,708682,California
San Bernardino,2021-04-24,12888,1149640,9508,626883,3378,484212,2,38545,6928,244773,5944,470839,6930,715612,California
San Bernardino,2021-04-25,3411,1153051,2228,629111,1183,485395,0,38545,1671,244720,1725,472564,1672,717284,California
San Bernardino,2021-04-26,11141,1164192,5999,635110,5052,490447,90,38635,4764,243235,6337,478901,4852,722136,California
San Bernardino,2021-04-27,16523,1180715,9946,645056,6366,496813,211,38846,6782,240529,9697,488598,6991,729127,California
San Bernardino,2021-04-28,14741,1195456,8744,653800,5721,502534,276,39122,5281,236643,9434,498032,5548,734675,California
San Bernardino,2021-04-29,16241,1211697,9332,663132,6639,509173,270,39392,5376,231457,10828,508860,5642,740317,California
San Bernardino,2021-04-30,16568,1228265,10451,673583,5837,515010,280,39672,6097,227398,10434,519294,6375,746692,California
San Bernardino,2021-05-01,10786,1239051,8439,682022,2032,517042,315,39987,3728,224381,7055,526349,4038,750730,California
San Bernardino,2021-05-02,2933,1241984,2117,684139,684,517726,132,40119,1042,223669,1883,528232,1171,751901,California
San Bernardino,2021-05-03,10045,1252029,5763,689902,3880,521606,402,40521,2895,219829,7136,535368,3296,755197,California
San Bernardino,2021-05-04,15701,1267730,9546,699448,5701,527307,454,40975,4567,213755,11092,546460,5018,760215,California
San Bernardino,2021-05-05,15351,1283081,8829,708277,6110,533417,412,41387,4328,207513,10977,557437,4735,764950,California
San Bernardino,2021-05-06,15802,1298883,9004,717281,6385,539802,413,41800,4297,200756,11465,568902,4708,769658,California
San Bernardino,2021-05-07,15469,1314352,8679,725960,6416,546218,374,42174,4640,194992,10774,579676,5010,774668,California
San Bernardino,2021-05-08,9262,1323614,6137,732097,2858,549076,267,42441,3162,192354,6066,585742,3428,778096,California
San Bernardino,2021-05-09,1812,1325426,1116,733213,607,549683,89,42530,728,192094,1077,586819,817,778913,California
San Bernardino,2021-05-10,7453,1332879,3422,736635,3716,553399,315,42845,2283,189561,5128,591947,2595,781508,California
San Bernardino,2021-05-11,12156,1345035,6712,743347,5094,558493,350,43195,3838,185472,8278,600225,4189,785697,California
San Bernardino,2021-05-12,12658,1357693,6872,750219,5471,563964,315,43510,3746,180664,8864,609089,4056,789753,California
San Bernardino,2021-05-13,13226,1370919,7969,758188,4912,568876,345,43855,5201,178224,7981,617070,5541,795294,California
San Bernardino,2021-05-14,13629,1384548,9049,767237,4250,573126,330,44185,5683,176340,7896,624966,6012,801306,California
San Bernardino,2021-05-15,11269,1395817,8355,775592,2727,575853,187,44372,4532,174348,6705,631671,4713,806019,California
San Bernardino,2021-05-16,2782,1398599,2048,777640,672,576525,62,44434,1310,174265,1454,633125,1371,807390,California
San Bernardino,2021-05-17,10036,1408635,6759,784399,2984,579509,293,44727,4517,173588,5485,638610,4808,812198,California
San Bernardino,2021-05-18,13418,1422053,8808,793207,4362,583871,248,44975,6036,172515,7353,645963,6280,818478,California
San Bernardino,2021-05-19,11508,1433561,7193,800400,3938,587809,377,45352,5332,172081,6139,652102,5705,824183,California
San Bernardino,2021-05-20,11571,1445132,6924,807324,4333,592142,314,45666,5205,171272,6327,658429,5518,829701,California
San Bernardino,2021-05-21,12582,1457714,8334,815658,3869,596011,379,46045,5464,170047,7065,665494,5840,835541,California
San Bernardino,2021-05-22,8874,1466588,6641,822299,2024,598035,209,46254,4250,169924,4578,670072,4455,839996,California
San Bernardino,2021-05-23,2291,1468879,1416,823715,784,598819,91,46345,1087,169906,1195,671267,1177,841173,California
San Bernardino,2021-05-24,6593,1475472,4132,827847,2159,600978,302,46647,2882,169423,3667,674934,3184,844357,California
San Bernardino,2021-05-25,9275,1484747,5689,833536,3330,604308,256,46903,4133,168703,5110,680044,4390,848747,California
San Bernardino,2021-05-26,8184,1492931,5196,838732,2741,607049,247,47150,3790,168377,4359,684403,4033,852780,California
San Bernardino,2021-05-27,7607,1500538,4616,843348,2756,609805,235,47385,3490,168024,4077,688480,3724,856504,California
San Bernardino,2021-05-28,8764,1509302,5454,848802,3041,612846,269,47654,4398,168365,4324,692804,4665,861169,California
San Bernardino,2021-05-29,5013,1514315,3340,852142,1558,614404,115,47769,2630,168744,2365,695169,2744,863913,California
San Bernardino,2021-05-30,1756,1516071,1242,853384,432,614836,82,47851,911,168897,839,696008,992,864905,California
San Bernardino,2021-05-31,891,1516962,566,853950,309,615145,16,47867,321,168668,566,696574,337,865242,California
San Bernardino,2021-06-01,8605,1525567,5564,859514,2799,617944,242,48109,3536,167431,5013,701587,3776,869018,California
San Bernardino,2021-06-02,6807,1532374,4287,863801,2282,620226,238,48347,2962,166818,3811,705398,3198,872216,California
San Bernardino,2021-06-03,7893,1540267,5339,869140,2372,622598,182,48529,2768,164667,5101,710499,2950,875166,California
San Bernardino,2021-06-04,9058,1549325,6144,875284,2622,625220,292,48821,3260,162465,5752,716251,3550,878716,California
San Bernardino,2021-06-05,6481,1555806,4963,880247,1393,626613,125,48946,2335,160799,4123,720374,2457,881173,California
San Bernardino,2021-06-06,2015,1557821,1678,881925,273,626886,64,49010,845,160546,1162,721536,909,882082,California
San Bernardino,2021-06-07,6207,1564028,4840,886765,1154,628040,213,49223,1995,158561,4190,725726,2205,884287,California
San Bernardino,2021-06-08,8355,1572383,6072,892837,2066,630106,217,49440,2736,155958,5552,731278,2949,887236,California
San Bernardino,2021-06-09,6953,1579336,4960,897797,1814,631920,179,49619,2283,153793,4626,735904,2461,889697,California
San Bernardino,2021-06-10,6966,1586302,4951,902748,1821,633741,194,49813,2181,151429,4740,740644,2376,892073,California
San Bernardino,2021-06-11,7886,1594188,5595,908343,2064,635805,227,50040,2825,149457,5021,745665,3049,895122,California
San Bernardino,2021-06-12,5705,1599893,4507,912850,1085,636890,113,50153,1646,147180,4034,749699,1757,896879,California
San Bernardino,2021-06-13,1454,1601347,1022,913872,361,637251,71,50224,395,146594,1051,750750,465,897344,California
San Bernardino,2021-06-14,3754,1605101,2563,916435,1029,638280,162,50386,1294,145605,2444,753194,1455,898799,California
San Bernardino,2021-06-15,3125,1608226,2282,918717,686,638966,157,50543,1011,144686,2082,755276,1163,899962,California
San Diego,2020-12-15,120,120,120,120,0,0,0,0,120,120,0,0,120,120,California
San Diego,2020-12-16,1106,1226,1106,1226,0,0,0,0,1106,1226,0,0,1106,1226,California
San Diego,2020-12-17,2351,3577,2351,3577,0,0,0,0,2351,3577,0,0,2351,3577,California
San Diego,2020-12-18,3674,7251,3673,7250,1,1,0,0,3674,7251,0,0,3674,7251,California
San Diego,2020-12-19,2313,9564,2313,9563,0,1,0,0,2313,9564,0,0,2313,9564,California
San Diego,2020-12-20,1188,10752,1187,10750,1,2,0,0,1188,10752,0,0,1188,10752,California
San Diego,2020-12-21,3524,14276,3522,14272,2,4,0,0,3524,14276,0,0,3524,14276,California
San Diego,2020-12-22,4064,18340,3420,17692,644,648,0,0,4064,18340,0,0,4064,18340,California
San Diego,2020-12-23,3180,21520,1978,19670,1202,1850,0,0,3180,21520,0,0,3180,21520,California
San Diego,2020-12-24,2736,24256,2219,21889,517,2367,0,0,2736,24256,0,0,2736,24256,California
San Diego,2020-12-25,876,25132,875,22764,1,2368,0,0,876,25132,0,0,876,25132,California
San Diego,2020-12-26,3289,28421,2141,24905,1148,3516,0,0,3289,28421,0,0,3289,28421,California
San Diego,2020-12-27,2511,30932,1619,26524,892,4408,0,0,2510,30930,1,1,2510,30931,California
San Diego,2020-12-28,5914,36846,4227,30751,1687,6095,0,0,5914,36844,0,1,5914,36845,California
San Diego,2020-12-29,5577,42423,3003,33754,2574,8669,0,0,5577,42421,0,1,5577,42422,California
San Diego,2020-12-30,5952,48375,3105,36859,2847,11516,0,0,5952,48373,0,1,5952,48374,California
San Diego,2020-12-31,3037,51412,1054,37913,1983,13499,0,0,3037,51410,0,1,3037,51411,California
San Diego,2021-01-01,1007,52419,453,38366,554,14053,0,0,1007,52417,0,1,1007,52418,California
San Diego,2021-01-02,3748,56167,1304,39670,2444,16497,0,0,3748,56165,0,1,3748,56166,California
San Diego,2021-01-03,858,57025,633,40303,225,16722,0,0,857,57022,0,1,857,57023,California
San Diego,2021-01-04,3708,60733,2055,42358,1653,18375,0,0,3701,60723,0,1,3701,60724,California
San Diego,2021-01-05,4382,65115,2186,44544,2196,20571,0,0,3766,63889,612,613,3778,64502,California
San Diego,2021-01-06,4947,70062,2290,46834,2657,23228,0,0,3713,66395,1211,1824,3717,68219,California
San Diego,2021-01-07,5670,75732,2986,49820,2684,25912,0,0,3507,67754,2156,3980,3515,71734,California
San Diego,2021-01-08,7869,83601,4944,54764,2925,28837,0,0,4081,68083,3771,7751,4100,75834,California
San Diego,2021-01-09,3501,87102,1942,56706,1559,30396,0,0,1951,68507,1538,9289,1962,77796,California
San Diego,2021-01-10,1882,88984,1295,58001,587,30983,0,0,778,68203,1092,10381,788,78584,California
San Diego,2021-01-11,10343,99327,5865,63866,4478,35461,0,0,6809,71504,3527,13908,6828,85412,California
San Diego,2021-01-12,11205,110532,5317,69183,5888,41349,0,0,7826,76073,3370,17278,7939,93351,California
San Diego,2021-01-13,11518,122050,5059,74242,6459,47808,0,0,8971,82534,2535,19813,8996,102347,California
San Diego,2021-01-14,12371,134421,4749,78991,7622,55430,0,0,10200,90608,2163,21976,10237,112584,California
San Diego,2021-01-15,15135,149556,5355,84346,9780,65210,0,0,12487,100522,2629,24605,12543,125127,California
San Diego,2021-01-16,10777,160333,3593,87939,7184,72394,0,0,9331,108444,1441,26046,9363,134490,California
San Diego,2021-01-17,8688,169021,2500,90439,6188,78582,0,0,7848,115472,840,26886,7868,142358,California
San Diego,2021-01-18,12885,181906,6319,96758,6566,85148,0,0,10032,122746,2821,29707,10095,152453,California
San Diego,2021-01-19,14609,196515,5677,102435,8932,94080,0,0,11493,131402,3106,32813,11762,164215,California
San Diego,2021-01-20,18334,214849,6390,108825,11944,106024,0,0,15003,143282,3311,36124,15191,179406,California
San Diego,2021-01-21,17307,232156,5782,114607,11525,117549,0,0,15919,157965,1379,37503,16062,195468,California
San Diego,2021-01-22,17581,249737,4651,119258,12930,130479,0,0,15545,171572,2022,39525,15629,211097,California
San Diego,2021-01-23,14484,264221,5270,124528,9214,139693,0,0,12124,181411,2349,41874,12188,223285,California
San Diego,2021-01-24,11859,276080,3298,127826,8561,148254,0,0,10882,191361,975,42849,10925,234210,California
San Diego,2021-01-25,12254,288334,5778,133604,6476,154730,0,0,9230,197733,3016,45865,9388,243598,California
San Diego,2021-01-26,15140,303474,7842,141446,7298,162028,0,0,11744,206272,3394,49259,11933,255531,California
San Diego,2021-01-27,20575,324049,7926,149372,12649,174677,0,0,17552,220955,3014,52273,17697,273228,California
San Diego,2021-01-28,21300,345349,7633,157005,13667,188344,0,0,19021,237797,2268,54541,19110,292338,California
San Diego,2021-01-29,19637,364986,6374,163379,13263,201607,0,0,17192,252606,2435,56976,17244,309582,California
San Diego,2021-01-30,15820,380806,3574,166953,12246,213853,0,0,13131,263159,2679,59655,13232,322814,California
San Diego,2021-01-31,14777,395583,5720,172673,9057,222910,0,0,14414,277248,359,60014,14448,337262,California
San Diego,2021-02-01,20843,416426,7541,180214,13302,236212,0,0,17281,291065,3549,63563,17366,354628,California
San Diego,2021-02-02,22917,439343,8374,188588,14543,250755,0,0,19642,307611,3266,66829,19812,374440,California
San Diego,2021-02-03,27441,466784,11531,200119,15910,266665,0,0,23121,326626,4301,71130,23316,397756,California
San Diego,2021-02-04,24159,490943,9790,209909,14369,281034,0,0,19522,341818,4620,75750,19812,417568,California
San Diego,2021-02-05,24888,515831,8838,218747,16050,297084,0,0,18184,353792,6679,82429,18653,436221,California
San Diego,2021-02-06,20761,536592,8534,227281,12227,309311,0,0,17508,368275,3250,85679,17733,453954,California
San Diego,2021-02-07,12142,548734,5377,232658,6765,316076,0,0,10256,376916,1875,87554,10516,464470,California
San Diego,2021-02-08,20117,568851,8518,241176,11599,327675,0,0,12658,382820,7448,95002,13352,477822,California
San Diego,2021-02-09,20501,589352,8328,249504,12173,339848,0,0,13188,389799,7292,102294,14271,492093,California
San Diego,2021-02-10,22965,612317,9328,258832,13637,353485,0,0,13831,395936,9080,111374,15217,507310,California
San Diego,2021-02-11,23852,636169,10183,269015,13669,367154,0,0,12763,399335,11061,122435,14460,521770,California
San Diego,2021-02-12,23826,659995,7428,276443,16398,383552,0,0,11848,401508,11961,134396,14134,535904,California
San Diego,2021-02-13,20026,680021,9018,285461,11008,394560,0,0,10891,404477,9128,143524,12097,548001,California
San Diego,2021-02-14,11188,691209,7431,292892,3757,398317,0,0,6318,407448,4866,148390,7837,555838,California
San Diego,2021-02-15,15251,706460,7738,300630,7513,405830,0,0,7802,410894,7427,155817,10873,566711,California
San Diego,2021-02-16,19306,725766,11278,311908,8028,413858,0,0,9216,413027,10078,165895,12211,578922,California
San Diego,2021-02-17,23421,749187,11002,322910,12419,426277,0,0,8113,408942,15294,181189,11209,590131,California
San Diego,2021-02-18,23580,772767,12007,334917,11573,437850,0,0,7761,404995,15808,196997,11861,601992,California
San Diego,2021-02-19,15920,788687,10925,345842,4995,442845,0,0,6616,404325,9286,206283,8616,610608,California
San Diego,2021-02-20,10266,798953,6363,352205,3903,446748,0,0,5787,407561,4476,210759,7712,618320,California
San Diego,2021-02-21,11579,810532,10164,362369,1415,448163,0,0,5179,407871,6394,217153,6704,625024,California
San Diego,2021-02-22,12460,822992,10596,372965,1864,450027,0,0,5748,408571,6706,223859,7406,632430,California
San Diego,2021-02-23,25858,848850,14480,387445,11378,461405,0,0,9597,407832,16251,240110,15512,647942,California
San Diego,2021-02-24,28945,877795,12752,400197,16193,477598,0,0,6820,400003,22105,262215,14276,662218,California
San Diego,2021-02-25,33188,910983,14703,414900,18485,496083,0,0,10088,395437,23080,285295,18514,680732,California
San Diego,2021-02-26,33487,944470,12402,427302,21085,517168,0,0,12094,393301,21363,306658,19227,699959,California
San Diego,2021-02-27,21241,965711,9681,436983,11560,528728,0,0,11427,399205,9808,316466,15712,715671,California
San Diego,2021-02-28,15279,980990,9985,446968,5294,534022,0,0,9504,405732,5774,322240,12301,727972,California
San Diego,2021-03-01,24258,1005248,14317,461285,9939,543961,2,2,14714,414864,9466,331706,18598,746570,California
San Diego,2021-03-02,26169,1031417,14083,475368,12086,556047,0,2,12730,420876,13428,345134,19440,766010,California
San Diego,2021-03-03,34042,1065459,15960,491328,18079,574126,3,5,14058,421908,19963,365097,20995,787005,California
San Diego,2021-03-04,28312,1093771,14108,505436,14204,588330,0,5,12589,425576,15701,380798,19369,806374,California
San Diego,2021-03-05,29007,1122778,14913,520349,14012,602342,82,87,13493,430406,15488,396286,20318,826692,California
San Diego,2021-03-06,23430,1146208,9584,529933,13145,615487,701,788,10325,433040,13094,409380,15728,842420,California
San Diego,2021-03-07,18237,1164445,9327,539260,8339,623826,571,1359,6907,432871,11321,420701,11152,853572,California
San Diego,2021-03-08,23109,1187554,11234,550494,10966,634792,909,2268,11445,438475,11643,432344,17247,870819,California
San Diego,2021-03-09,25886,1213440,11968,562462,12159,646951,1759,4027,10097,438503,15773,448117,15801,886620,California
San Diego,2021-03-10,25522,1238962,10780,573242,12344,659295,2398,6425,10066,439624,15441,463558,16562,903182,California
San Diego,2021-03-11,28623,1267585,10999,584241,14026,673321,3598,10023,9931,438466,18667,482225,17509,920691,California
San Diego,2021-03-12,27296,1294881,9568,593809,14589,687910,3139,13162,9985,438005,17299,499524,16838,937529,California
San Diego,2021-03-13,26216,1321097,7278,601087,17145,705055,1793,14955,10110,437992,16099,515623,16086,953615,California
San Diego,2021-03-14,13878,1334975,5495,606582,7643,712698,740,15695,4794,436794,9076,524699,7878,961493,California
San Diego,2021-03-15,22054,1357029,10186,616768,11085,723783,783,16478,9025,436702,13015,537714,12923,974416,California
San Diego,2021-03-16,30009,1387038,15794,632562,13804,737587,411,16889,15723,441646,14262,551976,19206,993622,California
San Diego,2021-03-17,26357,1413395,12269,644831,13368,750955,720,17609,16791,451667,9550,561526,19571,1013193,California
San Diego,2021-03-18,31540,1444935,17822,662653,12794,763749,924,18533,17016,456659,14488,576014,19480,1032673,California
San Diego,2021-03-19,30379,1475314,14414,677067,14917,778666,1048,19581,19405,467367,10953,586967,21661,1054334,California
San Diego,2021-03-20,27925,1503239,8471,685538,17650,796316,1804,21385,21441,485253,6473,593440,24359,1078693,California
San Diego,2021-03-21,16587,1519826,12111,697649,3759,800075,717,22102,7703,486138,8870,602310,9755,1088448,California
San Diego,2021-03-22,22575,1542401,13163,710812,9127,809202,285,22387,14337,495304,8227,610537,17393,1105841,California
San Diego,2021-03-23,26010,1568411,13643,724455,12082,821284,285,22672,17110,505863,8885,619422,19444,1125285,California
San Diego,2021-03-24,29598,1598009,19784,744239,9422,830706,392,23064,17090,512917,12495,631917,19549,1144834,California
San Diego,2021-03-25,30429,1628438,18334,762573,11404,842110,691,23755,18001,521325,12412,644329,20820,1165654,California
San Diego,2021-03-26,32188,1660626,17962,780535,13651,855761,575,24330,17500,527578,14661,658990,20914,1186568,California
San Diego,2021-03-27,25557,1686183,11085,791620,14079,869840,393,24723,15711,536114,9830,668820,18366,1204934,California
San Diego,2021-03-28,15113,1701296,9266,800886,5790,875630,57,24780,9282,541106,5824,674644,10816,1215750,California
San Diego,2021-03-29,26767,1728063,12942,813828,13189,888819,636,25416,16450,550345,10306,684950,19545,1235295,California
San Diego,2021-03-30,33299,1761362,17947,831775,14560,903379,792,26208,22036,563752,11250,696200,24657,1259952,California
San Diego,2021-03-31,30496,1791858,18807,850582,10978,914357,711,26919,20637,576363,9843,706043,22454,1282406,California
San Diego,2021-04-01,34367,1826225,20069,870651,12794,927151,1504,28423,23242,591331,11105,717148,26073,1308479,California
San Diego,2021-04-02,35840,1862065,20703,891354,12325,939476,2812,31235,24120,608000,11702,728850,28371,1336850,California
San Diego,2021-04-03,30945,1893010,14493,905847,11804,951280,4648,35883,19730,622382,11202,740052,25584,1362434,California
San Diego,2021-04-04,9095,1902105,5222,911069,2925,954205,948,36831,4816,624056,4274,744326,5948,1368382,California
San Diego,2021-04-05,29780,1931885,15416,926485,11710,965915,2654,39485,19390,638223,10375,754701,24542,1392924,California
San Diego,2021-04-06,38776,1970661,20398,946883,12457,978372,5921,45406,22330,652163,16429,771130,30369,1423293,California
San Diego,2021-04-07,35869,2006530,21996,968879,9295,987667,4578,49984,20314,662740,15533,786663,26110,1449403,California
San Diego,2021-04-08,35272,2041802,21385,990264,9715,997382,4172,54156,21300,676852,13954,800617,28066,1477469,California
San Diego,2021-04-09,38452,2080254,22938,1013202,10296,1007678,5218,59374,20781,688570,17606,818223,29324,1506793,California
San Diego,2021-04-10,29213,2109467,11792,1024994,13410,1021088,4011,63385,15101,696613,14103,832326,22146,1528939,California
San Diego,2021-04-11,16267,2125734,10081,1035075,3872,1024960,2314,65699,7232,700143,9031,841357,12561,1541500,California
San Diego,2021-04-12,30866,2156600,12870,1047945,13670,1038630,4326,70025,17157,711621,13695,855052,25173,1566673,California
San Diego,2021-04-13,37246,2193846,17803,1065748,19407,1058037,36,70061,24772,726824,12452,867504,27655,1594328,California
San Diego,2021-04-14,33098,2226944,18931,1084679,14154,1072191,13,70074,17874,733876,15214,882718,22266,1616594,California
San Diego,2021-04-15,39598,2266542,20399,1105078,19194,1091385,5,70079,24102,745389,15474,898192,26987,1643581,California
San Diego,2021-04-16,33856,2300398,18593,1123671,15260,1106645,3,70082,19613,753223,14183,912375,22017,1665598,California
San Diego,2021-04-17,27914,2328312,13544,1137215,14370,1121015,0,70082,12349,753173,15472,927847,15422,1681020,California
San Diego,2021-04-18,14498,2342810,8912,1146127,5583,1126598,3,70085,6742,755138,7742,935589,9707,1690727,California
San Diego,2021-04-19,26606,2369416,13579,1159706,13026,1139624,1,70086,12498,755314,14090,949679,14266,1704993,California
San Diego,2021-04-20,39132,2408548,17857,1177563,21273,1160897,2,70088,19903,758993,19210,968889,22889,1727882,California
San Diego,2021-04-21,35091,2443639,20946,1198509,14145,1175042,0,70088,16983,760937,18072,986961,20016,1747898,California
San Diego,2021-04-22,44711,2488350,22966,1221475,21741,1196783,4,70092,22431,764169,22245,1009206,25477,1773375,California
San Diego,2021-04-23,42310,2530660,26041,1247516,16267,1213050,2,70094,15774,756624,26505,1035711,18960,1792335,California
San Diego,2021-04-24,34984,2565644,18874,1266390,16095,1229145,15,70109,15588,756047,19358,1055069,18781,1811116,California
San Diego,2021-04-25,12701,2578345,7726,1274116,4975,1234120,0,70109,5924,756578,6768,1061837,7299,1818415,California
San Diego,2021-04-26,33359,2611704,16696,1290812,16528,1250648,135,70244,11683,751269,21656,1083493,16347,1834762,California
San Diego,2021-04-27,44853,2656557,24642,1315454,19660,1270308,551,70795,19758,749701,25054,1108547,23486,1858248,California
San Diego,2021-04-28,38367,2694924,22639,1338093,15052,1285360,676,71471,17355,749006,20977,1129524,20282,1878530,California
San Diego,2021-04-29,38179,2733103,24303,1362396,13217,1298577,659,72130,15441,744122,22700,1152224,17816,1896346,California
San Diego,2021-04-30,38215,2771318,23152,1385548,13975,1312552,1088,73218,14951,738764,23227,1175451,17869,1914215,California
San Diego,2021-05-01,24376,2795694,10740,1396288,12992,1325544,644,73862,9573,736339,14794,1190245,12369,1926584,California
San Diego,2021-05-02,10727,2806421,7539,1403827,2602,1328146,586,74448,3281,733101,7442,1197687,4204,1930788,California
San Diego,2021-05-03,25348,2831769,12475,1416302,11715,1339861,1158,75606,9362,728456,15967,1213654,11322,1942110,California
San Diego,2021-05-04,31997,2863766,17647,1433949,13021,1352882,1329,76935,11553,722031,20418,1234072,13993,1956103,California
San Diego,2021-05-05,27750,2891516,17038,1450987,9420,1362302,1292,78227,10602,717755,17127,1251199,12851,1968954,California
San Diego,2021-05-06,28474,2919990,18839,1469826,8716,1371018,919,79146,10836,714385,17612,1268811,14242,1983196,California
San Diego,2021-05-07,29746,2949736,19532,1489358,9163,1380181,1051,80197,11060,709056,18650,1287461,13321,1996517,California
San Diego,2021-05-08,22903,2972639,10809,1500167,11339,1391520,755,80952,7286,702939,15595,1303056,9478,2005995,California
San Diego,2021-05-09,7561,2980200,5686,1505853,1467,1392987,408,81360,2662,701544,4893,1307949,3498,2009493,California
San Diego,2021-05-10,21712,3001912,8474,1514327,12407,1405394,831,82191,5923,693818,15763,1323712,8037,2017530,California
San Diego,2021-05-11,28282,3030194,11620,1525947,15844,1421238,818,83009,9899,687883,18362,1342074,12427,2029957,California
San Diego,2021-05-12,23178,3053372,12632,1538579,9666,1430904,880,83889,8652,684093,14501,1356575,10711,2040668,California
San Diego,2021-05-13,31497,3084869,19106,1557685,11762,1442666,629,84518,13208,682375,18235,1374810,16517,2057185,California
San Diego,2021-05-14,30828,3115697,19735,1577420,10246,1452912,847,85365,14073,682667,16719,1391529,17011,2074196,California
San Diego,2021-05-15,26264,3141961,16493,1593913,8939,1461851,832,86197,10916,680055,15297,1406826,12685,2086881,California
San Diego,2021-05-16,13324,3155285,10051,1603964,2700,1464551,573,86770,6677,681050,6636,1413462,7631,2094512,California
San Diego,2021-05-17,21460,3176745,13028,1616992,7674,1472225,758,87528,8998,679249,12427,1425889,10626,2105138,California
San Diego,2021-05-18,34250,3210995,19372,1636364,14001,1486226,877,88405,13368,674093,20849,1446738,15693,2120831,California
San Diego,2021-05-19,28549,3239544,17945,1654309,9793,1496019,811,89216,12184,671876,16337,1463075,14120,2134951,California
San Diego,2021-05-20,34796,3274340,19264,1673573,14702,1510721,830,90046,11788,663261,22979,1486054,14364,2149315,California
San Diego,2021-05-21,26965,3301305,17270,1690843,8690,1519411,1005,91051,10983,660736,15949,1502003,13424,2162739,California
San Diego,2021-05-22,21014,3322319,12079,1702922,7782,1527193,1153,92204,8585,659424,12409,1514412,11097,2173836,California
San Diego,2021-05-23,7296,3329615,5166,1708088,1811,1529004,319,92523,3487,659957,3787,1518199,4320,2178156,California
San Diego,2021-05-24,17687,3347302,9008,1717096,6776,1535780,1903,94426,6355,657748,11313,1529512,9104,2187260,California
San Diego,2021-05-25,24241,3371543,13261,1730357,9148,1544928,1832,96258,8601,653720,15612,1545124,11584,2198844,California
San Diego,2021-05-26,19214,3390757,10672,1741029,6525,1551453,2017,98275,6677,650927,12507,1557631,9714,2208558,California
San Diego,2021-05-27,20639,3411396,12062,1753091,6179,1557632,2398,100673,7031,648028,13591,1571222,10692,2219250,California
San Diego,2021-05-28,21233,3432629,13289,1766380,7223,1564855,721,101394,8464,645782,12754,1583976,10508,2229758,California
San Diego,2021-05-29,12082,3444711,7648,1774028,3934,1568789,500,101894,5264,645351,6805,1590781,6374,2236132,California
San Diego,2021-05-30,4723,3449434,3229,1777257,1108,1569897,386,102280,2076,645459,2642,1593423,2750,2238882,California
San Diego,2021-05-31,2611,3452045,1765,1779022,674,1570571,172,102452,884,644938,1723,1595146,1202,2240084,California
San Diego,2021-06-01,21366,3473411,11430,1790452,8294,1578865,1642,104094,6074,638459,15269,1610415,8790,2248874,California
San Diego,2021-06-02,17088,3490499,8839,1799291,6172,1585037,2077,106171,5602,635536,11463,1621878,8540,2257414,California
San Diego,2021-06-03,19269,3509768,12077,1811368,5383,1590420,1809,107980,5319,629920,13930,1635808,8314,2265728,California
San Diego,2021-06-04,19858,3529626,13908,1825276,5334,1595754,616,108596,5956,624668,13873,1649681,8621,2274349,California
San Diego,2021-06-05,15853,3545479,12067,1837343,2997,1598751,789,109385,4573,619870,11263,1660944,6465,2280814,California
San Diego,2021-06-06,5588,3551067,4559,1841902,713,1599464,316,109701,1758,619033,3822,1664766,2985,2283799,California
San Diego,2021-06-07,12815,3563882,8083,1849985,3381,1602845,1351,111052,3615,615707,9183,1673949,5857,2289656,California
San Diego,2021-06-08,20500,3584382,14523,1864508,4086,1606931,1891,112943,5136,608647,15351,1689300,8291,2297947,California
San Diego,2021-06-09,17059,3601441,11400,1875908,3728,1610659,1931,114874,4422,603586,12622,1701922,7561,2305508,California
San Diego,2021-06-10,17583,3619024,11588,1887496,3923,1614582,2072,116946,4360,598054,13199,1715121,7667,2313175,California
San Diego,2021-06-11,14988,3634012,9274,1896770,4357,1618939,1357,118303,4049,593561,10915,1726036,6422,2319597,California
San Diego,2021-06-12,10932,3644944,8391,1905161,2140,1621079,401,118704,3216,590220,7699,1733735,4358,2323955,California
San Diego,2021-06-13,2875,3647819,2190,1907351,495,1621574,190,118894,714,589374,2157,1735892,1311,2325266,California
San Diego,2021-06-14,5863,3653682,2845,1910196,1094,1622668,1924,120818,1478,588807,4379,1740271,3812,2329078,California
San Diego,2021-06-15,4339,3658021,1327,1911523,739,1623407,2273,123091,1106,589875,3226,1743497,4294,2333372,California
San Francisco,2020-12-15,8,8,8,8,0,0,0,0,8,8,0,0,8,8,California
San Francisco,2020-12-16,231,239,231,239,0,0,0,0,231,239,0,0,231,239,California
San Francisco,2020-12-17,417,656,417,656,0,0,0,0,417,656,0,0,417,656,California
San Francisco,2020-12-18,911,1567,910,1566,1,1,0,0,911,1567,0,0,911,1567,California
San Francisco,2020-12-19,608,2175,608,2174,0,1,0,0,608,2175,0,0,608,2175,California
San Francisco,2020-12-20,481,2656,481,2655,0,1,0,0,481,2656,0,0,481,2656,California
San Francisco,2020-12-21,1163,3819,1163,3818,0,1,0,0,1163,3819,0,0,1163,3819,California
San Francisco,2020-12-22,1406,5225,1372,5190,34,35,0,0,1406,5225,0,0,1406,5225,California
San Francisco,2020-12-23,1359,6584,1059,6249,300,335,0,0,1359,6584,0,0,1359,6584,California
San Francisco,2020-12-24,846,7430,503,6752,343,678,0,0,846,7430,0,0,846,7430,California
San Francisco,2020-12-25,35,7465,28,6780,7,685,0,0,35,7465,0,0,35,7465,California
San Francisco,2020-12-26,250,7715,154,6934,96,781,0,0,250,7715,0,0,250,7715,California
San Francisco,2020-12-27,272,7987,58,6992,214,995,0,0,272,7987,0,0,272,7987,California
San Francisco,2020-12-28,1279,9266,692,7684,587,1582,0,0,1279,9266,0,0,1279,9266,California
San Francisco,2020-12-29,1259,10525,629,8313,630,2212,0,0,1259,10525,0,0,1259,10525,California
San Francisco,2020-12-30,1499,12024,784,9097,715,2927,0,0,1499,12024,0,0,1499,12024,California
San Francisco,2020-12-31,983,13007,415,9512,568,3495,0,0,982,13006,0,0,982,13006,California
San Francisco,2021-01-01,104,13111,77,9589,27,3522,0,0,104,13110,0,0,104,13110,California
San Francisco,2021-01-02,344,13455,308,9897,36,3558,0,0,344,13454,0,0,344,13454,California
San Francisco,2021-01-03,300,13755,106,10003,194,3752,0,0,299,13752,1,1,299,13753,California
San Francisco,2021-01-04,1847,15602,1360,11363,487,4239,0,0,1844,15593,3,4,1844,15597,California
San Francisco,2021-01-05,2239,17841,1425,12788,814,5053,0,0,2200,17756,39,43,2202,17799,California
San Francisco,2021-01-06,1878,19719,1166,13954,712,5765,0,0,1607,19095,269,312,1608,19407,California
San Francisco,2021-01-07,2077,21796,1208,15162,869,6634,0,0,1603,20227,471,783,1603,21010,California
San Francisco,2021-01-08,2346,24142,1648,16810,698,7332,0,0,1480,20846,861,1644,1480,22490,California
San Francisco,2021-01-09,1404,25546,904,17714,500,7832,0,0,893,21231,510,2154,895,23385,California
San Francisco,2021-01-10,922,26468,542,18256,380,8212,0,0,463,21236,458,2612,463,23848,California
San Francisco,2021-01-11,2514,28982,1876,20132,638,8850,0,0,1407,21535,1108,3720,1407,25255,California
San Francisco,2021-01-12,3106,32088,2065,22197,1041,9891,0,0,1903,22239,1203,4923,1907,27162,California
San Francisco,2021-01-13,2849,34937,1618,23815,1231,11122,0,0,2005,23404,844,5767,2009,29171,California
San Francisco,2021-01-14,2454,37391,1109,24924,1345,12467,0,0,1889,24734,565,6332,1895,31066,California
San Francisco,2021-01-15,2767,40158,1160,26084,1607,14074,0,0,2368,26714,397,6729,2377,33443,California
San Francisco,2021-01-16,2275,42433,974,27058,1301,15375,0,0,2105,28651,170,6899,2107,35550,California
San Francisco,2021-01-17,1943,44376,534,27592,1409,16784,0,0,1725,30158,218,7117,1725,37275,California
San Francisco,2021-01-18,1389,45765,603,28195,786,17570,0,0,1123,31017,265,7382,1124,38399,California
San Francisco,2021-01-19,2602,48367,1485,29680,1117,18687,0,0,1845,32106,757,8139,1846,40245,California
San Francisco,2021-01-20,2789,51156,1140,30820,1649,20336,0,0,2025,33371,761,8900,2026,42271,California
San Francisco,2021-01-21,3350,54506,946,31766,2404,22740,0,0,2510,35044,839,9739,2512,44783,California
San Francisco,2021-01-22,3221,57727,650,32416,2571,25311,0,0,2772,37369,447,10186,2772,47555,California
San Francisco,2021-01-23,3097,60824,612,33028,2485,27796,0,0,2723,39720,373,10559,2724,50279,California
San Francisco,2021-01-24,2438,63262,366,33394,2072,29868,0,0,2204,41693,231,10790,2204,52483,California
San Francisco,2021-01-25,4659,67921,1840,35234,2819,32687,0,0,3063,43164,1593,12383,3064,55547,California
San Francisco,2021-01-26,4758,72679,2189,37423,2569,35256,0,0,3103,44621,1652,14035,3109,58656,California
San Francisco,2021-01-27,4396,77075,1992,39415,2404,37660,0,0,3081,46391,1313,15348,3083,61739,California
San Francisco,2021-01-28,3803,80878,1570,40985,2233,39893,0,0,2630,47855,1168,16516,2632,64371,California
San Francisco,2021-01-29,4778,85656,1698,42683,3080,42973,0,0,3483,50056,1289,17805,3490,67861,California
San Francisco,2021-01-30,3826,89482,1854,44537,1972,44945,0,0,3361,52957,464,18269,3365,71226,California
San Francisco,2021-01-31,2367,91849,829,45366,1538,46483,0,0,2214,55020,152,18421,2215,73441,California
San Francisco,2021-02-01,3991,95840,1709,47075,2282,48765,0,0,2914,56858,1077,19498,2915,76356,California
San Francisco,2021-02-02,4521,100361,1808,48883,2713,51478,0,0,2926,58194,1590,21088,2926,79282,California
San Francisco,2021-02-03,5081,105442,2385,51268,2696,54174,0,0,3764,60644,1315,22403,3765,83047,California
San Francisco,2021-02-04,5035,110477,2429,53697,2606,56780,0,0,3865,63341,1168,23571,3865,86912,California
San Francisco,2021-02-05,6008,116485,3248,56945,2760,59540,0,0,4652,66640,1354,24925,4653,91565,California
San Francisco,2021-02-06,5541,122026,3720,60665,1821,61361,0,0,4635,70375,902,25827,4637,96202,California
San Francisco,2021-02-07,4413,126439,3263,63928,1150,62511,0,0,3833,73634,577,26404,3836,100038,California
San Francisco,2021-02-08,6845,133284,4729,68657,2116,64627,0,0,5610,78028,1219,27623,5613,105651,California
San Francisco,2021-02-09,6007,139291,4057,72714,1950,66577,0,0,4446,80911,1564,29187,4447,110098,California
San Francisco,2021-02-10,6945,146236,4240,76954,2705,69282,0,0,5133,84241,1806,30993,5136,115234,California
San Francisco,2021-02-11,6791,153027,4042,80996,2749,72031,0,0,4958,87374,1828,32821,4961,120195,California
San Francisco,2021-02-12,5369,158396,2708,83704,2661,74692,0,0,3520,89044,1850,34671,3520,123715,California
San Francisco,2021-02-13,4415,162811,2592,86296,1823,76515,0,0,3072,90775,1343,36014,3074,126789,California
San Francisco,2021-02-14,3445,166256,2265,88561,1180,77695,0,0,2313,91959,1131,37145,2315,129104,California
San Francisco,2021-02-15,2784,169040,1509,90070,1275,78970,0,0,1675,92527,1107,38252,1675,130779,California
San Francisco,2021-02-16,5118,174158,2823,92893,2295,81265,0,0,2992,93406,2119,40371,2998,133777,California
San Francisco,2021-02-17,5343,179501,2608,95501,2735,84000,0,0,2958,93990,2375,42746,2959,136736,California
San Francisco,2021-02-18,5393,184894,2629,98130,2764,86764,0,0,2803,94209,2587,45333,2806,139542,California
San Francisco,2021-02-19,5684,190578,2665,100795,3019,89783,0,0,2946,94423,2733,48066,2947,142489,California
San Francisco,2021-02-20,4556,195134,2190,102985,2366,92149,0,0,1710,93297,2837,50903,1711,144200,California
San Francisco,2021-02-21,2904,198038,1531,104516,1373,93522,0,0,1289,92981,1606,52509,1290,145490,California
San Francisco,2021-02-22,5201,203239,3242,107758,1959,95481,0,0,2616,93025,2575,55084,2619,148109,California
San Francisco,2021-02-23,5617,208856,3200,110958,2417,97898,0,0,2869,93153,2741,57825,2869,150978,California
San Francisco,2021-02-24,9147,218003,5177,116135,3970,101868,0,0,4886,93791,4249,62074,4887,155865,California
San Francisco,2021-02-25,10055,228058,7029,123164,3026,104894,0,0,6459,96659,3593,65667,6461,162326,California
San Francisco,2021-02-26,12420,240478,8076,131240,4344,109238,0,0,7331,98905,5086,70753,7332,169658,California
San Francisco,2021-02-27,9438,249916,6083,137323,3353,112591,2,2,4688,98859,4736,75489,4690,174348,California
San Francisco,2021-02-28,7973,257889,5711,143034,2262,114853,0,2,3881,98652,4089,79578,3882,178230,California
San Francisco,2021-03-01,11479,269368,7762,150796,3712,118565,5,7,5569,98345,5883,85461,5576,183806,California
San Francisco,2021-03-02,10064,279432,6794,157590,3270,121835,0,7,5672,99637,4381,89842,5673,189479,California
San Francisco,2021-03-03,11443,290875,6704,164294,4738,126573,1,8,6256,100725,5172,95014,6260,195739,California
San Francisco,2021-03-04,8857,299732,5578,169872,3279,129852,0,8,4984,101847,3862,98876,4984,200723,California
San Francisco,2021-03-05,9270,309002,5699,175571,3567,133419,4,12,5789,104176,3465,102341,5794,206517,California
San Francisco,2021-03-06,7172,316174,4707,180278,2258,135677,207,219,4472,106140,2712,105053,4676,211193,California
San Francisco,2021-03-07,5438,321612,4247,184525,1131,136808,60,279,3128,107006,2322,107375,3188,214381,California
San Francisco,2021-03-08,7566,329178,5495,190020,1882,138690,189,468,5982,111561,1615,108990,6170,220551,California
San Francisco,2021-03-09,8359,337537,5539,195559,2445,141135,375,843,6098,115766,2263,111253,6468,227019,California
San Francisco,2021-03-10,11272,348809,6629,202188,4142,145277,501,1344,7071,119159,4179,115432,7572,234591,California
San Francisco,2021-03-11,10140,358949,6391,208579,2783,148060,966,2310,6660,123314,3463,118895,7618,242209,California
San Francisco,2021-03-12,10905,369854,6375,214954,3183,151243,1347,3657,6078,125928,4806,123701,7420,249629,California
San Francisco,2021-03-13,6747,376601,3948,218902,1718,152961,1081,4738,4188,128645,2550,126251,5267,254896,California
San Francisco,2021-03-14,7594,384195,4941,223843,2408,155369,245,4983,3985,129282,3591,129842,4228,259124,California
San Francisco,2021-03-15,12150,396345,9297,233140,1907,157276,946,5929,8417,134916,3716,133558,9350,268474,California
San Francisco,2021-03-16,12259,408604,8357,241497,3442,160718,460,6389,8829,140797,3407,136965,9288,277762,California
San Francisco,2021-03-17,13590,422194,8442,249939,4523,165241,625,7014,9749,147355,3811,140776,10369,288131,California
San Francisco,2021-03-18,10126,432320,6882,256821,2620,167861,624,7638,5730,149329,4372,145148,6346,294477,California
San Francisco,2021-03-19,12442,444762,9086,265907,2885,170746,471,8109,6461,150299,5954,151102,6924,301401,California
San Francisco,2021-03-20,8929,453691,6572,272479,1889,172635,468,8577,5180,152233,3716,154818,5650,307051,California
San Francisco,2021-03-21,6638,460329,6081,278560,419,173054,138,8715,3736,153221,2884,157702,3872,310923,California
San Francisco,2021-03-22,9907,470236,6882,285442,2179,175233,846,9561,5085,154346,4797,162499,5922,316845,California
San Francisco,2021-03-23,11310,481546,7500,292942,3158,178391,652,10213,6273,156258,5007,167506,6919,323764,California
San Francisco,2021-03-24,12422,493968,9520,302462,2364,180755,538,10751,6184,156776,6195,173701,6713,330477,California
San Francisco,2021-03-25,12009,505977,8772,311234,2670,183425,567,11318,5829,157060,6108,179809,6392,336869,California
San Francisco,2021-03-26,12061,518038,8371,319605,3457,186882,233,11551,5841,156945,6185,185994,6070,342939,California
San Francisco,2021-03-27,8820,526858,5921,325526,2549,189431,350,11901,3762,156019,5037,191031,4111,347050,California
San Francisco,2021-03-28,6701,533559,5353,330879,1306,190737,42,11943,2995,155373,3680,194711,3034,350084,California
San Francisco,2021-03-29,11648,545207,8027,338906,3436,194173,185,12128,4809,153557,6808,201519,4992,355076,California
San Francisco,2021-03-30,11688,556895,7328,346234,4070,198243,290,12418,5516,153216,6147,207666,5806,360882,California
San Francisco,2021-03-31,12327,569222,8210,354444,3816,202059,301,12719,4903,151025,7389,215055,5198,366080,California
San Francisco,2021-04-01,14023,583245,7447,361891,4874,206933,1702,14421,6019,150764,7964,223019,7703,373783,California
San Francisco,2021-04-02,14909,598154,6591,368482,6428,213361,1890,16311,6968,151693,7916,230935,8845,382628,California
San Francisco,2021-04-03,10611,608765,4926,373408,3859,217220,1826,18137,4862,152648,5729,236664,6684,389312,California
San Francisco,2021-04-04,9064,617829,4804,378212,2598,219818,1662,19799,3575,152407,5474,242138,5233,394545,California
San Francisco,2021-04-05,16100,633929,9862,388074,4345,224163,1893,21692,6259,150742,9810,251948,8145,402690,California
San Francisco,2021-04-06,16132,650061,9557,397631,4509,228672,2066,23758,6268,149231,9836,261784,8325,411015,California
San Francisco,2021-04-07,16905,666966,10058,407689,4607,233279,2240,25998,7001,148575,9878,271662,9222,420237,California
San Francisco,2021-04-08,14256,681222,6769,414458,3045,236324,4442,30440,4631,148030,9588,281250,9043,429280,California
San Francisco,2021-04-09,15902,697124,7681,422139,4846,241170,3375,33815,6619,148754,9250,290500,9974,439254,California
San Francisco,2021-04-10,13350,710474,5701,427840,5885,247055,1764,35579,7112,151404,6211,296711,8861,448115,California
San Francisco,2021-04-11,10071,720545,7545,435385,1349,248404,1177,36756,5215,152949,4842,301553,6387,454502,California
San Francisco,2021-04-12,10637,731182,6906,442291,2577,250981,1154,37910,4865,153215,5749,307302,6015,460517,California
San Francisco,2021-04-13,10876,742058,7374,449665,3490,254471,12,37922,5488,153359,5362,312664,5506,466023,California
San Francisco,2021-04-14,13398,755456,8078,457743,5319,259790,1,37923,6376,152757,6983,319647,6381,472404,California
San Francisco,2021-04-15,13863,769319,9611,467354,4251,264041,1,37924,8181,155294,5650,325297,8187,480591,California
San Francisco,2021-04-16,13024,782343,8749,476103,4231,268272,44,37968,7689,157731,5305,330602,7742,488333,California
San Francisco,2021-04-17,10176,792519,7349,483452,2826,271098,1,37969,7176,161933,2982,333584,7184,495517,California
San Francisco,2021-04-18,6652,799171,5090,488542,1560,272658,2,37971,4104,163538,2530,336114,4135,499652,California
San Francisco,2021-04-19,10905,810076,8194,496736,2706,275364,5,37976,6995,166655,3893,340007,7010,506662,California
San Francisco,2021-04-20,12362,822438,7243,503979,5117,280481,2,37978,8525,171372,3811,343818,8528,515190,California
San Francisco,2021-04-21,10606,833044,7580,511559,3021,283502,5,37983,6462,173725,4118,347936,6471,521661,California
San Francisco,2021-04-22,10481,843525,7751,519310,2729,286231,1,37984,6045,175369,4409,352345,6053,527714,California
San Francisco,2021-04-23,10366,853891,5940,525250,4426,290657,0,37984,6156,177353,4179,356524,6163,533877,California
San Francisco,2021-04-24,7962,861853,5483,530733,2479,293136,0,37984,4706,178833,3234,359758,4714,538591,California
San Francisco,2021-04-25,5049,866902,4348,535081,695,293831,6,37990,2953,179712,2084,361842,2963,541554,California
San Francisco,2021-04-26,8193,875095,5796,540877,2385,296216,12,38002,4074,179719,4091,365933,4098,545652,California
San Francisco,2021-04-27,8714,883809,5856,546733,2688,298904,170,38172,4345,179902,4342,370275,4525,550177,California
San Francisco,2021-04-28,9496,893305,6568,553301,2738,301642,190,38362,4975,180583,4489,374764,5170,555347,California
San Francisco,2021-04-29,9384,902689,5453,558754,3738,305380,193,38555,4606,180642,4752,379516,4811,560158,California
San Francisco,2021-04-30,10888,913577,5197,563951,5490,310870,201,38756,3975,177953,6870,386386,4181,564339,California
San Francisco,2021-05-01,6947,920524,3588,567539,3244,314114,115,38871,1703,174562,5209,391595,1818,566157,California
San Francisco,2021-05-02,5318,925842,3081,570620,2139,316253,98,38969,964,171283,4345,395940,1066,567223,California
San Francisco,2021-05-03,9688,935530,6599,577219,2926,319179,163,39132,2459,166712,7200,403140,2629,569852,California
San Francisco,2021-05-04,9375,944905,6004,583223,3121,322300,250,39382,2287,162199,7055,410195,2542,572394,California
San Francisco,2021-05-05,8767,953672,6125,589348,2333,324633,309,39691,2143,158076,6578,416773,2455,574849,California
San Francisco,2021-05-06,10748,964420,8589,597937,1686,326319,473,40164,1844,151524,8870,425643,2318,577167,California
San Francisco,2021-05-07,10112,974532,6478,604415,3362,329681,272,40436,1632,144972,8454,434097,1902,579069,California
San Francisco,2021-05-08,8381,982913,3567,607982,4684,334365,130,40566,974,138702,7375,441472,1105,580174,California
San Francisco,2021-05-09,6691,989604,5830,613812,779,335144,82,40648,1216,134542,5452,446924,1292,581466,California
San Francisco,2021-05-10,6986,996590,4957,618769,1778,336922,251,40899,1044,129921,5914,452838,1293,582759,California
San Francisco,2021-05-11,7395,1003985,5315,624084,1862,338784,218,41117,1446,125669,5915,458753,1663,584422,California
San Francisco,2021-05-12,8112,1012097,5914,629998,1742,340526,456,41573,1852,121745,6227,464980,2303,586725,California
San Francisco,2021-05-13,11059,1023156,8120,638118,2713,343239,226,41799,4182,119309,6849,471829,4413,591138,California
San Francisco,2021-05-14,9292,1032448,6577,644695,2542,345781,173,41972,3007,116243,6255,478084,3189,594327,California
San Francisco,2021-05-15,7902,1040350,6255,650950,1591,347372,56,42028,3105,114635,4781,482865,3173,597500,California
San Francisco,2021-05-16,4974,1045324,4192,655142,723,348095,59,42087,1846,113431,3109,485974,1905,599405,California
San Francisco,2021-05-17,7241,1052565,5392,660534,1684,349779,165,42252,2469,111315,4753,490727,2637,602042,California
San Francisco,2021-05-18,8691,1061256,4974,665508,3542,353321,175,42427,1964,106773,6681,497408,2139,604181,California
San Francisco,2021-05-19,7467,1068723,5539,671047,1697,355018,231,42658,2440,104444,4997,502405,2668,606849,California
San Francisco,2021-05-20,5947,1074670,4003,675050,1693,356711,251,42909,1639,102058,4272,506677,1886,608735,California
San Francisco,2021-05-21,7187,1081857,4071,679121,2931,359642,185,43094,1833,98762,5309,511986,2013,610748,California
San Francisco,2021-05-22,4776,1086633,3610,682731,1077,360719,89,43183,2176,98447,2579,514565,2264,613012,California
San Francisco,2021-05-23,1826,1088459,1390,684121,362,361081,74,43257,835,98374,983,515548,910,613922,California
San Francisco,2021-05-24,4036,1092495,2855,686976,1018,362099,163,43420,1197,96920,2814,518362,1360,615282,California
San Francisco,2021-05-25,3691,1096186,2406,689382,1064,363163,221,43641,1099,95662,2574,520936,1316,616598,California
San Francisco,2021-05-26,3930,1100116,2541,691923,1243,364406,146,43787,1142,94186,2764,523700,1288,617886,California
San Francisco,2021-05-27,3699,1103815,2137,694060,1385,365791,177,43964,1201,93077,2487,526187,1378,619264,California
San Francisco,2021-05-28,3768,1107583,2153,696213,1454,367245,161,44125,1346,92187,2396,528583,1506,620770,California
San Francisco,2021-05-29,2021,1109604,1464,697677,456,367701,101,44226,880,92041,1121,529704,975,621745,California
San Francisco,2021-05-30,961,1110565,691,698368,233,367934,37,44263,399,91919,558,530262,436,622181,California
San Francisco,2021-05-31,254,1110819,207,698575,40,367974,7,44270,85,91843,168,530430,92,622273,California
San Francisco,2021-06-01,3564,1114383,2154,700729,1223,369197,187,44457,1249,90977,2299,532729,1433,623706,California
San Francisco,2021-06-02,2427,1116810,1752,702481,552,369749,123,44580,894,90468,1521,534250,1012,624718,California
San Francisco,2021-06-03,3965,1120775,2725,705206,1036,370785,204,44784,1053,88826,2894,537144,1252,625970,California
San Francisco,2021-06-04,5701,1126476,4828,710034,737,371522,136,44920,1396,86081,4272,541416,1527,627497,California
San Francisco,2021-06-05,3687,1130163,3116,713150,424,371946,147,45067,957,84465,2716,544132,1100,628597,California
San Francisco,2021-06-06,2315,1132478,2166,715316,111,372057,38,45105,508,83210,1801,545933,546,629143,California
San Francisco,2021-06-07,3622,1136100,3006,718322,482,372539,134,45239,954,81644,2651,548584,1085,630228,California
San Francisco,2021-06-08,2831,1138931,2222,720544,443,372982,166,45405,848,80687,1965,550549,1008,631236,California
San Francisco,2021-06-09,2327,1141258,1862,722406,328,373310,137,45542,684,79880,1626,552175,819,632055,California
San Francisco,2021-06-10,2486,1143744,1901,724307,391,373701,194,45736,775,79149,1699,553874,968,633023,California
San Francisco,2021-06-11,3157,1146901,2494,726801,504,374205,159,45895,952,78075,2185,556059,1111,634134,California
San Francisco,2021-06-12,3028,1149929,2627,729428,277,374482,124,46019,722,76626,2292,558351,843,634977,California
San Francisco,2021-06-13,912,1150841,795,730223,71,374553,46,46065,237,76240,668,559019,282,635259,California
San Francisco,2021-06-14,1986,1152827,1561,731784,276,374829,149,46214,613,75634,1366,560385,760,636019,California
San Francisco,2021-06-15,1252,1154079,980,732764,192,375021,80,46294,423,75316,820,561205,502,636521,California
San Joaquin,2020-12-15,14,14,14,14,0,0,0,0,14,14,0,0,14,14,California
San Joaquin,2020-12-16,308,322,308,322,0,0,0,0,308,322,0,0,308,322,California
San Joaquin,2020-12-17,320,642,320,642,0,0,0,0,320,642,0,0,320,642,California
San Joaquin,2020-12-18,535,1177,531,1173,4,4,0,0,535,1177,0,0,535,1177,California
San Joaquin,2020-12-19,189,1366,189,1362,0,4,0,0,189,1366,0,0,189,1366,California
San Joaquin,2020-12-20,117,1483,115,1477,2,6,0,0,117,1483,0,0,117,1483,California
San Joaquin,2020-12-21,496,1979,495,1972,1,7,0,0,496,1979,0,0,496,1979,California
San Joaquin,2020-12-22,976,2955,856,2828,120,127,0,0,975,2954,0,0,975,2954,California
San Joaquin,2020-12-23,986,3941,928,3756,58,185,0,0,983,3937,2,2,985,3939,California
San Joaquin,2020-12-24,218,4159,189,3945,29,214,0,0,217,4154,1,3,218,4157,California
San Joaquin,2020-12-25,15,4174,15,3960,0,214,0,0,15,4169,0,3,15,4172,California
San Joaquin,2020-12-26,103,4277,31,3991,72,286,0,0,103,4272,0,3,103,4275,California
San Joaquin,2020-12-27,44,4321,31,4022,13,299,0,0,44,4316,0,3,44,4319,California
San Joaquin,2020-12-28,630,4951,425,4447,205,504,0,0,630,4946,0,3,630,4949,California
San Joaquin,2020-12-29,794,5745,665,5112,129,633,0,0,794,5740,0,3,794,5743,California
San Joaquin,2020-12-30,1012,6757,718,5830,294,927,0,0,1010,6750,2,5,1012,6755,California
San Joaquin,2020-12-31,456,7213,203,6033,253,1180,0,0,456,7206,1,6,457,7212,California
San Joaquin,2021-01-01,23,7236,13,6046,10,1190,0,0,23,7229,0,6,23,7235,California
San Joaquin,2021-01-02,268,7504,245,6291,23,1213,0,0,268,7497,0,6,268,7503,California
San Joaquin,2021-01-03,37,7541,20,6311,17,1230,0,0,36,7532,1,7,36,7539,California
San Joaquin,2021-01-04,481,8022,340,6651,141,1371,0,0,479,8010,1,8,479,8018,California
San Joaquin,2021-01-05,987,9009,652,7303,335,1706,0,0,816,8692,171,179,853,8871,California
San Joaquin,2021-01-06,1227,10236,711,8014,516,2222,0,0,922,9318,300,479,926,9797,California
San Joaquin,2021-01-07,1088,11324,688,8702,400,2622,0,0,790,9814,295,774,791,10588,California
San Joaquin,2021-01-08,1213,12537,825,9527,388,3010,0,0,719,10044,493,1267,723,11311,California
San Joaquin,2021-01-09,379,12916,300,9827,79,3089,0,0,247,10160,132,1399,248,11559,California
San Joaquin,2021-01-10,224,13140,116,9943,108,3197,0,0,171,10279,52,1451,171,11730,California
San Joaquin,2021-01-11,1534,14674,1326,11269,208,3405,0,0,867,10548,666,2117,935,12665,California
San Joaquin,2021-01-12,1487,16161,1070,12339,417,3822,0,0,700,10537,783,2900,772,13437,California
San Joaquin,2021-01-13,1546,17707,907,13246,639,4461,0,0,961,10925,582,3482,970,14407,California
San Joaquin,2021-01-14,1758,19465,975,14221,783,5244,0,0,1412,12030,325,3807,1430,15837,California
San Joaquin,2021-01-15,1537,21002,548,14769,989,6233,0,0,1303,13132,219,4026,1321,17158,California
San Joaquin,2021-01-16,1135,22137,181,14950,954,7187,0,0,1103,14204,31,4057,1103,18261,California
San Joaquin,2021-01-17,1629,23766,138,15088,1491,8678,0,0,1585,15748,43,4100,1587,19848,California
San Joaquin,2021-01-18,741,24507,238,15326,503,9181,0,0,620,16251,117,4217,620,20468,California
San Joaquin,2021-01-19,1881,26388,902,16228,979,10160,0,0,1198,16779,678,4895,1206,21674,California
San Joaquin,2021-01-20,2095,28483,1287,17515,808,10968,0,0,1446,17589,642,5537,1452,23126,California
San Joaquin,2021-01-21,1985,30468,901,18416,1084,12052,0,0,1586,18792,392,5929,1595,24721,California
San Joaquin,2021-01-22,1957,32425,896,19312,1061,13113,0,0,1815,20472,137,6066,1817,26538,California
San Joaquin,2021-01-23,900,33325,400,19712,500,13613,0,0,612,20799,287,6353,614,27152,California
San Joaquin,2021-01-24,352,33677,136,19848,216,13829,0,0,329,21108,20,6373,329,27481,California
San Joaquin,2021-01-25,2003,35680,1146,20994,857,14686,0,0,1431,21973,569,6942,1434,28915,California
San Joaquin,2021-01-26,2160,37840,1114,22108,1046,15732,0,0,1539,22904,614,7556,1545,30460,California
San Joaquin,2021-01-27,1743,39583,771,22879,972,16704,0,0,1241,23655,497,8053,1248,31708,California
San Joaquin,2021-01-28,2055,41638,776,23655,1279,17983,0,0,1392,24397,659,8712,1401,33109,California
San Joaquin,2021-01-29,2170,43808,1051,24706,1119,19102,0,0,1818,25878,346,9058,1827,34936,California
San Joaquin,2021-01-30,2175,45983,356,25062,1819,20921,0,0,1996,27698,178,9236,1998,36934,California
San Joaquin,2021-01-31,1557,47540,179,25241,1378,22299,0,0,1492,29127,64,9300,1493,38427,California
San Joaquin,2021-02-01,2531,50071,1339,26580,1192,23491,0,0,1768,30135,763,10063,1771,40198,California
San Joaquin,2021-02-02,2587,52658,1154,27734,1433,24924,0,0,1976,31564,551,10614,1980,42178,California
San Joaquin,2021-02-03,3078,55736,1212,28946,1866,26790,0,0,2208,32917,863,11477,2216,44394,California
San Joaquin,2021-02-04,3551,59287,1819,30765,1732,28522,0,0,2651,34680,894,12371,2657,47051,California
San Joaquin,2021-02-05,3176,62463,1806,32571,1370,29892,0,0,2343,36215,822,13193,2357,49408,California
San Joaquin,2021-02-06,1092,63555,748,33319,344,30236,0,0,945,37017,144,13337,946,50354,California
San Joaquin,2021-02-07,622,64177,493,33812,129,30365,0,0,418,37237,199,13536,419,50773,California
San Joaquin,2021-02-08,1789,65966,1037,34849,752,31117,0,0,1446,38369,320,13856,1452,52225,California
San Joaquin,2021-02-09,2132,68098,1159,36008,973,32090,0,0,1585,39480,477,14333,1588,53813,California
San Joaquin,2021-02-10,2583,70681,1251,37259,1332,33422,0,0,1352,39624,1209,15542,1353,55166,California
San Joaquin,2021-02-11,2922,73603,1486,38745,1436,34858,0,0,1703,40147,1187,16729,1710,56876,California
San Joaquin,2021-02-12,2826,76429,1131,39876,1695,36553,0,0,1605,40557,1200,17929,1610,58486,California
San Joaquin,2021-02-13,2118,78547,397,40273,1721,38274,0,0,851,40161,1253,19182,857,59343,California
San Joaquin,2021-02-14,1910,80457,260,40533,1650,39924,0,0,692,39668,1186,20368,693,60036,California
San Joaquin,2021-02-15,1988,82445,827,41360,1161,41085,0,0,1192,40098,766,21134,1196,61232,California
San Joaquin,2021-02-16,3166,85611,1377,42737,1789,42874,0,0,1750,40458,1401,22535,1761,62993,California
San Joaquin,2021-02-17,3287,88898,1269,44006,2018,44892,0,0,1872,40933,1401,23936,1876,64869,California
San Joaquin,2021-02-18,3359,92257,1386,45392,1973,46865,0,0,1917,41451,1405,25341,1923,66792,California
San Joaquin,2021-02-19,4278,96535,2419,47811,1859,48724,0,0,2393,42014,1830,27171,2393,69185,California
San Joaquin,2021-02-20,1561,98096,664,48475,897,49621,0,0,1062,42579,497,27668,1062,70247,California
San Joaquin,2021-02-21,674,98770,509,48984,165,49786,0,0,424,42758,247,27915,426,70673,California
San Joaquin,2021-02-22,3561,102331,2513,51497,1048,50834,0,0,2543,44316,989,28904,2547,73220,California
San Joaquin,2021-02-23,4324,106655,2627,54124,1697,52531,0,0,2657,45343,1636,30540,2663,75883,California
San Joaquin,2021-02-24,5781,112436,3435,57559,2346,54877,0,0,4152,47896,1603,32143,4156,80039,California
San Joaquin,2021-02-25,6384,118820,3951,61510,2433,57310,0,0,4117,49798,2225,34368,4127,84166,California
San Joaquin,2021-02-26,5527,124347,2862,64372,2665,59975,0,0,3794,51900,1698,36066,3800,87966,California
San Joaquin,2021-02-27,5490,129837,1634,66006,3856,63831,0,0,2653,51787,2778,38844,2665,90631,California
San Joaquin,2021-02-28,3114,132951,1126,67132,1988,65819,0,0,2054,52811,1032,39876,2056,92687,California
San Joaquin,2021-03-01,4146,137097,1826,68958,2317,68136,3,3,2351,53397,1777,41653,2363,95050,California
San Joaquin,2021-03-02,4230,141327,1685,70643,2545,70681,0,3,2654,54554,1552,43205,2709,97759,California
San Joaquin,2021-03-03,5821,147148,3457,74100,2362,73043,2,5,4197,57153,1599,44804,4198,101957,California
San Joaquin,2021-03-04,5727,152875,2272,76372,3452,76495,3,8,3743,58932,1968,46772,3747,105704,California
San Joaquin,2021-03-05,4500,157375,1906,78278,2589,79084,5,13,3114,60687,1369,48141,3124,108828,California
San Joaquin,2021-03-06,3309,160684,2177,80455,1002,80086,130,143,2726,62968,579,48720,2860,111688,California
San Joaquin,2021-03-07,1221,161905,563,81018,610,80696,48,191,935,63668,268,48988,968,112656,California
San Joaquin,2021-03-08,3150,165055,1260,82278,1766,82462,124,315,2141,64936,996,49984,2264,114920,California
San Joaquin,2021-03-09,4041,169096,1832,84110,2078,84540,131,446,2681,66412,1341,51325,2817,117737,California
San Joaquin,2021-03-10,4658,173754,2475,86585,2042,86582,141,587,3425,68761,1217,52542,3566,121303,California
San Joaquin,2021-03-11,4963,178717,2362,88947,2001,88583,600,1187,2945,70305,2005,54547,3549,124852,California
San Joaquin,2021-03-12,6307,185024,3152,92099,2817,91400,338,1525,4165,72701,2115,56662,4511,129363,California
San Joaquin,2021-03-13,3074,188098,1461,93560,1489,92889,124,1649,2289,74345,777,57439,2421,131784,California
San Joaquin,2021-03-14,2169,190267,676,94236,1189,94078,304,1953,1028,74547,1134,58573,1336,133120,California
San Joaquin,2021-03-15,6100,196367,3507,97743,2189,96267,404,2357,3185,75270,2879,61452,3602,136722,California
San Joaquin,2021-03-16,6871,203238,3910,101653,2703,98970,258,2615,4045,76776,2802,64254,4308,141030,California
San Joaquin,2021-03-17,7831,211069,4696,106349,3065,102035,70,2685,4348,77764,3439,67693,4427,145457,California
San Joaquin,2021-03-18,7660,218729,4505,110854,2649,104684,506,3191,3770,78203,3845,71538,4284,149741,California
San Joaquin,2021-03-19,7961,226690,4667,115521,2750,107434,544,3735,4808,80484,3129,74667,5410,155151,California
San Joaquin,2021-03-20,3702,230392,2140,117661,1319,108753,243,3978,1833,80728,1844,76511,2088,157239,California
San Joaquin,2021-03-21,2129,232521,1511,119172,411,109164,207,4185,1164,81219,952,77463,1443,158682,California
San Joaquin,2021-03-22,3989,236510,2046,121218,1527,110691,416,4601,2353,82374,1620,79083,2775,161457,California
San Joaquin,2021-03-23,5399,241909,2649,123867,2582,113273,168,4769,3719,84611,1657,80740,3894,165351,California
San Joaquin,2021-03-24,6864,248773,4255,128122,2520,115793,89,4858,3020,83923,3805,84545,3117,168468,California
San Joaquin,2021-03-25,5579,254352,3316,131438,2219,118012,44,4902,3301,85021,2255,86800,3353,171821,California
San Joaquin,2021-03-26,6206,260558,2571,134009,3484,121496,151,5053,3239,85492,2940,89740,3411,175232,California
San Joaquin,2021-03-27,4678,265236,2626,136635,1978,123474,74,5127,1806,84535,2848,92588,1891,177123,California
San Joaquin,2021-03-28,2741,267977,1812,138447,904,124378,25,5152,1267,84487,1454,94042,1406,178529,California
San Joaquin,2021-03-29,4058,272035,2192,140639,1843,126221,23,5175,2025,84534,2017,96059,2064,180593,California
San Joaquin,2021-03-30,6245,278280,3183,143822,2969,129190,93,5268,3437,85305,2778,98837,3549,184142,California
San Joaquin,2021-03-31,6613,284893,4163,147985,2390,131580,60,5328,3342,85480,3251,102088,3426,187568,California
San Joaquin,2021-04-01,6448,291341,2995,150980,3363,134943,90,5418,2851,84909,3572,105660,3001,190569,California
San Joaquin,2021-04-02,6362,297703,2888,153868,2980,137923,494,5912,2514,84126,3822,109482,3039,193608,California
San Joaquin,2021-04-03,4155,301858,2343,156211,1487,139410,325,6237,2006,84336,2133,111615,2343,195951,California
San Joaquin,2021-04-04,2291,304149,1365,157576,719,140129,207,6444,1545,85372,736,112351,1772,197723,California
San Joaquin,2021-04-05,4799,308948,2843,160419,1715,141844,241,6685,2642,86123,2143,114494,2894,200617,California
San Joaquin,2021-04-06,7080,316028,4547,164966,2256,144100,277,6962,3348,86062,3702,118196,3641,204258,California
San Joaquin,2021-04-07,8348,324376,4539,169505,2223,146323,1586,8548,3503,86337,4827,123023,5102,209360,California
San Joaquin,2021-04-08,8787,333163,4709,174214,1943,148266,2135,10683,3317,86347,5442,128465,5452,214812,California
San Joaquin,2021-04-09,8900,342063,4290,178504,3043,151309,1567,12250,3222,85501,5653,134118,4807,219619,California
San Joaquin,2021-04-10,5230,347293,1634,180138,1686,152995,1910,14160,1766,85724,3452,137570,3675,223294,California
San Joaquin,2021-04-11,4090,351383,1560,181698,1364,154359,1166,15326,1772,86350,2307,139877,2933,226227,California
San Joaquin,2021-04-12,6010,357393,2390,184088,2068,156427,1552,16878,2341,86602,3647,143524,3899,230126,California
San Joaquin,2021-04-13,7487,364880,4303,188391,3175,159602,9,16887,4589,88331,2875,146399,4604,234730,California
San Joaquin,2021-04-14,7563,372443,3815,192206,3746,163348,2,16889,4547,89897,2995,149394,4561,239291,California
San Joaquin,2021-04-15,7845,380288,4633,196839,3212,166560,0,16889,4384,90863,3427,152821,4393,243684,California
San Joaquin,2021-04-16,7661,387949,4094,200933,3564,170124,3,16892,4587,92419,3045,155866,4601,248285,California
San Joaquin,2021-04-17,5175,393124,2796,203729,2377,172501,2,16894,3674,94623,1490,157356,3694,251979,California
San Joaquin,2021-04-18,2486,395610,1383,205112,1103,173604,0,16894,1320,94801,1151,158507,1329,253308,California
San Joaquin,2021-04-19,5196,400806,2808,207920,2388,175992,0,16894,2767,95176,2402,160909,2777,256085,California
San Joaquin,2021-04-20,6250,407056,3305,211225,2945,178937,0,16894,2954,94872,3269,164178,2965,259050,California
San Joaquin,2021-04-21,5662,412718,3138,214363,2524,181461,0,16894,2926,95122,2684,166862,2934,261984,California
San Joaquin,2021-04-22,5320,418038,3148,217511,2170,183631,2,16896,3076,96001,2217,169079,3096,265080,California
San Joaquin,2021-04-23,5943,423981,2844,220355,3098,186729,1,16897,3761,97608,2161,171240,3768,268848,California
San Joaquin,2021-04-24,5268,429249,3628,223983,1639,188368,1,16898,3432,99239,1809,173049,3440,272288,California
San Joaquin,2021-04-25,3065,432314,2580,226563,485,188853,0,16898,2032,100269,1009,174058,2039,274327,California
San Joaquin,2021-04-26,4052,436366,2654,229217,1394,190247,4,16902,2163,100566,1877,175935,2174,276501,California
San Joaquin,2021-04-27,4629,440995,2667,231884,1900,192147,62,16964,1975,99978,2632,178567,2044,278545,California
San Joaquin,2021-04-28,5579,446574,3357,235241,2142,194289,80,17044,2767,100053,2783,181350,2858,281403,California
San Joaquin,2021-04-29,4920,451494,2881,238122,1982,196271,57,17101,2525,100273,2374,183724,2594,283997,California
San Joaquin,2021-04-30,4986,456480,2438,240560,2481,198752,67,17168,2584,100550,2385,186109,2662,286659,California
San Joaquin,2021-05-01,3355,459835,1917,242477,1379,200131,59,17227,2140,101556,1206,187315,2212,288871,California
San Joaquin,2021-05-02,2302,462137,1600,244077,646,200777,56,17283,1175,101665,1123,188438,1232,290103,California
San Joaquin,2021-05-03,3330,465467,2258,246335,999,201776,73,17356,1405,101242,1908,190346,1485,291588,California
San Joaquin,2021-05-04,4854,470321,3303,249638,1395,203171,156,17512,1786,100147,3048,193394,1953,293541,California
San Joaquin,2021-05-05,5106,475427,3545,253183,1398,204569,163,17675,2289,99818,2789,196183,2460,296001,California
San Joaquin,2021-05-06,4667,480094,3127,256310,1410,205979,130,17805,2035,99378,2616,198799,2176,298177,California
San Joaquin,2021-05-07,5122,485216,2958,259268,2011,207990,153,17958,1915,98271,3185,201984,2078,300255,California
San Joaquin,2021-05-08,3280,488496,2108,261376,1071,209061,101,18059,1214,97545,2050,204034,1324,301579,California
San Joaquin,2021-05-09,1486,489982,850,262226,566,209627,70,18129,593,97324,890,204924,669,302248,California
San Joaquin,2021-05-10,2816,492798,1479,263705,1212,210839,125,18254,931,96517,1868,206792,1061,303309,California
San Joaquin,2021-05-11,4196,496994,2212,265917,1863,212702,121,18375,1343,95176,2837,209629,1496,304805,California
San Joaquin,2021-05-12,4396,501390,2098,268015,2174,214876,124,18499,1462,93859,2918,212547,1601,306406,California
San Joaquin,2021-05-13,4750,506140,2774,270789,1887,216763,89,18588,1852,92931,2884,215431,1956,308362,California
San Joaquin,2021-05-14,5746,511886,3424,274213,2214,218977,108,18696,2427,92182,3292,218723,2543,310905,California
San Joaquin,2021-05-15,5237,517123,3113,277326,2045,221022,79,18775,1646,90349,3562,222285,1729,312634,California
San Joaquin,2021-05-16,3567,520690,2792,280118,726,221748,49,18824,1438,89727,2117,224402,1495,314129,California
San Joaquin,2021-05-17,4136,524826,2468,282586,1571,223319,97,18921,1795,89303,2326,226728,1902,316031,California
San Joaquin,2021-05-18,3940,528766,2273,284859,1548,224867,119,19040,1877,89252,2047,228775,1996,318027,California
San Joaquin,2021-05-19,4747,533513,2757,287616,1856,226723,134,19174,2097,88873,2620,231395,2241,320268,California
San Joaquin,2021-05-20,3939,537452,2360,289976,1476,228199,103,19277,1769,88599,2150,233545,1876,322144,California
San Joaquin,2021-05-21,4949,542401,2882,292858,1943,230142,124,19401,2271,88355,2648,236193,2404,324548,California
San Joaquin,2021-05-22,3982,546383,2473,295331,1415,231557,94,19495,1775,88040,2194,238387,1879,326427,California
San Joaquin,2021-05-23,2383,548766,1931,297262,409,231966,43,19538,1405,88523,970,239357,1453,327880,California
San Joaquin,2021-05-24,2945,551711,1684,298946,1169,233135,92,19630,1370,88432,1558,240915,1467,329347,California
San Joaquin,2021-05-25,3088,554799,1920,300866,1018,234153,150,19780,1465,88443,1603,242518,1614,330961,California
San Joaquin,2021-05-26,3769,558568,2286,303152,1408,235561,75,19855,1523,87813,2233,244751,1603,332564,California
San Joaquin,2021-05-27,2912,561480,1490,304642,1337,236898,85,19940,1137,87277,1761,246512,1225,333789,California
San Joaquin,2021-05-28,3058,564538,1621,306263,1348,238246,89,20029,1432,87206,1603,248115,1532,335321,California
San Joaquin,2021-05-29,2127,566665,1170,307433,921,239167,36,20065,954,87031,1169,249284,994,336315,California
San Joaquin,2021-05-30,971,567636,518,307951,427,239594,26,20091,407,86908,559,249843,436,336751,California
San Joaquin,2021-05-31,618,568254,258,308209,353,239947,7,20098,237,86776,377,250220,245,336996,California
San Joaquin,2021-06-01,2422,570676,1468,309677,859,240806,95,20193,1164,86793,1249,251469,1266,338262,California
San Joaquin,2021-06-02,2709,573385,1604,311281,1050,241856,55,20248,1150,86459,1542,253011,1208,339470,California
San Joaquin,2021-06-03,2814,576199,1738,313019,1021,242877,55,20303,1090,85900,1709,254720,1150,340620,California
San Joaquin,2021-06-04,3116,579315,1914,314933,1095,243972,107,20410,1086,85089,2003,256723,1192,341812,California
San Joaquin,2021-06-05,2323,581638,1778,316711,494,244466,51,20461,1079,85072,1152,257875,1135,342947,California
San Joaquin,2021-06-06,1066,582704,855,317566,177,244643,34,20495,433,84925,614,258489,467,343414,California
San Joaquin,2021-06-07,2793,585497,2074,319640,678,245321,41,20536,978,84146,1808,260297,1029,344443,California
San Joaquin,2021-06-08,2616,588113,1960,321600,613,245934,43,20579,844,83277,1759,262056,890,345333,California
San Joaquin,2021-06-09,2810,590923,1954,323554,815,246749,41,20620,933,82397,1859,263915,979,346312,California
San Joaquin,2021-06-10,2600,593523,1889,325443,650,247399,61,20681,981,81827,1614,265529,1044,347356,California
San Joaquin,2021-06-11,2718,596241,1874,327317,770,248169,74,20755,929,81050,1781,267310,1004,348360,California
San Joaquin,2021-06-12,1783,598024,1330,328647,424,248593,29,20784,599,80508,1179,268489,637,348997,California
San Joaquin,2021-06-13,773,598797,570,329217,185,248778,18,20802,284,80326,485,268974,303,349300,California
San Joaquin,2021-06-14,1716,600513,1045,330262,604,249382,67,20869,727,80141,980,269954,795,350095,California
San Joaquin,2021-06-15,864,601377,582,330844,242,249624,40,20909,337,79998,522,270476,379,350474,California
San Luis Obispo,2020-12-16,4,4,4,4,0,0,0,0,4,4,0,0,4,4,California
San Luis Obispo,2020-12-17,196,200,196,200,0,0,0,0,196,200,0,0,196,200,California
San Luis Obispo,2020-12-18,225,425,225,425,0,0,0,0,225,425,0,0,225,425,California
San Luis Obispo,2020-12-19,164,589,164,589,0,0,0,0,164,589,0,0,164,589,California
San Luis Obispo,2020-12-20,215,804,215,804,0,0,0,0,215,804,0,0,215,804,California
San Luis Obispo,2020-12-21,549,1353,548,1352,1,1,0,0,549,1353,0,0,549,1353,California
San Luis Obispo,2020-12-22,310,1663,306,1658,4,5,0,0,310,1663,0,0,310,1663,California
San Luis Obispo,2020-12-23,681,2344,367,2025,314,319,0,0,681,2344,0,0,681,2344,California
San Luis Obispo,2020-12-24,194,2538,19,2044,175,494,0,0,194,2538,0,0,194,2538,California
San Luis Obispo,2020-12-25,2,2540,1,2045,1,495,0,0,2,2540,0,0,2,2540,California
San Luis Obispo,2020-12-26,90,2630,13,2058,77,572,0,0,90,2630,0,0,90,2630,California
San Luis Obispo,2020-12-27,76,2706,0,2058,76,648,0,0,76,2706,0,0,76,2706,California
San Luis Obispo,2020-12-28,881,3587,432,2490,449,1097,0,0,881,3587,0,0,881,3587,California
San Luis Obispo,2020-12-29,903,4490,503,2993,400,1497,0,0,903,4490,0,0,903,4490,California
San Luis Obispo,2020-12-30,1173,5663,680,3673,493,1990,0,0,1173,5663,0,0,1173,5663,California
San Luis Obispo,2020-12-31,108,5771,4,3677,104,2094,0,0,108,5771,0,0,108,5771,California
San Luis Obispo,2021-01-01,16,5787,9,3686,7,2101,0,0,16,5787,0,0,16,5787,California
San Luis Obispo,2021-01-02,34,5821,8,3694,26,2127,0,0,34,5821,0,0,34,5821,California
San Luis Obispo,2021-01-03,17,5838,6,3700,11,2138,0,0,17,5838,0,0,17,5838,California
San Luis Obispo,2021-01-04,682,6520,524,4224,158,2296,0,0,682,6520,0,0,682,6520,California
San Luis Obispo,2021-01-05,973,7493,752,4976,221,2517,0,0,971,7489,2,2,971,7491,California
San Luis Obispo,2021-01-06,726,8219,479,5455,247,2764,0,0,718,8200,7,9,718,8209,California
San Luis Obispo,2021-01-07,1128,9347,950,6405,178,2942,0,0,684,8440,444,453,684,8893,California
San Luis Obispo,2021-01-08,879,10226,801,7206,78,3020,0,0,511,8584,367,820,511,9404,California
San Luis Obispo,2021-01-09,206,10432,196,7402,10,3030,0,0,28,8434,178,998,28,9432,California
San Luis Obispo,2021-01-10,12,10444,8,7410,4,3034,0,0,8,8438,4,1002,8,9440,California
San Luis Obispo,2021-01-11,561,11005,510,7920,51,3085,0,0,299,8476,261,1263,299,9739,California
San Luis Obispo,2021-01-12,598,11603,382,8302,216,3301,0,0,318,8514,280,1543,318,10057,California
San Luis Obispo,2021-01-13,886,12489,258,8560,628,3929,0,0,649,8928,235,1778,649,10706,California
San Luis Obispo,2021-01-14,729,13218,239,8799,490,4419,0,0,607,9422,113,1891,607,11313,California
San Luis Obispo,2021-01-15,735,13953,293,9092,442,4861,0,0,556,9804,174,2065,556,11869,California
San Luis Obispo,2021-01-16,100,14053,81,9173,19,4880,0,0,94,9892,6,2071,94,11963,California
San Luis Obispo,2021-01-17,64,14117,57,9230,7,4887,0,0,64,9956,0,2071,64,12027,California
San Luis Obispo,2021-01-18,1374,15491,390,9620,984,5871,0,0,1109,10800,265,2336,1109,13136,California
San Luis Obispo,2021-01-19,1578,17069,415,10035,1163,7034,0,0,1171,11565,407,2743,1172,14308,California
San Luis Obispo,2021-01-20,1892,18961,601,10636,1291,8325,0,0,1300,12276,590,3333,1301,15609,California
San Luis Obispo,2021-01-21,1576,20537,470,11106,1106,9431,0,0,1204,13113,368,3701,1205,16814,California
San Luis Obispo,2021-01-22,1521,22058,506,11612,1015,10446,0,0,1206,14006,313,4014,1206,18020,California
San Luis Obispo,2021-01-23,315,22373,296,11908,19,10465,0,0,299,14289,16,4030,299,18319,California
San Luis Obispo,2021-01-24,249,22622,241,12149,8,10473,0,0,243,14526,6,4036,243,18562,California
San Luis Obispo,2021-01-25,2077,24699,601,12750,1476,11949,0,0,1247,14943,830,4866,1247,19809,California
San Luis Obispo,2021-01-26,2004,26703,701,13451,1303,13252,0,0,1141,15222,863,5729,1142,20951,California
San Luis Obispo,2021-01-27,1618,28321,290,13741,1328,14580,0,0,1161,15926,457,6186,1161,22112,California
San Luis Obispo,2021-01-28,1502,29823,345,14086,1157,15737,0,0,1237,16900,263,6449,1237,23349,California
San Luis Obispo,2021-01-29,1747,31570,685,14771,1062,16799,0,0,1460,18073,287,6736,1460,24809,California
San Luis Obispo,2021-01-30,36,31606,18,14789,18,16817,0,0,25,18088,10,6746,25,24834,California
San Luis Obispo,2021-01-31,27,31633,19,14808,8,16825,0,0,25,18111,2,6748,25,24859,California
San Luis Obispo,2021-02-01,1710,33343,743,15551,967,17792,0,0,1404,19210,305,7053,1404,26263,California
San Luis Obispo,2021-02-02,1900,35243,679,16230,1221,19013,0,0,1524,20359,376,7429,1525,27788,California
San Luis Obispo,2021-02-03,1714,36957,731,16961,983,19996,0,0,1298,21241,416,7845,1298,29086,California
San Luis Obispo,2021-02-04,1663,38620,802,17763,861,20857,0,0,1095,21768,568,8413,1095,30181,California
San Luis Obispo,2021-02-05,1607,40227,715,18478,892,21749,0,0,1061,22283,547,8960,1062,31243,California
San Luis Obispo,2021-02-06,174,40401,107,18585,67,21816,0,0,94,22297,80,9040,94,31337,California
San Luis Obispo,2021-02-07,124,40525,79,18664,45,21861,0,0,72,22318,52,9092,73,31410,California
San Luis Obispo,2021-02-08,863,41388,473,19137,390,22251,0,0,503,22462,359,9451,503,31913,California
San Luis Obispo,2021-02-09,1127,42515,449,19586,678,22929,0,0,544,22436,577,10028,551,32464,California
San Luis Obispo,2021-02-10,1444,43959,492,20078,952,23881,0,0,529,22055,913,10941,532,32996,California
San Luis Obispo,2021-02-11,1333,45292,846,20924,487,24368,0,0,656,22036,675,11616,656,33652,California
San Luis Obispo,2021-02-12,784,46076,364,21288,420,24788,0,0,415,22082,369,11985,415,34067,California
San Luis Obispo,2021-02-13,388,46464,127,21415,261,25049,0,0,280,22255,107,12092,280,34347,California
San Luis Obispo,2021-02-14,318,46782,41,21456,277,25326,0,0,282,22502,36,12128,283,34630,California
San Luis Obispo,2021-02-15,730,47512,140,21596,590,25916,0,0,474,22721,255,12383,474,35104,California
San Luis Obispo,2021-02-16,2967,50479,1197,22793,1770,27686,0,0,1360,22474,1607,13990,1360,36464,California
San Luis Obispo,2021-02-17,2788,53267,1251,24044,1537,29223,0,0,1030,21753,1751,15741,1030,37494,California
San Luis Obispo,2021-02-18,2826,56093,1459,25503,1367,30590,0,0,1133,21203,1684,17425,1134,38628,California
San Luis Obispo,2021-02-19,1466,57559,1345,26848,121,30711,0,0,1139,22017,325,17750,1139,39767,California
San Luis Obispo,2021-02-20,253,57812,79,26927,174,30885,0,0,215,22194,38,17788,215,39982,California
San Luis Obispo,2021-02-21,57,57869,53,26980,4,30889,0,0,32,22201,25,17813,32,40014,California
San Luis Obispo,2021-02-22,2418,60287,1869,28849,549,31438,0,0,1468,22721,949,18762,1469,41483,California
San Luis Obispo,2021-02-23,1860,62147,1745,30594,115,31553,0,0,1365,23593,494,19256,1366,42849,California
San Luis Obispo,2021-02-24,2642,64789,1299,31893,1343,32896,0,0,836,22626,1803,21059,836,43685,California
San Luis Obispo,2021-02-25,2134,66923,1242,33135,892,33788,0,0,1206,22910,923,21982,1207,44892,California
San Luis Obispo,2021-02-26,2653,69576,1152,34287,1501,35289,0,0,1329,22925,1314,23296,1329,46221,California
San Luis Obispo,2021-02-27,580,70156,353,34640,227,35516,0,0,530,23405,50,23346,530,46751,California
San Luis Obispo,2021-02-28,194,70350,67,34707,127,35643,0,0,160,23532,33,23379,160,46911,California
San Luis Obispo,2021-03-01,3012,73362,1883,36590,1127,36770,2,2,2081,24684,932,24311,2084,48995,California
San Luis Obispo,2021-03-02,3039,76401,1911,38501,1128,37898,0,2,1885,25421,1149,25460,1886,50881,California
San Luis Obispo,2021-03-03,2348,78749,341,38842,2007,39905,0,2,850,24780,1492,26952,851,51732,California
San Luis Obispo,2021-03-04,2202,80951,1164,40006,1038,40943,0,2,1187,24957,1012,27964,1189,52921,California
San Luis Obispo,2021-03-05,2304,83255,1022,41028,1212,42155,70,72,1299,25335,991,28955,1369,54290,California
San Luis Obispo,2021-03-06,841,84096,310,41338,423,42578,108,180,620,25836,221,29176,722,55012,California
San Luis Obispo,2021-03-07,201,84297,31,41369,85,42663,85,265,72,25865,128,29304,157,55169,California
San Luis Obispo,2021-03-08,2743,87040,760,42129,1667,44330,316,581,1546,26535,1192,30496,1862,57031,California
San Luis Obispo,2021-03-09,2952,89992,969,43098,1735,46065,248,829,1525,26885,1423,31919,1773,58804,California
San Luis Obispo,2021-03-10,3201,93193,1240,44338,1678,47743,283,1112,1815,27602,1381,33300,2098,60902,California
San Luis Obispo,2021-03-11,3298,96491,1272,45610,1704,49447,322,1434,1806,28247,1482,34782,2127,63029,California
San Luis Obispo,2021-03-12,3256,99747,1284,46894,1632,51079,340,1774,1619,28578,1631,36413,1962,64991,California
San Luis Obispo,2021-03-13,799,100546,262,47156,429,51508,108,1882,432,28751,366,36779,539,65530,California
San Luis Obispo,2021-03-14,513,101059,53,47209,350,51858,110,1992,134,28617,378,37157,244,65774,California
San Luis Obispo,2021-03-15,3060,104119,1099,48308,1863,53721,98,2090,1532,28723,1525,38682,1631,67405,California
San Luis Obispo,2021-03-16,2852,106971,1511,49819,1231,54952,110,2200,1435,28857,1410,40092,1544,68949,California
San Luis Obispo,2021-03-17,3441,110412,1447,51266,1732,56684,262,2462,1995,29678,1435,41527,2256,71205,California
San Luis Obispo,2021-03-18,2820,113232,1449,52715,1157,57841,214,2676,1346,29769,1468,42995,1559,72764,California
San Luis Obispo,2021-03-19,2602,115834,1572,54287,707,58548,323,2999,964,29427,1630,44625,1288,74052,California
San Luis Obispo,2021-03-20,840,116674,502,54789,301,58849,37,3036,386,29397,453,45078,423,74475,California
San Luis Obispo,2021-03-21,188,116862,45,54834,140,58989,3,3039,158,29529,29,45107,161,74636,California
San Luis Obispo,2021-03-22,2708,119570,1173,56007,1487,60476,48,3087,1874,30621,830,45937,1922,76558,California
San Luis Obispo,2021-03-23,3389,122959,2212,58219,1147,61623,30,3117,2271,31809,1113,47050,2301,78859,California
San Luis Obispo,2021-03-24,3554,126513,2168,60387,1300,62923,86,3203,2647,33641,900,47950,2732,81591,California
San Luis Obispo,2021-03-25,3692,130205,2309,62696,1371,64294,12,3215,2640,35244,1048,48998,2651,84242,California
San Luis Obispo,2021-03-26,3261,133466,1805,64501,1023,65317,433,3648,1827,36075,1429,50427,2260,86502,California
San Luis Obispo,2021-03-27,993,134459,507,65008,395,65712,91,3739,452,36079,539,50966,543,87045,California
San Luis Obispo,2021-03-28,445,134904,151,65159,238,65950,56,3795,245,36181,199,51165,301,87346,California
San Luis Obispo,2021-03-29,2626,137530,1322,66481,1170,67120,134,3929,1679,37062,933,52098,1814,89160,California
San Luis Obispo,2021-03-30,3529,141059,1936,68417,1451,68571,142,4071,2344,38367,1178,53276,2483,91643,California
San Luis Obispo,2021-03-31,3890,144949,2476,70893,1268,69839,146,4217,2508,39649,1371,54647,2653,94296,California
San Luis Obispo,2021-04-01,3894,148843,2464,73357,1312,71151,118,4335,2720,41325,1160,55807,2836,97132,California
San Luis Obispo,2021-04-02,1752,150595,687,74044,750,71901,315,4650,948,41783,802,56609,1260,98392,California
San Luis Obispo,2021-04-03,1111,151706,556,74600,428,72329,127,4777,492,41787,615,57224,619,99011,California
San Luis Obispo,2021-04-04,390,152096,135,74735,215,72544,40,4817,241,41919,149,57373,281,99292,California
San Luis Obispo,2021-04-05,3614,155710,1939,76674,1564,74108,111,4928,2016,42450,1594,58967,2125,101417,California
San Luis Obispo,2021-04-06,4057,159767,2160,78834,1572,75680,325,5253,1937,42599,2112,61079,2261,103678,California
San Luis Obispo,2021-04-07,4309,164076,2347,81181,1596,77276,366,5619,2460,43588,1834,62913,2823,106501,California
San Luis Obispo,2021-04-08,4066,168142,2216,83397,1444,78720,406,6025,2163,44263,1894,64807,2569,109070,California
San Luis Obispo,2021-04-09,3690,171832,1758,85155,1172,79892,760,6785,1512,44362,2167,66974,2266,111336,California
San Luis Obispo,2021-04-10,1596,173428,568,85723,357,80249,671,7456,497,44429,1099,68073,1166,112502,California
San Luis Obispo,2021-04-11,313,173741,61,85784,186,80435,66,7522,123,44430,188,68261,189,112691,California
San Luis Obispo,2021-04-12,3415,177156,1716,87500,1537,81972,162,7684,1424,44024,1991,70252,1585,114276,California
San Luis Obispo,2021-04-13,3685,180841,2130,89630,1554,83526,1,7685,1983,44318,1699,71951,1993,116269,California
San Luis Obispo,2021-04-14,3578,184419,2034,91664,1539,85065,5,7690,1782,44323,1781,73732,1786,118055,California
San Luis Obispo,2021-04-15,3715,188134,2417,94081,1297,86362,1,7691,1997,44627,1699,75431,2003,120058,California
San Luis Obispo,2021-04-16,3669,191803,2238,96319,1427,87789,4,7695,1785,44542,1876,77307,1791,121849,California
San Luis Obispo,2021-04-17,1095,192898,433,96752,660,88449,2,7697,710,44870,384,77691,712,122561,California
San Luis Obispo,2021-04-18,319,193217,97,96849,221,88670,1,7698,109,44772,207,77898,109,122670,California
San Luis Obispo,2021-04-19,3192,196409,1349,98198,1805,90475,38,7736,1096,43815,2092,79990,1135,123805,California
San Luis Obispo,2021-04-20,3620,200029,2010,100208,1610,92085,0,7736,1327,42859,2283,82273,1327,125132,California
San Luis Obispo,2021-04-21,3939,203968,1815,102023,2124,94209,0,7736,1581,42105,2338,84611,1584,126716,California
San Luis Obispo,2021-04-22,4590,208558,2067,104090,2523,96732,0,7736,1412,40358,3161,87772,1414,128130,California
San Luis Obispo,2021-04-23,1461,210019,844,104934,613,97345,4,7740,705,40320,751,88523,713,128843,California
San Luis Obispo,2021-04-24,1083,211102,440,105374,624,97969,19,7759,508,40265,582,89105,527,129370,California
San Luis Obispo,2021-04-25,346,211448,161,105535,185,98154,0,7759,112,40145,232,89337,112,129482,California
San Luis Obispo,2021-04-26,1080,212528,397,105932,666,98820,17,7776,395,39883,673,90010,411,129893,California
San Luis Obispo,2021-04-27,3921,216449,1987,107919,1854,100674,80,7856,1542,39133,2371,92381,1621,131514,California
San Luis Obispo,2021-04-28,3807,220256,2100,110019,1636,102310,71,7927,1355,38119,2440,94821,1426,132940,California
San Luis Obispo,2021-04-29,3715,223971,2121,112140,1527,103837,67,7994,1250,36988,2449,97270,1318,134258,California
San Luis Obispo,2021-04-30,2982,226953,1669,113809,1239,105076,74,8068,926,35948,2038,99308,998,135256,California
San Luis Obispo,2021-05-01,470,227423,160,113969,274,105350,36,8104,98,35713,368,99676,133,135389,California
San Luis Obispo,2021-05-02,171,227594,52,114021,99,105449,20,8124,42,35646,129,99805,62,135451,California
San Luis Obispo,2021-05-03,895,228489,288,114309,497,105946,110,8234,224,35309,669,100474,332,135783,California
San Luis Obispo,2021-05-04,2946,231435,1902,116211,973,106919,71,8305,871,34181,2068,102542,940,136723,California
San Luis Obispo,2021-05-05,2813,234248,1857,118068,890,107809,66,8371,685,32818,2116,104658,753,137476,California
San Luis Obispo,2021-05-06,2828,237076,1905,119973,860,108669,63,8434,729,31529,2081,106739,792,138268,California
San Luis Obispo,2021-05-07,2338,239414,1764,121737,507,109176,67,8501,610,30500,1707,108446,678,138946,California
San Luis Obispo,2021-05-08,568,239982,333,122070,211,109387,24,8525,192,30358,358,108804,216,139162,California
San Luis Obispo,2021-05-09,162,240144,39,122109,104,109491,19,8544,46,30308,115,108919,65,139227,California
San Luis Obispo,2021-05-10,725,240869,155,122264,520,110011,50,8594,153,29942,567,109486,201,139428,California
San Luis Obispo,2021-05-11,1188,242057,595,122859,518,110529,75,8669,361,29557,821,110307,436,139864,California
San Luis Obispo,2021-05-12,2426,244483,1600,124459,743,111272,83,8752,671,28574,1737,112044,754,140618,California
San Luis Obispo,2021-05-13,1141,245624,712,125171,367,111639,62,8814,474,28446,663,112707,535,141153,California
San Luis Obispo,2021-05-14,2232,247856,1636,126807,545,112184,51,8865,921,28125,1292,113999,971,142124,California
San Luis Obispo,2021-05-15,989,248845,456,127263,499,112683,34,8899,465,28104,521,114520,500,142624,California
San Luis Obispo,2021-05-16,304,249149,164,127427,134,112817,6,8905,173,28153,130,114650,179,142803,California
San Luis Obispo,2021-05-17,1670,250819,973,128400,645,113462,52,8957,663,27870,998,115648,715,143518,California
San Luis Obispo,2021-05-18,1895,252714,1156,129556,708,114170,31,8988,723,27459,1166,116814,755,144273,California
San Luis Obispo,2021-05-19,1449,254163,624,130180,763,114933,62,9050,409,26895,1034,117848,470,144743,California
San Luis Obispo,2021-05-20,1133,255296,502,130682,599,115532,32,9082,340,26485,782,118630,372,145115,California
San Luis Obispo,2021-05-21,1079,256375,575,131257,463,115995,41,9123,512,26480,558,119188,553,145668,California
San Luis Obispo,2021-05-22,669,257044,324,131581,322,116317,23,9146,331,26503,331,119519,354,146022,California
San Luis Obispo,2021-05-23,143,257187,65,131646,72,116389,6,9152,49,26465,93,119612,55,146077,California
San Luis Obispo,2021-05-24,566,257753,266,131912,266,116655,34,9186,205,26345,359,119971,239,146316,California
San Luis Obispo,2021-05-25,875,258628,432,132344,416,117071,27,9213,350,26205,517,120488,377,146693,California
San Luis Obispo,2021-05-26,2141,260769,989,133333,1097,118168,55,9268,671,25466,1464,121952,725,147418,California
San Luis Obispo,2021-05-27,1873,262642,661,133994,1179,119347,33,9301,481,24592,1387,123339,513,147931,California
San Luis Obispo,2021-05-28,881,263523,451,134445,409,119756,21,9322,464,24661,416,123755,485,148416,California
San Luis Obispo,2021-05-29,374,263897,150,134595,213,119969,11,9333,211,24722,162,123917,223,148639,California
San Luis Obispo,2021-05-30,89,263986,36,134631,45,120014,8,9341,34,24709,54,123971,41,148680,California
San Luis Obispo,2021-05-31,43,264029,5,134636,24,120038,14,9355,16,24713,25,123996,29,148709,California
San Luis Obispo,2021-06-01,750,264779,326,134962,393,120431,31,9386,271,24540,475,124471,302,149011,California
San Luis Obispo,2021-06-02,628,265407,286,135248,303,120734,39,9425,186,24329,436,124907,225,149236,California
San Luis Obispo,2021-06-03,911,266318,449,135697,430,121164,32,9457,253,23959,655,125562,285,149521,California
San Luis Obispo,2021-06-04,2468,268786,1519,137216,909,122073,40,9497,700,22941,1756,127318,738,150259,California
San Luis Obispo,2021-06-05,659,269445,287,137503,351,122424,21,9518,321,22945,338,127656,342,150601,California
San Luis Obispo,2021-06-06,185,269630,132,137635,44,122468,9,9527,46,22861,139,127795,55,150656,California
San Luis Obispo,2021-06-07,549,270179,358,137993,150,122618,41,9568,156,22667,391,128186,197,150853,California
San Luis Obispo,2021-06-08,784,270963,525,138518,217,122835,42,9610,245,22419,535,128721,287,151140,California
San Luis Obispo,2021-06-09,607,271570,346,138864,234,123069,27,9637,181,22204,423,129144,208,151348,California
San Luis Obispo,2021-06-10,747,272317,361,139225,349,123418,37,9674,232,21959,514,129658,269,151617,California
San Luis Obispo,2021-06-11,909,273226,524,139749,345,123763,40,9714,332,21759,573,130231,373,151990,California
San Luis Obispo,2021-06-12,390,273616,268,140017,117,123880,5,9719,164,21703,225,130456,169,152159,California
San Luis Obispo,2021-06-13,159,273775,89,140106,66,123946,4,9723,43,21634,116,130572,47,152206,California
San Luis Obispo,2021-06-14,421,274196,298,140404,101,124047,22,9745,130,21498,288,130860,152,152358,California
San Luis Obispo,2021-06-15,168,274364,120,140524,38,124085,10,9755,62,21465,105,130965,72,152430,California
San Mateo,2020-12-15,27,27,27,27,0,0,0,0,27,27,0,0,27,27,California
San Mateo,2020-12-16,111,138,111,138,0,0,0,0,111,138,0,0,111,138,California
San Mateo,2020-12-17,173,311,173,311,0,0,0,0,173,311,0,0,173,311,California
San Mateo,2020-12-18,774,1085,772,1083,2,2,0,0,774,1085,0,0,774,1085,California
San Mateo,2020-12-19,505,1590,505,1588,0,2,0,0,505,1590,0,0,505,1590,California
San Mateo,2020-12-20,502,2092,501,2089,1,3,0,0,502,2092,0,0,502,2092,California
San Mateo,2020-12-21,1137,3229,1136,3225,1,4,0,0,1137,3229,0,0,1137,3229,California
San Mateo,2020-12-22,1513,4742,1505,4730,8,12,0,0,1512,4741,0,0,1512,4741,California
San Mateo,2020-12-23,1555,6297,1368,6098,187,199,0,0,1555,6296,0,0,1555,6296,California
San Mateo,2020-12-24,861,7158,607,6705,254,453,0,0,861,7157,0,0,861,7157,California
San Mateo,2020-12-25,115,7273,112,6817,3,456,0,0,115,7272,0,0,115,7272,California
San Mateo,2020-12-26,556,7829,413,7230,143,599,0,0,556,7828,0,0,556,7828,California
San Mateo,2020-12-27,306,8135,176,7406,130,729,0,0,306,8134,0,0,306,8134,California
San Mateo,2020-12-28,1053,9188,710,8116,343,1072,0,0,1053,9187,0,0,1053,9187,California
San Mateo,2020-12-29,1127,10315,708,8824,419,1491,0,0,1127,10314,0,0,1127,10314,California
San Mateo,2020-12-30,1256,11571,758,9582,498,1989,0,0,1256,11570,0,0,1256,11570,California
San Mateo,2020-12-31,708,12279,231,9813,477,2466,0,0,707,12276,1,1,707,12277,California
San Mateo,2021-01-01,112,12391,76,9889,36,2502,0,0,112,12388,0,1,112,12389,California
San Mateo,2021-01-02,395,12786,268,10157,127,2629,0,0,395,12783,0,1,395,12784,California
San Mateo,2021-01-03,285,13071,209,10366,76,2705,0,0,282,13062,3,4,282,13066,California
San Mateo,2021-01-04,1048,14119,674,11040,374,3079,0,0,1048,14110,0,4,1048,14114,California
San Mateo,2021-01-05,1215,15334,715,11755,500,3579,0,0,1183,15262,32,36,1184,15298,California
San Mateo,2021-01-06,1458,16792,960,12715,498,4077,0,0,1265,16338,190,226,1266,16564,California
San Mateo,2021-01-07,1458,18250,817,13532,641,4718,0,0,1148,17184,303,529,1149,17713,California
San Mateo,2021-01-08,1849,20099,1201,14733,648,5366,0,0,1139,17619,704,1233,1139,18852,California
San Mateo,2021-01-09,1170,21269,773,15506,397,5763,0,0,712,17874,457,1690,712,19564,California
San Mateo,2021-01-10,703,21972,577,16083,126,5889,0,0,263,17697,440,2130,263,19827,California
San Mateo,2021-01-11,2597,24569,1493,17576,1104,6993,0,0,1530,18161,1068,3198,1532,21359,California
San Mateo,2021-01-12,3438,28007,1926,19502,1512,8505,0,0,2220,19185,1208,4406,2232,23591,California
San Mateo,2021-01-13,3413,31420,1672,21174,1741,10246,0,0,2364,20516,1049,5455,2380,25971,California
San Mateo,2021-01-14,3810,35230,1618,22792,2192,12438,0,0,3107,22945,703,6158,3132,29103,California
San Mateo,2021-01-15,4334,39564,1725,24517,2609,15047,0,0,3795,26219,537,6695,3811,32914,California
San Mateo,2021-01-16,3086,42650,769,25286,2317,17364,0,0,2756,28650,329,7024,2760,35674,California
San Mateo,2021-01-17,1308,43958,306,25592,1002,18366,0,0,1101,29544,207,7231,1101,36775,California
San Mateo,2021-01-18,1360,45318,536,26128,824,19190,0,0,982,30151,375,7606,982,37757,California
San Mateo,2021-01-19,2799,48117,1795,27923,1004,20194,0,0,1995,31345,801,8407,1995,39752,California
San Mateo,2021-01-20,2797,50914,1544,29467,1253,21447,0,0,1953,32458,841,9248,1954,41706,California
San Mateo,2021-01-21,2865,53779,1299,30766,1566,23013,0,0,2279,34157,584,9832,2283,43989,California
San Mateo,2021-01-22,2809,56588,1143,31909,1666,24679,0,0,2515,36381,292,10124,2516,46505,California
San Mateo,2021-01-23,2872,59460,1675,33584,1197,25876,0,0,2512,38534,360,10484,2513,49018,California
San Mateo,2021-01-24,1508,60968,376,33960,1132,27008,0,0,1199,39426,308,10792,1200,50218,California
San Mateo,2021-01-25,4403,65371,3138,37098,1265,28273,0,0,3505,42040,895,11687,3509,53727,California
San Mateo,2021-01-26,4324,69695,3004,40102,1320,29593,0,0,3394,44508,928,12615,3396,57123,California
San Mateo,2021-01-27,2817,72512,1483,41585,1334,30927,0,0,1808,45316,1003,13618,1811,58934,California
San Mateo,2021-01-28,2807,75319,1362,42947,1445,32372,0,0,1951,46426,841,14459,1951,60885,California
San Mateo,2021-01-29,3010,78329,1363,44310,1647,34019,0,0,2163,47749,844,15303,2167,63052,California
San Mateo,2021-01-30,3471,81800,1488,45798,1983,36002,0,0,3014,50308,456,15759,3015,66067,California
San Mateo,2021-01-31,1683,83483,898,46696,785,36787,0,0,1521,51668,161,15920,1521,67588,California
San Mateo,2021-02-01,2934,86417,1356,48052,1578,38365,0,0,2210,53159,720,16640,2211,69799,California
San Mateo,2021-02-02,3211,89628,1732,49784,1479,39844,0,0,2180,54312,1027,17667,2180,71979,California
San Mateo,2021-02-03,4996,94624,2058,51842,2938,42782,0,0,3851,57022,1142,18809,3852,75831,California
San Mateo,2021-02-04,6188,100812,2505,54347,3683,46465,0,0,4904,60651,1279,20088,4908,80739,California
San Mateo,2021-02-05,6781,107593,2548,56895,4233,50698,0,0,4960,63808,1803,21891,4960,85699,California
San Mateo,2021-02-06,3268,110861,1910,58805,1358,52056,0,0,2614,65772,652,22543,2616,88315,California
San Mateo,2021-02-07,1888,112749,1346,60151,542,52598,0,0,1700,67284,188,22731,1700,90015,California
San Mateo,2021-02-08,5291,118040,2267,62418,3024,55622,0,0,3115,68287,2112,24843,3115,93130,California
San Mateo,2021-02-09,6161,124201,3214,65632,2947,58569,0,0,3323,68778,2832,27675,3323,96453,California
San Mateo,2021-02-10,6523,130724,3283,68915,3240,61809,0,0,3430,69126,3082,30757,3430,99883,California
San Mateo,2021-02-11,7040,137764,3580,72495,3460,65269,0,0,3790,69677,3241,33998,3792,103675,California
San Mateo,2021-02-12,6634,144398,2986,75481,3648,68917,0,0,4699,72448,1930,35928,4701,108376,California
San Mateo,2021-02-13,6120,150518,4033,79514,2087,71004,0,0,2647,71627,3468,39396,2647,111023,California
San Mateo,2021-02-14,4632,155150,3028,82542,1604,72608,0,0,1975,70953,2650,42046,1976,112999,California
San Mateo,2021-02-15,3137,158287,1443,83985,1694,74302,0,0,1771,71365,1360,43406,1772,114771,California
San Mateo,2021-02-16,7138,165425,1885,85870,5253,79555,0,0,5269,74769,1867,45273,5271,120042,California
San Mateo,2021-02-17,7070,172495,1950,87820,5120,84675,0,0,5038,77784,2025,47298,5040,125082,California
San Mateo,2021-02-18,6655,179150,4595,92415,2060,86735,0,0,4420,79976,2231,49529,4423,129505,California
San Mateo,2021-02-19,7798,186948,5597,98012,2201,88936,0,0,5776,83737,2015,51544,5776,135281,California
San Mateo,2021-02-20,3781,190729,2431,100443,1350,90286,0,0,2341,84645,1433,52977,2341,137622,California
San Mateo,2021-02-21,2629,193358,1789,102232,840,91126,0,0,1573,85169,1049,54026,1573,139195,California
San Mateo,2021-02-22,4452,197810,3239,105471,1213,92339,0,0,2817,86358,1629,55655,2818,142013,California
San Mateo,2021-02-23,4356,202166,3131,108602,1225,93564,0,0,2546,87103,1801,57456,2546,144559,California
San Mateo,2021-02-24,7356,209522,3309,111911,4047,97611,0,0,4887,89531,2460,59916,4888,149447,California
San Mateo,2021-02-25,9289,218811,4137,116048,5152,102763,0,0,6129,92519,3142,63058,6130,155577,California
San Mateo,2021-02-26,10022,228833,3866,119914,6156,108919,0,0,6947,96410,3060,66118,6951,162528,California
San Mateo,2021-02-27,6954,235787,3572,123486,3382,112301,0,0,3734,96937,3213,69331,3740,166268,California
San Mateo,2021-02-28,4442,240229,2746,126232,1696,113997,0,0,2667,97838,1767,71098,2668,168936,California
San Mateo,2021-03-01,6006,246235,3791,130023,2212,116209,3,3,2972,97794,3019,74117,2975,171911,California
San Mateo,2021-03-02,6232,252467,4427,134450,1804,118013,1,4,3580,98732,2644,76761,3582,175493,California
San Mateo,2021-03-03,8477,260944,3996,138446,4479,122492,2,6,3659,97587,4806,81567,3661,179154,California
San Mateo,2021-03-04,8506,269450,3999,142445,4504,126996,3,9,3831,96769,4654,86221,3836,182990,California
San Mateo,2021-03-05,9343,278793,6235,148680,3104,130100,4,13,6541,100536,2781,89002,6548,189538,California
San Mateo,2021-03-06,7969,286762,5564,154244,2230,132330,175,188,5842,104436,2116,91118,6016,195554,California
San Mateo,2021-03-07,3580,290342,2439,156683,1070,133400,71,259,2105,105141,1471,92589,2176,197730,California
San Mateo,2021-03-08,4509,294851,2559,159242,1733,135133,217,476,3296,107446,1206,93795,3511,201241,California
San Mateo,2021-03-09,5379,300230,2856,162098,2248,137381,275,751,3783,109918,1584,95379,4056,205297,California
San Mateo,2021-03-10,7184,307414,2892,164990,4008,141389,284,1035,4805,112641,2364,97743,5087,210384,California
San Mateo,2021-03-11,9099,316513,5731,170721,2977,144366,391,1426,3697,111355,5370,103113,4084,214468,California
San Mateo,2021-03-12,10585,327098,6689,177410,3513,147879,383,1809,3581,108335,6984,110097,3964,218432,California
San Mateo,2021-03-13,8229,335327,3497,180907,3098,150977,1634,3443,3986,109719,4229,114326,5613,224045,California
San Mateo,2021-03-14,4992,340319,3376,184283,1510,152487,106,3549,2645,110130,2339,116665,2750,226795,California
San Mateo,2021-03-15,7170,347489,4634,188917,2361,154848,175,3724,3751,110645,3412,120077,3927,230722,California
San Mateo,2021-03-16,11950,359439,4390,193307,7438,162286,122,3846,4794,108426,7137,127214,4918,235640,California
San Mateo,2021-03-17,10874,370313,4428,197735,6298,168584,148,3994,4876,107483,5968,133182,5025,240665,California
San Mateo,2021-03-18,7271,377584,4088,201823,2997,171581,186,4180,4295,108995,2968,136150,4480,245145,California
San Mateo,2021-03-19,7459,385043,4836,206659,1949,173530,674,4854,3557,109335,3891,140041,4231,249376,California
San Mateo,2021-03-20,8475,393518,6558,213217,1578,175108,339,5193,5408,112030,3051,143092,5746,255122,California
San Mateo,2021-03-21,4244,397762,3224,216441,791,175899,229,5422,2276,112575,1957,145049,2502,257624,California
San Mateo,2021-03-22,5265,403027,3592,220033,1251,177150,422,5844,2755,113257,2494,147543,3176,260800,California
San Mateo,2021-03-23,9802,412829,4484,224517,5123,182273,195,6039,4376,112434,5394,152937,4571,265371,California
San Mateo,2021-03-24,9501,422330,5479,229996,3878,186151,144,6183,4044,111233,5386,158323,4185,269556,California
San Mateo,2021-03-25,10141,432471,4955,234951,4885,191036,301,6484,4397,110295,5639,163962,4701,274257,California
San Mateo,2021-03-26,11268,443739,7764,242715,3335,194371,169,6653,4289,107816,6937,170899,4458,278715,California
San Mateo,2021-03-27,10597,454336,8136,250851,2359,196730,102,6755,4697,106733,5881,176780,4798,283513,California
San Mateo,2021-03-28,4278,458614,2782,253633,1386,198116,110,6865,2003,106585,2265,179045,2117,285630,California
San Mateo,2021-03-29,6041,464655,3762,257395,2026,200142,253,7118,2687,106191,3334,182379,2940,288570,California
San Mateo,2021-03-30,7152,471807,4078,261473,2921,203063,153,7271,3834,106877,3301,185680,3987,292557,California
San Mateo,2021-03-31,7275,479082,4598,266071,2536,205599,141,7412,3819,107400,3437,189117,3960,296517,California
San Mateo,2021-04-01,10618,489700,5252,271323,4154,209753,1212,8624,5705,109449,4865,193982,6914,303431,California
San Mateo,2021-04-02,10876,500576,5187,276510,4041,213794,1648,10272,5668,111573,5186,199168,7310,310741,California
San Mateo,2021-04-03,10013,510589,5732,282242,2466,216260,1815,12087,5082,113548,4922,204090,6897,317638,California
San Mateo,2021-04-04,5433,516022,2613,284855,1565,217825,1255,13342,1697,112776,3721,207811,2949,320587,California
San Mateo,2021-04-05,8942,524964,4765,289620,2447,220272,1730,15072,3816,113210,5108,212919,5542,326129,California
San Mateo,2021-04-06,13268,538232,8252,297872,3160,223432,1856,16928,7516,116850,5736,218655,9376,335505,California
San Mateo,2021-04-07,11389,549621,5245,303117,4457,227889,1687,18615,4819,116799,6549,225204,6498,342003,California
San Mateo,2021-04-08,10150,559771,5036,308153,2511,230400,2603,21218,4489,118235,5642,230846,7078,349081,California
San Mateo,2021-04-09,11371,571142,5542,313695,3350,233750,2479,23697,5107,119552,6261,237107,7578,356659,California
San Mateo,2021-04-10,11334,582476,5734,319429,4148,237898,1452,25149,4676,119049,6627,243734,6124,362783,California
San Mateo,2021-04-11,6677,589153,3297,322726,873,238771,2507,27656,2308,119497,4362,248096,4810,367593,California
San Mateo,2021-04-12,7336,596489,4473,327199,1890,240661,973,28629,3551,120253,3764,251860,4520,372113,California
San Mateo,2021-04-13,8238,604727,5128,332327,3099,243760,11,28640,4382,120805,3845,255705,4397,376510,California
San Mateo,2021-04-14,8397,613124,5449,337776,2947,246707,1,28641,4336,121110,4043,259748,4348,380858,California
San Mateo,2021-04-15,11220,624344,7458,345234,3760,250467,2,28643,7370,124660,3824,263572,7374,388232,California
San Mateo,2021-04-16,9993,634337,6896,352130,3081,253548,16,28659,6358,127432,3613,267185,6385,394617,California
San Mateo,2021-04-17,9810,644147,6515,358645,3293,256841,2,28661,6148,129938,3652,270837,6158,400775,California
San Mateo,2021-04-18,5455,649602,2614,361259,2841,259682,0,28661,3667,131849,1775,272612,3686,404461,California
San Mateo,2021-04-19,8358,657960,5435,366694,2923,262605,0,28661,5441,134397,2902,275514,5450,409911,California
San Mateo,2021-04-20,10289,668249,5749,372443,4539,267144,1,28662,6622,137385,3645,279159,6633,416544,California
San Mateo,2021-04-21,9031,677280,6103,378546,2926,270070,2,28664,5587,139556,3423,282582,5594,422138,California
San Mateo,2021-04-22,9656,686936,6473,385019,3182,273252,1,28665,5361,140662,4261,286843,5367,427505,California
San Mateo,2021-04-23,9449,696385,6220,391239,3229,276481,0,28665,5306,141866,4117,290960,5321,432826,California
San Mateo,2021-04-24,11295,707680,8039,399278,3256,279737,0,28665,5840,142282,5432,296392,5848,438674,California
San Mateo,2021-04-25,5544,713224,3853,403131,1689,281426,2,28667,3957,144677,1571,297963,3966,442640,California
San Mateo,2021-04-26,6637,719861,4799,407930,1830,283256,8,28675,3875,145823,2749,300712,3895,446535,California
San Mateo,2021-04-27,11350,731211,7983,415913,3212,286468,155,28830,4644,143951,6675,307387,4803,451338,California
San Mateo,2021-04-28,7872,739083,4490,420403,3177,289645,205,29035,4219,144740,3639,311026,4428,455766,California
San Mateo,2021-04-29,8081,747164,3743,424146,4165,293810,173,29208,3661,144195,4391,315417,3846,459612,California
San Mateo,2021-04-30,8056,755220,5061,429207,2842,296652,153,29361,3419,143169,4612,320029,3586,463198,California
San Mateo,2021-05-01,6162,761382,4126,433333,1918,298570,118,29479,2685,142524,3459,323488,2814,466012,California
San Mateo,2021-05-02,3187,764569,1742,435075,1375,299945,70,29549,1155,141729,2024,325512,1229,467241,California
San Mateo,2021-05-03,6017,770586,4495,439570,1378,301323,144,29693,1840,139544,4169,329681,1984,469225,California
San Mateo,2021-05-04,7289,777875,4949,444519,2169,303492,171,29864,2492,137436,4783,334464,2675,471900,California
San Mateo,2021-05-05,6902,784777,4521,449040,2223,305715,158,30022,2391,135506,4482,338946,2552,474452,California
San Mateo,2021-05-06,8622,793399,6736,455776,1710,307425,176,30198,1749,130581,6854,345800,1929,476381,California
San Mateo,2021-05-07,8211,801610,5866,461642,2060,309485,285,30483,1822,126335,6364,352164,2118,478499,California
San Mateo,2021-05-08,6644,808254,4014,465656,2391,311876,239,30722,1843,123634,4788,356952,2087,480586,California
San Mateo,2021-05-09,3125,811379,2430,468086,621,312497,74,30796,1064,122721,2052,359004,1139,481725,California
San Mateo,2021-05-10,4623,816002,3328,471414,1124,313621,171,30967,760,119807,3853,362857,939,482664,California
San Mateo,2021-05-11,6682,822684,4989,476403,1564,315185,129,31096,1740,116749,4929,367786,1871,484535,California
San Mateo,2021-05-12,6933,829617,5048,481451,1670,316855,215,31311,1793,113632,5127,372913,2010,486545,California
San Mateo,2021-05-13,9541,839158,7130,488581,2315,319170,96,31407,3555,111340,5954,378867,3662,490207,California
San Mateo,2021-05-14,8327,847485,6156,494737,2059,321229,112,31519,2703,108553,5609,384476,2822,493029,California
San Mateo,2021-05-15,10398,857883,8114,502851,2183,323412,101,31620,4567,107425,5817,390293,4689,497718,California
San Mateo,2021-05-16,7170,865053,5099,507950,2003,325415,68,31688,2185,104713,4967,395260,2255,499973,California
San Mateo,2021-05-17,7069,872122,5002,512952,1959,327374,108,31796,2149,102069,4905,400165,2261,502234,California
San Mateo,2021-05-18,8452,880574,5832,518784,2523,329897,97,31893,3097,100038,5229,405394,3198,505432,California
San Mateo,2021-05-19,7871,888445,5891,524675,1859,331756,121,32014,3687,99710,4137,409531,3809,509241,California
San Mateo,2021-05-20,5602,894047,3448,528123,2019,333775,135,32149,2248,98764,3331,412862,2385,511626,California
San Mateo,2021-05-21,6985,901032,4764,532887,2076,335851,145,32294,2041,96026,4924,417786,2186,513812,California
San Mateo,2021-05-22,6148,907180,4116,537003,1964,337815,68,32362,2421,94811,3707,421493,2492,516304,California
San Mateo,2021-05-23,2990,910170,1648,538651,1253,339068,89,32451,1150,94222,1828,423321,1239,517543,California
San Mateo,2021-05-24,3396,913566,2231,540882,1016,340084,149,32600,1112,93214,2266,425587,1258,518801,California
San Mateo,2021-05-25,4765,918331,2999,543881,1585,341669,181,32781,1592,91836,3153,428740,1775,520576,California
San Mateo,2021-05-26,5678,924009,3055,546936,2507,344176,116,32897,1798,89889,3861,432601,1914,522490,California
San Mateo,2021-05-27,3775,927784,2198,549134,1479,345655,98,32995,1244,88721,2506,435107,1338,523828,California
San Mateo,2021-05-28,3482,931266,2188,551322,1208,346863,86,33081,1328,88019,2114,437221,1412,525240,California
San Mateo,2021-05-29,3232,934498,2299,553621,881,347744,52,33133,1328,87519,1879,439100,1379,526619,California
San Mateo,2021-05-30,1653,936151,1120,554741,472,348216,61,33194,671,87278,973,440073,732,527351,California
San Mateo,2021-05-31,499,936650,334,555075,156,348372,9,33203,222,87234,275,440348,231,527582,California
San Mateo,2021-06-01,3393,940043,2035,557110,1261,349633,97,33300,1119,86188,2261,442609,1215,528797,California
San Mateo,2021-06-02,2770,942813,1842,558952,850,350483,78,33378,1128,85765,1627,444236,1204,530001,California
San Mateo,2021-06-03,3814,946627,2997,561949,703,351186,114,33492,887,83847,2915,447151,997,530998,California
San Mateo,2021-06-04,4163,950790,3216,565165,852,352038,95,33587,1248,82281,2896,450047,1330,532328,California
San Mateo,2021-06-05,5153,955943,4513,569678,542,352580,98,33685,1101,79458,4022,454069,1199,533527,California
San Mateo,2021-06-06,2498,958441,2059,571737,378,352958,61,33746,553,78143,1925,455994,610,534137,California
San Mateo,2021-06-07,3105,961546,2603,574340,419,353377,83,33829,791,76708,2307,458301,872,535009,California
San Mateo,2021-06-08,4070,965616,3439,577779,529,353906,102,33931,1012,74798,3024,461325,1114,536123,California
San Mateo,2021-06-09,4123,969739,3552,581331,501,354407,70,34001,620,71994,3492,464817,688,536811,California
San Mateo,2021-06-10,2959,972698,2395,583726,450,354857,114,34115,770,70702,2176,466993,884,537695,California
San Mateo,2021-06-11,2822,975520,2261,585987,440,355297,121,34236,893,69796,1919,468912,1013,538708,California
San Mateo,2021-06-12,3084,978604,2745,588732,253,355550,86,34322,914,68638,2158,471070,1000,539708,California
San Mateo,2021-06-13,1343,979947,999,589731,281,355831,63,34385,297,67962,1035,472105,359,540067,California
San Mateo,2021-06-14,1969,981916,1651,591382,229,356060,89,34474,491,67088,1451,473556,577,540644,California
San Mateo,2021-06-15,982,982898,799,592181,122,356182,61,34535,269,66710,708,474264,330,540974,California
Santa Barbara,2020-12-15,2,2,2,2,0,0,0,0,2,2,0,0,2,2,California
Santa Barbara,2020-12-16,2,4,2,4,0,0,0,0,2,4,0,0,2,4,California
Santa Barbara,2020-12-17,56,60,56,60,0,0,0,0,56,60,0,0,56,60,California
Santa Barbara,2020-12-18,379,439,378,438,1,1,0,0,379,439,0,0,379,439,California
Santa Barbara,2020-12-19,325,764,325,763,0,1,0,0,325,764,0,0,325,764,California
Santa Barbara,2020-12-20,235,999,235,998,0,1,0,0,235,999,0,0,235,999,California
Santa Barbara,2020-12-21,653,1652,651,1649,2,3,0,0,653,1652,0,0,653,1652,California
Santa Barbara,2020-12-22,246,1898,244,1893,2,5,0,0,246,1898,0,0,246,1898,California
Santa Barbara,2020-12-23,325,2223,207,2100,118,123,0,0,325,2223,0,0,325,2223,California
Santa Barbara,2020-12-24,88,2311,40,2140,48,171,0,0,88,2311,0,0,88,2311,California
Santa Barbara,2020-12-26,326,2637,66,2206,260,431,0,0,326,2637,0,0,326,2637,California
Santa Barbara,2020-12-27,62,2699,1,2207,61,492,0,0,62,2699,0,0,62,2699,California
Santa Barbara,2020-12-28,358,3057,225,2432,133,625,0,0,358,3057,0,0,358,3057,California
Santa Barbara,2020-12-29,562,3619,359,2791,203,828,0,0,562,3619,0,0,562,3619,California
Santa Barbara,2020-12-30,578,4197,396,3187,182,1010,0,0,578,4197,0,0,578,4197,California
Santa Barbara,2020-12-31,241,4438,115,3302,126,1136,0,0,241,4438,0,0,241,4438,California
Santa Barbara,2021-01-01,116,4554,110,3412,6,1142,0,0,116,4554,0,0,116,4554,California
Santa Barbara,2021-01-02,599,5153,233,3645,366,1508,0,0,599,5153,0,0,599,5153,California
Santa Barbara,2021-01-03,23,5176,15,3660,8,1516,0,0,23,5176,0,0,23,5176,California
Santa Barbara,2021-01-04,306,5482,243,3903,63,1579,0,0,305,5481,0,0,305,5481,California
Santa Barbara,2021-01-05,752,6234,380,4283,372,1951,0,0,724,6177,28,28,724,6205,California
Santa Barbara,2021-01-06,657,6891,277,4560,380,2331,0,0,596,6713,60,88,596,6801,California
Santa Barbara,2021-01-07,1032,7923,709,5269,323,2654,0,0,528,6741,500,588,528,7329,California
Santa Barbara,2021-01-08,1204,9127,845,6114,359,3013,0,0,709,6955,495,1083,709,8038,California
Santa Barbara,2021-01-09,565,9692,293,6407,272,3285,0,0,319,7028,246,1329,319,8357,California
Santa Barbara,2021-01-10,62,9754,50,6457,12,3297,0,0,46,7058,16,1345,46,8403,California
Santa Barbara,2021-01-11,838,10592,670,7127,168,3465,0,0,613,7447,224,1569,613,9016,California
Santa Barbara,2021-01-12,1441,12033,646,7773,795,4260,0,0,1282,8570,159,1728,1282,10298,California
Santa Barbara,2021-01-13,1220,13253,270,8043,950,5210,0,0,1093,9536,127,1855,1093,11391,California
Santa Barbara,2021-01-14,1254,14507,136,8179,1118,6328,0,0,1199,10682,54,1909,1200,12591,California
Santa Barbara,2021-01-15,1809,16316,426,8605,1383,7711,0,0,1726,12327,81,1990,1726,14317,California
Santa Barbara,2021-01-16,1280,17596,202,8807,1078,8789,0,0,1240,13528,39,2029,1240,15557,California
Santa Barbara,2021-01-17,125,17721,22,8829,103,8892,0,0,122,13647,3,2032,122,15679,California
Santa Barbara,2021-01-18,1156,18877,419,9248,737,9629,0,0,970,14431,186,2218,970,16649,California
Santa Barbara,2021-01-19,1641,20518,572,9820,1069,10698,0,0,1360,15513,278,2496,1360,18009,California
Santa Barbara,2021-01-20,2113,22631,549,10369,1564,12262,0,0,1758,16917,354,2850,1758,19767,California
Santa Barbara,2021-01-21,3206,25837,1924,12293,1282,13544,0,0,3046,19804,160,3010,3047,22814,California
Santa Barbara,2021-01-22,2934,28771,1781,14074,1153,14697,0,0,2770,22414,161,3171,2771,25585,California
Santa Barbara,2021-01-23,1731,30502,1101,15175,630,15327,0,0,1214,23112,516,3687,1214,26799,California
Santa Barbara,2021-01-24,844,31346,752,15927,92,15419,0,0,835,23938,9,3696,835,27634,California
Santa Barbara,2021-01-25,1242,32588,496,16423,746,16165,0,0,1006,24708,236,3932,1006,28640,California
Santa Barbara,2021-01-26,2083,34671,499,16922,1584,17749,0,0,1699,26025,382,4314,1699,30339,California
Santa Barbara,2021-01-27,1170,35841,401,17323,769,18518,0,0,907,26673,262,4576,910,31249,California
Santa Barbara,2021-01-28,895,36736,298,17621,597,19115,0,0,681,27143,211,4787,681,31930,California
Santa Barbara,2021-01-29,1346,38082,532,18153,814,19929,0,0,984,27772,358,5145,987,32917,California
Santa Barbara,2021-01-30,1907,39989,1422,19575,485,20414,0,0,1491,28850,413,5558,1491,34408,California
Santa Barbara,2021-01-31,1455,41444,1217,20792,238,20652,0,0,1416,30227,39,5597,1416,35824,California
Santa Barbara,2021-02-01,954,42398,527,21319,427,21079,0,0,556,30385,398,5995,556,36380,California
Santa Barbara,2021-02-02,1809,44207,680,21999,1129,22208,0,0,1040,30659,766,6761,1040,37420,California
Santa Barbara,2021-02-03,1946,46153,1080,23079,866,23074,0,0,1505,31734,430,7191,1505,38925,California
Santa Barbara,2021-02-04,2781,48934,1869,24948,912,23986,0,0,2483,33925,292,7483,2483,41408,California
Santa Barbara,2021-02-05,2902,51836,2058,27006,844,24830,0,0,2258,35541,642,8125,2258,43666,California
Santa Barbara,2021-02-06,1201,53037,338,27344,863,25693,0,0,792,35924,409,8534,792,44458,California
Santa Barbara,2021-02-07,303,53340,264,27608,39,25732,0,0,267,36156,35,8569,267,44725,California
Santa Barbara,2021-02-08,954,54294,309,27917,645,26377,0,0,666,36534,288,8857,666,45391,California
Santa Barbara,2021-02-09,2435,56729,313,28230,2122,28499,0,0,1118,36344,1308,10165,1118,46509,California
Santa Barbara,2021-02-10,2758,59487,1496,29726,1262,29761,0,0,776,35146,1974,12139,776,47285,California
Santa Barbara,2021-02-11,4194,63681,2812,32538,1382,31143,0,0,628,32219,3555,15694,628,47913,California
Santa Barbara,2021-02-12,3311,66992,948,33486,2363,33506,0,0,777,30468,2528,18222,777,48690,California
Santa Barbara,2021-02-13,1232,68224,339,33825,893,34399,0,0,561,30360,669,18891,561,49251,California
Santa Barbara,2021-02-14,337,68561,41,33866,296,34695,0,0,289,30601,48,18939,289,49540,California
Santa Barbara,2021-02-15,971,69532,340,34206,631,35326,0,0,496,30625,472,19411,496,50036,California
Santa Barbara,2021-02-16,2151,71683,437,34643,1714,37040,0,0,722,29922,1425,20836,722,50758,California
Santa Barbara,2021-02-17,1437,73120,319,34962,1118,38158,0,0,521,29531,912,21748,521,51279,California
Santa Barbara,2021-02-18,3261,76381,2655,37617,606,38764,0,0,1524,29354,1701,23449,1524,52803,California
Santa Barbara,2021-02-19,3586,79967,2634,40251,952,39716,0,0,2322,30415,1261,24710,2322,55125,California
Santa Barbara,2021-02-20,2229,82196,1444,41695,785,40501,0,0,1670,31536,549,25259,1670,56795,California
Santa Barbara,2021-02-21,138,82334,109,41804,29,40530,0,0,61,31522,75,25334,61,56856,California
Santa Barbara,2021-02-22,933,83267,243,42047,690,41220,0,0,269,31129,662,25996,269,57125,California
Santa Barbara,2021-02-23,3190,86457,1046,43093,2144,43364,0,0,420,28783,2766,28762,420,57545,California
Santa Barbara,2021-02-24,3223,89680,1100,44193,2123,45487,0,0,722,27013,2492,31254,722,58267,California
Santa Barbara,2021-02-25,3459,93139,1921,46114,1538,47025,0,0,991,25545,2460,33714,992,59259,California
Santa Barbara,2021-02-26,3665,96804,2179,48293,1486,48511,0,0,1973,25834,1684,35398,1973,61232,California
Santa Barbara,2021-02-27,1536,98340,562,48855,974,49485,0,0,856,26016,676,36074,858,62090,California
Santa Barbara,2021-02-28,1086,99426,221,49076,865,50350,0,0,893,26723,187,36261,894,62984,California
Santa Barbara,2021-03-01,1652,101078,472,49548,1178,51528,2,2,1092,27275,543,36804,1095,64079,California
Santa Barbara,2021-03-02,2662,103740,424,49972,2238,53766,0,2,2161,28949,488,37292,2162,66241,California
Santa Barbara,2021-03-03,4637,108377,2103,52075,2532,56298,2,4,4039,32406,587,37879,4044,70285,California
Santa Barbara,2021-03-04,3425,111802,2280,54355,1145,57443,0,4,2871,34732,545,38424,2871,73156,California
Santa Barbara,2021-03-05,3820,115622,2164,56519,1597,59040,59,63,3093,37162,722,39146,3152,76308,California
Santa Barbara,2021-03-06,2433,118055,727,57246,1487,60527,219,282,1669,38288,759,39905,1885,78193,California
Santa Barbara,2021-03-07,566,118621,124,57370,311,60838,131,413,385,38625,180,40085,517,78710,California
Santa Barbara,2021-03-08,1578,120199,378,57748,857,61695,343,756,794,38984,778,40863,1137,79847,California
Santa Barbara,2021-03-09,2806,123005,350,58098,1683,63378,773,1529,743,38436,2060,42923,1512,81359,California
Santa Barbara,2021-03-10,2767,125772,554,58652,1162,64540,1051,2580,1045,38812,1717,44640,2093,83452,California
Santa Barbara,2021-03-11,5589,131361,3034,61686,1436,65976,1119,3699,2278,38905,3297,47937,3390,86842,California
Santa Barbara,2021-03-12,3689,135050,2102,63788,1157,67133,430,4129,2184,40018,1498,49435,2611,89453,California
Santa Barbara,2021-03-13,3499,138549,1938,65726,1352,68485,209,4338,2699,42130,797,50232,2909,92362,California
Santa Barbara,2021-03-14,806,139355,391,66117,360,68845,55,4393,486,42352,319,50551,541,92903,California
Santa Barbara,2021-03-15,2117,141472,697,66814,1128,69973,292,4685,1269,43071,840,51391,1559,94462,California
Santa Barbara,2021-03-16,3724,145196,1174,67988,2208,72181,342,5027,2736,45166,983,52374,3078,97540,California
Santa Barbara,2021-03-17,3317,148513,978,68966,1934,74115,405,5432,2324,46901,990,53364,2725,100265,California
Santa Barbara,2021-03-18,5227,153740,2794,71760,2231,76346,202,5634,4004,49900,1207,54571,4206,104471,California
Santa Barbara,2021-03-19,4450,158190,2771,74531,1346,77692,333,5967,3055,51896,1391,55962,3387,107858,California
Santa Barbara,2021-03-20,2181,160371,835,75366,1330,79022,16,5983,1333,52399,845,56807,1348,109206,California
Santa Barbara,2021-03-21,1169,161540,384,75750,754,79776,31,6014,840,52944,326,57133,871,110077,California
Santa Barbara,2021-03-22,2778,164318,1915,77665,819,80595,44,6058,2222,54663,547,57680,2266,112343,California
Santa Barbara,2021-03-23,4486,168804,2261,79926,2124,82719,101,6159,3711,57709,765,58445,3811,116154,California
Santa Barbara,2021-03-24,5422,174226,3154,83080,1515,84234,753,6912,2973,59005,2426,60871,3722,119876,California
Santa Barbara,2021-03-25,5568,179794,3275,86355,2101,86335,192,7104,2789,59224,2762,63633,2981,122857,California
Santa Barbara,2021-03-26,5095,184889,3229,89584,1567,87902,299,7403,2245,58936,2832,66465,2544,125401,California
Santa Barbara,2021-03-27,2960,187849,1225,90809,1692,89594,43,7446,1625,59271,1331,67796,1666,127067,California
Santa Barbara,2021-03-28,2783,190632,1658,92467,1097,90691,28,7474,1895,60312,884,68680,1925,128992,California
Santa Barbara,2021-03-29,4041,194673,2084,94551,1886,92577,71,7545,3229,62804,808,69488,3300,132292,California
Santa Barbara,2021-03-30,6806,201479,3515,98066,3140,95717,151,7696,4538,65237,2253,71741,4686,136978,California
Santa Barbara,2021-03-31,8700,210179,5539,103605,3095,98812,66,7762,5056,66736,3623,75364,5122,142100,California
Santa Barbara,2021-04-01,7056,217235,5219,108824,1578,100390,259,8021,4181,68319,2855,78219,4438,146538,California
Santa Barbara,2021-04-02,6652,223887,4566,113390,1492,101882,594,8615,3427,69122,3217,81436,4020,150558,California
Santa Barbara,2021-04-03,3812,227699,2115,115505,1631,103513,66,8681,2519,70419,1287,82723,2584,153142,California
Santa Barbara,2021-04-04,899,228598,443,115948,416,103929,40,8721,498,70558,399,83122,538,153680,California
Santa Barbara,2021-04-05,3467,232065,2293,118241,916,104845,258,8979,2171,71700,1287,84409,2429,156109,California
Santa Barbara,2021-04-06,5493,237558,2831,121072,2123,106968,539,9518,3364,73487,2113,86522,3900,160009,California
Santa Barbara,2021-04-07,6027,243585,3293,124365,2191,109159,543,10061,4090,76191,1928,88450,4632,164641,California
Santa Barbara,2021-04-08,7426,251011,5052,129417,647,109806,1727,11788,3435,77365,3985,92435,5159,169800,California
Santa Barbara,2021-04-09,7345,258356,4886,134303,1097,110903,1362,13150,3314,78014,4022,96457,4671,174471,California
Santa Barbara,2021-04-10,6728,265084,4666,138969,1447,112350,615,13765,4585,81078,2134,98591,5198,179669,California
Santa Barbara,2021-04-11,2686,267770,1971,140940,412,112762,303,14068,1860,82416,820,99411,2158,181827,California
Santa Barbara,2021-04-12,4425,272195,2850,143790,1022,113784,553,14621,1919,82387,2499,101910,2470,184297,California
Santa Barbara,2021-04-13,6394,278589,4200,147990,2188,115972,6,14627,2668,81342,3721,105631,2676,186973,California
Santa Barbara,2021-04-14,6811,285400,4424,152414,2385,118357,2,14629,4250,83060,2550,108181,4268,191241,California
Santa Barbara,2021-04-15,7004,292404,4124,156538,2879,121236,1,14630,3797,83668,3195,111376,3803,195044,California
Santa Barbara,2021-04-16,6417,298821,3773,160311,2633,123869,11,14641,4417,86119,1984,113360,4435,199479,California
Santa Barbara,2021-04-17,5340,304161,3877,164188,1463,125332,0,14641,4119,89031,1209,114569,4121,203600,California
Santa Barbara,2021-04-18,2141,306302,1486,165674,655,125987,0,14641,373,87648,1764,116333,381,203981,California
Santa Barbara,2021-04-19,3235,309537,2229,167903,1000,126987,6,14647,1029,86484,2201,118534,1037,205018,California
Santa Barbara,2021-04-20,5873,315410,3951,171854,1921,128908,1,14648,1650,83925,4209,122743,1650,206668,California
Santa Barbara,2021-04-21,5479,320889,3635,175489,1844,130752,0,14648,1738,81935,3728,126471,1738,208406,California
Santa Barbara,2021-04-22,5092,325981,2555,178044,2536,133288,1,14649,1452,79766,3624,130095,1455,209861,California
Santa Barbara,2021-04-23,5585,331566,3877,181921,1708,134996,0,14649,1963,78120,3609,133704,1963,211824,California
Santa Barbara,2021-04-24,4430,335996,2877,184798,1548,136544,5,14654,1632,76979,2779,136483,1638,213462,California
Santa Barbara,2021-04-25,1839,337835,1186,185984,653,137197,0,14654,499,76147,1331,137814,499,213961,California
Santa Barbara,2021-04-26,3241,341076,1972,187956,1248,138445,21,14675,558,74050,2676,140490,579,214540,California
Santa Barbara,2021-04-27,3957,345033,2163,190119,1690,140135,104,14779,1164,72534,2783,143273,1267,215807,California
Santa Barbara,2021-04-28,4908,349941,2859,192978,1932,142067,117,14896,1396,70551,3499,146772,1516,217323,California
Santa Barbara,2021-04-29,5255,355196,3802,196780,1226,143293,227,15123,1439,68415,3800,150572,1664,218987,California
Santa Barbara,2021-04-30,4949,360145,3697,200477,1088,144381,164,15287,1411,66467,3522,154094,1574,220561,California
Santa Barbara,2021-05-01,5259,365404,4072,204549,1153,145534,34,15321,890,63037,4355,158449,925,221486,California
Santa Barbara,2021-05-02,1135,366539,667,205216,340,145874,128,15449,308,62647,826,159275,436,221922,California
Santa Barbara,2021-05-03,2203,368742,1476,206692,588,146462,139,15588,440,61468,1756,161031,577,222499,California
Santa Barbara,2021-05-04,3292,372034,1667,208359,1553,148015,72,15660,1145,60550,2134,163165,1216,223715,California
Santa Barbara,2021-05-05,5434,377468,3676,212035,1611,149626,147,15807,621,56520,4800,167965,770,224485,California
Santa Barbara,2021-05-06,5063,382531,3919,215954,1040,150666,104,15911,968,53513,4079,172044,1072,225557,California
Santa Barbara,2021-05-07,4664,387195,3653,219607,831,151497,180,16091,1000,51036,3654,175698,1177,226734,California
Santa Barbara,2021-05-08,4244,391439,3161,222768,985,152482,98,16189,889,48681,3342,179040,987,227721,California
Santa Barbara,2021-05-09,699,392138,110,222878,549,153031,40,16229,466,48956,232,179272,507,228228,California
Santa Barbara,2021-05-10,1324,393462,627,223505,614,153645,83,16312,365,48446,957,180229,447,228675,California
Santa Barbara,2021-05-11,1874,395336,787,224292,791,154436,296,16608,425,47723,1441,181670,718,229393,California
Santa Barbara,2021-05-12,1661,396997,737,225029,700,155136,224,16832,482,47258,1171,182841,706,230099,California
Santa Barbara,2021-05-13,3730,400727,2787,227816,748,155884,195,17027,1234,46202,2485,185326,1429,231528,California
Santa Barbara,2021-05-14,4139,404866,2521,230337,1524,157408,94,17121,1627,45423,2498,187824,1719,233247,California
Santa Barbara,2021-05-15,3505,408371,2564,232901,922,158330,19,17140,1840,45629,1654,189478,1860,235107,California
Santa Barbara,2021-05-16,1066,409437,467,233368,484,158814,115,17255,469,45621,592,190070,584,235691,California
Santa Barbara,2021-05-17,1633,411070,930,234298,640,159454,63,17318,864,45784,763,190833,926,236617,California
Santa Barbara,2021-05-18,1844,412914,1161,235459,586,160040,97,17415,973,46000,854,191687,1070,237687,California
Santa Barbara,2021-05-19,1752,414666,965,236424,747,160787,40,17455,812,45919,932,192619,851,238538,California
Santa Barbara,2021-05-20,1714,416380,938,237362,657,161444,119,17574,863,46061,839,193458,981,239519,California
Santa Barbara,2021-05-21,3463,419843,2342,239704,1067,162511,54,17628,1275,45217,2174,195632,1330,240849,California
Santa Barbara,2021-05-22,2468,422311,1709,241413,715,163226,44,17672,1394,45590,1066,196698,1439,242288,California
Santa Barbara,2021-05-23,747,423058,327,241740,392,163618,28,17700,409,45690,337,197035,437,242725,California
Santa Barbara,2021-05-24,998,424056,583,242323,352,163970,63,17763,481,45721,513,197548,544,243269,California
Santa Barbara,2021-05-25,1399,425455,568,242891,762,164732,69,17832,461,45319,932,198480,530,243799,California
Santa Barbara,2021-05-26,3006,428461,1708,244599,1178,165910,120,17952,834,44115,2157,200637,953,244752,California
Santa Barbara,2021-05-27,1952,430413,1210,245809,599,166509,143,18095,824,43962,1121,201758,968,245720,California
Santa Barbara,2021-05-28,1509,431922,704,246513,653,167162,152,18247,622,43853,884,202642,775,246495,California
Santa Barbara,2021-05-29,896,432818,315,246828,544,167706,37,18284,366,43729,527,203169,403,246898,California
Santa Barbara,2021-05-30,500,433318,179,247007,223,167929,98,18382,186,43700,312,203481,283,247181,California
Santa Barbara,2021-05-31,95,433413,43,247050,42,167971,10,18392,23,43661,71,203552,32,247213,California
Santa Barbara,2021-06-01,1128,434541,591,247641,479,168450,58,18450,461,43518,662,204214,519,247732,California
Santa Barbara,2021-06-02,980,435521,585,248226,312,168762,83,18533,433,43490,543,204757,515,248247,California
Santa Barbara,2021-06-03,2051,437572,1543,249769,452,169214,56,18589,614,42728,1431,206188,669,248916,California
Santa Barbara,2021-06-04,1448,439020,662,250431,646,169860,140,18729,483,42391,957,207145,620,249536,California
Santa Barbara,2021-06-05,2914,441934,2209,252640,653,170513,52,18781,497,40534,2405,209550,548,250084,California
Santa Barbara,2021-06-06,904,442838,476,253116,409,170922,19,18800,254,40160,647,210197,273,250357,California
Santa Barbara,2021-06-07,1155,443993,826,253942,281,171203,48,18848,302,39659,851,211048,350,250707,California
Santa Barbara,2021-06-08,1104,445097,713,254655,359,171562,32,18880,293,39177,806,211854,324,251031,California
Santa Barbara,2021-06-09,1024,446121,693,255348,245,171807,86,18966,335,38913,686,212540,422,251453,California
Santa Barbara,2021-06-10,2384,448505,2074,257422,238,172045,72,19038,532,37667,1850,214390,604,252057,California
Santa Barbara,2021-06-11,1297,449802,607,258029,590,172635,100,19138,391,37258,900,215290,491,252548,California
Santa Barbara,2021-06-12,865,450667,585,258614,257,172892,23,19161,225,36868,637,215927,247,252795,California
Santa Barbara,2021-06-13,486,451153,300,258914,88,172980,98,19259,128,36738,356,216283,226,253021,California
Santa Barbara,2021-06-14,1172,452325,809,259723,300,173280,63,19322,306,36246,861,217144,369,253390,California
Santa Barbara,2021-06-15,430,452755,236,259959,178,173458,16,19338,113,36062,312,217456,128,253518,California
Santa Clara,2020-12-15,69,69,69,69,0,0,0,0,69,69,0,0,69,69,California
Santa Clara,2020-12-16,151,220,151,220,0,0,0,0,151,220,0,0,151,220,California
Santa Clara,2020-12-17,410,630,410,630,0,0,0,0,410,630,0,0,410,630,California
Santa Clara,2020-12-18,1761,2391,1761,2391,0,0,0,0,1761,2391,0,0,1761,2391,California
Santa Clara,2020-12-19,2086,4477,2086,4477,0,0,0,0,2085,4476,0,0,2085,4476,California
Santa Clara,2020-12-20,1900,6377,1899,6376,1,1,0,0,1897,6373,0,0,1897,6373,California
Santa Clara,2020-12-21,2672,9049,2672,9048,0,1,0,0,2670,9042,1,1,2670,9043,California
Santa Clara,2020-12-22,3114,12163,3107,12155,7,8,0,0,3110,12152,0,1,3110,12153,California
Santa Clara,2020-12-23,3276,15439,3083,15238,193,201,0,0,3275,15427,0,1,3275,15428,California
Santa Clara,2020-12-24,1895,17334,1704,16942,191,392,0,0,1888,17313,2,3,1888,17316,California
Santa Clara,2020-12-25,345,17679,344,17286,1,393,0,0,345,17658,0,3,345,17661,California
Santa Clara,2020-12-26,1258,18937,1023,18309,235,628,0,0,1257,18915,0,3,1257,18918,California
Santa Clara,2020-12-27,653,19590,510,18819,143,771,0,0,653,19568,0,3,653,19571,California
Santa Clara,2020-12-28,2354,21944,1737,20556,617,1388,0,0,2354,21922,0,3,2354,21925,California
Santa Clara,2020-12-29,2376,24320,1507,22063,869,2257,0,0,2375,24297,0,3,2375,24300,California
Santa Clara,2020-12-30,3001,27321,1898,23961,1103,3360,0,0,2999,27294,2,5,2999,27299,California
Santa Clara,2020-12-31,1232,28553,393,24354,839,4199,0,0,1231,28524,1,6,1231,28530,California
Santa Clara,2021-01-01,149,28702,13,24367,136,4335,0,0,148,28671,1,7,148,28678,California
Santa Clara,2021-01-02,1099,29801,823,25190,276,4611,0,0,1099,29770,0,7,1099,29777,California
Santa Clara,2021-01-03,585,30386,368,25558,217,4828,0,0,580,30347,3,10,580,30357,California
Santa Clara,2021-01-04,2489,32875,1680,27238,809,5637,0,0,2486,32833,0,10,2486,32843,California
Santa Clara,2021-01-05,3099,35974,2031,29269,1068,6705,0,0,2905,35551,193,203,2911,35754,California
Santa Clara,2021-01-06,3367,39341,1991,31260,1376,8081,0,0,2756,37703,606,809,2758,38512,California
Santa Clara,2021-01-07,4246,43587,2572,33832,1674,9755,0,0,3155,39783,1081,1890,3161,41673,California
Santa Clara,2021-01-08,5895,49482,3854,37686,2041,11796,0,0,3777,41450,2110,4000,3777,45450,California
Santa Clara,2021-01-09,3023,52505,1902,39588,1121,12917,0,0,1698,41829,1322,5322,1701,47151,California
Santa Clara,2021-01-10,1979,54484,1526,41114,453,13370,0,0,759,41369,1219,6541,759,47910,California
Santa Clara,2021-01-11,5991,60475,3784,44898,2207,15577,0,0,3394,42174,2594,9135,3399,51309,California
Santa Clara,2021-01-12,6890,67365,3489,48387,3401,18978,0,0,4565,44452,2311,11446,4589,55898,California
Santa Clara,2021-01-13,7495,74860,3141,51528,4354,23332,0,0,5241,47494,2251,13697,5293,61191,California
Santa Clara,2021-01-14,8353,83213,2895,54423,5458,28790,0,0,6544,52290,1804,15501,6600,67791,California
Santa Clara,2021-01-15,9583,92796,2768,57191,6815,35605,0,0,8207,59178,1373,16874,8261,76052,California
Santa Clara,2021-01-16,4331,97127,1237,58428,3094,38699,0,0,3490,61839,837,17711,3498,79550,California
Santa Clara,2021-01-17,3248,100375,613,59041,2635,41334,0,0,2743,64081,501,18212,2743,82293,California
Santa Clara,2021-01-18,5145,105520,1183,60224,3962,45296,0,0,4582,68101,563,18775,4583,86876,California
Santa Clara,2021-01-19,8538,114058,2699,62923,5839,51135,0,0,6842,73253,1693,20468,6845,93721,California
Santa Clara,2021-01-20,8165,122223,4162,67085,4003,55138,0,0,6606,78305,1554,22022,6606,100327,California
Santa Clara,2021-01-21,8795,131018,3818,70903,4977,60115,0,0,7577,84668,1216,23238,7579,107906,California
Santa Clara,2021-01-22,8687,139705,3255,74158,5432,65547,0,0,8108,92202,577,23815,8111,116017,California
Santa Clara,2021-01-23,3817,143522,1699,75857,2118,67665,0,0,2844,94074,973,24788,2845,118862,California
Santa Clara,2021-01-24,2854,146376,1426,77283,1428,69093,0,0,2364,95951,487,25275,2364,121226,California
Santa Clara,2021-01-25,8434,154810,3811,81094,4623,73716,0,0,6345,100218,2081,27356,6348,127574,California
Santa Clara,2021-01-26,8379,163189,3828,84922,4551,78267,0,0,6225,104303,2144,29500,6229,133803,California
Santa Clara,2021-01-27,8833,172022,3890,88812,4943,83210,0,0,6892,109279,1921,31421,6897,140700,California
Santa Clara,2021-01-28,9618,181640,3872,92684,5746,88956,0,0,7625,114938,1972,33393,7631,148331,California
Santa Clara,2021-01-29,9627,191267,3969,96653,5658,94614,0,0,7432,120192,2184,35577,7438,155769,California
Santa Clara,2021-01-30,4138,195405,2076,98729,2062,96676,0,0,2917,121897,1214,36791,2919,158688,California
Santa Clara,2021-01-31,2194,197599,1308,100037,886,97562,0,0,1595,122897,595,37386,1595,160283,California
Santa Clara,2021-02-01,7887,205486,3524,103561,4363,101925,0,0,6171,127362,1708,39094,6173,166456,California
Santa Clara,2021-02-02,8653,214139,2901,106462,5752,107677,0,0,6627,131973,2019,41113,6630,173086,California
Santa Clara,2021-02-03,9251,223390,3506,109968,5745,113422,0,0,6953,136642,2290,43403,6959,180045,California
Santa Clara,2021-02-04,11029,234419,4175,114143,6854,120276,0,0,8718,143062,2301,45704,8721,188766,California
Santa Clara,2021-02-05,11996,246415,4368,118511,7628,127904,0,0,8519,148119,3463,49167,8520,197286,California
Santa Clara,2021-02-06,5255,251670,2859,121370,2396,130300,0,0,4074,151017,1178,50345,4076,201362,California
Santa Clara,2021-02-07,3510,255180,2360,123730,1150,131450,0,0,3050,153609,459,50804,3051,204413,California
Santa Clara,2021-02-08,10093,265273,3533,127263,6560,138010,0,0,7366,158263,2713,53517,7367,211780,California
Santa Clara,2021-02-09,11224,276497,3841,131104,7383,145393,0,0,7710,162477,3500,57017,7714,219494,California
Santa Clara,2021-02-10,12721,289218,4963,136067,7758,153151,0,0,6868,163507,5841,62858,6871,226365,California
Santa Clara,2021-02-11,13658,302876,4788,140855,8870,162021,0,0,7763,165391,5880,68738,7764,234129,California
Santa Clara,2021-02-12,14648,317524,4505,145360,10143,172164,0,0,7027,164820,7600,76338,7029,241158,California
Santa Clara,2021-02-13,6124,323648,1475,146835,4649,176813,0,0,2240,163185,3877,80215,2242,243400,California
Santa Clara,2021-02-14,4638,328286,1154,147989,3484,180297,0,0,1483,161517,3153,83368,1485,244885,California
Santa Clara,2021-02-15,6303,334589,2805,150794,3498,183795,0,0,2723,160667,3573,86941,2723,247608,California
Santa Clara,2021-02-16,13877,348466,4055,154849,9822,193617,0,0,6961,160728,6901,93842,6962,254570,California
Santa Clara,2021-02-17,14142,362608,5534,160383,8608,202225,0,0,7059,160726,7066,100908,7064,261634,California
Santa Clara,2021-02-18,14356,376964,8478,168861,5878,208103,0,0,7311,161037,7004,107912,7315,268949,California
Santa Clara,2021-02-19,14999,391963,9620,178481,5379,213482,0,0,8739,163538,6243,114155,8744,277693,California
Santa Clara,2021-02-20,6973,398936,5210,183691,1763,215245,0,0,3761,164097,3202,117357,3761,281454,California
Santa Clara,2021-02-21,3406,402342,2522,186213,884,216129,0,0,1262,163225,2136,119493,1264,282718,California
Santa Clara,2021-02-22,10378,412720,6207,192420,4171,220300,0,0,4830,162520,5536,125029,4831,287549,California
Santa Clara,2021-02-23,12091,424811,7825,200245,4266,224566,0,0,6838,164124,5239,130268,6843,294392,California
Santa Clara,2021-02-24,14338,439149,9255,209500,5083,229649,0,0,8863,167529,5458,135726,8863,303255,California
Santa Clara,2021-02-25,15143,454292,9667,219167,5476,235125,0,0,8251,168921,6867,142593,8259,311514,California
Santa Clara,2021-02-26,15059,469351,8730,227897,6329,241454,0,0,8219,170329,6814,149407,8222,319736,California
Santa Clara,2021-02-27,8275,477626,5750,233647,2524,243978,1,1,4646,171365,3618,153025,4654,324390,California
Santa Clara,2021-02-28,5405,483031,3693,237340,1712,245690,0,1,2679,171330,2715,155740,2680,327070,California
Santa Clara,2021-03-01,14611,497642,8409,245749,6197,251887,5,6,9066,174876,5525,161265,9071,336141,California
Santa Clara,2021-03-02,16180,513822,9581,255330,6598,258485,1,7,10318,179359,5837,167102,10320,346461,California
Santa Clara,2021-03-03,18758,532580,9310,264640,9444,267929,4,11,11674,183995,7046,174148,11682,358143,California
Santa Clara,2021-03-04,16641,549221,9075,273715,7563,275492,3,14,9678,186797,6881,181029,9683,367826,California
Santa Clara,2021-03-05,16682,565903,9287,283002,7269,282761,126,140,9271,188810,7389,188418,9402,377228,California
Santa Clara,2021-03-06,9508,575411,6349,289351,2707,285468,452,592,7125,194015,2371,190789,7576,384804,California
Santa Clara,2021-03-07,6869,582280,4492,293843,2133,287601,244,836,5464,198326,1396,192185,5707,390511,California
Santa Clara,2021-03-08,12990,595270,6766,300609,5647,293248,577,1413,8339,202608,4633,196818,8915,399426,California
Santa Clara,2021-03-09,15292,610562,6548,307157,7407,300655,1337,2750,6848,202363,8424,205242,8179,407605,California
Santa Clara,2021-03-10,15203,625765,6632,313789,6447,307102,2124,4874,6242,201770,8933,214175,8340,415945,California
Santa Clara,2021-03-11,17158,642923,7803,321592,7843,314945,1512,6386,6075,198288,11053,225228,7571,423516,California
Santa Clara,2021-03-12,17825,660748,9149,330741,7098,322043,1578,7964,5985,194031,11797,237025,7540,431056,California
Santa Clara,2021-03-13,10810,671558,6266,337007,3045,325088,1499,9463,4778,194276,6008,243033,6253,437309,California
Santa Clara,2021-03-14,6556,678114,3390,340397,1853,326941,1313,10776,3173,195384,3366,246399,4474,441783,California
Santa Clara,2021-03-15,12888,691002,6587,346984,6025,332966,276,11052,5987,194770,6876,253275,6262,448045,California
Santa Clara,2021-03-16,18298,709300,10356,357340,7734,340700,208,11260,8841,194388,9429,262704,9047,457092,California
Santa Clara,2021-03-17,20095,729395,11402,368742,8525,349225,168,11428,10367,195241,9676,272380,10529,467621,California
Santa Clara,2021-03-18,19216,748611,8990,377732,9050,358275,1176,12604,8983,195217,10177,282557,10153,477774,California
Santa Clara,2021-03-19,19433,768044,9986,387718,8439,366714,1008,13612,9894,196629,9479,292036,10891,488665,California
Santa Clara,2021-03-20,11526,779570,6371,394089,4321,371035,834,14446,6690,199344,4806,296842,7521,496186,California
Santa Clara,2021-03-21,8360,787930,3789,397878,3164,374199,1407,15853,5334,203058,3012,299854,6726,502912,California
Santa Clara,2021-03-22,16443,804373,9194,407072,6892,381091,357,16210,9034,205063,7382,307236,9387,512299,California
Santa Clara,2021-03-23,19323,823696,12286,419358,6511,387602,526,16736,11100,208511,8174,315410,11622,523921,California
Santa Clara,2021-03-24,22711,846407,14633,433991,7661,395263,417,17153,14577,215415,8092,323502,14996,538917,California
Santa Clara,2021-03-25,23029,869436,13214,447205,8848,404111,967,18120,14777,222955,8187,331689,15727,554644,California
Santa Clara,2021-03-26,22049,891485,14034,461239,7625,411736,390,18510,13518,228361,8493,340182,13899,568543,California
Santa Clara,2021-03-27,15769,907254,10481,471720,4516,416252,772,19282,8427,230258,7297,347479,9194,577737,California
Santa Clara,2021-03-28,12126,919380,8405,480125,3004,419256,717,19999,6503,231877,5596,353075,7215,584952,California
Santa Clara,2021-03-29,20685,940065,12683,492808,7273,426529,729,20728,11158,234271,9485,362560,11879,596831,California
Santa Clara,2021-03-30,25769,965834,15316,508124,8497,435026,1956,22684,16197,242883,9530,372090,18142,614973,California
Santa Clara,2021-03-31,20593,986427,11971,520095,7488,442514,1134,23818,12605,248661,7944,380034,13722,628695,California
Santa Clara,2021-04-01,31954,1018381,19923,540018,8955,451469,3076,26894,20158,260137,11726,391760,23202,651897,California
Santa Clara,2021-04-02,25321,1043702,14451,554469,8726,460195,2144,29038,16563,270114,8713,400473,18690,670587,California
Santa Clara,2021-04-03,15347,1059049,9308,563777,3537,463732,2502,31540,8548,274371,6777,407250,11034,681621,California
Santa Clara,2021-04-04,7689,1066738,4068,567845,2447,466179,1174,32714,3989,275839,3689,410939,5157,686778,California
Santa Clara,2021-04-05,21995,1088733,14647,582492,4858,471037,2490,35204,14365,285078,7603,418542,16842,703620,California
Santa Clara,2021-04-06,29691,1118424,16371,598863,7824,478861,5496,40700,17850,296605,11790,430332,23317,726937,California
Santa Clara,2021-04-07,31050,1149474,16005,614868,8508,487369,6537,47237,18953,310016,12039,442371,25450,752387,California
Santa Clara,2021-04-08,30136,1179610,16468,631336,6018,493387,7650,54887,16429,320416,13634,456005,24034,776421,California
Santa Clara,2021-04-09,28214,1207824,13961,645297,6933,500320,7320,62207,14409,328363,13737,469742,21684,798105,California
Santa Clara,2021-04-10,21583,1229407,12484,657781,3766,504086,5333,67540,11546,335189,10003,479745,16829,814934,California
Santa Clara,2021-04-11,16081,1245488,9645,667426,2678,506764,3758,71298,8352,339579,7695,487440,12085,827019,California
Santa Clara,2021-04-12,27139,1272627,19071,686497,5594,512358,2474,73772,18483,351928,8595,496035,20944,847963,California
Santa Clara,2021-04-13,34520,1307147,27132,713629,7357,519715,31,73803,26597,370730,7847,503882,26649,874612,California
Santa Clara,2021-04-14,37046,1344193,28030,741659,9012,528727,4,73807,26287,386367,10693,514575,26330,900942,California
Santa Clara,2021-04-15,44375,1388568,34359,776018,10011,538738,5,73812,34215,410582,10052,524627,34267,935209,California
Santa Clara,2021-04-16,38609,1427177,26413,802431,12193,550931,3,73815,27679,427423,10867,535494,27708,962917,California
Santa Clara,2021-04-17,22036,1449213,15044,817475,6990,557921,2,73817,15133,435724,6850,542344,15151,978068,California
Santa Clara,2021-04-18,16445,1465658,10700,828175,5745,563666,0,73817,10258,439837,6159,548503,10272,988340,California
Santa Clara,2021-04-19,28863,1494521,20877,849052,7985,571651,1,73818,17265,445604,11530,560033,17297,1005637,California
Santa Clara,2021-04-20,36981,1531502,22487,871539,14493,586144,1,73819,22575,453912,14299,574332,22607,1028244,California
Santa Clara,2021-04-21,36866,1568368,21385,892924,15479,601623,2,73821,24368,465904,12409,586741,24401,1052645,California
Santa Clara,2021-04-22,37284,1605652,24854,917778,12429,614052,1,73822,17610,464002,19579,606320,17677,1070322,California
Santa Clara,2021-04-23,32119,1637771,19525,937303,12593,626645,1,73823,15062,462161,16956,623276,15115,1085437,California
Santa Clara,2021-04-24,21155,1658926,15487,952790,5667,632312,1,73824,11980,465072,9100,632376,12011,1097448,California
Santa Clara,2021-04-25,13630,1672556,9871,962661,3753,636065,6,73830,8688,468892,4899,637275,8719,1106167,California
Santa Clara,2021-04-26,24985,1697541,19260,981921,5666,641731,59,73889,10365,464818,14522,651797,10448,1116615,California
Santa Clara,2021-04-27,27548,1725089,19576,1001497,7590,649321,382,74271,12008,461802,15448,667245,12432,1129047,California
Santa Clara,2021-04-28,26005,1751094,19271,1020768,6296,655617,438,74709,11037,458449,14886,682131,11533,1140580,California
Santa Clara,2021-04-29,23923,1775017,17505,1038273,6020,661637,398,75107,8970,453003,14879,697010,9433,1150013,California
Santa Clara,2021-04-30,23032,1798049,15765,1054038,6902,668539,365,75472,9765,450025,13181,710191,10203,1160216,California
Santa Clara,2021-05-01,17484,1815533,14534,1068572,2690,671229,260,75732,5463,443818,11972,722163,5765,1165981,California
Santa Clara,2021-05-02,11302,1826835,9380,1077952,1690,672919,232,75964,3481,439773,7779,729942,3734,1169715,California
Santa Clara,2021-05-03,22847,1849682,19396,1097348,3019,675938,432,76396,5128,427726,17642,747584,5595,1175310,California
Santa Clara,2021-05-04,30525,1880207,23867,1121215,6113,682051,545,76941,5464,408812,24962,772546,6048,1181358,California
Santa Clara,2021-05-05,32128,1912335,24374,1145589,7207,689258,547,77488,5417,388184,26616,799162,5988,1187346,California
Santa Clara,2021-05-06,35426,1947761,29527,1175116,5424,694682,475,77963,4676,362736,30619,829781,5171,1192517,California
Santa Clara,2021-05-07,32547,1980308,26174,1201290,5881,700563,492,78455,4642,340136,27774,857555,5174,1197691,California
Santa Clara,2021-05-08,16479,1996787,13408,1214698,2649,703212,422,78877,3485,331152,12908,870463,3924,1201615,California
Santa Clara,2021-05-09,10484,2007271,9119,1223817,1178,704390,187,79064,2460,325825,7987,878450,2660,1204275,California
Santa Clara,2021-05-10,20818,2028089,16676,1240493,3737,708127,405,79469,2737,310986,18002,896452,3163,1207438,California
Santa Clara,2021-05-11,22155,2050244,16615,1257108,5096,713223,444,79913,4006,297385,18058,914510,4457,1211895,California
Santa Clara,2021-05-12,21020,2071264,15375,1272483,5132,718355,513,80426,4521,286027,16408,930918,5050,1216945,California
Santa Clara,2021-05-13,28047,2099311,22717,1295200,5029,723384,301,80727,11250,280867,16715,947633,11555,1228500,California
Santa Clara,2021-05-14,27653,2126964,19293,1314493,7974,731358,386,81113,9719,273143,17840,965473,10116,1238616,California
Santa Clara,2021-05-15,20892,2147856,16776,1331269,3835,735193,281,81394,8095,268811,12714,978187,8382,1246998,California
Santa Clara,2021-05-16,16120,2163976,13124,1344393,2819,738012,177,81571,5239,263429,10801,988988,5419,1252417,California
Santa Clara,2021-05-17,20186,2184162,15870,1360263,3951,741963,365,81936,6898,257476,13217,1002205,7264,1259681,California
Santa Clara,2021-05-18,26120,2210282,16673,1376936,9032,750995,415,82351,7308,246526,18674,1020879,7724,1267405,California
Santa Clara,2021-05-19,24595,2234877,14374,1391310,9799,760794,422,82773,7509,237489,16976,1037855,7939,1275344,California
Santa Clara,2021-05-20,18345,2253222,12033,1403343,5862,766656,450,83223,6176,232028,12083,1049938,6622,1281966,California
Santa Clara,2021-05-21,22289,2275511,14812,1418155,6983,773639,494,83717,7656,225665,14528,1064466,8165,1290131,California
Santa Clara,2021-05-22,12840,2288351,9728,1427883,2764,776403,348,84065,5613,224469,7161,1071627,5965,1296096,California
Santa Clara,2021-05-23,8150,2296501,6028,1433911,1921,778324,201,84266,3273,223115,4830,1076457,3476,1299572,California
Santa Clara,2021-05-24,10277,2306778,7281,1441192,2546,780870,450,84716,3549,220447,6667,1083124,3999,1303571,California
Santa Clara,2021-05-25,11468,2318246,7953,1449145,3096,783966,419,85135,4469,218408,6925,1090049,4886,1308457,California
Santa Clara,2021-05-26,10361,2328607,6726,1455871,3302,787268,333,85468,3991,216459,6269,1096318,4320,1312777,California
Santa Clara,2021-05-27,9357,2337964,5999,1461870,2885,790153,473,85941,3587,214808,5704,1102022,4053,1316830,California
Santa Clara,2021-05-28,10845,2348809,7062,1468932,3360,793513,423,86364,4496,213442,6286,1108308,4920,1321750,California
Santa Clara,2021-05-29,6293,2355102,4302,1473234,1710,795223,281,86645,2888,213241,3366,1111674,3165,1324915,California
Santa Clara,2021-05-30,3812,2358914,2864,1476098,738,795961,210,86855,1827,213319,1958,1113632,2036,1326951,California
Santa Clara,2021-05-31,1095,2360009,631,1476729,355,796316,109,86964,444,213227,645,1114277,553,1327504,California
Santa Clara,2021-06-01,9041,2369050,6375,1483104,2286,798602,380,87344,3283,211201,5688,1119965,3662,1331166,California
Santa Clara,2021-06-02,7634,2376684,5504,1488608,1778,800380,352,87696,2962,209888,4618,1124583,3305,1334471,California
Santa Clara,2021-06-03,12216,2388900,10129,1498737,1720,802100,367,88063,2787,203670,9375,1133958,3157,1337628,California
Santa Clara,2021-06-04,13567,2402467,11389,1510126,1856,803956,322,88385,3404,197287,10102,1144060,3719,1341347,California
Santa Clara,2021-06-05,10441,2412908,8990,1519116,1193,805149,258,88643,2228,191609,8162,1152222,2484,1343831,California
Santa Clara,2021-06-06,6849,2419757,6104,1525220,593,805742,152,88795,1407,187780,5388,1157610,1559,1345390,California
Santa Clara,2021-06-07,9887,2429644,8331,1533551,1304,807046,252,89047,2393,182964,7457,1165067,2641,1348031,California
Santa Clara,2021-06-08,9120,2438764,7464,1541015,1384,808430,272,89319,2493,179155,6570,1171637,2761,1350792,California
Santa Clara,2021-06-09,9512,2448276,7948,1548963,1303,809733,261,89580,2296,174551,7155,1178792,2551,1353343,California
Santa Clara,2021-06-10,8248,2456524,6835,1555798,1089,810822,324,89904,2254,171186,5941,1184733,2576,1355919,California
Santa Clara,2021-06-11,10101,2466625,8642,1564440,1180,812002,279,90183,2504,166419,7551,1192284,2784,1358703,California
Santa Clara,2021-06-12,7079,2473704,5899,1570339,1019,813021,161,90344,1659,162861,5377,1197661,1819,1360522,California
Santa Clara,2021-06-13,3664,2477368,2956,1573295,597,813618,111,90455,870,161070,2772,1200433,981,1361503,California
Santa Clara,2021-06-14,4817,2482185,3691,1576986,886,814504,240,90695,1496,159514,3291,1203724,1735,1363238,California
Santa Clara,2021-06-15,4709,2486894,3920,1580906,589,815093,200,90895,1202,157436,3480,1207204,1402,1364640,California
Santa Cruz,2020-12-15,2,2,2,2,0,0,0,0,2,2,0,0,2,2,California
Santa Cruz,2020-12-16,55,57,55,57,0,0,0,0,55,57,0,0,55,57,California
Santa Cruz,2020-12-17,383,440,383,440,0,0,0,0,383,440,0,0,383,440,California
Santa Cruz,2020-12-18,448,888,448,888,0,0,0,0,448,888,0,0,448,888,California
Santa Cruz,2020-12-19,170,1058,169,1057,1,1,0,0,170,1058,0,0,170,1058,California
Santa Cruz,2020-12-20,90,1148,90,1147,0,1,0,0,90,1148,0,0,90,1148,California
Santa Cruz,2020-12-21,428,1576,427,1574,1,2,0,0,428,1576,0,0,428,1576,California
Santa Cruz,2020-12-22,409,1985,408,1982,1,3,0,0,409,1985,0,0,409,1985,California
Santa Cruz,2020-12-23,349,2334,311,2293,38,41,0,0,349,2334,0,0,349,2334,California
Santa Cruz,2020-12-24,120,2454,46,2339,74,115,0,0,120,2454,0,0,120,2454,California
Santa Cruz,2020-12-25,8,2462,8,2347,0,115,0,0,8,2462,0,0,8,2462,California
Santa Cruz,2020-12-26,59,2521,42,2389,17,132,0,0,59,2521,0,0,59,2521,California
Santa Cruz,2020-12-27,31,2552,26,2415,5,137,0,0,31,2552,0,0,31,2552,California
Santa Cruz,2020-12-28,466,3018,103,2518,363,500,0,0,466,3018,0,0,466,3018,California
Santa Cruz,2020-12-29,776,3794,362,2880,414,914,0,0,776,3794,0,0,776,3794,California
Santa Cruz,2020-12-30,337,4131,156,3036,181,1095,0,0,337,4131,0,0,337,4131,California
Santa Cruz,2020-12-31,308,4439,10,3046,298,1393,0,0,308,4439,0,0,308,4439,California
Santa Cruz,2021-01-01,33,4472,1,3047,32,1425,0,0,33,4472,0,0,33,4472,California
Santa Cruz,2021-01-02,63,4535,50,3097,13,1438,0,0,63,4535,0,0,63,4535,California
Santa Cruz,2021-01-03,14,4549,6,3103,8,1446,0,0,14,4549,0,0,14,4549,California
Santa Cruz,2021-01-04,271,4820,120,3223,151,1597,0,0,269,4818,0,0,269,4818,California
Santa Cruz,2021-01-05,551,5371,423,3646,128,1725,0,0,253,4773,298,298,253,5071,California
Santa Cruz,2021-01-06,782,6153,653,4299,129,1854,0,0,454,4900,327,625,454,5525,California
Santa Cruz,2021-01-07,519,6672,204,4503,315,2169,0,0,368,5118,151,776,369,5894,California
Santa Cruz,2021-01-08,904,7576,546,5049,358,2527,0,0,472,5159,432,1208,473,6367,California
Santa Cruz,2021-01-09,453,8029,120,5169,333,2860,0,0,400,5506,53,1261,400,6767,California
Santa Cruz,2021-01-10,70,8099,61,5230,9,2869,0,0,19,5474,51,1312,19,6786,California
Santa Cruz,2021-01-11,702,8801,573,5803,129,2998,0,0,182,5137,520,1832,183,6969,California
Santa Cruz,2021-01-12,708,9509,517,6320,191,3189,0,0,467,5363,241,2073,467,7436,California
Santa Cruz,2021-01-13,496,10005,225,6545,271,3460,0,0,415,5702,78,2151,417,7853,California
Santa Cruz,2021-01-14,522,10527,99,6644,423,3883,0,0,460,6102,62,2213,462,8315,California
Santa Cruz,2021-01-15,1413,11940,71,6715,1342,5225,0,0,1352,7397,61,2274,1356,9671,California
Santa Cruz,2021-01-16,410,12350,48,6763,362,5587,0,0,393,7774,17,2291,394,10065,California
Santa Cruz,2021-01-17,291,12641,40,6803,251,5838,0,0,267,8017,24,2315,267,10332,California
Santa Cruz,2021-01-18,975,13616,95,6898,880,6718,0,0,918,8878,57,2372,918,11250,California
Santa Cruz,2021-01-19,1592,15208,512,7410,1080,7798,0,0,1250,9789,340,2712,1251,12501,California
Santa Cruz,2021-01-20,1216,16424,169,7579,1047,8845,0,0,1024,10624,189,2901,1024,13525,California
Santa Cruz,2021-01-21,1657,18081,192,7771,1465,10310,0,0,1554,12077,103,3004,1556,15081,California
Santa Cruz,2021-01-22,1745,19826,510,8281,1235,11545,0,0,1643,13622,99,3103,1644,16725,California
Santa Cruz,2021-01-23,385,20211,137,8418,248,11793,0,0,331,13900,53,3156,331,17056,California
Santa Cruz,2021-01-24,107,20318,16,8434,91,11884,0,0,90,13973,17,3173,90,17146,California
Santa Cruz,2021-01-25,1017,21335,353,8787,664,12548,0,0,524,14004,493,3666,524,17670,California
Santa Cruz,2021-01-26,1636,22971,237,9024,1399,13947,0,0,1141,14650,495,4161,1141,18811,California
Santa Cruz,2021-01-27,1614,24585,436,9460,1178,15125,0,0,1236,15511,376,4537,1237,20048,California
Santa Cruz,2021-01-28,1706,26291,278,9738,1428,16553,0,0,1437,16680,269,4806,1438,21486,California
Santa Cruz,2021-01-29,1707,27998,482,10220,1225,17778,0,0,1579,18133,127,4933,1580,23066,California
Santa Cruz,2021-01-30,1051,29049,308,10528,743,18521,0,0,919,18920,132,5065,919,23985,California
Santa Cruz,2021-01-31,213,29262,109,10637,104,18625,0,0,199,19105,14,5079,199,24184,California
Santa Cruz,2021-02-01,1197,30459,736,11373,461,19086,0,0,807,19522,390,5469,807,24991,California
Santa Cruz,2021-02-02,951,31410,116,11489,835,19921,0,0,805,20183,144,5613,805,25796,California
Santa Cruz,2021-02-03,2157,33567,921,12410,1236,21157,0,0,1854,21737,300,5913,1854,27650,California
Santa Cruz,2021-02-04,1775,35342,738,13148,1037,22194,0,0,1447,22857,327,6240,1447,29097,California
Santa Cruz,2021-02-05,3062,38404,739,13887,2323,24517,0,0,2760,25316,301,6541,2760,31857,California
Santa Cruz,2021-02-06,2519,40923,144,14031,2375,26892,0,0,2181,27159,338,6879,2181,34038,California
Santa Cruz,2021-02-07,886,41809,119,14150,767,27659,0,0,869,28011,17,6896,869,34907,California
Santa Cruz,2021-02-08,672,42481,191,14341,481,28140,0,0,484,28308,187,7083,484,35391,California
Santa Cruz,2021-02-09,2299,44780,1030,15371,1269,29409,0,0,2045,30099,254,7337,2045,37436,California
Santa Cruz,2021-02-10,2095,46875,544,15915,1551,30960,0,0,1427,30870,657,7994,1428,38864,California
Santa Cruz,2021-02-11,1764,48639,292,16207,1472,32432,0,0,1278,31664,484,8478,1278,40142,California
Santa Cruz,2021-02-12,3093,51732,402,16609,2691,35123,0,0,1727,32036,1357,9835,1729,41871,California
Santa Cruz,2021-02-13,1648,53380,117,16726,1531,36654,0,0,1251,32890,397,10232,1251,43122,California
Santa Cruz,2021-02-14,1368,54748,67,16793,1301,37955,0,0,1110,33742,258,10490,1110,44232,California
Santa Cruz,2021-02-15,1526,56274,271,17064,1255,39210,0,0,535,33287,991,11481,536,44768,California
Santa Cruz,2021-02-16,1635,57909,195,17259,1440,40650,0,0,499,32672,1114,12595,499,45267,California
Santa Cruz,2021-02-17,2821,60730,941,18200,1880,42530,0,0,1152,32171,1656,14251,1155,46422,California
Santa Cruz,2021-02-18,2782,63512,604,18804,2178,44708,0,0,1191,31775,1587,15838,1191,47613,California
Santa Cruz,2021-02-19,3151,66663,1094,19898,2057,46765,0,0,1936,32499,1212,17050,1936,49549,California
Santa Cruz,2021-02-20,2297,68960,1436,21334,861,47626,0,0,1806,33814,491,17541,1806,51355,California
Santa Cruz,2021-02-21,811,69771,350,21684,461,48087,0,0,683,34371,126,17667,683,52038,California
Santa Cruz,2021-02-22,1174,70945,905,22589,269,48356,0,0,501,34201,671,18338,501,52539,California
Santa Cruz,2021-02-23,2022,72967,900,23489,1122,49478,0,0,678,33536,1343,19681,678,53217,California
Santa Cruz,2021-02-24,3083,76050,1609,25098,1474,50952,0,0,1167,32792,1911,21592,1167,54384,California
Santa Cruz,2021-02-25,3116,79166,1359,26457,1757,52709,0,0,1720,33125,1388,22980,1721,56105,California
Santa Cruz,2021-02-26,2649,81815,722,27179,1927,54636,0,0,1510,33502,1134,24114,1511,57616,California
Santa Cruz,2021-02-27,2582,84397,903,28082,1679,56315,0,0,1805,34532,775,24889,1805,59421,California
Santa Cruz,2021-02-28,1258,85655,351,28433,907,57222,0,0,1057,35391,198,25087,1057,60478,California
Santa Cruz,2021-03-01,1843,87498,1210,29643,633,57855,0,0,677,34904,1164,26251,677,61155,California
Santa Cruz,2021-03-02,1453,88951,338,29981,1115,58970,0,0,816,35087,636,26887,819,61974,California
Santa Cruz,2021-03-03,2268,91219,605,30586,1663,60633,0,0,1238,35298,1027,27914,1238,63212,California
Santa Cruz,2021-03-04,2855,94074,1363,31949,1491,62124,1,1,1918,36292,926,28840,1920,65132,California
Santa Cruz,2021-03-05,2554,96628,457,32406,2080,64204,17,18,1104,35966,1447,30287,1121,66253,California
Santa Cruz,2021-03-06,3681,100309,1229,33635,2352,66556,100,118,2020,36424,1661,31948,2119,68372,California
Santa Cruz,2021-03-07,1316,101625,117,33752,1130,67686,69,187,543,36264,772,32720,612,68984,California
Santa Cruz,2021-03-08,1052,102677,208,33960,715,68401,129,316,635,36609,417,33137,762,69746,California
Santa Cruz,2021-03-09,1697,104374,241,34201,1311,69712,145,461,667,36394,1027,34164,812,70558,California
Santa Cruz,2021-03-10,3749,108123,2050,36251,1558,71270,141,602,1958,36706,1789,35953,2101,72659,California
Santa Cruz,2021-03-11,2731,110854,1193,37444,1370,72640,168,770,1518,37182,1212,37165,1688,74347,California
Santa Cruz,2021-03-12,2642,113496,847,38291,1517,74157,278,1048,890,36601,1748,38913,1167,75514,California
Santa Cruz,2021-03-13,2202,115698,1271,39562,894,75051,37,1085,1132,36705,1067,39980,1171,76685,California
Santa Cruz,2021-03-14,862,116560,187,39749,662,75713,13,1098,416,36689,444,40424,428,77113,California
Santa Cruz,2021-03-15,1267,117827,445,40194,789,76502,33,1131,549,36558,714,41138,583,77696,California
Santa Cruz,2021-03-16,2211,120038,1047,41241,1123,77625,41,1172,1277,36946,929,42067,1317,79013,California
Santa Cruz,2021-03-17,3854,123892,2310,43551,1534,79159,10,1182,2542,38196,1306,43373,2556,81569,California
Santa Cruz,2021-03-18,3715,127607,1992,45543,1607,80766,116,1298,1977,38554,1735,45108,2093,83662,California
Santa Cruz,2021-03-19,3245,130852,1264,46807,1768,82534,213,1511,1688,38902,1552,46660,1900,85562,California
Santa Cruz,2021-03-20,2138,132990,1596,48403,506,83040,36,1547,1059,38919,1078,47738,1095,86657,California
Santa Cruz,2021-03-21,796,133786,421,48824,251,83291,124,1671,416,39082,378,48116,541,87198,California
Santa Cruz,2021-03-22,1283,135069,791,49615,470,83761,22,1693,899,39623,381,48497,922,88120,California
Santa Cruz,2021-03-23,2446,137515,1359,50974,1038,84799,49,1742,1625,40477,820,49317,1674,89794,California
Santa Cruz,2021-03-24,2952,140467,2002,52976,929,85728,21,1763,1939,41429,1007,50324,1959,91753,California
Santa Cruz,2021-03-25,2528,142995,1272,54248,1224,86952,32,1795,1279,41495,1245,51569,1311,93064,California
Santa Cruz,2021-03-26,2988,145983,1731,55979,1231,88183,26,1821,2044,42627,937,52506,2069,95133,California
Santa Cruz,2021-03-27,3049,149032,1884,57863,1140,89323,25,1846,1433,42480,1606,54112,1459,96592,California
Santa Cruz,2021-03-28,887,149919,541,58404,332,89655,14,1860,459,42529,424,54536,473,97065,California
Santa Cruz,2021-03-29,1904,151823,828,59232,1009,90664,67,1927,1205,43105,696,55232,1272,98337,California
Santa Cruz,2021-03-30,2570,154393,772,60004,1647,92311,151,2078,1649,43985,919,56151,1799,100136,California
Santa Cruz,2021-03-31,4027,158420,2740,62744,1243,93554,44,2122,2107,44219,1917,58068,2151,102287,California
Santa Cruz,2021-04-01,3863,162283,2078,64822,1679,95233,106,2228,1953,44376,1903,59971,2060,104347,California
Santa Cruz,2021-04-02,3167,165450,1349,66171,1647,96880,171,2399,1788,44959,1376,61347,1959,106306,California
Santa Cruz,2021-04-03,2166,167616,1191,67362,856,97736,119,2518,847,44606,1317,62664,964,107270,California
Santa Cruz,2021-04-04,899,168515,468,67830,377,98113,54,2572,526,44813,373,63037,580,107850,California
Santa Cruz,2021-04-05,2183,170698,733,68563,1289,99402,161,2733,1351,45495,831,63868,1513,109363,California
Santa Cruz,2021-04-06,3263,173961,1586,70149,1309,100711,368,3101,1897,46398,1356,65224,2259,111622,California
Santa Cruz,2021-04-07,3984,177945,1565,71714,2078,102789,341,3442,1708,46173,2273,67497,2048,113670,California
Santa Cruz,2021-04-08,4091,182036,2229,73943,1374,104163,488,3930,2406,47389,1676,69173,2892,116562,California
Santa Cruz,2021-04-09,3604,185640,1446,75389,1773,105936,385,4315,2025,48228,1572,70745,2411,118973,California
Santa Cruz,2021-04-10,2149,187789,1014,76403,905,106841,230,4545,1003,48318,1142,71887,1232,120205,California
Santa Cruz,2021-04-11,931,188720,473,76876,369,107210,89,4634,431,48338,500,72387,520,120725,California
Santa Cruz,2021-04-12,2215,190935,769,77645,1042,108252,404,5038,1062,48665,1139,73526,1466,122191,California
Santa Cruz,2021-04-13,2814,193749,1393,79038,1420,109672,1,5039,1601,49063,1204,74730,1602,123793,California
Santa Cruz,2021-04-14,4503,198252,2139,81177,2364,112036,0,5039,2198,48979,2295,77025,2211,126004,California
Santa Cruz,2021-04-15,4881,203133,3087,84264,1794,113830,0,5039,3108,50327,1761,78786,3109,129113,California
Santa Cruz,2021-04-16,4312,207445,2349,86613,1961,115791,2,5041,2353,50733,1951,80737,2357,131470,California
Santa Cruz,2021-04-17,2155,209600,848,87461,1307,117098,0,5041,1427,51435,726,81463,1428,132898,California
Santa Cruz,2021-04-18,1017,210617,483,87944,533,117631,1,5042,574,51569,441,81904,575,133473,California
Santa Cruz,2021-04-19,2455,213072,1455,89399,999,118630,1,5043,1562,52241,890,82794,1562,135035,California
Santa Cruz,2021-04-20,3011,216083,1583,90982,1428,120058,0,5043,1747,52734,1255,84049,1748,136783,California
Santa Cruz,2021-04-21,4047,220130,2704,93686,1343,121401,0,5043,2183,53072,1846,85895,2184,138967,California
Santa Cruz,2021-04-22,4134,224264,2794,96480,1340,122741,0,5043,2328,53604,1796,87691,2328,141295,California
Santa Cruz,2021-04-23,3062,227326,1645,98125,1416,124157,1,5044,1329,53210,1723,89414,1329,142624,California
Santa Cruz,2021-04-24,2158,229484,1043,99168,1112,125269,3,5047,673,52411,1475,90889,676,143300,California
Santa Cruz,2021-04-25,1045,230529,665,99833,368,125637,12,5059,425,52235,612,91501,436,143736,California
Santa Cruz,2021-04-26,2025,232554,976,100809,1033,126670,16,5075,848,51933,1167,92668,865,144601,California
Santa Cruz,2021-04-27,2871,235425,916,101725,1874,128544,81,5156,1436,52022,1427,94095,1516,146117,California
Santa Cruz,2021-04-28,3317,238742,1836,103561,1407,129951,74,5230,1748,52283,1558,95653,1819,147936,California
Santa Cruz,2021-04-29,3627,242369,2409,105970,1157,131108,61,5291,1276,51280,2341,97994,1338,149274,California
Santa Cruz,2021-04-30,2293,244662,1156,107126,1094,132202,43,5334,974,50986,1312,99306,1018,150292,California
Santa Cruz,2021-05-01,1225,245887,969,108095,224,132426,32,5366,588,50972,634,99940,620,150912,California
Santa Cruz,2021-05-02,586,246473,410,108505,151,132577,25,5391,203,50818,383,100323,229,151141,California
Santa Cruz,2021-05-03,1856,248329,939,109444,853,133430,64,5455,645,50328,1200,101523,710,151851,California
Santa Cruz,2021-05-04,2575,250904,1481,110925,1027,134457,67,5522,849,49519,1723,103246,914,152765,California
Santa Cruz,2021-05-05,2641,253545,1293,112218,1269,135726,79,5601,695,48392,1905,105151,778,153543,California
Santa Cruz,2021-05-06,3715,257260,2358,114576,1144,136870,213,5814,843,46590,2855,108006,1053,154596,California
Santa Cruz,2021-05-07,2620,259880,1152,115728,1389,138259,79,5893,423,44901,2192,110198,503,155099,California
Santa Cruz,2021-05-08,1310,261190,646,116374,636,138895,28,5921,366,44352,944,111142,395,155494,California
Santa Cruz,2021-05-09,503,261693,320,116694,161,139056,22,5943,158,44189,343,111485,180,155674,California
Santa Cruz,2021-05-10,1996,263689,1180,117874,755,139811,61,6004,400,43062,1588,113073,461,156135,California
Santa Cruz,2021-05-11,2301,265990,1281,119155,936,140747,84,6088,629,42105,1669,114742,712,156847,California
Santa Cruz,2021-05-12,3048,269038,1276,120431,1695,142442,77,6165,552,40247,2488,117230,630,157477,California
Santa Cruz,2021-05-13,3792,272830,2546,122977,1154,143596,92,6257,1358,39269,2430,119660,1452,158929,California
Santa Cruz,2021-05-14,2884,275714,1569,124546,1278,144874,37,6294,1115,38662,1761,121421,1154,160083,California
Santa Cruz,2021-05-15,2221,277935,1287,125833,923,145797,11,6305,1090,38635,1128,122549,1101,161184,California
Santa Cruz,2021-05-16,709,278644,351,126184,339,146136,19,6324,209,38365,499,123048,229,161413,California
Santa Cruz,2021-05-17,1483,280127,756,126940,662,146798,65,6389,528,38004,954,124002,593,162006,California
Santa Cruz,2021-05-18,2236,282363,1367,128307,846,147644,23,6412,1096,37990,1133,125135,1119,163125,California
Santa Cruz,2021-05-19,3015,285378,1824,130131,1156,148800,35,6447,1309,37636,1698,126833,1344,164469,California
Santa Cruz,2021-05-20,3308,288686,2371,132502,790,149590,147,6594,1562,37606,1739,128572,1709,166178,California
Santa Cruz,2021-05-21,1724,290410,885,133387,754,150344,85,6679,607,37186,1112,129684,692,166870,California
Santa Cruz,2021-05-22,1705,292115,1317,134704,378,150722,10,6689,596,36688,1105,130789,607,167477,California
Santa Cruz,2021-05-23,451,292566,249,134953,183,150905,19,6708,143,36544,306,131095,162,167639,California
Santa Cruz,2021-05-24,1131,293697,650,135603,404,151309,77,6785,296,36090,827,131922,373,168012,California
Santa Cruz,2021-05-25,2230,295927,1284,136887,901,152210,45,6830,460,34970,1624,133546,504,168516,California
Santa Cruz,2021-05-26,1677,297604,784,137671,850,153060,43,6873,475,34298,1190,134736,518,169034,California
Santa Cruz,2021-05-27,1289,298893,702,138373,486,153546,101,6974,456,34028,827,135563,557,169591,California
Santa Cruz,2021-05-28,834,299727,370,138743,434,153980,30,7004,365,33964,460,136023,396,169987,California
Santa Cruz,2021-05-29,572,300299,325,139068,237,154217,10,7014,326,34056,245,136268,337,170324,California
Santa Cruz,2021-05-30,234,300533,117,139185,105,154322,12,7026,94,34024,137,136405,105,170429,California
Santa Cruz,2021-05-31,143,300676,63,139248,79,154401,1,7027,46,33975,96,136501,47,170476,California
Santa Cruz,2021-06-01,889,301565,542,139790,337,154738,10,7037,333,33764,554,137055,343,170819,California
Santa Cruz,2021-06-02,884,302449,525,140315,320,155058,39,7076,352,33628,527,137582,391,171210,California
Santa Cruz,2021-06-03,2223,304672,1506,141821,679,155737,38,7114,531,32515,1682,139264,569,171779,California
Santa Cruz,2021-06-04,1039,305711,712,142533,296,156033,31,7145,247,32009,785,140049,279,172058,California
Santa Cruz,2021-06-05,1004,306715,818,143351,182,156215,4,7149,180,31372,821,140870,184,172242,California
Santa Cruz,2021-06-06,382,307097,276,143627,89,156304,17,7166,126,31262,253,141123,143,172385,California
Santa Cruz,2021-06-07,819,307916,607,144234,182,156486,30,7196,222,30918,596,141719,252,172637,California
Santa Cruz,2021-06-08,1423,309339,1137,145371,261,156747,25,7221,299,30123,1120,142839,325,172962,California
Santa Cruz,2021-06-09,1415,310754,1116,146487,282,157029,17,7238,275,29284,1132,143971,293,173255,California
Santa Cruz,2021-06-10,1746,312500,1395,147882,285,157314,66,7304,321,28248,1420,145391,384,173639,California
Santa Cruz,2021-06-11,822,313322,511,148393,279,157593,32,7336,284,28030,532,145923,314,173953,California
Santa Cruz,2021-06-12,965,314287,852,149245,107,157700,6,7342,168,27409,795,146718,174,174127,California
Santa Cruz,2021-06-13,178,314465,122,149367,37,157737,19,7361,25,27301,153,146871,45,174172,California
Santa Cruz,2021-06-14,458,314923,284,149651,145,157882,29,7390,127,27128,328,147199,155,174327,California
Santa Cruz,2021-06-15,535,315458,424,150075,93,157975,18,7408,195,27001,340,147539,213,174540,California
Shasta,2020-12-15,1,1,1,1,0,0,0,0,1,1,0,0,1,1,California
Shasta,2020-12-16,132,133,132,133,0,0,0,0,132,133,0,0,132,133,California
Shasta,2020-12-17,421,554,421,554,0,0,0,0,421,554,0,0,421,554,California
Shasta,2020-12-18,164,718,164,718,0,0,0,0,164,718,0,0,164,718,California
Shasta,2020-12-19,1,719,1,719,0,0,0,0,1,719,0,0,1,719,California
Shasta,2020-12-21,69,788,69,788,0,0,0,0,69,788,0,0,69,788,California
Shasta,2020-12-22,185,973,180,968,5,5,0,0,185,973,0,0,185,973,California
Shasta,2020-12-23,170,1143,166,1134,4,9,0,0,170,1143,0,0,170,1143,California
Shasta,2020-12-24,23,1166,23,1157,0,9,0,0,23,1166,0,0,23,1166,California
Shasta,2020-12-26,4,1170,1,1158,3,12,0,0,4,1170,0,0,4,1170,California
Shasta,2020-12-27,2,1172,1,1159,1,13,0,0,2,1172,0,0,2,1172,California
Shasta,2020-12-28,37,1209,28,1187,9,22,0,0,37,1209,0,0,37,1209,California
Shasta,2020-12-29,178,1387,177,1364,1,23,0,0,178,1387,0,0,178,1387,California
Shasta,2020-12-30,180,1567,171,1535,9,32,0,0,180,1567,0,0,180,1567,California
Shasta,2020-12-31,83,1650,2,1537,81,113,0,0,83,1650,0,0,83,1650,California
Shasta,2021-01-02,2,1652,0,1537,2,115,0,0,2,1652,0,0,2,1652,California
Shasta,2021-01-03,1,1653,1,1538,0,115,0,0,1,1653,0,0,1,1653,California
Shasta,2021-01-04,361,2014,302,1840,59,174,0,0,362,2015,0,0,362,2015,California
Shasta,2021-01-05,334,2348,313,2153,21,195,0,0,254,2189,80,80,254,2269,California
Shasta,2021-01-06,462,2810,391,2544,71,266,0,0,201,2130,260,340,201,2470,California
Shasta,2021-01-07,129,2939,42,2586,87,353,0,0,102,2205,27,367,102,2572,California
Shasta,2021-01-08,518,3457,443,3029,75,428,0,0,312,2311,206,573,312,2884,California
Shasta,2021-01-09,73,3530,64,3093,9,437,0,0,70,2378,3,576,70,2954,California
Shasta,2021-01-10,5,3535,0,3093,5,442,0,0,3,2381,2,578,5,2959,California
Shasta,2021-01-11,397,3932,180,3273,217,659,0,0,367,2718,30,608,367,3326,California
Shasta,2021-01-12,474,4406,317,3590,157,816,0,0,308,2860,166,774,308,3634,California
Shasta,2021-01-13,593,4999,266,3856,327,1143,0,0,425,3118,168,942,426,4060,California
Shasta,2021-01-14,493,5492,57,3913,436,1579,0,0,471,3567,22,964,471,4531,California
Shasta,2021-01-15,665,6157,135,4048,530,2109,0,0,664,4230,1,965,664,5195,California
Shasta,2021-01-16,887,7044,53,4101,834,2943,0,0,884,5111,3,968,884,6079,California
Shasta,2021-01-17,27,7071,6,4107,21,2964,0,0,23,5130,4,972,23,6102,California
Shasta,2021-01-18,595,7666,127,4234,468,3432,0,0,588,5711,7,979,588,6690,California
Shasta,2021-01-19,1053,8719,394,4628,659,4091,0,0,910,6478,143,1122,910,7600,California
Shasta,2021-01-20,669,9388,413,5041,256,4347,0,0,481,6776,183,1305,481,8081,California
Shasta,2021-01-21,618,10006,280,5321,338,4685,0,0,597,7352,21,1326,597,8678,California
Shasta,2021-01-22,431,10437,177,5498,254,4939,0,0,425,7771,6,1332,425,9103,California
Shasta,2021-01-23,61,10498,5,5503,56,4995,0,0,60,7830,1,1333,60,9163,California
Shasta,2021-01-24,23,10521,2,5505,21,5016,0,0,22,7851,1,1334,22,9185,California
Shasta,2021-01-25,740,11261,485,5990,255,5271,0,0,457,8026,282,1616,457,9642,California
Shasta,2021-01-26,697,11958,339,6329,358,5629,0,0,462,8255,233,1849,462,10104,California
Shasta,2021-01-27,451,12409,191,6520,260,5889,0,0,403,8610,48,1897,403,10507,California
Shasta,2021-01-28,868,13277,570,7090,298,6187,0,0,650,9042,218,2115,650,11157,California
Shasta,2021-01-29,808,14085,328,7418,480,6667,0,0,621,9477,187,2302,622,11779,California
Shasta,2021-01-30,606,14691,15,7433,591,7258,0,0,595,10061,11,2313,595,12374,California
Shasta,2021-01-31,26,14717,3,7436,23,7281,0,0,25,10085,1,2314,25,12399,California
Shasta,2021-02-01,534,15251,149,7585,385,7666,0,0,393,10337,141,2455,393,12792,California
Shasta,2021-02-02,983,16234,499,8084,484,8150,0,0,892,11140,89,2544,892,13684,California
Shasta,2021-02-03,697,16931,210,8294,487,8637,0,0,465,11373,232,2776,465,14149,California
Shasta,2021-02-04,1089,18020,680,8974,409,9046,0,0,899,12083,189,2965,899,15048,California
Shasta,2021-02-05,1251,19271,166,9140,1085,10131,0,0,1044,12921,206,3171,1044,16092,California
Shasta,2021-02-06,1736,21007,40,9180,1696,11827,0,0,1713,14611,23,3194,1713,17805,California
Shasta,2021-02-07,25,21032,3,9183,22,11849,0,0,23,14632,2,3196,23,17828,California
Shasta,2021-02-08,588,21620,167,9350,421,12270,0,0,303,14650,285,3481,303,18131,California
Shasta,2021-02-09,1116,22736,642,9992,474,12744,0,0,729,14993,387,3868,730,18861,California
Shasta,2021-02-10,1117,23853,791,10783,326,13070,0,0,599,15074,519,4387,600,19461,California
Shasta,2021-02-11,869,24722,183,10966,686,13756,0,0,356,14922,508,4895,356,19817,California
Shasta,2021-02-12,1762,26484,1203,12169,559,14315,0,0,1225,15610,537,5432,1225,21042,California
Shasta,2021-02-13,1354,27838,364,12533,990,15305,0,0,552,15360,803,6235,553,21595,California
Shasta,2021-02-14,148,27986,4,12537,144,15449,0,0,125,15462,23,6258,125,21720,California
Shasta,2021-02-15,376,28362,97,12634,279,15728,0,0,209,15504,167,6425,209,21929,California
Shasta,2021-02-16,1189,29551,515,13149,674,16402,0,0,421,15158,767,7192,421,22350,California
Shasta,2021-02-17,1034,30585,451,13600,583,16985,0,0,418,14960,616,7808,418,22768,California
Shasta,2021-02-18,939,31524,472,14072,467,17452,0,0,455,14932,484,8292,456,23224,California
Shasta,2021-02-19,1328,32852,948,15020,380,17832,0,0,872,15348,456,8748,872,24096,California
Shasta,2021-02-20,787,33639,87,15107,700,18532,0,0,295,15151,492,9240,295,24391,California
Shasta,2021-02-21,29,33668,3,15110,26,18558,0,0,9,15140,20,9260,9,24400,California
Shasta,2021-02-22,432,34100,81,15191,351,18909,0,0,182,15073,249,9509,182,24582,California
Shasta,2021-02-23,909,35009,468,15659,441,19350,0,0,325,14814,584,10093,325,24907,California
Shasta,2021-02-24,859,35868,498,16157,361,19711,0,0,264,14484,594,10687,264,25171,California
Shasta,2021-02-25,515,36383,179,16336,336,20047,0,0,169,14308,345,11032,169,25340,California
Shasta,2021-02-26,773,37156,99,16435,674,20721,0,0,335,14206,437,11469,335,25675,California
Shasta,2021-02-27,797,37953,26,16461,771,21492,0,0,186,13784,608,12077,186,25861,California
Shasta,2021-02-28,176,38129,4,16465,172,21664,0,0,127,13862,49,12126,127,25988,California
Shasta,2021-03-01,591,38720,57,16522,534,22198,0,0,297,13866,293,12419,297,26285,California
Shasta,2021-03-02,1027,39747,472,16994,555,22753,0,0,338,13516,688,13107,338,26623,California
Shasta,2021-03-03,677,40424,180,17174,497,23250,0,0,242,13323,435,13542,242,26865,California
Shasta,2021-03-04,2978,43402,2396,19570,582,23832,0,0,1718,13784,1258,14800,1719,28584,California
Shasta,2021-03-05,1535,44937,159,19729,1347,25179,29,29,775,13827,761,15561,804,29388,California
Shasta,2021-03-06,2714,47651,381,20110,2288,27467,45,74,848,12856,1864,17425,893,30281,California
Shasta,2021-03-07,92,47743,4,20114,56,27523,32,106,38,12872,54,17479,70,30351,California
Shasta,2021-03-08,569,48312,54,20168,377,27900,138,244,156,12755,411,17890,294,30645,California
Shasta,2021-03-09,1230,49542,595,20763,461,28361,174,418,675,13049,554,18444,848,31493,California
Shasta,2021-03-10,795,50337,255,21018,338,28699,202,620,141,12737,653,19097,341,31834,California
Shasta,2021-03-11,1521,51858,468,21486,792,29491,261,881,918,13316,600,19697,1179,33013,California
Shasta,2021-03-12,1542,53400,847,22333,452,29943,243,1124,400,12816,1141,20838,641,33654,California
Shasta,2021-03-13,751,54151,423,22756,228,30171,100,1224,473,13112,277,21115,573,34227,California
Shasta,2021-03-14,1005,55156,8,22764,975,31146,22,1246,868,13866,137,21252,891,35118,California
Shasta,2021-03-15,487,55643,39,22803,353,31499,95,1341,209,13891,278,21530,303,35421,California
Shasta,2021-03-16,1117,56760,142,22945,907,32406,68,1409,835,14512,282,21812,903,36324,California
Shasta,2021-03-17,712,57472,181,23126,473,32879,58,1467,375,14616,329,22141,433,36757,California
Shasta,2021-03-18,1520,58992,582,23708,835,33714,103,1570,1097,15397,419,22560,1200,37957,California
Shasta,2021-03-19,627,59619,197,23905,373,34087,57,1627,390,15608,236,22796,447,38404,California
Shasta,2021-03-20,733,60352,482,24387,240,34327,11,1638,591,16068,142,22938,602,39006,California
Shasta,2021-03-21,313,60665,298,24685,4,34331,11,1649,286,16339,26,22964,297,39303,California
Shasta,2021-03-22,338,61003,34,24719,269,34600,35,1684,195,16427,142,23106,230,39533,California
Shasta,2021-03-23,1305,62308,651,25370,595,35195,59,1743,757,16700,543,23649,816,40349,California
Shasta,2021-03-24,609,62917,161,25531,411,35606,37,1780,368,16865,240,23889,405,40754,California
Shasta,2021-03-25,1107,64024,424,25955,662,36268,21,1801,793,17368,312,24201,815,41569,California
Shasta,2021-03-26,1793,65817,1369,27324,393,36661,31,1832,1436,18479,357,24558,1468,43037,California
Shasta,2021-03-27,1547,67364,372,27696,312,36973,863,2695,540,18873,1005,25563,1399,44436,California
Shasta,2021-03-28,400,67764,297,27993,93,37066,10,2705,299,19083,99,25662,309,44745,California
Shasta,2021-03-29,416,68180,40,28033,365,37431,11,2716,162,19003,253,25915,173,44918,California
Shasta,2021-03-30,1220,69400,751,28784,452,37883,17,2733,606,19015,611,26526,623,45541,California
Shasta,2021-03-31,609,70009,199,28983,403,38286,7,2740,369,19155,236,26762,376,45917,California
Shasta,2021-04-01,870,70879,229,29212,629,38915,12,2752,547,19393,321,27083,559,46476,California
Shasta,2021-04-02,726,71605,180,29392,492,39407,54,2806,392,19507,332,27415,446,46922,California
Shasta,2021-04-03,505,72110,361,29753,127,39534,17,2823,385,19789,120,27535,402,47324,California
Shasta,2021-04-04,288,72398,173,29926,95,39629,20,2843,215,19951,73,27608,235,47559,California
Shasta,2021-04-05,430,72828,67,29993,307,39936,56,2899,249,20075,181,27789,305,47864,California
Shasta,2021-04-06,1125,73953,483,30476,477,40413,165,3064,537,20193,583,28372,701,48565,California
Shasta,2021-04-07,634,74587,194,30670,281,40694,159,3223,241,20203,389,28761,399,48964,California
Shasta,2021-04-08,1126,75713,257,30927,713,41407,156,3379,207,19649,916,29677,362,49326,California
Shasta,2021-04-09,2559,78272,2054,32981,298,41705,207,3586,1992,21285,560,30237,2196,51522,California
Shasta,2021-04-10,863,79135,581,33562,154,41859,128,3714,259,21066,604,30841,385,51907,California
Shasta,2021-04-11,1239,80374,396,33958,823,42682,20,3734,142,20135,1093,31934,162,52069,California
Shasta,2021-04-12,333,80707,7,33965,266,42948,60,3794,95,20052,237,32171,154,52223,California
Shasta,2021-04-13,1251,81958,361,34326,888,43836,2,3796,340,19487,907,33078,342,52565,California
Shasta,2021-04-14,580,82538,149,34475,429,44265,2,3798,220,19350,359,33437,222,52787,California
Shasta,2021-04-15,1056,83594,249,34724,806,45071,1,3799,300,18900,752,34189,302,53089,California
Shasta,2021-04-16,2290,85884,1815,36539,475,45546,0,3799,932,18476,1356,35545,932,54021,California
Shasta,2021-04-17,611,86495,389,36928,222,45768,0,3799,177,18220,434,35979,178,54199,California
Shasta,2021-04-18,263,86758,238,37166,25,45793,0,3799,31,18021,230,36209,31,54230,California
Shasta,2021-04-19,374,87132,28,37194,346,46139,0,3799,160,17967,214,36423,160,54390,California
Shasta,2021-04-20,971,88103,222,37416,749,46888,0,3799,362,17721,608,37031,362,54752,California
Shasta,2021-04-21,577,88680,198,37614,379,47267,0,3799,298,17740,279,37310,298,55050,California
Shasta,2021-04-22,939,89619,262,37876,677,47944,0,3799,296,17395,641,37951,296,55346,California
Shasta,2021-04-23,627,90246,242,38118,385,48329,0,3799,318,17405,308,38259,318,55664,California
Shasta,2021-04-24,593,90839,355,38473,237,48566,1,3800,106,17026,485,38744,106,55770,California
Shasta,2021-04-25,207,91046,177,38650,29,48595,1,3801,36,16892,171,38915,37,55807,California
Shasta,2021-04-26,492,91538,53,38703,434,49029,5,3806,348,17102,142,39057,352,56159,California
Shasta,2021-04-27,534,92072,171,38874,325,49354,38,3844,300,17206,231,39288,335,56494,California
Shasta,2021-04-28,560,92632,137,39011,391,49745,32,3876,251,17179,309,39597,282,56776,California
Shasta,2021-04-29,754,93386,108,39119,623,50368,23,3899,177,16803,576,40173,200,56976,California
Shasta,2021-04-30,2232,95618,1813,40932,389,50757,30,3929,255,15112,1976,42149,285,57261,California
Shasta,2021-05-01,218,95836,19,40951,126,50883,73,4002,95,15157,123,42272,168,57429,California
Shasta,2021-05-02,46,95882,16,40967,17,50900,13,4015,19,15162,27,42299,32,57461,California
Shasta,2021-05-03,347,96229,93,41060,229,51129,25,4040,109,15059,237,42536,134,57595,California
Shasta,2021-05-04,519,96748,192,41252,290,51419,37,4077,251,15082,265,42801,288,57883,California
Shasta,2021-05-05,427,97175,137,41389,273,51692,17,4094,197,15066,230,43031,214,58097,California
Shasta,2021-05-06,682,97857,258,41647,387,52079,37,4131,289,15006,384,43415,324,58421,California
Shasta,2021-05-07,1092,98949,725,42372,329,52408,38,4169,297,14547,794,44209,335,58756,California
Shasta,2021-05-08,163,99112,80,42452,73,52481,10,4179,95,14583,68,44277,104,58860,California
Shasta,2021-05-09,63,99175,14,42466,44,52525,5,4184,33,14591,30,44307,38,58898,California
Shasta,2021-05-10,251,99426,20,42486,184,52709,47,4231,110,14607,138,44445,154,59052,California
Shasta,2021-05-11,503,99929,145,42631,210,52919,148,4379,180,14613,322,44767,328,59380,California
Shasta,2021-05-12,390,100319,140,42771,227,53146,23,4402,130,14507,259,45026,153,59533,California
Shasta,2021-05-13,576,100895,239,43010,322,53468,15,4417,223,14394,351,45377,238,59771,California
Shasta,2021-05-14,631,101526,267,43277,339,53807,25,4442,290,14370,340,45717,316,60087,California
Shasta,2021-05-15,378,101904,119,43396,160,53967,99,4541,157,14405,220,45937,255,60342,California
Shasta,2021-05-16,220,102124,154,43550,56,54023,10,4551,162,14519,58,45995,172,60514,California
Shasta,2021-05-17,528,102652,243,43793,227,54250,58,4609,281,14612,246,46241,339,60853,California
Shasta,2021-05-18,606,103258,292,44085,290,54540,24,4633,324,14678,282,46523,348,61201,California
Shasta,2021-05-19,586,103844,276,44361,243,54783,67,4700,285,14733,297,46820,352,61553,California
Shasta,2021-05-20,562,104406,252,44613,291,55074,19,4719,265,14723,293,47113,283,61836,California
Shasta,2021-05-21,635,105041,284,44897,332,55406,19,4738,338,14785,295,47408,357,62193,California
Shasta,2021-05-22,231,105272,130,45027,92,55498,9,4747,143,14851,86,47494,152,62345,California
Shasta,2021-05-23,111,105383,48,45075,55,55553,8,4755,68,14884,43,47537,76,62421,California
Shasta,2021-05-24,521,105904,162,45237,329,55882,30,4785,184,14762,336,47873,214,62635,California
Shasta,2021-05-25,462,106366,197,45434,220,56102,45,4830,158,14664,300,48173,202,62837,California
Shasta,2021-05-26,371,106737,143,45577,203,56305,25,4855,147,14613,223,48396,172,63009,California
Shasta,2021-05-27,416,107153,154,45731,253,56558,9,4864,156,14521,257,48653,165,63174,California
Shasta,2021-05-28,435,107588,196,45927,211,56769,28,4892,204,14525,228,48881,232,63406,California
Shasta,2021-05-29,221,107809,62,45989,129,56898,30,4922,92,14516,129,49010,120,63526,California
Shasta,2021-05-30,83,107892,48,46037,33,56931,2,4924,55,14545,28,49038,57,63583,California
Shasta,2021-05-31,35,107927,9,46046,25,56956,1,4925,12,14536,22,49060,13,63596,California
Shasta,2021-06-01,521,108448,152,46198,225,57181,144,5069,134,14435,380,49440,279,63875,California
Shasta,2021-06-02,292,108740,117,46315,166,57347,9,5078,120,14394,170,49610,129,64004,California
Shasta,2021-06-03,365,109105,156,46471,200,57547,9,5087,117,14273,247,49857,126,64130,California
Shasta,2021-06-04,566,109671,284,46755,255,57802,27,5114,203,14141,362,50219,230,64360,California
Shasta,2021-06-05,250,109921,145,46900,88,57890,17,5131,82,14074,167,50386,100,64460,California
Shasta,2021-06-06,160,110081,126,47026,32,57922,2,5133,47,14010,113,50499,49,64509,California
Shasta,2021-06-07,397,110478,232,47258,148,58070,17,5150,106,13843,290,50789,123,64632,California
Shasta,2021-06-08,504,110982,301,47559,159,58229,44,5194,151,13687,351,51140,195,64827,California
Shasta,2021-06-09,476,111458,269,47828,121,58350,86,5280,107,13513,366,51506,192,65019,California
Shasta,2021-06-10,406,111864,239,48067,141,58491,26,5306,122,13383,278,51784,148,65167,California
Shasta,2021-06-11,441,112305,255,48322,155,58646,31,5337,123,13218,318,52102,153,65320,California
Shasta,2021-06-12,204,112509,135,48457,66,58712,3,5340,74,13165,130,52232,77,65397,California
Shasta,2021-06-13,89,112598,55,48512,32,58744,2,5342,25,13128,64,52296,27,65424,California
Shasta,2021-06-14,247,112845,142,48654,93,58837,12,5354,69,13032,177,52473,81,65505,California
Shasta,2021-06-15,114,112959,70,48724,23,58860,21,5375,40,13021,72,52545,61,65566,California
Sierra,2020-12-18,1,1,1,1,0,0,0,0,1,1,0,0,1,1,California
Sierra,2020-12-21,2,3,2,3,0,0,0,0,2,3,0,0,2,3,California
Sierra,2020-12-22,12,15,12,15,0,0,0,0,12,15,0,0,12,15,California
Sierra,2020-12-23,4,19,4,19,0,0,0,0,4,19,0,0,4,19,California
Sierra,2020-12-28,1,20,0,19,1,1,0,0,1,20,0,0,1,20,California
Sierra,2020-12-29,49,69,7,26,42,43,0,0,49,69,0,0,49,69,California
Sierra,2020-12-30,2,71,0,26,2,45,0,0,2,71,0,0,2,71,California
Sierra,2020-12-31,13,84,0,26,13,58,0,0,13,84,0,0,13,84,California
Sierra,2021-01-01,1,85,1,27,0,58,0,0,1,85,0,0,1,85,California
Sierra,2021-01-05,63,148,2,29,61,119,0,0,63,148,0,0,63,148,California
Sierra,2021-01-06,1,149,1,30,0,119,0,0,1,149,0,0,1,149,California
Sierra,2021-01-07,20,169,1,31,19,138,0,0,19,167,1,1,19,168,California
Sierra,2021-01-11,3,172,3,34,0,138,0,0,0,164,3,4,0,168,California
Sierra,2021-01-12,38,210,12,46,26,164,0,0,26,178,12,16,26,194,California
Sierra,2021-01-13,3,213,3,49,0,164,0,0,0,175,3,19,0,194,California
Sierra,2021-01-14,35,248,2,51,33,197,0,0,35,210,0,19,35,229,California
Sierra,2021-01-15,3,251,1,52,2,199,0,0,3,213,0,19,3,232,California
Sierra,2021-01-18,3,254,0,52,3,202,0,0,3,216,0,19,3,235,California
Sierra,2021-01-19,34,288,0,52,34,236,0,0,34,250,0,19,34,269,California
Sierra,2021-01-20,1,289,1,53,0,236,0,0,1,251,0,19,1,270,California
Sierra,2021-01-21,53,342,0,53,53,289,0,0,53,304,0,19,53,323,California
Sierra,2021-01-22,2,344,0,53,2,291,0,0,2,306,0,19,2,325,California
Sierra,2021-01-23,2,346,0,53,2,293,0,0,2,308,0,19,2,327,California
Sierra,2021-01-26,62,408,0,53,62,355,0,0,24,294,38,57,24,351,California
Sierra,2021-01-27,4,412,4,57,0,355,0,0,0,290,4,61,0,351,California
Sierra,2021-01-28,53,465,0,57,53,408,0,0,43,323,10,71,43,394,California
Sierra,2021-01-29,1,466,0,57,1,409,0,0,1,324,0,71,1,395,California
Sierra,2021-01-30,2,468,2,59,0,409,0,0,2,326,0,71,2,397,California
Sierra,2021-02-01,1,469,0,59,1,410,0,0,0,325,1,72,0,397,California
Sierra,2021-02-02,58,527,1,60,57,467,0,0,20,307,38,110,20,417,California
Sierra,2021-02-03,5,532,5,65,0,467,0,0,5,312,0,110,5,422,California
Sierra,2021-02-04,100,632,3,68,97,564,0,0,51,314,49,159,51,473,California
Sierra,2021-02-05,5,637,3,71,2,566,0,0,4,317,1,160,4,477,California
Sierra,2021-02-09,56,693,0,71,56,622,0,0,53,367,3,163,53,530,California
Sierra,2021-02-10,2,695,0,71,2,624,0,0,2,369,0,163,2,532,California
Sierra,2021-02-11,194,889,1,72,193,817,0,0,134,443,60,223,134,666,California
Sierra,2021-02-12,20,909,0,72,20,837,0,0,20,463,0,223,20,686,California
Sierra,2021-02-15,2,911,2,74,0,837,0,0,0,461,2,225,0,686,California
Sierra,2021-02-16,45,956,0,74,45,882,0,0,10,436,35,260,10,696,California
Sierra,2021-02-17,4,960,0,74,4,886,0,0,1,434,3,263,1,697,California
Sierra,2021-02-18,144,1104,0,74,144,1030,0,0,94,478,50,313,94,791,California
Sierra,2021-02-19,1,1105,0,74,1,1031,0,0,0,477,1,314,0,791,California
Sierra,2021-02-20,3,1108,2,76,1,1032,0,0,1,476,2,316,1,792,California
Sierra,2021-02-23,4,1112,0,76,4,1036,0,0,4,480,0,316,4,796,California
Sierra,2021-02-24,1,1113,0,76,1,1037,0,0,1,481,0,316,1,797,California
Sierra,2021-02-25,125,1238,1,77,124,1161,0,0,59,475,65,381,59,856,California
Sierra,2021-02-26,11,1249,6,83,5,1166,0,0,4,472,7,388,4,860,California
Sierra,2021-02-27,1,1250,1,84,0,1166,0,0,0,471,1,389,0,860,California
Sierra,2021-03-01,1,1251,1,85,0,1166,0,0,0,470,1,390,0,860,California
Sierra,2021-03-02,58,1309,0,85,58,1224,0,0,39,490,19,409,39,899,California
Sierra,2021-03-03,1,1310,1,86,0,1224,0,0,0,489,1,410,0,899,California
Sierra,2021-03-04,108,1418,0,86,108,1332,0,0,60,501,48,458,60,959,California
Sierra,2021-03-05,12,1430,0,86,12,1344,0,0,10,509,2,460,10,969,California
Sierra,2021-03-08,2,1432,2,88,0,1344,0,0,2,511,0,460,2,971,California
Sierra,2021-03-09,60,1492,0,88,60,1404,0,0,11,473,49,509,11,982,California
Sierra,2021-03-10,6,1498,0,88,6,1410,0,0,4,475,2,511,4,986,California
Sierra,2021-03-11,176,1674,1,89,175,1585,0,0,44,387,132,643,44,1030,California
Sierra,2021-03-12,19,1693,0,89,19,1604,0,0,0,368,19,662,0,1030,California
Sierra,2021-03-13,28,1721,0,89,28,1632,0,0,28,396,0,662,28,1058,California
Sierra,2021-03-15,2,1723,0,89,0,1632,2,2,0,396,2,664,2,1060,California
Sierra,2021-03-16,36,1759,0,89,35,1667,1,3,22,405,14,678,23,1083,California
Sierra,2021-03-17,1,1760,0,89,1,1668,0,3,0,404,1,679,0,1083,California
Sierra,2021-03-18,161,1921,0,89,161,1829,0,3,65,373,96,775,65,1148,California
Sierra,2021-03-19,3,1924,1,90,2,1831,0,3,0,370,3,778,0,1148,California
Sierra,2021-03-20,2,1926,0,90,2,1833,0,3,1,370,1,779,1,1149,California
Sierra,2021-03-23,22,1948,0,90,22,1855,0,3,13,374,9,788,13,1162,California
Sierra,2021-03-24,2,1950,0,90,2,1857,0,3,1,374,1,789,1,1163,California
Sierra,2021-03-25,99,2049,1,91,98,1955,0,3,50,375,49,838,50,1213,California
Sierra,2021-03-26,11,2060,0,91,11,1966,0,3,8,380,3,841,8,1221,California
Sierra,2021-03-27,1,2061,0,91,1,1967,0,3,0,379,1,842,0,1221,California
Sierra,2021-03-29,1,2062,1,92,0,1967,0,3,0,378,1,843,0,1221,California
Sierra,2021-03-30,58,2120,1,93,57,2024,0,3,25,370,33,876,25,1246,California
Sierra,2021-03-31,8,2128,0,93,8,2032,0,3,8,378,0,876,8,1254,California
Sierra,2021-04-01,63,2191,1,94,62,2094,0,3,5,327,56,932,5,1259,California
Sierra,2021-04-02,3,2194,2,96,1,2095,0,3,2,328,1,933,2,1261,California
Sierra,2021-04-04,1,2195,0,96,1,2096,0,3,0,328,0,933,0,1261,California
Sierra,2021-04-06,11,2206,0,96,11,2107,0,3,1,319,10,943,1,1262,California
Sierra,2021-04-07,14,2220,3,99,6,2113,5,8,3,317,10,953,8,1270,California
Sierra,2021-04-08,52,2272,2,101,50,2163,0,8,16,297,36,989,16,1286,California
Sierra,2021-04-09,1,2273,1,102,0,2163,0,8,1,298,0,989,1,1287,California
Sierra,2021-04-10,27,2300,0,102,27,2190,0,8,0,271,27,1016,0,1287,California
Sierra,2021-04-12,1,2301,0,102,0,2190,1,9,0,271,1,1017,1,1288,California
Sierra,2021-04-13,45,2346,0,102,45,2235,0,9,5,236,40,1057,5,1293,California
Sierra,2021-04-14,1,2347,0,102,1,2236,0,9,1,237,0,1057,1,1294,California
Sierra,2021-04-15,50,2397,2,104,48,2284,0,9,2,191,48,1105,2,1296,California
Sierra,2021-04-17,2,2399,1,105,1,2285,0,9,1,191,1,1106,1,1297,California
Sierra,2021-04-18,1,2400,0,105,1,2286,0,9,0,191,0,1106,0,1297,California
Sierra,2021-04-19,2,2402,1,106,1,2287,0,9,1,191,1,1107,1,1298,California
Sierra,2021-04-20,33,2435,1,107,32,2319,0,9,6,170,27,1134,6,1304,California
Sierra,2021-04-21,2,2437,1,108,1,2320,0,9,1,170,1,1135,1,1305,California
Sierra,2021-04-22,64,2501,1,109,63,2383,0,9,5,117,58,1193,5,1310,California
Sierra,2021-04-23,12,2513,0,109,12,2395,0,9,4,113,8,1201,4,1314,California
Sierra,2021-04-24,4,2517,0,109,4,2399,0,9,4,117,0,1201,4,1318,California
Sierra,2021-04-26,1,2518,0,109,1,2400,0,9,1,118,0,1201,1,1319,California
Sierra,2021-04-27,30,2548,0,109,30,2430,0,9,4,96,26,1227,4,1323,California
Sierra,2021-04-28,11,2559,3,112,8,2438,0,9,2,89,9,1236,2,1325,California
Sierra,2021-04-29,20,2579,2,114,18,2456,0,9,14,97,6,1242,14,1339,California
Sierra,2021-04-30,3,2582,1,115,2,2458,0,9,1,96,2,1244,1,1340,California
Sierra,2021-05-03,1,2583,1,116,0,2458,0,9,1,97,0,1244,1,1341,California
Sierra,2021-05-04,2,2585,0,116,1,2459,1,10,0,96,2,1246,1,1342,California
Sierra,2021-05-05,23,2608,1,117,22,2481,0,10,8,89,15,1261,8,1350,California
Sierra,2021-05-06,1,2609,1,118,0,2481,0,10,0,88,1,1262,0,1350,California
Sierra,2021-05-08,1,2610,0,118,0,2481,1,11,0,88,1,1263,1,1351,California
Sierra,2021-05-11,11,2621,0,118,4,2485,7,18,0,84,11,1274,7,1358,California
Sierra,2021-05-12,11,2632,1,119,10,2495,0,18,8,89,3,1277,8,1366,California
Sierra,2021-05-13,3,2635,2,121,1,2496,0,18,2,90,1,1278,2,1368,California
Sierra,2021-05-14,3,2638,1,122,2,2498,0,18,3,93,0,1278,3,1371,California
Sierra,2021-05-15,1,2639,0,122,0,2498,1,19,0,93,1,1279,1,1372,California
Sierra,2021-05-17,1,2640,1,123,0,2498,0,19,1,94,0,1279,1,1373,California
Sierra,2021-05-18,1,2641,0,123,0,2498,1,20,0,94,1,1280,1,1374,California
Sierra,2021-05-19,7,2648,4,127,3,2501,0,20,2,91,5,1285,2,1376,California
Sierra,2021-05-20,9,2657,8,135,0,2501,1,21,8,99,1,1286,9,1385,California
Sierra,2021-05-21,3,2660,1,136,2,2503,0,21,1,98,2,1288,1,1386,California
Sierra,2021-05-22,4,2664,0,136,4,2507,0,21,0,94,4,1292,0,1386,California
Sierra,2021-05-23,1,2665,0,136,1,2508,0,21,1,95,0,1292,1,1387,California
Sierra,2021-05-24,3,2668,1,137,2,2510,0,21,2,96,1,1293,2,1389,California
Sierra,2021-05-25,3,2671,0,137,3,2513,0,21,1,95,2,1295,1,1390,California
Sierra,2021-05-26,8,2679,0,137,8,2521,0,21,4,95,4,1299,4,1394,California
Sierra,2021-05-27,9,2688,1,138,7,2528,1,22,2,91,7,1306,3,1397,California
Sierra,2021-05-28,3,2691,1,139,2,2530,0,22,2,92,1,1307,2,1399,California
Sierra,2021-05-29,2,2693,0,139,2,2532,0,22,2,94,0,1307,2,1401,California
Sierra,2021-05-30,1,2694,1,140,0,2532,0,22,1,95,0,1307,1,1402,California
Sierra,2021-06-01,1,2695,0,140,1,2533,0,22,0,94,1,1308,0,1402,California
Sierra,2021-06-02,23,2718,0,140,21,2554,2,24,0,74,22,1330,2,1404,California
Sierra,2021-06-03,2,2720,2,142,0,2554,0,24,0,72,2,1332,0,1404,California
Sierra,2021-06-04,2,2722,2,144,0,2554,0,24,1,72,1,1333,1,1405,California
Sierra,2021-06-08,1,2723,1,145,0,2554,0,24,1,73,0,1333,1,1406,California
Sierra,2021-06-09,8,2731,1,146,5,2559,2,26,0,67,8,1341,2,1408,California
Sierra,2021-06-10,10,2741,10,156,0,2559,0,26,6,69,4,1345,6,1414,California
Sierra,2021-06-11,4,2745,2,158,2,2561,0,26,0,65,4,1349,0,1414,California
Sierra,2021-06-12,1,2746,1,159,0,2561,0,26,1,66,0,1349,1,1415,California
Sierra,2021-06-13,1,2747,1,160,0,2561,0,26,0,65,1,1350,0,1415,California
Sierra,2021-06-14,6,2753,4,164,1,2562,1,27,2,64,4,1354,3,1418,California
Sierra,2021-06-15,1,2754,0,164,1,2563,0,27,0,64,0,1354,0,1418,California
Siskiyou,2020-12-16,2,2,2,2,0,0,0,0,2,2,0,0,2,2,California
Siskiyou,2020-12-17,4,6,4,6,0,0,0,0,4,6,0,0,4,6,California
Siskiyou,2020-12-18,2,8,2,8,0,0,0,0,2,8,0,0,2,8,California
Siskiyou,2020-12-19,4,12,4,12,0,0,0,0,4,12,0,0,4,12,California
Siskiyou,2020-12-20,1,13,1,13,0,0,0,0,1,13,0,0,1,13,California
Siskiyou,2020-12-21,131,144,131,144,0,0,0,0,131,144,0,0,131,144,California
Siskiyou,2020-12-22,158,302,158,302,0,0,0,0,158,302,0,0,158,302,California
Siskiyou,2020-12-23,142,444,142,444,0,0,0,0,142,444,0,0,142,444,California
Siskiyou,2020-12-24,5,449,5,449,0,0,0,0,5,449,0,0,5,449,California
Siskiyou,2020-12-26,2,451,0,449,2,2,0,0,2,451,0,0,2,451,California
Siskiyou,2020-12-27,2,453,0,449,2,4,0,0,2,453,0,0,2,453,California
Siskiyou,2020-12-28,3,456,1,450,2,6,0,0,3,456,0,0,3,456,California
Siskiyou,2020-12-29,6,462,2,452,4,10,0,0,6,462,0,0,6,462,California
Siskiyou,2020-12-30,100,562,3,455,97,107,0,0,100,562,0,0,100,562,California
Siskiyou,2020-12-31,12,574,0,455,12,119,0,0,12,574,0,0,12,574,California
Siskiyou,2021-01-02,1,575,1,456,0,119,0,0,1,575,0,0,1,575,California
Siskiyou,2021-01-03,1,576,0,456,1,120,0,0,1,576,0,0,1,576,California
Siskiyou,2021-01-04,129,705,3,459,126,246,0,0,129,705,0,0,129,705,California
Siskiyou,2021-01-05,119,824,4,463,115,361,0,0,117,821,2,2,118,823,California
Siskiyou,2021-01-06,60,884,7,470,53,414,0,0,56,873,4,6,56,879,California
Siskiyou,2021-01-07,175,1059,4,474,171,585,0,0,174,1046,1,7,174,1053,California
Siskiyou,2021-01-08,40,1099,3,477,37,622,0,0,38,1082,2,9,38,1091,California
Siskiyou,2021-01-09,2,1101,2,479,0,622,0,0,0,1080,2,11,0,1091,California
Siskiyou,2021-01-11,225,1326,64,543,161,783,0,0,163,1181,62,73,163,1254,California
Siskiyou,2021-01-12,324,1650,274,817,50,833,0,0,91,1040,233,306,92,1346,California
Siskiyou,2021-01-13,158,1808,137,954,21,854,0,0,24,930,134,440,24,1370,California
Siskiyou,2021-01-14,35,1843,1,955,34,888,0,0,34,963,1,441,34,1404,California
Siskiyou,2021-01-15,55,1898,3,958,52,940,0,0,55,1018,0,441,55,1459,California
Siskiyou,2021-01-16,7,1905,2,960,5,945,0,0,7,1025,0,441,7,1466,California
Siskiyou,2021-01-17,1,1906,1,961,0,945,0,0,0,1024,1,442,0,1466,California
Siskiyou,2021-01-18,75,1981,3,964,72,1017,0,0,73,1095,2,444,73,1539,California
Siskiyou,2021-01-19,41,2022,1,965,40,1057,0,0,40,1134,1,445,40,1579,California
Siskiyou,2021-01-20,68,2090,35,1000,33,1090,0,0,64,1194,4,449,64,1643,California
Siskiyou,2021-01-21,67,2157,1,1001,66,1156,0,0,67,1261,0,449,67,1710,California
Siskiyou,2021-01-22,1341,3498,1174,2175,167,1323,0,0,1341,2602,0,449,1341,3051,California
Siskiyou,2021-01-23,6,3504,2,2177,4,1327,0,0,3,2602,3,452,3,3054,California
Siskiyou,2021-01-25,208,3712,8,2185,200,1527,0,0,204,2802,4,456,204,3258,California
Siskiyou,2021-01-26,108,3820,3,2188,105,1632,0,0,100,2894,8,464,100,3358,California
Siskiyou,2021-01-27,200,4020,2,2190,198,1830,0,0,135,2965,64,528,135,3493,California
Siskiyou,2021-01-28,260,4280,118,2308,142,1972,0,0,235,3181,19,547,235,3728,California
Siskiyou,2021-01-29,272,4552,3,2311,269,2241,0,0,253,3415,19,566,253,3981,California
Siskiyou,2021-01-30,4,4556,3,2314,1,2242,0,0,4,3419,0,566,4,3985,California
Siskiyou,2021-02-01,214,4770,3,2317,211,2453,0,0,114,3433,100,666,114,4099,California
Siskiyou,2021-02-02,314,5084,45,2362,269,2722,0,0,161,3441,153,819,161,4260,California
Siskiyou,2021-02-03,334,5418,1,2363,333,3055,0,0,264,3635,70,889,264,4524,California
Siskiyou,2021-02-04,360,5778,7,2370,353,3408,0,0,221,3717,139,1028,221,4745,California
Siskiyou,2021-02-05,544,6322,4,2374,540,3948,0,0,370,3913,174,1202,370,5115,California
Siskiyou,2021-02-06,15,6337,0,2374,15,3963,0,0,15,3928,0,1202,15,5130,California
Siskiyou,2021-02-07,3,6340,2,2376,1,3964,0,0,3,3931,0,1202,3,5133,California
Siskiyou,2021-02-08,239,6579,4,2380,235,4199,0,0,214,4120,25,1227,214,5347,California
Siskiyou,2021-02-09,244,6823,2,2382,242,4441,0,0,191,4258,53,1280,191,5538,California
Siskiyou,2021-02-10,389,7212,41,2423,348,4789,0,0,319,4508,69,1349,319,5857,California
Siskiyou,2021-02-11,214,7426,1,2424,213,5002,0,0,185,4664,29,1378,185,6042,California
Siskiyou,2021-02-12,1703,9129,1199,3623,504,5506,0,0,498,3957,1205,2583,498,6540,California
Siskiyou,2021-02-13,37,9166,2,3625,35,5541,0,0,32,3984,5,2588,32,6572,California
Siskiyou,2021-02-14,6,9172,2,3627,4,5545,0,0,6,3990,0,2588,6,6578,California
Siskiyou,2021-02-15,99,9271,2,3629,97,5642,0,0,97,4085,2,2590,97,6675,California
Siskiyou,2021-02-16,136,9407,2,3631,134,5776,0,0,100,4149,36,2626,100,6775,California
Siskiyou,2021-02-17,286,9693,5,3636,281,6057,0,0,251,4365,35,2661,251,7026,California
Siskiyou,2021-02-18,268,9961,88,3724,180,6237,0,0,127,4351,141,2802,127,7153,California
Siskiyou,2021-02-19,95,10056,34,3758,61,6298,0,0,35,4328,58,2860,35,7188,California
Siskiyou,2021-02-20,22,10078,3,3761,19,6317,0,0,17,4340,5,2865,17,7205,California
Siskiyou,2021-02-21,1,10079,1,3762,0,6317,0,0,1,4341,0,2865,1,7206,California
Siskiyou,2021-02-22,207,10286,2,3764,205,6522,0,0,75,4284,132,2997,75,7281,California
Siskiyou,2021-02-23,288,10574,15,3779,273,6795,0,0,186,4368,102,3099,186,7467,California
Siskiyou,2021-02-24,172,10746,5,3784,167,6962,0,0,49,4294,123,3222,49,7516,California
Siskiyou,2021-02-25,300,11046,15,3799,285,7247,0,0,146,4287,153,3375,146,7662,California
Siskiyou,2021-02-26,670,11716,9,3808,661,7908,0,0,366,4349,304,3679,366,8028,California
Siskiyou,2021-02-27,32,11748,5,3813,27,7935,0,0,28,4373,4,3683,28,8056,California
Siskiyou,2021-02-28,5,11753,5,3818,0,7935,0,0,3,4374,2,3685,3,8059,California
Siskiyou,2021-03-01,290,12043,5,3823,285,8220,0,0,49,4182,241,3926,49,8108,California
Siskiyou,2021-03-02,208,12251,1,3824,207,8427,0,0,70,4114,138,4064,70,8178,California
Siskiyou,2021-03-03,347,12598,11,3835,336,8763,0,0,153,4073,194,4258,153,8331,California
Siskiyou,2021-03-04,818,13416,617,4452,201,8964,0,0,642,4539,176,4434,642,8973,California
Siskiyou,2021-03-05,347,13763,5,4457,331,9295,11,11,106,4418,238,4672,117,9090,California
Siskiyou,2021-03-06,42,13805,3,4460,32,9327,7,18,27,4437,15,4687,34,9124,California
Siskiyou,2021-03-07,11,13816,3,4463,0,9327,8,26,1,4436,10,4697,9,9133,California
Siskiyou,2021-03-08,360,14176,22,4485,304,9631,34,60,68,4246,292,4989,102,9235,California
Siskiyou,2021-03-09,175,14351,2,4487,118,9749,55,115,42,4210,133,5122,97,9332,California
Siskiyou,2021-03-10,220,14571,6,4493,184,9933,30,145,24,4068,196,5318,54,9386,California
Siskiyou,2021-03-11,493,15064,206,4699,241,10174,46,191,284,4190,208,5526,330,9716,California
Siskiyou,2021-03-12,653,15717,141,4840,473,10647,39,230,184,3946,467,5993,223,9939,California
Siskiyou,2021-03-13,429,16146,380,5220,26,10673,23,253,380,4300,49,6042,403,10342,California
Siskiyou,2021-03-14,20,16166,1,5221,3,10676,16,269,2,4300,18,6060,18,10360,California
Siskiyou,2021-03-15,495,16661,258,5479,173,10849,64,333,319,4507,176,6236,383,10743,California
Siskiyou,2021-03-16,258,16919,34,5513,208,11057,16,349,141,4548,116,6352,157,10900,California
Siskiyou,2021-03-17,199,17118,8,5521,183,11240,8,357,33,4423,166,6518,41,10941,California
Siskiyou,2021-03-18,924,18042,786,6307,126,11366,12,369,808,5127,116,6634,820,11761,California
Siskiyou,2021-03-19,65,18107,7,6314,45,11411,13,382,18,5111,47,6681,31,11792,California
Siskiyou,2021-03-20,29,18136,7,6321,18,11429,4,386,6,5098,23,6704,10,11802,California
Siskiyou,2021-03-21,10,18146,4,6325,1,11430,5,391,4,5101,6,6710,9,11811,California
Siskiyou,2021-03-22,209,18355,20,6345,166,11596,23,414,146,5210,60,6770,169,11980,California
Siskiyou,2021-03-23,172,18527,19,6364,144,11740,9,423,125,5297,47,6817,134,12114,California
Siskiyou,2021-03-24,143,18670,47,6411,96,11836,0,423,116,5386,27,6844,116,12230,California
Siskiyou,2021-03-25,564,19234,314,6725,247,12083,3,426,394,5613,170,7014,397,12627,California
Siskiyou,2021-03-26,303,19537,34,6759,269,12352,0,426,103,5518,198,7212,103,12730,California
Siskiyou,2021-03-27,39,19576,6,6765,28,12380,5,431,11,5506,28,7240,16,12746,California
Siskiyou,2021-03-28,7,19583,6,6771,1,12381,0,431,5,5509,2,7242,5,12751,California
Siskiyou,2021-03-29,94,19677,10,6781,82,12463,2,433,44,5505,50,7292,46,12797,California
Siskiyou,2021-03-30,101,19778,6,6787,94,12557,1,434,40,5485,61,7353,41,12838,California
Siskiyou,2021-03-31,177,19955,9,6796,165,12722,3,437,48,5410,127,7480,52,12890,California
Siskiyou,2021-04-01,827,20782,669,7465,158,12880,0,437,214,5011,613,8093,214,13104,California
Siskiyou,2021-04-02,347,21129,197,7662,146,13026,4,441,65,4800,280,8373,69,13173,California
Siskiyou,2021-04-03,26,21155,5,7667,14,13040,7,448,5,4791,21,8394,12,13185,California
Siskiyou,2021-04-04,2,21157,1,7668,1,13041,0,448,1,4791,1,8395,1,13186,California
Siskiyou,2021-04-05,437,21594,332,8000,80,13121,25,473,27,4434,409,8804,52,13238,California
Siskiyou,2021-04-06,220,21814,36,8036,131,13252,53,526,126,4520,92,8896,178,13416,California
Siskiyou,2021-04-07,113,21927,10,8046,62,13314,41,567,64,4576,49,8945,105,13521,California
Siskiyou,2021-04-08,343,22270,175,8221,125,13439,43,610,62,4400,281,9226,105,13626,California
Siskiyou,2021-04-09,545,22815,377,8598,130,13569,38,648,84,4063,460,9686,123,13749,California
Siskiyou,2021-04-10,46,22861,6,8604,3,13572,37,685,7,4068,39,9725,44,13793,California
Siskiyou,2021-04-11,7,22868,5,8609,1,13573,1,686,2,4066,5,9730,3,13796,California
Siskiyou,2021-04-12,129,22997,24,8633,104,13677,1,687,49,4036,80,9810,50,13846,California
Siskiyou,2021-04-13,205,23202,37,8670,167,13844,1,688,82,3996,123,9933,83,13929,California
Siskiyou,2021-04-14,156,23358,64,8734,92,13936,0,688,85,4012,69,10002,85,14014,California
Siskiyou,2021-04-15,1114,24472,956,9690,158,14094,0,688,435,3768,679,10681,435,14449,California
Siskiyou,2021-04-16,300,24772,209,9899,91,14185,0,688,268,4006,31,10712,269,14718,California
Siskiyou,2021-04-17,11,24783,8,9907,3,14188,0,688,6,4007,5,10717,6,14724,California
Siskiyou,2021-04-18,5,24788,3,9910,2,14190,0,688,1,4004,4,10721,1,14725,California
Siskiyou,2021-04-19,128,24916,24,9934,104,14294,0,688,45,3966,83,10804,45,14770,California
Siskiyou,2021-04-20,217,25133,4,9938,213,14507,0,688,91,3931,126,10930,91,14861,California
Siskiyou,2021-04-21,96,25229,11,9949,85,14592,0,688,26,3887,70,11000,26,14887,California
Siskiyou,2021-04-22,408,25637,296,10245,112,14704,0,688,50,3579,358,11358,50,14937,California
Siskiyou,2021-04-23,180,25817,15,10260,165,14869,0,688,158,3716,21,11379,158,15095,California
Siskiyou,2021-04-24,28,25845,4,10264,24,14893,0,688,20,3728,8,11387,20,15115,California
Siskiyou,2021-04-25,2,25847,0,10264,2,14895,0,688,2,3730,0,11387,2,15117,California
Siskiyou,2021-04-26,100,25947,5,10269,90,14985,5,693,25,3685,75,11462,30,15147,California
Siskiyou,2021-04-27,113,26060,4,10273,107,15092,2,695,86,3748,25,11487,88,15235,California
Siskiyou,2021-04-28,110,26170,7,10280,95,15187,8,703,53,3752,57,11544,61,15296,California
Siskiyou,2021-04-29,145,26315,14,10294,130,15317,1,704,29,3666,116,11660,30,15326,California
Siskiyou,2021-04-30,103,26418,21,10315,81,15398,1,705,45,3656,55,11715,45,15371,California
Siskiyou,2021-05-01,11,26429,7,10322,1,15399,3,708,7,3662,4,11719,10,15381,California
Siskiyou,2021-05-02,10,26439,4,10326,6,15405,0,708,8,3668,2,11721,8,15389,California
Siskiyou,2021-05-03,107,26546,24,10350,81,15486,2,710,45,3653,62,11783,47,15436,California
Siskiyou,2021-05-04,121,26667,6,10356,113,15599,2,712,60,3655,60,11843,62,15498,California
Siskiyou,2021-05-05,114,26781,19,10375,86,15685,9,721,39,3629,74,11917,48,15546,California
Siskiyou,2021-05-06,365,27146,296,10671,63,15748,6,727,190,3650,175,12092,196,15742,California
Siskiyou,2021-05-07,308,27454,219,10890,84,15832,5,732,32,3412,275,12367,37,15779,California
Siskiyou,2021-05-08,24,27478,3,10893,20,15852,1,733,18,3425,6,12373,19,15798,California
Siskiyou,2021-05-09,1,27479,0,10893,1,15853,0,733,0,3424,1,12374,0,15798,California
Siskiyou,2021-05-10,100,27579,68,10961,31,15884,1,734,22,3369,78,12452,23,15821,California
Siskiyou,2021-05-11,87,27666,8,10969,74,15958,5,739,51,3389,36,12488,56,15877,California
Siskiyou,2021-05-12,56,27722,4,10973,47,16005,5,744,15,3368,41,12529,20,15897,California
Siskiyou,2021-05-13,81,27803,34,11007,38,16043,9,753,37,3370,44,12573,46,15943,California
Siskiyou,2021-05-14,173,27976,81,11088,91,16134,1,754,106,3411,66,12639,107,16050,California
Siskiyou,2021-05-15,43,28019,13,11101,28,16162,2,756,36,3443,6,12645,38,16088,California
Siskiyou,2021-05-16,6,28025,2,11103,4,16166,0,756,4,3445,2,12647,4,16092,California
Siskiyou,2021-05-17,63,28088,2,11105,38,16204,23,779,11,3427,52,12699,34,16126,California
Siskiyou,2021-05-18,216,28304,81,11186,131,16335,4,783,122,3460,93,12792,126,16252,California
Siskiyou,2021-05-19,155,28459,97,11283,57,16392,1,784,124,3554,31,12823,125,16377,California
Siskiyou,2021-05-20,503,28962,421,11704,80,16472,2,786,233,3519,270,13093,235,16612,California
Siskiyou,2021-05-21,197,29159,95,11799,102,16574,0,786,109,3541,87,13180,109,16721,California
Siskiyou,2021-05-22,41,29200,19,11818,22,16596,0,786,26,3552,15,13195,26,16747,California
Siskiyou,2021-05-23,4,29204,3,11821,1,16597,0,786,2,3552,2,13197,2,16749,California
Siskiyou,2021-05-24,18,29222,3,11824,15,16612,0,786,5,3545,12,13209,5,16754,California
Siskiyou,2021-05-25,156,29378,16,11840,120,16732,20,806,50,3511,104,13313,70,16824,California
Siskiyou,2021-05-26,76,29454,19,11859,57,16789,0,806,41,3517,35,13348,41,16865,California
Siskiyou,2021-05-27,129,29583,92,11951,36,16825,1,807,55,3499,74,13422,56,16921,California
Siskiyou,2021-05-28,154,29737,57,12008,96,16921,1,808,102,3551,51,13473,103,17024,California
Siskiyou,2021-05-29,16,29753,9,12017,4,16925,3,811,5,3548,11,13484,8,17032,California
Siskiyou,2021-05-31,2,29755,1,12018,0,16925,1,812,1,3549,1,13485,2,17034,California
Siskiyou,2021-06-01,86,29841,20,12038,66,16991,0,812,29,3522,56,13541,29,17063,California
Siskiyou,2021-06-02,120,29961,35,12073,85,17076,0,812,44,3490,76,13617,44,17107,California
Siskiyou,2021-06-03,150,30111,103,12176,42,17118,5,817,34,3413,116,13733,39,17146,California
Siskiyou,2021-06-04,99,30210,77,12253,22,17140,0,817,20,3354,79,13812,20,17166,California
Siskiyou,2021-06-05,37,30247,17,12270,19,17159,1,818,16,3350,21,13833,17,17183,California
Siskiyou,2021-06-06,3,30250,2,12272,0,17159,1,819,0,3348,3,13836,1,17184,California
Siskiyou,2021-06-07,34,30284,4,12276,30,17189,0,819,26,3366,8,13844,26,17210,California
Siskiyou,2021-06-08,207,30491,93,12369,111,17300,3,822,62,3291,140,13984,65,17275,California
Siskiyou,2021-06-09,112,30603,84,12453,26,17326,2,824,30,3241,82,14066,32,17307,California
Siskiyou,2021-06-10,170,30773,141,12594,29,17355,0,824,74,3219,96,14162,74,17381,California
Siskiyou,2021-06-11,107,30880,56,12650,44,17399,7,831,18,3176,68,14230,25,17406,California
Siskiyou,2021-06-12,29,30909,8,12658,21,17420,0,831,8,3163,21,14251,8,17414,California
Siskiyou,2021-06-13,23,30932,15,12673,8,17428,0,831,2,3144,21,14272,2,17416,California
Siskiyou,2021-06-14,18,30950,3,12676,15,17443,0,831,10,3146,8,14280,10,17426,California
Siskiyou,2021-06-15,28,30978,0,12676,21,17464,7,838,12,3149,16,14296,19,17445,California
Solano,2020-12-15,4,4,4,4,0,0,0,0,4,4,0,0,4,4,California
Solano,2020-12-16,69,73,69,73,0,0,0,0,69,73,0,0,69,73,California
Solano,2020-12-17,170,243,170,243,0,0,0,0,170,243,0,0,170,243,California
Solano,2020-12-18,475,718,474,717,1,1,0,0,475,718,0,0,475,718,California
Solano,2020-12-19,521,1239,521,1238,0,1,0,0,521,1239,0,0,521,1239,California
Solano,2020-12-20,350,1589,348,1586,2,3,0,0,350,1589,0,0,350,1589,California
Solano,2020-12-21,575,2164,573,2159,2,5,0,0,575,2164,0,0,575,2164,California
Solano,2020-12-22,661,2825,628,2787,33,38,0,0,661,2825,0,0,661,2825,California
Solano,2020-12-23,855,3680,764,3551,91,129,0,0,854,3678,1,1,854,3679,California
Solano,2020-12-24,417,4097,166,3717,251,380,0,0,417,4095,0,1,417,4096,California
Solano,2020-12-25,9,4106,1,3718,8,388,0,0,9,4104,0,1,9,4105,California
Solano,2020-12-26,172,4278,46,3764,126,514,0,0,172,4276,0,1,172,4277,California
Solano,2020-12-27,107,4385,29,3793,78,592,0,0,107,4383,0,1,107,4384,California
Solano,2020-12-28,872,5257,425,4218,447,1039,0,0,872,5255,0,1,872,5256,California
Solano,2020-12-29,909,6166,372,4590,537,1576,0,0,909,6164,0,1,909,6165,California
Solano,2020-12-30,1229,7395,595,5185,634,2210,0,0,1229,7393,0,1,1229,7394,California
Solano,2020-12-31,543,7938,139,5324,404,2614,0,0,543,7936,0,1,543,7937,California
Solano,2021-01-01,15,7953,14,5338,1,2615,0,0,15,7951,0,1,15,7952,California
Solano,2021-01-02,215,8168,166,5504,49,2664,0,0,215,8166,0,1,215,8167,California
Solano,2021-01-03,55,8223,39,5543,16,2680,0,0,49,8215,0,1,49,8216,California
Solano,2021-01-04,444,8667,238,5781,206,2886,0,0,435,8648,2,3,435,8651,California
Solano,2021-01-05,732,9399,378,6159,354,3240,0,0,573,9067,154,157,573,9224,California
Solano,2021-01-06,848,10247,436,6595,412,3652,0,0,578,9377,268,425,578,9802,California
Solano,2021-01-07,1061,11308,678,7273,383,4035,0,0,588,9495,471,896,589,10391,California
Solano,2021-01-08,1144,12452,777,8050,367,4402,0,0,547,9465,579,1475,549,10940,California
Solano,2021-01-09,890,13342,764,8814,126,4528,0,0,432,9442,455,1930,432,11372,California
Solano,2021-01-10,260,13602,193,9007,67,4595,0,0,159,9500,101,2031,159,11531,California
Solano,2021-01-11,1338,14940,1123,10130,215,4810,0,0,820,9802,518,2549,820,12351,California
Solano,2021-01-12,1566,16506,1166,11296,400,5210,0,0,1021,10280,544,3093,1022,13373,California
Solano,2021-01-13,1465,17971,1002,12298,463,5673,0,0,1209,11235,254,3347,1209,14582,California
Solano,2021-01-14,1900,19871,813,13111,1087,6760,0,0,1586,12509,313,3660,1587,16169,California
Solano,2021-01-15,1714,21585,1058,14169,656,7416,0,0,1417,13630,297,3957,1418,17587,California
Solano,2021-01-16,1298,22883,909,15078,389,7805,0,0,1125,14582,173,4130,1125,18712,California
Solano,2021-01-17,1054,23937,760,15838,294,8099,0,0,1034,15597,20,4150,1035,19747,California
Solano,2021-01-18,1428,25365,855,16693,573,8672,0,0,1311,16792,117,4267,1312,21059,California
Solano,2021-01-19,1658,27023,1341,18034,317,8989,0,0,1389,17913,268,4535,1389,22448,California
Solano,2021-01-20,2046,29069,1431,19465,615,9604,0,0,1560,18990,483,5018,1560,24008,California
Solano,2021-01-21,3230,32299,1022,20487,2208,11812,0,0,2878,21517,352,5370,2879,26887,California
Solano,2021-01-22,1785,34084,853,21340,932,12744,0,0,1588,22908,197,5567,1588,28475,California
Solano,2021-01-23,735,34819,240,21580,495,13239,0,0,533,23239,203,5770,534,29009,California
Solano,2021-01-24,406,35225,61,21641,345,13584,0,0,337,23507,69,5839,337,29346,California
Solano,2021-01-25,1681,36906,632,22273,1049,14633,0,0,1120,24069,560,6399,1122,30468,California
Solano,2021-01-26,1814,38720,750,23023,1064,15697,0,0,1172,24600,642,7041,1173,31641,California
Solano,2021-01-27,1813,40533,726,23749,1087,16784,0,0,1197,25185,612,7653,1197,32838,California
Solano,2021-01-28,1972,42505,712,24461,1260,18044,0,0,1380,25975,591,8244,1381,34219,California
Solano,2021-01-29,1723,44228,788,25249,935,18979,0,0,1358,26970,363,8607,1358,35577,California
Solano,2021-01-30,962,45190,459,25708,503,19482,0,0,617,27243,345,8952,618,36195,California
Solano,2021-01-31,250,45440,158,25866,92,19574,0,0,173,27339,77,9029,173,36368,California
Solano,2021-02-01,1556,46996,1033,26899,523,20097,0,0,776,27339,776,9805,776,37144,California
Solano,2021-02-02,3380,50376,1094,27993,2286,22383,0,0,2566,29095,810,10615,2566,39710,California
Solano,2021-02-03,2272,52648,1312,29305,960,23343,0,0,1171,29168,1098,11713,1171,40881,California
Solano,2021-02-04,1810,54458,906,30211,904,24247,0,0,1077,29517,728,12441,1077,41958,California
Solano,2021-02-05,3120,57578,1420,31631,1700,25947,0,0,2113,30630,1000,13441,2113,44071,California
Solano,2021-02-06,3088,60666,1176,32807,1912,27859,0,0,2264,32074,820,14261,2264,46335,California
Solano,2021-02-07,854,61520,785,33592,69,27928,0,0,236,31693,617,14878,236,46571,California
Solano,2021-02-08,1765,63285,1237,34829,528,28456,0,0,719,31368,1044,15922,719,47290,California
Solano,2021-02-09,1952,65237,1492,36321,460,28916,0,0,696,30809,1255,17177,696,47986,California
Solano,2021-02-10,2278,67515,1505,37826,773,29689,0,0,830,30191,1448,18625,830,48816,California
Solano,2021-02-11,2528,70043,1496,39322,1032,30721,0,0,1198,30070,1319,19944,1198,50014,California
Solano,2021-02-12,4269,74312,1633,40955,2636,33357,0,0,2915,31638,1347,21291,2915,52929,California
Solano,2021-02-13,2872,77184,244,41199,2628,35985,0,0,2456,33682,412,21703,2456,55385,California
Solano,2021-02-14,729,77913,205,41404,524,36509,0,0,409,33774,318,22021,410,55795,California
Solano,2021-02-15,1331,79244,329,41733,1002,37511,0,0,683,33810,647,22668,683,56478,California
Solano,2021-02-16,2567,81811,1390,43123,1177,38688,0,0,1668,34581,898,23566,1669,58147,California
Solano,2021-02-17,3235,85046,1449,44572,1786,40474,0,0,2192,35734,1040,24606,2193,60340,California
Solano,2021-02-18,2919,87965,840,45412,2079,42553,0,0,856,34534,2057,26663,857,61197,California
Solano,2021-02-19,2477,90442,1454,46866,1023,43576,0,0,1174,34412,1298,27961,1176,62373,California
Solano,2021-02-20,2747,93189,388,47254,2359,45935,0,0,2235,36134,513,28474,2235,64608,California
Solano,2021-02-21,2319,95508,1997,49251,322,46257,0,0,1999,37817,316,28790,1999,66607,California
Solano,2021-02-22,1806,97314,1063,50314,743,47000,0,0,943,37900,861,29651,944,67551,California
Solano,2021-02-23,2904,100218,1091,51405,1813,48813,0,0,1975,38950,925,30576,1975,69526,California
Solano,2021-02-24,2538,102756,1266,52671,1272,50085,0,0,1411,39237,1125,31701,1412,70938,California
Solano,2021-02-25,2570,105326,1566,54237,1004,51089,0,0,1422,39516,1143,32844,1422,72360,California
Solano,2021-02-26,3459,108785,2212,56449,1247,52336,0,0,2015,40092,1439,34283,2015,74375,California
Solano,2021-02-27,3991,112776,1536,57985,2454,54790,1,1,3226,42563,756,35039,3227,77602,California
Solano,2021-02-28,1935,114711,1561,59546,373,55163,1,2,1605,43843,326,35365,1606,79208,California
Solano,2021-03-01,2733,117444,1224,60770,1508,56671,1,3,2063,45244,663,36028,2064,81272,California
Solano,2021-03-02,2289,119733,1409,62179,880,57551,0,3,1295,45546,993,37021,1295,82567,California
Solano,2021-03-03,2259,121992,1268,63447,991,58542,0,3,1393,46083,857,37878,1394,83961,California
Solano,2021-03-04,4383,126375,3434,66881,947,59489,2,5,3152,48019,1221,39099,3157,87118,California
Solano,2021-03-05,4950,131325,1684,68565,3261,62750,5,10,3978,51040,962,40061,3983,91101,California
Solano,2021-03-06,3874,135199,831,69396,3004,65754,39,49,2660,52537,1202,41263,2699,93800,California
Solano,2021-03-07,3600,138799,763,70159,2827,68581,10,59,1967,52895,1620,42883,1978,95778,California
Solano,2021-03-08,2143,140942,1348,71507,526,69107,269,328,1616,54259,519,43402,1883,97661,California
Solano,2021-03-09,3231,144173,1569,73076,1608,70715,54,382,2332,55742,899,44301,2382,100043,California
Solano,2021-03-10,2427,146600,1763,74839,579,71294,85,467,1276,55956,1146,45447,1360,101403,California
Solano,2021-03-11,6036,152636,1755,76594,4027,75321,254,721,4986,60151,1046,46493,5241,106644,California
Solano,2021-03-12,6048,158684,1569,78163,4300,79621,179,900,3170,60625,2874,49367,3348,109992,California
Solano,2021-03-13,4600,163284,811,78974,3709,83330,80,980,2242,60599,2351,51718,2325,112317,California
Solano,2021-03-14,4019,167303,3140,82114,418,83748,461,1441,1545,60133,2469,54187,2003,114320,California
Solano,2021-03-15,4037,171340,2466,84580,1242,84990,329,1770,2515,61461,1514,55701,2842,117162,California
Solano,2021-03-16,3064,174404,1312,85892,1517,86507,235,2005,1547,61729,1513,57214,1781,118943,California
Solano,2021-03-17,6489,180893,1667,87559,4727,91234,95,2100,4945,65228,1541,58755,5040,123983,California
Solano,2021-03-18,5229,186122,1845,89404,3344,94578,40,2140,3755,67558,1466,60221,3796,127779,California
Solano,2021-03-19,3584,189706,2646,92050,861,95439,77,2217,1678,67416,1898,62119,1756,129535,California
Solano,2021-03-20,5608,195314,1684,93734,3872,99311,52,2269,2651,67172,2947,65066,2703,132238,California
Solano,2021-03-21,1677,196991,1573,95307,79,99390,25,2294,370,66262,1303,66369,393,132631,California
Solano,2021-03-22,2664,199655,2036,97343,578,99968,50,2344,1538,66726,1120,67489,1584,134215,California
Solano,2021-03-23,3578,203233,1689,99032,1846,101814,43,2387,1404,66002,2170,69659,1446,135661,California
Solano,2021-03-24,2831,206064,1766,100798,1030,102844,35,2422,1361,65932,1464,71123,1394,137055,California
Solano,2021-03-25,4882,210946,4007,104805,840,103684,35,2457,2275,65639,2602,73725,2309,139364,California
Solano,2021-03-26,3244,214190,2110,106915,1096,104780,38,2495,1743,65930,1491,75216,1782,141146,California
Solano,2021-03-27,4222,218412,1156,108071,3028,107808,38,2533,1662,65074,2554,77770,1698,142844,California
Solano,2021-03-28,1423,219835,1117,109188,289,108097,17,2550,541,64754,878,78648,558,143402,California
Solano,2021-03-29,3535,223370,2049,111237,1469,109566,17,2567,1559,64366,1964,80612,1576,144978,California
Solano,2021-03-30,3046,226416,2012,113249,936,110502,98,2665,1899,65217,1145,81757,1996,146974,California
Solano,2021-03-31,3146,229562,2144,115393,845,111347,157,2822,1838,65903,1305,83062,1991,148965,California
Solano,2021-04-01,5560,235122,2110,117503,3298,114645,152,2974,3511,67530,2036,85098,3663,152628,California
Solano,2021-04-02,6632,241754,2221,119724,4244,118889,167,3141,2545,66170,4071,89169,2711,155339,California
Solano,2021-04-03,1527,243281,967,120691,407,119296,153,3294,567,65931,958,90127,719,156058,California
Solano,2021-04-04,778,244059,287,120978,188,119484,303,3597,237,65934,537,90664,540,156598,California
Solano,2021-04-05,2985,247044,2048,123026,730,120214,207,3804,1512,66180,1471,92135,1717,158315,California
Solano,2021-04-06,6095,253139,1639,124665,3969,124183,487,4291,1652,63882,4435,96570,2137,160452,California
Solano,2021-04-07,5988,259127,4632,129297,953,125136,403,4694,3416,65148,2552,99122,3818,164270,California
Solano,2021-04-08,6481,265608,1791,131088,3818,128954,872,5566,1804,63171,4647,103769,2670,166940,California
Solano,2021-04-09,6314,271922,1665,132753,3788,132742,861,6427,1517,60773,4773,108542,2375,169315,California
Solano,2021-04-10,1755,273677,967,133720,455,133197,333,6760,809,60971,945,109487,1143,170458,California
Solano,2021-04-11,1206,274883,767,134487,327,133524,112,6872,644,61168,559,110046,756,171214,California
Solano,2021-04-12,3287,278170,1694,136181,1228,134752,365,7237,1358,60965,1924,111970,1721,172935,California
Solano,2021-04-13,2535,280705,1102,137283,1432,136184,1,7238,1324,61084,1208,113178,1327,174262,California
Solano,2021-04-14,6517,287222,1960,139243,4557,140741,0,7238,1842,58266,4667,117845,1849,176111,California
Solano,2021-04-15,5728,292950,2160,141403,3567,144308,1,7239,1745,56045,3969,121814,1748,177859,California
Solano,2021-04-16,3694,296644,2600,144003,1092,145400,2,7241,2292,56948,1395,123209,2298,180157,California
Solano,2021-04-17,3265,299909,1057,145060,2208,147608,0,7241,1113,55918,2144,125353,1114,181271,California
Solano,2021-04-18,1002,300911,614,145674,388,147996,0,7241,526,55969,475,125828,526,181797,California
Solano,2021-04-19,2139,303050,1155,146829,984,148980,0,7241,1170,56178,963,126791,1172,182969,California
Solano,2021-04-20,3004,306054,1829,148658,1175,150155,0,7241,1664,56508,1334,128125,1664,184633,California
Solano,2021-04-21,3822,309876,2333,150991,1489,151644,0,7241,2013,56720,1801,129926,2013,186646,California
Solano,2021-04-22,2993,312869,1480,152471,1513,153157,0,7241,1790,57309,1201,131127,1790,188436,California
Solano,2021-04-23,4153,317022,2099,154570,2054,155211,0,7241,2510,58182,1638,132765,2511,190947,California
Solano,2021-04-24,3887,320909,2340,156910,1545,156756,2,7243,2580,59543,1221,133986,2582,193529,California
Solano,2021-04-25,1429,322338,1113,158023,316,157072,0,7243,1131,60383,291,134277,1131,194660,California
Solano,2021-04-26,2589,324927,1668,159691,917,157989,4,7247,1429,60669,1147,135424,1433,196093,California
Solano,2021-04-27,2588,327515,1291,160982,1267,159256,30,7277,1465,61052,1113,136537,1496,197589,California
Solano,2021-04-28,6040,333555,4997,165979,997,160253,46,7323,3772,62613,2257,138794,3818,201407,California
Solano,2021-04-29,4533,338088,1442,167421,3059,163312,32,7355,2047,62214,2478,141272,2079,203486,California
Solano,2021-04-30,4117,342205,2183,169604,1793,165105,141,7496,1901,62056,2200,143472,2042,205528,California
Solano,2021-05-01,2179,344384,1677,171281,301,165406,201,7697,1294,62671,880,144352,1495,207023,California
Solano,2021-05-02,1204,345588,947,172228,231,165637,26,7723,668,62834,531,144883,694,207717,California
Solano,2021-05-03,1455,347043,1009,173237,359,165996,87,7810,595,62659,858,145741,683,208400,California
Solano,2021-05-04,1795,348838,1041,174278,687,166683,67,7877,808,62548,986,146727,875,209275,California
Solano,2021-05-05,2276,351114,1419,175697,743,167426,114,7991,1092,62572,1180,147907,1204,210479,California
Solano,2021-05-06,2004,353118,1192,176889,601,168027,211,8202,730,62249,1263,149170,940,211419,California
Solano,2021-05-07,2819,355937,1966,178855,733,168760,120,8322,972,61500,1839,151009,1090,212509,California
Solano,2021-05-08,1442,357379,900,179755,426,169186,116,8438,548,61273,891,151900,664,213173,California
Solano,2021-05-09,442,357821,265,180020,166,169352,11,8449,177,61200,262,152162,189,213362,California
Solano,2021-05-10,1330,359151,608,180628,616,169968,106,8555,389,60758,936,153098,494,213856,California
Solano,2021-05-11,2269,361420,1142,181770,1038,171006,89,8644,641,59865,1623,154721,730,214586,California
Solano,2021-05-12,2126,363546,1206,182976,744,171750,176,8820,700,59326,1412,156133,873,215459,California
Solano,2021-05-13,3029,366575,2071,185047,746,172496,212,9032,1595,59702,1431,157564,1807,217266,California
Solano,2021-05-14,2415,368990,1630,186677,664,173160,121,9153,1005,59427,1401,158965,1126,218392,California
Solano,2021-05-15,3265,372255,2612,189289,568,173728,85,9238,1244,58746,2009,160974,1328,219720,California
Solano,2021-05-16,1491,373746,1092,190381,367,174095,32,9270,248,57785,1240,162214,279,219999,California
Solano,2021-05-17,2446,376192,1399,191780,961,175056,86,9356,867,57175,1559,163773,949,220948,California
Solano,2021-05-18,2909,379101,1617,193397,1203,176259,89,9445,1455,57278,1441,165214,1544,222492,California
Solano,2021-05-19,5098,384199,3560,196957,1432,177691,106,9551,1963,56222,3125,168339,2069,224561,California
Solano,2021-05-20,2596,386795,1562,198519,975,178666,59,9610,949,55592,1638,169977,1008,225569,California
Solano,2021-05-21,3539,390334,1863,200382,1609,180275,67,9677,1393,54917,2135,172112,1460,227029,California
Solano,2021-05-22,2381,392715,1779,202161,535,180810,67,9744,987,54586,1385,173497,1054,228083,California
Solano,2021-05-23,1368,394083,1126,203287,219,181029,23,9767,734,54712,631,174128,757,228840,California
Solano,2021-05-24,1836,395919,1039,204326,725,181754,72,9839,615,54183,1215,175343,686,229526,California
Solano,2021-05-25,1622,397541,816,205142,746,182500,60,9899,586,53800,1028,176371,645,230171,California
Solano,2021-05-26,1882,399423,1083,206225,744,183244,55,9954,709,53396,1168,177539,764,230935,California
Solano,2021-05-27,2135,401558,944,207169,1116,184360,75,10029,890,53124,1236,178775,964,231899,California
Solano,2021-05-28,2024,403582,1035,208204,938,185298,51,10080,769,52698,1247,180022,821,232720,California
Solano,2021-05-29,649,404231,321,208525,298,185596,30,10110,321,52722,326,180348,350,233070,California
Solano,2021-05-30,323,404554,155,208680,143,185739,25,10135,119,52665,201,180549,144,233214,California
Solano,2021-05-31,127,404681,18,208698,100,185839,9,10144,24,52595,103,180652,33,233247,California
Solano,2021-06-01,1830,406511,1172,209870,580,186419,78,10222,761,52369,1064,181716,838,234085,California
Solano,2021-06-02,1717,408228,1181,211051,471,186890,65,10287,852,52424,859,182575,914,234999,California
Solano,2021-06-03,2053,410281,1599,212650,373,187263,81,10368,607,51672,1441,184016,689,235688,California
Solano,2021-06-04,1652,411933,1149,213799,439,187702,64,10432,555,51198,1093,185109,619,236307,California
Solano,2021-06-05,1404,413337,1011,214810,342,188044,51,10483,475,50801,923,186032,526,236833,California
Solano,2021-06-06,547,413884,436,215246,85,188129,26,10509,277,50835,269,186301,303,237136,California
Solano,2021-06-07,1241,415125,943,216189,234,188363,64,10573,418,50498,819,187120,482,237618,California
Solano,2021-06-08,1829,416954,1319,217508,476,188839,34,10607,498,49704,1326,188446,532,238150,California
Solano,2021-06-09,1611,418565,1304,218812,252,189091,55,10662,514,49180,1092,189538,568,238718,California
Solano,2021-06-10,1209,419774,838,219650,305,189396,66,10728,404,48852,798,190336,470,239188,California
Solano,2021-06-11,1315,421089,985,220635,265,189661,65,10793,475,48554,837,191173,539,239727,California
Solano,2021-06-12,1145,422234,913,221548,174,189835,58,10851,220,47912,920,192093,278,240005,California
Solano,2021-06-13,591,422825,509,222057,74,189909,8,10859,149,47627,442,192535,157,240162,California
Solano,2021-06-14,1077,423902,708,222765,335,190244,34,10893,222,47033,847,193382,253,240415,California
Solano,2021-06-15,977,424879,578,223343,373,190617,26,10919,416,46918,557,193939,442,240857,California
Sonoma,2020-12-15,4,4,4,4,0,0,0,0,4,4,0,0,4,4,California
Sonoma,2020-12-16,28,32,28,32,0,0,0,0,28,32,0,0,28,32,California
Sonoma,2020-12-17,109,141,109,141,0,0,0,0,109,141,0,0,109,141,California
Sonoma,2020-12-18,438,579,438,579,0,0,0,0,438,579,0,0,438,579,California
Sonoma,2020-12-19,111,690,110,689,1,1,0,0,111,690,0,0,111,690,California
Sonoma,2020-12-20,176,866,176,865,0,1,0,0,176,866,0,0,176,866,California
Sonoma,2020-12-21,911,1777,909,1774,2,3,0,0,910,1776,0,0,910,1776,California
Sonoma,2020-12-22,1356,3133,1266,3040,90,93,0,0,1356,3132,0,0,1356,3132,California
Sonoma,2020-12-23,1607,4740,1233,4273,374,467,0,0,1608,4740,0,0,1608,4740,California
Sonoma,2020-12-24,311,5051,102,4375,209,676,0,0,311,5051,0,0,311,5051,California
Sonoma,2020-12-25,9,5060,2,4377,7,683,0,0,9,5060,0,0,9,5060,California
Sonoma,2020-12-26,268,5328,257,4634,11,694,0,0,268,5328,0,0,268,5328,California
Sonoma,2020-12-27,96,5424,81,4715,15,709,0,0,96,5424,0,0,96,5424,California
Sonoma,2020-12-28,982,6406,548,5263,434,1143,0,0,955,6379,0,0,955,6379,California
Sonoma,2020-12-29,1132,7538,780,6043,352,1495,0,0,1098,7477,0,0,1098,7477,California
Sonoma,2020-12-30,1094,8632,479,6522,615,2110,0,0,1086,8563,0,0,1086,8563,California
Sonoma,2020-12-31,520,9152,70,6592,450,2560,0,0,521,9084,0,0,521,9084,California
Sonoma,2021-01-01,71,9223,37,6629,34,2594,0,0,71,9155,0,0,71,9155,California
Sonoma,2021-01-02,133,9356,127,6756,6,2600,0,0,133,9288,0,0,133,9288,California
Sonoma,2021-01-03,25,9381,10,6766,15,2615,0,0,25,9313,0,0,25,9313,California
Sonoma,2021-01-04,340,9721,105,6871,235,2850,0,0,339,9652,0,0,339,9652,California
Sonoma,2021-01-05,430,10151,99,6970,331,3181,0,0,404,10040,16,16,404,10056,California
Sonoma,2021-01-06,949,11100,434,7404,515,3696,0,0,836,10769,107,123,836,10892,California
Sonoma,2021-01-07,1032,12132,537,7941,495,4191,0,0,857,11452,174,297,857,11749,California
Sonoma,2021-01-08,1803,13935,1241,9182,562,4753,0,0,1317,12285,484,781,1317,13066,California
Sonoma,2021-01-09,642,14577,402,9584,240,4993,0,0,595,12833,47,828,595,13661,California
Sonoma,2021-01-10,475,15052,464,10048,11,5004,0,0,278,12914,197,1025,278,13939,California
Sonoma,2021-01-11,1388,16440,1241,11289,147,5151,0,0,415,12361,968,1993,415,14354,California
Sonoma,2021-01-12,1547,17987,1293,12582,254,5405,0,0,396,11608,1149,3142,396,14750,California
Sonoma,2021-01-13,2049,20036,1373,13955,676,6081,0,0,1180,11923,866,4008,1181,15931,California
Sonoma,2021-01-14,1542,21578,808,14763,734,6815,0,0,1313,13008,229,4237,1314,17245,California
Sonoma,2021-01-15,1564,23142,629,15392,935,7750,0,0,1341,14137,214,4451,1343,18588,California
Sonoma,2021-01-16,1148,24290,615,16007,533,8283,0,0,902,14797,242,4693,902,19490,California
Sonoma,2021-01-17,672,24962,551,16558,121,8404,0,0,592,15309,80,4773,592,20082,California
Sonoma,2021-01-18,1105,26067,935,17493,170,8574,0,0,616,15437,489,5262,617,20699,California
Sonoma,2021-01-19,2100,28167,1000,18493,1100,9674,0,0,1388,16116,710,5972,1389,22088,California
Sonoma,2021-01-20,2112,30279,634,19127,1478,11152,0,0,1440,16895,662,6634,1441,23529,California
Sonoma,2021-01-21,2302,32581,648,19775,1654,12806,0,0,2076,18749,224,6858,2078,25607,California
Sonoma,2021-01-22,2757,35338,1052,20827,1705,14511,0,0,2609,21211,147,7005,2609,28216,California
Sonoma,2021-01-23,765,36103,592,21419,173,14684,0,0,656,21759,108,7113,656,28872,California
Sonoma,2021-01-24,850,36953,719,22138,131,14815,0,0,832,22573,18,7131,832,29704,California
Sonoma,2021-01-25,2182,39135,518,22656,1664,16479,0,0,1691,23773,491,7622,1691,31395,California
Sonoma,2021-01-26,2059,41194,303,22959,1756,18235,0,0,1599,24913,459,8081,1599,32994,California
Sonoma,2021-01-27,3765,44959,1289,24248,2476,20711,0,0,3183,27518,580,8661,3185,36179,California
Sonoma,2021-01-28,4149,49108,1852,26100,2297,23008,0,0,3469,30312,677,9338,3471,39650,California
Sonoma,2021-01-29,3027,52135,1427,27527,1600,24608,0,0,2177,31642,848,10186,2178,41828,California
Sonoma,2021-01-30,2596,54731,2405,29932,191,24799,0,0,2250,33548,345,10531,2251,44079,California
Sonoma,2021-01-31,809,55540,694,30626,115,24914,0,0,577,33894,231,10762,577,44656,California
Sonoma,2021-02-01,2489,58029,855,31481,1634,26548,0,0,2109,35626,377,11139,2109,46765,California
Sonoma,2021-02-02,3606,61635,1401,32882,2205,28753,0,0,3026,38075,577,11716,3026,49791,California
Sonoma,2021-02-03,4058,65693,1331,34213,2727,31480,0,0,3117,40255,937,12653,3117,52908,California
Sonoma,2021-02-04,4222,69915,1727,35940,2495,33975,0,0,3424,42884,796,13449,3425,56333,California
Sonoma,2021-02-05,4835,74750,1751,37691,3084,37059,0,0,3804,45662,1027,14476,3805,60138,California
Sonoma,2021-02-06,2677,77427,2312,40003,365,37424,0,0,2143,47272,533,15009,2143,62281,California
Sonoma,2021-02-07,1557,78984,1418,41421,139,37563,0,0,1301,48317,256,15265,1301,63582,California
Sonoma,2021-02-08,3280,82264,1042,42463,2238,39801,0,0,2686,50410,593,15858,2686,66268,California
Sonoma,2021-02-09,3587,85851,1705,44168,1882,41683,0,0,3108,53042,477,16335,3109,69377,California
Sonoma,2021-02-10,4563,90414,2491,46659,2072,43755,0,0,3557,55600,1000,17335,3558,72935,California
Sonoma,2021-02-11,5605,96019,3036,49695,2569,46324,0,0,4415,58828,1187,18522,4415,77350,California
Sonoma,2021-02-12,5948,101967,3271,52966,2677,49001,0,0,4501,61890,1443,19965,4505,81855,California
Sonoma,2021-02-13,1997,103964,1156,54122,841,49842,0,0,1202,62300,792,20757,1202,83057,California
Sonoma,2021-02-14,2336,106300,1838,55960,498,50340,0,0,1591,63150,741,21498,1591,84648,California
Sonoma,2021-02-15,2151,108451,800,56760,1351,51691,0,0,1610,64219,541,22039,1610,86258,California
Sonoma,2021-02-16,4923,113374,2060,58820,2863,54554,0,0,3650,66602,1268,23307,3651,89909,California
Sonoma,2021-02-17,5637,119011,2926,61746,2711,57265,0,0,3591,68159,2037,25344,3594,93503,California
Sonoma,2021-02-18,6977,125988,3147,64893,3830,61095,0,0,4020,69236,2944,28288,4021,97524,California
Sonoma,2021-02-19,5590,131578,1686,66579,3904,64999,0,0,3459,70571,2126,30414,3461,100985,California
Sonoma,2021-02-20,3130,134708,2840,69419,290,65289,0,0,1215,69877,1909,32323,1215,102200,California
Sonoma,2021-02-21,535,135243,424,69843,111,65400,0,0,138,69624,391,32714,138,102338,California
Sonoma,2021-02-22,2962,138205,1407,71250,1555,66955,0,0,1229,69126,1727,34441,1229,103567,California
Sonoma,2021-02-23,3457,141662,2122,73372,1335,68290,0,0,1613,68900,1839,36280,1613,105180,California
Sonoma,2021-02-24,5740,147402,2589,75961,3151,71441,0,0,2943,69056,2789,39069,2945,108125,California
Sonoma,2021-02-25,6023,153425,2353,78314,3670,75111,0,0,3240,69536,2760,41829,3240,111365,California
Sonoma,2021-02-26,6654,160079,2942,81256,3712,78823,0,0,4225,71340,2421,44250,4225,115590,California
Sonoma,2021-02-27,4221,164300,1970,83226,2251,81074,0,0,2826,72773,1393,45643,2826,118416,California
Sonoma,2021-02-28,2511,166811,1857,85083,653,81727,1,1,760,71792,1742,47385,761,119177,California
Sonoma,2021-03-01,4130,170941,1312,86395,2817,84544,1,2,2168,72012,1950,49335,2170,121347,California
Sonoma,2021-03-02,4434,175375,1523,87918,2910,87454,1,3,2564,72715,1862,51197,2565,123912,California
Sonoma,2021-03-03,5079,180454,2647,90565,2432,89886,0,3,2336,72316,2735,53932,2336,126248,California
Sonoma,2021-03-04,5995,186449,2697,93262,3298,93184,0,3,2602,71539,3379,57311,2602,128850,California
Sonoma,2021-03-05,6505,192954,2875,96137,3615,96799,15,18,2735,70536,3754,61065,2751,131601,California
Sonoma,2021-03-06,2802,195756,1229,97366,1437,98236,136,154,1924,71724,871,61936,2059,133660,California
Sonoma,2021-03-07,1757,197513,1423,98789,298,98534,36,190,398,70802,1356,63292,434,134094,California
Sonoma,2021-03-08,4088,201601,660,99449,3253,101787,175,365,2405,71708,1672,64964,2578,136672,California
Sonoma,2021-03-09,5631,207232,3102,102551,2260,104047,269,634,2772,71886,2850,67814,3028,139700,California
Sonoma,2021-03-10,6047,213279,3207,105758,2490,106537,350,984,2439,71079,3594,71408,2787,142487,California
Sonoma,2021-03-11,7568,220847,3033,108791,3712,110249,823,1807,2569,69484,4985,76393,3390,145877,California
Sonoma,2021-03-12,7431,228278,2261,111052,3797,114046,1373,3180,2098,67639,5311,81704,3466,149343,California
Sonoma,2021-03-13,3438,231716,1695,112747,1499,115545,244,3424,2010,68462,1427,83131,2250,151593,California
Sonoma,2021-03-14,1384,233100,380,113127,862,116407,142,3566,846,68914,535,83666,987,152580,California
Sonoma,2021-03-15,5257,238357,1520,114647,3350,119757,387,3953,2170,68396,3073,86739,2555,155135,California
Sonoma,2021-03-16,6314,244671,2258,116905,3824,123581,232,4185,2903,68126,3403,90142,3133,158268,California
Sonoma,2021-03-17,6819,251490,3574,120479,3062,126643,183,4368,3290,68082,3515,93657,3471,161739,California
Sonoma,2021-03-18,7158,258648,2948,123427,3594,130237,616,4984,3123,67792,4025,97682,3735,165474,California
Sonoma,2021-03-19,7534,266182,3271,126698,4034,134271,229,5213,3058,66628,4455,102137,3291,168765,California
Sonoma,2021-03-20,3721,269903,1754,128452,1138,135409,829,6042,2017,67772,1697,103834,2841,171606,California
Sonoma,2021-03-21,1386,271289,598,129050,753,136162,35,6077,1202,68830,179,104013,1237,172843,California
Sonoma,2021-03-22,4583,275872,3123,132173,1360,137522,100,6177,3341,71035,1236,105249,3441,176284,California
Sonoma,2021-03-23,5881,281753,3645,135818,2165,139687,71,6248,4441,74117,1430,106679,4512,180796,California
Sonoma,2021-03-24,6856,288609,4307,140125,2475,142162,74,6322,4187,75728,2648,109327,4259,185055,California
Sonoma,2021-03-25,7151,295760,4213,144338,2826,144988,112,6434,4294,77306,2829,112156,4407,189462,California
Sonoma,2021-03-26,7468,303228,3474,147812,3900,148888,94,6528,3822,77599,3622,115778,3915,193377,California
Sonoma,2021-03-27,3901,307129,1508,149320,2024,150912,369,6897,1044,76163,2847,118625,1411,194788,California
Sonoma,2021-03-28,1515,308644,947,150267,540,151452,28,6925,798,76275,713,119338,825,195613,California
Sonoma,2021-03-29,2978,311622,1107,151374,1838,153290,33,6958,1535,76408,1435,120773,1568,197181,California
Sonoma,2021-03-30,5890,317512,3235,154609,2593,155883,62,7020,3055,76699,2826,123599,3117,200298,California
Sonoma,2021-03-31,5625,323137,3405,158014,2003,157886,217,7237,3245,77795,2366,125965,3462,203760,California
Sonoma,2021-04-01,6962,330099,4076,162090,2539,160425,347,7584,3774,78745,3161,129126,4111,207871,California
Sonoma,2021-04-02,5963,336062,3570,165660,2284,162709,109,7693,3587,80075,2365,131491,3695,211566,California
Sonoma,2021-04-03,3653,339715,1823,167483,1605,164314,225,7918,1606,79870,2034,133525,1829,213395,California
Sonoma,2021-04-04,1068,340783,693,168176,284,164598,91,8009,653,80204,410,133935,744,214139,California
Sonoma,2021-04-05,4448,345231,647,168823,3455,168053,346,8355,1671,79450,2770,136705,2016,216155,California
Sonoma,2021-04-06,6940,352171,3514,172337,3019,171072,407,8762,4038,81005,2888,139593,4443,220598,California
Sonoma,2021-04-07,6876,359047,3885,176222,2151,173223,840,9602,3348,81670,3515,143108,4180,224778,California
Sonoma,2021-04-08,7672,366719,4146,180368,2750,175973,776,10378,4209,83198,3452,146560,4980,229758,California
Sonoma,2021-04-09,6866,373585,3833,184201,2142,178115,891,11269,3540,84310,3312,149872,4424,234182,California
Sonoma,2021-04-10,3925,377510,1704,185905,1661,179776,560,11829,1152,83254,2761,152633,1705,235887,California
Sonoma,2021-04-11,1284,378794,605,186510,598,180374,81,11910,439,82930,844,153477,520,236407,California
Sonoma,2021-04-12,4976,383770,2070,188580,2420,182794,486,12396,1853,82151,3111,156588,2332,238739,California
Sonoma,2021-04-13,7942,391712,4672,193252,3266,186060,4,12400,3045,80323,4886,161474,3058,241797,California
Sonoma,2021-04-14,6648,398360,3789,197041,2838,188898,21,12421,2560,78831,4075,165549,2583,244380,California
Sonoma,2021-04-15,7482,405842,4272,201313,3210,192108,0,12421,3661,78704,3805,169354,3678,248058,California
Sonoma,2021-04-16,6852,412694,3441,204754,3409,195517,2,12423,3886,79646,2956,172310,3898,251956,California
Sonoma,2021-04-17,3251,415945,1592,206346,1659,197176,0,12423,1560,79532,1676,173986,1562,253518,California
Sonoma,2021-04-18,1288,417233,896,207242,392,197568,0,12423,454,79153,833,174819,454,253972,California
Sonoma,2021-04-19,3323,420556,1887,209129,1435,199003,1,12424,1450,78736,1869,176688,1452,255424,California
Sonoma,2021-04-20,6285,426841,3471,212600,2813,201816,1,12425,2335,77136,3937,180625,2337,257761,California
Sonoma,2021-04-21,6632,433473,4238,216838,2392,204208,2,12427,3050,76627,3560,184185,3051,260812,California
Sonoma,2021-04-22,6262,439735,4487,221325,1775,205983,0,12427,2525,75432,3720,187905,2525,263337,California
Sonoma,2021-04-23,7440,447175,4633,225958,2801,208784,6,12433,3638,75289,3788,191693,3645,266982,California
Sonoma,2021-04-24,2774,449949,1504,227462,1255,210039,15,12448,1543,75621,1226,192919,1558,268540,California
Sonoma,2021-04-25,1086,451035,790,228252,296,210335,0,12448,429,75396,654,193573,429,268969,California
Sonoma,2021-04-26,2933,453968,1407,229659,1498,211833,28,12476,1616,75731,1309,194882,1644,270613,California
Sonoma,2021-04-27,5489,459457,3728,233387,1638,213471,123,12599,2251,74878,3227,198109,2374,272987,California
Sonoma,2021-04-28,4902,464359,3230,236617,1475,214946,197,12796,2093,74370,2793,200902,2285,275272,California
Sonoma,2021-04-29,5096,469455,3586,240203,1365,216311,145,12941,1921,73273,3163,204065,2066,277338,California
Sonoma,2021-04-30,5466,474921,3631,243834,1540,217851,295,13236,1812,71741,3638,207703,2106,279444,California
Sonoma,2021-05-01,2484,477405,1785,245619,594,218445,105,13341,1236,71838,1240,208943,1337,280781,California
Sonoma,2021-05-02,871,478276,650,246269,170,218615,51,13392,555,72129,316,209259,607,281388,California
Sonoma,2021-05-03,3189,481465,1686,247955,1358,219973,145,13537,1051,71196,2127,211386,1194,282582,California
Sonoma,2021-05-04,4591,486056,2404,250359,2009,221982,178,13715,1457,69716,3110,214496,1630,284212,California
Sonoma,2021-05-05,3676,489732,2176,252535,1305,223287,195,13910,1310,68865,2354,216850,1503,285715,California
Sonoma,2021-05-06,4563,494295,2407,254942,2030,225317,126,14036,1299,67086,3201,220051,1422,287137,California
Sonoma,2021-05-07,3611,497906,2321,257263,1165,226482,125,14161,1089,65788,2511,222562,1213,288350,California
Sonoma,2021-05-08,1859,499765,1259,258522,508,226990,92,14253,738,65509,1109,223671,830,289180,California
Sonoma,2021-05-09,503,500268,287,258809,175,227165,41,14294,169,65389,330,224001,210,289390,California
Sonoma,2021-05-10,2320,502588,1045,259854,1141,228306,134,14428,289,63792,2017,226018,420,289810,California
Sonoma,2021-05-11,3553,506141,1907,261761,1522,229828,124,14552,928,62236,2608,228626,1052,290862,California
Sonoma,2021-05-12,4007,510148,2479,264240,1376,231204,152,14704,852,60096,3143,231769,1003,291865,California
Sonoma,2021-05-13,4934,515082,2840,267080,1964,233168,130,14834,1662,58626,3260,235029,1790,293655,California
Sonoma,2021-05-14,5795,520877,3597,270677,2061,235229,137,14971,2207,57398,3573,238602,2345,296000,California
Sonoma,2021-05-15,2919,523796,2146,272823,712,235941,61,15032,1845,58237,1066,239668,1905,297905,California
Sonoma,2021-05-16,1310,525106,1093,273916,158,236099,59,15091,976,58942,330,239998,1035,298940,California
Sonoma,2021-05-17,2441,527547,1814,275730,531,236630,96,15187,896,58392,1539,241537,989,299929,California
Sonoma,2021-05-18,4330,531877,2855,278585,1366,237996,109,15296,1472,57132,2840,244377,1580,301509,California
Sonoma,2021-05-19,3745,535622,2409,280994,1221,239217,115,15411,1492,56499,2240,246617,1607,303116,California
Sonoma,2021-05-20,3377,538999,2243,283237,1040,240257,94,15505,1344,55912,2020,248637,1433,304549,California
Sonoma,2021-05-21,4212,543211,2398,285635,1685,241942,129,15634,1509,54853,2682,251319,1623,306172,California
Sonoma,2021-05-22,2334,545545,1278,286913,1016,242958,40,15674,666,53903,1656,252975,706,306878,California
Sonoma,2021-05-23,1475,547020,1207,288120,252,243210,16,15690,767,53984,702,253677,783,307661,California
Sonoma,2021-05-24,1966,548986,1249,289369,586,243796,131,15821,646,53470,1291,254968,777,308438,California
Sonoma,2021-05-25,2924,551910,1801,291170,1035,244831,88,15909,742,52130,2169,257137,829,309267,California
Sonoma,2021-05-26,2480,554390,1733,292903,637,245468,110,16019,1000,51769,1468,258605,1107,310374,California
Sonoma,2021-05-27,2084,556474,1139,294042,849,246317,96,16115,702,51191,1374,259979,796,311170,California
Sonoma,2021-05-28,2145,558619,1127,295169,925,247242,93,16208,620,50391,1513,261492,713,311883,California
Sonoma,2021-05-29,1335,559954,914,296083,353,247595,68,16276,645,50424,680,262172,713,312596,California
Sonoma,2021-05-30,344,560298,211,296294,122,247717,11,16287,137,50369,203,262375,148,312744,California
Sonoma,2021-05-31,70,560368,26,296320,43,247760,1,16288,17,50334,53,262428,18,312762,California
Sonoma,2021-06-01,1936,562304,1114,297434,745,248505,77,16365,707,49898,1216,263644,780,313542,California
Sonoma,2021-06-02,1575,563879,967,298401,494,248999,114,16479,665,49771,905,264549,778,314320,California
Sonoma,2021-06-03,1996,565875,1389,299790,528,249527,79,16558,443,48748,1544,266093,521,314841,California
Sonoma,2021-06-04,2692,568567,2201,301991,384,249911,107,16665,521,47213,2162,268255,627,315468,California
Sonoma,2021-06-05,1808,570375,1489,303480,288,250199,31,16696,297,46034,1507,269762,328,315796,California
Sonoma,2021-06-06,1011,571386,934,304414,68,250267,9,16705,157,45349,851,270613,166,315962,California
Sonoma,2021-06-07,1472,572858,1243,305657,175,250442,54,16759,333,44602,1131,271744,384,316346,California
Sonoma,2021-06-08,1888,574746,1520,307177,324,250766,44,16803,530,43829,1346,273090,573,316919,California
Sonoma,2021-06-09,1629,576375,1351,308528,219,250985,59,16862,388,43048,1228,274318,447,317366,California
Sonoma,2021-06-10,1831,578206,1500,310028,227,251212,104,16966,563,42459,1255,275573,666,318032,California
Sonoma,2021-06-11,1974,580180,1623,311651,260,251472,91,17057,539,41660,1429,277002,630,318662,California
Sonoma,2021-06-12,1117,581297,879,312530,189,251661,49,17106,350,41297,762,277764,399,319061,California
Sonoma,2021-06-13,549,581846,462,312992,69,251730,18,17124,105,40976,444,278208,123,319184,California
Sonoma,2021-06-14,867,582713,631,313623,179,251909,57,17181,312,40797,548,278756,369,319553,California
Sonoma,2021-06-15,1188,583901,954,314577,155,252064,79,17260,378,40448,804,279560,455,320008,California
Stanislaus,2020-12-15,4,4,4,4,0,0,0,0,4,4,0,0,4,4,California
Stanislaus,2020-12-16,36,40,36,40,0,0,0,0,36,40,0,0,36,40,California
Stanislaus,2020-12-17,74,114,74,114,0,0,0,0,74,114,0,0,74,114,California
Stanislaus,2020-12-18,342,456,336,450,6,6,0,0,342,456,0,0,342,456,California
Stanislaus,2020-12-19,132,588,132,582,0,6,0,0,132,588,0,0,132,588,California
Stanislaus,2020-12-20,86,674,86,668,0,6,0,0,86,674,0,0,86,674,California
Stanislaus,2020-12-21,996,1670,995,1663,1,7,0,0,995,1669,1,1,996,1670,California
Stanislaus,2020-12-22,793,2463,781,2444,12,19,0,0,793,2462,0,1,793,2463,California
Stanislaus,2020-12-23,447,2910,429,2873,18,37,0,0,446,2908,1,2,447,2910,California
Stanislaus,2020-12-24,96,3006,88,2961,8,45,0,0,96,3004,0,2,96,3006,California
Stanislaus,2020-12-26,53,3059,9,2970,44,89,0,0,53,3057,0,2,53,3059,California
Stanislaus,2020-12-27,11,3070,6,2976,5,94,0,0,11,3068,0,2,11,3070,California
Stanislaus,2020-12-28,487,3557,394,3370,93,187,0,0,487,3555,0,2,487,3557,California
Stanislaus,2020-12-29,495,4052,415,3785,80,267,0,0,495,4050,0,2,495,4052,California
Stanislaus,2020-12-30,535,4587,281,4066,254,521,0,0,534,4583,1,3,534,4586,California
Stanislaus,2020-12-31,278,4865,157,4223,121,642,0,0,278,4861,0,3,278,4864,California
Stanislaus,2021-01-01,15,4880,6,4229,9,651,0,0,15,4876,0,3,15,4879,California
Stanislaus,2021-01-02,33,4913,26,4255,7,658,0,0,33,4909,0,3,33,4912,California
Stanislaus,2021-01-03,90,5003,87,4342,3,661,0,0,90,4999,0,3,90,5002,California
Stanislaus,2021-01-04,231,5234,153,4495,78,739,0,0,231,5230,0,3,231,5233,California
Stanislaus,2021-01-05,840,6074,347,4842,493,1232,0,0,815,6029,24,27,823,6056,California
Stanislaus,2021-01-06,1000,7074,599,5441,401,1633,0,0,926,6888,71,98,930,6986,California
Stanislaus,2021-01-07,1079,8153,705,6146,374,2007,0,0,885,7588,188,286,888,7874,California
Stanislaus,2021-01-08,1273,9426,718,6864,555,2562,0,0,928,8180,342,628,934,8808,California
Stanislaus,2021-01-09,290,9716,142,7006,148,2710,0,0,201,8292,89,717,201,9009,California
Stanislaus,2021-01-10,48,9764,21,7027,27,2737,0,0,29,8302,19,736,29,9038,California
Stanislaus,2021-01-11,1495,11259,1213,8240,282,3019,0,0,572,7975,917,1653,590,9628,California
Stanislaus,2021-01-12,1474,12733,867,9107,607,3626,0,0,829,8175,641,2294,841,10469,California
Stanislaus,2021-01-13,1448,14181,689,9796,759,4385,0,0,1123,8986,324,2618,1135,11604,California
Stanislaus,2021-01-14,2248,16429,286,10082,1962,6347,0,0,2072,10959,173,2791,2146,13750,California
Stanislaus,2021-01-15,2825,19254,1157,11239,1668,8015,0,0,2665,13554,156,2947,2751,16501,California
Stanislaus,2021-01-16,473,19727,50,11289,423,8438,0,0,454,13992,18,2965,456,16957,California
Stanislaus,2021-01-17,244,19971,202,11491,42,8480,0,0,237,14223,6,2971,237,17194,California
Stanislaus,2021-01-18,2188,22159,1021,12512,1167,9647,0,0,1793,15704,390,3361,1871,19065,California
Stanislaus,2021-01-19,1253,23412,723,13235,530,10177,0,0,803,16062,446,3807,804,19869,California
Stanislaus,2021-01-20,1013,24425,490,13725,523,10700,0,0,718,16486,294,4101,718,20587,California
Stanislaus,2021-01-21,3691,28116,2978,16703,713,11413,0,0,3353,19621,334,4435,3469,24056,California
Stanislaus,2021-01-22,1100,29216,309,17012,791,12204,0,0,1056,20640,40,4475,1059,25115,California
Stanislaus,2021-01-23,357,29573,42,17054,315,12519,0,0,298,20881,58,4533,299,25414,California
Stanislaus,2021-01-24,302,29875,100,17154,202,12721,0,0,236,21053,66,4599,238,25652,California
Stanislaus,2021-01-25,3161,33036,228,17382,2933,15654,0,0,2825,23734,300,4899,2981,28633,California
Stanislaus,2021-01-26,1731,34767,748,18130,983,16637,0,0,1299,24625,425,5324,1316,29949,California
Stanislaus,2021-01-27,1895,36662,1052,19182,843,17480,0,0,1188,25154,660,5984,1189,31138,California
Stanislaus,2021-01-28,2211,38873,1513,20695,698,18178,0,0,1718,26452,484,6468,1782,32920,California
Stanislaus,2021-01-29,2451,41324,1199,21894,1252,19430,0,0,1914,27928,491,6959,1967,34887,California
Stanislaus,2021-01-30,295,41619,135,22029,160,19590,0,0,231,28106,53,7012,231,35118,California
Stanislaus,2021-01-31,368,41987,314,22343,54,19644,0,0,353,28447,12,7024,353,35471,California
Stanislaus,2021-02-01,1297,43284,584,22927,713,20357,0,0,941,29044,345,7369,942,36413,California
Stanislaus,2021-02-02,1212,44496,348,23275,864,21221,0,0,774,29395,426,7795,777,37190,California
Stanislaus,2021-02-03,2615,47111,1236,24511,1379,22600,0,0,1916,30632,694,8489,1931,39121,California
Stanislaus,2021-02-04,2091,49202,710,25221,1381,23981,0,0,1582,31726,494,8983,1588,40709,California
Stanislaus,2021-02-05,2851,52053,1468,26689,1383,25364,0,0,1592,32136,1195,10178,1605,42314,California
Stanislaus,2021-02-06,886,52939,299,26988,587,25951,0,0,693,32640,191,10369,695,43009,California
Stanislaus,2021-02-07,231,53170,206,27194,25,25976,0,0,42,32497,186,10555,43,43052,California
Stanislaus,2021-02-08,2042,55212,1340,28534,702,26678,0,0,1103,32730,896,11451,1129,44181,California
Stanislaus,2021-02-09,1842,57054,783,29317,1059,27737,0,0,1046,33015,771,12222,1056,45237,California
Stanislaus,2021-02-10,1939,58993,535,29852,1404,29141,0,0,1013,33128,902,13124,1015,46252,California
Stanislaus,2021-02-11,5406,64399,3274,33126,2132,31273,0,0,1231,30419,3947,17071,1238,47490,California
Stanislaus,2021-02-12,3307,67706,917,34043,2390,33663,0,0,1455,30116,1768,18839,1465,48955,California
Stanislaus,2021-02-13,1353,69059,650,34693,703,34366,0,0,983,30740,363,19202,987,49942,California
Stanislaus,2021-02-14,416,69475,164,34857,252,34618,0,0,349,31024,65,19267,349,50291,California
Stanislaus,2021-02-15,1816,71291,229,35086,1587,36205,0,0,578,30484,1122,20389,582,50873,California
Stanislaus,2021-02-16,1363,72654,423,35509,940,37145,0,0,579,30293,772,21161,581,51454,California
Stanislaus,2021-02-17,2759,75413,1690,37199,1069,38214,0,0,1921,31393,833,21994,1933,53387,California
Stanislaus,2021-02-18,3368,78781,1906,39105,1462,39676,0,0,1778,31711,1499,23493,1817,55204,California
Stanislaus,2021-02-19,2773,81554,1076,40181,1697,41373,0,0,1515,32040,1210,24703,1539,56743,California
Stanislaus,2021-02-20,752,82306,383,40564,369,41742,0,0,475,32259,257,24960,476,57219,California
Stanislaus,2021-02-21,905,83211,691,41255,214,41956,0,0,543,32476,337,25297,554,57773,California
Stanislaus,2021-02-22,2349,85560,1695,42950,654,42610,0,0,1631,33411,697,25994,1632,59405,California
Stanislaus,2021-02-23,3749,89309,681,43631,3068,45678,0,0,1743,33325,1840,27834,1754,61159,California
Stanislaus,2021-02-24,4187,93496,2854,46485,1333,47011,0,0,3120,35404,1044,28878,3123,64282,California
Stanislaus,2021-02-25,3955,97451,2717,49202,1238,48249,0,0,3149,37770,786,29664,3152,67434,California
Stanislaus,2021-02-26,4216,101667,1214,50416,3002,51251,0,0,2836,39295,1324,30988,2849,70283,California
Stanislaus,2021-02-27,2091,103758,712,51128,1378,52629,1,1,1857,40949,205,31193,1859,72142,California
Stanislaus,2021-02-28,825,104583,261,51389,564,53193,0,1,775,41686,39,31232,776,72918,California
Stanislaus,2021-03-01,2791,107374,1645,53034,1144,54337,2,3,1637,42226,1111,32343,1651,74569,California
Stanislaus,2021-03-02,2395,109769,1425,54459,969,55306,1,4,1658,43165,722,33065,1661,76230,California
Stanislaus,2021-03-03,3717,113486,2234,56693,1479,56785,4,8,2905,45279,794,33859,2908,79138,California
Stanislaus,2021-03-04,5446,118932,3110,59803,2320,59105,16,24,4191,48261,1221,35080,4203,83341,California
Stanislaus,2021-03-05,4085,123017,1120,60923,2949,62054,16,40,3087,50393,970,36050,3102,86443,California
Stanislaus,2021-03-06,3573,126590,2226,63149,1254,63308,93,133,2719,52357,850,36900,2814,89257,California
Stanislaus,2021-03-07,853,127443,387,63536,430,63738,36,169,667,52879,181,37081,703,89960,California
Stanislaus,2021-03-08,1992,129435,863,64399,1040,64778,89,258,1332,53658,641,37722,1420,91380,California
Stanislaus,2021-03-09,2180,131615,904,65303,1184,65962,92,350,1632,54851,536,38258,1729,93109,California
Stanislaus,2021-03-10,5070,136685,2505,67808,2340,68302,225,575,3736,57512,1313,39571,3974,97083,California
Stanislaus,2021-03-11,5715,142400,3140,70948,2099,70401,476,1051,4115,60680,1428,40999,4596,101679,California
Stanislaus,2021-03-12,5778,148178,1232,72180,2621,73022,1925,2976,2915,62682,2836,43835,4838,106517,California
Stanislaus,2021-03-13,3397,151575,2180,74360,1147,74169,70,3046,2698,64765,692,44527,2775,109292,California
Stanislaus,2021-03-14,989,152564,595,74955,342,74511,52,3098,485,64803,501,45028,539,109831,California
Stanislaus,2021-03-15,3688,156252,1974,76929,1353,75864,361,3459,1602,64784,1989,47017,1970,111801,California
Stanislaus,2021-03-16,4947,161199,2460,79389,2073,77937,414,3873,3552,67376,1372,48389,3964,115765,California
Stanislaus,2021-03-17,4721,165920,2849,82238,1694,79631,178,4051,2877,68625,1811,50200,3060,118825,California
Stanislaus,2021-03-18,5427,171347,3423,85661,1938,81569,66,4117,2933,69289,2340,52540,3004,121829,California
Stanislaus,2021-03-19,5922,177269,1541,87202,2861,84430,1520,5637,3106,71136,2775,55315,4622,126451,California
Stanislaus,2021-03-20,3862,181131,3031,90233,763,85193,68,5705,3369,74105,469,55784,3438,129889,California
Stanislaus,2021-03-21,1010,182141,905,91138,40,85233,65,5770,768,74700,238,56022,833,130722,California
Stanislaus,2021-03-22,2819,184960,1326,92464,769,86002,724,6494,1236,75109,1554,57576,1963,132685,California
Stanislaus,2021-03-23,3939,188899,2018,94482,1663,87665,258,6752,2799,77062,1123,58699,3076,135761,California
Stanislaus,2021-03-24,4568,193467,3222,97704,1273,88938,73,6825,2643,77903,1878,60577,2719,138480,California
Stanislaus,2021-03-25,4250,197717,2925,100629,1309,90247,16,6841,1814,77377,2357,62934,1831,140311,California
Stanislaus,2021-03-26,4761,202478,1336,101965,3351,93598,74,6915,2386,77509,2341,65275,2473,142784,California
Stanislaus,2021-03-27,4396,206874,2740,104705,1574,95172,82,6997,1377,75975,3001,68276,1467,144251,California
Stanislaus,2021-03-28,1106,207980,438,105143,560,95732,108,7105,318,75632,775,69051,432,144683,California
Stanislaus,2021-03-29,2977,210957,1827,106970,1111,96843,39,7144,1980,76670,987,70038,2025,146708,California
Stanislaus,2021-03-30,3678,214635,2066,109036,1586,98429,26,7170,2231,77495,1438,71476,2263,148971,California
Stanislaus,2021-03-31,5435,220070,3852,112888,1463,99892,120,7290,2779,77763,2635,74111,2903,151874,California
Stanislaus,2021-04-01,5736,225806,3840,116728,1807,101699,89,7379,2628,77407,3084,77195,2728,154602,California
Stanislaus,2021-04-02,5022,230828,1211,117939,3656,105355,155,7534,2242,77128,2687,79882,2408,157010,California
Stanislaus,2021-04-03,4543,235371,3302,121241,1205,106560,36,7570,2243,77129,2291,82173,2292,159302,California
Stanislaus,2021-04-04,1327,236698,474,121715,823,107383,30,7600,649,77144,669,82842,684,159986,California
Stanislaus,2021-04-05,3639,240337,2533,124248,857,108240,249,7849,2360,78489,1269,84111,2614,162600,California
Stanislaus,2021-04-06,5751,246088,4173,128421,1303,109543,275,8124,3077,79189,2659,86770,3359,165959,California
Stanislaus,2021-04-07,6354,252442,3602,132023,2327,111870,425,8549,2833,78952,3503,90273,3266,169225,California
Stanislaus,2021-04-08,5688,258130,3330,135353,1925,113795,433,8982,2776,79275,2888,93161,3211,172436,California
Stanislaus,2021-04-09,4822,262952,2102,137455,2345,116140,375,9357,2181,79228,2616,95777,2569,175005,California
Stanislaus,2021-04-10,6501,269453,3988,141443,874,117014,1639,10996,1998,78382,4477,100254,3631,178636,California
Stanislaus,2021-04-11,1516,270969,845,142288,538,117552,133,11129,663,78329,850,101104,797,179433,California
Stanislaus,2021-04-12,3590,274559,2044,144332,1102,118654,444,11573,1873,78958,1696,102800,2325,181758,California
Stanislaus,2021-04-13,5197,279756,3421,147753,1763,120417,13,11586,2918,79647,2237,105037,2926,184684,California
Stanislaus,2021-04-14,4683,284439,3278,151031,1403,121820,2,11588,2287,79581,2360,107397,2294,186978,California
Stanislaus,2021-04-15,5390,289829,3318,154349,2069,123889,3,11591,3233,80704,2115,109512,3238,190216,California
Stanislaus,2021-04-16,4321,294150,990,155339,3330,127219,1,11592,1823,80078,2455,111967,1829,192045,California
Stanislaus,2021-04-17,3165,297315,2130,157469,1035,128254,0,11592,1840,80609,1312,113279,1843,193888,California
Stanislaus,2021-04-18,537,297852,220,157689,315,128569,2,11594,410,80902,120,113399,413,194301,California
Stanislaus,2021-04-19,3457,301309,2449,160138,1007,129576,1,11595,1636,80757,1789,115188,1644,195945,California
Stanislaus,2021-04-20,3969,305278,2408,162546,1561,131137,0,11595,1730,80280,2209,117397,1732,197677,California
Stanislaus,2021-04-21,3829,309107,2558,165104,1270,132407,1,11596,1595,79689,2193,119590,1602,199279,California
Stanislaus,2021-04-22,3958,313065,2414,167518,1544,133951,0,11596,1579,78940,2333,121923,1584,200863,California
Stanislaus,2021-04-23,3597,316662,843,168361,2753,136704,1,11597,1468,78380,2036,123959,1476,202339,California
Stanislaus,2021-04-24,3796,320458,2941,171302,855,137559,0,11597,1796,78199,1982,125941,1801,204140,California
Stanislaus,2021-04-25,938,321396,481,171783,457,138016,0,11597,689,78649,243,126184,693,204833,California
Stanislaus,2021-04-26,3363,324759,2362,174145,995,139011,6,11603,1051,77421,2290,128474,1062,205895,California
Stanislaus,2021-04-27,4038,328797,2802,176947,1188,140199,48,11651,1173,75807,2839,131313,1225,207120,California
Stanislaus,2021-04-28,4261,333058,3025,179972,1174,141373,62,11713,1839,75315,2402,133715,1910,209030,California
Stanislaus,2021-04-29,3638,336696,2260,182232,1330,142703,48,11761,1448,74645,2176,135891,1506,210536,California
Stanislaus,2021-04-30,4499,341195,2041,184273,2374,145077,84,11845,1777,73806,2708,138599,1869,212405,California
Stanislaus,2021-05-01,2708,343903,1927,186200,740,145817,41,11886,1016,73187,1684,140283,1065,213470,California
Stanislaus,2021-05-02,1078,344981,615,186815,425,146242,38,11924,523,73205,549,140832,567,214037,California
Stanislaus,2021-05-03,2411,347392,1925,188740,414,146656,72,11996,909,72700,1489,142321,984,215021,California
Stanislaus,2021-05-04,3469,350861,2470,191210,909,147565,90,12086,1063,71469,2393,144714,1162,216183,California
Stanislaus,2021-05-05,3196,354057,2136,193346,985,148550,75,12161,1086,70543,2090,146804,1164,217347,California
Stanislaus,2021-05-06,3518,357575,2695,196041,699,149249,124,12285,1055,69287,2442,149246,1186,218533,California
Stanislaus,2021-05-07,2315,359890,884,196925,1268,150517,163,12448,940,69028,1364,150610,1105,219638,California
Stanislaus,2021-05-08,1958,361848,1341,198266,584,151101,33,12481,713,68552,1229,151839,753,220391,California
Stanislaus,2021-05-09,713,362561,343,198609,344,151445,26,12507,308,68484,403,152242,335,220726,California
Stanislaus,2021-05-10,1685,364246,1140,199749,449,151894,96,12603,454,67817,1219,153461,552,221278,California
Stanislaus,2021-05-11,2376,366622,1504,201253,713,152607,159,12762,678,66973,1686,155147,842,222120,California
Stanislaus,2021-05-12,2277,368899,1334,202587,834,153441,109,12871,905,66632,1358,156505,1017,223137,California
Stanislaus,2021-05-13,2006,370905,1155,203742,734,154175,117,12988,915,66585,1082,157587,1035,224172,California
Stanislaus,2021-05-14,2615,373520,1164,204906,1315,155490,136,13124,1205,66534,1393,158980,1342,225514,California
Stanislaus,2021-05-15,2479,375999,1767,206673,662,156152,50,13174,1203,66529,1266,160246,1261,226775,California
Stanislaus,2021-05-16,1024,377023,668,207341,348,156500,8,13182,557,66635,463,160709,569,227344,California
Stanislaus,2021-05-17,1928,378951,1292,208633,555,157055,81,13263,922,66643,1000,161709,1008,228352,California
Stanislaus,2021-05-18,2203,381154,1505,210138,584,157639,114,13377,1144,66852,1048,162757,1257,229609,California
Stanislaus,2021-05-19,3027,384181,2064,212202,809,158448,154,13531,1352,66698,1665,164422,1511,231120,California
Stanislaus,2021-05-20,2104,386285,1133,213335,868,159316,103,13634,860,66432,1234,165656,968,232088,California
Stanislaus,2021-05-21,2334,388619,1127,214462,1111,160427,96,13730,958,66128,1361,167017,1057,233145,California
Stanislaus,2021-05-22,1936,390555,1198,215660,669,161096,69,13799,864,65997,1065,168082,934,234079,California
Stanislaus,2021-05-23,1032,391587,665,216325,352,161448,15,13814,488,65961,539,168621,503,234582,California
Stanislaus,2021-05-24,1575,393162,1081,217406,419,161867,75,13889,605,65681,967,169588,687,235269,California
Stanislaus,2021-05-25,1697,394859,1165,218571,435,162302,97,13986,827,65742,866,170454,927,236196,California
Stanislaus,2021-05-26,1886,396745,1180,219751,655,162957,51,14037,900,65717,977,171431,952,237148,California
Stanislaus,2021-05-27,1714,398459,942,220693,697,163654,75,14112,642,65372,1062,172493,717,237865,California
Stanislaus,2021-05-28,1951,400410,886,221579,986,164640,79,14191,857,65221,1087,173580,936,238801,California
Stanislaus,2021-05-29,1310,401720,843,222422,426,165066,41,14232,611,65180,695,174275,654,239455,California
Stanislaus,2021-05-30,453,402173,273,222695,146,165212,34,14266,214,65192,236,174511,248,239703,California
Stanislaus,2021-05-31,259,402432,122,222817,130,165342,7,14273,97,65135,161,174672,104,239807,California
Stanislaus,2021-06-01,1542,403974,972,223789,518,165860,52,14325,617,64888,919,175591,672,240479,California
Stanislaus,2021-06-02,1713,405687,1092,224881,555,166415,66,14391,743,64738,960,176551,810,241289,California
Stanislaus,2021-06-03,1307,406994,771,225652,490,166905,46,14437,522,64537,772,177323,571,241860,California
Stanislaus,2021-06-04,1892,408886,1135,226787,687,167592,70,14507,718,64172,1163,178486,798,242658,California
Stanislaus,2021-06-05,1370,410256,1046,227833,298,167890,26,14533,472,63780,891,179377,499,243157,California
Stanislaus,2021-06-06,502,410758,412,228245,82,167972,8,14541,205,63698,297,179674,215,243372,California
Stanislaus,2021-06-07,1402,412160,1076,229321,281,168253,45,14586,545,63440,849,180523,591,243963,California
Stanislaus,2021-06-08,1799,413959,1356,230677,373,168626,70,14656,654,63033,1132,181655,725,244688,California
Stanislaus,2021-06-09,1728,415687,1221,231898,429,169055,78,14734,568,62524,1156,182811,647,245335,California
Stanislaus,2021-06-10,1331,417018,836,232734,437,169492,58,14792,544,62349,778,183589,603,245938,California
Stanislaus,2021-06-11,1402,418420,824,233558,529,170021,49,14841,521,62058,866,184455,575,246513,California
Stanislaus,2021-06-12,992,419412,718,234276,251,170272,23,14864,362,61825,623,185078,390,246903,California
Stanislaus,2021-06-13,513,419925,377,234653,130,170402,6,14870,166,61656,345,185423,176,247079,California
Stanislaus,2021-06-14,952,420877,657,235310,272,170674,23,14893,342,61418,603,186026,365,247444,California
Stanislaus,2021-06-15,729,421606,555,235865,145,170819,29,14922,192,61104,535,186561,221,247665,California
Sutter,2020-12-15,1,1,1,1,0,0,0,0,1,1,0,0,1,1,California
Sutter,2020-12-16,4,5,4,5,0,0,0,0,4,5,0,0,4,5,California
Sutter,2020-12-17,2,7,2,7,0,0,0,0,2,7,0,0,2,7,California
Sutter,2020-12-18,21,28,21,28,0,0,0,0,21,28,0,0,21,28,California
Sutter,2020-12-19,44,72,44,72,0,0,0,0,44,72,0,0,44,72,California
Sutter,2020-12-20,43,115,43,115,0,0,0,0,43,115,0,0,43,115,California
Sutter,2020-12-21,100,215,100,215,0,0,0,0,100,215,0,0,100,215,California
Sutter,2020-12-22,171,386,171,386,0,0,0,0,171,386,0,0,171,386,California
Sutter,2020-12-23,117,503,112,498,5,5,0,0,117,503,0,0,117,503,California
Sutter,2020-12-24,17,520,11,509,6,11,0,0,17,520,0,0,17,520,California
Sutter,2020-12-26,38,558,34,543,4,15,0,0,38,558,0,0,38,558,California
Sutter,2020-12-27,24,582,23,566,1,16,0,0,24,582,0,0,24,582,California
Sutter,2020-12-28,84,666,56,622,28,44,0,0,84,666,0,0,84,666,California
Sutter,2020-12-29,103,769,14,636,89,133,0,0,103,769,0,0,103,769,California
Sutter,2020-12-30,137,906,34,670,103,236,0,0,137,906,0,0,137,906,California
Sutter,2020-12-31,68,974,6,676,62,298,0,0,68,974,0,0,68,974,California
Sutter,2021-01-01,3,977,3,679,0,298,0,0,3,977,0,0,3,977,California
Sutter,2021-01-02,131,1108,129,808,2,300,0,0,131,1108,0,0,131,1108,California
Sutter,2021-01-03,1,1109,0,808,1,301,0,0,1,1109,0,0,1,1109,California
Sutter,2021-01-04,247,1356,138,946,109,410,0,0,247,1356,0,0,247,1356,California
Sutter,2021-01-05,100,1456,57,1003,43,453,0,0,97,1450,3,3,97,1453,California
Sutter,2021-01-06,204,1660,50,1053,154,607,0,0,199,1644,5,8,199,1652,California
Sutter,2021-01-07,253,1913,151,1204,102,709,0,0,244,1880,8,16,244,1896,California
Sutter,2021-01-08,151,2064,41,1245,110,819,0,0,133,1995,18,34,133,2029,California
Sutter,2021-01-09,44,2108,43,1288,1,820,0,0,3,1957,41,75,3,2032,California
Sutter,2021-01-10,396,2504,37,1325,359,1179,0,0,358,2278,37,112,358,2390,California
Sutter,2021-01-11,133,2637,116,1441,17,1196,0,0,25,2195,108,220,25,2415,California
Sutter,2021-01-12,200,2837,163,1604,37,1233,0,0,58,2111,142,362,58,2473,California
Sutter,2021-01-13,165,3002,101,1705,64,1297,0,0,73,2093,91,453,73,2546,California
Sutter,2021-01-14,146,3148,51,1756,95,1392,0,0,127,2201,19,472,127,2673,California
Sutter,2021-01-15,438,3586,132,1888,306,1698,0,0,423,2609,15,487,423,3096,California
Sutter,2021-01-16,385,3971,41,1929,344,2042,0,0,355,2934,30,517,355,3451,California
Sutter,2021-01-17,27,3998,24,1953,3,2045,0,0,11,2929,16,533,11,3462,California
Sutter,2021-01-18,120,4118,64,2017,56,2101,0,0,71,2951,49,582,71,3533,California
Sutter,2021-01-19,105,4223,42,2059,63,2164,0,0,81,3008,24,606,81,3614,California
Sutter,2021-01-20,271,4494,208,2267,63,2227,0,0,251,3239,20,626,251,3865,California
Sutter,2021-01-21,491,4985,319,2586,172,2399,0,0,472,3692,19,645,472,4337,California
Sutter,2021-01-22,244,5229,54,2640,190,2589,0,0,234,3917,9,654,234,4571,California
Sutter,2021-01-23,398,5627,39,2679,359,2948,0,0,372,4263,26,680,372,4943,California
Sutter,2021-01-24,16,5643,14,2693,2,2950,0,0,14,4275,2,682,14,4957,California
Sutter,2021-01-25,309,5952,196,2889,113,3063,0,0,153,4274,155,837,154,5111,California
Sutter,2021-01-26,249,6201,107,2996,142,3205,0,0,143,4312,105,942,143,5254,California
Sutter,2021-01-27,388,6589,256,3252,132,3337,0,0,322,4568,66,1008,322,5576,California
Sutter,2021-01-28,586,7175,361,3613,225,3562,0,0,411,4805,174,1182,411,5987,California
Sutter,2021-01-29,364,7539,85,3698,279,3841,0,0,245,4931,119,1301,245,6232,California
Sutter,2021-01-30,783,8322,38,3736,745,4586,0,0,772,5692,11,1312,772,7004,California
Sutter,2021-01-31,27,8349,26,3762,1,4587,0,0,27,5719,0,1312,27,7031,California
Sutter,2021-02-01,170,8519,51,3813,119,4706,0,0,137,5824,32,1344,137,7168,California
Sutter,2021-02-02,241,8760,24,3837,217,4923,0,0,208,5999,33,1377,208,7376,California
Sutter,2021-02-03,447,9207,39,3876,408,5331,0,0,212,5977,234,1611,212,7588,California
Sutter,2021-02-04,677,9884,365,4241,312,5643,0,0,624,6548,53,1664,624,8212,California
Sutter,2021-02-05,291,10175,32,4273,259,5902,0,0,140,6537,151,1815,140,8352,California
Sutter,2021-02-06,738,10913,30,4303,708,6610,0,0,718,7235,20,1835,718,9070,California
Sutter,2021-02-07,23,10936,19,4322,4,6614,0,0,19,7250,4,1839,19,9089,California
Sutter,2021-02-08,134,11070,29,4351,105,6719,0,0,99,7314,35,1874,99,9188,California
Sutter,2021-02-09,247,11317,45,4396,202,6921,0,0,185,7437,62,1936,185,9373,California
Sutter,2021-02-10,821,12138,383,4779,438,7359,0,0,179,6975,641,2577,179,9552,California
Sutter,2021-02-11,602,12740,270,5049,332,7691,0,0,343,7059,259,2836,343,9895,California
Sutter,2021-02-12,639,13379,67,5116,572,8263,0,0,312,7045,326,3162,312,10207,California
Sutter,2021-02-13,905,14284,48,5164,857,9120,0,0,789,7718,116,3278,789,10996,California
Sutter,2021-02-14,96,14380,26,5190,70,9190,0,0,84,7790,12,3290,84,11080,California
Sutter,2021-02-15,203,14583,73,5263,130,9320,0,0,123,7833,80,3370,123,11203,California
Sutter,2021-02-16,291,14874,45,5308,246,9566,0,0,207,7957,83,3453,207,11410,California
Sutter,2021-02-17,827,15701,430,5738,397,9963,0,0,132,7395,694,4147,132,11542,California
Sutter,2021-02-18,709,16410,58,5796,651,10614,0,0,494,7675,214,4361,494,12036,California
Sutter,2021-02-19,667,17077,379,6175,288,10902,0,0,463,7936,202,4563,463,12499,California
Sutter,2021-02-20,623,17700,56,6231,567,11469,0,0,519,8352,103,4666,519,13018,California
Sutter,2021-02-21,28,17728,26,6257,2,11471,0,0,8,8340,20,4686,8,13026,California
Sutter,2021-02-22,210,17938,123,6380,87,11558,0,0,89,8308,121,4807,89,13115,California
Sutter,2021-02-23,222,18160,32,6412,190,11748,0,0,97,8281,124,4931,97,13212,California
Sutter,2021-02-24,974,19134,348,6760,626,12374,0,0,198,7704,775,5706,198,13410,California
Sutter,2021-02-25,792,19926,502,7262,290,12664,0,0,608,8131,181,5887,608,14018,California
Sutter,2021-02-26,379,20305,62,7324,317,12981,0,0,156,8066,221,6108,156,14174,California
Sutter,2021-02-27,878,21183,48,7372,830,13811,0,0,714,8616,164,6272,714,14888,California
Sutter,2021-02-28,88,21271,44,7416,44,13855,0,0,68,8665,19,6291,68,14956,California
Sutter,2021-03-01,250,21521,61,7477,189,14044,0,0,153,8721,97,6388,153,15109,California
Sutter,2021-03-02,339,21860,60,7537,279,14323,0,0,163,8710,174,6562,163,15272,California
Sutter,2021-03-03,1404,23264,531,8068,873,15196,0,0,660,8632,738,7300,660,15932,California
Sutter,2021-03-04,1261,24525,863,8931,398,15594,0,0,949,9273,308,7608,949,16881,California
Sutter,2021-03-05,339,24864,79,9010,259,15853,1,1,209,9353,130,7738,210,17091,California
Sutter,2021-03-06,1028,25892,49,9059,974,16827,5,6,861,10052,167,7905,866,17957,California
Sutter,2021-03-07,65,25957,23,9082,41,16868,1,7,43,10074,22,7927,44,18001,California
Sutter,2021-03-08,229,26186,80,9162,137,17005,12,19,159,10175,70,7997,171,18172,California
Sutter,2021-03-09,391,26577,140,9302,238,17243,13,32,188,10173,203,8200,201,18373,California
Sutter,2021-03-10,1583,28160,684,9986,836,18079,63,95,526,9709,1053,9253,589,18962,California
Sutter,2021-03-11,894,29054,443,10429,434,18513,17,112,648,10131,243,9496,665,19627,California
Sutter,2021-03-12,684,29738,112,10541,388,18901,184,296,202,10035,479,9975,383,20010,California
Sutter,2021-03-13,1001,30739,756,11297,227,19128,18,314,787,10627,212,10187,804,20814,California
Sutter,2021-03-14,135,30874,22,11319,102,19230,11,325,45,10593,90,10277,56,20870,California
Sutter,2021-03-15,330,31204,68,11387,213,19443,49,374,157,10628,171,10448,206,21076,California
Sutter,2021-03-16,396,31600,86,11473,263,19706,47,421,214,10706,182,10630,260,21336,California
Sutter,2021-03-17,1500,33100,562,12035,917,20623,21,442,314,9863,1177,11807,334,21670,California
Sutter,2021-03-18,971,34071,176,12211,595,21218,200,642,566,10225,403,12210,765,22435,California
Sutter,2021-03-19,463,34534,164,12375,270,21488,29,671,284,10361,177,12387,313,22748,California
Sutter,2021-03-20,949,35483,116,12491,822,22310,11,682,857,11138,91,12478,868,23616,California
Sutter,2021-03-21,70,35553,49,12540,18,22328,3,685,32,11135,38,12516,35,23651,California
Sutter,2021-03-22,290,35843,120,12660,143,22471,27,712,212,11297,77,12593,239,23890,California
Sutter,2021-03-23,375,36218,115,12775,228,22699,32,744,253,11460,121,12714,284,24174,California
Sutter,2021-03-24,1687,37905,769,13544,848,23547,70,814,316,10490,1356,14070,386,24560,California
Sutter,2021-03-25,1046,38951,682,14226,320,23867,44,858,369,10229,674,14744,413,24973,California
Sutter,2021-03-26,497,39448,177,14403,303,24170,17,875,295,10342,199,14943,312,25285,California
Sutter,2021-03-27,927,40375,63,14466,862,25032,2,877,816,11053,107,15050,818,26103,California
Sutter,2021-03-28,124,40499,71,14537,53,25085,0,877,77,11085,45,15095,77,26180,California
Sutter,2021-03-29,426,40925,143,14680,227,25312,56,933,223,11163,201,15296,279,26459,California
Sutter,2021-03-30,479,41404,161,14841,308,25620,10,943,318,11330,161,15457,328,26787,California
Sutter,2021-03-31,1259,42663,180,15021,1064,26684,15,958,444,10986,802,16259,458,27245,California
Sutter,2021-04-01,1389,44052,741,15762,460,27144,188,1146,428,10648,953,17212,615,27860,California
Sutter,2021-04-02,520,44572,103,15865,299,27443,118,1264,206,10656,312,17524,320,28180,California
Sutter,2021-04-03,917,45489,79,15944,210,27653,628,1892,122,10614,792,18316,750,28930,California
Sutter,2021-04-04,117,45606,22,15966,89,27742,6,1898,54,10611,63,18379,60,28990,California
Sutter,2021-04-05,370,45976,145,16111,189,27931,36,1934,178,10636,189,18568,214,29204,California
Sutter,2021-04-06,514,46490,199,16310,259,28190,56,1990,276,10731,237,18805,332,29536,California
Sutter,2021-04-07,1487,47977,889,17199,522,28712,76,2066,611,10551,867,19672,687,30223,California
Sutter,2021-04-08,1052,49029,583,17782,355,29067,114,2180,581,10776,468,20140,693,30916,California
Sutter,2021-04-09,573,49602,249,18031,259,29326,65,2245,241,10754,328,20468,306,31222,California
Sutter,2021-04-10,832,50434,108,18139,93,29419,631,2876,111,10771,717,21185,734,31956,California
Sutter,2021-04-11,115,50549,28,18167,41,29460,46,2922,34,10769,81,21266,79,32035,California
Sutter,2021-04-12,347,50896,95,18262,199,29659,53,2975,141,10759,204,21470,194,32229,California
Sutter,2021-04-13,437,51333,129,18391,308,29967,0,2975,215,10754,220,21690,215,32444,California
Sutter,2021-04-14,1330,52663,161,18552,1168,31135,1,2976,225,9885,1098,22788,229,32673,California
Sutter,2021-04-15,539,53202,172,18724,367,31502,0,2976,215,9780,321,23109,216,32889,California
Sutter,2021-04-16,400,53602,125,18849,275,31777,0,2976,186,9754,213,23322,187,33076,California
Sutter,2021-04-17,576,54178,83,18932,493,32270,0,2976,505,10189,70,23392,505,33581,California
Sutter,2021-04-18,70,54248,12,18944,58,32328,0,2976,42,10205,26,23418,42,33623,California
Sutter,2021-04-19,289,54537,110,19054,179,32507,0,2976,119,10156,168,23586,119,33742,California
Sutter,2021-04-20,411,54948,134,19188,277,32784,0,2976,203,10151,208,23794,203,33945,California
Sutter,2021-04-21,1236,56184,420,19608,816,33600,0,2976,476,9877,750,24544,476,34421,California
Sutter,2021-04-22,499,56683,163,19771,336,33936,0,2976,253,9886,244,24788,253,34674,California
Sutter,2021-04-23,402,57085,119,19890,283,34219,0,2976,186,9858,214,25002,186,34860,California
Sutter,2021-04-24,329,57414,107,19997,221,34440,1,2977,187,9904,141,25143,187,35047,California
Sutter,2021-04-25,158,57572,76,20073,82,34522,0,2977,87,9922,69,25212,87,35134,California
Sutter,2021-04-26,305,57877,89,20162,214,34736,2,2979,133,9887,170,25382,135,35269,California
Sutter,2021-04-27,539,58416,265,20427,270,35006,4,2983,250,9856,285,25667,254,35523,California
Sutter,2021-04-28,814,59230,342,20769,464,35470,8,2991,254,9563,555,26222,262,35785,California
Sutter,2021-04-29,778,60008,140,20909,637,36107,1,2992,312,9413,463,26685,313,36098,California
Sutter,2021-04-30,362,60370,110,21019,239,36346,13,3005,146,9358,213,26898,158,36256,California
Sutter,2021-05-01,296,60666,106,21125,150,36496,40,3045,128,9361,165,27063,168,36424,California
Sutter,2021-05-02,82,60748,54,21179,26,36522,2,3047,46,9373,36,27099,48,36472,California
Sutter,2021-05-03,220,60968,111,21290,100,36622,9,3056,88,9338,132,27231,97,36569,California
Sutter,2021-05-04,541,61509,237,21527,240,36862,64,3120,225,9313,313,27544,288,36857,California
Sutter,2021-05-05,534,62043,143,21670,383,37245,8,3128,155,9103,373,27917,163,37020,California
Sutter,2021-05-06,426,62469,228,21898,179,37424,19,3147,191,9078,234,28151,209,37229,California
Sutter,2021-05-07,412,62881,145,22043,246,37670,21,3168,154,8997,256,28407,175,37404,California
Sutter,2021-05-08,196,63077,50,22093,141,37811,5,3173,106,9018,90,28497,111,37515,California
Sutter,2021-05-09,82,63159,53,22146,24,37835,5,3178,56,9053,26,28523,61,37576,California
Sutter,2021-05-10,190,63349,42,22188,130,37965,18,3196,48,8979,140,28663,66,37642,California
Sutter,2021-05-11,446,63795,219,22407,206,38171,21,3217,184,8925,257,28920,203,37845,California
Sutter,2021-05-12,442,64237,242,22649,189,38360,11,3228,162,8822,276,29196,173,38018,California
Sutter,2021-05-13,486,64723,262,22911,202,38562,22,3250,200,8760,284,29480,222,38240,California
Sutter,2021-05-14,438,65161,188,23099,234,38796,16,3266,215,8773,218,29698,231,38471,California
Sutter,2021-05-15,841,66002,308,23407,502,39298,31,3297,306,8576,534,30232,337,38808,California
Sutter,2021-05-16,139,66141,83,23490,48,39346,8,3305,75,8596,63,30295,83,38891,California
Sutter,2021-05-17,293,66434,116,23606,163,39509,14,3319,155,8628,137,30432,169,39060,California
Sutter,2021-05-18,545,66979,313,23919,227,39736,5,3324,300,8691,242,30674,305,39365,California
Sutter,2021-05-19,465,67444,267,24186,191,39927,7,3331,246,8728,216,30890,253,39618,California
Sutter,2021-05-20,457,67901,240,24426,205,40132,12,3343,224,8734,230,31120,236,39854,California
Sutter,2021-05-21,490,68391,221,24647,257,40389,12,3355,236,8730,251,31371,247,40101,California
Sutter,2021-05-22,365,68756,200,24847,162,40551,3,3358,184,8740,176,31547,186,40287,California
Sutter,2021-05-23,181,68937,85,24932,87,40638,9,3367,92,8758,83,31630,101,40388,California
Sutter,2021-05-24,240,69177,88,25020,129,40767,23,3390,100,8743,138,31768,123,40511,California
Sutter,2021-05-25,400,69577,195,25215,192,40959,13,3403,166,8692,229,31997,178,40689,California
Sutter,2021-05-26,318,69895,157,25372,152,41111,9,3412,118,8623,196,32193,127,40816,California
Sutter,2021-05-27,433,70328,115,25487,298,41409,20,3432,125,8464,304,32497,145,40961,California
Sutter,2021-05-28,338,70666,164,25651,157,41566,17,3449,179,8506,154,32651,196,41157,California
Sutter,2021-05-29,252,70918,118,25769,119,41685,15,3464,139,8551,109,32760,154,41311,California
Sutter,2021-05-30,85,71003,61,25830,21,41706,3,3467,50,8570,34,32794,53,41364,California
Sutter,2021-05-31,19,71022,2,25832,13,41719,4,3471,5,8565,14,32808,9,41373,California
Sutter,2021-06-01,308,71330,133,25965,167,41886,8,3479,127,8520,180,32988,135,41508,California
Sutter,2021-06-02,281,71611,120,26085,155,42041,6,3485,111,8472,165,33153,117,41625,California
Sutter,2021-06-03,340,71951,225,26310,106,42147,9,3494,118,8383,216,33369,127,41752,California
Sutter,2021-06-04,339,72290,197,26507,135,42282,7,3501,120,8295,215,33584,127,41879,California
Sutter,2021-06-05,436,72726,366,26873,66,42348,4,3505,155,8178,276,33860,159,42038,California
Sutter,2021-06-06,137,72863,118,26991,16,42364,3,3508,57,8160,78,33938,60,42098,California
Sutter,2021-06-07,163,73026,106,27097,48,42412,9,3517,56,8119,106,34044,65,42163,California
Sutter,2021-06-08,366,73392,206,27303,148,42560,12,3529,158,8083,206,34250,170,42333,California
Sutter,2021-06-09,364,73756,234,27537,125,42685,5,3534,127,7980,235,34485,132,42465,California
Sutter,2021-06-10,383,74139,277,27814,97,42782,9,3543,152,7914,227,34712,161,42626,California
Sutter,2021-06-11,331,74470,214,28028,112,42894,5,3548,107,7807,219,34931,112,42738,California
Sutter,2021-06-12,235,74705,163,28191,56,42950,16,3564,66,7720,169,35100,82,42820,California
Sutter,2021-06-13,82,74787,65,28256,17,42967,0,3564,24,7687,57,35157,24,42844,California
Sutter,2021-06-14,104,74891,28,28284,68,43035,8,3572,34,7660,69,35226,42,42886,California
Sutter,2021-06-15,135,75026,45,28329,80,43115,10,3582,42,7622,90,35316,52,42938,California
Tehama,2020-12-16,4,4,4,4,0,0,0,0,4,4,0,0,4,4,California
Tehama,2020-12-17,17,21,17,21,0,0,0,0,17,21,0,0,17,21,California
Tehama,2020-12-18,4,25,4,25,0,0,0,0,5,26,0,0,5,26,California
Tehama,2020-12-21,43,68,43,68,0,0,0,0,43,69,0,0,43,69,California
Tehama,2020-12-22,76,144,70,138,6,6,0,0,76,145,0,0,76,145,California
Tehama,2020-12-23,52,196,44,182,8,14,0,0,52,197,0,0,52,197,California
Tehama,2020-12-24,5,201,3,185,2,16,0,0,5,202,0,0,5,202,California
Tehama,2020-12-26,4,205,3,188,1,17,0,0,4,206,0,0,4,206,California
Tehama,2020-12-27,2,207,2,190,0,17,0,0,2,208,0,0,2,208,California
Tehama,2020-12-28,59,266,46,236,13,30,0,0,59,267,0,0,59,267,California
Tehama,2020-12-29,40,306,40,276,0,30,0,0,40,307,0,0,40,307,California
Tehama,2020-12-30,61,367,43,319,18,48,0,0,60,367,0,0,60,367,California
Tehama,2020-12-31,14,381,4,323,10,58,0,0,14,381,0,0,14,381,California
Tehama,2021-01-01,2,383,0,323,2,60,0,0,2,383,0,0,2,383,California
Tehama,2021-01-04,45,428,14,337,31,91,0,0,45,428,0,0,45,428,California
Tehama,2021-01-05,75,503,46,383,29,120,0,0,70,493,5,5,70,498,California
Tehama,2021-01-06,81,584,29,412,52,172,0,0,68,549,12,17,68,566,California
Tehama,2021-01-07,60,644,7,419,53,225,0,0,59,607,1,18,59,625,California
Tehama,2021-01-08,39,683,28,447,11,236,0,0,32,632,7,25,32,657,California
Tehama,2021-01-09,7,690,5,452,2,238,0,0,6,637,1,26,6,663,California
Tehama,2021-01-10,1,691,0,452,1,239,0,0,1,638,0,26,1,664,California
Tehama,2021-01-11,59,750,52,504,7,246,0,0,20,619,39,65,20,684,California
Tehama,2021-01-12,147,897,127,631,20,266,0,0,93,658,54,119,93,777,California
Tehama,2021-01-13,84,981,60,691,24,290,0,0,34,642,50,169,34,811,California
Tehama,2021-01-14,239,1220,50,741,189,479,0,0,237,877,2,171,237,1048,California
Tehama,2021-01-15,282,1502,76,817,206,685,0,0,278,1151,4,175,278,1326,California
Tehama,2021-01-16,273,1775,20,837,253,938,0,0,270,1418,3,178,270,1596,California
Tehama,2021-01-17,6,1781,2,839,4,942,0,0,4,1420,2,180,4,1600,California
Tehama,2021-01-18,14,1795,7,846,7,949,0,0,8,1422,6,186,8,1608,California
Tehama,2021-01-19,306,2101,75,921,231,1180,0,0,244,1604,62,248,244,1852,California
Tehama,2021-01-20,331,2432,99,1020,232,1412,0,0,276,1826,54,302,276,2128,California
Tehama,2021-01-21,241,2673,19,1039,222,1634,0,0,226,2037,15,317,226,2354,California
Tehama,2021-01-22,244,2917,21,1060,223,1857,0,0,241,2275,3,320,241,2595,California
Tehama,2021-01-23,267,3184,7,1067,260,2117,0,0,266,2540,1,321,266,2861,California
Tehama,2021-01-24,3,3187,1,1068,2,2119,0,0,3,2543,0,321,3,2864,California
Tehama,2021-01-25,43,3230,19,1087,24,2143,0,0,21,2542,22,343,21,2885,California
Tehama,2021-01-26,350,3580,44,1131,306,2449,0,0,312,2816,38,381,312,3197,California
Tehama,2021-01-27,332,3912,24,1155,308,2757,0,0,309,3102,23,404,309,3506,California
Tehama,2021-01-28,366,4278,39,1194,327,3084,0,0,346,3428,20,424,346,3852,California
Tehama,2021-01-29,351,4629,23,1217,328,3412,0,0,332,3741,19,443,332,4184,California
Tehama,2021-01-30,112,4741,2,1219,110,3522,0,0,111,3851,1,444,111,4295,California
Tehama,2021-01-31,1,4742,0,1219,1,3523,0,0,1,3852,0,444,1,4296,California
Tehama,2021-02-01,84,4826,22,1241,62,3585,0,0,37,3842,47,491,37,4333,California
Tehama,2021-02-02,368,5194,70,1311,298,3883,0,0,269,4012,99,590,269,4602,California
Tehama,2021-02-03,430,5624,16,1327,414,4297,0,0,378,4338,52,642,378,4980,California
Tehama,2021-02-04,520,6144,104,1431,416,4713,0,0,435,4689,85,727,436,5416,California
Tehama,2021-02-05,195,6339,75,1506,120,4833,0,0,130,4754,65,792,130,5546,California
Tehama,2021-02-06,37,6376,15,1521,22,4855,0,0,25,4767,12,804,25,5571,California
Tehama,2021-02-07,5,6381,4,1525,1,4856,0,0,2,4766,3,807,2,5573,California
Tehama,2021-02-08,48,6429,14,1539,34,4890,0,0,33,4784,15,822,33,5606,California
Tehama,2021-02-09,93,6522,45,1584,48,4938,0,0,51,4793,42,864,51,5657,California
Tehama,2021-02-10,253,6775,70,1654,183,5121,0,0,163,4866,90,954,163,5820,California
Tehama,2021-02-11,242,7017,18,1672,224,5345,0,0,91,4808,149,1103,91,5911,California
Tehama,2021-02-12,405,7422,78,1750,327,5672,0,0,188,4779,217,1320,188,6099,California
Tehama,2021-02-13,409,7831,17,1767,392,6064,0,0,162,4694,247,1567,162,6261,California
Tehama,2021-02-14,37,7868,2,1769,35,6099,0,0,34,4725,3,1570,34,6295,California
Tehama,2021-02-15,62,7930,10,1779,52,6151,0,0,54,4771,8,1578,54,6349,California
Tehama,2021-02-16,259,8189,21,1800,238,6389,0,0,70,4652,189,1767,70,6419,California
Tehama,2021-02-17,310,8499,19,1819,291,6680,0,0,61,4464,249,2016,61,6480,California
Tehama,2021-02-18,387,8886,34,1853,353,7033,0,0,147,4371,240,2256,147,6627,California
Tehama,2021-02-19,236,9122,26,1879,210,7243,0,0,50,4235,186,2442,50,6677,California
Tehama,2021-02-20,287,9409,9,1888,278,7521,0,0,33,4014,254,2696,33,6710,California
Tehama,2021-02-21,4,9413,1,1889,3,7524,0,0,2,4014,2,2698,2,6712,California
Tehama,2021-02-22,45,9458,15,1904,30,7554,0,0,27,4023,18,2716,27,6739,California
Tehama,2021-02-23,54,9512,23,1927,31,7585,0,0,27,4023,27,2743,27,6766,California
Tehama,2021-02-24,339,9851,25,1952,314,7899,0,0,37,3758,302,3045,37,6803,California
Tehama,2021-02-25,399,10250,60,2012,339,8238,0,0,42,3443,357,3402,42,6845,California
Tehama,2021-02-26,487,10737,21,2033,466,8704,0,0,76,3108,411,3813,76,6921,California
Tehama,2021-02-27,324,11061,6,2039,318,9022,0,0,36,2856,288,4101,36,6957,California
Tehama,2021-02-28,23,11084,2,2041,21,9043,0,0,20,2873,3,4104,20,6977,California
Tehama,2021-03-01,67,11151,7,2048,60,9103,0,0,32,2870,35,4139,32,7009,California
Tehama,2021-03-02,159,11310,21,2069,138,9241,0,0,34,2780,124,4263,34,7043,California
Tehama,2021-03-03,168,11478,33,2102,135,9376,0,0,55,2722,113,4376,55,7098,California
Tehama,2021-03-04,703,12181,57,2159,646,10022,0,0,247,2520,449,4825,247,7345,California
Tehama,2021-03-05,432,12613,24,2183,408,10430,0,0,226,2541,205,5030,226,7571,California
Tehama,2021-03-06,327,12940,18,2201,307,10737,2,2,87,2392,239,5269,90,7661,California
Tehama,2021-03-07,6,12946,1,2202,5,10742,0,2,4,2395,1,5270,4,7665,California
Tehama,2021-03-08,66,13012,11,2213,39,10781,16,18,26,2398,39,5309,42,7707,California
Tehama,2021-03-09,397,13409,13,2226,361,11142,23,41,336,2696,61,5370,359,8066,California
Tehama,2021-03-10,367,13776,21,2247,325,11467,21,62,74,2499,292,5662,95,8161,California
Tehama,2021-03-11,538,14314,24,2271,455,11922,59,121,375,2770,163,5825,434,8595,California
Tehama,2021-03-12,336,14650,28,2299,237,12159,71,192,195,2895,141,5966,266,8861,California
Tehama,2021-03-13,56,14706,9,2308,39,12198,8,200,8,2863,48,6014,16,8877,California
Tehama,2021-03-14,62,14768,3,2311,50,12248,9,209,20,2850,42,6056,29,8906,California
Tehama,2021-03-15,167,14935,22,2333,120,12368,25,234,86,2880,81,6137,111,9017,California
Tehama,2021-03-16,444,15379,19,2352,387,12755,38,272,337,3149,106,6243,375,9392,California
Tehama,2021-03-17,463,15842,31,2383,401,13156,31,303,376,3471,85,6328,407,9799,California
Tehama,2021-03-18,521,16363,36,2419,460,13616,25,328,337,3651,182,6510,362,10161,California
Tehama,2021-03-19,342,16705,27,2446,302,13918,13,341,298,3918,44,6554,311,10472,California
Tehama,2021-03-20,53,16758,15,2461,33,13951,5,346,36,3942,17,6571,41,10513,California
Tehama,2021-03-21,12,16770,5,2466,7,13958,0,346,12,3954,0,6571,12,10525,California
Tehama,2021-03-22,101,16871,10,2476,74,14032,17,363,56,3982,45,6616,73,10598,California
Tehama,2021-03-23,103,16974,33,2509,62,14094,8,371,76,4039,27,6643,84,10682,California
Tehama,2021-03-24,94,17068,16,2525,75,14169,3,374,60,4068,34,6677,63,10745,California
Tehama,2021-03-25,557,17625,386,2911,158,14327,13,387,505,4536,50,6727,518,11263,California
Tehama,2021-03-26,558,18183,438,3349,108,14435,12,399,473,4939,82,6809,485,11748,California
Tehama,2021-03-27,504,18687,395,3744,76,14511,33,432,427,5323,76,6885,460,12208,California
Tehama,2021-03-28,40,18727,15,3759,25,14536,0,432,24,5331,16,6901,24,12232,California
Tehama,2021-03-29,129,18856,30,3789,97,14633,2,434,82,5368,46,6947,83,12315,California
Tehama,2021-03-30,411,19267,246,4035,163,14796,2,436,276,5511,135,7082,278,12593,California
Tehama,2021-03-31,422,19689,314,4349,105,14901,3,439,340,5772,81,7163,342,12935,California
Tehama,2021-04-01,558,20247,267,4616,285,15186,6,445,418,6057,139,7302,424,13359,California
Tehama,2021-04-02,489,20736,234,4850,247,15433,8,453,296,6167,193,7495,303,13662,California
Tehama,2021-04-03,73,20809,7,4857,59,15492,7,460,37,6175,36,7531,44,13706,California
Tehama,2021-04-04,39,20848,8,4865,28,15520,3,463,25,6189,14,7545,28,13734,California
Tehama,2021-04-05,128,20976,22,4887,74,15594,32,495,65,6223,63,7608,97,13831,California
Tehama,2021-04-06,537,21513,117,5004,359,15953,61,556,147,6041,390,7998,208,14039,California
Tehama,2021-04-07,448,21961,304,5308,93,16046,51,607,323,6289,124,8122,372,14411,California
Tehama,2021-04-08,647,22608,190,5498,415,16461,42,649,242,6169,404,8526,284,14695,California
Tehama,2021-04-09,476,23084,219,5717,218,16679,39,688,238,6209,237,8763,277,14972,California
Tehama,2021-04-10,98,23182,23,5740,42,16721,33,721,50,6245,47,8810,83,15055,California
Tehama,2021-04-11,45,23227,9,5749,25,16746,11,732,10,6231,35,8845,21,15076,California
Tehama,2021-04-12,119,23346,6,5755,91,16837,22,754,43,6220,76,8921,65,15141,California
Tehama,2021-04-13,417,23763,74,5829,343,17180,0,754,70,5943,347,9268,70,15211,California
Tehama,2021-04-14,428,24191,55,5884,373,17553,0,754,51,5619,375,9643,51,15262,California
Tehama,2021-04-15,544,24735,204,6088,340,17893,0,754,82,5239,462,10105,82,15344,California
Tehama,2021-04-16,657,25392,380,6468,277,18170,0,754,87,4756,570,10675,87,15431,California
Tehama,2021-04-17,380,25772,291,6759,89,18259,0,754,52,4482,327,11002,53,15484,California
Tehama,2021-04-18,19,25791,5,6764,14,18273,0,754,13,4489,6,11008,13,15497,California
Tehama,2021-04-19,102,25893,7,6771,95,18368,0,754,43,4473,59,11067,43,15540,California
Tehama,2021-04-20,571,26464,473,7244,98,18466,0,754,164,4235,404,11471,166,15706,California
Tehama,2021-04-21,530,26994,451,7695,79,18545,0,754,171,4049,357,11828,171,15877,California
Tehama,2021-04-22,547,27541,386,8081,161,18706,0,754,154,3813,390,12218,154,16031,California
Tehama,2021-04-23,477,28018,370,8451,107,18813,0,754,208,3754,268,12486,209,16240,California
Tehama,2021-04-24,112,28130,21,8472,91,18904,0,754,27,3696,85,12571,27,16267,California
Tehama,2021-04-25,30,28160,19,8491,11,18915,0,754,10,3686,20,12591,10,16277,California
Tehama,2021-04-26,94,28254,12,8503,82,18997,0,754,53,3698,41,12632,53,16330,California
Tehama,2021-04-27,270,28524,218,8721,50,19047,2,756,101,3632,169,12801,103,16433,California
Tehama,2021-04-28,421,28945,342,9063,60,19107,19,775,71,3372,350,13151,90,16523,California
Tehama,2021-04-29,385,29330,182,9245,196,19303,7,782,75,3145,309,13460,82,16605,California
Tehama,2021-04-30,366,29696,270,9515,89,19392,7,789,128,3042,238,13698,135,16740,California
Tehama,2021-05-01,77,29773,4,9519,67,19459,6,795,14,2999,63,13761,20,16760,California
Tehama,2021-05-02,46,29819,24,9543,10,19469,12,807,26,3017,20,13781,38,16798,California
Tehama,2021-05-03,125,29944,40,9583,76,19545,9,816,65,3031,60,13841,74,16872,California
Tehama,2021-05-04,168,30112,58,9641,101,19646,9,825,70,3012,98,13939,79,16951,California
Tehama,2021-05-05,92,30204,25,9666,57,19703,10,835,41,3012,51,13990,51,17002,California
Tehama,2021-05-06,175,30379,96,9762,62,19765,17,852,108,3070,67,14057,125,17127,California
Tehama,2021-05-07,192,30571,81,9843,99,19864,12,864,54,3000,136,14193,66,17193,California
Tehama,2021-05-08,54,30625,8,9851,44,19908,2,866,15,2978,39,14232,17,17210,California
Tehama,2021-05-09,18,30643,4,9855,14,19922,0,866,8,2976,10,14242,8,17218,California
Tehama,2021-05-10,84,30727,6,9861,69,19991,9,875,39,2979,44,14286,47,17265,California
Tehama,2021-05-11,183,30910,130,9991,40,20031,13,888,33,2875,150,14436,46,17311,California
Tehama,2021-05-12,215,31125,137,10128,68,20099,10,898,49,2769,165,14601,59,17370,California
Tehama,2021-05-13,255,31380,168,10296,77,20176,10,908,116,2757,138,14739,126,17496,California
Tehama,2021-05-14,257,31637,141,10437,95,20271,21,929,63,2648,193,14932,84,17580,California
Tehama,2021-05-15,243,31880,141,10578,61,20332,41,970,169,2785,73,15005,210,17790,California
Tehama,2021-05-16,28,31908,7,10585,18,20350,3,973,16,2792,12,15017,19,17809,California
Tehama,2021-05-17,123,32031,32,10617,74,20424,17,990,59,2805,63,15080,76,17885,California
Tehama,2021-05-18,159,32190,82,10699,61,20485,16,1006,50,2764,107,15187,66,17951,California
Tehama,2021-05-19,133,32323,58,10757,64,20549,11,1017,45,2732,88,15275,56,18007,California
Tehama,2021-05-20,338,32661,247,11004,68,20617,23,1040,236,2890,101,15376,259,18266,California
Tehama,2021-05-21,235,32896,110,11114,112,20729,13,1053,79,2829,153,15529,92,18358,California
Tehama,2021-05-22,67,32963,33,11147,30,20759,4,1057,39,2844,28,15557,43,18401,California
Tehama,2021-05-23,49,33012,24,11171,15,20774,10,1067,14,2833,35,15592,24,18425,California
Tehama,2021-05-24,103,33115,29,11200,65,20839,9,1076,32,2803,71,15663,41,18466,California
Tehama,2021-05-25,78,33193,19,11219,51,20890,8,1084,46,2825,31,15694,53,18519,California
Tehama,2021-05-26,82,33275,32,11251,47,20937,3,1087,53,2853,28,15722,56,18575,California
Tehama,2021-05-27,160,33435,100,11351,56,20993,4,1091,52,2803,106,15828,56,18631,California
Tehama,2021-05-28,142,33577,38,11389,96,21089,8,1099,66,2802,75,15903,74,18705,California
Tehama,2021-05-29,56,33633,9,11398,41,21130,6,1105,36,2824,20,15923,42,18747,California
Tehama,2021-05-30,15,33648,4,11402,10,21140,1,1106,7,2824,8,15931,8,18755,California
Tehama,2021-05-31,17,33665,1,11403,15,21155,1,1107,4,2816,13,15944,5,18760,California
Tehama,2021-06-01,103,33768,20,11423,64,21219,19,1126,35,2802,68,16012,54,18814,California
Tehama,2021-06-02,92,33860,32,11455,55,21274,5,1131,38,2791,54,16066,43,18857,California
Tehama,2021-06-03,141,34001,103,11558,27,21301,11,1142,32,2725,109,16175,43,18900,California
Tehama,2021-06-04,145,34146,34,11592,96,21397,15,1157,60,2714,84,16259,73,18973,California
Tehama,2021-06-05,159,34305,133,11725,22,21419,4,1161,30,2620,128,16387,34,19007,California
Tehama,2021-06-06,19,34324,9,11734,2,21421,8,1169,4,2617,15,16402,12,19019,California
Tehama,2021-06-07,73,34397,28,11762,43,21464,2,1171,21,2588,52,16454,23,19042,California
Tehama,2021-06-08,105,34502,34,11796,61,21525,10,1181,43,2580,61,16515,53,19095,California
Tehama,2021-06-09,91,34593,47,11843,41,21566,3,1184,46,2584,45,16560,49,19144,California
Tehama,2021-06-10,272,34865,219,12062,43,21609,10,1194,40,2403,231,16791,50,19194,California
Tehama,2021-06-11,143,35008,66,12128,72,21681,5,1199,56,2380,84,16875,61,19255,California
Tehama,2021-06-12,60,35068,37,12165,23,21704,0,1199,23,2366,37,16912,23,19278,California
Tehama,2021-06-13,20,35088,5,12170,9,21713,6,1205,3,2358,17,16929,9,19287,California
Tehama,2021-06-14,73,35161,14,12184,56,21769,3,1208,18,2324,55,16984,21,19308,California
Tehama,2021-06-15,36,35197,13,12197,17,21786,6,1214,14,2322,22,17006,20,19328,California
Trinity,2020-12-17,4,4,4,4,0,0,0,0,4,4,0,0,4,4,California
Trinity,2020-12-18,2,6,2,6,0,0,0,0,2,6,0,0,2,6,California
Trinity,2020-12-21,39,45,39,45,0,0,0,0,39,45,0,0,39,45,California
Trinity,2020-12-22,4,49,4,49,0,0,0,0,4,49,0,0,4,49,California
Trinity,2020-12-23,6,55,5,54,1,1,0,0,6,55,0,0,6,55,California
Trinity,2020-12-28,31,86,31,85,0,1,0,0,31,86,0,0,31,86,California
Trinity,2020-12-29,8,94,7,92,1,2,0,0,8,94,0,0,8,94,California
Trinity,2020-12-30,10,104,8,100,2,4,0,0,10,104,0,0,10,104,California
Trinity,2020-12-31,2,106,1,101,1,5,0,0,2,106,0,0,2,106,California
Trinity,2021-01-04,28,134,0,101,28,33,0,0,27,133,0,0,27,133,California
Trinity,2021-01-05,2,136,1,102,1,34,0,0,2,135,0,0,2,135,California
Trinity,2021-01-06,24,160,4,106,20,54,0,0,20,151,4,4,20,155,California
Trinity,2021-01-08,49,209,2,108,47,101,0,0,48,197,2,6,48,203,California
Trinity,2021-01-11,41,250,38,146,3,104,0,0,4,164,37,43,4,207,California
Trinity,2021-01-12,9,259,6,152,3,107,0,0,4,163,5,48,4,211,California
Trinity,2021-01-13,7,266,4,156,3,110,0,0,4,164,3,51,4,215,California
Trinity,2021-01-14,4,270,1,157,3,113,0,0,4,168,0,51,4,219,California
Trinity,2021-01-15,5,275,0,157,5,118,0,0,5,173,0,51,5,224,California
Trinity,2021-01-16,2,277,0,157,2,120,0,0,2,175,0,51,2,226,California
Trinity,2021-01-18,31,308,31,188,0,120,0,0,0,144,31,82,0,226,California
Trinity,2021-01-19,34,342,15,203,19,139,0,0,20,150,14,96,20,246,California
Trinity,2021-01-20,20,362,3,206,17,156,0,0,17,164,3,99,17,263,California
Trinity,2021-01-21,18,380,7,213,11,167,0,0,18,182,0,99,18,281,California
Trinity,2021-01-22,5,385,1,214,4,171,0,0,5,187,0,99,5,286,California
Trinity,2021-01-23,7,392,3,217,4,175,0,0,7,194,0,99,7,293,California
Trinity,2021-01-25,14,406,1,218,13,188,0,0,13,206,1,100,13,306,California
Trinity,2021-01-26,10,416,1,219,9,197,0,0,9,214,1,101,9,315,California
Trinity,2021-01-27,12,428,0,219,12,209,0,0,12,226,0,101,12,327,California
Trinity,2021-01-28,13,441,3,222,10,219,0,0,10,233,3,104,10,337,California
Trinity,2021-01-29,2,443,0,222,2,221,0,0,1,233,1,105,1,338,California
Trinity,2021-01-30,12,455,11,233,1,222,0,0,12,245,0,105,12,350,California
Trinity,2021-02-01,2,457,1,234,1,223,0,0,1,245,1,106,1,351,California
Trinity,2021-02-02,15,472,3,237,12,235,0,0,14,258,1,107,14,365,California
Trinity,2021-02-03,6,478,1,238,5,240,0,0,4,260,2,109,4,369,California
Trinity,2021-02-04,41,519,32,270,9,249,0,0,34,287,7,116,34,403,California
Trinity,2021-02-05,351,870,0,270,351,600,0,0,320,576,31,147,320,723,California
Trinity,2021-02-06,210,1080,5,275,205,805,0,0,203,772,7,154,203,926,California
Trinity,2021-02-07,1,1081,0,275,1,806,0,0,1,773,0,154,1,927,California
Trinity,2021-02-08,28,1109,1,276,27,833,0,0,16,777,12,166,16,943,California
Trinity,2021-02-09,27,1136,2,278,25,858,0,0,11,772,16,182,11,954,California
Trinity,2021-02-10,122,1258,10,288,112,970,0,0,102,854,20,202,102,1056,California
Trinity,2021-02-11,339,1597,2,290,337,1307,0,0,332,1179,7,209,332,1388,California
Trinity,2021-02-12,19,1616,10,300,9,1316,0,0,14,1188,5,214,14,1402,California
Trinity,2021-02-13,11,1627,6,306,5,1321,0,0,6,1189,5,219,6,1408,California
Trinity,2021-02-14,2,1629,2,308,0,1321,0,0,2,1191,0,219,2,1410,California
Trinity,2021-02-15,47,1676,0,308,47,1368,0,0,47,1238,0,219,47,1457,California
Trinity,2021-02-16,4,1680,1,309,3,1371,0,0,2,1238,2,221,2,1459,California
Trinity,2021-02-17,94,1774,2,311,92,1463,0,0,84,1312,10,231,84,1543,California
Trinity,2021-02-18,4,1778,0,311,4,1467,0,0,1,1310,3,234,1,1544,California
Trinity,2021-02-19,307,2085,2,313,305,1772,0,0,293,1589,14,248,293,1837,California
Trinity,2021-02-20,142,2227,14,327,128,1900,0,0,114,1675,28,276,114,1951,California
Trinity,2021-02-21,1,2228,1,328,0,1900,0,0,1,1676,0,276,1,1952,California
Trinity,2021-02-22,8,2236,0,328,8,1908,0,0,5,1678,3,279,5,1957,California
Trinity,2021-02-23,10,2246,3,331,7,1915,0,0,5,1678,5,284,5,1962,California
Trinity,2021-02-24,30,2276,8,339,22,1937,0,0,7,1662,23,307,7,1969,California
Trinity,2021-02-25,37,2313,23,362,14,1951,0,0,5,1635,32,339,5,1974,California
Trinity,2021-02-26,11,2324,1,363,10,1961,0,0,5,1634,6,345,5,1979,California
Trinity,2021-02-27,10,2334,8,371,2,1963,0,0,4,1632,6,351,4,1983,California
Trinity,2021-03-01,10,2344,0,371,10,1973,0,0,5,1632,5,356,5,1988,California
Trinity,2021-03-02,9,2353,3,374,6,1979,0,0,2,1627,7,363,2,1990,California
Trinity,2021-03-03,5,2358,0,374,5,1984,0,0,4,1630,1,364,4,1994,California
Trinity,2021-03-04,23,2381,19,393,4,1988,0,0,10,1627,13,377,10,2004,California
Trinity,2021-03-05,388,2769,1,394,387,2375,0,0,121,1485,263,640,121,2125,California
Trinity,2021-03-06,203,2972,7,401,196,2571,0,0,27,1336,176,816,27,2152,California
Trinity,2021-03-07,4,2976,3,404,1,2572,0,0,3,1338,1,817,3,2155,California
Trinity,2021-03-08,4,2980,0,404,3,2575,1,1,1,1337,3,820,2,2157,California
Trinity,2021-03-09,99,3079,1,405,96,2671,2,3,93,1426,6,826,95,2252,California
Trinity,2021-03-10,126,3205,3,408,120,2791,3,6,38,1379,88,914,41,2293,California
Trinity,2021-03-11,16,3221,4,412,10,2801,2,8,5,1375,11,925,7,2300,California
Trinity,2021-03-12,399,3620,5,417,388,3189,6,14,97,1176,302,1227,103,2403,California
Trinity,2021-03-13,12,3632,7,424,3,3192,2,16,7,1180,5,1232,9,2412,California
Trinity,2021-03-14,4,3636,1,425,3,3195,0,16,3,1182,1,1233,3,2415,California
Trinity,2021-03-15,68,3704,0,425,67,3262,1,17,15,1145,53,1286,16,2431,California
Trinity,2021-03-16,115,3819,7,432,108,3370,0,17,102,1234,13,1299,102,2533,California
Trinity,2021-03-17,100,3919,3,435,97,3467,0,17,26,1186,74,1373,26,2559,California
Trinity,2021-03-18,9,3928,1,436,5,3472,3,20,4,1188,5,1378,7,2566,California
Trinity,2021-03-19,461,4389,4,440,347,3819,110,130,36,909,425,1803,146,2712,California
Trinity,2021-03-20,108,4497,7,447,101,3920,0,130,72,946,35,1838,72,2784,California
Trinity,2021-03-21,4,4501,0,447,3,3923,1,131,3,949,1,1839,4,2788,California
Trinity,2021-03-22,2,4503,0,447,2,3925,0,131,2,951,0,1839,2,2790,California
Trinity,2021-03-23,96,4599,2,449,94,4019,0,131,78,1011,18,1857,78,2868,California
Trinity,2021-03-24,12,4611,1,450,11,4030,0,131,9,1017,3,1860,9,2877,California
Trinity,2021-03-25,111,4722,8,458,97,4127,6,137,85,1082,26,1886,91,2968,California
Trinity,2021-03-26,84,4806,8,466,76,4203,0,137,77,1152,7,1893,77,3045,California
Trinity,2021-03-27,20,4826,4,470,7,4210,9,146,9,1159,11,1904,18,3063,California
Trinity,2021-03-28,5,4831,3,473,2,4212,0,146,1,1156,4,1908,1,3064,California
Trinity,2021-03-29,5,4836,0,473,5,4217,0,146,2,1155,3,1911,2,3066,California
Trinity,2021-03-30,78,4914,6,479,72,4289,0,146,67,1211,11,1922,67,3133,California
Trinity,2021-03-31,56,4970,5,484,18,4307,33,179,20,1227,36,1958,52,3185,California
Trinity,2021-04-01,40,5010,10,494,19,4326,11,190,21,1240,19,1977,32,3217,California
Trinity,2021-04-02,257,5267,5,499,177,4503,75,265,84,1227,172,2149,159,3376,California
Trinity,2021-04-03,17,5284,12,511,5,4508,0,265,7,1224,10,2159,7,3383,California
Trinity,2021-04-04,10,5294,8,519,2,4510,0,265,8,1230,2,2161,8,3391,California
Trinity,2021-04-05,60,5354,6,525,51,4561,3,268,54,1281,6,2167,57,3448,California
Trinity,2021-04-06,122,5476,15,540,104,4665,3,271,29,1220,93,2260,32,3480,California
Trinity,2021-04-07,26,5502,11,551,10,4675,5,276,19,1237,7,2267,24,3504,California
Trinity,2021-04-08,90,5592,11,562,77,4752,2,278,53,1255,37,2304,55,3559,California
Trinity,2021-04-09,166,5758,18,580,144,4896,4,282,88,1269,78,2382,92,3651,California
Trinity,2021-04-10,12,5770,7,587,5,4901,0,282,11,1279,1,2383,11,3662,California
Trinity,2021-04-11,10,5780,5,592,3,4904,2,284,4,1279,6,2389,6,3668,California
Trinity,2021-04-12,78,5858,5,597,72,4976,1,285,64,1330,13,2402,64,3732,California
Trinity,2021-04-13,104,5962,5,602,99,5075,0,285,11,1248,93,2495,11,3743,California
Trinity,2021-04-14,10,5972,5,607,5,5080,0,285,6,1250,4,2499,6,3749,California
Trinity,2021-04-15,44,6016,10,617,34,5114,0,285,14,1235,29,2528,14,3763,California
Trinity,2021-04-16,156,6172,13,630,143,5257,0,285,81,1242,74,2602,81,3844,California
Trinity,2021-04-17,11,6183,5,635,6,5263,0,285,9,1249,2,2604,9,3853,California
Trinity,2021-04-18,3,6186,1,636,2,5265,0,285,0,1246,3,2607,0,3853,California
Trinity,2021-04-19,67,6253,2,638,65,5330,0,285,66,1311,1,2608,66,3919,California
Trinity,2021-04-20,93,6346,8,646,85,5415,0,285,21,1260,72,2680,21,3940,California
Trinity,2021-04-21,22,6368,9,655,13,5428,0,285,9,1256,13,2693,9,3949,California
Trinity,2021-04-22,92,6460,5,660,87,5515,0,285,14,1192,78,2771,14,3963,California
Trinity,2021-04-23,181,6641,6,666,175,5690,0,285,112,1235,69,2840,112,4075,California
Trinity,2021-04-24,23,6664,12,678,11,5701,0,285,6,1224,17,2857,6,4081,California
Trinity,2021-04-25,10,6674,9,687,1,5702,0,285,3,1221,6,2863,3,4084,California
Trinity,2021-04-26,48,6722,9,696,39,5741,0,285,40,1253,8,2871,40,4124,California
Trinity,2021-04-27,87,6809,11,707,76,5817,0,285,23,1212,64,2935,23,4147,California
Trinity,2021-04-28,33,6842,11,718,22,5839,0,285,12,1203,21,2956,12,4159,California
Trinity,2021-04-29,34,6876,13,731,21,5860,0,285,12,1193,22,2978,12,4171,California
Trinity,2021-04-30,26,6902,21,752,5,5865,0,285,10,1188,15,2993,10,4181,California
Trinity,2021-05-01,14,6916,8,760,1,5866,5,290,4,1187,10,3003,9,4190,California
Trinity,2021-05-02,8,6924,5,765,1,5867,2,292,2,1185,6,3009,4,4194,California
Trinity,2021-05-03,58,6982,13,778,44,5911,1,293,9,1147,48,3057,10,4204,California
Trinity,2021-05-04,27,7009,11,789,15,5926,1,294,8,1137,19,3076,9,4213,California
Trinity,2021-05-05,11,7020,7,796,4,5930,0,294,4,1134,7,3083,4,4217,California
Trinity,2021-05-06,75,7095,11,807,62,5992,2,296,16,1093,59,3142,18,4235,California
Trinity,2021-05-07,180,7275,12,819,134,6126,34,330,14,975,166,3308,48,4283,California
Trinity,2021-05-08,7,7282,2,821,5,6131,0,330,2,972,5,3313,2,4285,California
Trinity,2021-05-09,11,7293,8,829,3,6134,0,330,7,975,4,3317,7,4292,California
Trinity,2021-05-10,15,7308,5,834,9,6143,1,331,8,977,7,3324,9,4301,California
Trinity,2021-05-11,8,7316,4,838,4,6147,0,331,6,981,2,3326,6,4307,California
Trinity,2021-05-12,19,7335,16,854,2,6149,1,332,14,991,5,3331,15,4322,California
Trinity,2021-05-13,15,7350,10,864,4,6153,1,333,9,995,6,3337,10,4332,California
Trinity,2021-05-14,141,7491,19,883,94,6247,28,361,39,960,102,3439,67,4399,California
Trinity,2021-05-15,15,7506,10,893,4,6251,1,362,7,961,7,3446,8,4407,California
Trinity,2021-05-16,7,7513,6,899,1,6252,0,362,5,964,2,3448,5,4412,California
Trinity,2021-05-17,108,7621,20,919,86,6338,2,364,42,942,66,3514,44,4456,California
Trinity,2021-05-18,37,7658,7,926,29,6367,1,365,11,928,26,3540,12,4468,California
Trinity,2021-05-19,150,7808,16,942,105,6472,29,394,31,870,118,3658,60,4528,California
Trinity,2021-05-20,28,7836,21,963,4,6476,3,397,17,879,11,3669,20,4548,California
Trinity,2021-05-21,21,7857,13,976,8,6484,0,397,11,880,10,3679,11,4559,California
Trinity,2021-05-22,17,7874,14,990,3,6487,0,397,13,889,4,3683,13,4572,California
Trinity,2021-05-23,6,7880,4,994,2,6489,0,397,2,887,4,3687,2,4574,California
Trinity,2021-05-24,109,7989,12,1006,96,6585,1,398,8,796,100,3787,9,4583,California
Trinity,2021-05-25,38,8027,13,1019,25,6610,0,398,16,790,22,3809,16,4599,California
Trinity,2021-05-26,11,8038,5,1024,6,6616,0,398,3,785,8,3817,3,4602,California
Trinity,2021-05-27,30,8068,13,1037,12,6628,5,403,7,774,23,3840,12,4614,California
Trinity,2021-05-28,13,8081,10,1047,2,6630,1,404,6,774,7,3847,7,4621,California
Trinity,2021-05-29,10,8091,7,1054,2,6632,1,405,7,779,3,3850,8,4629,California
Trinity,2021-05-30,5,8096,4,1058,1,6633,0,405,0,774,5,3855,0,4629,California
Trinity,2021-05-31,4,8100,3,1061,1,6634,0,405,2,774,2,3857,2,4631,California
Trinity,2021-06-01,15,8115,8,1069,5,6639,2,407,4,770,10,3867,6,4637,California
Trinity,2021-06-02,24,8139,19,1088,3,6642,2,409,9,766,15,3882,11,4648,California
Trinity,2021-06-03,39,8178,13,1101,26,6668,0,409,13,753,26,3908,13,4661,California
Trinity,2021-06-04,29,8207,21,1122,8,6676,0,409,8,740,21,3929,8,4669,California
Trinity,2021-06-05,19,8226,18,1140,1,6677,0,409,13,747,6,3935,13,4682,California
Trinity,2021-06-06,9,8235,6,1146,2,6679,1,410,2,743,7,3942,3,4685,California
Trinity,2021-06-07,28,8263,19,1165,8,6687,1,411,12,740,16,3958,13,4698,California
Trinity,2021-06-08,15,8278,13,1178,1,6688,1,412,4,734,11,3969,5,4703,California
Trinity,2021-06-09,16,8294,14,1192,0,6688,2,414,4,728,12,3981,6,4709,California
Trinity,2021-06-10,18,8312,17,1209,1,6689,0,414,5,720,13,3994,5,4714,California
Trinity,2021-06-11,40,8352,8,1217,32,6721,0,414,11,702,29,4023,11,4725,California
Trinity,2021-06-12,11,8363,11,1228,0,6721,0,414,3,697,8,4031,3,4728,California
Trinity,2021-06-13,4,8367,4,1232,0,6721,0,414,1,695,3,4034,1,4729,California
Trinity,2021-06-14,42,8409,16,1248,26,6747,0,414,11,675,31,4065,11,4740,California
Trinity,2021-06-15,5,8414,4,1252,1,6748,0,414,1,672,4,4069,1,4741,California
Tulare,2020-12-15,1,1,1,1,0,0,0,0,1,1,0,0,1,1,California
Tulare,2020-12-16,4,5,4,5,0,0,0,0,4,5,0,0,4,5,California
Tulare,2020-12-17,110,115,110,115,0,0,0,0,110,115,0,0,110,115,California
Tulare,2020-12-18,290,405,289,404,1,1,0,0,290,405,0,0,290,405,California
Tulare,2020-12-19,325,730,325,729,0,1,0,0,325,730,0,0,325,730,California
Tulare,2020-12-20,165,895,165,894,0,1,0,0,165,895,0,0,165,895,California
Tulare,2020-12-21,421,1316,421,1315,0,1,0,0,441,1336,0,0,441,1336,California
Tulare,2020-12-22,472,1788,470,1785,2,3,0,0,471,1807,0,0,471,1807,California
Tulare,2020-12-23,327,2115,319,2104,8,11,0,0,325,2132,0,0,325,2132,California
Tulare,2020-12-24,18,2133,16,2120,2,13,0,0,18,2150,0,0,18,2150,California
Tulare,2020-12-26,7,2140,6,2126,1,14,0,0,7,2157,0,0,7,2157,California
Tulare,2020-12-27,16,2156,12,2138,4,18,0,0,16,2173,0,0,16,2173,California
Tulare,2020-12-28,482,2638,469,2607,13,31,0,0,481,2654,0,0,481,2654,California
Tulare,2020-12-29,549,3187,477,3084,72,103,0,0,549,3203,0,0,549,3203,California
Tulare,2020-12-30,469,3656,425,3509,44,147,0,0,469,3672,0,0,469,3672,California
Tulare,2020-12-31,101,3757,23,3532,78,225,0,0,101,3773,0,0,101,3773,California
Tulare,2021-01-01,3,3760,1,3533,2,227,0,0,3,3776,0,0,3,3776,California
Tulare,2021-01-02,33,3793,20,3553,13,240,0,0,33,3809,0,0,33,3809,California
Tulare,2021-01-03,23,3816,9,3562,14,254,0,0,23,3832,0,0,23,3832,California
Tulare,2021-01-04,93,3909,16,3578,77,331,0,0,93,3925,0,0,93,3925,California
Tulare,2021-01-05,469,4378,280,3858,189,520,0,0,467,4390,2,2,467,4392,California
Tulare,2021-01-06,867,5245,633,4491,234,754,0,0,857,5237,10,12,857,5249,California
Tulare,2021-01-07,786,6031,588,5079,198,952,0,0,679,5809,107,119,679,5928,California
Tulare,2021-01-08,1296,7327,573,5652,723,1675,0,0,959,6432,336,455,959,6887,California
Tulare,2021-01-09,802,8129,202,5854,600,2275,0,0,615,6860,187,642,615,7502,California
Tulare,2021-01-10,50,8179,43,5897,7,2282,0,0,12,6834,38,680,12,7514,California
Tulare,2021-01-11,1275,9454,771,6668,504,2786,0,0,838,7235,437,1117,838,8352,California
Tulare,2021-01-12,1457,10911,507,7175,950,3736,0,0,1046,7872,410,1527,1047,9399,California
Tulare,2021-01-13,428,11339,201,7376,227,3963,0,0,352,8148,76,1603,352,9751,California
Tulare,2021-01-14,495,11834,145,7521,350,4313,0,0,469,8602,15,1618,469,10220,California
Tulare,2021-01-15,1702,13536,161,7682,1541,5854,0,0,1692,10284,10,1628,1692,11912,California
Tulare,2021-01-16,1927,15463,121,7803,1806,7660,0,0,1913,12183,14,1642,1913,13825,California
Tulare,2021-01-17,142,15605,122,7925,20,7680,0,0,132,12305,10,1652,132,13957,California
Tulare,2021-01-18,694,16299,662,8587,32,7712,0,0,295,12201,399,2051,295,14252,California
Tulare,2021-01-19,1022,17321,692,9279,330,8042,0,0,595,12369,427,2478,595,14847,California
Tulare,2021-01-20,2440,19761,614,9893,1826,9868,0,0,2027,14009,387,2865,2027,16874,California
Tulare,2021-01-21,1586,21347,184,10077,1402,11270,0,0,1559,15546,22,2887,1559,18433,California
Tulare,2021-01-22,1075,22422,191,10268,884,12154,0,0,1047,16566,27,2914,1047,19480,California
Tulare,2021-01-23,442,22864,158,10426,284,12438,0,0,421,16966,21,2935,421,19901,California
Tulare,2021-01-24,30,22894,27,10453,3,12441,0,0,28,16992,2,2937,28,19929,California
Tulare,2021-01-25,1352,24246,984,11437,368,12809,0,0,1303,18246,49,2986,1303,21232,California
Tulare,2021-01-26,1515,25761,1101,12538,414,13223,0,0,1175,19082,339,3325,1175,22407,California
Tulare,2021-01-27,1502,27263,1073,13611,429,13652,0,0,922,19425,579,3904,922,23329,California
Tulare,2021-01-28,1217,28480,776,14387,441,14093,0,0,817,19842,400,4304,817,24146,California
Tulare,2021-01-29,1139,29619,724,15111,415,14508,0,0,828,20359,311,4615,828,24974,California
Tulare,2021-01-30,1685,31304,1590,16701,95,14603,0,0,1662,21999,23,4638,1663,26637,California
Tulare,2021-01-31,68,31372,63,16764,5,14608,0,0,65,22061,3,4641,65,26702,California
Tulare,2021-02-01,1196,32568,919,17683,277,14885,0,0,833,22532,362,5003,833,27535,California
Tulare,2021-02-02,703,33271,349,18032,354,15239,0,0,457,22746,244,5247,458,27993,California
Tulare,2021-02-03,574,33845,242,18274,332,15571,0,0,327,22846,227,5474,327,28320,California
Tulare,2021-02-04,571,34416,170,18444,401,15972,0,0,280,22837,290,5764,281,28601,California
Tulare,2021-02-05,1241,35657,237,18681,1004,16976,0,0,403,22404,836,6600,403,29004,California
Tulare,2021-02-06,842,36499,164,18845,678,17654,0,0,208,21980,632,7232,208,29212,California
Tulare,2021-02-07,83,36582,70,18915,13,17667,0,0,22,21941,61,7293,22,29234,California
Tulare,2021-02-08,948,37530,329,19244,619,18286,0,0,242,21479,704,7997,242,29476,California
Tulare,2021-02-09,1435,38965,337,19581,1098,19384,0,0,355,20760,1074,9071,355,29831,California
Tulare,2021-02-10,2478,41443,1990,21571,488,19872,0,0,2079,22441,398,9469,2079,31910,California
Tulare,2021-02-11,1337,42780,379,21950,958,20830,0,0,915,22934,422,9891,915,32825,California
Tulare,2021-02-12,2792,45572,575,22525,2217,23047,0,0,1192,22533,1593,11484,1192,34017,California
Tulare,2021-02-13,2484,48056,158,22683,2326,25373,0,0,652,21357,1828,13312,652,34669,California
Tulare,2021-02-14,335,48391,39,22722,296,25669,0,0,298,21618,37,13349,298,34967,California
Tulare,2021-02-15,921,49312,292,23014,629,26298,0,0,662,22022,258,13607,662,35629,California
Tulare,2021-02-16,2852,52164,1603,24617,1249,27547,0,0,1091,21353,1760,15367,1091,36720,California
Tulare,2021-02-17,2724,54888,518,25135,2206,29753,0,0,463,19561,2255,17622,463,37183,California
Tulare,2021-02-18,2340,57228,456,25591,1884,31637,0,0,642,18513,1690,19312,642,37825,California
Tulare,2021-02-19,2333,59561,880,26471,1453,33090,0,0,957,18096,1374,20686,957,38782,California
Tulare,2021-02-20,3002,62563,1896,28367,1106,34196,0,0,1267,17633,1730,22416,1267,40049,California
Tulare,2021-02-21,95,62658,92,28459,3,34199,0,0,48,17635,46,22462,48,40097,California
Tulare,2021-02-22,1112,63770,705,29164,407,34606,0,0,212,16948,899,23361,212,40309,California
Tulare,2021-02-23,1969,65739,952,30116,1017,35623,0,0,1472,17925,495,23856,1472,41781,California
Tulare,2021-02-24,2493,68232,1556,31672,937,36560,0,0,2119,19672,373,24229,2120,43901,California
Tulare,2021-02-25,3536,71768,1989,33661,1547,38107,0,0,3118,22376,414,24643,3118,47019,California
Tulare,2021-02-26,3878,75646,1901,35562,1977,40084,0,0,3409,25318,467,25110,3409,50428,California
Tulare,2021-02-27,3020,78666,1507,37069,1513,41597,0,0,2885,28080,123,25233,2885,53313,California
Tulare,2021-02-28,1313,79979,1041,38110,272,41869,0,0,1293,29356,17,25250,1293,54606,California
Tulare,2021-03-01,1799,81778,805,38915,994,42863,0,0,1602,30763,195,25445,1602,56208,California
Tulare,2021-03-02,2789,84567,1279,40194,1510,44373,0,0,2615,33207,172,25617,2616,58824,California
Tulare,2021-03-03,4106,88673,2751,42945,1354,45727,1,1,2148,33404,1955,27572,2152,60976,California
Tulare,2021-03-04,2999,91672,1355,44300,1644,47371,0,1,2655,35720,339,27911,2655,63631,California
Tulare,2021-03-05,3460,95132,1771,46071,1674,49045,15,16,2942,38165,515,28426,2960,66591,California
Tulare,2021-03-06,3103,98235,1448,47519,1595,50640,60,76,2849,40821,251,28677,2907,69498,California
Tulare,2021-03-07,1142,99377,705,48224,416,51056,21,97,1102,41905,39,28716,1123,70621,California
Tulare,2021-03-08,1728,101105,1011,49235,548,51604,169,266,1400,43150,323,29039,1568,72189,California
Tulare,2021-03-09,3287,104392,2257,51492,881,52485,149,415,2861,45734,425,29464,3009,75198,California
Tulare,2021-03-10,2986,107378,1412,52904,1400,53885,174,589,2583,48095,394,29858,2755,77953,California
Tulare,2021-03-11,4241,111619,2001,54905,1934,55819,306,895,3283,50727,958,30816,3590,81543,California
Tulare,2021-03-12,4443,116062,2435,57340,1654,57473,354,1249,3152,52951,1283,32099,3507,85050,California
Tulare,2021-03-13,4179,120241,1959,59299,2115,59588,105,1354,3223,55329,950,33049,3328,88378,California
Tulare,2021-03-14,1863,122104,989,60288,654,60242,220,1574,1338,56360,524,33573,1555,89933,California
Tulare,2021-03-15,2767,124871,1643,61931,1007,61249,117,1691,1989,57692,775,34348,2107,92040,California
Tulare,2021-03-16,3464,128335,2126,64057,1258,62507,80,1771,1896,58107,1564,35912,1979,94019,California
Tulare,2021-03-17,4097,132432,2673,66730,1349,63856,75,1846,2338,58774,1753,37665,2420,96439,California
Tulare,2021-03-18,4665,137097,3401,70131,1191,65047,73,1919,2465,59125,2192,39857,2543,98982,California
Tulare,2021-03-19,5129,142226,3370,73501,1562,66609,197,2116,2738,59691,2371,42228,2937,101919,California
Tulare,2021-03-20,4517,146743,2815,76316,1329,67938,373,2489,2077,59713,2432,44660,2454,104373,California
Tulare,2021-03-21,1999,148742,1710,78026,263,68201,26,2515,1055,59853,940,45600,1080,105453,California
Tulare,2021-03-22,2574,151316,1784,79810,679,68880,111,2626,1697,60791,871,46471,1809,107262,California
Tulare,2021-03-23,3763,155079,2160,81970,1552,70432,51,2677,2061,61216,1692,48163,2117,109379,California
Tulare,2021-03-24,3224,158303,2004,83974,1178,71610,42,2719,1729,61501,1487,49650,1772,111151,California
Tulare,2021-03-25,3496,161799,1822,85796,1504,73114,170,2889,1678,61541,1810,51460,1850,113001,California
Tulare,2021-03-26,5291,167090,3156,88952,2025,75139,110,2999,2561,61500,2712,54172,2671,115672,California
Tulare,2021-03-27,3554,170644,1823,90775,1632,76771,99,3098,995,60042,2551,56723,1093,116765,California
Tulare,2021-03-28,1475,172119,1070,91845,374,77145,31,3129,676,59962,797,57520,717,117482,California
Tulare,2021-03-29,2899,175018,1678,93523,1110,78255,111,3240,1233,59646,1662,59182,1346,118828,California
Tulare,2021-03-30,4883,179901,2803,96326,1845,80100,235,3475,1536,58073,3337,62519,1764,120592,California
Tulare,2021-03-31,3987,183888,2357,98683,1516,81616,114,3589,1561,57331,2418,64937,1676,122268,California
Tulare,2021-04-01,4543,188431,2463,101146,2014,83630,66,3655,1556,55977,2977,67914,1623,123891,California
Tulare,2021-04-02,5382,193813,3075,104221,2185,85815,122,3777,1594,53922,3772,71686,1717,125608,California
Tulare,2021-04-03,3646,197459,2109,106330,1163,86978,374,4151,841,52368,2767,74453,1213,126821,California
Tulare,2021-04-04,1638,199097,1150,107480,481,87459,7,4158,359,51459,1275,75728,366,127187,California
Tulare,2021-04-05,3374,202471,2353,109833,752,88211,269,4427,856,50080,2505,78233,1126,128313,California
Tulare,2021-04-06,3449,205920,1474,111307,1477,89688,498,4925,930,48999,2511,80744,1430,129743,California
Tulare,2021-04-07,3927,209847,1855,113162,1634,91322,438,5363,1189,47890,2727,83471,1618,131361,California
Tulare,2021-04-08,4821,214668,2636,115798,1719,93041,466,5829,1539,46622,3269,86740,2001,133362,California
Tulare,2021-04-09,4870,219538,3009,118807,1420,94461,441,6270,1837,45876,3024,89764,2278,135640,California
Tulare,2021-04-10,3875,223413,2093,120900,1459,95920,323,6593,949,44226,2917,92681,1267,136907,California
Tulare,2021-04-11,1595,225008,1055,121955,466,96386,74,6667,496,43699,1097,93778,570,137477,California
Tulare,2021-04-12,3426,228434,2137,124092,690,97076,599,7266,1074,43032,2343,96121,1676,139153,California
Tulare,2021-04-13,2422,230856,1596,125688,816,97892,10,7276,908,42450,1503,97624,921,140074,California
Tulare,2021-04-14,2892,233748,1706,127394,1186,99078,0,7276,918,41402,1969,99593,921,140995,California
Tulare,2021-04-15,3320,237068,2163,129557,1157,100235,0,7276,1489,41072,1820,101413,1490,142485,California
Tulare,2021-04-16,3689,240757,2233,131790,1456,101691,0,7276,1491,40385,2186,103599,1499,143984,California
Tulare,2021-04-17,2224,242981,1307,133097,917,102608,0,7276,1174,40515,1046,104645,1176,145160,California
Tulare,2021-04-18,1528,244509,1194,134291,334,102942,0,7276,818,40628,709,105354,822,145982,California
Tulare,2021-04-19,2134,246643,1224,135515,908,103850,2,7278,895,40290,1235,106589,897,146879,California
Tulare,2021-04-20,2340,248983,1317,136832,1023,104873,0,7278,993,39949,1334,107923,993,147872,California
Tulare,2021-04-21,2215,251198,1335,138167,880,105753,0,7278,812,39398,1364,109287,813,148685,California
Tulare,2021-04-22,2117,253315,1178,139345,939,106692,0,7278,728,38756,1370,110657,728,149413,California
Tulare,2021-04-23,2596,255911,1589,140934,1006,107698,1,7279,1021,38213,1564,112221,1021,150434,California
Tulare,2021-04-24,1648,257559,1056,141990,590,108288,2,7281,852,38276,791,113012,854,151288,California
Tulare,2021-04-25,700,258259,527,142517,173,108461,0,7281,268,38112,432,113444,268,151556,California
Tulare,2021-04-26,1527,259786,920,143437,588,109049,19,7300,639,37887,881,114325,656,152212,California
Tulare,2021-04-27,1670,261456,679,144116,952,110001,39,7339,714,37687,952,115277,752,152964,California
Tulare,2021-04-28,1714,263170,974,145090,698,110699,42,7381,674,37368,1035,116312,716,153680,California
Tulare,2021-04-29,2011,265181,1202,146292,769,111468,40,7421,779,36965,1220,117532,817,154497,California
Tulare,2021-04-30,2452,267633,1785,148077,617,112085,50,7471,905,36380,1539,119071,954,155451,California
Tulare,2021-05-01,1427,269060,1228,149305,187,112272,12,7483,728,36431,689,119760,740,156191,California
Tulare,2021-05-02,590,269650,501,149806,73,112345,16,7499,189,36238,398,120158,205,156396,California
Tulare,2021-05-03,1626,271276,1099,150905,402,112747,125,7624,350,35444,1269,121427,475,156871,California
Tulare,2021-05-04,1563,272839,835,151740,658,113405,70,7694,629,35214,926,122353,696,157567,California
Tulare,2021-05-05,1285,274124,622,152362,573,113978,90,7784,448,34926,826,123179,538,158105,California
Tulare,2021-05-06,1970,276094,1326,153688,595,114573,49,7833,592,34197,1370,124549,641,158746,California
Tulare,2021-05-07,1839,277933,1248,154936,523,115096,68,7901,526,33484,1306,125855,593,159339,California
Tulare,2021-05-08,1233,279166,807,155743,401,115497,25,7926,526,33335,700,126555,551,159890,California
Tulare,2021-05-09,594,279760,469,156212,104,115601,21,7947,117,33001,473,127028,139,160029,California
Tulare,2021-05-10,1025,280785,593,156805,366,115967,66,8013,310,32664,713,127741,376,160405,California
Tulare,2021-05-11,1254,282039,634,157439,538,116505,82,8095,521,32541,726,128467,603,161008,California
Tulare,2021-05-12,1580,283619,1016,158455,506,117011,58,8153,430,31893,1135,129602,487,161495,California
Tulare,2021-05-13,1556,285175,986,159441,531,117542,39,8192,695,31770,856,130458,733,162228,California
Tulare,2021-05-14,1930,287105,1242,160683,624,118166,64,8256,861,31637,1057,131515,924,163152,California
Tulare,2021-05-15,1570,288675,885,161568,639,118805,46,8302,672,31460,890,132405,713,163865,California
Tulare,2021-05-16,698,289373,558,162126,128,118933,12,8314,324,31424,372,132777,336,164201,California
Tulare,2021-05-17,1544,290917,958,163084,513,119446,73,8387,740,31440,797,133574,813,165014,California
Tulare,2021-05-18,1585,292502,857,163941,673,120119,55,8442,794,31501,786,134360,847,165861,California
Tulare,2021-05-19,1481,293983,957,164898,491,120610,33,8475,773,31605,702,135062,806,166667,California
Tulare,2021-05-20,1587,295570,1071,165969,429,121039,87,8562,766,31641,817,135879,853,167520,California
Tulare,2021-05-21,1951,297521,1429,167398,481,121520,41,8603,1071,31881,872,136751,1112,168632,California
Tulare,2021-05-22,1604,299125,1145,168543,436,121956,23,8626,605,31519,991,137742,629,169261,California
Tulare,2021-05-23,393,299518,312,168855,72,122028,9,8635,198,31533,193,137935,207,169468,California
Tulare,2021-05-24,907,300425,553,169408,294,122322,60,8695,405,31498,500,138435,465,169933,California
Tulare,2021-05-25,1188,301613,710,170118,446,122768,32,8727,509,31366,673,139108,541,170474,California
Tulare,2021-05-26,881,302494,487,170605,352,123120,42,8769,400,31331,476,139584,441,170915,California
Tulare,2021-05-27,1275,303769,808,171413,436,123556,31,8800,594,31280,678,140262,627,171542,California
Tulare,2021-05-28,1186,304955,660,172073,477,124033,49,8849,631,31410,549,140811,679,172221,California
Tulare,2021-05-29,870,305825,643,172716,208,124241,19,8868,500,31561,368,141179,519,172740,California
Tulare,2021-05-30,285,306110,206,172922,71,124312,8,8876,165,31616,118,141297,173,172913,California
Tulare,2021-05-31,131,306241,51,172973,69,124381,11,8887,55,31607,75,141372,66,172979,California
Tulare,2021-06-01,1051,307292,625,173598,395,124776,31,8918,405,31406,637,142009,436,173415,California
Tulare,2021-06-02,796,308088,469,174067,295,125071,32,8950,364,31380,420,142429,394,173809,California
Tulare,2021-06-03,1143,309231,811,174878,274,125345,58,9008,421,31156,702,143131,478,174287,California
Tulare,2021-06-04,1165,310396,834,175712,298,125643,33,9041,393,30814,768,143899,426,174713,California
Tulare,2021-06-05,875,311271,696,176408,164,125807,15,9056,298,30553,574,144473,313,175026,California
Tulare,2021-06-06,418,311689,354,176762,46,125853,18,9074,138,30430,279,144752,156,175182,California
Tulare,2021-06-07,881,312570,693,177455,151,126004,37,9111,287,30162,591,145343,323,175505,California
Tulare,2021-06-08,1047,313617,773,178228,213,126217,61,9172,352,29885,690,146033,413,175918,California
Tulare,2021-06-09,1075,314692,755,178983,287,126504,33,9205,344,29534,726,146759,375,176293,California
Tulare,2021-06-10,1094,315786,878,179861,181,126685,35,9240,381,29239,710,147469,415,176708,California
Tulare,2021-06-11,1224,317010,877,180738,312,126997,35,9275,377,28814,837,148306,412,177120,California
Tulare,2021-06-12,942,317952,732,181470,198,127195,12,9287,325,28542,609,148915,337,177457,California
Tulare,2021-06-13,292,318244,201,181671,89,127284,2,9289,82,28417,209,149124,84,177541,California
Tulare,2021-06-14,633,318877,449,182120,167,127451,17,9306,235,28275,394,149518,252,177793,California
Tulare,2021-06-15,340,319217,218,182338,106,127557,16,9322,155,28265,181,149699,171,177964,California
Tuolumne,2020-12-16,47,47,47,47,0,0,0,0,47,47,0,0,47,47,California
Tuolumne,2020-12-17,18,65,18,65,0,0,0,0,18,65,0,0,18,65,California
Tuolumne,2020-12-18,101,166,100,165,1,1,0,0,101,166,0,0,101,166,California
Tuolumne,2020-12-19,4,170,4,169,0,1,0,0,4,170,0,0,4,170,California
Tuolumne,2020-12-20,2,172,2,171,0,1,0,0,2,172,0,0,2,172,California
Tuolumne,2020-12-21,116,288,102,273,14,15,0,0,116,288,0,0,116,288,California
Tuolumne,2020-12-22,171,459,171,444,0,15,0,0,171,459,0,0,171,459,California
Tuolumne,2020-12-23,184,643,182,626,2,17,0,0,184,643,0,0,184,643,California
Tuolumne,2020-12-26,2,645,2,628,0,17,0,0,2,645,0,0,2,645,California
Tuolumne,2020-12-28,77,722,75,703,2,19,0,0,77,722,0,0,77,722,California
Tuolumne,2020-12-29,102,824,39,742,63,82,0,0,102,824,0,0,102,824,California
Tuolumne,2020-12-30,80,904,22,764,58,140,0,0,80,904,0,0,80,904,California
Tuolumne,2020-12-31,27,931,20,784,7,147,0,0,27,931,0,0,27,931,California
Tuolumne,2021-01-01,6,937,5,789,1,148,0,0,6,937,0,0,6,937,California
Tuolumne,2021-01-02,118,1055,116,905,2,150,0,0,118,1055,0,0,118,1055,California
Tuolumne,2021-01-03,2,1057,2,907,0,150,0,0,2,1057,0,0,2,1057,California
Tuolumne,2021-01-04,69,1126,26,933,43,193,0,0,69,1126,0,0,69,1126,California
Tuolumne,2021-01-05,93,1219,27,960,66,259,0,0,90,1214,3,3,91,1217,California
Tuolumne,2021-01-06,132,1351,71,1031,61,320,0,0,68,1218,64,67,68,1285,California
Tuolumne,2021-01-07,119,1470,63,1094,56,376,0,0,64,1227,55,122,64,1349,California
Tuolumne,2021-01-08,105,1575,82,1176,23,399,0,0,26,1176,78,200,27,1376,California
Tuolumne,2021-01-09,2,1577,0,1176,2,401,0,0,2,1178,0,200,2,1378,California
Tuolumne,2021-01-10,3,1580,1,1177,2,403,0,0,3,1181,0,200,3,1381,California
Tuolumne,2021-01-11,114,1694,88,1265,26,429,0,0,34,1135,80,280,34,1415,California
Tuolumne,2021-01-12,102,1796,86,1351,16,445,0,0,18,1069,84,364,18,1433,California
Tuolumne,2021-01-13,231,2027,125,1476,106,551,0,0,182,1203,49,413,183,1616,California
Tuolumne,2021-01-14,148,2175,108,1584,40,591,0,0,43,1142,104,517,43,1659,California
Tuolumne,2021-01-15,476,2651,74,1658,402,993,0,0,414,1496,61,578,415,2074,California
Tuolumne,2021-01-16,7,2658,3,1661,4,997,0,0,6,1501,1,579,6,2080,California
Tuolumne,2021-01-17,8,2666,4,1665,4,1001,0,0,8,1509,0,579,8,2088,California
Tuolumne,2021-01-18,46,2712,38,1703,8,1009,0,0,9,1482,36,615,9,2097,California
Tuolumne,2021-01-19,480,3192,75,1778,405,1414,0,0,434,1870,46,661,434,2531,California
Tuolumne,2021-01-20,76,3268,58,1836,18,1432,0,0,24,1843,51,712,24,2555,California
Tuolumne,2021-01-21,57,3325,24,1860,33,1465,0,0,41,1868,16,728,41,2596,California
Tuolumne,2021-01-22,170,3495,17,1877,153,1618,0,0,162,2022,8,736,162,2758,California
Tuolumne,2021-01-23,653,4148,134,2011,519,2137,0,0,546,2474,107,843,559,3317,California
Tuolumne,2021-01-24,523,4671,2,2013,521,2658,0,0,520,2993,3,846,522,3839,California
Tuolumne,2021-01-25,50,4721,28,2041,22,2680,0,0,24,2992,26,872,25,3864,California
Tuolumne,2021-01-26,80,4801,68,2109,12,2692,0,0,40,2993,40,912,41,3905,California
Tuolumne,2021-01-27,61,4862,4,2113,57,2749,0,0,8,2949,52,964,8,3913,California
Tuolumne,2021-01-28,26,4888,6,2119,20,2769,0,0,17,2957,9,973,17,3930,California
Tuolumne,2021-01-29,70,4958,5,2124,65,2834,0,0,32,2951,38,1011,32,3962,California
Tuolumne,2021-01-30,711,5669,553,2677,158,2992,0,0,689,3635,22,1033,706,4668,California
Tuolumne,2021-01-31,7,5676,2,2679,5,2997,0,0,4,3636,3,1036,4,4672,California
Tuolumne,2021-02-01,27,5703,7,2686,20,3017,0,0,24,3657,3,1039,24,4696,California
Tuolumne,2021-02-02,651,6354,45,2731,606,3623,0,0,638,4285,10,1049,638,5334,California
Tuolumne,2021-02-03,241,6595,112,2843,129,3752,0,0,87,4218,154,1203,87,5421,California
Tuolumne,2021-02-04,123,6718,13,2856,110,3862,0,0,61,4217,62,1265,61,5482,California
Tuolumne,2021-02-05,102,6820,15,2871,87,3949,0,0,36,4188,65,1330,36,5518,California
Tuolumne,2021-02-06,858,7678,582,3453,276,4225,0,0,849,5034,9,1339,855,6373,California
Tuolumne,2021-02-07,8,7686,4,3457,4,4229,0,0,4,5034,4,1343,4,6377,California
Tuolumne,2021-02-08,92,7778,41,3498,51,4280,0,0,68,5078,24,1367,68,6445,California
Tuolumne,2021-02-09,865,8643,52,3550,813,5093,0,0,822,5857,43,1410,822,7267,California
Tuolumne,2021-02-10,92,8735,17,3567,75,5168,0,0,31,5828,60,1470,31,7298,California
Tuolumne,2021-02-11,143,8878,68,3635,75,5243,0,0,78,5841,65,1535,78,7376,California
Tuolumne,2021-02-12,650,9528,20,3655,630,5873,0,0,208,5608,441,1976,208,7584,California
Tuolumne,2021-02-13,152,9680,41,3696,111,5984,0,0,121,5699,30,2006,121,7705,California
Tuolumne,2021-02-14,152,9832,14,3710,138,6122,0,0,150,5847,2,2008,150,7855,California
Tuolumne,2021-02-15,189,10021,11,3721,178,6300,0,0,180,6018,9,2017,180,8035,California
Tuolumne,2021-02-16,531,10552,18,3739,513,6813,0,0,122,5737,405,2422,124,8159,California
Tuolumne,2021-02-17,111,10663,63,3802,48,6861,0,0,61,5749,49,2471,61,8220,California
Tuolumne,2021-02-18,682,11345,26,3828,656,7517,0,0,630,6328,52,2523,631,8851,California
Tuolumne,2021-02-19,143,11488,23,3851,120,7637,0,0,43,6271,100,2623,43,8894,California
Tuolumne,2021-02-20,906,12394,341,4192,565,8202,0,0,383,6149,508,3131,386,9280,California
Tuolumne,2021-02-21,979,13373,40,4232,939,9141,0,0,470,6117,506,3637,474,9754,California
Tuolumne,2021-02-22,80,13453,57,4289,23,9164,0,0,46,6130,33,3670,46,9800,California
Tuolumne,2021-02-23,48,13501,24,4313,24,9188,0,0,26,6135,21,3691,26,9826,California
Tuolumne,2021-02-24,104,13605,58,4371,46,9234,0,0,42,6116,61,3752,42,9868,California
Tuolumne,2021-02-25,1052,14657,35,4406,1017,10251,0,0,1021,7106,31,3783,1021,10889,California
Tuolumne,2021-02-26,151,14808,11,4417,140,10391,0,0,125,7206,26,3809,126,11015,California
Tuolumne,2021-02-27,955,15763,579,4996,376,10767,0,0,250,6772,687,4496,253,11268,California
Tuolumne,2021-02-28,56,15819,4,5000,52,10819,0,0,52,6821,3,4499,52,11320,California
Tuolumne,2021-03-01,116,15935,22,5022,93,10912,1,1,78,6864,37,4536,80,11400,California
Tuolumne,2021-03-02,709,16644,76,5098,633,11545,0,1,107,6369,602,5138,107,11507,California
Tuolumne,2021-03-03,95,16739,21,5119,74,11619,0,1,67,6409,27,5165,67,11574,California
Tuolumne,2021-03-04,1173,17912,75,5194,1098,12717,0,1,1108,7452,65,5230,1108,12682,California
Tuolumne,2021-03-05,91,18003,10,5204,81,12798,0,1,53,7469,37,5267,54,12736,California
Tuolumne,2021-03-06,1059,19062,606,5810,451,13249,2,3,204,6830,848,6115,209,12945,California
Tuolumne,2021-03-07,40,19102,12,5822,14,13263,14,17,18,6840,22,6137,32,12977,California
Tuolumne,2021-03-08,197,19299,90,5912,100,13363,7,24,139,6928,58,6195,146,13123,California
Tuolumne,2021-03-09,859,20158,16,5928,832,14195,11,35,67,6221,786,6981,79,13202,California
Tuolumne,2021-03-10,79,20237,12,5940,56,14251,11,46,54,6261,25,7006,65,13267,California
Tuolumne,2021-03-11,1283,21520,38,5978,1240,15491,5,51,1256,7497,27,7033,1263,14530,California
Tuolumne,2021-03-12,299,21819,35,6013,249,15740,15,66,189,7595,109,7142,207,14737,California
Tuolumne,2021-03-13,114,21933,13,6026,101,15841,0,66,83,7649,30,7172,84,14821,California
Tuolumne,2021-03-14,148,22081,10,6036,129,15970,9,75,7,7529,141,7313,21,14842,California
Tuolumne,2021-03-15,302,22383,82,6118,217,16187,3,78,104,7447,197,7510,115,14957,California
Tuolumne,2021-03-16,806,23189,41,6159,754,16941,11,89,668,7989,137,7647,679,15636,California
Tuolumne,2021-03-17,153,23342,33,6192,107,17048,13,102,79,8008,73,7720,92,15728,California
Tuolumne,2021-03-18,948,24290,27,6219,908,17956,13,115,317,7712,626,8346,330,16058,California
Tuolumne,2021-03-19,136,24426,19,6238,87,18043,30,145,73,7753,62,8408,103,16161,California
Tuolumne,2021-03-20,95,24521,8,6246,77,18120,10,155,41,7750,53,8461,50,16211,California
Tuolumne,2021-03-21,834,25355,390,6636,434,18554,10,165,41,7020,782,9243,52,16263,California
Tuolumne,2021-03-22,164,25519,73,6709,72,18626,19,184,97,7070,66,9309,116,16379,California
Tuolumne,2021-03-23,715,26234,639,7348,62,18688,14,198,674,7717,40,9349,687,17066,California
Tuolumne,2021-03-24,110,26344,20,7368,72,18760,18,216,76,7778,33,9382,94,17160,California
Tuolumne,2021-03-25,1301,27645,24,7392,1274,20034,3,219,327,7136,972,10354,330,17490,California
Tuolumne,2021-03-26,277,27922,17,7409,236,20270,24,243,115,7126,150,10504,140,17630,California
Tuolumne,2021-03-27,581,28503,54,7463,527,20797,0,243,316,7181,263,10767,318,17948,California
Tuolumne,2021-03-28,46,28549,5,7468,41,20838,0,243,7,7151,38,10805,8,17956,California
Tuolumne,2021-03-29,207,28756,83,7551,124,20962,0,243,109,7165,95,10900,109,18065,California
Tuolumne,2021-03-30,162,28918,9,7560,152,21114,1,244,118,7241,43,10943,119,18184,California
Tuolumne,2021-03-31,94,29012,13,7573,79,21193,2,246,37,7225,55,10998,39,18223,California
Tuolumne,2021-04-01,1250,30262,29,7602,1221,22414,0,246,227,6432,1020,12018,227,18450,California
Tuolumne,2021-04-02,166,30428,9,7611,131,22545,26,272,90,6475,73,12091,116,18566,California
Tuolumne,2021-04-03,428,30856,35,7646,392,22937,1,273,239,6528,186,12277,239,18805,California
Tuolumne,2021-04-04,33,30889,3,7649,30,22967,0,273,20,6537,11,12288,20,18825,California
Tuolumne,2021-04-05,132,31021,19,7668,106,23073,7,280,59,6530,73,12361,66,18891,California
Tuolumne,2021-04-06,651,31672,516,8184,108,23181,27,307,516,6940,134,12495,544,19435,California
Tuolumne,2021-04-07,128,31800,37,8221,75,23256,16,323,50,6928,78,12573,66,19501,California
Tuolumne,2021-04-08,1448,33248,35,8256,1398,24654,15,338,248,5996,1195,13768,263,19764,California
Tuolumne,2021-04-09,274,33522,42,8298,189,24843,43,381,132,6033,142,13910,179,19943,California
Tuolumne,2021-04-10,55,33577,2,8300,33,24876,20,401,22,6043,32,13942,42,19985,California
Tuolumne,2021-04-11,18,33595,3,8303,12,24888,3,404,12,6052,6,13948,15,20000,California
Tuolumne,2021-04-12,173,33768,66,8369,102,24990,5,409,90,6069,78,14026,95,20095,California
Tuolumne,2021-04-13,788,34556,35,8404,753,25743,0,409,171,5632,608,14634,171,20266,California
Tuolumne,2021-04-14,157,34713,30,8434,127,25870,0,409,79,5638,74,14708,80,20346,California
Tuolumne,2021-04-15,345,35058,21,8455,324,26194,0,409,60,5420,278,14986,60,20406,California
Tuolumne,2021-04-16,255,35313,51,8506,204,26398,0,409,142,5459,104,15090,143,20549,California
Tuolumne,2021-04-17,44,35357,5,8511,39,26437,0,409,27,5469,17,15107,27,20576,California
Tuolumne,2021-04-18,9,35366,2,8513,7,26444,0,409,5,5471,4,15111,6,20582,California
Tuolumne,2021-04-19,176,35542,78,8591,98,26542,0,409,99,5495,75,15186,99,20681,California
Tuolumne,2021-04-20,709,36251,615,9206,94,26636,0,409,74,4942,627,15813,74,20755,California
Tuolumne,2021-04-21,118,36369,25,9231,93,26729,0,409,62,4953,51,15864,62,20817,California
Tuolumne,2021-04-22,711,37080,45,9276,666,27395,0,409,430,5112,272,16136,431,21248,California
Tuolumne,2021-04-23,172,37252,29,9305,143,27538,0,409,81,5106,88,16224,82,21330,California
Tuolumne,2021-04-24,78,37330,17,9322,61,27599,0,409,49,5126,29,16253,49,21379,California
Tuolumne,2021-04-25,25,37355,9,9331,16,27615,0,409,22,5145,3,16256,22,21401,California
Tuolumne,2021-04-26,157,37512,56,9387,101,27716,0,409,73,5136,83,16339,74,21475,California
Tuolumne,2021-04-27,139,37651,22,9409,110,27826,7,416,64,5135,72,16411,71,21546,California
Tuolumne,2021-04-28,113,37764,21,9430,81,27907,11,427,60,5154,52,16463,71,21617,California
Tuolumne,2021-04-29,277,38041,16,9446,253,28160,8,435,54,4997,219,16682,62,21679,California
Tuolumne,2021-04-30,366,38407,23,9469,331,28491,12,447,71,4789,291,16973,83,21762,California
Tuolumne,2021-05-01,25,38432,7,9476,13,28504,5,452,16,4801,9,16982,21,21783,California
Tuolumne,2021-05-02,26,38458,3,9479,21,28525,2,454,19,4815,7,16989,21,21804,California
Tuolumne,2021-05-03,110,38568,14,9493,91,28616,5,459,36,4783,73,17062,41,21845,California
Tuolumne,2021-05-04,707,39275,600,10093,103,28719,4,463,215,4510,491,17553,218,22063,California
Tuolumne,2021-05-05,109,39384,26,10119,77,28796,6,469,57,4524,49,17602,63,22126,California
Tuolumne,2021-05-06,288,39672,13,10132,259,29055,16,485,41,4337,243,17845,56,22182,California
Tuolumne,2021-05-07,329,40001,26,10158,295,29350,8,493,71,4159,257,18102,79,22261,California
Tuolumne,2021-05-08,46,40047,6,10164,36,29386,4,497,31,4179,15,18117,35,22296,California
Tuolumne,2021-05-09,17,40064,2,10166,13,29399,2,499,3,4170,14,18131,5,22301,California
Tuolumne,2021-05-10,113,40177,44,10210,63,29462,6,505,32,4128,80,18211,38,22339,California
Tuolumne,2021-05-11,202,40379,62,10272,128,29590,12,517,55,4049,146,18357,67,22406,California
Tuolumne,2021-05-12,130,40509,20,10292,106,29696,4,521,49,4021,81,18438,53,22459,California
Tuolumne,2021-05-13,116,40625,18,10310,90,29786,8,529,72,4056,44,18482,79,22538,California
Tuolumne,2021-05-14,206,40831,76,10386,120,29906,10,539,107,4076,97,18579,117,22655,California
Tuolumne,2021-05-15,56,40887,14,10400,35,29941,7,546,18,4064,38,18617,26,22681,California
Tuolumne,2021-05-16,26,40913,8,10408,16,29957,2,548,13,4066,13,18630,15,22696,California
Tuolumne,2021-05-17,110,41023,30,10438,77,30034,3,551,47,4054,63,18693,51,22747,California
Tuolumne,2021-05-18,178,41201,54,10492,77,30111,47,598,58,4040,119,18812,105,22852,California
Tuolumne,2021-05-19,119,41320,20,10512,66,30177,33,631,47,4049,71,18883,80,22932,California
Tuolumne,2021-05-20,405,41725,18,10530,382,30559,5,636,52,3755,351,19234,57,22989,California
Tuolumne,2021-05-21,197,41922,91,10621,101,30660,5,641,119,3802,77,19311,124,23113,California
Tuolumne,2021-05-22,56,41978,17,10638,34,30694,5,646,24,3799,31,19342,28,23141,California
Tuolumne,2021-05-23,27,42005,7,10645,19,30713,1,647,10,3793,17,19359,11,23152,California
Tuolumne,2021-05-24,134,42139,41,10686,87,30800,6,653,51,3768,82,19441,57,23209,California
Tuolumne,2021-05-25,294,42433,219,10905,69,30869,6,659,110,3701,183,19624,116,23325,California
Tuolumne,2021-05-26,88,42521,24,10929,62,30931,2,661,37,3689,51,19675,39,23364,California
Tuolumne,2021-05-27,73,42594,13,10942,57,30988,3,664,29,3678,43,19718,32,23396,California
Tuolumne,2021-05-28,111,42705,53,10995,57,31045,1,665,65,3700,44,19762,66,23462,California
Tuolumne,2021-05-29,38,42743,7,11002,25,31070,6,671,17,3702,21,19783,23,23485,California
Tuolumne,2021-05-30,18,42761,1,11003,14,31084,3,674,4,3695,14,19797,7,23492,California
Tuolumne,2021-05-31,10,42771,2,11005,7,31091,1,675,2,3690,8,19805,3,23495,California
Tuolumne,2021-06-01,75,42846,20,11025,52,31143,3,678,22,3663,52,19857,25,23520,California
Tuolumne,2021-06-02,73,42919,7,11032,58,31201,8,686,23,3645,49,19906,31,23551,California
Tuolumne,2021-06-03,75,42994,25,11057,35,31236,15,701,23,3632,51,19957,38,23589,California
Tuolumne,2021-06-04,132,43126,62,11119,67,31303,3,704,38,3581,92,20049,41,23630,California
Tuolumne,2021-06-05,40,43166,10,11129,28,31331,2,706,16,3576,23,20072,18,23648,California
Tuolumne,2021-06-06,19,43185,5,11134,7,31338,7,713,5,3574,14,20086,12,23660,California
Tuolumne,2021-06-07,59,43244,14,11148,37,31375,8,721,26,3575,33,20119,34,23694,California
Tuolumne,2021-06-08,73,43317,22,11170,50,31425,1,722,27,3559,44,20163,28,23722,California
Tuolumne,2021-06-09,87,43404,45,11215,32,31457,10,732,40,3563,46,20209,50,23772,California
Tuolumne,2021-06-10,96,43500,15,11230,74,31531,7,739,26,3526,70,20279,33,23805,California
Tuolumne,2021-06-11,102,43602,49,11279,50,31581,3,742,27,3482,74,20353,30,23835,California
Tuolumne,2021-06-12,60,43662,19,11298,25,31606,16,758,18,3476,40,20393,34,23869,California
Tuolumne,2021-06-13,17,43679,2,11300,10,31616,5,763,3,3470,14,20407,8,23877,California
Tuolumne,2021-06-14,83,43762,30,11330,49,31665,4,767,48,3487,35,20442,52,23929,California
Tuolumne,2021-06-15,97,43859,73,11403,17,31682,7,774,17,3432,79,20521,24,23953,California
Ventura,2020-12-15,5,5,5,5,0,0,0,0,5,5,0,0,5,5,California
Ventura,2020-12-16,74,79,74,79,0,0,0,0,74,79,0,0,74,79,California
Ventura,2020-12-17,250,329,250,329,0,0,0,0,250,329,0,0,250,329,California
Ventura,2020-12-18,1412,1741,1412,1741,0,0,0,0,1412,1741,0,0,1412,1741,California
Ventura,2020-12-19,914,2655,913,2654,1,1,0,0,914,2655,0,0,914,2655,California
Ventura,2020-12-20,429,3084,429,3083,0,1,0,0,429,3084,0,0,429,3084,California
Ventura,2020-12-21,1464,4548,1464,4547,0,1,0,0,1464,4548,0,0,1464,4548,California
Ventura,2020-12-22,1104,5652,1100,5647,4,5,0,0,1104,5652,0,0,1104,5652,California
Ventura,2020-12-23,1032,6684,982,6629,50,55,0,0,1032,6684,0,0,1032,6684,California
Ventura,2020-12-24,474,7158,377,7006,97,152,0,0,474,7158,0,0,474,7158,California
Ventura,2020-12-25,12,7170,7,7013,5,157,0,0,12,7170,0,0,12,7170,California
Ventura,2020-12-26,116,7286,95,7108,21,178,0,0,116,7286,0,0,116,7286,California
Ventura,2020-12-27,60,7346,29,7137,31,209,0,0,60,7346,0,0,60,7346,California
Ventura,2020-12-28,1071,8417,930,8067,141,350,0,0,1071,8417,0,0,1071,8417,California
Ventura,2020-12-29,1181,9598,773,8840,408,758,0,0,1181,9598,0,0,1181,9598,California
Ventura,2020-12-30,1991,11589,1528,10368,463,1221,0,0,1991,11589,0,0,1991,11589,California
Ventura,2020-12-31,480,12069,162,10530,318,1539,0,0,475,12059,5,5,475,12064,California
Ventura,2021-01-01,36,12105,14,10544,22,1561,0,0,36,12095,0,5,36,12100,California
Ventura,2021-01-02,172,12277,77,10621,95,1656,0,0,172,12267,0,5,172,12272,California
Ventura,2021-01-03,18,12295,8,10629,10,1666,0,0,18,12285,0,5,18,12290,California
Ventura,2021-01-04,1099,13394,556,11185,543,2209,0,0,1098,13383,0,5,1098,13388,California
Ventura,2021-01-05,1379,14773,782,11967,597,2806,0,0,1334,14672,45,50,1334,14722,California
Ventura,2021-01-06,2048,16821,1169,13136,879,3685,0,0,1622,15879,417,467,1624,16346,California
Ventura,2021-01-07,2063,18884,1319,14455,744,4429,0,0,1179,16178,881,1348,1180,17526,California
Ventura,2021-01-08,2197,21081,1475,15930,722,5151,0,0,907,15798,1288,2636,908,18434,California
Ventura,2021-01-09,718,21799,497,16427,221,5372,0,0,316,15712,402,3038,316,18750,California
Ventura,2021-01-10,341,22140,324,16751,17,5389,0,0,127,15625,214,3252,127,18877,California
Ventura,2021-01-11,2446,24586,1492,18243,954,6343,0,0,1490,16163,956,4208,1494,20371,California
Ventura,2021-01-12,3041,27627,1609,19852,1432,7775,0,0,2012,17146,1029,5237,2012,22383,California
Ventura,2021-01-13,2930,30557,1434,21286,1496,9271,0,0,2040,18300,887,6124,2041,24424,California
Ventura,2021-01-14,2728,33285,1053,22339,1675,10946,0,0,2284,20142,443,6567,2285,26709,California
Ventura,2021-01-15,2885,36170,965,23304,1920,12866,0,0,2670,22598,215,6782,2671,29380,California
Ventura,2021-01-16,479,36649,187,23491,292,13158,0,0,400,22919,79,6861,400,29780,California
Ventura,2021-01-17,263,36912,144,23635,119,13277,0,0,254,23165,8,6869,254,30034,California
Ventura,2021-01-18,2214,39126,1671,25306,543,13820,0,0,1667,24287,546,7415,1668,31702,California
Ventura,2021-01-19,3046,42172,2128,27434,918,14738,0,0,2147,25538,899,8314,2150,33852,California
Ventura,2021-01-20,4106,46278,3159,30593,947,15685,0,0,3046,27529,1057,9371,3048,36900,California
Ventura,2021-01-21,3863,50141,2703,33296,1160,16845,0,0,3183,30043,672,10043,3186,40086,California
Ventura,2021-01-22,3586,53727,2477,35773,1109,17954,0,0,3420,33299,166,10209,3422,43508,California
Ventura,2021-01-23,1147,54874,631,36404,516,18470,0,0,1050,34255,96,10305,1052,44560,California
Ventura,2021-01-24,451,55325,135,36539,316,18786,0,0,438,34680,13,10318,438,44998,California
Ventura,2021-01-25,3118,58443,2010,38549,1108,19894,0,0,2564,36692,553,10871,2565,47563,California
Ventura,2021-01-26,3691,62134,2210,40759,1481,21375,0,0,2684,38374,1004,11875,2686,50249,California
Ventura,2021-01-27,3445,65579,1552,42311,1893,23268,0,0,2694,40322,748,12623,2696,52945,California
Ventura,2021-01-28,3834,69413,1984,44295,1850,25118,0,0,3213,42931,606,13229,3215,56160,California
Ventura,2021-01-29,4269,73682,2530,46825,1739,26857,0,0,3765,46209,491,13720,3769,59929,California
Ventura,2021-01-30,3035,76717,1971,48796,1064,27921,0,0,2864,48907,167,13887,2865,62794,California
Ventura,2021-01-31,809,77526,426,49222,383,28304,0,0,722,49543,86,13973,722,63516,California
Ventura,2021-02-01,3958,81484,2114,51336,1844,30148,0,0,3176,51946,775,14748,3178,66694,California
Ventura,2021-02-02,4381,85865,2346,53682,2035,32183,0,0,3353,54277,1024,15772,3355,70049,California
Ventura,2021-02-03,4421,90286,2079,55761,2342,34525,0,0,3412,56686,1004,16776,3413,73462,California
Ventura,2021-02-04,4783,95069,2289,58050,2494,37019,0,0,3505,58925,1270,18046,3509,76971,California
Ventura,2021-02-05,4833,99902,2326,60376,2507,39526,0,0,3336,60779,1484,19530,3338,80309,California
Ventura,2021-02-06,2807,102709,1502,61878,1305,40831,0,0,2408,62789,398,19928,2408,82717,California
Ventura,2021-02-07,715,103424,238,62116,477,41308,0,0,586,63247,129,20057,587,83304,California
Ventura,2021-02-08,3531,106955,1642,63758,1889,43197,0,0,2437,64596,1089,21146,2438,85742,California
Ventura,2021-02-09,4698,111653,1963,65721,2735,45932,0,0,2449,64802,2246,23392,2452,88194,California
Ventura,2021-02-10,4683,116336,2221,67942,2462,48394,0,0,2374,64880,2297,25689,2375,90569,California
Ventura,2021-02-11,4645,120981,1862,69804,2783,51177,0,0,2428,65102,2209,27898,2431,93000,California
Ventura,2021-02-12,6283,127264,2647,72451,3636,54813,0,0,3218,65262,3058,30956,3218,96218,California
Ventura,2021-02-13,3264,130528,1813,74264,1451,56264,0,0,1826,65656,1434,32390,1828,98046,California
Ventura,2021-02-14,1206,131734,122,74386,1084,57348,0,0,996,66443,210,32600,997,99043,California
Ventura,2021-02-15,3967,135701,1785,76171,2182,59530,0,0,2104,66687,1860,34460,2104,101147,California
Ventura,2021-02-16,5528,141229,2695,78866,2833,62363,0,0,3000,67169,2518,36978,3000,104147,California
Ventura,2021-02-17,5271,146500,1903,80769,3368,65731,0,0,3327,68561,1935,38913,3327,107474,California
Ventura,2021-02-18,5753,152253,1814,82583,3939,69670,0,0,3637,70096,2102,41015,3637,111111,California
Ventura,2021-02-19,6455,158708,3756,86339,2699,72369,0,0,3002,69654,3447,44462,3005,114116,California
Ventura,2021-02-20,4923,163631,3168,89507,1755,74124,0,0,2753,70250,2161,46623,2757,116873,California
Ventura,2021-02-21,1075,164706,790,90297,285,74409,0,0,443,70066,627,47250,443,117316,California
Ventura,2021-02-22,5399,170105,2410,92707,2989,77398,0,0,3461,71599,1929,49179,3462,120778,California
Ventura,2021-02-23,5922,176027,2943,95650,2979,80377,0,0,3413,72523,2491,51670,3415,124193,California
Ventura,2021-02-24,7049,183076,2610,98260,4439,84816,0,0,4255,74003,2777,54447,4257,128450,California
Ventura,2021-02-25,7541,190617,2559,100819,4982,89798,0,0,4578,75633,2950,57397,4580,133030,California
Ventura,2021-02-26,9422,200039,2765,103584,6657,96455,0,0,6176,78592,3221,60618,6180,139210,California
Ventura,2021-02-27,10557,210596,5268,108852,5289,101744,0,0,7947,83956,2593,63211,7957,147167,California
Ventura,2021-02-28,2523,213119,1615,110467,907,102651,1,1,2064,85570,450,63661,2064,149231,California
Ventura,2021-03-01,7121,220240,2833,113300,4285,106936,3,4,4727,87935,2378,66039,4743,153974,California
Ventura,2021-03-02,7699,227939,4032,117332,3665,110601,2,6,5400,91047,2288,68327,5400,159374,California
Ventura,2021-03-03,8644,236583,3907,121239,4734,115335,3,9,6103,94634,2523,70850,6110,165484,California
Ventura,2021-03-04,8286,244869,3873,125112,4413,119748,0,9,5597,97561,2672,73522,5599,171083,California
Ventura,2021-03-05,10075,254944,4817,129929,5248,124996,10,19,7189,101898,2870,76392,7207,178290,California
Ventura,2021-03-06,7736,262680,4392,134321,3191,128187,153,172,5783,105891,1945,78337,5938,184228,California
Ventura,2021-03-07,1646,264326,609,134930,937,129124,100,272,1236,106817,410,78747,1336,185564,California
Ventura,2021-03-08,6834,271160,3439,138369,3241,132365,154,426,4727,109601,2100,80847,4884,190448,California
Ventura,2021-03-09,6835,277995,3016,141385,3625,135990,194,620,3971,110919,2851,83698,4169,194617,California
Ventura,2021-03-10,7003,284998,3015,144400,3748,139738,240,860,4686,113542,2302,86000,4925,199542,California
Ventura,2021-03-11,6510,291508,2886,147286,3312,143050,312,1172,3553,114464,2941,88941,3863,203405,California
Ventura,2021-03-12,8671,300179,3039,150325,4788,147838,844,2016,4249,115151,4404,93345,5091,208496,California
Ventura,2021-03-13,7232,307411,2499,152824,3895,151733,838,2854,4304,117375,2919,96264,5143,213639,California
Ventura,2021-03-14,2106,309517,465,153289,1141,152874,500,3354,705,117182,1399,97663,1206,214845,California
Ventura,2021-03-15,7067,316584,2037,155326,3680,156554,1350,4704,3132,117747,3911,101574,4476,219321,California
Ventura,2021-03-16,8107,324691,2450,157776,4543,161097,1114,5818,4174,119113,3920,105494,5286,224607,California
Ventura,2021-03-17,7719,332410,2792,160568,4582,165679,345,6163,4712,121186,2985,108479,5058,229665,California
Ventura,2021-03-18,7390,339800,3264,163832,3978,169657,148,6311,4825,123606,2552,111031,4972,234637,California
Ventura,2021-03-19,8629,348429,3785,167617,4733,174390,111,6422,5231,125573,3373,114404,5340,239977,California
Ventura,2021-03-20,8801,357230,5855,173472,2923,177313,23,6445,4539,125897,4239,118643,4563,244540,California
Ventura,2021-03-21,2781,360011,1516,174988,893,178206,372,6817,1310,126118,1457,120100,1678,246218,California
Ventura,2021-03-22,7399,367410,3679,178667,3617,181823,103,6920,4885,128613,2495,122595,4990,251208,California
Ventura,2021-03-23,8212,375622,3908,182575,4232,186055,72,6992,4602,129704,3581,126176,4672,255880,California
Ventura,2021-03-24,8928,384550,3409,185984,5443,191498,76,7068,4474,129833,4423,130599,4552,260432,California
Ventura,2021-03-25,8815,393365,3903,189887,4811,196309,101,7169,4459,130055,4337,134936,4559,264991,California
Ventura,2021-03-26,9943,403308,3365,193252,5922,202231,656,7825,3991,128778,5922,140858,4645,269636,California
Ventura,2021-03-27,8534,411842,3924,197176,4572,206803,38,7863,2400,125115,6102,146960,2439,272075,California
Ventura,2021-03-28,2507,414349,1407,198583,1092,207895,8,7871,1355,125332,1146,148106,1363,273438,California
Ventura,2021-03-29,8580,422929,4320,202903,4214,212109,46,7917,4258,125344,4292,152398,4304,277742,California
Ventura,2021-03-30,8980,431909,4458,207361,4394,216503,128,8045,4374,125254,4591,156989,4501,282243,California
Ventura,2021-03-31,10779,442688,4862,212223,5290,221793,627,8672,4655,124437,6097,163086,5280,287523,California
Ventura,2021-04-01,10852,453540,5280,217503,4694,226487,878,9550,5452,125404,5357,168443,6324,293847,California
Ventura,2021-04-02,11782,465322,4632,222135,5812,232299,1338,10888,5634,126263,6114,174557,6973,300820,California
Ventura,2021-04-03,8092,473414,4018,226153,2900,235199,1174,12062,3421,126191,4659,179216,4587,305407,California
Ventura,2021-04-04,1705,475119,953,227106,617,235816,135,12197,1144,126915,555,179771,1279,306686,California
Ventura,2021-04-05,9389,484508,4849,231955,3425,239241,1115,13312,4781,128214,4595,184366,5894,312580,California
Ventura,2021-04-06,10924,495432,5562,237517,3872,243113,1490,14802,5623,130050,5274,189640,7110,319690,California
Ventura,2021-04-07,11476,506908,5394,242911,4579,247692,1503,16305,5254,130597,6203,195843,6750,326440,California
Ventura,2021-04-08,10456,517364,5276,248187,4196,251888,984,17289,5222,131584,5210,201053,6197,332637,California
Ventura,2021-04-09,11357,528721,4365,252552,5264,257152,1728,19017,4970,131911,6362,207415,6689,339326,California
Ventura,2021-04-10,9795,538516,4107,256659,3523,260675,2165,21182,3121,130537,6655,214070,5281,344607,California
Ventura,2021-04-11,2440,540956,853,257512,1010,261685,577,21759,682,130046,1748,215818,1257,345864,California
Ventura,2021-04-12,9071,550027,4504,262016,3733,265418,834,22593,3807,129436,5247,221065,4637,350501,California
Ventura,2021-04-13,8921,558948,4540,266556,4375,269793,6,22599,3779,128123,5103,226168,3790,354291,California
Ventura,2021-04-14,8848,567796,4126,270682,4707,274500,15,22614,3411,126163,5399,231567,3439,357730,California
Ventura,2021-04-15,9468,577264,4590,275272,4852,279352,26,22640,4156,125107,5281,236848,4225,361955,California
Ventura,2021-04-16,10202,587466,4476,279748,5724,285076,2,22642,4818,124623,5364,242212,4880,366835,California
Ventura,2021-04-17,8909,596375,5321,285069,3574,288650,14,22656,5203,126151,3689,245901,5217,372052,California
Ventura,2021-04-18,2120,598495,1005,286074,1115,289765,0,22656,906,125849,1208,247109,906,372958,California
Ventura,2021-04-19,8098,606593,4836,290910,3260,293025,2,22658,4673,127123,3402,250511,4676,377634,California
Ventura,2021-04-20,9305,615898,4907,295817,4393,297418,5,22663,4388,126623,4893,255404,4393,382027,California
Ventura,2021-04-21,8970,624868,4595,300412,4370,301788,5,22668,4299,126271,4657,260061,4305,386332,California
Ventura,2021-04-22,10074,634942,5487,305899,4587,306375,0,22668,4498,125214,5556,265617,4499,390831,California
Ventura,2021-04-23,10887,645829,5376,311275,5510,311885,1,22669,5436,125227,5424,271041,5437,396268,California
Ventura,2021-04-24,10524,656353,5885,317160,4639,316524,0,22669,6205,127130,4303,275344,6206,402474,California
Ventura,2021-04-25,2472,658825,1712,318872,760,317284,0,22669,1156,126973,1313,276657,1156,403630,California
Ventura,2021-04-26,7931,666756,4528,323400,3336,320620,67,22736,3318,125770,4583,281240,3380,407010,California
Ventura,2021-04-27,9134,675890,5087,328487,3822,324442,225,22961,3448,123772,5669,286909,3671,410681,California
Ventura,2021-04-28,8338,684228,4816,333303,3204,327646,318,23279,3289,122353,5027,291936,3608,414289,California
Ventura,2021-04-29,7841,692069,4213,337516,3364,331010,264,23543,2810,120422,5004,296940,3073,417362,California
Ventura,2021-04-30,9373,701442,5432,342948,3667,334677,274,23817,3893,119131,5447,302387,4156,421518,California
Ventura,2021-05-01,5032,706474,3617,346565,1312,335989,103,23920,1956,118137,3052,305439,2058,423576,California
Ventura,2021-05-02,2115,708589,1419,347984,608,336597,88,24008,1025,118165,1086,306525,1114,424690,California
Ventura,2021-05-03,6240,714829,3859,351843,2102,338699,279,24287,1966,116154,4255,310780,2244,426934,California
Ventura,2021-05-04,6299,721128,3287,355130,2719,341418,293,24580,2300,114762,3985,314765,2593,429527,California
Ventura,2021-05-05,5333,726461,2981,358111,2094,343512,258,24838,1916,113541,3389,318154,2168,431695,California
Ventura,2021-05-06,6196,732657,3203,361314,2725,346237,268,25106,1994,111621,4183,322337,2263,433958,California
Ventura,2021-05-07,6746,739403,3356,364670,3119,349356,271,25377,2319,109812,4399,326736,2590,436548,California
Ventura,2021-05-08,5346,744749,4144,368814,1041,350397,161,25538,1220,107080,4111,330847,1379,437927,California
Ventura,2021-05-09,1030,745779,724,369538,260,350657,46,25584,387,106876,636,331483,432,438359,California
Ventura,2021-05-10,6090,751869,4079,373617,1799,352456,212,25796,1382,103772,4697,336180,1593,439952,California
Ventura,2021-05-11,5277,757146,3263,376880,1789,354245,225,26021,1522,101774,3744,339924,1746,441698,California
Ventura,2021-05-12,4938,762084,2864,379744,1857,356102,217,26238,1540,100149,3383,343307,1758,443456,California
Ventura,2021-05-13,6227,768311,3749,383493,2267,358369,211,26449,2221,98591,3992,347299,2434,445890,California
Ventura,2021-05-14,7253,775564,4457,387950,2593,360962,203,26652,2748,97052,4486,351785,2947,448837,California
Ventura,2021-05-15,6629,782193,5357,393307,1187,362149,85,26737,2780,96090,3828,355613,2866,451703,California
Ventura,2021-05-16,2165,784358,1676,394983,436,362585,53,26790,1019,96021,1141,356754,1072,452775,California
Ventura,2021-05-17,5840,790198,3547,398530,2079,364664,214,27004,2414,95240,3408,360162,2627,455402,California
Ventura,2021-05-18,5364,795562,3167,401697,2018,366682,179,27183,2149,94371,3196,363358,2327,457729,California
Ventura,2021-05-19,5796,801358,3519,405216,2067,368749,210,27393,2376,93559,3394,366752,2582,460311,California
Ventura,2021-05-20,5435,806793,3024,408240,2253,371002,158,27551,2146,92599,3260,370012,2300,462611,California
Ventura,2021-05-21,7914,814707,4461,412701,3278,374280,175,27726,2592,90074,5291,375303,2766,465377,California
Ventura,2021-05-22,5604,820311,2848,415549,2681,376961,75,27801,1746,88046,3849,379152,1821,467198,California
Ventura,2021-05-23,1934,822245,1476,417025,387,377348,71,27872,729,87648,1199,380351,801,467999,California
Ventura,2021-05-24,4508,826753,2435,419460,1907,379255,166,28038,1433,86186,3058,383409,1596,469595,California
Ventura,2021-05-25,4272,831025,2209,421669,1910,381165,153,28191,1411,84906,2843,386252,1563,471158,California
Ventura,2021-05-26,4265,835290,2268,423937,1834,382999,163,28354,1658,84138,2589,388841,1821,472979,California
Ventura,2021-05-27,3850,839140,1895,425832,1827,384826,128,28482,1376,83180,2461,391302,1503,474482,California
Ventura,2021-05-28,4495,843635,2475,428307,1828,386654,192,28674,1980,82850,2499,393801,2169,476651,California
Ventura,2021-05-29,2141,845776,1336,429643,738,387392,67,28741,1046,82879,1084,394885,1113,477764,California
Ventura,2021-05-30,900,846676,578,430221,269,387661,53,28794,371,82776,527,395412,424,478188,California
Ventura,2021-05-31,255,846931,136,430357,109,387770,10,28804,61,82653,194,395606,71,478259,California
Ventura,2021-06-01,3915,850846,2270,432627,1480,389250,165,28969,1301,81523,2596,398202,1466,479725,California
Ventura,2021-06-02,2935,853781,1625,434252,1174,390424,136,29105,1029,80795,1893,400095,1165,480890,California
Ventura,2021-06-03,3211,856992,1994,436246,1061,391485,156,29261,919,79589,2281,402376,1075,481965,California
Ventura,2021-06-04,4537,861529,3008,439254,1369,392854,160,29421,1491,78207,3033,405409,1651,483616,California
Ventura,2021-06-05,3799,865328,3171,442425,565,393419,63,29484,1169,76822,2617,408026,1232,484848,California
Ventura,2021-06-06,1244,866572,1061,443486,138,393557,45,29529,294,76220,940,408966,338,485186,California
Ventura,2021-06-07,3158,869730,2351,445837,698,394255,109,29638,960,75105,2184,411150,1069,486255,California
Ventura,2021-06-08,2977,872707,1980,447817,864,395119,133,29771,887,74044,2081,413231,1020,487275,California
Ventura,2021-06-09,2925,875632,2034,449851,785,395904,106,29877,759,72752,2156,415387,864,488139,California
Ventura,2021-06-10,3017,878649,2109,451960,806,396710,102,29979,819,71484,2188,417575,920,489059,California
Ventura,2021-06-11,3445,882094,2369,454329,942,397652,134,30113,972,70125,2462,420037,1103,490162,California
Ventura,2021-06-12,2140,884234,1677,456006,418,398070,45,30158,518,69072,1616,421653,563,490725,California
Ventura,2021-06-13,964,885198,741,456747,161,398231,62,30220,220,68611,743,422396,282,491007,California
Ventura,2021-06-14,2425,887623,1620,458367,689,398920,116,30336,728,67771,1681,424077,841,491848,California
Ventura,2021-06-15,1158,888781,693,459060,392,399312,73,30409,382,67459,767,424844,455,492303,California
Yolo,2020-12-15,39,39,39,39,0,0,0,0,39,39,0,0,39,39,California
Yolo,2020-12-16,78,117,78,117,0,0,0,0,78,117,0,0,78,117,California
Yolo,2020-12-17,106,223,106,223,0,0,0,0,106,223,0,0,106,223,California
Yolo,2020-12-18,229,452,229,452,0,0,0,0,229,452,0,0,229,452,California
Yolo,2020-12-19,86,538,86,538,0,0,0,0,86,538,0,0,86,538,California
Yolo,2020-12-20,103,641,103,641,0,0,0,0,103,641,0,0,103,641,California
Yolo,2020-12-21,253,894,253,894,0,0,0,0,253,894,0,0,253,894,California
Yolo,2020-12-22,384,1278,383,1277,1,1,0,0,384,1278,0,0,384,1278,California
Yolo,2020-12-23,438,1716,419,1696,19,20,0,0,438,1716,0,0,438,1716,California
Yolo,2020-12-24,154,1870,96,1792,58,78,0,0,154,1870,0,0,154,1870,California
Yolo,2020-12-25,1,1871,1,1793,0,78,0,0,1,1871,0,0,1,1871,California
Yolo,2020-12-26,75,1946,25,1818,50,128,0,0,75,1946,0,0,75,1946,California
Yolo,2020-12-27,47,1993,20,1838,27,155,0,0,47,1993,0,0,47,1993,California
Yolo,2020-12-28,353,2346,181,2019,172,327,0,0,353,2346,0,0,353,2346,California
Yolo,2020-12-29,492,2838,268,2287,224,551,0,0,492,2838,0,0,492,2838,California
Yolo,2020-12-30,630,3468,260,2547,370,921,0,0,630,3468,0,0,630,3468,California
Yolo,2020-12-31,186,3654,94,2641,92,1013,0,0,186,3654,0,0,186,3654,California
Yolo,2021-01-01,57,3711,55,2696,2,1015,0,0,57,3711,0,0,57,3711,California
Yolo,2021-01-02,70,3781,27,2723,43,1058,0,0,70,3781,0,0,70,3781,California
Yolo,2021-01-03,45,3826,19,2742,26,1084,0,0,45,3826,0,0,45,3826,California
Yolo,2021-01-04,190,4016,39,2781,151,1235,0,0,190,4016,0,0,190,4016,California
Yolo,2021-01-05,617,4633,238,3019,379,1614,0,0,555,4509,62,62,555,4571,California
Yolo,2021-01-06,485,5118,184,3203,301,1915,0,0,345,4714,140,202,345,4916,California
Yolo,2021-01-07,718,5836,231,3434,487,2402,0,0,529,5055,188,390,529,5445,California
Yolo,2021-01-08,634,6470,312,3746,322,2724,0,0,410,5242,223,613,410,5855,California
Yolo,2021-01-09,419,6889,69,3815,350,3074,0,0,373,5569,46,659,373,6228,California
Yolo,2021-01-10,403,7292,79,3894,324,3398,0,0,333,5832,70,729,333,6561,California
Yolo,2021-01-11,565,7857,328,4222,237,3635,0,0,289,5847,276,1005,291,6852,California
Yolo,2021-01-12,487,8344,370,4592,117,3752,0,0,175,5711,312,1317,176,7028,California
Yolo,2021-01-13,771,9115,312,4904,459,4211,0,0,520,5980,251,1568,520,7548,California
Yolo,2021-01-14,382,9497,182,5086,200,4411,0,0,278,6154,104,1672,278,7826,California
Yolo,2021-01-15,632,10129,324,5410,308,4719,0,0,550,6623,82,1754,551,8377,California
Yolo,2021-01-16,746,10875,92,5502,654,5373,0,0,715,7307,31,1785,715,9092,California
Yolo,2021-01-17,187,11062,118,5620,69,5442,0,0,180,7480,7,1792,180,9272,California
Yolo,2021-01-18,486,11548,306,5926,180,5622,0,0,381,7756,105,1897,381,9653,California
Yolo,2021-01-19,557,12105,371,6297,186,5808,0,0,383,7965,174,2071,383,10036,California
Yolo,2021-01-20,659,12764,380,6677,279,6087,0,0,472,8251,186,2257,472,10508,California
Yolo,2021-01-21,649,13413,386,7063,263,6350,0,0,463,8528,186,2443,463,10971,California
Yolo,2021-01-22,751,14164,252,7315,499,6849,0,0,635,9049,114,2557,635,11606,California
Yolo,2021-01-23,614,14778,123,7438,491,7340,0,0,566,9567,48,2605,566,12172,California
Yolo,2021-01-24,208,14986,123,7561,85,7425,0,0,167,9693,41,2646,167,12339,California
Yolo,2021-01-25,733,15719,158,7719,575,8000,0,0,511,9982,222,2868,511,12850,California
Yolo,2021-01-26,830,16549,329,8048,501,8501,0,0,434,10020,396,3264,434,13284,California
Yolo,2021-01-27,554,17103,220,8268,334,8835,0,0,377,10220,177,3441,377,13661,California
Yolo,2021-01-28,1052,18155,566,8834,486,9321,0,0,926,11021,125,3566,926,14587,California
Yolo,2021-01-29,901,19056,266,9100,635,9956,0,0,813,11748,87,3653,814,15401,California
Yolo,2021-01-30,1529,20585,929,10029,600,10556,0,0,1407,13039,116,3769,1407,16808,California
Yolo,2021-01-31,239,20824,201,10230,38,10594,0,0,212,13225,26,3795,212,17020,California
Yolo,2021-02-01,847,21671,361,10591,486,11080,0,0,613,13608,230,4025,613,17633,California
Yolo,2021-02-02,1343,23014,756,11347,587,11667,0,0,932,14130,411,4436,933,18566,California
Yolo,2021-02-03,1524,24538,399,11746,1125,12792,0,0,1183,14975,338,4774,1183,19749,California
Yolo,2021-02-04,1793,26331,281,12027,1512,14304,0,0,1235,15664,547,5321,1236,20985,California
Yolo,2021-02-05,1596,27927,909,12936,687,14991,0,0,1194,16458,401,5722,1195,22180,California
Yolo,2021-02-06,1951,29878,1266,14202,685,15676,0,0,1578,17664,373,6095,1579,23759,California
Yolo,2021-02-07,527,30405,247,14449,280,15956,0,0,169,17476,357,6452,169,23928,California
Yolo,2021-02-08,947,31352,328,14777,619,16575,0,0,604,17740,340,6792,604,24532,California
Yolo,2021-02-09,861,32213,387,15164,474,17049,0,0,575,18029,286,7078,575,25107,California
Yolo,2021-02-10,1467,33680,477,15641,990,18039,0,0,829,18222,638,7716,831,25938,California
Yolo,2021-02-11,1578,35258,810,16451,768,18807,0,0,1183,19010,395,8111,1183,27121,California
Yolo,2021-02-12,1922,37180,763,17214,1159,19966,0,0,1445,19982,473,8584,1445,28566,California
Yolo,2021-02-13,2058,39238,712,17926,1346,21312,0,0,1383,20690,675,9259,1383,29949,California
Yolo,2021-02-14,562,39800,151,18077,411,21723,0,0,437,21003,124,9383,437,30386,California
Yolo,2021-02-15,545,40345,204,18281,341,22064,0,0,274,21007,271,9654,275,30661,California
Yolo,2021-02-16,1130,41475,425,18706,705,22769,0,0,805,21488,325,9979,806,31467,California
Yolo,2021-02-17,1385,42860,701,19407,684,23453,0,0,992,22087,393,10372,992,32459,California
Yolo,2021-02-18,2487,45347,811,20218,1676,25129,0,0,1716,23034,770,11142,1717,34176,California
Yolo,2021-02-19,1752,47099,747,20965,1005,26134,0,0,1128,23540,622,11764,1128,35304,California
Yolo,2021-02-20,2458,49557,956,21921,1502,27636,0,0,1373,23834,1080,12844,1374,36678,California
Yolo,2021-02-21,289,49846,228,22149,61,27697,0,0,75,23696,213,13057,75,36753,California
Yolo,2021-02-22,1369,51215,598,22747,771,28468,0,0,696,23720,672,13729,696,37449,California
Yolo,2021-02-23,1142,52357,855,23602,287,28755,0,0,441,23461,700,14429,441,37890,California
Yolo,2021-02-24,2088,54445,594,24196,1494,30249,0,0,1383,24141,703,15132,1383,39273,California
Yolo,2021-02-25,1393,55838,486,24682,907,31156,0,0,920,24589,472,15604,920,40193,California
Yolo,2021-02-26,2619,58457,1028,25710,1591,32747,0,0,1380,24733,1236,16840,1380,41573,California
Yolo,2021-02-27,1689,60146,790,26500,899,33646,0,0,1234,25512,455,17295,1234,42807,California
Yolo,2021-02-28,1834,61980,1534,28034,300,33946,0,0,717,25115,1115,18410,718,43525,California
Yolo,2021-03-01,1134,63114,371,28405,763,34709,0,0,684,25351,448,18858,684,44209,California
Yolo,2021-03-02,1478,64592,696,29101,782,35491,0,0,945,25763,533,19391,945,45154,California
Yolo,2021-03-03,1871,66463,647,29748,1224,36715,0,0,847,25589,1022,20413,848,46002,California
Yolo,2021-03-04,2919,69382,1475,31223,1444,38159,0,0,1567,25807,1349,21762,1567,47569,California
Yolo,2021-03-05,2358,71740,1412,32635,935,39094,11,11,1467,26396,889,22651,1478,49047,California
Yolo,2021-03-06,1498,73238,1149,33784,320,39414,29,40,855,26639,641,23292,884,49931,California
Yolo,2021-03-07,916,74154,682,34466,220,39634,14,54,783,27303,133,23425,797,50728,California
Yolo,2021-03-08,1110,75264,498,34964,569,40203,43,97,765,27769,343,23768,809,51537,California
Yolo,2021-03-09,1270,76534,679,35643,528,40731,63,160,779,28122,489,24257,842,52379,California
Yolo,2021-03-10,1821,78355,1061,36704,470,41201,290,450,753,28094,1064,25321,1036,53415,California
Yolo,2021-03-11,2347,80702,1610,38314,670,41871,67,517,1610,29036,736,26057,1678,55093,California
Yolo,2021-03-12,2904,83606,1352,39666,1471,43342,81,598,1370,28961,1526,27583,1451,56544,California
Yolo,2021-03-13,1844,85450,728,40394,940,44282,176,774,998,29292,843,28426,1174,57718,California
Yolo,2021-03-14,1016,86466,207,40601,660,44942,149,923,539,29498,476,28902,682,58400,California
Yolo,2021-03-15,1320,87786,769,41370,369,45311,182,1105,710,29779,608,29510,889,59289,California
Yolo,2021-03-16,1883,89669,723,42093,1088,46399,72,1177,1117,30202,766,30276,1189,60478,California
Yolo,2021-03-17,2513,92182,986,43079,1454,47853,73,1250,1722,31241,788,31064,1827,62305,California
Yolo,2021-03-18,3028,95210,1037,44116,1771,49624,220,1470,1256,30949,1768,32832,1476,63781,California
Yolo,2021-03-19,2093,97303,870,44986,1154,50778,69,1539,1086,31104,1000,33832,1155,64936,California
Yolo,2021-03-20,2775,100078,823,45809,1908,52686,44,1583,1090,30561,1679,35511,1136,66072,California
Yolo,2021-03-21,315,100393,213,46022,94,52780,8,1591,207,30669,107,35618,215,66287,California
Yolo,2021-03-22,1405,101798,490,46512,856,53636,59,1650,920,31165,482,36100,978,67265,California
Yolo,2021-03-23,1735,103533,936,47448,743,54379,56,1706,1063,31612,671,36771,1118,68383,California
Yolo,2021-03-24,2875,106408,1408,48856,1417,55796,50,1756,1400,31600,1463,38234,1451,69834,California
Yolo,2021-03-25,2549,108957,1417,50273,1104,56900,28,1784,1250,31590,1288,39522,1278,71112,California
Yolo,2021-03-26,2391,111348,1258,51531,1114,58014,19,1803,1019,31263,1364,40886,1037,72149,California
Yolo,2021-03-27,1658,113006,466,51997,1175,59189,17,1820,751,31125,906,41792,768,72917,California
Yolo,2021-03-28,1111,114117,868,52865,225,59414,18,1838,250,30536,856,42648,267,73184,California
Yolo,2021-03-29,2015,116132,817,53682,1168,60582,30,1868,960,30475,1051,43699,990,74174,California
Yolo,2021-03-30,2275,118407,1085,54767,1171,61753,19,1887,1165,30554,1105,44804,1184,75358,California
Yolo,2021-03-31,2356,120763,1228,55995,1091,62844,37,1924,1176,30588,1179,45983,1213,76571,California
Yolo,2021-04-01,3854,124617,1863,57858,1516,64360,475,2399,1613,30437,2238,48221,2087,78658,California
Yolo,2021-04-02,3389,128006,1519,59377,1723,66083,147,2546,2104,31409,1279,49500,2251,80909,California
Yolo,2021-04-03,1825,129831,1102,60479,504,66587,219,2765,816,31436,1008,50508,1035,81944,California
Yolo,2021-04-04,394,130225,156,60635,176,66763,62,2827,146,31396,248,50756,208,82152,California
Yolo,2021-04-05,1919,132144,734,61369,1085,67848,100,2927,1017,31617,897,51653,1118,83270,California
Yolo,2021-04-06,2582,134726,1322,62691,1089,68937,171,3098,1300,31816,1273,52926,1472,84742,California
Yolo,2021-04-07,2990,137716,1526,64217,1109,70046,355,3453,1928,33047,1056,53982,2287,87029,California
Yolo,2021-04-08,2422,140138,1003,65220,945,70991,474,3927,1025,33148,1394,55376,1495,88524,California
Yolo,2021-04-09,2574,142712,922,66142,1086,72077,566,4493,852,32840,1718,57094,1410,89934,California
Yolo,2021-04-10,1760,144472,826,66968,751,72828,183,4676,1042,33349,715,57809,1224,91158,California
Yolo,2021-04-11,927,145399,287,67255,579,73407,61,4737,372,33229,552,58361,432,91590,California
Yolo,2021-04-12,1775,147174,526,67781,1105,74512,144,4881,1103,33807,669,59030,1247,92837,California
Yolo,2021-04-13,1987,149161,913,68694,1074,75586,0,4881,1047,33915,939,59969,1047,93884,California
Yolo,2021-04-14,2802,151963,769,69463,2033,77619,0,4881,1384,33888,1412,61381,1385,95269,California
Yolo,2021-04-15,3341,155304,1136,70599,2205,79824,0,4881,2298,35149,1037,62418,2298,97567,California
Yolo,2021-04-16,3059,158363,1977,72576,1082,80906,0,4881,1964,36025,1089,63507,1965,99532,California
Yolo,2021-04-17,1598,159961,468,73044,1130,82036,0,4881,828,36086,767,64274,828,100360,California
Yolo,2021-04-18,635,160596,304,73348,331,82367,0,4881,354,36165,277,64551,356,100716,California
Yolo,2021-04-19,1664,162260,713,74061,950,83317,1,4882,763,36033,896,65447,764,101480,California
Yolo,2021-04-20,2007,164267,1019,75080,988,84305,0,4882,1081,36190,924,66371,1081,102561,California
Yolo,2021-04-21,1971,166238,982,76062,989,85294,0,4882,1066,36356,900,67271,1066,103627,California
Yolo,2021-04-22,1933,168171,871,76933,1062,86356,0,4882,963,36355,965,68236,964,104591,California
Yolo,2021-04-23,2615,170786,1532,78465,1083,87439,0,4882,1157,36065,1447,69683,1157,105748,California
Yolo,2021-04-24,1165,171951,645,79110,518,87957,2,4884,460,35829,698,70381,462,106210,California
Yolo,2021-04-25,949,172900,407,79517,542,88499,0,4884,728,36337,220,70601,728,106938,California
Yolo,2021-04-26,1229,174129,485,80002,741,89240,3,4887,526,36167,700,71301,530,107468,California
Yolo,2021-04-27,1544,175673,724,80726,801,90041,19,4906,606,35856,938,72239,627,108095,California
Yolo,2021-04-28,2045,177718,1010,81736,1008,91049,27,4933,737,35316,1304,73543,764,108859,California
Yolo,2021-04-29,1754,179472,816,82552,856,91905,82,5015,696,35038,1055,74598,777,109636,California
Yolo,2021-04-30,2014,181486,996,83548,960,92865,58,5073,966,35019,1042,75640,1023,110659,California
Yolo,2021-05-01,1284,182770,995,84543,269,93134,20,5093,372,34500,911,76551,392,111051,California
Yolo,2021-05-02,520,183290,429,84972,68,93202,23,5116,324,34651,196,76747,347,111398,California
Yolo,2021-05-03,1120,184410,407,85379,680,93882,33,5149,299,34163,819,77566,331,111729,California
Yolo,2021-05-04,1447,185857,668,86047,755,94637,24,5173,502,33748,941,78507,526,112255,California
Yolo,2021-05-05,1555,187412,426,86473,1065,95702,64,5237,446,33156,1102,79609,510,112765,California
Yolo,2021-05-06,1494,188906,694,87167,720,96422,80,5317,485,32724,997,80606,565,113330,California
Yolo,2021-05-07,2310,191216,1391,88558,868,97290,51,5368,463,31397,1839,82445,512,113842,California
Yolo,2021-05-08,840,192056,358,88916,426,97716,56,5424,312,31239,525,82970,367,114209,California
Yolo,2021-05-09,395,192451,163,89079,219,97935,13,5437,89,31036,305,83275,102,114311,California
Yolo,2021-05-10,897,193348,352,89431,500,98435,45,5482,150,30485,745,84020,194,114505,California
Yolo,2021-05-11,1151,194499,664,90095,465,98900,22,5504,278,29915,870,84890,300,114805,California
Yolo,2021-05-12,1567,196066,700,90795,834,99734,33,5537,315,29016,1250,86140,351,115156,California
Yolo,2021-05-13,2170,198236,848,91643,1267,101001,55,5592,646,28197,1520,87660,701,115857,California
Yolo,2021-05-14,2033,200269,1517,93160,485,101486,31,5623,1156,28510,874,88534,1187,117044,California
Yolo,2021-05-15,1247,201516,711,93871,489,101975,47,5670,648,28606,599,89133,695,117739,California
Yolo,2021-05-16,1409,202925,1199,95070,204,102179,6,5676,989,29186,415,89548,995,118734,California
Yolo,2021-05-17,1079,204004,392,95462,668,102847,19,5695,315,28760,760,90308,334,119068,California
Yolo,2021-05-18,1686,205690,1106,96568,561,103408,19,5714,912,28922,769,91077,931,119999,California
Yolo,2021-05-19,1001,206691,580,97148,382,103790,39,5753,487,28936,512,91589,526,120525,California
Yolo,2021-05-20,1090,207781,692,97840,372,104162,26,5779,390,28658,694,92283,416,120941,California
Yolo,2021-05-21,1437,209218,935,98775,476,104638,26,5805,374,27998,1058,93341,398,121339,California
Yolo,2021-05-22,816,210034,537,99312,271,104909,8,5813,281,27757,530,93871,289,121628,California
Yolo,2021-05-23,617,210651,164,99476,436,105345,17,5830,108,27374,508,94379,125,121753,California
Yolo,2021-05-24,706,211357,346,99822,340,105685,20,5850,221,27134,482,94861,242,121995,California
Yolo,2021-05-25,876,212233,507,100329,347,106032,22,5872,342,26970,528,95389,364,122359,California
Yolo,2021-05-26,808,213041,265,100594,510,106542,33,5905,255,26710,548,95937,288,122647,California
Yolo,2021-05-27,756,213797,379,100973,328,106870,49,5954,304,26615,448,96385,353,123000,California
Yolo,2021-05-28,863,214660,390,101363,444,107314,29,5983,371,26526,488,96873,399,123399,California
Yolo,2021-05-29,591,215251,341,101704,213,107527,37,6020,272,26516,317,97190,307,123706,California
Yolo,2021-05-30,126,215377,69,101773,51,107578,6,6026,54,26506,70,97260,60,123766,California
Yolo,2021-05-31,70,215447,18,101791,48,107626,4,6030,16,26471,54,97314,19,123785,California
Yolo,2021-06-01,746,216193,320,102111,401,108027,25,6055,254,26264,486,97800,279,124064,California
Yolo,2021-06-02,756,216949,301,102412,434,108461,21,6076,235,26002,518,98318,256,124320,California
Yolo,2021-06-03,916,217865,589,103001,304,108765,23,6099,216,25544,697,99015,239,124559,California
Yolo,2021-06-04,1493,219358,1216,104217,254,109019,23,6122,382,24841,1107,100122,404,124963,California
Yolo,2021-06-05,723,220081,552,104769,154,109173,17,6139,167,24469,556,100678,184,125147,California
Yolo,2021-06-06,1108,221189,1044,105813,57,109230,7,6146,175,23719,932,101610,182,125329,California
Yolo,2021-06-07,517,221706,271,106084,226,109456,20,6166,175,23575,338,101948,194,125523,California
Yolo,2021-06-08,1037,222743,807,106891,211,109667,19,6185,199,22956,837,102785,218,125741,California
Yolo,2021-06-09,773,223516,480,107371,264,109931,29,6214,256,22726,514,103299,284,126025,California
Yolo,2021-06-10,568,224084,361,107732,176,110107,31,6245,169,22529,397,103696,200,126225,California
Yolo,2021-06-11,653,224737,447,108179,180,110287,26,6271,188,22281,462,104158,214,126439,California
Yolo,2021-06-12,434,225171,274,108453,141,110428,19,6290,115,22099,316,104474,134,126573,California
Yolo,2021-06-13,154,225325,115,108568,38,110466,1,6291,63,22073,90,104564,64,126637,California
Yolo,2021-06-14,348,225673,199,108767,118,110584,31,6322,107,21971,241,104805,139,126776,California
Yolo,2021-06-15,490,226163,214,108981,263,110847,13,6335,180,21856,308,105113,193,126969,California
Yuba,2020-12-16,4,4,4,4,0,0,0,0,4,4,0,0,4,4,California
Yuba,2020-12-17,4,8,4,8,0,0,0,0,4,8,0,0,4,8,California
Yuba,2020-12-18,7,15,7,15,0,0,0,0,7,15,0,0,7,15,California
Yuba,2020-12-19,12,27,12,27,0,0,0,0,12,27,0,0,12,27,California
Yuba,2020-12-20,19,46,19,46,0,0,0,0,19,46,0,0,19,46,California
Yuba,2020-12-21,40,86,40,86,0,0,0,0,40,86,0,0,40,86,California
Yuba,2020-12-22,85,171,85,171,0,0,0,0,85,171,0,0,85,171,California
Yuba,2020-12-23,65,236,63,234,2,2,0,0,65,236,0,0,65,236,California
Yuba,2020-12-24,21,257,11,245,10,12,0,0,21,257,0,0,21,257,California
Yuba,2020-12-26,14,271,13,258,1,13,0,0,14,271,0,0,14,271,California
Yuba,2020-12-27,15,286,15,273,0,13,0,0,15,286,0,0,15,286,California
Yuba,2020-12-28,50,336,34,307,16,29,0,0,50,336,0,0,50,336,California
Yuba,2020-12-29,75,411,10,317,65,94,0,0,75,411,0,0,75,411,California
Yuba,2020-12-30,66,477,21,338,45,139,0,0,66,477,0,0,66,477,California
Yuba,2020-12-31,37,514,6,344,31,170,0,0,37,514,0,0,37,514,California
Yuba,2021-01-02,23,537,22,366,1,171,0,0,23,537,0,0,23,537,California
Yuba,2021-01-03,10,547,6,372,4,175,0,0,10,547,0,0,10,547,California
Yuba,2021-01-04,92,639,23,395,69,244,0,0,92,639,0,0,92,639,California
Yuba,2021-01-05,72,711,38,433,34,278,0,0,71,709,1,1,71,710,California
Yuba,2021-01-06,154,865,76,509,78,356,0,0,148,851,6,7,148,858,California
Yuba,2021-01-07,77,942,20,529,57,413,0,0,74,921,4,11,74,932,California
Yuba,2021-01-08,73,1015,24,553,49,462,0,0,67,982,6,17,67,999,California
Yuba,2021-01-09,18,1033,16,569,2,464,0,0,10,984,8,25,10,1009,California
Yuba,2021-01-10,115,1148,22,591,93,557,0,0,93,1055,22,47,93,1102,California
Yuba,2021-01-11,72,1220,50,641,22,579,0,0,32,1047,40,87,32,1134,California
Yuba,2021-01-12,108,1328,78,719,30,609,0,0,44,1027,64,151,44,1178,California
Yuba,2021-01-13,120,1448,73,792,47,656,0,0,54,1016,65,216,54,1232,California
Yuba,2021-01-14,114,1562,43,835,71,727,0,0,102,1106,12,228,102,1334,California
Yuba,2021-01-15,202,1764,86,921,116,843,0,0,191,1286,11,239,191,1525,California
Yuba,2021-01-16,187,1951,21,942,166,1009,0,0,174,1447,13,252,174,1699,California
Yuba,2021-01-17,13,1964,9,951,4,1013,0,0,7,1448,6,258,7,1706,California
Yuba,2021-01-18,61,2025,31,982,30,1043,0,0,37,1461,24,282,37,1743,California
Yuba,2021-01-19,83,2108,33,1015,50,1093,0,0,67,1512,16,298,67,1810,California
Yuba,2021-01-20,137,2245,87,1102,50,1143,0,0,114,1603,23,321,114,1924,California
Yuba,2021-01-21,217,2462,98,1200,119,1262,0,0,209,1804,8,329,209,2133,California
Yuba,2021-01-22,105,2567,6,1206,99,1361,0,0,96,1891,9,338,96,2229,California
Yuba,2021-01-23,202,2769,7,1213,195,1556,0,0,200,2089,2,340,200,2429,California
Yuba,2021-01-24,10,2779,7,1220,3,1559,0,0,8,2095,2,342,8,2437,California
Yuba,2021-01-25,86,2865,30,1250,56,1615,0,0,53,2116,32,374,53,2490,California
Yuba,2021-01-26,147,3012,39,1289,108,1723,0,0,90,2149,57,431,90,2580,California
Yuba,2021-01-27,186,3198,131,1420,55,1778,0,0,117,2197,69,500,117,2697,California
Yuba,2021-01-28,228,3426,93,1513,135,1913,0,0,174,2317,54,554,174,2871,California
Yuba,2021-01-29,154,3580,47,1560,107,2020,0,0,114,2391,40,594,114,2985,California
Yuba,2021-01-30,415,3995,24,1584,391,2411,0,0,404,2784,11,605,404,3389,California
Yuba,2021-01-31,18,4013,12,1596,6,2417,0,0,16,2798,2,607,16,3405,California
Yuba,2021-02-01,155,4168,75,1671,80,2497,0,0,131,2907,23,630,132,3537,California
Yuba,2021-02-02,124,4292,21,1692,103,2600,0,0,101,2985,23,653,101,3638,California
Yuba,2021-02-03,228,4520,30,1722,198,2798,0,0,116,2990,111,764,116,3754,California
Yuba,2021-02-04,294,4814,118,1840,176,2974,0,0,250,3196,44,808,250,4004,California
Yuba,2021-02-05,150,4964,33,1873,117,3091,0,0,73,3192,77,885,73,4077,California
Yuba,2021-02-06,451,5415,24,1897,427,3518,0,0,444,3629,7,892,444,4521,California
Yuba,2021-02-07,19,5434,13,1910,6,3524,0,0,15,3640,4,896,15,4536,California
Yuba,2021-02-08,98,5532,37,1947,61,3585,0,0,69,3680,29,925,69,4605,California
Yuba,2021-02-09,158,5690,59,2006,99,3684,0,0,87,3696,71,996,87,4692,California
Yuba,2021-02-10,361,6051,174,2180,187,3871,0,0,123,3582,237,1233,123,4815,California
Yuba,2021-02-11,402,6453,67,2247,335,4206,0,0,303,3788,97,1330,303,5118,California
Yuba,2021-02-12,264,6717,26,2273,238,4444,0,0,150,3824,114,1444,150,5268,California
Yuba,2021-02-13,434,7151,36,2309,398,4842,0,0,383,4156,51,1495,383,5651,California
Yuba,2021-02-14,51,7202,10,2319,41,4883,0,0,46,4197,5,1500,46,5697,California
Yuba,2021-02-15,90,7292,37,2356,53,4936,0,0,70,4247,20,1520,70,5767,California
Yuba,2021-02-16,201,7493,52,2408,149,5085,0,0,142,4331,58,1578,142,5909,California
Yuba,2021-02-17,382,7875,157,2565,225,5310,0,0,102,4154,279,1857,102,6011,California
Yuba,2021-02-18,318,8193,49,2614,269,5579,0,0,194,4224,124,1981,194,6205,California
Yuba,2021-02-19,223,8416,79,2693,144,5723,0,0,138,4277,85,2066,138,6343,California
Yuba,2021-02-20,392,8808,31,2724,361,6084,0,0,337,4559,55,2121,337,6680,California
Yuba,2021-02-21,17,8825,14,2738,3,6087,0,0,7,4556,10,2131,7,6687,California
Yuba,2021-02-22,129,8954,79,2817,50,6137,0,0,40,4508,88,2219,40,6727,California
Yuba,2021-02-23,116,9070,26,2843,90,6227,0,0,49,4491,66,2285,49,6776,California
Yuba,2021-02-24,484,9554,137,2980,347,6574,0,0,105,4217,379,2664,105,6881,California
Yuba,2021-02-25,342,9896,136,3116,206,6780,0,0,217,4309,125,2789,217,7098,California
Yuba,2021-02-26,264,10160,71,3187,193,6973,0,0,147,4341,115,2904,147,7245,California
Yuba,2021-02-27,466,10626,47,3234,419,7392,0,0,383,4641,83,2987,383,7628,California
Yuba,2021-02-28,73,10699,23,3257,50,7442,0,0,52,4672,21,3008,52,7680,California
Yuba,2021-03-01,163,10862,45,3302,118,7560,0,0,82,4674,80,3088,82,7762,California
Yuba,2021-03-02,164,11026,39,3341,125,7685,0,0,83,4676,81,3169,83,7845,California
Yuba,2021-03-03,636,11662,160,3501,476,8161,0,0,203,4447,432,3601,203,8048,California
Yuba,2021-03-04,473,12135,273,3774,200,8361,0,0,327,4629,145,3746,327,8375,California
Yuba,2021-03-05,323,12458,58,3832,264,8625,1,1,255,4817,68,3814,256,8631,California
Yuba,2021-03-06,476,12934,33,3865,439,9064,4,5,369,5084,106,3920,373,9004,California
Yuba,2021-03-07,53,12987,29,3894,23,9087,1,6,39,5110,14,3934,40,9044,California
Yuba,2021-03-08,164,13151,51,3945,97,9184,16,22,102,5166,62,3996,118,9162,California
Yuba,2021-03-09,179,13330,45,3990,114,9298,20,42,84,5175,95,4091,104,9266,California
Yuba,2021-03-10,741,14071,237,4227,474,9772,30,72,238,4940,503,4594,268,9534,California
Yuba,2021-03-11,441,14512,196,4423,232,10004,13,85,295,5102,146,4740,308,9842,California
Yuba,2021-03-12,464,14976,83,4506,326,10330,55,140,153,4999,311,5051,208,10050,California
Yuba,2021-03-13,460,15436,341,4847,104,10434,15,155,362,5279,97,5148,377,10427,California
Yuba,2021-03-14,107,15543,20,4867,77,10511,10,165,48,5279,58,5206,58,10485,California
Yuba,2021-03-15,198,15741,53,4920,129,10640,16,181,104,5305,94,5300,120,10605,California
Yuba,2021-03-16,305,16046,77,4997,204,10844,24,205,191,5407,113,5413,215,10820,California
Yuba,2021-03-17,748,16794,165,5162,552,11396,31,236,196,5084,550,5963,227,11047,California
Yuba,2021-03-18,588,17382,159,5321,313,11709,116,352,356,5323,232,6195,471,11518,California
Yuba,2021-03-19,330,17712,119,5440,159,11868,52,404,185,5416,144,6339,237,11755,California
Yuba,2021-03-20,561,18273,82,5522,461,12329,18,422,479,5832,81,6420,497,12252,California
Yuba,2021-03-21,65,18338,39,5561,26,12355,0,422,50,5867,15,6435,50,12302,California
Yuba,2021-03-22,197,18535,72,5633,118,12473,7,429,154,5985,43,6478,161,12463,California
Yuba,2021-03-23,269,18804,80,5713,161,12634,28,457,181,6108,86,6564,209,12672,California
Yuba,2021-03-24,770,19574,258,5971,431,13065,81,538,189,5799,579,7143,270,12942,California
Yuba,2021-03-25,514,20088,271,6242,221,13286,22,560,255,5817,259,7402,277,13219,California
Yuba,2021-03-26,399,20487,141,6383,228,13514,30,590,229,5907,169,7571,259,13478,California
Yuba,2021-03-27,462,20949,29,6412,430,13944,3,593,408,6264,53,7624,410,13888,California
Yuba,2021-03-28,104,21053,43,6455,57,14001,4,597,34,6232,70,7694,38,13926,California
Yuba,2021-03-29,300,21353,89,6544,179,14180,32,629,183,6330,117,7811,215,14141,California
Yuba,2021-03-30,276,21629,68,6612,200,14380,8,637,189,6440,87,7898,197,14338,California
Yuba,2021-03-31,683,22312,115,6727,556,14936,12,649,242,6255,439,8337,254,14592,California
Yuba,2021-04-01,627,22939,291,7018,308,15244,28,677,292,6240,335,8672,320,14912,California
Yuba,2021-04-02,512,23451,98,7116,329,15573,85,762,192,6197,319,8991,276,15188,California
Yuba,2021-04-03,659,24110,56,7172,117,15690,486,1248,88,6201,570,9561,574,15762,California
Yuba,2021-04-04,61,24171,11,7183,43,15733,7,1255,32,6211,29,9590,39,15801,California
Yuba,2021-04-05,254,24425,86,7269,146,15879,22,1277,126,6232,126,9716,147,15948,California
Yuba,2021-04-06,355,24780,116,7385,179,16058,60,1337,170,6277,184,9900,229,16177,California
Yuba,2021-04-07,797,25577,413,7798,329,16387,55,1392,362,6261,432,10332,416,16593,California
Yuba,2021-04-08,758,26335,295,8093,196,16583,267,1659,282,6334,475,10807,548,17141,California
Yuba,2021-04-09,407,26742,171,8264,168,16751,68,1727,170,6336,236,11043,238,17379,California
Yuba,2021-04-10,600,27342,72,8336,79,16830,449,2176,71,6328,527,11570,519,17898,California
Yuba,2021-04-11,107,27449,27,8363,68,16898,12,2188,46,6326,60,11630,58,17956,California
Yuba,2021-04-12,215,27664,47,8410,137,17035,31,2219,79,6301,135,11765,110,18066,California
Yuba,2021-04-13,402,28066,104,8514,298,17333,0,2219,201,6302,200,11965,201,18267,California
Yuba,2021-04-14,718,28784,109,8623,609,17942,0,2219,126,5838,590,12555,126,18393,California
Yuba,2021-04-15,347,29131,133,8756,214,18156,0,2219,154,5800,193,12748,155,18548,California
Yuba,2021-04-16,341,29472,98,8854,243,18399,0,2219,182,5826,158,12906,184,18732,California
Yuba,2021-04-17,413,29885,61,8915,352,18751,0,2219,339,6092,73,12979,339,19071,California
Yuba,2021-04-18,56,29941,10,8925,46,18797,0,2219,26,6088,30,13009,26,19097,California
Yuba,2021-04-19,251,30192,106,9031,145,18942,0,2219,104,6045,147,13156,104,19201,California
Yuba,2021-04-20,323,30515,80,9111,243,19185,0,2219,181,6086,141,13297,182,19383,California
Yuba,2021-04-21,699,31214,279,9390,420,19605,0,2219,294,5975,405,13702,294,19677,California
Yuba,2021-04-22,363,31577,138,9528,225,19830,0,2219,202,6016,161,13863,202,19879,California
Yuba,2021-04-23,355,31932,115,9643,240,20070,0,2219,167,5997,186,14049,167,20046,California
Yuba,2021-04-24,221,32153,70,9713,151,20221,0,2219,126,6028,95,14144,126,20172,California
Yuba,2021-04-25,73,32226,30,9743,43,20264,0,2219,36,6027,37,14181,36,20208,California
Yuba,2021-04-26,241,32467,57,9800,180,20444,4,2223,109,6008,132,14313,113,20321,California
Yuba,2021-04-27,481,32948,163,9963,308,20752,10,2233,241,6021,238,14551,251,20572,California
Yuba,2021-04-28,436,33384,177,10140,254,21006,5,2238,149,5894,281,14832,154,20726,California
Yuba,2021-04-29,440,33824,73,10213,366,21372,1,2239,153,5762,286,15118,154,20880,California
Yuba,2021-04-30,327,34151,89,10302,208,21580,30,2269,137,5741,188,15306,167,21047,California
Yuba,2021-05-01,207,34358,92,10394,96,21676,19,2288,93,5740,113,15419,112,21159,California
Yuba,2021-05-02,72,34430,42,10436,26,21702,4,2292,37,5746,35,15454,41,21200,California
Yuba,2021-05-03,163,34593,65,10501,90,21792,8,2300,52,5697,109,15563,60,21260,California
Yuba,2021-05-04,327,34920,94,10595,212,22004,21,2321,149,5689,178,15741,170,21430,California
Yuba,2021-05-05,316,35236,77,10672,232,22236,7,2328,113,5606,203,15944,120,21550,California
Yuba,2021-05-06,279,35515,102,10774,138,22374,39,2367,91,5551,185,16129,130,21680,California
Yuba,2021-05-07,356,35871,92,10866,236,22610,28,2395,118,5458,238,16367,145,21825,California
Yuba,2021-05-08,108,35979,31,10897,71,22681,6,2401,46,5448,62,16429,52,21877,California
Yuba,2021-05-09,53,36032,24,10921,26,22707,3,2404,38,5474,15,16444,41,21918,California
Yuba,2021-05-10,171,36203,55,10976,98,22805,18,2422,54,5430,116,16560,72,21990,California
Yuba,2021-05-11,383,36586,172,11148,198,23003,13,2435,146,5353,235,16795,158,22148,California
Yuba,2021-05-12,273,36859,141,11289,124,23127,8,2443,114,5316,159,16954,122,22270,California
Yuba,2021-05-13,366,37225,196,11485,127,23254,43,2486,119,5234,244,17198,162,22432,California
Yuba,2021-05-14,368,37593,139,11624,208,23462,21,2507,160,5206,208,17406,180,22612,California
Yuba,2021-05-15,441,38034,112,11736,308,23770,21,2528,112,5011,327,17733,132,22744,California
Yuba,2021-05-16,139,38173,44,11780,86,23856,9,2537,85,5052,53,17786,94,22838,California
Yuba,2021-05-17,215,38388,90,11870,105,23961,20,2557,92,5043,121,17907,112,22950,California
Yuba,2021-05-18,390,38778,160,12030,221,24182,9,2566,166,4994,224,18131,175,23125,California
Yuba,2021-05-19,261,39039,144,12174,111,24293,6,2572,135,5009,126,18257,141,23266,California
Yuba,2021-05-20,427,39466,298,12472,117,24410,12,2584,266,5127,160,18417,278,23544,California
Yuba,2021-05-21,513,39979,269,12741,238,24648,6,2590,315,5252,196,18613,321,23865,California
Yuba,2021-05-22,230,40209,123,12864,96,24744,11,2601,92,5217,138,18751,103,23968,California
Yuba,2021-05-23,65,40274,32,12896,31,24775,2,2603,34,5222,31,18782,36,24004,California
Yuba,2021-05-24,155,40429,47,12943,91,24866,17,2620,44,5173,110,18892,61,24065,California
Yuba,2021-05-25,317,40746,110,13053,191,25057,16,2636,115,5103,201,19093,131,24196,California
Yuba,2021-05-26,232,40978,100,13153,116,25173,16,2652,90,5068,141,19234,106,24302,California
Yuba,2021-05-27,247,41225,75,13228,160,25333,12,2664,108,5052,136,19370,120,24422,California
Yuba,2021-05-28,246,41471,111,13339,129,25462,6,2670,121,5056,123,19493,127,24549,California
Yuba,2021-05-29,165,41636,67,13406,76,25538,22,2692,94,5102,70,19563,116,24665,California
Yuba,2021-05-30,50,41686,20,13426,25,25563,5,2697,20,5097,30,19593,25,24690,California
Yuba,2021-05-31,31,41717,3,13429,21,25584,7,2704,11,5095,20,19613,18,24708,California
Yuba,2021-06-01,248,41965,106,13535,135,25719,7,2711,87,5031,157,19770,93,24801,California
Yuba,2021-06-02,200,42165,79,13614,114,25833,7,2718,63,4965,136,19906,70,24871,California
Yuba,2021-06-03,176,42341,102,13716,69,25902,5,2723,63,4921,112,20018,68,24939,California
Yuba,2021-06-04,244,42585,120,13836,115,26017,9,2732,81,4848,163,20181,90,25029,California
Yuba,2021-06-05,199,42784,150,13986,43,26060,6,2738,91,4838,107,20288,97,25126,California
Yuba,2021-06-06,106,42890,90,14076,13,26073,3,2741,23,4782,82,20370,26,25152,California
Yuba,2021-06-07,118,43008,49,14125,52,26125,17,2758,38,4757,80,20450,55,25207,California
Yuba,2021-06-08,241,43249,109,14234,123,26248,9,2767,71,4669,168,20618,80,25287,California
Yuba,2021-06-09,173,43422,104,14338,63,26311,6,2773,75,4653,97,20715,81,25368,California
Yuba,2021-06-10,375,43797,302,14640,68,26379,5,2778,94,4473,279,20994,99,25467,California
Yuba,2021-06-11,326,44123,234,14874,79,26458,13,2791,65,4290,261,21255,78,25545,California
Yuba,2021-06-12,128,44251,87,14961,36,26494,5,2796,37,4241,91,21346,42,25587,California
Yuba,2021-06-13,46,44297,20,14981,22,26516,4,2800,13,4226,32,21378,17,25604,California
Yuba,2021-06-14,75,44372,22,15003,46,26562,7,2807,21,4201,53,21431,28,25632,California
Yuba,2021-06-15,115,44487,26,15029,85,26647,4,2811,38,4167,76,21507,42,25674,California
