county,administered_date,total_doses,cumulative_total_doses,pfizer_doses,cumulative_pfizer_doses,moderna_doses,cumulative_moderna_doses,jj_doses,cumulative_jj_doses,partially_vaccinated,total_partially_vaccinated,fully_vaccinated,cumulative_fully_vaccinated,at_least_one_dose,cumulative_at_least_one_dose,california_flag
All CA Counties,2020-12-15,1148,1148,1148,1148,0,0,0,0,1148,1148,0,0,1148,1148,
All CA Counties,2020-12-16,8435,9583,8435,9583,0,0,0,0,8435,9583,0,0,8435,9583,
All CA Counties,2020-12-17,26408,35991,26408,35991,0,0,0,0,26410,35993,0,0,26410,35993,
All CA Counties,2020-12-18,44728,80719,44672,80663,56,56,0,0,44728,80720,1,1,44728,80721,
All CA Counties,2020-12-19,25317,106036,25292,105955,25,81,0,0,25316,106035,1,2,25316,106037,
All CA Counties,2020-12-20,19003,125039,18976,124931,27,108,0,0,19002,125036,1,3,19002,125039,
All CA Counties,2020-12-21,49644,174683,49553,174484,91,199,0,0,49645,174679,3,6,49646,174685,
All CA Counties,2020-12-22,50029,224712,47896,222380,2133,2332,0,0,50023,224700,2,8,50023,224708,
All CA Counties,2020-12-23,50567,275279,41773,264153,8794,11126,0,0,50560,275258,5,13,50563,275271,
All CA Counties,2020-12-24,24058,299337,16326,280479,7732,18858,0,0,24052,299307,5,18,24054,299325,
All CA Counties,2020-12-25,2342,301679,2018,282497,324,19182,0,0,2342,301649,0,18,2342,301667,
All CA Counties,2020-12-26,14584,316263,9434,291931,5150,24332,0,0,14582,316229,2,20,14582,316249,
All CA Counties,2020-12-27,9440,325703,5591,297522,3849,28181,0,0,9437,325663,3,23,9437,325686,
All CA Counties,2020-12-28,46008,371711,29466,326988,16542,44723,0,0,46005,371665,3,26,46005,371691,
All CA Counties,2020-12-29,51219,422930,28544,355532,22675,67398,0,0,51213,422874,4,30,51213,422904,
All CA Counties,2020-12-30,63039,485969,35595,391127,27444,94842,0,0,63029,485898,8,38,63032,485936,
All CA Counties,2020-12-31,29510,515479,10908,402035,18602,113444,0,0,29491,515373,17,55,29492,515428,
All CA Counties,2021-01-01,4376,519855,1972,404007,2404,115848,0,0,4368,519734,7,62,4368,519796,
All CA Counties,2021-01-02,18497,538352,10232,414239,8265,124113,0,0,18496,538230,0,62,18496,538292,
All CA Counties,2021-01-03,6181,544533,3498,417737,2683,126796,0,0,6148,544365,13,75,6148,544440,
All CA Counties,2021-01-04,43589,588122,22063,439800,21526,148322,0,0,43511,587836,40,115,43511,587951,
All CA Counties,2021-01-05,56614,644736,29839,469639,26775,175097,0,0,51063,633498,5495,5610,51157,639108,
All CA Counties,2021-01-06,73449,718185,40531,510170,32918,208015,0,0,57862,675991,15406,21016,57899,697007,
All CA Counties,2021-01-07,92137,810322,52392,562562,39745,247760,0,0,61051,706185,30914,51930,61108,758115,
All CA Counties,2021-01-08,106847,917169,64170,626732,42677,290437,0,0,65147,729841,41558,93488,65214,823329,
All CA Counties,2021-01-09,44434,961603,25555,652287,18879,309316,0,0,27819,741102,16585,110073,27846,851175,
All CA Counties,2021-01-10,24337,985940,14865,667152,9472,318788,0,0,13094,742989,11226,121299,13113,864288,
All CA Counties,2021-01-11,104610,1090550,69590,736742,35020,353808,0,0,60679,759955,43887,165186,60853,925141,
All CA Counties,2021-01-12,113737,1204287,67346,804088,46391,400199,0,0,72481,791557,41153,206339,72755,997896,
All CA Counties,2021-01-13,119338,1323625,61915,866003,57423,457622,0,0,85458,843351,33792,240131,85586,1083482,
All CA Counties,2021-01-14,124092,1447717,49815,915818,74277,531899,0,0,104374,928390,19615,259746,104654,1188136,
All CA Counties,2021-01-15,142053,1589770,51855,967673,90198,622097,0,0,126973,1040588,14989,274735,127187,1315323,
All CA Counties,2021-01-16,80626,1670396,27414,995087,53212,675309,0,0,73028,1106115,7569,282304,73096,1388419,
All CA Counties,2021-01-17,48285,1718681,16883,1011970,31402,706711,0,0,44616,1147121,3657,285961,44663,1433082,
All CA Counties,2021-01-18,88258,1806939,46088,1058058,42170,748881,0,0,68920,1196947,19262,305223,69088,1502170,
All CA Counties,2021-01-19,142171,1949110,73723,1131781,68448,817329,0,0,110946,1277093,31130,336353,111276,1613446,
All CA Counties,2021-01-20,160863,2109973,82122,1213903,78741,896070,0,0,127150,1371019,33488,369841,127414,1740860,
All CA Counties,2021-01-21,173904,2283877,77072,1290975,96832,992902,0,0,154735,1507174,18948,388789,155103,1895963,
All CA Counties,2021-01-22,169983,2453860,69359,1360334,100624,1093526,0,0,155643,1648766,14200,402989,155792,2051755,
All CA Counties,2021-01-23,111583,2565443,49536,1409870,62047,1155573,0,0,99027,1735413,12498,415487,99145,2150900,
All CA Counties,2021-01-24,60971,2626414,29471,1439341,31500,1187073,0,0,56307,1787151,4633,420120,56371,2207271,
All CA Counties,2021-01-25,145379,2771793,65435,1504776,79944,1267017,0,0,110114,1862501,35133,455253,110483,2317754,
All CA Counties,2021-01-26,169305,2941098,83133,1587909,86172,1353189,0,0,131636,1956876,37532,492785,131907,2449661,
All CA Counties,2021-01-27,182980,3124078,88032,1675941,94948,1448137,0,0,143445,2061337,39207,531992,143668,2593329,
All CA Counties,2021-01-28,188578,3312656,87059,1763000,101519,1549656,0,0,154299,2181890,33985,565977,154538,2747867,
All CA Counties,2021-01-29,184263,3496919,88600,1851600,95663,1645319,0,0,149480,2297353,34205,600182,149668,2897535,
All CA Counties,2021-01-30,124081,3621000,56001,1907601,68080,1713399,0,0,108599,2390789,15311,615493,108747,3006282,
All CA Counties,2021-01-31,69349,3690349,38902,1946503,30447,1743846,0,0,64537,2450620,4763,620256,64594,3070876,
All CA Counties,2021-02-01,162038,3852387,75995,2022498,86043,1829889,0,0,121267,2531420,40602,660858,121402,3192278,
All CA Counties,2021-02-02,185459,4037846,78111,2100609,107348,1937237,0,0,140951,2628371,44224,705082,141175,3333453,
All CA Counties,2021-02-03,211023,4248869,95589,2196198,115434,2052671,0,0,156606,2731312,53918,759000,156859,3490312,
All CA Counties,2021-02-04,228004,4476873,99921,2296119,128083,2180754,0,0,167355,2838922,60109,819109,167719,3658031,
All CA Counties,2021-02-05,246345,4723218,106559,2402678,139786,2320540,0,0,167445,2928817,78094,897203,167989,3826020,
All CA Counties,2021-02-06,155154,4878372,75201,2477879,79953,2400493,0,0,120352,3015031,34633,931836,120847,3946867,
All CA Counties,2021-02-07,67166,4945538,43540,2521419,23626,2424119,0,0,50717,3049832,16368,948204,51169,3998036,
All CA Counties,2021-02-08,181665,5127203,89649,2611068,92016,2516135,0,0,120023,3109404,61203,1009407,120775,4118811,
All CA Counties,2021-02-09,211616,5338819,102424,2713492,109192,2625327,0,0,126912,3153222,84247,1093654,128065,4246876,
All CA Counties,2021-02-10,248817,5587636,119914,2833406,128903,2754230,0,0,138182,3183065,109821,1203475,139664,4386540,
All CA Counties,2021-02-11,265755,5853391,131658,2965064,134097,2888327,0,0,145279,3210791,119350,1322825,147076,4533616,
All CA Counties,2021-02-12,272565,6125956,119443,3084507,153122,3041449,0,0,147124,3235736,124557,1447382,149502,4683118,
All CA Counties,2021-02-13,166790,6292746,77384,3161891,89406,3130855,0,0,92115,3255503,74299,1521681,94066,4777184,
All CA Counties,2021-02-14,95359,6388105,47454,3209345,47905,3178760,0,0,51594,3265046,43593,1565274,53136,4830320,
All CA Counties,2021-02-15,142517,6530622,62532,3271877,79985,3258745,0,0,78800,3283630,63340,1628614,81924,4912244,
All CA Counties,2021-02-16,249244,6779866,118394,3390271,130850,3389595,0,0,133195,3304261,115666,1744280,136297,5048541,
All CA Counties,2021-02-17,259443,7039309,129186,3519457,130257,3519852,0,0,129098,3306775,129794,1874074,132308,5180849,
All CA Counties,2021-02-18,273195,7312504,142564,3662021,130631,3650483,0,0,131988,3302512,140481,2014555,136218,5317067,
All CA Counties,2021-02-19,253577,7566081,147132,3809153,106445,3756928,0,0,130749,3313030,122321,2136876,132839,5449906,
All CA Counties,2021-02-20,153941,7720022,98660,3907813,55281,3812209,0,0,84618,3330580,69052,2205928,86602,5536508,
All CA Counties,2021-02-21,83032,7803054,68784,3976597,14248,3826457,0,0,41701,3332761,41072,2247000,43253,5579761,
All CA Counties,2021-02-22,165040,7968094,110563,4087160,54477,3880934,0,0,82594,3334959,82119,2329119,84317,5664078,
All CA Counties,2021-02-23,226657,8194751,119952,4207112,106705,3987639,0,0,105583,3326072,120463,2449582,111576,5775654,
All CA Counties,2021-02-24,284303,8479054,143837,4350949,140466,4128105,0,0,134990,3319929,148680,2598262,142537,5918191,
All CA Counties,2021-02-25,322973,8802027,159467,4510416,163506,4291611,0,0,169124,3344461,153144,2751406,177676,6095867,
All CA Counties,2021-02-26,357432,9159459,166641,4677057,190791,4482402,0,0,198974,3393184,157530,2908936,206253,6302120,
All CA Counties,2021-02-27,253791,9413250,123631,4800688,130137,4612539,23,23,144146,3432755,109011,3017947,148582,6450702,
All CA Counties,2021-02-28,135350,9548600,81234,4881922,54106,4666645,10,33,79579,3459850,55334,3073281,82429,6533131,
All CA Counties,2021-03-01,244547,9793147,130621,5012543,113812,4780457,114,147,140910,3502032,102851,3176132,145033,6678164,
All CA Counties,2021-03-02,289688,10082835,146544,5159087,143118,4923575,26,173,174650,3569085,114510,3290642,181563,6859727,
All CA Counties,2021-03-03,332835,10415670,165177,5324264,167596,5091171,62,235,191640,3627583,140495,3431137,198993,7058720,
All CA Counties,2021-03-04,351953,10767623,178242,5502506,173617,5264788,94,329,206560,3696637,144628,3575765,213682,7272402,
All CA Counties,2021-03-05,339970,11107593,167299,5669805,171547,5436335,1124,1453,211621,3789121,127526,3703291,220010,7492412,
All CA Counties,2021-03-06,259752,11367345,133390,5803195,118507,5554842,7855,9308,161578,3865508,97748,3801039,174135,7666547,
All CA Counties,2021-03-07,128032,11495377,78649,5881844,45223,5600065,4160,13468,80255,3906011,47589,3848628,88092,7754639,
All CA Counties,2021-03-08,219372,11714749,106468,5988312,102401,5702466,10503,23971,143627,3989753,75352,3923980,159094,7913733,
All CA Counties,2021-03-09,291812,12006561,139538,6127850,136331,5838797,15943,39914,163797,4046014,127524,4051504,183785,8097518,
All CA Counties,2021-03-10,322897,12329458,161100,6288950,137324,5976121,24473,64387,175103,4102632,147124,4198628,203742,8301260,
All CA Counties,2021-03-11,376787,12706245,182158,6471108,161307,6137428,33322,97709,193630,4151583,182207,4380835,231158,8532418,
All CA Counties,2021-03-12,395497,13101742,176781,6647889,172422,6309850,46294,144003,194122,4195618,200562,4581397,244597,8777015,
All CA Counties,2021-03-13,283735,13385477,124949,6772838,127654,6437504,31132,175135,153320,4254359,129956,4711353,188697,8965712,
All CA Counties,2021-03-14,155043,13540520,83345,6856183,56598,6494102,15100,190235,78611,4274195,76140,4787493,95976,9061688,
All CA Counties,2021-03-15,290805,13831325,138972,6995155,131226,6625328,20607,210842,158127,4324406,131921,4919414,182132,9243820,
All CA Counties,2021-03-16,370451,14201776,174044,7169199,179110,6804438,17297,228139,214691,4404589,155009,5074423,235192,9479012,
All CA Counties,2021-03-17,383818,14585594,189831,7359030,175417,6979855,18570,246709,237605,4517924,145371,5219794,258706,9737718,
All CA Counties,2021-03-18,400937,14986531,205359,7564389,177540,7157395,18038,264747,237618,4613513,162214,5382008,257803,9995521,
All CA Counties,2021-03-19,410956,15397487,216037,7780426,173291,7330686,21628,286375,238262,4703773,171708,5553716,261968,10257489,
All CA Counties,2021-03-20,294969,15692456,155146,7935572,123943,7454629,15880,302255,186167,4799189,108133,5661849,203549,10461038,
All CA Counties,2021-03-21,143809,15836265,99410,8034982,36863,7491492,7536,309791,88277,4841238,55154,5717003,97203,10558241,
All CA Counties,2021-03-22,273317,16109582,159120,8194102,102973,7594465,11224,321015,177507,4938000,95015,5812018,191777,10750018,
All CA Counties,2021-03-23,357338,16466920,196671,8390773,149590,7744055,11077,332092,219350,5033967,137054,5949072,233021,10983039,
All CA Counties,2021-03-24,387743,16854663,222046,8612819,153176,7897231,12521,344613,225833,5113749,160667,6109739,240449,11223488,
All CA Counties,2021-03-25,417987,17272650,230332,8843151,172772,8070003,14883,359496,236882,5187900,179774,6289513,253925,11477413,
All CA Counties,2021-03-26,435138,17707788,232797,9075948,186250,8256253,16091,375587,234858,5242647,199048,6488561,253795,11731208,
All CA Counties,2021-03-27,312763,18020551,166427,9242375,134561,8390814,11775,387362,157645,5260024,154290,6642851,171667,11902875,
All CA Counties,2021-03-28,169417,18189968,109089,9351464,56741,8447555,3587,390949,88494,5273803,80469,6723320,94248,11997123,
All CA Counties,2021-03-29,310403,18500371,167122,9518586,134241,8581796,9040,399989,172644,5321018,136974,6860294,184189,12181312,
All CA Counties,2021-03-30,398523,18898894,201919,9720505,178376,8760172,18228,418217,224251,5391800,173466,7033760,244248,12425560,
All CA Counties,2021-03-31,426373,19325267,232042,9952547,172647,8932819,21684,439901,238279,5465729,187045,7220805,260974,12686534,
All CA Counties,2021-04-01,492290,19817557,252173,10204720,199832,9132651,40285,480186,271836,5559940,219042,7439847,313253,12999787,
All CA Counties,2021-04-02,473882,20291439,231084,10435804,199605,9332256,43193,523379,257538,5647188,215090,7654937,302338,13302125,
All CA Counties,2021-04-03,329608,20621047,167920,10603724,120233,9452489,41455,564834,164387,5689588,164559,7819496,206959,13509084,
All CA Counties,2021-04-04,132510,20753557,69124,10672848,44343,9496832,19043,583877,58064,5692703,74136,7893632,77251,13586335,
All CA Counties,2021-04-05,353327,21106884,182115,10854963,131470,9628302,39742,623619,174091,5730425,178528,8072160,216250,13802585,
All CA Counties,2021-04-06,457514,21564398,231886,11086849,160081,9788383,65547,689166,221942,5785185,234617,8306777,289377,14091962,
All CA Counties,2021-04-07,472326,22036724,245149,11331998,157208,9945591,69969,759135,230305,5845389,241050,8547827,301254,14393216,
All CA Counties,2021-04-08,500006,22536730,252132,11584130,163446,10109037,84428,843563,235676,5904559,263128,8810955,322298,14715514,
All CA Counties,2021-04-09,494788,23031518,246622,11830752,168303,10277340,79863,923426,228189,5950151,265498,9076453,311090,15026604,
All CA Counties,2021-04-10,367599,23399117,168095,11998847,125209,10402549,74295,997721,154479,5969222,212355,9288808,231426,15258030,
All CA Counties,2021-04-11,187644,23586761,105299,12104146,48164,10450713,34181,1031902,77697,5974332,109592,9398400,114702,15372732,
All CA Counties,2021-04-12,339971,23926732,174473,12278619,127337,10578050,38161,1070063,157624,5992279,181363,9579763,199310,15572042,
All CA Counties,2021-04-13,433116,24359848,242324,12520943,189838,10767888,954,1071017,242273,6048763,189824,9769587,246308,15818350,
All CA Counties,2021-04-14,452571,24812419,253686,12774629,198594,10966482,291,1071308,236759,6075783,214616,9984203,241636,16059986,
All CA Counties,2021-04-15,492422,25304841,286743,13061372,205393,11171875,286,1071594,276606,6141209,214371,10198574,279797,16339783,
All CA Counties,2021-04-16,475137,25779978,267350,13328722,207479,11379354,308,1071902,253653,6177501,220267,10418841,256559,16596342,
All CA Counties,2021-04-17,341203,26121181,191120,13519842,150019,11529373,64,1071966,193891,6228139,146478,10565319,197116,16793458,
All CA Counties,2021-04-18,154397,26275578,98040,13617882,56339,11585712,18,1071984,79418,6236019,74570,10639889,82450,16875908,
All CA Counties,2021-04-19,317278,26592856,183126,13801008,134061,11719773,91,1072075,150019,6221655,166357,10806246,151993,17027901,
All CA Counties,2021-04-20,406481,26999337,216312,14017320,190099,11909872,70,1072145,202476,6224316,202975,11009221,205636,17233537,
All CA Counties,2021-04-21,419849,27419186,237903,14255223,181683,12091555,263,1072408,201797,6212865,216640,11225861,205189,17438726,
All CA Counties,2021-04-22,446169,27865355,254201,14509424,191894,12283449,74,1072482,199160,6169671,245633,11471494,202439,17641165,
All CA Counties,2021-04-23,437519,28302874,249132,14758556,188299,12471748,88,1072570,198016,6133000,238101,11709595,201430,17842595,
All CA Counties,2021-04-24,324993,28627867,204661,14963217,120158,12591906,174,1072744,165184,6142776,158845,11868440,168621,18011216,
All CA Counties,2021-04-25,149385,28777252,98500,15061717,50818,12642724,67,1072811,80365,6156085,68564,11937004,81873,18093089,
All CA Counties,2021-04-26,299368,29076620,173031,15234748,124816,12767540,1521,1074332,131077,6125975,167299,12104303,137189,18230278,
All CA Counties,2021-04-27,366501,29443121,202298,15437046,157629,12925169,6574,1080906,147580,6065590,217779,12322082,157394,18387672,
All CA Counties,2021-04-28,352066,29795187,201548,15638594,142613,13067782,7905,1088811,145333,6015508,205641,12527723,155559,18543231,
All CA Counties,2021-04-29,360170,30155357,207403,15845997,144882,13212664,7885,1096696,131750,5929736,227250,12754973,141478,18684709,
All CA Counties,2021-04-30,372017,30527374,213206,16059203,149923,13362587,8888,1105584,140540,5850892,230214,12985187,151370,18836079,
All CA Counties,2021-05-01,247461,30774835,158244,16217447,83163,13445750,6054,1111638,89776,5792084,156853,13142040,98045,18934124,
All CA Counties,2021-05-02,116798,30891633,81633,16299080,31292,13477042,3873,1115511,40888,5761704,75514,13217554,45134,18979258,
All CA Counties,2021-05-03,252091,31143724,155088,16454168,88321,13565363,8682,1124193,76673,5673330,174584,13392138,86210,19065468,
All CA Counties,2021-05-04,325226,31468950,198180,16652348,117306,13682669,9740,1133933,96158,5552377,228011,13620149,107058,19172526,
All CA Counties,2021-05-05,329250,31798200,204597,16856945,114653,13797322,10000,1143933,92975,5421262,235071,13855220,103956,19276482,
All CA Counties,2021-05-06,348055,32146255,227041,17083986,110485,13907807,10529,1154462,88459,5264791,257962,14113182,101491,19377973,
All CA Counties,2021-05-07,345433,32491688,216594,17300580,119014,14026821,9825,1164287,93950,5119655,250134,14363316,104998,19482971,
All CA Counties,2021-05-08,223781,32715469,141868,17442448,75229,14102050,6684,1170971,61701,5028324,161169,14524485,69838,19552809,
All CA Counties,2021-05-09,93254,32808723,70291,17512739,19996,14122046,2967,1173938,25461,4989727,67468,14591953,28871,19581680,
All CA Counties,2021-05-10,201166,33009889,114565,17627304,78830,14200876,7771,1181709,50364,4899139,150010,14741963,59422,19641102,
All CA Counties,2021-05-11,264169,33274058,148017,17775321,107611,14308487,8541,1190250,70184,4786544,193065,14935028,80470,19721572,
All CA Counties,2021-05-12,264985,33539043,153682,17929003,102268,14410755,9035,1199285,75198,4683210,188771,15123799,85437,19807009,
All CA Counties,2021-05-13,308119,33847162,198854,18127857,101968,14512723,7297,1206582,117649,4621490,189367,15313166,127647,19934656,
All CA Counties,2021-05-14,332294,34179456,212425,18340282,111111,14623834,8758,1215340,131231,4563671,199908,15513074,142089,20076745,
All CA Counties,2021-05-15,274342,34453798,191836,18532118,76571,14700405,5935,1221275,112801,4522665,160707,15673781,119701,20196446,
All CA Counties,2021-05-16,135886,34589684,104273,18636391,28700,14729105,2913,1224188,55163,4500851,80289,15754070,58475,20254921,
All CA Counties,2021-05-17,237337,34827021,156418,18792809,73586,14802691,7333,1231521,95648,4463870,140831,15894901,103850,20358771,
All CA Counties,2021-05-18,278476,35105497,169783,18962592,101356,14904047,7337,1238858,110369,4416008,166998,16061899,119136,20477907,
All CA Counties,2021-05-19,272865,35378362,170649,19133241,94723,14998770,7493,1246351,114738,4382249,157112,16219011,123353,20601260,
All CA Counties,2021-05-20,259989,35638351,155425,19288666,96476,15095246,8088,1254439,101480,4336151,157404,16376415,111306,20712566,
All CA Counties,2021-05-21,279756,35918107,172324,19460990,99510,15194756,7922,1262361,108529,4284011,170019,16546434,117879,20830445,
All CA Counties,2021-05-22,201214,36119321,133178,19594168,61958,15256714,6078,1268439,85525,4262066,114925,16661359,92980,20923425,
All CA Counties,2021-05-23,85894,36205215,59719,19653887,23496,15280210,2679,1271118,37543,4254841,47961,16709320,40736,20964161,
All CA Counties,2021-05-24,166025,36371240,96433,19750320,61345,15341555,8247,1279365,62851,4224362,102414,16811734,71935,21036096,
All CA Counties,2021-05-25,187954,36559194,110641,19860961,69377,15410932,7936,1287301,72288,4191025,114688,16926422,81351,21117447,
All CA Counties,2021-05-26,181977,36741171,104659,19965620,69573,15480505,7745,1295046,71897,4162521,109026,17035448,80522,21197969,
All CA Counties,2021-05-27,170612,36911783,97545,20063165,64597,15545102,8470,1303516,69953,4142272,99852,17135300,79603,21277572,
All CA Counties,2021-05-28,186340,37098123,107811,20170976,71531,15616633,6998,1310514,81357,4127834,104093,17239393,89655,21367227,
All CA Counties,2021-05-29,105656,37203779,65001,20235977,36901,15653534,3754,1314268,50706,4128447,54436,17293829,55049,21422276,
All CA Counties,2021-05-30,46712,37250491,30863,20266840,13408,15666942,2441,1316709,21055,4126781,25435,17319264,23769,21446045,
All CA Counties,2021-05-31,19752,37270243,11678,20278518,7099,15674041,975,1317684,6558,4121385,13066,17332330,7670,21453715,
All CA Counties,2021-06-01,166703,37436946,97559,20376077,62168,15736209,6976,1324660,62256,4088151,103516,17435846,70282,21523997,
All CA Counties,2021-06-02,141069,37578015,83600,20459677,50422,15786631,7047,1331707,54787,4065374,85416,17521262,62639,21586636,
All CA Counties,2021-06-03,169092,37747107,115804,20575481,46331,15832962,6957,1338664,53820,4012827,114484,17635746,61937,21648573,
All CA Counties,2021-06-04,196793,37943900,138999,20714480,51728,15884690,6066,1344730,61717,3948523,134088,17769834,69784,21718357,
All CA Counties,2021-06-05,154435,38098335,117038,20831518,32363,15917053,5034,1349764,44923,3890795,108760,17878594,51032,21769389,
All CA Counties,2021-06-06,62107,38160442,52245,20883763,7689,15924742,2173,1351937,18374,3868793,43450,17922044,21448,21790837,
All CA Counties,2021-06-07,134102,38294544,98545,20982308,29794,15954536,5763,1357700,40578,3823034,92954,18014998,47195,21838032,
All CA Counties,2021-06-08,154074,38448618,111959,21094267,35508,15990044,6607,1364307,46876,3771396,106363,18121361,54725,21892757,
All CA Counties,2021-06-09,117123,38565741,84803,21179070,26720,16016764,5600,1369907,31250,3723665,85243,18206604,37512,21930269,
All CA Counties,2021-06-10,110548,38676289,79860,21258930,24623,16041387,6065,1375972,31860,3684282,78145,18284749,38762,21969031,
All CA Counties,2021-06-11,82496,38758785,59872,21318802,18260,16059647,4364,1380336,22695,3652429,59313,18344062,27460,21996491,
All CA and Non-CA Counties,2020-12-15,1156,1156,1156,1156,0,0,0,0,1156,1156,0,0,1156,1156,
All CA and Non-CA Counties,2020-12-16,8710,9866,8710,9866,0,0,0,0,8710,9866,0,0,8710,9866,
All CA and Non-CA Counties,2020-12-17,28018,37884,28018,37884,0,0,0,0,28018,37884,0,0,28018,37884,
All CA and Non-CA Counties,2020-12-18,47281,85165,47218,85102,63,63,0,0,47280,85163,1,1,47280,85164,
All CA and Non-CA Counties,2020-12-19,26354,111519,26328,111430,26,89,0,0,26353,111515,1,2,26353,111517,
All CA and Non-CA Counties,2020-12-20,19683,131202,19653,131083,30,119,0,0,19682,131196,1,3,19682,131199,
All CA and Non-CA Counties,2020-12-21,51837,183039,51743,182826,94,213,0,0,51834,183028,3,6,51835,183034,
All CA and Non-CA Counties,2020-12-22,52098,235137,49890,232716,2208,2421,0,0,52092,235118,2,8,52092,235126,
All CA and Non-CA Counties,2020-12-23,52105,287242,43167,275883,8938,11359,0,0,52097,287212,6,14,52100,287226,
All CA and Non-CA Counties,2020-12-24,24865,312107,16941,292824,7924,19283,0,0,24859,312068,5,19,24861,312087,
All CA and Non-CA Counties,2020-12-25,2377,314484,2048,294872,329,19612,0,0,2377,314445,0,19,2377,314464,
All CA and Non-CA Counties,2020-12-26,14891,329375,9639,304511,5252,24864,0,0,14889,329332,2,21,14889,329353,
All CA and Non-CA Counties,2020-12-27,9629,339004,5663,310174,3966,28830,0,0,9626,338955,3,24,9626,338979,
All CA and Non-CA Counties,2020-12-28,47419,386423,30365,340539,17054,45884,0,0,47416,386368,3,27,47416,386395,
All CA and Non-CA Counties,2020-12-29,52763,439186,29567,370106,23196,69080,0,0,52757,439121,4,31,52757,439152,
All CA and Non-CA Counties,2020-12-30,64975,504161,36876,406982,28099,97179,0,0,64965,504081,8,39,64968,504120,
All CA and Non-CA Counties,2020-12-31,30616,534777,11511,418493,19105,116284,0,0,30595,534659,18,57,30596,534716,
All CA and Non-CA Counties,2021-01-01,4489,539266,1997,420490,2492,118776,0,0,4481,539133,7,64,4481,539197,
All CA and Non-CA Counties,2021-01-02,18742,558008,10367,430857,8375,127151,0,0,18740,557872,1,65,18740,557937,
All CA and Non-CA Counties,2021-01-03,6353,564361,3589,434446,2764,129915,0,0,6320,564179,13,78,6320,564257,
All CA and Non-CA Counties,2021-01-04,44739,609100,22573,457019,22166,152081,0,0,44656,608794,41,119,44656,608913,
All CA and Non-CA Counties,2021-01-05,58166,667266,30664,487683,27502,179583,0,0,52421,655623,5687,5806,52516,661429,
All CA and Non-CA Counties,2021-01-06,76143,743409,42125,529808,34018,213601,0,0,59817,699335,16142,21948,59854,721283,
All CA and Non-CA Counties,2021-01-07,96353,839762,54995,584803,41358,254959,0,0,63609,730434,32570,54518,63669,784952,
All CA and Non-CA Counties,2021-01-08,111342,951104,67084,651887,44258,299217,0,0,67758,754831,43433,97951,67830,852782,
All CA and Non-CA Counties,2021-01-09,45738,996842,26088,677975,19650,318867,0,0,28796,766744,16912,114863,28825,881607,
All CA and Non-CA Counties,2021-01-10,24638,1021480,15049,693024,9589,328456,0,0,13272,768686,11349,126212,13291,894898,
All CA and Non-CA Counties,2021-01-11,107914,1129394,71619,764643,36295,364751,0,0,62642,786277,45227,171439,62818,957716,
All CA and Non-CA Counties,2021-01-12,117589,1246983,69659,834302,47930,412681,0,0,74785,818646,42696,214135,75065,1032781,
All CA and Non-CA Counties,2021-01-13,123009,1369992,63728,898030,59281,471962,0,0,87939,871733,34983,249118,88070,1120851,
All CA and Non-CA Counties,2021-01-14,127804,1497796,51102,949132,76702,548664,0,0,107438,959207,20250,269368,107724,1228575,
All CA and Non-CA Counties,2021-01-15,146251,1644047,52863,1001995,93388,642052,0,0,130696,1074666,15451,284819,130910,1359485,
All CA and Non-CA Counties,2021-01-16,83316,1727363,27807,1029802,55509,697561,0,0,75542,1142533,7743,292562,75610,1435095,
All CA and Non-CA Counties,2021-01-17,48790,1776153,17038,1046840,31752,729313,0,0,45071,1183944,3707,296269,45118,1480213,
All CA and Non-CA Counties,2021-01-18,89488,1865641,46880,1093720,42608,771921,0,0,69695,1234091,19716,315985,69863,1550076,
All CA and Non-CA Counties,2021-01-19,146291,2011932,75061,1168781,71230,843151,0,0,114169,1316567,32026,348011,114502,1664578,
All CA and Non-CA Counties,2021-01-20,165347,2177279,83604,1252385,81743,924894,0,0,130639,1412992,34480,382491,130905,1795483,
All CA and Non-CA Counties,2021-01-21,178131,2355410,78254,1330639,99877,1024771,0,0,158390,1552245,19505,401996,158758,1954241,
All CA and Non-CA Counties,2021-01-22,174588,2529998,70477,1401116,104111,1128882,0,0,159837,1697627,14606,416602,159988,2114229,
All CA and Non-CA Counties,2021-01-23,113814,2643812,49876,1450992,63938,1192820,0,0,101093,1786175,12663,429265,101211,2215440,
All CA and Non-CA Counties,2021-01-24,61556,2705368,29708,1480700,31848,1224668,0,0,56814,1838341,4712,433977,56878,2272318,
All CA and Non-CA Counties,2021-01-25,149837,2855205,67359,1548059,82478,1307146,0,0,113703,1916416,35998,469975,114073,2386391,
All CA and Non-CA Counties,2021-01-26,175134,3030339,85951,1634010,89183,1396329,0,0,136611,2014917,38388,508363,136889,2523280,
All CA and Non-CA Counties,2021-01-27,187742,3218081,90470,1724480,97272,1493601,0,0,147575,2122882,39835,548198,147800,2671080,
All CA and Non-CA Counties,2021-01-28,193611,3411692,89742,1814222,103869,1597470,0,0,158739,2247290,34570,582768,158978,2830058,
All CA and Non-CA Counties,2021-01-29,189007,3600699,91536,1905758,97471,1694941,0,0,153428,2365909,34998,617766,153617,2983675,
All CA and Non-CA Counties,2021-01-30,128273,3728972,58190,1963948,70083,1765024,0,0,112562,2463078,15542,633308,112711,3096386,
All CA and Non-CA Counties,2021-01-31,72149,3801121,41300,2005248,30849,1795873,0,0,67283,2525602,4817,638125,67341,3163727,
All CA and Non-CA Counties,2021-02-01,167370,3968491,78454,2083702,88916,1884789,0,0,125875,2610293,41319,679444,126010,3289737,
All CA and Non-CA Counties,2021-02-02,192027,4160518,80156,2163858,111871,1996660,0,0,146799,2712379,44937,724381,147023,3436760,
All CA and Non-CA Counties,2021-02-03,218190,4378708,97532,2261390,120658,2117318,0,0,162900,2820749,54784,779165,163154,3599914,
All CA and Non-CA Counties,2021-02-04,234649,4613357,101947,2363337,132702,2250020,0,0,172991,2932996,61109,840274,173356,3773270,
All CA and Non-CA Counties,2021-02-05,252964,4866321,108609,2471946,144355,2394375,0,0,172986,3027359,79167,919441,173530,3946800,
All CA and Non-CA Counties,2021-02-06,159278,5025599,77066,2549012,82212,2476587,0,0,124011,3116778,35090,954531,124509,4071309,
All CA and Non-CA Counties,2021-02-07,69114,5094713,45100,2594112,24014,2500601,0,0,52586,3153371,16447,970978,53040,4124349,
All CA and Non-CA Counties,2021-02-08,186439,5281152,92468,2686580,93971,2594572,0,0,123730,3215594,62259,1033237,124482,4248831,
All CA and Non-CA Counties,2021-02-09,215666,5496818,104127,2790707,111539,2706111,0,0,129659,3260880,85540,1118777,130826,4379657,
All CA and Non-CA Counties,2021-02-10,254212,5751030,121663,2912370,132549,2838660,0,0,141140,3291293,112250,1231027,142663,4522320,
All CA and Non-CA Counties,2021-02-11,270412,6021442,133755,3046125,136657,2975317,0,0,148607,3321046,120669,1351696,150422,4672742,
All CA and Non-CA Counties,2021-02-12,277740,6299182,121329,3167454,156411,3131728,0,0,150465,3347515,126378,1478074,152847,4825589,
All CA and Non-CA Counties,2021-02-13,169120,6468302,78048,3245502,91072,3222800,0,0,93893,3368521,74850,1552924,95856,4921445,
All CA and Non-CA Counties,2021-02-14,96652,6564954,47827,3293329,48825,3271625,0,0,52646,3378881,43830,1596754,54190,4975635,
All CA and Non-CA Counties,2021-02-15,144998,6709952,64009,3357338,80989,3352614,0,0,80015,3397432,64591,1661345,83142,5058777,
All CA and Non-CA Counties,2021-02-16,255498,6965450,121117,3478455,134381,3486995,0,0,135728,3416891,119375,1780720,138834,5197611,
All CA and Non-CA Counties,2021-02-17,265080,7230530,131879,3610334,133201,3620196,0,0,130887,3417357,133636,1914356,134102,5331713,
All CA and Non-CA Counties,2021-02-18,279363,7509893,146007,3756341,133356,3753552,0,0,134024,3411019,144592,2058948,138254,5469967,
All CA and Non-CA Counties,2021-02-19,259127,7769020,150933,3907274,108194,3861746,0,0,133160,3420819,125453,2184401,135253,5605220,
All CA and Non-CA Counties,2021-02-20,157016,7926036,101086,4008360,55930,3917676,0,0,85852,3437767,70889,2255290,87837,5693057,
All CA and Non-CA Counties,2021-02-21,85512,8011548,71047,4079407,14465,3932141,0,0,42530,3439131,42718,2298008,44082,5737139,
All CA and Non-CA Counties,2021-02-22,168371,8179919,112953,4192360,55418,3987559,0,0,84218,3441253,83823,2381831,85945,5823084,
All CA and Non-CA Counties,2021-02-23,232509,8412428,123188,4315548,109321,4096880,0,0,107918,3431206,123972,2505803,113925,5937009,
All CA and Non-CA Counties,2021-02-24,290520,8702948,147227,4462775,143293,4240173,0,0,137441,3423759,152439,2658242,144992,6082001,
All CA and Non-CA Counties,2021-02-25,329702,9032650,162849,4625624,166853,4407026,0,0,172201,3447750,156766,2815008,180757,6262758,
All CA and Non-CA Counties,2021-02-26,364102,9396752,170100,4795724,194002,4601028,0,0,202073,3496085,161018,2976026,209353,6472111,
All CA and Non-CA Counties,2021-02-27,259023,9655775,126164,4921888,132835,4733863,24,24,146025,3534199,112351,3088377,150465,6622576,
All CA and Non-CA Counties,2021-02-28,137565,9793340,82799,5004687,54755,4788618,11,35,80379,3560685,56745,3145122,83231,6705807,
All CA and Non-CA Counties,2021-03-01,249072,10042412,133355,5138042,115602,4904220,115,150,142262,3601063,106013,3251135,146391,6852198,
All CA and Non-CA Counties,2021-03-02,296211,10338623,148861,5286903,147324,5051544,26,176,176707,3665722,118963,3370098,183622,7035820,
All CA and Non-CA Counties,2021-03-03,340566,10679189,168111,5455014,172391,5223935,64,240,194310,3721849,145541,3515639,201668,7237488,
All CA and Non-CA Counties,2021-03-04,358618,11037807,180996,5636010,177522,5401457,100,340,208881,3788907,148953,3664592,216011,7453499,
All CA and Non-CA Counties,2021-03-05,345181,11382988,169895,5805905,174148,5575605,1138,1478,214355,3881678,129995,3794587,222766,7676265,
All CA and Non-CA Counties,2021-03-06,264317,11647305,135485,5941390,120819,5696424,8013,9491,163918,3958348,99972,3894559,176642,7852907,
All CA and Non-CA Counties,2021-03-07,129577,11776882,79634,6021024,45726,5742150,4217,13708,81204,3999264,48184,3942743,89100,7942007,
All CA and Non-CA Counties,2021-03-08,222480,11999362,108321,6129345,103421,5845571,10738,24446,145824,4084563,76234,4018977,161533,8103540,
All CA and Non-CA Counties,2021-03-09,296480,12295842,141951,6271296,138289,5983860,16240,40686,166573,4142008,129413,4148390,186858,8290398,
All CA and Non-CA Counties,2021-03-10,327224,12623066,163181,6434477,139077,6122937,24966,65652,177799,4200199,148747,4297137,206938,8497336,
All CA and Non-CA Counties,2021-03-11,382887,13005953,185272,6619749,163620,6286557,33995,99647,196922,4250315,185008,4482145,235124,8732460,
All CA and Non-CA Counties,2021-03-12,401937,13407890,180667,6800416,174257,6460814,47013,146660,197681,4295759,203432,4685577,248876,8981336,
All CA and Non-CA Counties,2021-03-13,287471,13695361,127121,6927537,128764,6589578,31586,178246,155877,4356341,131128,4816705,191710,9173046,
All CA and Non-CA Counties,2021-03-14,156812,13852173,84260,7011797,57117,6646695,15435,193681,79575,4376672,76945,4893650,97276,9270322,
All CA and Non-CA Counties,2021-03-15,294830,14147003,141089,7152886,132671,6779366,21070,214751,160282,4427640,133786,5027436,184754,9455076,
All CA and Non-CA Counties,2021-03-16,377957,14524960,178412,7331298,181860,6961226,17685,232436,218873,4509067,158331,5185767,239758,9694834,
All CA and Non-CA Counties,2021-03-17,392228,14917188,195282,7526580,178001,7139227,18945,251381,242673,4624507,148710,5334477,264150,9958984,
All CA and Non-CA Counties,2021-03-18,409242,15326430,210491,7737071,180173,7319400,18578,269959,242424,4721953,165703,5500180,263149,10222133,
All CA and Non-CA Counties,2021-03-19,418261,15744691,220372,7957443,175717,7495117,22172,292131,242638,4814212,174633,5674813,266892,10489025,
All CA and Non-CA Counties,2021-03-20,299703,16044394,158273,8115716,125462,7620579,15968,308099,189784,4912230,109237,5784050,207255,10696280,
All CA and Non-CA Counties,2021-03-21,145893,16190287,100842,8216558,37427,7658006,7624,315723,89944,4955619,55569,5839619,98958,10795238,
All CA and Non-CA Counties,2021-03-22,276589,16466876,161090,8377648,104185,7762191,11314,327037,179746,5053688,96036,5935655,194105,10989343,
All CA and Non-CA Counties,2021-03-23,363406,16830282,199757,8577405,152263,7914454,11386,338423,223461,5152133,138996,6074651,237441,11226784,
All CA and Non-CA Counties,2021-03-24,395058,17225340,225785,8803190,156307,8070761,12966,351389,230883,5235150,162925,6237576,245942,11472726,
All CA and Non-CA Counties,2021-03-25,426256,17651596,234166,9037356,176682,8247443,15408,366797,242895,5313596,182017,6419593,260463,11733189,
All CA and Non-CA Counties,2021-03-26,441802,18093398,236307,9273663,189223,8436666,16272,383069,239253,5370675,201291,6620884,258370,11991559,
All CA and Non-CA Counties,2021-03-27,318299,18411697,169528,9443191,136779,8573445,11992,395061,161116,5389680,156349,6777233,175354,12166913,
All CA and Non-CA Counties,2021-03-28,172497,18584194,110738,9553929,58011,8631456,3748,398809,90486,5404529,81552,6858785,96401,12263314,
All CA and Non-CA Counties,2021-03-29,315588,18899782,169422,9723351,136782,8768238,9384,408193,175611,5452843,139186,6997971,187500,12450814,
All CA and Non-CA Counties,2021-03-30,405405,19305187,205545,9928896,181069,8949307,18791,426984,228320,5525461,176269,7174240,248887,12699701,
All CA and Non-CA Counties,2021-03-31,432710,19737897,235818,10164714,174430,9123737,22462,449446,241644,5600563,190012,7364252,265114,12964815,
All CA and Non-CA Counties,2021-04-01,499802,20237699,256666,10421380,202204,9325941,40932,490378,276176,5696589,222205,7586457,318231,13283046,
All CA and Non-CA Counties,2021-04-02,482346,20720045,235578,10656958,202425,9528366,44343,534721,261908,5785270,219175,7805632,307856,13590902,
All CA and Non-CA Counties,2021-04-03,335785,21055830,171582,10828540,121590,9649956,42613,577334,167634,5829153,167480,7973112,211363,13802265,
All CA and Non-CA Counties,2021-04-04,134291,21190121,69997,10898537,45017,9694973,19277,596611,59041,5832675,74938,8048050,78460,13880725,
All CA and Non-CA Counties,2021-04-05,357472,21547593,184119,11082656,132943,9827916,40410,637021,176065,5870872,180693,8228743,218890,14099615,
All CA and Non-CA Counties,2021-04-06,464700,22012293,235761,11318417,161754,9989670,67185,704206,224836,5925883,238894,8467637,293905,14393520,
All CA and Non-CA Counties,2021-04-07,480543,22492836,249766,11568183,159113,10148783,71664,775870,233499,5985951,246064,8713701,306132,14699652,
All CA and Non-CA Counties,2021-04-08,508232,23001068,256441,11824624,165423,10314206,86368,862238,238936,6045353,268084,8981785,327486,15027138,
All CA and Non-CA Counties,2021-04-09,502341,23503409,250483,12075107,170035,10484241,81823,944061,231086,6091155,270142,9251927,315944,15343082,
All CA and Non-CA Counties,2021-04-10,373670,23877079,171064,12246171,126453,10610694,76153,1020214,156138,6109333,216760,9468687,234938,15578020,
All CA and Non-CA Counties,2021-04-11,190488,24067567,106852,12353023,48816,10659510,34820,1055034,78653,6114154,111476,9580163,116297,15694317,
All CA and Non-CA Counties,2021-04-12,344131,24411698,176801,12529824,128616,10788126,38714,1093748,159476,6132206,183662,9763825,201714,15896031,
All CA and Non-CA Counties,2021-04-13,438943,24850641,246041,12775865,191923,10980049,979,1094727,245279,6188909,192640,9956465,249343,16145374,
All CA and Non-CA Counties,2021-04-14,457937,25308578,257079,13032944,200563,11180612,295,1095022,239685,6216429,217050,10173515,244570,16389944,
All CA and Non-CA Counties,2021-04-15,498589,25807167,290632,13323576,207664,11388276,293,1095315,279927,6282389,217165,10390680,283125,16673069,
All CA and Non-CA Counties,2021-04-16,480997,26288164,270696,13594272,209986,11598262,315,1095630,256912,6319363,222857,10613537,259831,16932900,
All CA and Non-CA Counties,2021-04-17,346681,26634845,194558,13788830,152058,11750320,65,1095695,197067,6370888,148768,10762305,200293,17133193,
All CA and Non-CA Counties,2021-04-18,156510,26791355,99216,13888046,57275,11807595,19,1095714,80423,6378672,75673,10837978,83457,17216650,
All CA and Non-CA Counties,2021-04-19,321425,27112780,185128,14073174,136205,11943800,92,1095806,152152,6364442,168360,11006338,154130,17370780,
All CA and Non-CA Counties,2021-04-20,411858,27524638,218752,14291926,193036,12136836,70,1095876,204670,6366122,206150,11212488,207830,17578610,
All CA and Non-CA Counties,2021-04-21,426236,27950874,240569,14532495,185400,12322236,267,1096143,204077,6352869,220727,11433215,207474,17786084,
All CA and Non-CA Counties,2021-04-22,452933,28403807,257639,14790134,195216,12517452,78,1096221,201637,6307886,249905,11683120,204922,17991006,
All CA and Non-CA Counties,2021-04-23,443391,28847198,252117,15042251,191185,12708637,89,1096310,200442,6270215,241530,11924650,203859,18194865,
All CA and Non-CA Counties,2021-04-24,329589,29176787,207641,15249892,121769,12830406,179,1096489,167039,6279120,161579,12086229,170484,18365349,
All CA and Non-CA Counties,2021-04-25,151607,29328394,99751,15349643,51788,12882194,68,1096557,81540,6292565,69607,12155836,83052,18448401,
All CA and Non-CA Counties,2021-04-26,303500,29631894,174848,15524491,127103,13009297,1549,1098106,132948,6262103,169550,12325386,139088,18587489,
All CA and Non-CA Counties,2021-04-27,372181,30004075,204406,15728897,160831,13170128,6944,1105050,149565,6200395,221465,12546851,159757,18747246,
All CA and Non-CA Counties,2021-04-28,356923,30360998,203619,15932516,145002,13315130,8302,1113352,147248,6149690,208571,12755422,157866,18905112,
All CA and Non-CA Counties,2021-04-29,365010,30726008,209635,16142151,147058,13462188,8317,1121669,133572,6063174,230248,12985670,143732,19048844,
All CA and Non-CA Counties,2021-04-30,376915,31102923,215563,16357714,152040,13614228,9312,1130981,142396,5983584,233243,13218913,153653,19202497,
All CA and Non-CA Counties,2021-05-01,250633,31353556,160084,16517798,84067,13698295,6482,1137463,91086,5924663,158704,13377617,99783,19302280,
All CA and Non-CA Counties,2021-05-02,118667,31472223,82721,16600519,31950,13730245,3996,1141459,41732,5894228,76536,13454153,46101,19348381,
All CA and Non-CA Counties,2021-05-03,254979,31727202,156656,16757175,89357,13819602,8966,1150425,77791,5805490,176349,13630502,87611,19435992,
All CA and Non-CA Counties,2021-05-04,329154,32056356,200279,16957454,118692,13938294,10183,1160608,97465,5683670,230626,13861128,108806,19544798,
All CA and Non-CA Counties,2021-05-05,333598,32389954,206992,17164446,116235,14054529,10371,1170979,94551,5551740,237836,14098964,105906,19650704,
All CA and Non-CA Counties,2021-05-06,352523,32742477,229775,17394221,111875,14166404,10873,1181852,90023,5394278,260861,14359825,103399,19754103,
All CA and Non-CA Counties,2021-05-07,349995,33092472,219187,17613408,120594,14286998,10214,1192066,95536,5248154,253097,14612922,106973,19861076,
All CA and Non-CA Counties,2021-05-08,226989,33319461,144029,17757437,76029,14363027,6931,1198997,62775,5156021,163293,14776215,71160,19932236,
All CA and Non-CA Counties,2021-05-09,94622,33414083,71194,17828631,20334,14383361,3094,1202091,26049,5117362,68243,14844458,29584,19961820,
All CA and Non-CA Counties,2021-05-10,203702,33617785,115722,17944353,79877,14463238,8103,1210194,51272,5026395,151631,14996089,60664,20022484,
All CA and Non-CA Counties,2021-05-11,267106,33884891,149402,18093755,108862,14572100,8842,1219036,71291,4913382,194894,15190983,81881,20104365,
All CA and Non-CA Counties,2021-05-12,268141,34153032,155174,18248929,103604,14675704,9363,1228399,76449,4809728,190670,15381653,87016,20191381,
All CA and Non-CA Counties,2021-05-13,311232,34464264,200640,18449569,103084,14778788,7508,1235907,119021,4747856,191103,15572756,129231,20320612,
All CA and Non-CA Counties,2021-05-14,335806,34800070,214387,18663956,112422,14891210,8997,1244904,132821,4689953,201822,15774578,143919,20464531,
All CA and Non-CA Counties,2021-05-15,276962,35077032,193366,18857322,77518,14968728,6078,1250982,113939,4648754,162184,15936762,120985,20585516,
All CA and Non-CA Counties,2021-05-16,137520,35214552,105314,18962636,29223,14997951,2983,1253965,55908,4626870,81175,16017937,59291,20644807,
All CA and Non-CA Counties,2021-05-17,240390,35454942,158033,19120669,74788,15072739,7569,1261534,96980,4589742,142547,16160484,105419,20750226,
All CA and Non-CA Counties,2021-05-18,281716,35736658,171423,19292092,102642,15175381,7651,1269185,111843,4541914,168754,16329238,120926,20871152,
All CA and Non-CA Counties,2021-05-19,276196,36012854,172334,19464426,96101,15271482,7761,1276946,116222,4508068,158951,16488189,125105,20996257,
All CA and Non-CA Counties,2021-05-20,263078,36275932,157126,19621552,97630,15369112,8322,1285268,102895,4461956,159071,16647260,112959,21109216,
All CA and Non-CA Counties,2021-05-21,282963,36558895,174118,19795670,100670,15469782,8175,1293443,109935,4409685,171809,16819069,119538,21228754,
All CA and Non-CA Counties,2021-05-22,204059,36762954,135077,19930747,62702,15532484,6280,1299723,87110,4388274,116179,16935248,94768,21323522,
All CA and Non-CA Counties,2021-05-23,87439,36850393,60728,19991475,23954,15556438,2757,1302480,38319,4381136,48729,16983977,41591,21365113,
All CA and Non-CA Counties,2021-05-24,168476,37018869,97632,20089107,62249,15618687,8595,1311075,63972,4350804,103736,17087713,73404,21438517,
All CA and Non-CA Counties,2021-05-25,190330,37209199,111745,20200852,70315,15689002,8270,1319345,73328,4317512,116015,17203728,82723,21521240,
All CA and Non-CA Counties,2021-05-26,184343,37393542,105755,20306607,70487,15759489,8101,1327446,72897,4289006,110385,17314113,81879,21603119,
All CA and Non-CA Counties,2021-05-27,172796,37566338,98646,20405253,65392,15824881,8758,1336204,70978,4268914,101007,17415120,80915,21684034,
All CA and Non-CA Counties,2021-05-28,188765,37755103,109031,20514284,72383,15897264,7351,1343555,82472,4254642,105396,17520516,91124,21775158,
All CA and Non-CA Counties,2021-05-29,107343,37862446,65862,20580146,37372,15934636,4109,1347664,51447,4255409,55378,17575894,56145,21831303,
All CA and Non-CA Counties,2021-05-30,47630,37910076,31426,20611572,13638,15948274,2566,1350230,21522,4253888,25883,17601777,24362,21855665,
All CA and Non-CA Counties,2021-05-31,20168,37930244,11861,20623433,7295,15955569,1012,1351242,6735,4248480,13293,17615070,7885,21863550,
All CA and Non-CA Counties,2021-06-01,168836,38099080,98669,20722102,62884,16018453,7283,1358525,63313,4215539,104588,17719658,71647,21935197,
All CA and Non-CA Counties,2021-06-02,143154,38242234,84676,20806778,51090,16069543,7388,1365913,55800,4193053,86479,17806137,63993,21999190,
All CA and Non-CA Counties,2021-06-03,171258,38413492,117010,20923788,46982,16116525,7266,1373179,54829,4140674,115634,17921771,63255,22062445,
All CA and Non-CA Counties,2021-06-04,199329,38612821,140421,21064209,52528,16169053,6380,1379559,62831,4076381,135504,18057275,71211,22133656,
All CA and Non-CA Counties,2021-06-05,156161,38768982,118251,21182460,32716,16201769,5194,1384753,45739,4018723,109667,18166942,52009,22185665,
All CA and Non-CA Counties,2021-06-06,63050,38832032,52951,21235411,7842,16209611,2257,1387010,18832,3996780,43933,18210875,21990,22207655,
All CA and Non-CA Counties,2021-06-07,136018,38968050,99580,21334991,30347,16239958,6091,1393101,41399,3951075,94048,18304923,48343,22255998,
All CA and Non-CA Counties,2021-06-08,156095,39124145,113135,21448126,36020,16275978,6940,1400041,47675,3899352,107579,18412502,55856,22311854,
All CA and Non-CA Counties,2021-06-09,118465,39242610,85574,21533700,27054,16303032,5837,1405878,31805,3851629,86027,18498529,38304,22350158,
All CA and Non-CA Counties,2021-06-10,111917,39354527,80652,21614352,24956,16327988,6309,1412187,32457,3812320,78913,18577442,39604,22389762,
All CA and Non-CA Counties,2021-06-11,83687,39438214,60487,21674839,18592,16346580,4608,1416795,23134,3780400,60062,18637504,28142,22417904,
Outside California,2020-12-15,8,8,8,8,0,0,0,0,8,8,0,0,8,8,Not in California
Outside California,2020-12-16,275,283,275,283,0,0,0,0,275,283,0,0,275,283,Not in California
Outside California,2020-12-17,1608,1891,1608,1891,0,0,0,0,1608,1891,0,0,1608,1891,Not in California
Outside California,2020-12-18,2552,4443,2545,4436,7,7,0,0,2552,4443,0,0,2552,4443,Not in California
Outside California,2020-12-19,1037,5480,1036,5472,1,8,0,0,1037,5480,0,0,1037,5480,Not in California
Outside California,2020-12-20,680,6160,677,6149,3,11,0,0,680,6160,0,0,680,6160,Not in California
Outside California,2020-12-21,2189,8349,2186,8335,3,14,0,0,2189,8349,0,0,2189,8349,Not in California
Outside California,2020-12-22,2069,10418,1994,10329,75,89,0,0,2069,10418,0,0,2069,10418,Not in California
Outside California,2020-12-23,1538,11956,1394,11723,144,233,0,0,1537,11954,1,1,1537,11955,Not in California
Outside California,2020-12-24,807,12763,615,12338,192,425,0,0,807,12761,0,1,807,12762,Not in California
Outside California,2020-12-25,35,12798,30,12368,5,430,0,0,35,12796,0,1,35,12797,Not in California
Outside California,2020-12-26,307,13105,205,12573,102,532,0,0,307,13103,0,1,307,13104,Not in California
Outside California,2020-12-27,189,13294,72,12645,117,649,0,0,189,13292,0,1,189,13293,Not in California
Outside California,2020-12-28,1410,14704,898,13543,512,1161,0,0,1410,14702,0,1,1410,14703,Not in California
Outside California,2020-12-29,1543,16247,1022,14565,521,1682,0,0,1543,16245,0,1,1543,16246,Not in California
Outside California,2020-12-30,1882,18129,1227,15792,655,2337,0,0,1882,18127,0,1,1882,18128,Not in California
Outside California,2020-12-31,1105,19234,603,16395,502,2839,0,0,1104,19230,1,2,1104,19232,Not in California
Outside California,2021-01-01,113,19347,25,16420,88,2927,0,0,113,19343,0,2,113,19345,Not in California
Outside California,2021-01-02,244,19591,135,16555,109,3036,0,0,243,19585,1,3,243,19588,Not in California
Outside California,2021-01-03,172,19763,91,16646,81,3117,0,0,172,19757,0,3,172,19760,Not in California
Outside California,2021-01-04,1149,20912,509,17155,640,3757,0,0,1144,20900,1,4,1144,20904,Not in California
Outside California,2021-01-05,1552,22464,825,17980,727,4484,0,0,1358,22067,192,196,1359,22263,Not in California
Outside California,2021-01-06,2690,25154,1592,19572,1098,5582,0,0,1951,23282,736,932,1951,24214,Not in California
Outside California,2021-01-07,4149,29303,2536,22108,1613,7195,0,0,2491,24120,1656,2588,2494,26708,Not in California
Outside California,2021-01-08,4495,33798,2914,25022,1581,8776,0,0,2610,24860,1875,4463,2615,29323,Not in California
Outside California,2021-01-09,1303,35101,532,25554,771,9547,0,0,975,25510,327,4790,977,30300,Not in California
Outside California,2021-01-10,301,35402,184,25738,117,9664,0,0,178,25565,123,4913,178,30478,Not in California
Outside California,2021-01-11,3285,38687,2010,27748,1275,10939,0,0,1945,26172,1340,6253,1947,32425,Not in California
Outside California,2021-01-12,3844,42531,2306,30054,1538,12477,0,0,2298,26933,1542,7795,2303,34728,Not in California
Outside California,2021-01-13,3668,46199,1810,31864,1858,14335,0,0,2477,28222,1191,8986,2480,37208,Not in California
Outside California,2021-01-14,3709,49908,1284,33148,2425,16760,0,0,3061,30654,635,9621,3067,40275,Not in California
Outside California,2021-01-15,4192,54100,1003,34151,3189,19949,0,0,3717,33909,462,10083,3717,43992,Not in California
Outside California,2021-01-16,2684,56784,387,34538,2297,22246,0,0,2508,36243,174,10257,2508,46500,Not in California
Outside California,2021-01-17,503,57287,153,34691,350,22596,0,0,453,36646,50,10307,453,46953,Not in California
Outside California,2021-01-18,1209,58496,771,35462,438,23034,0,0,754,36946,454,10761,754,47707,Not in California
Outside California,2021-01-19,4111,62607,1329,36791,2782,25816,0,0,3215,39268,896,11657,3218,50925,Not in California
Outside California,2021-01-20,4420,67027,1418,38209,3002,28818,0,0,3476,41806,940,12597,3478,54403,Not in California
Outside California,2021-01-21,4198,71225,1155,39364,3043,31861,0,0,3625,44875,556,13153,3625,58028,Not in California
Outside California,2021-01-22,4589,75814,1107,40471,3482,35343,0,0,4178,48649,406,13559,4180,62208,Not in California
Outside California,2021-01-23,2221,78035,336,40807,1885,37228,0,0,2056,50540,165,13724,2056,64264,Not in California
Outside California,2021-01-24,583,78618,235,41042,348,37576,0,0,504,50965,79,13803,504,64768,Not in California
Outside California,2021-01-25,4450,83068,1918,42960,2532,40108,0,0,3583,53686,863,14666,3584,68352,Not in California
Outside California,2021-01-26,5797,88865,2786,45746,3011,43119,0,0,4940,57777,856,15522,4947,73299,Not in California
Outside California,2021-01-27,4752,93617,2428,48174,2324,45443,0,0,4121,61273,627,16149,4123,77422,Not in California
Outside California,2021-01-28,4938,98555,2590,50764,2348,47791,0,0,4401,65148,526,16675,4401,81823,Not in California
Outside California,2021-01-29,4629,103184,2821,53585,1808,49599,0,0,3829,68186,792,17467,3830,85653,Not in California
Outside California,2021-01-30,4184,107368,2183,55768,2001,51600,0,0,3952,71909,230,17697,3953,89606,Not in California
Outside California,2021-01-31,2795,110163,2393,58161,402,52002,0,0,2740,74596,54,17751,2741,92347,Not in California
Outside California,2021-02-01,5297,115460,2426,60587,2871,54873,0,0,4589,78486,699,18450,4589,96936,Not in California
Outside California,2021-02-02,6540,122000,2018,62605,4522,59395,0,0,5824,83601,709,19159,5824,102760,Not in California
Outside California,2021-02-03,7159,129159,1935,64540,5224,64619,0,0,6290,89030,862,20021,6291,109051,Not in California
Outside California,2021-02-04,6616,135775,2001,66541,4615,69234,0,0,5612,93648,995,21016,5613,114664,Not in California
Outside California,2021-02-05,6604,142379,2038,68579,4566,73800,0,0,5529,98107,1070,22086,5529,120193,Not in California
Outside California,2021-02-06,4116,146495,1857,70436,2259,76059,0,0,3656,101315,451,22537,3659,123852,Not in California
Outside California,2021-02-07,1945,148440,1557,71993,388,76447,0,0,1866,103104,79,22616,1868,125720,Not in California
Outside California,2021-02-08,4755,153195,2801,74794,1954,78401,0,0,3702,105764,1042,23658,3702,129422,Not in California
Outside California,2021-02-09,4043,157238,1696,76490,2347,80748,0,0,2745,107235,1288,24946,2759,132181,Not in California
Outside California,2021-02-10,5379,162617,1737,78227,3642,84390,0,0,2952,107809,2419,27365,2993,135174,Not in California
Outside California,2021-02-11,4623,167240,2064,80291,2559,86949,0,0,3314,109843,1298,28663,3332,138506,Not in California
Outside California,2021-02-12,5164,172404,1877,82168,3287,90236,0,0,3338,111372,1813,30476,3342,141848,Not in California
Outside California,2021-02-13,2324,174728,663,82831,1661,91897,0,0,1773,112607,550,31026,1785,143633,Not in California
Outside California,2021-02-14,1291,176019,372,83203,919,92816,0,0,1051,113424,236,31262,1053,144686,Not in California
Outside California,2021-02-15,2451,178470,1451,84654,1000,93816,0,0,1190,113369,1248,32510,1193,145879,Not in California
Outside California,2021-02-16,6219,184689,2695,87349,3524,97340,0,0,2517,112200,3690,36200,2521,148400,Not in California
Outside California,2021-02-17,5632,190321,2690,90039,2942,100282,0,0,1787,110152,3840,40040,1792,150192,Not in California
Outside California,2021-02-18,6134,196455,3414,93453,2720,103002,0,0,2028,108095,4085,44125,2028,152220,Not in California
Outside California,2021-02-19,5406,201861,3662,97115,1744,104746,0,0,2374,107446,3026,47151,2377,154597,Not in California
Outside California,2021-02-20,3073,204934,2424,99539,649,105395,0,0,1234,106846,1835,48986,1235,155832,Not in California
Outside California,2021-02-21,2476,207410,2259,101798,217,105612,0,0,829,106033,1642,50628,829,156661,Not in California
Outside California,2021-02-22,3330,210740,2389,104187,941,106553,0,0,1624,105958,1703,52331,1628,158289,Not in California
Outside California,2021-02-23,5820,216560,3216,107403,2604,109157,0,0,2325,104809,3488,55819,2339,160628,Not in California
Outside California,2021-02-24,6206,222766,3386,110789,2820,111977,0,0,2443,103500,3756,59575,2447,163075,Not in California
Outside California,2021-02-25,6691,229457,3357,114146,3334,115311,0,0,3061,102966,3599,63174,3065,166140,Not in California
Outside California,2021-02-26,6644,236101,3446,117592,3198,118509,0,0,3088,102580,3475,66649,3089,169229,Not in California
Outside California,2021-02-27,5221,241322,2525,120117,2695,121204,1,1,1872,101118,3338,69987,1876,171105,Not in California
Outside California,2021-02-28,2204,243526,1556,121673,647,121851,1,2,794,100506,1408,71395,796,171901,Not in California
Outside California,2021-03-01,4506,248032,2726,124399,1779,123630,1,3,1344,98704,3152,74547,1350,173251,Not in California
Outside California,2021-03-02,6509,254541,2312,126711,4197,127827,0,3,2049,96307,4448,78995,2051,175302,Not in California
Outside California,2021-03-03,7726,262267,2933,129644,4791,132618,2,5,2666,93932,5046,84041,2671,177973,Not in California
Outside California,2021-03-04,6647,268914,2739,132383,3902,136520,6,11,2313,91937,4316,88357,2321,180294,Not in California
Outside California,2021-03-05,5197,274111,2591,134974,2592,139112,14,25,2720,92213,2466,90823,2742,183036,Not in California
Outside California,2021-03-06,4551,278662,2087,137061,2308,141420,156,181,2328,92485,2221,93044,2493,185529,Not in California
Outside California,2021-03-07,1545,280207,985,138046,503,141923,57,238,949,92898,595,93639,1008,186537,Not in California
Outside California,2021-03-08,3080,283287,1831,139877,1015,142938,234,472,2190,94468,861,94500,2431,188968,Not in California
Outside California,2021-03-09,4649,287936,2399,142276,1956,144894,294,766,2770,95657,1875,96375,3064,192032,Not in California
Outside California,2021-03-10,4321,292257,2078,144354,1752,146646,491,1257,2692,97227,1620,97995,3190,195222,Not in California
Outside California,2021-03-11,6080,298337,3110,147464,2311,148957,659,1916,3290,98393,2784,100779,3950,199172,Not in California
Outside California,2021-03-12,6396,304733,3852,151316,1830,150787,714,2630,3552,99825,2835,103614,4267,203439,Not in California
Outside California,2021-03-13,3724,308457,2169,153485,1105,151892,450,3080,2553,101666,1164,104778,3005,206444,Not in California
Outside California,2021-03-14,1765,310222,915,154400,517,152409,333,3413,963,102161,802,105580,1297,207741,Not in California
Outside California,2021-03-15,4004,314226,2111,156511,1432,153841,461,3874,2141,102910,1857,107437,2606,210347,Not in California
Outside California,2021-03-16,7477,321703,4360,160871,2733,156574,384,4258,4165,104146,3309,110746,4545,214892,Not in California
Outside California,2021-03-17,8382,330085,5444,166315,2564,159138,374,4632,5041,106225,3337,114083,5416,220308,Not in California
Outside California,2021-03-18,8282,338367,5121,171436,2621,161759,540,5172,4792,108076,3481,117564,5332,225640,Not in California
Outside California,2021-03-19,7292,345659,4328,175764,2420,164179,544,5716,4364,110066,2922,120486,4912,230552,Not in California
Outside California,2021-03-20,4721,350380,3120,178884,1513,165692,88,5804,3613,112669,1099,121585,3702,234254,Not in California
Outside California,2021-03-21,2075,352455,1428,180312,559,166251,88,5892,1659,114002,414,121999,1747,236001,Not in California
Outside California,2021-03-22,3248,355703,1962,182274,1197,167448,89,5981,2229,115307,1012,123011,2317,238318,Not in California
Outside California,2021-03-23,6050,361753,3082,185356,2664,170112,304,6285,4104,117783,1932,124943,4408,242726,Not in California
Outside California,2021-03-24,7299,369052,3735,189091,3119,173231,445,6730,5038,121010,2254,127197,5481,248207,Not in California
Outside California,2021-03-25,8248,377300,3824,192915,3899,177130,525,7255,5998,125295,2238,129435,6523,254730,Not in California
Outside California,2021-03-26,6642,383942,3502,196417,2964,180094,176,7431,4383,127619,2234,131669,4558,259288,Not in California
Outside California,2021-03-27,5514,389456,3090,199507,2210,182304,214,7645,3458,129243,2047,133716,3671,262959,Not in California
Outside California,2021-03-28,3069,392525,1645,201152,1263,183567,161,7806,1983,130306,1081,134797,2144,265103,Not in California
Outside California,2021-03-29,5165,397690,2292,203444,2529,186096,344,8150,2952,131394,2208,137005,3296,268399,Not in California
Outside California,2021-03-30,6863,404553,3616,207060,2684,188780,563,8713,4056,133223,2797,139802,4626,273025,Not in California
Outside California,2021-03-31,6314,410867,3764,210824,1772,190552,778,9491,3348,134386,2960,142762,4123,277148,Not in California
Outside California,2021-04-01,7498,418365,4483,215307,2368,192920,647,10138,4329,136192,3161,145923,4967,282115,Not in California
Outside California,2021-04-02,8432,426797,4482,219789,2809,195729,1141,11279,4356,137620,4067,149990,5495,287610,Not in California
Outside California,2021-04-03,6161,432958,3656,223445,1347,197076,1158,12437,3239,139103,2913,152903,4396,292006,Not in California
Outside California,2021-04-04,1770,434728,870,224315,666,197742,234,12671,969,139504,800,153703,1201,293207,Not in California
Outside California,2021-04-05,4125,438853,1996,226311,1462,199204,667,13338,1966,139981,2154,155857,2631,295838,Not in California
Outside California,2021-04-06,7171,446024,3866,230177,1668,200872,1637,14975,2885,140229,4270,160127,4518,300356,Not in California
Outside California,2021-04-07,8190,454214,4599,234776,1897,202769,1694,16669,3174,140079,5008,165135,4858,305214,Not in California
Outside California,2021-04-08,8201,462415,4296,239072,1970,204739,1935,18604,3247,140306,4943,170078,5170,310384,Not in California
Outside California,2021-04-09,7535,469950,3850,242922,1725,206464,1960,20564,2881,140503,4641,174719,4838,315222,Not in California
Outside California,2021-04-10,6064,476014,2964,245886,1243,207707,1857,22421,1655,139609,4401,179120,3507,318729,Not in California
Outside California,2021-04-11,2837,478851,1548,247434,650,208357,639,23060,953,139320,1881,181001,1592,320321,Not in California
Outside California,2021-04-12,4137,482988,2318,249752,1267,209624,552,23612,1840,139424,2287,183288,2391,322712,Not in California
Outside California,2021-04-13,5799,488787,3704,253456,2070,211694,25,23637,2994,139647,2800,186088,3023,325735,Not in California
Outside California,2021-04-14,5345,494132,3389,256845,1952,213646,4,23641,2921,140158,2418,188506,2929,328664,Not in California
Outside California,2021-04-15,6141,500273,3877,260722,2258,215904,6,23647,3310,140696,2779,191285,3317,331981,Not in California
Outside California,2021-04-16,5846,506119,3338,264060,2501,218405,7,23654,3253,141379,2583,193868,3266,335247,Not in California
Outside California,2021-04-17,5464,511583,3428,267488,2035,220440,1,23655,3173,142271,2281,196149,3173,338420,Not in California
Outside California,2021-04-18,2100,513683,1171,268659,928,221368,1,23656,999,142177,1095,197244,1001,339421,Not in California
Outside California,2021-04-19,4129,517812,1995,270654,2133,223501,1,23657,2126,142314,1993,199237,2130,341551,Not in California
Outside California,2021-04-20,5361,523173,2432,273086,2929,226430,0,23657,2192,141345,3161,202398,2192,343743,Not in California
Outside California,2021-04-21,6360,529533,2656,275742,3700,230130,4,23661,2270,139551,4069,206467,2275,346018,Not in California
Outside California,2021-04-22,6750,536283,3431,279173,3315,233445,4,23665,2474,137769,4262,210729,2480,348498,Not in California
Outside California,2021-04-23,5846,542129,2973,282146,2872,236317,1,23666,2413,136767,3418,214147,2416,350914,Not in California
Outside California,2021-04-24,4575,546704,2967,285113,1603,237920,5,23671,1842,135891,2726,216873,1850,352764,Not in California
Outside California,2021-04-25,2206,548910,1244,286357,961,238881,1,23672,1168,136029,1034,217907,1172,353936,Not in California
Outside California,2021-04-26,4115,553025,1809,288166,2278,241159,28,23700,1865,135681,2241,220148,1893,355829,Not in California
Outside California,2021-04-27,5655,558680,2095,290261,3191,244350,369,24069,1976,134364,3670,223818,2353,358182,Not in California
Outside California,2021-04-28,4834,563514,2054,292315,2385,246735,395,24464,1908,133748,2914,226732,2298,360480,Not in California
Outside California,2021-04-29,4813,568327,2213,294528,2168,248903,432,24896,1810,133007,2983,229715,2242,362722,Not in California
Outside California,2021-04-30,4876,573203,2348,296876,2108,251011,420,25316,1844,132256,3018,232733,2267,364989,Not in California
Outside California,2021-05-01,3147,576350,1820,298696,899,251910,428,25744,1297,132141,1840,234573,1725,366714,Not in California
Outside California,2021-05-02,1858,578208,1083,299779,652,252562,123,25867,841,132090,1015,235588,964,367678,Not in California
Outside California,2021-05-03,2869,581077,1556,301335,1032,253594,281,26148,1112,131731,1752,237340,1393,369071,Not in California
Outside California,2021-05-04,3911,584988,2091,303426,1381,254975,439,26587,1304,130871,2601,239941,1741,370812,Not in California
Outside California,2021-05-05,4330,589318,2390,305816,1570,256545,370,26957,1568,130058,2754,242695,1941,372753,Not in California
Outside California,2021-05-06,4441,593759,2719,308535,1385,257930,337,27294,1555,129070,2880,245575,1892,374645,Not in California
Outside California,2021-05-07,4540,598299,2581,311116,1573,259503,386,27680,1577,128083,2950,248525,1963,376608,Not in California
Outside California,2021-05-08,3197,601496,2154,313270,798,260301,245,27925,1069,127279,2119,250644,1315,377923,Not in California
Outside California,2021-05-09,1352,602848,899,314169,330,260631,123,28048,580,127213,767,251411,701,378624,Not in California
Outside California,2021-05-10,2523,605371,1152,315321,1042,261673,329,28377,905,126837,1612,253023,1236,379860,Not in California
Outside California,2021-05-11,2925,608296,1379,316700,1248,262921,298,28675,1101,126416,1823,254846,1402,381262,Not in California
Outside California,2021-05-12,3147,611443,1487,318187,1333,264254,327,29002,1247,126095,1895,256741,1574,382836,Not in California
Outside California,2021-05-13,3099,614542,1778,319965,1115,265369,206,29208,1363,125935,1729,258470,1569,384405,Not in California
Outside California,2021-05-14,3495,618037,1948,321913,1309,266678,238,29446,1580,125847,1908,260378,1820,386225,Not in California
Outside California,2021-05-15,2607,620644,1519,323432,945,267623,143,29589,1130,125651,1472,261850,1276,387501,Not in California
Outside California,2021-05-16,1615,622259,1028,324460,518,268141,69,29658,733,125575,879,262729,803,388304,Not in California
Outside California,2021-05-17,3034,625293,1601,326061,1199,269340,234,29892,1322,125424,1708,264437,1557,389861,Not in California
Outside California,2021-05-18,3214,628507,1623,327684,1279,270619,312,30204,1457,125449,1746,266183,1771,391632,Not in California
Outside California,2021-05-19,3302,631809,1663,329347,1372,271991,267,30471,1471,125363,1824,268007,1738,393370,Not in California
Outside California,2021-05-20,3073,634882,1688,331035,1152,273143,233,30704,1406,125346,1660,269667,1643,395013,Not in California
Outside California,2021-05-21,3186,638068,1784,332819,1153,274296,249,30953,1398,125216,1777,271444,1647,396660,Not in California
Outside California,2021-05-22,2822,640890,1880,334699,741,275037,201,31154,1574,125750,1242,272686,1776,398436,Not in California
Outside California,2021-05-23,1536,642426,1003,335702,455,275492,78,31232,770,125834,765,273451,849,399285,Not in California
Outside California,2021-05-24,2443,644869,1194,336896,902,276394,347,31579,1117,125980,1318,274769,1464,400749,Not in California
Outside California,2021-05-25,2359,647228,1098,337994,933,277327,328,31907,1032,126020,1318,276087,1358,402107,Not in California
Outside California,2021-05-26,2358,649586,1091,339085,912,278239,355,32262,996,126017,1355,277442,1352,403459,Not in California
Outside California,2021-05-27,2166,651752,1089,340174,791,279030,286,32548,1019,126177,1144,278586,1304,404763,Not in California
Outside California,2021-05-28,2402,654154,1207,341381,847,279877,348,32896,1102,126335,1293,279879,1451,406214,Not in California
Outside California,2021-05-29,1677,655831,851,342232,471,280348,355,33251,734,126485,939,280818,1089,407303,Not in California
Outside California,2021-05-30,912,656743,559,342791,229,280577,124,33375,464,126629,445,281263,589,407892,Not in California
Outside California,2021-05-31,415,657158,182,342973,196,280773,37,33412,177,126618,226,281489,215,408107,Not in California
Outside California,2021-06-01,2110,659268,1099,344072,710,281483,301,33713,1045,126904,1061,282550,1347,409454,Not in California
Outside California,2021-06-02,2078,661346,1073,345145,664,282147,341,34054,1010,127196,1059,283609,1351,410805,Not in California
Outside California,2021-06-03,2148,663494,1188,346333,651,282798,309,34363,1000,127364,1141,284750,1309,412114,Not in California
Outside California,2021-06-04,2513,666007,1408,347741,791,283589,314,34677,1101,127372,1406,286156,1414,413528,Not in California
Outside California,2021-06-05,1714,667721,1206,348947,349,283938,159,34836,810,127441,901,287057,970,414498,Not in California
Outside California,2021-06-06,920,668641,691,349638,148,284086,81,34917,450,127504,468,287525,531,415029,Not in California
Outside California,2021-06-07,1899,670540,1028,350666,545,284631,326,35243,813,127557,1085,288610,1138,416167,Not in California
Outside California,2021-06-08,2006,672546,1166,351832,509,285140,331,35574,796,127478,1205,289815,1126,417293,Not in California
Outside California,2021-06-09,1338,673884,767,352599,334,285474,237,35811,555,127490,780,290595,792,418085,Not in California
Outside California,2021-06-10,1290,675174,719,353318,327,285801,244,36055,521,127491,765,291360,766,418851,Not in California
Outside California,2021-06-11,1191,676365,615,353933,332,286133,244,36299,439,127424,749,292109,682,419533,Not in California
Unknown,2020-12-17,2,2,2,2,0,0,0,0,0,0,0,0,0,0,Not in California
Unknown,2020-12-18,1,3,1,3,0,0,0,0,0,0,0,0,0,0,Not in California
Unknown,2020-12-21,4,7,4,7,0,0,0,0,0,0,0,0,0,0,Not in California
Unknown,2020-12-28,1,8,1,8,0,0,0,0,1,1,0,0,1,1,Not in California
Unknown,2020-12-29,1,9,1,9,0,0,0,0,1,2,0,0,1,2,Not in California
Unknown,2020-12-30,54,63,54,63,0,0,0,0,54,56,0,0,54,56,Not in California
Unknown,2020-12-31,1,64,0,63,1,1,0,0,0,56,0,0,0,56,Not in California
Unknown,2021-01-02,1,65,0,63,1,2,0,0,1,57,0,0,1,57,Not in California
Unknown,2021-01-04,1,66,1,64,0,2,0,0,1,58,0,0,1,58,Not in California
Unknown,2021-01-06,4,70,2,66,2,4,0,0,4,62,0,0,4,62,Not in California
Unknown,2021-01-07,67,137,67,133,0,4,0,0,67,129,0,0,67,129,Not in California
Unknown,2021-01-09,1,138,1,134,0,4,0,0,2,131,0,0,2,131,Not in California
Unknown,2021-01-11,19,157,19,153,0,4,0,0,18,149,0,0,18,149,Not in California
Unknown,2021-01-12,8,165,7,160,1,5,0,0,6,155,1,1,7,156,Not in California
Unknown,2021-01-13,3,168,3,163,0,5,0,0,4,159,0,1,4,160,Not in California
Unknown,2021-01-14,3,171,3,166,0,5,0,0,3,162,0,1,3,163,Not in California
Unknown,2021-01-15,6,177,5,171,1,6,0,0,6,168,0,1,6,169,Not in California
Unknown,2021-01-16,6,183,6,177,0,6,0,0,6,174,0,1,6,175,Not in California
Unknown,2021-01-17,2,185,2,179,0,6,0,0,2,176,0,1,2,177,Not in California
Unknown,2021-01-18,21,206,21,200,0,6,0,0,21,197,0,1,21,198,Not in California
Unknown,2021-01-19,9,215,9,209,0,6,0,0,8,205,0,1,8,206,Not in California
Unknown,2021-01-20,64,279,64,273,0,6,0,0,13,166,52,53,13,219,Not in California
Unknown,2021-01-21,29,308,27,300,2,8,0,0,30,195,1,54,30,249,Not in California
Unknown,2021-01-22,16,324,11,311,5,13,0,0,16,211,0,54,16,265,Not in California
Unknown,2021-01-23,10,334,4,315,6,19,0,0,10,221,0,54,10,275,Not in California
Unknown,2021-01-24,2,336,2,317,0,19,0,0,3,224,0,54,3,278,Not in California
Unknown,2021-01-25,8,344,6,323,2,21,0,0,6,228,2,56,6,284,Not in California
Unknown,2021-01-26,32,376,32,355,0,21,0,0,35,263,0,56,35,319,Not in California
Unknown,2021-01-27,10,386,10,365,0,21,0,0,9,271,1,57,9,328,Not in California
Unknown,2021-01-28,95,481,93,458,2,23,0,0,39,251,59,116,39,367,Not in California
Unknown,2021-01-29,115,596,115,573,0,23,0,0,119,369,1,117,119,486,Not in California
Unknown,2021-01-30,8,604,6,579,2,25,0,0,11,379,1,118,11,497,Not in California
Unknown,2021-01-31,5,609,5,584,0,25,0,0,6,385,0,118,6,503,Not in California
Unknown,2021-02-01,35,644,33,617,2,27,0,0,19,386,18,136,19,522,Not in California
Unknown,2021-02-02,28,672,27,644,1,28,0,0,24,406,4,140,24,546,Not in California
Unknown,2021-02-03,8,680,8,652,0,28,0,0,4,406,4,144,4,550,Not in California
Unknown,2021-02-04,29,709,25,677,4,32,0,0,24,425,5,149,24,574,Not in California
Unknown,2021-02-05,15,724,12,689,3,35,0,0,12,434,3,152,12,586,Not in California
Unknown,2021-02-06,8,732,8,697,0,35,0,0,3,431,6,158,3,589,Not in California
Unknown,2021-02-07,3,735,3,700,0,35,0,0,3,434,0,158,3,592,Not in California
Unknown,2021-02-08,19,754,18,718,1,36,0,0,5,425,14,172,5,597,Not in California
Unknown,2021-02-09,7,761,7,725,0,36,0,0,2,422,5,177,2,599,Not in California
Unknown,2021-02-10,16,777,12,737,4,40,0,0,6,418,10,187,6,605,Not in California
Unknown,2021-02-11,34,811,33,770,1,41,0,0,14,411,21,208,14,619,Not in California
Unknown,2021-02-12,11,822,9,779,2,43,0,0,3,406,8,216,3,622,Not in California
Unknown,2021-02-13,6,828,1,780,5,48,0,0,5,410,1,217,5,627,Not in California
Unknown,2021-02-14,2,830,1,781,1,49,0,0,1,410,1,218,1,628,Not in California
Unknown,2021-02-15,30,860,26,807,4,53,0,0,25,432,3,221,25,653,Not in California
Unknown,2021-02-16,35,895,28,835,7,60,0,0,16,429,19,240,16,669,Not in California
Unknown,2021-02-17,5,900,3,838,2,62,0,0,2,429,2,242,2,671,Not in California
Unknown,2021-02-18,34,934,29,867,5,67,0,0,8,411,26,268,8,679,Not in California
Unknown,2021-02-19,144,1078,139,1006,5,72,0,0,37,342,106,374,37,716,Not in California
Unknown,2021-02-20,2,1080,2,1008,0,72,0,0,0,340,2,376,0,716,Not in California
Unknown,2021-02-21,4,1084,4,1012,0,72,0,0,0,336,4,380,0,716,Not in California
Unknown,2021-02-22,1,1085,1,1013,0,72,0,0,0,335,1,381,0,716,Not in California
Unknown,2021-02-23,32,1117,20,1033,12,84,0,0,10,324,21,402,10,726,Not in California
Unknown,2021-02-24,11,1128,4,1037,7,91,0,0,8,329,3,405,8,734,Not in California
Unknown,2021-02-25,38,1166,25,1062,13,104,0,0,16,322,23,428,16,750,Not in California
Unknown,2021-02-26,26,1192,13,1075,13,117,0,0,11,320,13,441,11,761,Not in California
Unknown,2021-02-27,11,1203,8,1083,3,120,0,0,7,325,2,443,7,768,Not in California
Unknown,2021-02-28,11,1214,9,1092,2,122,0,0,6,328,3,446,6,774,Not in California
Unknown,2021-03-01,19,1233,8,1100,11,133,0,0,8,326,10,456,8,782,Not in California
Unknown,2021-03-02,14,1247,5,1105,9,142,0,0,8,329,5,461,8,790,Not in California
Unknown,2021-03-03,5,1252,1,1106,4,146,0,0,4,333,0,461,4,794,Not in California
Unknown,2021-03-04,18,1270,15,1121,3,149,0,0,8,332,9,470,8,802,Not in California
Unknown,2021-03-05,14,1284,5,1126,9,158,0,0,14,343,3,473,14,816,Not in California
Unknown,2021-03-06,14,1298,8,1134,4,162,2,2,12,354,3,476,14,830,Not in California
Unknown,2021-03-08,28,1326,22,1156,5,167,1,3,7,341,21,497,8,838,Not in California
Unknown,2021-03-09,19,1345,14,1170,2,169,3,6,6,336,14,511,9,847,Not in California
Unknown,2021-03-10,6,1351,3,1173,1,170,2,8,4,339,3,514,6,853,Not in California
Unknown,2021-03-11,20,1371,4,1177,2,172,14,22,2,338,17,531,16,869,Not in California
Unknown,2021-03-12,44,1415,34,1211,5,177,5,27,7,315,35,566,12,881,Not in California
Unknown,2021-03-13,12,1427,3,1214,5,182,4,31,4,315,8,574,8,889,Not in California
Unknown,2021-03-14,4,1431,0,1214,2,184,2,33,1,315,3,577,3,892,Not in California
Unknown,2021-03-15,21,1452,6,1220,13,197,2,35,14,323,8,585,16,908,Not in California
Unknown,2021-03-16,29,1481,8,1228,17,214,4,39,17,331,13,598,21,929,Not in California
Unknown,2021-03-17,28,1509,7,1235,20,234,1,40,27,357,2,600,28,957,Not in California
Unknown,2021-03-18,23,1532,11,1246,12,246,0,40,14,363,8,608,14,971,Not in California
Unknown,2021-03-19,13,1545,7,1253,6,252,0,40,12,372,3,611,12,983,Not in California
Unknown,2021-03-20,13,1558,7,1260,6,258,0,40,4,371,5,616,4,987,Not in California
Unknown,2021-03-21,9,1567,4,1264,5,263,0,40,8,378,1,617,8,995,Not in California
Unknown,2021-03-22,24,1591,8,1272,15,278,1,41,10,380,9,626,11,1006,Not in California
Unknown,2021-03-23,18,1609,4,1276,9,287,5,46,7,382,10,636,12,1018,Not in California
Unknown,2021-03-24,16,1625,4,1280,12,299,0,46,12,390,4,640,12,1030,Not in California
Unknown,2021-03-25,21,1646,10,1290,11,310,0,46,15,400,5,645,15,1045,Not in California
Unknown,2021-03-26,22,1668,8,1298,9,319,5,51,12,408,9,654,17,1062,Not in California
Unknown,2021-03-27,22,1690,11,1309,8,327,3,54,13,412,12,666,16,1078,Not in California
Unknown,2021-03-28,11,1701,4,1313,7,334,0,54,9,419,2,668,9,1087,Not in California
Unknown,2021-03-29,20,1721,8,1321,12,346,0,54,15,430,4,672,15,1102,Not in California
Unknown,2021-03-30,19,1740,10,1331,9,355,0,54,13,437,6,678,13,1115,Not in California
Unknown,2021-03-31,23,1763,12,1343,11,366,0,54,17,447,7,685,17,1132,Not in California
Unknown,2021-04-01,14,1777,10,1353,4,370,0,54,11,456,2,687,11,1143,Not in California
Unknown,2021-04-02,32,1809,12,1365,11,381,9,63,14,461,18,705,23,1166,Not in California
Unknown,2021-04-03,16,1825,6,1371,10,391,0,63,8,461,8,713,8,1174,Not in California
Unknown,2021-04-04,11,1836,3,1374,8,399,0,63,8,467,2,715,8,1182,Not in California
Unknown,2021-04-05,20,1856,8,1382,11,410,1,64,8,465,11,726,9,1191,Not in California
Unknown,2021-04-06,15,1871,9,1391,5,415,1,65,9,468,7,733,10,1201,Not in California
Unknown,2021-04-07,27,1898,18,1409,8,423,1,66,20,482,6,739,20,1221,Not in California
Unknown,2021-04-08,25,1923,13,1422,7,430,5,71,13,487,13,752,18,1239,Not in California
Unknown,2021-04-09,18,1941,11,1433,7,437,0,71,16,500,3,755,16,1255,Not in California
Unknown,2021-04-10,7,1948,5,1438,1,438,1,72,4,501,4,759,5,1260,Not in California
Unknown,2021-04-11,7,1955,5,1443,2,440,0,72,3,501,3,762,3,1263,Not in California
Unknown,2021-04-12,23,1978,10,1453,12,452,1,73,12,502,12,774,13,1276,Not in California
Unknown,2021-04-13,28,2006,13,1466,15,467,0,73,12,498,16,790,12,1288,Not in California
Unknown,2021-04-14,21,2027,4,1470,17,484,0,73,5,487,16,806,5,1293,Not in California
Unknown,2021-04-15,26,2053,12,1482,13,497,1,74,11,483,15,821,11,1304,Not in California
Unknown,2021-04-16,14,2067,8,1490,6,503,0,74,6,482,7,828,6,1310,Not in California
Unknown,2021-04-17,14,2081,10,1500,4,507,0,74,3,477,9,837,4,1314,Not in California
Unknown,2021-04-18,13,2094,5,1505,8,515,0,74,6,475,8,845,6,1320,Not in California
Unknown,2021-04-19,18,2112,7,1512,11,526,0,74,7,472,10,855,7,1327,Not in California
Unknown,2021-04-20,16,2128,8,1520,8,534,0,74,2,460,14,869,2,1329,Not in California
Unknown,2021-04-21,27,2155,10,1530,17,551,0,74,10,452,18,887,10,1339,Not in California
Unknown,2021-04-22,14,2169,7,1537,7,558,0,74,3,445,10,897,3,1342,Not in California
Unknown,2021-04-23,26,2195,12,1549,14,572,0,74,13,447,11,908,13,1355,Not in California
Unknown,2021-04-24,21,2216,13,1562,8,580,0,74,13,452,8,916,13,1368,Not in California
Unknown,2021-04-25,16,2232,7,1569,9,589,0,74,7,450,9,925,7,1375,Not in California
Unknown,2021-04-26,17,2249,8,1577,9,598,0,74,6,446,10,935,6,1381,Not in California
Unknown,2021-04-27,25,2274,13,1590,11,609,1,75,9,440,16,951,10,1391,Not in California
Unknown,2021-04-28,23,2297,17,1607,4,613,2,77,7,433,16,967,9,1400,Not in California
Unknown,2021-04-29,27,2324,19,1626,8,621,0,77,12,430,15,982,12,1412,Not in California
Unknown,2021-04-30,22,2346,9,1635,9,630,4,81,12,435,11,993,16,1428,Not in California
Unknown,2021-05-01,25,2371,20,1655,5,635,0,81,13,437,11,1004,13,1441,Not in California
Unknown,2021-05-02,11,2382,5,1660,6,641,0,81,3,433,7,1011,3,1444,Not in California
Unknown,2021-05-03,19,2401,12,1672,4,645,3,84,6,428,13,1024,8,1452,Not in California
Unknown,2021-05-04,17,2418,8,1680,5,650,4,88,3,421,14,1038,7,1459,Not in California
Unknown,2021-05-05,18,2436,5,1685,12,662,1,89,8,419,11,1049,9,1468,Not in California
Unknown,2021-05-06,27,2463,15,1700,5,667,7,96,9,416,19,1068,16,1484,Not in California
Unknown,2021-05-07,22,2485,12,1712,7,674,3,99,9,415,13,1081,12,1496,Not in California
Unknown,2021-05-08,11,2496,7,1719,2,676,2,101,5,417,5,1086,7,1503,Not in California
Unknown,2021-05-09,16,2512,4,1723,8,684,4,105,8,421,8,1094,12,1515,Not in California
Unknown,2021-05-10,13,2525,5,1728,5,689,3,108,3,418,9,1103,6,1521,Not in California
Unknown,2021-05-11,12,2537,6,1734,3,692,3,111,6,421,6,1109,9,1530,Not in California
Unknown,2021-05-12,9,2546,5,1739,3,695,1,112,4,422,4,1113,5,1535,Not in California
Unknown,2021-05-13,14,2560,8,1747,1,696,5,117,9,430,7,1120,15,1550,Not in California
Unknown,2021-05-14,17,2577,14,1761,2,698,1,118,10,434,6,1126,10,1560,Not in California
Unknown,2021-05-15,13,2590,11,1772,2,700,0,118,8,437,5,1131,8,1568,Not in California
Unknown,2021-05-16,19,2609,13,1785,5,705,1,119,12,443,7,1138,13,1581,Not in California
Unknown,2021-05-17,19,2628,14,1799,3,708,2,121,10,447,8,1146,12,1593,Not in California
Unknown,2021-05-18,26,2654,17,1816,7,715,2,123,17,456,10,1156,19,1612,Not in California
Unknown,2021-05-19,29,2683,22,1838,6,721,1,124,13,455,15,1171,14,1626,Not in California
Unknown,2021-05-20,16,2699,13,1851,2,723,1,125,9,458,7,1178,10,1636,Not in California
Unknown,2021-05-21,21,2720,10,1861,7,730,4,129,8,457,13,1191,12,1648,Not in California
Unknown,2021-05-22,23,2743,19,1880,3,733,1,130,11,457,12,1203,12,1660,Not in California
Unknown,2021-05-23,9,2752,6,1886,3,736,0,130,6,460,3,1206,6,1666,Not in California
Unknown,2021-05-24,8,2760,5,1891,2,738,1,131,4,461,4,1210,5,1671,Not in California
Unknown,2021-05-25,17,2777,6,1897,5,743,6,137,8,466,9,1219,14,1685,Not in California
Unknown,2021-05-26,8,2785,5,1902,2,745,1,138,4,467,4,1223,5,1690,Not in California
Unknown,2021-05-27,18,2803,12,1914,4,749,2,140,6,464,11,1234,8,1698,Not in California
Unknown,2021-05-28,23,2826,13,1927,5,754,5,145,13,472,10,1244,18,1716,Not in California
Unknown,2021-05-29,10,2836,10,1937,0,754,0,145,7,476,3,1247,7,1723,Not in California
Unknown,2021-05-30,6,2842,4,1941,1,755,1,146,3,477,3,1250,4,1727,Not in California
Unknown,2021-05-31,1,2843,1,1942,0,755,0,146,0,476,1,1251,0,1727,Not in California
Unknown,2021-06-01,23,2866,11,1953,6,761,6,152,12,483,11,1262,18,1745,Not in California
Unknown,2021-06-02,7,2873,3,1956,4,765,0,152,3,482,4,1266,3,1748,Not in California
Unknown,2021-06-03,18,2891,18,1974,0,765,0,152,9,482,9,1275,9,1757,Not in California
Unknown,2021-06-04,23,2914,14,1988,9,774,0,152,13,485,10,1285,13,1770,Not in California
Unknown,2021-06-05,12,2926,7,1995,4,778,1,153,6,486,6,1291,7,1777,Not in California
Unknown,2021-06-06,23,2949,15,2010,5,783,3,156,8,482,15,1306,11,1788,Not in California
Unknown,2021-06-07,17,2966,7,2017,8,791,2,158,8,483,9,1315,10,1798,Not in California
Unknown,2021-06-08,15,2981,10,2027,3,794,2,160,3,477,11,1326,5,1803,Not in California
Unknown,2021-06-09,4,2985,4,2031,0,794,0,160,0,473,4,1330,0,1803,Not in California
Unknown,2021-06-10,79,3064,73,2104,6,800,0,160,76,546,3,1333,76,1879,Not in California
Alameda,2020-12-15,37,37,37,37,0,0,0,0,37,37,0,0,37,37,California
Alameda,2020-12-16,210,247,210,247,0,0,0,0,210,247,0,0,210,247,California
Alameda,2020-12-17,506,753,506,753,0,0,0,0,506,753,0,0,506,753,California
Alameda,2020-12-18,1901,2654,1900,2653,1,1,0,0,1901,2654,0,0,1901,2654,California
Alameda,2020-12-19,1420,4074,1420,4073,0,1,0,0,1420,4074,0,0,1420,4074,California
Alameda,2020-12-20,1172,5246,1171,5244,1,2,0,0,1171,5244,1,1,1171,5245,California
Alameda,2020-12-21,1833,7079,1831,7075,2,4,0,0,1832,7076,0,1,1832,7077,California
Alameda,2020-12-22,2085,9164,2031,9106,54,58,0,0,2084,9160,0,1,2084,9161,California
Alameda,2020-12-23,1909,11073,1653,10759,256,314,0,0,1908,11067,1,2,1908,11069,California
Alameda,2020-12-24,1202,12275,747,11506,455,769,0,0,1202,12269,0,2,1202,12271,California
Alameda,2020-12-25,160,12435,125,11631,35,804,0,0,160,12429,0,2,160,12431,California
Alameda,2020-12-26,851,13286,317,11948,534,1338,0,0,851,13280,0,2,851,13282,California
Alameda,2020-12-27,493,13779,254,12202,239,1577,0,0,493,13773,0,2,493,13775,California
Alameda,2020-12-28,1864,15643,957,13159,907,2484,0,0,1864,15637,0,2,1864,15639,California
Alameda,2020-12-29,2473,18116,1075,14234,1398,3882,0,0,2472,18109,0,2,2472,18111,California
Alameda,2020-12-30,3061,21177,1320,15554,1741,5623,0,0,3061,21170,0,2,3061,21172,California
Alameda,2020-12-31,1794,22971,446,16000,1348,6971,0,0,1792,22961,1,3,1792,22964,California
Alameda,2021-01-01,177,23148,74,16074,103,7074,0,0,175,23134,2,5,175,23139,California
Alameda,2021-01-02,726,23874,524,16598,202,7276,0,0,725,23859,0,5,725,23864,California
Alameda,2021-01-03,329,24203,214,16812,115,7391,0,0,326,24182,3,8,326,24190,California
Alameda,2021-01-04,1604,25807,910,17722,694,8085,0,0,1592,25763,11,19,1592,25782,California
Alameda,2021-01-05,2203,28010,1274,18996,929,9014,0,0,1947,27457,253,272,1947,27729,California
Alameda,2021-01-06,3245,31255,1795,20791,1450,10464,0,0,2372,28961,870,1142,2374,30103,California
Alameda,2021-01-07,3790,35045,2125,22916,1665,12129,0,0,2617,30419,1164,2306,2622,32725,California
Alameda,2021-01-08,4750,39795,2713,25629,2037,14166,0,0,3021,31723,1722,4028,3026,35751,California
Alameda,2021-01-09,2013,41808,1370,26999,643,14809,0,0,1158,32026,855,4883,1158,36909,California
Alameda,2021-01-10,1057,42865,837,27836,220,15029,0,0,425,31818,633,5516,425,37334,California
Alameda,2021-01-11,4647,47512,3516,31352,1131,16160,0,0,2848,32875,1798,7314,2855,40189,California
Alameda,2021-01-12,4836,52348,3257,34609,1579,17739,0,0,3451,34949,1384,8698,3458,43647,California
Alameda,2021-01-13,5012,57360,2649,37258,2363,20102,0,0,3821,37593,1186,9884,3830,47477,California
Alameda,2021-01-14,5644,63004,2792,40050,2852,22954,0,0,4748,41472,887,10771,4766,52243,California
Alameda,2021-01-15,5794,68798,2298,42348,3496,26450,0,0,5032,45753,755,11526,5036,57279,California
Alameda,2021-01-16,2977,71775,1397,43745,1580,28030,0,0,2711,48200,266,11792,2713,59992,California
Alameda,2021-01-17,1868,73643,1086,44831,782,28812,0,0,1663,49659,205,11997,1664,61656,California
Alameda,2021-01-18,3154,76797,2026,46857,1128,29940,0,0,2561,51635,587,12584,2563,64219,California
Alameda,2021-01-19,5503,82300,3314,50171,2189,32129,0,0,4311,54758,1190,13774,4313,68532,California
Alameda,2021-01-20,6759,89059,4091,54262,2668,34797,0,0,5465,58946,1281,15055,5469,74001,California
Alameda,2021-01-21,7781,96840,3423,57685,4358,39155,0,0,6938,65053,836,15891,6943,80944,California
Alameda,2021-01-22,6817,103657,2026,59711,4791,43946,0,0,5677,69600,1131,17022,5678,86622,California
Alameda,2021-01-23,3260,106917,944,60655,2316,46262,0,0,2709,71759,550,17572,2709,89331,California
Alameda,2021-01-24,2026,108943,654,61309,1372,47634,0,0,1755,73246,268,17840,1755,91086,California
Alameda,2021-01-25,5165,114108,1974,63283,3191,50825,0,0,3599,75288,1558,19398,3600,94686,California
Alameda,2021-01-26,7297,121405,2306,65589,4991,55816,0,0,5410,78820,1879,21277,5411,100097,California
Alameda,2021-01-27,6680,128085,2059,67648,4621,60437,0,0,4836,81824,1832,23109,4836,104933,California
Alameda,2021-01-28,7868,135953,2558,70206,5310,65747,0,0,5632,85239,2220,25329,5635,110568,California
Alameda,2021-01-29,7969,143922,3192,73398,4777,70524,0,0,6132,89549,1827,27156,6137,116705,California
Alameda,2021-01-30,3432,147354,1688,75086,1744,72268,0,0,2720,91563,706,27862,2720,119425,California
Alameda,2021-01-31,1913,149267,943,76029,970,73238,0,0,1675,93003,235,28097,1675,121100,California
Alameda,2021-02-01,6452,155719,3876,79905,2576,75814,0,0,4319,95199,2124,30221,4320,125420,California
Alameda,2021-02-02,6996,162715,3771,83676,3225,79039,0,0,4669,97548,2320,32541,4669,130089,California
Alameda,2021-02-03,7008,169723,3696,87372,3312,82351,0,0,4328,99207,2674,35215,4333,134422,California
Alameda,2021-02-04,9432,179155,4118,91490,5314,87665,0,0,6326,102445,3093,38308,6331,140753,California
Alameda,2021-02-05,10235,189390,5344,96834,4891,92556,0,0,6369,104961,3860,42168,6376,147129,California
Alameda,2021-02-06,6928,196318,4407,101241,2521,95077,0,0,5803,109639,1125,43293,5803,152932,California
Alameda,2021-02-07,3578,199896,2890,104131,688,95765,0,0,2633,111332,942,44235,2635,155567,California
Alameda,2021-02-08,8079,207975,5791,109922,2288,98053,0,0,5524,114312,2546,46781,5526,161093,California
Alameda,2021-02-09,9626,217601,5794,115716,3832,101885,0,0,5990,116681,3623,50404,5992,167085,California
Alameda,2021-02-10,11417,229018,6751,122467,4666,106551,0,0,6520,118327,4882,55286,6528,173613,California
Alameda,2021-02-11,13925,242943,8017,130484,5908,112459,0,0,8354,121133,5551,60837,8357,181970,California
Alameda,2021-02-12,12461,255404,5672,136156,6789,119248,0,0,7719,124128,4727,65564,7722,189692,California
Alameda,2021-02-13,7752,263156,4040,140196,3712,122960,0,0,5806,127994,1942,67506,5808,195500,California
Alameda,2021-02-14,4035,267191,2546,142742,1489,124449,0,0,2858,129682,1173,68679,2861,198361,California
Alameda,2021-02-15,5641,272832,3184,145926,2457,126906,0,0,3675,131395,1964,70643,3677,202038,California
Alameda,2021-02-16,12485,285317,6960,152886,5525,132431,0,0,9284,137495,3190,73833,9290,211328,California
Alameda,2021-02-17,14099,299416,8377,161263,5722,138153,0,0,10469,144352,3614,77447,10471,221799,California
Alameda,2021-02-18,15839,315255,10074,171337,5765,143918,0,0,11516,151561,4313,81760,11522,233321,California
Alameda,2021-02-19,17815,333070,11568,182905,6247,150165,0,0,11779,157332,6013,87773,11784,245105,California
Alameda,2021-02-20,11998,345068,9702,192607,2296,152461,0,0,9231,163807,2762,90535,9237,254342,California
Alameda,2021-02-21,7785,352853,6833,199440,952,153413,0,0,5282,166598,2491,93026,5282,259624,California
Alameda,2021-02-22,10928,363781,8058,207498,2870,156283,0,0,6864,169420,4051,97077,6873,266497,California
Alameda,2021-02-23,12950,376731,7895,215393,5055,161338,0,0,8068,172622,4872,101949,8074,274571,California
Alameda,2021-02-24,14797,391528,8311,223704,6486,167824,0,0,9583,177060,5151,107100,9589,284160,California
Alameda,2021-02-25,15965,407493,9261,232965,6704,174528,0,0,10095,181326,5838,112938,10104,294264,California
Alameda,2021-02-26,18594,426087,10833,243798,7761,182289,0,0,11805,186392,6743,119681,11809,306073,California
Alameda,2021-02-27,15135,441222,11170,254968,3963,186252,2,2,9360,190004,5752,125433,9364,315437,California
Alameda,2021-02-28,10079,451301,8410,263378,1669,187921,0,2,6522,192997,3530,128963,6523,321960,California
Alameda,2021-03-01,14038,465339,9706,273084,4321,192242,11,13,8579,196184,5411,134374,8598,330558,California
Alameda,2021-03-02,14998,480337,10793,283877,4204,196446,1,14,9819,200852,5159,139533,9827,340385,California
Alameda,2021-03-03,15648,495985,10232,294109,5413,201859,3,17,10707,206652,4914,144447,10714,351099,California
Alameda,2021-03-04,17378,513363,11179,305288,6197,208056,2,19,10967,211245,6376,150823,10969,362068,California
Alameda,2021-03-05,16172,529535,10614,315902,5548,213604,10,29,10937,217007,5191,156014,10953,373021,California
Alameda,2021-03-06,14507,544042,10251,326153,3990,217594,266,295,9614,222043,4844,160858,9880,382901,California
Alameda,2021-03-07,9762,553804,8510,334663,1169,218763,83,378,6965,226323,2770,163628,7050,389951,California
Alameda,2021-03-08,11919,565723,7445,342108,4097,222860,377,755,8912,232654,2957,166585,9288,399239,California
Alameda,2021-03-09,14637,580360,10306,352414,3901,226761,430,1185,7977,234433,6628,173213,8407,407646,California
Alameda,2021-03-10,17415,597775,12092,364506,4773,231534,550,1735,7858,233308,9529,182742,8404,416050,California
Alameda,2021-03-11,19728,617503,11563,376069,6453,237987,1712,3447,6693,228696,13005,195747,8393,424443,California
Alameda,2021-03-12,21319,638822,12508,388577,7110,245097,1701,5148,7341,223777,13948,209695,9029,433472,California
Alameda,2021-03-13,16028,654850,10311,398888,4715,249812,1002,6150,5039,218857,10954,220649,6034,439506,California
Alameda,2021-03-14,10867,665717,8019,406907,2068,251880,780,6930,3293,215369,7552,228201,4064,443570,California
Alameda,2021-03-15,14417,680134,9443,416350,4447,256327,527,7457,6208,213923,8178,236379,6732,450302,California
Alameda,2021-03-16,17168,697302,11166,427516,5469,261796,533,7990,7324,211989,9792,246171,7858,458160,California
Alameda,2021-03-17,17457,714759,9857,437373,6882,268678,718,8708,8042,211373,9372,255543,8756,466916,California
Alameda,2021-03-18,19140,733899,10440,447813,7809,276487,891,9599,8615,210390,10493,266036,9510,476426,California
Alameda,2021-03-19,19359,753258,10625,458438,6941,283428,1793,11392,7540,207945,11769,277805,9324,485750,California
Alameda,2021-03-20,15765,769023,10333,468771,4579,288007,853,12245,6303,205665,9431,287236,7151,492901,California
Alameda,2021-03-21,9200,778223,7232,476003,1415,289422,553,12798,3378,203785,5811,293047,3931,496832,California
Alameda,2021-03-22,15011,793234,10110,486113,3888,293310,1013,13811,6774,203358,8206,301253,7779,504611,California
Alameda,2021-03-23,19278,812512,11707,497820,6754,300064,817,14628,9752,204455,9475,310728,10572,515183,California
Alameda,2021-03-24,19260,831772,11675,509495,6560,306624,1025,15653,8386,203047,10809,321537,9401,524584,California
Alameda,2021-03-25,20529,852301,11400,520895,7720,314344,1409,17062,9359,202704,11099,332636,10756,535340,California
Alameda,2021-03-26,20938,873239,12635,533530,6737,321081,1566,18628,8412,200191,12477,345113,9964,545304,California
Alameda,2021-03-27,18334,891573,12511,546041,4873,325954,950,19578,7510,197865,10774,355887,8448,553752,California
Alameda,2021-03-28,10652,902225,8685,554726,1764,327718,203,19781,3454,194342,7183,363070,3660,557412,California
Alameda,2021-03-29,14687,916912,9413,564139,4280,331998,994,20775,5824,192333,8825,371895,6816,564228,California
Alameda,2021-03-30,18566,935478,9800,573939,7043,339041,1723,22498,9249,194014,9282,381177,10963,575191,California
Alameda,2021-03-31,19339,954817,10185,584124,7049,346090,2105,24603,9042,194882,10267,391444,11135,586326,California
Alameda,2021-04-01,23294,978111,9971,594095,7639,353729,5684,30287,11007,199310,12235,403679,16663,602989,California
Alameda,2021-04-02,24063,1002174,9876,603971,8309,362038,5878,36165,11608,204346,12418,416097,17454,620443,California
Alameda,2021-04-03,20327,1022501,9793,613764,5669,367707,4865,41030,10269,209438,10034,426131,15126,635569,California
Alameda,2021-04-04,9947,1032448,3986,617750,2258,369965,3703,44733,3446,210101,6481,432612,7144,642713,California
Alameda,2021-04-05,17816,1050264,7501,625251,5501,375466,4814,49547,7247,211614,10544,443156,12057,654770,California
Alameda,2021-04-06,22169,1072433,10649,635900,5649,381115,5871,55418,10043,215417,12089,455245,15892,670662,California
Alameda,2021-04-07,22552,1094985,11553,647453,5518,386633,5481,60899,11414,221204,11093,466338,16880,687542,California
Alameda,2021-04-08,25545,1120530,11490,658943,6034,392667,8021,68920,10910,225557,14554,480892,18907,706449,California
Alameda,2021-04-09,23377,1143907,10653,669596,7479,400146,5245,74165,12057,231572,11285,492177,17300,723749,California
Alameda,2021-04-10,19276,1163183,7476,677072,5626,405772,6174,80339,8231,234940,11019,503196,14387,738136,California
Alameda,2021-04-11,10998,1174181,4804,681876,2236,408008,3958,84297,4488,236880,6491,509687,8431,746567,California
Alameda,2021-04-12,18104,1192285,11782,693658,4346,412354,1976,86273,10266,241314,7802,517489,12236,758803,California
Alameda,2021-04-13,23099,1215384,14683,708341,8356,420710,60,86333,17065,252466,5982,523471,17134,775937,California
Alameda,2021-04-14,23229,1238613,15273,723614,7955,428665,1,86334,15739,260765,7452,530923,15751,791688,California
Alameda,2021-04-15,24183,1262796,15454,739068,8727,437392,2,86336,16118,268891,8002,538925,16128,807816,California
Alameda,2021-04-16,24372,1287168,14382,753450,9984,447376,6,86342,15731,276056,8585,547510,15750,823566,California
Alameda,2021-04-17,20845,1308013,14411,767861,6432,453808,2,86344,14425,284111,6386,553896,14441,838007,California
Alameda,2021-04-18,9973,1317986,7650,775511,2323,456131,0,86344,6911,287996,3033,556929,6918,844925,California
Alameda,2021-04-19,15630,1333616,9736,785247,5893,462024,1,86345,9087,290591,6503,563432,9098,854023,California
Alameda,2021-04-20,18101,1351717,11098,796345,7001,469025,2,86347,9977,292512,8080,571512,10001,864024,California
Alameda,2021-04-21,19090,1370807,11157,807502,7922,476947,11,86358,11181,295865,7856,579368,11209,875233,California
Alameda,2021-04-22,21380,1392187,13762,821264,7614,484561,4,86362,11417,297400,9910,589278,11445,886678,California
Alameda,2021-04-23,21779,1413966,14070,835334,7705,492266,4,86366,12251,300212,9470,598748,12282,898960,California
Alameda,2021-04-24,18947,1432913,14401,849735,4538,496804,8,86374,10054,301437,8847,607595,10072,909032,California
Alameda,2021-04-25,8989,1441902,6994,856729,1994,498798,1,86375,5891,304267,3072,610667,5902,914934,California
Alameda,2021-04-26,14390,1456292,9963,866692,4401,503199,26,86401,8976,307898,5381,616048,9012,923946,California
Alameda,2021-04-27,16262,1472554,9622,876314,6274,509473,366,86767,7709,307494,8502,624550,8098,932044,California
Alameda,2021-04-28,16423,1488977,10376,886690,5582,515055,465,87232,6679,304941,9710,634260,7157,939201,California
Alameda,2021-04-29,17159,1506136,10280,896970,6549,521604,330,87562,6392,300974,10710,644970,6743,945944,California
Alameda,2021-04-30,19430,1525566,11968,908938,7123,528727,339,87901,7891,297784,11460,656430,8270,954214,California
Alameda,2021-05-01,13962,1539528,9345,918283,4410,533137,207,88108,5223,294538,8704,665134,5458,959672,California
Alameda,2021-05-02,7065,1546593,4931,923214,1965,535102,169,88277,2886,293436,4161,669295,3059,962731,California
Alameda,2021-05-03,14529,1561122,10935,934149,3274,538376,320,88597,2848,284998,11634,680929,3196,965927,California
Alameda,2021-05-04,18325,1579447,13153,947302,4811,543187,361,88958,3678,274487,14581,695510,4070,969997,California
Alameda,2021-05-05,18345,1597792,13336,960638,4500,547687,509,89467,3724,264176,14557,710067,4246,974243,California
Alameda,2021-05-06,18681,1616473,14118,974756,3869,551556,694,90161,3671,253619,14935,725002,4378,978621,California
Alameda,2021-05-07,19172,1635645,12878,987634,5879,557435,415,90576,4409,243766,14692,739694,4839,983460,California
Alameda,2021-05-08,16467,1652112,11271,998905,4986,562421,210,90786,3103,233771,13324,753018,3329,986789,California
Alameda,2021-05-09,8528,1660640,6984,1005889,1401,563822,143,90929,1443,228298,7063,760081,1590,988379,California
Alameda,2021-05-10,10120,1670760,6928,1012817,2868,566690,324,91253,2522,223588,7565,767646,2855,991234,California
Alameda,2021-05-11,15223,1685983,8195,1021012,6714,573404,314,91567,2806,214376,12368,780014,3156,994390,California
Alameda,2021-05-12,13320,1699303,8861,1029873,4017,577421,442,92009,2986,207546,10289,790303,3459,997849,California
Alameda,2021-05-13,17666,1716969,12680,1042553,4442,581863,544,92553,5662,201831,11953,802256,6238,1004087,California
Alameda,2021-05-14,20443,1737412,13846,1056399,6134,587997,463,93016,7016,195972,13351,815607,7492,1011579,California
Alameda,2021-05-15,17038,1754450,12396,1068795,4415,592412,227,93243,5747,190706,11246,826853,5980,1017559,California
Alameda,2021-05-16,8395,1762845,7178,1075973,1125,593537,92,93335,2802,188043,5562,832415,2899,1020458,California
Alameda,2021-05-17,13341,1776186,9936,1085909,2877,596414,528,93863,4140,183562,9163,841578,4682,1025140,California
Alameda,2021-05-18,14139,1790325,10281,1096190,3437,599851,421,94284,4987,179866,9108,850686,5412,1030552,California
Alameda,2021-05-19,14402,1804727,9869,1106059,4198,604049,335,94619,5973,177797,8378,859064,6309,1036861,California
Alameda,2021-05-20,13160,1817887,8712,1114771,3914,607963,534,95153,5752,176728,7357,866421,6288,1043149,California
Alameda,2021-05-21,15236,1833123,10011,1124782,4953,612916,272,95425,5174,172183,9996,876417,5451,1048600,California
Alameda,2021-05-22,10231,1843354,7386,1132168,2681,615597,164,95589,4126,170403,6076,882493,4296,1052896,California
Alameda,2021-05-23,4887,1848241,3711,1135879,1087,616684,89,95678,1581,168789,3285,885778,1671,1054567,California
Alameda,2021-05-24,6945,1855186,3946,1139825,2747,619431,252,95930,2642,167425,4263,890041,2899,1057466,California
Alameda,2021-05-25,7974,1863160,5154,1144979,2566,621997,254,96184,3582,166899,4358,894399,3832,1061298,California
Alameda,2021-05-26,8236,1871396,5148,1150127,2790,624787,298,96482,3628,166235,4584,898983,3920,1065218,California
Alameda,2021-05-27,8082,1879478,4864,1154991,2870,627657,348,96830,3425,165388,4615,903598,3768,1068986,California
Alameda,2021-05-28,8589,1888067,5027,1160018,3338,630995,224,97054,3654,164358,4910,908508,3880,1072866,California
Alameda,2021-05-29,4898,1892965,2952,1162970,1761,632756,185,97239,2537,164740,2342,910850,2724,1075590,California
Alameda,2021-05-30,2429,1895394,1591,1164561,749,633505,89,97328,972,164352,1449,912299,1061,1076651,California
Alameda,2021-05-31,1152,1896546,853,1165414,244,633749,55,97383,345,163959,793,913092,400,1077051,California
Alameda,2021-06-01,7074,1903620,4971,1170385,1863,635612,240,97623,3074,163301,3974,917066,3316,1080367,California
Alameda,2021-06-02,5789,1909409,3604,1173989,1964,637576,221,97844,2237,162231,3521,920587,2451,1082818,California
Alameda,2021-06-03,8447,1917856,6383,1180372,1784,639360,280,98124,2940,159977,5471,926058,3217,1086035,California
Alameda,2021-06-04,10415,1928271,7669,1188041,2504,641864,242,98366,2959,155762,7417,933475,3202,1089237,California
Alameda,2021-06-05,7984,1936255,5787,1193828,2035,643899,162,98528,1900,151773,6049,939524,2060,1091297,California
Alameda,2021-06-06,3618,1939873,3266,1197094,271,644170,81,98609,1083,150411,2526,942050,1164,1092461,California
Alameda,2021-06-07,5756,1945629,4209,1201303,1374,645544,173,98782,1747,148345,3987,946037,1921,1094382,California
Alameda,2021-06-08,7173,1952802,5727,1207030,1203,646747,243,99025,2092,145624,5055,951092,2334,1096716,California
Alameda,2021-06-09,5467,1958269,4412,1211442,889,647636,166,99191,1357,143048,4094,955186,1518,1098234,California
Alameda,2021-06-10,6164,1964433,5179,1216621,725,648361,260,99451,1833,140825,4313,959499,2090,1100324,California
Alameda,2021-06-11,5172,1969605,3987,1220608,1031,649392,154,99605,1549,138921,3609,963108,1705,1102029,California
Alpine,2020-12-18,2,2,2,2,0,0,0,0,2,2,0,0,2,2,California
Alpine,2020-12-19,2,4,2,4,0,0,0,0,2,4,0,0,2,4,California
Alpine,2020-12-21,1,5,1,5,0,0,0,0,1,5,0,0,1,5,California
Alpine,2020-12-30,14,19,0,5,14,14,0,0,14,19,0,0,14,19,California
Alpine,2020-12-31,1,20,0,5,1,15,0,0,1,20,0,0,1,20,California
Alpine,2021-01-01,1,21,0,5,1,16,0,0,1,21,0,0,1,21,California
Alpine,2021-01-02,1,22,1,6,0,16,0,0,1,22,0,0,1,22,California
Alpine,2021-01-04,10,32,0,6,10,26,0,0,10,32,0,0,10,32,California
Alpine,2021-01-05,9,41,1,7,8,34,0,0,9,41,0,0,9,41,California
Alpine,2021-01-06,31,72,0,7,31,65,0,0,31,72,0,0,31,72,California
Alpine,2021-01-07,8,80,0,7,8,73,0,0,8,80,0,0,8,80,California
Alpine,2021-01-08,4,84,2,9,2,75,0,0,2,80,2,2,2,82,California
Alpine,2021-01-09,2,86,2,11,0,75,0,0,0,78,2,4,0,82,California
Alpine,2021-01-11,32,118,1,12,31,106,0,0,31,108,1,5,31,113,California
Alpine,2021-01-13,35,153,0,12,35,141,0,0,35,143,0,5,35,148,California
Alpine,2021-01-14,1,154,0,12,1,142,0,0,1,144,0,5,1,149,California
Alpine,2021-01-15,1,155,0,12,1,143,0,0,1,145,0,5,1,150,California
Alpine,2021-01-20,21,176,0,12,21,164,0,0,21,166,0,5,21,171,California
Alpine,2021-01-21,1,177,0,12,1,165,0,0,1,167,0,5,1,172,California
Alpine,2021-01-22,33,210,0,12,33,198,0,0,33,200,0,5,33,205,California
Alpine,2021-01-23,1,211,1,13,0,198,0,0,0,199,1,6,0,205,California
Alpine,2021-01-25,16,227,0,13,16,214,0,0,16,215,0,6,16,221,California
Alpine,2021-01-27,1,228,1,14,0,214,0,0,0,214,1,7,0,221,California
Alpine,2021-01-28,1,229,0,14,1,215,0,0,0,213,1,8,0,221,California
Alpine,2021-01-29,1,230,0,14,1,216,0,0,1,214,0,8,1,222,California
Alpine,2021-02-01,25,255,0,14,25,241,0,0,7,203,18,26,7,229,California
Alpine,2021-02-03,34,289,0,14,34,275,0,0,10,189,24,50,10,239,California
Alpine,2021-02-04,8,297,0,14,8,283,0,0,3,187,5,55,3,242,California
Alpine,2021-02-05,31,328,0,14,31,314,0,0,12,180,19,74,12,254,California
Alpine,2021-02-08,32,360,0,14,32,346,0,0,4,156,28,102,4,258,California
Alpine,2021-02-10,34,394,0,14,34,380,0,0,0,122,34,136,0,258,California
Alpine,2021-02-11,6,400,0,14,6,386,0,0,3,122,3,139,3,261,California
Alpine,2021-02-12,1,401,0,14,1,387,0,0,0,121,1,140,0,261,California
Alpine,2021-02-17,23,424,0,14,23,410,0,0,3,104,20,160,3,264,California
Alpine,2021-02-18,2,426,0,14,2,412,0,0,1,104,1,161,1,265,California
Alpine,2021-02-19,34,460,1,15,33,445,0,0,2,74,32,193,2,267,California
Alpine,2021-02-22,27,487,0,15,27,472,0,0,8,63,19,212,8,275,California
Alpine,2021-02-25,6,493,1,16,5,477,0,0,6,69,0,212,6,281,California
Alpine,2021-02-26,30,523,1,17,29,506,0,0,29,97,1,213,29,310,California
Alpine,2021-02-27,1,524,0,17,1,507,0,0,1,98,0,213,1,311,California
Alpine,2021-03-01,36,560,0,17,36,543,0,0,26,114,10,223,26,337,California
Alpine,2021-03-03,29,589,0,17,29,572,0,0,18,121,11,234,18,355,California
Alpine,2021-03-04,11,600,1,18,10,582,0,0,11,132,0,234,11,366,California
Alpine,2021-03-05,30,630,0,18,30,612,0,0,22,146,8,242,22,388,California
Alpine,2021-03-08,31,661,0,18,31,643,0,0,29,173,2,244,29,417,California
Alpine,2021-03-10,73,734,0,18,73,716,0,0,73,246,0,244,73,490,California
Alpine,2021-03-11,35,769,0,18,35,751,0,0,31,273,4,248,31,521,California
Alpine,2021-03-12,19,788,0,18,19,770,0,0,17,288,2,250,17,538,California
Alpine,2021-03-15,20,808,0,18,20,790,0,0,19,306,1,251,19,557,California
Alpine,2021-03-17,23,831,0,18,22,812,1,1,19,322,4,255,20,577,California
Alpine,2021-03-18,37,868,2,20,35,847,0,1,35,355,2,257,35,612,California
Alpine,2021-03-19,2,870,1,21,1,848,0,1,1,355,1,258,1,613,California
Alpine,2021-03-22,24,894,0,21,24,872,0,1,15,361,9,267,15,628,California
Alpine,2021-03-24,19,913,0,21,19,891,0,1,8,358,11,278,8,636,California
Alpine,2021-03-25,35,948,1,22,33,924,1,2,27,379,7,285,28,664,California
Alpine,2021-03-27,1,949,0,22,1,925,0,2,0,378,1,286,0,664,California
Alpine,2021-03-28,1,950,1,23,0,925,0,2,1,379,0,286,1,665,California
Alpine,2021-03-29,19,969,0,23,18,943,1,3,2,365,17,303,3,668,California
Alpine,2021-04-01,18,987,0,23,18,961,0,3,8,363,10,313,8,676,California
Alpine,2021-04-02,100,1087,0,23,100,1061,0,3,45,354,54,367,45,721,California
Alpine,2021-04-05,3,1090,0,23,3,1064,0,3,0,351,3,370,0,721,California
Alpine,2021-04-06,2,1092,1,24,1,1065,0,3,1,351,1,371,1,722,California
Alpine,2021-04-07,117,1209,0,24,116,1181,1,4,30,296,86,457,31,753,California
Alpine,2021-04-08,35,1244,0,24,35,1216,0,4,10,281,25,482,10,763,California
Alpine,2021-04-09,2,1246,0,24,2,1218,0,4,2,283,0,482,2,765,California
Alpine,2021-04-14,47,1293,0,24,47,1265,0,4,10,256,37,519,10,775,California
Alpine,2021-04-15,35,1328,0,24,35,1300,0,4,3,227,32,551,3,778,California
Alpine,2021-04-19,1,1329,0,24,1,1301,0,4,1,228,0,551,1,779,California
Alpine,2021-04-21,31,1360,0,24,31,1332,0,4,15,227,16,567,15,794,California
Alpine,2021-04-22,24,1384,0,24,24,1356,0,4,1,205,23,590,1,795,California
Alpine,2021-04-25,1,1385,1,25,0,1356,0,4,0,204,1,591,0,795,California
Alpine,2021-04-27,1,1386,0,25,1,1357,0,4,1,205,0,591,1,796,California
Alpine,2021-04-28,36,1422,0,25,36,1393,0,4,6,181,30,621,6,802,California
Alpine,2021-04-29,6,1428,0,25,6,1399,0,4,0,175,6,627,0,802,California
Alpine,2021-04-30,2,1430,1,26,0,1399,1,5,1,176,1,628,2,804,California
Alpine,2021-05-02,1,1431,0,26,0,1399,1,6,0,176,1,629,1,805,California
Alpine,2021-05-05,17,1448,0,26,17,1416,0,6,4,167,13,642,4,809,California
Alpine,2021-05-06,8,1456,0,26,8,1424,0,6,0,159,8,650,0,809,California
Alpine,2021-05-07,1,1457,0,26,1,1425,0,6,0,158,1,651,0,809,California
Alpine,2021-05-10,1,1458,0,26,1,1426,0,6,1,159,0,651,1,810,California
Alpine,2021-05-12,1,1459,0,26,0,1426,1,7,0,159,1,652,1,811,California
Alpine,2021-05-13,3,1462,0,26,3,1429,0,7,0,156,3,655,0,811,California
Alpine,2021-05-17,2,1464,0,26,2,1431,0,7,1,156,1,656,1,812,California
Alpine,2021-05-18,1,1465,0,26,1,1432,0,7,1,157,0,656,1,813,California
Alpine,2021-05-19,15,1480,0,26,15,1447,0,7,0,142,15,671,0,813,California
Alpine,2021-05-21,1,1481,1,27,0,1447,0,7,0,141,1,672,0,813,California
Alpine,2021-05-25,1,1482,0,27,1,1448,0,7,0,140,1,673,0,813,California
Alpine,2021-05-27,1,1483,0,27,1,1449,0,7,1,141,0,673,1,814,California
Alpine,2021-05-28,2,1485,1,28,1,1450,0,7,2,143,0,673,2,816,California
Alpine,2021-05-29,1,1486,0,28,1,1451,0,7,1,144,0,673,1,817,California
Alpine,2021-06-02,8,1494,0,28,8,1459,0,7,1,138,7,680,1,818,California
Alpine,2021-06-04,1,1495,0,28,1,1460,0,7,1,139,0,680,1,819,California
Alpine,2021-06-07,1,1496,0,28,1,1461,0,7,0,138,1,681,0,819,California
Alpine,2021-06-10,1,1497,1,29,0,1461,0,7,1,139,0,681,1,820,California
Amador,2020-12-16,2,2,2,2,0,0,0,0,2,2,0,0,2,2,California
Amador,2020-12-17,5,7,5,7,0,0,0,0,5,7,0,0,5,7,California
Amador,2020-12-18,46,53,46,53,0,0,0,0,46,53,0,0,46,53,California
Amador,2020-12-19,16,69,16,69,0,0,0,0,16,69,0,0,16,69,California
Amador,2020-12-20,4,73,4,73,0,0,0,0,4,73,0,0,4,73,California
Amador,2020-12-21,30,103,30,103,0,0,0,0,30,103,0,0,30,103,California
Amador,2020-12-22,35,138,34,137,1,1,0,0,35,138,0,0,35,138,California
Amador,2020-12-23,40,178,39,176,1,2,0,0,40,178,0,0,40,178,California
Amador,2020-12-24,5,183,3,179,2,4,0,0,5,183,0,0,5,183,California
Amador,2020-12-26,5,188,4,183,1,5,0,0,5,188,0,0,5,188,California
Amador,2020-12-27,1,189,0,183,1,6,0,0,1,189,0,0,1,189,California
Amador,2020-12-28,30,219,26,209,4,10,0,0,30,219,0,0,30,219,California
Amador,2020-12-29,25,244,18,227,7,17,0,0,25,244,0,0,25,244,California
Amador,2020-12-30,122,366,76,303,46,63,0,0,122,366,0,0,122,366,California
Amador,2020-12-31,193,559,168,471,25,88,0,0,193,559,0,0,193,559,California
Amador,2021-01-01,2,561,0,471,2,90,0,0,2,561,0,0,2,561,California
Amador,2021-01-02,57,618,57,528,0,90,0,0,57,618,0,0,57,618,California
Amador,2021-01-03,65,683,17,545,48,138,0,0,65,683,0,0,65,683,California
Amador,2021-01-04,124,807,1,546,123,261,0,0,124,807,0,0,124,807,California
Amador,2021-01-05,34,841,3,549,31,292,0,0,32,838,2,2,33,840,California
Amador,2021-01-06,41,882,11,560,30,322,0,0,37,871,4,6,37,877,California
Amador,2021-01-07,229,1111,69,629,160,482,0,0,217,1076,12,18,217,1094,California
Amador,2021-01-08,85,1196,70,699,15,497,0,0,41,1074,44,62,42,1136,California
Amador,2021-01-09,11,1207,11,710,0,497,0,0,2,1067,9,71,2,1138,California
Amador,2021-01-10,6,1213,4,714,2,499,0,0,2,1065,4,75,2,1140,California
Amador,2021-01-11,124,1337,43,757,81,580,0,0,88,1118,36,111,89,1229,California
Amador,2021-01-12,65,1402,50,807,15,595,0,0,41,1135,24,135,41,1270,California
Amador,2021-01-13,40,1442,24,831,16,611,0,0,28,1151,12,147,28,1298,California
Amador,2021-01-14,149,1591,22,853,127,738,0,0,139,1281,10,157,140,1438,California
Amador,2021-01-15,59,1650,25,878,34,772,0,0,51,1324,8,165,51,1489,California
Amador,2021-01-16,17,1667,11,889,6,778,0,0,11,1330,6,171,12,1501,California
Amador,2021-01-17,26,1693,5,894,21,799,0,0,26,1356,0,171,26,1527,California
Amador,2021-01-18,30,1723,26,920,4,803,0,0,9,1344,21,192,9,1536,California
Amador,2021-01-19,124,1847,99,1019,25,828,0,0,81,1382,43,235,81,1617,California
Amador,2021-01-20,180,2027,30,1049,150,978,0,0,166,1535,13,248,166,1783,California
Amador,2021-01-21,259,2286,229,1278,30,1008,0,0,148,1573,111,359,149,1932,California
Amador,2021-01-22,135,2421,72,1350,63,1071,0,0,128,1694,7,366,128,2060,California
Amador,2021-01-23,53,2474,32,1382,21,1092,0,0,50,1741,3,369,50,2110,California
Amador,2021-01-24,30,2504,12,1394,18,1110,0,0,27,1765,3,372,27,2137,California
Amador,2021-01-25,59,2563,29,1423,30,1140,0,0,41,1788,18,390,41,2178,California
Amador,2021-01-26,244,2807,17,1440,227,1367,0,0,234,2012,10,400,234,2412,California
Amador,2021-01-27,301,3108,33,1473,268,1635,0,0,254,2222,45,445,255,2667,California
Amador,2021-01-28,369,3477,97,1570,272,1907,0,0,288,2430,81,526,289,2956,California
Amador,2021-01-29,99,3576,33,1603,66,1973,0,0,84,2499,15,541,84,3040,California
Amador,2021-01-30,168,3744,36,1639,132,2105,0,0,163,2657,5,546,163,3203,California
Amador,2021-01-31,33,3777,28,1667,5,2110,0,0,32,2688,1,547,32,3235,California
Amador,2021-02-01,66,3843,24,1691,42,2152,0,0,39,2700,27,574,39,3274,California
Amador,2021-02-02,213,4056,64,1755,149,2301,0,0,126,2742,84,658,126,3400,California
Amador,2021-02-03,139,4195,38,1793,101,2402,0,0,88,2780,50,708,88,3488,California
Amador,2021-02-04,249,4444,74,1867,175,2577,0,0,163,2859,86,794,165,3653,California
Amador,2021-02-05,334,4778,63,1930,271,2848,0,0,317,3159,17,811,317,3970,California
Amador,2021-02-06,100,4878,81,2011,19,2867,0,0,96,3251,4,815,96,4066,California
Amador,2021-02-07,39,4917,35,2046,4,2871,0,0,35,3283,4,819,36,4102,California
Amador,2021-02-08,91,5008,63,2109,28,2899,0,0,74,3340,17,836,74,4176,California
Amador,2021-02-09,173,5181,81,2190,92,2991,0,0,107,3381,66,902,107,4283,California
Amador,2021-02-10,980,6161,80,2270,900,3891,0,0,947,4295,33,935,947,5230,California
Amador,2021-02-11,306,6467,118,2388,188,4079,0,0,196,4383,108,1043,196,5426,California
Amador,2021-02-12,327,6794,120,2508,207,4286,0,0,255,4566,72,1115,255,5681,California
Amador,2021-02-13,164,6958,80,2588,84,4370,0,0,141,4684,23,1138,141,5822,California
Amador,2021-02-14,123,7081,54,2642,69,4439,0,0,105,4771,18,1156,105,5927,California
Amador,2021-02-15,187,7268,61,2703,126,4565,0,0,170,4925,16,1172,170,6097,California
Amador,2021-02-16,466,7734,53,2756,413,4978,0,0,427,5314,39,1211,428,6525,California
Amador,2021-02-17,264,7998,85,2841,179,5157,0,0,166,5382,98,1309,166,6691,California
Amador,2021-02-18,396,8394,98,2939,298,5455,0,0,332,5650,64,1373,332,7023,California
Amador,2021-02-19,194,8588,77,3016,117,5572,0,0,110,5676,84,1457,110,7133,California
Amador,2021-02-20,94,8682,31,3047,63,5635,0,0,66,5714,28,1485,66,7199,California
Amador,2021-02-21,47,8729,34,3081,13,5648,0,0,14,5696,32,1517,14,7213,California
Amador,2021-02-22,67,8796,26,3107,41,5689,0,0,32,5694,34,1551,32,7245,California
Amador,2021-02-23,318,9114,53,3160,265,5954,0,0,139,5654,179,1730,139,7384,California
Amador,2021-02-24,397,9511,59,3219,338,6292,0,0,265,5791,128,1858,265,7649,California
Amador,2021-02-25,527,10038,122,3341,405,6697,0,0,281,5827,245,2103,281,7930,California
Amador,2021-02-26,632,10670,80,3421,552,7249,0,0,515,6226,116,2219,515,8445,California
Amador,2021-02-27,293,10963,96,3517,197,7446,0,0,100,6136,192,2411,102,8547,California
Amador,2021-02-28,106,11069,55,3572,51,7497,0,0,60,6152,46,2457,62,8609,California
Amador,2021-03-01,198,11267,69,3641,129,7626,0,0,126,6207,72,2529,127,8736,California
Amador,2021-03-02,382,11649,62,3703,320,7946,0,0,334,6494,48,2577,335,9071,California
Amador,2021-03-03,242,11891,82,3785,160,8106,0,0,166,6586,75,2652,167,9238,California
Amador,2021-03-04,494,12385,113,3898,381,8487,0,0,393,6879,100,2752,393,9631,California
Amador,2021-03-05,510,12895,74,3972,436,8923,0,0,289,6951,219,2971,291,9922,California
Amador,2021-03-06,98,12993,45,4017,52,8975,1,1,55,6964,43,3014,56,9978,California
Amador,2021-03-07,66,13059,44,4061,22,8997,0,1,23,6944,43,3057,23,10001,California
Amador,2021-03-08,151,13210,69,4130,81,9078,1,2,90,6974,61,3118,91,10092,California
Amador,2021-03-09,374,13584,49,4179,325,9403,0,2,293,7190,78,3196,294,10386,California
Amador,2021-03-10,514,14098,76,4255,436,9839,2,4,111,6902,403,3599,115,10501,California
Amador,2021-03-11,472,14570,117,4372,345,10184,10,14,299,7042,172,3771,312,10813,California
Amador,2021-03-12,568,15138,66,4438,495,10679,7,21,338,7164,229,4000,351,11164,California
Amador,2021-03-13,114,15252,17,4455,90,10769,7,28,75,7211,39,4039,86,11250,California
Amador,2021-03-14,86,15338,18,4473,66,10835,2,30,20,7167,66,4105,22,11272,California
Amador,2021-03-15,179,15517,25,4498,147,10982,7,37,53,7102,126,4231,61,11333,California
Amador,2021-03-16,452,15969,53,4551,390,11372,9,46,139,6939,311,4542,148,11481,California
Amador,2021-03-17,199,16168,44,4595,152,11524,3,49,121,6985,78,4620,124,11605,California
Amador,2021-03-18,480,16648,103,4698,373,11897,4,53,252,7017,228,4848,260,11865,California
Amador,2021-03-19,541,17189,56,4754,470,12367,15,68,389,7275,150,4998,408,12273,California
Amador,2021-03-20,110,17299,45,4799,64,12431,1,69,45,7259,64,5062,48,12321,California
Amador,2021-03-21,48,17347,34,4833,13,12444,1,70,29,7273,18,5080,32,12353,California
Amador,2021-03-22,113,17460,32,4865,52,12496,29,99,48,7285,65,5145,77,12430,California
Amador,2021-03-23,434,17894,46,4911,381,12877,7,106,274,7408,159,5304,282,12712,California
Amador,2021-03-24,347,18241,39,4950,55,12932,253,359,37,7389,309,5613,290,13002,California
Amador,2021-03-25,609,18850,86,5036,516,13448,7,366,394,7576,214,5827,401,13403,California
Amador,2021-03-26,746,19596,42,5078,698,14146,6,372,284,7409,460,6287,293,13696,California
Amador,2021-03-27,87,19683,15,5093,70,14216,2,374,27,7380,60,6347,31,13727,California
Amador,2021-03-28,69,19752,15,5108,52,14268,2,376,12,7339,56,6403,15,13742,California
Amador,2021-03-29,179,19931,25,5133,153,14421,1,377,79,7326,98,6501,85,13827,California
Amador,2021-03-30,534,20465,27,5160,506,14927,1,378,292,7378,241,6742,293,14120,California
Amador,2021-03-31,200,20665,57,5217,138,15065,5,383,44,7272,155,6897,49,14169,California
Amador,2021-04-01,610,21275,84,5301,526,15591,0,383,262,7190,346,7243,264,14433,California
Amador,2021-04-02,607,21882,38,5339,556,16147,13,396,380,7359,226,7469,395,14828,California
Amador,2021-04-03,88,21970,25,5364,44,16191,19,415,23,7338,65,7534,44,14872,California
Amador,2021-04-04,38,22008,3,5367,29,16220,6,421,15,7336,23,7557,21,14893,California
Amador,2021-04-05,144,22152,52,5419,76,16296,16,437,50,7311,93,7650,68,14961,California
Amador,2021-04-06,503,22655,37,5456,448,16744,18,455,223,7274,278,7928,241,15202,California
Amador,2021-04-07,96,22751,32,5488,45,16789,19,474,40,7279,54,7982,59,15261,California
Amador,2021-04-08,496,23247,85,5573,390,17179,21,495,221,7248,274,8256,243,15504,California
Amador,2021-04-09,481,23728,21,5594,440,17619,20,515,213,7211,267,8523,230,15734,California
Amador,2021-04-10,51,23779,15,5609,27,17646,9,524,21,7211,30,8553,30,15764,California
Amador,2021-04-11,48,23827,23,5632,21,17667,4,528,23,7214,24,8577,27,15791,California
Amador,2021-04-12,98,23925,27,5659,61,17728,10,538,42,7210,56,8633,52,15843,California
Amador,2021-04-13,343,24268,47,5706,296,18024,0,538,67,7003,275,8908,68,15911,California
Amador,2021-04-14,284,24552,28,5734,256,18280,0,538,174,7070,107,9015,174,16085,California
Amador,2021-04-15,332,24884,76,5810,256,18536,0,538,70,6883,257,9272,70,16155,California
Amador,2021-04-16,484,25368,29,5839,455,18991,0,538,386,7172,97,9369,386,16541,California
Amador,2021-04-17,65,25433,37,5876,28,19019,0,538,28,7163,37,9406,28,16569,California
Amador,2021-04-18,29,25462,7,5883,22,19041,0,538,11,7158,17,9423,12,16581,California
Amador,2021-04-19,70,25532,28,5911,42,19083,0,538,31,7153,38,9461,33,16614,California
Amador,2021-04-20,436,25968,55,5966,381,19464,0,538,111,6948,318,9779,113,16727,California
Amador,2021-04-21,87,26055,33,5999,54,19518,0,538,44,6950,42,9821,44,16771,California
Amador,2021-04-22,494,26549,77,6076,416,19934,1,539,103,6670,384,10205,104,16875,California
Amador,2021-04-23,359,26908,46,6122,313,20247,0,539,286,6886,72,10277,288,17163,California
Amador,2021-04-24,48,26956,24,6146,24,20271,0,539,27,6893,20,10297,27,17190,California
Amador,2021-04-25,41,26997,19,6165,22,20293,0,539,29,6910,12,10309,29,17219,California
Amador,2021-04-26,93,27090,29,6194,63,20356,1,540,44,6908,48,10357,46,17265,California
Amador,2021-04-27,496,27586,42,6236,453,20809,1,541,90,6596,404,10761,92,17357,California
Amador,2021-04-28,70,27656,29,6265,37,20846,4,545,41,6612,29,10790,45,17402,California
Amador,2021-04-29,221,27877,69,6334,44,20890,108,653,65,6628,156,10946,172,17574,California
Amador,2021-04-30,337,28214,26,6360,307,21197,4,657,94,6483,243,11189,98,17672,California
Amador,2021-05-01,43,28257,15,6375,23,21220,5,662,22,6491,19,11208,27,17699,California
Amador,2021-05-02,27,28284,14,6389,10,21230,3,665,10,6488,17,11225,14,17713,California
Amador,2021-05-03,67,28351,33,6422,24,21254,10,675,27,6485,40,11265,37,17750,California
Amador,2021-05-04,465,28816,26,6448,432,21686,7,682,67,6161,398,11663,74,17824,California
Amador,2021-05-05,203,29019,154,6602,39,21725,10,692,163,6293,39,11702,171,17995,California
Amador,2021-05-06,110,29129,56,6658,49,21774,5,697,64,6318,44,11746,69,18064,California
Amador,2021-05-07,127,29256,29,6687,91,21865,7,704,67,6332,60,11806,74,18138,California
Amador,2021-05-08,42,29298,10,6697,29,21894,3,707,20,6333,22,11828,23,18161,California
Amador,2021-05-09,15,29313,0,6697,9,21903,6,713,4,6332,11,11839,10,18171,California
Amador,2021-05-10,60,29373,14,6711,43,21946,3,716,24,6323,36,11875,27,18198,California
Amador,2021-05-11,101,29474,34,6745,41,21987,26,742,45,6338,56,11931,71,18269,California
Amador,2021-05-12,68,29542,24,6769,41,22028,3,745,32,6337,36,11967,35,18304,California
Amador,2021-05-13,74,29616,41,6810,27,22055,6,751,37,6344,36,12003,43,18347,California
Amador,2021-05-14,395,30011,34,6844,357,22412,4,755,86,6126,309,12312,91,18438,California
Amador,2021-05-15,52,30063,20,6864,21,22433,11,766,23,6132,29,12341,35,18473,California
Amador,2021-05-16,38,30101,15,6879,23,22456,0,766,17,6128,21,12362,17,18490,California
Amador,2021-05-17,76,30177,23,6902,51,22507,2,768,36,6127,39,12401,38,18528,California
Amador,2021-05-18,247,30424,169,7071,43,22550,35,803,163,6242,83,12484,198,18726,California
Amador,2021-05-19,75,30499,25,7096,47,22597,3,806,34,6241,40,12524,39,18765,California
Amador,2021-05-20,87,30586,47,7143,36,22633,4,810,30,6219,56,12580,34,18799,California
Amador,2021-05-21,272,30858,29,7172,241,22874,2,812,40,6029,232,12812,42,18841,California
Amador,2021-05-22,44,30902,14,7186,25,22899,5,817,12,6015,32,12844,18,18859,California
Amador,2021-05-23,26,30928,4,7190,19,22918,3,820,5,6002,21,12865,8,18867,California
Amador,2021-05-24,90,31018,31,7221,47,22965,12,832,42,6009,47,12912,54,18921,California
Amador,2021-05-25,141,31159,89,7310,27,22992,25,857,82,6059,57,12969,107,19028,California
Amador,2021-05-26,207,31366,163,7473,37,23029,7,864,41,5941,165,13134,47,19075,California
Amador,2021-05-27,81,31447,36,7509,36,23065,9,873,30,5929,51,13185,39,19114,California
Amador,2021-05-28,69,31516,27,7536,38,23103,4,877,30,5924,39,13224,34,19148,California
Amador,2021-05-29,26,31542,2,7538,21,23124,3,880,10,5921,16,13240,13,19161,California
Amador,2021-05-30,19,31561,5,7543,8,23132,6,886,6,5920,13,13253,12,19173,California
Amador,2021-05-31,10,31571,0,7543,9,23141,1,887,2,5915,8,13261,3,19176,California
Amador,2021-06-01,94,31665,66,7609,23,23164,5,892,43,5913,50,13311,48,19224,California
Amador,2021-06-02,46,31711,16,7625,22,23186,8,900,16,5908,30,13341,25,19249,California
Amador,2021-06-03,59,31770,26,7651,28,23214,5,905,19,5893,39,13380,24,19273,California
Amador,2021-06-04,101,31871,21,7672,59,23273,21,926,23,5859,78,13458,44,19317,California
Amador,2021-06-05,39,31910,16,7688,20,23293,3,929,5,5833,34,13492,8,19325,California
Amador,2021-06-06,18,31928,8,7696,9,23302,1,930,8,5832,10,13502,9,19334,California
Amador,2021-06-07,45,31973,18,7714,22,23324,5,935,17,5826,28,13530,22,19356,California
Amador,2021-06-08,169,32142,133,7847,25,23349,11,946,49,5768,119,13649,61,19417,California
Amador,2021-06-09,31,32173,11,7858,11,23360,9,955,5,5756,26,13675,14,19431,California
Amador,2021-06-10,34,32207,13,7871,10,23370,11,966,8,5749,26,13701,19,19450,California
Amador,2021-06-11,27,32234,11,7882,12,23382,4,970,3,5732,24,13725,7,19457,California
Butte,2020-12-16,3,3,3,3,0,0,0,0,3,3,0,0,3,3,California
Butte,2020-12-17,21,24,21,24,0,0,0,0,21,24,0,0,21,24,California
Butte,2020-12-18,52,76,52,76,0,0,0,0,52,76,0,0,52,76,California
Butte,2020-12-19,7,83,7,83,0,0,0,0,7,83,0,0,7,83,California
Butte,2020-12-20,10,93,10,93,0,0,0,0,10,93,0,0,10,93,California
Butte,2020-12-21,632,725,632,725,0,0,0,0,632,725,0,0,632,725,California
Butte,2020-12-22,618,1343,616,1341,2,2,0,0,618,1343,0,0,618,1343,California
Butte,2020-12-23,874,2217,858,2199,16,18,0,0,874,2217,0,0,874,2217,California
Butte,2020-12-24,158,2375,154,2353,4,22,0,0,158,2375,0,0,158,2375,California
Butte,2020-12-26,90,2465,88,2441,2,24,0,0,90,2465,0,0,90,2465,California
Butte,2020-12-27,35,2500,34,2475,1,25,0,0,35,2500,0,0,35,2500,California
Butte,2020-12-28,278,2778,272,2747,6,31,0,0,278,2778,0,0,278,2778,California
Butte,2020-12-29,203,2981,180,2927,23,54,0,0,203,2981,0,0,203,2981,California
Butte,2020-12-30,513,3494,291,3218,222,276,0,0,513,3494,0,0,513,3494,California
Butte,2020-12-31,213,3707,18,3236,195,471,0,0,213,3707,0,0,213,3707,California
Butte,2021-01-01,9,3716,2,3238,7,478,0,0,9,3716,0,0,9,3716,California
Butte,2021-01-02,40,3756,37,3275,3,481,0,0,40,3756,0,0,40,3756,California
Butte,2021-01-03,3,3759,0,3275,3,484,0,0,3,3759,0,0,3,3759,California
Butte,2021-01-04,209,3968,176,3451,33,517,0,0,209,3968,0,0,209,3968,California
Butte,2021-01-05,195,4163,152,3603,43,560,0,0,194,4161,1,1,194,4162,California
Butte,2021-01-06,626,4789,396,3999,230,790,0,0,621,4778,5,6,622,4784,California
Butte,2021-01-07,762,5551,369,4368,393,1183,0,0,742,5500,20,26,742,5526,California
Butte,2021-01-08,672,6223,531,4899,141,1324,0,0,624,6076,48,74,624,6150,California
Butte,2021-01-09,11,6234,7,4906,4,1328,0,0,6,6077,5,79,6,6156,California
Butte,2021-01-10,19,6253,5,4911,14,1342,0,0,14,6086,5,84,14,6170,California
Butte,2021-01-11,985,7238,950,5861,35,1377,0,0,356,5816,629,713,359,6529,California
Butte,2021-01-12,697,7935,653,6514,44,1421,0,0,275,5669,422,1135,275,6804,California
Butte,2021-01-13,1564,9499,1073,7587,491,1912,0,0,725,5557,839,1974,727,7531,California
Butte,2021-01-14,1637,11136,892,8479,745,2657,0,0,1440,6801,196,2170,1440,8971,California
Butte,2021-01-15,1052,12188,812,9291,240,2897,0,0,943,7635,109,2279,943,9914,California
Butte,2021-01-16,587,12775,301,9592,286,3183,0,0,543,8134,44,2323,543,10457,California
Butte,2021-01-17,237,13012,63,9655,174,3357,0,0,199,8295,38,2361,199,10656,California
Butte,2021-01-18,345,13357,303,9958,42,3399,0,0,278,8507,66,2427,278,10934,California
Butte,2021-01-19,493,13850,431,10389,62,3461,0,0,223,8460,270,2697,223,11157,California
Butte,2021-01-20,1373,15223,690,11079,683,4144,0,0,1070,9227,303,3000,1070,12227,California
Butte,2021-01-21,1476,16699,868,11947,608,4752,0,0,1368,10488,107,3107,1368,13595,California
Butte,2021-01-22,1141,17840,482,12429,659,5411,0,0,1087,11521,54,3161,1087,14682,California
Butte,2021-01-23,124,17964,84,12513,40,5451,0,0,99,11595,25,3186,99,14781,California
Butte,2021-01-24,9,17973,7,12520,2,5453,0,0,9,11604,0,3186,9,14790,California
Butte,2021-01-25,657,18630,338,12858,319,5772,0,0,493,11933,164,3350,493,15283,California
Butte,2021-01-26,1471,20101,376,13234,1095,6867,0,0,1335,13132,136,3486,1335,16618,California
Butte,2021-01-27,2099,22200,707,13941,1392,8259,0,0,1365,13764,733,4219,1365,17983,California
Butte,2021-01-28,2264,24464,260,14201,2004,10263,0,0,1952,15405,311,4530,1952,19935,California
Butte,2021-01-29,1687,26151,487,14688,1200,11463,0,0,1310,16339,376,4906,1310,21245,California
Butte,2021-01-30,29,26180,8,14696,21,11484,0,0,27,16364,2,4908,27,21272,California
Butte,2021-01-31,15,26195,13,14709,2,11486,0,0,14,16377,1,4909,14,21286,California
Butte,2021-02-01,1752,27947,408,15117,1344,12830,0,0,1361,17350,388,5297,1361,22647,California
Butte,2021-02-02,1932,29879,362,15479,1570,14400,0,0,1631,18679,302,5599,1631,24278,California
Butte,2021-02-03,2738,32617,775,16254,1963,16363,0,0,1844,19631,892,6491,1844,26122,California
Butte,2021-02-04,2955,35572,321,16575,2634,18997,0,0,2399,21476,554,7045,2399,28521,California
Butte,2021-02-05,1271,36843,666,17241,605,19602,0,0,550,21306,721,7766,551,29072,California
Butte,2021-02-06,145,36988,103,17344,42,19644,0,0,62,21285,83,7849,62,29134,California
Butte,2021-02-07,37,37025,33,17377,4,19648,0,0,14,21276,23,7872,14,29148,California
Butte,2021-02-08,699,37724,549,17926,150,19798,0,0,241,21059,458,8330,241,29389,California
Butte,2021-02-09,950,38674,458,18384,492,20290,0,0,721,21551,229,8559,721,30110,California
Butte,2021-02-10,1701,40375,1188,19572,513,20803,0,0,672,21196,1027,9586,672,30782,California
Butte,2021-02-11,2202,42577,1345,20917,857,21660,0,0,1002,20998,1200,10786,1002,31784,California
Butte,2021-02-12,1003,43580,435,21352,568,22228,0,0,330,20656,672,11458,330,32114,California
Butte,2021-02-13,245,43825,43,21395,202,22430,0,0,144,20699,101,11559,144,32258,California
Butte,2021-02-14,161,43986,9,21404,152,22582,0,0,157,20852,4,11563,157,32415,California
Butte,2021-02-15,261,44247,47,21451,214,22796,0,0,196,20983,65,11628,196,32611,California
Butte,2021-02-16,728,44975,431,21882,297,23093,0,0,275,20804,454,12082,275,32886,California
Butte,2021-02-17,1514,46489,846,22728,668,23761,0,0,840,20972,672,12754,840,33726,California
Butte,2021-02-18,1557,48046,758,23486,799,24560,0,0,748,20911,809,13563,748,34474,California
Butte,2021-02-19,1169,49215,389,23875,780,25340,0,0,401,20551,761,14324,401,34875,California
Butte,2021-02-20,476,49691,32,23907,444,25784,0,0,126,20328,349,14673,126,35001,California
Butte,2021-02-21,17,49708,15,23922,2,25786,0,0,13,20337,4,14677,13,35014,California
Butte,2021-02-22,1500,51208,296,24218,1204,26990,0,0,377,19594,1120,15797,377,35391,California
Butte,2021-02-23,1636,52844,295,24513,1341,28331,0,0,463,18889,1168,16965,463,35854,California
Butte,2021-02-24,2133,54977,598,25111,1535,29866,0,0,725,18214,1400,18365,725,36579,California
Butte,2021-02-25,2078,57055,576,25687,1502,31368,0,0,656,17455,1416,19781,657,37236,California
Butte,2021-02-26,919,57974,310,25997,609,31977,0,0,395,17330,520,20301,395,37631,California
Butte,2021-02-27,235,58209,47,26044,188,32165,0,0,186,17469,47,20348,186,37817,California
Butte,2021-02-28,141,58350,15,26059,126,32291,0,0,134,17596,7,20355,134,37951,California
Butte,2021-03-01,1628,59978,175,26234,1452,33743,1,1,328,16628,1297,21652,329,38280,California
Butte,2021-03-02,1748,61726,197,26431,1551,35294,0,1,309,15502,1435,23087,309,38589,California
Butte,2021-03-03,2786,64512,850,27281,1936,37230,0,1,481,13680,2303,25390,481,39070,California
Butte,2021-03-04,3152,67664,681,27962,2471,39701,0,1,627,11783,2524,27914,627,39697,California
Butte,2021-03-05,1351,69015,615,28577,735,40436,1,2,734,11905,613,28527,735,40432,California
Butte,2021-03-06,246,69261,24,28601,199,40635,23,25,186,12055,59,28586,209,40641,California
Butte,2021-03-07,54,69315,3,28604,34,40669,17,42,30,12078,24,28610,47,40688,California
Butte,2021-03-08,1266,70581,128,28732,1060,41729,78,120,1100,13093,163,28773,1178,41866,California
Butte,2021-03-09,1906,72487,284,29016,1520,43249,102,222,1415,14122,488,29261,1517,43383,California
Butte,2021-03-10,2314,74801,964,29980,1250,44499,100,322,1577,15066,732,29993,1676,45059,California
Butte,2021-03-11,2813,77614,1318,31298,1369,45868,126,448,1984,16358,818,30811,2110,47169,California
Butte,2021-03-12,1144,78758,330,31628,467,46335,347,795,355,16277,783,31594,702,47871,California
Butte,2021-03-13,253,79011,67,31695,137,46472,49,844,59,16190,194,31788,107,47978,California
Butte,2021-03-14,163,79174,16,31711,105,46577,42,886,20,16110,142,31930,62,48040,California
Butte,2021-03-15,1741,80915,360,32071,1086,47663,295,1181,1145,16962,588,32518,1440,49480,California
Butte,2021-03-16,1648,82563,414,32485,1156,48819,78,1259,1111,17617,533,33051,1188,50668,California
Butte,2021-03-17,1957,84520,1355,33840,521,49340,81,1340,1137,18022,812,33863,1217,51885,California
Butte,2021-03-18,1811,86331,1467,35307,215,49555,129,1469,1062,18469,743,34606,1190,53075,California
Butte,2021-03-19,694,87025,307,35614,303,49858,84,1553,343,18555,341,34947,427,53502,California
Butte,2021-03-20,206,87231,31,35645,159,50017,16,1569,95,18555,111,35058,111,53613,California
Butte,2021-03-21,55,87286,24,35669,2,50019,29,1598,12,18553,43,35101,41,53654,California
Butte,2021-03-22,1481,88767,350,36019,1037,51056,94,1692,1220,19608,259,35360,1314,54968,California
Butte,2021-03-23,1822,90589,491,36510,1217,52273,114,1806,1473,20849,346,35706,1587,56555,California
Butte,2021-03-24,2261,92850,1265,37775,870,53143,126,1932,1711,22140,545,36251,1836,58391,California
Butte,2021-03-25,1481,94331,1197,38972,192,53335,92,2024,1015,22785,462,36713,1107,59498,California
Butte,2021-03-26,1204,95535,436,39408,522,53857,246,2270,558,22951,638,37351,804,60302,California
Butte,2021-03-27,302,95837,83,39491,195,54052,24,2294,135,22944,164,37515,157,60459,California
Butte,2021-03-28,227,96064,43,39534,176,54228,8,2302,102,22931,122,37637,109,60568,California
Butte,2021-03-29,1761,97825,379,39913,1312,55540,70,2372,1343,23931,413,38050,1413,61981,California
Butte,2021-03-30,1031,98856,469,40382,472,56012,90,2462,488,23972,537,38587,578,62559,California
Butte,2021-03-31,1776,100632,1303,41685,406,56418,67,2529,1082,24433,688,39275,1149,63708,California
Butte,2021-04-01,3328,103960,2706,44391,496,56914,126,2655,2260,25758,1062,40337,2387,66095,California
Butte,2021-04-02,1000,104960,417,44808,463,57377,120,2775,564,26012,428,40765,682,66777,California
Butte,2021-04-03,342,105302,45,44853,225,57602,72,2847,163,26068,179,40944,235,67012,California
Butte,2021-04-04,190,105492,25,44878,142,57744,23,2870,112,26127,76,41020,135,67147,California
Butte,2021-04-05,1972,107464,421,45299,1380,59124,171,3041,594,25521,1369,42389,763,67910,California
Butte,2021-04-06,2208,109672,616,45915,1169,60293,423,3464,800,25340,1402,43791,1221,69131,California
Butte,2021-04-07,3035,112707,1318,47233,1325,61618,392,3856,715,24133,2314,46105,1107,70238,California
Butte,2021-04-08,2757,115464,1202,48435,1287,62905,268,4124,459,22566,2294,48399,727,70965,California
Butte,2021-04-09,1376,116840,353,48788,541,63446,482,4606,330,22331,1042,49441,807,71772,California
Butte,2021-04-10,222,117062,47,48835,75,63521,100,4706,100,22408,122,49563,199,71971,California
Butte,2021-04-11,105,117167,42,48877,53,63574,10,4716,82,22478,22,49585,92,72063,California
Butte,2021-04-12,1410,118577,314,49191,964,64538,132,4848,237,21674,1173,50758,369,72432,California
Butte,2021-04-13,1649,120226,572,49763,1071,65609,6,4854,340,20718,1302,52060,346,72778,California
Butte,2021-04-14,2845,123071,2352,52115,493,66102,0,4854,1324,20529,1516,53576,1327,74105,California
Butte,2021-04-15,635,123706,391,52506,244,66346,0,4854,481,20859,151,53727,481,74586,California
Butte,2021-04-16,810,124516,413,52919,397,66743,0,4854,475,21001,333,54060,475,75061,California
Butte,2021-04-17,338,124854,61,52980,277,67020,0,4854,234,21133,102,54162,234,75295,California
Butte,2021-04-18,43,124897,9,52989,34,67054,0,4854,38,21166,5,54167,38,75333,California
Butte,2021-04-19,1558,126455,378,53367,1180,68234,0,4854,427,20465,1128,55295,427,75760,California
Butte,2021-04-20,1971,128426,720,54087,1251,69485,0,4854,754,20009,1210,56505,754,76514,California
Butte,2021-04-21,2041,130467,1161,55248,880,70365,0,4854,462,18898,1573,58078,462,76976,California
Butte,2021-04-22,2219,132686,1940,57188,279,70644,0,4854,612,17906,1604,59682,612,77588,California
Butte,2021-04-23,935,133621,439,57627,496,71140,0,4854,484,17939,451,60133,484,78072,California
Butte,2021-04-24,347,133968,138,57765,209,71349,0,4854,192,17977,154,60287,192,78264,California
Butte,2021-04-25,173,134141,68,57833,105,71454,0,4854,64,17932,109,60396,64,78328,California
Butte,2021-04-26,1560,135701,454,58287,1101,72555,5,4859,403,17187,1153,61549,408,78736,California
Butte,2021-04-27,1017,136718,676,58963,314,72869,27,4886,583,17369,428,61977,610,79346,California
Butte,2021-04-28,1388,138106,934,59897,429,73298,25,4911,501,17012,883,62860,526,79872,California
Butte,2021-04-29,886,138992,540,60437,321,73619,25,4936,299,16755,581,63441,324,80196,California
Butte,2021-04-30,893,139885,389,60826,483,74102,21,4957,448,16784,439,63880,468,80664,California
Butte,2021-05-01,241,140126,64,60890,158,74260,19,4976,72,16706,168,64048,90,80754,California
Butte,2021-05-02,149,140275,61,60951,75,74335,13,4989,43,16656,106,64154,56,80810,California
Butte,2021-05-03,633,140908,256,61207,346,74681,31,5020,177,16418,446,64600,208,81018,California
Butte,2021-05-04,818,141726,316,61523,470,75151,32,5052,211,16059,601,65201,242,81260,California
Butte,2021-05-05,1338,143064,1092,62615,210,75361,36,5088,272,15307,1061,66262,309,81569,California
Butte,2021-05-06,932,143996,673,63288,222,75583,37,5125,356,15127,573,66835,393,81962,California
Butte,2021-05-07,560,144556,288,63576,236,75819,36,5161,286,15177,271,67106,321,82283,California
Butte,2021-05-08,168,144724,35,63611,124,75943,9,5170,88,15195,79,67185,97,82380,California
Butte,2021-05-09,92,144816,19,63630,70,76013,3,5173,49,15204,43,67228,52,82432,California
Butte,2021-05-10,514,145330,302,63932,169,76182,43,5216,211,15158,300,67528,254,82686,California
Butte,2021-05-11,871,146201,643,64575,169,76351,59,5275,278,14905,590,68118,337,83023,California
Butte,2021-05-12,767,146968,484,65059,237,76588,46,5321,345,14878,418,68536,391,83414,California
Butte,2021-05-13,907,147875,607,65666,238,76826,62,5383,331,14704,565,69101,391,83805,California
Butte,2021-05-14,827,148702,515,66181,282,77108,30,5413,358,14625,466,69567,387,84192,California
Butte,2021-05-15,480,149182,224,66405,224,77332,32,5445,223,14624,256,69823,255,84447,California
Butte,2021-05-16,166,149348,82,66487,66,77398,18,5463,97,14671,68,69891,115,84562,California
Butte,2021-05-17,752,150100,479,66966,225,77623,48,5511,323,14615,426,70317,370,84932,California
Butte,2021-05-18,1061,151161,730,67696,283,77906,48,5559,475,14558,580,70897,523,85455,California
Butte,2021-05-19,827,151988,535,68231,248,78154,44,5603,331,14441,491,71388,374,85829,California
Butte,2021-05-20,976,152964,654,68885,214,78368,108,5711,391,14357,582,71970,498,86327,California
Butte,2021-05-21,892,153856,545,69430,320,78688,27,5738,309,14112,580,72550,335,86662,California
Butte,2021-05-22,292,154148,139,69569,146,78834,7,5745,146,14122,143,72693,153,86815,California
Butte,2021-05-23,124,154272,75,69644,48,78882,1,5746,80,14159,44,72737,81,86896,California
Butte,2021-05-24,338,154610,153,69797,135,79017,50,5796,170,14212,166,72903,219,87115,California
Butte,2021-05-25,688,155298,441,70238,211,79228,36,5832,340,14247,341,73244,376,87491,California
Butte,2021-05-26,563,155861,182,70420,358,79586,23,5855,255,14226,299,73543,278,87769,California
Butte,2021-05-27,864,156725,621,71041,226,79812,17,5872,429,14243,430,73973,447,88216,California
Butte,2021-05-28,516,157241,139,71180,298,80110,79,5951,215,14238,299,74272,294,88510,California
Butte,2021-05-29,224,157465,116,71296,96,80206,12,5963,148,14322,76,74348,160,88670,California
Butte,2021-05-30,107,157572,56,71352,51,80257,0,5963,61,14337,46,74394,61,88731,California
Butte,2021-05-31,43,157615,23,71375,18,80275,2,5965,25,14346,18,74412,27,88758,California
Butte,2021-06-01,665,158280,423,71798,210,80485,32,5997,251,14218,411,74823,283,89041,California
Butte,2021-06-02,817,159097,569,72367,204,80689,44,6041,354,14157,459,75282,398,89439,California
Butte,2021-06-03,622,159719,422,72789,185,80874,15,6056,222,13997,397,75679,237,89676,California
Butte,2021-06-04,478,160197,272,73061,178,81052,28,6084,158,13869,314,75993,186,89862,California
Butte,2021-06-05,317,160514,204,73265,93,81145,20,6104,103,13780,212,76205,123,89985,California
Butte,2021-06-06,135,160649,100,73365,33,81178,2,6106,34,13716,100,76305,36,90021,California
Butte,2021-06-07,398,161047,255,73620,114,81292,29,6135,172,13692,225,76530,201,90222,California
Butte,2021-06-08,645,161692,467,74087,162,81454,16,6151,191,13457,443,76973,208,90430,California
Butte,2021-06-09,333,162025,221,74308,93,81547,19,6170,118,13385,209,77182,137,90567,California
Butte,2021-06-10,520,162545,390,74698,106,81653,24,6194,201,13292,317,77499,224,90791,California
Butte,2021-06-11,118,162663,41,74739,69,81722,8,6202,42,13267,75,77574,50,90841,California
Calaveras,2020-12-16,5,5,5,5,0,0,0,0,5,5,0,0,5,5,California
Calaveras,2020-12-17,3,8,3,8,0,0,0,0,3,8,0,0,3,8,California
Calaveras,2020-12-18,40,48,40,48,0,0,0,0,40,48,0,0,40,48,California
Calaveras,2020-12-19,3,51,3,51,0,0,0,0,3,51,0,0,3,51,California
Calaveras,2020-12-20,4,55,4,55,0,0,0,0,4,55,0,0,4,55,California
Calaveras,2020-12-21,55,110,48,103,7,7,0,0,55,110,0,0,55,110,California
Calaveras,2020-12-22,81,191,77,180,4,11,0,0,82,192,0,0,82,192,California
Calaveras,2020-12-23,76,267,74,254,2,13,0,0,76,268,0,0,76,268,California
Calaveras,2020-12-24,2,269,2,256,0,13,0,0,2,270,0,0,2,270,California
Calaveras,2020-12-26,3,272,3,259,0,13,0,0,3,273,0,0,3,273,California
Calaveras,2020-12-27,1,273,1,260,0,13,0,0,1,274,0,0,1,274,California
Calaveras,2020-12-28,21,294,17,277,4,17,0,0,20,293,1,1,20,294,California
Calaveras,2020-12-29,159,453,138,415,21,38,0,0,159,452,0,1,159,453,California
Calaveras,2020-12-30,93,546,81,496,12,50,0,0,93,545,0,1,93,546,California
Calaveras,2020-12-31,36,582,25,521,11,61,0,0,36,581,0,1,36,582,California
Calaveras,2021-01-02,11,593,11,532,0,61,0,0,11,592,0,1,11,593,California
Calaveras,2021-01-03,10,603,4,536,6,67,0,0,10,602,0,1,10,603,California
Calaveras,2021-01-04,33,636,5,541,28,95,0,0,33,635,0,1,33,636,California
Calaveras,2021-01-05,41,677,10,551,31,126,0,0,32,663,9,10,37,673,California
Calaveras,2021-01-06,107,784,30,581,77,203,0,0,97,750,10,20,97,770,California
Calaveras,2021-01-07,107,891,27,608,80,283,0,0,93,832,12,32,94,864,California
Calaveras,2021-01-08,69,960,39,647,30,313,0,0,45,854,24,56,46,910,California
Calaveras,2021-01-09,5,965,5,652,0,313,0,0,2,853,3,59,2,912,California
Calaveras,2021-01-10,2,967,0,652,2,315,0,0,2,855,0,59,2,914,California
Calaveras,2021-01-11,65,1032,59,711,6,321,0,0,27,847,37,96,29,943,California
Calaveras,2021-01-12,85,1117,52,763,33,354,0,0,52,867,33,129,53,996,California
Calaveras,2021-01-13,108,1225,45,808,63,417,0,0,74,908,34,163,75,1071,California
Calaveras,2021-01-14,138,1363,43,851,95,512,0,0,105,982,32,195,106,1177,California
Calaveras,2021-01-15,92,1455,28,879,64,576,0,0,72,1034,20,215,72,1249,California
Calaveras,2021-01-16,13,1468,2,881,11,587,0,0,12,1045,1,216,12,1261,California
Calaveras,2021-01-17,10,1478,2,883,8,595,0,0,9,1053,1,217,9,1270,California
Calaveras,2021-01-18,131,1609,19,902,112,707,0,0,118,1161,13,230,121,1391,California
Calaveras,2021-01-19,208,1817,177,1079,31,738,0,0,70,1096,137,367,72,1463,California
Calaveras,2021-01-20,378,2195,82,1161,296,1034,0,0,289,1310,88,455,302,1765,California
Calaveras,2021-01-21,462,2657,39,1200,423,1457,0,0,424,1711,38,493,439,2204,California
Calaveras,2021-01-22,402,3059,24,1224,378,1835,0,0,391,2099,11,504,399,2603,California
Calaveras,2021-01-23,18,3077,8,1232,10,1845,0,0,17,2115,1,505,17,2620,California
Calaveras,2021-01-24,14,3091,8,1240,6,1851,0,0,12,2125,2,507,12,2632,California
Calaveras,2021-01-25,86,3177,8,1248,78,1929,0,0,81,2201,5,512,81,2713,California
Calaveras,2021-01-26,48,3225,16,1264,32,1961,0,0,39,2231,9,521,39,2752,California
Calaveras,2021-01-27,129,3354,45,1309,84,2045,0,0,100,2303,28,549,100,2852,California
Calaveras,2021-01-28,165,3519,25,1334,140,2185,0,0,139,2421,26,575,144,2996,California
Calaveras,2021-01-29,366,3885,12,1346,354,2539,0,0,334,2738,32,607,349,3345,California
Calaveras,2021-01-30,27,3912,10,1356,17,2556,0,0,25,2763,0,607,25,3370,California
Calaveras,2021-01-31,7,3919,4,1360,3,2559,0,0,6,2768,1,608,6,3376,California
Calaveras,2021-02-01,26,3945,11,1371,15,2574,0,0,17,2776,9,617,17,3393,California
Calaveras,2021-02-02,112,4057,23,1394,89,2663,0,0,73,2816,34,651,74,3467,California
Calaveras,2021-02-03,411,4468,44,1438,367,3030,0,0,325,3058,85,736,327,3794,California
Calaveras,2021-02-04,384,4852,26,1464,358,3388,0,0,299,3275,85,821,302,4096,California
Calaveras,2021-02-05,79,4931,22,1486,57,3445,0,0,41,3279,38,859,42,4138,California
Calaveras,2021-02-06,20,4951,12,1498,8,3453,0,0,20,3299,0,859,20,4158,California
Calaveras,2021-02-07,5,4956,1,1499,4,3457,0,0,2,3299,2,861,2,4160,California
Calaveras,2021-02-08,39,4995,18,1517,21,3478,0,0,31,3324,6,867,31,4191,California
Calaveras,2021-02-09,193,5188,77,1594,116,3594,0,0,130,3394,61,928,131,4322,California
Calaveras,2021-02-10,515,5703,31,1625,484,4078,0,0,442,3769,73,1001,448,4770,California
Calaveras,2021-02-11,582,6285,83,1708,499,4577,0,0,471,4139,108,1109,478,5248,California
Calaveras,2021-02-12,569,6854,325,2033,244,4821,0,0,491,4558,76,1185,495,5743,California
Calaveras,2021-02-13,200,7054,45,2078,155,4976,0,0,185,4728,15,1200,185,5928,California
Calaveras,2021-02-14,222,7276,71,2149,151,5127,0,0,207,4921,14,1214,207,6135,California
Calaveras,2021-02-15,382,7658,23,2172,359,5486,0,0,262,5066,117,1331,262,6397,California
Calaveras,2021-02-16,268,7926,144,2316,124,5610,0,0,230,5261,38,1369,233,6630,California
Calaveras,2021-02-17,511,8437,37,2353,474,6084,0,0,206,5179,292,1661,210,6840,California
Calaveras,2021-02-18,497,8934,90,2443,407,6491,0,0,95,4894,381,2042,96,6936,California
Calaveras,2021-02-19,439,9373,42,2485,397,6888,0,0,98,4662,330,2372,98,7034,California
Calaveras,2021-02-20,57,9430,15,2500,42,6930,0,0,47,4699,10,2382,47,7081,California
Calaveras,2021-02-21,25,9455,15,2515,10,6940,0,0,18,4711,6,2388,18,7099,California
Calaveras,2021-02-22,62,9517,38,2553,24,6964,0,0,33,4715,29,2417,33,7132,California
Calaveras,2021-02-23,127,9644,42,2595,85,7049,0,0,91,4771,36,2453,92,7224,California
Calaveras,2021-02-24,96,9740,47,2642,49,7098,0,0,66,4808,29,2482,66,7290,California
Calaveras,2021-02-25,551,10291,101,2743,450,7548,0,0,355,4978,190,2672,360,7650,California
Calaveras,2021-02-26,775,11066,45,2788,730,8278,0,0,411,5049,341,3013,412,8062,California
Calaveras,2021-02-27,205,11271,23,2811,182,8460,0,0,181,5206,24,3037,181,8243,California
Calaveras,2021-02-28,97,11368,15,2826,82,8542,0,0,91,5292,5,3042,91,8334,California
Calaveras,2021-03-01,235,11603,44,2870,191,8733,0,0,150,5362,81,3123,151,8485,California
Calaveras,2021-03-02,252,11855,98,2968,154,8887,0,0,206,5526,43,3166,207,8692,California
Calaveras,2021-03-03,560,12415,106,3074,454,9341,0,0,242,5457,311,3477,242,8934,California
Calaveras,2021-03-04,748,13163,71,3145,676,10017,1,1,354,5428,385,3862,356,9290,California
Calaveras,2021-03-05,455,13618,271,3416,180,10197,4,5,140,5263,309,4171,144,9434,California
Calaveras,2021-03-06,152,13770,41,3457,105,10302,6,11,113,5343,39,4210,119,9553,California
Calaveras,2021-03-07,77,13847,32,3489,38,10340,7,18,35,5343,42,4252,42,9595,California
Calaveras,2021-03-08,164,14011,28,3517,128,10468,8,26,130,5448,33,4285,138,9733,California
Calaveras,2021-03-09,361,14372,136,3653,219,10687,6,32,32,5163,323,4608,38,9771,California
Calaveras,2021-03-10,417,14789,29,3682,385,11072,3,35,58,4873,351,4959,61,9832,California
Calaveras,2021-03-11,851,15640,424,4106,414,11486,13,48,431,4908,411,5370,446,10278,California
Calaveras,2021-03-12,400,16040,212,4318,178,11664,10,58,322,5171,77,5447,340,10618,California
Calaveras,2021-03-13,178,16218,15,4333,155,11819,8,66,138,5283,39,5486,151,10769,California
Calaveras,2021-03-14,155,16373,11,4344,143,11962,1,67,17,5169,138,5624,24,10793,California
Calaveras,2021-03-15,331,16704,48,4392,258,12220,25,92,54,4976,276,5900,83,10876,California
Calaveras,2021-03-16,690,17394,553,4945,117,12337,20,112,545,5398,143,6043,565,11441,California
Calaveras,2021-03-17,278,17672,51,4996,213,12550,14,126,49,5238,224,6267,64,11505,California
Calaveras,2021-03-18,665,18337,569,5565,80,12630,16,142,548,5687,117,6384,566,12071,California
Calaveras,2021-03-19,234,18571,50,5615,110,12740,74,216,59,5647,171,6555,131,12202,California
Calaveras,2021-03-20,77,18648,22,5637,54,12794,1,217,20,5612,57,6612,22,12224,California
Calaveras,2021-03-21,46,18694,29,5666,6,12800,11,228,9,5597,36,6648,21,12245,California
Calaveras,2021-03-22,80,18774,36,5702,23,12823,21,249,25,5588,55,6703,46,12291,California
Calaveras,2021-03-23,295,19069,205,5907,80,12903,10,259,115,5544,169,6872,125,12416,California
Calaveras,2021-03-24,136,19205,52,5959,74,12977,10,269,44,5508,90,6962,54,12470,California
Calaveras,2021-03-25,744,19949,103,6062,637,13614,4,273,446,5668,290,7252,450,12920,California
Calaveras,2021-03-26,425,20374,27,6089,392,14006,6,279,87,5428,335,7587,95,13015,California
Calaveras,2021-03-27,211,20585,19,6108,188,14194,4,283,37,5300,171,7758,43,13058,California
Calaveras,2021-03-28,112,20697,12,6120,98,14292,2,285,8,5208,103,7861,11,13069,California
Calaveras,2021-03-29,178,20875,23,6143,152,14444,3,288,56,5149,119,7980,60,13129,California
Calaveras,2021-03-30,538,21413,25,6168,496,14940,17,305,359,5347,178,8158,376,13505,California
Calaveras,2021-03-31,323,21736,142,6310,171,15111,10,315,156,5347,167,8325,167,13672,California
Calaveras,2021-04-01,685,22421,444,6754,240,15351,1,316,186,5042,496,8821,191,13863,California
Calaveras,2021-04-02,392,22813,229,6983,155,15506,8,324,116,4897,270,9091,125,13988,California
Calaveras,2021-04-03,143,22956,33,7016,106,15612,4,328,40,4838,103,9194,44,14032,California
Calaveras,2021-04-04,82,23038,26,7042,56,15668,0,328,50,4856,32,9226,50,14082,California
Calaveras,2021-04-05,212,23250,81,7123,121,15789,10,338,100,4854,112,9338,110,14192,California
Calaveras,2021-04-06,655,23905,577,7700,64,15853,14,352,114,4445,537,9875,128,14320,California
Calaveras,2021-04-07,758,24663,661,8361,61,15914,36,388,620,4964,138,10013,657,14977,California
Calaveras,2021-04-08,948,25611,857,9218,69,15983,22,410,438,4918,507,10520,461,15438,California
Calaveras,2021-04-09,155,25766,59,9277,48,16031,48,458,57,4927,97,10617,106,15544,California
Calaveras,2021-04-10,193,25959,43,9320,131,16162,19,477,149,5053,43,10660,169,15713,California
Calaveras,2021-04-11,68,26027,44,9364,22,16184,2,479,49,5085,19,10679,51,15764,California
Calaveras,2021-04-12,104,26131,46,9410,40,16224,18,497,55,5110,49,10728,74,15838,California
Calaveras,2021-04-13,422,26553,367,9777,55,16279,0,497,364,5419,57,10785,366,16204,California
Calaveras,2021-04-14,181,26734,29,9806,152,16431,0,497,135,5509,46,10831,136,16340,California
Calaveras,2021-04-15,334,27068,284,10090,50,16481,0,497,247,5673,83,10914,247,16587,California
Calaveras,2021-04-16,99,27167,24,10114,75,16556,0,497,46,5671,48,10962,46,16633,California
Calaveras,2021-04-17,331,27498,127,10241,204,16760,0,497,290,5920,41,11003,290,16923,California
Calaveras,2021-04-18,17,27515,6,10247,11,16771,0,497,11,5925,6,11009,11,16934,California
Calaveras,2021-04-19,74,27589,26,10273,48,16819,0,497,45,5943,28,11037,46,16980,California
Calaveras,2021-04-20,261,27850,93,10366,168,16987,0,497,194,6072,65,11102,194,17174,California
Calaveras,2021-04-21,213,28063,143,10509,70,17057,0,497,81,6024,130,11232,82,17256,California
Calaveras,2021-04-22,544,28607,96,10605,448,17505,0,497,142,5769,399,11631,144,17400,California
Calaveras,2021-04-23,157,28764,79,10684,78,17583,0,497,64,5743,90,11721,64,17464,California
Calaveras,2021-04-24,172,28936,36,10720,136,17719,0,497,129,5831,42,11763,130,17594,California
Calaveras,2021-04-25,43,28979,28,10748,15,17734,0,497,22,5834,21,11784,24,17618,California
Calaveras,2021-04-26,116,29095,73,10821,43,17777,0,497,34,5787,82,11866,35,17653,California
Calaveras,2021-04-27,442,29537,74,10895,355,18132,13,510,57,5475,382,12248,70,17723,California
Calaveras,2021-04-28,647,30184,579,11474,37,18169,31,541,53,4974,592,12840,91,17814,California
Calaveras,2021-04-29,513,30697,441,11915,53,18222,19,560,72,4631,439,13279,96,17910,California
Calaveras,2021-04-30,150,30847,61,11976,84,18306,5,565,67,4627,82,13361,78,17988,California
Calaveras,2021-05-01,201,31048,110,12086,88,18394,3,568,133,4700,67,13428,140,18128,California
Calaveras,2021-05-02,51,31099,34,12120,16,18410,1,569,18,4689,31,13459,20,18148,California
Calaveras,2021-05-03,92,31191,68,12188,19,18429,5,574,29,4664,63,13522,38,18186,California
Calaveras,2021-05-04,415,31606,329,12517,49,18478,37,611,42,4372,372,13894,80,18266,California
Calaveras,2021-05-05,113,31719,58,12575,23,18501,32,643,50,4391,62,13956,81,18347,California
Calaveras,2021-05-06,254,31973,194,12769,36,18537,24,667,47,4257,206,14162,72,18419,California
Calaveras,2021-05-07,86,32059,22,12791,58,18595,6,673,56,4289,30,14192,62,18481,California
Calaveras,2021-05-08,290,32349,142,12933,146,18741,2,675,90,4184,197,14389,92,18573,California
Calaveras,2021-05-09,29,32378,12,12945,14,18755,3,678,13,4184,16,14405,16,18589,California
Calaveras,2021-05-10,56,32434,25,12970,30,18785,1,679,25,4182,29,14434,27,18616,California
Calaveras,2021-05-11,134,32568,88,13058,33,18818,13,692,93,4249,40,14474,107,18723,California
Calaveras,2021-05-12,167,32735,46,13104,121,18939,0,692,51,4185,115,14589,51,18774,California
Calaveras,2021-05-13,119,32854,65,13169,39,18978,15,707,63,4210,54,14643,79,18853,California
Calaveras,2021-05-14,149,33003,92,13261,54,19032,3,710,100,4265,48,14691,103,18956,California
Calaveras,2021-05-15,267,33270,95,13356,169,19201,3,713,106,4219,155,14846,109,19065,California
Calaveras,2021-05-16,29,33299,12,13368,17,19218,0,713,14,4219,15,14861,15,19080,California
Calaveras,2021-05-17,88,33387,41,13409,40,19258,7,720,46,4232,41,14902,54,19134,California
Calaveras,2021-05-18,224,33611,61,13470,141,19399,22,742,71,4173,152,15054,93,19227,California
Calaveras,2021-05-19,145,33756,59,13529,82,19481,4,746,70,4174,74,15128,75,19302,California
Calaveras,2021-05-20,201,33957,78,13607,98,19579,25,771,65,4130,133,15261,89,19391,California
Calaveras,2021-05-21,97,34054,55,13662,38,19617,4,775,58,4154,37,15298,61,19452,California
Calaveras,2021-05-22,301,34355,160,13822,141,19758,0,775,148,4150,152,15450,148,19600,California
Calaveras,2021-05-23,30,34385,14,13836,16,19774,0,775,13,4146,17,15467,13,19613,California
Calaveras,2021-05-24,73,34458,37,13873,20,19794,16,791,31,4152,42,15509,48,19661,California
Calaveras,2021-05-25,121,34579,46,13919,59,19853,16,807,57,4161,64,15573,73,19734,California
Calaveras,2021-05-26,120,34699,87,14006,29,19882,4,811,82,4209,37,15610,85,19819,California
Calaveras,2021-05-27,83,34782,43,14049,36,19918,4,815,27,4188,53,15663,32,19851,California
Calaveras,2021-05-28,82,34864,42,14091,36,19954,4,819,41,4192,41,15704,45,19896,California
Calaveras,2021-05-29,68,34932,23,14114,40,19994,5,824,33,4195,35,15739,38,19934,California
Calaveras,2021-05-30,36,34968,14,14128,17,20011,5,829,11,4186,25,15764,16,19950,California
Calaveras,2021-05-31,5,34973,0,14128,3,20014,2,831,0,4183,5,15769,2,19952,California
Calaveras,2021-06-01,144,35117,97,14225,41,20055,6,837,44,4133,100,15869,50,20002,California
Calaveras,2021-06-02,85,35202,54,14279,27,20082,4,841,36,4124,49,15918,40,20042,California
Calaveras,2021-06-03,93,35295,55,14334,31,20113,7,848,42,4126,49,15967,51,20093,California
Calaveras,2021-06-04,140,35435,94,14428,34,20147,12,860,37,4072,103,16070,49,20142,California
Calaveras,2021-06-05,84,35519,26,14454,56,20203,2,862,33,4057,50,16120,35,20177,California
Calaveras,2021-06-06,39,35558,27,14481,9,20212,3,865,20,4061,19,16139,23,20200,California
Calaveras,2021-06-07,60,35618,43,14524,9,20221,8,873,24,4058,35,16174,32,20232,California
Calaveras,2021-06-08,115,35733,69,14593,39,20260,7,880,49,4048,66,16240,56,20288,California
Calaveras,2021-06-09,41,35774,10,14603,25,20285,6,886,13,4039,28,16268,19,20307,California
Calaveras,2021-06-10,51,35825,7,14610,35,20320,9,895,16,4029,35,16303,25,20332,California
Calaveras,2021-06-11,31,35856,14,14624,15,20335,2,897,2,4004,29,16332,4,20336,California
Colusa,2020-12-18,1,1,1,1,0,0,0,0,1,1,0,0,1,1,California
Colusa,2020-12-21,2,3,2,3,0,0,0,0,2,3,0,0,2,3,California
Colusa,2020-12-22,10,13,10,13,0,0,0,0,10,13,0,0,10,13,California
Colusa,2020-12-23,10,23,10,23,0,0,0,0,10,23,0,0,10,23,California
Colusa,2020-12-24,2,25,1,24,1,1,0,0,2,25,0,0,2,25,California
Colusa,2020-12-27,1,26,1,25,0,1,0,0,1,26,0,0,1,26,California
Colusa,2020-12-28,7,33,3,28,4,5,0,0,7,33,0,0,7,33,California
Colusa,2020-12-29,11,44,8,36,3,8,0,0,11,44,0,0,11,44,California
Colusa,2020-12-30,51,95,14,50,37,45,0,0,51,95,0,0,51,95,California
Colusa,2020-12-31,18,113,1,51,17,62,0,0,18,113,0,0,18,113,California
Colusa,2021-01-04,4,117,0,51,4,66,0,0,4,117,0,0,4,117,California
Colusa,2021-01-05,67,184,1,52,66,132,0,0,67,184,0,0,67,184,California
Colusa,2021-01-06,15,199,9,61,6,138,0,0,15,199,0,0,15,199,California
Colusa,2021-01-07,39,238,5,66,34,172,0,0,38,236,1,1,38,237,California
Colusa,2021-01-08,9,247,7,73,2,174,0,0,8,243,1,2,8,245,California
Colusa,2021-01-09,2,249,1,74,1,175,0,0,2,245,0,2,2,247,California
Colusa,2021-01-10,1,250,0,74,1,176,0,0,1,246,0,2,1,248,California
Colusa,2021-01-11,12,262,6,80,6,182,0,0,7,248,5,7,7,255,California
Colusa,2021-01-12,11,273,9,89,2,184,0,0,6,249,5,12,6,261,California
Colusa,2021-01-13,21,294,13,102,8,192,0,0,13,254,8,20,13,274,California
Colusa,2021-01-14,35,329,28,130,7,199,0,0,33,285,2,22,33,307,California
Colusa,2021-01-15,44,373,5,135,39,238,0,0,42,325,2,24,42,349,California
Colusa,2021-01-16,12,385,1,136,11,249,0,0,11,335,1,25,11,360,California
Colusa,2021-01-17,3,388,2,138,1,250,0,0,2,336,1,26,2,362,California
Colusa,2021-01-18,4,392,0,138,4,254,0,0,4,340,0,26,4,366,California
Colusa,2021-01-19,9,401,8,146,1,255,0,0,5,341,4,30,5,371,California
Colusa,2021-01-20,113,514,101,247,12,267,0,0,99,426,14,44,99,470,California
Colusa,2021-01-21,59,573,44,291,15,282,0,0,58,483,1,45,58,528,California
Colusa,2021-01-22,36,609,17,308,19,301,0,0,31,509,5,50,31,559,California
Colusa,2021-01-23,35,644,6,314,29,330,0,0,35,544,0,50,35,594,California
Colusa,2021-01-25,7,651,0,314,7,337,0,0,7,551,0,50,7,601,California
Colusa,2021-01-26,8,659,5,319,3,340,0,0,5,553,3,53,5,606,California
Colusa,2021-01-27,109,768,31,350,78,418,0,0,107,658,2,55,107,713,California
Colusa,2021-01-28,82,850,47,397,35,453,0,0,74,724,8,63,74,787,California
Colusa,2021-01-29,40,890,7,404,33,486,0,0,39,762,1,64,39,826,California
Colusa,2021-01-30,27,917,4,408,23,509,0,0,27,789,0,64,27,853,California
Colusa,2021-01-31,7,924,7,415,0,509,0,0,7,796,0,64,7,860,California
Colusa,2021-02-01,27,951,10,425,17,526,0,0,22,813,5,69,22,882,California
Colusa,2021-02-02,44,995,9,434,35,561,0,0,37,843,7,76,37,919,California
Colusa,2021-02-03,70,1065,11,445,59,620,0,0,59,891,11,87,59,978,California
Colusa,2021-02-04,144,1209,82,527,62,682,0,0,116,979,28,115,116,1094,California
Colusa,2021-02-05,28,1237,8,535,20,702,0,0,25,1001,3,118,25,1119,California
Colusa,2021-02-06,282,1519,9,544,273,975,0,0,271,1261,11,129,271,1390,California
Colusa,2021-02-07,2,1521,1,545,1,976,0,0,0,1259,2,131,0,1390,California
Colusa,2021-02-08,40,1561,5,550,35,1011,0,0,37,1293,3,134,37,1427,California
Colusa,2021-02-09,229,1790,14,564,215,1226,0,0,176,1416,53,187,176,1603,California
Colusa,2021-02-10,115,1905,41,605,74,1300,0,0,72,1445,43,230,72,1675,California
Colusa,2021-02-11,100,2005,37,642,63,1363,0,0,73,1491,27,257,73,1748,California
Colusa,2021-02-12,120,2125,9,651,111,1474,0,0,79,1528,42,299,79,1827,California
Colusa,2021-02-13,60,2185,8,659,52,1526,0,0,52,1572,8,307,52,1879,California
Colusa,2021-02-14,21,2206,8,667,13,1539,0,0,15,1581,6,313,15,1894,California
Colusa,2021-02-15,45,2251,10,677,35,1574,0,0,38,1612,7,320,38,1932,California
Colusa,2021-02-16,67,2318,4,681,63,1637,0,0,66,1677,1,321,66,1998,California
Colusa,2021-02-17,203,2521,143,824,60,1697,0,0,58,1590,145,466,58,2056,California
Colusa,2021-02-18,137,2658,36,860,101,1798,0,0,114,1681,23,489,114,2170,California
Colusa,2021-02-19,152,2810,19,879,133,1931,0,0,130,1789,22,511,130,2300,California
Colusa,2021-02-20,27,2837,5,884,22,1953,0,0,11,1784,16,527,11,2311,California
Colusa,2021-02-21,1,2838,1,885,0,1953,0,0,0,1783,1,528,0,2311,California
Colusa,2021-02-22,43,2881,26,911,17,1970,0,0,29,1798,14,542,29,2340,California
Colusa,2021-02-23,22,2903,7,918,15,1985,0,0,17,1810,5,547,17,2357,California
Colusa,2021-02-24,303,3206,55,973,248,2233,0,0,158,1823,145,692,158,2515,California
Colusa,2021-02-25,103,3309,55,1028,48,2281,0,0,67,1854,36,728,67,2582,California
Colusa,2021-02-26,97,3406,15,1043,82,2363,0,0,60,1877,37,765,60,2642,California
Colusa,2021-02-27,55,3461,4,1047,51,2414,0,0,40,1902,15,780,40,2682,California
Colusa,2021-02-28,27,3488,15,1062,12,2426,0,0,18,1911,9,789,18,2700,California
Colusa,2021-03-01,46,3534,15,1077,31,2457,0,0,29,1923,17,806,29,2729,California
Colusa,2021-03-02,48,3582,12,1089,36,2493,0,0,25,1925,23,829,25,2754,California
Colusa,2021-03-03,244,3826,43,1132,201,2694,0,0,187,2055,57,886,187,2941,California
Colusa,2021-03-04,138,3964,58,1190,80,2774,0,0,80,2077,58,944,80,3021,California
Colusa,2021-03-05,94,4058,25,1215,60,2834,9,9,53,2098,41,985,62,3083,California
Colusa,2021-03-06,272,4330,9,1224,263,3097,0,9,38,1902,234,1219,38,3121,California
Colusa,2021-03-07,8,4338,5,1229,3,3100,0,9,6,1906,2,1221,6,3127,California
Colusa,2021-03-08,89,4427,21,1250,33,3133,35,44,45,1942,44,1265,80,3207,California
Colusa,2021-03-09,275,4702,74,1324,178,3311,23,67,85,1860,190,1455,108,3315,California
Colusa,2021-03-10,290,4992,38,1362,216,3527,36,103,204,2014,86,1541,240,3555,California
Colusa,2021-03-11,418,5410,60,1422,337,3864,21,124,335,2285,83,1624,354,3909,California
Colusa,2021-03-12,110,5520,18,1440,79,3943,13,137,20,2228,90,1714,33,3942,California
Colusa,2021-03-13,59,5579,14,1454,36,3979,9,146,17,2212,42,1756,26,3968,California
Colusa,2021-03-14,20,5599,0,1454,18,3997,2,148,6,2207,13,1769,8,3976,California
Colusa,2021-03-15,71,5670,27,1481,36,4033,8,156,15,2174,56,1825,23,3999,California
Colusa,2021-03-16,296,5966,16,1497,234,4267,46,202,189,2302,107,1932,235,4234,California
Colusa,2021-03-17,193,6159,50,1547,143,4410,0,202,108,2325,85,2017,108,4342,California
Colusa,2021-03-18,324,6483,37,1584,216,4626,71,273,201,2474,123,2140,272,4614,California
Colusa,2021-03-19,80,6563,21,1605,57,4683,2,275,53,2502,27,2167,55,4669,California
Colusa,2021-03-20,49,6612,7,1612,41,4724,1,276,36,2526,13,2180,37,4706,California
Colusa,2021-03-21,6,6618,4,1616,2,4726,0,276,3,2526,3,2183,3,4709,California
Colusa,2021-03-22,62,6680,10,1626,43,4769,9,285,40,2553,22,2205,49,4758,California
Colusa,2021-03-23,81,6761,16,1642,63,4832,2,287,55,2584,26,2231,57,4815,California
Colusa,2021-03-24,340,7101,56,1698,278,5110,6,293,67,2383,273,2504,72,4887,California
Colusa,2021-03-25,108,7209,60,1758,43,5153,5,298,50,2380,58,2562,55,4942,California
Colusa,2021-03-26,298,7507,48,1806,246,5399,4,302,246,2578,52,2614,250,5192,California
Colusa,2021-03-27,64,7571,5,1811,59,5458,0,302,26,2566,38,2652,26,5218,California
Colusa,2021-03-28,16,7587,7,1818,9,5467,0,302,8,2566,8,2660,8,5226,California
Colusa,2021-03-29,73,7660,21,1839,46,5513,6,308,33,2565,40,2700,39,5265,California
Colusa,2021-03-30,150,7810,82,1921,66,5579,2,310,71,2559,79,2779,73,5338,California
Colusa,2021-03-31,235,8045,41,1962,194,5773,0,310,73,2471,161,2940,73,5411,California
Colusa,2021-04-01,435,8480,71,2033,309,6082,55,365,313,2717,121,3061,367,5778,California
Colusa,2021-04-02,82,8562,15,2048,53,6135,14,379,38,2725,44,3105,52,5830,California
Colusa,2021-04-03,60,8622,9,2057,28,6163,23,402,14,2715,46,3151,36,5866,California
Colusa,2021-04-04,18,8640,0,2057,8,6171,10,412,3,2713,15,3166,13,5879,California
Colusa,2021-04-05,97,8737,26,2083,55,6226,16,428,39,2710,58,3224,55,5934,California
Colusa,2021-04-06,130,8867,34,2117,45,6271,51,479,43,2717,87,3311,94,6028,California
Colusa,2021-04-07,358,9225,41,2158,294,6565,23,502,131,2645,227,3538,155,6183,California
Colusa,2021-04-08,424,9649,34,2192,364,6929,26,528,120,2490,301,3839,146,6329,California
Colusa,2021-04-09,76,9725,21,2213,31,6960,24,552,27,2492,49,3888,51,6380,California
Colusa,2021-04-10,45,9770,9,2222,15,6975,21,573,12,2492,33,3921,33,6413,California
Colusa,2021-04-11,17,9787,3,2225,12,6987,2,575,8,2493,9,3930,10,6423,California
Colusa,2021-04-12,32,9819,3,2228,29,7016,0,575,25,2511,7,3937,25,6448,California
Colusa,2021-04-13,278,10097,22,2250,256,7272,0,575,93,2420,184,4121,93,6541,California
Colusa,2021-04-14,94,10191,19,2269,75,7347,0,575,32,2390,62,4183,32,6573,California
Colusa,2021-04-15,325,10516,46,2315,279,7626,0,575,133,2331,192,4375,133,6706,California
Colusa,2021-04-16,79,10595,11,2326,68,7694,0,575,35,2323,43,4418,35,6741,California
Colusa,2021-04-17,51,10646,7,2333,44,7738,0,575,29,2330,22,4440,29,6770,California
Colusa,2021-04-18,9,10655,2,2335,7,7745,0,575,7,2335,2,4442,7,6777,California
Colusa,2021-04-19,61,10716,22,2357,39,7784,0,575,16,2306,45,4487,16,6793,California
Colusa,2021-04-20,178,10894,31,2388,147,7931,0,575,129,2386,49,4536,129,6922,California
Colusa,2021-04-21,170,11064,59,2447,111,8042,0,575,110,2436,60,4596,110,7032,California
Colusa,2021-04-22,419,11483,27,2474,391,8433,1,576,218,2454,200,4796,218,7250,California
Colusa,2021-04-23,93,11576,20,2494,73,8506,0,576,36,2433,57,4853,36,7286,California
Colusa,2021-04-24,240,11816,19,2513,220,8726,1,577,208,2609,32,4885,208,7494,California
Colusa,2021-04-25,12,11828,6,2519,6,8732,0,577,8,2613,4,4889,8,7502,California
Colusa,2021-04-26,25,11853,5,2524,19,8751,1,578,6,2601,18,4907,6,7508,California
Colusa,2021-04-27,94,11947,23,2547,67,8818,4,582,44,2599,50,4957,48,7556,California
Colusa,2021-04-28,189,12136,27,2574,159,8977,3,585,139,2692,49,5006,142,7698,California
Colusa,2021-04-29,320,12456,27,2601,289,9266,4,589,47,2472,271,5277,51,7749,California
Colusa,2021-04-30,63,12519,18,2619,45,9311,0,589,41,2491,22,5299,41,7790,California
Colusa,2021-05-01,19,12538,8,2627,8,9319,3,592,9,2493,10,5309,12,7802,California
Colusa,2021-05-02,4,12542,1,2628,2,9321,1,593,2,2494,2,5311,3,7805,California
Colusa,2021-05-03,31,12573,7,2635,24,9345,0,593,15,2493,16,5327,15,7820,California
Colusa,2021-05-04,94,12667,52,2687,41,9386,1,594,67,2534,27,5354,68,7888,California
Colusa,2021-05-05,79,12746,16,2703,62,9448,1,595,34,2524,45,5399,35,7923,California
Colusa,2021-05-06,253,12999,16,2719,235,9683,2,597,110,2493,143,5542,112,8035,California
Colusa,2021-05-07,66,13065,5,2724,57,9740,4,601,31,2493,35,5577,35,8070,California
Colusa,2021-05-08,18,13083,5,2729,13,9753,0,601,9,2493,9,5586,9,8079,California
Colusa,2021-05-09,13,13096,5,2734,5,9758,3,604,6,2495,7,5593,9,8088,California
Colusa,2021-05-10,15,13111,6,2740,9,9767,0,604,6,2492,9,5602,6,8094,California
Colusa,2021-05-11,92,13203,33,2773,59,9826,0,604,50,2500,42,5644,50,8144,California
Colusa,2021-05-12,72,13275,31,2804,37,9863,4,608,20,2472,52,5696,24,8168,California
Colusa,2021-05-13,242,13517,24,2828,217,10080,1,609,78,2387,164,5860,79,8247,California
Colusa,2021-05-14,86,13603,18,2846,53,10133,15,624,33,2383,52,5912,48,8295,California
Colusa,2021-05-15,37,13640,9,2855,26,10159,2,626,19,2386,18,5930,21,8316,California
Colusa,2021-05-16,22,13662,5,2860,10,10169,7,633,9,2389,13,5943,16,8332,California
Colusa,2021-05-17,24,13686,4,2864,18,10187,2,635,12,2391,12,5955,14,8346,California
Colusa,2021-05-18,100,13786,26,2890,72,10259,2,637,45,2383,55,6010,47,8393,California
Colusa,2021-05-19,218,14004,44,2934,154,10413,20,657,68,2321,150,6160,88,8481,California
Colusa,2021-05-20,283,14287,36,2970,243,10656,4,661,71,2184,212,6372,75,8556,California
Colusa,2021-05-21,70,14357,23,2993,45,10701,2,663,36,2188,34,6406,38,8594,California
Colusa,2021-05-22,218,14575,21,3014,196,10897,1,664,30,2031,188,6594,31,8625,California
Colusa,2021-05-23,18,14593,7,3021,7,10904,4,668,5,2027,13,6607,9,8634,California
Colusa,2021-05-24,26,14619,3,3024,18,10922,5,673,15,2036,11,6618,20,8654,California
Colusa,2021-05-25,132,14751,73,3097,57,10979,2,675,50,2006,82,6700,52,8706,California
Colusa,2021-05-26,72,14823,25,3122,47,11026,0,675,33,2000,39,6739,33,8739,California
Colusa,2021-05-27,170,14993,17,3139,153,11179,0,675,54,1938,116,6855,54,8793,California
Colusa,2021-05-28,80,15073,26,3165,53,11232,1,676,40,1939,40,6895,41,8834,California
Colusa,2021-05-29,37,15110,18,3183,18,11250,1,677,29,1961,8,6903,30,8864,California
Colusa,2021-05-30,8,15118,1,3184,2,11252,5,682,1,1960,7,6910,6,8870,California
Colusa,2021-05-31,4,15122,0,3184,4,11256,0,682,1,1958,3,6913,1,8871,California
Colusa,2021-06-01,50,15172,16,3200,33,11289,1,683,26,1961,24,6937,27,8898,California
Colusa,2021-06-02,146,15318,20,3220,124,11413,2,685,52,1922,93,7030,54,8952,California
Colusa,2021-06-03,62,15380,20,3240,41,11454,1,686,26,1916,33,7063,27,8979,California
Colusa,2021-06-04,59,15439,19,3259,37,11491,3,689,21,1902,38,7101,24,9003,California
Colusa,2021-06-05,35,15474,16,3275,18,11509,1,690,18,1904,17,7118,19,9022,California
Colusa,2021-06-06,9,15483,4,3279,4,11513,1,691,6,1908,3,7121,7,9029,California
Colusa,2021-06-07,22,15505,6,3285,16,11529,0,691,12,1910,10,7131,12,9041,California
Colusa,2021-06-08,68,15573,17,3302,51,11580,0,691,26,1894,42,7173,26,9067,California
Colusa,2021-06-09,68,15641,37,3339,31,11611,0,691,26,1878,42,7215,26,9093,California
Colusa,2021-06-10,55,15696,22,3361,31,11642,2,693,13,1851,42,7257,15,9108,California
Colusa,2021-06-11,24,15720,14,3375,9,11651,1,694,11,1850,13,7270,12,9120,California
Contra Costa,2020-12-15,18,18,18,18,0,0,0,0,18,18,0,0,18,18,California
Contra Costa,2020-12-16,523,541,523,541,0,0,0,0,523,541,0,0,523,541,California
Contra Costa,2020-12-17,1048,1589,1048,1589,0,0,0,0,1048,1589,0,0,1048,1589,California
Contra Costa,2020-12-18,1772,3361,1771,3360,1,1,0,0,1772,3361,0,0,1772,3361,California
Contra Costa,2020-12-19,1128,4489,1127,4487,1,2,0,0,1128,4489,0,0,1128,4489,California
Contra Costa,2020-12-20,607,5096,606,5093,1,3,0,0,607,5096,0,0,607,5096,California
Contra Costa,2020-12-21,1681,6777,1679,6772,2,5,0,0,1681,6777,0,0,1681,6777,California
Contra Costa,2020-12-22,1686,8463,1580,8352,106,111,0,0,1686,8463,0,0,1686,8463,California
Contra Costa,2020-12-23,1639,10102,1389,9741,250,361,0,0,1639,10102,0,0,1639,10102,California
Contra Costa,2020-12-24,664,10766,339,10080,325,686,0,0,664,10766,0,0,664,10766,California
Contra Costa,2020-12-25,44,10810,20,10100,24,710,0,0,44,10810,0,0,44,10810,California
Contra Costa,2020-12-26,661,11471,137,10237,524,1234,0,0,661,11471,0,0,661,11471,California
Contra Costa,2020-12-27,244,11715,86,10323,158,1392,0,0,244,11715,0,0,244,11715,California
Contra Costa,2020-12-28,1864,13579,874,11197,990,2382,0,0,1864,13579,0,0,1864,13579,California
Contra Costa,2020-12-29,1861,15440,829,12026,1032,3414,0,0,1861,15440,0,0,1861,15440,California
Contra Costa,2020-12-30,2442,17882,1223,13249,1219,4633,0,0,2440,17879,2,2,2441,17881,California
Contra Costa,2020-12-31,931,18813,309,13558,622,5255,0,0,930,18809,0,2,930,18811,California
Contra Costa,2021-01-01,66,18879,24,13582,42,5297,0,0,66,18875,0,2,66,18877,California
Contra Costa,2021-01-02,344,19223,177,13759,167,5464,0,0,344,19219,0,2,344,19221,California
Contra Costa,2021-01-03,186,19409,125,13884,61,5525,0,0,185,19404,0,2,185,19406,California
Contra Costa,2021-01-04,1918,21327,1252,15136,666,6191,0,0,1898,21284,18,20,1898,21304,California
Contra Costa,2021-01-05,2129,23456,1269,16405,860,7051,0,0,1843,22843,285,305,1844,23148,California
Contra Costa,2021-01-06,3327,26783,2281,18686,1046,8097,0,0,2505,24536,816,1121,2509,25657,California
Contra Costa,2021-01-07,3134,29917,2095,20781,1039,9136,0,0,1801,25007,1330,2451,1801,27458,California
Contra Costa,2021-01-08,3430,33347,2428,23209,1002,10138,0,0,1764,25113,1661,4112,1767,29225,California
Contra Costa,2021-01-09,1612,34959,1156,24365,456,10594,0,0,740,24984,871,4983,742,29967,California
Contra Costa,2021-01-10,369,35328,292,24657,77,10671,0,0,155,24925,214,5197,155,30122,California
Contra Costa,2021-01-11,3869,39197,3169,27826,700,11371,0,0,2231,25521,1638,6835,2234,32356,California
Contra Costa,2021-01-12,3962,43159,2974,30800,988,12359,0,0,2600,26764,1361,8196,2604,34960,California
Contra Costa,2021-01-13,4799,47958,2973,33773,1826,14185,0,0,3828,29627,967,9163,3830,38790,California
Contra Costa,2021-01-14,4368,52326,1586,35359,2782,16967,0,0,3976,33216,392,9555,3981,42771,California
Contra Costa,2021-01-15,5409,57735,2488,37847,2921,19888,0,0,5078,37968,330,9885,5082,47853,California
Contra Costa,2021-01-16,1762,59497,572,38419,1190,21078,0,0,1684,39574,78,9963,1684,49537,California
Contra Costa,2021-01-17,1677,61174,986,39405,691,21769,0,0,1555,41010,122,10085,1558,51095,California
Contra Costa,2021-01-18,3272,64446,1300,40705,1972,23741,0,0,2638,43020,629,10714,2639,53734,California
Contra Costa,2021-01-19,7122,71568,3190,43895,3932,27673,0,0,6109,48125,1009,11723,6114,59848,California
Contra Costa,2021-01-20,6781,78349,4174,48069,2607,30280,0,0,5533,52420,1244,12967,5539,65387,California
Contra Costa,2021-01-21,7083,85432,3141,51210,3942,34222,0,0,6343,58037,734,13701,6351,71738,California
Contra Costa,2021-01-22,6487,91919,2748,53958,3739,37961,0,0,5612,62786,866,14567,5615,77353,California
Contra Costa,2021-01-23,2077,93996,367,54325,1710,39671,0,0,1808,64329,267,14834,1810,79163,California
Contra Costa,2021-01-24,1612,95608,221,54546,1391,41062,0,0,1462,65645,150,14984,1466,80629,California
Contra Costa,2021-01-25,6757,102365,3061,57607,3696,44758,0,0,5157,69208,1598,16582,5161,85790,California
Contra Costa,2021-01-26,8235,110600,4749,62356,3486,48244,0,0,6351,73688,1876,18458,6356,92146,California
Contra Costa,2021-01-27,8320,118920,5468,67824,2852,51096,0,0,6435,78254,1873,20331,6439,98585,California
Contra Costa,2021-01-28,7577,126497,4120,71944,3457,54553,0,0,5937,82563,1634,21965,5943,104528,California
Contra Costa,2021-01-29,7551,134048,3930,75874,3621,58174,0,0,6213,87445,1333,23298,6215,110743,California
Contra Costa,2021-01-30,2183,136231,670,76544,1513,59687,0,0,1773,88815,403,23701,1773,112516,California
Contra Costa,2021-01-31,675,136906,445,76989,230,59917,0,0,582,89307,90,23791,582,113098,California
Contra Costa,2021-02-01,5921,142827,4116,81105,1805,61722,0,0,4005,91407,1908,25699,4008,117106,California
Contra Costa,2021-02-02,7655,150482,5127,86232,2528,64250,0,0,5940,95634,1714,27413,5941,123047,California
Contra Costa,2021-02-03,8391,158873,5540,91772,2851,67101,0,0,5696,98646,2685,30098,5697,128744,California
Contra Costa,2021-02-04,7610,166483,3618,95390,3992,71093,0,0,5835,102711,1773,31871,5838,134582,California
Contra Costa,2021-02-05,8529,175012,4857,100247,3672,74765,0,0,5816,105821,2706,34577,5816,140398,California
Contra Costa,2021-02-06,3539,178551,2184,102431,1355,76120,0,0,2877,108038,661,35238,2878,143276,California
Contra Costa,2021-02-07,997,179548,724,103155,273,76393,0,0,609,108261,386,35624,609,143885,California
Contra Costa,2021-02-08,5958,185506,3542,106697,2416,78809,0,0,4430,111171,1521,37145,4431,148316,California
Contra Costa,2021-02-09,8791,194297,4859,111556,3932,82741,0,0,5860,114109,2923,40068,5861,154177,California
Contra Costa,2021-02-10,8757,203054,4717,116273,4040,86781,0,0,5421,116213,3321,43389,5425,159602,California
Contra Costa,2021-02-11,9446,212500,4259,120532,5187,91968,0,0,5328,117434,4112,47501,5333,164935,California
Contra Costa,2021-02-12,10190,222690,4663,125195,5527,97495,0,0,5500,118255,4682,52183,5503,170438,California
Contra Costa,2021-02-13,4947,227637,1391,126586,3556,101051,0,0,3439,120190,1505,53688,3440,173878,California
Contra Costa,2021-02-14,2117,229754,871,127457,1246,102297,0,0,1231,120537,884,54572,1231,175109,California
Contra Costa,2021-02-15,4524,234278,2490,129947,2034,104331,0,0,2360,120742,2156,56728,2361,177470,California
Contra Costa,2021-02-16,10520,244798,4954,134901,5566,109897,0,0,4688,119610,5824,62552,4692,182162,California
Contra Costa,2021-02-17,12439,257237,6235,141136,6204,116101,0,0,5711,118609,6713,69265,5712,187874,California
Contra Costa,2021-02-18,11596,268833,6027,147163,5569,121670,0,0,5361,117748,6224,75489,5363,193237,California
Contra Costa,2021-02-19,11594,280427,7232,154395,4362,126032,0,0,5256,116683,6323,81812,5258,198495,California
Contra Costa,2021-02-20,6609,287036,2997,157392,3612,129644,0,0,4661,119414,1932,83744,4663,203158,California
Contra Costa,2021-02-21,2359,289395,1767,159159,592,130236,0,0,1586,120228,772,84516,1586,204744,California
Contra Costa,2021-02-22,7830,297225,5290,164449,2540,132776,0,0,3605,119627,4210,88726,3609,208353,California
Contra Costa,2021-02-23,12344,309569,7605,172054,4739,137515,0,0,6216,119736,6114,94840,6223,214576,California
Contra Costa,2021-02-24,10874,320443,7997,180051,2877,140392,0,0,5279,119440,5577,100417,5281,219857,California
Contra Costa,2021-02-25,12025,332468,7629,187680,4396,144788,0,0,5580,118601,6424,106841,5585,225442,California
Contra Costa,2021-02-26,11231,343699,7102,194782,4129,148917,0,0,5566,118518,5650,112491,5567,231009,California
Contra Costa,2021-02-27,7012,350711,4530,199312,2482,151399,0,0,4394,120304,2610,115101,4396,235405,California
Contra Costa,2021-02-28,4404,355115,3656,202968,747,152146,1,1,3713,123331,688,115789,3715,239120,California
Contra Costa,2021-03-01,8749,363864,6632,209600,2111,154257,6,7,5398,125402,3335,119124,5406,244526,California
Contra Costa,2021-03-02,10782,374646,6914,216514,3867,158124,1,8,5777,126192,4989,124113,5779,250305,California
Contra Costa,2021-03-03,11478,386124,7214,223728,4263,162387,1,9,6471,127672,4993,129106,6473,256778,California
Contra Costa,2021-03-04,12160,398284,7266,230994,4893,167280,1,10,6318,128169,5823,134929,6320,263098,California
Contra Costa,2021-03-05,11673,409957,6999,237993,4667,171947,7,17,6713,129947,4942,139871,6720,269818,California
Contra Costa,2021-03-06,7603,417560,4254,242247,3037,174984,312,329,4961,132590,2628,142499,5271,275089,California
Contra Costa,2021-03-07,3904,421464,2491,244738,1351,176335,62,391,3215,135180,687,143186,3277,278366,California
Contra Costa,2021-03-08,8367,429831,3967,248705,4090,180425,310,701,5628,138395,2727,145913,5942,284308,California
Contra Costa,2021-03-09,11283,441114,5987,254692,4999,185424,297,998,5912,139246,5360,151273,6211,290519,California
Contra Costa,2021-03-10,12614,453728,6334,261026,4771,190195,1509,2507,5752,139649,6849,158122,7252,297771,California
Contra Costa,2021-03-11,12664,466392,6658,267684,5440,195635,566,3073,6473,140520,6167,164289,7038,304809,California
Contra Costa,2021-03-12,12794,479186,5277,272961,6948,202583,569,3642,6377,141063,6399,170688,6942,311751,California
Contra Costa,2021-03-13,7985,487171,3214,276175,4340,206923,431,4073,3148,139819,4817,175505,3573,315324,California
Contra Costa,2021-03-14,4504,491675,2658,278833,1348,208271,498,4571,1722,139263,2774,178279,2218,317542,California
Contra Costa,2021-03-15,9592,501267,5211,284044,3613,211884,768,5339,4741,139938,4832,183111,5507,323049,California
Contra Costa,2021-03-16,14537,515804,8673,292717,5453,217337,411,5750,7168,140171,7345,190456,7578,330627,California
Contra Costa,2021-03-17,15258,531062,10555,303272,4484,221821,219,5969,8529,142219,6706,197162,8754,339381,California
Contra Costa,2021-03-18,15607,546669,8719,311991,6401,228222,487,6456,8614,144360,6958,204120,9099,348480,California
Contra Costa,2021-03-19,15836,562505,9155,321146,5257,233479,1424,7880,8199,146366,7619,211739,9625,358105,California
Contra Costa,2021-03-20,10861,573366,6520,327666,4023,237502,318,8198,5120,146083,5720,217459,5437,363542,California
Contra Costa,2021-03-21,4655,578021,4066,331732,491,237993,98,8296,1817,145170,2827,220286,1914,365456,California
Contra Costa,2021-03-22,11801,589822,8906,340638,2636,240629,259,8555,6850,147342,4934,225220,7106,372562,California
Contra Costa,2021-03-23,15854,605676,10927,351565,4755,245384,172,8727,9116,149922,6709,231929,9289,381851,California
Contra Costa,2021-03-24,15193,620869,11861,363426,3117,248501,215,8942,9179,153337,5981,237910,9396,391247,California
Contra Costa,2021-03-25,15550,636419,12144,375570,3114,251615,292,9234,9489,157090,6024,243934,9777,401024,California
Contra Costa,2021-03-26,15237,651656,10958,386528,3873,255488,406,9640,8733,159748,6476,250410,9134,410158,California
Contra Costa,2021-03-27,10696,662352,6967,393495,3211,258699,518,10158,5683,160940,5002,255412,6194,416352,California
Contra Costa,2021-03-28,4304,666656,3064,396559,1185,259884,55,10213,1649,160000,2644,258056,1704,418056,California
Contra Costa,2021-03-29,11050,677706,8620,405179,2312,262196,118,10331,7010,163108,4023,262079,7131,425187,California
Contra Costa,2021-03-30,17002,694708,9315,414494,6325,268521,1362,11693,10489,168461,6493,268572,11846,437033,California
Contra Costa,2021-03-31,18265,712973,12823,427317,3991,272512,1451,13144,11510,174705,6710,275282,12954,449987,California
Contra Costa,2021-04-01,17807,730780,12472,439789,3937,276449,1398,14542,11547,181417,6229,281511,12941,462928,California
Contra Costa,2021-04-02,17698,748478,13034,452823,3634,280083,1030,15572,11724,188206,5961,287472,12750,475678,California
Contra Costa,2021-04-03,10988,759466,6559,459382,2867,282950,1562,17134,6278,191346,4695,292167,7835,483513,California
Contra Costa,2021-04-04,3400,762866,1337,460719,1460,284410,603,17737,855,190265,2537,294704,1456,484969,California
Contra Costa,2021-04-05,12248,775114,7976,468695,3284,287694,988,18725,6633,192286,5600,300304,7621,492590,California
Contra Costa,2021-04-06,17498,792612,12128,480823,3069,290763,2301,21026,9798,196703,7679,307983,12096,504686,California
Contra Costa,2021-04-07,18749,811361,12709,493532,3207,293970,2833,23859,10625,202092,8102,316085,13491,518177,California
Contra Costa,2021-04-08,18886,830247,12592,506124,3356,297326,2938,26797,10119,206399,8740,324825,13047,531224,California
Contra Costa,2021-04-09,19057,849304,12148,518272,4390,301716,2519,29316,10194,210271,8832,333657,12704,543928,California
Contra Costa,2021-04-10,10680,859984,3845,522117,2216,303932,4619,33935,3319,210853,7344,341001,7926,551854,California
Contra Costa,2021-04-11,3409,863393,2027,524144,712,304644,670,34605,1140,210399,2263,343264,1809,553663,California
Contra Costa,2021-04-12,12109,875502,7987,532131,3040,307684,1082,35687,5682,210760,6408,349672,6769,560432,California
Contra Costa,2021-04-13,18033,893535,11077,543208,6949,314633,7,35694,12021,216808,5985,355657,12033,572465,California
Contra Costa,2021-04-14,17891,911426,11244,554452,6646,321279,1,35695,9937,218822,7928,363585,9942,582407,California
Contra Costa,2021-04-15,17681,929107,10865,565317,6815,328094,1,35696,8183,217559,9469,373054,8206,590613,California
Contra Costa,2021-04-16,16974,946081,10592,575909,6381,334475,1,35697,7596,215808,9355,382409,7604,598217,California
Contra Costa,2021-04-17,11532,957613,6357,582266,5175,339650,0,35697,6169,216637,5347,387756,6176,604393,California
Contra Costa,2021-04-18,2794,960407,2149,584415,645,340295,0,35697,1796,217444,989,388745,1796,606189,California
Contra Costa,2021-04-19,11484,971891,8572,592987,2912,343207,0,35697,3589,213169,7867,396612,3592,609781,California
Contra Costa,2021-04-20,16807,988698,10919,603906,5888,349095,0,35697,6268,208933,10509,407121,6273,616054,California
Contra Costa,2021-04-21,17486,1006184,14263,618169,3222,352317,1,35698,6196,203887,11250,418371,6204,622258,California
Contra Costa,2021-04-22,17316,1023500,14033,632202,3281,355598,2,35700,6102,198821,11179,429550,6113,628371,California
Contra Costa,2021-04-23,17146,1040646,13628,645830,3518,359116,0,35700,5521,192763,11587,441137,5529,633900,California
Contra Costa,2021-04-24,11049,1051695,8515,654345,2533,361649,1,35701,4230,190200,6797,447934,4234,638134,California
Contra Costa,2021-04-25,3308,1055003,2218,656563,1088,362737,2,35703,2083,191065,1223,449157,2088,640222,California
Contra Costa,2021-04-26,10078,1065081,8405,664968,1649,364386,24,35727,3030,187102,7030,456187,3067,643289,California
Contra Costa,2021-04-27,14765,1079846,10764,675732,3823,368209,178,35905,4021,180593,10719,466906,4210,647499,California
Contra Costa,2021-04-28,14327,1094173,11157,686889,2882,371091,288,36193,3839,174274,10453,477359,4134,651633,California
Contra Costa,2021-04-29,13522,1107695,10468,697357,2883,373974,171,36364,3223,167403,10270,487629,3399,655032,California
Contra Costa,2021-04-30,13810,1121505,10888,708245,2662,376636,260,36624,3120,160126,10661,498290,3384,658416,California
Contra Costa,2021-05-01,8096,1129601,5886,714131,1885,378521,325,36949,1923,156228,6146,504436,2248,660664,California
Contra Costa,2021-05-02,2357,1131958,1596,715727,679,379200,82,37031,988,155940,1358,505794,1070,661734,California
Contra Costa,2021-05-03,9160,1141118,8054,723781,928,380128,178,37209,1926,150828,7219,513013,2107,663841,California
Contra Costa,2021-05-04,14174,1155292,12237,736018,1608,381736,329,37538,2285,141580,11862,524875,2614,666455,California
Contra Costa,2021-05-05,12601,1167893,10872,746890,1528,383264,201,37739,2412,134033,10161,535036,2614,669069,California
Contra Costa,2021-05-06,10349,1178242,8596,755486,1417,384681,336,38075,1940,127933,8385,543421,2285,671354,California
Contra Costa,2021-05-07,9697,1187939,7796,763282,1676,386357,225,38300,2222,122935,7441,550862,2443,673797,California
Contra Costa,2021-05-08,5342,1193281,4021,767303,1151,387508,170,38470,1251,120285,4075,554937,1425,675222,California
Contra Costa,2021-05-09,2126,1195407,1793,769096,274,387782,59,38529,459,119142,1662,556599,519,675741,California
Contra Costa,2021-05-10,4945,1200352,3960,773056,766,388548,219,38748,1335,117106,3588,560187,1552,677293,California
Contra Costa,2021-05-11,8816,1209168,4594,777650,3984,392532,238,38986,1745,112044,7051,567238,1989,679282,California
Contra Costa,2021-05-12,9303,1218471,4788,782438,4250,396782,265,39251,1671,106381,7605,574843,1942,681224,California
Contra Costa,2021-05-13,11761,1230232,7834,790272,3740,400522,187,39438,4217,103271,7517,582360,4407,685631,California
Contra Costa,2021-05-14,12198,1242430,8132,798404,3786,404308,280,39718,5042,101460,7132,589492,5321,690952,California
Contra Costa,2021-05-15,10025,1252455,7275,805679,2630,406938,120,39838,4413,100397,5598,595090,4535,695487,California
Contra Costa,2021-05-16,2443,1254898,2138,807817,259,407197,46,39884,1093,100191,1344,596434,1138,696625,California
Contra Costa,2021-05-17,7053,1261951,5692,813509,1189,408386,172,40056,3542,100415,3492,599926,3716,700341,California
Contra Costa,2021-05-18,10262,1272213,7022,820531,3021,411407,219,40275,4473,99352,5759,605685,4696,705037,California
Contra Costa,2021-05-19,8486,1280699,6868,827399,1425,412832,193,40468,3847,98775,4620,610305,4043,709080,California
Contra Costa,2021-05-20,7146,1287845,5641,833040,1320,414152,185,40653,3348,98537,3772,614077,3534,712614,California
Contra Costa,2021-05-21,7082,1294927,5418,838458,1451,415603,213,40866,3249,98189,3807,617884,3459,716073,California
Contra Costa,2021-05-22,5044,1299971,3972,842430,891,416494,181,41047,2418,98184,2605,620489,2600,718673,California
Contra Costa,2021-05-23,1214,1301185,791,843221,367,416861,56,41103,592,98216,615,621104,647,719320,California
Contra Costa,2021-05-24,4646,1305831,3847,847068,622,417483,177,41280,2180,98119,2456,623560,2359,721679,California
Contra Costa,2021-05-25,6267,1312098,5098,852166,917,418400,252,41532,2640,97401,3610,627170,2892,724571,California
Contra Costa,2021-05-26,5598,1317696,3594,855760,1819,420219,185,41717,1927,95863,3650,630820,2112,726683,California
Contra Costa,2021-05-27,3807,1321503,2688,858448,942,421161,177,41894,1629,95501,2163,632983,1801,728484,California
Contra Costa,2021-05-28,5364,1326867,3747,862195,1443,422604,174,42068,2245,94820,3098,636081,2417,730901,California
Contra Costa,2021-05-29,3249,1330116,2101,864296,1031,423635,117,42185,1623,94944,1616,637697,1740,732641,California
Contra Costa,2021-05-30,926,1331042,585,864881,313,423948,28,42213,360,94768,564,638261,388,733029,California
Contra Costa,2021-05-31,391,1331433,269,865150,110,424058,12,42225,129,94648,260,638521,140,733169,California
Contra Costa,2021-06-01,4795,1336228,3572,868722,1080,425138,143,42368,1716,93444,3063,641584,1859,735028,California
Contra Costa,2021-06-02,3425,1339653,2423,871145,856,425994,146,42514,1399,92972,2016,643600,1544,736572,California
Contra Costa,2021-06-03,5428,1345081,4529,875674,784,426778,115,42629,1456,90578,3965,647565,1571,738143,California
Contra Costa,2021-06-04,6387,1351468,5362,881036,887,427665,138,42767,1618,87578,4753,652318,1753,739896,California
Contra Costa,2021-06-05,5164,1356632,4375,885411,677,428342,112,42879,1110,84756,4042,656360,1220,741116,California
Contra Costa,2021-06-06,1347,1357979,1176,886587,142,428484,29,42908,380,84203,962,657322,409,741525,California
Contra Costa,2021-06-07,4933,1362912,4340,890927,493,428977,100,43008,1409,82200,3513,660835,1510,743035,California
Contra Costa,2021-06-08,6040,1368952,5225,896152,694,429671,121,43129,1418,79131,4609,665444,1540,744575,California
Contra Costa,2021-06-09,4101,1373053,3549,899701,423,430094,129,43258,1049,77269,3041,668485,1179,745754,California
Contra Costa,2021-06-10,3806,1376859,3223,902924,435,430529,148,43406,1005,75635,2787,671272,1153,746907,California
Contra Costa,2021-06-11,3258,1380117,2769,905693,362,430891,127,43533,787,74083,2465,673737,913,747820,California
Del Norte,2020-12-21,22,22,22,22,0,0,0,0,22,22,0,0,22,22,California
Del Norte,2020-12-22,45,67,45,67,0,0,0,0,45,67,0,0,45,67,California
Del Norte,2020-12-23,59,126,48,115,11,11,0,0,57,124,0,0,57,124,California
Del Norte,2020-12-28,34,160,34,149,0,11,0,0,34,158,0,0,34,158,California
Del Norte,2020-12-29,4,164,4,153,0,11,0,0,4,162,0,0,4,162,California
Del Norte,2020-12-30,68,232,56,209,12,23,0,0,68,230,0,0,68,230,California
Del Norte,2020-12-31,16,248,13,222,3,26,0,0,16,246,0,0,16,246,California
Del Norte,2021-01-04,102,350,49,271,53,79,0,0,102,348,0,0,102,348,California
Del Norte,2021-01-05,31,381,0,271,31,110,0,0,31,379,0,0,31,379,California
Del Norte,2021-01-06,77,458,18,289,59,169,0,0,77,456,0,0,77,456,California
Del Norte,2021-01-07,21,479,1,290,20,189,0,0,21,477,0,0,21,477,California
Del Norte,2021-01-08,78,557,7,297,71,260,0,0,78,555,0,0,78,555,California
Del Norte,2021-01-11,39,596,20,317,19,279,0,0,18,553,21,21,19,574,California
Del Norte,2021-01-12,50,646,31,348,19,298,0,0,30,563,20,41,30,604,California
Del Norte,2021-01-13,84,730,40,388,44,342,0,0,51,581,33,74,51,655,California
Del Norte,2021-01-14,53,783,14,402,39,381,0,0,47,622,6,80,47,702,California
Del Norte,2021-01-15,107,890,18,420,89,470,0,0,95,705,12,92,95,797,California
Del Norte,2021-01-17,1,891,1,421,0,470,0,0,1,706,0,92,1,798,California
Del Norte,2021-01-18,2,893,0,421,2,472,0,0,2,708,0,92,2,800,California
Del Norte,2021-01-19,119,1012,56,477,63,535,0,0,77,743,42,134,77,877,California
Del Norte,2021-01-20,159,1171,84,561,75,610,0,0,96,776,63,197,96,973,California
Del Norte,2021-01-21,43,1214,40,601,3,613,0,0,32,797,11,208,32,1005,California
Del Norte,2021-01-22,19,1233,17,618,2,615,0,0,12,802,7,215,12,1017,California
Del Norte,2021-01-23,1,1234,0,618,1,616,0,0,1,803,0,215,1,1018,California
Del Norte,2021-01-24,1,1235,0,618,1,617,0,0,1,804,0,215,1,1019,California
Del Norte,2021-01-25,100,1335,82,700,18,635,0,0,56,816,44,259,56,1075,California
Del Norte,2021-01-26,18,1353,11,711,7,642,0,0,7,812,11,270,7,1082,California
Del Norte,2021-01-27,64,1417,21,732,43,685,0,0,61,870,3,273,61,1143,California
Del Norte,2021-01-28,293,1710,20,752,273,958,0,0,288,1153,5,278,288,1431,California
Del Norte,2021-01-29,61,1771,21,773,40,998,0,0,43,1178,18,296,43,1474,California
Del Norte,2021-01-30,8,1779,1,774,7,1005,0,0,8,1186,0,296,8,1482,California
Del Norte,2021-02-01,40,1819,1,775,39,1044,0,0,25,1196,15,311,25,1507,California
Del Norte,2021-02-02,140,1959,34,809,106,1150,0,0,73,1203,66,377,73,1580,California
Del Norte,2021-02-03,129,2088,42,851,87,1237,0,0,74,1222,55,432,74,1654,California
Del Norte,2021-02-04,69,2157,27,878,42,1279,0,0,40,1233,29,461,40,1694,California
Del Norte,2021-02-05,184,2341,22,900,162,1441,0,0,118,1286,65,526,118,1812,California
Del Norte,2021-02-06,309,2650,3,903,306,1747,0,0,309,1595,0,526,309,2121,California
Del Norte,2021-02-08,36,2686,1,904,35,1782,0,0,32,1623,4,530,32,2153,California
Del Norte,2021-02-09,8,2694,5,909,3,1785,0,0,2,1619,6,536,2,2155,California
Del Norte,2021-02-10,142,2836,20,929,122,1907,0,0,86,1650,55,591,86,2241,California
Del Norte,2021-02-11,176,3012,58,987,118,2025,0,0,63,1600,113,704,63,2304,California
Del Norte,2021-02-12,121,3133,14,1001,107,2132,0,0,67,1613,54,758,67,2371,California
Del Norte,2021-02-13,2,3135,1,1002,1,2133,0,0,2,1615,0,758,2,2373,California
Del Norte,2021-02-14,3,3138,1,1003,2,2135,0,0,2,1616,1,759,2,2375,California
Del Norte,2021-02-15,5,3143,0,1003,5,2140,0,0,3,1617,2,761,3,2378,California
Del Norte,2021-02-16,132,3275,1,1004,131,2271,0,0,13,1511,119,880,13,2391,California
Del Norte,2021-02-17,92,3367,19,1023,73,2344,0,0,24,1468,67,947,24,2415,California
Del Norte,2021-02-18,77,3444,24,1047,53,2397,0,0,51,1493,26,973,51,2466,California
Del Norte,2021-02-19,43,3487,17,1064,26,2423,0,0,33,1516,10,983,33,2499,California
Del Norte,2021-02-20,8,3495,5,1069,3,2426,0,0,6,1520,2,985,6,2505,California
Del Norte,2021-02-22,2,3497,0,1069,2,2428,0,0,2,1522,0,985,2,2507,California
Del Norte,2021-02-23,105,3602,88,1157,17,2445,0,0,29,1476,76,1061,30,2537,California
Del Norte,2021-02-24,155,3757,100,1257,55,2500,0,0,80,1481,75,1136,80,2617,California
Del Norte,2021-02-25,478,4235,131,1388,347,2847,0,0,213,1431,263,1399,213,2830,California
Del Norte,2021-02-26,212,4447,175,1563,37,2884,0,0,166,1551,46,1445,166,2996,California
Del Norte,2021-02-27,148,4595,142,1705,5,2889,1,1,141,1686,7,1452,142,3138,California
Del Norte,2021-02-28,3,4598,0,1705,3,2892,0,1,3,1689,0,1452,3,3141,California
Del Norte,2021-03-01,27,4625,2,1707,25,2917,0,1,4,1671,22,1474,4,3145,California
Del Norte,2021-03-02,222,4847,142,1849,80,2997,0,1,188,1825,34,1508,188,3333,California
Del Norte,2021-03-03,168,5015,99,1948,69,3066,0,1,126,1909,42,1550,126,3459,California
Del Norte,2021-03-04,119,5134,82,2030,37,3103,0,1,91,1973,27,1577,91,3550,California
Del Norte,2021-03-05,122,5256,11,2041,111,3214,0,1,74,1999,48,1625,74,3624,California
Del Norte,2021-03-06,464,5720,77,2118,338,3552,49,50,163,1868,301,1926,170,3794,California
Del Norte,2021-03-07,1,5721,1,2119,0,3552,0,50,1,1869,0,1926,1,3795,California
Del Norte,2021-03-08,30,5751,0,2119,28,3580,2,52,6,1854,23,1949,8,3803,California
Del Norte,2021-03-09,194,5945,113,2232,78,3658,3,55,183,2029,11,1960,186,3989,California
Del Norte,2021-03-10,233,6178,95,2327,110,3768,28,83,134,2092,99,2059,162,4151,California
Del Norte,2021-03-11,150,6328,55,2382,90,3858,5,88,102,2151,48,2107,107,4258,California
Del Norte,2021-03-12,178,6506,89,2471,89,3947,0,88,125,2223,53,2160,125,4383,California
Del Norte,2021-03-13,94,6600,93,2564,1,3948,0,88,91,2311,3,2163,91,4474,California
Del Norte,2021-03-14,1,6601,0,2564,1,3949,0,88,0,2310,1,2164,0,4474,California
Del Norte,2021-03-15,38,6639,0,2564,38,3987,0,88,34,2340,4,2168,34,4508,California
Del Norte,2021-03-16,279,6918,134,2698,145,4132,0,88,259,2579,20,2188,259,4767,California
Del Norte,2021-03-17,284,7202,95,2793,187,4319,2,90,170,2637,114,2302,172,4939,California
Del Norte,2021-03-18,285,7487,107,2900,175,4494,3,93,149,2654,135,2437,152,5091,California
Del Norte,2021-03-19,266,7753,158,3058,102,4596,6,99,91,2576,175,2612,97,5188,California
Del Norte,2021-03-20,157,7910,154,3212,3,4599,0,99,15,2449,142,2754,15,5203,California
Del Norte,2021-03-21,4,7914,2,3214,2,4601,0,99,2,2449,2,2756,2,5205,California
Del Norte,2021-03-22,42,7956,2,3216,39,4640,1,100,38,2485,3,2759,39,5244,California
Del Norte,2021-03-23,333,8289,164,3380,151,4791,18,118,163,2497,168,2927,180,5424,California
Del Norte,2021-03-24,395,8684,106,3486,249,5040,40,158,234,2610,161,3088,274,5698,California
Del Norte,2021-03-25,192,8876,88,3574,104,5144,0,158,84,2587,107,3195,84,5782,California
Del Norte,2021-03-26,232,9108,113,3687,119,5263,0,158,195,2745,37,3232,195,5977,California
Del Norte,2021-03-27,107,9215,86,3773,4,5267,17,175,17,2689,90,3322,34,6011,California
Del Norte,2021-03-28,4,9219,2,3775,2,5269,0,175,1,2687,3,3325,1,6012,California
Del Norte,2021-03-29,57,9276,6,3781,34,5303,17,192,32,2711,25,3350,49,6061,California
Del Norte,2021-03-30,338,9614,119,3900,208,5511,11,203,126,2636,212,3562,137,6198,California
Del Norte,2021-03-31,355,9969,100,4000,238,5749,17,220,199,2698,154,3716,216,6414,California
Del Norte,2021-04-01,164,10133,58,4058,72,5821,34,254,69,2707,94,3810,103,6517,California
Del Norte,2021-04-02,233,10366,79,4137,105,5926,49,303,49,2622,184,3994,99,6616,California
Del Norte,2021-04-03,108,10474,83,4220,2,5928,23,326,5,2548,102,4096,28,6644,California
Del Norte,2021-04-04,4,10478,0,4220,0,5928,4,330,0,2548,4,4100,4,6648,California
Del Norte,2021-04-05,46,10524,4,4224,38,5966,4,334,40,2586,6,4106,44,6692,California
Del Norte,2021-04-06,380,10904,120,4344,223,6189,37,371,146,2540,230,4336,184,6876,California
Del Norte,2021-04-07,437,11341,115,4459,261,6450,61,432,290,2745,147,4483,352,7228,California
Del Norte,2021-04-08,229,11570,54,4513,106,6556,69,501,105,2795,124,4607,174,7402,California
Del Norte,2021-04-09,207,11777,47,4560,83,6639,77,578,100,2864,106,4713,175,7577,California
Del Norte,2021-04-10,47,11824,26,4586,4,6643,17,595,27,2888,20,4733,44,7621,California
Del Norte,2021-04-11,10,11834,3,4589,0,6643,7,602,1,2887,9,4742,8,7629,California
Del Norte,2021-04-12,27,11861,1,4590,9,6652,17,619,1,2880,25,4767,18,7647,California
Del Norte,2021-04-13,296,12157,49,4639,247,6899,0,619,155,2894,141,4908,155,7802,California
Del Norte,2021-04-14,330,12487,23,4662,307,7206,0,619,139,2847,191,5099,144,7946,California
Del Norte,2021-04-15,164,12651,31,4693,133,7339,0,619,45,2774,119,5218,46,7992,California
Del Norte,2021-04-16,162,12813,40,4733,122,7461,0,619,60,2733,102,5320,61,8053,California
Del Norte,2021-04-17,106,12919,74,4807,32,7493,0,619,100,2827,6,5326,100,8153,California
Del Norte,2021-04-18,5,12924,4,4811,1,7494,0,619,4,2830,1,5327,4,8157,California
Del Norte,2021-04-19,50,12974,6,4817,44,7538,0,619,8,2796,42,5369,8,8165,California
Del Norte,2021-04-20,206,13180,40,4857,166,7704,0,619,72,2734,134,5503,72,8237,California
Del Norte,2021-04-21,290,13470,24,4881,266,7970,0,619,66,2579,224,5727,69,8306,California
Del Norte,2021-04-22,114,13584,15,4896,99,8069,0,619,62,2589,52,5779,62,8368,California
Del Norte,2021-04-23,150,13734,22,4918,128,8197,0,619,39,2517,111,5890,39,8407,California
Del Norte,2021-04-24,26,13760,15,4933,11,8208,0,619,21,2533,5,5895,21,8428,California
Del Norte,2021-04-25,2,13762,0,4933,2,8210,0,619,2,2535,0,5895,2,8430,California
Del Norte,2021-04-26,31,13793,0,4933,31,8241,0,619,9,2522,22,5917,9,8439,California
Del Norte,2021-04-27,181,13974,21,4954,155,8396,5,624,51,2448,130,6047,56,8495,California
Del Norte,2021-04-28,351,14325,100,5054,246,8642,5,629,63,2230,287,6334,69,8564,California
Del Norte,2021-04-29,93,14418,6,5060,83,8725,4,633,26,2193,67,6401,30,8594,California
Del Norte,2021-04-30,86,14504,7,5067,69,8794,10,643,46,2209,40,6441,56,8650,California
Del Norte,2021-05-01,7,14511,2,5069,5,8799,0,643,5,2212,2,6443,5,8655,California
Del Norte,2021-05-02,8,14519,0,5069,8,8807,0,643,8,2220,0,6443,8,8663,California
Del Norte,2021-05-03,40,14559,3,5072,34,8841,3,646,2,2188,37,6480,5,8668,California
Del Norte,2021-05-04,222,14781,36,5108,181,9022,5,651,47,2065,175,6655,52,8720,California
Del Norte,2021-05-05,234,15015,20,5128,206,9228,8,659,59,1957,175,6830,67,8787,California
Del Norte,2021-05-06,112,15127,26,5154,73,9301,13,672,26,1910,86,6916,39,8826,California
Del Norte,2021-05-07,151,15278,28,5182,119,9420,4,676,31,1825,120,7036,35,8861,California
Del Norte,2021-05-08,64,15342,55,5237,7,9427,2,678,6,1775,58,7094,8,8869,California
Del Norte,2021-05-09,9,15351,4,5241,2,9429,3,681,2,1773,7,7101,5,8874,California
Del Norte,2021-05-10,24,15375,3,5244,17,9446,4,685,14,1781,10,7111,18,8892,California
Del Norte,2021-05-11,171,15546,49,5293,120,9566,2,687,34,1680,137,7248,36,8928,California
Del Norte,2021-05-12,150,15696,24,5317,116,9682,10,697,27,1595,122,7370,37,8965,California
Del Norte,2021-05-13,67,15763,29,5346,37,9719,1,698,37,1603,30,7400,38,9003,California
Del Norte,2021-05-14,75,15838,25,5371,49,9768,1,699,40,1609,35,7435,41,9044,California
Del Norte,2021-05-15,83,15921,54,5425,29,9797,0,699,53,1632,30,7465,53,9097,California
Del Norte,2021-05-16,11,15932,0,5425,11,9808,0,699,11,1643,0,7465,11,9108,California
Del Norte,2021-05-17,26,15958,3,5428,20,9828,3,702,15,1650,11,7476,18,9126,California
Del Norte,2021-05-18,126,16084,69,5497,57,9885,0,702,80,1684,46,7522,80,9206,California
Del Norte,2021-05-19,97,16181,14,5511,66,9951,17,719,39,1681,58,7580,55,9261,California
Del Norte,2021-05-20,97,16278,30,5541,64,10015,3,722,38,1664,58,7638,41,9302,California
Del Norte,2021-05-21,81,16359,33,5574,45,10060,3,725,44,1674,37,7675,47,9349,California
Del Norte,2021-05-22,23,16382,8,5582,15,10075,0,725,11,1673,12,7687,11,9360,California
Del Norte,2021-05-23,14,16396,5,5587,9,10084,0,725,7,1673,7,7694,7,9367,California
Del Norte,2021-05-24,26,16422,10,5597,16,10100,0,725,17,1681,9,7703,17,9384,California
Del Norte,2021-05-25,43,16465,5,5602,32,10132,6,731,14,1674,27,7730,20,9404,California
Del Norte,2021-05-26,115,16580,36,5638,72,10204,7,738,52,1671,62,7792,59,9463,California
Del Norte,2021-05-27,72,16652,27,5665,41,10245,4,742,34,1671,38,7830,38,9501,California
Del Norte,2021-05-28,50,16702,6,5671,36,10281,8,750,7,1643,43,7873,15,9516,California
Del Norte,2021-05-29,8,16710,0,5671,4,10285,4,754,3,1645,5,7878,7,9523,California
Del Norte,2021-05-30,7,16717,1,5672,6,10291,0,754,2,1642,5,7883,2,9525,California
Del Norte,2021-05-31,4,16721,2,5674,2,10293,0,754,3,1644,1,7884,3,9528,California
Del Norte,2021-06-01,52,16773,6,5680,39,10332,7,761,11,1621,41,7925,18,9546,California
Del Norte,2021-06-02,84,16857,11,5691,68,10400,5,766,19,1580,65,7990,24,9570,California
Del Norte,2021-06-03,59,16916,34,5725,23,10423,2,768,26,1575,33,8023,28,9598,California
Del Norte,2021-06-04,68,16984,22,5747,41,10464,5,773,19,1550,49,8072,24,9622,California
Del Norte,2021-06-05,1,16985,0,5747,1,10465,0,773,0,1549,1,8073,0,9622,California
Del Norte,2021-06-06,10,16995,4,5751,4,10469,2,775,7,1555,3,8076,9,9631,California
Del Norte,2021-06-07,40,17035,9,5760,26,10495,5,780,15,1550,25,8101,20,9651,California
Del Norte,2021-06-08,112,17147,81,5841,26,10521,5,785,33,1509,79,8180,38,9689,California
Del Norte,2021-06-09,31,17178,5,5846,24,10545,2,787,11,1502,20,8200,13,9702,California
Del Norte,2021-06-10,47,17225,22,5868,18,10563,7,794,9,1481,37,8237,16,9718,California
Del Norte,2021-06-11,36,17261,18,5886,15,10578,3,797,7,1462,29,8266,10,9728,California
El Dorado,2020-12-15,12,12,12,12,0,0,0,0,12,12,0,0,12,12,California
El Dorado,2020-12-16,40,52,40,52,0,0,0,0,40,52,0,0,40,52,California
El Dorado,2020-12-17,32,84,32,84,0,0,0,0,32,84,0,0,32,84,California
El Dorado,2020-12-18,261,345,261,345,0,0,0,0,261,345,0,0,261,345,California
El Dorado,2020-12-19,120,465,120,465,0,0,0,0,120,465,0,0,120,465,California
El Dorado,2020-12-20,85,550,85,550,0,0,0,0,85,550,0,0,85,550,California
El Dorado,2020-12-21,310,860,309,859,1,1,0,0,310,860,0,0,310,860,California
El Dorado,2020-12-22,243,1103,219,1078,24,25,0,0,243,1103,0,0,243,1103,California
El Dorado,2020-12-23,191,1294,141,1219,50,75,0,0,191,1294,0,0,191,1294,California
El Dorado,2020-12-24,86,1380,65,1284,21,96,0,0,86,1380,0,0,86,1380,California
El Dorado,2020-12-25,8,1388,8,1292,0,96,0,0,8,1388,0,0,8,1388,California
El Dorado,2020-12-26,45,1433,27,1319,18,114,0,0,45,1433,0,0,45,1433,California
El Dorado,2020-12-27,38,1471,34,1353,4,118,0,0,38,1471,0,0,38,1471,California
El Dorado,2020-12-28,215,1686,167,1520,48,166,0,0,215,1686,0,0,215,1686,California
El Dorado,2020-12-29,463,2149,145,1665,318,484,0,0,463,2149,0,0,463,2149,California
El Dorado,2020-12-30,509,2658,139,1804,370,854,0,0,509,2658,0,0,509,2658,California
El Dorado,2020-12-31,110,2768,68,1872,42,896,0,0,110,2768,0,0,110,2768,California
El Dorado,2021-01-01,6,2774,4,1876,2,898,0,0,6,2774,0,0,6,2774,California
El Dorado,2021-01-02,151,2925,139,2015,12,910,0,0,151,2925,0,0,151,2925,California
El Dorado,2021-01-03,93,3018,17,2032,76,986,0,0,93,3018,0,0,93,3018,California
El Dorado,2021-01-04,190,3208,62,2094,128,1114,0,0,190,3208,0,0,190,3208,California
El Dorado,2021-01-05,230,3438,74,2168,156,1270,0,0,213,3404,17,17,213,3421,California
El Dorado,2021-01-06,242,3680,168,2336,74,1344,0,0,176,3515,65,82,176,3597,California
El Dorado,2021-01-07,333,4013,136,2472,197,1541,0,0,257,3696,76,158,257,3854,California
El Dorado,2021-01-08,982,4995,506,2978,476,2017,0,0,764,4242,218,376,764,4618,California
El Dorado,2021-01-09,196,5191,160,3138,36,2053,0,0,124,4294,72,448,124,4742,California
El Dorado,2021-01-10,183,5374,132,3270,51,2104,0,0,111,4334,72,520,112,4854,California
El Dorado,2021-01-11,660,6034,293,3563,367,2471,0,0,459,4594,200,720,460,5314,California
El Dorado,2021-01-12,808,6842,427,3990,381,2852,0,0,557,4900,251,971,557,5871,California
El Dorado,2021-01-13,707,7549,301,4291,406,3258,0,0,541,5276,166,1137,542,6413,California
El Dorado,2021-01-14,801,8350,223,4514,578,3836,0,0,705,5886,96,1233,706,7119,California
El Dorado,2021-01-15,796,9146,186,4700,610,4446,0,0,722,6534,74,1307,722,7841,California
El Dorado,2021-01-16,178,9324,105,4805,73,4519,0,0,151,6658,27,1334,151,7992,California
El Dorado,2021-01-17,105,9429,50,4855,55,4574,0,0,87,6727,18,1352,87,8079,California
El Dorado,2021-01-18,429,9858,146,5001,283,4857,0,0,358,7014,71,1423,358,8437,California
El Dorado,2021-01-19,753,10611,450,5451,303,5160,0,0,601,7464,152,1575,602,9039,California
El Dorado,2021-01-20,1014,11625,688,6139,326,5486,0,0,901,8253,112,1687,901,9940,California
El Dorado,2021-01-21,1271,12896,680,6819,591,6077,0,0,1064,9151,166,1853,1064,11004,California
El Dorado,2021-01-22,1230,14126,831,7650,399,6476,0,0,1175,10272,54,1907,1175,12179,California
El Dorado,2021-01-23,733,14859,610,8260,123,6599,0,0,623,10785,110,2017,623,12802,California
El Dorado,2021-01-24,127,14986,77,8337,50,6649,0,0,107,10872,20,2037,107,12909,California
El Dorado,2021-01-25,702,15688,292,8629,410,7059,0,0,615,11400,87,2124,615,13524,California
El Dorado,2021-01-26,691,16379,376,9005,315,7374,0,0,583,11875,108,2232,583,14107,California
El Dorado,2021-01-27,998,17377,396,9401,602,7976,0,0,658,12192,341,2573,658,14765,California
El Dorado,2021-01-28,1110,18487,454,9855,656,8632,0,0,747,12576,363,2936,747,15512,California
El Dorado,2021-01-29,1052,19539,560,10415,492,9124,0,0,759,13044,292,3228,760,16272,California
El Dorado,2021-01-30,550,20089,295,10710,255,9379,0,0,453,13401,96,3324,453,16725,California
El Dorado,2021-01-31,240,20329,217,10927,23,9402,0,0,186,13534,53,3377,186,16911,California
El Dorado,2021-02-01,797,21126,367,11294,430,9832,0,0,650,14037,147,3524,650,17561,California
El Dorado,2021-02-02,849,21975,371,11665,478,10310,0,0,684,14556,165,3689,684,18245,California
El Dorado,2021-02-03,909,22884,479,12144,430,10740,0,0,697,15041,212,3901,697,18942,California
El Dorado,2021-02-04,1257,24141,708,12852,549,11289,0,0,880,15544,377,4278,880,19822,California
El Dorado,2021-02-05,1495,25636,607,13459,888,12177,0,0,869,15824,589,4867,869,20691,California
El Dorado,2021-02-06,637,26273,334,13793,303,12480,0,0,529,16246,108,4975,530,21221,California
El Dorado,2021-02-07,259,26532,177,13970,82,12562,0,0,192,16371,67,5042,192,21413,California
El Dorado,2021-02-08,889,27421,424,14394,465,13027,0,0,611,16704,278,5320,611,22024,California
El Dorado,2021-02-09,972,28393,546,14940,426,13453,0,0,546,16824,426,5746,546,22570,California
El Dorado,2021-02-10,1267,29660,741,15681,526,13979,0,0,667,16892,599,6345,667,23237,California
El Dorado,2021-02-11,2162,31822,896,16577,1266,15245,0,0,759,16252,1400,7745,760,23997,California
El Dorado,2021-02-12,1575,33397,822,17399,753,15998,0,0,672,16023,902,8647,673,24670,California
El Dorado,2021-02-13,974,34371,663,18062,311,16309,0,0,438,15926,535,9182,438,25108,California
El Dorado,2021-02-14,490,34861,153,18215,337,16646,0,0,399,16234,91,9273,399,25507,California
El Dorado,2021-02-15,1183,36044,384,18599,799,17445,0,0,822,16699,361,9634,826,26333,California
El Dorado,2021-02-16,1213,37257,535,19134,678,18123,0,0,673,16834,539,10173,674,27007,California
El Dorado,2021-02-17,960,38217,424,19558,536,18659,0,0,466,16807,494,10667,467,27474,California
El Dorado,2021-02-18,2103,40320,1029,20587,1074,19733,0,0,1069,16843,1033,11700,1069,28543,California
El Dorado,2021-02-19,1229,41549,658,21245,571,20304,0,0,690,16995,538,12238,690,29233,California
El Dorado,2021-02-20,947,42496,452,21697,495,20799,0,0,680,17413,262,12500,680,29913,California
El Dorado,2021-02-21,290,42786,232,21929,58,20857,0,0,103,17329,187,12687,103,30016,California
El Dorado,2021-02-22,885,43671,441,22370,444,21301,0,0,277,16999,607,13294,277,30293,California
El Dorado,2021-02-23,870,44541,493,22863,377,21678,0,0,354,16839,514,13808,354,30647,California
El Dorado,2021-02-24,1037,45578,448,23311,589,22267,0,0,431,16664,606,14414,431,31078,California
El Dorado,2021-02-25,1928,47506,1160,24471,768,23035,0,0,697,16139,1224,15638,699,31777,California
El Dorado,2021-02-26,2420,49926,1508,25979,912,23947,0,0,1628,16978,789,16427,1628,33405,California
El Dorado,2021-02-27,1708,51634,445,26424,1263,25210,0,0,1259,17791,446,16873,1259,34664,California
El Dorado,2021-02-28,660,52294,225,26649,435,25645,0,0,495,18122,165,17038,496,35160,California
El Dorado,2021-03-01,1165,53459,469,27118,694,26339,2,2,644,18248,520,17558,646,35806,California
El Dorado,2021-03-02,938,54397,275,27393,662,27001,1,3,494,18301,442,18000,495,36301,California
El Dorado,2021-03-03,1711,56108,471,27864,1240,28241,0,3,1165,18929,539,18539,1167,37468,California
El Dorado,2021-03-04,2539,58647,1562,29426,977,29218,0,3,1209,18811,1327,19866,1209,38677,California
El Dorado,2021-03-05,1597,60244,434,29860,1158,30376,5,8,1058,19341,533,20399,1063,39740,California
El Dorado,2021-03-06,746,60990,219,30079,494,30870,33,41,396,19421,349,20748,429,40169,California
El Dorado,2021-03-07,413,61403,200,30279,195,31065,18,59,253,19534,158,20906,271,40440,California
El Dorado,2021-03-08,1345,62748,371,30650,901,31966,73,132,872,20008,470,21376,944,41384,California
El Dorado,2021-03-09,993,63741,231,30881,693,32659,69,201,589,20277,389,21765,658,42042,California
El Dorado,2021-03-10,963,64704,348,31229,558,33217,57,258,555,20486,402,22167,611,42653,California
El Dorado,2021-03-11,3043,67747,1846,33075,1010,34227,187,445,1291,20232,1730,23897,1476,44129,California
El Dorado,2021-03-12,1808,69555,629,33704,928,35155,251,696,750,20193,1040,24937,1001,45130,California
El Dorado,2021-03-13,1076,70631,352,34056,440,35595,284,980,372,20146,700,25637,653,45783,California
El Dorado,2021-03-14,796,71427,202,34258,483,36078,111,1091,276,20013,520,26157,387,46170,California
El Dorado,2021-03-15,1417,72844,304,34562,982,37060,131,1222,616,19964,797,26954,748,46918,California
El Dorado,2021-03-16,1236,74080,423,34985,668,37728,145,1367,568,20014,663,27617,713,47631,California
El Dorado,2021-03-17,1138,75218,364,35349,673,38401,101,1468,734,20446,403,28020,835,48466,California
El Dorado,2021-03-18,3027,78245,1790,37139,1194,39595,43,1511,1995,21460,1024,29044,2038,50504,California
El Dorado,2021-03-19,1121,79366,360,37499,608,40203,153,1664,624,21739,497,29541,776,51280,California
El Dorado,2021-03-20,958,80324,266,37765,676,40879,16,1680,376,21561,570,30111,392,51672,California
El Dorado,2021-03-21,1042,81366,424,38189,613,41492,5,1685,929,22384,111,30222,934,52606,California
El Dorado,2021-03-22,1510,82876,487,38676,941,42433,82,1767,1188,23337,317,30539,1270,53876,California
El Dorado,2021-03-23,1159,84035,458,39134,605,43038,96,1863,738,23762,409,30948,834,54710,California
El Dorado,2021-03-24,1467,85502,636,39770,636,43674,195,2058,665,23847,775,31723,860,55570,California
El Dorado,2021-03-25,2527,88029,1696,41466,724,44398,107,2165,1378,24190,1143,32866,1486,57056,California
El Dorado,2021-03-26,1833,89862,704,42170,1016,45414,113,2278,928,24349,882,33748,1041,58097,California
El Dorado,2021-03-27,1340,91202,189,42359,1147,46561,4,2282,317,23653,1017,34765,321,58418,California
El Dorado,2021-03-28,643,91845,187,42546,445,47006,11,2293,166,23357,473,35238,177,58595,California
El Dorado,2021-03-29,1326,93171,435,42981,875,47881,16,2309,827,23704,496,35734,843,59438,California
El Dorado,2021-03-30,1379,94550,422,43403,860,48741,97,2406,686,23800,685,36419,781,60219,California
El Dorado,2021-03-31,1568,96118,582,43985,918,49659,68,2474,690,23680,876,37295,756,60975,California
El Dorado,2021-04-01,3247,99365,1773,45758,1391,51050,83,2557,1542,23604,1702,38997,1626,62601,California
El Dorado,2021-04-02,1905,101270,568,46326,1240,52290,97,2654,749,23300,1150,40147,846,63447,California
El Dorado,2021-04-03,756,102026,301,46627,335,52625,120,2774,231,23129,522,40669,351,63798,California
El Dorado,2021-04-04,273,102299,83,46710,143,52768,47,2821,97,23098,175,40844,144,63942,California
El Dorado,2021-04-05,1427,103726,424,47134,910,53678,93,2914,590,22949,831,41675,682,64624,California
El Dorado,2021-04-06,1427,105153,533,47667,674,54352,220,3134,455,22653,968,42643,672,65296,California
El Dorado,2021-04-07,1610,106763,570,48237,588,54940,452,3586,564,22623,1043,43686,1013,66309,California
El Dorado,2021-04-08,2710,109473,1747,49984,725,55665,238,3824,1122,22402,1580,45266,1359,67668,California
El Dorado,2021-04-09,1443,110916,454,50438,769,56434,220,4044,573,22326,867,46133,791,68459,California
El Dorado,2021-04-10,824,111740,225,50663,489,56923,110,4154,478,22570,343,46476,587,69046,California
El Dorado,2021-04-11,706,112446,455,51118,235,57158,16,4170,208,22297,497,46973,224,69270,California
El Dorado,2021-04-12,1297,113743,505,51623,642,57800,150,4320,567,22291,722,47695,716,69986,California
El Dorado,2021-04-13,1129,114872,617,52240,512,58312,0,4320,513,22192,612,48307,513,70499,California
El Dorado,2021-04-14,1099,115971,469,52709,629,58941,1,4321,390,21887,696,49003,391,70890,California
El Dorado,2021-04-15,2507,118478,1689,54398,818,59759,0,4321,952,21290,1552,50555,955,71845,California
El Dorado,2021-04-16,1477,119955,525,54923,952,60711,0,4321,608,21034,865,51420,609,72454,California
El Dorado,2021-04-17,811,120766,204,55127,607,61318,0,4321,498,21222,310,51730,498,72952,California
El Dorado,2021-04-18,1030,121796,88,55215,942,62260,0,4321,407,21007,622,52352,407,73359,California
El Dorado,2021-04-19,1724,123520,438,55653,1286,63546,0,4321,690,20669,1028,53380,690,74049,California
El Dorado,2021-04-20,1110,124630,364,56017,746,64292,0,4321,456,20476,650,54030,457,74506,California
El Dorado,2021-04-21,1157,125787,461,56478,692,64984,4,4325,591,20510,558,54588,592,75098,California
El Dorado,2021-04-22,2558,128345,1687,58165,871,65855,0,4325,1065,20085,1490,56078,1065,76163,California
El Dorado,2021-04-23,1414,129759,505,58670,909,66764,0,4325,725,20125,686,56764,726,76889,California
El Dorado,2021-04-24,972,130731,521,59191,451,67215,0,4325,735,20625,235,56999,735,77624,California
El Dorado,2021-04-25,656,131387,450,59641,206,67421,0,4325,470,20909,186,57185,470,78094,California
El Dorado,2021-04-26,1196,132583,483,60124,696,68117,17,4342,561,20854,632,57817,577,78671,California
El Dorado,2021-04-27,1125,133708,419,60543,668,68785,38,4380,500,20774,618,58435,538,79209,California
El Dorado,2021-04-28,1069,134777,357,60900,672,69457,40,4420,435,20616,633,59068,475,79684,California
El Dorado,2021-04-29,1985,136762,1361,62261,592,70049,32,4452,589,19844,1393,60461,621,80305,California
El Dorado,2021-04-30,2130,138892,1343,63604,746,70795,41,4493,1367,20500,751,61212,1407,81712,California
El Dorado,2021-05-01,617,139509,282,63886,307,71102,28,4521,277,20472,333,61545,305,82017,California
El Dorado,2021-05-02,303,139812,216,64102,58,71160,29,4550,101,20402,199,61744,129,82146,California
El Dorado,2021-05-03,824,140636,400,64502,373,71533,51,4601,276,20186,544,62288,328,82474,California
El Dorado,2021-05-04,885,141521,436,64938,389,71922,60,4661,313,19991,568,62856,373,82847,California
El Dorado,2021-05-05,878,142399,434,65372,370,72292,74,4735,419,20027,457,63313,493,83340,California
El Dorado,2021-05-06,1116,143515,485,65857,583,72875,48,4783,475,19911,635,63948,519,83859,California
El Dorado,2021-05-07,982,144497,379,66236,545,73420,58,4841,398,19782,584,64532,455,84314,California
El Dorado,2021-05-08,491,144988,154,66390,300,73720,37,4878,186,19702,303,64835,223,84537,California
El Dorado,2021-05-09,221,145209,82,66472,112,73832,27,4905,103,19715,117,64952,130,84667,California
El Dorado,2021-05-10,827,146036,273,66745,496,74328,58,4963,243,19439,575,65527,299,84966,California
El Dorado,2021-05-11,682,146718,296,67041,323,74651,63,5026,293,19410,386,65913,357,85323,California
El Dorado,2021-05-12,646,147364,339,67380,265,74916,42,5068,274,19355,372,66285,317,85640,California
El Dorado,2021-05-13,1255,148619,793,68173,422,75338,40,5108,474,19093,775,67060,513,86153,California
El Dorado,2021-05-14,1412,150031,818,68991,510,75848,84,5192,681,19132,726,67786,765,86918,California
El Dorado,2021-05-15,903,150934,557,69548,289,76137,57,5249,321,18928,582,68368,378,87296,California
El Dorado,2021-05-16,662,151596,461,70009,175,76312,26,5275,230,18752,432,68800,256,87552,California
El Dorado,2021-05-17,1572,153168,666,70675,857,77169,49,5324,563,18358,1005,69805,611,88163,California
El Dorado,2021-05-18,1022,154190,518,71193,450,77619,54,5378,443,18277,578,70383,497,88660,California
El Dorado,2021-05-19,817,155007,334,71527,430,78049,53,5431,320,18159,490,70873,372,89032,California
El Dorado,2021-05-20,1179,156186,658,72185,448,78497,73,5504,449,17953,727,71600,521,89553,California
El Dorado,2021-05-21,2334,158520,1741,73926,551,79048,42,5546,819,17303,1511,73111,861,90414,California
El Dorado,2021-05-22,702,159222,203,74129,463,79511,36,5582,227,17092,474,73585,263,90677,California
El Dorado,2021-05-23,286,159508,114,74243,143,79654,29,5611,91,17019,193,73778,120,90797,California
El Dorado,2021-05-24,884,160392,454,74697,361,80015,69,5680,313,16832,567,74345,380,91177,California
El Dorado,2021-05-25,604,160996,252,74949,316,80331,36,5716,228,16723,373,74718,264,91441,California
El Dorado,2021-05-26,795,161791,389,75338,382,80713,24,5740,279,16511,515,75233,303,91744,California
El Dorado,2021-05-27,624,162415,247,75585,343,81056,34,5774,318,16558,304,75537,351,92095,California
El Dorado,2021-05-28,728,163143,251,75836,413,81469,64,5838,307,16511,418,75955,371,92466,California
El Dorado,2021-05-29,385,163528,106,75942,263,81732,16,5854,168,16478,217,76172,184,92650,California
El Dorado,2021-05-30,171,163699,100,76042,57,81789,14,5868,83,16487,88,76260,97,92747,California
El Dorado,2021-05-31,35,163734,10,76052,14,81803,11,5879,8,16479,27,76287,19,92766,California
El Dorado,2021-06-01,679,164413,292,76344,349,82152,38,5917,235,16311,441,76728,273,93039,California
El Dorado,2021-06-02,628,165041,300,76644,278,82430,50,5967,262,16258,365,77093,312,93351,California
El Dorado,2021-06-03,730,165771,339,76983,348,82778,43,6010,184,15940,546,77639,228,93579,California
El Dorado,2021-06-04,881,166652,526,77509,321,83099,34,6044,189,15473,690,78329,223,93802,California
El Dorado,2021-06-05,386,167038,222,77731,152,83251,12,6056,84,15268,301,78630,96,93898,California
El Dorado,2021-06-06,277,167315,192,77923,69,83320,16,6072,51,15109,225,78855,66,93964,California
El Dorado,2021-06-07,779,168094,483,78406,256,83576,40,6112,171,14719,601,79456,211,94175,California
El Dorado,2021-06-08,621,168715,380,78786,209,83785,32,6144,126,14384,493,79949,158,94333,California
El Dorado,2021-06-09,205,168920,113,78899,81,83866,11,6155,51,14292,154,80103,62,94395,California
El Dorado,2021-06-10,337,169257,204,79103,119,83985,14,6169,80,14130,256,80359,94,94489,California
El Dorado,2021-06-11,259,169516,154,79257,68,84053,37,6206,43,13995,215,80574,80,94569,California
Fresno,2020-12-15,2,2,2,2,0,0,0,0,2,2,0,0,2,2,California
Fresno,2020-12-16,125,127,125,127,0,0,0,0,125,127,0,0,125,127,California
Fresno,2020-12-17,122,249,122,249,0,0,0,0,122,249,0,0,122,249,California
Fresno,2020-12-18,349,598,349,598,0,0,0,0,349,598,0,0,349,598,California
Fresno,2020-12-19,163,761,163,761,0,0,0,0,163,761,0,0,163,761,California
Fresno,2020-12-20,257,1018,255,1016,2,2,0,0,257,1018,0,0,257,1018,California
Fresno,2020-12-21,924,1942,922,1938,2,4,0,0,954,1972,0,0,954,1972,California
Fresno,2020-12-22,905,2847,874,2812,31,35,0,0,909,2881,0,0,909,2881,California
Fresno,2020-12-23,1085,3932,1045,3857,40,75,0,0,1086,3967,0,0,1086,3967,California
Fresno,2020-12-24,592,4524,566,4423,26,101,0,0,592,4559,0,0,592,4559,California
Fresno,2020-12-25,2,4526,1,4424,1,102,0,0,2,4561,0,0,2,4561,California
Fresno,2020-12-26,724,5250,715,5139,9,111,0,0,724,5285,0,0,724,5285,California
Fresno,2020-12-27,307,5557,208,5347,99,210,0,0,307,5592,0,0,307,5592,California
Fresno,2020-12-28,1095,6652,802,6149,293,503,0,0,1095,6687,0,0,1095,6687,California
Fresno,2020-12-29,1757,8409,994,7143,763,1266,0,0,1755,8441,1,1,1755,8442,California
Fresno,2020-12-30,983,9392,445,7588,538,1804,0,0,983,9424,0,1,983,9425,California
Fresno,2020-12-31,927,10319,310,7898,617,2421,0,0,926,10350,0,1,926,10351,California
Fresno,2021-01-01,10,10329,3,7901,7,2428,0,0,10,10360,0,1,10,10361,California
Fresno,2021-01-02,1028,11357,712,8613,316,2744,0,0,1028,11388,0,1,1028,11389,California
Fresno,2021-01-03,155,11512,129,8742,26,2770,0,0,155,11543,0,1,155,11544,California
Fresno,2021-01-04,624,12136,378,9120,246,3016,0,0,624,12167,0,1,624,12168,California
Fresno,2021-01-05,781,12917,311,9431,470,3486,0,0,707,12800,74,75,707,12875,California
Fresno,2021-01-06,987,13904,347,9778,640,4126,0,0,813,13439,174,249,813,13688,California
Fresno,2021-01-07,1896,15800,917,10695,979,5105,0,0,1641,14828,255,504,1644,15332,California
Fresno,2021-01-08,1789,17589,614,11309,1175,6280,0,0,1424,15890,363,867,1425,16757,California
Fresno,2021-01-09,639,18228,392,11701,247,6527,0,0,360,15971,279,1146,360,17117,California
Fresno,2021-01-10,517,18745,487,12188,30,6557,0,0,204,15862,313,1459,204,17321,California
Fresno,2021-01-11,2219,20964,1805,13993,414,6971,0,0,1525,16697,694,2153,1529,18850,California
Fresno,2021-01-12,2524,23488,1826,15819,698,7669,0,0,1673,17519,853,3006,1675,20525,California
Fresno,2021-01-13,3560,27048,2435,18254,1125,8794,0,0,2706,19375,854,3860,2710,23235,California
Fresno,2021-01-14,4142,31190,2184,20438,1958,10752,0,0,3669,22572,472,4332,3669,26904,California
Fresno,2021-01-15,3661,34851,2533,22971,1128,11880,0,0,3303,25521,358,4690,3307,30211,California
Fresno,2021-01-16,3145,37996,2309,25280,836,12716,0,0,2674,27727,470,5160,2676,32887,California
Fresno,2021-01-17,979,38975,557,25837,422,13138,0,0,779,28306,200,5360,779,33666,California
Fresno,2021-01-18,3079,42054,2373,28210,706,13844,0,0,2422,30075,655,6015,2424,36090,California
Fresno,2021-01-19,4405,46459,2625,30835,1780,15624,0,0,3688,33050,717,6732,3692,39782,California
Fresno,2021-01-20,3024,49483,1215,32050,1809,17433,0,0,2709,35449,313,7045,2712,42494,California
Fresno,2021-01-21,4387,53870,2033,34083,2354,19787,0,0,4027,39145,337,7382,4033,46527,California
Fresno,2021-01-22,3306,57176,1346,35429,1960,21747,0,0,2922,41700,368,7750,2923,49450,California
Fresno,2021-01-23,3053,60229,1978,37407,1075,22822,0,0,2330,43313,722,8472,2335,51785,California
Fresno,2021-01-24,560,60789,377,37784,183,23005,0,0,351,43457,209,8681,353,52138,California
Fresno,2021-01-25,2433,63222,861,38645,1572,24577,0,0,1857,44741,576,9257,1860,53998,California
Fresno,2021-01-26,2083,65305,593,39238,1490,26067,0,0,1321,45303,760,10017,1322,55320,California
Fresno,2021-01-27,2310,67615,1138,40376,1172,27239,0,0,1730,46457,579,10596,1733,57053,California
Fresno,2021-01-28,4556,72171,3054,43430,1502,28741,0,0,3480,48867,1073,11669,3483,60536,California
Fresno,2021-01-29,1702,73873,975,44405,727,29468,0,0,1401,49972,297,11966,1402,61938,California
Fresno,2021-01-30,1443,75316,545,44950,898,30366,0,0,1023,50575,420,12386,1023,62961,California
Fresno,2021-01-31,230,75546,219,45169,11,30377,0,0,76,50497,154,12540,76,63037,California
Fresno,2021-02-01,3342,78888,1667,46836,1675,32052,0,0,1784,50734,1557,14097,1794,64831,California
Fresno,2021-02-02,2731,81619,558,47394,2173,34225,0,0,1588,51210,1128,15225,1604,66435,California
Fresno,2021-02-03,3558,85177,2105,49499,1453,35678,0,0,1545,50752,2004,17229,1546,67981,California
Fresno,2021-02-04,4191,89368,1893,51392,2298,37976,0,0,1925,50446,2236,19465,1930,69911,California
Fresno,2021-02-05,5329,94697,2721,54113,2608,40584,0,0,2295,49716,3029,22494,2299,72210,California
Fresno,2021-02-06,2925,97622,2038,56151,887,41471,0,0,967,48733,1951,24445,968,73178,California
Fresno,2021-02-07,469,98091,287,56438,182,41653,0,0,273,48811,195,24640,273,73451,California
Fresno,2021-02-08,4274,102365,2285,58723,1989,43642,0,0,1805,48169,2456,27096,1814,75265,California
Fresno,2021-02-09,5322,107687,2093,60816,3229,46871,0,0,3110,49151,2137,29233,3119,78384,California
Fresno,2021-02-10,3882,111569,1231,62047,2651,49522,0,0,1974,49281,1856,31089,1986,80370,California
Fresno,2021-02-11,6444,118013,2086,64133,4358,53880,0,0,3344,49547,3083,34172,3349,83719,California
Fresno,2021-02-12,5391,123404,1385,65518,4006,57886,0,0,2727,49638,2645,36817,2736,86455,California
Fresno,2021-02-13,3741,127145,1558,67076,2183,60069,0,0,2083,50080,1646,38463,2088,88543,California
Fresno,2021-02-14,1564,128709,282,67358,1282,61351,0,0,838,50195,725,39188,840,89383,California
Fresno,2021-02-15,2893,131602,268,67626,2625,63976,0,0,1797,50904,1092,40280,1801,91184,California
Fresno,2021-02-16,6685,138287,2402,70028,4283,68259,0,0,4231,52704,2437,42717,4237,95421,California
Fresno,2021-02-17,5319,143606,2444,72472,2875,71134,0,0,2987,53406,2289,45006,2991,98412,California
Fresno,2021-02-18,6845,150451,2893,75365,3952,75086,0,0,2573,51760,4230,49236,2584,100996,California
Fresno,2021-02-19,3835,154286,1098,76463,2737,77823,0,0,1818,51576,2005,51241,1821,102817,California
Fresno,2021-02-20,4518,158804,2477,78940,2041,79864,0,0,3039,53148,1473,52714,3045,105862,California
Fresno,2021-02-21,188,158992,169,79109,19,79883,0,0,125,53224,49,52763,125,105987,California
Fresno,2021-02-22,2235,161227,998,80107,1237,81120,0,0,1235,53471,990,53753,1237,107224,California
Fresno,2021-02-23,4684,165911,2265,82372,2419,83539,0,0,3804,56409,868,54621,3806,111030,California
Fresno,2021-02-24,4208,170119,1503,83875,2705,86244,0,0,3446,59105,751,55372,3447,114477,California
Fresno,2021-02-25,8698,178817,3745,87620,4953,91197,0,0,7209,64899,1423,56795,7217,121694,California
Fresno,2021-02-26,9019,187836,3702,91322,5317,96514,0,0,7706,71322,1289,58084,7712,129406,California
Fresno,2021-02-27,7276,195112,3162,94484,4113,100627,1,1,6566,77197,695,58779,6570,135976,California
Fresno,2021-02-28,1647,196759,527,95011,1120,101747,0,1,1557,78678,77,58856,1558,137534,California
Fresno,2021-03-01,5098,201857,1321,96332,3777,105524,0,1,3692,80981,1393,60249,3696,141230,California
Fresno,2021-03-02,9864,211721,3384,99716,6480,112004,0,1,8477,88121,1363,61612,8503,149733,California
Fresno,2021-03-03,6930,218651,1689,101405,5240,117244,1,2,5921,93159,995,62607,6033,155766,California
Fresno,2021-03-04,10446,229097,4129,105534,6317,123561,0,2,8704,100158,1714,64321,8713,164479,California
Fresno,2021-03-05,9302,238399,3625,109159,5675,129236,2,4,8028,107120,1142,65463,8104,172583,California
Fresno,2021-03-06,7005,245404,3955,113114,2932,132168,118,122,6014,112273,983,66446,6136,178719,California
Fresno,2021-03-07,1494,246898,681,113795,775,132943,38,160,1264,113349,227,66673,1303,180022,California
Fresno,2021-03-08,5294,252192,2023,115818,3120,136063,151,311,4003,116234,1280,67953,4165,184187,California
Fresno,2021-03-09,8612,260804,3783,119601,4558,140621,271,582,4644,117239,3947,71900,4952,189139,California
Fresno,2021-03-10,6827,267631,2856,122457,3583,144204,388,970,5370,121557,1448,73348,5766,194905,California
Fresno,2021-03-11,11595,279226,4580,127037,6470,150674,545,1515,6313,123236,5256,78604,6935,201840,California
Fresno,2021-03-12,12033,291259,5131,132168,6475,157149,427,1942,9051,129889,2964,81568,9617,211457,California
Fresno,2021-03-13,8320,299579,4051,136219,3254,160403,1015,2957,4020,130721,4279,85847,5111,216568,California
Fresno,2021-03-14,1768,301347,479,136698,1001,161404,288,3245,666,130585,1090,86937,954,217522,California
Fresno,2021-03-15,7133,308480,3170,139868,3787,165191,176,3421,4929,133697,2189,89126,5301,222823,California
Fresno,2021-03-16,10223,318703,4542,144410,5289,170480,392,3813,5423,134841,4768,93894,5912,228735,California
Fresno,2021-03-17,8675,327378,3926,148336,4041,174521,708,4521,5858,139018,2793,96687,6970,235705,California
Fresno,2021-03-18,12481,339859,6730,155066,5077,179598,674,5195,6994,141738,5438,102125,8158,243863,California
Fresno,2021-03-19,11172,351031,5887,160953,4671,184269,614,5809,6852,145287,4291,106416,7840,251703,California
Fresno,2021-03-20,7620,358651,4598,165551,2696,186965,326,6135,3765,145866,3830,110246,4409,256112,California
Fresno,2021-03-21,1795,360446,1206,166757,208,187173,381,6516,967,146395,820,111066,1349,257461,California
Fresno,2021-03-22,5669,366115,2895,169652,2175,189348,599,7115,3794,149170,1859,112925,4634,262095,California
Fresno,2021-03-23,10572,376687,5253,174905,4814,194162,505,7620,5052,149672,5497,118422,5999,268094,California
Fresno,2021-03-24,8861,385548,3833,178738,4197,198359,831,8451,4975,151683,3849,122271,5860,273954,California
Fresno,2021-03-25,12215,397763,5691,184429,5717,204076,807,9258,4754,149917,7410,129681,5644,279598,California
Fresno,2021-03-26,12215,409978,5455,189884,6123,210199,637,9895,4452,147321,7710,137391,5114,284712,California
Fresno,2021-03-27,9861,419839,4585,194469,4190,214389,1086,10981,2954,144499,6868,144259,4046,288758,California
Fresno,2021-03-28,3425,423264,1325,195794,1406,215795,694,11675,1115,144454,2302,146561,2257,291015,California
Fresno,2021-03-29,5988,429252,2002,197796,3446,219241,540,12215,2887,144824,3072,149633,3442,294457,California
Fresno,2021-03-30,10917,440169,4267,202063,5753,224994,897,13112,3853,142542,7033,156666,4751,299208,California
Fresno,2021-03-31,9694,449863,3378,205441,5322,230316,994,14106,3747,141373,5904,162570,4735,303943,California
Fresno,2021-04-01,12197,462060,4209,209650,7126,237442,862,14968,4061,138219,8033,170603,4879,308822,California
Fresno,2021-04-02,12080,474140,4629,214279,6659,244101,792,15760,4282,135662,7636,178239,5079,313901,California
Fresno,2021-04-03,6409,480549,3526,217805,2625,246726,258,16018,2148,133862,4242,182481,2442,316343,California
Fresno,2021-04-04,1501,482050,535,218340,921,247647,45,16063,547,133511,944,183425,593,316936,California
Fresno,2021-04-05,8329,490379,4468,222808,3056,250703,805,16868,2442,130957,5870,189295,3316,320252,California
Fresno,2021-04-06,9634,500013,4036,226844,4409,255112,1189,18057,3553,129676,6040,195335,4759,325011,California
Fresno,2021-04-07,10588,510601,5469,232313,3908,259020,1211,19268,3554,127476,6989,202324,4789,329800,California
Fresno,2021-04-08,10962,521563,5177,237490,4620,263640,1165,20433,3440,124649,7472,209796,4645,334445,California
Fresno,2021-04-09,11269,532832,5352,242842,4515,268155,1402,21835,3619,122087,7601,217397,5039,339484,California
Fresno,2021-04-10,7881,540713,5143,247985,2214,270369,524,22359,3669,122080,4200,221597,4193,343677,California
Fresno,2021-04-11,1391,542104,935,248920,365,270734,91,22450,447,121680,939,222536,539,344216,California
Fresno,2021-04-12,7268,549372,3803,252723,2539,273273,926,23376,2347,120059,4892,227428,3271,347487,California
Fresno,2021-04-13,8955,558327,4285,257008,4602,277875,68,23444,3506,118315,5412,232840,3668,351155,California
Fresno,2021-04-14,9488,567815,5766,262774,3721,281596,1,23445,3761,116442,5684,238524,3811,354966,California
Fresno,2021-04-15,8444,576259,4208,266982,4233,285829,3,23448,3198,114430,5218,243742,3206,358172,California
Fresno,2021-04-16,9393,585652,4635,271617,4756,290585,2,23450,3887,112857,5467,249209,3894,362066,California
Fresno,2021-04-17,5561,591213,3718,275335,1843,292428,0,23450,2640,112599,2900,252109,2642,364708,California
Fresno,2021-04-18,1026,592239,558,275893,468,292896,0,23450,470,112518,551,252660,470,365178,California
Fresno,2021-04-19,5560,597799,3017,278910,2540,295436,3,23453,2246,111494,3276,255936,2252,367430,California
Fresno,2021-04-20,6901,604700,3428,282338,3464,298900,9,23462,2614,109854,4263,260199,2623,370053,California
Fresno,2021-04-21,6365,611065,3520,285858,2837,301737,8,23470,2651,108836,3681,263880,2663,372716,California
Fresno,2021-04-22,6350,617415,3160,289018,3189,304926,1,23471,2311,107172,3979,267859,2315,375031,California
Fresno,2021-04-23,7096,624511,3819,292837,3260,308186,17,23488,2717,105604,4290,272149,2722,377753,California
Fresno,2021-04-24,4163,628674,2490,295327,1673,309859,0,23488,1918,105290,2232,274381,1918,379671,California
Fresno,2021-04-25,1366,630040,549,295876,815,310674,2,23490,682,105296,678,275059,684,380355,California
Fresno,2021-04-26,4234,634274,2137,298013,2052,312726,45,23535,1803,104742,2401,277460,1847,382202,California
Fresno,2021-04-27,4821,639095,2441,300454,2255,314981,125,23660,1893,103853,2906,280366,2017,384219,California
Fresno,2021-04-28,4771,643866,2667,303121,1974,316955,130,23790,1985,103205,2764,283130,2116,386335,California
Fresno,2021-04-29,4781,648647,2653,305774,1992,318947,136,23926,1803,102195,2947,286077,1937,388272,California
Fresno,2021-04-30,5408,654055,3290,309064,1985,320932,133,24059,2157,101263,3221,289298,2289,390561,California
Fresno,2021-05-01,4181,658236,3449,312513,594,321526,138,24197,1236,99708,2927,292225,1372,391933,California
Fresno,2021-05-02,1248,659484,770,313283,427,321953,51,24248,614,99750,622,292847,664,392597,California
Fresno,2021-05-03,4018,663502,2691,315974,1135,323088,192,24440,1302,98550,2689,295536,1489,394086,California
Fresno,2021-05-04,4827,668329,2497,318471,2178,325266,152,24592,1547,96998,3253,298789,1701,395787,California
Fresno,2021-05-05,5083,673412,3142,321613,1716,326982,225,24817,1581,95324,3477,302266,1803,397590,California
Fresno,2021-05-06,4115,677527,2543,324156,1467,328449,105,24922,1401,94146,2684,304950,1506,399096,California
Fresno,2021-05-07,5006,682533,3285,327441,1555,330004,166,25088,1553,92432,3430,308380,1716,400812,California
Fresno,2021-05-08,3894,686427,2483,329924,1263,331267,148,25236,1172,91052,2701,311081,1321,402133,California
Fresno,2021-05-09,672,687099,345,330269,284,331551,43,25279,335,91099,331,311412,378,402511,California
Fresno,2021-05-10,2949,690048,1575,331844,1233,332784,141,25420,917,90133,2024,313436,1058,403569,California
Fresno,2021-05-11,3734,693782,1925,333769,1714,334498,95,25515,1201,88908,2521,315957,1296,404865,California
Fresno,2021-05-12,3987,697769,2557,336326,1266,335764,164,25679,1458,88026,2504,318461,1622,406487,California
Fresno,2021-05-13,3835,701604,2117,338443,1614,337378,104,25783,1734,87801,2063,320524,1838,408325,California
Fresno,2021-05-14,5007,706611,3010,341453,1813,339191,184,25967,2133,87277,2842,323366,2318,410643,California
Fresno,2021-05-15,3572,710183,2668,344121,774,339965,130,26097,1816,87476,1746,325112,1945,412588,California
Fresno,2021-05-16,1441,711624,944,345065,463,340428,34,26131,812,87699,624,325736,847,413435,California
Fresno,2021-05-17,4167,715791,2817,347882,1191,341619,159,26290,2242,88201,1898,327634,2400,415835,California
Fresno,2021-05-18,4101,719892,2536,350418,1412,343031,153,26443,2100,88473,1978,329612,2250,418085,California
Fresno,2021-05-19,4335,724227,2763,353181,1397,344428,175,26618,2107,88549,2205,331817,2281,420366,California
Fresno,2021-05-20,4079,728306,2435,355616,1458,345886,186,26804,1904,88478,2159,333976,2088,422454,California
Fresno,2021-05-21,4560,732866,2983,358599,1485,347371,92,26896,2072,88181,2460,336436,2163,424617,California
Fresno,2021-05-22,3929,736795,2912,361511,844,348215,173,27069,2262,88963,1651,338087,2433,427050,California
Fresno,2021-05-23,900,737695,570,362081,301,348516,29,27098,462,89026,428,338515,491,427541,California
Fresno,2021-05-24,3219,740914,2023,364104,1082,349598,114,27212,1494,88932,1702,340217,1608,429149,California
Fresno,2021-05-25,3201,744115,1926,366030,1151,350749,124,27336,1372,88613,1815,342032,1496,430645,California
Fresno,2021-05-26,3237,747352,2138,368168,993,351742,106,27442,1649,88797,1569,343601,1753,432398,California
Fresno,2021-05-27,3134,750486,1909,370077,1119,352861,106,27548,1414,88624,1694,345295,1521,433919,California
Fresno,2021-05-28,3405,753891,2204,372281,1106,353967,95,27643,1885,89104,1501,346796,1981,435900,California
Fresno,2021-05-29,2274,756165,1656,373937,547,354514,71,27714,1250,89412,1014,347810,1322,437222,California
Fresno,2021-05-30,887,757052,534,374471,318,354832,35,27749,428,89433,442,348252,463,437685,California
Fresno,2021-05-31,318,757370,159,374630,147,354979,12,27761,136,89403,176,348428,146,437831,California
Fresno,2021-06-01,3014,760384,1815,376445,1105,356084,94,27855,1227,88961,1763,350191,1321,439152,California
Fresno,2021-06-02,2651,763035,1710,378155,851,356935,90,27945,1085,88601,1536,351727,1176,440328,California
Fresno,2021-06-03,2929,765964,2014,380169,814,357749,101,28046,1201,88193,1708,353435,1300,441628,California
Fresno,2021-06-04,3228,769192,2345,382514,783,358532,100,28146,1117,87324,2087,355522,1218,442846,California
Fresno,2021-06-05,3092,772284,2291,384805,683,359215,118,28264,1249,86863,1824,357346,1363,444209,California
Fresno,2021-06-06,1166,773450,928,385733,201,359416,37,28301,413,86566,747,358093,450,444659,California
Fresno,2021-06-07,3073,776523,2422,388155,561,359977,90,28391,900,85405,2151,360244,990,445649,California
Fresno,2021-06-08,2603,779126,1944,390099,591,360568,68,28459,806,84491,1788,362032,874,446523,California
Fresno,2021-06-09,2375,781501,1763,391862,528,361096,84,28543,770,83750,1594,363626,853,447376,California
Fresno,2021-06-10,2115,783616,1539,393401,512,361608,64,28607,701,83119,1395,365021,764,448140,California
Fresno,2021-06-11,1659,785275,1258,394659,313,361921,88,28695,545,82659,1093,366114,633,448773,California
Glenn,2020-12-17,1,1,1,1,0,0,0,0,1,1,0,0,1,1,California
Glenn,2020-12-20,1,2,1,2,0,0,0,0,1,2,0,0,1,2,California
Glenn,2020-12-21,11,13,11,13,0,0,0,0,11,13,0,0,11,13,California
Glenn,2020-12-22,61,74,61,74,0,0,0,0,61,74,0,0,61,74,California
Glenn,2020-12-23,28,102,28,102,0,0,0,0,28,102,0,0,28,102,California
Glenn,2020-12-24,9,111,9,111,0,0,0,0,9,111,0,0,9,111,California
Glenn,2020-12-26,2,113,2,113,0,0,0,0,2,113,0,0,2,113,California
Glenn,2020-12-27,4,117,4,117,0,0,0,0,4,117,0,0,4,117,California
Glenn,2020-12-28,20,137,20,137,0,0,0,0,20,137,0,0,20,137,California
Glenn,2020-12-29,81,218,81,218,0,0,0,0,81,218,0,0,81,218,California
Glenn,2020-12-30,127,345,104,322,23,23,0,0,127,345,0,0,127,345,California
Glenn,2020-12-31,38,383,9,331,29,52,0,0,38,383,0,0,38,383,California
Glenn,2021-01-02,4,387,4,335,0,52,0,0,4,387,0,0,4,387,California
Glenn,2021-01-04,7,394,5,340,2,54,0,0,7,394,0,0,7,394,California
Glenn,2021-01-05,12,406,9,349,3,57,0,0,12,406,0,0,12,406,California
Glenn,2021-01-06,59,465,8,357,51,108,0,0,59,465,0,0,59,465,California
Glenn,2021-01-07,65,530,11,368,54,162,0,0,64,528,1,1,64,529,California
Glenn,2021-01-08,12,542,9,377,3,165,0,0,12,540,0,1,12,541,California
Glenn,2021-01-10,1,543,1,378,0,165,0,0,0,539,1,2,0,541,California
Glenn,2021-01-11,29,572,29,407,0,165,0,0,12,534,17,19,12,553,California
Glenn,2021-01-12,44,616,39,446,5,170,0,0,14,518,30,49,14,567,California
Glenn,2021-01-13,221,837,158,604,63,233,0,0,176,650,45,94,177,744,California
Glenn,2021-01-14,116,953,28,632,88,321,0,0,106,746,10,104,106,850,California
Glenn,2021-01-15,41,994,34,666,7,328,0,0,36,777,5,109,36,886,California
Glenn,2021-01-16,33,1027,14,680,19,347,0,0,23,790,10,119,23,909,California
Glenn,2021-01-17,4,1031,2,682,2,349,0,0,2,790,2,121,2,911,California
Glenn,2021-01-18,17,1048,16,698,1,350,0,0,9,791,8,129,9,920,California
Glenn,2021-01-19,30,1078,20,718,10,360,0,0,13,787,17,146,13,933,California
Glenn,2021-01-20,162,1240,93,811,69,429,0,0,82,789,80,226,82,1015,California
Glenn,2021-01-21,121,1361,95,906,26,455,0,0,30,728,91,317,30,1045,California
Glenn,2021-01-22,342,1703,64,970,278,733,0,0,335,1056,7,324,335,1380,California
Glenn,2021-01-23,15,1718,9,979,6,739,0,0,11,1063,4,328,11,1391,California
Glenn,2021-01-24,2,1720,2,981,0,739,0,0,2,1065,0,328,2,1393,California
Glenn,2021-01-25,27,1747,9,990,18,757,0,0,24,1086,3,331,24,1417,California
Glenn,2021-01-26,31,1778,15,1005,16,773,0,0,24,1103,7,338,24,1441,California
Glenn,2021-01-27,187,1965,12,1017,175,948,0,0,165,1246,22,360,165,1606,California
Glenn,2021-01-28,148,2113,8,1025,140,1088,0,0,118,1334,30,390,118,1724,California
Glenn,2021-01-29,299,2412,12,1037,287,1375,0,0,285,1605,14,404,285,2009,California
Glenn,2021-01-30,3,2415,0,1037,3,1378,0,0,3,1608,0,404,3,2012,California
Glenn,2021-01-31,1,2416,0,1037,1,1379,0,0,1,1609,0,404,1,2013,California
Glenn,2021-02-01,30,2446,11,1048,19,1398,0,0,18,1615,12,416,18,2031,California
Glenn,2021-02-02,30,2476,15,1063,15,1413,0,0,20,1625,10,426,20,2051,California
Glenn,2021-02-03,274,2750,126,1189,148,1561,0,0,130,1612,144,570,131,2182,California
Glenn,2021-02-04,80,2830,14,1203,66,1627,0,0,25,1582,55,625,25,2207,California
Glenn,2021-02-05,326,3156,25,1228,301,1928,0,0,305,1866,21,646,305,2512,California
Glenn,2021-02-06,17,3173,2,1230,15,1943,0,0,16,1881,1,647,16,2528,California
Glenn,2021-02-07,2,3175,2,1232,0,1943,0,0,2,1883,0,647,2,2530,California
Glenn,2021-02-08,20,3195,17,1249,3,1946,0,0,4,1871,16,663,4,2534,California
Glenn,2021-02-09,49,3244,19,1268,30,1976,0,0,34,1890,15,678,34,2568,California
Glenn,2021-02-10,137,3381,19,1287,118,2094,0,0,66,1885,71,749,66,2634,California
Glenn,2021-02-11,234,3615,134,1421,100,2194,0,0,152,1954,83,832,152,2786,California
Glenn,2021-02-12,418,4033,98,1519,320,2514,0,0,354,2244,64,896,354,3140,California
Glenn,2021-02-13,36,4069,8,1527,28,2542,0,0,17,2242,19,915,17,3157,California
Glenn,2021-02-14,1,4070,0,1527,1,2543,0,0,1,2243,0,915,1,3158,California
Glenn,2021-02-15,8,4078,0,1527,8,2551,0,0,8,2251,0,915,8,3166,California
Glenn,2021-02-16,39,4117,9,1536,30,2581,0,0,21,2254,18,933,21,3187,California
Glenn,2021-02-17,380,4497,13,1549,367,2948,0,0,304,2482,76,1009,304,3491,California
Glenn,2021-02-18,136,4633,101,1650,35,2983,0,0,112,2570,24,1033,112,3603,California
Glenn,2021-02-19,306,4939,16,1666,290,3273,0,0,28,2320,278,1311,28,3631,California
Glenn,2021-02-20,8,4947,0,1666,8,3281,0,0,0,2312,8,1319,0,3631,California
Glenn,2021-02-21,1,4948,1,1667,0,3281,0,0,1,2313,0,1319,1,3632,California
Glenn,2021-02-22,34,4982,15,1682,19,3300,0,0,17,2313,17,1336,17,3649,California
Glenn,2021-02-23,39,5021,10,1692,29,3329,0,0,27,2328,12,1348,27,3676,California
Glenn,2021-02-24,251,5272,49,1741,202,3531,0,0,46,2169,205,1553,46,3722,California
Glenn,2021-02-25,232,5504,118,1859,114,3645,0,0,118,2173,114,1667,118,3840,California
Glenn,2021-02-26,308,5812,24,1883,284,3929,0,0,20,1906,287,1954,20,3860,California
Glenn,2021-02-27,13,5825,4,1887,9,3938,0,0,5,1904,7,1961,5,3865,California
Glenn,2021-02-28,6,5831,3,1890,3,3941,0,0,3,1905,2,1963,3,3868,California
Glenn,2021-03-01,28,5859,6,1896,22,3963,0,0,12,1901,16,1979,12,3880,California
Glenn,2021-03-02,35,5894,8,1904,27,3990,0,0,17,1900,18,1997,17,3897,California
Glenn,2021-03-03,192,6086,38,1942,154,4144,0,0,101,1912,89,2086,101,3998,California
Glenn,2021-03-04,519,6605,176,2118,343,4487,0,0,373,2139,146,2232,373,4371,California
Glenn,2021-03-05,361,6966,47,2165,314,4801,0,0,34,1846,327,2559,34,4405,California
Glenn,2021-03-06,29,6995,3,2168,25,4826,1,1,9,1836,20,2579,10,4415,California
Glenn,2021-03-07,5,7000,0,2168,5,4831,0,1,3,1838,1,2580,3,4418,California
Glenn,2021-03-08,20,7020,2,2170,17,4848,1,2,18,1855,2,2582,19,4437,California
Glenn,2021-03-09,82,7102,12,2182,67,4915,3,5,54,1883,28,2610,56,4493,California
Glenn,2021-03-10,172,7274,69,2251,101,5016,2,7,95,1903,77,2687,97,4590,California
Glenn,2021-03-11,585,7859,168,2419,394,5410,23,30,455,2251,130,2817,478,5068,California
Glenn,2021-03-12,417,8276,13,2432,342,5752,62,92,41,1978,376,3193,103,5171,California
Glenn,2021-03-13,13,8289,1,2433,4,5756,8,100,1,1975,12,3205,9,5180,California
Glenn,2021-03-14,2,8291,1,2434,1,5757,0,100,0,1973,2,3207,0,5180,California
Glenn,2021-03-15,76,8367,15,2449,56,5813,5,105,61,2024,15,3222,66,5246,California
Glenn,2021-03-16,109,8476,34,2483,65,5878,10,115,69,2063,40,3262,79,5325,California
Glenn,2021-03-17,420,8896,99,2582,314,6192,7,122,116,1880,304,3566,121,5446,California
Glenn,2021-03-18,521,9417,216,2798,49,6241,256,378,143,1900,378,3944,398,5844,California
Glenn,2021-03-19,97,9514,16,2814,75,6316,6,384,76,1962,20,3964,82,5926,California
Glenn,2021-03-20,132,9646,2,2816,129,6445,1,385,130,2091,2,3966,131,6057,California
Glenn,2021-03-21,6,9652,5,2821,0,6445,1,386,3,2093,2,3968,4,6061,California
Glenn,2021-03-22,122,9774,54,2875,61,6506,7,393,103,2186,17,3985,110,6171,California
Glenn,2021-03-23,175,9949,66,2941,60,6566,49,442,104,2270,69,4054,153,6324,California
Glenn,2021-03-24,209,10158,102,3043,102,6668,5,447,136,2339,72,4126,141,6465,California
Glenn,2021-03-25,472,10630,230,3273,148,6816,94,541,345,2652,126,4252,439,6904,California
Glenn,2021-03-26,240,10870,36,3309,168,6984,36,577,190,2828,50,4302,226,7130,California
Glenn,2021-03-27,162,11032,18,3327,138,7122,6,583,153,2978,9,4311,159,7289,California
Glenn,2021-03-28,15,11047,10,3337,5,7127,0,583,10,2983,5,4316,10,7299,California
Glenn,2021-03-29,61,11108,20,3357,38,7165,3,586,47,3019,14,4330,50,7349,California
Glenn,2021-03-30,72,11180,41,3398,30,7195,1,587,42,3034,28,4358,43,7392,California
Glenn,2021-03-31,123,11303,35,3433,87,7282,1,588,54,3021,68,4426,55,7447,California
Glenn,2021-04-01,655,11958,187,3620,459,7741,9,597,244,2866,408,4834,253,7700,California
Glenn,2021-04-02,168,12126,26,3646,131,7872,11,608,133,2975,35,4869,144,7844,California
Glenn,2021-04-03,96,12222,4,3650,85,7957,7,615,85,3056,11,4880,92,7936,California
Glenn,2021-04-04,9,12231,3,3653,4,7961,2,617,5,3059,4,4884,7,7943,California
Glenn,2021-04-05,65,12296,25,3678,27,7988,13,630,28,3063,37,4921,41,7984,California
Glenn,2021-04-06,144,12440,52,3730,53,8041,39,669,36,3030,107,5028,74,8058,California
Glenn,2021-04-07,162,12602,48,3778,60,8101,54,723,75,3072,87,5115,129,8187,California
Glenn,2021-04-08,644,13246,190,3968,420,8521,34,757,138,2740,504,5619,172,8359,California
Glenn,2021-04-09,158,13404,56,4024,86,8607,16,773,101,2800,57,5676,117,8476,California
Glenn,2021-04-10,76,13480,1,4025,61,8668,14,787,59,2857,16,5692,73,8549,California
Glenn,2021-04-11,16,13496,8,4033,3,8671,5,792,7,2860,9,5701,12,8561,California
Glenn,2021-04-12,115,13611,25,4058,61,8732,29,821,20,2814,95,5796,49,8610,California
Glenn,2021-04-13,119,13730,63,4121,56,8788,0,821,30,2756,88,5884,30,8640,California
Glenn,2021-04-14,121,13851,45,4166,76,8864,0,821,68,2771,53,5937,68,8708,California
Glenn,2021-04-15,361,14212,275,4441,86,8950,0,821,121,2652,240,6177,121,8829,California
Glenn,2021-04-16,167,14379,41,4482,126,9076,0,821,77,2640,90,6267,78,8907,California
Glenn,2021-04-17,166,14545,16,4498,150,9226,0,821,27,2536,131,6398,27,8934,California
Glenn,2021-04-18,16,14561,3,4501,13,9239,0,821,13,2546,3,6401,13,8947,California
Glenn,2021-04-19,83,14644,17,4518,66,9305,0,821,22,2508,60,6461,22,8969,California
Glenn,2021-04-20,127,14771,82,4600,45,9350,0,821,54,2489,73,6534,54,9023,California
Glenn,2021-04-21,411,15182,310,4910,101,9451,0,821,280,2638,131,6665,280,9303,California
Glenn,2021-04-22,211,15393,48,4958,163,9614,0,821,33,2494,177,6842,33,9336,California
Glenn,2021-04-23,180,15573,24,4982,156,9770,0,821,41,2397,138,6980,41,9377,California
Glenn,2021-04-24,180,15753,32,5014,148,9918,0,821,31,2279,149,7129,31,9408,California
Glenn,2021-04-25,30,15783,18,5032,12,9930,0,821,22,2293,8,7137,22,9430,California
Glenn,2021-04-26,48,15831,12,5044,36,9966,0,821,19,2283,29,7166,19,9449,California
Glenn,2021-04-27,63,15894,48,5092,10,9976,5,826,32,2288,31,7197,36,9485,California
Glenn,2021-04-28,259,16153,179,5271,69,10045,11,837,129,2299,129,7326,140,9625,California
Glenn,2021-04-29,183,16336,23,5294,158,10203,2,839,36,2190,147,7473,38,9663,California
Glenn,2021-04-30,157,16493,35,5329,120,10323,2,841,38,2111,119,7592,40,9703,California
Glenn,2021-05-01,108,16601,13,5342,94,10417,1,842,25,2054,83,7675,26,9729,California
Glenn,2021-05-02,30,16631,12,5354,9,10426,9,851,15,2063,15,7690,24,9753,California
Glenn,2021-05-03,38,16669,24,5378,13,10439,1,852,14,2054,24,7714,15,9768,California
Glenn,2021-05-04,56,16725,32,5410,19,10458,5,857,28,2059,28,7742,33,9801,California
Glenn,2021-05-05,121,16846,34,5444,77,10535,10,867,51,2050,70,7812,61,9862,California
Glenn,2021-05-06,111,16957,41,5485,65,10600,5,872,41,2026,70,7882,46,9908,California
Glenn,2021-05-07,119,17076,32,5517,78,10678,9,881,30,1977,88,7970,39,9947,California
Glenn,2021-05-08,66,17142,12,5529,50,10728,4,885,21,1958,44,8014,25,9972,California
Glenn,2021-05-09,17,17159,11,5540,6,10734,0,885,13,1967,4,8018,13,9985,California
Glenn,2021-05-10,37,17196,15,5555,17,10751,5,890,14,1963,23,8041,19,10004,California
Glenn,2021-05-11,79,17275,56,5611,14,10765,9,899,16,1925,63,8104,25,10029,California
Glenn,2021-05-12,334,17609,252,5863,68,10833,14,913,53,1711,281,8385,67,10096,California
Glenn,2021-05-13,157,17766,59,5922,80,10913,18,931,68,1708,89,8474,86,10182,California
Glenn,2021-05-14,105,17871,25,5947,75,10988,5,936,41,1690,64,8538,46,10228,California
Glenn,2021-05-15,69,17940,40,5987,26,11014,3,939,36,1696,32,8570,38,10266,California
Glenn,2021-05-16,31,17971,18,6005,13,11027,0,939,9,1683,22,8592,9,10275,California
Glenn,2021-05-17,86,18057,61,6066,21,11048,4,943,60,1721,26,8618,64,10339,California
Glenn,2021-05-18,68,18125,49,6115,14,11062,5,948,22,1702,46,8664,27,10366,California
Glenn,2021-05-19,194,18319,114,6229,68,11130,12,960,72,1664,121,8785,83,10449,California
Glenn,2021-05-20,120,18439,77,6306,41,11171,2,962,85,1716,35,8820,87,10536,California
Glenn,2021-05-21,70,18509,26,6332,43,11214,1,963,30,1707,40,8860,31,10567,California
Glenn,2021-05-22,54,18563,23,6355,31,11245,0,963,27,1707,27,8887,27,10594,California
Glenn,2021-05-23,28,18591,15,6370,13,11258,0,963,12,1704,15,8902,12,10606,California
Glenn,2021-05-24,29,18620,10,6380,15,11273,4,967,10,1700,18,8920,14,10620,California
Glenn,2021-05-25,46,18666,35,6415,9,11282,2,969,23,1702,23,8943,25,10645,California
Glenn,2021-05-26,73,18739,14,6429,55,11337,4,973,25,1683,48,8991,29,10674,California
Glenn,2021-05-27,101,18840,62,6491,38,11375,1,974,47,1679,52,9043,48,10722,California
Glenn,2021-05-28,62,18902,18,6509,37,11412,7,981,32,1688,30,9073,39,10761,California
Glenn,2021-05-29,47,18949,11,6520,32,11444,4,985,21,1687,26,9099,25,10786,California
Glenn,2021-05-30,21,18970,13,6533,8,11452,0,985,8,1683,12,9111,8,10794,California
Glenn,2021-05-31,4,18974,0,6533,4,11456,0,985,0,1679,4,9115,0,10794,California
Glenn,2021-06-01,57,19031,32,6565,22,11478,3,988,25,1675,32,9147,28,10822,California
Glenn,2021-06-02,97,19128,48,6613,46,11524,3,991,38,1657,59,9206,41,10863,California
Glenn,2021-06-03,76,19204,42,6655,27,11551,7,998,18,1626,56,9262,25,10888,California
Glenn,2021-06-04,77,19281,36,6691,37,11588,4,1002,41,1635,36,9298,45,10933,California
Glenn,2021-06-05,55,19336,30,6721,22,11610,3,1005,17,1617,38,9336,20,10953,California
Glenn,2021-06-06,31,19367,28,6749,2,11612,1,1006,15,1618,15,9351,16,10969,California
Glenn,2021-06-07,67,19434,59,6808,7,11619,1,1007,13,1579,53,9404,14,10983,California
Glenn,2021-06-08,35,19469,19,6827,11,11630,5,1012,16,1581,19,9423,21,11004,California
Glenn,2021-06-09,55,19524,28,6855,20,11650,7,1019,28,1589,27,9450,35,11039,California
Glenn,2021-06-10,107,19631,77,6932,24,11674,6,1025,27,1542,80,9530,33,11072,California
Glenn,2021-06-11,70,19701,42,6974,26,11700,2,1027,17,1508,53,9583,19,11091,California
Humboldt,2020-12-15,2,2,2,2,0,0,0,0,2,2,0,0,2,2,California
Humboldt,2020-12-16,16,18,16,18,0,0,0,0,16,18,0,0,16,18,California
Humboldt,2020-12-17,117,135,117,135,0,0,0,0,117,135,0,0,117,135,California
Humboldt,2020-12-18,177,312,177,312,0,0,0,0,177,312,0,0,177,312,California
Humboldt,2020-12-19,10,322,10,322,0,0,0,0,10,322,0,0,10,322,California
Humboldt,2020-12-20,27,349,27,349,0,0,0,0,27,349,0,0,27,349,California
Humboldt,2020-12-21,166,515,166,515,0,0,0,0,166,515,0,0,166,515,California
Humboldt,2020-12-22,335,850,335,850,0,0,0,0,335,850,0,0,335,850,California
Humboldt,2020-12-23,321,1171,264,1114,57,57,0,0,323,1173,0,0,323,1173,California
Humboldt,2020-12-24,25,1196,2,1116,23,80,0,0,25,1198,0,0,25,1198,California
Humboldt,2020-12-25,2,1198,2,1118,0,80,0,0,2,1200,0,0,2,1200,California
Humboldt,2020-12-26,6,1204,5,1123,1,81,0,0,6,1206,0,0,6,1206,California
Humboldt,2020-12-28,206,1410,148,1271,58,139,0,0,206,1412,0,0,206,1412,California
Humboldt,2020-12-29,181,1591,123,1394,58,197,0,0,182,1594,0,0,182,1594,California
Humboldt,2020-12-30,231,1822,126,1520,105,302,0,0,231,1825,0,0,231,1825,California
Humboldt,2020-12-31,245,2067,80,1600,165,467,0,0,245,2070,0,0,245,2070,California
Humboldt,2021-01-01,2,2069,1,1601,1,468,0,0,2,2072,0,0,2,2072,California
Humboldt,2021-01-02,39,2108,1,1602,38,506,0,0,39,2111,0,0,39,2111,California
Humboldt,2021-01-04,219,2327,143,1745,76,582,0,0,220,2331,0,0,220,2331,California
Humboldt,2021-01-05,133,2460,21,1766,112,694,0,0,133,2463,1,1,133,2464,California
Humboldt,2021-01-06,315,2775,216,1982,99,793,0,0,242,2644,61,62,242,2706,California
Humboldt,2021-01-07,436,3211,323,2305,113,906,0,0,319,2863,100,162,319,3025,California
Humboldt,2021-01-08,426,3637,287,2592,139,1045,0,0,287,3017,133,295,287,3312,California
Humboldt,2021-01-09,67,3704,43,2635,24,1069,0,0,65,3081,2,297,66,3378,California
Humboldt,2021-01-10,84,3788,84,2719,0,1069,0,0,4,3005,80,377,4,3382,California
Humboldt,2021-01-11,291,4079,280,2999,11,1080,0,0,71,2860,216,593,71,3453,California
Humboldt,2021-01-12,502,4581,338,3337,164,1244,0,0,285,2950,195,788,285,3738,California
Humboldt,2021-01-13,498,5079,280,3617,218,1462,0,0,319,3094,176,964,320,4058,California
Humboldt,2021-01-14,549,5628,167,3784,382,1844,0,0,493,3532,56,1020,494,4552,California
Humboldt,2021-01-15,359,5987,28,3812,331,2175,0,0,342,3857,17,1037,342,4894,California
Humboldt,2021-01-16,169,6156,5,3817,164,2339,0,0,168,4024,1,1038,168,5062,California
Humboldt,2021-01-17,6,6162,4,3821,2,2341,0,0,6,4030,0,1038,6,5068,California
Humboldt,2021-01-18,302,6464,267,4088,35,2376,0,0,151,4030,151,1189,151,5219,California
Humboldt,2021-01-19,651,7115,396,4484,255,2631,0,0,522,4429,123,1312,522,5741,California
Humboldt,2021-01-20,917,8032,388,4872,529,3160,0,0,754,5030,155,1467,756,6497,California
Humboldt,2021-01-21,963,8995,261,5133,702,3862,0,0,921,5909,42,1509,921,7418,California
Humboldt,2021-01-22,687,9682,380,5513,307,4169,0,0,677,6577,10,1519,678,8096,California
Humboldt,2021-01-23,924,10606,283,5796,641,4810,0,0,915,7484,9,1528,916,9012,California
Humboldt,2021-01-24,229,10835,1,5797,228,5038,0,0,228,7711,1,1529,228,9240,California
Humboldt,2021-01-25,352,11187,235,6032,117,5155,0,0,154,7667,198,1727,154,9394,California
Humboldt,2021-01-26,544,11731,149,6181,395,5550,0,0,480,8083,64,1791,480,9874,California
Humboldt,2021-01-27,1274,13005,586,6767,688,6238,0,0,1202,9223,64,1855,1204,11078,California
Humboldt,2021-01-28,1463,14468,636,7403,827,7065,0,0,1323,10411,137,1992,1325,12403,California
Humboldt,2021-01-29,1157,15625,548,7951,609,7674,0,0,691,10636,466,2458,691,13094,California
Humboldt,2021-01-30,988,16613,468,8419,520,8194,0,0,975,11599,13,2471,976,14070,California
Humboldt,2021-01-31,316,16929,314,8733,2,8196,0,0,315,11913,1,2472,315,14385,California
Humboldt,2021-02-01,338,17267,195,8928,143,8339,0,0,189,11953,149,2621,189,14574,California
Humboldt,2021-02-02,450,17717,79,9007,371,8710,0,0,345,12198,102,2723,347,14921,California
Humboldt,2021-02-03,672,18389,266,9273,406,9116,0,0,519,12564,153,2876,519,15440,California
Humboldt,2021-02-04,653,19042,260,9533,393,9509,0,0,444,12802,206,3082,444,15884,California
Humboldt,2021-02-05,810,19852,93,9626,717,10226,0,0,623,13238,187,3269,623,16507,California
Humboldt,2021-02-06,1078,20930,466,10092,612,10838,0,0,1033,14228,44,3313,1034,17541,California
Humboldt,2021-02-07,379,21309,9,10101,370,11208,0,0,374,14599,4,3317,375,17916,California
Humboldt,2021-02-08,337,21646,146,10247,191,11399,0,0,179,14621,157,3474,179,18095,California
Humboldt,2021-02-09,502,22148,228,10475,274,11673,0,0,176,14471,326,3800,176,18271,California
Humboldt,2021-02-10,563,22711,372,10847,191,11864,0,0,233,14379,325,4125,233,18504,California
Humboldt,2021-02-11,1315,24026,396,11243,919,12783,0,0,492,14053,820,4945,494,18998,California
Humboldt,2021-02-12,1156,25182,738,11981,418,13201,0,0,708,14313,448,5393,708,19706,California
Humboldt,2021-02-13,1545,26727,597,12578,948,14149,0,0,925,14620,618,6011,925,20631,California
Humboldt,2021-02-14,110,26837,4,12582,106,14255,0,0,107,14725,2,6013,107,20738,California
Humboldt,2021-02-15,294,27131,81,12663,213,14468,0,0,193,14818,100,6113,193,20931,California
Humboldt,2021-02-16,544,27675,121,12784,423,14891,0,0,252,14779,292,6405,253,21184,California
Humboldt,2021-02-17,449,28124,277,13061,172,15063,0,0,131,14593,317,6722,131,21315,California
Humboldt,2021-02-18,1020,29144,598,13659,422,15485,0,0,274,14123,744,7466,274,21589,California
Humboldt,2021-02-19,481,29625,435,14094,46,15531,0,0,90,13825,388,7854,90,21679,California
Humboldt,2021-02-20,1670,31295,1013,15107,657,16188,0,0,484,13129,1183,9037,487,22166,California
Humboldt,2021-02-21,479,31774,471,15578,8,16196,0,0,181,13013,298,9335,182,22348,California
Humboldt,2021-02-22,138,31912,94,15672,44,16240,0,0,29,12935,107,9442,29,22377,California
Humboldt,2021-02-23,181,32093,71,15743,110,16350,0,0,44,12844,135,9577,44,22421,California
Humboldt,2021-02-24,1213,33306,741,16484,472,16822,0,0,586,12804,626,10203,586,23007,California
Humboldt,2021-02-25,834,34140,319,16803,515,17337,0,0,231,12434,601,10804,231,23238,California
Humboldt,2021-02-26,2152,36292,107,16910,2045,19382,0,0,446,11181,1700,12504,447,23685,California
Humboldt,2021-02-27,1710,38002,1090,18000,620,20002,0,0,855,11187,853,13357,859,24544,California
Humboldt,2021-02-28,123,38125,11,18011,112,20114,0,0,117,11298,6,13363,117,24661,California
Humboldt,2021-03-01,257,38382,45,18056,212,20326,0,0,183,11407,74,13437,183,24844,California
Humboldt,2021-03-02,299,38681,50,18106,249,20575,0,0,163,11434,136,13573,163,25007,California
Humboldt,2021-03-03,1667,40348,1101,19207,566,21141,0,0,1223,12220,438,14011,1224,26231,California
Humboldt,2021-03-04,921,41269,112,19319,809,21950,0,0,296,11893,625,14636,298,26529,California
Humboldt,2021-03-05,946,42215,188,19507,747,22697,11,11,387,11735,556,15192,398,26927,California
Humboldt,2021-03-06,1799,44014,941,20448,809,23506,49,60,802,11590,996,16188,851,27778,California
Humboldt,2021-03-07,364,44378,293,20741,53,23559,18,78,157,11558,207,16395,175,27953,California
Humboldt,2021-03-08,278,44656,6,20747,193,23752,79,157,182,11724,95,16490,261,28214,California
Humboldt,2021-03-09,500,45156,207,20954,145,23897,148,305,245,11863,253,16743,392,28606,California
Humboldt,2021-03-10,692,45848,468,21422,70,23967,154,459,420,12164,271,17014,572,29178,California
Humboldt,2021-03-11,1472,47320,458,21880,914,24881,100,559,646,12088,821,17835,745,29923,California
Humboldt,2021-03-12,1748,49068,1083,22963,443,25324,222,781,1052,12677,688,18523,1277,31200,California
Humboldt,2021-03-13,1587,50655,1037,24000,498,25822,52,833,670,12488,911,19434,722,31922,California
Humboldt,2021-03-14,142,50797,19,24019,115,25937,8,841,30,12414,112,19546,38,31960,California
Humboldt,2021-03-15,277,51074,51,24070,204,26141,22,863,59,12277,218,19764,81,32041,California
Humboldt,2021-03-16,636,51710,201,24271,174,26315,261,1124,260,12421,375,20139,519,32560,California
Humboldt,2021-03-17,730,52440,394,24665,228,26543,108,1232,340,12480,389,20528,448,33008,California
Humboldt,2021-03-18,1739,54179,1170,25835,526,27069,43,1275,1041,12870,694,21222,1084,34092,California
Humboldt,2021-03-19,1075,55254,61,25896,700,27769,314,1589,441,12993,631,21853,754,34846,California
Humboldt,2021-03-20,1383,56637,755,26651,614,28383,14,1603,424,12475,957,22810,439,35285,California
Humboldt,2021-03-21,250,56887,33,26684,188,28571,29,1632,205,12663,45,22855,233,35518,California
Humboldt,2021-03-22,118,57005,15,26699,53,28624,50,1682,62,12721,54,22909,112,35630,California
Humboldt,2021-03-23,414,57419,42,26741,329,28953,43,1725,320,12992,92,23001,363,35993,California
Humboldt,2021-03-24,1415,58834,388,27129,979,29932,48,1773,1038,13708,369,23370,1085,37078,California
Humboldt,2021-03-25,1838,60672,1212,28341,564,30496,62,1835,947,13828,889,24259,1009,38087,California
Humboldt,2021-03-26,2041,62713,438,28779,1545,32041,58,1893,1594,15038,441,24700,1651,39738,California
Humboldt,2021-03-27,2079,64792,1498,30277,409,32450,172,2065,1101,15337,974,25674,1273,41011,California
Humboldt,2021-03-28,267,65059,81,30358,114,32564,72,2137,83,15310,183,25857,156,41167,California
Humboldt,2021-03-29,466,65525,124,30482,246,32810,96,2233,197,15334,268,26125,292,41459,California
Humboldt,2021-03-30,943,66468,305,30787,524,33334,114,2347,558,15625,380,26505,671,42130,California
Humboldt,2021-03-31,1869,68337,521,31308,1250,34584,98,2445,1410,16680,455,26960,1510,43640,California
Humboldt,2021-04-01,2112,70449,702,32010,1317,35901,93,2538,1481,17631,623,27583,1574,45214,California
Humboldt,2021-04-02,1721,72170,1111,33121,505,36406,105,2643,617,17255,1098,28681,722,45936,California
Humboldt,2021-04-03,1666,73836,1507,34628,145,36551,14,2657,670,16953,986,29667,684,46620,California
Humboldt,2021-04-04,484,74320,371,34999,104,36655,9,2666,403,17284,81,29748,412,47032,California
Humboldt,2021-04-05,778,75098,463,35462,267,36922,48,2714,442,17440,334,30082,490,47522,California
Humboldt,2021-04-06,844,75942,319,35781,391,37313,134,2848,587,17908,251,30333,719,48241,California
Humboldt,2021-04-07,1498,77440,1067,36848,291,37604,140,2988,994,18541,501,30834,1134,49375,California
Humboldt,2021-04-08,1751,79191,1097,37945,496,38100,158,3146,740,18430,1009,31843,898,50273,California
Humboldt,2021-04-09,1440,80631,439,38384,847,38947,154,3300,1152,19442,287,32130,1299,51572,California
Humboldt,2021-04-10,935,81566,138,38522,623,39570,174,3474,736,20153,197,32327,908,52480,California
Humboldt,2021-04-11,644,82210,138,38660,36,39606,470,3944,128,20234,516,32843,597,53077,California
Humboldt,2021-04-12,437,82647,227,38887,85,39691,125,4069,278,20478,159,33002,403,53480,California
Humboldt,2021-04-13,591,83238,325,39212,262,39953,4,4073,557,21007,31,33033,560,54040,California
Humboldt,2021-04-14,1436,84674,1035,40247,401,40354,0,4073,1323,22218,112,33145,1323,55363,California
Humboldt,2021-04-15,1823,86497,1198,41445,621,40975,4,4077,1255,22925,550,33695,1257,56620,California
Humboldt,2021-04-16,1135,87632,522,41967,613,41588,0,4077,549,22891,583,34278,549,57169,California
Humboldt,2021-04-17,1846,89478,1524,43491,322,41910,0,4077,1050,23151,790,35068,1050,58219,California
Humboldt,2021-04-18,660,90138,348,43839,311,42221,1,4078,82,22661,572,35640,82,58301,California
Humboldt,2021-04-19,202,90340,85,43924,117,42338,0,4078,87,22635,113,35753,87,58388,California
Humboldt,2021-04-20,488,90828,128,44052,360,42698,0,4078,242,22632,245,35998,242,58630,California
Humboldt,2021-04-21,1093,91921,382,44434,711,43409,0,4078,433,22415,651,36649,434,59064,California
Humboldt,2021-04-22,880,92801,527,44961,352,43761,1,4079,446,22430,431,37080,446,59510,California
Humboldt,2021-04-23,2165,94966,305,45266,1860,45621,0,4079,315,20899,1846,38926,315,59825,California
Humboldt,2021-04-24,1088,96054,883,46149,200,45821,5,4084,361,20541,724,39650,366,60191,California
Humboldt,2021-04-25,376,96430,240,46389,136,45957,0,4084,193,20554,180,39830,193,60384,California
Humboldt,2021-04-26,354,96784,251,46640,99,46056,4,4088,99,20402,253,40083,101,60485,California
Humboldt,2021-04-27,760,97544,262,46902,469,46525,29,4117,153,19979,605,40688,182,60667,California
Humboldt,2021-04-28,1540,99084,793,47695,702,47227,45,4162,398,19282,1140,41828,443,61110,California
Humboldt,2021-04-29,1739,100823,591,48286,1110,48337,38,4200,291,18167,1444,43272,329,61439,California
Humboldt,2021-04-30,1248,102071,392,48678,822,49159,34,4234,191,17339,1051,44323,223,61662,California
Humboldt,2021-05-01,467,102538,385,49063,60,49219,22,4256,289,17473,177,44500,311,61973,California
Humboldt,2021-05-02,230,102768,184,49247,37,49256,9,4265,115,17483,114,44614,124,62097,California
Humboldt,2021-05-03,612,103380,375,49622,213,49469,24,4289,99,17096,511,45125,124,62221,California
Humboldt,2021-05-04,822,104202,483,50105,293,49762,46,4335,252,16826,567,45692,297,62518,California
Humboldt,2021-05-05,1685,105887,1076,51181,552,50314,57,4392,178,15559,1500,47192,233,62751,California
Humboldt,2021-05-06,1690,107577,1073,52254,364,50678,253,4645,138,14401,1549,48741,391,63142,California
Humboldt,2021-05-07,1417,108994,301,52555,1057,51735,59,4704,237,13518,1177,49918,294,63436,California
Humboldt,2021-05-08,740,109734,146,52701,571,52306,23,4727,91,12984,648,50566,114,63550,California
Humboldt,2021-05-09,909,110643,857,53558,42,52348,10,4737,48,12181,861,51427,58,63608,California
Humboldt,2021-05-10,216,110859,36,53594,142,52490,38,4775,83,12169,133,51560,121,63729,California
Humboldt,2021-05-11,500,111359,148,53742,279,52769,73,4848,188,12118,312,51872,261,63990,California
Humboldt,2021-05-12,618,111977,140,53882,432,53201,46,4894,229,12004,388,52260,274,64264,California
Humboldt,2021-05-13,585,112562,290,54172,268,53469,27,4921,272,11992,311,52571,299,64563,California
Humboldt,2021-05-14,702,113264,140,54312,458,53927,104,5025,231,11858,468,53039,334,64897,California
Humboldt,2021-05-15,779,114043,640,54952,131,54058,8,5033,208,11504,570,53609,216,65113,California
Humboldt,2021-05-16,123,114166,54,55006,65,54123,4,5037,70,11525,53,53662,74,65187,California
Humboldt,2021-05-17,402,114568,214,55220,166,54289,22,5059,223,11593,177,53839,245,65432,California
Humboldt,2021-05-18,663,115231,323,55543,311,54600,29,5088,369,11697,294,54133,398,65830,California
Humboldt,2021-05-19,989,116220,548,56091,398,54998,43,5131,358,11469,627,54760,399,66229,California
Humboldt,2021-05-20,812,117032,605,56696,195,55193,12,5143,592,11857,217,54977,605,66834,California
Humboldt,2021-05-21,875,117907,290,56986,524,55717,61,5204,372,11787,503,55480,433,67267,California
Humboldt,2021-05-22,411,118318,318,57304,85,55802,8,5212,145,11676,264,55744,153,67420,California
Humboldt,2021-05-23,387,118705,320,57624,64,55866,3,5215,71,11434,316,56060,74,67494,California
Humboldt,2021-05-24,325,119030,172,57796,124,55990,29,5244,187,11513,137,56197,216,67710,California
Humboldt,2021-05-25,529,119559,337,58133,168,56158,24,5268,289,11589,237,56434,313,68023,California
Humboldt,2021-05-26,646,120205,310,58443,312,56470,24,5292,312,11592,333,56767,336,68359,California
Humboldt,2021-05-27,461,120666,244,58687,180,56650,37,5329,279,11726,182,56949,316,68675,California
Humboldt,2021-05-28,410,121076,194,58881,169,56819,47,5376,181,11726,228,57177,228,68903,California
Humboldt,2021-05-29,170,121246,101,58982,66,56885,3,5379,97,11753,73,57250,100,69003,California
Humboldt,2021-05-30,104,121350,45,59027,54,56939,5,5384,49,11753,54,57304,54,69057,California
Humboldt,2021-05-31,96,121446,50,59077,40,56979,6,5390,72,11807,23,57327,77,69134,California
Humboldt,2021-06-01,458,121904,269,59346,174,57153,15,5405,204,11773,253,57580,219,69353,California
Humboldt,2021-06-02,530,122434,249,59595,228,57381,53,5458,243,11786,281,57861,294,69647,California
Humboldt,2021-06-03,390,122824,226,59821,142,57523,22,5480,88,11622,274,58135,110,69757,California
Humboldt,2021-06-04,504,123328,314,60135,167,57690,23,5503,134,11452,326,58461,156,69913,California
Humboldt,2021-06-05,407,123735,312,60447,50,57740,45,5548,205,11555,147,58608,250,70163,California
Humboldt,2021-06-06,168,123903,116,60563,43,57783,9,5557,70,11541,93,58701,79,70242,California
Humboldt,2021-06-07,352,124255,216,60779,112,57895,24,5581,114,11442,237,58938,138,70380,California
Humboldt,2021-06-08,516,124771,303,61082,184,58079,29,5610,152,11260,363,59301,181,70561,California
Humboldt,2021-06-09,284,125055,133,61215,118,58197,33,5643,97,11205,185,59486,130,70691,California
Humboldt,2021-06-10,447,125502,379,61594,41,58238,27,5670,61,10907,384,59870,86,70777,California
Humboldt,2021-06-11,194,125696,87,61681,85,58323,22,5692,32,10800,161,60031,54,70831,California
Imperial,2020-12-16,1,1,1,1,0,0,0,0,1,1,0,0,1,1,California
Imperial,2020-12-17,4,5,4,5,0,0,0,0,4,5,0,0,4,5,California
Imperial,2020-12-18,12,17,12,17,0,0,0,0,12,17,0,0,12,17,California
Imperial,2020-12-20,3,20,3,20,0,0,0,0,3,20,0,0,3,20,California
Imperial,2020-12-21,186,206,186,206,0,0,0,0,186,206,0,0,186,206,California
Imperial,2020-12-22,241,447,239,445,2,2,0,0,241,447,0,0,241,447,California
Imperial,2020-12-23,211,658,210,655,1,3,0,0,210,657,0,0,210,657,California
Imperial,2020-12-24,5,663,5,660,0,3,0,0,5,662,0,0,5,662,California
Imperial,2020-12-26,2,665,1,661,1,4,0,0,2,664,0,0,2,664,California
Imperial,2020-12-27,62,727,0,661,62,66,0,0,62,726,0,0,62,726,California
Imperial,2020-12-28,214,941,114,775,100,166,0,0,214,940,0,0,214,940,California
Imperial,2020-12-29,189,1130,36,811,153,319,0,0,189,1129,0,0,189,1129,California
Imperial,2020-12-30,367,1497,50,861,317,636,0,0,367,1496,0,0,367,1496,California
Imperial,2020-12-31,198,1695,27,888,171,807,0,0,198,1694,0,0,198,1694,California
Imperial,2021-01-01,47,1742,5,893,42,849,0,0,47,1741,0,0,47,1741,California
Imperial,2021-01-02,4,1746,0,893,4,853,0,0,4,1745,0,0,4,1745,California
Imperial,2021-01-03,90,1836,0,893,90,943,0,0,90,1835,0,0,90,1835,California
Imperial,2021-01-04,87,1923,7,900,80,1023,0,0,87,1922,0,0,87,1922,California
Imperial,2021-01-05,172,2095,14,914,158,1181,0,0,172,2094,0,0,172,2094,California
Imperial,2021-01-06,190,2285,26,940,164,1345,0,0,189,2282,1,1,189,2283,California
Imperial,2021-01-07,324,2609,12,952,312,1657,0,0,321,2600,3,4,321,2604,California
Imperial,2021-01-08,194,2803,53,1005,141,1798,0,0,184,2774,10,14,184,2788,California
Imperial,2021-01-09,24,2827,21,1026,3,1801,0,0,24,2798,0,14,24,2812,California
Imperial,2021-01-10,5,2832,1,1027,4,1805,0,0,4,2801,1,15,4,2816,California
Imperial,2021-01-11,403,3235,244,1271,159,1964,0,0,175,2748,228,243,175,2991,California
Imperial,2021-01-12,409,3644,305,1576,104,2068,0,0,147,2634,261,504,147,3138,California
Imperial,2021-01-13,379,4023,133,1709,246,2314,0,0,279,2813,100,604,279,3417,California
Imperial,2021-01-14,259,4282,149,1858,110,2424,0,0,253,3061,5,609,253,3670,California
Imperial,2021-01-15,239,4521,181,2039,58,2482,0,0,232,3286,7,616,232,3902,California
Imperial,2021-01-16,80,4601,74,2113,6,2488,0,0,79,3364,1,617,79,3981,California
Imperial,2021-01-17,10,4611,2,2115,8,2496,0,0,10,3374,0,617,10,3991,California
Imperial,2021-01-18,1064,5675,399,2514,665,3161,0,0,966,4243,98,715,967,4958,California
Imperial,2021-01-19,169,5844,132,2646,37,3198,0,0,122,4318,47,762,122,5080,California
Imperial,2021-01-20,296,6140,198,2844,98,3296,0,0,258,4538,38,800,258,5338,California
Imperial,2021-01-21,435,6575,200,3044,235,3531,0,0,413,4929,22,822,413,5751,California
Imperial,2021-01-22,466,7041,192,3236,274,3805,0,0,457,5377,9,831,457,6208,California
Imperial,2021-01-23,1046,8087,294,3530,752,4557,0,0,1045,6421,1,832,1045,7253,California
Imperial,2021-01-24,11,8098,5,3535,6,4563,0,0,10,6430,1,833,10,7263,California
Imperial,2021-01-25,215,8313,5,3540,210,4773,0,0,34,6285,179,1012,34,7297,California
Imperial,2021-01-26,376,8689,190,3730,186,4959,0,0,232,6374,143,1155,232,7529,California
Imperial,2021-01-27,584,9273,169,3899,415,5374,0,0,249,6288,335,1490,249,7778,California
Imperial,2021-01-28,646,9919,165,4064,481,5855,0,0,536,6714,110,1600,536,8314,California
Imperial,2021-01-29,434,10353,301,4365,133,5988,0,0,384,7048,50,1650,384,8698,California
Imperial,2021-01-30,61,10414,34,4399,27,6015,0,0,44,7075,17,1667,44,8742,California
Imperial,2021-01-31,21,10435,11,4410,10,6025,0,0,20,7094,1,1668,20,8762,California
Imperial,2021-02-01,429,10864,58,4468,371,6396,0,0,218,7103,209,1877,218,8980,California
Imperial,2021-02-02,692,11556,62,4530,630,7026,0,0,508,7427,184,2061,508,9488,California
Imperial,2021-02-03,464,12020,52,4582,412,7438,0,0,268,7500,195,2256,268,9756,California
Imperial,2021-02-04,1732,13752,1212,5794,520,7958,0,0,1420,8609,311,2567,1420,11176,California
Imperial,2021-02-05,402,14154,242,6036,160,8118,0,0,169,8544,234,2801,169,11345,California
Imperial,2021-02-06,860,15014,837,6873,23,8141,0,0,825,9332,37,2838,825,12170,California
Imperial,2021-02-07,22,15036,9,6882,13,8154,0,0,21,9352,1,2839,21,12191,California
Imperial,2021-02-08,265,15301,57,6939,208,8362,0,0,196,9479,69,2908,196,12387,California
Imperial,2021-02-09,496,15797,170,7109,326,8688,0,0,333,9649,163,3071,333,12720,California
Imperial,2021-02-10,469,16266,63,7172,406,9094,0,0,106,9393,363,3434,107,12827,California
Imperial,2021-02-11,1049,17315,374,7546,675,9769,0,0,155,8659,889,4323,155,12982,California
Imperial,2021-02-12,2173,19488,1442,8988,731,10500,0,0,1818,10120,358,4681,1819,14801,California
Imperial,2021-02-13,48,19536,17,9005,31,10531,0,0,43,10156,8,4689,44,14845,California
Imperial,2021-02-14,24,19560,12,9017,12,10543,0,0,21,10174,3,4692,21,14866,California
Imperial,2021-02-15,115,19675,26,9043,89,10632,0,0,91,10241,24,4716,91,14957,California
Imperial,2021-02-16,530,20205,276,9319,254,10886,0,0,310,10331,220,4936,310,15267,California
Imperial,2021-02-17,446,20651,289,9608,157,11043,0,0,88,10061,358,5294,88,15355,California
Imperial,2021-02-18,657,21308,319,9927,338,11381,0,0,147,9699,509,5803,147,15502,California
Imperial,2021-02-19,778,22086,386,10313,392,11773,0,0,196,9314,581,6384,196,15698,California
Imperial,2021-02-20,1048,23134,196,10509,852,12625,0,0,330,8930,716,7100,332,16030,California
Imperial,2021-02-21,593,23727,559,11068,34,12659,0,0,581,9500,11,7111,581,16611,California
Imperial,2021-02-22,817,24544,576,11644,241,12900,0,0,767,10217,50,7161,767,17378,California
Imperial,2021-02-23,980,25524,409,12053,571,13471,0,0,923,11084,57,7218,924,18302,California
Imperial,2021-02-24,743,26267,305,12358,438,13909,0,0,640,11622,102,7320,640,18942,California
Imperial,2021-02-25,884,27151,346,12704,538,14447,0,0,509,11763,374,7694,515,19457,California
Imperial,2021-02-26,2300,29451,1357,14061,943,15390,0,0,1815,13095,484,8178,1816,21273,California
Imperial,2021-02-27,870,30321,812,14873,58,15448,0,0,136,12495,736,8914,136,21409,California
Imperial,2021-02-28,35,30356,22,14895,13,15461,0,0,25,12510,10,8924,25,21434,California
Imperial,2021-03-01,530,30886,307,15202,220,15681,3,3,456,12900,70,8994,460,21894,California
Imperial,2021-03-02,693,31579,253,15455,439,16120,1,4,395,13002,296,9290,398,22292,California
Imperial,2021-03-03,932,32511,53,15508,878,16998,1,5,562,13209,367,9657,574,22866,California
Imperial,2021-03-04,778,33289,90,15598,687,17685,1,6,509,13481,267,9924,539,23405,California
Imperial,2021-03-05,3112,36401,2222,17820,890,18575,0,6,1747,13862,1368,11292,1749,25154,California
Imperial,2021-03-06,703,37104,239,18059,464,19039,0,6,659,14484,41,11333,663,25817,California
Imperial,2021-03-07,85,37189,42,18101,43,19082,0,6,60,14521,24,11357,61,25878,California
Imperial,2021-03-08,430,37619,345,18446,50,19132,35,41,367,14860,63,11420,402,26280,California
Imperial,2021-03-09,711,38330,335,18781,129,19261,247,288,410,15215,301,11721,656,26936,California
Imperial,2021-03-10,707,39037,329,19110,273,19534,105,393,331,15276,375,12096,436,27372,California
Imperial,2021-03-11,1807,40844,488,19598,1128,20662,191,584,1200,16074,603,12699,1401,28773,California
Imperial,2021-03-12,4821,45665,3477,23075,1158,21820,186,770,3097,17639,1718,14417,3283,32056,California
Imperial,2021-03-13,1160,46825,95,23170,840,22660,225,995,863,18437,294,14711,1092,33148,California
Imperial,2021-03-14,179,47004,37,23207,127,22787,15,1010,141,18556,38,14749,157,33305,California
Imperial,2021-03-15,706,47710,237,23444,205,22992,264,1274,399,18914,305,15054,663,33968,California
Imperial,2021-03-16,1134,48844,287,23731,377,23369,470,1744,567,19385,565,15619,1036,35004,California
Imperial,2021-03-17,1623,50467,708,24439,778,24147,137,1881,1026,19960,589,16208,1164,36168,California
Imperial,2021-03-18,1839,52306,1218,25657,561,24708,60,1941,1300,20787,535,16743,1362,37530,California
Imperial,2021-03-19,3800,56106,2780,28437,1016,25724,4,1945,1921,20842,1871,18614,1926,39456,California
Imperial,2021-03-20,1773,57879,553,28990,1214,26938,6,1951,1321,21729,446,19060,1333,40789,California
Imperial,2021-03-21,218,58097,35,29025,179,27117,4,1955,160,21839,58,19118,168,40957,California
Imperial,2021-03-22,1075,59172,355,29380,711,27828,9,1964,635,22047,438,19556,646,41603,California
Imperial,2021-03-23,1470,60642,453,29833,1011,28839,6,1970,948,22484,518,20074,955,42558,California
Imperial,2021-03-24,2173,62815,578,30411,1169,30008,426,2396,1176,23091,994,21068,1601,44159,California
Imperial,2021-03-25,3228,66043,704,31115,901,30909,1623,4019,1216,23914,2006,23074,2829,46988,California
Imperial,2021-03-26,3230,69273,1185,32300,1053,31962,992,5011,928,23543,2290,25364,1919,48907,California
Imperial,2021-03-27,621,69894,288,32588,281,32243,52,5063,449,23875,169,25533,501,49408,California
Imperial,2021-03-28,219,70113,56,32644,161,32404,2,5065,177,24013,41,25574,179,49587,California
Imperial,2021-03-29,1491,71604,366,33010,401,32805,724,5789,338,23922,1150,26724,1059,50646,California
Imperial,2021-03-30,2121,73725,699,33709,607,33412,815,6604,700,24016,1419,28143,1513,52159,California
Imperial,2021-03-31,1558,75283,739,34448,813,34225,6,6610,1035,24536,520,28663,1040,53199,California
Imperial,2021-04-01,2063,77346,437,34885,1382,35607,244,6854,885,24492,1172,29835,1128,54327,California
Imperial,2021-04-02,1966,79312,489,35374,1402,37009,75,6929,1335,25275,625,30460,1408,55735,California
Imperial,2021-04-03,1529,80841,439,35813,1011,38020,79,7008,711,25250,815,31275,790,56525,California
Imperial,2021-04-04,91,80932,47,35860,27,38047,17,7025,25,25226,66,31341,42,56567,California
Imperial,2021-04-05,3416,84348,2326,38186,925,38972,165,7190,808,23601,2598,33939,973,57540,California
Imperial,2021-04-06,1335,85683,546,38732,596,39568,193,7383,698,23861,632,34571,892,58432,California
Imperial,2021-04-07,2174,87857,562,39294,1235,40803,377,7760,1565,25187,614,35185,1940,60372,California
Imperial,2021-04-08,2224,90081,1091,40385,836,41639,297,8057,1078,25418,1142,36327,1373,61745,California
Imperial,2021-04-09,3233,93314,1665,42050,949,42588,619,8676,1522,25855,1703,38030,2140,63885,California
Imperial,2021-04-10,1309,94623,205,42255,831,43419,273,8949,244,25305,1062,39092,512,64397,California
Imperial,2021-04-11,222,94845,32,42287,158,43577,32,8981,77,25269,145,39237,109,64506,California
Imperial,2021-04-12,1466,96311,787,43074,457,44034,222,9203,834,25699,626,39863,1056,65562,California
Imperial,2021-04-13,2954,99265,1915,44989,1037,45071,2,9205,2051,26854,899,40762,2054,67616,California
Imperial,2021-04-14,2067,101332,970,45959,1097,46168,0,9205,1401,27596,660,41422,1402,69018,California
Imperial,2021-04-15,1999,103331,914,46873,1085,47253,0,9205,1363,28330,631,42053,1365,70383,California
Imperial,2021-04-16,3458,106789,1804,48677,1654,48907,0,9205,2163,29212,1282,43335,2164,72547,California
Imperial,2021-04-17,1821,108610,937,49614,882,49789,2,9207,1417,30233,399,43734,1420,73967,California
Imperial,2021-04-18,259,108869,75,49689,184,49973,0,9207,91,30158,166,43900,91,74058,California
Imperial,2021-04-19,863,109732,277,49966,586,50559,0,9207,477,30256,383,44283,481,74539,California
Imperial,2021-04-20,1340,111072,541,50507,799,51358,0,9207,750,30419,588,44871,751,75290,California
Imperial,2021-04-21,1395,112467,348,50855,1046,52404,1,9208,807,30644,582,45453,807,76097,California
Imperial,2021-04-22,2361,114828,823,51678,1538,53942,0,9208,1626,31552,720,46173,1628,77725,California
Imperial,2021-04-23,2839,117667,539,52217,2300,56242,0,9208,1097,30942,1711,47884,1101,78826,California
Imperial,2021-04-24,562,118229,335,52552,227,56469,0,9208,206,30795,353,48237,206,79032,California
Imperial,2021-04-25,274,118503,103,52655,171,56640,0,9208,139,30801,133,48370,139,79171,California
Imperial,2021-04-26,1251,119754,498,53153,749,57389,4,9212,716,30991,529,48899,719,79890,California
Imperial,2021-04-27,1150,120904,381,53534,759,58148,10,9222,567,30991,577,49476,577,80467,California
Imperial,2021-04-28,1500,122404,653,54187,818,58966,29,9251,679,30884,815,50291,708,81175,California
Imperial,2021-04-29,1851,124255,868,55055,935,59901,48,9299,819,30730,1022,51313,868,82043,California
Imperial,2021-04-30,3274,127529,1682,56737,1558,61459,34,9333,1582,30666,1681,52994,1617,83660,California
Imperial,2021-05-01,341,127870,144,56881,194,61653,3,9336,164,30658,176,53170,168,83828,California
Imperial,2021-05-02,85,127955,26,56907,57,61710,2,9338,51,30678,34,53204,54,83882,California
Imperial,2021-05-03,1652,129607,556,57463,1048,62758,48,9386,378,29841,1262,54466,425,84307,California
Imperial,2021-05-04,1766,131373,973,58436,766,63524,27,9413,542,29194,1216,55682,569,84876,California
Imperial,2021-05-05,1511,132884,898,59334,592,64116,21,9434,446,28609,1053,56735,468,85344,California
Imperial,2021-05-06,1699,134583,1116,60450,541,64657,42,9476,549,28056,1144,57879,591,85935,California
Imperial,2021-05-07,2500,137083,1366,61816,1089,65746,45,9521,847,27316,1635,59514,895,86830,California
Imperial,2021-05-08,639,137722,503,62319,128,65874,8,9529,174,27036,462,59976,182,87012,California
Imperial,2021-05-09,96,137818,63,62382,32,65906,1,9530,29,27002,64,60040,30,87042,California
Imperial,2021-05-10,1157,138975,303,62685,731,66637,123,9653,341,26656,809,60849,463,87505,California
Imperial,2021-05-11,1479,140454,476,63161,984,67621,19,9672,496,26200,975,61824,519,88024,California
Imperial,2021-05-12,858,141312,273,63434,547,68168,38,9710,303,25990,550,62374,340,88364,California
Imperial,2021-05-13,1869,143181,1251,64685,546,68714,72,9782,820,25841,1040,63414,891,89255,California
Imperial,2021-05-14,1764,144945,973,65658,731,69445,60,9842,1157,26462,596,64010,1217,90472,California
Imperial,2021-05-15,1236,146181,478,66136,737,70182,21,9863,469,26191,761,64771,490,90962,California
Imperial,2021-05-16,123,146304,83,66219,37,70219,3,9866,50,26172,72,64843,53,91015,California
Imperial,2021-05-17,1923,148227,715,66934,1166,71385,42,9908,676,25650,1241,66084,719,91734,California
Imperial,2021-05-18,1677,149904,884,67818,721,72106,72,9980,915,25881,756,66840,987,92721,California
Imperial,2021-05-19,1285,151189,605,68423,611,72717,69,10049,611,25893,667,67507,679,93400,California
Imperial,2021-05-20,1603,152792,1013,69436,523,73240,67,10116,725,25820,866,68373,793,94193,California
Imperial,2021-05-21,1877,154669,1191,70627,622,73862,64,10180,931,25880,936,69309,996,95189,California
Imperial,2021-05-22,288,154957,183,70810,89,73951,16,10196,150,25913,133,69442,166,95355,California
Imperial,2021-05-23,92,155049,32,70842,51,74002,9,10205,33,25898,57,69499,42,95397,California
Imperial,2021-05-24,1252,156301,614,71456,580,74582,58,10263,518,25747,727,70226,576,95973,California
Imperial,2021-05-25,1437,157738,473,71929,931,75513,33,10296,515,25383,913,71139,549,96522,California
Imperial,2021-05-26,1031,158769,535,72464,448,75961,48,10344,450,25303,578,71717,498,97020,California
Imperial,2021-05-27,1318,160087,725,73189,523,76484,70,10414,643,25347,669,72386,713,97733,California
Imperial,2021-05-28,1019,161106,584,73773,363,76847,72,10486,380,25169,630,73016,452,98185,California
Imperial,2021-05-29,225,161331,126,73899,93,76940,6,10492,115,25180,110,73126,121,98306,California
Imperial,2021-05-30,94,161425,27,73926,65,77005,2,10494,63,25214,31,73157,65,98371,California
Imperial,2021-05-31,77,161502,19,73945,52,77057,6,10500,34,25211,43,73200,40,98411,California
Imperial,2021-06-01,1185,162687,547,74492,573,77630,65,10565,473,25046,704,73904,539,98950,California
Imperial,2021-06-02,1091,163778,599,75091,401,78031,91,10656,560,25168,527,74431,649,99599,California
Imperial,2021-06-03,1243,165021,730,75821,420,78451,93,10749,595,25215,641,75072,688,100287,California
Imperial,2021-06-04,2208,167229,1582,77403,522,78973,104,10853,979,25079,1219,76291,1083,101370,California
Imperial,2021-06-05,362,167591,229,77632,118,79091,15,10868,177,25090,181,76472,192,101562,California
Imperial,2021-06-06,82,167673,46,77678,24,79115,12,10880,44,25108,38,76510,56,101618,California
Imperial,2021-06-07,990,168663,647,78325,278,79393,65,10945,495,25175,493,77003,560,102178,California
Imperial,2021-06-08,1342,170005,1018,79343,267,79660,57,11002,544,24982,794,77797,601,102779,California
Imperial,2021-06-09,937,170942,697,80040,183,79843,57,11059,431,24974,499,78296,491,103270,California
Imperial,2021-06-10,989,171931,688,80728,257,80100,44,11103,389,24809,597,78893,432,103702,California
Imperial,2021-06-11,1155,173086,817,81545,303,80403,35,11138,475,24648,671,79564,510,104212,California
Inyo,2020-12-19,85,85,85,85,0,0,0,0,85,85,0,0,85,85,California
Inyo,2020-12-20,59,144,59,144,0,0,0,0,59,144,0,0,59,144,California
Inyo,2020-12-21,88,232,85,229,3,3,0,0,88,232,0,0,88,232,California
Inyo,2020-12-22,102,334,102,331,0,3,0,0,102,334,0,0,102,334,California
Inyo,2020-12-23,68,402,65,396,3,6,0,0,68,402,0,0,68,402,California
Inyo,2020-12-24,16,418,16,412,0,6,0,0,16,418,0,0,16,418,California
Inyo,2020-12-25,1,419,0,412,1,7,0,0,1,419,0,0,1,419,California
Inyo,2020-12-26,74,493,74,486,0,7,0,0,74,493,0,0,74,493,California
Inyo,2020-12-28,48,541,36,522,12,19,0,0,48,541,0,0,48,541,California
Inyo,2020-12-29,19,560,19,541,0,19,0,0,19,560,0,0,19,560,California
Inyo,2020-12-30,56,616,54,595,2,21,0,0,56,616,0,0,56,616,California
Inyo,2020-12-31,29,645,0,595,29,50,0,0,29,645,0,0,29,645,California
Inyo,2021-01-01,1,646,0,595,1,51,0,0,1,646,0,0,1,646,California
Inyo,2021-01-03,1,647,0,595,1,52,0,0,1,647,0,0,1,647,California
Inyo,2021-01-04,2,649,1,596,1,53,0,0,2,649,0,0,2,649,California
Inyo,2021-01-05,34,683,0,596,34,87,0,0,34,683,0,0,34,683,California
Inyo,2021-01-06,61,744,0,596,61,148,0,0,61,744,0,0,61,744,California
Inyo,2021-01-07,31,775,1,597,30,178,0,0,31,775,0,0,31,775,California
Inyo,2021-01-08,9,784,8,605,1,179,0,0,4,775,5,5,5,780,California
Inyo,2021-01-09,86,870,86,691,0,179,0,0,0,689,86,91,0,780,California
Inyo,2021-01-10,53,923,53,744,0,179,0,0,0,636,53,144,0,780,California
Inyo,2021-01-11,97,1020,82,826,15,194,0,0,16,571,81,225,16,796,California
Inyo,2021-01-12,135,1155,114,940,21,215,0,0,27,490,108,333,27,823,California
Inyo,2021-01-13,85,1240,67,1007,18,233,0,0,21,448,64,397,22,845,California
Inyo,2021-01-14,58,1298,13,1020,45,278,0,0,48,486,10,407,48,893,California
Inyo,2021-01-15,156,1454,28,1048,128,406,0,0,156,642,0,407,156,1049,California
Inyo,2021-01-16,73,1527,73,1121,0,406,0,0,0,569,73,480,0,1049,California
Inyo,2021-01-18,58,1585,36,1157,22,428,0,0,19,549,39,519,19,1068,California
Inyo,2021-01-19,112,1697,71,1228,41,469,0,0,95,627,17,536,95,1163,California
Inyo,2021-01-20,146,1843,70,1298,76,545,0,0,92,665,54,590,92,1255,California
Inyo,2021-01-21,117,1960,57,1355,60,605,0,0,116,780,1,591,116,1371,California
Inyo,2021-01-22,62,2022,0,1355,62,667,0,0,61,840,1,592,61,1432,California
Inyo,2021-01-23,46,2068,45,1400,1,668,0,0,46,886,0,592,46,1478,California
Inyo,2021-01-25,47,2115,4,1404,43,711,0,0,35,909,12,604,35,1513,California
Inyo,2021-01-26,130,2245,49,1453,81,792,0,0,124,1027,6,610,124,1637,California
Inyo,2021-01-27,24,2269,2,1455,22,814,0,0,23,1049,1,611,23,1660,California
Inyo,2021-01-28,91,2360,2,1457,89,903,0,0,62,1082,29,640,62,1722,California
Inyo,2021-01-29,25,2385,3,1460,22,925,0,0,23,1103,2,642,23,1745,California
Inyo,2021-01-30,10,2395,0,1460,10,935,0,0,10,1113,0,642,10,1755,California
Inyo,2021-01-31,25,2420,3,1463,22,957,0,0,4,1095,22,664,4,1759,California
Inyo,2021-02-01,10,2430,9,1472,1,958,0,0,0,1085,10,674,0,1759,California
Inyo,2021-02-02,130,2560,14,1486,116,1074,0,0,104,1163,26,700,104,1863,California
Inyo,2021-02-03,114,2674,0,1486,114,1188,0,0,73,1195,41,741,73,1936,California
Inyo,2021-02-04,148,2822,32,1518,116,1304,0,0,89,1225,59,800,89,2025,California
Inyo,2021-02-05,109,2931,53,1571,56,1360,0,0,107,1330,2,802,107,2132,California
Inyo,2021-02-06,3,2934,2,1573,1,1361,0,0,3,1333,0,802,3,2135,California
Inyo,2021-02-07,4,2938,2,1575,2,1363,0,0,4,1337,0,802,4,2139,California
Inyo,2021-02-08,115,3053,6,1581,109,1472,0,0,96,1414,19,821,96,2235,California
Inyo,2021-02-09,194,3247,52,1633,142,1614,0,0,124,1468,70,891,124,2359,California
Inyo,2021-02-10,142,3389,16,1649,126,1740,0,0,109,1544,33,924,109,2468,California
Inyo,2021-02-11,220,3609,56,1705,164,1904,0,0,126,1576,94,1018,126,2594,California
Inyo,2021-02-12,291,3900,50,1755,241,2145,0,0,166,1617,125,1143,166,2760,California
Inyo,2021-02-13,50,3950,46,1801,4,2149,0,0,6,1579,44,1187,6,2766,California
Inyo,2021-02-14,1,3951,0,1801,1,2150,0,0,1,1580,0,1187,1,2767,California
Inyo,2021-02-15,26,3977,7,1808,19,2169,0,0,5,1564,21,1208,5,2772,California
Inyo,2021-02-16,173,4150,45,1853,128,2297,0,0,91,1574,81,1289,91,2863,California
Inyo,2021-02-17,38,4188,4,1857,34,2331,0,0,8,1552,30,1319,8,2871,California
Inyo,2021-02-18,119,4307,6,1863,113,2444,0,0,79,1591,40,1359,79,2950,California
Inyo,2021-02-19,52,4359,5,1868,47,2491,0,0,9,1557,43,1402,9,2959,California
Inyo,2021-02-20,505,4864,500,2368,5,2496,0,0,503,2058,2,1404,503,3462,California
Inyo,2021-02-21,439,5303,439,2807,0,2496,0,0,439,2497,0,1404,439,3901,California
Inyo,2021-02-22,60,5363,18,2825,42,2538,0,0,26,2489,34,1438,26,3927,California
Inyo,2021-02-23,193,5556,17,2842,176,2714,0,0,90,2477,102,1540,90,4017,California
Inyo,2021-02-24,117,5673,0,2842,117,2831,0,0,57,2474,60,1600,57,4074,California
Inyo,2021-02-25,129,5802,3,2845,126,2957,0,0,61,2467,68,1668,61,4135,California
Inyo,2021-02-26,96,5898,52,2897,44,3001,0,0,20,2411,76,1744,20,4155,California
Inyo,2021-02-27,14,5912,3,2900,11,3012,0,0,2,2401,12,1756,2,4157,California
Inyo,2021-02-28,3,5915,1,2901,2,3014,0,0,2,2402,1,1757,2,4159,California
Inyo,2021-03-01,19,5934,2,2903,17,3031,0,0,17,2417,2,1759,17,4176,California
Inyo,2021-03-02,193,6127,0,2903,193,3224,0,0,108,2440,85,1844,108,4284,California
Inyo,2021-03-03,83,6210,3,2906,80,3304,0,0,41,2439,42,1886,41,4325,California
Inyo,2021-03-04,124,6334,2,2908,122,3426,0,0,44,2403,80,1966,44,4369,California
Inyo,2021-03-05,138,6472,53,2961,85,3511,0,0,38,2341,100,2066,38,4407,California
Inyo,2021-03-06,20,6492,1,2962,19,3530,0,0,19,2359,1,2067,19,4426,California
Inyo,2021-03-07,6,6498,3,2965,3,3533,0,0,4,2361,2,2069,4,4430,California
Inyo,2021-03-08,171,6669,5,2970,166,3699,0,0,81,2352,90,2159,81,4511,California
Inyo,2021-03-09,189,6858,2,2972,187,3886,0,0,73,2309,116,2275,73,4584,California
Inyo,2021-03-10,72,6930,9,2981,62,3948,1,1,30,2298,42,2317,31,4615,California
Inyo,2021-03-11,204,7134,1,2982,198,4146,5,6,74,2247,130,2447,79,4694,California
Inyo,2021-03-12,174,7308,4,2986,165,4311,5,11,76,2230,98,2545,81,4775,California
Inyo,2021-03-13,572,7880,540,3526,23,4334,9,20,64,1796,507,3052,73,4848,California
Inyo,2021-03-14,439,8319,438,3964,1,4335,0,20,5,1368,433,3485,5,4853,California
Inyo,2021-03-15,50,8369,14,3978,34,4369,2,22,30,1380,20,3505,32,4885,California
Inyo,2021-03-16,162,8531,3,3981,153,4522,6,28,63,1351,98,3603,69,4954,California
Inyo,2021-03-17,108,8639,3,3984,98,4620,7,35,92,1434,16,3619,99,5053,California
Inyo,2021-03-18,182,8821,15,3999,160,4780,7,42,102,1463,80,3699,109,5162,California
Inyo,2021-03-19,44,8865,3,4002,37,4817,4,46,35,1493,9,3708,39,5201,California
Inyo,2021-03-20,19,8884,1,4003,9,4826,9,55,0,1483,19,3727,9,5210,California
Inyo,2021-03-22,58,8942,2,4005,51,4877,5,60,38,1506,20,3747,43,5253,California
Inyo,2021-03-23,192,9134,3,4008,185,5062,4,64,105,1528,87,3834,109,5362,California
Inyo,2021-03-24,140,9274,3,4011,133,5195,4,68,86,1564,54,3888,90,5452,California
Inyo,2021-03-25,330,9604,109,4120,218,5413,3,71,265,1767,65,3953,268,5720,California
Inyo,2021-03-26,92,9696,3,4123,85,5498,4,75,71,1821,21,3974,75,5795,California
Inyo,2021-03-27,48,9744,40,4163,5,5503,3,78,42,1860,6,3980,45,5840,California
Inyo,2021-03-28,3,9747,0,4163,2,5505,1,79,1,1860,2,3982,2,5842,California
Inyo,2021-03-29,108,9855,2,4165,101,5606,5,84,81,1920,26,4008,86,5928,California
Inyo,2021-03-30,218,10073,1,4166,212,5818,5,89,109,1925,109,4117,114,6042,California
Inyo,2021-03-31,149,10222,3,4169,140,5958,6,95,107,1996,42,4159,113,6155,California
Inyo,2021-04-01,166,10388,3,4172,162,6120,1,96,118,2067,48,4207,119,6274,California
Inyo,2021-04-02,78,10466,1,4173,75,6195,2,98,49,2089,29,4236,51,6325,California
Inyo,2021-04-03,75,10541,39,4212,23,6218,13,111,3,2034,70,4306,15,6340,California
Inyo,2021-04-04,5,10546,4,4216,0,6218,1,112,1,2032,4,4310,2,6342,California
Inyo,2021-04-05,106,10652,1,4217,101,6319,4,116,29,1988,77,4387,33,6375,California
Inyo,2021-04-06,234,10886,4,4221,167,6486,63,179,103,2023,131,4518,166,6541,California
Inyo,2021-04-07,206,11092,2,4223,76,6562,128,307,47,2039,159,4677,175,6716,California
Inyo,2021-04-08,181,11273,15,4238,149,6711,17,324,81,2037,100,4777,98,6814,California
Inyo,2021-04-09,122,11395,5,4243,94,6805,23,347,36,2011,85,4862,59,6873,California
Inyo,2021-04-10,39,11434,1,4244,21,6826,17,364,3,1995,36,4898,20,6893,California
Inyo,2021-04-11,1,11435,0,4244,1,6827,0,364,1,1996,0,4898,1,6894,California
Inyo,2021-04-12,79,11514,0,4244,74,6901,5,369,41,2004,38,4936,46,6940,California
Inyo,2021-04-13,121,11635,4,4248,114,7015,3,372,62,2011,58,4994,65,7005,California
Inyo,2021-04-14,131,11766,2,4250,129,7144,0,372,46,1972,85,5079,46,7051,California
Inyo,2021-04-15,272,12038,116,4366,156,7300,0,372,78,1856,194,5273,78,7129,California
Inyo,2021-04-16,45,12083,4,4370,41,7341,0,372,17,1845,28,5301,17,7146,California
Inyo,2021-04-17,2,12085,1,4371,1,7342,0,372,1,1845,1,5302,1,7147,California
Inyo,2021-04-19,120,12205,37,4408,83,7425,0,372,41,1807,79,5381,41,7188,California
Inyo,2021-04-20,163,12368,2,4410,161,7586,0,372,79,1802,84,5465,79,7267,California
Inyo,2021-04-21,112,12480,3,4413,109,7695,0,372,32,1754,80,5545,32,7299,California
Inyo,2021-04-22,196,12676,1,4414,195,7890,0,372,51,1660,145,5690,51,7350,California
Inyo,2021-04-23,95,12771,4,4418,91,7981,0,372,22,1609,73,5763,22,7372,California
Inyo,2021-04-24,309,13080,308,4726,1,7982,0,372,305,1910,4,5767,305,7677,California
Inyo,2021-04-25,133,13213,132,4858,1,7983,0,372,133,2043,0,5767,133,7810,California
Inyo,2021-04-26,92,13305,2,4860,89,8072,1,373,11,1975,80,5847,12,7822,California
Inyo,2021-04-27,183,13488,6,4866,172,8244,5,378,47,1891,136,5983,52,7874,California
Inyo,2021-04-28,121,13609,2,4868,117,8361,2,380,20,1812,101,6084,22,7896,California
Inyo,2021-04-29,171,13780,55,4923,116,8477,0,380,76,1793,95,6179,76,7972,California
Inyo,2021-04-30,82,13862,5,4928,76,8553,1,381,23,1758,59,6238,24,7996,California
Inyo,2021-05-01,11,13873,3,4931,8,8561,0,381,9,1765,2,6240,9,8005,California
Inyo,2021-05-02,6,13879,2,4933,2,8563,2,383,4,1769,2,6242,6,8011,California
Inyo,2021-05-03,38,13917,1,4934,33,8596,4,387,5,1745,33,6275,9,8020,California
Inyo,2021-05-04,122,14039,2,4936,116,8712,4,391,20,1667,102,6377,24,8044,California
Inyo,2021-05-05,36,14075,0,4936,34,8746,2,393,11,1655,25,6402,13,8057,California
Inyo,2021-05-06,91,14166,3,4939,80,8826,8,401,12,1596,79,6481,20,8077,California
Inyo,2021-05-07,48,14214,3,4942,37,8863,8,409,24,1605,23,6504,32,8109,California
Inyo,2021-05-08,11,14225,2,4944,4,8867,5,414,4,1607,7,6511,9,8118,California
Inyo,2021-05-09,1,14226,0,4944,1,8868,0,414,0,1606,1,6512,0,8118,California
Inyo,2021-05-10,69,14295,1,4945,66,8934,2,416,31,1601,39,6551,34,8152,California
Inyo,2021-05-11,87,14382,1,4946,83,9017,3,419,20,1557,67,6618,23,8175,California
Inyo,2021-05-12,43,14425,1,4947,40,9057,2,421,11,1538,32,6650,13,8188,California
Inyo,2021-05-13,75,14500,1,4948,73,9130,1,422,12,1488,63,6713,13,8201,California
Inyo,2021-05-14,25,14525,3,4951,17,9147,5,427,12,1492,13,6726,17,8218,California
Inyo,2021-05-15,374,14899,362,5313,10,9157,2,429,82,1284,292,7018,84,8302,California
Inyo,2021-05-16,199,15098,199,5512,0,9157,0,429,72,1229,127,7145,72,8374,California
Inyo,2021-05-17,62,15160,3,5515,55,9212,4,433,19,1210,42,7187,23,8397,California
Inyo,2021-05-18,83,15243,2,5517,80,9292,1,434,17,1162,66,7253,18,8415,California
Inyo,2021-05-19,47,15290,2,5519,40,9332,5,439,13,1146,34,7287,18,8433,California
Inyo,2021-05-20,143,15433,80,5599,62,9394,1,440,34,1072,109,7396,35,8468,California
Inyo,2021-05-21,48,15481,18,5617,25,9419,5,445,19,1067,29,7425,24,8492,California
Inyo,2021-05-22,24,15505,14,5631,7,9426,3,448,17,1080,7,7432,20,8512,California
Inyo,2021-05-23,2,15507,1,5632,0,9426,1,449,0,1079,2,7434,1,8513,California
Inyo,2021-05-24,33,15540,6,5638,24,9450,3,452,13,1075,20,7454,16,8529,California
Inyo,2021-05-25,82,15622,39,5677,41,9491,2,454,47,1089,35,7489,49,8578,California
Inyo,2021-05-26,32,15654,5,5682,25,9516,2,456,10,1079,22,7511,12,8590,California
Inyo,2021-05-27,39,15693,10,5692,21,9537,8,464,12,1073,26,7537,20,8610,California
Inyo,2021-05-28,26,15719,6,5698,15,9552,5,469,8,1068,18,7555,13,8623,California
Inyo,2021-05-29,15,15734,5,5703,10,9562,0,469,7,1067,8,7563,7,8630,California
Inyo,2021-05-30,2,15736,0,5703,2,9564,0,469,0,1065,2,7565,0,8630,California
Inyo,2021-06-01,53,15789,16,5719,31,9595,6,475,23,1064,30,7595,29,8659,California
Inyo,2021-06-02,10,15799,8,5727,1,9596,1,476,9,1073,1,7596,10,8669,California
Inyo,2021-06-03,26,15825,0,5727,18,9614,8,484,1,1057,25,7621,9,8678,California
Inyo,2021-06-04,32,15857,6,5733,22,9636,4,488,12,1053,20,7641,16,8694,California
Inyo,2021-06-05,17,15874,8,5741,8,9644,1,489,4,1045,13,7654,5,8699,California
Inyo,2021-06-06,1,15875,1,5742,0,9644,0,489,1,1046,0,7654,1,8700,California
Inyo,2021-06-07,51,15926,15,5757,33,9677,3,492,5,1008,46,7700,8,8708,California
Inyo,2021-06-08,53,15979,25,5782,25,9702,3,495,26,1011,27,7727,30,8738,California
Inyo,2021-06-09,103,16082,88,5870,13,9715,2,497,9,928,94,7821,11,8749,California
Inyo,2021-06-10,34,16116,25,5895,4,9719,5,502,8,915,26,7847,13,8762,California
Inyo,2021-06-11,5,16121,2,5897,1,9720,2,504,1,914,4,7851,3,8765,California
Kern,2020-12-15,1,1,1,1,0,0,0,0,1,1,0,0,1,1,California
Kern,2020-12-16,19,20,19,20,0,0,0,0,19,20,0,0,19,20,California
Kern,2020-12-17,162,182,162,182,0,0,0,0,162,182,0,0,162,182,California
Kern,2020-12-18,322,504,322,504,0,0,0,0,322,504,0,0,322,504,California
Kern,2020-12-19,99,603,99,603,0,0,0,0,99,603,0,0,99,603,California
Kern,2020-12-20,61,664,61,664,0,0,0,0,61,664,0,0,61,664,California
Kern,2020-12-21,672,1336,671,1335,1,1,0,0,672,1336,0,0,672,1336,California
Kern,2020-12-22,531,1867,529,1864,2,3,0,0,531,1867,0,0,531,1867,California
Kern,2020-12-23,556,2423,418,2282,138,141,0,0,556,2423,0,0,556,2423,California
Kern,2020-12-24,123,2546,44,2326,79,220,0,0,123,2546,0,0,123,2546,California
Kern,2020-12-25,1,2547,1,2327,0,220,0,0,1,2547,0,0,1,2547,California
Kern,2020-12-26,33,2580,1,2328,32,252,0,0,33,2580,0,0,33,2580,California
Kern,2020-12-27,35,2615,3,2331,32,284,0,0,35,2615,0,0,35,2615,California
Kern,2020-12-28,828,3443,663,2994,165,449,0,0,828,3443,0,0,828,3443,California
Kern,2020-12-29,744,4187,451,3445,293,742,0,0,743,4185,1,1,743,4186,California
Kern,2020-12-30,1205,5392,913,4358,292,1034,0,0,1205,5390,0,1,1205,5391,California
Kern,2020-12-31,278,5670,99,4457,179,1213,0,0,278,5668,0,1,278,5669,California
Kern,2021-01-01,16,5686,9,4466,7,1220,0,0,16,5684,0,1,16,5685,California
Kern,2021-01-02,79,5765,18,4484,61,1281,0,0,79,5763,0,1,79,5764,California
Kern,2021-01-03,23,5788,4,4488,19,1300,0,0,23,5786,0,1,23,5787,California
Kern,2021-01-04,553,6341,361,4849,192,1492,0,0,553,6339,0,1,553,6340,California
Kern,2021-01-05,1134,7475,739,5588,395,1887,0,0,1122,7449,12,13,1122,7462,California
Kern,2021-01-06,1162,8637,448,6036,714,2601,0,0,1132,8551,30,43,1132,8594,California
Kern,2021-01-07,1406,10043,485,6521,921,3522,0,0,1239,9624,166,209,1239,9833,California
Kern,2021-01-08,1624,11667,766,7287,858,4380,0,0,1327,10653,298,507,1327,11160,California
Kern,2021-01-09,228,11895,78,7365,150,4530,0,0,193,10811,35,542,193,11353,California
Kern,2021-01-10,194,12089,149,7514,45,4575,0,0,153,10923,41,583,153,11506,California
Kern,2021-01-11,1559,13648,988,8502,571,5146,0,0,999,11362,560,1143,999,12505,California
Kern,2021-01-12,1871,15519,813,9315,1058,6204,0,0,1358,12207,513,1656,1358,13863,California
Kern,2021-01-13,1859,17378,875,10190,984,7188,0,0,1436,13220,423,2079,1436,15299,California
Kern,2021-01-14,2190,19568,646,10836,1544,8732,0,0,2144,15318,46,2125,2144,17443,California
Kern,2021-01-15,2712,22280,855,11691,1857,10589,0,0,2615,17839,95,2220,2616,20059,California
Kern,2021-01-16,673,22953,212,11903,461,11050,0,0,638,18442,35,2255,638,20697,California
Kern,2021-01-17,73,23026,7,11910,66,11116,0,0,71,18511,2,2257,71,20768,California
Kern,2021-01-18,1645,24671,657,12567,988,12104,0,0,1479,19824,166,2423,1479,22247,California
Kern,2021-01-19,1856,26527,1033,13600,823,12927,0,0,1391,20751,465,2888,1392,23639,California
Kern,2021-01-20,2618,29145,1682,15282,936,13863,0,0,1913,21966,700,3588,1915,25554,California
Kern,2021-01-21,2114,31259,867,16149,1247,15110,0,0,1918,23689,195,3783,1918,27472,California
Kern,2021-01-22,2715,33974,1301,17450,1414,16524,0,0,2437,25849,277,4060,2437,29909,California
Kern,2021-01-23,1247,35221,540,17990,707,17231,0,0,1201,27004,46,4106,1201,31110,California
Kern,2021-01-24,152,35373,11,18001,141,17372,0,0,146,27144,6,4112,146,31256,California
Kern,2021-01-25,2381,37754,1082,19083,1299,18671,0,0,1897,28559,483,4595,1898,33154,California
Kern,2021-01-26,2772,40526,1127,20210,1645,20316,0,0,1912,29612,859,5454,1912,35066,California
Kern,2021-01-27,3553,44079,1895,22105,1658,21974,0,0,2856,31774,694,6148,2856,37922,California
Kern,2021-01-28,2886,46965,1362,23467,1524,23498,0,0,2454,33804,427,6575,2457,40379,California
Kern,2021-01-29,3788,50753,1797,25264,1991,25489,0,0,3242,36503,543,7118,3242,43621,California
Kern,2021-01-30,1333,52086,501,25765,832,26321,0,0,1282,37736,49,7167,1282,44903,California
Kern,2021-01-31,402,52488,275,26040,127,26448,0,0,267,37868,135,7302,267,45170,California
Kern,2021-02-01,2597,55085,989,27029,1608,28056,0,0,1885,39045,709,8011,1886,47056,California
Kern,2021-02-02,2754,57839,798,27827,1956,30012,0,0,2051,40394,703,8714,2052,49108,California
Kern,2021-02-03,3674,61513,1553,29380,2121,32133,0,0,2704,42135,963,9677,2704,51812,California
Kern,2021-02-04,3806,65319,1451,30831,2355,34488,0,0,2587,43513,1209,10886,2587,54399,California
Kern,2021-02-05,4859,70178,1988,32819,2871,37359,0,0,3097,44867,1743,12629,3097,57496,California
Kern,2021-02-06,1742,71920,769,33588,973,38332,0,0,1516,46160,223,12852,1516,59012,California
Kern,2021-02-07,282,72202,150,33738,132,38464,0,0,265,46410,15,12867,265,59277,California
Kern,2021-02-08,2562,74764,784,34522,1778,40242,0,0,1256,46379,1288,14155,1257,60534,California
Kern,2021-02-09,3036,77800,986,35508,2050,42292,0,0,1462,46275,1566,15721,1462,61996,California
Kern,2021-02-10,3800,81600,1661,37169,2139,44431,0,0,1882,46256,1902,17623,1883,63879,California
Kern,2021-02-11,4265,85865,1532,38701,2733,47164,0,0,2222,46449,2030,19653,2223,66102,California
Kern,2021-02-12,4966,90831,1891,40592,3075,50239,0,0,2475,46447,2477,22130,2475,68577,California
Kern,2021-02-13,2008,92839,726,41318,1282,51521,0,0,1161,46763,845,22975,1161,69738,California
Kern,2021-02-14,350,93189,12,41330,338,51859,0,0,268,46950,81,23056,268,70006,California
Kern,2021-02-15,2744,95933,898,42228,1846,53705,0,0,1211,46636,1525,24581,1211,71217,California
Kern,2021-02-16,2946,98879,712,42940,2234,55939,0,0,1656,47012,1281,25862,1657,72874,California
Kern,2021-02-17,4073,102952,2076,45016,1997,57936,0,0,1924,46794,2143,28005,1925,74799,California
Kern,2021-02-18,3757,106709,1485,46501,2272,60208,0,0,1625,46297,2122,30127,1625,76424,California
Kern,2021-02-19,4193,110902,1915,48416,2278,62486,0,0,1737,45585,2449,32576,1737,78161,California
Kern,2021-02-20,2580,113482,966,49382,1614,64100,0,0,1348,45705,1228,33804,1348,79509,California
Kern,2021-02-21,257,113739,151,49533,106,64206,0,0,89,45628,166,33970,89,79598,California
Kern,2021-02-22,2673,116412,1153,50686,1520,65726,0,0,1433,45826,1235,35205,1433,81031,California
Kern,2021-02-23,3580,119992,1134,51820,2446,68172,0,0,1998,46245,1580,36785,1999,83030,California
Kern,2021-02-24,5211,125203,2289,54109,2922,71094,0,0,3106,47250,2101,38886,3106,86136,California
Kern,2021-02-25,5378,130581,2460,56569,2918,74012,0,0,3194,48281,2165,41051,3196,89332,California
Kern,2021-02-26,6926,137507,3537,60106,3389,77401,0,0,4362,50087,2557,43608,4363,93695,California
Kern,2021-02-27,3954,141461,1983,62089,1971,79372,0,0,2615,51371,1331,44939,2615,96310,California
Kern,2021-02-28,916,142377,503,62592,412,79784,1,1,696,51850,218,45157,697,97007,California
Kern,2021-03-01,4011,146388,1822,64414,2185,81969,4,5,2695,53243,1306,46463,2699,99706,California
Kern,2021-03-02,4485,150873,1410,65824,3071,85040,4,9,2951,54672,1523,47986,2952,102658,California
Kern,2021-03-03,5954,156827,2814,68638,3138,88178,2,11,3845,56423,2095,50081,3846,106504,California
Kern,2021-03-04,5625,162452,2210,70848,3410,91588,5,16,3630,58074,1981,52062,3632,110136,California
Kern,2021-03-05,6633,169085,2861,73709,3753,95341,19,35,4185,59840,2438,54500,4204,114340,California
Kern,2021-03-06,4756,173841,1925,75634,2724,98065,107,142,3479,62155,1270,55770,3585,117925,California
Kern,2021-03-07,2063,175904,1596,77230,411,98476,56,198,1865,63879,197,55967,1921,119846,California
Kern,2021-03-08,2902,178806,923,78153,1757,100233,222,420,1523,64246,1376,57343,1743,121589,California
Kern,2021-03-09,3725,182531,804,78957,2536,102769,385,805,2329,65567,1388,58731,2709,124298,California
Kern,2021-03-10,6149,188680,2562,81519,2512,105281,1075,1880,3599,67705,2534,61265,4672,128970,California
Kern,2021-03-11,6335,195015,2441,83960,2868,108149,1026,2906,3774,69950,2550,63815,4795,133765,California
Kern,2021-03-12,7846,202861,3077,87037,3416,111565,1353,4259,4324,72106,3509,67324,5665,139430,California
Kern,2021-03-13,4670,207531,2529,89566,1804,113369,337,4596,3248,74270,1415,68739,3579,143009,California
Kern,2021-03-14,2308,209839,1532,91098,534,113903,242,4838,1785,75771,523,69262,2024,145033,California
Kern,2021-03-15,4266,214105,1103,92201,2451,116354,712,5550,2197,76617,2056,71318,2902,147935,California
Kern,2021-03-16,4351,218456,1012,93213,2803,119157,536,6086,2330,77467,2011,73329,2861,150796,California
Kern,2021-03-17,7499,225955,4058,97271,2891,122048,550,6636,4528,79585,2958,76287,5076,155872,California
Kern,2021-03-18,7276,233231,3682,100953,3008,125056,586,7222,4406,81723,2850,79137,4988,160860,California
Kern,2021-03-19,8991,242222,4987,105940,3346,128402,658,7880,4715,82830,4259,83396,5366,166226,California
Kern,2021-03-20,6180,248402,3825,109765,2181,130583,174,8054,3920,84676,2249,85645,4095,170321,California
Kern,2021-03-21,3051,251453,1933,111698,236,130819,882,8936,1846,86205,1198,86843,2727,173048,California
Kern,2021-03-22,3987,255440,1566,113264,2067,132886,354,9290,1933,86455,2037,88880,2287,175335,California
Kern,2021-03-23,4743,260183,1676,114940,2868,135754,199,9489,2487,86912,2226,91106,2683,178018,California
Kern,2021-03-24,7188,267371,3678,118618,3033,138787,477,9966,3657,87530,3513,94619,4131,182149,California
Kern,2021-03-25,6784,274155,3006,121624,3447,142234,331,10297,3282,87655,3485,98104,3610,185759,California
Kern,2021-03-26,9869,284024,4412,126036,4200,146434,1257,11554,4724,88510,5125,103229,5980,191739,California
Kern,2021-03-27,5707,289731,3994,130030,1585,148019,128,11682,3447,89826,2258,105487,3574,195313,California
Kern,2021-03-28,4693,294424,4202,134232,477,148496,14,11696,2958,91065,1733,107220,2972,198285,California
Kern,2021-03-29,4261,298685,1683,135915,2301,150797,277,11973,2616,92323,1632,108852,2890,201175,California
Kern,2021-03-30,5597,304282,1872,137787,3340,154137,385,12358,3065,93244,2527,111379,3448,204623,California
Kern,2021-03-31,8411,312693,4539,142326,3224,157361,648,13006,4343,94183,4051,115430,4990,209613,California
Kern,2021-04-01,7897,320590,3873,146199,3724,161085,300,13306,4218,95047,3650,119080,4514,214127,California
Kern,2021-04-02,8456,329046,4466,150665,3381,164466,609,13915,4225,95658,4215,123295,4826,218953,California
Kern,2021-04-03,6000,335046,3672,154337,2146,166612,182,14097,2658,95161,3334,126629,2837,221790,California
Kern,2021-04-04,1336,336382,872,155209,380,166992,84,14181,474,94860,859,127488,558,222348,California
Kern,2021-04-05,5367,341749,2220,157429,2373,169365,774,14955,2896,96044,2457,129945,3641,225989,California
Kern,2021-04-06,7118,348867,2467,159896,3275,172640,1376,16331,3560,97442,3535,133480,4933,230922,California
Kern,2021-04-07,9378,358245,5467,165363,2947,175587,964,17295,4566,98176,4794,138274,5528,236450,California
Kern,2021-04-08,8665,366910,4797,170160,2955,178542,913,18208,3730,97897,4911,143185,4632,241082,California
Kern,2021-04-09,10270,377180,5142,175302,4135,182677,993,19201,4346,97337,5899,149084,5339,246421,California
Kern,2021-04-10,6589,383769,3466,178768,1876,184553,1247,20448,2137,96274,4442,153526,3379,249800,California
Kern,2021-04-11,3917,387686,2917,181685,358,184911,642,21090,1263,95532,2640,156166,1898,251698,California
Kern,2021-04-12,4403,392089,992,182677,2440,187351,971,22061,1579,95278,2802,158968,2548,254246,California
Kern,2021-04-13,4293,396382,1413,184090,2854,190205,26,22087,2114,95253,2164,161132,2139,256385,California
Kern,2021-04-14,6068,402450,2989,187079,3057,193262,22,22109,3001,95227,3049,164181,3023,259408,California
Kern,2021-04-15,5298,407748,2488,189567,2807,196069,3,22112,2529,95007,2752,166933,2532,261940,California
Kern,2021-04-16,7252,415000,3441,193008,3810,199879,1,22113,2957,93698,4270,171203,2961,264901,California
Kern,2021-04-17,5892,420892,3850,196858,2042,201921,0,22113,2095,92011,3783,174986,2096,266997,California
Kern,2021-04-18,3776,424668,3541,200399,235,202156,0,22113,911,90065,2857,177843,911,267908,California
Kern,2021-04-19,3817,428485,1730,202129,2085,204241,2,22115,1413,89095,2383,180226,1413,269321,California
Kern,2021-04-20,4352,432837,1574,203703,2777,207018,1,22116,1643,88046,2693,182919,1644,270965,California
Kern,2021-04-21,5861,438698,3145,206848,2711,209729,5,22121,2134,86479,3704,186623,2137,273102,California
Kern,2021-04-22,4807,443505,2328,209176,2479,212208,0,22121,1708,85112,3076,189699,1709,274811,California
Kern,2021-04-23,6143,449648,3026,212202,3116,215324,1,22122,1916,82840,4189,193888,1917,276728,California
Kern,2021-04-24,4008,453656,2802,215004,1195,216519,11,22133,1440,81741,2550,196438,1451,278179,California
Kern,2021-04-25,1394,455050,1116,216120,278,216797,0,22133,819,81991,569,197007,819,278998,California
Kern,2021-04-26,3868,458918,1832,217952,1984,218781,52,22185,1063,80313,2795,199802,1117,280115,California
Kern,2021-04-27,4775,463693,2312,220264,2355,221136,108,22293,1457,78571,3305,203107,1563,281678,California
Kern,2021-04-28,6302,469995,3717,223981,2461,223597,124,22417,1796,76001,4487,207594,1917,283595,California
Kern,2021-04-29,5509,475504,3062,227043,2347,225944,100,22517,1617,73848,3871,211465,1718,285313,California
Kern,2021-04-30,5589,481093,3119,230162,2311,228255,159,22676,1608,71649,3965,215430,1766,287079,California
Kern,2021-05-01,2716,483809,1932,232094,725,228980,59,22735,1082,71167,1622,217052,1140,288219,California
Kern,2021-05-02,1890,485699,1601,233695,267,229247,22,22757,692,70690,1191,218243,714,288933,California
Kern,2021-05-03,2543,488242,1031,234726,1379,230626,133,22890,786,69869,1741,219984,920,289853,California
Kern,2021-05-04,3661,491903,1303,236029,2248,232874,110,23000,1288,68907,2358,222342,1396,291249,California
Kern,2021-05-05,4160,496063,2145,238174,1864,234738,151,23151,1378,67668,2766,225108,1527,292776,California
Kern,2021-05-06,3587,499650,1619,239793,1822,236560,146,23297,1125,66494,2441,227549,1267,294043,California
Kern,2021-05-07,4594,504244,2309,242102,2111,238671,174,23471,1292,64686,3273,230822,1465,295508,California
Kern,2021-05-08,2893,507137,1824,243926,954,239625,115,23586,898,63717,1980,232802,1011,296519,California
Kern,2021-05-09,1351,508488,1177,245103,145,239770,29,23615,455,63314,887,233689,484,297003,California
Kern,2021-05-10,2263,510751,881,245984,1280,241050,102,23717,678,62525,1567,235256,778,297781,California
Kern,2021-05-11,2641,513392,922,246906,1594,242644,125,23842,959,61939,1671,236927,1085,298866,California
Kern,2021-05-12,3628,517020,1461,248367,2015,244659,152,23994,1169,60814,2446,239373,1321,300187,California
Kern,2021-05-13,3485,520505,1823,250190,1511,246170,151,24145,1626,60740,1846,241219,1772,301959,California
Kern,2021-05-14,4289,524794,2535,252725,1530,247700,224,24369,1983,60660,2286,243505,2206,304165,California
Kern,2021-05-15,2909,527703,1892,254617,929,248629,88,24457,1543,60939,1352,244857,1631,305796,California
Kern,2021-05-16,1544,529247,1322,255939,183,248812,39,24496,889,61217,650,245507,928,306724,California
Kern,2021-05-17,2329,531576,1009,256948,1175,249987,145,24641,1191,61426,1126,246633,1335,308059,California
Kern,2021-05-18,3178,534754,1461,258409,1585,251572,132,24773,1632,61658,1530,248163,1762,309821,California
Kern,2021-05-19,3828,538582,2387,260796,1314,252886,127,24900,1849,61665,1966,250129,1973,311794,California
Kern,2021-05-20,3098,541680,1685,262481,1271,254157,142,25042,1434,61596,1643,251772,1574,313368,California
Kern,2021-05-21,3627,545307,2196,264677,1296,255453,135,25177,1854,61836,1749,253521,1989,315357,California
Kern,2021-05-22,2942,548249,2290,266967,604,256057,48,25225,1417,61786,1513,255034,1463,316820,California
Kern,2021-05-23,1257,549506,1064,268031,167,256224,26,25251,668,61897,582,255616,693,317513,California
Kern,2021-05-24,1849,551355,783,268814,953,257177,113,25364,874,61914,969,256585,986,318499,California
Kern,2021-05-25,2393,553748,1105,269919,1201,258378,87,25451,1126,61874,1253,257838,1213,319712,California
Kern,2021-05-26,2763,556511,1588,271507,1071,259449,104,25555,1190,61608,1558,259396,1292,321004,California
Kern,2021-05-27,2335,558846,1168,272675,1064,260513,103,25658,1204,61805,1109,260505,1306,322310,California
Kern,2021-05-28,2723,561569,1385,274060,1227,261740,111,25769,1271,61745,1440,261945,1380,323690,California
Kern,2021-05-29,1896,563465,1259,275319,591,262331,46,25815,931,61771,951,262896,977,324667,California
Kern,2021-05-30,859,564324,703,276022,137,262468,19,25834,438,61813,414,263310,456,325123,California
Kern,2021-05-31,130,564454,40,276062,79,262547,11,25845,44,61784,83,263393,54,325177,California
Kern,2021-06-01,2285,566739,950,277012,1266,263813,69,25914,1003,61590,1266,264659,1072,326249,California
Kern,2021-06-02,2237,568976,1293,278305,839,264652,105,26019,945,61359,1281,265940,1050,327299,California
Kern,2021-06-03,2350,571326,1316,279621,882,265534,152,26171,873,60917,1466,267406,1024,328323,California
Kern,2021-06-04,2864,574190,1909,281530,846,266380,109,26280,886,59949,1960,269366,992,329315,California
Kern,2021-06-05,2526,576716,2043,283573,450,266830,33,26313,808,59081,1709,271075,841,330156,California
Kern,2021-06-06,1211,577927,1106,284679,82,266912,23,26336,431,58759,776,271851,454,330610,California
Kern,2021-06-07,1790,579717,1117,285796,583,267495,90,26426,676,58422,1101,272952,764,331374,California
Kern,2021-06-08,2112,581829,1226,287022,815,268310,71,26497,674,57746,1420,274372,744,332118,California
Kern,2021-06-09,2279,584108,1597,288619,613,268923,69,26566,716,56978,1552,275924,784,332902,California
Kern,2021-06-10,1945,586053,1210,289829,652,269575,83,26649,672,56467,1265,277189,754,333656,California
Kern,2021-06-11,1817,587870,1278,291107,496,270071,43,26692,655,56010,1155,278344,698,334354,California
Kings,2020-12-16,1,1,1,1,0,0,0,0,1,1,0,0,1,1,California
Kings,2020-12-17,8,9,8,9,0,0,0,0,8,9,0,0,8,9,California
Kings,2020-12-18,12,21,12,21,0,0,0,0,12,21,0,0,12,21,California
Kings,2020-12-19,11,32,11,32,0,0,0,0,11,32,0,0,11,32,California
Kings,2020-12-20,13,45,13,45,0,0,0,0,13,45,0,0,13,45,California
Kings,2020-12-21,156,201,156,201,0,0,0,0,268,313,0,0,268,313,California
Kings,2020-12-22,143,344,143,344,0,0,0,0,140,453,0,0,140,453,California
Kings,2020-12-23,136,480,122,466,14,14,0,0,137,590,0,0,137,590,California
Kings,2020-12-24,11,491,9,475,2,16,0,0,11,601,0,0,11,601,California
Kings,2020-12-26,7,498,4,479,3,19,0,0,7,608,0,0,7,608,California
Kings,2020-12-27,4,502,4,483,0,19,0,0,4,612,0,0,4,612,California
Kings,2020-12-28,132,634,103,586,29,48,0,0,133,745,0,0,133,745,California
Kings,2020-12-29,82,716,54,640,28,76,0,0,83,828,0,0,83,828,California
Kings,2020-12-30,151,867,110,750,41,117,0,0,151,979,0,0,151,979,California
Kings,2020-12-31,47,914,5,755,42,159,0,0,47,1026,0,0,47,1026,California
Kings,2021-01-01,1,915,0,755,1,160,0,0,1,1027,0,0,1,1027,California
Kings,2021-01-02,11,926,10,765,1,161,0,0,11,1038,0,0,11,1038,California
Kings,2021-01-04,111,1037,41,806,70,231,0,0,111,1149,0,0,111,1149,California
Kings,2021-01-05,195,1232,40,846,155,386,0,0,195,1344,0,0,195,1344,California
Kings,2021-01-06,276,1508,179,1025,97,483,0,0,273,1614,3,3,273,1617,California
Kings,2021-01-07,181,1689,82,1107,99,582,0,0,173,1779,8,11,173,1790,California
Kings,2021-01-08,249,1938,56,1163,193,775,0,0,229,1988,20,31,229,2019,California
Kings,2021-01-09,63,2001,9,1172,54,829,0,0,55,2035,8,39,55,2074,California
Kings,2021-01-10,15,2016,3,1175,12,841,0,0,12,2044,3,42,12,2086,California
Kings,2021-01-11,516,2532,352,1527,164,1005,0,0,276,2081,240,282,277,2363,California
Kings,2021-01-12,347,2879,251,1778,96,1101,0,0,214,2165,130,412,214,2577,California
Kings,2021-01-13,421,3300,275,2053,146,1247,0,0,330,2404,91,503,330,2907,California
Kings,2021-01-14,211,3511,31,2084,180,1427,0,0,201,2585,21,524,202,3109,California
Kings,2021-01-15,420,3931,31,2115,389,1816,0,0,408,2981,12,536,408,3517,California
Kings,2021-01-16,28,3959,9,2124,19,1835,0,0,27,3007,1,537,27,3544,California
Kings,2021-01-17,10,3969,7,2131,3,1838,0,0,8,3013,2,539,8,3552,California
Kings,2021-01-18,173,4142,40,2171,133,1971,0,0,147,3134,26,565,147,3699,California
Kings,2021-01-19,382,4524,161,2332,221,2192,0,0,253,3258,129,694,253,3952,California
Kings,2021-01-20,236,4760,146,2478,90,2282,0,0,125,3277,106,800,125,4077,California
Kings,2021-01-21,212,4972,56,2534,156,2438,0,0,196,3455,18,818,196,4273,California
Kings,2021-01-22,110,5082,21,2555,89,2527,0,0,109,3559,5,823,109,4382,California
Kings,2021-01-23,27,5109,14,2569,13,2540,0,0,20,3572,7,830,20,4402,California
Kings,2021-01-24,4,5113,4,2573,0,2540,0,0,2,3572,2,832,2,4404,California
Kings,2021-01-25,133,5246,27,2600,106,2646,0,0,97,3633,36,868,97,4501,California
Kings,2021-01-26,154,5400,34,2634,120,2766,0,0,113,3705,41,909,113,4614,California
Kings,2021-01-27,329,5729,36,2670,293,3059,0,0,253,3883,75,984,253,4867,California
Kings,2021-01-28,336,6065,45,2715,291,3350,0,0,278,4103,58,1042,278,5145,California
Kings,2021-01-29,110,6175,26,2741,84,3434,0,0,93,4179,17,1059,93,5238,California
Kings,2021-01-30,1563,7738,25,2766,1538,4972,0,0,1560,5738,3,1062,1562,6800,California
Kings,2021-02-01,220,7958,65,2831,155,5127,0,0,91,5702,127,1189,91,6891,California
Kings,2021-02-02,246,8204,16,2847,230,5357,0,0,95,5647,150,1339,95,6986,California
Kings,2021-02-03,402,8606,192,3039,210,5567,0,0,246,5738,155,1494,246,7232,California
Kings,2021-02-04,424,9030,98,3137,326,5893,0,0,227,5769,196,1690,227,7459,California
Kings,2021-02-05,336,9366,54,3191,282,6175,0,0,176,5787,158,1848,176,7635,California
Kings,2021-02-06,61,9427,10,3201,51,6226,0,0,28,5782,33,1881,28,7663,California
Kings,2021-02-07,5,9432,3,3204,2,6228,0,0,3,5783,2,1883,3,7666,California
Kings,2021-02-08,173,9605,29,3233,144,6372,0,0,66,5742,107,1990,66,7732,California
Kings,2021-02-09,255,9860,57,3290,198,6570,0,0,111,5711,142,2132,111,7843,California
Kings,2021-02-10,376,10236,112,3402,264,6834,0,0,259,5853,117,2249,259,8102,California
Kings,2021-02-11,478,10714,65,3467,413,7247,0,0,361,6098,116,2365,361,8463,California
Kings,2021-02-12,634,11348,40,3507,594,7841,0,0,354,6173,279,2644,354,8817,California
Kings,2021-02-13,201,11549,7,3514,194,8035,0,0,174,6320,27,2671,174,8991,California
Kings,2021-02-14,103,11652,4,3518,99,8134,0,0,95,6407,8,2679,95,9086,California
Kings,2021-02-15,251,11903,5,3523,246,8380,0,0,138,6433,112,2791,138,9224,California
Kings,2021-02-16,547,12450,36,3559,511,8891,0,0,310,6507,236,3027,310,9534,California
Kings,2021-02-17,438,12888,26,3585,412,9303,0,0,300,6671,138,3165,302,9836,California
Kings,2021-02-18,238,13126,22,3607,216,9519,0,0,180,6793,58,3223,180,10016,California
Kings,2021-02-19,176,13302,25,3632,151,9670,0,0,120,6860,53,3276,120,10136,California
Kings,2021-02-20,168,13470,34,3666,134,9804,0,0,136,6964,32,3308,136,10272,California
Kings,2021-02-21,2,13472,1,3667,1,9805,0,0,2,6966,0,3308,2,10274,California
Kings,2021-02-22,114,13586,18,3685,96,9901,0,0,48,6948,66,3374,48,10322,California
Kings,2021-02-23,429,14015,70,3755,359,10260,0,0,312,7143,117,3491,312,10634,California
Kings,2021-02-24,735,14750,155,3910,580,10840,0,0,521,7450,214,3705,521,11155,California
Kings,2021-02-25,728,15478,135,4045,593,11433,0,0,507,7738,219,3924,507,11662,California
Kings,2021-02-26,834,16312,138,4183,696,12129,0,0,762,8428,72,3996,762,12424,California
Kings,2021-02-27,1528,17840,65,4248,1463,13592,0,0,585,8071,942,4938,585,13009,California
Kings,2021-02-28,1172,19012,598,4846,574,14166,0,0,675,8252,494,5432,675,13684,California
Kings,2021-03-01,286,19298,89,4935,197,14363,0,0,221,8408,65,5497,221,13905,California
Kings,2021-03-02,588,19886,259,5194,329,14692,0,0,516,8852,72,5569,516,14421,California
Kings,2021-03-03,737,20623,313,5507,424,15116,0,0,515,9147,220,5789,515,14936,California
Kings,2021-03-04,824,21447,357,5864,467,15583,0,0,696,9716,128,5917,697,15633,California
Kings,2021-03-05,1164,22611,369,6233,786,16369,9,9,1020,10605,144,6061,1033,16666,California
Kings,2021-03-06,520,23131,189,6422,318,16687,13,22,490,11078,30,6091,503,17169,California
Kings,2021-03-07,361,23492,220,6642,137,16824,4,26,353,11427,8,6099,357,17526,California
Kings,2021-03-08,373,23865,96,6738,224,17048,53,79,262,11631,111,6210,315,17841,California
Kings,2021-03-09,605,24470,306,7044,244,17292,55,134,493,12069,111,6321,549,18390,California
Kings,2021-03-10,629,25099,156,7200,380,17672,93,227,438,12409,190,6511,530,18920,California
Kings,2021-03-11,1126,26225,373,7573,642,18314,111,338,694,12785,430,6941,806,19726,California
Kings,2021-03-12,1466,27691,457,8030,916,19230,93,431,994,13404,470,7411,1089,20815,California
Kings,2021-03-13,675,28366,328,8358,306,19536,41,472,551,13874,124,7535,594,21409,California
Kings,2021-03-14,678,29044,104,8462,185,19721,389,861,204,13993,474,8009,593,22002,California
Kings,2021-03-15,708,29752,267,8729,324,20045,117,978,467,14340,240,8249,587,22589,California
Kings,2021-03-16,1097,30849,469,9198,566,20611,62,1040,745,14796,352,8601,808,23397,California
Kings,2021-03-17,1117,31966,426,9624,629,21240,62,1102,788,15325,329,8930,858,24255,California
Kings,2021-03-18,1136,33102,477,10101,436,21676,223,1325,776,15967,359,9289,1001,25256,California
Kings,2021-03-19,973,34075,468,10569,420,22096,85,1410,736,16567,236,9525,836,26092,California
Kings,2021-03-20,645,34720,256,10825,358,22454,31,1441,467,16897,176,9701,506,26598,California
Kings,2021-03-21,1420,36140,1088,11913,319,22773,13,1454,862,17214,558,10259,875,27473,California
Kings,2021-03-22,451,36591,202,12115,163,22936,86,1540,274,17402,176,10435,364,27837,California
Kings,2021-03-23,943,37534,511,12626,369,23305,63,1603,557,17643,384,10819,625,28462,California
Kings,2021-03-24,971,38505,488,13114,459,23764,24,1627,514,17728,455,11274,540,29002,California
Kings,2021-03-25,950,39455,469,13583,453,24217,28,1655,451,17710,497,11771,479,29481,California
Kings,2021-03-26,1306,40761,382,13965,839,25056,85,1740,521,17535,780,12551,605,30086,California
Kings,2021-03-27,651,41412,264,14229,375,25431,12,1752,161,17220,488,13039,173,30259,California
Kings,2021-03-28,673,42085,602,14831,64,25495,7,1759,406,17379,267,13306,426,30685,California
Kings,2021-03-29,473,42558,215,15046,197,25692,61,1820,262,17492,209,13515,322,31007,California
Kings,2021-03-30,871,43429,480,15526,352,26044,39,1859,433,17526,437,13952,471,31478,California
Kings,2021-03-31,782,44211,380,15906,329,26373,73,1932,426,17677,348,14300,499,31977,California
Kings,2021-04-01,852,45063,452,16358,311,26684,89,2021,359,17638,487,14787,448,32425,California
Kings,2021-04-02,1044,46107,454,16812,466,27150,124,2145,393,17509,645,15432,516,32941,California
Kings,2021-04-03,494,46601,347,17159,138,27288,9,2154,171,17373,317,15749,181,33122,California
Kings,2021-04-04,158,46759,84,17243,68,27356,6,2160,42,17306,115,15864,48,33170,California
Kings,2021-04-05,1062,47821,329,17572,481,27837,252,2412,242,16980,819,16683,493,33663,California
Kings,2021-04-06,1211,49032,459,18031,442,28279,310,2722,284,16649,924,17607,593,34256,California
Kings,2021-04-07,1377,50409,658,18689,531,28810,188,2910,359,16181,1015,18622,547,34803,California
Kings,2021-04-08,1632,52041,637,19326,741,29551,254,3164,377,15563,1248,19870,630,35433,California
Kings,2021-04-09,1160,53201,543,19869,437,29988,180,3344,234,15049,924,20794,410,35843,California
Kings,2021-04-10,599,53800,332,20201,163,30151,104,3448,175,14906,422,21216,279,36122,California
Kings,2021-04-11,358,54158,74,20275,277,30428,7,3455,199,14955,157,21373,206,36328,California
Kings,2021-04-12,705,54863,311,20586,191,30619,203,3658,194,14843,509,21882,397,36725,California
Kings,2021-04-13,918,55781,526,21112,392,31011,0,3658,293,14517,623,22505,297,37022,California
Kings,2021-04-14,1053,56834,581,21693,472,31483,0,3658,382,14229,671,23176,383,37405,California
Kings,2021-04-15,1064,57898,524,22217,539,32022,1,3659,455,14078,608,23784,457,37862,California
Kings,2021-04-16,776,58674,363,22580,413,32435,0,3659,259,13821,516,24300,259,38121,California
Kings,2021-04-17,469,59143,254,22834,215,32650,0,3659,193,13740,274,24574,193,38314,California
Kings,2021-04-18,564,59707,241,23075,323,32973,0,3659,39,13254,525,25099,39,38353,California
Kings,2021-04-19,535,60242,297,23372,238,33211,0,3659,288,13297,245,25344,288,38641,California
Kings,2021-04-20,749,60991,455,23827,294,33505,0,3659,240,13029,508,25852,240,38881,California
Kings,2021-04-21,646,61637,307,24134,339,33844,0,3659,222,12835,416,26268,222,39103,California
Kings,2021-04-22,560,62197,280,24414,280,34124,0,3659,206,12691,351,26619,207,39310,California
Kings,2021-04-23,673,62870,290,24704,383,34507,0,3659,328,12678,341,26960,328,39638,California
Kings,2021-04-24,248,63118,180,24884,67,34574,1,3660,120,12672,127,27087,121,39759,California
Kings,2021-04-25,202,63320,182,25066,20,34594,0,3660,165,12800,37,27124,165,39924,California
Kings,2021-04-26,315,63635,169,25235,143,34737,3,3663,198,12885,116,27240,201,40125,California
Kings,2021-04-27,424,64059,187,25422,218,34955,19,3682,180,12842,242,27482,199,40324,California
Kings,2021-04-28,515,64574,257,25679,238,35193,20,3702,270,12887,245,27727,290,40614,California
Kings,2021-04-29,290,64864,111,25790,166,35359,13,3715,133,12879,154,27881,146,40760,California
Kings,2021-04-30,368,65232,163,25953,188,35547,17,3732,152,12836,212,28093,169,40929,California
Kings,2021-05-01,226,65458,164,26117,52,35599,10,3742,71,12763,154,28247,81,41010,California
Kings,2021-05-02,169,65627,147,26264,22,35621,0,3742,127,12848,42,28289,127,41137,California
Kings,2021-05-03,474,66101,253,26517,208,35829,13,3755,121,12630,352,28641,134,41271,California
Kings,2021-05-04,520,66621,263,26780,237,36066,20,3775,159,12449,360,29001,179,41450,California
Kings,2021-05-05,551,67172,285,27065,246,36312,20,3795,135,12189,415,29416,155,41605,California
Kings,2021-05-06,550,67722,270,27335,257,36569,23,3818,124,11912,424,29840,147,41752,California
Kings,2021-05-07,364,68086,211,27546,137,36706,16,3834,145,11856,217,30057,161,41913,California
Kings,2021-05-08,232,68318,166,27712,54,36760,12,3846,73,11782,158,30215,84,41997,California
Kings,2021-05-09,191,68509,61,27773,130,36890,0,3846,40,11671,151,30366,40,42037,California
Kings,2021-05-10,340,68849,263,28036,67,36957,10,3856,115,11571,224,30590,124,42161,California
Kings,2021-05-11,386,69235,238,28274,118,37075,30,3886,120,11456,266,30856,151,42312,California
Kings,2021-05-12,398,69633,163,28437,221,37296,14,3900,170,11414,226,31082,184,42496,California
Kings,2021-05-13,393,70026,145,28582,240,37536,8,3908,155,11339,238,31320,163,42659,California
Kings,2021-05-14,463,70489,314,28896,118,37654,31,3939,241,11390,221,31541,272,42931,California
Kings,2021-05-15,354,70843,251,29147,84,37738,19,3958,196,11447,158,31699,215,43146,California
Kings,2021-05-16,248,71091,222,29369,25,37763,1,3959,76,11352,172,31871,77,43223,California
Kings,2021-05-17,404,71495,321,29690,66,37829,17,3976,215,11396,188,32059,232,43455,California
Kings,2021-05-18,396,71891,277,29967,106,37935,13,3989,226,11466,170,32229,240,43695,California
Kings,2021-05-19,576,72467,282,30249,270,38205,24,4013,229,11374,345,32574,253,43948,California
Kings,2021-05-20,447,72914,234,30483,186,38391,27,4040,266,11487,181,32755,294,44242,California
Kings,2021-05-21,517,73431,263,30746,244,38635,10,4050,265,11514,248,33003,275,44517,California
Kings,2021-05-22,304,73735,245,30991,47,38682,12,4062,217,11658,85,33088,229,44746,California
Kings,2021-05-23,233,73968,224,31215,9,38691,0,4062,109,11643,124,33212,109,44855,California
Kings,2021-05-24,249,74217,165,31380,70,38761,14,4076,119,11646,130,33342,133,44988,California
Kings,2021-05-25,405,74622,267,31647,105,38866,33,4109,239,11754,164,33506,272,45260,California
Kings,2021-05-26,303,74925,125,31772,161,39027,17,4126,129,11727,173,33679,146,45406,California
Kings,2021-05-27,328,75253,178,31950,132,39159,18,4144,179,11778,146,33825,197,45603,California
Kings,2021-05-28,286,75539,139,32089,130,39289,17,4161,139,11790,144,33969,156,45759,California
Kings,2021-05-29,172,75711,99,32188,62,39351,11,4172,91,11812,80,34049,102,45861,California
Kings,2021-05-30,131,75842,114,32302,15,39366,2,4174,71,11825,60,34109,73,45934,California
Kings,2021-05-31,42,75884,23,32325,16,39382,3,4177,15,11816,27,34136,18,45952,California
Kings,2021-06-01,315,76199,188,32513,111,39493,16,4193,121,11762,190,34326,136,46088,California
Kings,2021-06-02,271,76470,124,32637,140,39633,7,4200,85,11670,184,34510,92,46180,California
Kings,2021-06-03,228,76698,126,32763,91,39724,11,4211,86,11632,135,34645,97,46277,California
Kings,2021-06-04,424,77122,280,33043,131,39855,13,4224,158,11541,262,34907,171,46448,California
Kings,2021-06-05,252,77374,220,33263,26,39881,6,4230,63,11434,176,35083,69,46517,California
Kings,2021-06-06,161,77535,153,33416,3,39884,5,4235,80,11442,77,35160,85,46602,California
Kings,2021-06-07,290,77825,220,33636,57,39941,13,4248,94,11353,196,35356,107,46709,California
Kings,2021-06-08,310,78135,239,33875,51,39992,20,4268,84,11232,225,35581,104,46813,California
Kings,2021-06-09,348,78483,224,34099,116,40108,8,4276,90,11075,255,35836,98,46911,California
Kings,2021-06-10,307,78790,191,34290,103,40211,13,4289,73,10928,233,36069,86,46997,California
Kings,2021-06-11,204,78994,162,34452,40,40251,2,4291,75,10878,127,36196,77,47074,California
Lake,2020-12-17,4,4,4,4,0,0,0,0,4,4,0,0,4,4,California
Lake,2020-12-18,49,53,49,53,0,0,0,0,49,53,0,0,49,53,California
Lake,2020-12-19,3,56,3,56,0,0,0,0,3,56,0,0,3,56,California
Lake,2020-12-20,6,62,6,62,0,0,0,0,6,62,0,0,6,62,California
Lake,2020-12-21,87,149,87,149,0,0,0,0,87,149,0,0,87,149,California
Lake,2020-12-22,63,212,60,209,3,3,0,0,63,212,0,0,63,212,California
Lake,2020-12-23,125,337,116,325,9,12,0,0,125,337,0,0,125,337,California
Lake,2020-12-24,2,339,0,325,2,14,0,0,2,339,0,0,2,339,California
Lake,2020-12-26,2,341,2,327,0,14,0,0,2,341,0,0,2,341,California
Lake,2020-12-27,2,343,2,329,0,14,0,0,2,343,0,0,2,343,California
Lake,2020-12-28,53,396,44,373,9,23,0,0,53,396,0,0,53,396,California
Lake,2020-12-29,53,449,48,421,5,28,0,0,53,449,0,0,53,449,California
Lake,2020-12-30,131,580,124,545,7,35,0,0,131,580,0,0,131,580,California
Lake,2020-12-31,67,647,64,609,3,38,0,0,67,647,0,0,67,647,California
Lake,2021-01-01,1,648,0,609,1,39,0,0,1,648,0,0,1,648,California
Lake,2021-01-02,2,650,1,610,1,40,0,0,2,650,0,0,2,650,California
Lake,2021-01-04,91,741,21,631,70,110,0,0,91,741,0,0,91,741,California
Lake,2021-01-05,120,861,59,690,61,171,0,0,118,857,2,2,118,859,California
Lake,2021-01-06,103,964,64,754,39,210,0,0,101,956,2,4,101,960,California
Lake,2021-01-07,109,1073,85,839,24,234,0,0,100,1047,9,13,100,1060,California
Lake,2021-01-08,163,1236,134,973,29,263,0,0,112,1108,51,64,112,1172,California
Lake,2021-01-09,63,1299,61,1034,2,265,0,0,59,1163,4,68,59,1231,California
Lake,2021-01-10,3,1302,3,1037,0,265,0,0,0,1160,3,71,0,1231,California
Lake,2021-01-11,188,1490,148,1185,40,305,0,0,110,1192,78,149,110,1341,California
Lake,2021-01-12,82,1572,49,1234,33,338,0,0,58,1226,24,173,58,1399,California
Lake,2021-01-13,171,1743,116,1350,55,393,0,0,110,1275,61,234,110,1509,California
Lake,2021-01-14,147,1890,48,1398,99,492,0,0,125,1378,22,256,125,1634,California
Lake,2021-01-15,217,2107,94,1492,123,615,0,0,189,1539,28,284,189,1823,California
Lake,2021-01-16,133,2240,82,1574,51,666,0,0,131,1668,2,286,131,1954,California
Lake,2021-01-17,15,2255,6,1580,9,675,0,0,9,1671,6,292,9,1963,California
Lake,2021-01-18,245,2500,229,1809,16,691,0,0,122,1670,123,415,122,2085,California
Lake,2021-01-19,317,2817,121,1930,196,887,0,0,269,1892,48,463,270,2355,California
Lake,2021-01-20,425,3242,82,2012,343,1230,0,0,360,2188,64,527,360,2715,California
Lake,2021-01-21,439,3681,48,2060,391,1621,0,0,403,2555,36,563,403,3118,California
Lake,2021-01-22,321,4002,48,2108,273,1894,0,0,285,2804,36,599,285,3403,California
Lake,2021-01-23,123,4125,6,2114,117,2011,0,0,122,2925,1,600,122,3525,California
Lake,2021-01-24,5,4130,2,2116,3,2014,0,0,5,2930,0,600,5,3530,California
Lake,2021-01-25,256,4386,93,2209,163,2177,0,0,174,3022,82,682,174,3704,California
Lake,2021-01-26,430,4816,33,2242,397,2574,0,0,406,3404,24,706,406,4110,California
Lake,2021-01-27,362,5178,40,2282,322,2896,0,0,335,3713,27,733,336,4446,California
Lake,2021-01-28,494,5672,159,2441,335,3231,0,0,365,3949,129,862,365,4811,California
Lake,2021-01-29,659,6331,108,2549,551,3782,0,0,576,4442,83,945,576,5387,California
Lake,2021-01-30,555,6886,39,2588,516,4298,0,0,549,4985,6,951,549,5936,California
Lake,2021-01-31,13,6899,8,2596,5,4303,0,0,11,4994,2,953,11,5947,California
Lake,2021-02-01,176,7075,14,2610,162,4465,0,0,162,5142,14,967,162,6109,California
Lake,2021-02-02,560,7635,151,2761,409,4874,0,0,394,5370,166,1133,394,6503,California
Lake,2021-02-03,443,8078,32,2793,411,5285,0,0,337,5601,106,1239,337,6840,California
Lake,2021-02-04,121,8199,70,2863,51,5336,0,0,71,5622,50,1289,71,6911,California
Lake,2021-02-05,382,8581,71,2934,311,5647,0,0,289,5820,91,1380,289,7200,California
Lake,2021-02-06,275,8856,39,2973,236,5883,0,0,264,6073,11,1391,264,7464,California
Lake,2021-02-07,3,8859,2,2975,1,5884,0,0,3,6076,0,1391,3,7467,California
Lake,2021-02-08,276,9135,206,3181,70,5954,0,0,158,6116,118,1509,158,7625,California
Lake,2021-02-09,344,9479,23,3204,321,6275,0,0,300,6373,43,1552,300,7925,California
Lake,2021-02-10,350,9829,50,3254,300,6575,0,0,270,6563,80,1632,270,8195,California
Lake,2021-02-11,174,10003,18,3272,156,6731,0,0,57,6503,117,1749,57,8252,California
Lake,2021-02-12,371,10374,28,3300,343,7074,0,0,285,6703,85,1834,285,8537,California
Lake,2021-02-13,252,10626,9,3309,243,7317,0,0,242,6935,10,1844,242,8779,California
Lake,2021-02-14,16,10642,4,3313,12,7329,0,0,5,6929,11,1855,5,8784,California
Lake,2021-02-15,164,10806,8,3321,156,7485,0,0,8,6782,155,2010,8,8792,California
Lake,2021-02-16,425,11231,22,3343,403,7888,0,0,178,6713,247,2257,178,8970,California
Lake,2021-02-17,348,11579,53,3396,295,8183,0,0,69,6504,278,2535,69,9039,California
Lake,2021-02-18,458,12037,71,3467,387,8570,0,0,113,6272,345,2880,113,9152,California
Lake,2021-02-19,425,12462,24,3491,401,8971,0,0,90,6027,335,3215,90,9242,California
Lake,2021-02-20,290,12752,57,3548,233,9204,0,0,251,6240,38,3253,251,9493,California
Lake,2021-02-21,6,12758,6,3554,0,9204,0,0,0,6234,6,3259,0,9493,California
Lake,2021-02-22,133,12891,16,3570,117,9321,0,0,39,6179,94,3353,39,9532,California
Lake,2021-02-23,215,13106,16,3586,199,9520,0,0,29,6022,186,3539,29,9561,California
Lake,2021-02-24,1011,14117,430,4016,581,10101,0,0,470,5952,540,4079,470,10031,California
Lake,2021-02-25,731,14848,468,4484,263,10364,0,0,472,6168,256,4335,472,10503,California
Lake,2021-02-26,994,15842,303,4787,691,11055,0,0,348,5872,644,4979,348,10851,California
Lake,2021-02-27,408,16250,97,4884,311,11366,0,0,327,6118,81,5060,327,11178,California
Lake,2021-02-28,17,16267,10,4894,7,11373,0,0,11,6123,6,5066,11,11189,California
Lake,2021-03-01,596,16863,54,4948,542,11915,0,0,444,6415,152,5218,444,11633,California
Lake,2021-03-02,743,17606,18,4966,725,12640,0,0,288,6249,454,5672,288,11921,California
Lake,2021-03-03,365,17971,193,5159,172,12812,0,0,146,6176,219,5891,146,12067,California
Lake,2021-03-04,578,18549,506,5665,72,12884,0,0,561,6720,17,5908,561,12628,California
Lake,2021-03-05,1053,19602,52,5717,1001,13885,0,0,188,6047,861,6769,188,12816,California
Lake,2021-03-06,36,19638,10,5727,25,13910,1,1,22,6056,14,6783,23,12839,California
Lake,2021-03-07,6,19644,4,5731,2,13912,0,1,4,6058,2,6785,4,12843,California
Lake,2021-03-08,339,19983,267,5998,63,13975,9,10,299,6326,40,6825,308,13151,California
Lake,2021-03-09,928,20911,42,6040,868,14843,18,28,404,6225,523,7348,422,13573,California
Lake,2021-03-10,200,21111,56,6096,131,14974,13,41,134,6307,66,7414,148,13721,California
Lake,2021-03-11,588,21699,48,6144,62,15036,478,519,48,6293,540,7954,526,14247,California
Lake,2021-03-12,856,22555,204,6348,626,15662,26,545,364,6192,491,8445,390,14637,California
Lake,2021-03-13,279,22834,21,6369,22,15684,236,781,17,6183,261,8706,252,14889,California
Lake,2021-03-14,11,22845,2,6371,9,15693,0,781,7,6186,4,8710,7,14896,California
Lake,2021-03-15,640,23485,9,6380,613,16306,18,799,480,6524,160,8870,498,15394,California
Lake,2021-03-16,1121,24606,839,7219,265,16571,17,816,401,6225,716,9586,417,15811,California
Lake,2021-03-17,243,24849,119,7338,102,16673,22,838,89,6182,154,9740,111,15922,California
Lake,2021-03-18,747,25596,375,7713,336,17009,36,874,370,6213,374,10114,405,16327,California
Lake,2021-03-19,583,26179,313,8026,249,17258,21,895,479,6610,103,10217,500,16827,California
Lake,2021-03-20,249,26428,8,8034,238,17496,3,898,31,6428,216,10433,34,16861,California
Lake,2021-03-21,16,26444,11,8045,4,17500,1,899,11,6435,5,10438,12,16873,California
Lake,2021-03-22,339,26783,257,8302,67,17567,15,914,251,6613,88,10526,266,17139,California
Lake,2021-03-23,435,27218,23,8325,399,17966,13,927,368,6928,66,10592,381,17520,California
Lake,2021-03-24,422,27640,59,8384,355,18321,8,935,328,7172,93,10685,337,17857,California
Lake,2021-03-25,670,28310,481,8865,184,18505,5,940,173,6852,497,11182,177,18034,California
Lake,2021-03-26,67,28377,32,8897,34,18539,1,941,31,6848,36,11218,32,18066,California
Lake,2021-03-27,307,28684,7,8904,297,18836,3,944,16,6578,289,11507,19,18085,California
Lake,2021-03-28,15,28699,7,8911,8,18844,0,944,8,6579,7,11514,8,18093,California
Lake,2021-03-29,989,29688,287,9198,700,19544,2,946,205,6004,782,12296,207,18300,California
Lake,2021-03-30,467,30155,318,9516,147,19691,2,948,371,6282,95,12391,373,18673,California
Lake,2021-03-31,619,30774,59,9575,560,20251,0,948,435,6542,175,12566,435,19108,California
Lake,2021-04-01,451,31225,237,9812,202,20453,12,960,188,6483,259,12825,200,19308,California
Lake,2021-04-02,223,31448,39,9851,156,20609,28,988,95,6478,128,12953,123,19431,California
Lake,2021-04-03,32,31480,5,9856,24,20633,3,991,12,6473,20,12973,15,19446,California
Lake,2021-04-04,19,31499,11,9867,7,20640,1,992,15,6485,4,12977,16,19462,California
Lake,2021-04-05,646,32145,70,9937,556,21196,20,1012,407,6675,236,13213,426,19888,California
Lake,2021-04-06,478,32623,17,9954,435,21631,26,1038,307,6838,170,13383,333,20221,California
Lake,2021-04-07,522,33145,56,10010,415,22046,51,1089,352,7073,168,13551,403,20624,California
Lake,2021-04-08,607,33752,494,10504,47,22093,66,1155,103,6741,501,14052,169,20793,California
Lake,2021-04-09,279,34031,39,10543,172,22265,68,1223,47,6626,229,14281,114,20907,California
Lake,2021-04-10,254,34285,13,10556,14,22279,227,1450,9,6617,245,14526,236,21143,California
Lake,2021-04-11,22,34307,17,10573,3,22282,2,1452,7,6611,15,14541,9,21152,California
Lake,2021-04-12,1081,35388,234,10807,813,23095,34,1486,244,6053,836,15377,278,21430,California
Lake,2021-04-13,180,35568,109,10916,71,23166,0,1486,52,5977,128,15505,52,21482,California
Lake,2021-04-14,614,36182,35,10951,579,23745,0,1486,551,6465,63,15568,551,22033,California
Lake,2021-04-15,642,36824,192,11143,450,24195,0,1486,329,6482,313,15881,330,22363,California
Lake,2021-04-16,263,37087,25,11168,238,24433,0,1486,69,6358,193,16074,69,22432,California
Lake,2021-04-17,42,37129,11,11179,31,24464,0,1486,31,6378,11,16085,31,22463,California
Lake,2021-04-18,7,37136,4,11183,3,24467,0,1486,0,6371,7,16092,0,22463,California
Lake,2021-04-19,301,37437,40,11223,261,24728,0,1486,250,6570,51,16143,250,22713,California
Lake,2021-04-20,699,38136,281,11504,418,25146,0,1486,92,6057,606,16749,93,22806,California
Lake,2021-04-21,531,38667,61,11565,470,25616,0,1486,196,5918,335,17084,196,23002,California
Lake,2021-04-22,462,39129,46,11611,416,26032,0,1486,317,6091,144,17228,317,23319,California
Lake,2021-04-23,116,39245,58,11669,58,26090,0,1486,69,6114,46,17274,69,23388,California
Lake,2021-04-24,53,39298,8,11677,45,26135,0,1486,39,6139,14,17288,39,23427,California
Lake,2021-04-25,36,39334,19,11696,17,26152,0,1486,24,6151,12,17300,24,23451,California
Lake,2021-04-26,292,39626,81,11777,210,26362,1,1487,87,6034,205,17505,88,23539,California
Lake,2021-04-27,248,39874,22,11799,208,26570,18,1505,85,5974,163,17668,103,23642,California
Lake,2021-04-28,512,40386,48,11847,449,27019,15,1520,91,5660,419,18087,105,23747,California
Lake,2021-04-29,208,40594,81,11928,111,27130,16,1536,110,5687,98,18185,125,23872,California
Lake,2021-04-30,286,40880,43,11971,212,27342,31,1567,147,5726,139,18324,178,24050,California
Lake,2021-05-01,50,40930,28,11999,20,27362,2,1569,35,5749,14,18338,37,24087,California
Lake,2021-05-02,18,40948,9,12008,8,27370,1,1570,9,5750,9,18347,10,24097,California
Lake,2021-05-03,416,41364,28,12036,353,27723,35,1605,65,5500,350,18697,100,24197,California
Lake,2021-05-04,404,41768,216,12252,140,27863,48,1653,124,5393,279,18976,172,24369,California
Lake,2021-05-05,630,42398,44,12296,573,28436,13,1666,86,4950,541,19517,98,24467,California
Lake,2021-05-06,141,42539,19,12315,93,28529,29,1695,72,4981,69,19586,100,24567,California
Lake,2021-05-07,163,42702,27,12342,116,28645,20,1715,105,5050,56,19642,125,24692,California
Lake,2021-05-08,43,42745,7,12349,36,28681,0,1715,36,5079,7,19649,36,24728,California
Lake,2021-05-09,17,42762,2,12351,10,28691,5,1720,10,5087,7,19656,15,24743,California
Lake,2021-05-10,245,43007,11,12362,207,28898,27,1747,58,4986,186,19842,85,24828,California
Lake,2021-05-11,193,43200,25,12387,151,29049,17,1764,115,5041,78,19920,133,24961,California
Lake,2021-05-12,540,43740,32,12419,488,29537,20,1784,55,4630,485,20405,74,25035,California
Lake,2021-05-13,313,44053,66,12485,233,29770,14,1798,73,4479,238,20643,87,25122,California
Lake,2021-05-14,265,44318,81,12566,165,29935,19,1817,161,4556,102,20745,179,25301,California
Lake,2021-05-15,42,44360,16,12582,23,29958,3,1820,26,4569,16,20761,29,25330,California
Lake,2021-05-16,31,44391,18,12600,12,29970,1,1821,17,4573,14,20775,18,25348,California
Lake,2021-05-17,315,44706,41,12641,259,30229,15,1836,84,4444,228,21003,99,25447,California
Lake,2021-05-18,302,45008,65,12706,218,30447,19,1855,175,4512,126,21129,194,25641,California
Lake,2021-05-19,311,45319,57,12763,239,30686,15,1870,87,4391,223,21352,102,25743,California
Lake,2021-05-20,236,45555,60,12823,165,30851,11,1881,93,4352,143,21495,104,25847,California
Lake,2021-05-21,271,45826,50,12873,198,31049,23,1904,112,4330,157,21652,135,25982,California
Lake,2021-05-22,91,45917,50,12923,38,31087,3,1907,42,4326,49,21701,45,26027,California
Lake,2021-05-23,57,45974,28,12951,28,31115,1,1908,29,4328,28,21729,30,26057,California
Lake,2021-05-24,155,46129,35,12986,106,31221,14,1922,70,4327,85,21814,84,26141,California
Lake,2021-05-25,204,46333,55,13041,137,31358,12,1934,73,4282,130,21944,85,26226,California
Lake,2021-05-26,150,46483,44,13085,95,31453,11,1945,54,4253,94,22038,65,26291,California
Lake,2021-05-27,174,46657,47,13132,113,31566,14,1959,60,4214,113,22151,74,26365,California
Lake,2021-05-28,223,46880,20,13152,164,31730,39,1998,49,4130,171,22322,87,26452,California
Lake,2021-05-29,37,46917,10,13162,21,31751,6,2004,14,4127,23,22345,20,26472,California
Lake,2021-05-30,22,46939,6,13168,14,31765,2,2006,12,4131,10,22355,14,26486,California
Lake,2021-05-31,63,47002,21,13189,40,31805,2,2008,53,4176,10,22365,55,26541,California
Lake,2021-06-01,197,47199,37,13226,151,31956,9,2017,68,4125,128,22493,77,26618,California
Lake,2021-06-02,132,47331,45,13271,75,32031,12,2029,54,4113,78,22571,66,26684,California
Lake,2021-06-03,179,47510,55,13326,106,32137,18,2047,79,4110,100,22671,97,26781,California
Lake,2021-06-04,180,47690,51,13377,114,32251,15,2062,45,4037,133,22804,60,26841,California
Lake,2021-06-05,91,47781,56,13433,27,32278,8,2070,55,4064,36,22840,63,26904,California
Lake,2021-06-06,67,47848,37,13470,30,32308,0,2070,23,4043,44,22884,23,26927,California
Lake,2021-06-07,88,47936,29,13499,51,32359,8,2078,30,4024,57,22941,38,26965,California
Lake,2021-06-08,145,48081,43,13542,94,32453,8,2086,62,4011,83,23024,70,27035,California
Lake,2021-06-09,131,48212,14,13556,116,32569,1,2087,24,3930,106,23130,25,27060,California
Lake,2021-06-10,84,48296,37,13593,38,32607,9,2096,32,3919,52,23182,41,27101,California
Lake,2021-06-11,102,48398,16,13609,74,32681,12,2108,14,3858,87,23269,26,27127,California
Lassen,2020-12-16,4,4,4,4,0,0,0,0,4,4,0,0,4,4,California
Lassen,2020-12-17,1,5,1,5,0,0,0,0,1,5,0,0,1,5,California
Lassen,2020-12-18,1,6,1,6,0,0,0,0,1,6,0,0,1,6,California
Lassen,2020-12-19,5,11,5,11,0,0,0,0,5,11,0,0,5,11,California
Lassen,2020-12-20,2,13,2,13,0,0,0,0,2,13,0,0,2,13,California
Lassen,2020-12-21,11,24,11,24,0,0,0,0,11,24,0,0,11,24,California
Lassen,2020-12-22,20,44,20,44,0,0,0,0,20,44,0,0,20,44,California
Lassen,2020-12-23,5,49,5,49,0,0,0,0,5,49,0,0,5,49,California
Lassen,2020-12-24,5,54,5,54,0,0,0,0,5,54,0,0,5,54,California
Lassen,2020-12-28,3,57,2,56,1,1,0,0,3,57,0,0,3,57,California
Lassen,2020-12-29,34,91,34,90,0,1,0,0,34,91,0,0,34,91,California
Lassen,2020-12-30,28,119,27,117,1,2,0,0,28,119,0,0,28,119,California
Lassen,2020-12-31,49,168,42,159,7,9,0,0,49,168,0,0,49,168,California
Lassen,2021-01-02,1,169,0,159,1,10,0,0,1,169,0,0,1,169,California
Lassen,2021-01-04,14,183,2,161,12,22,0,0,14,183,0,0,14,183,California
Lassen,2021-01-05,189,372,51,212,138,160,0,0,189,372,0,0,189,372,California
Lassen,2021-01-06,89,461,38,250,51,211,0,0,84,452,5,5,85,457,California
Lassen,2021-01-07,38,499,2,252,36,247,0,0,37,488,1,6,37,494,California
Lassen,2021-01-08,49,548,2,254,47,294,0,0,49,537,0,6,49,543,California
Lassen,2021-01-09,12,560,6,260,6,300,0,0,12,549,0,6,12,555,California
Lassen,2021-01-11,27,587,5,265,22,322,0,0,27,576,0,6,27,582,California
Lassen,2021-01-12,46,633,26,291,20,342,0,0,29,588,17,23,29,611,California
Lassen,2021-01-13,159,792,16,307,143,485,0,0,146,721,13,36,146,757,California
Lassen,2021-01-14,154,946,12,319,142,627,0,0,147,861,7,43,147,904,California
Lassen,2021-01-15,22,968,3,322,19,646,0,0,22,883,0,43,22,926,California
Lassen,2021-01-16,34,1002,33,355,1,647,0,0,34,917,0,43,34,960,California
Lassen,2021-01-17,1,1003,0,355,1,648,0,0,1,918,0,43,1,961,California
Lassen,2021-01-18,4,1007,2,357,2,650,0,0,3,920,1,44,3,964,California
Lassen,2021-01-19,182,1189,34,391,148,798,0,0,154,1046,28,72,154,1118,California
Lassen,2021-01-20,161,1350,90,481,71,869,0,0,86,1072,60,132,86,1204,California
Lassen,2021-01-21,133,1483,88,569,45,914,0,0,109,1163,18,150,109,1313,California
Lassen,2021-01-22,28,1511,15,584,13,927,0,0,18,1171,10,160,18,1331,California
Lassen,2021-01-24,1,1512,0,584,1,928,0,0,1,1172,0,160,1,1332,California
Lassen,2021-01-25,10,1522,1,585,9,937,0,0,9,1180,1,161,9,1341,California
Lassen,2021-01-26,112,1634,3,588,109,1046,0,0,110,1288,2,163,110,1451,California
Lassen,2021-01-27,64,1698,19,607,45,1091,0,0,49,1322,15,178,49,1500,California
Lassen,2021-01-28,78,1776,11,618,67,1158,0,0,77,1398,1,179,77,1577,California
Lassen,2021-01-29,15,1791,3,621,12,1170,0,0,14,1411,1,180,14,1591,California
Lassen,2021-02-01,48,1839,2,623,46,1216,0,0,25,1413,23,203,25,1616,California
Lassen,2021-02-02,165,2004,6,629,159,1375,0,0,34,1316,131,334,34,1650,California
Lassen,2021-02-03,89,2093,17,646,72,1447,0,0,45,1317,44,378,45,1695,California
Lassen,2021-02-04,102,2195,8,654,94,1541,0,0,54,1323,48,426,54,1749,California
Lassen,2021-02-05,53,2248,6,660,47,1588,0,0,15,1300,38,464,15,1764,California
Lassen,2021-02-06,69,2317,34,694,35,1623,0,0,36,1304,32,496,36,1800,California
Lassen,2021-02-07,1,2318,1,695,0,1623,0,0,1,1305,0,496,1,1801,California
Lassen,2021-02-08,40,2358,4,699,36,1659,0,0,14,1293,26,522,14,1815,California
Lassen,2021-02-09,119,2477,4,703,115,1774,0,0,43,1260,76,598,43,1858,California
Lassen,2021-02-10,158,2635,15,718,143,1917,0,0,52,1206,106,704,52,1910,California
Lassen,2021-02-11,154,2789,8,726,146,2063,0,0,57,1167,96,800,57,1967,California
Lassen,2021-02-12,26,2815,5,731,21,2084,0,0,9,1159,17,817,9,1976,California
Lassen,2021-02-13,10,2825,2,733,8,2092,0,0,8,1165,2,819,8,1984,California
Lassen,2021-02-14,13,2838,0,733,13,2105,0,0,12,1176,1,820,12,1996,California
Lassen,2021-02-15,19,2857,2,735,17,2122,0,0,15,1188,3,823,15,2011,California
Lassen,2021-02-16,182,3039,3,738,179,2301,0,0,22,1052,158,981,22,2033,California
Lassen,2021-02-17,149,3188,79,817,70,2371,0,0,6,915,143,1124,6,2039,California
Lassen,2021-02-18,64,3252,13,830,51,2422,0,0,16,883,48,1172,16,2055,California
Lassen,2021-02-19,69,3321,51,881,18,2440,0,0,12,838,57,1229,12,2067,California
Lassen,2021-02-20,7,3328,0,881,7,2447,0,0,6,843,1,1230,6,2073,California
Lassen,2021-02-21,21,3349,1,882,20,2467,0,0,17,856,4,1234,17,2090,California
Lassen,2021-02-22,20,3369,10,892,10,2477,0,0,5,846,15,1249,5,2095,California
Lassen,2021-02-23,146,3515,6,898,140,2617,0,0,43,786,103,1352,43,2138,California
Lassen,2021-02-24,135,3650,10,908,125,2742,0,0,87,826,47,1399,87,2225,California
Lassen,2021-02-25,139,3789,14,922,125,2867,0,0,88,863,51,1450,88,2313,California
Lassen,2021-02-26,65,3854,12,934,53,2920,0,0,33,864,32,1482,33,2346,California
Lassen,2021-02-27,7,3861,7,941,0,2920,0,0,3,863,4,1486,3,2349,California
Lassen,2021-02-28,4,3865,1,942,3,2923,0,0,1,861,3,1489,1,2350,California
Lassen,2021-03-01,29,3894,3,945,26,2949,0,0,6,845,22,1511,6,2356,California
Lassen,2021-03-02,97,3991,5,950,92,3041,0,0,77,903,19,1530,77,2433,California
Lassen,2021-03-03,139,4130,6,956,133,3174,0,0,90,944,49,1579,90,2523,California
Lassen,2021-03-04,143,4273,14,970,129,3303,0,0,94,990,48,1627,94,2617,California
Lassen,2021-03-05,43,4316,4,974,15,3318,24,24,9,989,34,1661,33,2650,California
Lassen,2021-03-06,54,4370,3,977,29,3347,22,46,5,967,49,1710,27,2677,California
Lassen,2021-03-07,56,4426,1,978,0,3347,55,101,1,968,55,1765,56,2733,California
Lassen,2021-03-08,84,4510,2,980,4,3351,78,179,1,964,83,1848,79,2812,California
Lassen,2021-03-09,127,4637,4,984,106,3457,17,196,81,1016,46,1894,98,2910,California
Lassen,2021-03-10,132,4769,7,991,124,3581,1,197,74,1034,57,1951,75,2985,California
Lassen,2021-03-11,168,4937,10,1001,152,3733,6,203,99,1073,66,2017,105,3090,California
Lassen,2021-03-12,17,4954,7,1008,7,3740,3,206,5,1069,12,2029,8,3098,California
Lassen,2021-03-13,48,5002,0,1008,2,3742,46,252,1,1068,47,2076,46,3144,California
Lassen,2021-03-14,12,5014,0,1008,11,3753,1,253,1,1059,11,2087,2,3146,California
Lassen,2021-03-15,27,5041,2,1010,25,3778,0,253,12,1056,15,2102,12,3158,California
Lassen,2021-03-16,88,5129,2,1012,81,3859,5,258,72,1117,16,2118,77,3235,California
Lassen,2021-03-17,1084,6213,8,1020,1071,4930,5,263,1066,2170,18,2136,1071,4306,California
Lassen,2021-03-18,86,6299,7,1027,78,5008,1,264,75,2235,11,2147,76,4382,California
Lassen,2021-03-19,11,6310,7,1034,2,5010,2,266,5,2236,6,2153,7,4389,California
Lassen,2021-03-20,17,6327,3,1037,12,5022,2,268,11,2243,6,2159,13,4402,California
Lassen,2021-03-21,33,6360,0,1037,33,5055,0,268,13,2237,19,2178,13,4415,California
Lassen,2021-03-22,43,6403,1,1038,42,5097,0,268,40,2274,3,2181,40,4455,California
Lassen,2021-03-23,113,6516,7,1045,105,5202,1,269,60,2282,53,2234,61,4516,California
Lassen,2021-03-24,177,6693,8,1053,168,5370,1,270,93,2294,82,2316,94,4610,California
Lassen,2021-03-25,142,6835,15,1068,127,5497,0,270,62,2276,80,2396,62,4672,California
Lassen,2021-03-26,71,6906,8,1076,25,5522,38,308,15,2273,55,2451,52,4724,California
Lassen,2021-03-27,18,6924,2,1078,1,5523,15,323,2,2274,16,2467,17,4741,California
Lassen,2021-03-28,12,6936,2,1080,1,5524,9,332,1,2273,11,2478,10,4751,California
Lassen,2021-03-29,52,6988,0,1080,27,5551,25,357,20,2287,31,2509,45,4796,California
Lassen,2021-03-30,170,7158,3,1083,142,5693,25,382,50,2242,120,2629,75,4871,California
Lassen,2021-03-31,141,7299,10,1093,110,5803,21,403,57,2237,83,2712,78,4949,California
Lassen,2021-04-01,151,7450,9,1102,123,5926,19,422,43,2192,107,2819,62,5011,California
Lassen,2021-04-02,27,7477,3,1105,2,5928,22,444,1,2189,26,2845,23,5034,California
Lassen,2021-04-03,12,7489,0,1105,2,5930,10,454,0,2187,12,2857,10,5044,California
Lassen,2021-04-04,5,7494,1,1106,0,5930,4,458,1,2188,4,2861,5,5049,California
Lassen,2021-04-05,17,7511,1,1107,10,5940,6,464,10,2197,7,2868,16,5065,California
Lassen,2021-04-06,170,7681,5,1112,135,6075,30,494,50,2157,120,2988,80,5145,California
Lassen,2021-04-07,123,7804,5,1117,86,6161,32,526,32,2132,91,3079,66,5211,California
Lassen,2021-04-08,158,7962,7,1124,99,6260,52,578,28,2086,126,3205,80,5291,California
Lassen,2021-04-09,44,8006,6,1130,6,6266,32,610,8,2090,35,3240,39,5330,California
Lassen,2021-04-10,8,8014,0,1130,2,6268,6,616,0,2089,7,3247,6,5336,California
Lassen,2021-04-11,6,8020,2,1132,1,6269,3,619,3,2092,3,3250,6,5342,California
Lassen,2021-04-12,29,8049,4,1136,12,6281,13,632,4,2084,25,3275,17,5359,California
Lassen,2021-04-13,117,8166,3,1139,114,6395,0,632,28,2024,88,3363,28,5387,California
Lassen,2021-04-14,981,9147,8,1147,973,7368,0,632,47,1138,933,4296,47,5434,California
Lassen,2021-04-15,134,9281,12,1159,122,7490,0,632,12,1028,122,4418,12,5446,California
Lassen,2021-04-16,9,9290,2,1161,7,7497,0,632,5,1029,4,4422,5,5451,California
Lassen,2021-04-17,11,9301,2,1163,9,7506,0,632,3,1024,8,4430,3,5454,California
Lassen,2021-04-18,4,9305,1,1164,3,7509,0,632,1,1022,3,4433,1,5455,California
Lassen,2021-04-19,30,9335,0,1164,30,7539,0,632,14,1020,16,4449,14,5469,California
Lassen,2021-04-20,130,9465,6,1170,124,7663,0,632,47,984,83,4532,47,5516,California
Lassen,2021-04-21,140,9605,6,1176,134,7797,0,632,30,906,108,4640,30,5546,California
Lassen,2021-04-22,94,9699,14,1190,80,7877,0,632,28,868,66,4706,28,5574,California
Lassen,2021-04-23,21,9720,0,1190,21,7898,0,632,18,883,3,4709,18,5592,California
Lassen,2021-04-24,9,9729,5,1195,4,7902,0,632,3,880,6,4715,3,5595,California
Lassen,2021-04-25,5,9734,0,1195,4,7906,1,633,3,882,2,4717,4,5599,California
Lassen,2021-04-26,40,9774,1,1196,35,7941,4,637,8,862,32,4749,12,5611,California
Lassen,2021-04-27,107,9881,5,1201,99,8040,3,640,55,868,52,4801,58,5669,California
Lassen,2021-04-28,81,9962,6,1207,73,8113,2,642,29,847,52,4853,31,5700,California
Lassen,2021-04-29,59,10021,5,1212,51,8164,3,645,20,832,38,4891,23,5723,California
Lassen,2021-04-30,12,10033,7,1219,2,8166,3,648,3,829,9,4900,6,5729,California
Lassen,2021-05-01,4,10037,0,1219,3,8169,1,649,3,832,1,4901,4,5733,California
Lassen,2021-05-02,10,10047,6,1225,4,8173,0,649,6,834,4,4905,6,5739,California
Lassen,2021-05-03,17,10064,2,1227,9,8182,6,655,2,827,15,4920,8,5747,California
Lassen,2021-05-04,67,10131,2,1229,58,8240,7,662,19,805,48,4968,26,5773,California
Lassen,2021-05-05,80,10211,4,1233,65,8305,11,673,25,787,54,5022,36,5809,California
Lassen,2021-05-06,69,10280,17,1250,30,8335,22,695,17,774,52,5074,39,5848,California
Lassen,2021-05-07,48,10328,32,1282,11,8346,5,700,41,813,7,5081,46,5894,California
Lassen,2021-05-08,11,10339,0,1282,5,8351,6,706,4,816,7,5088,10,5904,California
Lassen,2021-05-09,1,10340,0,1282,0,8351,1,707,0,816,1,5089,1,5905,California
Lassen,2021-05-10,11,10351,1,1283,7,8358,3,710,5,818,6,5095,8,5913,California
Lassen,2021-05-11,57,10408,0,1283,49,8407,8,718,17,803,40,5135,25,5938,California
Lassen,2021-05-12,40,10448,3,1286,32,8439,5,723,13,794,27,5162,18,5956,California
Lassen,2021-05-13,25,10473,8,1294,12,8451,5,728,7,788,18,5180,12,5968,California
Lassen,2021-05-14,20,10493,3,1297,9,8460,8,736,11,798,9,5189,19,5987,California
Lassen,2021-05-15,16,10509,2,1299,4,8464,10,746,4,800,12,5201,14,6001,California
Lassen,2021-05-16,7,10516,2,1301,3,8467,2,748,2,800,4,5205,4,6005,California
Lassen,2021-05-17,34,10550,3,1304,19,8486,12,760,10,798,24,5229,22,6027,California
Lassen,2021-05-18,83,10633,6,1310,65,8551,12,772,23,773,60,5289,35,6062,California
Lassen,2021-05-19,52,10685,2,1312,41,8592,9,781,7,744,44,5333,15,6077,California
Lassen,2021-05-20,33,10718,8,1320,16,8608,9,790,12,744,21,5354,21,6098,California
Lassen,2021-05-21,62,10780,28,1348,20,8628,14,804,33,762,29,5383,47,6145,California
Lassen,2021-05-22,17,10797,2,1350,7,8635,8,812,7,767,10,5393,15,6160,California
Lassen,2021-05-23,5,10802,3,1353,1,8636,1,813,0,763,5,5398,1,6161,California
Lassen,2021-05-24,12,10814,1,1354,9,8645,2,815,6,766,5,5403,8,6169,California
Lassen,2021-05-25,90,10904,6,1360,75,8720,9,824,32,749,58,5461,41,6210,California
Lassen,2021-05-26,57,10961,0,1360,42,8762,15,839,11,729,46,5507,26,6236,California
Lassen,2021-05-27,41,11002,17,1377,18,8780,6,845,12,719,28,5535,18,6254,California
Lassen,2021-05-28,70,11072,44,1421,18,8798,8,853,29,715,41,5576,37,6291,California
Lassen,2021-05-29,15,11087,1,1422,12,8810,2,855,9,720,6,5582,11,6302,California
Lassen,2021-05-30,2,11089,0,1422,1,8811,1,856,1,721,1,5583,2,6304,California
Lassen,2021-05-31,7,11096,0,1422,6,8817,1,857,1,717,6,5589,2,6306,California
Lassen,2021-06-01,43,11139,1,1423,36,8853,6,863,16,712,27,5616,22,6328,California
Lassen,2021-06-02,51,11190,2,1425,35,8888,14,877,12,700,38,5654,26,6354,California
Lassen,2021-06-03,20,11210,2,1427,9,8897,9,886,7,703,13,5667,16,6370,California
Lassen,2021-06-04,36,11246,1,1428,23,8920,12,898,11,701,25,5692,23,6393,California
Lassen,2021-06-05,14,11260,3,1431,7,8927,4,902,4,699,10,5702,8,6401,California
Lassen,2021-06-06,5,11265,0,1431,2,8929,3,905,1,699,4,5706,4,6405,California
Lassen,2021-06-07,16,11281,0,1431,8,8937,8,913,3,697,13,5719,11,6416,California
Lassen,2021-06-08,35,11316,4,1435,27,8964,4,917,14,694,21,5740,18,6434,California
Lassen,2021-06-09,17,11333,1,1436,14,8978,2,919,7,694,9,5749,9,6443,California
Lassen,2021-06-10,19,11352,10,1446,7,8985,2,921,10,697,9,5758,12,6455,California
Lassen,2021-06-11,26,11378,24,1470,2,8987,0,921,5,681,21,5779,5,6460,California
Los Angeles,2020-12-15,397,397,397,397,0,0,0,0,397,397,0,0,397,397,California
Los Angeles,2020-12-16,3581,3978,3581,3978,0,0,0,0,3581,3978,0,0,3581,3978,California
Los Angeles,2020-12-17,10402,14380,10402,14380,0,0,0,0,10403,14381,0,0,10403,14381,California
Los Angeles,2020-12-18,14595,28975,14572,28952,23,23,0,0,14595,28976,0,0,14595,28976,California
Los Angeles,2020-12-19,7230,36205,7221,36173,9,32,0,0,7233,36209,0,0,7233,36209,California
Los Angeles,2020-12-20,4620,40825,4611,40784,9,41,0,0,4622,40831,0,0,4622,40831,California
Los Angeles,2020-12-21,13737,54562,13720,54504,17,58,0,0,13737,54567,1,1,13737,54568,California
Los Angeles,2020-12-22,11569,66131,11175,65679,394,452,0,0,11569,66134,2,3,11569,66137,California
Los Angeles,2020-12-23,11988,78119,10212,75891,1776,2228,0,0,11989,78123,0,3,11989,78126,California
Los Angeles,2020-12-24,7053,85172,4274,80165,2779,5007,0,0,7056,85179,0,3,7056,85182,California
Los Angeles,2020-12-25,529,85701,422,80587,107,5114,0,0,530,85709,0,3,530,85712,California
Los Angeles,2020-12-26,2535,88236,2190,82777,345,5459,0,0,2534,88241,2,5,2534,88246,California
Los Angeles,2020-12-27,1774,90010,1036,83813,738,6197,0,0,1774,90015,0,5,1774,90020,California
Los Angeles,2020-12-28,10368,100378,6418,90231,3950,10147,0,0,10365,100379,1,6,10365,100385,California
Los Angeles,2020-12-29,11665,112043,6116,96347,5549,15696,0,0,11665,112044,0,6,11665,112050,California
Los Angeles,2020-12-30,14937,126980,8122,104469,6815,22511,0,0,14936,126980,0,6,14936,126986,California
Los Angeles,2020-12-31,7995,134975,2779,107248,5216,27727,0,0,7991,134968,3,9,7991,134977,California
Los Angeles,2021-01-01,1069,136044,307,107555,762,28489,0,0,1067,136033,2,11,1067,136044,California
Los Angeles,2021-01-02,4492,140536,1679,109234,2813,31302,0,0,4492,140525,0,11,4492,140536,California
Los Angeles,2021-01-03,964,141500,224,109458,740,32042,0,0,962,141485,2,13,962,141498,California
Los Angeles,2021-01-04,12733,154233,4895,114353,7838,39880,0,0,12718,154201,2,15,12718,154216,California
Los Angeles,2021-01-05,16111,170344,7120,121473,8991,48871,0,0,14191,166507,1891,1906,14197,168413,California
Los Angeles,2021-01-06,22773,193117,12122,133595,10651,59522,0,0,17108,178029,5596,7502,17118,185531,California
Los Angeles,2021-01-07,29450,222567,15846,149441,13604,73126,0,0,18866,186375,10536,18038,18882,204413,California
Los Angeles,2021-01-08,33245,255812,17966,167407,15279,88405,0,0,20950,195067,12269,30307,20961,225374,California
Los Angeles,2021-01-09,12435,268247,7108,174515,5327,93732,0,0,7542,197726,4890,35197,7549,232923,California
Los Angeles,2021-01-10,4707,272954,3650,178165,1057,94789,0,0,1969,196958,2738,37935,1970,234893,California
Los Angeles,2021-01-11,25911,298865,16307,194472,9604,104393,0,0,14933,200935,10966,48901,14943,249836,California
Los Angeles,2021-01-12,29436,328301,16241,210713,13195,117588,0,0,19276,210082,10143,59044,19290,269126,California
Los Angeles,2021-01-13,29396,357697,15681,226394,13715,131303,0,0,20400,221511,8977,68021,20406,289532,California
Los Angeles,2021-01-14,29368,387065,12740,239134,16628,147931,0,0,23813,239803,5534,73555,23826,313358,California
Los Angeles,2021-01-15,33968,421033,12397,251531,21571,169502,0,0,30376,266621,3567,77122,30385,343743,California
Los Angeles,2021-01-16,17689,438722,4999,256530,12690,182192,0,0,15894,280735,1786,78908,15900,359643,California
Los Angeles,2021-01-17,5231,443953,2334,258864,2897,185089,0,0,4983,285473,247,79155,4985,364628,California
Los Angeles,2021-01-18,15705,459658,10143,269007,5562,190651,0,0,10957,291697,4736,83891,10960,375588,California
Los Angeles,2021-01-19,38759,498417,20653,289660,18106,208757,0,0,30911,314815,7806,91697,30924,406512,California
Los Angeles,2021-01-20,46611,545028,24262,313922,22349,231106,0,0,39085,346417,7494,99191,39096,445608,California
Los Angeles,2021-01-21,49061,594089,22481,336403,26580,257686,0,0,44740,386921,4253,103444,44757,490365,California
Los Angeles,2021-01-22,48444,642533,22451,358854,25993,283679,0,0,44980,428499,3416,106860,44994,535359,California
Los Angeles,2021-01-23,34306,676839,15820,374674,18486,302165,0,0,32226,458690,2049,108909,32240,567599,California
Los Angeles,2021-01-24,15765,692604,12235,386909,3530,305695,0,0,15212,473361,544,109453,15215,582814,California
Los Angeles,2021-01-25,39637,732241,16741,403650,22896,328591,0,0,30958,495689,8646,118099,30974,613788,California
Los Angeles,2021-01-26,49914,782155,24792,428442,25122,353713,0,0,41651,529134,8226,126325,41671,655459,California
Los Angeles,2021-01-27,51379,833534,26121,454563,25258,378971,0,0,41927,561778,9310,135635,41954,697413,California
Los Angeles,2021-01-28,49384,882918,23729,478292,25655,404626,0,0,40896,594330,8365,144000,40917,738330,California
Los Angeles,2021-01-29,50092,933010,25910,504202,24182,428808,0,0,39954,624519,9783,153783,39972,778302,California
Los Angeles,2021-01-30,30648,963658,15877,520079,14771,443579,0,0,26311,646584,4255,158038,26320,804622,California
Los Angeles,2021-01-31,13258,976916,10585,530664,2673,446252,0,0,12432,658208,812,158850,12436,817058,California
Los Angeles,2021-02-01,38891,1015807,16685,547349,22206,468458,0,0,28315,675996,10538,169388,28326,845384,California
Los Angeles,2021-02-02,44922,1060729,18153,565502,26769,495227,0,0,32701,696525,12178,181566,32707,878091,California
Los Angeles,2021-02-03,52484,1113213,19753,585255,32731,527958,0,0,37549,719391,14690,196256,37556,915647,California
Los Angeles,2021-02-04,57425,1170638,20866,606121,36559,564517,0,0,39323,740937,17791,214047,39337,954984,California
Los Angeles,2021-02-05,61826,1232464,21320,627441,40506,605023,0,0,39730,759030,21649,235696,39742,994726,California
Los Angeles,2021-02-06,35939,1268403,13662,641103,22277,627300,0,0,27448,778088,8412,244108,27470,1022196,California
Los Angeles,2021-02-07,11129,1279532,8688,649791,2441,629741,0,0,8735,784452,2378,246486,8742,1030938,California
Los Angeles,2021-02-08,47574,1327106,22220,672011,25354,655095,0,0,31275,799568,16161,262647,31277,1062215,California
Los Angeles,2021-02-09,56149,1383255,24896,696907,31253,686348,0,0,28616,800742,27450,290097,28624,1090839,California
Los Angeles,2021-02-10,67177,1450432,29515,726422,37662,724010,0,0,30814,795588,35979,326076,30825,1121664,California
Los Angeles,2021-02-11,58550,1508982,31343,757765,27207,751217,0,0,28322,794138,29777,355853,28327,1149991,California
Los Angeles,2021-02-12,60040,1569022,29973,787738,30067,781284,0,0,26252,786990,33418,389271,26270,1176261,California
Los Angeles,2021-02-13,33923,1602945,19797,807535,14126,795410,0,0,15444,784086,18389,407660,15485,1191746,California
Los Angeles,2021-02-14,21849,1624794,14908,822443,6941,802351,0,0,8782,779868,13003,420663,8785,1200531,California
Los Angeles,2021-02-15,33067,1657861,16092,838535,16975,819326,0,0,18103,783080,14897,435560,18109,1218640,California
Los Angeles,2021-02-16,64628,1722489,32965,871500,31663,850989,0,0,29931,778430,34594,470154,29944,1248584,California
Los Angeles,2021-02-17,65358,1787847,34954,906454,30404,881393,0,0,26560,766393,38603,508757,26566,1275150,California
Los Angeles,2021-02-18,69062,1856909,35237,941691,33825,915218,0,0,28702,754935,40169,548926,28711,1303861,California
Los Angeles,2021-02-19,58840,1915749,36420,978111,22420,937638,0,0,28690,753603,30039,578965,28707,1332568,California
Los Angeles,2021-02-20,33322,1949071,24325,1002436,8997,946635,0,0,15948,752237,17323,596288,15957,1348525,California
Los Angeles,2021-02-21,22581,1971652,20902,1023338,1679,948314,0,0,11140,752006,11375,607663,11144,1359669,California
Los Angeles,2021-02-22,34852,2006504,25423,1048761,9429,957743,0,0,17918,753086,16850,624513,17930,1377599,California
Los Angeles,2021-02-23,55255,2061759,23943,1072704,31312,989055,0,0,21644,741253,33488,658001,21655,1399254,California
Los Angeles,2021-02-24,65359,2127118,29157,1101861,36202,1025257,0,0,28136,732366,37041,695042,28154,1427408,California
Los Angeles,2021-02-25,74528,2201646,34188,1136049,40340,1065597,0,0,38318,734657,36040,731082,38331,1465739,California
Los Angeles,2021-02-26,84095,2285741,38987,1175036,45108,1110705,0,0,47079,744983,36782,767864,47108,1512847,California
Los Angeles,2021-02-27,60662,2346403,26804,1201840,33851,1144556,7,7,30891,746306,29598,797462,30921,1543768,California
Los Angeles,2021-02-28,27157,2373560,18768,1220608,8386,1152942,3,10,18951,757167,8099,805561,18960,1562728,California
Los Angeles,2021-03-01,57505,2431065,32825,1253433,24647,1177589,33,43,34343,768589,22972,828533,34394,1597122,California
Los Angeles,2021-03-02,77944,2509009,37919,1291352,40020,1217609,5,48,49032,788873,28765,857298,49049,1646171,California
Los Angeles,2021-03-03,85043,2594052,43435,1334787,41593,1259202,15,63,53703,811457,31157,888455,53741,1699912,California
Los Angeles,2021-03-04,90966,2685018,46786,1381573,44166,1303368,14,77,57354,835423,33421,921876,57387,1757299,California
Los Angeles,2021-03-05,90187,2775205,44541,1426114,45614,1348982,32,109,60360,866229,29622,951498,60428,1817727,California
Los Angeles,2021-03-06,67463,2842668,34381,1460495,31251,1380233,1831,1940,43492,887731,23822,975320,45324,1863051,California
Los Angeles,2021-03-07,27312,2869980,20805,1481300,5671,1385904,836,2776,21145,903571,6135,981455,21975,1885026,California
Los Angeles,2021-03-08,52875,2922855,27939,1509239,22960,1408864,1976,4752,39926,932628,12841,994296,41898,1926924,California
Los Angeles,2021-03-09,81542,3004397,38759,1547998,39490,1448354,3293,8045,51905,958327,29486,1023782,55185,1982109,California
Los Angeles,2021-03-10,83218,3087615,40954,1588952,37377,1485731,4887,12932,52631,985390,30414,1054196,57477,2039586,California
Los Angeles,2021-03-11,92923,3180538,45393,1634345,40831,1526562,6699,19631,54391,1008098,38335,1092531,61043,2100629,California
Los Angeles,2021-03-12,99137,3279675,44665,1679010,40549,1567111,13923,33554,57744,1038522,41183,1133714,71607,2172236,California
Los Angeles,2021-03-13,75851,3355526,35847,1714857,28031,1595142,11973,45527,45320,1065346,30412,1164126,57236,2229472,California
Los Angeles,2021-03-14,39155,3394681,26318,1741175,10288,1605430,2549,48076,24034,1076853,15052,1179178,26559,2256031,California
Los Angeles,2021-03-15,75052,3469733,36640,1777815,32962,1638392,5450,53526,45453,1098322,29406,1208584,50875,2306906,California
Los Angeles,2021-03-16,100048,3569781,43796,1821611,50364,1688756,5888,59414,64773,1133857,35076,1243660,70611,2377517,California
Los Angeles,2021-03-17,97350,3667131,44131,1865742,44894,1733650,8325,67739,65105,1175120,32032,1275692,73295,2450812,California
Los Angeles,2021-03-18,102012,3769143,48777,1914519,47895,1781545,5340,73079,64727,1208179,36989,1312681,70048,2520860,California
Los Angeles,2021-03-19,109286,3878429,56992,1971511,47514,1829059,4780,77859,67340,1238578,41673,1354354,72072,2592932,California
Los Angeles,2021-03-20,76448,3954877,37780,2009291,34082,1863141,4586,82445,51876,1270640,24382,1378736,56444,2649376,California
Los Angeles,2021-03-21,34663,3989540,25777,2035068,7985,1871126,901,83346,22225,1281448,12316,1391052,23124,2672500,California
Los Angeles,2021-03-22,70966,4060506,41676,2076744,27116,1898242,2174,85520,49781,1312480,20917,1411969,51949,2724449,California
Los Angeles,2021-03-23,96508,4157014,52169,2128913,41093,1939335,3246,88766,58407,1336294,37825,1449794,61639,2786088,California
Los Angeles,2021-03-24,105106,4262120,55741,2184654,46199,1985534,3166,91932,60828,1356322,43951,1493745,63979,2850067,California
Los Angeles,2021-03-25,110794,4372914,59346,2244000,47541,2033075,3907,95839,62226,1374175,48258,1542003,66111,2916178,California
Los Angeles,2021-03-26,115399,4488313,63254,2307254,47967,2081042,4178,100017,63621,1390458,51486,1593489,67769,2983947,California
Los Angeles,2021-03-27,83662,4571975,44044,2351298,37486,2118528,2132,102149,42700,1394593,40693,1634182,44828,3028775,California
Los Angeles,2021-03-28,42264,4614239,28672,2379970,13007,2131535,585,102734,20075,1393190,22061,1656243,20658,3049433,California
Los Angeles,2021-03-29,83130,4697369,46735,2426705,34621,2166156,1774,104508,46128,1404299,36784,1693027,47893,3097326,California
Los Angeles,2021-03-30,109044,4806413,51977,2478682,51122,2217278,5945,110453,56958,1415321,51845,1744872,62867,3160193,California
Los Angeles,2021-03-31,122791,4929204,62042,2540724,51912,2269190,8837,119290,68639,1438906,53833,1798705,77418,3237611,California
Los Angeles,2021-04-01,133583,5062787,62466,2603190,55677,2324867,15440,134730,72032,1465101,61195,1859900,87390,3325001,California
Los Angeles,2021-04-02,132509,5195296,59036,2662226,57898,2382765,15575,150305,70487,1489442,61671,1921571,86012,3411013,California
Los Angeles,2021-04-03,98738,5294034,45216,2707442,39867,2422632,13655,163960,48545,1501573,49998,1971569,62129,3473142,California
Los Angeles,2021-04-04,39252,5333286,20546,2727988,12067,2434699,6639,170599,16376,1501757,22789,1994358,22973,3496115,California
Los Angeles,2021-04-05,94071,5427357,44476,2772464,39279,2473978,10316,180915,44578,1507299,49279,2043637,54821,3550936,California
Los Angeles,2021-04-06,121344,5548701,57106,2829570,43870,2517848,20368,201283,55586,1517633,65491,2109128,75825,3626761,California
Los Angeles,2021-04-07,120492,5669193,54563,2884133,44701,2562549,21228,222511,54472,1527451,65749,2174877,75567,3702328,California
Los Angeles,2021-04-08,133316,5802509,58533,2942666,50586,2613135,24197,246708,60217,1538920,72772,2247649,84241,3786569,California
Los Angeles,2021-04-09,131909,5934418,56967,2999633,50893,2664028,24049,270757,56534,1544295,75055,2322704,80430,3866999,California
Los Angeles,2021-04-10,101858,6036276,43032,3042665,34652,2698680,24174,294931,37293,1541312,64311,2387015,61328,3928327,California
Los Angeles,2021-04-11,41906,6078182,22644,3065309,9741,2708421,9521,304452,14299,1537552,27520,2414535,23760,3952087,California
Los Angeles,2021-04-12,79273,6157455,38697,3104006,34169,2742590,6407,310859,32444,1529732,46608,2461143,38788,3990875,California
Los Angeles,2021-04-13,117879,6275334,59236,3163242,58208,2800798,435,311294,62208,1536981,55413,2516556,62662,4053537,California
Los Angeles,2021-04-14,119538,6394872,59598,3222840,59807,2860605,133,311427,64841,1547558,54417,2570973,64994,4118531,California
Los Angeles,2021-04-15,130670,6525542,70482,3293322,59995,2920600,193,311620,74892,1567051,55486,2626459,74979,4193510,California
Los Angeles,2021-04-16,130409,6655951,68751,3362073,61514,2982114,144,311764,68647,1574330,61467,2687926,68746,4262256,California
Los Angeles,2021-04-17,98413,6754364,51443,3413516,46941,3029055,29,311793,56148,1588464,42041,2729967,56175,4318431,California
Los Angeles,2021-04-18,34155,6788519,22631,3436147,11523,3040578,1,311794,18681,1591762,15389,2745356,18687,4337118,California
Los Angeles,2021-04-19,75012,6863531,39739,3475886,35260,3075838,13,311807,33284,1583543,41525,2786881,33306,4370424,California
Los Angeles,2021-04-20,103021,6966552,50125,3526011,52874,3128712,22,311829,51126,1583048,51645,2838526,51150,4421574,California
Los Angeles,2021-04-21,109676,7076228,52449,3578460,57040,3185752,187,312016,48328,1570550,61013,2899539,48515,4470089,California
Los Angeles,2021-04-22,116500,7192728,59737,3638197,56730,3242482,33,312049,51337,1557085,64839,2964378,51374,4521463,California
Los Angeles,2021-04-23,114582,7307310,62501,3700698,52060,3294542,21,312070,54308,1551442,59970,3024348,54327,4575790,California
Los Angeles,2021-04-24,90254,7397564,57412,3758110,32802,3327344,40,312110,50451,1562372,39570,3063918,50500,4626290,California
Los Angeles,2021-04-25,37791,7435355,25028,3783138,12757,3340101,6,312116,20349,1565393,17333,3081251,20354,4646644,California
Los Angeles,2021-04-26,77716,7513071,40132,3823270,37077,3377178,507,312623,38438,1565272,39061,3120312,38940,4685584,California
Los Angeles,2021-04-27,92861,7605932,44364,3867634,46528,3423706,1969,314592,35379,1545412,57198,3177510,37338,4722922,California
Los Angeles,2021-04-28,86246,7692178,41134,3908768,43018,3466724,2094,316686,34055,1529694,51856,3229366,36138,4759060,California
Los Angeles,2021-04-29,91551,7783729,45252,3954020,44118,3510842,2181,318867,32434,1505569,58729,3288095,34604,4793664,California
Los Angeles,2021-04-30,99355,7883084,49012,4003032,47926,3558768,2417,321284,35820,1480681,63108,3351203,38220,4831884,California
Los Angeles,2021-05-01,75344,7958428,42132,4045164,31699,3590467,1513,322797,28344,1463838,46692,3397895,29849,4861733,California
Los Angeles,2021-05-02,27999,7986427,17975,4063139,9289,3599756,735,323532,10149,1456983,17735,3415630,10880,4872613,California
Los Angeles,2021-05-03,61348,8047775,29840,4092979,29335,3629091,2173,325705,21909,1441862,39189,3454819,24068,4896681,California
Los Angeles,2021-05-04,85658,8133433,47137,4140116,36275,3665366,2246,327951,26351,1411442,58999,3513818,28579,4925260,California
Los Angeles,2021-05-05,88688,8222121,51478,4191594,34870,3700236,2340,330291,24384,1374181,63975,3577793,26714,4951974,California
Los Angeles,2021-05-06,96387,8318508,57883,4249477,35991,3736227,2513,332804,22966,1326599,73042,3650835,25460,4977434,California
Los Angeles,2021-05-07,95762,8414270,56902,4306379,36513,3772740,2347,335151,26231,1285967,69182,3720017,28550,5005984,California
Los Angeles,2021-05-08,63872,8478142,42128,4348507,20131,3792871,1613,336764,17495,1258993,46070,3766087,19096,5025080,California
Los Angeles,2021-05-09,23671,8501813,18019,4366526,4914,3797785,738,337502,6033,1248216,17541,3783628,6764,5031844,California
Los Angeles,2021-05-10,48862,8550675,25659,4392185,21342,3819127,1861,339363,14884,1231195,33757,3817385,16736,5048580,California
Los Angeles,2021-05-11,68621,8619296,36694,4428879,29824,3848951,2103,341466,17796,1200497,50571,3867956,19873,5068453,California
Los Angeles,2021-05-12,70489,8689785,38208,4467087,30008,3878959,2273,343739,20464,1173483,49726,3917682,22712,5091165,California
Los Angeles,2021-05-13,75043,8764828,45396,4512483,27955,3906914,1692,345431,27212,1154916,47453,3965135,28886,5120051,California
Los Angeles,2021-05-14,86972,8851800,55111,4567594,30042,3936956,1819,347250,32856,1135790,53787,4018922,34661,5154712,California
Los Angeles,2021-05-15,73852,8925652,52184,4619778,20175,3957131,1493,348743,28436,1120557,45152,4064074,29919,5184631,California
Los Angeles,2021-05-16,30476,8956128,24100,4643878,5772,3962903,604,349347,12033,1114843,18348,4082422,12634,5197265,California
Los Angeles,2021-05-17,61242,9017370,39910,4683788,19590,3982493,1742,351089,25114,1105782,35896,4118318,26835,5224100,California
Los Angeles,2021-05-18,64374,9081744,38157,4721945,24428,4006921,1789,352878,25882,1095196,38224,4156542,27638,5251738,California
Los Angeles,2021-05-19,67099,9148843,40507,4762452,24769,4031690,1823,354701,29368,1088902,37469,4194011,31175,5282913,California
Los Angeles,2021-05-20,65665,9214508,36700,4799152,26896,4058586,2069,356770,25448,1076566,39846,4233857,27510,5310423,California
Los Angeles,2021-05-21,69494,9284002,42204,4841356,25234,4083820,2056,358826,27794,1065065,41340,4275197,29839,5340262,California
Los Angeles,2021-05-22,56726,9340728,37035,4878391,18045,4101865,1646,360472,23037,1056282,33461,4308658,24678,5364940,California
Los Angeles,2021-05-23,23332,9364060,16068,4894459,6427,4108292,837,361309,10422,1054744,12791,4321449,11253,5376193,California
Los Angeles,2021-05-24,48090,9412150,26406,4920865,19841,4128133,1843,363152,18203,1045107,29670,4351119,20033,5396226,California
Los Angeles,2021-05-25,49369,9461519,28618,4949483,18999,4147132,1752,364904,19276,1036273,29855,4380974,21021,5417247,California
Los Angeles,2021-05-26,46604,9508123,26371,4975854,18418,4165550,1815,366719,19801,1031382,26389,4407363,21498,5438745,California
Los Angeles,2021-05-27,45077,9553200,25185,5001039,18021,4183571,1871,368590,18979,1026315,25870,4433233,20803,5459548,California
Los Angeles,2021-05-28,51729,9604929,29358,5030397,20501,4204072,1870,370460,23247,1023214,28204,4461437,25103,5484651,California
Los Angeles,2021-05-29,30154,9635083,17450,5047847,11669,4215741,1035,371495,14232,1022733,15737,4477174,15256,5499907,California
Los Angeles,2021-05-30,12440,9647523,8177,5056024,3539,4219280,724,372219,5943,1022949,6445,4483619,6661,5506568,California
Los Angeles,2021-05-31,5985,9653508,3708,5059732,1973,4221253,304,372523,1709,1020734,4225,4487844,2010,5508578,California
Los Angeles,2021-06-01,45772,9699280,25685,5085417,18531,4239784,1556,374079,17729,1012280,27716,4515560,19262,5527840,California
Los Angeles,2021-06-02,38097,9737377,22071,5107488,14582,4254366,1444,375523,15323,1006528,22496,4538056,16744,5544584,California
Los Angeles,2021-06-03,42346,9779723,28003,5135491,12774,4267140,1569,377092,15267,996503,26825,4564881,16800,5561384,California
Los Angeles,2021-06-04,51654,9831377,34947,5170438,15054,4282194,1653,378745,17363,981544,33955,4598836,18996,5580380,California
Los Angeles,2021-06-05,42023,9873400,30185,5200623,10478,4292672,1360,380105,12875,966794,28969,4627805,14219,5594599,California
Los Angeles,2021-06-06,14578,9887978,12034,5212657,1816,4294488,728,380833,4084,961177,10423,4638228,4806,5599405,California
Los Angeles,2021-06-07,36286,9924264,25933,5238590,8924,4303412,1429,382262,11726,949946,24373,4662601,13142,5612547,California
Los Angeles,2021-06-08,37614,9961878,25909,5264499,10142,4313554,1563,383825,12835,939831,24497,4687098,14382,5626929,California
Los Angeles,2021-06-09,30305,9992183,21605,5286104,7534,4321088,1166,384991,8250,927383,21848,4708946,9400,5636329,California
Los Angeles,2021-06-10,26072,10018255,18245,5304349,6583,4327671,1244,386235,7909,918534,17989,4726935,9140,5645469,California
Los Angeles,2021-06-11,21129,10039384,15368,5319717,4680,4332351,1081,387316,6126,910929,14805,4741740,7200,5652669,California
Madera,2020-12-16,21,21,21,21,0,0,0,0,21,21,0,0,21,21,California
Madera,2020-12-17,12,33,12,33,0,0,0,0,12,33,0,0,12,33,California
Madera,2020-12-18,60,93,60,93,0,0,0,0,60,93,0,0,60,93,California
Madera,2020-12-19,5,98,5,98,0,0,0,0,5,98,0,0,5,98,California
Madera,2020-12-20,13,111,13,111,0,0,0,0,13,111,0,0,13,111,California
Madera,2020-12-21,60,171,60,171,0,0,0,0,60,171,0,0,60,171,California
Madera,2020-12-22,94,265,92,263,2,2,0,0,94,265,0,0,94,265,California
Madera,2020-12-23,67,332,67,330,0,2,0,0,67,332,0,0,67,332,California
Madera,2020-12-24,43,375,38,368,5,7,0,0,43,375,0,0,43,375,California
Madera,2020-12-26,27,402,26,394,1,8,0,0,27,402,0,0,27,402,California
Madera,2020-12-27,27,429,12,406,15,23,0,0,27,429,0,0,27,429,California
Madera,2020-12-28,107,536,36,442,71,94,0,0,107,536,0,0,107,536,California
Madera,2020-12-29,174,710,37,479,137,231,0,0,174,710,0,0,174,710,California
Madera,2020-12-30,223,933,87,566,136,367,0,0,223,933,0,0,223,933,California
Madera,2020-12-31,202,1135,80,646,122,489,0,0,202,1135,0,0,202,1135,California
Madera,2021-01-01,2,1137,1,647,1,490,0,0,2,1137,0,0,2,1137,California
Madera,2021-01-02,88,1225,33,680,55,545,0,0,88,1225,0,0,88,1225,California
Madera,2021-01-03,4,1229,4,684,0,545,0,0,4,1229,0,0,4,1229,California
Madera,2021-01-04,128,1357,65,749,63,608,0,0,128,1357,0,0,128,1357,California
Madera,2021-01-05,279,1636,143,892,136,744,0,0,275,1628,4,4,275,1632,California
Madera,2021-01-06,183,1819,26,918,157,901,0,0,164,1773,19,23,164,1796,California
Madera,2021-01-07,398,2217,115,1033,283,1184,0,0,376,2128,22,45,377,2173,California
Madera,2021-01-08,420,2637,71,1104,349,1533,0,0,365,2440,54,99,366,2539,California
Madera,2021-01-09,36,2673,14,1118,22,1555,0,0,27,2458,9,108,27,2566,California
Madera,2021-01-10,17,2690,14,1132,3,1558,0,0,5,2451,12,120,5,2571,California
Madera,2021-01-11,240,2930,192,1324,48,1606,0,0,199,2609,41,161,199,2770,California
Madera,2021-01-12,387,3317,156,1480,231,1837,0,0,284,2790,103,264,284,3054,California
Madera,2021-01-13,180,3497,90,1570,90,1927,0,0,126,2863,54,318,127,3181,California
Madera,2021-01-14,552,4049,80,1650,472,2399,0,0,520,3351,32,350,520,3701,California
Madera,2021-01-15,597,4646,157,1807,440,2839,0,0,576,3906,21,371,576,4277,California
Madera,2021-01-16,385,5031,49,1856,336,3175,0,0,357,4235,28,399,357,4634,California
Madera,2021-01-17,336,5367,15,1871,321,3496,0,0,332,4563,4,403,332,4966,California
Madera,2021-01-18,78,5445,62,1933,16,3512,0,0,59,4604,18,421,59,5025,California
Madera,2021-01-19,571,6016,134,2067,437,3949,0,0,544,5122,27,448,545,5570,California
Madera,2021-01-20,237,6253,80,2147,157,4106,0,0,209,5304,27,475,209,5779,California
Madera,2021-01-21,238,6491,128,2275,110,4216,0,0,204,5476,32,507,204,5983,California
Madera,2021-01-22,257,6748,81,2356,176,4392,0,0,242,5703,15,522,242,6225,California
Madera,2021-01-23,100,6848,53,2409,47,4439,0,0,76,5755,24,546,76,6301,California
Madera,2021-01-24,97,6945,81,2490,16,4455,0,0,78,5814,19,565,78,6379,California
Madera,2021-01-25,271,7216,126,2616,145,4600,0,0,147,5837,124,689,147,6526,California
Madera,2021-01-26,491,7707,189,2805,302,4902,0,0,300,5948,190,879,301,6827,California
Madera,2021-01-27,742,8449,63,2868,679,5581,0,0,605,6418,137,1016,607,7434,California
Madera,2021-01-28,546,8995,108,2976,438,6019,0,0,441,6755,105,1121,442,7876,California
Madera,2021-01-29,468,9463,94,3070,374,6393,0,0,413,7113,55,1176,413,8289,California
Madera,2021-01-30,504,9967,16,3086,488,6881,0,0,451,7511,53,1229,451,8740,California
Madera,2021-01-31,9,9976,6,3092,3,6884,0,0,8,7518,1,1230,8,8748,California
Madera,2021-02-01,333,10309,147,3239,186,7070,0,0,207,7599,126,1356,207,8955,California
Madera,2021-02-02,256,10565,89,3328,167,7237,0,0,162,7669,93,1449,163,9118,California
Madera,2021-02-03,595,11160,461,3789,134,7371,0,0,476,8029,117,1566,477,9595,California
Madera,2021-02-04,395,11555,126,3915,269,7640,0,0,117,7870,277,1843,118,9713,California
Madera,2021-02-05,982,12537,302,4217,680,8320,0,0,376,7647,600,2443,377,10090,California
Madera,2021-02-06,365,12902,331,4548,34,8354,0,0,325,7933,39,2482,325,10415,California
Madera,2021-02-07,34,12936,6,4554,28,8382,0,0,29,7957,5,2487,29,10444,California
Madera,2021-02-08,387,13323,311,4865,76,8458,0,0,270,8111,116,2603,270,10714,California
Madera,2021-02-09,485,13808,118,4983,367,8825,0,0,203,8036,279,2882,204,10918,California
Madera,2021-02-10,434,14242,148,5131,286,9111,0,0,332,8266,102,2984,332,11250,California
Madera,2021-02-11,936,15178,308,5439,628,9739,0,0,404,8141,530,3514,405,11655,California
Madera,2021-02-12,839,16017,115,5554,724,10463,0,0,311,7933,522,4036,314,11969,California
Madera,2021-02-13,485,16502,44,5598,441,10904,0,0,138,7728,346,4382,141,12110,California
Madera,2021-02-14,400,16902,74,5672,326,11230,0,0,136,7601,264,4646,137,12247,California
Madera,2021-02-15,246,17148,100,5772,146,11376,0,0,175,7706,70,4716,175,12422,California
Madera,2021-02-16,776,17924,179,5951,597,11973,0,0,229,7391,545,5261,230,12652,California
Madera,2021-02-17,614,18538,277,6228,337,12310,0,0,342,7470,265,5526,344,12996,California
Madera,2021-02-18,1299,19837,538,6766,761,13071,0,0,1120,8413,178,5704,1121,14117,California
Madera,2021-02-19,858,20695,541,7307,317,13388,0,0,715,8986,143,5847,716,14833,California
Madera,2021-02-20,1075,21770,985,8292,90,13478,0,0,1003,9919,71,5918,1004,15837,California
Madera,2021-02-21,964,22734,822,9114,142,13620,0,0,959,10873,5,5923,959,16796,California
Madera,2021-02-22,914,23648,836,9950,78,13698,0,0,857,11673,57,5980,857,17653,California
Madera,2021-02-23,773,24421,500,10450,273,13971,0,0,545,11993,225,6205,545,18198,California
Madera,2021-02-24,917,25338,303,10753,614,14585,0,0,385,11847,531,6736,385,18583,California
Madera,2021-02-25,1036,26374,316,11069,720,15305,0,0,600,12013,434,7170,600,19183,California
Madera,2021-02-26,1083,27457,198,11267,885,16190,0,0,700,12332,381,7551,700,19883,California
Madera,2021-02-27,904,28361,266,11533,638,16828,0,0,477,12388,424,7975,480,20363,California
Madera,2021-02-28,193,28554,28,11561,165,16993,0,0,188,12571,5,7980,188,20551,California
Madera,2021-03-01,379,28933,120,11681,259,17252,0,0,197,12588,180,8160,197,20748,California
Madera,2021-03-02,753,29686,349,12030,404,17656,0,0,638,13115,113,8273,640,21388,California
Madera,2021-03-03,1354,31040,724,12754,630,18286,0,0,947,13685,404,8677,974,22362,California
Madera,2021-03-04,1208,32248,530,13284,678,18964,0,0,954,14387,255,8932,957,23319,California
Madera,2021-03-05,1369,33617,422,13706,934,19898,13,13,1086,15216,281,9213,1110,24429,California
Madera,2021-03-06,826,34443,643,14349,151,20049,32,45,505,15434,320,9533,538,24967,California
Madera,2021-03-07,154,34597,26,14375,106,20155,22,67,105,15512,49,9582,127,25094,California
Madera,2021-03-08,602,35199,336,14711,207,20362,59,126,306,15583,296,9878,367,25461,California
Madera,2021-03-09,604,35803,297,15008,273,20635,34,160,412,15845,190,10068,452,25913,California
Madera,2021-03-10,1196,36999,559,15567,558,21193,79,239,762,16258,429,10497,842,26755,California
Madera,2021-03-11,1688,38687,870,16437,490,21683,328,567,771,16453,915,11412,1110,27865,California
Madera,2021-03-12,1582,40269,818,17255,612,22295,152,719,802,16659,777,12189,983,28848,California
Madera,2021-03-13,1887,42156,1332,18587,358,22653,197,916,816,16621,1068,13257,1030,29878,California
Madera,2021-03-14,589,42745,451,19038,105,22758,33,949,296,16660,290,13547,329,30207,California
Madera,2021-03-15,745,43490,232,19270,469,23227,44,993,514,17025,228,13775,593,30800,California
Madera,2021-03-16,933,44423,528,19798,358,23585,47,1040,744,17647,186,13961,808,31608,California
Madera,2021-03-17,1475,45898,985,20783,427,24012,63,1103,911,18161,555,14516,1069,32677,California
Madera,2021-03-18,1953,47851,682,21465,1206,25218,65,1168,972,18312,976,15492,1127,33804,California
Madera,2021-03-19,1593,49444,588,22053,923,26141,82,1250,1036,18959,553,16045,1200,35004,California
Madera,2021-03-20,1192,50636,780,22833,361,26502,51,1301,607,19099,583,16628,723,35727,California
Madera,2021-03-21,1108,51744,904,23737,157,26659,47,1348,384,18810,721,17349,432,36159,California
Madera,2021-03-22,1364,53108,858,24595,441,27100,65,1413,686,18933,675,18024,798,36957,California
Madera,2021-03-23,1417,54525,862,25457,468,27568,87,1500,676,19040,740,18764,847,37804,California
Madera,2021-03-24,957,55482,513,25970,412,27980,32,1532,617,19356,337,19101,653,38457,California
Madera,2021-03-25,1179,56661,533,26503,622,28602,24,1556,650,19524,519,19620,687,39144,California
Madera,2021-03-26,1520,58181,581,27084,805,29407,134,1690,717,19580,799,20419,855,39999,California
Madera,2021-03-27,931,59112,606,27690,302,29709,23,1713,416,19509,511,20930,440,40439,California
Madera,2021-03-28,438,59550,150,27840,228,29937,60,1773,205,19636,232,21162,359,40798,California
Madera,2021-03-29,695,60245,184,28024,481,30418,30,1803,499,19977,192,21354,533,41331,California
Madera,2021-03-30,1075,61320,606,28630,438,30856,31,1834,481,19899,591,21945,513,41844,California
Madera,2021-03-31,1396,62716,545,29175,722,31578,129,1963,431,19501,959,22904,561,42405,California
Madera,2021-04-01,1392,64108,625,29800,716,32294,51,2014,485,19138,897,23801,534,42939,California
Madera,2021-04-02,1610,65718,461,30261,1090,33384,59,2073,479,18557,1120,24921,539,43478,California
Madera,2021-04-03,961,66679,763,31024,179,33563,19,2092,393,18414,566,25487,423,43901,California
Madera,2021-04-04,187,66866,65,31089,120,33683,2,2094,86,18402,101,25588,89,43990,California
Madera,2021-04-05,737,67603,257,31346,422,34105,58,2152,342,18422,394,25982,414,44404,California
Madera,2021-04-06,1717,69320,894,32240,468,34573,355,2507,537,18136,1178,27160,892,45296,California
Madera,2021-04-07,1229,70549,382,32622,699,35272,148,2655,423,17909,803,27963,576,45872,California
Madera,2021-04-08,1731,72280,668,33290,800,36072,263,2918,560,17574,1164,29127,829,46701,California
Madera,2021-04-09,1644,73924,694,33984,803,36875,147,3065,946,17979,693,29820,1098,47799,California
Madera,2021-04-10,981,74905,687,34671,225,37100,69,3134,713,18493,269,30089,783,48582,California
Madera,2021-04-11,813,75718,659,35330,75,37175,79,3213,287,18334,523,30612,364,48946,California
Madera,2021-04-12,782,76500,269,35599,436,37611,77,3290,300,18230,482,31094,378,49324,California
Madera,2021-04-13,1243,77743,611,36210,589,38200,43,3333,723,18487,518,31612,775,50099,California
Madera,2021-04-14,1390,79133,859,37069,531,38731,0,3333,573,18251,816,32428,580,50679,California
Madera,2021-04-15,1176,80309,508,37577,667,39398,1,3334,424,17940,740,33168,429,51108,California
Madera,2021-04-16,1323,81632,537,38114,786,40184,0,3334,364,17360,947,34115,367,51475,California
Madera,2021-04-17,1278,82910,1074,39188,204,40388,0,3334,761,17606,515,34630,761,52236,California
Madera,2021-04-18,246,83156,206,39394,40,40428,0,3334,88,17538,156,34786,88,52324,California
Madera,2021-04-19,809,83965,240,39634,568,40996,1,3335,277,17289,526,35312,277,52601,California
Madera,2021-04-20,871,84836,427,40061,444,41440,0,3335,216,16855,652,35964,218,52819,California
Madera,2021-04-21,860,85696,453,40514,407,41847,0,3335,292,16581,568,36532,294,53113,California
Madera,2021-04-22,1077,86773,513,41027,564,42411,0,3335,373,16255,700,37232,374,53487,California
Madera,2021-04-23,971,87744,307,41334,664,43075,0,3335,336,15961,630,37862,336,53823,California
Madera,2021-04-24,712,88456,468,41802,244,43319,0,3335,249,15752,459,38321,250,54073,California
Madera,2021-04-25,266,88722,159,41961,104,43423,3,3338,117,15728,145,38466,121,54194,California
Madera,2021-04-26,556,89278,99,42060,451,43874,6,3344,128,15437,425,38891,134,54328,California
Madera,2021-04-27,620,89898,274,42334,321,44195,25,3369,312,15468,307,39198,338,54666,California
Madera,2021-04-28,502,90400,197,42531,286,44481,19,3388,245,15476,255,39453,263,54929,California
Madera,2021-04-29,553,90953,245,42776,280,44761,28,3416,258,15475,288,39741,287,55216,California
Madera,2021-04-30,936,91889,504,43280,416,45177,16,3432,271,15103,659,40400,287,55503,California
Madera,2021-05-01,967,92856,869,44149,84,45261,14,3446,388,14927,578,40978,402,55905,California
Madera,2021-05-02,396,93252,349,44498,43,45304,4,3450,145,14825,251,41229,149,56054,California
Madera,2021-05-03,498,93750,197,44695,261,45565,40,3490,99,14568,396,41625,139,56193,California
Madera,2021-05-04,903,94653,433,45128,426,45991,44,3534,213,14135,690,42315,257,56450,California
Madera,2021-05-05,1010,95663,478,45606,471,46462,61,3595,280,13748,728,43043,341,56791,California
Madera,2021-05-06,698,96361,245,45851,422,46884,31,3626,153,13392,540,43583,184,56975,California
Madera,2021-05-07,807,97168,277,46128,509,47393,21,3647,194,12999,607,44190,214,57189,California
Madera,2021-05-08,971,98139,758,46886,202,47595,11,3658,186,12412,784,44974,197,57386,California
Madera,2021-05-09,145,98284,20,46906,114,47709,11,3669,35,12349,109,45083,46,57432,California
Madera,2021-05-10,361,98645,74,46980,275,47984,12,3681,100,12201,260,45343,112,57544,California
Madera,2021-05-11,529,99174,179,47159,341,48325,9,3690,171,12025,356,45699,180,57724,California
Madera,2021-05-12,508,99682,230,47389,242,48567,36,3726,128,11811,378,46077,164,57888,California
Madera,2021-05-13,506,100188,307,47696,167,48734,32,3758,176,11691,328,46405,208,58096,California
Madera,2021-05-14,527,100715,265,47961,238,48972,24,3782,235,11661,289,46694,259,58355,California
Madera,2021-05-15,562,101277,477,48438,77,49049,8,3790,363,11835,197,46891,371,58726,California
Madera,2021-05-16,255,101532,186,48624,37,49086,32,3822,104,11820,151,47042,136,58862,California
Madera,2021-05-17,455,101987,190,48814,236,49322,29,3851,209,11815,243,47285,238,59100,California
Madera,2021-05-18,548,102535,367,49181,158,49480,23,3874,289,11872,255,47540,312,59412,California
Madera,2021-05-19,485,103020,223,49404,240,49720,22,3896,213,11836,271,47811,235,59647,California
Madera,2021-05-20,590,103610,270,49674,282,50002,38,3934,233,11756,351,48162,271,59918,California
Madera,2021-05-21,502,104112,192,49866,282,50284,28,3962,192,11671,305,48467,220,60138,California
Madera,2021-05-22,904,105016,819,50685,73,50357,12,3974,533,11846,370,48837,545,60683,California
Madera,2021-05-23,263,105279,236,50921,17,50374,10,3984,139,11872,123,48960,149,60832,California
Madera,2021-05-24,300,105579,135,51056,124,50498,41,4025,117,11848,182,49142,158,60990,California
Madera,2021-05-25,380,105959,167,51223,180,50678,33,4058,153,11809,225,49367,186,61176,California
Madera,2021-05-26,444,106403,258,51481,164,50842,22,4080,236,11862,205,49572,258,61434,California
Madera,2021-05-27,378,106781,136,51617,204,51046,38,4118,137,11800,237,49809,175,61609,California
Madera,2021-05-28,451,107232,173,51790,250,51296,28,4146,180,11739,269,50078,208,61817,California
Madera,2021-05-29,306,107538,215,52005,73,51369,18,4164,167,11785,139,50217,185,62002,California
Madera,2021-05-30,62,107600,27,52032,31,51400,4,4168,29,11786,32,50249,33,62035,California
Madera,2021-05-31,26,107626,9,52041,13,51413,4,4172,12,11788,14,50263,16,62051,California
Madera,2021-06-01,292,107918,148,52189,121,51534,23,4195,111,11743,179,50442,134,62185,California
Madera,2021-06-02,385,108303,126,52315,236,51770,23,4218,117,11616,267,50709,140,62325,California
Madera,2021-06-03,279,108582,149,52464,115,51885,15,4233,91,11534,188,50897,106,62431,California
Madera,2021-06-04,363,108945,228,52692,125,52010,10,4243,135,11452,227,51124,145,62576,California
Madera,2021-06-05,511,109456,385,53077,113,52123,13,4256,148,11255,359,51483,162,62738,California
Madera,2021-06-06,134,109590,114,53191,13,52136,7,4263,38,11204,96,51579,45,62783,California
Madera,2021-06-07,252,109842,157,53348,74,52210,21,4284,46,11065,206,51785,67,62850,California
Madera,2021-06-08,382,110224,273,53621,88,52298,21,4305,99,10902,283,52068,120,62970,California
Madera,2021-06-09,345,110569,223,53844,95,52393,27,4332,131,10847,213,52281,158,63128,California
Madera,2021-06-10,296,110865,172,54016,108,52501,16,4348,101,10771,193,52474,117,63245,California
Madera,2021-06-11,252,111117,154,54170,71,52572,27,4375,120,10786,131,52605,146,63391,California
Marin,2020-12-15,2,2,2,2,0,0,0,0,2,2,0,0,2,2,California
Marin,2020-12-16,109,111,109,111,0,0,0,0,109,111,0,0,109,111,California
Marin,2020-12-17,272,383,272,383,0,0,0,0,272,383,0,0,272,383,California
Marin,2020-12-18,386,769,386,769,0,0,0,0,386,769,0,0,386,769,California
Marin,2020-12-19,348,1117,347,1116,1,1,0,0,348,1117,0,0,348,1117,California
Marin,2020-12-20,165,1282,164,1280,1,2,0,0,165,1282,0,0,165,1282,California
Marin,2020-12-21,238,1520,235,1515,3,5,0,0,238,1520,0,0,238,1520,California
Marin,2020-12-22,523,2043,318,1833,205,210,0,0,523,2043,0,0,523,2043,California
Marin,2020-12-23,731,2774,319,2152,412,622,0,0,731,2774,0,0,731,2774,California
Marin,2020-12-24,357,3131,160,2312,197,819,0,0,357,3131,0,0,357,3131,California
Marin,2020-12-25,26,3157,0,2312,26,845,0,0,26,3157,0,0,26,3157,California
Marin,2020-12-26,143,3300,94,2406,49,894,0,0,143,3300,0,0,143,3300,California
Marin,2020-12-27,90,3390,54,2460,36,930,0,0,90,3390,0,0,90,3390,California
Marin,2020-12-28,409,3799,98,2558,311,1241,0,0,409,3799,0,0,409,3799,California
Marin,2020-12-29,401,4200,88,2646,313,1554,0,0,401,4200,0,0,401,4200,California
Marin,2020-12-30,627,4827,389,3035,238,1792,0,0,627,4827,0,0,627,4827,California
Marin,2020-12-31,201,5028,35,3070,166,1958,0,0,200,5026,1,1,200,5027,California
Marin,2021-01-01,26,5054,13,3083,13,1971,0,0,26,5052,0,1,26,5053,California
Marin,2021-01-02,112,5166,106,3189,6,1977,0,0,112,5164,0,1,112,5165,California
Marin,2021-01-03,49,5215,31,3220,18,1995,0,0,45,5209,0,1,45,5210,California
Marin,2021-01-04,295,5510,193,3413,102,2097,0,0,294,5502,1,2,294,5504,California
Marin,2021-01-05,365,5875,218,3631,147,2244,0,0,322,5781,43,45,322,5826,California
Marin,2021-01-06,815,6690,316,3947,499,2743,0,0,634,6234,181,226,634,6460,California
Marin,2021-01-07,885,7575,496,4443,389,3132,0,0,529,6407,356,582,529,6989,California
Marin,2021-01-08,965,8540,510,4953,455,3587,0,0,582,6607,382,964,582,7571,California
Marin,2021-01-09,621,9161,222,5175,399,3986,0,0,491,6968,130,1094,491,8062,California
Marin,2021-01-10,130,9291,101,5276,29,4015,0,0,55,6948,75,1169,55,8117,California
Marin,2021-01-11,469,9760,326,5602,143,4158,0,0,247,6975,222,1391,249,8366,California
Marin,2021-01-12,938,10698,544,6146,394,4552,0,0,568,7177,366,1757,568,8934,California
Marin,2021-01-13,1171,11869,494,6640,677,5229,0,0,935,7876,236,1993,935,9869,California
Marin,2021-01-14,1067,12936,318,6958,749,5978,0,0,915,8642,150,2143,916,10785,California
Marin,2021-01-15,1155,14091,353,7311,802,6780,0,0,1025,9540,129,2272,1027,11812,California
Marin,2021-01-16,1122,15213,916,8227,206,6986,0,0,1046,10510,76,2348,1046,12858,California
Marin,2021-01-17,1235,16448,1114,9341,121,7107,0,0,1206,11691,28,2376,1209,14067,California
Marin,2021-01-18,361,16809,159,9500,202,7309,0,0,311,11952,50,2426,311,14378,California
Marin,2021-01-19,1154,17963,909,10409,245,7554,0,0,981,12761,172,2598,981,15359,California
Marin,2021-01-20,1793,19756,1208,11617,585,8139,0,0,1062,13105,719,3317,1063,16422,California
Marin,2021-01-21,1677,21433,1061,12678,616,8755,0,0,1323,14081,351,3668,1327,17749,California
Marin,2021-01-22,1708,23141,1092,13770,616,9371,0,0,1536,15446,172,3840,1537,19286,California
Marin,2021-01-23,1852,24993,1354,15124,498,9869,0,0,1765,17124,87,3927,1765,21051,California
Marin,2021-01-24,614,25607,165,15289,449,10318,0,0,582,17674,32,3959,582,21633,California
Marin,2021-01-25,1126,26733,230,15519,896,11214,0,0,689,17927,437,4396,690,22323,California
Marin,2021-01-26,1520,28253,780,16299,740,11954,0,0,1138,18684,381,4777,1138,23461,California
Marin,2021-01-27,1720,29973,887,17186,833,12787,0,0,1357,19681,361,5138,1358,24819,California
Marin,2021-01-28,2081,32054,1068,18254,1013,13800,0,0,1817,21238,263,5401,1820,26639,California
Marin,2021-01-29,2204,34258,1433,19687,771,14571,0,0,2007,23061,185,5586,2008,28647,California
Marin,2021-01-30,1723,35981,909,20596,814,15385,0,0,1644,24627,79,5665,1645,30292,California
Marin,2021-01-31,459,36440,323,20919,136,15521,0,0,433,25034,26,5691,433,30725,California
Marin,2021-02-01,1093,37533,416,21335,677,16198,0,0,895,25733,197,5888,896,31621,California
Marin,2021-02-02,1415,38948,494,21829,921,17119,0,0,752,25833,652,6540,752,32373,California
Marin,2021-02-03,1780,40728,422,22251,1358,18477,0,0,1276,26607,502,7042,1276,33649,California
Marin,2021-02-04,1525,42253,501,22752,1024,19501,0,0,928,26941,594,7636,928,34577,California
Marin,2021-02-05,2170,44423,675,23427,1495,20996,0,0,1333,27441,833,8469,1333,35910,California
Marin,2021-02-06,1428,45851,848,24275,580,21576,0,0,605,27224,822,9291,605,36515,California
Marin,2021-02-07,1289,47140,1005,25280,284,21860,0,0,488,26912,800,10091,488,37003,California
Marin,2021-02-08,1528,48668,752,26032,776,22636,0,0,729,26845,796,10887,729,37732,California
Marin,2021-02-09,1781,50449,1122,27154,659,23295,0,0,836,26736,945,11832,836,38568,California
Marin,2021-02-10,2333,52782,1488,28642,845,24140,0,0,1213,26832,1118,12950,1214,39782,California
Marin,2021-02-11,2864,55646,1637,30279,1227,25367,0,0,1445,26866,1414,14364,1448,41230,California
Marin,2021-02-12,3051,58697,1534,31813,1517,26884,0,0,1552,26923,1496,15860,1553,42783,California
Marin,2021-02-13,2329,61026,1243,33056,1086,27970,0,0,1124,26844,1203,17063,1124,43907,California
Marin,2021-02-14,812,61838,300,33356,512,28482,0,0,718,27469,94,17157,719,44626,California
Marin,2021-02-15,1219,63057,356,33712,863,29345,0,0,840,27932,378,17535,841,45467,California
Marin,2021-02-16,2471,65528,1053,34765,1418,30763,0,0,1503,28468,967,18502,1503,46970,California
Marin,2021-02-17,2095,67623,938,35703,1157,31920,0,0,1082,28539,1011,19513,1082,48052,California
Marin,2021-02-18,2413,70036,1587,37290,826,32746,0,0,1058,28244,1353,20866,1058,49110,California
Marin,2021-02-19,2782,72818,2171,39461,611,33357,0,0,1234,27944,1535,22401,1235,50345,California
Marin,2021-02-20,2622,75440,2154,41615,468,33825,0,0,1255,27841,1359,23760,1256,51601,California
Marin,2021-02-21,1330,76770,1129,42744,201,34026,0,0,945,28405,381,24141,945,52546,California
Marin,2021-02-22,1855,78625,1422,44166,433,34459,0,0,1225,29003,627,24768,1225,53771,California
Marin,2021-02-23,2896,81521,1668,45834,1228,35687,0,0,1942,30005,941,25709,1943,55714,California
Marin,2021-02-24,3536,85057,1634,47468,1902,37589,0,0,2265,31008,1263,26972,2266,57980,California
Marin,2021-02-25,4085,89142,1929,49397,2156,39745,0,0,2888,32710,1188,28160,2890,60870,California
Marin,2021-02-26,3670,92812,2001,51398,1669,41414,0,0,2646,34345,1012,29172,2647,63517,California
Marin,2021-02-27,2738,95550,1613,53011,1125,42539,0,0,1895,35402,840,30012,1897,65414,California
Marin,2021-02-28,1648,97198,923,53934,725,43264,0,0,1303,36363,342,30354,1303,66717,California
Marin,2021-03-01,2684,99882,1665,55599,1018,44282,1,1,1809,37307,866,31220,1810,68527,California
Marin,2021-03-02,2524,102406,1690,57289,833,45115,1,2,1726,38240,794,32014,1727,70254,California
Marin,2021-03-03,4351,106757,2418,59707,1929,47044,4,6,2815,39529,1530,33544,2819,73073,California
Marin,2021-03-04,3388,110145,1659,61366,1728,48772,1,7,2371,40893,1010,34554,2374,75447,California
Marin,2021-03-05,3064,113209,1166,62532,1886,50658,12,19,1796,41438,1263,35817,1808,77255,California
Marin,2021-03-06,3232,116441,2324,64856,831,51489,77,96,2657,43601,570,36387,2733,79988,California
Marin,2021-03-07,1390,117831,1172,66028,194,51683,24,120,996,44232,389,36776,1020,81008,California
Marin,2021-03-08,1887,119718,1388,67416,383,52066,116,236,1412,45288,472,37248,1528,82536,California
Marin,2021-03-09,2226,121944,1340,68756,775,52841,111,347,1546,46266,677,37925,1655,84191,California
Marin,2021-03-10,4465,126409,2511,71267,1660,54501,294,641,3223,48547,1237,39162,3518,87709,California
Marin,2021-03-11,4602,131011,1886,73153,2581,57082,135,776,3302,50691,1293,40455,3437,91146,California
Marin,2021-03-12,3967,134978,1541,74694,2077,59159,349,1125,1557,50198,2399,42854,1906,93052,California
Marin,2021-03-13,4102,139080,2867,77561,1164,60323,71,1196,2385,50934,1715,44569,2451,95503,California
Marin,2021-03-14,2288,141368,1105,78666,1066,61389,117,1313,702,50168,1583,46152,817,96320,California
Marin,2021-03-15,3240,144608,1772,80438,1420,62809,48,1361,1206,49399,2022,48174,1253,97573,California
Marin,2021-03-16,4297,148905,2318,82756,1613,64422,366,1727,1459,48388,2834,51008,1823,99396,California
Marin,2021-03-17,4204,153109,2279,85035,1875,66297,50,1777,2050,48346,2141,53149,2099,101495,California
Marin,2021-03-18,4478,157587,2261,87296,2142,68439,75,1852,2124,48205,2337,55486,2196,103691,California
Marin,2021-03-19,4474,162061,2288,89584,1966,70405,220,2072,2324,48607,2139,57625,2541,106232,California
Marin,2021-03-20,3597,165658,1995,91579,1488,71893,114,2186,1930,48995,1657,59282,2045,108277,California
Marin,2021-03-21,1537,167195,1138,92717,376,72269,23,2209,794,49072,740,60022,817,109094,California
Marin,2021-03-22,2472,169667,2138,94855,169,72438,165,2374,889,48549,1577,61599,1054,110148,California
Marin,2021-03-23,4246,173913,2201,97056,1916,74354,129,2503,1862,48164,2376,63975,1991,112139,California
Marin,2021-03-24,4453,178366,2905,99961,1437,75791,111,2614,1806,47445,2634,66609,1915,114054,California
Marin,2021-03-25,4659,183025,2845,102806,1741,77532,73,2687,2254,47379,2391,69000,2325,116379,California
Marin,2021-03-26,4309,187334,2345,105151,1750,79282,214,2901,2403,48106,1890,70890,2617,118996,California
Marin,2021-03-27,3702,191036,2663,107814,1022,80304,17,2918,1134,46698,2558,73448,1150,120146,California
Marin,2021-03-28,2390,193426,1726,109540,658,80962,6,2924,838,45997,1545,74993,844,120990,California
Marin,2021-03-29,2687,196113,2095,111635,567,81529,25,2949,1135,45608,1549,76542,1160,122150,California
Marin,2021-03-30,4662,200775,3652,115287,976,82505,34,2983,2955,46892,1705,78247,2989,125139,California
Marin,2021-03-31,5846,206621,4143,119430,1653,84158,50,3033,2551,46210,3283,81530,2601,127740,California
Marin,2021-04-01,4451,211072,2287,121717,1911,86069,253,3286,2109,46241,2330,83860,2361,130101,California
Marin,2021-04-02,3727,214799,1854,123571,1503,87572,370,3656,1990,46864,1729,85589,2352,132453,California
Marin,2021-04-03,3856,218655,2513,126084,966,88538,377,4033,1461,46319,2383,87972,1838,134291,California
Marin,2021-04-04,1643,220298,1239,127323,202,88740,202,4235,1197,47274,444,88416,1399,135690,California
Marin,2021-04-05,2209,222507,1536,128859,297,89037,376,4611,1268,47980,936,89352,1642,137332,California
Marin,2021-04-06,3970,226477,2108,130967,1306,90343,556,5167,2204,48977,1760,91112,2757,140089,California
Marin,2021-04-07,3959,230436,1997,132964,1319,91662,643,5810,1439,48547,2512,93624,2082,142171,California
Marin,2021-04-08,5059,235495,1976,134940,2476,94138,607,6417,2306,48709,2741,96365,2903,145074,California
Marin,2021-04-09,3996,239491,1558,136498,1706,95844,732,7149,1320,48087,2671,99036,2049,147123,California
Marin,2021-04-10,3218,242709,1486,137984,1300,97144,432,7581,1451,48214,1752,100788,1879,149002,California
Marin,2021-04-11,1057,243766,805,138789,91,97235,161,7742,472,48263,583,101371,632,149634,California
Marin,2021-04-12,1726,245492,1233,140022,336,97571,157,7899,917,48533,805,102176,1075,150709,California
Marin,2021-04-13,3753,249245,2295,142317,1451,99022,7,7906,1375,47548,2367,104543,1382,152091,California
Marin,2021-04-14,4229,253474,2536,144853,1690,100712,3,7909,1725,46796,2479,107022,1727,153818,California
Marin,2021-04-15,5596,259070,3961,148814,1635,102347,0,7909,3214,47645,2369,109391,3218,157036,California
Marin,2021-04-16,4264,263334,2239,151053,2022,104369,3,7912,2078,47557,2170,111561,2082,159118,California
Marin,2021-04-17,3533,266867,2155,153208,1378,105747,0,7912,1764,47557,1764,113325,1764,160882,California
Marin,2021-04-18,3162,270029,3067,156275,95,105842,0,7912,2529,49456,630,113955,2529,163411,California
Marin,2021-04-19,2027,272056,1862,158137,165,106007,0,7912,1150,49736,872,114827,1152,164563,California
Marin,2021-04-20,3677,275733,2547,160684,1130,107137,0,7912,1460,48988,2209,117036,1461,166024,California
Marin,2021-04-21,4006,279739,2938,163622,1065,108202,3,7915,1352,47703,2638,119674,1353,167377,California
Marin,2021-04-22,4218,283957,3220,166842,998,109200,0,7915,1482,46463,2725,122399,1485,168862,California
Marin,2021-04-23,3214,287171,1805,168647,1409,110609,0,7915,1223,45709,1978,124377,1224,170086,California
Marin,2021-04-24,2508,289679,1678,170325,830,111439,0,7915,916,45045,1580,125957,916,171002,California
Marin,2021-04-25,1377,291056,1263,171588,114,111553,0,7915,305,44287,1063,127020,305,171307,California
Marin,2021-04-26,1604,292660,1387,172975,214,111767,3,7918,377,43444,1224,128244,381,171688,California
Marin,2021-04-27,3038,295698,2196,175171,791,112558,51,7969,978,42418,2051,130295,1025,172713,California
Marin,2021-04-28,2306,298004,1586,176757,668,113226,52,8021,729,41623,1574,131869,779,173492,California
Marin,2021-04-29,2886,300890,1978,178735,846,114072,62,8083,794,40398,2081,133950,856,174348,California
Marin,2021-04-30,1949,302839,1274,180009,589,114661,86,8169,695,39934,1245,135195,781,175129,California
Marin,2021-05-01,1835,304674,1021,181030,791,115452,23,8192,542,39213,1285,136480,564,175693,California
Marin,2021-05-02,722,305396,583,181613,110,115562,29,8221,199,38923,517,136997,227,175920,California
Marin,2021-05-03,1209,306605,985,182598,167,115729,57,8278,257,38287,949,137946,313,176233,California
Marin,2021-05-04,2930,309535,1968,184566,871,116600,91,8369,474,36404,2448,140394,565,176798,California
Marin,2021-05-05,2726,312261,2001,186567,601,117201,124,8493,439,34686,2280,142674,562,177360,California
Marin,2021-05-06,3263,315524,2532,189099,643,117844,88,8581,427,32373,2826,145500,513,177873,California
Marin,2021-05-07,2035,317559,1543,190642,407,118251,85,8666,377,31181,1651,147151,459,178332,California
Marin,2021-05-08,2468,320027,1861,192503,485,118736,122,8788,343,29529,2117,149268,465,178797,California
Marin,2021-05-09,979,321006,895,193398,65,118801,19,8807,117,28807,859,150127,137,178934,California
Marin,2021-05-10,1404,322410,1149,194547,185,118986,70,8877,202,27880,1198,151325,271,179205,California
Marin,2021-05-11,2301,324711,1838,196385,407,119393,56,8933,293,26222,2006,153331,348,179553,California
Marin,2021-05-12,1427,326138,1046,197431,312,119705,69,9002,290,25446,1133,154464,357,179910,California
Marin,2021-05-13,2603,328741,2252,199683,297,120002,54,9056,1409,25721,1187,155651,1462,181372,California
Marin,2021-05-14,2202,330943,1451,201134,652,120654,99,9155,881,25385,1315,156966,979,182351,California
Marin,2021-05-15,2726,333669,2261,203395,385,121039,80,9235,1654,26048,1071,158037,1734,184085,California
Marin,2021-05-16,1645,335314,1592,204987,48,121087,5,9240,1332,27073,311,158348,1336,185421,California
Marin,2021-05-17,2123,337437,1979,206966,101,121188,43,9283,1699,28398,417,158765,1742,187163,California
Marin,2021-05-18,1523,338960,1184,208150,284,121472,55,9338,796,28527,721,159486,850,188013,California
Marin,2021-05-19,1535,340495,1238,209388,227,121699,70,9408,775,28617,754,160240,844,188857,California
Marin,2021-05-20,1811,342306,1486,210874,239,121938,86,9494,755,28410,1048,161288,841,189698,California
Marin,2021-05-21,1446,343752,842,211716,555,122493,49,9543,436,27892,1003,162291,485,190183,California
Marin,2021-05-22,1421,345173,1078,212794,286,122779,57,9600,959,28449,459,162750,1016,191199,California
Marin,2021-05-23,473,345646,419,213213,42,122821,12,9612,219,28429,252,163002,232,191431,California
Marin,2021-05-24,637,346283,489,213702,107,122928,41,9653,351,28537,283,163285,391,191822,California
Marin,2021-05-25,995,347278,625,214327,324,123252,46,9699,312,28218,675,163960,356,192178,California
Marin,2021-05-26,706,347984,484,214811,175,123427,47,9746,259,28081,443,164403,306,192484,California
Marin,2021-05-27,1028,349012,662,215473,287,123714,79,9825,343,27820,683,165086,422,192906,California
Marin,2021-05-28,1095,350107,713,216186,303,124017,79,9904,322,27450,769,165855,399,193305,California
Marin,2021-05-29,372,350479,215,216401,147,124164,10,9914,214,27516,158,166013,224,193529,California
Marin,2021-05-30,100,350579,59,216460,36,124200,5,9919,58,27538,41,166054,63,193592,California
Marin,2021-05-31,27,350606,13,216473,13,124213,1,9920,14,27540,13,166067,15,193607,California
Marin,2021-06-01,754,351360,549,217022,160,124373,45,9965,328,27488,424,166491,372,193979,California
Marin,2021-06-02,621,351981,473,217495,96,124469,52,10017,216,27353,401,166892,266,194245,California
Marin,2021-06-03,1497,353478,1324,218819,114,124583,59,10076,239,26397,1255,168147,299,194544,California
Marin,2021-06-04,1000,354478,846,219665,124,124707,30,10106,176,25781,822,168969,206,194750,California
Marin,2021-06-05,1914,356392,1700,221365,166,124873,48,10154,319,24560,1588,170557,367,195117,California
Marin,2021-06-06,1402,357794,1353,222718,15,124888,34,10188,201,23595,1200,171757,235,195352,California
Marin,2021-06-07,1938,359732,1820,224538,68,124956,50,10238,249,22208,1685,173442,298,195650,California
Marin,2021-06-08,979,360711,870,225408,68,125024,41,10279,236,21749,736,174178,277,195927,California
Marin,2021-06-09,618,361329,564,225972,47,125071,7,10286,108,21355,509,174687,115,196042,California
Marin,2021-06-10,750,362079,672,226644,34,125105,44,10330,142,20936,605,175292,186,196228,California
Marin,2021-06-11,395,362474,360,227004,18,125123,17,10347,81,20720,314,175606,98,196326,California
Mariposa,2020-12-17,36,36,36,36,0,0,0,0,38,38,0,0,38,38,California
Mariposa,2020-12-18,55,91,55,91,0,0,0,0,56,94,0,0,56,94,California
Mariposa,2020-12-20,2,93,2,93,0,0,0,0,2,96,0,0,2,96,California
Mariposa,2020-12-21,49,142,49,142,0,0,0,0,53,149,0,0,53,149,California
Mariposa,2020-12-22,6,148,6,148,0,0,0,0,6,155,0,0,6,155,California
Mariposa,2020-12-23,17,165,17,165,0,0,0,0,17,172,0,0,17,172,California
Mariposa,2020-12-24,1,166,0,165,1,1,0,0,0,172,1,1,1,173,California
Mariposa,2020-12-26,1,167,1,166,0,1,0,0,1,173,0,1,1,174,California
Mariposa,2020-12-27,1,168,0,166,1,2,0,0,1,174,0,1,1,175,California
Mariposa,2020-12-28,6,174,3,169,3,5,0,0,6,180,0,1,6,181,California
Mariposa,2020-12-29,33,207,3,172,30,35,0,0,33,213,0,1,33,214,California
Mariposa,2020-12-30,26,233,4,176,22,57,0,0,26,239,0,1,26,240,California
Mariposa,2020-12-31,17,250,0,176,17,74,0,0,17,256,0,1,17,257,California
Mariposa,2021-01-02,1,251,1,177,0,74,0,0,1,257,0,1,1,258,California
Mariposa,2021-01-04,11,262,2,179,9,83,0,0,11,268,0,1,11,269,California
Mariposa,2021-01-05,24,286,14,193,10,93,0,0,14,272,10,11,14,283,California
Mariposa,2021-01-06,8,294,5,198,3,96,0,0,5,274,3,14,5,288,California
Mariposa,2021-01-07,50,344,45,243,5,101,0,0,5,234,45,59,5,293,California
Mariposa,2021-01-08,109,453,79,322,30,131,0,0,34,193,75,134,34,327,California
Mariposa,2021-01-11,31,484,10,332,21,152,0,0,23,208,8,142,23,350,California
Mariposa,2021-01-12,19,503,4,336,15,167,0,0,15,219,4,146,15,365,California
Mariposa,2021-01-13,22,525,5,341,17,184,0,0,18,233,4,150,18,383,California
Mariposa,2021-01-14,74,599,7,348,67,251,0,0,68,295,6,156,68,451,California
Mariposa,2021-01-15,68,667,27,375,41,292,0,0,58,343,10,166,58,509,California
Mariposa,2021-01-16,14,681,2,377,12,304,0,0,13,355,1,167,13,522,California
Mariposa,2021-01-17,4,685,0,377,4,308,0,0,4,359,0,167,4,526,California
Mariposa,2021-01-18,4,689,4,381,0,308,0,0,2,359,2,169,2,528,California
Mariposa,2021-01-19,8,697,4,385,4,312,0,0,5,362,2,171,5,533,California
Mariposa,2021-01-20,23,720,1,386,22,334,0,0,22,383,1,172,22,555,California
Mariposa,2021-01-21,66,786,8,394,58,392,0,0,62,441,4,176,62,617,California
Mariposa,2021-01-22,56,842,2,396,54,446,0,0,56,497,0,176,56,673,California
Mariposa,2021-01-23,116,958,2,398,114,560,0,0,114,609,2,178,114,787,California
Mariposa,2021-01-24,2,960,2,400,0,560,0,0,2,611,0,178,2,789,California
Mariposa,2021-01-25,4,964,1,401,3,563,0,0,0,607,4,182,0,789,California
Mariposa,2021-01-26,38,1002,4,405,34,597,0,0,6,585,32,214,10,799,California
Mariposa,2021-01-27,26,1028,2,407,24,621,0,0,11,582,14,228,11,810,California
Mariposa,2021-01-28,126,1154,3,410,123,744,0,0,113,683,12,240,113,923,California
Mariposa,2021-01-29,83,1237,22,432,61,805,0,0,82,764,1,241,82,1005,California
Mariposa,2021-01-30,9,1246,1,433,8,813,0,0,8,771,1,242,8,1013,California
Mariposa,2021-01-31,1,1247,0,433,1,814,0,0,1,772,0,242,1,1014,California
Mariposa,2021-02-01,91,1338,32,465,59,873,0,0,69,819,22,264,69,1083,California
Mariposa,2021-02-02,15,1353,3,468,12,885,0,0,9,822,6,270,9,1092,California
Mariposa,2021-02-03,22,1375,1,469,21,906,0,0,13,827,8,278,13,1105,California
Mariposa,2021-02-04,99,1474,8,477,91,997,0,0,94,918,4,282,95,1200,California
Mariposa,2021-02-05,191,1665,4,481,187,1184,0,0,165,1057,26,308,165,1365,California
Mariposa,2021-02-06,11,1676,4,485,7,1191,0,0,10,1066,1,309,10,1375,California
Mariposa,2021-02-07,1,1677,0,485,1,1192,0,0,1,1067,0,309,1,1376,California
Mariposa,2021-02-08,41,1718,2,487,39,1231,0,0,22,1070,19,328,22,1398,California
Mariposa,2021-02-09,41,1759,24,511,17,1248,0,0,35,1099,6,334,35,1433,California
Mariposa,2021-02-10,29,1788,4,515,25,1273,0,0,17,1111,11,345,23,1456,California
Mariposa,2021-02-11,375,2163,5,520,370,1643,0,0,361,1461,14,359,364,1820,California
Mariposa,2021-02-12,184,2347,8,528,176,1819,0,0,140,1557,44,403,140,1960,California
Mariposa,2021-02-13,11,2358,3,531,8,1827,0,0,9,1564,2,405,9,1969,California
Mariposa,2021-02-14,10,2368,4,535,6,1833,0,0,5,1564,5,410,5,1974,California
Mariposa,2021-02-15,9,2377,3,538,6,1839,0,0,7,1569,2,412,7,1981,California
Mariposa,2021-02-16,57,2434,34,572,23,1862,0,0,34,1580,23,435,34,2015,California
Mariposa,2021-02-17,36,2470,8,580,28,1890,0,0,27,1600,8,443,28,2043,California
Mariposa,2021-02-18,59,2529,7,587,52,1942,0,0,22,1585,37,480,22,2065,California
Mariposa,2021-02-19,82,2611,3,590,79,2021,0,0,76,1655,6,486,76,2141,California
Mariposa,2021-02-20,256,2867,6,596,250,2271,0,0,226,1852,29,515,226,2367,California
Mariposa,2021-02-21,242,3109,5,601,237,2508,0,0,239,2089,2,517,239,2606,California
Mariposa,2021-02-22,23,3132,8,609,15,2523,0,0,20,2106,3,520,20,2626,California
Mariposa,2021-02-23,45,3177,38,647,7,2530,0,0,26,2113,19,539,26,2652,California
Mariposa,2021-02-24,21,3198,3,650,18,2548,0,0,8,2109,12,551,8,2660,California
Mariposa,2021-02-25,18,3216,9,659,9,2557,0,0,12,2115,6,557,12,2672,California
Mariposa,2021-02-26,429,3645,7,666,422,2979,0,0,369,2425,60,617,370,3042,California
Mariposa,2021-02-27,177,3822,4,670,173,3152,0,0,166,2580,11,628,166,3208,California
Mariposa,2021-02-28,2,3824,1,671,1,3153,0,0,0,2578,2,630,0,3208,California
Mariposa,2021-03-01,82,3906,26,697,56,3209,0,0,16,2529,65,695,16,3224,California
Mariposa,2021-03-02,19,3925,12,709,7,3216,0,0,11,2533,7,702,11,3235,California
Mariposa,2021-03-03,70,3995,4,713,66,3282,0,0,65,2594,5,707,66,3301,California
Mariposa,2021-03-04,41,4036,10,723,31,3313,0,0,20,2594,21,728,21,3322,California
Mariposa,2021-03-05,58,4094,9,732,49,3362,0,0,40,2622,18,746,46,3368,California
Mariposa,2021-03-06,15,4109,6,738,9,3371,0,0,7,2621,8,754,7,3375,California
Mariposa,2021-03-07,1,4110,1,739,0,3371,0,0,0,2620,1,755,0,3375,California
Mariposa,2021-03-08,41,4151,4,743,26,3397,11,11,11,2612,30,785,22,3397,California
Mariposa,2021-03-09,45,4196,18,761,17,3414,10,21,16,2609,29,814,26,3423,California
Mariposa,2021-03-10,32,4228,9,770,13,3427,10,31,10,2607,22,836,20,3443,California
Mariposa,2021-03-11,469,4697,6,776,443,3870,20,51,226,2614,242,1078,249,3692,California
Mariposa,2021-03-12,256,4953,8,784,222,4092,26,77,118,2619,138,1216,143,3835,California
Mariposa,2021-03-13,33,4986,8,792,10,4102,15,92,10,2620,23,1239,24,3859,California
Mariposa,2021-03-14,16,5002,2,794,3,4105,11,103,2,2619,14,1253,13,3872,California
Mariposa,2021-03-15,76,5078,7,801,31,4136,38,141,31,2643,45,1298,69,3941,California
Mariposa,2021-03-16,83,5161,33,834,15,4151,35,176,24,2643,59,1357,59,4000,California
Mariposa,2021-03-17,72,5233,9,843,55,4206,8,184,52,2683,19,1376,59,4059,California
Mariposa,2021-03-18,67,5300,15,858,43,4249,9,193,40,2705,27,1403,49,4108,California
Mariposa,2021-03-19,343,5643,12,870,324,4573,7,200,304,2978,39,1442,312,4420,California
Mariposa,2021-03-20,428,6071,4,874,422,4995,2,202,46,2645,382,1824,49,4469,California
Mariposa,2021-03-21,15,6086,8,882,6,5001,1,203,9,2650,5,1829,10,4479,California
Mariposa,2021-03-22,39,6125,8,890,23,5024,8,211,26,2673,13,1842,36,4515,California
Mariposa,2021-03-23,54,6179,34,924,10,5034,10,221,33,2695,21,1863,43,4558,California
Mariposa,2021-03-24,56,6235,5,929,49,5083,2,223,51,2743,5,1868,53,4611,California
Mariposa,2021-03-25,76,6311,15,944,53,5136,8,231,53,2783,21,1889,61,4672,California
Mariposa,2021-03-26,495,6806,9,953,485,5621,1,232,252,2793,243,2132,253,4925,California
Mariposa,2021-03-27,237,7043,8,961,229,5850,0,232,96,2750,141,2273,98,5023,California
Mariposa,2021-03-28,5,7048,0,961,2,5852,3,235,1,2750,4,2277,4,5027,California
Mariposa,2021-03-29,19,7067,6,967,13,5865,0,235,12,2755,7,2284,12,5039,California
Mariposa,2021-03-30,36,7103,13,980,7,5872,16,251,13,2761,23,2307,29,5068,California
Mariposa,2021-03-31,90,7193,15,995,68,5940,7,258,69,2816,21,2328,76,5144,California
Mariposa,2021-04-01,54,7247,11,1006,35,5975,8,266,35,2840,19,2347,43,5187,California
Mariposa,2021-04-02,350,7597,12,1018,335,6310,3,269,307,3108,42,2389,310,5497,California
Mariposa,2021-04-03,10,7607,7,1025,3,6313,0,269,5,3108,5,2394,5,5502,California
Mariposa,2021-04-04,2,7609,1,1026,0,6313,1,270,0,3107,2,2396,1,5503,California
Mariposa,2021-04-05,35,7644,22,1048,9,6322,4,274,16,3108,19,2415,20,5523,California
Mariposa,2021-04-06,46,7690,20,1068,10,6332,16,290,14,3107,31,2446,30,5553,California
Mariposa,2021-04-07,99,7789,7,1075,73,6405,19,309,29,3085,70,2516,48,5601,California
Mariposa,2021-04-08,284,8073,15,1090,250,6655,19,328,146,3115,136,2652,166,5767,California
Mariposa,2021-04-09,37,8110,9,1099,13,6668,15,343,10,3113,27,2679,25,5792,California
Mariposa,2021-04-10,203,8313,5,1104,188,6856,10,353,189,3299,12,2691,198,5990,California
Mariposa,2021-04-11,123,8436,3,1107,118,6974,2,355,58,3295,65,2756,61,6051,California
Mariposa,2021-04-12,42,8478,13,1120,27,7001,2,357,13,3281,29,2785,15,6066,California
Mariposa,2021-04-13,56,8534,48,1168,8,7009,0,357,35,3295,21,2806,35,6101,California
Mariposa,2021-04-14,113,8647,8,1176,105,7114,0,357,57,3297,55,2861,57,6158,California
Mariposa,2021-04-15,60,8707,17,1193,43,7157,0,357,45,3330,12,2873,45,6203,California
Mariposa,2021-04-16,382,9089,11,1204,371,7528,0,357,106,3160,276,3149,106,6309,California
Mariposa,2021-04-17,11,9100,7,1211,4,7532,0,357,8,3165,3,3152,8,6317,California
Mariposa,2021-04-18,7,9107,0,1211,7,7539,0,357,3,3164,4,3156,3,6320,California
Mariposa,2021-04-19,60,9167,27,1238,33,7572,0,357,32,3170,26,3182,32,6352,California
Mariposa,2021-04-20,62,9229,49,1287,13,7585,0,357,39,3188,21,3203,39,6391,California
Mariposa,2021-04-21,92,9321,14,1301,78,7663,0,357,43,3183,48,3251,43,6434,California
Mariposa,2021-04-22,48,9369,9,1310,39,7702,0,357,37,3210,10,3261,37,6471,California
Mariposa,2021-04-23,315,9684,70,1380,245,7947,0,357,144,3185,171,3432,146,6617,California
Mariposa,2021-04-24,109,9793,11,1391,98,8045,0,357,43,3163,65,3497,43,6660,California
Mariposa,2021-04-26,16,9809,11,1402,5,8050,0,357,5,3157,11,3508,5,6665,California
Mariposa,2021-04-27,33,9842,17,1419,14,8064,2,359,15,3159,15,3523,17,6682,California
Mariposa,2021-04-28,74,9916,14,1433,53,8117,7,366,27,3146,47,3570,34,6716,California
Mariposa,2021-04-29,84,10000,12,1445,71,8188,1,367,79,3221,5,3575,80,6796,California
Mariposa,2021-04-30,212,10212,4,1449,203,8391,5,372,62,3138,150,3725,67,6863,California
Mariposa,2021-05-01,4,10216,3,1452,1,8392,0,372,1,3136,3,3728,1,6864,California
Mariposa,2021-05-02,3,10219,2,1454,0,8392,1,373,0,3134,3,3731,1,6865,California
Mariposa,2021-05-03,16,10235,12,1466,3,8395,1,374,7,3133,9,3740,8,6873,California
Mariposa,2021-05-04,53,10288,32,1498,17,8412,4,378,37,3158,16,3756,41,6914,California
Mariposa,2021-05-05,57,10345,9,1507,46,8458,2,380,18,3139,39,3795,20,6934,California
Mariposa,2021-05-06,55,10400,36,1543,14,8472,5,385,39,3167,16,3811,44,6978,California
Mariposa,2021-05-07,27,10427,7,1550,17,8489,3,388,13,3169,14,3825,16,6994,California
Mariposa,2021-05-08,286,10713,9,1559,277,8766,0,388,33,2951,253,4078,35,7029,California
Mariposa,2021-05-09,3,10716,1,1560,2,8768,0,388,0,2948,3,4081,0,7029,California
Mariposa,2021-05-10,21,10737,10,1570,9,8777,2,390,5,2939,16,4097,7,7036,California
Mariposa,2021-05-11,29,10766,18,1588,10,8787,1,391,20,2952,8,4105,21,7057,California
Mariposa,2021-05-12,67,10833,4,1592,58,8845,5,396,6,2902,61,4166,11,7068,California
Mariposa,2021-05-13,49,10882,8,1600,39,8884,2,398,13,2881,36,4202,15,7083,California
Mariposa,2021-05-14,249,11131,121,1721,121,9005,7,405,117,2873,132,4334,124,7207,California
Mariposa,2021-05-15,18,11149,8,1729,8,9013,2,407,10,2878,6,4340,11,7218,California
Mariposa,2021-05-16,3,11152,1,1730,1,9014,1,408,1,2878,2,4342,2,7220,California
Mariposa,2021-05-17,18,11170,7,1737,7,9021,4,412,8,2879,10,4352,11,7231,California
Mariposa,2021-05-18,61,11231,41,1778,15,9036,5,417,44,2912,16,4368,49,7280,California
Mariposa,2021-05-19,70,11301,32,1810,37,9073,1,418,51,2946,18,4386,52,7332,California
Mariposa,2021-05-20,34,11335,18,1828,14,9087,2,420,13,2940,21,4407,15,7347,California
Mariposa,2021-05-21,92,11427,8,1836,82,9169,2,422,42,2936,48,4455,44,7391,California
Mariposa,2021-05-22,47,11474,6,1842,40,9209,1,423,17,2924,30,4485,18,7409,California
Mariposa,2021-05-23,4,11478,2,1844,1,9210,1,424,2,2925,2,4487,3,7412,California
Mariposa,2021-05-24,13,11491,7,1851,4,9214,2,426,8,2930,5,4492,10,7422,California
Mariposa,2021-05-25,27,11518,17,1868,10,9224,0,426,19,2941,8,4500,19,7441,California
Mariposa,2021-05-26,34,11552,3,1871,27,9251,4,430,28,2967,6,4506,32,7473,California
Mariposa,2021-05-27,119,11671,64,1935,55,9306,0,430,62,2972,57,4563,62,7535,California
Mariposa,2021-05-28,64,11735,4,1939,56,9362,4,434,23,2958,41,4604,27,7562,California
Mariposa,2021-05-29,8,11743,2,1941,5,9367,1,435,3,2959,3,4607,4,7566,California
Mariposa,2021-05-30,1,11744,0,1941,0,9367,1,436,0,2959,1,4608,1,7567,California
Mariposa,2021-05-31,2,11746,0,1941,1,9368,1,437,0,2958,2,4610,1,7568,California
Mariposa,2021-06-01,14,11760,3,1944,11,9379,0,437,5,2954,9,4619,5,7573,California
Mariposa,2021-06-02,26,11786,14,1958,7,9386,5,442,6,2946,19,4638,11,7584,California
Mariposa,2021-06-03,19,11805,10,1968,7,9393,2,444,7,2943,12,4650,9,7593,California
Mariposa,2021-06-04,89,11894,78,2046,9,9402,2,446,26,2909,61,4711,27,7620,California
Mariposa,2021-06-05,30,11924,4,2050,24,9426,2,448,7,2896,22,4733,9,7629,California
Mariposa,2021-06-06,4,11928,3,2053,0,9426,1,449,1,2895,3,4736,2,7631,California
Mariposa,2021-06-07,10,11938,5,2058,5,9431,0,449,4,2894,5,4741,4,7635,California
Mariposa,2021-06-08,38,11976,29,2087,8,9439,1,450,9,2875,29,4770,10,7645,California
Mariposa,2021-06-09,24,12000,17,2104,2,9441,5,455,4,2864,20,4790,9,7654,California
Mariposa,2021-06-10,14,12014,7,2111,4,9445,3,458,5,2864,9,4799,9,7663,California
Mariposa,2021-06-11,24,12038,3,2114,17,9462,4,462,3,2850,21,4820,7,7670,California
Mendocino,2020-12-17,70,70,70,70,0,0,0,0,70,70,0,0,70,70,California
Mendocino,2020-12-18,84,154,83,153,1,1,0,0,83,153,0,0,83,153,California
Mendocino,2020-12-19,3,157,3,156,0,1,0,0,3,156,0,0,3,156,California
Mendocino,2020-12-20,7,164,7,163,0,1,0,0,7,163,0,0,7,163,California
Mendocino,2020-12-21,239,403,239,402,0,1,0,0,77,240,0,0,77,240,California
Mendocino,2020-12-22,253,656,192,594,61,62,0,0,253,493,0,0,253,493,California
Mendocino,2020-12-23,271,927,48,642,223,285,0,0,270,763,0,0,270,763,California
Mendocino,2020-12-24,48,975,8,650,40,325,0,0,48,811,0,0,48,811,California
Mendocino,2020-12-25,1,976,0,650,1,326,0,0,1,812,0,0,1,812,California
Mendocino,2020-12-26,2,978,2,652,0,326,0,0,2,814,0,0,2,814,California
Mendocino,2020-12-27,1,979,0,652,1,327,0,0,1,815,0,0,1,815,California
Mendocino,2020-12-28,73,1052,8,660,65,392,0,0,73,888,0,0,73,888,California
Mendocino,2020-12-29,119,1171,59,719,60,452,0,0,119,1007,0,0,119,1007,California
Mendocino,2020-12-30,119,1290,66,785,53,505,0,0,119,1126,0,0,119,1126,California
Mendocino,2020-12-31,132,1422,97,882,35,540,0,0,132,1258,0,0,132,1258,California
Mendocino,2021-01-01,9,1431,6,888,3,543,0,0,9,1267,0,0,9,1267,California
Mendocino,2021-01-04,838,2269,18,906,820,1363,0,0,838,2105,0,0,838,2105,California
Mendocino,2021-01-05,74,2343,36,942,38,1401,0,0,61,2153,13,13,61,2166,California
Mendocino,2021-01-06,155,2498,133,1075,22,1423,0,0,146,2290,9,22,146,2312,California
Mendocino,2021-01-07,362,2860,239,1314,123,1546,0,0,299,2526,63,85,299,2611,California
Mendocino,2021-01-08,93,2953,80,1394,13,1559,0,0,40,2514,53,138,41,2652,California
Mendocino,2021-01-09,10,2963,6,1400,4,1563,0,0,8,2520,2,140,8,2660,California
Mendocino,2021-01-10,9,2972,8,1408,1,1564,0,0,2,2515,7,147,2,2662,California
Mendocino,2021-01-11,101,3073,92,1500,9,1573,0,0,43,2501,57,204,43,2705,California
Mendocino,2021-01-12,388,3461,378,1878,10,1583,0,0,271,2655,117,321,271,2976,California
Mendocino,2021-01-13,495,3956,149,2027,346,1929,0,0,450,3063,43,364,451,3427,California
Mendocino,2021-01-14,651,4607,20,2047,631,2560,0,0,642,3696,9,373,642,4069,California
Mendocino,2021-01-15,1872,6479,861,2908,1011,3571,0,0,1868,5561,4,377,1869,5938,California
Mendocino,2021-01-16,794,7273,49,2957,745,4316,0,0,792,6351,2,379,792,6730,California
Mendocino,2021-01-17,555,7828,1,2958,554,4870,0,0,554,6904,1,380,554,7284,California
Mendocino,2021-01-18,486,8314,461,3419,25,4895,0,0,476,7370,10,390,476,7760,California
Mendocino,2021-01-19,330,8644,145,3564,185,5080,0,0,156,7352,174,564,156,7916,California
Mendocino,2021-01-20,555,9199,407,3971,148,5228,0,0,449,7698,104,668,450,8366,California
Mendocino,2021-01-21,538,9737,226,4197,312,5540,0,0,352,7865,185,853,352,8718,California
Mendocino,2021-01-22,152,9889,59,4256,93,5633,0,0,113,7939,39,892,113,8831,California
Mendocino,2021-01-23,157,10046,85,4341,72,5705,0,0,151,8084,6,898,151,8982,California
Mendocino,2021-01-24,4,10050,2,4343,2,5707,0,0,4,8088,0,898,4,8986,California
Mendocino,2021-01-25,192,10242,18,4361,174,5881,0,0,122,8140,70,968,122,9108,California
Mendocino,2021-01-26,152,10394,53,4414,99,5980,0,0,94,8176,58,1026,94,9202,California
Mendocino,2021-01-27,442,10836,372,4786,70,6050,0,0,176,8093,259,1285,176,9378,California
Mendocino,2021-01-28,593,11429,529,5315,64,6114,0,0,499,8499,93,1378,499,9877,California
Mendocino,2021-01-29,392,11821,352,5667,40,6154,0,0,363,8834,29,1407,364,10241,California
Mendocino,2021-01-30,50,11871,32,5699,18,6172,0,0,44,8872,6,1413,44,10285,California
Mendocino,2021-01-31,276,12147,2,5701,274,6446,0,0,4,8604,272,1685,4,10289,California
Mendocino,2021-02-01,382,12529,52,5753,330,6776,0,0,59,8340,323,2008,59,10348,California
Mendocino,2021-02-02,739,13268,519,6272,220,6996,0,0,378,8357,361,2369,378,10726,California
Mendocino,2021-02-03,393,13661,208,6480,185,7181,0,0,222,8410,169,2538,222,10948,California
Mendocino,2021-02-04,628,14289,532,7012,96,7277,0,0,502,8786,126,2664,502,11450,California
Mendocino,2021-02-05,1307,15596,1216,8228,91,7368,0,0,586,8653,719,3383,586,12036,California
Mendocino,2021-02-06,553,16149,153,8381,400,7768,0,0,538,9176,15,3398,538,12574,California
Mendocino,2021-02-07,33,16182,29,8410,4,7772,0,0,33,9209,0,3398,33,12607,California
Mendocino,2021-02-08,747,16929,715,9125,32,7804,0,0,284,9030,463,3861,284,12891,California
Mendocino,2021-02-09,140,17069,58,9183,82,7886,0,0,88,9066,52,3913,88,12979,California
Mendocino,2021-02-10,1489,18558,926,10109,563,8449,0,0,742,9068,740,4653,742,13721,California
Mendocino,2021-02-11,1210,19768,207,10316,1003,9452,0,0,300,8458,910,5563,300,14021,California
Mendocino,2021-02-12,1459,21227,162,10478,1297,10749,0,0,659,8318,799,6362,659,14680,California
Mendocino,2021-02-13,502,21729,16,10494,486,11235,0,0,103,8028,398,6760,108,14788,California
Mendocino,2021-02-14,696,22425,4,10498,692,11927,0,0,135,7602,561,7321,135,14923,California
Mendocino,2021-02-15,330,22755,42,10540,288,12215,0,0,174,7620,156,7477,174,15097,California
Mendocino,2021-02-16,199,22954,52,10592,147,12362,0,0,128,7677,71,7548,128,15225,California
Mendocino,2021-02-17,1353,24307,1190,11782,163,12525,0,0,876,8078,475,8023,876,16101,California
Mendocino,2021-02-18,1789,26096,646,12428,1143,13668,0,0,1222,8735,565,8588,1222,17323,California
Mendocino,2021-02-19,755,26851,147,12575,608,14276,0,0,613,9207,142,8730,614,17937,California
Mendocino,2021-02-20,582,27433,556,13131,26,14302,0,0,549,9725,31,8761,549,18486,California
Mendocino,2021-02-21,325,27758,6,13137,319,14621,0,0,313,10027,11,8772,313,18799,California
Mendocino,2021-02-22,161,27919,29,13166,132,14753,0,0,69,10006,90,8862,69,18868,California
Mendocino,2021-02-23,860,28779,847,14013,13,14766,0,0,646,10440,212,9074,646,19514,California
Mendocino,2021-02-24,1854,30633,1771,15784,83,14849,0,0,1441,11475,408,9482,1443,20957,California
Mendocino,2021-02-25,1709,32342,534,16318,1175,16024,0,0,1285,12337,423,9905,1285,22242,California
Mendocino,2021-02-26,1415,33757,749,17067,666,16690,0,0,1052,13029,360,10265,1052,23294,California
Mendocino,2021-02-27,198,33955,146,17213,52,16742,0,0,77,12986,120,10385,77,23371,California
Mendocino,2021-02-28,34,33989,12,17225,22,16764,0,0,24,13000,10,10395,24,23395,California
Mendocino,2021-03-01,594,34583,551,17776,43,16807,0,0,554,13517,37,10432,554,23949,California
Mendocino,2021-03-02,73,34656,27,17803,46,16853,0,0,39,13523,33,10465,39,23988,California
Mendocino,2021-03-03,2039,36695,1339,19142,700,17553,0,0,1387,14261,649,11114,1387,25375,California
Mendocino,2021-03-04,1850,38545,147,19289,1703,19256,0,0,1633,15681,214,11328,1634,27009,California
Mendocino,2021-03-05,476,39021,417,19706,50,19306,9,9,372,15962,100,11428,381,27390,California
Mendocino,2021-03-06,246,39267,23,19729,197,19503,26,35,202,16147,43,11471,228,27618,California
Mendocino,2021-03-07,506,39773,8,19737,478,19981,20,55,117,15895,388,11859,136,27754,California
Mendocino,2021-03-08,123,39896,28,19765,57,20038,38,93,63,15938,58,11917,101,27855,California
Mendocino,2021-03-09,936,40832,600,20365,296,20334,40,133,831,16704,105,12022,871,28726,California
Mendocino,2021-03-10,1146,41978,983,21348,98,20432,65,198,271,16172,871,12893,339,29065,California
Mendocino,2021-03-11,844,42822,628,21976,163,20595,53,251,402,16188,439,13332,455,29520,California
Mendocino,2021-03-12,2071,44893,1058,23034,899,21494,114,365,1239,16716,825,14157,1353,30873,California
Mendocino,2021-03-13,706,45599,572,23606,76,21570,58,423,104,16280,598,14755,162,31035,California
Mendocino,2021-03-14,106,45705,4,23610,95,21665,7,430,12,16209,90,14845,19,31054,California
Mendocino,2021-03-15,606,46311,51,23661,496,22161,59,489,216,16095,388,15233,274,31328,California
Mendocino,2021-03-16,580,46891,386,24047,148,22309,46,535,117,15797,461,15694,163,31491,California
Mendocino,2021-03-17,1587,48478,1387,25434,51,22360,149,684,217,14803,1366,17060,372,31863,California
Mendocino,2021-03-18,1310,49788,248,25682,1025,23385,37,721,281,14099,1021,18081,317,32180,California
Mendocino,2021-03-19,1777,51565,855,26537,863,24248,59,780,332,13052,1440,19521,393,32573,California
Mendocino,2021-03-20,68,51633,10,26547,38,24286,20,800,11,13026,57,19578,31,32604,California
Mendocino,2021-03-21,8,51641,1,26548,2,24288,5,805,3,13029,5,19583,8,32612,California
Mendocino,2021-03-22,661,52302,617,27165,15,24303,29,834,146,12692,511,20094,174,32786,California
Mendocino,2021-03-23,161,52463,31,27196,100,24403,30,864,111,12783,50,20144,141,32927,California
Mendocino,2021-03-24,916,53379,845,28041,24,24427,47,911,108,12132,806,20950,155,33082,California
Mendocino,2021-03-25,2017,55396,53,28094,1944,26371,20,931,178,10495,1833,22783,196,33278,California
Mendocino,2021-03-26,546,55942,394,28488,126,26497,26,957,113,10201,432,23215,138,33416,California
Mendocino,2021-03-27,144,56086,13,28501,119,26616,12,969,80,10229,63,23278,91,33507,California
Mendocino,2021-03-28,24,56110,5,28506,15,26631,4,973,3,10216,20,23298,7,33514,California
Mendocino,2021-03-29,191,56301,99,28605,48,26679,44,1017,97,10263,94,23392,141,33655,California
Mendocino,2021-03-30,712,57013,629,29234,46,26725,37,1054,103,9796,607,23999,140,33795,California
Mendocino,2021-03-31,916,57929,281,29515,574,27299,61,1115,153,9249,761,24760,214,34009,California
Mendocino,2021-04-01,1750,59679,421,29936,1248,28547,81,1196,380,8349,1360,26120,460,34469,California
Mendocino,2021-04-02,1311,60990,1079,31015,159,28706,73,1269,157,7428,1151,27271,230,34699,California
Mendocino,2021-04-03,709,61699,10,31025,678,29384,21,1290,87,6919,617,27888,108,34807,California
Mendocino,2021-04-04,71,61770,35,31060,30,29414,6,1296,55,6964,16,27904,61,34868,California
Mendocino,2021-04-05,210,61980,140,31200,46,29460,24,1320,125,7025,85,27989,146,35014,California
Mendocino,2021-04-06,396,62376,123,31323,179,29639,94,1414,108,6939,288,28277,202,35216,California
Mendocino,2021-04-07,490,62866,179,31502,65,29704,246,1660,115,6927,372,28649,360,35576,California
Mendocino,2021-04-08,1503,64369,924,32426,465,30169,114,1774,1009,7564,487,29136,1124,36700,California
Mendocino,2021-04-09,763,65132,429,32855,173,30342,161,1935,399,7761,363,29499,560,37260,California
Mendocino,2021-04-10,408,65540,92,32947,271,30613,45,1980,99,7596,309,29808,144,37404,California
Mendocino,2021-04-11,121,65661,47,32994,19,30632,55,2035,59,7648,62,29870,114,37518,California
Mendocino,2021-04-12,622,66283,514,33508,48,30680,60,2095,406,7898,216,30086,466,37984,California
Mendocino,2021-04-13,288,66571,226,33734,62,30742,0,2095,222,8054,66,30152,222,38206,California
Mendocino,2021-04-14,520,67091,428,34162,92,30834,0,2095,422,8378,98,30250,422,38628,California
Mendocino,2021-04-15,660,67751,329,34491,331,31165,0,2095,388,8499,267,30517,388,39016,California
Mendocino,2021-04-16,125,67876,54,34545,70,31235,1,2096,77,8530,47,30564,78,39094,California
Mendocino,2021-04-17,195,68071,13,34558,182,31417,0,2096,68,8473,125,30689,68,39162,California
Mendocino,2021-04-18,14,68085,6,34564,8,31425,0,2096,7,8475,5,30694,7,39169,California
Mendocino,2021-04-19,537,68622,515,35079,21,31446,1,2097,425,8790,111,30805,426,39595,California
Mendocino,2021-04-20,418,69040,290,35369,128,31574,0,2097,263,8899,154,30959,263,39858,California
Mendocino,2021-04-21,190,69230,134,35503,55,31629,1,2098,115,8941,73,31032,115,39973,California
Mendocino,2021-04-22,486,69716,314,35817,171,31800,1,2099,313,9084,170,31202,313,40286,California
Mendocino,2021-04-23,851,70567,701,36518,150,31950,0,2099,696,9628,152,31354,696,40982,California
Mendocino,2021-04-24,107,70674,14,36532,93,32043,0,2099,100,9721,7,31361,100,41082,California
Mendocino,2021-04-25,57,70731,34,36566,19,32062,4,2103,19,9706,38,31399,23,41105,California
Mendocino,2021-04-26,307,71038,238,36804,64,32126,5,2108,201,9807,105,31504,206,41311,California
Mendocino,2021-04-27,206,71244,90,36894,89,32215,27,2135,94,9816,111,31615,120,41431,California
Mendocino,2021-04-28,225,71469,151,37045,55,32270,19,2154,129,9869,96,31711,149,41580,California
Mendocino,2021-04-29,1147,72616,843,37888,289,32559,15,2169,110,8962,1032,32743,125,41705,California
Mendocino,2021-04-30,606,73222,383,38271,214,32773,9,2178,227,8820,378,33121,236,41941,California
Mendocino,2021-05-01,472,73694,432,38703,33,32806,7,2185,367,9090,104,33225,374,42315,California
Mendocino,2021-05-02,55,73749,45,38748,7,32813,3,2188,8,9054,47,33272,11,42326,California
Mendocino,2021-05-03,148,73897,85,38833,41,32854,22,2210,43,9016,103,33375,65,42391,California
Mendocino,2021-05-04,378,74275,252,39085,92,32946,34,2244,140,8952,238,33613,174,42565,California
Mendocino,2021-05-05,875,75150,789,39874,71,33017,15,2259,220,8532,654,34267,234,42799,California
Mendocino,2021-05-06,631,75781,381,40255,228,33245,22,2281,154,8233,475,34742,176,42975,California
Mendocino,2021-05-07,184,75965,34,40289,126,33371,24,2305,120,8314,63,34805,144,43119,California
Mendocino,2021-05-08,126,76091,4,40293,121,33492,1,2306,110,8410,15,34820,111,43230,California
Mendocino,2021-05-09,20,76111,5,40298,14,33506,1,2307,3,8397,17,34837,4,43234,California
Mendocino,2021-05-10,242,76353,161,40459,76,33582,5,2312,149,8458,93,34930,154,43388,California
Mendocino,2021-05-11,278,76631,141,40600,119,33701,18,2330,130,8457,147,35077,146,43534,California
Mendocino,2021-05-12,142,76773,80,40680,54,33755,8,2338,44,8413,96,35173,52,43586,California
Mendocino,2021-05-13,1231,78004,1123,41803,91,33846,17,2355,322,7843,909,36082,339,43925,California
Mendocino,2021-05-14,717,78721,490,42293,163,34009,64,2419,246,7687,466,36548,310,44235,California
Mendocino,2021-05-15,82,78803,27,42320,51,34060,4,2423,38,7685,44,36592,42,44277,California
Mendocino,2021-05-16,115,78918,102,42422,11,34071,2,2425,98,7769,17,36609,101,44378,California
Mendocino,2021-05-17,168,79086,83,42505,69,34140,16,2441,93,7803,75,36684,109,44487,California
Mendocino,2021-05-18,244,79330,118,42623,98,34238,28,2469,107,7801,136,36820,134,44621,California
Mendocino,2021-05-19,331,79661,196,42819,114,34352,21,2490,244,7981,85,36905,265,44886,California
Mendocino,2021-05-20,292,79953,117,42936,133,34485,42,2532,106,7946,183,37088,148,45034,California
Mendocino,2021-05-21,644,80597,469,43405,160,34645,15,2547,501,8320,142,37230,516,45550,California
Mendocino,2021-05-22,782,81379,674,44079,100,34745,8,2555,242,8031,539,37769,250,45800,California
Mendocino,2021-05-23,28,81407,11,44090,10,34755,7,2562,15,8039,13,37782,21,45821,California
Mendocino,2021-05-24,126,81533,43,44133,62,34817,21,2583,59,8053,66,37848,80,45901,California
Mendocino,2021-05-25,294,81827,176,44309,89,34906,29,2612,134,8056,160,38008,163,46064,California
Mendocino,2021-05-26,321,82148,242,44551,68,34974,11,2623,130,8007,190,38198,141,46205,California
Mendocino,2021-05-27,244,82392,112,44663,110,35084,22,2645,102,7990,140,38338,123,46328,California
Mendocino,2021-05-28,235,82627,96,44759,127,35211,12,2657,154,8077,79,38417,166,46494,California
Mendocino,2021-05-29,47,82674,16,44775,26,35237,5,2662,27,8089,20,38437,32,46526,California
Mendocino,2021-05-30,15,82689,2,44777,12,35249,1,2663,10,8095,5,38442,11,46537,California
Mendocino,2021-05-31,5,82694,0,44777,4,35253,1,2664,2,8095,3,38445,3,46540,California
Mendocino,2021-06-01,296,82990,90,44867,197,35450,9,2673,80,7968,216,38661,89,46629,California
Mendocino,2021-06-02,156,83146,58,44925,90,35540,8,2681,55,7933,98,38759,63,46692,California
Mendocino,2021-06-03,558,83704,458,45383,91,35631,9,2690,122,7635,429,39188,131,46823,California
Mendocino,2021-06-04,312,84016,189,45572,101,35732,22,2712,82,7509,230,39418,104,46927,California
Mendocino,2021-06-05,158,84174,63,45635,77,35809,18,2730,59,7489,97,39515,77,47004,California
Mendocino,2021-06-06,63,84237,58,45693,2,35811,3,2733,2,7433,61,39576,5,47009,California
Mendocino,2021-06-07,148,84385,72,45765,64,35875,12,2745,59,7415,89,39665,71,47080,California
Mendocino,2021-06-08,216,84601,124,45889,79,35954,13,2758,94,7403,119,39784,107,47187,California
Mendocino,2021-06-09,265,84866,217,46106,41,35995,7,2765,85,7317,179,39963,93,47280,California
Mendocino,2021-06-10,68,84934,33,46139,31,36026,4,2769,34,7322,34,39997,39,47319,California
Mendocino,2021-06-11,486,85420,442,46581,31,36057,13,2782,31,6912,454,40451,44,47363,California
Merced,2020-12-16,3,3,3,3,0,0,0,0,3,3,0,0,3,3,California
Merced,2020-12-17,8,11,8,11,0,0,0,0,8,11,0,0,8,11,California
Merced,2020-12-18,144,155,144,155,0,0,0,0,144,155,0,0,144,155,California
Merced,2020-12-19,37,192,37,192,0,0,0,0,37,192,0,0,37,192,California
Merced,2020-12-20,18,210,18,210,0,0,0,0,18,210,0,0,18,210,California
Merced,2020-12-21,124,334,121,331,3,3,0,0,124,334,0,0,124,334,California
Merced,2020-12-22,152,486,152,483,0,3,0,0,152,486,0,0,152,486,California
Merced,2020-12-23,250,736,244,727,6,9,0,0,250,736,0,0,250,736,California
Merced,2020-12-24,72,808,72,799,0,9,0,0,72,808,0,0,72,808,California
Merced,2020-12-25,4,812,4,803,0,9,0,0,4,812,0,0,4,812,California
Merced,2020-12-26,6,818,3,806,3,12,0,0,6,818,0,0,6,818,California
Merced,2020-12-27,12,830,11,817,1,13,0,0,12,830,0,0,12,830,California
Merced,2020-12-28,122,952,97,914,25,38,0,0,122,952,0,0,122,952,California
Merced,2020-12-29,181,1133,124,1038,57,95,0,0,181,1133,0,0,181,1133,California
Merced,2020-12-30,215,1348,89,1127,126,221,0,0,215,1348,0,0,215,1348,California
Merced,2020-12-31,103,1451,34,1161,69,290,0,0,103,1451,0,0,103,1451,California
Merced,2021-01-01,5,1456,1,1162,4,294,0,0,5,1456,0,0,5,1456,California
Merced,2021-01-02,129,1585,118,1280,11,305,0,0,129,1585,0,0,129,1585,California
Merced,2021-01-03,9,1594,5,1285,4,309,0,0,9,1594,0,0,9,1594,California
Merced,2021-01-04,83,1677,43,1328,40,349,0,0,83,1677,0,0,83,1677,California
Merced,2021-01-05,321,1998,232,1560,89,438,0,0,315,1988,6,6,317,1994,California
Merced,2021-01-06,257,2255,105,1665,152,590,0,0,252,2235,5,11,252,2246,California
Merced,2021-01-07,186,2441,83,1748,103,693,0,0,175,2398,12,23,175,2421,California
Merced,2021-01-08,527,2968,393,2141,134,827,0,0,375,2622,151,174,375,2796,California
Merced,2021-01-09,22,2990,9,2150,13,840,0,0,17,2634,5,179,17,2813,California
Merced,2021-01-10,11,3001,7,2157,4,844,0,0,7,2637,4,183,7,2820,California
Merced,2021-01-11,229,3230,171,2328,58,902,0,0,102,2614,127,310,104,2924,California
Merced,2021-01-12,291,3521,168,2496,123,1025,0,0,243,2808,49,359,243,3167,California
Merced,2021-01-13,378,3899,175,2671,203,1228,0,0,226,2885,152,511,229,3396,California
Merced,2021-01-14,322,4221,201,2872,121,1349,0,0,156,2877,165,676,157,3553,California
Merced,2021-01-15,583,4804,129,3001,454,1803,0,0,544,3384,40,716,547,4100,California
Merced,2021-01-16,213,5017,129,3130,84,1887,0,0,196,3563,17,733,196,4296,California
Merced,2021-01-17,50,5067,12,3142,38,1925,0,0,49,3611,1,734,49,4345,California
Merced,2021-01-18,266,5333,127,3269,139,2064,0,0,243,3835,23,757,247,4592,California
Merced,2021-01-19,713,6046,589,3858,124,2188,0,0,540,4207,173,930,545,5137,California
Merced,2021-01-20,572,6618,467,4325,105,2293,0,0,515,4668,57,987,518,5655,California
Merced,2021-01-21,1011,7629,651,4976,360,2653,0,0,911,5482,100,1087,914,6569,California
Merced,2021-01-22,1314,8943,694,5670,620,3273,0,0,1286,6753,27,1114,1298,7867,California
Merced,2021-01-23,324,9267,198,5868,126,3399,0,0,217,6863,107,1221,217,8084,California
Merced,2021-01-24,37,9304,15,5883,22,3421,0,0,28,6883,8,1229,28,8112,California
Merced,2021-01-25,730,10034,241,6124,489,3910,0,0,669,7493,60,1289,670,8782,California
Merced,2021-01-26,918,10952,487,6611,431,4341,0,0,675,7953,216,1505,676,9458,California
Merced,2021-01-27,986,11938,589,7200,397,4738,0,0,816,8601,168,1673,816,10274,California
Merced,2021-01-28,1142,13080,596,7796,546,5284,0,0,1018,9497,123,1796,1019,11293,California
Merced,2021-01-29,850,13930,322,8118,528,5812,0,0,598,9859,239,2035,601,11894,California
Merced,2021-01-30,262,14192,28,8146,234,6046,0,0,244,10085,18,2053,244,12138,California
Merced,2021-01-31,47,14239,11,8157,36,6082,0,0,46,10130,1,2054,46,12184,California
Merced,2021-02-01,379,14618,55,8212,324,6406,0,0,327,10407,51,2105,328,12512,California
Merced,2021-02-02,298,14916,179,8391,119,6525,0,0,178,10469,117,2222,179,12691,California
Merced,2021-02-03,350,15266,72,8463,278,6803,0,0,170,10458,181,2403,170,12861,California
Merced,2021-02-04,370,15636,145,8608,225,7028,0,0,239,10568,130,2533,240,13101,California
Merced,2021-02-05,509,16145,169,8777,340,7368,0,0,271,10604,237,2770,273,13374,California
Merced,2021-02-06,388,16533,217,8994,171,7539,0,0,244,10708,141,2911,245,13619,California
Merced,2021-02-07,20,16553,12,9006,8,7547,0,0,13,10714,7,2918,13,13632,California
Merced,2021-02-08,283,16836,199,9205,84,7631,0,0,171,10776,110,3028,172,13804,California
Merced,2021-02-09,1216,18052,956,10161,260,7891,0,0,772,11113,436,3464,773,14577,California
Merced,2021-02-10,1857,19909,1433,11594,424,8315,0,0,1273,11812,574,4038,1273,15850,California
Merced,2021-02-11,2506,22415,2011,13605,495,8810,0,0,1816,12950,678,4716,1816,17666,California
Merced,2021-02-12,1720,24135,1020,14625,700,9510,0,0,746,12743,956,5672,749,18415,California
Merced,2021-02-13,362,24497,208,14833,154,9664,0,0,263,12913,95,5767,265,18680,California
Merced,2021-02-14,117,24614,25,14858,92,9756,0,0,95,12987,22,5789,96,18776,California
Merced,2021-02-15,274,24888,42,14900,232,9988,0,0,169,13059,98,5887,170,18946,California
Merced,2021-02-16,1217,26105,844,15744,373,10361,0,0,834,13533,364,6251,838,19784,California
Merced,2021-02-17,1886,27991,1641,17385,245,10606,0,0,1311,14294,559,6810,1320,21104,California
Merced,2021-02-18,1218,29209,825,18210,393,10999,0,0,407,13914,790,7600,410,21514,California
Merced,2021-02-19,1263,30472,414,18624,849,11848,0,0,537,13733,720,8320,539,22053,California
Merced,2021-02-20,278,30750,31,18655,247,12095,0,0,139,13735,137,8457,139,22192,California
Merced,2021-02-21,76,30826,62,18717,14,12109,0,0,30,13721,44,8501,30,22222,California
Merced,2021-02-22,833,31659,296,19013,537,12646,0,0,482,13855,349,8850,483,22705,California
Merced,2021-02-23,1080,32739,421,19434,659,13305,0,0,637,14056,437,9287,638,23343,California
Merced,2021-02-24,821,33560,303,19737,518,13823,0,0,450,14145,362,9649,451,23794,California
Merced,2021-02-25,1772,35332,880,20617,892,14715,0,0,1317,15013,452,10101,1320,25114,California
Merced,2021-02-26,2157,37489,1382,21999,775,15490,0,0,1742,16348,408,10509,1743,26857,California
Merced,2021-02-27,2610,40099,1183,23182,1427,16917,0,0,2325,18389,284,10793,2325,29182,California
Merced,2021-02-28,311,40410,73,23255,237,17154,1,1,257,18596,50,10843,257,29439,California
Merced,2021-03-01,1127,41537,284,23539,842,17996,1,2,783,19046,334,11177,784,30223,California
Merced,2021-03-02,1757,43294,910,24449,846,18842,1,3,1362,20024,387,11564,1365,31588,California
Merced,2021-03-03,2235,45529,1736,26185,498,19340,1,4,1472,20754,744,12308,1474,33062,California
Merced,2021-03-04,2901,48430,2275,28460,624,19964,2,6,1926,21726,957,13265,1929,34991,California
Merced,2021-03-05,2078,50508,1200,29660,854,20818,24,30,1533,22754,530,13795,1558,36549,California
Merced,2021-03-06,1168,51676,664,30324,482,21300,22,52,912,23433,255,14050,934,37483,California
Merced,2021-03-07,230,51906,68,30392,138,21438,24,76,202,23631,28,14078,226,37709,California
Merced,2021-03-08,1405,53311,807,31199,533,21971,65,141,1189,24669,215,14293,1253,38962,California
Merced,2021-03-09,1695,55006,1004,32203,583,22554,108,249,1097,25282,592,14885,1205,40167,California
Merced,2021-03-10,2711,57717,1876,34079,634,23188,201,450,1633,26056,1063,15948,1837,42004,California
Merced,2021-03-11,1947,59664,698,34777,1048,24236,201,651,1229,26805,703,16651,1452,43456,California
Merced,2021-03-12,2217,61881,903,35680,1041,25277,273,924,1497,27871,715,17366,1781,45237,California
Merced,2021-03-13,1007,62888,309,35989,457,25734,241,1165,703,28520,296,17662,945,46182,California
Merced,2021-03-14,251,63139,137,36126,84,25818,30,1195,150,28600,100,17762,180,46362,California
Merced,2021-03-15,1527,64666,498,36624,772,26590,257,1452,1005,29347,514,18276,1261,47623,California
Merced,2021-03-16,1473,66139,717,37341,529,27119,227,1679,980,30073,482,18758,1208,48831,California
Merced,2021-03-17,1973,68112,1068,38409,727,27846,178,1857,1515,31320,448,19206,1695,50526,California
Merced,2021-03-18,2128,70240,1253,39662,727,28573,148,2005,1395,32159,718,19924,1557,52083,California
Merced,2021-03-19,2673,72913,1458,41120,1018,29591,197,2202,1386,32466,1276,21200,1583,53666,California
Merced,2021-03-20,2453,75366,1525,42645,533,30124,395,2597,963,32344,1485,22685,1363,55029,California
Merced,2021-03-21,556,75922,343,42988,201,30325,12,2609,437,32676,119,22804,451,55480,California
Merced,2021-03-22,1265,77187,631,43619,557,30882,77,2686,886,33271,370,23174,965,56445,California
Merced,2021-03-23,1836,79023,1107,44726,666,31548,63,2749,1356,34217,473,23647,1419,57864,California
Merced,2021-03-24,1469,80492,930,45656,504,32052,35,2784,991,34771,472,24119,1026,58890,California
Merced,2021-03-25,3328,83820,2281,47937,1024,33076,23,2807,2087,35655,1229,25348,2113,61003,California
Merced,2021-03-26,1942,85762,1090,49027,818,33894,34,2841,895,35548,1035,26383,928,61931,California
Merced,2021-03-27,3564,89326,1908,50935,1239,35133,417,3258,1554,35524,1996,28379,1972,63903,California
Merced,2021-03-28,525,89851,217,51152,300,35433,8,3266,215,35439,308,28687,223,64126,California
Merced,2021-03-29,1830,91681,781,51933,882,36315,167,3433,669,35127,1152,29839,840,64966,California
Merced,2021-03-30,2149,93830,805,52738,1285,37600,59,3492,989,35023,1154,30993,1050,66016,California
Merced,2021-03-31,2150,95980,1413,54151,699,38299,38,3530,952,34834,1180,32173,991,67007,California
Merced,2021-04-01,2345,98325,1053,55204,1162,39461,130,3660,1046,34723,1287,33460,1176,68183,California
Merced,2021-04-02,2338,100663,642,55846,1291,40752,405,4065,786,34380,1535,34995,1192,69375,California
Merced,2021-04-03,979,101642,496,56342,468,41220,15,4080,568,34558,407,35402,585,69960,California
Merced,2021-04-04,369,102011,143,56485,223,41443,3,4083,142,34479,226,35628,147,70107,California
Merced,2021-04-05,1277,103288,608,57093,455,41898,214,4297,418,34258,852,36480,631,70738,California
Merced,2021-04-06,2420,105708,896,57989,696,42594,828,5125,890,34449,1525,38005,1716,72454,California
Merced,2021-04-07,1672,107380,896,58885,668,43262,108,5233,592,34089,1062,39067,702,73156,California
Merced,2021-04-08,2415,109795,1278,60163,920,44182,217,5450,926,33773,1457,40524,1141,74297,California
Merced,2021-04-09,1702,111497,475,60638,650,44832,577,6027,566,33801,1117,41641,1145,75442,California
Merced,2021-04-10,979,112476,368,61006,424,45256,187,6214,175,33363,798,42439,360,75802,California
Merced,2021-04-11,489,112965,283,61289,72,45328,134,6348,148,33307,339,42778,283,76085,California
Merced,2021-04-12,1502,114467,985,62274,392,45720,125,6473,867,33701,598,43376,992,77077,California
Merced,2021-04-13,2044,116511,1465,63739,577,46297,2,6475,939,33632,1014,44390,945,78022,California
Merced,2021-04-14,2100,118611,1248,64987,852,47149,0,6475,929,33526,1037,45427,931,78953,California
Merced,2021-04-15,3021,121632,1977,66964,1044,48193,0,6475,953,32651,1834,47261,959,79912,California
Merced,2021-04-16,2381,124013,1166,68130,1215,49408,0,6475,971,32310,1312,48573,971,80883,California
Merced,2021-04-17,2093,126106,1433,69563,659,50067,1,6476,682,31590,1404,49977,684,81567,California
Merced,2021-04-18,472,126578,248,69811,224,50291,0,6476,191,31528,253,50230,191,81758,California
Merced,2021-04-19,1337,127915,752,70563,585,50876,0,6476,706,31700,535,50765,707,82465,California
Merced,2021-04-20,1477,129392,741,71304,736,51612,0,6476,805,31902,603,51368,805,83270,California
Merced,2021-04-21,1503,130895,913,72217,590,52202,0,6476,762,32036,629,51997,763,84033,California
Merced,2021-04-22,1620,132515,743,72960,877,53079,0,6476,783,32064,756,52753,784,84817,California
Merced,2021-04-23,1651,134166,686,73646,965,54044,0,6476,886,32232,719,53472,887,85704,California
Merced,2021-04-24,737,134903,544,74190,193,54237,0,6476,505,32512,225,53697,505,86209,California
Merced,2021-04-25,327,135230,187,74377,140,54377,0,6476,192,32572,132,53829,192,86401,California
Merced,2021-04-26,1221,136451,535,74912,686,55063,0,6476,642,32670,546,54375,644,87045,California
Merced,2021-04-27,1770,138221,893,75805,865,55928,12,6488,713,32408,988,55363,726,87771,California
Merced,2021-04-28,1370,139591,680,76485,682,56610,8,6496,783,32636,564,55927,792,88563,California
Merced,2021-04-29,1441,141032,630,77115,786,57396,25,6521,685,32601,747,56674,712,89275,California
Merced,2021-04-30,1457,142489,615,77730,798,58194,44,6565,748,32692,702,57376,793,90068,California
Merced,2021-05-01,561,143050,241,77971,315,58509,5,6570,261,32661,296,57672,265,90333,California
Merced,2021-05-02,295,143345,120,78091,160,58669,15,6585,130,32644,164,57836,147,90480,California
Merced,2021-05-03,846,144191,555,78646,221,58890,70,6655,303,32479,539,58375,374,90854,California
Merced,2021-05-04,1018,145209,545,79191,421,59311,52,6707,376,32268,639,59014,428,91282,California
Merced,2021-05-05,1343,146552,843,80034,424,59735,76,6783,642,32298,689,59703,719,92001,California
Merced,2021-05-06,916,147468,479,80513,387,60122,50,6833,301,32042,607,60310,351,92352,California
Merced,2021-05-07,937,148405,293,80806,602,60724,42,6875,397,31948,536,60846,442,92794,California
Merced,2021-05-08,397,148802,202,81008,159,60883,36,6911,183,31954,213,61059,219,93013,California
Merced,2021-05-09,212,149014,105,81113,100,60983,7,6918,101,31952,110,61169,108,93121,California
Merced,2021-05-10,694,149708,357,81470,300,61283,37,6955,189,31676,503,61672,227,93348,California
Merced,2021-05-11,1143,150851,680,82150,406,61689,57,7012,438,31471,700,62372,495,93843,California
Merced,2021-05-12,1047,151898,581,82731,424,62113,42,7054,352,31174,692,63064,395,94238,California
Merced,2021-05-13,842,152740,439,83170,361,62474,42,7096,332,31042,506,63570,374,94612,California
Merced,2021-05-14,1025,153765,616,83786,369,62843,40,7136,535,31133,484,64054,575,95187,California
Merced,2021-05-15,758,154523,574,84360,165,63008,19,7155,450,31305,298,64352,470,95657,California
Merced,2021-05-16,348,154871,233,84593,107,63115,8,7163,199,31366,147,64499,208,95865,California
Merced,2021-05-17,1092,155963,712,85305,350,63465,30,7193,539,31389,547,65046,570,96435,California
Merced,2021-05-18,1270,157233,850,86155,389,63854,31,7224,719,31595,544,65590,750,97185,California
Merced,2021-05-19,1104,158337,756,86911,341,64195,7,7231,627,31759,474,66064,638,97823,California
Merced,2021-05-20,1032,159369,546,87457,431,64626,55,7286,393,31572,637,66701,450,98273,California
Merced,2021-05-21,1174,160543,670,88127,476,65102,28,7314,486,31409,678,67379,515,98788,California
Merced,2021-05-22,750,161293,537,88664,200,65302,13,7327,448,31574,299,67678,464,99252,California
Merced,2021-05-23,330,161623,232,88896,86,65388,12,7339,221,31699,108,67786,233,99485,California
Merced,2021-05-24,534,162157,248,89144,256,65644,30,7369,216,31632,314,68100,247,99732,California
Merced,2021-05-25,761,162918,431,89575,296,65940,34,7403,401,31710,357,68457,435,100167,California
Merced,2021-05-26,973,163891,551,90126,389,66329,33,7436,407,31586,564,69021,440,100607,California
Merced,2021-05-27,924,164815,654,90780,237,66566,33,7469,573,31845,348,69369,607,101214,California
Merced,2021-05-28,764,165579,345,91125,372,66938,47,7516,339,31815,417,69786,387,101601,California
Merced,2021-05-29,391,165970,271,91396,112,67050,8,7524,172,31780,216,70002,181,101782,California
Merced,2021-05-30,214,166184,146,91542,57,67107,11,7535,135,31848,78,70080,146,101928,California
Merced,2021-05-31,110,166294,24,91566,80,67187,6,7541,31,31809,77,70157,38,101966,California
Merced,2021-06-01,792,167086,470,92036,290,67477,32,7573,340,31734,447,70604,372,102338,California
Merced,2021-06-02,675,167761,480,92516,169,67646,26,7599,351,31794,317,70921,377,102715,California
Merced,2021-06-03,751,168512,478,92994,240,67886,33,7632,336,31753,409,71330,368,103083,California
Merced,2021-06-04,777,169289,435,93429,320,68206,22,7654,325,31655,446,71776,348,103431,California
Merced,2021-06-05,490,169779,387,93816,94,68300,9,7663,181,31541,304,72080,190,103621,California
Merced,2021-06-06,225,170004,189,94005,30,68330,6,7669,84,31490,141,72221,90,103711,California
Merced,2021-06-07,648,170652,518,94523,118,68448,12,7681,192,31240,456,72677,206,103917,California
Merced,2021-06-08,826,171478,625,95148,177,68625,24,7705,268,30977,555,73232,292,104209,California
Merced,2021-06-09,694,172172,591,95739,88,68713,15,7720,185,30676,501,73733,200,104409,California
Merced,2021-06-10,487,172659,327,96066,146,68859,14,7734,178,30566,302,74035,192,104601,California
Merced,2021-06-11,237,172896,140,96206,86,68945,11,7745,93,30529,143,74178,106,104707,California
Modoc,2020-12-16,2,2,2,2,0,0,0,0,2,2,0,0,2,2,California
Modoc,2020-12-21,99,101,99,101,0,0,0,0,99,101,0,0,99,101,California
Modoc,2020-12-22,14,115,14,115,0,0,0,0,14,115,0,0,14,115,California
Modoc,2020-12-23,4,119,4,119,0,0,0,0,4,119,0,0,4,119,California
Modoc,2020-12-24,1,120,1,120,0,0,0,0,1,120,0,0,1,120,California
Modoc,2020-12-28,2,122,2,122,0,0,0,0,2,122,0,0,2,122,California
Modoc,2020-12-29,9,131,1,123,8,8,0,0,9,131,0,0,9,131,California
Modoc,2020-12-30,8,139,1,124,7,15,0,0,8,139,0,0,8,139,California
Modoc,2021-01-02,3,142,1,125,2,17,0,0,3,142,0,0,3,142,California
Modoc,2021-01-04,8,150,0,125,8,25,0,0,8,150,0,0,8,150,California
Modoc,2021-01-05,3,153,2,127,1,26,0,0,3,153,0,0,3,153,California
Modoc,2021-01-06,4,157,3,130,1,27,0,0,2,153,2,2,2,155,California
Modoc,2021-01-07,72,229,0,130,72,99,0,0,72,225,0,2,72,227,California
Modoc,2021-01-08,106,335,0,130,106,205,0,0,106,331,0,2,106,333,California
Modoc,2021-01-10,1,336,1,131,0,205,0,0,0,330,1,3,0,333,California
Modoc,2021-01-11,90,426,81,212,9,214,0,0,19,278,71,74,19,352,California
Modoc,2021-01-12,94,520,25,237,69,283,0,0,68,320,26,100,68,420,California
Modoc,2021-01-13,24,544,4,241,20,303,0,0,22,340,2,102,22,442,California
Modoc,2021-01-14,129,673,6,247,123,426,0,0,124,459,5,107,124,566,California
Modoc,2021-01-15,5,678,1,248,4,430,0,0,5,464,0,107,5,571,California
Modoc,2021-01-16,2,680,1,249,1,431,0,0,2,466,0,107,2,573,California
Modoc,2021-01-18,3,683,1,250,2,433,0,0,3,469,0,107,3,576,California
Modoc,2021-01-19,5,688,3,253,2,435,0,0,3,470,2,109,3,579,California
Modoc,2021-01-20,13,701,3,256,10,445,0,0,12,481,1,110,12,591,California
Modoc,2021-01-21,160,861,2,258,158,603,0,0,160,641,0,110,160,751,California
Modoc,2021-01-22,4,865,2,260,2,605,0,0,4,645,0,110,4,755,California
Modoc,2021-01-25,12,877,0,260,12,617,0,0,12,657,0,110,12,767,California
Modoc,2021-01-26,109,986,1,261,108,725,0,0,109,766,0,110,109,876,California
Modoc,2021-01-27,45,1031,3,264,42,767,0,0,30,781,15,125,30,906,California
Modoc,2021-01-28,148,1179,4,268,144,911,0,0,147,927,1,126,147,1053,California
Modoc,2021-01-29,4,1183,1,269,3,914,0,0,4,931,0,126,4,1057,California
Modoc,2021-02-01,26,1209,13,282,13,927,0,0,12,929,14,140,12,1069,California
Modoc,2021-02-02,172,1381,2,284,170,1097,0,0,169,1095,3,143,169,1238,California
Modoc,2021-02-03,18,1399,13,297,5,1102,0,0,11,1099,7,150,11,1249,California
Modoc,2021-02-04,158,1557,3,300,155,1257,0,0,30,1001,128,278,30,1279,California
Modoc,2021-02-05,3,1560,2,302,1,1258,0,0,2,1002,1,279,2,1281,California
Modoc,2021-02-08,10,1570,1,303,9,1267,0,0,9,1010,1,280,9,1290,California
Modoc,2021-02-09,198,1768,11,314,187,1454,0,0,65,942,133,413,65,1355,California
Modoc,2021-02-10,6,1774,3,317,3,1457,0,0,4,944,2,415,4,1359,California
Modoc,2021-02-11,200,1974,2,319,198,1655,0,0,82,908,118,533,82,1441,California
Modoc,2021-02-12,8,1982,2,321,6,1661,0,0,3,906,5,538,3,1444,California
Modoc,2021-02-13,2,1984,0,321,2,1663,0,0,1,906,1,539,1,1445,California
Modoc,2021-02-16,147,2131,6,327,141,1804,0,0,141,1041,6,545,141,1586,California
Modoc,2021-02-17,24,2155,2,329,22,1826,0,0,11,1039,13,558,11,1597,California
Modoc,2021-02-18,192,2347,4,333,188,2014,0,0,23,896,168,726,25,1622,California
Modoc,2021-02-19,3,2350,3,336,0,2014,0,0,2,897,1,727,2,1624,California
Modoc,2021-02-20,1,2351,1,337,0,2014,0,0,0,896,1,728,0,1624,California
Modoc,2021-02-22,17,2368,9,346,8,2022,0,0,3,885,14,742,3,1627,California
Modoc,2021-02-23,73,2441,2,348,71,2093,0,0,9,830,64,806,9,1636,California
Modoc,2021-02-24,94,2535,2,350,92,2185,0,0,32,800,62,868,32,1668,California
Modoc,2021-02-25,171,2706,0,350,171,2356,0,0,12,653,159,1027,12,1680,California
Modoc,2021-02-26,2,2708,0,350,2,2358,0,0,1,653,1,1028,1,1681,California
Modoc,2021-02-27,3,2711,3,353,0,2358,0,0,2,654,1,1029,2,1683,California
Modoc,2021-03-01,5,2716,0,353,5,2363,0,0,0,650,4,1033,0,1683,California
Modoc,2021-03-02,194,2910,11,364,183,2546,0,0,26,508,168,1201,26,1709,California
Modoc,2021-03-03,12,2922,6,370,6,2552,0,0,2,500,10,1211,2,1711,California
Modoc,2021-03-04,175,3097,0,370,175,2727,0,0,147,619,28,1239,147,1858,California
Modoc,2021-03-05,3,3100,2,372,1,2728,0,0,2,620,1,1240,2,1860,California
Modoc,2021-03-06,11,3111,0,372,1,2729,10,10,1,621,10,1250,11,1871,California
Modoc,2021-03-07,8,3119,2,374,0,2729,6,16,2,623,6,1256,8,1879,California
Modoc,2021-03-08,9,3128,1,375,4,2733,4,20,1,621,7,1263,5,1884,California
Modoc,2021-03-09,127,3255,10,385,109,2842,8,28,61,624,66,1329,69,1953,California
Modoc,2021-03-10,9,3264,3,388,2,2844,4,32,4,627,5,1334,8,1961,California
Modoc,2021-03-11,208,3472,0,388,99,2943,109,141,22,572,186,1520,131,2092,California
Modoc,2021-03-12,10,3482,1,389,4,2947,5,146,4,575,6,1526,9,2101,California
Modoc,2021-03-13,4,3486,0,389,1,2948,3,149,1,576,3,1529,4,2105,California
Modoc,2021-03-15,14,3500,0,389,13,2961,1,150,12,587,2,1531,13,2118,California
Modoc,2021-03-16,173,3673,1,390,168,3129,4,154,42,501,131,1662,45,2163,California
Modoc,2021-03-17,11,3684,2,392,4,3133,5,159,2,499,9,1671,7,2170,California
Modoc,2021-03-18,67,3751,2,394,58,3191,7,166,36,511,31,1702,43,2213,California
Modoc,2021-03-19,5,3756,0,394,0,3191,5,171,0,511,5,1707,5,2218,California
Modoc,2021-03-20,5,3761,2,396,0,3191,3,174,0,509,5,1712,3,2221,California
Modoc,2021-03-21,3,3764,1,397,0,3191,2,176,1,510,2,1714,3,2224,California
Modoc,2021-03-22,17,3781,1,398,11,3202,5,181,12,522,5,1719,17,2241,California
Modoc,2021-03-23,58,3839,7,405,48,3250,3,184,42,551,16,1735,45,2286,California
Modoc,2021-03-24,29,3868,1,406,18,3268,10,194,1,534,28,1763,11,2297,California
Modoc,2021-03-25,79,3947,3,409,74,3342,2,196,47,551,32,1795,49,2346,California
Modoc,2021-03-26,8,3955,3,412,2,3344,3,199,3,552,5,1800,6,2352,California
Modoc,2021-03-27,2,3957,0,412,1,3345,1,200,1,553,1,1801,2,2354,California
Modoc,2021-03-28,1,3958,1,413,0,3345,0,200,0,552,1,1802,0,2354,California
Modoc,2021-03-29,15,3973,1,414,6,3351,8,208,6,557,9,1811,14,2368,California
Modoc,2021-03-30,54,4027,9,423,39,3390,6,214,21,551,33,1844,27,2395,California
Modoc,2021-03-31,10,4037,3,426,3,3393,4,218,4,553,6,1850,8,2403,California
Modoc,2021-04-01,169,4206,2,428,162,3555,5,223,34,457,135,1985,39,2442,California
Modoc,2021-04-02,5,4211,0,428,2,3557,3,226,1,458,3,1988,4,2446,California
Modoc,2021-04-03,4,4215,1,429,0,3557,3,229,1,459,2,1990,3,2449,California
Modoc,2021-04-05,10,4225,0,429,9,3566,1,230,9,468,1,1991,10,2459,California
Modoc,2021-04-06,23,4248,5,434,8,3574,10,240,5,465,18,2009,15,2474,California
Modoc,2021-04-07,12,4260,1,435,4,3578,7,247,3,466,9,2018,10,2484,California
Modoc,2021-04-08,96,4356,1,436,92,3670,3,250,26,425,70,2088,29,2513,California
Modoc,2021-04-09,11,4367,2,438,6,3676,3,253,2,420,9,2097,4,2517,California
Modoc,2021-04-10,5,4372,0,438,1,3677,4,257,0,419,5,2102,4,2521,California
Modoc,2021-04-11,2,4374,2,440,0,3677,0,257,1,419,1,2103,1,2522,California
Modoc,2021-04-12,14,4388,0,440,10,3687,4,261,1,413,11,2114,5,2527,California
Modoc,2021-04-13,34,4422,30,470,4,3691,0,261,22,423,12,2126,22,2549,California
Modoc,2021-04-14,2,4424,2,472,0,3691,0,261,1,423,1,2127,1,2550,California
Modoc,2021-04-15,102,4526,0,472,102,3793,0,261,29,379,73,2200,29,2579,California
Modoc,2021-04-16,6,4532,4,476,2,3795,0,261,5,383,1,2201,5,2584,California
Modoc,2021-04-17,2,4534,2,478,0,3795,0,261,2,385,0,2201,2,2586,California
Modoc,2021-04-18,1,4535,0,478,1,3796,0,261,1,386,0,2201,1,2587,California
Modoc,2021-04-19,6,4541,0,478,6,3802,0,261,1,382,5,2206,1,2588,California
Modoc,2021-04-20,43,4584,2,480,41,3843,0,261,9,357,34,2240,9,2597,California
Modoc,2021-04-21,3,4587,3,483,0,3843,0,261,1,356,2,2242,1,2598,California
Modoc,2021-04-22,97,4684,3,486,94,3937,0,261,38,335,59,2301,38,2636,California
Modoc,2021-04-23,4,4688,0,486,4,3941,0,261,3,337,1,2302,3,2639,California
Modoc,2021-04-24,2,4690,0,486,1,3942,1,262,1,338,1,2303,2,2641,California
Modoc,2021-04-25,1,4691,1,487,0,3942,0,262,1,339,0,2303,1,2642,California
Modoc,2021-04-26,8,4699,0,487,8,3950,0,262,2,335,6,2309,2,2644,California
Modoc,2021-04-27,6,4705,5,492,0,3950,1,263,1,332,5,2314,2,2646,California
Modoc,2021-04-28,6,4711,1,493,4,3954,1,264,2,331,4,2318,3,2649,California
Modoc,2021-04-29,66,4777,1,494,65,4019,0,264,21,307,45,2363,21,2670,California
Modoc,2021-04-30,3,4780,2,496,1,4020,0,264,1,306,2,2365,1,2671,California
Modoc,2021-05-01,1,4781,1,497,0,4020,0,264,0,305,1,2366,0,2671,California
Modoc,2021-05-02,4,4785,3,500,1,4021,0,264,3,307,1,2367,3,2674,California
Modoc,2021-05-03,14,4799,0,500,13,4034,1,265,4,302,10,2377,5,2679,California
Modoc,2021-05-04,9,4808,3,503,4,4038,2,267,4,303,5,2382,6,2685,California
Modoc,2021-05-05,28,4836,25,528,2,4040,1,268,8,292,20,2402,9,2694,California
Modoc,2021-05-06,55,4891,3,531,50,4090,2,270,21,281,34,2436,23,2717,California
Modoc,2021-05-07,8,4899,3,534,3,4093,2,272,2,279,6,2442,4,2721,California
Modoc,2021-05-08,3,4902,2,536,0,4093,1,273,1,279,2,2444,2,2723,California
Modoc,2021-05-09,1,4903,1,537,0,4093,0,273,0,278,1,2445,0,2723,California
Modoc,2021-05-10,2,4905,0,537,1,4094,1,274,1,279,1,2446,2,2725,California
Modoc,2021-05-11,3,4908,2,539,0,4094,1,275,0,277,3,2449,1,2726,California
Modoc,2021-05-12,3,4911,0,539,0,4094,3,278,0,277,3,2452,3,2729,California
Modoc,2021-05-13,44,4955,0,539,40,4134,4,282,14,265,30,2482,18,2747,California
Modoc,2021-05-14,9,4964,3,542,1,4135,5,287,4,269,5,2487,9,2756,California
Modoc,2021-05-15,4,4968,3,545,1,4136,0,287,4,273,0,2487,4,2760,California
Modoc,2021-05-16,2,4970,1,546,1,4137,0,287,0,271,2,2489,0,2760,California
Modoc,2021-05-17,7,4977,3,549,4,4141,0,287,4,272,3,2492,4,2764,California
Modoc,2021-05-18,26,5003,13,562,11,4152,2,289,14,276,12,2504,16,2780,California
Modoc,2021-05-19,8,5011,1,563,3,4155,4,293,4,280,4,2508,8,2788,California
Modoc,2021-05-20,58,5069,3,566,46,4201,9,302,8,247,50,2558,17,2805,California
Modoc,2021-05-21,5,5074,3,569,1,4202,1,303,2,247,3,2561,3,2808,California
Modoc,2021-05-22,2,5076,2,571,0,4202,0,303,1,247,1,2562,1,2809,California
Modoc,2021-05-23,2,5078,2,573,0,4202,0,303,0,245,2,2564,0,2809,California
Modoc,2021-05-24,4,5082,1,574,1,4203,2,305,2,247,2,2566,4,2813,California
Modoc,2021-05-25,2,5084,1,575,1,4204,0,305,1,247,1,2567,1,2814,California
Modoc,2021-05-26,35,5119,32,607,3,4207,0,305,25,263,10,2577,26,2840,California
Modoc,2021-05-27,31,5150,3,610,22,4229,6,311,8,254,23,2600,14,2854,California
Modoc,2021-05-28,8,5158,1,611,4,4233,3,314,3,255,5,2605,6,2860,California
Modoc,2021-05-29,1,5159,1,612,0,4233,0,314,0,254,1,2606,0,2860,California
Modoc,2021-06-01,7,5166,0,612,6,4239,1,315,2,252,5,2611,3,2863,California
Modoc,2021-06-02,11,5177,0,612,9,4248,2,317,5,253,6,2617,7,2870,California
Modoc,2021-06-03,24,5201,1,613,21,4269,2,319,4,239,20,2637,6,2876,California
Modoc,2021-06-04,5,5206,3,616,1,4270,1,320,0,235,5,2642,1,2877,California
Modoc,2021-06-05,1,5207,0,616,1,4271,0,320,0,234,1,2643,0,2877,California
Modoc,2021-06-07,4,5211,4,620,0,4271,0,320,1,232,3,2646,1,2878,California
Modoc,2021-06-08,26,5237,7,627,18,4289,1,321,19,245,7,2653,20,2898,California
Modoc,2021-06-09,3,5240,2,629,1,4290,0,321,2,246,1,2654,2,2900,California
Modoc,2021-06-10,20,5260,1,630,18,4308,1,322,7,241,13,2667,8,2908,California
Modoc,2021-06-11,3,5263,2,632,1,4309,0,322,2,242,1,2668,2,2910,California
Mono,2020-12-18,1,1,1,1,0,0,0,0,1,1,0,0,1,1,California
Mono,2020-12-19,5,6,5,6,0,0,0,0,5,6,0,0,5,6,California
Mono,2020-12-20,7,13,7,13,0,0,0,0,7,13,0,0,7,13,California
Mono,2020-12-21,24,37,17,30,7,7,0,0,24,37,0,0,24,37,California
Mono,2020-12-22,68,105,67,97,1,8,0,0,68,105,0,0,68,105,California
Mono,2020-12-23,73,178,45,142,28,36,0,0,73,178,0,0,73,178,California
Mono,2020-12-24,3,181,1,143,2,38,0,0,3,181,0,0,3,181,California
Mono,2020-12-26,3,184,3,146,0,38,0,0,3,184,0,0,3,184,California
Mono,2020-12-27,1,185,0,146,1,39,0,0,1,185,0,0,1,185,California
Mono,2020-12-28,93,278,62,208,31,70,0,0,93,278,0,0,93,278,California
Mono,2020-12-29,28,306,28,236,0,70,0,0,28,306,0,0,28,306,California
Mono,2020-12-30,77,383,36,272,41,111,0,0,77,383,0,0,77,383,California
Mono,2020-12-31,4,387,1,273,3,114,0,0,4,387,0,0,4,387,California
Mono,2021-01-01,4,391,4,277,0,114,0,0,4,391,0,0,4,391,California
Mono,2021-01-02,2,393,2,279,0,114,0,0,2,393,0,0,2,393,California
Mono,2021-01-04,2,395,0,279,2,116,0,0,2,395,0,0,2,395,California
Mono,2021-01-05,45,440,2,281,43,159,0,0,44,438,1,1,44,439,California
Mono,2021-01-06,51,491,0,281,51,210,0,0,51,489,0,1,51,490,California
Mono,2021-01-07,55,546,3,284,52,262,0,0,53,541,2,3,54,544,California
Mono,2021-01-08,2,548,1,285,1,263,0,0,1,541,1,4,1,545,California
Mono,2021-01-09,4,552,4,289,0,263,0,0,0,537,4,8,0,545,California
Mono,2021-01-10,5,557,5,294,0,263,0,0,0,532,5,13,0,545,California
Mono,2021-01-11,8,565,5,299,3,266,0,0,4,532,4,17,4,549,California
Mono,2021-01-12,286,851,78,377,208,474,0,0,220,687,65,82,220,769,California
Mono,2021-01-13,235,1086,74,451,161,635,0,0,179,810,56,138,179,948,California
Mono,2021-01-14,75,1161,72,523,3,638,0,0,74,883,1,139,74,1022,California
Mono,2021-01-15,70,1231,2,525,68,706,0,0,70,953,0,139,70,1092,California
Mono,2021-01-16,4,1235,3,528,1,707,0,0,1,951,3,142,1,1093,California
Mono,2021-01-18,63,1298,54,582,9,716,0,0,2,892,61,203,2,1095,California
Mono,2021-01-19,211,1509,209,791,2,718,0,0,173,1028,38,241,174,1269,California
Mono,2021-01-20,231,1740,199,990,32,750,0,0,171,1139,60,301,171,1440,California
Mono,2021-01-21,6,1746,3,993,3,753,0,0,6,1145,0,301,6,1446,California
Mono,2021-01-22,5,1751,0,993,5,758,0,0,5,1150,0,301,5,1451,California
Mono,2021-01-23,597,2348,597,1590,0,758,0,0,596,1745,1,302,596,2047,California
Mono,2021-01-24,1,2349,0,1590,1,759,0,0,0,1744,1,303,0,2047,California
Mono,2021-01-25,204,2553,166,1756,38,797,0,0,165,1870,39,342,165,2212,California
Mono,2021-01-26,510,3063,508,2264,2,799,0,0,504,2368,6,348,504,2716,California
Mono,2021-01-27,5,3068,1,2265,4,803,0,0,5,2373,0,348,5,2721,California
Mono,2021-01-28,6,3074,2,2267,4,807,0,0,2,2371,4,352,2,2723,California
Mono,2021-01-30,200,3274,198,2465,2,809,0,0,199,2569,1,353,199,2922,California
Mono,2021-01-31,249,3523,138,2603,111,920,0,0,139,2598,110,463,139,3061,California
Mono,2021-02-01,27,3550,27,2630,0,920,0,0,0,2571,27,490,0,3061,California
Mono,2021-02-02,5,3555,0,2630,5,925,0,0,2,2570,3,493,2,3063,California
Mono,2021-02-03,5,3560,2,2632,3,928,0,0,2,2569,3,496,2,3065,California
Mono,2021-02-04,212,3772,158,2790,54,982,0,0,91,2540,120,616,91,3156,California
Mono,2021-02-05,623,4395,617,3407,6,988,0,0,620,3157,3,619,620,3776,California
Mono,2021-02-06,138,4533,137,3544,1,989,0,0,137,3293,1,620,137,3913,California
Mono,2021-02-07,2,4535,0,3544,2,991,0,0,2,3295,0,620,2,3915,California
Mono,2021-02-08,174,4709,173,3717,1,992,0,0,16,3154,157,777,16,3931,California
Mono,2021-02-09,227,4936,6,3723,221,1213,0,0,14,2955,213,990,14,3945,California
Mono,2021-02-10,536,5472,187,3910,349,1562,0,0,192,2804,344,1334,193,4138,California
Mono,2021-02-11,8,5480,4,3914,4,1566,0,0,2,2800,6,1340,2,4140,California
Mono,2021-02-12,94,5574,22,3936,72,1638,0,0,28,2762,66,1406,28,4168,California
Mono,2021-02-13,591,6165,591,4527,0,1638,0,0,27,2226,563,1969,27,4195,California
Mono,2021-02-15,168,6333,166,4693,2,1640,0,0,3,2066,163,2132,3,4198,California
Mono,2021-02-16,523,6856,519,5212,4,1644,0,0,46,1638,474,2606,46,4244,California
Mono,2021-02-17,6,6862,2,5214,4,1648,0,0,2,1636,4,2610,2,4246,California
Mono,2021-02-18,6,6868,2,5216,4,1652,0,0,2,1634,4,2614,2,4248,California
Mono,2021-02-19,54,6922,53,5269,1,1653,0,0,54,1688,0,2614,54,4302,California
Mono,2021-02-20,5,6927,5,5274,0,1653,0,0,5,1693,0,2614,5,4307,California
Mono,2021-02-21,8,6935,8,5282,0,1653,0,0,6,1697,2,2616,6,4313,California
Mono,2021-02-22,283,7218,282,5564,1,1654,0,0,24,1463,258,2874,24,4337,California
Mono,2021-02-23,142,7360,119,5683,23,1677,0,0,26,1373,116,2990,26,4363,California
Mono,2021-02-24,12,7372,3,5686,9,1686,0,0,4,1369,8,2998,4,4367,California
Mono,2021-02-25,5,7377,2,5688,3,1689,0,0,3,1371,1,2999,3,4370,California
Mono,2021-02-26,604,7981,602,6290,2,1691,0,0,20,808,583,3582,20,4390,California
Mono,2021-02-27,141,8122,137,6427,4,1695,0,0,4,677,135,3717,4,4394,California
Mono,2021-02-28,1,8123,0,6427,0,1695,1,1,0,677,1,3718,1,4395,California
Mono,2021-03-01,2,8125,2,6429,0,1695,0,1,1,678,0,3718,1,4396,California
Mono,2021-03-02,8,8133,4,6433,4,1699,0,1,6,682,2,3720,6,4402,California
Mono,2021-03-03,114,8247,3,6436,111,1810,0,1,110,789,3,3723,110,4512,California
Mono,2021-03-04,6,8253,1,6437,5,1815,0,1,3,789,3,3726,3,4515,California
Mono,2021-03-05,40,8293,30,6467,10,1825,0,1,13,775,27,3753,13,4528,California
Mono,2021-03-06,518,8811,18,6485,500,2325,0,1,509,1278,7,3760,510,5038,California
Mono,2021-03-07,1,8812,0,6485,1,2326,0,1,0,1277,1,3761,0,5038,California
Mono,2021-03-08,547,9359,11,6496,533,2859,3,4,537,1807,10,3771,540,5578,California
Mono,2021-03-09,6,9365,2,6498,3,2862,1,5,3,1809,2,3773,4,5582,California
Mono,2021-03-10,285,9650,90,6588,192,3054,3,8,9,1548,273,4046,12,5594,California
Mono,2021-03-11,10,9660,0,6588,1,3055,9,17,0,1547,10,4056,9,5603,California
Mono,2021-03-12,7,9667,1,6589,1,3056,5,22,0,1545,7,4063,5,5608,California
Mono,2021-03-13,837,10504,396,6985,440,3496,1,23,826,2361,11,4074,827,6435,California
Mono,2021-03-14,6,10510,6,6991,0,3496,0,23,1,2357,5,4079,1,6436,California
Mono,2021-03-15,31,10541,23,7014,3,3499,5,28,14,2360,16,4095,19,6455,California
Mono,2021-03-16,17,10558,6,7020,5,3504,6,34,8,2365,9,4104,14,6469,California
Mono,2021-03-17,32,10590,4,7024,20,3524,8,42,20,2381,12,4116,28,6497,California
Mono,2021-03-18,21,10611,2,7026,11,3535,8,50,9,2386,12,4128,17,6514,California
Mono,2021-03-19,21,10632,1,7027,17,3552,3,53,17,2403,3,4131,20,6534,California
Mono,2021-03-20,5,10637,3,7030,1,3553,1,54,4,2407,1,4132,5,6539,California
Mono,2021-03-22,11,10648,0,7030,6,3559,5,59,5,2411,6,4138,10,6549,California
Mono,2021-03-23,45,10693,6,7036,34,3593,5,64,17,2405,28,4166,22,6571,California
Mono,2021-03-24,13,10706,1,7037,7,3600,5,69,5,2407,8,4174,10,6581,California
Mono,2021-03-25,18,10724,2,7039,12,3612,4,73,12,2417,6,4180,16,6597,California
Mono,2021-03-26,19,10743,3,7042,11,3623,5,78,10,2424,8,4188,15,6612,California
Mono,2021-03-27,361,11104,358,7400,3,3626,0,78,335,2733,26,4214,335,6947,California
Mono,2021-03-29,11,11115,3,7403,7,3633,1,79,9,2741,2,4216,10,6957,California
Mono,2021-03-30,14,11129,0,7403,10,3643,4,83,7,2745,7,4223,11,6968,California
Mono,2021-03-31,136,11265,8,7411,127,3770,1,84,24,2659,111,4334,25,6993,California
Mono,2021-04-01,8,11273,0,7411,8,3778,0,84,4,2659,4,4338,4,6997,California
Mono,2021-04-02,19,11292,2,7413,17,3795,0,84,8,2656,11,4349,8,7005,California
Mono,2021-04-03,885,12177,381,7794,504,4299,0,84,51,1875,832,5181,51,7056,California
Mono,2021-04-04,1,12178,1,7795,0,4299,0,84,0,1874,1,5182,0,7056,California
Mono,2021-04-05,544,12722,19,7814,524,4823,1,85,35,1402,508,5690,36,7092,California
Mono,2021-04-06,19,12741,1,7815,5,4828,13,98,1,1398,18,5708,14,7106,California
Mono,2021-04-07,23,12764,2,7817,2,4830,19,117,2,1398,21,5729,21,7127,California
Mono,2021-04-08,24,12788,4,7821,2,4832,18,135,5,1402,19,5748,23,7150,California
Mono,2021-04-09,38,12826,5,7826,4,4836,29,164,8,1409,30,5778,37,7187,California
Mono,2021-04-10,457,13283,2,7828,448,5284,7,171,31,1021,426,6204,38,7225,California
Mono,2021-04-12,6,13289,0,7828,3,5287,3,174,3,1024,3,6207,6,7231,California
Mono,2021-04-13,20,13309,2,7830,17,5304,1,175,14,1033,6,6213,15,7246,California
Mono,2021-04-14,25,13334,1,7831,24,5328,0,175,7,1022,18,6231,7,7253,California
Mono,2021-04-15,20,13354,5,7836,15,5343,0,175,11,1024,9,6240,11,7264,California
Mono,2021-04-16,17,13371,1,7837,16,5359,0,175,6,1019,11,6251,6,7270,California
Mono,2021-04-17,51,13422,2,7839,49,5408,0,175,44,1056,7,6258,44,7314,California
Mono,2021-04-18,1,13423,0,7839,1,5409,0,175,1,1057,0,6258,1,7315,California
Mono,2021-04-19,537,13960,326,8165,211,5620,0,175,204,930,331,6589,204,7519,California
Mono,2021-04-20,15,13975,2,8167,13,5633,0,175,10,935,5,6594,10,7529,California
Mono,2021-04-21,8,13983,1,8168,7,5640,0,175,2,931,6,6600,2,7531,California
Mono,2021-04-22,25,14008,11,8179,14,5654,0,175,11,928,14,6614,11,7542,California
Mono,2021-04-23,22,14030,2,8181,20,5674,0,175,12,930,10,6624,12,7554,California
Mono,2021-04-24,36,14066,22,8203,14,5688,0,175,21,936,15,6639,21,7575,California
Mono,2021-04-25,5,14071,4,8207,1,5689,0,175,5,941,0,6639,5,7580,California
Mono,2021-04-26,13,14084,2,8209,11,5700,0,175,3,934,10,6649,3,7583,California
Mono,2021-04-27,67,14151,41,8250,19,5719,7,182,51,976,16,6665,58,7641,California
Mono,2021-04-28,64,14215,40,8290,19,5738,5,187,48,1015,14,6679,53,7694,California
Mono,2021-04-29,10,14225,3,8293,4,5742,3,190,3,1014,7,6686,6,7700,California
Mono,2021-04-30,18,14243,3,8296,12,5754,3,193,8,1015,10,6696,11,7711,California
Mono,2021-05-01,109,14352,4,8300,105,5859,0,193,97,1100,12,6708,97,7808,California
Mono,2021-05-02,2,14354,2,8302,0,5859,0,193,1,1100,1,6709,1,7809,California
Mono,2021-05-03,1,14355,0,8302,1,5860,0,193,0,1099,1,6710,0,7809,California
Mono,2021-05-04,18,14373,0,8302,13,5873,5,198,10,1106,8,6718,15,7824,California
Mono,2021-05-05,52,14425,8,8310,40,5913,4,202,45,1148,7,6725,49,7873,California
Mono,2021-05-06,12,14437,2,8312,9,5922,1,203,8,1153,4,6729,9,7882,California
Mono,2021-05-07,29,14466,22,8334,7,5929,0,203,25,1174,4,6733,25,7907,California
Mono,2021-05-08,52,14518,7,8341,45,5974,0,203,22,1166,30,6763,22,7929,California
Mono,2021-05-09,1,14519,1,8342,0,5974,0,203,0,1166,0,6763,0,7929,California
Mono,2021-05-10,17,14536,1,8343,12,5986,4,207,9,1171,8,6771,13,7942,California
Mono,2021-05-11,16,14552,2,8345,11,5997,3,210,5,1168,11,6782,8,7950,California
Mono,2021-05-12,12,14564,0,8345,11,6008,1,211,4,1165,8,6790,5,7955,California
Mono,2021-05-13,47,14611,31,8376,15,6023,1,212,38,1195,9,6799,39,7994,California
Mono,2021-05-14,10,14621,1,8377,8,6031,1,213,5,1196,5,6804,6,8000,California
Mono,2021-05-15,70,14691,28,8405,35,6066,7,220,20,1173,50,6854,27,8027,California
Mono,2021-05-16,5,14696,4,8409,1,6067,0,220,2,1172,3,6857,2,8029,California
Mono,2021-05-17,251,14947,34,8443,210,6277,7,227,54,1038,196,7053,62,8091,California
Mono,2021-05-18,133,15080,109,8552,23,6300,1,228,87,1080,46,7099,88,8179,California
Mono,2021-05-19,118,15198,112,8664,1,6301,5,233,75,1117,43,7142,80,8259,California
Mono,2021-05-20,70,15268,55,8719,10,6311,5,238,53,1158,17,7159,58,8317,California
Mono,2021-05-21,24,15292,4,8723,17,6328,3,241,11,1159,13,7172,14,8331,California
Mono,2021-05-22,21,15313,11,8734,8,6336,2,243,15,1170,6,7178,17,8348,California
Mono,2021-05-23,2,15315,0,8734,2,6338,0,243,1,1170,1,7179,1,8349,California
Mono,2021-05-24,16,15331,2,8736,13,6351,1,244,9,1174,7,7186,11,8360,California
Mono,2021-05-25,14,15345,5,8741,9,6360,0,244,7,1174,7,7193,7,8367,California
Mono,2021-05-26,18,15363,2,8743,15,6375,1,245,7,1171,11,7204,8,8375,California
Mono,2021-05-27,9,15372,0,8743,9,6384,0,245,6,1175,2,7206,6,8381,California
Mono,2021-05-28,41,15413,28,8771,13,6397,0,245,10,1154,31,7237,10,8391,California
Mono,2021-05-29,129,15542,27,8798,99,6496,3,248,31,1090,98,7335,34,8425,California
Mono,2021-06-01,15,15557,7,8805,8,6504,0,248,8,1091,7,7342,8,8433,California
Mono,2021-06-02,47,15604,3,8808,44,6548,0,248,10,1064,37,7379,10,8443,California
Mono,2021-06-03,10,15614,1,8809,7,6555,2,250,1,1058,9,7388,3,8446,California
Mono,2021-06-04,13,15627,2,8811,10,6565,1,251,4,1054,9,7397,5,8451,California
Mono,2021-06-05,42,15669,23,8834,19,6584,0,251,5,1022,37,7434,5,8456,California
Mono,2021-06-06,1,15670,0,8834,1,6585,0,251,0,1021,1,7435,0,8456,California
Mono,2021-06-07,99,15769,87,8921,8,6593,4,255,12,950,87,7522,16,8472,California
Mono,2021-06-08,110,15879,100,9021,8,6601,2,257,11,864,99,7621,13,8485,California
Mono,2021-06-09,6,15885,3,9024,3,6604,0,257,1,860,5,7626,1,8486,California
Mono,2021-06-11,69,15954,61,9085,3,6607,5,262,4,804,65,7691,9,8495,California
Monterey,2020-12-16,6,6,6,6,0,0,0,0,6,6,0,0,6,6,California
Monterey,2020-12-17,89,95,89,95,0,0,0,0,89,95,0,0,89,95,California
Monterey,2020-12-18,492,587,492,587,0,0,0,0,492,587,0,0,492,587,California
Monterey,2020-12-19,582,1169,581,1168,1,1,0,0,581,1168,0,0,581,1168,California
Monterey,2020-12-20,422,1591,422,1590,0,1,0,0,422,1590,0,0,422,1590,California
Monterey,2020-12-21,726,2317,726,2316,0,1,0,0,726,2316,0,0,726,2316,California
Monterey,2020-12-22,544,2861,531,2847,13,14,0,0,544,2860,0,0,544,2860,California
Monterey,2020-12-23,445,3306,266,3113,179,193,0,0,445,3305,0,0,445,3305,California
Monterey,2020-12-24,86,3392,10,3123,76,269,0,0,86,3391,0,0,86,3391,California
Monterey,2020-12-25,6,3398,0,3123,6,275,0,0,6,3397,0,0,6,3397,California
Monterey,2020-12-26,92,3490,5,3128,87,362,0,0,92,3489,0,0,92,3489,California
Monterey,2020-12-27,6,3496,3,3131,3,365,0,0,6,3495,0,0,6,3495,California
Monterey,2020-12-28,488,3984,26,3157,462,827,0,0,488,3983,0,0,488,3983,California
Monterey,2020-12-29,911,4895,168,3325,743,1570,0,0,911,4894,0,0,911,4894,California
Monterey,2020-12-30,575,5470,100,3425,475,2045,0,0,575,5469,0,0,575,5469,California
Monterey,2020-12-31,33,5503,11,3436,22,2067,0,0,33,5502,0,0,33,5502,California
Monterey,2021-01-01,13,5516,3,3439,10,2077,0,0,13,5515,0,0,13,5515,California
Monterey,2021-01-02,138,5654,135,3574,3,2080,0,0,138,5653,0,0,138,5653,California
Monterey,2021-01-03,31,5685,30,3604,1,2081,0,0,31,5684,0,0,31,5684,California
Monterey,2021-01-04,416,6101,20,3624,396,2477,0,0,416,6100,0,0,416,6100,California
Monterey,2021-01-05,765,6866,335,3959,430,2907,0,0,751,6837,14,14,751,6851,California
Monterey,2021-01-06,669,7535,180,4139,489,3396,0,0,644,7456,25,39,644,7495,California
Monterey,2021-01-07,757,8292,577,4716,180,3576,0,0,429,7559,326,365,429,7924,California
Monterey,2021-01-08,1109,9401,747,5463,362,3938,0,0,403,7256,706,1071,403,8327,California
Monterey,2021-01-09,971,10372,935,6398,36,3974,0,0,319,6925,650,1721,319,8646,California
Monterey,2021-01-10,274,10646,272,6670,2,3976,0,0,8,6667,266,1987,8,8654,California
Monterey,2021-01-11,1078,11724,992,7662,86,4062,0,0,369,6327,709,2696,369,9023,California
Monterey,2021-01-12,480,12204,397,8059,83,4145,0,0,216,6279,264,2960,216,9239,California
Monterey,2021-01-13,1225,13429,593,8652,632,4777,0,0,1180,7414,45,3005,1180,10419,California
Monterey,2021-01-14,1133,14562,169,8821,964,5741,0,0,1114,8513,19,3024,1118,11537,California
Monterey,2021-01-15,1075,15637,45,8866,1030,6771,0,0,1063,9564,12,3036,1063,12600,California
Monterey,2021-01-16,367,16004,303,9169,64,6835,0,0,362,9921,5,3041,362,12962,California
Monterey,2021-01-17,312,16316,292,9461,20,6855,0,0,300,10209,12,3053,300,13262,California
Monterey,2021-01-18,412,16728,50,9511,362,7217,0,0,389,10575,23,3076,389,13651,California
Monterey,2021-01-19,587,17315,398,9909,189,7406,0,0,425,10840,160,3236,425,14076,California
Monterey,2021-01-20,556,17871,271,10180,285,7691,0,0,344,10972,212,3448,344,14420,California
Monterey,2021-01-21,891,18762,95,10275,796,8487,0,0,778,11641,113,3561,782,15202,California
Monterey,2021-01-22,1076,19838,201,10476,875,9362,0,0,1035,12635,41,3602,1035,16237,California
Monterey,2021-01-23,248,20086,176,10652,72,9434,0,0,123,12636,124,3726,125,16362,California
Monterey,2021-01-24,57,20143,38,10690,19,9453,0,0,23,12625,34,3760,23,16385,California
Monterey,2021-01-25,839,20982,182,10872,657,10110,0,0,200,12193,632,4392,200,16585,California
Monterey,2021-01-26,982,21964,230,11102,752,10862,0,0,274,11759,708,5100,274,16859,California
Monterey,2021-01-27,901,22865,314,11416,587,11449,0,0,413,11684,488,5588,413,17272,California
Monterey,2021-01-28,2066,24931,746,12162,1320,12769,0,0,1718,13056,348,5936,1720,18992,California
Monterey,2021-01-29,1304,26235,718,12880,586,13355,0,0,1185,14125,118,6054,1187,20179,California
Monterey,2021-01-30,486,26721,298,13178,188,13543,0,0,229,14097,257,6311,229,20408,California
Monterey,2021-01-31,509,27230,82,13260,427,13970,0,0,498,14585,11,6322,499,20907,California
Monterey,2021-02-01,1670,28900,1156,14416,514,14484,0,0,1101,15118,568,6890,1101,22008,California
Monterey,2021-02-02,2193,31093,463,14879,1730,16214,0,0,1580,16086,612,7502,1580,23588,California
Monterey,2021-02-03,2374,33467,1074,15953,1300,17514,0,0,1591,16898,779,8281,1591,25179,California
Monterey,2021-02-04,2829,36296,2103,18056,726,18240,0,0,2515,19102,311,8592,2515,27694,California
Monterey,2021-02-05,3724,40020,2868,20924,856,19096,0,0,3281,21945,438,9030,3281,30975,California
Monterey,2021-02-06,1132,41152,381,21305,751,19847,0,0,780,22375,350,9380,780,31755,California
Monterey,2021-02-07,324,41476,269,21574,55,19902,0,0,106,22263,218,9598,106,31861,California
Monterey,2021-02-08,533,42009,293,21867,240,20142,0,0,437,22604,96,9694,437,32298,California
Monterey,2021-02-09,915,42924,704,22571,211,20353,0,0,600,22891,315,10009,602,32900,California
Monterey,2021-02-10,2134,45058,1118,23689,1016,21369,0,0,1275,23309,859,10868,1277,34177,California
Monterey,2021-02-11,2531,47589,976,24665,1555,22924,0,0,1563,23908,966,11834,1565,35742,California
Monterey,2021-02-12,2641,50230,436,25101,2205,25129,0,0,1546,24361,1094,12928,1547,37289,California
Monterey,2021-02-13,1096,51326,47,25148,1049,26178,0,0,1005,25276,90,13018,1005,38294,California
Monterey,2021-02-14,623,51949,74,25222,549,26727,0,0,550,25753,73,13091,550,38844,California
Monterey,2021-02-15,1398,53347,166,25388,1232,27959,0,0,998,26354,398,13489,999,39843,California
Monterey,2021-02-16,1111,54458,247,25635,864,28823,0,0,882,27007,229,13718,882,40725,California
Monterey,2021-02-17,1997,56455,1184,26819,813,29636,0,0,1675,28365,319,14037,1677,42402,California
Monterey,2021-02-18,2283,58738,1183,28002,1100,30736,0,0,923,27944,1346,15383,925,43327,California
Monterey,2021-02-19,2985,61723,1547,29549,1438,32174,0,0,1373,27707,1611,16994,1374,44701,California
Monterey,2021-02-20,1089,62812,670,30219,419,32593,0,0,1025,28669,63,17057,1025,45726,California
Monterey,2021-02-21,1282,64094,1249,31468,33,32626,0,0,1202,29793,78,17135,1202,46928,California
Monterey,2021-02-22,1053,65147,890,32358,163,32789,0,0,665,30072,386,17521,665,47593,California
Monterey,2021-02-23,1007,66154,630,32988,377,33166,0,0,312,29691,694,18215,313,47906,California
Monterey,2021-02-24,2539,68693,1355,34343,1184,34350,0,0,1871,30900,663,18878,1872,49778,California
Monterey,2021-02-25,4491,73184,2460,36803,2031,36381,0,0,1520,29457,2964,21842,1521,51299,California
Monterey,2021-02-26,5349,78533,3111,39914,2238,38619,0,0,2651,29415,2695,24537,2653,53952,California
Monterey,2021-02-27,1060,79593,196,40110,864,39483,0,0,830,30020,225,24762,830,54782,California
Monterey,2021-02-28,1559,81152,87,40197,1472,40955,0,0,1087,30640,467,25229,1087,55869,California
Monterey,2021-03-01,1324,82476,169,40366,1152,42107,3,3,762,30849,557,25786,766,56635,California
Monterey,2021-03-02,2865,85341,1748,42114,1117,43224,0,3,1985,31958,876,26662,1985,58620,California
Monterey,2021-03-03,3259,88600,1252,43366,2007,45231,0,3,1308,31319,1948,28610,1309,59929,California
Monterey,2021-03-04,4680,93280,1492,44858,3188,48419,0,3,3032,32708,1643,30253,3032,62961,California
Monterey,2021-03-05,3706,96986,1633,46491,1795,50214,278,281,3028,35337,677,30930,3306,66267,California
Monterey,2021-03-06,5200,102186,1150,47641,3741,53955,309,590,4267,38981,930,31860,4574,70841,California
Monterey,2021-03-07,534,102720,106,47747,176,54131,252,842,232,39161,302,32162,482,71323,California
Monterey,2021-03-08,1676,104396,329,48076,959,55090,388,1230,1123,40117,553,32715,1509,72832,California
Monterey,2021-03-09,2025,106421,696,48772,1054,56144,275,1505,1517,41400,507,33222,1790,74622,California
Monterey,2021-03-10,3266,109687,1052,49824,1724,57868,490,1995,1504,41636,1758,34980,1994,76616,California
Monterey,2021-03-11,4216,113903,1421,51245,2418,60286,377,2372,2422,42647,1787,36767,2798,79414,California
Monterey,2021-03-12,4484,118387,2064,53309,2269,62555,151,2523,2764,43843,1717,38484,2913,82327,California
Monterey,2021-03-13,5399,123786,1018,54327,4031,66586,350,2873,4023,46841,1375,39859,4373,86700,California
Monterey,2021-03-14,2196,125982,1359,55686,812,67398,25,2898,591,45862,1595,41454,616,87316,California
Monterey,2021-03-15,4006,129988,1280,56966,2436,69834,290,3188,2290,46729,1712,43166,2579,89895,California
Monterey,2021-03-16,3574,133562,590,57556,2607,72441,377,3565,2140,47810,1432,44598,2513,92408,California
Monterey,2021-03-17,5940,139502,2417,59973,3266,75707,257,3822,4308,50755,1625,46223,4570,96978,California
Monterey,2021-03-18,4549,144051,2220,62193,2159,77866,170,3992,3155,52728,1389,47612,3362,100340,California
Monterey,2021-03-19,5556,149607,2584,64777,2817,80683,155,4147,4243,55819,1308,48920,4399,104739,California
Monterey,2021-03-20,3385,152992,434,65211,2257,82940,694,4841,2288,57708,1093,50013,2982,107721,California
Monterey,2021-03-21,644,153636,213,65424,422,83362,9,4850,568,58211,73,50086,576,108297,California
Monterey,2021-03-22,2515,156151,1456,66880,996,84358,63,4913,2292,60345,219,50305,2353,110650,California
Monterey,2021-03-23,4079,160230,2400,69280,1636,85994,43,4956,2591,61497,1482,51787,2634,113284,California
Monterey,2021-03-24,5220,165450,2196,71476,2706,88700,318,5274,3841,64277,1376,53163,4156,117440,California
Monterey,2021-03-25,5372,170822,1247,72723,3764,92464,361,5635,2698,64673,2664,55827,3060,120500,California
Monterey,2021-03-26,5529,176351,2665,75388,2786,95250,78,5713,2847,64929,2671,58498,2927,123427,California
Monterey,2021-03-27,4991,181342,1547,76935,3186,98436,258,5971,3170,66541,1818,60316,3430,126857,California
Monterey,2021-03-28,1134,182476,354,77289,771,99207,9,5980,638,66698,490,60806,647,127504,California
Monterey,2021-03-29,3265,185741,1438,78727,1813,101020,14,5994,2030,67520,1227,62033,2049,129553,California
Monterey,2021-03-30,4592,190333,2150,80877,2388,103408,54,6048,2804,68603,1778,63811,2861,132414,California
Monterey,2021-03-31,5529,195862,2477,83354,2252,105660,800,6848,3509,70886,2017,65828,4300,136714,California
Monterey,2021-04-01,6269,202131,2101,85455,3755,109415,413,7261,3158,71356,3096,68924,3566,140280,California
Monterey,2021-04-02,4786,206917,2229,87684,2485,111900,72,7333,3207,73063,1576,70500,3283,143563,California
Monterey,2021-04-03,6004,212921,1141,88825,3805,115705,1058,8391,1248,70615,4747,75247,2299,145862,California
Monterey,2021-04-04,786,213707,172,88997,601,116306,13,8404,504,70853,282,75529,520,146382,California
Monterey,2021-04-05,4045,217752,2498,91495,1310,117616,237,8641,1501,70050,2539,78068,1736,148118,California
Monterey,2021-04-06,3511,221263,1375,92870,1657,119273,479,9120,1211,69441,2297,80365,1688,149806,California
Monterey,2021-04-07,5736,226999,1417,94287,3795,123068,524,9644,2732,69699,2993,83358,3251,153057,California
Monterey,2021-04-08,6831,233830,3592,97879,2412,125480,827,10471,3384,70470,3441,86799,4212,157269,California
Monterey,2021-04-09,5832,239662,3476,101355,1709,127189,647,11118,2329,69942,3500,90299,2972,160241,California
Monterey,2021-04-10,10334,249996,5008,106363,3131,130320,2195,13313,5040,71890,5283,95582,7231,167472,California
Monterey,2021-04-11,5578,255574,4389,110752,577,130897,612,13925,4519,75962,1053,96635,5125,172597,California
Monterey,2021-04-12,4200,259774,1903,112655,1967,132864,330,14255,971,74173,3090,99725,1301,173898,California
Monterey,2021-04-13,3270,263044,757,113412,2508,135372,5,14260,1575,74078,1677,101402,1582,175480,California
Monterey,2021-04-14,6980,270024,3252,116664,3725,139097,3,14263,1892,70906,5068,106470,1896,177376,California
Monterey,2021-04-15,5977,276001,3946,120610,2031,141128,0,14263,3894,72748,2054,108524,3896,181272,California
Monterey,2021-04-16,4993,280994,2542,123152,2440,143568,11,14274,2330,72439,2651,111175,2342,183614,California
Monterey,2021-04-17,5809,286803,1374,124526,4435,148003,0,14274,3748,74140,2047,113222,3748,187362,California
Monterey,2021-04-18,856,287659,264,124790,592,148595,0,14274,240,73768,612,113834,240,187602,California
Monterey,2021-04-19,3767,291426,1307,126097,2460,151055,0,14274,1791,73591,1968,115802,1791,189393,California
Monterey,2021-04-20,3907,295333,1622,127719,2285,153340,0,14274,1600,72909,2283,118085,1601,190994,California
Monterey,2021-04-21,6081,301414,3289,131008,2792,156132,0,14274,2944,72755,3100,121185,2946,193940,California
Monterey,2021-04-22,4905,306319,1077,132085,3828,159960,0,14274,2028,71948,2835,124020,2028,195968,California
Monterey,2021-04-23,5694,312013,2657,134742,3036,162996,1,14275,2254,70787,3421,127441,2260,198228,California
Monterey,2021-04-24,4343,316356,598,135340,3745,166741,0,14275,1565,69593,2759,130200,1565,199793,California
Monterey,2021-04-25,1256,317612,625,135965,631,167372,0,14275,802,69951,444,130644,802,200595,California
Monterey,2021-04-26,3776,321388,2226,138191,1533,168905,17,14292,1002,68221,2749,133393,1019,201614,California
Monterey,2021-04-27,2908,324296,951,139142,1817,170722,140,14432,1248,67952,1656,135049,1387,203001,California
Monterey,2021-04-28,3705,328001,1422,140564,2130,172852,153,14585,2292,68993,1399,136448,2440,205441,California
Monterey,2021-04-29,4610,332611,2492,143056,2042,174894,76,14661,1691,67854,2907,139355,1768,207209,California
Monterey,2021-04-30,3232,335843,1673,144729,1484,176378,75,14736,820,66345,2402,141757,893,208102,California
Monterey,2021-05-01,5672,341515,4275,149004,1356,177734,41,14777,692,62117,4959,146716,731,208833,California
Monterey,2021-05-02,4400,345915,3969,152973,404,178138,27,14804,308,58374,4078,150794,335,209168,California
Monterey,2021-05-03,2562,348477,1583,154556,863,179001,116,14920,599,57136,1953,152747,715,209883,California
Monterey,2021-05-04,1842,350319,640,155196,1110,180111,92,15012,653,56707,1175,153922,746,210629,California
Monterey,2021-05-05,3391,353710,1246,156442,2059,182170,86,15098,1074,55562,2306,156228,1161,211790,California
Monterey,2021-05-06,4234,357944,2779,159221,1234,183404,221,15319,1143,53852,3074,159302,1364,213154,California
Monterey,2021-05-07,2048,359992,1022,160243,925,184329,101,15420,704,53320,1336,160638,804,213958,California
Monterey,2021-05-08,2625,362617,1388,161631,914,185243,323,15743,938,52904,1676,162314,1260,215218,California
Monterey,2021-05-09,404,363021,122,161753,256,185499,26,15769,145,52817,258,162572,171,215389,California
Monterey,2021-05-10,2819,365840,2073,163826,696,186195,50,15819,527,51114,2281,164853,578,215967,California
Monterey,2021-05-11,1893,367733,972,164798,841,187036,80,15899,775,50865,1105,165958,856,216823,California
Monterey,2021-05-12,3918,371651,2075,166873,1757,188793,86,15985,869,48786,3035,168993,956,217779,California
Monterey,2021-05-13,2622,374273,1536,168409,1030,189823,56,16041,1506,49242,1104,170097,1560,219339,California
Monterey,2021-05-14,1835,376108,539,168948,1195,191018,101,16142,729,48974,1097,171194,829,220168,California
Monterey,2021-05-15,3376,379484,828,169776,2281,193299,267,16409,955,47784,2408,173602,1218,221386,California
Monterey,2021-05-16,921,380405,563,170339,284,193583,74,16483,232,47406,683,174285,305,221691,California
Monterey,2021-05-17,2217,382622,1311,171650,826,194409,80,16563,1038,47357,1167,175452,1118,222809,California
Monterey,2021-05-18,1787,384409,713,172363,1028,195437,46,16609,827,47281,951,176403,875,223684,California
Monterey,2021-05-19,3679,388088,2384,174747,1206,196643,89,16698,1959,47618,1713,178116,2050,225734,California
Monterey,2021-05-20,2825,390913,1010,175757,1705,198348,110,16808,958,46836,1853,179969,1071,226805,California
Monterey,2021-05-21,3301,394214,1338,177095,1869,200217,94,16902,1038,45717,2250,182219,1131,227936,California
Monterey,2021-05-22,2139,396353,740,177835,1118,201335,281,17183,808,45482,1322,183541,1087,229023,California
Monterey,2021-05-23,842,397195,488,178323,338,201673,16,17199,483,45628,353,183894,499,229522,California
Monterey,2021-05-24,1684,398879,504,178827,1120,202793,60,17259,541,45091,1139,185033,602,230124,California
Monterey,2021-05-25,1459,400338,559,179386,831,203624,69,17328,572,44863,870,185903,642,230766,California
Monterey,2021-05-26,2713,403051,1055,180441,1604,205228,54,17382,1030,44283,1666,187569,1086,231852,California
Monterey,2021-05-27,2502,405553,1364,181805,1080,206308,58,17440,902,43661,1583,189152,961,232813,California
Monterey,2021-05-28,1741,407294,576,182381,1105,207413,60,17500,762,43516,968,190120,823,233636,California
Monterey,2021-05-29,982,408276,631,183012,321,207734,30,17530,412,43393,565,190685,442,234078,California
Monterey,2021-05-30,383,408659,164,183176,204,207938,15,17545,147,43320,235,190920,162,234240,California
Monterey,2021-05-31,185,408844,32,183208,144,208082,9,17554,53,43250,132,191052,62,234302,California
Monterey,2021-06-01,1733,410577,935,184143,665,208747,133,17687,549,42759,1169,192221,678,234980,California
Monterey,2021-06-02,1702,412279,981,185124,670,209417,51,17738,716,42545,981,193202,767,235747,California
Monterey,2021-06-03,2243,414522,1427,186551,780,210197,36,17774,570,41486,1664,194866,605,236352,California
Monterey,2021-06-04,1335,415857,696,187247,606,210803,33,17807,559,41309,769,195635,592,236944,California
Monterey,2021-06-05,1689,417546,852,188099,692,211495,145,17952,471,40715,1209,196844,615,237559,California
Monterey,2021-06-06,505,418051,419,188518,77,211572,9,17961,305,40829,199,197043,313,237872,California
Monterey,2021-06-07,935,418986,491,189009,401,211973,43,18004,396,40738,528,197571,437,238309,California
Monterey,2021-06-08,1181,420167,745,189754,412,212385,24,18028,423,40437,747,198318,446,238755,California
Monterey,2021-06-09,2610,422777,2036,191790,452,212837,122,18150,554,39060,2052,200370,675,239430,California
Monterey,2021-06-10,1168,423945,748,192538,360,213197,60,18210,421,38798,741,201111,479,239909,California
Monterey,2021-06-11,669,424614,311,192849,307,213504,51,18261,180,38543,483,201594,228,240137,California
Napa,2020-12-16,12,12,12,12,0,0,0,0,12,12,0,0,12,12,California
Napa,2020-12-17,47,59,47,59,0,0,0,0,47,59,0,0,47,59,California
Napa,2020-12-18,103,162,103,162,0,0,0,0,103,162,0,0,103,162,California
Napa,2020-12-19,223,385,223,385,0,0,0,0,223,385,0,0,223,385,California
Napa,2020-12-20,192,577,192,577,0,0,0,0,192,577,0,0,192,577,California
Napa,2020-12-21,318,895,318,895,0,0,0,0,319,896,0,0,319,896,California
Napa,2020-12-22,339,1234,330,1225,9,9,0,0,339,1235,0,0,339,1235,California
Napa,2020-12-23,440,1674,328,1553,112,121,0,0,440,1675,0,0,440,1675,California
Napa,2020-12-24,141,1815,79,1632,62,183,0,0,141,1816,0,0,141,1816,California
Napa,2020-12-25,1,1816,1,1633,0,183,0,0,1,1817,0,0,1,1817,California
Napa,2020-12-26,39,1855,11,1644,28,211,0,0,39,1856,0,0,39,1856,California
Napa,2020-12-27,31,1886,16,1660,15,226,0,0,31,1887,0,0,31,1887,California
Napa,2020-12-28,254,2140,187,1847,67,293,0,0,281,2168,0,0,281,2168,California
Napa,2020-12-29,275,2415,219,2066,56,349,0,0,308,2476,0,0,308,2476,California
Napa,2020-12-30,640,3055,490,2556,150,499,0,0,648,3124,0,0,648,3124,California
Napa,2020-12-31,460,3515,373,2929,87,586,0,0,460,3584,0,0,460,3584,California
Napa,2021-01-01,1,3516,1,2930,0,586,0,0,1,3585,0,0,1,3585,California
Napa,2021-01-02,97,3613,92,3022,5,591,0,0,97,3682,0,0,97,3682,California
Napa,2021-01-03,14,3627,12,3034,2,593,0,0,9,3691,0,0,9,3691,California
Napa,2021-01-04,108,3735,64,3098,44,637,0,0,108,3799,0,0,108,3799,California
Napa,2021-01-05,164,3899,87,3185,77,714,0,0,147,3922,24,24,147,3946,California
Napa,2021-01-06,464,4363,115,3300,349,1063,0,0,398,4256,64,88,398,4344,California
Napa,2021-01-07,505,4868,241,3541,264,1327,0,0,398,4548,106,194,398,4742,California
Napa,2021-01-08,444,5312,228,3769,216,1543,0,0,259,4623,184,378,259,5001,California
Napa,2021-01-09,329,5641,303,4072,26,1569,0,0,191,4676,138,516,191,5192,California
Napa,2021-01-10,184,5825,101,4173,83,1652,0,0,107,4706,77,593,107,5299,California
Napa,2021-01-11,886,6711,430,4603,456,2108,0,0,508,4837,379,972,510,5809,California
Napa,2021-01-12,1329,8040,378,4981,951,3059,0,0,1008,5524,321,1293,1008,6817,California
Napa,2021-01-13,1318,9358,268,5249,1050,4109,0,0,1153,6514,164,1457,1154,7971,California
Napa,2021-01-14,1055,10413,170,5419,885,4994,0,0,938,7337,115,1572,938,8909,California
Napa,2021-01-15,1471,11884,390,5809,1081,6075,0,0,1321,8501,158,1730,1322,10231,California
Napa,2021-01-16,359,12243,133,5942,226,6301,0,0,341,8824,18,1748,341,10572,California
Napa,2021-01-17,341,12584,177,6119,164,6465,0,0,331,9145,10,1758,331,10903,California
Napa,2021-01-18,1081,13665,196,6315,885,7350,0,0,990,10044,91,1849,990,11893,California
Napa,2021-01-19,1013,14678,410,6725,603,7953,0,0,768,10568,244,2093,768,12661,California
Napa,2021-01-20,834,15512,190,6915,644,8597,0,0,646,11028,186,2279,646,13307,California
Napa,2021-01-21,1328,16840,364,7279,964,9561,0,0,1073,11848,254,2533,1074,14381,California
Napa,2021-01-22,1547,18387,415,7694,1132,10693,0,0,1218,12739,328,2861,1219,15600,California
Napa,2021-01-23,402,18789,320,8014,82,10775,0,0,338,13013,64,2925,338,15938,California
Napa,2021-01-24,263,19052,186,8200,77,10852,0,0,205,13160,58,2983,205,16143,California
Napa,2021-01-25,1527,20579,229,8429,1298,12150,0,0,1437,14507,90,3073,1437,17580,California
Napa,2021-01-26,876,21455,282,8711,594,12744,0,0,782,15196,94,3167,783,18363,California
Napa,2021-01-27,631,22086,222,8933,409,13153,0,0,468,15501,164,3331,469,18832,California
Napa,2021-01-28,390,22476,176,9109,214,13367,0,0,197,15507,191,3522,197,19029,California
Napa,2021-01-29,261,22737,64,9173,197,13564,0,0,166,15578,95,3617,166,19195,California
Napa,2021-01-30,823,23560,710,9883,113,13677,0,0,654,16063,169,3786,654,19849,California
Napa,2021-01-31,696,24256,664,10547,32,13709,0,0,673,16713,23,3809,673,20522,California
Napa,2021-02-01,325,24581,113,10660,212,13921,0,0,165,16718,160,3969,165,20687,California
Napa,2021-02-02,613,25194,282,10942,331,14252,0,0,300,16708,310,4279,300,20987,California
Napa,2021-02-03,744,25938,309,11251,435,14687,0,0,429,16823,314,4593,429,21416,California
Napa,2021-02-04,788,26726,373,11624,415,15102,0,0,438,16913,348,4941,438,21854,California
Napa,2021-02-05,714,27440,309,11933,405,15507,0,0,340,16879,374,5315,340,22194,California
Napa,2021-02-06,437,27877,144,12077,293,15800,0,0,331,17104,106,5421,331,22525,California
Napa,2021-02-07,176,28053,163,12240,13,15813,0,0,69,17066,107,5528,69,22594,California
Napa,2021-02-08,838,28891,191,12431,647,16460,0,0,275,16780,561,6089,275,22869,California
Napa,2021-02-09,1089,29980,451,12882,638,17098,0,0,441,16574,647,6736,441,23310,California
Napa,2021-02-10,1735,31715,192,13074,1543,18641,0,0,453,15749,1279,8015,454,23764,California
Napa,2021-02-11,1487,33202,184,13258,1303,19944,0,0,400,15075,1074,9089,400,24164,California
Napa,2021-02-12,2156,35358,838,14096,1318,21262,0,0,716,14355,1436,10525,716,24880,California
Napa,2021-02-13,510,35868,55,14151,455,21717,0,0,321,14487,189,10714,321,25201,California
Napa,2021-02-14,332,36200,69,14220,263,21980,0,0,171,14497,161,10875,171,25372,California
Napa,2021-02-15,885,37085,183,14403,702,22682,0,0,229,14072,654,11529,229,25601,California
Napa,2021-02-16,1289,38374,596,14999,693,23375,0,0,616,14017,671,12200,616,26217,California
Napa,2021-02-17,1042,39416,525,15524,517,23892,0,0,474,13926,566,12766,475,26692,California
Napa,2021-02-18,1898,41314,478,16002,1420,25312,0,0,656,13343,1239,14005,656,27348,California
Napa,2021-02-19,1496,42810,589,16591,907,26219,0,0,682,13212,813,14818,682,28030,California
Napa,2021-02-20,867,43677,633,17224,234,26453,0,0,275,12895,592,15410,275,28305,California
Napa,2021-02-21,892,44569,824,18048,68,26521,0,0,193,12389,699,16109,193,28498,California
Napa,2021-02-22,476,45045,196,18244,280,26801,0,0,145,12203,331,16440,145,28643,California
Napa,2021-02-23,1152,46197,308,18552,844,27645,0,0,324,11699,828,17268,324,28967,California
Napa,2021-02-24,1163,47360,637,19189,526,28171,0,0,570,11678,591,17859,570,29537,California
Napa,2021-02-25,2586,49946,1245,20434,1341,29512,0,0,1872,12837,713,18572,1872,31409,California
Napa,2021-02-26,1551,51497,544,20978,1007,30519,0,0,616,12520,933,19505,616,32025,California
Napa,2021-02-27,1168,52665,427,21405,741,31260,0,0,908,13170,258,19763,908,32933,California
Napa,2021-02-28,724,53389,606,22011,118,31378,0,0,608,13664,114,19877,608,33541,California
Napa,2021-03-01,1174,54563,879,22890,295,31673,0,0,898,14287,275,20152,898,34439,California
Napa,2021-03-02,1510,56073,1052,23942,458,32131,0,0,1167,15112,342,20494,1167,35606,California
Napa,2021-03-03,1562,57635,688,24630,874,33005,0,0,1375,16301,186,20680,1375,36981,California
Napa,2021-03-04,1719,59354,792,25422,927,33932,0,0,1480,17545,236,20916,1480,38461,California
Napa,2021-03-05,1912,61266,787,26209,1121,35053,4,4,1494,18627,416,21332,1498,39959,California
Napa,2021-03-06,661,61927,292,26501,338,35391,31,35,549,19097,110,21442,580,40539,California
Napa,2021-03-07,508,62435,300,26801,193,35584,15,50,381,19367,126,21568,396,40935,California
Napa,2021-03-08,718,63153,337,27138,327,35911,54,104,540,19785,176,21744,594,41529,California
Napa,2021-03-09,1693,64846,611,27749,1036,36947,46,150,1252,20645,438,22182,1298,42827,California
Napa,2021-03-10,1502,66348,922,28671,486,37433,94,244,801,20840,697,22879,892,43719,California
Napa,2021-03-11,1887,68235,1065,29736,691,38124,131,375,995,21073,892,23771,1125,44844,California
Napa,2021-03-12,1507,69742,926,30662,491,38615,90,465,808,21274,697,24468,898,45742,California
Napa,2021-03-13,1177,70919,306,30968,847,39462,24,489,834,21791,341,24809,858,46600,California
Napa,2021-03-14,620,71539,336,31304,133,39595,151,640,208,21738,411,25220,358,46958,California
Napa,2021-03-15,964,72503,412,31716,482,40077,70,710,482,21810,480,25700,552,47510,California
Napa,2021-03-16,1853,74356,388,32104,1337,41414,128,838,1378,22845,472,26172,1507,49017,California
Napa,2021-03-17,2494,76850,1834,33938,482,41896,178,1016,1589,23708,904,27076,1767,50784,California
Napa,2021-03-18,2131,78981,939,34877,1179,43075,13,1029,1278,24149,850,27926,1291,52075,California
Napa,2021-03-19,1453,80434,879,35756,548,43623,26,1055,699,24123,751,28677,725,52800,California
Napa,2021-03-20,1009,81443,532,36288,324,43947,153,1208,382,24033,625,29302,535,53335,California
Napa,2021-03-21,711,82154,689,36977,20,43967,2,1210,218,23761,492,29794,220,53555,California
Napa,2021-03-22,1303,83457,1122,38099,169,44136,12,1222,439,23353,859,30653,451,54006,California
Napa,2021-03-23,1878,85335,1190,39289,672,44808,16,1238,992,23479,882,31535,1008,55014,California
Napa,2021-03-24,1701,87036,938,40227,754,45562,9,1247,811,23409,889,32424,819,55833,California
Napa,2021-03-25,1933,88969,1054,41281,825,46387,54,1301,766,23068,1161,33585,820,56653,California
Napa,2021-03-26,1317,90286,843,42124,468,46855,6,1307,590,22942,722,34307,596,57249,California
Napa,2021-03-27,934,91220,440,42564,467,47322,27,1334,298,22631,636,34943,325,57574,California
Napa,2021-03-28,490,91710,383,42947,100,47422,7,1341,180,22510,308,35251,187,57761,California
Napa,2021-03-29,1207,92917,878,43825,324,47746,5,1346,732,22773,474,35725,737,58498,California
Napa,2021-03-30,2794,95711,931,44756,1859,49605,4,1350,1967,23917,827,36552,1971,60469,California
Napa,2021-03-31,1985,97696,968,45724,947,50552,70,1420,810,23623,1172,37724,878,61347,California
Napa,2021-04-01,1755,99451,842,46566,797,51349,116,1536,484,22958,1264,38988,599,61946,California
Napa,2021-04-02,1877,101328,845,47411,891,52240,141,1677,480,22184,1394,40382,620,62566,California
Napa,2021-04-03,639,101967,370,47781,212,52452,57,1734,211,22024,427,40809,267,62833,California
Napa,2021-04-04,356,102323,143,47924,155,52607,58,1792,122,21971,233,41042,180,63013,California
Napa,2021-04-05,1274,103597,757,48681,297,52904,220,2012,568,22055,704,41746,788,63801,California
Napa,2021-04-06,2247,105844,560,49241,1425,54329,262,2274,520,21112,1724,43470,781,64582,California
Napa,2021-04-07,1752,107596,711,49952,820,55149,221,2495,526,20637,1220,44690,745,65327,California
Napa,2021-04-08,1863,109459,1064,51016,424,55573,375,2870,958,21069,900,45590,1332,66659,California
Napa,2021-04-09,1559,111018,935,51951,319,55892,305,3175,681,21178,876,46466,985,67644,California
Napa,2021-04-10,1038,112056,342,52293,594,56486,102,3277,239,20720,798,47264,340,67984,California
Napa,2021-04-11,386,112442,302,52595,62,56548,22,3299,159,20674,227,47491,181,68165,California
Napa,2021-04-12,791,113233,300,52895,366,56914,125,3424,290,20587,498,47989,411,68576,California
Napa,2021-04-13,2573,115806,866,53761,1707,58621,0,3424,937,19894,1631,49620,938,69514,California
Napa,2021-04-14,2098,117904,983,54744,1115,59736,0,3424,1028,19861,1062,50682,1029,70543,California
Napa,2021-04-15,2052,119956,525,55269,1527,61263,0,3424,877,19569,1169,51851,877,71420,California
Napa,2021-04-16,2968,122924,1628,56897,1340,62603,0,3424,2249,21102,716,52567,2249,73669,California
Napa,2021-04-17,1131,124055,273,57170,858,63461,0,3424,831,21634,299,52866,831,74500,California
Napa,2021-04-18,269,124324,177,57347,92,63553,0,3424,118,21601,151,53017,118,74618,California
Napa,2021-04-19,610,124934,339,57686,271,63824,0,3424,263,21518,346,53363,263,74881,California
Napa,2021-04-20,3044,127978,2070,59756,974,64798,0,3424,2095,22667,947,54310,2096,76977,California
Napa,2021-04-21,2932,130910,2170,61926,762,65560,0,3424,1869,23480,1057,55367,1870,78847,California
Napa,2021-04-22,1725,132635,1202,63128,523,66083,0,3424,836,23432,884,56251,836,79683,California
Napa,2021-04-23,1638,134273,1257,64385,379,66462,2,3426,1158,24114,476,56727,1158,80841,California
Napa,2021-04-24,563,134836,317,64702,246,66708,0,3426,283,24120,277,57004,283,81124,California
Napa,2021-04-25,248,135084,190,64892,58,66766,0,3426,129,24131,118,57122,129,81253,California
Napa,2021-04-26,537,135621,283,65175,254,67020,0,3426,273,24145,259,57381,273,81526,California
Napa,2021-04-27,1773,137394,458,65633,1303,68323,12,3438,581,23550,1188,58569,593,82119,California
Napa,2021-04-28,1006,138400,461,66094,528,68851,17,3455,338,23239,666,59235,355,82474,California
Napa,2021-04-29,704,139104,348,66442,337,69188,19,3474,247,23054,450,59685,265,82739,California
Napa,2021-04-30,607,139711,306,66748,237,69425,64,3538,249,23009,357,60042,312,83051,California
Napa,2021-05-01,320,140031,264,67012,45,69470,11,3549,120,22940,200,60242,131,83182,California
Napa,2021-05-02,237,140268,192,67204,39,69509,6,3555,98,22906,138,60380,104,83286,California
Napa,2021-05-03,615,140883,494,67698,87,69596,34,3589,100,22531,510,60890,135,83421,California
Napa,2021-05-04,1132,142015,719,68417,302,69898,111,3700,299,22112,829,61719,410,83831,California
Napa,2021-05-05,1018,143033,688,69105,293,70191,37,3737,253,21640,762,62481,290,84121,California
Napa,2021-05-06,714,143747,318,69423,373,70564,23,3760,366,21690,339,62820,389,84510,California
Napa,2021-05-07,1408,145155,1185,70608,160,70724,63,3823,296,20957,1091,63911,358,84868,California
Napa,2021-05-08,252,145407,161,70769,80,70804,11,3834,87,20891,164,64075,98,84966,California
Napa,2021-05-09,108,145515,77,70846,31,70835,0,3834,51,20885,57,64132,51,85017,California
Napa,2021-05-10,414,145929,142,70988,253,71088,19,3853,103,20697,310,64442,122,85139,California
Napa,2021-05-11,2189,148118,1805,72793,359,71447,25,3878,374,19287,1809,66251,399,85538,California
Napa,2021-05-12,2200,150318,1378,74171,766,72213,56,3934,304,17756,1891,68142,360,85898,California
Napa,2021-05-13,1887,152205,1190,75361,656,72869,41,3975,817,17552,1063,69205,859,86757,California
Napa,2021-05-14,1916,154121,1148,76509,682,73551,86,4061,511,16751,1399,70604,598,87355,California
Napa,2021-05-15,1063,155184,357,76866,694,74245,12,4073,267,16238,793,71397,280,87635,California
Napa,2021-05-16,242,155426,162,77028,78,74323,2,4075,69,16136,173,71570,71,87706,California
Napa,2021-05-17,879,156305,350,77378,499,74822,30,4105,305,15959,512,72082,335,88041,California
Napa,2021-05-18,1048,157353,548,77926,443,75265,57,4162,502,15977,541,72623,559,88600,California
Napa,2021-05-19,935,158288,555,78481,350,75615,30,4192,504,16082,428,73051,533,89133,California
Napa,2021-05-20,644,158932,434,78915,179,75794,31,4223,392,16253,252,73303,423,89556,California
Napa,2021-05-21,505,159437,269,79184,204,75998,32,4255,215,16211,290,73593,248,89804,California
Napa,2021-05-22,449,159886,264,79448,177,76175,8,4263,190,16151,259,73852,199,90003,California
Napa,2021-05-23,390,160276,345,79793,34,76209,11,4274,293,16358,97,73949,304,90307,California
Napa,2021-05-24,358,160634,177,79970,161,76370,20,4294,146,16313,211,74160,166,90473,California
Napa,2021-05-25,420,161054,175,80145,174,76544,71,4365,146,16256,273,74433,216,90689,California
Napa,2021-05-26,545,161599,354,80499,165,76709,26,4391,316,16372,226,74659,342,91031,California
Napa,2021-05-27,375,161974,163,80662,184,76893,28,4419,141,16307,234,74893,169,91200,California
Napa,2021-05-28,393,162367,206,80868,163,77056,24,4443,164,16268,225,75118,186,91386,California
Napa,2021-05-29,129,162496,79,80947,46,77102,4,4447,74,16292,54,75172,78,91464,California
Napa,2021-05-30,97,162593,60,81007,32,77134,5,4452,32,16266,63,75235,37,91501,California
Napa,2021-05-31,43,162636,17,81024,19,77153,7,4459,9,16248,34,75269,16,91517,California
Napa,2021-06-01,596,163232,309,81333,263,77416,24,4483,266,16213,324,75593,289,91806,California
Napa,2021-06-02,411,163643,243,81576,146,77562,22,4505,200,16226,209,75802,222,92028,California
Napa,2021-06-03,722,164365,435,82011,263,77825,24,4529,175,15879,544,76346,197,92225,California
Napa,2021-06-04,779,165144,601,82612,140,77965,38,4567,170,15480,607,76953,208,92433,California
Napa,2021-06-05,310,165454,252,82864,46,78011,12,4579,77,15338,231,77184,89,92522,California
Napa,2021-06-06,139,165593,121,82985,18,78029,0,4579,45,15289,94,77278,45,92567,California
Napa,2021-06-07,393,165986,285,83270,79,78108,29,4608,92,15109,301,77579,121,92688,California
Napa,2021-06-08,594,166580,466,83736,112,78220,16,4624,250,15034,341,77920,266,92954,California
Napa,2021-06-09,453,167033,373,84109,68,78288,12,4636,68,14731,383,78303,80,93034,California
Napa,2021-06-10,369,167402,303,84412,56,78344,10,4646,51,14474,318,78621,61,93095,California
Napa,2021-06-11,204,167606,122,84534,63,78407,19,4665,61,14411,143,78764,80,93175,California
Nevada,2020-12-16,3,3,3,3,0,0,0,0,3,3,0,0,3,3,California
Nevada,2020-12-17,6,9,6,9,0,0,0,0,6,9,0,0,6,9,California
Nevada,2020-12-18,58,67,58,67,0,0,0,0,58,67,0,0,58,67,California
Nevada,2020-12-19,55,122,55,122,0,0,0,0,55,122,0,0,55,122,California
Nevada,2020-12-20,15,137,15,137,0,0,0,0,15,137,0,0,15,137,California
Nevada,2020-12-21,69,206,69,206,0,0,0,0,69,206,0,0,69,206,California
Nevada,2020-12-22,90,296,88,294,2,2,0,0,90,296,0,0,90,296,California
Nevada,2020-12-23,242,538,209,503,33,35,0,0,242,538,0,0,242,538,California
Nevada,2020-12-24,14,552,11,514,3,38,0,0,14,552,0,0,14,552,California
Nevada,2020-12-25,3,555,3,517,0,38,0,0,3,555,0,0,3,555,California
Nevada,2020-12-26,7,562,5,522,2,40,0,0,7,562,0,0,7,562,California
Nevada,2020-12-27,92,654,91,613,1,41,0,0,92,654,0,0,92,654,California
Nevada,2020-12-28,173,827,93,706,80,121,0,0,173,827,0,0,173,827,California
Nevada,2020-12-29,101,928,71,777,30,151,0,0,101,928,0,0,101,928,California
Nevada,2020-12-30,88,1016,66,843,22,173,0,0,88,1016,0,0,88,1016,California
Nevada,2020-12-31,41,1057,8,851,33,206,0,0,41,1057,0,0,41,1057,California
Nevada,2021-01-01,2,1059,0,851,2,208,0,0,2,1059,0,0,2,1059,California
Nevada,2021-01-02,2,1061,1,852,1,209,0,0,2,1061,0,0,2,1061,California
Nevada,2021-01-03,132,1193,127,979,5,214,0,0,132,1193,0,0,132,1193,California
Nevada,2021-01-04,71,1264,43,1022,28,242,0,0,71,1264,0,0,71,1264,California
Nevada,2021-01-05,282,1546,131,1153,151,393,0,0,281,1544,1,1,281,1545,California
Nevada,2021-01-06,93,1639,43,1196,50,443,0,0,85,1621,8,9,85,1630,California
Nevada,2021-01-07,223,1862,46,1242,177,620,0,0,214,1828,8,17,215,1845,California
Nevada,2021-01-08,233,2095,132,1374,101,721,0,0,173,1942,60,77,174,2019,California
Nevada,2021-01-09,63,2158,56,1430,7,728,0,0,14,1907,49,126,14,2033,California
Nevada,2021-01-10,20,2178,10,1440,10,738,0,0,11,1909,9,135,11,2044,California
Nevada,2021-01-11,191,2369,132,1572,59,797,0,0,62,1842,129,264,62,2106,California
Nevada,2021-01-12,600,2969,453,2025,147,944,0,0,534,2310,66,330,534,2640,California
Nevada,2021-01-13,271,3240,153,2178,118,1062,0,0,133,2305,138,468,133,2773,California
Nevada,2021-01-14,245,3485,125,2303,120,1182,0,0,227,2515,17,485,227,3000,California
Nevada,2021-01-15,406,3891,171,2474,235,1417,0,0,306,2721,100,585,306,3306,California
Nevada,2021-01-16,325,4216,17,2491,308,1725,0,0,319,3034,6,591,319,3625,California
Nevada,2021-01-17,43,4259,39,2530,4,1729,0,0,40,3071,3,594,40,3665,California
Nevada,2021-01-18,157,4416,47,2577,110,1839,0,0,144,3202,13,607,144,3809,California
Nevada,2021-01-19,256,4672,95,2672,161,2000,0,0,234,3414,22,629,234,4043,California
Nevada,2021-01-20,278,4950,164,2836,114,2114,0,0,264,3664,14,643,264,4307,California
Nevada,2021-01-21,349,5299,205,3041,144,2258,0,0,335,3985,14,657,335,4642,California
Nevada,2021-01-22,380,5679,235,3276,145,2403,0,0,347,4299,33,690,347,4989,California
Nevada,2021-01-23,185,5864,106,3382,79,2482,0,0,185,4484,0,690,185,5174,California
Nevada,2021-01-24,113,5977,101,3483,12,2494,0,0,73,4517,40,730,73,5247,California
Nevada,2021-01-25,262,6239,129,3612,133,2627,0,0,198,4651,64,794,198,5445,California
Nevada,2021-01-26,421,6660,151,3763,270,2897,0,0,315,4860,106,900,315,5760,California
Nevada,2021-01-27,442,7102,265,4028,177,3074,0,0,416,5250,26,926,416,6176,California
Nevada,2021-01-28,489,7591,330,4358,159,3233,0,0,439,5640,49,975,439,6615,California
Nevada,2021-01-29,618,8209,400,4758,218,3451,0,0,590,6204,27,1002,591,7206,California
Nevada,2021-01-30,251,8460,119,4877,132,3583,0,0,248,6449,3,1005,248,7454,California
Nevada,2021-01-31,111,8571,93,4970,18,3601,0,0,107,6554,3,1008,108,7562,California
Nevada,2021-02-01,292,8863,75,5045,217,3818,0,0,278,6818,14,1022,278,7840,California
Nevada,2021-02-02,539,9402,192,5237,347,4165,0,0,334,6947,205,1227,334,8174,California
Nevada,2021-02-03,821,10223,563,5800,258,4423,0,0,762,7651,58,1285,762,8936,California
Nevada,2021-02-04,771,10994,398,6198,373,4796,0,0,517,7915,253,1538,517,9453,California
Nevada,2021-02-05,684,11678,386,6584,298,5094,0,0,487,8207,195,1733,487,9940,California
Nevada,2021-02-06,281,11959,92,6676,189,5283,0,0,253,8432,28,1761,253,10193,California
Nevada,2021-02-07,294,12253,236,6912,58,5341,0,0,233,8604,61,1822,233,10426,California
Nevada,2021-02-08,686,12939,418,7330,268,5609,0,0,578,9074,108,1930,578,11004,California
Nevada,2021-02-09,636,13575,363,7693,273,5882,0,0,489,9416,147,2077,489,11493,California
Nevada,2021-02-10,669,14244,336,8029,333,6215,0,0,441,9630,228,2305,442,11935,California
Nevada,2021-02-11,917,15161,524,8553,393,6608,0,0,580,9874,336,2641,580,12515,California
Nevada,2021-02-12,985,16146,453,9006,532,7140,0,0,652,10196,330,2971,652,13167,California
Nevada,2021-02-13,654,16800,256,9262,398,7538,0,0,412,10371,238,3209,413,13580,California
Nevada,2021-02-14,247,17047,132,9394,115,7653,0,0,213,10550,34,3243,213,13793,California
Nevada,2021-02-15,733,17780,448,9842,285,7938,0,0,559,10935,174,3417,559,14352,California
Nevada,2021-02-16,659,18439,225,10067,434,8372,0,0,484,11245,174,3591,484,14836,California
Nevada,2021-02-17,1223,19662,796,10863,427,8799,0,0,882,11786,341,3932,882,15718,California
Nevada,2021-02-18,1041,20703,574,11437,467,9266,0,0,617,11982,421,4353,617,16335,California
Nevada,2021-02-19,1040,21743,653,12090,387,9653,0,0,665,12275,373,4726,666,17001,California
Nevada,2021-02-20,318,22061,118,12208,200,9853,0,0,178,12314,139,4865,178,17179,California
Nevada,2021-02-21,107,22168,97,12305,10,9863,0,0,8,12226,96,4961,8,17187,California
Nevada,2021-02-22,508,22676,341,12646,167,10030,0,0,357,12433,150,5111,357,17544,California
Nevada,2021-02-23,508,23184,245,12891,263,10293,0,0,225,12378,280,5391,225,17769,California
Nevada,2021-02-24,489,23673,251,13142,238,10531,0,0,256,12404,232,5623,258,18027,California
Nevada,2021-02-25,893,24566,493,13635,400,10931,0,0,443,12399,448,6071,443,18470,California
Nevada,2021-02-26,1284,25850,894,14529,390,11321,0,0,446,12010,835,6906,446,18916,California
Nevada,2021-02-27,393,26243,123,14652,270,11591,0,0,207,12031,186,7092,207,19123,California
Nevada,2021-02-28,327,26570,198,14850,129,11720,0,0,141,11987,185,7277,141,19264,California
Nevada,2021-03-01,862,27432,451,15301,411,12131,0,0,380,11888,479,7756,380,19644,California
Nevada,2021-03-02,768,28200,309,15610,459,12590,0,0,521,12167,242,7998,521,20165,California
Nevada,2021-03-03,1006,29206,510,16120,495,13085,1,1,519,12203,485,8483,521,20686,California
Nevada,2021-03-04,1146,30352,634,16754,512,13597,0,1,485,12031,657,9140,485,21171,California
Nevada,2021-03-05,882,31234,500,17254,372,13969,10,11,395,11951,485,9625,405,21576,California
Nevada,2021-03-06,379,31613,132,17386,220,14189,27,38,150,11898,229,9854,176,21752,California
Nevada,2021-03-07,220,31833,115,17501,85,14274,20,58,72,11842,148,10002,92,21844,California
Nevada,2021-03-08,847,32680,567,18068,232,14506,48,106,379,11803,467,10469,428,22272,California
Nevada,2021-03-09,821,33501,421,18489,345,14851,55,161,465,11969,353,10822,519,22791,California
Nevada,2021-03-10,1035,34536,666,19155,311,15162,58,219,347,11691,682,11504,404,23195,California
Nevada,2021-03-11,1135,35671,736,19891,372,15534,27,246,550,11691,577,12081,577,23772,California
Nevada,2021-03-12,1234,36905,736,20627,467,16001,31,277,510,11511,720,12801,540,24312,California
Nevada,2021-03-13,302,37207,58,20685,238,16239,6,283,116,11447,184,12985,120,24432,California
Nevada,2021-03-14,164,37371,26,20711,132,16371,6,289,36,11361,128,13113,42,24474,California
Nevada,2021-03-15,872,38243,469,21180,391,16762,12,301,366,11236,503,13616,378,24852,California
Nevada,2021-03-16,1003,39246,468,21648,473,17235,62,363,642,11580,359,13975,703,25555,California
Nevada,2021-03-17,1029,40275,455,22103,564,17799,10,373,583,11730,443,14418,593,26148,California
Nevada,2021-03-18,1003,41278,547,22650,434,18233,22,395,489,11731,510,14928,511,26659,California
Nevada,2021-03-19,768,42046,451,23101,280,18513,37,432,369,11742,395,15323,406,27065,California
Nevada,2021-03-20,836,42882,95,23196,305,18818,436,868,230,11805,599,15922,662,27727,California
Nevada,2021-03-21,65,42947,36,23232,28,18846,1,869,46,11834,18,15940,47,27774,California
Nevada,2021-03-22,818,43765,526,23758,287,19133,5,874,542,12108,273,16213,547,28321,California
Nevada,2021-03-23,865,44630,397,24155,442,19575,26,900,623,12518,239,16452,649,28970,California
Nevada,2021-03-24,1036,45666,556,24711,473,20048,7,907,648,12792,380,16832,654,29624,California
Nevada,2021-03-25,931,46597,477,25188,426,20474,28,935,505,12900,424,17256,532,30156,California
Nevada,2021-03-26,1189,47786,463,25651,686,21160,40,975,838,13428,349,17605,877,31033,California
Nevada,2021-03-27,586,48372,71,25722,499,21659,16,991,389,13636,197,17802,405,31438,California
Nevada,2021-03-28,195,48567,51,25773,131,21790,13,1004,39,13535,153,17955,52,31490,California
Nevada,2021-03-29,850,49417,507,26280,321,22111,22,1026,381,13471,466,18421,402,31892,California
Nevada,2021-03-30,1076,50493,486,26766,556,22667,34,1060,492,13421,576,18997,526,32418,California
Nevada,2021-03-31,1197,51690,666,27432,514,23181,17,1077,687,13623,501,19498,703,33121,California
Nevada,2021-04-01,1256,52946,727,28159,477,23658,52,1129,556,13540,691,20189,608,33729,California
Nevada,2021-04-02,1319,54265,667,28826,618,24276,34,1163,791,13841,524,20713,825,34554,California
Nevada,2021-04-03,305,54570,94,28920,174,24450,37,1200,90,13754,214,20927,127,34681,California
Nevada,2021-04-04,136,54706,45,28965,84,24534,7,1207,80,13785,56,20983,87,34768,California
Nevada,2021-04-05,952,55658,630,29595,301,24835,21,1228,629,14115,319,21302,649,35417,California
Nevada,2021-04-06,1095,56753,674,30269,275,25110,146,1374,452,14076,636,21938,597,36014,California
Nevada,2021-04-07,1170,57923,832,31101,251,25361,87,1461,628,14255,535,22473,714,36728,California
Nevada,2021-04-08,1310,59233,905,32006,314,25675,91,1552,716,14473,589,23062,807,37535,California
Nevada,2021-04-09,1281,60514,871,32877,336,26011,74,1626,851,14970,428,23490,925,38460,California
Nevada,2021-04-10,283,60797,81,32958,125,26136,77,1703,114,14993,168,23658,191,38651,California
Nevada,2021-04-11,103,60900,36,32994,63,26199,4,1707,38,14970,65,23723,42,38693,California
Nevada,2021-04-12,770,61670,556,33550,197,26396,17,1724,330,14882,435,24158,347,39040,California
Nevada,2021-04-13,901,62571,368,33918,533,26929,0,1724,470,14926,427,24585,471,39511,California
Nevada,2021-04-14,1071,63642,587,34505,484,27413,0,1724,538,14938,526,25111,538,40049,California
Nevada,2021-04-15,1097,64739,716,35221,381,27794,0,1724,628,15109,457,25568,628,40677,California
Nevada,2021-04-16,919,65658,708,35929,211,28005,0,1724,529,15250,388,25956,529,41206,California
Nevada,2021-04-17,192,65850,50,35979,142,28147,0,1724,78,15216,112,26068,78,41284,California
Nevada,2021-04-18,193,66043,22,36001,171,28318,0,1724,106,15235,87,26155,106,41390,California
Nevada,2021-04-19,778,66821,499,36500,279,28597,0,1724,318,15102,451,26606,318,41708,California
Nevada,2021-04-20,796,67617,316,36816,480,29077,0,1724,306,14925,483,27089,306,42014,California
Nevada,2021-04-21,917,68534,505,37321,412,29489,0,1724,283,14583,625,27714,283,42297,California
Nevada,2021-04-22,1006,69540,622,37943,384,29873,0,1724,342,14273,652,28366,342,42639,California
Nevada,2021-04-23,1231,70771,556,38499,675,30548,0,1724,398,13850,821,29187,398,43037,California
Nevada,2021-04-24,524,71295,77,38576,447,30995,0,1724,170,13668,352,29539,170,43207,California
Nevada,2021-04-25,123,71418,62,38638,56,31051,5,1729,57,13664,65,29604,61,43268,California
Nevada,2021-04-26,760,72178,576,39214,175,31226,9,1738,219,13361,531,30135,228,43496,California
Nevada,2021-04-27,837,73015,395,39609,437,31663,5,1743,421,13379,408,30543,426,43922,California
Nevada,2021-04-28,1003,74018,588,40197,410,32073,5,1748,387,13160,611,31154,392,44314,California
Nevada,2021-04-29,1031,75049,719,40916,308,32381,4,1752,293,12721,736,31890,297,44611,California
Nevada,2021-04-30,1259,76308,744,41660,506,32887,9,1761,210,11893,1047,32937,219,44830,California
Nevada,2021-05-01,151,76459,64,41724,83,32970,4,1765,66,11880,83,33020,70,44900,California
Nevada,2021-05-02,63,76522,31,41755,28,32998,4,1769,22,11865,41,33061,26,44926,California
Nevada,2021-05-03,620,77142,416,42171,185,33183,19,1788,184,11635,432,33493,202,45128,California
Nevada,2021-05-04,594,77736,176,42347,399,33582,19,1807,332,11728,258,33751,351,45479,California
Nevada,2021-05-05,747,78483,390,42737,343,33925,14,1821,323,11650,415,34166,337,45816,California
Nevada,2021-05-06,812,79295,566,43303,235,34160,11,1832,204,11266,599,34765,215,46031,California
Nevada,2021-05-07,888,80183,494,43797,358,34518,36,1868,194,10807,689,35454,230,46261,California
Nevada,2021-05-08,172,80355,18,43815,135,34653,19,1887,79,10813,92,35546,98,46359,California
Nevada,2021-05-09,43,80398,7,43822,34,34687,2,1889,19,10810,24,35570,21,46380,California
Nevada,2021-05-10,405,80803,259,44081,121,34808,25,1914,78,10587,326,35896,103,46483,California
Nevada,2021-05-11,512,81315,158,44239,338,35146,16,1930,129,10357,375,36271,145,46628,California
Nevada,2021-05-12,534,81849,240,44479,283,35429,11,1941,151,10144,375,36646,162,46790,California
Nevada,2021-05-13,842,82691,554,45033,278,35707,10,1951,429,10178,405,37051,439,47229,California
Nevada,2021-05-14,778,83469,580,45613,181,35888,17,1968,424,10269,350,37401,441,47670,California
Nevada,2021-05-15,180,83649,89,45702,84,35972,7,1975,87,10271,92,37493,94,47764,California
Nevada,2021-05-16,158,83807,51,45753,107,36079,0,1975,52,10217,106,37599,52,47816,California
Nevada,2021-05-17,502,84309,319,46072,152,36231,31,2006,218,10193,273,37872,249,48065,California
Nevada,2021-05-18,421,84730,255,46327,161,36392,5,2011,221,10220,198,38070,225,48290,California
Nevada,2021-05-19,495,85225,353,46680,137,36529,5,2016,254,10247,232,38302,259,48549,California
Nevada,2021-05-20,613,85838,358,47038,243,36772,12,2028,213,10077,395,38697,225,48774,California
Nevada,2021-05-21,513,86351,332,47370,170,36942,11,2039,224,10027,285,38982,235,49009,California
Nevada,2021-05-22,246,86597,38,47408,120,37062,88,2127,56,9981,190,39172,144,49153,California
Nevada,2021-05-23,51,86648,18,47426,33,37095,0,2127,17,9965,33,39205,17,49170,California
Nevada,2021-05-24,314,86962,219,47645,80,37175,15,2142,105,9879,206,39411,120,49290,California
Nevada,2021-05-25,345,87307,82,47727,250,37425,13,2155,85,9722,255,39666,98,49388,California
Nevada,2021-05-26,432,87739,184,47911,241,37666,7,2162,117,9538,308,39974,124,49512,California
Nevada,2021-05-27,437,88176,232,48143,184,37850,21,2183,184,9494,249,40223,205,49717,California
Nevada,2021-05-28,345,88521,218,48361,113,37963,14,2197,199,9564,143,40366,213,49930,California
Nevada,2021-05-29,65,88586,13,48374,52,38015,0,2197,41,9581,24,40390,41,49971,California
Nevada,2021-05-30,41,88627,19,48393,20,38035,2,2199,27,9596,14,40404,29,50000,California
Nevada,2021-05-31,6,88633,4,48397,0,38035,2,2201,2,9596,4,40408,4,50004,California
Nevada,2021-06-01,417,89050,128,48525,270,38305,19,2220,101,9409,307,40715,120,50124,California
Nevada,2021-06-02,399,89449,163,48688,229,38534,7,2227,103,9230,289,41004,110,50234,California
Nevada,2021-06-03,559,90008,399,49087,155,38689,5,2232,99,8879,455,41459,104,50338,California
Nevada,2021-06-04,537,90545,432,49519,101,38790,4,2236,109,8568,424,41883,113,50451,California
Nevada,2021-06-05,165,90710,66,49585,97,38887,2,2238,62,8531,101,41984,64,50515,California
Nevada,2021-06-06,52,90762,40,49625,12,38899,0,2238,12,8503,40,42024,12,50527,California
Nevada,2021-06-07,261,91023,194,49819,38,38937,29,2267,58,8392,198,42222,87,50614,California
Nevada,2021-06-08,280,91303,188,50007,80,39017,12,2279,63,8259,208,42430,75,50689,California
Nevada,2021-06-09,271,91574,183,50190,82,39099,6,2285,67,8133,199,42629,73,50762,California
Nevada,2021-06-10,225,91799,145,50335,72,39171,8,2293,49,8020,169,42798,56,50818,California
Nevada,2021-06-11,198,91997,153,50488,33,39204,12,2305,31,7896,166,42964,42,50860,California
Orange,2020-12-15,16,16,16,16,0,0,0,0,16,16,0,0,16,16,California
Orange,2020-12-16,389,405,389,405,0,0,0,0,389,405,0,0,389,405,California
Orange,2020-12-17,3752,4157,3752,4157,0,0,0,0,3751,4156,0,0,3751,4156,California
Orange,2020-12-18,5048,9205,5040,9197,8,8,0,0,5046,9201,1,1,5046,9202,California
Orange,2020-12-19,2226,11431,2219,11416,7,15,0,0,2225,11426,0,1,2225,11427,California
Orange,2020-12-20,1984,13415,1981,13397,3,18,0,0,1985,13411,0,1,1985,13412,California
Orange,2020-12-21,4271,17686,4265,17662,6,24,0,0,4271,17682,0,1,4271,17683,California
Orange,2020-12-22,3978,21664,3944,21606,34,58,0,0,3978,21660,0,1,3978,21661,California
Orange,2020-12-23,3586,25250,3222,24828,364,422,0,0,3587,25247,0,1,3587,25248,California
Orange,2020-12-24,1377,26627,1077,25905,300,722,0,0,1377,26624,0,1,1377,26625,California
Orange,2020-12-25,19,26646,14,25919,5,727,0,0,19,26643,0,1,19,26644,California
Orange,2020-12-26,995,27641,420,26339,575,1302,0,0,995,27638,0,1,995,27639,California
Orange,2020-12-27,583,28224,276,26615,307,1609,0,0,583,28221,0,1,583,28222,California
Orange,2020-12-28,3616,31840,2634,29249,982,2591,0,0,3616,31837,0,1,3616,31838,California
Orange,2020-12-29,3509,35349,2493,31742,1016,3607,0,0,3508,35344,1,2,3508,35346,California
Orange,2020-12-30,5115,40464,3541,35283,1574,5181,0,0,5115,40459,0,2,5115,40461,California
Orange,2020-12-31,1512,41976,810,36093,702,5883,0,0,1509,41965,3,5,1509,41970,California
Orange,2021-01-01,663,42639,363,36456,300,6183,0,0,661,42624,2,7,661,42631,California
Orange,2021-01-02,1357,43996,842,37298,515,6698,0,0,1357,43981,0,7,1357,43988,California
Orange,2021-01-03,580,44576,322,37620,258,6956,0,0,580,44561,0,7,580,44568,California
Orange,2021-01-04,2758,47334,1567,39187,1191,8147,0,0,2759,47319,1,8,2759,47327,California
Orange,2021-01-05,3543,50877,2305,41492,1238,9385,0,0,3131,50044,409,417,3134,50461,California
Orange,2021-01-06,5003,55880,3456,44948,1547,10932,0,0,3640,52333,1351,1768,3640,54101,California
Orange,2021-01-07,9293,65173,5178,50126,4115,15047,0,0,5709,54478,3570,5338,5715,59816,California
Orange,2021-01-08,9423,74596,5255,55381,4168,19215,0,0,5663,56397,3748,9086,5667,65483,California
Orange,2021-01-09,5028,79624,1748,57129,3280,22495,0,0,3745,58859,1283,10369,3745,69228,California
Orange,2021-01-10,4251,83875,1044,58173,3207,25702,0,0,3371,61355,879,11248,3375,72603,California
Orange,2021-01-11,9471,93346,4910,63083,4561,30263,0,0,5846,63575,3628,14876,5848,78451,California
Orange,2021-01-12,8945,102291,4832,67915,4113,34376,0,0,5471,65575,3472,18348,5472,83923,California
Orange,2021-01-13,10260,112551,4918,72833,5342,39718,0,0,7052,69429,3205,21553,7059,90982,California
Orange,2021-01-14,10020,122571,3797,76630,6223,45941,0,0,8422,76261,1596,23149,8428,99410,California
Orange,2021-01-15,10213,132784,2645,79275,7568,53509,0,0,9328,84703,892,24041,9334,108744,California
Orange,2021-01-16,8719,141503,2088,81363,6631,60140,0,0,8322,92636,395,24436,8328,117072,California
Orange,2021-01-17,8176,149679,1488,82851,6688,66828,0,0,8023,100516,153,24589,8033,125105,California
Orange,2021-01-18,9709,159388,4409,87260,5300,72128,0,0,7447,105704,2262,26851,7450,132555,California
Orange,2021-01-19,7540,166928,5467,92727,2073,74201,0,0,4905,107976,2634,29485,4906,137461,California
Orange,2021-01-20,8407,175335,5922,98649,2485,76686,0,0,5347,110274,3057,32542,5355,142816,California
Orange,2021-01-21,11042,186377,4922,103571,6120,82806,0,0,10212,119670,827,33369,10223,153039,California
Orange,2021-01-22,13719,200096,5173,108744,8546,91352,0,0,12850,131667,861,34230,12858,165897,California
Orange,2021-01-23,13156,213252,6192,114936,6964,98316,0,0,12220,142962,934,35164,12229,178126,California
Orange,2021-01-24,9826,223078,4289,119225,5537,103853,0,0,9492,152127,331,35495,9496,187622,California
Orange,2021-01-25,10439,233517,5850,125075,4589,108442,0,0,7697,157095,2734,38229,7702,195324,California
Orange,2021-01-26,11908,245425,7697,132772,4211,112653,0,0,9727,164650,2176,40405,9731,205055,California
Orange,2021-01-27,13485,258910,7988,140760,5497,118150,0,0,10755,172693,2718,43123,10761,215816,California
Orange,2021-01-28,13122,272032,7239,147999,5883,124033,0,0,11219,182034,1887,45010,11228,227044,California
Orange,2021-01-29,13705,285737,8504,156503,5201,129234,0,0,10789,189929,2898,47908,10793,237837,California
Orange,2021-01-30,13076,298813,4509,161012,8567,137801,0,0,12285,201443,774,48682,12288,250125,California
Orange,2021-01-31,13701,312514,4918,165930,8783,146584,0,0,13252,214260,443,49125,13260,263385,California
Orange,2021-02-01,14899,327413,6533,172463,8366,154950,0,0,12413,224220,2459,51584,12419,275804,California
Orange,2021-02-02,15049,342462,7972,180435,7077,162027,0,0,12573,234355,2442,54026,12577,288381,California
Orange,2021-02-03,16621,359083,12427,192862,4194,166221,0,0,13664,245148,2877,56903,13670,302051,California
Orange,2021-02-04,19975,379058,13080,205942,6895,173116,0,0,14863,254939,5080,61983,14871,316922,California
Orange,2021-02-05,20792,399850,12031,217973,8761,181877,0,0,14464,263127,6281,68264,14469,331391,California
Orange,2021-02-06,16408,416258,10852,228825,5556,187433,0,0,11128,269209,5265,73529,11347,342738,California
Orange,2021-02-07,11570,427828,8135,236960,3435,190868,0,0,7583,272991,3970,77499,7752,350490,California
Orange,2021-02-08,15084,442912,8688,245648,6396,197264,0,0,9035,276006,6021,83520,9036,359526,California
Orange,2021-02-09,17807,460719,12124,257772,5683,202947,0,0,10754,279786,6980,90500,10760,370286,California
Orange,2021-02-10,20933,481652,11196,268968,9737,212684,0,0,12719,284392,8122,98622,12728,383014,California
Orange,2021-02-11,22220,503872,11567,280535,10653,223337,0,0,12448,287220,9637,108259,12465,395479,California
Orange,2021-02-12,24909,528781,12007,292542,12902,236239,0,0,14650,291684,10192,118451,14656,410135,California
Orange,2021-02-13,22015,550796,11910,304452,10105,246344,0,0,11148,292763,10710,129161,11789,421924,California
Orange,2021-02-14,16191,566987,6543,310995,9648,255992,0,0,9548,295697,6615,135776,9549,431473,California
Orange,2021-02-15,17289,584276,7406,318401,9883,265875,0,0,8917,296298,8327,144103,8928,440401,California
Orange,2021-02-16,20005,604281,9005,327406,11000,276875,0,0,10777,297926,9174,153277,10802,451203,California
Orange,2021-02-17,17984,622265,9389,336795,8595,285470,0,0,9225,298479,8703,161980,9256,460459,California
Orange,2021-02-18,15068,637333,9889,346684,5179,290649,0,0,6818,297113,8194,170174,6828,467287,California
Orange,2021-02-19,18214,655547,10898,357582,7316,297965,0,0,6928,292824,11229,181403,6940,474227,California
Orange,2021-02-20,7547,663094,5634,363216,1913,299878,0,0,3790,292893,3732,185135,3801,478028,California
Orange,2021-02-21,4593,667687,3902,367118,691,300569,0,0,930,290203,3620,188755,930,478958,California
Orange,2021-02-22,9735,677422,7942,375060,1793,302362,0,0,3926,288369,5775,194530,3941,482899,California
Orange,2021-02-23,13382,690804,7334,382394,6048,308410,0,0,3509,282084,9806,204336,3521,486420,California
Orange,2021-02-24,21204,712008,12868,395262,8336,316746,0,0,5385,271736,15751,220087,5403,491823,California
Orange,2021-02-25,22773,734781,12334,407596,10439,327185,0,0,7994,265042,14704,234791,8010,499833,California
Orange,2021-02-26,27896,762677,14117,421713,13779,340964,0,0,11248,259804,16510,251301,11272,511105,California
Orange,2021-02-27,25162,787839,10234,431947,14925,355889,3,3,7314,249408,17728,269029,7332,518437,California
Orange,2021-02-28,19158,806997,7437,439384,11721,367610,0,3,4833,240058,14200,283229,4850,523287,California
Orange,2021-03-01,18734,825731,8547,447931,10174,377784,13,16,7265,235987,11364,294593,7293,530580,California
Orange,2021-03-02,19366,845097,9350,457281,10013,387797,3,19,9463,235635,9846,304439,9494,540074,California
Orange,2021-03-03,20847,865944,9855,467136,10987,398784,5,24,11171,237238,9593,314032,11196,551270,California
Orange,2021-03-04,22633,888577,13032,480168,9587,408371,14,38,11693,238072,10898,324930,11732,563002,California
Orange,2021-03-05,21141,909718,11038,491206,10056,418427,47,85,12969,243025,8124,333054,13077,576079,California
Orange,2021-03-06,24210,933928,13330,504536,10004,428431,876,961,12791,245344,11371,344425,13690,589769,California
Orange,2021-03-07,15298,949226,8586,513122,6300,434731,412,1373,8947,248413,6310,350735,9379,599148,California
Orange,2021-03-08,16804,966030,7744,520866,7745,442476,1315,2688,10791,254588,5957,356692,12132,611280,California
Orange,2021-03-09,21134,987164,9756,530622,8897,451373,2481,5169,12493,260959,8598,365290,14969,626249,California
Orange,2021-03-10,24852,1012016,12196,542818,9185,460558,3471,8640,12543,264720,12243,377533,16004,642253,California
Orange,2021-03-11,29113,1041129,15743,558561,9134,469692,4236,12876,13488,266913,15524,393057,17717,659970,California
Orange,2021-03-12,29469,1070598,14332,572893,11256,480948,3881,16757,14795,271025,14583,407640,18695,678665,California
Orange,2021-03-13,27913,1098511,10264,583157,13688,494636,3961,20718,14111,275353,13739,421379,18067,696732,California
Orange,2021-03-14,18948,1117459,8230,591387,8169,502805,2549,23267,11837,282645,7078,428457,14370,711102,California
Orange,2021-03-15,23134,1140593,10181,601568,12189,514994,764,24031,14419,289194,8625,437082,15174,726276,California
Orange,2021-03-16,26463,1167056,11173,612741,15059,530053,231,24262,17168,297386,9212,446294,17404,743680,California
Orange,2021-03-17,27401,1194457,13590,626331,13222,543275,589,24851,19473,309594,7849,454143,20057,763737,California
Orange,2021-03-18,27822,1222279,13970,640301,13575,556850,277,25128,21644,325411,6109,460252,21926,785663,California
Orange,2021-03-19,33645,1255924,18454,658755,14738,571588,453,25581,24956,342263,8570,468822,25422,811085,California
Orange,2021-03-20,25850,1281774,13606,672361,12035,583623,209,25790,22030,360754,3754,472576,22245,833330,California
Orange,2021-03-21,18560,1300334,10721,683082,7100,590723,739,26529,15757,374479,2769,475345,16494,849824,California
Orange,2021-03-22,22767,1323101,11791,694873,10658,601381,318,26847,19172,390485,3493,478838,19499,869323,California
Orange,2021-03-23,26058,1349159,13542,708415,11872,613253,644,27491,20682,406521,5293,484131,21329,890652,California
Orange,2021-03-24,29251,1378410,16360,724775,11963,625216,928,28419,22052,422398,7104,491235,22981,913633,California
Orange,2021-03-25,32507,1410917,17260,742035,14535,639751,712,29131,24266,439238,8138,499373,24978,938611,California
Orange,2021-03-26,34955,1445872,18150,760185,15935,655686,870,30001,24879,455033,9958,509331,25753,964364,California
Orange,2021-03-27,28532,1474404,13663,773848,14552,670238,317,30318,19790,466494,8647,517978,20108,984472,California
Orange,2021-03-28,24917,1499321,12946,786794,11903,682141,68,30386,18620,478969,6216,524194,18691,1003163,California
Orange,2021-03-29,26561,1525882,12156,798950,13838,695979,567,30953,17794,488668,8665,532859,18364,1021527,California
Orange,2021-03-30,30909,1556791,13970,812920,16307,712286,632,31585,20428,499341,10386,543245,21059,1042586,California
Orange,2021-03-31,37177,1593968,19522,832442,16940,729226,715,32300,23770,510542,13287,556532,24488,1067074,California
Orange,2021-04-01,40640,1634608,21342,853784,17418,746644,1880,34180,26232,524407,14233,570765,28098,1095172,California
Orange,2021-04-02,40183,1674791,20277,874061,18088,764732,1818,35998,22701,531557,17373,588138,24523,1119695,California
Orange,2021-04-03,30235,1705026,15738,889799,12753,777485,1744,37742,14277,531697,15871,604009,16011,1135706,California
Orange,2021-04-04,18477,1723503,10732,900531,6979,784464,766,38508,8159,530360,10258,614267,8921,1144627,California
Orange,2021-04-05,30061,1753564,14043,914574,12614,797078,3404,41912,13806,531386,16168,630435,17194,1161821,California
Orange,2021-04-06,33460,1787024,15649,930223,14378,811456,3433,45345,14361,530156,19002,649437,17772,1179593,California
Orange,2021-04-07,36215,1823239,20165,950388,11462,822918,4588,49933,15981,530550,20141,669578,20535,1200128,California
Orange,2021-04-08,39241,1862480,21727,972115,12040,834958,5474,55407,19035,534937,20089,689667,24476,1224604,California
Orange,2021-04-09,41097,1903577,23909,996024,11953,846911,5235,60642,18171,535496,22818,712485,23377,1247981,California
Orange,2021-04-10,34645,1938222,18324,1014348,12077,858988,4244,64886,14369,533902,20179,732664,18585,1266566,California
Orange,2021-04-11,25772,1963994,14591,1028939,7905,866893,3276,68162,9877,531197,15839,748503,13134,1279700,California
Orange,2021-04-12,30658,1994652,15505,1044444,11553,878446,3600,71762,12061,528309,18518,767021,15630,1295330,California
Orange,2021-04-13,32649,2027301,18394,1062838,14186,892632,69,71831,15196,526225,17378,784399,15294,1310624,California
Orange,2021-04-14,34835,2062136,20442,1083280,14357,906989,36,71867,15190,521919,19538,803937,15232,1325856,California
Orange,2021-04-15,40560,2102696,24701,1107981,15845,922834,14,71881,18864,519232,21579,825516,18892,1344748,California
Orange,2021-04-16,41463,2144159,24366,1132347,17069,939903,28,71909,18685,515380,22663,848179,18811,1363559,California
Orange,2021-04-17,30242,2174401,17118,1149465,13117,953020,7,71916,13229,511733,16886,865065,13239,1376798,California
Orange,2021-04-18,21474,2195875,13000,1162465,8474,961494,0,71916,8483,507284,12936,878001,8487,1385285,California
Orange,2021-04-19,32429,2228304,17921,1180386,14505,975999,3,71919,14905,504771,17426,895427,14913,1400198,California
Orange,2021-04-20,35210,2263514,18296,1198682,16908,992907,6,71925,17621,504896,17502,912929,17627,1417825,California
Orange,2021-04-21,40697,2304211,23449,1222131,17239,1010146,9,71934,19300,502926,21282,934211,19312,1437137,California
Orange,2021-04-22,39245,2343456,20725,1242856,18511,1028657,9,71943,16302,496433,22808,957019,16315,1453452,California
Orange,2021-04-23,40178,2383634,20800,1263656,19371,1048028,7,71950,17925,492236,22133,979152,17936,1471388,California
Orange,2021-04-24,31983,2415617,16719,1280375,15232,1063260,32,71982,13405,487183,18492,997644,13439,1484827,California
Orange,2021-04-25,22930,2438547,12940,1293315,9975,1073235,15,71997,9793,483922,13074,1010718,9813,1494640,California
Orange,2021-04-26,28646,2467193,13974,1307289,14476,1087711,196,72193,12408,480402,16124,1026842,12604,1507244,California
Orange,2021-04-27,31103,2498296,14554,1321843,15919,1103630,630,72823,11774,473649,19162,1046004,12409,1519653,California
Orange,2021-04-28,30866,2529162,15460,1337303,14527,1118157,879,73702,12393,468572,18344,1064348,13267,1532920,California
Orange,2021-04-29,31884,2561046,17409,1354712,13515,1131672,960,74662,11326,460399,20450,1084798,12277,1545197,California
Orange,2021-04-30,29824,2590870,17021,1371733,11861,1143533,942,75604,12689,456993,17030,1101828,13624,1558821,California
Orange,2021-05-01,22849,2613719,15680,1387413,6185,1149718,984,76588,8739,452706,14001,1115829,9714,1568535,California
Orange,2021-05-02,15380,2629099,10233,1397646,4501,1154219,646,77234,5356,448746,9957,1125786,5997,1574532,California
Orange,2021-05-03,20570,2649669,12559,1410205,7253,1161472,758,77992,6465,441950,14017,1139803,7221,1581753,California
Orange,2021-05-04,23597,2673266,13472,1423677,9217,1170689,908,78900,8160,435676,15326,1155129,9052,1590805,California
Orange,2021-05-05,24721,2697987,13804,1437481,10022,1180711,895,79795,7989,427957,16602,1171731,8883,1599688,California
Orange,2021-05-06,26391,2724378,15966,1453447,9424,1190135,1001,80796,7270,417232,18988,1190719,8263,1607951,California
Orange,2021-05-07,28719,2753097,17213,1470660,10461,1200596,1045,81841,8039,405844,20468,1211187,9080,1617031,California
Orange,2021-05-08,18369,2771466,12141,1482801,5455,1206051,773,82614,5404,399169,12846,1224033,6171,1623202,California
Orange,2021-05-09,10956,2782422,8331,1491132,2254,1208305,371,82985,2877,394385,8032,1232065,3248,1626450,California
Orange,2021-05-10,18985,2801407,11559,1502691,6656,1214961,770,83755,4268,384798,14625,1246690,5038,1631488,California
Orange,2021-05-11,21828,2823235,12046,1514737,9059,1224020,723,84478,5276,374340,16451,1263141,5993,1637481,California
Orange,2021-05-12,23738,2846973,14708,1529445,8199,1232219,831,85309,6817,365190,16797,1279938,7647,1645128,California
Orange,2021-05-13,21664,2868637,13419,1542864,7666,1239885,579,85888,8135,360481,13425,1293363,8716,1653844,California
Orange,2021-05-14,25659,2894296,16752,1559616,8105,1247990,802,86690,10413,356541,15148,1308511,11208,1665052,California
Orange,2021-05-15,19891,2914187,14349,1573965,4992,1252982,550,87240,8031,353320,11798,1320309,8577,1673629,California
Orange,2021-05-16,15156,2929343,12465,1586430,2352,1255334,339,87579,6474,351501,8631,1328940,6812,1680441,California
Orange,2021-05-17,19295,2948638,12639,1599069,5960,1261294,696,88275,6907,346768,12324,1341264,7591,1688032,California
Orange,2021-05-18,20459,2969097,11907,1610976,7884,1269178,668,88943,8073,343205,12295,1353559,8732,1696764,California
Orange,2021-05-19,22421,2991518,12817,1623793,8936,1278114,668,89611,7904,337366,14403,1367962,8564,1705328,California
Orange,2021-05-20,22283,3013801,13051,1636844,8568,1286682,664,90275,7818,331486,14360,1382322,8480,1713808,California
Orange,2021-05-21,25288,3039089,14431,1651275,10139,1296821,718,90993,8385,323789,16799,1399121,9102,1722910,California
Orange,2021-05-22,18148,3057237,12059,1663334,5551,1302372,538,91531,6879,320026,11179,1410300,7416,1730326,California
Orange,2021-05-23,9739,3066976,6681,1670015,2785,1305157,273,91804,3440,317483,6257,1416557,3714,1734040,California
Orange,2021-05-24,15311,3082287,8989,1679004,5707,1310864,615,92419,5674,314218,9548,1426105,6283,1740323,California
Orange,2021-05-25,15567,3097854,9165,1688169,5882,1316746,520,92939,5617,310507,9843,1435948,6132,1746455,California
Orange,2021-05-26,15177,3113031,8511,1696680,6175,1322921,491,93430,5687,307275,9406,1445354,6174,1752629,California
Orange,2021-05-27,14338,3127369,8609,1705289,5173,1328094,556,93986,6379,306303,7891,1453245,6919,1759548,California
Orange,2021-05-28,16696,3144065,9835,1715124,6235,1334329,626,94612,7387,305089,9218,1462463,8004,1767552,California
Orange,2021-05-29,8933,3152998,5228,1720352,3349,1337678,356,94968,4126,304813,4752,1467215,4476,1772028,California
Orange,2021-05-30,5973,3158971,3881,1724233,1818,1339496,274,95242,2163,303471,3776,1470991,2434,1774462,California
Orange,2021-05-31,1703,3160674,1049,1725282,608,1340104,46,95288,556,302941,1132,1472123,602,1775064,California
Orange,2021-06-01,13323,3173997,7717,1732999,5120,1345224,486,95774,5150,300497,8075,1480198,5631,1780695,California
Orange,2021-06-02,12948,3186945,8021,1741020,4510,1349734,417,96191,4528,297160,8276,1488474,4939,1785634,California
Orange,2021-06-03,12791,3199736,8822,1749842,3518,1353252,451,96642,4483,293841,8245,1496719,4926,1790560,California
Orange,2021-06-04,16804,3216540,11860,1761702,4370,1357622,574,97216,5275,288239,11450,1508169,5848,1796408,California
Orange,2021-06-05,12815,3229355,9658,1771360,2781,1360403,376,97592,3971,283792,8792,1516961,4345,1800753,California
Orange,2021-06-06,5291,3234646,4506,1775866,595,1360998,190,97782,1934,282580,3336,1520297,2124,1802877,California
Orange,2021-06-07,10600,3245246,7475,1783341,2678,1363676,447,98229,3419,279324,7113,1527410,3857,1806734,California
Orange,2021-06-08,11842,3257088,8482,1791823,2875,1366551,485,98714,3732,275516,8026,1535436,4218,1810952,California
Orange,2021-06-09,8107,3265195,5373,1797196,2434,1368985,300,99014,2048,271867,5993,1541429,2344,1813296,California
Orange,2021-06-10,7839,3273034,5791,1802987,1738,1370723,310,99324,2170,268717,5628,1547057,2478,1815774,California
Orange,2021-06-11,5503,3278537,3671,1806658,1593,1372316,239,99563,1576,266635,3893,1550950,1811,1817585,California
Placer,2020-12-15,29,29,29,29,0,0,0,0,29,29,0,0,29,29,California
Placer,2020-12-16,54,83,54,83,0,0,0,0,54,83,0,0,54,83,California
Placer,2020-12-17,149,232,149,232,0,0,0,0,149,232,0,0,149,232,California
Placer,2020-12-18,426,658,426,658,0,0,0,0,426,658,0,0,426,658,California
Placer,2020-12-19,253,911,253,911,0,0,0,0,253,911,0,0,253,911,California
Placer,2020-12-20,229,1140,229,1140,0,0,0,0,229,1140,0,0,229,1140,California
Placer,2020-12-21,505,1645,503,1643,2,2,0,0,505,1645,0,0,505,1645,California
Placer,2020-12-22,679,2324,672,2315,7,9,0,0,679,2324,0,0,679,2324,California
Placer,2020-12-23,750,3074,662,2977,88,97,0,0,750,3074,0,0,750,3074,California
Placer,2020-12-24,409,3483,358,3335,51,148,0,0,409,3483,0,0,409,3483,California
Placer,2020-12-26,163,3646,118,3453,45,193,0,0,163,3646,0,0,163,3646,California
Placer,2020-12-27,182,3828,161,3614,21,214,0,0,182,3828,0,0,182,3828,California
Placer,2020-12-28,672,4500,548,4162,124,338,0,0,672,4500,0,0,672,4500,California
Placer,2020-12-29,769,5269,521,4683,248,586,0,0,769,5269,0,0,769,5269,California
Placer,2020-12-30,735,6004,460,5143,275,861,0,0,734,6003,0,0,734,6003,California
Placer,2020-12-31,546,6550,360,5503,186,1047,0,0,546,6549,0,0,546,6549,California
Placer,2021-01-01,16,6566,12,5515,4,1051,0,0,16,6565,0,0,16,6565,California
Placer,2021-01-02,190,6756,158,5673,32,1083,0,0,190,6755,0,0,190,6755,California
Placer,2021-01-03,154,6910,77,5750,77,1160,0,0,154,6909,0,0,154,6909,California
Placer,2021-01-04,627,7537,185,5935,442,1602,0,0,627,7536,0,0,627,7536,California
Placer,2021-01-05,722,8259,158,6093,564,2166,0,0,635,8086,86,86,636,8172,California
Placer,2021-01-06,761,9020,244,6337,517,2683,0,0,612,8549,149,235,612,8784,California
Placer,2021-01-07,982,10002,368,6705,614,3297,0,0,755,9077,227,462,755,9539,California
Placer,2021-01-08,1179,11181,527,7232,652,3949,0,0,787,9475,389,851,787,10326,California
Placer,2021-01-09,455,11636,323,7555,132,4081,0,0,237,9495,217,1068,237,10563,California
Placer,2021-01-10,335,11971,185,7740,150,4231,0,0,168,9496,167,1235,168,10731,California
Placer,2021-01-11,1434,13405,812,8552,622,4853,0,0,841,9745,593,1828,842,11573,California
Placer,2021-01-12,1660,15065,876,9428,784,5637,0,0,1058,10203,601,2429,1059,12632,California
Placer,2021-01-13,1640,16705,823,10251,817,6454,0,0,1215,10999,423,2852,1219,13851,California
Placer,2021-01-14,1810,18515,689,10940,1121,7575,0,0,1429,12054,378,3230,1433,15284,California
Placer,2021-01-15,1945,20460,730,11670,1215,8790,0,0,1588,13287,356,3586,1589,16873,California
Placer,2021-01-16,1450,21910,717,12387,733,9523,0,0,1328,14494,122,3708,1329,18202,California
Placer,2021-01-17,576,22486,397,12784,179,9702,0,0,437,14792,139,3847,437,18639,California
Placer,2021-01-18,992,23478,554,13338,438,10140,0,0,750,15301,242,4089,751,19390,California
Placer,2021-01-19,2644,26122,1977,15315,667,10807,0,0,2186,17030,458,4547,2187,21577,California
Placer,2021-01-20,2303,28425,1728,17043,575,11382,0,0,1963,18654,340,4887,1964,23541,California
Placer,2021-01-21,2592,31017,1141,18184,1451,12833,0,0,2193,20454,397,5284,2197,25738,California
Placer,2021-01-22,2362,33379,651,18835,1711,14544,0,0,2186,22467,174,5458,2187,27925,California
Placer,2021-01-23,1187,34566,385,19220,802,15346,0,0,1028,23336,159,5617,1028,28953,California
Placer,2021-01-24,501,35067,257,19477,244,15590,0,0,429,23694,72,5689,430,29383,California
Placer,2021-01-25,1692,36759,819,20296,873,16463,0,0,1395,24793,297,5986,1396,30779,California
Placer,2021-01-26,1869,38628,1035,21331,834,17297,0,0,1601,26126,268,6254,1601,32380,California
Placer,2021-01-27,1839,40467,1152,22483,687,17984,0,0,1589,27468,248,6502,1590,33970,California
Placer,2021-01-28,1806,42273,1120,23603,686,18670,0,0,1561,28786,243,6745,1561,35531,California
Placer,2021-01-29,1902,44175,1167,24770,735,19405,0,0,1707,30301,194,6939,1709,37240,California
Placer,2021-01-30,1724,45899,969,25739,755,20160,0,0,1603,31784,120,7059,1603,38843,California
Placer,2021-01-31,784,46683,623,26362,161,20321,0,0,712,32425,72,7131,713,39556,California
Placer,2021-02-01,2082,48765,1091,27453,991,21312,0,0,1763,33870,318,7449,1763,41319,California
Placer,2021-02-02,2387,51152,1541,28994,846,22158,0,0,1891,35268,493,7942,1891,43210,California
Placer,2021-02-03,2924,54076,1889,30883,1035,23193,0,0,2298,36944,622,8564,2298,45508,California
Placer,2021-02-04,2733,56809,1182,32065,1551,24744,0,0,1906,38028,823,9387,1907,47415,California
Placer,2021-02-05,2708,59517,1211,33276,1497,26241,0,0,1372,38069,1331,10718,1372,48787,California
Placer,2021-02-06,1948,61465,1315,34591,633,26874,0,0,1400,38921,548,11266,1400,50187,California
Placer,2021-02-07,1188,62653,873,35464,315,27189,0,0,899,39532,288,11554,899,51086,California
Placer,2021-02-08,3295,65948,1766,37230,1529,28718,0,0,1930,40105,1358,12912,1931,53017,California
Placer,2021-02-09,3541,69489,2175,39405,1366,30084,0,0,1614,39795,1924,14836,1614,54631,California
Placer,2021-02-10,3761,73250,2207,41612,1554,31638,0,0,1744,39527,2014,16850,1746,56377,California
Placer,2021-02-11,3697,76947,1913,43525,1784,33422,0,0,1555,38954,2129,18979,1556,57933,California
Placer,2021-02-12,2844,79791,1327,44852,1517,34939,0,0,1662,39472,1145,20124,1663,59596,California
Placer,2021-02-13,2502,82293,1458,46310,1044,35983,0,0,1875,40720,627,20751,1875,61471,California
Placer,2021-02-14,1090,83383,678,46988,412,36395,0,0,736,41104,352,21103,736,62207,California
Placer,2021-02-15,2239,85622,1034,48022,1205,37600,0,0,1521,41909,718,21821,1523,63730,California
Placer,2021-02-16,3563,89185,1775,49797,1788,39388,0,0,1571,41498,1983,23804,1572,65302,California
Placer,2021-02-17,3535,92720,1954,51751,1581,40969,0,0,1496,40960,2035,25839,1497,66799,California
Placer,2021-02-18,3804,96524,2054,53805,1750,42719,0,0,1611,40389,2183,28022,1612,68411,California
Placer,2021-02-19,3623,100147,1931,55736,1692,44411,0,0,1353,39477,2266,30288,1354,69765,California
Placer,2021-02-20,2028,102175,1270,57006,758,45169,0,0,921,39301,1100,31388,924,70689,California
Placer,2021-02-21,996,103171,735,57741,261,45430,0,0,291,38891,702,32090,292,70981,California
Placer,2021-02-22,2553,105724,1793,59534,760,46190,0,0,614,37566,1939,34029,614,71595,California
Placer,2021-02-23,2577,108301,1603,61137,974,47164,0,0,894,36778,1682,35711,894,72489,California
Placer,2021-02-24,3329,111630,1184,62321,2145,49309,0,0,1830,37120,1490,37201,1832,74321,California
Placer,2021-02-25,3732,115362,1540,63861,2192,51501,0,0,2053,37504,1671,38872,2055,76376,California
Placer,2021-02-26,4256,119618,2460,66321,1796,53297,0,0,2461,38174,1791,40663,2461,78837,California
Placer,2021-02-27,2880,122498,1518,67839,1362,54659,0,0,1479,38261,1395,42058,1482,80319,California
Placer,2021-02-28,1544,124042,845,68684,699,55358,0,0,723,38168,816,42874,723,81042,California
Placer,2021-03-01,3190,127232,2124,70808,1066,56424,0,0,1623,38232,1559,44433,1623,82665,California
Placer,2021-03-02,2871,130103,1766,72574,1105,57529,0,0,1885,39136,981,45414,1885,84550,California
Placer,2021-03-03,3332,133435,1440,74014,1892,59421,0,0,1820,39451,1506,46920,1821,86371,California
Placer,2021-03-04,3603,137038,1449,75463,2154,61575,0,0,1879,39618,1713,48633,1880,88251,California
Placer,2021-03-05,2979,140017,1025,76488,1933,63508,21,21,1797,40257,1179,49812,1818,90069,California
Placer,2021-03-06,2425,142442,1503,77991,825,64333,97,118,930,39797,1487,51299,1027,91096,California
Placer,2021-03-07,1317,143759,764,78755,515,64848,38,156,543,39607,771,52070,581,91677,California
Placer,2021-03-08,2889,146648,1816,80571,961,65809,112,268,1645,40122,1242,53312,1757,93434,California
Placer,2021-03-09,3168,149816,1690,82261,1393,67202,85,353,1834,40709,1332,54644,1919,95353,California
Placer,2021-03-10,3294,153110,1327,83588,1862,69064,105,458,1730,40986,1558,56202,1835,97188,California
Placer,2021-03-11,3635,156745,1653,85241,1855,70919,127,585,1751,40991,1875,58077,1880,99068,California
Placer,2021-03-12,3697,160442,1500,86741,1416,72335,781,1366,1252,40587,2438,60515,2034,101102,California
Placer,2021-03-13,2129,162571,746,87487,1260,73595,123,1489,1110,40804,1016,61531,1233,102335,California
Placer,2021-03-14,1657,164228,681,88168,826,74421,150,1639,901,41099,756,62287,1051,103386,California
Placer,2021-03-15,3196,167424,1542,89710,1523,75944,131,1770,1761,41561,1431,63718,1893,105279,California
Placer,2021-03-16,3595,171019,1933,91643,1528,77472,134,1904,2279,42669,1304,65022,2412,107691,California
Placer,2021-03-17,3472,174491,1756,93399,1612,79084,104,2008,2231,43767,1238,66260,2336,110027,California
Placer,2021-03-18,4102,178593,2335,95734,1728,80812,39,2047,2863,45436,1232,67492,2901,112928,California
Placer,2021-03-19,3457,182050,2072,97806,1120,81932,265,2312,2150,46550,1299,68791,2413,115341,California
Placer,2021-03-20,2153,184203,911,98717,1152,83084,90,2402,1319,47129,829,69620,1408,116749,California
Placer,2021-03-21,1267,185470,582,99299,675,83759,10,2412,879,47633,385,70005,889,117638,California
Placer,2021-03-22,3301,188771,2119,101418,1090,84849,92,2504,2141,48710,1156,71161,2233,119871,California
Placer,2021-03-23,3548,192319,2106,103524,1353,86202,89,2593,2528,50313,1015,72176,2618,122489,California
Placer,2021-03-24,3810,196129,1999,105523,1712,87914,99,2692,1934,50491,1855,74031,2033,124522,California
Placer,2021-03-25,3851,199980,1856,107379,1898,89812,97,2789,1725,50197,2115,76146,1821,126343,California
Placer,2021-03-26,3761,203741,1664,109043,1867,91679,230,3019,1506,49693,2240,78386,1736,128079,California
Placer,2021-03-27,1579,205320,465,109508,1094,92773,20,3039,603,49346,969,79355,622,128701,California
Placer,2021-03-28,1098,206418,530,110038,559,93332,9,3048,307,48876,786,80141,316,129017,California
Placer,2021-03-29,3566,209984,2003,112041,1529,94861,34,3082,1734,48824,1823,81964,1771,130788,California
Placer,2021-03-30,3982,213966,2102,114143,1836,96697,44,3126,2084,49067,1884,83848,2127,132915,California
Placer,2021-03-31,4109,218075,1837,115980,2196,98893,76,3202,1693,48426,2409,86257,1768,134683,California
Placer,2021-04-01,2982,221057,1441,117421,1493,100386,48,3250,1659,48815,1318,87575,1707,136390,California
Placer,2021-04-02,2840,223897,1471,118892,1304,101690,65,3315,1582,49210,1251,88826,1646,138036,California
Placer,2021-04-03,1844,225741,988,119880,727,102417,129,3444,888,49277,948,89774,1015,139051,California
Placer,2021-04-04,707,226448,358,120238,295,102712,54,3498,281,49189,423,90197,335,139386,California
Placer,2021-04-05,3021,229469,1911,122149,928,103640,182,3680,1755,49865,1260,91457,1936,141322,California
Placer,2021-04-06,4285,233754,2484,124633,1502,105142,299,3979,1511,48908,2766,94223,1809,143131,California
Placer,2021-04-07,4561,238315,2605,127238,1498,106640,458,4437,2070,48948,2484,96707,2524,145655,California
Placer,2021-04-08,4731,243046,2620,129858,1571,108211,540,4977,1584,47934,3136,99843,2122,147777,California
Placer,2021-04-09,4128,247174,2270,132128,1238,109449,620,5597,1239,46914,2881,102724,1861,149638,California
Placer,2021-04-10,2045,249219,894,133022,969,110418,182,5779,870,46793,1172,103896,1051,150689,California
Placer,2021-04-11,1372,250591,533,133555,807,111225,32,5811,461,46378,907,104803,492,151181,California
Placer,2021-04-12,4110,254701,2653,136208,1073,112298,384,6195,2475,47609,1627,106430,2858,154039,California
Placer,2021-04-13,4372,259073,3010,139218,1361,113659,1,6196,2216,47675,2152,108582,2218,156257,California
Placer,2021-04-14,4174,263247,2581,141799,1592,115251,1,6197,1875,47261,2289,110871,1875,158132,California
Placer,2021-04-15,4512,267759,2521,144320,1990,117241,1,6198,2361,47482,2141,113012,2362,160494,California
Placer,2021-04-16,3669,271428,2180,146500,1489,118730,0,6198,1424,46667,2239,115251,1424,161918,California
Placer,2021-04-17,2427,273855,841,147341,1586,120316,0,6198,1514,47273,908,116159,1514,163432,California
Placer,2021-04-18,1187,275042,256,147597,931,121247,0,6198,408,46904,777,116936,408,163840,California
Placer,2021-04-19,2938,277980,1803,149400,1135,122382,0,6198,1154,46279,1780,118716,1155,164995,California
Placer,2021-04-20,3818,281798,2468,151868,1350,123732,0,6198,2422,47314,1387,120103,2422,167417,California
Placer,2021-04-21,3670,285468,2404,154272,1265,124997,1,6199,2390,48428,1277,121380,2391,169808,California
Placer,2021-04-22,3661,289129,2275,156547,1386,126383,0,6199,1741,48252,1917,123297,1741,171549,California
Placer,2021-04-23,3509,292638,2320,158867,1188,127571,1,6200,1371,47493,2131,125428,1372,172921,California
Placer,2021-04-24,2086,294724,1265,160132,820,128391,1,6201,1216,47848,861,126289,1216,174137,California
Placer,2021-04-25,907,295631,501,160633,406,128797,0,6201,560,48061,347,126636,560,174697,California
Placer,2021-04-26,2481,298112,1330,161963,1128,129925,23,6224,1213,48037,1259,127895,1235,175932,California
Placer,2021-04-27,2729,300841,1421,163384,1259,131184,49,6273,1550,48461,1175,129070,1599,177531,California
Placer,2021-04-28,2999,303840,1884,165268,1078,132262,37,6310,1599,48707,1391,130461,1637,179168,California
Placer,2021-04-29,3367,307207,2180,167448,1133,133395,54,6364,1406,48212,1955,132416,1460,180628,California
Placer,2021-04-30,2971,310178,1794,169242,1128,134523,49,6413,1186,47668,1779,134195,1235,181863,California
Placer,2021-05-01,1325,311503,929,170171,370,134893,26,6439,602,47578,717,134912,627,182490,California
Placer,2021-05-02,734,312237,575,170746,137,135030,22,6461,334,47536,398,135310,356,182846,California
Placer,2021-05-03,1604,313841,985,171731,552,135582,67,6528,435,46871,1166,136476,501,183347,California
Placer,2021-05-04,2307,316148,1300,173031,843,136425,164,6692,865,46464,1436,137912,1029,184376,California
Placer,2021-05-05,3675,319823,2485,175516,1086,137511,104,6796,965,44830,2703,140615,1069,185445,California
Placer,2021-05-06,3090,322913,1892,177408,1121,138632,77,6873,811,43464,2254,142869,888,186333,California
Placer,2021-05-07,2809,325722,1895,179303,823,139455,91,6964,796,42348,2003,144872,887,187220,California
Placer,2021-05-08,1328,327050,712,180015,575,140030,41,7005,396,41852,931,145803,435,187655,California
Placer,2021-05-09,434,327484,203,180218,211,140241,20,7025,213,41863,221,146024,232,187887,California
Placer,2021-05-10,1914,329398,1020,181238,798,141039,96,7121,429,40907,1481,147505,525,188412,California
Placer,2021-05-11,2903,332301,2076,183314,711,141750,116,7237,617,39364,2276,149781,733,189145,California
Placer,2021-05-12,2886,335187,1994,185308,835,142585,57,7294,731,38005,2148,151929,789,189934,California
Placer,2021-05-13,2861,338048,1855,187163,958,143543,48,7342,1035,37263,1824,153753,1082,191016,California
Placer,2021-05-14,2749,340797,1825,188988,794,144337,130,7472,1352,37359,1383,155136,1479,192495,California
Placer,2021-05-15,2055,342852,1345,190333,686,145023,24,7496,909,37152,1140,156276,933,193428,California
Placer,2021-05-16,1009,343861,529,190862,461,145484,19,7515,345,36854,662,156938,364,193792,California
Placer,2021-05-17,2361,346222,1572,192434,714,146198,75,7590,1028,36628,1329,158267,1103,194895,California
Placer,2021-05-18,2485,348707,1673,194107,733,146931,79,7669,1127,36480,1354,159621,1206,196101,California
Placer,2021-05-19,2512,351219,1594,195701,872,147803,46,7715,880,35779,1627,161248,926,197027,California
Placer,2021-05-20,2509,353728,1634,197335,827,148630,48,7763,885,35094,1616,162864,931,197958,California
Placer,2021-05-21,2442,356170,1524,198859,772,149402,146,7909,1083,34970,1351,164215,1227,199185,California
Placer,2021-05-22,1596,357766,1051,199910,502,149904,43,7952,754,34930,837,165052,797,199982,California
Placer,2021-05-23,576,358342,326,200236,235,150139,15,7967,261,34893,314,165366,277,200259,California
Placer,2021-05-24,1478,359820,740,200976,603,150742,135,8102,426,34405,1049,166415,561,200820,California
Placer,2021-05-25,1780,361600,940,201916,742,151484,98,8200,647,34024,1126,167541,745,201565,California
Placer,2021-05-26,1567,363167,900,202816,626,152110,41,8241,609,33722,953,168494,651,202216,California
Placer,2021-05-27,1440,364607,708,203524,689,152799,43,8284,657,33648,774,169268,700,202916,California
Placer,2021-05-28,1681,366288,856,204380,732,153531,93,8377,721,33507,955,170223,814,203730,California
Placer,2021-05-29,725,367013,402,204782,292,153823,31,8408,362,33540,359,170582,392,204122,California
Placer,2021-05-30,339,367352,231,205013,94,153917,14,8422,219,33654,119,170701,233,204355,California
Placer,2021-05-31,145,367497,67,205080,61,153978,17,8439,28,33582,116,170817,44,204399,California
Placer,2021-06-01,1677,369174,882,205962,722,154700,73,8512,629,33241,1043,171860,702,205101,California
Placer,2021-06-02,1495,370669,762,206724,666,155366,67,8579,484,32782,1010,172870,551,205652,California
Placer,2021-06-03,1689,372358,1036,207760,595,155961,58,8637,430,32014,1255,174125,487,206139,California
Placer,2021-06-04,1864,374222,1325,209085,485,156446,54,8691,466,31143,1389,175514,518,206657,California
Placer,2021-06-05,1087,375309,771,209856,275,156721,41,8732,278,30657,805,176319,319,206976,California
Placer,2021-06-06,475,375784,338,210194,120,156841,17,8749,128,30456,346,176665,145,207121,California
Placer,2021-06-07,1010,376794,687,210881,259,157100,64,8813,221,29953,786,177451,283,207404,California
Placer,2021-06-08,1651,378445,1268,212149,335,157435,48,8861,418,29188,1230,178681,465,207869,California
Placer,2021-06-09,740,379185,530,212679,166,157601,44,8905,159,28812,579,179260,203,208072,California
Placer,2021-06-10,791,379976,528,213207,209,157810,54,8959,182,28441,606,179866,235,208307,California
Placer,2021-06-11,734,380710,540,213747,169,157979,25,8984,153,28039,580,180446,178,208485,California
Plumas,2020-12-18,4,4,4,4,0,0,0,0,4,4,0,0,4,4,California
Plumas,2020-12-19,1,5,1,5,0,0,0,0,1,5,0,0,1,5,California
Plumas,2020-12-21,45,50,45,50,0,0,0,0,45,50,0,0,45,50,California
Plumas,2020-12-22,94,144,94,144,0,0,0,0,94,144,0,0,94,144,California
Plumas,2020-12-23,50,194,50,194,0,0,0,0,50,194,0,0,50,194,California
Plumas,2020-12-24,7,201,7,201,0,0,0,0,7,201,0,0,7,201,California
Plumas,2020-12-28,8,209,0,201,8,8,0,0,8,209,0,0,8,209,California
Plumas,2020-12-29,33,242,23,224,10,18,0,0,33,242,0,0,33,242,California
Plumas,2020-12-30,23,265,1,225,22,40,0,0,23,265,0,0,23,265,California
Plumas,2020-12-31,4,269,1,226,3,43,0,0,4,269,0,0,4,269,California
Plumas,2021-01-01,1,270,0,226,1,44,0,0,1,270,0,0,1,270,California
Plumas,2021-01-02,1,271,0,226,1,45,0,0,1,271,0,0,1,271,California
Plumas,2021-01-04,10,281,3,229,7,52,0,0,10,281,0,0,10,281,California
Plumas,2021-01-05,24,305,1,230,23,75,0,0,24,305,0,0,24,305,California
Plumas,2021-01-06,121,426,5,235,116,191,0,0,121,426,0,0,121,426,California
Plumas,2021-01-07,52,478,2,237,50,241,0,0,51,476,1,1,51,477,California
Plumas,2021-01-08,12,490,5,242,7,248,0,0,8,480,4,5,8,485,California
Plumas,2021-01-09,1,491,1,243,0,248,0,0,0,479,1,6,0,485,California
Plumas,2021-01-11,58,549,50,293,8,256,0,0,11,443,47,53,11,496,California
Plumas,2021-01-12,157,706,88,381,69,325,0,0,71,428,86,139,71,567,California
Plumas,2021-01-13,55,761,50,431,5,330,0,0,9,391,46,185,9,576,California
Plumas,2021-01-14,99,860,15,446,84,414,0,0,93,478,6,191,93,669,California
Plumas,2021-01-15,62,922,7,453,55,469,0,0,60,536,2,193,60,729,California
Plumas,2021-01-16,58,980,1,454,57,526,0,0,58,594,0,193,58,787,California
Plumas,2021-01-18,2,982,1,455,1,527,0,0,2,596,0,193,2,789,California
Plumas,2021-01-19,37,1019,5,460,32,559,0,0,33,625,4,197,33,822,California
Plumas,2021-01-20,135,1154,3,463,132,691,0,0,132,754,3,200,132,954,California
Plumas,2021-01-21,112,1266,2,465,110,801,0,0,112,866,0,200,112,1066,California
Plumas,2021-01-22,5,1271,1,466,4,805,0,0,5,871,0,200,5,1071,California
Plumas,2021-01-23,96,1367,2,468,94,899,0,0,96,967,0,200,96,1167,California
Plumas,2021-01-24,1,1368,1,469,0,899,0,0,1,968,0,200,1,1168,California
Plumas,2021-01-25,9,1377,6,475,3,902,0,0,7,973,2,202,7,1175,California
Plumas,2021-01-26,60,1437,2,477,58,960,0,0,52,1017,8,210,52,1227,California
Plumas,2021-01-27,27,1464,22,499,5,965,0,0,7,1004,20,230,7,1234,California
Plumas,2021-01-28,25,1489,1,500,24,989,0,0,23,1025,2,232,23,1257,California
Plumas,2021-01-29,8,1497,2,502,6,995,0,0,7,1031,1,233,7,1264,California
Plumas,2021-01-30,7,1504,3,505,4,999,0,0,6,1036,1,234,6,1270,California
Plumas,2021-01-31,3,1507,3,508,0,999,0,0,3,1039,0,234,3,1273,California
Plumas,2021-02-01,17,1524,2,510,15,1014,0,0,8,1038,9,243,8,1281,California
Plumas,2021-02-02,24,1548,2,512,22,1036,0,0,3,1020,21,264,3,1284,California
Plumas,2021-02-03,127,1675,8,520,119,1155,0,0,14,922,112,376,14,1298,California
Plumas,2021-02-04,102,1777,9,529,93,1248,0,0,23,866,79,455,23,1321,California
Plumas,2021-02-05,27,1804,12,541,15,1263,0,0,12,863,15,470,12,1333,California
Plumas,2021-02-06,7,1811,0,541,7,1270,0,0,7,870,0,470,7,1340,California
Plumas,2021-02-08,14,1825,5,546,9,1279,0,0,2,860,12,482,2,1342,California
Plumas,2021-02-09,173,1998,3,549,170,1449,0,0,112,911,61,543,112,1454,California
Plumas,2021-02-10,105,2103,8,557,97,1546,0,0,99,1005,6,549,100,1554,California
Plumas,2021-02-11,340,2443,6,563,334,1880,0,0,280,1225,60,609,280,1834,California
Plumas,2021-02-12,124,2567,4,567,120,2000,0,0,118,1337,6,615,118,1952,California
Plumas,2021-02-13,76,2643,6,573,70,2070,0,0,16,1293,60,675,16,1968,California
Plumas,2021-02-14,8,2651,5,578,3,2073,0,0,8,1301,0,675,8,1976,California
Plumas,2021-02-15,28,2679,5,583,23,2096,0,0,25,1323,3,678,25,2001,California
Plumas,2021-02-16,80,2759,5,588,75,2171,0,0,16,1275,64,742,16,2017,California
Plumas,2021-02-17,150,2909,5,593,145,2316,0,0,12,1149,138,880,12,2029,California
Plumas,2021-02-18,132,3041,7,600,125,2441,0,0,22,1062,110,990,23,2052,California
Plumas,2021-02-19,43,3084,6,606,37,2478,0,0,8,1035,35,1025,8,2060,California
Plumas,2021-02-20,106,3190,7,613,99,2577,0,0,13,955,93,1118,13,2073,California
Plumas,2021-02-21,6,3196,5,618,1,2578,0,0,2,953,4,1122,2,2075,California
Plumas,2021-02-22,4,3200,1,619,3,2581,0,0,0,949,4,1126,0,2075,California
Plumas,2021-02-23,25,3225,5,624,20,2601,0,0,17,958,8,1134,17,2092,California
Plumas,2021-02-24,477,3702,9,633,468,3069,0,0,464,1409,13,1147,464,2556,California
Plumas,2021-02-25,237,3939,11,644,226,3295,0,0,174,1520,63,1210,174,2730,California
Plumas,2021-02-26,267,4206,8,652,259,3554,0,0,258,1770,9,1219,259,2989,California
Plumas,2021-02-27,41,4247,4,656,37,3591,0,0,33,1795,8,1227,33,3022,California
Plumas,2021-02-28,4,4251,0,656,4,3595,0,0,4,1799,0,1227,4,3026,California
Plumas,2021-03-01,17,4268,2,658,15,3610,0,0,11,1805,5,1232,11,3037,California
Plumas,2021-03-02,11,4279,1,659,10,3620,0,0,7,1809,3,1235,7,3044,California
Plumas,2021-03-03,171,4450,10,669,161,3781,0,0,155,1948,16,1251,155,3199,California
Plumas,2021-03-04,251,4701,8,677,243,4024,0,0,230,2157,21,1272,230,3429,California
Plumas,2021-03-05,398,5099,5,682,388,4412,5,5,388,2540,10,1282,393,3822,California
Plumas,2021-03-06,20,5119,3,685,9,4421,8,13,3,2534,17,1299,11,3833,California
Plumas,2021-03-07,14,5133,3,688,2,4423,9,22,4,2537,10,1309,13,3846,California
Plumas,2021-03-08,32,5165,3,691,4,4427,25,47,5,2540,27,1336,30,3876,California
Plumas,2021-03-09,135,5300,4,695,116,4543,15,62,19,2458,116,1452,34,3910,California
Plumas,2021-03-10,292,5592,3,698,275,4818,14,76,110,2401,181,1633,124,4034,California
Plumas,2021-03-11,185,5777,9,707,171,4989,5,81,149,2519,36,1669,154,4188,California
Plumas,2021-03-12,597,6374,7,714,303,5292,287,368,25,2259,572,2241,312,4500,California
Plumas,2021-03-13,26,6400,5,719,10,5302,11,379,5,2254,21,2262,16,4516,California
Plumas,2021-03-14,12,6412,3,722,4,5306,5,384,1,2250,10,2272,6,4522,California
Plumas,2021-03-15,35,6447,1,723,27,5333,7,391,7,2236,28,2300,14,4536,California
Plumas,2021-03-16,61,6508,3,726,57,5390,1,392,49,2274,12,2312,50,4586,California
Plumas,2021-03-17,73,6581,9,735,63,5453,1,393,56,2315,16,2328,57,4643,California
Plumas,2021-03-18,59,6640,5,740,38,5491,16,409,10,2292,49,2377,26,4669,California
Plumas,2021-03-19,163,6803,5,745,156,5647,2,411,155,2444,6,2383,158,4827,California
Plumas,2021-03-20,709,7512,4,749,704,6351,1,412,688,3114,19,2402,689,5516,California
Plumas,2021-03-21,2,7514,1,750,1,6352,0,412,1,3115,0,2402,1,5517,California
Plumas,2021-03-22,198,7712,2,752,196,6548,0,412,191,3299,7,2409,191,5708,California
Plumas,2021-03-23,28,7740,2,754,26,6574,0,412,14,3299,14,2423,14,5722,California
Plumas,2021-03-24,684,8424,6,760,677,7251,1,413,231,3079,452,2875,232,5954,California
Plumas,2021-03-25,308,8732,7,767,299,7550,2,415,164,3099,144,3019,164,6118,California
Plumas,2021-03-26,315,9047,8,775,307,7857,0,415,46,2877,268,3287,46,6164,California
Plumas,2021-03-27,12,9059,1,776,10,7867,1,416,3,2872,9,3296,4,6168,California
Plumas,2021-03-28,10,9069,4,780,5,7872,1,417,4,2871,6,3302,5,6173,California
Plumas,2021-03-29,12,9081,4,784,7,7879,1,418,4,2868,8,3310,5,6178,California
Plumas,2021-03-30,175,9256,4,788,169,8048,2,420,27,2749,148,3458,29,6207,California
Plumas,2021-03-31,290,9546,3,791,286,8334,1,421,269,2998,21,3479,270,6477,California
Plumas,2021-04-01,306,9852,11,802,293,8627,2,423,62,2820,241,3720,63,6540,California
Plumas,2021-04-02,377,10229,4,806,371,8998,2,425,30,2516,336,4056,32,6572,California
Plumas,2021-04-03,13,10242,2,808,5,9003,6,431,2,2513,11,4067,8,6580,California
Plumas,2021-04-04,3,10245,1,809,1,9004,1,432,0,2511,3,4070,1,6581,California
Plumas,2021-04-05,16,10261,6,815,8,9012,2,434,4,2506,11,4081,6,6587,California
Plumas,2021-04-06,129,10390,7,822,96,9108,26,460,15,2433,114,4195,41,6628,California
Plumas,2021-04-07,291,10681,8,830,103,9211,180,640,29,2380,262,4457,209,6837,California
Plumas,2021-04-08,153,10834,2,832,133,9344,18,658,36,2317,116,4573,53,6890,California
Plumas,2021-04-09,50,10884,9,841,24,9368,17,675,17,2317,33,4606,33,6923,California
Plumas,2021-04-10,22,10906,1,842,4,9372,17,692,3,2318,19,4625,20,6943,California
Plumas,2021-04-11,2,10908,1,843,0,9372,1,693,1,2319,1,4626,2,6945,California
Plumas,2021-04-12,12,10920,4,847,5,9377,3,696,6,2322,6,4632,9,6954,California
Plumas,2021-04-13,215,11135,5,852,210,9587,0,696,150,2407,65,4697,150,7104,California
Plumas,2021-04-14,110,11245,6,858,104,9691,0,696,56,2410,53,4750,56,7160,California
Plumas,2021-04-15,52,11297,2,860,50,9741,0,696,35,2428,17,4767,35,7195,California
Plumas,2021-04-16,144,11441,3,863,141,9882,0,696,3,2290,141,4908,3,7198,California
Plumas,2021-04-17,680,12121,2,865,678,10560,0,696,19,1650,659,5567,19,7217,California
Plumas,2021-04-18,3,12124,3,868,0,10560,0,696,0,1647,3,5570,0,7217,California
Plumas,2021-04-19,38,12162,2,870,36,10596,0,696,5,1619,33,5603,5,7222,California
Plumas,2021-04-20,44,12206,5,875,39,10635,0,696,28,1632,15,5618,28,7250,California
Plumas,2021-04-21,330,12536,5,880,324,10959,1,697,17,1336,313,5931,17,7267,California
Plumas,2021-04-22,279,12815,7,887,272,11231,0,697,132,1321,147,6078,132,7399,California
Plumas,2021-04-23,73,12888,4,891,69,11300,0,697,16,1280,57,6135,16,7415,California
Plumas,2021-04-24,170,13058,4,895,166,11466,0,697,144,1399,25,6160,144,7559,California
Plumas,2021-04-26,31,13089,4,899,27,11493,0,697,8,1385,22,6182,8,7567,California
Plumas,2021-04-27,103,13192,4,903,99,11592,0,697,64,1410,39,6221,64,7631,California
Plumas,2021-04-28,285,13477,4,907,281,11873,0,697,38,1203,245,6466,38,7669,California
Plumas,2021-04-29,173,13650,68,975,105,11978,0,697,119,1268,54,6520,119,7788,California
Plumas,2021-04-30,21,13671,10,985,11,11989,0,697,6,1259,15,6535,6,7794,California
Plumas,2021-05-01,4,13675,1,986,2,11991,1,698,1,1259,2,6537,2,7796,California
Plumas,2021-05-02,1,13676,1,987,0,11991,0,698,1,1260,0,6537,1,7797,California
Plumas,2021-05-03,19,13695,5,992,7,11998,7,705,5,1260,12,6549,12,7809,California
Plumas,2021-05-04,32,13727,4,996,21,12019,7,712,18,1272,13,6562,25,7834,California
Plumas,2021-05-05,48,13775,3,999,44,12063,1,713,22,1269,26,6588,23,7857,California
Plumas,2021-05-06,64,13839,1,1000,58,12121,5,718,21,1252,43,6631,26,7883,California
Plumas,2021-05-07,22,13861,5,1005,16,12137,1,719,8,1247,14,6645,9,7892,California
Plumas,2021-05-08,6,13867,0,1005,4,12141,2,721,4,1251,2,6647,6,7898,California
Plumas,2021-05-09,1,13868,0,1005,0,12141,1,722,0,1251,1,6648,1,7899,California
Plumas,2021-05-10,50,13918,0,1005,27,12168,23,745,23,1270,27,6675,46,7945,California
Plumas,2021-05-11,174,14092,3,1008,152,12320,19,764,15,1145,159,6834,34,7979,California
Plumas,2021-05-12,100,14192,1,1009,91,12411,8,772,36,1126,63,6897,44,8023,California
Plumas,2021-05-13,39,14231,3,1012,34,12445,2,774,14,1117,25,6922,16,8039,California
Plumas,2021-05-14,20,14251,3,1015,12,12457,5,779,9,1120,11,6933,14,8053,California
Plumas,2021-05-15,10,14261,4,1019,4,12461,2,781,4,1120,6,6939,6,8059,California
Plumas,2021-05-16,1,14262,1,1020,0,12461,0,781,1,1121,0,6939,1,8060,California
Plumas,2021-05-17,13,14275,0,1020,4,12465,9,790,3,1123,10,6949,12,8072,California
Plumas,2021-05-18,46,14321,7,1027,38,12503,1,791,26,1130,20,6969,27,8099,California
Plumas,2021-05-19,50,14371,3,1030,31,12534,16,807,12,1121,38,7007,29,8128,California
Plumas,2021-05-20,188,14559,133,1163,44,12578,11,818,77,1099,110,7117,88,8216,California
Plumas,2021-05-21,29,14588,8,1171,15,12593,6,824,15,1106,14,7131,21,8237,California
Plumas,2021-05-22,137,14725,2,1173,135,12728,0,824,7,985,128,7259,7,8244,California
Plumas,2021-05-23,1,14726,1,1174,0,12728,0,824,0,984,1,7260,0,8244,California
Plumas,2021-05-24,49,14775,36,1210,12,12740,1,825,41,1018,8,7268,42,8286,California
Plumas,2021-05-25,76,14851,3,1213,72,12812,1,826,16,975,60,7328,17,8303,California
Plumas,2021-05-26,42,14893,6,1219,28,12840,8,834,17,975,25,7353,25,8328,California
Plumas,2021-05-27,102,14995,26,1245,63,12903,13,847,42,971,59,7412,55,8383,California
Plumas,2021-05-28,42,15037,16,1261,24,12927,2,849,23,977,19,7431,25,8408,California
Plumas,2021-05-29,8,15045,0,1261,8,12935,0,849,6,982,2,7433,7,8415,California
Plumas,2021-05-30,1,15046,0,1261,1,12936,0,849,0,982,0,7433,0,8415,California
Plumas,2021-05-31,5,15051,0,1261,2,12938,3,852,0,981,4,7437,3,8418,California
Plumas,2021-06-01,34,15085,8,1269,20,12958,6,858,9,972,25,7462,16,8434,California
Plumas,2021-06-02,62,15147,4,1273,36,12994,22,880,11,954,51,7513,33,8467,California
Plumas,2021-06-03,65,15212,17,1290,38,13032,10,890,27,953,38,7551,37,8504,California
Plumas,2021-06-04,13,15225,3,1293,9,13041,1,891,8,957,5,7556,9,8513,California
Plumas,2021-06-05,7,15232,3,1296,4,13045,0,891,2,954,5,7561,2,8515,California
Plumas,2021-06-06,2,15234,1,1297,1,13046,0,891,0,952,2,7563,0,8515,California
Plumas,2021-06-07,38,15272,5,1302,25,13071,8,899,9,940,29,7592,17,8532,California
Plumas,2021-06-08,30,15302,9,1311,19,13090,2,901,8,928,22,7614,10,8542,California
Plumas,2021-06-09,38,15340,1,1312,34,13124,3,904,5,903,33,7647,8,8550,California
Plumas,2021-06-10,33,15373,13,1325,16,13140,4,908,11,896,22,7669,15,8565,California
Plumas,2021-06-11,3,15376,1,1326,1,13141,1,909,2,898,1,7670,3,8568,California
Riverside,2020-12-15,5,5,5,5,0,0,0,0,5,5,0,0,5,5,California
Riverside,2020-12-16,68,73,68,73,0,0,0,0,68,73,0,0,68,73,California
Riverside,2020-12-17,815,888,815,888,0,0,0,0,815,888,0,0,815,888,California
Riverside,2020-12-18,1732,2620,1731,2619,1,1,0,0,1732,2620,0,0,1732,2620,California
Riverside,2020-12-19,1029,3649,1026,3645,3,4,0,0,1027,3646,1,1,1027,3647,California
Riverside,2020-12-20,1086,4735,1085,4730,1,5,0,0,1086,4732,0,1,1086,4733,California
Riverside,2020-12-21,2276,7011,2274,7004,2,7,0,0,2276,7008,0,1,2276,7009,California
Riverside,2020-12-22,2260,9271,2221,9225,39,46,0,0,2260,9268,0,1,2260,9269,California
Riverside,2020-12-23,2144,11415,1801,11026,343,389,0,0,2145,11413,0,1,2145,11414,California
Riverside,2020-12-24,817,12232,614,11640,203,592,0,0,817,12230,0,1,817,12231,California
Riverside,2020-12-25,30,12262,6,11646,24,616,0,0,29,12259,0,1,29,12260,California
Riverside,2020-12-26,401,12663,257,11903,144,760,0,0,401,12660,0,1,401,12661,California
Riverside,2020-12-27,368,13031,247,12150,121,881,0,0,367,13026,1,2,367,13028,California
Riverside,2020-12-28,1638,14669,1132,13282,506,1387,0,0,1639,14665,0,2,1639,14667,California
Riverside,2020-12-29,1745,16414,974,14256,771,2158,0,0,1745,16410,0,2,1745,16412,California
Riverside,2020-12-30,2582,18996,1685,15941,897,3055,0,0,2581,18990,1,3,2581,18993,California
Riverside,2020-12-31,1029,20025,397,16338,632,3687,0,0,1030,20019,1,4,1030,20023,California
Riverside,2021-01-01,124,20149,48,16386,76,3763,0,0,124,20143,0,4,124,20147,California
Riverside,2021-01-02,835,20984,694,17080,141,3904,0,0,835,20978,0,4,835,20982,California
Riverside,2021-01-03,346,21330,300,17380,46,3950,0,0,345,21323,0,4,345,21327,California
Riverside,2021-01-04,1265,22595,793,18173,472,4422,0,0,1265,22588,0,4,1265,22592,California
Riverside,2021-01-05,1994,24589,1370,19543,624,5046,0,0,1899,24397,90,94,1899,24491,California
Riverside,2021-01-06,2498,27087,1114,20657,1384,6430,0,0,2188,26279,306,400,2188,26679,California
Riverside,2021-01-07,2788,29875,1831,22488,957,7387,0,0,1720,26938,1062,1462,1721,28400,California
Riverside,2021-01-08,4076,33951,2943,25431,1133,8520,0,0,2255,27376,1817,3279,2255,30655,California
Riverside,2021-01-09,2076,36027,844,26275,1232,9752,0,0,1728,28757,347,3626,1728,32383,California
Riverside,2021-01-10,1671,37698,737,27012,934,10686,0,0,1067,29220,604,4230,1067,33450,California
Riverside,2021-01-11,4521,42219,3095,30107,1426,12112,0,0,2787,30275,1733,5963,2788,36238,California
Riverside,2021-01-12,3419,45638,2745,32852,674,12786,0,0,1722,30305,1692,7655,1722,37960,California
Riverside,2021-01-13,4464,50102,2942,35794,1522,14308,0,0,2851,31547,1610,9265,2852,40812,California
Riverside,2021-01-14,5525,55627,1915,37709,3610,17918,0,0,4946,35915,578,9843,4946,45758,California
Riverside,2021-01-15,6078,61705,1996,39705,4082,22000,0,0,5787,41412,290,10133,5787,51545,California
Riverside,2021-01-16,3623,65328,1024,40729,2599,24599,0,0,3374,44538,249,10382,3375,54920,California
Riverside,2021-01-17,3596,68924,588,41317,3008,27607,0,0,3397,47738,197,10579,3397,58317,California
Riverside,2021-01-18,3763,72687,2053,43370,1710,29317,0,0,2747,49470,1016,11595,2748,61065,California
Riverside,2021-01-19,7437,80124,2647,46017,4790,34107,0,0,6313,54660,1124,12719,6314,67379,California
Riverside,2021-01-20,8259,88383,3146,49163,5113,39220,0,0,6589,59597,1656,14375,6593,73972,California
Riverside,2021-01-21,8369,96752,3497,52660,4872,44092,0,0,7717,66663,652,15027,7718,81690,California
Riverside,2021-01-22,8751,105503,2970,55630,5781,49873,0,0,8317,74550,431,15458,8318,90008,California
Riverside,2021-01-23,5902,111405,2364,57994,3538,53411,0,0,5179,79009,721,16179,5180,95188,California
Riverside,2021-01-24,3045,114450,1437,59431,1608,55019,0,0,2829,81625,214,16393,2830,98018,California
Riverside,2021-01-25,7897,122347,4544,63975,3353,58372,0,0,6769,87269,1126,17519,6770,104788,California
Riverside,2021-01-26,9162,131509,5725,69700,3437,61809,0,0,7644,93400,1515,19034,7646,112434,California
Riverside,2021-01-27,10939,142448,6395,76095,4544,66353,0,0,9323,101116,1610,20644,9326,121760,California
Riverside,2021-01-28,11560,154008,6819,82914,4741,71094,0,0,10382,110331,1170,21814,10385,132145,California
Riverside,2021-01-29,11954,165962,7290,90204,4664,75758,0,0,10574,119556,1354,23168,10579,142724,California
Riverside,2021-01-30,9094,175056,4635,94839,4459,80217,0,0,8629,127724,462,23630,8630,151354,California
Riverside,2021-01-31,5172,180228,4257,99096,915,81132,0,0,5040,132637,131,23761,5044,156398,California
Riverside,2021-02-01,10987,191215,6790,105886,4197,85329,0,0,9134,139928,1846,25607,9137,165535,California
Riverside,2021-02-02,9487,200702,4821,110707,4666,89995,0,0,8015,146482,1464,27071,8018,173553,California
Riverside,2021-02-03,12196,212898,5150,115857,7046,97041,0,0,9826,153946,2362,29433,9826,183379,California
Riverside,2021-02-04,13519,226417,6006,121863,7513,104554,0,0,11430,163298,2081,31514,11433,194812,California
Riverside,2021-02-05,14312,240729,5381,127244,8931,113485,0,0,11271,171541,3032,34546,11275,206087,California
Riverside,2021-02-06,7237,247966,4268,131512,2969,116454,0,0,5595,175503,1636,36182,5598,211685,California
Riverside,2021-02-07,2170,250136,798,132310,1372,117826,0,0,1850,177036,318,36500,1851,213536,California
Riverside,2021-02-08,12475,262611,5549,137859,6926,124752,0,0,10155,184890,2305,38805,10159,223695,California
Riverside,2021-02-09,9621,272232,4504,142363,5117,129869,0,0,7676,190633,1938,40743,7681,231376,California
Riverside,2021-02-10,12101,284333,6982,149345,5119,134988,0,0,8925,196401,3166,43909,8934,240310,California
Riverside,2021-02-11,16645,300978,9067,158412,7578,142566,0,0,12125,204043,4498,48407,12140,252450,California
Riverside,2021-02-12,17716,318694,10782,169194,6934,149500,0,0,12827,212037,4845,53252,12839,265289,California
Riverside,2021-02-13,6306,325000,2133,171327,4173,153673,0,0,3086,211939,3205,56457,3107,268396,California
Riverside,2021-02-14,4924,329924,1118,172445,3806,157479,0,0,2181,211381,2739,59196,2181,270577,California
Riverside,2021-02-15,9812,339736,4992,177437,4820,162299,0,0,5397,212382,4404,63600,5405,275982,California
Riverside,2021-02-16,16136,355872,10117,187554,6019,168318,0,0,9252,214765,6877,70477,9260,285242,California
Riverside,2021-02-17,15036,370908,8214,195768,6822,175140,0,0,7447,214646,7575,78052,7456,292698,California
Riverside,2021-02-18,15561,386469,8988,204756,6573,181713,0,0,8020,215162,7519,85571,8035,300733,California
Riverside,2021-02-19,15317,401786,8227,212983,7090,188803,0,0,7228,214327,8071,93642,7236,307969,California
Riverside,2021-02-20,8321,410107,4505,217488,3816,192619,0,0,2164,210355,6140,99782,2168,310137,California
Riverside,2021-02-21,4415,414522,3890,221378,525,193144,0,0,1236,208427,3164,102946,1236,311373,California
Riverside,2021-02-22,12383,426905,7772,229150,4611,197755,0,0,5101,206267,7266,110212,5106,316479,California
Riverside,2021-02-23,11127,438032,7569,236719,3558,201313,0,0,5390,205951,5710,115922,5394,321873,California
Riverside,2021-02-24,14795,452827,8095,244814,6700,208013,0,0,6280,203771,8477,124399,6297,328170,California
Riverside,2021-02-25,17367,470194,7408,252222,9959,217972,0,0,8067,202587,9275,133674,8091,336261,California
Riverside,2021-02-26,18645,488839,6737,258959,11908,229880,0,0,9295,202626,9291,142965,9330,345591,California
Riverside,2021-02-27,12096,500935,5604,264563,6492,236372,0,0,5757,202103,6307,149272,5784,351375,California
Riverside,2021-02-28,4895,505830,3227,267790,1668,238040,0,0,2406,202040,2476,151748,2413,353788,California
Riverside,2021-03-01,14385,520215,6119,273909,8263,246303,3,3,8457,204639,5889,157637,8488,362276,California
Riverside,2021-03-02,15409,535624,7538,281447,7870,254173,1,4,9033,207348,6354,163991,9063,371339,California
Riverside,2021-03-03,16950,552574,8403,289850,8547,262720,0,4,7305,205187,9594,173585,7433,378772,California
Riverside,2021-03-04,18781,571355,7487,297337,11289,274009,5,9,8912,204429,9825,183410,9067,387839,California
Riverside,2021-03-05,18911,590266,7607,304944,11260,285269,44,53,9370,204629,9491,192901,9691,397530,California
Riverside,2021-03-06,9525,599791,5074,310018,3970,289239,481,534,4751,205127,4761,197662,5259,402789,California
Riverside,2021-03-07,4265,604056,2756,312774,1120,290359,389,923,2012,205288,2244,199906,2405,405194,California
Riverside,2021-03-08,11963,616019,4751,317525,6802,297161,410,1333,5342,204487,6600,206506,5799,410993,California
Riverside,2021-03-09,14791,630810,6890,324415,7399,304560,502,1835,5893,202143,8875,215381,6531,417524,California
Riverside,2021-03-10,15924,646734,8516,332931,6481,311041,927,2762,6216,199775,9663,225044,7295,424819,California
Riverside,2021-03-11,19325,666059,9476,342407,8000,319041,1849,4611,7617,197775,11673,236717,9673,434492,California
Riverside,2021-03-12,21200,687259,7926,350333,8527,327568,4747,9358,7042,195766,14121,250838,12112,446604,California
Riverside,2021-03-13,8524,695783,2547,352880,4746,332314,1231,10589,4374,197319,4128,254966,5681,452285,California
Riverside,2021-03-14,4749,700532,1618,354498,1759,334073,1372,11961,2087,198123,2651,257617,3455,455740,California
Riverside,2021-03-15,18705,719237,7868,362366,9172,343245,1665,13626,9210,199647,9451,267068,10975,466715,California
Riverside,2021-03-16,20889,740126,10136,372502,9940,353185,813,14439,11384,202468,9468,276536,12289,479004,California
Riverside,2021-03-17,21341,761467,10939,383441,9343,362528,1059,15498,12831,207940,8475,285011,13947,492951,California
Riverside,2021-03-18,22621,784088,11773,395214,9177,371705,1671,17169,12543,212136,10026,295037,14222,507173,California
Riverside,2021-03-19,24164,808252,12689,407903,10504,382209,971,18140,14106,217580,9998,305035,15442,522615,California
Riverside,2021-03-20,10679,818931,6891,414794,2604,384813,1184,19324,6868,221851,3780,308815,8051,530666,California
Riverside,2021-03-21,3751,822682,2926,417720,559,385372,266,19590,2558,223502,1174,309989,2825,533491,California
Riverside,2021-03-22,16645,839327,9926,427646,6167,391539,552,20142,10595,228651,5994,315983,11143,544634,California
Riverside,2021-03-23,18564,857891,10520,438166,7621,399160,423,20565,11927,234439,6576,322559,12364,556998,California
Riverside,2021-03-24,18734,876625,10455,448621,8157,407317,122,20687,12857,241599,5825,328384,12985,569983,California
Riverside,2021-03-25,21150,897775,11669,460290,9304,416621,177,20864,14169,249044,6906,335290,14351,584334,California
Riverside,2021-03-26,24146,921921,11949,472239,12040,428661,157,21021,15025,255212,9018,344308,15186,599520,California
Riverside,2021-03-27,9349,931270,4909,477148,3389,432050,1051,22072,4822,256585,4501,348809,5874,605394,California
Riverside,2021-03-28,4772,936042,3136,480284,1543,433593,93,22165,2839,257597,1920,350729,2932,608326,California
Riverside,2021-03-29,17653,953695,8444,488728,9090,442683,119,22284,10910,261942,6696,357425,11041,619367,California
Riverside,2021-03-30,18358,972053,9552,498280,8599,451282,207,22491,11699,267234,6616,364041,11908,631275,California
Riverside,2021-03-31,18153,990206,8446,506726,9400,460682,307,22798,11459,272363,6645,370686,11774,643049,California
Riverside,2021-04-01,25582,1015788,12500,519226,12303,472985,779,23577,16506,280644,9003,379689,17284,660333,California
Riverside,2021-04-02,26150,1041938,14076,533302,11121,484106,953,24530,16375,288482,9712,389401,17550,677883,California
Riverside,2021-04-03,9388,1051326,5967,539269,2827,486933,594,25124,6047,291798,3320,392721,6636,684519,California
Riverside,2021-04-04,3396,1054722,2066,541335,1088,488021,242,25366,1717,292088,1670,394391,1960,686479,California
Riverside,2021-04-05,18473,1073195,9458,550793,7153,495174,1862,27228,9937,295392,8494,402885,11798,698277,California
Riverside,2021-04-06,23790,1096985,12356,563149,9296,504470,2138,29366,13264,300310,10474,413359,15392,713669,California
Riverside,2021-04-07,24905,1121890,13436,576585,8946,513416,2523,31889,13863,305698,10993,424352,16381,730050,California
Riverside,2021-04-08,27480,1149370,15206,591791,9288,522704,2986,34875,16799,314853,10609,434961,19764,749814,California
Riverside,2021-04-09,26355,1175725,15493,607284,8395,531099,2467,37342,16083,323195,10225,445186,18567,768381,California
Riverside,2021-04-10,12027,1187752,6743,614027,3887,534986,1397,38739,5262,323123,6722,451908,6650,775031,California
Riverside,2021-04-11,4645,1192397,2766,616793,1260,536246,619,39358,2197,323501,2436,454344,2814,777845,California
Riverside,2021-04-12,20206,1212603,8992,625785,8565,544811,2649,42007,10117,326213,10050,464394,12762,790607,California
Riverside,2021-04-13,20079,1232682,11243,637028,8809,553620,27,42034,11492,329188,8548,472942,11523,802130,California
Riverside,2021-04-14,22273,1254955,12275,649303,9983,563603,15,42049,10951,328905,11253,484195,10970,813100,California
Riverside,2021-04-15,22080,1277035,12531,661834,9541,573144,8,42057,11649,330203,10364,494559,11662,824762,California
Riverside,2021-04-16,24935,1301970,14427,676261,10502,583646,6,42063,11534,328412,13345,507904,11554,836316,California
Riverside,2021-04-17,9862,1311832,6500,682761,3362,587008,0,42063,4953,328480,4892,512796,4960,841276,California
Riverside,2021-04-18,3850,1315682,2805,685566,1038,588046,7,42070,1808,328270,2028,514824,1818,843094,California
Riverside,2021-04-19,19451,1335133,11565,697131,7883,595929,3,42073,6950,322770,12458,527282,6958,850052,California
Riverside,2021-04-20,18868,1354001,9943,707074,8916,604845,9,42082,7724,319406,11100,538382,7736,857788,California
Riverside,2021-04-21,19847,1373848,11421,718495,8417,613262,9,42091,7981,315604,11798,550180,7996,865784,California
Riverside,2021-04-22,23229,1397077,13563,732058,9662,622924,4,42095,8656,309767,14502,564682,8665,874449,California
Riverside,2021-04-23,23306,1420383,13725,745783,9567,632491,14,42109,9135,304811,14113,578795,9157,883606,California
Riverside,2021-04-24,10467,1430850,7293,753076,3171,635662,3,42112,4811,304008,5618,584413,4815,888421,California
Riverside,2021-04-25,4218,1435068,2820,755896,1397,637059,1,42113,2187,304185,2012,586425,2189,890610,California
Riverside,2021-04-26,17081,1452149,10699,766595,6337,643396,45,42158,5813,298823,11224,597649,5862,896472,California
Riverside,2021-04-27,18268,1470417,10418,777013,7651,651047,199,42357,6351,293500,11873,609522,6550,903022,California
Riverside,2021-04-28,16471,1486888,8860,785873,7356,658403,255,42612,5544,288430,10869,620391,5799,908821,California
Riverside,2021-04-29,18711,1505599,11442,797315,6924,665327,345,42957,5371,280867,13276,633667,5713,914534,California
Riverside,2021-04-30,19783,1525382,11431,808746,7973,673300,379,43336,6371,274263,13357,647024,6753,921287,California
Riverside,2021-05-01,6766,1532148,4866,813612,1731,675031,169,43505,2333,272354,4408,651432,2499,923786,California
Riverside,2021-05-02,3357,1535505,2186,815798,962,675993,209,43714,1071,271371,2269,653701,1286,925072,California
Riverside,2021-05-03,17990,1553495,11058,826856,6443,682436,489,44203,4162,262253,13766,667467,4648,929720,California
Riverside,2021-05-04,17240,1570735,10945,837801,5878,688314,417,44620,4860,255213,12313,679780,5273,934993,California
Riverside,2021-05-05,15780,1586515,8931,846732,6489,694803,360,44980,4535,248924,11184,690964,4895,939888,California
Riverside,2021-05-06,17755,1604270,9941,856673,7405,702208,409,45389,4492,240635,13191,704155,4902,944790,California
Riverside,2021-05-07,20295,1624565,11567,868240,8298,710506,430,45819,5342,231528,14875,719030,5768,950558,California
Riverside,2021-05-08,6807,1631372,4531,872771,2046,712552,230,46049,2551,230082,4225,723255,2779,953337,California
Riverside,2021-05-09,2303,1633675,1511,874282,638,713190,154,46203,850,229641,1445,724700,1004,954341,California
Riverside,2021-05-10,10028,1643703,5139,879421,4520,717710,369,46572,2860,225752,7118,731818,3229,957570,California
Riverside,2021-05-11,13817,1657520,8319,887740,4980,722690,518,47090,3797,220129,9939,741757,4316,961886,California
Riverside,2021-05-12,12596,1670116,6327,894067,5936,728626,333,47423,3983,215882,8561,750318,4314,966200,California
Riverside,2021-05-13,14578,1684694,8755,902822,5550,734176,273,47696,5320,212272,9207,759525,5597,971797,California
Riverside,2021-05-14,17725,1702419,11199,914021,5735,739911,791,48487,6918,209240,10738,770263,7706,979503,California
Riverside,2021-05-15,9668,1712087,6925,920946,2345,742256,398,48885,4940,209880,4697,774960,5337,984840,California
Riverside,2021-05-16,3473,1715560,2525,923471,839,743095,109,48994,1713,209952,1748,776708,1820,986660,California
Riverside,2021-05-17,11745,1727305,7569,931040,3838,746933,338,49332,5140,208862,6572,783280,5482,992142,California
Riverside,2021-05-18,15026,1742331,9294,940334,5388,752321,344,49676,6112,206450,8867,792147,6455,998597,California
Riverside,2021-05-19,12130,1754461,7683,948017,4219,756540,228,49904,6002,206600,6081,798228,6231,1004828,California
Riverside,2021-05-20,11777,1766238,7376,955393,4145,760685,256,50160,5364,205861,6364,804592,5625,1010453,California
Riverside,2021-05-21,14369,1780607,8873,964266,5175,765860,321,50481,6185,204247,8121,812713,6507,1016960,California
Riverside,2021-05-22,7170,1787777,4858,969124,2117,767977,195,50676,3850,205009,3285,815998,4047,1021007,California
Riverside,2021-05-23,2550,1790327,1648,970772,827,768804,75,50751,1249,205044,1288,817286,1323,1022330,California
Riverside,2021-05-24,8608,1798935,5560,976332,2741,771545,307,51058,3833,204442,4741,822027,4139,1026469,California
Riverside,2021-05-25,9648,1808583,5746,982078,3639,775184,263,51321,3924,202942,5687,827714,4187,1030656,California
Riverside,2021-05-26,8831,1817414,5472,987550,3034,778218,325,51646,3977,202443,4804,832518,4305,1034961,California
Riverside,2021-05-27,8479,1825893,5079,992629,3168,781386,232,51878,4010,202264,4420,836938,4241,1039202,California
Riverside,2021-05-28,10625,1836518,6474,999103,3850,785236,301,52179,5026,202056,5537,842475,5329,1044531,California
Riverside,2021-05-29,4974,1841492,3385,1002488,1466,786702,123,52302,2835,202899,2117,844592,2960,1047491,California
Riverside,2021-05-30,1944,1843436,1403,1003891,477,787179,64,52366,1066,203158,871,845463,1130,1048621,California
Riverside,2021-05-31,867,1844303,491,1004382,343,787522,33,52399,332,202991,532,845995,365,1048986,California
Riverside,2021-06-01,9114,1853417,5634,1010016,3247,790769,233,52632,3601,201362,5463,851458,3834,1052820,California
Riverside,2021-06-02,7058,1860475,4290,1014306,2495,793264,273,52905,2860,200336,4158,855616,3132,1055952,California
Riverside,2021-06-03,7888,1868363,5269,1019575,2362,795626,257,53162,2868,198477,4981,860597,3122,1059074,California
Riverside,2021-06-04,10540,1878903,7549,1027124,2742,798368,249,53411,3874,195986,6616,867213,4125,1063199,California
Riverside,2021-06-05,6912,1885815,5094,1032218,1270,799638,548,53959,2278,194201,4611,871824,2826,1066025,California
Riverside,2021-06-06,2178,1887993,1851,1034069,276,799914,51,54010,795,193672,1376,873200,847,1066872,California
Riverside,2021-06-07,6826,1894819,5191,1039260,1412,801326,223,54233,2260,191620,4537,877737,2485,1069357,California
Riverside,2021-06-08,8709,1903528,6336,1045596,2110,803436,263,54496,2850,188931,5806,883543,3117,1072474,California
Riverside,2021-06-09,5782,1909310,4095,1049691,1434,804870,253,54749,1802,187044,3940,887483,2053,1074527,California
Riverside,2021-06-10,5688,1914998,3861,1053552,1626,806496,201,54950,1800,185180,3866,891349,2002,1076529,California
Riverside,2021-06-11,4378,1919376,2970,1056522,1263,807759,145,55095,1238,183454,3110,894459,1384,1077913,California
Sacramento,2020-12-15,314,314,314,314,0,0,0,0,314,314,0,0,314,314,California
Sacramento,2020-12-16,648,962,648,962,0,0,0,0,648,962,0,0,648,962,California
Sacramento,2020-12-17,702,1664,702,1664,0,0,0,0,702,1664,0,0,702,1664,California
Sacramento,2020-12-18,1116,2780,1116,2780,0,0,0,0,1116,2780,0,0,1116,2780,California
Sacramento,2020-12-19,613,3393,613,3393,0,0,0,0,613,3393,0,0,613,3393,California
Sacramento,2020-12-20,637,4030,637,4030,0,0,0,0,637,4030,0,0,637,4030,California
Sacramento,2020-12-21,1669,5699,1669,5699,0,0,0,0,1670,5700,0,0,1670,5700,California
Sacramento,2020-12-22,2106,7805,2071,7770,35,35,0,0,2106,7806,0,0,2106,7806,California
Sacramento,2020-12-23,2257,10062,2083,9853,174,209,0,0,2257,10063,0,0,2257,10063,California
Sacramento,2020-12-24,1042,11104,829,10682,213,422,0,0,1042,11105,0,0,1042,11105,California
Sacramento,2020-12-25,1,11105,0,10682,1,423,0,0,1,11106,0,0,1,11106,California
Sacramento,2020-12-26,505,11610,287,10969,218,641,0,0,505,11611,0,0,505,11611,California
Sacramento,2020-12-27,354,11964,248,11217,106,747,0,0,354,11965,0,0,354,11965,California
Sacramento,2020-12-28,1906,13870,1322,12539,584,1331,0,0,1905,13869,1,1,1905,13870,California
Sacramento,2020-12-29,1966,15836,1201,13740,765,2096,0,0,1965,15833,1,2,1965,15835,California
Sacramento,2020-12-30,2553,18389,1452,15192,1101,3197,0,0,2554,18387,0,2,2554,18389,California
Sacramento,2020-12-31,1228,19617,692,15884,536,3733,0,0,1229,19616,0,2,1229,19618,California
Sacramento,2021-01-01,81,19698,70,15954,11,3744,0,0,81,19697,0,2,81,19699,California
Sacramento,2021-01-02,570,20268,367,16321,203,3947,0,0,570,20267,0,2,570,20269,California
Sacramento,2021-01-03,414,20682,225,16546,189,4136,0,0,414,20681,0,2,414,20683,California
Sacramento,2021-01-04,1939,22621,834,17380,1105,5241,0,0,1937,22617,1,3,1937,22620,California
Sacramento,2021-01-05,2215,24836,987,18367,1228,6469,0,0,1851,24111,364,367,1858,24478,California
Sacramento,2021-01-06,2728,27564,1618,19985,1110,7579,0,0,1930,25246,795,1162,1930,26408,California
Sacramento,2021-01-07,2840,30404,1515,21500,1325,8904,0,0,1909,26227,928,2090,1909,28317,California
Sacramento,2021-01-08,3287,33691,2084,23584,1203,10107,0,0,2168,27282,1115,3205,2170,30487,California
Sacramento,2021-01-09,1291,34982,805,24389,486,10593,0,0,893,27779,396,3601,893,31380,California
Sacramento,2021-01-10,1226,36208,712,25101,514,11107,0,0,756,28067,469,4070,757,32137,California
Sacramento,2021-01-11,4348,40556,2955,28056,1393,12500,0,0,2412,28556,1935,6005,2424,34561,California
Sacramento,2021-01-12,4593,45149,3210,31266,1383,13883,0,0,2612,29191,1981,7986,2616,37177,California
Sacramento,2021-01-13,3847,48996,2221,33487,1626,15509,0,0,2428,30202,1418,9404,2429,39606,California
Sacramento,2021-01-14,4620,53616,2325,35812,2295,17804,0,0,3712,33010,905,10309,3713,43319,California
Sacramento,2021-01-15,4438,58054,2255,38067,2183,19987,0,0,3726,36025,712,11021,3727,47046,California
Sacramento,2021-01-16,2086,60140,1285,39352,801,20788,0,0,1867,37673,219,11240,1867,48913,California
Sacramento,2021-01-17,1676,61816,983,40335,693,21481,0,0,1493,38986,183,11423,1496,50409,California
Sacramento,2021-01-18,2830,64646,1733,42068,1097,22578,0,0,2252,40663,576,11999,2253,52662,California
Sacramento,2021-01-19,4977,69623,3026,45094,1951,24529,0,0,3737,43162,1240,13239,3739,56401,California
Sacramento,2021-01-20,4832,74455,2858,47952,1974,26503,0,0,3605,45544,1229,14468,3611,60012,California
Sacramento,2021-01-21,5224,79679,3021,50973,2203,28706,0,0,4251,48830,967,15435,4253,64265,California
Sacramento,2021-01-22,5029,84708,2692,53665,2337,31043,0,0,4729,53261,299,15734,4730,68995,California
Sacramento,2021-01-23,3755,88463,1568,55233,2187,33230,0,0,3291,56088,464,16198,3291,72286,California
Sacramento,2021-01-24,1621,90084,1013,56246,608,33838,0,0,1378,57225,242,16440,1379,73665,California
Sacramento,2021-01-25,4411,94495,2157,58403,2254,36092,0,0,2940,58697,1471,17911,2943,76608,California
Sacramento,2021-01-26,4752,99247,2157,60560,2595,38687,0,0,3553,61055,1197,19108,3555,80163,California
Sacramento,2021-01-27,5862,105109,3051,63611,2811,41498,0,0,4239,63676,1620,20728,4241,84404,California
Sacramento,2021-01-28,5411,110520,2739,66350,2672,44170,0,0,4310,66887,1100,21828,4311,88715,California
Sacramento,2021-01-29,5415,115935,2939,69289,2476,46646,0,0,4394,70269,1012,22840,4394,93109,California
Sacramento,2021-01-30,4518,120453,2204,71493,2314,48960,0,0,4086,73925,430,23270,4086,97195,California
Sacramento,2021-01-31,2336,122789,2034,73527,302,49262,0,0,2056,75706,277,23547,2058,99253,California
Sacramento,2021-02-01,5938,128727,3034,76561,2904,52166,0,0,4253,78278,1681,25228,4253,103506,California
Sacramento,2021-02-02,7023,135750,3790,80351,3233,55399,0,0,4862,81000,2142,27370,4864,108370,California
Sacramento,2021-02-03,7143,142893,3605,83956,3538,58937,0,0,5283,84434,1851,29221,5285,113655,California
Sacramento,2021-02-04,7763,150656,3680,87636,4083,63020,0,0,5524,87728,2230,31451,5524,119179,California
Sacramento,2021-02-05,7859,158515,4481,92117,3378,66398,0,0,4921,89738,2915,34366,4925,124104,California
Sacramento,2021-02-06,8472,166987,3475,95592,4997,71395,0,0,7124,95518,1346,35712,7126,131230,California
Sacramento,2021-02-07,4064,171051,2198,97790,1866,73261,0,0,2885,97231,1174,36886,2887,134117,California
Sacramento,2021-02-08,6268,177319,3259,101049,3009,76270,0,0,3912,98792,2351,39237,3912,138029,California
Sacramento,2021-02-09,6777,184096,3555,104604,3222,79492,0,0,4002,100029,2766,42003,4003,142032,California
Sacramento,2021-02-10,7696,191792,4211,108815,3485,82977,0,0,4526,101401,3156,45159,4528,146560,California
Sacramento,2021-02-11,9609,201401,5738,114553,3871,86848,0,0,5509,102827,4085,49244,5511,152071,California
Sacramento,2021-02-12,10690,212091,4154,118707,6536,93384,0,0,6403,105008,4225,53469,6406,158477,California
Sacramento,2021-02-13,7682,219773,2992,121699,4690,98074,0,0,6086,109504,1591,55060,6087,164564,California
Sacramento,2021-02-14,3203,222976,1967,123666,1236,99310,0,0,2099,110505,1102,56162,2103,166667,California
Sacramento,2021-02-15,6006,228982,2055,125721,3951,103261,0,0,4175,112858,1825,57987,4178,170845,California
Sacramento,2021-02-16,9255,238237,4214,129935,5041,108302,0,0,5320,114254,3928,61915,5324,176169,California
Sacramento,2021-02-17,8855,247092,4998,134933,3857,112159,0,0,5150,115714,3694,65609,5154,181323,California
Sacramento,2021-02-18,9597,256689,5770,140703,3827,115986,0,0,5738,117607,3849,69458,5742,187065,California
Sacramento,2021-02-19,10080,266769,6183,146886,3897,119883,0,0,5976,119495,4094,73552,5982,193047,California
Sacramento,2021-02-20,7857,274626,5793,152679,2064,121947,0,0,4755,121155,3096,76648,4756,197803,California
Sacramento,2021-02-21,3063,277689,2421,155100,642,122589,0,0,1089,120276,1968,78616,1089,198892,California
Sacramento,2021-02-22,6322,284011,3820,158920,2502,125091,0,0,2787,119544,3523,82139,2791,201683,California
Sacramento,2021-02-23,7285,291296,4510,163430,2775,127866,0,0,3548,119376,3720,85859,3552,205235,California
Sacramento,2021-02-24,9845,301141,5430,168860,4415,132281,0,0,5379,120311,4450,90309,5385,210620,California
Sacramento,2021-02-25,11287,312428,6473,175333,4814,137095,0,0,6635,122310,4636,94945,6635,217255,California
Sacramento,2021-02-26,14416,326844,6794,182127,7622,144717,0,0,9884,127697,4501,99446,9888,227143,California
Sacramento,2021-02-27,11072,337916,6868,188995,4201,148918,3,3,8189,133029,2860,102306,8192,235335,California
Sacramento,2021-02-28,6206,344122,2340,191335,3866,152784,0,3,3106,133050,3086,105392,3107,238442,California
Sacramento,2021-03-01,8627,352749,3618,194953,5008,157792,1,4,4706,133860,3899,109291,4709,243151,California
Sacramento,2021-03-02,9312,362061,4047,199000,5264,163056,1,5,5713,135996,3581,112872,5717,248868,California
Sacramento,2021-03-03,10993,373054,5017,204017,5973,169029,3,8,6559,138147,4413,117285,6564,255432,California
Sacramento,2021-03-04,13478,386532,6193,210210,7281,176310,4,12,7492,139695,5954,123239,7502,262934,California
Sacramento,2021-03-05,10634,397166,4910,215120,5694,182004,30,42,7070,143253,3543,126782,7101,270035,California
Sacramento,2021-03-06,8123,405289,3114,218234,4887,186891,122,164,4117,143499,3992,130774,4238,274273,California
Sacramento,2021-03-07,7624,412913,2215,220449,5320,192211,89,253,3756,143479,3863,134637,3843,278116,California
Sacramento,2021-03-08,9126,422039,4270,224719,4633,196844,223,476,5962,146510,3152,137789,6183,284299,California
Sacramento,2021-03-09,9624,431663,4558,229277,4774,201618,292,768,5536,148267,4070,141859,5827,290126,California
Sacramento,2021-03-10,11792,443455,7538,236815,3900,205518,354,1122,6885,150638,4872,146731,7243,297369,California
Sacramento,2021-03-11,15064,458519,10009,246824,4229,209747,826,1948,8922,154280,6102,152833,9744,307113,California
Sacramento,2021-03-12,18068,476587,8348,255172,8857,218604,863,2811,8843,154820,9174,162007,9714,316827,California
Sacramento,2021-03-13,13032,489619,3582,258754,9021,227625,429,3240,7869,157962,5152,167159,8294,325121,California
Sacramento,2021-03-14,8401,498020,3474,262228,4298,231923,629,3869,4430,159073,3946,171105,5057,330178,California
Sacramento,2021-03-15,12229,510249,4870,267098,6705,238628,654,4523,7039,161602,5165,176270,7694,337872,California
Sacramento,2021-03-16,14022,524271,6217,273315,7153,245781,652,5175,8623,165510,5361,181631,9269,347141,California
Sacramento,2021-03-17,13761,538032,6618,279933,6510,252291,633,5808,8790,169989,4946,186577,9425,356566,California
Sacramento,2021-03-18,15680,553712,8218,288151,6871,259162,591,6399,9938,174809,5708,192285,10528,367094,California
Sacramento,2021-03-19,15628,569340,7992,296143,6265,265427,1371,7770,7900,176369,7702,199987,9262,376356,California
Sacramento,2021-03-20,12921,582261,7541,303684,5040,270467,340,8110,8040,179899,4852,204839,8382,384738,California
Sacramento,2021-03-21,5588,587849,2754,306438,2796,273263,38,8148,4855,184076,720,205559,4897,389635,California
Sacramento,2021-03-22,9375,597224,4799,311237,3725,276988,851,8999,6182,187944,3165,208724,7033,396668,California
Sacramento,2021-03-23,11355,608579,6757,317994,3788,280776,810,9809,7255,191948,4058,212782,8062,404730,California
Sacramento,2021-03-24,11865,620444,7269,325263,3967,284743,629,10438,6720,194234,5063,217845,7349,412079,California
Sacramento,2021-03-25,14173,634617,8345,333608,4991,289734,837,11275,8519,197976,5609,223454,9351,421430,California
Sacramento,2021-03-26,18280,652897,8924,342532,8850,298584,506,11781,9153,198578,9059,232513,9661,431091,California
Sacramento,2021-03-27,9685,662582,3574,346106,5823,304407,288,12069,5096,199400,4558,237071,5380,436471,California
Sacramento,2021-03-28,6529,669111,3222,349328,3058,307465,249,12318,2701,198536,3817,240888,2953,439424,California
Sacramento,2021-03-29,11032,680143,5900,355228,4757,312222,375,12693,4951,197811,6052,246940,5327,444751,California
Sacramento,2021-03-30,11844,691987,6078,361306,5379,317601,387,13080,6002,198381,5819,252759,6389,451140,California
Sacramento,2021-03-31,13435,705422,7861,369167,5181,322782,393,13473,5654,196669,7753,260512,6041,457181,California
Sacramento,2021-04-01,17461,722883,10474,379641,6752,329534,235,13708,7326,194145,10090,270602,7566,464747,California
Sacramento,2021-04-02,17139,740022,9696,389337,6699,336233,744,14452,9010,195801,8097,278699,9753,474500,California
Sacramento,2021-04-03,10453,750475,6241,395578,3662,339895,550,15002,6414,198751,4008,282707,6958,481458,California
Sacramento,2021-04-04,3729,754204,1533,397111,1991,341886,205,15207,1447,198122,2276,284983,1647,483105,California
Sacramento,2021-04-05,12056,766260,7568,404679,3651,345537,837,16044,5377,197688,6642,291625,6208,489313,California
Sacramento,2021-04-06,15645,781905,8860,413539,5443,350980,1342,17386,6916,197244,8696,300321,8252,497565,California
Sacramento,2021-04-07,14848,796753,8029,421568,5214,356194,1605,18991,7159,198348,7647,307968,8751,506316,California
Sacramento,2021-04-08,15059,811812,6778,428346,5305,361499,2976,21967,6004,198289,9019,316987,8960,515276,California
Sacramento,2021-04-09,18304,830116,9368,437714,6729,368228,2207,24174,7434,197089,10829,327816,9629,524905,California
Sacramento,2021-04-10,12878,842994,3839,441553,7820,376048,1219,25393,5347,196129,7501,335317,6541,531446,California
Sacramento,2021-04-11,10789,853783,4338,445891,6224,382272,227,25620,3844,193278,6921,342238,4070,535516,California
Sacramento,2021-04-12,12978,866761,5040,450931,6055,388327,1883,27503,4945,192120,7969,350207,6811,542327,California
Sacramento,2021-04-13,16266,883027,9946,460877,6317,394644,3,27506,7573,191036,8664,358871,7580,549907,California
Sacramento,2021-04-14,14966,897993,7972,468849,6992,401636,2,27508,5910,187928,9027,367898,5919,555826,California
Sacramento,2021-04-15,16368,914361,8413,477262,7952,409588,3,27511,6659,184926,9670,377568,6668,562494,California
Sacramento,2021-04-16,17401,931762,9609,486871,7792,417380,0,27511,7884,183337,9476,387044,7887,570381,California
Sacramento,2021-04-17,15289,947051,6143,493014,9146,426526,0,27511,11082,190236,4188,391232,11087,581468,California
Sacramento,2021-04-18,8433,955484,3066,496080,5367,431893,0,27511,3739,189301,4675,395907,3740,585208,California
Sacramento,2021-04-19,10551,966035,5712,501792,4834,436727,5,27516,4683,188143,5847,401754,4689,589897,California
Sacramento,2021-04-20,11093,977128,6733,508525,4357,441084,3,27519,5901,188880,5171,406925,5908,595805,California
Sacramento,2021-04-21,11480,988608,6639,515164,4839,445923,2,27521,6211,189849,5245,412170,6214,602019,California
Sacramento,2021-04-22,14814,1003422,9895,525059,4916,450839,3,27524,6810,188689,7975,420145,6815,608834,California
Sacramento,2021-04-23,15891,1019313,10005,535064,5886,456725,0,27524,7374,187584,8481,428626,7376,616210,California
Sacramento,2021-04-24,11321,1030634,7002,542066,4318,461043,1,27525,5923,188148,5361,433987,5925,622135,California
Sacramento,2021-04-25,8001,1038635,4476,546542,3525,464568,0,27525,4167,188496,3820,437807,4168,626303,California
Sacramento,2021-04-26,10603,1049238,6612,553154,3967,468535,24,27549,5008,187964,5564,443371,5032,631335,California
Sacramento,2021-04-27,12025,1061263,7892,561046,3979,472514,154,27703,5903,187934,6089,449460,6059,637394,California
Sacramento,2021-04-28,10477,1071740,5847,566893,4424,476938,206,27909,5817,189332,4630,454090,6028,643422,California
Sacramento,2021-04-29,10859,1082599,7308,574201,3248,480186,303,28212,6005,190821,4819,458909,6308,649730,California
Sacramento,2021-04-30,12451,1095050,7809,582010,4381,484567,261,28473,5863,190403,6543,465452,6125,655855,California
Sacramento,2021-05-01,7585,1102635,5477,587487,1933,486500,175,28648,2759,188544,4791,470243,2932,658787,California
Sacramento,2021-05-02,4988,1107623,4296,591783,541,487041,151,28799,2226,188182,2737,472980,2375,661162,California
Sacramento,2021-05-03,9112,1116735,7284,599067,1548,488589,280,29079,3967,187302,5123,478103,4243,665405,California
Sacramento,2021-05-04,9367,1126102,5694,604761,3364,491953,309,29388,3787,185860,5537,483640,4095,669500,California
Sacramento,2021-05-05,11054,1137156,5986,610747,4609,496562,459,29847,4506,184315,6505,490145,4960,674460,California
Sacramento,2021-05-06,11199,1148355,6204,616951,4688,501250,307,30154,4617,182977,6260,496405,4922,679382,California
Sacramento,2021-05-07,10610,1158965,6165,623116,4075,505325,370,30524,4471,181730,6089,502494,4842,684224,California
Sacramento,2021-05-08,8227,1167192,3815,626931,4182,509507,230,30754,2716,179195,5474,507968,2939,687163,California
Sacramento,2021-05-09,3148,1170340,1654,628585,1380,510887,114,30868,1174,178520,1963,509931,1288,688451,California
Sacramento,2021-05-10,8076,1178416,3734,632319,4073,514960,269,31137,1973,174692,6072,516003,2244,690695,California
Sacramento,2021-05-11,8273,1186689,5154,637473,2861,517821,258,31395,2881,172472,5359,521362,3139,693834,California
Sacramento,2021-05-12,8540,1195229,5141,642614,3144,520965,255,31650,3039,170297,5467,526829,3292,697126,California
Sacramento,2021-05-13,11663,1206892,7452,650066,3935,524900,276,31926,4464,167874,7162,533991,4739,701865,California
Sacramento,2021-05-14,12201,1219093,6906,656972,5006,529906,289,32215,5055,166124,7093,541084,5343,707208,California
Sacramento,2021-05-15,13070,1232163,7900,664872,5027,534933,143,32358,5795,164816,7242,548326,5934,713142,California
Sacramento,2021-05-16,7849,1240012,4097,668969,3639,538572,113,32471,2134,161373,5692,554018,2249,715391,California
Sacramento,2021-05-17,10385,1250397,6307,675276,3787,542359,291,32762,3979,159274,6372,560390,4273,719664,California
Sacramento,2021-05-18,9696,1260093,6085,681361,3402,545761,209,32971,3689,157210,5966,566356,3902,723566,California
Sacramento,2021-05-19,9735,1269828,6234,687595,3240,549001,261,33232,4516,156814,5179,571535,4783,728349,California
Sacramento,2021-05-20,10110,1279938,6670,694265,3179,552180,261,33493,3841,154697,6220,577755,4103,732452,California
Sacramento,2021-05-21,10663,1290601,6792,701057,3546,555726,325,33818,4557,153520,6065,583820,4888,737340,California
Sacramento,2021-05-22,7387,1297988,4579,705636,2637,558363,171,33989,3340,153017,4017,587837,3514,740854,California
Sacramento,2021-05-23,4158,1302146,2862,708498,1193,559556,103,34092,1911,152804,2228,590065,2015,742869,California
Sacramento,2021-05-24,7650,1309796,4566,713064,2754,562310,330,34422,2394,150313,5213,595278,2722,745591,California
Sacramento,2021-05-25,6640,1316436,3848,716912,2500,564810,292,34714,2365,148718,4251,599529,2656,748247,California
Sacramento,2021-05-26,8433,1324869,4666,721578,3439,568249,328,35042,2777,146213,5606,605135,3101,751348,California
Sacramento,2021-05-27,6652,1331521,3636,725214,2773,571022,243,35285,2965,145772,3649,608784,3208,754556,California
Sacramento,2021-05-28,8223,1339744,4567,729781,3287,574309,369,35654,3494,144945,4691,613475,3864,758420,California
Sacramento,2021-05-29,4360,1344104,2668,732449,1536,575845,156,35810,2226,145216,2111,615586,2382,760802,California
Sacramento,2021-05-30,1650,1345754,1036,733485,575,576420,39,35849,761,145133,883,616469,800,761602,California
Sacramento,2021-05-31,884,1346638,444,733929,427,576847,13,35862,315,144892,569,617038,328,761930,California
Sacramento,2021-06-01,6922,1353560,4163,738092,2553,579400,206,36068,2672,143558,4209,621247,2875,764805,California
Sacramento,2021-06-02,6070,1359630,3348,741440,2509,581909,213,36281,2318,142380,3707,624954,2529,767334,California
Sacramento,2021-06-03,7412,1367042,5056,746496,2174,584083,182,36463,2252,139693,5120,630074,2433,769767,California
Sacramento,2021-06-04,7016,1374058,4503,750999,2304,586387,209,36672,2277,137471,4708,634782,2486,772253,California
Sacramento,2021-06-05,6156,1380214,4527,755526,1490,587877,139,36811,1792,135064,4336,639118,1929,774182,California
Sacramento,2021-06-06,2329,1382543,1821,757347,451,588328,57,36868,791,134380,1532,640650,848,775030,California
Sacramento,2021-06-07,5534,1388077,3880,761227,1483,589811,171,37039,1600,132240,3908,644558,1768,776798,California
Sacramento,2021-06-08,5327,1393404,3657,764884,1493,591304,177,37216,1779,130677,3522,648080,1959,778757,California
Sacramento,2021-06-09,5166,1398570,3601,768485,1427,592731,138,37354,1261,128210,3868,651948,1401,780158,California
Sacramento,2021-06-10,4329,1402899,2763,771248,1413,594144,153,37507,1309,126694,2978,654926,1462,781620,California
Sacramento,2021-06-11,4887,1407786,3510,774758,1234,595378,143,37650,1121,124206,3750,658676,1262,782882,California
San Benito,2020-12-16,29,29,29,29,0,0,0,0,29,29,0,0,29,29,California
San Benito,2020-12-17,47,76,47,76,0,0,0,0,47,76,0,0,47,76,California
San Benito,2020-12-18,72,148,72,148,0,0,0,0,72,148,0,0,72,148,California
San Benito,2020-12-19,47,195,47,195,0,0,0,0,47,195,0,0,47,195,California
San Benito,2020-12-20,23,218,23,218,0,0,0,0,23,218,0,0,23,218,California
San Benito,2020-12-21,78,296,78,296,0,0,0,0,78,296,0,0,78,296,California
San Benito,2020-12-22,104,400,104,400,0,0,0,0,104,400,0,0,104,400,California
San Benito,2020-12-23,85,485,74,474,11,11,0,0,85,485,0,0,85,485,California
San Benito,2020-12-24,13,498,5,479,8,19,0,0,13,498,0,0,13,498,California
San Benito,2020-12-25,3,501,3,482,0,19,0,0,3,501,0,0,3,501,California
San Benito,2020-12-26,12,513,4,486,8,27,0,0,12,513,0,0,12,513,California
San Benito,2020-12-27,8,521,7,493,1,28,0,0,8,521,0,0,8,521,California
San Benito,2020-12-28,64,585,37,530,27,55,0,0,64,585,0,0,64,585,California
San Benito,2020-12-29,50,635,21,551,29,84,0,0,50,635,0,0,50,635,California
San Benito,2020-12-30,59,694,37,588,22,106,0,0,59,694,0,0,59,694,California
San Benito,2020-12-31,17,711,2,590,15,121,0,0,17,711,0,0,17,711,California
San Benito,2021-01-02,24,735,23,613,1,122,0,0,24,735,0,0,24,735,California
San Benito,2021-01-03,3,738,1,614,2,124,0,0,3,738,0,0,3,738,California
San Benito,2021-01-04,62,800,24,638,38,162,0,0,62,800,0,0,62,800,California
San Benito,2021-01-05,121,921,37,675,84,246,0,0,118,915,3,3,118,918,California
San Benito,2021-01-06,101,1022,41,716,60,306,0,0,87,988,14,17,87,1005,California
San Benito,2021-01-07,105,1127,67,783,38,344,0,0,53,989,52,69,53,1058,California
San Benito,2021-01-08,184,1311,90,873,94,438,0,0,119,1043,65,134,119,1177,California
San Benito,2021-01-09,44,1355,32,905,12,450,0,0,30,1059,14,148,30,1207,California
San Benito,2021-01-10,16,1371,14,919,2,452,0,0,5,1053,11,159,5,1212,California
San Benito,2021-01-11,174,1545,109,1028,65,517,0,0,72,1023,102,261,72,1284,California
San Benito,2021-01-12,162,1707,58,1086,104,621,0,0,121,1103,41,302,121,1405,California
San Benito,2021-01-13,224,1931,66,1152,158,779,0,0,176,1231,48,350,176,1581,California
San Benito,2021-01-14,120,2051,25,1177,95,874,0,0,100,1312,20,370,101,1682,California
San Benito,2021-01-15,216,2267,21,1198,195,1069,0,0,202,1500,14,384,202,1884,California
San Benito,2021-01-16,25,2292,8,1206,17,1086,0,0,20,1515,5,389,20,1904,California
San Benito,2021-01-17,11,2303,5,1211,6,1092,0,0,8,1520,3,392,8,1912,California
San Benito,2021-01-18,35,2338,22,1233,13,1105,0,0,20,1525,15,407,20,1932,California
San Benito,2021-01-19,152,2490,66,1299,86,1191,0,0,124,1621,28,435,124,2056,California
San Benito,2021-01-20,276,2766,95,1394,181,1372,0,0,231,1808,44,479,231,2287,California
San Benito,2021-01-21,126,2892,32,1426,94,1466,0,0,101,1884,25,504,101,2388,California
San Benito,2021-01-22,238,3130,19,1445,219,1685,0,0,228,2102,10,514,228,2616,California
San Benito,2021-01-23,29,3159,16,1461,13,1698,0,0,12,2097,17,531,12,2628,California
San Benito,2021-01-24,8,3167,3,1464,5,1703,0,0,4,2097,4,535,4,2632,California
San Benito,2021-01-25,65,3232,24,1488,41,1744,0,0,19,2070,46,581,19,2651,California
San Benito,2021-01-26,138,3370,41,1529,97,1841,0,0,85,2102,53,634,85,2736,California
San Benito,2021-01-27,231,3601,70,1599,161,2002,0,0,191,2253,40,674,191,2927,California
San Benito,2021-01-28,150,3751,32,1631,118,2120,0,0,121,2346,28,702,121,3048,California
San Benito,2021-01-29,293,4044,33,1664,260,2380,0,0,269,2592,23,725,269,3317,California
San Benito,2021-01-30,51,4095,33,1697,18,2398,0,0,27,2595,24,749,27,3344,California
San Benito,2021-01-31,15,4110,4,1701,11,2409,0,0,10,2600,5,754,10,3354,California
San Benito,2021-02-01,134,4244,28,1729,106,2515,0,0,91,2648,43,797,91,3445,California
San Benito,2021-02-02,232,4476,49,1778,183,2698,0,0,138,2692,94,891,138,3583,California
San Benito,2021-02-03,343,4819,44,1822,299,2997,0,0,273,2895,70,961,273,3856,California
San Benito,2021-02-04,169,4988,25,1847,144,3141,0,0,123,2972,46,1007,123,3979,California
San Benito,2021-02-05,299,5287,41,1888,258,3399,0,0,235,3143,64,1071,235,4214,California
San Benito,2021-02-06,47,5334,8,1896,39,3438,0,0,31,3158,16,1087,31,4245,California
San Benito,2021-02-07,15,5349,6,1902,9,3447,0,0,14,3171,1,1088,14,4259,California
San Benito,2021-02-08,139,5488,16,1918,123,3570,0,0,93,3218,46,1134,93,4352,California
San Benito,2021-02-09,326,5814,61,1979,265,3835,0,0,193,3278,133,1267,193,4545,California
San Benito,2021-02-10,322,6136,87,2066,235,4070,0,0,113,3183,208,1475,113,4658,California
San Benito,2021-02-11,302,6438,33,2099,269,4339,0,0,201,3283,101,1576,201,4859,California
San Benito,2021-02-12,421,6859,31,2130,390,4729,0,0,213,3289,207,1783,213,5072,California
San Benito,2021-02-13,57,6916,6,2136,51,4780,0,0,46,3324,11,1794,46,5118,California
San Benito,2021-02-14,40,6956,5,2141,35,4815,0,0,30,3344,10,1804,30,5148,California
San Benito,2021-02-15,109,7065,10,2151,99,4914,0,0,99,3433,10,1814,99,5247,California
San Benito,2021-02-16,210,7275,11,2162,199,5113,0,0,106,3436,104,1918,107,5354,California
San Benito,2021-02-17,332,7607,31,2193,301,5414,0,0,282,3668,50,1968,282,5636,California
San Benito,2021-02-18,293,7900,38,2231,255,5669,0,0,70,3515,223,2191,70,5706,California
San Benito,2021-02-19,351,8251,49,2280,302,5971,0,0,180,3524,171,2362,180,5886,California
San Benito,2021-02-20,47,8298,25,2305,22,5993,0,0,37,3551,10,2372,37,5923,California
San Benito,2021-02-21,24,8322,11,2316,13,6006,0,0,17,3561,7,2379,17,5940,California
San Benito,2021-02-22,133,8455,33,2349,100,6106,0,0,98,3625,34,2413,98,6038,California
San Benito,2021-02-23,374,8829,94,2443,280,6386,0,0,259,3769,115,2528,259,6297,California
San Benito,2021-02-24,385,9214,68,2511,317,6703,0,0,245,3874,140,2668,245,6542,California
San Benito,2021-02-25,399,9613,71,2582,328,7031,0,0,277,4027,124,2792,277,6819,California
San Benito,2021-02-26,660,10273,75,2657,585,7616,0,0,413,4193,247,3039,413,7232,California
San Benito,2021-02-27,111,10384,45,2702,66,7682,0,0,93,4268,18,3057,93,7325,California
San Benito,2021-02-28,253,10637,28,2730,225,7907,0,0,244,4503,9,3066,244,7569,California
San Benito,2021-03-01,232,10869,60,2790,172,8079,0,0,161,4592,72,3138,161,7730,California
San Benito,2021-03-02,285,11154,93,2883,192,8271,0,0,214,4735,71,3209,214,7944,California
San Benito,2021-03-03,402,11556,56,2939,346,8617,0,0,227,4789,173,3382,227,8171,California
San Benito,2021-03-04,622,12178,129,3068,478,9095,15,15,436,5043,186,3568,440,8611,California
San Benito,2021-03-05,593,12771,311,3379,270,9365,12,27,377,5218,214,3782,389,9000,California
San Benito,2021-03-06,202,12973,73,3452,115,9480,14,41,150,5330,52,3834,164,9164,California
San Benito,2021-03-07,645,13618,602,4054,20,9500,23,64,613,5934,32,3866,636,9800,California
San Benito,2021-03-08,292,13910,68,4122,177,9677,47,111,168,6025,124,3990,215,10015,California
San Benito,2021-03-09,429,14339,84,4206,245,9922,100,211,139,5948,289,4279,212,10227,California
San Benito,2021-03-10,405,14744,117,4323,192,10114,96,307,233,6105,172,4451,329,10556,California
San Benito,2021-03-11,476,15220,122,4445,199,10313,155,462,210,6204,266,4717,365,10921,California
San Benito,2021-03-12,526,15746,122,4567,309,10622,95,557,233,6242,291,5008,329,11250,California
San Benito,2021-03-13,201,15947,99,4666,83,10705,19,576,128,6319,70,5078,147,11397,California
San Benito,2021-03-14,233,16180,40,4706,173,10878,20,596,179,6465,53,5131,199,11596,California
San Benito,2021-03-15,326,16506,99,4805,208,11086,19,615,192,6542,134,5265,211,11807,California
San Benito,2021-03-16,507,17013,221,5026,254,11340,32,647,353,6771,154,5419,383,12190,California
San Benito,2021-03-17,799,17812,481,5507,296,11636,22,669,565,7120,230,5649,579,12769,California
San Benito,2021-03-18,792,18604,534,6041,205,11841,53,722,574,7521,217,5866,618,13387,California
San Benito,2021-03-19,774,19378,404,6445,347,12188,23,745,572,7914,202,6068,595,13982,California
San Benito,2021-03-20,248,19626,152,6597,85,12273,11,756,187,8051,61,6129,198,14180,California
San Benito,2021-03-21,112,19738,58,6655,49,12322,5,761,82,8108,30,6159,87,14267,California
San Benito,2021-03-22,351,20089,172,6827,154,12476,25,786,219,8220,132,6291,244,14511,California
San Benito,2021-03-23,478,20567,202,7029,266,12742,10,796,219,8189,259,6550,228,14739,California
San Benito,2021-03-24,584,21151,310,7339,267,13009,7,803,365,8343,218,6768,372,15111,California
San Benito,2021-03-25,749,21900,445,7784,300,13309,4,807,445,8492,300,7068,449,15560,California
San Benito,2021-03-26,1032,22932,527,8311,500,13809,5,812,339,8144,692,7760,344,15904,California
San Benito,2021-03-27,346,23278,196,8507,117,13926,33,845,222,8275,124,7884,255,16159,California
San Benito,2021-03-28,731,24009,604,9111,121,14047,6,851,129,7808,602,8486,135,16294,California
San Benito,2021-03-29,344,24353,110,9221,214,14261,20,871,143,7769,201,8687,162,16456,California
San Benito,2021-03-30,588,24941,278,9499,214,14475,96,967,299,7875,289,8976,395,16851,California
San Benito,2021-03-31,603,25544,371,9870,208,14683,24,991,343,7985,257,9233,367,17218,California
San Benito,2021-04-01,960,26504,385,10255,536,15219,39,1030,570,8200,389,9622,604,17822,California
San Benito,2021-04-02,542,27046,260,10515,146,15365,136,1166,267,8329,274,9896,403,18225,California
San Benito,2021-04-03,260,27306,87,10602,108,15473,65,1231,74,8282,186,10082,139,18364,California
San Benito,2021-04-04,143,27449,107,10709,30,15503,6,1237,105,8355,38,10120,111,18475,California
San Benito,2021-04-05,361,27810,173,10882,145,15648,43,1280,150,8336,211,10331,192,18667,California
San Benito,2021-04-06,468,28278,165,11047,124,15772,179,1459,159,8365,309,10640,338,19005,California
San Benito,2021-04-07,948,29226,530,11577,229,16001,189,1648,266,8140,680,11320,455,19460,California
San Benito,2021-04-08,863,30089,430,12007,181,16182,252,1900,225,7980,637,11957,477,19937,California
San Benito,2021-04-09,853,30942,503,12510,258,16440,92,1992,295,7810,557,12514,387,20324,California
San Benito,2021-04-10,355,31297,213,12723,79,16519,63,2055,196,7911,159,12673,260,20584,California
San Benito,2021-04-11,477,31774,273,12996,170,16689,34,2089,270,7987,207,12880,283,20867,California
San Benito,2021-04-12,537,32311,284,13280,136,16825,117,2206,279,8122,257,13137,392,21259,California
San Benito,2021-04-13,756,33067,295,13575,438,17263,23,2229,524,8439,231,13368,548,21807,California
San Benito,2021-04-14,847,33914,669,14244,178,17441,0,2229,402,8402,439,13807,402,22209,California
San Benito,2021-04-15,954,34868,741,14985,212,17653,1,2230,478,8406,475,14282,479,22688,California
San Benito,2021-04-16,703,35571,368,15353,324,17977,11,2241,294,8306,406,14688,306,22994,California
San Benito,2021-04-17,322,35893,225,15578,97,18074,0,2241,130,8242,194,14882,130,23124,California
San Benito,2021-04-18,496,36389,413,15991,83,18157,0,2241,237,8222,259,15141,239,23363,California
San Benito,2021-04-19,741,37130,594,16585,147,18304,0,2241,424,8331,316,15457,425,23788,California
San Benito,2021-04-20,776,37906,406,16991,368,18672,2,2243,492,8545,279,15736,493,24281,California
San Benito,2021-04-21,960,38866,702,17693,258,18930,0,2243,522,8643,424,16160,522,24803,California
San Benito,2021-04-22,904,39770,691,18384,213,19143,0,2243,569,8885,327,16487,569,25372,California
San Benito,2021-04-23,634,40404,400,18784,233,19376,1,2244,344,8988,241,16728,344,25716,California
San Benito,2021-04-24,364,40768,202,18986,162,19538,0,2244,171,9004,155,16883,171,25887,California
San Benito,2021-04-25,206,40974,128,19114,78,19616,0,2244,95,9006,93,16976,95,25982,California
San Benito,2021-04-26,493,41467,391,19505,102,19718,0,2244,259,9092,173,17149,259,26241,California
San Benito,2021-04-27,554,42021,280,19785,267,19985,7,2251,408,9371,136,17285,415,26656,California
San Benito,2021-04-28,555,42576,391,20176,155,20140,9,2260,393,9615,157,17442,401,27057,California
San Benito,2021-04-29,635,43211,234,20410,391,20531,10,2270,254,9515,381,17823,281,27338,California
San Benito,2021-04-30,379,43590,211,20621,161,20692,7,2277,205,9555,172,17995,212,27550,California
San Benito,2021-05-01,202,43792,146,20767,47,20739,9,2286,66,9496,134,18129,75,27625,California
San Benito,2021-05-02,192,43984,164,20931,24,20763,4,2290,59,9426,133,18262,63,27688,California
San Benito,2021-05-03,362,44346,283,21214,69,20832,10,2300,90,9256,272,18534,102,27790,California
San Benito,2021-05-04,407,44753,246,21460,153,20985,8,2308,151,9160,254,18788,158,27948,California
San Benito,2021-05-05,607,45360,426,21886,165,21150,16,2324,210,8992,394,19182,226,28174,California
San Benito,2021-05-06,620,45980,490,22376,114,21264,16,2340,223,8838,393,19575,239,28413,California
San Benito,2021-05-07,449,46429,283,22659,155,21419,11,2351,174,8751,273,19848,186,28599,California
San Benito,2021-05-08,278,46707,226,22885,47,21466,5,2356,157,8792,121,19969,162,28761,California
San Benito,2021-05-09,103,46810,77,22962,23,21489,3,2359,48,8788,55,20024,51,28812,California
San Benito,2021-05-10,416,47226,327,23289,65,21554,24,2383,52,8501,364,20388,77,28889,California
San Benito,2021-05-11,822,48048,411,23700,395,21949,16,2399,183,8064,637,21025,200,29089,California
San Benito,2021-05-12,491,48539,389,24089,89,22038,13,2412,114,7816,376,21401,128,29217,California
San Benito,2021-05-13,687,49226,587,24676,90,22128,10,2422,174,7489,510,21911,183,29400,California
San Benito,2021-05-14,598,49824,443,25119,148,22276,7,2429,234,7367,363,22274,241,29641,California
San Benito,2021-05-15,228,50052,171,25290,51,22327,6,2435,125,7395,103,22377,131,29772,California
San Benito,2021-05-16,168,50220,140,25430,26,22353,2,2437,92,7413,76,22453,94,29866,California
San Benito,2021-05-17,391,50611,314,25744,67,22420,10,2447,178,7390,211,22664,188,30054,California
San Benito,2021-05-18,671,51282,351,26095,315,22735,5,2452,209,7143,462,23126,215,30269,California
San Benito,2021-05-19,577,51859,419,26514,150,22885,8,2460,232,7038,345,23471,240,30509,California
San Benito,2021-05-20,593,52452,468,26982,114,22999,11,2471,315,7087,277,23748,326,30835,California
San Benito,2021-05-21,472,52924,278,27260,177,23176,17,2488,216,7066,254,24002,233,31068,California
San Benito,2021-05-22,298,53222,223,27483,70,23246,5,2493,181,7138,115,24117,187,31255,California
San Benito,2021-05-23,91,53313,54,27537,33,23279,4,2497,34,7118,57,24174,37,31292,California
San Benito,2021-05-24,300,53613,252,27789,41,23320,7,2504,186,7197,114,24288,193,31485,California
San Benito,2021-05-25,527,54140,242,28031,278,23598,7,2511,172,7023,353,24641,179,31664,California
San Benito,2021-05-26,296,54436,178,28209,112,23710,6,2517,116,6965,179,24820,121,31785,California
San Benito,2021-05-27,405,54841,309,28518,73,23783,23,2540,149,6884,256,25076,175,31960,California
San Benito,2021-05-28,287,55128,177,28695,103,23886,7,2547,111,6827,175,25251,118,32078,California
San Benito,2021-05-29,148,55276,126,28821,20,23906,2,2549,63,6807,85,25336,65,32143,California
San Benito,2021-05-30,270,55546,255,29076,15,23921,0,2549,94,6726,175,25511,94,32237,California
San Benito,2021-05-31,102,55648,89,29165,11,23932,2,2551,45,6717,56,25567,47,32284,California
San Benito,2021-06-01,270,55918,122,29287,122,24054,26,2577,99,6671,170,25737,124,32408,California
San Benito,2021-06-02,321,56239,242,29529,76,24130,3,2580,119,6592,202,25939,123,32531,California
San Benito,2021-06-03,340,56579,288,29817,45,24175,7,2587,134,6530,203,26142,141,32672,California
San Benito,2021-06-04,269,56848,202,30019,67,24242,0,2587,87,6436,181,26323,87,32759,California
San Benito,2021-06-05,91,56939,73,30092,17,24259,1,2588,19,6385,71,26394,20,32779,California
San Benito,2021-06-06,59,56998,48,30140,8,24267,3,2591,15,6359,44,26438,18,32797,California
San Benito,2021-06-07,337,57335,298,30438,34,24301,5,2596,88,6205,247,26685,93,32890,California
San Benito,2021-06-08,306,57641,215,30653,76,24377,15,2611,97,6109,208,26893,112,33002,California
San Benito,2021-06-09,208,57849,162,30815,38,24415,8,2619,63,6035,145,27038,71,33073,California
San Benito,2021-06-10,318,58167,293,31108,18,24433,7,2626,55,5836,261,27299,62,33135,California
San Benito,2021-06-11,118,58285,89,31197,8,24441,21,2647,28,5796,89,27388,49,33184,California
San Bernardino,2020-12-15,13,13,13,13,0,0,0,0,13,13,0,0,13,13,California
San Bernardino,2020-12-16,114,127,114,127,0,0,0,0,114,127,0,0,114,127,California
San Bernardino,2020-12-17,2374,2501,2374,2501,0,0,0,0,2374,2501,0,0,2374,2501,California
San Bernardino,2020-12-18,3160,5661,3157,5658,3,3,0,0,3161,5662,0,0,3161,5662,California
San Bernardino,2020-12-19,1077,6738,1076,6734,1,4,0,0,1078,6740,0,0,1078,6740,California
San Bernardino,2020-12-20,1173,7911,1170,7904,3,7,0,0,1173,7913,0,0,1173,7913,California
San Bernardino,2020-12-21,2469,10380,2463,10367,6,13,0,0,2469,10382,0,0,2469,10382,California
San Bernardino,2020-12-22,2285,12665,2155,12522,130,143,0,0,2285,12667,0,0,2285,12667,California
San Bernardino,2020-12-23,2680,15345,1475,13997,1205,1348,0,0,2678,15345,0,0,2678,15345,California
San Bernardino,2020-12-24,1170,16515,590,14587,580,1928,0,0,1170,16514,1,1,1170,16515,California
San Bernardino,2020-12-25,74,16589,14,14601,60,1988,0,0,74,16588,0,1,74,16589,California
San Bernardino,2020-12-26,463,17052,254,14855,209,2197,0,0,463,17051,0,1,463,17052,California
San Bernardino,2020-12-27,348,17400,161,15016,187,2384,0,0,347,17397,1,2,347,17399,California
San Bernardino,2020-12-28,1579,18979,716,15732,863,3247,0,0,1580,18977,0,2,1580,18979,California
San Bernardino,2020-12-29,2224,21203,1047,16779,1177,4424,0,0,2224,21201,0,2,2224,21203,California
San Bernardino,2020-12-30,2897,24100,1455,18234,1442,5866,0,0,2897,24098,0,2,2897,24100,California
San Bernardino,2020-12-31,1367,25467,440,18674,927,6793,0,0,1365,25463,0,2,1365,25465,California
San Bernardino,2021-01-01,286,25753,153,18827,133,6926,0,0,285,25748,0,2,285,25750,California
San Bernardino,2021-01-02,480,26233,340,19167,140,7066,0,0,480,26228,0,2,480,26230,California
San Bernardino,2021-01-03,136,26369,86,19253,50,7116,0,0,136,26364,0,2,136,26366,California
San Bernardino,2021-01-04,2139,28508,1297,20550,842,7958,0,0,2138,28502,0,2,2138,28504,California
San Bernardino,2021-01-05,2340,30848,1463,22013,877,8835,0,0,2231,30625,108,110,2231,30735,California
San Bernardino,2021-01-06,3463,34311,2367,24380,1096,9931,0,0,2961,33091,496,606,2962,33697,California
San Bernardino,2021-01-07,5441,39752,4518,28898,923,10854,0,0,2487,32643,2935,3541,2487,36184,California
San Bernardino,2021-01-08,5374,45126,4450,33348,924,11778,0,0,2285,31845,3084,6625,2286,38470,California
San Bernardino,2021-01-09,1408,46534,1104,34452,304,12082,0,0,906,32249,502,7127,906,39376,California
San Bernardino,2021-01-10,1023,47557,597,35049,426,12508,0,0,575,32376,448,7575,575,39951,California
San Bernardino,2021-01-11,4987,52544,4082,39131,905,13413,0,0,2764,32921,2219,9794,2764,42715,California
San Bernardino,2021-01-12,4243,56787,3218,42349,1025,14438,0,0,2513,33707,1727,11521,2513,45228,California
San Bernardino,2021-01-13,4597,61384,2863,45212,1734,16172,0,0,3361,35845,1225,12746,3363,48591,California
San Bernardino,2021-01-14,4834,66218,2847,48059,1987,18159,0,0,4246,39507,584,13330,4246,52837,California
San Bernardino,2021-01-15,6018,72236,2996,51055,3022,21181,0,0,5620,44740,390,13720,5623,58460,California
San Bernardino,2021-01-16,2265,74501,1292,52347,973,22154,0,0,2121,46717,144,13864,2121,60581,California
San Bernardino,2021-01-17,1179,75680,505,52852,674,22828,0,0,1095,47731,83,13947,1097,61678,California
San Bernardino,2021-01-18,4276,79956,2643,55495,1633,24461,0,0,3653,50763,623,14570,3655,65333,California
San Bernardino,2021-01-19,6346,86302,3725,59220,2621,27082,0,0,5249,54919,1095,15665,5251,70584,California
San Bernardino,2021-01-20,6871,93173,3777,62997,3094,30176,0,0,4912,57883,1950,17615,4914,75498,California
San Bernardino,2021-01-21,6007,99180,3093,66090,2914,33090,0,0,4889,61666,1110,18725,4893,80391,California
San Bernardino,2021-01-22,6557,105737,3066,69156,3491,36581,0,0,5829,66770,726,19451,5830,86221,California
San Bernardino,2021-01-23,3129,108866,1901,71057,1228,37809,0,0,2735,69112,393,19844,2735,88956,California
San Bernardino,2021-01-24,1200,110066,461,71518,739,38548,0,0,1097,70106,103,19947,1097,90053,California
San Bernardino,2021-01-25,6903,116969,3413,74931,3490,42038,0,0,5055,73319,1845,21792,5058,95111,California
San Bernardino,2021-01-26,7064,124033,3505,78436,3559,45597,0,0,4952,76162,2111,23903,4954,100065,California
San Bernardino,2021-01-27,8549,132582,4159,82595,4390,49987,0,0,5722,79065,2819,26722,5722,105787,California
San Bernardino,2021-01-28,8605,141187,4084,86679,4521,54508,0,0,6278,83021,2322,29044,6278,112065,California
San Bernardino,2021-01-29,8224,149411,3786,90465,4438,58946,0,0,6242,87296,1968,31012,6243,118308,California
San Bernardino,2021-01-30,3092,152503,1889,92354,1203,60149,0,0,2801,89809,289,31301,2802,121110,California
San Bernardino,2021-01-31,928,153431,491,92845,437,60586,0,0,874,90630,53,31354,874,121984,California
San Bernardino,2021-02-01,7588,161019,4256,97101,3332,63918,0,0,4952,92950,2633,33987,4953,126937,California
San Bernardino,2021-02-02,10472,171491,3658,100759,6814,70732,0,0,8407,99297,2061,36048,8408,135345,California
San Bernardino,2021-02-03,9026,180517,4158,104917,4868,75600,0,0,6520,103319,2499,38547,6521,141866,California
San Bernardino,2021-02-04,10519,191036,5173,110090,5346,80946,0,0,7418,107647,3090,41637,7418,149284,California
San Bernardino,2021-02-05,11054,202090,5933,116023,5121,86067,0,0,7494,111594,3548,45185,7495,156779,California
San Bernardino,2021-02-06,5286,207376,2220,118243,3066,89133,0,0,3651,113637,1611,46796,3654,160433,California
San Bernardino,2021-02-07,843,208219,492,118735,351,89484,0,0,467,113732,373,47169,468,160901,California
San Bernardino,2021-02-08,7309,215528,3899,122634,3410,92894,0,0,5636,117696,1672,48841,5636,166537,California
San Bernardino,2021-02-09,10176,225704,5924,128558,4252,97146,0,0,6864,121253,3310,52151,6867,173404,California
San Bernardino,2021-02-10,12112,237816,6468,135026,5644,102790,0,0,7985,125121,4118,56269,7986,181390,California
San Bernardino,2021-02-11,12478,250294,7160,142186,5318,108108,0,0,7946,128562,4508,60777,7949,189339,California
San Bernardino,2021-02-12,10430,260724,5960,148146,4470,112578,0,0,5681,129511,4732,65509,5681,195020,California
San Bernardino,2021-02-13,6056,266780,4035,152181,2021,114599,0,0,3808,131092,2232,67741,3813,198833,California
San Bernardino,2021-02-14,1554,268334,651,152832,903,115502,0,0,876,131297,671,68412,876,199709,California
San Bernardino,2021-02-15,5488,273822,3001,155833,2487,117989,0,0,3068,131957,2408,70820,3068,202777,California
San Bernardino,2021-02-16,12603,286425,7348,163181,5255,123244,0,0,7970,135308,4620,75440,7971,210748,California
San Bernardino,2021-02-17,11822,298247,6471,169652,5351,128595,0,0,7153,137813,4650,80090,7155,217903,California
San Bernardino,2021-02-18,12497,310744,7590,177242,4907,133502,0,0,7705,140742,4777,84867,7706,225609,California
San Bernardino,2021-02-19,11565,322309,5966,183208,5599,139101,0,0,6838,142873,4707,89574,6838,232447,California
San Bernardino,2021-02-20,4532,326841,3476,186684,1056,140157,0,0,2046,142440,2481,92055,2048,234495,California
San Bernardino,2021-02-21,1148,327989,688,187372,460,140617,0,0,405,142102,743,92798,405,234900,California
San Bernardino,2021-02-22,8695,336684,5356,192728,3339,143956,0,0,4049,141517,4635,97433,4050,238950,California
San Bernardino,2021-02-23,9175,345859,5456,198184,3719,147675,0,0,4636,141639,4514,101947,4636,243586,California
San Bernardino,2021-02-24,12491,358350,7191,205375,5300,152975,0,0,6181,141531,6290,108237,6182,249768,California
San Bernardino,2021-02-25,13140,371490,6305,211680,6835,159810,0,0,7663,143738,5459,113696,7666,257434,California
San Bernardino,2021-02-26,13631,385121,6391,218071,7240,167050,0,0,7595,145362,5974,119670,7598,265032,California
San Bernardino,2021-02-27,6682,391803,3738,221809,2943,169993,1,1,4820,148330,1854,121524,4822,269854,California
San Bernardino,2021-02-28,1785,393588,746,222555,1039,171032,0,1,1143,148839,634,122158,1143,270997,California
San Bernardino,2021-03-01,8471,402059,4370,226925,4098,175130,3,4,3849,148102,4597,126755,3860,274857,California
San Bernardino,2021-03-02,13906,415965,5566,232491,8340,183470,0,4,6564,147358,7311,134066,6567,281424,California
San Bernardino,2021-03-03,12918,428883,6567,239058,6348,189818,3,7,6039,146549,6858,140924,6049,287473,California
San Bernardino,2021-03-04,13814,442697,6941,245999,6872,196690,1,8,6005,144771,7788,148712,6010,293483,California
San Bernardino,2021-03-05,14442,457139,7540,253539,6901,203591,1,9,7045,144470,7365,156077,7064,300547,California
San Bernardino,2021-03-06,9760,466899,5467,259006,4068,207659,225,234,4557,144065,5185,161262,4780,305327,California
San Bernardino,2021-03-07,1672,468571,1012,260018,589,208248,71,305,1053,144572,617,161879,1124,306451,California
San Bernardino,2021-03-08,8125,476696,3596,263614,4358,212606,171,476,3611,143852,4505,166384,3785,310236,California
San Bernardino,2021-03-09,13098,489794,7483,271097,5364,217970,251,727,5280,141580,7803,174187,5531,315767,California
San Bernardino,2021-03-10,14250,504044,7861,278958,5831,223801,558,1285,6384,140684,7839,182026,6943,322710,California
San Bernardino,2021-03-11,15641,519685,7247,286205,6801,230602,1593,2878,7399,141452,8219,190245,8987,331697,California
San Bernardino,2021-03-12,15582,535267,6948,293153,6586,237188,2048,4926,7364,142720,8188,198433,9456,341153,California
San Bernardino,2021-03-13,8423,543690,4587,297740,3314,240502,522,5448,4994,144819,3418,201851,5517,346670,California
San Bernardino,2021-03-14,3309,546999,1682,299422,1046,241548,581,6029,1850,145792,1452,203303,2425,349095,California
San Bernardino,2021-03-15,11432,558431,5387,304809,4012,245560,2033,8062,5611,147622,5806,209109,7636,356731,California
San Bernardino,2021-03-16,16257,574688,8045,312854,7269,252829,943,9005,9935,152202,6295,215404,10875,367606,California
San Bernardino,2021-03-17,17413,592101,8650,321504,8013,260842,750,9755,10557,156671,6838,222242,11307,378913,California
San Bernardino,2021-03-18,16691,608792,8260,329764,8043,268885,388,10143,9863,160118,6802,229044,10249,389162,California
San Bernardino,2021-03-19,17034,625826,8451,338215,7985,276870,598,10741,9780,163319,7228,236272,10429,399591,California
San Bernardino,2021-03-20,9480,635306,5983,344198,2903,279773,594,11335,5617,165686,3838,240110,6205,405796,California
San Bernardino,2021-03-21,2811,638117,2286,346484,474,280247,51,11386,2261,167461,537,240647,2312,408108,California
San Bernardino,2021-03-22,9642,647759,4529,351013,4676,284923,437,11823,6985,172247,2636,243283,7422,415530,California
San Bernardino,2021-03-23,15539,663298,8815,359828,6104,291027,620,12443,9613,176576,5903,249186,10232,425762,California
San Bernardino,2021-03-24,15218,678516,7845,367673,7068,298095,305,12748,10097,181893,5086,254272,10403,436165,California
San Bernardino,2021-03-25,17075,695591,8379,376052,8392,306487,304,13052,10815,186797,6209,260481,11113,447278,California
San Bernardino,2021-03-26,18256,713847,8689,384741,8796,315283,771,13823,10918,191179,7306,267787,11688,458966,California
San Bernardino,2021-03-27,10887,724734,7027,391768,3102,318385,758,14581,6206,193481,4661,272448,6963,465929,California
San Bernardino,2021-03-28,3638,728372,2560,394328,965,319350,113,14694,2524,195013,1104,273552,2636,468565,California
San Bernardino,2021-03-29,11816,740188,6138,400466,5277,324627,401,15095,7979,199574,3819,277371,8380,476945,California
San Bernardino,2021-03-30,17021,757209,9496,409962,6807,331434,718,15813,10543,204384,6442,283813,11252,488197,California
San Bernardino,2021-03-31,16629,773838,9368,419330,6622,338056,639,16452,10941,210305,5657,289470,11578,499775,California
San Bernardino,2021-04-01,19879,793717,10498,429828,7952,346008,1429,17881,12803,217496,7032,296502,14223,513998,California
San Bernardino,2021-04-02,18942,812659,9545,439373,8104,354112,1293,19174,11448,222812,7465,303967,12781,526779,California
San Bernardino,2021-04-03,11191,823850,7000,446373,3052,357164,1139,20313,6083,224939,5089,309056,7216,533995,California
San Bernardino,2021-04-04,2510,826360,1509,447882,750,357914,251,20564,1266,225220,1236,310292,1517,535512,California
San Bernardino,2021-04-05,11814,838174,5306,453188,4769,362683,1739,22303,6025,227210,5768,316060,7758,543270,California
San Bernardino,2021-04-06,19807,857981,11149,464337,6540,369223,2118,24421,10461,230479,9300,325360,12569,555839,California
San Bernardino,2021-04-07,21086,879067,11274,475611,7321,376544,2491,26912,11507,234914,9549,334909,13984,569823,California
San Bernardino,2021-04-08,22021,901088,11271,486882,8123,384667,2627,29539,12110,239759,9884,344793,14729,584552,California
San Bernardino,2021-04-09,21882,922970,11140,498022,8160,392827,2582,32121,11900,244285,9944,354737,14470,599022,California
San Bernardino,2021-04-10,15779,938749,8165,506187,3875,396702,3739,35860,7820,247892,7936,362673,11543,610565,California
San Bernardino,2021-04-11,4465,943214,2596,508783,895,397597,974,36834,2040,248480,2419,365092,3007,613572,California
San Bernardino,2021-04-12,13508,956722,6243,515026,5600,403197,1665,38499,6391,249434,7096,372188,8050,621622,California
San Bernardino,2021-04-13,19430,976152,11081,526107,8330,411527,19,38518,11136,252326,8267,380455,11159,632781,California
San Bernardino,2021-04-14,19442,995594,10400,536507,9039,420566,3,38521,11004,254930,8405,388860,11009,643790,California
San Bernardino,2021-04-15,20447,1016041,11435,547942,9006,429572,6,38527,10865,256262,9542,398402,10874,654664,California
San Bernardino,2021-04-16,18693,1034734,10599,558541,8093,437665,1,38528,9167,255961,9484,407886,9183,663847,California
San Bernardino,2021-04-17,11956,1046690,7868,566409,4088,441753,0,38528,6256,256552,5665,413551,6256,670103,California
San Bernardino,2021-04-18,2918,1049608,2005,568414,913,442666,0,38528,1283,256212,1623,415174,1283,671386,California
San Bernardino,2021-04-19,12554,1062162,6693,575107,5861,448527,0,38528,4869,253421,7664,422838,4873,676259,California
San Bernardino,2021-04-20,17646,1079808,9829,584936,7814,456341,3,38531,8061,251926,9560,432398,8065,684324,California
San Bernardino,2021-04-21,18144,1097952,10340,595276,7801,464142,3,38534,7941,249728,10142,442540,7944,692268,California
San Bernardino,2021-04-22,19244,1117196,10989,606265,8251,472393,4,38538,7818,246176,11374,453914,7822,700090,California
San Bernardino,2021-04-23,18520,1135716,10597,616862,7922,480315,1,38539,8050,243806,10423,464337,8053,708143,California
San Bernardino,2021-04-24,12887,1148603,9508,626370,3377,483692,2,38541,6929,244795,5942,470279,6931,715074,California
San Bernardino,2021-04-25,3399,1152002,2228,628598,1171,484863,0,38541,1671,244754,1713,471992,1672,716746,California
San Bernardino,2021-04-26,11124,1163126,5998,634596,5036,489899,90,38631,4760,243278,6324,478316,4848,721594,California
San Bernardino,2021-04-27,16504,1179630,9938,644534,6355,496254,211,38842,6772,240571,9688,488004,6981,728575,California
San Bernardino,2021-04-28,14722,1194352,8744,653278,5702,501956,276,39118,5281,236704,9415,497419,5548,734123,California
San Bernardino,2021-04-29,16239,1210591,9330,662608,6639,508595,270,39388,5374,231516,10828,508247,5640,739763,California
San Bernardino,2021-04-30,16566,1227157,10451,673059,5835,514430,280,39668,6096,227456,10433,518680,6373,746136,California
San Bernardino,2021-05-01,10782,1237939,8437,681496,2030,516460,315,39983,3727,224440,7053,525733,4037,750173,California
San Bernardino,2021-05-02,2933,1240872,2117,683613,684,517144,132,40115,1041,223727,1884,527617,1171,751344,California
San Bernardino,2021-05-03,10045,1250917,5763,689376,3880,521024,402,40517,2895,219887,7136,534753,3296,754640,California
San Bernardino,2021-05-04,15700,1266617,9545,698921,5701,526725,454,40971,4567,213813,11092,545845,5018,759658,California
San Bernardino,2021-05-05,15350,1281967,8828,707749,6110,532835,412,41383,4327,207570,10977,556822,4734,764392,California
San Bernardino,2021-05-06,15799,1297766,9001,716750,6385,539220,413,41796,4298,200818,11461,568283,4709,769101,California
San Bernardino,2021-05-07,15464,1313230,8675,725425,6415,545635,374,42170,4638,195053,10772,579055,5007,774108,California
San Bernardino,2021-05-08,9230,1322460,6137,731562,2847,548482,246,42416,3161,192425,6034,585089,3406,777514,California
San Bernardino,2021-05-09,1812,1324272,1116,732678,607,549089,89,42505,728,192165,1077,586166,817,778331,California
San Bernardino,2021-05-10,7431,1331703,3420,736098,3696,552785,315,42820,2280,189648,5109,591275,2592,780923,California
San Bernardino,2021-05-11,12145,1343848,6710,742808,5085,557870,350,43170,3835,185564,8270,599545,4186,785109,California
San Bernardino,2021-05-12,12637,1356485,6871,749679,5452,563322,314,43484,3745,180773,8845,608390,4054,789163,California
San Bernardino,2021-05-13,13204,1369689,7967,757646,4892,568214,345,43829,5200,178352,7961,616351,5540,794703,California
San Bernardino,2021-05-14,13612,1383301,9048,766694,4234,572448,330,44159,5680,176478,7883,624234,6009,800712,California
San Bernardino,2021-05-15,11266,1394567,8355,775049,2724,575172,187,44346,4525,174479,6707,630941,4708,805420,California
San Bernardino,2021-05-16,2780,1397347,2046,777095,672,575844,62,44408,1309,174396,1453,632394,1370,806790,California
San Bernardino,2021-05-17,10006,1407353,6758,783853,2956,578800,292,44700,4515,173743,5458,637852,4805,811595,California
San Bernardino,2021-05-18,13399,1420752,8808,792661,4343,583143,248,44948,6040,172697,7330,645182,6284,817879,California
San Bernardino,2021-05-19,11491,1432243,7192,799853,3922,587065,377,45325,5328,172273,6126,651308,5702,823581,California
San Bernardino,2021-05-20,11557,1443800,6919,806772,4324,591389,314,45639,5201,171470,6317,657625,5514,829095,California
San Bernardino,2021-05-21,12575,1456375,8329,815101,3867,595256,379,46018,5459,170241,7064,664689,5835,834930,California
San Bernardino,2021-05-22,8870,1465245,6637,821738,2024,597280,209,46227,4247,170116,4577,669266,4452,839382,California
San Bernardino,2021-05-23,2290,1467535,1415,823153,784,598064,91,46318,1087,170099,1194,670460,1177,840559,California
San Bernardino,2021-05-24,6592,1474127,4131,827284,2159,600223,302,46620,2885,169621,3665,674125,3187,843746,California
San Bernardino,2021-05-25,9268,1483395,5688,832972,3324,603547,256,46876,4136,168914,5101,679226,4394,848140,California
San Bernardino,2021-05-26,8172,1491567,5185,838157,2740,606287,247,47123,3780,168580,4357,683583,4023,852163,California
San Bernardino,2021-05-27,7604,1499171,4616,842773,2754,609041,234,47357,3489,168227,4075,687658,3722,855885,California
San Bernardino,2021-05-28,8760,1507931,5454,848227,3039,612080,267,47624,4397,168568,4321,691979,4662,860547,California
San Bernardino,2021-05-29,5013,1512944,3340,851567,1558,613638,115,47739,2630,168947,2365,694344,2744,863291,California
San Bernardino,2021-05-30,1756,1514700,1242,852809,432,614070,82,47821,911,169100,839,695183,992,864283,California
San Bernardino,2021-05-31,891,1515591,566,853375,309,614379,16,47837,321,168871,566,695749,337,864620,California
San Bernardino,2021-06-01,8603,1524194,5564,858939,2797,617176,242,48079,3535,167634,5012,700761,3775,868395,California
San Bernardino,2021-06-02,6807,1531001,4287,863226,2282,619458,238,48317,2964,167025,3809,704570,3200,871595,California
San Bernardino,2021-06-03,7885,1538886,5336,868562,2368,621826,181,48498,2768,164881,5093,709663,2949,874544,California
San Bernardino,2021-06-04,9055,1547941,6143,874705,2620,624446,292,48790,3259,162680,5750,715413,3549,878093,California
San Bernardino,2021-06-05,6481,1554422,4963,879668,1393,625839,125,48915,2335,161014,4123,719536,2457,880550,California
San Bernardino,2021-06-06,2015,1556437,1678,881346,273,626112,64,48979,846,160763,1161,720697,910,881460,California
San Bernardino,2021-06-07,6194,1562631,4835,886181,1150,627262,209,49188,1991,158778,4182,724879,2197,883657,California
San Bernardino,2021-06-08,8261,1570892,6008,892189,2037,629299,216,49404,2711,156217,5484,730363,2923,886580,California
San Bernardino,2021-06-09,5664,1576556,3978,896167,1531,630830,155,49559,1780,154306,3845,734208,1934,888514,California
San Bernardino,2021-06-10,5558,1582114,3953,900120,1441,632271,164,49723,1655,152259,3868,738076,1821,890335,California
San Bernardino,2021-06-11,4114,1586228,3042,903162,912,633183,160,49883,1196,150721,2892,740968,1354,891689,California
San Diego,2020-12-15,120,120,120,120,0,0,0,0,120,120,0,0,120,120,California
San Diego,2020-12-16,1105,1225,1105,1225,0,0,0,0,1105,1225,0,0,1105,1225,California
San Diego,2020-12-17,2351,3576,2351,3576,0,0,0,0,2351,3576,0,0,2351,3576,California
San Diego,2020-12-18,3674,7250,3673,7249,1,1,0,0,3674,7250,0,0,3674,7250,California
San Diego,2020-12-19,2313,9563,2313,9562,0,1,0,0,2313,9563,0,0,2313,9563,California
San Diego,2020-12-20,1187,10750,1186,10748,1,2,0,0,1187,10750,0,0,1187,10750,California
San Diego,2020-12-21,3524,14274,3522,14270,2,4,0,0,3524,14274,0,0,3524,14274,California
San Diego,2020-12-22,4064,18338,3420,17690,644,648,0,0,4064,18338,0,0,4064,18338,California
San Diego,2020-12-23,3180,21518,1978,19668,1202,1850,0,0,3180,21518,0,0,3180,21518,California
San Diego,2020-12-24,2736,24254,2219,21887,517,2367,0,0,2736,24254,0,0,2736,24254,California
San Diego,2020-12-25,876,25130,875,22762,1,2368,0,0,876,25130,0,0,876,25130,California
San Diego,2020-12-26,3289,28419,2141,24903,1148,3516,0,0,3289,28419,0,0,3289,28419,California
San Diego,2020-12-27,2511,30930,1619,26522,892,4408,0,0,2510,30928,1,1,2510,30929,California
San Diego,2020-12-28,5913,36843,4226,30748,1687,6095,0,0,5913,36841,0,1,5913,36842,California
San Diego,2020-12-29,5577,42420,3003,33751,2574,8669,0,0,5577,42418,0,1,5577,42419,California
San Diego,2020-12-30,5952,48372,3105,36856,2847,11516,0,0,5952,48370,0,1,5952,48371,California
San Diego,2020-12-31,3036,51408,1053,37909,1983,13499,0,0,3036,51406,0,1,3036,51407,California
San Diego,2021-01-01,1006,52414,452,38361,554,14053,0,0,1006,52412,0,1,1006,52413,California
San Diego,2021-01-02,3748,56162,1304,39665,2444,16497,0,0,3748,56160,0,1,3748,56161,California
San Diego,2021-01-03,858,57020,633,40298,225,16722,0,0,857,57017,0,1,857,57018,California
San Diego,2021-01-04,3708,60728,2055,42353,1653,18375,0,0,3701,60718,0,1,3701,60719,California
San Diego,2021-01-05,4382,65110,2186,44539,2196,20571,0,0,3766,63884,612,613,3778,64497,California
San Diego,2021-01-06,4947,70057,2290,46829,2657,23228,0,0,3713,66390,1211,1824,3717,68214,California
San Diego,2021-01-07,5669,75726,2985,49814,2684,25912,0,0,3507,67750,2155,3979,3515,71729,California
San Diego,2021-01-08,7865,83591,4943,54757,2922,28834,0,0,4077,68075,3771,7750,4096,75825,California
San Diego,2021-01-09,3502,87093,1942,56699,1560,30394,0,0,1952,68500,1538,9288,1963,77788,California
San Diego,2021-01-10,1881,88974,1294,57993,587,30981,0,0,778,68197,1091,10379,788,78576,California
San Diego,2021-01-11,10342,99316,5865,63858,4477,35458,0,0,6808,71497,3527,13906,6827,85403,California
San Diego,2021-01-12,11206,110522,5317,69175,5889,41347,0,0,7827,76067,3370,17276,7940,93343,California
San Diego,2021-01-13,11517,122039,5058,74233,6459,47806,0,0,8970,82527,2535,19811,8995,102338,California
San Diego,2021-01-14,12371,134410,4749,78982,7622,55428,0,0,10200,90601,2163,21974,10237,112575,California
San Diego,2021-01-15,15135,149545,5355,84337,9780,65208,0,0,12487,100515,2629,24603,12543,125118,California
San Diego,2021-01-16,10778,160323,3593,87930,7185,72393,0,0,9332,108438,1441,26044,9364,134482,California
San Diego,2021-01-17,8688,169011,2500,90430,6188,78581,0,0,7848,115466,840,26884,7868,142350,California
San Diego,2021-01-18,12884,181895,6318,96748,6566,85147,0,0,10034,122743,2818,29702,10095,152445,California
San Diego,2021-01-19,14610,196505,5678,102426,8932,94079,0,0,11494,131400,3106,32808,11763,164208,California
San Diego,2021-01-20,18334,214839,6390,108816,11944,106023,0,0,15005,143282,3309,36117,15191,179399,California
San Diego,2021-01-21,17307,232146,5782,114598,11525,117548,0,0,15920,157967,1378,37495,16063,195462,California
San Diego,2021-01-22,17581,249727,4652,119250,12929,130477,0,0,15546,171575,2021,39516,15629,211091,California
San Diego,2021-01-23,14488,264215,5274,124524,9214,139691,0,0,12129,181418,2348,41864,12191,223282,California
San Diego,2021-01-24,11862,276077,3302,127826,8560,148251,0,0,10885,191371,975,42839,10928,234210,California
San Diego,2021-01-25,12256,288333,5780,133606,6476,154727,0,0,9232,197745,3016,45855,9390,243600,California
San Diego,2021-01-26,15140,303473,7843,141449,7297,162024,0,0,11744,206284,3394,49249,11933,255533,California
San Diego,2021-01-27,20577,324050,7928,149377,12649,174673,0,0,17555,220970,3013,52262,17699,273232,California
San Diego,2021-01-28,21301,345351,7636,157013,13665,188338,0,0,19022,237813,2268,54530,19111,292343,California
San Diego,2021-01-29,19643,364994,6382,163395,13261,201599,0,0,17200,252631,2433,56963,17251,309594,California
San Diego,2021-01-30,15835,380829,3589,166984,12246,213845,0,0,13147,263200,2678,59641,13247,322841,California
San Diego,2021-01-31,14780,395609,5724,172708,9056,222901,0,0,14417,277292,359,60000,14451,337292,California
San Diego,2021-02-01,20862,416471,7561,180269,13301,236202,0,0,17299,291127,3550,63550,17385,354677,California
San Diego,2021-02-02,22920,439391,8377,188646,14543,250745,0,0,19645,307677,3266,66816,19816,374493,California
San Diego,2021-02-03,27470,466861,11560,200206,15910,266655,0,0,23151,326722,4300,71116,23345,397838,California
San Diego,2021-02-04,24169,491030,9801,210007,14368,281023,0,0,19533,341926,4619,75735,19823,417661,California
San Diego,2021-02-05,24889,515919,8842,218849,16047,297070,0,0,18186,353902,6678,82413,18654,436315,California
San Diego,2021-02-06,20763,536682,8538,227387,12225,309295,0,0,17510,368387,3250,85663,17735,454050,California
San Diego,2021-02-07,12141,548823,5376,232763,6765,316060,0,0,10255,377027,1875,87538,10515,464565,California
San Diego,2021-02-08,20118,568941,8521,241284,11597,327657,0,0,12661,382935,7446,94984,13354,477919,California
San Diego,2021-02-09,20501,589442,8328,249612,12173,339830,0,0,13188,389914,7292,102276,14271,492190,California
San Diego,2021-02-10,22964,612406,9328,258940,13636,353466,0,0,13831,396051,9079,111355,15216,507406,California
San Diego,2021-02-11,23852,636258,10184,269124,13668,367134,0,0,12762,399449,11063,122418,14461,521867,California
San Diego,2021-02-12,23829,660087,7431,276555,16398,383532,0,0,11853,401628,11959,134377,14138,536005,California
San Diego,2021-02-13,20025,680112,9017,285572,11008,394540,0,0,10890,404595,9128,143505,12095,548100,California
San Diego,2021-02-14,11188,691300,7431,293003,3757,398297,0,0,6320,407568,4864,148369,7837,555937,California
San Diego,2021-02-15,15248,706548,7735,300738,7513,405810,0,0,7801,411013,7425,155794,10870,566807,California
San Diego,2021-02-16,19306,725854,11278,312016,8028,413838,0,0,9217,413147,10077,165871,12211,579018,California
San Diego,2021-02-17,23418,749272,10999,323015,12419,426257,0,0,8112,409063,15292,181163,11208,590226,California
San Diego,2021-02-18,23580,772852,12006,335021,11574,437831,0,0,7761,405117,15808,196971,11862,602088,California
San Diego,2021-02-19,15912,788764,10918,345939,4994,442825,0,0,6618,404451,9276,206247,8610,610698,California
San Diego,2021-02-20,10265,799029,6363,352302,3902,446727,0,0,5787,407687,4475,210722,7711,618409,California
San Diego,2021-02-21,11580,810609,10165,362467,1415,448142,0,0,5180,407999,6394,217116,6706,625115,California
San Diego,2021-02-22,12461,823070,10596,373063,1865,450007,0,0,5751,408703,6704,223820,7408,632523,California
San Diego,2021-02-23,25861,848931,14482,387545,11379,461386,0,0,9602,407971,16249,240069,15517,648040,California
San Diego,2021-02-24,28949,877880,12756,400301,16193,477579,0,0,6826,400148,22103,262172,14280,662320,California
San Diego,2021-02-25,33190,911070,14705,415006,18485,496064,0,0,10096,395593,23074,285246,18519,680839,California
San Diego,2021-02-26,33488,944558,12404,427410,21084,517148,0,0,12099,393464,21359,306605,19230,700069,California
San Diego,2021-02-27,21243,965801,9683,437093,11560,528708,0,0,11429,399370,9808,316413,15714,715783,California
San Diego,2021-02-28,15281,981082,9986,447079,5295,534003,0,0,9507,405901,5773,322186,12304,728087,California
San Diego,2021-03-01,24256,1005338,14315,461394,9939,543942,2,2,14714,415033,9464,331650,18596,746683,California
San Diego,2021-03-02,26172,1031510,14087,475481,12085,556027,0,2,12736,421053,13425,345075,19445,766128,California
San Diego,2021-03-03,34043,1065553,15958,491439,18082,574109,3,5,14064,422092,19959,365034,20998,787126,California
San Diego,2021-03-04,28314,1093867,14109,505548,14205,588314,0,5,12595,425766,15697,380731,19371,806497,California
San Diego,2021-03-05,29008,1122875,14913,520461,14013,602327,82,87,13497,430601,15485,396216,20320,826817,California
San Diego,2021-03-06,23432,1146307,9584,530045,13147,615474,701,788,10329,433239,13092,409308,15730,842547,California
San Diego,2021-03-07,18238,1164545,9329,539374,8338,623812,571,1359,6909,433072,11321,420629,11154,853701,California
San Diego,2021-03-08,23105,1187650,11231,550605,10965,634777,909,2268,11443,438675,11641,432270,17244,870945,California
San Diego,2021-03-09,25892,1213542,11974,562579,12159,646936,1759,4027,10106,438712,15771,448041,15808,886753,California
San Diego,2021-03-10,25530,1239072,10784,573363,12348,659284,2398,6425,10078,439847,15437,463478,16572,903325,California
San Diego,2021-03-11,28633,1267705,11004,584367,14031,673315,3598,10023,9942,438701,18666,482144,17520,920845,California
San Diego,2021-03-12,27321,1295026,9568,593935,14614,687929,3139,13162,10012,438268,17297,499441,16864,937709,California
San Diego,2021-03-13,26220,1321246,7283,601218,17144,705073,1793,14955,10115,438260,16098,515539,16090,953799,California
San Diego,2021-03-14,13880,1335126,5496,606714,7644,712717,740,15695,4797,437065,9075,524614,7880,961679,California
San Diego,2021-03-15,22033,1357159,10168,616882,11083,723800,782,16477,9007,436956,13012,537626,12903,974582,California
San Diego,2021-03-16,30002,1387161,15789,632671,13802,737602,411,16888,15718,441897,14260,551886,19201,993783,California
San Diego,2021-03-17,26339,1413500,12245,644916,13374,750976,720,17608,16773,451900,9550,561436,19553,1013336,California
San Diego,2021-03-18,31531,1445031,17815,662731,12796,763772,920,18528,17012,456888,14483,575919,19471,1032807,California
San Diego,2021-03-19,30375,1475406,14413,677144,14917,778689,1045,19573,19406,467598,10948,586867,21658,1054465,California
San Diego,2021-03-20,27910,1503316,8460,685604,17646,796335,1804,21377,21433,485479,6466,593333,24347,1078812,California
San Diego,2021-03-21,16577,1519893,12101,697705,3759,800094,717,22094,7696,486360,8867,602200,9748,1088560,California
San Diego,2021-03-22,22558,1542451,13155,710860,9123,809217,280,22374,14329,495520,8218,610418,17378,1105938,California
San Diego,2021-03-23,26000,1568451,13636,724496,12082,821299,282,22656,17105,506074,8880,619298,19434,1125372,California
San Diego,2021-03-24,29588,1598039,19777,744273,9422,830721,389,23045,17087,513129,12488,631786,19543,1144915,California
San Diego,2021-03-25,30413,1628452,18322,762595,11402,842123,689,23734,17992,521537,12405,644191,20813,1165728,California
San Diego,2021-03-26,32174,1660626,17949,780544,13650,855773,575,24309,17494,527791,14653,658844,20907,1186635,California
San Diego,2021-03-27,25522,1686148,11050,791594,14079,869852,393,24702,15691,536319,9815,668659,18343,1204978,California
San Diego,2021-03-28,15092,1701240,9245,800839,5790,875642,57,24759,9266,541299,5819,674478,10799,1215777,California
San Diego,2021-03-29,26756,1727996,12936,813775,13187,888829,633,25392,16447,550537,10298,684776,19536,1235313,California
San Diego,2021-03-30,33258,1761254,17907,831682,14559,903388,792,26184,22018,563949,11227,696003,24639,1259952,California
San Diego,2021-03-31,30491,1791745,18807,850489,10977,914365,707,26891,20637,576561,9838,705841,22450,1282402,California
San Diego,2021-04-01,34361,1826106,20067,870556,12793,927158,1501,28392,23241,591529,11100,716941,26068,1308470,California
San Diego,2021-04-02,35821,1861927,20686,891242,12326,939484,2809,31201,24117,608207,11686,728627,28364,1336834,California
San Diego,2021-04-03,30894,1892821,14475,905717,11802,951286,4617,35818,19731,622608,11150,739777,25551,1362385,California
San Diego,2021-04-04,9062,1901883,5209,910926,2925,954211,928,36746,4815,624293,4242,744019,5927,1368312,California
San Diego,2021-04-05,29778,1931661,15414,926340,11710,965921,2654,39400,19391,638462,10372,754391,24541,1392853,California
San Diego,2021-04-06,38771,1970432,20396,946736,12455,978376,5920,45320,22328,652401,16426,770817,30365,1423218,California
San Diego,2021-04-07,35870,2006302,21997,968733,9295,987671,4578,49898,20317,662983,15531,786348,26113,1449331,California
San Diego,2021-04-08,35269,2041571,21383,990116,9713,997384,4173,54071,21303,677098,13949,800297,28064,1477395,California
San Diego,2021-04-09,38450,2080021,22937,1013053,10296,1007680,5217,59288,20783,688818,17602,817899,29322,1506717,California
San Diego,2021-04-10,29207,2109228,11789,1024842,13407,1021087,4011,63299,15096,696856,14102,832001,22140,1528857,California
San Diego,2021-04-11,16265,2125493,10080,1034922,3871,1024958,2314,65613,7232,700387,9029,841030,12560,1541417,California
San Diego,2021-04-12,30864,2156357,12868,1047790,13668,1038626,4328,69941,17160,711872,13690,854720,25175,1566592,California
San Diego,2021-04-13,37245,2193602,17804,1065594,19405,1058031,36,69977,24777,727083,12446,867166,27657,1594249,California
San Diego,2021-04-14,33099,2226701,18933,1084527,14153,1072184,13,69990,17881,734145,15208,882374,22270,1616519,California
San Diego,2021-04-15,39590,2266291,20392,1104919,19193,1091377,5,69995,24110,745667,15459,897833,26981,1643500,California
San Diego,2021-04-16,33856,2300147,18593,1123512,15260,1106637,3,69998,19613,753501,14183,912016,22017,1665517,California
San Diego,2021-04-17,27911,2328058,13541,1137053,14370,1121007,0,69998,12350,753453,15468,927484,15420,1680937,California
San Diego,2021-04-18,14496,2342554,8910,1145963,5583,1126590,3,70001,6745,755426,7737,935221,9710,1690647,California
San Diego,2021-04-19,26608,2369162,13582,1159545,13025,1139615,1,70002,12508,755618,14082,949303,14274,1704921,California
San Diego,2021-04-20,39101,2408263,17827,1177372,21272,1160887,2,70004,19921,759365,19161,968464,22908,1727829,California
San Diego,2021-04-21,35071,2443334,20945,1198317,14126,1175013,0,70004,16967,761295,18068,986532,19998,1747827,California
San Diego,2021-04-22,44695,2488029,22963,1221280,21728,1196741,4,70008,22420,764517,22240,1008772,25462,1773289,California
San Diego,2021-04-23,42293,2530322,26039,1247319,16252,1212993,2,70010,15765,756967,26497,1035269,18947,1792236,California
San Diego,2021-04-24,34980,2565302,18874,1266193,16091,1229084,15,70025,15609,756437,19333,1054602,18803,1811039,California
San Diego,2021-04-25,12658,2577960,7715,1273908,4943,1234027,0,70025,5920,757001,6729,1061331,7293,1818332,California
San Diego,2021-04-26,33263,2611223,16667,1290575,16465,1250492,131,70156,11649,751703,21596,1082927,16298,1834630,California
San Diego,2021-04-27,44618,2655841,24527,1315102,19553,1270045,538,70694,19651,750121,24928,1107855,23346,1857976,California
San Diego,2021-04-28,38355,2694196,22640,1337742,15041,1285086,674,71368,17359,749432,20962,1128817,20273,1878249,California
San Diego,2021-04-29,38162,2732358,24301,1362043,13208,1298294,653,72021,15435,744545,22689,1151506,17802,1896051,California
San Diego,2021-04-30,38208,2770566,23152,1385195,13971,1312265,1085,73106,14951,739189,23220,1174726,17864,1913915,California
San Diego,2021-05-01,24380,2794946,10744,1395939,12992,1325257,644,73750,9582,736775,14789,1189515,12375,1926290,California
San Diego,2021-05-02,10727,2805673,7539,1403478,2602,1327859,586,74336,3283,733539,7440,1196955,4204,1930494,California
San Diego,2021-05-03,25341,2831014,12476,1415954,11707,1339566,1158,75494,9359,728893,15963,1212918,11317,1941811,California
San Diego,2021-05-04,31987,2863001,17651,1433605,13007,1352573,1329,76823,11543,722458,20418,1233336,13983,1955794,California
San Diego,2021-05-05,27750,2890751,17040,1450645,9419,1361992,1291,78114,10603,718184,17126,1250462,12852,1968646,California
San Diego,2021-05-06,28465,2919216,18838,1469483,8712,1370704,915,79029,10834,714815,17605,1268067,14236,1982882,California
San Diego,2021-05-07,29748,2948964,19534,1489017,9163,1379867,1051,80080,11066,709492,18646,1286713,13323,1996205,California
San Diego,2021-05-08,22796,2971760,10757,1499774,11320,1391187,719,80799,7279,703423,15495,1302208,9426,2005631,California
San Diego,2021-05-09,7560,2979320,5685,1505459,1467,1392654,408,81207,2663,702031,4891,1307099,3499,2009130,California
San Diego,2021-05-10,21662,3000982,8451,1513910,12397,1405051,814,82021,5919,694318,15717,1322816,8004,2017134,California
San Diego,2021-05-11,28024,3029006,11481,1525391,15750,1420801,793,82814,9791,688377,18212,1341028,12271,2029405,California
San Diego,2021-05-12,23118,3052124,12594,1537985,9651,1430452,873,83687,8629,684586,14464,1355492,10673,2040078,California
San Diego,2021-05-13,31084,3083208,18837,1556822,11623,1442075,624,84311,12984,682806,18046,1373538,16266,2056344,California
San Diego,2021-05-14,30822,3114030,19731,1576553,10244,1452319,847,85158,14072,683098,16715,1390253,17007,2073351,California
San Diego,2021-05-15,26261,3140291,16491,1593044,8938,1461257,832,85990,10920,680494,15290,1405543,12686,2086037,California
San Diego,2021-05-16,13319,3153610,10047,1603091,2699,1463956,573,86563,6680,681500,6628,1412171,7634,2093671,California
San Diego,2021-05-17,21456,3175066,13031,1616122,7667,1471623,758,87321,9010,679723,12411,1424582,10634,2104305,California
San Diego,2021-05-18,34249,3209315,19374,1635496,13999,1485622,876,88197,13402,674652,20815,1445397,15744,2120049,California
San Diego,2021-05-19,28545,3237860,17941,1653437,9793,1495415,811,89008,12189,672450,16328,1461725,14126,2134175,California
San Diego,2021-05-20,34795,3272655,19261,1672698,14704,1510119,830,89838,11793,663847,22973,1484698,14370,2148545,California
San Diego,2021-05-21,26963,3299618,17270,1689968,8688,1518807,1005,90843,10985,661325,15945,1500643,13423,2161968,California
San Diego,2021-05-22,21010,3320628,12078,1702046,7783,1526590,1149,91992,8587,660015,12403,1513046,11093,2173061,California
San Diego,2021-05-23,7304,3327932,5174,1707220,1811,1528401,319,92311,3503,660572,3779,1516825,4336,2177397,California
San Diego,2021-05-24,17692,3345624,9012,1716232,6776,1535177,1904,94215,6377,658402,11297,1528122,9127,2186524,California
San Diego,2021-05-25,24244,3369868,13262,1729494,9151,1544328,1831,96046,8623,654415,15593,1543715,11606,2198130,California
San Diego,2021-05-26,19213,3389081,10672,1740166,6525,1550853,2016,98062,6679,651628,12503,1556218,9716,2207846,California
San Diego,2021-05-27,20641,3409722,12064,1752230,6180,1557033,2397,100459,7041,648742,13583,1569801,10697,2218543,California
San Diego,2021-05-28,21193,3430915,13287,1765517,7185,1564218,721,101180,8436,646476,12742,1582543,10476,2229019,California
San Diego,2021-05-29,12002,3442917,7648,1773165,3861,1568079,493,101673,5254,646097,6735,1589278,6356,2235375,California
San Diego,2021-05-30,4723,3447640,3229,1776394,1108,1569187,386,102059,2082,646214,2636,1591914,2753,2238128,California
San Diego,2021-05-31,2611,3450251,1765,1778159,674,1569861,172,102231,883,645692,1724,1593638,1202,2239330,California
San Diego,2021-06-01,21366,3471617,11432,1789591,8296,1578157,1638,103869,6122,639317,15222,1608860,8847,2248177,California
San Diego,2021-06-02,17084,3488701,8835,1798426,6172,1584329,2077,105946,5613,636427,11449,1620309,8559,2256736,California
San Diego,2021-06-03,19268,3507969,12077,1810503,5382,1589711,1809,107755,5373,630950,13875,1634184,8398,2265134,California
San Diego,2021-06-04,19855,3527824,13905,1824408,5335,1595046,615,108370,5974,625741,13851,1648035,8642,2273776,California
San Diego,2021-06-05,15847,3543671,12065,1836473,2993,1598039,789,109159,4573,620952,11257,1659292,6468,2280244,California
San Diego,2021-06-06,5506,3549177,4477,1840950,713,1598752,316,109475,1741,620163,3757,1663049,2968,2283212,California
San Diego,2021-06-07,12725,3561902,8003,1848953,3374,1602126,1348,110823,3558,616805,9150,1672199,5792,2289004,California
San Diego,2021-06-08,20342,3582244,14373,1863326,4078,1606204,1891,112714,5128,609884,15201,1687400,8280,2297284,California
San Diego,2021-06-09,13190,3595434,8355,1871681,3009,1609213,1826,114540,3177,605578,10002,1697402,5696,2302980,California
San Diego,2021-06-10,13901,3609335,8821,1880502,3128,1612341,1952,116492,3214,600942,10672,1708074,6036,2309016,California
San Diego,2021-06-11,5879,3615214,3715,1884217,1104,1613445,1060,117552,1392,599328,4478,1712552,2864,2311880,California
San Francisco,2020-12-15,8,8,8,8,0,0,0,0,8,8,0,0,8,8,California
San Francisco,2020-12-16,231,239,231,239,0,0,0,0,231,239,0,0,231,239,California
San Francisco,2020-12-17,417,656,417,656,0,0,0,0,417,656,0,0,417,656,California
San Francisco,2020-12-18,911,1567,910,1566,1,1,0,0,911,1567,0,0,911,1567,California
San Francisco,2020-12-19,608,2175,608,2174,0,1,0,0,608,2175,0,0,608,2175,California
San Francisco,2020-12-20,481,2656,481,2655,0,1,0,0,481,2656,0,0,481,2656,California
San Francisco,2020-12-21,1163,3819,1163,3818,0,1,0,0,1163,3819,0,0,1163,3819,California
San Francisco,2020-12-22,1405,5224,1371,5189,34,35,0,0,1405,5224,0,0,1405,5224,California
San Francisco,2020-12-23,1359,6583,1059,6248,300,335,0,0,1359,6583,0,0,1359,6583,California
San Francisco,2020-12-24,845,7428,503,6751,342,677,0,0,845,7428,0,0,845,7428,California
San Francisco,2020-12-25,35,7463,28,6779,7,684,0,0,35,7463,0,0,35,7463,California
San Francisco,2020-12-26,250,7713,154,6933,96,780,0,0,250,7713,0,0,250,7713,California
San Francisco,2020-12-27,272,7985,58,6991,214,994,0,0,272,7985,0,0,272,7985,California
San Francisco,2020-12-28,1279,9264,692,7683,587,1581,0,0,1279,9264,0,0,1279,9264,California
San Francisco,2020-12-29,1259,10523,629,8312,630,2211,0,0,1259,10523,0,0,1259,10523,California
San Francisco,2020-12-30,1499,12022,784,9096,715,2926,0,0,1499,12022,0,0,1499,12022,California
San Francisco,2020-12-31,981,13003,414,9510,567,3493,0,0,980,13002,0,0,980,13002,California
San Francisco,2021-01-01,102,13105,75,9585,27,3520,0,0,102,13104,0,0,102,13104,California
San Francisco,2021-01-02,343,13448,308,9893,35,3555,0,0,343,13447,0,0,343,13447,California
San Francisco,2021-01-03,300,13748,106,9999,194,3749,0,0,299,13745,1,1,299,13746,California
San Francisco,2021-01-04,1847,15595,1360,11359,487,4236,0,0,1844,15586,3,4,1844,15590,California
San Francisco,2021-01-05,2237,17832,1423,12782,814,5050,0,0,2198,17747,39,43,2200,17790,California
San Francisco,2021-01-06,1878,19710,1166,13948,712,5762,0,0,1607,19086,269,312,1608,19398,California
San Francisco,2021-01-07,2077,21787,1208,15156,869,6631,0,0,1603,20218,471,783,1603,21001,California
San Francisco,2021-01-08,2346,24133,1648,16804,698,7329,0,0,1481,20839,860,1643,1481,22482,California
San Francisco,2021-01-09,1403,25536,903,17707,500,7829,0,0,892,21223,510,2153,894,23376,California
San Francisco,2021-01-10,922,26458,542,18249,380,8209,0,0,463,21228,458,2611,463,23839,California
San Francisco,2021-01-11,2514,28972,1876,20125,638,8847,0,0,1407,21527,1108,3719,1407,25246,California
San Francisco,2021-01-12,3104,32076,2064,22189,1040,9887,0,0,1901,22229,1203,4922,1905,27151,California
San Francisco,2021-01-13,2843,34919,1612,23801,1231,11118,0,0,2003,23392,840,5762,2003,29154,California
San Francisco,2021-01-14,2454,37373,1109,24910,1345,12463,0,0,1889,24722,565,6327,1895,31049,California
San Francisco,2021-01-15,2756,40129,1149,26059,1607,14070,0,0,2364,26698,390,6717,2366,33415,California
San Francisco,2021-01-16,2274,42403,973,27032,1301,15371,0,0,2104,28634,170,6887,2106,35521,California
San Francisco,2021-01-17,1943,44346,534,27566,1409,16780,0,0,1725,30141,218,7105,1725,37246,California
San Francisco,2021-01-18,1388,45734,602,28168,786,17566,0,0,1122,30999,265,7370,1123,38369,California
San Francisco,2021-01-19,2596,48330,1484,29652,1112,18678,0,0,1840,32083,756,8126,1840,40209,California
San Francisco,2021-01-20,2788,51118,1140,30792,1648,20326,0,0,2024,33347,761,8887,2025,42234,California
San Francisco,2021-01-21,3337,54455,944,31736,2393,22719,0,0,2499,35009,837,9724,2499,44733,California
San Francisco,2021-01-22,3220,57675,650,32386,2570,25289,0,0,2772,37335,446,10170,2772,47505,California
San Francisco,2021-01-23,3097,60772,612,32998,2485,27774,0,0,2724,39688,372,10542,2725,50230,California
San Francisco,2021-01-24,2438,63210,366,33364,2072,29846,0,0,2204,41661,231,10773,2204,52434,California
San Francisco,2021-01-25,4657,67867,1839,35203,2818,32664,0,0,3062,43131,1593,12366,3063,55497,California
San Francisco,2021-01-26,4750,72617,2187,37390,2563,35227,0,0,3096,44581,1651,14017,3101,58598,California
San Francisco,2021-01-27,4395,77012,1992,39382,2403,37630,0,0,3081,46352,1312,15329,3083,61681,California
San Francisco,2021-01-28,3800,80812,1567,40949,2233,39863,0,0,2628,47815,1167,16496,2630,64311,California
San Francisco,2021-01-29,4761,85573,1691,42640,3070,42933,0,0,3471,50005,1284,17780,3474,67785,California
San Francisco,2021-01-30,3826,89399,1854,44494,1972,44905,0,0,3361,52906,464,18244,3365,71150,California
San Francisco,2021-01-31,2367,91766,829,45323,1538,46443,0,0,2214,54969,152,18396,2215,73365,California
San Francisco,2021-02-01,3991,95757,1709,47032,2282,48725,0,0,2914,56807,1077,19473,2915,76280,California
San Francisco,2021-02-02,4519,100276,1808,48840,2711,51436,0,0,2924,58141,1590,21063,2924,79204,California
San Francisco,2021-02-03,5080,105356,2385,51225,2695,54131,0,0,3763,60590,1315,22378,3764,82968,California
San Francisco,2021-02-04,5035,110391,2429,53654,2606,56737,0,0,3865,63287,1168,23546,3865,86833,California
San Francisco,2021-02-05,6007,116398,3247,56901,2760,59497,0,0,4651,66585,1354,24900,4652,91485,California
San Francisco,2021-02-06,5540,121938,3719,60620,1821,61318,0,0,4634,70319,902,25802,4636,96121,California
San Francisco,2021-02-07,4413,126351,3263,63883,1150,62468,0,0,3833,73578,577,26379,3836,99957,California
San Francisco,2021-02-08,6844,133195,4729,68612,2115,64583,0,0,5609,77971,1219,27598,5612,105569,California
San Francisco,2021-02-09,6006,139201,4056,72668,1950,66533,0,0,4445,80853,1564,29162,4446,110015,California
San Francisco,2021-02-10,6944,146145,4239,76907,2705,69238,0,0,5132,84182,1806,30968,5135,115150,California
San Francisco,2021-02-11,6791,152936,4042,80949,2749,71987,0,0,4958,87315,1828,32796,4961,120111,California
San Francisco,2021-02-12,5369,158305,2708,83657,2661,74648,0,0,3520,88985,1850,34646,3520,123631,California
San Francisco,2021-02-13,4415,162720,2592,86249,1823,76471,0,0,3072,90716,1343,35989,3074,126705,California
San Francisco,2021-02-14,3445,166165,2265,88514,1180,77651,0,0,2313,91900,1131,37120,2315,129020,California
San Francisco,2021-02-15,2781,168946,1509,90023,1272,78923,0,0,1673,92467,1106,38226,1673,130693,California
San Francisco,2021-02-16,5116,174062,2822,92845,2294,81217,0,0,2991,93346,2118,40344,2997,133690,California
San Francisco,2021-02-17,5339,179401,2606,95451,2733,83950,0,0,2956,93930,2373,42717,2957,136647,California
San Francisco,2021-02-18,5392,184793,2629,98080,2763,86713,0,0,2802,94148,2587,45304,2805,139452,California
San Francisco,2021-02-19,5683,190476,2664,100744,3019,89732,0,0,2946,94363,2732,48036,2947,142399,California
San Francisco,2021-02-20,4555,195031,2190,102934,2365,92097,0,0,1710,93238,2836,50872,1711,144110,California
San Francisco,2021-02-21,2902,197933,1530,104464,1372,93469,0,0,1287,92920,1606,52478,1288,145398,California
San Francisco,2021-02-22,5201,203134,3242,107706,1959,95428,0,0,2616,92964,2575,55053,2619,148017,California
San Francisco,2021-02-23,5617,208751,3200,110906,2417,97845,0,0,2869,93092,2741,57794,2869,150886,California
San Francisco,2021-02-24,9146,217897,5176,116082,3970,101815,0,0,4885,93729,4249,62043,4886,155772,California
San Francisco,2021-02-25,10054,227951,7028,123110,3026,104841,0,0,6458,96596,3593,65636,6460,162232,California
San Francisco,2021-02-26,12415,240366,8072,131182,4343,109184,0,0,7330,98845,5082,70718,7331,169563,California
San Francisco,2021-02-27,9437,249803,6083,137265,3352,112536,2,2,4689,98802,4734,75452,4691,174254,California
San Francisco,2021-02-28,7972,257775,5710,142975,2262,114798,0,2,3880,98594,4089,79541,3881,178135,California
San Francisco,2021-03-01,11477,269252,7762,150737,3710,118508,5,7,5568,98287,5882,85423,5575,183710,California
San Francisco,2021-03-02,10055,279307,6792,157529,3263,121771,0,7,5670,99584,4374,89797,5671,189381,California
San Francisco,2021-03-03,11348,290655,6611,164140,4736,126507,1,8,6167,100589,5166,94963,6171,195552,California
San Francisco,2021-03-04,8853,299508,5576,169716,3277,129784,0,8,4982,101711,3860,98823,4982,200534,California
San Francisco,2021-03-05,9267,308775,5698,175414,3565,133349,4,12,5787,104039,3464,102287,5792,206326,California
San Francisco,2021-03-06,7163,315938,4698,180112,2258,135607,207,219,4464,105996,2711,104998,4668,210994,California
San Francisco,2021-03-07,5437,321375,4247,184359,1130,136737,60,279,3127,106861,2322,107320,3187,214181,California
San Francisco,2021-03-08,7562,328937,5494,189853,1879,138616,189,468,5980,111416,1613,108933,6168,220349,California
San Francisco,2021-03-09,8355,337292,5538,195391,2442,141058,375,843,6097,115623,2260,111193,6467,226816,California
San Francisco,2021-03-10,11268,348560,6627,202018,4140,145198,501,1344,7070,119018,4176,115369,7571,234387,California
San Francisco,2021-03-11,10139,358699,6390,208408,2783,147981,966,2310,6659,123172,3463,118832,7617,242004,California
San Francisco,2021-03-12,10904,369603,6375,214783,3183,151164,1346,3656,6078,125787,4805,123637,7420,249424,California
San Francisco,2021-03-13,6727,376330,3948,218731,1717,152881,1062,4718,4188,128504,2530,126167,5247,254671,California
San Francisco,2021-03-14,7592,383922,4939,223670,2408,155289,245,4963,3985,129143,3589,129756,4228,258899,California
San Francisco,2021-03-15,12147,396069,9296,232966,1906,157195,945,5908,8417,134779,3713,133469,9349,268248,California
San Francisco,2021-03-16,12258,408327,8357,241323,3441,160636,460,6368,8828,140659,3407,136876,9287,277535,California
San Francisco,2021-03-17,13389,421716,8300,249623,4521,165157,568,6936,9626,147115,3733,140609,10189,287724,California
San Francisco,2021-03-18,10124,431840,6880,256503,2620,167777,624,7560,5730,149091,4370,144979,6346,294070,California
San Francisco,2021-03-19,12441,444281,9086,265589,2885,170662,470,8030,6461,150061,5953,150932,6923,300993,California
San Francisco,2021-03-20,8916,453197,6559,272148,1889,172551,468,8498,5177,152001,3707,154639,5647,306640,California
San Francisco,2021-03-21,6634,459831,6078,278226,418,172969,138,8636,3735,152991,2881,157520,3871,310511,California
San Francisco,2021-03-22,9895,469726,6870,285096,2179,175148,846,9482,5076,154110,4794,162314,5913,316424,California
San Francisco,2021-03-23,11308,481034,7498,292594,3158,178306,652,10134,6271,156021,5007,167321,6918,323342,California
San Francisco,2021-03-24,12420,493454,9518,302112,2364,180670,538,10672,6193,156560,6184,173505,6723,330065,California
San Francisco,2021-03-25,12006,505460,8769,310881,2670,183340,567,11239,5829,156847,6105,179610,6392,336457,California
San Francisco,2021-03-26,12057,517517,8369,319250,3455,186795,233,11472,5841,156736,6181,185791,6070,342527,California
San Francisco,2021-03-27,8816,526333,5919,325169,2547,189342,350,11822,3763,155815,5033,190824,4112,346639,California
San Francisco,2021-03-28,6701,533034,5353,330522,1306,190648,42,11864,2997,155173,3678,194502,3036,349675,California
San Francisco,2021-03-29,11645,544679,8024,338546,3436,194084,185,12049,4813,153367,6802,201304,4996,354671,California
San Francisco,2021-03-30,11687,556366,7327,345873,4070,198154,290,12339,5519,153033,6143,207447,5809,360480,California
San Francisco,2021-03-31,12324,568690,8208,354081,3815,201969,301,12640,4962,150963,7327,214774,5257,365737,California
San Francisco,2021-04-01,14019,582709,7444,361525,4873,206842,1702,14342,6017,150702,7962,222736,7701,373438,California
San Francisco,2021-04-02,14907,597616,6591,368116,6426,213268,1890,16232,6968,151633,7914,230650,8845,382283,California
San Francisco,2021-04-03,10611,608227,4926,373042,3859,217127,1826,18058,4862,152588,5729,236379,6684,388967,California
San Francisco,2021-04-04,9063,617290,4803,377845,2598,219725,1662,19720,3575,152348,5473,241852,5233,394200,California
San Francisco,2021-04-05,16097,633387,9861,387706,4344,224069,1892,21612,6261,150688,9806,251658,8146,402346,California
San Francisco,2021-04-06,16128,649515,9554,397260,4509,228578,2065,23677,6270,149184,9830,261488,8326,410672,California
San Francisco,2021-04-07,16900,666415,10056,407316,4606,233184,2238,25915,7008,148545,9866,271354,9227,419899,California
San Francisco,2021-04-08,14253,680668,6766,414082,3045,236229,4442,30357,4634,148009,9582,280936,9046,428945,California
San Francisco,2021-04-09,15895,696563,7675,421757,4845,241074,3375,33732,6612,148726,9250,290186,9967,438912,California
San Francisco,2021-04-10,13348,709911,5700,427457,5885,246959,1763,35495,7116,151386,6205,296391,8865,447777,California
San Francisco,2021-04-11,10065,719976,7540,434997,1349,248308,1176,36671,5213,152931,4838,301229,6383,454160,California
San Francisco,2021-04-12,10632,730608,6902,441899,2576,250884,1154,37825,4862,153195,5747,306976,6011,460171,California
San Francisco,2021-04-13,10870,741478,7368,449267,3490,254374,12,37837,5490,153349,5354,312330,5508,465679,California
San Francisco,2021-04-14,13365,754843,8053,457320,5311,259685,1,37838,6438,152903,6888,319218,6442,472121,California
San Francisco,2021-04-15,13837,768680,9591,466911,4245,263930,1,37839,8158,155417,5648,324866,8162,480283,California
San Francisco,2021-04-16,12987,781667,8727,475638,4216,268146,44,37883,7657,157823,5301,330167,7707,487990,California
San Francisco,2021-04-17,10143,791810,7326,482964,2816,270962,1,37884,7149,162001,2976,333143,7154,495144,California
San Francisco,2021-04-18,6609,798419,5047,488011,1560,272522,2,37886,4088,163590,2503,335646,4092,499236,California
San Francisco,2021-04-19,10899,809318,8190,496201,2704,275226,5,37891,6999,166721,3883,339529,7014,506250,California
San Francisco,2021-04-20,12358,821676,7239,503440,5117,280343,2,37893,8524,171440,3808,343337,8527,514777,California
San Francisco,2021-04-21,10604,832280,7579,511019,3020,283363,5,37898,6462,173795,4116,347453,6471,521248,California
San Francisco,2021-04-22,10476,842756,7747,518766,2728,286091,1,37899,6043,175439,4407,351860,6051,527299,California
San Francisco,2021-04-23,10364,853120,5938,524704,4426,290517,0,37899,6154,177421,4179,356039,6161,533460,California
San Francisco,2021-04-24,7959,861079,5483,530187,2476,292993,0,37899,4704,178900,3233,359272,4712,538172,California
San Francisco,2021-04-25,5049,866128,4348,534535,695,293688,6,37905,2953,179779,2084,361356,2963,541135,California
San Francisco,2021-04-26,8190,874318,5794,540329,2384,296072,12,37917,4072,179784,4091,365447,4096,545231,California
San Francisco,2021-04-27,8710,883028,5852,546181,2688,298760,170,38087,4344,179968,4340,369787,4524,549755,California
San Francisco,2021-04-28,9495,892523,6568,552749,2737,301497,190,38277,4974,180648,4489,374276,5169,554924,California
San Francisco,2021-04-29,9381,901904,5451,558200,3737,305234,193,38470,4605,180707,4751,379027,4810,559734,California
San Francisco,2021-04-30,10883,912787,5193,563393,5489,310723,201,38671,3973,178019,6867,385894,4179,563913,California
San Francisco,2021-05-01,6947,919734,3588,566981,3244,313967,115,38786,1703,174628,5209,391103,1818,565731,California
San Francisco,2021-05-02,5316,925050,3081,570062,2137,316104,98,38884,962,171347,4345,395448,1064,566795,California
San Francisco,2021-05-03,9685,934735,6598,576660,2925,319029,162,39046,2459,166778,7197,402645,2628,569423,California
San Francisco,2021-05-04,9375,944110,6004,582664,3121,322150,250,39296,2287,162265,7055,409700,2542,571965,California
San Francisco,2021-05-05,8764,952874,6124,588788,2332,324482,308,39604,2142,158141,6577,416277,2453,574418,California
San Francisco,2021-05-06,10735,963609,8577,597365,1685,326167,473,40077,1843,151600,8858,425135,2317,576735,California
San Francisco,2021-05-07,10111,973720,6477,603842,3362,329529,272,40349,1633,145051,8452,433587,1903,578638,California
San Francisco,2021-05-08,8378,982098,3565,607407,4683,334212,130,40479,974,138784,7372,440959,1105,579743,California
San Francisco,2021-05-09,6689,988787,5828,613235,779,334991,82,40561,1216,134626,5450,446409,1292,581035,California
San Francisco,2021-05-10,6984,995771,4955,618190,1778,336769,251,40812,1044,130007,5912,452321,1293,582328,California
San Francisco,2021-05-11,7387,1003158,5310,623500,1859,338628,218,41030,1445,125760,5909,458230,1662,583990,California
San Francisco,2021-05-12,8110,1011268,5914,629414,1740,340368,456,41486,1853,121840,6224,464454,2304,586294,California
San Francisco,2021-05-13,11056,1022324,8117,637531,2713,343081,226,41712,4181,119405,6847,471301,4412,590706,California
San Francisco,2021-05-14,9290,1031614,6577,644108,2541,345622,172,41884,3006,116338,6254,477555,3187,593893,California
San Francisco,2021-05-15,7900,1039514,6254,650362,1590,347212,56,41940,3104,114730,4780,482335,3172,597065,California
San Francisco,2021-05-16,4971,1044485,4189,654551,723,347935,59,41999,1844,113525,3108,485443,1903,598968,California
San Francisco,2021-05-17,7238,1051723,5389,659940,1683,349618,166,42165,2469,111413,4750,490193,2638,601606,California
San Francisco,2021-05-18,8684,1060407,4973,664913,3536,353154,175,42340,1958,106867,6680,496873,2134,603740,California
San Francisco,2021-05-19,7454,1067861,5535,670448,1688,354842,231,42571,2435,104539,4991,501864,2663,606403,California
San Francisco,2021-05-20,5941,1073802,4001,674449,1689,356531,251,42822,1638,102157,4267,506131,1885,608288,California
San Francisco,2021-05-21,7186,1080988,4070,678519,2931,359462,185,43007,1832,98860,5309,511440,2012,610300,California
San Francisco,2021-05-22,4763,1085751,3609,682128,1066,360528,88,43095,2172,98549,2570,514010,2259,612559,California
San Francisco,2021-05-23,1824,1087575,1388,683516,362,360890,74,43169,834,98474,983,514993,908,613467,California
San Francisco,2021-05-24,4034,1091609,2854,686370,1017,361907,163,43332,1196,97021,2813,517806,1360,614827,California
San Francisco,2021-05-25,3690,1095299,2405,688775,1064,362971,221,43553,1098,95762,2574,520380,1315,616142,California
San Francisco,2021-05-26,3916,1099215,2533,691308,1237,364208,146,43699,1134,94284,2758,523138,1280,617422,California
San Francisco,2021-05-27,3698,1102913,2137,693445,1384,365592,177,43876,1200,93174,2487,525625,1377,618799,California
San Francisco,2021-05-28,3766,1106679,2152,695597,1453,367045,161,44037,1345,92283,2396,528021,1505,620304,California
San Francisco,2021-05-29,2020,1108699,1464,697061,456,367501,100,44137,880,92137,1120,529141,974,621278,California
San Francisco,2021-05-30,961,1109660,691,697752,233,367734,37,44174,399,92015,558,529699,436,621714,California
San Francisco,2021-05-31,254,1109914,207,697959,40,367774,7,44181,85,91939,168,529867,92,621806,California
San Francisco,2021-06-01,3564,1113478,2154,700113,1223,368997,187,44368,1249,91073,2299,532166,1433,623239,California
San Francisco,2021-06-02,2427,1115905,1752,701865,552,369549,123,44491,894,90564,1521,533687,1012,624251,California
San Francisco,2021-06-03,3963,1119868,2724,704589,1035,370584,204,44695,1053,88924,2892,536579,1252,625503,California
San Francisco,2021-06-04,5700,1125568,4827,709416,737,371321,136,44831,1395,86178,4272,540851,1526,627029,California
San Francisco,2021-06-05,3678,1129246,3109,712525,422,371743,147,44978,956,84569,2708,543559,1099,628128,California
San Francisco,2021-06-06,2314,1131560,2165,714690,111,371854,38,45016,508,83315,1800,545359,546,628674,California
San Francisco,2021-06-07,3621,1135181,3006,717696,481,372335,134,45150,954,81750,2650,548009,1085,629759,California
San Francisco,2021-06-08,2795,1137976,2198,719894,431,372766,166,45316,845,80822,1933,549942,1005,630764,California
San Francisco,2021-06-09,1930,1139906,1586,721480,236,373002,108,45424,566,80146,1348,551290,672,631436,California
San Francisco,2021-06-10,2103,1142009,1649,723129,294,373296,160,45584,684,79580,1408,552698,842,632278,California
San Francisco,2021-06-11,1917,1143926,1540,724669,265,373561,112,45696,576,78940,1328,554026,688,632966,California
San Joaquin,2020-12-15,14,14,14,14,0,0,0,0,14,14,0,0,14,14,California
San Joaquin,2020-12-16,308,322,308,322,0,0,0,0,308,322,0,0,308,322,California
San Joaquin,2020-12-17,320,642,320,642,0,0,0,0,320,642,0,0,320,642,California
San Joaquin,2020-12-18,535,1177,531,1173,4,4,0,0,535,1177,0,0,535,1177,California
San Joaquin,2020-12-19,189,1366,189,1362,0,4,0,0,189,1366,0,0,189,1366,California
San Joaquin,2020-12-20,116,1482,115,1477,1,5,0,0,116,1482,0,0,116,1482,California
San Joaquin,2020-12-21,496,1978,495,1972,1,6,0,0,496,1978,0,0,496,1978,California
San Joaquin,2020-12-22,975,2953,856,2828,119,125,0,0,974,2952,0,0,974,2952,California
San Joaquin,2020-12-23,986,3939,927,3755,59,184,0,0,983,3935,2,2,985,3937,California
San Joaquin,2020-12-24,218,4157,189,3944,29,213,0,0,217,4152,1,3,218,4155,California
San Joaquin,2020-12-25,15,4172,15,3959,0,213,0,0,15,4167,0,3,15,4170,California
San Joaquin,2020-12-26,103,4275,31,3990,72,285,0,0,103,4270,0,3,103,4273,California
San Joaquin,2020-12-27,44,4319,31,4021,13,298,0,0,44,4314,0,3,44,4317,California
San Joaquin,2020-12-28,630,4949,425,4446,205,503,0,0,630,4944,0,3,630,4947,California
San Joaquin,2020-12-29,793,5742,664,5110,129,632,0,0,793,5737,0,3,793,5740,California
San Joaquin,2020-12-30,1012,6754,718,5828,294,926,0,0,1010,6747,2,5,1012,6752,California
San Joaquin,2020-12-31,456,7210,203,6031,253,1179,0,0,456,7203,1,6,457,7209,California
San Joaquin,2021-01-01,23,7233,13,6044,10,1189,0,0,23,7226,0,6,23,7232,California
San Joaquin,2021-01-02,268,7501,245,6289,23,1212,0,0,268,7494,0,6,268,7500,California
San Joaquin,2021-01-03,37,7538,20,6309,17,1229,0,0,36,7529,1,7,36,7536,California
San Joaquin,2021-01-04,480,8018,339,6648,141,1370,0,0,478,8006,1,8,478,8014,California
San Joaquin,2021-01-05,986,9004,651,7299,335,1705,0,0,815,8687,171,179,852,8866,California
San Joaquin,2021-01-06,1227,10231,711,8010,516,2221,0,0,922,9313,300,479,926,9792,California
San Joaquin,2021-01-07,1087,11318,688,8698,399,2620,0,0,789,9808,295,774,790,10582,California
San Joaquin,2021-01-08,1207,12525,825,9523,382,3002,0,0,713,10032,493,1267,717,11299,California
San Joaquin,2021-01-09,379,12904,300,9823,79,3081,0,0,247,10148,132,1399,248,11547,California
San Joaquin,2021-01-10,224,13128,116,9939,108,3189,0,0,171,10267,52,1451,171,11718,California
San Joaquin,2021-01-11,1534,14662,1326,11265,208,3397,0,0,867,10536,666,2117,935,12653,California
San Joaquin,2021-01-12,1485,16147,1070,12335,415,3812,0,0,698,10523,783,2900,770,13423,California
San Joaquin,2021-01-13,1543,17690,905,13240,638,4450,0,0,961,10912,579,3479,968,14391,California
San Joaquin,2021-01-14,1758,19448,975,14215,783,5233,0,0,1412,12017,325,3804,1430,15821,California
San Joaquin,2021-01-15,1535,20983,547,14762,988,6221,0,0,1302,13119,218,4022,1320,17141,California
San Joaquin,2021-01-16,1135,22118,181,14943,954,7175,0,0,1103,14191,31,4053,1103,18244,California
San Joaquin,2021-01-17,1629,23747,138,15081,1491,8666,0,0,1585,15735,43,4096,1587,19831,California
San Joaquin,2021-01-18,741,24488,238,15319,503,9169,0,0,620,16238,117,4213,620,20451,California
San Joaquin,2021-01-19,1880,26368,902,16221,978,10147,0,0,1197,16765,678,4891,1205,21656,California
San Joaquin,2021-01-20,2094,28462,1287,17508,807,10954,0,0,1445,17574,642,5533,1451,23107,California
San Joaquin,2021-01-21,1982,30444,901,18409,1081,12035,0,0,1583,18774,392,5925,1592,24699,California
San Joaquin,2021-01-22,1955,32399,895,19304,1060,13095,0,0,1813,20452,137,6062,1815,26514,California
San Joaquin,2021-01-23,900,33299,400,19704,500,13595,0,0,612,20779,287,6349,614,27128,California
San Joaquin,2021-01-24,352,33651,136,19840,216,13811,0,0,329,21088,20,6369,329,27457,California
San Joaquin,2021-01-25,2002,35653,1146,20986,856,14667,0,0,1432,21956,567,6936,1435,28892,California
San Joaquin,2021-01-26,2159,37812,1113,22099,1046,15713,0,0,1539,22888,613,7549,1545,30437,California
San Joaquin,2021-01-27,1743,39555,771,22870,972,16685,0,0,1241,23639,497,8046,1248,31685,California
San Joaquin,2021-01-28,2054,41609,775,23645,1279,17964,0,0,1391,24380,659,8705,1400,33085,California
San Joaquin,2021-01-29,2169,43778,1051,24696,1118,19082,0,0,1817,25860,346,9051,1826,34911,California
San Joaquin,2021-01-30,2175,45953,356,25052,1819,20901,0,0,1996,27680,178,9229,1998,36909,California
San Joaquin,2021-01-31,1557,47510,179,25231,1378,22279,0,0,1492,29109,64,9293,1493,38402,California
San Joaquin,2021-02-01,2532,50042,1341,26572,1191,23470,0,0,1769,30118,763,10056,1772,40174,California
San Joaquin,2021-02-02,2587,52629,1154,27726,1433,24903,0,0,1976,31547,551,10607,1980,42154,California
San Joaquin,2021-02-03,3079,55708,1213,28939,1866,26769,0,0,2208,32899,864,11471,2216,44370,California
San Joaquin,2021-02-04,3550,59258,1818,30757,1732,28501,0,0,2650,34661,894,12365,2656,47026,California
San Joaquin,2021-02-05,3170,62428,1806,32563,1364,29865,0,0,2341,36198,818,13183,2355,49381,California
San Joaquin,2021-02-06,1088,63516,748,33311,340,30205,0,0,945,37004,140,13323,946,50327,California
San Joaquin,2021-02-07,622,64138,493,33804,129,30334,0,0,418,37224,199,13522,419,50746,California
San Joaquin,2021-02-08,1789,65927,1037,34841,752,31086,0,0,1446,38356,320,13842,1452,52198,California
San Joaquin,2021-02-09,2132,68059,1159,36000,973,32059,0,0,1585,39467,477,14319,1588,53786,California
San Joaquin,2021-02-10,2574,70633,1250,37250,1324,33383,0,0,1346,39608,1206,15525,1347,55133,California
San Joaquin,2021-02-11,2922,73555,1486,38736,1436,34819,0,0,1703,40131,1187,16712,1710,56843,California
San Joaquin,2021-02-12,2825,76380,1130,39866,1695,36514,0,0,1604,40540,1200,17912,1609,58452,California
San Joaquin,2021-02-13,2118,78498,397,40263,1721,38235,0,0,851,40144,1253,19165,857,59309,California
San Joaquin,2021-02-14,1910,80408,260,40523,1650,39885,0,0,692,39651,1186,20351,693,60002,California
San Joaquin,2021-02-15,1985,82393,827,41350,1158,41043,0,0,1189,40078,766,21117,1193,61195,California
San Joaquin,2021-02-16,3165,85558,1377,42727,1788,42831,0,0,1750,40439,1400,22517,1761,62956,California
San Joaquin,2021-02-17,3284,88842,1269,43996,2015,44846,0,0,1870,40913,1400,23917,1874,64830,California
San Joaquin,2021-02-18,3355,92197,1383,45379,1972,46818,0,0,1915,41431,1403,25320,1921,66751,California
San Joaquin,2021-02-19,4276,96473,2418,47797,1858,48676,0,0,2393,41996,1828,27148,2393,69144,California
San Joaquin,2021-02-20,1560,98033,664,48461,896,49572,0,0,1061,42560,497,27645,1061,70205,California
San Joaquin,2021-02-21,674,98707,509,48970,165,49737,0,0,424,42739,247,27892,426,70631,California
San Joaquin,2021-02-22,3556,102263,2509,51479,1047,50784,0,0,2540,44296,987,28879,2544,73175,California
San Joaquin,2021-02-23,4319,106582,2625,54104,1694,52478,0,0,2656,45325,1633,30512,2662,75837,California
San Joaquin,2021-02-24,5776,112358,3431,57535,2345,54823,0,0,4147,47873,1603,32115,4151,79988,California
San Joaquin,2021-02-25,6383,118741,3950,61485,2433,57256,0,0,4117,49776,2224,34339,4127,84115,California
San Joaquin,2021-02-26,5526,124267,2862,64347,2664,59920,0,0,3793,51877,1698,36037,3799,87914,California
San Joaquin,2021-02-27,5490,129757,1634,65981,3856,63776,0,0,2653,51764,2778,38815,2665,90579,California
San Joaquin,2021-02-28,3113,132870,1126,67107,1987,65763,0,0,2053,52787,1032,39847,2055,92634,California
San Joaquin,2021-03-01,4144,137014,1825,68932,2316,68079,3,3,2350,53373,1776,41623,2362,94996,California
San Joaquin,2021-03-02,4229,141243,1685,70617,2544,70623,0,3,2654,54530,1552,43175,2709,97705,California
San Joaquin,2021-03-03,5813,147056,3452,74069,2359,72982,2,5,4191,57125,1597,44772,4192,101897,California
San Joaquin,2021-03-04,5728,152784,2273,76342,3452,76434,3,8,3744,58905,1968,46740,3748,105645,California
San Joaquin,2021-03-05,4472,157256,1905,78247,2562,78996,5,13,3088,60635,1367,48107,3097,108742,California
San Joaquin,2021-03-06,3306,160562,2176,80423,1000,79996,130,143,2724,62914,578,48685,2857,111599,California
San Joaquin,2021-03-07,1221,161783,563,80986,610,80606,48,191,935,63614,268,48953,968,112567,California
San Joaquin,2021-03-08,3149,164932,1259,82245,1766,82372,124,315,2141,64883,995,49948,2264,114831,California
San Joaquin,2021-03-09,4036,168968,1830,84075,2075,84447,131,446,2677,66354,1342,51290,2813,117644,California
San Joaquin,2021-03-10,4656,173624,2474,86549,2042,86489,140,586,3425,68704,1215,52505,3565,121209,California
San Joaquin,2021-03-11,4962,178586,2362,88911,2000,88489,600,1186,2944,70247,2005,54510,3548,124757,California
San Joaquin,2021-03-12,6302,184888,3149,92060,2815,91304,338,1524,4163,72642,2113,56623,4508,129265,California
San Joaquin,2021-03-13,3073,187961,1460,93520,1489,92793,124,1648,2289,74287,776,57399,2421,131686,California
San Joaquin,2021-03-14,2168,190129,675,94195,1189,93982,304,1952,1027,74488,1134,58533,1335,133021,California
San Joaquin,2021-03-15,6093,196222,3505,97700,2184,96166,404,2356,3182,75210,2877,61410,3599,136620,California
San Joaquin,2021-03-16,6868,203090,3908,101608,2702,98868,258,2614,4044,76717,2800,64210,4307,140927,California
San Joaquin,2021-03-17,7824,210914,4690,106298,3064,101932,70,2684,4345,77706,3435,67645,4424,145351,California
San Joaquin,2021-03-18,7659,218573,4505,110803,2648,104580,506,3190,3770,78145,3845,71490,4284,149635,California
San Joaquin,2021-03-19,7959,226532,4667,115470,2748,107328,544,3734,4806,80424,3129,74619,5408,155043,California
San Joaquin,2021-03-20,3693,230225,2131,117601,1319,108647,243,3977,1832,80669,1842,76461,2087,157130,California
San Joaquin,2021-03-21,2128,232353,1510,119111,411,109058,207,4184,1163,81159,952,77413,1442,158572,California
San Joaquin,2021-03-22,3988,236341,2045,121156,1527,110585,416,4600,2353,82315,1619,79032,2775,161347,California
San Joaquin,2021-03-23,5396,241737,2647,123803,2581,113166,168,4768,3718,84551,1657,80689,3893,165240,California
San Joaquin,2021-03-24,6859,248596,4252,128055,2518,115684,89,4857,3018,83864,3802,84491,3115,168355,California
San Joaquin,2021-03-25,5580,254176,3317,131372,2219,117903,44,4901,3301,84961,2256,86747,3353,171708,California
San Joaquin,2021-03-26,6202,260378,2569,133941,3482,121385,151,5052,3238,85434,2937,89684,3410,175118,California
San Joaquin,2021-03-27,4678,265056,2626,136567,1978,123363,74,5126,1806,84477,2848,92532,1891,177009,California
San Joaquin,2021-03-28,2739,267795,1811,138378,903,124266,25,5151,1266,84430,1453,93985,1406,178415,California
San Joaquin,2021-03-29,4056,271851,2191,140569,1842,126108,23,5174,2025,84479,2015,96000,2064,180479,California
San Joaquin,2021-03-30,6243,278094,3182,143751,2968,129076,93,5267,3435,85249,2778,98778,3548,184027,California
San Joaquin,2021-03-31,6609,284703,4161,147912,2388,131464,60,5327,3344,85431,3246,102024,3428,187455,California
San Joaquin,2021-04-01,6443,291146,2992,150904,3361,134825,90,5417,2849,84860,3569,105593,2998,190453,California
San Joaquin,2021-04-02,6358,297504,2886,153790,2978,137803,494,5911,2536,84125,3796,109389,3061,193514,California
San Joaquin,2021-04-03,4154,301658,2343,156133,1486,139289,325,6236,2006,84336,2132,111521,2343,195857,California
San Joaquin,2021-04-04,2291,303949,1365,157498,719,140008,207,6443,1547,85375,734,112255,1773,197630,California
San Joaquin,2021-04-05,4797,308746,2841,160339,1715,141723,241,6684,2643,86129,2141,114396,2895,200525,California
San Joaquin,2021-04-06,7076,315822,4545,164884,2255,143978,276,6960,3346,86067,3700,118096,3638,204163,California
San Joaquin,2021-04-07,8344,324166,4536,169420,2222,146200,1586,8546,3501,86341,4826,122922,5100,209263,California
San Joaquin,2021-04-08,8787,332953,4709,174129,1943,148143,2135,10681,3316,86349,5443,128365,5451,214714,California
San Joaquin,2021-04-09,8897,341850,4289,178418,3041,151184,1567,12248,3220,85501,5653,134018,4805,219519,California
San Joaquin,2021-04-10,5228,347078,1633,180051,1685,152869,1910,14158,1765,85723,3451,137469,3673,223192,California
San Joaquin,2021-04-11,4089,351167,1559,181610,1364,154233,1166,15324,1772,86349,2307,139776,2933,226125,California
San Joaquin,2021-04-12,6007,357174,2389,183999,2067,156300,1551,16875,2339,86598,3647,143423,3896,230021,California
San Joaquin,2021-04-13,7484,364658,4301,188300,3174,159474,9,16884,4586,88324,2875,146298,4601,234622,California
San Joaquin,2021-04-14,7562,372220,3814,192114,3746,163220,2,16886,4547,89891,2994,149292,4561,239183,California
San Joaquin,2021-04-15,7840,380060,4630,196744,3210,166430,0,16886,4384,90862,3422,152714,4393,243576,California
San Joaquin,2021-04-16,7653,387713,4090,200834,3560,169990,3,16889,4583,92417,3042,155756,4597,248173,California
San Joaquin,2021-04-17,5174,392887,2795,203629,2377,172367,2,16891,3673,94620,1490,157246,3693,251866,California
San Joaquin,2021-04-18,2485,395372,1382,205011,1103,173470,0,16891,1320,94798,1150,158396,1328,253194,California
San Joaquin,2021-04-19,5195,400567,2807,207818,2388,175858,0,16891,2767,95174,2401,160797,2777,255971,California
San Joaquin,2021-04-20,6248,406815,3303,211121,2945,178803,0,16891,2953,94870,3268,164065,2964,258935,California
San Joaquin,2021-04-21,5661,412476,3137,214258,2524,181327,0,16891,2925,95119,2684,166749,2933,261868,California
San Joaquin,2021-04-22,5316,417792,3145,217403,2169,183496,2,16893,3072,95994,2217,168966,3092,264960,California
San Joaquin,2021-04-23,5940,423732,2841,220244,3098,186594,1,16894,3760,97602,2159,171125,3767,268727,California
San Joaquin,2021-04-24,5263,428995,3626,223870,1636,188230,1,16895,3427,99228,1809,172934,3435,272162,California
San Joaquin,2021-04-25,3063,432058,2578,226448,485,188715,0,16895,2030,100255,1010,173944,2037,274199,California
San Joaquin,2021-04-26,4051,436109,2653,229101,1394,190109,4,16899,2163,100552,1876,175820,2173,276372,California
San Joaquin,2021-04-27,4626,440735,2665,231766,1899,192008,62,16961,1974,99965,2630,178450,2043,278415,California
San Joaquin,2021-04-28,5578,446313,3356,235122,2142,194150,80,17041,2767,100041,2782,181232,2858,281273,California
San Joaquin,2021-04-29,4915,451228,2878,238000,1980,196130,57,17098,2523,100261,2372,183604,2592,283865,California
San Joaquin,2021-04-30,4978,456206,2430,240430,2481,198611,67,17165,2580,100538,2381,185985,2658,286523,California
San Joaquin,2021-05-01,3354,459560,1916,242346,1379,199990,59,17224,2139,101543,1206,187191,2211,288734,California
San Joaquin,2021-05-02,2300,461860,1600,243946,644,200634,56,17280,1173,101650,1123,188314,1230,289964,California
San Joaquin,2021-05-03,3328,465188,2256,246202,999,201633,73,17353,1405,101229,1906,190220,1485,291449,California
San Joaquin,2021-05-04,4850,470038,3299,249501,1395,203028,156,17509,1786,100138,3044,193264,1953,293402,California
San Joaquin,2021-05-05,5062,475100,3501,253002,1398,204426,163,17672,2245,99765,2789,196053,2416,295818,California
San Joaquin,2021-05-06,4664,479764,3124,256126,1410,205836,130,17802,2033,99324,2615,198668,2174,297992,California
San Joaquin,2021-05-07,5115,484879,2953,259079,2009,207845,153,17955,1913,98220,3180,201848,2076,300068,California
San Joaquin,2021-05-08,3279,488158,2107,261186,1071,208916,101,18056,1213,97493,2050,203898,1323,301391,California
San Joaquin,2021-05-09,1484,489642,850,262036,564,209480,70,18126,592,97272,889,204787,668,302059,California
San Joaquin,2021-05-10,2815,492457,1479,263515,1211,210691,125,18251,931,96466,1867,206654,1061,303120,California
San Joaquin,2021-05-11,4193,496650,2209,265724,1863,212554,121,18372,1342,95126,2835,209489,1495,304615,California
San Joaquin,2021-05-12,4393,501043,2097,267821,2172,214726,124,18496,1460,93808,2917,212406,1599,306214,California
San Joaquin,2021-05-13,4706,505749,2732,270553,1885,216611,89,18585,1830,92880,2862,215268,1934,308148,California
San Joaquin,2021-05-14,5739,511488,3420,273973,2211,218822,108,18693,2423,92130,3289,218557,2539,310687,California
San Joaquin,2021-05-15,5232,516720,3110,277083,2043,220865,79,18772,1644,90298,3559,222116,1727,312414,California
San Joaquin,2021-05-16,3549,520269,2774,279857,726,221591,49,18821,1437,89692,2100,224216,1494,313908,California
San Joaquin,2021-05-17,4135,524404,2468,282325,1570,223161,97,18918,1794,89267,2326,226542,1901,315809,California
San Joaquin,2021-05-18,3940,528344,2273,284598,1548,224709,119,19037,1877,89216,2047,228589,1996,317805,California
San Joaquin,2021-05-19,4745,533089,2756,287354,1855,226564,134,19171,2096,88839,2617,231206,2240,320045,California
San Joaquin,2021-05-20,3933,537022,2359,289713,1471,228035,103,19274,1764,88561,2149,233355,1871,321916,California
San Joaquin,2021-05-21,4946,541968,2880,292593,1942,229977,124,19398,2271,88320,2645,236000,2404,324320,California
San Joaquin,2021-05-22,3974,545942,2466,295059,1414,231391,94,19492,1769,88002,2191,238191,1873,326193,California
San Joaquin,2021-05-23,2378,548320,1927,296986,408,231799,43,19535,1403,88485,968,239159,1451,327644,California
San Joaquin,2021-05-24,2942,551262,1681,298667,1169,232968,92,19627,1368,88393,1557,240716,1465,329109,California
San Joaquin,2021-05-25,3084,554346,1917,300584,1017,233985,150,19777,1462,88401,1603,242319,1611,330720,California
San Joaquin,2021-05-26,3401,557747,1921,302505,1405,235390,75,19852,1521,88133,1869,244188,1601,332321,California
San Joaquin,2021-05-27,2911,560658,1490,303995,1336,236726,85,19937,1137,87598,1760,245948,1225,333546,California
San Joaquin,2021-05-28,3031,563689,1595,305590,1347,238073,89,20026,1408,87505,1601,247549,1508,335054,California
San Joaquin,2021-05-29,2126,565815,1170,306760,920,238993,36,20062,955,87333,1167,248716,995,336049,California
San Joaquin,2021-05-30,970,566785,518,307278,426,239419,26,20088,408,87213,557,249273,437,336486,California
San Joaquin,2021-05-31,618,567403,258,307536,353,239772,7,20095,237,87081,377,249650,245,336731,California
San Joaquin,2021-06-01,2416,569819,1467,309003,855,240627,94,20189,1162,87099,1245,250895,1263,337994,California
San Joaquin,2021-06-02,2704,572523,1602,310605,1047,241674,55,20244,1145,86760,1542,252437,1203,339197,California
San Joaquin,2021-06-03,2801,575324,1736,312341,1011,242685,54,20298,1083,86195,1706,254143,1141,340338,California
San Joaquin,2021-06-04,3107,578431,1910,314251,1090,243775,107,20405,1080,85380,2001,256144,1186,341524,California
San Joaquin,2021-06-05,2314,580745,1776,316027,493,244268,45,20450,1078,85363,1145,257289,1128,342652,California
San Joaquin,2021-06-06,1066,581811,855,316882,177,244445,34,20484,433,85216,614,257903,467,343119,California
San Joaquin,2021-06-07,2790,584601,2073,318955,676,245121,41,20525,975,84434,1808,259711,1026,344145,California
San Joaquin,2021-06-08,2591,587192,1936,320891,612,245733,43,20568,825,83552,1753,261464,871,345016,California
San Joaquin,2021-06-09,2347,589539,1663,322554,655,246388,29,20597,763,82778,1570,263034,796,345812,California
San Joaquin,2021-06-10,2171,591710,1642,324196,485,246873,44,20641,822,82299,1344,264378,865,346677,California
San Joaquin,2021-06-11,1413,593123,1035,325231,342,247215,36,20677,403,81736,1004,265382,441,347118,California
San Luis Obispo,2020-12-16,4,4,4,4,0,0,0,0,4,4,0,0,4,4,California
San Luis Obispo,2020-12-17,196,200,196,200,0,0,0,0,196,200,0,0,196,200,California
San Luis Obispo,2020-12-18,225,425,225,425,0,0,0,0,225,425,0,0,225,425,California
San Luis Obispo,2020-12-19,164,589,164,589,0,0,0,0,164,589,0,0,164,589,California
San Luis Obispo,2020-12-20,215,804,215,804,0,0,0,0,215,804,0,0,215,804,California
San Luis Obispo,2020-12-21,549,1353,548,1352,1,1,0,0,549,1353,0,0,549,1353,California
San Luis Obispo,2020-12-22,310,1663,306,1658,4,5,0,0,310,1663,0,0,310,1663,California
San Luis Obispo,2020-12-23,681,2344,367,2025,314,319,0,0,681,2344,0,0,681,2344,California
San Luis Obispo,2020-12-24,194,2538,19,2044,175,494,0,0,194,2538,0,0,194,2538,California
San Luis Obispo,2020-12-25,2,2540,1,2045,1,495,0,0,2,2540,0,0,2,2540,California
San Luis Obispo,2020-12-26,90,2630,13,2058,77,572,0,0,90,2630,0,0,90,2630,California
San Luis Obispo,2020-12-27,76,2706,0,2058,76,648,0,0,76,2706,0,0,76,2706,California
San Luis Obispo,2020-12-28,881,3587,432,2490,449,1097,0,0,881,3587,0,0,881,3587,California
San Luis Obispo,2020-12-29,903,4490,503,2993,400,1497,0,0,903,4490,0,0,903,4490,California
San Luis Obispo,2020-12-30,1172,5662,679,3672,493,1990,0,0,1172,5662,0,0,1172,5662,California
San Luis Obispo,2020-12-31,108,5770,4,3676,104,2094,0,0,108,5770,0,0,108,5770,California
San Luis Obispo,2021-01-01,15,5785,9,3685,6,2100,0,0,15,5785,0,0,15,5785,California
San Luis Obispo,2021-01-02,34,5819,8,3693,26,2126,0,0,34,5819,0,0,34,5819,California
San Luis Obispo,2021-01-03,17,5836,6,3699,11,2137,0,0,17,5836,0,0,17,5836,California
San Luis Obispo,2021-01-04,682,6518,524,4223,158,2295,0,0,682,6518,0,0,682,6518,California
San Luis Obispo,2021-01-05,973,7491,752,4975,221,2516,0,0,971,7487,2,2,971,7489,California
San Luis Obispo,2021-01-06,726,8217,479,5454,247,2763,0,0,718,8198,7,9,718,8207,California
San Luis Obispo,2021-01-07,1128,9345,950,6404,178,2941,0,0,684,8438,444,453,684,8891,California
San Luis Obispo,2021-01-08,879,10224,801,7205,78,3019,0,0,511,8582,367,820,511,9402,California
San Luis Obispo,2021-01-09,206,10430,196,7401,10,3029,0,0,28,8432,178,998,28,9430,California
San Luis Obispo,2021-01-10,12,10442,8,7409,4,3033,0,0,8,8436,4,1002,8,9438,California
San Luis Obispo,2021-01-11,561,11003,510,7919,51,3084,0,0,299,8474,261,1263,299,9737,California
San Luis Obispo,2021-01-12,598,11601,382,8301,216,3300,0,0,318,8512,280,1543,318,10055,California
San Luis Obispo,2021-01-13,886,12487,258,8559,628,3928,0,0,649,8926,235,1778,649,10704,California
San Luis Obispo,2021-01-14,729,13216,239,8798,490,4418,0,0,607,9420,113,1891,607,11311,California
San Luis Obispo,2021-01-15,735,13951,293,9091,442,4860,0,0,556,9802,174,2065,556,11867,California
San Luis Obispo,2021-01-16,100,14051,81,9172,19,4879,0,0,94,9890,6,2071,94,11961,California
San Luis Obispo,2021-01-17,64,14115,57,9229,7,4886,0,0,64,9954,0,2071,64,12025,California
San Luis Obispo,2021-01-18,1374,15489,390,9619,984,5870,0,0,1109,10798,265,2336,1109,13134,California
San Luis Obispo,2021-01-19,1577,17066,415,10034,1162,7032,0,0,1170,11562,407,2743,1171,14305,California
San Luis Obispo,2021-01-20,1892,18958,601,10635,1291,8323,0,0,1300,12273,590,3333,1301,15606,California
San Luis Obispo,2021-01-21,1575,20533,469,11104,1106,9429,0,0,1203,13109,368,3701,1204,16810,California
San Luis Obispo,2021-01-22,1521,22054,506,11610,1015,10444,0,0,1206,14002,313,4014,1206,18016,California
San Luis Obispo,2021-01-23,315,22369,296,11906,19,10463,0,0,299,14285,16,4030,299,18315,California
San Luis Obispo,2021-01-24,249,22618,241,12147,8,10471,0,0,243,14522,6,4036,243,18558,California
San Luis Obispo,2021-01-25,2077,24695,601,12748,1476,11947,0,0,1247,14939,830,4866,1247,19805,California
San Luis Obispo,2021-01-26,2003,26698,700,13448,1303,13250,0,0,1141,15219,862,5728,1142,20947,California
San Luis Obispo,2021-01-27,1618,28316,290,13738,1328,14578,0,0,1161,15923,457,6185,1161,22108,California
San Luis Obispo,2021-01-28,1501,29817,344,14082,1157,15735,0,0,1237,16898,262,6447,1237,23345,California
San Luis Obispo,2021-01-29,1744,31561,682,14764,1062,16797,0,0,1457,18068,287,6734,1457,24802,California
San Luis Obispo,2021-01-30,36,31597,18,14782,18,16815,0,0,25,18083,10,6744,25,24827,California
San Luis Obispo,2021-01-31,27,31624,19,14801,8,16823,0,0,25,18106,2,6746,25,24852,California
San Luis Obispo,2021-02-01,1710,33334,743,15544,967,17790,0,0,1404,19205,305,7051,1404,26256,California
San Luis Obispo,2021-02-02,1900,35234,679,16223,1221,19011,0,0,1524,20354,376,7427,1525,27781,California
San Luis Obispo,2021-02-03,1714,36948,731,16954,983,19994,0,0,1298,21236,416,7843,1298,29079,California
San Luis Obispo,2021-02-04,1663,38611,802,17756,861,20855,0,0,1095,21763,568,8411,1095,30174,California
San Luis Obispo,2021-02-05,1607,40218,715,18471,892,21747,0,0,1061,22278,547,8958,1062,31236,California
San Luis Obispo,2021-02-06,174,40392,107,18578,67,21814,0,0,94,22292,80,9038,94,31330,California
San Luis Obispo,2021-02-07,124,40516,79,18657,45,21859,0,0,72,22313,52,9090,73,31403,California
San Luis Obispo,2021-02-08,863,41379,473,19130,390,22249,0,0,503,22457,359,9449,503,31906,California
San Luis Obispo,2021-02-09,1127,42506,449,19579,678,22927,0,0,544,22431,577,10026,551,32457,California
San Luis Obispo,2021-02-10,1444,43950,492,20071,952,23879,0,0,529,22050,913,10939,532,32989,California
San Luis Obispo,2021-02-11,1333,45283,846,20917,487,24366,0,0,656,22031,675,11614,656,33645,California
San Luis Obispo,2021-02-12,784,46067,364,21281,420,24786,0,0,415,22077,369,11983,415,34060,California
San Luis Obispo,2021-02-13,388,46455,127,21408,261,25047,0,0,280,22250,107,12090,280,34340,California
San Luis Obispo,2021-02-14,318,46773,41,21449,277,25324,0,0,282,22497,36,12126,283,34623,California
San Luis Obispo,2021-02-15,730,47503,140,21589,590,25914,0,0,474,22716,255,12381,474,35097,California
San Luis Obispo,2021-02-16,2967,50470,1197,22786,1770,27684,0,0,1360,22469,1607,13988,1360,36457,California
San Luis Obispo,2021-02-17,2788,53258,1251,24037,1537,29221,0,0,1030,21748,1751,15739,1030,37487,California
San Luis Obispo,2021-02-18,2826,56084,1459,25496,1367,30588,0,0,1133,21198,1684,17423,1134,38621,California
San Luis Obispo,2021-02-19,1466,57550,1345,26841,121,30709,0,0,1139,22012,325,17748,1139,39760,California
San Luis Obispo,2021-02-20,253,57803,79,26920,174,30883,0,0,215,22189,38,17786,215,39975,California
San Luis Obispo,2021-02-21,57,57860,53,26973,4,30887,0,0,32,22196,25,17811,32,40007,California
San Luis Obispo,2021-02-22,2418,60278,1869,28842,549,31436,0,0,1468,22715,950,18761,1469,41476,California
San Luis Obispo,2021-02-23,1860,62138,1745,30587,115,31551,0,0,1365,23587,494,19255,1366,42842,California
San Luis Obispo,2021-02-24,2642,64780,1299,31886,1343,32894,0,0,836,22620,1803,21058,836,43678,California
San Luis Obispo,2021-02-25,2134,66914,1242,33128,892,33786,0,0,1206,22904,923,21981,1207,44885,California
San Luis Obispo,2021-02-26,2653,69567,1152,34280,1501,35287,0,0,1329,22919,1314,23295,1329,46214,California
San Luis Obispo,2021-02-27,579,70146,353,34633,226,35513,0,0,530,23400,49,23344,530,46744,California
San Luis Obispo,2021-02-28,194,70340,67,34700,127,35640,0,0,160,23527,33,23377,160,46904,California
San Luis Obispo,2021-03-01,3012,73352,1883,36583,1127,36767,2,2,2081,24679,932,24309,2084,48988,California
San Luis Obispo,2021-03-02,3038,76390,1911,38494,1127,37894,0,2,1884,25415,1149,25458,1885,50873,California
San Luis Obispo,2021-03-03,2346,78736,339,38833,2007,39901,0,2,848,24772,1492,26950,849,51722,California
San Luis Obispo,2021-03-04,2202,80938,1164,39997,1038,40939,0,2,1187,24949,1012,27962,1189,52911,California
San Luis Obispo,2021-03-05,2304,83242,1022,41019,1212,42151,70,72,1299,25327,991,28953,1369,54280,California
San Luis Obispo,2021-03-06,841,84083,310,41329,423,42574,108,180,620,25828,221,29174,722,55002,California
San Luis Obispo,2021-03-07,201,84284,31,41360,85,42659,85,265,72,25857,128,29302,157,55159,California
San Luis Obispo,2021-03-08,2743,87027,760,42120,1667,44326,316,581,1546,26527,1192,30494,1862,57021,California
San Luis Obispo,2021-03-09,2952,89979,969,43089,1735,46061,248,829,1525,26877,1423,31917,1773,58794,California
San Luis Obispo,2021-03-10,3201,93180,1240,44329,1678,47739,283,1112,1815,27594,1381,33298,2098,60892,California
San Luis Obispo,2021-03-11,3298,96478,1272,45601,1704,49443,322,1434,1806,28239,1482,34780,2127,63019,California
San Luis Obispo,2021-03-12,3256,99734,1284,46885,1632,51075,340,1774,1619,28570,1631,36411,1962,64981,California
San Luis Obispo,2021-03-13,798,100532,262,47147,428,51503,108,1882,431,28742,366,36777,538,65519,California
San Luis Obispo,2021-03-14,513,101045,53,47200,350,51853,110,1992,134,28608,378,37155,244,65763,California
San Luis Obispo,2021-03-15,3059,104104,1099,48299,1863,53716,97,2089,1532,28714,1524,38679,1630,67393,California
San Luis Obispo,2021-03-16,2852,106956,1511,49810,1231,54947,110,2199,1435,28848,1410,40089,1544,68937,California
San Luis Obispo,2021-03-17,3441,110397,1447,51257,1732,56679,262,2461,1995,29669,1435,41524,2256,71193,California
San Luis Obispo,2021-03-18,2819,113216,1449,52706,1156,57835,214,2675,1346,29760,1468,42992,1559,72752,California
San Luis Obispo,2021-03-19,2602,115818,1572,54278,707,58542,323,2998,963,29417,1631,44623,1288,74040,California
San Luis Obispo,2021-03-20,840,116658,502,54780,301,58843,37,3035,386,29387,453,45076,423,74463,California
San Luis Obispo,2021-03-21,188,116846,45,54825,140,58983,3,3038,158,29519,29,45105,161,74624,California
San Luis Obispo,2021-03-22,2707,119553,1173,55998,1486,60469,48,3086,1873,30610,830,45935,1921,76545,California
San Luis Obispo,2021-03-23,3388,122941,2212,58210,1146,61615,30,3116,2270,31797,1113,47048,2300,78845,California
San Luis Obispo,2021-03-24,3535,126476,2150,60360,1299,62914,86,3202,2628,33610,900,47948,2713,81558,California
San Luis Obispo,2021-03-25,3689,130165,2306,62666,1371,64285,12,3214,2637,35210,1048,48996,2648,84206,California
San Luis Obispo,2021-03-26,3261,133426,1805,64471,1023,65308,433,3647,1827,36041,1429,50425,2260,86466,California
San Luis Obispo,2021-03-27,993,134419,507,64978,395,65703,91,3738,452,36045,539,50964,543,87009,California
San Luis Obispo,2021-03-28,445,134864,151,65129,238,65941,56,3794,245,36147,199,51163,301,87310,California
San Luis Obispo,2021-03-29,2625,137489,1321,66450,1170,67111,134,3928,1680,37031,931,52094,1815,89125,California
San Luis Obispo,2021-03-30,3529,141018,1936,68386,1451,68562,142,4070,2343,38335,1179,53273,2483,91608,California
San Luis Obispo,2021-03-31,3890,144908,2476,70862,1268,69830,146,4216,2508,39617,1371,54644,2653,94261,California
San Luis Obispo,2021-04-01,3893,148801,2464,73326,1311,71141,118,4334,2720,41294,1159,55803,2836,97097,California
San Luis Obispo,2021-04-02,1752,150553,687,74013,750,71891,315,4649,948,41752,802,56605,1260,98357,California
San Luis Obispo,2021-04-03,1111,151664,556,74569,428,72319,127,4776,492,41756,615,57220,619,98976,California
San Luis Obispo,2021-04-04,390,152054,135,74704,215,72534,40,4816,241,41888,149,57369,281,99257,California
San Luis Obispo,2021-04-05,3613,155667,1938,76642,1564,74098,111,4927,2015,42418,1594,58963,2124,101381,California
San Luis Obispo,2021-04-06,4057,159724,2160,78802,1572,75670,325,5252,1937,42567,2112,61075,2261,103642,California
San Luis Obispo,2021-04-07,4309,164033,2347,81149,1596,77266,366,5618,2460,43556,1834,62909,2823,106465,California
San Luis Obispo,2021-04-08,4066,168099,2216,83365,1444,78710,406,6024,2163,44231,1894,64803,2569,109034,California
San Luis Obispo,2021-04-09,3690,171789,1758,85123,1172,79882,760,6784,1512,44330,2167,66970,2266,111300,California
San Luis Obispo,2021-04-10,1595,173384,567,85690,357,80239,671,7455,496,44396,1099,68069,1165,112465,California
San Luis Obispo,2021-04-11,313,173697,61,85751,186,80425,66,7521,123,44397,188,68257,189,112654,California
San Luis Obispo,2021-04-12,3411,177108,1714,87465,1535,81960,162,7683,1422,43991,1989,70246,1583,114237,California
San Luis Obispo,2021-04-13,3678,180786,2128,89593,1549,83509,1,7684,1982,44286,1693,71939,1988,116225,California
San Luis Obispo,2021-04-14,3571,184357,2030,91623,1536,85045,5,7689,1788,44308,1768,73707,1790,118015,California
San Luis Obispo,2021-04-15,3705,188062,2411,94034,1293,86338,1,7690,1993,44611,1693,75400,1996,120011,California
San Luis Obispo,2021-04-16,3653,191715,2230,96264,1419,87757,4,7694,1777,44521,1869,77269,1779,121790,California
San Luis Obispo,2021-04-17,1094,192809,433,96697,659,88416,2,7696,709,44848,384,77653,711,122501,California
San Luis Obispo,2021-04-18,319,193128,97,96794,221,88637,1,7697,109,44750,207,77860,109,122610,California
San Luis Obispo,2021-04-19,3191,196319,1348,98142,1805,90442,38,7735,1098,43798,2089,79949,1137,123747,California
San Luis Obispo,2021-04-20,3620,199939,2010,100152,1610,92052,0,7735,1329,42846,2281,82230,1329,125076,California
San Luis Obispo,2021-04-21,3939,203878,1815,101967,2124,94176,0,7735,1581,42092,2338,84568,1584,126660,California
San Luis Obispo,2021-04-22,4590,208468,2067,104034,2523,96699,0,7735,1413,40346,3161,87729,1415,128075,California
San Luis Obispo,2021-04-23,1461,209929,844,104878,613,97312,4,7739,705,40311,751,88480,716,128791,California
San Luis Obispo,2021-04-24,1083,211012,440,105318,624,97936,19,7758,508,40256,582,89062,527,129318,California
San Luis Obispo,2021-04-25,346,211358,161,105479,185,98121,0,7758,112,40136,232,89294,112,129430,California
San Luis Obispo,2021-04-26,1080,212438,397,105876,666,98787,17,7775,395,39874,673,89967,411,129841,California
San Luis Obispo,2021-04-27,3918,216356,1987,107863,1851,100638,80,7855,1542,39127,2368,92335,1621,131462,California
San Luis Obispo,2021-04-28,3807,220163,2100,109963,1636,102274,71,7926,1355,38113,2440,94775,1426,132888,California
San Luis Obispo,2021-04-29,3715,223878,2121,112084,1527,103801,67,7993,1250,36982,2449,97224,1318,134206,California
San Luis Obispo,2021-04-30,2980,226858,1667,113751,1239,105040,74,8067,926,35944,2036,99260,998,135204,California
San Luis Obispo,2021-05-01,470,227328,160,113911,274,105314,36,8103,98,35709,368,99628,133,135337,California
San Luis Obispo,2021-05-02,171,227499,52,113963,99,105413,20,8123,42,35642,129,99757,62,135399,California
San Luis Obispo,2021-05-03,895,228394,288,114251,497,105910,110,8233,224,35305,669,100426,332,135731,California
San Luis Obispo,2021-05-04,2946,231340,1902,116153,973,106883,71,8304,871,34177,2068,102494,940,136671,California
San Luis Obispo,2021-05-05,2812,234152,1856,118009,890,107773,66,8370,684,32813,2116,104610,752,137423,California
San Luis Obispo,2021-05-06,2827,236979,1905,119914,859,108632,63,8433,729,31524,2081,106691,792,138215,California
San Luis Obispo,2021-05-07,2338,239317,1764,121678,507,109139,67,8500,610,30495,1707,108398,678,138893,California
San Luis Obispo,2021-05-08,568,239885,333,122011,211,109350,24,8524,192,30353,358,108756,216,139109,California
San Luis Obispo,2021-05-09,162,240047,39,122050,104,109454,19,8543,46,30303,115,108871,65,139174,California
San Luis Obispo,2021-05-10,725,240772,155,122205,520,109974,50,8593,155,29941,565,109436,203,139377,California
San Luis Obispo,2021-05-11,1188,241960,595,122800,518,110492,75,8668,361,29556,821,110257,436,139813,California
San Luis Obispo,2021-05-12,2423,244383,1599,124399,741,111233,83,8751,672,28576,1735,111992,755,140568,California
San Luis Obispo,2021-05-13,1141,245524,712,125111,367,111600,62,8813,474,28448,663,112655,535,141103,California
San Luis Obispo,2021-05-14,2231,247755,1635,126746,545,112145,51,8864,921,28127,1292,113947,971,142074,California
San Luis Obispo,2021-05-15,989,248744,456,127202,499,112644,34,8898,466,28107,521,114468,501,142575,California
San Luis Obispo,2021-05-16,304,249048,164,127366,134,112778,6,8904,173,28156,130,114598,179,142754,California
San Luis Obispo,2021-05-17,1670,250718,973,128339,645,113423,52,8956,663,27873,998,115596,715,143469,California
San Luis Obispo,2021-05-18,1894,252612,1156,129495,707,114130,31,8987,723,27463,1165,116761,755,144224,California
San Luis Obispo,2021-05-19,1449,254061,624,130119,763,114893,62,9049,409,26899,1034,117795,470,144694,California
San Luis Obispo,2021-05-20,1132,255193,502,130621,598,115491,32,9081,339,26488,782,118577,371,145065,California
San Luis Obispo,2021-05-21,1078,256271,575,131196,462,115953,41,9122,511,26482,558,119135,552,145617,California
San Luis Obispo,2021-05-22,668,256939,323,131519,322,116275,23,9145,330,26504,331,119466,353,145970,California
San Luis Obispo,2021-05-23,143,257082,65,131584,72,116347,6,9151,49,26466,93,119559,55,146025,California
San Luis Obispo,2021-05-24,566,257648,266,131850,266,116613,34,9185,205,26346,359,119918,239,146264,California
San Luis Obispo,2021-05-25,874,258522,432,132282,415,117028,27,9212,349,26205,517,120435,376,146640,California
San Luis Obispo,2021-05-26,2139,260661,987,133269,1097,118125,55,9267,670,25466,1463,121898,724,147364,California
San Luis Obispo,2021-05-27,1871,262532,660,133929,1178,119303,33,9300,480,24592,1386,123284,512,147876,California
San Luis Obispo,2021-05-28,881,263413,451,134380,409,119712,21,9321,464,24661,416,123700,485,148361,California
San Luis Obispo,2021-05-29,374,263787,150,134530,213,119925,11,9332,211,24722,162,123862,223,148584,California
San Luis Obispo,2021-05-30,89,263876,36,134566,45,119970,8,9340,34,24709,54,123916,41,148625,California
San Luis Obispo,2021-05-31,43,263919,5,134571,24,119994,14,9354,16,24713,25,123941,29,148654,California
San Luis Obispo,2021-06-01,750,264669,326,134897,393,120387,31,9385,271,24540,475,124416,302,148956,California
San Luis Obispo,2021-06-02,628,265297,286,135183,303,120690,39,9424,186,24329,436,124852,225,149181,California
San Luis Obispo,2021-06-03,900,266197,442,135625,427,121117,31,9455,245,23953,652,125504,276,149457,California
San Luis Obispo,2021-06-04,2468,268665,1519,137144,909,122026,40,9495,701,22937,1755,127259,739,150196,California
San Luis Obispo,2021-06-05,659,269324,287,137431,351,122377,21,9516,321,22941,338,127597,342,150538,California
San Luis Obispo,2021-06-06,185,269509,132,137563,44,122421,9,9525,46,22857,139,127736,55,150593,California
San Luis Obispo,2021-06-07,549,270058,358,137921,150,122571,41,9566,157,22665,390,128126,198,150791,California
San Luis Obispo,2021-06-08,783,270841,525,138446,217,122788,41,9607,245,22417,534,128660,286,151077,California
San Luis Obispo,2021-06-09,386,271227,190,138636,176,122964,20,9627,115,22283,269,128929,135,151212,California
San Luis Obispo,2021-06-10,489,271716,174,138810,287,123251,28,9655,141,22105,347,129276,169,151381,California
San Luis Obispo,2021-06-11,263,271979,44,138854,207,123458,12,9667,68,21994,192,129468,81,151462,California
San Mateo,2020-12-15,27,27,27,27,0,0,0,0,27,27,0,0,27,27,California
San Mateo,2020-12-16,110,137,110,137,0,0,0,0,110,137,0,0,110,137,California
San Mateo,2020-12-17,172,309,172,309,0,0,0,0,172,309,0,0,172,309,California
San Mateo,2020-12-18,774,1083,772,1081,2,2,0,0,774,1083,0,0,774,1083,California
San Mateo,2020-12-19,504,1587,504,1585,0,2,0,0,504,1587,0,0,504,1587,California
San Mateo,2020-12-20,502,2089,501,2086,1,3,0,0,502,2089,0,0,502,2089,California
San Mateo,2020-12-21,1137,3226,1136,3222,1,4,0,0,1137,3226,0,0,1137,3226,California
San Mateo,2020-12-22,1512,4738,1504,4726,8,12,0,0,1511,4737,0,0,1511,4737,California
San Mateo,2020-12-23,1554,6292,1367,6093,187,199,0,0,1554,6291,0,0,1554,6291,California
San Mateo,2020-12-24,860,7152,607,6700,253,452,0,0,860,7151,0,0,860,7151,California
San Mateo,2020-12-25,115,7267,112,6812,3,455,0,0,115,7266,0,0,115,7266,California
San Mateo,2020-12-26,556,7823,413,7225,143,598,0,0,556,7822,0,0,556,7822,California
San Mateo,2020-12-27,306,8129,176,7401,130,728,0,0,306,8128,0,0,306,8128,California
San Mateo,2020-12-28,1053,9182,710,8111,343,1071,0,0,1053,9181,0,0,1053,9181,California
San Mateo,2020-12-29,1127,10309,708,8819,419,1490,0,0,1127,10308,0,0,1127,10308,California
San Mateo,2020-12-30,1255,11564,757,9576,498,1988,0,0,1255,11563,0,0,1255,11563,California
San Mateo,2020-12-31,708,12272,231,9807,477,2465,0,0,707,12269,1,1,707,12270,California
San Mateo,2021-01-01,111,12383,75,9882,36,2501,0,0,111,12380,0,1,111,12381,California
San Mateo,2021-01-02,395,12778,268,10150,127,2628,0,0,395,12775,0,1,395,12776,California
San Mateo,2021-01-03,285,13063,209,10359,76,2704,0,0,282,13054,3,4,282,13058,California
San Mateo,2021-01-04,1048,14111,674,11033,374,3078,0,0,1048,14102,0,4,1048,14106,California
San Mateo,2021-01-05,1214,15325,715,11748,499,3577,0,0,1182,15253,32,36,1183,15289,California
San Mateo,2021-01-06,1458,16783,960,12708,498,4075,0,0,1265,16329,190,226,1266,16555,California
San Mateo,2021-01-07,1455,18238,815,13523,640,4715,0,0,1146,17174,302,528,1147,17702,California
San Mateo,2021-01-08,1849,20087,1201,14724,648,5363,0,0,1139,17609,704,1232,1139,18841,California
San Mateo,2021-01-09,1170,21257,773,15497,397,5760,0,0,712,17864,457,1689,712,19553,California
San Mateo,2021-01-10,703,21960,577,16074,126,5886,0,0,263,17687,440,2129,263,19816,California
San Mateo,2021-01-11,2595,24555,1491,17565,1104,6990,0,0,1528,18149,1068,3197,1530,21346,California
San Mateo,2021-01-12,3436,27991,1924,19489,1512,8502,0,0,2219,19173,1207,4404,2231,23577,California
San Mateo,2021-01-13,3406,31397,1665,21154,1741,10243,0,0,2364,20505,1042,5446,2374,25951,California
San Mateo,2021-01-14,3809,35206,1617,22771,2192,12435,0,0,3106,22933,703,6149,3131,29082,California
San Mateo,2021-01-15,4311,39517,1702,24473,2609,15044,0,0,3786,26198,523,6672,3788,32870,California
San Mateo,2021-01-16,3086,42603,769,25242,2317,17361,0,0,2756,28629,329,7001,2760,35630,California
San Mateo,2021-01-17,1308,43911,306,25548,1002,18363,0,0,1101,29523,207,7208,1101,36731,California
San Mateo,2021-01-18,1360,45271,536,26084,824,19187,0,0,982,30130,375,7583,982,37713,California
San Mateo,2021-01-19,2799,48070,1795,27879,1004,20191,0,0,1995,31324,801,8384,1995,39708,California
San Mateo,2021-01-20,2795,50865,1543,29422,1252,21443,0,0,1951,32435,841,9225,1952,41660,California
San Mateo,2021-01-21,2858,53723,1296,30718,1562,23005,0,0,2273,34128,583,9808,2276,43936,California
San Mateo,2021-01-22,2809,56532,1143,31861,1666,24671,0,0,2515,36352,292,10100,2516,46452,California
San Mateo,2021-01-23,2872,59404,1675,33536,1197,25868,0,0,2512,38505,360,10460,2513,48965,California
San Mateo,2021-01-24,1508,60912,376,33912,1132,27000,0,0,1199,39397,308,10768,1200,50165,California
San Mateo,2021-01-25,4403,65315,3138,37050,1265,28265,0,0,3505,42011,895,11663,3509,53674,California
San Mateo,2021-01-26,4315,69630,3003,40053,1312,29577,0,0,3385,44470,928,12591,3387,57061,California
San Mateo,2021-01-27,2811,72441,1481,41534,1330,30907,0,0,1803,45273,1002,13593,1805,58866,California
San Mateo,2021-01-28,2801,75242,1356,42890,1445,32352,0,0,1946,46379,840,14433,1946,60812,California
San Mateo,2021-01-29,3005,78247,1359,44249,1646,33998,0,0,2160,47699,842,15275,2162,62974,California
San Mateo,2021-01-30,3470,81717,1488,45737,1982,35980,0,0,3013,50257,456,15731,3014,65988,California
San Mateo,2021-01-31,1683,83400,898,46635,785,36765,0,0,1521,51617,161,15892,1521,67509,California
San Mateo,2021-02-01,2931,86331,1354,47989,1577,38342,0,0,2208,53107,719,16611,2209,69718,California
San Mateo,2021-02-02,3210,89541,1732,49721,1478,39820,0,0,2180,54261,1026,17637,2180,71898,California
San Mateo,2021-02-03,4994,94535,2057,51778,2937,42757,0,0,3850,56971,1141,18778,3851,75749,California
San Mateo,2021-02-04,6188,100723,2505,54283,3683,46440,0,0,4904,60600,1279,20057,4908,80657,California
San Mateo,2021-02-05,6780,107503,2548,56831,4232,50672,0,0,4960,63758,1802,21859,4960,85617,California
San Mateo,2021-02-06,3268,110771,1910,58741,1358,52030,0,0,2614,65722,652,22511,2616,88233,California
San Mateo,2021-02-07,1887,112658,1345,60086,542,52572,0,0,1699,67233,188,22699,1699,89932,California
San Mateo,2021-02-08,5291,117949,2267,62353,3024,55596,0,0,3115,68236,2112,24811,3115,93047,California
San Mateo,2021-02-09,6161,124110,3214,65567,2947,58543,0,0,3323,68727,2832,27643,3323,96370,California
San Mateo,2021-02-10,6522,130632,3283,68850,3239,61782,0,0,3430,69076,3081,30724,3430,99800,California
San Mateo,2021-02-11,7040,137672,3580,72430,3460,65242,0,0,3790,69627,3241,33965,3792,103592,California
San Mateo,2021-02-12,6634,144306,2986,75416,3648,68890,0,0,4699,72398,1930,35895,4701,108293,California
San Mateo,2021-02-13,6120,150426,4033,79449,2087,70977,0,0,2647,71577,3468,39363,2647,110940,California
San Mateo,2021-02-14,4632,155058,3028,82477,1604,72581,0,0,1975,70903,2650,42013,1976,112916,California
San Mateo,2021-02-15,3136,158194,1443,83920,1693,74274,0,0,1770,71314,1360,43373,1771,114687,California
San Mateo,2021-02-16,7136,165330,1884,85804,5252,79526,0,0,5267,74716,1867,45240,5269,119956,California
San Mateo,2021-02-17,7069,172399,1950,87754,5119,84645,0,0,5038,77732,2024,47264,5040,124996,California
San Mateo,2021-02-18,6650,179049,4592,92346,2058,86703,0,0,4418,79925,2228,49492,4421,129417,California
San Mateo,2021-02-19,7798,186847,5597,97943,2201,88904,0,0,5777,83688,2014,51506,5777,135194,California
San Mateo,2021-02-20,3780,190627,2431,100374,1349,90253,0,0,2340,84595,1433,52939,2340,137534,California
San Mateo,2021-02-21,2629,193256,1789,102163,840,91093,0,0,1573,85119,1049,53988,1573,139107,California
San Mateo,2021-02-22,4450,197706,3237,105400,1213,92306,0,0,2816,86308,1628,55616,2817,141924,California
San Mateo,2021-02-23,4356,202062,3131,108531,1225,93531,0,0,2546,87053,1801,57417,2546,144470,California
San Mateo,2021-02-24,7355,209417,3309,111840,4046,97577,0,0,4886,89480,2460,59877,4887,149357,California
San Mateo,2021-02-25,9288,218705,4136,115976,5152,102729,0,0,6128,92467,3142,63019,6129,155486,California
San Mateo,2021-02-26,10021,228726,3865,119841,6156,108885,0,0,6946,96357,3060,66079,6950,162436,California
San Mateo,2021-02-27,6951,235677,3569,123410,3382,112267,0,0,3731,96881,3213,69292,3737,166173,California
San Mateo,2021-02-28,4440,240117,2745,126155,1695,113962,0,0,2666,97782,1766,71058,2667,168840,California
San Mateo,2021-03-01,6006,246123,3791,129946,2212,116174,3,3,2972,97738,3019,74077,2975,171815,California
San Mateo,2021-03-02,6232,252355,4427,134373,1804,117978,1,4,3580,98676,2644,76721,3582,175397,California
San Mateo,2021-03-03,8440,260795,3964,138337,4474,122452,2,6,3631,97512,4797,81518,3633,179030,California
San Mateo,2021-03-04,8506,269301,3999,142336,4504,126956,3,9,3831,96694,4654,86172,3836,182866,California
San Mateo,2021-03-05,9339,278640,6232,148568,3103,130059,4,13,6538,100459,2780,88952,6545,189411,California
San Mateo,2021-03-06,7968,286608,5563,154131,2230,132289,175,188,5842,104360,2115,91067,6016,195427,California
San Mateo,2021-03-07,3580,290188,2439,156570,1070,133359,71,259,2105,105065,1471,92538,2176,197603,California
San Mateo,2021-03-08,4509,294697,2559,159129,1733,135092,217,476,3296,107370,1206,93744,3511,201114,California
San Mateo,2021-03-09,5379,300076,2856,161985,2248,137340,275,751,3784,109844,1583,95327,4057,205171,California
San Mateo,2021-03-10,7184,307260,2892,164877,4008,141348,284,1035,4805,112567,2364,97691,5087,210258,California
San Mateo,2021-03-11,9096,316356,5730,170607,2975,144323,391,1426,3695,111281,5369,103060,4083,214341,California
San Mateo,2021-03-12,10584,326940,6688,177295,3513,147836,383,1809,3580,108259,6985,110045,3963,218304,California
San Mateo,2021-03-13,8222,335162,3497,180792,3094,150930,1631,3440,3985,109642,4224,114269,5607,223911,California
San Mateo,2021-03-14,4991,340153,3375,184167,1510,152440,106,3546,2644,110052,2339,116608,2749,226660,California
San Mateo,2021-03-15,7169,347322,4633,188800,2361,154801,175,3721,3752,110569,3411,120019,3928,230588,California
San Mateo,2021-03-16,11946,359268,4389,193189,7435,162236,122,3843,4791,108348,7136,127155,4915,235503,California
San Mateo,2021-03-17,10836,370104,4412,197601,6298,168534,126,3969,4860,107390,5946,133101,4988,240491,California
San Mateo,2021-03-18,7270,377374,4088,201689,2996,171530,186,4155,4295,108903,2967,136068,4480,244971,California
San Mateo,2021-03-19,7455,384829,4833,206522,1948,173478,674,4829,3555,109243,3889,139957,4229,249200,California
San Mateo,2021-03-20,8467,393296,6552,213074,1576,175054,339,5168,5405,111940,3046,143003,5743,254943,California
San Mateo,2021-03-21,4242,397538,3222,216296,791,175845,229,5397,2274,112483,1957,144960,2500,257443,California
San Mateo,2021-03-22,5260,402798,3588,219884,1250,177095,422,5819,2750,113160,2494,147454,3171,260614,California
San Mateo,2021-03-23,9801,412599,4483,224367,5123,182218,195,6014,4375,112336,5394,152848,4570,265184,California
San Mateo,2021-03-24,9500,422099,5479,229846,3877,186095,144,6158,4047,111142,5382,158230,4188,269372,California
San Mateo,2021-03-25,10138,432237,4953,234799,4884,190979,301,6459,4396,110205,5637,163867,4700,274072,California
San Mateo,2021-03-26,11265,443502,7763,242562,3333,194312,169,6628,4290,107731,6933,170800,4459,278531,California
San Mateo,2021-03-27,10596,454098,8136,250698,2358,196670,102,6730,4697,106649,5880,176680,4798,283329,California
San Mateo,2021-03-28,4276,458374,2781,253479,1385,198055,110,6840,2002,106501,2264,178944,2116,285445,California
San Mateo,2021-03-29,6041,464415,3762,257241,2026,200081,253,7093,2688,106109,3333,182277,2941,288386,California
San Mateo,2021-03-30,7152,471567,4078,261319,2921,203002,153,7246,3835,106797,3300,185577,3988,292374,California
San Mateo,2021-03-31,7275,478842,4598,265917,2536,205538,141,7387,3839,107360,3417,188994,3980,296354,California
San Mateo,2021-04-01,10615,489457,5249,271166,4154,209692,1212,8599,5703,109407,4865,193859,6912,303266,California
San Mateo,2021-04-02,10875,500332,5187,276353,4040,213732,1648,10247,5667,111530,5186,199045,7309,310575,California
San Mateo,2021-04-03,10012,510344,5732,282085,2465,216197,1815,12062,5081,113504,4922,203967,6896,317471,California
San Mateo,2021-04-04,5433,515777,2613,284698,1565,217762,1255,13317,1697,112732,3721,207688,2949,320420,California
San Mateo,2021-04-05,8940,524717,4764,289462,2446,220208,1730,15047,3814,113163,5109,212797,5540,325960,California
San Mateo,2021-04-06,13264,537981,8248,297710,3160,223368,1856,16903,7513,116801,5735,218532,9373,335333,California
San Mateo,2021-04-07,11381,549362,5240,302950,4454,227822,1687,18590,4811,116743,6549,225081,6491,341824,California
San Mateo,2021-04-08,10144,559506,5032,307982,2509,230331,2603,21193,4484,118175,5642,230723,7074,348898,California
San Mateo,2021-04-09,11364,570870,5537,313519,3349,233680,2478,23671,5104,119492,6257,236980,7574,356472,California
San Mateo,2021-04-10,11328,582198,5732,319251,4144,237824,1452,25123,4674,118989,6623,243603,6120,362592,California
San Mateo,2021-04-11,6673,588871,3296,322547,873,238697,2504,27627,2308,119438,4358,247961,4807,367399,California
San Mateo,2021-04-12,7331,596202,4469,327016,1890,240587,972,28599,3548,120192,3762,251723,4516,371915,California
San Mateo,2021-04-13,8229,604431,5123,332139,3095,243682,11,28610,4378,120744,3840,255563,4392,376307,California
San Mateo,2021-04-14,8374,612805,5436,337575,2937,246619,1,28611,4329,121055,4027,259590,4338,380645,California
San Mateo,2021-04-15,11192,623997,7442,345017,3748,250367,2,28613,7347,124585,3820,263410,7350,387995,California
San Mateo,2021-04-16,9971,633968,6879,351896,3076,253443,16,28629,6342,127342,3607,267017,6364,394359,California
San Mateo,2021-04-17,9784,643752,6497,358393,3285,256728,2,28631,6126,129828,3648,270665,6134,400493,California
San Mateo,2021-04-18,5437,649189,2599,360992,2838,259566,0,28631,3663,131736,1761,272426,3669,404162,California
San Mateo,2021-04-19,8354,657543,5435,366427,2919,262485,0,28631,5438,134282,2901,275327,5447,409609,California
San Mateo,2021-04-20,10288,667831,5748,372175,4539,267024,1,28632,6622,137271,3644,278971,6633,416242,California
San Mateo,2021-04-21,9029,676860,6101,378276,2926,269950,2,28634,5585,139439,3424,282395,5592,421834,California
San Mateo,2021-04-22,9594,686454,6415,384691,3178,273128,1,28635,5309,140503,4251,286646,5315,427149,California
San Mateo,2021-04-23,9425,695879,6199,390890,3226,276354,0,28635,5284,141687,4115,290761,5299,432448,California
San Mateo,2021-04-24,11294,707173,8039,398929,3255,279609,0,28635,5840,142104,5431,296192,5848,438296,California
San Mateo,2021-04-25,5544,712717,3853,402782,1689,281298,2,28637,3957,144499,1571,297763,3966,442262,California
San Mateo,2021-04-26,6634,719351,4798,407580,1828,283126,8,28645,3874,145646,2747,300510,3894,446156,California
San Mateo,2021-04-27,11340,730691,7979,415559,3206,286332,155,28800,4636,143768,6673,307183,4795,450951,California
San Mateo,2021-04-28,7868,738559,4488,420047,3175,289507,205,29005,4218,144559,3636,310819,4427,455378,California
San Mateo,2021-04-29,8077,746636,3739,423786,4165,293672,173,29178,3660,144016,4388,315207,3845,459223,California
San Mateo,2021-04-30,8050,754686,5055,428841,2842,296514,153,29331,3414,142986,4611,319818,3581,462804,California
San Mateo,2021-05-01,6162,760848,4126,432967,1918,298432,118,29449,2685,142341,3459,323277,2814,465618,California
San Mateo,2021-05-02,3186,764034,1742,434709,1374,299806,70,29519,1155,141547,2023,325300,1229,466847,California
San Mateo,2021-05-03,6011,770045,4495,439204,1372,301178,144,29663,1840,139368,4163,329463,1984,468831,California
San Mateo,2021-05-04,7286,777331,4947,444151,2168,303346,171,29834,2493,137265,4779,334242,2676,471507,California
San Mateo,2021-05-05,6901,784232,4520,448671,2223,305569,158,29992,2391,135336,4481,338723,2552,474059,California
San Mateo,2021-05-06,8586,792818,6701,455372,1709,307278,176,30168,1751,130451,6816,345539,1931,475990,California
San Mateo,2021-05-07,8210,801028,5865,461237,2060,309338,285,30453,1822,126206,6363,351902,2118,478108,California
San Mateo,2021-05-08,6642,807670,4014,465251,2389,311727,239,30692,1843,123506,4787,356689,2087,480195,California
San Mateo,2021-05-09,3125,810795,2430,467681,621,312348,74,30766,1065,122595,2051,358740,1140,481335,California
San Mateo,2021-05-10,4622,815417,3327,471008,1124,313472,171,30937,760,119682,3852,362592,939,482274,California
San Mateo,2021-05-11,6675,822092,4985,475993,1562,315034,128,31065,1738,116626,4924,367516,1868,484142,California
San Mateo,2021-05-12,6932,829024,5048,481041,1669,316703,215,31280,1794,113512,5125,372641,2011,486153,California
San Mateo,2021-05-13,9539,838563,7130,488171,2313,319016,96,31376,3556,111224,5951,378592,3663,489816,California
San Mateo,2021-05-14,8323,846886,6154,494325,2057,321073,112,31488,2700,108435,5608,384200,2819,492635,California
San Mateo,2021-05-15,10394,857280,8110,502435,2183,323256,101,31589,4564,107304,5817,390017,4686,497321,California
San Mateo,2021-05-16,7168,864448,5097,507532,2003,325259,68,31657,2184,104592,4966,394983,2254,499575,California
San Mateo,2021-05-17,7060,871508,5002,512534,1950,327209,108,31765,2146,101951,4899,399882,2258,501833,California
San Mateo,2021-05-18,8449,879957,5830,518364,2522,329731,97,31862,3099,99927,5224,405106,3200,505033,California
San Mateo,2021-05-19,7870,887827,5891,524255,1858,331589,121,31983,3688,99602,4135,409241,3810,508843,California
San Mateo,2021-05-20,5600,893427,3447,527702,2018,333607,135,32118,2248,98658,3329,412570,2385,511228,California
San Mateo,2021-05-21,6958,900385,4739,532441,2075,335682,144,32262,2019,95902,4919,417489,2163,513391,California
San Mateo,2021-05-22,6145,906530,4115,536556,1963,337645,67,32329,2422,94690,3704,421193,2492,515883,California
San Mateo,2021-05-23,2987,909517,1646,538202,1252,338897,89,32418,1149,94101,1827,423020,1238,517121,California
San Mateo,2021-05-24,3394,912911,2230,540432,1015,339912,149,32567,1110,93091,2266,425286,1256,518377,California
San Mateo,2021-05-25,4761,917672,2996,543428,1585,341497,180,32747,1598,91728,3143,428429,1780,520157,California
San Mateo,2021-05-26,5629,923301,3036,546464,2477,343974,116,32863,1772,89778,3838,432267,1888,522045,California
San Mateo,2021-05-27,3775,927076,2198,548662,1479,345453,98,32961,1245,88612,2505,434772,1339,523384,California
San Mateo,2021-05-28,3457,930533,2184,550846,1187,346640,86,33047,1326,87930,2092,436864,1410,524794,California
San Mateo,2021-05-29,3232,933765,2299,553145,881,347521,52,33099,1328,87430,1879,438743,1379,526173,California
San Mateo,2021-05-30,1653,935418,1120,554265,472,347993,61,33160,671,87189,973,439716,732,526905,California
San Mateo,2021-05-31,498,935916,333,554598,156,348149,9,33169,222,87146,274,439990,231,527136,California
San Mateo,2021-06-01,3392,939308,2035,556633,1260,349409,97,33266,1120,86102,2260,442250,1216,528352,California
San Mateo,2021-06-02,2769,942077,1841,558474,850,350259,78,33344,1128,85680,1626,443876,1204,529556,California
San Mateo,2021-06-03,3813,945890,2996,561470,703,350962,114,33458,886,83761,2915,446791,996,530552,California
San Mateo,2021-06-04,4163,950053,3216,564686,852,351814,95,33553,1248,82195,2896,449687,1330,531882,California
San Mateo,2021-06-05,5130,955183,4500,569186,532,352346,98,33651,1095,79383,4005,453692,1193,533075,California
San Mateo,2021-06-06,2489,957672,2050,571236,378,352724,61,33712,554,78079,1915,455607,611,533686,California
San Mateo,2021-06-07,3101,960773,2603,573839,419,353143,79,33791,791,76644,2303,457910,868,534554,California
San Mateo,2021-06-08,4031,964804,3407,577246,523,353666,101,33892,1000,74748,2997,460907,1101,535655,California
San Mateo,2021-06-09,3300,968104,2905,580151,346,354012,49,33941,513,72530,2778,463685,560,536215,California
San Mateo,2021-06-10,2253,970357,1874,582025,302,354314,77,34018,603,71568,1642,465327,680,536895,California
San Mateo,2021-06-11,1627,971984,1360,583385,207,354521,60,34078,536,71076,1087,466414,595,537490,California
Santa Barbara,2020-12-15,2,2,2,2,0,0,0,0,2,2,0,0,2,2,California
Santa Barbara,2020-12-16,2,4,2,4,0,0,0,0,2,4,0,0,2,4,California
Santa Barbara,2020-12-17,56,60,56,60,0,0,0,0,56,60,0,0,56,60,California
Santa Barbara,2020-12-18,379,439,378,438,1,1,0,0,379,439,0,0,379,439,California
Santa Barbara,2020-12-19,325,764,325,763,0,1,0,0,325,764,0,0,325,764,California
Santa Barbara,2020-12-20,235,999,235,998,0,1,0,0,235,999,0,0,235,999,California
Santa Barbara,2020-12-21,653,1652,651,1649,2,3,0,0,653,1652,0,0,653,1652,California
Santa Barbara,2020-12-22,246,1898,244,1893,2,5,0,0,246,1898,0,0,246,1898,California
Santa Barbara,2020-12-23,325,2223,207,2100,118,123,0,0,325,2223,0,0,325,2223,California
Santa Barbara,2020-12-24,88,2311,40,2140,48,171,0,0,88,2311,0,0,88,2311,California
Santa Barbara,2020-12-26,326,2637,66,2206,260,431,0,0,326,2637,0,0,326,2637,California
Santa Barbara,2020-12-27,62,2699,1,2207,61,492,0,0,62,2699,0,0,62,2699,California
Santa Barbara,2020-12-28,358,3057,225,2432,133,625,0,0,358,3057,0,0,358,3057,California
Santa Barbara,2020-12-29,561,3618,359,2791,202,827,0,0,561,3618,0,0,561,3618,California
Santa Barbara,2020-12-30,577,4195,395,3186,182,1009,0,0,577,4195,0,0,577,4195,California
Santa Barbara,2020-12-31,240,4435,114,3300,126,1135,0,0,240,4435,0,0,240,4435,California
Santa Barbara,2021-01-01,116,4551,110,3410,6,1141,0,0,116,4551,0,0,116,4551,California
Santa Barbara,2021-01-02,599,5150,233,3643,366,1507,0,0,599,5150,0,0,599,5150,California
Santa Barbara,2021-01-03,23,5173,15,3658,8,1515,0,0,23,5173,0,0,23,5173,California
Santa Barbara,2021-01-04,305,5478,242,3900,63,1578,0,0,304,5477,0,0,304,5477,California
Santa Barbara,2021-01-05,752,6230,380,4280,372,1950,0,0,724,6173,28,28,724,6201,California
Santa Barbara,2021-01-06,657,6887,277,4557,380,2330,0,0,596,6709,60,88,596,6797,California
Santa Barbara,2021-01-07,1032,7919,709,5266,323,2653,0,0,528,6737,500,588,528,7325,California
Santa Barbara,2021-01-08,1204,9123,845,6111,359,3012,0,0,709,6951,495,1083,709,8034,California
Santa Barbara,2021-01-09,565,9688,293,6404,272,3284,0,0,319,7024,246,1329,319,8353,California
Santa Barbara,2021-01-10,62,9750,50,6454,12,3296,0,0,46,7054,16,1345,46,8399,California
Santa Barbara,2021-01-11,838,10588,670,7124,168,3464,0,0,613,7443,224,1569,613,9012,California
Santa Barbara,2021-01-12,1439,12027,646,7770,793,4257,0,0,1280,8564,159,1728,1280,10292,California
Santa Barbara,2021-01-13,1219,13246,270,8040,949,5206,0,0,1092,9529,127,1855,1092,11384,California
Santa Barbara,2021-01-14,1254,14500,136,8176,1118,6324,0,0,1199,10675,54,1909,1200,12584,California
Santa Barbara,2021-01-15,1808,16308,426,8602,1382,7706,0,0,1726,12320,81,1990,1726,14310,California
Santa Barbara,2021-01-16,1280,17588,202,8804,1078,8784,0,0,1240,13521,39,2029,1240,15550,California
Santa Barbara,2021-01-17,125,17713,22,8826,103,8887,0,0,122,13640,3,2032,122,15672,California
Santa Barbara,2021-01-18,1156,18869,419,9245,737,9624,0,0,970,14424,186,2218,970,16642,California
Santa Barbara,2021-01-19,1640,20509,572,9817,1068,10692,0,0,1360,15506,278,2496,1360,18002,California
Santa Barbara,2021-01-20,2108,22617,549,10366,1559,12251,0,0,1753,16905,354,2850,1753,19755,California
Santa Barbara,2021-01-21,3200,25817,1921,12287,1279,13530,0,0,3040,19786,160,3010,3041,22796,California
Santa Barbara,2021-01-22,2933,28750,1780,14067,1153,14683,0,0,2769,22395,161,3171,2770,25566,California
Santa Barbara,2021-01-23,1731,30481,1101,15168,630,15313,0,0,1214,23093,516,3687,1214,26780,California
Santa Barbara,2021-01-24,844,31325,752,15920,92,15405,0,0,835,23919,9,3696,835,27615,California
Santa Barbara,2021-01-25,1241,32566,496,16416,745,16150,0,0,1005,24688,236,3932,1005,28620,California
Santa Barbara,2021-01-26,2081,34647,499,16915,1582,17732,0,0,1697,26003,382,4314,1697,30317,California
Santa Barbara,2021-01-27,1169,35816,400,17315,769,18501,0,0,906,26650,262,4576,909,31226,California
Santa Barbara,2021-01-28,894,36710,297,17612,597,19098,0,0,680,27119,211,4787,680,31906,California
Santa Barbara,2021-01-29,1331,38041,531,18143,800,19898,0,0,977,27747,351,5138,979,32885,California
Santa Barbara,2021-01-30,1907,39948,1422,19565,485,20383,0,0,1491,28825,413,5551,1491,34376,California
Santa Barbara,2021-01-31,1455,41403,1217,20782,238,20621,0,0,1416,30202,39,5590,1416,35792,California
Santa Barbara,2021-02-01,954,42357,527,21309,427,21048,0,0,556,30360,398,5988,556,36348,California
Santa Barbara,2021-02-02,1808,44165,679,21988,1129,22177,0,0,1039,30633,766,6754,1039,37387,California
Santa Barbara,2021-02-03,1946,46111,1080,23068,866,23043,0,0,1505,31708,430,7184,1505,38892,California
Santa Barbara,2021-02-04,2781,48892,1869,24937,912,23955,0,0,2483,33899,292,7476,2483,41375,California
Santa Barbara,2021-02-05,2902,51794,2058,26995,844,24799,0,0,2258,35515,642,8118,2258,43633,California
Santa Barbara,2021-02-06,1201,52995,338,27333,863,25662,0,0,792,35898,409,8527,792,44425,California
Santa Barbara,2021-02-07,303,53298,264,27597,39,25701,0,0,267,36130,35,8562,267,44692,California
Santa Barbara,2021-02-08,954,54252,309,27906,645,26346,0,0,666,36508,288,8850,666,45358,California
Santa Barbara,2021-02-09,2435,56687,313,28219,2122,28468,0,0,1118,36318,1308,10158,1118,46476,California
Santa Barbara,2021-02-10,2758,59445,1496,29715,1262,29730,0,0,776,35120,1974,12132,776,47252,California
Santa Barbara,2021-02-11,4192,63637,2810,32525,1382,31112,0,0,628,32194,3554,15686,628,47880,California
Santa Barbara,2021-02-12,3311,66948,948,33473,2363,33475,0,0,777,30443,2528,18214,777,48657,California
Santa Barbara,2021-02-13,1232,68180,339,33812,893,34368,0,0,561,30335,669,18883,561,49218,California
Santa Barbara,2021-02-14,337,68517,41,33853,296,34664,0,0,289,30576,48,18931,289,49507,California
Santa Barbara,2021-02-15,971,69488,340,34193,631,35295,0,0,496,30600,472,19403,496,50003,California
Santa Barbara,2021-02-16,2151,71639,437,34630,1714,37009,0,0,722,29897,1425,20828,722,50725,California
Santa Barbara,2021-02-17,1436,73075,319,34949,1117,38126,0,0,520,29505,912,21740,520,51245,California
Santa Barbara,2021-02-18,3261,76336,2655,37604,606,38732,0,0,1524,29328,1701,23441,1524,52769,California
Santa Barbara,2021-02-19,3586,79922,2634,40238,952,39684,0,0,2323,30391,1260,24701,2323,55092,California
Santa Barbara,2021-02-20,2229,82151,1444,41682,785,40469,0,0,1670,31512,549,25250,1670,56762,California
Santa Barbara,2021-02-21,138,82289,109,41791,29,40498,0,0,61,31498,75,25325,61,56823,California
Santa Barbara,2021-02-22,933,83222,243,42034,690,41188,0,0,269,31105,662,25987,269,57092,California
Santa Barbara,2021-02-23,3190,86412,1046,43080,2144,43332,0,0,420,28759,2766,28753,420,57512,California
Santa Barbara,2021-02-24,3222,89634,1100,44180,2122,45454,0,0,722,26990,2491,31244,722,58234,California
Santa Barbara,2021-02-25,3458,93092,1921,46101,1537,46991,0,0,991,25523,2459,33703,992,59226,California
Santa Barbara,2021-02-26,3664,96756,2179,48280,1485,48476,0,0,1973,25813,1683,35386,1973,61199,California
Santa Barbara,2021-02-27,1536,98292,562,48842,974,49450,0,0,856,25995,676,36062,858,62057,California
Santa Barbara,2021-02-28,1086,99378,221,49063,865,50315,0,0,893,26702,187,36249,894,62951,California
Santa Barbara,2021-03-01,1652,101030,472,49535,1178,51493,2,2,1092,27254,543,36792,1095,64046,California
Santa Barbara,2021-03-02,2661,103691,424,49959,2237,53730,0,2,2160,28927,488,37280,2161,66207,California
Santa Barbara,2021-03-03,4633,108324,2099,52058,2532,56262,2,4,4037,32384,585,37865,4042,70249,California
Santa Barbara,2021-03-04,3418,111742,2280,54338,1138,57400,0,4,2864,34703,545,38410,2864,73113,California
Santa Barbara,2021-03-05,3820,115562,2164,56502,1597,58997,59,63,3093,37133,722,39132,3152,76265,California
Santa Barbara,2021-03-06,2433,117995,727,57229,1487,60484,219,282,1669,38259,759,39891,1885,78150,California
Santa Barbara,2021-03-07,566,118561,124,57353,311,60795,131,413,385,38596,180,40071,517,78667,California
Santa Barbara,2021-03-08,1578,120139,378,57731,857,61652,343,756,794,38955,778,40849,1137,79804,California
Santa Barbara,2021-03-09,2805,122944,349,58080,1683,63335,773,1529,742,38406,2060,42909,1511,81315,California
Santa Barbara,2021-03-10,2767,125711,554,58634,1162,64497,1051,2580,1045,38782,1717,44626,2093,83408,California
Santa Barbara,2021-03-11,5589,131300,3034,61668,1436,65933,1119,3699,2278,38875,3297,47923,3390,86798,California
Santa Barbara,2021-03-12,3687,134987,2101,63769,1156,67089,430,4129,2184,39990,1496,49419,2611,89409,California
Santa Barbara,2021-03-13,3498,138485,1938,65707,1351,68440,209,4338,2699,42102,796,50215,2908,92317,California
Santa Barbara,2021-03-14,803,139288,388,66095,360,68800,55,4393,483,42321,319,50534,538,92855,California
Santa Barbara,2021-03-15,2117,141405,697,66792,1128,69928,292,4685,1269,43040,840,51374,1559,94414,California
Santa Barbara,2021-03-16,3723,145128,1173,67965,2208,72136,342,5027,2736,45135,983,52357,3078,97492,California
Santa Barbara,2021-03-17,3315,148443,976,68941,1934,74070,405,5432,2323,46869,990,53347,2724,100216,California
Santa Barbara,2021-03-18,5221,153664,2794,71735,2225,76295,202,5634,3999,49864,1206,54553,4201,104417,California
Santa Barbara,2021-03-19,4449,158113,2770,74505,1346,77641,333,5967,3055,51861,1390,55943,3387,107804,California
Santa Barbara,2021-03-20,2179,160292,835,75340,1329,78970,15,5982,1332,52363,844,56787,1346,109150,California
Santa Barbara,2021-03-21,1168,161460,384,75724,753,79723,31,6013,840,52908,326,57113,871,110021,California
Santa Barbara,2021-03-22,2777,164237,1914,77638,819,80542,44,6057,2221,54626,547,57660,2265,112286,California
Santa Barbara,2021-03-23,4486,168723,2261,79899,2124,82666,101,6158,3711,57672,765,58425,3811,116097,California
Santa Barbara,2021-03-24,5421,174144,3154,83053,1515,84181,752,6910,2973,58968,2425,60850,3721,119818,California
Santa Barbara,2021-03-25,5567,179711,3275,86328,2100,86281,192,7102,2789,59187,2762,63612,2981,122799,California
Santa Barbara,2021-03-26,5095,184806,3229,89557,1567,87848,299,7401,2245,58899,2832,66444,2544,125343,California
Santa Barbara,2021-03-27,2960,187766,1225,90782,1692,89540,43,7444,1625,59234,1331,67775,1666,127009,California
Santa Barbara,2021-03-28,2783,190549,1658,92440,1097,90637,28,7472,1895,60275,884,68659,1925,128934,California
Santa Barbara,2021-03-29,4040,194589,2083,94523,1886,92523,71,7543,3228,62766,808,69467,3299,132233,California
Santa Barbara,2021-03-30,6805,201394,3514,98037,3140,95663,151,7694,4538,65200,2252,71719,4686,136919,California
Santa Barbara,2021-03-31,8697,210091,5537,103574,3094,98757,66,7760,5058,66706,3618,75337,5124,142043,California
Santa Barbara,2021-04-01,7055,217146,5219,108793,1577,100334,259,8019,4187,68301,2849,78186,4444,146487,California
Santa Barbara,2021-04-02,6651,223797,4566,113359,1491,101825,594,8613,3426,69103,3217,81403,4019,150506,California
Santa Barbara,2021-04-03,3812,227609,2115,115474,1631,103456,66,8679,2519,70400,1287,82690,2584,153090,California
Santa Barbara,2021-04-04,899,228508,443,115917,416,103872,40,8719,498,70539,399,83089,538,153628,California
Santa Barbara,2021-04-05,3467,231975,2293,118210,916,104788,258,8977,2171,71681,1287,84376,2429,156057,California
Santa Barbara,2021-04-06,5492,237467,2831,121041,2123,106911,538,9515,3364,73468,2112,86488,3899,159956,California
Santa Barbara,2021-04-07,6027,243494,3293,124334,2191,109102,543,10058,4091,76174,1927,88415,4633,164589,California
Santa Barbara,2021-04-08,7424,250918,5051,129385,646,109748,1727,11785,3436,77351,3983,92398,5160,169749,California
Santa Barbara,2021-04-09,7342,258260,4886,134271,1094,110842,1362,13147,3311,77997,4022,96420,4668,174417,California
Santa Barbara,2021-04-10,6726,264986,4665,138936,1446,112288,615,13762,4583,81059,2134,98554,5196,179613,California
Santa Barbara,2021-04-11,2686,267672,1971,140907,412,112700,303,14065,1860,82397,820,99374,2158,181771,California
Santa Barbara,2021-04-12,4425,272097,2850,143757,1022,113722,553,14618,1919,82368,2499,101873,2470,184241,California
Santa Barbara,2021-04-13,6386,278483,4195,147952,2185,115907,6,14624,2663,81318,3718,105591,2668,186909,California
Santa Barbara,2021-04-14,6785,285268,4416,152368,2367,118274,2,14626,4236,83022,2538,108129,4242,191151,California
Santa Barbara,2021-04-15,6981,292249,4106,156474,2874,121148,1,14627,3782,83618,3188,111317,3784,194935,California
Santa Barbara,2021-04-16,6399,298648,3758,160232,2630,123778,11,14638,4402,86055,1981,113298,4418,199353,California
Santa Barbara,2021-04-17,5313,303961,3859,164091,1454,125232,0,14638,4094,88942,1207,114505,4094,203447,California
Santa Barbara,2021-04-18,2130,306091,1479,165570,651,125883,0,14638,370,87557,1756,116261,371,203818,California
Santa Barbara,2021-04-19,3232,309323,2226,167796,1000,126883,6,14644,1028,86393,2199,118460,1035,204853,California
Santa Barbara,2021-04-20,5873,315196,3951,171747,1921,128804,1,14645,1650,83834,4209,122669,1650,206503,California
Santa Barbara,2021-04-21,5479,320675,3635,175382,1844,130648,0,14645,1738,81844,3728,126397,1738,208241,California
Santa Barbara,2021-04-22,5092,325767,2555,177937,2536,133184,1,14646,1452,79675,3624,130021,1455,209696,California
Santa Barbara,2021-04-23,5585,331352,3877,181814,1708,134892,0,14646,1963,78029,3609,133630,1963,211659,California
Santa Barbara,2021-04-24,4430,335782,2877,184691,1548,136440,5,14651,1632,76888,2779,136409,1638,213297,California
Santa Barbara,2021-04-25,1838,337620,1186,185877,652,137092,0,14651,499,76057,1330,137739,499,213796,California
Santa Barbara,2021-04-26,3240,340860,1972,187849,1247,138339,21,14672,558,73961,2675,140414,579,214375,California
Santa Barbara,2021-04-27,3957,344817,2163,190012,1690,140029,104,14776,1164,72445,2783,143197,1267,215642,California
Santa Barbara,2021-04-28,4907,349724,2859,192871,1931,141960,117,14893,1396,70463,3498,146695,1516,217158,California
Santa Barbara,2021-04-29,5254,354978,3802,196673,1225,143185,227,15120,1438,68326,3800,150495,1663,218821,California
Santa Barbara,2021-04-30,4949,359927,3697,200370,1088,144273,164,15284,1411,66378,3522,154017,1574,220395,California
Santa Barbara,2021-05-01,5258,365185,4072,204442,1152,145425,34,15318,890,62949,4354,158371,925,221320,California
Santa Barbara,2021-05-02,1134,366319,667,205109,339,145764,128,15446,308,62559,826,159197,436,221756,California
Santa Barbara,2021-05-03,2203,368522,1476,206585,588,146352,139,15585,440,61380,1756,160953,577,222333,California
Santa Barbara,2021-05-04,3290,371812,1666,208251,1552,147904,72,15657,1144,60462,2133,163086,1215,223548,California
Santa Barbara,2021-05-05,5433,377245,3675,211926,1611,149515,147,15804,622,56435,4798,167884,771,224319,California
Santa Barbara,2021-05-06,5060,382305,3918,215844,1038,150553,104,15908,966,53427,4078,171962,1070,225389,California
Santa Barbara,2021-05-07,4663,386968,3652,219496,831,151384,180,16088,1000,50951,3653,175615,1177,226566,California
Santa Barbara,2021-05-08,4240,391208,3161,222657,981,152365,98,16186,889,48600,3338,178953,987,227553,California
Santa Barbara,2021-05-09,699,391907,110,222767,549,152914,40,16226,466,48875,232,179185,507,228060,California
Santa Barbara,2021-05-10,1318,393225,621,223388,614,153528,83,16309,363,48367,953,180138,445,228505,California
Santa Barbara,2021-05-11,1869,395094,784,224172,789,154317,296,16605,425,47649,1436,181574,718,229223,California
Santa Barbara,2021-05-12,1659,396753,737,224909,698,155015,224,16829,481,47184,1170,182744,705,229928,California
Santa Barbara,2021-05-13,3727,400480,2787,227696,745,155760,195,17024,1233,46129,2483,185227,1428,231356,California
Santa Barbara,2021-05-14,4139,404619,2521,230217,1524,157284,94,17118,1627,45350,2498,187725,1719,233075,California
Santa Barbara,2021-05-15,3505,408124,2564,232781,922,158206,19,17137,1841,45558,1653,189378,1861,234936,California
Santa Barbara,2021-05-16,1065,409189,467,233248,483,158689,115,17252,469,45550,592,189970,584,235520,California
Santa Barbara,2021-05-17,1632,410821,929,234177,640,159329,63,17315,863,45712,763,190733,925,236445,California
Santa Barbara,2021-05-18,1843,412664,1161,235338,586,159915,96,17411,973,45928,854,191587,1070,237515,California
Santa Barbara,2021-05-19,1752,414416,965,236303,747,160662,40,17451,812,45847,932,192519,851,238366,California
Santa Barbara,2021-05-20,1713,416129,938,237241,656,161318,119,17570,863,45990,838,193357,981,239347,California
Santa Barbara,2021-05-21,3463,419592,2342,239583,1067,162385,54,17624,1275,45146,2174,195531,1330,240677,California
Santa Barbara,2021-05-22,2468,422060,1709,241292,715,163100,44,17668,1394,45519,1066,196597,1439,242116,California
Santa Barbara,2021-05-23,747,422807,327,241619,392,163492,28,17696,409,45619,337,196934,437,242553,California
Santa Barbara,2021-05-24,998,423805,583,242202,352,163844,63,17759,481,45650,513,197447,544,243097,California
Santa Barbara,2021-05-25,1398,425203,568,242770,761,164605,69,17828,460,45247,932,198379,529,243626,California
Santa Barbara,2021-05-26,2995,428198,1704,244474,1171,165776,120,17948,826,44038,2154,200533,945,244571,California
Santa Barbara,2021-05-27,1952,430150,1210,245684,599,166375,143,18091,824,43885,1121,201654,968,245539,California
Santa Barbara,2021-05-28,1509,431659,704,246388,653,167028,152,18243,622,43776,884,202538,775,246314,California
Santa Barbara,2021-05-29,896,432555,315,246703,544,167572,37,18280,366,43652,527,203065,403,246717,California
Santa Barbara,2021-05-30,499,433054,179,246882,223,167795,97,18377,186,43623,311,203376,282,246999,California
Santa Barbara,2021-05-31,95,433149,43,246925,42,167837,10,18387,23,43584,71,203447,32,247031,California
Santa Barbara,2021-06-01,1128,434277,591,247516,479,168316,58,18445,461,43441,662,204109,519,247550,California
Santa Barbara,2021-06-02,980,435257,585,248101,312,168628,83,18528,433,43413,543,204652,515,248065,California
Santa Barbara,2021-06-03,2050,437307,1542,249643,452,169080,56,18584,614,42651,1431,206083,669,248734,California
Santa Barbara,2021-06-04,1447,438754,661,250304,646,169726,140,18724,483,42315,956,207039,620,249354,California
Santa Barbara,2021-06-05,2913,441667,2208,252512,653,170379,52,18776,497,40459,2404,209443,548,249902,California
Santa Barbara,2021-06-06,904,442571,476,252988,409,170788,19,18795,254,40085,647,210090,273,250175,California
Santa Barbara,2021-06-07,1154,443725,825,253813,281,171069,48,18843,302,39585,850,210940,350,250525,California
Santa Barbara,2021-06-08,1091,444816,704,254517,355,171424,32,18875,289,39108,797,211737,320,250845,California
Santa Barbara,2021-06-09,653,445469,404,254921,169,171593,80,18955,216,38970,434,212171,296,251141,California
Santa Barbara,2021-06-10,2012,447481,1788,256709,161,171754,63,19018,403,37829,1607,213778,466,251607,California
Santa Barbara,2021-06-11,653,448134,179,256888,390,172144,84,19102,157,37575,495,214273,241,251848,California
Santa Clara,2020-12-15,68,68,68,68,0,0,0,0,68,68,0,0,68,68,California
Santa Clara,2020-12-16,150,218,150,218,0,0,0,0,150,218,0,0,150,218,California
Santa Clara,2020-12-17,409,627,409,627,0,0,0,0,409,627,0,0,409,627,California
Santa Clara,2020-12-18,1761,2388,1761,2388,0,0,0,0,1761,2388,0,0,1761,2388,California
Santa Clara,2020-12-19,2085,4473,2085,4473,0,0,0,0,2084,4472,0,0,2084,4472,California
Santa Clara,2020-12-20,1899,6372,1898,6371,1,1,0,0,1896,6368,0,0,1896,6368,California
Santa Clara,2020-12-21,2672,9044,2672,9043,0,1,0,0,2670,9037,1,1,2670,9038,California
Santa Clara,2020-12-22,3114,12158,3107,12150,7,8,0,0,3110,12147,0,1,3110,12148,California
Santa Clara,2020-12-23,3275,15433,3082,15232,193,201,0,0,3274,15421,0,1,3274,15422,California
Santa Clara,2020-12-24,1895,17328,1704,16936,191,392,0,0,1888,17307,2,3,1888,17310,California
Santa Clara,2020-12-25,345,17673,344,17280,1,393,0,0,345,17652,0,3,345,17655,California
Santa Clara,2020-12-26,1258,18931,1023,18303,235,628,0,0,1257,18909,0,3,1257,18912,California
Santa Clara,2020-12-27,651,19582,508,18811,143,771,0,0,651,19560,0,3,651,19563,California
Santa Clara,2020-12-28,2352,21934,1735,20546,617,1388,0,0,2352,21912,0,3,2352,21915,California
Santa Clara,2020-12-29,2375,24309,1506,22052,869,2257,0,0,2374,24286,0,3,2374,24289,California
Santa Clara,2020-12-30,3001,27310,1898,23950,1103,3360,0,0,2999,27283,2,5,2999,27288,California
Santa Clara,2020-12-31,1229,28539,391,24341,838,4198,0,0,1228,28510,1,6,1228,28516,California
Santa Clara,2021-01-01,148,28687,12,24353,136,4334,0,0,147,28656,1,7,147,28663,California
Santa Clara,2021-01-02,1098,29785,822,25175,276,4610,0,0,1098,29754,0,7,1098,29761,California
Santa Clara,2021-01-03,585,30370,368,25543,217,4827,0,0,580,30331,3,10,580,30341,California
Santa Clara,2021-01-04,2486,32856,1677,27220,809,5636,0,0,2483,32814,0,10,2483,32824,California
Santa Clara,2021-01-05,3097,35953,2029,29249,1068,6704,0,0,2903,35530,193,203,2909,35733,California
Santa Clara,2021-01-06,3364,39317,1989,31238,1375,8079,0,0,2754,37681,605,808,2756,38489,California
Santa Clara,2021-01-07,4246,43563,2572,33810,1674,9753,0,0,3155,39761,1081,1889,3161,41650,California
Santa Clara,2021-01-08,5892,49455,3852,37662,2040,11793,0,0,3775,41427,2109,3998,3775,45425,California
Santa Clara,2021-01-09,3022,52477,1901,39563,1121,12914,0,0,1697,41805,1322,5320,1700,47125,California
Santa Clara,2021-01-10,1977,54454,1524,41087,453,13367,0,0,757,41343,1219,6539,757,47882,California
Santa Clara,2021-01-11,5988,60442,3781,44868,2207,15574,0,0,3392,42147,2593,9132,3397,51279,California
Santa Clara,2021-01-12,6890,67332,3489,48357,3401,18975,0,0,4565,44425,2311,11443,4589,55868,California
Santa Clara,2021-01-13,7458,74790,3106,51463,4352,23327,0,0,5235,47461,2220,13663,5256,61124,California
Santa Clara,2021-01-14,8343,83133,2894,54357,5449,28776,0,0,6534,52247,1804,15467,6590,67714,California
Santa Clara,2021-01-15,9499,92632,2686,57043,6813,35589,0,0,8173,59102,1323,16790,8178,75892,California
Santa Clara,2021-01-16,4331,96963,1237,58280,3094,38683,0,0,3490,61763,837,17627,3498,79390,California
Santa Clara,2021-01-17,3248,100211,613,58893,2635,41318,0,0,2743,64005,501,18128,2743,82133,California
Santa Clara,2021-01-18,5144,105355,1182,60075,3962,45280,0,0,4581,68024,563,18691,4582,86715,California
Santa Clara,2021-01-19,8536,113891,2699,62774,5837,51117,0,0,6840,73174,1693,20384,6843,93558,California
Santa Clara,2021-01-20,8154,122045,4156,66930,3998,55115,0,0,6595,78215,1554,21938,6595,100153,California
Santa Clara,2021-01-21,8772,130817,3807,70737,4965,60080,0,0,7556,84559,1214,23152,7558,107711,California
Santa Clara,2021-01-22,8686,139503,3254,73991,5432,65512,0,0,8107,92092,577,23729,8110,115821,California
Santa Clara,2021-01-23,3816,143319,1699,75690,2117,67629,0,0,2843,93963,973,24702,2844,118665,California
Santa Clara,2021-01-24,2854,146173,1426,77116,1428,69057,0,0,2364,95840,487,25189,2364,121029,California
Santa Clara,2021-01-25,8432,154605,3809,80925,4623,73680,0,0,6345,100108,2079,27268,6347,127376,California
Santa Clara,2021-01-26,8366,162971,3825,84750,4541,78221,0,0,6212,104180,2144,29412,6216,133592,California
Santa Clara,2021-01-27,8821,171792,3883,88633,4938,83159,0,0,6880,109144,1921,31333,6885,140477,California
Santa Clara,2021-01-28,9615,181407,3869,92502,5746,88905,0,0,7624,114803,1970,33303,7629,148106,California
Santa Clara,2021-01-29,9613,191020,3961,96463,5652,94557,0,0,7422,120047,2180,35483,7424,155530,California
Santa Clara,2021-01-30,4138,195158,2076,98539,2062,96619,0,0,2917,121752,1214,36697,2919,158449,California
Santa Clara,2021-01-31,2194,197352,1308,99847,886,97505,0,0,1595,122752,595,37292,1595,160044,California
Santa Clara,2021-02-01,7885,205237,3523,103370,4362,101867,0,0,6169,127215,1708,39000,6171,166215,California
Santa Clara,2021-02-02,8652,213889,2900,106270,5752,107619,0,0,6626,131825,2019,41019,6629,172844,California
Santa Clara,2021-02-03,9249,223138,3505,109775,5744,113363,0,0,6953,136496,2288,43307,6959,179803,California
Santa Clara,2021-02-04,11027,234165,4174,113949,6853,120216,0,0,8717,142916,2300,45607,8720,188523,California
Santa Clara,2021-02-05,11992,246157,4366,118315,7626,127842,0,0,8517,147973,3461,49068,8518,197041,California
Santa Clara,2021-02-06,5253,251410,2858,121173,2395,130237,0,0,4073,150871,1177,50245,4075,201116,California
Santa Clara,2021-02-07,3510,254920,2360,123533,1150,131387,0,0,3050,153463,459,50704,3051,204167,California
Santa Clara,2021-02-08,10091,265011,3532,127065,6559,137946,0,0,7364,158115,2713,53417,7365,211532,California
Santa Clara,2021-02-09,11223,276234,3841,130906,7382,145328,0,0,7710,162330,3499,56916,7714,219246,California
Santa Clara,2021-02-10,12720,288954,4962,135868,7758,153086,0,0,6868,163360,5841,62757,6871,226117,California
Santa Clara,2021-02-11,13656,302610,4788,140656,8868,161954,0,0,7763,165246,5878,68635,7764,233881,California
Santa Clara,2021-02-12,14643,317253,4503,145159,10140,172094,0,0,7024,164674,7598,76233,7026,240907,California
Santa Clara,2021-02-13,6123,323376,1475,146634,4648,176742,0,0,2239,163038,3877,80110,2241,243148,California
Santa Clara,2021-02-14,4638,328014,1154,147788,3484,180226,0,0,1483,161370,3153,83263,1485,244633,California
Santa Clara,2021-02-15,6300,334314,2802,150590,3498,183724,0,0,2721,160518,3573,86836,2721,247354,California
Santa Clara,2021-02-16,13876,348190,4055,154645,9821,193545,0,0,6961,160580,6900,93736,6962,254316,California
Santa Clara,2021-02-17,14141,362331,5533,160178,8608,202153,0,0,7061,160583,7063,100799,7066,261382,California
Santa Clara,2021-02-18,14354,376685,8477,168655,5877,208030,0,0,7311,160896,7002,107801,7315,268697,California
Santa Clara,2021-02-19,14996,391681,9618,178273,5378,213408,0,0,8739,163400,6240,114041,8744,277441,California
Santa Clara,2021-02-20,6971,398652,5208,183481,1763,215171,0,0,3760,163959,3201,117242,3760,281201,California
Santa Clara,2021-02-21,3405,402057,2522,186003,883,216054,0,0,1261,163086,2136,119378,1263,282464,California
Santa Clara,2021-02-22,10376,412433,6206,192209,4170,220224,0,0,4830,162383,5534,124912,4831,287295,California
Santa Clara,2021-02-23,12089,424522,7824,200033,4265,224489,0,0,6837,163987,5238,130150,6842,294137,California
Santa Clara,2021-02-24,14336,438858,9254,209287,5082,229571,0,0,8863,167394,5456,135606,8863,303000,California
Santa Clara,2021-02-25,15137,453995,9665,218952,5472,235043,0,0,8251,168790,6861,142467,8257,311257,California
Santa Clara,2021-02-26,15057,469052,8729,227681,6328,241371,0,0,8219,170199,6813,149280,8222,319479,California
Santa Clara,2021-02-27,8274,477326,5749,233430,2524,243895,1,1,4646,171236,3617,152897,4654,324133,California
Santa Clara,2021-02-28,5404,482730,3691,237121,1713,245608,0,1,2680,171203,2714,155611,2681,326814,California
Santa Clara,2021-03-01,14606,497336,8406,245527,6195,251803,5,6,9063,174748,5523,161134,9068,335882,California
Santa Clara,2021-03-02,16178,513514,9580,255107,6597,258400,1,7,10316,179229,5837,166971,10318,346200,California
Santa Clara,2021-03-03,18609,532123,9167,264274,9438,267838,4,11,11540,183746,7031,174002,11548,357748,California
Santa Clara,2021-03-04,16631,548754,9071,273345,7557,275395,3,14,9670,186542,6879,180881,9675,367423,California
Santa Clara,2021-03-05,16680,565434,9286,282631,7268,282663,126,140,9270,188555,7388,188269,9401,376824,California
Santa Clara,2021-03-06,9506,574940,6348,288979,2706,285369,452,592,7123,193758,2371,190640,7574,384398,California
Santa Clara,2021-03-07,6866,581806,4489,293468,2133,287502,244,836,5461,198066,1396,192036,5704,390102,California
Santa Clara,2021-03-08,12987,594793,6765,300233,5645,293147,577,1413,8337,202347,4632,196668,8913,399015,California
Santa Clara,2021-03-09,15283,610076,6547,306780,7399,300546,1337,2750,6841,202096,8422,205090,8171,407186,California
Santa Clara,2021-03-10,15198,625274,6631,313411,6444,306990,2123,4873,6238,201499,8932,214022,8335,415521,California
Santa Clara,2021-03-11,17151,642425,7802,321213,7837,314827,1512,6385,6071,198014,11051,225073,7566,423087,California
Santa Clara,2021-03-12,17822,660247,9149,330362,7095,321922,1578,7963,5984,193758,11795,236868,7539,430626,California
Santa Clara,2021-03-13,10804,671051,6264,336626,3043,324965,1497,9460,4777,194006,6003,242871,6251,436877,California
Santa Clara,2021-03-14,6553,677604,3388,340014,1852,326817,1313,10773,3170,195111,3366,246237,4471,441348,California
Santa Clara,2021-03-15,12881,690485,6586,346600,6021,332838,274,11047,5983,194494,6873,253110,6256,447604,California
Santa Clara,2021-03-16,18295,708780,10355,356955,7732,340570,208,11255,8840,194113,9427,262537,9046,456650,California
Santa Clara,2021-03-17,20022,728802,11329,368284,8525,349095,168,11423,10299,194902,9672,272209,10461,467111,California
Santa Clara,2021-03-18,19210,748012,8989,377273,9045,358140,1176,12599,8978,194873,10176,282385,10147,477258,California
Santa Clara,2021-03-19,19428,767440,9985,387258,8435,366575,1008,13607,9889,196280,9479,291864,10886,488144,California
Santa Clara,2021-03-20,11508,778948,6353,393611,4321,370896,834,14441,6677,198987,4801,296665,7508,495652,California
Santa Clara,2021-03-21,8357,787305,3786,397397,3164,374060,1407,15848,5331,202698,3012,299677,6723,502375,California
Santa Clara,2021-03-22,16422,803727,9178,406575,6889,380949,355,16203,9017,204688,7378,307055,9368,511743,California
Santa Clara,2021-03-23,19321,823048,12285,418860,6510,387459,526,16729,11107,208152,8165,315220,11629,523372,California
Santa Clara,2021-03-24,22706,845754,14632,433492,7657,395116,417,17146,14643,215193,8021,323241,15062,538434,California
Santa Clara,2021-03-25,23025,868779,13214,446706,8846,403962,965,18111,14778,222737,8182,331423,15726,554160,California
Santa Clara,2021-03-26,22044,890823,14030,460736,7624,411586,390,18501,13516,228145,8490,339913,13898,568058,California
Santa Clara,2021-03-27,15767,906590,10479,471215,4516,416102,772,19273,8428,230046,7294,347207,9195,577253,California
Santa Clara,2021-03-28,12122,918712,8401,479616,3004,419106,717,19990,6502,231667,5593,352800,7214,584467,California
Santa Clara,2021-03-29,20683,939395,12682,492298,7272,426378,729,20719,11157,234061,9484,362284,11878,596345,California
Santa Clara,2021-03-30,25766,965161,15314,507612,8497,434875,1955,22674,16198,242677,9526,371810,18142,614487,California
Santa Clara,2021-03-31,20591,985752,11969,519581,7488,442363,1134,23808,12642,248531,7905,379715,13759,628246,California
Santa Clara,2021-04-01,31952,1017704,19922,539503,8954,451317,3076,26884,20161,260014,11722,391437,23205,651451,California
Santa Clara,2021-04-02,25317,1043021,14449,553952,8725,460042,2143,29027,16560,269988,8712,400149,18686,670137,California
Santa Clara,2021-04-03,15345,1058366,9307,563259,3537,463579,2501,31528,8548,274246,6775,406924,11033,681170,California
Santa Clara,2021-04-04,7688,1066054,4068,567327,2447,466026,1173,32701,3992,275720,3685,410609,5159,686329,California
Santa Clara,2021-04-05,21988,1088042,14645,581972,4853,470879,2490,35191,14359,284954,7602,418211,16836,703165,California
Santa Clara,2021-04-06,29682,1117724,16368,598340,7823,478702,5491,40682,17844,296476,11787,429998,23309,726474,California
Santa Clara,2021-04-07,31042,1148766,16001,614341,8508,487210,6533,47215,18952,309890,12032,442030,25446,751920,California
Santa Clara,2021-04-08,30121,1178887,16462,630803,6011,493221,7648,54863,16421,320287,13627,455657,24024,775944,California
Santa Clara,2021-04-09,28198,1207085,13955,644758,6928,500149,7315,62178,14402,328232,13728,469385,21673,797617,California
Santa Clara,2021-04-10,21560,1228645,12470,657228,3764,503913,5326,67504,11535,335052,9991,479376,16811,814428,California
Santa Clara,2021-04-11,16077,1244722,9642,666870,2678,506591,3757,71261,8350,339441,7693,487069,12082,826510,California
Santa Clara,2021-04-12,27126,1271848,19064,685934,5592,512183,2470,73731,18486,351801,8580,495649,20940,847450,California
Santa Clara,2021-04-13,34511,1306359,27124,713058,7356,519539,31,73762,26591,370599,7844,503493,26642,874092,California
Santa Clara,2021-04-14,36988,1343347,28000,741058,8984,528523,4,73766,26293,386300,10630,514123,26331,900423,California
Santa Clara,2021-04-15,44312,1387659,34327,775385,9980,538503,5,73771,34173,410475,10031,524154,34206,934629,California
Santa Clara,2021-04-16,38561,1426220,26376,801761,12182,550685,3,73774,27639,427280,10859,535013,27664,962293,California
Santa Clara,2021-04-17,22017,1448237,15032,816793,6983,557668,2,73776,15126,435586,6838,541851,15144,977437,California
Santa Clara,2021-04-18,16437,1464674,10695,827488,5742,563410,0,73776,10256,439701,6153,548004,10268,987705,California
Santa Clara,2021-04-19,28851,1493525,20872,848360,7978,571388,1,73777,17266,445481,11517,559521,17297,1005002,California
Santa Clara,2021-04-20,36970,1530495,22480,870840,14489,585877,1,73778,22566,453782,14297,573818,22598,1027600,California
Santa Clara,2021-04-21,36853,1567348,21376,892216,15475,601352,2,73780,24362,465774,12403,586221,24395,1051995,California
Santa Clara,2021-04-22,37276,1604624,24847,917063,12428,613780,1,73781,17606,463872,19575,605796,17673,1069668,California
Santa Clara,2021-04-23,32112,1636736,19520,936583,12591,626371,1,73782,15057,462028,16954,622750,15110,1084778,California
Santa Clara,2021-04-24,21153,1657889,15485,952068,5667,632038,1,73783,11979,464939,9099,631849,12010,1096788,California
Santa Clara,2021-04-25,13629,1671518,9870,961938,3753,635791,6,73789,8687,468758,4899,636748,8718,1105506,California
Santa Clara,2021-04-26,24979,1696497,19256,981194,5665,641456,58,73847,10364,464687,14517,651265,10446,1115952,California
Santa Clara,2021-04-27,27542,1724039,19573,1000767,7587,649043,382,74229,12004,461669,15446,666711,12428,1128380,California
Santa Clara,2021-04-28,26000,1750039,19267,1020034,6295,655338,438,74667,11034,458315,14884,681595,11530,1139910,California
Santa Clara,2021-04-29,23918,1773957,17500,1037534,6020,661358,398,75065,8969,452871,14876,696471,9432,1149342,California
Santa Clara,2021-04-30,23025,1796982,15759,1053293,6901,668259,365,75430,9761,449892,13178,709649,10199,1159541,California
Santa Clara,2021-05-01,17480,1814462,14530,1067823,2690,670949,260,75690,5462,443687,11969,721618,5764,1165305,California
Santa Clara,2021-05-02,11302,1825764,9380,1077203,1690,672639,232,75922,3483,439647,7776,729394,3736,1169041,California
Santa Clara,2021-05-03,22842,1848606,19394,1096597,3016,675655,432,76354,5130,427607,17637,747031,5597,1174638,California
Santa Clara,2021-05-04,30521,1879127,23863,1120460,6113,681768,545,76899,5462,408693,24960,771991,6046,1180684,California
Santa Clara,2021-05-05,32122,1911249,24371,1144831,7204,688972,547,77446,5416,388069,26611,798602,5987,1186671,California
Santa Clara,2021-05-06,35411,1946660,29514,1174345,5422,694394,475,77921,4673,362630,30607,829209,5168,1191839,California
Santa Clara,2021-05-07,32543,1979203,26172,1200517,5879,700273,492,78413,4641,340032,27771,856980,5173,1197012,California
Santa Clara,2021-05-08,16474,1995677,13405,1213922,2647,702920,422,78835,3483,331049,12905,869885,3922,1200934,California
Santa Clara,2021-05-09,10480,2006157,9115,1223037,1178,704098,187,79022,2459,325725,7983,877868,2659,1203593,California
Santa Clara,2021-05-10,20811,2026968,16673,1239710,3735,707833,403,79425,2737,310891,17995,895863,3161,1206754,California
Santa Clara,2021-05-11,22147,2049115,16610,1256320,5093,712926,444,79869,4005,297297,18051,913914,4457,1211211,California
Santa Clara,2021-05-12,21017,2070132,15373,1271693,5132,718058,512,80381,4523,285945,16403,930317,5051,1216262,California
Santa Clara,2021-05-13,28024,2098156,22714,1294407,5009,723067,301,80682,11233,280775,16709,947026,11539,1227801,California
Santa Clara,2021-05-14,27597,2125753,19240,1313647,7971,731038,386,81068,9666,273000,17838,964864,10063,1237864,California
Santa Clara,2021-05-15,20755,2146508,16642,1330289,3832,734870,281,81349,8080,268775,12592,977456,8367,1246231,California
Santa Clara,2021-05-16,16040,2162548,13045,1343334,2818,737688,177,81526,5231,263457,10729,988185,5411,1251642,California
Santa Clara,2021-05-17,20165,2182713,15852,1359186,3948,741636,365,81891,6882,257493,13212,1001397,7248,1258890,California
Santa Clara,2021-05-18,26056,2208769,16611,1375797,9030,750666,415,82306,7295,246579,18625,1020022,7711,1266601,California
Santa Clara,2021-05-19,24563,2233332,14345,1390142,9796,760462,422,82728,7484,237523,16970,1036992,7914,1274515,California
Santa Clara,2021-05-20,18331,2251663,12027,1402169,5854,766316,450,83178,6167,232058,12078,1049070,6613,1281128,California
Santa Clara,2021-05-21,22285,2273948,14810,1416979,6981,773297,494,83672,7656,225699,14524,1063594,8165,1289293,California
Santa Clara,2021-05-22,12808,2286756,9698,1426677,2763,776060,347,84019,5583,224475,7158,1070752,5934,1295227,California
Santa Clara,2021-05-23,8144,2294900,6023,1432700,1920,777980,201,84220,3269,223118,4829,1075581,3472,1298699,California
Santa Clara,2021-05-24,10275,2305175,7279,1439979,2546,780526,450,84670,3548,220449,6667,1082248,3998,1302697,California
Santa Clara,2021-05-25,11430,2316605,7918,1447897,3095,783621,417,85087,4453,218414,6903,1089151,4868,1307565,California
Santa Clara,2021-05-26,10329,2326934,6704,1454601,3298,786919,327,85414,3972,216453,6256,1095407,4295,1311860,California
Santa Clara,2021-05-27,9353,2336287,5995,1460596,2885,789804,473,85887,3587,214806,5700,1101107,4053,1315913,California
Santa Clara,2021-05-28,10686,2346973,6908,1467504,3355,793159,423,86310,4339,213284,6285,1107392,4763,1320676,California
Santa Clara,2021-05-29,6292,2353265,4301,1471805,1710,794869,281,86591,2887,213082,3366,1110758,3164,1323840,California
Santa Clara,2021-05-30,3794,2357059,2846,1474651,738,795607,210,86801,1825,213173,1943,1112701,2034,1325874,California
Santa Clara,2021-05-31,1095,2358154,631,1475282,355,795962,109,86910,444,213081,645,1113346,553,1326427,California
Santa Clara,2021-06-01,9035,2367189,6369,1481651,2286,798248,380,87290,3278,211050,5688,1119034,3657,1330084,California
Santa Clara,2021-06-02,7628,2374817,5499,1487150,1777,800025,352,87642,2958,209734,4617,1123651,3301,1333385,California
Santa Clara,2021-06-03,12216,2387033,10129,1497279,1720,801745,367,88009,2788,203518,9374,1133025,3158,1336543,California
Santa Clara,2021-06-04,13552,2400585,11374,1508653,1856,803601,322,88331,3397,197136,10094,1143119,3712,1340255,California
Santa Clara,2021-06-05,10119,2410704,8669,1517322,1192,804793,258,88589,2239,191801,7830,1150949,2495,1342750,California
Santa Clara,2021-06-06,6213,2416917,5468,1522790,593,805386,152,88741,1394,188581,4766,1155715,1546,1344296,California
Santa Clara,2021-06-07,9682,2426599,8139,1530929,1292,806678,251,88992,2385,183953,7260,1162975,2632,1346928,California
Santa Clara,2021-06-08,8759,2435358,7124,1538053,1365,808043,270,89262,2448,180412,6255,1169230,2714,1349642,California
Santa Clara,2021-06-09,8059,2443417,6876,1544929,979,809022,204,89466,1908,176422,6098,1175328,2108,1351750,California
Santa Clara,2021-06-10,6854,2450271,5815,1550744,762,809784,277,89743,1910,173703,4906,1180234,2187,1353937,California
Santa Clara,2021-06-11,6610,2456881,5754,1556498,658,810442,198,89941,1486,170289,5100,1185334,1686,1355623,California
Santa Cruz,2020-12-15,2,2,2,2,0,0,0,0,2,2,0,0,2,2,California
Santa Cruz,2020-12-16,55,57,55,57,0,0,0,0,55,57,0,0,55,57,California
Santa Cruz,2020-12-17,383,440,383,440,0,0,0,0,383,440,0,0,383,440,California
Santa Cruz,2020-12-18,448,888,448,888,0,0,0,0,448,888,0,0,448,888,California
Santa Cruz,2020-12-19,170,1058,169,1057,1,1,0,0,170,1058,0,0,170,1058,California
Santa Cruz,2020-12-20,90,1148,90,1147,0,1,0,0,90,1148,0,0,90,1148,California
Santa Cruz,2020-12-21,428,1576,427,1574,1,2,0,0,428,1576,0,0,428,1576,California
Santa Cruz,2020-12-22,409,1985,408,1982,1,3,0,0,409,1985,0,0,409,1985,California
Santa Cruz,2020-12-23,349,2334,311,2293,38,41,0,0,349,2334,0,0,349,2334,California
Santa Cruz,2020-12-24,120,2454,46,2339,74,115,0,0,120,2454,0,0,120,2454,California
Santa Cruz,2020-12-25,8,2462,8,2347,0,115,0,0,8,2462,0,0,8,2462,California
Santa Cruz,2020-12-26,59,2521,42,2389,17,132,0,0,59,2521,0,0,59,2521,California
Santa Cruz,2020-12-27,31,2552,26,2415,5,137,0,0,31,2552,0,0,31,2552,California
Santa Cruz,2020-12-28,466,3018,103,2518,363,500,0,0,466,3018,0,0,466,3018,California
Santa Cruz,2020-12-29,776,3794,362,2880,414,914,0,0,776,3794,0,0,776,3794,California
Santa Cruz,2020-12-30,337,4131,156,3036,181,1095,0,0,337,4131,0,0,337,4131,California
Santa Cruz,2020-12-31,308,4439,10,3046,298,1393,0,0,308,4439,0,0,308,4439,California
Santa Cruz,2021-01-01,33,4472,1,3047,32,1425,0,0,33,4472,0,0,33,4472,California
Santa Cruz,2021-01-02,63,4535,50,3097,13,1438,0,0,63,4535,0,0,63,4535,California
Santa Cruz,2021-01-03,14,4549,6,3103,8,1446,0,0,14,4549,0,0,14,4549,California
Santa Cruz,2021-01-04,271,4820,120,3223,151,1597,0,0,269,4818,0,0,269,4818,California
Santa Cruz,2021-01-05,551,5371,423,3646,128,1725,0,0,253,4773,298,298,253,5071,California
Santa Cruz,2021-01-06,782,6153,653,4299,129,1854,0,0,454,4900,327,625,454,5525,California
Santa Cruz,2021-01-07,519,6672,204,4503,315,2169,0,0,368,5118,151,776,369,5894,California
Santa Cruz,2021-01-08,903,7575,545,5048,358,2527,0,0,471,5158,432,1208,472,6366,California
Santa Cruz,2021-01-09,453,8028,120,5168,333,2860,0,0,400,5505,53,1261,400,6766,California
Santa Cruz,2021-01-10,70,8098,61,5229,9,2869,0,0,19,5473,51,1312,19,6785,California
Santa Cruz,2021-01-11,702,8800,573,5802,129,2998,0,0,182,5136,520,1832,183,6968,California
Santa Cruz,2021-01-12,708,9508,517,6319,191,3189,0,0,467,5362,241,2073,467,7435,California
Santa Cruz,2021-01-13,493,10001,223,6542,270,3459,0,0,414,5700,76,2149,414,7849,California
Santa Cruz,2021-01-14,521,10522,99,6641,422,3881,0,0,459,6099,62,2211,461,8310,California
Santa Cruz,2021-01-15,1411,11933,69,6710,1342,5223,0,0,1352,7394,59,2270,1354,9664,California
Santa Cruz,2021-01-16,410,12343,48,6758,362,5585,0,0,393,7771,17,2287,394,10058,California
Santa Cruz,2021-01-17,291,12634,40,6798,251,5836,0,0,267,8014,24,2311,267,10325,California
Santa Cruz,2021-01-18,975,13609,95,6893,880,6716,0,0,918,8875,57,2368,918,11243,California
Santa Cruz,2021-01-19,1591,15200,511,7404,1080,7796,0,0,1249,9785,340,2708,1250,12493,California
Santa Cruz,2021-01-20,1216,16416,169,7573,1047,8843,0,0,1024,10620,189,2897,1024,13517,California
Santa Cruz,2021-01-21,1657,18073,192,7765,1465,10308,0,0,1554,12073,103,3000,1556,15073,California
Santa Cruz,2021-01-22,1744,19817,509,8274,1235,11543,0,0,1642,13617,99,3099,1643,16716,California
Santa Cruz,2021-01-23,385,20202,137,8411,248,11791,0,0,331,13895,53,3152,331,17047,California
Santa Cruz,2021-01-24,107,20309,16,8427,91,11882,0,0,90,13968,17,3169,90,17137,California
Santa Cruz,2021-01-25,1016,21325,353,8780,663,12545,0,0,523,13998,493,3662,523,17660,California
Santa Cruz,2021-01-26,1634,22959,237,9017,1397,13942,0,0,1139,14642,495,4157,1139,18799,California
Santa Cruz,2021-01-27,1611,24570,435,9452,1176,15118,0,0,1233,15500,376,4533,1234,20033,California
Santa Cruz,2021-01-28,1705,26275,277,9729,1428,16546,0,0,1436,16668,269,4802,1437,21470,California
Santa Cruz,2021-01-29,1700,27975,479,10208,1221,17767,0,0,1573,18115,126,4928,1573,23043,California
Santa Cruz,2021-01-30,1051,29026,308,10516,743,18510,0,0,919,18902,132,5060,919,23962,California
Santa Cruz,2021-01-31,212,29238,108,10624,104,18614,0,0,198,19086,14,5074,198,24160,California
Santa Cruz,2021-02-01,1197,30435,736,11360,461,19075,0,0,807,19503,390,5464,807,24967,California
Santa Cruz,2021-02-02,951,31386,116,11476,835,19910,0,0,805,20164,144,5608,805,25772,California
Santa Cruz,2021-02-03,2156,33542,920,12396,1236,21146,0,0,1853,21717,300,5908,1853,27625,California
Santa Cruz,2021-02-04,1775,35317,738,13134,1037,22183,0,0,1447,22837,327,6235,1447,29072,California
Santa Cruz,2021-02-05,3062,38379,739,13873,2323,24506,0,0,2760,25296,301,6536,2760,31832,California
Santa Cruz,2021-02-06,2519,40898,144,14017,2375,26881,0,0,2181,27139,338,6874,2181,34013,California
Santa Cruz,2021-02-07,886,41784,119,14136,767,27648,0,0,869,27991,17,6891,869,34882,California
Santa Cruz,2021-02-08,672,42456,191,14327,481,28129,0,0,484,28288,187,7078,484,35366,California
Santa Cruz,2021-02-09,2299,44755,1030,15357,1269,29398,0,0,2045,30079,254,7332,2045,37411,California
Santa Cruz,2021-02-10,2095,46850,544,15901,1551,30949,0,0,1427,30850,657,7989,1428,38839,California
Santa Cruz,2021-02-11,1764,48614,292,16193,1472,32421,0,0,1278,31644,484,8473,1278,40117,California
Santa Cruz,2021-02-12,3092,51706,402,16595,2690,35111,0,0,1726,32015,1357,9830,1728,41845,California
Santa Cruz,2021-02-13,1648,53354,117,16712,1531,36642,0,0,1251,32869,397,10227,1251,43096,California
Santa Cruz,2021-02-14,1368,54722,67,16779,1301,37943,0,0,1110,33721,258,10485,1110,44206,California
Santa Cruz,2021-02-15,1526,56248,271,17050,1255,39198,0,0,535,33266,991,11476,536,44742,California
Santa Cruz,2021-02-16,1635,57883,195,17245,1440,40638,0,0,499,32651,1114,12590,499,45241,California
Santa Cruz,2021-02-17,2821,60704,941,18186,1880,42518,0,0,1152,32150,1656,14246,1155,46396,California
Santa Cruz,2021-02-18,2782,63486,604,18790,2178,44696,0,0,1191,31754,1587,15833,1191,47587,California
Santa Cruz,2021-02-19,3151,66637,1094,19884,2057,46753,0,0,1936,32478,1212,17045,1936,49523,California
Santa Cruz,2021-02-20,2297,68934,1436,21320,861,47614,0,0,1806,33793,491,17536,1806,51329,California
Santa Cruz,2021-02-21,811,69745,350,21670,461,48075,0,0,684,34352,125,17661,684,52013,California
Santa Cruz,2021-02-22,1172,70917,904,22574,268,48343,0,0,500,34182,670,18331,500,52513,California
Santa Cruz,2021-02-23,2022,72939,900,23474,1122,49465,0,0,678,33517,1343,19674,678,53191,California
Santa Cruz,2021-02-24,3083,76022,1609,25083,1474,50939,0,0,1167,32773,1911,21585,1167,54358,California
Santa Cruz,2021-02-25,3116,79138,1359,26442,1757,52696,0,0,1720,33106,1388,22973,1721,56079,California
Santa Cruz,2021-02-26,2649,81787,722,27164,1927,54623,0,0,1510,33483,1134,24107,1511,57590,California
Santa Cruz,2021-02-27,2582,84369,903,28067,1679,56302,0,0,1805,34513,775,24882,1805,59395,California
Santa Cruz,2021-02-28,1258,85627,351,28418,907,57209,0,0,1057,35372,198,25080,1057,60452,California
Santa Cruz,2021-03-01,1843,87470,1210,29628,633,57842,0,0,677,34885,1164,26244,677,61129,California
Santa Cruz,2021-03-02,1453,88923,338,29966,1115,58957,0,0,816,35068,636,26880,819,61948,California
Santa Cruz,2021-03-03,2257,91180,594,30560,1663,60620,0,0,1227,35268,1027,27907,1227,63175,California
Santa Cruz,2021-03-04,2855,94035,1363,31923,1491,62111,1,1,1918,36262,926,28833,1920,65095,California
Santa Cruz,2021-03-05,2554,96589,457,32380,2080,64191,17,18,1104,35936,1447,30280,1121,66216,California
Santa Cruz,2021-03-06,3680,100269,1229,33609,2352,66543,99,117,2020,36394,1660,31940,2118,68334,California
Santa Cruz,2021-03-07,1316,101585,117,33726,1130,67673,69,186,543,36234,772,32712,612,68946,California
Santa Cruz,2021-03-08,1050,102635,208,33934,714,68387,128,314,635,36580,415,33127,761,69707,California
Santa Cruz,2021-03-09,1697,104332,241,34175,1311,69698,145,459,667,36365,1027,34154,812,70519,California
Santa Cruz,2021-03-10,3746,108078,2050,36225,1555,71253,141,600,1955,36674,1789,35943,2098,72617,California
Santa Cruz,2021-03-11,2730,110808,1192,37417,1370,72623,168,768,1517,37149,1212,37155,1687,74304,California
Santa Cruz,2021-03-12,2640,113448,847,38264,1516,74139,277,1045,890,36569,1746,38901,1166,75470,California
Santa Cruz,2021-03-13,2202,115650,1271,39535,894,75033,37,1082,1132,36673,1067,39968,1171,76641,California
Santa Cruz,2021-03-14,861,116511,187,39722,661,75694,13,1095,415,36656,444,40412,427,77068,California
Santa Cruz,2021-03-15,1259,117770,445,40167,781,76475,33,1128,541,36517,714,41126,575,77643,California
Santa Cruz,2021-03-16,2211,119981,1047,41214,1123,77598,41,1169,1277,36905,929,42055,1317,78960,California
Santa Cruz,2021-03-17,3787,123768,2245,43459,1532,79130,10,1179,2491,38119,1291,43346,2505,81465,California
Santa Cruz,2021-03-18,3715,127483,1992,45451,1607,80737,116,1295,1977,38477,1735,45081,2093,83558,California
Santa Cruz,2021-03-19,3245,130728,1264,46715,1768,82505,213,1508,1688,38825,1552,46633,1900,85458,California
Santa Cruz,2021-03-20,2116,132844,1588,48303,492,82997,36,1544,1054,38854,1061,47694,1090,86548,California
Santa Cruz,2021-03-21,795,133639,421,48724,251,83248,123,1667,416,39017,377,48071,540,87088,California
Santa Cruz,2021-03-22,1279,134918,787,49511,470,83718,22,1689,895,39554,381,48452,918,88006,California
Santa Cruz,2021-03-23,2446,137364,1359,50870,1038,84756,49,1738,1625,40408,820,49272,1674,89680,California
Santa Cruz,2021-03-24,2952,140316,2002,52872,929,85685,21,1759,1948,41378,998,50270,1968,91648,California
Santa Cruz,2021-03-25,2528,142844,1272,54144,1224,86909,32,1791,1279,41444,1245,51515,1311,92959,California
Santa Cruz,2021-03-26,2988,145832,1731,55875,1231,88140,26,1817,2044,42576,937,52452,2069,95028,California
Santa Cruz,2021-03-27,3049,148881,1884,57759,1140,89280,25,1842,1433,42429,1606,54058,1459,96487,California
Santa Cruz,2021-03-28,887,149768,541,58300,332,89612,14,1856,459,42478,424,54482,473,96960,California
Santa Cruz,2021-03-29,1904,151672,828,59128,1009,90621,67,1923,1205,43054,696,55178,1272,98232,California
Santa Cruz,2021-03-30,2570,154242,772,59900,1647,92268,151,2074,1649,43934,919,56097,1799,100031,California
Santa Cruz,2021-03-31,4026,158268,2739,62639,1243,93511,44,2118,2108,44171,1915,58012,2152,102183,California
Santa Cruz,2021-04-01,3862,162130,2077,64716,1679,95190,106,2224,1953,44329,1902,59914,2060,104243,California
Santa Cruz,2021-04-02,3167,165297,1349,66065,1647,96837,171,2395,1788,44912,1376,61290,1959,106202,California
Santa Cruz,2021-04-03,2166,167463,1191,67256,856,97693,119,2514,846,44558,1318,62608,964,107166,California
Santa Cruz,2021-04-04,899,168362,468,67724,377,98070,54,2568,526,44765,373,62981,580,107746,California
Santa Cruz,2021-04-05,2183,170545,733,68457,1289,99359,161,2729,1351,45447,831,63812,1513,109259,California
Santa Cruz,2021-04-06,3262,173807,1586,70043,1309,100668,367,3096,1897,46350,1355,65167,2258,111517,California
Santa Cruz,2021-04-07,3981,177788,1564,71607,2077,102745,340,3436,1713,46137,2265,67432,2052,113569,California
Santa Cruz,2021-04-08,4091,181879,2229,73836,1374,104119,488,3924,2406,47353,1676,69108,2892,116461,California
Santa Cruz,2021-04-09,3604,185483,1446,75282,1773,105892,385,4309,2027,48196,1570,70678,2413,118874,California
Santa Cruz,2021-04-10,2149,187632,1014,76296,905,106797,230,4539,1004,48288,1141,71819,1233,120107,California
Santa Cruz,2021-04-11,931,188563,473,76769,369,107166,89,4628,432,48310,499,72318,521,120628,California
Santa Cruz,2021-04-12,2214,190777,769,77538,1041,108207,404,5032,1069,48652,1131,73449,1473,122101,California
Santa Cruz,2021-04-13,2813,193590,1393,78931,1419,109626,1,5033,1602,49053,1202,74651,1603,123704,California
Santa Cruz,2021-04-14,4488,198078,2135,81066,2353,111979,0,5033,2224,49033,2254,76905,2234,125938,California
Santa Cruz,2021-04-15,4874,202952,3084,84150,1790,113769,0,5033,3103,50377,1759,78664,3103,129041,California
Santa Cruz,2021-04-16,4304,207256,2344,86494,1958,115727,2,5035,2345,50775,1951,80615,2349,131390,California
Santa Cruz,2021-04-17,2149,209405,845,87339,1304,117031,0,5035,1426,51480,721,81336,1426,132816,California
Santa Cruz,2021-04-18,1016,210421,482,87821,533,117564,1,5036,573,51613,441,81777,574,133390,California
Santa Cruz,2021-04-19,2451,212872,1452,89273,998,118562,1,5037,1562,52289,886,82663,1562,134952,California
Santa Cruz,2021-04-20,3010,215882,1582,90855,1428,119990,0,5037,1747,52783,1254,83917,1748,136700,California
Santa Cruz,2021-04-21,4047,219929,2704,93559,1343,121333,0,5037,2183,53121,1846,85763,2184,138884,California
Santa Cruz,2021-04-22,4134,224063,2794,96353,1340,122673,0,5037,2329,53654,1796,87559,2329,141213,California
Santa Cruz,2021-04-23,3062,227125,1645,97998,1416,124089,1,5038,1329,53260,1723,89282,1329,142542,California
Santa Cruz,2021-04-24,2158,229283,1043,99041,1112,125201,3,5041,673,52461,1475,90757,676,143218,California
Santa Cruz,2021-04-25,1045,230328,665,99706,368,125569,12,5053,425,52285,612,91369,436,143654,California
Santa Cruz,2021-04-26,2021,232349,974,100680,1033,126602,14,5067,848,51985,1163,92532,863,144517,California
Santa Cruz,2021-04-27,2871,235220,916,101596,1874,128476,81,5148,1436,52074,1427,93959,1516,146033,California
Santa Cruz,2021-04-28,3317,238537,1836,103432,1407,129883,74,5222,1748,52335,1558,95517,1819,147852,California
Santa Cruz,2021-04-29,3627,242164,2409,105841,1157,131040,61,5283,1276,51332,2341,97858,1338,149190,California
Santa Cruz,2021-04-30,2293,244457,1156,106997,1094,132134,43,5326,974,51038,1312,99170,1018,150208,California
Santa Cruz,2021-05-01,1224,245681,968,107965,224,132358,32,5358,587,51023,634,99804,619,150827,California
Santa Cruz,2021-05-02,586,246267,410,108375,151,132509,25,5383,203,50869,383,100187,229,151056,California
Santa Cruz,2021-05-03,1856,248123,939,109314,853,133362,64,5447,645,50379,1200,101387,710,151766,California
Santa Cruz,2021-05-04,2575,250698,1481,110795,1027,134389,67,5514,849,49570,1723,103110,914,152680,California
Santa Cruz,2021-05-05,2641,253339,1293,112088,1269,135658,79,5593,695,48443,1905,105015,778,153458,California
Santa Cruz,2021-05-06,3714,257053,2358,114446,1143,136801,213,5806,842,46640,2855,107870,1052,154510,California
Santa Cruz,2021-05-07,2619,259672,1152,115598,1388,138189,79,5885,422,44950,2192,110062,502,155012,California
Santa Cruz,2021-05-08,1310,260982,646,116244,636,138825,28,5913,366,44401,944,111006,395,155407,California
Santa Cruz,2021-05-09,503,261485,320,116564,161,138986,22,5935,158,44238,343,111349,180,155587,California
Santa Cruz,2021-05-10,1996,263481,1180,117744,755,139741,61,5996,400,43111,1588,112937,461,156048,California
Santa Cruz,2021-05-11,2298,265779,1279,119023,935,140676,84,6080,627,42153,1668,114605,710,156758,California
Santa Cruz,2021-05-12,3042,268821,1272,120295,1693,142369,77,6157,547,40291,2487,117092,625,157383,California
Santa Cruz,2021-05-13,3786,272607,2542,122837,1152,143521,92,6249,1352,39307,2430,119522,1446,158829,California
Santa Cruz,2021-05-14,2880,275487,1566,124403,1277,144798,37,6286,1112,38698,1760,121282,1151,159980,California
Santa Cruz,2021-05-15,2215,277702,1287,125690,917,145715,11,6297,1086,38669,1126,122408,1097,161077,California
Santa Cruz,2021-05-16,691,278393,351,126041,321,146036,19,6316,201,38401,489,122897,221,161298,California
Santa Cruz,2021-05-17,1470,279863,756,126797,649,146685,65,6381,516,38029,953,123850,581,161879,California
Santa Cruz,2021-05-18,2214,282077,1353,128150,838,147523,23,6404,1076,37998,1130,124980,1099,162978,California
Santa Cruz,2021-05-19,2999,285076,1817,129967,1147,148670,35,6439,1293,37628,1698,126678,1328,164306,California
Santa Cruz,2021-05-20,3287,288363,2364,132331,776,149446,147,6586,1542,37579,1738,128416,1689,165995,California
Santa Cruz,2021-05-21,1707,290070,885,133216,737,150183,85,6671,599,37161,1102,129518,684,166679,California
Santa Cruz,2021-05-22,1695,291765,1316,134532,369,150552,10,6681,595,36671,1096,130614,606,167285,California
Santa Cruz,2021-05-23,441,292206,249,134781,173,150725,19,6700,143,36537,296,130910,162,167447,California
Santa Cruz,2021-05-24,1131,293337,650,135431,404,151129,77,6777,296,36083,827,131737,373,167820,California
Santa Cruz,2021-05-25,2229,295566,1283,136714,901,152030,45,6822,460,34964,1623,133360,504,168324,California
Santa Cruz,2021-05-26,1673,297239,784,137498,846,152876,43,6865,474,34294,1187,134547,517,168841,California
Santa Cruz,2021-05-27,1247,298486,660,138158,486,153362,101,6966,455,34064,786,135333,556,169397,California
Santa Cruz,2021-05-28,834,299320,370,138528,434,153796,30,6996,365,34000,460,135793,396,169793,California
Santa Cruz,2021-05-29,569,299889,324,138852,235,154031,10,7006,324,34091,244,136037,335,170128,California
Santa Cruz,2021-05-30,229,300118,117,138969,100,154131,12,7018,93,34062,133,136170,104,170232,California
Santa Cruz,2021-05-31,143,300261,63,139032,79,154210,1,7019,46,34013,96,136266,47,170279,California
Santa Cruz,2021-06-01,886,301147,542,139574,334,154544,10,7029,332,33803,552,136818,342,170621,California
Santa Cruz,2021-06-02,883,302030,525,140099,319,154863,39,7068,351,33666,527,137345,390,171011,California
Santa Cruz,2021-06-03,2211,304241,1504,141603,669,155532,38,7106,526,32555,1675,139020,564,171575,California
Santa Cruz,2021-06-04,1024,305265,708,142311,285,155817,31,7137,245,32058,774,139794,277,171852,California
Santa Cruz,2021-06-05,979,306244,798,143109,177,155994,4,7141,180,31446,796,140590,184,172036,California
Santa Cruz,2021-06-06,372,306616,275,143384,80,156074,17,7158,126,31346,243,140833,143,172179,California
Santa Cruz,2021-06-07,752,307368,553,143937,170,156244,29,7187,172,30968,579,141412,201,172380,California
Santa Cruz,2021-06-08,1370,308738,1102,145039,248,156492,20,7207,287,30197,1079,142491,308,172688,California
Santa Cruz,2021-06-09,852,309590,629,145668,207,156699,16,7223,192,29749,657,143148,209,172897,California
Santa Cruz,2021-06-10,1387,310977,1112,146780,216,156915,59,7282,255,28931,1129,144277,311,173208,California
Santa Cruz,2021-06-11,346,311323,205,146985,121,157036,20,7302,127,28858,218,144495,145,173353,California
Shasta,2020-12-15,1,1,1,1,0,0,0,0,1,1,0,0,1,1,California
Shasta,2020-12-16,132,133,132,133,0,0,0,0,132,133,0,0,132,133,California
Shasta,2020-12-17,421,554,421,554,0,0,0,0,421,554,0,0,421,554,California
Shasta,2020-12-18,164,718,164,718,0,0,0,0,164,718,0,0,164,718,California
Shasta,2020-12-19,1,719,1,719,0,0,0,0,1,719,0,0,1,719,California
Shasta,2020-12-21,69,788,69,788,0,0,0,0,69,788,0,0,69,788,California
Shasta,2020-12-22,185,973,180,968,5,5,0,0,185,973,0,0,185,973,California
Shasta,2020-12-23,170,1143,166,1134,4,9,0,0,170,1143,0,0,170,1143,California
Shasta,2020-12-24,23,1166,23,1157,0,9,0,0,23,1166,0,0,23,1166,California
Shasta,2020-12-26,4,1170,1,1158,3,12,0,0,4,1170,0,0,4,1170,California
Shasta,2020-12-27,2,1172,1,1159,1,13,0,0,2,1172,0,0,2,1172,California
Shasta,2020-12-28,37,1209,28,1187,9,22,0,0,37,1209,0,0,37,1209,California
Shasta,2020-12-29,178,1387,177,1364,1,23,0,0,178,1387,0,0,178,1387,California
Shasta,2020-12-30,180,1567,171,1535,9,32,0,0,180,1567,0,0,180,1567,California
Shasta,2020-12-31,83,1650,2,1537,81,113,0,0,83,1650,0,0,83,1650,California
Shasta,2021-01-02,2,1652,0,1537,2,115,0,0,2,1652,0,0,2,1652,California
Shasta,2021-01-03,1,1653,1,1538,0,115,0,0,1,1653,0,0,1,1653,California
Shasta,2021-01-04,361,2014,302,1840,59,174,0,0,362,2015,0,0,362,2015,California
Shasta,2021-01-05,333,2347,313,2153,20,194,0,0,253,2188,80,80,253,2268,California
Shasta,2021-01-06,462,2809,391,2544,71,265,0,0,201,2129,260,340,201,2469,California
Shasta,2021-01-07,129,2938,42,2586,87,352,0,0,102,2204,27,367,102,2571,California
Shasta,2021-01-08,518,3456,443,3029,75,427,0,0,312,2310,206,573,312,2883,California
Shasta,2021-01-09,73,3529,64,3093,9,436,0,0,70,2377,3,576,70,2953,California
Shasta,2021-01-10,5,3534,0,3093,5,441,0,0,3,2380,2,578,5,2958,California
Shasta,2021-01-11,397,3931,180,3273,217,658,0,0,367,2717,30,608,367,3325,California
Shasta,2021-01-12,474,4405,317,3590,157,815,0,0,308,2859,166,774,308,3633,California
Shasta,2021-01-13,593,4998,266,3856,327,1142,0,0,425,3117,168,942,426,4059,California
Shasta,2021-01-14,493,5491,57,3913,436,1578,0,0,471,3566,22,964,471,4530,California
Shasta,2021-01-15,664,6155,135,4048,529,2107,0,0,663,4228,1,965,663,5193,California
Shasta,2021-01-16,887,7042,53,4101,834,2941,0,0,884,5109,3,968,884,6077,California
Shasta,2021-01-17,27,7069,6,4107,21,2962,0,0,23,5128,4,972,23,6100,California
Shasta,2021-01-18,595,7664,127,4234,468,3430,0,0,588,5709,7,979,588,6688,California
Shasta,2021-01-19,1052,8716,393,4627,659,4089,0,0,909,6475,143,1122,909,7597,California
Shasta,2021-01-20,669,9385,413,5040,256,4345,0,0,481,6773,183,1305,481,8078,California
Shasta,2021-01-21,618,10003,280,5320,338,4683,0,0,597,7349,21,1326,597,8675,California
Shasta,2021-01-22,431,10434,177,5497,254,4937,0,0,425,7768,6,1332,425,9100,California
Shasta,2021-01-23,61,10495,5,5502,56,4993,0,0,60,7827,1,1333,60,9160,California
Shasta,2021-01-24,23,10518,2,5504,21,5014,0,0,22,7848,1,1334,22,9182,California
Shasta,2021-01-25,740,11258,485,5989,255,5269,0,0,457,8023,282,1616,457,9639,California
Shasta,2021-01-26,697,11955,339,6328,358,5627,0,0,462,8252,233,1849,462,10101,California
Shasta,2021-01-27,451,12406,191,6519,260,5887,0,0,403,8607,48,1897,403,10504,California
Shasta,2021-01-28,868,13274,570,7089,298,6185,0,0,650,9039,218,2115,650,11154,California
Shasta,2021-01-29,807,14081,327,7416,480,6665,0,0,620,9473,187,2302,621,11775,California
Shasta,2021-01-30,606,14687,15,7431,591,7256,0,0,595,10057,11,2313,595,12370,California
Shasta,2021-01-31,26,14713,3,7434,23,7279,0,0,25,10081,1,2314,25,12395,California
Shasta,2021-02-01,534,15247,149,7583,385,7664,0,0,393,10333,141,2455,393,12788,California
Shasta,2021-02-02,983,16230,499,8082,484,8148,0,0,892,11136,89,2544,892,13680,California
Shasta,2021-02-03,697,16927,210,8292,487,8635,0,0,465,11369,232,2776,465,14145,California
Shasta,2021-02-04,1088,18015,680,8972,408,9043,0,0,898,12078,189,2965,898,15043,California
Shasta,2021-02-05,1251,19266,166,9138,1085,10128,0,0,1044,12916,206,3171,1044,16087,California
Shasta,2021-02-06,1736,21002,40,9178,1696,11824,0,0,1713,14606,23,3194,1713,17800,California
Shasta,2021-02-07,25,21027,3,9181,22,11846,0,0,23,14627,2,3196,23,17823,California
Shasta,2021-02-08,588,21615,167,9348,421,12267,0,0,303,14645,285,3481,303,18126,California
Shasta,2021-02-09,1116,22731,642,9990,474,12741,0,0,729,14988,387,3868,730,18856,California
Shasta,2021-02-10,1117,23848,791,10781,326,13067,0,0,599,15069,519,4387,600,19456,California
Shasta,2021-02-11,869,24717,183,10964,686,13753,0,0,356,14917,508,4895,356,19812,California
Shasta,2021-02-12,1761,26478,1202,12166,559,14312,0,0,1224,15604,537,5432,1224,21036,California
Shasta,2021-02-13,1354,27832,364,12530,990,15302,0,0,552,15354,803,6235,553,21589,California
Shasta,2021-02-14,148,27980,4,12534,144,15446,0,0,125,15456,23,6258,125,21714,California
Shasta,2021-02-15,376,28356,97,12631,279,15725,0,0,209,15498,167,6425,209,21923,California
Shasta,2021-02-16,1189,29545,515,13146,674,16399,0,0,421,15152,767,7192,421,22344,California
Shasta,2021-02-17,1034,30579,451,13597,583,16982,0,0,418,14954,616,7808,418,22762,California
Shasta,2021-02-18,939,31518,472,14069,467,17449,0,0,455,14926,484,8292,456,23218,California
Shasta,2021-02-19,1328,32846,948,15017,380,17829,0,0,872,15342,456,8748,872,24090,California
Shasta,2021-02-20,787,33633,87,15104,700,18529,0,0,295,15145,492,9240,295,24385,California
Shasta,2021-02-21,29,33662,3,15107,26,18555,0,0,9,15134,20,9260,9,24394,California
Shasta,2021-02-22,432,34094,81,15188,351,18906,0,0,182,15067,249,9509,182,24576,California
Shasta,2021-02-23,909,35003,468,15656,441,19347,0,0,325,14808,584,10093,325,24901,California
Shasta,2021-02-24,859,35862,498,16154,361,19708,0,0,264,14478,594,10687,264,25165,California
Shasta,2021-02-25,515,36377,179,16333,336,20044,0,0,169,14302,345,11032,169,25334,California
Shasta,2021-02-26,772,37149,98,16431,674,20718,0,0,334,14199,437,11469,334,25668,California
Shasta,2021-02-27,797,37946,26,16457,771,21489,0,0,186,13777,608,12077,186,25854,California
Shasta,2021-02-28,176,38122,4,16461,172,21661,0,0,127,13855,49,12126,127,25981,California
Shasta,2021-03-01,591,38713,57,16518,534,22195,0,0,297,13859,293,12419,297,26278,California
Shasta,2021-03-02,1027,39740,472,16990,555,22750,0,0,338,13509,688,13107,338,26616,California
Shasta,2021-03-03,673,40413,176,17166,497,23247,0,0,241,13318,432,13539,241,26857,California
Shasta,2021-03-04,2977,43390,2396,19562,581,23828,0,0,1719,13782,1256,14795,1720,28577,California
Shasta,2021-03-05,1535,44925,159,19721,1347,25175,29,29,775,13825,761,15556,804,29381,California
Shasta,2021-03-06,2714,47639,381,20102,2288,27463,45,74,848,12854,1864,17420,893,30274,California
Shasta,2021-03-07,92,47731,4,20106,56,27519,32,106,38,12870,54,17474,70,30344,California
Shasta,2021-03-08,569,48300,54,20160,377,27896,138,244,156,12753,411,17885,294,30638,California
Shasta,2021-03-09,1230,49530,595,20755,461,28357,174,418,675,13047,554,18439,848,31486,California
Shasta,2021-03-10,794,50324,255,21010,337,28694,202,620,140,12734,653,19092,340,31826,California
Shasta,2021-03-11,1521,51845,468,21478,792,29486,261,881,918,13313,600,19692,1179,33005,California
Shasta,2021-03-12,1542,53387,847,22325,452,29938,243,1124,400,12813,1141,20833,641,33646,California
Shasta,2021-03-13,749,54136,423,22748,226,30164,100,1224,473,13109,275,21108,571,34217,California
Shasta,2021-03-14,1005,55141,8,22756,975,31139,22,1246,868,13863,137,21245,891,35108,California
Shasta,2021-03-15,487,55628,39,22795,353,31492,95,1341,209,13888,278,21523,303,35411,California
Shasta,2021-03-16,1116,56744,142,22937,906,32398,68,1409,834,14508,282,21805,902,36313,California
Shasta,2021-03-17,711,57455,181,23118,472,32870,58,1467,375,14612,329,22134,433,36746,California
Shasta,2021-03-18,1520,58975,582,23700,835,33705,103,1570,1097,15393,419,22553,1200,37946,California
Shasta,2021-03-19,626,59601,196,23896,373,34078,57,1627,390,15605,235,22788,447,38393,California
Shasta,2021-03-20,733,60334,482,24378,240,34318,11,1638,591,16065,142,22930,602,38995,California
Shasta,2021-03-21,313,60647,298,24676,4,34322,11,1649,286,16336,26,22956,297,39292,California
Shasta,2021-03-22,338,60985,34,24710,269,34591,35,1684,195,16424,142,23098,230,39522,California
Shasta,2021-03-23,1305,62290,651,25361,595,35186,59,1743,757,16697,543,23641,816,40338,California
Shasta,2021-03-24,609,62899,161,25522,411,35597,37,1780,368,16862,240,23881,405,40743,California
Shasta,2021-03-25,1107,64006,424,25946,662,36259,21,1801,793,17365,312,24193,815,41558,California
Shasta,2021-03-26,1793,65799,1369,27315,393,36652,31,1832,1436,18476,357,24550,1468,43026,California
Shasta,2021-03-27,1547,67346,372,27687,312,36964,863,2695,540,18870,1005,25555,1399,44425,California
Shasta,2021-03-28,400,67746,297,27984,93,37057,10,2705,299,19080,99,25654,309,44734,California
Shasta,2021-03-29,416,68162,40,28024,365,37422,11,2716,162,19000,253,25907,173,44907,California
Shasta,2021-03-30,1220,69382,751,28775,452,37874,17,2733,606,19012,611,26518,623,45530,California
Shasta,2021-03-31,609,69991,199,28974,403,38277,7,2740,369,19152,236,26754,376,45906,California
Shasta,2021-04-01,870,70861,229,29203,629,38906,12,2752,547,19390,321,27075,559,46465,California
Shasta,2021-04-02,724,71585,180,29383,491,39397,53,2805,391,19503,331,27406,444,46909,California
Shasta,2021-04-03,505,72090,361,29744,127,39524,17,2822,385,19785,120,27526,402,47311,California
Shasta,2021-04-04,288,72378,173,29917,95,39619,20,2842,215,19947,73,27599,235,47546,California
Shasta,2021-04-05,430,72808,67,29984,307,39926,56,2898,249,20071,181,27780,305,47851,California
Shasta,2021-04-06,1124,73932,483,30467,476,40402,165,3063,536,20188,583,28363,700,48551,California
Shasta,2021-04-07,634,74566,194,30661,281,40683,159,3222,242,20200,388,28751,400,48951,California
Shasta,2021-04-08,1126,75692,257,30918,713,41396,156,3378,207,19646,916,29667,362,49313,California
Shasta,2021-04-09,2557,78249,2053,32971,298,41694,206,3584,1991,21281,559,30226,2194,51507,California
Shasta,2021-04-10,863,79112,581,33552,154,41848,128,3712,259,21062,604,30830,385,51892,California
Shasta,2021-04-11,1239,80351,396,33948,823,42671,20,3732,142,20131,1093,31923,162,52054,California
Shasta,2021-04-12,332,80683,7,33955,265,42936,60,3792,95,20049,236,32159,154,52208,California
Shasta,2021-04-13,1248,81931,361,34316,885,43821,2,3794,339,19484,905,33064,340,52548,California
Shasta,2021-04-14,580,82511,149,34465,429,44250,2,3796,220,19347,359,33423,222,52770,California
Shasta,2021-04-15,1051,83562,249,34714,801,45051,1,3797,297,18894,750,34173,297,53067,California
Shasta,2021-04-16,2281,85843,1811,36525,470,45521,0,3797,923,18461,1356,35529,923,53990,California
Shasta,2021-04-17,611,86454,389,36914,222,45743,0,3797,177,18205,434,35963,178,54168,California
Shasta,2021-04-18,263,86717,238,37152,25,45768,0,3797,31,18006,230,36193,31,54199,California
Shasta,2021-04-19,374,87091,28,37180,346,46114,0,3797,160,17952,214,36407,160,54359,California
Shasta,2021-04-20,971,88062,222,37402,749,46863,0,3797,362,17706,608,37015,362,54721,California
Shasta,2021-04-21,577,88639,198,37600,379,47242,0,3797,298,17725,279,37294,298,55019,California
Shasta,2021-04-22,939,89578,262,37862,677,47919,0,3797,296,17380,641,37935,296,55315,California
Shasta,2021-04-23,627,90205,242,38104,385,48304,0,3797,318,17390,308,38243,318,55633,California
Shasta,2021-04-24,593,90798,355,38459,237,48541,1,3798,106,17011,485,38728,106,55739,California
Shasta,2021-04-25,207,91005,177,38636,29,48570,1,3799,36,16877,171,38899,37,55776,California
Shasta,2021-04-26,492,91497,53,38689,434,49004,5,3804,348,17087,142,39041,352,56128,California
Shasta,2021-04-27,534,92031,171,38860,325,49329,38,3842,300,17191,231,39272,335,56463,California
Shasta,2021-04-28,560,92591,137,38997,391,49720,32,3874,251,17164,309,39581,282,56745,California
Shasta,2021-04-29,753,93344,108,39105,623,50343,22,3896,178,16790,574,40155,200,56945,California
Shasta,2021-04-30,2232,95576,1813,40918,389,50732,30,3926,255,15099,1976,42131,285,57230,California
Shasta,2021-05-01,218,95794,19,40937,126,50858,73,3999,95,15144,123,42254,168,57398,California
Shasta,2021-05-02,46,95840,16,40953,17,50875,13,4012,19,15149,27,42281,32,57430,California
Shasta,2021-05-03,346,96186,93,41046,228,51103,25,4037,109,15047,236,42517,134,57564,California
Shasta,2021-05-04,519,96705,192,41238,290,51393,37,4074,251,15070,265,42782,288,57852,California
Shasta,2021-05-05,427,97132,137,41375,273,51666,17,4091,197,15054,230,43012,214,58066,California
Shasta,2021-05-06,682,97814,258,41633,387,52053,37,4128,289,14994,384,43396,324,58390,California
Shasta,2021-05-07,1092,98906,725,42358,329,52382,38,4166,297,14535,794,44190,335,58725,California
Shasta,2021-05-08,163,99069,80,42438,73,52455,10,4176,95,14571,68,44258,104,58829,California
Shasta,2021-05-09,63,99132,14,42452,44,52499,5,4181,33,14579,30,44288,38,58867,California
Shasta,2021-05-10,251,99383,20,42472,184,52683,47,4228,110,14595,138,44426,154,59021,California
Shasta,2021-05-11,502,99885,145,42617,209,52892,148,4376,180,14602,321,44747,328,59349,California
Shasta,2021-05-12,390,100275,140,42757,227,53119,23,4399,130,14496,259,45006,153,59502,California
Shasta,2021-05-13,576,100851,239,42996,322,53441,15,4414,223,14383,351,45357,238,59740,California
Shasta,2021-05-14,631,101482,267,43263,339,53780,25,4439,290,14359,340,45697,316,60056,California
Shasta,2021-05-15,378,101860,119,43382,160,53940,99,4538,157,14394,220,45917,255,60311,California
Shasta,2021-05-16,220,102080,154,43536,56,53996,10,4548,162,14508,58,45975,172,60483,California
Shasta,2021-05-17,528,102608,243,43779,227,54223,58,4606,281,14601,246,46221,339,60822,California
Shasta,2021-05-18,606,103214,292,44071,290,54513,24,4630,324,14667,282,46503,348,61170,California
Shasta,2021-05-19,586,103800,276,44347,243,54756,67,4697,285,14722,297,46800,352,61522,California
Shasta,2021-05-20,562,104362,252,44599,291,55047,19,4716,264,14710,295,47095,283,61805,California
Shasta,2021-05-21,634,104996,283,44882,332,55379,19,4735,337,14771,295,47390,356,62161,California
Shasta,2021-05-22,231,105227,130,45012,92,55471,9,4744,143,14837,86,47476,152,62313,California
Shasta,2021-05-23,111,105338,48,45060,55,55526,8,4752,68,14870,43,47519,76,62389,California
Shasta,2021-05-24,521,105859,162,45222,329,55855,30,4782,184,14748,336,47855,214,62603,California
Shasta,2021-05-25,461,106320,196,45418,220,56075,45,4827,158,14651,299,48154,202,62805,California
Shasta,2021-05-26,371,106691,143,45561,203,56278,25,4852,147,14600,223,48377,172,62977,California
Shasta,2021-05-27,416,107107,154,45715,253,56531,9,4861,156,14508,257,48634,165,63142,California
Shasta,2021-05-28,435,107542,196,45911,211,56742,28,4889,204,14512,228,48862,232,63374,California
Shasta,2021-05-29,221,107763,62,45973,129,56871,30,4919,92,14503,129,48991,120,63494,California
Shasta,2021-05-30,83,107846,48,46021,33,56904,2,4921,55,14532,28,49019,57,63551,California
Shasta,2021-05-31,35,107881,9,46030,25,56929,1,4922,12,14523,22,49041,13,63564,California
Shasta,2021-06-01,521,108402,152,46182,225,57154,144,5066,134,14422,380,49421,279,63843,California
Shasta,2021-06-02,290,108692,117,46299,164,57318,9,5075,120,14383,168,49589,129,63972,California
Shasta,2021-06-03,365,109057,156,46455,200,57518,9,5084,117,14262,247,49836,126,64098,California
Shasta,2021-06-04,565,109622,283,46738,255,57773,27,5111,203,14131,361,50197,230,64328,California
Shasta,2021-06-05,248,109870,143,46881,88,57861,17,5128,80,14062,167,50364,98,64426,California
Shasta,2021-06-06,160,110030,126,47007,32,57893,2,5130,47,13998,113,50477,49,64475,California
Shasta,2021-06-07,397,110427,232,47239,148,58041,17,5147,106,13831,290,50767,123,64598,California
Shasta,2021-06-08,494,110921,297,47536,153,58194,44,5191,145,13672,348,51115,189,64787,California
Shasta,2021-06-09,376,111297,203,47739,90,58284,83,5274,66,13513,307,51422,148,64935,California
Shasta,2021-06-10,315,111612,186,47925,105,58389,24,5298,94,13415,216,51638,118,65053,California
Shasta,2021-06-11,198,111810,136,48061,54,58443,8,5306,55,13335,143,51781,63,65116,California
Sierra,2020-12-18,1,1,1,1,0,0,0,0,1,1,0,0,1,1,California
Sierra,2020-12-21,2,3,2,3,0,0,0,0,2,3,0,0,2,3,California
Sierra,2020-12-22,12,15,12,15,0,0,0,0,12,15,0,0,12,15,California
Sierra,2020-12-23,4,19,4,19,0,0,0,0,4,19,0,0,4,19,California
Sierra,2020-12-28,1,20,0,19,1,1,0,0,1,20,0,0,1,20,California
Sierra,2020-12-29,49,69,7,26,42,43,0,0,49,69,0,0,49,69,California
Sierra,2020-12-30,2,71,0,26,2,45,0,0,2,71,0,0,2,71,California
Sierra,2020-12-31,13,84,0,26,13,58,0,0,13,84,0,0,13,84,California
Sierra,2021-01-01,1,85,1,27,0,58,0,0,1,85,0,0,1,85,California
Sierra,2021-01-05,63,148,2,29,61,119,0,0,63,148,0,0,63,148,California
Sierra,2021-01-06,1,149,1,30,0,119,0,0,1,149,0,0,1,149,California
Sierra,2021-01-07,20,169,1,31,19,138,0,0,19,167,1,1,19,168,California
Sierra,2021-01-11,3,172,3,34,0,138,0,0,0,164,3,4,0,168,California
Sierra,2021-01-12,38,210,12,46,26,164,0,0,26,178,12,16,26,194,California
Sierra,2021-01-13,3,213,3,49,0,164,0,0,0,175,3,19,0,194,California
Sierra,2021-01-14,35,248,2,51,33,197,0,0,35,210,0,19,35,229,California
Sierra,2021-01-15,3,251,1,52,2,199,0,0,3,213,0,19,3,232,California
Sierra,2021-01-18,3,254,0,52,3,202,0,0,3,216,0,19,3,235,California
Sierra,2021-01-19,34,288,0,52,34,236,0,0,34,250,0,19,34,269,California
Sierra,2021-01-20,1,289,1,53,0,236,0,0,1,251,0,19,1,270,California
Sierra,2021-01-21,53,342,0,53,53,289,0,0,53,304,0,19,53,323,California
Sierra,2021-01-22,2,344,0,53,2,291,0,0,2,306,0,19,2,325,California
Sierra,2021-01-23,2,346,0,53,2,293,0,0,2,308,0,19,2,327,California
Sierra,2021-01-26,62,408,0,53,62,355,0,0,24,294,38,57,24,351,California
Sierra,2021-01-27,4,412,4,57,0,355,0,0,0,290,4,61,0,351,California
Sierra,2021-01-28,53,465,0,57,53,408,0,0,43,323,10,71,43,394,California
Sierra,2021-01-29,1,466,0,57,1,409,0,0,1,324,0,71,1,395,California
Sierra,2021-01-30,2,468,2,59,0,409,0,0,2,326,0,71,2,397,California
Sierra,2021-02-01,1,469,0,59,1,410,0,0,0,325,1,72,0,397,California
Sierra,2021-02-02,58,527,1,60,57,467,0,0,20,307,38,110,20,417,California
Sierra,2021-02-03,5,532,5,65,0,467,0,0,5,312,0,110,5,422,California
Sierra,2021-02-04,100,632,3,68,97,564,0,0,51,314,49,159,51,473,California
Sierra,2021-02-05,5,637,3,71,2,566,0,0,4,317,1,160,4,477,California
Sierra,2021-02-09,56,693,0,71,56,622,0,0,53,367,3,163,53,530,California
Sierra,2021-02-10,2,695,0,71,2,624,0,0,2,369,0,163,2,532,California
Sierra,2021-02-11,194,889,1,72,193,817,0,0,134,443,60,223,134,666,California
Sierra,2021-02-12,20,909,0,72,20,837,0,0,20,463,0,223,20,686,California
Sierra,2021-02-15,2,911,2,74,0,837,0,0,0,461,2,225,0,686,California
Sierra,2021-02-16,45,956,0,74,45,882,0,0,10,436,35,260,10,696,California
Sierra,2021-02-17,4,960,0,74,4,886,0,0,1,434,3,263,1,697,California
Sierra,2021-02-18,144,1104,0,74,144,1030,0,0,94,478,50,313,94,791,California
Sierra,2021-02-19,1,1105,0,74,1,1031,0,0,0,477,1,314,0,791,California
Sierra,2021-02-20,3,1108,2,76,1,1032,0,0,1,476,2,316,1,792,California
Sierra,2021-02-23,4,1112,0,76,4,1036,0,0,4,480,0,316,4,796,California
Sierra,2021-02-24,1,1113,0,76,1,1037,0,0,1,481,0,316,1,797,California
Sierra,2021-02-25,125,1238,1,77,124,1161,0,0,59,475,65,381,59,856,California
Sierra,2021-02-26,11,1249,6,83,5,1166,0,0,4,472,7,388,4,860,California
Sierra,2021-02-27,1,1250,1,84,0,1166,0,0,0,471,1,389,0,860,California
Sierra,2021-03-01,1,1251,1,85,0,1166,0,0,0,470,1,390,0,860,California
Sierra,2021-03-02,58,1309,0,85,58,1224,0,0,39,490,19,409,39,899,California
Sierra,2021-03-03,1,1310,1,86,0,1224,0,0,0,489,1,410,0,899,California
Sierra,2021-03-04,108,1418,0,86,108,1332,0,0,60,501,48,458,60,959,California
Sierra,2021-03-05,12,1430,0,86,12,1344,0,0,10,509,2,460,10,969,California
Sierra,2021-03-08,2,1432,2,88,0,1344,0,0,2,511,0,460,2,971,California
Sierra,2021-03-09,60,1492,0,88,60,1404,0,0,11,473,49,509,11,982,California
Sierra,2021-03-10,6,1498,0,88,6,1410,0,0,4,475,2,511,4,986,California
Sierra,2021-03-11,176,1674,1,89,175,1585,0,0,44,387,132,643,44,1030,California
Sierra,2021-03-12,19,1693,0,89,19,1604,0,0,0,368,19,662,0,1030,California
Sierra,2021-03-13,28,1721,0,89,28,1632,0,0,28,396,0,662,28,1058,California
Sierra,2021-03-15,2,1723,0,89,0,1632,2,2,0,396,2,664,2,1060,California
Sierra,2021-03-16,36,1759,0,89,35,1667,1,3,22,405,14,678,23,1083,California
Sierra,2021-03-17,1,1760,0,89,1,1668,0,3,0,404,1,679,0,1083,California
Sierra,2021-03-18,161,1921,0,89,161,1829,0,3,65,373,96,775,65,1148,California
Sierra,2021-03-19,3,1924,1,90,2,1831,0,3,0,370,3,778,0,1148,California
Sierra,2021-03-20,2,1926,0,90,2,1833,0,3,1,370,1,779,1,1149,California
Sierra,2021-03-23,22,1948,0,90,22,1855,0,3,13,374,9,788,13,1162,California
Sierra,2021-03-24,2,1950,0,90,2,1857,0,3,1,374,1,789,1,1163,California
Sierra,2021-03-25,99,2049,1,91,98,1955,0,3,50,375,49,838,50,1213,California
Sierra,2021-03-26,11,2060,0,91,11,1966,0,3,8,380,3,841,8,1221,California
Sierra,2021-03-27,1,2061,0,91,1,1967,0,3,0,379,1,842,0,1221,California
Sierra,2021-03-29,1,2062,1,92,0,1967,0,3,0,378,1,843,0,1221,California
Sierra,2021-03-30,58,2120,1,93,57,2024,0,3,25,370,33,876,25,1246,California
Sierra,2021-03-31,8,2128,0,93,8,2032,0,3,8,378,0,876,8,1254,California
Sierra,2021-04-01,63,2191,1,94,62,2094,0,3,5,327,56,932,5,1259,California
Sierra,2021-04-02,3,2194,2,96,1,2095,0,3,2,328,1,933,2,1261,California
Sierra,2021-04-04,1,2195,0,96,1,2096,0,3,0,328,0,933,0,1261,California
Sierra,2021-04-06,11,2206,0,96,11,2107,0,3,1,319,10,943,1,1262,California
Sierra,2021-04-07,14,2220,3,99,6,2113,5,8,3,317,10,953,8,1270,California
Sierra,2021-04-08,52,2272,2,101,50,2163,0,8,16,297,36,989,16,1286,California
Sierra,2021-04-09,1,2273,1,102,0,2163,0,8,1,298,0,989,1,1287,California
Sierra,2021-04-10,27,2300,0,102,27,2190,0,8,0,271,27,1016,0,1287,California
Sierra,2021-04-12,1,2301,0,102,0,2190,1,9,0,271,1,1017,1,1288,California
Sierra,2021-04-13,45,2346,0,102,45,2235,0,9,5,236,40,1057,5,1293,California
Sierra,2021-04-14,1,2347,0,102,1,2236,0,9,1,237,0,1057,1,1294,California
Sierra,2021-04-15,50,2397,2,104,48,2284,0,9,2,191,48,1105,2,1296,California
Sierra,2021-04-17,2,2399,1,105,1,2285,0,9,1,191,1,1106,1,1297,California
Sierra,2021-04-18,1,2400,0,105,1,2286,0,9,0,191,0,1106,0,1297,California
Sierra,2021-04-19,2,2402,1,106,1,2287,0,9,1,191,1,1107,1,1298,California
Sierra,2021-04-20,33,2435,1,107,32,2319,0,9,6,170,27,1134,6,1304,California
Sierra,2021-04-21,2,2437,1,108,1,2320,0,9,1,170,1,1135,1,1305,California
Sierra,2021-04-22,64,2501,1,109,63,2383,0,9,5,117,58,1193,5,1310,California
Sierra,2021-04-23,12,2513,0,109,12,2395,0,9,4,113,8,1201,4,1314,California
Sierra,2021-04-24,4,2517,0,109,4,2399,0,9,4,117,0,1201,4,1318,California
Sierra,2021-04-26,1,2518,0,109,1,2400,0,9,1,118,0,1201,1,1319,California
Sierra,2021-04-27,30,2548,0,109,30,2430,0,9,4,96,26,1227,4,1323,California
Sierra,2021-04-28,11,2559,3,112,8,2438,0,9,2,89,9,1236,2,1325,California
Sierra,2021-04-29,20,2579,2,114,18,2456,0,9,14,97,6,1242,14,1339,California
Sierra,2021-04-30,3,2582,1,115,2,2458,0,9,1,96,2,1244,1,1340,California
Sierra,2021-05-03,1,2583,1,116,0,2458,0,9,1,97,0,1244,1,1341,California
Sierra,2021-05-04,2,2585,0,116,1,2459,1,10,0,96,2,1246,1,1342,California
Sierra,2021-05-05,23,2608,1,117,22,2481,0,10,8,89,15,1261,8,1350,California
Sierra,2021-05-06,1,2609,1,118,0,2481,0,10,0,88,1,1262,0,1350,California
Sierra,2021-05-08,1,2610,0,118,0,2481,1,11,0,88,1,1263,1,1351,California
Sierra,2021-05-11,11,2621,0,118,4,2485,7,18,0,84,11,1274,7,1358,California
Sierra,2021-05-12,11,2632,1,119,10,2495,0,18,8,89,3,1277,8,1366,California
Sierra,2021-05-13,3,2635,2,121,1,2496,0,18,2,90,1,1278,2,1368,California
Sierra,2021-05-14,3,2638,1,122,2,2498,0,18,3,93,0,1278,3,1371,California
Sierra,2021-05-15,1,2639,0,122,0,2498,1,19,0,93,1,1279,1,1372,California
Sierra,2021-05-17,1,2640,1,123,0,2498,0,19,1,94,0,1279,1,1373,California
Sierra,2021-05-18,1,2641,0,123,0,2498,1,20,0,94,1,1280,1,1374,California
Sierra,2021-05-19,7,2648,4,127,3,2501,0,20,2,91,5,1285,2,1376,California
Sierra,2021-05-20,9,2657,8,135,0,2501,1,21,8,99,1,1286,9,1385,California
Sierra,2021-05-21,3,2660,1,136,2,2503,0,21,1,98,2,1288,1,1386,California
Sierra,2021-05-22,4,2664,0,136,4,2507,0,21,0,94,4,1292,0,1386,California
Sierra,2021-05-23,1,2665,0,136,1,2508,0,21,1,95,0,1292,1,1387,California
Sierra,2021-05-24,3,2668,1,137,2,2510,0,21,2,96,1,1293,2,1389,California
Sierra,2021-05-25,3,2671,0,137,3,2513,0,21,1,95,2,1295,1,1390,California
Sierra,2021-05-26,8,2679,0,137,8,2521,0,21,4,95,4,1299,4,1394,California
Sierra,2021-05-27,9,2688,1,138,7,2528,1,22,2,91,7,1306,3,1397,California
Sierra,2021-05-28,3,2691,1,139,2,2530,0,22,2,92,1,1307,2,1399,California
Sierra,2021-05-29,2,2693,0,139,2,2532,0,22,2,94,0,1307,2,1401,California
Sierra,2021-05-30,1,2694,1,140,0,2532,0,22,1,95,0,1307,1,1402,California
Sierra,2021-06-01,1,2695,0,140,1,2533,0,22,0,94,1,1308,0,1402,California
Sierra,2021-06-02,23,2718,0,140,21,2554,2,24,0,74,22,1330,2,1404,California
Sierra,2021-06-03,2,2720,2,142,0,2554,0,24,0,72,2,1332,0,1404,California
Sierra,2021-06-04,2,2722,2,144,0,2554,0,24,1,72,1,1333,1,1405,California
Sierra,2021-06-08,1,2723,1,145,0,2554,0,24,1,73,0,1333,1,1406,California
Sierra,2021-06-09,8,2731,1,146,5,2559,2,26,0,67,8,1341,2,1408,California
Sierra,2021-06-10,8,2739,8,154,0,2559,0,26,4,67,4,1345,4,1412,California
Sierra,2021-06-11,1,2740,1,155,0,2559,0,26,0,66,1,1346,0,1412,California
Siskiyou,2020-12-16,2,2,2,2,0,0,0,0,2,2,0,0,2,2,California
Siskiyou,2020-12-17,4,6,4,6,0,0,0,0,4,6,0,0,4,6,California
Siskiyou,2020-12-18,2,8,2,8,0,0,0,0,2,8,0,0,2,8,California
Siskiyou,2020-12-19,4,12,4,12,0,0,0,0,4,12,0,0,4,12,California
Siskiyou,2020-12-20,1,13,1,13,0,0,0,0,1,13,0,0,1,13,California
Siskiyou,2020-12-21,131,144,131,144,0,0,0,0,131,144,0,0,131,144,California
Siskiyou,2020-12-22,158,302,158,302,0,0,0,0,158,302,0,0,158,302,California
Siskiyou,2020-12-23,142,444,142,444,0,0,0,0,142,444,0,0,142,444,California
Siskiyou,2020-12-24,5,449,5,449,0,0,0,0,5,449,0,0,5,449,California
Siskiyou,2020-12-26,2,451,0,449,2,2,0,0,2,451,0,0,2,451,California
Siskiyou,2020-12-27,2,453,0,449,2,4,0,0,2,453,0,0,2,453,California
Siskiyou,2020-12-28,3,456,1,450,2,6,0,0,3,456,0,0,3,456,California
Siskiyou,2020-12-29,6,462,2,452,4,10,0,0,6,462,0,0,6,462,California
Siskiyou,2020-12-30,100,562,3,455,97,107,0,0,100,562,0,0,100,562,California
Siskiyou,2020-12-31,12,574,0,455,12,119,0,0,12,574,0,0,12,574,California
Siskiyou,2021-01-02,1,575,1,456,0,119,0,0,1,575,0,0,1,575,California
Siskiyou,2021-01-03,1,576,0,456,1,120,0,0,1,576,0,0,1,576,California
Siskiyou,2021-01-04,129,705,3,459,126,246,0,0,129,705,0,0,129,705,California
Siskiyou,2021-01-05,119,824,4,463,115,361,0,0,117,821,2,2,118,823,California
Siskiyou,2021-01-06,60,884,7,470,53,414,0,0,56,873,4,6,56,879,California
Siskiyou,2021-01-07,175,1059,4,474,171,585,0,0,174,1046,1,7,174,1053,California
Siskiyou,2021-01-08,40,1099,3,477,37,622,0,0,38,1082,2,9,38,1091,California
Siskiyou,2021-01-09,2,1101,2,479,0,622,0,0,0,1080,2,11,0,1091,California
Siskiyou,2021-01-11,225,1326,64,543,161,783,0,0,163,1181,62,73,163,1254,California
Siskiyou,2021-01-12,324,1650,274,817,50,833,0,0,91,1040,233,306,92,1346,California
Siskiyou,2021-01-13,158,1808,137,954,21,854,0,0,24,930,134,440,24,1370,California
Siskiyou,2021-01-14,35,1843,1,955,34,888,0,0,34,963,1,441,34,1404,California
Siskiyou,2021-01-15,55,1898,3,958,52,940,0,0,55,1018,0,441,55,1459,California
Siskiyou,2021-01-16,7,1905,2,960,5,945,0,0,7,1025,0,441,7,1466,California
Siskiyou,2021-01-17,1,1906,1,961,0,945,0,0,0,1024,1,442,0,1466,California
Siskiyou,2021-01-18,75,1981,3,964,72,1017,0,0,73,1095,2,444,73,1539,California
Siskiyou,2021-01-19,41,2022,1,965,40,1057,0,0,40,1134,1,445,40,1579,California
Siskiyou,2021-01-20,67,2089,35,1000,32,1089,0,0,63,1193,4,449,63,1642,California
Siskiyou,2021-01-21,67,2156,1,1001,66,1155,0,0,67,1260,0,449,67,1709,California
Siskiyou,2021-01-22,1341,3497,1174,2175,167,1322,0,0,1341,2601,0,449,1341,3050,California
Siskiyou,2021-01-23,6,3503,2,2177,4,1326,0,0,3,2601,3,452,3,3053,California
Siskiyou,2021-01-25,208,3711,8,2185,200,1526,0,0,204,2801,4,456,204,3257,California
Siskiyou,2021-01-26,108,3819,3,2188,105,1631,0,0,100,2893,8,464,100,3357,California
Siskiyou,2021-01-27,200,4019,2,2190,198,1829,0,0,135,2964,64,528,135,3492,California
Siskiyou,2021-01-28,260,4279,118,2308,142,1971,0,0,235,3180,19,547,235,3727,California
Siskiyou,2021-01-29,272,4551,3,2311,269,2240,0,0,253,3414,19,566,253,3980,California
Siskiyou,2021-01-30,4,4555,3,2314,1,2241,0,0,4,3418,0,566,4,3984,California
Siskiyou,2021-02-01,214,4769,3,2317,211,2452,0,0,114,3432,100,666,114,4098,California
Siskiyou,2021-02-02,314,5083,45,2362,269,2721,0,0,161,3440,153,819,161,4259,California
Siskiyou,2021-02-03,334,5417,1,2363,333,3054,0,0,264,3634,70,889,264,4523,California
Siskiyou,2021-02-04,360,5777,7,2370,353,3407,0,0,221,3716,139,1028,221,4744,California
Siskiyou,2021-02-05,544,6321,4,2374,540,3947,0,0,370,3912,174,1202,370,5114,California
Siskiyou,2021-02-06,15,6336,0,2374,15,3962,0,0,15,3927,0,1202,15,5129,California
Siskiyou,2021-02-07,3,6339,2,2376,1,3963,0,0,3,3930,0,1202,3,5132,California
Siskiyou,2021-02-08,239,6578,4,2380,235,4198,0,0,214,4119,25,1227,214,5346,California
Siskiyou,2021-02-09,244,6822,2,2382,242,4440,0,0,191,4257,53,1280,191,5537,California
Siskiyou,2021-02-10,389,7211,41,2423,348,4788,0,0,319,4507,69,1349,319,5856,California
Siskiyou,2021-02-11,214,7425,1,2424,213,5001,0,0,185,4663,29,1378,185,6041,California
Siskiyou,2021-02-12,1703,9128,1199,3623,504,5505,0,0,498,3956,1205,2583,498,6539,California
Siskiyou,2021-02-13,37,9165,2,3625,35,5540,0,0,32,3983,5,2588,32,6571,California
Siskiyou,2021-02-14,6,9171,2,3627,4,5544,0,0,6,3989,0,2588,6,6577,California
Siskiyou,2021-02-15,99,9270,2,3629,97,5641,0,0,97,4084,2,2590,97,6674,California
Siskiyou,2021-02-16,136,9406,2,3631,134,5775,0,0,100,4148,36,2626,100,6774,California
Siskiyou,2021-02-17,286,9692,5,3636,281,6056,0,0,251,4364,35,2661,251,7025,California
Siskiyou,2021-02-18,268,9960,88,3724,180,6236,0,0,127,4350,141,2802,127,7152,California
Siskiyou,2021-02-19,95,10055,34,3758,61,6297,0,0,35,4327,58,2860,35,7187,California
Siskiyou,2021-02-20,22,10077,3,3761,19,6316,0,0,17,4339,5,2865,17,7204,California
Siskiyou,2021-02-21,1,10078,1,3762,0,6316,0,0,1,4340,0,2865,1,7205,California
Siskiyou,2021-02-22,206,10284,2,3764,204,6520,0,0,74,4282,132,2997,74,7279,California
Siskiyou,2021-02-23,288,10572,15,3779,273,6793,0,0,186,4366,102,3099,186,7465,California
Siskiyou,2021-02-24,172,10744,5,3784,167,6960,0,0,49,4292,123,3222,49,7514,California
Siskiyou,2021-02-25,300,11044,15,3799,285,7245,0,0,146,4285,153,3375,146,7660,California
Siskiyou,2021-02-26,670,11714,9,3808,661,7906,0,0,366,4347,304,3679,366,8026,California
Siskiyou,2021-02-27,32,11746,5,3813,27,7933,0,0,28,4371,4,3683,28,8054,California
Siskiyou,2021-02-28,5,11751,5,3818,0,7933,0,0,3,4372,2,3685,3,8057,California
Siskiyou,2021-03-01,290,12041,5,3823,285,8218,0,0,49,4180,241,3926,49,8106,California
Siskiyou,2021-03-02,208,12249,1,3824,207,8425,0,0,70,4112,138,4064,70,8176,California
Siskiyou,2021-03-03,346,12595,10,3834,336,8761,0,0,152,4070,194,4258,152,8328,California
Siskiyou,2021-03-04,818,13413,617,4451,201,8962,0,0,642,4536,176,4434,642,8970,California
Siskiyou,2021-03-05,347,13760,5,4456,331,9293,11,11,106,4415,238,4672,117,9087,California
Siskiyou,2021-03-06,42,13802,3,4459,32,9325,7,18,27,4434,15,4687,34,9121,California
Siskiyou,2021-03-07,11,13813,3,4462,0,9325,8,26,1,4433,10,4697,9,9130,California
Siskiyou,2021-03-08,360,14173,22,4484,304,9629,34,60,68,4243,292,4989,102,9232,California
Siskiyou,2021-03-09,175,14348,2,4486,118,9747,55,115,42,4207,133,5122,97,9329,California
Siskiyou,2021-03-10,220,14568,6,4492,184,9931,30,145,24,4065,196,5318,54,9383,California
Siskiyou,2021-03-11,493,15061,206,4698,241,10172,46,191,284,4187,208,5526,330,9713,California
Siskiyou,2021-03-12,652,15713,141,4839,472,10644,39,230,184,3944,466,5992,223,9936,California
Siskiyou,2021-03-13,429,16142,380,5219,26,10670,23,253,380,4298,49,6041,403,10339,California
Siskiyou,2021-03-14,20,16162,1,5220,3,10673,16,269,2,4298,18,6059,18,10357,California
Siskiyou,2021-03-15,495,16657,258,5478,173,10846,64,333,319,4505,176,6235,383,10740,California
Siskiyou,2021-03-16,258,16915,34,5512,208,11054,16,349,141,4546,116,6351,157,10897,California
Siskiyou,2021-03-17,199,17114,8,5520,183,11237,8,357,33,4421,166,6517,41,10938,California
Siskiyou,2021-03-18,924,18038,786,6306,126,11363,12,369,808,5125,116,6633,820,11758,California
Siskiyou,2021-03-19,65,18103,7,6313,45,11408,13,382,18,5109,47,6680,31,11789,California
Siskiyou,2021-03-20,29,18132,7,6320,18,11426,4,386,6,5096,23,6703,10,11799,California
Siskiyou,2021-03-21,10,18142,4,6324,1,11427,5,391,4,5099,6,6709,9,11808,California
Siskiyou,2021-03-22,209,18351,20,6344,166,11593,23,414,146,5208,60,6769,169,11977,California
Siskiyou,2021-03-23,172,18523,19,6363,144,11737,9,423,125,5295,47,6816,134,12111,California
Siskiyou,2021-03-24,143,18666,47,6410,96,11833,0,423,116,5384,27,6843,116,12227,California
Siskiyou,2021-03-25,564,19230,314,6724,247,12080,3,426,394,5611,170,7013,397,12624,California
Siskiyou,2021-03-26,303,19533,34,6758,269,12349,0,426,103,5516,198,7211,103,12727,California
Siskiyou,2021-03-27,39,19572,6,6764,28,12377,5,431,11,5504,28,7239,16,12743,California
Siskiyou,2021-03-28,7,19579,6,6770,1,12378,0,431,5,5507,2,7241,5,12748,California
Siskiyou,2021-03-29,94,19673,10,6780,82,12460,2,433,44,5503,50,7291,46,12794,California
Siskiyou,2021-03-30,101,19774,6,6786,94,12554,1,434,40,5483,61,7352,41,12835,California
Siskiyou,2021-03-31,177,19951,9,6795,165,12719,3,437,48,5408,127,7479,52,12887,California
Siskiyou,2021-04-01,827,20778,669,7464,158,12877,0,437,214,5009,613,8092,214,13101,California
Siskiyou,2021-04-02,347,21125,197,7661,146,13023,4,441,65,4798,280,8372,69,13170,California
Siskiyou,2021-04-03,26,21151,5,7666,14,13037,7,448,5,4789,21,8393,12,13182,California
Siskiyou,2021-04-04,2,21153,1,7667,1,13038,0,448,1,4789,1,8394,1,13183,California
Siskiyou,2021-04-05,437,21590,332,7999,80,13118,25,473,27,4432,409,8803,52,13235,California
Siskiyou,2021-04-06,220,21810,36,8035,131,13249,53,526,126,4518,92,8895,178,13413,California
Siskiyou,2021-04-07,113,21923,10,8045,62,13311,41,567,64,4574,49,8944,105,13518,California
Siskiyou,2021-04-08,343,22266,175,8220,125,13436,43,610,62,4398,281,9225,105,13623,California
Siskiyou,2021-04-09,545,22811,377,8597,130,13566,38,648,84,4061,460,9685,123,13746,California
Siskiyou,2021-04-10,46,22857,6,8603,3,13569,37,685,7,4066,39,9724,44,13790,California
Siskiyou,2021-04-11,7,22864,5,8608,1,13570,1,686,2,4064,5,9729,3,13793,California
Siskiyou,2021-04-12,128,22992,24,8632,103,13673,1,687,48,4033,80,9809,49,13842,California
Siskiyou,2021-04-13,205,23197,37,8669,167,13840,1,688,82,3993,123,9932,83,13925,California
Siskiyou,2021-04-14,156,23353,64,8733,92,13932,0,688,85,4009,69,10001,85,14010,California
Siskiyou,2021-04-15,1114,24467,956,9689,158,14090,0,688,435,3765,679,10680,435,14445,California
Siskiyou,2021-04-16,299,24766,208,9897,91,14181,0,688,268,4003,30,10710,268,14713,California
Siskiyou,2021-04-17,11,24777,8,9905,3,14184,0,688,6,4004,5,10715,6,14719,California
Siskiyou,2021-04-18,5,24782,3,9908,2,14186,0,688,1,4001,4,10719,1,14720,California
Siskiyou,2021-04-19,128,24910,24,9932,104,14290,0,688,45,3963,83,10802,45,14765,California
Siskiyou,2021-04-20,217,25127,4,9936,213,14503,0,688,91,3928,126,10928,91,14856,California
Siskiyou,2021-04-21,96,25223,11,9947,85,14588,0,688,26,3884,70,10998,26,14882,California
Siskiyou,2021-04-22,408,25631,296,10243,112,14700,0,688,50,3576,358,11356,50,14932,California
Siskiyou,2021-04-23,180,25811,15,10258,165,14865,0,688,158,3713,21,11377,158,15090,California
Siskiyou,2021-04-24,28,25839,4,10262,24,14889,0,688,20,3725,8,11385,20,15110,California
Siskiyou,2021-04-25,2,25841,0,10262,2,14891,0,688,2,3727,0,11385,2,15112,California
Siskiyou,2021-04-26,100,25941,5,10267,90,14981,5,693,25,3682,75,11460,30,15142,California
Siskiyou,2021-04-27,113,26054,4,10271,107,15088,2,695,86,3745,25,11485,88,15230,California
Siskiyou,2021-04-28,110,26164,7,10278,95,15183,8,703,53,3749,57,11542,61,15291,California
Siskiyou,2021-04-29,144,26308,14,10292,129,15312,1,704,28,3662,116,11658,29,15320,California
Siskiyou,2021-04-30,103,26411,21,10313,81,15393,1,705,45,3652,55,11713,45,15365,California
Siskiyou,2021-05-01,11,26422,7,10320,1,15394,3,708,7,3658,4,11717,10,15375,California
Siskiyou,2021-05-02,10,26432,4,10324,6,15400,0,708,8,3664,2,11719,8,15383,California
Siskiyou,2021-05-03,107,26539,24,10348,81,15481,2,710,45,3649,62,11781,47,15430,California
Siskiyou,2021-05-04,121,26660,6,10354,113,15594,2,712,60,3651,60,11841,62,15492,California
Siskiyou,2021-05-05,114,26774,19,10373,86,15680,9,721,39,3625,74,11915,48,15540,California
Siskiyou,2021-05-06,365,27139,296,10669,63,15743,6,727,190,3646,175,12090,196,15736,California
Siskiyou,2021-05-07,308,27447,219,10888,84,15827,5,732,32,3408,275,12365,37,15773,California
Siskiyou,2021-05-08,24,27471,3,10891,20,15847,1,733,18,3421,6,12371,19,15792,California
Siskiyou,2021-05-09,1,27472,0,10891,1,15848,0,733,0,3420,1,12372,0,15792,California
Siskiyou,2021-05-10,100,27572,68,10959,31,15879,1,734,22,3365,78,12450,23,15815,California
Siskiyou,2021-05-11,87,27659,8,10967,74,15953,5,739,51,3385,36,12486,56,15871,California
Siskiyou,2021-05-12,56,27715,4,10971,47,16000,5,744,15,3364,41,12527,20,15891,California
Siskiyou,2021-05-13,81,27796,34,11005,38,16038,9,753,37,3366,44,12571,46,15937,California
Siskiyou,2021-05-14,173,27969,81,11086,91,16129,1,754,106,3407,66,12637,107,16044,California
Siskiyou,2021-05-15,43,28012,13,11099,28,16157,2,756,36,3439,6,12643,38,16082,California
Siskiyou,2021-05-16,6,28018,2,11101,4,16161,0,756,4,3441,2,12645,4,16086,California
Siskiyou,2021-05-17,63,28081,2,11103,38,16199,23,779,11,3423,52,12697,34,16120,California
Siskiyou,2021-05-18,216,28297,81,11184,131,16330,4,783,122,3456,93,12790,126,16246,California
Siskiyou,2021-05-19,155,28452,97,11281,57,16387,1,784,124,3550,31,12821,125,16371,California
Siskiyou,2021-05-20,503,28955,421,11702,80,16467,2,786,233,3515,270,13091,235,16606,California
Siskiyou,2021-05-21,197,29152,95,11797,102,16569,0,786,109,3537,87,13178,109,16715,California
Siskiyou,2021-05-22,41,29193,19,11816,22,16591,0,786,26,3548,15,13193,26,16741,California
Siskiyou,2021-05-23,4,29197,3,11819,1,16592,0,786,2,3548,2,13195,2,16743,California
Siskiyou,2021-05-24,18,29215,3,11822,15,16607,0,786,5,3541,12,13207,5,16748,California
Siskiyou,2021-05-25,156,29371,16,11838,120,16727,20,806,50,3507,104,13311,70,16818,California
Siskiyou,2021-05-26,76,29447,19,11857,57,16784,0,806,41,3513,35,13346,41,16859,California
Siskiyou,2021-05-27,128,29575,92,11949,35,16819,1,807,55,3496,73,13419,56,16915,California
Siskiyou,2021-05-28,154,29729,57,12006,96,16915,1,808,102,3548,51,13470,103,17018,California
Siskiyou,2021-05-29,16,29745,9,12015,4,16919,3,811,5,3545,11,13481,8,17026,California
Siskiyou,2021-05-31,2,29747,1,12016,0,16919,1,812,1,3546,1,13482,2,17028,California
Siskiyou,2021-06-01,86,29833,20,12036,66,16985,0,812,29,3519,56,13538,29,17057,California
Siskiyou,2021-06-02,120,29953,35,12071,85,17070,0,812,44,3487,76,13614,44,17101,California
Siskiyou,2021-06-03,150,30103,103,12174,42,17112,5,817,34,3410,116,13730,39,17140,California
Siskiyou,2021-06-04,99,30202,77,12251,22,17134,0,817,20,3351,79,13809,20,17160,California
Siskiyou,2021-06-05,37,30239,17,12268,19,17153,1,818,16,3347,21,13830,17,17177,California
Siskiyou,2021-06-06,3,30242,2,12270,0,17153,1,819,0,3345,3,13833,1,17178,California
Siskiyou,2021-06-07,34,30276,4,12274,30,17183,0,819,26,3363,8,13841,26,17204,California
Siskiyou,2021-06-08,178,30454,93,12367,84,17267,1,820,48,3282,130,13971,49,17253,California
Siskiyou,2021-06-09,104,30558,84,12451,19,17286,1,821,26,3231,78,14049,27,17280,California
Siskiyou,2021-06-10,155,30713,141,12592,14,17300,0,821,59,3194,96,14145,59,17339,California
Siskiyou,2021-06-11,72,30785,41,12633,25,17325,6,827,7,3163,44,14189,13,17352,California
Solano,2020-12-15,4,4,4,4,0,0,0,0,4,4,0,0,4,4,California
Solano,2020-12-16,69,73,69,73,0,0,0,0,69,73,0,0,69,73,California
Solano,2020-12-17,170,243,170,243,0,0,0,0,170,243,0,0,170,243,California
Solano,2020-12-18,475,718,474,717,1,1,0,0,475,718,0,0,475,718,California
Solano,2020-12-19,521,1239,521,1238,0,1,0,0,521,1239,0,0,521,1239,California
Solano,2020-12-20,350,1589,348,1586,2,3,0,0,350,1589,0,0,350,1589,California
Solano,2020-12-21,575,2164,573,2159,2,5,0,0,575,2164,0,0,575,2164,California
Solano,2020-12-22,661,2825,628,2787,33,38,0,0,661,2825,0,0,661,2825,California
Solano,2020-12-23,855,3680,764,3551,91,129,0,0,854,3678,1,1,854,3679,California
Solano,2020-12-24,417,4097,166,3717,251,380,0,0,417,4095,0,1,417,4096,California
Solano,2020-12-25,9,4106,1,3718,8,388,0,0,9,4104,0,1,9,4105,California
Solano,2020-12-26,172,4278,46,3764,126,514,0,0,172,4276,0,1,172,4277,California
Solano,2020-12-27,107,4385,29,3793,78,592,0,0,107,4383,0,1,107,4384,California
Solano,2020-12-28,870,5255,425,4218,445,1037,0,0,870,5253,0,1,870,5254,California
Solano,2020-12-29,909,6164,372,4590,537,1574,0,0,909,6162,0,1,909,6163,California
Solano,2020-12-30,1229,7393,595,5185,634,2208,0,0,1229,7391,0,1,1229,7392,California
Solano,2020-12-31,543,7936,139,5324,404,2612,0,0,543,7934,0,1,543,7935,California
Solano,2021-01-01,15,7951,14,5338,1,2613,0,0,15,7949,0,1,15,7950,California
Solano,2021-01-02,214,8165,165,5503,49,2662,0,0,214,8163,0,1,214,8164,California
Solano,2021-01-03,55,8220,39,5542,16,2678,0,0,49,8212,0,1,49,8213,California
Solano,2021-01-04,443,8663,237,5779,206,2884,0,0,434,8644,2,3,434,8647,California
Solano,2021-01-05,732,9395,378,6157,354,3238,0,0,573,9063,154,157,573,9220,California
Solano,2021-01-06,847,10242,435,6592,412,3650,0,0,577,9372,268,425,577,9797,California
Solano,2021-01-07,1061,11303,678,7270,383,4033,0,0,588,9490,471,896,589,10386,California
Solano,2021-01-08,1144,12447,777,8047,367,4400,0,0,547,9460,579,1475,549,10935,California
Solano,2021-01-09,889,13336,763,8810,126,4526,0,0,431,9436,455,1930,431,11366,California
Solano,2021-01-10,260,13596,193,9003,67,4593,0,0,159,9494,101,2031,159,11525,California
Solano,2021-01-11,1337,14933,1122,10125,215,4808,0,0,819,9795,518,2549,819,12344,California
Solano,2021-01-12,1566,16499,1166,11291,400,5208,0,0,1021,10273,544,3093,1022,13366,California
Solano,2021-01-13,1464,17963,1001,12292,463,5671,0,0,1208,11227,254,3347,1208,14574,California
Solano,2021-01-14,1898,19861,812,13104,1086,6757,0,0,1584,12499,313,3660,1585,16159,California
Solano,2021-01-15,1713,21574,1057,14161,656,7413,0,0,1417,13620,296,3956,1417,17576,California
Solano,2021-01-16,1298,22872,909,15070,389,7802,0,0,1125,14572,173,4129,1125,18701,California
Solano,2021-01-17,1054,23926,760,15830,294,8096,0,0,1034,15587,20,4149,1035,19736,California
Solano,2021-01-18,1428,25354,855,16685,573,8669,0,0,1311,16782,117,4266,1312,21048,California
Solano,2021-01-19,1656,27010,1340,18025,316,8985,0,0,1387,17901,268,4534,1387,22435,California
Solano,2021-01-20,2046,29056,1431,19456,615,9600,0,0,1560,18978,483,5017,1560,23995,California
Solano,2021-01-21,3229,32285,1022,20478,2207,11807,0,0,2877,21504,352,5369,2878,26873,California
Solano,2021-01-22,1785,34070,853,21331,932,12739,0,0,1588,22895,197,5566,1588,28461,California
Solano,2021-01-23,735,34805,240,21571,495,13234,0,0,533,23226,203,5769,534,28995,California
Solano,2021-01-24,404,35209,60,21631,344,13578,0,0,336,23494,68,5837,336,29331,California
Solano,2021-01-25,1678,36887,631,22262,1047,14625,0,0,1119,24057,558,6395,1121,30452,California
Solano,2021-01-26,1810,38697,749,23011,1061,15686,0,0,1169,24586,641,7036,1170,31622,California
Solano,2021-01-27,1809,40506,724,23735,1085,16771,0,0,1193,25167,612,7648,1193,32815,California
Solano,2021-01-28,1972,42478,712,24447,1260,18031,0,0,1380,25957,591,8239,1381,34196,California
Solano,2021-01-29,1721,44199,787,25234,934,18965,0,0,1356,26950,363,8602,1356,35552,California
Solano,2021-01-30,962,45161,459,25693,503,19468,0,0,617,27223,345,8947,618,36170,California
Solano,2021-01-31,250,45411,158,25851,92,19560,0,0,173,27319,77,9024,173,36343,California
Solano,2021-02-01,1556,46967,1033,26884,523,20083,0,0,776,27319,776,9800,776,37119,California
Solano,2021-02-02,3379,50346,1094,27978,2285,22368,0,0,2565,29074,810,10610,2565,39684,California
Solano,2021-02-03,2272,52618,1312,29290,960,23328,0,0,1171,29147,1098,11708,1171,40855,California
Solano,2021-02-04,1810,54428,906,30196,904,24232,0,0,1077,29496,728,12436,1077,41932,California
Solano,2021-02-05,3119,57547,1420,31616,1699,25931,0,0,2112,30608,1000,13436,2112,44044,California
Solano,2021-02-06,3086,60633,1176,32792,1910,27841,0,0,2262,32050,820,14256,2262,46306,California
Solano,2021-02-07,854,61487,785,33577,69,27910,0,0,236,31669,617,14873,236,46542,California
Solano,2021-02-08,1765,63252,1237,34814,528,28438,0,0,719,31344,1044,15917,719,47261,California
Solano,2021-02-09,1951,65203,1492,36306,459,28897,0,0,695,30784,1255,17172,695,47956,California
Solano,2021-02-10,2278,67481,1505,37811,773,29670,0,0,830,30166,1448,18620,830,48786,California
Solano,2021-02-11,2526,70007,1496,39307,1030,30700,0,0,1198,30047,1317,19937,1198,49984,California
Solano,2021-02-12,4269,74276,1633,40940,2636,33336,0,0,2915,31615,1347,21284,2915,52899,California
Solano,2021-02-13,2872,77148,244,41184,2628,35964,0,0,2456,33659,412,21696,2456,55355,California
Solano,2021-02-14,729,77877,205,41389,524,36488,0,0,409,33751,318,22014,410,55765,California
Solano,2021-02-15,1331,79208,329,41718,1002,37490,0,0,683,33787,647,22661,683,56448,California
Solano,2021-02-16,2567,81775,1390,43108,1177,38667,0,0,1668,34558,898,23559,1669,58117,California
Solano,2021-02-17,3233,85008,1449,44557,1784,40451,0,0,2191,35711,1039,24598,2192,60309,California
Solano,2021-02-18,2918,87926,840,45397,2078,42529,0,0,855,34510,2057,26655,856,61165,California
Solano,2021-02-19,2477,90403,1454,46851,1023,43552,0,0,1174,34388,1298,27953,1176,62341,California
Solano,2021-02-20,2747,93150,388,47239,2359,45911,0,0,2235,36110,513,28466,2235,64576,California
Solano,2021-02-21,2318,95468,1997,49236,321,46232,0,0,1999,37794,315,28781,1999,66575,California
Solano,2021-02-22,1806,97274,1063,50299,743,46975,0,0,943,37877,861,29642,944,67519,California
Solano,2021-02-23,2904,100178,1091,51390,1813,48788,0,0,1975,38927,925,30567,1975,69494,California
Solano,2021-02-24,2538,102716,1266,52656,1272,50060,0,0,1411,39214,1125,31692,1412,70906,California
Solano,2021-02-25,2570,105286,1566,54222,1004,51064,0,0,1422,39493,1143,32835,1422,72328,California
Solano,2021-02-26,3418,108704,2172,56394,1246,52310,0,0,1974,40028,1439,34274,1974,74302,California
Solano,2021-02-27,3991,112695,1536,57930,2454,54764,1,1,3226,42499,756,35030,3227,77529,California
Solano,2021-02-28,1935,114630,1561,59491,373,55137,1,2,1605,43779,326,35356,1606,79135,California
Solano,2021-03-01,2726,117356,1224,60715,1501,56638,1,3,2056,45173,663,36019,2057,81192,California
Solano,2021-03-02,2281,119637,1409,62124,872,57510,0,3,1295,45483,985,37004,1295,82487,California
Solano,2021-03-03,2250,121887,1263,63387,987,58497,0,3,1387,46017,854,37858,1388,83875,California
Solano,2021-03-04,4383,126270,3434,66821,947,59444,2,5,3152,47953,1221,39079,3157,87032,California
Solano,2021-03-05,4950,131220,1684,68505,3261,62705,5,10,3978,50974,962,40041,3983,91015,California
Solano,2021-03-06,3871,135091,831,69336,3001,65706,39,49,2660,52474,1199,41240,2699,93714,California
Solano,2021-03-07,3600,138691,763,70099,2827,68533,10,59,1968,52834,1619,42859,1979,95693,California
Solano,2021-03-08,2136,140827,1342,71441,525,69058,269,328,1615,54199,517,43376,1882,97575,California
Solano,2021-03-09,3229,144056,1569,73010,1606,70664,54,382,2331,55682,898,44274,2381,99956,California
Solano,2021-03-10,2426,146482,1762,74772,579,71243,85,467,1275,55895,1146,45420,1359,101315,California
Solano,2021-03-11,6036,152518,1755,76527,4027,75270,254,721,4986,60090,1046,46466,5241,106556,California
Solano,2021-03-12,6046,158564,1569,78096,4299,79569,178,899,3169,60563,2873,49339,3346,109902,California
Solano,2021-03-13,4598,163162,810,78906,3708,83277,80,979,2241,60536,2350,51689,2323,112225,California
Solano,2021-03-14,4017,167179,3138,82044,418,83695,461,1440,1543,60068,2469,54158,2001,114226,California
Solano,2021-03-15,4034,171213,2463,84507,1242,84937,329,1769,2513,61394,1514,55672,2840,117066,California
Solano,2021-03-16,3063,174276,1312,85819,1516,86453,235,2004,1547,61663,1512,57184,1781,118847,California
Solano,2021-03-17,6473,180749,1660,87479,4722,91175,91,2095,4938,65160,1532,58716,5029,123876,California
Solano,2021-03-18,5229,185978,1845,89324,3344,94519,40,2135,3755,67490,1466,60182,3796,127672,California
Solano,2021-03-19,3583,189561,2646,91970,860,95379,77,2212,1709,67411,1866,62048,1787,129459,California
Solano,2021-03-20,5608,195169,1684,93654,3872,99251,52,2264,2651,67167,2947,64995,2703,132162,California
Solano,2021-03-21,1677,196846,1573,95227,79,99330,25,2289,370,66257,1303,66298,393,132555,California
Solano,2021-03-22,2664,199510,2036,97263,578,99908,50,2339,1539,66723,1119,67417,1585,134140,California
Solano,2021-03-23,3578,203088,1689,98952,1846,101754,43,2382,1405,66001,2169,69586,1447,135587,California
Solano,2021-03-24,2827,205915,1765,100717,1027,102781,35,2417,1359,65931,1462,71048,1392,136979,California
Solano,2021-03-25,4882,210797,4007,104724,840,103621,35,2452,2275,65638,2602,73650,2309,139288,California
Solano,2021-03-26,3243,214040,2110,106834,1095,104716,38,2490,1743,65930,1490,75140,1782,141070,California
Solano,2021-03-27,4221,218261,1156,107990,3027,107743,38,2528,1662,65075,2553,77693,1698,142768,California
Solano,2021-03-28,1423,219684,1117,109107,289,108032,17,2545,541,64755,878,78571,558,143326,California
Solano,2021-03-29,3530,223214,2048,111155,1465,109497,17,2562,1560,64374,1958,80529,1577,144903,California
Solano,2021-03-30,3046,226260,2012,113167,936,110433,98,2660,1899,65225,1145,81674,1996,146899,California
Solano,2021-03-31,3144,229404,2143,115310,844,111277,157,2817,1839,65915,1302,82976,1992,148891,California
Solano,2021-04-01,5558,234962,2110,117420,3296,114573,152,2969,3512,67546,2033,85009,3664,152555,California
Solano,2021-04-02,6631,241593,2221,119641,4243,118816,167,3136,2544,66185,4071,89080,2710,155265,California
Solano,2021-04-03,1527,243120,967,120608,407,119223,153,3289,569,65950,956,90036,721,155986,California
Solano,2021-04-04,777,243897,287,120895,188,119411,302,3591,237,65953,536,90572,539,156525,California
Solano,2021-04-05,2980,246877,2043,122938,730,120141,207,3798,1512,66204,1466,92038,1717,158242,California
Solano,2021-04-06,6095,252972,1639,124577,3969,124110,487,4285,1653,63908,4434,96472,2138,160380,California
Solano,2021-04-07,5986,258958,4630,129207,953,125063,403,4688,3415,65174,2551,99023,3817,164197,California
Solano,2021-04-08,6477,265435,1791,130998,3814,128877,872,5560,1805,63201,4642,103665,2669,166866,California
Solano,2021-04-09,6308,271743,1665,132663,3783,132660,860,6420,1516,60804,4768,108433,2371,169237,California
Solano,2021-04-10,1755,273498,967,133630,455,133115,333,6753,809,61002,945,109378,1143,170380,California
Solano,2021-04-11,1206,274704,767,134397,327,133442,112,6865,644,61199,559,109937,756,171136,California
Solano,2021-04-12,3283,277987,1692,136089,1226,134668,365,7230,1357,60997,1921,111858,1719,172855,California
Solano,2021-04-13,2532,280519,1100,137189,1431,136099,1,7231,1322,61114,1207,113065,1324,174179,California
Solano,2021-04-14,6507,287026,1959,139148,4548,140647,0,7231,1841,58300,4658,117723,1844,176023,California
Solano,2021-04-15,5719,292745,2155,141303,3563,144210,1,7232,1739,56074,3966,121689,1740,177763,California
Solano,2021-04-16,3687,296432,2597,143900,1088,145298,2,7234,2287,56972,1393,123082,2291,180054,California
Solano,2021-04-17,3262,299694,1057,144957,2205,147503,0,7234,1110,55939,2144,125226,1111,181165,California
Solano,2021-04-18,1002,300696,614,145571,388,147891,0,7234,526,55990,475,125701,526,181691,California
Solano,2021-04-19,2139,302835,1155,146726,984,148875,0,7234,1170,56199,963,126664,1172,182863,California
Solano,2021-04-20,3003,305838,1828,148554,1175,150050,0,7234,1663,56528,1334,127998,1663,184526,California
Solano,2021-04-21,3821,309659,2333,150887,1488,151538,0,7234,2013,56741,1800,129798,2013,186539,California
Solano,2021-04-22,2991,312650,1478,152365,1513,153051,0,7234,1789,57330,1200,130998,1789,188328,California
Solano,2021-04-23,4150,316800,2096,154461,2054,155105,0,7234,2507,58200,1638,132636,2508,190836,California
Solano,2021-04-24,3886,320686,2340,156801,1544,156649,2,7236,2580,59562,1220,133856,2582,193418,California
Solano,2021-04-25,1429,322115,1113,157914,316,156965,0,7236,1131,60402,291,134147,1131,194549,California
Solano,2021-04-26,2589,324704,1668,159582,917,157882,4,7240,1429,60688,1147,135294,1433,195982,California
Solano,2021-04-27,2587,327291,1291,160873,1266,159148,30,7270,1465,61072,1112,136406,1496,197478,California
Solano,2021-04-28,6038,333329,4995,165868,997,160145,46,7316,3772,62635,2255,138661,3818,201296,California
Solano,2021-04-29,4533,337862,1442,167310,3059,163204,32,7348,2047,62236,2478,141139,2079,203375,California
Solano,2021-04-30,4116,341978,2183,169493,1792,164996,141,7489,1901,62079,2199,143338,2042,205417,California
Solano,2021-05-01,2178,344156,1676,171169,301,165297,201,7690,1293,62693,880,144218,1494,206911,California
Solano,2021-05-02,1204,345360,947,172116,231,165528,26,7716,668,62856,531,144749,694,207605,California
Solano,2021-05-03,1454,346814,1009,173125,358,165886,87,7803,594,62680,858,145607,682,208287,California
Solano,2021-05-04,1794,348608,1040,174165,687,166573,67,7870,808,62570,985,146592,875,209162,California
Solano,2021-05-05,2275,350883,1418,175583,743,167316,114,7984,1092,62595,1179,147771,1204,210366,California
Solano,2021-05-06,2004,352887,1192,176775,601,167917,211,8195,730,62272,1263,149034,940,211306,California
Solano,2021-05-07,2810,355697,1957,178732,733,168650,120,8315,964,61516,1838,150872,1082,212388,California
Solano,2021-05-08,1441,357138,899,179631,426,169076,116,8431,548,61290,890,151762,664,213052,California
Solano,2021-05-09,442,357580,265,179896,166,169242,11,8442,177,61217,262,152024,189,213241,California
Solano,2021-05-10,1330,358910,608,180504,616,169858,106,8548,389,60775,936,152960,494,213735,California
Solano,2021-05-11,2268,361178,1141,181645,1038,170896,89,8637,641,59883,1622,154582,730,214465,California
Solano,2021-05-12,2126,363304,1206,182851,744,171640,176,8813,700,59344,1412,155994,873,215338,California
Solano,2021-05-13,3027,366331,2069,184920,746,172386,212,9025,1597,59726,1427,157421,1809,217147,California
Solano,2021-05-14,2415,368746,1630,186550,664,173050,121,9146,1005,59451,1401,158822,1126,218273,California
Solano,2021-05-15,3131,371877,2478,189028,568,173618,85,9231,1198,58812,1921,160743,1282,219555,California
Solano,2021-05-16,1491,373368,1092,190120,367,173985,32,9263,248,57851,1240,161983,279,219834,California
Solano,2021-05-17,2446,375814,1399,191519,961,174946,86,9349,867,57241,1559,163542,949,220783,California
Solano,2021-05-18,2907,378721,1617,193136,1201,176147,89,9438,1454,57343,1441,164983,1543,222326,California
Solano,2021-05-19,5095,383816,3557,196693,1432,177579,106,9544,1961,56287,3124,168107,2068,224394,California
Solano,2021-05-20,2596,386412,1562,198255,975,178554,59,9603,949,55657,1638,169745,1008,225402,California
Solano,2021-05-21,3539,389951,1863,200118,1609,180163,67,9670,1393,54982,2135,171880,1460,226862,California
Solano,2021-05-22,2376,392327,1774,201892,535,180698,67,9737,983,54648,1384,173264,1050,227912,California
Solano,2021-05-23,1362,393689,1120,203012,219,180917,23,9760,728,54768,631,173895,751,228663,California
Solano,2021-05-24,1836,395525,1039,204051,725,181642,72,9832,615,54239,1215,175110,686,229349,California
Solano,2021-05-25,1622,397147,816,204867,746,182388,60,9892,586,53856,1028,176138,645,229994,California
Solano,2021-05-26,1879,399026,1082,205949,743,183131,54,9946,707,53450,1167,177305,761,230755,California
Solano,2021-05-27,2135,401161,944,206893,1116,184247,75,10021,890,53178,1236,178541,964,231719,California
Solano,2021-05-28,2023,403184,1035,207928,937,185184,51,10072,769,52753,1246,179787,821,232540,California
Solano,2021-05-29,649,403833,321,208249,298,185482,30,10102,321,52777,326,180113,350,232890,California
Solano,2021-05-30,323,404156,155,208404,143,185625,25,10127,119,52720,201,180314,144,233034,California
Solano,2021-05-31,127,404283,18,208422,100,185725,9,10136,24,52650,103,180417,33,233067,California
Solano,2021-06-01,1829,406112,1172,209594,579,186304,78,10214,761,52425,1063,181480,838,233905,California
Solano,2021-06-02,1710,407822,1174,210768,471,186775,65,10279,845,52473,859,182339,907,234812,California
Solano,2021-06-03,2003,409825,1550,212318,372,187147,81,10360,595,51747,1403,183742,677,235489,California
Solano,2021-06-04,1651,411476,1148,213466,439,187586,64,10424,556,51276,1091,184833,620,236109,California
Solano,2021-06-05,1392,412868,999,214465,342,187928,51,10475,472,50885,914,185747,523,236632,California
Solano,2021-06-06,528,413396,422,214887,85,188013,21,10496,264,50907,263,186010,285,236917,California
Solano,2021-06-07,1240,414636,943,215830,234,188247,63,10559,419,50572,817,186827,482,237399,California
Solano,2021-06-08,1718,416354,1208,217038,476,188723,34,10593,461,49815,1252,188079,495,237894,California
Solano,2021-06-09,1168,417522,938,217976,182,188905,48,10641,333,49363,833,188912,381,238275,California
Solano,2021-06-10,888,418410,606,218582,223,189128,59,10700,297,49134,586,189498,357,238632,California
Solano,2021-06-11,707,419117,523,219105,146,189274,38,10738,251,48967,456,189954,289,238921,California
Sonoma,2020-12-15,4,4,4,4,0,0,0,0,4,4,0,0,4,4,California
Sonoma,2020-12-16,28,32,28,32,0,0,0,0,28,32,0,0,28,32,California
Sonoma,2020-12-17,109,141,109,141,0,0,0,0,109,141,0,0,109,141,California
Sonoma,2020-12-18,438,579,438,579,0,0,0,0,438,579,0,0,438,579,California
Sonoma,2020-12-19,111,690,110,689,1,1,0,0,111,690,0,0,111,690,California
Sonoma,2020-12-20,176,866,176,865,0,1,0,0,176,866,0,0,176,866,California
Sonoma,2020-12-21,911,1777,909,1774,2,3,0,0,910,1776,0,0,910,1776,California
Sonoma,2020-12-22,1356,3133,1266,3040,90,93,0,0,1356,3132,0,0,1356,3132,California
Sonoma,2020-12-23,1606,4739,1233,4273,373,466,0,0,1607,4739,0,0,1607,4739,California
Sonoma,2020-12-24,311,5050,102,4375,209,675,0,0,311,5050,0,0,311,5050,California
Sonoma,2020-12-25,9,5059,2,4377,7,682,0,0,9,5059,0,0,9,5059,California
Sonoma,2020-12-26,268,5327,257,4634,11,693,0,0,268,5327,0,0,268,5327,California
Sonoma,2020-12-27,96,5423,81,4715,15,708,0,0,96,5423,0,0,96,5423,California
Sonoma,2020-12-28,982,6405,548,5263,434,1142,0,0,955,6378,0,0,955,6378,California
Sonoma,2020-12-29,1132,7537,780,6043,352,1494,0,0,1098,7476,0,0,1098,7476,California
Sonoma,2020-12-30,1094,8631,479,6522,615,2109,0,0,1086,8562,0,0,1086,8562,California
Sonoma,2020-12-31,520,9151,70,6592,450,2559,0,0,521,9083,0,0,521,9083,California
Sonoma,2021-01-01,45,9196,23,6615,22,2581,0,0,45,9128,0,0,45,9128,California
Sonoma,2021-01-02,133,9329,127,6742,6,2587,0,0,133,9261,0,0,133,9261,California
Sonoma,2021-01-03,25,9354,10,6752,15,2602,0,0,25,9286,0,0,25,9286,California
Sonoma,2021-01-04,340,9694,105,6857,235,2837,0,0,339,9625,0,0,339,9625,California
Sonoma,2021-01-05,430,10124,99,6956,331,3168,0,0,404,10013,16,16,404,10029,California
Sonoma,2021-01-06,947,11071,432,7388,515,3683,0,0,834,10740,107,123,834,10863,California
Sonoma,2021-01-07,1031,12102,537,7925,494,4177,0,0,856,11422,174,297,856,11719,California
Sonoma,2021-01-08,1803,13905,1241,9166,562,4739,0,0,1317,12255,484,781,1317,13036,California
Sonoma,2021-01-09,642,14547,402,9568,240,4979,0,0,595,12803,47,828,595,13631,California
Sonoma,2021-01-10,475,15022,464,10032,11,4990,0,0,278,12884,197,1025,278,13909,California
Sonoma,2021-01-11,1388,16410,1241,11273,147,5137,0,0,415,12331,968,1993,415,14324,California
Sonoma,2021-01-12,1547,17957,1293,12566,254,5391,0,0,396,11578,1149,3142,396,14720,California
Sonoma,2021-01-13,2048,20005,1372,13938,676,6067,0,0,1179,11892,866,4008,1180,15900,California
Sonoma,2021-01-14,1541,21546,807,14745,734,6801,0,0,1312,12976,229,4237,1313,17213,California
Sonoma,2021-01-15,1562,23108,627,15372,935,7736,0,0,1340,14104,213,4450,1341,18554,California
Sonoma,2021-01-16,1148,24256,615,15987,533,8269,0,0,902,14764,242,4692,902,19456,California
Sonoma,2021-01-17,672,24928,551,16538,121,8390,0,0,592,15276,80,4772,592,20048,California
Sonoma,2021-01-18,1104,26032,934,17472,170,8560,0,0,615,15403,489,5261,616,20664,California
Sonoma,2021-01-19,2100,28132,1000,18472,1100,9660,0,0,1388,16082,710,5971,1389,22053,California
Sonoma,2021-01-20,2110,30242,633,19105,1477,11137,0,0,1438,16859,662,6633,1439,23492,California
Sonoma,2021-01-21,2298,32540,648,19753,1650,12787,0,0,2074,18713,222,6855,2076,25568,California
Sonoma,2021-01-22,2757,35297,1052,20805,1705,14492,0,0,2609,21175,147,7002,2609,28177,California
Sonoma,2021-01-23,765,36062,592,21397,173,14665,0,0,656,21723,108,7110,656,28833,California
Sonoma,2021-01-24,849,36911,718,22115,131,14796,0,0,831,22536,18,7128,831,29664,California
Sonoma,2021-01-25,2182,39093,518,22633,1664,16460,0,0,1692,23738,490,7618,1692,31356,California
Sonoma,2021-01-26,2057,41150,303,22936,1754,18214,0,0,1597,24876,459,8077,1597,32953,California
Sonoma,2021-01-27,3761,44911,1288,24224,2473,20687,0,0,3180,27479,579,8656,3182,36135,California
Sonoma,2021-01-28,4147,49058,1850,26074,2297,22984,0,0,3467,30271,677,9333,3469,39604,California
Sonoma,2021-01-29,3024,52082,1424,27498,1600,24584,0,0,2176,31602,846,10179,2177,41781,California
Sonoma,2021-01-30,2596,54678,2405,29903,191,24775,0,0,2250,33508,345,10524,2251,44032,California
Sonoma,2021-01-31,809,55487,694,30597,115,24890,0,0,577,33854,231,10755,577,44609,California
Sonoma,2021-02-01,2488,57975,854,31451,1634,26524,0,0,2108,35585,377,11132,2108,46717,California
Sonoma,2021-02-02,3605,61580,1401,32852,2204,28728,0,0,3025,38033,577,11709,3025,49742,California
Sonoma,2021-02-03,4056,65636,1330,34182,2726,31454,0,0,3118,40217,934,12643,3118,52860,California
Sonoma,2021-02-04,4222,69858,1727,35909,2495,33949,0,0,3426,42850,794,13437,3427,56287,California
Sonoma,2021-02-05,4834,74692,1751,37660,3083,37032,0,0,3805,45631,1025,14462,3806,60093,California
Sonoma,2021-02-06,2666,77358,2301,39961,365,37397,0,0,2132,47230,533,14995,2132,62225,California
Sonoma,2021-02-07,1553,78911,1414,41375,139,37536,0,0,1297,48271,256,15251,1297,63522,California
Sonoma,2021-02-08,3278,82189,1041,42416,2237,39773,0,0,2685,50364,592,15843,2685,66207,California
Sonoma,2021-02-09,3585,85774,1704,44120,1881,41654,0,0,3106,52994,477,16320,3107,69314,California
Sonoma,2021-02-10,4562,90336,2491,46611,2071,43725,0,0,3556,55551,1000,17320,3557,72871,California
Sonoma,2021-02-11,5600,95936,3033,49644,2567,46292,0,0,4410,58774,1187,18507,4410,77281,California
Sonoma,2021-02-12,5947,101883,3270,52914,2677,48969,0,0,4502,61839,1441,19948,4506,81787,California
Sonoma,2021-02-13,1996,103879,1155,54069,841,49810,0,0,1201,62248,792,20740,1201,82988,California
Sonoma,2021-02-14,2334,106213,1838,55907,496,50306,0,0,1590,63098,740,21480,1590,84578,California
Sonoma,2021-02-15,2151,108364,800,56707,1351,51657,0,0,1610,64167,541,22021,1610,86188,California
Sonoma,2021-02-16,4921,113285,2058,58765,2863,54520,0,0,3648,66548,1268,23289,3649,89837,California
Sonoma,2021-02-17,5636,118921,2925,61690,2711,57231,0,0,3590,68104,2037,25326,3593,93430,California
Sonoma,2021-02-18,6977,125898,3147,64837,3830,61061,0,0,4022,69184,2943,28269,4023,97453,California
Sonoma,2021-02-19,5587,131485,1683,66520,3904,64965,0,0,3457,70518,2125,30394,3459,100912,California
Sonoma,2021-02-20,3128,134613,2838,69358,290,65255,0,0,1213,69822,1909,32303,1213,102125,California
Sonoma,2021-02-21,534,135147,423,69781,111,65366,0,0,137,69568,391,32694,137,102262,California
Sonoma,2021-02-22,2962,138109,1407,71188,1555,66921,0,0,1232,69075,1725,34419,1232,103494,California
Sonoma,2021-02-23,3455,141564,2121,73309,1334,68255,0,0,1613,68851,1837,36256,1613,105107,California
Sonoma,2021-02-24,5732,147296,2584,75893,3148,71403,0,0,2939,69006,2786,39042,2941,108048,California
Sonoma,2021-02-25,6022,153318,2353,78246,3669,75072,0,0,3239,69485,2760,41802,3239,111287,California
Sonoma,2021-02-26,6653,159971,2942,81188,3711,78783,0,0,4227,71293,2419,44221,4227,115514,California
Sonoma,2021-02-27,4221,164192,1970,83158,2251,81034,0,0,2836,72746,1383,45604,2836,118350,California
Sonoma,2021-02-28,2511,166703,1857,85015,653,81687,1,1,765,71775,1737,47341,766,119116,California
Sonoma,2021-03-01,4127,170830,1310,86325,2816,84503,1,2,2167,71995,1949,49290,2169,121285,California
Sonoma,2021-03-02,4429,175259,1521,87846,2907,87410,1,3,2563,72700,1859,51149,2564,123849,California
Sonoma,2021-03-03,5071,180330,2643,90489,2428,89838,0,3,2331,72299,2732,53881,2331,126180,California
Sonoma,2021-03-04,5995,186325,2697,93186,3298,93136,0,3,2606,71530,3375,57256,2606,128786,California
Sonoma,2021-03-05,6504,192829,2875,96061,3614,96750,15,18,2738,70532,3752,61008,2754,131540,California
Sonoma,2021-03-06,2802,195631,1229,97290,1437,98187,136,154,1924,71720,871,61879,2059,133599,California
Sonoma,2021-03-07,1756,197387,1423,98713,297,98484,36,190,398,70798,1356,63235,434,134033,California
Sonoma,2021-03-08,4087,201474,659,99372,3253,101737,175,365,2406,71707,1670,64905,2579,136612,California
Sonoma,2021-03-09,5630,207104,3102,102474,2259,103996,269,634,2775,71892,2846,67751,3031,139643,California
Sonoma,2021-03-10,6045,213149,3206,105680,2489,106485,350,984,2438,71085,3593,71344,2786,142429,California
Sonoma,2021-03-11,7565,220714,3032,108712,3710,110195,823,1807,2567,69488,4985,76329,3388,145817,California
Sonoma,2021-03-12,7429,228143,2260,110972,3796,113991,1373,3180,2098,67643,5311,81640,3466,149283,California
Sonoma,2021-03-13,3435,231578,1694,112666,1499,115490,242,3422,2010,68467,1424,83064,2248,151531,California
Sonoma,2021-03-14,1382,232960,378,113044,862,116352,142,3564,844,68917,535,83599,985,152516,California
Sonoma,2021-03-15,5257,238217,1520,114564,3350,119702,387,3951,2171,68398,3075,86674,2556,155072,California
Sonoma,2021-03-16,6314,244531,2258,116822,3824,123526,232,4183,2903,68128,3403,90077,3133,158205,California
Sonoma,2021-03-17,6814,251345,3569,120391,3062,126588,183,4366,3290,68089,3510,93587,3471,161676,California
Sonoma,2021-03-18,7157,258502,2948,123339,3593,130181,616,4982,3124,67802,4023,97610,3736,165412,California
Sonoma,2021-03-19,7533,266035,3271,126610,4034,134215,228,5210,3058,66637,4455,102065,3290,168702,California
Sonoma,2021-03-20,3719,269754,1753,128363,1137,135352,829,6039,2016,67781,1696,103761,2840,171542,California
Sonoma,2021-03-21,1386,271140,598,128961,753,136105,35,6074,1202,68839,179,103940,1237,172779,California
Sonoma,2021-03-22,4582,275722,3122,132083,1360,137465,100,6174,3341,71045,1235,105175,3441,176220,California
Sonoma,2021-03-23,5881,281603,3645,135728,2165,139630,71,6245,4443,74131,1428,106603,4514,180734,California
Sonoma,2021-03-24,6851,288454,4304,140032,2473,142103,74,6319,4185,75743,2645,109248,4257,184991,California
Sonoma,2021-03-25,7150,295604,4212,144244,2826,144929,112,6431,4295,77323,2828,112076,4408,189399,California
Sonoma,2021-03-26,7464,303068,3472,147716,3899,148828,93,6524,3819,77611,3623,115699,3911,193310,California
Sonoma,2021-03-27,3901,306969,1508,149224,2024,150852,369,6893,1044,76175,2847,118546,1411,194721,California
Sonoma,2021-03-28,1515,308484,947,150171,540,151392,28,6921,798,76287,713,119259,825,195546,California
Sonoma,2021-03-29,2975,311459,1107,151278,1835,153227,33,6954,1534,76421,1433,120692,1567,197113,California
Sonoma,2021-03-30,5889,317348,3235,154513,2592,155819,62,7016,3055,76713,2825,123517,3117,200230,California
Sonoma,2021-03-31,5624,322972,3405,157918,2002,157821,217,7233,3249,77818,2361,125878,3466,203696,California
Sonoma,2021-04-01,6961,329933,4076,161994,2539,160360,346,7579,3775,78770,3159,129037,4111,207807,California
Sonoma,2021-04-02,5960,335893,3569,165563,2282,162642,109,7688,3586,80100,2364,131401,3694,211501,California
Sonoma,2021-04-03,3651,339544,1823,167386,1603,164245,225,7913,1604,79893,2034,133435,1827,213328,California
Sonoma,2021-04-04,1068,340612,693,168079,284,164529,91,8004,653,80227,410,133845,744,214072,California
Sonoma,2021-04-05,4448,345060,647,168726,3455,167984,346,8350,1671,79473,2770,136615,2016,216088,California
Sonoma,2021-04-06,6940,352000,3514,172240,3019,171003,407,8757,4039,81030,2887,139502,4444,220532,California
Sonoma,2021-04-07,6871,358871,3882,176122,2150,173153,839,9596,3346,81696,3512,143014,4178,224710,California
Sonoma,2021-04-08,7671,366542,4146,180268,2749,175902,776,10372,4208,83221,3454,146468,4979,229689,California
Sonoma,2021-04-09,6864,373406,3831,184099,2142,178044,891,11263,3539,84333,3311,149779,4423,234112,California
Sonoma,2021-04-10,3925,377331,1704,185803,1661,179705,560,11823,1152,83276,2762,152541,1705,235817,California
Sonoma,2021-04-11,1284,378615,605,186408,598,180303,81,11904,439,82952,844,153385,520,236337,California
Sonoma,2021-04-12,4973,383588,2068,188476,2419,182722,486,12390,1852,82174,3109,156494,2331,238668,California
Sonoma,2021-04-13,7925,391513,4666,193142,3256,185978,3,12393,3033,80334,4881,161375,3041,241709,California
Sonoma,2021-04-14,6629,398142,3773,196915,2835,188813,21,12414,2554,78845,4062,165437,2573,244282,California
Sonoma,2021-04-15,7281,405423,4122,201037,3159,191972,0,12414,3604,78787,3665,169102,3607,247889,California
Sonoma,2021-04-16,6817,412240,3415,204452,3400,195372,2,12416,3861,79704,2946,172048,3863,251752,California
Sonoma,2021-04-17,3206,415446,1565,206017,1641,197013,0,12416,1551,79616,1640,173688,1552,253304,California
Sonoma,2021-04-18,1287,416733,895,206912,392,197405,0,12416,453,79236,833,174521,453,253757,California
Sonoma,2021-04-19,3319,420052,1883,208795,1435,198840,1,12417,1447,78816,1868,176389,1448,255205,California
Sonoma,2021-04-20,6283,426335,3471,212266,2811,201651,1,12418,2333,77213,3938,180327,2335,257540,California
Sonoma,2021-04-21,6628,432963,4235,216501,2391,204042,2,12420,3047,76701,3560,183887,3048,260588,California
Sonoma,2021-04-22,6256,439219,4484,220985,1772,205814,0,12420,2524,75510,3715,187602,2524,263112,California
Sonoma,2021-04-23,7439,446658,4633,225618,2800,208614,6,12426,3637,75366,3788,191390,3644,266756,California
Sonoma,2021-04-24,2774,449432,1504,227122,1255,209869,15,12441,1543,75698,1226,192616,1558,268314,California
Sonoma,2021-04-25,1086,450518,790,227912,296,210165,0,12441,429,75473,654,193270,429,268743,California
Sonoma,2021-04-26,2932,453450,1407,229319,1497,211662,28,12469,1615,75807,1309,194579,1643,270386,California
Sonoma,2021-04-27,5488,458938,3727,233046,1638,213300,123,12592,2251,74955,3226,197805,2374,272760,California
Sonoma,2021-04-28,4902,463840,3230,236276,1475,214775,197,12789,2093,74447,2793,200598,2285,275045,California
Sonoma,2021-04-29,5095,468935,3586,239862,1364,216139,145,12934,1920,73349,3163,203761,2065,277110,California
Sonoma,2021-04-30,5467,474402,3632,243494,1540,217679,295,13229,1813,71819,3638,207399,2108,279218,California
Sonoma,2021-05-01,2483,476885,1785,245279,593,218272,105,13334,1235,71915,1240,208639,1336,280554,California
Sonoma,2021-05-02,870,477755,650,245929,169,218441,51,13385,554,72205,316,208955,606,281160,California
Sonoma,2021-05-03,3189,480944,1686,247615,1358,219799,145,13530,1053,71275,2126,211081,1196,282356,California
Sonoma,2021-05-04,4590,485534,2404,250019,2008,221807,178,13708,1457,69796,3109,214190,1630,283986,California
Sonoma,2021-05-05,3674,489208,2176,252195,1303,223110,195,13903,1310,68947,2352,216542,1503,285489,California
Sonoma,2021-05-06,4561,493769,2407,254602,2028,225138,126,14029,1314,67200,3184,219726,1437,286926,California
Sonoma,2021-05-07,3609,497378,2319,256921,1165,226303,125,14154,1089,65903,2510,222236,1213,288139,California
Sonoma,2021-05-08,1859,499237,1259,258180,508,226811,92,14246,743,65633,1105,223341,835,288974,California
Sonoma,2021-05-09,502,499739,286,258466,175,226986,41,14287,169,65513,330,223671,210,289184,California
Sonoma,2021-05-10,2320,502059,1045,259511,1141,228127,134,14421,291,63920,2015,225686,422,289606,California
Sonoma,2021-05-11,3553,505612,1907,261418,1522,229649,124,14545,930,62368,2606,228292,1054,290660,California
Sonoma,2021-05-12,4005,509617,2478,263896,1376,231025,151,14696,852,60229,3141,231433,1002,291662,California
Sonoma,2021-05-13,4934,514551,2840,266736,1964,232989,130,14826,1664,58763,3258,234691,1792,293454,California
Sonoma,2021-05-14,5795,520346,3597,270333,2061,235050,137,14963,2207,57535,3573,238264,2345,295799,California
Sonoma,2021-05-15,2917,523263,2145,272478,711,235761,61,15024,1843,58372,1066,239330,1903,297702,California
Sonoma,2021-05-16,1310,524573,1093,273571,158,235919,59,15083,976,59077,330,239660,1035,298737,California
Sonoma,2021-05-17,2439,527012,1814,275385,530,236449,95,15178,896,58528,1538,241198,989,299726,California
Sonoma,2021-05-18,4330,531342,2855,278240,1366,237815,109,15287,1475,57274,2837,244035,1583,301309,California
Sonoma,2021-05-19,3745,535087,2409,280649,1221,239036,115,15402,1492,56641,2240,246275,1607,302916,California
Sonoma,2021-05-20,3376,538463,2243,282892,1039,240075,94,15496,1344,56055,2019,248294,1433,304349,California
Sonoma,2021-05-21,4210,542673,2397,285289,1684,241759,129,15625,1508,54996,2681,250975,1622,305971,California
Sonoma,2021-05-22,2334,545007,1278,286567,1016,242775,40,15665,666,54046,1656,252631,706,306677,California
Sonoma,2021-05-23,1466,546473,1198,287765,252,243027,16,15681,758,54118,702,253333,774,307451,California
Sonoma,2021-05-24,1966,548439,1249,289014,586,243613,131,15812,647,53606,1290,254623,778,308229,California
Sonoma,2021-05-25,2922,551361,1799,290813,1035,244648,88,15900,740,52264,2169,256792,827,309056,California
Sonoma,2021-05-26,2465,553826,1728,292541,631,245279,106,16006,992,51897,1462,258254,1095,310151,California
Sonoma,2021-05-27,2083,555909,1139,293680,848,246127,96,16102,702,51321,1373,259627,797,310948,California
Sonoma,2021-05-28,2145,558054,1127,294807,925,247052,93,16195,620,50521,1513,261140,713,311661,California
Sonoma,2021-05-29,1335,559389,914,295721,353,247405,68,16263,646,50556,679,261819,714,312375,California
Sonoma,2021-05-30,339,559728,210,295931,119,247524,10,16273,135,50501,200,262019,145,312520,California
Sonoma,2021-05-31,70,559798,26,295957,43,247567,1,16274,17,50466,53,262072,18,312538,California
Sonoma,2021-06-01,1936,561734,1114,297071,745,248312,77,16351,707,50030,1216,263288,780,313318,California
Sonoma,2021-06-02,1575,563309,965,298036,496,248808,114,16465,667,49907,903,264191,780,314098,California
Sonoma,2021-06-03,1995,565304,1389,299425,527,249335,79,16544,444,48886,1543,265734,522,314620,California
Sonoma,2021-06-04,2691,567995,2201,301626,383,249718,107,16651,520,47350,2162,267896,626,315246,California
Sonoma,2021-06-05,1795,569790,1483,303109,281,249999,31,16682,291,46172,1500,269396,322,315568,California
Sonoma,2021-06-06,1009,570799,933,304042,68,250067,8,16690,157,45488,849,270245,165,315733,California
Sonoma,2021-06-07,1470,572269,1241,305283,175,250242,54,16744,333,44743,1129,271374,384,316117,California
Sonoma,2021-06-08,1864,574133,1503,306786,321,250563,40,16784,515,43960,1337,272711,554,316671,California
Sonoma,2021-06-09,1111,575244,884,307670,176,250739,51,16835,270,43452,829,273540,321,316992,California
Sonoma,2021-06-10,1522,576766,1254,308924,186,250925,82,16917,483,42986,1030,274570,564,317556,California
Sonoma,2021-06-11,1345,578111,1168,310092,114,251039,63,16980,331,42369,1011,275581,394,317950,California
Stanislaus,2020-12-15,4,4,4,4,0,0,0,0,4,4,0,0,4,4,California
Stanislaus,2020-12-16,36,40,36,40,0,0,0,0,36,40,0,0,36,40,California
Stanislaus,2020-12-17,74,114,74,114,0,0,0,0,74,114,0,0,74,114,California
Stanislaus,2020-12-18,342,456,336,450,6,6,0,0,342,456,0,0,342,456,California
Stanislaus,2020-12-19,132,588,132,582,0,6,0,0,132,588,0,0,132,588,California
Stanislaus,2020-12-20,86,674,86,668,0,6,0,0,86,674,0,0,86,674,California
Stanislaus,2020-12-21,996,1670,995,1663,1,7,0,0,995,1669,1,1,996,1670,California
Stanislaus,2020-12-22,793,2463,781,2444,12,19,0,0,793,2462,0,1,793,2463,California
Stanislaus,2020-12-23,447,2910,429,2873,18,37,0,0,446,2908,1,2,447,2910,California
Stanislaus,2020-12-24,96,3006,88,2961,8,45,0,0,96,3004,0,2,96,3006,California
Stanislaus,2020-12-26,52,3058,9,2970,43,88,0,0,52,3056,0,2,52,3058,California
Stanislaus,2020-12-27,11,3069,6,2976,5,93,0,0,11,3067,0,2,11,3069,California
Stanislaus,2020-12-28,487,3556,394,3370,93,186,0,0,487,3554,0,2,487,3556,California
Stanislaus,2020-12-29,495,4051,415,3785,80,266,0,0,495,4049,0,2,495,4051,California
Stanislaus,2020-12-30,535,4586,281,4066,254,520,0,0,534,4582,1,3,534,4585,California
Stanislaus,2020-12-31,278,4864,157,4223,121,641,0,0,278,4860,0,3,278,4863,California
Stanislaus,2021-01-01,15,4879,6,4229,9,650,0,0,15,4875,0,3,15,4878,California
Stanislaus,2021-01-02,33,4912,26,4255,7,657,0,0,33,4908,0,3,33,4911,California
Stanislaus,2021-01-03,90,5002,87,4342,3,660,0,0,90,4998,0,3,90,5001,California
Stanislaus,2021-01-04,231,5233,153,4495,78,738,0,0,231,5229,0,3,231,5232,California
Stanislaus,2021-01-05,840,6073,347,4842,493,1231,0,0,815,6028,24,27,823,6055,California
Stanislaus,2021-01-06,1000,7073,599,5441,401,1632,0,0,926,6887,71,98,930,6985,California
Stanislaus,2021-01-07,1079,8152,705,6146,374,2006,0,0,885,7587,188,286,888,7873,California
Stanislaus,2021-01-08,1273,9425,718,6864,555,2561,0,0,928,8179,342,628,934,8807,California
Stanislaus,2021-01-09,290,9715,142,7006,148,2709,0,0,201,8291,89,717,201,9008,California
Stanislaus,2021-01-10,48,9763,21,7027,27,2736,0,0,29,8301,19,736,29,9037,California
Stanislaus,2021-01-11,1494,11257,1212,8239,282,3018,0,0,571,7973,917,1653,589,9626,California
Stanislaus,2021-01-12,1473,12730,867,9106,606,3624,0,0,829,8173,640,2293,840,10466,California
Stanislaus,2021-01-13,1447,14177,688,9794,759,4383,0,0,1122,8983,324,2617,1134,11600,California
Stanislaus,2021-01-14,2245,16422,286,10080,1959,6342,0,0,2070,10954,172,2789,2143,13743,California
Stanislaus,2021-01-15,2824,19246,1157,11237,1667,8009,0,0,2665,13549,155,2944,2750,16493,California
Stanislaus,2021-01-16,473,19719,50,11287,423,8432,0,0,454,13987,18,2962,456,16949,California
Stanislaus,2021-01-17,244,19963,202,11489,42,8474,0,0,237,14218,6,2968,237,17186,California
Stanislaus,2021-01-18,2188,22151,1021,12510,1167,9641,0,0,1793,15699,390,3358,1871,19057,California
Stanislaus,2021-01-19,1253,23404,723,13233,530,10171,0,0,802,16055,447,3805,803,19860,California
Stanislaus,2021-01-20,1013,24417,490,13723,523,10694,0,0,718,16479,294,4099,718,20578,California
Stanislaus,2021-01-21,3691,28108,2978,16701,713,11407,0,0,3353,19614,334,4433,3469,24047,California
Stanislaus,2021-01-22,1100,29208,309,17010,791,12198,0,0,1056,20633,40,4473,1059,25106,California
Stanislaus,2021-01-23,357,29565,42,17052,315,12513,0,0,298,20874,58,4531,299,25405,California
Stanislaus,2021-01-24,302,29867,100,17152,202,12715,0,0,236,21046,66,4597,238,25643,California
Stanislaus,2021-01-25,3159,33026,228,17380,2931,15646,0,0,2823,23725,300,4897,2979,28622,California
Stanislaus,2021-01-26,1729,34755,748,18128,981,16627,0,0,1299,24618,423,5320,1316,29938,California
Stanislaus,2021-01-27,1894,36649,1051,19179,843,17470,0,0,1187,25146,660,5980,1188,31126,California
Stanislaus,2021-01-28,2209,38858,1512,20691,697,18167,0,0,1716,26442,484,6464,1780,32906,California
Stanislaus,2021-01-29,2447,41305,1198,21889,1249,19416,0,0,1911,27916,490,6954,1964,34870,California
Stanislaus,2021-01-30,294,41599,134,22023,160,19576,0,0,230,28093,53,7007,230,35100,California
Stanislaus,2021-01-31,368,41967,314,22337,54,19630,0,0,353,28434,12,7019,353,35453,California
Stanislaus,2021-02-01,1295,43262,584,22921,711,20341,0,0,940,29031,344,7363,941,36394,California
Stanislaus,2021-02-02,1210,44472,346,23267,864,21205,0,0,773,29381,425,7788,775,37169,California
Stanislaus,2021-02-03,2615,47087,1235,24502,1380,22585,0,0,1916,30618,694,8482,1931,39100,California
Stanislaus,2021-02-04,2090,49177,710,25212,1380,23965,0,0,1581,31711,494,8976,1587,40687,California
Stanislaus,2021-02-05,2849,52026,1467,26679,1382,25347,0,0,1591,32121,1194,10170,1604,42291,California
Stanislaus,2021-02-06,886,52912,299,26978,587,25934,0,0,693,32625,191,10361,695,42986,California
Stanislaus,2021-02-07,231,53143,206,27184,25,25959,0,0,42,32482,186,10547,43,43029,California
Stanislaus,2021-02-08,2039,55182,1338,28522,701,26660,0,0,1100,32712,896,11443,1126,44155,California
Stanislaus,2021-02-09,1840,57022,783,29305,1057,27717,0,0,1045,32996,771,12214,1055,45210,California
Stanislaus,2021-02-10,1938,58960,534,29839,1404,29121,0,0,1012,33108,902,13116,1014,46224,California
Stanislaus,2021-02-11,5402,64362,3274,33113,2128,31249,0,0,1231,30399,3946,17062,1237,47461,California
Stanislaus,2021-02-12,3303,67665,916,34029,2387,33636,0,0,1453,30094,1767,18829,1462,48923,California
Stanislaus,2021-02-13,1352,69017,650,34679,702,34338,0,0,982,30717,363,19192,986,49909,California
Stanislaus,2021-02-14,416,69433,164,34843,252,34590,0,0,349,31001,65,19257,349,50258,California
Stanislaus,2021-02-15,1816,71249,229,35072,1587,36177,0,0,578,30461,1122,20379,582,50840,California
Stanislaus,2021-02-16,1363,72612,423,35495,940,37117,0,0,579,30270,772,21151,581,51421,California
Stanislaus,2021-02-17,2758,75370,1689,37184,1069,38186,0,0,1920,31369,833,21984,1932,53353,California
Stanislaus,2021-02-18,3365,78735,1904,39088,1461,39647,0,0,1779,31691,1495,23479,1817,55170,California
Stanislaus,2021-02-19,2772,81507,1075,40163,1697,41344,0,0,1515,32020,1210,24689,1539,56709,California
Stanislaus,2021-02-20,751,82258,382,40545,369,41713,0,0,475,32240,256,24945,476,57185,California
Stanislaus,2021-02-21,905,83163,691,41236,214,41927,0,0,544,32458,337,25282,555,57740,California
Stanislaus,2021-02-22,2348,85511,1695,42931,653,42580,0,0,1631,33393,697,25979,1632,59372,California
Stanislaus,2021-02-23,3748,89259,680,43611,3068,45648,0,0,1742,33306,1840,27819,1753,61125,California
Stanislaus,2021-02-24,4186,93445,2853,46464,1333,46981,0,0,3122,35389,1042,28861,3125,64250,California
Stanislaus,2021-02-25,3951,97396,2715,49179,1236,48217,0,0,3146,37753,785,29646,3149,67399,California
Stanislaus,2021-02-26,4214,101610,1214,50393,3000,51217,0,0,2836,39279,1322,30968,2848,70247,California
Stanislaus,2021-02-27,2091,103701,712,51105,1378,52595,1,1,1858,40935,204,31172,1860,72107,California
Stanislaus,2021-02-28,824,104525,261,51366,563,53158,0,1,775,41673,38,31210,776,72883,California
Stanislaus,2021-03-01,2791,107316,1645,53011,1144,54302,2,3,1639,42217,1109,32319,1653,74536,California
Stanislaus,2021-03-02,2395,109711,1425,54436,969,55271,1,4,1659,43158,721,33040,1662,76198,California
Stanislaus,2021-03-03,3715,113426,2232,56668,1479,56750,4,8,2904,45272,793,33833,2907,79105,California
Stanislaus,2021-03-04,5440,118866,3107,59775,2317,59067,16,24,4188,48253,1219,35052,4200,83305,California
Stanislaus,2021-03-05,4085,122951,1120,60895,2949,62016,16,40,3087,50385,970,36022,3102,86407,California
Stanislaus,2021-03-06,3573,126524,2226,63121,1254,63270,93,133,2719,52349,850,36872,2814,89221,California
Stanislaus,2021-03-07,853,127377,387,63508,430,63700,36,169,667,52871,181,37053,703,89924,California
Stanislaus,2021-03-08,1991,129368,862,64370,1040,64740,89,258,1332,53651,640,37693,1420,91344,California
Stanislaus,2021-03-09,2178,131546,904,65274,1182,65922,92,350,1632,54846,534,38227,1729,93073,California
Stanislaus,2021-03-10,5069,136615,2504,67778,2339,68261,226,576,3736,57509,1312,39539,3975,97048,California
Stanislaus,2021-03-11,5715,142330,3140,70918,2099,70360,476,1052,4115,60677,1428,40967,4596,101644,California
Stanislaus,2021-03-12,5775,148105,1231,72149,2620,72980,1924,2976,2916,62682,2833,43800,4838,106482,California
Stanislaus,2021-03-13,3396,151501,2179,74328,1147,74127,70,3046,2699,64768,690,44490,2776,109258,California
Stanislaus,2021-03-14,988,152489,595,74923,342,74469,51,3097,485,64806,500,44990,538,109796,California
Stanislaus,2021-03-15,3688,156177,1974,76897,1353,75822,361,3458,1602,64787,1989,46979,1970,111766,California
Stanislaus,2021-03-16,4941,161118,2460,79357,2067,77889,414,3872,3550,67381,1369,48348,3963,115729,California
Stanislaus,2021-03-17,4717,165835,2848,82205,1691,79580,178,4050,2875,68630,1810,50158,3059,118788,California
Stanislaus,2021-03-18,5423,171258,3421,85626,1936,81516,66,4116,2931,69293,2339,52497,3002,121790,California
Stanislaus,2021-03-19,5921,177179,1540,87166,2861,84377,1520,5636,3104,71137,2777,55274,4621,126411,California
Stanislaus,2021-03-20,3843,181022,3012,90178,763,85140,68,5704,3367,74104,469,55743,3436,129847,California
Stanislaus,2021-03-21,1009,182031,905,91083,39,85179,65,5769,768,74700,237,55980,833,130680,California
Stanislaus,2021-03-22,2819,184850,1326,92409,769,85948,724,6493,1236,75109,1554,57534,1963,132643,California
Stanislaus,2021-03-23,3940,188790,2018,94427,1664,87612,258,6751,2800,77063,1123,58657,3077,135720,California
Stanislaus,2021-03-24,4559,193349,3221,97648,1265,88877,73,6824,2636,77899,1876,60533,2712,138432,California
Stanislaus,2021-03-25,4249,197598,2924,100572,1309,90186,16,6840,1814,77374,2356,62889,1831,140263,California
Stanislaus,2021-03-26,4757,202355,1334,101906,3349,93535,74,6914,2385,77507,2339,65228,2472,142735,California
Stanislaus,2021-03-27,4395,206750,2739,104645,1574,95109,82,6996,1377,75974,3000,68228,1467,144202,California
Stanislaus,2021-03-28,1105,207855,437,105082,560,95669,108,7104,317,75629,776,69004,431,144633,California
Stanislaus,2021-03-29,2977,210832,1826,106908,1112,96781,39,7143,1979,76665,988,69992,2024,146657,California
Stanislaus,2021-03-30,3679,214511,2066,108974,1587,98368,26,7169,2232,77491,1438,71430,2264,148921,California
Stanislaus,2021-03-31,5428,219939,3851,112825,1457,99825,120,7289,2773,77754,2634,74064,2897,151818,California
Stanislaus,2021-04-01,5735,225674,3839,116664,1807,101632,89,7378,2628,77399,3083,77147,2728,154546,California
Stanislaus,2021-04-02,5020,230694,1211,117875,3655,105287,154,7532,2242,77120,2687,79834,2408,156954,California
Stanislaus,2021-04-03,4541,235235,3300,121175,1205,106492,36,7568,2242,77121,2290,82124,2291,159245,California
Stanislaus,2021-04-04,1325,236560,472,121647,823,107315,30,7598,649,77136,668,82792,683,159928,California
Stanislaus,2021-04-05,3634,240194,2530,124177,856,108171,248,7846,2357,78479,1267,84059,2610,162538,California
Stanislaus,2021-04-06,5751,245945,4173,128350,1303,109474,275,8121,3077,79179,2659,86718,3359,165897,California
Stanislaus,2021-04-07,6353,252298,3602,131952,2326,111800,425,8546,2832,78941,3503,90221,3265,169162,California
Stanislaus,2021-04-08,5685,257983,3329,135281,1923,113723,433,8979,2775,79265,2886,93107,3210,172372,California
Stanislaus,2021-04-09,4821,262804,2103,137384,2344,116067,374,9353,2181,79218,2615,95722,2568,174940,California
Stanislaus,2021-04-10,6499,269303,3986,141370,874,116941,1639,10992,1997,78372,4476,100198,3630,178570,California
Stanislaus,2021-04-11,1516,270819,845,142215,538,117479,133,11125,663,78319,850,101048,797,179367,California
Stanislaus,2021-04-12,3590,274409,2044,144259,1101,118580,445,11570,1872,78947,1697,102745,2325,181692,California
Stanislaus,2021-04-13,5197,279606,3421,147680,1763,120343,13,11583,2919,79638,2236,104981,2927,184619,California
Stanislaus,2021-04-14,4680,284286,3273,150953,1405,121748,2,11585,2286,79572,2359,107340,2293,186912,California
Stanislaus,2021-04-15,5384,289670,3314,154267,2067,123815,3,11588,3228,80690,2114,109454,3232,190144,California
Stanislaus,2021-04-16,4307,293977,988,155255,3318,127133,1,11589,1818,80064,2447,111901,1821,191965,California
Stanislaus,2021-04-17,3164,297141,2130,157385,1034,128167,0,11589,1839,80594,1312,113213,1842,193807,California
Stanislaus,2021-04-18,534,297675,217,157602,315,128482,2,11591,409,80888,118,113331,412,194219,California
Stanislaus,2021-04-19,3456,301131,2448,160050,1007,129489,1,11592,1636,80744,1788,115119,1644,195863,California
Stanislaus,2021-04-20,3967,305098,2406,162456,1561,131050,0,11592,1727,80263,2210,117329,1729,197592,California
Stanislaus,2021-04-21,3827,308925,2558,165014,1268,132318,1,11593,1596,79676,2190,119519,1603,199195,California
Stanislaus,2021-04-22,3958,312883,2414,167428,1544,133862,0,11593,1579,78927,2333,121852,1584,200779,California
Stanislaus,2021-04-23,3594,316477,843,168271,2750,136612,1,11594,1467,78368,2034,123886,1475,202254,California
Stanislaus,2021-04-24,3789,320266,2934,171205,855,137467,0,11594,1794,78190,1977,125863,1799,204053,California
Stanislaus,2021-04-25,938,321204,481,171686,457,137924,0,11594,689,78640,243,126106,693,204746,California
Stanislaus,2021-04-26,3360,324564,2360,174046,994,138918,6,11600,1050,77413,2288,128394,1061,205807,California
Stanislaus,2021-04-27,4039,328603,2802,176848,1189,140107,48,11648,1173,75798,2840,131234,1225,207032,California
Stanislaus,2021-04-28,4259,332862,3024,179872,1173,141280,62,11710,1838,75306,2401,133635,1909,208941,California
Stanislaus,2021-04-29,3638,336500,2260,182132,1330,142610,48,11758,1448,74635,2177,135812,1506,210447,California
Stanislaus,2021-04-30,4495,340995,2039,184171,2372,144982,84,11842,1774,73794,2707,138519,1866,212313,California
Stanislaus,2021-05-01,2706,343701,1925,186096,740,145722,41,11883,1015,73175,1683,140202,1064,213377,California
Stanislaus,2021-05-02,1075,344776,615,186711,424,146146,36,11919,522,73192,547,140749,564,213941,California
Stanislaus,2021-05-03,2411,347187,1925,188636,414,146560,72,11991,909,72686,1490,142239,984,214925,California
Stanislaus,2021-05-04,3468,350655,2469,191105,909,147469,90,12081,1062,71453,2394,144633,1161,216086,California
Stanislaus,2021-05-05,3193,353848,2135,193240,983,148452,75,12156,1084,70526,2089,146722,1162,217248,California
Stanislaus,2021-05-06,3518,357366,2696,195936,698,149150,124,12280,1055,69270,2442,149164,1186,218434,California
Stanislaus,2021-05-07,2307,359673,878,196814,1266,150416,163,12443,935,69009,1361,150525,1100,219534,California
Stanislaus,2021-05-08,1956,361629,1339,198153,584,151000,33,12476,712,68533,1228,151753,752,220286,California
Stanislaus,2021-05-09,712,362341,342,198495,344,151344,26,12502,308,68466,402,152155,335,220621,California
Stanislaus,2021-05-10,1684,364025,1140,199635,448,151792,96,12598,453,67798,1219,153374,551,221172,California
Stanislaus,2021-05-11,2373,366398,1501,201136,713,152505,159,12757,677,66955,1684,155058,841,222013,California
Stanislaus,2021-05-12,2274,368672,1334,202470,832,153337,108,12865,905,66616,1355,156413,1016,223029,California
Stanislaus,2021-05-13,2006,370678,1155,203625,734,154071,117,12982,915,66569,1082,157495,1035,224064,California
Stanislaus,2021-05-14,2612,373290,1162,204787,1314,155385,136,13118,1205,66520,1391,158886,1342,225406,California
Stanislaus,2021-05-15,2475,375765,1768,206555,657,156042,50,13168,1199,66512,1265,160151,1257,226663,California
Stanislaus,2021-05-16,1024,376789,668,207223,348,156390,8,13176,557,66621,460,160611,569,227232,California
Stanislaus,2021-05-17,1924,378713,1291,208514,552,156942,81,13257,920,66629,998,161609,1006,228238,California
Stanislaus,2021-05-18,2200,380913,1504,210018,582,157524,114,13371,1143,66840,1045,162654,1256,229494,California
Stanislaus,2021-05-19,3027,383940,2064,212082,809,158333,154,13525,1353,66688,1664,164318,1512,231006,California
Stanislaus,2021-05-20,2103,386043,1132,213214,868,159201,103,13628,859,66421,1234,165552,967,231973,California
Stanislaus,2021-05-21,2332,388375,1125,214339,1111,160312,96,13724,955,66114,1361,166913,1054,233027,California
Stanislaus,2021-05-22,1934,390309,1196,215535,669,160981,69,13793,863,65983,1064,167977,933,233960,California
Stanislaus,2021-05-23,1031,391340,664,216199,352,161333,15,13808,487,65946,539,168516,502,234462,California
Stanislaus,2021-05-24,1575,392915,1081,217280,419,161752,75,13883,606,65668,966,169482,688,235150,California
Stanislaus,2021-05-25,1693,394608,1163,218443,433,162185,97,13980,824,65727,865,170347,924,236074,California
Stanislaus,2021-05-26,1880,396488,1177,219620,653,162838,50,14030,898,65702,973,171320,948,237022,California
Stanislaus,2021-05-27,1714,398202,942,220562,697,163535,75,14105,642,65357,1062,172382,717,237739,California
Stanislaus,2021-05-28,1951,400153,886,221448,986,164521,79,14184,857,65206,1087,173469,936,238675,California
Stanislaus,2021-05-29,1310,401463,843,222291,426,164947,41,14225,611,65165,695,174164,654,239329,California
Stanislaus,2021-05-30,453,401916,273,222564,146,165093,34,14259,214,65177,236,174400,248,239577,California
Stanislaus,2021-05-31,259,402175,122,222686,130,165223,7,14266,97,65120,161,174561,104,239681,California
Stanislaus,2021-06-01,1542,403717,972,223658,518,165741,52,14318,617,64874,918,175479,672,240353,California
Stanislaus,2021-06-02,1709,405426,1092,224750,551,166292,66,14384,741,64724,958,176437,808,241161,California
Stanislaus,2021-06-03,1305,406731,770,225520,489,166781,46,14430,521,64523,771,177208,570,241731,California
Stanislaus,2021-06-04,1889,408620,1134,226654,685,167466,70,14500,718,64161,1160,178368,798,242529,California
Stanislaus,2021-06-05,1370,409990,1046,227700,298,167764,26,14526,472,63769,891,179259,499,243028,California
Stanislaus,2021-06-06,502,410492,412,228112,82,167846,8,14534,205,63687,297,179556,215,243243,California
Stanislaus,2021-06-07,1354,411846,1028,229140,281,168127,45,14579,509,63403,839,180395,555,243798,California
Stanislaus,2021-06-08,1787,413633,1355,230495,372,168499,60,14639,653,62996,1121,181516,714,244512,California
Stanislaus,2021-06-09,1438,415071,1012,231507,351,168850,75,14714,471,62579,963,182479,546,245058,California
Stanislaus,2021-06-10,1052,416123,632,232139,365,169215,55,14769,409,62407,634,183113,462,245520,California
Stanislaus,2021-06-11,682,416805,346,232485,292,169507,44,14813,229,62236,448,183561,277,245797,California
Sutter,2020-12-15,1,1,1,1,0,0,0,0,1,1,0,0,1,1,California
Sutter,2020-12-16,4,5,4,5,0,0,0,0,4,5,0,0,4,5,California
Sutter,2020-12-17,2,7,2,7,0,0,0,0,2,7,0,0,2,7,California
Sutter,2020-12-18,21,28,21,28,0,0,0,0,21,28,0,0,21,28,California
Sutter,2020-12-19,44,72,44,72,0,0,0,0,44,72,0,0,44,72,California
Sutter,2020-12-20,43,115,43,115,0,0,0,0,43,115,0,0,43,115,California
Sutter,2020-12-21,100,215,100,215,0,0,0,0,100,215,0,0,100,215,California
Sutter,2020-12-22,171,386,171,386,0,0,0,0,171,386,0,0,171,386,California
Sutter,2020-12-23,117,503,112,498,5,5,0,0,117,503,0,0,117,503,California
Sutter,2020-12-24,17,520,11,509,6,11,0,0,17,520,0,0,17,520,California
Sutter,2020-12-26,38,558,34,543,4,15,0,0,38,558,0,0,38,558,California
Sutter,2020-12-27,24,582,23,566,1,16,0,0,24,582,0,0,24,582,California
Sutter,2020-12-28,84,666,56,622,28,44,0,0,84,666,0,0,84,666,California
Sutter,2020-12-29,103,769,14,636,89,133,0,0,103,769,0,0,103,769,California
Sutter,2020-12-30,137,906,34,670,103,236,0,0,137,906,0,0,137,906,California
Sutter,2020-12-31,68,974,6,676,62,298,0,0,68,974,0,0,68,974,California
Sutter,2021-01-01,3,977,3,679,0,298,0,0,3,977,0,0,3,977,California
Sutter,2021-01-02,131,1108,129,808,2,300,0,0,131,1108,0,0,131,1108,California
Sutter,2021-01-03,1,1109,0,808,1,301,0,0,1,1109,0,0,1,1109,California
Sutter,2021-01-04,247,1356,138,946,109,410,0,0,247,1356,0,0,247,1356,California
Sutter,2021-01-05,100,1456,57,1003,43,453,0,0,97,1450,3,3,97,1453,California
Sutter,2021-01-06,204,1660,50,1053,154,607,0,0,199,1644,5,8,199,1652,California
Sutter,2021-01-07,253,1913,151,1204,102,709,0,0,244,1880,8,16,244,1896,California
Sutter,2021-01-08,151,2064,41,1245,110,819,0,0,133,1995,18,34,133,2029,California
Sutter,2021-01-09,44,2108,43,1288,1,820,0,0,3,1957,41,75,3,2032,California
Sutter,2021-01-10,396,2504,37,1325,359,1179,0,0,358,2278,37,112,358,2390,California
Sutter,2021-01-11,133,2637,116,1441,17,1196,0,0,25,2195,108,220,25,2415,California
Sutter,2021-01-12,200,2837,163,1604,37,1233,0,0,58,2111,142,362,58,2473,California
Sutter,2021-01-13,165,3002,101,1705,64,1297,0,0,73,2093,91,453,73,2546,California
Sutter,2021-01-14,146,3148,51,1756,95,1392,0,0,127,2201,19,472,127,2673,California
Sutter,2021-01-15,438,3586,132,1888,306,1698,0,0,423,2609,15,487,423,3096,California
Sutter,2021-01-16,385,3971,41,1929,344,2042,0,0,355,2934,30,517,355,3451,California
Sutter,2021-01-17,27,3998,24,1953,3,2045,0,0,11,2929,16,533,11,3462,California
Sutter,2021-01-18,120,4118,64,2017,56,2101,0,0,71,2951,49,582,71,3533,California
Sutter,2021-01-19,105,4223,42,2059,63,2164,0,0,81,3008,24,606,81,3614,California
Sutter,2021-01-20,271,4494,208,2267,63,2227,0,0,251,3239,20,626,251,3865,California
Sutter,2021-01-21,491,4985,319,2586,172,2399,0,0,472,3692,19,645,472,4337,California
Sutter,2021-01-22,244,5229,54,2640,190,2589,0,0,234,3917,9,654,234,4571,California
Sutter,2021-01-23,398,5627,39,2679,359,2948,0,0,372,4263,26,680,372,4943,California
Sutter,2021-01-24,16,5643,14,2693,2,2950,0,0,14,4275,2,682,14,4957,California
Sutter,2021-01-25,309,5952,196,2889,113,3063,0,0,153,4274,155,837,154,5111,California
Sutter,2021-01-26,249,6201,107,2996,142,3205,0,0,143,4312,105,942,143,5254,California
Sutter,2021-01-27,388,6589,256,3252,132,3337,0,0,322,4568,66,1008,322,5576,California
Sutter,2021-01-28,586,7175,361,3613,225,3562,0,0,411,4805,174,1182,411,5987,California
Sutter,2021-01-29,364,7539,85,3698,279,3841,0,0,245,4931,119,1301,245,6232,California
Sutter,2021-01-30,783,8322,38,3736,745,4586,0,0,772,5692,11,1312,772,7004,California
Sutter,2021-01-31,27,8349,26,3762,1,4587,0,0,27,5719,0,1312,27,7031,California
Sutter,2021-02-01,170,8519,51,3813,119,4706,0,0,137,5824,32,1344,137,7168,California
Sutter,2021-02-02,241,8760,24,3837,217,4923,0,0,208,5999,33,1377,208,7376,California
Sutter,2021-02-03,447,9207,39,3876,408,5331,0,0,212,5977,234,1611,212,7588,California
Sutter,2021-02-04,677,9884,365,4241,312,5643,0,0,624,6548,53,1664,624,8212,California
Sutter,2021-02-05,291,10175,32,4273,259,5902,0,0,140,6537,151,1815,140,8352,California
Sutter,2021-02-06,738,10913,30,4303,708,6610,0,0,718,7235,20,1835,718,9070,California
Sutter,2021-02-07,23,10936,19,4322,4,6614,0,0,19,7250,4,1839,19,9089,California
Sutter,2021-02-08,134,11070,29,4351,105,6719,0,0,99,7314,35,1874,99,9188,California
Sutter,2021-02-09,247,11317,45,4396,202,6921,0,0,185,7437,62,1936,185,9373,California
Sutter,2021-02-10,821,12138,383,4779,438,7359,0,0,179,6975,641,2577,179,9552,California
Sutter,2021-02-11,602,12740,270,5049,332,7691,0,0,343,7059,259,2836,343,9895,California
Sutter,2021-02-12,638,13378,67,5116,571,8262,0,0,312,7046,325,3161,312,10207,California
Sutter,2021-02-13,905,14283,48,5164,857,9119,0,0,789,7719,116,3277,789,10996,California
Sutter,2021-02-14,96,14379,26,5190,70,9189,0,0,84,7791,12,3289,84,11080,California
Sutter,2021-02-15,203,14582,73,5263,130,9319,0,0,123,7834,80,3369,123,11203,California
Sutter,2021-02-16,291,14873,45,5308,246,9565,0,0,207,7958,83,3452,207,11410,California
Sutter,2021-02-17,827,15700,430,5738,397,9962,0,0,132,7396,694,4146,132,11542,California
Sutter,2021-02-18,709,16409,58,5796,651,10613,0,0,494,7676,214,4360,494,12036,California
Sutter,2021-02-19,667,17076,379,6175,288,10901,0,0,463,7937,202,4562,463,12499,California
Sutter,2021-02-20,623,17699,56,6231,567,11468,0,0,519,8353,103,4665,519,13018,California
Sutter,2021-02-21,28,17727,26,6257,2,11470,0,0,8,8341,20,4685,8,13026,California
Sutter,2021-02-22,210,17937,123,6380,87,11557,0,0,89,8309,121,4806,89,13115,California
Sutter,2021-02-23,222,18159,32,6412,190,11747,0,0,97,8282,124,4930,97,13212,California
Sutter,2021-02-24,974,19133,348,6760,626,12373,0,0,198,7705,775,5705,198,13410,California
Sutter,2021-02-25,791,19924,502,7262,289,12662,0,0,607,8131,181,5886,607,14017,California
Sutter,2021-02-26,378,20302,62,7324,316,12978,0,0,155,8065,221,6107,155,14172,California
Sutter,2021-02-27,878,21180,48,7372,830,13808,0,0,714,8615,164,6271,714,14886,California
Sutter,2021-02-28,88,21268,44,7416,44,13852,0,0,68,8664,19,6290,68,14954,California
Sutter,2021-03-01,250,21518,61,7477,189,14041,0,0,153,8720,97,6387,153,15107,California
Sutter,2021-03-02,339,21857,60,7537,279,14320,0,0,163,8709,174,6561,163,15270,California
Sutter,2021-03-03,1386,23243,514,8051,872,15192,0,0,643,8615,737,7298,643,15913,California
Sutter,2021-03-04,1259,24502,862,8913,397,15589,0,0,947,9254,308,7606,947,16860,California
Sutter,2021-03-05,339,24841,79,8992,259,15848,1,1,209,9334,130,7736,210,17070,California
Sutter,2021-03-06,1028,25869,49,9041,974,16822,5,6,861,10033,167,7903,866,17936,California
Sutter,2021-03-07,65,25934,23,9064,41,16863,1,7,43,10055,22,7925,44,17980,California
Sutter,2021-03-08,229,26163,80,9144,137,17000,12,19,159,10156,70,7995,171,18151,California
Sutter,2021-03-09,391,26554,140,9284,238,17238,13,32,188,10154,203,8198,201,18352,California
Sutter,2021-03-10,1583,28137,684,9968,836,18074,63,95,526,9690,1053,9251,589,18941,California
Sutter,2021-03-11,894,29031,443,10411,434,18508,17,112,648,10112,243,9494,665,19606,California
Sutter,2021-03-12,683,29714,111,10522,388,18896,184,296,200,10014,480,9974,382,19988,California
Sutter,2021-03-13,1001,30715,756,11278,227,19123,18,314,787,10606,212,10186,804,20792,California
Sutter,2021-03-14,135,30850,22,11300,102,19225,11,325,45,10572,90,10276,56,20848,California
Sutter,2021-03-15,329,31179,67,11367,213,19438,49,374,156,10606,171,10447,205,21053,California
Sutter,2021-03-16,396,31575,86,11453,263,19701,47,421,214,10684,182,10629,260,21313,California
Sutter,2021-03-17,1500,33075,562,12015,917,20618,21,442,314,9841,1177,11806,334,21647,California
Sutter,2021-03-18,971,34046,176,12191,595,21213,200,642,566,10203,403,12209,765,22412,California
Sutter,2021-03-19,463,34509,164,12355,270,21483,29,671,284,10339,177,12386,313,22725,California
Sutter,2021-03-20,949,35458,116,12471,822,22305,11,682,857,11116,91,12477,868,23593,California
Sutter,2021-03-21,70,35528,49,12520,18,22323,3,685,32,11113,38,12515,35,23628,California
Sutter,2021-03-22,290,35818,120,12640,143,22466,27,712,212,11275,77,12592,239,23867,California
Sutter,2021-03-23,375,36193,115,12755,228,22694,32,744,253,11438,121,12713,284,24151,California
Sutter,2021-03-24,1687,37880,769,13524,848,23542,70,814,316,10468,1356,14069,386,24537,California
Sutter,2021-03-25,1046,38926,682,14206,320,23862,44,858,369,10207,674,14743,413,24950,California
Sutter,2021-03-26,496,39422,177,14383,302,24164,17,875,295,10321,198,14941,312,25262,California
Sutter,2021-03-27,926,40348,63,14446,861,25025,2,877,817,11035,105,15046,819,26081,California
Sutter,2021-03-28,124,40472,71,14517,53,25078,0,877,77,11067,45,15091,77,26158,California
Sutter,2021-03-29,426,40898,143,14660,227,25305,56,933,223,11145,201,15292,279,26437,California
Sutter,2021-03-30,479,41377,161,14821,308,25613,10,943,319,11314,160,15452,329,26766,California
Sutter,2021-03-31,1259,42636,180,15001,1064,26677,15,958,457,10996,789,16241,471,27237,California
Sutter,2021-04-01,1388,44024,740,15741,460,27137,188,1146,428,10659,952,17193,615,27852,California
Sutter,2021-04-02,519,44543,102,15843,299,27436,118,1264,206,10668,311,17504,320,28172,California
Sutter,2021-04-03,917,45460,79,15922,210,27646,628,1892,122,10626,792,18296,750,28922,California
Sutter,2021-04-04,117,45577,22,15944,89,27735,6,1898,54,10623,63,18359,60,28982,California
Sutter,2021-04-05,370,45947,145,16089,189,27924,36,1934,178,10648,189,18548,214,29196,California
Sutter,2021-04-06,514,46461,199,16288,259,28183,56,1990,276,10743,237,18785,332,29528,California
Sutter,2021-04-07,1487,47948,889,17177,522,28705,76,2066,611,10563,867,19652,687,30215,California
Sutter,2021-04-08,1051,48999,582,17759,355,29060,114,2180,580,10787,468,20120,692,30907,California
Sutter,2021-04-09,573,49572,249,18008,259,29319,65,2245,241,10765,328,20448,306,31213,California
Sutter,2021-04-10,832,50404,108,18116,93,29412,631,2876,112,10784,716,21164,735,31948,California
Sutter,2021-04-11,115,50519,28,18144,41,29453,46,2922,34,10782,81,21245,79,32027,California
Sutter,2021-04-12,347,50866,95,18239,199,29652,53,2975,141,10772,204,21449,194,32221,California
Sutter,2021-04-13,437,51303,129,18368,308,29960,0,2975,216,10769,219,21668,216,32437,California
Sutter,2021-04-14,1330,52633,161,18529,1168,31128,1,2976,225,9900,1098,22766,229,32666,California
Sutter,2021-04-15,537,53170,172,18701,365,31493,0,2976,214,9794,320,23086,214,32880,California
Sutter,2021-04-16,396,53566,123,18824,273,31766,0,2976,184,9767,211,23297,184,33064,California
Sutter,2021-04-17,574,54140,83,18907,491,32257,0,2976,503,10200,70,23367,503,33567,California
Sutter,2021-04-18,70,54210,12,18919,58,32315,0,2976,42,10216,26,23393,42,33609,California
Sutter,2021-04-19,289,54499,110,19029,179,32494,0,2976,119,10167,168,23561,119,33728,California
Sutter,2021-04-20,411,54910,134,19163,277,32771,0,2976,203,10162,208,23769,203,33931,California
Sutter,2021-04-21,1236,56146,420,19583,816,33587,0,2976,476,9888,750,24519,476,34407,California
Sutter,2021-04-22,499,56645,163,19746,336,33923,0,2976,253,9897,244,24763,253,34660,California
Sutter,2021-04-23,401,57046,119,19865,282,34205,0,2976,186,9870,213,24976,186,34846,California
Sutter,2021-04-24,329,57375,107,19972,221,34426,1,2977,187,9916,141,25117,187,35033,California
Sutter,2021-04-25,158,57533,76,20048,82,34508,0,2977,87,9934,69,25186,87,35120,California
Sutter,2021-04-26,305,57838,89,20137,214,34722,2,2979,133,9899,170,25356,135,35255,California
Sutter,2021-04-27,539,58377,265,20402,270,34992,4,2983,250,9868,285,25641,254,35509,California
Sutter,2021-04-28,814,59191,342,20744,464,35456,8,2991,254,9575,555,26196,262,35771,California
Sutter,2021-04-29,778,59969,140,20884,637,36093,1,2992,312,9425,463,26659,313,36084,California
Sutter,2021-04-30,361,60330,109,20993,239,36332,13,3005,145,9369,213,26872,157,36241,California
Sutter,2021-05-01,296,60626,106,21099,150,36482,40,3045,128,9372,165,27037,168,36409,California
Sutter,2021-05-02,82,60708,54,21153,26,36508,2,3047,46,9384,36,27073,48,36457,California
Sutter,2021-05-03,220,60928,111,21264,100,36608,9,3056,88,9349,132,27205,97,36554,California
Sutter,2021-05-04,541,61469,237,21501,240,36848,64,3120,226,9326,312,27517,289,36843,California
Sutter,2021-05-05,534,62003,143,21644,383,37231,8,3128,155,9116,373,27890,163,37006,California
Sutter,2021-05-06,425,62428,228,21872,179,37410,18,3146,191,9091,234,28124,209,37215,California
Sutter,2021-05-07,412,62840,145,22017,246,37656,21,3167,154,9010,256,28380,175,37390,California
Sutter,2021-05-08,196,63036,50,22067,141,37797,5,3172,106,9031,90,28470,111,37501,California
Sutter,2021-05-09,82,63118,53,22120,24,37821,5,3177,56,9066,26,28496,61,37562,California
Sutter,2021-05-10,190,63308,42,22162,130,37951,18,3195,48,8992,140,28636,66,37628,California
Sutter,2021-05-11,446,63754,219,22381,206,38157,21,3216,184,8938,257,28893,203,37831,California
Sutter,2021-05-12,442,64196,242,22623,189,38346,11,3227,162,8835,276,29169,173,38004,California
Sutter,2021-05-13,486,64682,262,22885,202,38548,22,3249,200,8773,284,29453,222,38226,California
Sutter,2021-05-14,438,65120,188,23073,234,38782,16,3265,215,8786,218,29671,231,38457,California
Sutter,2021-05-15,841,65961,308,23381,502,39284,31,3296,306,8589,534,30205,337,38794,California
Sutter,2021-05-16,139,66100,83,23464,48,39332,8,3304,75,8609,63,30268,83,38877,California
Sutter,2021-05-17,293,66393,116,23580,163,39495,14,3318,155,8641,137,30405,169,39046,California
Sutter,2021-05-18,544,66937,313,23893,226,39721,5,3323,299,8703,242,30647,304,39350,California
Sutter,2021-05-19,465,67402,267,24160,191,39912,7,3330,246,8740,216,30863,253,39603,California
Sutter,2021-05-20,456,67858,239,24399,205,40117,12,3342,224,8747,229,31092,236,39839,California
Sutter,2021-05-21,490,68348,221,24620,257,40374,12,3354,236,8743,251,31343,247,40086,California
Sutter,2021-05-22,365,68713,200,24820,162,40536,3,3357,184,8753,176,31519,186,40272,California
Sutter,2021-05-23,181,68894,85,24905,87,40623,9,3366,92,8771,83,31602,101,40373,California
Sutter,2021-05-24,240,69134,88,24993,129,40752,23,3389,100,8756,138,31740,123,40496,California
Sutter,2021-05-25,400,69534,195,25188,192,40944,13,3402,166,8705,229,31969,178,40674,California
Sutter,2021-05-26,318,69852,157,25345,152,41096,9,3411,118,8636,196,32165,127,40801,California
Sutter,2021-05-27,433,70285,115,25460,298,41394,20,3431,125,8477,304,32469,145,40946,California
Sutter,2021-05-28,336,70621,164,25624,157,41551,15,3446,179,8519,152,32621,194,41140,California
Sutter,2021-05-29,252,70873,118,25742,119,41670,15,3461,139,8564,109,32730,154,41294,California
Sutter,2021-05-30,85,70958,61,25803,21,41691,3,3464,50,8583,34,32764,53,41347,California
Sutter,2021-05-31,19,70977,2,25805,13,41704,4,3468,5,8578,14,32778,9,41356,California
Sutter,2021-06-01,308,71285,133,25938,167,41871,8,3476,127,8533,180,32958,135,41491,California
Sutter,2021-06-02,281,71566,120,26058,155,42026,6,3482,111,8485,165,33123,117,41608,California
Sutter,2021-06-03,340,71906,225,26283,106,42132,9,3491,118,8396,216,33339,127,41735,California
Sutter,2021-06-04,339,72245,197,26480,135,42267,7,3498,120,8308,215,33554,127,41862,California
Sutter,2021-06-05,435,72680,366,26846,66,42333,3,3501,155,8191,275,33829,158,42020,California
Sutter,2021-06-06,137,72817,118,26964,16,42349,3,3504,57,8173,78,33907,60,42080,California
Sutter,2021-06-07,162,72979,106,27070,48,42397,8,3512,56,8132,105,34012,64,42144,California
Sutter,2021-06-08,366,73345,206,27276,148,42545,12,3524,158,8096,206,34218,170,42314,California
Sutter,2021-06-09,329,73674,217,27493,107,42652,5,3529,112,7998,215,34433,117,42431,California
Sutter,2021-06-10,346,74020,257,27750,80,42732,9,3538,134,7932,209,34642,143,42574,California
Sutter,2021-06-11,155,74175,75,27825,77,42809,3,3541,43,7868,109,34751,45,42619,California
Tehama,2020-12-16,4,4,4,4,0,0,0,0,4,4,0,0,4,4,California
Tehama,2020-12-17,17,21,17,21,0,0,0,0,17,21,0,0,17,21,California
Tehama,2020-12-18,4,25,4,25,0,0,0,0,5,26,0,0,5,26,California
Tehama,2020-12-21,43,68,43,68,0,0,0,0,43,69,0,0,43,69,California
Tehama,2020-12-22,76,144,70,138,6,6,0,0,76,145,0,0,76,145,California
Tehama,2020-12-23,52,196,44,182,8,14,0,0,52,197,0,0,52,197,California
Tehama,2020-12-24,5,201,3,185,2,16,0,0,5,202,0,0,5,202,California
Tehama,2020-12-26,4,205,3,188,1,17,0,0,4,206,0,0,4,206,California
Tehama,2020-12-27,2,207,2,190,0,17,0,0,2,208,0,0,2,208,California
Tehama,2020-12-28,59,266,46,236,13,30,0,0,59,267,0,0,59,267,California
Tehama,2020-12-29,40,306,40,276,0,30,0,0,40,307,0,0,40,307,California
Tehama,2020-12-30,61,367,43,319,18,48,0,0,60,367,0,0,60,367,California
Tehama,2020-12-31,14,381,4,323,10,58,0,0,14,381,0,0,14,381,California
Tehama,2021-01-01,2,383,0,323,2,60,0,0,2,383,0,0,2,383,California
Tehama,2021-01-04,45,428,14,337,31,91,0,0,45,428,0,0,45,428,California
Tehama,2021-01-05,75,503,46,383,29,120,0,0,70,493,5,5,70,498,California
Tehama,2021-01-06,81,584,29,412,52,172,0,0,68,549,12,17,68,566,California
Tehama,2021-01-07,60,644,7,419,53,225,0,0,59,607,1,18,59,625,California
Tehama,2021-01-08,39,683,28,447,11,236,0,0,32,632,7,25,32,657,California
Tehama,2021-01-09,7,690,5,452,2,238,0,0,6,637,1,26,6,663,California
Tehama,2021-01-10,1,691,0,452,1,239,0,0,1,638,0,26,1,664,California
Tehama,2021-01-11,59,750,52,504,7,246,0,0,20,619,39,65,20,684,California
Tehama,2021-01-12,147,897,127,631,20,266,0,0,93,658,54,119,93,777,California
Tehama,2021-01-13,84,981,60,691,24,290,0,0,34,642,50,169,34,811,California
Tehama,2021-01-14,239,1220,50,741,189,479,0,0,237,877,2,171,237,1048,California
Tehama,2021-01-15,282,1502,76,817,206,685,0,0,278,1151,4,175,278,1326,California
Tehama,2021-01-16,273,1775,20,837,253,938,0,0,270,1418,3,178,270,1596,California
Tehama,2021-01-17,6,1781,2,839,4,942,0,0,4,1420,2,180,4,1600,California
Tehama,2021-01-18,14,1795,7,846,7,949,0,0,8,1422,6,186,8,1608,California
Tehama,2021-01-19,306,2101,75,921,231,1180,0,0,244,1604,62,248,244,1852,California
Tehama,2021-01-20,331,2432,99,1020,232,1412,0,0,276,1826,54,302,276,2128,California
Tehama,2021-01-21,241,2673,19,1039,222,1634,0,0,226,2037,15,317,226,2354,California
Tehama,2021-01-22,244,2917,21,1060,223,1857,0,0,241,2275,3,320,241,2595,California
Tehama,2021-01-23,267,3184,7,1067,260,2117,0,0,266,2540,1,321,266,2861,California
Tehama,2021-01-24,3,3187,1,1068,2,2119,0,0,3,2543,0,321,3,2864,California
Tehama,2021-01-25,43,3230,19,1087,24,2143,0,0,21,2542,22,343,21,2885,California
Tehama,2021-01-26,350,3580,44,1131,306,2449,0,0,312,2816,38,381,312,3197,California
Tehama,2021-01-27,332,3912,24,1155,308,2757,0,0,309,3102,23,404,309,3506,California
Tehama,2021-01-28,366,4278,39,1194,327,3084,0,0,346,3428,20,424,346,3852,California
Tehama,2021-01-29,351,4629,23,1217,328,3412,0,0,332,3741,19,443,332,4184,California
Tehama,2021-01-30,112,4741,2,1219,110,3522,0,0,111,3851,1,444,111,4295,California
Tehama,2021-01-31,1,4742,0,1219,1,3523,0,0,1,3852,0,444,1,4296,California
Tehama,2021-02-01,84,4826,22,1241,62,3585,0,0,37,3842,47,491,37,4333,California
Tehama,2021-02-02,368,5194,70,1311,298,3883,0,0,269,4012,99,590,269,4602,California
Tehama,2021-02-03,430,5624,16,1327,414,4297,0,0,378,4338,52,642,378,4980,California
Tehama,2021-02-04,519,6143,104,1431,415,4712,0,0,434,4688,85,727,435,5415,California
Tehama,2021-02-05,195,6338,75,1506,120,4832,0,0,130,4753,65,792,130,5545,California
Tehama,2021-02-06,37,6375,15,1521,22,4854,0,0,25,4766,12,804,25,5570,California
Tehama,2021-02-07,5,6380,4,1525,1,4855,0,0,2,4765,3,807,2,5572,California
Tehama,2021-02-08,48,6428,14,1539,34,4889,0,0,33,4783,15,822,33,5605,California
Tehama,2021-02-09,93,6521,45,1584,48,4937,0,0,51,4792,42,864,51,5656,California
Tehama,2021-02-10,253,6774,70,1654,183,5120,0,0,163,4865,90,954,163,5819,California
Tehama,2021-02-11,242,7016,18,1672,224,5344,0,0,91,4807,149,1103,91,5910,California
Tehama,2021-02-12,405,7421,78,1750,327,5671,0,0,188,4778,217,1320,188,6098,California
Tehama,2021-02-13,409,7830,17,1767,392,6063,0,0,162,4693,247,1567,162,6260,California
Tehama,2021-02-14,37,7867,2,1769,35,6098,0,0,34,4724,3,1570,34,6294,California
Tehama,2021-02-15,62,7929,10,1779,52,6150,0,0,54,4770,8,1578,54,6348,California
Tehama,2021-02-16,259,8188,21,1800,238,6388,0,0,70,4651,189,1767,70,6418,California
Tehama,2021-02-17,310,8498,19,1819,291,6679,0,0,61,4463,249,2016,61,6479,California
Tehama,2021-02-18,387,8885,34,1853,353,7032,0,0,147,4370,240,2256,147,6626,California
Tehama,2021-02-19,236,9121,26,1879,210,7242,0,0,50,4234,186,2442,50,6676,California
Tehama,2021-02-20,286,9407,8,1887,278,7520,0,0,32,4012,254,2696,32,6708,California
Tehama,2021-02-21,4,9411,1,1888,3,7523,0,0,2,4012,2,2698,2,6710,California
Tehama,2021-02-22,45,9456,15,1903,30,7553,0,0,27,4021,18,2716,27,6737,California
Tehama,2021-02-23,54,9510,23,1926,31,7584,0,0,27,4021,27,2743,27,6764,California
Tehama,2021-02-24,339,9849,25,1951,314,7898,0,0,37,3756,302,3045,37,6801,California
Tehama,2021-02-25,399,10248,60,2011,339,8237,0,0,42,3441,357,3402,42,6843,California
Tehama,2021-02-26,487,10735,21,2032,466,8703,0,0,76,3106,411,3813,76,6919,California
Tehama,2021-02-27,324,11059,6,2038,318,9021,0,0,36,2854,288,4101,36,6955,California
Tehama,2021-02-28,23,11082,2,2040,21,9042,0,0,20,2871,3,4104,20,6975,California
Tehama,2021-03-01,67,11149,7,2047,60,9102,0,0,32,2868,35,4139,32,7007,California
Tehama,2021-03-02,159,11308,21,2068,138,9240,0,0,34,2778,124,4263,34,7041,California
Tehama,2021-03-03,167,11475,33,2101,134,9374,0,0,55,2721,112,4375,55,7096,California
Tehama,2021-03-04,699,12174,57,2158,642,10016,0,0,247,2523,445,4820,247,7343,California
Tehama,2021-03-05,432,12606,24,2182,408,10424,0,0,226,2544,205,5025,226,7569,California
Tehama,2021-03-06,327,12933,18,2200,307,10731,2,2,87,2395,239,5264,90,7659,California
Tehama,2021-03-07,6,12939,1,2201,5,10736,0,2,4,2398,1,5265,4,7663,California
Tehama,2021-03-08,66,13005,11,2212,39,10775,16,18,26,2401,39,5304,42,7705,California
Tehama,2021-03-09,397,13402,13,2225,361,11136,23,41,336,2699,61,5365,359,8064,California
Tehama,2021-03-10,367,13769,21,2246,325,11461,21,62,74,2502,292,5657,95,8159,California
Tehama,2021-03-11,538,14307,24,2270,455,11916,59,121,375,2773,163,5820,434,8593,California
Tehama,2021-03-12,336,14643,28,2298,237,12153,71,192,195,2898,141,5961,266,8859,California
Tehama,2021-03-13,55,14698,9,2307,38,12191,8,200,7,2865,48,6009,15,8874,California
Tehama,2021-03-14,62,14760,3,2310,50,12241,9,209,20,2852,42,6051,29,8903,California
Tehama,2021-03-15,166,14926,21,2331,120,12361,25,234,85,2881,81,6132,110,9013,California
Tehama,2021-03-16,444,15370,19,2350,387,12748,38,272,337,3150,106,6238,375,9388,California
Tehama,2021-03-17,463,15833,31,2381,401,13149,31,303,376,3472,85,6323,407,9795,California
Tehama,2021-03-18,521,16354,36,2417,460,13609,25,328,337,3652,182,6505,362,10157,California
Tehama,2021-03-19,342,16696,27,2444,302,13911,13,341,298,3919,44,6549,311,10468,California
Tehama,2021-03-20,53,16749,15,2459,33,13944,5,346,37,3945,16,6565,42,10510,California
Tehama,2021-03-21,12,16761,5,2464,7,13951,0,346,12,3957,0,6565,12,10522,California
Tehama,2021-03-22,101,16862,10,2474,74,14025,17,363,56,3985,45,6610,73,10595,California
Tehama,2021-03-23,103,16965,33,2507,62,14087,8,371,76,4042,27,6637,84,10679,California
Tehama,2021-03-24,94,17059,16,2523,75,14162,3,374,60,4071,34,6671,63,10742,California
Tehama,2021-03-25,557,17616,386,2909,158,14320,13,387,505,4539,50,6721,518,11260,California
Tehama,2021-03-26,558,18174,438,3347,108,14428,12,399,473,4942,82,6803,485,11745,California
Tehama,2021-03-27,504,18678,395,3742,76,14504,33,432,427,5326,76,6879,460,12205,California
Tehama,2021-03-28,40,18718,15,3757,25,14529,0,432,24,5334,16,6895,24,12229,California
Tehama,2021-03-29,129,18847,30,3787,97,14626,2,434,82,5371,46,6941,83,12312,California
Tehama,2021-03-30,411,19258,246,4033,163,14789,2,436,276,5514,135,7076,278,12590,California
Tehama,2021-03-31,422,19680,314,4347,105,14894,3,439,340,5775,81,7157,342,12932,California
Tehama,2021-04-01,558,20238,267,4614,285,15179,6,445,418,6060,139,7296,424,13356,California
Tehama,2021-04-02,489,20727,234,4848,247,15426,8,453,296,6170,193,7489,303,13659,California
Tehama,2021-04-03,73,20800,7,4855,59,15485,7,460,37,6178,36,7525,44,13703,California
Tehama,2021-04-04,39,20839,8,4863,28,15513,3,463,25,6192,14,7539,28,13731,California
Tehama,2021-04-05,128,20967,22,4885,74,15587,32,495,65,6226,63,7602,97,13828,California
Tehama,2021-04-06,537,21504,117,5002,359,15946,61,556,147,6044,390,7992,208,14036,California
Tehama,2021-04-07,448,21952,304,5306,93,16039,51,607,323,6292,124,8116,372,14408,California
Tehama,2021-04-08,647,22599,190,5496,415,16454,42,649,242,6172,404,8520,284,14692,California
Tehama,2021-04-09,476,23075,219,5715,218,16672,39,688,238,6212,237,8757,277,14969,California
Tehama,2021-04-10,96,23171,23,5738,42,16714,31,719,50,6247,46,8803,81,15050,California
Tehama,2021-04-11,45,23216,9,5747,25,16739,11,730,10,6233,35,8838,21,15071,California
Tehama,2021-04-12,119,23335,6,5753,91,16830,22,752,43,6222,76,8914,65,15136,California
Tehama,2021-04-13,415,23750,73,5826,342,17172,0,752,68,5943,347,9261,68,15204,California
Tehama,2021-04-14,426,24176,54,5880,372,17544,0,752,49,5617,375,9636,49,15253,California
Tehama,2021-04-15,544,24720,204,6084,340,17884,0,752,82,5237,462,10098,82,15335,California
Tehama,2021-04-16,657,25377,380,6464,277,18161,0,752,87,4754,570,10668,87,15422,California
Tehama,2021-04-17,380,25757,291,6755,89,18250,0,752,52,4480,327,10995,53,15475,California
Tehama,2021-04-18,19,25776,5,6760,14,18264,0,752,13,4487,6,11001,13,15488,California
Tehama,2021-04-19,101,25877,7,6767,94,18358,0,752,42,4470,59,11060,42,15530,California
Tehama,2021-04-20,571,26448,473,7240,98,18456,0,752,164,4232,404,11464,166,15696,California
Tehama,2021-04-21,530,26978,451,7691,79,18535,0,752,171,4046,357,11821,171,15867,California
Tehama,2021-04-22,547,27525,386,8077,161,18696,0,752,154,3810,390,12211,154,16021,California
Tehama,2021-04-23,477,28002,370,8447,107,18803,0,752,208,3751,268,12479,209,16230,California
Tehama,2021-04-24,112,28114,21,8468,91,18894,0,752,27,3693,85,12564,27,16257,California
Tehama,2021-04-25,30,28144,19,8487,11,18905,0,752,10,3683,20,12584,10,16267,California
Tehama,2021-04-26,94,28238,12,8499,82,18987,0,752,53,3695,41,12625,53,16320,California
Tehama,2021-04-27,270,28508,218,8717,50,19037,2,754,101,3629,169,12794,103,16423,California
Tehama,2021-04-28,421,28929,342,9059,60,19097,19,773,71,3369,350,13144,90,16513,California
Tehama,2021-04-29,385,29314,182,9241,196,19293,7,780,75,3142,309,13453,82,16595,California
Tehama,2021-04-30,366,29680,270,9511,89,19382,7,787,128,3039,238,13691,135,16730,California
Tehama,2021-05-01,77,29757,4,9515,67,19449,6,793,14,2996,63,13754,20,16750,California
Tehama,2021-05-02,46,29803,24,9539,10,19459,12,805,26,3014,20,13774,38,16788,California
Tehama,2021-05-03,125,29928,40,9579,76,19535,9,814,65,3028,60,13834,74,16862,California
Tehama,2021-05-04,168,30096,58,9637,101,19636,9,823,70,3009,98,13932,79,16941,California
Tehama,2021-05-05,92,30188,25,9662,57,19693,10,833,41,3009,51,13983,51,16992,California
Tehama,2021-05-06,175,30363,96,9758,62,19755,17,850,108,3067,67,14050,125,17117,California
Tehama,2021-05-07,192,30555,81,9839,99,19854,12,862,54,2997,136,14186,66,17183,California
Tehama,2021-05-08,54,30609,8,9847,44,19898,2,864,15,2975,39,14225,17,17200,California
Tehama,2021-05-09,18,30627,4,9851,14,19912,0,864,8,2973,10,14235,8,17208,California
Tehama,2021-05-10,84,30711,6,9857,69,19981,9,873,39,2976,44,14279,47,17255,California
Tehama,2021-05-11,183,30894,130,9987,40,20021,13,886,33,2872,150,14429,46,17301,California
Tehama,2021-05-12,215,31109,137,10124,68,20089,10,896,49,2766,165,14594,59,17360,California
Tehama,2021-05-13,255,31364,168,10292,77,20166,10,906,116,2754,138,14732,126,17486,California
Tehama,2021-05-14,257,31621,141,10433,95,20261,21,927,63,2645,193,14925,84,17570,California
Tehama,2021-05-15,243,31864,141,10574,61,20322,41,968,169,2782,73,14998,210,17780,California
Tehama,2021-05-16,28,31892,7,10581,18,20340,3,971,16,2789,12,15010,19,17799,California
Tehama,2021-05-17,123,32015,32,10613,74,20414,17,988,59,2802,63,15073,76,17875,California
Tehama,2021-05-18,159,32174,82,10695,61,20475,16,1004,50,2761,107,15180,66,17941,California
Tehama,2021-05-19,133,32307,58,10753,64,20539,11,1015,45,2729,88,15268,56,17997,California
Tehama,2021-05-20,338,32645,247,11000,68,20607,23,1038,236,2887,101,15369,259,18256,California
Tehama,2021-05-21,234,32879,109,11109,112,20719,13,1051,78,2825,153,15522,91,18347,California
Tehama,2021-05-22,67,32946,33,11142,30,20749,4,1055,39,2840,28,15550,43,18390,California
Tehama,2021-05-23,49,32995,24,11166,15,20764,10,1065,14,2829,35,15585,24,18414,California
Tehama,2021-05-24,103,33098,29,11195,65,20829,9,1074,32,2799,71,15656,41,18455,California
Tehama,2021-05-25,78,33176,19,11214,51,20880,8,1082,46,2821,31,15687,53,18508,California
Tehama,2021-05-26,82,33258,32,11246,47,20927,3,1085,53,2849,28,15715,56,18564,California
Tehama,2021-05-27,160,33418,100,11346,56,20983,4,1089,52,2799,106,15821,56,18620,California
Tehama,2021-05-28,142,33560,38,11384,96,21079,8,1097,66,2798,75,15896,74,18694,California
Tehama,2021-05-29,56,33616,9,11393,41,21120,6,1103,36,2820,20,15916,42,18736,California
Tehama,2021-05-30,15,33631,4,11397,10,21130,1,1104,7,2820,8,15924,8,18744,California
Tehama,2021-05-31,17,33648,1,11398,15,21145,1,1105,4,2812,13,15937,5,18749,California
Tehama,2021-06-01,103,33751,20,11418,64,21209,19,1124,35,2798,68,16005,54,18803,California
Tehama,2021-06-02,91,33842,32,11450,54,21263,5,1129,38,2788,53,16058,43,18846,California
Tehama,2021-06-03,141,33983,103,11553,27,21290,11,1140,32,2722,109,16167,43,18889,California
Tehama,2021-06-04,145,34128,34,11587,96,21386,15,1155,60,2711,84,16251,73,18962,California
Tehama,2021-06-05,159,34287,133,11720,22,21408,4,1159,30,2617,128,16379,34,18996,California
Tehama,2021-06-06,19,34306,9,11729,2,21410,8,1167,4,2614,15,16394,12,19008,California
Tehama,2021-06-07,73,34379,28,11757,43,21453,2,1169,21,2585,52,16446,23,19031,California
Tehama,2021-06-08,105,34484,34,11791,61,21514,10,1179,43,2577,61,16507,53,19084,California
Tehama,2021-06-09,80,34564,42,11833,35,21549,3,1182,39,2578,41,16548,42,19126,California
Tehama,2021-06-10,255,34819,213,12046,32,21581,10,1192,34,2402,220,16768,44,19170,California
Tehama,2021-06-11,98,34917,42,12088,51,21632,5,1197,33,2377,63,16831,38,19208,California
Trinity,2020-12-17,4,4,4,4,0,0,0,0,4,4,0,0,4,4,California
Trinity,2020-12-18,2,6,2,6,0,0,0,0,2,6,0,0,2,6,California
Trinity,2020-12-21,39,45,39,45,0,0,0,0,39,45,0,0,39,45,California
Trinity,2020-12-22,4,49,4,49,0,0,0,0,4,49,0,0,4,49,California
Trinity,2020-12-23,6,55,5,54,1,1,0,0,6,55,0,0,6,55,California
Trinity,2020-12-28,31,86,31,85,0,1,0,0,31,86,0,0,31,86,California
Trinity,2020-12-29,8,94,7,92,1,2,0,0,8,94,0,0,8,94,California
Trinity,2020-12-30,10,104,8,100,2,4,0,0,10,104,0,0,10,104,California
Trinity,2020-12-31,2,106,1,101,1,5,0,0,2,106,0,0,2,106,California
Trinity,2021-01-04,28,134,0,101,28,33,0,0,27,133,0,0,27,133,California
Trinity,2021-01-05,2,136,1,102,1,34,0,0,2,135,0,0,2,135,California
Trinity,2021-01-06,24,160,4,106,20,54,0,0,20,151,4,4,20,155,California
Trinity,2021-01-08,49,209,2,108,47,101,0,0,48,197,2,6,48,203,California
Trinity,2021-01-11,41,250,38,146,3,104,0,0,4,164,37,43,4,207,California
Trinity,2021-01-12,9,259,6,152,3,107,0,0,4,163,5,48,4,211,California
Trinity,2021-01-13,7,266,4,156,3,110,0,0,4,164,3,51,4,215,California
Trinity,2021-01-14,4,270,1,157,3,113,0,0,4,168,0,51,4,219,California
Trinity,2021-01-15,5,275,0,157,5,118,0,0,5,173,0,51,5,224,California
Trinity,2021-01-16,2,277,0,157,2,120,0,0,2,175,0,51,2,226,California
Trinity,2021-01-18,31,308,31,188,0,120,0,0,0,144,31,82,0,226,California
Trinity,2021-01-19,34,342,15,203,19,139,0,0,20,150,14,96,20,246,California
Trinity,2021-01-20,20,362,3,206,17,156,0,0,17,164,3,99,17,263,California
Trinity,2021-01-21,18,380,7,213,11,167,0,0,18,182,0,99,18,281,California
Trinity,2021-01-22,5,385,1,214,4,171,0,0,5,187,0,99,5,286,California
Trinity,2021-01-23,7,392,3,217,4,175,0,0,7,194,0,99,7,293,California
Trinity,2021-01-25,14,406,1,218,13,188,0,0,13,206,1,100,13,306,California
Trinity,2021-01-26,10,416,1,219,9,197,0,0,9,214,1,101,9,315,California
Trinity,2021-01-27,12,428,0,219,12,209,0,0,12,226,0,101,12,327,California
Trinity,2021-01-28,13,441,3,222,10,219,0,0,10,233,3,104,10,337,California
Trinity,2021-01-29,2,443,0,222,2,221,0,0,1,233,1,105,1,338,California
Trinity,2021-01-30,12,455,11,233,1,222,0,0,12,245,0,105,12,350,California
Trinity,2021-02-01,2,457,1,234,1,223,0,0,1,245,1,106,1,351,California
Trinity,2021-02-02,15,472,3,237,12,235,0,0,14,258,1,107,14,365,California
Trinity,2021-02-03,6,478,1,238,5,240,0,0,4,260,2,109,4,369,California
Trinity,2021-02-04,41,519,32,270,9,249,0,0,34,287,7,116,34,403,California
Trinity,2021-02-05,351,870,0,270,351,600,0,0,320,576,31,147,320,723,California
Trinity,2021-02-06,210,1080,5,275,205,805,0,0,203,772,7,154,203,926,California
Trinity,2021-02-07,1,1081,0,275,1,806,0,0,1,773,0,154,1,927,California
Trinity,2021-02-08,28,1109,1,276,27,833,0,0,16,777,12,166,16,943,California
Trinity,2021-02-09,27,1136,2,278,25,858,0,0,11,772,16,182,11,954,California
Trinity,2021-02-10,122,1258,10,288,112,970,0,0,102,854,20,202,102,1056,California
Trinity,2021-02-11,339,1597,2,290,337,1307,0,0,332,1179,7,209,332,1388,California
Trinity,2021-02-12,19,1616,10,300,9,1316,0,0,14,1188,5,214,14,1402,California
Trinity,2021-02-13,11,1627,6,306,5,1321,0,0,6,1189,5,219,6,1408,California
Trinity,2021-02-14,2,1629,2,308,0,1321,0,0,2,1191,0,219,2,1410,California
Trinity,2021-02-15,47,1676,0,308,47,1368,0,0,47,1238,0,219,47,1457,California
Trinity,2021-02-16,4,1680,1,309,3,1371,0,0,2,1238,2,221,2,1459,California
Trinity,2021-02-17,94,1774,2,311,92,1463,0,0,84,1312,10,231,84,1543,California
Trinity,2021-02-18,4,1778,0,311,4,1467,0,0,1,1310,3,234,1,1544,California
Trinity,2021-02-19,307,2085,2,313,305,1772,0,0,293,1589,14,248,293,1837,California
Trinity,2021-02-20,142,2227,14,327,128,1900,0,0,114,1675,28,276,114,1951,California
Trinity,2021-02-21,1,2228,1,328,0,1900,0,0,1,1676,0,276,1,1952,California
Trinity,2021-02-22,8,2236,0,328,8,1908,0,0,5,1678,3,279,5,1957,California
Trinity,2021-02-23,10,2246,3,331,7,1915,0,0,5,1678,5,284,5,1962,California
Trinity,2021-02-24,30,2276,8,339,22,1937,0,0,7,1662,23,307,7,1969,California
Trinity,2021-02-25,37,2313,23,362,14,1951,0,0,5,1635,32,339,5,1974,California
Trinity,2021-02-26,11,2324,1,363,10,1961,0,0,5,1634,6,345,5,1979,California
Trinity,2021-02-27,10,2334,8,371,2,1963,0,0,4,1632,6,351,4,1983,California
Trinity,2021-03-01,10,2344,0,371,10,1973,0,0,5,1632,5,356,5,1988,California
Trinity,2021-03-02,9,2353,3,374,6,1979,0,0,2,1627,7,363,2,1990,California
Trinity,2021-03-03,5,2358,0,374,5,1984,0,0,4,1630,1,364,4,1994,California
Trinity,2021-03-04,23,2381,19,393,4,1988,0,0,10,1627,13,377,10,2004,California
Trinity,2021-03-05,388,2769,1,394,387,2375,0,0,121,1485,263,640,121,2125,California
Trinity,2021-03-06,203,2972,7,401,196,2571,0,0,27,1336,176,816,27,2152,California
Trinity,2021-03-07,4,2976,3,404,1,2572,0,0,3,1338,1,817,3,2155,California
Trinity,2021-03-08,4,2980,0,404,3,2575,1,1,1,1337,3,820,2,2157,California
Trinity,2021-03-09,99,3079,1,405,96,2671,2,3,93,1426,6,826,95,2252,California
Trinity,2021-03-10,126,3205,3,408,120,2791,3,6,38,1379,88,914,41,2293,California
Trinity,2021-03-11,16,3221,4,412,10,2801,2,8,5,1375,11,925,7,2300,California
Trinity,2021-03-12,399,3620,5,417,388,3189,6,14,97,1176,302,1227,103,2403,California
Trinity,2021-03-13,12,3632,7,424,3,3192,2,16,7,1180,5,1232,9,2412,California
Trinity,2021-03-14,4,3636,1,425,3,3195,0,16,3,1182,1,1233,3,2415,California
Trinity,2021-03-15,68,3704,0,425,67,3262,1,17,15,1145,53,1286,16,2431,California
Trinity,2021-03-16,115,3819,7,432,108,3370,0,17,102,1234,13,1299,102,2533,California
Trinity,2021-03-17,100,3919,3,435,97,3467,0,17,26,1186,74,1373,26,2559,California
Trinity,2021-03-18,9,3928,1,436,5,3472,3,20,4,1188,5,1378,7,2566,California
Trinity,2021-03-19,461,4389,4,440,347,3819,110,130,36,909,425,1803,146,2712,California
Trinity,2021-03-20,108,4497,7,447,101,3920,0,130,72,946,35,1838,72,2784,California
Trinity,2021-03-21,4,4501,0,447,3,3923,1,131,3,949,1,1839,4,2788,California
Trinity,2021-03-22,2,4503,0,447,2,3925,0,131,2,951,0,1839,2,2790,California
Trinity,2021-03-23,96,4599,2,449,94,4019,0,131,78,1011,18,1857,78,2868,California
Trinity,2021-03-24,12,4611,1,450,11,4030,0,131,9,1017,3,1860,9,2877,California
Trinity,2021-03-25,111,4722,8,458,97,4127,6,137,85,1082,26,1886,91,2968,California
Trinity,2021-03-26,84,4806,8,466,76,4203,0,137,77,1152,7,1893,77,3045,California
Trinity,2021-03-27,20,4826,4,470,7,4210,9,146,9,1159,11,1904,18,3063,California
Trinity,2021-03-28,5,4831,3,473,2,4212,0,146,1,1156,4,1908,1,3064,California
Trinity,2021-03-29,5,4836,0,473,5,4217,0,146,2,1155,3,1911,2,3066,California
Trinity,2021-03-30,78,4914,6,479,72,4289,0,146,67,1211,11,1922,67,3133,California
Trinity,2021-03-31,56,4970,5,484,18,4307,33,179,20,1227,36,1958,52,3185,California
Trinity,2021-04-01,40,5010,10,494,19,4326,11,190,21,1240,19,1977,32,3217,California
Trinity,2021-04-02,257,5267,5,499,177,4503,75,265,84,1227,172,2149,159,3376,California
Trinity,2021-04-03,17,5284,12,511,5,4508,0,265,7,1224,10,2159,7,3383,California
Trinity,2021-04-04,10,5294,8,519,2,4510,0,265,8,1230,2,2161,8,3391,California
Trinity,2021-04-05,60,5354,6,525,51,4561,3,268,54,1281,6,2167,57,3448,California
Trinity,2021-04-06,122,5476,15,540,104,4665,3,271,29,1220,93,2260,32,3480,California
Trinity,2021-04-07,26,5502,11,551,10,4675,5,276,19,1237,7,2267,24,3504,California
Trinity,2021-04-08,90,5592,11,562,77,4752,2,278,53,1255,37,2304,55,3559,California
Trinity,2021-04-09,166,5758,18,580,144,4896,4,282,88,1269,78,2382,92,3651,California
Trinity,2021-04-10,12,5770,7,587,5,4901,0,282,11,1279,1,2383,11,3662,California
Trinity,2021-04-11,10,5780,5,592,3,4904,2,284,4,1279,6,2389,6,3668,California
Trinity,2021-04-12,78,5858,5,597,72,4976,1,285,64,1330,13,2402,64,3732,California
Trinity,2021-04-13,104,5962,5,602,99,5075,0,285,11,1248,93,2495,11,3743,California
Trinity,2021-04-14,10,5972,5,607,5,5080,0,285,6,1250,4,2499,6,3749,California
Trinity,2021-04-15,44,6016,10,617,34,5114,0,285,14,1235,29,2528,14,3763,California
Trinity,2021-04-16,156,6172,13,630,143,5257,0,285,81,1242,74,2602,81,3844,California
Trinity,2021-04-17,11,6183,5,635,6,5263,0,285,9,1249,2,2604,9,3853,California
Trinity,2021-04-18,3,6186,1,636,2,5265,0,285,0,1246,3,2607,0,3853,California
Trinity,2021-04-19,67,6253,2,638,65,5330,0,285,66,1311,1,2608,66,3919,California
Trinity,2021-04-20,93,6346,8,646,85,5415,0,285,21,1260,72,2680,21,3940,California
Trinity,2021-04-21,22,6368,9,655,13,5428,0,285,9,1256,13,2693,9,3949,California
Trinity,2021-04-22,92,6460,5,660,87,5515,0,285,14,1192,78,2771,14,3963,California
Trinity,2021-04-23,181,6641,6,666,175,5690,0,285,112,1235,69,2840,112,4075,California
Trinity,2021-04-24,23,6664,12,678,11,5701,0,285,6,1224,17,2857,6,4081,California
Trinity,2021-04-25,10,6674,9,687,1,5702,0,285,3,1221,6,2863,3,4084,California
Trinity,2021-04-26,48,6722,9,696,39,5741,0,285,40,1253,8,2871,40,4124,California
Trinity,2021-04-27,87,6809,11,707,76,5817,0,285,23,1212,64,2935,23,4147,California
Trinity,2021-04-28,33,6842,11,718,22,5839,0,285,12,1203,21,2956,12,4159,California
Trinity,2021-04-29,34,6876,13,731,21,5860,0,285,12,1193,22,2978,12,4171,California
Trinity,2021-04-30,26,6902,21,752,5,5865,0,285,10,1188,15,2993,10,4181,California
Trinity,2021-05-01,14,6916,8,760,1,5866,5,290,4,1187,10,3003,9,4190,California
Trinity,2021-05-02,8,6924,5,765,1,5867,2,292,2,1185,6,3009,4,4194,California
Trinity,2021-05-03,58,6982,13,778,44,5911,1,293,9,1147,48,3057,10,4204,California
Trinity,2021-05-04,27,7009,11,789,15,5926,1,294,8,1137,19,3076,9,4213,California
Trinity,2021-05-05,11,7020,7,796,4,5930,0,294,4,1134,7,3083,4,4217,California
Trinity,2021-05-06,75,7095,11,807,62,5992,2,296,16,1093,59,3142,18,4235,California
Trinity,2021-05-07,180,7275,12,819,134,6126,34,330,14,975,166,3308,48,4283,California
Trinity,2021-05-08,7,7282,2,821,5,6131,0,330,2,972,5,3313,2,4285,California
Trinity,2021-05-09,11,7293,8,829,3,6134,0,330,7,975,4,3317,7,4292,California
Trinity,2021-05-10,15,7308,5,834,9,6143,1,331,8,977,7,3324,9,4301,California
Trinity,2021-05-11,8,7316,4,838,4,6147,0,331,6,981,2,3326,6,4307,California
Trinity,2021-05-12,19,7335,16,854,2,6149,1,332,14,991,5,3331,15,4322,California
Trinity,2021-05-13,15,7350,10,864,4,6153,1,333,9,995,6,3337,10,4332,California
Trinity,2021-05-14,141,7491,19,883,94,6247,28,361,39,960,102,3439,67,4399,California
Trinity,2021-05-15,15,7506,10,893,4,6251,1,362,7,961,7,3446,8,4407,California
Trinity,2021-05-16,7,7513,6,899,1,6252,0,362,5,964,2,3448,5,4412,California
Trinity,2021-05-17,108,7621,20,919,86,6338,2,364,42,942,66,3514,44,4456,California
Trinity,2021-05-18,37,7658,7,926,29,6367,1,365,11,928,26,3540,12,4468,California
Trinity,2021-05-19,150,7808,16,942,105,6472,29,394,31,870,118,3658,60,4528,California
Trinity,2021-05-20,28,7836,21,963,4,6476,3,397,17,879,11,3669,20,4548,California
Trinity,2021-05-21,21,7857,13,976,8,6484,0,397,11,880,10,3679,11,4559,California
Trinity,2021-05-22,17,7874,14,990,3,6487,0,397,13,889,4,3683,13,4572,California
Trinity,2021-05-23,6,7880,4,994,2,6489,0,397,2,887,4,3687,2,4574,California
Trinity,2021-05-24,109,7989,12,1006,96,6585,1,398,8,796,100,3787,9,4583,California
Trinity,2021-05-25,38,8027,13,1019,25,6610,0,398,16,790,22,3809,16,4599,California
Trinity,2021-05-26,11,8038,5,1024,6,6616,0,398,3,785,8,3817,3,4602,California
Trinity,2021-05-27,30,8068,13,1037,12,6628,5,403,7,774,23,3840,12,4614,California
Trinity,2021-05-28,13,8081,10,1047,2,6630,1,404,6,774,7,3847,7,4621,California
Trinity,2021-05-29,10,8091,7,1054,2,6632,1,405,7,779,3,3850,8,4629,California
Trinity,2021-05-30,5,8096,4,1058,1,6633,0,405,0,774,5,3855,0,4629,California
Trinity,2021-05-31,4,8100,3,1061,1,6634,0,405,2,774,2,3857,2,4631,California
Trinity,2021-06-01,15,8115,8,1069,5,6639,2,407,4,770,10,3867,6,4637,California
Trinity,2021-06-02,24,8139,19,1088,3,6642,2,409,9,766,15,3882,11,4648,California
Trinity,2021-06-03,39,8178,13,1101,26,6668,0,409,13,753,26,3908,13,4661,California
Trinity,2021-06-04,29,8207,21,1122,8,6676,0,409,8,740,21,3929,8,4669,California
Trinity,2021-06-05,19,8226,18,1140,1,6677,0,409,13,747,6,3935,13,4682,California
Trinity,2021-06-06,9,8235,6,1146,2,6679,1,410,2,743,7,3942,3,4685,California
Trinity,2021-06-07,28,8263,19,1165,8,6687,1,411,12,740,16,3958,13,4698,California
Trinity,2021-06-08,15,8278,13,1178,1,6688,1,412,4,734,11,3969,5,4703,California
Trinity,2021-06-09,9,8287,7,1185,0,6688,2,414,0,727,9,3978,2,4705,California
Trinity,2021-06-10,8,8295,8,1193,0,6688,0,414,2,723,6,3984,2,4707,California
Trinity,2021-06-11,29,8324,0,1193,29,6717,0,414,9,712,20,4004,9,4716,California
Tulare,2020-12-15,1,1,1,1,0,0,0,0,1,1,0,0,1,1,California
Tulare,2020-12-16,4,5,4,5,0,0,0,0,4,5,0,0,4,5,California
Tulare,2020-12-17,110,115,110,115,0,0,0,0,110,115,0,0,110,115,California
Tulare,2020-12-18,290,405,289,404,1,1,0,0,290,405,0,0,290,405,California
Tulare,2020-12-19,325,730,325,729,0,1,0,0,325,730,0,0,325,730,California
Tulare,2020-12-20,165,895,165,894,0,1,0,0,165,895,0,0,165,895,California
Tulare,2020-12-21,421,1316,421,1315,0,1,0,0,441,1336,0,0,441,1336,California
Tulare,2020-12-22,472,1788,470,1785,2,3,0,0,471,1807,0,0,471,1807,California
Tulare,2020-12-23,327,2115,319,2104,8,11,0,0,325,2132,0,0,325,2132,California
Tulare,2020-12-24,18,2133,16,2120,2,13,0,0,18,2150,0,0,18,2150,California
Tulare,2020-12-26,7,2140,6,2126,1,14,0,0,7,2157,0,0,7,2157,California
Tulare,2020-12-27,16,2156,12,2138,4,18,0,0,16,2173,0,0,16,2173,California
Tulare,2020-12-28,482,2638,469,2607,13,31,0,0,481,2654,0,0,481,2654,California
Tulare,2020-12-29,549,3187,477,3084,72,103,0,0,549,3203,0,0,549,3203,California
Tulare,2020-12-30,469,3656,425,3509,44,147,0,0,469,3672,0,0,469,3672,California
Tulare,2020-12-31,101,3757,23,3532,78,225,0,0,101,3773,0,0,101,3773,California
Tulare,2021-01-01,3,3760,1,3533,2,227,0,0,3,3776,0,0,3,3776,California
Tulare,2021-01-02,33,3793,20,3553,13,240,0,0,33,3809,0,0,33,3809,California
Tulare,2021-01-03,23,3816,9,3562,14,254,0,0,23,3832,0,0,23,3832,California
Tulare,2021-01-04,93,3909,16,3578,77,331,0,0,93,3925,0,0,93,3925,California
Tulare,2021-01-05,468,4377,279,3857,189,520,0,0,466,4389,2,2,466,4391,California
Tulare,2021-01-06,867,5244,633,4490,234,754,0,0,857,5236,10,12,857,5248,California
Tulare,2021-01-07,786,6030,588,5078,198,952,0,0,679,5808,107,119,679,5927,California
Tulare,2021-01-08,1296,7326,573,5651,723,1675,0,0,959,6431,336,455,959,6886,California
Tulare,2021-01-09,802,8128,202,5853,600,2275,0,0,615,6859,187,642,615,7501,California
Tulare,2021-01-10,50,8178,43,5896,7,2282,0,0,12,6833,38,680,12,7513,California
Tulare,2021-01-11,1275,9453,771,6667,504,2786,0,0,838,7234,437,1117,838,8351,California
Tulare,2021-01-12,1455,10908,506,7173,949,3735,0,0,1044,7869,410,1527,1045,9396,California
Tulare,2021-01-13,427,11335,200,7373,227,3962,0,0,352,8146,75,1602,352,9748,California
Tulare,2021-01-14,495,11830,145,7518,350,4312,0,0,469,8600,15,1617,469,10217,California
Tulare,2021-01-15,1702,13532,161,7679,1541,5853,0,0,1692,10282,10,1627,1692,11909,California
Tulare,2021-01-16,1927,15459,121,7800,1806,7659,0,0,1913,12181,14,1641,1913,13822,California
Tulare,2021-01-17,142,15601,122,7922,20,7679,0,0,132,12303,10,1651,132,13954,California
Tulare,2021-01-18,694,16295,662,8584,32,7711,0,0,295,12199,399,2050,295,14249,California
Tulare,2021-01-19,1021,17316,692,9276,329,8040,0,0,594,12366,427,2477,594,14843,California
Tulare,2021-01-20,2440,19756,614,9890,1826,9866,0,0,2027,14006,387,2864,2027,16870,California
Tulare,2021-01-21,1584,21340,184,10074,1400,11266,0,0,1557,15541,22,2886,1557,18427,California
Tulare,2021-01-22,1075,22415,191,10265,884,12150,0,0,1047,16561,27,2913,1047,19474,California
Tulare,2021-01-23,442,22857,158,10423,284,12434,0,0,421,16961,21,2934,421,19895,California
Tulare,2021-01-24,30,22887,27,10450,3,12437,0,0,28,16987,2,2936,28,19923,California
Tulare,2021-01-25,1352,24239,984,11434,368,12805,0,0,1303,18241,49,2985,1303,21226,California
Tulare,2021-01-26,1514,25753,1100,12534,414,13219,0,0,1175,19078,338,3323,1175,22401,California
Tulare,2021-01-27,1501,27254,1073,13607,428,13647,0,0,921,19420,579,3902,921,23322,California
Tulare,2021-01-28,1217,28471,776,14383,441,14088,0,0,817,19837,400,4302,817,24139,California
Tulare,2021-01-29,1136,29607,724,15107,412,14500,0,0,825,20351,311,4613,825,24964,California
Tulare,2021-01-30,1685,31292,1590,16697,95,14595,0,0,1662,21991,23,4636,1663,26627,California
Tulare,2021-01-31,68,31360,63,16760,5,14600,0,0,65,22053,3,4639,65,26692,California
Tulare,2021-02-01,1196,32556,919,17679,277,14877,0,0,833,22524,362,5001,833,27525,California
Tulare,2021-02-02,703,33259,349,18028,354,15231,0,0,457,22738,244,5245,458,27983,California
Tulare,2021-02-03,574,33833,242,18270,332,15563,0,0,327,22838,227,5472,327,28310,California
Tulare,2021-02-04,571,34404,170,18440,401,15964,0,0,280,22829,290,5762,281,28591,California
Tulare,2021-02-05,1241,35645,237,18677,1004,16968,0,0,403,22396,836,6598,403,28994,California
Tulare,2021-02-06,842,36487,164,18841,678,17646,0,0,208,21972,632,7230,208,29202,California
Tulare,2021-02-07,83,36570,70,18911,13,17659,0,0,22,21933,61,7291,22,29224,California
Tulare,2021-02-08,948,37518,329,19240,619,18278,0,0,242,21471,704,7995,242,29466,California
Tulare,2021-02-09,1435,38953,337,19577,1098,19376,0,0,356,20754,1073,9068,356,29822,California
Tulare,2021-02-10,2478,41431,1990,21567,488,19864,0,0,2079,22435,398,9466,2079,31901,California
Tulare,2021-02-11,1337,42768,379,21946,958,20822,0,0,915,22928,422,9888,915,32816,California
Tulare,2021-02-12,2791,45559,575,22521,2216,23038,0,0,1191,22526,1593,11481,1191,34007,California
Tulare,2021-02-13,2484,48043,158,22679,2326,25364,0,0,652,21350,1828,13309,652,34659,California
Tulare,2021-02-14,335,48378,39,22718,296,25660,0,0,298,21611,37,13346,298,34957,California
Tulare,2021-02-15,921,49299,292,23010,629,26289,0,0,662,22015,258,13604,662,35619,California
Tulare,2021-02-16,2852,52151,1603,24613,1249,27538,0,0,1091,21346,1760,15364,1091,36710,California
Tulare,2021-02-17,2724,54875,518,25131,2206,29744,0,0,463,19554,2255,17619,463,37173,California
Tulare,2021-02-18,2337,57212,456,25587,1881,31625,0,0,640,18505,1689,19308,640,37813,California
Tulare,2021-02-19,2333,59545,880,26467,1453,33078,0,0,957,18088,1374,20682,957,38770,California
Tulare,2021-02-20,3002,62547,1896,28363,1106,34184,0,0,1267,17625,1730,22412,1267,40037,California
Tulare,2021-02-21,95,62642,92,28455,3,34187,0,0,48,17627,46,22458,48,40085,California
Tulare,2021-02-22,1112,63754,705,29160,407,34594,0,0,212,16940,899,23357,212,40297,California
Tulare,2021-02-23,1969,65723,952,30112,1017,35611,0,0,1472,17917,495,23852,1472,41769,California
Tulare,2021-02-24,2493,68216,1556,31668,937,36548,0,0,2119,19664,373,24225,2120,43889,California
Tulare,2021-02-25,3536,71752,1989,33657,1547,38095,0,0,3118,22368,414,24639,3118,47007,California
Tulare,2021-02-26,3878,75630,1901,35558,1977,40072,0,0,3409,25310,467,25106,3409,50416,California
Tulare,2021-02-27,3020,78650,1507,37065,1513,41585,0,0,2885,28072,123,25229,2885,53301,California
Tulare,2021-02-28,1313,79963,1041,38106,272,41857,0,0,1293,29348,17,25246,1293,54594,California
Tulare,2021-03-01,1798,81761,804,38910,994,42851,0,0,1601,30754,195,25441,1601,56195,California
Tulare,2021-03-02,2784,84545,1277,40187,1507,44358,0,0,2610,33193,172,25613,2611,58806,California
Tulare,2021-03-03,3990,88535,2635,42822,1354,45712,1,1,2035,33280,1952,27565,2039,60845,California
Tulare,2021-03-04,2986,91521,1348,44170,1638,47350,0,1,2642,35583,339,27904,2642,63487,California
Tulare,2021-03-05,3459,94980,1771,45941,1673,49023,15,16,2941,38027,515,28419,2959,66446,California
Tulare,2021-03-06,3103,98083,1448,47389,1595,50618,60,76,2849,40683,251,28670,2907,69353,California
Tulare,2021-03-07,1141,99224,704,48093,416,51034,21,97,1101,41766,39,28709,1122,70475,California
Tulare,2021-03-08,1728,100952,1011,49104,548,51582,169,266,1400,43011,323,29032,1568,72043,California
Tulare,2021-03-09,3286,104238,2256,51360,881,52463,149,415,2860,45594,425,29457,3008,75051,California
Tulare,2021-03-10,2985,107223,1412,52772,1399,53862,174,589,2582,47954,394,29851,2754,77805,California
Tulare,2021-03-11,4237,111460,2000,54772,1931,55793,306,895,3279,50582,958,30809,3586,81391,California
Tulare,2021-03-12,4441,115901,2435,57207,1652,57445,354,1249,3152,52807,1281,32090,3506,84897,California
Tulare,2021-03-13,4179,120080,1959,59166,2115,59560,105,1354,3223,55185,950,33040,3328,88225,California
Tulare,2021-03-14,1862,121942,988,60154,654,60214,220,1574,1337,56215,524,33564,1554,89779,California
Tulare,2021-03-15,2767,124709,1643,61797,1007,61221,117,1691,1989,57547,775,34339,2107,91886,California
Tulare,2021-03-16,3463,128172,2126,63923,1257,62478,80,1771,1895,57961,1564,35903,1978,93864,California
Tulare,2021-03-17,4075,132247,2651,66574,1349,63827,75,1846,2320,58614,1749,37652,2402,96266,California
Tulare,2021-03-18,4665,136912,3401,69975,1191,65018,73,1919,2466,58967,2191,39843,2544,98810,California
Tulare,2021-03-19,5128,142040,3370,73345,1561,66579,197,2116,2738,59533,2371,42214,2937,101747,California
Tulare,2021-03-20,4513,146553,2811,76156,1329,67908,373,2489,2073,59551,2432,44646,2450,104197,California
Tulare,2021-03-21,1999,148552,1710,77866,263,68171,26,2515,1055,59691,940,45586,1080,105277,California
Tulare,2021-03-22,2570,151122,1780,79646,679,68850,111,2626,1694,60627,870,46456,1806,107083,California
Tulare,2021-03-23,3761,154883,2160,81806,1550,70400,51,2677,2062,61056,1689,48145,2118,109201,California
Tulare,2021-03-24,3224,158107,2004,83810,1178,71578,42,2719,1811,61505,1405,49550,1854,111055,California
Tulare,2021-03-25,3496,161603,1822,85632,1504,73082,170,2889,1693,61575,1795,51345,1865,112920,California
Tulare,2021-03-26,5290,166893,3156,88788,2024,75106,110,2999,2560,61533,2712,54057,2670,115590,California
Tulare,2021-03-27,3554,170447,1823,90611,1632,76738,99,3098,996,60077,2550,56607,1094,116684,California
Tulare,2021-03-28,1475,171922,1070,91681,374,77112,31,3129,676,59997,797,57404,717,117401,California
Tulare,2021-03-29,2899,174821,1678,93359,1110,78222,111,3240,1233,59681,1662,59066,1346,118747,California
Tulare,2021-03-30,4864,179685,2803,96162,1828,80050,233,3473,1538,58129,3316,62382,1764,120511,California
Tulare,2021-03-31,3986,183671,2357,98519,1515,81565,114,3587,1577,57420,2401,64783,1692,122203,California
Tulare,2021-04-01,4542,188213,2462,100981,2014,83579,66,3653,1562,56079,2970,67753,1629,123832,California
Tulare,2021-04-02,5381,193594,3075,104056,2184,85763,122,3775,1593,54023,3772,71525,1716,125548,California
Tulare,2021-04-03,3646,197240,2109,106165,1163,86926,374,4149,842,52471,2766,74291,1214,126762,California
Tulare,2021-04-04,1637,198877,1149,107314,481,87407,7,4156,360,51565,1273,75564,367,127129,California
Tulare,2021-04-05,3373,202250,2352,109666,752,88159,269,4425,855,50185,2505,78069,1125,128254,California
Tulare,2021-04-06,3449,205699,1474,111140,1477,89636,498,4923,930,49104,2511,80580,1430,129684,California
Tulare,2021-04-07,3926,209625,1855,112995,1633,91269,438,5361,1191,48000,2724,83304,1620,131304,California
Tulare,2021-04-08,4820,214445,2636,115631,1718,92987,466,5827,1542,46739,3265,86569,2004,133308,California
Tulare,2021-04-09,4870,219315,3009,118640,1420,94407,441,6268,1838,45995,3023,89592,2279,135587,California
Tulare,2021-04-10,3874,223189,2092,120732,1459,95866,323,6591,949,44347,2916,92508,1268,136855,California
Tulare,2021-04-11,1594,224783,1055,121787,465,96331,74,6665,495,43819,1097,93605,569,137424,California
Tulare,2021-04-12,3419,228202,2131,123918,690,97021,598,7263,1070,43148,2340,95945,1669,139093,California
Tulare,2021-04-13,2419,230621,1593,125511,816,97837,10,7273,906,42564,1502,97447,918,140011,California
Tulare,2021-04-14,2881,233502,1696,127207,1185,99022,0,7273,924,41535,1953,99400,924,140935,California
Tulare,2021-04-15,3317,236819,2160,129367,1157,100179,0,7273,1487,41203,1819,101219,1487,142422,California
Tulare,2021-04-16,3668,240487,2219,131586,1449,101628,0,7273,1479,40505,2178,103397,1480,143902,California
Tulare,2021-04-17,2220,242707,1303,132889,917,102545,0,7273,1173,40636,1043,104440,1174,145076,California
Tulare,2021-04-18,1523,244230,1193,134082,330,102875,0,7273,817,40748,705,105145,817,145893,California
Tulare,2021-04-19,2134,246364,1224,135306,908,103783,2,7275,898,40416,1232,106377,900,146793,California
Tulare,2021-04-20,2340,248704,1317,136623,1023,104806,0,7275,993,40075,1334,107711,993,147786,California
Tulare,2021-04-21,2215,250919,1335,137958,880,105686,0,7275,812,39524,1364,109075,813,148599,California
Tulare,2021-04-22,2117,253036,1178,139136,939,106625,0,7275,728,38882,1370,110445,728,149327,California
Tulare,2021-04-23,2596,255632,1589,140725,1006,107631,1,7276,1021,38339,1564,112009,1021,150348,California
Tulare,2021-04-24,1648,257280,1056,141781,590,108221,2,7278,852,38402,791,112800,854,151202,California
Tulare,2021-04-25,700,257980,527,142308,173,108394,0,7278,268,38238,432,113232,268,151470,California
Tulare,2021-04-26,1526,259506,919,143227,588,108982,19,7297,639,38014,880,114112,656,152126,California
Tulare,2021-04-27,1670,261176,679,143906,952,109934,39,7336,714,37814,952,115064,752,152878,California
Tulare,2021-04-28,1714,262890,974,144880,698,110632,42,7378,674,37495,1035,116099,716,153594,California
Tulare,2021-04-29,2011,264901,1202,146082,769,111401,40,7418,779,37091,1221,117320,817,154411,California
Tulare,2021-04-30,2452,267353,1785,147867,617,112018,50,7468,906,36508,1538,118858,955,155366,California
Tulare,2021-05-01,1427,268780,1228,149095,187,112205,12,7480,728,36559,689,119547,740,156106,California
Tulare,2021-05-02,590,269370,501,149596,73,112278,16,7496,189,36366,398,119945,205,156311,California
Tulare,2021-05-03,1625,270995,1098,150694,402,112680,125,7621,350,35573,1268,121213,475,156786,California
Tulare,2021-05-04,1562,272557,835,151529,657,113337,70,7691,629,35344,925,122138,696,157482,California
Tulare,2021-05-05,1284,273841,621,152150,573,113910,90,7781,447,35055,826,122964,537,158019,California
Tulare,2021-05-06,1970,275811,1326,153476,595,114505,49,7830,592,34326,1370,124334,641,158660,California
Tulare,2021-05-07,1839,277650,1248,154724,523,115028,68,7898,526,33613,1306,125640,593,159253,California
Tulare,2021-05-08,1233,278883,807,155531,401,115429,25,7923,526,33464,700,126340,551,159804,California
Tulare,2021-05-09,594,279477,469,156000,104,115533,21,7944,117,33130,473,126813,139,159943,California
Tulare,2021-05-10,1025,280502,593,156593,366,115899,66,8010,310,32793,713,127526,376,160319,California
Tulare,2021-05-11,1253,281755,633,157226,538,116437,82,8092,520,32669,726,128252,602,160921,California
Tulare,2021-05-12,1579,283334,1016,158242,505,116942,58,8150,429,32020,1135,129387,486,161407,California
Tulare,2021-05-13,1556,284890,986,159228,531,117473,39,8189,696,31898,856,130243,734,162141,California
Tulare,2021-05-14,1930,286820,1242,160470,624,118097,64,8253,861,31765,1057,131300,924,163065,California
Tulare,2021-05-15,1570,288390,885,161355,639,118736,46,8299,668,31584,894,132194,713,163778,California
Tulare,2021-05-16,698,289088,558,161913,128,118864,12,8311,325,31549,372,132566,337,164115,California
Tulare,2021-05-17,1544,290632,958,162871,513,119377,73,8384,740,31565,797,133363,813,164928,California
Tulare,2021-05-18,1585,292217,857,163728,673,120050,55,8439,794,31626,786,134149,847,165775,California
Tulare,2021-05-19,1481,293698,957,164685,491,120541,33,8472,773,31730,702,134851,806,166581,California
Tulare,2021-05-20,1587,295285,1071,165756,429,120970,87,8559,766,31766,817,135668,853,167434,California
Tulare,2021-05-21,1951,297236,1429,167185,481,121451,41,8600,1071,32006,872,136540,1112,168546,California
Tulare,2021-05-22,1604,298840,1145,168330,436,121887,23,8623,605,31644,991,137531,629,169175,California
Tulare,2021-05-23,393,299233,312,168642,72,121959,9,8632,198,31658,193,137724,207,169382,California
Tulare,2021-05-24,905,300138,551,169193,294,122253,60,8692,404,31623,499,138223,464,169846,California
Tulare,2021-05-25,1188,301326,710,169903,446,122699,32,8724,509,31491,673,138896,541,170387,California
Tulare,2021-05-26,875,302201,487,170390,347,123046,41,8765,400,31461,470,139366,440,170827,California
Tulare,2021-05-27,1275,303476,808,171198,436,123482,31,8796,594,31410,678,140044,627,171454,California
Tulare,2021-05-28,1186,304662,660,171858,477,123959,49,8845,631,31540,549,140593,679,172133,California
Tulare,2021-05-29,870,305532,643,172501,208,124167,19,8864,500,31691,368,140961,519,172652,California
Tulare,2021-05-30,285,305817,206,172707,71,124238,8,8872,165,31746,118,141079,173,172825,California
Tulare,2021-05-31,130,305947,50,172757,69,124307,11,8883,54,31736,75,141154,65,172890,California
Tulare,2021-06-01,1050,306997,624,173381,395,124702,31,8914,404,31534,637,141791,435,173325,California
Tulare,2021-06-02,795,307792,468,173849,295,124997,32,8946,363,31507,420,142211,393,173718,California
Tulare,2021-06-03,1142,308934,810,174659,274,125271,58,9004,420,31282,702,142913,477,174195,California
Tulare,2021-06-04,1164,310098,833,175492,298,125569,33,9037,393,30941,767,143680,426,174621,California
Tulare,2021-06-05,875,310973,696,176188,164,125733,15,9052,298,30680,574,144254,313,174934,California
Tulare,2021-06-06,418,311391,354,176542,46,125779,18,9070,138,30557,279,144533,156,175090,California
Tulare,2021-06-07,879,312270,691,177233,151,125930,37,9107,285,30287,591,145124,321,175411,California
Tulare,2021-06-08,1045,313315,771,178004,213,126143,61,9168,350,30008,690,145814,411,175822,California
Tulare,2021-06-09,896,314211,619,178623,248,126391,29,9197,276,29695,616,146430,303,176125,California
Tulare,2021-06-10,943,315154,754,179377,155,126546,34,9231,316,29420,624,147054,349,176474,California
Tulare,2021-06-11,643,315797,497,179874,127,126673,19,9250,160,29123,476,147530,179,176653,California
Tuolumne,2020-12-16,47,47,47,47,0,0,0,0,47,47,0,0,47,47,California
Tuolumne,2020-12-17,18,65,18,65,0,0,0,0,18,65,0,0,18,65,California
Tuolumne,2020-12-18,101,166,100,165,1,1,0,0,101,166,0,0,101,166,California
Tuolumne,2020-12-19,4,170,4,169,0,1,0,0,4,170,0,0,4,170,California
Tuolumne,2020-12-20,2,172,2,171,0,1,0,0,2,172,0,0,2,172,California
Tuolumne,2020-12-21,115,287,101,272,14,15,0,0,115,287,0,0,115,287,California
Tuolumne,2020-12-22,171,458,171,443,0,15,0,0,171,458,0,0,171,458,California
Tuolumne,2020-12-23,184,642,182,625,2,17,0,0,184,642,0,0,184,642,California
Tuolumne,2020-12-26,2,644,2,627,0,17,0,0,2,644,0,0,2,644,California
Tuolumne,2020-12-28,77,721,75,702,2,19,0,0,77,721,0,0,77,721,California
Tuolumne,2020-12-29,102,823,39,741,63,82,0,0,102,823,0,0,102,823,California
Tuolumne,2020-12-30,80,903,22,763,58,140,0,0,80,903,0,0,80,903,California
Tuolumne,2020-12-31,27,930,20,783,7,147,0,0,27,930,0,0,27,930,California
Tuolumne,2021-01-01,6,936,5,788,1,148,0,0,6,936,0,0,6,936,California
Tuolumne,2021-01-02,118,1054,116,904,2,150,0,0,118,1054,0,0,118,1054,California
Tuolumne,2021-01-03,2,1056,2,906,0,150,0,0,2,1056,0,0,2,1056,California
Tuolumne,2021-01-04,69,1125,26,932,43,193,0,0,69,1125,0,0,69,1125,California
Tuolumne,2021-01-05,93,1218,27,959,66,259,0,0,90,1213,3,3,91,1216,California
Tuolumne,2021-01-06,132,1350,71,1030,61,320,0,0,68,1217,64,67,68,1284,California
Tuolumne,2021-01-07,119,1469,63,1093,56,376,0,0,64,1226,55,122,64,1348,California
Tuolumne,2021-01-08,104,1573,81,1174,23,399,0,0,26,1176,77,199,27,1375,California
Tuolumne,2021-01-09,2,1575,0,1174,2,401,0,0,2,1178,0,199,2,1377,California
Tuolumne,2021-01-10,3,1578,1,1175,2,403,0,0,3,1181,0,199,3,1380,California
Tuolumne,2021-01-11,114,1692,88,1263,26,429,0,0,34,1135,80,279,34,1414,California
Tuolumne,2021-01-12,102,1794,86,1349,16,445,0,0,18,1069,84,363,18,1432,California
Tuolumne,2021-01-13,231,2025,125,1474,106,551,0,0,182,1203,49,412,183,1615,California
Tuolumne,2021-01-14,148,2173,108,1582,40,591,0,0,43,1142,104,516,43,1658,California
Tuolumne,2021-01-15,476,2649,74,1656,402,993,0,0,414,1496,61,577,415,2073,California
Tuolumne,2021-01-16,7,2656,3,1659,4,997,0,0,6,1501,1,578,6,2079,California
Tuolumne,2021-01-17,7,2663,4,1663,3,1000,0,0,7,1508,0,578,7,2086,California
Tuolumne,2021-01-18,46,2709,38,1701,8,1008,0,0,9,1481,36,614,9,2095,California
Tuolumne,2021-01-19,479,3188,74,1775,405,1413,0,0,433,1868,46,660,433,2528,California
Tuolumne,2021-01-20,76,3264,58,1833,18,1431,0,0,24,1841,51,711,24,2552,California
Tuolumne,2021-01-21,56,3320,23,1856,33,1464,0,0,40,1865,16,727,40,2592,California
Tuolumne,2021-01-22,169,3489,16,1872,153,1617,0,0,162,2020,7,734,162,2754,California
Tuolumne,2021-01-23,653,4142,134,2006,519,2136,0,0,546,2472,107,841,559,3313,California
Tuolumne,2021-01-24,523,4665,2,2008,521,2657,0,0,520,2991,3,844,522,3835,California
Tuolumne,2021-01-25,50,4715,28,2036,22,2679,0,0,24,2990,26,870,25,3860,California
Tuolumne,2021-01-26,80,4795,68,2104,12,2691,0,0,40,2991,40,910,41,3901,California
Tuolumne,2021-01-27,61,4856,4,2108,57,2748,0,0,8,2947,52,962,8,3909,California
Tuolumne,2021-01-28,27,4883,7,2115,20,2768,0,0,18,2956,9,971,18,3927,California
Tuolumne,2021-01-29,70,4953,5,2120,65,2833,0,0,32,2950,38,1009,32,3959,California
Tuolumne,2021-01-30,711,5664,553,2673,158,2991,0,0,689,3634,22,1031,706,4665,California
Tuolumne,2021-01-31,7,5671,2,2675,5,2996,0,0,4,3635,3,1034,4,4669,California
Tuolumne,2021-02-01,27,5698,7,2682,20,3016,0,0,24,3656,3,1037,24,4693,California
Tuolumne,2021-02-02,649,6347,42,2724,607,3623,0,0,637,4283,10,1047,637,5330,California
Tuolumne,2021-02-03,241,6588,112,2836,129,3752,0,0,87,4216,154,1201,87,5417,California
Tuolumne,2021-02-04,123,6711,13,2849,110,3862,0,0,61,4215,62,1263,61,5478,California
Tuolumne,2021-02-05,102,6813,15,2864,87,3949,0,0,36,4186,65,1328,36,5514,California
Tuolumne,2021-02-06,858,7671,582,3446,276,4225,0,0,849,5032,9,1337,855,6369,California
Tuolumne,2021-02-07,8,7679,4,3450,4,4229,0,0,4,5032,4,1341,4,6373,California
Tuolumne,2021-02-08,92,7771,41,3491,51,4280,0,0,68,5076,24,1365,68,6441,California
Tuolumne,2021-02-09,865,8636,52,3543,813,5093,0,0,822,5855,43,1408,822,7263,California
Tuolumne,2021-02-10,92,8728,17,3560,75,5168,0,0,31,5826,60,1468,31,7294,California
Tuolumne,2021-02-11,143,8871,68,3628,75,5243,0,0,78,5839,65,1533,78,7372,California
Tuolumne,2021-02-12,650,9521,20,3648,630,5873,0,0,208,5606,441,1974,208,7580,California
Tuolumne,2021-02-13,151,9672,41,3689,110,5983,0,0,121,5698,29,2003,121,7701,California
Tuolumne,2021-02-14,152,9824,14,3703,138,6121,0,0,150,5846,2,2005,150,7851,California
Tuolumne,2021-02-15,188,10012,10,3713,178,6299,0,0,179,6016,9,2014,179,8030,California
Tuolumne,2021-02-16,531,10543,18,3731,513,6812,0,0,122,5735,405,2419,124,8154,California
Tuolumne,2021-02-17,111,10654,63,3794,48,6860,0,0,61,5747,49,2468,61,8215,California
Tuolumne,2021-02-18,681,11335,26,3820,655,7515,0,0,630,6327,51,2519,631,8846,California
Tuolumne,2021-02-19,142,11477,22,3842,120,7635,0,0,42,6269,100,2619,42,8888,California
Tuolumne,2021-02-20,905,12382,341,4183,564,8199,0,0,384,6149,506,3125,386,9274,California
Tuolumne,2021-02-21,978,13360,39,4222,939,9138,0,0,469,6116,506,3631,473,9747,California
Tuolumne,2021-02-22,80,13440,57,4279,23,9161,0,0,46,6129,33,3664,46,9793,California
Tuolumne,2021-02-23,48,13488,24,4303,24,9185,0,0,26,6134,21,3685,26,9819,California
Tuolumne,2021-02-24,104,13592,58,4361,46,9231,0,0,42,6115,61,3746,42,9861,California
Tuolumne,2021-02-25,1051,14643,35,4396,1016,10247,0,0,1020,7104,31,3777,1020,10881,California
Tuolumne,2021-02-26,151,14794,11,4407,140,10387,0,0,125,7204,26,3803,126,11007,California
Tuolumne,2021-02-27,955,15749,579,4986,376,10763,0,0,250,6770,687,4490,253,11260,California
Tuolumne,2021-02-28,56,15805,4,4990,52,10815,0,0,52,6819,3,4493,52,11312,California
Tuolumne,2021-03-01,115,15920,22,5012,92,10907,1,1,77,6861,37,4530,79,11391,California
Tuolumne,2021-03-02,708,16628,75,5087,633,11540,0,1,107,6367,601,5131,107,11498,California
Tuolumne,2021-03-03,95,16723,21,5108,74,11614,0,1,67,6407,27,5158,67,11565,California
Tuolumne,2021-03-04,1173,17896,75,5183,1098,12712,0,1,1108,7450,65,5223,1108,12673,California
Tuolumne,2021-03-05,90,17986,10,5193,80,12792,0,1,52,7466,37,5260,53,12726,California
Tuolumne,2021-03-06,1059,19045,606,5799,451,13243,2,3,204,6826,849,6109,209,12935,California
Tuolumne,2021-03-07,40,19085,12,5811,14,13257,14,17,18,6836,22,6131,32,12967,California
Tuolumne,2021-03-08,197,19282,90,5901,100,13357,7,24,139,6924,58,6189,146,13113,California
Tuolumne,2021-03-09,860,20142,16,5917,833,14190,11,35,68,6218,786,6975,80,13193,California
Tuolumne,2021-03-10,79,20221,12,5929,56,14246,11,46,54,6258,25,7000,65,13258,California
Tuolumne,2021-03-11,1282,21503,37,5966,1240,15486,5,51,1255,7493,27,7027,1262,14520,California
Tuolumne,2021-03-12,298,21801,34,6000,249,15735,15,66,189,7592,108,7135,207,14727,California
Tuolumne,2021-03-13,114,21915,13,6013,101,15836,0,66,84,7648,29,7164,85,14812,California
Tuolumne,2021-03-14,148,22063,10,6023,129,15965,9,75,7,7528,141,7305,21,14833,California
Tuolumne,2021-03-15,302,22365,82,6105,217,16182,3,78,104,7446,197,7502,115,14948,California
Tuolumne,2021-03-16,806,23171,41,6146,754,16936,11,89,668,7988,137,7639,679,15627,California
Tuolumne,2021-03-17,153,23324,33,6179,107,17043,13,102,79,8007,73,7712,92,15719,California
Tuolumne,2021-03-18,948,24272,27,6206,908,17951,13,115,317,7710,627,8339,330,16049,California
Tuolumne,2021-03-19,135,24407,18,6224,87,18038,30,145,73,7752,61,8400,103,16152,California
Tuolumne,2021-03-20,95,24502,8,6232,77,18115,10,155,41,7749,53,8453,50,16202,California
Tuolumne,2021-03-21,833,25335,389,6621,434,18549,10,165,41,7019,782,9235,52,16254,California
Tuolumne,2021-03-22,164,25499,73,6694,72,18621,19,184,97,7069,66,9301,116,16370,California
Tuolumne,2021-03-23,713,26212,638,7332,61,18682,14,198,674,7717,39,9340,687,17057,California
Tuolumne,2021-03-24,110,26322,20,7352,72,18754,18,216,76,7778,33,9373,94,17151,California
Tuolumne,2021-03-25,1300,27622,24,7376,1273,20027,3,219,327,7136,972,10345,330,17481,California
Tuolumne,2021-03-26,275,27897,16,7392,236,20263,23,242,115,7126,149,10494,139,17620,California
Tuolumne,2021-03-27,581,28478,54,7446,527,20790,0,242,316,7181,263,10757,318,17938,California
Tuolumne,2021-03-28,46,28524,5,7451,41,20831,0,242,7,7151,38,10795,8,17946,California
Tuolumne,2021-03-29,206,28730,83,7534,123,20954,0,242,109,7166,94,10889,109,18055,California
Tuolumne,2021-03-30,162,28892,9,7543,152,21106,1,243,118,7242,43,10932,119,18174,California
Tuolumne,2021-03-31,94,28986,13,7556,79,21185,2,245,37,7226,55,10987,39,18213,California
Tuolumne,2021-04-01,1250,30236,29,7585,1221,22406,0,245,227,6433,1020,12007,227,18440,California
Tuolumne,2021-04-02,164,30400,9,7594,129,22535,26,271,90,6477,72,12079,116,18556,California
Tuolumne,2021-04-03,427,30827,35,7629,391,22926,1,272,239,6530,186,12265,239,18795,California
Tuolumne,2021-04-04,33,30860,3,7632,30,22956,0,272,20,6539,11,12276,20,18815,California
Tuolumne,2021-04-05,133,30993,19,7651,107,23063,7,279,59,6532,73,12349,66,18881,California
Tuolumne,2021-04-06,651,31644,516,8167,108,23171,27,306,516,6942,134,12483,544,19425,California
Tuolumne,2021-04-07,128,31772,37,8204,75,23246,16,322,50,6930,78,12561,66,19491,California
Tuolumne,2021-04-08,1447,33219,33,8237,1399,24645,15,337,248,5999,1194,13755,263,19754,California
Tuolumne,2021-04-09,274,33493,42,8279,189,24834,43,380,132,6036,142,13897,179,19933,California
Tuolumne,2021-04-10,55,33548,2,8281,33,24867,20,400,22,6046,32,13929,42,19975,California
Tuolumne,2021-04-11,18,33566,3,8284,12,24879,3,403,12,6055,6,13935,15,19990,California
Tuolumne,2021-04-12,173,33739,66,8350,102,24981,5,408,90,6072,78,14013,95,20085,California
Tuolumne,2021-04-13,788,34527,35,8385,753,25734,0,408,171,5635,608,14621,171,20256,California
Tuolumne,2021-04-14,157,34684,30,8415,127,25861,0,408,79,5641,74,14695,80,20336,California
Tuolumne,2021-04-15,345,35029,21,8436,324,26185,0,408,60,5423,278,14973,60,20396,California
Tuolumne,2021-04-16,253,35282,50,8486,203,26388,0,408,141,5461,104,15077,142,20538,California
Tuolumne,2021-04-17,44,35326,5,8491,39,26427,0,408,27,5471,17,15094,27,20565,California
Tuolumne,2021-04-18,9,35335,2,8493,7,26434,0,408,5,5473,4,15098,6,20571,California
Tuolumne,2021-04-19,176,35511,78,8571,98,26532,0,408,99,5497,75,15173,99,20670,California
Tuolumne,2021-04-20,710,36221,615,9186,95,26627,0,408,75,4945,627,15800,75,20745,California
Tuolumne,2021-04-21,118,36339,25,9211,93,26720,0,408,62,4956,51,15851,62,20807,California
Tuolumne,2021-04-22,710,37049,45,9256,665,27385,0,408,430,5116,271,16122,431,21238,California
Tuolumne,2021-04-23,172,37221,29,9285,143,27528,0,408,81,5109,89,16211,82,21320,California
Tuolumne,2021-04-24,78,37299,17,9302,61,27589,0,408,49,5129,29,16240,49,21369,California
Tuolumne,2021-04-25,25,37324,9,9311,16,27605,0,408,22,5148,3,16243,22,21391,California
Tuolumne,2021-04-26,157,37481,56,9367,101,27706,0,408,73,5139,83,16326,74,21465,California
Tuolumne,2021-04-27,139,37620,22,9389,110,27816,7,415,64,5138,72,16398,71,21536,California
Tuolumne,2021-04-28,111,37731,21,9410,79,27895,11,426,59,5157,51,16449,70,21606,California
Tuolumne,2021-04-29,277,38008,16,9426,253,28148,8,434,54,4999,220,16669,62,21668,California
Tuolumne,2021-04-30,366,38374,23,9449,331,28479,12,446,71,4791,291,16960,83,21751,California
Tuolumne,2021-05-01,25,38399,7,9456,13,28492,5,451,16,4803,9,16969,21,21772,California
Tuolumne,2021-05-02,26,38425,3,9459,21,28513,2,453,19,4817,7,16976,21,21793,California
Tuolumne,2021-05-03,111,38536,14,9473,92,28605,5,458,36,4785,73,17049,41,21834,California
Tuolumne,2021-05-04,707,39243,600,10073,103,28708,4,462,215,4512,491,17540,218,22052,California
Tuolumne,2021-05-05,108,39351,25,10098,77,28785,6,468,56,4525,49,17589,62,22114,California
Tuolumne,2021-05-06,287,39638,12,10110,259,29044,16,484,41,4339,242,17831,56,22170,California
Tuolumne,2021-05-07,329,39967,26,10136,295,29339,8,492,71,4161,257,18088,79,22249,California
Tuolumne,2021-05-08,46,40013,6,10142,36,29375,4,496,31,4181,15,18103,35,22284,California
Tuolumne,2021-05-09,17,40030,2,10144,13,29388,2,498,3,4172,14,18117,5,22289,California
Tuolumne,2021-05-10,113,40143,44,10188,63,29451,6,504,32,4130,80,18197,38,22327,California
Tuolumne,2021-05-11,202,40345,62,10250,128,29579,12,516,55,4051,146,18343,67,22394,California
Tuolumne,2021-05-12,130,40475,20,10270,106,29685,4,520,49,4023,81,18424,53,22447,California
Tuolumne,2021-05-13,116,40591,18,10288,90,29775,8,528,72,4058,44,18468,79,22526,California
Tuolumne,2021-05-14,206,40797,76,10364,120,29895,10,538,107,4078,97,18565,117,22643,California
Tuolumne,2021-05-15,57,40854,14,10378,36,29931,7,545,19,4067,38,18603,27,22670,California
Tuolumne,2021-05-16,26,40880,8,10386,16,29947,2,547,13,4069,13,18616,15,22685,California
Tuolumne,2021-05-17,110,40990,29,10415,78,30025,3,550,47,4057,63,18679,51,22736,California
Tuolumne,2021-05-18,177,41167,53,10468,77,30102,47,597,59,4046,117,18796,106,22842,California
Tuolumne,2021-05-19,119,41286,20,10488,66,30168,33,630,47,4055,71,18867,80,22922,California
Tuolumne,2021-05-20,405,41691,18,10506,382,30550,5,635,52,3761,351,19218,57,22979,California
Tuolumne,2021-05-21,197,41888,91,10597,101,30651,5,640,119,3809,76,19294,124,23103,California
Tuolumne,2021-05-22,56,41944,18,10615,33,30684,5,645,24,3806,31,19325,28,23131,California
Tuolumne,2021-05-23,27,41971,7,10622,19,30703,1,646,10,3800,17,19342,11,23142,California
Tuolumne,2021-05-24,134,42105,41,10663,87,30790,6,652,51,3775,82,19424,57,23199,California
Tuolumne,2021-05-25,293,42398,219,10882,68,30858,6,658,110,3709,182,19606,116,23315,California
Tuolumne,2021-05-26,87,42485,23,10905,62,30920,2,660,37,3698,50,19656,39,23354,California
Tuolumne,2021-05-27,72,42557,13,10918,56,30976,3,663,28,3686,43,19699,31,23385,California
Tuolumne,2021-05-28,111,42668,53,10971,57,31033,1,664,65,3708,44,19743,66,23451,California
Tuolumne,2021-05-29,38,42706,7,10978,25,31058,6,670,17,3710,21,19764,23,23474,California
Tuolumne,2021-05-30,18,42724,1,10979,14,31072,3,673,4,3703,14,19778,7,23481,California
Tuolumne,2021-05-31,10,42734,2,10981,7,31079,1,674,2,3698,8,19786,3,23484,California
Tuolumne,2021-06-01,76,42810,20,11001,52,31131,4,678,22,3671,53,19839,26,23510,California
Tuolumne,2021-06-02,73,42883,7,11008,58,31189,8,686,23,3653,49,19888,31,23541,California
Tuolumne,2021-06-03,75,42958,25,11033,35,31224,15,701,23,3640,51,19939,38,23579,California
Tuolumne,2021-06-04,132,43090,62,11095,67,31291,3,704,38,3589,92,20031,41,23620,California
Tuolumne,2021-06-05,40,43130,10,11105,28,31319,2,706,16,3584,23,20054,18,23638,California
Tuolumne,2021-06-06,19,43149,5,11110,7,31326,7,713,5,3582,14,20068,12,23650,California
Tuolumne,2021-06-07,59,43208,14,11124,37,31363,8,721,26,3583,33,20101,34,23684,California
Tuolumne,2021-06-08,64,43272,14,11138,49,31412,1,722,22,3566,40,20141,23,23707,California
Tuolumne,2021-06-09,73,43345,41,11179,26,31438,6,728,37,3574,35,20176,43,23750,California
Tuolumne,2021-06-10,65,43410,7,11186,51,31489,7,735,15,3547,49,20225,22,23772,California
Tuolumne,2021-06-11,59,43469,35,11221,21,31510,3,738,7,3505,52,20277,10,23782,California
Ventura,2020-12-15,5,5,5,5,0,0,0,0,5,5,0,0,5,5,California
Ventura,2020-12-16,74,79,74,79,0,0,0,0,74,79,0,0,74,79,California
Ventura,2020-12-17,250,329,250,329,0,0,0,0,250,329,0,0,250,329,California
Ventura,2020-12-18,1412,1741,1412,1741,0,0,0,0,1412,1741,0,0,1412,1741,California
Ventura,2020-12-19,913,2654,913,2654,0,0,0,0,913,2654,0,0,913,2654,California
Ventura,2020-12-20,429,3083,429,3083,0,0,0,0,429,3083,0,0,429,3083,California
Ventura,2020-12-21,1464,4547,1464,4547,0,0,0,0,1464,4547,0,0,1464,4547,California
Ventura,2020-12-22,1104,5651,1100,5647,4,4,0,0,1104,5651,0,0,1104,5651,California
Ventura,2020-12-23,1032,6683,982,6629,50,54,0,0,1032,6683,0,0,1032,6683,California
Ventura,2020-12-24,474,7157,377,7006,97,151,0,0,474,7157,0,0,474,7157,California
Ventura,2020-12-25,12,7169,7,7013,5,156,0,0,12,7169,0,0,12,7169,California
Ventura,2020-12-26,116,7285,95,7108,21,177,0,0,116,7285,0,0,116,7285,California
Ventura,2020-12-27,60,7345,29,7137,31,208,0,0,60,7345,0,0,60,7345,California
Ventura,2020-12-28,1070,8415,929,8066,141,349,0,0,1070,8415,0,0,1070,8415,California
Ventura,2020-12-29,1179,9594,771,8837,408,757,0,0,1179,9594,0,0,1179,9594,California
Ventura,2020-12-30,1990,11584,1527,10364,463,1220,0,0,1990,11584,0,0,1990,11584,California
Ventura,2020-12-31,479,12063,162,10526,317,1537,0,0,474,12053,5,5,474,12058,California
Ventura,2021-01-01,34,12097,13,10539,21,1558,0,0,34,12087,0,5,34,12092,California
Ventura,2021-01-02,172,12269,77,10616,95,1653,0,0,172,12259,0,5,172,12264,California
Ventura,2021-01-03,18,12287,8,10624,10,1663,0,0,18,12277,0,5,18,12282,California
Ventura,2021-01-04,1099,13386,556,11180,543,2206,0,0,1098,13375,0,5,1098,13380,California
Ventura,2021-01-05,1378,14764,782,11962,596,2802,0,0,1333,14663,45,50,1333,14713,California
Ventura,2021-01-06,2046,16810,1167,13129,879,3681,0,0,1620,15868,417,467,1622,16335,California
Ventura,2021-01-07,2063,18873,1319,14448,744,4425,0,0,1179,16167,881,1348,1180,17515,California
Ventura,2021-01-08,2196,21069,1474,15922,722,5147,0,0,906,15786,1288,2636,907,18422,California
Ventura,2021-01-09,718,21787,497,16419,221,5368,0,0,316,15700,402,3038,316,18738,California
Ventura,2021-01-10,341,22128,324,16743,17,5385,0,0,127,15613,214,3252,127,18865,California
Ventura,2021-01-11,2444,24572,1492,18235,952,6337,0,0,1488,16149,956,4208,1492,20357,California
Ventura,2021-01-12,3040,27612,1609,19844,1431,7768,0,0,2011,17131,1029,5237,2011,22368,California
Ventura,2021-01-13,2930,30542,1434,21278,1496,9264,0,0,2040,18285,887,6124,2041,24409,California
Ventura,2021-01-14,2728,33270,1053,22331,1675,10939,0,0,2284,20127,443,6567,2285,26694,California
Ventura,2021-01-15,2885,36155,965,23296,1920,12859,0,0,2670,22583,215,6782,2671,29365,California
Ventura,2021-01-16,479,36634,187,23483,292,13151,0,0,400,22904,79,6861,400,29765,California
Ventura,2021-01-17,263,36897,144,23627,119,13270,0,0,254,23150,8,6869,254,30019,California
Ventura,2021-01-18,2214,39111,1671,25298,543,13813,0,0,1667,24272,546,7415,1668,31687,California
Ventura,2021-01-19,3046,42157,2128,27426,918,14731,0,0,2148,25525,898,8313,2151,33838,California
Ventura,2021-01-20,4093,46250,3150,30576,943,15674,0,0,3034,27504,1056,9369,3035,36873,California
Ventura,2021-01-21,3852,50102,2695,33271,1157,16831,0,0,3174,30010,670,10039,3176,40049,California
Ventura,2021-01-22,3584,53686,2476,35747,1108,17939,0,0,3419,33265,165,10204,3420,43469,California
Ventura,2021-01-23,1146,54832,630,36377,516,18455,0,0,1049,34220,96,10300,1051,44520,California
Ventura,2021-01-24,451,55283,135,36512,316,18771,0,0,438,34645,13,10313,438,44958,California
Ventura,2021-01-25,3118,58401,2010,38522,1108,19879,0,0,2564,36657,553,10866,2565,47523,California
Ventura,2021-01-26,3686,62087,2208,40730,1478,21357,0,0,2681,38336,1003,11869,2682,50205,California
Ventura,2021-01-27,3443,65530,1550,42280,1893,23250,0,0,2693,40284,747,12616,2695,52900,California
Ventura,2021-01-28,3833,69363,1984,44264,1849,25099,0,0,3212,42892,606,13222,3214,56114,California
Ventura,2021-01-29,4256,73619,2523,46787,1733,26832,0,0,3757,46163,487,13709,3758,59872,California
Ventura,2021-01-30,3034,76653,1971,48758,1063,27895,0,0,2864,48862,166,13875,2865,62737,California
Ventura,2021-01-31,809,77462,426,49184,383,28278,0,0,722,49498,86,13961,722,63459,California
Ventura,2021-02-01,3957,81419,2114,51298,1843,30121,0,0,3175,51900,775,14736,3177,66636,California
Ventura,2021-02-02,4381,85800,2346,53644,2035,32156,0,0,3353,54231,1024,15760,3355,69991,California
Ventura,2021-02-03,4421,90221,2079,55723,2342,34498,0,0,3412,56640,1004,16764,3413,73404,California
Ventura,2021-02-04,4783,95004,2289,58012,2494,36992,0,0,3505,58879,1270,18034,3509,76913,California
Ventura,2021-02-05,4833,99837,2326,60338,2507,39499,0,0,3336,60733,1484,19518,3338,80251,California
Ventura,2021-02-06,2806,102643,1501,61839,1305,40804,0,0,2408,62744,397,19915,2408,82659,California
Ventura,2021-02-07,712,103355,238,62077,474,41278,0,0,583,63199,129,20044,584,83243,California
Ventura,2021-02-08,3531,106886,1642,63719,1889,43167,0,0,2437,64548,1089,21133,2438,85681,California
Ventura,2021-02-09,4698,111584,1963,65682,2735,45902,0,0,2449,64754,2246,23379,2452,88133,California
Ventura,2021-02-10,4682,116266,2220,67902,2462,48364,0,0,2374,64833,2296,25675,2375,90508,California
Ventura,2021-02-11,4645,120911,1862,69764,2783,51147,0,0,2428,65055,2209,27884,2431,92939,California
Ventura,2021-02-12,6282,127193,2647,72411,3635,54782,0,0,3218,65216,3057,30941,3218,96157,California
Ventura,2021-02-13,3264,130457,1813,74224,1451,56233,0,0,1826,65610,1434,32375,1828,97985,California
Ventura,2021-02-14,1205,131662,122,74346,1083,57316,0,0,995,66396,210,32585,996,98981,California
Ventura,2021-02-15,3967,135629,1785,76131,2182,59498,0,0,2104,66640,1860,34445,2104,101085,California
Ventura,2021-02-16,5524,141153,2693,78824,2831,62329,0,0,2996,67118,2518,36963,2996,104081,California
Ventura,2021-02-17,5270,146423,1903,80727,3367,65696,0,0,3326,68509,1935,38898,3326,107407,California
Ventura,2021-02-18,5753,152176,1814,82541,3939,69635,0,0,3637,70043,2103,41001,3637,111044,California
Ventura,2021-02-19,6455,158631,3756,86297,2699,72334,0,0,3003,69603,3446,44447,3006,114050,California
Ventura,2021-02-20,4922,163553,3167,89464,1755,74089,0,0,2753,70200,2160,46607,2757,116807,California
Ventura,2021-02-21,1075,164628,790,90254,285,74374,0,0,443,70016,627,47234,443,117250,California
Ventura,2021-02-22,5398,170026,2410,92664,2988,77362,0,0,3461,71550,1928,49162,3462,120712,California
Ventura,2021-02-23,5920,175946,2942,95606,2978,80340,0,0,3412,72474,2490,51652,3414,124126,California
Ventura,2021-02-24,7048,182994,2610,98216,4438,84778,0,0,4254,73953,2777,54429,4256,128382,California
Ventura,2021-02-25,7538,190532,2559,100775,4979,89757,0,0,4575,75580,2950,57379,4577,132959,California
Ventura,2021-02-26,9422,199954,2765,103540,6657,96414,0,0,6176,78539,3221,60600,6180,139139,California
Ventura,2021-02-27,10555,210509,5267,108807,5288,101702,0,0,7945,83901,2593,63193,7955,147094,California
Ventura,2021-02-28,2523,213032,1615,110422,907,102609,1,1,2064,85515,450,63643,2064,149158,California
Ventura,2021-03-01,7118,220150,2832,113254,4284,106893,2,3,4726,87880,2376,66019,4741,153899,California
Ventura,2021-03-02,7691,227841,4031,117285,3658,110551,2,5,5392,90984,2288,68307,5392,159291,California
Ventura,2021-03-03,8634,236475,3900,121185,4731,115282,3,8,6097,94569,2519,70826,6104,165395,California
Ventura,2021-03-04,8234,244709,3873,125058,4361,119643,0,8,5545,97444,2672,73498,5547,170942,California
Ventura,2021-03-05,10075,254784,4817,129875,5248,124891,10,18,7189,101781,2870,76368,7207,178149,California
Ventura,2021-03-06,7734,262518,4392,134267,3189,128080,153,171,5783,105776,1943,78311,5938,184087,California
Ventura,2021-03-07,1646,264164,609,134876,937,129017,100,271,1236,106702,410,78721,1336,185423,California
Ventura,2021-03-08,6833,270997,3439,138315,3240,132257,154,425,4726,109485,2100,80821,4883,190306,California
Ventura,2021-03-09,6828,277825,3014,141329,3620,135877,194,619,3966,110800,2849,83670,4164,194470,California
Ventura,2021-03-10,6998,284823,3014,144343,3744,139621,240,859,4681,113418,2302,85972,4920,199390,California
Ventura,2021-03-11,6506,291329,2886,147229,3308,142929,312,1171,3549,114336,2941,88913,3859,203249,California
Ventura,2021-03-12,8666,299995,3039,150268,4783,147712,844,2015,4244,115017,4405,93318,5086,208335,California
Ventura,2021-03-13,7227,307222,2499,152767,3890,151602,838,2853,4302,117240,2916,96234,5139,213474,California
Ventura,2021-03-14,2105,309327,465,153232,1140,152742,500,3353,705,117048,1398,97632,1206,214680,California
Ventura,2021-03-15,7055,316382,2036,155268,3669,156411,1350,4703,3120,117601,3912,101544,4465,219145,California
Ventura,2021-03-16,8102,324484,2450,157718,4538,160949,1114,5817,4171,118966,3918,105462,5283,224428,California
Ventura,2021-03-17,7691,332175,2770,160488,4576,165525,345,6162,4686,121015,2983,108445,5032,229460,California
Ventura,2021-03-18,7375,339550,3263,163751,3964,169489,148,6310,4810,123420,2552,110997,4957,234417,California
Ventura,2021-03-19,8627,348177,3784,167535,4732,174221,111,6421,5230,125387,3372,114369,5339,239756,California
Ventura,2021-03-20,8685,356862,5739,173274,2923,177144,23,6444,4425,125599,4237,118606,4449,244205,California
Ventura,2021-03-21,2781,359643,1516,174790,893,178037,372,6816,1310,125820,1457,120063,1678,245883,California
Ventura,2021-03-22,7394,367037,3676,178466,3615,181652,103,6919,4884,128318,2491,122554,4989,250872,California
Ventura,2021-03-23,8212,375249,3908,182374,4232,185884,72,6991,4603,129411,3580,126134,4673,255545,California
Ventura,2021-03-24,8925,384174,3406,185780,5443,191327,76,7067,4472,129539,4422,130556,4550,260095,California
Ventura,2021-03-25,8814,392988,3903,189683,4810,196137,101,7168,4460,129765,4335,134891,4561,264656,California
Ventura,2021-03-26,9927,402915,3364,193047,5907,202044,656,7824,3977,128476,5920,140811,4631,269287,California
Ventura,2021-03-27,8475,411390,3923,196970,4514,206558,38,7862,2400,124870,6045,146856,2439,271726,California
Ventura,2021-03-28,2506,413896,1407,198377,1091,207649,8,7870,1355,125088,1145,148001,1363,273089,California
Ventura,2021-03-29,8577,422473,4320,202697,4211,211860,46,7916,4258,125102,4290,152291,4304,277393,California
Ventura,2021-03-30,8976,431449,4457,207154,4391,216251,128,8044,4372,125012,4589,156880,4499,281892,California
Ventura,2021-03-31,10775,442224,4862,212016,5287,221538,626,8670,4665,124217,6084,162964,5289,287181,California
Ventura,2021-04-01,10844,453068,5279,217295,4687,226225,878,9548,5491,125269,5311,168275,6363,293544,California
Ventura,2021-04-02,11771,464839,4631,221926,5802,232027,1338,10886,5623,126118,6114,174389,6963,300507,California
Ventura,2021-04-03,8090,472929,4017,225943,2899,234926,1174,12060,3419,126044,4659,179048,4585,305092,California
Ventura,2021-04-04,1705,474634,953,226896,617,235543,135,12195,1145,126770,554,179602,1280,306372,California
Ventura,2021-04-05,9381,484015,4847,231743,3420,238963,1114,13309,4776,128065,4593,184195,5888,312260,California
Ventura,2021-04-06,10920,494935,5562,237305,3868,242831,1490,14799,5627,129913,5266,189461,7114,319374,California
Ventura,2021-04-07,11472,506407,5392,242697,4577,247408,1503,16302,5258,130472,6195,195656,6754,326128,California
Ventura,2021-04-08,10431,516838,5275,247972,4172,251580,984,17286,5204,131447,5204,200860,6179,332307,California
Ventura,2021-04-09,11322,528160,4363,252335,5231,256811,1728,19014,4944,131758,6353,207213,6664,338971,California
Ventura,2021-04-10,9571,537731,3884,256219,3522,260333,2165,21179,3149,130664,6403,213616,5309,344280,California
Ventura,2021-04-11,2439,540170,853,257072,1010,261343,576,21755,682,130173,1747,215363,1256,345536,California
Ventura,2021-04-12,9027,549197,4498,261570,3695,265038,834,22589,3773,129539,5237,220600,4603,350139,California
Ventura,2021-04-13,8875,558072,4499,266069,4370,269408,6,22595,3769,128250,5067,225667,3778,353917,California
Ventura,2021-04-14,8802,566874,4113,270182,4674,274082,15,22610,3389,126288,5375,231042,3413,357330,California
Ventura,2021-04-15,9389,576263,4554,274736,4810,278892,25,22635,4113,125190,5248,236290,4150,361480,California
Ventura,2021-04-16,10098,586361,4437,279173,5659,284551,2,22637,4760,124650,5320,241610,4780,366260,California
Ventura,2021-04-17,8749,595110,5313,284486,3422,287973,14,22651,5078,126088,3654,245264,5092,371352,California
Ventura,2021-04-18,2115,597225,1001,285487,1114,289087,0,22651,903,125785,1206,246470,903,372255,California
Ventura,2021-04-19,8052,605277,4833,290320,3217,292304,2,22653,4630,127018,3399,249869,4632,376887,California
Ventura,2021-04-20,9279,614556,4906,295226,4368,296672,5,22658,4364,126495,4892,254761,4369,381256,California
Ventura,2021-04-21,8909,623465,4562,299788,4342,301014,5,22663,4239,126084,4656,259417,4245,385501,California
Ventura,2021-04-22,10047,633512,5487,305275,4560,305574,0,22663,4473,125004,5554,264971,4474,389975,California
Ventura,2021-04-23,10835,644347,5375,310650,5459,311033,1,22664,5414,125025,5394,270365,5415,395390,California
Ventura,2021-04-24,10430,654777,5884,316534,4546,315579,0,22664,6136,126884,4278,274643,6137,401527,California
Ventura,2021-04-25,2453,657230,1697,318231,756,316335,0,22664,1143,126720,1307,275950,1143,402670,California
Ventura,2021-04-26,7880,665110,4508,322739,3305,319640,67,22731,3287,125506,4563,280513,3349,406019,California
Ventura,2021-04-27,9080,674190,5064,327803,3791,323431,225,22956,3412,123490,5651,286164,3635,409654,California
Ventura,2021-04-28,8302,682492,4816,332619,3168,326599,318,23274,3264,122057,5016,291180,3583,413237,California
Ventura,2021-04-29,7812,690304,4213,336832,3335,329934,264,23538,2790,120115,4995,296175,3053,416290,California
Ventura,2021-04-30,9370,699674,5432,342264,3664,333598,274,23812,3896,118833,5441,301616,4159,420449,California
Ventura,2021-05-01,5021,704695,3616,345880,1302,334900,103,23915,1947,117831,3051,304667,2049,422498,California
Ventura,2021-05-02,2115,706810,1419,347299,608,335508,88,24003,1025,117859,1086,305753,1114,423612,California
Ventura,2021-05-03,6237,713047,3859,351158,2099,337607,279,24282,1965,115849,4253,310006,2243,425855,California
Ventura,2021-05-04,6295,719342,3286,354444,2716,340323,293,24575,2300,114461,3981,313987,2593,428448,California
Ventura,2021-05-05,5323,724665,2978,357422,2087,342410,258,24833,1916,113248,3381,317368,2168,430616,California
Ventura,2021-05-06,6194,730859,3203,360625,2723,345133,268,25101,2004,111350,4171,321539,2273,432889,California
Ventura,2021-05-07,6740,737599,3356,363981,3114,348247,270,25371,2331,109570,4381,325920,2601,435490,California
Ventura,2021-05-08,5286,742885,4102,368083,1030,349277,154,25525,1216,106882,4056,329976,1368,436858,California
Ventura,2021-05-09,1030,743915,724,368807,260,349537,46,25571,388,106679,636,330612,433,437291,California
Ventura,2021-05-10,6063,749978,4065,372872,1787,351324,211,25782,1394,103625,4658,335270,1604,438895,California
Ventura,2021-05-11,5246,755224,3247,376119,1775,353099,224,26006,1538,101688,3698,338968,1761,440656,California
Ventura,2021-05-12,4933,760157,2861,378980,1855,354954,217,26223,1554,100096,3364,342332,1772,442428,California
Ventura,2021-05-13,6222,766379,3749,382729,2262,357216,211,26434,2234,98569,3974,346306,2447,444875,California
Ventura,2021-05-14,7243,773622,4456,387185,2584,359800,203,26637,2757,97059,4467,350773,2957,447832,California
Ventura,2021-05-15,6618,780240,5355,392540,1178,360978,85,26722,2837,96221,3761,354534,2923,450755,California
Ventura,2021-05-16,2163,782403,1674,394214,436,361414,53,26775,1029,96174,1129,355663,1082,451837,California
Ventura,2021-05-17,5832,788235,3546,397760,2072,363486,214,26989,2450,95473,3364,359027,2663,454500,California
Ventura,2021-05-18,5361,793596,3167,400927,2015,365501,179,27168,2178,94666,3163,362190,2356,456856,California
Ventura,2021-05-19,5794,799390,3519,404446,2065,367566,210,27378,2389,93882,3379,365569,2595,459451,California
Ventura,2021-05-20,5427,804817,3022,407468,2247,369813,158,27536,2156,92949,3243,368812,2310,461761,California
Ventura,2021-05-21,7904,812721,4456,411924,3273,373086,175,27711,2617,90484,5256,374068,2791,464552,California
Ventura,2021-05-22,5600,818321,2844,414768,2681,375767,75,27786,1788,88543,3804,377872,1863,466415,California
Ventura,2021-05-23,1931,820252,1473,416241,387,376154,71,27857,730,88149,1195,379067,801,467216,California
Ventura,2021-05-24,4507,824759,2434,418675,1907,378061,166,28023,1454,86730,3036,382103,1617,468833,California
Ventura,2021-05-25,4267,829026,2208,420883,1907,379968,152,28175,1430,85492,2819,384922,1581,470414,California
Ventura,2021-05-26,4251,833277,2263,423146,1825,381793,163,28338,1658,84739,2574,387496,1821,472235,California
Ventura,2021-05-27,3847,837124,1895,425041,1826,383619,126,28464,1394,83819,2439,389935,1519,473754,California
Ventura,2021-05-28,4494,841618,2475,427516,1827,385446,192,28656,1982,83492,2498,392433,2171,475925,California
Ventura,2021-05-29,2139,843757,1335,428851,737,386183,67,28723,1051,83533,1077,393510,1118,477043,California
Ventura,2021-05-30,900,844657,578,429429,269,386452,53,28776,372,83432,526,394036,425,477468,California
Ventura,2021-05-31,254,844911,136,429565,108,386560,10,28786,60,83308,194,394230,70,477538,California
Ventura,2021-06-01,3914,848825,2270,431835,1479,388039,165,28951,1306,82188,2591,396821,1471,479009,California
Ventura,2021-06-02,2930,851755,1625,433460,1170,389209,135,29086,1027,81460,1890,398711,1162,480171,California
Ventura,2021-06-03,3203,854958,1990,435450,1061,390270,152,29238,920,80259,2273,400984,1072,481243,California
Ventura,2021-06-04,4526,859484,3000,438450,1366,391636,160,29398,1491,78888,3022,404006,1651,482894,California
Ventura,2021-06-05,3799,863283,3171,441621,565,392201,63,29461,1169,77503,2617,406623,1232,484126,California
Ventura,2021-06-06,1243,864526,1060,442681,138,392339,45,29506,293,76900,940,407563,337,484463,California
Ventura,2021-06-07,3136,867662,2334,445015,697,393036,105,29611,958,75799,2164,409727,1063,485526,California
Ventura,2021-06-08,2934,870596,1948,446963,859,393895,127,29738,877,74754,2049,411776,1004,486530,California
Ventura,2021-06-09,1863,872459,1165,448128,640,394535,58,29796,509,73973,1347,413123,566,487096,California
Ventura,2021-06-10,1894,874353,1243,449371,583,395118,68,29864,539,73231,1348,414471,606,487702,California
Ventura,2021-06-11,1576,875929,1053,450424,473,395591,50,29914,369,72450,1200,415671,419,488121,California
Yolo,2020-12-15,39,39,39,39,0,0,0,0,39,39,0,0,39,39,California
Yolo,2020-12-16,78,117,78,117,0,0,0,0,78,117,0,0,78,117,California
Yolo,2020-12-17,106,223,106,223,0,0,0,0,106,223,0,0,106,223,California
Yolo,2020-12-18,229,452,229,452,0,0,0,0,229,452,0,0,229,452,California
Yolo,2020-12-19,86,538,86,538,0,0,0,0,86,538,0,0,86,538,California
Yolo,2020-12-20,103,641,103,641,0,0,0,0,103,641,0,0,103,641,California
Yolo,2020-12-21,253,894,253,894,0,0,0,0,253,894,0,0,253,894,California
Yolo,2020-12-22,384,1278,383,1277,1,1,0,0,384,1278,0,0,384,1278,California
Yolo,2020-12-23,438,1716,419,1696,19,20,0,0,438,1716,0,0,438,1716,California
Yolo,2020-12-24,154,1870,96,1792,58,78,0,0,154,1870,0,0,154,1870,California
Yolo,2020-12-25,1,1871,1,1793,0,78,0,0,1,1871,0,0,1,1871,California
Yolo,2020-12-26,75,1946,25,1818,50,128,0,0,75,1946,0,0,75,1946,California
Yolo,2020-12-27,47,1993,20,1838,27,155,0,0,47,1993,0,0,47,1993,California
Yolo,2020-12-28,353,2346,181,2019,172,327,0,0,353,2346,0,0,353,2346,California
Yolo,2020-12-29,491,2837,268,2287,223,550,0,0,491,2837,0,0,491,2837,California
Yolo,2020-12-30,630,3467,260,2547,370,920,0,0,630,3467,0,0,630,3467,California
Yolo,2020-12-31,186,3653,94,2641,92,1012,0,0,186,3653,0,0,186,3653,California
Yolo,2021-01-01,57,3710,55,2696,2,1014,0,0,57,3710,0,0,57,3710,California
Yolo,2021-01-02,70,3780,27,2723,43,1057,0,0,70,3780,0,0,70,3780,California
Yolo,2021-01-03,45,3825,19,2742,26,1083,0,0,45,3825,0,0,45,3825,California
Yolo,2021-01-04,190,4015,39,2781,151,1234,0,0,190,4015,0,0,190,4015,California
Yolo,2021-01-05,616,4631,238,3019,378,1612,0,0,554,4507,62,62,554,4569,California
Yolo,2021-01-06,485,5116,184,3203,301,1913,0,0,345,4712,140,202,345,4914,California
Yolo,2021-01-07,718,5834,231,3434,487,2400,0,0,529,5053,188,390,529,5443,California
Yolo,2021-01-08,634,6468,312,3746,322,2722,0,0,410,5240,223,613,410,5853,California
Yolo,2021-01-09,419,6887,69,3815,350,3072,0,0,373,5567,46,659,373,6226,California
Yolo,2021-01-10,403,7290,79,3894,324,3396,0,0,333,5830,70,729,333,6559,California
Yolo,2021-01-11,565,7855,328,4222,237,3633,0,0,289,5845,276,1005,291,6850,California
Yolo,2021-01-12,487,8342,370,4592,117,3750,0,0,175,5709,312,1317,176,7026,California
Yolo,2021-01-13,771,9113,312,4904,459,4209,0,0,520,5978,251,1568,520,7546,California
Yolo,2021-01-14,381,9494,182,5086,199,4408,0,0,277,6151,104,1672,277,7823,California
Yolo,2021-01-15,631,10125,324,5410,307,4715,0,0,549,6619,82,1754,550,8373,California
Yolo,2021-01-16,745,10870,92,5502,653,5368,0,0,714,7302,31,1785,714,9087,California
Yolo,2021-01-17,187,11057,118,5620,69,5437,0,0,180,7475,7,1792,180,9267,California
Yolo,2021-01-18,486,11543,306,5926,180,5617,0,0,381,7751,105,1897,381,9648,California
Yolo,2021-01-19,557,12100,371,6297,186,5803,0,0,383,7960,174,2071,383,10031,California
Yolo,2021-01-20,659,12759,380,6677,279,6082,0,0,472,8246,186,2257,472,10503,California
Yolo,2021-01-21,648,13407,385,7062,263,6345,0,0,462,8522,186,2443,462,10965,California
Yolo,2021-01-22,751,14158,252,7314,499,6844,0,0,635,9043,114,2557,635,11600,California
Yolo,2021-01-23,614,14772,123,7437,491,7335,0,0,566,9561,48,2605,566,12166,California
Yolo,2021-01-24,208,14980,123,7560,85,7420,0,0,167,9687,41,2646,167,12333,California
Yolo,2021-01-25,733,15713,158,7718,575,7995,0,0,512,9978,221,2867,512,12845,California
Yolo,2021-01-26,830,16543,329,8047,501,8496,0,0,434,10016,396,3263,434,13279,California
Yolo,2021-01-27,554,17097,220,8267,334,8830,0,0,377,10216,177,3440,377,13656,California
Yolo,2021-01-28,1052,18149,566,8833,486,9316,0,0,926,11017,125,3565,926,14582,California
Yolo,2021-01-29,900,19049,266,9099,634,9950,0,0,812,11743,87,3652,813,15395,California
Yolo,2021-01-30,1529,20578,929,10028,600,10550,0,0,1407,13034,116,3768,1407,16802,California
Yolo,2021-01-31,239,20817,201,10229,38,10588,0,0,212,13220,26,3794,212,17014,California
Yolo,2021-02-01,847,21664,361,10590,486,11074,0,0,613,13603,230,4024,613,17627,California
Yolo,2021-02-02,1342,23006,756,11346,586,11660,0,0,931,14124,411,4435,932,18559,California
Yolo,2021-02-03,1524,24530,399,11745,1125,12785,0,0,1183,14969,338,4773,1183,19742,California
Yolo,2021-02-04,1793,26323,281,12026,1512,14297,0,0,1235,15658,547,5320,1236,20978,California
Yolo,2021-02-05,1595,27918,909,12935,686,14983,0,0,1194,16453,400,5720,1195,22173,California
Yolo,2021-02-06,1950,29868,1265,14200,685,15668,0,0,1577,17658,373,6093,1578,23751,California
Yolo,2021-02-07,527,30395,247,14447,280,15948,0,0,169,17470,357,6450,169,23920,California
Yolo,2021-02-08,945,31340,326,14773,619,16567,0,0,603,17734,339,6789,603,24523,California
Yolo,2021-02-09,860,32200,387,15160,473,17040,0,0,575,18024,285,7074,575,25098,California
Yolo,2021-02-10,1467,33667,477,15637,990,18030,0,0,829,18217,638,7712,831,25929,California
Yolo,2021-02-11,1577,35244,809,16446,768,18798,0,0,1183,19006,394,8106,1183,27112,California
Yolo,2021-02-12,1922,37166,763,17209,1159,19957,0,0,1445,19978,473,8579,1445,28557,California
Yolo,2021-02-13,2058,39224,712,17921,1346,21303,0,0,1384,20688,674,9253,1384,29941,California
Yolo,2021-02-14,562,39786,151,18072,411,21714,0,0,437,21001,124,9377,437,30378,California
Yolo,2021-02-15,545,40331,204,18276,341,22055,0,0,274,21005,271,9648,275,30653,California
Yolo,2021-02-16,1130,41461,425,18701,705,22760,0,0,805,21486,325,9973,806,31459,California
Yolo,2021-02-17,1385,42846,701,19402,684,23444,0,0,992,22085,393,10366,992,32451,California
Yolo,2021-02-18,2486,45332,811,20213,1675,25119,0,0,1716,23033,769,11135,1717,34168,California
Yolo,2021-02-19,1751,47083,747,20960,1004,26123,0,0,1128,23540,621,11756,1128,35296,California
Yolo,2021-02-20,2458,49541,956,21916,1502,27625,0,0,1373,23834,1080,12836,1374,36670,California
Yolo,2021-02-21,289,49830,228,22144,61,27686,0,0,75,23696,213,13049,75,36745,California
Yolo,2021-02-22,1369,51199,598,22742,771,28457,0,0,696,23720,672,13721,696,37441,California
Yolo,2021-02-23,1141,52340,854,23596,287,28744,0,0,441,23462,699,14420,441,37882,California
Yolo,2021-02-24,2087,54427,594,24190,1493,30237,0,0,1382,24141,703,15123,1382,39264,California
Yolo,2021-02-25,1393,55820,486,24676,907,31144,0,0,920,24589,472,15595,920,40184,California
Yolo,2021-02-26,2616,58436,1025,25701,1591,32735,0,0,1378,24732,1235,16830,1378,41562,California
Yolo,2021-02-27,1688,60124,790,26491,898,33633,0,0,1233,25510,455,17285,1233,42795,California
Yolo,2021-02-28,1834,61958,1534,28025,300,33933,0,0,718,25115,1114,18399,719,43514,California
Yolo,2021-03-01,1134,63092,371,28396,763,34696,0,0,684,25351,448,18847,684,44198,California
Yolo,2021-03-02,1476,64568,694,29090,782,35478,0,0,943,25761,533,19380,943,45141,California
Yolo,2021-03-03,1854,66422,635,29725,1219,36697,0,0,830,25570,1022,20402,831,45972,California
Yolo,2021-03-04,2919,69341,1475,31200,1444,38141,0,0,1567,25788,1349,21751,1567,47539,California
Yolo,2021-03-05,2358,71699,1412,32612,935,39076,11,11,1467,26377,889,22640,1478,49017,California
Yolo,2021-03-06,1497,73196,1149,33761,319,39395,29,40,854,26619,641,23281,883,49900,California
Yolo,2021-03-07,916,74112,682,34443,220,39615,14,54,783,27283,133,23414,797,50697,California
Yolo,2021-03-08,1109,75221,498,34941,568,40183,43,97,764,27748,343,23757,808,51505,California
Yolo,2021-03-09,1270,76491,679,35620,528,40711,63,160,779,28101,489,24246,842,52347,California
Yolo,2021-03-10,1821,78312,1061,36681,470,41181,290,450,753,28073,1064,25310,1036,53383,California
Yolo,2021-03-11,2347,80659,1610,38291,670,41851,67,517,1610,29015,736,26046,1678,55061,California
Yolo,2021-03-12,2902,83561,1351,39642,1470,43321,81,598,1369,28939,1525,27571,1449,56510,California
Yolo,2021-03-13,1844,85405,728,40370,940,44261,176,774,998,29270,843,28414,1174,57684,California
Yolo,2021-03-14,1016,86421,207,40577,660,44921,149,923,539,29476,476,28890,682,58366,California
Yolo,2021-03-15,1320,87741,769,41346,369,45290,182,1105,710,29757,608,29498,889,59255,California
Yolo,2021-03-16,1883,89624,723,42069,1088,46378,72,1177,1117,30180,766,30264,1189,60444,California
Yolo,2021-03-17,2507,92131,980,43049,1454,47832,73,1250,1718,31217,786,31050,1823,62267,California
Yolo,2021-03-18,3028,95159,1037,44086,1771,49603,220,1470,1256,30925,1768,32818,1476,63743,California
Yolo,2021-03-19,2093,97252,870,44956,1154,50757,69,1539,1088,31084,998,33816,1157,64900,California
Yolo,2021-03-20,2775,100027,823,45779,1908,52665,44,1583,1090,30541,1679,35495,1136,66036,California
Yolo,2021-03-21,315,100342,213,45992,94,52759,8,1591,207,30649,107,35602,215,66251,California
Yolo,2021-03-22,1405,101747,490,46482,856,53615,59,1650,920,31145,482,36084,978,67229,California
Yolo,2021-03-23,1735,103482,936,47418,743,54358,56,1706,1063,31592,671,36755,1118,68347,California
Yolo,2021-03-24,2874,106356,1408,48826,1416,55774,50,1756,1401,31583,1461,38216,1452,69799,California
Yolo,2021-03-25,2549,108905,1417,50243,1104,56878,28,1784,1250,31573,1288,39504,1278,71077,California
Yolo,2021-03-26,2390,111295,1258,51501,1114,57992,18,1802,1019,31246,1363,40867,1036,72113,California
Yolo,2021-03-27,1656,112951,465,51966,1174,59166,17,1819,751,31110,904,41771,768,72881,California
Yolo,2021-03-28,1111,114062,868,52834,225,59391,18,1837,250,30521,856,42627,267,73148,California
Yolo,2021-03-29,2015,116077,817,53651,1168,60559,30,1867,960,30460,1051,43678,990,74138,California
Yolo,2021-03-30,2275,118352,1085,54736,1171,61730,19,1886,1167,30543,1103,44781,1186,75324,California
Yolo,2021-03-31,2356,120708,1228,55964,1091,62821,37,1923,1189,30603,1166,45947,1226,76550,California
Yolo,2021-04-01,3853,124561,1863,57827,1516,64337,474,2397,1613,30452,2237,48184,2086,78636,California
Yolo,2021-04-02,3389,127950,1519,59346,1723,66060,147,2544,2105,31426,1278,49462,2252,80888,California
Yolo,2021-04-03,1825,129775,1102,60448,504,66564,219,2763,817,31455,1007,50469,1036,81924,California
Yolo,2021-04-04,394,130169,156,60604,176,66740,62,2825,146,31415,248,50717,208,82132,California
Yolo,2021-04-05,1919,132088,734,61338,1085,67825,100,2925,1017,31636,897,51614,1118,83250,California
Yolo,2021-04-06,2581,134669,1322,62660,1089,68914,170,3095,1300,31835,1272,52886,1471,84721,California
Yolo,2021-04-07,2989,137658,1526,64186,1108,70022,355,3450,1927,33065,1056,53942,2286,87007,California
Yolo,2021-04-08,2422,140080,1003,65189,945,70967,474,3924,1025,33166,1394,55336,1495,88502,California
Yolo,2021-04-09,2574,142654,922,66111,1086,72053,566,4490,852,32859,1718,57054,1411,89913,California
Yolo,2021-04-10,1760,144414,826,66937,751,72804,183,4673,1042,33368,715,57769,1224,91137,California
Yolo,2021-04-11,927,145341,287,67224,579,73383,61,4734,373,33250,551,58320,433,91570,California
Yolo,2021-04-12,1775,147116,526,67750,1105,74488,144,4878,1103,33828,669,58989,1247,92817,California
Yolo,2021-04-13,1983,149099,910,68660,1073,75561,0,4878,1043,33932,939,59928,1043,93860,California
Yolo,2021-04-14,2792,151891,768,69428,2024,77585,0,4878,1378,33902,1408,61336,1378,95238,California
Yolo,2021-04-15,3332,155223,1135,70563,2197,79782,0,4878,2289,35154,1037,62373,2289,97527,California
Yolo,2021-04-16,3046,158269,1969,72532,1077,80859,0,4878,1952,36018,1088,63461,1952,99479,California
Yolo,2021-04-17,1598,159867,468,73000,1130,81989,0,4878,828,36079,767,64228,828,100307,California
Yolo,2021-04-18,632,160499,303,73303,329,82318,0,4878,353,36157,275,64503,353,100660,California
Yolo,2021-04-19,1664,162163,713,74016,950,83268,1,4879,763,36025,896,65399,764,101424,California
Yolo,2021-04-20,2007,164170,1019,75035,988,84256,0,4879,1081,36182,924,66323,1081,102505,California
Yolo,2021-04-21,1971,166141,982,76017,989,85245,0,4879,1066,36348,900,67223,1066,103571,California
Yolo,2021-04-22,1933,168074,871,76888,1062,86307,0,4879,963,36347,965,68188,964,104535,California
Yolo,2021-04-23,2613,170687,1530,78418,1083,87390,0,4879,1157,36059,1445,69633,1157,105692,California
Yolo,2021-04-24,1164,171851,644,79062,518,87908,2,4881,460,35824,697,70330,462,106154,California
Yolo,2021-04-25,949,172800,407,79469,542,88450,0,4881,728,36332,220,70550,728,106882,California
Yolo,2021-04-26,1229,174029,485,79954,741,89191,3,4884,526,36162,700,71250,530,107412,California
Yolo,2021-04-27,1543,175572,723,80677,801,89992,19,4903,605,35850,938,72188,626,108038,California
Yolo,2021-04-28,2045,177617,1010,81687,1008,91000,27,4930,737,35310,1304,73492,764,108802,California
Yolo,2021-04-29,1754,179371,816,82503,856,91856,82,5012,696,35032,1055,74547,777,109579,California
Yolo,2021-04-30,2013,181384,995,83498,960,92816,58,5070,965,35012,1042,75589,1022,110601,California
Yolo,2021-05-01,1284,182668,995,84493,269,93085,20,5090,372,34493,911,76500,392,110993,California
Yolo,2021-05-02,520,183188,429,84922,68,93153,23,5113,324,34644,196,76696,347,111340,California
Yolo,2021-05-03,1120,184308,407,85329,680,93833,33,5146,299,34156,819,77515,331,111671,California
Yolo,2021-05-04,1447,185755,668,85997,755,94588,24,5170,502,33741,941,78456,526,112197,California
Yolo,2021-05-05,1556,187311,427,86424,1065,95653,64,5234,447,33150,1102,79558,511,112708,California
Yolo,2021-05-06,1494,188805,694,87118,720,96373,80,5314,485,32718,997,80555,565,113273,California
Yolo,2021-05-07,2310,191115,1391,88509,868,97241,51,5365,463,31391,1839,82394,512,113785,California
Yolo,2021-05-08,840,191955,358,88867,426,97667,56,5421,312,31233,525,82919,367,114152,California
Yolo,2021-05-09,395,192350,163,89030,219,97886,13,5434,89,31030,305,83224,102,114254,California
Yolo,2021-05-10,897,193247,352,89382,500,98386,45,5479,150,30479,745,83969,194,114448,California
Yolo,2021-05-11,1151,194398,664,90046,465,98851,22,5501,278,29909,870,84839,300,114748,California
Yolo,2021-05-12,1564,195962,700,90746,833,99684,31,5532,314,29010,1247,86086,348,115096,California
Yolo,2021-05-13,2170,198132,848,91594,1267,100951,55,5587,646,28191,1520,87606,701,115797,California
Yolo,2021-05-14,2033,200165,1517,93111,485,101436,31,5618,1156,28504,874,88480,1187,116984,California
Yolo,2021-05-15,1246,201411,710,93821,489,101925,47,5665,647,28599,599,89079,694,117678,California
Yolo,2021-05-16,1409,202820,1199,95020,204,102129,6,5671,989,29179,415,89494,995,118673,California
Yolo,2021-05-17,1079,203899,392,95412,668,102797,19,5690,315,28753,760,90254,334,119007,California
Yolo,2021-05-18,1685,205584,1105,96517,561,103358,19,5709,911,28914,769,91023,930,119937,California
Yolo,2021-05-19,996,206580,580,97097,380,103738,36,5745,486,28928,508,91531,522,120459,California
Yolo,2021-05-20,1089,207669,691,97788,372,104110,26,5771,390,28651,693,92224,416,120875,California
Yolo,2021-05-21,1436,209105,934,98722,476,104586,26,5797,374,27992,1057,93281,398,121273,California
Yolo,2021-05-22,816,209921,537,99259,271,104857,8,5805,281,27751,530,93811,289,121562,California
Yolo,2021-05-23,617,210538,164,99423,436,105293,17,5822,108,27368,508,94319,125,121687,California
Yolo,2021-05-24,706,211244,346,99769,340,105633,20,5842,221,27128,482,94801,242,121929,California
Yolo,2021-05-25,876,212120,507,100276,347,105980,22,5864,342,26964,528,95329,364,122293,California
Yolo,2021-05-26,806,212926,265,100541,508,106488,33,5897,255,26705,547,95876,288,122581,California
Yolo,2021-05-27,756,213682,379,100920,328,106816,49,5946,304,26610,448,96324,353,122934,California
Yolo,2021-05-28,862,214544,390,101310,444,107260,28,5974,371,26521,487,96811,398,123332,California
Yolo,2021-05-29,591,215135,341,101651,213,107473,37,6011,272,26511,317,97128,307,123639,California
Yolo,2021-05-30,126,215261,69,101720,51,107524,6,6017,54,26501,70,97198,60,123699,California
Yolo,2021-05-31,70,215331,18,101738,48,107572,4,6021,16,26466,54,97252,19,123718,California
Yolo,2021-06-01,746,216077,320,102058,401,107973,25,6046,254,26259,486,97738,279,123997,California
Yolo,2021-06-02,756,216833,301,102359,434,108407,21,6067,235,25997,518,98256,256,124253,California
Yolo,2021-06-03,916,217749,589,102948,304,108711,23,6090,216,25539,697,98953,239,124492,California
Yolo,2021-06-04,1493,219242,1216,104164,254,108965,23,6113,382,24836,1107,100060,404,124896,California
Yolo,2021-06-05,721,219963,551,104715,153,109118,17,6130,167,24466,554,100614,184,125080,California
Yolo,2021-06-06,1108,221071,1044,105759,57,109175,7,6137,175,23716,932,101546,182,125262,California
Yolo,2021-06-07,517,221588,271,106030,226,109401,20,6157,175,23572,338,101884,194,125456,California
Yolo,2021-06-08,1036,222624,807,106837,210,109611,19,6176,198,22952,837,102721,217,125673,California
Yolo,2021-06-09,704,223328,438,107275,240,109851,26,6202,227,22730,475,103196,253,125926,California
Yolo,2021-06-10,483,223811,309,107584,147,109998,27,6229,137,22550,344,103540,164,126090,California
Yolo,2021-06-11,430,224241,312,107896,98,110096,20,6249,111,22362,319,103859,131,126221,California
Yuba,2020-12-16,4,4,4,4,0,0,0,0,4,4,0,0,4,4,California
Yuba,2020-12-17,4,8,4,8,0,0,0,0,4,8,0,0,4,8,California
Yuba,2020-12-18,7,15,7,15,0,0,0,0,7,15,0,0,7,15,California
Yuba,2020-12-19,12,27,12,27,0,0,0,0,12,27,0,0,12,27,California
Yuba,2020-12-20,19,46,19,46,0,0,0,0,19,46,0,0,19,46,California
Yuba,2020-12-21,40,86,40,86,0,0,0,0,40,86,0,0,40,86,California
Yuba,2020-12-22,85,171,85,171,0,0,0,0,85,171,0,0,85,171,California
Yuba,2020-12-23,65,236,63,234,2,2,0,0,65,236,0,0,65,236,California
Yuba,2020-12-24,21,257,11,245,10,12,0,0,21,257,0,0,21,257,California
Yuba,2020-12-26,14,271,13,258,1,13,0,0,14,271,0,0,14,271,California
Yuba,2020-12-27,15,286,15,273,0,13,0,0,15,286,0,0,15,286,California
Yuba,2020-12-28,50,336,34,307,16,29,0,0,50,336,0,0,50,336,California
Yuba,2020-12-29,75,411,10,317,65,94,0,0,75,411,0,0,75,411,California
Yuba,2020-12-30,66,477,21,338,45,139,0,0,66,477,0,0,66,477,California
Yuba,2020-12-31,37,514,6,344,31,170,0,0,37,514,0,0,37,514,California
Yuba,2021-01-02,23,537,22,366,1,171,0,0,23,537,0,0,23,537,California
Yuba,2021-01-03,10,547,6,372,4,175,0,0,10,547,0,0,10,547,California
Yuba,2021-01-04,92,639,23,395,69,244,0,0,92,639,0,0,92,639,California
Yuba,2021-01-05,72,711,38,433,34,278,0,0,71,709,1,1,71,710,California
Yuba,2021-01-06,154,865,76,509,78,356,0,0,148,851,6,7,148,858,California
Yuba,2021-01-07,77,942,20,529,57,413,0,0,74,921,4,11,74,932,California
Yuba,2021-01-08,73,1015,24,553,49,462,0,0,67,982,6,17,67,999,California
Yuba,2021-01-09,18,1033,16,569,2,464,0,0,10,984,8,25,10,1009,California
Yuba,2021-01-10,115,1148,22,591,93,557,0,0,93,1055,22,47,93,1102,California
Yuba,2021-01-11,72,1220,50,641,22,579,0,0,32,1047,40,87,32,1134,California
Yuba,2021-01-12,108,1328,78,719,30,609,0,0,44,1027,64,151,44,1178,California
Yuba,2021-01-13,120,1448,73,792,47,656,0,0,54,1016,65,216,54,1232,California
Yuba,2021-01-14,114,1562,43,835,71,727,0,0,102,1106,12,228,102,1334,California
Yuba,2021-01-15,202,1764,86,921,116,843,0,0,191,1286,11,239,191,1525,California
Yuba,2021-01-16,187,1951,21,942,166,1009,0,0,174,1447,13,252,174,1699,California
Yuba,2021-01-17,13,1964,9,951,4,1013,0,0,7,1448,6,258,7,1706,California
Yuba,2021-01-18,61,2025,31,982,30,1043,0,0,37,1461,24,282,37,1743,California
Yuba,2021-01-19,83,2108,33,1015,50,1093,0,0,67,1512,16,298,67,1810,California
Yuba,2021-01-20,137,2245,87,1102,50,1143,0,0,114,1603,23,321,114,1924,California
Yuba,2021-01-21,217,2462,98,1200,119,1262,0,0,209,1804,8,329,209,2133,California
Yuba,2021-01-22,105,2567,6,1206,99,1361,0,0,96,1891,9,338,96,2229,California
Yuba,2021-01-23,202,2769,7,1213,195,1556,0,0,200,2089,2,340,200,2429,California
Yuba,2021-01-24,10,2779,7,1220,3,1559,0,0,8,2095,2,342,8,2437,California
Yuba,2021-01-25,86,2865,30,1250,56,1615,0,0,53,2116,32,374,53,2490,California
Yuba,2021-01-26,147,3012,39,1289,108,1723,0,0,90,2149,57,431,90,2580,California
Yuba,2021-01-27,186,3198,131,1420,55,1778,0,0,117,2197,69,500,117,2697,California
Yuba,2021-01-28,227,3425,92,1512,135,1913,0,0,173,2316,54,554,173,2870,California
Yuba,2021-01-29,154,3579,47,1559,107,2020,0,0,114,2390,40,594,114,2984,California
Yuba,2021-01-30,415,3994,24,1583,391,2411,0,0,404,2783,11,605,404,3388,California
Yuba,2021-01-31,18,4012,12,1595,6,2417,0,0,16,2797,2,607,16,3404,California
Yuba,2021-02-01,155,4167,75,1670,80,2497,0,0,131,2906,23,630,132,3536,California
Yuba,2021-02-02,124,4291,21,1691,103,2600,0,0,101,2984,23,653,101,3637,California
Yuba,2021-02-03,228,4519,30,1721,198,2798,0,0,116,2989,111,764,116,3753,California
Yuba,2021-02-04,294,4813,118,1839,176,2974,0,0,250,3195,44,808,250,4003,California
Yuba,2021-02-05,150,4963,33,1872,117,3091,0,0,73,3191,77,885,73,4076,California
Yuba,2021-02-06,451,5414,24,1896,427,3518,0,0,444,3628,7,892,444,4520,California
Yuba,2021-02-07,19,5433,13,1909,6,3524,0,0,15,3639,4,896,15,4535,California
Yuba,2021-02-08,98,5531,37,1946,61,3585,0,0,69,3679,29,925,69,4604,California
Yuba,2021-02-09,158,5689,59,2005,99,3684,0,0,87,3695,71,996,87,4691,California
Yuba,2021-02-10,361,6050,174,2179,187,3871,0,0,123,3581,237,1233,123,4814,California
Yuba,2021-02-11,402,6452,67,2246,335,4206,0,0,303,3787,97,1330,303,5117,California
Yuba,2021-02-12,264,6716,26,2272,238,4444,0,0,150,3823,114,1444,150,5267,California
Yuba,2021-02-13,434,7150,36,2308,398,4842,0,0,383,4155,51,1495,383,5650,California
Yuba,2021-02-14,51,7201,10,2318,41,4883,0,0,46,4196,5,1500,46,5696,California
Yuba,2021-02-15,90,7291,37,2355,53,4936,0,0,70,4246,20,1520,70,5766,California
Yuba,2021-02-16,201,7492,52,2407,149,5085,0,0,142,4330,58,1578,142,5908,California
Yuba,2021-02-17,382,7874,157,2564,225,5310,0,0,102,4153,279,1857,102,6010,California
Yuba,2021-02-18,317,8191,48,2612,269,5579,0,0,194,4224,123,1980,194,6204,California
Yuba,2021-02-19,223,8414,79,2691,144,5723,0,0,138,4277,85,2065,138,6342,California
Yuba,2021-02-20,392,8806,31,2722,361,6084,0,0,337,4559,55,2120,337,6679,California
Yuba,2021-02-21,17,8823,14,2736,3,6087,0,0,7,4556,10,2130,7,6686,California
Yuba,2021-02-22,129,8952,79,2815,50,6137,0,0,40,4508,88,2218,40,6726,California
Yuba,2021-02-23,116,9068,26,2841,90,6227,0,0,49,4491,66,2284,49,6775,California
Yuba,2021-02-24,484,9552,137,2978,347,6574,0,0,105,4217,379,2663,105,6880,California
Yuba,2021-02-25,342,9894,136,3114,206,6780,0,0,217,4309,125,2788,217,7097,California
Yuba,2021-02-26,264,10158,71,3185,193,6973,0,0,147,4341,115,2903,147,7244,California
Yuba,2021-02-27,466,10624,47,3232,419,7392,0,0,383,4641,83,2986,383,7627,California
Yuba,2021-02-28,73,10697,23,3255,50,7442,0,0,52,4672,21,3007,52,7679,California
Yuba,2021-03-01,163,10860,45,3300,118,7560,0,0,82,4674,80,3087,82,7761,California
Yuba,2021-03-02,164,11024,39,3339,125,7685,0,0,83,4676,81,3168,83,7844,California
Yuba,2021-03-03,636,11660,160,3499,476,8161,0,0,203,4447,432,3600,203,8047,California
Yuba,2021-03-04,473,12133,273,3772,200,8361,0,0,327,4629,145,3745,327,8374,California
Yuba,2021-03-05,323,12456,58,3830,264,8625,1,1,255,4817,68,3813,256,8630,California
Yuba,2021-03-06,476,12932,33,3863,439,9064,4,5,369,5084,106,3919,373,9003,California
Yuba,2021-03-07,53,12985,29,3892,23,9087,1,6,39,5110,14,3933,40,9043,California
Yuba,2021-03-08,164,13149,51,3943,97,9184,16,22,102,5166,62,3995,118,9161,California
Yuba,2021-03-09,179,13328,45,3988,114,9298,20,42,84,5175,95,4090,104,9265,California
Yuba,2021-03-10,741,14069,237,4225,474,9772,30,72,238,4940,503,4593,268,9533,California
Yuba,2021-03-11,441,14510,196,4421,232,10004,13,85,295,5102,146,4739,308,9841,California
Yuba,2021-03-12,464,14974,83,4504,326,10330,55,140,153,4999,311,5050,208,10049,California
Yuba,2021-03-13,460,15434,341,4845,104,10434,15,155,362,5279,97,5147,377,10426,California
Yuba,2021-03-14,107,15541,20,4865,77,10511,10,165,48,5279,58,5205,58,10484,California
Yuba,2021-03-15,198,15739,53,4918,129,10640,16,181,104,5305,94,5299,120,10604,California
Yuba,2021-03-16,304,16043,77,4995,203,10843,24,205,190,5406,113,5412,214,10818,California
Yuba,2021-03-17,748,16791,165,5160,552,11395,31,236,196,5083,550,5962,227,11045,California
Yuba,2021-03-18,588,17379,159,5319,313,11708,116,352,356,5322,232,6194,471,11516,California
Yuba,2021-03-19,329,17708,119,5438,159,11867,51,403,185,5415,143,6337,236,11752,California
Yuba,2021-03-20,561,18269,82,5520,461,12328,18,421,479,5831,81,6418,497,12249,California
Yuba,2021-03-21,65,18334,39,5559,26,12354,0,421,50,5866,15,6433,50,12299,California
Yuba,2021-03-22,197,18531,72,5631,118,12472,7,428,154,5984,43,6476,161,12460,California
Yuba,2021-03-23,269,18800,80,5711,161,12633,28,456,181,6107,86,6562,209,12669,California
Yuba,2021-03-24,769,19569,258,5969,431,13064,80,536,189,5798,578,7140,269,12938,California
Yuba,2021-03-25,514,20083,271,6240,221,13285,22,558,255,5816,259,7399,277,13215,California
Yuba,2021-03-26,399,20482,141,6381,228,13513,30,588,229,5906,169,7568,259,13474,California
Yuba,2021-03-27,462,20944,29,6410,430,13943,3,591,408,6263,53,7621,410,13884,California
Yuba,2021-03-28,104,21048,43,6453,57,14000,4,595,34,6231,70,7691,38,13922,California
Yuba,2021-03-29,300,21348,89,6542,179,14179,32,627,183,6329,117,7808,215,14137,California
Yuba,2021-03-30,276,21624,68,6610,200,14379,8,635,189,6439,87,7895,197,14334,California
Yuba,2021-03-31,683,22307,115,6725,556,14935,12,647,242,6254,439,8334,254,14588,California
Yuba,2021-04-01,627,22934,291,7016,308,15243,28,675,292,6239,335,8669,320,14908,California
Yuba,2021-04-02,512,23446,98,7114,329,15572,85,760,192,6196,319,8988,276,15184,California
Yuba,2021-04-03,659,24105,56,7170,117,15689,486,1246,88,6200,570,9558,574,15758,California
Yuba,2021-04-04,61,24166,11,7181,43,15732,7,1253,32,6210,29,9587,39,15797,California
Yuba,2021-04-05,254,24420,86,7267,146,15878,22,1275,126,6231,126,9713,147,15944,California
Yuba,2021-04-06,355,24775,116,7383,179,16057,60,1335,170,6276,184,9897,229,16173,California
Yuba,2021-04-07,797,25572,413,7796,329,16386,55,1390,362,6260,432,10329,416,16589,California
Yuba,2021-04-08,755,26327,294,8090,195,16581,266,1656,281,6333,473,10802,546,17135,California
Yuba,2021-04-09,407,26734,171,8261,168,16749,68,1724,170,6335,236,11038,238,17373,California
Yuba,2021-04-10,600,27334,72,8333,79,16828,449,2173,71,6327,527,11565,519,17892,California
Yuba,2021-04-11,107,27441,27,8360,68,16896,12,2185,46,6325,60,11625,58,17950,California
Yuba,2021-04-12,215,27656,47,8407,137,17033,31,2216,79,6300,135,11760,110,18060,California
Yuba,2021-04-13,402,28058,104,8511,298,17331,0,2216,202,6303,199,11959,202,18262,California
Yuba,2021-04-14,716,28774,109,8620,607,17938,0,2216,125,5839,589,12548,125,18387,California
Yuba,2021-04-15,347,29121,133,8753,214,18152,0,2216,154,5801,193,12741,155,18542,California
Yuba,2021-04-16,338,29459,97,8850,241,18393,0,2216,181,5826,156,12897,181,18723,California
Yuba,2021-04-17,411,29870,60,8910,351,18744,0,2216,337,6090,73,12970,337,19060,California
Yuba,2021-04-18,56,29926,10,8920,46,18790,0,2216,26,6086,30,13000,26,19086,California
Yuba,2021-04-19,251,30177,106,9026,145,18935,0,2216,104,6043,147,13147,104,19190,California
Yuba,2021-04-20,323,30500,80,9106,243,19178,0,2216,181,6084,141,13288,182,19372,California
Yuba,2021-04-21,699,31199,279,9385,420,19598,0,2216,294,5973,405,13693,294,19666,California
Yuba,2021-04-22,363,31562,138,9523,225,19823,0,2216,202,6014,161,13854,202,19868,California
Yuba,2021-04-23,355,31917,115,9638,240,20063,0,2216,167,5995,186,14040,167,20035,California
Yuba,2021-04-24,221,32138,70,9708,151,20214,0,2216,126,6026,95,14135,126,20161,California
Yuba,2021-04-25,73,32211,30,9738,43,20257,0,2216,36,6025,37,14172,36,20197,California
Yuba,2021-04-26,241,32452,57,9795,180,20437,4,2220,109,6006,132,14304,113,20310,California
Yuba,2021-04-27,481,32933,163,9958,308,20745,10,2230,241,6019,238,14542,251,20561,California
Yuba,2021-04-28,436,33369,177,10135,254,20999,5,2235,149,5892,281,14823,154,20715,California
Yuba,2021-04-29,440,33809,73,10208,366,21365,1,2236,153,5760,286,15109,154,20869,California
Yuba,2021-04-30,327,34136,89,10297,208,21573,30,2266,137,5739,188,15297,167,21036,California
Yuba,2021-05-01,207,34343,92,10389,96,21669,19,2285,93,5738,113,15410,112,21148,California
Yuba,2021-05-02,72,34415,42,10431,26,21695,4,2289,37,5744,35,15445,41,21189,California
Yuba,2021-05-03,163,34578,65,10496,90,21785,8,2297,52,5695,109,15554,60,21249,California
Yuba,2021-05-04,327,34905,94,10590,212,21997,21,2318,149,5687,178,15732,170,21419,California
Yuba,2021-05-05,316,35221,77,10667,232,22229,7,2325,113,5604,203,15935,120,21539,California
Yuba,2021-05-06,279,35500,102,10769,138,22367,39,2364,91,5549,185,16120,130,21669,California
Yuba,2021-05-07,356,35856,92,10861,236,22603,28,2392,118,5456,238,16358,145,21814,California
Yuba,2021-05-08,108,35964,31,10892,71,22674,6,2398,46,5446,62,16420,52,21866,California
Yuba,2021-05-09,53,36017,24,10916,26,22700,3,2401,38,5472,15,16435,41,21907,California
Yuba,2021-05-10,171,36188,55,10971,98,22798,18,2419,54,5428,116,16551,72,21979,California
Yuba,2021-05-11,383,36571,172,11143,198,22996,13,2432,146,5351,235,16786,158,22137,California
Yuba,2021-05-12,272,36843,141,11284,124,23120,7,2439,114,5314,158,16944,121,22258,California
Yuba,2021-05-13,366,37209,196,11480,127,23247,43,2482,119,5232,244,17188,162,22420,California
Yuba,2021-05-14,367,37576,139,11619,207,23454,21,2503,160,5205,207,17395,180,22600,California
Yuba,2021-05-15,441,38017,112,11731,308,23762,21,2524,112,5010,327,17722,132,22732,California
Yuba,2021-05-16,139,38156,44,11775,86,23848,9,2533,85,5051,53,17775,94,22826,California
Yuba,2021-05-17,215,38371,90,11865,105,23953,20,2553,92,5042,121,17896,112,22938,California
Yuba,2021-05-18,389,38760,160,12025,220,24173,9,2562,165,4992,224,18120,174,23112,California
Yuba,2021-05-19,261,39021,144,12169,111,24284,6,2568,135,5007,126,18246,141,23253,California
Yuba,2021-05-20,427,39448,298,12467,117,24401,12,2580,266,5125,160,18406,278,23531,California
Yuba,2021-05-21,512,39960,269,12736,237,24638,6,2586,314,5249,196,18602,320,23851,California
Yuba,2021-05-22,230,40190,123,12859,96,24734,11,2597,92,5214,138,18740,103,23954,California
Yuba,2021-05-23,65,40255,32,12891,31,24765,2,2599,34,5219,31,18771,36,23990,California
Yuba,2021-05-24,155,40410,47,12938,91,24856,17,2616,44,5170,110,18881,61,24051,California
Yuba,2021-05-25,317,40727,110,13048,191,25047,16,2632,115,5100,201,19082,131,24182,California
Yuba,2021-05-26,232,40959,100,13148,116,25163,16,2648,90,5065,141,19223,106,24288,California
Yuba,2021-05-27,247,41206,75,13223,160,25323,12,2660,108,5049,136,19359,120,24408,California
Yuba,2021-05-28,244,41450,111,13334,129,25452,4,2664,121,5053,121,19480,125,24533,California
Yuba,2021-05-29,164,41614,66,13400,76,25528,22,2686,94,5100,69,19549,116,24649,California
Yuba,2021-05-30,50,41664,20,13420,25,25553,5,2691,20,5095,30,19579,25,24674,California
Yuba,2021-05-31,31,41695,3,13423,21,25574,7,2698,11,5093,20,19599,18,24692,California
Yuba,2021-06-01,248,41943,106,13529,135,25709,7,2705,87,5029,157,19756,93,24785,California
Yuba,2021-06-02,200,42143,79,13608,114,25823,7,2712,63,4963,136,19892,70,24855,California
Yuba,2021-06-03,175,42318,101,13709,69,25892,5,2717,63,4919,112,20004,68,24923,California
Yuba,2021-06-04,244,42562,120,13829,115,26007,9,2726,81,4846,163,20167,90,25013,California
Yuba,2021-06-05,198,42760,149,13978,43,26050,6,2732,91,4837,106,20273,97,25110,California
Yuba,2021-06-06,106,42866,90,14068,13,26063,3,2735,23,4781,82,20355,26,25136,California
Yuba,2021-06-07,115,42981,49,14117,52,26115,14,2749,38,4756,77,20432,52,25188,California
Yuba,2021-06-08,239,43220,109,14226,121,26236,9,2758,70,4668,167,20599,79,25267,California
Yuba,2021-06-09,142,43362,87,14313,49,26285,6,2764,59,4650,83,20682,65,25332,California
Yuba,2021-06-10,357,43719,295,14608,57,26342,5,2769,87,4474,268,20950,92,25424,California
Yuba,2021-06-11,233,43952,178,14786,48,26390,7,2776,36,4320,197,21147,43,25467,California
