county,administered_date,total_doses,cumulative_total_doses,pfizer_doses,cumulative_pfizer_doses,moderna_doses,cumulative_moderna_doses,jj_doses,cumulative_jj_doses,partially_vaccinated,total_partially_vaccinated,fully_vaccinated,cumulative_fully_vaccinated,at_least_one_dose,cumulative_at_least_one_dose,california_flag
All CA Counties,2020-12-15,1139,1139,1139,1139,0,0,0,0,1139,1139,0,0,1139,1139,
All CA Counties,2020-12-16,8432,9571,8432,9571,0,0,0,0,8432,9571,0,0,8432,9571,
All CA Counties,2020-12-17,25878,35449,25878,35449,0,0,0,0,25880,35451,0,0,25880,35451,
All CA Counties,2020-12-18,43908,79357,43852,79301,56,56,0,0,43909,79360,0,0,43909,79360,
All CA Counties,2020-12-19,25321,104678,25296,104597,25,81,0,0,25320,104679,1,1,25320,104680,
All CA Counties,2020-12-20,19023,123701,18996,123593,27,108,0,0,19022,123700,1,2,19022,123702,
All CA Counties,2020-12-21,49716,173417,49630,173223,86,194,0,0,49718,173417,2,4,49719,173421,
All CA Counties,2020-12-22,50090,223507,47963,221186,2127,2321,0,0,50088,223504,1,5,50088,223509,
All CA Counties,2020-12-23,50720,274227,41946,263132,8774,11095,0,0,50716,274219,4,9,50719,274228,
All CA Counties,2020-12-24,24118,298345,16397,279529,7721,18816,0,0,24115,298333,3,12,24117,298345,
All CA Counties,2020-12-25,2352,300697,2029,281558,323,19139,0,0,2352,300685,0,12,2352,300697,
All CA Counties,2020-12-26,14711,315408,9465,291023,5246,24385,0,0,14709,315393,1,13,14709,315406,
All CA Counties,2020-12-27,9440,324848,5590,296613,3850,28235,0,0,9439,324831,1,14,9439,324845,
All CA Counties,2020-12-28,45879,370727,29431,326044,16448,44683,0,0,45877,370705,3,17,45877,370722,
All CA Counties,2020-12-29,50998,421725,28435,354479,22563,67246,0,0,50994,421696,3,20,50994,421716,
All CA Counties,2020-12-30,62878,484603,35523,390002,27355,94601,0,0,62870,484563,6,26,62873,484589,
All CA Counties,2020-12-31,29350,513953,10859,400861,18491,113092,0,0,29341,513898,7,33,29342,513931,
All CA Counties,2021-01-01,4187,518140,1867,402728,2320,115412,0,0,4183,518078,3,36,4183,518114,
All CA Counties,2021-01-02,18435,536575,10360,413088,8075,123487,0,0,18434,536512,0,36,18434,536548,
All CA Counties,2021-01-03,6167,542742,3654,416742,2513,126000,0,0,6138,542638,12,48,6138,542686,
All CA Counties,2021-01-04,43580,586322,22210,438952,21370,147370,0,0,43501,586097,42,90,43501,586187,
All CA Counties,2021-01-05,56491,642813,30095,469047,26396,173766,0,0,51033,631820,5402,5492,51125,637312,
All CA Counties,2021-01-06,73333,716146,40635,509682,32698,206464,0,0,57941,674580,15213,20705,57973,695285,
All CA Counties,2021-01-07,92000,808146,52440,562122,39560,246024,0,0,61313,705423,30519,51224,61362,756647,
All CA Counties,2021-01-08,106674,914820,64171,626293,42503,288527,0,0,65484,729915,41056,92280,65548,822195,
All CA Counties,2021-01-09,44307,959127,25556,651849,18751,307278,0,0,27786,741231,16497,108777,27813,850008,
All CA Counties,2021-01-10,24305,983432,15015,666864,9290,316568,0,0,13074,743108,11214,119991,13091,863099,
All CA Counties,2021-01-11,104456,1087888,69501,736365,34955,351523,0,0,60622,760107,43792,163783,60791,923890,
All CA Counties,2021-01-12,113381,1201269,67128,803493,46253,397776,0,0,72380,791797,40922,204705,72612,996502,
All CA Counties,2021-01-13,119043,1320312,61776,865269,57267,455043,0,0,85345,843609,33612,238317,85424,1081926,
All CA Counties,2021-01-14,123691,1444003,49591,914860,74100,529143,0,0,104122,928429,19464,257781,104284,1186210,
All CA Counties,2021-01-15,141707,1585710,51799,966659,89908,619051,0,0,126669,1040359,14945,272726,126875,1313085,
All CA Counties,2021-01-16,80363,1666073,27324,993983,53039,672090,0,0,72807,1105686,7530,280256,72857,1385942,
All CA Counties,2021-01-17,48097,1714170,16797,1010780,31300,703390,0,0,44461,1146565,3629,283885,44508,1430450,
All CA Counties,2021-01-18,88063,1802233,45956,1056736,42107,745497,0,0,68782,1196302,19206,303091,68943,1499393,
All CA Counties,2021-01-19,141824,1944057,73576,1130312,68248,813745,0,0,110708,1276308,31024,334115,111030,1610423,
All CA Counties,2021-01-20,160126,2104183,81879,1212191,78247,891992,0,0,126584,1369824,33324,367439,126840,1737263,
All CA Counties,2021-01-21,173161,2277344,76874,1289065,96287,988279,0,0,154089,1505398,18862,386301,154436,1891699,
All CA Counties,2021-01-22,169340,2446684,69169,1358234,100171,1088450,0,0,155076,1646486,14132,400433,155220,2046919,
All CA Counties,2021-01-23,111212,2557896,49429,1407663,61783,1150233,0,0,98724,1732893,12430,412863,98837,2145756,
All CA Counties,2021-01-24,60960,2618856,29483,1437146,31477,1181710,0,0,56317,1784657,4613,417476,56377,2202133,
All CA Counties,2021-01-25,144994,2763850,65361,1502507,79633,1261343,0,0,109932,1860007,34937,452413,110287,2312420,
All CA Counties,2021-01-26,168365,2932215,82735,1585242,85630,1346973,0,0,130969,1953968,37265,489678,131226,2443646,
All CA Counties,2021-01-27,181649,3113864,87700,1672942,93949,1440922,0,0,142417,2057679,38916,528594,142627,2586273,
All CA Counties,2021-01-28,187531,3301395,86535,1759477,100996,1541918,0,0,153474,2177590,33772,562366,153683,2739956,
All CA Counties,2021-01-29,183266,3484661,88224,1847701,95042,1636960,0,0,148716,2292492,33980,596346,148882,2888838,
All CA Counties,2021-01-30,123369,3608030,55644,1903345,67725,1704685,0,0,107995,2385415,15211,611557,108134,2996972,
All CA Counties,2021-01-31,68962,3676992,38641,1941986,30321,1735006,0,0,64199,2444954,4714,616271,64253,3061225,
All CA Counties,2021-02-01,161776,3838768,75984,2017970,85792,1820798,0,0,121124,2525709,40495,656766,121250,3182475,
All CA Counties,2021-02-02,184409,4023177,77698,2095668,106711,1927509,0,0,140152,2622101,43981,700747,140373,3322848,
All CA Counties,2021-02-03,210747,4233924,95511,2191179,115236,2042745,0,0,156461,2725015,53790,754537,156704,3479552,
All CA Counties,2021-02-04,227608,4461532,99734,2290913,127874,2170619,0,0,167113,2832522,59961,814498,167468,3647020,
All CA Counties,2021-02-05,245696,4707228,106306,2397219,139390,2310009,0,0,167031,2922172,77901,892399,167551,3814571,
All CA Counties,2021-02-06,154720,4861948,74825,2472044,79895,2389904,0,0,119996,3008098,34560,926959,120486,3935057,
All CA Counties,2021-02-07,66799,4928747,43192,2515236,23607,2413511,0,0,50391,3042608,16331,943290,50841,3985898,
All CA Counties,2021-02-08,180576,5109323,88823,2604059,91753,2505264,0,0,119218,3101634,60930,1004220,119956,4105854,
All CA Counties,2021-02-09,211201,5320524,102122,2706181,109079,2614343,0,0,126697,3145411,84056,1088276,127833,4233687,
All CA Counties,2021-02-10,248226,5568750,119598,2825779,128628,2742971,0,0,137839,3175146,109577,1197853,139312,4372999,
All CA Counties,2021-02-11,265096,5833846,131282,2957061,133814,2876785,0,0,144925,3202783,119068,1316921,146705,4519704,
All CA Counties,2021-02-12,272012,6105858,119249,3076310,152763,3029548,0,0,146890,3227756,124273,1441194,149246,4668950,
All CA Counties,2021-02-13,166685,6272543,77240,3153550,89445,3118993,0,0,92166,3247719,74152,1515346,94115,4763065,
All CA Counties,2021-02-14,95243,6367786,47373,3200923,47870,3166863,0,0,51589,3257358,43490,1558836,53129,4816194,
All CA Counties,2021-02-15,142271,6510057,62402,3263325,79869,3246732,0,0,78770,3276119,63129,1621965,81890,4898084,
All CA Counties,2021-02-16,248599,6758656,117952,3381277,130647,3377379,0,0,133070,3297125,115156,1737121,136162,5034246,
All CA Counties,2021-02-17,258720,7017376,128740,3510017,129980,3507359,0,0,128960,3300059,129226,1866347,132160,5166406,
All CA Counties,2021-02-18,272314,7289690,142015,3652032,130299,3637658,0,0,131728,3296102,139892,2006239,135935,5302341,
All CA Counties,2021-02-19,252228,7541918,146294,3798326,105934,3743592,0,0,130298,3307025,121445,2127684,132368,5434709,
All CA Counties,2021-02-20,152565,7694483,97815,3896141,54750,3798342,0,0,84040,3324765,68267,2195951,86007,5520716,
All CA Counties,2021-02-21,81967,7776450,67930,3964071,14037,3812379,0,0,41298,3327195,40434,2236385,42864,5563580,
All CA Counties,2021-02-22,163623,7940073,109771,4073842,53852,3866231,0,0,82032,3329677,81276,2317661,83758,5647338,
All CA Counties,2021-02-23,225154,8165227,119280,4193122,105874,3972105,0,0,104987,3321067,119575,2437236,110965,5758303,
All CA Counties,2021-02-24,282680,8447907,142879,4336001,139801,4111906,0,0,134383,3315302,147680,2584916,141915,5900218,
All CA Counties,2021-02-25,319683,8767590,157395,4493396,162288,4274194,0,0,167357,3339548,151642,2736558,175888,6076106,
All CA Counties,2021-02-26,353077,9120667,164287,4657683,188790,4462984,0,0,197086,3388798,155091,2891649,204341,6280447,
All CA Counties,2021-02-27,251235,9371902,122025,4779708,129190,4592174,20,20,142727,3428047,107899,2999548,147148,6427595,
All CA Counties,2021-02-28,130301,9502203,77917,4857625,52379,4644553,5,25,76130,3453268,53751,3053299,78972,6506567,
All CA Counties,2021-03-01,239574,9741777,127650,4985275,111833,4756386,91,116,138327,3495165,100510,3153809,142407,6648974,
All CA Counties,2021-03-02,288675,10030452,146083,5131358,142573,4898959,19,135,174460,3562807,113711,3267520,181353,6830327,
All CA Counties,2021-03-03,331552,10362004,164501,5295859,166998,5065957,53,188,191035,3621352,139839,3407359,198384,7028711,
All CA Counties,2021-03-04,350777,10712781,177588,5473447,173100,5239057,89,277,206015,3690453,144021,3551380,213122,7241833,
All CA Counties,2021-03-05,339166,11051947,167017,5640464,171027,5410084,1122,1399,211374,3783210,126985,3678365,219742,7461575,
All CA Counties,2021-03-06,259189,11311136,133066,5773530,118324,5528408,7799,9198,161294,3859507,97485,3775850,173782,7635357,
All CA Counties,2021-03-07,127443,11438579,78430,5851960,44924,5573332,4089,13287,79902,3899811,47355,3823205,87659,7723016,
All CA Counties,2021-03-08,218574,11657153,106216,5958176,101967,5675299,10391,23678,143241,3983442,74958,3898163,158589,7881605,
All CA Counties,2021-03-09,291136,11948289,139329,6097505,135956,5811255,15851,39529,163580,4039847,127080,4025243,183485,8065090,
All CA Counties,2021-03-10,322150,12270439,160847,6258352,136905,5948160,24398,63927,174830,4096551,146677,4171920,203381,8268471,
All CA Counties,2021-03-11,376185,12646624,181850,6440202,161044,6109204,33291,97218,193429,4145644,181842,4353762,230935,8499406,
All CA Counties,2021-03-12,394558,13041182,176471,6616673,171820,6281024,46267,143485,194188,4190649,199585,4553347,244590,8743996,
All CA Counties,2021-03-13,282890,13324072,124791,6741464,126998,6408022,31101,174586,153077,4249840,129368,4682715,188559,8932555,
All CA Counties,2021-03-14,154799,13478871,83231,6824695,56488,6464510,15080,189666,78839,4270348,75681,4758396,96189,9028744,
All CA Counties,2021-03-15,290276,13769147,138702,6963397,131036,6595546,20538,210204,158278,4321256,131283,4889679,182191,9210935,
All CA Counties,2021-03-16,369925,14139072,173756,7137153,178889,6774435,17280,227484,214828,4402194,154372,5044051,235310,9446245,
All CA Counties,2021-03-17,383059,14522131,189502,7326655,175029,6949464,18528,246012,237621,4516222,144633,5188684,258661,9704906,
All CA Counties,2021-03-18,400498,14922629,205183,7531838,177344,7126808,17971,263983,238681,4614199,160738,5349422,258715,9963621,
All CA Counties,2021-03-19,410433,15333062,215828,7747666,173041,7299849,21564,285547,239613,4707497,169858,5519280,263156,10226777,
All CA Counties,2021-03-20,294572,15627634,154977,7902643,123746,7423595,15849,301396,186912,4804692,107006,5626286,204201,10430978,
All CA Counties,2021-03-21,143557,15771191,99256,8001899,36787,7460382,7514,308910,90143,4850630,53066,5679352,99004,10529982,
All CA Counties,2021-03-22,272943,16044134,159036,8160935,102719,7563101,11188,320098,178914,4950461,93275,5772627,193106,10723088,
All CA Counties,2021-03-23,356922,16401056,196519,8357454,149351,7712452,11052,331150,219719,5047502,136306,5908933,233347,10956435,
All CA Counties,2021-03-24,387098,16788154,221859,8579313,152791,7865243,12448,343598,226017,5128200,159864,6068797,240562,11196997,
All CA Counties,2021-03-25,417282,17205436,230120,8809433,172367,8037610,14795,358393,237253,5203670,178738,6247535,254208,11451205,
All CA Counties,2021-03-26,434573,17640009,232685,9042118,185827,8223437,16061,374454,235316,5259838,198065,6445600,254233,11705438,
All CA Counties,2021-03-27,312100,17952109,166279,9208397,134047,8357484,11774,386228,158127,5278822,153165,6598765,172149,11877587,
All CA Counties,2021-03-28,169079,18121188,108881,9317278,56622,8414106,3576,389804,89643,5294965,78991,6677756,95134,11972721,
All CA Counties,2021-03-29,309883,18431071,167376,9484654,133470,8547576,9037,398841,173372,5344118,135767,6813523,184920,12157641,
All CA Counties,2021-03-30,397841,18828912,201838,9686492,177818,8725394,18185,417026,224080,5415186,172992,6986515,244060,12401701,
All CA Counties,2021-03-31,425893,19254805,231920,9918412,172316,8897710,21657,438683,238373,5489753,186534,7173049,261101,12662802,
All CA Counties,2021-04-01,490635,19745440,251809,10170221,198662,9096372,40164,478847,271305,5584395,218064,7391113,312706,12975508,
All CA Counties,2021-04-02,472847,20218287,230781,10401002,199013,9295385,43053,521900,257342,5672272,214302,7605415,302179,13277687,
All CA Counties,2021-04-03,329158,20547445,167677,10568679,120104,9415489,41377,563277,164319,5714890,164220,7769635,206838,13484525,
All CA Counties,2021-04-04,132350,20679795,69064,10637743,44273,9459762,19013,582290,58170,5718327,73894,7843529,77331,13561856,
All CA Counties,2021-04-05,352845,21032640,182002,10819745,131248,9591010,39595,621885,174266,5756822,177898,8021427,216393,13778249,
All CA Counties,2021-04-06,456513,21489153,231508,11051253,159633,9750643,65372,687257,221635,5811994,233973,8255400,289145,14067394,
All CA Counties,2021-04-07,470577,21959730,244523,11295776,156327,9906970,69727,756984,229624,5872660,240045,8495445,300711,14368105,
All CA Counties,2021-04-08,497557,22457287,251257,11547033,162355,10069325,83945,840929,234526,5932034,261943,8757388,321317,14689422,
All CA Counties,2021-04-09,492721,22950008,245974,11793007,167372,10236697,79375,920304,227404,5978289,264318,9021706,310573,14999995,
All CA Counties,2021-04-10,365457,23315465,167447,11960454,124127,10360824,73883,994187,153587,5997670,211163,9232869,230544,15230539,
All CA Counties,2021-04-11,186499,23501964,104641,12065095,47860,10408684,33998,1028185,77011,6002485,109157,9342026,113972,15344511,
All CA Counties,2021-04-12,337304,23839268,173222,12238317,126274,10534958,37808,1065993,156266,6019923,180133,9522159,197571,15542082,
All CA Counties,2021-04-13,430066,24269334,240717,12479034,188416,10723374,933,1066926,240219,6075160,188895,9711054,244132,15786214,
All CA Counties,2021-04-14,448110,24717444,251498,12730532,196330,10919704,282,1067208,234497,6101887,212501,9923555,239228,16025442,
All CA Counties,2021-04-15,489133,25206577,285018,13015550,203876,11123580,239,1067447,274402,6165945,213344,10136899,277402,16302844,
All CA Counties,2021-04-16,473862,25680439,266924,13282474,206631,11330211,307,1067754,253028,6202000,219665,10356564,255720,16558564,
All CA Counties,2021-04-17,340027,26020466,190478,13472952,149508,11479719,41,1067795,193494,6252907,145742,10502306,196649,16755213,
All CA Counties,2021-04-18,153906,26174372,97734,13570686,56156,11535875,16,1067811,79190,6260761,74334,10576640,82188,16837401,
All CA Counties,2021-04-19,316900,26491272,182913,13753599,133900,11669775,87,1067898,150014,6246693,166029,10742669,151961,16989362,
All CA Counties,2021-04-20,406060,26897332,216130,13969729,189865,11859640,65,1067963,202443,6249625,202621,10945290,205553,17194915,
All CA Counties,2021-04-21,418529,27315861,237525,14207254,180744,12040384,260,1068223,200959,6237704,216213,11161503,204292,17399207,
All CA Counties,2021-04-22,445337,27761198,253951,14461205,191311,12231695,75,1068298,198961,6194841,245050,11406553,202187,17601394,
All CA Counties,2021-04-23,436681,28197879,248899,14710104,187695,12419390,87,1068385,197693,6158215,237675,11644228,201049,17802443,
All CA Counties,2021-04-24,322621,28520500,204052,14914156,118406,12537796,163,1068548,163670,6167220,158035,11802263,167040,17969483,
All CA Counties,2021-04-25,149185,28669685,98438,15012594,50681,12588477,66,1068614,80328,6180595,68425,11870688,81800,18051283,
All CA Counties,2021-04-26,279468,28949153,164043,15176637,113969,12702446,1456,1070070,121269,6150351,157286,12027974,127042,18178325,
All CA Counties,2021-04-27,348418,29297571,194144,15370781,148861,12851307,5413,1075483,140544,6092495,206807,12234781,148951,18327276,
All CA Counties,2021-04-28,346907,29644478,199132,15569913,139954,12991261,7821,1083304,141291,6039273,204612,12439393,151390,18478666,
All CA Counties,2021-04-29,355610,30000088,204953,15774866,142835,13134096,7822,1091126,128191,5950778,226322,12665715,137827,18616493,
All CA Counties,2021-04-30,370940,30371028,213121,15987987,149034,13283130,8785,1099911,140263,5872240,229487,12895202,150949,18767442,
All CA Counties,2021-05-01,245995,30617023,157335,16145322,82641,13365771,6019,1105930,89423,5814047,155833,13051035,97640,18865082,
All CA Counties,2021-05-02,115369,30732392,80301,16225623,31249,13397020,3819,1109749,40837,5784913,74156,13125191,45022,18910104,
All CA Counties,2021-05-03,250634,30983026,154785,16380408,87196,13484216,8653,1118402,75927,5696412,173925,13299116,85424,18995528,
All CA Counties,2021-05-04,324209,31307235,197760,16578168,116759,13600975,9690,1128092,95715,5575500,227458,13526574,106546,19102074,
All CA Counties,2021-05-05,327497,31634732,203656,16781824,113887,13714862,9954,1138046,92143,5444367,234196,13760770,103063,19205137,
All CA Counties,2021-05-06,346375,31981107,226196,17008020,109758,13824620,10421,1148467,88187,5288820,256642,14017412,101095,19306232,
All CA Counties,2021-05-07,343240,32324347,215289,17223309,118162,13942782,9789,1158256,93323,5144533,248620,14266032,104333,19410565,
All CA Counties,2021-05-08,222804,32547151,141255,17364564,74879,14017661,6670,1164926,61240,5053321,160542,14426574,69330,19479895,
All CA Counties,2021-05-09,92972,32640123,69893,17434457,20107,14037768,2972,1167898,25448,5015090,67075,14493649,28844,19508739,
All CA Counties,2021-05-10,200022,32840145,113872,17548329,78436,14116204,7714,1175612,49689,4924286,149464,14643113,58660,19567399,
All CA Counties,2021-05-11,258159,33098304,144629,17692958,105444,14221648,8086,1183698,67997,4812737,189278,14832391,77729,19645128,
All CA Counties,2021-05-12,251784,33350088,144605,17837563,98865,14320513,8314,1192012,68900,4709046,181940,15014331,78249,19723377,
All CA Counties,2021-05-13,289059,33639147,185645,18023208,96392,14416905,7022,1199034,107744,4646120,180194,15194525,117268,19840645,
All CA Counties,2021-05-14,330989,33970136,211883,18235091,110415,14527320,8691,1207725,130495,4588021,199358,15393883,141259,19981904,
All CA Counties,2021-05-15,272459,34242595,190576,18425667,76050,14603370,5833,1213558,112133,4547419,159523,15553406,118921,20100825,
All CA Counties,2021-05-16,134082,34376677,102557,18528224,28611,14631981,2914,1216472,54433,4525921,79224,15632630,57726,20158551,
All CA Counties,2021-05-17,236277,34612954,155773,18683997,73244,14705225,7260,1223732,98753,4496176,136690,15769320,106945,20265496,
All CA Counties,2021-05-18,276595,34889549,168985,18852982,100308,14805533,7302,1231034,113353,4456070,162137,15931457,122031,20387527,
All CA Counties,2021-05-19,270546,35160095,169039,19022021,94148,14899681,7359,1238393,116117,4427196,153432,16084889,124558,20512085,
All CA Counties,2021-05-20,221677,35381772,132655,19154676,81809,14981490,7213,1245606,88559,4392034,132187,16217076,97025,20609110,
All CA Counties,2021-05-21,238837,35620609,147886,19302562,83917,15065407,7034,1252640,93357,4348929,144478,16361554,101373,20710483,
All CA Counties,2021-05-22,166238,35786847,111807,19414369,48982,15114389,5449,1258089,73359,4336308,92295,16453849,79674,20790157,
All CA Counties,2021-05-23,61033,35847880,45891,19460260,13019,15127408,2123,1260212,28303,4334487,32462,16486311,30641,20820798,
All CA Counties,2021-05-24,163929,36011809,95130,19555390,60701,15188109,8098,1268310,64368,4308962,98815,16585126,73290,20894088,
All CA Counties,2021-05-25,184891,36196700,108670,19664060,68453,15256562,7768,1276078,73208,4280293,110735,16695861,82066,20976154,
All CA Counties,2021-05-26,177600,36374300,102130,19766190,67977,15324539,7493,1283571,71393,4254625,105222,16801083,79554,21055708,
All CA Counties,2021-05-27,166038,36540338,95323,19861513,62691,15387230,8024,1291595,69258,4236897,96013,16897096,78285,21133993,
All CA Counties,2021-05-28,177300,36717638,102858,19964371,67928,15455158,6514,1298109,76852,4221385,99646,16996742,84134,21218127,
All CA Counties,2021-05-29,48681,36766319,30832,19995203,15705,15470863,2144,1300253,18307,4211989,30140,17026882,20744,21238871,
All CA and Non-CA Counties,2020-12-15,1146,1146,1146,1146,0,0,0,0,1146,1146,0,0,1146,1146,
All CA and Non-CA Counties,2020-12-16,8704,9850,8704,9850,0,0,0,0,8704,9850,0,0,8704,9850,
All CA and Non-CA Counties,2020-12-17,27478,37328,27478,37328,0,0,0,0,27478,37328,0,0,27478,37328,
All CA and Non-CA Counties,2020-12-18,46460,83788,46397,83725,63,63,0,0,46460,83788,0,0,46460,83788,
All CA and Non-CA Counties,2020-12-19,26358,110146,26332,110057,26,89,0,0,26357,110144,1,1,26357,110145,
All CA and Non-CA Counties,2020-12-20,19705,129851,19675,129732,30,119,0,0,19704,129847,1,2,19704,129849,
All CA and Non-CA Counties,2020-12-21,51905,181756,51816,181548,89,208,0,0,51903,181749,2,4,51904,181753,
All CA and Non-CA Counties,2020-12-22,52175,233931,49974,231522,2201,2409,0,0,52173,233921,1,5,52173,233926,
All CA and Non-CA Counties,2020-12-23,52252,286183,43338,274860,8914,11323,0,0,52247,286167,4,9,52250,286176,
All CA and Non-CA Counties,2020-12-24,24923,311106,17009,291869,7914,19237,0,0,24920,311086,3,12,24922,311098,
All CA and Non-CA Counties,2020-12-25,2386,313492,2058,293927,328,19565,0,0,2386,313472,0,12,2386,313484,
All CA and Non-CA Counties,2020-12-26,15018,328510,9668,303595,5350,24915,0,0,15016,328487,1,13,15016,328500,
All CA and Non-CA Counties,2020-12-27,9630,338140,5664,309259,3966,28881,0,0,9629,338115,1,14,9629,338129,
All CA and Non-CA Counties,2020-12-28,47293,385433,30326,339585,16967,45848,0,0,47290,385402,3,17,47290,385419,
All CA and Non-CA Counties,2020-12-29,52543,437976,29450,369035,23093,68941,0,0,52539,437938,3,20,52539,437958,
All CA and Non-CA Counties,2020-12-30,64848,502824,36806,405841,28042,96983,0,0,64840,502775,6,26,64843,502801,
All CA and Non-CA Counties,2020-12-31,30469,533293,11460,417301,19009,115992,0,0,30458,533226,8,34,30459,533260,
All CA and Non-CA Counties,2021-01-01,4299,537592,1892,419193,2407,118399,0,0,4295,537518,3,37,4295,537555,
All CA and Non-CA Counties,2021-01-02,18675,556267,10492,429685,8183,126582,0,0,18673,556190,1,38,18673,556228,
All CA and Non-CA Counties,2021-01-03,6337,562604,3745,433430,2592,129174,0,0,6308,562486,12,50,6308,562536,
All CA and Non-CA Counties,2021-01-04,44733,607337,22727,456157,22006,151180,0,0,44648,607091,43,93,44648,607184,
All CA and Non-CA Counties,2021-01-05,58037,665374,30912,487069,27125,178305,0,0,52387,653979,5592,5685,52480,659664,
All CA and Non-CA Counties,2021-01-06,76040,741414,42234,529303,33806,212111,0,0,59910,697974,15947,21632,59942,719606,
All CA and Non-CA Counties,2021-01-07,96207,837621,55041,584344,41166,253277,0,0,63866,729720,32171,53803,63917,783523,
All CA and Non-CA Counties,2021-01-08,111184,948805,67088,651432,44096,297373,0,0,68123,754992,42918,96721,68190,851713,
All CA and Non-CA Counties,2021-01-09,45629,994434,26090,677522,19539,316912,0,0,28781,766978,16824,113545,28810,880523,
All CA and Non-CA Counties,2021-01-10,24609,1019043,15197,692719,9412,326324,0,0,13257,768917,11335,124880,13274,893797,
All CA and Non-CA Counties,2021-01-11,107773,1126816,71526,764245,36247,362571,0,0,62611,786578,45119,169999,62780,956577,
All CA and Non-CA Counties,2021-01-12,117263,1244079,69453,833698,47810,410381,0,0,74721,819077,42458,212457,74957,1031534,
All CA and Non-CA Counties,2021-01-13,122728,1366807,63586,897284,59142,469523,0,0,87860,872236,34783,247240,87942,1119476,
All CA and Non-CA Counties,2021-01-14,127414,1494221,50870,948154,76544,546067,0,0,107205,959514,20091,267331,107369,1226845,
All CA and Non-CA Counties,2021-01-15,145950,1640171,52795,1000949,93155,639222,0,0,130445,1074766,15399,282730,130651,1357496,
All CA and Non-CA Counties,2021-01-16,83063,1723234,27716,1028665,55347,694569,0,0,75331,1142443,7704,290434,75381,1432877,
All CA and Non-CA Counties,2021-01-17,48600,1771834,16954,1045619,31646,726215,0,0,44913,1183723,3680,294114,44960,1477837,
All CA and Non-CA Counties,2021-01-18,89310,1861144,46774,1092393,42536,768751,0,0,69573,1233796,19661,313775,69734,1547571,
All CA and Non-CA Counties,2021-01-19,145915,2007059,74919,1167312,70996,839747,0,0,113908,1316115,31914,345689,114233,1661804,
All CA and Non-CA Counties,2021-01-20,164629,2171688,83363,1250675,81266,921013,0,0,130100,1412164,34308,379997,130357,1792161,
All CA and Non-CA Counties,2021-01-21,177350,2349038,78053,1328728,99297,1020310,0,0,157716,1550816,19411,399408,158063,1950224,
All CA and Non-CA Counties,2021-01-22,174015,2523053,70288,1399016,103727,1124037,0,0,159349,1695780,14530,413938,159494,2109718,
All CA and Non-CA Counties,2021-01-23,113495,2636548,49768,1448784,63727,1187764,0,0,100845,1784146,12592,426530,100958,2210676,
All CA and Non-CA Counties,2021-01-24,61570,2698118,29731,1478515,31839,1219603,0,0,56851,1836367,4690,431220,56911,2267587,
All CA and Non-CA Counties,2021-01-25,149534,2847652,67329,1545844,82205,1301808,0,0,113568,1914453,35838,467058,113924,2381511,
All CA and Non-CA Counties,2021-01-26,174403,3022055,85704,1631548,88699,1390507,0,0,136141,2012725,38133,505191,136405,2517916,
All CA and Non-CA Counties,2021-01-27,186667,3208722,90383,1721931,96284,1486791,0,0,146797,2120184,39549,544740,147008,2664924,
All CA and Non-CA Counties,2021-01-28,192972,3401694,89532,1811463,103440,1590231,0,0,158313,2244339,34367,579107,158522,2823446,
All CA and Non-CA Counties,2021-01-29,188328,3590022,91439,1902902,96889,1687120,0,0,152992,2362734,34765,613872,153160,2976606,
All CA and Non-CA Counties,2021-01-30,127869,3717891,58092,1960994,69777,1756897,0,0,112263,2459693,15444,629316,112403,3089009,
All CA and Non-CA Counties,2021-01-31,72032,3789923,41291,2002285,30741,1787638,0,0,67216,2522197,4767,634083,67271,3156280,
All CA and Non-CA Counties,2021-02-01,167324,3957247,78591,2080876,88733,1876371,0,0,125956,2607074,41205,675288,126082,3282362,
All CA and Non-CA Counties,2021-02-02,191258,4148505,79920,2160796,111338,1987709,0,0,146272,2708865,44702,719990,146493,3428855,
All CA and Non-CA Counties,2021-02-03,218098,4366603,97623,2258419,120475,2108184,0,0,162930,2817375,54664,774654,163174,3592029,
All CA and Non-CA Counties,2021-02-04,234463,4601066,101962,2360381,132501,2240685,0,0,172964,2929739,60956,835610,173320,3765349,
All CA and Non-CA Counties,2021-02-05,252519,4853585,108552,2468933,143967,2384652,0,0,172780,3024068,78971,914581,173300,3938649,
All CA and Non-CA Counties,2021-02-06,159171,5012756,76998,2545931,82173,2466825,0,0,123974,3113510,35025,949606,124467,4063116,
All CA and Non-CA Counties,2021-02-07,69042,5081798,45047,2590978,23995,2490820,0,0,52552,3150101,16413,966019,53004,4116120,
All CA and Non-CA Counties,2021-02-08,185975,5267773,92249,2683227,93726,2584546,0,0,123520,3212343,62016,1028035,124258,4240378,
All CA and Non-CA Counties,2021-02-09,215506,5483279,104064,2787291,111442,2695988,0,0,129681,3257808,85366,1113401,130831,4371209,
All CA and Non-CA Counties,2021-02-10,253869,5737148,121570,2908861,132299,2828287,0,0,141021,3288314,112029,1225430,142535,4513744,
All CA and Non-CA Counties,2021-02-11,270031,6007179,133634,3042495,136397,2964684,0,0,148515,3318223,120404,1345834,150313,4664057,
All CA and Non-CA Counties,2021-02-12,277300,6284479,121234,3163729,156066,3120750,0,0,150324,3344792,126115,1471949,152684,4816741,
All CA and Non-CA Counties,2021-02-13,169133,6453612,77968,3241697,91165,3211915,0,0,94058,3366104,74707,1546656,96019,4912760,
All CA and Non-CA Counties,2021-02-14,96593,6550205,47794,3289491,48799,3260714,0,0,52695,3376612,43729,1590385,54237,4966997,
All CA and Non-CA Counties,2021-02-15,144861,6695066,63968,3353459,80893,3341607,0,0,80031,3395324,64443,1654828,83155,5050152,
All CA and Non-CA Counties,2021-02-16,255127,6950193,120920,3474379,134207,3475814,0,0,135687,3415052,119056,1773884,138784,5188936,
All CA and Non-CA Counties,2021-02-17,264674,7214867,131725,3606104,132949,3608763,0,0,130816,3415756,133317,1907201,134021,5322957,
All CA and Non-CA Counties,2021-02-18,278818,7493685,145808,3751912,133010,3741773,0,0,133801,3409461,144304,2051505,138009,5460966,
All CA and Non-CA Counties,2021-02-19,258142,7751827,150438,3902350,107704,3849477,0,0,132778,3419439,124872,2176377,134850,5595816,
All CA and Non-CA Counties,2021-02-20,155907,7907734,100506,4002856,55401,3904878,0,0,85286,3436334,70359,2246736,87254,5683070,
All CA and Non-CA Counties,2021-02-21,84710,7992444,70456,4073312,14254,3919132,0,0,42151,3437735,42319,2289055,43720,5726790,
All CA and Non-CA Counties,2021-02-22,167104,8159548,112319,4185631,54785,3973917,0,0,83663,3440006,83123,2372178,85394,5812184,
All CA and Non-CA Counties,2021-02-23,231224,8390772,122700,4308331,108524,4082441,0,0,107352,3430078,123272,2495450,113344,5925528,
All CA and Non-CA Counties,2021-02-24,289123,8679895,146439,4454770,142684,4225125,0,0,136858,3422830,151643,2647093,144395,6069923,
All CA and Non-CA Counties,2021-02-25,326662,9006557,160955,4615725,165707,4390832,0,0,170467,3446351,155481,2802574,179002,6248925,
All CA and Non-CA Counties,2021-02-26,359964,9366521,167936,4783661,192028,4582860,0,0,200212,3495050,158769,2961343,207468,6456393,
All CA and Non-CA Counties,2021-02-27,256752,9623273,124802,4908463,131929,4714789,21,21,144609,3532563,111521,3072864,149034,6605427,
All CA and Non-CA Counties,2021-02-28,132758,9756031,79707,4988170,53045,4767834,6,27,76939,3556951,55395,3128259,79783,6685210,
All CA and Non-CA Counties,2021-03-01,244588,10000619,130839,5119009,113657,4881491,92,119,139700,3596595,104142,3232401,143786,6828996,
All CA and Non-CA Counties,2021-03-02,295432,10296051,148580,5267589,146833,5028324,19,138,176530,3661637,118383,3350784,183425,7012421,
All CA and Non-CA Counties,2021-03-03,339433,10635484,167576,5435165,171802,5200126,55,193,193677,3717605,145064,3495848,201032,7213453,
All CA and Non-CA Counties,2021-03-04,357620,10993104,180531,5615696,176996,5377122,93,286,208329,3784513,148534,3644382,215442,7428895,
All CA and Non-CA Counties,2021-03-05,344470,11337574,169706,5785402,173628,5550750,1136,1422,214121,3877490,129534,3773916,222511,7651406,
All CA and Non-CA Counties,2021-03-06,263820,11601394,135224,5920626,120640,5671390,7956,9378,163651,3954038,99756,3873672,176304,7827710,
All CA and Non-CA Counties,2021-03-07,129048,11730442,79460,6000086,45445,5716835,4143,13521,80879,3994747,47983,3921655,88692,7916402,
All CA and Non-CA Counties,2021-03-08,221712,11952154,108080,6108166,102995,5819830,10637,24158,145452,4079943,75857,3997512,161053,8077455,
All CA and Non-CA Counties,2021-03-09,295818,12247972,141721,6249887,137925,5957755,16172,40330,166329,4137488,129010,4126522,186555,8264010,
All CA and Non-CA Counties,2021-03-10,326571,12574543,162969,6412856,138690,6096445,24912,65242,177561,4195762,148359,4274881,206633,8470643,
All CA and Non-CA Counties,2021-03-11,382381,12956924,185009,6597865,163386,6259831,33986,99228,196765,4246033,184696,4459577,234967,8705610,
All CA and Non-CA Counties,2021-03-12,401102,13358026,180409,6778274,173695,6433526,46998,146226,197804,4292472,202503,4662080,248942,8954552,
All CA and Non-CA Counties,2021-03-13,286694,13644720,126984,6905258,128133,6561659,31577,177803,155680,4353560,130561,4792641,191649,9146201,
All CA and Non-CA Counties,2021-03-14,156630,13801350,84175,6989433,57033,6618692,15422,193225,79851,4374607,76499,4869140,97546,9243747,
All CA and Non-CA Counties,2021-03-15,294374,14095724,140837,7130270,132537,6751229,21000,214225,160481,4426293,133173,5002313,184859,9428606,
All CA and Non-CA Counties,2021-03-16,377486,14473210,178153,7308423,181667,6932896,17666,231891,219026,4508452,157732,5160045,239891,9668497,
All CA and Non-CA Counties,2021-03-17,391538,14864748,194973,7503396,177660,7110556,18905,250796,242732,4624606,147996,5308041,264150,9932647,
All CA and Non-CA Counties,2021-03-18,408850,15273598,210336,7713732,180004,7290560,18510,269306,243530,4724477,164232,5472273,264103,10196750,
All CA and Non-CA Counties,2021-03-19,417795,15691393,220188,7933920,175499,7466059,22108,291414,244041,4819822,172787,5645060,268132,10464882,
All CA and Non-CA Counties,2021-03-20,299363,15990756,158135,8092055,125292,7591351,15936,307350,190581,4919659,108120,5753180,207957,10672839,
All CA and Non-CA Counties,2021-03-21,145666,16136422,100704,8192759,37361,7628712,7601,314951,91833,4966958,53482,5806662,100781,10773620,
All CA and Non-CA Counties,2021-03-22,276221,16412643,161009,8353768,103935,7732647,11277,326228,181153,5068091,94301,5900963,195434,10969054,
All CA and Non-CA Counties,2021-03-23,363007,16775650,199620,8553388,152030,7884677,11357,337585,223857,5167643,138238,6039201,237790,11206844,
All CA and Non-CA Counties,2021-03-24,394444,17170094,225637,8779025,155910,8040587,12897,350482,231119,5251653,162101,6201302,246111,11452955,
All CA and Non-CA Counties,2021-03-25,425593,17595687,234000,9013025,176274,8216861,15319,365801,243311,5331469,180976,6382278,260792,11713747,
All CA and Non-CA Counties,2021-03-26,441271,18036958,236254,9249279,188778,8405639,16239,382040,239733,5389978,200318,6582596,258827,11972574,
All CA and Non-CA Counties,2021-03-27,317674,18354632,169430,9418709,136253,8541892,11991,394031,161628,5410610,155232,6737828,175864,12148438,
All CA and Non-CA Counties,2021-03-28,172178,18526810,110541,9529250,57900,8599792,3737,397768,91646,5427827,80081,6817909,97298,12245736,
All CA and Non-CA Counties,2021-03-29,315079,18841889,169724,9698974,135967,8735759,9388,407156,176330,5478058,137999,6955908,188230,12433966,
All CA and Non-CA Counties,2021-03-30,404738,19246627,205479,9904453,180509,8916268,18750,425906,228142,5550938,175815,7131723,248695,12682661,
All CA and Non-CA Counties,2021-03-31,432258,19678885,235756,10140209,174070,9090338,22432,448338,241758,5626687,189509,7321232,265258,12947919,
All CA and Non-CA Counties,2021-04-01,498144,20177029,256331,10396540,201004,9291342,40809,489147,275651,5723161,221219,7542451,317693,13265612,
All CA and Non-CA Counties,2021-04-02,481378,20658407,235335,10631875,201835,9493177,44208,533355,261766,5812516,218402,7760853,307757,13573369,
All CA and Non-CA Counties,2021-04-03,335337,20993744,171343,10803218,121452,9614629,42542,575897,167553,5856597,167156,7928009,211237,13784606,
All CA and Non-CA Counties,2021-04-04,134146,21127890,69944,10873162,44954,9659583,19248,595145,59149,5860431,74709,8002718,78543,13863149,
All CA and Non-CA Counties,2021-04-05,356972,21484862,184053,11057215,132663,9792246,40256,635401,176233,5899400,180052,8182770,219021,14082170,
All CA and Non-CA Counties,2021-04-06,463521,21948383,235285,11292500,161269,9953515,66967,702368,224469,5954839,238134,8420904,293573,14375743,
All CA and Non-CA Counties,2021-04-07,478774,22427157,249242,11541742,158113,10111628,71419,773787,232805,6015369,245053,8665957,305583,14681326,
All CA and Non-CA Counties,2021-04-08,505669,22932826,255568,11797310,164215,10275843,85886,859673,237673,6074873,266901,8932858,326405,15007731,
All CA and Non-CA Counties,2021-04-09,500175,23433001,249847,12047157,169034,10444877,81294,940967,230273,6121347,268895,9201753,315369,15323100,
All CA and Non-CA Counties,2021-04-10,371580,23804581,170538,12217695,125296,10570173,75746,1016713,155298,6139897,215569,9417322,234119,15557219,
All CA and Non-CA Counties,2021-04-11,189322,23993903,106175,12323870,48514,10618687,34633,1051346,77964,6144437,111024,9528346,115564,15672783,
All CA and Non-CA Counties,2021-04-12,341387,24335290,175510,12499380,127530,10746217,38347,1089693,158067,6161938,182409,9710755,199910,15872693,
All CA and Non-CA Counties,2021-04-13,435784,24771074,244406,12743786,190422,10936639,956,1090649,243147,6217342,191679,9902434,247083,16119776,
All CA and Non-CA Counties,2021-04-14,453381,25224455,254834,12998620,198261,11134900,286,1090935,237343,6244497,214923,10117357,242078,16361854,
All CA and Non-CA Counties,2021-04-15,495260,25719715,288882,13287502,206132,11341032,246,1091181,277668,6309021,216152,10333509,280676,16642530,
All CA and Non-CA Counties,2021-04-16,479730,26199445,270310,13557812,209106,11550138,314,1091495,256282,6345733,222270,10555779,258982,16901512,
All CA and Non-CA Counties,2021-04-17,345379,26544824,193721,13751533,151616,11701754,42,1091537,196534,6397376,148047,10703826,199690,17101202,
All CA and Non-CA Counties,2021-04-18,155991,26700815,98890,13850423,57084,11758838,17,1091554,80164,6405099,75441,10779267,83164,17184366,
All CA and Non-CA Counties,2021-04-19,321046,27021861,184938,14035361,136020,11894858,88,1091642,152148,6391168,168030,10947297,154099,17338465,
All CA and Non-CA Counties,2021-04-20,411425,27433286,218584,14253945,192776,12087634,65,1091707,204636,6393123,205791,11153088,207746,17546211,
All CA and Non-CA Counties,2021-04-21,424908,27858194,240240,14494185,184404,12272038,264,1091971,203228,6379375,220313,11373401,206565,17752776,
All CA and Non-CA Counties,2021-04-22,452090,28310284,257437,14751622,194575,12466613,78,1092049,201410,6334671,249344,11622745,204640,17957416,
All CA and Non-CA Counties,2021-04-23,442628,28752912,251920,15003542,190620,12657233,88,1092137,200153,6297035,241147,11863892,203511,18160927,
All CA and Non-CA Counties,2021-04-24,327107,29080019,207034,15210576,119906,12777139,167,1092304,165410,6305046,160776,12024668,168787,18329714,
All CA and Non-CA Counties,2021-04-25,151400,29231419,99707,15310283,51625,12828764,68,1092372,81495,6318547,69471,12094139,82972,18412686,
All CA and Non-CA Counties,2021-04-26,283133,29514552,165694,15475977,115958,12944722,1481,1093853,122914,6287958,159301,12253440,128712,18541398,
All CA and Non-CA Counties,2021-04-27,353748,29868300,196077,15672054,151966,13096688,5705,1099558,142497,6228975,210185,12463625,151202,18692600,
All CA and Non-CA Counties,2021-04-28,351849,30220149,201268,15873322,142365,13239053,8216,1107774,143284,6175200,207554,12671179,153779,18846379,
All CA and Non-CA Counties,2021-04-29,360594,30580743,207268,16080590,145072,13384125,8254,1116028,130148,6086083,229333,12900512,140216,18986595,
All CA and Non-CA Counties,2021-04-30,375977,30956720,215618,16296208,151145,13535270,9214,1125242,142247,6006913,232533,13133045,153363,19139958,
All CA and Non-CA Counties,2021-05-01,249296,31206016,159301,16455509,83547,13618817,6448,1131690,90812,5948631,157739,13290784,99457,19239415,
All CA and Non-CA Counties,2021-05-02,117256,31323272,81402,16536911,31911,13650728,3943,1135633,41706,5919474,75172,13365956,46015,19285430,
All CA and Non-CA Counties,2021-05-03,253679,31576951,156576,16693487,88168,13738896,8935,1144568,77213,5830782,175683,13541639,86991,19372421,
All CA and Non-CA Counties,2021-05-04,328476,31905427,200207,16893694,118132,13857028,10137,1154705,97375,5709367,230063,13771702,108648,19481069,
All CA and Non-CA Counties,2021-05-05,332123,32237550,206400,17100094,115397,13972425,10326,1165031,94012,5577727,236947,14008649,105307,19586376,
All CA and Non-CA Counties,2021-05-06,350897,32588447,229065,17329159,111075,14083500,10757,1175788,89926,5421475,259421,14268070,103169,19689545,
All CA and Non-CA Counties,2021-05-07,348149,32936596,218218,17547377,119758,14203258,10173,1185961,95274,5276574,251568,14519638,106667,19796212,
All CA and Non-CA Counties,2021-05-08,226394,33162990,143732,17691109,75745,14279003,6917,1192878,62729,5185062,162579,14682217,71067,19867279,
All CA and Non-CA Counties,2021-05-09,94354,33257344,70781,17761890,20472,14299475,3101,1195979,26045,5146791,67840,14750057,29569,19896848,
All CA and Non-CA Counties,2021-05-10,202711,33460055,115132,17877022,79539,14379014,8040,1204019,50768,5055802,151056,14901113,60067,19956915,
All CA and Non-CA Counties,2021-05-11,261064,33721119,146049,18023071,106643,14485657,8372,1212391,69162,4943968,191017,15092130,79183,20036098,
All CA and Non-CA Counties,2021-05-12,254667,33975786,145947,18169018,100109,14585766,8611,1221002,70015,4839925,183703,15275833,79660,20115758,
All CA and Non-CA Counties,2021-05-13,291847,34267633,187245,18356263,97380,14683146,7222,1228224,109011,4776952,181710,15457543,118737,20234495,
All CA and Non-CA Counties,2021-05-14,334535,34602168,213926,18570189,111683,14794829,8926,1237150,132142,4718844,201250,15658793,143142,20377637,
All CA and Non-CA Counties,2021-05-15,275113,34877281,192139,18762328,76997,14871826,5977,1243127,113302,4678078,161003,15819796,120237,20497874,
All CA and Non-CA Counties,2021-05-16,135729,35013010,103606,18865934,29139,14900965,2984,1246111,55219,4656579,80082,15899878,58583,20556457,
All CA and Non-CA Counties,2021-05-17,239356,35252366,157452,19023386,74407,14975372,7497,1253608,100196,4626888,138322,16038200,108631,20665088,
All CA and Non-CA Counties,2021-05-18,279867,35532233,170684,19194070,101563,15076935,7620,1261228,114934,4587004,163816,16202016,123932,20789020,
All CA and Non-CA Counties,2021-05-19,273908,35806141,170806,19364876,95472,15172407,7630,1268858,117657,4558126,155247,16357263,126369,20915389,
All CA and Non-CA Counties,2021-05-20,224014,36030155,134076,19498952,82519,15254926,7419,1276277,89759,4523243,133316,16490579,98433,21013822,
All CA and Non-CA Counties,2021-05-21,241612,36271767,149634,19648586,84718,15339644,7260,1283537,94733,4480351,145868,16636447,102976,21116798,
All CA and Non-CA Counties,2021-05-22,168691,36440458,113486,19762072,49571,15389215,5634,1289171,74917,4468585,93182,16729629,81416,21198214,
All CA and Non-CA Counties,2021-05-23,62203,36502661,46847,19808919,13171,15402386,2185,1291356,28984,4467022,32948,16762577,31385,21229599,
All CA and Non-CA Counties,2021-05-24,166874,36669535,96709,19905628,61699,15464085,8466,1299822,65945,4442082,100176,16862753,75236,21304835,
All CA and Non-CA Counties,2021-05-25,188110,36857645,110420,20016048,69562,15533647,8128,1307950,74783,4413715,112368,16975121,84001,21388836,
All CA and Non-CA Counties,2021-05-26,180750,37038395,103823,20119871,69083,15602730,7844,1315794,72851,4388172,106906,17082027,81363,21470199,
All CA and Non-CA Counties,2021-05-27,168988,37207383,96963,20216834,63688,15666418,8337,1324131,70682,4370661,97531,17179558,80020,21550219,
All CA and Non-CA Counties,2021-05-28,180571,37387954,104756,20321590,68945,15735363,6870,1331001,78410,4355361,101349,17280907,86049,21636268,
All CA and Non-CA Counties,2021-05-29,49360,37437314,31216,20352806,15910,15751273,2234,1333235,18551,4345868,30574,17311481,21081,21657349,
Outside California,2020-12-15,7,7,7,7,0,0,0,0,7,7,0,0,7,7,Not in California
Outside California,2020-12-16,272,279,272,279,0,0,0,0,272,279,0,0,272,279,Not in California
Outside California,2020-12-17,1598,1877,1598,1877,0,0,0,0,1598,1877,0,0,1598,1877,Not in California
Outside California,2020-12-18,2551,4428,2544,4421,7,7,0,0,2551,4428,0,0,2551,4428,Not in California
Outside California,2020-12-19,1037,5465,1036,5457,1,8,0,0,1037,5465,0,0,1037,5465,Not in California
Outside California,2020-12-20,682,6147,679,6136,3,11,0,0,682,6147,0,0,682,6147,Not in California
Outside California,2020-12-21,2185,8332,2182,8318,3,14,0,0,2185,8332,0,0,2185,8332,Not in California
Outside California,2020-12-22,2085,10417,2011,10329,74,88,0,0,2085,10417,0,0,2085,10417,Not in California
Outside California,2020-12-23,1532,11949,1392,11721,140,228,0,0,1531,11948,0,0,1531,11948,Not in California
Outside California,2020-12-24,805,12754,612,12333,193,421,0,0,805,12753,0,0,805,12753,Not in California
Outside California,2020-12-25,34,12788,29,12362,5,426,0,0,34,12787,0,0,34,12787,Not in California
Outside California,2020-12-26,307,13095,203,12565,104,530,0,0,307,13094,0,0,307,13094,Not in California
Outside California,2020-12-27,190,13285,74,12639,116,646,0,0,190,13284,0,0,190,13284,Not in California
Outside California,2020-12-28,1410,14695,891,13530,519,1165,0,0,1410,14694,0,0,1410,14694,Not in California
Outside California,2020-12-29,1542,16237,1012,14542,530,1695,0,0,1542,16236,0,0,1542,16236,Not in California
Outside California,2020-12-30,1916,18153,1229,15771,687,2382,0,0,1916,18152,0,0,1916,18152,Not in California
Outside California,2020-12-31,1118,19271,601,16372,517,2899,0,0,1117,19268,1,1,1117,19269,Not in California
Outside California,2021-01-01,112,19383,25,16397,87,2986,0,0,112,19380,0,1,112,19381,Not in California
Outside California,2021-01-02,239,19622,132,16529,107,3093,0,0,238,19617,1,2,238,19619,Not in California
Outside California,2021-01-03,170,19792,91,16620,79,3172,0,0,170,19787,0,2,170,19789,Not in California
Outside California,2021-01-04,1150,20942,514,17134,636,3808,0,0,1145,20931,1,3,1145,20934,Not in California
Outside California,2021-01-05,1546,22488,817,17951,729,4537,0,0,1354,22096,190,193,1355,22289,Not in California
Outside California,2021-01-06,2701,25189,1595,19546,1106,5643,0,0,1963,23325,734,927,1963,24252,Not in California
Outside California,2021-01-07,4137,29326,2531,22077,1606,7249,0,0,2483,24158,1652,2579,2485,26737,Not in California
Outside California,2021-01-08,4509,33835,2916,24993,1593,8842,0,0,2637,24936,1862,4441,2640,29377,Not in California
Outside California,2021-01-09,1320,35155,532,25525,788,9630,0,0,992,25603,327,4768,994,30371,Not in California
Outside California,2021-01-10,304,35459,182,25707,122,9752,0,0,183,25665,121,4889,183,30554,Not in California
Outside California,2021-01-11,3298,38757,2006,27713,1292,11044,0,0,1971,26309,1327,6216,1971,32525,Not in California
Outside California,2021-01-12,3872,42629,2316,30029,1556,12600,0,0,2333,27110,1535,7751,2336,34861,Not in California
Outside California,2021-01-13,3675,46304,1800,31829,1875,14475,0,0,2504,28446,1171,8922,2507,37368,Not in California
Outside California,2021-01-14,3720,50024,1276,33105,2444,16919,0,0,3080,30901,627,9549,3082,40450,Not in California
Outside California,2021-01-15,4238,54262,992,34097,3246,20165,0,0,3771,34218,454,10003,3771,44221,Not in California
Outside California,2021-01-16,2694,56956,386,34483,2308,22473,0,0,2518,36562,174,10177,2518,46739,Not in California
Outside California,2021-01-17,500,57456,154,34637,346,22819,0,0,449,36960,51,10228,449,47188,Not in California
Outside California,2021-01-18,1196,58652,767,35404,429,23248,0,0,742,37249,453,10681,742,47930,Not in California
Outside California,2021-01-19,4069,62721,1321,36725,2748,25996,0,0,3181,39545,888,11569,3184,51114,Not in California
Outside California,2021-01-20,4424,67145,1405,38130,3019,29015,0,0,3488,42102,932,12501,3489,54603,Not in California
Outside California,2021-01-21,4133,71278,1125,39255,3008,32023,0,0,3570,45124,548,13049,3570,58173,Not in California
Outside California,2021-01-22,4641,75919,1090,40345,3551,35574,0,0,4239,48966,398,13447,4240,62413,Not in California
Outside California,2021-01-23,2272,78191,334,40679,1938,37512,0,0,2110,50914,162,13609,2110,64523,Not in California
Outside California,2021-01-24,608,78799,246,40925,362,37874,0,0,531,51368,77,13686,531,65054,Not in California
Outside California,2021-01-25,4521,83320,1951,42876,2570,40444,0,0,3620,54091,898,14584,3621,68675,Not in California
Outside California,2021-01-26,5945,89265,2876,45752,3069,43513,0,0,5076,58306,868,15452,5083,73758,Not in California
Outside California,2021-01-27,5002,94267,2667,48419,2335,45848,0,0,4366,62041,632,16084,4367,78125,Not in California
Outside California,2021-01-28,5301,99568,2859,51278,2442,48290,0,0,4756,66262,535,16619,4756,82881,Not in California
Outside California,2021-01-29,4923,104491,3076,54354,1847,50137,0,0,4133,69613,784,17403,4135,87016,Not in California
Outside California,2021-01-30,4489,108980,2439,56793,2050,52187,0,0,4255,73638,231,17634,4256,91272,Not in California
Outside California,2021-01-31,3056,112036,2636,59429,420,52607,0,0,3002,76588,53,17687,3003,94275,Not in California
Outside California,2021-02-01,5511,117547,2571,62000,2940,55547,0,0,4811,80707,692,18379,4811,99086,Not in California
Outside California,2021-02-02,6785,124332,2159,64159,4626,60173,0,0,6063,86055,715,19094,6063,105149,Not in California
Outside California,2021-02-03,7315,131647,2078,66237,5237,65410,0,0,6444,91637,863,19957,6445,111594,Not in California
Outside California,2021-02-04,6799,138446,2177,68414,4622,70032,0,0,5800,96448,990,20947,5801,117395,Not in California
Outside California,2021-02-05,6805,145251,2232,70646,4573,74605,0,0,5735,101117,1066,22013,5735,123130,Not in California
Outside California,2021-02-06,4437,149688,2159,72805,2278,76883,0,0,3969,104630,459,22472,3972,127102,Not in California
Outside California,2021-02-07,2235,151923,1847,74652,388,77271,0,0,2155,106707,80,22552,2157,129259,Not in California
Outside California,2021-02-08,5348,157271,3378,78030,1970,79241,0,0,4288,109946,1049,23601,4288,133547,Not in California
Outside California,2021-02-09,4287,161558,1924,79954,2363,81604,0,0,2980,111644,1296,24897,2994,136541,Not in California
Outside California,2021-02-10,5609,167167,1942,81896,3667,85271,0,0,3173,112431,2427,27324,3214,139755,Not in California
Outside California,2021-02-11,4850,172017,2268,84164,2582,87853,0,0,3547,114703,1293,28617,3565,143320,Not in California
Outside California,2021-02-12,5252,177269,1956,86120,3296,91149,0,0,3425,116317,1815,30432,3429,146749,Not in California
Outside California,2021-02-13,2439,179708,726,86846,1713,92862,0,0,1884,117659,554,30986,1896,148645,Not in California
Outside California,2021-02-14,1343,181051,420,87266,923,93785,0,0,1101,118524,238,31224,1103,149748,Not in California
Outside California,2021-02-15,2549,183600,1531,88797,1018,94803,0,0,1234,118460,1302,32526,1238,150986,Not in California
Outside California,2021-02-16,6427,190027,2877,91674,3550,98353,0,0,2588,117225,3828,36354,2593,153579,Not in California
Outside California,2021-02-17,5944,195971,2977,94651,2967,101320,0,0,1852,114996,4086,40440,1857,155436,Not in California
Outside California,2021-02-18,6415,202386,3709,98360,2706,104026,0,0,2057,112714,4340,44780,2058,157494,Not in California
Outside California,2021-02-19,5730,208116,3965,102325,1765,105791,0,0,2427,111846,3297,48077,2429,159923,Not in California
Outside California,2021-02-20,3335,211451,2686,105011,649,106440,0,0,1244,111004,2087,50164,1245,161168,Not in California
Outside California,2021-02-21,2729,214180,2512,107523,217,106657,0,0,852,109987,1872,52036,855,162023,Not in California
Outside California,2021-02-22,3472,217652,2539,110062,933,107590,0,0,1625,109773,1844,53880,1630,163653,Not in California
Outside California,2021-02-23,6009,223661,3371,113433,2638,110228,0,0,2350,108485,3652,57532,2364,166017,Not in California
Outside California,2021-02-24,6410,230071,3534,116967,2876,113104,0,0,2461,107007,3944,61476,2466,168483,Not in California
Outside California,2021-02-25,6912,236983,3506,120473,3406,116510,0,0,3085,106300,3796,65272,3089,171572,Not in California
Outside California,2021-02-26,6848,243831,3624,124097,3224,119734,0,0,3104,105741,3664,68936,3105,174677,Not in California
Outside California,2021-02-27,5496,249327,2762,126859,2733,122467,1,1,1871,104002,3614,72550,1875,176552,Not in California
Outside California,2021-02-28,2440,251767,1777,128636,662,123129,1,2,799,103164,1639,74189,801,177353,Not in California
Outside California,2021-03-01,4969,256736,3162,131798,1806,124935,1,3,1349,100907,3612,77801,1355,178708,Not in California
Outside California,2021-03-02,6738,263474,2490,134288,4248,129183,0,3,2058,98300,4667,82468,2060,180768,Not in California
Outside California,2021-03-03,7870,271344,3069,137357,4799,133982,2,5,2635,95719,5222,87690,2641,183409,Not in California
Outside California,2021-03-04,6800,278144,2903,140260,3893,137875,4,9,2301,93543,4483,92173,2307,185716,Not in California
Outside California,2021-03-05,5281,283425,2676,142936,2591,140466,14,23,2725,93745,2545,94718,2747,188463,Not in California
Outside California,2021-03-06,4611,288036,2146,145082,2310,142776,155,178,2341,93982,2267,96985,2504,190967,Not in California
Outside California,2021-03-07,1603,289639,1029,146111,520,143296,54,232,974,94384,628,97613,1030,191997,Not in California
Outside California,2021-03-08,3107,292746,1842,147953,1021,144317,244,476,2203,95963,875,98488,2454,194451,Not in California
Outside California,2021-03-09,4647,297393,2364,150317,1966,146283,317,793,2740,97117,1903,100391,3057,197508,Not in California
Outside California,2021-03-10,4412,301805,2116,152433,1784,148067,512,1305,2726,98685,1677,102068,3245,200753,Not in California
Outside California,2021-03-11,6168,307973,3147,155580,2340,150407,681,1986,3329,99863,2833,104901,4011,204764,Not in California
Outside California,2021-03-12,6476,314449,3886,159466,1864,152271,726,2712,3605,101336,2863,107764,4336,209100,Not in California
Outside California,2021-03-13,3788,318237,2189,161655,1127,153398,472,3184,2596,103232,1183,108947,3079,212179,Not in California
Outside California,2021-03-14,1817,320054,938,162593,539,153937,340,3524,1007,103772,810,109757,1350,213529,Not in California
Outside California,2021-03-15,4067,324121,2124,164717,1483,155420,460,3984,2183,104541,1877,111634,2646,216175,Not in California
Outside California,2021-03-16,7514,331635,4377,169094,2755,158175,382,4366,4171,105751,3340,114974,4550,220725,Not in California
Outside California,2021-03-17,8441,340076,5457,174551,2608,160783,376,4742,5078,107847,3359,118333,5455,226180,Not in California
Outside California,2021-03-18,8321,348397,5135,179686,2647,163430,539,5281,4831,109735,3482,121815,5370,231550,Not in California
Outside California,2021-03-19,7333,355730,4342,184028,2447,165877,544,5825,4406,111767,2922,124737,4954,236504,Not in California
Outside California,2021-03-20,4764,360494,3143,187171,1534,167411,87,5912,3654,114405,1103,125840,3741,240245,Not in California
Outside California,2021-03-21,2091,362585,1436,188607,568,167979,87,5999,1676,115755,413,126253,1763,242008,Not in California
Outside California,2021-03-22,3242,365827,1954,190561,1200,169179,88,6087,2221,117050,1014,127267,2309,244317,Not in California
Outside California,2021-03-23,6062,371889,3092,193653,2670,171849,300,6387,4127,119556,1921,129188,4427,248744,Not in California
Outside California,2021-03-24,7323,379212,3769,197422,3105,174954,449,6836,5084,122855,2232,131420,5531,254275,Not in California
Outside California,2021-03-25,8274,387486,3856,201278,3894,178848,524,7360,6033,127185,2229,133649,6559,260834,Not in California
Outside California,2021-03-26,6662,394148,3549,204827,2940,181788,173,7533,4399,129518,2238,135887,4571,265405,Not in California
Outside California,2021-03-27,5542,399690,3136,207963,2192,183980,214,7747,3483,131162,2050,137937,3694,269099,Not in California
Outside California,2021-03-28,3083,402773,1651,209614,1271,185251,161,7908,1992,132229,1086,139023,2153,271252,Not in California
Outside California,2021-03-29,5158,407931,2330,211944,2478,187729,350,8258,2935,133295,2220,141243,3286,274538,Not in California
Outside California,2021-03-30,6856,414787,3616,215560,2675,190404,565,8823,4037,135097,2808,144051,4610,279148,Not in California
Outside California,2021-03-31,6331,421118,3815,219375,1741,192145,775,9598,3362,136267,2964,147015,4134,283282,Not in California
Outside California,2021-04-01,7490,428608,4507,223882,2338,194483,645,10243,4333,138091,3150,150165,4974,288256,Not in California
Outside California,2021-04-02,8490,437098,4537,228419,2807,197290,1146,11389,4406,139565,4077,154242,5551,293807,Not in California
Outside California,2021-04-03,6160,443258,3657,232076,1338,198628,1165,12554,3225,141029,2926,157168,4390,298197,Not in California
Outside California,2021-04-04,1779,445037,876,232952,668,199296,235,12789,969,141422,809,157977,1202,299399,Not in California
Outside California,2021-04-05,4096,449133,2034,234986,1402,200698,660,13449,1950,141891,2141,160118,2610,302009,Not in California
Outside California,2021-04-06,6987,456120,3764,238750,1629,202327,1594,15043,2821,142154,4151,164269,4414,306423,Not in California
Outside California,2021-04-07,8165,464285,4696,243446,1777,204104,1692,16735,3157,142002,5000,169269,4848,311271,Not in California
Outside California,2021-04-08,8082,472367,4291,247737,1854,205958,1937,18672,3132,142130,4941,174210,5069,316340,Not in California
Outside California,2021-04-09,7419,479786,3848,251585,1652,207610,1919,20591,2844,142335,4566,178776,4771,321111,Not in California
Outside California,2021-04-10,6114,485900,3083,254668,1168,208778,1863,22454,1707,141506,4400,183176,3571,324682,Not in California
Outside California,2021-04-11,2812,488712,1527,256195,650,209428,635,23089,948,141231,1862,185038,1587,326269,Not in California
Outside California,2021-04-12,4046,492758,2268,258463,1240,210668,538,23627,1785,141300,2253,187291,2322,328591,Not in California
Outside California,2021-04-13,5674,498432,3663,262126,1988,212656,23,23650,2911,141477,2757,190048,2934,331525,Not in California
Outside California,2021-04-14,5244,503676,3328,265454,1912,214568,4,23654,2839,141920,2400,192448,2843,334368,Not in California
Outside California,2021-04-15,6096,509772,3848,269302,2242,216810,6,23660,3258,142399,2786,195234,3265,337633,Not in California
Outside California,2021-04-16,5843,515615,3371,272673,2465,219275,7,23667,3245,143063,2589,197823,3253,340886,Not in California
Outside California,2021-04-17,5330,520945,3230,275903,2099,221374,1,23668,3032,143805,2290,200113,3032,343918,Not in California
Outside California,2021-04-18,2065,523010,1148,277051,916,222290,1,23669,964,143676,1095,201208,966,344884,Not in California
Outside California,2021-04-19,4111,527121,2004,279055,2106,224396,1,23670,2118,143815,1983,203191,2122,347006,Not in California
Outside California,2021-04-20,5340,532461,2440,281495,2900,227296,0,23670,2183,142848,3150,206341,2183,349189,Not in California
Outside California,2021-04-21,6344,538805,2700,284195,3640,230936,4,23674,2248,141024,4076,210417,2252,351441,Not in California
Outside California,2021-04-22,6730,545535,3472,287667,3255,234191,3,23677,2441,139192,4277,214694,2445,353886,Not in California
Outside California,2021-04-23,5914,551449,3005,290672,2908,237099,1,23678,2441,138177,3458,218152,2443,356329,Not in California
Outside California,2021-04-24,4461,555910,2969,293641,1488,238587,4,23682,1722,137174,2732,220884,1729,358058,Not in California
Outside California,2021-04-25,2191,558101,1259,294900,930,239517,2,23684,1152,137296,1035,221919,1157,359215,Not in California
Outside California,2021-04-26,3645,561746,1638,296538,1982,241499,25,23709,1636,136956,2001,223920,1661,360876,Not in California
Outside California,2021-04-27,5305,567051,1921,298459,3092,244591,292,24001,1937,135832,3359,227279,2235,363111,Not in California
Outside California,2021-04-28,4915,571966,2117,300576,2404,246995,394,24395,1980,135284,2923,230202,2375,365486,Not in California
Outside California,2021-04-29,4951,576917,2293,302869,2226,249221,432,24827,1939,134664,2991,233193,2371,367857,Not in California
Outside California,2021-04-30,5008,581925,2483,305352,2101,251322,424,25251,1965,134023,3031,236224,2390,370247,Not in California
Outside California,2021-05-01,3273,585198,1945,307297,899,252221,429,25680,1367,133923,1895,238119,1795,372042,Not in California
Outside California,2021-05-02,1873,587071,1094,308391,656,252877,123,25803,863,133901,1008,239127,986,373028,Not in California
Outside California,2021-05-03,3019,590090,1773,310164,967,253844,279,26082,1276,133717,1739,240866,1555,374583,Not in California
Outside California,2021-05-04,4246,594336,2436,312600,1367,255211,443,26525,1651,133217,2589,243455,2089,376672,Not in California
Outside California,2021-05-05,4596,598932,2733,315333,1492,256703,371,26896,1850,132704,2737,246192,2224,378896,Not in California
Outside California,2021-05-06,4501,603433,2857,318190,1311,258014,333,27229,1728,131997,2767,248959,2060,380956,Not in California
Outside California,2021-05-07,4882,608315,2915,321105,1586,259600,381,27610,1937,131382,2932,251891,2317,383273,Not in California
Outside California,2021-05-08,3574,611889,2467,323572,862,260462,245,27855,1482,131081,2029,253920,1728,385001,Not in California
Outside California,2021-05-09,1364,613253,883,324455,356,260818,125,27980,589,131039,755,254675,713,385714,Not in California
Outside California,2021-05-10,2671,615924,1249,325704,1097,261915,325,28305,1076,130864,1578,256253,1403,387117,Not in California
Outside California,2021-05-11,2890,618814,1411,327115,1197,263112,282,28587,1157,130574,1732,257985,1442,388559,Not in California
Outside California,2021-05-12,2869,621683,1333,328448,1240,264352,296,28883,1109,130223,1755,259740,1404,389963,Not in California
Outside California,2021-05-13,2773,624456,1590,330038,987,265339,196,29079,1258,130169,1509,261249,1455,391418,Not in California
Outside California,2021-05-14,3522,627978,2023,332061,1265,266604,234,29313,1633,130155,1883,263132,1869,393287,Not in California
Outside California,2021-05-15,2633,630611,1544,333605,945,267549,144,29457,1157,129988,1471,264603,1304,394591,Not in California
Outside California,2021-05-16,1620,632231,1031,334636,520,268069,69,29526,770,129981,847,265450,840,395431,Not in California
Outside California,2021-05-17,3053,635284,1659,336295,1159,269228,235,29761,1426,130025,1623,267073,1667,397098,Not in California
Outside California,2021-05-18,3233,638517,1671,337966,1246,270474,316,30077,1550,130222,1671,268744,1868,398966,Not in California
Outside California,2021-05-19,3325,641842,1739,339705,1316,271790,270,30347,1520,130213,1799,270543,1790,400756,Not in California
Outside California,2021-05-20,2153,643995,1246,340951,702,272492,205,30552,1025,130324,1121,271664,1232,401988,Not in California
Outside California,2021-05-21,2581,646576,1561,342512,795,273287,225,30777,1190,130358,1382,273046,1416,403404,Not in California
Outside California,2021-05-22,2245,648821,1479,343991,583,273870,183,30960,1365,131033,872,273918,1547,404951,Not in California
Outside California,2021-05-23,1049,649870,836,344827,152,274022,61,31021,562,131172,485,274403,624,405575,Not in California
Outside California,2021-05-24,2568,652438,1306,346133,905,274927,357,31378,1224,131416,1338,275741,1582,407157,Not in California
Outside California,2021-05-25,2792,655230,1445,347578,1004,275931,343,31721,1187,131352,1594,277335,1530,408687,Not in California
Outside California,2021-05-26,2778,658008,1389,348967,1043,276974,346,32067,1113,131153,1658,278993,1459,410146,Not in California
Outside California,2021-05-27,2586,660594,1340,350307,942,277916,304,32371,1095,131066,1483,280476,1396,411542,Not in California
Outside California,2021-05-28,2882,663476,1583,351890,957,278873,342,32713,1203,130942,1670,282146,1546,413088,Not in California
Outside California,2021-05-29,679,664155,384,352274,205,279078,90,32803,244,130845,434,282580,337,413425,Not in California
Unknown,2020-12-17,2,2,2,2,0,0,0,0,0,0,0,0,0,0,Not in California
Unknown,2020-12-18,1,3,1,3,0,0,0,0,0,0,0,0,0,0,Not in California
Unknown,2020-12-21,4,7,4,7,0,0,0,0,0,0,0,0,0,0,Not in California
Unknown,2020-12-28,4,11,4,11,0,0,0,0,3,3,0,0,3,3,Not in California
Unknown,2020-12-29,3,14,3,14,0,0,0,0,3,6,0,0,3,6,Not in California
Unknown,2020-12-30,54,68,54,68,0,0,0,0,54,60,0,0,54,60,Not in California
Unknown,2020-12-31,1,69,0,68,1,1,0,0,0,60,0,0,0,60,Not in California
Unknown,2021-01-02,1,70,0,68,1,2,0,0,1,61,0,0,1,61,Not in California
Unknown,2021-01-04,3,73,3,71,0,2,0,0,2,63,0,0,2,63,Not in California
Unknown,2021-01-06,6,79,4,75,2,4,0,0,6,69,0,0,6,69,Not in California
Unknown,2021-01-07,70,149,70,145,0,4,0,0,70,139,0,0,70,139,Not in California
Unknown,2021-01-08,1,150,1,146,0,4,0,0,2,141,0,0,2,141,Not in California
Unknown,2021-01-09,2,152,2,148,0,4,0,0,3,144,0,0,3,144,Not in California
Unknown,2021-01-11,19,171,19,167,0,4,0,0,18,162,0,0,18,162,Not in California
Unknown,2021-01-12,10,181,9,176,1,5,0,0,8,170,1,1,9,171,Not in California
Unknown,2021-01-13,10,191,10,186,0,5,0,0,11,181,0,1,11,182,Not in California
Unknown,2021-01-14,3,194,3,189,0,5,0,0,3,184,0,1,3,185,Not in California
Unknown,2021-01-15,5,199,4,193,1,6,0,0,5,189,0,1,5,190,Not in California
Unknown,2021-01-16,6,205,6,199,0,6,0,0,6,195,0,1,6,196,Not in California
Unknown,2021-01-17,3,208,3,202,0,6,0,0,3,198,0,1,3,199,Not in California
Unknown,2021-01-18,51,259,51,253,0,6,0,0,49,245,2,3,49,248,Not in California
Unknown,2021-01-19,22,281,22,275,0,6,0,0,19,262,2,5,19,267,Not in California
Unknown,2021-01-20,79,360,79,354,0,6,0,0,28,238,52,57,28,295,Not in California
Unknown,2021-01-21,56,416,54,408,2,8,0,0,57,294,1,58,57,352,Not in California
Unknown,2021-01-22,34,450,29,437,5,13,0,0,34,328,0,58,34,386,Not in California
Unknown,2021-01-23,11,461,5,442,6,19,0,0,11,339,0,58,11,397,Not in California
Unknown,2021-01-24,2,463,2,444,0,19,0,0,3,342,0,58,3,400,Not in California
Unknown,2021-01-25,19,482,17,461,2,21,0,0,16,355,3,61,16,416,Not in California
Unknown,2021-01-26,93,575,93,554,0,21,0,0,96,451,0,61,96,512,Not in California
Unknown,2021-01-27,16,591,16,570,0,21,0,0,14,464,1,62,14,526,Not in California
Unknown,2021-01-28,140,731,138,708,2,23,0,0,83,487,60,122,83,609,Not in California
Unknown,2021-01-29,139,870,139,847,0,23,0,0,143,629,1,123,143,752,Not in California
Unknown,2021-01-30,11,881,9,856,2,25,0,0,13,640,2,125,13,765,Not in California
Unknown,2021-01-31,14,895,14,870,0,25,0,0,15,655,0,125,15,780,Not in California
Unknown,2021-02-01,37,932,36,906,1,26,0,0,21,658,18,143,21,801,Not in California
Unknown,2021-02-02,64,996,63,969,1,27,0,0,57,709,6,149,57,858,Not in California
Unknown,2021-02-03,36,1032,34,1003,2,29,0,0,25,723,11,160,25,883,Not in California
Unknown,2021-02-04,56,1088,51,1054,5,34,0,0,51,769,5,165,51,934,Not in California
Unknown,2021-02-05,18,1106,14,1068,4,38,0,0,14,779,4,169,14,948,Not in California
Unknown,2021-02-06,14,1120,14,1082,0,38,0,0,9,782,6,175,9,957,Not in California
Unknown,2021-02-07,8,1128,8,1090,0,38,0,0,6,786,2,177,6,963,Not in California
Unknown,2021-02-08,51,1179,48,1138,3,41,0,0,14,763,37,214,14,977,Not in California
Unknown,2021-02-09,18,1197,18,1156,0,41,0,0,4,753,14,228,4,981,Not in California
Unknown,2021-02-10,34,1231,30,1186,4,45,0,0,9,737,25,253,9,990,Not in California
Unknown,2021-02-11,85,1316,84,1270,1,46,0,0,43,737,43,296,43,1033,Not in California
Unknown,2021-02-12,36,1352,29,1299,7,53,0,0,9,719,27,323,9,1042,Not in California
Unknown,2021-02-13,9,1361,2,1301,7,60,0,0,8,726,1,324,8,1050,Not in California
Unknown,2021-02-14,7,1368,1,1302,6,66,0,0,5,730,1,325,5,1055,Not in California
Unknown,2021-02-15,41,1409,35,1337,6,72,0,0,27,745,12,337,27,1082,Not in California
Unknown,2021-02-16,101,1510,91,1428,10,82,0,0,29,702,72,409,29,1111,Not in California
Unknown,2021-02-17,10,1520,8,1436,2,84,0,0,4,701,5,414,4,1115,Not in California
Unknown,2021-02-18,89,1609,84,1520,5,89,0,0,16,645,72,486,16,1131,Not in California
Unknown,2021-02-19,184,1793,179,1699,5,94,0,0,53,568,130,616,53,1184,Not in California
Unknown,2021-02-20,7,1800,5,1704,2,96,0,0,2,565,5,621,2,1186,Not in California
Unknown,2021-02-21,14,1814,14,1718,0,96,0,0,1,553,13,634,1,1187,Not in California
Unknown,2021-02-22,9,1823,9,1727,0,96,0,0,6,556,3,637,6,1193,Not in California
Unknown,2021-02-23,61,1884,49,1776,12,108,0,0,15,526,45,682,15,1208,Not in California
Unknown,2021-02-24,33,1917,26,1802,7,115,0,0,14,521,19,701,14,1222,Not in California
Unknown,2021-02-25,67,1984,54,1856,13,128,0,0,25,503,43,744,25,1247,Not in California
Unknown,2021-02-26,39,2023,25,1881,14,142,0,0,22,511,14,758,22,1269,Not in California
Unknown,2021-02-27,21,2044,15,1896,6,148,0,0,11,514,8,766,11,1280,Not in California
Unknown,2021-02-28,17,2061,13,1909,4,152,0,0,10,519,5,771,10,1290,Not in California
Unknown,2021-03-01,45,2106,27,1936,18,170,0,0,24,523,20,791,24,1314,Not in California
Unknown,2021-03-02,19,2125,7,1943,12,182,0,0,12,530,5,796,12,1326,Not in California
Unknown,2021-03-03,11,2136,6,1949,5,187,0,0,7,534,3,799,7,1333,Not in California
Unknown,2021-03-04,43,2179,40,1989,3,190,0,0,13,517,30,829,13,1346,Not in California
Unknown,2021-03-05,23,2202,13,2002,10,200,0,0,22,535,4,833,22,1368,Not in California
Unknown,2021-03-06,20,2222,12,2014,6,206,2,2,16,549,4,837,18,1386,Not in California
Unknown,2021-03-07,2,2224,1,2015,1,207,0,2,3,552,0,837,3,1389,Not in California
Unknown,2021-03-08,31,2255,22,2037,7,214,2,4,8,538,24,861,10,1399,Not in California
Unknown,2021-03-09,35,2290,28,2065,3,217,4,8,9,524,27,888,13,1412,Not in California
Unknown,2021-03-10,9,2299,6,2071,1,218,2,10,5,526,5,893,7,1419,Not in California
Unknown,2021-03-11,28,2327,12,2083,2,220,14,24,7,526,21,914,21,1440,Not in California
Unknown,2021-03-12,68,2395,52,2135,11,231,5,29,11,487,55,969,16,1456,Not in California
Unknown,2021-03-13,16,2411,4,2139,8,239,4,33,7,488,10,979,11,1467,Not in California
Unknown,2021-03-14,14,2425,6,2145,6,245,2,35,5,487,8,987,7,1474,Not in California
Unknown,2021-03-15,31,2456,11,2156,18,263,2,37,20,496,13,1000,22,1496,Not in California
Unknown,2021-03-16,47,2503,20,2176,23,286,4,41,27,507,20,1020,31,1527,Not in California
Unknown,2021-03-17,38,2541,14,2190,23,309,1,42,33,537,4,1024,34,1561,Not in California
Unknown,2021-03-18,31,2572,18,2208,13,322,0,42,18,543,12,1036,18,1579,Not in California
Unknown,2021-03-19,29,2601,18,2226,11,333,0,42,22,558,7,1043,22,1601,Not in California
Unknown,2021-03-20,27,2628,15,2241,12,345,0,42,15,562,11,1054,15,1616,Not in California
Unknown,2021-03-21,18,2646,12,2253,6,351,0,42,14,573,3,1057,14,1630,Not in California
Unknown,2021-03-22,36,2682,19,2272,16,367,1,43,18,580,12,1069,19,1649,Not in California
Unknown,2021-03-23,23,2705,9,2281,9,376,5,48,11,585,11,1080,16,1665,Not in California
Unknown,2021-03-24,23,2728,9,2290,14,390,0,48,18,598,5,1085,18,1683,Not in California
Unknown,2021-03-25,37,2765,24,2314,13,403,0,48,25,614,9,1094,25,1708,Not in California
Unknown,2021-03-26,36,2801,20,2334,11,414,5,53,18,622,15,1109,23,1731,Not in California
Unknown,2021-03-27,32,2833,15,2349,14,428,3,56,18,626,17,1126,21,1752,Not in California
Unknown,2021-03-28,16,2849,9,2358,7,435,0,56,11,633,4,1130,11,1763,Not in California
Unknown,2021-03-29,38,2887,18,2376,19,454,1,57,23,645,12,1142,24,1787,Not in California
Unknown,2021-03-30,41,2928,25,2401,16,470,0,57,25,655,15,1157,25,1812,Not in California
Unknown,2021-03-31,34,2962,21,2422,13,483,0,57,23,667,11,1168,23,1835,Not in California
Unknown,2021-04-01,19,2981,15,2437,4,487,0,57,13,675,5,1173,13,1848,Not in California
Unknown,2021-04-02,41,3022,17,2454,15,502,9,66,18,679,23,1196,27,1875,Not in California
Unknown,2021-04-03,19,3041,9,2463,10,512,0,66,9,678,10,1206,9,1884,Not in California
Unknown,2021-04-04,17,3058,4,2467,13,525,0,66,10,682,6,1212,10,1894,Not in California
Unknown,2021-04-05,31,3089,17,2484,13,538,1,67,17,687,13,1225,18,1912,Not in California
Unknown,2021-04-06,21,3110,13,2497,7,545,1,68,13,691,10,1235,14,1926,Not in California
Unknown,2021-04-07,32,3142,23,2520,9,554,0,68,24,707,8,1243,24,1950,Not in California
Unknown,2021-04-08,30,3172,20,2540,6,560,4,72,15,709,17,1260,19,1969,Not in California
Unknown,2021-04-09,35,3207,25,2565,10,570,0,72,25,723,11,1271,25,1994,Not in California
Unknown,2021-04-10,9,3216,8,2573,1,571,0,72,4,721,6,1277,4,1998,Not in California
Unknown,2021-04-11,11,3227,7,2580,4,575,0,72,5,721,5,1282,5,2003,Not in California
Unknown,2021-04-12,37,3264,20,2600,16,591,1,73,16,715,23,1305,17,2020,Not in California
Unknown,2021-04-13,44,3308,26,2626,18,609,0,73,17,705,27,1332,17,2037,Not in California
Unknown,2021-04-14,27,3335,8,2634,19,628,0,73,7,690,22,1354,7,2044,Not in California
Unknown,2021-04-15,31,3366,16,2650,14,642,1,74,8,677,22,1376,9,2053,Not in California
Unknown,2021-04-16,25,3391,15,2665,10,652,0,74,9,670,16,1392,9,2062,Not in California
Unknown,2021-04-17,22,3413,13,2678,9,661,0,74,8,664,15,1407,9,2071,Not in California
Unknown,2021-04-18,20,3433,8,2686,12,673,0,74,10,662,12,1419,10,2081,Not in California
Unknown,2021-04-19,35,3468,21,2707,14,687,0,74,16,660,18,1437,16,2097,Not in California
Unknown,2021-04-20,25,3493,14,2721,11,698,0,74,10,650,20,1457,10,2107,Not in California
Unknown,2021-04-21,35,3528,15,2736,20,718,0,74,21,647,24,1481,21,2128,Not in California
Unknown,2021-04-22,23,3551,14,2750,9,727,0,74,8,638,17,1498,8,2136,Not in California
Unknown,2021-04-23,33,3584,16,2766,17,744,0,74,19,643,14,1512,19,2155,Not in California
Unknown,2021-04-24,25,3609,13,2779,12,756,0,74,18,652,9,1521,18,2173,Not in California
Unknown,2021-04-25,24,3633,10,2789,14,770,0,74,15,656,11,1532,15,2188,Not in California
Unknown,2021-04-26,20,3653,13,2802,7,777,0,74,9,651,14,1546,9,2197,Not in California
Unknown,2021-04-27,25,3678,12,2814,13,790,0,74,16,648,19,1565,16,2213,Not in California
Unknown,2021-04-28,27,3705,19,2833,7,797,1,75,13,643,19,1584,14,2227,Not in California
Unknown,2021-04-29,33,3738,22,2855,11,808,0,75,18,641,20,1604,18,2245,Not in California
Unknown,2021-04-30,29,3767,14,2869,10,818,5,80,19,650,15,1619,24,2269,Not in California
Unknown,2021-05-01,28,3795,21,2890,7,825,0,80,22,661,11,1630,22,2291,Not in California
Unknown,2021-05-02,14,3809,7,2897,6,831,1,81,6,660,8,1638,7,2298,Not in California
Unknown,2021-05-03,26,3835,18,2915,5,836,3,84,10,653,19,1657,12,2310,Not in California
Unknown,2021-05-04,21,3856,11,2926,6,842,4,88,9,650,16,1673,13,2323,Not in California
Unknown,2021-05-05,30,3886,11,2937,18,860,1,89,19,656,14,1687,20,2343,Not in California
Unknown,2021-05-06,21,3907,12,2949,6,866,3,92,11,658,12,1699,14,2357,Not in California
Unknown,2021-05-07,27,3934,14,2963,10,876,3,95,14,659,16,1715,17,2374,Not in California
Unknown,2021-05-08,16,3950,10,2973,4,880,2,97,7,660,8,1723,9,2383,Not in California
Unknown,2021-05-09,18,3968,5,2978,9,889,4,101,8,662,10,1733,12,2395,Not in California
Unknown,2021-05-10,18,3986,11,2989,6,895,1,102,3,652,14,1747,4,2399,Not in California
Unknown,2021-05-11,15,4001,9,2998,2,897,4,106,8,657,7,1754,12,2411,Not in California
Unknown,2021-05-12,14,4015,9,3007,4,901,1,107,6,656,8,1762,7,2418,Not in California
Unknown,2021-05-13,15,4030,10,3017,1,902,4,111,9,663,7,1769,14,2432,Not in California
Unknown,2021-05-14,24,4054,20,3037,3,905,1,112,14,668,9,1778,14,2446,Not in California
Unknown,2021-05-15,21,4075,19,3056,2,907,0,112,12,671,9,1787,12,2458,Not in California
Unknown,2021-05-16,27,4102,18,3074,8,915,1,113,16,677,11,1798,17,2475,Not in California
Unknown,2021-05-17,26,4128,20,3094,4,919,2,115,17,687,9,1807,19,2494,Not in California
Unknown,2021-05-18,39,4167,28,3122,9,928,2,117,31,712,8,1815,33,2527,Not in California
Unknown,2021-05-19,37,4204,28,3150,8,936,1,118,20,717,16,1831,21,2548,Not in California
Unknown,2021-05-20,184,4388,175,3325,8,944,1,119,175,885,8,1839,176,2724,Not in California
Unknown,2021-05-21,194,4582,187,3512,6,950,1,120,186,1064,8,1847,187,2911,Not in California
Unknown,2021-05-22,208,4790,200,3712,6,956,2,122,193,1244,15,1862,195,3106,Not in California
Unknown,2021-05-23,121,4911,120,3832,0,956,1,123,119,1363,1,1863,120,3226,Not in California
Unknown,2021-05-24,377,5288,273,4105,93,1049,11,134,353,1704,23,1886,364,3590,Not in California
Unknown,2021-05-25,427,5715,305,4410,105,1154,17,151,388,2070,39,1925,405,3995,Not in California
Unknown,2021-05-26,372,6087,304,4714,63,1217,5,156,345,2394,26,1951,350,4345,Not in California
Unknown,2021-05-27,364,6451,300,5014,55,1272,9,165,329,2698,35,1986,339,4684,Not in California
Unknown,2021-05-28,389,6840,315,5329,60,1332,14,179,355,3034,33,2019,369,5053,Not in California
Alameda,2020-12-15,37,37,37,37,0,0,0,0,37,37,0,0,37,37,California
Alameda,2020-12-16,208,245,208,245,0,0,0,0,208,245,0,0,208,245,California
Alameda,2020-12-17,398,643,398,643,0,0,0,0,398,643,0,0,398,643,California
Alameda,2020-12-18,1791,2434,1790,2433,1,1,0,0,1791,2434,0,0,1791,2434,California
Alameda,2020-12-19,1437,3871,1437,3870,0,1,0,0,1437,3871,0,0,1437,3871,California
Alameda,2020-12-20,1191,5062,1190,5060,1,2,0,0,1190,5060,1,1,1190,5061,California
Alameda,2020-12-21,1869,6931,1867,6927,2,4,0,0,1868,6928,0,1,1868,6929,California
Alameda,2020-12-22,2111,9042,2058,8985,53,57,0,0,2111,9039,0,1,2111,9040,California
Alameda,2020-12-23,1973,11015,1715,10700,258,315,0,0,1974,11013,0,1,1974,11014,California
Alameda,2020-12-24,1220,12235,763,11463,457,772,0,0,1220,12233,0,1,1220,12234,California
Alameda,2020-12-25,167,12402,130,11593,37,809,0,0,167,12400,0,1,167,12401,California
Alameda,2020-12-26,870,13272,327,11920,543,1352,0,0,870,13270,0,1,870,13271,California
Alameda,2020-12-27,502,13774,258,12178,244,1596,0,0,502,13772,0,1,502,13773,California
Alameda,2020-12-28,1883,15657,960,13138,923,2519,0,0,1883,15655,0,1,1883,15656,California
Alameda,2020-12-29,2478,18135,1072,14210,1406,3925,0,0,2477,18132,0,1,2477,18133,California
Alameda,2020-12-30,3087,21222,1316,15526,1771,5696,0,0,3087,21219,0,1,3087,21220,California
Alameda,2020-12-31,1794,23016,443,15969,1351,7047,0,0,1792,23010,1,2,1792,23012,California
Alameda,2021-01-01,172,23188,69,16038,103,7150,0,0,171,23180,1,3,171,23183,California
Alameda,2021-01-02,726,23914,526,16564,200,7350,0,0,725,23905,0,3,725,23908,California
Alameda,2021-01-03,341,24255,221,16785,120,7470,0,0,338,24240,3,6,338,24246,California
Alameda,2021-01-04,1646,25901,943,17728,703,8173,0,0,1634,25863,11,17,1634,25880,California
Alameda,2021-01-05,2217,28118,1276,19004,941,9114,0,0,1981,27611,233,250,1981,27861,California
Alameda,2021-01-06,3276,31394,1808,20812,1468,10582,0,0,2429,29198,844,1094,2431,30292,California
Alameda,2021-01-07,3813,35207,2149,22961,1664,12246,0,0,2683,30765,1121,2215,2688,32980,California
Alameda,2021-01-08,4766,39973,2729,25690,2037,14283,0,0,3111,32231,1650,3865,3116,36096,California
Alameda,2021-01-09,2032,42005,1383,27073,649,14932,0,0,1173,32545,859,4724,1173,37269,California
Alameda,2021-01-10,1068,43073,886,27959,182,15114,0,0,427,32330,642,5366,427,37696,California
Alameda,2021-01-11,4660,47733,3522,31481,1138,16252,0,0,2861,33400,1798,7164,2868,40564,California
Alameda,2021-01-12,4837,52570,3260,34741,1577,17829,0,0,3449,35465,1387,8551,3452,44016,California
Alameda,2021-01-13,5031,57601,2658,37399,2373,20202,0,0,3840,38120,1187,9738,3842,47858,California
Alameda,2021-01-14,5643,63244,2780,40179,2863,23065,0,0,4755,41999,879,10617,4758,52616,California
Alameda,2021-01-15,5831,69075,2311,42490,3520,26585,0,0,5065,46309,759,11376,5069,57685,California
Alameda,2021-01-16,3004,72079,1410,43900,1594,28179,0,0,2734,48774,270,11646,2735,60420,California
Alameda,2021-01-17,1870,73949,1085,44985,785,28964,0,0,1663,50232,206,11852,1664,62084,California
Alameda,2021-01-18,3197,77146,2055,47040,1142,30106,0,0,2603,52248,589,12441,2605,64689,California
Alameda,2021-01-19,5534,82680,3334,50374,2200,32306,0,0,4342,55402,1190,13631,4344,69033,California
Alameda,2021-01-20,6784,89464,4111,54485,2673,34979,0,0,5492,59619,1279,14910,5496,74529,California
Alameda,2021-01-21,7790,97254,3411,57896,4379,39358,0,0,6951,65742,833,15743,6956,81485,California
Alameda,2021-01-22,6850,104104,2045,59941,4805,44163,0,0,5711,70323,1132,16875,5713,87198,California
Alameda,2021-01-23,3285,107389,951,60892,2334,46497,0,0,2729,72496,556,17431,2729,89927,California
Alameda,2021-01-24,2049,109438,656,61548,1393,47890,0,0,1772,73995,273,17704,1772,91699,California
Alameda,2021-01-25,5204,114642,1975,63523,3229,51119,0,0,3619,76038,1577,19281,3620,95319,California
Alameda,2021-01-26,7254,121896,2299,65822,4955,56074,0,0,5386,79565,1860,21141,5387,100706,California
Alameda,2021-01-27,6647,128543,2062,67884,4585,60659,0,0,4802,82532,1835,22976,4802,105508,California
Alameda,2021-01-28,7895,136438,2554,70438,5341,66000,0,0,5654,85962,2225,25201,5655,111163,California
Alameda,2021-01-29,7940,144378,3193,73631,4747,70747,0,0,6119,90271,1811,27012,6120,117283,California
Alameda,2021-01-30,3430,147808,1683,75314,1747,72494,0,0,2719,92285,705,27717,2719,120002,California
Alameda,2021-01-31,1893,149701,957,76271,936,73430,0,0,1660,93715,230,27947,1660,121662,California
Alameda,2021-02-01,6498,156199,3896,80167,2602,76032,0,0,4349,95925,2140,30087,4350,126012,California
Alameda,2021-02-02,6959,163158,3751,83918,3208,79240,0,0,4657,98287,2295,32382,4657,130669,California
Alameda,2021-02-03,7096,170254,3736,87654,3360,82600,0,0,4398,99998,2692,35074,4403,135072,California
Alameda,2021-02-04,9523,179777,4144,91798,5379,87979,0,0,6410,103313,3100,38174,6415,141487,California
Alameda,2021-02-05,10330,190107,5392,97190,4938,92917,0,0,6456,105907,3868,42042,6462,147949,California
Alameda,2021-02-06,6982,197089,4428,101618,2554,95471,0,0,5853,110632,1128,43170,5853,153802,California
Alameda,2021-02-07,3597,200686,2906,104524,691,96162,0,0,2653,112345,941,44111,2654,156456,California
Alameda,2021-02-08,8083,208769,5781,110305,2302,98464,0,0,5527,115326,2548,46659,5529,161985,California
Alameda,2021-02-09,9720,218489,5858,116163,3862,102326,0,0,6057,117741,3644,50303,6059,168044,California
Alameda,2021-02-10,11465,229954,6782,122945,4683,107009,0,0,6560,119420,4889,55192,6568,174612,California
Alameda,2021-02-11,13939,243893,8005,130950,5934,112943,0,0,8373,122251,5546,60738,8377,182989,California
Alameda,2021-02-12,12553,256446,5718,136668,6835,119778,0,0,7765,125248,4771,65509,7768,190757,California
Alameda,2021-02-13,7796,264242,4052,140720,3744,123522,0,0,5833,129125,1958,67467,5835,196592,California
Alameda,2021-02-14,4041,268283,2540,143260,1501,125023,0,0,2873,130837,1164,68631,2876,199468,California
Alameda,2021-02-15,5680,273963,3190,146450,2490,127513,0,0,3697,132556,1981,70612,3700,203168,California
Alameda,2021-02-16,12534,286497,6956,153406,5578,133091,0,0,9318,138674,3206,73818,9324,212492,California
Alameda,2021-02-17,14176,300673,8424,161830,5752,138843,0,0,10542,145601,3617,77435,10544,223036,California
Alameda,2021-02-18,15910,316583,10099,171929,5811,144654,0,0,11553,152811,4349,81784,11559,234595,California
Alameda,2021-02-19,17683,334266,11476,183405,6207,150861,0,0,11712,158580,5949,87733,11718,246313,California
Alameda,2021-02-20,11892,346158,9635,193040,2257,153118,0,0,9163,165025,2724,90457,9169,255482,California
Alameda,2021-02-21,7695,353853,6764,199804,931,154049,0,0,5206,167754,2478,92935,5207,260689,California
Alameda,2021-02-22,10809,364662,8020,207824,2789,156838,0,0,6851,170669,3945,96880,6860,267549,California
Alameda,2021-02-23,12921,377583,7912,215736,5009,161847,0,0,8119,174003,4792,101672,8126,275675,California
Alameda,2021-02-24,14789,392372,8332,224068,6457,168304,0,0,9635,178552,5092,106764,9641,285316,California
Alameda,2021-02-25,15648,408020,9141,233209,6507,174811,0,0,9981,182911,5632,112396,9991,295307,California
Alameda,2021-02-26,18130,426150,10662,243871,7468,182279,0,0,11726,188280,6361,118757,11730,307037,California
Alameda,2021-02-27,14903,441053,11006,254877,3895,186174,2,2,9281,191969,5596,124353,9285,316322,California
Alameda,2021-02-28,9186,450239,7749,262626,1437,187611,0,2,6087,194983,3074,127427,6088,322410,California
Alameda,2021-03-01,13514,463753,9440,272066,4065,191676,9,11,8419,198371,5047,132474,8435,330845,California
Alameda,2021-03-02,15068,478821,10842,282908,4225,195901,1,12,9904,203140,5143,137617,9912,340757,California
Alameda,2021-03-03,15712,494533,10279,293187,5432,201333,1,13,10730,208921,4954,142571,10735,351492,California
Alameda,2021-03-04,17448,511981,11186,304373,6260,207593,2,15,10992,213492,6423,148994,10994,362486,California
Alameda,2021-03-05,16313,528294,10685,315058,5619,213212,9,24,11022,219285,5244,154238,11037,373523,California
Alameda,2021-03-06,14569,542863,10277,325335,4027,217239,265,289,9656,224341,4866,159104,9922,383445,California
Alameda,2021-03-07,9777,552640,8510,333845,1185,218424,82,371,6983,228644,2765,161869,7068,390513,California
Alameda,2021-03-08,11988,564628,7477,341322,4131,222555,380,751,8976,235040,2960,164829,9356,399869,California
Alameda,2021-03-09,14722,579350,10335,351657,3955,226510,432,1183,8050,236890,6636,171465,8486,408355,California
Alameda,2021-03-10,17558,596908,12194,363851,4803,231313,561,1744,7936,235788,9595,181060,8493,416848,California
Alameda,2021-03-11,19836,616744,11623,375474,6507,237820,1706,3450,6767,231215,13038,194098,8465,425313,California
Alameda,2021-03-12,21435,638179,12538,388012,7193,245013,1704,5154,7517,226535,13892,207990,9212,434525,California
Alameda,2021-03-13,16103,654282,10343,398355,4762,249775,998,6152,5151,221771,10916,218906,6152,440677,California
Alameda,2021-03-14,10920,665202,8032,406387,2096,251871,792,6944,3424,218500,7476,226382,4205,444882,California
Alameda,2021-03-15,14528,679730,9511,415898,4486,256357,531,7475,6326,217183,8171,234553,6854,451736,California
Alameda,2021-03-16,17310,697040,11240,427138,5530,261887,540,8015,7428,215322,9830,244383,7969,459705,California
Alameda,2021-03-17,17547,714587,9928,437066,6897,268784,722,8737,8117,214768,9390,253773,8836,468541,California
Alameda,2021-03-18,19258,733845,10496,447562,7864,276648,898,9635,8786,214016,10440,264213,9688,478229,California
Alameda,2021-03-19,19464,753309,10686,458248,6978,283626,1800,11435,7684,211761,11733,275946,9478,487707,California
Alameda,2021-03-20,15864,769173,10392,468640,4615,288241,857,12292,6444,209672,9386,285332,7297,495004,California
Alameda,2021-03-21,9265,778438,7285,475925,1423,289664,557,12849,3788,208550,5467,290799,4345,499349,California
Alameda,2021-03-22,15124,793562,10208,486133,3907,293571,1009,13858,7029,208514,8068,298867,8032,507381,California
Alameda,2021-03-23,19411,812973,11781,497914,6815,300386,815,14673,9875,209722,9488,308355,10696,518077,California
Alameda,2021-03-24,19329,832302,11728,509642,6581,306967,1020,15693,8446,208361,10820,319175,9459,527536,California
Alameda,2021-03-25,20633,852935,11487,521129,7738,314705,1408,17101,9502,208200,11061,330236,10900,538436,California
Alameda,2021-03-26,21065,874000,12720,533849,6773,321478,1572,18673,8552,205847,12467,342703,10114,548550,California
Alameda,2021-03-27,18440,892440,12575,546424,4903,326381,962,19635,7595,203588,10798,353501,8539,557089,California
Alameda,2021-03-28,10689,903129,8704,555128,1782,328163,203,19838,3532,200186,7144,360645,3742,560831,California
Alameda,2021-03-29,14793,917922,9491,564619,4305,332468,997,20835,6000,198424,8757,369402,6995,567826,California
Alameda,2021-03-30,18694,936616,9893,574512,7079,339547,1722,22557,9329,200136,9332,378734,11044,578870,California
Alameda,2021-03-31,19499,956115,10328,584840,7065,346612,2106,24663,9171,201101,10301,389035,11266,590136,California
Alameda,2021-04-01,23440,979555,10092,594932,7660,354272,5688,30351,11107,205594,12285,401320,16778,606914,California
Alameda,2021-04-02,24209,1003764,9996,604928,8346,362618,5867,36218,11720,210703,12450,413770,17559,624473,California
Alameda,2021-04-03,20421,1024185,9848,614776,5708,368326,4865,41083,10358,215876,10043,423813,15216,639689,California
Alameda,2021-04-04,9994,1034179,3993,618769,2288,370614,3713,44796,3466,216540,6510,430323,7174,646863,California
Alameda,2021-04-05,17898,1052077,7549,626318,5539,376153,4810,49606,7282,218040,10591,440914,12091,658954,California
Alameda,2021-04-06,22279,1074356,10733,637051,5689,381842,5857,55463,10110,221864,12132,453046,15956,674910,California
Alameda,2021-04-07,22608,1096964,11606,648657,5528,387370,5474,60937,11451,227670,11111,464157,16917,691827,California
Alameda,2021-04-08,25528,1122492,11545,660202,5997,393367,7986,68923,10908,232010,14547,478704,18887,710714,California
Alameda,2021-04-09,23449,1145941,10720,670922,7497,400864,5232,74155,12094,238025,11323,490027,17338,728052,California
Alameda,2021-04-10,19285,1165226,7448,678370,5642,406506,6195,80350,8186,241332,11075,501102,14382,742434,California
Alameda,2021-04-11,10992,1176218,4793,683163,2264,408770,3935,84285,4468,243215,6507,507609,8390,750824,California
Alameda,2021-04-12,18018,1194236,11723,694886,4309,413079,1986,86271,10123,247458,7860,515469,12103,762927,California
Alameda,2021-04-13,23029,1217265,14610,709496,8363,421442,56,86327,16937,258422,6039,521508,17003,779930,California
Alameda,2021-04-14,23120,1240385,15186,724682,7933,429375,1,86328,15605,266555,7480,528988,15613,795543,California
Alameda,2021-04-15,24117,1264502,15401,740083,8714,438089,2,86330,15995,274498,8062,537050,16005,811548,California
Alameda,2021-04-16,24429,1288931,14426,754509,9998,448087,5,86335,15739,281620,8633,545683,15755,827303,California
Alameda,2021-04-17,20911,1309842,14451,768960,6460,454547,0,86335,14440,289638,6436,552119,14454,841757,California
Alameda,2021-04-18,9985,1319827,7639,776599,2346,456893,0,86335,6907,293501,3049,555168,6912,848669,California
Alameda,2021-04-19,15676,1335503,9759,786358,5916,462809,1,86336,9086,296046,6551,561719,9096,857765,California
Alameda,2021-04-20,18197,1353700,11132,797490,7063,469872,2,86338,9982,297880,8170,569889,10004,867769,California
Alameda,2021-04-21,19168,1372868,11223,808713,7935,477807,10,86348,11182,301158,7932,577821,11210,878979,California
Alameda,2021-04-22,21475,1394343,13839,822552,7632,485439,4,86352,11434,302634,9986,587807,11462,890441,California
Alameda,2021-04-23,21881,1416224,14152,836704,7726,493165,3,86355,12247,305338,9572,597379,12276,902717,California
Alameda,2021-04-24,19033,1435257,14459,851163,4566,497731,8,86363,10072,306511,8916,606295,10089,912806,California
Alameda,2021-04-25,8946,1444203,6936,858099,2009,499740,1,86364,5835,309274,3083,609378,5846,918652,California
Alameda,2021-04-26,13830,1458033,9653,867752,4153,503893,24,86388,8599,312707,5198,614576,8631,927283,California
Alameda,2021-04-27,15809,1473842,9406,877158,6098,509991,305,86693,7459,312195,8300,622876,7788,935071,California
Alameda,2021-04-28,16009,1489851,10200,887358,5342,515333,467,87160,6266,309225,9713,632589,6743,941814,California
Alameda,2021-04-29,16780,1506631,10062,897420,6394,521727,324,87484,6010,304859,10720,643309,6354,948168,California
Alameda,2021-04-30,19496,1526127,12016,909436,7139,528866,341,87825,7899,301617,11521,654830,8279,956447,California
Alameda,2021-05-01,13987,1540114,9337,918773,4446,533312,204,88029,5222,298346,8726,663556,5455,961902,California
Alameda,2021-05-02,7042,1547156,4898,923671,1975,535287,169,88198,2876,297245,4151,667707,3050,964952,California
Alameda,2021-05-03,14422,1561578,10914,934585,3188,538475,320,88518,2821,288855,11559,679266,3169,968121,California
Alameda,2021-05-04,18261,1579839,13097,947682,4806,543281,358,88876,3641,278340,14545,693811,4030,972151,California
Alameda,2021-05-05,18321,1598160,13306,960988,4508,547789,507,89383,3752,268108,14506,708317,4274,976425,California
Alameda,2021-05-06,18613,1616773,14051,975039,3866,551655,696,90079,3608,257496,14929,723246,4317,980742,California
Alameda,2021-05-07,19117,1635890,12863,987902,5840,557495,414,90493,4363,247606,14685,737931,4795,985537,California
Alameda,2021-05-08,16463,1652353,11258,999160,4992,562487,213,90706,3100,237609,13325,751256,3328,988865,California
Alameda,2021-05-09,8515,1660868,6959,1006119,1413,563900,143,90849,1453,232167,7041,758297,1599,990464,California
Alameda,2021-05-10,10097,1670965,6892,1013011,2878,566778,327,91176,2483,227403,7582,765879,2818,993282,California
Alameda,2021-05-11,14984,1685949,8007,1021018,6678,573456,299,91475,2710,218212,12232,778111,3041,996323,California
Alameda,2021-05-12,12614,1698563,8266,1029284,3934,577390,414,91889,2623,211324,9950,788061,3062,999385,California
Alameda,2021-05-13,16755,1715318,11969,1041253,4267,581657,519,92408,5160,205480,11553,799614,5709,1005094,California
Alameda,2021-05-14,20471,1735789,13848,1055101,6147,587804,476,92884,7018,199611,13376,812990,7507,1012601,California
Alameda,2021-05-15,17064,1752853,12420,1067521,4417,592221,227,93111,5790,194401,11234,824224,6024,1018625,California
Alameda,2021-05-16,8379,1761232,7155,1074676,1132,593353,92,93203,2794,191738,5555,829779,2892,1021517,California
Alameda,2021-05-17,13380,1774612,9961,1084637,2890,596243,529,93732,4333,187601,9013,838792,4876,1026393,California
Alameda,2021-05-18,14099,1788711,10223,1094860,3452,599695,424,94156,5168,184305,8891,847683,5595,1031988,California
Alameda,2021-05-19,14340,1803051,9795,1104655,4213,603908,332,94488,6117,182584,8172,855855,6451,1038439,California
Alameda,2021-05-20,11495,1814546,7664,1112319,3400,607308,431,94919,5372,182306,6083,861938,5805,1044244,California
Alameda,2021-05-21,13527,1828073,8909,1121228,4390,611698,228,95147,4568,178200,8901,870839,4795,1049039,California
Alameda,2021-05-22,8930,1837003,6585,1127813,2201,613899,144,95291,3717,176874,5188,876027,3862,1052901,California
Alameda,2021-05-23,3778,1840781,3077,1130890,632,614531,69,95360,1176,175528,2592,878619,1246,1054147,California
Alameda,2021-05-24,6993,1847774,3985,1134875,2747,617278,261,95621,2807,174443,4156,882775,3071,1057218,California
Alameda,2021-05-25,7841,1855615,5026,1139901,2561,619839,254,95875,3534,173951,4279,887054,3787,1061005,California
Alameda,2021-05-26,8133,1863748,5077,1144978,2763,622602,293,96168,3779,173683,4336,891390,4068,1065073,California
Alameda,2021-05-27,7942,1871690,4764,1149742,2836,625438,342,96510,3522,173154,4390,895780,3861,1068934,California
Alameda,2021-05-28,8557,1880247,5018,1154760,3325,628763,214,96724,3645,172132,4882,900662,3860,1072794,California
Alameda,2021-05-29,2797,1883044,1478,1156238,1201,629964,118,96842,1323,172112,1462,902124,1442,1074236,California
Alpine,2020-12-18,2,2,2,2,0,0,0,0,2,2,0,0,2,2,California
Alpine,2020-12-19,2,4,2,4,0,0,0,0,2,4,0,0,2,4,California
Alpine,2020-12-21,2,6,2,6,0,0,0,0,2,6,0,0,2,6,California
Alpine,2020-12-30,14,20,0,6,14,14,0,0,14,20,0,0,14,20,California
Alpine,2020-12-31,1,21,0,6,1,15,0,0,1,21,0,0,1,21,California
Alpine,2021-01-01,1,22,0,6,1,16,0,0,1,22,0,0,1,22,California
Alpine,2021-01-02,1,23,1,7,0,16,0,0,1,23,0,0,1,23,California
Alpine,2021-01-04,10,33,0,7,10,26,0,0,10,33,0,0,10,33,California
Alpine,2021-01-05,9,42,1,8,8,34,0,0,9,42,0,0,9,42,California
Alpine,2021-01-06,31,73,0,8,31,65,0,0,31,73,0,0,31,73,California
Alpine,2021-01-07,8,81,0,8,8,73,0,0,8,81,0,0,8,81,California
Alpine,2021-01-08,4,85,2,10,2,75,0,0,2,81,2,2,2,83,California
Alpine,2021-01-09,2,87,2,12,0,75,0,0,0,79,2,4,0,83,California
Alpine,2021-01-11,32,119,1,13,31,106,0,0,31,109,1,5,31,114,California
Alpine,2021-01-13,35,154,0,13,35,141,0,0,35,144,0,5,35,149,California
Alpine,2021-01-14,1,155,0,13,1,142,0,0,1,145,0,5,1,150,California
Alpine,2021-01-15,1,156,0,13,1,143,0,0,1,146,0,5,1,151,California
Alpine,2021-01-20,21,177,0,13,21,164,0,0,21,167,0,5,21,172,California
Alpine,2021-01-21,1,178,0,13,1,165,0,0,1,168,0,5,1,173,California
Alpine,2021-01-22,33,211,0,13,33,198,0,0,33,201,0,5,33,206,California
Alpine,2021-01-23,1,212,1,14,0,198,0,0,0,200,1,6,0,206,California
Alpine,2021-01-25,16,228,0,14,16,214,0,0,16,216,0,6,16,222,California
Alpine,2021-01-27,1,229,1,15,0,214,0,0,0,215,1,7,0,222,California
Alpine,2021-01-28,1,230,0,15,1,215,0,0,0,214,1,8,0,222,California
Alpine,2021-01-29,1,231,0,15,1,216,0,0,1,215,0,8,1,223,California
Alpine,2021-02-01,25,256,0,15,25,241,0,0,7,204,18,26,7,230,California
Alpine,2021-02-03,34,290,0,15,34,275,0,0,10,190,24,50,10,240,California
Alpine,2021-02-04,8,298,0,15,8,283,0,0,3,188,5,55,3,243,California
Alpine,2021-02-05,31,329,0,15,31,314,0,0,12,181,19,74,12,255,California
Alpine,2021-02-08,32,361,0,15,32,346,0,0,4,157,28,102,4,259,California
Alpine,2021-02-10,34,395,0,15,34,380,0,0,0,123,34,136,0,259,California
Alpine,2021-02-11,6,401,0,15,6,386,0,0,3,123,3,139,3,262,California
Alpine,2021-02-12,1,402,0,15,1,387,0,0,0,122,1,140,0,262,California
Alpine,2021-02-17,23,425,0,15,23,410,0,0,3,105,20,160,3,265,California
Alpine,2021-02-18,2,427,0,15,2,412,0,0,1,105,1,161,1,266,California
Alpine,2021-02-19,34,461,1,16,33,445,0,0,2,75,32,193,2,268,California
Alpine,2021-02-22,27,488,0,16,27,472,0,0,8,64,19,212,8,276,California
Alpine,2021-02-24,1,489,1,17,0,472,0,0,1,65,0,212,1,277,California
Alpine,2021-02-25,6,495,1,18,5,477,0,0,6,71,0,212,6,283,California
Alpine,2021-02-26,30,525,1,19,29,506,0,0,29,99,1,213,29,312,California
Alpine,2021-02-27,1,526,0,19,1,507,0,0,1,100,0,213,1,313,California
Alpine,2021-03-01,36,562,0,19,36,543,0,0,26,116,10,223,26,339,California
Alpine,2021-03-03,29,591,0,19,29,572,0,0,18,123,11,234,18,357,California
Alpine,2021-03-04,11,602,1,20,10,582,0,0,11,134,0,234,11,368,California
Alpine,2021-03-05,30,632,0,20,30,612,0,0,22,148,8,242,22,390,California
Alpine,2021-03-08,31,663,0,20,31,643,0,0,29,175,2,244,29,419,California
Alpine,2021-03-10,73,736,0,20,73,716,0,0,73,248,0,244,73,492,California
Alpine,2021-03-11,35,771,0,20,35,751,0,0,31,275,4,248,31,523,California
Alpine,2021-03-12,19,790,0,20,19,770,0,0,17,290,2,250,17,540,California
Alpine,2021-03-15,21,811,1,21,20,790,0,0,20,309,1,251,20,560,California
Alpine,2021-03-17,23,834,0,21,22,812,1,1,19,325,4,255,20,580,California
Alpine,2021-03-18,38,872,3,24,35,847,0,1,35,357,3,258,35,615,California
Alpine,2021-03-19,2,874,1,25,1,848,0,1,1,357,1,259,1,616,California
Alpine,2021-03-22,24,898,0,25,24,872,0,1,15,363,9,268,15,631,California
Alpine,2021-03-24,19,917,0,25,19,891,0,1,8,360,11,279,8,639,California
Alpine,2021-03-25,35,952,1,26,33,924,1,2,28,382,7,286,29,668,California
Alpine,2021-03-27,1,953,0,26,1,925,0,2,0,381,1,287,0,668,California
Alpine,2021-03-28,1,954,1,27,0,925,0,2,1,382,0,287,1,669,California
Alpine,2021-03-29,19,973,0,27,18,943,1,3,2,368,17,304,3,672,California
Alpine,2021-04-01,18,991,0,27,18,961,0,3,8,366,10,314,8,680,California
Alpine,2021-04-02,101,1092,1,28,100,1061,0,3,46,358,54,368,46,726,California
Alpine,2021-04-05,4,1096,1,29,3,1064,0,3,0,354,4,372,0,726,California
Alpine,2021-04-06,3,1099,2,31,1,1065,0,3,2,355,1,373,2,728,California
Alpine,2021-04-07,117,1216,0,31,116,1181,1,4,30,300,86,459,31,759,California
Alpine,2021-04-08,36,1252,0,31,35,1216,1,5,10,285,26,485,11,770,California
Alpine,2021-04-09,2,1254,0,31,2,1218,0,5,2,287,0,485,2,772,California
Alpine,2021-04-14,47,1301,0,31,47,1265,0,5,10,260,37,522,10,782,California
Alpine,2021-04-15,35,1336,0,31,35,1300,0,5,3,231,32,554,3,785,California
Alpine,2021-04-16,1,1337,0,31,1,1301,0,5,1,232,0,554,1,786,California
Alpine,2021-04-19,1,1338,0,31,1,1302,0,5,1,233,0,554,1,787,California
Alpine,2021-04-21,31,1369,0,31,31,1333,0,5,15,232,16,570,15,802,California
Alpine,2021-04-22,24,1393,0,31,24,1357,0,5,1,210,23,593,1,803,California
Alpine,2021-04-24,2,1395,2,33,0,1357,0,5,0,209,2,595,1,804,California
Alpine,2021-04-25,1,1396,1,34,0,1357,0,5,0,208,1,596,0,804,California
Alpine,2021-04-27,2,1398,1,35,1,1358,0,5,1,208,1,597,1,805,California
Alpine,2021-04-28,36,1434,0,35,36,1394,0,5,6,184,30,627,6,811,California
Alpine,2021-04-29,7,1441,1,36,6,1400,0,5,1,179,6,633,1,812,California
Alpine,2021-04-30,2,1443,1,37,0,1400,1,6,1,180,1,634,2,814,California
Alpine,2021-05-02,1,1444,0,37,0,1400,1,7,0,180,1,635,1,815,California
Alpine,2021-05-05,17,1461,0,37,17,1417,0,7,4,171,13,648,4,819,California
Alpine,2021-05-06,8,1469,0,37,8,1425,0,7,0,163,8,656,0,819,California
Alpine,2021-05-07,1,1470,0,37,1,1426,0,7,0,162,1,657,0,819,California
Alpine,2021-05-10,1,1471,0,37,1,1427,0,7,1,163,0,657,1,820,California
Alpine,2021-05-12,1,1472,0,37,0,1427,1,8,0,163,1,658,1,821,California
Alpine,2021-05-13,3,1475,0,37,3,1430,0,8,0,160,3,661,0,821,California
Alpine,2021-05-17,2,1477,0,37,2,1432,0,8,1,160,1,662,1,822,California
Alpine,2021-05-18,1,1478,0,37,1,1433,0,8,1,161,0,662,1,823,California
Alpine,2021-05-19,15,1493,0,37,15,1448,0,8,0,146,15,677,0,823,California
Alpine,2021-05-20,1,1494,1,38,0,1448,0,8,0,145,1,678,0,823,California
Alpine,2021-05-21,1,1495,1,39,0,1448,0,8,0,144,1,679,0,823,California
Alpine,2021-05-25,2,1497,0,39,2,1450,0,8,0,142,2,681,0,823,California
Alpine,2021-05-27,1,1498,0,39,1,1451,0,8,1,143,0,681,1,824,California
Alpine,2021-05-28,1,1499,1,40,0,1451,0,8,1,144,0,681,1,825,California
Amador,2020-12-16,2,2,2,2,0,0,0,0,2,2,0,0,2,2,California
Amador,2020-12-17,5,7,5,7,0,0,0,0,5,7,0,0,5,7,California
Amador,2020-12-18,45,52,45,52,0,0,0,0,45,52,0,0,45,52,California
Amador,2020-12-19,17,69,17,69,0,0,0,0,17,69,0,0,17,69,California
Amador,2020-12-20,4,73,4,73,0,0,0,0,4,73,0,0,4,73,California
Amador,2020-12-21,31,104,31,104,0,0,0,0,31,104,0,0,31,104,California
Amador,2020-12-22,35,139,34,138,1,1,0,0,35,139,0,0,35,139,California
Amador,2020-12-23,39,178,38,176,1,2,0,0,39,178,0,0,39,178,California
Amador,2020-12-24,5,183,3,179,2,4,0,0,5,183,0,0,5,183,California
Amador,2020-12-26,5,188,4,183,1,5,0,0,5,188,0,0,5,188,California
Amador,2020-12-27,1,189,0,183,1,6,0,0,1,189,0,0,1,189,California
Amador,2020-12-28,31,220,27,210,4,10,0,0,31,220,0,0,31,220,California
Amador,2020-12-29,26,246,19,229,7,17,0,0,26,246,0,0,26,246,California
Amador,2020-12-30,124,370,78,307,46,63,0,0,124,370,0,0,124,370,California
Amador,2020-12-31,192,562,167,474,25,88,0,0,192,562,0,0,192,562,California
Amador,2021-01-01,2,564,0,474,2,90,0,0,2,564,0,0,2,564,California
Amador,2021-01-02,56,620,56,530,0,90,0,0,56,620,0,0,56,620,California
Amador,2021-01-03,65,685,17,547,48,138,0,0,65,685,0,0,65,685,California
Amador,2021-01-04,124,809,1,548,123,261,0,0,124,809,0,0,124,809,California
Amador,2021-01-05,33,842,3,551,30,291,0,0,31,839,2,2,32,841,California
Amador,2021-01-06,40,882,10,561,30,321,0,0,36,871,4,6,36,877,California
Amador,2021-01-07,230,1112,69,630,161,482,0,0,218,1077,12,18,218,1095,California
Amador,2021-01-08,85,1197,70,700,15,497,0,0,41,1075,44,62,42,1137,California
Amador,2021-01-09,11,1208,11,711,0,497,0,0,2,1068,9,71,2,1139,California
Amador,2021-01-10,6,1214,4,715,2,499,0,0,2,1066,4,75,2,1141,California
Amador,2021-01-11,125,1339,44,759,81,580,0,0,88,1118,37,112,89,1230,California
Amador,2021-01-12,64,1403,49,808,15,595,0,0,40,1134,24,136,40,1270,California
Amador,2021-01-13,40,1443,24,832,16,611,0,0,28,1150,12,148,28,1298,California
Amador,2021-01-14,150,1593,22,854,128,739,0,0,140,1281,10,158,141,1439,California
Amador,2021-01-15,60,1653,25,879,35,774,0,0,52,1325,8,166,52,1491,California
Amador,2021-01-16,18,1671,11,890,7,781,0,0,12,1332,6,172,13,1504,California
Amador,2021-01-17,25,1696,5,895,20,801,0,0,25,1357,0,172,25,1529,California
Amador,2021-01-18,31,1727,27,922,4,805,0,0,9,1344,22,194,9,1538,California
Amador,2021-01-19,125,1852,100,1022,25,830,0,0,81,1381,44,238,81,1619,California
Amador,2021-01-20,184,2036,34,1056,150,980,0,0,168,1534,15,253,168,1787,California
Amador,2021-01-21,259,2295,228,1284,31,1011,0,0,148,1572,111,364,149,1936,California
Amador,2021-01-22,137,2432,74,1358,63,1074,0,0,130,1695,7,371,130,2066,California
Amador,2021-01-23,52,2484,32,1390,20,1094,0,0,50,1743,2,373,50,2116,California
Amador,2021-01-24,29,2513,12,1402,17,1111,0,0,26,1766,3,376,26,2142,California
Amador,2021-01-25,59,2572,28,1430,31,1142,0,0,42,1791,17,393,42,2184,California
Amador,2021-01-26,245,2817,17,1447,228,1370,0,0,235,2016,10,403,235,2419,California
Amador,2021-01-27,301,3118,32,1479,269,1639,0,0,254,2226,45,448,255,2674,California
Amador,2021-01-28,369,3487,97,1576,272,1911,0,0,288,2434,81,529,289,2963,California
Amador,2021-01-29,97,3584,32,1608,65,1976,0,0,82,2501,15,544,82,3045,California
Amador,2021-01-30,169,3753,37,1645,132,2108,0,0,164,2660,5,549,164,3209,California
Amador,2021-01-31,32,3785,28,1673,4,2112,0,0,31,2690,1,550,31,3240,California
Amador,2021-02-01,63,3848,23,1696,40,2152,0,0,36,2699,27,577,36,3276,California
Amador,2021-02-02,213,4061,64,1760,149,2301,0,0,127,2743,83,660,127,3403,California
Amador,2021-02-03,142,4203,39,1799,103,2404,0,0,91,2784,50,710,91,3494,California
Amador,2021-02-04,251,4454,74,1873,177,2581,0,0,164,2863,87,797,166,3660,California
Amador,2021-02-05,332,4786,64,1937,268,2849,0,0,316,3163,16,813,316,3976,California
Amador,2021-02-06,99,4885,80,2017,19,2868,0,0,95,3254,4,817,95,4071,California
Amador,2021-02-07,39,4924,35,2052,4,2872,0,0,35,3286,4,821,36,4107,California
Amador,2021-02-08,90,5014,62,2114,28,2900,0,0,73,3342,17,838,73,4180,California
Amador,2021-02-09,175,5189,82,2196,93,2993,0,0,109,3385,66,904,109,4289,California
Amador,2021-02-10,980,6169,80,2276,900,3893,0,0,946,4297,34,938,946,5235,California
Amador,2021-02-11,310,6479,120,2396,190,4083,0,0,199,4387,109,1047,199,5434,California
Amador,2021-02-12,331,6810,122,2518,209,4292,0,0,257,4570,74,1121,257,5691,California
Amador,2021-02-13,168,6978,82,2600,86,4378,0,0,142,4686,26,1147,142,5833,California
Amador,2021-02-14,123,7101,54,2654,69,4447,0,0,106,4775,17,1164,106,5939,California
Amador,2021-02-15,188,7289,61,2715,127,4574,0,0,171,4930,16,1180,171,6110,California
Amador,2021-02-16,465,7754,53,2768,412,4986,0,0,426,5318,39,1219,427,6537,California
Amador,2021-02-17,263,8017,84,2852,179,5165,0,0,166,5387,97,1316,166,6703,California
Amador,2021-02-18,397,8414,99,2951,298,5463,0,0,333,5656,64,1380,333,7036,California
Amador,2021-02-19,195,8609,77,3028,118,5581,0,0,111,5683,84,1464,111,7147,California
Amador,2021-02-20,95,8704,33,3061,62,5643,0,0,67,5722,28,1492,67,7214,California
Amador,2021-02-21,45,8749,34,3095,11,5654,0,0,14,5705,31,1523,14,7228,California
Amador,2021-02-22,65,8814,25,3120,40,5694,0,0,32,5705,32,1555,32,7260,California
Amador,2021-02-23,320,9134,54,3174,266,5960,0,0,140,5665,180,1735,140,7400,California
Amador,2021-02-24,397,9531,58,3232,339,6299,0,0,264,5800,129,1864,264,7664,California
Amador,2021-02-25,524,10055,119,3351,405,6704,0,0,278,5833,245,2109,278,7942,California
Amador,2021-02-26,623,10678,76,3427,547,7251,0,0,509,6228,114,2223,509,8451,California
Amador,2021-02-27,292,10970,93,3520,199,7450,0,0,101,6141,190,2413,103,8554,California
Amador,2021-02-28,104,11074,53,3573,51,7501,0,0,58,6155,46,2459,60,8614,California
Amador,2021-03-01,190,11264,67,3640,123,7624,0,0,121,6208,69,2528,122,8736,California
Amador,2021-03-02,381,11645,63,3703,318,7942,0,0,332,6492,49,2577,333,9069,California
Amador,2021-03-03,243,11888,79,3782,164,8106,0,0,167,6585,75,2652,168,9237,California
Amador,2021-03-04,497,12385,116,3898,381,8487,0,0,394,6877,102,2754,394,9631,California
Amador,2021-03-05,513,12898,77,3975,436,8923,0,0,294,6955,218,2972,296,9927,California
Amador,2021-03-06,99,12997,46,4021,52,8975,1,1,54,6965,45,3017,55,9982,California
Amador,2021-03-07,65,13062,44,4065,21,8996,0,1,22,6944,43,3060,22,10004,California
Amador,2021-03-08,153,13215,71,4136,81,9077,1,2,92,6976,61,3121,93,10097,California
Amador,2021-03-09,373,13588,50,4186,323,9400,0,2,293,7192,77,3198,293,10390,California
Amador,2021-03-10,516,14104,77,4263,437,9837,2,4,112,6904,404,3602,116,10506,California
Amador,2021-03-11,475,14579,118,4381,346,10183,11,15,300,7044,174,3776,314,10820,California
Amador,2021-03-12,568,15147,66,4447,495,10678,7,22,337,7163,230,4006,349,11169,California
Amador,2021-03-13,115,15262,18,4465,90,10768,7,29,74,7207,41,4047,85,11254,California
Amador,2021-03-14,89,15351,19,4484,67,10835,3,32,21,7163,68,4115,24,11278,California
Amador,2021-03-15,180,15531,26,4510,147,10982,7,39,55,7101,125,4240,63,11341,California
Amador,2021-03-16,453,15984,54,4564,389,11371,10,49,139,6938,312,4552,149,11490,California
Amador,2021-03-17,196,16180,43,4607,150,11521,3,52,117,6980,79,4631,121,11611,California
Amador,2021-03-18,478,16658,101,4708,373,11894,4,56,252,7014,226,4857,260,11871,California
Amador,2021-03-19,541,17199,56,4764,468,12362,17,73,391,7277,148,5005,411,12282,California
Amador,2021-03-20,110,17309,46,4810,63,12425,1,74,46,7263,63,5068,49,12331,California
Amador,2021-03-21,48,17357,36,4846,11,12436,1,75,31,7281,16,5084,34,12365,California
Amador,2021-03-22,116,17473,34,4880,53,12489,29,104,52,7298,64,5148,81,12446,California
Amador,2021-03-23,434,17907,47,4927,380,12869,7,111,275,7423,158,5306,283,12729,California
Amador,2021-03-24,343,18250,36,4963,54,12923,253,364,35,7404,307,5613,288,13017,California
Amador,2021-03-25,607,18857,85,5048,516,13439,6,370,395,7594,211,5824,401,13418,California
Amador,2021-03-26,745,19602,44,5092,695,14134,6,376,281,7422,462,6286,290,13708,California
Amador,2021-03-27,90,19692,15,5107,73,14207,2,378,27,7390,63,6349,31,13739,California
Amador,2021-03-28,70,19762,16,5123,52,14259,2,380,12,7348,57,6406,15,13754,California
Amador,2021-03-29,182,19944,27,5150,154,14413,1,381,81,7336,99,6505,87,13841,California
Amador,2021-03-30,535,20479,28,5178,506,14919,1,382,294,7391,240,6745,295,14136,California
Amador,2021-03-31,199,20678,57,5235,137,15056,5,387,43,7284,155,6900,48,14184,California
Amador,2021-04-01,614,21292,87,5322,527,15583,0,387,263,7200,349,7249,265,14449,California
Amador,2021-04-02,607,21899,38,5360,557,16140,12,399,381,7370,225,7474,395,14844,California
Amador,2021-04-03,84,21983,21,5381,43,16183,20,419,21,7350,63,7537,43,14887,California
Amador,2021-04-04,38,22021,3,5384,29,16212,6,425,15,7348,23,7560,21,14908,California
Amador,2021-04-05,145,22166,52,5436,76,16288,17,442,49,7321,95,7655,68,14976,California
Amador,2021-04-06,502,22668,38,5474,446,16734,18,460,222,7283,278,7933,240,15216,California
Amador,2021-04-07,98,22766,34,5508,45,16779,19,479,41,7288,55,7988,60,15276,California
Amador,2021-04-08,496,23262,86,5594,389,17168,21,500,222,7258,273,8261,243,15519,California
Amador,2021-04-09,481,23743,20,5614,442,17610,19,519,211,7217,269,8530,228,15747,California
Amador,2021-04-10,50,23793,14,5628,27,17637,9,528,22,7220,28,8558,31,15778,California
Amador,2021-04-11,50,23843,25,5653,21,17658,4,532,23,7221,26,8584,27,15805,California
Amador,2021-04-12,98,23941,26,5679,62,17720,10,542,42,7217,56,8640,52,15857,California
Amador,2021-04-13,344,24285,50,5729,294,18014,0,542,67,7008,276,8916,67,15924,California
Amador,2021-04-14,281,24566,27,5756,254,18268,0,542,176,7082,102,9018,176,16100,California
Amador,2021-04-15,332,24898,74,5830,258,18526,0,542,72,6899,255,9273,72,16172,California
Amador,2021-04-16,482,25380,29,5859,453,18979,0,542,385,7188,96,9369,385,16557,California
Amador,2021-04-17,60,25440,34,5893,26,19005,0,542,25,7178,35,9404,25,16582,California
Amador,2021-04-18,26,25466,6,5899,20,19025,0,542,11,7175,14,9418,11,16593,California
Amador,2021-04-19,69,25535,27,5926,42,19067,0,542,30,7169,38,9456,32,16625,California
Amador,2021-04-20,436,25971,55,5981,381,19448,0,542,111,6964,318,9774,113,16738,California
Amador,2021-04-21,85,26056,33,6014,52,19500,0,542,43,6966,41,9815,43,16781,California
Amador,2021-04-22,497,26553,78,6092,418,19918,1,543,104,6685,386,10201,105,16886,California
Amador,2021-04-23,358,26911,46,6138,312,20230,0,543,286,6902,71,10272,288,17174,California
Amador,2021-04-24,48,26959,24,6162,24,20254,0,543,27,6909,20,10292,27,17201,California
Amador,2021-04-25,41,27000,19,6181,22,20276,0,543,29,6926,12,10304,29,17230,California
Amador,2021-04-26,86,27086,26,6207,59,20335,1,544,40,6922,45,10349,41,17271,California
Amador,2021-04-27,490,27576,38,6245,451,20786,1,545,87,6610,401,10750,89,17360,California
Amador,2021-04-28,67,27643,29,6274,34,20820,4,549,39,6625,28,10778,43,17403,California
Amador,2021-04-29,222,27865,69,6343,44,20864,109,658,64,6639,158,10936,172,17575,California
Amador,2021-04-30,338,28203,26,6369,308,21172,4,662,95,6495,243,11179,99,17674,California
Amador,2021-05-01,42,28245,16,6385,22,21194,4,666,22,6503,18,11197,26,17700,California
Amador,2021-05-02,26,28271,14,6399,9,21203,3,669,9,6499,17,11214,13,17713,California
Amador,2021-05-03,67,28338,33,6432,24,21227,10,679,27,6496,40,11254,37,17750,California
Amador,2021-05-04,465,28803,26,6458,432,21659,7,686,68,6174,397,11651,75,17825,California
Amador,2021-05-05,201,29004,153,6611,39,21698,9,695,162,6306,39,11690,171,17996,California
Amador,2021-05-06,108,29112,54,6665,49,21747,5,700,63,6331,43,11733,68,18064,California
Amador,2021-05-07,126,29238,29,6694,90,21837,7,707,66,6344,60,11793,73,18137,California
Amador,2021-05-08,41,29279,8,6702,30,21867,3,710,20,6346,21,11814,23,18160,California
Amador,2021-05-09,15,29294,0,6702,9,21876,6,716,4,6345,11,11825,10,18170,California
Amador,2021-05-10,62,29356,15,6717,44,21920,3,719,26,6338,36,11861,29,18199,California
Amador,2021-05-11,102,29458,34,6751,42,21962,26,745,45,6352,57,11918,71,18270,California
Amador,2021-05-12,63,29521,21,6772,41,22003,1,746,29,6348,34,11952,30,18300,California
Amador,2021-05-13,73,29594,39,6811,28,22031,6,752,36,6355,35,11987,42,18342,California
Amador,2021-05-14,395,29989,35,6846,356,22387,4,756,87,6138,308,12295,91,18433,California
Amador,2021-05-15,51,30040,20,6866,20,22407,11,767,23,6145,28,12323,35,18468,California
Amador,2021-05-16,38,30078,15,6881,23,22430,0,767,17,6141,21,12344,17,18485,California
Amador,2021-05-17,75,30153,22,6903,51,22481,2,769,36,6141,38,12382,38,18523,California
Amador,2021-05-18,247,30400,169,7072,43,22524,35,804,163,6256,83,12465,198,18721,California
Amador,2021-05-19,73,30473,22,7094,47,22571,4,808,33,6256,39,12504,39,18760,California
Amador,2021-05-20,79,30552,45,7139,31,22602,3,811,31,6243,47,12551,34,18794,California
Amador,2021-05-21,266,30818,29,7168,235,22837,2,813,40,6059,226,12777,42,18836,California
Amador,2021-05-22,41,30859,16,7184,20,22857,5,818,16,6055,25,12802,21,18857,California
Amador,2021-05-23,23,30882,7,7191,15,22872,1,819,8,6049,15,12817,9,18866,California
Amador,2021-05-24,86,30968,28,7219,46,22918,12,831,40,6056,45,12862,52,18918,California
Amador,2021-05-25,140,31108,88,7307,27,22945,25,856,82,6107,56,12918,107,19025,California
Amador,2021-05-26,204,31312,161,7468,37,22982,6,862,42,5993,161,13079,47,19072,California
Amador,2021-05-27,77,31389,35,7503,34,23016,8,870,28,5980,49,13128,36,19108,California
Amador,2021-05-28,40,31429,12,7515,25,23041,3,873,13,5969,27,13155,16,19124,California
Amador,2021-05-29,4,31433,0,7515,4,23045,0,873,4,5973,0,13155,4,19128,California
Butte,2020-12-16,3,3,3,3,0,0,0,0,3,3,0,0,3,3,California
Butte,2020-12-17,21,24,21,24,0,0,0,0,21,24,0,0,21,24,California
Butte,2020-12-18,50,74,50,74,0,0,0,0,50,74,0,0,50,74,California
Butte,2020-12-19,7,81,7,81,0,0,0,0,7,81,0,0,7,81,California
Butte,2020-12-20,10,91,10,91,0,0,0,0,10,91,0,0,10,91,California
Butte,2020-12-21,634,725,634,725,0,0,0,0,634,725,0,0,634,725,California
Butte,2020-12-22,619,1344,617,1342,2,2,0,0,619,1344,0,0,619,1344,California
Butte,2020-12-23,878,2222,862,2204,16,18,0,0,878,2222,0,0,878,2222,California
Butte,2020-12-24,159,2381,155,2359,4,22,0,0,159,2381,0,0,159,2381,California
Butte,2020-12-26,93,2474,91,2450,2,24,0,0,93,2474,0,0,93,2474,California
Butte,2020-12-27,35,2509,34,2484,1,25,0,0,35,2509,0,0,35,2509,California
Butte,2020-12-28,279,2788,273,2757,6,31,0,0,279,2788,0,0,279,2788,California
Butte,2020-12-29,202,2990,178,2935,24,55,0,0,202,2990,0,0,202,2990,California
Butte,2020-12-30,514,3504,291,3226,223,278,0,0,514,3504,0,0,514,3504,California
Butte,2020-12-31,211,3715,18,3244,193,471,0,0,211,3715,0,0,211,3715,California
Butte,2021-01-01,8,3723,1,3245,7,478,0,0,8,3723,0,0,8,3723,California
Butte,2021-01-02,41,3764,38,3283,3,481,0,0,41,3764,0,0,41,3764,California
Butte,2021-01-03,3,3767,0,3283,3,484,0,0,3,3767,0,0,3,3767,California
Butte,2021-01-04,208,3975,175,3458,33,517,0,0,208,3975,0,0,208,3975,California
Butte,2021-01-05,197,4172,152,3610,45,562,0,0,196,4170,1,1,196,4171,California
Butte,2021-01-06,624,4796,397,4007,227,789,0,0,619,4785,5,6,620,4791,California
Butte,2021-01-07,761,5557,369,4376,392,1181,0,0,741,5506,20,26,741,5532,California
Butte,2021-01-08,670,6227,530,4906,140,1321,0,0,624,6084,46,72,624,6156,California
Butte,2021-01-09,12,6239,7,4913,5,1326,0,0,7,6086,5,77,7,6163,California
Butte,2021-01-10,19,6258,5,4918,14,1340,0,0,14,6095,5,82,14,6177,California
Butte,2021-01-11,985,7243,949,5867,36,1376,0,0,357,5827,628,710,360,6537,California
Butte,2021-01-12,698,7941,653,6520,45,1421,0,0,274,5677,424,1134,274,6811,California
Butte,2021-01-13,1569,9510,1075,7595,494,1915,0,0,731,5572,838,1972,733,7544,California
Butte,2021-01-14,1633,11143,892,8487,741,2656,0,0,1437,6814,195,2167,1437,8981,California
Butte,2021-01-15,1054,12197,813,9300,241,2897,0,0,945,7649,110,2277,945,9926,California
Butte,2021-01-16,586,12783,300,9600,286,3183,0,0,541,8145,45,2322,541,10467,California
Butte,2021-01-17,238,13021,64,9664,174,3357,0,0,201,8309,37,2359,201,10668,California
Butte,2021-01-18,344,13365,302,9966,42,3399,0,0,276,8518,67,2426,276,10944,California
Butte,2021-01-19,495,13860,432,10398,63,3462,0,0,223,8469,272,2698,223,11167,California
Butte,2021-01-20,1368,15228,688,11086,680,4142,0,0,1065,9231,303,3001,1065,12232,California
Butte,2021-01-21,1475,16703,867,11953,608,4750,0,0,1367,10491,107,3108,1367,13599,California
Butte,2021-01-22,1137,17840,478,12431,659,5409,0,0,1084,11522,53,3161,1084,14683,California
Butte,2021-01-23,127,17967,85,12516,42,5451,0,0,101,11597,26,3187,101,14784,California
Butte,2021-01-24,9,17976,7,12523,2,5453,0,0,9,11606,0,3187,9,14793,California
Butte,2021-01-25,655,18631,335,12858,320,5773,0,0,492,11935,163,3350,492,15285,California
Butte,2021-01-26,1469,20100,377,13235,1092,6865,0,0,1332,13130,137,3487,1332,16617,California
Butte,2021-01-27,2097,22197,705,13940,1392,8257,0,0,1366,13766,730,4217,1366,17983,California
Butte,2021-01-28,2263,24460,262,14202,2001,10258,0,0,1951,15406,311,4528,1951,19934,California
Butte,2021-01-29,1685,26145,486,14688,1199,11457,0,0,1308,16338,376,4904,1308,21242,California
Butte,2021-01-30,31,26176,8,14696,23,11480,0,0,29,16365,2,4906,29,21271,California
Butte,2021-01-31,16,26192,14,14710,2,11482,0,0,15,16379,1,4907,15,21286,California
Butte,2021-02-01,1749,27941,406,15116,1343,12825,0,0,1361,17354,386,5293,1361,22647,California
Butte,2021-02-02,1931,29872,363,15479,1568,14393,0,0,1628,18678,304,5597,1628,24275,California
Butte,2021-02-03,2741,32613,777,16256,1964,16357,0,0,1849,19637,890,6487,1849,26124,California
Butte,2021-02-04,2958,35571,324,16580,2634,18991,0,0,2402,21485,554,7041,2402,28526,California
Butte,2021-02-05,1274,36845,667,17247,607,19598,0,0,553,21318,721,7762,554,29080,California
Butte,2021-02-06,145,36990,104,17351,41,19639,0,0,63,21299,82,7844,63,29143,California
Butte,2021-02-07,37,37027,33,17384,4,19643,0,0,13,21288,24,7868,13,29156,California
Butte,2021-02-08,699,37726,548,17932,151,19794,0,0,242,21073,457,8325,242,29398,California
Butte,2021-02-09,953,38679,459,18391,494,20288,0,0,723,21566,230,8555,723,30121,California
Butte,2021-02-10,1706,40385,1190,19581,516,20804,0,0,675,21212,1029,9584,675,30796,California
Butte,2021-02-11,2202,42587,1347,20928,855,21659,0,0,1005,21020,1197,10781,1005,31801,California
Butte,2021-02-12,1003,43590,436,21364,567,22226,0,0,330,20678,672,11453,330,32131,California
Butte,2021-02-13,251,43841,43,21407,208,22434,0,0,150,20727,101,11554,150,32281,California
Butte,2021-02-14,160,44001,9,21416,151,22585,0,0,156,20879,4,11558,156,32437,California
Butte,2021-02-15,263,44264,47,21463,216,22801,0,0,198,21012,65,11623,198,32635,California
Butte,2021-02-16,733,44997,432,21895,301,23102,0,0,277,20832,457,12080,277,32912,California
Butte,2021-02-17,1516,46513,849,22744,667,23769,0,0,842,21002,672,12752,842,33754,California
Butte,2021-02-18,1559,48072,763,23507,796,24565,0,0,749,20941,810,13562,749,34503,California
Butte,2021-02-19,1169,49241,389,23896,780,25345,0,0,402,20583,760,14322,402,34905,California
Butte,2021-02-20,479,49720,32,23928,447,25792,0,0,126,20357,352,14674,126,35031,California
Butte,2021-02-21,18,49738,16,23944,2,25794,0,0,13,20365,5,14679,13,35044,California
Butte,2021-02-22,1501,51239,297,24241,1204,26998,0,0,378,19623,1120,15799,378,35422,California
Butte,2021-02-23,1635,52874,297,24538,1338,28336,0,0,463,18919,1167,16966,463,35885,California
Butte,2021-02-24,2138,55012,598,25136,1540,29876,0,0,726,18241,1404,18370,726,36611,California
Butte,2021-02-25,2076,57088,577,25713,1499,31375,0,0,656,17483,1415,19785,657,37268,California
Butte,2021-02-26,920,58008,311,26024,609,31984,0,0,396,17358,521,20306,396,37664,California
Butte,2021-02-27,237,58245,50,26074,187,32171,0,0,186,17495,49,20355,186,37850,California
Butte,2021-02-28,139,58384,16,26090,123,32294,0,0,131,17618,8,20363,131,37981,California
Butte,2021-03-01,1629,60013,177,26267,1451,33745,1,1,329,16651,1297,21660,330,38311,California
Butte,2021-03-02,1749,61762,198,26465,1551,35296,0,1,312,15530,1433,23093,312,38623,California
Butte,2021-03-03,2788,64550,851,27316,1937,37233,0,1,482,13709,2304,25397,483,39106,California
Butte,2021-03-04,3152,67702,683,27999,2469,39702,0,1,628,11814,2523,27920,628,39734,California
Butte,2021-03-05,1354,69056,616,28615,737,40439,1,2,737,11939,613,28533,738,40472,California
Butte,2021-03-06,247,69303,27,28642,197,40636,23,25,186,12088,60,28593,209,40681,California
Butte,2021-03-07,54,69357,3,28645,34,40670,17,42,29,12109,25,28618,46,40727,California
Butte,2021-03-08,1267,70624,129,28774,1060,41730,78,120,1101,13125,163,28781,1179,41906,California
Butte,2021-03-09,1902,72526,284,29058,1515,43245,103,223,1412,14153,487,29268,1515,43421,California
Butte,2021-03-10,2318,74844,966,30024,1251,44496,101,324,1577,15094,736,30004,1677,45098,California
Butte,2021-03-11,2812,77656,1319,31343,1367,45863,126,450,1982,16383,819,30823,2108,47206,California
Butte,2021-03-12,1147,78803,330,31673,468,46331,349,799,356,16304,785,31608,706,47912,California
Butte,2021-03-13,255,79058,69,31742,137,46468,49,848,62,16222,193,31801,111,48023,California
Butte,2021-03-14,162,79220,16,31758,104,46572,42,890,20,16143,141,31942,62,48085,California
Butte,2021-03-15,1742,80962,359,32117,1089,47661,294,1184,1147,16996,588,32530,1441,49526,California
Butte,2021-03-16,1654,82616,416,32533,1160,48821,78,1262,1113,17648,538,33068,1190,50716,California
Butte,2021-03-17,1957,84573,1358,33891,518,49339,81,1343,1138,18055,811,33879,1218,51934,California
Butte,2021-03-18,1811,86384,1466,35357,216,49555,129,1472,1065,18508,740,34619,1193,53127,California
Butte,2021-03-19,702,87086,314,35671,304,49859,84,1556,348,18596,344,34963,432,53559,California
Butte,2021-03-20,208,87294,32,35703,160,50019,16,1572,96,18596,112,35075,112,53671,California
Butte,2021-03-21,58,87352,27,35730,2,50021,29,1601,15,18597,43,35118,44,53715,California
Butte,2021-03-22,1484,88836,352,36082,1038,51059,94,1695,1220,19649,262,35380,1314,55029,California
Butte,2021-03-23,1827,90663,493,36575,1220,52279,114,1809,1476,20891,348,35728,1590,56619,California
Butte,2021-03-24,2266,92929,1269,37844,871,53150,126,1935,1717,22188,545,36273,1842,58461,California
Butte,2021-03-25,1485,94414,1201,39045,192,53342,92,2027,1018,22835,463,36736,1110,59571,California
Butte,2021-03-26,1208,95622,441,39486,521,53863,246,2273,560,23001,640,37376,806,60377,California
Butte,2021-03-27,302,95924,85,39571,193,54056,24,2297,136,22996,163,37539,158,60535,California
Butte,2021-03-28,227,96151,44,39615,175,54231,8,2305,103,22985,121,37660,110,60645,California
Butte,2021-03-29,1759,97910,381,39996,1308,55539,70,2375,1342,23985,412,38072,1412,62057,California
Butte,2021-03-30,1040,98950,471,40467,479,56018,90,2465,493,24027,541,38613,583,62640,California
Butte,2021-03-31,1779,100729,1304,41771,408,56426,67,2532,1088,24497,685,39298,1155,63795,California
Butte,2021-04-01,3329,104058,2706,44477,496,56922,127,2659,2259,25820,1064,40362,2387,66182,California
Butte,2021-04-02,1003,105061,419,44896,464,57386,120,2779,566,26075,429,40791,684,66866,California
Butte,2021-04-03,347,105408,46,44942,226,57612,75,2854,164,26131,183,40974,239,67105,California
Butte,2021-04-04,188,105596,24,44966,141,57753,23,2877,110,26188,76,41050,133,67238,California
Butte,2021-04-05,1971,107567,420,45386,1379,59132,172,3049,594,25596,1368,42418,776,68014,California
Butte,2021-04-06,2200,109767,616,46002,1161,60293,423,3472,798,25419,1396,43814,1219,69233,California
Butte,2021-04-07,3031,112798,1313,47315,1325,61618,393,3865,706,24207,2319,46133,1107,70340,California
Butte,2021-04-08,2732,115530,1190,48505,1276,62894,266,4131,443,22634,2286,48419,713,71053,California
Butte,2021-04-09,1373,116903,352,48857,541,63435,480,4611,328,22399,1041,49460,806,71859,California
Butte,2021-04-10,223,117126,48,48905,77,63512,98,4709,100,22473,123,49583,197,72056,California
Butte,2021-04-11,106,117232,44,48949,52,63564,10,4719,82,22542,23,49606,92,72148,California
Butte,2021-04-12,1407,118639,314,49263,960,64524,133,4852,233,21734,1174,50780,366,72514,California
Butte,2021-04-13,1642,120281,572,49835,1064,65588,6,4858,336,20777,1299,52079,342,72856,California
Butte,2021-04-14,2822,123103,2335,52170,487,66075,0,4858,1305,20572,1511,53590,1306,74162,California
Butte,2021-04-15,642,123745,397,52567,245,66320,0,4858,485,20903,154,53744,485,74647,California
Butte,2021-04-16,810,124555,414,52981,396,66716,0,4858,475,21045,333,54077,475,75122,California
Butte,2021-04-17,342,124897,61,53042,281,66997,0,4858,238,21181,102,54179,238,75360,California
Butte,2021-04-18,42,124939,11,53053,31,67028,0,4858,38,21215,4,54183,38,75398,California
Butte,2021-04-19,1561,126500,381,53434,1180,68208,0,4858,428,20513,1130,55313,428,75826,California
Butte,2021-04-20,1969,128469,717,54151,1252,69460,0,4858,750,20052,1211,56524,750,76576,California
Butte,2021-04-21,2049,130518,1165,55316,884,70344,0,4858,465,18939,1578,58102,465,77041,California
Butte,2021-04-22,2219,132737,1941,57257,278,70622,0,4858,609,17942,1606,59708,609,77650,California
Butte,2021-04-23,942,133679,445,57702,497,71119,0,4858,490,17979,453,60161,490,78140,California
Butte,2021-04-24,345,134024,138,57840,207,71326,0,4858,190,18014,155,60316,190,78330,California
Butte,2021-04-25,172,134196,67,57907,105,71431,0,4858,63,17968,109,60425,63,78393,California
Butte,2021-04-26,1488,135684,428,58335,1055,72486,5,4863,383,17254,1102,61527,388,78781,California
Butte,2021-04-27,935,136619,639,58974,269,72755,27,4890,563,17477,367,61894,590,79371,California
Butte,2021-04-28,1393,138012,937,59911,431,73186,25,4915,504,17118,888,62782,529,79900,California
Butte,2021-04-29,885,138897,543,60454,317,73503,25,4940,298,16860,581,63363,323,80223,California
Butte,2021-04-30,894,139791,387,60841,486,73989,21,4961,451,16894,437,63800,471,80694,California
Butte,2021-05-01,239,140030,64,60905,156,74145,19,4980,69,16813,169,63969,88,80782,California
Butte,2021-05-02,147,140177,61,60966,73,74218,13,4993,42,16763,105,64074,55,80837,California
Butte,2021-05-03,606,140783,250,61216,325,74543,31,5024,155,16509,440,64514,186,81023,California
Butte,2021-05-04,816,141599,315,61531,469,75012,32,5056,211,16152,599,65113,242,81265,California
Butte,2021-05-05,1338,142937,1090,62621,212,75224,36,5092,275,15406,1057,66170,311,81576,California
Butte,2021-05-06,928,143865,670,63291,221,75445,37,5129,359,15236,566,66736,396,81972,California
Butte,2021-05-07,563,144428,291,63582,235,75680,37,5166,288,15289,272,67008,325,82297,California
Butte,2021-05-08,170,144598,36,63618,125,75805,9,5175,90,15309,79,67087,99,82396,California
Butte,2021-05-09,94,144692,20,63638,71,75876,3,5178,50,15318,44,67131,53,82449,California
Butte,2021-05-10,520,145212,307,63945,170,76046,43,5221,214,15272,303,67434,257,82706,California
Butte,2021-05-11,862,146074,641,64586,164,76210,57,5278,275,15020,584,68018,332,83038,California
Butte,2021-05-12,732,146806,472,65058,214,76424,46,5324,328,14994,400,68418,374,83412,California
Butte,2021-05-13,847,147653,569,65627,219,76643,59,5383,295,14805,541,68959,352,83764,California
Butte,2021-05-14,834,148487,522,66149,282,76925,30,5413,361,14726,469,69428,390,84154,California
Butte,2021-05-15,478,148965,223,66372,223,77148,32,5445,222,14725,255,69683,254,84408,California
Butte,2021-05-16,169,149134,83,66455,68,77216,18,5463,98,14771,70,69753,116,84524,California
Butte,2021-05-17,758,149892,486,66941,225,77441,47,5510,338,14738,417,70170,384,84908,California
Butte,2021-05-18,1058,150950,726,67667,284,77725,48,5558,480,14694,572,70742,528,85436,California
Butte,2021-05-19,833,151783,543,68210,246,77971,44,5602,335,14578,494,71236,378,85814,California
Butte,2021-05-20,836,152619,574,68784,160,78131,102,5704,333,14512,501,71737,435,86249,California
Butte,2021-05-21,780,153399,490,69274,263,78394,27,5731,261,14284,515,72252,287,86536,California
Butte,2021-05-22,217,153616,104,69378,108,78502,5,5736,107,14289,107,72359,112,86648,California
Butte,2021-05-23,75,153691,46,69424,26,78528,3,5739,43,14303,32,72391,46,86694,California
Butte,2021-05-24,327,154018,138,69562,145,78673,44,5783,168,14357,158,72549,212,86906,California
Butte,2021-05-25,673,154691,426,69988,213,78886,34,5817,334,14392,332,72881,367,87273,California
Butte,2021-05-26,549,155240,178,70166,352,79238,19,5836,246,14362,295,73176,265,87538,California
Butte,2021-05-27,818,156058,596,70762,205,79443,17,5853,391,14349,422,73598,409,87947,California
Butte,2021-05-28,493,156551,129,70891,291,79734,73,5926,198,14328,292,73890,271,88218,California
Butte,2021-05-29,32,156583,9,70900,19,79753,4,5930,17,14334,15,73905,21,88239,California
Calaveras,2020-12-16,5,5,5,5,0,0,0,0,5,5,0,0,5,5,California
Calaveras,2020-12-17,3,8,3,8,0,0,0,0,3,8,0,0,3,8,California
Calaveras,2020-12-18,39,47,39,47,0,0,0,0,39,47,0,0,39,47,California
Calaveras,2020-12-19,3,50,3,50,0,0,0,0,3,50,0,0,3,50,California
Calaveras,2020-12-20,4,54,4,54,0,0,0,0,4,54,0,0,4,54,California
Calaveras,2020-12-21,55,109,48,102,7,7,0,0,55,109,0,0,55,109,California
Calaveras,2020-12-22,82,191,78,180,4,11,0,0,83,192,0,0,83,192,California
Calaveras,2020-12-23,76,267,74,254,2,13,0,0,76,268,0,0,76,268,California
Calaveras,2020-12-24,2,269,2,256,0,13,0,0,2,270,0,0,2,270,California
Calaveras,2020-12-26,3,272,3,259,0,13,0,0,3,273,0,0,3,273,California
Calaveras,2020-12-28,21,293,17,276,4,17,0,0,20,292,1,1,20,293,California
Calaveras,2020-12-29,158,451,138,414,20,37,0,0,158,450,0,1,158,451,California
Calaveras,2020-12-30,94,545,82,496,12,49,0,0,94,544,0,1,94,545,California
Calaveras,2020-12-31,37,582,26,522,11,60,0,0,37,581,0,1,37,582,California
Calaveras,2021-01-02,11,593,11,533,0,60,0,0,11,592,0,1,11,593,California
Calaveras,2021-01-03,10,603,4,537,6,66,0,0,10,602,0,1,10,603,California
Calaveras,2021-01-04,33,636,5,542,28,94,0,0,33,635,0,1,33,636,California
Calaveras,2021-01-05,40,676,9,551,31,125,0,0,31,662,9,10,36,672,California
Calaveras,2021-01-06,107,783,30,581,77,202,0,0,97,749,10,20,97,769,California
Calaveras,2021-01-07,105,888,26,607,79,281,0,0,92,831,11,31,93,862,California
Calaveras,2021-01-08,69,957,39,646,30,311,0,0,45,853,24,55,46,908,California
Calaveras,2021-01-09,5,962,5,651,0,311,0,0,2,852,3,58,2,910,California
Calaveras,2021-01-10,2,964,0,651,2,313,0,0,2,854,0,58,2,912,California
Calaveras,2021-01-11,65,1029,59,710,6,319,0,0,27,846,37,95,29,941,California
Calaveras,2021-01-12,86,1115,53,763,33,352,0,0,52,865,34,129,53,994,California
Calaveras,2021-01-13,111,1226,45,808,66,418,0,0,77,909,34,163,78,1072,California
Calaveras,2021-01-14,140,1366,43,851,97,515,0,0,107,985,32,195,108,1180,California
Calaveras,2021-01-15,92,1458,28,879,64,579,0,0,72,1037,20,215,72,1252,California
Calaveras,2021-01-16,13,1471,2,881,11,590,0,0,12,1048,1,216,12,1264,California
Calaveras,2021-01-17,9,1480,1,882,8,598,0,0,9,1057,0,216,9,1273,California
Calaveras,2021-01-18,133,1613,20,902,113,711,0,0,119,1165,14,230,122,1395,California
Calaveras,2021-01-19,206,1819,175,1077,31,742,0,0,69,1099,136,366,70,1465,California
Calaveras,2021-01-20,378,2197,82,1159,296,1038,0,0,291,1315,86,452,302,1767,California
Calaveras,2021-01-21,464,2661,41,1200,423,1461,0,0,428,1719,36,488,440,2207,California
Calaveras,2021-01-22,402,3063,23,1223,379,1840,0,0,392,2108,10,498,399,2606,California
Calaveras,2021-01-23,20,3083,8,1231,12,1852,0,0,19,2126,1,499,19,2625,California
Calaveras,2021-01-24,14,3097,8,1239,6,1858,0,0,12,2136,2,501,12,2637,California
Calaveras,2021-01-25,86,3183,8,1247,78,1936,0,0,81,2212,5,506,81,2718,California
Calaveras,2021-01-26,47,3230,15,1262,32,1968,0,0,39,2243,8,514,39,2757,California
Calaveras,2021-01-27,131,3361,44,1306,87,2055,0,0,102,2317,28,542,102,2859,California
Calaveras,2021-01-28,165,3526,25,1331,140,2195,0,0,140,2436,25,567,144,3003,California
Calaveras,2021-01-29,375,3901,12,1343,363,2558,0,0,346,2766,29,596,359,3362,California
Calaveras,2021-01-30,27,3928,10,1353,17,2575,0,0,25,2791,0,596,25,3387,California
Calaveras,2021-01-31,6,3934,4,1357,2,2577,0,0,5,2795,1,597,5,3392,California
Calaveras,2021-02-01,26,3960,11,1368,15,2592,0,0,17,2803,9,606,17,3409,California
Calaveras,2021-02-02,109,4069,22,1390,87,2679,0,0,71,2842,33,639,72,3481,California
Calaveras,2021-02-03,434,4503,44,1434,390,3069,0,0,349,3109,84,723,351,3832,California
Calaveras,2021-02-04,381,4884,25,1459,356,3425,0,0,296,3323,85,808,299,4131,California
Calaveras,2021-02-05,79,4963,22,1481,57,3482,0,0,41,3327,38,846,42,4173,California
Calaveras,2021-02-06,21,4984,12,1493,9,3491,0,0,21,3348,0,846,21,4194,California
Calaveras,2021-02-07,4,4988,1,1494,3,3494,0,0,2,3348,2,848,2,4196,California
Calaveras,2021-02-08,39,5027,18,1512,21,3515,0,0,31,3373,6,854,31,4227,California
Calaveras,2021-02-09,193,5220,77,1589,116,3631,0,0,131,3445,60,914,132,4359,California
Calaveras,2021-02-10,515,5735,31,1620,484,4115,0,0,442,3819,73,987,447,4806,California
Calaveras,2021-02-11,584,6319,81,1701,503,4618,0,0,473,4188,108,1095,477,5283,California
Calaveras,2021-02-12,569,6888,324,2025,245,4863,0,0,492,4608,75,1170,495,5778,California
Calaveras,2021-02-13,201,7089,45,2070,156,5019,0,0,186,4779,15,1185,186,5964,California
Calaveras,2021-02-14,221,7310,71,2141,150,5169,0,0,206,4971,14,1199,206,6170,California
Calaveras,2021-02-15,382,7692,23,2164,359,5528,0,0,262,5116,117,1316,262,6432,California
Calaveras,2021-02-16,269,7961,145,2309,124,5652,0,0,230,5310,39,1355,233,6665,California
Calaveras,2021-02-17,512,8473,38,2347,474,6126,0,0,209,5230,292,1647,212,6877,California
Calaveras,2021-02-18,498,8971,91,2438,407,6533,0,0,95,4941,385,2032,96,6973,California
Calaveras,2021-02-19,440,9411,43,2481,397,6930,0,0,98,4707,332,2364,98,7071,California
Calaveras,2021-02-20,59,9470,15,2496,44,6974,0,0,48,4744,11,2375,48,7119,California
Calaveras,2021-02-21,24,9494,14,2510,10,6984,0,0,18,4757,5,2380,18,7137,California
Calaveras,2021-02-22,62,9556,38,2548,24,7008,0,0,33,4761,29,2409,33,7170,California
Calaveras,2021-02-23,127,9683,42,2590,85,7093,0,0,91,4817,36,2445,92,7262,California
Calaveras,2021-02-24,97,9780,48,2638,49,7142,0,0,67,4855,29,2474,67,7329,California
Calaveras,2021-02-25,550,10330,100,2738,450,7592,0,0,354,5023,191,2665,359,7688,California
Calaveras,2021-02-26,750,11080,46,2784,704,8296,0,0,397,5088,333,2998,398,8086,California
Calaveras,2021-02-27,204,11284,22,2806,182,8478,0,0,180,5244,24,3022,180,8266,California
Calaveras,2021-02-28,97,11381,15,2821,82,8560,0,0,91,5330,5,3027,91,8357,California
Calaveras,2021-03-01,230,11611,41,2862,189,8749,0,0,146,5397,80,3107,147,8504,California
Calaveras,2021-03-02,250,11861,97,2959,153,8902,0,0,204,5559,43,3150,205,8709,California
Calaveras,2021-03-03,514,12375,104,3063,410,9312,0,0,212,5475,296,3446,212,8921,California
Calaveras,2021-03-04,746,13121,69,3132,676,9988,1,1,354,5448,383,3829,356,9277,California
Calaveras,2021-03-05,454,13575,271,3403,179,10167,4,5,140,5283,309,4138,144,9421,California
Calaveras,2021-03-06,154,13729,42,3445,106,10273,6,11,114,5363,40,4178,120,9541,California
Calaveras,2021-03-07,75,13804,32,3477,36,10309,7,18,34,5363,41,4219,41,9582,California
Calaveras,2021-03-08,164,13968,28,3505,128,10437,8,26,130,5468,33,4252,138,9720,California
Calaveras,2021-03-09,361,14329,137,3642,218,10655,6,32,32,5183,323,4575,38,9758,California
Calaveras,2021-03-10,419,14748,31,3673,385,11040,3,35,58,4889,355,4930,61,9819,California
Calaveras,2021-03-11,852,15600,423,4096,416,11456,13,48,433,4923,414,5344,448,10267,California
Calaveras,2021-03-12,402,16002,213,4309,179,11635,10,58,326,5190,75,5419,342,10609,California
Calaveras,2021-03-13,177,16179,16,4325,153,11788,8,66,139,5303,37,5456,150,10759,California
Calaveras,2021-03-14,156,16335,11,4336,144,11932,1,67,18,5191,138,5594,26,10785,California
Calaveras,2021-03-15,330,16665,48,4384,256,12188,26,93,52,4996,277,5871,82,10867,California
Calaveras,2021-03-16,689,17354,553,4937,116,12304,20,113,546,5421,141,6012,566,11433,California
Calaveras,2021-03-17,281,17635,53,4990,214,12518,14,127,50,5259,227,6239,65,11498,California
Calaveras,2021-03-18,665,18300,570,5560,79,12597,16,143,549,5710,116,6355,567,12065,California
Calaveras,2021-03-19,232,18532,51,5611,107,12704,74,217,58,5670,170,6525,130,12195,California
Calaveras,2021-03-20,81,18613,22,5633,58,12762,1,218,23,5637,58,6583,25,12220,California
Calaveras,2021-03-21,47,18660,30,5663,6,12768,11,229,12,5625,35,6618,23,12243,California
Calaveras,2021-03-22,79,18739,35,5698,23,12791,21,250,25,5617,54,6672,46,12289,California
Calaveras,2021-03-23,295,19034,204,5902,81,12872,10,260,117,5576,168,6840,127,12416,California
Calaveras,2021-03-24,134,19168,51,5953,73,12945,10,270,43,5540,89,6929,53,12469,California
Calaveras,2021-03-25,743,19911,103,6056,636,13581,4,274,446,5701,289,7218,450,12919,California
Calaveras,2021-03-26,428,20339,28,6084,394,13975,6,280,88,5460,337,7555,96,13015,California
Calaveras,2021-03-27,212,20551,19,6103,189,14164,4,284,37,5331,172,7727,43,13058,California
Calaveras,2021-03-28,111,20662,12,6115,97,14261,2,286,8,5240,102,7829,11,13069,California
Calaveras,2021-03-29,178,20840,24,6139,151,14412,3,289,58,5184,118,7947,62,13131,California
Calaveras,2021-03-30,539,21379,25,6164,497,14909,17,306,361,5385,177,8124,378,13509,California
Calaveras,2021-03-31,323,21702,141,6305,172,15081,10,316,156,5385,167,8291,167,13676,California
Calaveras,2021-04-01,685,22387,443,6748,241,15322,1,317,187,5080,496,8787,191,13867,California
Calaveras,2021-04-02,394,22781,231,6979,155,15477,8,325,117,4932,274,9061,126,13993,California
Calaveras,2021-04-03,144,22925,34,7013,106,15583,4,329,40,4872,104,9165,44,14037,California
Calaveras,2021-04-04,78,23003,25,7038,53,15636,0,329,49,4892,29,9194,49,14086,California
Calaveras,2021-04-05,212,23215,81,7119,121,15757,10,339,100,4890,112,9306,110,14196,California
Calaveras,2021-04-06,651,23866,573,7692,64,15821,14,353,111,4479,536,9842,125,14321,California
Calaveras,2021-04-07,754,24620,658,8350,60,15881,36,389,617,4996,137,9979,654,14975,California
Calaveras,2021-04-08,946,25566,855,9205,70,15951,21,410,436,4947,507,10486,458,15433,California
Calaveras,2021-04-09,154,25720,58,9263,48,15999,48,458,57,4957,96,10582,106,15539,California
Calaveras,2021-04-10,192,25912,44,9307,130,16129,18,476,150,5085,41,10623,169,15708,California
Calaveras,2021-04-11,69,25981,44,9351,23,16152,2,478,48,5114,21,10644,50,15758,California
Calaveras,2021-04-12,104,26085,47,9398,38,16190,19,497,55,5140,49,10693,75,15833,California
Calaveras,2021-04-13,423,26508,368,9766,55,16245,0,497,364,5448,58,10751,366,16199,California
Calaveras,2021-04-14,181,26689,28,9794,153,16398,0,497,135,5538,46,10797,136,16335,California
Calaveras,2021-04-15,336,27025,287,10081,49,16447,0,497,253,5711,80,10877,253,16588,California
Calaveras,2021-04-16,99,27124,25,10106,74,16521,0,497,47,5710,48,10925,47,16635,California
Calaveras,2021-04-17,332,27456,127,10233,205,16726,0,497,289,5956,43,10968,289,16924,California
Calaveras,2021-04-18,17,27473,5,10238,12,16738,0,497,10,5959,7,10975,10,16934,California
Calaveras,2021-04-19,72,27545,27,10265,45,16783,0,497,45,5979,26,11001,46,16980,California
Calaveras,2021-04-20,263,27808,93,10358,170,16953,0,497,196,6110,65,11066,196,17176,California
Calaveras,2021-04-21,217,28025,146,10504,71,17024,0,497,85,6066,130,11196,86,17262,California
Calaveras,2021-04-22,542,28567,96,10600,446,17470,0,497,141,5810,399,11595,143,17405,California
Calaveras,2021-04-23,159,28726,81,10681,78,17548,0,497,65,5784,91,11686,65,17470,California
Calaveras,2021-04-24,173,28899,37,10718,136,17684,0,497,130,5873,42,11728,131,17601,California
Calaveras,2021-04-25,43,28942,28,10746,15,17699,0,497,22,5876,21,11749,24,17625,California
Calaveras,2021-04-26,96,29038,59,10805,37,17736,0,497,28,5837,68,11817,29,17654,California
Calaveras,2021-04-27,425,29463,59,10864,353,18089,13,510,53,5534,369,12186,66,17720,California
Calaveras,2021-04-28,642,30105,574,11438,37,18126,31,541,52,5034,590,12776,90,17810,California
Calaveras,2021-04-29,511,30616,440,11878,52,18178,19,560,72,4692,438,13214,96,17906,California
Calaveras,2021-04-30,148,30764,59,11937,84,18262,5,565,66,4688,81,13295,77,17983,California
Calaveras,2021-05-01,198,30962,110,12047,86,18348,2,567,131,4759,66,13361,137,18120,California
Calaveras,2021-05-02,52,31014,35,12082,16,18364,1,568,20,4750,31,13392,22,18142,California
Calaveras,2021-05-03,93,31107,69,12151,19,18383,5,573,29,4724,64,13456,38,18180,California
Calaveras,2021-05-04,414,31521,329,12480,48,18431,37,610,42,4433,371,13827,80,18260,California
Calaveras,2021-05-05,110,31631,57,12537,21,18452,32,642,48,4451,61,13888,79,18339,California
Calaveras,2021-05-06,253,31884,194,12731,36,18488,23,665,47,4316,206,14094,71,18410,California
Calaveras,2021-05-07,84,31968,24,12755,54,18542,6,671,54,4346,30,14124,60,18470,California
Calaveras,2021-05-08,290,32258,141,12896,147,18689,2,673,92,4244,196,14320,94,18564,California
Calaveras,2021-05-09,28,32286,12,12908,13,18702,3,676,12,4243,16,14336,15,18579,California
Calaveras,2021-05-10,54,32340,24,12932,29,18731,1,677,23,4239,29,14365,25,18604,California
Calaveras,2021-05-11,128,32468,85,13017,31,18762,12,689,89,4303,38,14403,102,18706,California
Calaveras,2021-05-12,157,32625,37,13054,120,18882,0,689,44,4235,112,14515,44,18750,California
Calaveras,2021-05-13,113,32738,60,13114,38,18920,15,704,59,4256,53,14568,74,18824,California
Calaveras,2021-05-14,150,32888,93,13207,54,18974,3,707,101,4312,48,14616,104,18928,California
Calaveras,2021-05-15,266,33154,93,13300,170,19144,3,710,105,4265,155,14771,108,19036,California
Calaveras,2021-05-16,28,33182,11,13311,17,19161,0,710,13,4264,15,14786,14,19050,California
Calaveras,2021-05-17,88,33270,41,13352,40,19201,7,717,48,4281,39,14825,56,19106,California
Calaveras,2021-05-18,224,33494,60,13412,142,19343,22,739,72,4224,151,14976,94,19200,California
Calaveras,2021-05-19,147,33641,59,13471,83,19426,5,744,71,4226,75,15051,77,19277,California
Calaveras,2021-05-20,180,33821,71,13542,87,19513,22,766,60,4190,117,15168,81,19358,California
Calaveras,2021-05-21,77,33898,48,13590,26,19539,3,769,49,4215,27,15195,52,19410,California
Calaveras,2021-05-22,275,34173,149,13739,126,19665,0,769,134,4210,139,15334,134,19544,California
Calaveras,2021-05-23,18,34191,15,13754,3,19668,0,769,10,4212,8,15342,10,19554,California
Calaveras,2021-05-24,67,34258,32,13786,20,19688,15,784,28,4217,39,15381,44,19598,California
Calaveras,2021-05-25,117,34375,46,13832,55,19743,16,800,56,4228,61,15442,72,19670,California
Calaveras,2021-05-26,120,34495,87,13919,29,19772,4,804,82,4276,37,15479,85,19755,California
Calaveras,2021-05-27,82,34577,43,13962,35,19807,4,808,26,4254,53,15532,31,19786,California
Calaveras,2021-05-28,68,34645,33,13995,32,19839,3,811,29,4247,39,15571,32,19818,California
Calaveras,2021-05-29,13,34658,3,13998,6,19845,4,815,2,4243,10,15581,6,19824,California
Colusa,2020-12-18,1,1,1,1,0,0,0,0,1,1,0,0,1,1,California
Colusa,2020-12-21,2,3,2,3,0,0,0,0,2,3,0,0,2,3,California
Colusa,2020-12-22,10,13,10,13,0,0,0,0,10,13,0,0,10,13,California
Colusa,2020-12-23,10,23,10,23,0,0,0,0,10,23,0,0,10,23,California
Colusa,2020-12-24,2,25,1,24,1,1,0,0,2,25,0,0,2,25,California
Colusa,2020-12-27,1,26,1,25,0,1,0,0,1,26,0,0,1,26,California
Colusa,2020-12-28,7,33,3,28,4,5,0,0,7,33,0,0,7,33,California
Colusa,2020-12-29,11,44,8,36,3,8,0,0,11,44,0,0,11,44,California
Colusa,2020-12-30,50,94,13,49,37,45,0,0,50,94,0,0,50,94,California
Colusa,2020-12-31,18,112,1,50,17,62,0,0,18,112,0,0,18,112,California
Colusa,2021-01-04,4,116,0,50,4,66,0,0,4,116,0,0,4,116,California
Colusa,2021-01-05,67,183,1,51,66,132,0,0,67,183,0,0,67,183,California
Colusa,2021-01-06,15,198,9,60,6,138,0,0,15,198,0,0,15,198,California
Colusa,2021-01-07,38,236,4,64,34,172,0,0,37,234,1,1,37,235,California
Colusa,2021-01-08,9,245,7,71,2,174,0,0,8,241,1,2,8,243,California
Colusa,2021-01-09,2,247,1,72,1,175,0,0,2,243,0,2,2,245,California
Colusa,2021-01-10,1,248,0,72,1,176,0,0,1,244,0,2,1,246,California
Colusa,2021-01-11,12,260,6,78,6,182,0,0,7,246,5,7,7,253,California
Colusa,2021-01-12,11,271,9,87,2,184,0,0,6,247,5,12,6,259,California
Colusa,2021-01-13,21,292,13,100,8,192,0,0,13,252,8,20,13,272,California
Colusa,2021-01-14,35,327,28,128,7,199,0,0,33,283,2,22,33,305,California
Colusa,2021-01-15,42,369,5,133,37,236,0,0,40,321,2,24,40,345,California
Colusa,2021-01-16,12,381,1,134,11,247,0,0,11,331,1,25,11,356,California
Colusa,2021-01-17,3,384,2,136,1,248,0,0,2,332,1,26,2,358,California
Colusa,2021-01-18,4,388,0,136,4,252,0,0,4,336,0,26,4,362,California
Colusa,2021-01-19,9,397,8,144,1,253,0,0,5,337,4,30,5,367,California
Colusa,2021-01-20,115,512,101,245,14,267,0,0,102,426,13,43,102,469,California
Colusa,2021-01-21,56,568,41,286,15,282,0,0,55,480,1,44,55,524,California
Colusa,2021-01-22,40,608,17,303,23,305,0,0,35,510,5,49,35,559,California
Colusa,2021-01-23,35,643,6,309,29,334,0,0,35,545,0,49,35,594,California
Colusa,2021-01-25,7,650,0,309,7,341,0,0,7,552,0,49,7,601,California
Colusa,2021-01-26,8,658,5,314,3,344,0,0,5,554,3,52,5,606,California
Colusa,2021-01-27,109,767,31,345,78,422,0,0,107,659,2,54,107,713,California
Colusa,2021-01-28,79,846,46,391,33,455,0,0,72,724,7,61,72,785,California
Colusa,2021-01-29,42,888,7,398,35,490,0,0,41,764,1,62,41,826,California
Colusa,2021-01-30,27,915,4,402,23,513,0,0,27,791,0,62,27,853,California
Colusa,2021-01-31,7,922,7,409,0,513,0,0,7,798,0,62,7,860,California
Colusa,2021-02-01,27,949,10,419,17,530,0,0,22,815,5,67,22,882,California
Colusa,2021-02-02,43,992,9,428,34,564,0,0,37,846,6,73,37,919,California
Colusa,2021-02-03,69,1061,10,438,59,623,0,0,59,895,10,83,59,978,California
Colusa,2021-02-04,143,1204,81,519,62,685,0,0,115,982,28,111,115,1093,California
Colusa,2021-02-05,32,1236,8,527,24,709,0,0,29,1008,3,114,29,1122,California
Colusa,2021-02-06,285,1521,9,536,276,985,0,0,274,1271,11,125,274,1396,California
Colusa,2021-02-07,2,1523,1,537,1,986,0,0,0,1269,2,127,0,1396,California
Colusa,2021-02-08,40,1563,5,542,35,1021,0,0,37,1303,3,130,37,1433,California
Colusa,2021-02-09,231,1794,14,556,217,1238,0,0,176,1424,55,185,176,1609,California
Colusa,2021-02-10,116,1910,41,597,75,1313,0,0,73,1454,43,228,73,1682,California
Colusa,2021-02-11,98,2008,36,633,62,1375,0,0,73,1502,25,253,73,1755,California
Colusa,2021-02-12,118,2126,9,642,109,1484,0,0,79,1541,40,293,79,1834,California
Colusa,2021-02-13,60,2186,8,650,52,1536,0,0,52,1585,8,301,52,1886,California
Colusa,2021-02-14,21,2207,8,658,13,1549,0,0,15,1594,6,307,15,1901,California
Colusa,2021-02-15,46,2253,10,668,36,1585,0,0,39,1626,7,314,39,1940,California
Colusa,2021-02-16,67,2320,4,672,63,1648,0,0,66,1691,1,315,66,2006,California
Colusa,2021-02-17,206,2526,143,815,63,1711,0,0,60,1605,146,461,60,2066,California
Colusa,2021-02-18,135,2661,35,850,100,1811,0,0,112,1694,23,484,112,2178,California
Colusa,2021-02-19,155,2816,19,869,136,1947,0,0,129,1797,26,510,129,2307,California
Colusa,2021-02-20,28,2844,6,875,22,1969,0,0,12,1793,16,526,12,2319,California
Colusa,2021-02-21,1,2845,1,876,0,1969,0,0,0,1792,1,527,0,2319,California
Colusa,2021-02-22,43,2888,26,902,17,1986,0,0,29,1807,14,541,29,2348,California
Colusa,2021-02-23,23,2911,7,909,16,2002,0,0,18,1820,5,546,18,2366,California
Colusa,2021-02-24,302,3213,54,963,248,2250,0,0,160,1838,142,688,160,2526,California
Colusa,2021-02-25,102,3315,55,1018,47,2297,0,0,66,1868,36,724,66,2592,California
Colusa,2021-02-26,100,3415,14,1032,86,2383,0,0,60,1888,40,764,60,2652,California
Colusa,2021-02-27,55,3470,4,1036,51,2434,0,0,40,1913,15,779,40,2692,California
Colusa,2021-02-28,26,3496,14,1050,12,2446,0,0,17,1921,9,788,17,2709,California
Colusa,2021-03-01,46,3542,15,1065,31,2477,0,0,29,1933,17,805,29,2738,California
Colusa,2021-03-02,49,3591,13,1078,36,2513,0,0,26,1936,23,828,26,2764,California
Colusa,2021-03-03,242,3833,43,1121,199,2712,0,0,185,2064,57,885,185,2949,California
Colusa,2021-03-04,138,3971,58,1179,80,2792,0,0,79,2084,59,944,79,3028,California
Colusa,2021-03-05,98,4069,25,1204,64,2856,9,9,53,2101,45,989,62,3090,California
Colusa,2021-03-06,274,4343,9,1213,265,3121,0,9,37,1901,237,1226,37,3127,California
Colusa,2021-03-07,8,4351,5,1218,3,3124,0,9,6,1905,2,1228,6,3133,California
Colusa,2021-03-08,89,4440,21,1239,33,3157,35,44,45,1941,44,1272,80,3213,California
Colusa,2021-03-09,277,4717,75,1314,179,3336,23,67,86,1859,191,1463,109,3322,California
Colusa,2021-03-10,289,5006,37,1351,216,3552,36,103,203,2012,86,1549,239,3561,California
Colusa,2021-03-11,420,5426,60,1411,339,3891,21,124,339,2289,81,1630,358,3919,California
Colusa,2021-03-12,109,5535,18,1429,78,3969,13,137,19,2231,90,1720,32,3951,California
Colusa,2021-03-13,61,5596,16,1445,36,4005,9,146,18,2215,43,1763,27,3978,California
Colusa,2021-03-14,20,5616,0,1445,18,4023,2,148,6,2210,13,1776,8,3986,California
Colusa,2021-03-15,71,5687,27,1472,36,4059,8,156,15,2177,56,1832,23,4009,California
Colusa,2021-03-16,297,5984,16,1488,235,4294,46,202,189,2304,108,1940,235,4244,California
Colusa,2021-03-17,194,6178,49,1537,145,4439,0,202,108,2326,86,2026,108,4352,California
Colusa,2021-03-18,324,6502,37,1574,216,4655,71,273,201,2475,123,2149,272,4624,California
Colusa,2021-03-19,78,6580,20,1594,56,4711,2,275,53,2505,25,2174,55,4679,California
Colusa,2021-03-20,49,6629,7,1601,41,4752,1,276,36,2529,13,2187,37,4716,California
Colusa,2021-03-21,6,6635,4,1605,2,4754,0,276,4,2531,2,2189,4,4720,California
Colusa,2021-03-22,62,6697,10,1615,43,4797,9,285,40,2558,22,2211,49,4769,California
Colusa,2021-03-23,82,6779,16,1631,64,4861,2,287,55,2588,27,2238,57,4826,California
Colusa,2021-03-24,340,7119,57,1688,277,5138,6,293,68,2389,272,2510,73,4899,California
Colusa,2021-03-25,107,7226,58,1746,44,5182,5,298,51,2389,56,2566,56,4955,California
Colusa,2021-03-26,300,7526,47,1793,249,5431,4,302,247,2587,53,2619,251,5206,California
Colusa,2021-03-27,63,7589,5,1798,58,5489,0,302,25,2574,38,2657,25,5231,California
Colusa,2021-03-28,16,7605,7,1805,9,5498,0,302,8,2574,8,2665,8,5239,California
Colusa,2021-03-29,72,7677,20,1825,46,5544,6,308,32,2572,40,2705,38,5277,California
Colusa,2021-03-30,152,7829,83,1908,67,5611,2,310,72,2567,80,2785,75,5352,California
Colusa,2021-03-31,234,8063,42,1950,192,5803,0,310,74,2482,159,2944,74,5426,California
Colusa,2021-04-01,430,8493,72,2022,304,6107,54,364,308,2722,121,3065,361,5787,California
Colusa,2021-04-02,82,8575,13,2035,55,6162,14,378,38,2730,44,3109,52,5839,California
Colusa,2021-04-03,61,8636,10,2045,28,6190,23,401,14,2719,47,3156,36,5875,California
Colusa,2021-04-04,18,8654,0,2045,8,6198,10,411,3,2717,15,3171,13,5888,California
Colusa,2021-04-05,96,8750,26,2071,55,6253,15,426,39,2714,57,3228,54,5942,California
Colusa,2021-04-06,130,8880,35,2106,45,6298,50,476,43,2721,87,3315,94,6036,California
Colusa,2021-04-07,356,9236,39,2145,294,6592,23,499,130,2649,226,3541,154,6190,California
Colusa,2021-04-08,430,9666,34,2179,369,6961,27,526,123,2496,304,3845,151,6341,California
Colusa,2021-04-09,77,9743,21,2200,32,6993,24,550,28,2499,49,3894,52,6393,California
Colusa,2021-04-10,45,9788,9,2209,15,7008,21,571,12,2499,33,3927,33,6426,California
Colusa,2021-04-11,16,9804,3,2212,11,7019,2,573,8,2501,8,3935,10,6436,California
Colusa,2021-04-12,31,9835,3,2215,28,7047,0,573,24,2518,7,3942,24,6460,California
Colusa,2021-04-13,279,10114,22,2237,257,7304,0,573,94,2428,184,4126,94,6554,California
Colusa,2021-04-14,95,10209,19,2256,76,7380,0,573,35,2402,61,4187,35,6589,California
Colusa,2021-04-15,323,10532,45,2301,278,7658,0,573,132,2343,191,4378,132,6721,California
Colusa,2021-04-16,79,10611,11,2312,68,7726,0,573,35,2335,43,4421,35,6756,California
Colusa,2021-04-17,51,10662,7,2319,44,7770,0,573,29,2342,22,4443,29,6785,California
Colusa,2021-04-18,9,10671,2,2321,7,7777,0,573,7,2347,2,4445,7,6792,California
Colusa,2021-04-19,61,10732,22,2343,39,7816,0,573,17,2320,44,4489,17,6809,California
Colusa,2021-04-20,176,10908,32,2375,144,7960,0,573,129,2400,49,4538,129,6938,California
Colusa,2021-04-21,170,11078,59,2434,111,8071,0,573,110,2450,60,4598,110,7048,California
Colusa,2021-04-22,420,11498,27,2461,392,8463,1,574,216,2463,203,4801,216,7264,California
Colusa,2021-04-23,91,11589,17,2478,74,8537,0,574,35,2442,56,4857,35,7299,California
Colusa,2021-04-24,237,11826,19,2497,217,8754,1,575,205,2615,32,4889,205,7504,California
Colusa,2021-04-25,12,11838,6,2503,6,8760,0,575,8,2619,4,4893,8,7512,California
Colusa,2021-04-26,23,11861,5,2508,17,8777,1,576,6,2609,16,4909,6,7518,California
Colusa,2021-04-27,94,11955,23,2531,67,8844,4,580,43,2605,51,4960,47,7565,California
Colusa,2021-04-28,188,12143,26,2557,159,9003,3,583,139,2699,48,5008,142,7707,California
Colusa,2021-04-29,317,12460,27,2584,286,9289,4,587,48,2484,267,5275,52,7759,California
Colusa,2021-04-30,65,12525,18,2602,47,9336,0,587,41,2501,24,5299,41,7800,California
Colusa,2021-05-01,19,12544,8,2610,8,9344,3,590,9,2503,10,5309,12,7812,California
Colusa,2021-05-02,3,12547,0,2610,2,9346,1,591,2,2505,1,5310,3,7815,California
Colusa,2021-05-03,21,12568,7,2617,14,9360,0,591,6,2496,15,5325,6,7821,California
Colusa,2021-05-04,86,12654,51,2668,34,9394,1,592,64,2539,22,5347,65,7886,California
Colusa,2021-05-05,68,12722,16,2684,51,9445,1,593,33,2538,35,5382,34,7920,California
Colusa,2021-05-06,253,12975,16,2700,235,9680,2,595,110,2507,143,5525,112,8032,California
Colusa,2021-05-07,67,13042,5,2705,58,9738,4,599,31,2506,36,5561,35,8067,California
Colusa,2021-05-08,18,13060,5,2710,13,9751,0,599,9,2506,9,5570,9,8076,California
Colusa,2021-05-09,13,13073,5,2715,5,9756,3,602,6,2508,7,5577,9,8085,California
Colusa,2021-05-10,16,13089,7,2722,9,9765,0,602,6,2504,10,5587,6,8091,California
Colusa,2021-05-11,93,13182,34,2756,59,9824,0,602,50,2511,43,5630,50,8141,California
Colusa,2021-05-12,73,13255,32,2788,37,9861,4,606,21,2484,52,5682,25,8166,California
Colusa,2021-05-13,241,13496,22,2810,218,10079,1,607,76,2396,165,5847,77,8243,California
Colusa,2021-05-14,85,13581,18,2828,52,10131,15,622,33,2393,51,5898,48,8291,California
Colusa,2021-05-15,38,13619,9,2837,27,10158,2,624,20,2397,18,5916,22,8313,California
Colusa,2021-05-16,23,13642,6,2843,10,10168,7,631,11,2403,12,5928,18,8331,California
Colusa,2021-05-17,24,13666,4,2847,18,10186,2,633,12,2405,12,5940,14,8345,California
Colusa,2021-05-18,99,13765,24,2871,73,10259,2,635,43,2394,56,5996,45,8390,California
Colusa,2021-05-19,217,13982,44,2915,153,10412,20,655,68,2333,149,6145,88,8478,California
Colusa,2021-05-20,277,14259,32,2947,241,10653,4,659,68,2197,209,6354,73,8551,California
Colusa,2021-05-21,62,14321,21,2968,39,10692,2,661,31,2199,31,6385,33,8584,California
Colusa,2021-05-22,209,14530,19,2987,190,10882,0,661,27,2044,182,6567,27,8611,California
Colusa,2021-05-23,18,14548,8,2995,6,10888,4,665,6,2042,12,6579,10,8621,California
Colusa,2021-05-24,28,14576,4,2999,19,10907,5,670,17,2053,11,6590,22,8643,California
Colusa,2021-05-25,132,14708,74,3073,55,10962,3,673,50,2024,82,6672,53,8696,California
Colusa,2021-05-26,69,14777,25,3098,44,11006,0,673,31,2017,38,6710,31,8727,California
Colusa,2021-05-27,167,14944,14,3112,153,11159,0,673,50,1950,117,6827,50,8777,California
Colusa,2021-05-28,77,15021,26,3138,50,11209,1,674,39,1952,38,6865,40,8817,California
Colusa,2021-05-29,7,15028,4,3142,3,11212,0,674,3,1952,3,6868,3,8820,California
Contra Costa,2020-12-15,18,18,18,18,0,0,0,0,18,18,0,0,18,18,California
Contra Costa,2020-12-16,521,539,521,539,0,0,0,0,521,539,0,0,521,539,California
Contra Costa,2020-12-17,913,1452,913,1452,0,0,0,0,913,1452,0,0,913,1452,California
Contra Costa,2020-12-18,1597,3049,1596,3048,1,1,0,0,1597,3049,0,0,1597,3049,California
Contra Costa,2020-12-19,1105,4154,1104,4152,1,2,0,0,1105,4154,0,0,1105,4154,California
Contra Costa,2020-12-20,583,4737,582,4734,1,3,0,0,583,4737,0,0,583,4737,California
Contra Costa,2020-12-21,1659,6396,1657,6391,2,5,0,0,1659,6396,0,0,1659,6396,California
Contra Costa,2020-12-22,1676,8072,1570,7961,106,111,0,0,1676,8072,0,0,1676,8072,California
Contra Costa,2020-12-23,1618,9690,1370,9331,248,359,0,0,1618,9690,0,0,1618,9690,California
Contra Costa,2020-12-24,660,10350,338,9669,322,681,0,0,660,10350,0,0,660,10350,California
Contra Costa,2020-12-25,40,10390,18,9687,22,703,0,0,40,10390,0,0,40,10390,California
Contra Costa,2020-12-26,646,11036,133,9820,513,1216,0,0,646,11036,0,0,646,11036,California
Contra Costa,2020-12-27,240,11276,86,9906,154,1370,0,0,240,11276,0,0,240,11276,California
Contra Costa,2020-12-28,1842,13118,867,10773,975,2345,0,0,1842,13118,0,0,1842,13118,California
Contra Costa,2020-12-29,1832,14950,822,11595,1010,3355,0,0,1832,14950,0,0,1832,14950,California
Contra Costa,2020-12-30,2394,17344,1213,12808,1181,4536,0,0,2393,17343,1,1,2394,17344,California
Contra Costa,2020-12-31,917,18261,307,13115,610,5146,0,0,916,18259,0,1,916,18260,California
Contra Costa,2021-01-01,62,18323,24,13139,38,5184,0,0,62,18321,0,1,62,18322,California
Contra Costa,2021-01-02,339,18662,174,13313,165,5349,0,0,339,18660,0,1,339,18661,California
Contra Costa,2021-01-03,179,18841,121,13434,58,5407,0,0,178,18838,0,1,178,18839,California
Contra Costa,2021-01-04,1908,20749,1251,14685,657,6064,0,0,1888,20708,18,19,1888,20727,California
Contra Costa,2021-01-05,2106,22855,1258,15943,848,6912,0,0,1847,22298,258,277,1848,22575,California
Contra Costa,2021-01-06,3290,26145,2254,18197,1036,7948,0,0,2527,24071,757,1034,2530,25105,California
Contra Costa,2021-01-07,3102,29247,2062,20259,1040,8988,0,0,1887,24746,1212,2246,1887,26992,California
Contra Costa,2021-01-08,3394,32641,2394,22653,1000,9988,0,0,1829,25018,1560,3806,1832,28824,California
Contra Costa,2021-01-09,1587,34228,1136,23789,451,10439,0,0,747,24928,839,4645,749,29573,California
Contra Costa,2021-01-10,362,34590,291,24080,71,10510,0,0,155,24876,207,4852,155,29728,California
Contra Costa,2021-01-11,3837,38427,3146,27226,691,11201,0,0,2231,25504,1606,6458,2234,31962,California
Contra Costa,2021-01-12,3922,42349,2944,30170,978,12179,0,0,2592,26770,1330,7788,2596,34558,California
Contra Costa,2021-01-13,4735,47084,2942,33112,1793,13972,0,0,3783,29606,948,8736,3784,38342,California
Contra Costa,2021-01-14,4327,51411,1565,34677,2762,16734,0,0,3944,33167,383,9119,3944,42286,California
Contra Costa,2021-01-15,5348,56759,2463,37140,2885,19619,0,0,5022,37868,325,9444,5026,47312,California
Contra Costa,2021-01-16,1726,58485,557,37697,1169,20788,0,0,1651,39444,75,9519,1651,48963,California
Contra Costa,2021-01-17,1639,60124,975,38672,664,21452,0,0,1517,40842,122,9641,1520,50483,California
Contra Costa,2021-01-18,3214,63338,1266,39938,1948,23400,0,0,2589,42813,619,10260,2590,53073,California
Contra Costa,2021-01-19,7063,70401,3156,43094,3907,27307,0,0,6058,47874,1002,11262,6063,59136,California
Contra Costa,2021-01-20,6690,77091,4124,47218,2566,29873,0,0,5456,52105,1230,12492,5461,64597,California
Contra Costa,2021-01-21,6979,84070,3107,50325,3872,33745,0,0,6251,57642,722,13214,6259,70856,California
Contra Costa,2021-01-22,6395,90465,2719,53044,3676,37421,0,0,5534,62327,852,14066,5537,76393,California
Contra Costa,2021-01-23,2038,92503,360,53404,1678,39099,0,0,1778,63849,258,14324,1780,78173,California
Contra Costa,2021-01-24,1591,94094,218,53622,1373,40472,0,0,1444,65150,147,14471,1448,79621,California
Contra Costa,2021-01-25,6692,100786,3043,56665,3649,44121,0,0,5122,68707,1568,16039,5125,84746,California
Contra Costa,2021-01-26,8103,108889,4687,61352,3416,47537,0,0,6253,73123,1842,17881,6258,91004,California
Contra Costa,2021-01-27,8168,117057,5409,66761,2759,50296,0,0,6328,77627,1828,19709,6332,97336,California
Contra Costa,2021-01-28,7471,124528,4091,70852,3380,53676,0,0,5859,81884,1606,21315,5863,103199,California
Contra Costa,2021-01-29,7449,131977,3892,74744,3557,57233,0,0,6137,86715,1308,22623,6139,109338,California
Contra Costa,2021-01-30,2144,134121,660,75404,1484,58717,0,0,1738,88054,399,23022,1738,111076,California
Contra Costa,2021-01-31,648,134769,428,75832,220,58937,0,0,556,88521,89,23111,556,111632,California
Contra Costa,2021-02-01,5874,140643,4099,79931,1775,60712,0,0,3968,90594,1898,25009,3971,115603,California
Contra Costa,2021-02-02,7575,148218,5080,85011,2495,63207,0,0,5878,94777,1696,26705,5879,121482,California
Contra Costa,2021-02-03,8291,156509,5479,90490,2812,66019,0,0,5629,97754,2653,29358,5630,127112,California
Contra Costa,2021-02-04,7515,164024,3587,94077,3928,69947,0,0,5747,101738,1766,31124,5750,132862,California
Contra Costa,2021-02-05,8441,172465,4816,98893,3625,73572,0,0,5747,104798,2687,33811,5747,138609,California
Contra Costa,2021-02-06,3488,175953,2164,101057,1324,74896,0,0,2834,106980,653,34464,2835,141444,California
Contra Costa,2021-02-07,984,176937,713,101770,271,75167,0,0,605,107207,378,34842,605,142049,California
Contra Costa,2021-02-08,5860,182797,3470,105240,2390,77557,0,0,4373,110100,1481,36323,4374,146423,California
Contra Costa,2021-02-09,8687,191484,4795,110035,3892,81449,0,0,5794,113008,2887,39210,5795,152218,California
Contra Costa,2021-02-10,8653,200137,4660,114695,3993,85442,0,0,5365,115105,3272,42482,5369,157587,California
Contra Costa,2021-02-11,9340,209477,4218,118913,5122,90564,0,0,5270,116316,4064,46546,5275,162862,California
Contra Costa,2021-02-12,10099,219576,4628,123541,5471,96035,0,0,5465,117157,4627,51173,5468,168330,California
Contra Costa,2021-02-13,4893,224469,1370,124911,3523,99558,0,0,3407,119082,1483,52656,3408,171738,California
Contra Costa,2021-02-14,2099,226568,867,125778,1232,100790,0,0,1233,119451,864,53520,1233,172971,California
Contra Costa,2021-02-15,4470,231038,2476,128254,1994,102784,0,0,2342,119672,2122,55642,2343,175314,California
Contra Costa,2021-02-16,10430,241468,4915,133169,5515,108299,0,0,4649,118552,5773,61415,4653,179967,California
Contra Costa,2021-02-17,12308,253776,6153,139322,6155,114454,0,0,5646,117552,6647,68062,5647,185614,California
Contra Costa,2021-02-18,11492,265268,5979,145301,5513,119967,0,0,5335,116743,6146,74208,5337,190951,California
Contra Costa,2021-02-19,11424,276692,7117,152418,4307,124274,0,0,5186,115706,6224,80432,5187,196138,California
Contra Costa,2021-02-20,6471,283163,2915,155333,3556,127830,0,0,4580,118413,1875,82307,4582,200720,California
Contra Costa,2021-02-21,2277,285440,1723,157056,554,128384,0,0,1547,119231,729,83036,1547,202267,California
Contra Costa,2021-02-22,7598,293038,5147,162203,2451,130835,0,0,3504,118657,4080,87116,3506,205773,California
Contra Costa,2021-02-23,12106,305144,7439,169642,4667,135502,0,0,6105,118780,5987,93103,6110,211883,California
Contra Costa,2021-02-24,10596,315740,7776,177418,2820,138322,0,0,5122,118447,5457,98560,5124,217007,California
Contra Costa,2021-02-25,11531,327271,7256,184674,4275,142597,0,0,5238,117417,6272,104832,5242,222249,California
Contra Costa,2021-02-26,10774,338045,6801,191475,3973,146570,0,0,5342,117343,5417,110249,5343,227592,California
Contra Costa,2021-02-27,6797,344842,4371,195846,2426,148996,0,0,4261,119078,2528,112777,4263,231855,California
Contra Costa,2021-02-28,3816,348658,3138,198984,678,149674,0,0,3216,121698,597,113374,3217,235072,California
Contra Costa,2021-03-01,8246,356904,6211,205195,2030,151704,5,5,5084,123643,3146,116520,5091,240163,California
Contra Costa,2021-03-02,10654,367558,6816,212011,3837,155541,1,6,5711,124429,4927,121447,5713,245876,California
Contra Costa,2021-03-03,11320,378878,7111,219122,4208,159749,1,7,6381,125889,4924,126371,6384,252260,California
Contra Costa,2021-03-04,11981,390859,7164,226286,4816,164565,1,8,6227,126383,5734,132105,6228,258488,California
Contra Costa,2021-03-05,11501,402360,6914,233200,4580,169145,7,15,6611,128129,4872,136977,6618,265106,California
Contra Costa,2021-03-06,7504,409864,4206,237406,2988,172133,310,325,4911,130768,2580,139557,5219,270325,California
Contra Costa,2021-03-07,3831,413695,2459,239865,1310,173443,62,387,3151,133303,678,140235,3213,273538,California
Contra Costa,2021-03-08,8240,421935,3926,243791,4010,177453,304,691,5533,136448,2696,142931,5841,279379,California
Contra Costa,2021-03-09,11177,433112,5934,249725,4947,182400,296,987,5856,137291,5311,148242,6154,285533,California
Contra Costa,2021-03-10,12440,445552,6216,255941,4721,187121,1503,2490,5675,137705,6753,154995,7167,292700,California
Contra Costa,2021-03-11,12518,458070,6589,262530,5363,192484,566,3056,6386,138548,6109,161104,6952,299652,California
Contra Costa,2021-03-12,12658,470728,5226,267756,6869,199353,563,3619,6319,139104,6324,167428,6880,306532,California
Contra Costa,2021-03-13,7866,478594,3158,270914,4281,203634,427,4046,3117,137915,4730,172158,3541,310073,California
Contra Costa,2021-03-14,4451,483045,2638,273552,1325,204959,488,4534,1718,137395,2725,174883,2205,312278,California
Contra Costa,2021-03-15,9479,492524,5149,278701,3573,208532,757,5291,4760,138209,4702,179585,5516,317794,California
Contra Costa,2021-03-16,14351,506875,8552,287253,5398,213930,401,5692,7154,138589,7174,186759,7554,325348,California
Contra Costa,2021-03-17,15084,521959,10418,297671,4451,218381,215,5907,8549,140848,6512,193271,8771,334119,California
Contra Costa,2021-03-18,15475,537434,8633,306304,6358,224739,484,6391,8809,143507,6632,199903,9291,343410,California
Contra Costa,2021-03-19,15694,553128,9075,315379,5217,229956,1402,7793,8325,145888,7350,207253,9731,353141,California
Contra Costa,2021-03-20,10747,563875,6452,321831,3983,233939,312,8105,5155,145783,5573,212826,5468,358609,California
Contra Costa,2021-03-21,4563,568438,3989,325820,476,234415,98,8203,2098,145523,2455,215281,2195,360804,California
Contra Costa,2021-03-22,11651,580089,8799,334619,2597,237012,255,8458,7017,148176,4618,219899,7271,368075,California
Contra Costa,2021-03-23,15703,595792,10835,345454,4696,241708,172,8630,9121,150917,6553,226452,9294,377369,California
Contra Costa,2021-03-24,15082,610874,11770,357224,3098,244806,214,8844,9138,154361,5912,232364,9356,386725,California
Contra Costa,2021-03-25,15388,626262,12008,369232,3093,247899,287,9131,9426,158147,5925,238289,9711,396436,California
Contra Costa,2021-03-26,15116,641378,10863,380095,3851,251750,402,9533,8689,160833,6400,244689,9086,405522,California
Contra Costa,2021-03-27,10574,651952,6881,386976,3180,254930,513,10046,5625,162025,4939,249628,6131,411653,California
Contra Costa,2021-03-28,4238,656190,3027,390003,1158,256088,53,10099,1618,161088,2608,252236,1671,413324,California
Contra Costa,2021-03-29,10932,667122,8537,398540,2279,258367,116,10215,6955,164203,3958,256194,7073,420397,California
Contra Costa,2021-03-30,16826,683948,9209,407749,6263,264630,1354,11569,10380,169508,6426,262620,11731,432128,California
Contra Costa,2021-03-31,18067,702015,12655,420404,3969,268599,1443,13012,11386,175696,6638,269258,12826,444954,California
Contra Costa,2021-04-01,17626,719641,12320,432724,3916,272515,1390,14402,11445,182378,6151,275409,12833,457787,California
Contra Costa,2021-04-02,17542,737183,12931,445655,3583,276098,1028,15430,11631,189139,5899,281308,12660,470447,California
Contra Costa,2021-04-03,10887,748070,6502,452157,2830,278928,1555,16985,6223,192267,4650,285958,7778,478225,California
Contra Costa,2021-04-04,3348,751418,1327,453484,1425,280353,596,17581,847,191217,2493,288451,1443,479668,California
Contra Costa,2021-04-05,12135,763553,7921,461405,3235,283588,979,18560,6600,193277,5521,293972,7581,487249,California
Contra Costa,2021-04-06,17340,780893,12008,473413,3039,286627,2293,20853,9733,197717,7586,301558,12026,499275,California
Contra Costa,2021-04-07,18609,799502,12600,486013,3186,289813,2823,23676,10568,203124,8020,309578,13427,512702,California
Contra Costa,2021-04-08,18726,818228,12486,498499,3319,293132,2921,26597,10056,207455,8643,318221,12974,525676,California
Contra Costa,2021-04-09,18873,837101,12051,510550,4324,297456,2498,29095,10118,211343,8729,326950,12617,538293,California
Contra Costa,2021-04-10,10552,847653,3813,514363,2171,299627,4568,33663,3288,211941,7247,334197,7845,546138,California
Contra Costa,2021-04-11,3330,850983,1988,516351,686,300313,656,34319,1116,211504,2208,336405,1771,547909,California
Contra Costa,2021-04-12,11892,862875,7854,524205,2974,303287,1064,35383,5578,211852,6299,342704,6647,554556,California
Contra Costa,2021-04-13,17788,880663,10913,535118,6868,310155,7,35390,11852,217804,5912,348616,11864,566420,California
Contra Costa,2021-04-14,17580,898243,11040,546158,6539,316694,1,35391,9715,219683,7840,356456,9719,576139,California
Contra Costa,2021-04-15,17504,915747,10744,556902,6759,323453,1,35392,8096,218421,9378,365834,8116,584255,California
Contra Costa,2021-04-16,16870,932617,10531,567433,6337,329790,2,35394,7570,216724,9276,375110,7579,591834,California
Contra Costa,2021-04-17,11440,944057,6289,573722,5151,334941,0,35394,6130,217566,5295,380405,6137,597971,California
Contra Costa,2021-04-18,2748,946805,2119,575841,629,335570,0,35394,1780,218387,959,381364,1780,599751,California
Contra Costa,2021-04-19,11383,958188,8508,584349,2875,338445,0,35394,3574,214180,7783,389147,3576,603327,California
Contra Costa,2021-04-20,16660,974848,10826,595175,5834,344279,0,35394,6240,210035,10389,399536,6244,609571,California
Contra Costa,2021-04-21,17333,992181,14140,609315,3192,347471,1,35395,6158,205064,11137,410673,6166,615737,California
Contra Costa,2021-04-22,17152,1009333,13882,623197,3268,350739,2,35397,6053,200060,11068,421741,6064,621801,California
Contra Costa,2021-04-23,16997,1026330,13501,636698,3496,354235,0,35397,5483,194071,11480,433221,5491,627292,California
Contra Costa,2021-04-24,10931,1037261,8429,645127,2501,356736,1,35398,4181,191527,6729,439950,4185,631477,California
Contra Costa,2021-04-25,3249,1040510,2191,647318,1056,357792,2,35400,2056,192395,1193,441143,2061,633538,California
Contra Costa,2021-04-26,9796,1050306,8204,655522,1568,359360,24,35424,2866,188385,6912,448055,2902,636440,California
Contra Costa,2021-04-27,14473,1064779,10598,666120,3717,363077,158,35582,3882,181866,10569,458624,4050,640490,California
Contra Costa,2021-04-28,13849,1078628,10765,676885,2797,365874,287,35869,3459,175263,10356,468980,3753,644243,California
Contra Costa,2021-04-29,13033,1091661,10084,686969,2779,368653,170,36039,2841,168113,10167,479147,3017,647260,California
Contra Costa,2021-04-30,13693,1105354,10792,697761,2644,371297,257,36296,3097,160908,10563,489710,3358,650618,California
Contra Costa,2021-05-01,8028,1113382,5854,703615,1850,373147,324,36620,1917,157058,6091,495801,2241,652859,California
Contra Costa,2021-05-02,2334,1115716,1586,705201,668,373815,80,36700,993,156802,1329,497130,1073,653932,California
Contra Costa,2021-05-03,9114,1124830,8017,713218,922,374737,175,36875,1926,151734,7173,504303,2105,656037,California
Contra Costa,2021-05-04,14073,1138903,12141,725359,1602,376339,330,37205,2289,142593,11760,516063,2619,658656,California
Contra Costa,2021-05-05,12508,1151411,10785,736144,1523,377862,200,37405,2401,135114,10081,526144,2602,661258,California
Contra Costa,2021-05-06,10290,1161701,8539,744683,1416,379278,335,37740,1948,129088,8317,534461,2291,663549,California
Contra Costa,2021-05-07,9623,1171324,7736,752419,1663,380941,224,37964,2219,124157,7371,541832,2440,665989,California
Contra Costa,2021-05-08,5285,1176609,3979,756398,1138,382079,168,38132,1248,121557,4020,545852,1420,667409,California
Contra Costa,2021-05-09,2103,1178712,1773,758171,270,382349,60,38192,455,120431,1644,547496,518,667927,California
Contra Costa,2021-05-10,4927,1183639,3947,762118,762,383111,218,38410,1344,118431,3561,551057,1561,669488,California
Contra Costa,2021-05-11,8695,1192334,4523,766641,3943,387054,229,38639,1709,113409,6966,558023,1944,671432,California
Contra Costa,2021-05-12,9001,1201335,4569,771210,4186,391240,246,38885,1550,107783,7427,565450,1801,673233,California
Contra Costa,2021-05-13,11307,1212642,7469,778679,3655,394895,183,39068,3938,104561,7343,572793,4121,677354,California
Contra Costa,2021-05-14,12108,1224750,8057,786736,3772,398667,279,39347,5011,102781,7070,579863,5290,682644,California
Contra Costa,2021-05-15,9946,1234696,7215,793951,2612,401279,119,39466,4388,101746,5544,585407,4509,687153,California
Contra Costa,2021-05-16,2427,1237123,2118,796069,264,401543,45,39511,1087,101544,1334,586741,1132,688285,California
Contra Costa,2021-05-17,7011,1244134,5659,801728,1182,402725,170,39681,3594,101912,3397,590138,3765,692050,California
Contra Costa,2021-05-18,10183,1254317,6959,808687,3008,405733,216,39897,4485,100946,5670,595808,4704,696754,California
Contra Costa,2021-05-19,8425,1262742,6816,815503,1418,407151,191,40088,4080,100897,4326,600134,4277,701031,California
Contra Costa,2021-05-20,6555,1269297,5192,820695,1186,408337,177,40265,3268,101073,3268,603402,3444,704475,California
Contra Costa,2021-05-21,6419,1275716,4896,825591,1331,409668,192,40457,2917,100708,3475,606877,3110,707585,California
Contra Costa,2021-05-22,4497,1280213,3550,829141,791,410459,156,40613,2135,100655,2347,609224,2294,709879,California
Contra Costa,2021-05-23,921,1281134,608,829749,267,410726,46,40659,431,100646,487,609711,478,710357,California
Contra Costa,2021-05-24,4607,1285741,3802,833551,627,411353,178,40837,2169,100568,2428,612139,2350,712707,California
Contra Costa,2021-05-25,6205,1291946,5054,838605,904,412257,247,41084,2655,99935,3534,615673,2901,715608,California
Contra Costa,2021-05-26,5562,1297508,3559,842164,1819,414076,184,41268,1959,98500,3579,619252,2144,717752,California
Contra Costa,2021-05-27,3743,1301251,2634,844798,940,415016,169,41437,1653,98245,2074,621326,1819,719571,California
Contra Costa,2021-05-28,5199,1306450,3620,848418,1414,416430,165,41602,2126,97480,3054,624380,2289,721860,California
Contra Costa,2021-05-29,2198,1308648,1408,849826,690,417120,100,41702,932,97255,1258,625638,1033,722893,California
Del Norte,2020-12-21,23,23,23,23,0,0,0,0,23,23,0,0,23,23,California
Del Norte,2020-12-22,45,68,45,68,0,0,0,0,45,68,0,0,45,68,California
Del Norte,2020-12-23,58,126,48,116,10,10,0,0,56,124,0,0,56,124,California
Del Norte,2020-12-28,34,160,34,150,0,10,0,0,34,158,0,0,34,158,California
Del Norte,2020-12-29,4,164,4,154,0,10,0,0,4,162,0,0,4,162,California
Del Norte,2020-12-30,67,231,55,209,12,22,0,0,68,230,0,0,68,230,California
Del Norte,2020-12-31,16,247,13,222,3,25,0,0,16,246,0,0,16,246,California
Del Norte,2021-01-04,102,349,49,271,53,78,0,0,102,348,0,0,102,348,California
Del Norte,2021-01-05,33,382,0,271,33,111,0,0,32,380,1,1,33,381,California
Del Norte,2021-01-06,77,459,18,289,59,170,0,0,77,457,0,1,77,458,California
Del Norte,2021-01-07,21,480,1,290,20,190,0,0,21,478,0,1,21,479,California
Del Norte,2021-01-08,77,557,7,297,70,260,0,0,77,555,0,1,77,556,California
Del Norte,2021-01-11,40,597,21,318,19,279,0,0,18,552,22,23,19,575,California
Del Norte,2021-01-12,50,647,31,349,19,298,0,0,30,562,20,43,30,605,California
Del Norte,2021-01-13,86,733,40,389,46,344,0,0,53,582,33,76,53,658,California
Del Norte,2021-01-14,52,785,14,403,38,382,0,0,46,622,6,82,46,704,California
Del Norte,2021-01-15,107,892,18,421,89,471,0,0,95,705,12,94,95,799,California
Del Norte,2021-01-17,1,893,1,422,0,471,0,0,1,706,0,94,1,800,California
Del Norte,2021-01-18,2,895,0,422,2,473,0,0,2,708,0,94,2,802,California
Del Norte,2021-01-19,119,1014,56,478,63,536,0,0,77,743,42,136,77,879,California
Del Norte,2021-01-20,159,1173,84,562,75,611,0,0,96,777,62,198,96,975,California
Del Norte,2021-01-21,43,1216,40,602,3,614,0,0,32,798,11,209,32,1007,California
Del Norte,2021-01-22,20,1236,17,619,3,617,0,0,13,804,7,216,13,1020,California
Del Norte,2021-01-23,1,1237,0,619,1,618,0,0,1,805,0,216,1,1021,California
Del Norte,2021-01-24,1,1238,0,619,1,619,0,0,1,806,0,216,1,1022,California
Del Norte,2021-01-25,100,1338,82,701,18,637,0,0,56,818,44,260,56,1078,California
Del Norte,2021-01-26,18,1356,11,712,7,644,0,0,7,814,11,271,7,1085,California
Del Norte,2021-01-27,64,1420,21,733,43,687,0,0,61,872,3,274,61,1146,California
Del Norte,2021-01-28,292,1712,20,753,272,959,0,0,287,1154,5,279,287,1433,California
Del Norte,2021-01-29,61,1773,21,774,40,999,0,0,43,1179,18,297,43,1476,California
Del Norte,2021-01-30,8,1781,1,775,7,1006,0,0,8,1187,0,297,8,1484,California
Del Norte,2021-02-01,41,1822,1,776,40,1046,0,0,26,1198,15,312,26,1510,California
Del Norte,2021-02-02,141,1963,34,810,107,1153,0,0,73,1204,67,379,73,1583,California
Del Norte,2021-02-03,126,2089,40,850,86,1239,0,0,71,1220,55,434,71,1654,California
Del Norte,2021-02-04,71,2160,29,879,42,1281,0,0,42,1233,29,463,42,1696,California
Del Norte,2021-02-05,184,2344,22,901,162,1443,0,0,119,1288,64,527,119,1815,California
Del Norte,2021-02-06,310,2654,4,905,306,1749,0,0,310,1598,0,527,310,2125,California
Del Norte,2021-02-07,1,2655,0,905,1,1750,0,0,1,1599,0,527,1,2126,California
Del Norte,2021-02-08,36,2691,1,906,35,1785,0,0,32,1627,4,531,32,2158,California
Del Norte,2021-02-09,8,2699,5,911,3,1788,0,0,2,1623,6,537,2,2160,California
Del Norte,2021-02-10,142,2841,20,931,122,1910,0,0,85,1652,56,593,85,2245,California
Del Norte,2021-02-11,177,3018,59,990,118,2028,0,0,64,1603,113,706,64,2309,California
Del Norte,2021-02-12,121,3139,14,1004,107,2135,0,0,67,1616,54,760,67,2376,California
Del Norte,2021-02-13,2,3141,1,1005,1,2136,0,0,2,1618,0,760,2,2378,California
Del Norte,2021-02-14,3,3144,1,1006,2,2138,0,0,2,1619,1,761,2,2380,California
Del Norte,2021-02-15,4,3148,0,1006,4,2142,0,0,2,1619,2,763,2,2382,California
Del Norte,2021-02-16,132,3280,1,1007,131,2273,0,0,13,1513,119,882,13,2395,California
Del Norte,2021-02-17,92,3372,20,1027,72,2345,0,0,25,1471,67,949,25,2420,California
Del Norte,2021-02-18,77,3449,24,1051,53,2398,0,0,51,1496,26,975,51,2471,California
Del Norte,2021-02-19,43,3492,17,1068,26,2424,0,0,33,1519,10,985,33,2504,California
Del Norte,2021-02-20,8,3500,5,1073,3,2427,0,0,6,1523,2,987,6,2510,California
Del Norte,2021-02-22,2,3502,0,1073,2,2429,0,0,2,1525,0,987,2,2512,California
Del Norte,2021-02-23,107,3609,89,1162,18,2447,0,0,31,1481,76,1063,32,2544,California
Del Norte,2021-02-24,152,3761,98,1260,54,2501,0,0,79,1487,73,1136,79,2623,California
Del Norte,2021-02-25,477,4238,131,1391,346,2847,0,0,213,1438,262,1398,213,2836,California
Del Norte,2021-02-26,214,4452,177,1568,37,2884,0,0,168,1560,46,1444,168,3004,California
Del Norte,2021-02-27,149,4601,143,1711,5,2889,1,1,141,1694,8,1452,142,3146,California
Del Norte,2021-02-28,3,4604,0,1711,3,2892,0,1,3,1697,0,1452,3,3149,California
Del Norte,2021-03-01,29,4633,2,1713,27,2919,0,1,4,1677,24,1476,4,3153,California
Del Norte,2021-03-02,222,4855,142,1855,80,2999,0,1,188,1831,34,1510,188,3341,California
Del Norte,2021-03-03,167,5022,99,1954,68,3067,0,1,126,1916,41,1551,126,3467,California
Del Norte,2021-03-04,120,5142,83,2037,37,3104,0,1,91,1979,28,1579,91,3558,California
Del Norte,2021-03-05,121,5263,11,2048,110,3214,0,1,73,2004,48,1627,73,3631,California
Del Norte,2021-03-06,464,5727,77,2125,338,3552,49,50,163,1873,301,1928,170,3801,California
Del Norte,2021-03-07,2,5729,1,2126,1,3553,0,50,1,1873,1,1929,1,3802,California
Del Norte,2021-03-08,28,5757,1,2127,25,3578,2,52,5,1857,23,1952,7,3809,California
Del Norte,2021-03-09,194,5951,113,2240,78,3656,3,55,183,2032,11,1963,186,3995,California
Del Norte,2021-03-10,233,6184,96,2336,109,3765,28,83,134,2095,99,2062,162,4157,California
Del Norte,2021-03-11,151,6335,55,2391,91,3856,5,88,103,2155,48,2110,108,4265,California
Del Norte,2021-03-12,178,6513,89,2480,89,3945,0,88,125,2227,53,2163,125,4390,California
Del Norte,2021-03-13,94,6607,93,2573,1,3946,0,88,91,2315,3,2166,91,4481,California
Del Norte,2021-03-14,1,6608,0,2573,1,3947,0,88,1,2315,1,2167,1,4482,California
Del Norte,2021-03-15,39,6647,0,2573,38,3985,1,89,34,2345,5,2172,35,4517,California
Del Norte,2021-03-16,281,6928,135,2708,146,4131,0,89,260,2584,21,2193,260,4777,California
Del Norte,2021-03-17,282,7210,95,2803,185,4316,2,91,168,2640,114,2307,170,4947,California
Del Norte,2021-03-18,285,7495,107,2910,175,4491,3,94,149,2657,135,2442,152,5099,California
Del Norte,2021-03-19,268,7763,160,3070,102,4593,6,100,91,2577,177,2619,97,5196,California
Del Norte,2021-03-20,157,7920,154,3224,3,4596,0,100,15,2450,142,2761,15,5211,California
Del Norte,2021-03-21,4,7924,2,3226,2,4598,0,100,2,2450,2,2763,2,5213,California
Del Norte,2021-03-22,43,7967,3,3229,39,4637,1,101,39,2487,3,2766,40,5253,California
Del Norte,2021-03-23,335,8302,164,3393,153,4790,18,119,164,2499,169,2935,181,5434,California
Del Norte,2021-03-24,396,8698,107,3500,249,5039,40,159,235,2613,161,3096,275,5709,California
Del Norte,2021-03-25,192,8890,88,3588,104,5143,0,159,84,2590,107,3203,84,5793,California
Del Norte,2021-03-26,234,9124,113,3701,121,5264,0,159,197,2750,37,3240,197,5990,California
Del Norte,2021-03-27,107,9231,86,3787,4,5268,17,176,17,2694,90,3330,34,6024,California
Del Norte,2021-03-28,4,9235,2,3789,2,5270,0,176,1,2692,3,3333,1,6025,California
Del Norte,2021-03-29,57,9292,6,3795,34,5304,17,193,32,2716,25,3358,49,6074,California
Del Norte,2021-03-30,340,9632,119,3914,210,5514,11,204,128,2643,212,3570,139,6213,California
Del Norte,2021-03-31,353,9985,100,4014,236,5750,17,221,198,2705,153,3723,215,6428,California
Del Norte,2021-04-01,164,10149,58,4072,72,5822,34,255,69,2714,94,3817,103,6531,California
Del Norte,2021-04-02,232,10381,79,4151,104,5926,49,304,49,2630,183,4000,99,6630,California
Del Norte,2021-04-03,108,10489,83,4234,2,5928,23,327,5,2556,102,4102,28,6658,California
Del Norte,2021-04-04,4,10493,0,4234,0,5928,4,331,0,2556,4,4106,4,6662,California
Del Norte,2021-04-05,47,10540,5,4239,38,5966,4,335,40,2593,7,4113,44,6706,California
Del Norte,2021-04-06,379,10919,120,4359,222,6188,37,372,146,2548,229,4342,184,6890,California
Del Norte,2021-04-07,436,11355,115,4474,260,6448,61,433,290,2753,146,4488,351,7241,California
Del Norte,2021-04-08,228,11583,54,4528,106,6554,68,501,105,2804,123,4611,174,7415,California
Del Norte,2021-04-09,206,11789,46,4574,83,6637,77,578,99,2872,106,4717,174,7589,California
Del Norte,2021-04-10,47,11836,26,4600,4,6641,17,595,27,2896,20,4737,44,7633,California
Del Norte,2021-04-11,12,11848,3,4603,2,6643,7,602,2,2895,10,4747,9,7642,California
Del Norte,2021-04-12,27,11875,1,4604,9,6652,17,619,1,2888,25,4772,18,7660,California
Del Norte,2021-04-13,298,12173,50,4654,248,6900,0,619,155,2900,143,4915,155,7815,California
Del Norte,2021-04-14,327,12500,23,4677,304,7204,0,619,138,2854,189,5104,143,7958,California
Del Norte,2021-04-15,164,12664,31,4708,133,7337,0,619,45,2781,119,5223,46,8004,California
Del Norte,2021-04-16,161,12825,40,4748,121,7458,0,619,59,2739,102,5325,60,8064,California
Del Norte,2021-04-17,104,12929,72,4820,32,7490,0,619,99,2833,5,5330,99,8163,California
Del Norte,2021-04-18,5,12934,4,4824,1,7491,0,619,4,2836,1,5331,4,8167,California
Del Norte,2021-04-19,50,12984,6,4830,44,7535,0,619,8,2802,42,5373,8,8175,California
Del Norte,2021-04-20,208,13192,40,4870,168,7703,0,619,73,2740,135,5508,73,8248,California
Del Norte,2021-04-21,288,13480,23,4893,265,7968,0,619,63,2582,224,5732,66,8314,California
Del Norte,2021-04-22,114,13594,15,4908,99,8067,0,619,62,2592,52,5784,62,8376,California
Del Norte,2021-04-23,153,13747,22,4930,131,8198,0,619,40,2519,113,5897,40,8416,California
Del Norte,2021-04-24,25,13772,14,4944,11,8209,0,619,20,2534,5,5902,20,8436,California
Del Norte,2021-04-25,2,13774,0,4944,2,8211,0,619,2,2536,0,5902,2,8438,California
Del Norte,2021-04-26,31,13805,0,4944,31,8242,0,619,9,2523,22,5924,9,8447,California
Del Norte,2021-04-27,181,13986,19,4963,157,8399,5,624,49,2445,132,6056,54,8501,California
Del Norte,2021-04-28,351,14337,100,5063,246,8645,5,629,63,2227,287,6343,69,8570,California
Del Norte,2021-04-29,93,14430,6,5069,83,8728,4,633,26,2190,67,6410,30,8600,California
Del Norte,2021-04-30,83,14513,6,5075,67,8795,10,643,44,2205,39,6449,54,8654,California
Del Norte,2021-05-01,8,14521,3,5078,5,8800,0,643,6,2209,2,6451,6,8660,California
Del Norte,2021-05-02,8,14529,0,5078,8,8808,0,643,8,2217,0,6451,8,8668,California
Del Norte,2021-05-03,40,14569,3,5081,34,8842,3,646,2,2185,37,6488,5,8673,California
Del Norte,2021-05-04,221,14790,36,5117,180,9022,5,651,46,2062,174,6662,51,8724,California
Del Norte,2021-05-05,231,15021,19,5136,204,9226,8,659,56,1951,175,6837,64,8788,California
Del Norte,2021-05-06,111,15132,24,5160,74,9300,13,672,26,1905,85,6922,39,8827,California
Del Norte,2021-05-07,152,15284,29,5189,119,9419,4,676,32,1821,120,7042,36,8863,California
Del Norte,2021-05-08,64,15348,55,5244,7,9426,2,678,6,1771,58,7100,8,8871,California
Del Norte,2021-05-09,9,15357,3,5247,3,9429,3,681,2,1769,7,7107,5,8876,California
Del Norte,2021-05-10,25,15382,3,5250,18,9447,4,685,15,1778,10,7117,19,8895,California
Del Norte,2021-05-11,170,15552,49,5299,119,9566,2,687,33,1676,137,7254,35,8930,California
Del Norte,2021-05-12,148,15700,23,5322,115,9681,10,697,27,1593,120,7374,37,8967,California
Del Norte,2021-05-13,60,15760,29,5351,30,9711,1,698,32,1598,28,7402,33,9000,California
Del Norte,2021-05-14,77,15837,27,5378,49,9760,1,699,42,1606,35,7437,43,9043,California
Del Norte,2021-05-15,81,15918,53,5431,28,9788,0,699,53,1631,28,7465,53,9096,California
Del Norte,2021-05-16,11,15929,0,5431,11,9799,0,699,11,1642,0,7465,11,9107,California
Del Norte,2021-05-17,27,15956,3,5434,20,9819,4,703,15,1649,12,7477,19,9126,California
Del Norte,2021-05-18,126,16082,68,5502,57,9876,1,704,80,1684,46,7523,81,9207,California
Del Norte,2021-05-19,96,16178,14,5516,66,9942,16,720,38,1680,58,7581,54,9261,California
Del Norte,2021-05-20,98,16276,31,5547,64,10006,3,723,39,1664,58,7639,42,9303,California
Del Norte,2021-05-21,78,16354,32,5579,42,10048,4,727,41,1672,37,7676,45,9348,California
Del Norte,2021-05-22,21,16375,7,5586,14,10062,0,727,8,1667,13,7689,8,9356,California
Del Norte,2021-05-23,11,16386,4,5590,7,10069,0,727,4,1664,7,7696,4,9360,California
Del Norte,2021-05-24,29,16415,11,5601,17,10086,1,728,18,1673,10,7706,19,9379,California
Del Norte,2021-05-25,45,16460,7,5608,30,10116,8,736,14,1666,29,7735,22,9401,California
Del Norte,2021-05-26,113,16573,36,5644,71,10187,6,742,52,1664,60,7795,58,9459,California
Del Norte,2021-05-27,64,16637,22,5666,38,10225,4,746,30,1664,34,7829,34,9493,California
Del Norte,2021-05-28,49,16686,9,5675,36,10261,4,750,9,1637,40,7869,13,9506,California
Del Norte,2021-05-29,7,16693,0,5675,3,10264,4,754,2,1638,5,7874,6,9512,California
El Dorado,2020-12-15,12,12,12,12,0,0,0,0,12,12,0,0,12,12,California
El Dorado,2020-12-16,40,52,40,52,0,0,0,0,40,52,0,0,40,52,California
El Dorado,2020-12-17,31,83,31,83,0,0,0,0,31,83,0,0,31,83,California
El Dorado,2020-12-18,239,322,239,322,0,0,0,0,239,322,0,0,239,322,California
El Dorado,2020-12-19,116,438,116,438,0,0,0,0,116,438,0,0,116,438,California
El Dorado,2020-12-20,85,523,85,523,0,0,0,0,85,523,0,0,85,523,California
El Dorado,2020-12-21,309,832,308,831,1,1,0,0,309,832,0,0,309,832,California
El Dorado,2020-12-22,238,1070,214,1045,24,25,0,0,238,1070,0,0,238,1070,California
El Dorado,2020-12-23,190,1260,141,1186,49,74,0,0,190,1260,0,0,190,1260,California
El Dorado,2020-12-24,88,1348,67,1253,21,95,0,0,88,1348,0,0,88,1348,California
El Dorado,2020-12-25,8,1356,8,1261,0,95,0,0,8,1356,0,0,8,1356,California
El Dorado,2020-12-26,45,1401,27,1288,18,113,0,0,45,1401,0,0,45,1401,California
El Dorado,2020-12-27,37,1438,33,1321,4,117,0,0,37,1438,0,0,37,1438,California
El Dorado,2020-12-28,213,1651,166,1487,47,164,0,0,213,1651,0,0,213,1651,California
El Dorado,2020-12-29,460,2111,143,1630,317,481,0,0,460,2111,0,0,460,2111,California
El Dorado,2020-12-30,505,2616,136,1766,369,850,0,0,505,2616,0,0,505,2616,California
El Dorado,2020-12-31,110,2726,70,1836,40,890,0,0,110,2726,0,0,110,2726,California
El Dorado,2021-01-01,7,2733,4,1840,3,893,0,0,7,2733,0,0,7,2733,California
El Dorado,2021-01-02,153,2886,141,1981,12,905,0,0,153,2886,0,0,153,2886,California
El Dorado,2021-01-03,92,2978,17,1998,75,980,0,0,92,2978,0,0,92,2978,California
El Dorado,2021-01-04,190,3168,62,2060,128,1108,0,0,190,3168,0,0,190,3168,California
El Dorado,2021-01-05,228,3396,72,2132,156,1264,0,0,212,3364,16,16,212,3380,California
El Dorado,2021-01-06,239,3635,167,2299,72,1336,0,0,175,3475,64,80,175,3555,California
El Dorado,2021-01-07,332,3967,137,2436,195,1531,0,0,261,3665,71,151,261,3816,California
El Dorado,2021-01-08,977,4944,503,2939,474,2005,0,0,771,4231,206,357,772,4588,California
El Dorado,2021-01-09,193,5137,156,3095,37,2042,0,0,125,4288,68,425,125,4713,California
El Dorado,2021-01-10,179,5316,128,3223,51,2093,0,0,109,4328,70,495,110,4823,California
El Dorado,2021-01-11,659,5975,293,3516,366,2459,0,0,459,4589,199,694,460,5283,California
El Dorado,2021-01-12,806,6781,423,3939,383,2842,0,0,557,4897,249,943,557,5840,California
El Dorado,2021-01-13,702,7483,298,4237,404,3246,0,0,541,5277,161,1104,541,6381,California
El Dorado,2021-01-14,792,8275,220,4457,572,3818,0,0,697,5879,95,1199,697,7078,California
El Dorado,2021-01-15,790,9065,184,4641,606,4424,0,0,718,6525,72,1271,718,7796,California
El Dorado,2021-01-16,173,9238,103,4744,70,4494,0,0,146,6644,27,1298,146,7942,California
El Dorado,2021-01-17,99,9337,46,4790,53,4547,0,0,82,6709,17,1315,82,8024,California
El Dorado,2021-01-18,423,9760,140,4930,283,4830,0,0,354,6994,69,1384,354,8378,California
El Dorado,2021-01-19,754,10514,453,5383,301,5131,0,0,604,7449,150,1534,605,8983,California
El Dorado,2021-01-20,1014,11528,689,6072,325,5456,0,0,901,8238,112,1646,901,9884,California
El Dorado,2021-01-21,1265,12793,678,6750,587,6043,0,0,1057,9128,167,1813,1057,10941,California
El Dorado,2021-01-22,1229,14022,834,7584,395,6438,0,0,1175,10250,53,1866,1175,12116,California
El Dorado,2021-01-23,737,14759,615,8199,122,6560,0,0,626,10765,111,1977,626,12742,California
El Dorado,2021-01-24,126,14885,76,8275,50,6610,0,0,107,10853,19,1996,107,12849,California
El Dorado,2021-01-25,700,15585,293,8568,407,7017,0,0,613,11379,87,2083,613,13462,California
El Dorado,2021-01-26,676,16261,365,8933,311,7328,0,0,573,11849,103,2186,573,14035,California
El Dorado,2021-01-27,991,17252,389,9322,602,7930,0,0,653,12163,339,2525,653,14688,California
El Dorado,2021-01-28,1106,18358,452,9774,654,8584,0,0,745,12547,361,2886,745,15433,California
El Dorado,2021-01-29,1044,19402,556,10330,488,9072,0,0,752,13009,291,3177,753,16186,California
El Dorado,2021-01-30,543,19945,291,10621,252,9324,0,0,446,13359,96,3273,446,16632,California
El Dorado,2021-01-31,236,20181,215,10836,21,9345,0,0,184,13492,51,3324,184,16816,California
El Dorado,2021-02-01,798,20979,368,11204,430,9775,0,0,653,14000,145,3469,653,17469,California
El Dorado,2021-02-02,839,21818,367,11571,472,10247,0,0,676,14513,163,3632,676,18145,California
El Dorado,2021-02-03,902,22720,476,12047,426,10673,0,0,690,14991,212,3844,690,18835,California
El Dorado,2021-02-04,1244,23964,701,12748,543,11216,0,0,872,15491,372,4216,872,19707,California
El Dorado,2021-02-05,1485,25449,599,13347,886,12102,0,0,862,15767,586,4802,862,20569,California
El Dorado,2021-02-06,637,26086,331,13678,306,12408,0,0,531,16193,106,4908,532,21101,California
El Dorado,2021-02-07,259,26345,177,13855,82,12490,0,0,195,16324,64,4972,195,21296,California
El Dorado,2021-02-08,884,27229,418,14273,466,12956,0,0,610,16660,274,5246,610,21906,California
El Dorado,2021-02-09,970,28199,546,14819,424,13380,0,0,539,16768,431,5677,539,22445,California
El Dorado,2021-02-10,1257,29456,735,15554,522,13902,0,0,664,16840,592,6269,664,23109,California
El Dorado,2021-02-11,2151,31607,889,16443,1262,15164,0,0,757,16207,1391,7660,758,23867,California
El Dorado,2021-02-12,1575,33182,825,17268,750,15914,0,0,675,15984,899,8559,676,24543,California
El Dorado,2021-02-13,979,34161,667,17935,312,16226,0,0,435,15878,541,9100,435,24978,California
El Dorado,2021-02-14,486,34647,155,18090,331,16557,0,0,399,16190,87,9187,399,25377,California
El Dorado,2021-02-15,1181,35828,383,18473,798,17355,0,0,818,16649,363,9550,822,26199,California
El Dorado,2021-02-16,1206,37034,532,19005,674,18029,0,0,671,16787,534,10084,672,26871,California
El Dorado,2021-02-17,952,37986,419,19424,533,18562,0,0,459,16755,493,10577,461,27332,California
El Dorado,2021-02-18,2094,40080,1020,20444,1074,19636,0,0,1059,16780,1034,11611,1059,28391,California
El Dorado,2021-02-19,1210,41290,643,21087,567,20203,0,0,676,16923,533,12144,676,29067,California
El Dorado,2021-02-20,925,42215,441,21528,484,20687,0,0,671,17345,249,12393,671,29738,California
El Dorado,2021-02-21,286,42501,229,21757,57,20744,0,0,101,17261,185,12578,101,29839,California
El Dorado,2021-02-22,875,43376,439,22196,436,21180,0,0,273,16933,601,13179,273,30112,California
El Dorado,2021-02-23,846,44222,473,22669,373,21553,0,0,338,16764,507,13686,338,30450,California
El Dorado,2021-02-24,1027,45249,438,23107,589,22142,0,0,425,16588,602,14288,426,30876,California
El Dorado,2021-02-25,1891,47140,1140,24247,751,22893,0,0,674,16054,1210,15498,676,31552,California
El Dorado,2021-02-26,2357,49497,1481,25728,876,23769,0,0,1586,16872,768,16266,1586,33138,California
El Dorado,2021-02-27,1663,51160,440,26168,1223,24992,0,0,1222,17656,438,16704,1222,34360,California
El Dorado,2021-02-28,594,51754,207,26375,387,25379,0,0,436,17935,158,16862,437,34797,California
El Dorado,2021-03-01,1134,52888,448,26823,684,26063,2,2,624,18052,509,17371,626,35423,California
El Dorado,2021-03-02,924,53812,269,27092,655,26718,0,2,484,18098,438,17809,484,35907,California
El Dorado,2021-03-03,1691,55503,465,27557,1226,27944,0,2,1154,18725,530,18339,1157,37064,California
El Dorado,2021-03-04,2514,58017,1549,29106,965,28909,0,2,1195,18604,1316,19655,1195,38259,California
El Dorado,2021-03-05,1580,59597,426,29532,1149,30058,5,7,1044,19123,530,20185,1049,39308,California
El Dorado,2021-03-06,741,60338,213,29745,493,30551,35,42,393,19204,347,20532,428,39736,California
El Dorado,2021-03-07,406,60744,197,29942,191,30742,18,60,242,19302,162,20694,260,39996,California
El Dorado,2021-03-08,1329,62073,365,30307,892,31634,72,132,860,19767,466,21160,931,40927,California
El Dorado,2021-03-09,989,63062,231,30538,691,32325,67,199,587,20034,387,21547,654,41581,California
El Dorado,2021-03-10,951,64013,345,30883,550,32875,56,255,548,20241,396,21943,603,42184,California
El Dorado,2021-03-11,3019,67032,1833,32716,1004,33879,182,437,1285,19994,1713,23656,1466,43650,California
El Dorado,2021-03-12,1787,68819,620,33336,920,34799,247,684,745,19964,1024,24680,994,44644,California
El Dorado,2021-03-13,1066,69885,344,33680,440,35239,282,966,375,19931,688,25368,655,45299,California
El Dorado,2021-03-14,794,70679,208,33888,474,35713,112,1078,279,19807,515,25883,391,45690,California
El Dorado,2021-03-15,1401,72080,304,34192,971,36684,126,1204,612,19761,785,26668,739,46429,California
El Dorado,2021-03-16,1221,73301,412,34604,664,37348,145,1349,571,19833,644,27312,716,47145,California
El Dorado,2021-03-17,1109,74410,349,34953,665,38013,95,1444,723,20266,385,27697,818,47963,California
El Dorado,2021-03-18,2998,77408,1774,36727,1179,39192,45,1489,1976,21273,1014,28711,2021,49984,California
El Dorado,2021-03-19,1119,78527,365,37092,607,39799,147,1636,641,21583,478,29189,788,50772,California
El Dorado,2021-03-20,949,79476,269,37361,663,40462,17,1653,369,21401,568,29757,386,51158,California
El Dorado,2021-03-21,1026,80502,419,37780,602,41064,5,1658,934,22250,90,29847,939,52097,California
El Dorado,2021-03-22,1507,82009,489,38269,936,42000,82,1740,1196,23222,306,30153,1278,53375,California
El Dorado,2021-03-23,1149,83158,452,38721,602,42602,95,1835,733,23645,405,30558,828,54203,California
El Dorado,2021-03-24,1459,84617,624,39345,639,43241,196,2031,665,23740,766,31324,861,55064,California
El Dorado,2021-03-25,2511,87128,1685,41030,723,43964,103,2134,1381,24101,1124,32448,1485,56549,California
El Dorado,2021-03-26,1821,88949,698,41728,1013,44977,110,2244,946,24305,853,33301,1057,57606,California
El Dorado,2021-03-27,1320,90269,188,41916,1128,46105,4,2248,334,23663,980,34281,338,57944,California
El Dorado,2021-03-28,636,90905,182,42098,444,46549,10,2258,203,23447,429,34710,213,58157,California
El Dorado,2021-03-29,1320,92225,433,42531,871,47420,16,2274,830,23806,487,35197,846,59003,California
El Dorado,2021-03-30,1364,93589,413,42944,858,48278,93,2367,684,23909,672,35869,775,59778,California
El Dorado,2021-03-31,1561,95150,582,43526,916,49194,63,2430,700,23812,859,36728,762,60540,California
El Dorado,2021-04-01,3239,98389,1769,45295,1387,50581,83,2513,1542,23744,1695,38423,1627,62167,California
El Dorado,2021-04-02,1890,100279,563,45858,1232,51813,95,2608,752,23461,1132,39555,849,63016,California
El Dorado,2021-04-03,752,101031,295,46153,335,52148,122,2730,231,23296,518,40073,353,63369,California
El Dorado,2021-04-04,272,101303,85,46238,140,52288,47,2777,98,23268,173,40246,145,63514,California
El Dorado,2021-04-05,1425,102728,425,46663,906,53194,94,2871,593,23127,827,41073,686,64200,California
El Dorado,2021-04-06,1415,104143,524,47187,670,53864,221,3092,454,22842,958,42031,673,64873,California
El Dorado,2021-04-07,1589,105732,559,47746,577,54441,453,3545,559,22824,1027,43058,1009,65882,California
El Dorado,2021-04-08,2682,108414,1730,49476,717,55158,235,3780,1119,22631,1554,44612,1361,67243,California
El Dorado,2021-04-09,1436,109850,454,49930,761,55919,221,4001,574,22568,859,45471,796,68039,California
El Dorado,2021-04-10,819,110669,224,50154,485,56404,110,4111,471,22804,345,45816,581,68620,California
El Dorado,2021-04-11,702,111371,454,50608,232,56636,16,4127,207,22533,494,46310,223,68843,California
El Dorado,2021-04-12,1277,112648,498,51106,630,57266,149,4276,559,22529,711,47021,707,69550,California
El Dorado,2021-04-13,1118,113766,609,51715,509,57775,0,4276,507,22429,607,47628,507,70057,California
El Dorado,2021-04-14,1086,114852,460,52175,625,58400,1,4277,387,22131,686,48314,388,70445,California
El Dorado,2021-04-15,2489,117341,1671,53846,818,59218,0,4277,953,21552,1533,49847,954,71399,California
El Dorado,2021-04-16,1467,118808,521,54367,946,60164,0,4277,603,21296,860,50707,604,72003,California
El Dorado,2021-04-17,792,119600,202,54569,590,60754,0,4277,492,21491,297,51004,492,72495,California
El Dorado,2021-04-18,991,120591,89,54658,902,61656,0,4277,395,21291,595,51599,395,72890,California
El Dorado,2021-04-19,1715,122306,438,55096,1277,62933,0,4277,690,20962,1019,52618,690,73580,California
El Dorado,2021-04-20,1110,123416,360,55456,750,63683,0,4277,461,20779,644,53262,461,74041,California
El Dorado,2021-04-21,1159,124575,466,55922,689,64372,4,4281,591,20811,560,53822,592,74633,California
El Dorado,2021-04-22,2549,127124,1679,57601,870,65242,0,4281,1067,20399,1479,55301,1067,75700,California
El Dorado,2021-04-23,1398,128522,491,58092,907,66149,0,4281,708,20421,687,55988,709,76409,California
El Dorado,2021-04-24,969,129491,516,58608,453,66602,0,4281,734,20922,233,56221,734,77143,California
El Dorado,2021-04-25,653,130144,449,59057,204,66806,0,4281,466,21201,187,56408,466,77609,California
El Dorado,2021-04-26,1140,131284,450,59507,673,67479,17,4298,537,21154,600,57008,553,78162,California
El Dorado,2021-04-27,1052,132336,375,59882,649,68128,28,4326,472,21080,574,57582,500,78662,California
El Dorado,2021-04-28,1033,133369,346,60228,647,68775,40,4366,403,20894,629,58211,443,79105,California
El Dorado,2021-04-29,1929,135298,1303,61531,594,69369,32,4398,538,20075,1389,59600,570,79675,California
El Dorado,2021-04-30,2120,137418,1331,62862,748,70117,41,4439,1359,20725,749,60349,1399,81074,California
El Dorado,2021-05-01,617,138035,282,63144,308,70425,27,4466,279,20700,331,60680,306,81380,California
El Dorado,2021-05-02,298,138333,212,63356,57,70482,29,4495,101,20635,194,60874,129,81509,California
El Dorado,2021-05-03,821,139154,402,63758,369,70851,50,4545,276,20419,543,61417,327,81836,California
El Dorado,2021-05-04,875,140029,431,64189,386,71237,58,4603,308,20222,563,61980,366,82202,California
El Dorado,2021-05-05,874,140903,432,64621,369,71606,73,4676,414,20251,458,62438,487,82689,California
El Dorado,2021-05-06,1113,142016,482,65103,584,72190,47,4723,473,20133,634,63072,516,83205,California
El Dorado,2021-05-07,978,142994,373,65476,547,72737,58,4781,399,20010,579,63651,456,83661,California
El Dorado,2021-05-08,484,143478,149,65625,298,73035,37,4818,186,19937,296,63947,223,83884,California
El Dorado,2021-05-09,218,143696,79,65704,112,73147,27,4845,100,19947,117,64064,127,84011,California
El Dorado,2021-05-10,828,144524,274,65978,495,73642,59,4904,241,19668,577,64641,298,84309,California
El Dorado,2021-05-11,660,145184,286,66264,320,73962,54,4958,290,19646,367,65008,345,84654,California
El Dorado,2021-05-12,585,145769,307,66571,243,74205,35,4993,235,19567,350,65358,271,84925,California
El Dorado,2021-05-13,1141,146910,732,67303,373,74578,36,5029,395,19256,741,66099,430,85355,California
El Dorado,2021-05-14,1400,148310,806,68109,510,75088,84,5113,681,19307,714,66813,765,86120,California
El Dorado,2021-05-15,896,149206,553,68662,287,75375,56,5169,313,19093,583,67396,369,86489,California
El Dorado,2021-05-16,654,149860,456,69118,172,75547,26,5195,228,18921,426,67822,254,86743,California
El Dorado,2021-05-17,1565,151425,662,69780,855,76402,48,5243,568,18543,993,68815,615,87358,California
El Dorado,2021-05-18,1012,152437,507,70287,451,76853,54,5297,445,18476,566,69381,499,87857,California
El Dorado,2021-05-19,810,153247,328,70615,430,77283,52,5349,315,18353,489,69870,366,88223,California
El Dorado,2021-05-20,1041,154288,602,71217,390,77673,49,5398,448,18260,590,70460,497,88720,California
El Dorado,2021-05-21,2170,156458,1662,72879,483,78156,25,5423,743,17606,1422,71882,768,89488,California
El Dorado,2021-05-22,569,157027,156,73035,396,78552,17,5440,191,17437,377,72259,208,89696,California
El Dorado,2021-05-23,190,157217,87,73122,84,78636,19,5459,61,17389,128,72387,80,89776,California
El Dorado,2021-05-24,867,158084,437,73559,363,78999,67,5526,305,17200,558,72945,369,90145,California
El Dorado,2021-05-25,584,158668,236,73795,315,79314,33,5559,223,17097,359,73304,256,90401,California
El Dorado,2021-05-26,773,159441,377,74172,376,79690,20,5579,291,16928,480,73784,311,90712,California
El Dorado,2021-05-27,603,160044,240,74412,330,80020,33,5612,298,16955,303,74087,330,91042,California
El Dorado,2021-05-28,696,160740,236,74648,403,80423,57,5669,291,16900,403,74490,348,91390,California
El Dorado,2021-05-29,106,160846,15,74663,90,80513,1,5670,37,16869,69,74559,38,91428,California
Fresno,2020-12-15,2,2,2,2,0,0,0,0,2,2,0,0,2,2,California
Fresno,2020-12-16,125,127,125,127,0,0,0,0,125,127,0,0,125,127,California
Fresno,2020-12-17,121,248,121,248,0,0,0,0,121,248,0,0,121,248,California
Fresno,2020-12-18,346,594,346,594,0,0,0,0,346,594,0,0,346,594,California
Fresno,2020-12-19,159,753,159,753,0,0,0,0,159,753,0,0,159,753,California
Fresno,2020-12-20,258,1011,256,1009,2,2,0,0,258,1011,0,0,258,1011,California
Fresno,2020-12-21,928,1939,926,1935,2,4,0,0,959,1970,0,0,959,1970,California
Fresno,2020-12-22,905,2844,875,2810,30,34,0,0,909,2879,0,0,909,2879,California
Fresno,2020-12-23,1091,3935,1049,3859,42,76,0,0,1092,3971,0,0,1092,3971,California
Fresno,2020-12-24,589,4524,563,4422,26,102,0,0,589,4560,0,0,589,4560,California
Fresno,2020-12-25,2,4526,1,4423,1,103,0,0,2,4562,0,0,2,4562,California
Fresno,2020-12-26,724,5250,715,5138,9,112,0,0,724,5286,0,0,724,5286,California
Fresno,2020-12-27,307,5557,208,5346,99,211,0,0,307,5593,0,0,307,5593,California
Fresno,2020-12-28,1090,6647,800,6146,290,501,0,0,1091,6684,0,0,1091,6684,California
Fresno,2020-12-29,1736,8383,991,7137,745,1246,0,0,1734,8417,1,1,1734,8418,California
Fresno,2020-12-30,955,9338,444,7581,511,1757,0,0,955,9372,0,1,955,9373,California
Fresno,2020-12-31,901,10239,309,7890,592,2349,0,0,900,10272,0,1,900,10273,California
Fresno,2021-01-01,9,10248,3,7893,6,2355,0,0,9,10281,0,1,9,10282,California
Fresno,2021-01-02,1029,11277,715,8608,314,2669,0,0,1029,11310,0,1,1029,11311,California
Fresno,2021-01-03,153,11430,128,8736,25,2694,0,0,153,11463,0,1,153,11464,California
Fresno,2021-01-04,620,12050,376,9112,244,2938,0,0,620,12083,0,1,620,12084,California
Fresno,2021-01-05,782,12832,313,9425,469,3407,0,0,708,12717,74,75,708,12792,California
Fresno,2021-01-06,986,13818,348,9773,638,4045,0,0,810,13351,176,251,810,13602,California
Fresno,2021-01-07,1895,15713,917,10690,978,5023,0,0,1642,14743,253,504,1645,15247,California
Fresno,2021-01-08,1788,17501,613,11303,1175,6198,0,0,1424,15805,362,866,1424,16671,California
Fresno,2021-01-09,634,18135,388,11691,246,6444,0,0,359,15889,275,1141,359,17030,California
Fresno,2021-01-10,518,18653,488,12179,30,6474,0,0,204,15779,314,1455,204,17234,California
Fresno,2021-01-11,2220,20873,1812,13991,408,6882,0,0,1526,16614,694,2149,1529,18763,California
Fresno,2021-01-12,2529,23402,1830,15821,699,7581,0,0,1678,17441,853,3002,1680,20443,California
Fresno,2021-01-13,3556,26958,2436,18257,1120,8701,0,0,2706,19300,850,3852,2709,23152,California
Fresno,2021-01-14,4137,31095,2183,20440,1954,10655,0,0,3666,22496,470,4322,3666,26818,California
Fresno,2021-01-15,3662,34757,2530,22970,1132,11787,0,0,3304,25446,358,4680,3308,30126,California
Fresno,2021-01-16,3152,37909,2309,25279,843,12630,0,0,2687,27670,464,5144,2688,32814,California
Fresno,2021-01-17,976,38885,555,25834,421,13051,0,0,778,28250,198,5342,778,33592,California
Fresno,2021-01-18,3077,41962,2369,28203,708,13759,0,0,2421,30019,654,5996,2423,36015,California
Fresno,2021-01-19,4406,46368,2620,30823,1786,15545,0,0,3692,33001,714,6710,3696,39711,California
Fresno,2021-01-20,3020,49388,1208,32031,1812,17357,0,0,2707,35400,311,7021,2710,42421,California
Fresno,2021-01-21,4395,53783,2033,34064,2362,19719,0,0,4034,39102,338,7359,4040,46461,California
Fresno,2021-01-22,3313,57096,1349,35413,1964,21683,0,0,2922,41651,374,7733,2923,49384,California
Fresno,2021-01-23,3049,60145,1974,37387,1075,22758,0,0,2326,43260,722,8455,2331,51715,California
Fresno,2021-01-24,559,60704,377,37764,182,22940,0,0,353,43409,206,8661,355,52070,California
Fresno,2021-01-25,2425,63129,866,38630,1559,24499,0,0,1873,44733,552,9213,1876,53946,California
Fresno,2021-01-26,2065,65194,586,39216,1479,25978,0,0,1319,45309,744,9957,1320,55266,California
Fresno,2021-01-27,2319,67513,1158,40374,1161,27139,0,0,1755,46504,563,10520,1758,57024,California
Fresno,2021-01-28,4527,72040,3049,43423,1478,28617,0,0,3475,48933,1049,11569,3478,60502,California
Fresno,2021-01-29,1710,73750,983,44406,727,29344,0,0,1410,50048,296,11865,1411,61913,California
Fresno,2021-01-30,1452,75202,550,44956,902,30246,0,0,1035,50666,417,12282,1035,62948,California
Fresno,2021-01-31,228,75430,219,45175,9,30255,0,0,74,50586,154,12436,74,63022,California
Fresno,2021-02-01,3347,78777,1673,46848,1674,31929,0,0,1787,50823,1559,13995,1796,64818,California
Fresno,2021-02-02,2723,81500,552,47400,2171,34100,0,0,1580,51290,1128,15123,1595,66413,California
Fresno,2021-02-03,3556,85056,2101,49501,1455,35555,0,0,1547,50837,2001,17124,1548,67961,California
Fresno,2021-02-04,4198,89254,1897,51398,2301,37856,0,0,1930,50534,2238,19362,1935,69896,California
Fresno,2021-02-05,5345,94599,2730,54128,2615,40471,0,0,2310,49818,3030,22392,2314,72210,California
Fresno,2021-02-06,2939,97538,2048,56176,891,41362,0,0,974,48833,1960,24352,975,73185,California
Fresno,2021-02-07,466,98004,284,56460,182,41544,0,0,272,48912,193,24545,272,73457,California
Fresno,2021-02-08,4278,102282,2291,58751,1987,43531,0,0,1815,48285,2451,26996,1824,75281,California
Fresno,2021-02-09,5342,107624,2090,60841,3252,46783,0,0,3126,49278,2142,29138,3135,78416,California
Fresno,2021-02-10,3893,111517,1233,62074,2660,49443,0,0,1995,49442,1846,30984,2010,80426,California
Fresno,2021-02-11,6459,117976,2095,64169,4364,53807,0,0,3360,49726,3081,34065,3365,83791,California
Fresno,2021-02-12,5399,123375,1383,65552,4016,57823,0,0,2737,49828,2643,36708,2745,86536,California
Fresno,2021-02-13,3756,127131,1561,67113,2195,60018,0,0,2086,50261,1659,38367,2092,88628,California
Fresno,2021-02-14,1563,128694,283,67396,1280,61298,0,0,838,50376,725,39092,840,89468,California
Fresno,2021-02-15,2895,131589,267,67663,2628,63926,0,0,1791,51071,1100,40192,1795,91263,California
Fresno,2021-02-16,6700,138289,2406,70069,4294,68220,0,0,4248,52890,2435,42627,4254,95517,California
Fresno,2021-02-17,5340,143629,2452,72521,2888,71108,0,0,2991,53581,2304,44931,2995,98512,California
Fresno,2021-02-18,6859,150488,2895,75416,3964,75072,0,0,2586,51949,4229,49160,2597,101109,California
Fresno,2021-02-19,3842,154330,1100,76516,2742,77814,0,0,1825,51771,2006,51166,1828,102937,California
Fresno,2021-02-20,4538,158868,2492,79008,2046,79860,0,0,3054,53353,1478,52644,3060,105997,California
Fresno,2021-02-21,191,159059,172,79180,19,79879,0,0,127,53430,50,52694,127,106124,California
Fresno,2021-02-22,2253,161312,1004,80184,1249,81128,0,0,1238,53665,1005,53699,1240,107364,California
Fresno,2021-02-23,4691,166003,2265,82449,2426,83554,0,0,3814,56616,865,54564,3816,111180,California
Fresno,2021-02-24,4212,170215,1503,83952,2709,86263,0,0,3457,59331,743,55307,3458,114638,California
Fresno,2021-02-25,8710,178925,3735,87687,4975,91238,0,0,7220,65133,1426,56733,7228,121866,California
Fresno,2021-02-26,9019,187944,3702,91389,5317,96555,0,0,7701,71546,1294,58027,7707,129573,California
Fresno,2021-02-27,7291,195235,3159,94548,4131,100686,1,1,6579,77432,696,58723,6582,136155,California
Fresno,2021-02-28,1655,196890,535,95083,1120,101806,0,1,1566,78922,77,58800,1567,137722,California
Fresno,2021-03-01,5079,201969,1310,96393,3769,105575,0,1,3677,81214,1389,60189,3681,141403,California
Fresno,2021-03-02,9858,211827,3384,99777,6474,112049,0,1,8474,88351,1360,61549,8497,149900,California
Fresno,2021-03-03,6947,218774,1700,101477,5246,117295,1,2,5933,93398,1001,62550,6048,155948,California
Fresno,2021-03-04,10450,229224,4119,105596,6331,123626,0,2,8711,100406,1711,64261,8719,164667,California
Fresno,2021-03-05,9174,238398,3633,109229,5539,129165,2,4,8012,107466,1029,65290,8089,172756,California
Fresno,2021-03-06,7005,245403,3944,113173,2943,132108,118,122,6013,112616,985,66275,6135,178891,California
Fresno,2021-03-07,1489,246892,681,113854,772,132880,36,158,1259,113685,227,66502,1296,180187,California
Fresno,2021-03-08,5276,252168,2026,115880,3099,135979,151,309,3987,116556,1278,67780,4149,184336,California
Fresno,2021-03-09,8605,260773,3793,119673,4541,140520,271,580,4648,117575,3936,71716,4955,189291,California
Fresno,2021-03-10,6836,267609,2862,122535,3582,144102,392,972,5373,121895,1454,73170,5774,195065,California
Fresno,2021-03-11,11628,279237,4584,127119,6478,150580,566,1538,6317,123569,5285,78455,6959,202024,California
Fresno,2021-03-12,12081,291318,5137,132256,6491,157071,453,1991,9066,130237,2994,81449,9662,211686,California
Fresno,2021-03-13,8360,299678,4058,136314,3269,160340,1033,3024,4042,131088,4297,85746,5148,216834,California
Fresno,2021-03-14,1769,301447,477,136791,1003,161343,289,3313,670,130959,1087,86833,958,217792,California
Fresno,2021-03-15,7134,308581,3180,139971,3781,165124,173,3486,4947,134093,2172,89005,5306,223098,California
Fresno,2021-03-16,10215,318796,4530,144501,5289,170413,396,3882,5423,135247,4760,93765,5914,229012,California
Fresno,2021-03-17,8667,327463,3929,148430,4047,174460,691,4573,5875,139423,2770,96535,6946,235958,California
Fresno,2021-03-18,12459,339922,6733,155163,5092,179552,634,5207,7070,142212,5340,101875,8129,244087,California
Fresno,2021-03-19,11195,351117,5882,161045,4699,184251,614,5821,6952,145859,4214,106089,7861,251948,California
Fresno,2021-03-20,7610,358727,4606,165651,2692,186943,312,6133,3805,146477,3775,109864,4393,256341,California
Fresno,2021-03-21,1777,360504,1204,166855,204,187147,369,6502,958,146990,815,110679,1328,257669,California
Fresno,2021-03-22,5670,366174,2895,169750,2179,189326,596,7098,3842,149816,1812,112491,4638,262307,California
Fresno,2021-03-23,10564,376738,5249,174999,4818,194144,497,7595,5069,150337,5474,117965,5995,268302,California
Fresno,2021-03-24,8872,385610,3837,178836,4203,198347,832,8427,4981,152350,3853,121818,5866,274168,California
Fresno,2021-03-25,12208,397818,5682,184518,5737,204084,789,9216,4766,150592,7395,129213,5637,279805,California
Fresno,2021-03-26,12246,410064,5457,189975,6142,210226,647,9863,4481,148030,7712,136925,5150,284955,California
Fresno,2021-03-27,9614,419678,4333,194308,4192,214418,1089,10952,2940,145426,6637,143562,4033,288988,California
Fresno,2021-03-28,3404,423082,1316,195624,1400,215818,688,11640,1279,145552,2117,145679,2243,291231,California
Fresno,2021-03-29,6001,429083,2008,197632,3442,219260,551,12191,2897,145936,3075,148754,3459,294690,California
Fresno,2021-03-30,10897,439980,4266,201898,5733,224993,898,13089,3847,143659,7022,155776,4745,299435,California
Fresno,2021-03-31,9699,449679,3386,205284,5325,230318,988,14077,3741,142473,5916,161692,4730,304165,California
Fresno,2021-04-01,12003,461682,4203,209487,6935,237253,865,14942,4011,139424,7889,169581,4840,309005,California
Fresno,2021-04-02,11783,473465,4567,214054,6430,243683,786,15728,4185,136981,7440,177021,4997,314002,California
Fresno,2021-04-03,6417,479882,3538,217592,2622,246305,257,15985,2165,135205,4235,181256,2459,316461,California
Fresno,2021-04-04,1491,481373,536,218128,910,247215,45,16030,548,134863,935,182191,593,317054,California
Fresno,2021-04-05,8341,489714,4473,222601,3066,250281,802,16832,2450,132316,5874,188065,3327,320381,California
Fresno,2021-04-06,9601,499315,4023,226624,4393,254674,1185,18017,3544,131053,6018,194083,4755,325136,California
Fresno,2021-04-07,10385,509700,5335,231959,3844,258518,1206,19223,3528,129017,6814,200897,4778,329914,California
Fresno,2021-04-08,10893,520593,5139,237098,4591,263109,1163,20386,3431,126254,7414,208311,4651,334565,California
Fresno,2021-04-09,11182,531775,5332,242430,4464,267573,1386,21772,3601,123746,7536,215847,5028,339593,California
Fresno,2021-04-10,7884,539659,5158,247588,2204,269777,522,22294,3673,123741,4199,220046,4194,343787,California
Fresno,2021-04-11,1387,541046,926,248514,372,270149,89,22383,446,123341,936,220982,536,344323,California
Fresno,2021-04-12,7162,548208,3766,252280,2475,272624,921,23304,2315,121753,4823,225805,3235,347558,California
Fresno,2021-04-13,8911,557119,4242,256522,4599,277223,70,23374,3460,119957,5417,231222,3621,351179,California
Fresno,2021-04-14,9448,566567,5736,262258,3711,280934,1,23375,3719,118035,5688,236910,3766,354945,California
Fresno,2021-04-15,8388,574955,4181,266439,4204,285138,3,23378,3154,115989,5206,242116,3160,358105,California
Fresno,2021-04-16,9375,584330,4629,271068,4744,289882,2,23380,3870,114398,5468,247584,3877,361982,California
Fresno,2021-04-17,5563,589893,3719,274787,1844,291726,0,23380,2643,114143,2900,250484,2645,364627,California
Fresno,2021-04-18,1029,590922,561,275348,468,292194,0,23380,473,114065,551,251035,473,365100,California
Fresno,2021-04-19,5532,596454,3018,278366,2511,294705,3,23383,2255,113085,3240,254275,2260,367360,California
Fresno,2021-04-20,6950,603404,3436,281802,3506,298211,8,23391,2621,111408,4307,258582,2630,369990,California
Fresno,2021-04-21,6384,609788,3529,285331,2847,301058,8,23399,2666,110401,3685,262267,2678,372668,California
Fresno,2021-04-22,6355,616143,3156,288487,3198,304256,1,23400,2313,108731,3987,266254,2317,374985,California
Fresno,2021-04-23,7056,623199,3781,292268,3257,307513,18,23418,2707,107141,4303,270557,2713,377698,California
Fresno,2021-04-24,4157,627356,2479,294747,1678,309191,0,23418,1912,106821,2232,272789,1912,379610,California
Fresno,2021-04-25,1372,628728,557,295304,813,310004,2,23420,689,106833,678,273467,690,380300,California
Fresno,2021-04-26,3935,632663,1974,297278,1917,311921,44,23464,1673,106318,2231,275698,1716,382016,California
Fresno,2021-04-27,4529,637192,2294,299572,2124,314045,111,23575,1792,105503,2718,278416,1903,383919,California
Fresno,2021-04-28,4711,641903,2623,302195,1961,316006,127,23702,1940,104821,2750,281166,2068,385987,California
Fresno,2021-04-29,4727,646630,2644,304839,1950,317956,133,23835,1766,103788,2932,284098,1899,387886,California
Fresno,2021-04-30,5387,652017,3282,308121,1970,319926,135,23970,2137,102841,3218,287316,2271,390157,California
Fresno,2021-05-01,4188,656205,3469,311590,580,320506,139,24109,1224,101255,2947,290263,1361,391518,California
Fresno,2021-05-02,1234,657439,770,312360,413,320919,51,24160,601,101285,621,290884,651,392169,California
Fresno,2021-05-03,4001,661440,2695,315055,1120,322039,186,24346,1288,100068,2687,293571,1470,393639,California
Fresno,2021-05-04,4825,666265,2501,317556,2172,324211,152,24498,1552,98526,3248,296819,1706,395345,California
Fresno,2021-05-05,4917,671182,2988,320544,1703,325914,226,24724,1542,96942,3349,300168,1765,397110,California
Fresno,2021-05-06,4111,675293,2528,323072,1478,327392,105,24829,1396,95755,2688,302856,1501,398611,California
Fresno,2021-05-07,4996,680289,3283,326355,1548,328940,165,24994,1553,94048,3422,306278,1715,400326,California
Fresno,2021-05-08,3884,684173,2484,328839,1253,330193,147,25141,1171,92673,2694,308972,1319,401645,California
Fresno,2021-05-09,680,684853,350,329189,287,330480,43,25184,338,92717,336,309308,380,402025,California
Fresno,2021-05-10,2948,687801,1580,330769,1227,331707,141,25325,920,91757,2021,311329,1061,403086,California
Fresno,2021-05-11,3608,691409,1842,332611,1676,333383,90,25415,1155,90561,2442,313771,1246,404332,California
Fresno,2021-05-12,3718,695127,2354,334965,1217,334600,147,25562,1343,89700,2352,316123,1491,405823,California
Fresno,2021-05-13,3605,698732,1953,336918,1545,336145,107,25669,1591,89422,1976,318099,1698,407521,California
Fresno,2021-05-14,5030,703762,3030,339948,1812,337957,188,25857,2142,88895,2857,320956,2330,409851,California
Fresno,2021-05-15,3571,707333,2669,342617,773,338730,129,25986,1818,89097,1744,322700,1946,411797,California
Fresno,2021-05-16,1430,708763,938,343555,458,339188,34,26020,797,89300,628,323328,831,412628,California
Fresno,2021-05-17,4099,712862,2755,346310,1182,340370,162,26182,2279,89951,1793,325121,2444,415072,California
Fresno,2021-05-18,4078,716940,2515,348825,1415,341785,148,26330,2134,90310,1921,327042,2280,417352,California
Fresno,2021-05-19,4187,721127,2631,351456,1401,343186,155,26485,2085,90469,2080,329122,2239,419591,California
Fresno,2021-05-20,3487,724614,2008,353464,1296,344482,183,26668,1608,90399,1860,330982,1790,421381,California
Fresno,2021-05-21,3802,728416,2453,355917,1254,345736,95,26763,1700,90116,2077,333059,1794,423175,California
Fresno,2021-05-22,3255,731671,2444,358361,644,346380,167,26930,1909,90858,1333,334392,2075,425250,California
Fresno,2021-05-23,539,732210,352,358713,157,346537,30,26960,298,90952,232,334624,326,425576,California
Fresno,2021-05-24,3162,735372,1987,360700,1058,347595,117,27077,1482,90896,1655,336279,1599,427175,California
Fresno,2021-05-25,3022,738394,1767,362467,1135,348730,120,27197,1359,90725,1651,337930,1480,428655,California
Fresno,2021-05-26,3203,741597,2121,364588,975,349705,107,27304,1636,90921,1544,339474,1740,430395,California
Fresno,2021-05-27,3050,744647,1868,366456,1086,350791,96,27400,1398,90782,1633,341107,1494,431889,California
Fresno,2021-05-28,3242,747889,2109,368565,1051,351842,82,27482,1771,91188,1448,342555,1854,433743,California
Fresno,2021-05-29,1136,749025,898,369463,187,352029,51,27533,493,91093,638,343193,543,434286,California
Glenn,2020-12-17,1,1,1,1,0,0,0,0,1,1,0,0,1,1,California
Glenn,2020-12-19,1,2,1,2,0,0,0,0,1,2,0,0,1,2,California
Glenn,2020-12-20,1,3,1,3,0,0,0,0,1,3,0,0,1,3,California
Glenn,2020-12-21,11,14,11,14,0,0,0,0,11,14,0,0,11,14,California
Glenn,2020-12-22,59,73,59,73,0,0,0,0,59,73,0,0,59,73,California
Glenn,2020-12-23,28,101,28,101,0,0,0,0,28,101,0,0,28,101,California
Glenn,2020-12-24,9,110,9,110,0,0,0,0,9,110,0,0,9,110,California
Glenn,2020-12-26,2,112,2,112,0,0,0,0,2,112,0,0,2,112,California
Glenn,2020-12-27,4,116,4,116,0,0,0,0,4,116,0,0,4,116,California
Glenn,2020-12-28,21,137,21,137,0,0,0,0,21,137,0,0,21,137,California
Glenn,2020-12-29,82,219,82,219,0,0,0,0,82,219,0,0,82,219,California
Glenn,2020-12-30,129,348,106,325,23,23,0,0,129,348,0,0,129,348,California
Glenn,2020-12-31,38,386,9,334,29,52,0,0,38,386,0,0,38,386,California
Glenn,2021-01-02,2,388,2,336,0,52,0,0,2,388,0,0,2,388,California
Glenn,2021-01-04,7,395,5,341,2,54,0,0,7,395,0,0,7,395,California
Glenn,2021-01-05,9,404,8,349,1,55,0,0,9,404,0,0,9,404,California
Glenn,2021-01-06,60,464,8,357,52,107,0,0,60,464,0,0,60,464,California
Glenn,2021-01-07,67,531,12,369,55,162,0,0,65,527,2,2,65,529,California
Glenn,2021-01-08,12,543,9,378,3,165,0,0,12,539,0,2,12,541,California
Glenn,2021-01-10,1,544,1,379,0,165,0,0,0,538,1,3,0,541,California
Glenn,2021-01-11,30,574,30,409,0,165,0,0,12,532,18,21,12,553,California
Glenn,2021-01-12,42,616,37,446,5,170,0,0,14,518,28,49,14,567,California
Glenn,2021-01-13,221,837,156,602,65,235,0,0,177,651,44,93,177,744,California
Glenn,2021-01-14,117,954,28,630,89,324,0,0,107,748,10,103,107,851,California
Glenn,2021-01-15,42,996,35,665,7,331,0,0,37,780,5,108,37,888,California
Glenn,2021-01-16,33,1029,14,679,19,350,0,0,23,793,10,118,23,911,California
Glenn,2021-01-17,4,1033,2,681,2,352,0,0,2,793,2,120,2,913,California
Glenn,2021-01-18,17,1050,16,697,1,353,0,0,9,794,8,128,9,922,California
Glenn,2021-01-19,30,1080,20,717,10,363,0,0,13,790,17,145,13,935,California
Glenn,2021-01-20,163,1243,94,811,69,432,0,0,82,791,81,226,82,1017,California
Glenn,2021-01-21,124,1367,98,909,26,458,0,0,30,727,94,320,30,1047,California
Glenn,2021-01-22,338,1705,64,973,274,732,0,0,331,1051,7,327,331,1378,California
Glenn,2021-01-23,14,1719,7,980,7,739,0,0,12,1061,2,329,12,1390,California
Glenn,2021-01-24,2,1721,2,982,0,739,0,0,2,1063,0,329,2,1392,California
Glenn,2021-01-25,27,1748,9,991,18,757,0,0,24,1084,3,332,24,1416,California
Glenn,2021-01-26,29,1777,13,1004,16,773,0,0,23,1101,6,338,23,1439,California
Glenn,2021-01-27,188,1965,13,1017,175,948,0,0,166,1245,22,360,166,1605,California
Glenn,2021-01-28,146,2111,8,1025,138,1086,0,0,116,1331,30,390,116,1721,California
Glenn,2021-01-29,296,2407,12,1037,284,1370,0,0,282,1599,14,404,282,2003,California
Glenn,2021-01-30,4,2411,0,1037,4,1374,0,0,4,1603,0,404,4,2007,California
Glenn,2021-01-31,1,2412,0,1037,1,1375,0,0,1,1604,0,404,1,2008,California
Glenn,2021-02-01,28,2440,10,1047,18,1393,0,0,16,1608,12,416,16,2024,California
Glenn,2021-02-02,28,2468,13,1060,15,1408,0,0,19,1618,9,425,19,2043,California
Glenn,2021-02-03,274,2742,125,1185,149,1557,0,0,129,1603,145,570,130,2173,California
Glenn,2021-02-04,82,2824,16,1201,66,1623,0,0,27,1575,55,625,27,2200,California
Glenn,2021-02-05,320,3144,25,1226,295,1918,0,0,299,1853,21,646,299,2499,California
Glenn,2021-02-06,14,3158,2,1228,12,1930,0,0,13,1865,1,647,13,2512,California
Glenn,2021-02-07,2,3160,2,1230,0,1930,0,0,2,1867,0,647,2,2514,California
Glenn,2021-02-08,21,3181,17,1247,4,1934,0,0,4,1854,17,664,4,2518,California
Glenn,2021-02-09,49,3230,20,1267,29,1963,0,0,36,1877,13,677,36,2554,California
Glenn,2021-02-10,138,3368,19,1286,119,2082,0,0,65,1869,73,750,65,2619,California
Glenn,2021-02-11,233,3601,133,1419,100,2182,0,0,151,1937,83,833,151,2770,California
Glenn,2021-02-12,420,4021,99,1518,321,2503,0,0,355,2227,65,898,355,3125,California
Glenn,2021-02-13,34,4055,7,1525,27,2530,0,0,16,2225,18,916,16,3141,California
Glenn,2021-02-14,1,4056,0,1525,1,2531,0,0,1,2226,0,916,1,3142,California
Glenn,2021-02-15,8,4064,0,1525,8,2539,0,0,8,2234,0,916,8,3150,California
Glenn,2021-02-16,39,4103,9,1534,30,2569,0,0,21,2237,18,934,21,3171,California
Glenn,2021-02-17,380,4483,14,1548,366,2935,0,0,302,2461,78,1012,302,3473,California
Glenn,2021-02-18,134,4617,99,1647,35,2970,0,0,110,2547,24,1036,110,3583,California
Glenn,2021-02-19,303,4920,17,1664,286,3256,0,0,29,2302,274,1310,29,3612,California
Glenn,2021-02-20,8,4928,0,1664,8,3264,0,0,0,2294,8,1318,0,3612,California
Glenn,2021-02-21,1,4929,1,1665,0,3264,0,0,1,2295,0,1318,1,3613,California
Glenn,2021-02-22,33,4962,14,1679,19,3283,0,0,17,2296,16,1334,17,3630,California
Glenn,2021-02-23,40,5002,10,1689,30,3313,0,0,28,2312,12,1346,28,3658,California
Glenn,2021-02-24,243,5245,37,1726,206,3519,0,0,47,2163,196,1542,47,3705,California
Glenn,2021-02-25,234,5479,120,1846,114,3633,0,0,118,2165,116,1658,118,3823,California
Glenn,2021-02-26,304,5783,24,1870,280,3913,0,0,20,1902,283,1941,20,3843,California
Glenn,2021-02-27,15,5798,5,1875,10,3923,0,0,5,1898,9,1950,5,3848,California
Glenn,2021-02-28,6,5804,3,1878,3,3926,0,0,3,1899,2,1952,3,3851,California
Glenn,2021-03-01,28,5832,6,1884,22,3948,0,0,12,1895,16,1968,12,3863,California
Glenn,2021-03-02,35,5867,7,1891,28,3976,0,0,17,1894,18,1986,17,3880,California
Glenn,2021-03-03,192,6059,37,1928,155,4131,0,0,101,1906,89,2075,101,3981,California
Glenn,2021-03-04,521,6580,175,2103,346,4477,0,0,375,2135,146,2221,375,4356,California
Glenn,2021-03-05,357,6937,49,2152,308,4785,0,0,35,1848,322,2543,35,4391,California
Glenn,2021-03-06,26,6963,3,2155,22,4807,1,1,9,1841,17,2560,10,4401,California
Glenn,2021-03-07,5,6968,0,2155,5,4812,0,1,3,1843,1,2561,3,4404,California
Glenn,2021-03-08,20,6988,2,2157,17,4829,1,2,18,1860,2,2563,19,4423,California
Glenn,2021-03-09,82,7070,11,2168,68,4897,3,5,54,1888,28,2591,56,4479,California
Glenn,2021-03-10,172,7242,69,2237,101,4998,2,7,95,1908,77,2668,97,4576,California
Glenn,2021-03-11,583,7825,169,2406,391,5389,23,30,454,2256,129,2797,477,5053,California
Glenn,2021-03-12,418,8243,14,2420,342,5731,62,92,41,1982,377,3174,103,5156,California
Glenn,2021-03-13,12,8255,1,2421,3,5734,8,100,1,1980,11,3185,9,5165,California
Glenn,2021-03-14,3,8258,1,2422,2,5736,0,100,1,1979,2,3187,1,5166,California
Glenn,2021-03-15,76,8334,15,2437,56,5792,5,105,61,2030,15,3202,66,5232,California
Glenn,2021-03-16,110,8444,34,2471,65,5857,11,116,69,2069,41,3243,80,5312,California
Glenn,2021-03-17,417,8861,97,2568,313,6170,7,123,116,1889,301,3544,121,5433,California
Glenn,2021-03-18,521,9382,215,2783,50,6220,256,379,145,1913,376,3920,400,5833,California
Glenn,2021-03-19,96,9478,16,2799,74,6294,6,385,75,1974,20,3940,81,5914,California
Glenn,2021-03-20,132,9610,2,2801,129,6423,1,386,130,2103,2,3942,131,6045,California
Glenn,2021-03-21,6,9616,5,2806,0,6423,1,387,3,2105,2,3944,4,6049,California
Glenn,2021-03-22,123,9739,54,2860,61,6484,8,395,103,2198,18,3962,111,6160,California
Glenn,2021-03-23,176,9915,66,2926,59,6543,51,446,103,2280,72,4034,154,6314,California
Glenn,2021-03-24,208,10123,100,3026,103,6646,5,451,136,2350,71,4105,141,6455,California
Glenn,2021-03-25,470,10593,229,3255,147,6793,94,545,342,2659,127,4232,436,6891,California
Glenn,2021-03-26,237,10830,37,3292,164,6957,36,581,186,2830,51,4283,222,7113,California
Glenn,2021-03-27,166,10996,22,3314,138,7095,6,587,155,2980,11,4294,161,7274,California
Glenn,2021-03-28,15,11011,10,3324,5,7100,0,587,10,2985,5,4299,10,7284,California
Glenn,2021-03-29,61,11072,20,3344,38,7138,3,590,47,3021,14,4313,50,7334,California
Glenn,2021-03-30,75,11147,43,3387,31,7169,1,591,43,3035,30,4343,44,7378,California
Glenn,2021-03-31,125,11272,35,3422,89,7258,1,592,54,3020,70,4413,55,7433,California
Glenn,2021-04-01,656,11928,189,3611,458,7716,9,601,244,2863,410,4823,253,7686,California
Glenn,2021-04-02,169,12097,26,3637,131,7847,12,613,133,2972,36,4859,145,7831,California
Glenn,2021-04-03,95,12192,4,3641,84,7931,7,620,84,3052,11,4870,91,7922,California
Glenn,2021-04-04,9,12201,3,3644,4,7935,2,622,5,3055,4,4874,7,7929,California
Glenn,2021-04-05,65,12266,25,3669,27,7962,13,635,28,3059,37,4911,41,7970,California
Glenn,2021-04-06,144,12410,52,3721,53,8015,39,674,37,3028,106,5017,75,8045,California
Glenn,2021-04-07,160,12570,46,3767,60,8075,54,728,74,3070,86,5103,128,8173,California
Glenn,2021-04-08,641,13211,189,3956,418,8493,34,762,139,2743,500,5603,173,8346,California
Glenn,2021-04-09,158,13369,57,4013,85,8578,16,778,101,2804,57,5660,118,8464,California
Glenn,2021-04-10,74,13443,1,4014,61,8639,12,790,59,2861,14,5674,71,8535,California
Glenn,2021-04-11,17,13460,8,4022,4,8643,5,795,7,2863,10,5684,12,8547,California
Glenn,2021-04-12,114,13574,25,4047,60,8703,29,824,19,2816,95,5779,48,8595,California
Glenn,2021-04-13,118,13692,63,4110,55,8758,0,824,29,2757,88,5867,29,8624,California
Glenn,2021-04-14,123,13815,47,4157,76,8834,0,824,68,2770,55,5922,68,8692,California
Glenn,2021-04-15,362,14177,275,4432,87,8921,0,824,124,2656,238,6160,124,8816,California
Glenn,2021-04-16,166,14343,42,4474,124,9045,0,824,77,2644,89,6249,77,8893,California
Glenn,2021-04-17,165,14508,18,4492,147,9192,0,824,26,2538,132,6381,26,8919,California
Glenn,2021-04-18,16,14524,3,4495,13,9205,0,824,13,2548,3,6384,13,8932,California
Glenn,2021-04-19,83,14607,17,4512,66,9271,0,824,22,2510,60,6444,22,8954,California
Glenn,2021-04-20,126,14733,82,4594,44,9315,0,824,53,2490,73,6517,53,9007,California
Glenn,2021-04-21,412,15145,309,4903,103,9418,0,824,280,2638,132,6649,280,9287,California
Glenn,2021-04-22,208,15353,48,4951,160,9578,0,824,33,2497,174,6823,33,9320,California
Glenn,2021-04-23,178,15531,24,4975,154,9732,0,824,40,2401,136,6959,40,9360,California
Glenn,2021-04-24,179,15710,32,5007,147,9879,0,824,30,2282,149,7108,30,9390,California
Glenn,2021-04-25,30,15740,18,5025,12,9891,0,824,22,2296,8,7116,22,9412,California
Glenn,2021-04-26,46,15786,11,5036,35,9926,0,824,18,2286,28,7144,18,9430,California
Glenn,2021-04-27,59,15845,46,5082,8,9934,5,829,30,2291,29,7173,34,9464,California
Glenn,2021-04-28,260,16105,182,5264,67,10001,11,840,127,2300,129,7302,138,9602,California
Glenn,2021-04-29,181,16286,22,5286,157,10158,2,842,35,2191,146,7448,37,9639,California
Glenn,2021-04-30,156,16442,35,5321,119,10277,2,844,38,2113,118,7566,40,9679,California
Glenn,2021-05-01,108,16550,13,5334,94,10371,1,845,26,2058,82,7648,27,9706,California
Glenn,2021-05-02,30,16580,12,5346,9,10380,9,854,15,2067,15,7663,24,9730,California
Glenn,2021-05-03,36,16616,23,5369,12,10392,1,855,14,2060,22,7685,15,9745,California
Glenn,2021-05-04,57,16673,33,5402,19,10411,5,860,28,2064,29,7714,33,9778,California
Glenn,2021-05-05,122,16795,35,5437,77,10488,10,870,51,2054,71,7785,61,9839,California
Glenn,2021-05-06,106,16901,41,5478,60,10548,5,875,40,2033,66,7851,45,9884,California
Glenn,2021-05-07,120,17021,33,5511,78,10626,9,884,31,1985,88,7939,40,9924,California
Glenn,2021-05-08,66,17087,12,5523,50,10676,4,888,21,1966,44,7983,25,9949,California
Glenn,2021-05-09,17,17104,11,5534,6,10682,0,888,13,1975,4,7987,13,9962,California
Glenn,2021-05-10,37,17141,15,5549,17,10699,5,893,15,1973,22,8009,20,9982,California
Glenn,2021-05-11,76,17217,53,5602,14,10713,9,902,16,1938,60,8069,25,10007,California
Glenn,2021-05-12,327,17544,246,5848,67,10780,14,916,45,1715,282,8351,59,10066,California
Glenn,2021-05-13,151,17695,56,5904,77,10857,18,934,65,1712,86,8437,83,10149,California
Glenn,2021-05-14,106,17801,25,5929,76,10933,5,939,42,1695,64,8501,47,10196,California
Glenn,2021-05-15,68,17869,40,5969,25,10958,3,942,35,1700,32,8533,37,10233,California
Glenn,2021-05-16,30,17899,18,5987,12,10970,0,942,9,1688,21,8554,9,10242,California
Glenn,2021-05-17,78,17977,53,6040,21,10991,4,946,53,1720,25,8579,57,10299,California
Glenn,2021-05-18,65,18042,47,6087,13,11004,5,951,21,1702,44,8623,26,10325,California
Glenn,2021-05-19,193,18235,112,6199,69,11073,12,963,71,1663,121,8744,82,10407,California
Glenn,2021-05-20,111,18346,70,6269,39,11112,2,965,79,1712,32,8776,81,10488,California
Glenn,2021-05-21,66,18412,23,6292,43,11155,0,965,29,1704,37,8813,29,10517,California
Glenn,2021-05-22,48,18460,17,6309,31,11186,0,965,23,1702,25,8838,23,10540,California
Glenn,2021-05-23,25,18485,14,6323,11,11197,0,965,11,1700,13,8851,11,10551,California
Glenn,2021-05-24,34,18519,12,6335,17,11214,5,970,13,1698,20,8871,18,10569,California
Glenn,2021-05-25,48,18567,37,6372,9,11223,2,972,25,1702,23,8894,27,10596,California
Glenn,2021-05-26,75,18642,14,6386,57,11280,4,976,26,1683,49,8943,30,10626,California
Glenn,2021-05-27,97,18739,62,6448,34,11314,1,977,44,1677,51,8994,45,10671,California
Glenn,2021-05-28,59,18798,19,6467,34,11348,6,983,30,1685,28,9022,36,10707,California
Glenn,2021-05-29,35,18833,1,6468,31,11379,3,986,14,1681,21,9043,17,10724,California
Humboldt,2020-12-15,2,2,2,2,0,0,0,0,2,2,0,0,2,2,California
Humboldt,2020-12-16,16,18,16,18,0,0,0,0,16,18,0,0,16,18,California
Humboldt,2020-12-17,117,135,117,135,0,0,0,0,117,135,0,0,117,135,California
Humboldt,2020-12-18,177,312,177,312,0,0,0,0,177,312,0,0,177,312,California
Humboldt,2020-12-19,10,322,10,322,0,0,0,0,10,322,0,0,10,322,California
Humboldt,2020-12-20,28,350,28,350,0,0,0,0,28,350,0,0,28,350,California
Humboldt,2020-12-21,166,516,166,516,0,0,0,0,166,516,0,0,166,516,California
Humboldt,2020-12-22,297,813,297,813,0,0,0,0,297,813,0,0,297,813,California
Humboldt,2020-12-23,311,1124,263,1076,48,48,0,0,313,1126,0,0,313,1126,California
Humboldt,2020-12-24,25,1149,2,1078,23,71,0,0,25,1151,0,0,25,1151,California
Humboldt,2020-12-25,2,1151,2,1080,0,71,0,0,2,1153,0,0,2,1153,California
Humboldt,2020-12-26,6,1157,5,1085,1,72,0,0,6,1159,0,0,6,1159,California
Humboldt,2020-12-28,160,1317,148,1233,12,84,0,0,160,1319,0,0,160,1319,California
Humboldt,2020-12-29,171,1488,123,1356,48,132,0,0,171,1490,0,0,171,1490,California
Humboldt,2020-12-30,226,1714,124,1480,102,234,0,0,226,1716,0,0,226,1716,California
Humboldt,2020-12-31,241,1955,79,1559,162,396,0,0,241,1957,0,0,241,1957,California
Humboldt,2021-01-01,2,1957,1,1560,1,397,0,0,2,1959,0,0,2,1959,California
Humboldt,2021-01-02,38,1995,1,1561,37,434,0,0,38,1997,0,0,38,1997,California
Humboldt,2021-01-04,218,2213,142,1703,76,510,0,0,220,2217,0,0,220,2217,California
Humboldt,2021-01-05,130,2343,18,1721,112,622,0,0,130,2346,1,1,130,2347,California
Humboldt,2021-01-06,304,2647,205,1926,99,721,0,0,231,2516,61,62,231,2578,California
Humboldt,2021-01-07,423,3070,311,2237,112,833,0,0,309,2726,99,161,309,2887,California
Humboldt,2021-01-08,420,3490,281,2518,139,972,0,0,283,2878,131,292,283,3170,California
Humboldt,2021-01-09,69,3559,45,2563,24,996,0,0,66,2942,3,295,67,3237,California
Humboldt,2021-01-10,84,3643,84,2647,0,996,0,0,4,2866,80,375,4,3241,California
Humboldt,2021-01-11,289,3932,278,2925,11,1007,0,0,72,2725,213,588,72,3313,California
Humboldt,2021-01-12,483,4415,320,3245,163,1170,0,0,299,2862,162,750,299,3612,California
Humboldt,2021-01-13,493,4908,278,3523,215,1385,0,0,315,3003,175,925,316,3928,California
Humboldt,2021-01-14,525,5433,166,3689,359,1744,0,0,469,3417,56,981,470,4398,California
Humboldt,2021-01-15,375,5808,39,3728,336,2080,0,0,358,3758,17,998,358,4756,California
Humboldt,2021-01-16,170,5978,6,3734,164,2244,0,0,169,3926,1,999,169,4925,California
Humboldt,2021-01-17,6,5984,4,3738,2,2246,0,0,6,3932,0,999,6,4931,California
Humboldt,2021-01-18,295,6279,260,3998,35,2281,0,0,145,3927,150,1149,145,5076,California
Humboldt,2021-01-19,634,6913,390,4388,244,2525,0,0,507,4313,121,1270,507,5583,California
Humboldt,2021-01-20,899,7812,387,4775,512,3037,0,0,750,4924,141,1411,752,6335,California
Humboldt,2021-01-21,959,8771,261,5036,698,3735,0,0,917,5799,42,1453,917,7252,California
Humboldt,2021-01-22,676,9447,376,5412,300,4035,0,0,667,6458,9,1462,668,7920,California
Humboldt,2021-01-23,827,10274,273,5685,554,4589,0,0,818,7268,9,1471,819,8739,California
Humboldt,2021-01-24,229,10503,1,5686,228,4817,0,0,228,7495,1,1472,228,8967,California
Humboldt,2021-01-25,305,10808,233,5919,72,4889,0,0,149,7488,156,1628,149,9116,California
Humboldt,2021-01-26,527,11335,142,6061,385,5274,0,0,476,7913,51,1679,476,9592,California
Humboldt,2021-01-27,1260,12595,587,6648,673,5947,0,0,1193,9048,60,1739,1195,10787,California
Humboldt,2021-01-28,1457,14052,634,7282,823,6770,0,0,1320,10236,134,1873,1322,12109,California
Humboldt,2021-01-29,1148,15200,547,7829,601,7371,0,0,705,10499,443,2316,706,12815,California
Humboldt,2021-01-30,974,16174,456,8285,518,7889,0,0,961,11448,13,2329,962,13777,California
Humboldt,2021-01-31,315,16489,313,8598,2,7891,0,0,314,11761,1,2330,314,14091,California
Humboldt,2021-02-01,334,16823,192,8790,142,8033,0,0,187,11802,146,2476,187,14278,California
Humboldt,2021-02-02,445,17268,74,8864,371,8404,0,0,340,12042,102,2578,342,14620,California
Humboldt,2021-02-03,664,17932,258,9122,406,8810,0,0,512,12402,152,2730,512,15132,California
Humboldt,2021-02-04,639,18571,263,9385,376,9186,0,0,441,12648,195,2925,441,15573,California
Humboldt,2021-02-05,812,19383,94,9479,718,9904,0,0,625,13086,187,3112,625,16198,California
Humboldt,2021-02-06,1058,20441,447,9926,611,10515,0,0,1015,14060,42,3154,1016,17214,California
Humboldt,2021-02-07,379,20820,9,9935,370,10885,0,0,374,14431,4,3158,375,17589,California
Humboldt,2021-02-08,325,21145,142,10077,183,11068,0,0,184,14475,140,3298,184,17773,California
Humboldt,2021-02-09,494,21639,220,10297,274,11342,0,0,179,14339,315,3613,179,17952,California
Humboldt,2021-02-10,563,22202,370,10667,193,11535,0,0,233,14247,325,3938,233,18185,California
Humboldt,2021-02-11,1300,23502,396,11063,904,12439,0,0,502,13955,795,4733,503,18688,California
Humboldt,2021-02-12,1148,24650,737,11800,411,12850,0,0,707,14221,441,5174,707,19395,California
Humboldt,2021-02-13,1506,26156,557,12357,949,13799,0,0,915,14547,589,5763,915,20310,California
Humboldt,2021-02-14,112,26268,5,12362,107,13906,0,0,109,14654,2,5765,109,20419,California
Humboldt,2021-02-15,293,26561,78,12440,215,14121,0,0,196,14754,96,5861,196,20615,California
Humboldt,2021-02-16,535,27096,119,12559,416,14537,0,0,254,14728,281,6142,255,20870,California
Humboldt,2021-02-17,450,27546,278,12837,172,14709,0,0,134,14547,315,6457,134,21004,California
Humboldt,2021-02-18,971,28517,596,13433,375,15084,0,0,230,14038,739,7196,230,21234,California
Humboldt,2021-02-19,476,28993,434,13867,42,15126,0,0,89,13743,384,7580,89,21323,California
Humboldt,2021-02-20,1612,30605,988,14855,624,15750,0,0,475,13087,1134,8714,478,21801,California
Humboldt,2021-02-21,479,31084,471,15326,8,15758,0,0,182,12973,297,9011,183,21984,California
Humboldt,2021-02-22,129,31213,92,15418,37,15795,0,0,29,12904,98,9109,29,22013,California
Humboldt,2021-02-23,176,31389,71,15489,105,15900,0,0,41,12812,133,9242,41,22054,California
Humboldt,2021-02-24,1166,32555,706,16195,460,16360,0,0,587,12821,578,9820,587,22641,California
Humboldt,2021-02-25,834,33389,318,16513,516,16876,0,0,230,12449,602,10422,230,22871,California
Humboldt,2021-02-26,2147,35536,106,16619,2041,18917,0,0,448,11205,1693,12115,449,23320,California
Humboldt,2021-02-27,1696,37232,1078,17697,618,19535,0,0,870,11255,824,12939,874,24194,California
Humboldt,2021-02-28,122,37354,10,17707,112,19647,0,0,116,11365,6,12945,116,24310,California
Humboldt,2021-03-01,259,37613,47,17754,212,19859,0,0,184,11474,75,13020,184,24494,California
Humboldt,2021-03-02,293,37906,50,17804,243,20102,0,0,162,11505,131,13151,162,24656,California
Humboldt,2021-03-03,1664,39570,1100,18904,564,20666,0,0,1221,12290,437,13588,1222,25878,California
Humboldt,2021-03-04,904,40474,112,19016,792,21458,0,0,284,11956,620,14208,286,26164,California
Humboldt,2021-03-05,949,41423,188,19204,750,22208,11,11,392,11806,553,14761,403,26567,California
Humboldt,2021-03-06,1700,43123,842,20046,809,23017,49,60,715,11586,984,15745,764,27331,California
Humboldt,2021-03-07,365,43488,296,20342,51,23068,18,78,157,11553,208,15953,175,27506,California
Humboldt,2021-03-08,277,43765,7,20349,192,23260,78,156,183,11720,94,16047,261,27767,California
Humboldt,2021-03-09,493,44258,211,20560,134,23394,148,304,240,11856,251,16298,387,28154,California
Humboldt,2021-03-10,690,44948,466,21026,70,23464,154,458,421,12161,268,16566,573,28727,California
Humboldt,2021-03-11,1465,46413,461,21487,904,24368,100,558,642,12084,818,17384,741,29468,California
Humboldt,2021-03-12,1748,48161,1084,22571,442,24810,222,780,1055,12680,685,18069,1281,30749,California
Humboldt,2021-03-13,1572,49733,1024,23595,496,25306,52,832,676,12518,890,18959,728,31477,California
Humboldt,2021-03-14,143,49876,19,23614,115,25421,9,841,29,12442,114,19073,38,31515,California
Humboldt,2021-03-15,278,50154,51,23665,206,25627,21,862,59,12303,219,19292,80,31595,California
Humboldt,2021-03-16,638,50792,201,23866,176,25803,261,1123,262,12449,375,19667,521,32116,California
Humboldt,2021-03-17,732,51524,396,24262,228,26031,108,1231,340,12506,391,20058,448,32564,California
Humboldt,2021-03-18,1735,53259,1165,25427,527,26558,43,1274,1039,12897,691,20749,1082,33646,California
Humboldt,2021-03-19,1075,54334,60,25487,701,27259,314,1588,440,13018,632,21381,753,34399,California
Humboldt,2021-03-20,1379,55713,753,26240,612,27871,14,1602,425,12506,952,22333,440,34839,California
Humboldt,2021-03-21,249,55962,32,26272,188,28059,29,1631,204,12693,45,22378,232,35071,California
Humboldt,2021-03-22,119,56081,16,26288,53,28112,50,1681,62,12750,55,22433,112,35183,California
Humboldt,2021-03-23,412,56493,42,26330,327,28439,43,1724,319,13021,91,22524,362,35545,California
Humboldt,2021-03-24,1415,57908,389,26719,978,29417,48,1772,1038,13737,369,22893,1085,36630,California
Humboldt,2021-03-25,1836,59744,1210,27929,564,29981,62,1834,947,13859,887,23780,1009,37639,California
Humboldt,2021-03-26,2041,61785,437,28366,1547,31528,57,1891,1594,15068,441,24221,1650,39289,California
Humboldt,2021-03-27,2023,63808,1447,29813,405,31933,171,2062,1148,15517,871,25092,1320,40609,California
Humboldt,2021-03-28,266,64074,81,29894,114,32047,71,2133,85,15493,181,25273,157,40766,California
Humboldt,2021-03-29,472,64546,127,30021,249,32296,96,2229,202,15521,269,25542,297,41063,California
Humboldt,2021-03-30,942,65488,304,30325,524,32820,114,2343,561,15819,376,25918,674,41737,California
Humboldt,2021-03-31,1865,67353,521,30846,1248,34068,96,2439,1411,16877,451,26369,1509,43246,California
Humboldt,2021-04-01,2110,69463,705,31551,1311,35379,94,2533,1479,17827,624,26993,1574,44820,California
Humboldt,2021-04-02,1726,71189,1111,32662,510,35889,105,2638,622,17455,1099,28092,727,45547,California
Humboldt,2021-04-03,1668,72857,1508,34170,145,36034,15,2653,672,17156,986,29078,687,46234,California
Humboldt,2021-04-04,484,73341,371,34541,104,36138,9,2662,405,17492,79,29157,415,46649,California
Humboldt,2021-04-05,775,74116,461,35002,266,36404,48,2710,441,17649,332,29489,489,47138,California
Humboldt,2021-04-06,843,74959,319,35321,390,36794,134,2844,588,18122,249,29738,722,47860,California
Humboldt,2021-04-07,1492,76451,1061,36382,291,37085,140,2984,988,18748,502,30240,1128,48988,California
Humboldt,2021-04-08,1742,78193,1091,37473,493,37578,158,3142,739,18647,1001,31241,900,49888,California
Humboldt,2021-04-09,1440,79633,438,37911,847,38425,155,3297,1152,19659,288,31529,1300,51188,California
Humboldt,2021-04-10,935,80568,138,38049,621,39046,176,3473,734,20368,199,31728,908,52096,California
Humboldt,2021-04-11,640,81208,138,38187,35,39081,467,3940,127,20449,513,32241,594,52690,California
Humboldt,2021-04-12,432,81640,224,38411,83,39164,125,4065,274,20690,158,32399,399,53089,California
Humboldt,2021-04-13,584,82224,321,38732,260,39424,3,4068,550,21211,31,32430,552,53641,California
Humboldt,2021-04-14,1428,83652,1032,39764,396,39820,0,4068,1315,22415,111,32541,1315,54956,California
Humboldt,2021-04-15,1817,85469,1196,40960,617,40437,4,4072,1249,23116,550,33091,1251,56207,California
Humboldt,2021-04-16,1124,86593,520,41480,604,41041,0,4072,538,23072,582,33673,538,56745,California
Humboldt,2021-04-17,1602,88195,1279,42759,323,41364,0,4072,1009,23494,587,34260,1009,57754,California
Humboldt,2021-04-18,657,88852,344,43103,312,41676,1,4073,94,23031,557,34817,94,57848,California
Humboldt,2021-04-19,198,89050,84,43187,114,41790,0,4073,83,23001,113,34930,83,57931,California
Humboldt,2021-04-20,477,89527,129,43316,348,42138,0,4073,231,22987,245,35175,231,58162,California
Humboldt,2021-04-21,1090,90617,380,43696,710,42848,0,4073,429,22766,651,35826,430,58592,California
Humboldt,2021-04-22,877,91494,524,44220,351,43199,2,4075,442,22775,433,36259,442,59034,California
Humboldt,2021-04-23,2157,93651,304,44524,1853,45052,0,4075,312,21246,1841,38100,312,59346,California
Humboldt,2021-04-24,1085,94736,880,45404,200,45252,5,4080,362,20892,721,38821,367,59713,California
Humboldt,2021-04-25,374,95110,239,45643,135,45387,0,4080,190,20901,181,39002,190,59903,California
Humboldt,2021-04-26,307,95417,213,45856,90,45477,4,4084,87,20772,218,39220,89,59992,California
Humboldt,2021-04-27,705,96122,227,46083,460,45937,18,4102,144,20375,559,39779,162,60154,California
Humboldt,2021-04-28,1540,97662,796,46879,699,46636,45,4147,399,19680,1139,40918,444,60598,California
Humboldt,2021-04-29,1723,99385,578,47457,1107,47743,38,4185,279,18557,1440,42358,317,60915,California
Humboldt,2021-04-30,1252,100637,395,47852,823,48566,34,4219,197,17737,1049,43407,229,61144,California
Humboldt,2021-05-01,460,101097,379,48231,59,48625,22,4241,283,17866,176,43583,305,61449,California
Humboldt,2021-05-02,227,101324,182,48413,36,48661,9,4250,113,17876,113,43696,123,61572,California
Humboldt,2021-05-03,609,101933,376,48789,209,48870,24,4274,97,17488,510,44206,122,61694,California
Humboldt,2021-05-04,820,102753,482,49271,292,49162,46,4320,248,17212,569,44775,293,61987,California
Humboldt,2021-05-05,1685,104438,1075,50346,553,49715,57,4377,179,15947,1499,46274,234,62221,California
Humboldt,2021-05-06,1689,106127,1073,51419,364,50079,252,4629,138,14790,1548,47822,391,62612,California
Humboldt,2021-05-07,1422,107549,305,51724,1058,51137,59,4688,237,13901,1183,49005,294,62906,California
Humboldt,2021-05-08,740,108289,146,51870,571,51708,23,4711,91,13368,647,49652,114,63020,California
Humboldt,2021-05-09,907,109196,855,52725,42,51750,10,4721,48,12567,859,50511,58,63078,California
Humboldt,2021-05-10,214,109410,36,52761,140,51890,38,4759,81,12553,133,50644,119,63197,California
Humboldt,2021-05-11,490,109900,147,52908,272,52162,71,4830,184,12502,306,50950,255,63452,California
Humboldt,2021-05-12,577,110477,122,53030,413,52575,42,4872,203,12374,373,51323,245,63697,California
Humboldt,2021-05-13,500,110977,239,53269,236,52811,25,4897,209,12319,289,51612,234,63931,California
Humboldt,2021-05-14,688,111665,134,53403,451,53262,103,5000,227,12190,458,52070,329,64260,California
Humboldt,2021-05-15,780,112445,641,54044,131,53393,8,5008,209,11837,570,52640,217,64477,California
Humboldt,2021-05-16,128,112573,57,54101,67,53460,4,5012,73,11859,55,52695,77,64554,California
Humboldt,2021-05-17,395,112968,213,54314,160,53620,22,5034,220,11927,173,52868,241,64795,California
Humboldt,2021-05-18,659,113627,327,54641,303,53923,29,5063,367,12032,291,53159,396,65191,California
Humboldt,2021-05-19,949,114576,528,55169,378,54301,43,5106,336,11800,609,53768,377,65568,California
Humboldt,2021-05-20,691,115267,517,55686,161,54462,13,5119,516,12158,172,53940,530,66098,California
Humboldt,2021-05-21,763,116030,218,55904,484,54946,61,5180,296,12048,467,54407,357,66455,California
Humboldt,2021-05-22,350,116380,268,56172,74,55020,8,5188,101,11909,248,54655,109,66564,California
Humboldt,2021-05-23,344,116724,297,56469,44,55064,3,5191,58,11684,286,54941,61,66625,California
Humboldt,2021-05-24,309,117033,167,56636,113,55177,29,5220,181,11768,126,55067,210,66835,California
Humboldt,2021-05-25,536,117569,354,56990,158,55335,24,5244,310,11879,223,55290,334,67169,California
Humboldt,2021-05-26,628,118197,312,57302,293,55628,23,5267,303,11880,325,55615,326,67495,California
Humboldt,2021-05-27,446,118643,237,57539,176,55804,33,5300,276,12019,170,55785,309,67804,California
Humboldt,2021-05-28,366,119009,180,57719,149,55953,37,5337,155,12000,211,55996,192,67996,California
Humboldt,2021-05-29,12,119021,3,57722,9,55962,0,5337,7,12002,5,56001,7,68003,California
Imperial,2020-12-16,1,1,1,1,0,0,0,0,1,1,0,0,1,1,California
Imperial,2020-12-17,5,6,5,6,0,0,0,0,5,6,0,0,5,6,California
Imperial,2020-12-18,12,18,12,18,0,0,0,0,12,18,0,0,12,18,California
Imperial,2020-12-20,2,20,2,20,0,0,0,0,2,20,0,0,2,20,California
Imperial,2020-12-21,186,206,186,206,0,0,0,0,186,206,0,0,186,206,California
Imperial,2020-12-22,241,447,239,445,2,2,0,0,241,447,0,0,241,447,California
Imperial,2020-12-23,211,658,210,655,1,3,0,0,210,657,0,0,210,657,California
Imperial,2020-12-24,5,663,5,660,0,3,0,0,5,662,0,0,5,662,California
Imperial,2020-12-26,1,664,0,660,1,4,0,0,1,663,0,0,1,663,California
Imperial,2020-12-27,62,726,0,660,62,66,0,0,62,725,0,0,62,725,California
Imperial,2020-12-28,214,940,114,774,100,166,0,0,214,939,0,0,214,939,California
Imperial,2020-12-29,189,1129,36,810,153,319,0,0,189,1128,0,0,189,1128,California
Imperial,2020-12-30,366,1495,50,860,316,635,0,0,366,1494,0,0,366,1494,California
Imperial,2020-12-31,197,1692,26,886,171,806,0,0,197,1691,0,0,197,1691,California
Imperial,2021-01-01,47,1739,5,891,42,848,0,0,47,1738,0,0,47,1738,California
Imperial,2021-01-02,4,1743,0,891,4,852,0,0,4,1742,0,0,4,1742,California
Imperial,2021-01-03,90,1833,0,891,90,942,0,0,90,1832,0,0,90,1832,California
Imperial,2021-01-04,85,1918,5,896,80,1022,0,0,85,1917,0,0,85,1917,California
Imperial,2021-01-05,174,2092,14,910,160,1182,0,0,174,2091,0,0,174,2091,California
Imperial,2021-01-06,190,2282,25,935,165,1347,0,0,189,2279,1,1,189,2280,California
Imperial,2021-01-07,323,2605,11,946,312,1659,0,0,319,2594,4,5,319,2599,California
Imperial,2021-01-08,192,2797,52,998,140,1799,0,0,182,2766,10,15,182,2781,California
Imperial,2021-01-09,24,2821,21,1019,3,1802,0,0,24,2790,0,15,24,2805,California
Imperial,2021-01-10,1,2822,0,1019,1,1803,0,0,1,2791,0,15,1,2806,California
Imperial,2021-01-11,403,3225,244,1263,159,1962,0,0,175,2738,228,243,175,2981,California
Imperial,2021-01-12,404,3629,302,1565,102,2064,0,0,142,2619,261,504,142,3123,California
Imperial,2021-01-13,379,4008,133,1698,246,2310,0,0,280,2800,99,603,280,3403,California
Imperial,2021-01-14,261,4269,151,1849,110,2420,0,0,255,3050,5,608,255,3658,California
Imperial,2021-01-15,241,4510,182,2031,59,2479,0,0,234,3277,7,615,234,3892,California
Imperial,2021-01-16,78,4588,74,2105,4,2483,0,0,77,3353,1,616,77,3969,California
Imperial,2021-01-17,10,4598,2,2107,8,2491,0,0,10,3363,0,616,10,3979,California
Imperial,2021-01-18,1058,5656,399,2506,659,3150,0,0,960,4226,98,714,961,4940,California
Imperial,2021-01-19,165,5821,129,2635,36,3186,0,0,118,4297,47,761,118,5058,California
Imperial,2021-01-20,293,6114,196,2831,97,3283,0,0,255,4514,38,799,255,5313,California
Imperial,2021-01-21,416,6530,183,3014,233,3516,0,0,396,4890,20,819,396,5709,California
Imperial,2021-01-22,457,6987,189,3203,268,3784,0,0,448,5329,9,828,448,6157,California
Imperial,2021-01-23,1040,8027,290,3493,750,4534,0,0,1039,6367,1,829,1039,7196,California
Imperial,2021-01-24,11,8038,4,3497,7,4541,0,0,11,6378,0,829,11,7207,California
Imperial,2021-01-25,214,8252,5,3502,209,4750,0,0,34,6234,178,1007,34,7241,California
Imperial,2021-01-26,364,8616,185,3687,179,4929,0,0,221,6312,143,1150,221,7462,California
Imperial,2021-01-27,570,9186,162,3849,408,5337,0,0,237,6216,333,1483,237,7699,California
Imperial,2021-01-28,635,9821,160,4009,475,5812,0,0,527,6635,108,1591,527,8226,California
Imperial,2021-01-29,425,10246,296,4305,129,5941,0,0,375,6960,50,1641,375,8601,California
Imperial,2021-01-30,56,10302,31,4336,25,5966,0,0,39,6982,17,1658,39,8640,California
Imperial,2021-01-31,17,10319,7,4343,10,5976,0,0,16,6997,1,1659,16,8656,California
Imperial,2021-02-01,422,10741,55,4398,367,6343,0,0,211,6999,209,1868,211,8867,California
Imperial,2021-02-02,684,11425,56,4454,628,6971,0,0,503,7321,181,2049,503,9370,California
Imperial,2021-02-03,459,11884,51,4505,408,7379,0,0,263,7389,195,2244,263,9633,California
Imperial,2021-02-04,1722,13606,1200,5705,522,7901,0,0,1407,8483,313,2557,1407,11040,California
Imperial,2021-02-05,391,13997,243,5948,148,8049,0,0,157,8405,235,2792,157,11197,California
Imperial,2021-02-06,862,14859,837,6785,25,8074,0,0,826,9194,37,2829,826,12023,California
Imperial,2021-02-07,21,14880,9,6794,12,8086,0,0,20,9213,1,2830,20,12043,California
Imperial,2021-02-08,249,15129,42,6836,207,8293,0,0,181,9326,68,2898,181,12224,California
Imperial,2021-02-09,464,15593,147,6983,317,8610,0,0,306,9474,158,3056,306,12530,California
Imperial,2021-02-10,459,16052,56,7039,403,9013,0,0,96,9208,363,3419,97,12627,California
Imperial,2021-02-11,1024,17076,367,7406,657,9670,0,0,146,8481,873,4292,146,12773,California
Imperial,2021-02-12,2131,19207,1410,8816,721,10391,0,0,1781,9910,353,4645,1782,14555,California
Imperial,2021-02-13,47,19254,18,8834,29,10420,0,0,42,9945,8,4653,43,14598,California
Imperial,2021-02-14,24,19278,12,8846,12,10432,0,0,21,9963,3,4656,21,14619,California
Imperial,2021-02-15,95,19373,11,8857,84,10516,0,0,84,10036,11,4667,84,14703,California
Imperial,2021-02-16,514,19887,267,9124,247,10763,0,0,293,10108,221,4888,293,14996,California
Imperial,2021-02-17,439,20326,285,9409,154,10917,0,0,83,9835,356,5244,83,15079,California
Imperial,2021-02-18,646,20972,308,9717,338,11255,0,0,140,9470,505,5749,140,15219,California
Imperial,2021-02-19,770,21742,383,10100,387,11642,0,0,195,9091,574,6323,195,15414,California
Imperial,2021-02-20,1041,22783,191,10291,850,12492,0,0,327,8708,712,7035,329,15743,California
Imperial,2021-02-21,591,23374,557,10848,34,12526,0,0,580,9278,10,7045,580,16323,California
Imperial,2021-02-22,806,24180,567,11415,239,12765,0,0,757,9986,49,7094,757,17080,California
Imperial,2021-02-23,963,25143,395,11810,568,13333,0,0,908,10840,55,7149,909,17989,California
Imperial,2021-02-24,719,25862,302,12112,417,13750,0,0,622,11366,96,7245,622,18611,California
Imperial,2021-02-25,857,26719,341,12453,516,14266,0,0,487,11489,369,7614,492,19103,California
Imperial,2021-02-26,2277,28996,1351,13804,926,15192,0,0,1800,12814,476,8090,1801,20904,California
Imperial,2021-02-27,867,29863,812,14616,55,15247,0,0,131,12208,738,8828,132,21036,California
Imperial,2021-02-28,32,29895,20,14636,12,15259,0,0,22,12220,10,8838,22,21058,California
Imperial,2021-03-01,503,30398,297,14933,203,15462,3,3,434,12592,66,8904,438,21496,California
Imperial,2021-03-02,678,31076,246,15179,432,15894,0,3,387,12692,289,9193,389,21885,California
Imperial,2021-03-03,927,32003,49,15228,877,16771,1,4,558,12896,366,9559,570,22455,California
Imperial,2021-03-04,756,32759,85,15313,670,17441,1,5,493,13158,261,9820,523,22978,California
Imperial,2021-03-05,3028,35787,2201,17514,827,18268,0,5,1688,13505,1343,11163,1690,24668,California
Imperial,2021-03-06,704,36491,238,17752,466,18734,0,5,659,14126,42,11205,663,25331,California
Imperial,2021-03-07,85,36576,41,17793,44,18778,0,5,60,14163,24,11229,61,25392,California
Imperial,2021-03-08,415,36991,331,18124,49,18827,35,40,362,14508,52,11281,397,25789,California
Imperial,2021-03-09,682,37673,311,18435,124,18951,247,287,398,14868,284,11565,644,26433,California
Imperial,2021-03-10,685,38358,313,18748,267,19218,105,392,322,14933,362,11927,427,26860,California
Imperial,2021-03-11,1794,40152,479,19227,1123,20341,192,584,1192,15729,599,12526,1395,28255,California
Imperial,2021-03-12,4736,44888,3441,22668,1108,21449,187,771,3043,17271,1688,14214,3230,31485,California
Imperial,2021-03-13,1157,46045,94,22762,838,22287,225,996,861,18069,293,14507,1091,32576,California
Imperial,2021-03-14,176,46221,36,22798,126,22413,14,1010,140,18188,36,14543,155,32731,California
Imperial,2021-03-15,687,46908,227,23025,201,22614,259,1269,390,18542,295,14838,649,33380,California
Imperial,2021-03-16,1102,48010,275,23300,360,22974,467,1736,551,19010,549,15387,1017,34397,California
Imperial,2021-03-17,1600,49610,692,23992,771,23745,137,1873,1014,19584,578,15965,1152,35549,California
Imperial,2021-03-18,1805,51415,1193,25185,552,24297,60,1933,1271,20386,531,16496,1333,36882,California
Imperial,2021-03-19,3743,55158,2745,27930,994,25291,4,1937,1887,20430,1848,18344,1892,38774,California
Imperial,2021-03-20,1762,56920,553,28483,1204,26495,5,1942,1314,21313,442,18786,1325,40099,California
Imperial,2021-03-21,217,57137,35,28518,178,26673,4,1946,159,21422,58,18844,167,40266,California
Imperial,2021-03-22,1047,58184,339,28857,701,27374,7,1953,622,21629,424,19268,631,40897,California
Imperial,2021-03-23,1422,59606,436,29293,979,28353,7,1960,921,22061,497,19765,929,41826,California
Imperial,2021-03-24,2128,61734,565,29858,1138,29491,425,2385,1152,22664,973,20738,1576,43402,California
Imperial,2021-03-25,3198,64932,690,30548,889,30380,1619,4004,1198,23477,1994,22732,2807,46209,California
Imperial,2021-03-26,3175,68107,1173,31721,1024,31404,978,4982,905,23100,2259,24991,1882,48091,California
Imperial,2021-03-27,614,68721,284,32005,278,31682,52,5034,446,23433,165,25156,498,48589,California
Imperial,2021-03-28,210,68931,51,32056,157,31839,2,5036,172,23570,37,25193,174,48763,California
Imperial,2021-03-29,1456,70387,348,32404,393,32232,715,5751,320,23470,1134,26327,1034,49797,California
Imperial,2021-03-30,2085,72472,686,33090,593,32825,806,6557,683,23558,1402,27729,1490,51287,California
Imperial,2021-03-31,1542,74014,728,33818,808,33633,6,6563,1022,24068,517,28246,1027,52314,California
Imperial,2021-04-01,2026,76040,421,34239,1362,34995,243,6806,871,24031,1149,29395,1112,53426,California
Imperial,2021-04-02,1930,77970,475,34714,1381,36376,74,6880,1318,24814,607,30002,1390,54816,California
Imperial,2021-04-03,1519,79489,430,35144,1010,37386,79,6959,702,24781,814,30816,781,55597,California
Imperial,2021-04-04,85,79574,40,35184,28,37414,17,6976,23,24759,62,30878,40,55637,California
Imperial,2021-04-05,3399,82973,2319,37503,915,38329,165,7141,805,23145,2584,33462,970,56607,California
Imperial,2021-04-06,1309,84282,527,38030,592,38921,190,7331,682,23395,623,34085,873,57480,California
Imperial,2021-04-07,2159,86441,555,38585,1227,40148,377,7708,1558,24725,606,34691,1936,59416,California
Imperial,2021-04-08,2202,88643,1077,39662,828,40976,297,8005,1068,24963,1131,35822,1369,60785,California
Imperial,2021-04-09,3202,91845,1657,41319,928,41904,617,8622,1500,25393,1696,37518,2126,62911,California
Imperial,2021-04-10,1279,93124,184,41503,822,42726,273,8895,215,24816,1062,38580,485,63396,California
Imperial,2021-04-11,219,93343,30,41533,157,42883,32,8927,75,24779,144,38724,107,63503,California
Imperial,2021-04-12,1436,94779,767,42300,448,43331,221,9148,814,25197,617,39341,1035,64538,California
Imperial,2021-04-13,2903,97682,1891,44191,1010,44341,2,9150,2026,26350,873,40214,2026,66564,California
Imperial,2021-04-14,2023,99705,944,45135,1079,45420,0,9150,1391,27116,626,40840,1392,67956,California
Imperial,2021-04-15,1977,101682,908,46043,1069,46489,0,9150,1354,27853,619,41459,1356,69312,California
Imperial,2021-04-16,3442,105124,1795,47838,1647,48136,0,9150,2150,28726,1278,42737,2151,71463,California
Imperial,2021-04-17,1816,106940,933,48771,881,49017,2,9152,1417,29752,394,43131,1420,72883,California
Imperial,2021-04-18,253,107193,71,48842,182,49199,0,9152,88,29677,163,43294,88,72971,California
Imperial,2021-04-19,837,108030,267,49109,570,49769,0,9152,467,29781,367,43661,471,73442,California
Imperial,2021-04-20,1321,109351,528,49637,793,50562,0,9152,738,29940,580,44241,739,74181,California
Imperial,2021-04-21,1372,110723,338,49975,1034,51596,0,9152,797,30167,570,44811,797,74978,California
Imperial,2021-04-22,2212,112935,806,50781,1406,53002,0,9152,1509,30985,693,45504,1511,76489,California
Imperial,2021-04-23,2802,115737,533,51314,2269,55271,0,9152,1083,30382,1690,47194,1087,77576,California
Imperial,2021-04-24,549,116286,326,51640,223,55494,0,9152,199,30234,347,47541,199,77775,California
Imperial,2021-04-25,264,116550,97,51737,167,55661,0,9152,134,30240,128,47669,134,77909,California
Imperial,2021-04-26,1159,117709,460,52197,695,56356,4,9156,685,30460,468,48137,688,78597,California
Imperial,2021-04-27,1047,118756,342,52539,695,57051,10,9166,530,30487,512,48649,539,79136,California
Imperial,2021-04-28,1486,120242,645,53184,812,57863,29,9195,673,30381,808,49457,702,79838,California
Imperial,2021-04-29,1810,122052,857,54041,907,58770,46,9241,810,30247,991,50448,857,80695,California
Imperial,2021-04-30,3214,125266,1672,55713,1509,60279,33,9274,1568,30215,1634,52082,1602,82297,California
Imperial,2021-05-01,316,125582,124,55837,189,60468,3,9277,160,30223,156,52238,164,82461,California
Imperial,2021-05-02,83,125665,25,55862,56,60524,2,9279,51,30245,32,52270,54,82515,California
Imperial,2021-05-03,1621,127286,542,56404,1032,61556,47,9326,372,29426,1239,53509,420,82935,California
Imperial,2021-05-04,1746,129032,954,57358,765,62321,27,9353,531,28779,1205,54714,558,83493,California
Imperial,2021-05-05,1504,130536,891,58249,592,62913,21,9374,440,28189,1052,55766,462,83955,California
Imperial,2021-05-06,1673,132209,1107,59356,529,63442,37,9411,536,27631,1131,56897,573,84528,California
Imperial,2021-05-07,2373,134582,1344,60700,984,64426,45,9456,833,26987,1525,58422,881,85409,California
Imperial,2021-05-08,555,135137,416,61116,131,64557,8,9464,160,26767,388,58810,168,85577,California
Imperial,2021-05-09,94,135231,63,61179,30,64587,1,9465,28,26733,63,58873,29,85606,California
Imperial,2021-05-10,1086,136317,278,61457,685,65272,123,9588,322,26420,757,59630,444,86050,California
Imperial,2021-05-11,1397,137714,456,61913,922,66194,19,9607,473,26001,915,60545,496,86546,California
Imperial,2021-05-12,832,138546,265,62178,529,66723,38,9645,283,25780,542,61087,321,86867,California
Imperial,2021-05-13,1497,140043,945,63123,481,67204,71,9716,636,25635,852,61939,707,87574,California
Imperial,2021-05-14,1723,141766,955,64078,716,67920,52,9768,1133,26240,580,62519,1185,88759,California
Imperial,2021-05-15,1212,142978,463,64541,729,68649,20,9788,458,25971,748,63267,479,89238,California
Imperial,2021-05-16,118,143096,80,64621,36,68685,2,9790,47,25950,70,63337,49,89287,California
Imperial,2021-05-17,1878,144974,689,65310,1147,69832,42,9832,668,25456,1205,64542,711,89998,California
Imperial,2021-05-18,1539,146513,788,66098,680,70512,71,9903,861,25716,672,65214,932,90930,California
Imperial,2021-05-19,1262,147775,592,66690,602,71114,68,9971,598,25724,658,65872,666,91596,California
Imperial,2021-05-20,1364,149139,902,67592,396,71510,66,10037,643,25723,711,66583,710,92306,California
Imperial,2021-05-21,1712,150851,1082,68674,569,72079,61,10098,874,25826,832,67415,935,93241,California
Imperial,2021-05-22,244,151095,163,68837,64,72143,17,10115,129,25861,111,67526,146,93387,California
Imperial,2021-05-23,68,151163,21,68858,39,72182,8,10123,23,25850,42,67568,31,93418,California
Imperial,2021-05-24,1214,152377,592,69450,569,72751,53,10176,495,25686,712,68280,548,93966,California
Imperial,2021-05-25,1276,153653,423,69873,821,73572,32,10208,464,25377,805,69085,496,94462,California
Imperial,2021-05-26,925,154578,486,70359,398,73970,41,10249,397,25291,523,69608,437,94899,California
Imperial,2021-05-27,1244,155822,694,71053,486,74456,64,10313,613,25343,625,70233,677,95576,California
Imperial,2021-05-28,920,156742,525,71578,346,74802,49,10362,346,25170,568,70801,395,95971,California
Imperial,2021-05-29,145,156887,81,71659,59,74861,5,10367,58,25146,87,70888,63,96034,California
Inyo,2020-12-19,85,85,85,85,0,0,0,0,85,85,0,0,85,85,California
Inyo,2020-12-20,58,143,58,143,0,0,0,0,58,143,0,0,58,143,California
Inyo,2020-12-21,88,231,85,228,3,3,0,0,88,231,0,0,88,231,California
Inyo,2020-12-22,105,336,105,333,0,3,0,0,105,336,0,0,105,336,California
Inyo,2020-12-23,70,406,67,400,3,6,0,0,70,406,0,0,70,406,California
Inyo,2020-12-24,16,422,16,416,0,6,0,0,16,422,0,0,16,422,California
Inyo,2020-12-25,1,423,0,416,1,7,0,0,1,423,0,0,1,423,California
Inyo,2020-12-26,74,497,74,490,0,7,0,0,74,497,0,0,74,497,California
Inyo,2020-12-28,48,545,36,526,12,19,0,0,48,545,0,0,48,545,California
Inyo,2020-12-29,19,564,19,545,0,19,0,0,19,564,0,0,19,564,California
Inyo,2020-12-30,56,620,54,599,2,21,0,0,56,620,0,0,56,620,California
Inyo,2020-12-31,29,649,0,599,29,50,0,0,29,649,0,0,29,649,California
Inyo,2021-01-01,1,650,0,599,1,51,0,0,1,650,0,0,1,650,California
Inyo,2021-01-03,1,651,0,599,1,52,0,0,1,651,0,0,1,651,California
Inyo,2021-01-04,2,653,1,600,1,53,0,0,2,653,0,0,2,653,California
Inyo,2021-01-05,34,687,0,600,34,87,0,0,34,687,0,0,34,687,California
Inyo,2021-01-06,68,755,0,600,68,155,0,0,68,755,0,0,68,755,California
Inyo,2021-01-07,31,786,1,601,30,185,0,0,31,786,0,0,31,786,California
Inyo,2021-01-08,9,795,8,609,1,186,0,0,4,786,5,5,5,791,California
Inyo,2021-01-09,87,882,86,695,1,187,0,0,1,701,86,91,1,792,California
Inyo,2021-01-10,52,934,52,747,0,187,0,0,0,649,52,143,0,792,California
Inyo,2021-01-11,97,1031,82,829,15,202,0,0,16,584,81,224,16,808,California
Inyo,2021-01-12,139,1170,118,947,21,223,0,0,28,501,111,335,28,836,California
Inyo,2021-01-13,86,1256,68,1015,18,241,0,0,21,458,65,400,22,858,California
Inyo,2021-01-14,59,1315,13,1028,46,287,0,0,49,497,10,410,49,907,California
Inyo,2021-01-15,163,1478,28,1056,135,422,0,0,163,660,0,410,163,1070,California
Inyo,2021-01-16,74,1552,73,1129,1,423,0,0,1,588,73,483,1,1071,California
Inyo,2021-01-18,58,1610,36,1165,22,445,0,0,19,568,39,522,19,1090,California
Inyo,2021-01-19,114,1724,72,1237,42,487,0,0,97,648,17,539,97,1187,California
Inyo,2021-01-20,147,1871,71,1308,76,563,0,0,93,687,54,593,93,1280,California
Inyo,2021-01-21,120,1991,57,1365,63,626,0,0,119,805,1,594,119,1399,California
Inyo,2021-01-22,62,2053,0,1365,62,688,0,0,61,865,1,595,61,1460,California
Inyo,2021-01-23,52,2105,52,1417,0,688,0,0,52,917,0,595,52,1512,California
Inyo,2021-01-25,49,2154,6,1423,43,731,0,0,37,942,12,607,37,1549,California
Inyo,2021-01-26,135,2289,54,1477,81,812,0,0,129,1065,6,613,129,1678,California
Inyo,2021-01-27,24,2313,2,1479,22,834,0,0,23,1087,1,614,23,1701,California
Inyo,2021-01-28,92,2405,2,1481,90,924,0,0,63,1121,29,643,63,1764,California
Inyo,2021-01-29,25,2430,3,1484,22,946,0,0,23,1142,2,645,23,1787,California
Inyo,2021-01-30,11,2441,1,1485,10,956,0,0,11,1153,0,645,11,1798,California
Inyo,2021-01-31,32,2473,4,1489,28,984,0,0,4,1129,28,673,4,1802,California
Inyo,2021-02-01,10,2483,9,1498,1,985,0,0,0,1119,10,683,0,1802,California
Inyo,2021-02-02,130,2613,14,1512,116,1101,0,0,104,1197,26,709,104,1906,California
Inyo,2021-02-03,116,2729,0,1512,116,1217,0,0,74,1229,42,751,74,1980,California
Inyo,2021-02-04,151,2880,33,1545,118,1335,0,0,92,1262,59,810,92,2072,California
Inyo,2021-02-05,117,2997,61,1606,56,1391,0,0,115,1375,2,812,115,2187,California
Inyo,2021-02-06,4,3001,2,1608,2,1393,0,0,3,1377,1,813,3,2190,California
Inyo,2021-02-07,4,3005,2,1610,2,1395,0,0,4,1381,0,813,4,2194,California
Inyo,2021-02-08,117,3122,7,1617,110,1505,0,0,97,1458,20,833,97,2291,California
Inyo,2021-02-09,196,3318,52,1669,144,1649,0,0,125,1512,71,904,125,2416,California
Inyo,2021-02-10,141,3459,17,1686,124,1773,0,0,107,1585,34,938,107,2523,California
Inyo,2021-02-11,220,3679,56,1742,164,1937,0,0,126,1617,94,1032,126,2649,California
Inyo,2021-02-12,299,3978,51,1793,248,2185,0,0,167,1652,132,1164,167,2816,California
Inyo,2021-02-13,60,4038,55,1848,5,2190,0,0,8,1608,52,1216,8,2824,California
Inyo,2021-02-14,1,4039,0,1848,1,2191,0,0,1,1609,0,1216,1,2825,California
Inyo,2021-02-15,29,4068,9,1857,20,2211,0,0,5,1590,24,1240,5,2830,California
Inyo,2021-02-16,179,4247,50,1907,129,2340,0,0,92,1596,86,1326,92,2922,California
Inyo,2021-02-17,38,4285,4,1911,34,2374,0,0,8,1574,30,1356,8,2930,California
Inyo,2021-02-18,122,4407,6,1917,116,2490,0,0,79,1610,43,1399,79,3009,California
Inyo,2021-02-19,52,4459,4,1921,48,2538,0,0,9,1576,43,1442,9,3018,California
Inyo,2021-02-20,507,4966,503,2424,4,2542,0,0,505,2079,2,1444,505,3523,California
Inyo,2021-02-21,441,5407,441,2865,0,2542,0,0,441,2520,0,1444,441,3964,California
Inyo,2021-02-22,61,5468,19,2884,42,2584,0,0,27,2513,34,1478,27,3991,California
Inyo,2021-02-23,199,5667,20,2904,179,2763,0,0,95,2505,103,1581,95,4086,California
Inyo,2021-02-24,118,5785,0,2904,118,2881,0,0,57,2501,61,1642,57,4143,California
Inyo,2021-02-25,132,5917,5,2909,127,3008,0,0,62,2493,70,1712,62,4205,California
Inyo,2021-02-26,103,6020,60,2969,43,3051,0,0,19,2428,84,1796,19,4224,California
Inyo,2021-02-27,14,6034,3,2972,11,3062,0,0,2,2418,12,1808,2,4226,California
Inyo,2021-02-28,3,6037,1,2973,2,3064,0,0,2,2419,1,1809,2,4228,California
Inyo,2021-03-01,19,6056,2,2975,17,3081,0,0,17,2434,2,1811,17,4245,California
Inyo,2021-03-02,196,6252,1,2976,195,3276,0,0,111,2460,85,1896,111,4356,California
Inyo,2021-03-03,84,6336,3,2979,81,3357,0,0,41,2458,43,1939,41,4397,California
Inyo,2021-03-04,128,6464,4,2983,124,3481,0,0,46,2422,82,2021,46,4443,California
Inyo,2021-03-05,141,6605,56,3039,85,3566,0,0,38,2357,103,2124,38,4481,California
Inyo,2021-03-06,30,6635,1,3040,29,3595,0,0,29,2385,1,2125,29,4510,California
Inyo,2021-03-07,7,6642,4,3044,3,3598,0,0,5,2388,2,2127,5,4515,California
Inyo,2021-03-08,182,6824,5,3049,177,3775,0,0,91,2388,91,2218,91,4606,California
Inyo,2021-03-09,190,7014,3,3052,187,3962,0,0,74,2346,116,2334,74,4680,California
Inyo,2021-03-10,70,7084,8,3060,61,4023,1,1,30,2337,40,2374,31,4711,California
Inyo,2021-03-11,204,7288,1,3061,198,4221,5,6,74,2286,130,2504,79,4790,California
Inyo,2021-03-12,175,7463,4,3065,166,4387,5,11,77,2270,98,2602,82,4872,California
Inyo,2021-03-13,584,8047,549,3614,25,4412,10,21,72,1841,511,3113,82,4954,California
Inyo,2021-03-14,439,8486,438,4052,1,4413,0,21,5,1412,434,3547,5,4959,California
Inyo,2021-03-15,51,8537,15,4067,34,4447,2,23,30,1423,21,3568,32,4991,California
Inyo,2021-03-16,164,8701,4,4071,154,4601,6,29,64,1394,99,3667,70,5061,California
Inyo,2021-03-17,108,8809,3,4074,98,4699,7,36,92,1477,16,3683,99,5160,California
Inyo,2021-03-18,185,8994,16,4090,162,4861,7,43,104,1507,81,3764,111,5271,California
Inyo,2021-03-19,46,9040,4,4094,38,4899,4,47,36,1537,10,3774,40,5311,California
Inyo,2021-03-20,20,9060,1,4095,10,4909,9,56,1,1528,19,3793,10,5321,California
Inyo,2021-03-22,58,9118,2,4097,51,4960,5,61,38,1551,20,3813,43,5364,California
Inyo,2021-03-23,195,9313,4,4101,187,5147,4,65,105,1570,90,3903,109,5473,California
Inyo,2021-03-24,140,9453,3,4104,133,5280,4,69,86,1606,54,3957,90,5563,California
Inyo,2021-03-25,331,9784,110,4214,218,5498,3,72,265,1808,66,4023,268,5831,California
Inyo,2021-03-26,91,9875,3,4217,84,5582,4,76,71,1863,20,4043,75,5906,California
Inyo,2021-03-27,53,9928,45,4262,5,5587,3,79,47,1907,6,4049,50,5956,California
Inyo,2021-03-28,4,9932,1,4263,2,5589,1,80,1,1906,3,4052,2,5958,California
Inyo,2021-03-29,109,10041,2,4265,102,5691,5,85,82,1967,26,4078,87,6045,California
Inyo,2021-03-30,220,10261,2,4267,213,5904,5,90,108,1968,112,4190,113,6158,California
Inyo,2021-03-31,149,10410,4,4271,140,6044,5,95,108,2040,41,4231,113,6271,California
Inyo,2021-04-01,166,10576,4,4275,161,6205,1,96,117,2109,49,4280,118,6389,California
Inyo,2021-04-02,80,10656,1,4276,77,6282,2,98,51,2133,29,4309,53,6442,California
Inyo,2021-04-03,93,10749,47,4323,32,6314,14,112,5,2065,86,4395,18,6460,California
Inyo,2021-04-04,5,10754,4,4327,0,6314,1,113,1,2063,4,4399,2,6462,California
Inyo,2021-04-05,117,10871,1,4328,112,6426,4,117,29,2008,88,4487,33,6495,California
Inyo,2021-04-06,235,11106,5,4333,167,6593,63,180,103,2042,132,4619,166,6661,California
Inyo,2021-04-07,203,11309,2,4335,74,6667,127,307,47,2059,157,4776,174,6835,California
Inyo,2021-04-08,180,11489,15,4350,148,6815,17,324,80,2056,100,4876,97,6932,California
Inyo,2021-04-09,126,11615,7,4357,96,6911,23,347,38,2031,87,4963,62,6994,California
Inyo,2021-04-10,42,11657,1,4358,24,6935,17,364,3,2012,39,5002,20,7014,California
Inyo,2021-04-11,1,11658,0,4358,1,6936,0,364,1,2013,0,5002,1,7015,California
Inyo,2021-04-12,79,11737,0,4358,74,7010,5,369,41,2021,38,5040,46,7061,California
Inyo,2021-04-13,120,11857,4,4362,113,7123,3,372,61,2027,58,5098,64,7125,California
Inyo,2021-04-14,127,11984,2,4364,125,7248,0,372,42,1984,85,5183,42,7167,California
Inyo,2021-04-15,275,12259,117,4481,158,7406,0,372,79,1867,196,5379,79,7246,California
Inyo,2021-04-16,47,12306,5,4486,42,7448,0,372,19,1858,28,5407,19,7265,California
Inyo,2021-04-17,2,12308,1,4487,1,7449,0,372,1,1858,1,5408,1,7266,California
Inyo,2021-04-19,128,12436,43,4530,85,7534,0,372,43,1816,85,5493,43,7309,California
Inyo,2021-04-20,163,12599,2,4532,161,7695,0,372,79,1811,84,5577,79,7388,California
Inyo,2021-04-21,113,12712,4,4536,109,7804,0,372,32,1762,81,5658,32,7420,California
Inyo,2021-04-22,196,12908,1,4537,195,7999,0,372,51,1668,145,5803,51,7471,California
Inyo,2021-04-23,95,13003,4,4541,91,8090,0,372,22,1617,73,5876,22,7493,California
Inyo,2021-04-24,309,13312,308,4849,1,8091,0,372,304,1916,5,5881,304,7797,California
Inyo,2021-04-25,135,13447,134,4983,1,8092,0,372,135,2051,0,5881,135,7932,California
Inyo,2021-04-26,91,13538,0,4983,90,8182,1,373,10,1981,81,5962,11,7943,California
Inyo,2021-04-27,181,13719,6,4989,170,8352,5,378,44,1894,136,6098,49,7992,California
Inyo,2021-04-28,121,13840,2,4991,117,8469,2,380,20,1815,101,6199,22,8014,California
Inyo,2021-04-29,172,14012,56,5047,116,8585,0,380,77,1798,94,6293,77,8091,California
Inyo,2021-04-30,85,14097,5,5052,79,8664,1,381,24,1762,61,6354,25,8116,California
Inyo,2021-05-01,11,14108,3,5055,8,8672,0,381,9,1769,2,6356,9,8125,California
Inyo,2021-05-02,7,14115,3,5058,2,8674,2,383,4,1772,3,6359,6,8131,California
Inyo,2021-05-03,38,14153,1,5059,33,8707,4,387,5,1748,33,6392,9,8140,California
Inyo,2021-05-04,123,14276,2,5061,117,8824,4,391,22,1673,101,6493,26,8166,California
Inyo,2021-05-05,35,14311,0,5061,33,8857,2,393,11,1662,24,6517,13,8179,California
Inyo,2021-05-06,93,14404,5,5066,80,8937,8,401,13,1603,80,6597,21,8200,California
Inyo,2021-05-07,49,14453,4,5070,37,8974,8,409,24,1611,24,6621,32,8232,California
Inyo,2021-05-08,11,14464,2,5072,4,8978,5,414,4,1613,7,6628,9,8241,California
Inyo,2021-05-09,1,14465,0,5072,1,8979,0,414,0,1612,1,6629,0,8241,California
Inyo,2021-05-10,69,14534,1,5073,66,9045,2,416,30,1606,39,6668,33,8274,California
Inyo,2021-05-11,87,14621,1,5074,83,9128,3,419,20,1562,67,6735,23,8297,California
Inyo,2021-05-12,43,14664,1,5075,40,9168,2,421,11,1543,32,6767,13,8310,California
Inyo,2021-05-13,74,14738,1,5076,72,9240,1,422,11,1492,63,6830,12,8322,California
Inyo,2021-05-14,26,14764,3,5079,18,9258,5,427,12,1495,14,6844,17,8339,California
Inyo,2021-05-15,380,15144,367,5446,11,9269,2,429,87,1291,293,7137,89,8428,California
Inyo,2021-05-16,198,15342,198,5644,0,9269,0,429,71,1235,127,7264,71,8499,California
Inyo,2021-05-17,62,15404,2,5646,56,9325,4,433,19,1215,43,7307,23,8522,California
Inyo,2021-05-18,83,15487,2,5648,80,9405,1,434,17,1167,66,7373,18,8540,California
Inyo,2021-05-19,48,15535,2,5650,41,9446,5,439,14,1152,34,7407,19,8559,California
Inyo,2021-05-20,144,15679,81,5731,62,9508,1,440,34,1077,110,7517,35,8594,California
Inyo,2021-05-21,46,15725,17,5748,24,9532,5,445,17,1070,29,7546,22,8616,California
Inyo,2021-05-22,24,15749,14,5762,7,9539,3,448,17,1083,7,7553,20,8636,California
Inyo,2021-05-23,4,15753,3,5765,0,9539,1,449,2,1084,2,7555,3,8639,California
Inyo,2021-05-24,33,15786,5,5770,25,9564,3,452,13,1080,20,7575,16,8655,California
Inyo,2021-05-25,83,15869,40,5810,42,9606,1,453,49,1096,34,7609,50,8705,California
Inyo,2021-05-26,35,15904,7,5817,25,9631,3,456,11,1086,23,7632,13,8718,California
Inyo,2021-05-27,36,15940,8,5825,20,9651,8,464,10,1078,26,7658,18,8736,California
Inyo,2021-05-28,25,15965,6,5831,14,9665,5,469,8,1074,17,7675,13,8749,California
Inyo,2021-05-29,7,15972,0,5831,7,9672,0,469,0,1067,7,7682,0,8749,California
Kern,2020-12-15,1,1,1,1,0,0,0,0,1,1,0,0,1,1,California
Kern,2020-12-16,18,19,18,19,0,0,0,0,18,19,0,0,18,19,California
Kern,2020-12-17,164,183,164,183,0,0,0,0,164,183,0,0,164,183,California
Kern,2020-12-18,322,505,322,505,0,0,0,0,322,505,0,0,322,505,California
Kern,2020-12-19,98,603,98,603,0,0,0,0,99,604,0,0,99,604,California
Kern,2020-12-20,61,664,61,664,0,0,0,0,61,665,0,0,61,665,California
Kern,2020-12-21,671,1335,670,1334,1,1,0,0,671,1336,0,0,671,1336,California
Kern,2020-12-22,530,1865,527,1861,3,4,0,0,530,1866,0,0,530,1866,California
Kern,2020-12-23,558,2423,420,2281,138,142,0,0,558,2424,0,0,558,2424,California
Kern,2020-12-24,123,2546,44,2325,79,221,0,0,123,2547,0,0,123,2547,California
Kern,2020-12-25,1,2547,1,2326,0,221,0,0,1,2548,0,0,1,2548,California
Kern,2020-12-26,33,2580,1,2327,32,253,0,0,33,2581,0,0,33,2581,California
Kern,2020-12-27,35,2615,3,2330,32,285,0,0,35,2616,0,0,35,2616,California
Kern,2020-12-28,828,3443,664,2994,164,449,0,0,828,3444,0,0,828,3444,California
Kern,2020-12-29,745,4188,452,3446,293,742,0,0,744,4187,1,1,744,4188,California
Kern,2020-12-30,1204,5392,911,4357,293,1035,0,0,1204,5391,0,1,1204,5392,California
Kern,2020-12-31,277,5669,99,4456,178,1213,0,0,277,5668,0,1,277,5669,California
Kern,2021-01-01,16,5685,9,4465,7,1220,0,0,16,5684,0,1,16,5685,California
Kern,2021-01-02,79,5764,18,4483,61,1281,0,0,79,5763,0,1,79,5764,California
Kern,2021-01-03,23,5787,4,4487,19,1300,0,0,23,5786,0,1,23,5787,California
Kern,2021-01-04,556,6343,361,4848,195,1495,0,0,556,6342,0,1,556,6343,California
Kern,2021-01-05,1133,7476,738,5586,395,1890,0,0,1121,7451,12,13,1121,7464,California
Kern,2021-01-06,1162,8638,451,6037,711,2601,0,0,1132,8553,30,43,1132,8596,California
Kern,2021-01-07,1401,10039,489,6526,912,3513,0,0,1232,9617,168,211,1232,9828,California
Kern,2021-01-08,1627,11666,768,7294,859,4372,0,0,1329,10648,299,510,1330,11158,California
Kern,2021-01-09,227,11893,77,7371,150,4522,0,0,193,10807,34,544,193,11351,California
Kern,2021-01-10,194,12087,148,7519,46,4568,0,0,153,10919,41,585,153,11504,California
Kern,2021-01-11,1557,13644,985,8504,572,5140,0,0,1001,11364,556,1141,1001,12505,California
Kern,2021-01-12,1869,15513,811,9315,1058,6198,0,0,1358,12211,511,1652,1358,13863,California
Kern,2021-01-13,1851,17364,869,10184,982,7180,0,0,1431,13222,420,2072,1431,15294,California
Kern,2021-01-14,2187,19551,646,10830,1541,8721,0,0,2142,15318,46,2118,2142,17436,California
Kern,2021-01-15,2708,22259,857,11687,1851,10572,0,0,2611,17835,95,2213,2612,20048,California
Kern,2021-01-16,670,22929,211,11898,459,11031,0,0,635,18435,35,2248,635,20683,California
Kern,2021-01-17,73,23002,7,11905,66,11097,0,0,71,18504,2,2250,71,20754,California
Kern,2021-01-18,1647,24649,660,12565,987,12084,0,0,1480,19817,167,2417,1480,22234,California
Kern,2021-01-19,1855,26504,1034,13599,821,12905,0,0,1388,20739,467,2884,1389,23623,California
Kern,2021-01-20,2613,29117,1678,15277,935,13840,0,0,1910,21953,698,3582,1912,25535,California
Kern,2021-01-21,2115,31232,869,16146,1246,15086,0,0,1919,23677,195,3777,1919,27454,California
Kern,2021-01-22,2716,33948,1299,17445,1417,16503,0,0,2438,25838,277,4054,2438,29892,California
Kern,2021-01-23,1251,35199,542,17987,709,17212,0,0,1205,26997,46,4100,1205,31097,California
Kern,2021-01-24,154,35353,12,17999,142,17354,0,0,148,27139,6,4106,148,31245,California
Kern,2021-01-25,2386,37739,1086,19085,1300,18654,0,0,1901,28557,484,4590,1902,33147,California
Kern,2021-01-26,2772,40511,1127,20212,1645,20299,0,0,1912,29610,859,5449,1912,35059,California
Kern,2021-01-27,3562,44073,1905,22117,1657,21956,0,0,2861,31773,698,6147,2861,37920,California
Kern,2021-01-28,2874,46947,1358,23475,1516,23472,0,0,2443,33793,426,6573,2446,40366,California
Kern,2021-01-29,3783,50730,1801,25276,1982,25454,0,0,3237,36487,543,7116,3237,43603,California
Kern,2021-01-30,1329,52059,498,25774,831,26285,0,0,1279,37718,48,7164,1279,44882,California
Kern,2021-01-31,405,52464,277,26051,128,26413,0,0,270,37853,135,7299,270,45152,California
Kern,2021-02-01,2599,55063,991,27042,1608,28021,0,0,1885,39028,711,8010,1886,47038,California
Kern,2021-02-02,2752,57815,798,27840,1954,29975,0,0,2049,40375,703,8713,2050,49088,California
Kern,2021-02-03,3665,61480,1552,29392,2113,32088,0,0,2696,42109,962,9675,2696,51784,California
Kern,2021-02-04,3802,65282,1452,30844,2350,34438,0,0,2586,43489,1206,10881,2586,54370,California
Kern,2021-02-05,4856,70138,1990,32834,2866,37304,0,0,3095,44842,1742,12623,3095,57465,California
Kern,2021-02-06,1738,71876,768,33602,970,38274,0,0,1512,46131,223,12846,1512,58977,California
Kern,2021-02-07,283,72159,150,33752,133,38407,0,0,267,46384,14,12860,267,59244,California
Kern,2021-02-08,2572,74731,790,34542,1782,40189,0,0,1258,46348,1296,14156,1260,60504,California
Kern,2021-02-09,3038,77769,986,35528,2052,42241,0,0,1466,46251,1563,15719,1466,61970,California
Kern,2021-02-10,3793,81562,1661,37189,2132,44373,0,0,1875,46225,1902,17621,1876,63846,California
Kern,2021-02-11,4267,85829,1536,38725,2731,47104,0,0,2223,46418,2031,19652,2224,66070,California
Kern,2021-02-12,4957,90786,1893,40618,3064,50168,0,0,2477,46429,2466,22118,2477,68547,California
Kern,2021-02-13,2012,92798,729,41347,1283,51451,0,0,1165,46749,845,22963,1165,69712,California
Kern,2021-02-14,351,93149,12,41359,339,51790,0,0,269,46937,81,23044,269,69981,California
Kern,2021-02-15,2744,95893,896,42255,1848,53638,0,0,1211,46624,1524,24568,1211,71192,California
Kern,2021-02-16,2938,98831,712,42967,2226,55864,0,0,1649,46994,1280,25848,1650,72842,California
Kern,2021-02-17,4070,102901,2078,45045,1992,57856,0,0,1927,46785,2137,27985,1928,74770,California
Kern,2021-02-18,3764,106665,1487,46532,2277,60133,0,0,1627,46285,2127,30112,1627,76397,California
Kern,2021-02-19,4199,110864,1915,48447,2284,62417,0,0,1740,45573,2452,32564,1740,78137,California
Kern,2021-02-20,2581,113445,967,49414,1614,64031,0,0,1351,45698,1226,33790,1351,79488,California
Kern,2021-02-21,259,113704,153,49567,106,64137,0,0,90,45621,167,33957,90,79578,California
Kern,2021-02-22,2669,116373,1153,50720,1516,65653,0,0,1429,45817,1235,35192,1431,81009,California
Kern,2021-02-23,3557,119930,1128,51848,2429,68082,0,0,1982,46227,1573,36765,1983,82992,California
Kern,2021-02-24,5197,125127,2289,54137,2908,70990,0,0,3102,47238,2091,38856,3102,86094,California
Kern,2021-02-25,5373,130500,2456,56593,2917,73907,0,0,3191,48266,2163,41019,3191,89285,California
Kern,2021-02-26,6904,137404,3531,60124,3373,77280,0,0,4357,50084,2540,43559,4358,93643,California
Kern,2021-02-27,3960,141364,1986,62110,1974,79254,0,0,2618,51368,1334,44893,2618,96261,California
Kern,2021-02-28,916,142280,503,62613,412,79666,1,1,696,51847,218,45111,697,96958,California
Kern,2021-03-01,4002,146282,1819,64432,2180,81846,3,4,2686,53229,1307,46418,2689,99647,California
Kern,2021-03-02,4472,150754,1414,65846,3057,84903,1,5,2951,54670,1510,47928,2951,102598,California
Kern,2021-03-03,5928,156682,2811,68657,3117,88020,0,5,3832,56421,2082,50010,3833,106431,California
Kern,2021-03-04,5596,162278,2196,70853,3397,91417,3,8,3600,58041,1982,51992,3602,110033,California
Kern,2021-03-05,6667,168945,2860,73713,3788,95205,19,27,4231,59864,2427,54419,4250,114283,California
Kern,2021-03-06,4734,173679,1926,75639,2708,97913,100,127,3466,62168,1261,55680,3565,117848,California
Kern,2021-03-07,2055,175734,1591,77230,413,98326,51,178,1861,63887,193,55873,1912,119760,California
Kern,2021-03-08,2888,178622,922,78152,1753,100079,213,391,1524,64261,1361,57234,1735,121495,California
Kern,2021-03-09,3717,182339,808,78960,2526,102605,383,774,2317,65566,1392,58626,2697,124192,California
Kern,2021-03-10,6136,188475,2564,81524,2498,105103,1074,1848,3594,67705,2527,61153,4666,128858,California
Kern,2021-03-11,6339,194814,2444,83968,2869,107972,1026,2874,3779,69958,2549,63702,4802,133660,California
Kern,2021-03-12,7830,202644,3070,87038,3408,111380,1352,4226,4315,72113,3502,67204,5657,139317,California
Kern,2021-03-13,4662,207306,2526,89564,1801,113181,335,4561,3242,74273,1413,68617,3573,142890,California
Kern,2021-03-14,2297,209603,1522,91086,534,113715,241,4802,1776,75766,521,69138,2014,144904,California
Kern,2021-03-15,4267,213870,1100,92186,2454,116169,713,5515,2199,76615,2056,71194,2905,147809,California
Kern,2021-03-16,4345,218215,1014,93200,2799,118968,532,6047,2336,77481,1999,73193,2865,150674,California
Kern,2021-03-17,7482,225697,4052,97252,2880,121848,550,6597,4521,79601,2950,76143,5070,155744,California
Kern,2021-03-18,7274,232971,3680,100932,3009,124857,585,7182,4402,81732,2852,78995,4983,160727,California
Kern,2021-03-19,8982,241953,4983,105915,3344,128201,655,7837,4715,82844,4252,83247,5364,166091,California
Kern,2021-03-20,6182,248135,3827,109742,2181,130382,174,8011,3917,84682,2254,85501,4092,170183,California
Kern,2021-03-21,3046,251181,1929,111671,236,130618,881,8892,1846,86214,1194,86695,2726,172909,California
Kern,2021-03-22,3991,255172,1567,113238,2067,132685,357,9249,1939,86473,2037,88732,2296,175205,California
Kern,2021-03-23,4735,259907,1676,114914,2860,135545,199,9448,2485,86934,2221,90953,2682,177887,California
Kern,2021-03-24,7182,267089,3674,118588,3031,138576,477,9925,3657,87560,3507,94460,4133,182020,California
Kern,2021-03-25,6757,273846,2996,121584,3430,142006,331,10256,3278,87704,3462,97922,3606,185626,California
Kern,2021-03-26,9872,283718,4416,126000,4200,146206,1256,11512,4741,88586,5113,103035,5995,191621,California
Kern,2021-03-27,5702,289420,3996,129996,1578,147784,128,11640,3445,89903,2255,105290,3572,195193,California
Kern,2021-03-28,4683,294103,4192,134188,477,148261,14,11654,2954,91143,1728,107018,2968,198161,California
Kern,2021-03-29,4253,298356,1680,135868,2294,150555,279,11933,2610,92398,1631,108649,2886,201047,California
Kern,2021-03-30,5602,303958,1873,137741,3344,153899,385,12318,3074,93332,2524,111173,3458,204505,California
Kern,2021-03-31,8408,312366,4545,142286,3214,157113,649,12967,4351,94290,4041,115214,4999,209504,California
Kern,2021-04-01,7885,320251,3874,146160,3713,160826,298,13265,4224,95169,3640,118854,4519,214023,California
Kern,2021-04-02,8436,328687,4454,150614,3375,164201,607,13872,4216,95782,4204,123058,4817,218840,California
Kern,2021-04-03,5989,334676,3671,154285,2135,166336,183,14055,2662,95306,3318,126376,2842,221682,California
Kern,2021-04-04,1338,336014,875,155160,379,166715,84,14139,476,95007,859,127235,560,222242,California
Kern,2021-04-05,5373,341387,2224,157384,2379,169094,770,14909,2908,96211,2453,129688,3657,225899,California
Kern,2021-04-06,7104,348491,2470,159854,3263,172357,1371,16280,3566,97633,3514,133202,4936,230835,California
Kern,2021-04-07,9365,357856,5462,165316,2941,175298,962,17242,4569,98395,4777,137979,5539,236374,California
Kern,2021-04-08,8635,366491,4782,170098,2948,178246,905,18147,3709,98107,4904,142883,4616,240990,California
Kern,2021-04-09,10201,376692,5123,175221,4091,182337,987,19134,4333,97595,5843,148726,5331,246321,California
Kern,2021-04-10,6544,383236,3433,178654,1870,184207,1241,20375,2123,96545,4411,153137,3361,249682,California
Kern,2021-04-11,3833,387069,2892,181546,356,184563,585,20960,1249,95803,2572,155709,1830,251512,California
Kern,2021-04-12,4382,391451,984,182530,2427,186990,971,21931,1569,95546,2796,158505,2539,254051,California
Kern,2021-04-13,4280,395731,1409,183939,2846,189836,25,21956,2111,95525,2158,160663,2137,256188,California
Kern,2021-04-14,6040,401771,2964,186903,3054,192890,22,21978,2988,95497,3037,163700,3009,259197,California
Kern,2021-04-15,5268,407039,2469,189372,2797,195687,2,21980,2502,95252,2749,166449,2504,261701,California
Kern,2021-04-16,7244,414283,3435,192807,3808,199495,1,21981,2954,93942,4266,170715,2956,264657,California
Kern,2021-04-17,5888,420171,3854,196661,2034,201529,0,21981,2091,92252,3782,174497,2092,266749,California
Kern,2021-04-18,3776,423947,3539,200200,237,201766,0,21981,913,90310,2855,177352,913,267662,California
Kern,2021-04-19,3816,427763,1726,201926,2088,203854,2,21983,1411,89336,2385,179737,1411,269073,California
Kern,2021-04-20,4333,432096,1557,203483,2775,206629,1,21984,1629,88277,2690,182427,1631,270704,California
Kern,2021-04-21,5857,437953,3126,206609,2726,209355,5,21989,2131,86706,3705,186132,2134,272838,California
Kern,2021-04-22,4779,442732,2308,208917,2471,211826,0,21989,1689,85326,3070,189202,1690,274528,California
Kern,2021-04-23,6054,448786,2936,211853,3117,214943,1,21990,1893,83095,4125,193327,1894,276422,California
Kern,2021-04-24,4010,452796,2804,214657,1195,216138,11,22001,1443,81999,2549,195876,1453,277875,California
Kern,2021-04-25,1339,454135,1061,215718,278,216416,0,22001,764,82194,569,196445,764,278639,California
Kern,2021-04-26,3787,457922,1820,217538,1915,218331,52,22053,1035,80541,2742,199187,1089,279728,California
Kern,2021-04-27,4637,462559,2275,219813,2261,220592,101,22154,1406,78826,3219,202406,1504,281232,California
Kern,2021-04-28,6250,468809,3676,223489,2451,223043,123,22277,1775,76262,4459,206865,1895,283127,California
Kern,2021-04-29,5513,474322,3063,226552,2350,225393,100,22377,1622,74114,3871,210736,1723,284850,California
Kern,2021-04-30,5597,479919,3130,229682,2307,227700,160,22537,1620,71928,3965,214701,1779,286629,California
Kern,2021-05-01,2580,482499,1803,231485,718,228418,59,22596,955,71326,1615,216316,1013,287642,California
Kern,2021-05-02,1885,484384,1601,233086,263,228681,21,22617,692,70852,1187,217503,713,288355,California
Kern,2021-05-03,2486,486870,987,234073,1367,230048,132,22749,761,70035,1711,219214,894,289249,California
Kern,2021-05-04,3610,490480,1284,235357,2217,232265,109,22858,1257,69061,2338,221552,1364,290613,California
Kern,2021-05-05,4138,494618,2133,237490,1855,234120,150,23008,1367,67820,2757,224309,1516,292129,California
Kern,2021-05-06,3528,498146,1569,239059,1816,235936,143,23151,1083,66616,2427,226736,1223,293352,California
Kern,2021-05-07,4569,502715,2298,241357,2096,238032,175,23326,1278,64802,3265,230001,1451,294803,California
Kern,2021-05-08,2893,505608,1822,243179,956,238988,115,23441,900,63836,1979,231980,1013,295816,California
Kern,2021-05-09,1297,506905,1122,244301,145,239133,30,23471,448,63472,842,232822,478,296294,California
Kern,2021-05-10,2207,509112,844,245145,1264,240397,99,23570,641,62661,1549,234371,738,297032,California
Kern,2021-05-11,2600,511712,909,246054,1568,241965,123,23693,942,62079,1648,236019,1066,298098,California
Kern,2021-05-12,3519,515231,1394,247448,1976,243941,149,23842,1110,60941,2397,238416,1259,299357,California
Kern,2021-05-13,3335,518566,1733,249181,1460,245401,142,23984,1552,60860,1771,240187,1690,301047,California
Kern,2021-05-14,4261,522827,2525,251706,1519,246920,217,24201,1971,60775,2272,242459,2187,303234,California
Kern,2021-05-15,2905,525732,1898,253604,920,247840,87,24288,1545,61060,1347,243806,1632,304866,California
Kern,2021-05-16,1540,527272,1319,254923,183,248023,38,24326,885,61333,650,244456,923,305789,California
Kern,2021-05-17,2295,529567,989,255912,1162,249185,144,24470,1181,61555,1102,245558,1324,307113,California
Kern,2021-05-18,3122,532689,1419,257331,1575,250760,128,24598,1602,61780,1504,247062,1729,308842,California
Kern,2021-05-19,3797,536486,2370,259701,1301,252061,126,24724,1836,61792,1949,249011,1961,310803,California
Kern,2021-05-20,2909,539395,1580,261281,1200,253261,129,24853,1331,61693,1557,250568,1458,312261,California
Kern,2021-05-21,3366,542761,2066,263347,1183,254444,117,24970,1700,61870,1640,252208,1817,314078,California
Kern,2021-05-22,2587,545348,2011,265358,539,254983,37,25007,1218,61764,1360,253568,1254,315332,California
Kern,2021-05-23,1153,546501,1004,266362,131,255114,18,25025,611,61856,536,254104,628,315960,California
Kern,2021-05-24,1806,548307,761,267123,930,256044,115,25140,869,61908,929,255033,981,316941,California
Kern,2021-05-25,2334,550641,1074,268197,1180,257224,80,25220,1121,61908,1201,256234,1201,318142,California
Kern,2021-05-26,2708,553349,1557,269754,1057,258281,94,25314,1174,61653,1521,257755,1266,319408,California
Kern,2021-05-27,2202,555551,1075,270829,1030,259311,97,25411,1102,61772,1079,258834,1198,320606,California
Kern,2021-05-28,2576,558127,1330,272159,1162,260473,84,25495,1205,61702,1359,260193,1289,321895,California
Kern,2021-05-29,1136,559263,886,273045,225,260698,25,25520,422,61446,703,260896,447,322342,California
Kings,2020-12-16,1,1,1,1,0,0,0,0,1,1,0,0,1,1,California
Kings,2020-12-17,8,9,8,9,0,0,0,0,8,9,0,0,8,9,California
Kings,2020-12-18,12,21,12,21,0,0,0,0,12,21,0,0,12,21,California
Kings,2020-12-19,11,32,11,32,0,0,0,0,11,32,0,0,11,32,California
Kings,2020-12-20,13,45,13,45,0,0,0,0,13,45,0,0,13,45,California
Kings,2020-12-21,156,201,156,201,0,0,0,0,269,314,0,0,269,314,California
Kings,2020-12-22,143,344,143,344,0,0,0,0,140,454,0,0,140,454,California
Kings,2020-12-23,136,480,123,467,13,13,0,0,137,591,0,0,137,591,California
Kings,2020-12-24,11,491,9,476,2,15,0,0,11,602,0,0,11,602,California
Kings,2020-12-26,7,498,4,480,3,18,0,0,7,609,0,0,7,609,California
Kings,2020-12-27,4,502,4,484,0,18,0,0,4,613,0,0,4,613,California
Kings,2020-12-28,131,633,103,587,28,46,0,0,132,745,0,0,132,745,California
Kings,2020-12-29,77,710,50,637,27,73,0,0,78,823,0,0,78,823,California
Kings,2020-12-30,149,859,109,746,40,113,0,0,149,972,0,0,149,972,California
Kings,2020-12-31,45,904,6,752,39,152,0,0,45,1017,0,0,45,1017,California
Kings,2021-01-01,1,905,0,752,1,153,0,0,1,1018,0,0,1,1018,California
Kings,2021-01-02,10,915,9,761,1,154,0,0,10,1028,0,0,10,1028,California
Kings,2021-01-04,111,1026,41,802,70,224,0,0,111,1139,0,0,111,1139,California
Kings,2021-01-05,195,1221,39,841,156,380,0,0,195,1334,0,0,195,1334,California
Kings,2021-01-06,277,1498,178,1019,99,479,0,0,274,1605,3,3,274,1608,California
Kings,2021-01-07,181,1679,82,1101,99,578,0,0,173,1770,8,11,173,1781,California
Kings,2021-01-08,248,1927,54,1155,194,772,0,0,229,1980,19,30,229,2010,California
Kings,2021-01-09,63,1990,9,1164,54,826,0,0,55,2027,8,38,55,2065,California
Kings,2021-01-10,15,2005,3,1167,12,838,0,0,12,2036,3,41,12,2077,California
Kings,2021-01-11,518,2523,354,1521,164,1002,0,0,276,2071,242,283,277,2354,California
Kings,2021-01-12,349,2872,252,1773,97,1099,0,0,215,2155,131,414,215,2569,California
Kings,2021-01-13,422,3294,275,2048,147,1246,0,0,330,2393,92,506,330,2899,California
Kings,2021-01-14,208,3502,30,2078,178,1424,0,0,198,2571,21,527,199,3098,California
Kings,2021-01-15,418,3920,30,2108,388,1812,0,0,406,2965,12,539,406,3504,California
Kings,2021-01-16,28,3948,9,2117,19,1831,0,0,27,2991,1,540,27,3531,California
Kings,2021-01-17,9,3957,6,2123,3,1834,0,0,7,2996,2,542,7,3538,California
Kings,2021-01-18,172,4129,40,2163,132,1966,0,0,146,3116,26,568,146,3684,California
Kings,2021-01-19,379,4508,160,2323,219,2185,0,0,251,3239,128,696,251,3935,California
Kings,2021-01-20,237,4745,146,2469,91,2276,0,0,127,3261,105,801,127,4062,California
Kings,2021-01-21,212,4957,57,2526,155,2431,0,0,197,3441,17,818,197,4259,California
Kings,2021-01-22,102,5059,16,2542,86,2517,0,0,102,3538,5,823,102,4361,California
Kings,2021-01-23,26,5085,14,2556,12,2529,0,0,20,3552,6,829,20,4381,California
Kings,2021-01-24,4,5089,4,2560,0,2529,0,0,2,3552,2,831,2,4383,California
Kings,2021-01-25,126,5215,27,2587,99,2628,0,0,91,3608,35,866,91,4474,California
Kings,2021-01-26,153,5368,34,2621,119,2747,0,0,114,3683,39,905,114,4588,California
Kings,2021-01-27,322,5690,34,2655,288,3035,0,0,248,3858,73,978,248,4836,California
Kings,2021-01-28,329,6019,46,2701,283,3318,0,0,273,4075,56,1034,273,5109,California
Kings,2021-01-29,86,6105,26,2727,60,3378,0,0,69,4127,17,1051,69,5178,California
Kings,2021-01-30,1558,7663,31,2758,1527,4905,0,0,1555,5681,3,1054,1557,6735,California
Kings,2021-02-01,199,7862,64,2822,135,5040,0,0,72,5628,125,1179,72,6807,California
Kings,2021-02-02,232,8094,14,2836,218,5258,0,0,82,5561,149,1328,82,6889,California
Kings,2021-02-03,357,8451,191,3027,166,5424,0,0,201,5607,155,1483,201,7090,California
Kings,2021-02-04,398,8849,99,3126,299,5723,0,0,200,5610,197,1680,200,7290,California
Kings,2021-02-05,260,9109,15,3141,245,5968,0,0,101,5554,157,1837,101,7391,California
Kings,2021-02-06,61,9170,10,3151,51,6019,0,0,28,5549,33,1870,28,7419,California
Kings,2021-02-07,5,9175,3,3154,2,6021,0,0,3,5550,2,1872,3,7422,California
Kings,2021-02-08,174,9349,29,3183,145,6166,0,0,68,5512,106,1978,68,7490,California
Kings,2021-02-09,254,9603,57,3240,197,6363,0,0,110,5480,142,2120,110,7600,California
Kings,2021-02-10,286,9889,113,3353,173,6536,0,0,169,5532,117,2237,169,7769,California
Kings,2021-02-11,432,10321,65,3418,367,6903,0,0,316,5733,115,2352,316,8085,California
Kings,2021-02-12,622,10943,36,3454,586,7489,0,0,346,5804,275,2627,346,8431,California
Kings,2021-02-13,104,11047,6,3460,98,7587,0,0,78,5856,26,2653,78,8509,California
Kings,2021-02-14,102,11149,4,3464,98,7685,0,0,94,5942,8,2661,94,8603,California
Kings,2021-02-15,246,11395,5,3469,241,7926,0,0,137,5971,108,2769,137,8740,California
Kings,2021-02-16,488,11883,33,3502,455,8381,0,0,251,5986,236,3005,251,8991,California
Kings,2021-02-17,380,12263,23,3525,357,8738,0,0,243,6093,137,3142,244,9235,California
Kings,2021-02-18,156,12419,23,3548,133,8871,0,0,98,6133,58,3200,98,9333,California
Kings,2021-02-19,159,12578,24,3572,135,9006,0,0,103,6183,53,3253,103,9436,California
Kings,2021-02-20,171,12749,40,3612,131,9137,0,0,134,6280,37,3290,134,9570,California
Kings,2021-02-21,3,12752,2,3614,1,9138,0,0,3,6283,0,3290,3,9573,California
Kings,2021-02-22,110,12862,19,3633,91,9229,0,0,50,6273,60,3350,50,9623,California
Kings,2021-02-23,297,13159,70,3703,227,9456,0,0,180,6336,117,3467,180,9803,California
Kings,2021-02-24,597,13756,154,3857,443,9899,0,0,385,6509,212,3679,385,10188,California
Kings,2021-02-25,685,14441,131,3988,554,10453,0,0,466,6758,217,3896,466,10654,California
Kings,2021-02-26,667,15108,137,4125,530,10983,0,0,605,7301,62,3958,605,11259,California
Kings,2021-02-27,1516,16624,65,4190,1451,12434,0,0,580,6946,935,4893,580,11839,California
Kings,2021-02-28,1171,17795,597,4787,574,13008,0,0,674,7126,494,5387,674,12513,California
Kings,2021-03-01,262,18057,79,4866,183,13191,0,0,215,7294,47,5434,215,12728,California
Kings,2021-03-02,508,18565,242,5108,266,13457,0,0,458,7703,50,5484,459,13187,California
Kings,2021-03-03,640,19205,314,5422,326,13783,0,0,449,7963,189,5673,449,13636,California
Kings,2021-03-04,732,19937,352,5774,380,14163,0,0,632,8496,100,5773,633,14269,California
Kings,2021-03-05,1085,21022,368,6142,708,14871,9,9,965,9351,120,5893,975,15244,California
Kings,2021-03-06,514,21536,187,6329,314,15185,13,22,484,9818,30,5923,497,15741,California
Kings,2021-03-07,366,21902,224,6553,138,15323,4,26,358,10172,8,5931,362,16103,California
Kings,2021-03-08,374,22276,96,6649,225,15548,53,79,263,10376,111,6042,315,16418,California
Kings,2021-03-09,551,22827,252,6901,244,15792,55,134,443,10768,107,6149,499,16917,California
Kings,2021-03-10,574,23401,128,7029,355,16147,91,225,389,11063,184,6333,479,17396,California
Kings,2021-03-11,1035,24436,307,7336,618,16765,110,335,629,11398,404,6737,739,18135,California
Kings,2021-03-12,1379,25815,445,7781,840,17605,94,429,976,12070,401,7138,1073,19208,California
Kings,2021-03-13,681,26496,333,8114,304,17909,44,473,556,12546,125,7263,601,19809,California
Kings,2021-03-14,675,27171,101,8215,185,18094,389,862,201,12662,474,7737,590,20399,California
Kings,2021-03-15,703,27874,266,8481,322,18416,115,977,466,13009,236,7973,583,20982,California
Kings,2021-03-16,1058,28932,446,8927,550,18966,62,1039,720,13453,338,8311,782,21764,California
Kings,2021-03-17,1098,30030,418,9345,619,19585,61,1100,780,13982,319,8630,848,22612,California
Kings,2021-03-18,1124,31154,474,9819,427,20012,223,1323,774,14633,349,8979,1000,23612,California
Kings,2021-03-19,964,32118,469,10288,410,20422,85,1408,738,15244,225,9204,836,24448,California
Kings,2021-03-20,640,32758,255,10543,354,20776,31,1439,465,15574,173,9377,503,24951,California
Kings,2021-03-21,1417,34175,1087,11630,319,21095,11,1450,863,15894,554,9931,874,25825,California
Kings,2021-03-22,447,34622,199,11829,164,21259,84,1534,273,16081,174,10105,361,26186,California
Kings,2021-03-23,916,35538,508,12337,345,21604,63,1597,556,16345,358,10463,622,26808,California
Kings,2021-03-24,957,36495,487,12824,447,22051,23,1620,506,16427,449,10912,531,27339,California
Kings,2021-03-25,918,37413,465,13289,427,22478,26,1646,447,16431,469,11381,473,27812,California
Kings,2021-03-26,1294,38707,379,13668,830,23308,85,1731,515,16256,774,12155,599,28411,California
Kings,2021-03-27,641,39348,258,13926,371,23679,12,1743,158,15945,481,12636,170,28581,California
Kings,2021-03-28,672,40020,601,14527,64,23743,7,1750,405,16098,267,12903,420,29001,California
Kings,2021-03-29,467,40487,210,14737,196,23939,61,1811,259,16211,206,13109,319,29320,California
Kings,2021-03-30,858,41345,473,15210,347,24286,38,1849,425,16242,432,13541,463,29783,California
Kings,2021-03-31,767,42112,378,15588,316,24602,73,1922,423,16402,336,13877,496,30279,California
Kings,2021-04-01,778,42890,388,15976,300,24902,90,2012,352,16424,420,14297,442,30721,California
Kings,2021-04-02,1009,43899,448,16424,437,25339,124,2136,392,16328,612,14909,516,31237,California
Kings,2021-04-03,489,44388,345,16769,135,25474,9,2145,166,16187,317,15226,176,31413,California
Kings,2021-04-04,156,44544,82,16851,68,25542,6,2151,42,16122,113,15339,48,31461,California
Kings,2021-04-05,1053,45597,325,17176,476,26018,252,2403,235,15791,817,16156,486,31947,California
Kings,2021-04-06,1202,46799,450,17626,440,26458,312,2715,280,15464,919,17075,592,32539,California
Kings,2021-04-07,1357,48156,647,18273,524,26982,186,2901,357,15016,997,18072,549,33088,California
Kings,2021-04-08,1609,49765,631,18904,726,27708,252,3153,362,14397,1240,19312,621,33709,California
Kings,2021-04-09,1152,50917,544,19448,430,28138,178,3331,232,13887,918,20230,408,34117,California
Kings,2021-04-10,589,51506,328,19776,159,28297,102,3433,167,13737,420,20650,270,34387,California
Kings,2021-04-11,352,51858,74,19850,271,28568,7,3440,194,13781,157,20807,201,34588,California
Kings,2021-04-12,698,52556,311,20161,187,28755,200,3640,193,13670,504,21311,393,34981,California
Kings,2021-04-13,903,53459,515,20676,388,29143,0,3640,287,13347,615,21926,292,35273,California
Kings,2021-04-14,1039,54498,575,21251,464,29607,0,3640,376,13061,663,22589,377,35650,California
Kings,2021-04-15,1048,55546,520,21771,527,30134,1,3641,450,12915,597,23186,451,36101,California
Kings,2021-04-16,770,56316,360,22131,410,30544,0,3641,257,12660,512,23698,257,36358,California
Kings,2021-04-17,458,56774,244,22375,214,30758,0,3641,186,12575,271,23969,186,36544,California
Kings,2021-04-18,562,57336,239,22614,323,31081,0,3641,43,12099,519,24488,43,36587,California
Kings,2021-04-19,531,57867,294,22908,237,31318,0,3641,285,12140,244,24732,285,36872,California
Kings,2021-04-20,738,58605,447,23355,291,31609,0,3641,236,11875,501,25233,236,37108,California
Kings,2021-04-21,642,59247,308,23663,334,31943,0,3641,222,11684,413,25646,222,37330,California
Kings,2021-04-22,553,59800,276,23939,277,32220,0,3641,202,11539,348,25994,203,37533,California
Kings,2021-04-23,664,60464,289,24228,375,32595,0,3641,327,11531,335,26329,327,37860,California
Kings,2021-04-24,246,60710,178,24406,67,32662,1,3642,118,11523,127,26456,119,37979,California
Kings,2021-04-25,200,60910,181,24587,19,32681,0,3642,164,11651,36,26492,164,38143,California
Kings,2021-04-26,300,61210,158,24745,139,32820,3,3645,189,11733,110,26602,192,38335,California
Kings,2021-04-27,408,61618,178,24923,211,33031,19,3664,170,11685,237,26839,189,38524,California
Kings,2021-04-28,510,62128,253,25176,237,33268,20,3684,263,11721,247,27086,283,38807,California
Kings,2021-04-29,288,62416,112,25288,165,33433,11,3695,135,11716,151,27237,146,38953,California
Kings,2021-04-30,366,62782,164,25452,185,33618,17,3712,153,11677,209,27446,170,39123,California
Kings,2021-05-01,230,63012,167,25619,53,33671,10,3722,74,11607,154,27600,84,39207,California
Kings,2021-05-02,168,63180,146,25765,22,33693,0,3722,126,11691,42,27642,126,39333,California
Kings,2021-05-03,473,63653,256,26021,204,33897,13,3735,123,11478,349,27991,136,39469,California
Kings,2021-05-04,519,64172,260,26281,239,34136,20,3755,161,11301,358,28349,181,39650,California
Kings,2021-05-05,551,64723,286,26567,245,34381,20,3775,137,11044,414,28763,157,39807,California
Kings,2021-05-06,541,65264,270,26837,248,34629,23,3798,121,10770,418,29181,144,39951,California
Kings,2021-05-07,365,65629,209,27046,142,34771,14,3812,147,10715,216,29397,161,40112,California
Kings,2021-05-08,229,65858,166,27212,52,34823,11,3823,74,10645,155,29552,85,40197,California
Kings,2021-05-09,192,66050,64,27276,128,34951,0,3823,40,10533,152,29704,40,40237,California
Kings,2021-05-10,339,66389,263,27539,66,35017,10,3833,115,10434,223,29927,124,40361,California
Kings,2021-05-11,373,66762,230,27769,115,35132,28,3861,117,10324,256,30183,146,40507,California
Kings,2021-05-12,372,67134,140,27909,219,35351,13,3874,160,10287,210,30393,173,40680,California
Kings,2021-05-13,385,67519,135,28044,232,35583,18,3892,149,10218,236,30629,167,40847,California
Kings,2021-05-14,463,67982,316,28360,116,35699,31,3923,241,10269,221,30850,272,41119,California
Kings,2021-05-15,348,68330,249,28609,82,35781,17,3940,194,10326,154,31004,211,41330,California
Kings,2021-05-16,250,68580,222,28831,27,35808,1,3941,79,10235,171,31175,80,41410,California
Kings,2021-05-17,405,68985,323,29154,65,35873,17,3958,218,10285,185,31360,235,41645,California
Kings,2021-05-18,390,69375,274,29428,103,35976,13,3971,226,10361,164,31524,240,41885,California
Kings,2021-05-19,574,69949,282,29710,270,36246,22,3993,231,10273,341,31865,253,42138,California
Kings,2021-05-20,398,70347,193,29903,178,36424,27,4020,241,10385,157,32022,269,42407,California
Kings,2021-05-21,450,70797,218,30121,222,36646,10,4030,225,10399,221,32243,235,42642,California
Kings,2021-05-22,254,71051,204,30325,39,36685,11,4041,192,10542,60,32303,203,42845,California
Kings,2021-05-23,200,71251,198,30523,2,36687,0,4041,97,10536,103,32406,97,42942,California
Kings,2021-05-24,248,71499,163,30686,71,36758,14,4055,122,10546,126,32532,136,43078,California
Kings,2021-05-25,383,71882,260,30946,102,36860,21,4076,237,10659,145,32677,258,43336,California
Kings,2021-05-26,305,72187,124,31070,163,37023,18,4094,132,10636,173,32850,150,43486,California
Kings,2021-05-27,328,72515,183,31253,127,37150,18,4112,184,10697,141,32991,202,43688,California
Kings,2021-05-28,289,72804,141,31394,130,37280,18,4130,140,10708,146,33137,157,43845,California
Kings,2021-05-29,54,72858,25,31419,23,37303,6,4136,20,10701,33,33170,26,43871,California
Lake,2020-12-17,4,4,4,4,0,0,0,0,4,4,0,0,4,4,California
Lake,2020-12-18,51,55,51,55,0,0,0,0,51,55,0,0,51,55,California
Lake,2020-12-19,3,58,3,58,0,0,0,0,3,58,0,0,3,58,California
Lake,2020-12-20,6,64,6,64,0,0,0,0,6,64,0,0,6,64,California
Lake,2020-12-21,86,150,86,150,0,0,0,0,86,150,0,0,86,150,California
Lake,2020-12-22,63,213,60,210,3,3,0,0,63,213,0,0,63,213,California
Lake,2020-12-23,123,336,114,324,9,12,0,0,123,336,0,0,123,336,California
Lake,2020-12-24,2,338,0,324,2,14,0,0,2,338,0,0,2,338,California
Lake,2020-12-26,2,340,2,326,0,14,0,0,2,340,0,0,2,340,California
Lake,2020-12-27,2,342,2,328,0,14,0,0,2,342,0,0,2,342,California
Lake,2020-12-28,52,394,43,371,9,23,0,0,52,394,0,0,52,394,California
Lake,2020-12-29,50,444,45,416,5,28,0,0,50,444,0,0,50,444,California
Lake,2020-12-30,126,570,119,535,7,35,0,0,126,570,0,0,126,570,California
Lake,2020-12-31,67,637,64,599,3,38,0,0,67,637,0,0,67,637,California
Lake,2021-01-01,1,638,0,599,1,39,0,0,1,638,0,0,1,638,California
Lake,2021-01-02,2,640,1,600,1,40,0,0,2,640,0,0,2,640,California
Lake,2021-01-04,88,728,21,621,67,107,0,0,88,728,0,0,88,728,California
Lake,2021-01-05,120,848,59,680,61,168,0,0,118,844,2,2,118,846,California
Lake,2021-01-06,105,953,65,745,40,208,0,0,103,945,2,4,103,949,California
Lake,2021-01-07,108,1061,85,830,23,231,0,0,99,1035,9,13,99,1048,California
Lake,2021-01-08,152,1213,124,954,28,259,0,0,100,1083,52,65,100,1148,California
Lake,2021-01-09,63,1276,61,1015,2,261,0,0,59,1138,4,69,59,1207,California
Lake,2021-01-10,3,1279,3,1018,0,261,0,0,0,1135,3,72,0,1207,California
Lake,2021-01-11,192,1471,151,1169,41,302,0,0,112,1167,80,152,112,1319,California
Lake,2021-01-12,81,1552,48,1217,33,335,0,0,57,1200,24,176,57,1376,California
Lake,2021-01-13,165,1717,112,1329,53,388,0,0,108,1251,57,233,108,1484,California
Lake,2021-01-14,147,1864,46,1375,101,489,0,0,125,1354,22,255,125,1609,California
Lake,2021-01-15,218,2082,92,1467,126,615,0,0,191,1518,27,282,191,1800,California
Lake,2021-01-16,134,2216,81,1548,53,668,0,0,132,1648,2,284,132,1932,California
Lake,2021-01-17,18,2234,6,1554,12,680,0,0,12,1654,6,290,12,1944,California
Lake,2021-01-18,246,2480,227,1781,19,699,0,0,125,1658,121,411,125,2069,California
Lake,2021-01-19,312,2792,118,1899,194,893,0,0,267,1881,45,456,268,2337,California
Lake,2021-01-20,422,3214,80,1979,342,1235,0,0,358,2176,63,519,358,2695,California
Lake,2021-01-21,434,3648,49,2028,385,1620,0,0,399,2540,35,554,399,3094,California
Lake,2021-01-22,318,3966,46,2074,272,1892,0,0,282,2786,36,590,282,3376,California
Lake,2021-01-23,122,4088,5,2079,117,2009,0,0,121,2906,1,591,121,3497,California
Lake,2021-01-24,5,4093,2,2081,3,2012,0,0,5,2911,0,591,5,3502,California
Lake,2021-01-25,258,4351,95,2176,163,2175,0,0,177,3007,81,672,177,3679,California
Lake,2021-01-26,430,4781,36,2212,394,2569,0,0,407,3391,23,695,407,4086,California
Lake,2021-01-27,359,5140,41,2253,318,2887,0,0,331,3695,28,723,332,4418,California
Lake,2021-01-28,498,5638,161,2414,337,3224,0,0,368,3933,130,853,368,4786,California
Lake,2021-01-29,639,6277,86,2500,553,3777,0,0,579,4452,60,913,579,5365,California
Lake,2021-01-30,553,6830,44,2544,509,4286,0,0,547,4993,6,919,547,5912,California
Lake,2021-01-31,14,6844,8,2552,6,4292,0,0,12,5003,2,921,12,5924,California
Lake,2021-02-01,180,7024,18,2570,162,4454,0,0,166,5155,14,935,166,6090,California
Lake,2021-02-02,564,7588,152,2722,412,4866,0,0,398,5387,166,1101,398,6488,California
Lake,2021-02-03,445,8033,33,2755,412,5278,0,0,340,5622,105,1206,340,6828,California
Lake,2021-02-04,119,8152,68,2823,51,5329,0,0,72,5647,47,1253,72,6900,California
Lake,2021-02-05,379,8531,70,2893,309,5638,0,0,288,5846,89,1342,288,7188,California
Lake,2021-02-06,275,8806,40,2933,235,5873,0,0,264,6099,11,1353,264,7452,California
Lake,2021-02-07,2,8808,1,2934,1,5874,0,0,2,6101,0,1353,2,7454,California
Lake,2021-02-08,279,9087,207,3141,72,5946,0,0,159,6140,120,1473,159,7613,California
Lake,2021-02-09,345,9432,24,3165,321,6267,0,0,301,6398,43,1516,301,7914,California
Lake,2021-02-10,352,9784,54,3219,298,6565,0,0,274,6594,78,1594,274,8188,California
Lake,2021-02-11,176,9960,18,3237,158,6723,0,0,58,6534,118,1712,58,8246,California
Lake,2021-02-12,374,10334,29,3266,345,7068,0,0,286,6733,87,1799,286,8532,California
Lake,2021-02-13,247,10581,7,3273,240,7308,0,0,236,6958,11,1810,236,8768,California
Lake,2021-02-14,20,10601,5,3278,15,7323,0,0,6,6950,14,1824,6,8774,California
Lake,2021-02-15,171,10772,13,3291,158,7481,0,0,8,6796,162,1986,8,8782,California
Lake,2021-02-16,424,11196,23,3314,401,7882,0,0,176,6724,248,2234,176,8958,California
Lake,2021-02-17,351,11547,54,3368,297,8179,0,0,70,6514,280,2514,70,9028,California
Lake,2021-02-18,459,12006,70,3438,389,8568,0,0,115,6285,344,2858,115,9143,California
Lake,2021-02-19,421,12427,28,3466,393,8961,0,0,94,6052,327,3185,94,9237,California
Lake,2021-02-20,295,12722,61,3527,234,9195,0,0,252,6262,42,3227,252,9489,California
Lake,2021-02-21,6,12728,6,3533,0,9195,0,0,0,6256,6,3233,0,9489,California
Lake,2021-02-22,141,12869,24,3557,117,9312,0,0,43,6201,98,3331,43,9532,California
Lake,2021-02-23,214,13083,14,3571,200,9512,0,0,28,6043,186,3517,28,9560,California
Lake,2021-02-24,957,14040,378,3949,579,10091,0,0,417,5921,539,4056,417,9977,California
Lake,2021-02-25,732,14772,467,4416,265,10356,0,0,472,6136,257,4313,472,10449,California
Lake,2021-02-26,995,15767,304,4720,691,11047,0,0,350,5844,642,4955,350,10799,California
Lake,2021-02-27,410,16177,98,4818,312,11359,0,0,328,6090,82,5037,328,11127,California
Lake,2021-02-28,17,16194,11,4829,6,11365,0,0,10,6093,7,5044,10,11137,California
Lake,2021-03-01,596,16790,53,4882,543,11908,0,0,443,6383,153,5197,443,11580,California
Lake,2021-03-02,744,17534,17,4899,727,12635,0,0,289,6217,455,5652,289,11869,California
Lake,2021-03-03,369,17903,196,5095,173,12808,0,0,146,6140,223,5875,146,12015,California
Lake,2021-03-04,579,18482,507,5602,72,12880,0,0,562,6685,17,5892,562,12577,California
Lake,2021-03-05,1048,19530,52,5654,996,13876,0,0,186,6013,858,6750,186,12763,California
Lake,2021-03-06,34,19564,9,5663,24,13900,1,1,21,6022,13,6763,22,12785,California
Lake,2021-03-07,7,19571,5,5668,2,13902,0,1,4,6023,3,6766,4,12789,California
Lake,2021-03-08,339,19910,267,5935,63,13965,9,10,299,6291,40,6806,308,13097,California
Lake,2021-03-09,930,20840,42,5977,871,14836,17,27,406,6191,523,7329,423,13520,California
Lake,2021-03-10,204,21044,60,6037,131,14967,13,40,135,6271,69,7398,149,13669,California
Lake,2021-03-11,585,21629,48,6085,62,15029,475,515,47,6255,538,7936,522,14191,California
Lake,2021-03-12,851,22480,203,6288,623,15652,25,540,362,6154,488,8424,387,14578,California
Lake,2021-03-13,278,22758,22,6310,20,15672,236,776,16,6144,261,8685,251,14829,California
Lake,2021-03-14,11,22769,2,6312,9,15681,0,776,7,6147,4,8689,7,14836,California
Lake,2021-03-15,642,23411,14,6326,611,16292,17,793,482,6486,160,8849,499,15335,California
Lake,2021-03-16,1113,24524,834,7160,262,16554,17,810,444,6281,665,9514,460,15795,California
Lake,2021-03-17,248,24772,121,7281,105,16659,22,832,92,6239,156,9670,114,15909,California
Lake,2021-03-18,748,25520,373,7654,338,16997,37,869,371,6270,376,10046,407,16316,California
Lake,2021-03-19,582,26102,315,7969,247,17244,20,889,475,6659,106,10152,495,16811,California
Lake,2021-03-20,250,26352,9,7978,238,17482,3,892,31,6476,217,10369,34,16845,California
Lake,2021-03-21,16,26368,11,7989,4,17486,1,893,11,6483,5,10374,12,16857,California
Lake,2021-03-22,337,26705,256,8245,67,17553,14,907,251,6662,86,10460,265,17122,California
Lake,2021-03-23,429,27134,21,8266,395,17948,13,920,364,6975,64,10524,377,17499,California
Lake,2021-03-24,423,27557,62,8328,353,18301,8,928,326,7214,96,10620,335,17834,California
Lake,2021-03-25,676,28233,485,8813,185,18486,6,934,178,6899,498,11118,183,18017,California
Lake,2021-03-26,68,28301,33,8846,34,18520,1,935,32,6896,36,11154,33,18050,California
Lake,2021-03-27,309,28610,7,8853,299,18819,3,938,17,6626,290,11444,20,18070,California
Lake,2021-03-28,17,28627,8,8861,9,18828,0,938,11,6631,6,11450,11,18081,California
Lake,2021-03-29,989,29616,286,9147,701,19529,2,940,205,6056,782,12232,207,18288,California
Lake,2021-03-30,464,30080,315,9462,147,19676,2,942,366,6327,97,12329,368,18656,California
Lake,2021-03-31,616,30696,60,9522,556,20232,0,942,434,6588,173,12502,434,19090,California
Lake,2021-04-01,447,31143,234,9756,201,20433,12,954,186,6529,257,12759,198,19288,California
Lake,2021-04-02,222,31365,41,9797,153,20586,28,982,97,6529,125,12884,125,19413,California
Lake,2021-04-03,32,31397,6,9803,23,20609,3,985,13,6526,19,12903,16,19429,California
Lake,2021-04-04,20,31417,11,9814,7,20616,2,987,15,6538,5,12908,17,19446,California
Lake,2021-04-05,642,32059,70,9884,553,21169,19,1006,402,6722,237,13145,421,19867,California
Lake,2021-04-06,477,32536,17,9901,434,21603,26,1032,304,6880,172,13317,330,20197,California
Lake,2021-04-07,522,33058,57,9958,414,22017,51,1083,353,7118,167,13484,405,20602,California
Lake,2021-04-08,602,33660,492,10450,45,22062,65,1148,102,6792,497,13981,171,20773,California
Lake,2021-04-09,281,33941,39,10489,173,22235,69,1217,48,6678,230,14211,116,20889,California
Lake,2021-04-10,254,34195,15,10504,14,22249,225,1442,10,6669,244,14455,235,21124,California
Lake,2021-04-11,22,34217,17,10521,3,22252,2,1444,7,6663,15,14470,9,21133,California
Lake,2021-04-12,1068,35285,232,10753,803,23055,33,1477,237,6103,830,15300,270,21403,California
Lake,2021-04-13,180,35465,109,10862,71,23126,0,1477,54,6031,126,15426,54,21457,California
Lake,2021-04-14,614,36079,38,10900,576,23702,0,1477,549,6516,64,15490,549,22006,California
Lake,2021-04-15,640,36719,192,11092,448,24150,0,1477,331,6538,309,15799,331,22337,California
Lake,2021-04-16,265,36984,30,11122,234,24384,1,1478,74,6423,190,15989,75,22412,California
Lake,2021-04-17,43,37027,12,11134,31,24415,0,1478,33,6446,10,15999,33,22445,California
Lake,2021-04-18,8,37035,5,11139,3,24418,0,1478,0,6438,8,16007,0,22445,California
Lake,2021-04-19,297,37332,38,11177,259,24677,0,1478,246,6633,51,16058,246,22691,California
Lake,2021-04-20,691,38023,277,11454,414,25091,0,1478,91,6126,599,16657,92,22783,California
Lake,2021-04-21,533,38556,64,11518,469,25560,0,1478,199,5991,334,16991,199,22982,California
Lake,2021-04-22,467,39023,50,11568,417,25977,0,1478,318,6161,148,17139,318,23300,California
Lake,2021-04-23,115,39138,60,11628,55,26032,0,1478,69,6184,46,17185,69,23369,California
Lake,2021-04-24,53,39191,9,11637,44,26076,0,1478,39,6209,14,17199,39,23408,California
Lake,2021-04-25,36,39227,19,11656,17,26093,0,1478,24,6221,12,17211,24,23432,California
Lake,2021-04-26,289,39516,80,11736,208,26301,1,1479,85,6103,204,17415,86,23518,California
Lake,2021-04-27,244,39760,22,11758,204,26505,18,1497,81,6039,163,17578,99,23617,California
Lake,2021-04-28,508,40268,48,11806,445,26950,15,1512,89,5725,417,17995,103,23720,California
Lake,2021-04-29,213,40481,84,11890,113,27063,16,1528,113,5754,100,18095,129,23849,California
Lake,2021-04-30,289,40770,46,11936,212,27275,31,1559,149,5794,140,18235,180,24029,California
Lake,2021-05-01,47,40817,26,11962,19,27294,2,1561,32,5813,15,18250,34,24063,California
Lake,2021-05-02,18,40835,9,11971,8,27302,1,1562,9,5814,9,18259,10,24073,California
Lake,2021-05-03,411,41246,27,11998,349,27651,35,1597,64,5567,346,18605,99,24172,California
Lake,2021-05-04,404,41650,216,12214,140,27791,48,1645,124,5460,279,18884,172,24344,California
Lake,2021-05-05,630,42280,45,12259,573,28364,12,1657,87,5018,540,19424,98,24442,California
Lake,2021-05-06,142,42422,19,12278,94,28458,29,1686,73,5050,69,19493,101,24543,California
Lake,2021-05-07,166,42588,30,12308,116,28574,20,1706,102,5110,62,19555,122,24665,California
Lake,2021-05-08,43,42631,8,12316,35,28609,0,1706,36,5139,7,19562,36,24701,California
Lake,2021-05-09,17,42648,2,12318,10,28619,5,1711,10,5147,7,19569,15,24716,California
Lake,2021-05-10,244,42892,12,12330,205,28824,27,1738,59,5049,184,19753,86,24802,California
Lake,2021-05-11,193,43085,27,12357,151,28975,15,1753,117,5106,76,19829,133,24935,California
Lake,2021-05-12,540,43625,31,12388,489,29464,20,1773,54,4693,486,20315,73,25008,California
Lake,2021-05-13,301,43926,58,12446,230,29694,13,1786,65,4537,234,20549,78,25086,California
Lake,2021-05-14,264,44190,81,12527,164,29858,19,1805,161,4615,101,20650,179,25265,California
Lake,2021-05-15,45,44235,18,12545,24,29882,3,1808,27,4627,18,20668,30,25295,California
Lake,2021-05-16,31,44266,17,12562,13,29895,1,1809,16,4629,15,20683,17,25312,California
Lake,2021-05-17,315,44581,44,12606,256,30151,15,1824,84,4500,228,20911,99,25411,California
Lake,2021-05-18,303,44884,67,12673,217,30368,19,1843,175,4567,127,21038,194,25605,California
Lake,2021-05-19,302,45186,57,12730,230,30598,15,1858,78,4437,223,21261,93,25698,California
Lake,2021-05-20,227,45413,60,12790,156,30754,11,1869,90,4401,137,21398,101,25799,California
Lake,2021-05-21,251,45664,53,12843,175,30929,23,1892,98,4371,151,21549,121,25920,California
Lake,2021-05-22,87,45751,51,12894,34,30963,2,1894,45,4376,42,21591,47,25967,California
Lake,2021-05-23,51,45802,27,12921,23,30986,1,1895,27,4380,24,21615,28,25995,California
Lake,2021-05-24,151,45953,36,12957,102,31088,13,1908,69,4380,82,21697,82,26077,California
Lake,2021-05-25,194,46147,51,13008,129,31217,14,1922,69,4339,124,21821,83,26160,California
Lake,2021-05-26,150,46297,45,13053,93,31310,12,1934,53,4309,95,21916,65,26225,California
Lake,2021-05-27,159,46456,45,13098,100,31410,14,1948,63,4291,95,22011,77,26302,California
Lake,2021-05-28,180,46636,22,13120,128,31538,30,1978,45,4231,135,22146,75,26377,California
Lake,2021-05-29,18,46654,3,13123,10,31548,5,1983,9,4236,9,22155,14,26391,California
Lassen,2020-12-16,8,8,8,8,0,0,0,0,8,8,0,0,8,8,California
Lassen,2020-12-17,6,14,6,14,0,0,0,0,6,14,0,0,6,14,California
Lassen,2020-12-18,1,15,1,15,0,0,0,0,1,15,0,0,1,15,California
Lassen,2020-12-19,5,20,5,20,0,0,0,0,5,20,0,0,5,20,California
Lassen,2020-12-20,2,22,2,22,0,0,0,0,2,22,0,0,2,22,California
Lassen,2020-12-21,11,33,11,33,0,0,0,0,11,33,0,0,11,33,California
Lassen,2020-12-22,22,55,22,55,0,0,0,0,22,55,0,0,22,55,California
Lassen,2020-12-23,6,61,6,61,0,0,0,0,6,61,0,0,6,61,California
Lassen,2020-12-24,11,72,11,72,0,0,0,0,11,72,0,0,11,72,California
Lassen,2020-12-28,3,75,2,74,1,1,0,0,3,75,0,0,3,75,California
Lassen,2020-12-29,35,110,35,109,0,1,0,0,35,110,0,0,35,110,California
Lassen,2020-12-30,36,146,35,144,1,2,0,0,36,146,0,0,36,146,California
Lassen,2020-12-31,49,195,42,186,7,9,0,0,49,195,0,0,49,195,California
Lassen,2021-01-02,1,196,0,186,1,10,0,0,1,196,0,0,1,196,California
Lassen,2021-01-04,15,211,2,188,13,23,0,0,15,211,0,0,15,211,California
Lassen,2021-01-05,193,404,52,240,141,164,0,0,193,404,0,0,193,404,California
Lassen,2021-01-06,95,499,44,284,51,215,0,0,87,484,8,8,88,492,California
Lassen,2021-01-07,43,542,7,291,36,251,0,0,37,515,6,14,37,529,California
Lassen,2021-01-08,50,592,2,293,48,299,0,0,50,565,0,14,50,579,California
Lassen,2021-01-09,12,604,6,299,6,305,0,0,12,577,0,14,12,591,California
Lassen,2021-01-11,27,631,5,304,22,327,0,0,27,604,0,14,27,618,California
Lassen,2021-01-12,48,679,28,332,20,347,0,0,30,616,18,32,30,648,California
Lassen,2021-01-13,162,841,19,351,143,490,0,0,147,748,15,47,147,795,California
Lassen,2021-01-14,162,1003,18,369,144,634,0,0,150,886,12,59,150,945,California
Lassen,2021-01-15,32,1035,6,375,26,660,0,0,32,918,0,59,32,977,California
Lassen,2021-01-16,34,1069,33,408,1,661,0,0,34,952,0,59,34,1011,California
Lassen,2021-01-17,1,1070,0,408,1,662,0,0,1,953,0,59,1,1012,California
Lassen,2021-01-18,5,1075,2,410,3,665,0,0,4,956,1,60,4,1016,California
Lassen,2021-01-19,186,1261,36,446,150,815,0,0,158,1086,28,88,158,1174,California
Lassen,2021-01-20,188,1449,100,546,88,903,0,0,105,1123,68,156,105,1279,California
Lassen,2021-01-21,145,1594,93,639,52,955,0,0,121,1226,18,174,121,1400,California
Lassen,2021-01-22,31,1625,18,657,13,968,0,0,21,1237,10,184,21,1421,California
Lassen,2021-01-23,2,1627,0,657,2,970,0,0,2,1239,0,184,2,1423,California
Lassen,2021-01-24,1,1628,0,657,1,971,0,0,1,1240,0,184,1,1424,California
Lassen,2021-01-25,12,1640,1,658,11,982,0,0,11,1250,1,185,11,1435,California
Lassen,2021-01-26,126,1766,12,670,114,1096,0,0,122,1368,4,189,122,1557,California
Lassen,2021-01-27,87,1853,35,705,52,1148,0,0,69,1419,18,207,69,1626,California
Lassen,2021-01-28,85,1938,15,720,70,1218,0,0,84,1502,1,208,84,1710,California
Lassen,2021-01-29,23,1961,7,727,16,1234,0,0,22,1523,1,209,22,1732,California
Lassen,2021-02-01,61,2022,4,731,57,1291,0,0,36,1534,25,234,36,1768,California
Lassen,2021-02-02,177,2199,12,743,165,1456,0,0,44,1445,133,367,44,1812,California
Lassen,2021-02-03,96,2295,21,764,75,1531,0,0,50,1449,46,413,50,1862,California
Lassen,2021-02-04,112,2407,15,779,97,1628,0,0,63,1463,49,462,63,1925,California
Lassen,2021-02-05,66,2473,12,791,54,1682,0,0,24,1445,42,504,24,1949,California
Lassen,2021-02-06,69,2542,34,825,35,1717,0,0,36,1449,32,536,36,1985,California
Lassen,2021-02-07,1,2543,1,826,0,1717,0,0,1,1450,0,536,1,1986,California
Lassen,2021-02-08,44,2587,4,830,40,1757,0,0,18,1442,26,562,18,2004,California
Lassen,2021-02-09,128,2715,7,837,121,1878,0,0,49,1412,79,641,49,2053,California
Lassen,2021-02-10,182,2897,21,858,161,2039,0,0,74,1378,108,749,74,2127,California
Lassen,2021-02-11,183,3080,16,874,167,2206,0,0,80,1356,102,851,80,2207,California
Lassen,2021-02-12,42,3122,11,885,31,2237,0,0,15,1344,27,878,15,2222,California
Lassen,2021-02-13,11,3133,3,888,8,2245,0,0,9,1351,2,880,9,2231,California
Lassen,2021-02-14,13,3146,0,888,13,2258,0,0,12,1362,1,881,12,2243,California
Lassen,2021-02-15,22,3168,3,891,19,2277,0,0,17,1375,4,885,17,2260,California
Lassen,2021-02-16,192,3360,4,895,188,2465,0,0,30,1245,160,1045,30,2290,California
Lassen,2021-02-17,183,3543,94,989,89,2554,0,0,10,1082,173,1218,10,2300,California
Lassen,2021-02-18,79,3622,22,1011,57,2611,0,0,19,1041,60,1278,19,2319,California
Lassen,2021-02-19,80,3702,60,1071,20,2631,0,0,17,995,63,1341,17,2336,California
Lassen,2021-02-20,8,3710,0,1071,8,2639,0,0,6,999,2,1343,6,2342,California
Lassen,2021-02-21,22,3732,2,1073,20,2659,0,0,18,1013,4,1347,18,2360,California
Lassen,2021-02-22,24,3756,10,1083,14,2673,0,0,6,1001,18,1365,6,2366,California
Lassen,2021-02-23,155,3911,11,1094,144,2817,0,0,43,932,112,1477,43,2409,California
Lassen,2021-02-24,164,4075,16,1110,148,2965,0,0,106,981,57,1534,106,2515,California
Lassen,2021-02-25,158,4233,21,1131,137,3102,0,0,99,1021,59,1593,99,2614,California
Lassen,2021-02-26,73,4306,16,1147,57,3159,0,0,36,1020,37,1630,36,2650,California
Lassen,2021-02-27,8,4314,7,1154,1,3160,0,0,3,1018,5,1635,3,2653,California
Lassen,2021-02-28,5,4319,0,1154,5,3165,0,0,3,1019,2,1637,3,2656,California
Lassen,2021-03-01,42,4361,4,1158,38,3203,0,0,8,994,33,1670,8,2664,California
Lassen,2021-03-02,106,4467,7,1165,99,3302,0,0,80,1049,25,1695,80,2744,California
Lassen,2021-03-03,167,4634,12,1177,155,3457,0,0,110,1102,57,1752,110,2854,California
Lassen,2021-03-04,149,4783,17,1194,132,3589,0,0,98,1150,50,1802,98,2952,California
Lassen,2021-03-05,49,4832,7,1201,18,3607,24,24,11,1147,38,1840,35,2987,California
Lassen,2021-03-06,55,4887,4,1205,29,3636,22,46,5,1124,50,1890,27,3014,California
Lassen,2021-03-07,57,4944,2,1207,0,3636,55,101,2,1126,55,1945,57,3071,California
Lassen,2021-03-08,89,5033,2,1209,7,3643,80,181,3,1123,86,2031,83,3154,California
Lassen,2021-03-09,137,5170,11,1220,109,3752,17,198,89,1181,48,2079,106,3260,California
Lassen,2021-03-10,173,5343,10,1230,161,3913,2,200,79,1169,93,2172,81,3341,California
Lassen,2021-03-11,183,5526,15,1245,161,4074,7,207,111,1218,69,2241,118,3459,California
Lassen,2021-03-12,34,5560,17,1262,13,4087,4,211,12,1212,22,2263,16,3475,California
Lassen,2021-03-13,48,5608,0,1262,2,4089,46,257,1,1211,47,2310,46,3521,California
Lassen,2021-03-14,14,5622,2,1264,11,4100,1,258,2,1202,12,2322,3,3524,California
Lassen,2021-03-15,34,5656,3,1267,31,4131,0,258,16,1200,18,2340,16,3540,California
Lassen,2021-03-16,93,5749,2,1269,85,4216,6,264,74,1261,19,2359,80,3620,California
Lassen,2021-03-17,1083,6832,9,1278,1069,5285,5,269,1064,2311,19,2378,1069,4689,California
Lassen,2021-03-18,93,6925,9,1287,83,5368,1,270,80,2379,13,2391,81,4770,California
Lassen,2021-03-19,17,6942,11,1298,2,5370,4,274,7,2380,10,2401,11,4781,California
Lassen,2021-03-20,28,6970,3,1301,22,5392,3,277,21,2397,7,2408,24,4805,California
Lassen,2021-03-21,34,7004,0,1301,34,5426,0,277,14,2392,19,2427,14,4819,California
Lassen,2021-03-22,58,7062,1,1302,57,5483,0,277,55,2444,3,2430,55,4874,California
Lassen,2021-03-23,120,7182,11,1313,108,5591,1,278,67,2459,53,2483,68,4942,California
Lassen,2021-03-24,213,7395,13,1326,199,5790,1,279,107,2463,104,2587,108,5050,California
Lassen,2021-03-25,152,7547,21,1347,131,5921,0,279,69,2449,83,2670,69,5119,California
Lassen,2021-03-26,78,7625,13,1360,26,5947,39,318,19,2448,58,2728,57,5176,California
Lassen,2021-03-27,19,7644,3,1363,1,5948,15,333,2,2448,17,2745,17,5193,California
Lassen,2021-03-28,18,7662,3,1366,5,5953,10,343,3,2446,15,2760,13,5206,California
Lassen,2021-03-29,52,7714,0,1366,27,5980,25,368,20,2460,31,2791,45,5251,California
Lassen,2021-03-30,197,7911,10,1376,161,6141,26,394,52,2393,145,2936,78,5329,California
Lassen,2021-03-31,147,8058,12,1388,113,6254,22,416,62,2393,84,3020,84,5413,California
Lassen,2021-04-01,165,8223,15,1403,131,6385,19,435,48,2344,116,3136,67,5480,California
Lassen,2021-04-02,30,8253,4,1407,3,6388,23,458,2,2341,28,3164,25,5505,California
Lassen,2021-04-03,12,8265,0,1407,2,6390,10,468,0,2339,12,3176,10,5515,California
Lassen,2021-04-04,7,8272,2,1409,0,6390,5,473,1,2339,6,3182,6,5521,California
Lassen,2021-04-05,22,8294,4,1413,11,6401,7,480,11,2346,11,3193,18,5539,California
Lassen,2021-04-06,183,8477,9,1422,144,6545,30,510,52,2297,131,3324,82,5621,California
Lassen,2021-04-07,134,8611,6,1428,91,6636,37,547,32,2266,102,3426,71,5692,California
Lassen,2021-04-08,166,8777,8,1436,102,6738,56,603,31,2222,131,3557,87,5779,California
Lassen,2021-04-09,51,8828,6,1442,10,6748,35,638,8,2222,42,3599,42,5821,California
Lassen,2021-04-10,9,8837,0,1442,2,6750,7,645,0,2221,8,3607,7,5828,California
Lassen,2021-04-11,5,8842,2,1444,0,6750,3,648,2,2223,3,3610,5,5833,California
Lassen,2021-04-12,31,8873,3,1447,15,6765,13,661,3,2211,28,3638,16,5849,California
Lassen,2021-04-13,129,9002,6,1453,123,6888,0,661,40,2163,88,3726,40,5889,California
Lassen,2021-04-14,987,9989,16,1469,971,7859,0,661,50,1277,936,4662,50,5939,California
Lassen,2021-04-15,147,10136,14,1483,133,7992,0,661,19,1168,128,4790,19,5958,California
Lassen,2021-04-16,12,10148,4,1487,8,8000,0,661,5,1166,7,4797,5,5963,California
Lassen,2021-04-17,22,10170,2,1489,20,8020,0,661,4,1152,18,4815,4,5967,California
Lassen,2021-04-18,5,10175,2,1491,3,8023,0,661,2,1151,3,4818,2,5969,California
Lassen,2021-04-19,32,10207,0,1491,32,8055,0,661,16,1151,16,4834,16,5985,California
Lassen,2021-04-20,138,10345,7,1498,131,8186,0,661,52,1117,86,4920,52,6037,California
Lassen,2021-04-21,164,10509,10,1508,154,8340,0,661,32,1019,130,5050,32,6069,California
Lassen,2021-04-22,103,10612,17,1525,86,8426,0,661,33,982,70,5120,33,6102,California
Lassen,2021-04-23,26,10638,1,1526,25,8451,0,661,20,996,6,5126,20,6122,California
Lassen,2021-04-24,9,10647,5,1531,4,8455,0,661,3,993,6,5132,3,6125,California
Lassen,2021-04-25,5,10652,0,1531,4,8459,1,662,3,995,2,5134,4,6129,California
Lassen,2021-04-26,40,10692,0,1531,36,8495,4,666,7,973,33,5167,11,6140,California
Lassen,2021-04-27,123,10815,9,1540,111,8606,3,669,70,993,53,5220,73,6213,California
Lassen,2021-04-28,84,10899,8,1548,74,8680,2,671,31,973,53,5273,33,6246,California
Lassen,2021-04-29,65,10964,6,1554,56,8736,3,674,22,956,42,5315,25,6271,California
Lassen,2021-04-30,13,10977,8,1562,2,8738,3,677,4,954,9,5324,7,6278,California
Lassen,2021-05-01,4,10981,0,1562,3,8741,1,678,3,957,1,5325,4,6282,California
Lassen,2021-05-02,11,10992,7,1569,4,8745,0,678,7,960,4,5329,7,6289,California
Lassen,2021-05-03,18,11010,1,1570,10,8755,7,685,3,955,15,5344,10,6299,California
Lassen,2021-05-04,71,11081,4,1574,59,8814,8,693,20,932,51,5395,28,6327,California
Lassen,2021-05-05,81,11162,4,1578,67,8881,10,703,26,914,54,5449,36,6363,California
Lassen,2021-05-06,83,11245,21,1599,40,8921,22,725,24,901,59,5508,46,6409,California
Lassen,2021-05-07,47,11292,32,1631,10,8931,5,730,39,937,8,5516,44,6453,California
Lassen,2021-05-08,11,11303,0,1631,5,8936,6,736,4,940,7,5523,10,6463,California
Lassen,2021-05-09,3,11306,1,1632,0,8936,2,738,0,939,3,5526,2,6465,California
Lassen,2021-05-10,13,11319,1,1633,9,8945,3,741,7,943,6,5532,10,6475,California
Lassen,2021-05-11,70,11389,1,1634,60,9005,9,750,19,920,51,5583,28,6503,California
Lassen,2021-05-12,41,11430,4,1638,32,9037,5,755,12,908,29,5612,17,6520,California
Lassen,2021-05-13,37,11467,11,1649,21,9058,5,760,12,900,25,5637,17,6537,California
Lassen,2021-05-14,23,11490,5,1654,10,9068,8,768,12,909,11,5648,20,6557,California
Lassen,2021-05-15,16,11506,2,1656,4,9072,10,778,4,911,12,5660,14,6571,California
Lassen,2021-05-16,7,11513,2,1658,3,9075,2,780,2,911,4,5664,4,6575,California
Lassen,2021-05-17,35,11548,3,1661,20,9095,12,792,11,910,24,5688,23,6598,California
Lassen,2021-05-18,95,11643,12,1673,70,9165,13,805,31,890,64,5752,44,6642,California
Lassen,2021-05-19,64,11707,6,1679,47,9212,11,816,11,859,52,5804,21,6663,California
Lassen,2021-05-20,30,11737,5,1684,16,9228,9,825,9,856,21,5825,18,6681,California
Lassen,2021-05-21,65,11802,31,1715,21,9249,13,838,35,874,30,5855,48,6729,California
Lassen,2021-05-22,16,11818,1,1716,7,9256,8,846,6,878,10,5865,14,6743,California
Lassen,2021-05-23,7,11825,4,1720,2,9258,1,847,1,874,6,5871,2,6745,California
Lassen,2021-05-24,13,11838,1,1721,9,9267,3,850,6,877,6,5877,9,6754,California
Lassen,2021-05-25,98,11936,5,1726,86,9353,7,857,32,850,66,5943,39,6793,California
Lassen,2021-05-26,59,11995,2,1728,43,9396,14,871,12,829,47,5990,26,6819,California
Lassen,2021-05-27,42,12037,17,1745,17,9413,8,879,10,816,31,6021,18,6837,California
Lassen,2021-05-28,71,12108,44,1789,19,9432,8,887,30,813,41,6062,38,6875,California
Lassen,2021-05-29,3,12111,1,1790,1,9433,1,888,1,813,2,6064,2,6877,California
Los Angeles,2020-12-15,395,395,395,395,0,0,0,0,395,395,0,0,395,395,California
Los Angeles,2020-12-16,3586,3981,3586,3981,0,0,0,0,3586,3981,0,0,3586,3981,California
Los Angeles,2020-12-17,10290,14271,10290,14271,0,0,0,0,10291,14272,0,0,10291,14272,California
Los Angeles,2020-12-18,14557,28828,14534,28805,23,23,0,0,14557,28829,0,0,14557,28829,California
Los Angeles,2020-12-19,7234,36062,7225,36030,9,32,0,0,7235,36064,0,0,7235,36064,California
Los Angeles,2020-12-20,4604,40666,4596,40626,8,40,0,0,4606,40670,0,0,4606,40670,California
Los Angeles,2020-12-21,13730,54396,13713,54339,17,57,0,0,13730,54399,1,1,13730,54400,California
Los Angeles,2020-12-22,11550,65946,11160,65499,390,447,0,0,11551,65949,1,2,11551,65951,California
Los Angeles,2020-12-23,11972,77918,10202,75701,1770,2217,0,0,11972,77921,0,2,11972,77923,California
Los Angeles,2020-12-24,7040,84958,4267,79968,2773,4990,0,0,7042,84963,0,2,7042,84965,California
Los Angeles,2020-12-25,529,85487,422,80390,107,5097,0,0,529,85492,0,2,529,85494,California
Los Angeles,2020-12-26,2543,88030,2191,82581,352,5449,0,0,2542,88033,1,3,2542,88036,California
Los Angeles,2020-12-27,1773,89803,1036,83617,737,6186,0,0,1773,89806,0,3,1773,89809,California
Los Angeles,2020-12-28,10331,100134,6404,90021,3927,10113,0,0,10328,100133,1,4,10328,100137,California
Los Angeles,2020-12-29,11614,111748,6086,96107,5528,15641,0,0,11615,111748,0,4,11615,111752,California
Los Angeles,2020-12-30,14886,126634,8098,104205,6788,22429,0,0,14885,126633,0,4,14885,126637,California
Los Angeles,2020-12-31,7957,134591,2763,106968,5194,27623,0,0,7954,134585,2,6,7954,134591,California
Los Angeles,2021-01-01,1031,135622,287,107255,744,28367,0,0,1031,135616,0,6,1031,135622,California
Los Angeles,2021-01-02,4481,140103,1825,109080,2656,31023,0,0,4481,140097,0,6,4481,140103,California
Los Angeles,2021-01-03,957,141060,377,109457,580,31603,0,0,956,141052,1,7,956,141059,California
Los Angeles,2021-01-04,12734,153794,5014,114471,7720,39323,0,0,12719,153768,3,10,12719,153778,California
Los Angeles,2021-01-05,16084,169878,7406,121877,8678,48001,0,0,14172,166059,1885,1895,14176,167954,California
Los Angeles,2021-01-06,22720,192598,12241,134118,10479,58480,0,0,17087,177591,5564,7459,17096,185050,California
Los Angeles,2021-01-07,29417,222015,15947,150065,13470,71950,0,0,18863,185963,10506,17965,18878,203928,California
Los Angeles,2021-01-08,33187,255202,18021,168086,15166,87116,0,0,20918,194648,12243,30208,20928,224856,California
Los Angeles,2021-01-09,12395,267597,7158,175244,5237,92353,0,0,7511,197285,4881,35089,7518,232374,California
Los Angeles,2021-01-10,4696,272293,3731,178975,965,93318,0,0,1962,196514,2734,37823,1963,234337,California
Los Angeles,2021-01-11,25848,298141,16277,195252,9571,102889,0,0,14895,200477,10942,48765,14905,249242,California
Los Angeles,2021-01-12,29378,327519,16231,211483,13147,116036,0,0,19231,209591,10129,58894,19243,268485,California
Los Angeles,2021-01-13,29319,356838,15675,227158,13644,129680,0,0,20359,221013,8942,67836,20364,288849,California
Los Angeles,2021-01-14,29295,386133,12723,239881,16572,146252,0,0,23767,239283,5509,73345,23779,312628,California
Los Angeles,2021-01-15,33862,419995,12399,252280,21463,167715,0,0,30279,266013,3557,76902,30287,342915,California
Los Angeles,2021-01-16,17591,437586,4965,257245,12626,180341,0,0,15808,280051,1775,78677,15813,358728,California
Los Angeles,2021-01-17,5205,442791,2315,259560,2890,183231,0,0,4957,284763,247,78924,4959,363687,California
Los Angeles,2021-01-18,15646,458437,10103,269663,5543,188774,0,0,10919,290969,4715,83639,10921,374608,California
Los Angeles,2021-01-19,38634,497071,20623,290286,18011,206785,0,0,30819,314026,7774,91413,30831,405439,California
Los Angeles,2021-01-20,46291,543362,24192,314478,22099,228884,0,0,38802,345379,7459,98872,38812,444251,California
Los Angeles,2021-01-21,48799,592161,22455,336933,26344,255228,0,0,44514,385688,4220,103092,44529,488780,California
Los Angeles,2021-01-22,48146,640307,22351,359284,25795,281023,0,0,44706,427012,3394,106486,44718,533498,California
Los Angeles,2021-01-23,34079,674386,15727,375011,18352,299375,0,0,32019,457017,2027,108513,32032,565530,California
Los Angeles,2021-01-24,15744,690130,12216,387227,3528,302903,0,0,15195,471673,542,109055,15198,580728,California
Los Angeles,2021-01-25,39345,729475,16622,403849,22723,325626,0,0,30710,493794,8605,117660,30726,611454,California
Los Angeles,2021-01-26,49527,779002,24567,428416,24960,350586,0,0,41293,526907,8199,125859,41312,652766,California
Los Angeles,2021-01-27,50650,829652,25899,454315,24751,375337,0,0,41242,558905,9267,135126,41265,694031,California
Los Angeles,2021-01-28,48838,878490,23375,477690,25463,400800,0,0,40384,590973,8331,143457,40399,734430,California
Los Angeles,2021-01-29,49618,928108,25594,503284,24024,424824,0,0,39511,620746,9754,153211,39527,773957,California
Los Angeles,2021-01-30,30243,958351,15582,518866,14661,439485,0,0,25947,642480,4218,157429,25952,799909,California
Los Angeles,2021-01-31,12982,971333,10332,529198,2650,442135,0,0,12161,653838,807,158236,12165,812074,California
Los Angeles,2021-02-01,38675,1010008,16544,545742,22131,464266,0,0,28121,671451,10518,168754,28131,840205,California
Los Angeles,2021-02-02,44554,1054562,17925,563667,26629,490895,0,0,32360,691665,12153,180907,32367,872572,California
Los Angeles,2021-02-03,52202,1106764,19567,583234,32635,523530,0,0,37305,714325,14651,195558,37311,909883,California
Los Angeles,2021-02-04,57203,1163967,20672,603906,36531,560061,0,0,39132,735709,17762,213320,39146,949029,California
Los Angeles,2021-02-05,61390,1225357,21135,625041,40255,600316,0,0,39403,753555,21566,234886,39412,988441,California
Los Angeles,2021-02-06,35642,1260999,13398,638439,22244,622560,0,0,27176,772364,8389,243275,27198,1015639,California
Los Angeles,2021-02-07,10896,1271895,8463,646902,2433,624993,0,0,8499,778488,2382,245657,8506,1024145,California
Los Angeles,2021-02-08,46989,1318884,21726,668628,25263,650256,0,0,30752,793139,16103,261760,30754,1054899,California
Los Angeles,2021-02-09,56008,1374892,24757,693385,31251,681507,0,0,28527,794273,27400,289160,28534,1083433,California
Los Angeles,2021-02-10,66967,1441859,29389,722774,37578,719085,0,0,30715,789128,35870,325030,30725,1114158,California
Los Angeles,2021-02-11,58404,1500263,31224,753998,27180,746265,0,0,28231,787638,29725,354755,28235,1142393,California
Los Angeles,2021-02-12,59757,1560020,29890,783888,29867,776132,0,0,26085,780416,33324,388079,26102,1168495,California
Los Angeles,2021-02-13,33949,1593969,19758,803646,14191,790323,0,0,15541,777673,18322,406401,15579,1184074,California
Los Angeles,2021-02-14,21815,1615784,14892,818538,6923,797246,0,0,8765,773454,12987,419388,8768,1192842,California
Los Angeles,2021-02-15,32880,1648664,15967,834505,16913,814159,0,0,18061,776769,14752,434140,18067,1210909,California
Los Angeles,2021-02-16,64348,1713012,32679,867184,31669,845828,0,0,29923,772378,34327,468467,29936,1240845,California
Los Angeles,2021-02-17,64972,1777984,34610,901794,30362,876190,0,0,26542,760688,38238,506705,26548,1267393,California
Los Angeles,2021-02-18,68655,1846639,34861,936655,33794,909984,0,0,28675,749581,39793,546498,28686,1296079,California
Los Angeles,2021-02-19,58403,1905042,36069,972724,22334,932318,0,0,28629,748555,29671,576169,28645,1324724,California
Los Angeles,2021-02-20,32944,1937986,23979,996703,8965,941283,0,0,15876,747419,17020,593189,15884,1340608,California
Los Angeles,2021-02-21,22211,1960197,20545,1017248,1666,942949,0,0,11089,747462,11065,604254,11108,1351716,California
Los Angeles,2021-02-22,34615,1994812,25214,1042462,9401,952350,0,0,17882,748713,16652,620906,17903,1369619,California
Los Angeles,2021-02-23,54935,2049747,23719,1066181,31216,983566,0,0,21613,737139,33199,654105,21625,1391244,California
Los Angeles,2021-02-24,65063,2114810,28963,1095144,36100,1019666,0,0,28183,728639,36702,690807,28202,1419446,California
Los Angeles,2021-02-25,74201,2189011,33967,1129111,40234,1059900,0,0,38389,731397,35644,726451,38402,1457848,California
Los Angeles,2021-02-26,83756,2272767,38769,1167880,44987,1104887,0,0,47196,742296,36327,762778,47226,1505074,California
Los Angeles,2021-02-27,60289,2333056,26514,1194394,33771,1138658,4,4,30856,743908,29271,792049,30883,1535957,California
Los Angeles,2021-02-28,26888,2359944,18553,1212947,8332,1146990,3,7,18883,754901,7899,799948,18892,1554849,California
Los Angeles,2021-03-01,56908,2416852,32325,1245272,24557,1171547,26,33,34208,766626,22525,822473,34250,1589099,California
Los Angeles,2021-03-02,77609,2494461,37724,1282996,39882,1211429,3,36,48939,787046,28534,851007,48954,1638053,California
Los Angeles,2021-03-03,84574,2579035,43122,1326118,41438,1252867,14,50,53441,809567,30961,881968,53482,1691535,California
Los Angeles,2021-03-04,90671,2669706,46554,1372672,44105,1296972,12,62,57217,833545,33270,915238,57248,1748783,California
Los Angeles,2021-03-05,89962,2759668,44417,1417089,45515,1342487,30,92,60289,864424,29477,944715,60356,1809139,California
Los Angeles,2021-03-06,67295,2826963,34306,1451395,31170,1373657,1819,1911,43392,885882,23759,968474,45217,1854356,California
Los Angeles,2021-03-07,27202,2854165,20763,1472158,5624,1379281,815,2726,21057,901632,6116,974590,21866,1876222,California
Los Angeles,2021-03-08,52758,2906923,27910,1500068,22899,1402180,1949,4675,39885,930691,12771,987361,41830,1918052,California
Los Angeles,2021-03-09,81403,2988326,38682,1538750,39444,1441624,3277,7952,51865,956434,29388,1016749,55131,1973183,California
Los Angeles,2021-03-10,83055,3071381,40881,1579631,37293,1478917,4881,12833,52577,983543,30310,1047059,57419,2030602,California
Los Angeles,2021-03-11,92793,3164174,45303,1624934,40800,1519717,6690,19523,54349,1006280,38258,1085317,60995,2091597,California
Los Angeles,2021-03-12,98933,3263107,44553,1669487,40467,1560184,13913,33436,57683,1036824,41049,1126366,71593,2163190,California
Los Angeles,2021-03-13,75688,3338795,35783,1705270,27933,1588117,11972,45408,45226,1063680,30352,1156718,57208,2220398,California
Los Angeles,2021-03-14,39077,3377872,26287,1731557,10244,1598361,2546,47954,23995,1075188,15016,1171734,26524,2246922,California
Los Angeles,2021-03-15,74912,3452784,36511,1768068,32950,1631311,5451,53405,45390,1096658,29345,1201079,50815,2297737,California
Los Angeles,2021-03-16,99873,3552657,43667,1811735,50326,1681637,5880,59285,64692,1132203,34990,1236069,70535,2368272,California
Los Angeles,2021-03-17,97142,3649799,44018,1855753,44813,1726450,8311,67596,64997,1173435,31942,1268011,73174,2441446,California
Los Angeles,2021-03-18,101858,3751657,48711,1904464,47822,1774272,5325,72921,64652,1206476,36919,1304930,69960,2511406,California
Los Angeles,2021-03-19,109153,3860810,56930,1961394,47454,1821726,4769,77690,67311,1236930,41574,1346504,72028,2583434,California
Los Angeles,2021-03-20,76335,3937145,37716,1999110,34033,1855759,4586,82276,51814,1268974,24338,1370842,56382,2639816,California
Los Angeles,2021-03-21,34611,3971756,25747,2024857,7963,1863722,901,83177,22214,1279810,12277,1383119,23113,2662929,California
Los Angeles,2021-03-22,70779,4042535,41562,2066419,27065,1890787,2152,85329,49687,1310812,20833,1403952,51835,2714764,California
Los Angeles,2021-03-23,96344,4138879,52102,2118521,41014,1931801,3228,88557,58356,1334661,37723,1441675,61572,2776336,California
Los Angeles,2021-03-24,104858,4243737,55740,2174261,45971,1977772,3147,91704,60809,1354873,43731,1485406,63943,2840279,California
Los Angeles,2021-03-25,110541,4354278,59300,2233561,47354,2025126,3887,95591,62150,1372801,48092,1533498,66020,2906299,California
Los Angeles,2021-03-26,115194,4469472,63299,2296860,47719,2072845,4176,99767,63567,1389179,51342,1584840,67720,2974019,California
Los Angeles,2021-03-27,83524,4552996,44287,2341147,37105,2109950,2132,101899,42683,1393421,40579,1625419,44821,3018840,California
Los Angeles,2021-03-28,42163,4595159,28597,2369744,12981,2122931,585,102484,20051,1392077,21980,1647399,20636,3039476,California
Los Angeles,2021-03-29,82951,4678110,47128,2416872,34052,2156983,1771,104255,46076,1403263,36671,1684070,47857,3087333,California
Los Angeles,2021-03-30,108880,4786990,52012,2468884,50937,2207920,5931,110186,56918,1414363,51727,1735797,62827,3150160,California
Los Angeles,2021-03-31,122581,4909571,62075,2530959,51672,2259592,8834,119020,68601,1438089,53680,1789477,77406,3227566,California
Los Angeles,2021-04-01,133193,5042764,62529,2593488,55296,2314888,15368,134388,71864,1464277,61008,1850485,87196,3314762,California
Los Angeles,2021-04-02,132028,5174792,58787,2652275,57751,2372639,15490,149878,70273,1488642,61422,1911907,85787,3400549,California
Los Angeles,2021-04-03,98504,5273296,45108,2697383,39792,2412431,13604,163482,48471,1500807,49850,1961757,62015,3462564,California
Los Angeles,2021-04-04,39177,5312473,20509,2717892,12038,2424469,6630,170112,16362,1501025,22739,1984496,22957,3485521,California
Los Angeles,2021-04-05,93803,5406276,44426,2762318,39161,2463630,10216,180328,44530,1506676,49067,2033563,54718,3540239,California
Los Angeles,2021-04-06,120939,5527215,56955,2819273,43690,2507320,20294,200622,55404,1517024,65287,2098850,75635,3615874,California
Los Angeles,2021-04-07,119983,5647198,54575,2873848,44304,2551624,21104,221726,54269,1526916,65462,2164312,75354,3691228,California
Los Angeles,2021-04-08,132618,5779816,58487,2932335,50096,2601720,24035,245761,59907,1538430,72428,2236740,83942,3775170,California
Los Angeles,2021-04-09,131251,5911067,56868,2989203,50515,2652235,23868,269629,56216,1543815,74746,2311486,80131,3855301,California
Los Angeles,2021-04-10,101223,6012290,42928,3032131,34329,2686564,23966,293595,37005,1540800,63988,2375474,60973,3916274,California
Los Angeles,2021-04-11,41668,6053958,22518,3054649,9616,2696180,9534,303129,14109,1536915,27478,2402952,23593,3939867,California
Los Angeles,2021-04-12,78578,6132536,38439,3093088,33865,2730045,6274,309403,32118,1528992,46260,2449212,38337,3978204,California
Los Angeles,2021-04-13,117020,6249556,58912,3152000,57683,2787728,425,309828,61618,1535871,55171,2504383,62050,4040254,California
Los Angeles,2021-04-14,118635,6368191,59445,3211445,59059,2846787,131,309959,64283,1546189,54090,2558473,64408,4104662,California
Los Angeles,2021-04-15,129716,6497907,70194,3281639,59350,2906137,172,310131,74255,1565291,55190,2613663,74292,4178954,California
Los Angeles,2021-04-16,130058,6627965,68746,3350385,61170,2967307,142,310273,68423,1572430,61356,2675019,68495,4247449,California
Los Angeles,2021-04-17,98065,6726030,51286,3401671,46754,3014061,25,310298,55898,1586396,41956,2716975,55922,4303371,California
Los Angeles,2021-04-18,33849,6759879,22451,3424122,11397,3025458,1,310299,18451,1589530,15324,2732299,18458,4321829,California
Los Angeles,2021-04-19,74833,6834712,39601,3463723,35220,3060678,12,310311,33229,1581354,41426,2773725,33250,4355079,California
Los Angeles,2021-04-20,102851,6937563,50196,3513919,52633,3113311,22,310333,51094,1580953,51519,2825244,51118,4406197,California
Los Angeles,2021-04-21,109389,7046952,52655,3566574,56546,3169857,188,310521,48204,1568477,60868,2886112,48392,4454589,California
Los Angeles,2021-04-22,116212,7163164,59715,3626289,56464,3226321,33,310554,51242,1555089,64667,2950779,51279,4505868,California
Los Angeles,2021-04-23,114147,7277311,62566,3688855,51561,3277882,20,310574,54108,1549476,59740,3010519,54127,4559995,California
Los Angeles,2021-04-24,88473,7365784,57119,3745974,31328,3309210,26,310600,49161,1559583,39087,3049606,49194,4609189,California
Los Angeles,2021-04-25,37814,7403598,25139,3771113,12670,3321880,5,310605,20424,1562724,17288,3066894,20429,4629618,California
Los Angeles,2021-04-26,69419,7473017,37206,3808319,31764,3353644,449,311054,34123,1562194,35095,3101989,34565,4664183,California
Los Angeles,2021-04-27,86384,7559401,41832,3850151,42862,3396506,1690,312744,32950,1543653,53169,3155158,34628,4698811,California
Los Angeles,2021-04-28,84735,7644136,40909,3891060,41796,3438302,2030,314774,33045,1527323,51393,3206551,35063,4733874,California
Los Angeles,2021-04-29,91249,7735385,45445,3936505,43674,3481976,2130,316904,32330,1503230,58545,3265096,34452,4768326,California
Los Angeles,2021-04-30,98919,7834304,49160,3985665,47364,3529340,2395,319299,35679,1478443,62845,3327941,38058,4806384,California
Los Angeles,2021-05-01,75060,7909364,42164,4027829,31399,3560739,1497,320796,28247,1461654,46528,3374469,29739,4836123,California
Los Angeles,2021-05-02,27898,7937262,17899,4045728,9266,3570005,733,321529,10096,1454789,17691,3392160,10826,4846949,California
Los Angeles,2021-05-03,60407,7997669,29683,4075411,28567,3598572,2157,323686,21267,1439297,38902,3431062,23410,4870359,California
Los Angeles,2021-05-04,85134,8082803,46955,4122366,35963,3634535,2216,325902,25993,1408658,58830,3489892,28191,4898550,California
Los Angeles,2021-05-05,88029,8170832,51380,4173746,34319,3668854,2330,328232,23943,1371149,63770,3553662,26261,4924811,California
Los Angeles,2021-05-06,95807,8266639,57768,4231514,35552,3704406,2487,330719,22772,1323735,72655,3626317,25241,4950052,California
Los Angeles,2021-05-07,95056,8361695,56660,4288174,36071,3740477,2325,333044,25782,1282880,68941,3695258,28086,4978138,California
Los Angeles,2021-05-08,63426,8425121,41758,4329932,20058,3760535,1610,334654,17130,1255792,45819,3741077,18731,4996869,California
Los Angeles,2021-05-09,23705,8448826,17920,4347852,5054,3765589,731,335385,6063,1245148,17433,3758510,6789,5003658,California
Los Angeles,2021-05-10,48282,8497108,25362,4373214,21082,3786671,1838,337223,14464,1227923,33519,3792029,16294,5019952,California
Los Angeles,2021-05-11,66722,8563830,35785,4408999,28939,3815610,1998,339221,17001,1197424,49478,3841507,18979,5038931,California
Los Angeles,2021-05-12,66875,8630705,36046,4445045,28714,3844324,2115,341336,18776,1170481,47820,3889327,20877,5059808,California
Los Angeles,2021-05-13,69448,8700153,42016,4487061,25803,3870127,1629,342965,24393,1151863,44628,3933955,26010,5085818,California
Los Angeles,2021-05-14,86676,8786829,55228,4542289,29654,3899781,1794,344759,32724,1132731,53644,3987599,34512,5120330,California
Los Angeles,2021-05-15,73510,8860339,52011,4594300,20030,3919811,1469,346228,28503,1117940,44752,4032351,29961,5150291,California
Los Angeles,2021-05-16,30333,8890672,23996,4618296,5734,3925545,603,346831,12129,1112552,18116,4050467,12728,5163019,California
Los Angeles,2021-05-17,60976,8951648,39820,4658116,19434,3944979,1722,348553,26227,1105985,34531,4084998,27964,5190983,California
Los Angeles,2021-05-18,63635,9015283,38155,4696271,23712,3968691,1768,350321,26943,1098245,36419,4121417,28679,5219662,California
Los Angeles,2021-05-19,66674,9081957,40427,4736698,24439,3993130,1808,352129,29406,1092428,37013,4158430,31196,5250858,California
Los Angeles,2021-05-20,52672,9134629,29692,4766390,21177,4014307,1803,353932,20641,1083130,31738,4190168,22440,5273298,California
Los Angeles,2021-05-21,55269,9189898,34369,4800759,19121,4033428,1779,355711,23019,1075948,31977,4222145,24795,5298093,California
Los Angeles,2021-05-22,44206,9234104,29521,4830280,13219,4046647,1466,357177,19096,1071560,24942,4247087,20554,5318647,California
Los Angeles,2021-05-23,14451,9248555,11336,4841616,2458,4049105,657,357834,7449,1072722,6942,4254029,8104,5326751,California
Los Angeles,2021-05-24,47098,9295653,25808,4867424,19486,4068591,1804,359638,18771,1065160,28124,4282153,20562,5347313,California
Los Angeles,2021-05-25,48615,9344268,28233,4895657,18622,4087213,1760,361398,19863,1058249,28514,4310667,21603,5368916,California
Los Angeles,2021-05-26,45564,9389832,25640,4921297,18155,4105368,1769,363167,19684,1054110,25475,4336142,21336,5390252,California
Los Angeles,2021-05-27,43923,9433755,24650,4945947,17566,4122934,1707,364874,18734,1049573,24959,4361101,20422,5410674,California
Los Angeles,2021-05-28,48708,9482463,27761,4973708,19208,4142142,1739,366613,21805,1046458,26646,4387747,23531,5434205,California
Los Angeles,2021-05-29,12703,9495166,8021,4981729,4131,4146273,551,367164,4497,1043367,8131,4395878,5040,5439245,California
Madera,2020-12-16,21,21,21,21,0,0,0,0,21,21,0,0,21,21,California
Madera,2020-12-17,13,34,13,34,0,0,0,0,13,34,0,0,13,34,California
Madera,2020-12-18,60,94,60,94,0,0,0,0,60,94,0,0,60,94,California
Madera,2020-12-19,5,99,5,99,0,0,0,0,5,99,0,0,5,99,California
Madera,2020-12-20,14,113,14,113,0,0,0,0,14,113,0,0,14,113,California
Madera,2020-12-21,59,172,59,172,0,0,0,0,59,172,0,0,59,172,California
Madera,2020-12-22,97,269,95,267,2,2,0,0,97,269,0,0,97,269,California
Madera,2020-12-23,68,337,68,335,0,2,0,0,68,337,0,0,68,337,California
Madera,2020-12-24,45,382,40,375,5,7,0,0,45,382,0,0,45,382,California
Madera,2020-12-26,28,410,26,401,2,9,0,0,28,410,0,0,28,410,California
Madera,2020-12-27,29,439,12,413,17,26,0,0,29,439,0,0,29,439,California
Madera,2020-12-28,106,545,36,449,70,96,0,0,106,545,0,0,106,545,California
Madera,2020-12-29,172,717,37,486,135,231,0,0,172,717,0,0,172,717,California
Madera,2020-12-30,221,938,87,573,134,365,0,0,221,938,0,0,221,938,California
Madera,2020-12-31,201,1139,80,653,121,486,0,0,201,1139,0,0,201,1139,California
Madera,2021-01-01,1,1140,1,654,0,486,0,0,1,1140,0,0,1,1140,California
Madera,2021-01-02,89,1229,33,687,56,542,0,0,89,1229,0,0,89,1229,California
Madera,2021-01-03,5,1234,5,692,0,542,0,0,5,1234,0,0,5,1234,California
Madera,2021-01-04,129,1363,65,757,64,606,0,0,129,1363,0,0,129,1363,California
Madera,2021-01-05,279,1642,143,900,136,742,0,0,275,1634,4,4,275,1638,California
Madera,2021-01-06,183,1825,26,926,157,899,0,0,164,1779,19,23,164,1802,California
Madera,2021-01-07,399,2224,116,1042,283,1182,0,0,377,2134,22,45,377,2179,California
Madera,2021-01-08,418,2642,72,1114,346,1528,0,0,363,2444,54,99,364,2543,California
Madera,2021-01-09,36,2678,14,1128,22,1550,0,0,27,2462,9,108,27,2570,California
Madera,2021-01-10,17,2695,14,1142,3,1553,0,0,5,2455,12,120,5,2575,California
Madera,2021-01-11,238,2933,190,1332,48,1601,0,0,197,2611,41,161,197,2772,California
Madera,2021-01-12,392,3325,159,1491,233,1834,0,0,287,2793,105,266,287,3059,California
Madera,2021-01-13,184,3509,92,1583,92,1926,0,0,127,2864,57,323,128,3187,California
Madera,2021-01-14,554,4063,81,1664,473,2399,0,0,520,3350,34,357,520,3707,California
Madera,2021-01-15,599,4662,160,1824,439,2838,0,0,578,3907,21,378,578,4285,California
Madera,2021-01-16,382,5044,48,1872,334,3172,0,0,354,4233,28,406,354,4639,California
Madera,2021-01-17,335,5379,15,1887,320,3492,0,0,331,4560,4,410,331,4970,California
Madera,2021-01-18,77,5456,60,1947,17,3509,0,0,58,4600,18,428,58,5028,California
Madera,2021-01-19,572,6028,136,2083,436,3945,0,0,544,5117,28,456,545,5573,California
Madera,2021-01-20,235,6263,80,2163,155,4100,0,0,207,5297,27,483,207,5780,California
Madera,2021-01-21,239,6502,131,2294,108,4208,0,0,206,5472,31,514,206,5986,California
Madera,2021-01-22,257,6759,83,2377,174,4382,0,0,242,5699,15,529,242,6228,California
Madera,2021-01-23,100,6859,52,2429,48,4430,0,0,76,5751,24,553,76,6304,California
Madera,2021-01-24,100,6959,82,2511,18,4448,0,0,78,5807,22,575,78,6382,California
Madera,2021-01-25,264,7223,126,2637,138,4586,0,0,145,5833,119,694,145,6527,California
Madera,2021-01-26,486,7709,189,2826,297,4883,0,0,295,5939,190,884,296,6823,California
Madera,2021-01-27,738,8447,63,2889,675,5558,0,0,601,6405,137,1021,603,7426,California
Madera,2021-01-28,545,8992,108,2997,437,5995,0,0,441,6742,104,1125,441,7867,California
Madera,2021-01-29,466,9458,94,3091,372,6367,0,0,411,7098,55,1180,411,8278,California
Madera,2021-01-30,505,9963,16,3107,489,6856,0,0,451,7495,54,1234,451,8729,California
Madera,2021-01-31,9,9972,6,3113,3,6859,0,0,8,7502,1,1235,8,8737,California
Madera,2021-02-01,332,10304,148,3261,184,7043,0,0,206,7582,126,1361,206,8943,California
Madera,2021-02-02,252,10556,88,3349,164,7207,0,0,161,7654,90,1451,162,9105,California
Madera,2021-02-03,595,11151,461,3810,134,7341,0,0,475,8012,118,1569,476,9581,California
Madera,2021-02-04,392,11543,124,3934,268,7609,0,0,114,7850,277,1846,115,9696,California
Madera,2021-02-05,976,12519,297,4231,679,8288,0,0,370,7620,601,2447,371,10067,California
Madera,2021-02-06,360,12879,326,4557,34,8322,0,0,320,7901,39,2486,320,10387,California
Madera,2021-02-07,34,12913,6,4563,28,8350,0,0,29,7925,5,2491,29,10416,California
Madera,2021-02-08,383,13296,307,4870,76,8426,0,0,269,8081,113,2604,269,10685,California
Madera,2021-02-09,479,13775,118,4988,361,8787,0,0,197,8000,279,2883,198,10883,California
Madera,2021-02-10,430,14205,149,5137,281,9068,0,0,325,8220,105,2988,325,11208,California
Madera,2021-02-11,939,15144,308,5445,631,9699,0,0,408,8099,530,3518,409,11617,California
Madera,2021-02-12,842,15986,120,5565,722,10421,0,0,311,7888,525,4043,314,11931,California
Madera,2021-02-13,484,16470,43,5608,441,10862,0,0,138,7684,345,4388,141,12072,California
Madera,2021-02-14,399,16869,75,5683,324,11186,0,0,135,7556,264,4652,136,12208,California
Madera,2021-02-15,246,17115,100,5783,146,11332,0,0,175,7661,70,4722,175,12383,California
Madera,2021-02-16,774,17889,183,5966,591,11923,0,0,228,7346,544,5266,229,12612,California
Madera,2021-02-17,610,18499,274,6240,336,12259,0,0,340,7423,265,5531,342,12954,California
Madera,2021-02-18,1300,19799,540,6780,760,13019,0,0,1121,8366,179,5710,1122,14076,California
Madera,2021-02-19,858,20657,543,7323,315,13334,0,0,716,8941,142,5852,717,14793,California
Madera,2021-02-20,1071,21728,979,8302,92,13426,0,0,998,9868,72,5924,999,15792,California
Madera,2021-02-21,962,22690,819,9121,143,13569,0,0,957,10820,5,5929,957,16749,California
Madera,2021-02-22,912,23602,834,9955,78,13647,0,0,856,11620,56,5985,856,17605,California
Madera,2021-02-23,774,24376,501,10456,273,13920,0,0,546,11941,225,6210,546,18151,California
Madera,2021-02-24,909,25285,299,10755,610,14530,0,0,379,11791,529,6739,379,18530,California
Madera,2021-02-25,1032,26317,317,11072,715,15245,0,0,599,11959,431,7170,599,19129,California
Madera,2021-02-26,1087,27404,197,11269,890,16135,0,0,710,12294,375,7545,710,19839,California
Madera,2021-02-27,893,28297,261,11530,632,16767,0,0,469,12345,421,7966,472,20311,California
Madera,2021-02-28,189,28486,29,11559,160,16927,0,0,184,12524,5,7971,184,20495,California
Madera,2021-03-01,378,28864,119,11678,259,17186,0,0,196,12540,180,8151,196,20691,California
Madera,2021-03-02,744,29608,351,12029,393,17579,0,0,631,13060,112,8263,632,21323,California
Madera,2021-03-03,1347,30955,720,12749,627,18206,0,0,943,13628,401,8664,969,22292,California
Madera,2021-03-04,1205,32160,527,13276,678,18884,0,0,954,14333,252,8916,957,23249,California
Madera,2021-03-05,1355,33515,421,13697,921,19805,13,13,1080,15164,273,9189,1104,24353,California
Madera,2021-03-06,814,34329,633,14330,149,19954,32,45,496,15376,317,9506,529,24882,California
Madera,2021-03-07,154,34483,28,14358,104,20058,22,67,104,15452,50,9556,126,25008,California
Madera,2021-03-08,600,35083,335,14693,206,20264,59,126,306,15525,294,9850,367,25375,California
Madera,2021-03-09,594,35677,296,14989,264,20528,34,160,407,15789,185,10035,449,25824,California
Madera,2021-03-10,1187,36864,560,15549,549,21077,78,238,757,16199,426,10461,836,26660,California
Madera,2021-03-11,1687,38551,865,16414,490,21567,332,570,768,16394,917,11378,1112,27772,California
Madera,2021-03-12,1569,40120,811,17225,603,22170,155,725,794,16595,773,12151,974,28746,California
Madera,2021-03-13,1876,41996,1329,18554,349,22519,198,923,809,16555,1063,13214,1023,29769,California
Madera,2021-03-14,584,42580,449,19003,103,22622,32,955,294,16595,287,13501,327,30096,California
Madera,2021-03-15,738,43318,222,19225,469,23091,47,1002,513,16958,222,13723,585,30681,California
Madera,2021-03-16,930,44248,525,19750,358,23449,47,1049,740,17575,187,13910,804,31485,California
Madera,2021-03-17,1463,45711,979,20729,421,23870,63,1112,909,18091,546,14456,1062,32547,California
Madera,2021-03-18,1945,47656,683,21412,1202,25072,60,1172,973,18241,967,15423,1117,33664,California
Madera,2021-03-19,1583,49239,589,22001,910,25982,84,1256,1041,18893,539,15962,1191,34855,California
Madera,2021-03-20,1181,50420,775,22776,355,26337,51,1307,619,19050,561,16523,718,35573,California
Madera,2021-03-21,1100,51520,898,23674,156,26493,46,1353,382,18764,715,17238,429,36002,California
Madera,2021-03-22,1361,52881,852,24526,441,26934,68,1421,686,18888,672,17910,796,36798,California
Madera,2021-03-23,1419,54300,862,25388,467,27401,90,1511,677,18997,740,18650,849,37647,California
Madera,2021-03-24,947,55247,508,25896,408,27809,31,1542,618,19324,326,18976,653,38300,California
Madera,2021-03-25,1167,56414,528,26424,615,28424,24,1566,645,19494,512,19488,682,38982,California
Madera,2021-03-26,1519,57933,579,27003,808,29232,132,1698,710,19534,805,20293,845,39827,California
Madera,2021-03-27,920,58853,600,27603,296,29528,24,1722,416,19475,500,20793,441,40268,California
Madera,2021-03-28,435,59288,152,27755,222,29750,61,1783,242,19639,192,20985,356,40624,California
Madera,2021-03-29,685,59973,179,27934,477,30227,29,1812,491,19973,190,21175,524,41148,California
Madera,2021-03-30,1072,61045,605,28539,435,30662,32,1844,480,19898,589,21764,514,41662,California
Madera,2021-03-31,1395,62440,544,29083,717,31379,134,1978,428,19501,961,22725,564,42226,California
Madera,2021-04-01,1352,63792,620,29703,681,32060,51,2029,474,19153,871,23596,523,42749,California
Madera,2021-04-02,1599,65391,459,30162,1082,33142,58,2087,475,18575,1113,24709,535,43284,California
Madera,2021-04-03,958,66349,761,30923,177,33319,20,2107,395,18438,561,25270,424,43708,California
Madera,2021-04-04,187,66536,65,30988,120,33439,2,2109,88,18429,99,25369,90,43798,California
Madera,2021-04-05,737,67273,255,31243,424,33863,58,2167,343,18451,393,25762,415,44213,California
Madera,2021-04-06,1705,68978,891,32134,464,34327,350,2517,533,18165,1171,26933,885,45098,California
Madera,2021-04-07,1211,70189,376,32510,685,35012,150,2667,420,17955,788,27721,578,45676,California
Madera,2021-04-08,1704,71893,660,33170,787,35799,257,2924,546,17613,1152,28873,810,46486,California
Madera,2021-04-09,1627,73520,684,33854,795,36594,148,3072,941,18025,681,29554,1093,47579,California
Madera,2021-04-10,957,74477,679,34533,210,36804,68,3140,705,18546,253,29807,774,48353,California
Madera,2021-04-11,800,75277,648,35181,74,36878,78,3218,282,18389,515,30322,358,48711,California
Madera,2021-04-12,781,76058,268,35449,436,37314,77,3295,302,18290,479,30801,380,49091,California
Madera,2021-04-13,1234,77292,607,36056,586,37900,41,3336,717,18543,515,31316,768,49859,California
Madera,2021-04-14,1380,78672,854,36910,526,38426,0,3336,568,18305,812,32128,574,50433,California
Madera,2021-04-15,1154,79826,500,37410,653,39079,1,3337,419,18003,723,32851,421,50854,California
Madera,2021-04-16,1307,81133,535,37945,772,39851,0,3337,365,17439,930,33781,366,51220,California
Madera,2021-04-17,1268,82401,1070,39015,198,40049,0,3337,757,17685,511,34292,757,51977,California
Madera,2021-04-18,245,82646,207,39222,38,40087,0,3337,88,17618,155,34447,88,52065,California
Madera,2021-04-19,804,83450,236,39458,567,40654,1,3338,277,17374,521,34968,277,52342,California
Madera,2021-04-20,871,84321,427,39885,444,41098,0,3338,215,16938,653,35621,217,52559,California
Madera,2021-04-21,857,85178,452,40337,405,41503,0,3338,289,16661,568,36189,291,52850,California
Madera,2021-04-22,1059,86237,510,40847,549,42052,0,3338,372,16351,683,36872,373,53223,California
Madera,2021-04-23,960,87197,306,41153,654,42706,0,3338,334,16064,621,37493,334,53557,California
Madera,2021-04-24,705,87902,463,41616,242,42948,0,3338,246,15856,455,37948,247,53804,California
Madera,2021-04-25,265,88167,161,41777,101,43049,3,3341,118,15835,143,38091,122,53926,California
Madera,2021-04-26,519,88686,97,41874,416,43465,6,3347,112,15549,404,38495,118,54044,California
Madera,2021-04-27,567,89253,265,42139,280,43745,22,3369,299,15604,267,38762,322,54366,California
Madera,2021-04-28,490,89743,196,42335,275,44020,19,3388,241,15616,247,39009,259,54625,California
Madera,2021-04-29,538,90281,241,42576,270,44290,27,3415,251,15614,280,39289,278,54903,California
Madera,2021-04-30,924,91205,501,43077,407,44697,16,3431,259,15230,659,39948,275,55178,California
Madera,2021-05-01,959,92164,865,43942,81,44778,13,3444,384,15054,573,40521,397,55575,California
Madera,2021-05-02,400,92564,351,44293,45,44823,4,3448,148,14954,252,40773,152,55727,California
Madera,2021-05-03,503,93067,201,44494,262,45085,40,3488,101,14696,399,41172,141,55868,California
Madera,2021-05-04,882,93949,433,44927,409,45494,40,3528,211,14276,671,41843,251,56119,California
Madera,2021-05-05,995,94944,474,45401,462,45956,59,3587,274,13890,719,42562,333,56452,California
Madera,2021-05-06,696,95640,248,45649,417,46373,31,3618,154,13538,537,43099,185,56637,California
Madera,2021-05-07,806,96446,279,45928,506,46879,21,3639,194,13145,607,43706,214,56851,California
Madera,2021-05-08,969,97415,756,46684,202,47081,11,3650,186,12560,782,44488,197,57048,California
Madera,2021-05-09,145,97560,19,46703,115,47196,11,3661,34,12495,110,44598,45,57093,California
Madera,2021-05-10,343,97903,73,46776,258,47454,12,3673,99,12363,243,44841,111,57204,California
Madera,2021-05-11,525,98428,174,46950,343,47797,8,3681,172,12192,351,45192,180,57384,California
Madera,2021-05-12,491,98919,222,47172,233,48030,36,3717,119,11977,370,45562,155,57539,California
Madera,2021-05-13,477,99396,287,47459,158,48188,32,3749,155,11844,320,45882,187,57726,California
Madera,2021-05-14,523,99919,261,47720,239,48427,23,3772,230,11807,290,46172,253,57979,California
Madera,2021-05-15,560,100479,475,48195,77,48504,8,3780,363,11983,195,46367,371,58350,California
Madera,2021-05-16,255,100734,186,48381,37,48541,32,3812,103,11966,152,46519,135,58485,California
Madera,2021-05-17,451,101185,186,48567,236,48777,29,3841,206,11960,242,46761,236,58721,California
Madera,2021-05-18,543,101728,364,48931,158,48935,21,3862,287,12016,252,47013,308,59029,California
Madera,2021-05-19,482,102210,223,49154,237,49172,22,3884,215,11987,266,47279,237,59266,California
Madera,2021-05-20,541,102751,241,49395,262,49434,38,3922,204,11898,331,47610,242,59508,California
Madera,2021-05-21,451,103202,166,49561,260,49694,25,3947,165,11807,281,47891,190,59698,California
Madera,2021-05-22,852,104054,777,50338,61,49755,14,3961,499,11968,352,48243,513,60211,California
Madera,2021-05-23,242,104296,227,50565,6,49761,9,3970,128,11992,113,48356,137,60348,California
Madera,2021-05-24,292,104588,140,50705,113,49874,39,4009,125,11989,167,48523,164,60512,California
Madera,2021-05-25,369,104957,166,50871,176,50050,27,4036,149,11949,216,48739,176,60688,California
Madera,2021-05-26,424,105381,257,51128,145,50195,22,4058,234,12016,189,48928,256,60944,California
Madera,2021-05-27,342,105723,131,51259,178,50373,33,4091,120,11950,219,49147,153,61097,California
Madera,2021-05-28,426,106149,168,51427,230,50603,28,4119,169,11892,255,49402,197,61294,California
Madera,2021-05-29,232,106381,182,51609,36,50639,14,4133,118,11910,114,49516,132,61426,California
Marin,2020-12-15,2,2,2,2,0,0,0,0,2,2,0,0,2,2,California
Marin,2020-12-16,109,111,109,111,0,0,0,0,109,111,0,0,109,111,California
Marin,2020-12-17,262,373,262,373,0,0,0,0,262,373,0,0,262,373,California
Marin,2020-12-18,376,749,376,749,0,0,0,0,376,749,0,0,376,749,California
Marin,2020-12-19,349,1098,348,1097,1,1,0,0,349,1098,0,0,349,1098,California
Marin,2020-12-20,166,1264,165,1262,1,2,0,0,166,1264,0,0,166,1264,California
Marin,2020-12-21,238,1502,235,1497,3,5,0,0,238,1502,0,0,238,1502,California
Marin,2020-12-22,523,2025,319,1816,204,209,0,0,523,2025,0,0,523,2025,California
Marin,2020-12-23,735,2760,321,2137,414,623,0,0,735,2760,0,0,735,2760,California
Marin,2020-12-24,357,3117,159,2296,198,821,0,0,357,3117,0,0,357,3117,California
Marin,2020-12-25,27,3144,0,2296,27,848,0,0,27,3144,0,0,27,3144,California
Marin,2020-12-26,144,3288,94,2390,50,898,0,0,144,3288,0,0,144,3288,California
Marin,2020-12-27,92,3380,55,2445,37,935,0,0,92,3380,0,0,92,3380,California
Marin,2020-12-28,408,3788,99,2544,309,1244,0,0,408,3788,0,0,408,3788,California
Marin,2020-12-29,403,4191,88,2632,315,1559,0,0,403,4191,0,0,403,4191,California
Marin,2020-12-30,626,4817,389,3021,237,1796,0,0,626,4817,0,0,626,4817,California
Marin,2020-12-31,198,5015,34,3055,164,1960,0,0,198,5015,0,0,198,5015,California
Marin,2021-01-01,20,5035,9,3064,11,1971,0,0,20,5035,0,0,20,5035,California
Marin,2021-01-02,113,5148,107,3171,6,1977,0,0,113,5148,0,0,113,5148,California
Marin,2021-01-03,49,5197,31,3202,18,1995,0,0,46,5194,0,0,46,5194,California
Marin,2021-01-04,295,5492,192,3394,103,2098,0,0,294,5487,1,1,294,5488,California
Marin,2021-01-05,369,5861,222,3616,147,2245,0,0,326,5770,43,44,326,5814,California
Marin,2021-01-06,818,6679,318,3934,500,2745,0,0,638,6228,180,224,638,6452,California
Marin,2021-01-07,887,7566,500,4434,387,3132,0,0,542,6425,345,569,542,6994,California
Marin,2021-01-08,971,8537,516,4950,455,3587,0,0,593,6641,377,946,593,7587,California
Marin,2021-01-09,620,9157,223,5173,397,3984,0,0,488,6997,132,1078,488,8075,California
Marin,2021-01-10,128,9285,99,5272,29,4013,0,0,55,6979,73,1151,55,8130,California
Marin,2021-01-11,469,9754,327,5599,142,4155,0,0,248,7008,221,1372,250,8380,California
Marin,2021-01-12,938,10692,543,6142,395,4550,0,0,570,7213,365,1737,570,8950,California
Marin,2021-01-13,1177,11869,497,6639,680,5230,0,0,939,7914,238,1975,939,9889,California
Marin,2021-01-14,1071,12940,318,6957,753,5983,0,0,921,8687,148,2123,921,10810,California
Marin,2021-01-15,1156,14096,353,7310,803,6786,0,0,1026,9585,129,2252,1027,11837,California
Marin,2021-01-16,1123,15219,914,8224,209,6995,0,0,1049,10560,74,2326,1049,12886,California
Marin,2021-01-17,1231,16450,1113,9337,118,7113,0,0,1202,11737,28,2354,1205,14091,California
Marin,2021-01-18,360,16810,158,9495,202,7315,0,0,309,11995,51,2405,309,14400,California
Marin,2021-01-19,1156,17966,913,10408,243,7558,0,0,983,12806,172,2577,983,15383,California
Marin,2021-01-20,1794,19760,1210,11618,584,8142,0,0,1064,13151,719,3296,1064,16447,California
Marin,2021-01-21,1683,21443,1061,12679,622,8764,0,0,1329,14131,351,3647,1331,17778,California
Marin,2021-01-22,1703,23146,1091,13770,612,9376,0,0,1531,15491,172,3819,1532,19310,California
Marin,2021-01-23,1847,24993,1344,15114,503,9879,0,0,1758,17161,88,3907,1758,21068,California
Marin,2021-01-24,614,25607,165,15279,449,10328,0,0,582,17711,32,3939,582,21650,California
Marin,2021-01-25,1134,26741,232,15511,902,11230,0,0,696,17970,438,4377,697,22347,California
Marin,2021-01-26,1508,28249,784,16295,724,11954,0,0,1132,18727,375,4752,1132,23479,California
Marin,2021-01-27,1716,29965,888,17183,828,12782,0,0,1356,19726,358,5110,1357,24836,California
Marin,2021-01-28,2085,32050,1071,18254,1014,13796,0,0,1821,21285,263,5373,1822,26658,California
Marin,2021-01-29,2193,34243,1445,19699,748,14544,0,0,1989,23083,192,5565,1990,28648,California
Marin,2021-01-30,1721,35964,906,20605,815,15359,0,0,1642,24647,79,5644,1643,30291,California
Marin,2021-01-31,458,36422,321,20926,137,15496,0,0,432,25053,26,5670,432,30723,California
Marin,2021-02-01,1092,37514,418,21344,674,16170,0,0,894,25751,197,5867,895,31618,California
Marin,2021-02-02,1378,38892,487,21831,891,17061,0,0,723,25830,644,6511,723,32341,California
Marin,2021-02-03,1774,40666,421,22252,1353,18414,0,0,1272,26601,501,7012,1272,33613,California
Marin,2021-02-04,1524,42190,498,22750,1026,19440,0,0,922,26924,599,7611,922,34535,California
Marin,2021-02-05,2172,44362,679,23429,1493,20933,0,0,1336,27428,832,8443,1336,35871,California
Marin,2021-02-06,1430,45792,851,24280,579,21512,0,0,608,27215,821,9264,608,36479,California
Marin,2021-02-07,1291,47083,1009,25289,282,21794,0,0,489,26903,801,10065,489,36968,California
Marin,2021-02-08,1521,48604,751,26040,770,22564,0,0,723,26830,796,10861,723,37691,California
Marin,2021-02-09,1779,50383,1121,27161,658,23222,0,0,833,26717,946,11807,833,38524,California
Marin,2021-02-10,2337,52720,1489,28650,848,24070,0,0,1214,26811,1121,12928,1215,39739,California
Marin,2021-02-11,2865,55585,1639,30289,1226,25296,0,0,1447,26848,1413,14341,1450,41189,California
Marin,2021-02-12,3065,58650,1540,31829,1525,26821,0,0,1560,26907,1502,15843,1561,42750,California
Marin,2021-02-13,2342,60992,1244,33073,1098,27919,0,0,1132,26831,1208,17051,1132,43882,California
Marin,2021-02-14,814,61806,302,33375,512,28431,0,0,721,27460,93,17144,722,44604,California
Marin,2021-02-15,1214,63020,355,33730,859,29290,0,0,834,27916,379,17523,835,45439,California
Marin,2021-02-16,2469,65489,1058,34788,1411,30701,0,0,1506,28460,962,18485,1506,46945,California
Marin,2021-02-17,2108,67597,947,35735,1161,31862,0,0,1090,28535,1016,19501,1091,48036,California
Marin,2021-02-18,2418,70015,1584,37319,834,32696,0,0,1058,28235,1358,20859,1058,49094,California
Marin,2021-02-19,2765,72780,2159,39478,606,33302,0,0,1221,27926,1531,22390,1222,50316,California
Marin,2021-02-20,2565,75345,2111,41589,454,33756,0,0,1216,27802,1341,23731,1217,51533,California
Marin,2021-02-21,1309,76654,1115,42704,194,33950,0,0,930,28357,375,24106,930,52463,California
Marin,2021-02-22,1834,78488,1412,44116,422,34372,0,0,1219,28964,613,24719,1220,53683,California
Marin,2021-02-23,2862,81350,1640,45756,1222,35594,0,0,1928,29971,922,25641,1929,55612,California
Marin,2021-02-24,3514,84864,1615,47371,1899,37493,0,0,2253,30971,1254,26895,2254,57866,California
Marin,2021-02-25,3941,88805,1814,49185,2127,39620,0,0,2779,32596,1155,28050,2780,60646,California
Marin,2021-02-26,3495,92300,1892,51077,1603,41223,0,0,2537,34188,946,28996,2538,63184,California
Marin,2021-02-27,2627,94927,1510,52587,1117,42340,0,0,1788,35142,836,29832,1790,64974,California
Marin,2021-02-28,1377,96304,916,53503,461,42801,0,0,1042,35852,332,30164,1042,66016,California
Marin,2021-03-01,2511,98815,1558,55061,952,43753,1,1,1688,36725,816,30980,1689,67705,California
Marin,2021-03-02,2524,101339,1682,56743,841,44594,1,2,1753,37712,767,31747,1754,69459,California
Marin,2021-03-03,4337,105676,2411,59154,1922,46516,4,6,2808,39001,1523,33270,2812,72271,California
Marin,2021-03-04,3389,109065,1665,60819,1723,48239,1,7,2370,40363,1012,34282,2374,74645,California
Marin,2021-03-05,3077,112142,1177,61996,1888,50127,12,19,1803,40909,1269,35551,1815,76460,California
Marin,2021-03-06,3243,115385,2327,64323,838,50965,78,97,2667,43082,571,36122,2744,79204,California
Marin,2021-03-07,1389,116774,1169,65492,196,51161,24,121,998,43718,386,36508,1022,80226,California
Marin,2021-03-08,1896,118670,1391,66883,388,51549,117,238,1425,44792,468,36976,1542,81768,California
Marin,2021-03-09,2225,120895,1343,68226,774,52323,108,346,1549,45774,674,37650,1656,83424,California
Marin,2021-03-10,4448,125343,2504,70730,1661,53984,283,629,3212,48040,1231,38881,3497,86921,California
Marin,2021-03-11,4570,129913,1880,72610,2554,56538,136,765,3274,50161,1289,40170,3410,90331,California
Marin,2021-03-12,3986,133899,1546,74156,2084,58622,356,1121,1573,49688,2402,42572,1929,92260,California
Marin,2021-03-13,4099,137998,2857,77013,1170,59792,72,1193,2421,50501,1676,44248,2489,94749,California
Marin,2021-03-14,2283,140281,1104,78117,1061,60853,118,1311,710,49757,1571,45819,827,95576,California
Marin,2021-03-15,3244,143525,1777,79894,1418,62271,49,1360,1229,49030,2004,47823,1277,96853,California
Marin,2021-03-16,4308,147833,2321,82215,1623,63894,364,1724,1500,48087,2805,50628,1862,98715,California
Marin,2021-03-17,4193,152026,2278,84493,1868,65762,47,1771,2060,48072,2121,52749,2106,100821,California
Marin,2021-03-18,4496,156522,2270,86763,2151,67913,75,1846,2251,48166,2229,54978,2323,103144,California
Marin,2021-03-19,4481,161003,2298,89061,1964,69877,219,2065,2433,48777,2038,57016,2649,105793,California
Marin,2021-03-20,3593,164596,1994,91055,1485,71362,114,2179,2032,49372,1552,58568,2147,107940,California
Marin,2021-03-21,1546,166142,1141,92196,381,71743,24,2203,805,49462,739,59307,829,108769,California
Marin,2021-03-22,2484,168626,2146,94342,171,71914,167,2370,995,49139,1485,60792,1162,109931,California
Marin,2021-03-23,4249,172875,2204,96546,1915,73829,130,2500,1874,48774,2369,63161,2004,111935,California
Marin,2021-03-24,4447,177322,2906,99452,1436,75265,105,2605,1817,48077,2617,65778,1920,113855,California
Marin,2021-03-25,4649,181971,2842,102294,1739,77004,68,2673,2258,48024,2377,68155,2324,116179,California
Marin,2021-03-26,4308,186279,2345,104639,1749,78753,214,2887,2413,48772,1879,70034,2627,118806,California
Marin,2021-03-27,3720,189999,2673,107312,1028,79781,19,2906,1141,47362,2569,72603,1159,119965,California
Marin,2021-03-28,2386,192385,1726,109038,654,80435,6,2912,1088,47165,1291,73894,1094,121059,California
Marin,2021-03-29,2695,195080,2099,111137,571,81006,25,2937,1165,46829,1527,75421,1191,122250,California
Marin,2021-03-30,4674,199754,3656,114793,984,81990,34,2971,2956,48104,1715,77136,2990,125240,California
Marin,2021-03-31,5832,205586,4132,118925,1651,83641,49,3020,2551,47434,3270,80406,2600,127840,California
Marin,2021-04-01,4445,210031,2283,121208,1906,85547,256,3276,2113,47482,2320,82726,2368,130208,California
Marin,2021-04-02,3743,213774,1862,123070,1510,87057,371,3647,2004,48119,1731,84457,2368,132576,California
Marin,2021-04-03,3901,217675,2551,125621,972,88029,378,4025,1488,47588,2399,86856,1868,134444,California
Marin,2021-04-04,1651,219326,1241,126862,207,88236,203,4228,1202,48546,447,87303,1405,135849,California
Marin,2021-04-05,2208,221534,1528,128390,304,88540,376,4604,1262,49242,940,88243,1636,137485,California
Marin,2021-04-06,3976,225510,2118,130508,1306,89846,552,5156,2211,50245,1760,90003,2763,140248,California
Marin,2021-04-07,3963,229473,2003,132511,1319,91165,641,5797,1456,49851,2499,92502,2105,142353,California
Marin,2021-04-08,5032,234505,1966,134477,2458,93623,608,6405,2301,50038,2722,95224,2909,145262,California
Marin,2021-04-09,3993,238498,1556,136033,1706,95329,731,7136,1319,49422,2669,97893,2053,147315,California
Marin,2021-04-10,3210,241708,1474,137507,1302,96631,434,7570,1445,49548,1750,99643,1876,149191,California
Marin,2021-04-11,1057,242765,803,138310,92,96723,162,7732,470,49594,585,100228,631,149822,California
Marin,2021-04-12,1735,244500,1235,139545,340,97063,160,7892,915,49854,816,101044,1076,150898,California
Marin,2021-04-13,3714,248214,2275,141820,1432,98495,7,7899,1349,48856,2354,103398,1356,152254,California
Marin,2021-04-14,4156,252370,2478,144298,1675,100170,3,7902,1707,48125,2439,105837,1708,153962,California
Marin,2021-04-15,5568,257938,3945,148243,1623,101793,0,7902,3191,48952,2365,108202,3192,157154,California
Marin,2021-04-16,4250,262188,2236,150479,2011,103804,3,7905,2067,48854,2169,110371,2071,159225,California
Marin,2021-04-17,3528,265716,2154,152633,1374,105178,0,7905,1760,48851,1763,112134,1760,160985,California
Marin,2021-04-18,3172,268888,3070,155703,102,105280,0,7905,2537,50756,632,112766,2537,163522,California
Marin,2021-04-19,2043,270931,1871,157574,172,105452,0,7905,1160,51040,878,113644,1162,164684,California
Marin,2021-04-20,3691,274622,2550,160124,1141,106593,0,7905,1467,50291,2217,115861,1468,166152,California
Marin,2021-04-21,4007,278629,2943,163067,1061,107654,3,7908,1355,49011,2636,118497,1356,167508,California
Marin,2021-04-22,4224,282853,3223,166290,1001,108655,0,7908,1492,47782,2724,121221,1495,169003,California
Marin,2021-04-23,3223,286076,1818,168108,1405,110060,0,7908,1226,47019,1990,123211,1227,170230,California
Marin,2021-04-24,2518,288594,1683,169791,834,110894,1,7909,918,46344,1594,124805,919,171149,California
Marin,2021-04-25,1383,289977,1265,171056,118,111012,0,7909,306,45580,1070,125875,306,171455,California
Marin,2021-04-26,1549,291526,1352,172408,194,111206,3,7912,353,44744,1193,127068,357,171812,California
Marin,2021-04-27,2979,294505,2177,174585,764,111970,38,7950,969,43746,2001,129069,1003,172815,California
Marin,2021-04-28,2300,296805,1586,176171,664,112634,50,8000,722,42942,1574,130643,770,173585,California
Marin,2021-04-29,2880,299685,1973,178144,845,113479,62,8062,789,41711,2082,132725,851,174436,California
Marin,2021-04-30,1955,301640,1278,179422,589,114068,88,8150,700,41252,1247,133972,788,175224,California
Marin,2021-05-01,1821,303461,1012,180434,786,114854,23,8173,531,40523,1282,135254,553,175777,California
Marin,2021-05-02,723,304184,586,181020,108,114962,29,8202,200,40232,519,135773,228,176005,California
Marin,2021-05-03,1211,305395,988,182008,167,115129,56,8258,261,39600,948,136721,316,176321,California
Marin,2021-05-04,2920,308315,1965,183973,865,115994,90,8348,470,37718,2442,139163,560,176881,California
Marin,2021-05-05,2720,311035,1996,185969,602,116596,122,8470,442,36010,2272,141435,564,177445,California
Marin,2021-05-06,3259,314294,2532,188501,638,117234,89,8559,426,33698,2825,144260,513,177958,California
Marin,2021-05-07,2033,316327,1546,190047,401,117635,86,8645,381,32517,1645,145905,464,178422,California
Marin,2021-05-08,2468,318795,1862,191909,484,118119,122,8767,340,30859,2120,148025,462,178884,California
Marin,2021-05-09,985,319780,900,192809,65,118184,20,8787,118,30135,863,148888,139,179023,California
Marin,2021-05-10,1405,321185,1150,193959,185,118369,70,8857,200,29203,1201,150089,269,179292,California
Marin,2021-05-11,2285,323470,1833,195792,399,118768,53,8910,295,27562,1988,152077,347,179639,California
Marin,2021-05-12,1393,324863,1029,196821,297,119065,67,8977,273,26785,1116,153193,339,179978,California
Marin,2021-05-13,2502,327365,2166,198987,280,119345,56,9033,1342,27029,1153,154346,1397,181375,California
Marin,2021-05-14,2201,329566,1452,200439,649,119994,100,9133,882,26698,1313,155659,982,182357,California
Marin,2021-05-15,2712,332278,2246,202685,386,120380,80,9213,1641,27349,1070,156729,1721,184078,California
Marin,2021-05-16,1643,333921,1588,204273,50,120430,5,9218,1327,28367,313,157042,1331,185409,California
Marin,2021-05-17,2129,336050,1981,206254,105,120535,43,9261,1717,29722,405,157447,1760,187169,California
Marin,2021-05-18,1520,337570,1185,207439,280,120815,55,9316,801,29864,713,158160,855,188024,California
Marin,2021-05-19,1536,339106,1239,208678,228,121043,69,9385,782,29966,748,158908,850,188874,California
Marin,2021-05-20,1710,340816,1414,210092,212,121255,84,9469,713,29773,990,159898,797,189671,California
Marin,2021-05-21,1357,342173,777,210869,533,121788,47,9516,391,29252,960,160858,439,190110,California
Marin,2021-05-22,1334,343507,1010,211879,268,122056,56,9572,918,29813,413,161271,974,191084,California
Marin,2021-05-23,420,343927,381,212260,29,122085,10,9582,196,29798,221,161492,206,191290,California
Marin,2021-05-24,650,344577,497,212757,110,122195,43,9625,361,29916,285,161777,403,191693,California
Marin,2021-05-25,1002,345579,625,213382,330,122525,47,9672,320,29607,673,162450,364,192057,California
Marin,2021-05-26,723,346302,490,213872,181,122706,52,9724,268,29476,451,162901,320,192377,California
Marin,2021-05-27,1037,347339,664,214536,295,123001,78,9802,353,29225,682,163583,431,192808,California
Marin,2021-05-28,1083,348422,721,215257,298,123299,64,9866,331,28872,746,164329,393,193201,California
Marin,2021-05-29,200,348622,113,215370,83,123382,4,9870,103,28882,97,164426,107,193308,California
Mariposa,2020-12-17,36,36,36,36,0,0,0,0,38,38,0,0,38,38,California
Mariposa,2020-12-18,55,91,55,91,0,0,0,0,56,94,0,0,56,94,California
Mariposa,2020-12-20,2,93,2,93,0,0,0,0,2,96,0,0,2,96,California
Mariposa,2020-12-21,49,142,49,142,0,0,0,0,53,149,0,0,53,149,California
Mariposa,2020-12-22,5,147,5,147,0,0,0,0,5,154,0,0,5,154,California
Mariposa,2020-12-23,16,163,16,163,0,0,0,0,16,170,0,0,16,170,California
Mariposa,2020-12-24,1,164,0,163,1,1,0,0,0,170,1,1,1,171,California
Mariposa,2020-12-26,1,165,1,164,0,1,0,0,1,171,0,1,1,172,California
Mariposa,2020-12-27,1,166,0,164,1,2,0,0,1,172,0,1,1,173,California
Mariposa,2020-12-28,6,172,3,167,3,5,0,0,6,178,0,1,6,179,California
Mariposa,2020-12-29,33,205,3,170,30,35,0,0,33,211,0,1,33,212,California
Mariposa,2020-12-30,25,230,4,174,21,56,0,0,25,236,0,1,25,237,California
Mariposa,2020-12-31,16,246,0,174,16,72,0,0,16,252,0,1,16,253,California
Mariposa,2021-01-02,1,247,1,175,0,72,0,0,1,253,0,1,1,254,California
Mariposa,2021-01-04,8,255,1,176,7,79,0,0,8,261,0,1,8,262,California
Mariposa,2021-01-05,24,279,14,190,10,89,0,0,14,265,10,11,14,276,California
Mariposa,2021-01-06,6,285,3,193,3,92,0,0,3,265,3,14,3,279,California
Mariposa,2021-01-07,50,335,45,238,5,97,0,0,5,225,45,59,5,284,California
Mariposa,2021-01-08,108,443,79,317,29,126,0,0,33,183,75,134,33,317,California
Mariposa,2021-01-09,1,444,0,317,1,127,0,0,1,184,0,134,1,318,California
Mariposa,2021-01-11,31,475,10,327,21,148,0,0,23,199,8,142,23,341,California
Mariposa,2021-01-12,19,494,4,331,15,163,0,0,15,210,4,146,15,356,California
Mariposa,2021-01-13,21,515,4,335,17,180,0,0,18,225,3,149,18,374,California
Mariposa,2021-01-14,73,588,7,342,66,246,0,0,67,286,6,155,67,441,California
Mariposa,2021-01-15,68,656,27,369,41,287,0,0,58,334,10,165,58,499,California
Mariposa,2021-01-16,14,670,2,371,12,299,0,0,13,346,1,166,13,512,California
Mariposa,2021-01-17,2,672,0,371,2,301,0,0,2,348,0,166,2,514,California
Mariposa,2021-01-18,3,675,3,374,0,301,0,0,1,347,2,168,1,515,California
Mariposa,2021-01-19,8,683,4,378,4,305,0,0,5,350,2,170,5,520,California
Mariposa,2021-01-20,23,706,1,379,22,327,0,0,22,371,1,171,22,542,California
Mariposa,2021-01-21,66,772,8,387,58,385,0,0,62,429,4,175,62,604,California
Mariposa,2021-01-22,56,828,2,389,54,439,0,0,56,485,0,175,56,660,California
Mariposa,2021-01-23,116,944,2,391,114,553,0,0,114,597,2,177,114,774,California
Mariposa,2021-01-24,2,946,2,393,0,553,0,0,2,599,0,177,2,776,California
Mariposa,2021-01-25,4,950,1,394,3,556,0,0,0,595,4,181,0,776,California
Mariposa,2021-01-26,36,986,4,398,32,588,0,0,4,571,32,213,8,784,California
Mariposa,2021-01-27,23,1009,1,399,22,610,0,0,12,573,10,223,12,796,California
Mariposa,2021-01-28,126,1135,3,402,123,733,0,0,113,674,12,235,113,909,California
Mariposa,2021-01-29,84,1219,22,424,62,795,0,0,83,756,1,236,83,992,California
Mariposa,2021-01-30,9,1228,1,425,8,803,0,0,8,763,1,237,8,1000,California
Mariposa,2021-01-31,1,1229,0,425,1,804,0,0,1,764,0,237,1,1001,California
Mariposa,2021-02-01,87,1316,30,455,57,861,0,0,66,809,21,258,66,1067,California
Mariposa,2021-02-02,15,1331,3,458,12,873,0,0,9,812,6,264,9,1076,California
Mariposa,2021-02-03,20,1351,1,459,19,892,0,0,14,820,6,270,14,1090,California
Mariposa,2021-02-04,99,1450,8,467,91,983,0,0,94,911,4,274,95,1185,California
Mariposa,2021-02-05,192,1642,5,472,187,1170,0,0,166,1051,26,300,166,1351,California
Mariposa,2021-02-06,11,1653,4,476,7,1177,0,0,10,1060,1,301,10,1361,California
Mariposa,2021-02-07,1,1654,0,476,1,1178,0,0,1,1061,0,301,1,1362,California
Mariposa,2021-02-08,40,1694,2,478,38,1216,0,0,21,1063,19,320,21,1383,California
Mariposa,2021-02-09,42,1736,24,502,18,1234,0,0,36,1093,6,326,36,1419,California
Mariposa,2021-02-10,28,1764,5,507,23,1257,0,0,17,1106,10,336,23,1442,California
Mariposa,2021-02-11,374,2138,5,512,369,1626,0,0,360,1455,14,350,363,1805,California
Mariposa,2021-02-12,185,2323,8,520,177,1803,0,0,141,1552,44,394,141,1946,California
Mariposa,2021-02-13,11,2334,3,523,8,1811,0,0,9,1559,2,396,9,1955,California
Mariposa,2021-02-14,8,2342,4,527,4,1815,0,0,5,1561,3,399,5,1960,California
Mariposa,2021-02-15,9,2351,3,530,6,1821,0,0,7,1566,2,401,7,1967,California
Mariposa,2021-02-16,57,2408,34,564,23,1844,0,0,34,1577,23,424,34,2001,California
Mariposa,2021-02-17,37,2445,9,573,28,1872,0,0,27,1596,9,433,28,2029,California
Mariposa,2021-02-18,57,2502,7,580,50,1922,0,0,20,1579,37,470,20,2049,California
Mariposa,2021-02-19,82,2584,3,583,79,2001,0,0,76,1649,6,476,76,2125,California
Mariposa,2021-02-20,253,2837,4,587,249,2250,0,0,223,1843,29,505,223,2348,California
Mariposa,2021-02-21,237,3074,4,591,233,2483,0,0,235,2077,1,506,235,2583,California
Mariposa,2021-02-22,23,3097,7,598,16,2499,0,0,21,2096,2,508,21,2604,California
Mariposa,2021-02-23,43,3140,37,635,6,2505,0,0,26,2105,17,525,26,2630,California
Mariposa,2021-02-24,20,3160,3,638,17,2522,0,0,8,2102,11,536,8,2638,California
Mariposa,2021-02-25,18,3178,9,647,9,2531,0,0,12,2108,6,542,12,2650,California
Mariposa,2021-02-26,424,3602,7,654,417,2948,0,0,363,2411,61,603,364,3014,California
Mariposa,2021-02-27,169,3771,5,659,164,3112,0,0,158,2558,11,614,158,3172,California
Mariposa,2021-02-28,2,3773,1,660,1,3113,0,0,0,2556,2,616,0,3172,California
Mariposa,2021-03-01,81,3854,26,686,55,3168,0,0,16,2508,64,680,16,3188,California
Mariposa,2021-03-02,20,3874,13,699,7,3175,0,0,11,2511,8,688,11,3199,California
Mariposa,2021-03-03,71,3945,5,704,66,3241,0,0,65,2571,6,694,66,3265,California
Mariposa,2021-03-04,39,3984,9,713,30,3271,0,0,20,2573,19,713,21,3286,California
Mariposa,2021-03-05,57,4041,9,722,48,3319,0,0,40,2601,17,730,45,3331,California
Mariposa,2021-03-06,15,4056,6,728,9,3328,0,0,7,2600,8,738,7,3338,California
Mariposa,2021-03-07,1,4057,1,729,0,3328,0,0,0,2599,1,739,0,3338,California
Mariposa,2021-03-08,38,4095,4,733,23,3351,11,11,9,2590,29,768,20,3358,California
Mariposa,2021-03-09,46,4141,18,751,18,3369,10,21,15,2584,31,799,25,3383,California
Mariposa,2021-03-10,31,4172,9,760,12,3381,10,31,10,2583,21,820,20,3403,California
Mariposa,2021-03-11,467,4639,6,766,442,3823,19,50,226,2591,240,1060,248,3651,California
Mariposa,2021-03-12,255,4894,8,774,220,4043,27,77,115,2592,140,1200,141,3792,California
Mariposa,2021-03-13,32,4926,6,780,11,4054,15,92,11,2596,21,1221,25,3817,California
Mariposa,2021-03-14,17,4943,2,782,4,4058,11,103,3,2596,14,1235,14,3831,California
Mariposa,2021-03-15,76,5019,7,789,31,4089,38,141,31,2620,45,1280,69,3900,California
Mariposa,2021-03-16,82,5101,33,822,14,4103,35,176,23,2619,59,1339,58,3958,California
Mariposa,2021-03-17,71,5172,10,832,53,4156,8,184,51,2659,19,1358,59,4017,California
Mariposa,2021-03-18,66,5238,15,847,41,4197,10,194,40,2683,26,1384,50,4067,California
Mariposa,2021-03-19,338,5576,11,858,322,4519,5,199,303,2956,35,1419,308,4375,California
Mariposa,2021-03-20,426,6002,5,863,419,4938,2,201,46,2625,380,1799,49,4424,California
Mariposa,2021-03-21,15,6017,9,872,5,4943,1,202,10,2632,4,1803,11,4435,California
Mariposa,2021-03-22,38,6055,7,879,23,4966,8,210,26,2655,12,1815,35,4470,California
Mariposa,2021-03-23,53,6108,33,912,10,4976,10,220,32,2676,21,1836,42,4512,California
Mariposa,2021-03-24,55,6163,5,917,48,5024,2,222,50,2723,5,1841,52,4564,California
Mariposa,2021-03-25,76,6239,15,932,53,5077,8,230,54,2765,20,1861,62,4626,California
Mariposa,2021-03-26,488,6727,9,941,478,5555,1,231,252,2782,236,2097,253,4879,California
Mariposa,2021-03-27,224,6951,8,949,216,5771,0,231,90,2740,134,2231,92,4971,California
Mariposa,2021-03-28,5,6956,0,949,2,5773,3,234,1,2740,4,2235,4,4975,California
Mariposa,2021-03-29,19,6975,6,955,13,5786,0,234,12,2745,7,2242,12,4987,California
Mariposa,2021-03-30,36,7011,13,968,7,5793,16,250,13,2751,23,2265,29,5016,California
Mariposa,2021-03-31,88,7099,15,983,66,5859,7,257,68,2806,20,2285,75,5091,California
Mariposa,2021-04-01,54,7153,10,993,36,5895,8,265,34,2828,20,2305,42,5133,California
Mariposa,2021-04-02,347,7500,11,1004,334,6229,2,267,305,3094,41,2346,307,5440,California
Mariposa,2021-04-03,10,7510,7,1011,3,6232,0,267,5,3094,5,2351,5,5445,California
Mariposa,2021-04-04,2,7512,1,1012,0,6232,1,268,0,3093,2,2353,1,5446,California
Mariposa,2021-04-05,33,7545,22,1034,7,6239,4,272,16,3096,17,2370,20,5466,California
Mariposa,2021-04-06,43,7588,20,1054,7,6246,16,288,13,3096,29,2399,29,5495,California
Mariposa,2021-04-07,98,7686,6,1060,73,6319,19,307,28,3073,70,2469,47,5542,California
Mariposa,2021-04-08,279,7965,14,1074,246,6565,19,326,143,3102,134,2603,163,5705,California
Mariposa,2021-04-09,38,8003,9,1083,14,6579,15,341,11,3101,27,2630,26,5731,California
Mariposa,2021-04-10,201,8204,3,1086,188,6767,10,351,186,3283,13,2643,195,5926,California
Mariposa,2021-04-11,124,8328,4,1090,118,6885,2,353,57,3276,67,2710,60,5986,California
Mariposa,2021-04-12,42,8370,13,1103,27,6912,2,355,13,3262,29,2739,15,6001,California
Mariposa,2021-04-13,52,8422,45,1148,7,6919,0,355,34,3278,18,2757,34,6035,California
Mariposa,2021-04-14,112,8534,7,1155,105,7024,0,355,58,3283,53,2810,58,6093,California
Mariposa,2021-04-15,57,8591,15,1170,42,7066,0,355,43,3315,11,2821,43,6136,California
Mariposa,2021-04-16,382,8973,11,1181,371,7437,0,355,106,3145,276,3097,106,6242,California
Mariposa,2021-04-17,10,8983,6,1187,4,7441,0,355,7,3149,3,3100,7,6249,California
Mariposa,2021-04-18,7,8990,0,1187,7,7448,0,355,3,3148,4,3104,3,6252,California
Mariposa,2021-04-19,57,9047,25,1212,32,7480,0,355,29,3151,26,3130,29,6281,California
Mariposa,2021-04-20,62,9109,49,1261,13,7493,0,355,39,3169,21,3151,39,6320,California
Mariposa,2021-04-21,90,9199,13,1274,77,7570,0,355,42,3164,47,3198,42,6362,California
Mariposa,2021-04-22,47,9246,8,1282,39,7609,0,355,37,3192,9,3207,37,6399,California
Mariposa,2021-04-23,315,9561,70,1352,245,7854,0,355,144,3167,171,3378,146,6545,California
Mariposa,2021-04-24,105,9666,10,1362,95,7949,0,355,42,3147,62,3440,42,6587,California
Mariposa,2021-04-26,14,9680,10,1372,4,7953,0,355,4,3141,10,3450,4,6591,California
Mariposa,2021-04-27,31,9711,16,1388,14,7967,1,356,15,3144,13,3463,16,6607,California
Mariposa,2021-04-28,74,9785,13,1401,54,8021,7,363,29,3135,45,3508,36,6643,California
Mariposa,2021-04-29,84,9869,12,1413,71,8092,1,364,79,3210,5,3513,80,6723,California
Mariposa,2021-04-30,209,10078,5,1418,199,8291,5,369,63,3132,146,3659,68,6791,California
Mariposa,2021-05-01,2,10080,2,1420,0,8291,0,369,0,3130,2,3661,0,6791,California
Mariposa,2021-05-02,3,10083,2,1422,0,8291,1,370,0,3128,3,3664,1,6792,California
Mariposa,2021-05-03,16,10099,12,1434,3,8294,1,371,7,3128,8,3672,8,6800,California
Mariposa,2021-05-04,50,10149,31,1465,15,8309,4,375,36,3154,14,3686,40,6840,California
Mariposa,2021-05-05,56,10205,8,1473,46,8355,2,377,17,3134,39,3725,19,6859,California
Mariposa,2021-05-06,55,10260,36,1509,14,8369,5,382,39,3162,16,3741,44,6903,California
Mariposa,2021-05-07,27,10287,7,1516,17,8386,3,385,13,3164,14,3755,16,6919,California
Mariposa,2021-05-08,281,10568,5,1521,276,8662,0,385,34,2953,247,4002,36,6955,California
Mariposa,2021-05-09,2,10570,1,1522,1,8663,0,385,0,2951,2,4004,0,6955,California
Mariposa,2021-05-10,19,10589,8,1530,9,8672,2,387,4,2942,15,4019,6,6961,California
Mariposa,2021-05-11,28,10617,19,1549,9,8681,0,387,20,2955,7,4026,20,6981,California
Mariposa,2021-05-12,66,10683,4,1553,59,8740,3,390,6,2904,60,4086,9,6990,California
Mariposa,2021-05-13,48,10731,8,1561,38,8778,2,392,14,2886,34,4120,16,7006,California
Mariposa,2021-05-14,251,10982,123,1684,121,8899,7,399,119,2880,132,4252,126,7132,California
Mariposa,2021-05-15,17,10999,8,1692,8,8907,1,400,10,2884,7,4259,11,7143,California
Mariposa,2021-05-16,3,11002,1,1693,1,8908,1,401,1,2884,2,4261,2,7145,California
Mariposa,2021-05-17,16,11018,7,1700,6,8914,3,404,7,2885,9,4270,10,7155,California
Mariposa,2021-05-18,61,11079,41,1741,15,8929,5,409,44,2918,16,4286,49,7204,California
Mariposa,2021-05-19,70,11149,32,1773,37,8966,1,410,51,2952,18,4304,52,7256,California
Mariposa,2021-05-20,34,11183,19,1792,13,8979,2,412,13,2946,21,4325,15,7271,California
Mariposa,2021-05-21,92,11275,8,1800,82,9061,2,414,42,2941,49,4374,44,7315,California
Mariposa,2021-05-22,47,11322,6,1806,40,9101,1,415,17,2929,30,4404,18,7333,California
Mariposa,2021-05-23,3,11325,2,1808,0,9101,1,416,2,2931,1,4405,3,7336,California
Mariposa,2021-05-24,12,11337,7,1815,3,9104,2,418,8,2937,4,4409,10,7346,California
Mariposa,2021-05-25,26,11363,17,1832,9,9113,0,418,18,2947,8,4417,18,7364,California
Mariposa,2021-05-26,36,11399,3,1835,29,9142,4,422,28,2971,8,4425,32,7396,California
Mariposa,2021-05-27,117,11516,63,1898,53,9195,1,423,60,2975,57,4482,61,7457,California
Mariposa,2021-05-28,65,11581,5,1903,55,9250,5,428,22,2959,43,4525,27,7484,California
Mariposa,2021-05-29,1,11582,1,1904,0,9250,0,428,0,2958,1,4526,0,7484,California
Mendocino,2020-12-17,70,70,70,70,0,0,0,0,70,70,0,0,70,70,California
Mendocino,2020-12-18,85,155,84,154,1,1,0,0,84,154,0,0,84,154,California
Mendocino,2020-12-19,4,159,4,158,0,1,0,0,4,158,0,0,4,158,California
Mendocino,2020-12-20,7,166,7,165,0,1,0,0,7,165,0,0,7,165,California
Mendocino,2020-12-21,241,407,241,406,0,1,0,0,77,242,0,0,77,242,California
Mendocino,2020-12-22,252,659,191,597,61,62,0,0,252,494,0,0,252,494,California
Mendocino,2020-12-23,270,929,47,644,223,285,0,0,269,763,0,0,269,763,California
Mendocino,2020-12-24,49,978,8,652,41,326,0,0,49,812,0,0,49,812,California
Mendocino,2020-12-25,1,979,0,652,1,327,0,0,1,813,0,0,1,813,California
Mendocino,2020-12-26,2,981,2,654,0,327,0,0,2,815,0,0,2,815,California
Mendocino,2020-12-27,1,982,0,654,1,328,0,0,1,816,0,0,1,816,California
Mendocino,2020-12-28,74,1056,9,663,65,393,0,0,74,890,0,0,74,890,California
Mendocino,2020-12-29,122,1178,61,724,61,454,0,0,122,1012,0,0,122,1012,California
Mendocino,2020-12-30,121,1299,67,791,54,508,0,0,121,1133,0,0,121,1133,California
Mendocino,2020-12-31,132,1431,97,888,35,543,0,0,132,1265,0,0,132,1265,California
Mendocino,2021-01-01,8,1439,6,894,2,545,0,0,8,1273,0,0,8,1273,California
Mendocino,2021-01-04,838,2277,18,912,820,1365,0,0,838,2111,0,0,838,2111,California
Mendocino,2021-01-05,74,2351,36,948,38,1403,0,0,61,2159,13,13,61,2172,California
Mendocino,2021-01-06,155,2506,133,1081,22,1425,0,0,145,2294,10,23,145,2317,California
Mendocino,2021-01-07,361,2867,238,1319,123,1548,0,0,298,2529,63,86,298,2615,California
Mendocino,2021-01-08,95,2962,82,1401,13,1561,0,0,41,2517,54,140,42,2657,California
Mendocino,2021-01-09,10,2972,6,1407,4,1565,0,0,8,2523,2,142,8,2665,California
Mendocino,2021-01-10,9,2981,8,1415,1,1566,0,0,2,2518,7,149,2,2667,California
Mendocino,2021-01-11,101,3082,92,1507,9,1575,0,0,43,2504,57,206,43,2710,California
Mendocino,2021-01-12,387,3469,377,1884,10,1585,0,0,270,2657,117,323,270,2980,California
Mendocino,2021-01-13,491,3960,145,2029,346,1931,0,0,449,3067,40,363,450,3430,California
Mendocino,2021-01-14,652,4612,20,2049,632,2563,0,0,643,3701,9,372,643,4073,California
Mendocino,2021-01-15,1872,6484,861,2910,1011,3574,0,0,1867,5564,5,377,1868,5941,California
Mendocino,2021-01-16,792,7276,50,2960,742,4316,0,0,790,6352,2,379,790,6731,California
Mendocino,2021-01-17,554,7830,1,2961,553,4869,0,0,553,6904,1,380,553,7284,California
Mendocino,2021-01-18,487,8317,462,3423,25,4894,0,0,476,7369,11,391,476,7760,California
Mendocino,2021-01-19,334,8651,148,3571,186,5080,0,0,158,7351,176,567,158,7918,California
Mendocino,2021-01-20,555,9206,407,3978,148,5228,0,0,449,7697,104,671,450,8368,California
Mendocino,2021-01-21,538,9744,225,4203,313,5541,0,0,352,7864,185,856,352,8720,California
Mendocino,2021-01-22,149,9893,58,4261,91,5632,0,0,110,7935,39,895,110,8830,California
Mendocino,2021-01-23,156,10049,84,4345,72,5704,0,0,150,8079,6,901,150,8980,California
Mendocino,2021-01-24,5,10054,3,4348,2,5706,0,0,5,8084,0,901,5,8985,California
Mendocino,2021-01-25,192,10246,18,4366,174,5880,0,0,122,8136,70,971,122,9107,California
Mendocino,2021-01-26,153,10399,53,4419,100,5980,0,0,94,8171,59,1030,94,9201,California
Mendocino,2021-01-27,441,10840,371,4790,70,6050,0,0,176,8089,258,1288,176,9377,California
Mendocino,2021-01-28,593,11433,529,5319,64,6114,0,0,498,8493,94,1382,498,9875,California
Mendocino,2021-01-29,394,11827,352,5671,42,6156,0,0,365,8830,29,1411,366,10241,California
Mendocino,2021-01-30,50,11877,31,5702,19,6175,0,0,43,8866,7,1418,43,10284,California
Mendocino,2021-01-31,275,12152,2,5704,273,6448,0,0,4,8599,271,1689,4,10288,California
Mendocino,2021-02-01,381,12533,52,5756,329,6777,0,0,59,8336,322,2011,59,10347,California
Mendocino,2021-02-02,737,13270,516,6272,221,6998,0,0,377,8353,360,2371,377,10724,California
Mendocino,2021-02-03,392,13662,207,6479,185,7183,0,0,222,8407,168,2539,222,10946,California
Mendocino,2021-02-04,625,14287,530,7009,95,7278,0,0,500,8782,125,2664,500,11446,California
Mendocino,2021-02-05,1304,15591,1214,8223,90,7368,0,0,584,8648,718,3382,584,12030,California
Mendocino,2021-02-06,558,16149,157,8380,401,7769,0,0,543,9176,15,3397,543,12573,California
Mendocino,2021-02-07,32,16181,28,8408,4,7773,0,0,32,9208,0,3397,32,12605,California
Mendocino,2021-02-08,747,16928,716,9124,31,7804,0,0,284,9029,463,3860,284,12889,California
Mendocino,2021-02-09,141,17069,58,9182,83,7887,0,0,89,9066,52,3912,89,12978,California
Mendocino,2021-02-10,1490,18559,924,10106,566,8453,0,0,743,9069,740,4652,743,13721,California
Mendocino,2021-02-11,1210,19769,208,10314,1002,9455,0,0,299,8457,911,5563,299,14020,California
Mendocino,2021-02-12,1455,21224,163,10477,1292,10747,0,0,656,8315,798,6361,656,14676,California
Mendocino,2021-02-13,502,21726,15,10492,487,11234,0,0,106,8031,395,6756,111,14787,California
Mendocino,2021-02-14,695,22421,3,10495,692,11926,0,0,135,7606,560,7316,135,14922,California
Mendocino,2021-02-15,331,22752,42,10537,289,12215,0,0,176,7627,155,7471,176,15098,California
Mendocino,2021-02-16,201,22953,51,10588,150,12365,0,0,130,7686,71,7542,130,15228,California
Mendocino,2021-02-17,1354,24307,1191,11779,163,12528,0,0,877,8088,475,8017,877,16105,California
Mendocino,2021-02-18,1791,26098,646,12425,1145,13673,0,0,1224,8746,566,8583,1224,17329,California
Mendocino,2021-02-19,756,26854,148,12573,608,14281,0,0,616,9222,140,8723,616,17945,California
Mendocino,2021-02-20,575,27429,549,13122,26,14307,0,0,544,9737,29,8752,544,18489,California
Mendocino,2021-02-21,326,27755,6,13128,320,14627,0,0,314,10040,11,8763,314,18803,California
Mendocino,2021-02-22,161,27916,29,13157,132,14759,0,0,69,10019,90,8853,69,18872,California
Mendocino,2021-02-23,857,28773,843,14000,14,14773,0,0,645,10454,210,9063,645,19517,California
Mendocino,2021-02-24,1848,30621,1766,15766,82,14855,0,0,1436,11485,407,9470,1438,20955,California
Mendocino,2021-02-25,1709,32330,533,16299,1176,16031,0,0,1287,12351,421,9891,1287,22242,California
Mendocino,2021-02-26,1416,33746,748,17047,668,16699,0,0,1050,13038,363,10254,1050,23292,California
Mendocino,2021-02-27,200,33946,151,17198,49,16748,0,0,77,12993,122,10376,77,23369,California
Mendocino,2021-02-28,36,33982,14,17212,22,16770,0,0,24,13005,12,10388,24,23393,California
Mendocino,2021-03-01,589,34571,547,17759,42,16812,0,0,549,13517,37,10425,549,23942,California
Mendocino,2021-03-02,75,34646,27,17786,48,16860,0,0,41,13525,33,10458,41,23983,California
Mendocino,2021-03-03,2034,36680,1333,19119,701,17561,0,0,1384,14261,648,11106,1384,25367,California
Mendocino,2021-03-04,1850,38530,148,19267,1702,19263,0,0,1632,15679,215,11321,1633,27000,California
Mendocino,2021-03-05,475,39005,416,19683,50,19313,9,9,372,15961,99,11420,381,27381,California
Mendocino,2021-03-06,246,39251,23,19706,198,19511,25,34,203,16147,42,11462,228,27609,California
Mendocino,2021-03-07,506,39757,8,19714,478,19989,20,54,118,15897,387,11849,137,27746,California
Mendocino,2021-03-08,123,39880,28,19742,57,20046,38,92,63,15940,58,11907,101,27847,California
Mendocino,2021-03-09,941,40821,601,20343,299,20345,41,133,834,16708,107,12014,875,28722,California
Mendocino,2021-03-10,1147,41968,984,21327,98,20443,65,198,272,16177,871,12885,340,29062,California
Mendocino,2021-03-11,842,42810,626,21953,162,20605,54,252,400,16192,439,13324,454,29516,California
Mendocino,2021-03-12,2063,44873,1051,23004,899,21504,113,365,1232,16713,824,14148,1345,30861,California
Mendocino,2021-03-13,702,45575,570,23574,74,21578,58,423,106,16286,592,14740,165,31026,California
Mendocino,2021-03-14,106,45681,4,23578,95,21673,7,430,12,16215,90,14830,19,31045,California
Mendocino,2021-03-15,599,46280,50,23628,491,22164,58,488,210,16094,388,15218,267,31312,California
Mendocino,2021-03-16,583,46863,386,24014,151,22315,46,534,121,15801,460,15678,167,31479,California
Mendocino,2021-03-17,1583,48446,1379,25393,55,22370,149,683,218,14813,1361,17039,373,31852,California
Mendocino,2021-03-18,1313,49759,248,25641,1027,23397,38,721,284,14113,1021,18060,321,32173,California
Mendocino,2021-03-19,1781,51540,855,26496,865,24262,61,782,333,13065,1444,19504,396,32569,California
Mendocino,2021-03-20,69,51609,10,26506,38,24300,21,803,12,13041,57,19561,33,32602,California
Mendocino,2021-03-21,8,51617,1,26507,2,24302,5,808,3,13044,5,19566,8,32610,California
Mendocino,2021-03-22,657,52274,613,27120,15,24317,29,837,146,12711,507,20073,174,32784,California
Mendocino,2021-03-23,165,52439,33,27153,102,24419,30,867,114,12804,51,20124,144,32928,California
Mendocino,2021-03-24,916,53355,841,27994,28,24447,47,914,113,12163,801,20925,160,33088,California
Mendocino,2021-03-25,2018,55373,52,28046,1946,26393,20,934,176,10521,1836,22761,194,33282,California
Mendocino,2021-03-26,546,55919,395,28441,126,26519,25,959,114,10228,432,23193,139,33421,California
Mendocino,2021-03-27,142,56061,13,28454,117,26636,12,971,80,10258,61,23254,91,33512,California
Mendocino,2021-03-28,25,56086,5,28459,16,26652,4,975,3,10244,21,23275,7,33519,California
Mendocino,2021-03-29,189,56275,100,28559,45,26697,44,1019,95,10289,94,23369,139,33658,California
Mendocino,2021-03-30,719,56994,634,29193,48,26745,37,1056,106,9821,611,23980,143,33801,California
Mendocino,2021-03-31,915,57909,280,29473,574,27319,61,1117,153,9275,760,24740,214,34015,California
Mendocino,2021-04-01,1744,59653,417,29890,1246,28565,81,1198,378,8382,1356,26096,463,34478,California
Mendocino,2021-04-02,1303,60956,1072,30962,158,28723,73,1271,158,7471,1142,27238,231,34709,California
Mendocino,2021-04-03,710,61666,10,30972,679,29402,21,1292,87,6961,619,27857,109,34818,California
Mendocino,2021-04-04,70,61736,34,31006,30,29432,6,1298,54,7005,16,27873,60,34878,California
Mendocino,2021-04-05,211,61947,141,31147,46,29478,24,1322,125,7065,86,27959,146,35024,California
Mendocino,2021-04-06,398,62345,123,31270,180,29658,95,1417,106,6975,292,28251,202,35226,California
Mendocino,2021-04-07,488,62833,178,31448,65,29723,245,1662,115,6965,370,28621,360,35586,California
Mendocino,2021-04-08,1499,64332,920,32368,464,30187,115,1777,1007,7602,486,29107,1123,36709,California
Mendocino,2021-04-09,758,65090,426,32794,171,30358,161,1938,396,7798,361,29468,557,37266,California
Mendocino,2021-04-10,405,65495,91,32885,268,30626,46,1984,99,7637,306,29774,145,37411,California
Mendocino,2021-04-11,122,65617,47,32932,19,30645,56,2040,59,7689,63,29837,115,37526,California
Mendocino,2021-04-12,621,66238,513,33445,48,30693,60,2100,407,7942,214,30051,467,37993,California
Mendocino,2021-04-13,291,66529,227,33672,64,30757,0,2100,222,8095,69,30120,222,38215,California
Mendocino,2021-04-14,520,67049,428,34100,92,30849,0,2100,417,8409,103,30223,417,38632,California
Mendocino,2021-04-15,659,67708,329,34429,330,31179,0,2100,388,8531,266,30489,388,39020,California
Mendocino,2021-04-16,126,67834,53,34482,72,31251,1,2101,78,8562,47,30536,78,39098,California
Mendocino,2021-04-17,196,68030,12,34494,184,31435,0,2101,67,8502,127,30663,67,39165,California
Mendocino,2021-04-18,13,68043,6,34500,7,31442,0,2101,8,8506,4,30667,8,39173,California
Mendocino,2021-04-19,539,68582,515,35015,23,31465,1,2102,427,8823,111,30778,428,39601,California
Mendocino,2021-04-20,419,69001,292,35307,127,31592,0,2102,262,8929,156,30934,262,39863,California
Mendocino,2021-04-21,193,69194,133,35440,59,31651,1,2103,114,8966,77,31011,114,39977,California
Mendocino,2021-04-22,490,69684,314,35754,175,31826,1,2104,318,9115,169,31180,318,40295,California
Mendocino,2021-04-23,846,70530,704,36458,142,31968,0,2104,688,9648,155,31335,688,40983,California
Mendocino,2021-04-24,109,70639,15,36473,94,32062,0,2104,102,9743,7,31342,102,41085,California
Mendocino,2021-04-25,56,70695,32,36505,20,32082,4,2108,18,9727,38,31380,22,41107,California
Mendocino,2021-04-26,303,70998,237,36742,61,32143,5,2113,196,9822,106,31486,201,41308,California
Mendocino,2021-04-27,201,71199,89,36831,85,32228,27,2140,92,9832,108,31594,118,41426,California
Mendocino,2021-04-28,220,71419,148,36979,53,32281,19,2159,125,9882,95,31689,145,41571,California
Mendocino,2021-04-29,1141,72560,844,37823,282,32563,15,2174,105,8969,1033,32722,120,41691,California
Mendocino,2021-04-30,607,73167,385,38208,212,32775,10,2184,228,8829,378,33100,238,41929,California
Mendocino,2021-05-01,472,73639,434,38642,32,32807,6,2190,367,9098,104,33204,373,42302,California
Mendocino,2021-05-02,55,73694,46,38688,6,32813,3,2193,8,9063,46,33250,11,42313,California
Mendocino,2021-05-03,147,73841,86,38774,39,32852,22,2215,43,9026,102,33352,65,42378,California
Mendocino,2021-05-04,378,74219,253,39027,92,32944,33,2248,140,8961,238,33590,173,42551,California
Mendocino,2021-05-05,871,75090,787,39814,69,33013,15,2263,219,8544,651,34241,234,42785,California
Mendocino,2021-05-06,631,75721,381,40195,228,33241,22,2285,154,8245,475,34716,176,42961,California
Mendocino,2021-05-07,187,75908,35,40230,128,33369,24,2309,123,8329,63,34779,147,43108,California
Mendocino,2021-05-08,125,76033,4,40234,120,33489,1,2310,109,8424,15,34794,110,43218,California
Mendocino,2021-05-09,20,76053,5,40239,14,33503,1,2311,3,8411,17,34811,4,43222,California
Mendocino,2021-05-10,244,76297,161,40400,78,33581,5,2316,150,8472,94,34905,155,43377,California
Mendocino,2021-05-11,277,76574,143,40543,117,33698,17,2333,128,8467,149,35054,144,43521,California
Mendocino,2021-05-12,135,76709,80,40623,47,33745,8,2341,42,8426,91,35145,50,43571,California
Mendocino,2021-05-13,1209,77918,1108,41731,85,33830,16,2357,307,7848,901,36046,323,43894,California
Mendocino,2021-05-14,718,78636,491,42222,164,33994,63,2420,244,7687,469,36515,308,44202,California
Mendocino,2021-05-15,85,78721,29,42251,52,34046,4,2424,40,7686,45,36560,44,44246,California
Mendocino,2021-05-16,115,78836,102,42353,11,34057,2,2426,99,7771,16,36576,101,44347,California
Mendocino,2021-05-17,172,79008,83,42436,73,34130,16,2442,97,7809,75,36651,113,44460,California
Mendocino,2021-05-18,243,79251,117,42553,98,34228,28,2470,109,7812,133,36784,136,44596,California
Mendocino,2021-05-19,326,79577,193,42746,112,34340,21,2491,242,7993,82,36866,263,44859,California
Mendocino,2021-05-20,285,79862,112,42858,131,34471,42,2533,103,7959,179,37045,145,45004,California
Mendocino,2021-05-21,613,80475,459,43317,142,34613,12,2545,486,8331,126,37171,498,45502,California
Mendocino,2021-05-22,595,81070,522,43839,65,34678,8,2553,196,8137,398,37569,204,45706,California
Mendocino,2021-05-23,18,81088,11,43850,1,34679,6,2559,10,8146,7,37576,16,45722,California
Mendocino,2021-05-24,120,81208,46,43896,56,34735,18,2577,58,8161,61,37637,76,45798,California
Mendocino,2021-05-25,293,81501,174,44070,90,34825,29,2606,132,8161,161,37798,161,45959,California
Mendocino,2021-05-26,301,81802,229,44299,61,34886,11,2617,117,8106,183,37981,128,46087,California
Mendocino,2021-05-27,220,82022,113,44412,88,34974,19,2636,89,8084,130,38111,108,46195,California
Mendocino,2021-05-28,171,82193,83,44495,81,35055,7,2643,99,8120,70,38181,106,46301,California
Mendocino,2021-05-29,5,82198,1,44496,0,35055,4,2647,0,8119,5,38186,4,46305,California
Merced,2020-12-16,3,3,3,3,0,0,0,0,3,3,0,0,3,3,California
Merced,2020-12-17,6,9,6,9,0,0,0,0,6,9,0,0,6,9,California
Merced,2020-12-18,143,152,143,152,0,0,0,0,143,152,0,0,143,152,California
Merced,2020-12-19,39,191,39,191,0,0,0,0,39,191,0,0,39,191,California
Merced,2020-12-20,18,209,18,209,0,0,0,0,18,209,0,0,18,209,California
Merced,2020-12-21,125,334,122,331,3,3,0,0,125,334,0,0,125,334,California
Merced,2020-12-22,152,486,152,483,0,3,0,0,152,486,0,0,152,486,California
Merced,2020-12-23,249,735,243,726,6,9,0,0,249,735,0,0,249,735,California
Merced,2020-12-24,72,807,72,798,0,9,0,0,72,807,0,0,72,807,California
Merced,2020-12-25,4,811,4,802,0,9,0,0,4,811,0,0,4,811,California
Merced,2020-12-26,6,817,3,805,3,12,0,0,6,817,0,0,6,817,California
Merced,2020-12-27,12,829,11,816,1,13,0,0,12,829,0,0,12,829,California
Merced,2020-12-28,123,952,98,914,25,38,0,0,123,952,0,0,123,952,California
Merced,2020-12-29,179,1131,123,1037,56,94,0,0,179,1131,0,0,179,1131,California
Merced,2020-12-30,215,1346,89,1126,126,220,0,0,215,1346,0,0,215,1346,California
Merced,2020-12-31,103,1449,34,1160,69,289,0,0,103,1449,0,0,103,1449,California
Merced,2021-01-01,5,1454,1,1161,4,293,0,0,5,1454,0,0,5,1454,California
Merced,2021-01-02,129,1583,118,1279,11,304,0,0,129,1583,0,0,129,1583,California
Merced,2021-01-03,9,1592,5,1284,4,308,0,0,9,1592,0,0,9,1592,California
Merced,2021-01-04,80,1672,42,1326,38,346,0,0,80,1672,0,0,80,1672,California
Merced,2021-01-05,321,1993,232,1558,89,435,0,0,315,1983,6,6,317,1989,California
Merced,2021-01-06,255,2248,105,1663,150,585,0,0,249,2226,6,12,249,2238,California
Merced,2021-01-07,187,2435,83,1746,104,689,0,0,176,2390,12,24,176,2414,California
Merced,2021-01-08,526,2961,392,2138,134,823,0,0,375,2615,150,174,375,2789,California
Merced,2021-01-09,23,2984,10,2148,13,836,0,0,17,2626,6,180,17,2806,California
Merced,2021-01-10,11,2995,7,2155,4,840,0,0,7,2629,4,184,7,2813,California
Merced,2021-01-11,228,3223,169,2324,59,899,0,0,102,2607,126,310,104,2917,California
Merced,2021-01-12,294,3517,171,2495,123,1022,0,0,244,2800,51,361,244,3161,California
Merced,2021-01-13,377,3894,175,2670,202,1224,0,0,225,2876,152,513,228,3389,California
Merced,2021-01-14,323,4217,200,2870,123,1347,0,0,158,2871,164,677,159,3548,California
Merced,2021-01-15,587,4804,131,3001,456,1803,0,0,548,3382,40,717,551,4099,California
Merced,2021-01-16,213,5017,130,3131,83,1886,0,0,196,3561,17,734,196,4295,California
Merced,2021-01-17,50,5067,12,3143,38,1924,0,0,49,3609,1,735,49,4344,California
Merced,2021-01-18,261,5328,126,3269,135,2059,0,0,239,3829,22,757,242,4586,California
Merced,2021-01-19,711,6039,587,3856,124,2183,0,0,540,4202,171,928,544,5130,California
Merced,2021-01-20,572,6611,467,4323,105,2288,0,0,515,4663,57,985,518,5648,California
Merced,2021-01-21,1011,7622,650,4973,361,2649,0,0,911,5477,100,1085,914,6562,California
Merced,2021-01-22,1311,8933,692,5665,619,3268,0,0,1283,6745,27,1112,1295,7857,California
Merced,2021-01-23,324,9257,197,5862,127,3395,0,0,217,6855,107,1219,217,8074,California
Merced,2021-01-24,37,9294,15,5877,22,3417,0,0,28,6875,8,1227,28,8102,California
Merced,2021-01-25,729,10023,241,6118,488,3905,0,0,670,7488,58,1285,671,8773,California
Merced,2021-01-26,917,10940,487,6605,430,4335,0,0,675,7949,215,1500,676,9449,California
Merced,2021-01-27,981,11921,584,7189,397,4732,0,0,813,8596,166,1666,813,10262,California
Merced,2021-01-28,1140,13061,594,7783,546,5278,0,0,1016,9490,123,1789,1017,11279,California
Merced,2021-01-29,851,13912,324,8107,527,5805,0,0,599,9852,240,2029,602,11881,California
Merced,2021-01-30,262,14174,28,8135,234,6039,0,0,245,10080,17,2046,245,12126,California
Merced,2021-01-31,47,14221,11,8146,36,6075,0,0,46,10125,1,2047,46,12172,California
Merced,2021-02-01,377,14598,54,8200,323,6398,0,0,327,10404,49,2096,328,12500,California
Merced,2021-02-02,298,14896,181,8381,117,6515,0,0,176,10462,119,2215,177,12677,California
Merced,2021-02-03,348,15244,72,8453,276,6791,0,0,168,10450,180,2395,168,12845,California
Merced,2021-02-04,371,15615,145,8598,226,7017,0,0,240,10561,130,2525,241,13086,California
Merced,2021-02-05,511,16126,171,8769,340,7357,0,0,270,10593,240,2765,272,13358,California
Merced,2021-02-06,388,16514,218,8987,170,7527,0,0,245,10698,141,2906,246,13604,California
Merced,2021-02-07,21,16535,13,9000,8,7535,0,0,14,10705,7,2913,14,13618,California
Merced,2021-02-08,281,16816,198,9198,83,7618,0,0,171,10768,109,3022,172,13790,California
Merced,2021-02-09,1215,18031,955,10153,260,7878,0,0,772,11106,435,3457,773,14563,California
Merced,2021-02-10,1857,19888,1433,11586,424,8302,0,0,1274,11807,573,4030,1274,15837,California
Merced,2021-02-11,2509,22397,2010,13596,499,8801,0,0,1816,12942,681,4711,1816,17653,California
Merced,2021-02-12,1716,24113,1014,14610,702,9503,0,0,745,12735,954,5665,747,18400,California
Merced,2021-02-13,361,24474,206,14816,155,9658,0,0,262,12904,95,5760,264,18664,California
Merced,2021-02-14,117,24591,26,14842,91,9749,0,0,95,12978,22,5782,96,18760,California
Merced,2021-02-15,273,24864,41,14883,232,9981,0,0,168,13048,99,5881,169,18929,California
Merced,2021-02-16,1216,26080,844,15727,372,10353,0,0,835,13524,363,6244,839,19768,California
Merced,2021-02-17,1880,27960,1635,17362,245,10598,0,0,1310,14287,556,6800,1319,21087,California
Merced,2021-02-18,1213,29173,823,18185,390,10988,0,0,404,13906,788,7588,407,21494,California
Merced,2021-02-19,1265,30438,415,18600,850,11838,0,0,539,13727,720,8308,541,22035,California
Merced,2021-02-20,278,30716,32,18632,246,12084,0,0,140,13731,136,8444,140,22175,California
Merced,2021-02-21,77,30793,62,18694,15,12099,0,0,31,13717,45,8489,31,22206,California
Merced,2021-02-22,832,31625,294,18988,538,12637,0,0,482,13851,348,8837,482,22688,California
Merced,2021-02-23,1084,32709,423,19411,661,13298,0,0,640,14054,438,9275,641,23329,California
Merced,2021-02-24,818,33527,302,19713,516,13814,0,0,446,14138,363,9638,447,23776,California
Merced,2021-02-25,1768,35295,875,20588,893,14707,0,0,1315,15006,450,10088,1318,25094,California
Merced,2021-02-26,2153,37448,1378,21966,775,15482,0,0,1741,16342,406,10494,1742,26836,California
Merced,2021-02-27,2578,40026,1151,23117,1427,16909,0,0,2292,18350,284,10778,2292,29128,California
Merced,2021-02-28,308,40334,73,23190,235,17144,0,0,253,18552,51,10829,253,29381,California
Merced,2021-03-01,1121,41455,281,23471,839,17983,1,1,778,18997,334,11163,779,30160,California
Merced,2021-03-02,1755,43210,910,24381,844,18827,1,2,1364,19980,384,11547,1367,31527,California
Merced,2021-03-03,2227,45437,1731,26112,495,19322,1,3,1468,20710,740,12287,1470,32997,California
Merced,2021-03-04,2896,48333,2276,28388,618,19940,2,5,1922,21679,956,13243,1925,34922,California
Merced,2021-03-05,2068,50401,1193,29581,851,20791,24,29,1528,22706,526,13769,1553,36475,California
Merced,2021-03-06,1166,51567,662,30243,482,21273,22,51,910,23383,255,14024,932,37407,California
Merced,2021-03-07,230,51797,66,30309,139,21412,25,76,201,23580,29,14053,226,37633,California
Merced,2021-03-08,1407,53204,808,31117,534,21946,65,141,1192,24621,215,14268,1256,38889,California
Merced,2021-03-09,1699,54903,1003,32120,589,22535,107,248,1099,25234,594,14862,1207,40096,California
Merced,2021-03-10,2702,57605,1870,33990,632,23167,200,448,1625,26001,1062,15924,1829,41925,California
Merced,2021-03-11,1946,59551,694,34684,1047,24214,205,653,1226,26749,705,16629,1453,43378,California
Merced,2021-03-12,2211,61762,902,35586,1041,25255,268,921,1496,27815,710,17339,1776,45154,California
Merced,2021-03-13,730,62492,310,35896,178,25433,242,1163,423,28182,299,17638,666,45820,California
Merced,2021-03-14,249,62741,136,36032,83,25516,30,1193,149,28263,99,17737,180,46000,California
Merced,2021-03-15,1517,64258,495,36527,767,26283,255,1448,1000,29007,510,18247,1254,47254,California
Merced,2021-03-16,1467,65725,714,37241,527,26810,226,1674,978,29732,478,18725,1203,48457,California
Merced,2021-03-17,1972,67697,1063,38304,729,27539,180,1854,1515,30981,448,19173,1697,50154,California
Merced,2021-03-18,2109,69806,1239,39543,723,28262,147,2001,1394,31834,701,19874,1554,51708,California
Merced,2021-03-19,2668,72474,1455,40998,1020,29282,193,2194,1387,32145,1270,21144,1581,53289,California
Merced,2021-03-20,2443,74917,1514,42512,534,29816,395,2589,958,32021,1481,22625,1357,54646,California
Merced,2021-03-21,557,75474,343,42855,201,30017,13,2602,437,32353,120,22745,452,55098,California
Merced,2021-03-22,1263,76737,630,43485,557,30574,76,2678,885,32945,371,23116,963,56061,California
Merced,2021-03-23,1834,78571,1107,44592,663,31237,64,2742,1352,33884,477,23593,1416,57477,California
Merced,2021-03-24,1467,80038,927,45519,505,31742,35,2777,989,34435,473,24066,1024,58501,California
Merced,2021-03-25,3321,83359,2279,47798,1019,32761,23,2800,2081,35314,1228,25294,2107,60608,California
Merced,2021-03-26,1938,85297,1089,48887,814,33575,35,2835,891,35202,1037,26331,925,61533,California
Merced,2021-03-27,3561,88858,1906,50793,1238,34813,417,3252,1552,35176,1996,28327,1970,63503,California
Merced,2021-03-28,521,89379,215,51008,298,35111,8,3260,215,35095,304,28631,223,63726,California
Merced,2021-03-29,1828,91207,780,51788,881,35992,167,3427,670,34786,1150,29781,841,64567,California
Merced,2021-03-30,2150,93357,803,52591,1288,37280,59,3486,991,34685,1153,30934,1052,65619,California
Merced,2021-03-31,2142,95499,1409,54000,695,37975,38,3524,954,34505,1173,32107,993,66612,California
Merced,2021-04-01,2219,97718,1024,55024,1069,39044,126,3650,1007,34434,1206,33313,1135,67747,California
Merced,2021-04-02,2341,100059,640,55664,1296,40340,405,4055,786,34088,1538,34851,1192,68939,California
Merced,2021-04-03,913,100972,434,56098,464,40804,15,4070,503,34202,406,35257,520,69459,California
Merced,2021-04-04,371,101343,143,56241,224,41028,4,4074,142,34122,228,35485,148,69607,California
Merced,2021-04-05,1271,102614,606,56847,453,41481,212,4286,419,33907,845,36330,630,70237,California
Merced,2021-04-06,2426,105040,898,57745,700,42181,828,5114,891,34095,1530,37860,1718,71955,California
Merced,2021-04-07,1658,106698,889,58634,662,42843,107,5221,586,33736,1054,38914,695,72650,California
Merced,2021-04-08,2308,109006,1180,59814,913,43756,215,5436,822,33316,1455,40369,1035,73685,California
Merced,2021-04-09,1692,110698,471,60285,645,44401,576,6012,565,33349,1111,41480,1144,74829,California
Merced,2021-04-10,698,111396,364,60649,146,44547,188,6200,176,33195,516,41996,362,75191,California
Merced,2021-04-11,488,111884,281,60930,72,44619,135,6335,147,33139,339,42335,283,75474,California
Merced,2021-04-12,1453,113337,944,61874,387,45006,122,6457,827,33498,590,42925,949,76423,California
Merced,2021-04-13,2039,115376,1460,63334,576,45582,3,6460,935,33427,1013,43938,942,77365,California
Merced,2021-04-14,2048,117424,1214,64548,834,46416,0,6460,901,33315,1015,44953,903,78268,California
Merced,2021-04-15,3021,120445,1980,66528,1041,47457,0,6460,957,32443,1834,46787,962,79230,California
Merced,2021-04-16,2381,122826,1165,67693,1216,48673,0,6460,971,32103,1311,48098,971,80201,California
Merced,2021-04-17,1851,124677,1196,68889,654,49327,1,6461,541,31344,1302,49400,543,80744,California
Merced,2021-04-18,469,125146,247,69136,222,49549,0,6461,191,31284,251,49651,191,80935,California
Merced,2021-04-19,1338,126484,752,69888,586,50135,0,6461,708,31458,535,50186,709,81644,California
Merced,2021-04-20,1469,127953,737,70625,732,50867,0,6461,800,31659,599,50785,800,82444,California
Merced,2021-04-21,1479,129432,891,71516,588,51455,0,6461,753,31797,615,51400,753,83197,California
Merced,2021-04-22,1611,131043,741,72257,870,52325,0,6461,779,31826,751,52151,780,83977,California
Merced,2021-04-23,1647,132690,684,72941,963,53288,0,6461,889,32004,712,52863,890,84867,California
Merced,2021-04-24,573,133263,404,73345,169,53457,0,6461,391,32217,178,53041,391,85258,California
Merced,2021-04-25,327,133590,187,73532,140,53597,0,6461,193,32279,131,53172,193,85451,California
Merced,2021-04-26,1191,134781,523,74055,668,54265,0,6461,620,32363,538,53710,622,86073,California
Merced,2021-04-27,1742,136523,882,74937,850,55115,10,6471,696,32091,979,54689,707,86780,California
Merced,2021-04-28,1372,137895,681,75618,682,55797,9,6480,784,32319,566,55255,794,87574,California
Merced,2021-04-29,1408,139303,600,76218,783,56580,25,6505,654,32256,744,55999,681,88255,California
Merced,2021-04-30,1453,140756,613,76831,796,57376,44,6549,746,32344,703,56702,791,89046,California
Merced,2021-05-01,557,141313,241,77072,311,57687,5,6554,259,32312,295,56997,263,89309,California
Merced,2021-05-02,293,141606,118,77190,160,57847,15,6569,129,32294,163,57160,145,89454,California
Merced,2021-05-03,840,142446,546,77736,223,58070,71,6640,299,32126,539,57699,371,89825,California
Merced,2021-05-04,1014,143460,541,78277,421,58491,52,6692,372,31912,638,58337,424,90249,California
Merced,2021-05-05,1208,144668,715,78992,417,58908,76,6768,532,31854,666,59003,608,90857,California
Merced,2021-05-06,904,145572,471,79463,384,59292,49,6817,303,31612,594,59597,352,91209,California
Merced,2021-05-07,927,146499,290,79753,595,59887,42,6859,393,31519,530,60127,437,91646,California
Merced,2021-05-08,396,146895,201,79954,159,60046,36,6895,180,31520,215,60342,216,91862,California
Merced,2021-05-09,213,147108,107,80061,99,60145,7,6902,102,31519,110,60452,109,91971,California
Merced,2021-05-10,690,147798,353,80414,301,60446,36,6938,189,31244,500,60952,225,92196,California
Merced,2021-05-11,1106,148904,651,81065,402,60848,53,6991,424,31045,676,61628,477,92673,California
Merced,2021-05-12,984,149888,525,81590,420,61268,39,7030,312,30727,669,62297,351,93024,California
Merced,2021-05-13,799,150687,399,81989,358,61626,42,7072,296,30566,500,62797,339,93363,California
Merced,2021-05-14,1004,151691,616,82605,348,61974,40,7112,524,30658,472,63269,564,93927,California
Merced,2021-05-15,747,152438,565,83170,163,62137,19,7131,442,30822,298,63567,462,94389,California
Merced,2021-05-16,346,152784,231,83401,107,62244,8,7139,199,30886,144,63711,208,94597,California
Merced,2021-05-17,1047,153831,667,84068,351,62595,29,7168,505,30883,538,64249,535,95132,California
Merced,2021-05-18,1264,155095,845,84913,388,62983,31,7199,720,31097,537,64786,751,95883,California
Merced,2021-05-19,1085,156180,737,85650,341,63324,7,7206,608,31243,473,65259,619,96502,California
Merced,2021-05-20,906,157086,466,86116,385,63709,55,7261,339,31072,565,65824,394,96896,California
Merced,2021-05-21,1051,158137,599,86715,426,64135,26,7287,426,30908,616,66440,452,97348,California
Merced,2021-05-22,592,158729,409,87124,171,64306,12,7299,342,31014,248,66688,354,97702,California
Merced,2021-05-23,271,159000,200,87324,60,64366,11,7310,194,31142,77,66765,205,97907,California
Merced,2021-05-24,510,159510,224,87548,255,64621,31,7341,207,31080,300,67065,238,98145,California
Merced,2021-05-25,748,160258,419,87967,296,64917,33,7374,400,31169,344,67409,433,98578,California
Merced,2021-05-26,823,161081,499,88466,291,65208,33,7407,311,31002,511,67920,344,98922,California
Merced,2021-05-27,852,161933,606,89072,214,65422,32,7439,549,31284,299,68219,581,99503,California
Merced,2021-05-28,661,162594,316,89388,301,65723,44,7483,300,31273,357,68576,346,99849,California
Merced,2021-05-29,93,162687,43,89431,44,65767,6,7489,23,31232,70,68646,29,99878,California
Modoc,2020-12-16,1,1,1,1,0,0,0,0,1,1,0,0,1,1,California
Modoc,2020-12-21,99,100,99,100,0,0,0,0,99,100,0,0,99,100,California
Modoc,2020-12-22,14,114,14,114,0,0,0,0,14,114,0,0,14,114,California
Modoc,2020-12-23,4,118,4,118,0,0,0,0,4,118,0,0,4,118,California
Modoc,2020-12-24,1,119,1,119,0,0,0,0,1,119,0,0,1,119,California
Modoc,2020-12-28,2,121,2,121,0,0,0,0,2,121,0,0,2,121,California
Modoc,2020-12-29,10,131,1,122,9,9,0,0,10,131,0,0,10,131,California
Modoc,2020-12-30,7,138,0,122,7,16,0,0,7,138,0,0,7,138,California
Modoc,2021-01-02,3,141,1,123,2,18,0,0,3,141,0,0,3,141,California
Modoc,2021-01-04,8,149,0,123,8,26,0,0,8,149,0,0,8,149,California
Modoc,2021-01-05,3,152,2,125,1,27,0,0,3,152,0,0,3,152,California
Modoc,2021-01-06,3,155,2,127,1,28,0,0,2,153,1,1,2,154,California
Modoc,2021-01-07,72,227,0,127,72,100,0,0,72,225,0,1,72,226,California
Modoc,2021-01-08,105,332,0,127,105,205,0,0,105,330,0,1,105,331,California
Modoc,2021-01-10,1,333,1,128,0,205,0,0,0,329,1,2,0,331,California
Modoc,2021-01-11,90,423,81,209,9,214,0,0,19,277,71,73,19,350,California
Modoc,2021-01-12,94,517,25,234,69,283,0,0,68,319,26,99,68,418,California
Modoc,2021-01-13,24,541,4,238,20,303,0,0,22,339,2,101,22,440,California
Modoc,2021-01-14,129,670,6,244,123,426,0,0,124,458,5,106,124,564,California
Modoc,2021-01-15,6,676,1,245,5,431,0,0,6,464,0,106,6,570,California
Modoc,2021-01-16,1,677,1,246,0,431,0,0,1,465,0,106,1,571,California
Modoc,2021-01-18,1,678,1,247,0,431,0,0,1,466,0,106,1,572,California
Modoc,2021-01-19,5,683,3,250,2,433,0,0,3,467,2,108,3,575,California
Modoc,2021-01-20,11,694,1,251,10,443,0,0,11,478,0,108,11,586,California
Modoc,2021-01-21,157,851,2,253,155,598,0,0,157,635,0,108,157,743,California
Modoc,2021-01-22,2,853,0,253,2,600,0,0,2,637,0,108,2,745,California
Modoc,2021-01-25,11,864,0,253,11,611,0,0,11,648,0,108,11,756,California
Modoc,2021-01-26,65,929,1,254,64,675,0,0,65,713,0,108,65,821,California
Modoc,2021-01-27,41,970,2,256,39,714,0,0,25,722,16,124,25,846,California
Modoc,2021-01-28,146,1116,2,258,144,858,0,0,145,866,1,125,145,991,California
Modoc,2021-01-29,3,1119,1,259,2,860,0,0,3,869,0,125,3,994,California
Modoc,2021-02-01,26,1145,13,272,13,873,0,0,12,867,14,139,12,1006,California
Modoc,2021-02-02,170,1315,2,274,168,1041,0,0,167,1031,3,142,167,1173,California
Modoc,2021-02-03,18,1333,13,287,5,1046,0,0,11,1035,7,149,11,1184,California
Modoc,2021-02-04,154,1487,3,290,151,1197,0,0,26,933,128,277,26,1210,California
Modoc,2021-02-05,3,1490,2,292,1,1198,0,0,2,934,1,278,2,1212,California
Modoc,2021-02-08,9,1499,2,294,7,1205,0,0,8,941,1,279,8,1220,California
Modoc,2021-02-09,197,1696,13,307,184,1389,0,0,65,874,132,411,65,1285,California
Modoc,2021-02-10,5,1701,2,309,3,1392,0,0,4,877,1,412,4,1289,California
Modoc,2021-02-11,201,1902,3,312,198,1590,0,0,83,842,118,530,83,1372,California
Modoc,2021-02-12,4,1906,0,312,4,1594,0,0,2,842,2,532,2,1374,California
Modoc,2021-02-13,1,1907,0,312,1,1595,0,0,1,843,0,532,1,1375,California
Modoc,2021-02-16,147,2054,6,318,141,1736,0,0,143,982,4,536,143,1518,California
Modoc,2021-02-17,24,2078,1,319,23,1759,0,0,12,982,12,548,12,1530,California
Modoc,2021-02-18,188,2266,2,321,186,1945,0,0,25,846,162,710,26,1556,California
Modoc,2021-02-19,4,2270,4,325,0,1945,0,0,3,848,1,711,3,1559,California
Modoc,2021-02-20,1,2271,1,326,0,1945,0,0,0,847,1,712,0,1559,California
Modoc,2021-02-22,17,2288,9,335,8,1953,0,0,3,836,14,726,3,1562,California
Modoc,2021-02-23,20,2308,2,337,18,1971,0,0,1,818,19,745,1,1563,California
Modoc,2021-02-24,91,2399,1,338,90,2061,0,0,31,789,60,805,31,1594,California
Modoc,2021-02-25,169,2568,0,338,169,2230,0,0,12,644,157,962,12,1606,California
Modoc,2021-02-26,3,2571,0,338,3,2233,0,0,1,643,2,964,1,1607,California
Modoc,2021-02-27,3,2574,3,341,0,2233,0,0,2,644,1,965,2,1609,California
Modoc,2021-03-01,5,2579,0,341,5,2238,0,0,0,640,4,969,0,1609,California
Modoc,2021-03-02,193,2772,12,353,181,2419,0,0,26,499,167,1136,26,1635,California
Modoc,2021-03-03,12,2784,6,359,6,2425,0,0,2,491,10,1146,2,1637,California
Modoc,2021-03-04,174,2958,2,361,172,2597,0,0,147,611,27,1173,147,1784,California
Modoc,2021-03-05,4,2962,3,364,1,2598,0,0,2,611,2,1175,2,1786,California
Modoc,2021-03-06,11,2973,0,364,1,2599,10,10,1,612,10,1185,11,1797,California
Modoc,2021-03-07,8,2981,2,366,0,2599,6,16,2,614,6,1191,8,1805,California
Modoc,2021-03-08,8,2989,1,367,3,2602,4,20,1,613,6,1197,5,1810,California
Modoc,2021-03-09,126,3115,10,377,108,2710,8,28,61,617,65,1262,69,1879,California
Modoc,2021-03-10,9,3124,3,380,2,2712,4,32,4,620,5,1267,8,1887,California
Modoc,2021-03-11,207,3331,0,380,99,2811,108,140,22,565,185,1452,130,2017,California
Modoc,2021-03-12,11,3342,2,382,4,2815,5,145,4,567,7,1459,9,2026,California
Modoc,2021-03-13,4,3346,0,382,1,2816,3,148,1,568,3,1462,4,2030,California
Modoc,2021-03-15,12,3358,1,383,10,2826,1,149,10,577,2,1464,11,2041,California
Modoc,2021-03-16,173,3531,1,384,168,2994,4,153,42,491,131,1595,45,2086,California
Modoc,2021-03-17,10,3541,1,385,4,2998,5,158,2,490,8,1603,7,2093,California
Modoc,2021-03-18,68,3609,2,387,59,3057,7,165,36,501,32,1635,43,2136,California
Modoc,2021-03-19,5,3614,0,387,0,3057,5,170,0,501,5,1640,5,2141,California
Modoc,2021-03-20,5,3619,2,389,0,3057,3,173,0,499,5,1645,3,2144,California
Modoc,2021-03-21,4,3623,1,390,1,3058,2,175,2,501,2,1647,4,2148,California
Modoc,2021-03-22,17,3640,1,391,11,3069,5,180,12,513,5,1652,17,2165,California
Modoc,2021-03-23,37,3677,7,398,27,3096,3,183,28,535,9,1661,31,2196,California
Modoc,2021-03-24,29,3706,1,399,18,3114,10,193,1,518,28,1689,11,2207,California
Modoc,2021-03-25,77,3783,1,400,74,3188,2,195,45,533,32,1721,47,2254,California
Modoc,2021-03-26,7,3790,2,402,2,3190,3,198,2,533,5,1726,5,2259,California
Modoc,2021-03-27,2,3792,0,402,1,3191,1,199,1,534,1,1727,2,2261,California
Modoc,2021-03-28,2,3794,1,403,0,3191,1,200,0,533,2,1729,1,2262,California
Modoc,2021-03-29,14,3808,1,404,5,3196,8,208,5,537,9,1738,13,2275,California
Modoc,2021-03-30,55,3863,10,414,38,3234,7,215,21,531,34,1772,28,2303,California
Modoc,2021-03-31,9,3872,3,417,2,3236,4,219,3,532,6,1778,7,2310,California
Modoc,2021-04-01,167,4039,2,419,160,3396,5,224,32,434,135,1913,37,2347,California
Modoc,2021-04-02,5,4044,0,419,2,3398,3,227,1,435,3,1916,4,2351,California
Modoc,2021-04-03,5,4049,2,421,0,3398,3,230,2,437,2,1918,4,2355,California
Modoc,2021-04-05,9,4058,0,421,9,3407,0,230,9,446,0,1918,9,2364,California
Modoc,2021-04-06,24,4082,5,426,9,3416,10,240,6,444,18,1936,16,2380,California
Modoc,2021-04-07,12,4094,1,427,4,3420,7,247,3,445,9,1945,10,2390,California
Modoc,2021-04-08,96,4190,1,428,92,3512,3,250,26,404,70,2015,29,2419,California
Modoc,2021-04-09,11,4201,2,430,6,3518,3,253,2,399,9,2024,4,2423,California
Modoc,2021-04-10,5,4206,0,430,1,3519,4,257,0,398,5,2029,4,2427,California
Modoc,2021-04-11,2,4208,2,432,0,3519,0,257,1,398,1,2030,1,2428,California
Modoc,2021-04-12,14,4222,0,432,10,3529,4,261,1,392,11,2041,5,2433,California
Modoc,2021-04-13,30,4252,29,461,1,3530,0,261,21,404,9,2050,21,2454,California
Modoc,2021-04-14,2,4254,2,463,0,3530,0,261,1,404,1,2051,1,2455,California
Modoc,2021-04-15,100,4354,0,463,100,3630,0,261,27,358,73,2124,27,2482,California
Modoc,2021-04-16,4,4358,4,467,0,3630,0,261,3,360,1,2125,3,2485,California
Modoc,2021-04-17,2,4360,2,469,0,3630,0,261,2,362,0,2125,2,2487,California
Modoc,2021-04-18,1,4361,0,469,1,3631,0,261,1,363,0,2125,1,2488,California
Modoc,2021-04-19,6,4367,0,469,6,3637,0,261,1,359,5,2130,1,2489,California
Modoc,2021-04-20,26,4393,2,471,24,3661,0,261,8,349,18,2148,8,2497,California
Modoc,2021-04-21,4,4397,4,475,0,3661,0,261,1,347,3,2151,1,2498,California
Modoc,2021-04-22,97,4494,3,478,94,3755,0,261,40,330,57,2208,40,2538,California
Modoc,2021-04-23,4,4498,0,478,4,3759,0,261,3,332,1,2209,3,2541,California
Modoc,2021-04-24,3,4501,1,479,1,3760,1,262,2,334,1,2210,3,2544,California
Modoc,2021-04-25,1,4502,1,480,0,3760,0,262,1,335,0,2210,1,2545,California
Modoc,2021-04-26,8,4510,1,481,7,3767,0,262,3,333,5,2215,3,2548,California
Modoc,2021-04-27,6,4516,4,485,1,3768,1,263,1,330,5,2220,2,2550,California
Modoc,2021-04-28,6,4522,1,486,4,3772,1,264,2,329,4,2224,3,2553,California
Modoc,2021-04-29,66,4588,2,488,64,3836,0,264,24,311,42,2266,24,2577,California
Modoc,2021-04-30,5,4593,4,492,1,3837,0,264,3,312,2,2268,3,2580,California
Modoc,2021-05-01,1,4594,1,493,0,3837,0,264,0,311,1,2269,0,2580,California
Modoc,2021-05-02,4,4598,3,496,1,3838,0,264,3,313,1,2270,3,2583,California
Modoc,2021-05-03,10,4608,0,496,9,3847,1,265,0,304,10,2280,1,2584,California
Modoc,2021-05-04,11,4619,3,499,6,3853,2,267,5,305,6,2286,7,2591,California
Modoc,2021-05-05,27,4646,24,523,2,3855,1,268,8,295,19,2305,9,2600,California
Modoc,2021-05-06,54,4700,3,526,49,3904,2,270,21,285,33,2338,23,2623,California
Modoc,2021-05-07,8,4708,3,529,3,3907,2,272,2,283,6,2344,4,2627,California
Modoc,2021-05-08,3,4711,2,531,0,3907,1,273,1,283,2,2346,2,2629,California
Modoc,2021-05-09,2,4713,2,533,0,3907,0,273,1,283,1,2347,1,2630,California
Modoc,2021-05-10,2,4715,0,533,1,3908,1,274,1,284,1,2348,2,2632,California
Modoc,2021-05-11,3,4718,2,535,0,3908,1,275,0,282,3,2351,1,2633,California
Modoc,2021-05-12,2,4720,0,535,0,3908,2,277,0,282,2,2353,2,2635,California
Modoc,2021-05-13,43,4763,1,536,38,3946,4,281,14,271,29,2382,18,2653,California
Modoc,2021-05-14,10,4773,4,540,1,3947,5,286,4,274,6,2388,9,2662,California
Modoc,2021-05-15,4,4777,3,543,1,3948,0,286,4,278,0,2388,4,2666,California
Modoc,2021-05-16,3,4780,2,545,1,3949,0,286,0,275,3,2391,0,2666,California
Modoc,2021-05-17,5,4785,3,548,2,3951,0,286,4,278,1,2392,4,2670,California
Modoc,2021-05-18,22,4807,11,559,9,3960,2,288,13,284,9,2401,15,2685,California
Modoc,2021-05-19,9,4816,2,561,3,3963,4,292,5,289,4,2405,9,2694,California
Modoc,2021-05-20,58,4874,2,563,47,4010,9,301,7,254,51,2456,16,2710,California
Modoc,2021-05-21,8,4882,6,569,1,4011,1,302,1,249,7,2463,2,2712,California
Modoc,2021-05-22,1,4883,1,570,0,4011,0,302,0,248,1,2464,0,2712,California
Modoc,2021-05-23,2,4885,2,572,0,4011,0,302,0,246,2,2466,0,2712,California
Modoc,2021-05-24,3,4888,1,573,0,4011,2,304,1,247,2,2468,3,2715,California
Modoc,2021-05-25,3,4891,1,574,2,4013,0,304,1,246,2,2470,1,2716,California
Modoc,2021-05-26,32,4923,29,603,3,4016,0,304,22,259,10,2480,23,2739,California
Modoc,2021-05-27,30,4953,2,605,23,4039,5,309,7,248,23,2503,12,2751,California
Modoc,2021-05-28,8,4961,1,606,4,4043,3,312,3,249,5,2508,6,2757,California
Mono,2020-12-18,1,1,1,1,0,0,0,0,1,1,0,0,1,1,California
Mono,2020-12-19,5,6,5,6,0,0,0,0,5,6,0,0,5,6,California
Mono,2020-12-20,7,13,7,13,0,0,0,0,7,13,0,0,7,13,California
Mono,2020-12-21,24,37,17,30,7,7,0,0,24,37,0,0,24,37,California
Mono,2020-12-22,66,103,65,95,1,8,0,0,66,103,0,0,66,103,California
Mono,2020-12-23,70,173,42,137,28,36,0,0,70,173,0,0,70,173,California
Mono,2020-12-24,3,176,1,138,2,38,0,0,3,176,0,0,3,176,California
Mono,2020-12-26,3,179,3,141,0,38,0,0,3,179,0,0,3,179,California
Mono,2020-12-27,1,180,0,141,1,39,0,0,1,180,0,0,1,180,California
Mono,2020-12-28,94,274,63,204,31,70,0,0,94,274,0,0,94,274,California
Mono,2020-12-29,29,303,29,233,0,70,0,0,29,303,0,0,29,303,California
Mono,2020-12-30,77,380,36,269,41,111,0,0,77,380,0,0,77,380,California
Mono,2020-12-31,4,384,1,270,3,114,0,0,4,384,0,0,4,384,California
Mono,2021-01-01,4,388,4,274,0,114,0,0,4,388,0,0,4,388,California
Mono,2021-01-02,2,390,2,276,0,114,0,0,2,390,0,0,2,390,California
Mono,2021-01-04,2,392,0,276,2,116,0,0,2,392,0,0,2,392,California
Mono,2021-01-05,45,437,2,278,43,159,0,0,44,435,1,1,44,436,California
Mono,2021-01-06,44,481,0,278,44,203,0,0,44,479,0,1,44,480,California
Mono,2021-01-07,55,536,3,281,52,255,0,0,54,532,1,2,54,534,California
Mono,2021-01-08,2,538,1,282,1,256,0,0,1,532,1,3,1,535,California
Mono,2021-01-09,4,542,4,286,0,256,0,0,0,528,4,7,0,535,California
Mono,2021-01-10,5,547,5,291,0,256,0,0,0,523,5,12,0,535,California
Mono,2021-01-11,8,555,5,296,3,259,0,0,4,523,4,16,4,539,California
Mono,2021-01-12,283,838,75,371,208,467,0,0,219,679,63,79,219,758,California
Mono,2021-01-13,233,1071,73,444,160,627,0,0,178,802,55,134,178,936,California
Mono,2021-01-14,73,1144,71,515,2,629,0,0,73,875,0,134,73,1009,California
Mono,2021-01-15,62,1206,2,517,60,689,0,0,62,937,0,134,62,1071,California
Mono,2021-01-16,4,1210,3,520,1,690,0,0,1,935,3,137,1,1072,California
Mono,2021-01-18,64,1274,55,575,9,699,0,0,2,875,62,199,2,1074,California
Mono,2021-01-19,210,1484,208,783,2,701,0,0,172,1010,38,237,173,1247,California
Mono,2021-01-20,230,1714,198,981,32,733,0,0,169,1118,61,298,169,1416,California
Mono,2021-01-21,3,1717,3,984,0,733,0,0,3,1121,0,298,3,1419,California
Mono,2021-01-22,4,1721,0,984,4,737,0,0,4,1125,0,298,4,1423,California
Mono,2021-01-23,594,2315,594,1578,0,737,0,0,593,1717,1,299,593,2016,California
Mono,2021-01-24,1,2316,0,1578,1,738,0,0,0,1716,1,300,0,2016,California
Mono,2021-01-25,201,2517,163,1741,38,776,0,0,162,1839,39,339,162,2178,California
Mono,2021-01-26,505,3022,503,2244,2,778,0,0,499,2332,6,345,499,2677,California
Mono,2021-01-27,5,3027,1,2245,4,782,0,0,5,2337,0,345,5,2682,California
Mono,2021-01-28,6,3033,2,2247,4,786,0,0,2,2335,4,349,2,2684,California
Mono,2021-01-30,200,3233,198,2445,2,788,0,0,199,2533,1,350,199,2883,California
Mono,2021-01-31,242,3475,137,2582,105,893,0,0,138,2567,104,454,138,3021,California
Mono,2021-02-01,27,3502,27,2609,0,893,0,0,0,2540,27,481,0,3021,California
Mono,2021-02-02,5,3507,0,2609,5,898,0,0,2,2539,3,484,2,3023,California
Mono,2021-02-03,4,3511,2,2611,2,900,0,0,2,2539,2,486,2,3025,California
Mono,2021-02-04,211,3722,158,2769,53,953,0,0,90,2508,121,607,90,3115,California
Mono,2021-02-05,617,4339,611,3380,6,959,0,0,614,3119,3,610,614,3729,California
Mono,2021-02-06,138,4477,137,3517,1,960,0,0,137,3255,1,611,137,3866,California
Mono,2021-02-07,2,4479,0,3517,2,962,0,0,2,3257,0,611,2,3868,California
Mono,2021-02-08,172,4651,172,3689,0,962,0,0,15,3116,156,767,15,3883,California
Mono,2021-02-09,226,4877,6,3695,220,1182,0,0,13,2916,213,980,13,3896,California
Mono,2021-02-10,536,5413,186,3881,350,1532,0,0,193,2767,343,1323,194,4090,California
Mono,2021-02-11,7,5420,4,3885,3,1535,0,0,2,2764,5,1328,2,4092,California
Mono,2021-02-12,84,5504,20,3905,64,1599,0,0,26,2732,58,1386,26,4118,California
Mono,2021-02-13,585,6089,585,4490,0,1599,0,0,25,2198,559,1945,25,4143,California
Mono,2021-02-15,165,6254,163,4653,2,1601,0,0,3,2041,160,2105,3,4146,California
Mono,2021-02-16,517,6771,514,5167,3,1604,0,0,45,1617,469,2574,45,4191,California
Mono,2021-02-17,7,6778,2,5169,5,1609,0,0,2,1614,5,2579,2,4193,California
Mono,2021-02-18,3,6781,2,5171,1,1610,0,0,2,1615,1,2580,2,4195,California
Mono,2021-02-19,54,6835,53,5224,1,1611,0,0,54,1669,0,2580,54,4249,California
Mono,2021-02-20,4,6839,4,5228,0,1611,0,0,4,1673,0,2580,4,4253,California
Mono,2021-02-21,6,6845,6,5234,0,1611,0,0,4,1675,2,2582,4,4257,California
Mono,2021-02-22,283,7128,282,5516,1,1612,0,0,24,1441,258,2840,24,4281,California
Mono,2021-02-23,137,7265,117,5633,20,1632,0,0,22,1348,115,2955,22,4303,California
Mono,2021-02-24,10,7275,3,5636,7,1639,0,0,4,1346,6,2961,4,4307,California
Mono,2021-02-25,5,7280,2,5638,3,1642,0,0,3,1348,1,2962,3,4310,California
Mono,2021-02-26,598,7878,596,6234,2,1644,0,0,21,793,576,3538,21,4331,California
Mono,2021-02-27,141,8019,137,6371,4,1648,0,0,4,662,135,3673,4,4335,California
Mono,2021-03-01,2,8021,2,6373,0,1648,0,0,1,663,0,3673,1,4336,California
Mono,2021-03-02,6,8027,4,6377,2,1650,0,0,4,665,2,3675,4,4340,California
Mono,2021-03-03,112,8139,2,6379,110,1760,0,0,109,772,2,3677,109,4449,California
Mono,2021-03-04,5,8144,1,6380,4,1764,0,0,3,773,2,3679,3,4452,California
Mono,2021-03-05,37,8181,27,6407,10,1774,0,0,14,764,23,3702,14,4466,California
Mono,2021-03-06,507,8688,17,6424,490,2264,0,0,499,1258,6,3708,500,4966,California
Mono,2021-03-07,1,8689,0,6424,1,2265,0,0,0,1257,1,3709,0,4966,California
Mono,2021-03-08,536,9225,11,6435,522,2787,3,3,527,1778,9,3718,530,5496,California
Mono,2021-03-09,6,9231,2,6437,3,2790,1,4,3,1780,2,3720,4,5500,California
Mono,2021-03-10,286,9517,90,6527,193,2983,3,7,9,1518,274,3994,12,5512,California
Mono,2021-03-11,10,9527,0,6527,1,2984,9,16,0,1517,10,4004,9,5521,California
Mono,2021-03-12,7,9534,1,6528,1,2985,5,21,0,1515,7,4011,5,5526,California
Mono,2021-03-13,823,10357,386,6914,437,3422,0,21,815,2322,8,4019,815,6341,California
Mono,2021-03-14,4,10361,4,6918,0,3422,0,21,0,2318,4,4023,0,6341,California
Mono,2021-03-15,31,10392,23,6941,3,3425,5,26,14,2321,16,4039,19,6360,California
Mono,2021-03-16,16,10408,6,6947,4,3429,6,32,8,2327,8,4047,14,6374,California
Mono,2021-03-17,33,10441,5,6952,20,3449,8,40,21,2344,12,4059,29,6403,California
Mono,2021-03-18,21,10462,2,6954,11,3460,8,48,9,2349,12,4071,17,6420,California
Mono,2021-03-19,21,10483,1,6955,17,3477,3,51,17,2366,3,4074,20,6440,California
Mono,2021-03-20,5,10488,3,6958,1,3478,1,52,4,2370,1,4075,5,6445,California
Mono,2021-03-21,1,10489,1,6959,0,3478,0,52,1,2371,0,4075,1,6446,California
Mono,2021-03-22,11,10500,0,6959,6,3484,5,57,5,2375,6,4081,10,6456,California
Mono,2021-03-23,43,10543,6,6965,32,3516,5,62,17,2371,26,4107,22,6478,California
Mono,2021-03-24,13,10556,1,6966,7,3523,5,67,5,2373,8,4115,10,6488,California
Mono,2021-03-25,19,10575,3,6969,12,3535,4,71,12,2382,7,4122,16,6504,California
Mono,2021-03-26,19,10594,3,6972,11,3546,5,76,10,2389,8,4130,15,6519,California
Mono,2021-03-27,356,10950,353,7325,3,3549,0,76,329,2691,27,4157,329,6848,California
Mono,2021-03-29,10,10960,3,7328,6,3555,1,77,8,2698,2,4159,9,6857,California
Mono,2021-03-30,12,10972,0,7328,8,3563,4,81,7,2704,5,4164,11,6868,California
Mono,2021-03-31,132,11104,7,7335,124,3687,1,82,22,2618,109,4273,23,6891,California
Mono,2021-04-01,8,11112,0,7335,7,3694,1,83,3,2617,5,4278,4,6895,California
Mono,2021-04-02,18,11130,2,7337,16,3710,0,83,7,2613,11,4289,7,6902,California
Mono,2021-04-03,867,11997,372,7709,495,4205,0,83,50,1848,815,5104,50,6952,California
Mono,2021-04-05,533,12530,18,7727,514,4719,1,84,34,1387,498,5602,37,6989,California
Mono,2021-04-06,19,12549,1,7728,5,4724,13,97,1,1383,18,5620,14,7003,California
Mono,2021-04-07,26,12575,3,7731,3,4727,20,117,4,1385,22,5642,24,7027,California
Mono,2021-04-08,22,12597,3,7734,2,4729,17,134,4,1388,18,5660,21,7048,California
Mono,2021-04-09,37,12634,4,7738,4,4733,29,163,7,1394,30,5690,36,7084,California
Mono,2021-04-10,451,13085,2,7740,442,5175,7,170,30,1013,421,6111,40,7124,California
Mono,2021-04-11,1,13086,1,7741,0,5175,0,170,0,1012,1,6112,0,7124,California
Mono,2021-04-12,6,13092,0,7741,3,5178,3,173,3,1015,3,6115,6,7130,California
Mono,2021-04-13,20,13112,2,7743,17,5195,1,174,14,1024,6,6121,15,7145,California
Mono,2021-04-14,25,13137,1,7744,24,5219,0,174,7,1013,18,6139,7,7152,California
Mono,2021-04-15,20,13157,5,7749,15,5234,0,174,11,1015,9,6148,11,7163,California
Mono,2021-04-16,17,13174,1,7750,16,5250,0,174,6,1010,11,6159,6,7169,California
Mono,2021-04-17,51,13225,2,7752,49,5299,0,174,44,1047,7,6166,44,7213,California
Mono,2021-04-18,1,13226,0,7752,1,5300,0,174,1,1048,0,6166,1,7214,California
Mono,2021-04-19,526,13752,319,8071,207,5507,0,174,201,926,323,6489,201,7415,California
Mono,2021-04-20,16,13768,2,8073,14,5521,0,174,11,932,5,6494,11,7426,California
Mono,2021-04-21,8,13776,1,8074,7,5528,0,174,3,930,5,6499,3,7429,California
Mono,2021-04-22,25,13801,11,8085,14,5542,0,174,11,927,14,6513,11,7440,California
Mono,2021-04-23,22,13823,2,8087,20,5562,0,174,12,929,10,6523,12,7452,California
Mono,2021-04-24,36,13859,22,8109,14,5576,0,174,21,935,15,6538,21,7473,California
Mono,2021-04-25,3,13862,2,8111,1,5577,0,174,3,938,0,6538,3,7476,California
Mono,2021-04-26,10,13872,1,8112,9,5586,0,174,2,932,8,6546,2,7478,California
Mono,2021-04-27,66,13938,40,8152,19,5605,7,181,50,973,16,6562,57,7535,California
Mono,2021-04-28,63,14001,41,8193,18,5623,4,185,48,1012,13,6575,52,7587,California
Mono,2021-04-29,8,14009,1,8194,4,5627,3,188,2,1011,6,6581,5,7592,California
Mono,2021-04-30,16,14025,3,8197,10,5637,3,191,8,1014,8,6589,11,7603,California
Mono,2021-05-01,110,14135,4,8201,106,5743,0,191,98,1100,12,6601,98,7701,California
Mono,2021-05-03,1,14136,0,8201,1,5744,0,191,0,1099,1,6602,0,7701,California
Mono,2021-05-04,19,14155,0,8201,13,5757,6,197,10,1106,9,6611,16,7717,California
Mono,2021-05-05,54,14209,8,8209,42,5799,4,201,46,1148,8,6619,50,7767,California
Mono,2021-05-06,13,14222,3,8212,9,5808,1,202,9,1154,4,6623,10,7777,California
Mono,2021-05-07,29,14251,22,8234,7,5815,0,202,25,1175,4,6627,25,7802,California
Mono,2021-05-08,50,14301,5,8239,45,5860,0,202,22,1169,28,6655,22,7824,California
Mono,2021-05-10,17,14318,1,8240,12,5872,4,206,9,1174,8,6663,13,7837,California
Mono,2021-05-11,16,14334,2,8242,11,5883,3,209,5,1171,11,6674,8,7845,California
Mono,2021-05-12,12,14346,0,8242,11,5894,1,210,4,1168,8,6682,5,7850,California
Mono,2021-05-13,45,14391,32,8274,13,5907,0,210,36,1195,9,6691,36,7886,California
Mono,2021-05-14,10,14401,1,8275,8,5915,1,211,5,1196,5,6696,6,7892,California
Mono,2021-05-15,66,14467,25,8300,34,5949,7,218,18,1173,48,6744,25,7917,California
Mono,2021-05-16,6,14473,5,8305,1,5950,0,218,3,1173,3,6747,3,7920,California
Mono,2021-05-17,246,14719,33,8338,206,6156,7,225,54,1044,191,6938,62,7982,California
Mono,2021-05-18,133,14852,109,8447,23,6179,1,226,87,1086,46,6984,88,8070,California
Mono,2021-05-19,118,14970,112,8559,1,6180,5,231,75,1123,43,7027,80,8150,California
Mono,2021-05-20,70,15040,54,8613,10,6190,6,237,53,1165,17,7044,59,8209,California
Mono,2021-05-21,26,15066,5,8618,19,6209,2,239,12,1165,14,7058,14,8223,California
Mono,2021-05-22,19,15085,10,8628,7,6216,2,241,13,1174,6,7064,15,8238,California
Mono,2021-05-23,4,15089,1,8629,3,6219,0,241,3,1176,1,7065,3,8241,California
Mono,2021-05-24,10,15099,1,8630,9,6228,0,241,7,1180,3,7068,7,8248,California
Mono,2021-05-25,15,15114,6,8636,9,6237,0,241,8,1181,7,7075,8,8256,California
Mono,2021-05-26,18,15132,3,8639,14,6251,1,242,8,1180,10,7085,9,8265,California
Mono,2021-05-27,6,15138,2,8641,4,6255,0,242,5,1184,1,7086,5,8270,California
Mono,2021-05-28,42,15180,27,8668,14,6269,1,243,10,1163,32,7118,11,8281,California
Mono,2021-05-29,117,15297,26,8694,90,6359,1,244,28,1103,89,7207,29,8310,California
Monterey,2020-12-16,5,5,5,5,0,0,0,0,5,5,0,0,5,5,California
Monterey,2020-12-17,89,94,89,94,0,0,0,0,89,94,0,0,89,94,California
Monterey,2020-12-18,486,580,486,580,0,0,0,0,486,580,0,0,486,580,California
Monterey,2020-12-19,582,1162,581,1161,1,1,0,0,582,1162,0,0,582,1162,California
Monterey,2020-12-20,422,1584,422,1583,0,1,0,0,422,1584,0,0,422,1584,California
Monterey,2020-12-21,723,2307,723,2306,0,1,0,0,723,2307,0,0,723,2307,California
Monterey,2020-12-22,538,2845,525,2831,13,14,0,0,538,2845,0,0,538,2845,California
Monterey,2020-12-23,441,3286,266,3097,175,189,0,0,441,3286,0,0,441,3286,California
Monterey,2020-12-24,84,3370,10,3107,74,263,0,0,84,3370,0,0,84,3370,California
Monterey,2020-12-25,6,3376,0,3107,6,269,0,0,6,3376,0,0,6,3376,California
Monterey,2020-12-26,92,3468,5,3112,87,356,0,0,92,3468,0,0,92,3468,California
Monterey,2020-12-27,7,3475,4,3116,3,359,0,0,7,3475,0,0,7,3475,California
Monterey,2020-12-28,480,3955,25,3141,455,814,0,0,480,3955,0,0,480,3955,California
Monterey,2020-12-29,902,4857,168,3309,734,1548,0,0,902,4857,0,0,902,4857,California
Monterey,2020-12-30,568,5425,97,3406,471,2019,0,0,568,5425,0,0,568,5425,California
Monterey,2020-12-31,33,5458,11,3417,22,2041,0,0,33,5458,0,0,33,5458,California
Monterey,2021-01-01,13,5471,3,3420,10,2051,0,0,13,5471,0,0,13,5471,California
Monterey,2021-01-02,137,5608,134,3554,3,2054,0,0,137,5608,0,0,137,5608,California
Monterey,2021-01-03,30,5638,29,3583,1,2055,0,0,30,5638,0,0,30,5638,California
Monterey,2021-01-04,411,6049,18,3601,393,2448,0,0,411,6049,0,0,411,6049,California
Monterey,2021-01-05,753,6802,327,3928,426,2874,0,0,739,6774,14,14,739,6788,California
Monterey,2021-01-06,660,7462,175,4103,485,3359,0,0,637,7388,23,37,637,7425,California
Monterey,2021-01-07,750,8212,574,4677,176,3535,0,0,424,7488,324,361,424,7849,California
Monterey,2021-01-08,1095,9307,737,5414,358,3893,0,0,400,7193,695,1056,400,8249,California
Monterey,2021-01-09,967,10274,935,6349,32,3925,0,0,314,6855,652,1708,314,8563,California
Monterey,2021-01-10,274,10548,271,6620,3,3928,0,0,9,6599,265,1973,9,8572,California
Monterey,2021-01-11,1074,11622,988,7608,86,4014,0,0,369,6263,705,2678,369,8941,California
Monterey,2021-01-12,474,12096,395,8003,79,4093,0,0,211,6211,263,2941,211,9152,California
Monterey,2021-01-13,1218,13314,593,8596,625,4718,0,0,1172,7337,46,2987,1172,10324,California
Monterey,2021-01-14,1129,14443,169,8765,960,5678,0,0,1110,8432,19,3006,1114,11438,California
Monterey,2021-01-15,1049,15492,45,8810,1004,6682,0,0,1036,9455,13,3019,1036,12474,California
Monterey,2021-01-16,366,15858,301,9111,65,6747,0,0,361,9811,5,3024,361,12835,California
Monterey,2021-01-17,314,16172,293,9404,21,6768,0,0,301,10099,13,3037,301,13136,California
Monterey,2021-01-18,403,16575,46,9450,357,7125,0,0,381,10458,22,3059,381,13517,California
Monterey,2021-01-19,578,17153,395,9845,183,7308,0,0,419,10720,157,3216,419,13936,California
Monterey,2021-01-20,539,17692,268,10113,271,7579,0,0,333,10847,206,3422,333,14269,California
Monterey,2021-01-21,851,18543,93,10206,758,8337,0,0,741,11482,110,3532,745,15014,California
Monterey,2021-01-22,1057,19600,195,10401,862,9199,0,0,1018,12461,39,3571,1018,16032,California
Monterey,2021-01-23,243,19843,175,10576,68,9267,0,0,119,12459,123,3694,121,16153,California
Monterey,2021-01-24,57,19900,38,10614,19,9286,0,0,23,12448,34,3728,23,16176,California
Monterey,2021-01-25,804,20704,175,10789,629,9915,0,0,177,12005,620,4348,177,16353,California
Monterey,2021-01-26,946,21650,225,11014,721,10636,0,0,249,11557,697,5045,249,16602,California
Monterey,2021-01-27,872,22522,315,11329,557,11193,0,0,390,11465,482,5527,390,16992,California
Monterey,2021-01-28,2031,24553,739,12068,1292,12485,0,0,1690,12816,341,5868,1692,18684,California
Monterey,2021-01-29,1278,25831,709,12777,569,13054,0,0,1160,13860,117,5985,1161,19845,California
Monterey,2021-01-30,467,26298,295,13072,172,13226,0,0,211,13815,256,6241,211,20056,California
Monterey,2021-01-31,496,26794,72,13144,424,13650,0,0,485,14290,11,6252,486,20542,California
Monterey,2021-02-01,1660,28454,1149,14293,511,14161,0,0,1092,14815,567,6819,1092,21634,California
Monterey,2021-02-02,2174,30628,462,14755,1712,15873,0,0,1566,15774,607,7426,1566,23200,California
Monterey,2021-02-03,2343,32971,1052,15807,1291,17164,0,0,1565,16565,774,8200,1565,24765,California
Monterey,2021-02-04,2794,35765,2088,17895,706,17870,0,0,2484,18741,308,8508,2484,27249,California
Monterey,2021-02-05,3675,39440,2832,20727,843,18713,0,0,3234,21539,436,8944,3234,30483,California
Monterey,2021-02-06,1109,40549,380,21107,729,19442,0,0,762,21956,345,9289,762,31245,California
Monterey,2021-02-07,317,40866,268,21375,49,19491,0,0,99,21837,218,9507,99,31344,California
Monterey,2021-02-08,521,41387,291,21666,230,19721,0,0,430,22176,91,9598,430,31774,California
Monterey,2021-02-09,882,42269,684,22350,198,19919,0,0,570,22436,312,9910,572,32346,California
Monterey,2021-02-10,2093,44362,1110,23460,983,20902,0,0,1247,22838,846,10756,1248,33594,California
Monterey,2021-02-11,2513,46875,975,24435,1538,22440,0,0,1550,23429,961,11717,1552,35146,California
Monterey,2021-02-12,2604,49479,432,24867,2172,24612,0,0,1530,23887,1073,12790,1531,36677,California
Monterey,2021-02-13,1079,50558,49,24916,1030,25642,0,0,988,24785,90,12880,988,37665,California
Monterey,2021-02-14,600,51158,73,24989,527,26169,0,0,527,25239,73,12953,527,38192,California
Monterey,2021-02-15,1375,52533,161,25150,1214,27383,0,0,984,25835,389,13342,985,39177,California
Monterey,2021-02-16,1097,53630,244,25394,853,28236,0,0,873,26484,224,13566,873,40050,California
Monterey,2021-02-17,1957,55587,1167,26561,790,29026,0,0,1652,27834,304,13870,1654,41704,California
Monterey,2021-02-18,2238,57825,1179,27740,1059,30085,0,0,913,27438,1311,15181,915,42619,California
Monterey,2021-02-19,2952,60777,1539,29279,1413,31498,0,0,1353,27194,1598,16779,1354,43973,California
Monterey,2021-02-20,1023,61800,617,29896,406,31904,0,0,964,28100,58,16837,964,44937,California
Monterey,2021-02-21,1254,63054,1225,31121,29,31933,0,0,1183,29214,69,16906,1183,46120,California
Monterey,2021-02-22,1004,64058,855,31976,149,32082,0,0,652,29516,350,17256,652,46772,California
Monterey,2021-02-23,971,65029,624,32600,347,32429,0,0,305,29157,665,17921,306,47078,California
Monterey,2021-02-24,2482,67511,1326,33926,1156,33585,0,0,1857,30395,620,18541,1858,48936,California
Monterey,2021-02-25,4433,71944,2429,36355,2004,35589,0,0,1486,28942,2940,21481,1487,50423,California
Monterey,2021-02-26,5304,77248,3088,39443,2216,37805,0,0,2635,28912,2666,24147,2636,53059,California
Monterey,2021-02-27,1030,78278,186,39629,844,38649,0,0,813,29513,212,24359,813,53872,California
Monterey,2021-02-28,1539,79817,82,39711,1457,40106,0,0,1076,30131,458,24817,1076,54948,California
Monterey,2021-03-01,1291,81108,146,39857,1142,41248,3,3,748,30345,538,25355,752,55700,California
Monterey,2021-03-02,2808,83916,1735,41592,1073,42321,0,3,1940,31421,864,26219,1940,57640,California
Monterey,2021-03-03,3223,87139,1246,42838,1977,44298,0,3,1278,30757,1943,28162,1279,58919,California
Monterey,2021-03-04,4584,91723,1474,44312,3110,47408,0,3,2957,32091,1623,29785,2957,61876,California
Monterey,2021-03-05,3677,95400,1626,45938,1774,49182,277,280,3007,34706,669,30454,3284,65160,California
Monterey,2021-03-06,5089,100489,1081,47019,3702,52884,306,586,4174,38272,912,31366,4478,69638,California
Monterey,2021-03-07,524,101013,107,47126,170,53054,247,833,234,38461,290,31656,479,70117,California
Monterey,2021-03-08,1670,102683,327,47453,954,54008,389,1222,1121,39420,549,32205,1508,71625,California
Monterey,2021-03-09,1995,104678,696,48149,1024,55032,275,1497,1493,40685,501,32706,1766,73391,California
Monterey,2021-03-10,3194,107872,1037,49186,1667,56699,490,1987,1466,40917,1724,34430,1956,75347,California
Monterey,2021-03-11,4174,112046,1415,50601,2384,59083,375,2362,2402,41929,1765,36195,2777,78124,California
Monterey,2021-03-12,4423,116469,2053,52654,2230,61313,140,2502,2723,43095,1697,37892,2863,80987,California
Monterey,2021-03-13,5308,121777,970,53624,3991,65304,347,2849,3986,46108,1321,39213,4334,85321,California
Monterey,2021-03-14,2162,123939,1336,54960,801,66105,25,2874,579,45139,1573,40786,604,85925,California
Monterey,2021-03-15,3975,127914,1274,56234,2411,68516,290,3164,2278,46013,1693,42479,2567,88492,California
Monterey,2021-03-16,3534,131448,579,56813,2578,71094,377,3541,2113,47078,1420,43899,2485,90977,California
Monterey,2021-03-17,5835,137283,2363,59176,3215,74309,257,3798,4223,49957,1606,45505,4485,95462,California
Monterey,2021-03-18,4473,141756,2170,61346,2134,76443,169,3967,3109,51914,1358,46863,3315,98777,California
Monterey,2021-03-19,5496,147252,2564,63910,2785,79228,147,4114,4207,54985,1284,48147,4355,103132,California
Monterey,2021-03-20,3370,150622,421,64331,2254,81482,695,4809,2285,56883,1081,49228,2979,106111,California
Monterey,2021-03-21,634,151256,206,64537,419,81901,9,4818,561,57381,71,49299,569,106680,California
Monterey,2021-03-22,2498,153754,1443,65980,993,82894,62,4880,2285,59517,209,49508,2345,109025,California
Monterey,2021-03-23,4030,157784,2364,68344,1623,84517,43,4923,2562,60658,1463,50971,2604,111629,California
Monterey,2021-03-24,5128,162912,2126,70470,2686,87203,316,5239,3759,63365,1365,52336,4072,115701,California
Monterey,2021-03-25,5324,168236,1226,71696,3739,90942,359,5598,2683,63775,2633,54969,3043,118744,California
Monterey,2021-03-26,5455,173691,2620,74316,2757,93699,78,5676,2790,63991,2654,57623,2870,121614,California
Monterey,2021-03-27,4868,178559,1458,75774,3154,96853,256,5932,3130,65642,1735,59358,3386,125000,California
Monterey,2021-03-28,1120,179679,346,76120,765,97618,9,5941,626,65788,489,59847,635,125635,California
Monterey,2021-03-29,3230,182909,1414,77534,1802,99420,14,5955,2008,66600,1214,61061,2026,127661,California
Monterey,2021-03-30,4531,187440,2136,79670,2347,101767,48,6003,2790,67711,1731,62792,2842,130503,California
Monterey,2021-03-31,5447,192887,2426,82096,2222,103989,799,6802,3459,69976,1985,64777,4250,134753,California
Monterey,2021-04-01,6152,199039,2065,84161,3674,107663,413,7215,3114,70476,3023,67800,3523,138276,California
Monterey,2021-04-02,4806,203845,2276,86437,2465,110128,65,7280,3252,72246,1551,69351,3321,141597,California
Monterey,2021-04-03,5951,209796,1121,87558,3788,113916,1042,8322,1239,69819,4700,74051,2273,143870,California
Monterey,2021-04-04,774,210570,162,87720,597,114513,15,8337,498,70058,276,74327,515,144385,California
Monterey,2021-04-05,4020,214590,2482,90202,1306,115819,232,8569,1495,69268,2519,76846,1729,146114,California
Monterey,2021-04-06,3444,218034,1348,91550,1621,117440,475,9044,1179,68658,2263,79109,1653,147767,California
Monterey,2021-04-07,5698,223732,1388,92938,3795,121235,515,9559,2765,69019,2921,82030,3282,151049,California
Monterey,2021-04-08,6679,230411,3514,96452,2358,123593,807,10366,3296,69769,3377,85407,4127,155176,California
Monterey,2021-04-09,5775,236186,3456,99908,1680,125273,639,11005,2330,69354,3442,88849,3027,158203,California
Monterey,2021-04-10,10207,246393,4960,104868,3088,128361,2159,13164,4982,71281,5214,94063,7141,165344,California
Monterey,2021-04-11,5422,251815,4251,109119,567,128928,604,13768,4375,75214,1041,95104,4974,170318,California
Monterey,2021-04-12,4104,255919,1850,110969,1935,130863,319,14087,927,73421,3039,98143,1246,171564,California
Monterey,2021-04-13,3186,259105,730,111699,2451,133314,5,14092,1519,73299,1648,99791,1526,173090,California
Monterey,2021-04-14,6736,265841,3139,114838,3594,136908,3,14095,1835,70254,4883,104674,1838,174928,California
Monterey,2021-04-15,5894,271735,3904,118742,1990,138898,0,14095,3869,72129,1995,106669,3870,178798,California
Monterey,2021-04-16,4854,276589,2442,121184,2398,141296,14,14109,2249,71800,2593,109262,2264,181062,California
Monterey,2021-04-17,5623,282212,1359,122543,4264,145560,0,14109,3723,73638,1885,111147,3723,184785,California
Monterey,2021-04-18,843,283055,256,122799,587,146147,0,14109,237,73273,602,111749,237,185022,California
Monterey,2021-04-19,3734,286789,1290,124089,2444,148591,0,14109,1772,73091,1954,113703,1772,186794,California
Monterey,2021-04-20,3852,290641,1583,125672,2269,150860,0,14109,1590,72443,2239,115942,1591,188385,California
Monterey,2021-04-21,5932,296573,3179,128851,2753,153613,0,14109,2859,72267,3037,118979,2861,191246,California
Monterey,2021-04-22,4833,301406,1029,129880,3804,157417,0,14109,1988,71451,2804,121783,1988,193234,California
Monterey,2021-04-23,5771,307177,2634,132514,3136,160553,1,14110,2237,70179,3514,125297,2242,195476,California
Monterey,2021-04-24,4177,311354,587,133101,3590,164143,0,14110,1540,69099,2620,127917,1540,197016,California
Monterey,2021-04-25,1243,312597,610,133711,633,164776,0,14110,793,69452,440,128357,793,197809,California
Monterey,2021-04-26,3501,316098,2178,135889,1306,166082,17,14127,881,67755,2595,130952,898,198707,California
Monterey,2021-04-27,2627,318725,898,136787,1611,167693,118,14245,1147,67543,1476,132428,1264,199971,California
Monterey,2021-04-28,3614,322339,1373,138160,2088,169781,153,14398,2234,68557,1367,133795,2381,202352,California
Monterey,2021-04-29,4516,326855,2423,140583,2017,171798,76,14474,1653,67435,2852,136647,1730,204082,California
Monterey,2021-04-30,3193,330048,1657,142240,1461,173259,75,14549,795,65914,2389,139036,868,204950,California
Monterey,2021-05-01,5616,335664,4240,146480,1336,174595,40,14589,681,61716,4917,143953,719,205669,California
Monterey,2021-05-02,4362,340026,3935,150415,400,174995,27,14616,325,58044,4024,147977,352,206021,California
Monterey,2021-05-03,2550,342576,1567,151982,867,175862,116,14732,599,56818,1941,149918,715,206736,California
Monterey,2021-05-04,1789,344365,600,152582,1099,176961,90,14822,645,56423,1131,151049,736,207472,California
Monterey,2021-05-05,3316,347681,1196,153778,2035,178996,85,14907,1044,55292,2261,153310,1130,208602,California
Monterey,2021-05-06,4177,351858,2749,156527,1211,180207,217,15124,1126,53600,3035,156345,1343,209945,California
Monterey,2021-05-07,1991,353849,973,157500,919,181126,99,15223,704,53123,1279,157624,802,210747,California
Monterey,2021-05-08,2586,356435,1368,158868,894,182020,324,15547,919,52706,1656,159280,1239,211986,California
Monterey,2021-05-09,398,356833,116,158984,256,182276,26,15573,145,52625,252,159532,171,212157,California
Monterey,2021-05-10,2596,359429,1859,160843,690,182966,47,15620,330,50747,2256,161788,378,212535,California
Monterey,2021-05-11,1769,361198,907,161750,798,183764,64,15684,732,50522,1022,162810,797,213332,California
Monterey,2021-05-12,3677,364875,1965,163715,1639,185403,73,15757,787,48503,2880,165690,861,214193,California
Monterey,2021-05-13,2299,367174,1314,165029,928,186331,57,15814,1266,48801,1023,166713,1321,215514,California
Monterey,2021-05-14,1755,368929,501,165530,1177,187508,77,15891,695,48521,1051,167764,771,216285,California
Monterey,2021-05-15,3007,371936,527,166057,2245,189753,235,16126,647,47054,2348,170112,881,217166,California
Monterey,2021-05-16,883,372819,530,166587,281,190034,72,16198,223,46694,654,170766,294,217460,California
Monterey,2021-05-17,2192,375011,1288,167875,829,190863,75,16273,1038,46667,1141,171907,1114,218574,California
Monterey,2021-05-18,1733,376744,666,168541,1023,191886,44,16317,798,46585,926,172833,844,219418,California
Monterey,2021-05-19,3584,380328,2346,170887,1151,193037,87,16404,1939,46974,1638,174471,2027,221445,California
Monterey,2021-05-20,2315,382643,813,171700,1396,194433,106,16510,743,46268,1557,176028,851,222296,California
Monterey,2021-05-21,2844,385487,1214,172914,1539,195972,91,16601,888,45298,1949,177977,979,223275,California
Monterey,2021-05-22,1701,387188,609,173523,814,196786,278,16879,639,45154,1059,179036,915,224190,California
Monterey,2021-05-23,552,387740,410,173933,127,196913,15,16894,389,45400,158,179194,404,224594,California
Monterey,2021-05-24,1652,389392,495,174428,1093,198006,64,16958,590,44998,1056,180250,654,225248,California
Monterey,2021-05-25,1395,390787,524,174952,803,198809,68,17026,590,44867,789,181039,658,225906,California
Monterey,2021-05-26,2369,393156,989,175941,1327,200136,53,17079,964,44490,1394,182433,1017,226923,California
Monterey,2021-05-27,2408,395564,1339,177280,1011,201147,58,17137,882,43918,1512,183945,940,227863,California
Monterey,2021-05-28,1585,397149,564,177844,966,202113,55,17192,730,43855,849,184794,786,228649,California
Monterey,2021-05-29,422,397571,371,178215,35,202148,16,17208,87,43624,334,185128,103,228752,California
Napa,2020-12-16,12,12,12,12,0,0,0,0,12,12,0,0,12,12,California
Napa,2020-12-17,44,56,44,56,0,0,0,0,44,56,0,0,44,56,California
Napa,2020-12-18,102,158,102,158,0,0,0,0,102,158,0,0,102,158,California
Napa,2020-12-19,221,379,221,379,0,0,0,0,221,379,0,0,221,379,California
Napa,2020-12-20,190,569,190,569,0,0,0,0,190,569,0,0,190,569,California
Napa,2020-12-21,314,883,314,883,0,0,0,0,315,884,0,0,315,884,California
Napa,2020-12-22,341,1224,332,1215,9,9,0,0,341,1225,0,0,341,1225,California
Napa,2020-12-23,431,1655,321,1536,110,119,0,0,431,1656,0,0,431,1656,California
Napa,2020-12-24,139,1794,78,1614,61,180,0,0,139,1795,0,0,139,1795,California
Napa,2020-12-25,1,1795,1,1615,0,180,0,0,1,1796,0,0,1,1796,California
Napa,2020-12-26,39,1834,11,1626,28,208,0,0,39,1835,0,0,39,1835,California
Napa,2020-12-27,32,1866,16,1642,16,224,0,0,32,1867,0,0,32,1867,California
Napa,2020-12-28,252,2118,186,1828,66,290,0,0,281,2148,0,0,281,2148,California
Napa,2020-12-29,271,2389,214,2042,57,347,0,0,304,2452,0,0,304,2452,California
Napa,2020-12-30,631,3020,486,2528,145,492,0,0,639,3091,0,0,639,3091,California
Napa,2020-12-31,460,3480,371,2899,89,581,0,0,460,3551,0,0,460,3551,California
Napa,2021-01-01,1,3481,1,2900,0,581,0,0,1,3552,0,0,1,3552,California
Napa,2021-01-02,98,3579,93,2993,5,586,0,0,98,3650,0,0,98,3650,California
Napa,2021-01-03,13,3592,11,3004,2,588,0,0,9,3659,0,0,9,3659,California
Napa,2021-01-04,106,3698,63,3067,43,631,0,0,106,3765,0,0,106,3765,California
Napa,2021-01-05,162,3860,85,3152,77,708,0,0,145,3886,24,24,145,3910,California
Napa,2021-01-06,459,4319,113,3265,346,1054,0,0,396,4221,61,85,396,4306,California
Napa,2021-01-07,499,4818,235,3500,264,1318,0,0,398,4519,100,185,398,4704,California
Napa,2021-01-08,445,5263,230,3730,215,1533,0,0,261,4597,183,368,261,4965,California
Napa,2021-01-09,327,5590,302,4032,25,1558,0,0,190,4650,137,505,190,5155,California
Napa,2021-01-10,185,5775,102,4134,83,1641,0,0,108,4681,77,582,108,5263,California
Napa,2021-01-11,881,6656,427,4561,454,2095,0,0,507,4815,375,957,509,5772,California
Napa,2021-01-12,1319,7975,373,4934,946,3041,0,0,1001,5498,318,1275,1001,6773,California
Napa,2021-01-13,1313,9288,265,5199,1048,4089,0,0,1150,6487,162,1437,1151,7924,California
Napa,2021-01-14,1051,10339,171,5370,880,4969,0,0,933,7304,116,1553,933,8857,California
Napa,2021-01-15,1457,11796,384,5754,1073,6042,0,0,1308,8456,157,1710,1309,10166,California
Napa,2021-01-16,357,12153,133,5887,224,6266,0,0,340,8779,17,1727,340,10506,California
Napa,2021-01-17,338,12491,173,6060,165,6431,0,0,328,9097,10,1737,328,10834,California
Napa,2021-01-18,1080,13571,197,6257,883,7314,0,0,989,9995,91,1828,989,11823,California
Napa,2021-01-19,1009,14580,405,6662,604,7918,0,0,766,10519,242,2070,766,12589,California
Napa,2021-01-20,827,15407,187,6849,640,8558,0,0,643,10980,182,2252,643,13232,California
Napa,2021-01-21,1336,16743,374,7223,962,9520,0,0,1081,11808,254,2506,1082,14314,California
Napa,2021-01-22,1544,18287,414,7637,1130,10650,0,0,1217,12700,326,2832,1218,15532,California
Napa,2021-01-23,398,18685,318,7955,80,10730,0,0,336,12974,62,2894,336,15868,California
Napa,2021-01-24,264,18949,187,8142,77,10807,0,0,207,13124,57,2951,207,16075,California
Napa,2021-01-25,1521,20470,229,8371,1292,12099,0,0,1431,14465,90,3041,1431,17506,California
Napa,2021-01-26,877,21347,285,8656,592,12691,0,0,785,15159,92,3133,786,18292,California
Napa,2021-01-27,628,21975,220,8876,408,13099,0,0,471,15473,158,3291,472,18764,California
Napa,2021-01-28,387,22362,175,9051,212,13311,0,0,196,15480,189,3480,196,18960,California
Napa,2021-01-29,255,22617,63,9114,192,13503,0,0,160,15545,95,3575,160,19120,California
Napa,2021-01-30,807,23424,697,9811,110,13613,0,0,640,16018,167,3742,640,19760,California
Napa,2021-01-31,652,24076,621,10432,31,13644,0,0,629,16624,23,3765,629,20389,California
Napa,2021-02-01,320,24396,112,10544,208,13852,0,0,164,16632,156,3921,164,20553,California
Napa,2021-02-02,606,25002,279,10823,327,14179,0,0,297,16623,306,4227,297,20850,California
Napa,2021-02-03,744,25746,308,11131,436,14615,0,0,429,16738,314,4541,429,21279,California
Napa,2021-02-04,787,26533,370,11501,417,15032,0,0,438,16829,347,4888,438,21717,California
Napa,2021-02-05,709,27242,308,11809,401,15433,0,0,342,16804,367,5255,342,22059,California
Napa,2021-02-06,434,27676,146,11955,288,15721,0,0,328,17026,106,5361,328,22387,California
Napa,2021-02-07,173,27849,160,12115,13,15734,0,0,71,16995,102,5463,71,22458,California
Napa,2021-02-08,835,28684,191,12306,644,16378,0,0,274,16711,558,6021,274,22732,California
Napa,2021-02-09,1083,29767,448,12754,635,17013,0,0,440,16509,642,6663,440,23172,California
Napa,2021-02-10,1725,31492,193,12947,1532,18545,0,0,451,15690,1271,7934,452,23624,California
Napa,2021-02-11,1492,32984,192,13139,1300,19845,0,0,404,15019,1075,9009,404,24028,California
Napa,2021-02-12,2170,35154,844,13983,1326,21171,0,0,729,14311,1437,10446,729,24757,California
Napa,2021-02-13,503,35657,53,14036,450,21621,0,0,317,14442,186,10632,317,25074,California
Napa,2021-02-14,355,36012,86,14122,269,21890,0,0,193,14473,162,10794,193,25267,California
Napa,2021-02-15,876,36888,182,14304,694,22584,0,0,223,14045,651,11445,223,25490,California
Napa,2021-02-16,1287,38175,596,14900,691,23275,0,0,613,13986,672,12117,613,26103,California
Napa,2021-02-17,1048,39223,531,15431,517,23792,0,0,477,13895,569,12686,478,26581,California
Napa,2021-02-18,1903,41126,485,15916,1418,25210,0,0,661,13317,1239,13925,661,27242,California
Napa,2021-02-19,1480,42606,585,16501,895,26105,0,0,675,13188,804,14729,675,27917,California
Napa,2021-02-20,822,43428,597,17098,225,26330,0,0,275,12916,547,15276,275,28192,California
Napa,2021-02-21,816,44244,752,17850,64,26394,0,0,212,12524,604,15880,212,28404,California
Napa,2021-02-22,447,44691,190,18040,257,26651,0,0,141,12359,306,16186,141,28545,California
Napa,2021-02-23,1132,45823,306,18346,826,27477,0,0,316,11859,816,17002,316,28861,California
Napa,2021-02-24,1165,46988,644,18990,521,27998,0,0,577,11850,586,17588,577,29438,California
Napa,2021-02-25,2560,49548,1224,20214,1336,29334,0,0,1848,12987,711,18299,1848,31286,California
Napa,2021-02-26,1507,51055,527,20741,980,30314,0,0,596,12674,909,19208,596,31882,California
Napa,2021-02-27,1117,52172,386,21127,731,31045,0,0,865,13289,250,19458,865,32747,California
Napa,2021-02-28,563,52735,461,21588,102,31147,0,0,463,13654,98,19556,463,33210,California
Napa,2021-03-01,1107,53842,817,22405,290,31437,0,0,832,14214,272,19828,832,34042,California
Napa,2021-03-02,1507,55349,1048,23453,459,31896,0,0,1166,15040,340,20168,1166,35208,California
Napa,2021-03-03,1564,56913,694,24147,870,32766,0,0,1376,16229,187,20355,1376,36584,California
Napa,2021-03-04,1714,58627,787,24934,927,33693,0,0,1475,17468,236,20591,1475,38059,California
Napa,2021-03-05,1900,60527,790,25724,1106,34799,4,4,1482,18538,416,21007,1486,39545,California
Napa,2021-03-06,653,61180,286,26010,336,35135,31,35,541,19000,110,21117,572,40117,California
Napa,2021-03-07,519,61699,316,26326,188,35323,15,50,375,19246,144,21261,390,40507,California
Napa,2021-03-08,713,62412,335,26661,325,35648,53,103,536,19660,175,21436,589,41096,California
Napa,2021-03-09,1683,64095,603,27264,1034,36682,46,149,1249,20524,431,21867,1295,42391,California
Napa,2021-03-10,1496,65591,921,28185,481,37163,94,243,796,20715,696,22563,887,43278,California
Napa,2021-03-11,1878,67469,1060,29245,688,37851,130,373,987,20940,891,23454,1116,44394,California
Napa,2021-03-12,1515,68984,917,30162,502,38353,96,469,809,21139,704,24158,903,45297,California
Napa,2021-03-13,1171,70155,305,30467,841,39194,25,494,830,21655,339,24497,855,46152,California
Napa,2021-03-14,619,70774,336,30803,135,39329,148,642,218,21620,400,24897,365,46517,California
Napa,2021-03-15,954,71728,411,31214,473,39802,70,712,480,21698,472,25369,550,47067,California
Napa,2021-03-16,1846,73574,392,31606,1327,41129,127,839,1378,22739,465,25834,1506,48573,California
Napa,2021-03-17,2510,76084,1851,33457,480,41609,179,1018,1598,23605,911,26745,1777,50350,California
Napa,2021-03-18,2131,78215,939,34396,1182,42791,10,1028,1301,24089,827,27572,1311,51661,California
Napa,2021-03-19,1450,79665,878,35274,544,43335,28,1056,709,24088,738,28310,737,52398,California
Napa,2021-03-20,1010,80675,530,35804,327,43662,153,1209,427,24086,582,28892,580,52978,California
Napa,2021-03-21,704,81379,681,36485,20,43682,3,1212,348,24082,355,29247,351,53329,California
Napa,2021-03-22,1298,82677,1122,37607,165,43847,11,1223,495,23790,798,30045,506,53835,California
Napa,2021-03-23,1873,84550,1180,38787,676,44523,17,1240,1002,23942,867,30912,1019,54854,California
Napa,2021-03-24,1709,86259,945,39732,756,45279,8,1248,818,23878,890,31802,826,55680,California
Napa,2021-03-25,1925,88184,1053,40785,818,46097,54,1302,768,23549,1151,32953,822,56502,California
Napa,2021-03-26,1306,89490,838,41623,462,46559,6,1308,591,23436,710,33663,597,57099,California
Napa,2021-03-27,942,90432,434,42057,481,47040,27,1335,314,23149,628,34291,341,57440,California
Napa,2021-03-28,489,90921,378,42435,104,47144,7,1342,181,23031,306,34597,188,57628,California
Napa,2021-03-29,1201,92122,874,43309,322,47466,5,1347,729,23295,470,35067,734,58362,California
Napa,2021-03-30,2635,94757,933,44242,1698,49164,4,1351,1819,24303,816,35883,1824,60186,California
Napa,2021-03-31,1976,96733,963,45205,944,50108,69,1420,807,24011,1166,37049,874,61060,California
Napa,2021-04-01,1752,98485,843,46048,791,50899,118,1538,481,23346,1265,38314,600,61660,California
Napa,2021-04-02,1866,100351,836,46884,888,51787,142,1680,477,22581,1386,39700,621,62281,California
Napa,2021-04-03,634,100985,369,47253,206,51993,59,1739,214,22433,420,40120,272,62553,California
Napa,2021-04-04,358,101343,144,47397,156,52149,58,1797,124,22382,233,40353,182,62735,California
Napa,2021-04-05,1274,102617,758,48155,297,52446,219,2016,575,22478,698,41051,794,63529,California
Napa,2021-04-06,2244,104861,559,48714,1429,53875,256,2272,516,21528,1725,42776,775,64304,California
Napa,2021-04-07,1734,106595,703,49417,810,54685,221,2493,523,21068,1206,43982,746,65050,California
Napa,2021-04-08,1862,108457,1068,50485,420,55105,374,2867,963,21512,895,44877,1339,66389,California
Napa,2021-04-09,1546,110003,928,51413,314,55419,304,3171,679,21634,865,45742,987,67376,California
Napa,2021-04-10,1043,111046,348,51761,594,56013,101,3272,243,21187,799,46541,352,67728,California
Napa,2021-04-11,384,111430,298,52059,63,56076,23,3295,156,21138,228,46769,179,67907,California
Napa,2021-04-12,788,112218,304,52363,360,56436,124,3419,290,21052,497,47266,411,68318,California
Napa,2021-04-13,2537,114755,845,53208,1692,58128,0,3419,928,20376,1604,48870,928,69246,California
Napa,2021-04-14,2083,116838,982,54190,1101,59229,0,3419,1013,20327,1062,49932,1013,70259,California
Napa,2021-04-15,2057,118895,528,54718,1529,60758,0,3419,876,20028,1175,51107,876,71135,California
Napa,2021-04-16,2903,121798,1577,56295,1326,62084,0,3419,2189,21505,712,51819,2189,73324,California
Napa,2021-04-17,1131,122929,267,56562,864,62948,0,3419,832,22039,298,52117,832,74156,California
Napa,2021-04-18,265,123194,172,56734,93,63041,0,3419,119,22012,146,52263,119,74275,California
Napa,2021-04-19,609,123803,338,57072,271,63312,0,3419,265,21934,343,52606,265,74540,California
Napa,2021-04-20,3034,126837,2061,59133,973,64285,0,3419,2082,23066,951,53557,2083,76623,California
Napa,2021-04-21,2919,129756,2157,61290,762,65047,0,3419,1853,23860,1060,54617,1854,78477,California
Napa,2021-04-22,1659,131415,1151,62441,508,65555,0,3419,838,23882,816,55433,838,79315,California
Napa,2021-04-23,1625,133040,1248,63689,375,65930,2,3421,1148,24557,473,55906,1148,80463,California
Napa,2021-04-24,559,133599,317,64006,242,66172,0,3421,285,24571,271,56177,285,80748,California
Napa,2021-04-25,250,133849,192,64198,58,66230,0,3421,130,24582,119,56296,130,80878,California
Napa,2021-04-26,507,134356,263,64461,244,66474,0,3421,263,24605,240,56536,263,81141,California
Napa,2021-04-27,1678,136034,436,64897,1231,67705,11,3432,649,24239,1026,57562,660,81801,California
Napa,2021-04-28,982,137016,438,65335,527,68232,17,3449,324,23923,657,58219,341,82142,California
Napa,2021-04-29,649,137665,326,65661,304,68536,19,3468,200,23698,443,58662,218,82360,California
Napa,2021-04-30,603,138268,303,65964,236,68772,64,3532,249,23657,353,59015,312,82672,California
Napa,2021-05-01,323,138591,266,66230,46,68818,11,3543,119,23583,204,59219,130,82802,California
Napa,2021-05-02,237,138828,193,66423,38,68856,6,3549,99,23551,137,59356,105,82907,California
Napa,2021-05-03,624,139452,499,66922,90,68946,35,3584,103,23174,516,59872,139,83046,California
Napa,2021-05-04,1125,140577,717,67639,298,69244,110,3694,294,22751,827,60699,404,83450,California
Napa,2021-05-05,1018,141595,687,68326,295,69539,36,3730,256,22284,759,61458,292,83742,California
Napa,2021-05-06,716,142311,318,68644,375,69914,23,3753,372,22344,335,61793,395,84137,California
Napa,2021-05-07,787,143098,573,69217,158,70072,56,3809,188,22004,583,62376,243,84380,California
Napa,2021-05-08,255,143353,164,69381,80,70152,11,3820,90,21941,164,62540,101,84481,California
Napa,2021-05-09,108,143461,77,69458,31,70183,0,3820,50,21933,58,62598,50,84531,California
Napa,2021-05-10,418,143879,141,69599,258,70441,19,3839,108,21751,309,62907,127,84658,California
Napa,2021-05-11,2157,146036,1776,71375,355,70796,26,3865,371,20368,1780,64687,397,85055,California
Napa,2021-05-12,2154,148190,1346,72721,754,71550,54,3919,295,18863,1854,66541,349,85404,California
Napa,2021-05-13,1822,150012,1130,73851,654,72204,38,3957,765,18616,1050,67591,803,86207,California
Napa,2021-05-14,1906,151918,1138,74989,681,72885,87,4044,518,17840,1382,68973,606,86813,California
Napa,2021-05-15,1053,152971,347,75336,695,73580,11,4055,261,17325,788,69761,273,87086,California
Napa,2021-05-16,239,153210,159,75495,78,73658,2,4057,67,17222,172,69933,69,87155,California
Napa,2021-05-17,878,154088,347,75842,501,74159,30,4087,311,17053,510,70443,341,87496,California
Napa,2021-05-18,1035,155123,541,76383,436,74595,58,4145,498,17077,532,70975,556,88052,California
Napa,2021-05-19,923,156046,542,76925,351,74946,30,4175,520,17225,401,71376,549,88601,California
Napa,2021-05-20,577,156623,381,77306,169,75115,27,4202,375,17425,202,71578,402,89003,California
Napa,2021-05-21,430,157053,212,77518,187,75302,31,4233,187,17400,243,71821,218,89221,California
Napa,2021-05-22,392,157445,215,77733,170,75472,7,4240,158,17331,234,72055,165,89386,California
Napa,2021-05-23,351,157796,320,78053,21,75493,10,4250,272,17535,78,72133,282,89668,California
Napa,2021-05-24,363,158159,174,78227,169,75662,20,4270,148,17491,213,72346,169,89837,California
Napa,2021-05-25,394,158553,164,78391,168,75830,62,4332,136,17433,256,72602,198,90035,California
Napa,2021-05-26,542,159095,354,78745,164,75994,24,4356,320,17558,219,72821,344,90379,California
Napa,2021-05-27,369,159464,161,78906,183,76177,25,4381,158,17530,211,73032,183,90562,California
Napa,2021-05-28,390,159854,202,79108,164,76341,24,4405,162,17490,224,73256,184,90746,California
Napa,2021-05-29,41,159895,22,79130,15,76356,4,4409,23,17499,18,73274,27,90773,California
Nevada,2020-12-16,3,3,3,3,0,0,0,0,3,3,0,0,3,3,California
Nevada,2020-12-17,6,9,6,9,0,0,0,0,6,9,0,0,6,9,California
Nevada,2020-12-18,52,61,52,61,0,0,0,0,52,61,0,0,52,61,California
Nevada,2020-12-19,55,116,55,116,0,0,0,0,55,116,0,0,55,116,California
Nevada,2020-12-20,12,128,12,128,0,0,0,0,12,128,0,0,12,128,California
Nevada,2020-12-21,69,197,69,197,0,0,0,0,69,197,0,0,69,197,California
Nevada,2020-12-22,91,288,89,286,2,2,0,0,91,288,0,0,91,288,California
Nevada,2020-12-23,234,522,203,489,31,33,0,0,234,522,0,0,234,522,California
Nevada,2020-12-24,13,535,11,500,2,35,0,0,13,535,0,0,13,535,California
Nevada,2020-12-25,3,538,3,503,0,35,0,0,3,538,0,0,3,538,California
Nevada,2020-12-26,6,544,4,507,2,37,0,0,6,544,0,0,6,544,California
Nevada,2020-12-27,88,632,88,595,0,37,0,0,88,632,0,0,88,632,California
Nevada,2020-12-28,169,801,92,687,77,114,0,0,169,801,0,0,169,801,California
Nevada,2020-12-29,99,900,73,760,26,140,0,0,99,900,0,0,99,900,California
Nevada,2020-12-30,86,986,66,826,20,160,0,0,86,986,0,0,86,986,California
Nevada,2020-12-31,39,1025,9,835,30,190,0,0,39,1025,0,0,39,1025,California
Nevada,2021-01-01,2,1027,0,835,2,192,0,0,2,1027,0,0,2,1027,California
Nevada,2021-01-02,1,1028,1,836,0,192,0,0,1,1028,0,0,1,1028,California
Nevada,2021-01-03,129,1157,126,962,3,195,0,0,129,1157,0,0,129,1157,California
Nevada,2021-01-04,71,1228,47,1009,24,219,0,0,71,1228,0,0,71,1228,California
Nevada,2021-01-05,273,1501,132,1141,141,360,0,0,272,1499,1,1,272,1500,California
Nevada,2021-01-06,91,1592,43,1184,48,408,0,0,83,1574,8,9,83,1583,California
Nevada,2021-01-07,215,1807,43,1227,172,580,0,0,208,1777,6,15,209,1792,California
Nevada,2021-01-08,223,2030,129,1356,94,674,0,0,170,1895,53,68,171,1963,California
Nevada,2021-01-09,63,2093,56,1412,7,681,0,0,15,1862,48,116,15,1978,California
Nevada,2021-01-10,18,2111,9,1421,9,690,0,0,10,1864,8,124,10,1988,California
Nevada,2021-01-11,185,2296,131,1552,54,744,0,0,57,1793,128,252,57,2045,California
Nevada,2021-01-12,595,2891,449,2001,146,890,0,0,529,2256,66,318,529,2574,California
Nevada,2021-01-13,259,3150,146,2147,113,1003,0,0,125,2247,134,452,125,2699,California
Nevada,2021-01-14,237,3387,127,2274,110,1113,0,0,219,2449,17,469,219,2918,California
Nevada,2021-01-15,396,3783,170,2444,226,1339,0,0,298,2649,98,567,298,3216,California
Nevada,2021-01-16,297,4080,15,2459,282,1621,0,0,293,2938,4,571,293,3509,California
Nevada,2021-01-17,36,4116,32,2491,4,1625,0,0,34,2970,2,573,34,3543,California
Nevada,2021-01-18,155,4271,45,2536,110,1735,0,0,143,3101,12,585,143,3686,California
Nevada,2021-01-19,243,4514,85,2621,158,1893,0,0,223,3304,20,605,223,3909,California
Nevada,2021-01-20,269,4783,164,2785,105,1998,0,0,256,3547,13,618,256,4165,California
Nevada,2021-01-21,339,5122,207,2992,132,2130,0,0,326,3860,13,631,326,4491,California
Nevada,2021-01-22,368,5490,231,3223,137,2267,0,0,338,4168,30,661,338,4829,California
Nevada,2021-01-23,178,5668,105,3328,73,2340,0,0,178,4346,0,661,178,5007,California
Nevada,2021-01-24,105,5773,98,3426,7,2347,0,0,66,4373,39,700,66,5073,California
Nevada,2021-01-25,265,6038,136,3562,129,2476,0,0,204,4516,61,761,204,5277,California
Nevada,2021-01-26,402,6440,141,3703,261,2737,0,0,298,4710,104,865,298,5575,California
Nevada,2021-01-27,421,6861,248,3951,173,2910,0,0,397,5083,24,889,397,5972,California
Nevada,2021-01-28,470,7331,319,4270,151,3061,0,0,426,5466,43,932,426,6398,California
Nevada,2021-01-29,605,7936,394,4664,211,3272,0,0,578,6019,26,958,579,6977,California
Nevada,2021-01-30,232,8168,105,4769,127,3399,0,0,229,6245,3,961,229,7206,California
Nevada,2021-01-31,104,8272,87,4856,17,3416,0,0,102,6347,1,962,103,7309,California
Nevada,2021-02-01,291,8563,71,4927,220,3636,0,0,277,6610,14,976,277,7586,California
Nevada,2021-02-02,520,9083,182,5109,338,3974,0,0,321,6732,199,1175,321,7907,California
Nevada,2021-02-03,814,9897,573,5682,241,4215,0,0,760,7439,53,1228,760,8667,California
Nevada,2021-02-04,737,10634,388,6070,349,4564,0,0,487,7677,249,1477,487,9154,California
Nevada,2021-02-05,649,11283,369,6439,280,4844,0,0,459,7948,188,1665,459,9613,California
Nevada,2021-02-06,269,11552,82,6521,187,5031,0,0,242,8163,27,1692,242,9855,California
Nevada,2021-02-07,247,11799,194,6715,53,5084,0,0,193,8302,54,1746,193,10048,California
Nevada,2021-02-08,653,12452,407,7122,246,5330,0,0,552,8753,101,1847,552,10600,California
Nevada,2021-02-09,603,13055,337,7459,266,5596,0,0,464,9078,139,1986,464,11064,California
Nevada,2021-02-10,650,13705,325,7784,325,5921,0,0,419,9267,231,2217,420,11484,California
Nevada,2021-02-11,873,14578,505,8289,368,6289,0,0,544,9483,328,2545,544,12028,California
Nevada,2021-02-12,942,15520,438,8727,504,6793,0,0,621,9786,318,2863,621,12649,California
Nevada,2021-02-13,601,16121,236,8963,365,7158,0,0,387,9965,209,3072,388,13037,California
Nevada,2021-02-14,231,16352,120,9083,111,7269,0,0,203,10140,28,3100,203,13240,California
Nevada,2021-02-15,713,17065,438,9521,275,7544,0,0,539,10505,174,3274,539,13779,California
Nevada,2021-02-16,622,17687,199,9720,423,7967,0,0,455,10794,166,3440,455,14234,California
Nevada,2021-02-17,1184,18871,763,10483,421,8388,0,0,856,11322,328,3768,856,15090,California
Nevada,2021-02-18,1014,19885,551,11034,463,8851,0,0,604,11518,408,4176,604,15694,California
Nevada,2021-02-19,1013,20898,631,11665,382,9233,0,0,650,11807,362,4538,651,16345,California
Nevada,2021-02-20,298,21196,107,11772,191,9424,0,0,173,11856,124,4662,173,16518,California
Nevada,2021-02-21,95,21291,89,11861,6,9430,0,0,8,11778,86,4748,8,16526,California
Nevada,2021-02-22,498,21789,332,12193,166,9596,0,0,351,11983,146,4894,351,16877,California
Nevada,2021-02-23,484,22273,235,12428,249,9845,0,0,220,11942,261,5155,220,17097,California
Nevada,2021-02-24,478,22751,242,12670,236,10081,0,0,253,11972,225,5380,255,17352,California
Nevada,2021-02-25,860,23611,467,13137,393,10474,0,0,432,11978,426,5806,432,17784,California
Nevada,2021-02-26,1240,24851,883,14020,357,10831,0,0,411,11563,826,6632,411,18195,California
Nevada,2021-02-27,356,25207,111,14131,245,11076,0,0,187,11581,169,6801,187,18382,California
Nevada,2021-02-28,274,25481,160,14291,114,11190,0,0,125,11559,148,6949,126,18508,California
Nevada,2021-03-01,832,26313,435,14726,397,11587,0,0,363,11455,467,7416,363,18871,California
Nevada,2021-03-02,743,27056,293,15019,450,12037,0,0,510,11737,228,7644,510,19381,California
Nevada,2021-03-03,979,28035,502,15521,476,12513,1,1,508,11776,470,8114,509,19890,California
Nevada,2021-03-04,1107,29142,617,16138,490,13003,0,1,466,11605,637,8751,466,20356,California
Nevada,2021-03-05,836,29978,474,16612,352,13355,10,11,374,11529,460,9211,384,20740,California
Nevada,2021-03-06,360,30338,121,16733,212,13567,27,38,144,11483,216,9427,170,20910,California
Nevada,2021-03-07,212,30550,110,16843,83,13650,19,57,70,11430,142,9569,89,20999,California
Nevada,2021-03-08,826,31376,556,17399,224,13874,46,103,376,11404,449,10018,423,21422,California
Nevada,2021-03-09,791,32167,404,17803,338,14212,49,152,465,11593,324,10342,513,21935,California
Nevada,2021-03-10,1002,33169,646,18449,300,14512,56,208,340,11331,657,10999,395,22330,California
Nevada,2021-03-11,1106,34275,727,19176,354,14866,25,233,550,11358,548,11547,575,22905,California
Nevada,2021-03-12,1202,35477,729,19905,443,15309,30,263,509,11206,690,12237,538,23443,California
Nevada,2021-03-13,283,35760,56,19961,222,15531,5,268,109,11147,172,12409,113,23556,California
Nevada,2021-03-14,155,35915,21,19982,128,15659,6,274,32,11062,123,12532,38,23594,California
Nevada,2021-03-15,852,36767,460,20442,380,16039,12,286,360,10945,489,13021,372,23966,California
Nevada,2021-03-16,999,37766,469,20911,468,16507,62,348,640,11289,357,13378,701,24667,California
Nevada,2021-03-17,1021,38787,453,21364,558,17065,10,358,583,11447,435,13813,593,25260,California
Nevada,2021-03-18,983,39770,533,21897,427,17492,23,381,479,11449,500,14313,502,25762,California
Nevada,2021-03-19,760,40530,441,22338,282,17774,37,418,356,11442,400,14713,393,26155,California
Nevada,2021-03-20,822,41352,92,22430,302,18076,428,846,229,11508,587,15300,653,26808,California
Nevada,2021-03-21,58,41410,32,22462,25,18101,1,847,40,11532,17,15317,41,26849,California
Nevada,2021-03-22,800,42210,518,22980,277,18378,5,852,533,11805,265,15582,538,27387,California
Nevada,2021-03-23,858,43068,390,23370,442,18820,26,878,616,12208,239,15821,642,28029,California
Nevada,2021-03-24,1023,44091,543,23913,473,19293,7,885,641,12479,376,16197,647,28676,California
Nevada,2021-03-25,907,44998,458,24371,424,19717,25,910,496,12589,410,16607,520,29196,California
Nevada,2021-03-26,1142,46140,437,24808,666,20383,39,949,818,13124,321,16928,856,30052,California
Nevada,2021-03-27,567,46707,70,24878,481,20864,16,965,385,13343,182,17110,401,30453,California
Nevada,2021-03-28,176,46883,50,24928,113,20977,13,978,38,13259,135,17245,51,30504,California
Nevada,2021-03-29,821,47704,502,25430,297,21274,22,1000,375,13212,443,17688,396,30900,California
Nevada,2021-03-30,1055,48759,482,25912,539,21813,34,1034,486,13171,561,18249,520,31420,California
Nevada,2021-03-31,1181,49940,661,26573,503,22316,17,1051,678,13371,494,18743,694,32114,California
Nevada,2021-04-01,1239,51179,722,27295,464,22780,53,1104,546,13286,684,19427,599,32713,California
Nevada,2021-04-02,1289,52468,661,27956,592,23372,36,1140,761,13560,524,19951,798,33511,California
Nevada,2021-04-03,292,52760,92,28048,161,23533,39,1179,85,13478,206,20157,124,33635,California
Nevada,2021-04-04,129,52889,43,28091,79,23612,7,1186,78,13512,51,20208,85,33720,California
Nevada,2021-04-05,935,53824,616,28707,299,23911,20,1206,622,13845,309,20517,642,34362,California
Nevada,2021-04-06,1077,54901,668,29375,266,24177,143,1349,436,13792,634,21151,581,34943,California
Nevada,2021-04-07,1147,56048,819,30194,245,24422,83,1432,611,13956,529,21680,693,35636,California
Nevada,2021-04-08,1280,57328,892,31086,305,24727,83,1515,705,14172,572,22252,788,36424,California
Nevada,2021-04-09,1247,58575,847,31933,331,25058,69,1584,844,14684,401,22653,913,37337,California
Nevada,2021-04-10,268,58843,77,32010,115,25173,76,1660,108,14709,159,22812,184,37521,California
Nevada,2021-04-11,100,58943,32,32042,64,25237,4,1664,39,14691,61,22873,43,37564,California
Nevada,2021-04-12,745,59688,539,32581,190,25427,16,1680,315,14596,426,23299,331,37895,California
Nevada,2021-04-13,882,60570,351,32932,531,25958,0,1680,467,14650,413,23712,467,38362,California
Nevada,2021-04-14,1048,61618,568,33500,480,26438,0,1680,531,14672,509,24221,531,38893,California
Nevada,2021-04-15,1069,62687,702,34202,367,26805,0,1680,615,14845,442,24663,615,39508,California
Nevada,2021-04-16,891,63578,691,34893,200,27005,0,1680,515,14985,375,25038,515,40023,California
Nevada,2021-04-17,194,63772,49,34942,145,27150,0,1680,84,14961,108,25146,84,40107,California
Nevada,2021-04-18,185,63957,20,34962,165,27315,0,1680,102,14980,83,25229,102,40209,California
Nevada,2021-04-19,749,64706,480,35442,269,27584,0,1680,304,14848,436,25665,304,40513,California
Nevada,2021-04-20,798,65504,310,35752,488,28072,0,1680,301,14658,491,26156,301,40814,California
Nevada,2021-04-21,907,66411,495,36247,412,28484,0,1680,273,14306,625,26781,273,41087,California
Nevada,2021-04-22,996,67407,621,36868,375,28859,0,1680,342,14005,643,27424,342,41429,California
Nevada,2021-04-23,1220,68627,540,37408,680,29539,0,1680,396,13588,813,28237,396,41825,California
Nevada,2021-04-24,521,69148,72,37480,449,29988,0,1680,168,13405,351,28588,168,41993,California
Nevada,2021-04-25,116,69264,60,37540,51,30039,5,1685,52,13398,63,28651,56,42049,California
Nevada,2021-04-26,712,69976,533,38073,171,30210,8,1693,204,13112,498,29149,212,42261,California
Nevada,2021-04-27,773,70749,348,38421,420,30630,5,1698,398,13149,366,29515,403,42664,California
Nevada,2021-04-28,985,71734,579,39000,401,31031,5,1703,383,12940,597,30112,388,43052,California
Nevada,2021-04-29,1010,72744,707,39707,299,31330,4,1707,274,12485,733,30845,278,43330,California
Nevada,2021-04-30,1223,73967,724,40431,490,31820,9,1716,201,11675,1020,31865,210,43540,California
Nevada,2021-05-01,144,74111,65,40496,75,31895,4,1720,64,11665,78,31943,68,43608,California
Nevada,2021-05-02,54,74165,30,40526,20,31915,4,1724,19,11653,35,31978,23,43631,California
Nevada,2021-05-03,606,74771,404,40930,183,32098,19,1743,177,11423,425,32403,195,43826,California
Nevada,2021-05-04,584,75355,169,41099,397,32495,18,1761,331,11523,249,32652,349,44175,California
Nevada,2021-05-05,731,76086,380,41479,337,32832,14,1775,318,11451,404,33056,332,44507,California
Nevada,2021-05-06,800,76886,561,42040,228,33060,11,1786,196,11063,595,33651,207,44714,California
Nevada,2021-05-07,881,77767,488,42528,358,33418,35,1821,193,10607,684,34335,228,44942,California
Nevada,2021-05-08,172,77939,20,42548,132,33550,20,1841,81,10618,90,34425,101,45043,California
Nevada,2021-05-09,41,77980,7,42555,32,33582,2,1843,18,10615,23,34448,20,45063,California
Nevada,2021-05-10,389,78369,247,42802,118,33700,24,1867,75,10401,313,34761,99,45162,California
Nevada,2021-05-11,510,78879,150,42952,347,34047,13,1880,127,10166,375,35136,140,45302,California
Nevada,2021-05-12,531,79410,228,43180,292,34339,11,1891,149,9952,374,35510,160,45462,California
Nevada,2021-05-13,799,80209,534,43714,257,34596,8,1899,411,9992,379,35889,419,45881,California
Nevada,2021-05-14,769,80978,580,44294,171,34767,18,1917,429,10102,337,36226,447,46328,California
Nevada,2021-05-15,181,81159,82,44376,91,34858,8,1925,83,10096,97,36323,91,46419,California
Nevada,2021-05-16,155,81314,51,44427,104,34962,0,1925,53,10047,102,36425,53,46472,California
Nevada,2021-05-17,492,81806,313,44740,149,35111,30,1955,216,10028,265,36690,246,46718,California
Nevada,2021-05-18,412,82218,253,44993,155,35266,4,1959,219,10060,191,36881,223,46941,California
Nevada,2021-05-19,489,82707,356,45349,129,35395,4,1963,255,10094,225,37106,259,47200,California
Nevada,2021-05-20,564,83271,321,45670,232,35627,11,1974,198,9942,361,37467,209,47409,California
Nevada,2021-05-21,447,83718,284,45954,155,35782,8,1982,197,9901,246,37713,205,47614,California
Nevada,2021-05-22,201,83919,16,45970,96,35878,89,2071,27,9843,174,37887,116,47730,California
Nevada,2021-05-23,25,83944,5,45975,20,35898,0,2071,7,9832,18,37905,7,47737,California
Nevada,2021-05-24,303,84247,213,46188,77,35975,13,2084,103,9751,197,38102,116,47853,California
Nevada,2021-05-25,334,84581,80,46268,243,36218,11,2095,83,9599,246,38348,94,47947,California
Nevada,2021-05-26,429,85010,180,46448,240,36458,9,2104,114,9414,308,38656,123,48070,California
Nevada,2021-05-27,420,85430,227,46675,177,36635,16,2120,187,9388,229,38885,203,48273,California
Nevada,2021-05-28,314,85744,207,46882,96,36731,11,2131,187,9460,126,39011,198,48471,California
Nevada,2021-05-29,12,85756,0,46882,12,36743,0,2131,9,9466,3,39014,9,48480,California
Orange,2020-12-15,16,16,16,16,0,0,0,0,16,16,0,0,16,16,California
Orange,2020-12-16,392,408,392,408,0,0,0,0,392,408,0,0,392,408,California
Orange,2020-12-17,3739,4147,3739,4147,0,0,0,0,3738,4146,0,0,3738,4146,California
Orange,2020-12-18,5067,9214,5059,9206,8,8,0,0,5066,9212,0,0,5066,9212,California
Orange,2020-12-19,2233,11447,2226,11432,7,15,0,0,2232,11444,0,0,2232,11444,California
Orange,2020-12-20,1989,13436,1986,13418,3,18,0,0,1990,13434,0,0,1990,13434,California
Orange,2020-12-21,4261,17697,4255,17673,6,24,0,0,4261,17695,0,0,4261,17695,California
Orange,2020-12-22,3993,21690,3958,21631,35,59,0,0,3993,21688,0,0,3993,21688,California
Orange,2020-12-23,3591,25281,3225,24856,366,425,0,0,3593,25281,0,0,3593,25281,California
Orange,2020-12-24,1382,26663,1078,25934,304,729,0,0,1382,26663,0,0,1382,26663,California
Orange,2020-12-25,17,26680,12,25946,5,734,0,0,17,26680,0,0,17,26680,California
Orange,2020-12-26,1081,27761,424,26370,657,1391,0,0,1081,27761,0,0,1081,27761,California
Orange,2020-12-27,583,28344,276,26646,307,1698,0,0,583,28344,0,0,583,28344,California
Orange,2020-12-28,3616,31960,2638,29284,978,2676,0,0,3616,31960,0,0,3616,31960,California
Orange,2020-12-29,3503,35463,2490,31774,1013,3689,0,0,3502,35461,1,1,3502,35462,California
Orange,2020-12-30,5123,40586,3546,35320,1577,5266,0,0,5123,40584,0,1,5123,40585,California
Orange,2020-12-31,1501,42087,803,36123,698,5964,0,0,1500,42083,1,2,1500,42085,California
Orange,2021-01-01,613,42700,330,36453,283,6247,0,0,612,42694,1,3,612,42697,California
Orange,2021-01-02,1355,44055,850,37303,505,6752,0,0,1355,44049,0,3,1355,44052,California
Orange,2021-01-03,584,44639,325,37628,259,7011,0,0,584,44633,0,3,584,44636,California
Orange,2021-01-04,2757,47396,1574,39202,1183,8194,0,0,2758,47390,1,4,2758,47394,California
Orange,2021-01-05,3539,50935,2318,41520,1221,9415,0,0,3131,50120,404,408,3134,50528,California
Orange,2021-01-06,5009,55944,3477,44997,1532,10947,0,0,3641,52405,1356,1764,3641,54169,California
Orange,2021-01-07,9293,65237,5186,50183,4107,15054,0,0,5711,54551,3569,5333,5715,59884,California
Orange,2021-01-08,9442,74679,5286,55469,4156,19210,0,0,5668,56458,3764,9097,5671,65555,California
Orange,2021-01-09,5021,79700,1757,57226,3264,22474,0,0,3736,58909,1285,10382,3736,69291,California
Orange,2021-01-10,4248,83948,1049,58275,3199,25673,0,0,3367,61400,880,11262,3371,72662,California
Orange,2021-01-11,9455,93403,4910,63185,4545,30218,0,0,5829,63601,3629,14891,5830,78492,California
Orange,2021-01-12,8933,102336,4835,68020,4098,34316,0,0,5461,65593,3470,18361,5462,83954,California
Orange,2021-01-13,10274,112610,4932,72952,5342,39658,0,0,7065,69460,3205,21566,7072,91026,California
Orange,2021-01-14,9990,122600,3786,76738,6204,45862,0,0,8399,76276,1589,23155,8405,99431,California
Orange,2021-01-15,10198,132798,2633,79371,7565,53427,0,0,9317,84710,889,24044,9323,108754,California
Orange,2021-01-16,8715,141513,2092,81463,6623,60050,0,0,8318,92637,396,24440,8323,117077,California
Orange,2021-01-17,8165,149678,1485,82948,6680,66730,0,0,8016,100514,149,24589,8026,125103,California
Orange,2021-01-18,9709,159387,4411,87359,5298,72028,0,0,7445,105697,2265,26854,7448,132551,California
Orange,2021-01-19,7538,166925,5454,92813,2084,74112,0,0,4905,107970,2633,29487,4906,137457,California
Orange,2021-01-20,8399,175324,5922,98735,2477,76589,0,0,5347,110272,3052,32539,5354,142811,California
Orange,2021-01-21,11023,186347,4909,103644,6114,82703,0,0,10201,119663,821,33360,10212,153023,California
Orange,2021-01-22,13692,200039,5158,108802,8534,91237,0,0,12832,131650,853,34213,12840,165863,California
Orange,2021-01-23,13157,213196,6192,114994,6965,98202,0,0,12226,142955,929,35142,12234,178097,California
Orange,2021-01-24,9825,223021,4296,119290,5529,103731,0,0,9491,152120,330,35472,9495,187592,California
Orange,2021-01-25,10472,233493,5874,125164,4598,108329,0,0,7734,157128,2731,38203,7739,195331,California
Orange,2021-01-26,11909,245402,7718,132882,4191,112520,0,0,9736,164698,2169,40372,9739,205070,California
Orange,2021-01-27,13475,258877,8016,140898,5459,117979,0,0,10761,172761,2703,43075,10766,215836,California
Orange,2021-01-28,13065,271942,7225,148123,5840,123819,0,0,11180,182079,1870,44945,11188,227024,California
Orange,2021-01-29,13656,285598,8469,156592,5187,129006,0,0,10755,189952,2885,47830,10758,237782,California
Orange,2021-01-30,12978,298576,4478,161070,8500,137506,0,0,12200,201392,763,48593,12203,249985,California
Orange,2021-01-31,13707,312283,4928,165998,8779,146285,0,0,13263,214224,438,49031,13270,263255,California
Orange,2021-02-01,14828,327111,6511,172509,8317,154602,0,0,12356,224136,2450,51481,12362,275617,California
Orange,2021-02-02,15037,342148,7964,180473,7073,161675,0,0,12563,234260,2443,53924,12567,288184,California
Orange,2021-02-03,16590,358738,12403,192876,4187,165862,0,0,13632,245017,2880,56804,13637,301821,California
Orange,2021-02-04,19948,378686,13053,205929,6895,172757,0,0,14835,254777,5083,61887,14843,316664,California
Orange,2021-02-05,20761,399447,11998,217927,8763,181520,0,0,14443,262949,6276,68163,14448,331112,California
Orange,2021-02-06,16379,415826,10826,228753,5553,187073,0,0,11106,269015,5258,73421,11324,342436,California
Orange,2021-02-07,11533,427359,8103,236856,3430,190503,0,0,7552,272771,3965,77386,7721,350157,California
Orange,2021-02-08,15025,442384,8644,245500,6381,196884,0,0,8990,275754,6008,83394,8991,359148,California
Orange,2021-02-09,17747,460131,12087,257587,5660,202544,0,0,10707,279499,6967,90361,10712,369860,California
Orange,2021-02-10,20913,481044,11167,268754,9746,212290,0,0,12689,284066,8131,98492,12698,382558,California
Orange,2021-02-11,22157,503201,11527,280281,10630,222920,0,0,12403,286864,9623,108115,12421,394979,California
Orange,2021-02-12,24881,528082,11986,292267,12895,235815,0,0,14642,291337,10175,118290,14648,409627,California
Orange,2021-02-13,22015,550097,11903,304170,10112,245927,0,0,11163,292444,10698,128988,11805,421432,California
Orange,2021-02-14,16172,566269,6537,310707,9635,255562,0,0,9539,295379,6605,135593,9540,430972,California
Orange,2021-02-15,17272,583541,7402,318109,9870,265432,0,0,8899,295957,8330,143923,8908,439880,California
Orange,2021-02-16,19984,603525,9007,327116,10977,276409,0,0,10755,297558,9179,153102,10780,450660,California
Orange,2021-02-17,17958,621483,9369,336485,8589,284998,0,0,9213,298109,8693,161795,9244,459904,California
Orange,2021-02-18,15070,636553,9893,346378,5177,290175,0,0,6812,296727,8204,169999,6822,466726,California
Orange,2021-02-19,18209,654762,10883,357261,7326,297501,0,0,6929,292441,11227,181226,6941,473667,California
Orange,2021-02-20,7538,662300,5625,362886,1913,299414,0,0,3786,292510,3728,184954,3797,477464,California
Orange,2021-02-21,4587,666887,3895,366781,692,300106,0,0,935,289836,3613,188567,939,478403,California
Orange,2021-02-22,9706,676593,7913,374694,1793,301899,0,0,3914,288008,5761,194328,3933,482336,California
Orange,2021-02-23,13358,689951,7321,382015,6037,307936,0,0,3515,281760,9777,204105,3529,485865,California
Orange,2021-02-24,21183,711134,12838,394853,8345,316281,0,0,5398,271459,15717,219822,5416,491281,California
Orange,2021-02-25,22726,733860,12319,407172,10407,326688,0,0,8001,264827,14649,234471,8017,499298,California
Orange,2021-02-26,27851,761711,14095,421267,13756,340444,0,0,11249,259632,16469,250940,11274,510572,California
Orange,2021-02-27,25122,786833,10203,431470,14916,355360,3,3,7329,249296,17683,268623,7347,517919,California
Orange,2021-02-28,19127,805960,7424,438894,11703,367063,0,3,4828,239965,14176,282799,4845,522764,California
Orange,2021-03-01,18611,824571,8510,447404,10092,377155,9,12,7219,235912,11295,294094,7242,530006,California
Orange,2021-03-02,19313,843884,9318,456722,9992,387147,3,15,9454,235592,9805,303899,9485,539491,California
Orange,2021-03-03,20673,864557,9760,466482,10909,398056,4,19,11104,237237,9485,313384,11130,550621,California
Orange,2021-03-04,22479,887036,12959,479441,9506,407562,14,33,11634,238106,10805,324189,11674,562295,California
Orange,2021-03-05,21108,908144,11017,490458,10043,417605,48,81,12962,243078,8099,332288,13071,575366,California
Orange,2021-03-06,24156,932300,13303,503761,9987,427592,866,947,12767,245389,11345,343633,13656,589022,California
Orange,2021-03-07,15071,947371,8491,512252,6176,433768,404,1351,8799,248381,6231,349864,9223,598245,California
Orange,2021-03-08,16448,963819,7599,519851,7581,441349,1268,2619,10620,254517,5777,355641,11913,610158,California
Orange,2021-03-09,20922,984741,9695,529546,8783,450132,2444,5063,12377,260831,8502,364143,14816,624974,California
Orange,2021-03-10,24766,1009507,12155,541701,9161,459293,3450,8513,12515,264602,12188,376331,15959,640933,California
Orange,2021-03-11,29063,1038570,15732,557433,9110,468403,4221,12734,13471,266795,15496,391827,17689,658622,California
Orange,2021-03-12,29450,1068020,14358,571791,11227,479630,3865,16599,14821,270975,14546,406373,18726,677348,California
Orange,2021-03-13,27869,1095889,10260,582051,13672,493302,3937,20536,14116,275351,13690,420063,18066,695414,California
Orange,2021-03-14,18909,1114798,8225,590276,8139,501441,2545,23081,11809,282621,7068,427131,14338,709752,California
Orange,2021-03-15,23081,1137879,10175,600451,12143,513584,763,23844,14389,289159,8606,435737,15144,724896,California
Orange,2021-03-16,26441,1164320,11178,611629,15032,528616,231,24075,17159,297353,9201,444938,17395,742291,California
Orange,2021-03-17,27393,1191713,13594,625223,13205,541821,594,24669,19475,309577,7843,452781,20067,762358,California
Orange,2021-03-18,27836,1219549,14001,639224,13554,555375,281,24950,21644,325381,6124,458905,21928,784286,California
Orange,2021-03-19,33654,1253203,18499,657723,14708,570083,447,25397,24970,342240,8569,467474,25428,809714,California
Orange,2021-03-20,25827,1279030,13600,671323,12019,582102,208,25605,22015,360722,3748,471222,22230,831944,California
Orange,2021-03-21,18525,1297555,10702,682025,7089,589191,734,26339,15733,374427,2762,473984,16467,848411,California
Orange,2021-03-22,22781,1320336,11791,693816,10668,599859,322,26661,19199,390468,3490,477474,19531,867942,California
Orange,2021-03-23,26065,1346401,13550,707366,11873,611732,642,27303,20692,406516,5291,482765,21339,889281,California
Orange,2021-03-24,29163,1375564,16276,723642,11965,623697,922,28225,21993,422357,7077,489842,22918,912199,California
Orange,2021-03-25,32490,1408054,17277,740919,14503,638200,710,28935,24282,439235,8113,497955,24991,937190,California
Orange,2021-03-26,34937,1442991,18135,759054,15938,654138,864,29799,24881,455042,9943,507898,25750,962940,California
Orange,2021-03-27,28546,1471537,13678,772732,14553,668691,315,30114,19812,466535,8638,516536,20131,983071,California
Orange,2021-03-28,24805,1496342,12878,785610,11859,680550,68,30182,18553,478986,6173,522709,18624,1001695,California
Orange,2021-03-29,26564,1522906,12162,797772,13835,694385,567,30749,17828,488740,8645,531354,18399,1020094,California
Orange,2021-03-30,30914,1553820,13970,811742,16307,710692,637,31386,20456,499465,10368,541722,21093,1041187,California
Orange,2021-03-31,37211,1591031,19535,831277,16964,727656,712,32098,23862,510811,13240,554962,24586,1065773,California
Orange,2021-04-01,40509,1631540,21277,852554,17355,745011,1877,33975,26192,524700,14175,569137,28064,1093837,California
Orange,2021-04-02,40203,1671743,20296,872850,18088,763099,1819,35794,22728,531904,17368,586505,24572,1118409,California
Orange,2021-04-03,30229,1701972,15736,888586,12742,775841,1751,37545,14285,532066,15868,602373,16030,1134439,California
Orange,2021-04-04,18479,1720451,10737,899323,6975,782816,767,38312,8215,530838,10207,612580,8979,1143418,California
Orange,2021-04-05,30064,1750515,14039,913362,12617,795433,3408,41720,13946,532150,16037,628617,17349,1160767,California
Orange,2021-04-06,33438,1783953,15646,929008,14354,809787,3438,45158,14433,531128,18912,647529,17890,1178657,California
Orange,2021-04-07,36091,1820044,20131,949139,11371,821158,4589,49747,15868,531428,20140,667669,20440,1199097,California
Orange,2021-04-08,39143,1859187,21651,970790,12021,833179,5471,55218,18971,535914,20066,687735,24552,1223649,California
Orange,2021-04-09,41012,1900199,23898,994688,11931,845110,5183,60401,18144,536623,22777,710512,23486,1247135,California
Orange,2021-04-10,34507,1934706,18260,1012948,12019,857129,4228,64629,14312,535173,20107,730619,18657,1265792,California
Orange,2021-04-11,25691,1960397,14534,1027482,7887,865016,3270,67899,9848,532624,15793,746412,13244,1279036,California
Orange,2021-04-12,30392,1990789,15379,1042861,11467,876483,3546,71445,11953,529718,18377,764789,15471,1294507,California
Orange,2021-04-13,32347,2023136,18218,1061079,14062,890545,67,71512,15049,527603,17228,782017,15113,1309620,California
Orange,2021-04-14,34425,2057561,20159,1081238,14233,904778,33,71545,15107,523521,19225,801242,15143,1324763,California
Orange,2021-04-15,40184,2097745,24484,1105722,15686,920464,14,71559,18704,520863,21373,822615,18715,1343478,California
Orange,2021-04-16,41272,2139017,24252,1129974,16991,937455,29,71588,18628,516991,22535,845150,18663,1362141,California
Orange,2021-04-17,30400,2169417,17267,1147241,13130,950585,3,71591,13371,513457,16913,862063,13379,1375520,California
Orange,2021-04-18,21431,2190848,12966,1160207,8465,959050,0,71591,8477,509036,12901,874964,8480,1384000,California
Orange,2021-04-19,32471,2223319,17935,1178142,14534,973584,2,71593,14917,506499,17461,892425,14924,1398924,California
Orange,2021-04-20,35194,2258513,18277,1196419,16913,990497,4,71597,17595,506579,17519,909944,17599,1416523,California
Orange,2021-04-21,40656,2299169,23421,1219840,17226,1007723,9,71606,19255,504549,21295,931239,19265,1435788,California
Orange,2021-04-22,39266,2338435,20751,1240591,18506,1026229,9,71615,16331,498085,22806,954045,16342,1452130,California
Orange,2021-04-23,40160,2378595,20767,1261358,19386,1045615,7,71622,17919,493883,22132,976177,17930,1470060,California
Orange,2021-04-24,31977,2410572,16709,1278067,15233,1060848,35,71657,13389,488804,18506,994683,13427,1483487,California
Orange,2021-04-25,22985,2433557,12989,1291056,9982,1070830,14,71671,9871,485641,13053,1007736,9890,1493377,California
Orange,2021-04-26,26118,2459675,12763,1303819,13161,1083991,194,71865,11509,482828,14515,1022251,11702,1505079,California
Orange,2021-04-27,28633,2488308,13372,1317191,14759,1098750,502,72367,11005,476862,17475,1039726,11509,1516588,California
Orange,2021-04-28,30811,2519119,15425,1332616,14511,1113261,875,73242,12358,471745,18346,1058072,13229,1529817,California
Orange,2021-04-29,31828,2550947,17406,1350022,13463,1126724,959,74201,11328,463619,20406,1078478,12280,1542097,California
Orange,2021-04-30,29764,2580711,16984,1367006,11842,1138566,938,75139,12670,460217,17004,1095482,13602,1555699,California
Orange,2021-05-01,22150,2602861,15006,1382012,6158,1144724,986,76125,8695,456508,13380,1108862,9671,1565370,California
Orange,2021-05-02,15392,2618253,10236,1392248,4513,1149237,643,76768,5374,452569,9952,1118814,6013,1571383,California
Orange,2021-05-03,20549,2638802,12536,1404784,7255,1156492,758,77526,6464,445775,14014,1132828,7220,1578603,California
Orange,2021-05-04,23604,2662406,13458,1418242,9237,1165729,909,78435,8172,439510,15333,1148161,9068,1587671,California
Orange,2021-05-05,24725,2687131,13802,1432044,10028,1175757,895,79330,8086,431977,16514,1164675,8981,1596652,California
Orange,2021-05-06,26392,2713523,15970,1448014,9422,1185179,1000,80330,7293,421290,18973,1183648,8286,1604938,California
Orange,2021-05-07,28388,2741911,16863,1464877,10473,1195652,1052,81382,8035,410220,20151,1203799,9081,1614019,California
Orange,2021-05-08,18402,2760313,12160,1477037,5468,1201120,774,82156,5433,403527,12895,1216694,6202,1620221,California
Orange,2021-05-09,10962,2771275,8329,1485366,2257,1203377,376,82532,2886,398764,8025,1224719,3262,1623483,California
Orange,2021-05-10,18988,2790263,11561,1496927,6652,1210029,775,83307,4264,389169,14634,1239353,5039,1628522,California
Orange,2021-05-11,21235,2811498,11718,1508645,8850,1218879,667,83974,5037,378769,16100,1255453,5700,1634222,California
Orange,2021-05-12,22552,2834050,13876,1522521,7923,1226802,753,84727,6298,369682,16137,1271590,7050,1641272,California
Orange,2021-05-13,19878,2853928,12119,1534640,7227,1234029,532,85259,7208,364851,12573,1284163,7742,1649014,California
Orange,2021-05-14,25646,2879574,16730,1551370,8113,1242142,803,86062,10408,360915,15140,1299303,11204,1660218,California
Orange,2021-05-15,19801,2899375,14332,1565702,4922,1247064,547,86609,8023,357765,11718,1311021,8568,1668786,California
Orange,2021-05-16,15090,2914465,12403,1578105,2345,1249409,342,86951,6502,356070,8540,1319561,6845,1675631,California
Orange,2021-05-17,19278,2933743,12626,1590731,5959,1255368,693,87644,7299,352142,11922,1331483,7994,1683625,California
Orange,2021-05-18,20404,2954147,11928,1602659,7811,1263179,665,88309,8470,349416,11852,1343335,9126,1692751,California
Orange,2021-05-19,22320,2976467,12721,1615380,8934,1272113,665,88974,8035,343934,14174,1357509,8692,1701443,California
Orange,2021-05-20,18048,2994515,10310,1625690,7162,1279275,576,89550,6107,338758,11858,1369367,6682,1708125,California
Orange,2021-05-21,21047,3015562,11741,1637431,8702,1287977,604,90154,6739,331887,14218,1383585,7347,1715472,California
Orange,2021-05-22,14307,3029869,9677,1647108,4160,1292137,470,90624,5550,329211,8690,1392275,6014,1721486,California
Orange,2021-05-23,6732,3036601,4788,1651896,1734,1293871,210,90834,2265,327248,4437,1396712,2474,1723960,California
Orange,2021-05-24,15088,3051689,8846,1660742,5638,1299509,604,91438,5722,324285,9286,1405998,6323,1730283,California
Orange,2021-05-25,15329,3067018,8994,1669736,5846,1305355,489,91927,5756,321045,9478,1415476,6238,1736521,California
Orange,2021-05-26,14943,3081961,8316,1678052,6135,1311490,492,92419,5568,317804,9295,1424771,6054,1742575,California
Orange,2021-05-27,14150,3096111,8513,1686565,5112,1316602,525,92944,6299,316844,7780,1432551,6820,1749395,California
Orange,2021-05-28,15386,3111497,8940,1695505,5874,1322476,572,93516,6500,315107,8801,1441352,7064,1756459,California
Orange,2021-05-29,3339,3114836,1733,1697238,1411,1323887,195,93711,799,313578,2520,1443872,991,1757450,California
Placer,2020-12-15,29,29,29,29,0,0,0,0,29,29,0,0,29,29,California
Placer,2020-12-16,56,85,56,85,0,0,0,0,56,85,0,0,56,85,California
Placer,2020-12-17,140,225,140,225,0,0,0,0,140,225,0,0,140,225,California
Placer,2020-12-18,332,557,332,557,0,0,0,0,332,557,0,0,332,557,California
Placer,2020-12-19,252,809,252,809,0,0,0,0,252,809,0,0,252,809,California
Placer,2020-12-20,235,1044,235,1044,0,0,0,0,235,1044,0,0,235,1044,California
Placer,2020-12-21,495,1539,493,1537,2,2,0,0,495,1539,0,0,495,1539,California
Placer,2020-12-22,676,2215,669,2206,7,9,0,0,676,2215,0,0,676,2215,California
Placer,2020-12-23,753,2968,665,2871,88,97,0,0,753,2968,0,0,753,2968,California
Placer,2020-12-24,398,3366,347,3218,51,148,0,0,398,3366,0,0,398,3366,California
Placer,2020-12-26,156,3522,112,3330,44,192,0,0,156,3522,0,0,156,3522,California
Placer,2020-12-27,187,3709,164,3494,23,215,0,0,187,3709,0,0,187,3709,California
Placer,2020-12-28,670,4379,543,4037,127,342,0,0,670,4379,0,0,670,4379,California
Placer,2020-12-29,763,5142,514,4551,249,591,0,0,763,5142,0,0,763,5142,California
Placer,2020-12-30,729,5871,456,5007,273,864,0,0,727,5869,0,0,727,5869,California
Placer,2020-12-31,530,6401,344,5351,186,1050,0,0,530,6399,0,0,530,6399,California
Placer,2021-01-01,15,6416,11,5362,4,1054,0,0,15,6414,0,0,15,6414,California
Placer,2021-01-02,185,6601,153,5515,32,1086,0,0,185,6599,0,0,185,6599,California
Placer,2021-01-03,153,6754,78,5593,75,1161,0,0,153,6752,0,0,153,6752,California
Placer,2021-01-04,620,7374,181,5774,439,1600,0,0,620,7372,0,0,620,7372,California
Placer,2021-01-05,725,8099,159,5933,566,2166,0,0,642,7933,82,82,643,8015,California
Placer,2021-01-06,761,8860,247,6180,514,2680,0,0,617,8406,144,226,617,8632,California
Placer,2021-01-07,986,9846,368,6548,618,3298,0,0,781,8982,205,431,781,9413,California
Placer,2021-01-08,1181,11027,528,7076,653,3951,0,0,852,9508,326,757,852,10265,California
Placer,2021-01-09,450,11477,321,7397,129,4080,0,0,234,9527,215,972,234,10499,California
Placer,2021-01-10,329,11806,186,7583,143,4223,0,0,164,9526,165,1137,164,10663,California
Placer,2021-01-11,1428,13234,808,8391,620,4843,0,0,838,9775,590,1727,839,11502,California
Placer,2021-01-12,1655,14889,878,9269,777,5620,0,0,1054,10228,601,2328,1054,12556,California
Placer,2021-01-13,1636,16525,822,10091,814,6434,0,0,1211,11019,423,2751,1214,13770,California
Placer,2021-01-14,1791,18316,658,10749,1133,7567,0,0,1433,12098,355,3106,1434,15204,California
Placer,2021-01-15,1933,20249,717,11466,1216,8783,0,0,1582,13331,350,3456,1583,16787,California
Placer,2021-01-16,1467,21716,716,12182,751,9534,0,0,1346,14557,121,3577,1347,18134,California
Placer,2021-01-17,562,22278,395,12577,167,9701,0,0,429,14853,133,3710,429,18563,California
Placer,2021-01-18,992,23270,554,13131,438,10139,0,0,751,15364,241,3951,752,19315,California
Placer,2021-01-19,2626,25896,1962,15093,664,10803,0,0,2172,17082,454,4405,2172,21487,California
Placer,2021-01-20,2279,28175,1707,16800,572,11375,0,0,1948,18700,331,4736,1949,23436,California
Placer,2021-01-21,2561,30736,1120,17920,1441,12816,0,0,2169,20479,391,5127,2170,25606,California
Placer,2021-01-22,2352,33088,645,18565,1707,14523,0,0,2178,22486,172,5299,2179,27785,California
Placer,2021-01-23,1189,34277,380,18945,809,15332,0,0,1034,23365,155,5454,1034,28819,California
Placer,2021-01-24,503,34780,259,19204,244,15576,0,0,431,23725,72,5526,432,29251,California
Placer,2021-01-25,1680,36460,809,20013,871,16447,0,0,1387,24820,293,5819,1388,30639,California
Placer,2021-01-26,1860,38320,1035,21048,825,17272,0,0,1595,26150,265,6084,1595,32234,California
Placer,2021-01-27,1843,40163,1157,22205,686,17958,0,0,1599,27508,242,6326,1600,33834,California
Placer,2021-01-28,1808,41971,1119,23324,689,18647,0,0,1559,28820,247,6573,1559,35393,California
Placer,2021-01-29,1898,43869,1172,24496,726,19373,0,0,1706,30337,191,6764,1708,37101,California
Placer,2021-01-30,1727,45596,972,25468,755,20128,0,0,1606,31823,120,6884,1606,38707,California
Placer,2021-01-31,783,46379,626,26094,157,20285,0,0,715,32471,68,6952,716,39423,California
Placer,2021-02-01,2074,48453,1094,27188,980,21265,0,0,1760,33917,314,7266,1760,41183,California
Placer,2021-02-02,2388,50841,1547,28735,841,22106,0,0,1895,35322,490,7756,1895,43078,California
Placer,2021-02-03,2922,53763,1881,30616,1041,23147,0,0,2296,36996,622,8378,2296,45374,California
Placer,2021-02-04,2761,56524,1191,31807,1570,24717,0,0,1936,38112,821,9199,1937,47311,California
Placer,2021-02-05,2734,59258,1215,33022,1519,26236,0,0,1403,38189,1326,10525,1403,48714,California
Placer,2021-02-06,1964,61222,1323,34345,641,26877,0,0,1417,39059,547,11072,1417,50131,California
Placer,2021-02-07,1222,62444,911,35256,311,27188,0,0,938,39714,283,11355,938,51069,California
Placer,2021-02-08,3300,65744,1766,37022,1534,28722,0,0,1943,40308,1350,12705,1944,53013,California
Placer,2021-02-09,3553,69297,2179,39201,1374,30096,0,0,1646,40049,1905,14610,1646,54659,California
Placer,2021-02-10,3766,73063,2205,41406,1561,31657,0,0,1758,39804,2005,16615,1760,56419,California
Placer,2021-02-11,3706,76769,1913,43319,1793,33450,0,0,1576,39264,2117,18732,1577,57996,California
Placer,2021-02-12,2856,79625,1330,44649,1526,34976,0,0,1666,39778,1153,19885,1667,59663,California
Placer,2021-02-13,2531,82156,1474,46123,1057,36033,0,0,1890,41027,641,20526,1890,61553,California
Placer,2021-02-14,1087,83243,679,46802,408,36441,0,0,739,41420,346,20872,739,62292,California
Placer,2021-02-15,2254,85497,1049,47851,1205,37646,0,0,1537,42241,717,21589,1538,63830,California
Placer,2021-02-16,3583,89080,1786,49637,1797,39443,0,0,1592,41852,1982,23571,1593,65423,California
Placer,2021-02-17,3547,92627,1968,51605,1579,41022,0,0,1513,41335,2030,25601,1513,66936,California
Placer,2021-02-18,3801,96428,2052,53657,1749,42771,0,0,1616,40776,2176,27777,1617,68553,California
Placer,2021-02-19,3601,100029,1920,55577,1681,44452,0,0,1339,39859,2257,30034,1340,69893,California
Placer,2021-02-20,2010,102039,1263,56840,747,45199,0,0,917,39692,1087,31121,920,70813,California
Placer,2021-02-21,975,103014,729,57569,246,45445,0,0,279,39279,693,31814,280,71093,California
Placer,2021-02-22,2528,105542,1777,59346,751,46196,0,0,605,37962,1922,33736,605,71698,California
Placer,2021-02-23,2570,108112,1593,60939,977,47173,0,0,885,37163,1684,35420,885,72583,California
Placer,2021-02-24,3299,111411,1182,62121,2117,49290,0,0,1797,37470,1492,36912,1799,74382,California
Placer,2021-02-25,3641,115052,1525,63646,2116,51406,0,0,1970,37779,1663,38575,1972,76354,California
Placer,2021-02-26,4101,119153,2374,66020,1727,53133,0,0,2352,38386,1745,40320,2352,78706,California
Placer,2021-02-27,2823,121976,1496,67516,1327,54460,0,0,1448,38468,1369,41689,1451,80157,California
Placer,2021-02-28,1405,123381,799,68315,606,55066,0,0,588,38244,812,42501,588,80745,California
Placer,2021-03-01,3007,126388,1993,70308,1014,56080,0,0,1561,38364,1441,43942,1561,82306,California
Placer,2021-03-02,2889,129277,1780,72088,1109,57189,0,0,1890,39260,994,44936,1890,84196,California
Placer,2021-03-03,3333,132610,1430,73518,1903,59092,0,0,1819,39572,1508,46444,1820,86016,California
Placer,2021-03-04,3634,136244,1460,74978,2174,61266,0,0,1896,39743,1726,48170,1897,87913,California
Placer,2021-03-05,3016,139260,1039,76017,1956,63222,21,21,1813,40377,1200,49370,1834,89747,California
Placer,2021-03-06,2438,141698,1508,77525,834,64056,96,117,938,39920,1491,50861,1034,90781,California
Placer,2021-03-07,1306,143004,759,78284,509,64565,38,155,536,39727,767,51628,574,91355,California
Placer,2021-03-08,2914,145918,1832,80116,969,65534,113,268,1651,40230,1261,52889,1764,93119,California
Placer,2021-03-09,3191,149109,1696,81812,1403,66937,92,360,1825,40784,1363,54252,1917,95036,California
Placer,2021-03-10,3302,152411,1336,83148,1859,68796,107,467,1718,41030,1579,55831,1825,96861,California
Placer,2021-03-11,3645,156056,1652,84800,1867,70663,126,593,1748,41020,1887,57718,1877,98738,California
Placer,2021-03-12,3688,159744,1492,86292,1414,72077,782,1375,1259,40640,2423,60141,2043,100781,California
Placer,2021-03-13,2117,161861,744,87036,1254,73331,119,1494,1118,40883,996,61137,1239,102020,California
Placer,2021-03-14,1643,163504,674,87710,820,74151,149,1643,894,41177,749,61886,1043,103063,California
Placer,2021-03-15,3188,166692,1537,89247,1519,75670,132,1775,1765,41654,1421,63307,1898,104961,California
Placer,2021-03-16,3571,170263,1917,91164,1521,77191,133,1908,2284,42796,1276,64583,2418,107379,California
Placer,2021-03-17,3440,173703,1738,92902,1603,78794,99,2007,2218,43896,1219,65802,2319,109698,California
Placer,2021-03-18,4100,177803,2328,95230,1733,80527,39,2046,2866,45573,1227,67029,2904,112602,California
Placer,2021-03-19,3448,181251,2074,97304,1110,81637,264,2310,2200,46796,1240,68269,2463,115065,California
Placer,2021-03-20,2147,183398,900,98204,1150,82787,97,2407,1305,47360,837,69106,1401,116466,California
Placer,2021-03-21,1259,184657,578,98782,671,83458,10,2417,949,48012,307,69413,959,117425,California
Placer,2021-03-22,3274,187931,2107,100889,1077,84535,90,2507,2188,49208,1082,70495,2278,119703,California
Placer,2021-03-23,3534,191465,2103,102992,1340,85875,91,2598,2521,50813,1008,71503,2613,122316,California
Placer,2021-03-24,3794,195259,2002,104994,1695,87570,97,2695,1950,51039,1822,73325,2048,124364,California
Placer,2021-03-25,3856,199115,1865,106859,1893,89463,98,2793,1789,50869,2056,75381,1886,126250,California
Placer,2021-03-26,3779,202894,1673,108532,1875,91338,231,3024,1589,50514,2175,77556,1820,128070,California
Placer,2021-03-27,1593,204487,471,109003,1103,92441,19,3043,647,50241,939,78495,666,128736,California
Placer,2021-03-28,1110,205597,530,109533,570,93011,10,3053,364,49874,741,79236,374,129110,California
Placer,2021-03-29,3581,209178,2000,111533,1547,94558,34,3087,1737,49815,1835,81071,1776,130886,California
Placer,2021-03-30,3975,213153,2096,113629,1836,96394,43,3130,2082,50060,1879,82950,2124,133010,California
Placer,2021-03-31,4098,217251,1831,115460,2192,98586,75,3205,1691,49425,2400,85350,1765,134775,California
Placer,2021-04-01,2984,220235,1437,116897,1500,100086,47,3252,1666,49822,1316,86666,1713,136488,California
Placer,2021-04-02,2855,223090,1463,118360,1328,101414,64,3316,1601,50239,1247,87913,1664,138152,California
Placer,2021-04-03,1856,224946,988,119348,739,102153,129,3445,892,50304,956,88869,1021,139173,California
Placer,2021-04-04,712,225658,362,119710,297,102450,53,3498,286,50221,422,89291,339,139512,California
Placer,2021-04-05,3012,228670,1904,121614,924,103374,184,3682,1754,50908,1252,90543,1939,141451,California
Placer,2021-04-06,4295,232965,2480,124094,1514,104888,301,3983,1532,49985,2756,93299,1833,143284,California
Placer,2021-04-07,4544,237509,2592,126686,1491,106379,461,4444,2082,50073,2456,95755,2544,145828,California
Placer,2021-04-08,4715,242224,2603,129289,1566,107945,546,4990,1584,49092,3119,98874,2138,147966,California
Placer,2021-04-09,4133,246357,2274,131563,1239,109184,620,5610,1238,48071,2887,101761,1866,149832,California
Placer,2021-04-10,2027,248384,880,132443,963,110147,184,5794,866,47962,1158,102919,1049,150881,California
Placer,2021-04-11,1356,249740,533,132976,790,110937,33,5827,455,47552,897,103816,487,151368,California
Placer,2021-04-12,4097,253837,2645,135621,1072,112009,380,6207,2460,48763,1628,105444,2839,154207,California
Placer,2021-04-13,4343,258180,2993,138614,1349,113358,1,6208,2188,48801,2151,107595,2189,156396,California
Placer,2021-04-14,4133,262313,2569,141183,1563,114921,1,6209,1848,48373,2276,109871,1848,158244,California
Placer,2021-04-15,4493,266806,2507,143690,1985,116906,1,6210,2347,48585,2136,112007,2348,160592,California
Placer,2021-04-16,3684,270490,2191,145881,1493,118399,0,6210,1439,47785,2239,114246,1439,162031,California
Placer,2021-04-17,2427,272917,842,146723,1585,119984,0,6210,1519,48401,903,115149,1519,163550,California
Placer,2021-04-18,1183,274100,255,146978,928,120912,0,6210,409,48038,772,115921,409,163959,California
Placer,2021-04-19,2941,277041,1810,148788,1131,122043,0,6210,1171,47443,1767,117688,1172,165131,California
Placer,2021-04-20,3798,280839,2465,151253,1333,123376,0,6210,2422,48497,1368,119056,2422,167553,California
Placer,2021-04-21,3664,284503,2402,153655,1261,124637,1,6211,2389,49615,1272,120328,2390,169943,California
Placer,2021-04-22,3659,288162,2262,155917,1397,126034,0,6211,1743,49446,1912,122240,1743,171686,California
Placer,2021-04-23,3512,291674,2329,158246,1182,127216,1,6212,1374,48690,2131,124371,1375,173061,California
Placer,2021-04-24,2087,293761,1267,159513,819,128035,1,6213,1224,49059,855,125226,1224,174285,California
Placer,2021-04-25,910,294671,501,160014,409,128444,0,6213,562,49273,348,125574,562,174847,California
Placer,2021-04-26,2354,297025,1248,161262,1083,129527,23,6236,1155,49261,1189,126763,1177,176024,California
Placer,2021-04-27,2644,299669,1376,162638,1233,130760,35,6271,1526,49709,1114,127877,1562,177586,California
Placer,2021-04-28,2919,302588,1811,164449,1071,131831,37,6308,1522,49880,1388,129265,1559,179145,California
Placer,2021-04-29,3260,305848,2070,166519,1137,132968,53,6361,1310,49299,1944,131209,1363,180508,California
Placer,2021-04-30,2987,308835,1804,168323,1134,134102,49,6410,1191,48749,1790,132999,1240,181748,California
Placer,2021-05-01,1334,310169,936,169259,374,134476,24,6434,611,48666,717,133716,634,182382,California
Placer,2021-05-02,714,310883,552,169811,141,134617,21,6455,331,48637,381,134097,352,182734,California
Placer,2021-05-03,1608,312491,992,170803,550,135167,66,6521,436,47970,1168,135265,501,183235,California
Placer,2021-05-04,2297,314788,1296,172099,834,136001,167,6688,862,47570,1429,136694,1029,184264,California
Placer,2021-05-05,3669,318457,2475,174574,1088,137089,106,6794,970,45953,2693,139387,1076,185340,California
Placer,2021-05-06,3092,321549,1893,176467,1123,138212,76,6870,812,44587,2254,141641,888,186228,California
Placer,2021-05-07,2805,324354,1887,178354,826,139038,92,6962,787,43458,2008,143649,879,187107,California
Placer,2021-05-08,1330,325684,706,179060,582,139620,42,7004,391,42952,937,144586,431,187538,California
Placer,2021-05-09,439,326123,202,179262,216,139836,21,7025,217,42967,222,144808,237,187775,California
Placer,2021-05-10,1930,328053,1031,180293,802,140638,97,7122,434,42006,1492,146300,531,188306,California
Placer,2021-05-11,2821,330874,2033,182326,684,141322,104,7226,584,40467,2227,148527,688,188994,California
Placer,2021-05-12,2774,333648,1925,184251,801,142123,48,7274,659,39067,2108,150635,708,189702,California
Placer,2021-05-13,2701,336349,1748,185999,905,143028,48,7322,954,38323,1745,152380,1001,190703,California
Placer,2021-05-14,2745,339094,1808,187807,807,143835,130,7452,1335,38387,1398,153778,1462,192165,California
Placer,2021-05-15,2054,341148,1347,189154,684,144519,23,7475,908,38178,1140,154918,931,193096,California
Placer,2021-05-16,1003,342151,520,189674,465,144984,18,7493,338,37871,663,155581,356,193452,California
Placer,2021-05-17,2334,344485,1552,191226,715,145699,67,7560,1031,37671,1298,156879,1098,194550,California
Placer,2021-05-18,2484,346969,1661,192887,743,146442,80,7640,1127,37525,1352,158231,1206,195756,California
Placer,2021-05-19,2503,349472,1584,194471,874,147316,45,7685,929,36930,1569,159800,974,196730,California
Placer,2021-05-20,2254,351726,1486,195957,735,148051,33,7718,857,36427,1391,161191,888,197618,California
Placer,2021-05-21,2167,353893,1368,197325,661,148712,138,7856,955,36314,1204,162395,1091,198709,California
Placer,2021-05-22,1378,355271,962,198287,379,149091,37,7893,691,36359,683,163078,728,199437,California
Placer,2021-05-23,370,355641,223,198510,133,149224,14,7907,206,36417,162,163240,220,199657,California
Placer,2021-05-24,1463,357104,734,199244,613,149837,116,8023,467,36009,991,164231,583,200240,California
Placer,2021-05-25,1779,358883,944,200188,735,150572,100,8123,659,35652,1116,165347,759,200999,California
Placer,2021-05-26,1524,360407,877,201065,615,151187,32,8155,590,35346,929,166276,623,201622,California
Placer,2021-05-27,1415,361822,712,201777,664,151851,39,8194,640,35258,767,167043,679,202301,California
Placer,2021-05-28,1478,363300,719,202496,675,152526,84,8278,561,34990,913,167956,645,202946,California
Placer,2021-05-29,263,363563,163,202659,88,152614,12,8290,127,34994,135,168091,139,203085,California
Plumas,2020-12-18,4,4,4,4,0,0,0,0,4,4,0,0,4,4,California
Plumas,2020-12-19,1,5,1,5,0,0,0,0,1,5,0,0,1,5,California
Plumas,2020-12-21,45,50,45,50,0,0,0,0,45,50,0,0,45,50,California
Plumas,2020-12-22,93,143,93,143,0,0,0,0,93,143,0,0,93,143,California
Plumas,2020-12-23,50,193,50,193,0,0,0,0,50,193,0,0,50,193,California
Plumas,2020-12-24,6,199,6,199,0,0,0,0,6,199,0,0,6,199,California
Plumas,2020-12-28,8,207,0,199,8,8,0,0,8,207,0,0,8,207,California
Plumas,2020-12-29,32,239,22,221,10,18,0,0,32,239,0,0,32,239,California
Plumas,2020-12-30,23,262,1,222,22,40,0,0,23,262,0,0,23,262,California
Plumas,2020-12-31,4,266,1,223,3,43,0,0,4,266,0,0,4,266,California
Plumas,2021-01-04,10,276,4,227,6,49,0,0,10,276,0,0,10,276,California
Plumas,2021-01-05,22,298,2,229,20,69,0,0,22,298,0,0,22,298,California
Plumas,2021-01-06,123,421,5,234,118,187,0,0,123,421,0,0,123,421,California
Plumas,2021-01-07,53,474,2,236,51,238,0,0,52,472,1,1,52,473,California
Plumas,2021-01-08,12,486,5,241,7,245,0,0,8,476,4,5,8,481,California
Plumas,2021-01-09,2,488,2,243,0,245,0,0,1,476,1,6,1,482,California
Plumas,2021-01-11,58,546,50,293,8,253,0,0,11,440,47,53,11,493,California
Plumas,2021-01-12,156,702,87,380,69,322,0,0,71,426,85,138,71,564,California
Plumas,2021-01-13,56,758,50,430,6,328,0,0,10,390,46,184,10,574,California
Plumas,2021-01-14,98,856,14,444,84,412,0,0,93,478,5,189,93,667,California
Plumas,2021-01-15,63,919,7,451,56,468,0,0,61,537,2,191,61,728,California
Plumas,2021-01-16,58,977,1,452,57,525,0,0,58,595,0,191,58,786,California
Plumas,2021-01-18,2,979,1,453,1,526,0,0,2,597,0,191,2,788,California
Plumas,2021-01-19,36,1015,5,458,31,557,0,0,32,625,4,195,32,820,California
Plumas,2021-01-20,121,1136,3,461,118,675,0,0,119,742,2,197,119,939,California
Plumas,2021-01-21,112,1248,2,463,110,785,0,0,112,854,0,197,112,1051,California
Plumas,2021-01-22,5,1253,1,464,4,789,0,0,5,859,0,197,5,1056,California
Plumas,2021-01-23,93,1346,2,466,91,880,0,0,93,952,0,197,93,1149,California
Plumas,2021-01-24,1,1347,1,467,0,880,0,0,1,953,0,197,1,1150,California
Plumas,2021-01-25,10,1357,7,474,3,883,0,0,7,957,3,200,7,1157,California
Plumas,2021-01-26,60,1417,2,476,58,941,0,0,52,1001,8,208,52,1209,California
Plumas,2021-01-27,25,1442,20,496,5,946,0,0,5,986,20,228,5,1214,California
Plumas,2021-01-28,23,1465,0,496,23,969,0,0,21,1005,2,230,21,1235,California
Plumas,2021-01-29,8,1473,2,498,6,975,0,0,7,1011,1,231,7,1242,California
Plumas,2021-01-30,8,1481,4,502,4,979,0,0,7,1017,1,232,7,1249,California
Plumas,2021-01-31,3,1484,3,505,0,979,0,0,3,1020,0,232,3,1252,California
Plumas,2021-02-01,16,1500,2,507,14,993,0,0,8,1020,8,240,8,1260,California
Plumas,2021-02-02,21,1521,2,509,19,1012,0,0,2,1003,19,259,2,1262,California
Plumas,2021-02-03,128,1649,8,517,120,1132,0,0,13,902,114,373,13,1275,California
Plumas,2021-02-04,102,1751,8,525,94,1226,0,0,23,846,79,452,23,1298,California
Plumas,2021-02-05,24,1775,11,536,13,1239,0,0,9,840,15,467,9,1307,California
Plumas,2021-02-06,7,1782,0,536,7,1246,0,0,7,847,0,467,7,1314,California
Plumas,2021-02-08,15,1797,6,542,9,1255,0,0,3,838,12,479,3,1317,California
Plumas,2021-02-09,172,1969,2,544,170,1425,0,0,112,890,60,539,112,1429,California
Plumas,2021-02-10,91,2060,9,553,82,1507,0,0,82,964,9,548,83,1512,California
Plumas,2021-02-11,323,2383,7,560,316,1823,0,0,263,1167,60,608,263,1775,California
Plumas,2021-02-12,124,2507,4,564,120,1943,0,0,118,1279,6,614,118,1893,California
Plumas,2021-02-13,75,2582,5,569,70,2013,0,0,15,1234,60,674,15,1908,California
Plumas,2021-02-14,8,2590,5,574,3,2016,0,0,8,1242,0,674,8,1916,California
Plumas,2021-02-15,26,2616,5,579,21,2037,0,0,23,1262,3,677,23,1939,California
Plumas,2021-02-16,77,2693,4,583,73,2110,0,0,14,1213,63,740,14,1953,California
Plumas,2021-02-17,136,2829,5,588,131,2241,0,0,12,1101,124,864,12,1965,California
Plumas,2021-02-18,129,2958,6,594,123,2364,0,0,20,1013,109,973,21,1986,California
Plumas,2021-02-19,42,3000,5,599,37,2401,0,0,7,985,35,1008,7,1993,California
Plumas,2021-02-20,105,3105,7,606,98,2499,0,0,13,906,92,1100,13,2006,California
Plumas,2021-02-21,6,3111,5,611,1,2500,0,0,2,904,4,1104,2,2008,California
Plumas,2021-02-22,3,3114,1,612,2,2502,0,0,0,901,3,1107,0,2008,California
Plumas,2021-02-23,25,3139,5,617,20,2522,0,0,17,910,8,1115,17,2025,California
Plumas,2021-02-24,458,3597,7,624,451,2973,0,0,445,1342,13,1128,445,2470,California
Plumas,2021-02-25,230,3827,10,634,220,3193,0,0,169,1450,61,1189,169,2639,California
Plumas,2021-02-26,267,4094,8,642,259,3452,0,0,259,1702,8,1197,260,2899,California
Plumas,2021-02-27,40,4134,4,646,36,3488,0,0,33,1728,7,1204,33,2932,California
Plumas,2021-02-28,1,4135,0,646,1,3489,0,0,1,1729,0,1204,1,2933,California
Plumas,2021-03-01,14,4149,3,649,11,3500,0,0,8,1732,5,1209,8,2941,California
Plumas,2021-03-02,10,4159,1,650,9,3509,0,0,7,1736,3,1212,7,2948,California
Plumas,2021-03-03,152,4311,8,658,144,3653,0,0,137,1858,15,1227,137,3085,California
Plumas,2021-03-04,252,4563,9,667,243,3896,0,0,230,2066,22,1249,230,3315,California
Plumas,2021-03-05,400,4963,7,674,388,4284,5,5,389,2449,11,1260,394,3709,California
Plumas,2021-03-06,19,4982,2,676,9,4293,8,13,3,2444,16,1276,11,3720,California
Plumas,2021-03-07,14,4996,3,679,2,4295,9,22,4,2447,10,1286,13,3733,California
Plumas,2021-03-08,29,5025,3,682,2,4297,24,46,3,2448,26,1312,27,3760,California
Plumas,2021-03-09,133,5158,2,684,116,4413,15,61,18,2366,115,1427,33,3793,California
Plumas,2021-03-10,255,5413,3,687,239,4652,13,74,107,2339,147,1574,120,3913,California
Plumas,2021-03-11,179,5592,8,695,166,4818,5,79,144,2453,35,1609,149,4062,California
Plumas,2021-03-12,594,6186,4,699,303,5121,287,366,23,2192,571,2180,310,4372,California
Plumas,2021-03-13,25,6211,4,703,10,5131,11,377,4,2186,21,2201,15,4387,California
Plumas,2021-03-14,12,6223,3,706,4,5135,5,382,1,2182,10,2211,6,4393,California
Plumas,2021-03-15,30,6253,0,706,23,5158,7,389,5,2169,25,2236,12,4405,California
Plumas,2021-03-16,60,6313,3,709,56,5214,1,390,49,2208,11,2247,50,4455,California
Plumas,2021-03-17,73,6386,9,718,63,5277,1,391,58,2253,14,2261,59,4514,California
Plumas,2021-03-18,61,6447,6,724,39,5316,16,407,12,2232,49,2310,28,4542,California
Plumas,2021-03-19,164,6611,6,730,156,5472,2,409,155,2383,7,2317,158,4700,California
Plumas,2021-03-20,695,7306,4,734,690,6162,1,410,674,3039,19,2336,675,5375,California
Plumas,2021-03-21,2,7308,1,735,1,6163,0,410,1,3040,0,2336,1,5376,California
Plumas,2021-03-22,182,7490,2,737,180,6343,0,410,175,3208,7,2343,175,5551,California
Plumas,2021-03-23,27,7517,2,739,25,6368,0,410,13,3207,14,2357,13,5564,California
Plumas,2021-03-24,655,8172,6,745,648,7016,1,411,224,3002,430,2787,225,5789,California
Plumas,2021-03-25,302,8474,7,752,293,7309,2,413,158,3016,144,2931,158,5947,California
Plumas,2021-03-26,315,8789,9,761,306,7615,0,413,46,2794,268,3199,46,5993,California
Plumas,2021-03-27,13,8802,1,762,11,7626,1,414,3,2788,10,3209,4,5997,California
Plumas,2021-03-28,6,8808,4,766,1,7627,1,415,3,2789,3,3212,4,6001,California
Plumas,2021-03-29,12,8820,4,770,7,7634,1,416,4,2786,8,3220,5,6006,California
Plumas,2021-03-30,154,8974,3,773,150,7784,1,417,24,2681,130,3350,25,6031,California
Plumas,2021-03-31,289,9263,3,776,285,8069,1,418,268,2929,21,3371,269,6300,California
Plumas,2021-04-01,298,9561,10,786,287,8356,1,419,60,2753,236,3607,60,6360,California
Plumas,2021-04-02,375,9936,4,790,370,8726,1,420,29,2448,335,3942,30,6390,California
Plumas,2021-04-03,16,9952,3,793,5,8731,8,428,4,2448,12,3954,12,6402,California
Plumas,2021-04-04,3,9955,1,794,1,8732,1,429,0,2446,3,3957,1,6403,California
Plumas,2021-04-05,11,9966,4,798,6,8738,1,430,4,2444,7,3964,5,6408,California
Plumas,2021-04-06,121,10087,6,804,89,8827,26,456,14,2377,107,4071,40,6448,California
Plumas,2021-04-07,282,10369,7,811,99,8926,176,632,28,2327,254,4325,204,6652,California
Plumas,2021-04-08,150,10519,3,814,132,9058,15,647,34,2260,115,4440,48,6700,California
Plumas,2021-04-09,51,10570,10,824,25,9083,16,663,19,2262,32,4472,34,6734,California
Plumas,2021-04-10,24,10594,2,826,5,9088,17,680,5,2265,19,4491,22,6756,California
Plumas,2021-04-11,3,10597,2,828,0,9088,1,681,2,2267,1,4492,3,6759,California
Plumas,2021-04-12,11,10608,5,833,3,9091,3,684,7,2273,4,4496,10,6769,California
Plumas,2021-04-13,207,10815,5,838,202,9293,0,684,139,2344,68,4564,139,6908,California
Plumas,2021-04-14,109,10924,8,846,101,9394,0,684,55,2345,54,4618,55,6963,California
Plumas,2021-04-15,50,10974,2,848,48,9442,0,684,32,2359,18,4636,32,6995,California
Plumas,2021-04-16,142,11116,2,850,140,9582,0,684,2,2221,140,4776,2,6997,California
Plumas,2021-04-17,668,11784,2,852,666,10248,0,684,20,1595,646,5422,20,7017,California
Plumas,2021-04-18,4,11788,3,855,1,10249,0,684,1,1593,3,5425,1,7018,California
Plumas,2021-04-19,38,11826,3,858,35,10284,0,684,5,1565,33,5458,5,7023,California
Plumas,2021-04-20,42,11868,5,863,37,10321,0,684,26,1576,15,5473,26,7049,California
Plumas,2021-04-21,310,12178,5,868,304,10625,1,685,17,1300,293,5766,17,7066,California
Plumas,2021-04-22,273,12451,7,875,266,10891,0,685,131,1289,142,5908,131,7197,California
Plumas,2021-04-23,72,12523,5,880,67,10958,0,685,16,1249,56,5964,16,7213,California
Plumas,2021-04-24,172,12695,5,885,167,11125,0,685,146,1370,25,5989,146,7359,California
Plumas,2021-04-26,29,12724,4,889,25,11150,0,685,8,1358,20,6009,8,7367,California
Plumas,2021-04-27,87,12811,3,892,84,11234,0,685,51,1373,36,6045,51,7418,California
Plumas,2021-04-28,284,13095,4,896,280,11514,0,685,38,1166,245,6290,38,7456,California
Plumas,2021-04-29,172,13267,69,965,103,11617,0,685,118,1230,54,6344,118,7574,California
Plumas,2021-04-30,23,13290,11,976,12,11629,0,685,7,1221,16,6360,7,7581,California
Plumas,2021-05-01,2,13292,1,977,0,11629,1,686,0,1220,2,6362,1,7582,California
Plumas,2021-05-02,2,13294,2,979,0,11629,0,686,1,1220,1,6363,1,7583,California
Plumas,2021-05-03,17,13311,7,986,4,11633,6,692,6,1221,11,6374,12,7595,California
Plumas,2021-05-04,29,13340,3,989,20,11653,6,698,16,1231,12,6386,22,7617,California
Plumas,2021-05-05,49,13389,6,995,42,11695,1,699,22,1227,27,6413,23,7640,California
Plumas,2021-05-06,56,13445,2,997,49,11744,5,704,15,1206,41,6454,20,7660,California
Plumas,2021-05-07,22,13467,5,1002,16,11760,1,705,8,1201,14,6468,9,7669,California
Plumas,2021-05-08,6,13473,0,1002,4,11764,2,707,4,1205,2,6470,6,7675,California
Plumas,2021-05-10,50,13523,1,1003,26,11790,23,730,22,1222,28,6498,45,7720,California
Plumas,2021-05-11,163,13686,3,1006,141,11931,19,749,14,1106,149,6647,33,7753,California
Plumas,2021-05-12,98,13784,2,1008,89,12020,7,756,37,1090,60,6707,44,7797,California
Plumas,2021-05-13,35,13819,4,1012,29,12049,2,758,13,1083,22,6729,15,7812,California
Plumas,2021-05-14,19,13838,3,1015,11,12060,5,763,9,1087,10,6739,14,7826,California
Plumas,2021-05-15,10,13848,4,1019,4,12064,2,765,4,1087,6,6745,6,7832,California
Plumas,2021-05-16,2,13850,1,1020,1,12065,0,765,1,1087,1,6746,1,7833,California
Plumas,2021-05-17,13,13863,0,1020,4,12069,9,774,4,1091,9,6755,13,7846,California
Plumas,2021-05-18,42,13905,7,1027,34,12103,1,775,22,1094,20,6775,23,7869,California
Plumas,2021-05-19,45,13950,3,1030,28,12131,14,789,11,1086,34,6809,26,7895,California
Plumas,2021-05-20,189,14139,133,1163,45,12176,11,800,78,1064,111,6920,89,7984,California
Plumas,2021-05-21,28,14167,8,1171,15,12191,5,805,15,1071,13,6933,20,8004,California
Plumas,2021-05-22,136,14303,1,1172,135,12326,0,805,5,946,130,7063,5,8009,California
Plumas,2021-05-23,2,14305,2,1174,0,12326,0,805,1,946,1,7064,1,8010,California
Plumas,2021-05-24,52,14357,39,1213,12,12338,1,806,42,979,10,7074,43,8053,California
Plumas,2021-05-25,63,14420,4,1217,58,12396,1,807,16,949,47,7121,17,8070,California
Plumas,2021-05-26,38,14458,5,1222,26,12422,7,814,16,950,22,7143,23,8093,California
Plumas,2021-05-27,99,14557,28,1250,61,12483,10,824,42,947,56,7199,53,8146,California
Plumas,2021-05-28,37,14594,11,1261,25,12508,1,825,19,949,18,7217,20,8166,California
Plumas,2021-05-29,1,14595,0,1261,1,12509,0,825,0,948,1,7218,0,8166,California
Riverside,2020-12-15,5,5,5,5,0,0,0,0,5,5,0,0,5,5,California
Riverside,2020-12-16,69,74,69,74,0,0,0,0,69,74,0,0,69,74,California
Riverside,2020-12-17,810,884,810,884,0,0,0,0,810,884,0,0,810,884,California
Riverside,2020-12-18,1729,2613,1728,2612,1,1,0,0,1729,2613,0,0,1729,2613,California
Riverside,2020-12-19,1027,3640,1024,3636,3,4,0,0,1025,3637,1,1,1025,3638,California
Riverside,2020-12-20,1084,4724,1083,4719,1,5,0,0,1084,4721,0,1,1084,4722,California
Riverside,2020-12-21,2278,7002,2276,6995,2,7,0,0,2278,6999,0,1,2278,7000,California
Riverside,2020-12-22,2260,9262,2221,9216,39,46,0,0,2259,9258,0,1,2259,9259,California
Riverside,2020-12-23,2150,11412,1808,11024,342,388,0,0,2151,11409,0,1,2151,11410,California
Riverside,2020-12-24,828,12240,626,11650,202,590,0,0,828,12237,0,1,828,12238,California
Riverside,2020-12-25,28,12268,5,11655,23,613,0,0,28,12265,0,1,28,12266,California
Riverside,2020-12-26,404,12672,257,11912,147,760,0,0,404,12669,0,1,404,12670,California
Riverside,2020-12-27,367,13039,245,12157,122,882,0,0,367,13036,0,1,367,13037,California
Riverside,2020-12-28,1635,14674,1130,13287,505,1387,0,0,1636,14672,0,1,1636,14673,California
Riverside,2020-12-29,1735,16409,968,14255,767,2154,0,0,1735,16407,0,1,1735,16408,California
Riverside,2020-12-30,2574,18983,1679,15934,895,3049,0,0,2573,18980,0,1,2573,18981,California
Riverside,2020-12-31,1022,20005,395,16329,627,3676,0,0,1024,20004,0,1,1024,20005,California
Riverside,2021-01-01,118,20123,46,16375,72,3748,0,0,118,20122,0,1,118,20123,California
Riverside,2021-01-02,833,20956,693,17068,140,3888,0,0,833,20955,0,1,833,20956,California
Riverside,2021-01-03,344,21300,299,17367,45,3933,0,0,343,21298,0,1,343,21299,California
Riverside,2021-01-04,1264,22564,794,18161,470,4403,0,0,1264,22562,0,1,1264,22563,California
Riverside,2021-01-05,1988,24552,1367,19528,621,5024,0,0,1892,24364,90,91,1892,24455,California
Riverside,2021-01-06,2502,27054,1120,20648,1382,6406,0,0,2192,26250,306,397,2192,26647,California
Riverside,2021-01-07,2779,29833,1825,22473,954,7360,0,0,1714,26906,1060,1457,1716,28363,California
Riverside,2021-01-08,4057,33890,2931,25404,1126,8486,0,0,2244,27341,1809,3266,2244,30607,California
Riverside,2021-01-09,2076,35966,845,26249,1231,9717,0,0,1727,28720,348,3614,1727,32334,California
Riverside,2021-01-10,1669,37635,740,26989,929,10646,0,0,1065,29181,604,4218,1065,33399,California
Riverside,2021-01-11,4522,42157,3097,30086,1425,12071,0,0,2786,30234,1734,5952,2787,36186,California
Riverside,2021-01-12,3420,45577,2740,32826,680,12751,0,0,1726,30271,1689,7641,1726,37912,California
Riverside,2021-01-13,4458,50035,2937,35763,1521,14272,0,0,2847,31510,1608,9249,2847,40759,California
Riverside,2021-01-14,5518,55553,1913,37676,3605,17877,0,0,4928,35849,589,9838,4928,45687,California
Riverside,2021-01-15,6094,61647,2023,39699,4071,21948,0,0,5805,41366,288,10126,5805,51492,California
Riverside,2021-01-16,3613,65260,1017,40716,2596,24544,0,0,3367,44488,246,10372,3368,54860,California
Riverside,2021-01-17,3597,68857,585,41301,3012,27556,0,0,3400,47693,195,10567,3400,58260,California
Riverside,2021-01-18,3749,72606,2040,43341,1709,29265,0,0,2741,49426,1008,11575,2741,61001,California
Riverside,2021-01-19,7418,80024,2647,45988,4771,34036,0,0,6298,54605,1120,12695,6299,67300,California
Riverside,2021-01-20,8219,88243,3132,49120,5087,39123,0,0,6560,59522,1647,14342,6564,73864,California
Riverside,2021-01-21,8354,96597,3508,52628,4846,43969,0,0,7702,66572,653,14995,7703,81567,California
Riverside,2021-01-22,8717,105314,2966,55594,5751,49720,0,0,8287,74432,428,15423,8288,89855,California
Riverside,2021-01-23,5895,111209,2360,57954,3535,53255,0,0,5175,78888,720,16143,5176,95031,California
Riverside,2021-01-24,3038,114247,1433,59387,1605,54860,0,0,2823,81499,213,16356,2824,97855,California
Riverside,2021-01-25,7878,122125,4530,63917,3348,58208,0,0,6758,87139,1119,17475,6759,104614,California
Riverside,2021-01-26,9137,131262,5717,69634,3420,61628,0,0,7627,93260,1507,18982,7628,112242,California
Riverside,2021-01-27,10929,142191,6395,76029,4534,66162,0,0,9313,100964,1612,20594,9316,121558,California
Riverside,2021-01-28,11504,153695,6788,82817,4716,70878,0,0,10339,110147,1157,21751,10340,131898,California
Riverside,2021-01-29,11940,165635,7283,90100,4657,75535,0,0,10566,119369,1348,23099,10570,142468,California
Riverside,2021-01-30,9062,174697,4612,94712,4450,79985,0,0,8598,127507,461,23560,8599,151067,California
Riverside,2021-01-31,5165,179862,4252,98964,913,80898,0,0,5035,132417,129,23689,5039,156106,California
Riverside,2021-02-01,10965,190827,6781,105745,4184,85082,0,0,9116,139694,1842,25531,9119,165225,California
Riverside,2021-02-02,9478,200305,4815,110560,4663,89745,0,0,8010,146247,1460,26991,8013,173238,California
Riverside,2021-02-03,12179,212484,5142,115702,7037,96782,0,0,9812,153702,2357,29348,9812,183050,California
Riverside,2021-02-04,13510,225994,5999,121701,7511,104293,0,0,11435,163074,2066,31414,11438,194488,California
Riverside,2021-02-05,14351,240345,5407,127108,8944,113237,0,0,11286,171306,3058,34472,11290,205778,California
Riverside,2021-02-06,7238,247583,4264,131372,2974,116211,0,0,5598,175274,1633,36105,5601,211379,California
Riverside,2021-02-07,2167,249750,798,132170,1369,117580,0,0,1848,176806,317,36422,1849,213228,California
Riverside,2021-02-08,12480,262230,5555,137725,6925,124505,0,0,10173,184691,2292,38714,10177,223405,California
Riverside,2021-02-09,9650,271880,4522,142247,5128,129633,0,0,7700,190455,1941,40655,7705,231110,California
Riverside,2021-02-10,12075,283955,6971,149218,5104,134737,0,0,8904,196207,3160,43815,8912,240022,California
Riverside,2021-02-11,16610,300565,9053,158271,7557,142294,0,0,12089,203812,4499,48314,12104,252126,California
Riverside,2021-02-12,17685,318250,10804,169075,6881,149175,0,0,12799,211781,4842,53156,12811,264937,California
Riverside,2021-02-13,6328,324578,2127,171202,4201,153376,0,0,3106,211702,3206,56362,3127,268064,California
Riverside,2021-02-14,4923,329501,1116,172318,3807,157183,0,0,2179,211141,2740,59102,2179,270243,California
Riverside,2021-02-15,9828,339329,5006,177324,4822,162005,0,0,5404,212137,4415,63517,5411,275654,California
Riverside,2021-02-16,16118,355447,10110,187434,6008,168013,0,0,9251,214537,6859,70376,9259,284913,California
Riverside,2021-02-17,15034,370481,8212,195646,6822,174835,0,0,7448,214422,7573,77949,7458,292371,California
Riverside,2021-02-18,15548,386029,8986,204632,6562,181397,0,0,8020,214950,7506,85455,8034,300405,California
Riverside,2021-02-19,15298,401327,8223,212855,7075,188472,0,0,7223,214125,8056,93511,7231,307636,California
Riverside,2021-02-20,8314,409641,4497,217352,3817,192289,0,0,2167,210165,6130,99641,2170,309806,California
Riverside,2021-02-21,4397,414038,3876,221228,521,192810,0,0,1232,208248,3150,102791,1233,311039,California
Riverside,2021-02-22,12376,426414,7771,228999,4605,197415,0,0,5114,206122,7246,110037,5120,316159,California
Riverside,2021-02-23,11122,437536,7577,236576,3545,200960,0,0,5402,205836,5692,115729,5406,321565,California
Riverside,2021-02-24,14813,452349,8103,244679,6710,207670,0,0,6300,203678,8475,124204,6317,327882,California
Riverside,2021-02-25,17366,469715,7405,252084,9961,217631,0,0,8070,202501,9272,133476,8095,335977,California
Riverside,2021-02-26,18643,488358,6734,258818,11909,229540,0,0,9308,202566,9277,142753,9342,345319,California
Riverside,2021-02-27,12087,500445,5611,264429,6476,236016,0,0,5766,202071,6288,149041,5793,351112,California
Riverside,2021-02-28,4885,505330,3221,267650,1664,237680,0,0,2408,202022,2464,151505,2415,353527,California
Riverside,2021-03-01,14367,519697,6110,273760,8255,245935,2,2,8463,204648,5867,157372,8493,362020,California
Riverside,2021-03-02,15379,535076,7514,281274,7864,253799,1,3,9022,207364,6334,163706,9050,371070,California
Riverside,2021-03-03,16932,552008,8390,289664,8542,262341,0,3,7322,205259,9559,173265,7454,378524,California
Riverside,2021-03-04,18763,570771,7467,297131,11291,273632,5,8,8917,204530,9801,183066,9072,387596,California
Riverside,2021-03-05,18940,589711,7616,304747,11280,284912,44,52,9393,204749,9496,192562,9715,397311,California
Riverside,2021-03-06,9531,599242,5075,309822,3975,288887,481,533,4750,205242,4767,197329,5260,402571,California
Riverside,2021-03-07,4253,603495,2752,312574,1112,289999,389,922,2003,205398,2240,199569,2396,404967,California
Riverside,2021-03-08,11967,615462,4761,317335,6795,296794,411,1333,5336,204581,6611,206180,5794,410761,California
Riverside,2021-03-09,14815,630277,6908,324243,7407,304201,500,1833,5911,202244,8883,215063,6546,417307,California
Riverside,2021-03-10,15921,646198,8522,332765,6472,310673,927,2760,6217,199879,9661,224724,7296,424603,California
Riverside,2021-03-11,19308,665506,9469,342234,7990,318663,1849,4609,7613,197891,11659,236383,9671,434274,California
Riverside,2021-03-12,21217,686723,7954,350188,8523,327186,4740,9349,7129,196044,14050,250433,12203,446477,California
Riverside,2021-03-13,8498,695221,2543,352731,4727,331913,1228,10577,4366,197616,4110,254543,5682,452159,California
Riverside,2021-03-14,4742,699963,1617,354348,1757,333670,1368,11945,2084,198419,2647,257190,3450,455609,California
Riverside,2021-03-15,18703,718666,7867,362215,9166,342836,1670,13615,9212,199953,9448,266638,10982,466591,California
Riverside,2021-03-16,20913,739579,10148,372363,9950,352786,815,14430,11391,202769,9483,276121,12299,478890,California
Riverside,2021-03-17,21345,760924,10961,383324,9325,362111,1059,15489,12826,208231,8482,284603,13944,492834,California
Riverside,2021-03-18,22633,783557,11789,395113,9178,371289,1666,17155,12566,212453,10019,294622,14241,507075,California
Riverside,2021-03-19,24155,807712,12684,407797,10498,381787,973,18128,14105,217907,9992,304614,15446,522521,California
Riverside,2021-03-20,10695,818407,6907,414704,2608,384395,1180,19308,6882,222186,3782,308396,8061,530582,California
Riverside,2021-03-21,3745,822152,2920,417624,559,384954,266,19574,2555,223835,1173,309569,2822,533404,California
Riverside,2021-03-22,16657,838809,9936,427560,6168,391122,553,20127,10599,228981,6004,315573,11150,544554,California
Riverside,2021-03-23,18584,857393,10527,438087,7636,398758,421,20548,11949,234790,6575,322148,12384,556938,California
Riverside,2021-03-24,18771,876164,10472,448559,8179,406937,120,20668,12882,241959,5839,327987,13008,569946,California
Riverside,2021-03-25,21182,897346,11683,460242,9318,416255,181,20849,14200,249436,6910,334897,14387,584333,California
Riverside,2021-03-26,24177,921523,11946,472188,12056,428311,175,21024,15034,255608,9039,343936,15211,599544,California
Riverside,2021-03-27,9337,930860,4907,477095,3377,431688,1053,22077,4820,256988,4494,348430,5874,605418,California
Riverside,2021-03-28,4775,935635,3139,480234,1544,433232,92,22169,2843,258006,1919,350349,2937,608355,California
Riverside,2021-03-29,17690,953325,8458,488692,9111,442343,121,22290,10949,262388,6699,357048,11081,619436,California
Riverside,2021-03-30,18375,971700,9570,498262,8598,450941,207,22497,11720,267702,6615,363663,11929,631365,California
Riverside,2021-03-31,18137,989837,8440,506702,9392,460333,305,22802,11455,272835,6637,370300,11770,643135,California
Riverside,2021-04-01,25579,1015416,12501,519203,12301,472634,777,23579,16516,281128,9000,379300,17293,660428,California
Riverside,2021-04-02,26158,1041574,14081,533284,11126,483760,951,24530,16382,288974,9716,389016,17562,677990,California
Riverside,2021-04-03,9382,1050956,5972,539256,2822,486582,588,25118,6050,292296,3313,392329,6635,684625,California
Riverside,2021-04-04,3398,1054354,2069,541325,1085,487667,244,25362,1720,292593,1668,393997,1965,686590,California
Riverside,2021-04-05,18477,1072831,9464,550789,7153,494820,1860,27222,9948,295914,8489,402486,11810,698400,California
Riverside,2021-04-06,23785,1096616,12364,563153,9288,504108,2133,29355,13261,300833,10473,412959,15392,713792,California
Riverside,2021-04-07,24739,1121355,13299,576452,8929,513037,2511,31866,13716,306091,10979,423938,16237,730029,California
Riverside,2021-04-08,27211,1148566,14968,591420,9275,522312,2968,34834,16581,315086,10569,434507,19564,749593,California
Riverside,2021-04-09,26223,1174789,15423,606843,8352,530664,2448,37282,15991,323394,10188,444695,18496,768089,California
Riverside,2021-04-10,11988,1186777,6733,613576,3862,534526,1393,38675,5236,323315,6709,451404,6630,774719,California
Riverside,2021-04-11,4610,1191387,2736,616312,1252,535778,622,39297,2168,323675,2431,453835,2791,777510,California
Riverside,2021-04-12,20065,1211452,8913,625225,8514,544292,2638,41935,10051,326384,9976,463811,12685,790195,California
Riverside,2021-04-13,19899,1231351,11128,636353,8744,553036,27,41962,11353,329260,8506,472317,11382,801577,California
Riverside,2021-04-14,22035,1253386,12103,648456,9917,562953,15,41977,10762,328835,11205,483522,10780,812357,California
Riverside,2021-04-15,21680,1275066,12178,660634,9494,572447,8,41985,11320,329872,10292,493814,11329,823686,California
Riverside,2021-04-16,24919,1299985,14424,675058,10489,582936,6,41991,11535,328088,13332,507146,11548,835234,California
Riverside,2021-04-17,9863,1309848,6498,681556,3365,586301,0,41991,4959,328164,4890,512036,4966,840200,California
Riverside,2021-04-18,3856,1313704,2808,684364,1041,587342,7,41998,1813,327957,2030,514066,1823,842023,California
Riverside,2021-04-19,19473,1333177,11589,695953,7881,595223,3,42001,6958,322449,12474,526540,6966,848989,California
Riverside,2021-04-20,18875,1352052,9950,705903,8915,604138,10,42011,7728,319085,11104,537644,7740,856729,California
Riverside,2021-04-21,19513,1371565,11086,716989,8418,612556,9,42020,7664,314982,11783,549427,7680,864409,California
Riverside,2021-04-22,23256,1394821,13562,730551,9691,622247,3,42023,8657,309114,14532,563959,8664,873073,California
Riverside,2021-04-23,23335,1418156,13729,744280,9592,631839,14,42037,9150,304160,14126,578085,9172,882245,California
Riverside,2021-04-24,10483,1428639,7313,751593,3167,635006,3,42040,4829,303374,5618,583703,4832,887077,California
Riverside,2021-04-25,4209,1432848,2817,754410,1391,636397,1,42041,2183,303550,2009,585712,2185,889262,California
Riverside,2021-04-26,16487,1449335,10356,764766,6086,642483,45,42086,5523,298196,10926,596638,5572,894834,California
Riverside,2021-04-27,17686,1467021,10145,774911,7379,649862,162,42248,6107,292929,11536,608174,6269,901103,California
Riverside,2021-04-28,16427,1483448,8857,783768,7313,657175,257,42505,5539,287892,10833,619007,5796,906899,California
Riverside,2021-04-29,18697,1502145,11437,795205,6912,664087,348,42853,5386,280374,13249,632256,5731,912630,California
Riverside,2021-04-30,19702,1521847,11357,806562,7966,672053,379,43232,6312,273729,13338,645594,6693,919323,California
Riverside,2021-05-01,6764,1528611,4875,811437,1721,673774,168,43400,2328,271810,4413,650007,2494,921817,California
Riverside,2021-05-02,3346,1531957,2179,813616,959,674733,208,43608,1069,270833,2260,652267,1283,923100,California
Riverside,2021-05-03,17980,1549937,11041,824657,6452,681185,487,44095,4153,261702,13769,666036,4638,927738,California
Riverside,2021-05-04,17250,1567187,10957,835614,5878,687063,415,44510,4880,254689,12307,678343,5294,933032,California
Riverside,2021-05-05,15748,1582935,8917,844531,6478,693541,353,44863,4544,248441,11145,689488,4897,937929,California
Riverside,2021-05-06,17769,1600704,9953,854484,7407,700948,409,45272,4521,240193,13179,702667,4931,942860,California
Riverside,2021-05-07,20301,1621005,11593,866077,8278,709226,430,45702,5357,231109,14868,717535,5784,948644,California
Riverside,2021-05-08,6811,1627816,4529,870606,2054,711280,228,45930,2555,229663,4227,721762,2781,951425,California
Riverside,2021-05-09,2308,1630124,1509,872115,644,711924,155,46085,852,229225,1445,723207,1007,952432,California
Riverside,2021-05-10,10014,1640138,5133,877248,4510,716434,371,46456,2856,225343,7108,730315,3226,955658,California
Riverside,2021-05-11,13540,1653678,8123,885371,4924,721358,493,46949,3690,219755,9772,740087,4184,959842,California
Riverside,2021-05-12,11916,1665594,5811,891182,5829,727187,276,47225,3609,215382,8256,748343,3883,963725,California
Riverside,2021-05-13,13714,1679308,8138,899320,5312,732499,264,47489,4862,211710,8802,757145,5130,968855,California
Riverside,2021-05-14,17714,1697022,11190,910510,5734,738233,790,48279,6920,208690,10728,767873,7708,976563,California
Riverside,2021-05-15,9671,1706693,6925,917435,2351,740584,395,48674,4933,209312,4706,772579,5328,981891,California
Riverside,2021-05-16,3445,1710138,2497,919932,838,741422,110,48784,1689,209366,1743,774322,1797,983688,California
Riverside,2021-05-17,11725,1721863,7567,927499,3820,745242,338,49122,5280,208584,6412,780734,5630,989318,California
Riverside,2021-05-18,15018,1736881,9300,936799,5376,750618,342,49464,6263,206480,8708,789442,6604,995922,California
Riverside,2021-05-19,12118,1748999,7675,944474,4227,754845,216,49680,6013,206653,6057,795499,6230,1002152,California
Riverside,2021-05-20,10155,1759154,6211,950685,3687,758532,257,49937,4463,205725,5651,801150,4723,1006875,California
Riverside,2021-05-21,12373,1771527,7501,958186,4571,763103,301,50238,5221,204142,7106,808256,5523,1012398,California
Riverside,2021-05-22,5502,1777029,3792,961978,1534,764637,176,50414,3068,204982,2405,810661,3245,1015643,California
Riverside,2021-05-23,1478,1778507,1034,963012,372,765009,72,50486,815,205215,654,811315,887,1016530,California
Riverside,2021-05-24,8369,1786876,5395,968407,2666,767675,308,50794,3741,204664,4599,815914,4048,1020578,California
Riverside,2021-05-25,9438,1796314,5639,974046,3545,771220,254,51048,3841,203201,5557,821471,4094,1024672,California
Riverside,2021-05-26,8472,1804786,5205,979251,2963,774183,304,51352,3722,202528,4704,826175,4031,1028703,California
Riverside,2021-05-27,8127,1812913,4846,984097,3072,777255,209,51561,3780,202209,4305,830480,3986,1032689,California
Riverside,2021-05-28,9997,1822910,6160,990257,3578,780833,259,51820,4681,201882,5268,835748,4941,1037630,California
Riverside,2021-05-29,1473,1824383,898,991155,506,781339,69,51889,721,201930,743,836491,791,1038421,California
Sacramento,2020-12-15,315,315,315,315,0,0,0,0,315,315,0,0,315,315,California
Sacramento,2020-12-16,646,961,646,961,0,0,0,0,646,961,0,0,646,961,California
Sacramento,2020-12-17,649,1610,649,1610,0,0,0,0,649,1610,0,0,649,1610,California
Sacramento,2020-12-18,970,2580,970,2580,0,0,0,0,970,2580,0,0,970,2580,California
Sacramento,2020-12-19,610,3190,610,3190,0,0,0,0,610,3190,0,0,610,3190,California
Sacramento,2020-12-20,634,3824,634,3824,0,0,0,0,634,3824,0,0,634,3824,California
Sacramento,2020-12-21,1677,5501,1677,5501,0,0,0,0,1678,5502,0,0,1678,5502,California
Sacramento,2020-12-22,2104,7605,2071,7572,33,33,0,0,2104,7606,0,0,2104,7606,California
Sacramento,2020-12-23,2263,9868,2092,9664,171,204,0,0,2263,9869,0,0,2263,9869,California
Sacramento,2020-12-24,1046,10914,834,10498,212,416,0,0,1046,10915,0,0,1046,10915,California
Sacramento,2020-12-25,1,10915,0,10498,1,417,0,0,1,10916,0,0,1,10916,California
Sacramento,2020-12-26,510,11425,291,10789,219,636,0,0,510,11426,0,0,510,11426,California
Sacramento,2020-12-27,355,11780,249,11038,106,742,0,0,355,11781,0,0,355,11781,California
Sacramento,2020-12-28,1910,13690,1328,12366,582,1324,0,0,1909,13689,1,1,1909,13690,California
Sacramento,2020-12-29,1959,15649,1193,13559,766,2090,0,0,1959,15648,0,1,1959,15649,California
Sacramento,2020-12-30,2563,18212,1456,15015,1107,3197,0,0,2564,18212,0,1,2564,18213,California
Sacramento,2020-12-31,1233,19445,696,15711,537,3734,0,0,1234,19446,0,1,1234,19447,California
Sacramento,2021-01-01,81,19526,70,15781,11,3745,0,0,81,19527,0,1,81,19528,California
Sacramento,2021-01-02,568,20094,366,16147,202,3947,0,0,568,20095,0,1,568,20096,California
Sacramento,2021-01-03,412,20506,223,16370,189,4136,0,0,412,20507,0,1,412,20508,California
Sacramento,2021-01-04,1960,22466,847,17217,1113,5249,0,0,1958,22464,1,2,1958,22466,California
Sacramento,2021-01-05,2215,24681,989,18206,1226,6475,0,0,1861,23978,354,356,1868,24334,California
Sacramento,2021-01-06,2727,27408,1617,19823,1110,7585,0,0,1952,25158,772,1128,1952,26286,California
Sacramento,2021-01-07,2841,30249,1508,21331,1333,8918,0,0,1978,26276,860,1988,1978,28264,California
Sacramento,2021-01-08,3303,33552,2095,23426,1208,10126,0,0,2268,27514,1031,3019,2269,30533,California
Sacramento,2021-01-09,1291,34843,796,24222,495,10621,0,0,903,28031,386,3405,903,31436,California
Sacramento,2021-01-10,1247,36090,711,24933,536,11157,0,0,776,28338,470,3875,777,32213,California
Sacramento,2021-01-11,4350,40440,2960,27893,1390,12547,0,0,2410,28821,1939,5814,2422,34635,California
Sacramento,2021-01-12,4583,45023,3199,31092,1384,13931,0,0,2610,29463,1972,7786,2614,37249,California
Sacramento,2021-01-13,3833,48856,2212,33304,1621,15552,0,0,2417,30466,1415,9201,2418,39667,California
Sacramento,2021-01-14,4627,53483,2337,35641,2290,17842,0,0,3706,33255,917,10118,3706,43373,California
Sacramento,2021-01-15,4450,57933,2263,37904,2187,20029,0,0,3729,36264,721,10839,3730,47103,California
Sacramento,2021-01-16,2080,60013,1276,39180,804,20833,0,0,1862,37908,218,11057,1862,48965,California
Sacramento,2021-01-17,1671,61684,977,40157,694,21527,0,0,1492,39224,179,11236,1495,50460,California
Sacramento,2021-01-18,2818,64502,1722,41879,1096,22623,0,0,2243,40894,574,11810,2244,52704,California
Sacramento,2021-01-19,4972,69474,3024,44903,1948,24571,0,0,3738,43400,1234,13044,3740,56444,California
Sacramento,2021-01-20,4812,74286,2849,47752,1963,26534,0,0,3590,45772,1224,14268,3596,60040,California
Sacramento,2021-01-21,5208,79494,3003,50755,2205,28739,0,0,4239,49050,963,15231,4241,64281,California
Sacramento,2021-01-22,5006,84500,2673,53428,2333,31072,0,0,4703,53452,302,15533,4704,68985,California
Sacramento,2021-01-23,3742,88242,1563,54991,2179,33251,0,0,3282,56274,460,15993,3282,72267,California
Sacramento,2021-01-24,1615,89857,1006,55997,609,33860,0,0,1374,57408,241,16234,1375,73642,California
Sacramento,2021-01-25,4423,94280,2167,58164,2256,36116,0,0,2949,58885,1474,17708,2951,76593,California
Sacramento,2021-01-26,4733,99013,2145,60309,2588,38704,0,0,3532,61220,1199,18907,3534,80127,California
Sacramento,2021-01-27,5811,104824,3046,63355,2765,41469,0,0,4200,63814,1608,20515,4202,84329,California
Sacramento,2021-01-28,5386,110210,2729,66084,2657,44126,0,0,4284,66998,1101,21616,4285,88614,California
Sacramento,2021-01-29,5403,115613,2939,69023,2464,46590,0,0,4379,70362,1015,22631,4379,92993,California
Sacramento,2021-01-30,4508,120121,2199,71222,2309,48899,0,0,4079,74014,427,23058,4079,97072,California
Sacramento,2021-01-31,2319,122440,2025,73247,294,49193,0,0,2044,75787,273,23331,2046,99118,California
Sacramento,2021-02-01,5941,128381,3036,76283,2905,52098,0,0,4257,78364,1680,25011,4257,103375,California
Sacramento,2021-02-02,6930,135311,3760,80043,3170,55268,0,0,4800,81054,2112,27123,4802,108177,California
Sacramento,2021-02-03,7148,142459,3603,83646,3545,58813,0,0,5284,84485,1855,28978,5286,113463,California
Sacramento,2021-02-04,7756,150215,3668,87314,4088,62901,0,0,5511,87760,2236,31214,5511,118974,California
Sacramento,2021-02-05,7856,158071,4486,91800,3370,66271,0,0,4918,89766,2915,34129,4921,123895,California
Sacramento,2021-02-06,8483,166554,3487,95287,4996,71267,0,0,7127,95540,1354,35483,7128,131023,California
Sacramento,2021-02-07,4072,170626,2185,97472,1887,73154,0,0,2866,97207,1201,36684,2868,133891,California
Sacramento,2021-02-08,6233,176859,3241,100713,2992,76146,0,0,3897,98772,2332,39016,3897,137788,California
Sacramento,2021-02-09,6773,183632,3556,104269,3217,79363,0,0,3994,99997,2770,41786,3995,141783,California
Sacramento,2021-02-10,7700,191332,4210,108479,3490,82853,0,0,4542,101397,3144,44930,4544,146327,California
Sacramento,2021-02-11,9600,200932,5727,114206,3873,86726,0,0,5509,102832,4076,49006,5511,151838,California
Sacramento,2021-02-12,10684,211616,4144,118350,6540,93266,0,0,6410,105032,4213,53219,6413,158251,California
Sacramento,2021-02-13,7671,219287,2980,121330,4691,97957,0,0,6087,109539,1581,54800,6088,164339,California
Sacramento,2021-02-14,3192,222479,1957,123287,1235,99192,0,0,2100,110553,1090,55890,2104,166443,California
Sacramento,2021-02-15,5994,228473,2046,125333,3948,103140,0,0,4165,112898,1823,57713,4168,170611,California
Sacramento,2021-02-16,9237,237710,4206,129539,5031,108171,0,0,5319,114310,3911,61624,5323,175934,California
Sacramento,2021-02-17,8845,246555,4991,134530,3854,112025,0,0,5146,115770,3688,65312,5148,181082,California
Sacramento,2021-02-18,9562,256117,5723,140253,3839,115864,0,0,5708,117635,3846,69158,5711,186793,California
Sacramento,2021-02-19,10012,266129,6140,146393,3872,119736,0,0,5916,119472,4085,73243,5922,192715,California
Sacramento,2021-02-20,7758,273887,5730,152123,2028,121764,0,0,4696,121114,3056,76299,4698,197413,California
Sacramento,2021-02-21,2979,276866,2367,154490,612,122376,0,0,1043,120227,1930,78229,1043,198456,California
Sacramento,2021-02-22,6199,283065,3754,158244,2445,124821,0,0,2690,119423,3498,81727,2694,201150,California
Sacramento,2021-02-23,7157,290222,4447,162691,2710,127531,0,0,3471,119228,3670,85397,3475,204625,California
Sacramento,2021-02-24,9678,299900,5310,168001,4368,131899,0,0,5268,120106,4394,89791,5272,209897,California
Sacramento,2021-02-25,10937,310837,6239,174240,4698,136597,0,0,6411,122005,4512,94303,6411,216308,California
Sacramento,2021-02-26,13934,324771,6481,180721,7453,144050,0,0,9592,127288,4312,98615,9595,225903,California
Sacramento,2021-02-27,10842,335613,6741,187462,4098,148148,3,3,7970,132412,2849,101464,7973,233876,California
Sacramento,2021-02-28,5645,341258,2246,189708,3399,151547,0,3,2600,131982,3031,104495,2601,236477,California
Sacramento,2021-03-01,8074,349332,3489,193197,4584,156131,1,4,4365,132662,3688,108183,4368,240845,California
Sacramento,2021-03-02,9295,358627,4047,197244,5247,161378,1,5,5720,134828,3558,111741,5724,246569,California
Sacramento,2021-03-03,10968,369595,5020,202264,5945,167323,3,8,6545,136976,4402,116143,6550,253119,California
Sacramento,2021-03-04,13450,383045,6195,208459,7251,174574,4,12,7478,138524,5940,122083,7488,260607,California
Sacramento,2021-03-05,10612,393657,4903,213362,5679,180253,30,42,7053,142070,3538,125621,7084,267691,California
Sacramento,2021-03-06,8119,401776,3118,216480,4879,185132,122,164,4118,142323,3986,129607,4239,271930,California
Sacramento,2021-03-07,7608,409384,2211,218691,5308,190440,89,253,3744,142295,3859,133466,3831,275761,California
Sacramento,2021-03-08,9123,418507,4260,222951,4638,195078,225,478,5978,145363,3133,136599,6201,281962,California
Sacramento,2021-03-09,9602,428109,4563,227514,4747,199825,292,770,5526,147123,4059,140658,5819,287781,California
Sacramento,2021-03-10,11766,439875,7502,235016,3908,203733,356,1126,6878,149504,4854,145512,7235,295016,California
Sacramento,2021-03-11,15046,454921,9983,244999,4246,207979,817,1943,8939,153193,6067,151579,9756,304772,California
Sacramento,2021-03-12,18019,472940,8320,253319,8838,216817,861,2804,8853,153800,9116,160695,9723,314495,California
Sacramento,2021-03-13,12982,485922,3572,256891,8983,225800,427,3231,7879,157013,5092,165787,8305,322800,California
Sacramento,2021-03-14,8386,494308,3468,260359,4287,230087,631,3862,4466,158213,3896,169683,5096,327896,California
Sacramento,2021-03-15,12203,506511,4832,265191,6709,236796,662,4524,7090,160874,5092,174775,7753,335649,California
Sacramento,2021-03-16,14002,520513,6211,271402,7142,243938,649,5173,8645,164839,5323,180098,9288,344937,California
Sacramento,2021-03-17,13693,534206,6585,277987,6473,250411,635,5808,8830,169470,4838,184936,9469,354406,California
Sacramento,2021-03-18,15687,549893,8233,286220,6866,257277,588,6396,10120,174642,5536,190472,10708,365114,California
Sacramento,2021-03-19,15605,565498,7970,294190,6261,263538,1374,7770,8133,176701,7445,197917,9504,374618,California
Sacramento,2021-03-20,12929,578427,7546,301736,5043,268581,340,8110,8178,180499,4722,202639,8520,383138,California
Sacramento,2021-03-21,5598,584025,2753,304489,2806,271387,39,8149,4943,184840,643,203282,4984,388122,California
Sacramento,2021-03-22,9399,593424,4814,309303,3731,275118,854,9003,6299,188920,3073,206355,7153,395275,California
Sacramento,2021-03-23,11350,604774,6762,316065,3780,278898,808,9811,7319,193055,3990,210345,8125,403400,California
Sacramento,2021-03-24,11877,616651,7275,323340,3970,282868,632,10443,6758,195408,5038,215383,7391,410791,California
Sacramento,2021-03-25,14162,630813,8361,331701,4975,287843,826,11269,8576,199265,5541,220924,9398,420189,California
Sacramento,2021-03-26,18269,649082,8944,340645,8837,296680,488,11757,9234,200023,8966,229890,9724,429913,California
Sacramento,2021-03-27,9705,658787,3576,344221,5838,302518,291,12048,5218,201073,4455,234345,5505,435418,California
Sacramento,2021-03-28,6534,665321,3221,347442,3065,305583,248,12296,3122,201044,3402,237747,3373,438791,California
Sacramento,2021-03-29,11016,676337,5899,353341,4745,310328,372,12668,5210,200851,5778,243525,5585,444376,California
Sacramento,2021-03-30,11851,688188,6084,359425,5375,315703,392,13060,6030,201474,5799,249324,6422,450798,California
Sacramento,2021-03-31,13452,701640,7863,367288,5194,320897,395,13455,5687,199812,7737,257061,6075,456873,California
Sacramento,2021-04-01,17395,719035,10457,377745,6714,327611,224,13679,7347,197381,10010,267071,7579,464452,California
Sacramento,2021-04-02,17123,736158,9698,387443,6688,334299,737,14416,9023,199077,8070,275141,9766,474218,California
Sacramento,2021-04-03,10432,746590,6220,393663,3660,337959,552,14968,6418,202059,3986,279127,6968,481186,California
Sacramento,2021-04-04,3706,750296,1528,395191,1987,339946,191,15159,1458,201463,2243,281370,1647,482833,California
Sacramento,2021-04-05,12059,762355,7567,402758,3660,343606,832,15991,5402,201070,6622,287992,6229,489062,California
Sacramento,2021-04-06,15622,777977,8874,411632,5417,349023,1331,17322,6926,200665,8663,296655,8258,497320,California
Sacramento,2021-04-07,14809,792786,8018,419650,5206,354229,1585,18907,7169,201823,7605,304260,8763,506083,California
Sacramento,2021-04-08,15005,807791,6743,426393,5302,359531,2960,21867,5974,201770,8999,313259,8946,515029,California
Sacramento,2021-04-09,18223,826014,9323,435716,6709,366240,2191,24058,7407,200605,10779,324038,9614,524643,California
Sacramento,2021-04-10,12816,838830,3834,439550,7767,374007,1215,25273,5323,199661,7467,331505,6523,531166,California
Sacramento,2021-04-11,10734,849564,4329,443879,6181,380188,224,25497,3802,196779,6907,338412,4025,535191,California
Sacramento,2021-04-12,12899,862463,5016,448895,6021,386209,1862,27359,4927,195640,7913,346325,6774,541965,California
Sacramento,2021-04-13,16230,878693,9933,458828,6293,392502,4,27363,7552,194548,8652,354977,7560,549525,California
Sacramento,2021-04-14,14906,893599,7942,466770,6962,399464,2,27365,5898,191470,8980,363957,5902,555427,California
Sacramento,2021-04-15,16308,909907,8391,475161,7914,407378,3,27368,6613,188431,9657,373614,6618,562045,California
Sacramento,2021-04-16,17375,927282,9605,484766,7770,415148,0,27368,7868,186831,9470,383084,7870,569915,California
Sacramento,2021-04-17,15256,942538,6138,490904,9118,424266,0,27368,11041,193682,4195,387279,11046,580961,California
Sacramento,2021-04-18,8436,950974,3069,493973,5367,429633,0,27368,3733,192730,4686,391965,3734,584695,California
Sacramento,2021-04-19,10573,961547,5711,499684,4857,434490,5,27373,4693,191570,5859,397824,4699,589394,California
Sacramento,2021-04-20,11111,972658,6750,506434,4358,438848,3,27376,5911,192308,5180,403004,5918,595312,California
Sacramento,2021-04-21,11472,984130,6628,513062,4842,443690,2,27378,6214,193289,5236,408240,6217,601529,California
Sacramento,2021-04-22,14809,998939,9895,522957,4910,448600,4,27382,6819,192154,7960,416200,6825,608354,California
Sacramento,2021-04-23,15813,1014752,9992,532949,5821,454421,0,27382,7329,191036,8448,424648,7330,615684,California
Sacramento,2021-04-24,11320,1026072,7003,539952,4316,458737,1,27383,5936,191627,5347,429995,5938,621622,California
Sacramento,2021-04-25,7986,1034058,4484,544436,3502,462239,0,27383,4162,191978,3812,433807,4163,625785,California
Sacramento,2021-04-26,10231,1044289,6430,550866,3776,466015,25,27408,4697,191193,5507,439314,4722,630507,California
Sacramento,2021-04-27,11641,1055930,7639,558505,3881,469896,121,27529,5642,190986,5971,445285,5764,636271,California
Sacramento,2021-04-28,10028,1065958,5715,564220,4111,474007,202,27731,5377,191948,4623,449908,5585,641856,California
Sacramento,2021-04-29,10190,1076148,6814,571034,3071,477078,305,28036,5357,192812,4798,454706,5662,647518,California
Sacramento,2021-04-30,12429,1088577,7804,578838,4363,481441,262,28298,5872,192431,6515,461221,6134,653652,California
Sacramento,2021-05-01,7567,1096144,5470,584308,1923,483364,174,28472,2755,190580,4778,465999,2927,656579,California
Sacramento,2021-05-02,3830,1099974,3176,587484,546,483910,108,28580,2167,191209,1644,467643,2273,658852,California
Sacramento,2021-05-03,9096,1109070,7276,594760,1538,485448,282,28862,3944,190302,5128,472771,4221,663073,California
Sacramento,2021-05-04,9361,1118431,5690,600450,3360,488808,311,29173,3784,188861,5535,478306,4094,667167,California
Sacramento,2021-05-05,10963,1129394,5917,606367,4594,493402,452,29625,4422,187229,6501,484807,4869,672036,California
Sacramento,2021-05-06,11166,1140560,6192,612559,4672,498074,302,29927,4626,185926,6229,491036,4926,676962,California
Sacramento,2021-05-07,10599,1151159,6163,618722,4061,502135,375,30302,4471,184694,6079,497115,4847,681809,California
Sacramento,2021-05-08,8162,1159321,3816,622538,4117,506252,229,30531,2703,182197,5424,502539,2927,684736,California
Sacramento,2021-05-09,3165,1162486,1653,624191,1399,507651,113,30644,1188,181535,1963,504502,1301,686037,California
Sacramento,2021-05-10,8071,1170557,3734,627925,4070,511721,267,30911,1982,177727,6059,510561,2251,688288,California
Sacramento,2021-05-11,8066,1178623,5028,632953,2794,514515,244,31155,2778,175489,5258,515819,3020,691308,California
Sacramento,2021-05-12,8041,1186664,4767,637720,3036,517551,238,31393,2739,173194,5271,521090,2976,694284,California
Sacramento,2021-05-13,10887,1197551,6931,644651,3699,521250,257,31650,4089,170783,6763,527853,4352,698636,California
Sacramento,2021-05-14,12156,1209707,6870,651521,4998,526248,288,31938,5018,169005,7083,534936,5305,703941,California
Sacramento,2021-05-15,13057,1222764,7890,659411,5024,531272,143,32081,5796,167717,7225,542161,5937,709878,California
Sacramento,2021-05-16,7781,1230545,4064,663475,3604,534876,113,32194,2093,164260,5664,547825,2207,712085,California
Sacramento,2021-05-17,10376,1240921,6315,669790,3779,538655,282,32476,4111,162424,6235,554060,4399,716484,California
Sacramento,2021-05-18,9691,1250612,6088,675878,3394,542049,209,32685,3845,160676,5806,559866,4058,720542,California
Sacramento,2021-05-19,9762,1260374,6260,682138,3239,545288,263,32948,4631,160485,5089,564955,4898,725440,California
Sacramento,2021-05-20,8920,1269294,6079,688217,2620,547908,221,33169,3972,159776,4902,569857,4193,729633,California
Sacramento,2021-05-21,9329,1278623,6084,694301,2981,550889,264,33433,4239,159229,5058,574915,4511,734144,California
Sacramento,2021-05-22,6257,1284880,3986,698287,2138,553027,133,33566,3148,159418,3091,578006,3280,737424,California
Sacramento,2021-05-23,3322,1288202,2464,700751,785,553812,73,33639,1737,159658,1569,579575,1809,739233,California
Sacramento,2021-05-24,7562,1295764,4532,705283,2722,556534,308,33947,2470,157389,5045,584620,2776,742009,California
Sacramento,2021-05-25,6565,1302329,3813,709096,2464,558998,288,34235,2420,155975,4120,588740,2706,744715,California
Sacramento,2021-05-26,8321,1310650,4614,713710,3403,562401,304,34539,2999,154000,5275,594015,3300,748015,California
Sacramento,2021-05-27,6498,1317148,3550,717260,2720,565121,228,34767,3021,153805,3441,597456,3246,751261,California
Sacramento,2021-05-28,8056,1325204,4482,721742,3208,568329,366,35133,3394,152928,4633,602089,3756,755017,California
Sacramento,2021-05-29,2184,1327388,1481,723223,611,568940,92,35225,900,152644,1274,603363,990,756007,California
San Benito,2020-12-16,30,30,30,30,0,0,0,0,30,30,0,0,30,30,California
San Benito,2020-12-17,38,68,38,68,0,0,0,0,38,68,0,0,38,68,California
San Benito,2020-12-18,72,140,72,140,0,0,0,0,72,140,0,0,72,140,California
San Benito,2020-12-19,47,187,47,187,0,0,0,0,47,187,0,0,47,187,California
San Benito,2020-12-20,23,210,23,210,0,0,0,0,23,210,0,0,23,210,California
San Benito,2020-12-21,76,286,76,286,0,0,0,0,76,286,0,0,76,286,California
San Benito,2020-12-22,100,386,100,386,0,0,0,0,100,386,0,0,100,386,California
San Benito,2020-12-23,85,471,73,459,12,12,0,0,85,471,0,0,85,471,California
San Benito,2020-12-24,13,484,5,464,8,20,0,0,13,484,0,0,13,484,California
San Benito,2020-12-25,4,488,4,468,0,20,0,0,4,488,0,0,4,488,California
San Benito,2020-12-26,13,501,4,472,9,29,0,0,13,501,0,0,13,501,California
San Benito,2020-12-27,8,509,7,479,1,30,0,0,8,509,0,0,8,509,California
San Benito,2020-12-28,65,574,36,515,29,59,0,0,65,574,0,0,65,574,California
San Benito,2020-12-29,50,624,21,536,29,88,0,0,50,624,0,0,50,624,California
San Benito,2020-12-30,59,683,37,573,22,110,0,0,59,683,0,0,59,683,California
San Benito,2020-12-31,19,702,2,575,17,127,0,0,19,702,0,0,19,702,California
San Benito,2021-01-02,25,727,24,599,1,128,0,0,25,727,0,0,25,727,California
San Benito,2021-01-03,3,730,1,600,2,130,0,0,3,730,0,0,3,730,California
San Benito,2021-01-04,62,792,23,623,39,169,0,0,62,792,0,0,62,792,California
San Benito,2021-01-05,119,911,37,660,82,251,0,0,116,905,3,3,116,908,California
San Benito,2021-01-06,100,1011,43,703,57,308,0,0,85,975,15,18,85,993,California
San Benito,2021-01-07,97,1108,60,763,37,345,0,0,52,982,45,63,52,1045,California
San Benito,2021-01-08,173,1281,88,851,85,430,0,0,108,1025,65,128,108,1153,California
San Benito,2021-01-09,43,1324,30,881,13,443,0,0,30,1042,13,141,30,1183,California
San Benito,2021-01-10,16,1340,14,895,2,445,0,0,5,1036,11,152,5,1188,California
San Benito,2021-01-11,169,1509,107,1002,62,507,0,0,69,1005,100,252,69,1257,California
San Benito,2021-01-12,158,1667,55,1057,103,610,0,0,120,1087,38,290,120,1377,California
San Benito,2021-01-13,216,1883,60,1117,156,766,0,0,172,1215,44,334,172,1549,California
San Benito,2021-01-14,116,1999,23,1140,93,859,0,0,98,1295,18,352,98,1647,California
San Benito,2021-01-15,216,2215,21,1161,195,1054,0,0,202,1483,14,366,202,1849,California
San Benito,2021-01-16,27,2242,9,1170,18,1072,0,0,21,1498,6,372,21,1870,California
San Benito,2021-01-17,11,2253,5,1175,6,1078,0,0,8,1503,3,375,8,1878,California
San Benito,2021-01-18,36,2289,23,1198,13,1091,0,0,21,1509,15,390,21,1899,California
San Benito,2021-01-19,152,2441,65,1263,87,1178,0,0,125,1607,27,417,125,2024,California
San Benito,2021-01-20,275,2716,94,1357,181,1359,0,0,229,1791,45,462,229,2253,California
San Benito,2021-01-21,125,2841,32,1389,93,1452,0,0,100,1866,25,487,100,2353,California
San Benito,2021-01-22,233,3074,19,1408,214,1666,0,0,223,2079,10,497,223,2576,California
San Benito,2021-01-23,31,3105,17,1425,14,1680,0,0,13,2074,18,515,13,2589,California
San Benito,2021-01-24,11,3116,3,1428,8,1688,0,0,7,2077,4,519,7,2596,California
San Benito,2021-01-25,67,3183,25,1453,42,1730,0,0,20,2050,47,566,20,2616,California
San Benito,2021-01-26,138,3321,41,1494,97,1827,0,0,85,2082,53,619,85,2701,California
San Benito,2021-01-27,229,3550,69,1563,160,1987,0,0,189,2231,40,659,189,2890,California
San Benito,2021-01-28,155,3705,32,1595,123,2110,0,0,123,2323,31,690,123,3013,California
San Benito,2021-01-29,289,3994,31,1626,258,2368,0,0,266,2567,22,712,266,3279,California
San Benito,2021-01-30,50,4044,32,1658,18,2386,0,0,27,2571,23,735,27,3306,California
San Benito,2021-01-31,16,4060,5,1663,11,2397,0,0,11,2577,5,740,11,3317,California
San Benito,2021-02-01,133,4193,28,1691,105,2502,0,0,89,2622,44,784,89,3406,California
San Benito,2021-02-02,227,4420,49,1740,178,2680,0,0,137,2669,90,874,137,3543,California
San Benito,2021-02-03,340,4760,42,1782,298,2978,0,0,274,2877,66,940,274,3817,California
San Benito,2021-02-04,164,4924,24,1806,140,3118,0,0,120,2953,44,984,120,3937,California
San Benito,2021-02-05,292,5216,40,1846,252,3370,0,0,229,3119,63,1047,229,4166,California
San Benito,2021-02-06,48,5264,8,1854,40,3410,0,0,31,3133,17,1064,31,4197,California
San Benito,2021-02-07,16,5280,8,1862,8,3418,0,0,15,3147,1,1065,15,4212,California
San Benito,2021-02-08,139,5419,16,1878,123,3541,0,0,93,3194,46,1111,93,4305,California
San Benito,2021-02-09,326,5745,63,1941,263,3804,0,0,194,3256,132,1243,194,4499,California
San Benito,2021-02-10,322,6067,89,2030,233,4037,0,0,113,3161,208,1451,113,4612,California
San Benito,2021-02-11,299,6366,33,2063,266,4303,0,0,201,3264,98,1549,201,4813,California
San Benito,2021-02-12,414,6780,31,2094,383,4686,0,0,208,3267,205,1754,208,5021,California
San Benito,2021-02-13,56,6836,7,2101,49,4735,0,0,43,3297,13,1767,43,5064,California
San Benito,2021-02-14,41,6877,5,2106,36,4771,0,0,31,3318,10,1777,31,5095,California
San Benito,2021-02-15,106,6983,10,2116,96,4867,0,0,95,3402,11,1788,95,5190,California
San Benito,2021-02-16,207,7190,11,2127,196,5063,0,0,102,3399,105,1893,102,5292,California
San Benito,2021-02-17,328,7518,29,2156,299,5362,0,0,279,3629,49,1942,279,5571,California
San Benito,2021-02-18,293,7811,37,2193,256,5618,0,0,71,3478,222,2164,71,5642,California
San Benito,2021-02-19,346,8157,47,2240,299,5917,0,0,180,3492,166,2330,180,5822,California
San Benito,2021-02-20,45,8202,26,2266,19,5936,0,0,36,3519,9,2339,36,5858,California
San Benito,2021-02-21,24,8226,8,2274,16,5952,0,0,14,3523,10,2349,14,5872,California
San Benito,2021-02-22,135,8361,36,2310,99,6051,0,0,101,3591,33,2382,101,5973,California
San Benito,2021-02-23,379,8740,94,2404,285,6336,0,0,263,3738,116,2498,263,6236,California
San Benito,2021-02-24,378,9118,65,2469,313,6649,0,0,239,3838,139,2637,239,6475,California
San Benito,2021-02-25,394,9512,64,2533,330,6979,0,0,273,3988,123,2760,273,6748,California
San Benito,2021-02-26,646,10158,72,2605,574,7553,0,0,399,4140,247,3007,399,7147,California
San Benito,2021-02-27,100,10258,39,2644,61,7614,0,0,86,4212,14,3021,86,7233,California
San Benito,2021-02-28,247,10505,23,2667,224,7838,0,0,238,4441,9,3030,238,7471,California
San Benito,2021-03-01,226,10731,58,2725,168,8006,0,0,156,4526,71,3101,156,7627,California
San Benito,2021-03-02,279,11010,93,2818,186,8192,0,0,209,4665,70,3171,209,7836,California
San Benito,2021-03-03,402,11412,59,2877,343,8535,0,0,224,4713,176,3347,224,8060,California
San Benito,2021-03-04,616,12028,127,3004,474,9009,15,15,431,4963,185,3532,435,8495,California
San Benito,2021-03-05,586,12614,306,3310,268,9277,12,27,375,5141,209,3741,387,8882,California
San Benito,2021-03-06,194,12808,70,3380,110,9387,14,41,142,5245,52,3793,156,9038,California
San Benito,2021-03-07,649,13457,605,3985,22,9409,22,63,617,5852,32,3825,639,9677,California
San Benito,2021-03-08,289,13746,67,4052,176,9585,46,109,167,5943,122,3947,213,9890,California
San Benito,2021-03-09,426,14172,84,4136,243,9828,99,208,139,5868,286,4233,211,10101,California
San Benito,2021-03-10,404,14576,113,4249,194,10022,97,305,231,6023,173,4406,328,10429,California
San Benito,2021-03-11,472,15048,120,4369,198,10220,154,459,208,6121,264,4670,362,10791,California
San Benito,2021-03-12,516,15564,119,4488,303,10523,94,553,231,6164,283,4953,326,11117,California
San Benito,2021-03-13,203,15767,102,4590,83,10606,18,571,129,6240,71,5024,147,11264,California
San Benito,2021-03-14,232,15999,40,4630,172,10778,20,591,179,6387,52,5076,199,11463,California
San Benito,2021-03-15,324,16323,100,4730,205,10983,19,610,190,6462,134,5210,209,11672,California
San Benito,2021-03-16,500,16823,220,4950,249,11232,31,641,351,6694,149,5359,381,12053,California
San Benito,2021-03-17,791,17614,477,5427,292,11524,22,663,561,7043,226,5585,575,12628,California
San Benito,2021-03-18,790,18404,527,5954,207,11731,56,719,573,7448,215,5800,620,13248,California
San Benito,2021-03-19,781,19185,404,6358,354,12085,23,742,580,7850,201,6001,603,13851,California
San Benito,2021-03-20,247,19432,152,6510,83,12168,12,754,188,7991,59,6060,200,14051,California
San Benito,2021-03-21,109,19541,56,6566,48,12216,5,759,82,8051,27,6087,87,14138,California
San Benito,2021-03-22,351,19892,171,6737,155,12371,25,784,224,8173,127,6214,249,14387,California
San Benito,2021-03-23,480,20372,202,6939,268,12639,10,794,218,8138,262,6476,227,14614,California
San Benito,2021-03-24,575,20947,305,7244,263,12902,7,801,361,8293,213,6689,368,14982,California
San Benito,2021-03-25,743,21690,441,7685,298,13200,4,805,441,8440,298,6987,445,15427,California
San Benito,2021-03-26,1020,22710,518,8203,498,13698,4,809,339,8103,680,7667,343,15770,California
San Benito,2021-03-27,336,23046,187,8390,116,13814,33,842,215,8232,120,7787,249,16019,California
San Benito,2021-03-28,732,23778,608,8998,119,13933,5,847,128,7761,604,8391,133,16152,California
San Benito,2021-03-29,344,24122,109,9107,215,14148,20,867,148,7732,196,8587,167,16319,California
San Benito,2021-03-30,577,24699,273,9380,210,14358,94,961,292,7833,285,8872,386,16705,California
San Benito,2021-03-31,596,25295,366,9746,206,14564,24,985,342,7948,251,9123,366,17071,California
San Benito,2021-04-01,947,26242,383,10129,526,15090,38,1023,567,8169,379,9502,600,17671,California
San Benito,2021-04-02,542,26784,263,10392,144,15234,135,1158,267,8297,275,9777,403,18074,California
San Benito,2021-04-03,255,27039,88,10480,104,15338,63,1221,75,8255,180,9957,138,18212,California
San Benito,2021-04-04,143,27182,108,10588,30,15368,5,1226,106,8329,37,9994,111,18323,California
San Benito,2021-04-05,352,27534,170,10758,140,15508,42,1268,143,8304,209,10203,184,18507,California
San Benito,2021-04-06,471,28005,164,10922,128,15636,179,1447,160,8332,311,10514,339,18846,California
San Benito,2021-04-07,946,28951,530,11452,227,15863,189,1636,268,8116,676,11190,460,19306,California
San Benito,2021-04-08,862,29813,432,11884,178,16041,252,1888,227,7961,634,11824,479,19785,California
San Benito,2021-04-09,840,30653,498,12382,252,16293,90,1978,290,7793,550,12374,382,20167,California
San Benito,2021-04-10,337,30990,202,12584,77,16370,58,2036,189,7892,148,12522,247,20414,California
San Benito,2021-04-11,473,31463,269,12853,170,16540,34,2070,263,7962,210,12732,280,20694,California
San Benito,2021-04-12,530,31993,285,13138,133,16673,112,2182,278,8097,251,12983,386,21080,California
San Benito,2021-04-13,754,32747,292,13430,439,17112,23,2205,522,8412,231,13214,546,21626,California
San Benito,2021-04-14,832,33579,654,14084,178,17290,0,2205,395,8375,432,13646,395,22021,California
San Benito,2021-04-15,941,34520,733,14817,207,17497,1,2206,469,8374,471,14117,470,22491,California
San Benito,2021-04-16,704,35224,368,15185,327,17824,9,2215,296,8275,405,14522,306,22797,California
San Benito,2021-04-17,321,35545,226,15411,95,17919,0,2215,130,8212,193,14715,130,22927,California
San Benito,2021-04-18,491,36036,410,15821,81,18000,0,2215,235,8194,255,14970,237,23164,California
San Benito,2021-04-19,736,36772,590,16411,146,18146,0,2215,416,8292,319,15289,417,23581,California
San Benito,2021-04-20,768,37540,398,16809,368,18514,2,2217,486,8502,277,15566,487,24068,California
San Benito,2021-04-21,953,38493,702,17511,251,18765,0,2217,513,8589,426,15992,513,24581,California
San Benito,2021-04-22,896,39389,691,18202,205,18970,0,2217,565,8831,323,16315,565,25146,California
San Benito,2021-04-23,635,40024,397,18599,237,19207,1,2218,342,8929,244,16559,342,25488,California
San Benito,2021-04-24,359,40383,203,18802,156,19363,0,2218,168,8945,152,16711,168,25656,California
San Benito,2021-04-25,205,40588,127,18929,78,19441,0,2218,95,8948,92,16803,95,25751,California
San Benito,2021-04-26,479,41067,383,19312,96,19537,0,2218,253,9035,166,16969,253,26004,California
San Benito,2021-04-27,538,41605,277,19589,254,19791,7,2225,402,9319,125,17094,409,26413,California
San Benito,2021-04-28,541,42146,384,19973,148,19939,9,2234,379,9549,157,17251,387,26800,California
San Benito,2021-04-29,628,42774,231,20204,387,20326,10,2244,249,9446,379,17630,276,27076,California
San Benito,2021-04-30,376,43150,208,20412,161,20487,7,2251,202,9483,172,17802,209,27285,California
San Benito,2021-05-01,196,43346,143,20555,45,20532,8,2259,66,9429,128,17930,74,27359,California
San Benito,2021-05-02,189,43535,161,20716,24,20556,4,2263,58,9360,131,18061,62,27421,California
San Benito,2021-05-03,355,43890,281,20997,65,20621,9,2272,85,9186,270,18331,96,27517,California
San Benito,2021-05-04,403,44293,243,21240,152,20773,8,2280,148,9088,253,18584,155,27672,California
San Benito,2021-05-05,600,44893,422,21662,162,20935,16,2296,209,8924,389,18973,225,27897,California
San Benito,2021-05-06,611,45504,484,22146,112,21047,15,2311,221,8774,386,19359,236,28133,California
San Benito,2021-05-07,446,45950,283,22429,153,21200,10,2321,171,8685,273,19632,184,28317,California
San Benito,2021-05-08,276,46226,225,22654,46,21246,5,2326,158,8730,118,19750,163,28480,California
San Benito,2021-05-09,101,46327,76,22730,22,21268,3,2329,48,8729,52,19802,51,28531,California
San Benito,2021-05-10,410,46737,323,23053,63,21331,24,2353,51,8446,359,20161,76,28607,California
San Benito,2021-05-11,806,47543,401,23454,392,21723,13,2366,177,8010,627,20788,191,28798,California
San Benito,2021-05-12,482,48025,386,23840,84,21807,12,2378,111,7765,369,21157,124,28922,California
San Benito,2021-05-13,660,48685,564,24404,86,21893,10,2388,166,7449,491,21648,175,29097,California
San Benito,2021-05-14,595,49280,439,24843,149,22042,7,2395,230,7322,364,22012,237,29334,California
San Benito,2021-05-15,229,49509,172,25015,50,22092,7,2402,127,7354,102,22114,134,29468,California
San Benito,2021-05-16,160,49669,132,25147,26,22118,2,2404,91,7378,69,22183,93,29561,California
San Benito,2021-05-17,377,50046,307,25454,61,22179,9,2413,175,7361,201,22384,184,29745,California
San Benito,2021-05-18,664,50710,345,25799,314,22493,5,2418,207,7117,457,22841,213,29958,California
San Benito,2021-05-19,565,51275,415,26214,142,22635,8,2426,234,7029,330,23171,242,30200,California
San Benito,2021-05-20,563,51838,454,26668,98,22733,11,2437,309,7096,253,23424,320,30520,California
San Benito,2021-05-21,433,52271,257,26925,162,22895,14,2451,201,7081,231,23655,216,30736,California
San Benito,2021-05-22,273,52544,214,27139,55,22950,4,2455,176,7166,96,23751,181,30917,California
San Benito,2021-05-23,68,52612,46,27185,17,22967,5,2460,24,7150,44,23795,28,30945,California
San Benito,2021-05-24,279,52891,236,27421,39,23006,4,2464,172,7219,107,23902,176,31121,California
San Benito,2021-05-25,518,53409,232,27653,279,23285,7,2471,166,7042,350,24252,173,31294,California
San Benito,2021-05-26,273,53682,175,27828,92,23377,6,2477,110,6995,162,24414,115,31409,California
San Benito,2021-05-27,398,54080,302,28130,71,23448,25,2502,147,6920,250,24664,175,31584,California
San Benito,2021-05-28,270,54350,163,28293,101,23549,6,2508,101,6859,168,24832,107,31691,California
San Benito,2021-05-29,19,54369,6,28299,11,23560,2,2510,5,6852,14,24846,7,31698,California
San Bernardino,2020-12-15,13,13,13,13,0,0,0,0,13,13,0,0,13,13,California
San Bernardino,2020-12-16,113,126,113,126,0,0,0,0,113,126,0,0,113,126,California
San Bernardino,2020-12-17,2369,2495,2369,2495,0,0,0,0,2369,2495,0,0,2369,2495,California
San Bernardino,2020-12-18,3150,5645,3147,5642,3,3,0,0,3151,5646,0,0,3151,5646,California
San Bernardino,2020-12-19,1070,6715,1069,6711,1,4,0,0,1071,6717,0,0,1071,6717,California
San Bernardino,2020-12-20,1178,7893,1175,7886,3,7,0,0,1178,7895,0,0,1178,7895,California
San Bernardino,2020-12-21,2457,10350,2452,10338,5,12,0,0,2457,10352,0,0,2457,10352,California
San Bernardino,2020-12-22,2278,12628,2149,12487,129,141,0,0,2279,12631,0,0,2279,12631,California
San Bernardino,2020-12-23,2669,15297,1464,13951,1205,1346,0,0,2667,15298,0,0,2667,15298,California
San Bernardino,2020-12-24,1163,16460,583,14534,580,1926,0,0,1165,16463,0,0,1165,16463,California
San Bernardino,2020-12-25,75,16535,14,14548,61,1987,0,0,75,16538,0,0,75,16538,California
San Bernardino,2020-12-26,462,16997,254,14802,208,2195,0,0,462,17000,0,0,462,17000,California
San Bernardino,2020-12-27,348,17345,162,14964,186,2381,0,0,348,17348,0,0,348,17348,California
San Bernardino,2020-12-28,1572,18917,712,15676,860,3241,0,0,1573,18921,0,0,1573,18921,California
San Bernardino,2020-12-29,2213,21130,1042,16718,1171,4412,0,0,2213,21134,0,0,2213,21134,California
San Bernardino,2020-12-30,2894,24024,1458,18176,1436,5848,0,0,2895,24029,0,0,2895,24029,California
San Bernardino,2020-12-31,1359,25383,439,18615,920,6768,0,0,1357,25386,0,0,1357,25386,California
San Bernardino,2021-01-01,284,25667,151,18766,133,6901,0,0,283,25669,0,0,283,25669,California
San Bernardino,2021-01-02,477,26144,340,19106,137,7038,0,0,477,26146,0,0,477,26146,California
San Bernardino,2021-01-03,136,26280,88,19194,48,7086,0,0,136,26282,0,0,136,26282,California
San Bernardino,2021-01-04,2125,28405,1287,20481,838,7924,0,0,2124,28406,0,0,2124,28406,California
San Bernardino,2021-01-05,2334,30739,1463,21944,871,8795,0,0,2224,30521,109,109,2224,30630,California
San Bernardino,2021-01-06,3437,34176,2350,24294,1087,9882,0,0,2939,32969,492,601,2940,33570,California
San Bernardino,2021-01-07,5418,39594,4506,28800,912,10794,0,0,2468,32506,2931,3532,2468,36038,California
San Bernardino,2021-01-08,5368,44962,4448,33248,920,11714,0,0,2288,31719,3076,6608,2289,38327,California
San Bernardino,2021-01-09,1403,46365,1100,34348,303,12017,0,0,905,32126,498,7106,905,39232,California
San Bernardino,2021-01-10,1026,47391,610,34958,416,12433,0,0,577,32254,449,7555,577,39809,California
San Bernardino,2021-01-11,4985,52376,4077,39035,908,13341,0,0,2768,32809,2213,9768,2768,42577,California
San Bernardino,2021-01-12,4227,56603,3211,42246,1016,14357,0,0,2512,33607,1714,11482,2512,45089,California
San Bernardino,2021-01-13,4571,61174,2849,45095,1722,16079,0,0,3349,35747,1210,12692,3350,48439,California
San Bernardino,2021-01-14,4817,65991,2840,47935,1977,18056,0,0,4236,39406,577,13269,4236,52675,California
San Bernardino,2021-01-15,5967,71958,2954,50889,3013,21069,0,0,5569,44590,388,13657,5572,58247,California
San Bernardino,2021-01-16,2255,74213,1287,52176,968,22037,0,0,2113,46561,142,13799,2113,60360,California
San Bernardino,2021-01-17,1184,75397,508,52684,676,22713,0,0,1101,47582,82,13881,1103,61463,California
San Bernardino,2021-01-18,4268,79665,2637,55321,1631,24344,0,0,3644,50606,623,14504,3647,65110,California
San Bernardino,2021-01-19,6319,85984,3706,59027,2613,26957,0,0,5233,54757,1084,15588,5235,70345,California
San Bernardino,2021-01-20,6844,92828,3768,62795,3076,30033,0,0,4895,57713,1941,17529,4897,75242,California
San Bernardino,2021-01-21,5989,98817,3079,65874,2910,32943,0,0,4870,61476,1110,18639,4873,80115,California
San Bernardino,2021-01-22,6529,105346,3052,68926,3477,36420,0,0,5804,66558,723,19362,5805,85920,California
San Bernardino,2021-01-23,3120,108466,1896,70822,1224,37644,0,0,2729,68897,390,19752,2729,88649,California
San Bernardino,2021-01-24,1195,109661,461,71283,734,38378,0,0,1094,69890,101,19853,1094,89743,California
San Bernardino,2021-01-25,6890,116551,3407,74690,3483,41861,0,0,5052,73110,1835,21688,5055,94798,California
San Bernardino,2021-01-26,7077,123628,3534,78224,3543,45404,0,0,4978,75991,2098,23786,4979,99777,California
San Bernardino,2021-01-27,8517,132145,4143,82367,4374,49778,0,0,5718,78918,2791,26577,5718,105495,California
San Bernardino,2021-01-28,8595,140740,4078,86445,4517,54295,0,0,6273,82874,2317,28894,6273,111768,California
San Bernardino,2021-01-29,8198,148938,3771,90216,4427,58722,0,0,6223,87137,1961,30855,6224,117992,California
San Bernardino,2021-01-30,3094,152032,1900,92116,1194,59916,0,0,2805,89654,288,31143,2805,120797,California
San Bernardino,2021-01-31,925,152957,493,92609,432,60348,0,0,871,90472,53,31196,871,121668,California
San Bernardino,2021-02-01,7580,160537,4252,96861,3328,63676,0,0,4948,92792,2629,33825,4949,126617,California
San Bernardino,2021-02-02,10448,170985,3656,100517,6792,70468,0,0,8389,99127,2055,35880,8390,135007,California
San Bernardino,2021-02-03,9007,179992,4148,104665,4859,75327,0,0,6506,103141,2493,38373,6507,141514,California
San Bernardino,2021-02-04,10524,190516,5186,109851,5338,80665,0,0,7423,107474,3090,41463,7423,148937,California
San Bernardino,2021-02-05,11010,201526,5908,115759,5102,85767,0,0,7489,111454,3510,44973,7490,156427,California
San Bernardino,2021-02-06,5265,206791,2213,117972,3052,88819,0,0,3635,113486,1606,46579,3638,160065,California
San Bernardino,2021-02-07,843,207634,489,118461,354,89173,0,0,468,113583,372,46951,469,160534,California
San Bernardino,2021-02-08,7282,214916,3882,122343,3400,92573,0,0,5614,117531,1666,48617,5614,166148,California
San Bernardino,2021-02-09,10142,225058,5906,128249,4236,96809,0,0,6844,121082,3296,51913,6847,172995,California
San Bernardino,2021-02-10,12084,237142,6453,134702,5631,102440,0,0,7964,124938,4109,56022,7965,180960,California
San Bernardino,2021-02-11,12447,249589,7139,141841,5308,107748,0,0,7936,128389,4488,60510,7939,188899,California
San Bernardino,2021-02-12,10427,260016,5945,147786,4482,112230,0,0,5689,129357,4721,65231,5689,194588,California
San Bernardino,2021-02-13,6049,266065,4021,151807,2028,114258,0,0,3809,130947,2224,67455,3814,198402,California
San Bernardino,2021-02-14,1552,267617,649,152456,903,115161,0,0,873,131148,672,68127,873,199275,California
San Bernardino,2021-02-15,5477,273094,2995,155451,2482,117643,0,0,3061,131807,2402,70529,3061,202336,California
San Bernardino,2021-02-16,12625,285719,7381,162832,5244,122887,0,0,7972,135139,4641,75170,7973,210309,California
San Bernardino,2021-02-17,11812,297531,6463,169295,5349,128236,0,0,7147,137640,4648,79818,7149,217458,California
San Bernardino,2021-02-18,12488,310019,7584,176879,4904,133140,0,0,7702,140571,4772,84590,7703,225161,California
San Bernardino,2021-02-19,11531,321550,5933,182812,5598,138738,0,0,6815,142690,4696,89286,6815,231976,California
San Bernardino,2021-02-20,4523,326073,3470,186282,1053,139791,0,0,2041,142255,2478,91764,2043,234019,California
San Bernardino,2021-02-21,1131,327204,673,186955,458,140249,0,0,392,141910,739,92503,394,234413,California
San Bernardino,2021-02-22,8675,335879,5343,192298,3332,143581,0,0,4043,141334,4621,97124,4045,238458,California
San Bernardino,2021-02-23,9131,345010,5449,197747,3682,147263,0,0,4597,141422,4509,101633,4597,243055,California
San Bernardino,2021-02-24,12450,357460,7177,204924,5273,152536,0,0,6150,141293,6280,107913,6151,249206,California
San Bernardino,2021-02-25,13080,370540,6281,211205,6799,159335,0,0,7612,143457,5451,113364,7615,256821,California
San Bernardino,2021-02-26,13617,384157,6381,217586,7236,166571,0,0,7582,145068,5973,119337,7584,264405,California
San Bernardino,2021-02-27,6667,390824,3726,221312,2940,169511,1,1,4813,148037,1845,121182,4814,269219,California
San Bernardino,2021-02-28,1765,392589,732,222044,1033,170544,0,1,1137,148551,623,121805,1137,270356,California
San Bernardino,2021-03-01,8453,401042,4359,226403,4091,174635,3,4,3838,147807,4593,126398,3849,274205,California
San Bernardino,2021-03-02,13857,414899,5539,231942,8318,182953,0,4,6547,147077,7280,133678,6550,280755,California
San Bernardino,2021-03-03,12886,427785,6529,238471,6354,189307,3,7,6020,146262,6845,140523,6030,286785,California
San Bernardino,2021-03-04,13765,441550,6913,245384,6852,196159,0,7,5981,144484,7763,148286,5985,292770,California
San Bernardino,2021-03-05,14415,455965,7540,252924,6874,203033,1,8,7042,144204,7341,155627,7061,299831,California
San Bernardino,2021-03-06,9718,465683,5456,258380,4047,207080,215,223,4546,143808,5155,160782,4759,304590,California
San Bernardino,2021-03-07,1651,467334,1002,259382,592,207672,57,280,1048,144312,601,161383,1105,305695,California
San Bernardino,2021-03-08,8077,475411,3575,262957,4343,212015,159,439,3593,143591,4476,165859,3755,309450,California
San Bernardino,2021-03-09,13077,488488,7486,270443,5347,217362,244,683,5273,141319,7790,173649,5518,314968,California
San Bernardino,2021-03-10,14209,502697,7848,278291,5805,223167,556,1239,6359,140413,7824,181473,6918,321886,California
San Bernardino,2021-03-11,15622,518319,7240,285531,6793,229960,1589,2828,7395,141186,8206,189679,8979,330865,California
San Bernardino,2021-03-12,15515,533834,6893,292424,6574,236534,2048,4876,7350,142499,8135,197814,9448,340313,California
San Bernardino,2021-03-13,8386,542220,4581,297005,3293,239827,512,5388,4977,144598,3398,201212,5497,345810,California
San Bernardino,2021-03-14,3283,545503,1660,298665,1042,240869,581,5969,1832,145561,1444,202656,2407,348217,California
San Bernardino,2021-03-15,11390,556893,5372,304037,3984,244853,2034,8003,5580,147371,5796,208452,7606,355823,California
San Bernardino,2021-03-16,16224,573117,8033,312070,7245,252098,946,8949,9918,151951,6280,214732,10860,366683,California
San Bernardino,2021-03-17,17384,590501,8645,320715,7990,260088,749,9698,10539,156414,6826,221558,11289,377972,California
San Bernardino,2021-03-18,16627,607128,8230,328945,8010,268098,387,10085,9849,159896,6752,228310,10234,388206,California
San Bernardino,2021-03-19,16975,624103,8426,337371,7960,276058,589,10674,9753,163093,7197,235507,10394,398600,California
San Bernardino,2021-03-20,9444,633547,5961,343332,2893,278951,590,11264,5588,165436,3831,239338,6174,404774,California
San Bernardino,2021-03-21,2794,636341,2274,345606,470,279421,50,11314,2250,167205,531,239869,2300,407074,California
San Bernardino,2021-03-22,9625,645966,4527,350133,4660,284081,438,11752,6972,171983,2632,242501,7410,414484,California
San Bernardino,2021-03-23,15500,661466,8799,358932,6082,290163,619,12371,9596,176314,5883,248384,10214,424698,California
San Bernardino,2021-03-24,15169,676635,7841,366773,7023,297186,305,12676,10077,181640,5057,253441,10383,435081,California
San Bernardino,2021-03-25,17039,693674,8366,375139,8373,305559,300,12976,10798,186543,6191,259632,11094,446175,California
San Bernardino,2021-03-26,18210,711884,8685,383824,8754,314313,771,13747,10898,190931,7282,266914,11670,457845,California
San Bernardino,2021-03-27,10853,722737,7015,390839,3086,317399,752,14499,6192,193233,4641,271555,6943,464788,California
San Bernardino,2021-03-28,3620,726357,2550,393389,957,318356,113,14612,2510,194754,1101,272656,2622,467410,California
San Bernardino,2021-03-29,11777,738134,6121,399510,5257,323613,399,15011,7961,199316,3798,276454,8360,475770,California
San Bernardino,2021-03-30,16996,755130,9486,408996,6793,330406,717,15728,10537,204139,6422,282876,11245,487015,California
San Bernardino,2021-03-31,16604,771734,9339,418335,6627,337033,638,16366,10928,210059,5647,288523,11567,498582,California
San Bernardino,2021-04-01,19790,791524,10458,428793,7918,344951,1414,17780,12740,217197,7008,295531,14146,512728,California
San Bernardino,2021-04-02,18914,810438,9538,438331,8082,353033,1294,19074,11428,222505,7457,302988,12765,525493,California
San Bernardino,2021-04-03,11165,821603,6985,445316,3041,356074,1139,20213,6068,224629,5079,308067,7203,532696,California
San Bernardino,2021-04-04,2499,824102,1505,446821,745,356819,249,20462,1260,224905,1233,309300,1509,534205,California
San Bernardino,2021-04-05,11787,835889,5295,452116,4757,361576,1735,22197,6015,226899,5752,315052,7746,541951,California
San Bernardino,2021-04-06,19749,855638,11119,463235,6516,368092,2114,24311,10438,230189,9266,324318,12556,554507,California
San Bernardino,2021-04-07,20959,876597,11212,474447,7269,375361,2478,26789,11442,234623,9488,333806,13922,568429,California
San Bernardino,2021-04-08,21895,898492,11211,485658,8079,383440,2605,29394,12047,239500,9823,343629,14700,583129,California
San Bernardino,2021-04-09,21763,920255,11079,496737,8123,391563,2561,31955,11849,244057,9880,353509,14437,597566,California
San Bernardino,2021-04-10,15665,935920,8115,504852,3827,395390,3723,35678,7752,247648,7893,361402,11484,609050,California
San Bernardino,2021-04-11,4419,940339,2576,507428,885,396275,958,36636,2024,248237,2389,363791,2978,612028,California
San Bernardino,2021-04-12,13385,953724,6185,513613,5544,401819,1656,38292,6321,249166,7043,370834,7972,620000,California
San Bernardino,2021-04-13,19229,972953,10948,524561,8262,410081,19,38311,10998,251979,8205,379039,11018,631018,California
San Bernardino,2021-04-14,19198,992151,10262,534823,8933,419014,3,38314,10836,254490,8330,387369,10841,641859,California
San Bernardino,2021-04-15,20256,1012407,11318,546141,8932,427946,6,38320,10741,255759,9478,396847,10747,652606,California
San Bernardino,2021-04-16,18575,1030982,10538,556679,8036,435982,1,38321,9124,255476,9407,406254,9124,661730,California
San Bernardino,2021-04-17,11920,1042902,7846,564525,4074,440056,0,38321,6229,256047,5658,411912,6229,667959,California
San Bernardino,2021-04-18,2885,1045787,1980,566505,905,440961,0,38321,1265,255704,1608,413520,1265,669224,California
San Bernardino,2021-04-19,12532,1058319,6681,573186,5851,446812,0,38321,4860,252918,7650,421170,4864,674088,California
San Bernardino,2021-04-20,17603,1075922,9813,582999,7787,454599,3,38324,8039,251423,9538,430708,8043,682131,California
San Bernardino,2021-04-21,18089,1094011,10322,593321,7764,462363,3,38327,7916,249228,10114,440822,7919,690050,California
San Bernardino,2021-04-22,19184,1113195,10966,604287,8214,470577,4,38331,7793,245690,11335,452157,7797,697847,California
San Bernardino,2021-04-23,18469,1131664,10569,614856,7899,478476,1,38332,8048,243366,10375,462532,8051,705898,California
San Bernardino,2021-04-24,12824,1144488,9476,624332,3346,481822,2,38334,6890,244339,5919,468451,6892,712790,California
San Bernardino,2021-04-25,3394,1147882,2223,626555,1171,482993,0,38334,1676,244312,1704,470155,1677,714467,California
San Bernardino,2021-04-26,10505,1158387,5629,632184,4787,487780,89,38423,4447,242824,6023,476178,4535,719002,California
San Bernardino,2021-04-27,15894,1174281,9594,641778,6131,493911,169,38592,6485,240110,9367,485545,6653,725655,California
San Bernardino,2021-04-28,14681,1188962,8716,650494,5690,499601,275,38867,5269,236260,9385,494930,5535,731190,California
San Bernardino,2021-04-29,16172,1205134,9313,659807,6590,506191,269,39136,5367,231119,10773,505703,5632,736822,California
San Bernardino,2021-04-30,16536,1221670,10442,670249,5814,512005,280,39416,6095,227087,10404,516107,6372,743194,California
San Bernardino,2021-05-01,10710,1232380,8404,678653,1997,514002,309,39725,3687,224059,7020,523127,3992,747186,California
San Bernardino,2021-05-02,2925,1235305,2115,680768,678,514680,132,39857,1042,223357,1875,525002,1173,748359,California
San Bernardino,2021-05-03,10026,1245331,5765,686533,3856,518536,405,40262,2898,219543,7115,532117,3301,751660,California
San Bernardino,2021-05-04,15651,1260982,9514,696047,5683,524219,454,40716,4541,213465,11070,543187,4992,756652,California
San Bernardino,2021-05-05,15316,1276298,8804,704851,6099,530318,413,41129,4328,207259,10943,554130,4737,761389,California
San Bernardino,2021-05-06,15740,1292038,8967,713818,6358,536676,415,41544,4281,200530,11424,565554,4695,766084,California
San Bernardino,2021-05-07,15435,1307473,8669,722487,6391,543067,375,41919,4624,194768,10757,576311,4995,771079,California
San Bernardino,2021-05-08,9180,1316653,6108,728595,2828,545895,244,42163,3130,192126,6015,582326,3373,774452,California
San Bernardino,2021-05-09,1808,1318461,1111,729706,607,546502,90,42253,726,191870,1072,583398,816,775268,California
San Bernardino,2021-05-10,7412,1325873,3413,733119,3684,550186,315,42568,2270,189357,5095,588493,2582,777850,California
San Bernardino,2021-05-11,11874,1337747,6543,739662,5005,555191,326,42894,3721,185289,8116,596609,4048,781898,California
San Bernardino,2021-05-12,12001,1349748,6390,746052,5322,560513,289,43183,3432,180482,8524,605133,3717,785615,California
San Bernardino,2021-05-13,12455,1362203,7390,753442,4724,565237,341,43524,4769,177944,7643,612776,5105,790720,California
San Bernardino,2021-05-14,13577,1375780,9027,762469,4216,569453,334,43858,5651,176060,7868,620644,5984,796704,California
San Bernardino,2021-05-15,11218,1386998,8319,770788,2711,572164,188,44046,4501,174059,6685,627329,4684,801388,California
San Bernardino,2021-05-16,2764,1389762,2038,772826,665,572829,61,44107,1310,173992,1437,628766,1370,802758,California
San Bernardino,2021-05-17,9894,1399656,6731,779557,2891,575720,272,44379,4620,173650,5237,634003,4895,807653,California
San Bernardino,2021-05-18,13292,1412948,8767,788324,4270,579990,255,44634,6180,173004,7077,641080,6431,814084,California
San Bernardino,2021-05-19,11462,1424410,7181,795505,3908,583898,373,45007,5341,172634,6081,647161,5711,819795,California
San Bernardino,2021-05-20,9938,1434348,5857,801362,3784,587682,297,45304,4477,171979,5426,652587,4771,824566,California
San Bernardino,2021-05-21,10783,1445131,7141,808503,3291,590973,351,45655,4717,171024,6022,658609,5067,829633,California
San Bernardino,2021-05-22,7301,1452432,5560,814063,1549,592522,192,45847,3646,171240,3620,662229,3836,833469,California
San Bernardino,2021-05-23,1285,1453717,827,814890,385,592907,73,45920,650,171334,629,662858,723,834192,California
San Bernardino,2021-05-24,6562,1460279,4119,819009,2151,595058,292,46212,2966,171037,3554,666412,3257,837449,California
San Bernardino,2021-05-25,9177,1469456,5623,824632,3294,598352,260,46472,4143,170434,5006,671418,4403,841852,California
San Bernardino,2021-05-26,7961,1477417,5068,829700,2666,601018,227,46699,3689,170105,4238,675656,3909,845761,California
San Bernardino,2021-05-27,7373,1484790,4505,834205,2645,603663,223,46922,3363,169720,3968,679624,3583,849344,California
San Bernardino,2021-05-28,8372,1493162,5266,839471,2833,606496,273,47195,4157,169976,4175,683799,4431,853775,California
San Bernardino,2021-05-29,2204,1495366,1700,841171,462,606958,42,47237,750,169320,1448,685247,792,854567,California
San Diego,2020-12-15,119,119,119,119,0,0,0,0,119,119,0,0,119,119,California
San Diego,2020-12-16,1103,1222,1103,1222,0,0,0,0,1103,1222,0,0,1103,1222,California
San Diego,2020-12-17,2350,3572,2350,3572,0,0,0,0,2350,3572,0,0,2350,3572,California
San Diego,2020-12-18,3670,7242,3669,7241,1,1,0,0,3670,7242,0,0,3670,7242,California
San Diego,2020-12-19,2313,9555,2313,9554,0,1,0,0,2313,9555,0,0,2313,9555,California
San Diego,2020-12-20,1184,10739,1183,10737,1,2,0,0,1184,10739,0,0,1184,10739,California
San Diego,2020-12-21,3522,14261,3521,14258,1,3,0,0,3522,14261,0,0,3522,14261,California
San Diego,2020-12-22,4060,18321,3417,17675,643,646,0,0,4060,18321,0,0,4060,18321,California
San Diego,2020-12-23,3182,21503,1978,19653,1204,1850,0,0,3182,21503,0,0,3182,21503,California
San Diego,2020-12-24,2736,24239,2219,21872,517,2367,0,0,2736,24239,0,0,2736,24239,California
San Diego,2020-12-25,876,25115,875,22747,1,2368,0,0,876,25115,0,0,876,25115,California
San Diego,2020-12-26,3294,28409,2143,24890,1151,3519,0,0,3294,28409,0,0,3294,28409,California
San Diego,2020-12-27,2510,30919,1619,26509,891,4410,0,0,2509,30917,1,1,2509,30918,California
San Diego,2020-12-28,5912,36831,4225,30734,1687,6097,0,0,5912,36829,0,1,5912,36830,California
San Diego,2020-12-29,5572,42403,2999,33733,2573,8670,0,0,5572,42401,0,1,5572,42402,California
San Diego,2020-12-30,5944,48347,3099,36832,2845,11515,0,0,5944,48345,0,1,5944,48346,California
San Diego,2020-12-31,3040,51387,1055,37887,1985,13500,0,0,3040,51385,0,1,3040,51386,California
San Diego,2021-01-01,1006,52393,452,38339,554,14054,0,0,1006,52391,0,1,1006,52392,California
San Diego,2021-01-02,3745,56138,1303,39642,2442,16496,0,0,3745,56136,0,1,3745,56137,California
San Diego,2021-01-03,859,56997,633,40275,226,16722,0,0,858,56994,0,1,858,56995,California
San Diego,2021-01-04,3702,60699,2049,42324,1653,18375,0,0,3695,60689,0,1,3695,60690,California
San Diego,2021-01-05,4376,65075,2185,44509,2191,20566,0,0,3759,63847,613,614,3771,64461,California
San Diego,2021-01-06,4947,70022,2290,46799,2657,23223,0,0,3713,66353,1211,1825,3717,68178,California
San Diego,2021-01-07,5665,75687,2983,49782,2682,25905,0,0,3506,67713,2152,3977,3512,71690,California
San Diego,2021-01-08,7868,83555,4941,54723,2927,28832,0,0,4082,68043,3769,7746,4099,75789,California
San Diego,2021-01-09,3500,87055,1940,56663,1560,30392,0,0,1950,68466,1538,9284,1961,77750,California
San Diego,2021-01-10,1881,88936,1293,57956,588,30980,0,0,778,68162,1091,10375,787,78537,California
San Diego,2021-01-11,10333,99269,5860,63816,4473,35453,0,0,6803,71460,3523,13898,6821,85358,California
San Diego,2021-01-12,11200,110469,5313,69129,5887,41340,0,0,7822,76027,3369,17267,7936,93294,California
San Diego,2021-01-13,11510,121979,5053,74182,6457,47797,0,0,8966,82485,2532,19799,8990,102284,California
San Diego,2021-01-14,12365,134344,4746,78928,7619,55416,0,0,10196,90556,2161,21960,10232,112516,California
San Diego,2021-01-15,15133,149477,5355,84283,9778,65194,0,0,12487,100471,2627,24587,12542,125058,California
San Diego,2021-01-16,10771,160248,3593,87876,7178,72372,0,0,9325,108386,1441,26028,9356,134414,California
San Diego,2021-01-17,8682,168930,2497,90373,6185,78557,0,0,7841,115406,841,26869,7861,142275,California
San Diego,2021-01-18,12880,181810,6317,96690,6563,85120,0,0,10030,122678,2818,29687,10090,152365,California
San Diego,2021-01-19,14598,196408,5669,102359,8929,94049,0,0,11488,131333,3099,32786,11754,164119,California
San Diego,2021-01-20,18330,214738,6388,108747,11942,105991,0,0,15008,143224,3301,36087,15192,179311,California
San Diego,2021-01-21,17300,232038,5785,114532,11515,117506,0,0,15911,157898,1380,37467,16054,195365,California
San Diego,2021-01-22,17584,249622,4662,119194,12922,130428,0,0,15551,171511,2019,39486,15632,210997,California
San Diego,2021-01-23,14491,264113,5280,124474,9211,139639,0,0,12133,181357,2347,41833,12193,223190,California
San Diego,2021-01-24,11905,276018,3345,127819,8560,148199,0,0,10931,191356,972,42805,10971,234161,California
San Diego,2021-01-25,12273,288291,5802,133621,6471,154670,0,0,9253,197751,3013,45818,9408,243569,California
San Diego,2021-01-26,15157,303448,7858,141479,7299,161969,0,0,11770,206323,3385,49203,11957,255526,California
San Diego,2021-01-27,20580,324028,7939,149418,12641,174610,0,0,17560,221017,3011,52214,17705,273231,California
San Diego,2021-01-28,21310,345338,7651,157069,13659,188269,0,0,19037,237877,2263,54477,19123,292354,California
San Diego,2021-01-29,19728,365066,6480,163549,13248,201517,0,0,17285,252778,2433,56910,17334,309688,California
San Diego,2021-01-30,15906,380972,3668,167217,12238,213755,0,0,13223,263426,2673,59583,13321,323009,California
San Diego,2021-01-31,14812,395784,5764,172981,9048,222803,0,0,14450,277550,358,59941,14482,337491,California
San Diego,2021-02-01,21037,416821,7735,180716,13302,236105,0,0,17484,291574,3539,63480,17563,355054,California
San Diego,2021-02-02,22899,439720,8375,189091,14524,250629,0,0,19630,308113,3260,66740,19799,374853,California
San Diego,2021-02-03,27669,467389,11770,200861,15899,266528,0,0,23356,327365,4294,71034,23546,398399,California
San Diego,2021-02-04,24253,491642,9896,210757,14357,280885,0,0,19623,342658,4613,75647,19906,418305,California
San Diego,2021-02-05,24934,516576,8890,219647,16044,296929,0,0,18246,354691,6664,82311,18697,437002,California
San Diego,2021-02-06,20782,537358,8555,228202,12227,309156,0,0,17531,369197,3248,85559,17754,454756,California
San Diego,2021-02-07,12137,549495,5377,233579,6760,315916,0,0,10253,377836,1873,87432,10512,465268,California
San Diego,2021-02-08,20123,569618,8532,242111,11591,327507,0,0,12678,383765,7434,94866,13363,478631,California
San Diego,2021-02-09,20493,590111,8327,250438,12166,339673,0,0,13196,390756,7276,102142,14267,492898,California
San Diego,2021-02-10,22974,613085,9338,259776,13636,353309,0,0,13848,396913,9069,111211,15226,508124,California
San Diego,2021-02-11,23846,636931,10186,269962,13660,366969,0,0,12770,400321,11049,122260,14457,522581,California
San Diego,2021-02-12,23840,660771,7447,277409,16393,383362,0,0,11885,402537,11938,134198,14154,536735,California
San Diego,2021-02-13,20033,680804,9026,286435,11007,394369,0,0,10901,405516,9126,143324,12105,548840,California
San Diego,2021-02-14,11187,691991,7433,293868,3754,398123,0,0,6320,408488,4863,148187,7835,556675,California
San Diego,2021-02-15,15272,707263,7761,301629,7511,405634,0,0,7829,411964,7421,155608,10897,567572,California
San Diego,2021-02-16,19294,726557,11268,312897,8026,413660,0,0,9221,414110,10061,165669,12207,579779,California
San Diego,2021-02-17,23414,749971,10999,323896,12415,426075,0,0,8121,410043,15278,180947,11211,590990,California
San Diego,2021-02-18,23575,773546,12010,335906,11565,437640,0,0,7777,406119,15786,196733,11862,602852,California
San Diego,2021-02-19,15905,789451,10910,346816,4995,442635,0,0,6635,405477,9252,205985,8610,611462,California
San Diego,2021-02-20,10265,799716,6367,353183,3898,446533,0,0,5808,408738,4455,210440,7716,619178,California
San Diego,2021-02-21,11570,811286,10156,363339,1414,447947,0,0,5185,409058,6379,216819,6699,625877,California
San Diego,2021-02-22,12451,823737,10592,373931,1859,449806,0,0,5758,409770,6688,223507,7400,633277,California
San Diego,2021-02-23,25871,849608,14494,388425,11377,461183,0,0,9629,409065,16234,239741,15529,648806,California
San Diego,2021-02-24,28961,878569,12766,401191,16195,477378,0,0,6857,401278,22084,261825,14297,663103,California
San Diego,2021-02-25,33210,911779,14732,415923,18478,495856,0,0,10132,396759,23058,284883,18539,681642,California
San Diego,2021-02-26,33479,945258,12403,428326,21076,516932,0,0,12114,394648,21335,306218,19224,700866,California
San Diego,2021-02-27,21249,966507,9689,438015,11560,528492,0,0,11443,400564,9801,316019,15717,716583,California
San Diego,2021-02-28,15287,981794,9989,448004,5298,533790,0,0,9523,407117,5763,321782,12316,728899,California
San Diego,2021-03-01,24259,1006053,14319,462323,9938,543728,2,2,14729,416263,9452,331234,18598,747497,California
San Diego,2021-03-02,26184,1032237,14095,476418,12089,555817,0,2,12765,422318,13409,344643,19464,766961,California
San Diego,2021-03-03,34025,1066262,15950,492368,18072,573889,3,5,14071,423379,19933,364576,20994,787955,California
San Diego,2021-03-04,28319,1094581,14111,506479,14208,588097,0,5,12616,427077,15681,380257,19379,807334,California
San Diego,2021-03-05,29018,1123599,14919,521398,14017,602114,82,87,13518,431926,15475,395732,20324,827658,California
San Diego,2021-03-06,23439,1147038,9598,530996,13140,615254,701,788,10353,434587,13072,408804,15733,843391,California
San Diego,2021-03-07,18247,1165285,9338,540334,8338,623592,571,1359,6930,434445,11308,420112,11166,854557,California
San Diego,2021-03-08,23107,1188392,11227,551561,10973,634565,907,2266,11449,440045,11638,431750,17238,871795,California
San Diego,2021-03-09,25915,1214307,11998,563559,12158,646723,1759,4025,10142,440116,15758,447508,15829,887624,California
San Diego,2021-03-10,25566,1239873,10815,574374,12353,659076,2398,6423,10137,441305,15413,462921,16602,904226,California
San Diego,2021-03-11,28663,1268536,11024,585398,14041,673117,3598,10021,9987,440197,18653,481574,17545,921771,California
San Diego,2021-03-12,27162,1295698,9554,594952,14468,687585,3140,13161,10030,439788,17119,498693,16710,938481,California
San Diego,2021-03-13,26234,1321932,7308,602260,17137,704722,1789,14950,10140,439802,16090,514783,16104,954585,California
San Diego,2021-03-14,13882,1335814,5500,607760,7643,712365,739,15689,4820,438634,9053,523836,7885,962470,California
San Diego,2021-03-15,22034,1357848,10176,617936,11078,723443,780,16469,9018,438534,13003,536839,12903,975373,California
San Diego,2021-03-16,30012,1387860,15796,633732,13804,737247,412,16881,15737,443488,14252,551091,19206,994579,California
San Diego,2021-03-17,26352,1414212,12241,645973,13391,750638,720,17601,16793,453512,9542,560633,19566,1014145,California
San Diego,2021-03-18,31539,1445751,17816,663789,12803,763441,920,18521,17039,458530,14467,575100,19485,1033630,California
San Diego,2021-03-19,30354,1476105,14405,678194,14909,778350,1040,19561,19400,469236,10932,586032,21638,1055268,California
San Diego,2021-03-20,27897,1504002,8457,686651,17637,795987,1803,21364,21429,487118,6456,592488,24338,1079606,California
San Diego,2021-03-21,16583,1520585,12106,698757,3760,799747,717,22081,7715,488014,8854,601342,9750,1089356,California
San Diego,2021-03-22,22546,1543131,13151,711908,9118,808865,277,22358,14330,497176,8203,609545,17365,1106721,California
San Diego,2021-03-23,26006,1569137,13643,725551,12084,820949,279,22637,17132,507757,8859,618404,19440,1126161,California
San Diego,2021-03-24,29588,1598725,19783,745334,9423,830372,382,23019,17101,514818,12476,630880,19537,1145698,California
San Diego,2021-03-25,30385,1629110,18313,763647,11388,841760,684,23703,17991,523235,12375,643255,20792,1166490,California
San Diego,2021-03-26,32155,1661265,17944,781591,13638,855398,573,24276,17503,529508,14627,657882,20900,1187390,California
San Diego,2021-03-27,25514,1686779,11049,792640,14072,869470,393,24669,15692,538033,9804,667686,18329,1205719,California
San Diego,2021-03-28,15083,1701862,9238,801878,5788,875258,57,24726,9264,543010,5813,673499,10790,1216509,California
San Diego,2021-03-29,26734,1728596,12921,814799,13180,888438,633,25359,16447,552250,10277,683776,19517,1236026,California
San Diego,2021-03-30,33245,1761841,17901,832700,14555,902993,789,26148,22020,565661,11213,694989,24624,1260650,California
San Diego,2021-03-31,30482,1792323,18801,851501,10975,913968,706,26854,20639,578273,9826,704815,22438,1283088,California
San Diego,2021-04-01,34357,1826680,20062,871563,12795,926763,1500,28354,23244,593242,11089,715904,26058,1309146,California
San Diego,2021-04-02,35807,1862487,20674,892237,12326,939089,2807,31161,24117,609916,11671,727575,28345,1337491,California
San Diego,2021-04-03,30861,1893348,14458,906695,11795,950884,4608,35769,19718,624304,11130,738705,25518,1363009,California
San Diego,2021-04-04,9058,1902406,5204,911899,2926,953810,928,36697,4819,625993,4234,742939,5923,1368932,California
San Diego,2021-04-05,29763,1932169,15406,927305,11705,965515,2652,39349,19382,640148,10363,753302,24518,1393450,California
San Diego,2021-04-06,38760,1970929,20397,947702,12449,977964,5914,45263,22331,654085,16413,769715,30350,1423800,California
San Diego,2021-04-07,35843,2006772,21981,969683,9287,987251,4575,49838,20320,664669,15499,785214,26083,1449883,California
San Diego,2021-04-08,35254,2042026,21371,991054,9711,996962,4172,54010,21313,678786,13922,799136,28039,1477922,California
San Diego,2021-04-09,38431,2080457,22925,1013979,10290,1007252,5216,59226,20813,690538,17552,816688,29304,1507226,California
San Diego,2021-04-10,29191,2109648,11785,1025764,13396,1020648,4010,63236,15099,698582,14082,830770,22126,1529352,California
San Diego,2021-04-11,16261,2125909,10079,1035843,3868,1024516,2314,65550,7266,702146,8991,839761,12555,1541907,California
San Diego,2021-04-12,30854,2156763,12863,1048706,13660,1038176,4331,69881,17186,713652,13653,853414,25159,1567066,California
San Diego,2021-04-13,37217,2193980,17790,1066496,19391,1057567,36,69917,24789,728883,12407,865821,27638,1594704,California
San Diego,2021-04-14,33090,2227070,18929,1085425,14148,1071715,13,69930,17916,735979,15160,880981,22256,1616960,California
San Diego,2021-04-15,39565,2266635,20376,1105801,19185,1090900,4,69934,24137,747530,15409,896390,26960,1643920,California
San Diego,2021-04-16,33850,2300485,18590,1124391,15257,1106157,3,69937,19647,755400,14142,910532,22012,1665932,California
San Diego,2021-04-17,27897,2328382,13543,1137934,14354,1120511,0,69937,12386,755393,15417,925949,15410,1681342,California
San Diego,2021-04-18,14502,2342884,8915,1146849,5584,1126095,3,69940,6784,757408,7705,933654,9720,1691062,California
San Diego,2021-04-19,26599,2369483,13570,1160419,13028,1139123,1,69941,12524,757621,14056,947710,14269,1705331,California
San Diego,2021-04-20,39057,2408540,17780,1178199,21276,1160399,1,69942,19970,761468,19067,966777,22914,1728245,California
San Diego,2021-04-21,35046,2443586,20933,1199132,14113,1174512,0,69942,16991,763418,18020,984797,19970,1748215,California
San Diego,2021-04-22,44668,2488254,22946,1222078,21718,1196230,4,69946,22438,766666,22187,1006984,25435,1773650,California
San Diego,2021-04-23,42247,2530501,26024,1248102,16221,1212451,2,69948,15788,759157,26429,1033413,18920,1792570,California
San Diego,2021-04-24,34978,2565479,18870,1266972,16093,1228544,15,69963,15667,758690,19278,1052691,18811,1811381,California
San Diego,2021-04-25,12647,2578126,7707,1274679,4940,1233484,0,69963,5937,759265,6702,1059393,7277,1818658,California
San Diego,2021-04-26,31130,2609256,15530,1290209,15469,1248953,131,70094,10696,753923,20422,1079815,15080,1833738,California
San Diego,2021-04-27,42639,2651895,23522,1313731,18697,1267650,420,70514,18825,752309,23782,1103597,22168,1855906,California
San Diego,2021-04-28,38339,2690234,22631,1336362,15034,1282684,674,71188,17387,751659,20919,1124516,20269,1876175,California
San Diego,2021-04-29,38117,2728351,24280,1360642,13183,1295867,654,71842,15427,746771,22655,1147171,17767,1893942,California
San Diego,2021-04-30,38122,2766473,23143,1383785,13964,1309831,1015,72857,14969,741434,23116,1170287,17779,1911721,California
San Diego,2021-05-01,24348,2790821,10735,1394520,12968,1322799,645,73502,9584,739031,14755,1185042,12352,1924073,California
San Diego,2021-05-02,10730,2801551,7540,1402060,2603,1325402,587,74089,3297,735810,7428,1192470,4207,1928280,California
San Diego,2021-05-03,25347,2826898,12488,1414548,11701,1337103,1158,75247,9371,731174,15952,1208422,11316,1939596,California
San Diego,2021-05-04,31972,2858870,17645,1432193,12998,1350101,1329,76576,11568,724786,20374,1228796,13986,1953582,California
San Diego,2021-05-05,27742,2886612,17042,1449235,9411,1359512,1289,77865,10619,720532,17103,1245899,12849,1966431,California
San Diego,2021-05-06,28465,2915077,18842,1468077,8709,1368221,914,78779,10862,717200,17574,1263473,14242,1980673,California
San Diego,2021-05-07,29656,2944733,19546,1487623,9060,1377281,1050,79829,11071,711963,18546,1282019,13309,1993982,California
San Diego,2021-05-08,22664,2967397,10774,1498397,11177,1388458,713,80542,7306,706038,15335,1297354,9410,2003392,California
San Diego,2021-05-09,7494,2974891,5678,1504075,1407,1389865,409,80951,2616,704603,4871,1302225,3436,2006828,California
San Diego,2021-05-10,21677,2996568,8457,1512532,12406,1402271,814,81765,5969,696947,15677,1317902,8021,2014849,California
San Diego,2021-05-11,27705,3024273,11254,1523786,15675,1417946,776,82541,9671,690972,18010,1335912,12035,2026884,California
San Diego,2021-05-12,21962,3046235,11696,1535482,9475,1427421,791,83332,8040,686905,13897,1349809,9830,2036714,California
San Diego,2021-05-13,29647,3075882,17696,1553178,11340,1438761,611,83943,12310,684997,17283,1367092,15375,2052089,California
San Diego,2021-05-14,30741,3106623,19697,1572875,10197,1448958,847,84790,14028,685244,16677,1383769,16924,2069013,California
San Diego,2021-05-15,26163,3132786,16498,1589373,8843,1457801,822,85612,10934,682735,15178,1398947,12669,2081682,California
San Diego,2021-05-16,12985,3145771,9711,1599084,2698,1460499,576,86188,6495,683690,6479,1405426,7434,2089116,California
San Diego,2021-05-17,21463,3167234,13034,1612118,7671,1468170,758,86946,9449,682769,11977,1417403,11056,2100172,California
San Diego,2021-05-18,34242,3201476,19396,1631514,13970,1482140,876,87822,13928,678711,20279,1437682,16221,2116393,California
San Diego,2021-05-19,28507,3229983,17938,1649452,9762,1491902,807,88629,12359,676841,16119,1453801,14249,2130642,California
San Diego,2021-05-20,30566,3260549,16340,1665792,13460,1505362,766,89395,10315,668964,20219,1474020,12342,2142984,California
San Diego,2021-05-21,22838,3283387,14370,1680162,7533,1512895,935,90330,9440,666943,13369,1487389,11348,2154332,California
San Diego,2021-05-22,17436,3300823,9657,1689819,6685,1519580,1094,91424,7443,666374,9976,1497365,9407,2163739,California
San Diego,2021-05-23,4815,3305638,3601,1693420,930,1520510,284,91708,2580,667238,2215,1499580,3079,2166818,California
San Diego,2021-05-24,17637,3323275,8989,1702409,6759,1527269,1889,93597,6529,665399,11091,1510671,9252,2176070,California
San Diego,2021-05-25,24197,3347472,13232,1715641,9136,1536405,1829,95426,8753,661704,15412,1526083,11717,2187787,California
San Diego,2021-05-26,19139,3366611,10627,1726268,6503,1542908,2009,97435,6728,658876,12378,1538461,9550,2197337,California
San Diego,2021-05-27,20394,3387005,12002,1738270,6012,1548920,2380,99815,6989,655893,13389,1551850,10406,2207743,California
San Diego,2021-05-28,20479,3407484,12855,1751125,6935,1555855,689,100504,8262,653433,12200,1564050,9740,2217483,California
San Diego,2021-05-29,5550,3413034,3590,1754715,1650,1557505,310,100814,1953,652422,3586,1567636,2575,2220058,California
San Francisco,2020-12-15,7,7,7,7,0,0,0,0,7,7,0,0,7,7,California
San Francisco,2020-12-16,230,237,230,237,0,0,0,0,230,237,0,0,230,237,California
San Francisco,2020-12-17,394,631,394,631,0,0,0,0,394,631,0,0,394,631,California
San Francisco,2020-12-18,879,1510,878,1509,1,1,0,0,879,1510,0,0,879,1510,California
San Francisco,2020-12-19,603,2113,603,2112,0,1,0,0,603,2113,0,0,603,2113,California
San Francisco,2020-12-20,484,2597,484,2596,0,1,0,0,484,2597,0,0,484,2597,California
San Francisco,2020-12-21,1163,3760,1163,3759,0,1,0,0,1163,3760,0,0,1163,3760,California
San Francisco,2020-12-22,1406,5166,1372,5131,34,35,0,0,1406,5166,0,0,1406,5166,California
San Francisco,2020-12-23,1355,6521,1059,6190,296,331,0,0,1355,6521,0,0,1355,6521,California
San Francisco,2020-12-24,844,7365,505,6695,339,670,0,0,844,7365,0,0,844,7365,California
San Francisco,2020-12-25,34,7399,29,6724,5,675,0,0,34,7399,0,0,34,7399,California
San Francisco,2020-12-26,247,7646,152,6876,95,770,0,0,247,7646,0,0,247,7646,California
San Francisco,2020-12-27,274,7920,60,6936,214,984,0,0,274,7920,0,0,274,7920,California
San Francisco,2020-12-28,1273,9193,689,7625,584,1568,0,0,1273,9193,0,0,1273,9193,California
San Francisco,2020-12-29,1253,10446,628,8253,625,2193,0,0,1253,10446,0,0,1253,10446,California
San Francisco,2020-12-30,1489,11935,780,9033,709,2902,0,0,1489,11935,0,0,1489,11935,California
San Francisco,2020-12-31,964,12899,410,9443,554,3456,0,0,963,12898,0,0,963,12898,California
San Francisco,2021-01-01,92,12991,72,9515,20,3476,0,0,92,12990,0,0,92,12990,California
San Francisco,2021-01-02,336,13327,303,9818,33,3509,0,0,336,13326,0,0,336,13326,California
San Francisco,2021-01-03,298,13625,105,9923,193,3702,0,0,297,13622,1,1,297,13623,California
San Francisco,2021-01-04,1839,15464,1355,11278,484,4186,0,0,1836,15455,3,4,1836,15459,California
San Francisco,2021-01-05,2236,17700,1420,12698,816,5002,0,0,2201,17623,35,39,2203,17662,California
San Francisco,2021-01-06,1872,19572,1160,13858,712,5714,0,0,1608,18970,262,301,1609,19271,California
San Francisco,2021-01-07,2067,21639,1207,15065,860,6574,0,0,1607,20120,457,758,1607,20878,California
San Francisco,2021-01-08,2335,23974,1638,16703,697,7271,0,0,1496,20782,834,1592,1496,22374,California
San Francisco,2021-01-09,1389,25363,894,17597,495,7766,0,0,884,21163,505,2097,886,23260,California
San Francisco,2021-01-10,919,26282,541,18138,378,8144,0,0,460,21165,458,2555,460,23720,California
San Francisco,2021-01-11,2505,28787,1870,20008,635,8779,0,0,1403,21465,1103,3658,1403,25123,California
San Francisco,2021-01-12,3093,31880,2071,22079,1022,9801,0,0,1898,22170,1195,4853,1900,27023,California
San Francisco,2021-01-13,2833,34713,1618,23697,1215,11016,0,0,1999,23335,834,5687,1999,29022,California
San Francisco,2021-01-14,2445,37158,1103,24800,1342,12358,0,0,1884,24658,561,6248,1884,30906,California
San Francisco,2021-01-15,2749,39907,1148,25948,1601,13959,0,0,2358,26629,389,6637,2360,33266,California
San Francisco,2021-01-16,2258,42165,965,26913,1293,15252,0,0,2091,28554,167,6804,2092,35358,California
San Francisco,2021-01-17,1926,44091,533,27446,1393,16645,0,0,1710,30048,216,7020,1710,37068,California
San Francisco,2021-01-18,1380,45471,595,28041,785,17430,0,0,1114,30898,265,7285,1115,38183,California
San Francisco,2021-01-19,2582,48053,1476,29517,1106,18536,0,0,1831,31978,751,8036,1831,40014,California
San Francisco,2021-01-20,2762,50815,1129,30646,1633,20169,0,0,2008,33236,751,8787,2009,42023,California
San Francisco,2021-01-21,3322,54137,946,31592,2376,22545,0,0,2486,34888,834,9621,2486,44509,California
San Francisco,2021-01-22,3190,57327,644,32236,2546,25091,0,0,2748,37196,440,10061,2748,47257,California
San Francisco,2021-01-23,3093,60420,611,32847,2482,27573,0,0,2725,39555,367,10428,2726,49983,California
San Francisco,2021-01-24,2430,62850,364,33211,2066,29639,0,0,2199,41526,228,10656,2199,52182,California
San Francisco,2021-01-25,4638,67488,1833,35044,2805,32444,0,0,3050,42991,1586,12242,3051,55233,California
San Francisco,2021-01-26,4710,72198,2172,37216,2538,34982,0,0,3080,44446,1627,13869,3082,58315,California
San Francisco,2021-01-27,4359,76557,2001,39217,2358,37340,0,0,3073,46235,1284,15153,3073,61388,California
San Francisco,2021-01-28,3759,80316,1554,40771,2205,39545,0,0,2598,47677,1156,16309,2598,63986,California
San Francisco,2021-01-29,4723,85039,1682,42453,3041,42586,0,0,3450,49861,1266,17575,3450,67436,California
San Francisco,2021-01-30,3784,88823,1846,44299,1938,44524,0,0,3329,52740,454,18029,3333,70769,California
San Francisco,2021-01-31,2352,91175,825,45124,1527,46051,0,0,2201,54792,150,18179,2202,72971,California
San Francisco,2021-02-01,3975,95150,1700,46824,2275,48326,0,0,2904,56626,1071,19250,2905,75876,California
San Francisco,2021-02-02,4487,99637,1795,48619,2692,51018,0,0,2892,57929,1589,20839,2892,78768,California
San Francisco,2021-02-03,5070,104707,2377,50996,2693,53711,0,0,3754,60371,1313,22152,3755,82523,California
San Francisco,2021-02-04,5025,109732,2427,53423,2598,56309,0,0,3863,63074,1160,23312,3863,86386,California
San Francisco,2021-02-05,5960,115692,3215,56638,2745,59054,0,0,4617,66351,1341,24653,4618,91004,California
San Francisco,2021-02-06,5491,121183,3670,60308,1821,60875,0,0,4591,70046,898,25551,4593,95597,California
San Francisco,2021-02-07,4344,125527,3195,63503,1149,62024,0,0,3767,73242,574,26125,3770,99367,California
San Francisco,2021-02-08,6736,132263,4642,68145,2094,64118,0,0,5514,77552,1206,27331,5516,104883,California
San Francisco,2021-02-09,5939,138202,3995,72140,1944,66062,0,0,4387,80379,1561,28892,4388,109271,California
San Francisco,2021-02-10,6886,145088,4191,76331,2695,68757,0,0,5079,83659,1802,30694,5082,114353,California
San Francisco,2021-02-11,6722,151810,3987,80318,2735,71492,0,0,4900,86743,1817,32511,4901,119254,California
San Francisco,2021-02-12,5333,157143,2674,82992,2659,74151,0,0,3496,88400,1839,34350,3496,122750,California
San Francisco,2021-02-13,4384,161527,2563,85555,1821,75972,0,0,3048,90114,1336,35686,3050,125800,California
San Francisco,2021-02-14,3428,164955,2249,87804,1179,77151,0,0,2299,91287,1128,36814,2301,128101,California
San Francisco,2021-02-15,2775,167730,1507,89311,1268,78419,0,0,1681,91876,1092,37906,1681,129782,California
San Francisco,2021-02-16,5066,172796,2791,92102,2275,80694,0,0,2973,92769,2086,39992,2979,132761,California
San Francisco,2021-02-17,5342,178138,2615,94717,2727,83421,0,0,2956,93350,2376,42368,2957,135718,California
San Francisco,2021-02-18,5369,183507,2626,97343,2743,86164,0,0,2787,93559,2581,44949,2790,138508,California
San Francisco,2021-02-19,5644,189151,2648,99991,2996,89160,0,0,2930,93783,2708,47657,2932,141440,California
San Francisco,2021-02-20,4527,193678,2180,102171,2347,91507,0,0,1698,92662,2820,50477,1699,143139,California
San Francisco,2021-02-21,2889,196567,1518,103689,1371,92878,0,0,1280,92342,1601,52078,1281,144420,California
San Francisco,2021-02-22,5122,201689,3191,106880,1931,94809,0,0,2578,92386,2536,54614,2580,147000,California
San Francisco,2021-02-23,5537,207226,3158,110038,2379,97188,0,0,2837,92529,2694,57308,2837,149837,California
San Francisco,2021-02-24,9033,216259,5120,115158,3913,101101,0,0,4830,93167,4193,61501,4831,154668,California
San Francisco,2021-02-25,9798,226057,6883,122041,2915,104016,0,0,6334,96042,3461,64962,6336,161004,California
San Francisco,2021-02-26,11983,238040,7780,129821,4203,108219,0,0,7100,98260,4883,69845,7101,168105,California
San Francisco,2021-02-27,9256,247296,6000,135821,3255,111474,1,1,4648,98315,4595,74440,4650,172755,California
San Francisco,2021-02-28,7770,255066,5583,141404,2187,113661,0,1,3860,98267,3909,78349,3861,176616,California
San Francisco,2021-03-01,11026,266092,7495,148899,3527,117188,4,5,5326,97924,5675,84024,5332,181948,California
San Francisco,2021-03-02,9966,276058,6728,155627,3238,120426,0,5,5648,99265,4308,88332,5649,187597,California
San Francisco,2021-03-03,11267,287325,6550,162177,4716,125142,1,6,6148,100311,5106,93438,6152,193749,California
San Francisco,2021-03-04,8750,296075,5508,167685,3242,128384,0,6,4931,101431,3811,97249,4931,198680,California
San Francisco,2021-03-05,9215,305290,5654,173339,3557,131941,4,10,5775,103783,3428,100677,5780,204460,California
San Francisco,2021-03-06,7118,312408,4658,177997,2251,134192,209,219,4442,105741,2690,103367,4648,209108,California
San Francisco,2021-03-07,5391,317799,4218,182215,1115,135307,58,277,3105,106605,2299,105666,3163,212271,California
San Francisco,2021-03-08,7471,325270,5473,187688,1812,137119,186,463,5896,111080,1607,107273,6082,218353,California
San Francisco,2021-03-09,8328,333598,5537,193225,2416,139535,375,838,6099,115314,2235,109508,6469,224822,California
San Francisco,2021-03-10,11146,344744,6606,199831,4040,143575,500,1338,7040,118772,4084,113592,7542,232364,California
San Francisco,2021-03-11,10088,354832,6387,206218,2736,146311,965,2303,6626,122912,3444,117036,7584,239948,California
San Francisco,2021-03-12,10870,365702,6355,212573,3173,149484,1342,3645,6053,125508,4795,121831,7391,247339,California
San Francisco,2021-03-13,6707,372409,3942,216515,1704,151188,1061,4706,4173,128217,2525,124356,5234,252573,California
San Francisco,2021-03-14,7579,379988,4929,221444,2406,153594,244,4950,3986,128867,3578,127934,4228,256801,California
San Francisco,2021-03-15,12090,392078,9250,230694,1895,155489,945,5895,8387,134498,3689,131623,9320,266121,California
San Francisco,2021-03-16,12224,404302,8337,239031,3427,158916,460,6355,8838,140432,3363,134986,9297,275418,California
San Francisco,2021-03-17,13353,417655,8286,247317,4504,163420,563,6918,9620,146907,3704,138690,10179,285597,California
San Francisco,2021-03-18,10090,427745,6864,254181,2603,166023,623,7541,5753,148964,4313,143003,6370,291967,California
San Francisco,2021-03-19,12410,440155,9074,263255,2868,168891,468,8009,6575,150195,5807,148810,7038,299005,California
San Francisco,2021-03-20,8891,449046,6545,269800,1880,170771,466,8475,5174,152151,3686,152496,5642,304647,California
San Francisco,2021-03-21,6615,455661,6058,275858,420,171191,137,8612,3735,153160,2862,155358,3871,308518,California
San Francisco,2021-03-22,9857,465518,6937,282795,2074,173265,846,9458,5113,154393,4719,160077,5952,314470,California
San Francisco,2021-03-23,11275,476793,7480,290275,3145,176410,650,10108,6315,156425,4930,165007,6962,321432,California
San Francisco,2021-03-24,12392,489185,9496,299771,2360,178770,536,10644,6280,157166,6069,171076,6810,328242,California
San Francisco,2021-03-25,11927,501112,8744,308515,2620,181390,563,11207,5891,157649,5967,177043,6450,334692,California
San Francisco,2021-03-26,12022,513134,8340,316855,3448,184838,234,11441,5896,157685,6092,183135,6128,340820,California
San Francisco,2021-03-27,8787,521921,5894,322749,2544,187382,349,11790,3762,156791,5004,188139,4110,344930,California
San Francisco,2021-03-28,6687,528608,5343,328092,1302,188684,42,11832,3003,156174,3659,191798,3042,347972,California
San Francisco,2021-03-29,11512,540120,7996,336088,3329,192013,187,12019,4859,154593,6625,198423,5044,353016,California
San Francisco,2021-03-30,11666,551786,7326,343414,4047,196060,293,12312,5524,154293,6117,204540,5817,358833,California
San Francisco,2021-03-31,12286,564072,8183,351597,3803,199863,300,12612,4959,152254,7292,211832,5253,364086,California
San Francisco,2021-04-01,13991,578063,7436,359033,4853,204716,1702,14314,6031,152051,7923,219755,7720,371806,California
San Francisco,2021-04-02,14865,592928,6564,365597,6415,211131,1886,16200,6959,153006,7883,227638,8838,380644,California
San Francisco,2021-04-03,10591,603519,4910,370507,3857,214988,1824,18024,4862,153974,5713,233351,6681,387325,California
San Francisco,2021-04-04,9044,612563,4791,375298,2595,217583,1658,19682,3570,153739,5460,238811,5225,392550,California
San Francisco,2021-04-05,16036,628599,9822,385120,4328,221911,1886,21568,6315,152243,9692,248503,8196,400746,California
San Francisco,2021-04-06,16062,644661,9511,394631,4484,226395,2067,23635,6235,150740,9801,258304,8298,409044,California
San Francisco,2021-04-07,16850,661511,10026,404657,4592,230987,2232,25867,6992,150122,9834,268138,9216,418260,California
San Francisco,2021-04-08,14187,675698,6748,411405,3022,234009,4417,30284,4624,149612,9530,277668,9020,427280,California
San Francisco,2021-04-09,15808,691506,7644,419049,4811,238820,3353,33637,6579,150335,9197,286865,9920,437200,California
San Francisco,2021-04-10,13301,704807,5690,424739,5867,244687,1744,35381,7096,152988,6179,293044,8832,446032,California
San Francisco,2021-04-11,9984,714791,7477,432216,1333,246020,1174,36555,5145,154477,4826,297870,6315,452347,California
San Francisco,2021-04-12,10591,725382,6877,439093,2565,248585,1149,37704,4843,154738,5726,303596,5987,458334,California
San Francisco,2021-04-13,10742,736124,7286,446379,3443,252028,13,37717,5392,154819,5328,308924,5409,463743,California
San Francisco,2021-04-14,13269,749393,7990,454369,5278,257306,1,37718,6378,154343,6855,315779,6379,470122,California
San Francisco,2021-04-15,13709,763102,9507,463876,4201,261507,1,37719,8052,156773,5626,321405,8056,478178,California
San Francisco,2021-04-16,12911,776013,8689,472565,4178,265685,44,37763,7621,159182,5260,326665,7669,485847,California
San Francisco,2021-04-17,10055,786068,7299,479864,2755,268440,1,37764,7088,163325,2950,329615,7093,492940,California
San Francisco,2021-04-18,6605,792673,5044,484908,1559,269999,2,37766,4086,164913,2502,332117,4090,497030,California
San Francisco,2021-04-19,10866,803539,8168,493076,2694,272693,4,37770,6987,168052,3862,335979,7001,504031,California
San Francisco,2021-04-20,12330,815869,7211,500287,5117,277810,2,37772,8503,172758,3800,339779,8506,512537,California
San Francisco,2021-04-21,10554,826423,7540,507827,3009,280819,5,37777,6430,175100,4097,343876,6439,518976,California
San Francisco,2021-04-22,10434,836857,7719,515546,2714,283533,1,37778,6021,176738,4390,348266,6028,525004,California
San Francisco,2021-04-23,10325,847182,5921,521467,4404,287937,0,37778,6133,178715,4163,352429,6140,531144,California
San Francisco,2021-04-24,7944,855126,5466,526933,2478,290415,0,37778,4705,180210,3218,355647,4713,535857,California
San Francisco,2021-04-25,5026,860152,4326,531259,694,291109,6,37784,2937,181082,2074,357721,2946,538803,California
San Francisco,2021-04-26,7938,868090,5621,536880,2305,293414,12,37796,3910,181013,4003,361724,3934,542737,California
San Francisco,2021-04-27,8441,876531,5701,542581,2612,296026,128,37924,4200,181134,4217,365941,4338,547075,California
San Francisco,2021-04-28,9246,885777,6520,549101,2535,298561,191,38115,4753,181621,4461,370402,4948,552023,California
San Francisco,2021-04-29,9106,894883,5385,554486,3528,302089,193,38308,4370,181486,4710,375112,4575,556598,California
San Francisco,2021-04-30,10865,905748,5181,559667,5484,307573,200,38508,3976,178816,6851,381963,4181,560779,California
San Francisco,2021-05-01,6933,912681,3584,563251,3235,310808,114,38622,1704,175432,5204,387167,1820,562599,California
San Francisco,2021-05-02,5318,917999,3087,566338,2133,312941,98,38720,973,172168,4338,391505,1074,563673,California
San Francisco,2021-05-03,9660,927659,6579,572917,2920,315861,161,38881,2462,167630,7168,398673,2630,566303,California
San Francisco,2021-05-04,9343,937002,5980,578897,3114,318975,249,39130,2290,163152,7022,405695,2544,568847,California
San Francisco,2021-05-05,8759,945761,6120,585017,2330,321305,309,39439,2147,159043,6569,412264,2460,571307,California
San Francisco,2021-05-06,10710,956471,8563,593580,1677,322982,470,39909,1857,152551,8820,421084,2328,573635,California
San Francisco,2021-05-07,10090,966561,6457,600037,3364,326346,269,40178,1639,146034,8425,429509,1908,575543,California
San Francisco,2021-05-08,8356,974917,3545,603582,4681,331027,130,40308,984,139808,7341,436850,1115,576658,California
San Francisco,2021-05-09,6687,981604,5828,609410,777,331804,82,40390,1220,135661,5443,442293,1296,577954,California
San Francisco,2021-05-10,6969,988573,4930,614340,1789,333593,250,40640,1043,131054,5899,448192,1292,579246,California
San Francisco,2021-05-11,7136,995709,5112,619452,1821,335414,203,40843,1378,126911,5725,453917,1582,580828,California
San Francisco,2021-05-12,7417,1003126,5329,624781,1654,337068,434,41277,1503,122956,5884,459801,1929,582757,California
San Francisco,2021-05-13,10361,1013487,7544,632325,2604,339672,213,41490,3832,120506,6502,466303,4052,586809,California
San Francisco,2021-05-14,9264,1022751,6567,638892,2527,342199,170,41660,2995,117441,6240,472543,3175,589984,California
San Francisco,2021-05-15,7782,1030533,6248,645140,1477,343676,57,41717,3001,115747,4764,477307,3070,593054,California
San Francisco,2021-05-16,4954,1035487,4173,649313,723,344399,58,41775,1840,114551,3094,480401,1898,594952,California
San Francisco,2021-05-17,7230,1042717,5385,654698,1679,346078,166,41941,2551,112611,4660,485061,2720,597672,California
San Francisco,2021-05-18,8639,1051356,4965,659663,3500,349578,174,42115,2034,108258,6562,491623,2209,599881,California
San Francisco,2021-05-19,7436,1058792,5524,665187,1680,351258,232,42347,2472,106024,4937,496560,2703,602584,California
San Francisco,2021-05-20,5328,1064120,3623,668810,1510,352768,195,42542,1546,104012,3750,500310,1738,604322,California
San Francisco,2021-05-21,6640,1070760,3758,672568,2733,355501,149,42691,1738,101036,4860,505170,1884,606206,California
San Francisco,2021-05-22,4343,1075103,3371,675939,924,356425,48,42739,2104,100967,2222,507392,2153,608359,California
San Francisco,2021-05-23,1540,1076643,1253,677192,255,356680,32,42771,785,101041,745,508137,819,609178,California
San Francisco,2021-05-24,4067,1080710,2871,680063,1029,357709,167,42938,1263,99691,2780,510917,1430,610608,California
San Francisco,2021-05-25,3731,1084441,2415,682478,1086,358795,230,43168,1162,98528,2550,513467,1387,611995,California
San Francisco,2021-05-26,3967,1088408,2577,685055,1239,360034,151,43319,1267,97271,2675,516142,1418,613413,California
San Francisco,2021-05-27,3717,1092125,2167,687222,1367,361401,183,43502,1429,96601,2280,518422,1610,615023,California
San Francisco,2021-05-28,3723,1095848,2139,689361,1425,362826,159,43661,1396,95852,2303,520725,1554,616577,California
San Francisco,2021-05-29,1198,1097046,871,690232,273,363099,54,43715,487,95688,701,521426,537,617114,California
San Joaquin,2020-12-15,12,12,12,12,0,0,0,0,12,12,0,0,12,12,California
San Joaquin,2020-12-16,309,321,309,321,0,0,0,0,309,321,0,0,309,321,California
San Joaquin,2020-12-17,312,633,312,633,0,0,0,0,312,633,0,0,312,633,California
San Joaquin,2020-12-18,523,1156,519,1152,4,4,0,0,523,1156,0,0,523,1156,California
San Joaquin,2020-12-19,188,1344,188,1340,0,4,0,0,188,1344,0,0,188,1344,California
San Joaquin,2020-12-20,114,1458,113,1453,1,5,0,0,114,1458,0,0,114,1458,California
San Joaquin,2020-12-21,492,1950,492,1945,0,5,0,0,492,1950,0,0,492,1950,California
San Joaquin,2020-12-22,970,2920,850,2795,120,125,0,0,969,2919,0,0,969,2919,California
San Joaquin,2020-12-23,985,3905,926,3721,59,184,0,0,983,3902,2,2,985,3904,California
San Joaquin,2020-12-24,215,4120,187,3908,28,212,0,0,214,4116,1,3,215,4119,California
San Joaquin,2020-12-25,14,4134,14,3922,0,212,0,0,14,4130,0,3,14,4133,California
San Joaquin,2020-12-26,102,4236,30,3952,72,284,0,0,102,4232,0,3,102,4235,California
San Joaquin,2020-12-27,42,4278,29,3981,13,297,0,0,42,4274,0,3,42,4277,California
San Joaquin,2020-12-28,624,4902,421,4402,203,500,0,0,624,4898,0,3,624,4901,California
San Joaquin,2020-12-29,792,5694,665,5067,127,627,0,0,792,5690,0,3,792,5693,California
San Joaquin,2020-12-30,1009,6703,717,5784,292,919,0,0,1007,6697,2,5,1009,6702,California
San Joaquin,2020-12-31,453,7156,202,5986,251,1170,0,0,453,7150,1,6,454,7156,California
San Joaquin,2021-01-01,23,7179,13,5999,10,1180,0,0,23,7173,0,6,23,7179,California
San Joaquin,2021-01-02,265,7444,243,6242,22,1202,0,0,265,7438,0,6,265,7444,California
San Joaquin,2021-01-03,38,7482,20,6262,18,1220,0,0,37,7474,1,7,37,7481,California
San Joaquin,2021-01-04,477,7959,338,6600,139,1359,0,0,475,7948,1,8,475,7956,California
San Joaquin,2021-01-05,980,8939,647,7247,333,1692,0,0,810,8625,170,178,847,8803,California
San Joaquin,2021-01-06,1221,10160,708,7955,513,2205,0,0,917,9246,299,477,920,9723,California
San Joaquin,2021-01-07,1080,11240,683,8638,397,2602,0,0,790,9750,287,764,791,10514,California
San Joaquin,2021-01-08,1198,12438,820,9458,378,2980,0,0,713,9983,484,1248,717,11231,California
San Joaquin,2021-01-09,379,12817,300,9758,79,3059,0,0,249,10103,130,1378,250,11481,California
San Joaquin,2021-01-10,224,13041,118,9876,106,3165,0,0,171,10222,52,1430,171,11652,California
San Joaquin,2021-01-11,1529,14570,1322,11198,207,3372,0,0,863,10487,665,2095,930,12582,California
San Joaquin,2021-01-12,1465,16035,1053,12251,412,3784,0,0,696,10488,765,2860,766,13348,California
San Joaquin,2021-01-13,1529,17564,896,13147,633,4417,0,0,956,10878,571,3431,961,14309,California
San Joaquin,2021-01-14,1748,19312,971,14118,777,5194,0,0,1406,11979,321,3752,1422,15731,California
San Joaquin,2021-01-15,1528,20840,540,14658,988,6182,0,0,1303,13089,210,3962,1320,17051,California
San Joaquin,2021-01-16,1128,21968,179,14837,949,7131,0,0,1099,14160,28,3990,1099,18150,California
San Joaquin,2021-01-17,1619,23587,135,14972,1484,8615,0,0,1578,15699,41,4031,1580,19730,California
San Joaquin,2021-01-18,740,24327,238,15210,502,9117,0,0,619,16201,117,4148,619,20349,California
San Joaquin,2021-01-19,1872,26199,898,16108,974,10091,0,0,1190,16722,677,4825,1198,21547,California
San Joaquin,2021-01-20,2087,28286,1284,17392,803,10894,0,0,1439,17526,641,5466,1445,22992,California
San Joaquin,2021-01-21,1973,30259,894,18286,1079,11973,0,0,1577,18722,389,5855,1585,24577,California
San Joaquin,2021-01-22,1954,32213,896,19182,1058,13031,0,0,1812,20399,137,5992,1814,26391,California
San Joaquin,2021-01-23,899,33112,398,19580,501,13532,0,0,615,20733,283,6275,617,27008,California
San Joaquin,2021-01-24,351,33463,135,19715,216,13748,0,0,328,21041,20,6295,328,27336,California
San Joaquin,2021-01-25,1998,35461,1144,20859,854,14602,0,0,1433,21914,562,6857,1435,28771,California
San Joaquin,2021-01-26,2151,37612,1116,21975,1035,15637,0,0,1538,22850,607,7464,1543,30314,California
San Joaquin,2021-01-27,1730,39342,768,22743,962,16599,0,0,1234,23599,492,7956,1241,31555,California
San Joaquin,2021-01-28,2039,41381,767,23510,1272,17871,0,0,1385,24341,650,8606,1392,32947,California
San Joaquin,2021-01-29,2152,43533,1047,24557,1105,18976,0,0,1805,25813,341,8947,1813,34760,California
San Joaquin,2021-01-30,2170,45703,352,24909,1818,20794,0,0,1992,27630,177,9124,1994,36754,California
San Joaquin,2021-01-31,1559,47262,181,25090,1378,22172,0,0,1494,29061,64,9188,1495,38249,California
San Joaquin,2021-02-01,2524,49786,1339,26429,1185,23357,0,0,1767,30074,757,9945,1770,40019,California
San Joaquin,2021-02-02,2580,52366,1154,27583,1426,24783,0,0,1970,31498,550,10495,1974,41993,California
San Joaquin,2021-02-03,3074,55440,1213,28796,1861,26644,0,0,2209,32855,858,11353,2215,44208,California
San Joaquin,2021-02-04,3537,58977,1812,30608,1725,28369,0,0,2645,34619,887,12240,2651,46859,California
San Joaquin,2021-02-05,3164,62141,1802,32410,1362,29731,0,0,2342,36160,813,13053,2354,49213,California
San Joaquin,2021-02-06,1085,63226,746,33156,339,30070,0,0,942,36962,141,13194,943,50156,California
San Joaquin,2021-02-07,618,63844,489,33645,129,30199,0,0,414,37178,199,13393,415,50571,California
San Joaquin,2021-02-08,1784,65628,1034,34679,750,30949,0,0,1444,38311,317,13710,1450,52021,California
San Joaquin,2021-02-09,2120,67748,1152,35831,968,31917,0,0,1580,39423,470,14180,1582,53603,California
San Joaquin,2021-02-10,2557,70305,1246,37077,1311,33228,0,0,1339,39567,1196,15376,1340,54943,California
San Joaquin,2021-02-11,2910,73215,1482,38559,1428,34656,0,0,1697,40089,1181,16557,1703,56646,California
San Joaquin,2021-02-12,2816,76031,1127,39686,1689,36345,0,0,1594,40487,1201,17758,1599,58245,California
San Joaquin,2021-02-13,2117,78148,396,40082,1721,38066,0,0,855,40100,1248,19006,861,59106,California
San Joaquin,2021-02-14,1902,80050,260,40342,1642,39708,0,0,690,39608,1183,20189,691,59797,California
San Joaquin,2021-02-15,1989,82039,837,41179,1152,40860,0,0,1196,40045,763,20952,1200,60997,California
San Joaquin,2021-02-16,3157,85196,1372,42551,1785,42645,0,0,1745,40404,1397,22349,1756,62753,California
San Joaquin,2021-02-17,3276,88472,1265,43816,2011,44656,0,0,1866,40877,1397,23746,1870,64623,California
San Joaquin,2021-02-18,3335,91807,1370,45186,1965,46621,0,0,1897,41374,1405,25151,1902,66525,California
San Joaquin,2021-02-19,4263,96070,2407,47593,1856,48477,0,0,2386,41938,1822,26973,2386,68911,California
San Joaquin,2021-02-20,1550,97620,658,48251,892,49369,0,0,1055,42499,494,27467,1055,69966,California
San Joaquin,2021-02-21,664,98284,504,48755,160,49529,0,0,416,42673,245,27712,419,70385,California
San Joaquin,2021-02-22,3535,101819,2494,51249,1041,50570,0,0,2527,44225,979,28691,2531,72916,California
San Joaquin,2021-02-23,4302,106121,2617,53866,1685,52255,0,0,2648,45252,1626,30317,2653,75569,California
San Joaquin,2021-02-24,5745,111866,3413,57279,2332,54587,0,0,4126,47789,1594,31911,4131,79700,California
San Joaquin,2021-02-25,6330,118196,3912,61191,2418,57005,0,0,4084,49673,2210,34121,4094,83794,California
San Joaquin,2021-02-26,5475,123671,2848,64039,2627,59632,0,0,3768,51772,1675,35796,3774,87568,California
San Joaquin,2021-02-27,5459,129130,1620,65659,3839,63471,0,0,2629,51638,2775,38571,2641,90209,California
San Joaquin,2021-02-28,3082,132212,1106,66765,1976,65447,0,0,2035,52653,1022,39593,2037,92246,California
San Joaquin,2021-03-01,4106,136318,1804,68569,2300,67747,2,2,2328,53229,1761,41354,2337,94583,California
San Joaquin,2021-03-02,4204,140522,1679,70248,2525,70272,0,2,2642,54385,1541,42895,2697,97280,California
San Joaquin,2021-03-03,5780,146302,3433,73681,2345,72617,2,4,4169,56968,1587,44482,4170,101450,California
San Joaquin,2021-03-04,5712,152014,2267,75948,3442,76059,3,7,3734,58743,1963,46445,3738,105188,California
San Joaquin,2021-03-05,4451,156465,1896,77844,2550,78609,5,12,3069,60455,1366,47811,3078,108266,California
San Joaquin,2021-03-06,3301,159766,2173,80017,998,79607,130,142,2718,62727,579,48390,2851,111117,California
San Joaquin,2021-03-07,1221,160987,563,80580,610,80217,48,190,936,63429,267,48657,969,112086,California
San Joaquin,2021-03-08,3146,164133,1262,81842,1759,81976,125,315,2132,64683,1002,49659,2256,114342,California
San Joaquin,2021-03-09,4020,168153,1821,83663,2071,84047,128,443,2667,66144,1339,50998,2800,117142,California
San Joaquin,2021-03-10,4640,172793,2465,86128,2036,86083,139,582,3414,68487,1211,52209,3554,120696,California
San Joaquin,2021-03-11,4937,177730,2343,88471,1992,88075,602,1184,2936,70037,1991,54200,3541,124237,California
San Joaquin,2021-03-12,6279,184009,3134,91605,2810,90885,335,1519,4157,72440,2096,56296,4499,128736,California
San Joaquin,2021-03-13,3067,187076,1454,93059,1487,92372,126,1645,2288,74091,771,57067,2422,131158,California
San Joaquin,2021-03-14,2161,189237,671,93730,1187,93559,303,1948,1028,74301,1126,58193,1336,132494,California
San Joaquin,2021-03-15,6071,195308,3495,97225,2171,95730,405,2353,3176,75033,2862,61055,3594,136088,California
San Joaquin,2021-03-16,6850,202158,3897,101122,2695,98425,258,2611,4035,76538,2794,63849,4299,140387,California
San Joaquin,2021-03-17,7803,209961,4675,105797,3058,101483,70,2681,4338,77528,3427,67276,4417,144804,California
San Joaquin,2021-03-18,7635,217596,4491,110288,2639,104122,505,3186,3773,77995,3819,71095,4286,149090,California
San Joaquin,2021-03-19,7933,225529,4650,114938,2741,106863,542,3728,4804,80282,3106,74201,5393,154483,California
San Joaquin,2021-03-20,3681,229210,2126,117064,1311,108174,244,3972,1830,80531,1836,76037,2085,156568,California
San Joaquin,2021-03-21,2107,231317,1494,118558,406,108580,207,4179,1184,81053,913,76950,1435,158003,California
San Joaquin,2021-03-22,3967,235284,2032,120590,1519,110099,416,4595,2343,82210,1608,78558,2765,160768,California
San Joaquin,2021-03-23,5379,240663,2642,123232,2570,112669,167,4762,3710,84444,1650,80208,3884,164652,California
San Joaquin,2021-03-24,6833,247496,4241,127473,2505,115174,87,4849,3018,83779,3778,83986,3113,167765,California
San Joaquin,2021-03-25,5557,253053,3301,130774,2214,117388,42,4891,3294,84881,2241,86227,3343,171108,California
San Joaquin,2021-03-26,6171,259224,2558,133332,3463,120851,150,5041,3232,85368,2914,89141,3401,174509,California
San Joaquin,2021-03-27,4662,263886,2624,135956,1966,122817,72,5113,1807,84426,2832,91973,1890,176399,California
San Joaquin,2021-03-28,2722,266608,1807,137763,890,123707,25,5138,1294,84416,1408,93381,1398,177797,California
San Joaquin,2021-03-29,4039,270647,2180,139943,1836,125543,23,5161,2018,84467,2005,95386,2056,179853,California
San Joaquin,2021-03-30,6218,276865,3163,143106,2963,128506,92,5253,3428,85244,2763,98149,3540,183393,California
San Joaquin,2021-03-31,6588,283453,4150,147256,2377,130883,61,5314,3339,85435,3232,101381,3423,186816,California
San Joaquin,2021-04-01,6408,289861,2972,150228,3349,134232,87,5401,2830,84854,3555,104936,2974,189790,California
San Joaquin,2021-04-02,6332,296193,2880,153108,2961,137193,491,5892,2531,84132,3776,108712,3054,192844,California
San Joaquin,2021-04-03,4138,300331,2330,155438,1483,138676,325,6217,1996,84337,2125,110837,2330,195174,California
San Joaquin,2021-04-04,2281,302612,1365,156803,714,139390,202,6419,1548,85379,725,111562,1767,196941,California
San Joaquin,2021-04-05,4760,307372,2828,159631,1700,141090,232,6651,2632,86137,2116,113678,2874,199815,California
San Joaquin,2021-04-06,7038,314410,4524,164155,2248,143338,266,6917,3329,86067,3681,117359,3611,203426,California
San Joaquin,2021-04-07,8324,322734,4524,168679,2213,145551,1587,8504,3493,86347,4815,122174,5095,208521,California
San Joaquin,2021-04-08,8738,331472,4699,173378,1936,147487,2103,10607,3305,86349,5406,127580,5408,213929,California
San Joaquin,2021-04-09,8858,340330,4272,177650,3028,150515,1558,12165,3208,85508,5627,133207,4786,218715,California
San Joaquin,2021-04-10,5211,345541,1626,179276,1678,152193,1907,14072,1759,85729,3441,136648,3662,222377,California
San Joaquin,2021-04-11,4074,349615,1546,180822,1362,153555,1166,15238,1767,86360,2297,138945,2928,225305,California
San Joaquin,2021-04-12,5968,355583,2378,183200,2054,155609,1536,16774,2332,86617,3616,142561,3873,229178,California
San Joaquin,2021-04-13,7456,363039,4296,187496,3153,158762,7,16781,4568,88335,2865,145426,4583,233761,California
San Joaquin,2021-04-14,7453,370492,3722,191218,3730,162492,1,16782,4464,89838,2971,148397,4474,238235,California
San Joaquin,2021-04-15,7799,378291,4599,195817,3200,165692,0,16782,4354,90787,3411,151808,4360,242595,California
San Joaquin,2021-04-16,7627,385918,4072,199889,3552,169244,3,16785,4571,92343,3029,154837,4585,247180,California
San Joaquin,2021-04-17,5148,391066,2781,202670,2365,171609,2,16787,3654,94531,1484,156321,3672,250852,California
San Joaquin,2021-04-18,2464,393530,1365,204035,1099,172708,0,16787,1307,94704,1142,157463,1315,252167,California
San Joaquin,2021-04-19,5175,398705,2798,206833,2377,175085,0,16787,2766,95096,2384,159847,2776,254943,California
San Joaquin,2021-04-20,6223,404928,3277,210110,2946,178031,0,16787,2951,94811,3246,163093,2961,257904,California
San Joaquin,2021-04-21,5645,410573,3129,213239,2516,180547,0,16787,2918,95056,2680,165773,2925,260829,California
San Joaquin,2021-04-22,5291,415864,3131,216370,2158,182705,2,16789,3067,95944,2198,167971,3086,263915,California
San Joaquin,2021-04-23,5903,421767,2837,219207,3065,185770,1,16790,3748,97562,2135,170106,3753,267668,California
San Joaquin,2021-04-24,5231,426998,3606,222813,1624,187394,1,16791,3411,99185,1796,171902,3419,271087,California
San Joaquin,2021-04-25,3044,430042,2561,225374,483,187877,0,16791,2013,100194,1011,172913,2020,273107,California
San Joaquin,2021-04-26,3919,433961,2593,227967,1322,189199,4,16795,2060,100416,1846,174759,2068,275175,California
San Joaquin,2021-04-27,4500,438461,2607,230574,1843,191042,50,16845,1897,99788,2581,177340,1953,277128,California
San Joaquin,2021-04-28,5526,443987,3329,233903,2122,193164,75,16920,2727,99830,2768,180108,2810,279938,California
San Joaquin,2021-04-29,4822,448809,2818,236721,1948,195112,56,16976,2441,99970,2363,182471,2503,282441,California
San Joaquin,2021-04-30,4942,453751,2407,239128,2468,197580,67,17043,2560,100239,2366,184837,2635,285076,California
San Joaquin,2021-05-01,3327,457078,1907,241035,1361,198941,59,17102,2119,101229,1201,186038,2191,287267,California
San Joaquin,2021-05-02,2290,459368,1593,242628,641,199582,56,17158,1170,101341,1116,187154,1228,288495,California
San Joaquin,2021-05-03,3309,462677,2242,244870,992,200574,75,17233,1396,100919,1900,189054,1478,289973,California
San Joaquin,2021-05-04,4834,467511,3292,248162,1386,201960,156,17389,1782,99835,3032,192086,1948,291921,California
San Joaquin,2021-05-05,4723,472234,3170,251332,1391,203351,162,17551,1947,99200,2751,194837,2116,294037,California
San Joaquin,2021-05-06,4619,476853,3085,254417,1406,204757,128,17679,2037,98810,2565,197402,2175,296212,California
San Joaquin,2021-05-07,5073,481926,2941,257358,1979,206736,153,17832,1888,97697,3162,200564,2049,298261,California
San Joaquin,2021-05-08,3260,485186,2097,259455,1062,207798,101,17933,1205,96970,2041,202605,1314,299575,California
San Joaquin,2021-05-09,1473,486659,836,260291,567,208365,70,18003,592,96759,878,203483,667,300242,California
San Joaquin,2021-05-10,2796,489455,1465,261756,1208,209573,123,18126,917,95940,1865,205348,1046,301288,California
San Joaquin,2021-05-11,4073,493528,2153,263909,1805,211378,115,18241,1300,94624,2758,208106,1442,302730,California
San Joaquin,2021-05-12,4086,497614,1891,265800,2081,213459,114,18355,1295,93269,2777,210883,1422,304152,California
San Joaquin,2021-05-13,4263,501877,2401,268201,1777,215236,85,18440,1577,92271,2672,213555,1674,305826,California
San Joaquin,2021-05-14,5713,507590,3398,271599,2207,217443,108,18548,2400,91500,3287,216842,2516,308342,California
San Joaquin,2021-05-15,5207,512797,3089,274688,2040,219483,78,18626,1628,89661,3548,220390,1709,310051,California
San Joaquin,2021-05-16,3535,516332,2762,277450,724,220207,49,18675,1432,89060,2090,222480,1489,311540,California
San Joaquin,2021-05-17,4106,520438,2454,279904,1555,221762,97,18772,1798,88675,2293,224773,1908,313448,California
San Joaquin,2021-05-18,3913,524351,2261,282165,1539,223301,113,18885,1894,88680,2002,226775,2007,315455,California
San Joaquin,2021-05-19,4700,529051,2719,284884,1849,225150,132,19017,2069,88290,2600,229375,2210,317665,California
San Joaquin,2021-05-20,3493,532544,2155,287039,1252,226402,86,19103,1605,88111,1870,231245,1691,319356,California
San Joaquin,2021-05-21,4309,536853,2538,289577,1667,228069,104,19207,1969,87880,2312,233557,2081,321437,California
San Joaquin,2021-05-22,3423,540276,2157,291734,1187,229256,79,19286,1616,87789,1794,235351,1703,323140,California
San Joaquin,2021-05-23,2083,542359,1804,293538,248,229504,31,19317,1295,88334,782,236133,1327,324467,California
San Joaquin,2021-05-24,2924,545283,1672,295210,1164,230668,88,19405,1393,88308,1514,237647,1488,325955,California
San Joaquin,2021-05-25,2987,548270,1886,297096,1002,231670,99,19504,1457,88356,1509,239156,1557,327512,California
San Joaquin,2021-05-26,3046,551316,1580,298676,1394,233064,72,19576,1254,87903,1784,240940,1331,328843,California
San Joaquin,2021-05-27,2871,554187,1465,300141,1330,234394,76,19652,1134,87399,1723,242663,1219,330062,California
San Joaquin,2021-05-28,2924,557111,1520,301661,1320,235714,84,19736,1331,87253,1571,244234,1425,331487,California
San Joaquin,2021-05-29,1024,558135,440,302101,574,236288,10,19746,365,86971,659,244893,377,331864,California
San Luis Obispo,2020-12-16,4,4,4,4,0,0,0,0,4,4,0,0,4,4,California
San Luis Obispo,2020-12-17,196,200,196,200,0,0,0,0,196,200,0,0,196,200,California
San Luis Obispo,2020-12-18,224,424,224,424,0,0,0,0,224,424,0,0,224,424,California
San Luis Obispo,2020-12-19,162,586,162,586,0,0,0,0,162,586,0,0,162,586,California
San Luis Obispo,2020-12-20,215,801,215,801,0,0,0,0,215,801,0,0,215,801,California
San Luis Obispo,2020-12-21,550,1351,549,1350,1,1,0,0,550,1351,0,0,550,1351,California
San Luis Obispo,2020-12-22,311,1662,307,1657,4,5,0,0,311,1662,0,0,311,1662,California
San Luis Obispo,2020-12-23,680,2342,366,2023,314,319,0,0,680,2342,0,0,680,2342,California
San Luis Obispo,2020-12-24,195,2537,19,2042,176,495,0,0,195,2537,0,0,195,2537,California
San Luis Obispo,2020-12-25,2,2539,1,2043,1,496,0,0,2,2539,0,0,2,2539,California
San Luis Obispo,2020-12-26,90,2629,12,2055,78,574,0,0,90,2629,0,0,90,2629,California
San Luis Obispo,2020-12-27,76,2705,0,2055,76,650,0,0,76,2705,0,0,76,2705,California
San Luis Obispo,2020-12-28,879,3584,429,2484,450,1100,0,0,879,3584,0,0,879,3584,California
San Luis Obispo,2020-12-29,903,4487,504,2988,399,1499,0,0,903,4487,0,0,903,4487,California
San Luis Obispo,2020-12-30,1170,5657,679,3667,491,1990,0,0,1170,5657,0,0,1170,5657,California
San Luis Obispo,2020-12-31,107,5764,4,3671,103,2093,0,0,107,5764,0,0,107,5764,California
San Luis Obispo,2021-01-01,13,5777,8,3679,5,2098,0,0,13,5777,0,0,13,5777,California
San Luis Obispo,2021-01-02,34,5811,8,3687,26,2124,0,0,34,5811,0,0,34,5811,California
San Luis Obispo,2021-01-03,16,5827,6,3693,10,2134,0,0,16,5827,0,0,16,5827,California
San Luis Obispo,2021-01-04,681,6508,525,4218,156,2290,0,0,681,6508,0,0,681,6508,California
San Luis Obispo,2021-01-05,972,7480,754,4972,218,2508,0,0,970,7476,2,2,970,7478,California
San Luis Obispo,2021-01-06,727,8207,480,5452,247,2755,0,0,719,8188,7,9,719,8197,California
San Luis Obispo,2021-01-07,1127,9334,949,6401,178,2933,0,0,684,8429,443,452,684,8881,California
San Luis Obispo,2021-01-08,882,10216,804,7205,78,3011,0,0,513,8574,368,820,513,9394,California
San Luis Obispo,2021-01-09,205,10421,195,7400,10,3021,0,0,28,8425,177,997,28,9422,California
San Luis Obispo,2021-01-10,12,10433,8,7408,4,3025,0,0,8,8429,4,1001,8,9430,California
San Luis Obispo,2021-01-11,560,10993,509,7917,51,3076,0,0,298,8466,261,1262,298,9728,California
San Luis Obispo,2021-01-12,598,11591,381,8298,217,3293,0,0,318,8504,280,1542,318,10046,California
San Luis Obispo,2021-01-13,884,12475,256,8554,628,3921,0,0,648,8918,234,1776,648,10694,California
San Luis Obispo,2021-01-14,728,13203,242,8796,486,4407,0,0,602,9407,113,1889,602,11296,California
San Luis Obispo,2021-01-15,727,13930,286,9082,441,4848,0,0,554,9793,168,2057,554,11850,California
San Luis Obispo,2021-01-16,100,14030,81,9163,19,4867,0,0,95,9883,5,2062,95,11945,California
San Luis Obispo,2021-01-17,64,14094,58,9221,6,4873,0,0,64,9947,0,2062,64,12009,California
San Luis Obispo,2021-01-18,1371,15465,388,9609,983,5856,0,0,1108,10792,263,2325,1108,13117,California
San Luis Obispo,2021-01-19,1583,17048,417,10026,1166,7022,0,0,1175,11559,408,2733,1175,14292,California
San Luis Obispo,2021-01-20,1887,18935,598,10624,1289,8311,0,0,1297,12269,588,3321,1298,15590,California
San Luis Obispo,2021-01-21,1572,20507,467,11091,1105,9416,0,0,1200,13102,368,3689,1201,16791,California
San Luis Obispo,2021-01-22,1519,22026,505,11596,1014,10430,0,0,1204,13993,313,4002,1204,17995,California
San Luis Obispo,2021-01-23,311,22337,293,11889,18,10448,0,0,295,14272,16,4018,295,18290,California
San Luis Obispo,2021-01-24,244,22581,236,12125,8,10456,0,0,238,14504,6,4024,238,18528,California
San Luis Obispo,2021-01-25,2075,24656,600,12725,1475,11931,0,0,1246,14921,829,4853,1246,19774,California
San Luis Obispo,2021-01-26,2000,26656,699,13424,1301,13232,0,0,1139,15199,861,5714,1139,20913,California
San Luis Obispo,2021-01-27,1609,28265,283,13707,1326,14558,0,0,1151,15892,458,6172,1151,22064,California
San Luis Obispo,2021-01-28,1496,29761,344,14051,1152,15710,0,0,1234,16866,260,6432,1234,23298,California
San Luis Obispo,2021-01-29,1737,31498,681,14732,1056,16766,0,0,1452,18033,285,6717,1452,24750,California
San Luis Obispo,2021-01-30,38,31536,19,14751,19,16785,0,0,26,18048,11,6728,26,24776,California
San Luis Obispo,2021-01-31,27,31563,19,14770,8,16793,0,0,25,18071,2,6730,25,24801,California
San Luis Obispo,2021-02-01,1708,33271,739,15509,969,17762,0,0,1405,19174,302,7032,1405,26206,California
San Luis Obispo,2021-02-02,1897,35168,679,16188,1218,18980,0,0,1522,20321,375,7407,1522,27728,California
San Luis Obispo,2021-02-03,1708,36876,729,16917,979,19959,0,0,1294,21201,414,7821,1294,29022,California
San Luis Obispo,2021-02-04,1659,38535,802,17719,857,20816,0,0,1093,21728,566,8387,1093,30115,California
San Luis Obispo,2021-02-05,1604,40139,715,18434,889,21705,0,0,1060,22244,545,8932,1061,31176,California
San Luis Obispo,2021-02-06,175,40314,108,18542,67,21772,0,0,95,22259,80,9012,95,31271,California
San Luis Obispo,2021-02-07,125,40439,80,18622,45,21817,0,0,72,22279,53,9065,73,31344,California
San Luis Obispo,2021-02-08,857,41296,469,19091,388,22205,0,0,499,22421,357,9422,499,31843,California
San Luis Obispo,2021-02-09,1123,42419,448,19539,675,22880,0,0,542,22395,575,9997,549,32392,California
San Luis Obispo,2021-02-10,1438,43857,489,20028,949,23829,0,0,530,22021,907,10904,533,32925,California
San Luis Obispo,2021-02-11,1330,45187,843,20871,487,24316,0,0,656,22005,672,11576,656,33581,California
San Luis Obispo,2021-02-12,786,45973,362,21233,424,24740,0,0,421,22061,365,11941,421,34002,California
San Luis Obispo,2021-02-13,394,46367,127,21360,267,25007,0,0,286,22240,107,12048,286,34288,California
San Luis Obispo,2021-02-14,318,46685,41,21401,277,25284,0,0,282,22487,36,12084,283,34571,California
San Luis Obispo,2021-02-15,728,47413,138,21539,590,25874,0,0,474,22708,253,12337,474,35045,California
San Luis Obispo,2021-02-16,2965,50378,1198,22737,1767,27641,0,0,1359,22461,1606,13943,1359,36404,California
San Luis Obispo,2021-02-17,2779,53157,1238,23975,1541,29182,0,0,1029,21749,1741,15684,1029,37433,California
San Luis Obispo,2021-02-18,2828,55985,1461,25436,1367,30549,0,0,1135,21200,1685,17369,1136,38569,California
San Luis Obispo,2021-02-19,1459,57444,1338,26774,121,30670,0,0,1135,22012,323,17692,1135,39704,California
San Luis Obispo,2021-02-20,254,57698,81,26855,173,30843,0,0,216,22190,38,17730,216,39920,California
San Luis Obispo,2021-02-21,57,57755,53,26908,4,30847,0,0,32,22197,25,17755,32,39952,California
San Luis Obispo,2021-02-22,2412,60167,1865,28773,547,31394,0,0,1466,22718,946,18701,1467,41419,California
San Luis Obispo,2021-02-23,1861,62028,1746,30519,115,31509,0,0,1367,23593,493,19194,1368,42787,California
San Luis Obispo,2021-02-24,2645,64673,1301,31820,1344,32853,0,0,835,22621,1807,21001,835,43622,California
San Luis Obispo,2021-02-25,2132,66805,1243,33063,889,33742,0,0,1206,22908,920,21921,1207,44829,California
San Luis Obispo,2021-02-26,2649,69454,1150,34213,1499,35241,0,0,1326,22920,1314,23235,1326,46155,California
San Luis Obispo,2021-02-27,575,70029,349,34562,226,35467,0,0,525,23395,50,23285,525,46680,California
San Luis Obispo,2021-02-28,196,70225,69,34631,127,35594,0,0,161,23522,34,23319,161,46841,California
San Luis Obispo,2021-03-01,2977,73202,1850,36481,1125,36719,2,2,2048,24643,930,24249,2051,48892,California
San Luis Obispo,2021-03-02,3026,76228,1909,38390,1117,37836,0,2,1874,25371,1147,25396,1875,50767,California
San Luis Obispo,2021-03-03,2341,78569,338,38728,2003,39839,0,2,848,24733,1487,26883,849,51616,California
San Luis Obispo,2021-03-04,2196,80765,1160,39888,1036,40875,0,2,1181,24903,1013,27896,1183,52799,California
San Luis Obispo,2021-03-05,2300,83065,1021,40909,1209,42084,70,72,1296,25279,990,28886,1366,54165,California
San Luis Obispo,2021-03-06,837,83902,310,41219,420,42504,107,179,617,25777,220,29106,718,54883,California
San Luis Obispo,2021-03-07,201,84103,33,41252,84,42588,84,263,73,25807,127,29233,157,55040,California
San Luis Obispo,2021-03-08,2738,86841,760,42012,1662,44250,316,579,1543,26475,1191,30424,1859,56899,California
San Luis Obispo,2021-03-09,2950,89791,968,42980,1734,45984,248,827,1526,26829,1420,31844,1774,58673,California
San Luis Obispo,2021-03-10,3196,92987,1241,44221,1673,47657,282,1109,1814,27547,1378,33222,2096,60769,California
San Luis Obispo,2021-03-11,3296,96283,1271,45492,1702,49359,323,1432,1804,28191,1482,34704,2126,62895,California
San Luis Obispo,2021-03-12,3250,99533,1282,46774,1630,50989,338,1770,1616,28522,1626,36330,1957,64852,California
San Luis Obispo,2021-03-13,797,100330,262,47036,426,51415,109,1879,431,28699,365,36695,542,65394,California
San Luis Obispo,2021-03-14,514,100844,53,47089,350,51765,111,1990,134,28565,379,37074,245,65639,California
San Luis Obispo,2021-03-15,3058,103902,1098,48187,1862,53627,98,2088,1529,28668,1525,38599,1628,67267,California
San Luis Obispo,2021-03-16,2849,106751,1510,49697,1229,54856,110,2198,1435,28804,1408,40007,1544,68811,California
San Luis Obispo,2021-03-17,3436,110187,1449,51146,1726,56582,261,2459,1989,29617,1436,41443,2249,71060,California
San Luis Obispo,2021-03-18,2810,112997,1447,52593,1149,57731,214,2673,1337,29699,1468,42911,1550,72610,California
San Luis Obispo,2021-03-19,2590,115587,1567,54160,702,58433,321,2994,958,29356,1624,44535,1281,73891,California
San Luis Obispo,2021-03-20,840,116427,502,54662,301,58734,37,3031,386,29326,453,44988,423,74314,California
San Luis Obispo,2021-03-21,187,116614,45,54707,139,58873,3,3034,157,29457,29,45017,160,74474,California
San Luis Obispo,2021-03-22,2697,119311,1171,55878,1478,60351,48,3082,1877,30566,816,45833,1925,76399,California
San Luis Obispo,2021-03-23,3380,122691,2211,58089,1137,61488,32,3114,2268,31759,1107,46940,2300,78699,California
San Luis Obispo,2021-03-24,3522,126213,2143,60232,1294,62782,85,3199,2623,33572,894,47834,2707,81406,California
San Luis Obispo,2021-03-25,3682,129895,2299,62531,1371,64153,12,3211,2636,35177,1042,48876,2647,84053,California
San Luis Obispo,2021-03-26,3202,133097,1772,64303,997,65150,433,3644,1796,36008,1401,50277,2232,86285,California
San Luis Obispo,2021-03-27,993,134090,507,64810,394,65544,92,3736,452,36013,539,50816,544,86829,California
San Luis Obispo,2021-03-28,446,134536,153,64963,237,65781,56,3792,245,36114,200,51016,301,87130,California
San Luis Obispo,2021-03-29,2596,137132,1295,66258,1168,66949,133,3925,1657,36979,925,51941,1790,88920,California
San Luis Obispo,2021-03-30,3512,140644,1921,68179,1448,68397,143,4068,2336,38287,1170,53111,2478,91398,California
San Luis Obispo,2021-03-31,3878,144522,2467,70646,1265,69662,146,4214,2501,39566,1367,54478,2646,94044,California
San Luis Obispo,2021-04-01,3861,148383,2438,73084,1304,70966,119,4333,2701,41241,1147,55625,2822,96866,California
San Luis Obispo,2021-04-02,1750,150133,689,73773,748,71714,313,4646,950,41704,798,56423,1261,98127,California
San Luis Obispo,2021-04-03,1110,151243,557,74330,426,72140,127,4773,493,41711,613,57036,620,98747,California
San Luis Obispo,2021-04-04,383,151626,131,74461,212,72352,40,4813,236,41840,147,57183,276,99023,California
San Luis Obispo,2021-04-05,3617,155243,1949,76410,1557,73909,111,4924,2025,42390,1589,58772,2139,101162,California
San Luis Obispo,2021-04-06,4054,159297,2158,78568,1573,75482,323,5247,1938,42557,2107,60879,2274,103436,California
San Luis Obispo,2021-04-07,4305,163602,2345,80913,1595,77077,365,5612,2457,43552,1833,62712,2828,106264,California
San Luis Obispo,2021-04-08,4044,167646,2200,83113,1440,78517,404,6016,2155,44236,1882,64594,2566,108830,California
San Luis Obispo,2021-04-09,3664,171310,1746,84859,1162,79679,756,6772,1507,44347,2146,66740,2257,111087,California
San Luis Obispo,2021-04-10,1582,172892,563,85422,355,80034,664,7436,493,44413,1089,67829,1155,112242,California
San Luis Obispo,2021-04-11,312,173204,63,85485,186,80220,63,7499,125,44416,185,68014,188,112430,California
San Luis Obispo,2021-04-12,3374,176578,1696,87181,1515,81735,163,7662,1410,44024,1964,69978,1572,114002,California
San Luis Obispo,2021-04-13,3642,180220,2101,89282,1540,83275,1,7663,1965,44316,1675,71653,1967,115969,California
San Luis Obispo,2021-04-14,2880,183100,1702,90984,1175,84450,3,7666,1677,44802,1191,72844,1677,117646,California
San Luis Obispo,2021-04-15,3697,186797,2407,93391,1289,85739,1,7667,1978,45081,1701,74545,1980,119626,California
San Luis Obispo,2021-04-16,3632,190429,2212,95603,1416,87155,4,7671,1788,45031,1840,76385,1790,121416,California
San Luis Obispo,2021-04-17,1091,191520,431,96034,658,87813,2,7673,709,45361,381,76766,711,122127,California
San Luis Obispo,2021-04-18,321,191841,99,96133,221,88034,1,7674,111,45265,207,76973,111,122238,California
San Luis Obispo,2021-04-19,3154,194995,1306,97439,1810,89844,38,7712,1124,44403,2026,78999,1164,123402,California
San Luis Obispo,2021-04-20,3571,198566,1977,99416,1594,91438,0,7712,1339,43523,2220,81219,1340,124742,California
San Luis Obispo,2021-04-21,3911,202477,1801,101217,2110,93548,0,7712,1589,42810,2302,83521,1589,126331,California
San Luis Obispo,2021-04-22,4576,207053,2054,103271,2522,96070,0,7712,1427,41107,3132,86653,1429,127760,California
San Luis Obispo,2021-04-23,1459,208512,842,104113,613,96683,4,7716,699,41061,756,87409,710,128470,California
San Luis Obispo,2021-04-24,1079,209591,439,104552,621,97304,19,7735,505,41004,581,87990,524,128994,California
San Luis Obispo,2021-04-25,346,209937,161,104713,185,97489,0,7735,113,40885,232,88222,113,129107,California
San Luis Obispo,2021-04-26,963,210900,336,105049,610,98099,17,7752,356,40662,595,88817,372,129479,California
San Luis Obispo,2021-04-27,3699,214599,1916,106965,1714,99813,69,7821,1429,39897,2262,91079,1497,130976,California
San Luis Obispo,2021-04-28,3729,218328,2089,109054,1568,101381,72,7893,1282,38817,2434,93513,1354,132330,California
San Luis Obispo,2021-04-29,3661,221989,2112,111166,1480,102861,69,7962,1215,37670,2432,95945,1285,133615,California
San Luis Obispo,2021-04-30,2971,224960,1667,112833,1231,104092,73,8035,929,36643,2027,97972,1000,134615,California
San Luis Obispo,2021-05-01,472,225432,160,112993,276,104368,36,8071,100,36410,368,98340,135,134750,California
San Luis Obispo,2021-05-02,170,225602,52,113045,98,104466,20,8091,42,36344,128,98468,62,134812,California
San Luis Obispo,2021-05-03,887,226489,290,113335,494,104960,103,8194,225,36009,661,99129,326,135138,California
San Luis Obispo,2021-05-04,2923,229412,1897,115232,963,105923,63,8257,865,34884,2051,101180,926,136064,California
San Luis Obispo,2021-05-05,2805,232217,1851,117083,888,106811,66,8323,693,33543,2101,103281,760,136824,California
San Luis Obispo,2021-05-06,2788,235005,1887,118970,849,107660,52,8375,730,32282,2043,105324,782,137606,California
San Luis Obispo,2021-05-07,2312,237317,1755,120725,496,108156,61,8436,608,31270,1684,107008,672,138278,California
San Luis Obispo,2021-05-08,566,237883,333,121058,209,108365,24,8460,191,31128,357,107365,215,138493,California
San Luis Obispo,2021-05-09,164,238047,41,121099,104,108469,19,8479,46,31076,117,107482,65,138558,California
San Luis Obispo,2021-05-10,720,238767,151,121250,521,108990,48,8527,154,30716,561,108043,201,138759,California
San Luis Obispo,2021-05-11,1165,239932,596,121846,499,109489,70,8597,359,30343,802,108845,429,139188,California
San Luis Obispo,2021-05-12,2365,242297,1576,123422,707,110196,82,8679,675,29425,1675,110520,757,139945,California
San Luis Obispo,2021-05-13,1038,243335,650,124072,329,110525,59,8738,445,29339,589,111109,503,140448,California
San Luis Obispo,2021-05-14,2190,245525,1618,125690,531,111056,41,8779,919,29045,1254,112363,960,141408,California
San Luis Obispo,2021-05-15,992,246517,459,126149,499,111555,34,8813,471,29032,519,112882,506,141914,California
San Luis Obispo,2021-05-16,305,246822,163,126312,136,111691,6,8819,172,29078,132,113014,178,142092,California
San Luis Obispo,2021-05-17,1658,248480,964,127276,642,112333,52,8871,669,28820,980,113994,722,142814,California
San Luis Obispo,2021-05-18,1888,250368,1150,128426,706,113039,32,8903,730,28430,1153,115147,763,143577,California
San Luis Obispo,2021-05-19,1444,251812,623,129049,759,113798,62,8965,418,27888,1021,116168,479,144056,California
San Luis Obispo,2021-05-20,970,252782,442,129491,497,114295,31,8996,272,27504,687,116855,303,144359,California
San Luis Obispo,2021-05-21,854,253636,487,129978,333,114628,34,9030,404,27501,441,117296,438,144797,California
San Luis Obispo,2021-05-22,531,254167,281,130259,225,114853,25,9055,282,27565,242,117538,306,145103,California
San Luis Obispo,2021-05-23,74,254241,43,130302,27,114880,4,9059,33,27561,41,117579,37,145140,California
San Luis Obispo,2021-05-24,562,254803,261,130563,266,115146,35,9094,220,27476,340,117919,255,145395,California
San Luis Obispo,2021-05-25,849,255652,425,130988,402,115548,22,9116,357,27369,486,118405,379,145774,California
San Luis Obispo,2021-05-26,2028,257680,959,131947,1015,116563,54,9170,661,26719,1363,119768,713,146487,California
San Luis Obispo,2021-05-27,1789,259469,640,132587,1116,117679,33,9203,472,25912,1312,121080,505,146992,California
San Luis Obispo,2021-05-28,741,260210,346,132933,378,118057,17,9220,349,25888,390,121470,366,147358,California
San Luis Obispo,2021-05-29,37,260247,8,132941,27,118084,2,9222,9,25872,27,121497,11,147369,California
San Mateo,2020-12-15,26,26,26,26,0,0,0,0,26,26,0,0,26,26,California
San Mateo,2020-12-16,110,136,110,136,0,0,0,0,110,136,0,0,110,136,California
San Mateo,2020-12-17,164,300,164,300,0,0,0,0,164,300,0,0,164,300,California
San Mateo,2020-12-18,741,1041,739,1039,2,2,0,0,741,1041,0,0,741,1041,California
San Mateo,2020-12-19,514,1555,514,1553,0,2,0,0,514,1555,0,0,514,1555,California
San Mateo,2020-12-20,513,2068,512,2065,1,3,0,0,513,2068,0,0,513,2068,California
San Mateo,2020-12-21,1168,3236,1168,3233,0,3,0,0,1168,3236,0,0,1168,3236,California
San Mateo,2020-12-22,1544,4780,1536,4769,8,11,0,0,1544,4780,0,0,1544,4780,California
San Mateo,2020-12-23,1600,6380,1410,6179,190,201,0,0,1600,6380,0,0,1600,6380,California
San Mateo,2020-12-24,874,7254,617,6796,257,458,0,0,874,7254,0,0,874,7254,California
San Mateo,2020-12-25,118,7372,114,6910,4,462,0,0,118,7372,0,0,118,7372,California
San Mateo,2020-12-26,562,7934,419,7329,143,605,0,0,562,7934,0,0,562,7934,California
San Mateo,2020-12-27,305,8239,175,7504,130,735,0,0,305,8239,0,0,305,8239,California
San Mateo,2020-12-28,1057,9296,711,8215,346,1081,0,0,1057,9296,0,0,1057,9296,California
San Mateo,2020-12-29,1131,10427,705,8920,426,1507,0,0,1131,10427,0,0,1131,10427,California
San Mateo,2020-12-30,1264,11691,759,9679,505,2012,0,0,1264,11691,0,0,1264,11691,California
San Mateo,2020-12-31,718,12409,231,9910,487,2499,0,0,717,12407,1,1,717,12408,California
San Mateo,2021-01-01,88,12497,59,9969,29,2528,0,0,88,12495,0,1,88,12496,California
San Mateo,2021-01-02,398,12895,268,10237,130,2658,0,0,398,12893,0,1,398,12894,California
San Mateo,2021-01-03,284,13179,209,10446,75,2733,0,0,281,13171,3,4,281,13175,California
San Mateo,2021-01-04,1051,14230,678,11124,373,3106,0,0,1051,14222,0,4,1051,14226,California
San Mateo,2021-01-05,1207,15437,711,11835,496,3602,0,0,1178,15372,29,33,1179,15405,California
San Mateo,2021-01-06,1453,16890,954,12789,499,4101,0,0,1269,16461,181,214,1270,16675,California
San Mateo,2021-01-07,1458,18348,810,13599,648,4749,0,0,1169,17349,282,496,1170,17845,California
San Mateo,2021-01-08,1846,20194,1195,14794,651,5400,0,0,1149,17809,690,1186,1150,18995,California
San Mateo,2021-01-09,1178,21372,776,15570,402,5802,0,0,720,18071,458,1644,720,19715,California
San Mateo,2021-01-10,706,22078,580,16150,126,5928,0,0,266,17897,440,2084,266,19981,California
San Mateo,2021-01-11,2601,24679,1493,17643,1108,7036,0,0,1528,18353,1074,3158,1530,21511,California
San Mateo,2021-01-12,3404,28083,1896,19539,1508,8544,0,0,2215,19385,1187,4345,2219,23730,California
San Mateo,2021-01-13,3392,31475,1658,21197,1734,10278,0,0,2356,20707,1036,5381,2358,26088,California
San Mateo,2021-01-14,3782,35257,1587,22784,2195,12473,0,0,3095,23120,687,6068,3100,29188,California
San Mateo,2021-01-15,4326,39583,1708,24492,2618,15091,0,0,3795,26388,529,6597,3797,32985,California
San Mateo,2021-01-16,3073,42656,764,25256,2309,17400,0,0,2751,28818,322,6919,2752,35737,California
San Mateo,2021-01-17,1315,43971,308,25564,1007,18407,0,0,1107,29717,208,7127,1107,36844,California
San Mateo,2021-01-18,1372,45343,538,26102,834,19241,0,0,994,30336,375,7502,994,37838,California
San Mateo,2021-01-19,2803,48146,1798,27900,1005,20246,0,0,2006,31548,794,8296,2006,39844,California
San Mateo,2021-01-20,2804,50950,1547,29447,1257,21503,0,0,1960,32668,841,9137,1961,41805,California
San Mateo,2021-01-21,2859,53809,1302,30749,1557,23060,0,0,2266,34346,591,9728,2269,44074,California
San Mateo,2021-01-22,2802,56611,1138,31887,1664,24724,0,0,2502,36551,298,10026,2503,46577,California
San Mateo,2021-01-23,2882,59493,1689,33576,1193,25917,0,0,2519,38708,363,10389,2520,49097,California
San Mateo,2021-01-24,1519,61012,375,33951,1144,27061,0,0,1208,39607,310,10699,1209,50306,California
San Mateo,2021-01-25,4435,65447,3156,37107,1279,28340,0,0,3534,42246,899,11598,3538,53844,California
San Mateo,2021-01-26,4297,69744,2983,40090,1314,29654,0,0,3379,44709,917,12515,3380,57224,California
San Mateo,2021-01-27,2787,72531,1466,41556,1321,30975,0,0,1794,45517,987,13502,1795,59019,California
San Mateo,2021-01-28,2802,75333,1355,42911,1447,32422,0,0,1947,46624,840,14342,1947,60966,California
San Mateo,2021-01-29,2989,78322,1347,44258,1642,34064,0,0,2150,47940,837,15179,2153,63119,California
San Mateo,2021-01-30,3410,81732,1482,45740,1928,35992,0,0,2951,50434,458,15637,2952,66071,California
San Mateo,2021-01-31,1679,83411,896,46636,783,36775,0,0,1517,51790,161,15798,1517,67588,California
San Mateo,2021-02-01,2940,86351,1356,47992,1584,38359,0,0,2222,53299,714,16512,2223,69811,California
San Mateo,2021-02-02,3174,89525,1733,49725,1441,39800,0,0,2160,54448,1011,17523,2160,71971,California
San Mateo,2021-02-03,4995,94520,2059,51784,2936,42736,0,0,3851,57158,1142,18665,3852,75823,California
San Mateo,2021-02-04,6199,100719,2495,54279,3704,46440,0,0,4921,60810,1273,19938,4925,80748,California
San Mateo,2021-02-05,6802,107521,2556,56835,4246,50686,0,0,4974,63973,1811,21749,4974,85722,California
San Mateo,2021-02-06,3280,110801,1914,58749,1366,52052,0,0,2625,65946,654,22403,2627,88349,California
San Mateo,2021-02-07,1905,112706,1352,60101,553,52605,0,0,1713,67467,192,22595,1713,90062,California
San Mateo,2021-02-08,5287,117993,2255,62356,3032,55637,0,0,3111,68467,2111,24706,3111,93173,California
San Mateo,2021-02-09,6188,124181,3226,65582,2962,58599,0,0,3340,68965,2842,27548,3340,96513,California
San Mateo,2021-02-10,6513,130694,3279,68861,3234,61833,0,0,3424,69311,3078,30626,3424,99937,California
San Mateo,2021-02-11,7048,137742,3574,72435,3474,65307,0,0,3789,69853,3250,33876,3792,103729,California
San Mateo,2021-02-12,6634,144376,2962,75397,3672,68979,0,0,4703,72629,1929,35805,4705,108434,California
San Mateo,2021-02-13,6118,150494,4019,79416,2099,71078,0,0,2639,71794,3474,39279,2639,111073,California
San Mateo,2021-02-14,4642,155136,3024,82440,1618,72696,0,0,1985,71130,2650,41929,1986,113059,California
San Mateo,2021-02-15,3166,158302,1456,83896,1710,74406,0,0,1790,71551,1370,43299,1791,114850,California
San Mateo,2021-02-16,7151,165453,1882,85778,5269,79675,0,0,5278,74960,1871,45170,5280,120130,California
San Mateo,2021-02-17,7079,172532,1951,87729,5128,84803,0,0,5062,78011,2013,47183,5064,125194,California
San Mateo,2021-02-18,6665,179197,4600,92329,2065,86868,0,0,4439,80231,2222,49405,4442,129636,California
San Mateo,2021-02-19,7779,186976,5585,97914,2194,89062,0,0,5777,84013,1995,51400,5777,135413,California
San Mateo,2021-02-20,3737,190713,2423,100337,1314,90376,0,0,2307,84897,1423,52823,2307,137720,California
San Mateo,2021-02-21,2610,193323,1770,102107,840,91216,0,0,1563,85420,1040,53863,1563,139283,California
San Mateo,2021-02-22,4431,197754,3214,105321,1217,92433,0,0,2799,86594,1626,55489,2800,142083,California
San Mateo,2021-02-23,4351,202105,3108,108429,1243,93676,0,0,2539,87329,1804,57293,2539,144622,California
San Mateo,2021-02-24,7310,209415,3286,111715,4024,97700,0,0,4881,89790,2421,59714,4882,149504,California
San Mateo,2021-02-25,9115,218530,4030,115745,5085,102785,0,0,6036,92764,3063,62777,6037,155541,California
San Mateo,2021-02-26,9779,228309,3725,119470,6054,108839,0,0,6851,96705,2914,65691,6855,162396,California
San Mateo,2021-02-27,6793,235102,3498,122968,3294,112133,1,1,3685,97294,3102,68793,3691,166087,California
San Mateo,2021-02-28,4135,239237,2520,125488,1615,113748,0,1,2557,98280,1572,70365,2558,168645,California
San Mateo,2021-03-01,5747,244984,3624,129112,2121,115869,2,3,2865,98279,2868,73233,2867,171512,California
San Mateo,2021-03-02,6266,251250,4456,133568,1809,117678,1,4,3635,99293,2623,75856,3637,175149,California
San Mateo,2021-03-03,8461,259711,3986,137554,4473,122151,2,6,3657,98160,4792,80648,3659,178808,California
San Mateo,2021-03-04,8503,268214,4002,141556,4498,126649,3,9,3845,97372,4638,85286,3850,182658,California
San Mateo,2021-03-05,9356,277570,6243,147799,3109,129758,4,13,6578,101199,2758,88044,6585,189243,California
San Mateo,2021-03-06,7964,285534,5551,153350,2238,131996,175,188,5845,105108,2110,90154,6019,195262,California
San Mateo,2021-03-07,3604,289138,2447,155797,1088,133084,69,257,2132,105841,1468,91622,2201,197463,California
San Mateo,2021-03-08,4543,293681,2578,158375,1748,134832,217,474,3318,108156,1218,92840,3533,200996,California
San Mateo,2021-03-09,5332,299013,2868,161243,2187,137019,277,751,3743,110593,1579,94419,4016,205012,California
San Mateo,2021-03-10,7197,306210,2911,164154,4001,141020,285,1036,4811,113315,2373,96792,5095,210107,California
San Mateo,2021-03-11,9148,315358,5756,169910,2999,144019,393,1429,3729,112048,5388,102180,4121,214228,California
San Mateo,2021-03-12,10600,325958,6686,176596,3528,147547,386,1815,3584,109023,6998,109178,3973,218201,California
San Mateo,2021-03-13,8214,334172,3508,180104,3074,150621,1632,3447,3977,110400,4225,113403,5602,223803,California
San Mateo,2021-03-14,5004,339176,3375,183479,1522,152143,107,3554,2668,110846,2329,115732,2775,226578,California
San Mateo,2021-03-15,7215,346391,4664,188143,2375,154518,176,3730,3804,111422,3405,119137,3981,230559,California
San Mateo,2021-03-16,11960,358351,4404,192547,7434,161952,122,3852,4833,109270,7110,126247,4958,235517,California
San Mateo,2021-03-17,10869,369220,4430,196977,6312,168264,127,3979,4909,108377,5933,132180,5040,240557,California
San Mateo,2021-03-18,7309,376529,4109,201086,3017,171281,183,4162,4337,109931,2965,135145,4519,245076,California
San Mateo,2021-03-19,7475,384004,4840,205926,1968,173249,667,4829,3652,110437,3813,138958,4319,249395,California
San Mateo,2021-03-20,8418,392422,6532,212458,1545,174794,341,5170,5428,113229,2976,141934,5768,255163,California
San Mateo,2021-03-21,4250,396672,3219,215677,797,175591,234,5404,2379,113979,1860,143794,2610,257773,California
San Mateo,2021-03-22,5285,401957,3604,219281,1264,176855,417,5821,2838,114801,2434,146228,3256,261029,California
San Mateo,2021-03-23,9841,411798,4504,223785,5141,181996,196,6017,4422,114029,5389,151617,4617,265646,California
San Mateo,2021-03-24,9524,421322,5517,229302,3864,185860,143,6160,4096,112909,5357,156974,4237,269883,California
San Mateo,2021-03-25,10139,431461,4976,234278,4883,190743,280,6440,4455,112066,5581,162555,4738,274621,California
San Mateo,2021-03-26,11289,442750,7779,242057,3344,194087,166,6606,4353,109696,6897,169452,4527,279148,California
San Mateo,2021-03-27,10579,453329,8102,250159,2370,196457,107,6713,4673,108586,5887,175339,4777,283925,California
San Mateo,2021-03-28,4306,457635,2794,252953,1400,197857,112,6825,2017,108437,2279,177618,2130,286055,California
San Mateo,2021-03-29,6069,463704,3787,256740,2030,199887,252,7077,2762,108164,3288,180906,3015,289070,California
San Mateo,2021-03-30,7163,470867,4093,260833,2917,202804,153,7230,3845,108861,3302,184208,3999,293069,California
San Mateo,2021-03-31,7307,478174,4626,265459,2539,205343,142,7372,3858,109431,3431,187639,4001,297070,California
San Mateo,2021-04-01,10614,488788,5244,270703,4161,209504,1209,8581,5696,111461,4872,192511,6902,303972,California
San Mateo,2021-04-02,10898,499686,5223,275926,4060,213564,1615,10196,5713,113626,5164,197675,7329,311301,California
San Mateo,2021-04-03,10004,509690,5751,281677,2474,216038,1779,11975,5119,115647,4877,202552,6898,318199,California
San Mateo,2021-04-04,5453,515143,2627,284304,1572,217610,1254,13229,1707,114876,3731,206283,2960,321159,California
San Mateo,2021-04-05,8995,524138,4799,289103,2458,220068,1738,14967,3839,115310,5139,211422,5573,326732,California
San Mateo,2021-04-06,13229,537367,8252,297355,3116,223184,1861,16828,7520,119000,5696,217118,9386,336118,California
San Mateo,2021-04-07,11432,548799,5280,302635,4459,227643,1693,18521,4850,118980,6561,223679,6541,342659,California
San Mateo,2021-04-08,10173,558972,5067,307702,2506,230149,2600,21121,4515,120444,5641,229320,7105,349764,California
San Mateo,2021-04-09,11337,570309,5518,313220,3339,233488,2480,23601,5087,121772,6248,235568,7576,357340,California
San Mateo,2021-04-10,11254,581563,5707,318927,4105,237593,1442,25043,4656,121303,6571,242139,6102,363442,California
San Mateo,2021-04-11,6624,588187,3290,322217,873,238466,2461,27504,2301,121744,4315,246454,4756,368198,California
San Mateo,2021-04-12,7311,595498,4467,326684,1883,240349,961,28465,3529,122472,3761,250215,4489,372687,California
San Mateo,2021-04-13,8163,603661,5092,331776,3062,243411,9,28474,4318,122964,3837,254052,4329,377016,California
San Mateo,2021-04-14,8311,611972,5369,337145,2941,246352,1,28475,4252,123182,4042,258094,4260,381276,California
San Mateo,2021-04-15,11106,623078,7383,344528,3721,250073,2,28477,7260,126625,3820,261914,7263,388539,California
San Mateo,2021-04-16,9976,633054,6870,351398,3090,253163,16,28493,6322,129332,3636,265550,6343,394882,California
San Mateo,2021-04-17,9761,642815,6477,357875,3282,256445,2,28495,6162,131912,3589,269139,6169,401051,California
San Mateo,2021-04-18,5431,648246,2595,360470,2836,259281,0,28495,3661,133819,1760,270899,3667,404718,California
San Mateo,2021-04-19,8383,656629,5451,365921,2932,262213,0,28495,5449,136356,2921,273820,5458,410176,California
San Mateo,2021-04-20,10313,666942,5744,371665,4568,266781,1,28496,6638,139351,3654,277474,6649,416825,California
San Mateo,2021-04-21,9013,675955,6087,377752,2926,269707,0,28496,5566,141494,3429,280903,5572,422397,California
San Mateo,2021-04-22,9594,685549,6410,384162,3183,272890,1,28497,5326,142588,4237,285140,5331,427728,California
San Mateo,2021-04-23,9454,695003,6211,390373,3243,276133,0,28497,5300,143774,4129,289269,5315,433043,California
San Mateo,2021-04-24,11274,706277,8037,398410,3237,279370,0,28497,5813,144156,5439,294708,5821,438864,California
San Mateo,2021-04-25,5532,711809,3865,402275,1665,281035,2,28499,3931,146511,1587,296295,3942,442806,California
San Mateo,2021-04-26,6326,718135,4623,406898,1695,282730,8,28507,3646,147508,2669,298964,3666,446472,California
San Mateo,2021-04-27,11009,729144,7831,414729,3072,285802,106,28613,4438,145516,6541,305505,4549,451021,California
San Mateo,2021-04-28,7680,736824,4434,419163,3042,288844,204,28817,4022,146098,3648,309153,4230,455251,California
San Mateo,2021-04-29,7933,744757,3718,422881,4041,292885,174,28991,3513,145405,4392,313545,3699,458950,California
San Mateo,2021-04-30,8078,752835,5067,427948,2857,295742,154,29145,3412,144342,4643,318188,3580,462530,California
San Mateo,2021-05-01,6154,758989,4125,432073,1911,297653,118,29263,2662,143657,3476,321664,2791,465321,California
San Mateo,2021-05-02,3177,762166,1741,433814,1365,299018,71,29334,1147,142857,2022,323686,1222,466543,California
San Mateo,2021-05-03,5983,768149,4464,438278,1375,300393,144,29478,1846,140718,4129,327815,1990,468533,California
San Mateo,2021-05-04,7236,775385,4900,443178,2164,302557,172,29650,2469,138609,4762,332577,2653,471186,California
San Mateo,2021-05-05,6828,782213,4453,447631,2214,304771,161,29811,2377,136726,4423,337000,2540,473726,California
San Mateo,2021-05-06,8535,790748,6659,454290,1701,306472,175,29986,1741,131871,6775,343775,1920,475646,California
San Mateo,2021-05-07,8192,798940,5859,460149,2048,308520,285,30271,1833,127666,6334,350109,2129,477775,California
San Mateo,2021-05-08,6647,805587,4025,464174,2383,310903,239,30510,1833,124941,4802,354911,2077,479852,California
San Mateo,2021-05-09,3115,808702,2429,466603,612,311515,74,30584,1056,124020,2051,356962,1130,480982,California
San Mateo,2021-05-10,4616,813318,3317,469920,1129,312644,170,30754,767,121126,3839,360801,945,481927,California
San Mateo,2021-05-11,6493,819811,4863,474783,1517,314161,113,30867,1663,118088,4815,365616,1777,483704,California
San Mateo,2021-05-12,6400,826211,4612,479395,1598,315759,190,31057,1533,114956,4858,370474,1726,485430,California
San Mateo,2021-05-13,8929,835140,6682,486077,2161,317920,86,31143,3285,112724,5612,376086,3380,488810,California
San Mateo,2021-05-14,8333,843473,6148,492225,2074,319994,111,31254,2700,109922,5620,381706,2818,491628,California
San Mateo,2021-05-15,10390,853863,8099,500324,2190,322184,101,31355,4550,108769,5826,387532,4673,496301,California
San Mateo,2021-05-16,7157,861020,5098,505422,1990,324174,69,31424,2199,106098,4940,392472,2269,498570,California
San Mateo,2021-05-17,7038,868058,4978,510400,1951,326125,109,31533,2210,103607,4813,397285,2322,500892,California
San Mateo,2021-05-18,8450,876508,5822,516222,2530,328655,98,31631,3165,101714,5160,402445,3267,504159,California
San Mateo,2021-05-19,7651,884159,5665,521887,1865,330520,121,31752,3520,101273,4083,406528,3642,507801,California
San Mateo,2021-05-20,4767,888926,3063,524950,1612,332132,92,31844,2029,100674,2719,409247,2120,509921,California
San Mateo,2021-05-21,6139,895065,4363,529313,1678,333810,98,31942,1803,98253,4320,413567,1899,511820,California
San Mateo,2021-05-22,5369,900434,3754,533067,1577,335387,38,31980,2187,97312,3167,416734,2226,514046,California
San Mateo,2021-05-23,2402,902836,1406,534473,940,336327,56,32036,969,96911,1426,418160,1025,515071,California
San Mateo,2021-05-24,3396,906232,2220,536693,1031,337358,145,32181,1180,96040,2194,420354,1323,516394,California
San Mateo,2021-05-25,4689,910921,2972,539665,1559,338917,158,32339,1693,94919,2974,423328,1853,518247,California
San Mateo,2021-05-26,5530,916451,2946,542611,2478,341395,106,32445,1817,93148,3694,427022,1923,520170,California
San Mateo,2021-05-27,3747,920198,2205,544816,1454,342849,88,32533,1391,92290,2333,429355,1475,521645,California
San Mateo,2021-05-28,3364,923562,2147,546963,1132,343981,85,32618,1338,91705,2007,431362,1422,523067,California
San Mateo,2021-05-29,1866,925428,1372,548335,478,344459,16,32634,680,91222,1180,432542,697,523764,California
Santa Barbara,2020-12-15,2,2,2,2,0,0,0,0,2,2,0,0,2,2,California
Santa Barbara,2020-12-16,2,4,2,4,0,0,0,0,2,4,0,0,2,4,California
Santa Barbara,2020-12-17,56,60,56,60,0,0,0,0,56,60,0,0,56,60,California
Santa Barbara,2020-12-18,379,439,378,438,1,1,0,0,379,439,0,0,379,439,California
Santa Barbara,2020-12-19,325,764,325,763,0,1,0,0,325,764,0,0,325,764,California
Santa Barbara,2020-12-20,235,999,235,998,0,1,0,0,235,999,0,0,235,999,California
Santa Barbara,2020-12-21,653,1652,651,1649,2,3,0,0,653,1652,0,0,653,1652,California
Santa Barbara,2020-12-22,245,1897,243,1892,2,5,0,0,245,1897,0,0,245,1897,California
Santa Barbara,2020-12-23,322,2219,204,2096,118,123,0,0,322,2219,0,0,322,2219,California
Santa Barbara,2020-12-24,88,2307,40,2136,48,171,0,0,88,2307,0,0,88,2307,California
Santa Barbara,2020-12-26,326,2633,66,2202,260,431,0,0,326,2633,0,0,326,2633,California
Santa Barbara,2020-12-27,62,2695,1,2203,61,492,0,0,62,2695,0,0,62,2695,California
Santa Barbara,2020-12-28,356,3051,223,2426,133,625,0,0,356,3051,0,0,356,3051,California
Santa Barbara,2020-12-29,553,3604,358,2784,195,820,0,0,553,3604,0,0,553,3604,California
Santa Barbara,2020-12-30,578,4182,395,3179,183,1003,0,0,578,4182,0,0,578,4182,California
Santa Barbara,2020-12-31,240,4422,114,3293,126,1129,0,0,240,4422,0,0,240,4422,California
Santa Barbara,2021-01-01,116,4538,110,3403,6,1135,0,0,116,4538,0,0,116,4538,California
Santa Barbara,2021-01-02,588,5126,223,3626,365,1500,0,0,588,5126,0,0,588,5126,California
Santa Barbara,2021-01-03,23,5149,15,3641,8,1508,0,0,23,5149,0,0,23,5149,California
Santa Barbara,2021-01-04,305,5454,242,3883,63,1571,0,0,304,5453,0,0,304,5453,California
Santa Barbara,2021-01-05,751,6205,378,4261,373,1944,0,0,724,6150,27,27,724,6177,California
Santa Barbara,2021-01-06,656,6861,276,4537,380,2324,0,0,595,6685,60,87,595,6772,California
Santa Barbara,2021-01-07,1034,7895,710,5247,324,2648,0,0,529,6713,501,588,529,7301,California
Santa Barbara,2021-01-08,1205,9100,845,6092,360,3008,0,0,711,6930,494,1082,711,8012,California
Santa Barbara,2021-01-09,566,9666,293,6385,273,3281,0,0,320,7004,246,1328,320,8332,California
Santa Barbara,2021-01-10,62,9728,50,6435,12,3293,0,0,46,7034,16,1344,46,8378,California
Santa Barbara,2021-01-11,839,10567,670,7105,169,3462,0,0,615,7426,223,1567,615,8993,California
Santa Barbara,2021-01-12,1434,12001,640,7745,794,4256,0,0,1278,8548,156,1723,1278,10271,California
Santa Barbara,2021-01-13,1220,13221,271,8016,949,5205,0,0,1093,9514,127,1850,1093,11364,California
Santa Barbara,2021-01-14,1253,14474,135,8151,1118,6323,0,0,1198,10659,54,1904,1199,12563,California
Santa Barbara,2021-01-15,1801,16275,419,8570,1382,7705,0,0,1720,12299,80,1984,1720,14283,California
Santa Barbara,2021-01-16,1270,17545,200,8770,1070,8775,0,0,1231,13492,38,2022,1231,15514,California
Santa Barbara,2021-01-17,123,17668,20,8790,103,8878,0,0,120,13609,3,2025,120,15634,California
Santa Barbara,2021-01-18,1152,18820,418,9208,734,9612,0,0,967,14391,185,2210,967,16601,California
Santa Barbara,2021-01-19,1639,20459,570,9778,1069,10681,0,0,1361,15475,277,2487,1361,17962,California
Santa Barbara,2021-01-20,2096,22555,545,10323,1551,12232,0,0,1741,16862,354,2841,1741,19703,California
Santa Barbara,2021-01-21,3182,25737,1910,12233,1272,13504,0,0,3023,19727,159,3000,3024,22727,California
Santa Barbara,2021-01-22,2926,28663,1772,14005,1154,14658,0,0,2762,22329,161,3161,2763,25490,California
Santa Barbara,2021-01-23,1734,30397,1106,15111,628,15286,0,0,1225,23046,508,3669,1225,26715,California
Santa Barbara,2021-01-24,843,31240,751,15862,92,15378,0,0,834,23871,9,3678,834,27549,California
Santa Barbara,2021-01-25,1243,32483,498,16360,745,16123,0,0,1006,24640,237,3915,1006,28555,California
Santa Barbara,2021-01-26,2045,34528,463,16823,1582,17705,0,0,1661,25919,382,4297,1661,30216,California
Santa Barbara,2021-01-27,1164,35692,400,17223,764,18469,0,0,902,26562,261,4558,904,31120,California
Santa Barbara,2021-01-28,892,36584,295,17518,597,19066,0,0,678,27029,211,4769,678,31798,California
Santa Barbara,2021-01-29,1333,37917,536,18054,797,19863,0,0,979,27659,351,5120,981,32779,California
Santa Barbara,2021-01-30,1893,39810,1420,19474,473,20336,0,0,1488,28745,402,5522,1488,34267,California
Santa Barbara,2021-01-31,1453,41263,1215,20689,238,20574,0,0,1414,30120,39,5561,1414,35681,California
Santa Barbara,2021-02-01,954,42217,529,21218,425,20999,0,0,556,30278,398,5959,556,36237,California
Santa Barbara,2021-02-02,1808,44025,679,21897,1129,22128,0,0,1044,30561,761,6720,1044,37281,California
Santa Barbara,2021-02-03,1940,45965,1077,22974,863,22991,0,0,1500,31631,430,7150,1500,38781,California
Santa Barbara,2021-02-04,2780,48745,1865,24839,915,23906,0,0,2482,33821,292,7442,2482,41263,California
Santa Barbara,2021-02-05,2900,51645,2057,26896,843,24749,0,0,2259,35441,639,8081,2259,43522,California
Santa Barbara,2021-02-06,1204,52849,339,27235,865,25614,0,0,794,35825,410,8491,794,44316,California
Santa Barbara,2021-02-07,302,53151,263,27498,39,25653,0,0,267,36058,34,8525,267,44583,California
Santa Barbara,2021-02-08,955,54106,311,27809,644,26297,0,0,665,36433,290,8815,665,45248,California
Santa Barbara,2021-02-09,2438,56544,313,28122,2125,28422,0,0,1119,36242,1310,10125,1119,46367,California
Santa Barbara,2021-02-10,2763,59307,1496,29618,1267,29689,0,0,780,35046,1976,12101,780,47147,California
Santa Barbara,2021-02-11,4187,63494,2808,32426,1379,31068,0,0,623,32115,3554,15655,623,47770,California
Santa Barbara,2021-02-12,3308,66802,948,33374,2360,33428,0,0,774,30361,2528,18183,774,48544,California
Santa Barbara,2021-02-13,1234,68036,341,33715,893,34321,0,0,561,30251,671,18854,561,49105,California
Santa Barbara,2021-02-14,332,68368,35,33750,297,34618,0,0,287,30493,45,18899,287,49392,California
Santa Barbara,2021-02-15,968,69336,337,34087,631,35249,0,0,494,30516,471,19370,494,49886,California
Santa Barbara,2021-02-16,2108,71444,395,34482,1713,36962,0,0,719,29850,1385,20755,719,50605,California
Santa Barbara,2021-02-17,1436,72880,321,34803,1115,38077,0,0,523,29464,909,21664,523,51128,California
Santa Barbara,2021-02-18,3257,76137,2649,37452,608,38685,0,0,1519,29281,1702,23366,1519,52647,California
Santa Barbara,2021-02-19,3596,79733,2641,40093,955,39640,0,0,2329,30346,1264,24630,2329,54976,California
Santa Barbara,2021-02-20,2225,81958,1439,41532,786,40426,0,0,1669,31469,546,25176,1669,56645,California
Santa Barbara,2021-02-21,135,82093,106,41638,29,40455,0,0,60,31456,73,25249,60,56705,California
Santa Barbara,2021-02-22,940,83033,248,41886,692,41147,0,0,271,31062,666,25915,272,56977,California
Santa Barbara,2021-02-23,3189,86222,1046,42932,2143,43290,0,0,422,28721,2763,28678,422,57399,California
Santa Barbara,2021-02-24,3207,89429,1093,44025,2114,45404,0,0,722,26968,2475,31153,722,58121,California
Santa Barbara,2021-02-25,3455,92884,1921,45946,1534,46938,0,0,990,25502,2457,33610,991,59112,California
Santa Barbara,2021-02-26,3668,96552,2177,48123,1491,48429,0,0,1980,25802,1680,35290,1980,61092,California
Santa Barbara,2021-02-27,1532,98084,562,48685,970,49399,0,0,852,25980,676,35966,854,61946,California
Santa Barbara,2021-02-28,1085,99169,220,48905,865,50264,0,0,893,26687,187,36153,894,62840,California
Santa Barbara,2021-03-01,1644,100813,470,49375,1173,51437,1,1,1088,27237,540,36693,1090,63930,California
Santa Barbara,2021-03-02,2650,103463,424,49799,2226,53663,0,1,2149,28899,488,37181,2150,66080,California
Santa Barbara,2021-03-03,4630,108093,2101,51900,2527,56190,2,3,4034,32354,585,37766,4040,70120,California
Santa Barbara,2021-03-04,3421,111514,2283,54183,1138,57328,0,3,2865,34671,548,38314,2865,72985,California
Santa Barbara,2021-03-05,3819,115333,2164,56347,1596,58924,59,62,3095,37106,719,39033,3154,76139,California
Santa Barbara,2021-03-06,2432,117765,726,57073,1487,60411,219,281,1670,38235,758,39791,1887,78026,California
Santa Barbara,2021-03-07,564,118329,123,57196,310,60721,131,412,384,38572,179,39970,516,78542,California
Santa Barbara,2021-03-08,1580,119909,381,57577,856,61577,343,755,797,38935,777,40747,1140,79682,California
Santa Barbara,2021-03-09,2796,122705,344,57921,1678,63255,774,1529,738,38388,2055,42802,1508,81190,California
Santa Barbara,2021-03-10,2762,125467,553,58474,1162,64417,1047,2576,1042,38759,1715,44517,2086,83276,California
Santa Barbara,2021-03-11,5580,131047,3028,61502,1437,65854,1115,3691,2282,38865,3284,47801,3390,86666,California
Santa Barbara,2021-03-12,3679,134726,2098,63600,1151,67005,430,4121,2182,39985,1489,49290,2609,89275,California
Santa Barbara,2021-03-13,3494,138220,1935,65535,1351,68356,208,4329,2700,42102,792,50082,2909,92184,California
Santa Barbara,2021-03-14,794,139014,379,65914,358,68714,57,4386,472,42310,321,50403,529,92713,California
Santa Barbara,2021-03-15,2115,141129,697,66611,1127,69841,291,4677,1270,43031,838,51241,1559,94272,California
Santa Barbara,2021-03-16,3724,144853,1173,67784,2209,72050,342,5019,2735,45123,985,52226,3077,97349,California
Santa Barbara,2021-03-17,3309,148162,971,68755,1933,73983,405,5424,2318,46853,989,53215,2719,100068,California
Santa Barbara,2021-03-18,5230,153392,2800,71555,2228,76211,202,5626,4005,49851,1209,54424,4207,104275,California
Santa Barbara,2021-03-19,4448,157840,2769,74324,1346,77557,333,5959,3057,51853,1387,55811,3389,107664,California
Santa Barbara,2021-03-20,2179,160019,836,75160,1329,78886,14,5973,1334,52358,842,56653,1347,109011,California
Santa Barbara,2021-03-21,1165,161184,383,75543,752,79638,30,6003,838,52901,325,56978,868,109879,California
Santa Barbara,2021-03-22,2779,163963,1912,77455,823,80461,44,6047,2223,54620,548,57526,2267,112146,California
Santa Barbara,2021-03-23,4482,168445,2254,79709,2127,82588,101,6148,3708,57663,765,58291,3808,115954,California
Santa Barbara,2021-03-24,5420,173865,3157,82866,1514,84102,749,6897,2973,58958,2423,60714,3718,119672,California
Santa Barbara,2021-03-25,5563,179428,3276,86142,2097,86199,190,7087,2787,59175,2760,63474,2977,122649,California
Santa Barbara,2021-03-26,5093,184521,3227,89369,1568,87767,298,7385,2244,58884,2833,66307,2542,125191,California
Santa Barbara,2021-03-27,2957,187478,1225,90594,1689,89456,43,7428,1621,59214,1332,67639,1662,126853,California
Santa Barbara,2021-03-28,2779,190257,1657,92251,1094,90550,28,7456,1893,60255,881,68520,1922,128775,California
Santa Barbara,2021-03-29,4044,194301,2087,94338,1886,92436,71,7527,3228,62742,812,69332,3299,132074,California
Santa Barbara,2021-03-30,6801,201102,3513,97851,3137,95573,151,7678,4540,65184,2246,71578,4688,136762,California
Santa Barbara,2021-03-31,8678,209780,5524,103375,3087,98660,67,7745,5058,66710,3599,75177,5125,141887,California
Santa Barbara,2021-04-01,7043,216823,5208,108583,1574,100234,261,8006,4177,68298,2848,78025,4436,146323,California
Santa Barbara,2021-04-02,6649,223472,4560,113143,1494,101728,595,8601,3423,69100,3218,81243,4020,150343,California
Santa Barbara,2021-04-03,3811,227283,2114,115257,1629,103357,68,8669,2518,70396,1289,82532,2585,152928,California
Santa Barbara,2021-04-04,900,228183,444,115701,416,103773,40,8709,501,70540,397,82929,541,153469,California
Santa Barbara,2021-04-05,3466,231649,2290,117991,917,104690,259,8968,2168,71677,1291,84220,2428,155897,California
Santa Barbara,2021-04-06,5484,237133,2831,120822,2115,106805,538,9506,3357,73461,2111,86331,3895,159792,California
Santa Barbara,2021-04-07,5997,243130,3284,124106,2171,108976,542,10048,4077,76182,1910,88241,4631,164423,California
Santa Barbara,2021-04-08,7405,250535,5032,129138,645,109621,1728,11776,3414,77335,3987,92228,5140,169563,California
Santa Barbara,2021-04-09,7296,257831,4852,133990,1093,110714,1351,13127,3286,77972,4001,96229,4638,174201,California
Santa Barbara,2021-04-10,6707,264538,4645,138635,1441,112155,621,13748,4560,81023,2140,98369,5191,179392,California
Santa Barbara,2021-04-11,2639,267177,1931,140566,409,112564,299,14047,1819,82322,814,99183,2113,181505,California
Santa Barbara,2021-04-12,4427,271604,2848,143414,1025,113589,554,14601,1924,82302,2496,101679,2476,183981,California
Santa Barbara,2021-04-13,6310,277914,4151,147565,2153,115742,6,14607,2624,81250,3681,105360,2629,186610,California
Santa Barbara,2021-04-14,6723,284637,4396,151961,2325,118067,2,14609,4201,82942,2511,107871,4203,190813,California
Santa Barbara,2021-04-15,6939,291576,4077,156038,2861,120928,1,14610,3751,83517,3178,111049,3753,194566,California
Santa Barbara,2021-04-16,6371,297947,3742,159780,2618,123546,11,14621,4380,85931,1976,113025,4390,198956,California
Santa Barbara,2021-04-17,5315,303262,3855,163635,1460,125006,0,14621,4096,88820,1207,114232,4096,203052,California
Santa Barbara,2021-04-18,2133,305395,1480,165115,653,125659,0,14621,373,87438,1756,115988,374,203426,California
Santa Barbara,2021-04-19,3236,308631,2225,167340,1005,126664,6,14627,1031,86276,2200,118188,1038,204464,California
Santa Barbara,2021-04-20,5865,314496,3946,171286,1918,128582,1,14628,1652,83728,4201,122389,1653,206117,California
Santa Barbara,2021-04-21,5469,319965,3629,174915,1840,130422,0,14628,1734,81738,3724,126113,1734,207851,California
Santa Barbara,2021-04-22,5091,325056,2560,177475,2530,132952,1,14629,1453,79572,3622,129735,1456,209307,California
Santa Barbara,2021-04-23,5582,330638,3873,181348,1709,134661,0,14629,1963,77929,3606,133341,1963,211270,California
Santa Barbara,2021-04-24,4424,335062,2877,184225,1542,136203,5,14634,1637,76803,2768,136109,1642,212912,California
Santa Barbara,2021-04-25,1831,336893,1184,185409,647,136850,0,14634,499,75978,1324,137433,499,213411,California
Santa Barbara,2021-04-26,2931,339824,1805,187214,1105,137955,21,14655,463,74000,2462,139895,484,213895,California
Santa Barbara,2021-04-27,3678,343502,2027,189241,1564,139519,87,14742,1104,72626,2564,142459,1190,215085,California
Santa Barbara,2021-04-28,4904,348406,2861,192102,1926,141445,117,14859,1402,70659,3489,145948,1522,216607,California
Santa Barbara,2021-04-29,5246,353652,3797,195899,1222,142667,227,15086,1445,68544,3785,149733,1670,218277,California
Santa Barbara,2021-04-30,4948,358600,3696,199595,1088,143755,164,15250,1424,66621,3510,153243,1587,219864,California
Santa Barbara,2021-05-01,5234,363834,4055,203650,1146,144901,33,15283,901,63232,4325,157568,936,220800,California
Santa Barbara,2021-05-02,1130,364964,665,204315,337,145238,128,15411,308,62846,822,158390,436,221236,California
Santa Barbara,2021-05-03,2206,367170,1481,205796,586,145824,139,15550,444,61671,1756,160146,581,221817,California
Santa Barbara,2021-05-04,3280,370450,1661,207457,1548,147372,71,15621,1140,60754,2127,162273,1210,223027,California
Santa Barbara,2021-05-05,5420,375870,3669,211126,1605,148977,146,15767,629,56751,4779,167052,776,223803,California
Santa Barbara,2021-05-06,5044,380914,3907,215033,1033,150010,104,15871,962,53751,4066,171118,1066,224869,California
Santa Barbara,2021-05-07,4660,385574,3650,218683,832,150842,178,16049,1001,51279,3649,174767,1177,226046,California
Santa Barbara,2021-05-08,4212,389786,3151,221834,963,151805,98,16147,873,48924,3326,178093,971,227017,California
Santa Barbara,2021-05-09,700,390486,109,221943,551,152356,40,16187,467,49200,232,178325,508,227525,California
Santa Barbara,2021-05-10,1322,391808,621,222564,617,152973,84,16271,367,48697,953,179278,450,227975,California
Santa Barbara,2021-05-11,1829,393637,769,223333,769,153742,291,16562,412,47988,1410,180688,701,228676,California
Santa Barbara,2021-05-12,1545,395182,686,224019,657,154399,202,16764,442,47537,1095,181783,644,229320,California
Santa Barbara,2021-05-13,3568,398750,2711,226730,664,155063,193,16957,1175,46522,2382,184165,1367,230687,California
Santa Barbara,2021-05-14,4148,402898,2532,229262,1522,156585,94,17051,1638,45756,2496,186661,1730,232417,California
Santa Barbara,2021-05-15,3510,406408,2568,231830,923,157508,19,17070,1843,45963,1656,188317,1863,234280,California
Santa Barbara,2021-05-16,1063,407471,465,232295,483,157991,115,17185,468,45955,591,188908,583,234863,California
Santa Barbara,2021-05-17,1637,409108,933,233228,642,158633,62,17247,913,46215,717,189625,977,235840,California
Santa Barbara,2021-05-18,1839,410947,1158,234386,587,159220,94,17341,1014,46515,809,190434,1109,236949,California
Santa Barbara,2021-05-19,1758,412705,972,235358,745,159965,41,17382,821,46447,929,191363,861,237810,California
Santa Barbara,2021-05-20,1266,413971,650,236008,499,160464,117,17499,667,46643,587,191950,783,238593,California
Santa Barbara,2021-05-21,2969,416940,2001,238009,915,161379,53,17552,1095,45932,1860,193810,1149,239742,California
Santa Barbara,2021-05-22,2176,419116,1534,239543,597,161976,45,17597,1289,46384,883,194693,1335,241077,California
Santa Barbara,2021-05-23,565,419681,214,239757,324,162300,27,17624,324,46494,241,194934,351,241428,California
Santa Barbara,2021-05-24,1007,420688,593,240350,356,162656,58,17682,513,46578,488,195422,572,242000,California
Santa Barbara,2021-05-25,1397,422085,576,240926,752,163408,69,17751,472,46197,919,196341,538,242538,California
Santa Barbara,2021-05-26,2960,425045,1682,242608,1167,164575,111,17862,822,45006,2123,198464,932,243470,California
Santa Barbara,2021-05-27,1910,426955,1191,243799,601,165176,118,17980,820,44861,1084,199548,939,244409,California
Santa Barbara,2021-05-28,1399,428354,694,244493,556,165732,149,18129,598,44811,796,200344,746,245155,California
Santa Barbara,2021-05-29,388,428742,10,244503,374,166106,4,18133,97,44621,291,200635,101,245256,California
Santa Clara,2020-12-15,66,66,66,66,0,0,0,0,66,66,0,0,66,66,California
Santa Clara,2020-12-16,142,208,142,208,0,0,0,0,142,208,0,0,142,208,California
Santa Clara,2020-12-17,400,608,400,608,0,0,0,0,400,608,0,0,400,608,California
Santa Clara,2020-12-18,1680,2288,1680,2288,0,0,0,0,1680,2288,0,0,1680,2288,California
Santa Clara,2020-12-19,2081,4369,2081,4369,0,0,0,0,2080,4368,0,0,2080,4368,California
Santa Clara,2020-12-20,1910,6279,1909,6278,1,1,0,0,1907,6275,0,0,1907,6275,California
Santa Clara,2020-12-21,2718,8997,2718,8996,0,1,0,0,2717,8992,0,0,2717,8992,California
Santa Clara,2020-12-22,3188,12185,3181,12177,7,8,0,0,3185,12177,0,0,3185,12177,California
Santa Clara,2020-12-23,3337,15522,3148,15325,189,197,0,0,3336,15513,0,0,3336,15513,California
Santa Clara,2020-12-24,1933,17455,1746,17071,187,384,0,0,1928,17440,1,1,1928,17441,California
Santa Clara,2020-12-25,348,17803,347,17418,1,385,0,0,348,17788,0,1,348,17789,California
Santa Clara,2020-12-26,1269,19072,1036,18454,233,618,0,0,1268,19056,0,1,1268,19057,California
Santa Clara,2020-12-27,650,19722,508,18962,142,760,0,0,650,19706,0,1,650,19707,California
Santa Clara,2020-12-28,2336,22058,1729,20691,607,1367,0,0,2336,22042,0,1,2336,22043,California
Santa Clara,2020-12-29,2351,24409,1491,22182,860,2227,0,0,2350,24392,0,1,2350,24393,California
Santa Clara,2020-12-30,2985,27394,1890,24072,1095,3322,0,0,2983,27373,2,3,2983,27376,California
Santa Clara,2020-12-31,1217,28611,392,24464,825,4147,0,0,1216,28588,1,4,1216,28592,California
Santa Clara,2021-01-01,145,28756,12,24476,133,4280,0,0,144,28731,1,5,144,28736,California
Santa Clara,2021-01-02,1085,29841,815,25291,270,4550,0,0,1085,29816,0,5,1085,29821,California
Santa Clara,2021-01-03,584,30425,367,25658,217,4767,0,0,579,30392,3,8,579,30400,California
Santa Clara,2021-01-04,2471,32896,1670,27328,801,5568,0,0,2468,32860,0,8,2468,32868,California
Santa Clara,2021-01-05,3069,35965,2011,29339,1058,6626,0,0,2882,35562,186,194,2888,35756,California
Santa Clara,2021-01-06,3336,39301,1968,31307,1368,7994,0,0,2759,37750,573,767,2761,38517,California
Santa Clara,2021-01-07,4222,43523,2562,33869,1660,9654,0,0,3150,39844,1062,1829,3156,41673,California
Santa Clara,2021-01-08,5854,49377,3824,37693,2030,11684,0,0,3794,41582,2056,3885,3794,45467,California
Santa Clara,2021-01-09,2980,52357,1869,39562,1111,12795,0,0,1690,41985,1290,5175,1693,47160,California
Santa Clara,2021-01-10,1958,54315,1514,41076,444,13239,0,0,748,41524,1209,6384,748,47908,California
Santa Clara,2021-01-11,5960,60275,3754,44830,2206,15445,0,0,3385,42340,2574,8958,3390,51298,California
Santa Clara,2021-01-12,6811,67086,3410,48240,3401,18846,0,0,4565,44661,2245,11203,4566,55864,California
Santa Clara,2021-01-13,7381,74467,3058,51298,4323,23169,0,0,5207,47697,2172,13375,5208,61072,California
Santa Clara,2021-01-14,8233,82700,2799,54097,5434,28603,0,0,6492,52455,1736,15111,6494,67566,California
Santa Clara,2021-01-15,9458,92158,2681,56778,6777,35380,0,0,8137,59280,1317,16428,8142,75708,California
Santa Clara,2021-01-16,4295,96453,1230,58008,3065,38445,0,0,3459,61907,832,17260,3459,79167,California
Santa Clara,2021-01-17,3213,99666,603,58611,2610,41055,0,0,2716,64126,497,17757,2716,81883,California
Santa Clara,2021-01-18,5096,104762,1157,59768,3939,44994,0,0,4541,68113,555,18312,4542,86425,California
Santa Clara,2021-01-19,8504,113266,2688,62456,5816,50810,0,0,6817,73249,1684,19996,6820,93245,California
Santa Clara,2021-01-20,8087,121353,4112,66568,3975,54785,0,0,6540,78247,1542,21538,6540,99785,California
Santa Clara,2021-01-21,8699,130052,3776,70344,4923,59708,0,0,7495,84542,1202,22740,7497,107282,California
Santa Clara,2021-01-22,8637,138689,3251,73595,5386,65094,0,0,8069,92047,567,23307,8072,115354,California
Santa Clara,2021-01-23,3781,142470,1686,75281,2095,67189,0,0,2822,93911,959,24266,2823,118177,California
Santa Clara,2021-01-24,2830,145300,1423,76704,1407,68596,0,0,2345,95774,482,24748,2345,120522,California
Santa Clara,2021-01-25,8399,153699,3800,80504,4599,73195,0,0,6326,100037,2065,26813,6328,126850,California
Santa Clara,2021-01-26,8253,161952,3779,84283,4474,77669,0,0,6136,104068,2107,28920,6138,132988,California
Santa Clara,2021-01-27,8719,170671,3831,88114,4888,82557,0,0,6799,108966,1902,30822,6800,139788,California
Santa Clara,2021-01-28,9498,180169,3817,91931,5681,88238,0,0,7536,114565,1941,32763,7540,147328,California
Santa Clara,2021-01-29,9520,189689,3949,95880,5571,93809,0,0,7346,119747,2165,34928,7347,154675,California
Santa Clara,2021-01-30,4157,193846,2071,97951,2086,95895,0,0,2949,121496,1201,36129,2950,157625,California
Santa Clara,2021-01-31,2176,196022,1306,99257,870,96765,0,0,1582,122488,590,36719,1582,159207,California
Santa Clara,2021-02-01,7857,203879,3513,102770,4344,101109,0,0,6150,126941,1699,38418,6152,165359,California
Santa Clara,2021-02-02,8547,212426,2878,105648,5669,106778,0,0,6549,131502,1991,40409,6552,171911,California
Santa Clara,2021-02-03,9210,221636,3490,109138,5720,112498,0,0,6923,136151,2280,42689,6929,178840,California
Santa Clara,2021-02-04,10950,232586,4143,113281,6807,119305,0,0,8659,142532,2281,44970,8662,187502,California
Santa Clara,2021-02-05,11942,244528,4352,117633,7590,126895,0,0,8483,147571,3445,48415,8484,195986,California
Santa Clara,2021-02-06,5206,249734,2826,120459,2380,129275,0,0,4035,150441,1167,49582,4037,200023,California
Santa Clara,2021-02-07,3481,253215,2349,122808,1132,130407,0,0,3027,153016,453,50035,3028,203051,California
Santa Clara,2021-02-08,10020,263235,3483,126291,6537,136944,0,0,7306,157622,2701,52736,7307,210358,California
Santa Clara,2021-02-09,11166,274401,3819,130110,7347,144291,0,0,7669,161809,3486,56222,7673,218031,California
Santa Clara,2021-02-10,12644,287045,4911,135021,7733,152024,0,0,6835,162847,5799,62021,6837,224868,California
Santa Clara,2021-02-11,13545,300590,4732,139753,8813,160837,0,0,7693,164704,5837,67858,7694,232562,California
Santa Clara,2021-02-12,14566,315156,4502,144255,10064,170901,0,0,6993,164146,7553,75411,6995,239557,California
Santa Clara,2021-02-13,6079,321235,1459,145714,4620,175521,0,0,2222,162520,3850,79261,2224,241781,California
Santa Clara,2021-02-14,4607,325842,1140,146854,3467,178988,0,0,1467,160851,3138,82399,1469,243250,California
Santa Clara,2021-02-15,6256,332098,2788,149642,3468,182456,0,0,2701,160004,3548,85947,2701,245951,California
Santa Clara,2021-02-16,13795,345893,4013,153655,9782,192238,0,0,6940,160106,6838,92785,6940,252891,California
Santa Clara,2021-02-17,14091,359984,5507,159162,8584,200822,0,0,7055,160148,7018,99803,7060,259951,California
Santa Clara,2021-02-18,14232,374216,8388,167550,5844,206666,0,0,7245,160449,6947,106750,7248,267199,California
Santa Clara,2021-02-19,14836,389052,9528,177078,5308,211974,0,0,8633,162899,6188,112938,8638,275837,California
Santa Clara,2021-02-20,6826,395878,5107,182185,1719,213693,0,0,3677,163437,3139,116077,3677,279514,California
Santa Clara,2021-02-21,3306,399184,2480,184665,826,214519,0,0,1216,162573,2082,118159,1218,280732,California
Santa Clara,2021-02-22,10179,409363,6096,190761,4083,218602,0,0,4728,161861,5441,123600,4729,285461,California
Santa Clara,2021-02-23,11922,421285,7738,198499,4184,222786,0,0,6769,163494,5140,128740,6773,292234,California
Santa Clara,2021-02-24,14173,435458,9129,207628,5044,227830,0,0,8769,166875,5388,134128,8769,301003,California
Santa Clara,2021-02-25,14649,450107,9274,216902,5375,233205,0,0,7904,168060,6723,140851,7908,308911,California
Santa Clara,2021-02-26,14592,464699,8453,225355,6139,239344,0,0,8019,169531,6551,147402,8022,316933,California
Santa Clara,2021-02-27,8061,472760,5522,230877,2538,241882,1,1,4479,170447,3571,150973,4487,321420,California
Santa Clara,2021-02-28,4736,477496,3081,233958,1655,243537,0,1,2210,170140,2517,153490,2210,323630,California
Santa Clara,2021-03-01,14109,491605,8009,241967,6097,249634,3,4,8738,173530,5351,158841,8741,332371,California
Santa Clara,2021-03-02,16045,507650,9528,251495,6516,256150,1,5,10262,178037,5757,164598,10264,342635,California
Santa Clara,2021-03-03,18469,526119,9074,260569,9392,265542,3,8,11467,182548,6964,171562,11475,354110,California
Santa Clara,2021-03-04,16480,542599,8976,269545,7501,273043,3,11,9589,185331,6811,178373,9594,363704,California
Santa Clara,2021-03-05,16593,559192,9228,278773,7239,280282,126,137,9210,187311,7361,185734,9341,373045,California
Santa Clara,2021-03-06,9425,568617,6314,285087,2673,282955,438,575,7088,192512,2324,188058,7525,380570,California
Santa Clara,2021-03-07,6802,575419,4471,289558,2098,285053,233,808,5424,196797,1370,189428,5655,386225,California
Santa Clara,2021-03-08,12895,588314,6732,296290,5600,290653,563,1371,8283,201049,4594,194022,8846,395071,California
Santa Clara,2021-03-09,15224,603538,6512,302802,7378,298031,1334,2705,6853,200878,8352,202374,8181,403252,California
Santa Clara,2021-03-10,15104,618642,6580,309382,6415,304446,2109,4814,6199,200285,8878,211252,8285,411537,California
Santa Clara,2021-03-11,17054,635696,7759,317141,7786,312232,1509,6323,6044,196842,10982,222234,7539,419076,California
Santa Clara,2021-03-12,17690,653386,9101,326242,7015,319247,1574,7897,5977,192701,11674,233908,7533,426609,California
Santa Clara,2021-03-13,10747,664133,6229,332471,3023,322270,1495,9392,4823,193095,5901,239809,6295,432904,California
Santa Clara,2021-03-14,6512,670645,3373,335844,1833,324103,1306,10698,3175,194245,3320,243129,4470,437374,California
Santa Clara,2021-03-15,12778,683423,6532,342376,5975,330078,271,10969,5992,193745,6763,249892,6263,443637,California
Santa Clara,2021-03-16,18192,701615,10295,352671,7688,337766,209,11178,8813,193414,9350,259242,9019,452656,California
Santa Clara,2021-03-17,19904,721519,11274,363945,8461,346227,169,11347,10287,194298,9566,268808,10450,463106,California
Santa Clara,2021-03-18,19075,740594,8936,372881,8975,355202,1164,12511,9092,194618,9928,278736,10248,473354,California
Santa Clara,2021-03-19,19275,759869,9928,382809,8344,363546,1003,13514,10005,196406,9210,287946,10998,484352,California
Santa Clara,2021-03-20,11511,771380,6346,389155,4338,367884,827,14341,6767,199283,4714,292660,7591,491943,California
Santa Clara,2021-03-21,8304,779684,3770,392925,3135,371019,1399,15740,5570,203516,2722,295382,6955,498898,California
Santa Clara,2021-03-22,16316,796000,9113,402038,6854,377873,349,16089,9303,206182,6985,302367,9651,508549,California
Santa Clara,2021-03-23,19233,815233,12232,414270,6480,384353,521,16610,11173,209864,8013,310380,11695,520244,California
Santa Clara,2021-03-24,22594,837827,14560,428830,7621,391974,413,17023,14659,217044,7894,318274,15074,535318,California
Santa Clara,2021-03-25,22935,860762,13150,441980,8805,400779,980,18003,14788,224713,8085,326359,15754,551072,California
Santa Clara,2021-03-26,21930,882692,13975,455955,7569,408348,386,18389,13516,230232,8377,334736,13896,564968,California
Santa Clara,2021-03-27,15699,898391,10453,466408,4478,412826,768,19157,8419,232179,7238,341974,9185,574153,California
Santa Clara,2021-03-28,12052,910443,8353,474761,2986,415812,713,19870,6471,233803,5556,347530,7180,581333,California
Santa Clara,2021-03-29,20581,931024,12624,487385,7230,423042,727,20597,11162,236306,9378,356908,11881,593214,California
Santa Clara,2021-03-30,25623,956647,15254,502639,8426,431468,1943,22540,16149,244954,9438,366346,18086,611300,California
Santa Clara,2021-03-31,20492,977139,11904,514543,7458,438926,1130,23670,12613,250847,7839,374185,13732,625032,California
Santa Clara,2021-04-01,31821,1008960,19851,534394,8911,447837,3059,26729,20127,262384,11628,385813,23165,648197,California
Santa Clara,2021-04-02,25186,1034146,14344,548738,8674,456511,2168,28897,16457,272309,8689,394502,18614,666811,California
Santa Clara,2021-04-03,15285,1049431,9263,558001,3505,460016,2517,31414,8498,276544,6767,401269,11002,677813,California
Santa Clara,2021-04-04,7644,1057075,4040,562041,2436,462452,1168,32582,3977,278028,3655,404924,5139,682952,California
Santa Clara,2021-04-05,21874,1078949,14572,576613,4826,467278,2476,35058,14284,287214,7564,412488,16750,699702,California
Santa Clara,2021-04-06,29548,1108497,16282,592895,7816,475094,5450,40508,17751,298647,11753,424241,23186,722888,California
Santa Clara,2021-04-07,30859,1139356,15931,608826,8436,483530,6492,47000,18844,312002,11962,436203,25317,748205,California
Santa Clara,2021-04-08,29892,1169248,16336,625162,5974,489504,7582,54582,16297,322323,13527,449730,23848,772053,California
Santa Clara,2021-04-09,27995,1197243,13865,639027,6881,496385,7249,61831,14317,330239,13622,463352,21538,793591,California
Santa Clara,2021-04-10,21378,1218621,12343,651370,3751,500136,5284,67115,11420,336971,9926,473278,16658,810249,California
Santa Clara,2021-04-11,15957,1234578,9567,660937,2645,502781,3745,70860,8278,341325,7649,480927,12003,822252,California
Santa Clara,2021-04-12,26787,1261365,18852,679789,5512,508293,2423,73283,18267,353532,8469,489396,20676,842928,California
Santa Clara,2021-04-13,34241,1295606,26950,706739,7262,515555,29,73312,26421,372257,7745,497141,26470,869398,California
Santa Clara,2021-04-14,36746,1332352,27854,734593,8888,524443,4,73316,26133,387871,10549,507690,26163,895561,California
Santa Clara,2021-04-15,44005,1376357,34137,768730,9866,534309,2,73318,33934,411863,9966,517656,33958,929519,California
Santa Clara,2021-04-16,38334,1414691,26273,795003,12059,546368,2,73320,27509,428634,10764,528420,27535,957054,California
Santa Clara,2021-04-17,21945,1436636,15006,810009,6937,553305,2,73322,15058,436868,6841,535261,15075,972129,California
Santa Clara,2021-04-18,16386,1453022,10661,820670,5725,559030,0,73322,10248,441015,6112,541373,10259,982388,California
Santa Clara,2021-04-19,28811,1481833,20860,841530,7950,566980,1,73323,17250,446804,11491,552864,17280,999668,California
Santa Clara,2021-04-20,36891,1518724,22453,863983,14437,581417,1,73324,22541,455131,14245,567109,22572,1022240,California
Santa Clara,2021-04-21,36785,1555509,21342,885325,15441,596858,2,73326,24361,467190,12335,579444,24394,1046634,California
Santa Clara,2021-04-22,37213,1592722,24820,910145,12392,609250,1,73327,17611,465361,19506,598950,17677,1064311,California
Santa Clara,2021-04-23,31994,1624716,19459,929604,12534,621784,1,73328,15062,463639,16835,615785,15113,1079424,California
Santa Clara,2021-04-24,21091,1645807,15443,945047,5647,627431,1,73329,11978,466603,9042,624827,12006,1091430,California
Santa Clara,2021-04-25,13581,1659388,9818,954865,3756,631187,7,73336,8673,470438,4867,629694,8702,1100132,California
Santa Clara,2021-04-26,24241,1683629,18951,973816,5232,636419,58,73394,10120,466611,14029,643723,10202,1110334,California
Santa Clara,2021-04-27,26675,1710304,19258,993074,7128,643547,289,73683,11709,463771,14875,658598,12035,1122369,California
Santa Clara,2021-04-28,25297,1735601,18658,1011732,6202,649749,437,74120,10414,459875,14804,673402,10908,1133277,California
Santa Clara,2021-04-29,23161,1758762,16823,1028555,5941,655690,397,74517,8352,453946,14741,688143,8812,1142089,California
Santa Clara,2021-04-30,22942,1781704,15716,1044271,6862,662552,364,74881,9756,451037,13100,701243,10191,1152280,California
Santa Clara,2021-05-01,17438,1799142,14505,1058776,2673,665225,260,75141,5493,444933,11898,713141,5794,1158074,California
Santa Clara,2021-05-02,11283,1810425,9360,1068136,1693,666918,230,75371,3497,440938,7744,720885,3749,1161823,California
Santa Clara,2021-05-03,22797,1833222,19374,1087510,2991,669909,432,75803,5147,428970,17581,738466,5613,1167436,California
Santa Clara,2021-05-04,30540,1863762,23911,1111421,6089,675998,540,76343,5492,410091,24951,763417,6072,1173508,California
Santa Clara,2021-05-05,32171,1895933,24458,1135879,7170,683168,543,76886,5440,389463,26634,790051,6006,1179514,California
Santa Clara,2021-05-06,35363,1931296,29476,1165355,5412,688580,475,77361,4678,364079,30556,820607,5172,1184686,California
Santa Clara,2021-05-07,32498,1963794,26149,1191504,5859,694439,490,77851,4642,341524,27727,848334,5172,1189858,California
Santa Clara,2021-05-08,16446,1980240,13378,1204882,2645,697084,423,78274,3480,332562,12881,861215,3919,1193777,California
Santa Clara,2021-05-09,10319,1990559,8951,1213833,1181,698265,187,78461,2450,327379,7833,869048,2650,1196427,California
Santa Clara,2021-05-10,20751,2011310,16631,1230464,3720,701985,400,78861,2733,312594,17938,886986,3153,1199580,California
Santa Clara,2021-05-11,21638,2032948,16273,1246737,4949,706934,416,79277,3902,299272,17647,904633,4325,1203905,California
Santa Clara,2021-05-12,20151,2053099,14777,1261514,4911,711845,463,79740,4170,288018,15901,920534,4647,1208552,California
Santa Clara,2021-05-13,26900,2079999,21905,1283419,4703,716548,292,80032,10691,282879,16128,936662,10989,1219541,California
Santa Clara,2021-05-14,27195,2107194,18904,1302323,7909,724457,382,80414,9330,274826,17774,954436,9721,1229262,California
Santa Clara,2021-05-15,20301,2127495,16234,1318557,3787,728244,280,80694,7840,270568,12385,966821,8127,1237389,California
Santa Clara,2021-05-16,15325,2142820,12326,1330883,2822,731066,177,80871,4971,265443,10275,977096,5150,1242539,California
Santa Clara,2021-05-17,19818,2162638,15528,1346411,3927,734993,363,81234,6780,259626,12965,990061,7148,1249687,California
Santa Clara,2021-05-18,25687,2188325,16265,1362676,9004,743997,418,81652,7257,249005,18293,1008354,7672,1257359,California
Santa Clara,2021-05-19,23973,2212298,13873,1376549,9732,753729,368,82020,7866,241243,16003,1024357,8241,1265600,California
Santa Clara,2021-05-20,16624,2228922,11125,1387674,5111,758840,388,82408,5974,237024,10578,1034935,6359,1271959,California
Santa Clara,2021-05-21,20423,2249345,13748,1401422,6238,765078,437,82845,6947,231024,13396,1048331,7396,1279355,California
Santa Clara,2021-05-22,11296,2260641,8794,1410216,2214,767292,288,83133,4809,229691,6433,1054764,5100,1284455,California
Santa Clara,2021-05-23,6724,2267365,5201,1415417,1375,768667,148,83281,2451,228053,4241,1059005,2603,1287058,California
Santa Clara,2021-05-24,10139,2277504,7148,1422565,2544,771211,447,83728,3647,225716,6430,1065435,4093,1291151,California
Santa Clara,2021-05-25,10907,2288411,7426,1429991,3066,774277,415,84143,4320,223928,6525,1071960,4737,1295888,California
Santa Clara,2021-05-26,9827,2298238,6559,1436550,2972,777249,296,84439,3943,222337,5825,1077785,4234,1300122,California
Santa Clara,2021-05-27,8762,2307000,5631,1442181,2694,779943,437,84876,3433,220937,5265,1083050,3865,1303987,California
Santa Clara,2021-05-28,10327,2317327,6583,1448764,3332,783275,412,85288,4212,219506,6056,1089106,4625,1308612,California
Santa Clara,2021-05-29,3685,2321012,2393,1451157,1126,784401,166,85454,1439,218882,2226,1091332,1602,1310214,California
Santa Cruz,2020-12-15,2,2,2,2,0,0,0,0,2,2,0,0,2,2,California
Santa Cruz,2020-12-16,58,60,58,60,0,0,0,0,58,60,0,0,58,60,California
Santa Cruz,2020-12-17,391,451,391,451,0,0,0,0,391,451,0,0,391,451,California
Santa Cruz,2020-12-18,463,914,463,914,0,0,0,0,463,914,0,0,463,914,California
Santa Cruz,2020-12-19,179,1093,178,1092,1,1,0,0,179,1093,0,0,179,1093,California
Santa Cruz,2020-12-20,96,1189,96,1188,0,1,0,0,96,1189,0,0,96,1189,California
Santa Cruz,2020-12-21,437,1626,437,1625,0,1,0,0,437,1626,0,0,437,1626,California
Santa Cruz,2020-12-22,416,2042,415,2040,1,2,0,0,416,2042,0,0,416,2042,California
Santa Cruz,2020-12-23,369,2411,326,2366,43,45,0,0,369,2411,0,0,369,2411,California
Santa Cruz,2020-12-24,126,2537,50,2416,76,121,0,0,126,2537,0,0,126,2537,California
Santa Cruz,2020-12-25,12,2549,12,2428,0,121,0,0,12,2549,0,0,12,2549,California
Santa Cruz,2020-12-26,66,2615,47,2475,19,140,0,0,66,2615,0,0,66,2615,California
Santa Cruz,2020-12-27,32,2647,27,2502,5,145,0,0,32,2647,0,0,32,2647,California
Santa Cruz,2020-12-28,487,3134,108,2610,379,524,0,0,487,3134,0,0,487,3134,California
Santa Cruz,2020-12-29,790,3924,366,2976,424,948,0,0,790,3924,0,0,790,3924,California
Santa Cruz,2020-12-30,354,4278,163,3139,191,1139,0,0,354,4278,0,0,354,4278,California
Santa Cruz,2020-12-31,312,4590,11,3150,301,1440,0,0,312,4590,0,0,312,4590,California
Santa Cruz,2021-01-01,33,4623,1,3151,32,1472,0,0,33,4623,0,0,33,4623,California
Santa Cruz,2021-01-02,68,4691,54,3205,14,1486,0,0,68,4691,0,0,68,4691,California
Santa Cruz,2021-01-03,15,4706,7,3212,8,1494,0,0,15,4706,0,0,15,4706,California
Santa Cruz,2021-01-04,281,4987,124,3336,157,1651,0,0,279,4985,0,0,279,4985,California
Santa Cruz,2021-01-05,565,5552,429,3765,136,1787,0,0,263,4946,302,302,263,5248,California
Santa Cruz,2021-01-06,799,6351,667,4432,132,1919,0,0,460,5068,338,640,460,5708,California
Santa Cruz,2021-01-07,538,6889,214,4646,324,2243,0,0,382,5295,156,796,383,6091,California
Santa Cruz,2021-01-08,931,7820,559,5205,372,2615,0,0,485,5335,446,1242,486,6577,California
Santa Cruz,2021-01-09,462,8282,123,5328,339,2954,0,0,408,5689,54,1296,408,6985,California
Santa Cruz,2021-01-10,78,8360,70,5398,8,2962,0,0,20,5651,58,1354,20,7005,California
Santa Cruz,2021-01-11,716,9076,585,5983,131,3093,0,0,186,5308,530,1884,187,7192,California
Santa Cruz,2021-01-12,718,9794,518,6501,200,3293,0,0,479,5548,239,2123,479,7671,California
Santa Cruz,2021-01-13,520,10314,227,6728,293,3586,0,0,438,5907,79,2202,438,8109,California
Santa Cruz,2021-01-14,549,10863,103,6831,446,4032,0,0,483,6324,66,2268,483,8592,California
Santa Cruz,2021-01-15,1452,12315,75,6906,1377,5409,0,0,1388,7650,64,2332,1390,9982,California
Santa Cruz,2021-01-16,424,12739,52,6958,372,5781,0,0,405,8036,19,2351,405,10387,California
Santa Cruz,2021-01-17,296,13035,41,6999,255,6036,0,0,271,8282,25,2376,271,10658,California
Santa Cruz,2021-01-18,1004,14039,104,7103,900,6936,0,0,943,9164,61,2437,943,11601,California
Santa Cruz,2021-01-19,1610,15649,520,7623,1090,8026,0,0,1261,10079,347,2784,1262,12863,California
Santa Cruz,2021-01-20,1234,16883,181,7804,1053,9079,0,0,1037,10922,194,2978,1037,13900,California
Santa Cruz,2021-01-21,1691,18574,198,8002,1493,10572,0,0,1582,12397,109,3087,1584,15484,California
Santa Cruz,2021-01-22,1783,20357,525,8527,1258,11830,0,0,1680,13978,100,3187,1681,17165,California
Santa Cruz,2021-01-23,396,20753,144,8671,252,12082,0,0,338,14259,57,3244,338,17503,California
Santa Cruz,2021-01-24,115,20868,19,8690,96,12178,0,0,97,14338,18,3262,97,17600,California
Santa Cruz,2021-01-25,1059,21927,359,9049,700,12878,0,0,553,14385,506,3768,553,18153,California
Santa Cruz,2021-01-26,1688,23615,247,9296,1441,14319,0,0,1180,15057,508,4276,1180,19333,California
Santa Cruz,2021-01-27,1643,25258,445,9741,1198,15517,0,0,1260,15936,381,4657,1260,20593,California
Santa Cruz,2021-01-28,1739,26997,289,10030,1450,16967,0,0,1462,17122,277,4934,1463,22056,California
Santa Cruz,2021-01-29,1725,28722,487,10517,1238,18205,0,0,1596,18590,128,5062,1596,23652,California
Santa Cruz,2021-01-30,1054,29776,310,10827,744,18949,0,0,920,19376,134,5196,920,24572,California
Santa Cruz,2021-01-31,222,29998,113,10940,109,19058,0,0,208,19570,14,5210,208,24780,California
Santa Cruz,2021-02-01,1219,31217,748,11688,471,19529,0,0,824,19999,395,5605,824,25604,California
Santa Cruz,2021-02-02,992,32209,125,11813,867,20396,0,0,840,20688,151,5756,840,26444,California
Santa Cruz,2021-02-03,2215,34424,956,12769,1259,21655,0,0,1903,22282,309,6065,1903,28347,California
Santa Cruz,2021-02-04,1840,36264,767,13536,1073,22728,0,0,1502,23447,337,6402,1502,29849,California
Santa Cruz,2021-02-05,3140,39404,778,14314,2362,25090,0,0,2822,25952,317,6719,2822,32671,California
Santa Cruz,2021-02-06,2567,41971,160,14474,2407,27497,0,0,2223,27831,344,7063,2223,34894,California
Santa Cruz,2021-02-07,904,42875,122,14596,782,28279,0,0,887,28701,17,7080,887,35781,California
Santa Cruz,2021-02-08,702,43577,201,14797,501,28780,0,0,507,29014,194,7274,507,36288,California
Santa Cruz,2021-02-09,2357,45934,1050,15847,1307,30087,0,0,2091,30839,266,7540,2091,38379,California
Santa Cruz,2021-02-10,2180,48114,575,16422,1605,31692,0,0,1481,31632,689,8229,1482,39861,California
Santa Cruz,2021-02-11,1826,49940,309,16731,1517,33209,0,0,1312,32432,512,8741,1312,41173,California
Santa Cruz,2021-02-12,3199,53139,415,17146,2784,35993,0,0,1795,32834,1395,10136,1797,42970,California
Santa Cruz,2021-02-13,1699,54838,123,17269,1576,37569,0,0,1287,33709,412,10548,1287,44257,California
Santa Cruz,2021-02-14,1400,56238,71,17340,1329,38898,0,0,1136,34581,264,10812,1136,45393,California
Santa Cruz,2021-02-15,1568,57806,280,17620,1288,40186,0,0,562,34138,1006,11818,563,45956,California
Santa Cruz,2021-02-16,1680,59486,204,17824,1476,41662,0,0,525,33530,1133,12951,525,46481,California
Santa Cruz,2021-02-17,2901,62387,970,18794,1931,43593,0,0,1206,33057,1682,14633,1209,47690,California
Santa Cruz,2021-02-18,2861,65248,631,19425,2230,45823,0,0,1231,32662,1626,16259,1231,48921,California
Santa Cruz,2021-02-19,3239,68487,1133,20558,2106,47929,0,0,1995,33416,1241,17500,1995,50916,California
Santa Cruz,2021-02-20,2372,70859,1490,22048,882,48811,0,0,1877,34798,495,17995,1877,52793,California
Santa Cruz,2021-02-21,836,71695,369,22417,467,49278,0,0,707,35379,127,18122,708,53501,California
Santa Cruz,2021-02-22,1243,72938,955,23372,288,49566,0,0,528,35194,713,18835,528,54029,California
Santa Cruz,2021-02-23,2093,75031,933,24305,1160,50726,0,0,706,34514,1386,20221,706,54735,California
Santa Cruz,2021-02-24,3168,78199,1655,25960,1513,52239,0,0,1202,33755,1961,22182,1202,55937,California
Santa Cruz,2021-02-25,3208,81407,1416,27376,1792,54031,0,0,1766,34088,1434,23616,1767,57704,California
Santa Cruz,2021-02-26,2707,84114,759,28135,1948,55979,0,0,1541,34469,1162,24778,1543,59247,California
Santa Cruz,2021-02-27,2621,86735,931,29066,1690,57669,0,0,1826,35502,793,25571,1826,61073,California
Santa Cruz,2021-02-28,1286,88021,358,29424,928,58597,0,0,1074,36367,209,25780,1074,62147,California
Santa Cruz,2021-03-01,1820,89841,1249,30673,571,59168,0,0,687,35923,1131,26911,687,62834,California
Santa Cruz,2021-03-02,1536,91377,364,31037,1172,60340,0,0,873,36138,661,27572,876,63710,California
Santa Cruz,2021-03-03,2349,93726,633,31670,1716,62056,0,0,1288,36368,1058,28630,1288,64998,California
Santa Cruz,2021-03-04,2995,96721,1410,33080,1584,63640,1,1,2025,37436,959,29589,2027,67025,California
Santa Cruz,2021-03-05,2612,99333,489,33569,2105,65745,18,19,1138,37121,1471,31060,1156,68181,California
Santa Cruz,2021-03-06,3838,103171,1336,34905,2400,68145,102,121,2141,37666,1697,32757,2242,70423,California
Santa Cruz,2021-03-07,1341,104512,128,35033,1142,69287,71,192,556,37509,784,33541,627,71050,California
Santa Cruz,2021-03-08,1089,105601,222,35255,738,70025,129,321,657,37863,432,33973,786,71836,California
Santa Cruz,2021-03-09,1777,107378,262,35517,1367,71392,148,469,708,37653,1066,35039,856,72692,California
Santa Cruz,2021-03-10,3847,111225,2086,37603,1615,73007,146,615,2001,37958,1844,36883,2149,74841,California
Santa Cruz,2021-03-11,2787,114012,1213,38816,1402,74409,172,787,1539,38424,1247,38130,1713,76554,California
Santa Cruz,2021-03-12,2744,116756,882,39698,1570,75979,292,1079,915,37804,1825,39955,1205,77759,California
Santa Cruz,2021-03-13,2303,119059,1325,41023,936,76915,42,1121,1176,37900,1124,41079,1220,78979,California
Santa Cruz,2021-03-14,897,119956,212,41235,671,77586,14,1135,428,37874,467,41546,441,79420,California
Santa Cruz,2021-03-15,1333,121289,474,41709,824,78410,35,1170,573,37727,756,42302,609,80029,California
Santa Cruz,2021-03-16,2307,123596,1090,42799,1177,79587,40,1210,1337,38137,966,43268,1376,81405,California
Santa Cruz,2021-03-17,3942,127538,2322,45121,1610,81197,10,1220,2599,39411,1338,44606,2612,84017,California
Santa Cruz,2021-03-18,3848,131386,2072,47193,1658,82855,118,1338,2059,39802,1786,46392,2177,86194,California
Santa Cruz,2021-03-19,3372,134758,1318,48511,1830,84685,224,1562,1759,40176,1608,48000,1982,88176,California
Santa Cruz,2021-03-20,2161,136919,1613,50124,512,85197,36,1598,1086,40225,1073,49073,1122,89298,California
Santa Cruz,2021-03-21,820,137739,440,50564,258,85455,122,1720,438,40406,380,49453,561,89859,California
Santa Cruz,2021-03-22,1364,139103,845,51409,497,85952,22,1742,941,40950,420,49873,964,90823,California
Santa Cruz,2021-03-23,2549,141652,1432,52841,1067,87019,50,1792,1685,41824,861,50734,1735,92558,California
Santa Cruz,2021-03-24,3099,144751,2111,54952,967,87986,21,1813,2066,42883,1027,51761,2086,94644,California
Santa Cruz,2021-03-25,2637,147388,1323,56275,1277,89263,37,1850,1345,42980,1285,53046,1382,96026,California
Santa Cruz,2021-03-26,3120,150508,1812,58087,1281,90544,27,1877,2146,44185,967,54013,2172,98198,California
Santa Cruz,2021-03-27,3208,153716,2002,60089,1181,91725,25,1902,1508,44029,1690,55703,1534,99732,California
Santa Cruz,2021-03-28,935,154651,577,60666,344,92069,14,1916,493,44098,438,56141,507,100239,California
Santa Cruz,2021-03-29,1986,156637,878,61544,1040,93109,68,1984,1286,44755,697,56838,1354,101593,California
Santa Cruz,2021-03-30,2692,159329,812,62356,1723,94832,157,2141,1712,45647,977,57815,1869,103462,California
Santa Cruz,2021-03-31,4174,163503,2833,65189,1293,96125,48,2189,2198,45922,1971,59786,2246,105708,California
Santa Cruz,2021-04-01,4049,167552,2166,67355,1775,97900,108,2297,2051,46090,1991,61777,2159,107867,California
Santa Cruz,2021-04-02,3290,170842,1425,68780,1687,99587,178,2475,1888,46757,1399,63176,2066,109933,California
Santa Cruz,2021-04-03,2249,173091,1226,70006,889,100476,134,2609,887,46417,1360,64536,1020,110953,California
Santa Cruz,2021-04-04,937,174028,489,70495,392,100868,56,2665,552,46640,385,64921,608,111561,California
Santa Cruz,2021-04-05,2270,176298,790,71285,1312,102180,168,2833,1405,47350,864,65785,1574,113135,California
Santa Cruz,2021-04-06,3398,179696,1650,72935,1368,103548,380,3213,1969,48276,1418,67203,2344,115479,California
Santa Cruz,2021-04-07,4173,183869,1635,74570,2176,105724,362,3575,1812,48099,2358,69561,2181,117660,California
Santa Cruz,2021-04-08,4273,188142,2347,76917,1411,107135,515,4090,2526,49402,1738,71299,3041,120701,California
Santa Cruz,2021-04-09,3705,191847,1510,78427,1795,108930,400,4490,2093,50293,1606,72905,2497,123198,California
Santa Cruz,2021-04-10,2254,194101,1082,79509,921,109851,251,4741,1056,50406,1194,74099,1307,124505,California
Santa Cruz,2021-04-11,990,195091,515,80024,383,110234,92,4833,476,50460,514,74613,568,125073,California
Santa Cruz,2021-04-12,2291,197382,821,80845,1046,111280,424,5257,1098,50802,1179,75792,1521,126594,California
Santa Cruz,2021-04-13,2883,200265,1446,82291,1435,112715,2,5259,1623,51173,1254,77046,1625,128219,California
Santa Cruz,2021-04-14,4602,204867,2242,84533,2360,115075,0,5259,2245,51070,2350,79396,2247,130466,California
Santa Cruz,2021-04-15,5003,209870,3192,87725,1811,116886,0,5259,3159,52396,1833,81229,3159,133625,California
Santa Cruz,2021-04-16,4486,214356,2485,90210,1999,118885,2,5261,2438,52797,2040,83269,2441,136066,California
Santa Cruz,2021-04-17,2247,216603,889,91099,1358,120243,0,5261,1495,53542,750,84019,1495,137561,California
Santa Cruz,2021-04-18,1057,217660,510,91609,546,120789,1,5262,586,53660,469,84488,587,138148,California
Santa Cruz,2021-04-19,2536,220196,1516,93125,1019,121808,1,5263,1609,54345,924,85412,1609,139757,California
Santa Cruz,2021-04-20,3133,223329,1668,94793,1465,123273,0,5263,1794,54810,1330,86742,1795,141552,California
Santa Cruz,2021-04-21,4258,227587,2848,97641,1410,124683,0,5263,2311,55192,1929,88671,2311,143863,California
Santa Cruz,2021-04-22,4308,231895,2905,100546,1403,126086,0,5263,2420,55733,1879,90550,2420,146283,California
Santa Cruz,2021-04-23,3197,235092,1734,102280,1462,127548,1,5264,1390,55325,1798,92348,1390,147673,California
Santa Cruz,2021-04-24,2242,237334,1086,103366,1153,128701,3,5267,702,54501,1529,93877,705,148378,California
Santa Cruz,2021-04-25,1090,238424,696,104062,382,129083,12,5279,450,54330,632,94509,461,148839,California
Santa Cruz,2021-04-26,1895,240319,931,104993,950,130033,14,5293,751,53962,1134,95643,766,149605,California
Santa Cruz,2021-04-27,2807,243126,881,105874,1859,131892,67,5360,1402,54032,1399,97042,1469,151074,California
Santa Cruz,2021-04-28,3414,246540,1888,107762,1449,133341,77,5437,1794,54291,1609,98651,1868,152942,California
Santa Cruz,2021-04-29,3707,250247,2459,110221,1185,134526,63,5500,1280,53219,2416,101067,1344,154286,California
Santa Cruz,2021-04-30,2383,252630,1209,111430,1130,135656,44,5544,1020,52928,1355,102422,1064,155350,California
Santa Cruz,2021-05-01,1285,253915,1019,112449,233,135889,33,5577,598,52874,685,103107,631,155981,California
Santa Cruz,2021-05-02,640,254555,455,112904,160,136049,25,5602,213,52686,427,103534,239,156220,California
Santa Cruz,2021-05-03,1926,256481,993,113897,866,136915,67,5669,659,52158,1255,104789,727,156947,California
Santa Cruz,2021-05-04,2687,259168,1563,115460,1054,137969,70,5739,869,51281,1814,106603,937,157884,California
Santa Cruz,2021-05-05,2766,261934,1378,116838,1316,139285,72,5811,732,50096,1993,108596,808,158692,California
Santa Cruz,2021-05-06,3838,265772,2445,119283,1174,140459,219,6030,855,48202,2965,111561,1071,159763,California
Santa Cruz,2021-05-07,2751,268523,1247,120530,1422,141881,82,6112,433,46405,2313,113874,516,160279,California
Santa Cruz,2021-05-08,1367,269890,687,121217,652,142533,28,6140,387,45842,980,114854,417,160696,California
Santa Cruz,2021-05-09,509,270399,327,121544,159,142692,23,6163,152,45663,354,115208,175,160871,California
Santa Cruz,2021-05-10,2029,272428,1220,122764,744,143436,65,6228,412,44532,1608,116816,477,161348,California
Santa Cruz,2021-05-11,2300,274728,1304,124068,917,144353,79,6307,643,43601,1652,118468,721,162069,California
Santa Cruz,2021-05-12,3020,277748,1293,125361,1653,146006,74,6381,525,41714,2487,120955,600,162669,California
Santa Cruz,2021-05-13,3696,281444,2538,127899,1069,147075,89,6470,1311,40735,2381,123336,1402,164071,California
Santa Cruz,2021-05-14,2859,284303,1612,129511,1207,148282,40,6510,1119,40165,1732,125068,1162,165233,California
Santa Cruz,2021-05-15,2296,286599,1330,130841,954,149236,12,6522,1120,40124,1173,126241,1132,166365,California
Santa Cruz,2021-05-16,723,287322,374,131215,328,149564,21,6543,206,39836,516,126757,228,166593,California
Santa Cruz,2021-05-17,1527,288849,807,132022,649,150213,71,6614,591,39563,935,127692,662,167255,California
Santa Cruz,2021-05-18,2301,291150,1428,133450,850,151063,23,6637,1168,39629,1125,128817,1191,168446,California
Santa Cruz,2021-05-19,2935,294085,1720,135170,1182,152245,33,6670,1204,39143,1723,130540,1237,169683,California
Santa Cruz,2021-05-20,2683,296768,1955,137125,588,152833,140,6810,1222,39057,1454,131994,1368,171051,California
Santa Cruz,2021-05-21,1380,298148,733,137858,558,153391,89,6899,527,38825,849,132843,617,171668,California
Santa Cruz,2021-05-22,1422,299570,1199,139057,215,153606,8,6907,537,38488,882,133725,545,172213,California
Santa Cruz,2021-05-23,215,299785,167,139224,33,153639,15,6922,91,38473,121,133846,106,172319,California
Santa Cruz,2021-05-24,1171,300956,670,139894,422,154061,79,7001,357,38104,803,134649,434,172753,California
Santa Cruz,2021-05-25,2227,303183,1253,141147,932,154993,42,7043,508,37085,1568,136217,549,173302,California
Santa Cruz,2021-05-26,1652,304835,735,141882,875,155868,42,7085,497,36484,1141,137358,540,173842,California
Santa Cruz,2021-05-27,1225,306060,655,142537,488,156356,82,7167,469,36285,750,138108,551,174393,California
Santa Cruz,2021-05-28,811,306871,381,142918,416,156772,14,7181,372,36241,431,138539,387,174780,California
Santa Cruz,2021-05-29,203,307074,168,143086,33,156805,2,7183,110,36262,91,138630,112,174892,California
Shasta,2020-12-16,131,131,131,131,0,0,0,0,131,131,0,0,131,131,California
Shasta,2020-12-17,420,551,420,551,0,0,0,0,420,551,0,0,420,551,California
Shasta,2020-12-18,166,717,166,717,0,0,0,0,166,717,0,0,166,717,California
Shasta,2020-12-19,1,718,1,718,0,0,0,0,1,718,0,0,1,718,California
Shasta,2020-12-21,79,797,79,797,0,0,0,0,79,797,0,0,79,797,California
Shasta,2020-12-22,192,989,187,984,5,5,0,0,192,989,0,0,192,989,California
Shasta,2020-12-23,174,1163,170,1154,4,9,0,0,174,1163,0,0,174,1163,California
Shasta,2020-12-24,18,1181,18,1172,0,9,0,0,18,1181,0,0,18,1181,California
Shasta,2020-12-26,4,1185,1,1173,3,12,0,0,4,1185,0,0,4,1185,California
Shasta,2020-12-27,1,1186,0,1173,1,13,0,0,1,1186,0,0,1,1186,California
Shasta,2020-12-28,40,1226,31,1204,9,22,0,0,40,1226,0,0,40,1226,California
Shasta,2020-12-29,186,1412,185,1389,1,23,0,0,186,1412,0,0,186,1412,California
Shasta,2020-12-30,178,1590,168,1557,10,33,0,0,178,1590,0,0,178,1590,California
Shasta,2020-12-31,83,1673,2,1559,81,114,0,0,83,1673,0,0,83,1673,California
Shasta,2021-01-02,2,1675,0,1559,2,116,0,0,2,1675,0,0,2,1675,California
Shasta,2021-01-03,1,1676,1,1560,0,116,0,0,1,1676,0,0,1,1676,California
Shasta,2021-01-04,372,2048,306,1866,66,182,0,0,373,2049,0,0,373,2049,California
Shasta,2021-01-05,335,2383,314,2180,21,203,0,0,253,2220,82,82,253,2302,California
Shasta,2021-01-06,466,2849,395,2575,71,274,0,0,203,2161,262,344,203,2505,California
Shasta,2021-01-07,125,2974,36,2611,89,363,0,0,104,2244,21,365,104,2609,California
Shasta,2021-01-08,525,3499,448,3059,77,440,0,0,317,2353,208,573,317,2926,California
Shasta,2021-01-09,73,3572,64,3123,9,449,0,0,71,2422,2,575,71,2997,California
Shasta,2021-01-10,5,3577,0,3123,5,454,0,0,4,2426,1,576,5,3002,California
Shasta,2021-01-11,405,3982,184,3307,221,675,0,0,370,2761,35,611,370,3372,California
Shasta,2021-01-12,487,4469,330,3637,157,832,0,0,312,2898,175,786,312,3684,California
Shasta,2021-01-13,599,5068,267,3904,332,1164,0,0,430,3159,169,955,430,4114,California
Shasta,2021-01-14,501,5569,52,3956,449,1613,0,0,483,3624,18,973,483,4597,California
Shasta,2021-01-15,686,6255,134,4090,552,2165,0,0,684,4306,2,975,684,5281,California
Shasta,2021-01-16,897,7152,54,4144,843,3008,0,0,894,5197,3,978,894,6175,California
Shasta,2021-01-17,27,7179,6,4150,21,3029,0,0,23,5216,4,982,23,6198,California
Shasta,2021-01-18,598,7777,128,4278,470,3499,0,0,590,5798,8,990,590,6788,California
Shasta,2021-01-19,1058,8835,398,4676,660,4159,0,0,910,6560,148,1138,910,7698,California
Shasta,2021-01-20,681,9516,413,5089,268,4427,0,0,494,6872,182,1320,494,8192,California
Shasta,2021-01-21,633,10149,280,5369,353,4780,0,0,610,7459,23,1343,610,8802,California
Shasta,2021-01-22,447,10596,173,5542,274,5054,0,0,441,7894,6,1349,441,9243,California
Shasta,2021-01-23,68,10664,5,5547,63,5117,0,0,67,7960,1,1350,67,9310,California
Shasta,2021-01-24,25,10689,2,5549,23,5140,0,0,24,7983,1,1351,24,9334,California
Shasta,2021-01-25,750,11439,491,6040,259,5399,0,0,464,8162,285,1636,464,9798,California
Shasta,2021-01-26,709,12148,333,6373,376,5775,0,0,475,8405,232,1868,475,10273,California
Shasta,2021-01-27,459,12607,179,6552,280,6055,0,0,410,8766,49,1917,410,10683,California
Shasta,2021-01-28,887,13494,576,7128,311,6366,0,0,665,9209,222,2139,665,11348,California
Shasta,2021-01-29,833,14327,332,7460,501,6867,0,0,643,9663,190,2329,644,11992,California
Shasta,2021-01-30,616,14943,15,7475,601,7468,0,0,606,10259,10,2339,606,12598,California
Shasta,2021-01-31,27,14970,3,7478,24,7492,0,0,26,10284,1,2340,26,12624,California
Shasta,2021-02-01,530,15500,148,7626,382,7874,0,0,386,10526,144,2484,386,13010,California
Shasta,2021-02-02,988,16488,500,8126,488,8362,0,0,896,11332,90,2574,896,13906,California
Shasta,2021-02-03,723,17211,211,8337,512,8874,0,0,488,11585,235,2809,488,14394,California
Shasta,2021-02-04,1098,18309,675,9012,423,9297,0,0,905,12298,192,3001,905,15299,California
Shasta,2021-02-05,1254,19563,165,9177,1089,10386,0,0,1047,13139,206,3207,1047,16346,California
Shasta,2021-02-06,1746,21309,41,9218,1705,12091,0,0,1723,14839,23,3230,1723,18069,California
Shasta,2021-02-07,25,21334,3,9221,22,12113,0,0,23,14860,2,3232,23,18092,California
Shasta,2021-02-08,596,21930,168,9389,428,12541,0,0,306,14876,290,3522,306,18398,California
Shasta,2021-02-09,1124,23054,654,10043,470,13011,0,0,731,15215,393,3915,732,19130,California
Shasta,2021-02-10,1124,24178,788,10831,336,13347,0,0,599,15289,526,4441,600,19730,California
Shasta,2021-02-11,891,25069,186,11017,705,14052,0,0,369,15141,517,4958,369,20099,California
Shasta,2021-02-12,1778,26847,1199,12216,579,14631,0,0,1227,15817,551,5509,1227,21326,California
Shasta,2021-02-13,1381,28228,368,12584,1013,15644,0,0,570,15576,812,6321,571,21897,California
Shasta,2021-02-14,150,28378,4,12588,146,15790,0,0,126,15678,24,6345,126,22023,California
Shasta,2021-02-15,377,28755,89,12677,288,16078,0,0,208,15717,169,6514,208,22231,California
Shasta,2021-02-16,1196,29951,521,13198,675,16753,0,0,422,15366,773,7287,422,22653,California
Shasta,2021-02-17,1034,30985,438,13636,596,17349,0,0,414,15160,620,7907,414,23067,California
Shasta,2021-02-18,949,31934,468,14104,481,17830,0,0,459,15130,490,8397,460,23527,California
Shasta,2021-02-19,1338,33272,946,15050,392,18222,0,0,871,15534,467,8864,871,24398,California
Shasta,2021-02-20,803,34075,90,15140,713,18935,0,0,304,15339,499,9363,304,24702,California
Shasta,2021-02-21,32,34107,3,15143,29,18964,0,0,10,15327,22,9385,10,24712,California
Shasta,2021-02-22,430,34537,77,15220,353,19317,0,0,178,15254,251,9636,178,24890,California
Shasta,2021-02-23,910,35447,469,15689,441,19758,0,0,327,14998,583,10219,327,25217,California
Shasta,2021-02-24,891,36338,509,16198,382,20140,0,0,274,14656,616,10835,274,25491,California
Shasta,2021-02-25,519,36857,163,16361,356,20496,0,0,162,14462,356,11191,162,25653,California
Shasta,2021-02-26,791,37648,94,16455,697,21193,0,0,332,14336,458,11649,332,25985,California
Shasta,2021-02-27,827,38475,27,16482,800,21993,0,0,188,13887,637,12286,188,26173,California
Shasta,2021-02-28,176,38651,4,16486,172,22165,0,0,126,13963,50,12336,126,26299,California
Shasta,2021-03-01,583,39234,58,16544,525,22690,0,0,295,13971,287,12623,295,26594,California
Shasta,2021-03-02,1030,40264,474,17018,556,23246,0,0,339,13621,689,13312,339,26933,California
Shasta,2021-03-03,673,40937,171,17189,502,23748,0,0,244,13436,429,13741,244,27177,California
Shasta,2021-03-04,3034,43971,2419,19608,615,24363,0,0,1749,13902,1284,15025,1750,28927,California
Shasta,2021-03-05,1558,45529,161,19769,1368,25731,29,29,789,13950,770,15795,818,29745,California
Shasta,2021-03-06,2743,48272,385,20154,2311,28042,47,76,855,12966,1886,17681,902,30647,California
Shasta,2021-03-07,92,48364,4,20158,56,28098,32,108,38,12982,54,17735,70,30717,California
Shasta,2021-03-08,570,48934,46,20204,385,28483,139,247,157,12867,411,18146,296,31013,California
Shasta,2021-03-09,1254,50188,595,20799,481,28964,178,425,699,13188,555,18701,876,31889,California
Shasta,2021-03-10,799,50987,257,21056,340,29304,202,627,136,12862,662,19363,336,32225,California
Shasta,2021-03-11,1558,52545,471,21527,815,30119,272,899,940,13459,615,19978,1212,33437,California
Shasta,2021-03-12,1560,54105,848,22375,463,30582,249,1148,412,12971,1147,21125,659,34096,California
Shasta,2021-03-13,758,54863,425,22800,232,30814,101,1249,474,13261,283,21408,573,34669,California
Shasta,2021-03-14,1019,55882,8,22808,989,31803,22,1271,880,14025,139,21547,903,35572,California
Shasta,2021-03-15,496,56378,35,22843,361,32164,100,1371,210,14048,286,21833,309,35881,California
Shasta,2021-03-16,1135,57513,149,22992,919,33083,67,1438,851,14682,284,22117,918,36799,California
Shasta,2021-03-17,734,58247,191,23183,485,33568,58,1496,394,14801,333,22450,452,37251,California
Shasta,2021-03-18,1545,59792,586,23769,855,34423,104,1600,1118,15600,423,22873,1222,38473,California
Shasta,2021-03-19,648,60440,196,23965,396,34819,56,1656,414,15837,233,23106,470,38943,California
Shasta,2021-03-20,747,61187,489,24454,244,35063,14,1670,599,16302,148,23254,613,39556,California
Shasta,2021-03-21,313,61500,298,24752,4,35067,11,1681,286,16573,26,23280,297,39853,California
Shasta,2021-03-22,347,61847,37,24789,274,35341,36,1717,199,16661,147,23427,235,40088,California
Shasta,2021-03-23,1312,63159,653,25442,599,35940,60,1777,757,16928,550,23977,817,40905,California
Shasta,2021-03-24,611,63770,156,25598,417,36357,38,1815,367,17090,243,24220,405,41310,California
Shasta,2021-03-25,1134,64904,449,26047,664,37021,21,1836,820,17621,311,24531,842,42152,California
Shasta,2021-03-26,1836,66740,1404,27451,402,37423,30,1866,1477,18770,359,24890,1508,43660,California
Shasta,2021-03-27,1594,68334,405,27856,317,37740,872,2738,576,19198,1016,25906,1444,45104,California
Shasta,2021-03-28,405,68739,299,28155,96,37836,10,2748,300,19405,103,26009,310,45414,California
Shasta,2021-03-29,420,69159,40,28195,368,38204,12,2760,166,19330,253,26262,178,45592,California
Shasta,2021-03-30,1247,70406,766,28961,464,38668,17,2777,625,19353,619,26881,642,46234,California
Shasta,2021-03-31,620,71026,206,29167,408,39076,6,2783,384,19512,231,27112,390,46624,California
Shasta,2021-04-01,897,71923,248,29415,637,39713,12,2795,576,19781,319,27431,588,47212,California
Shasta,2021-04-02,755,72678,200,29615,501,40214,54,2849,415,19912,338,27769,469,47681,California
Shasta,2021-04-03,514,73192,362,29977,133,40347,19,2868,389,20195,125,27894,408,48089,California
Shasta,2021-04-04,293,73485,176,30153,96,40443,21,2889,218,20359,75,27969,239,48328,California
Shasta,2021-04-05,445,73930,69,30222,312,40755,64,2953,254,20486,191,28160,318,48646,California
Shasta,2021-04-06,1164,75094,487,30709,503,41258,174,3127,539,20579,620,28780,713,49359,California
Shasta,2021-04-07,656,75750,213,30922,280,41538,163,3290,258,20606,394,29174,421,49780,California
Shasta,2021-04-08,1154,76904,263,31185,735,42273,156,3446,223,20059,929,30103,382,50162,California
Shasta,2021-04-09,2589,79493,2071,33256,307,42580,211,3657,2008,21702,574,30677,2217,52379,California
Shasta,2021-04-10,881,80374,594,33850,158,42738,129,3786,268,21485,613,31290,396,52775,California
Shasta,2021-04-11,1251,81625,397,34247,834,43572,20,3806,144,20546,1103,32393,164,52939,California
Shasta,2021-04-12,338,81963,7,34254,269,43841,62,3868,97,20464,240,32633,158,53097,California
Shasta,2021-04-13,1268,83231,366,34620,900,44741,2,3870,338,19877,926,33559,339,53436,California
Shasta,2021-04-14,593,83824,143,34763,448,45189,2,3872,222,19731,370,33929,224,53660,California
Shasta,2021-04-15,1072,84896,258,35021,814,46003,0,3872,299,19260,770,34699,299,53959,California
Shasta,2021-04-16,2340,87236,1845,36866,495,46498,0,3872,935,18792,1403,36102,935,54894,California
Shasta,2021-04-17,642,87878,411,37277,231,46729,0,3872,189,18529,453,36555,190,55084,California
Shasta,2021-04-18,265,88143,240,37517,25,46754,0,3872,32,18330,231,36786,32,55116,California
Shasta,2021-04-19,381,88524,27,37544,354,47108,0,3872,162,18273,219,37005,162,55278,California
Shasta,2021-04-20,1011,89535,256,37800,755,47863,0,3872,377,18017,633,37638,377,55655,California
Shasta,2021-04-21,605,90140,220,38020,385,48248,0,3872,304,18020,301,37939,304,55959,California
Shasta,2021-04-22,965,91105,283,38303,682,48930,0,3872,299,17655,664,38603,299,56258,California
Shasta,2021-04-23,659,91764,264,38567,395,49325,0,3872,328,17653,330,38933,328,56586,California
Shasta,2021-04-24,600,92364,357,38924,242,49567,1,3873,108,17271,490,39423,108,56694,California
Shasta,2021-04-25,211,92575,182,39106,28,49595,1,3874,37,17135,174,39597,38,56732,California
Shasta,2021-04-26,485,93060,52,39158,428,50023,5,3879,337,17330,146,39743,341,57073,California
Shasta,2021-04-27,536,93596,178,39336,322,50345,36,3915,296,17423,237,39980,330,57403,California
Shasta,2021-04-28,578,94174,158,39494,387,50732,33,3948,253,17383,325,40305,285,57688,California
Shasta,2021-04-29,783,94957,120,39614,640,51372,23,3971,182,16988,600,40905,205,57893,California
Shasta,2021-04-30,2268,97225,1842,41456,395,51767,31,4002,270,15292,1997,42902,301,58194,California
Shasta,2021-05-01,224,97449,20,41476,128,51895,76,4078,96,15336,128,43030,172,58366,California
Shasta,2021-05-02,46,97495,16,41492,17,51912,13,4091,19,15341,27,43057,32,58398,California
Shasta,2021-05-03,351,97846,94,41586,231,52143,26,4117,112,15241,238,43295,138,58536,California
Shasta,2021-05-04,528,98374,193,41779,296,52439,39,4156,254,15263,271,43566,293,58829,California
Shasta,2021-05-05,432,98806,140,41919,275,52714,17,4173,200,15248,232,43798,217,59046,California
Shasta,2021-05-06,696,99502,266,42185,390,53104,40,4213,297,15195,390,44188,337,59383,California
Shasta,2021-05-07,1116,100618,735,42920,342,53446,39,4252,304,14727,811,44999,343,59726,California
Shasta,2021-05-08,167,100785,83,43003,74,53520,10,4262,98,14766,68,45067,107,59833,California
Shasta,2021-05-09,66,100851,15,43018,46,53566,5,4267,35,14775,31,45098,40,59873,California
Shasta,2021-05-10,260,101111,21,43039,189,53755,50,4317,113,14791,144,45242,160,60033,California
Shasta,2021-05-11,507,101618,160,43199,198,53953,149,4466,174,14782,332,45574,323,60356,California
Shasta,2021-05-12,369,101987,142,43341,205,54158,22,4488,119,14674,249,45823,141,60497,California
Shasta,2021-05-13,534,102521,224,43565,294,54452,16,4504,197,14552,335,46158,213,60710,California
Shasta,2021-05-14,630,103151,260,43825,344,54796,26,4530,281,14512,348,46506,308,61018,California
Shasta,2021-05-15,396,103547,127,43952,164,54960,105,4635,165,14551,230,46736,269,61287,California
Shasta,2021-05-16,223,103770,155,44107,58,55018,10,4645,164,14666,59,46795,174,61461,California
Shasta,2021-05-17,539,104309,243,44350,236,55254,60,4705,286,14760,252,47047,346,61807,California
Shasta,2021-05-18,609,104918,293,44643,292,55546,24,4729,326,14827,283,47330,350,62157,California
Shasta,2021-05-19,578,105496,280,44923,230,55776,68,4797,285,14890,290,47620,353,62510,California
Shasta,2021-05-20,512,106008,235,45158,260,56036,17,4814,244,14886,265,47885,261,62771,California
Shasta,2021-05-21,537,106545,258,45416,260,56296,19,4833,274,14918,261,48146,293,63064,California
Shasta,2021-05-22,190,106735,112,45528,71,56367,7,4840,121,14979,67,48213,128,63192,California
Shasta,2021-05-23,95,106830,43,45571,41,56408,11,4851,59,15013,36,48249,70,63262,California
Shasta,2021-05-24,522,107352,159,45730,332,56740,31,4882,186,14895,335,48584,217,63479,California
Shasta,2021-05-25,421,107773,170,45900,208,56948,43,4925,155,14829,263,48847,197,63676,California
Shasta,2021-05-26,352,108125,139,46039,187,57135,26,4951,148,14799,204,49051,174,63850,California
Shasta,2021-05-27,431,108556,159,46198,263,57398,9,4960,161,14703,266,49317,170,64020,California
Shasta,2021-05-28,432,108988,199,46397,206,57604,27,4987,202,14704,228,49545,229,64249,California
Shasta,2021-05-29,74,109062,8,46405,45,57649,21,5008,15,14680,59,49604,35,64284,California
Sierra,2020-12-18,1,1,1,1,0,0,0,0,1,1,0,0,1,1,California
Sierra,2020-12-21,2,3,2,3,0,0,0,0,2,3,0,0,2,3,California
Sierra,2020-12-22,12,15,12,15,0,0,0,0,12,15,0,0,12,15,California
Sierra,2020-12-23,4,19,4,19,0,0,0,0,4,19,0,0,4,19,California
Sierra,2020-12-28,1,20,0,19,1,1,0,0,1,20,0,0,1,20,California
Sierra,2020-12-29,49,69,7,26,42,43,0,0,49,69,0,0,49,69,California
Sierra,2020-12-30,2,71,0,26,2,45,0,0,2,71,0,0,2,71,California
Sierra,2020-12-31,13,84,0,26,13,58,0,0,13,84,0,0,13,84,California
Sierra,2021-01-01,1,85,1,27,0,58,0,0,1,85,0,0,1,85,California
Sierra,2021-01-05,64,149,2,29,62,120,0,0,64,149,0,0,64,149,California
Sierra,2021-01-06,1,150,1,30,0,120,0,0,1,150,0,0,1,150,California
Sierra,2021-01-07,21,171,1,31,20,140,0,0,20,169,1,1,20,170,California
Sierra,2021-01-08,1,172,1,32,0,140,0,0,1,170,0,1,1,171,California
Sierra,2021-01-11,3,175,3,35,0,140,0,0,0,167,3,4,0,171,California
Sierra,2021-01-12,39,214,12,47,27,167,0,0,27,182,12,16,27,198,California
Sierra,2021-01-13,3,217,3,50,0,167,0,0,0,179,3,19,0,198,California
Sierra,2021-01-14,35,252,2,52,33,200,0,0,35,214,0,19,35,233,California
Sierra,2021-01-15,3,255,1,53,2,202,0,0,3,217,0,19,3,236,California
Sierra,2021-01-18,2,257,0,53,2,204,0,0,2,219,0,19,2,238,California
Sierra,2021-01-19,32,289,0,53,32,236,0,0,32,251,0,19,32,270,California
Sierra,2021-01-20,1,290,1,54,0,236,0,0,1,252,0,19,1,271,California
Sierra,2021-01-21,52,342,0,54,52,288,0,0,52,304,0,19,52,323,California
Sierra,2021-01-22,2,344,0,54,2,290,0,0,2,306,0,19,2,325,California
Sierra,2021-01-23,2,346,0,54,2,292,0,0,2,308,0,19,2,327,California
Sierra,2021-01-26,62,408,0,54,62,354,0,0,24,294,38,57,24,351,California
Sierra,2021-01-27,4,412,4,58,0,354,0,0,0,290,4,61,0,351,California
Sierra,2021-01-28,53,465,0,58,53,407,0,0,43,323,10,71,43,394,California
Sierra,2021-01-29,2,467,0,58,2,409,0,0,2,325,0,71,2,396,California
Sierra,2021-01-30,3,470,3,61,0,409,0,0,2,326,1,72,2,398,California
Sierra,2021-02-01,1,471,0,61,1,410,0,0,0,325,1,73,0,398,California
Sierra,2021-02-02,58,529,1,62,57,467,0,0,19,305,39,112,19,417,California
Sierra,2021-02-03,6,535,5,67,1,468,0,0,5,309,1,113,5,422,California
Sierra,2021-02-04,102,637,5,72,97,565,0,0,53,313,49,162,53,475,California
Sierra,2021-02-05,6,643,4,76,2,567,0,0,5,317,1,163,5,480,California
Sierra,2021-02-09,51,694,0,76,51,618,0,0,48,362,3,166,48,528,California
Sierra,2021-02-10,4,698,2,78,2,620,0,0,4,366,0,166,4,532,California
Sierra,2021-02-11,195,893,1,79,194,814,0,0,134,439,61,227,134,666,California
Sierra,2021-02-12,20,913,0,79,20,834,0,0,20,459,0,227,20,686,California
Sierra,2021-02-13,1,914,1,80,0,834,0,0,1,460,0,227,1,687,California
Sierra,2021-02-15,2,916,2,82,0,834,0,0,0,458,2,229,0,687,California
Sierra,2021-02-16,43,959,0,82,43,877,0,0,10,435,33,262,10,697,California
Sierra,2021-02-17,4,963,0,82,4,881,0,0,1,433,3,265,1,698,California
Sierra,2021-02-18,140,1103,0,82,140,1021,0,0,91,475,49,314,91,789,California
Sierra,2021-02-19,2,1105,1,83,1,1022,0,0,1,475,1,315,1,790,California
Sierra,2021-02-20,2,1107,2,85,0,1022,0,0,0,473,2,317,0,790,California
Sierra,2021-02-22,1,1108,1,86,0,1022,0,0,1,474,0,317,1,791,California
Sierra,2021-02-23,4,1112,0,86,4,1026,0,0,4,478,0,317,4,795,California
Sierra,2021-02-24,3,1115,2,88,1,1027,0,0,3,481,0,317,3,798,California
Sierra,2021-02-25,126,1241,2,90,124,1151,0,0,59,474,66,383,59,857,California
Sierra,2021-02-26,11,1252,6,96,5,1156,0,0,4,471,7,390,4,861,California
Sierra,2021-02-27,2,1254,2,98,0,1156,0,0,0,469,2,392,0,861,California
Sierra,2021-03-01,2,1256,2,100,0,1156,0,0,0,467,2,394,0,861,California
Sierra,2021-03-02,56,1312,0,100,56,1212,0,0,38,487,18,412,38,899,California
Sierra,2021-03-03,2,1314,2,102,0,1212,0,0,1,487,1,413,1,900,California
Sierra,2021-03-04,108,1422,0,102,108,1320,0,0,60,499,48,461,60,960,California
Sierra,2021-03-05,13,1435,1,103,12,1332,0,0,11,508,2,463,11,971,California
Sierra,2021-03-07,1,1436,1,104,0,1332,0,0,0,507,1,464,0,971,California
Sierra,2021-03-08,2,1438,2,106,0,1332,0,0,2,509,0,464,2,973,California
Sierra,2021-03-09,56,1494,0,106,56,1388,0,0,12,477,44,508,12,985,California
Sierra,2021-03-10,6,1500,0,106,6,1394,0,0,4,479,2,510,4,989,California
Sierra,2021-03-11,176,1676,0,106,176,1570,0,0,44,391,132,642,44,1033,California
Sierra,2021-03-12,20,1696,1,107,19,1589,0,0,0,371,20,662,0,1033,California
Sierra,2021-03-13,28,1724,0,107,28,1617,0,0,28,399,0,662,28,1061,California
Sierra,2021-03-14,1,1725,0,107,0,1617,1,1,0,399,1,663,1,1062,California
Sierra,2021-03-15,2,1727,1,108,0,1617,1,2,0,398,2,665,1,1063,California
Sierra,2021-03-16,35,1762,0,108,34,1651,1,3,22,408,13,678,23,1086,California
Sierra,2021-03-17,3,1765,2,110,1,1652,0,3,0,405,3,681,0,1086,California
Sierra,2021-03-18,158,1923,0,110,158,1810,0,3,65,377,93,774,65,1151,California
Sierra,2021-03-19,4,1927,2,112,2,1812,0,3,1,375,3,777,1,1152,California
Sierra,2021-03-20,1,1928,0,112,1,1813,0,3,1,376,0,777,1,1153,California
Sierra,2021-03-23,22,1950,0,112,22,1835,0,3,13,380,9,786,13,1166,California
Sierra,2021-03-24,3,1953,1,113,2,1837,0,3,1,379,2,788,1,1167,California
Sierra,2021-03-25,99,2052,1,114,98,1935,0,3,50,380,49,837,50,1217,California
Sierra,2021-03-26,12,2064,1,115,11,1946,0,3,8,384,4,841,8,1225,California
Sierra,2021-03-27,1,2065,0,115,1,1947,0,3,0,383,1,842,0,1225,California
Sierra,2021-03-29,1,2066,1,116,0,1947,0,3,0,382,1,843,0,1225,California
Sierra,2021-03-30,55,2121,1,117,54,2001,0,3,22,371,33,876,22,1247,California
Sierra,2021-03-31,8,2129,0,117,8,2009,0,3,8,379,0,876,8,1255,California
Sierra,2021-04-01,63,2192,1,118,62,2071,0,3,5,328,56,932,5,1260,California
Sierra,2021-04-02,3,2195,2,120,1,2072,0,3,2,329,1,933,2,1262,California
Sierra,2021-04-04,1,2196,0,120,1,2073,0,3,0,329,0,933,0,1262,California
Sierra,2021-04-06,11,2207,0,120,11,2084,0,3,1,320,10,943,1,1263,California
Sierra,2021-04-07,14,2221,3,123,6,2090,5,8,3,318,10,953,8,1271,California
Sierra,2021-04-08,54,2275,2,125,52,2142,0,8,16,296,38,991,16,1287,California
Sierra,2021-04-09,2,2277,2,127,0,2142,0,8,1,296,1,992,1,1288,California
Sierra,2021-04-10,27,2304,0,127,27,2169,0,8,0,269,27,1019,0,1288,California
Sierra,2021-04-12,1,2305,0,127,0,2169,1,9,0,269,1,1020,1,1289,California
Sierra,2021-04-13,45,2350,0,127,45,2214,0,9,5,234,40,1060,5,1294,California
Sierra,2021-04-14,1,2351,0,127,1,2215,0,9,1,235,0,1060,1,1295,California
Sierra,2021-04-15,49,2400,1,128,48,2263,0,9,2,190,47,1107,2,1297,California
Sierra,2021-04-17,2,2402,1,129,1,2264,0,9,1,190,1,1108,1,1298,California
Sierra,2021-04-18,1,2403,0,129,1,2265,0,9,0,190,0,1108,0,1298,California
Sierra,2021-04-19,1,2404,1,130,0,2265,0,9,0,189,1,1109,0,1298,California
Sierra,2021-04-20,34,2438,1,131,33,2298,0,9,7,169,27,1136,7,1305,California
Sierra,2021-04-21,2,2440,1,132,1,2299,0,9,1,169,1,1137,1,1306,California
Sierra,2021-04-22,64,2504,1,133,63,2362,0,9,5,116,58,1195,5,1311,California
Sierra,2021-04-23,11,2515,0,133,11,2373,0,9,3,111,8,1203,3,1314,California
Sierra,2021-04-24,4,2519,0,133,4,2377,0,9,4,115,0,1203,4,1318,California
Sierra,2021-04-27,28,2547,1,134,27,2404,0,9,5,97,23,1226,5,1323,California
Sierra,2021-04-28,10,2557,2,136,8,2412,0,9,1,89,9,1235,1,1324,California
Sierra,2021-04-29,20,2577,2,138,18,2430,0,9,14,97,6,1241,14,1338,California
Sierra,2021-04-30,4,2581,2,140,2,2432,0,9,2,97,2,1243,2,1340,California
Sierra,2021-05-03,1,2582,1,141,0,2432,0,9,1,98,0,1243,1,1341,California
Sierra,2021-05-04,1,2583,0,141,1,2433,0,9,0,97,1,1244,0,1341,California
Sierra,2021-05-05,22,2605,0,141,22,2455,0,9,7,89,15,1259,7,1348,California
Sierra,2021-05-06,1,2606,1,142,0,2455,0,9,0,88,1,1260,0,1348,California
Sierra,2021-05-07,1,2607,1,143,0,2455,0,9,1,89,0,1260,1,1349,California
Sierra,2021-05-08,1,2608,0,143,0,2455,1,10,0,89,1,1261,1,1350,California
Sierra,2021-05-11,11,2619,0,143,4,2459,7,17,0,85,11,1272,7,1357,California
Sierra,2021-05-12,10,2629,1,144,9,2468,0,17,7,89,3,1275,7,1364,California
Sierra,2021-05-13,3,2632,2,146,1,2469,0,17,2,90,1,1276,2,1366,California
Sierra,2021-05-14,3,2635,1,147,2,2471,0,17,3,93,0,1276,3,1369,California
Sierra,2021-05-17,1,2636,1,148,0,2471,0,17,1,94,0,1276,1,1370,California
Sierra,2021-05-18,3,2639,1,149,1,2472,1,18,0,92,3,1279,1,1371,California
Sierra,2021-05-19,6,2645,3,152,3,2475,0,18,2,90,4,1283,2,1373,California
Sierra,2021-05-20,9,2654,8,160,0,2475,1,19,8,98,1,1284,9,1382,California
Sierra,2021-05-21,4,2658,2,162,2,2477,0,19,1,96,3,1287,1,1383,California
Sierra,2021-05-22,4,2662,0,162,4,2481,0,19,0,92,4,1291,0,1383,California
Sierra,2021-05-23,1,2663,0,162,1,2482,0,19,1,93,0,1291,1,1384,California
Sierra,2021-05-24,2,2665,1,163,1,2483,0,19,1,93,1,1292,1,1385,California
Sierra,2021-05-25,2,2667,0,163,2,2485,0,19,0,91,2,1294,0,1385,California
Sierra,2021-05-26,8,2675,0,163,8,2493,0,19,4,91,4,1298,4,1389,California
Sierra,2021-05-27,9,2684,2,165,6,2499,1,20,3,89,6,1304,4,1393,California
Sierra,2021-05-28,4,2688,2,167,2,2501,0,20,2,89,2,1306,2,1395,California
Siskiyou,2020-12-16,2,2,2,2,0,0,0,0,2,2,0,0,2,2,California
Siskiyou,2020-12-17,4,6,4,6,0,0,0,0,4,6,0,0,4,6,California
Siskiyou,2020-12-18,2,8,2,8,0,0,0,0,2,8,0,0,2,8,California
Siskiyou,2020-12-19,4,12,4,12,0,0,0,0,4,12,0,0,4,12,California
Siskiyou,2020-12-20,1,13,1,13,0,0,0,0,1,13,0,0,1,13,California
Siskiyou,2020-12-21,132,145,132,145,0,0,0,0,132,145,0,0,132,145,California
Siskiyou,2020-12-22,158,303,158,303,0,0,0,0,158,303,0,0,158,303,California
Siskiyou,2020-12-23,142,445,142,445,0,0,0,0,142,445,0,0,142,445,California
Siskiyou,2020-12-24,5,450,5,450,0,0,0,0,5,450,0,0,5,450,California
Siskiyou,2020-12-26,2,452,0,450,2,2,0,0,2,452,0,0,2,452,California
Siskiyou,2020-12-27,2,454,0,450,2,4,0,0,2,454,0,0,2,454,California
Siskiyou,2020-12-28,3,457,1,451,2,6,0,0,3,457,0,0,3,457,California
Siskiyou,2020-12-29,6,463,2,453,4,10,0,0,6,463,0,0,6,463,California
Siskiyou,2020-12-30,98,561,3,456,95,105,0,0,98,561,0,0,98,561,California
Siskiyou,2020-12-31,12,573,0,456,12,117,0,0,12,573,0,0,12,573,California
Siskiyou,2021-01-02,1,574,1,457,0,117,0,0,1,574,0,0,1,574,California
Siskiyou,2021-01-03,1,575,0,457,1,118,0,0,1,575,0,0,1,575,California
Siskiyou,2021-01-04,130,705,3,460,127,245,0,0,130,705,0,0,130,705,California
Siskiyou,2021-01-05,116,821,4,464,112,357,0,0,115,819,1,1,115,820,California
Siskiyou,2021-01-06,59,880,6,470,53,410,0,0,55,870,4,5,55,875,California
Siskiyou,2021-01-07,175,1055,4,474,171,581,0,0,174,1043,1,6,174,1049,California
Siskiyou,2021-01-08,41,1096,3,477,38,619,0,0,39,1080,2,8,39,1088,California
Siskiyou,2021-01-09,2,1098,2,479,0,619,0,0,0,1078,2,10,0,1088,California
Siskiyou,2021-01-11,226,1324,65,544,161,780,0,0,163,1178,63,73,163,1251,California
Siskiyou,2021-01-12,322,1646,274,818,48,828,0,0,89,1035,233,306,90,1341,California
Siskiyou,2021-01-13,157,1803,137,955,20,848,0,0,23,924,134,440,23,1364,California
Siskiyou,2021-01-14,25,1828,1,956,24,872,0,0,24,947,1,441,24,1388,California
Siskiyou,2021-01-15,35,1863,3,959,32,904,0,0,35,982,0,441,35,1423,California
Siskiyou,2021-01-16,7,1870,2,961,5,909,0,0,7,989,0,441,7,1430,California
Siskiyou,2021-01-17,1,1871,1,962,0,909,0,0,0,988,1,442,0,1430,California
Siskiyou,2021-01-18,77,1948,4,966,73,982,0,0,75,1061,2,444,75,1505,California
Siskiyou,2021-01-19,21,1969,1,967,20,1002,0,0,20,1080,1,445,20,1525,California
Siskiyou,2021-01-20,47,2016,35,1002,12,1014,0,0,43,1119,4,449,43,1568,California
Siskiyou,2021-01-21,42,2058,1,1003,41,1055,0,0,42,1161,0,449,42,1610,California
Siskiyou,2021-01-22,1327,3385,1175,2178,152,1207,0,0,1327,2488,0,449,1327,2937,California
Siskiyou,2021-01-23,5,3390,1,2179,4,1211,0,0,2,2487,3,452,2,2939,California
Siskiyou,2021-01-25,182,3572,8,2187,174,1385,0,0,178,2661,4,456,178,3117,California
Siskiyou,2021-01-26,148,3720,3,2190,145,1530,0,0,140,2793,8,464,140,3257,California
Siskiyou,2021-01-27,181,3901,1,2191,180,1710,0,0,126,2864,55,519,126,3383,California
Siskiyou,2021-01-28,231,4132,117,2308,114,1824,0,0,225,3083,6,525,225,3608,California
Siskiyou,2021-01-29,249,4381,3,2311,246,2070,0,0,247,3328,2,527,247,3855,California
Siskiyou,2021-01-30,4,4385,3,2314,1,2071,0,0,4,3332,0,527,4,3859,California
Siskiyou,2021-02-01,195,4580,3,2317,192,2263,0,0,105,3347,90,617,105,3964,California
Siskiyou,2021-02-02,289,4869,45,2362,244,2507,0,0,147,3352,142,759,147,4111,California
Siskiyou,2021-02-03,314,5183,1,2363,313,2820,0,0,264,3566,50,809,264,4375,California
Siskiyou,2021-02-04,322,5505,7,2370,315,3135,0,0,200,3644,122,931,200,4575,California
Siskiyou,2021-02-05,511,6016,4,2374,507,3642,0,0,349,3831,162,1093,349,4924,California
Siskiyou,2021-02-06,15,6031,0,2374,15,3657,0,0,15,3846,0,1093,15,4939,California
Siskiyou,2021-02-07,3,6034,2,2376,1,3658,0,0,3,3849,0,1093,3,4942,California
Siskiyou,2021-02-08,221,6255,5,2381,216,3874,0,0,216,4060,5,1098,216,5158,California
Siskiyou,2021-02-09,197,6452,4,2385,193,4067,0,0,164,4191,33,1131,164,5322,California
Siskiyou,2021-02-10,370,6822,40,2425,330,4397,0,0,317,4456,52,1183,317,5639,California
Siskiyou,2021-02-11,189,7011,1,2426,188,4585,0,0,174,4615,15,1198,174,5813,California
Siskiyou,2021-02-12,1690,8701,1198,3624,492,5077,0,0,501,3927,1189,2387,501,6314,California
Siskiyou,2021-02-13,36,8737,2,3626,34,5111,0,0,32,3955,4,2391,32,6346,California
Siskiyou,2021-02-14,5,8742,1,3627,4,5115,0,0,5,3960,0,2391,5,6351,California
Siskiyou,2021-02-15,108,8850,10,3637,98,5213,0,0,106,4064,2,2393,106,6457,California
Siskiyou,2021-02-16,114,8964,2,3639,112,5325,0,0,99,4148,15,2408,99,6556,California
Siskiyou,2021-02-17,184,9148,15,3654,169,5494,0,0,170,4304,14,2422,170,6726,California
Siskiyou,2021-02-18,221,9369,88,3742,133,5627,0,0,98,4279,123,2545,98,6824,California
Siskiyou,2021-02-19,71,9440,34,3776,37,5664,0,0,34,4276,37,2582,34,6858,California
Siskiyou,2021-02-20,21,9461,3,3779,18,5682,0,0,16,4287,5,2587,16,6874,California
Siskiyou,2021-02-21,1,9462,1,3780,0,5682,0,0,1,4288,0,2587,1,6875,California
Siskiyou,2021-02-22,125,9587,2,3782,123,5805,0,0,19,4201,106,2693,19,6894,California
Siskiyou,2021-02-23,197,9784,15,3797,182,5987,0,0,53,4110,144,2837,53,6947,California
Siskiyou,2021-02-24,149,9933,5,3802,144,6131,0,0,37,4035,112,2949,37,6984,California
Siskiyou,2021-02-25,301,10234,24,3826,277,6408,0,0,155,4044,146,3095,155,7139,California
Siskiyou,2021-02-26,671,10905,11,3837,660,7068,0,0,369,4111,302,3397,369,7508,California
Siskiyou,2021-02-27,32,10937,5,3842,27,7095,0,0,28,4135,4,3401,28,7536,California
Siskiyou,2021-02-28,6,10943,5,3847,1,7096,0,0,4,4137,2,3403,4,7540,California
Siskiyou,2021-03-01,280,11223,6,3853,274,7370,0,0,50,3957,230,3633,50,7590,California
Siskiyou,2021-03-02,190,11413,1,3854,189,7559,0,0,70,3907,120,3753,70,7660,California
Siskiyou,2021-03-03,348,11761,10,3864,338,7897,0,0,155,3869,193,3946,155,7815,California
Siskiyou,2021-03-04,793,12554,620,4484,173,8070,0,0,635,4346,158,4104,635,8450,California
Siskiyou,2021-03-05,326,12880,6,4490,309,8379,11,11,105,4244,218,4322,116,8566,California
Siskiyou,2021-03-06,43,12923,3,4493,33,8412,7,18,28,4264,15,4337,35,8601,California
Siskiyou,2021-03-07,12,12935,4,4497,0,8412,8,26,3,4266,9,4346,11,8612,California
Siskiyou,2021-03-08,360,13295,30,4527,295,8707,35,61,59,4059,301,4647,94,8706,California
Siskiyou,2021-03-09,164,13459,2,4529,108,8815,54,115,57,4063,107,4754,111,8817,California
Siskiyou,2021-03-10,222,13681,7,4536,185,9000,30,145,30,3931,192,4946,60,8877,California
Siskiyou,2021-03-11,476,14157,206,4742,223,9223,47,192,276,4055,199,5145,323,9200,California
Siskiyou,2021-03-12,650,14807,141,4883,470,9693,39,231,184,3816,464,5609,225,9425,California
Siskiyou,2021-03-13,428,15235,380,5263,25,9718,23,254,381,4174,47,5656,405,9830,California
Siskiyou,2021-03-14,20,15255,1,5264,3,9721,16,270,2,4174,18,5674,18,9848,California
Siskiyou,2021-03-15,457,15712,258,5522,177,9898,22,292,322,4383,135,5809,344,10192,California
Siskiyou,2021-03-16,257,15969,34,5556,206,10104,17,309,140,4424,116,5925,157,10349,California
Siskiyou,2021-03-17,201,16170,9,5565,184,10288,8,317,34,4299,167,6092,42,10391,California
Siskiyou,2021-03-18,929,17099,791,6356,126,10414,12,329,813,5008,116,6208,825,11216,California
Siskiyou,2021-03-19,68,17167,10,6366,45,10459,13,342,20,4993,48,6256,33,11249,California
Siskiyou,2021-03-20,30,17197,7,6373,18,10477,5,347,6,4980,24,6280,11,11260,California
Siskiyou,2021-03-21,10,17207,4,6377,1,10478,5,352,4,4983,6,6286,9,11269,California
Siskiyou,2021-03-22,208,17415,21,6398,165,10643,22,374,145,5090,60,6346,167,11436,California
Siskiyou,2021-03-23,196,17611,19,6417,167,10810,10,384,141,5186,55,6401,151,11587,California
Siskiyou,2021-03-24,141,17752,47,6464,94,10904,0,384,115,5275,26,6427,115,11702,California
Siskiyou,2021-03-25,571,18323,319,6783,249,11153,3,387,400,5507,171,6598,403,12105,California
Siskiyou,2021-03-26,305,18628,35,6818,270,11423,0,387,104,5412,199,6797,104,12209,California
Siskiyou,2021-03-27,37,18665,4,6822,28,11451,5,392,9,5398,28,6825,14,12223,California
Siskiyou,2021-03-28,9,18674,8,6830,1,11452,0,392,5,5399,4,6829,5,12228,California
Siskiyou,2021-03-29,96,18770,10,6840,84,11536,2,394,46,5397,50,6879,48,12276,California
Siskiyou,2021-03-30,102,18872,7,6847,94,11630,1,395,41,5378,61,6940,42,12318,California
Siskiyou,2021-03-31,190,19062,20,6867,167,11797,3,398,48,5289,141,7081,52,12370,California
Siskiyou,2021-04-01,831,19893,673,7540,158,11955,0,398,214,4886,617,7698,214,12584,California
Siskiyou,2021-04-02,347,20240,197,7737,146,12101,4,402,66,4677,279,7977,70,12654,California
Siskiyou,2021-04-03,26,20266,5,7742,14,12115,7,409,5,4668,21,7998,12,12666,California
Siskiyou,2021-04-04,2,20268,1,7743,1,12116,0,409,1,4668,1,7999,1,12667,California
Siskiyou,2021-04-05,439,20707,332,8075,81,12197,26,435,27,4310,411,8410,53,12720,California
Siskiyou,2021-04-06,219,20926,36,8111,130,12327,53,488,125,4394,93,8503,177,12897,California
Siskiyou,2021-04-07,116,21042,11,8122,63,12390,42,530,66,4452,50,8553,108,13005,California
Siskiyou,2021-04-08,354,21396,186,8308,127,12517,41,571,64,4267,290,8843,105,13110,California
Siskiyou,2021-04-09,548,21944,379,8687,131,12648,38,609,84,3927,463,9306,123,13233,California
Siskiyou,2021-04-10,45,21989,6,8693,2,12650,37,646,6,3931,39,9345,43,13276,California
Siskiyou,2021-04-11,8,21997,5,8698,1,12651,2,648,2,3929,6,9351,4,13280,California
Siskiyou,2021-04-12,129,22126,25,8723,103,12754,1,649,49,3899,80,9431,50,13330,California
Siskiyou,2021-04-13,207,22333,37,8760,169,12923,1,650,81,3855,126,9557,82,13412,California
Siskiyou,2021-04-14,156,22489,65,8825,91,13014,0,650,85,3871,69,9626,85,13497,California
Siskiyou,2021-04-15,1118,23607,959,9784,159,13173,0,650,438,3629,680,10306,438,13935,California
Siskiyou,2021-04-16,301,23908,207,9991,94,13267,0,650,270,3869,30,10336,270,14205,California
Siskiyou,2021-04-17,11,23919,8,9999,3,13270,0,650,7,3872,4,10340,7,14212,California
Siskiyou,2021-04-18,6,23925,3,10002,3,13273,0,650,2,3870,4,10344,2,14214,California
Siskiyou,2021-04-19,128,24053,25,10027,103,13376,0,650,45,3832,83,10427,45,14259,California
Siskiyou,2021-04-20,237,24290,5,10032,232,13608,0,650,94,3783,143,10570,94,14353,California
Siskiyou,2021-04-21,94,24384,10,10042,84,13692,0,650,25,3739,69,10639,25,14378,California
Siskiyou,2021-04-22,416,24800,302,10344,114,13806,0,650,51,3425,365,11004,51,14429,California
Siskiyou,2021-04-23,181,24981,15,10359,166,13972,0,650,159,3563,21,11025,159,14588,California
Siskiyou,2021-04-24,27,25008,4,10363,23,13995,0,650,19,3574,8,11033,19,14607,California
Siskiyou,2021-04-25,2,25010,0,10363,2,13997,0,650,2,3576,0,11033,2,14609,California
Siskiyou,2021-04-26,100,25110,6,10369,89,14086,5,655,25,3531,75,11108,30,14639,California
Siskiyou,2021-04-27,102,25212,4,10373,96,14182,2,657,83,3599,17,11125,85,14724,California
Siskiyou,2021-04-28,110,25322,8,10381,94,14276,8,665,52,3601,58,11183,60,14784,California
Siskiyou,2021-04-29,105,25427,14,10395,91,14367,0,665,25,3546,80,11263,25,14809,California
Siskiyou,2021-04-30,101,25528,20,10415,80,14447,1,666,44,3536,54,11317,44,14853,California
Siskiyou,2021-05-01,11,25539,7,10422,1,14448,3,669,7,3542,4,11321,10,14863,California
Siskiyou,2021-05-02,11,25550,5,10427,6,14454,0,669,9,3549,2,11323,9,14872,California
Siskiyou,2021-05-03,110,25660,23,10450,85,14539,2,671,47,3535,63,11386,49,14921,California
Siskiyou,2021-05-04,123,25783,6,10456,115,14654,2,673,62,3539,60,11446,64,14985,California
Siskiyou,2021-05-05,117,25900,21,10477,87,14741,9,682,39,3510,77,11523,48,15033,California
Siskiyou,2021-05-06,367,26267,296,10773,65,14806,6,688,190,3529,177,11700,196,15229,California
Siskiyou,2021-05-07,309,26576,219,10992,85,14891,5,693,33,3292,275,11975,38,15267,California
Siskiyou,2021-05-08,24,26600,4,10996,19,14910,1,694,18,3305,6,11981,19,15286,California
Siskiyou,2021-05-09,1,26601,0,10996,1,14911,0,694,0,3304,1,11982,0,15286,California
Siskiyou,2021-05-10,98,26699,67,11063,30,14941,1,695,20,3247,78,12060,21,15307,California
Siskiyou,2021-05-11,82,26781,4,11067,73,15014,5,700,47,3264,35,12095,52,15359,California
Siskiyou,2021-05-12,52,26833,3,11070,45,15059,4,704,15,3246,37,12132,19,15378,California
Siskiyou,2021-05-13,76,26909,31,11101,36,15095,9,713,33,3245,43,12175,42,15420,California
Siskiyou,2021-05-14,170,27079,82,11183,87,15182,1,714,103,3283,66,12241,104,15524,California
Siskiyou,2021-05-15,45,27124,14,11197,29,15211,2,716,38,3317,6,12247,40,15564,California
Siskiyou,2021-05-16,6,27130,2,11199,4,15215,0,716,4,3319,2,12249,4,15568,California
Siskiyou,2021-05-17,66,27196,2,11201,41,15256,23,739,12,3300,54,12303,35,15603,California
Siskiyou,2021-05-18,220,27416,82,11283,134,15390,4,743,123,3331,96,12399,127,15730,California
Siskiyou,2021-05-19,156,27572,96,11379,59,15449,1,744,124,3424,32,12431,125,15855,California
Siskiyou,2021-05-20,496,28068,425,11804,69,15518,2,746,228,3386,268,12699,230,16085,California
Siskiyou,2021-05-21,172,28240,86,11890,85,15603,1,747,98,3412,73,12772,99,16184,California
Siskiyou,2021-05-22,40,28280,19,11909,21,15624,0,747,24,3420,16,12788,24,16208,California
Siskiyou,2021-05-23,3,28283,3,11912,0,15624,0,747,1,3419,2,12790,1,16209,California
Siskiyou,2021-05-24,22,28305,5,11917,17,15641,0,747,10,3418,11,12801,10,16219,California
Siskiyou,2021-05-25,143,28448,13,11930,114,15755,16,763,43,3378,99,12900,59,16278,California
Siskiyou,2021-05-26,75,28523,20,11950,55,15810,0,763,42,3387,33,12933,42,16320,California
Siskiyou,2021-05-27,135,28658,96,12046,36,15846,3,766,61,3378,74,13007,65,16385,California
Siskiyou,2021-05-28,121,28779,53,12099,67,15913,1,767,79,3416,42,13049,80,16465,California
Siskiyou,2021-05-29,8,28787,3,12102,4,15917,1,768,2,3413,6,13055,3,16468,California
Solano,2020-12-15,4,4,4,4,0,0,0,0,4,4,0,0,4,4,California
Solano,2020-12-16,71,75,71,75,0,0,0,0,71,75,0,0,71,75,California
Solano,2020-12-17,154,229,154,229,0,0,0,0,154,229,0,0,154,229,California
Solano,2020-12-18,446,675,445,674,1,1,0,0,446,675,0,0,446,675,California
Solano,2020-12-19,522,1197,522,1196,0,1,0,0,522,1197,0,0,522,1197,California
Solano,2020-12-20,356,1553,354,1550,2,3,0,0,356,1553,0,0,356,1553,California
Solano,2020-12-21,572,2125,570,2120,2,5,0,0,572,2125,0,0,572,2125,California
Solano,2020-12-22,663,2788,630,2750,33,38,0,0,663,2788,0,0,663,2788,California
Solano,2020-12-23,870,3658,779,3529,91,129,0,0,869,3656,1,1,869,3657,California
Solano,2020-12-24,423,4081,171,3700,252,381,0,0,423,4079,0,1,423,4080,California
Solano,2020-12-25,10,4091,2,3702,8,389,0,0,10,4089,0,1,10,4090,California
Solano,2020-12-26,173,4264,47,3749,126,515,0,0,173,4262,0,1,173,4263,California
Solano,2020-12-27,105,4369,29,3778,76,591,0,0,105,4367,0,1,105,4368,California
Solano,2020-12-28,866,5235,422,4200,444,1035,0,0,866,5233,0,1,866,5234,California
Solano,2020-12-29,902,6137,375,4575,527,1562,0,0,902,6135,0,1,902,6136,California
Solano,2020-12-30,1235,7372,599,5174,636,2198,0,0,1235,7370,0,1,1235,7371,California
Solano,2020-12-31,538,7910,137,5311,401,2599,0,0,538,7908,0,1,538,7909,California
Solano,2021-01-01,14,7924,13,5324,1,2600,0,0,14,7922,0,1,14,7923,California
Solano,2021-01-02,213,8137,165,5489,48,2648,0,0,213,8135,0,1,213,8136,California
Solano,2021-01-03,57,8194,40,5529,17,2665,0,0,52,8187,0,1,52,8188,California
Solano,2021-01-04,452,8646,246,5775,206,2871,0,0,442,8626,3,4,442,8630,California
Solano,2021-01-05,729,9375,376,6151,353,3224,0,0,575,9052,149,153,575,9205,California
Solano,2021-01-06,846,10221,439,6590,407,3631,0,0,581,9370,263,416,581,9786,California
Solano,2021-01-07,1068,11289,685,7275,383,4014,0,0,609,9523,457,873,610,10396,California
Solano,2021-01-08,1144,12433,778,8053,366,4380,0,0,554,9507,572,1445,556,10952,California
Solano,2021-01-09,888,13321,765,8818,123,4503,0,0,428,9478,457,1902,428,11380,California
Solano,2021-01-10,254,13575,194,9012,60,4563,0,0,152,9528,102,2004,152,11532,California
Solano,2021-01-11,1334,14909,1120,10132,214,4777,0,0,817,9828,517,2521,817,12349,California
Solano,2021-01-12,1571,16480,1173,11305,398,5175,0,0,1020,10299,550,3071,1021,13370,California
Solano,2021-01-13,1464,17944,1006,12311,458,5633,0,0,1205,11247,257,3328,1205,14575,California
Solano,2021-01-14,1892,19836,814,13125,1078,6711,0,0,1577,12510,314,3642,1577,16152,California
Solano,2021-01-15,1698,21534,1059,14184,639,7350,0,0,1401,13614,297,3939,1401,17553,California
Solano,2021-01-16,1293,22827,904,15088,389,7739,0,0,1118,14557,175,4114,1118,18671,California
Solano,2021-01-17,1042,23869,758,15846,284,8023,0,0,1022,15560,20,4134,1023,19694,California
Solano,2021-01-18,1409,25278,853,16699,556,8579,0,0,1292,16736,117,4251,1293,20987,California
Solano,2021-01-19,1652,26930,1338,18037,314,8893,0,0,1381,17847,270,4521,1381,22368,California
Solano,2021-01-20,2034,28964,1421,19458,613,9506,0,0,1547,18910,484,5005,1547,23915,California
Solano,2021-01-21,3187,32151,1016,20474,2171,11677,0,0,2835,21394,352,5357,2836,26751,California
Solano,2021-01-22,1772,33923,845,21319,927,12604,0,0,1579,22780,193,5550,1579,28330,California
Solano,2021-01-23,737,34660,242,21561,495,13099,0,0,532,23107,206,5756,533,28863,California
Solano,2021-01-24,403,35063,61,21622,342,13441,0,0,336,23376,67,5823,336,29199,California
Solano,2021-01-25,1670,36733,631,22253,1039,14480,0,0,1114,23936,555,6378,1115,30314,California
Solano,2021-01-26,1783,38516,741,22994,1042,15522,0,0,1149,24453,633,7011,1150,31464,California
Solano,2021-01-27,1787,40303,719,23713,1068,16590,0,0,1183,25036,600,7611,1183,32647,California
Solano,2021-01-28,1964,42267,709,24422,1255,17845,0,0,1372,25818,591,8202,1373,34020,California
Solano,2021-01-29,1702,43969,784,25206,918,18763,0,0,1342,26802,358,8560,1342,35362,California
Solano,2021-01-30,952,44921,457,25663,495,19258,0,0,608,27067,344,8904,609,35971,California
Solano,2021-01-31,245,45166,153,25816,92,19350,0,0,174,27170,71,8975,174,36145,California
Solano,2021-02-01,1558,46724,1036,26852,522,19872,0,0,777,27169,778,9753,777,36922,California
Solano,2021-02-02,3347,50071,1095,27947,2252,22124,0,0,2538,28902,805,10558,2538,39460,California
Solano,2021-02-03,2266,52337,1308,29255,958,23082,0,0,1166,28971,1097,11655,1166,40626,California
Solano,2021-02-04,1796,54133,900,30155,896,23978,0,0,1072,29324,719,12374,1072,41698,California
Solano,2021-02-05,3098,57231,1417,31572,1681,25659,0,0,2093,30420,997,13371,2093,43791,California
Solano,2021-02-06,3061,60292,1169,32741,1892,27551,0,0,2244,31851,813,14184,2244,46035,California
Solano,2021-02-07,848,61140,784,33525,64,27615,0,0,237,31478,610,14794,237,46272,California
Solano,2021-02-08,1757,62897,1235,34760,522,28137,0,0,715,31153,1040,15834,715,46987,California
Solano,2021-02-09,1950,64847,1484,36244,466,28603,0,0,698,30600,1251,17085,698,47685,California
Solano,2021-02-10,2266,67113,1496,37740,770,29373,0,0,824,29982,1442,18527,824,48509,California
Solano,2021-02-11,2517,69630,1492,39232,1025,30398,0,0,1198,29872,1308,19835,1198,49707,California
Solano,2021-02-12,4229,73859,1630,40862,2599,32997,0,0,2879,31408,1343,21178,2879,52586,California
Solano,2021-02-13,2869,76728,250,41112,2619,35616,0,0,2454,33450,412,21590,2454,55040,California
Solano,2021-02-14,726,77454,204,41316,522,36138,0,0,416,33559,308,21898,417,55457,California
Solano,2021-02-15,1328,78782,324,41640,1004,37142,0,0,694,33620,633,22531,694,56151,California
Solano,2021-02-16,2561,81343,1387,43027,1174,38316,0,0,1664,34389,896,23427,1665,57816,California
Solano,2021-02-17,3218,84561,1455,44482,1763,40079,0,0,2175,35525,1040,24467,2176,59992,California
Solano,2021-02-18,2880,87441,843,45325,2037,42116,0,0,865,34382,2009,26476,866,60858,California
Solano,2021-02-19,2400,89841,1446,46771,954,43070,0,0,1170,34329,1225,27701,1172,62030,California
Solano,2021-02-20,2576,92417,383,47154,2193,45263,0,0,2106,35964,471,28172,2106,64136,California
Solano,2021-02-21,2191,94608,1878,49032,313,45576,0,0,1881,37539,306,28478,1881,66017,California
Solano,2021-02-22,1736,96344,1053,50085,683,46259,0,0,913,37633,821,29299,915,66932,California
Solano,2021-02-23,2864,99208,1088,51173,1776,48035,0,0,1957,38687,903,30202,1957,68889,California
Solano,2021-02-24,2486,101694,1244,52417,1242,49277,0,0,1391,38985,1093,31295,1391,70280,California
Solano,2021-02-25,2413,104107,1450,53867,963,50240,0,0,1319,39215,1089,32384,1319,71599,California
Solano,2021-02-26,3190,107297,2033,55900,1157,51397,0,0,1871,39772,1314,33698,1871,73470,California
Solano,2021-02-27,3663,110960,1382,57282,2280,53677,1,1,2962,42042,693,34391,2963,76433,California
Solano,2021-02-28,1369,112329,1038,58320,331,54008,0,1,1087,42851,279,34670,1088,77521,California
Solano,2021-03-01,2457,114786,1057,59377,1399,55407,1,2,1856,44112,596,35266,1857,79378,California
Solano,2021-03-02,2245,117031,1401,60778,844,56251,0,2,1294,44456,950,36216,1294,80672,California
Solano,2021-03-03,2238,119269,1260,62038,978,57229,0,2,1389,45005,841,37057,1390,82062,California
Solano,2021-03-04,4382,123651,3432,65470,948,58177,2,4,3159,46956,1213,38270,3164,85226,California
Solano,2021-03-05,4924,128575,1684,67154,3235,61412,5,9,3953,49953,961,39231,3958,89184,California
Solano,2021-03-06,3844,132419,833,67987,2972,64384,39,48,2642,51443,1191,40422,2681,91865,California
Solano,2021-03-07,3574,135993,760,68747,2804,67188,10,58,1965,51822,1597,42019,1976,93841,California
Solano,2021-03-08,2134,138127,1337,70084,527,67715,270,328,1612,53185,517,42536,1880,95721,California
Solano,2021-03-09,3222,141349,1569,71653,1599,69314,54,382,2323,54661,898,43434,2374,98095,California
Solano,2021-03-10,2428,143777,1764,73417,579,69893,85,467,1273,54869,1150,44584,1358,99453,California
Solano,2021-03-11,6021,149798,1756,75173,4011,73904,254,721,4967,59041,1050,45634,5222,104675,California
Solano,2021-03-12,6015,155813,1567,76740,4270,78174,178,899,3180,59569,2831,48465,3359,108034,California
Solano,2021-03-13,4578,160391,803,77543,3691,81865,84,983,2234,59554,2337,50802,2322,110356,California
Solano,2021-03-14,3999,164390,3121,80664,423,82288,455,1438,1640,59292,2354,53156,2092,112448,California
Solano,2021-03-15,4017,168407,2453,83117,1244,83532,320,1758,2517,60636,1492,54648,2836,115284,California
Solano,2021-03-16,3090,171497,1323,84440,1531,85063,236,1994,1575,60936,1511,56159,1811,117095,California
Solano,2021-03-17,6428,177925,1674,86114,4663,89726,91,2085,4937,64476,1488,57647,5028,122123,California
Solano,2021-03-18,5201,183126,1847,87961,3315,93041,39,2124,3825,66973,1368,59015,3865,125988,California
Solano,2021-03-19,3562,186688,2633,90594,855,93896,74,2198,1810,67114,1744,60759,1885,127873,California
Solano,2021-03-20,5552,192240,1672,92266,3826,97722,54,2252,2843,67311,2700,63459,2897,130770,California
Solano,2021-03-21,1681,193921,1575,93841,81,97803,25,2277,858,67372,820,64279,881,131651,California
Solano,2021-03-22,2671,196592,2039,95880,582,98385,50,2327,1666,68085,999,65278,1712,133363,California
Solano,2021-03-23,3522,200114,1668,97548,1811,100196,43,2370,1410,67429,2108,67386,1452,134815,California
Solano,2021-03-24,2830,202944,1773,99321,1022,101218,35,2405,1371,67381,1453,68839,1405,136220,California
Solano,2021-03-25,4871,207815,3991,103312,845,102063,35,2440,2277,67104,2590,71429,2313,138533,California
Solano,2021-03-26,3228,211043,2097,105409,1094,103157,37,2477,1741,67404,1478,72907,1778,140311,California
Solano,2021-03-27,4200,215243,1157,106566,3006,106163,37,2514,1793,66833,2401,75308,1830,142141,California
Solano,2021-03-28,1419,216662,1111,107677,290,106453,18,2532,551,66538,864,76172,569,142710,California
Solano,2021-03-29,3511,220173,2044,109721,1450,107903,17,2549,1583,66227,1915,78087,1604,144314,California
Solano,2021-03-30,3014,223187,2014,111735,909,108812,91,2640,1871,67047,1142,79229,1962,146276,California
Solano,2021-03-31,3142,226329,2139,113874,843,109655,160,2800,1842,67749,1297,80526,1999,148275,California
Solano,2021-04-01,5551,231880,2112,115986,3288,112943,151,2951,3511,69384,2027,82553,3662,151937,California
Solano,2021-04-02,6612,238492,2232,118218,4213,117156,167,3118,2566,68093,4031,86584,2740,154677,California
Solano,2021-04-03,1532,240024,966,119184,411,117567,155,3273,571,67860,959,87543,726,155403,California
Solano,2021-04-04,781,240805,288,119472,191,117758,302,3575,241,67867,536,88079,543,155946,California
Solano,2021-04-05,2991,243796,2044,121516,740,118498,207,3782,1516,68116,1473,89552,1722,157668,California
Solano,2021-04-06,6044,249840,1638,123154,3915,122413,491,4273,1646,65883,4391,93943,2158,159826,California
Solano,2021-04-07,5922,255762,4582,127736,942,123355,398,4671,3365,67115,2538,96481,3770,163596,California
Solano,2021-04-08,6455,262217,1794,129530,3797,127152,864,5535,1818,65195,4608,101089,2688,166284,California
Solano,2021-04-09,6281,268498,1664,131194,3768,130920,849,6384,1522,62833,4735,105824,2373,168657,California
Solano,2021-04-10,1733,270231,955,132149,453,131373,325,6709,801,63027,931,106755,1125,169782,California
Solano,2021-04-11,1231,271462,765,132914,337,131710,129,6838,638,63204,590,107345,767,170549,California
Solano,2021-04-12,3251,274713,1673,134587,1219,132929,359,7197,1337,62988,1909,109254,1693,172242,California
Solano,2021-04-13,2531,277244,1092,135679,1438,134367,1,7198,1319,63100,1208,110462,1320,173562,California
Solano,2021-04-14,6451,283695,1946,137625,4505,138872,0,7198,1825,60308,4618,115080,1826,175388,California
Solano,2021-04-15,5667,289362,2138,139763,3529,142401,0,7198,1718,58091,3935,119015,1718,177106,California
Solano,2021-04-16,3671,293033,2577,142340,1092,143493,2,7200,2280,58987,1386,120401,2282,179388,California
Solano,2021-04-17,3252,296285,1061,143401,2191,145684,0,7200,1119,57982,2125,122526,1120,180508,California
Solano,2021-04-18,1004,297289,610,144011,394,146078,0,7200,529,58037,474,123000,529,181037,California
Solano,2021-04-19,2107,299396,1158,145169,949,147027,0,7200,1173,58283,929,123929,1175,182212,California
Solano,2021-04-20,3023,302419,1845,147014,1178,148205,0,7200,1683,58630,1336,125265,1683,183895,California
Solano,2021-04-21,3565,305984,2333,149347,1232,149437,0,7200,1790,58650,1770,127035,1790,185685,California
Solano,2021-04-22,2935,308919,1484,150831,1451,150888,0,7200,1780,59277,1153,128188,1780,187465,California
Solano,2021-04-23,4151,313070,2086,152917,2065,152953,0,7200,2498,60129,1647,129835,2499,189964,California
Solano,2021-04-24,3823,316893,2292,155209,1529,154482,2,7202,2530,61454,1207,131042,2532,192496,California
Solano,2021-04-25,1427,318320,1113,156322,314,154796,0,7202,1128,62290,292,131334,1128,193624,California
Solano,2021-04-26,2469,320789,1598,157920,867,155663,4,7206,1323,62483,1134,132468,1327,194951,California
Solano,2021-04-27,2500,323289,1246,159166,1230,156893,24,7230,1432,62879,1061,133529,1457,196408,California
Solano,2021-04-28,5572,328861,4589,163755,937,157830,46,7276,3429,64221,2133,135662,3475,199883,California
Solano,2021-04-29,4157,333018,1265,165020,2860,160690,32,7308,1692,63488,2457,138119,1724,201607,California
Solano,2021-04-30,4030,337048,2189,167209,1709,162399,132,7440,1869,63343,2146,140265,2001,203608,California
Solano,2021-05-01,2174,339222,1676,168885,298,162697,200,7640,1295,63964,874,141139,1495,205103,California
Solano,2021-05-02,1196,340418,936,169821,236,162933,24,7664,668,64133,523,141662,692,205795,California
Solano,2021-05-03,1450,341868,1008,170829,355,163288,87,7751,592,63956,857,142519,680,206475,California
Solano,2021-05-04,1793,343661,1047,171876,681,163969,65,7816,806,63842,985,143504,871,207346,California
Solano,2021-05-05,2251,345912,1409,173285,729,164698,113,7929,1082,63870,1165,144669,1193,208539,California
Solano,2021-05-06,1947,347859,1183,174468,591,165289,173,8102,722,63548,1217,145886,895,209434,California
Solano,2021-05-07,2761,350620,1908,176376,736,166025,117,8219,959,62827,1795,147681,1074,210508,California
Solano,2021-05-08,1370,351990,830,177206,425,166450,115,8334,477,62529,890,148571,592,211100,California
Solano,2021-05-09,417,352407,241,177447,165,166615,11,8345,155,62437,259,148830,167,211267,California
Solano,2021-05-10,1316,353723,604,178051,609,167224,103,8448,382,61992,931,149761,486,211753,California
Solano,2021-05-11,2241,355964,1132,179183,1025,168249,84,8532,629,61098,1607,151368,713,212466,California
Solano,2021-05-12,2047,358011,1152,180335,725,168974,170,8702,680,60589,1357,152725,848,213314,California
Solano,2021-05-13,2875,360886,1976,182311,691,169665,208,8910,1521,60967,1351,154076,1729,215043,California
Solano,2021-05-14,2410,363296,1622,183933,668,170333,120,9030,1009,60704,1392,155468,1129,216172,California
Solano,2021-05-15,2864,366160,2233,186166,569,170902,62,9092,1178,60269,1675,157143,1240,217412,California
Solano,2021-05-16,1486,367646,1090,187256,363,171265,33,9125,241,59300,1242,158385,273,217685,California
Solano,2021-05-17,2453,370099,1405,188661,963,172228,85,9210,935,58818,1498,159883,1016,218701,California
Solano,2021-05-18,2801,372900,1513,190174,1199,173427,89,9299,1389,58895,1400,161283,1477,220178,California
Solano,2021-05-19,4892,377792,3363,193537,1423,174850,106,9405,2277,58675,2604,163887,2384,222562,California
Solano,2021-05-20,2232,380024,1340,194877,842,175692,50,9455,963,58426,1262,165149,1013,223575,California
Solano,2021-05-21,3134,383158,1586,196463,1488,177180,60,9515,1248,57859,1875,167024,1308,224883,California
Solano,2021-05-22,2132,385290,1649,198112,425,177605,58,9573,909,57610,1216,168240,967,225850,California
Solano,2021-05-23,1198,386488,1037,199149,151,177756,10,9583,663,57751,532,168772,673,226523,California
Solano,2021-05-24,1822,388310,1030,200179,722,178478,70,9653,634,57271,1183,169955,703,227226,California
Solano,2021-05-25,1607,389917,813,200992,738,179216,56,9709,589,56906,1010,170965,645,227871,California
Solano,2021-05-26,1857,391774,1068,202060,737,179953,52,9761,762,56633,1087,172052,814,228685,California
Solano,2021-05-27,1804,393578,790,202850,942,180895,72,9833,812,56529,987,173039,883,229568,California
Solano,2021-05-28,1888,395466,912,203762,925,181820,51,9884,678,56057,1202,174241,730,230298,California
Solano,2021-05-29,187,395653,53,203815,113,181933,21,9905,51,55992,136,174377,71,230369,California
Sonoma,2020-12-15,4,4,4,4,0,0,0,0,4,4,0,0,4,4,California
Sonoma,2020-12-16,27,31,27,31,0,0,0,0,27,31,0,0,27,31,California
Sonoma,2020-12-17,105,136,105,136,0,0,0,0,105,136,0,0,105,136,California
Sonoma,2020-12-18,423,559,423,559,0,0,0,0,423,559,0,0,423,559,California
Sonoma,2020-12-19,112,671,111,670,1,1,0,0,112,671,0,0,112,671,California
Sonoma,2020-12-20,175,846,175,845,0,1,0,0,175,846,0,0,175,846,California
Sonoma,2020-12-21,910,1756,908,1753,2,3,0,0,909,1755,0,0,909,1755,California
Sonoma,2020-12-22,1354,3110,1263,3016,91,94,0,0,1354,3109,0,0,1354,3109,California
Sonoma,2020-12-23,1608,4718,1233,4249,375,469,0,0,1609,4718,0,0,1609,4718,California
Sonoma,2020-12-24,305,5023,101,4350,204,673,0,0,305,5023,0,0,305,5023,California
Sonoma,2020-12-25,8,5031,2,4352,6,679,0,0,8,5031,0,0,8,5031,California
Sonoma,2020-12-26,268,5299,257,4609,11,690,0,0,268,5299,0,0,268,5299,California
Sonoma,2020-12-27,94,5393,80,4689,14,704,0,0,94,5393,0,0,94,5393,California
Sonoma,2020-12-28,985,6378,552,5241,433,1137,0,0,956,6349,0,0,956,6349,California
Sonoma,2020-12-29,1129,7507,777,6018,352,1489,0,0,1096,7445,0,0,1096,7445,California
Sonoma,2020-12-30,1094,8601,479,6497,615,2104,0,0,1086,8531,0,0,1086,8531,California
Sonoma,2020-12-31,517,9118,71,6568,446,2550,0,0,518,9049,0,0,518,9049,California
Sonoma,2021-01-01,15,9133,8,6576,7,2557,0,0,15,9064,0,0,15,9064,California
Sonoma,2021-01-02,132,9265,125,6701,7,2564,0,0,132,9196,0,0,132,9196,California
Sonoma,2021-01-03,24,9289,10,6711,14,2578,0,0,24,9220,0,0,24,9220,California
Sonoma,2021-01-04,343,9632,106,6817,237,2815,0,0,342,9562,0,0,342,9562,California
Sonoma,2021-01-05,435,10067,102,6919,333,3148,0,0,410,9957,15,15,410,9972,California
Sonoma,2021-01-06,952,11019,435,7354,517,3665,0,0,840,10691,106,121,840,10812,California
Sonoma,2021-01-07,1032,12051,537,7891,495,4160,0,0,861,11382,170,291,861,11673,California
Sonoma,2021-01-08,1794,13845,1234,9125,560,4720,0,0,1321,12232,471,762,1321,12994,California
Sonoma,2021-01-09,640,14485,404,9529,236,4956,0,0,591,12774,49,811,591,13585,California
Sonoma,2021-01-10,472,14957,461,9990,11,4967,0,0,277,12856,195,1006,277,13862,California
Sonoma,2021-01-11,1385,16342,1238,11228,147,5114,0,0,414,12304,966,1972,414,14276,California
Sonoma,2021-01-12,1545,17887,1292,12520,253,5367,0,0,395,11551,1148,3120,395,14671,California
Sonoma,2021-01-13,2048,19935,1368,13888,680,6047,0,0,1181,11869,864,3984,1182,15853,California
Sonoma,2021-01-14,1541,21476,808,14696,733,6780,0,0,1311,12950,230,4214,1311,17164,California
Sonoma,2021-01-15,1560,23036,628,15324,932,7712,0,0,1339,14078,212,4426,1340,18504,California
Sonoma,2021-01-16,1146,24182,618,15942,528,8240,0,0,898,14732,244,4670,898,19402,California
Sonoma,2021-01-17,669,24851,548,16490,121,8361,0,0,589,15241,80,4750,589,19991,California
Sonoma,2021-01-18,1114,25965,938,17428,176,8537,0,0,624,15376,490,5240,625,20616,California
Sonoma,2021-01-19,2100,28065,1005,18433,1095,9632,0,0,1388,16055,710,5950,1389,22005,California
Sonoma,2021-01-20,2088,30153,629,19062,1459,11091,0,0,1424,16826,654,6604,1425,23430,California
Sonoma,2021-01-21,2269,32422,647,19709,1622,12713,0,0,2048,18656,219,6823,2049,25479,California
Sonoma,2021-01-22,2743,35165,1045,20754,1698,14411,0,0,2594,21102,148,6971,2594,28073,California
Sonoma,2021-01-23,765,35930,593,21347,172,14583,0,0,658,21654,106,7077,658,28731,California
Sonoma,2021-01-24,848,36778,717,22064,131,14714,0,0,831,22468,17,7094,831,29562,California
Sonoma,2021-01-25,2178,38956,520,22584,1658,16372,0,0,1692,23674,486,7580,1692,31254,California
Sonoma,2021-01-26,2016,40972,302,22886,1714,18086,0,0,1561,24781,454,8034,1561,32815,California
Sonoma,2021-01-27,3708,44680,1279,24165,2429,20515,0,0,3134,27346,572,8606,3137,35952,California
Sonoma,2021-01-28,4122,48802,1850,26015,2272,22787,0,0,3448,30124,671,9277,3449,39401,California
Sonoma,2021-01-29,2970,51772,1411,27426,1559,24346,0,0,2133,31423,835,10112,2134,41535,California
Sonoma,2021-01-30,2591,54363,2402,29828,189,24535,0,0,2248,33329,343,10455,2249,43784,California
Sonoma,2021-01-31,809,55172,697,30525,112,24647,0,0,580,33681,228,10683,580,44364,California
Sonoma,2021-02-01,2475,57647,852,31377,1623,26270,0,0,2098,35405,374,11057,2098,46462,California
Sonoma,2021-02-02,3526,61173,1372,32749,2154,28424,0,0,2958,37798,565,11622,2958,49420,California
Sonoma,2021-02-03,4048,65221,1325,34074,2723,31147,0,0,3116,39986,928,12550,3116,52536,California
Sonoma,2021-02-04,4216,69437,1728,35802,2488,33635,0,0,3426,42625,788,13338,3427,55963,California
Sonoma,2021-02-05,4822,74259,1741,37543,3081,36716,0,0,3800,45408,1018,14356,3801,59764,California
Sonoma,2021-02-06,2639,76898,2278,39821,361,37077,0,0,2108,46986,530,14886,2108,61872,California
Sonoma,2021-02-07,1539,78437,1403,41224,136,37213,0,0,1287,48021,252,15138,1287,63159,California
Sonoma,2021-02-08,3267,81704,1039,42263,2228,39441,0,0,2678,50111,588,15726,2678,65837,California
Sonoma,2021-02-09,3576,85280,1704,43967,1872,41313,0,0,3097,52732,477,16203,3098,68935,California
Sonoma,2021-02-10,4552,89832,2484,46451,2068,43381,0,0,3545,55276,1002,17205,3546,72481,California
Sonoma,2021-02-11,5592,95424,3027,49478,2565,45946,0,0,4402,58490,1188,18393,4402,76883,California
Sonoma,2021-02-12,5909,101333,3247,52725,2662,48608,0,0,4480,61548,1425,19818,4483,81366,California
Sonoma,2021-02-13,1992,103325,1151,53876,841,49449,0,0,1205,61969,784,20602,1205,82571,California
Sonoma,2021-02-14,2312,105637,1819,55695,493,49942,0,0,1568,62794,743,21345,1568,84139,California
Sonoma,2021-02-15,2148,107785,793,56488,1355,51297,0,0,1608,63862,540,21885,1608,85747,California
Sonoma,2021-02-16,4907,112692,2057,58545,2850,54147,0,0,3646,66252,1257,23142,3647,89394,California
Sonoma,2021-02-17,5608,118300,2904,61449,2704,56851,0,0,3578,67811,2021,25163,3580,92974,California
Sonoma,2021-02-18,6938,125238,3138,64587,3800,60651,0,0,4001,68887,2927,28090,4003,96977,California
Sonoma,2021-02-19,5520,130758,1665,66252,3855,64506,0,0,3421,70215,2094,30184,3422,100399,California
Sonoma,2021-02-20,3107,133865,2830,69082,277,64783,0,0,1206,69525,1896,32080,1206,101605,California
Sonoma,2021-02-21,533,134398,428,69510,105,64888,0,0,141,69277,389,32469,141,101746,California
Sonoma,2021-02-22,2875,137273,1355,70865,1520,66408,0,0,1193,68794,1677,34146,1194,102940,California
Sonoma,2021-02-23,3378,140651,2082,72947,1296,67704,0,0,1627,68674,1747,35893,1627,104567,California
Sonoma,2021-02-24,5651,146302,2550,75497,3101,70805,0,0,2921,68871,2725,38618,2922,107489,California
Sonoma,2021-02-25,5808,152110,2241,77738,3567,74372,0,0,3116,69318,2669,41287,3116,110605,California
Sonoma,2021-02-26,6271,158381,2763,80501,3508,77880,0,0,3976,71005,2289,43576,3976,114581,California
Sonoma,2021-02-27,4062,162443,1923,82424,2139,80019,0,0,2711,72367,1349,44925,2711,117292,California
Sonoma,2021-02-28,2325,164768,1838,84262,487,80506,0,0,610,71276,1701,46626,610,117902,California
Sonoma,2021-03-01,3762,168530,1149,85411,2612,83118,1,1,1895,71316,1857,48483,1897,119799,California
Sonoma,2021-03-02,4388,172918,1514,86925,2874,85992,0,1,2565,72065,1816,50299,2565,122364,California
Sonoma,2021-03-03,5062,177980,2639,89564,2423,88415,0,1,2331,71672,2724,53023,2331,124695,California
Sonoma,2021-03-04,5952,183932,2683,92247,3269,91684,0,1,2587,70908,3351,56374,2587,127282,California
Sonoma,2021-03-05,6491,190423,2863,95110,3613,95297,15,16,2747,69941,3730,60104,2763,130045,California
Sonoma,2021-03-06,2793,193216,1220,96330,1438,96735,135,151,1920,71129,866,60970,2054,132099,California
Sonoma,2021-03-07,1712,194928,1399,97729,278,97013,35,186,382,70218,1328,62298,417,132516,California
Sonoma,2021-03-08,4064,198992,662,98391,3227,100240,175,361,2391,71120,1662,63960,2564,135080,California
Sonoma,2021-03-09,5577,204569,3086,101477,2248,102488,243,604,2748,71289,2822,66782,2991,138071,California
Sonoma,2021-03-10,6000,210569,3207,104684,2465,104953,328,932,2428,70486,3558,70340,2755,140826,California
Sonoma,2021-03-11,7546,218115,3013,107697,3713,108666,820,1752,2571,68913,4965,75305,3392,144218,California
Sonoma,2021-03-12,7404,225519,2269,109966,3772,112438,1363,3115,2108,67103,5277,80582,3467,147685,California
Sonoma,2021-03-13,3408,228927,1690,111656,1482,113920,236,3351,1999,67929,1408,81990,2234,149919,California
Sonoma,2021-03-14,1385,230312,386,112042,858,114778,141,3492,848,68383,534,82524,988,150907,California
Sonoma,2021-03-15,5246,235558,1515,113557,3345,118123,386,3878,2196,67924,3039,85563,2580,153487,California
Sonoma,2021-03-16,6288,241846,2248,115805,3809,121932,231,4109,2904,67680,3377,88940,3133,156620,California
Sonoma,2021-03-17,6759,248605,3531,119336,3048,124980,180,4289,3281,67674,3466,92406,3460,160080,California
Sonoma,2021-03-18,7133,255738,2940,122276,3578,128558,615,4904,3181,67526,3941,96347,3793,163873,California
Sonoma,2021-03-19,7504,263242,3251,125527,4022,132580,231,5135,3200,66677,4285,100632,3436,167309,California
Sonoma,2021-03-20,3713,266955,1753,127280,1130,133710,830,5965,2035,67867,1670,102302,2860,170169,California
Sonoma,2021-03-21,1384,268339,603,127883,748,134458,33,5998,1212,68944,168,102470,1245,171414,California
Sonoma,2021-03-22,4549,272888,3110,130993,1336,135794,103,6101,3433,71370,1110,103580,3536,174950,California
Sonoma,2021-03-23,5838,278726,3635,134628,2128,137922,75,6176,4412,74441,1416,104996,4487,179437,California
Sonoma,2021-03-24,6801,285527,4277,138905,2457,140379,67,6243,4163,76052,2618,107614,4229,183666,California
Sonoma,2021-03-25,7116,292643,4201,143106,2805,143184,110,6353,4328,77728,2763,110377,4439,188105,California
Sonoma,2021-03-26,7453,300096,3466,146572,3892,147076,95,6448,3923,78235,3511,113888,4018,192123,California
Sonoma,2021-03-27,3863,303959,1510,148082,1991,149067,362,6810,1123,76989,2731,116619,1485,193608,California
Sonoma,2021-03-28,1511,305470,950,149032,534,149601,27,6837,944,77396,564,117183,971,194579,California
Sonoma,2021-03-29,2959,308429,1104,150136,1822,151423,33,6870,1666,77808,1287,118470,1699,196278,California
Sonoma,2021-03-30,5840,314269,3216,153352,2562,153985,62,6932,3047,78132,2786,121256,3110,199388,California
Sonoma,2021-03-31,5620,319889,3406,156758,2000,155985,214,7146,3246,79234,2361,123617,3463,202851,California
Sonoma,2021-04-01,6776,326665,4038,160796,2398,158383,340,7486,3626,80066,3126,126743,3958,206809,California
Sonoma,2021-04-02,5962,332627,3572,164368,2281,160664,109,7595,3581,81383,2373,129116,3690,210499,California
Sonoma,2021-04-03,3655,336282,1827,166195,1603,162267,225,7820,1611,81185,2032,131148,1834,212333,California
Sonoma,2021-04-04,1063,337345,692,166887,280,162547,91,7911,658,81533,401,131549,749,213082,California
Sonoma,2021-04-05,4406,341751,625,167512,3438,165985,343,8254,1657,80790,2742,134291,1999,215081,California
Sonoma,2021-04-06,6890,348641,3491,171003,2993,168978,406,8660,4004,82327,2872,137163,4409,219490,California
Sonoma,2021-04-07,6831,355472,3856,174859,2135,171113,840,9500,3332,83011,3490,140653,4174,223664,California
Sonoma,2021-04-08,7587,363059,4128,178987,2686,173799,773,10273,4159,84524,3419,144072,4932,228596,California
Sonoma,2021-04-09,6816,369875,3795,182782,2137,175936,884,11157,3513,85628,3290,147362,4394,232990,California
Sonoma,2021-04-10,3880,373755,1688,184470,1635,177571,557,11714,1131,84572,2740,150102,1684,234674,California
Sonoma,2021-04-11,1282,375037,605,185075,595,178166,82,11796,437,84247,844,150946,519,235193,California
Sonoma,2021-04-12,4930,379967,2050,187125,2398,180564,482,12278,1839,83481,3080,154026,2314,237507,California
Sonoma,2021-04-13,7806,387773,4622,191747,3182,183746,2,12280,2964,81616,4831,158857,2966,240473,California
Sonoma,2021-04-14,6549,394322,3728,195475,2801,186547,20,12300,2529,80157,4007,162864,2548,243021,California
Sonoma,2021-04-15,7226,401548,4098,199573,3128,189675,0,12300,3566,80076,3648,166512,3567,246588,California
Sonoma,2021-04-16,6786,408334,3409,202982,3375,193050,2,12302,3841,80981,2938,169450,3843,250431,California
Sonoma,2021-04-17,3191,411525,1554,204536,1637,194687,0,12302,1543,80890,1635,171085,1544,251975,California
Sonoma,2021-04-18,1290,412815,893,205429,397,195084,0,12302,453,80507,836,171921,453,252428,California
Sonoma,2021-04-19,3308,416123,1872,207301,1435,196519,1,12303,1447,80098,1857,173778,1448,253876,California
Sonoma,2021-04-20,6259,422382,3459,210760,2800,199319,0,12303,2346,78543,3902,177680,2347,256223,California
Sonoma,2021-04-21,6543,428925,4214,214974,2327,201646,2,12305,2979,77977,3546,181226,2980,259203,California
Sonoma,2021-04-22,6218,435143,4468,219442,1750,203396,0,12305,2509,76792,3694,184920,2509,261712,California
Sonoma,2021-04-23,7419,442562,4623,224065,2790,206186,6,12311,3626,76645,3780,188700,3633,265345,California
Sonoma,2021-04-24,2776,445338,1512,225577,1250,207436,14,12325,1546,76980,1225,189925,1560,266905,California
Sonoma,2021-04-25,1086,446424,788,226365,298,207734,0,12325,435,76767,648,190573,435,267340,California
Sonoma,2021-04-26,2777,449201,1293,227658,1456,209190,28,12353,1517,77059,1253,191826,1545,268885,California
Sonoma,2021-04-27,5321,454522,3634,231292,1588,210778,99,12452,2164,76177,3144,194970,2262,271147,California
Sonoma,2021-04-28,4867,459389,3199,234491,1473,212251,195,12647,2094,75704,2757,197727,2284,273431,California
Sonoma,2021-04-29,4822,464211,3436,237927,1241,213492,145,12792,1766,74568,3047,200774,1911,275342,California
Sonoma,2021-04-30,5441,469652,3622,241549,1526,215018,293,13085,1816,73064,3612,204386,2108,277450,California
Sonoma,2021-05-01,2478,472130,1779,243328,593,215611,106,13191,1235,73166,1235,205621,1337,278787,California
Sonoma,2021-05-02,864,472994,644,243972,169,215780,51,13242,553,73460,311,205932,605,279392,California
Sonoma,2021-05-03,3179,476173,1680,245652,1354,217134,145,13387,1054,72541,2116,208048,1197,280589,California
Sonoma,2021-05-04,4581,480754,2410,248062,1994,219128,177,13564,1478,71108,3083,211131,1650,282239,California
Sonoma,2021-05-05,3666,484420,2184,250246,1289,220417,193,13757,1310,70263,2346,213477,1501,283740,California
Sonoma,2021-05-06,4504,488924,2407,252653,1970,222387,127,13884,1345,68587,3146,216623,1470,285210,California
Sonoma,2021-05-07,3592,492516,2315,254968,1155,223542,122,14006,1087,67301,2495,219118,1209,286419,California
Sonoma,2021-05-08,1847,494363,1256,256224,499,224041,92,14098,752,67054,1091,220209,844,287263,California
Sonoma,2021-05-09,510,494873,294,256518,175,224216,41,14139,182,66952,325,220534,223,287486,California
Sonoma,2021-05-10,2297,497170,1034,257552,1129,225345,134,14273,281,65362,2002,222536,412,287898,California
Sonoma,2021-05-11,3505,500675,1897,259449,1493,226838,115,14388,956,63897,2536,225072,1071,288969,California
Sonoma,2021-05-12,3919,504594,2446,261895,1335,228173,138,14526,854,61834,3055,228127,992,289961,California
Sonoma,2021-05-13,4721,509315,2714,264609,1893,230066,114,14640,1565,60366,3145,231272,1677,291638,California
Sonoma,2021-05-14,5802,515117,3601,268210,2064,232130,137,14777,2221,59158,3567,234839,2359,293997,California
Sonoma,2021-05-15,2916,518033,2144,270354,710,232840,62,14839,1837,59985,1071,235910,1898,295895,California
Sonoma,2021-05-16,1034,519067,818,271172,157,232997,59,14898,699,60412,331,236241,758,296653,California
Sonoma,2021-05-17,2445,521512,1819,272991,531,233528,95,14993,963,59992,1477,237718,1057,297710,California
Sonoma,2021-05-18,4314,525826,2849,275840,1356,234884,109,15102,1518,58840,2778,240496,1626,299336,California
Sonoma,2021-05-19,3716,529542,2394,278234,1208,236092,114,15216,1539,58328,2165,242661,1653,300989,California
Sonoma,2021-05-20,3028,532570,2070,280304,866,236958,92,15308,1365,58126,1654,244315,1452,302441,California
Sonoma,2021-05-21,3789,536359,2144,282448,1517,238475,128,15436,1350,57172,2419,246734,1465,303906,California
Sonoma,2021-05-22,2027,538386,1084,283532,904,239379,39,15475,555,56306,1460,248194,594,304500,California
Sonoma,2021-05-23,1111,539497,962,284494,136,239515,13,15488,576,56366,529,248723,589,305089,California
Sonoma,2021-05-24,1905,541402,1201,285695,577,240092,127,15615,638,55894,1236,249959,764,305853,California
Sonoma,2021-05-25,2889,544291,1787,287482,1019,241111,83,15698,773,54645,2102,252061,853,306706,California
Sonoma,2021-05-26,2447,546738,1725,289207,623,241734,99,15797,1007,54318,1429,253490,1102,307808,California
Sonoma,2021-05-27,2044,548782,1130,290337,822,242556,92,15889,765,53904,1270,254760,856,308664,California
Sonoma,2021-05-28,2097,550879,1107,291444,900,243456,90,15979,593,53094,1492,256252,682,309346,California
Sonoma,2021-05-29,733,551612,517,291961,163,243619,53,16032,383,53182,348,256600,436,309782,California
Stanislaus,2020-12-15,3,3,3,3,0,0,0,0,3,3,0,0,3,3,California
Stanislaus,2020-12-16,37,40,37,40,0,0,0,0,37,40,0,0,37,40,California
Stanislaus,2020-12-17,75,115,75,115,0,0,0,0,75,115,0,0,75,115,California
Stanislaus,2020-12-18,338,453,332,447,6,6,0,0,338,453,0,0,338,453,California
Stanislaus,2020-12-19,134,587,134,581,0,6,0,0,134,587,0,0,134,587,California
Stanislaus,2020-12-20,86,673,86,667,0,6,0,0,86,673,0,0,86,673,California
Stanislaus,2020-12-21,1000,1673,999,1666,1,7,0,0,999,1672,1,1,1000,1673,California
Stanislaus,2020-12-22,795,2468,783,2449,12,19,0,0,795,2467,0,1,795,2468,California
Stanislaus,2020-12-23,450,2918,432,2881,18,37,0,0,449,2916,1,2,450,2918,California
Stanislaus,2020-12-24,98,3016,89,2970,9,46,0,0,98,3014,0,2,98,3016,California
Stanislaus,2020-12-26,52,3068,9,2979,43,89,0,0,52,3066,0,2,52,3068,California
Stanislaus,2020-12-27,11,3079,6,2985,5,94,0,0,11,3077,0,2,11,3079,California
Stanislaus,2020-12-28,488,3567,395,3380,93,187,0,0,488,3565,0,2,488,3567,California
Stanislaus,2020-12-29,494,4061,415,3795,79,266,0,0,494,4059,0,2,494,4061,California
Stanislaus,2020-12-30,535,4596,280,4075,255,521,0,0,534,4592,1,3,534,4595,California
Stanislaus,2020-12-31,275,4871,156,4231,119,640,0,0,275,4867,0,3,275,4870,California
Stanislaus,2021-01-01,13,4884,5,4236,8,648,0,0,13,4880,0,3,13,4883,California
Stanislaus,2021-01-02,34,4918,26,4262,8,656,0,0,34,4914,0,3,34,4917,California
Stanislaus,2021-01-03,90,5008,87,4349,3,659,0,0,90,5004,0,3,90,5007,California
Stanislaus,2021-01-04,232,5240,152,4501,80,739,0,0,232,5236,0,3,232,5239,California
Stanislaus,2021-01-05,837,6077,345,4846,492,1231,0,0,812,6032,24,27,820,6059,California
Stanislaus,2021-01-06,1004,7081,600,5446,404,1635,0,0,931,6895,70,97,933,6992,California
Stanislaus,2021-01-07,1079,8160,703,6149,376,2011,0,0,888,7600,185,282,890,7882,California
Stanislaus,2021-01-08,1276,9436,720,6869,556,2567,0,0,932,8197,341,623,938,8820,California
Stanislaus,2021-01-09,288,9724,142,7011,146,2713,0,0,198,8305,90,713,198,9018,California
Stanislaus,2021-01-10,48,9772,22,7033,26,2739,0,0,29,8315,19,732,29,9047,California
Stanislaus,2021-01-11,1499,11271,1218,8251,281,3020,0,0,570,7980,923,1655,588,9635,California
Stanislaus,2021-01-12,1470,12741,864,9115,606,3626,0,0,830,8184,636,2291,840,10475,California
Stanislaus,2021-01-13,1448,14189,689,9804,759,4385,0,0,1124,8995,323,2614,1134,11609,California
Stanislaus,2021-01-14,2238,16427,283,10087,1955,6340,0,0,2066,10962,169,2783,2136,13745,California
Stanislaus,2021-01-15,2829,19256,1162,11249,1667,8007,0,0,2675,13568,150,2933,2756,16501,California
Stanislaus,2021-01-16,473,19729,50,11299,423,8430,0,0,455,14008,17,2950,457,16958,California
Stanislaus,2021-01-17,244,19973,202,11501,42,8472,0,0,237,14239,6,2956,237,17195,California
Stanislaus,2021-01-18,2187,22160,1022,12523,1165,9637,0,0,1797,15725,385,3341,1871,19066,California
Stanislaus,2021-01-19,1255,23415,724,13247,531,10168,0,0,806,16087,445,3786,807,19873,California
Stanislaus,2021-01-20,1012,24427,490,13737,522,10690,0,0,717,16510,294,4080,717,20590,California
Stanislaus,2021-01-21,3693,28120,2977,16714,716,11406,0,0,3366,19661,323,4403,3474,24064,California
Stanislaus,2021-01-22,1095,29215,308,17022,787,12193,0,0,1050,20673,41,4444,1053,25117,California
Stanislaus,2021-01-23,358,29573,44,17066,314,12507,0,0,299,20915,58,4502,300,25417,California
Stanislaus,2021-01-24,302,29875,100,17166,202,12709,0,0,236,21087,66,4568,238,25655,California
Stanislaus,2021-01-25,3158,33033,227,17393,2931,15640,0,0,2829,23773,293,4861,2979,28634,California
Stanislaus,2021-01-26,1729,34762,747,18140,982,16622,0,0,1300,24668,422,5283,1317,29951,California
Stanislaus,2021-01-27,1894,36656,1054,19194,840,17462,0,0,1189,25198,660,5943,1190,31141,California
Stanislaus,2021-01-28,2209,38865,1511,20705,698,18160,0,0,1719,26496,482,6425,1780,32921,California
Stanislaus,2021-01-29,2443,41308,1196,21901,1247,19407,0,0,1911,27970,486,6911,1960,34881,California
Stanislaus,2021-01-30,294,41602,133,22034,161,19568,0,0,230,28147,53,6964,230,35111,California
Stanislaus,2021-01-31,369,41971,315,22349,54,19622,0,0,354,28489,12,6976,354,35465,California
Stanislaus,2021-02-01,1297,43268,586,22935,711,20333,0,0,942,29087,345,7321,943,36408,California
Stanislaus,2021-02-02,1211,44479,348,23283,863,21196,0,0,777,29443,423,7744,779,37187,California
Stanislaus,2021-02-03,2611,47090,1229,24512,1382,22578,0,0,1914,30679,691,8435,1927,39114,California
Stanislaus,2021-02-04,2090,49180,709,25221,1381,23959,0,0,1581,31770,495,8930,1586,40700,California
Stanislaus,2021-02-05,2856,52036,1473,26694,1383,25342,0,0,1592,32171,1204,10134,1605,42305,California
Stanislaus,2021-02-06,886,52922,300,26994,586,25928,0,0,694,32677,190,10324,696,43001,California
Stanislaus,2021-02-07,233,53155,208,27202,25,25953,0,0,43,32534,187,10511,44,43045,California
Stanislaus,2021-02-08,2036,55191,1335,28537,701,26654,0,0,1100,32760,895,11406,1121,44166,California
Stanislaus,2021-02-09,1842,57033,784,29321,1058,27712,0,0,1045,33039,774,12180,1053,45219,California
Stanislaus,2021-02-10,1934,58967,533,29854,1401,29113,0,0,1011,33150,902,13082,1013,46232,California
Stanislaus,2021-02-11,5396,64363,3274,33128,2122,31235,0,0,1232,30435,3953,17035,1238,47470,California
Stanislaus,2021-02-12,3303,67666,916,34044,2387,33622,0,0,1452,30124,1771,18806,1460,48930,California
Stanislaus,2021-02-13,1353,69019,652,34696,701,34323,0,0,982,30744,366,19172,986,49916,California
Stanislaus,2021-02-14,421,69440,167,34863,254,34577,0,0,353,31031,66,19238,353,50269,California
Stanislaus,2021-02-15,1817,71257,230,35093,1587,36164,0,0,582,30496,1121,20359,586,50855,California
Stanislaus,2021-02-16,1363,72620,423,35516,940,37104,0,0,580,30307,771,21130,582,51437,California
Stanislaus,2021-02-17,2756,75376,1688,37204,1068,38172,0,0,1922,31411,829,21959,1933,53370,California
Stanislaus,2021-02-18,3360,78736,1900,39104,1460,39632,0,0,1779,31728,1495,23454,1812,55182,California
Stanislaus,2021-02-19,2765,81501,1069,40173,1696,41328,0,0,1516,32062,1206,24660,1540,56722,California
Stanislaus,2021-02-20,751,82252,382,40555,369,41697,0,0,474,32281,257,24917,476,57198,California
Stanislaus,2021-02-21,905,83157,691,41246,214,41911,0,0,544,32499,337,25254,555,57753,California
Stanislaus,2021-02-22,2349,85506,1696,42942,653,42564,0,0,1631,33434,698,25952,1633,59386,California
Stanislaus,2021-02-23,3745,89251,678,43620,3067,45631,0,0,1739,33338,1846,27798,1750,61136,California
Stanislaus,2021-02-24,4183,93434,2849,46469,1334,46965,0,0,3123,35423,1041,28839,3126,64262,California
Stanislaus,2021-02-25,3953,97387,2716,49185,1237,48202,0,0,3149,37790,785,29624,3152,67414,California
Stanislaus,2021-02-26,4207,101594,1219,50404,2988,51190,0,0,2840,39329,1311,30935,2850,70264,California
Stanislaus,2021-02-27,2091,103685,710,51114,1380,52570,1,1,1858,40984,205,31140,1860,72124,California
Stanislaus,2021-02-28,819,104504,262,51376,557,53127,0,1,769,41714,40,31180,770,72894,California
Stanislaus,2021-03-01,2775,107279,1632,53008,1141,54268,2,3,1630,42251,1106,32286,1643,74537,California
Stanislaus,2021-03-02,2398,109677,1426,54434,971,55239,1,4,1662,43192,724,33010,1665,76202,California
Stanislaus,2021-03-03,3714,113391,2229,56663,1481,56720,4,8,2908,45314,789,33799,2911,79113,California
Stanislaus,2021-03-04,5444,118835,3106,59769,2322,59042,16,24,4194,48301,1219,35018,4206,83319,California
Stanislaus,2021-03-05,4085,122920,1119,60888,2950,61992,16,40,3089,50438,967,35985,3104,86423,California
Stanislaus,2021-03-06,3578,126498,2230,63118,1255,63247,93,133,2723,52405,851,36836,2818,89241,California
Stanislaus,2021-03-07,852,127350,390,63508,426,63673,36,169,663,52921,183,37019,699,89940,California
Stanislaus,2021-03-08,1993,129343,862,64370,1042,64715,89,258,1332,53699,642,37661,1420,91360,California
Stanislaus,2021-03-09,2179,131522,903,65273,1184,65899,92,350,1637,54902,530,38191,1733,93093,California
Stanislaus,2021-03-10,5073,136595,2508,67781,2342,68241,223,573,3744,57572,1310,39501,3980,97073,California
Stanislaus,2021-03-11,5720,142315,3143,70924,2101,70342,476,1049,4126,60753,1425,40926,4606,101679,California
Stanislaus,2021-03-12,5769,148084,1231,72155,2616,72958,1922,2971,2913,62754,2831,43757,4832,106511,California
Stanislaus,2021-03-13,3384,151468,2182,74337,1132,74090,70,3041,2689,64832,687,44444,2765,109276,California
Stanislaus,2021-03-14,997,152465,596,74933,350,74440,51,3092,491,64874,503,44947,545,109821,California
Stanislaus,2021-03-15,3695,156160,1977,76910,1357,75797,361,3453,1606,64854,1993,46940,1973,111794,California
Stanislaus,2021-03-16,4927,161087,2455,79365,2060,77857,412,3865,3548,67455,1358,48298,3959,115753,California
Stanislaus,2021-03-17,4721,165808,2855,82220,1688,79545,178,4043,2884,68714,1809,50107,3068,118821,California
Stanislaus,2021-03-18,5427,171235,3425,85645,1936,81481,66,4109,2932,69375,2342,52449,3003,121824,California
Stanislaus,2021-03-19,5919,177154,1532,87177,2863,84344,1524,5633,3098,71212,2782,55231,4619,126443,California
Stanislaus,2021-03-20,3841,180995,3007,90184,766,85110,68,5701,3364,74175,470,55701,3433,129876,California
Stanislaus,2021-03-21,1003,181998,902,91086,36,85146,65,5766,761,74762,239,55940,826,130702,California
Stanislaus,2021-03-22,2815,184813,1323,92409,767,85913,725,6491,1240,75180,1549,57489,1967,132669,California
Stanislaus,2021-03-23,3949,188762,2022,94431,1667,87580,260,6751,2806,77139,1127,58616,3086,135755,California
Stanislaus,2021-03-24,4555,193317,3223,97654,1264,88844,68,6819,2639,77980,1869,60485,2710,138465,California
Stanislaus,2021-03-25,4253,197570,2924,100578,1312,90156,17,6836,1818,77459,2357,62842,1836,140301,California
Stanislaus,2021-03-26,4752,202322,1336,101914,3341,93497,75,6911,2380,77588,2339,65181,2468,142769,California
Stanislaus,2021-03-27,4414,206736,2743,104657,1589,95086,82,6993,1392,76066,3004,68185,1482,144251,California
Stanislaus,2021-03-28,1106,207842,442,105099,557,95643,107,7100,322,75729,772,68957,435,144686,California
Stanislaus,2021-03-29,2982,210824,1829,106928,1114,96757,39,7139,1987,76776,985,69942,2032,146718,California
Stanislaus,2021-03-30,3681,214505,2067,108995,1587,98344,27,7166,2237,77611,1435,71377,2270,148988,California
Stanislaus,2021-03-31,5423,219928,3850,112845,1455,99799,118,7284,2772,77873,2632,74009,2894,151882,California
Stanislaus,2021-04-01,5742,225670,3836,116681,1815,101614,91,7375,2629,77509,3095,77104,2731,154613,California
Stanislaus,2021-04-02,5004,230674,1211,117892,3639,105253,154,7529,2232,77222,2684,79788,2397,157010,California
Stanislaus,2021-04-03,4546,235220,3303,121195,1206,106459,37,7566,2242,77219,2294,82082,2291,159301,California
Stanislaus,2021-04-04,1319,236539,471,121666,818,107277,30,7596,651,77242,662,82744,685,159986,California
Stanislaus,2021-04-05,3639,240178,2533,124199,856,108133,250,7846,2356,78579,1273,84017,2610,162596,California
Stanislaus,2021-04-06,5750,245928,4169,128368,1305,109438,276,8122,3074,79272,2663,86680,3356,165952,California
Stanislaus,2021-04-07,6350,252278,3601,131969,2327,111765,422,8544,2830,79026,3504,90184,3258,169210,California
Stanislaus,2021-04-08,5676,257954,3320,135289,1925,113690,431,8975,2770,79347,2884,93068,3205,172415,California
Stanislaus,2021-04-09,4820,262774,2107,137396,2341,116031,372,9347,2185,79305,2612,95680,2570,174985,California
Stanislaus,2021-04-10,6481,269255,3983,141379,859,116890,1639,10986,1998,78477,4458,100138,3630,178615,California
Stanislaus,2021-04-11,1523,270778,850,142229,540,117430,133,11119,668,78426,853,100991,802,179417,California
Stanislaus,2021-04-12,3594,274372,2045,144274,1102,118532,447,11566,1870,79046,1705,102696,2325,181742,California
Stanislaus,2021-04-13,5195,279567,3419,147693,1763,120295,13,11579,2919,79735,2236,104932,2925,184667,California
Stanislaus,2021-04-14,4653,284220,3253,150946,1398,121693,2,11581,2257,79634,2364,107296,2263,186930,California
Stanislaus,2021-04-15,5388,289608,3315,154261,2071,123764,2,11583,3239,80766,2110,109406,3242,190172,California
Stanislaus,2021-04-16,4311,293919,998,155259,3312,127076,1,11584,1827,80154,2442,111848,1830,192002,California
Stanislaus,2021-04-17,3156,297075,2120,157379,1036,128112,0,11584,1837,80686,1308,113156,1840,193842,California
Stanislaus,2021-04-18,535,297610,221,157600,314,128426,0,11584,410,80980,118,113274,412,194254,California
Stanislaus,2021-04-19,3455,301065,2449,160049,1005,129431,1,11585,1637,80838,1787,115061,1645,195899,California
Stanislaus,2021-04-20,3977,305042,2417,162466,1560,130991,0,11585,1734,80360,2214,117275,1736,197635,California
Stanislaus,2021-04-21,3826,308868,2558,165024,1267,132258,1,11586,1600,79779,2188,119463,1607,199242,California
Stanislaus,2021-04-22,3945,312813,2401,167425,1544,133802,0,11586,1570,79023,2331,121794,1575,200817,California
Stanislaus,2021-04-23,3591,316404,844,168269,2746,136548,1,11587,1461,78453,2039,123833,1469,202286,California
Stanislaus,2021-04-24,3782,320186,2928,171197,854,137402,0,11587,1788,78269,1977,125810,1793,204079,California
Stanislaus,2021-04-25,934,321120,478,171675,456,137858,0,11587,685,78714,244,126054,689,204768,California
Stanislaus,2021-04-26,3252,324372,2288,173963,958,138816,6,11593,964,77420,2268,128322,974,205742,California
Stanislaus,2021-04-27,3950,328322,2754,176717,1154,139970,42,11635,1118,75774,2807,131129,1161,206903,California
Stanislaus,2021-04-28,4241,332563,3011,179728,1168,141138,62,11697,1822,75266,2400,133529,1892,208795,California
Stanislaus,2021-04-29,3609,336172,2249,181977,1312,142450,48,11745,1424,74577,2170,135699,1481,210276,California
Stanislaus,2021-04-30,4491,340663,2046,184023,2361,144811,84,11829,1774,73738,2705,138404,1866,212142,California
Stanislaus,2021-05-01,2704,343367,1922,185945,742,145553,40,11869,1012,73114,1684,140088,1060,213202,California
Stanislaus,2021-05-02,1078,344445,618,186563,424,145977,36,11905,524,73132,548,140636,566,213768,California
Stanislaus,2021-05-03,2412,346857,1926,188489,416,146393,70,11975,910,72628,1488,142124,984,214752,California
Stanislaus,2021-05-04,3463,350320,2467,190956,907,147300,89,12064,1066,71404,2385,144509,1161,215913,California
Stanislaus,2021-05-05,3175,353495,2129,193085,971,148271,75,12139,1080,70487,2076,146585,1159,217072,California
Stanislaus,2021-05-06,3094,356589,2297,195382,688,148959,109,12248,1013,69553,2063,148648,1129,218201,California
Stanislaus,2021-05-07,2302,358891,886,196268,1255,150214,161,12409,939,69298,1356,150004,1101,219302,California
Stanislaus,2021-05-08,1960,360851,1340,197608,587,150801,33,12442,711,68815,1234,151238,751,220053,California
Stanislaus,2021-05-09,707,361558,338,197946,343,151144,26,12468,305,68746,400,151638,331,220384,California
Stanislaus,2021-05-10,1657,363215,1135,199081,444,151588,78,12546,447,68073,1199,152837,526,220910,California
Stanislaus,2021-05-11,2332,365547,1471,200552,705,152293,156,12702,658,67228,1663,154500,818,221728,California
Stanislaus,2021-05-12,2140,367687,1215,201767,825,153118,100,12802,824,66851,1303,155803,926,222654,California
Stanislaus,2021-05-13,1850,369537,1023,202790,712,153830,115,12917,842,66806,1003,156806,958,223612,California
Stanislaus,2021-05-14,2594,372131,1157,203947,1303,155133,134,13051,1196,66756,1381,158187,1331,224943,California
Stanislaus,2021-05-15,2478,374609,1773,205720,655,155788,50,13101,1203,66751,1266,159453,1261,226204,California
Stanislaus,2021-05-16,1015,375624,661,206381,346,156134,8,13109,553,66860,456,159909,565,226769,California
Stanislaus,2021-05-17,1928,377552,1294,207675,553,156687,81,13190,976,66974,946,160855,1060,227829,California
Stanislaus,2021-05-18,2199,379751,1502,209177,583,157270,114,13304,1182,67264,1005,161860,1295,229124,California
Stanislaus,2021-05-19,3016,382767,2065,211242,801,158071,150,13454,1350,67111,1657,163517,1504,230628,California
Stanislaus,2021-05-20,1839,384606,963,212205,776,158847,100,13554,764,66911,1068,164585,868,231496,California
Stanislaus,2021-05-21,2063,386669,966,213171,1005,159852,92,13646,849,66651,1202,165787,942,232438,California
Stanislaus,2021-05-22,1668,388337,1004,214175,597,160449,67,13713,742,66540,919,166706,808,233246,California
Stanislaus,2021-05-23,863,389200,560,214735,291,160740,12,13725,403,66498,457,167163,415,233661,California
Stanislaus,2021-05-24,1550,390750,1063,215798,411,161151,76,13801,600,66235,947,168110,684,234345,California
Stanislaus,2021-05-25,1682,392432,1153,216951,433,161584,96,13897,824,66299,856,168966,920,235265,California
Stanislaus,2021-05-26,1855,394287,1173,218124,637,162221,45,13942,886,66270,960,169926,931,236196,California
Stanislaus,2021-05-27,1695,395982,931,219055,694,162915,70,14012,637,65928,1049,170975,707,236903,California
Stanislaus,2021-05-28,1866,397848,860,219915,929,163844,77,14089,824,65794,1036,172011,902,237805,California
Stanislaus,2021-05-29,734,398582,489,220404,213,164057,32,14121,332,65759,399,172410,364,238169,California
Sutter,2020-12-15,1,1,1,1,0,0,0,0,1,1,0,0,1,1,California
Sutter,2020-12-16,4,5,4,5,0,0,0,0,4,5,0,0,4,5,California
Sutter,2020-12-17,2,7,2,7,0,0,0,0,2,7,0,0,2,7,California
Sutter,2020-12-18,20,27,20,27,0,0,0,0,20,27,0,0,20,27,California
Sutter,2020-12-19,44,71,44,71,0,0,0,0,44,71,0,0,44,71,California
Sutter,2020-12-20,42,113,42,113,0,0,0,0,42,113,0,0,42,113,California
Sutter,2020-12-21,100,213,100,213,0,0,0,0,100,213,0,0,100,213,California
Sutter,2020-12-22,172,385,172,385,0,0,0,0,172,385,0,0,172,385,California
Sutter,2020-12-23,116,501,111,496,5,5,0,0,116,501,0,0,116,501,California
Sutter,2020-12-24,17,518,11,507,6,11,0,0,17,518,0,0,17,518,California
Sutter,2020-12-26,38,556,34,541,4,15,0,0,38,556,0,0,38,556,California
Sutter,2020-12-27,24,580,23,564,1,16,0,0,24,580,0,0,24,580,California
Sutter,2020-12-28,83,663,55,619,28,44,0,0,83,663,0,0,83,663,California
Sutter,2020-12-29,101,764,14,633,87,131,0,0,101,764,0,0,101,764,California
Sutter,2020-12-30,137,901,34,667,103,234,0,0,137,901,0,0,137,901,California
Sutter,2020-12-31,70,971,6,673,64,298,0,0,70,971,0,0,70,971,California
Sutter,2021-01-01,3,974,3,676,0,298,0,0,3,974,0,0,3,974,California
Sutter,2021-01-02,131,1105,129,805,2,300,0,0,131,1105,0,0,131,1105,California
Sutter,2021-01-03,1,1106,0,805,1,301,0,0,1,1106,0,0,1,1106,California
Sutter,2021-01-04,247,1353,139,944,108,409,0,0,247,1353,0,0,247,1353,California
Sutter,2021-01-05,101,1454,57,1001,44,453,0,0,99,1450,2,2,99,1452,California
Sutter,2021-01-06,204,1658,50,1051,154,607,0,0,199,1644,5,7,199,1651,California
Sutter,2021-01-07,251,1909,151,1202,100,707,0,0,242,1878,8,15,242,1893,California
Sutter,2021-01-08,149,2058,40,1242,109,816,0,0,132,1993,17,32,132,2025,California
Sutter,2021-01-09,46,2104,43,1285,3,819,0,0,5,1957,41,73,5,2030,California
Sutter,2021-01-10,397,2501,37,1322,360,1179,0,0,359,2279,37,110,359,2389,California
Sutter,2021-01-11,132,2633,114,1436,18,1197,0,0,26,2199,106,216,26,2415,California
Sutter,2021-01-12,201,2834,164,1600,37,1234,0,0,58,2114,143,359,58,2473,California
Sutter,2021-01-13,162,2996,99,1699,63,1297,0,0,72,2097,89,448,72,2545,California
Sutter,2021-01-14,147,3143,51,1750,96,1393,0,0,128,2206,19,467,128,2673,California
Sutter,2021-01-15,438,3581,133,1883,305,1698,0,0,423,2614,15,482,423,3096,California
Sutter,2021-01-16,384,3965,41,1924,343,2041,0,0,353,2937,30,512,353,3449,California
Sutter,2021-01-17,26,3991,24,1948,2,2043,0,0,10,2931,16,528,10,3459,California
Sutter,2021-01-18,118,4109,63,2011,55,2098,0,0,70,2953,48,576,70,3529,California
Sutter,2021-01-19,103,4212,42,2053,61,2159,0,0,79,3008,24,600,79,3608,California
Sutter,2021-01-20,270,4482,206,2259,64,2223,0,0,250,3238,20,620,250,3858,California
Sutter,2021-01-21,486,4968,317,2576,169,2392,0,0,467,3686,19,639,467,4325,California
Sutter,2021-01-22,239,5207,52,2628,187,2579,0,0,230,3907,9,648,230,4555,California
Sutter,2021-01-23,396,5603,39,2667,357,2936,0,0,370,4251,26,674,370,4925,California
Sutter,2021-01-24,17,5620,14,2681,3,2939,0,0,15,4264,2,676,15,4940,California
Sutter,2021-01-25,306,5926,196,2877,110,3049,0,0,151,4261,154,830,151,5091,California
Sutter,2021-01-26,248,6174,108,2985,140,3189,0,0,144,4302,103,933,144,5235,California
Sutter,2021-01-27,386,6560,255,3240,131,3320,0,0,320,4556,66,999,320,5555,California
Sutter,2021-01-28,584,7144,361,3601,223,3543,0,0,409,4791,174,1173,409,5964,California
Sutter,2021-01-29,360,7504,86,3687,274,3817,0,0,240,4911,120,1293,240,6204,California
Sutter,2021-01-30,775,8279,38,3725,737,4554,0,0,764,5664,11,1304,764,6968,California
Sutter,2021-01-31,28,8307,27,3752,1,4555,0,0,28,5692,0,1304,28,6996,California
Sutter,2021-02-01,166,8473,50,3802,116,4671,0,0,135,5796,31,1335,135,7131,California
Sutter,2021-02-02,243,8716,26,3828,217,4888,0,0,211,5975,32,1367,211,7342,California
Sutter,2021-02-03,444,9160,39,3867,405,5293,0,0,210,5951,234,1601,210,7552,California
Sutter,2021-02-04,669,9829,365,4232,304,5597,0,0,619,6520,50,1651,619,8171,California
Sutter,2021-02-05,287,10116,32,4264,255,5852,0,0,136,6505,151,1802,136,8307,California
Sutter,2021-02-06,736,10852,29,4293,707,6559,0,0,714,7197,22,1824,714,9021,California
Sutter,2021-02-07,23,10875,20,4313,3,6562,0,0,19,7212,4,1828,19,9040,California
Sutter,2021-02-08,134,11009,29,4342,105,6667,0,0,98,7274,36,1864,98,9138,California
Sutter,2021-02-09,246,11255,45,4387,201,6868,0,0,184,7396,62,1926,184,9322,California
Sutter,2021-02-10,819,12074,380,4767,439,7307,0,0,177,6932,641,2567,177,9499,California
Sutter,2021-02-11,603,12677,275,5042,328,7635,0,0,345,7019,258,2825,345,9844,California
Sutter,2021-02-12,633,13310,67,5109,566,8201,0,0,310,7007,322,3147,310,10154,California
Sutter,2021-02-13,897,14207,48,5157,849,9050,0,0,781,7672,116,3263,781,10935,California
Sutter,2021-02-14,90,14297,25,5182,65,9115,0,0,79,7740,11,3274,79,11014,California
Sutter,2021-02-15,197,14494,72,5254,125,9240,0,0,118,7779,79,3353,118,11132,California
Sutter,2021-02-16,288,14782,45,5299,243,9483,0,0,204,7900,83,3436,204,11336,California
Sutter,2021-02-17,823,15605,428,5727,395,9878,0,0,129,7335,694,4130,129,11465,California
Sutter,2021-02-18,701,16306,55,5782,646,10524,0,0,489,7613,211,4341,489,11954,California
Sutter,2021-02-19,662,16968,377,6159,285,10809,0,0,460,7873,200,4541,460,12414,California
Sutter,2021-02-20,620,17588,55,6214,565,11374,0,0,517,8288,102,4643,517,12931,California
Sutter,2021-02-21,30,17618,27,6241,3,11377,0,0,7,8272,23,4666,7,12938,California
Sutter,2021-02-22,207,17825,122,6363,85,11462,0,0,87,8239,120,4786,87,13025,California
Sutter,2021-02-23,223,18048,33,6396,190,11652,0,0,97,8210,126,4912,97,13122,California
Sutter,2021-02-24,965,19013,349,6745,616,12268,0,0,194,7634,770,5682,194,13316,California
Sutter,2021-02-25,785,19798,498,7243,287,12555,0,0,604,8060,178,5860,604,13920,California
Sutter,2021-02-26,373,20171,60,7303,313,12868,0,0,155,7999,216,6076,155,14075,California
Sutter,2021-02-27,865,21036,45,7348,820,13688,0,0,710,8552,157,6233,710,14785,California
Sutter,2021-02-28,84,21120,38,7386,46,13734,0,0,64,8597,19,6252,64,14849,California
Sutter,2021-03-01,247,21367,61,7447,186,13920,0,0,150,8650,97,6349,150,14999,California
Sutter,2021-03-02,334,21701,57,7504,277,14197,0,0,160,8637,173,6522,160,15159,California
Sutter,2021-03-03,1385,23086,514,8018,871,15068,0,0,646,8550,733,7255,646,15805,California
Sutter,2021-03-04,1256,24342,867,8885,389,15457,0,0,948,9194,304,7559,948,16753,California
Sutter,2021-03-05,338,24680,79,8964,258,15715,1,1,206,9269,132,7691,207,16960,California
Sutter,2021-03-06,1023,25703,46,9010,972,16687,5,6,860,9971,163,7854,865,17825,California
Sutter,2021-03-07,64,25767,23,9033,40,16727,1,7,44,9996,20,7874,45,17870,California
Sutter,2021-03-08,226,25993,79,9112,135,16862,12,19,157,10096,69,7943,169,18039,California
Sutter,2021-03-09,386,26379,138,9250,235,17097,13,32,184,10091,202,8145,197,18236,California
Sutter,2021-03-10,1569,27948,681,9931,827,17924,61,93,525,9636,1041,9186,586,18822,California
Sutter,2021-03-11,894,28842,441,10372,434,18358,19,112,648,10060,243,9429,667,19489,California
Sutter,2021-03-12,673,29515,110,10482,381,18739,182,294,199,9968,471,9900,379,19868,California
Sutter,2021-03-13,985,30500,749,11231,218,18957,18,312,781,10564,202,10102,798,20666,California
Sutter,2021-03-14,130,30630,22,11253,97,19054,11,323,44,10533,86,10188,55,20721,California
Sutter,2021-03-15,320,30950,66,11319,205,19259,49,372,153,10570,165,10353,202,20923,California
Sutter,2021-03-16,392,31342,86,11405,259,19518,47,419,213,10650,179,10532,259,21182,California
Sutter,2021-03-17,1497,32839,563,11968,914,20432,20,439,313,9807,1175,11707,332,21514,California
Sutter,2021-03-18,973,33812,182,12150,589,21021,202,641,571,10179,400,12107,772,22286,California
Sutter,2021-03-19,463,34275,165,12315,269,21290,29,670,284,10315,177,12284,313,22599,California
Sutter,2021-03-20,949,35224,116,12431,822,22112,11,681,860,11097,89,12373,871,23470,California
Sutter,2021-03-21,67,35291,47,12478,17,22129,3,684,37,11107,30,12403,40,23510,California
Sutter,2021-03-22,288,35579,120,12598,142,22271,26,710,213,11272,74,12477,239,23749,California
Sutter,2021-03-23,377,35956,115,12713,230,22501,32,742,256,11438,121,12598,287,24036,California
Sutter,2021-03-24,1685,37641,772,13485,843,23344,70,812,314,10465,1357,13955,384,24420,California
Sutter,2021-03-25,1042,38683,680,14165,319,23663,43,855,370,10209,669,14624,413,24833,California
Sutter,2021-03-26,491,39174,174,14339,300,23963,17,872,296,10330,192,14816,313,25146,California
Sutter,2021-03-27,928,40102,63,14402,863,24826,2,874,821,11049,104,14920,823,25969,California
Sutter,2021-03-28,125,40227,71,14473,54,24880,0,874,77,11080,46,14966,77,26046,California
Sutter,2021-03-29,428,40655,145,14618,228,25108,55,929,226,11161,200,15166,281,26327,California
Sutter,2021-03-30,479,41134,160,14778,309,25417,10,939,317,11326,162,15328,327,26654,California
Sutter,2021-03-31,1250,42384,177,14955,1057,26474,16,955,447,10997,792,16120,463,27117,California
Sutter,2021-04-01,1382,43766,737,15692,458,26932,187,1142,426,10662,949,17069,614,27731,California
Sutter,2021-04-02,511,44277,99,15791,294,27226,118,1260,201,10669,308,17377,315,28046,California
Sutter,2021-04-03,910,45187,77,15868,210,27436,623,1883,121,10626,787,18164,744,28790,California
Sutter,2021-04-04,118,45305,22,15890,90,27526,6,1889,55,10624,63,18227,61,28851,California
Sutter,2021-04-05,369,45674,146,16036,187,27713,36,1925,178,10650,188,18415,214,29065,California
Sutter,2021-04-06,510,46184,198,16234,256,27969,56,1981,273,10744,236,18651,330,29395,California
Sutter,2021-04-07,1484,47668,884,17118,525,28494,75,2056,615,10578,862,19513,696,30091,California
Sutter,2021-04-08,1051,48719,583,17701,355,28849,113,2169,577,10799,470,19983,691,30782,California
Sutter,2021-04-09,567,49286,250,17951,252,29101,65,2234,238,10777,327,20310,305,31087,California
Sutter,2021-04-10,825,50111,108,18059,88,29189,629,2863,108,10792,714,21024,729,31816,California
Sutter,2021-04-11,112,50223,28,18087,40,29229,44,2907,33,10789,79,21103,76,31892,California
Sutter,2021-04-12,336,50559,91,18178,191,29420,54,2961,134,10775,202,21305,188,32080,California
Sutter,2021-04-13,429,50988,127,18305,302,29722,0,2961,211,10770,216,21521,211,32291,California
Sutter,2021-04-14,1291,52279,160,18465,1130,30852,1,2962,213,9912,1072,22593,214,32505,California
Sutter,2021-04-15,535,52814,174,18639,361,31213,0,2962,213,9805,320,22913,213,32718,California
Sutter,2021-04-16,394,53208,125,18764,269,31482,0,2962,181,9774,212,23125,181,32899,California
Sutter,2021-04-17,578,53786,84,18848,494,31976,0,2962,507,10211,70,23195,507,33406,California
Sutter,2021-04-18,70,53856,11,18859,59,32035,0,2962,43,10228,26,23221,43,33449,California
Sutter,2021-04-19,289,54145,111,18970,178,32213,0,2962,119,10179,168,23389,119,33568,California
Sutter,2021-04-20,413,54558,134,19104,279,32492,0,2962,200,10167,212,23601,200,33768,California
Sutter,2021-04-21,1233,55791,420,19524,813,33305,0,2962,477,9897,747,24348,477,34245,California
Sutter,2021-04-22,483,56274,165,19689,318,33623,0,2962,250,9916,231,24579,250,34495,California
Sutter,2021-04-23,399,56673,115,19804,284,33907,0,2962,187,9892,211,24790,187,34682,California
Sutter,2021-04-24,326,56999,105,19909,220,34127,1,2963,185,9937,140,24930,185,34867,California
Sutter,2021-04-25,157,57156,75,19984,82,34209,0,2963,86,9954,69,24999,86,34953,California
Sutter,2021-04-26,287,57443,87,20071,198,34407,2,2965,121,9913,164,25163,123,35076,California
Sutter,2021-04-27,527,57970,266,20337,257,34664,4,2969,242,9877,282,25445,246,35322,California
Sutter,2021-04-28,819,58789,342,20679,469,35133,8,2977,261,9593,553,25998,269,35591,California
Sutter,2021-04-29,774,59563,136,20815,637,35770,1,2978,310,9443,461,26459,311,35902,California
Sutter,2021-04-30,358,59921,109,20924,236,36006,13,2991,146,9392,209,26668,158,36060,California
Sutter,2021-05-01,295,60216,106,21030,148,36154,41,3032,125,9391,167,26835,166,36226,California
Sutter,2021-05-02,80,60296,52,21082,26,36180,2,3034,46,9405,34,26869,48,36274,California
Sutter,2021-05-03,170,60466,108,21190,53,36233,9,3043,70,9384,100,26969,79,36353,California
Sutter,2021-05-04,518,60984,236,21426,218,36451,64,3107,218,9368,297,27266,281,36634,California
Sutter,2021-05-05,536,61520,143,21569,385,36836,8,3115,158,9163,371,27637,166,36800,California
Sutter,2021-05-06,426,61946,231,21800,175,37011,20,3135,192,9141,234,27871,212,37012,California
Sutter,2021-05-07,407,62353,146,21946,239,37250,22,3157,153,9064,252,28123,175,37187,California
Sutter,2021-05-08,196,62549,49,21995,141,37391,6,3163,106,9086,90,28213,112,37299,California
Sutter,2021-05-09,81,62630,52,22047,24,37415,5,3168,56,9122,25,28238,61,37360,California
Sutter,2021-05-10,188,62818,42,22089,129,37544,17,3185,47,9047,139,28377,64,37424,California
Sutter,2021-05-11,433,63251,212,22301,203,37747,18,3203,180,8994,250,28627,197,37621,California
Sutter,2021-05-12,397,63648,211,22512,177,37924,9,3212,134,8878,259,28886,143,37764,California
Sutter,2021-05-13,442,64090,228,22740,192,38116,22,3234,170,8801,269,29155,192,37956,California
Sutter,2021-05-14,435,64525,184,22924,235,38351,16,3250,214,8815,216,29371,230,38186,California
Sutter,2021-05-15,840,65365,308,23232,501,38852,31,3281,305,8617,534,29905,336,38522,California
Sutter,2021-05-16,137,65502,82,23314,47,38899,8,3289,75,8639,61,29966,83,38605,California
Sutter,2021-05-17,289,65791,114,23428,161,39060,14,3303,154,8673,134,30100,168,38773,California
Sutter,2021-05-18,537,66328,311,23739,222,39282,4,3307,294,8731,240,30340,298,39071,California
Sutter,2021-05-19,463,66791,265,24004,191,39473,7,3314,246,8770,214,30554,253,39324,California
Sutter,2021-05-20,405,67196,220,24224,173,39646,12,3326,201,8781,202,30756,213,39537,California
Sutter,2021-05-21,455,67651,211,24435,232,39878,12,3338,221,8781,232,30988,232,39769,California
Sutter,2021-05-22,308,67959,175,24610,130,40008,3,3341,151,8780,154,31142,153,39922,California
Sutter,2021-05-23,154,68113,73,24683,74,40082,7,3348,77,8793,71,31213,84,40006,California
Sutter,2021-05-24,233,68346,89,24772,123,40205,21,3369,103,8791,126,31339,124,40130,California
Sutter,2021-05-25,402,68748,195,24967,192,40397,15,3384,171,8751,226,31565,186,40316,California
Sutter,2021-05-26,339,69087,173,25140,155,40552,11,3395,134,8696,200,31765,145,40461,California
Sutter,2021-05-27,441,69528,119,25259,303,40855,19,3414,131,8540,306,32071,150,40611,California
Sutter,2021-05-28,325,69853,161,25420,154,41009,10,3424,173,8577,146,32217,183,40794,California
Sutter,2021-05-29,83,69936,12,25432,57,41066,14,3438,23,8556,58,32275,37,40831,California
Tehama,2020-12-15,1,1,1,1,0,0,0,0,1,1,0,0,1,1,California
Tehama,2020-12-16,2,3,2,3,0,0,0,0,2,3,0,0,2,3,California
Tehama,2020-12-17,12,15,12,15,0,0,0,0,12,15,0,0,12,15,California
Tehama,2020-12-18,2,17,2,17,0,0,0,0,3,18,0,0,3,18,California
Tehama,2020-12-21,33,50,33,50,0,0,0,0,33,51,0,0,33,51,California
Tehama,2020-12-22,68,118,62,112,6,6,0,0,68,119,0,0,68,119,California
Tehama,2020-12-23,49,167,41,153,8,14,0,0,49,168,0,0,49,168,California
Tehama,2020-12-24,5,172,3,156,2,16,0,0,5,173,0,0,5,173,California
Tehama,2020-12-26,3,175,2,158,1,17,0,0,3,176,0,0,3,176,California
Tehama,2020-12-27,2,177,2,160,0,17,0,0,2,178,0,0,2,178,California
Tehama,2020-12-28,56,233,43,203,13,30,0,0,56,234,0,0,56,234,California
Tehama,2020-12-29,31,264,31,234,0,30,0,0,31,265,0,0,31,265,California
Tehama,2020-12-30,54,318,38,272,16,46,0,0,53,318,0,0,53,318,California
Tehama,2020-12-31,14,332,4,276,10,56,0,0,14,332,0,0,14,332,California
Tehama,2021-01-01,2,334,0,276,2,58,0,0,2,334,0,0,2,334,California
Tehama,2021-01-04,32,366,9,285,23,81,0,0,32,366,0,0,32,366,California
Tehama,2021-01-05,70,436,43,328,27,108,0,0,67,430,3,3,67,433,California
Tehama,2021-01-06,71,507,21,349,50,158,0,0,62,484,8,11,62,495,California
Tehama,2021-01-07,57,564,7,356,50,208,0,0,56,539,1,12,56,551,California
Tehama,2021-01-08,33,597,24,380,9,217,0,0,28,562,5,17,28,579,California
Tehama,2021-01-09,7,604,5,385,2,219,0,0,5,565,2,19,5,584,California
Tehama,2021-01-10,1,605,0,385,1,220,0,0,1,566,0,19,1,585,California
Tehama,2021-01-11,48,653,46,431,2,222,0,0,15,548,33,52,15,600,California
Tehama,2021-01-12,131,784,111,542,20,242,0,0,86,589,45,97,86,686,California
Tehama,2021-01-13,73,857,55,597,18,260,0,0,27,570,46,143,27,713,California
Tehama,2021-01-14,224,1081,50,647,174,434,0,0,222,790,2,145,222,935,California
Tehama,2021-01-15,249,1330,74,721,175,609,0,0,245,1031,4,149,245,1180,California
Tehama,2021-01-16,263,1593,19,740,244,853,0,0,260,1288,3,152,260,1440,California
Tehama,2021-01-17,6,1599,2,742,4,857,0,0,4,1290,2,154,4,1444,California
Tehama,2021-01-18,10,1609,6,748,4,861,0,0,5,1290,5,159,5,1449,California
Tehama,2021-01-19,291,1900,65,813,226,1087,0,0,236,1471,55,214,236,1685,California
Tehama,2021-01-20,301,2201,87,900,214,1301,0,0,251,1673,49,263,251,1936,California
Tehama,2021-01-21,215,2416,11,911,204,1505,0,0,205,1868,10,273,205,2141,California
Tehama,2021-01-22,223,2639,21,932,202,1707,0,0,220,2085,3,276,220,2361,California
Tehama,2021-01-23,258,2897,7,939,251,1958,0,0,257,2341,1,277,257,2618,California
Tehama,2021-01-24,1,2898,1,940,0,1958,0,0,1,2342,0,277,1,2619,California
Tehama,2021-01-25,32,2930,14,954,18,1976,0,0,14,2338,18,295,14,2633,California
Tehama,2021-01-26,324,3254,42,996,282,2258,0,0,287,2588,37,332,287,2920,California
Tehama,2021-01-27,299,3553,21,1017,278,2536,0,0,279,2847,20,352,279,3199,California
Tehama,2021-01-28,339,3892,29,1046,310,2846,0,0,324,3156,15,367,324,3523,California
Tehama,2021-01-29,321,4213,19,1065,302,3148,0,0,304,3443,17,384,304,3827,California
Tehama,2021-01-30,103,4316,2,1067,101,3249,0,0,102,3544,1,385,102,3929,California
Tehama,2021-01-31,1,4317,0,1067,1,3250,0,0,1,3545,0,385,1,3930,California
Tehama,2021-02-01,78,4395,22,1089,56,3306,0,0,36,3539,42,427,36,3966,California
Tehama,2021-02-02,351,4746,63,1152,288,3594,0,0,254,3696,97,524,254,4220,California
Tehama,2021-02-03,389,5135,12,1164,377,3971,0,0,345,3997,44,568,345,4565,California
Tehama,2021-02-04,485,5620,99,1263,386,4357,0,0,404,4321,81,649,405,4970,California
Tehama,2021-02-05,177,5797,73,1336,104,4461,0,0,115,4374,62,711,115,5085,California
Tehama,2021-02-06,28,5825,13,1349,15,4476,0,0,16,4378,12,723,16,5101,California
Tehama,2021-02-07,5,5830,4,1353,1,4477,0,0,2,4377,3,726,2,5103,California
Tehama,2021-02-08,36,5866,14,1367,22,4499,0,0,27,4395,9,735,27,5130,California
Tehama,2021-02-09,78,5944,34,1401,44,4543,0,0,44,4405,34,769,44,5174,California
Tehama,2021-02-10,233,6177,62,1463,171,4714,0,0,157,4486,76,845,157,5331,California
Tehama,2021-02-11,221,6398,16,1479,205,4919,0,0,82,4431,137,982,82,5413,California
Tehama,2021-02-12,367,6765,66,1545,301,5220,0,0,175,4414,192,1174,175,5588,California
Tehama,2021-02-13,385,7150,13,1558,372,5592,0,0,147,4323,238,1412,147,5735,California
Tehama,2021-02-14,35,7185,2,1560,33,5625,0,0,33,4354,2,1414,33,5768,California
Tehama,2021-02-15,53,7238,10,1570,43,5668,0,0,47,4395,6,1420,47,5815,California
Tehama,2021-02-16,242,7480,16,1586,226,5894,0,0,60,4273,182,1602,60,5875,California
Tehama,2021-02-17,280,7760,12,1598,268,6162,0,0,54,4101,226,1828,54,5929,California
Tehama,2021-02-18,370,8130,32,1630,338,6500,0,0,145,4021,225,2053,145,6074,California
Tehama,2021-02-19,214,8344,18,1648,196,6696,0,0,43,3893,171,2224,43,6117,California
Tehama,2021-02-20,272,8616,7,1655,265,6961,0,0,27,3675,245,2469,27,6144,California
Tehama,2021-02-21,1,8617,1,1656,0,6961,0,0,1,3676,0,2469,1,6145,California
Tehama,2021-02-22,39,8656,15,1671,24,6985,0,0,26,3689,13,2482,26,6171,California
Tehama,2021-02-23,46,8702,19,1690,27,7012,0,0,26,3695,20,2502,26,6197,California
Tehama,2021-02-24,300,9002,13,1703,287,7299,0,0,27,3449,273,2775,27,6224,California
Tehama,2021-02-25,375,9377,60,1763,315,7614,0,0,39,3152,336,3111,39,6263,California
Tehama,2021-02-26,455,9832,19,1782,436,8050,0,0,70,2837,385,3496,70,6333,California
Tehama,2021-02-27,295,10127,5,1787,290,8340,0,0,34,2610,261,3757,34,6367,California
Tehama,2021-02-28,23,10150,2,1789,21,8361,0,0,20,2627,3,3760,20,6387,California
Tehama,2021-03-01,67,10217,8,1797,59,8420,0,0,33,2626,34,3794,33,6420,California
Tehama,2021-03-02,139,10356,18,1815,121,8541,0,0,30,2547,109,3903,30,6450,California
Tehama,2021-03-03,151,10507,33,1848,118,8659,0,0,48,2492,103,4006,48,6498,California
Tehama,2021-03-04,632,11139,36,1884,596,9255,0,0,221,2309,404,4410,221,6719,California
Tehama,2021-03-05,401,11540,19,1903,382,9637,0,0,216,2341,184,4594,216,6935,California
Tehama,2021-03-06,297,11837,15,1918,282,9919,0,0,80,2206,216,4810,81,7016,California
Tehama,2021-03-07,5,11842,1,1919,4,9923,0,0,3,2208,1,4811,3,7019,California
Tehama,2021-03-08,58,11900,12,1931,31,9954,15,15,27,2220,30,4841,42,7061,California
Tehama,2021-03-09,369,12269,9,1940,341,10295,19,34,313,2496,56,4897,332,7393,California
Tehama,2021-03-10,354,12623,14,1954,319,10614,21,55,71,2306,282,5179,92,7485,California
Tehama,2021-03-11,488,13111,17,1971,425,11039,46,101,345,2554,143,5322,391,7876,California
Tehama,2021-03-12,306,13417,19,1990,222,11261,65,166,181,2675,125,5447,246,8122,California
Tehama,2021-03-13,45,13462,8,1998,31,11292,6,172,5,2646,40,5487,11,8133,California
Tehama,2021-03-14,51,13513,3,2001,37,11329,11,183,9,2624,42,5529,20,8153,California
Tehama,2021-03-15,154,13667,21,2022,113,11442,20,203,84,2658,70,5599,104,8257,California
Tehama,2021-03-16,418,14085,14,2036,366,11808,38,241,315,2909,102,5701,353,8610,California
Tehama,2021-03-17,423,14508,22,2058,369,12177,32,273,340,3200,81,5782,372,8982,California
Tehama,2021-03-18,499,15007,26,2084,449,12626,24,297,320,3367,177,5959,344,9326,California
Tehama,2021-03-19,321,15328,23,2107,285,12911,13,310,278,3615,43,6002,291,9617,California
Tehama,2021-03-20,42,15370,9,2116,31,12942,2,312,30,3635,12,6014,32,9649,California
Tehama,2021-03-21,12,15382,5,2121,7,12949,0,312,12,3647,0,6014,12,9661,California
Tehama,2021-03-22,91,15473,7,2128,67,13016,17,329,50,3673,41,6055,67,9728,California
Tehama,2021-03-23,88,15561,27,2155,54,13070,7,336,69,3730,19,6074,76,9804,California
Tehama,2021-03-24,86,15647,16,2171,68,13138,2,338,55,3756,31,6105,57,9861,California
Tehama,2021-03-25,521,16168,355,2526,153,13291,13,351,470,4189,50,6155,483,10344,California
Tehama,2021-03-26,515,16683,403,2929,100,13391,12,363,439,4565,75,6230,451,10795,California
Tehama,2021-03-27,457,17140,361,3290,71,13462,25,388,389,4912,67,6297,414,11209,California
Tehama,2021-03-28,34,17174,13,3303,21,13483,0,388,22,4922,12,6309,22,11231,California
Tehama,2021-03-29,124,17298,31,3334,92,13575,1,389,78,4954,46,6355,78,11309,California
Tehama,2021-03-30,372,17670,222,3556,148,13723,2,391,254,5092,118,6473,256,11565,California
Tehama,2021-03-31,398,18068,296,3852,99,13822,3,394,326,5349,71,6544,328,11893,California
Tehama,2021-04-01,526,18594,246,4098,274,14096,6,400,392,5614,133,6677,398,12291,California
Tehama,2021-04-02,459,19053,215,4313,238,14334,6,406,272,5704,187,6864,277,12568,California
Tehama,2021-04-03,60,19113,3,4316,52,14386,5,411,30,5709,30,6894,35,12603,California
Tehama,2021-04-04,34,19147,6,4322,27,14413,1,412,22,5720,12,6906,23,12626,California
Tehama,2021-04-05,117,19264,21,4343,69,14482,27,439,61,5752,56,6962,88,12714,California
Tehama,2021-04-06,495,19759,110,4453,333,14815,52,491,140,5589,355,7317,192,12906,California
Tehama,2021-04-07,418,20177,282,4735,92,14907,44,535,303,5821,114,7431,346,13252,California
Tehama,2021-04-08,604,20781,175,4910,390,15297,39,574,230,5717,373,7804,269,13521,California
Tehama,2021-04-09,432,21213,193,5103,206,15503,33,607,215,5749,216,8020,248,13769,California
Tehama,2021-04-10,72,21285,9,5112,37,15540,26,633,39,5781,33,8053,65,13834,California
Tehama,2021-04-11,33,21318,7,5119,15,15555,11,644,8,5775,25,8078,19,13853,California
Tehama,2021-04-12,112,21430,6,5125,87,15642,19,663,40,5762,72,8150,59,13912,California
Tehama,2021-04-13,388,21818,64,5189,324,15966,0,663,67,5508,321,8471,67,13979,California
Tehama,2021-04-14,407,22225,52,5241,355,16321,0,663,48,5199,357,8828,48,14027,California
Tehama,2021-04-15,513,22738,193,5434,320,16641,0,663,79,4844,434,9262,79,14106,California
Tehama,2021-04-16,598,23336,343,5777,255,16896,0,663,75,4396,523,9785,75,14181,California
Tehama,2021-04-17,348,23684,268,6045,80,16976,0,663,41,4132,306,10091,42,14223,California
Tehama,2021-04-18,17,23701,3,6048,14,16990,0,663,13,4141,4,10095,13,14236,California
Tehama,2021-04-19,93,23794,7,6055,86,17076,0,663,39,4126,54,10149,39,14275,California
Tehama,2021-04-20,514,24308,423,6478,91,17167,0,663,150,3917,361,10510,152,14427,California
Tehama,2021-04-21,518,24826,445,6923,73,17240,0,663,167,3735,349,10859,167,14594,California
Tehama,2021-04-22,515,25341,364,7287,151,17391,0,663,148,3519,364,11223,148,14742,California
Tehama,2021-04-23,445,25786,346,7633,99,17490,0,663,197,3470,247,11470,198,14940,California
Tehama,2021-04-24,103,25889,17,7650,86,17576,0,663,27,3421,76,11546,27,14967,California
Tehama,2021-04-25,28,25917,17,7667,11,17587,0,663,10,3413,18,11564,10,14977,California
Tehama,2021-04-26,74,25991,9,7676,65,17652,0,663,42,3423,32,11596,42,15019,California
Tehama,2021-04-27,251,26242,206,7882,45,17697,0,663,93,3357,159,11755,93,15112,California
Tehama,2021-04-28,395,26637,318,8200,60,17757,17,680,65,3109,330,12085,82,15194,California
Tehama,2021-04-29,353,26990,171,8371,176,17933,6,686,69,2901,283,12368,75,15269,California
Tehama,2021-04-30,325,27315,241,8612,78,18011,6,692,112,2806,213,12581,118,15387,California
Tehama,2021-05-01,72,27387,4,8616,65,18076,3,695,14,2765,58,12639,17,15404,California
Tehama,2021-05-02,47,27434,24,8640,11,18087,12,707,27,2784,20,12659,39,15443,California
Tehama,2021-05-03,117,27551,41,8681,68,18155,8,715,62,2799,55,12714,70,15513,California
Tehama,2021-05-04,158,27709,56,8737,95,18250,7,722,67,2782,91,12805,74,15587,California
Tehama,2021-05-05,86,27795,21,8758,55,18305,10,732,38,2782,48,12853,48,15635,California
Tehama,2021-05-06,163,27958,91,8849,57,18362,15,747,99,2832,64,12917,114,15749,California
Tehama,2021-05-07,171,28129,71,8920,89,18451,11,758,47,2768,122,13039,58,15807,California
Tehama,2021-05-08,49,28178,6,8926,42,18493,1,759,13,2746,36,13075,14,15821,California
Tehama,2021-05-09,15,28193,3,8929,12,18505,0,759,6,2743,9,13084,6,15827,California
Tehama,2021-05-10,77,28270,7,8936,64,18569,6,765,36,2745,40,13124,42,15869,California
Tehama,2021-05-11,164,28434,116,9052,37,18606,11,776,30,2652,134,13258,41,15910,California
Tehama,2021-05-12,203,28637,134,9186,59,18665,10,786,42,2544,160,13418,52,15962,California
Tehama,2021-05-13,234,28871,162,9348,64,18729,8,794,105,2529,128,13546,113,16075,California
Tehama,2021-05-14,242,29113,130,9478,91,18820,21,815,57,2423,184,13730,78,16153,California
Tehama,2021-05-15,224,29337,133,9611,56,18876,35,850,161,2557,62,13792,196,16349,California
Tehama,2021-05-16,26,29363,6,9617,17,18893,3,853,14,2562,12,13804,17,16366,California
Tehama,2021-05-17,111,29474,29,9646,67,18960,15,868,53,2574,56,13860,68,16434,California
Tehama,2021-05-18,148,29622,76,9722,57,19017,15,883,45,2533,101,13961,60,16494,California
Tehama,2021-05-19,123,29745,52,9774,61,19078,10,893,42,2504,81,14042,52,16546,California
Tehama,2021-05-20,302,30047,220,9994,59,19137,23,916,212,2649,90,14132,235,16781,California
Tehama,2021-05-21,195,30242,94,10088,91,19228,10,926,69,2604,124,14256,79,16860,California
Tehama,2021-05-22,57,30299,31,10119,22,19250,4,930,35,2621,22,14278,39,16899,California
Tehama,2021-05-23,40,30339,23,10142,8,19258,9,939,12,2614,28,14306,21,16920,California
Tehama,2021-05-24,96,30435,30,10172,59,19317,7,946,35,2595,61,14367,42,16962,California
Tehama,2021-05-25,76,30511,20,10192,48,19365,8,954,47,2621,29,14396,55,17017,California
Tehama,2021-05-26,74,30585,28,10220,42,19407,4,958,47,2646,26,14422,51,17068,California
Tehama,2021-05-27,149,30734,95,10315,48,19455,6,964,48,2600,100,14522,54,17122,California
Tehama,2021-05-28,127,30861,40,10355,80,19535,7,971,60,2601,66,14588,67,17189,California
Tehama,2021-05-29,17,30878,4,10359,11,19546,2,973,10,2606,7,14595,12,17201,California
Trinity,2020-12-17,4,4,4,4,0,0,0,0,4,4,0,0,4,4,California
Trinity,2020-12-18,2,6,2,6,0,0,0,0,2,6,0,0,2,6,California
Trinity,2020-12-21,39,45,39,45,0,0,0,0,39,45,0,0,39,45,California
Trinity,2020-12-22,5,50,5,50,0,0,0,0,5,50,0,0,5,50,California
Trinity,2020-12-23,5,55,5,55,0,0,0,0,5,55,0,0,5,55,California
Trinity,2020-12-28,31,86,31,86,0,0,0,0,31,86,0,0,31,86,California
Trinity,2020-12-29,8,94,7,93,1,1,0,0,8,94,0,0,8,94,California
Trinity,2020-12-30,10,104,8,101,2,3,0,0,10,104,0,0,10,104,California
Trinity,2020-12-31,2,106,1,102,1,4,0,0,2,106,0,0,2,106,California
Trinity,2021-01-04,28,134,0,102,28,32,0,0,26,132,0,0,26,132,California
Trinity,2021-01-05,3,137,1,103,2,34,0,0,3,135,0,0,3,135,California
Trinity,2021-01-06,24,161,4,107,20,54,0,0,20,151,4,4,20,155,California
Trinity,2021-01-08,49,210,2,109,47,101,0,0,48,197,2,6,48,203,California
Trinity,2021-01-11,42,252,39,148,3,104,0,0,4,163,38,44,4,207,California
Trinity,2021-01-12,9,261,6,154,3,107,0,0,4,162,5,49,4,211,California
Trinity,2021-01-13,7,268,4,158,3,110,0,0,4,163,3,52,4,215,California
Trinity,2021-01-14,4,272,1,159,3,113,0,0,4,167,0,52,4,219,California
Trinity,2021-01-15,4,276,0,159,4,117,0,0,4,171,0,52,4,223,California
Trinity,2021-01-16,4,280,0,159,4,121,0,0,4,175,0,52,4,227,California
Trinity,2021-01-18,31,311,31,190,0,121,0,0,0,144,31,83,0,227,California
Trinity,2021-01-19,34,345,14,204,20,141,0,0,20,150,14,97,20,247,California
Trinity,2021-01-20,19,364,3,207,16,157,0,0,17,165,2,99,17,264,California
Trinity,2021-01-21,17,381,7,214,10,167,0,0,17,182,0,99,17,281,California
Trinity,2021-01-22,5,386,1,215,4,171,0,0,5,187,0,99,5,286,California
Trinity,2021-01-23,7,393,3,218,4,175,0,0,7,194,0,99,7,293,California
Trinity,2021-01-25,14,407,1,219,13,188,0,0,13,206,1,100,13,306,California
Trinity,2021-01-26,10,417,1,220,9,197,0,0,9,214,1,101,9,315,California
Trinity,2021-01-27,12,429,0,220,12,209,0,0,12,226,0,101,12,327,California
Trinity,2021-01-28,13,442,3,223,10,219,0,0,10,233,3,104,10,337,California
Trinity,2021-01-29,2,444,0,223,2,221,0,0,1,233,1,105,1,338,California
Trinity,2021-01-30,12,456,11,234,1,222,0,0,12,245,0,105,12,350,California
Trinity,2021-02-01,2,458,1,235,1,223,0,0,1,245,1,106,1,351,California
Trinity,2021-02-02,15,473,3,238,12,235,0,0,14,258,1,107,14,365,California
Trinity,2021-02-03,6,479,1,239,5,240,0,0,3,258,3,110,3,368,California
Trinity,2021-02-04,42,521,32,271,10,250,0,0,35,286,7,117,35,403,California
Trinity,2021-02-05,350,871,0,271,350,600,0,0,320,576,30,147,320,723,California
Trinity,2021-02-06,210,1081,5,276,205,805,0,0,203,772,7,154,203,926,California
Trinity,2021-02-07,1,1082,0,276,1,806,0,0,1,773,0,154,1,927,California
Trinity,2021-02-08,26,1108,0,276,26,832,0,0,15,777,11,165,15,942,California
Trinity,2021-02-09,27,1135,2,278,25,857,0,0,11,772,16,181,11,953,California
Trinity,2021-02-10,122,1257,10,288,112,969,0,0,102,854,20,201,102,1055,California
Trinity,2021-02-11,338,1595,2,290,336,1305,0,0,331,1178,7,208,331,1386,California
Trinity,2021-02-12,18,1613,10,300,8,1313,0,0,14,1188,4,212,14,1400,California
Trinity,2021-02-13,12,1625,5,305,7,1320,0,0,5,1186,7,219,5,1405,California
Trinity,2021-02-14,2,1627,2,307,0,1320,0,0,2,1188,0,219,2,1407,California
Trinity,2021-02-15,47,1674,0,307,47,1367,0,0,47,1235,0,219,47,1454,California
Trinity,2021-02-16,4,1678,1,308,3,1370,0,0,2,1235,2,221,2,1456,California
Trinity,2021-02-17,94,1772,2,310,92,1462,0,0,84,1309,10,231,84,1540,California
Trinity,2021-02-18,4,1776,0,310,4,1466,0,0,1,1307,3,234,1,1541,California
Trinity,2021-02-19,305,2081,2,312,303,1769,0,0,291,1584,14,248,291,1832,California
Trinity,2021-02-20,141,2222,14,326,127,1896,0,0,113,1669,28,276,113,1945,California
Trinity,2021-02-21,1,2223,1,327,0,1896,0,0,1,1670,0,276,1,1946,California
Trinity,2021-02-22,8,2231,0,327,8,1904,0,0,5,1672,3,279,5,1951,California
Trinity,2021-02-23,11,2242,4,331,7,1911,0,0,6,1673,5,284,6,1957,California
Trinity,2021-02-24,30,2272,8,339,22,1933,0,0,7,1657,23,307,7,1964,California
Trinity,2021-02-25,36,2308,23,362,13,1946,0,0,5,1631,31,338,5,1969,California
Trinity,2021-02-26,11,2319,1,363,10,1956,0,0,5,1630,6,344,5,1974,California
Trinity,2021-02-27,9,2328,7,370,2,1958,0,0,4,1629,5,349,4,1978,California
Trinity,2021-03-01,9,2337,0,370,9,1967,0,0,5,1630,4,353,5,1983,California
Trinity,2021-03-02,9,2346,3,373,6,1973,0,0,2,1625,7,360,2,1985,California
Trinity,2021-03-03,5,2351,0,373,5,1978,0,0,4,1628,1,361,4,1989,California
Trinity,2021-03-04,24,2375,19,392,5,1983,0,0,10,1624,14,375,10,1999,California
Trinity,2021-03-05,388,2763,1,393,387,2370,0,0,121,1482,263,638,121,2120,California
Trinity,2021-03-06,202,2965,7,400,195,2565,0,0,27,1334,175,813,27,2147,California
Trinity,2021-03-07,4,2969,3,403,1,2566,0,0,3,1336,1,814,3,2150,California
Trinity,2021-03-08,3,2972,0,403,2,2568,1,1,1,1336,2,816,2,2152,California
Trinity,2021-03-09,94,3066,0,403,92,2660,2,3,89,1422,5,821,91,2243,California
Trinity,2021-03-10,126,3192,3,406,120,2780,3,6,38,1375,88,909,41,2284,California
Trinity,2021-03-11,16,3208,4,410,10,2790,2,8,5,1371,11,920,7,2291,California
Trinity,2021-03-12,397,3605,5,415,386,3176,6,14,96,1172,301,1221,102,2393,California
Trinity,2021-03-13,13,3618,8,423,3,3179,2,16,8,1177,5,1226,10,2403,California
Trinity,2021-03-14,3,3621,1,424,2,3181,0,16,2,1178,1,1227,2,2405,California
Trinity,2021-03-15,67,3688,0,424,66,3247,1,17,14,1140,53,1280,15,2420,California
Trinity,2021-03-16,115,3803,7,431,108,3355,0,17,102,1229,13,1293,102,2522,California
Trinity,2021-03-17,100,3903,3,434,97,3452,0,17,26,1181,74,1367,26,2548,California
Trinity,2021-03-18,10,3913,2,436,5,3457,3,20,5,1184,5,1372,8,2556,California
Trinity,2021-03-19,459,4372,4,440,345,3802,110,130,36,907,423,1795,146,2702,California
Trinity,2021-03-20,105,4477,7,447,98,3900,0,130,70,943,34,1829,70,2772,California
Trinity,2021-03-21,4,4481,0,447,3,3903,1,131,3,946,1,1830,4,2776,California
Trinity,2021-03-22,2,4483,0,447,2,3905,0,131,2,948,0,1830,2,2778,California
Trinity,2021-03-23,96,4579,2,449,94,3999,0,131,78,1008,18,1848,78,2856,California
Trinity,2021-03-24,12,4591,1,450,11,4010,0,131,9,1014,3,1851,9,2865,California
Trinity,2021-03-25,110,4701,8,458,96,4106,6,137,84,1078,26,1877,90,2955,California
Trinity,2021-03-26,85,4786,8,466,77,4183,0,137,78,1149,7,1884,78,3033,California
Trinity,2021-03-27,20,4806,4,470,7,4190,9,146,9,1156,11,1895,18,3051,California
Trinity,2021-03-28,5,4811,3,473,2,4192,0,146,1,1153,4,1899,1,3052,California
Trinity,2021-03-29,6,4817,0,473,5,4197,1,147,2,1152,4,1903,3,3055,California
Trinity,2021-03-30,77,4894,5,478,72,4269,0,147,67,1209,10,1913,67,3122,California
Trinity,2021-03-31,56,4950,5,483,19,4288,32,179,21,1226,35,1948,52,3174,California
Trinity,2021-04-01,41,4991,11,494,19,4307,11,190,21,1238,20,1968,32,3206,California
Trinity,2021-04-02,247,5238,5,499,168,4475,74,264,75,1216,171,2139,149,3355,California
Trinity,2021-04-03,17,5255,12,511,5,4480,0,264,7,1213,10,2149,7,3362,California
Trinity,2021-04-04,10,5265,8,519,2,4482,0,264,8,1219,2,2151,8,3370,California
Trinity,2021-04-05,59,5324,6,525,52,4534,1,265,55,1271,4,2155,56,3426,California
Trinity,2021-04-06,117,5441,15,540,99,4633,3,268,28,1214,89,2244,32,3458,California
Trinity,2021-04-07,24,5465,12,552,7,4640,5,273,16,1227,8,2252,21,3479,California
Trinity,2021-04-08,89,5554,10,562,77,4717,2,275,52,1244,37,2289,54,3533,California
Trinity,2021-04-09,168,5722,20,582,144,4861,4,279,90,1260,78,2367,94,3627,California
Trinity,2021-04-10,11,5733,7,589,4,4865,0,279,10,1269,1,2368,10,3637,California
Trinity,2021-04-11,9,5742,5,594,2,4867,2,281,4,1270,5,2373,6,3643,California
Trinity,2021-04-12,77,5819,5,599,71,4938,1,282,64,1322,12,2385,64,3707,California
Trinity,2021-04-13,97,5916,5,604,92,5030,0,282,9,1243,88,2473,9,3716,California
Trinity,2021-04-14,10,5926,5,609,5,5035,0,282,6,1245,4,2477,6,3722,California
Trinity,2021-04-15,43,5969,10,619,33,5068,0,282,14,1230,29,2506,14,3736,California
Trinity,2021-04-16,146,6115,13,632,133,5201,0,282,73,1231,72,2578,73,3809,California
Trinity,2021-04-17,11,6126,5,637,6,5207,0,282,9,1238,2,2580,9,3818,California
Trinity,2021-04-18,3,6129,1,638,2,5209,0,282,0,1235,3,2583,0,3818,California
Trinity,2021-04-19,69,6198,2,640,67,5276,0,282,68,1302,1,2584,68,3886,California
Trinity,2021-04-20,92,6290,8,648,84,5360,0,282,20,1250,72,2656,20,3906,California
Trinity,2021-04-21,22,6312,9,657,13,5373,0,282,9,1246,13,2669,9,3915,California
Trinity,2021-04-22,91,6403,5,662,86,5459,0,282,14,1183,77,2746,14,3929,California
Trinity,2021-04-23,182,6585,6,668,176,5635,0,282,113,1227,69,2815,113,4042,California
Trinity,2021-04-24,23,6608,13,681,10,5645,0,282,6,1216,17,2832,6,4048,California
Trinity,2021-04-25,10,6618,9,690,1,5646,0,282,3,1213,6,2838,3,4051,California
Trinity,2021-04-26,45,6663,6,696,39,5685,0,282,40,1248,5,2843,40,4091,California
Trinity,2021-04-27,85,6748,7,703,78,5763,0,282,22,1207,63,2906,22,4113,California
Trinity,2021-04-28,33,6781,11,714,22,5785,0,282,12,1198,21,2927,12,4125,California
Trinity,2021-04-29,34,6815,13,727,21,5806,0,282,12,1188,22,2949,12,4137,California
Trinity,2021-04-30,27,6842,21,748,6,5812,0,282,8,1178,18,2967,8,4145,California
Trinity,2021-05-01,14,6856,8,756,1,5813,5,287,4,1177,10,2977,9,4154,California
Trinity,2021-05-02,8,6864,5,761,1,5814,2,289,2,1175,6,2983,4,4158,California
Trinity,2021-05-03,58,6922,13,774,44,5858,1,290,9,1137,48,3031,10,4168,California
Trinity,2021-05-04,23,6945,11,785,11,5869,1,291,8,1131,15,3046,9,4177,California
Trinity,2021-05-05,10,6955,6,791,4,5873,0,291,3,1127,7,3053,3,4180,California
Trinity,2021-05-06,72,7027,10,801,60,5933,2,293,15,1087,57,3110,17,4197,California
Trinity,2021-05-07,175,7202,12,813,129,6062,34,327,14,974,161,3271,48,4245,California
Trinity,2021-05-08,6,7208,2,815,4,6066,0,327,2,972,4,3275,2,4247,California
Trinity,2021-05-09,11,7219,8,823,3,6069,0,327,7,975,4,3279,7,4254,California
Trinity,2021-05-10,15,7234,5,828,9,6078,1,328,8,977,7,3286,9,4263,California
Trinity,2021-05-11,7,7241,3,831,4,6082,0,328,5,980,2,3288,5,4268,California
Trinity,2021-05-12,17,7258,14,845,2,6084,1,329,13,990,4,3292,14,4282,California
Trinity,2021-05-13,10,7268,7,852,2,6086,1,330,7,995,3,3295,8,4290,California
Trinity,2021-05-14,129,7397,19,871,82,6168,28,358,37,968,92,3387,65,4355,California
Trinity,2021-05-15,13,7410,9,880,3,6171,1,359,7,970,6,3393,8,4363,California
Trinity,2021-05-16,7,7417,6,886,1,6172,0,359,5,973,2,3395,5,4368,California
Trinity,2021-05-17,108,7525,20,906,86,6258,2,361,42,951,66,3461,44,4412,California
Trinity,2021-05-18,37,7562,7,913,29,6287,1,362,11,937,26,3487,12,4424,California
Trinity,2021-05-19,143,7705,16,929,98,6385,29,391,28,880,114,3601,57,4481,California
Trinity,2021-05-20,12,7717,6,935,3,6388,3,394,6,883,6,3607,9,4490,California
Trinity,2021-05-21,7,7724,2,937,5,6393,0,394,4,884,3,3610,4,4494,California
Trinity,2021-05-22,3,7727,2,939,1,6394,0,394,2,885,1,3611,2,4496,California
Trinity,2021-05-23,5,7732,4,943,1,6395,0,394,3,886,2,3613,3,4499,California
Trinity,2021-05-24,110,7842,12,955,97,6492,1,395,9,796,100,3713,10,4509,California
Trinity,2021-05-25,41,7883,12,967,29,6521,0,395,17,789,24,3737,17,4526,California
Trinity,2021-05-26,10,7893,4,971,6,6527,0,395,3,785,7,3744,3,4529,California
Trinity,2021-05-27,31,7924,13,984,15,6542,3,398,11,779,20,3764,14,4543,California
Trinity,2021-05-28,12,7936,9,993,2,6544,1,399,5,778,7,3771,6,4549,California
Tulare,2020-12-15,1,1,1,1,0,0,0,0,1,1,0,0,1,1,California
Tulare,2020-12-16,4,5,4,5,0,0,0,0,4,5,0,0,4,5,California
Tulare,2020-12-17,109,114,109,114,0,0,0,0,109,114,0,0,109,114,California
Tulare,2020-12-18,290,404,289,403,1,1,0,0,290,404,0,0,290,404,California
Tulare,2020-12-19,327,731,327,730,0,1,0,0,327,731,0,0,327,731,California
Tulare,2020-12-20,167,898,166,896,1,2,0,0,167,898,0,0,167,898,California
Tulare,2020-12-21,422,1320,422,1318,0,2,0,0,442,1340,0,0,442,1340,California
Tulare,2020-12-22,470,1790,468,1786,2,4,0,0,469,1809,0,0,469,1809,California
Tulare,2020-12-23,327,2117,319,2105,8,12,0,0,325,2134,0,0,325,2134,California
Tulare,2020-12-24,18,2135,16,2121,2,14,0,0,18,2152,0,0,18,2152,California
Tulare,2020-12-26,9,2144,8,2129,1,15,0,0,9,2161,0,0,9,2161,California
Tulare,2020-12-27,17,2161,12,2141,5,20,0,0,17,2178,0,0,17,2178,California
Tulare,2020-12-28,478,2639,466,2607,12,32,0,0,477,2655,0,0,477,2655,California
Tulare,2020-12-29,548,3187,478,3085,70,102,0,0,548,3203,0,0,548,3203,California
Tulare,2020-12-30,465,3652,425,3510,40,142,0,0,465,3668,0,0,465,3668,California
Tulare,2020-12-31,95,3747,22,3532,73,215,0,0,95,3763,0,0,95,3763,California
Tulare,2021-01-01,2,3749,1,3533,1,216,0,0,2,3765,0,0,2,3765,California
Tulare,2021-01-02,30,3779,17,3550,13,229,0,0,30,3795,0,0,30,3795,California
Tulare,2021-01-03,23,3802,9,3559,14,243,0,0,23,3818,0,0,23,3818,California
Tulare,2021-01-04,91,3893,15,3574,76,319,0,0,91,3909,0,0,91,3909,California
Tulare,2021-01-05,463,4356,278,3852,185,504,0,0,461,4368,2,2,461,4370,California
Tulare,2021-01-06,864,5220,634,4486,230,734,0,0,854,5212,10,12,854,5224,California
Tulare,2021-01-07,783,6003,584,5070,199,933,0,0,676,5781,107,119,676,5900,California
Tulare,2021-01-08,1277,7280,574,5644,703,1636,0,0,939,6383,337,456,939,6839,California
Tulare,2021-01-09,798,8078,203,5847,595,2231,0,0,611,6807,187,643,611,7450,California
Tulare,2021-01-10,50,8128,44,5891,6,2237,0,0,11,6779,39,682,11,7461,California
Tulare,2021-01-11,1272,9400,769,6660,503,2740,0,0,836,7179,436,1118,836,8297,California
Tulare,2021-01-12,1415,10815,501,7161,914,3654,0,0,1005,7776,409,1527,1006,9303,California
Tulare,2021-01-13,428,11243,199,7360,229,3883,0,0,353,8054,75,1602,353,9656,California
Tulare,2021-01-14,491,11734,141,7501,350,4233,0,0,465,8504,15,1617,465,10121,California
Tulare,2021-01-15,1626,13360,154,7655,1472,5705,0,0,1617,10112,9,1626,1617,11738,California
Tulare,2021-01-16,1899,15259,112,7767,1787,7492,0,0,1885,11983,14,1640,1885,13623,California
Tulare,2021-01-17,142,15401,122,7889,20,7512,0,0,132,12105,10,1650,132,13755,California
Tulare,2021-01-18,694,16095,661,8550,33,7545,0,0,297,12005,397,2047,297,14052,California
Tulare,2021-01-19,1011,17106,688,9238,323,7868,0,0,584,12162,427,2474,584,14636,California
Tulare,2021-01-20,2425,19531,612,9850,1813,9681,0,0,2013,13789,386,2860,2013,16649,California
Tulare,2021-01-21,1550,21081,182,10032,1368,11049,0,0,1524,15292,21,2881,1524,18173,California
Tulare,2021-01-22,1058,22139,189,10221,869,11918,0,0,1033,16301,24,2905,1033,19206,California
Tulare,2021-01-23,437,22576,155,10376,282,12200,0,0,417,16698,20,2925,417,19623,California
Tulare,2021-01-24,30,22606,27,10403,3,12203,0,0,28,16724,2,2927,28,19651,California
Tulare,2021-01-25,1342,23948,981,11384,361,12564,0,0,1299,17980,43,2970,1299,20950,California
Tulare,2021-01-26,1503,25451,1097,12481,406,12970,0,0,1170,18818,332,3302,1170,22120,California
Tulare,2021-01-27,1500,26951,1070,13551,430,13400,0,0,921,19161,578,3880,921,23041,California
Tulare,2021-01-28,1215,28166,777,14328,438,13838,0,0,817,19580,398,4278,817,23858,California
Tulare,2021-01-29,1129,29295,719,15047,410,14248,0,0,820,20091,309,4587,820,24678,California
Tulare,2021-01-30,1675,30970,1581,16628,94,14342,0,0,1651,21719,24,4611,1652,26330,California
Tulare,2021-01-31,67,31037,62,16690,5,14347,0,0,64,21780,3,4614,64,26394,California
Tulare,2021-02-01,1185,32222,915,17605,270,14617,0,0,829,22254,355,4969,829,27223,California
Tulare,2021-02-02,696,32918,347,17952,349,14966,0,0,455,22471,239,5208,456,27679,California
Tulare,2021-02-03,568,33486,241,18193,327,15293,0,0,327,22577,221,5429,327,28006,California
Tulare,2021-02-04,557,34043,169,18362,388,15681,0,0,268,22558,288,5717,269,28275,California
Tulare,2021-02-05,1239,35282,238,18600,1001,16682,0,0,408,22137,829,6546,408,28683,California
Tulare,2021-02-06,832,36114,156,18756,676,17358,0,0,211,21729,619,7165,211,28894,California
Tulare,2021-02-07,83,36197,71,18827,12,17370,0,0,23,21692,60,7225,23,28917,California
Tulare,2021-02-08,941,37138,325,19152,616,17986,0,0,240,21233,699,7924,240,29157,California
Tulare,2021-02-09,1415,38553,335,19487,1080,19066,0,0,369,20561,1041,8965,369,29526,California
Tulare,2021-02-10,2473,41026,1986,21473,487,19553,0,0,2072,22233,400,9365,2072,31598,California
Tulare,2021-02-11,1326,42352,377,21850,949,20502,0,0,907,22721,419,9784,907,32505,California
Tulare,2021-02-12,2784,45136,575,22425,2209,22711,0,0,1207,22358,1570,11354,1207,33712,California
Tulare,2021-02-13,2479,47615,157,22582,2322,25033,0,0,664,21211,1811,13165,664,34376,California
Tulare,2021-02-14,337,47952,40,22622,297,25330,0,0,300,21474,37,13202,300,34676,California
Tulare,2021-02-15,920,48872,294,22916,626,25956,0,0,663,21881,256,13458,663,35339,California
Tulare,2021-02-16,2833,51705,1594,24510,1239,27195,0,0,1079,21207,1753,15211,1079,36418,California
Tulare,2021-02-17,2698,54403,511,25021,2187,29382,0,0,461,19437,2231,17442,461,36879,California
Tulare,2021-02-18,2320,56723,456,25477,1864,31246,0,0,638,18401,1674,19116,638,37517,California
Tulare,2021-02-19,2311,59034,871,26348,1440,32686,0,0,953,17997,1357,20473,953,38470,California
Tulare,2021-02-20,2979,62013,1881,28229,1098,33784,0,0,1257,17537,1717,22190,1257,39727,California
Tulare,2021-02-21,94,62107,90,28319,4,33788,0,0,48,17540,45,22235,48,39775,California
Tulare,2021-02-22,1105,63212,699,29018,406,34194,0,0,210,16856,894,23129,210,39985,California
Tulare,2021-02-23,1959,65171,949,29967,1010,35204,0,0,1466,17830,492,23621,1466,41451,California
Tulare,2021-02-24,2485,67656,1549,31516,936,36140,0,0,2108,19563,376,23997,2109,43560,California
Tulare,2021-02-25,3510,71166,1979,33495,1531,37671,0,0,3094,22245,412,24409,3094,46654,California
Tulare,2021-02-26,3854,75020,1887,35382,1967,39638,0,0,3387,25168,465,24874,3388,50042,California
Tulare,2021-02-27,2998,78018,1490,36872,1508,41146,0,0,2865,27912,121,24995,2865,52907,California
Tulare,2021-02-28,1308,79326,1036,37908,272,41418,0,0,1288,29183,17,25012,1288,54195,California
Tulare,2021-03-01,1775,81101,798,38706,977,42395,0,0,1584,30578,189,25201,1584,55779,California
Tulare,2021-03-02,2775,83876,1269,39975,1505,43900,1,1,2599,33005,174,25375,2601,58380,California
Tulare,2021-03-03,3955,87831,2619,42594,1336,45236,0,1,2006,33067,1946,27321,2008,60388,California
Tulare,2021-03-04,2949,90780,1332,43926,1617,46853,0,1,2621,35364,324,27645,2621,63009,California
Tulare,2021-03-05,3438,94218,1760,45686,1663,48516,15,16,2922,37790,513,28158,2939,65948,California
Tulare,2021-03-06,3087,97305,1440,47126,1588,50104,59,75,2839,40441,245,28403,2896,68844,California
Tulare,2021-03-07,1137,98442,703,47829,413,50517,21,96,1096,41518,40,28443,1117,69961,California
Tulare,2021-03-08,1722,100164,1007,48836,546,51063,169,265,1394,42757,323,28766,1562,71523,California
Tulare,2021-03-09,3259,103423,2246,51082,866,51929,147,412,2850,45345,408,29174,2996,74519,California
Tulare,2021-03-10,2965,106388,1398,52480,1392,53321,175,587,2563,47688,393,29567,2736,77255,California
Tulare,2021-03-11,4184,110572,1979,54459,1904,55225,301,888,3244,50293,940,30507,3545,80800,California
Tulare,2021-03-12,4404,114976,2432,56891,1623,56848,349,1237,3130,52509,1266,31773,3482,84282,California
Tulare,2021-03-13,4142,119118,1943,58834,2094,58942,105,1342,3195,54872,941,32714,3304,87586,California
Tulare,2021-03-14,1859,120977,985,59819,655,59597,219,1561,1334,55898,524,33238,1550,89136,California
Tulare,2021-03-15,2747,123724,1628,61447,1004,60601,115,1676,1973,57215,772,34010,2089,91225,California
Tulare,2021-03-16,3436,127160,2124,63571,1234,61835,78,1754,1880,57623,1552,35562,1960,93185,California
Tulare,2021-03-17,4049,131209,2636,66207,1336,63171,77,1831,2305,58275,1737,37299,2389,95574,California
Tulare,2021-03-18,4633,135842,3380,69587,1181,64352,72,1903,2449,58621,2177,39476,2523,98097,California
Tulare,2021-03-19,5097,140939,3352,72939,1550,65902,195,2098,2730,59200,2348,41824,2927,101024,California
Tulare,2021-03-20,4479,145418,2786,75725,1321,67223,372,2470,2060,59224,2411,44235,2435,103459,California
Tulare,2021-03-21,1996,147414,1706,77431,264,67487,26,2496,1055,59367,937,45172,1080,104539,California
Tulare,2021-03-22,2564,149978,1775,79206,677,68164,112,2608,1693,60309,865,46037,1807,106346,California
Tulare,2021-03-23,3756,153734,2157,81363,1547,69711,52,2660,2061,60743,1685,47722,2119,108465,California
Tulare,2021-03-24,3204,156938,1989,83352,1173,70884,42,2702,1811,61211,1385,49107,1853,110318,California
Tulare,2021-03-25,3481,160419,1814,85166,1495,72379,172,2874,1692,61295,1782,50889,1866,112184,California
Tulare,2021-03-26,5254,165673,3136,88302,2009,74388,109,2983,2545,61259,2691,53580,2655,114839,California
Tulare,2021-03-27,3538,169211,1815,90117,1625,76013,98,3081,991,59808,2539,56119,1088,115927,California
Tulare,2021-03-28,1468,170679,1063,91180,374,76387,31,3112,677,59733,789,56908,714,116641,California
Tulare,2021-03-29,2895,173574,1675,92855,1108,77495,112,3224,1229,59415,1661,58569,1343,117984,California
Tulare,2021-03-30,4831,178405,2785,95640,1816,79311,230,3454,1531,57879,3291,61860,1755,119739,California
Tulare,2021-03-31,3955,182360,2339,97979,1503,80814,113,3567,1577,57203,2370,64230,1694,121433,California
Tulare,2021-04-01,4522,186882,2452,100431,2002,82816,68,3635,1559,55879,2953,67183,1629,123062,California
Tulare,2021-04-02,5333,192215,3054,103485,2161,84977,118,3753,1576,53836,3741,70924,1698,124760,California
Tulare,2021-04-03,3624,195839,2096,105581,1157,86134,371,4124,835,52290,2751,73675,1205,125965,California
Tulare,2021-04-04,1633,197472,1146,106727,480,86614,7,4131,359,51386,1270,74945,366,126331,California
Tulare,2021-04-05,3367,200839,2354,109081,743,87357,270,4401,861,50035,2494,77439,1143,127474,California
Tulare,2021-04-06,3430,204269,1469,110550,1467,88824,494,4895,922,48955,2501,79940,1421,128895,California
Tulare,2021-04-07,3887,208156,1833,112383,1621,90445,433,5328,1178,47874,2699,82639,1618,130513,California
Tulare,2021-04-08,4746,212902,2607,114990,1679,92124,460,5788,1512,46632,3222,85861,1980,132493,California
Tulare,2021-04-09,4820,217722,2980,117970,1408,93532,432,6220,1824,45922,2988,88849,2278,134771,California
Tulare,2021-04-10,3830,221552,2062,120032,1450,94982,318,6538,941,44301,2881,91730,1260,136031,California
Tulare,2021-04-11,1573,223125,1036,121068,466,95448,71,6609,482,43766,1088,92818,553,136584,California
Tulare,2021-04-12,3362,226487,2106,123174,663,96111,593,7202,1050,43106,2304,95122,1644,138228,California
Tulare,2021-04-13,2413,228900,1586,124760,817,96928,10,7212,901,42518,1501,96623,913,139141,California
Tulare,2021-04-14,2847,231747,1681,126441,1166,98094,0,7212,908,41490,1936,98559,908,140049,California
Tulare,2021-04-15,3273,235020,2133,128574,1140,99234,0,7212,1469,41166,1793,100352,1469,141518,California
Tulare,2021-04-16,3653,238673,2216,130790,1437,100671,0,7212,1478,40479,2165,102517,1478,142996,California
Tulare,2021-04-17,2212,240885,1299,132089,913,101584,0,7212,1175,40623,1032,103549,1176,144172,California
Tulare,2021-04-18,1521,242406,1190,133279,331,101915,0,7212,814,40731,706,104255,814,144986,California
Tulare,2021-04-19,2121,244527,1220,134499,899,102814,2,7214,896,40408,1221,105476,898,145884,California
Tulare,2021-04-20,2342,246869,1314,135813,1028,103842,0,7214,995,40071,1332,106808,995,146879,California
Tulare,2021-04-21,2206,249075,1326,137139,880,104722,0,7214,807,39519,1360,108168,808,147687,California
Tulare,2021-04-22,2108,251183,1171,138310,937,105659,0,7214,727,38885,1361,109529,727,148414,California
Tulare,2021-04-23,2578,253761,1581,139891,996,106655,1,7215,1019,38356,1548,111077,1019,149433,California
Tulare,2021-04-24,1637,255398,1051,140942,584,107239,2,7217,849,38424,783,111860,851,150284,California
Tulare,2021-04-25,693,256091,520,141462,173,107412,0,7217,264,38259,429,112289,264,150548,California
Tulare,2021-04-26,1463,257554,874,142336,570,107982,19,7236,610,38041,845,113134,627,151175,California
Tulare,2021-04-27,1593,259147,633,142969,924,108906,36,7272,671,37828,919,114053,706,151881,California
Tulare,2021-04-28,1702,260849,971,143940,690,109596,41,7313,668,37508,1029,115082,709,152590,California
Tulare,2021-04-29,1989,262838,1193,145133,759,110355,37,7350,768,37100,1211,116293,803,153393,California
Tulare,2021-04-30,2431,265269,1771,146904,610,110965,50,7400,895,36515,1529,117822,944,154337,California
Tulare,2021-05-01,1410,266679,1211,148115,187,111152,12,7412,721,36568,680,118502,733,155070,California
Tulare,2021-05-02,584,267263,496,148611,72,111224,16,7428,188,36379,393,118895,204,155274,California
Tulare,2021-05-03,1619,268882,1094,149705,400,111624,125,7553,349,35590,1263,120158,474,155748,California
Tulare,2021-05-04,1550,270432,826,150531,655,112279,69,7622,625,35364,918,121076,692,156440,California
Tulare,2021-05-05,1267,271699,611,151142,568,112847,88,7710,436,35068,820,121896,524,156964,California
Tulare,2021-05-06,1950,273649,1325,152467,576,113423,49,7759,588,34351,1354,123250,637,157601,California
Tulare,2021-05-07,1841,275490,1250,153717,523,113946,68,7827,526,33636,1308,124558,593,158194,California
Tulare,2021-05-08,1233,276723,803,154520,405,114351,25,7852,526,33487,700,125258,551,158745,California
Tulare,2021-05-09,590,277313,468,154988,101,114452,21,7873,117,33157,469,125727,139,158884,California
Tulare,2021-05-10,1015,278328,587,155575,363,114815,65,7938,308,32825,705,126432,373,159257,California
Tulare,2021-05-11,1210,279538,614,156189,520,115335,76,8014,502,32701,702,127134,578,159835,California
Tulare,2021-05-12,1501,281039,967,157156,482,115817,52,8066,397,32059,1090,128224,448,160283,California
Tulare,2021-05-13,1448,282487,902,158058,508,116325,38,8104,645,31943,799,129023,683,160966,California
Tulare,2021-05-14,1927,284414,1240,159298,625,116950,62,8166,859,31807,1057,130080,921,161887,California
Tulare,2021-05-15,1560,285974,875,160173,639,117589,46,8212,661,31621,892,130972,706,162593,California
Tulare,2021-05-16,693,286667,552,160725,129,117718,12,8224,323,31587,369,131341,335,162928,California
Tulare,2021-05-17,1537,288204,953,161678,511,118229,73,8297,745,31620,785,132126,818,163746,California
Tulare,2021-05-18,1578,289782,851,162529,674,118903,53,8350,805,31708,768,132894,856,164602,California
Tulare,2021-05-19,1465,291247,942,163471,489,119392,34,8384,767,31816,693,133587,801,165403,California
Tulare,2021-05-20,1348,292595,920,164391,344,119736,84,8468,658,31870,688,134275,742,166145,California
Tulare,2021-05-21,1656,294251,1252,165643,363,120099,41,8509,929,32121,719,134994,970,167115,California
Tulare,2021-05-22,1412,295663,1027,166670,360,120459,25,8534,535,31810,872,135866,561,167676,California
Tulare,2021-05-23,294,295957,249,166919,36,120495,9,8543,147,31820,146,136012,156,167832,California
Tulare,2021-05-24,916,296873,553,167472,303,120798,60,8603,424,31817,487,136499,484,168316,California
Tulare,2021-05-25,1191,298064,704,168176,450,121248,37,8640,531,31731,654,137153,568,168884,California
Tulare,2021-05-26,855,298919,475,168651,339,121587,41,8681,394,31707,458,137611,434,169318,California
Tulare,2021-05-27,1241,300160,779,169430,430,122017,32,8713,584,31674,651,138262,618,169936,California
Tulare,2021-05-28,1168,301328,661,170091,463,122480,44,8757,627,31808,536,138798,670,170606,California
Tulare,2021-05-29,463,301791,362,170453,86,122566,15,8772,259,31881,201,138999,274,170880,California
Tuolumne,2020-12-16,47,47,47,47,0,0,0,0,47,47,0,0,47,47,California
Tuolumne,2020-12-17,18,65,18,65,0,0,0,0,18,65,0,0,18,65,California
Tuolumne,2020-12-18,101,166,100,165,1,1,0,0,101,166,0,0,101,166,California
Tuolumne,2020-12-19,5,171,5,170,0,1,0,0,5,171,0,0,5,171,California
Tuolumne,2020-12-20,2,173,2,172,0,1,0,0,2,173,0,0,2,173,California
Tuolumne,2020-12-21,115,288,101,273,14,15,0,0,115,288,0,0,115,288,California
Tuolumne,2020-12-22,172,460,172,445,0,15,0,0,172,460,0,0,172,460,California
Tuolumne,2020-12-23,185,645,183,628,2,17,0,0,185,645,0,0,185,645,California
Tuolumne,2020-12-26,2,647,2,630,0,17,0,0,2,647,0,0,2,647,California
Tuolumne,2020-12-28,77,724,75,705,2,19,0,0,77,724,0,0,77,724,California
Tuolumne,2020-12-29,102,826,39,744,63,82,0,0,102,826,0,0,102,826,California
Tuolumne,2020-12-30,78,904,22,766,56,138,0,0,78,904,0,0,78,904,California
Tuolumne,2020-12-31,27,931,20,786,7,145,0,0,27,931,0,0,27,931,California
Tuolumne,2021-01-01,6,937,5,791,1,146,0,0,6,937,0,0,6,937,California
Tuolumne,2021-01-02,118,1055,115,906,3,149,0,0,118,1055,0,0,118,1055,California
Tuolumne,2021-01-03,2,1057,2,908,0,149,0,0,2,1057,0,0,2,1057,California
Tuolumne,2021-01-04,69,1126,26,934,43,192,0,0,69,1126,0,0,69,1126,California
Tuolumne,2021-01-05,93,1219,27,961,66,258,0,0,90,1214,3,3,91,1217,California
Tuolumne,2021-01-06,132,1351,72,1033,60,318,0,0,68,1218,64,67,68,1285,California
Tuolumne,2021-01-07,120,1471,64,1097,56,374,0,0,64,1226,56,123,64,1349,California
Tuolumne,2021-01-08,105,1576,81,1178,24,398,0,0,27,1177,77,200,28,1377,California
Tuolumne,2021-01-09,2,1578,0,1178,2,400,0,0,2,1179,0,200,2,1379,California
Tuolumne,2021-01-10,3,1581,1,1179,2,402,0,0,3,1182,0,200,3,1382,California
Tuolumne,2021-01-11,116,1697,90,1269,26,428,0,0,34,1134,82,282,34,1416,California
Tuolumne,2021-01-12,102,1799,86,1355,16,444,0,0,18,1068,84,366,18,1434,California
Tuolumne,2021-01-13,231,2030,125,1480,106,550,0,0,182,1202,49,415,183,1617,California
Tuolumne,2021-01-14,148,2178,108,1588,40,590,0,0,43,1141,104,519,43,1660,California
Tuolumne,2021-01-15,474,2652,72,1660,402,992,0,0,412,1493,61,580,413,2073,California
Tuolumne,2021-01-16,7,2659,3,1663,4,996,0,0,6,1498,1,581,6,2079,California
Tuolumne,2021-01-17,7,2666,4,1667,3,999,0,0,7,1505,0,581,7,2086,California
Tuolumne,2021-01-18,46,2712,38,1705,8,1007,0,0,9,1478,36,617,9,2095,California
Tuolumne,2021-01-19,478,3190,73,1778,405,1412,0,0,432,1864,46,663,432,2527,California
Tuolumne,2021-01-20,76,3266,58,1836,18,1430,0,0,24,1837,51,714,24,2551,California
Tuolumne,2021-01-21,56,3322,23,1859,33,1463,0,0,40,1861,16,730,40,2591,California
Tuolumne,2021-01-22,169,3491,16,1875,153,1616,0,0,162,2016,7,737,162,2753,California
Tuolumne,2021-01-23,653,4144,134,2009,519,2135,0,0,548,2471,105,842,560,3313,California
Tuolumne,2021-01-24,522,4666,1,2010,521,2656,0,0,520,2990,2,844,521,3834,California
Tuolumne,2021-01-25,50,4716,28,2038,22,2678,0,0,24,2989,26,870,25,3859,California
Tuolumne,2021-01-26,80,4796,68,2106,12,2690,0,0,40,2990,40,910,41,3900,California
Tuolumne,2021-01-27,61,4857,4,2110,57,2747,0,0,8,2946,52,962,8,3908,California
Tuolumne,2021-01-28,27,4884,7,2117,20,2767,0,0,18,2955,9,971,18,3926,California
Tuolumne,2021-01-29,72,4956,6,2123,66,2833,0,0,33,2949,39,1010,33,3959,California
Tuolumne,2021-01-30,711,5667,553,2676,158,2991,0,0,689,3632,22,1032,705,4664,California
Tuolumne,2021-01-31,8,5675,2,2678,6,2997,0,0,5,3634,3,1035,5,4669,California
Tuolumne,2021-02-01,26,5701,7,2685,19,3016,0,0,23,3654,3,1038,23,4692,California
Tuolumne,2021-02-02,647,6348,40,2725,607,3623,0,0,635,4279,10,1048,635,5327,California
Tuolumne,2021-02-03,241,6589,112,2837,129,3752,0,0,88,4214,153,1201,88,5415,California
Tuolumne,2021-02-04,123,6712,13,2850,110,3862,0,0,60,4211,63,1264,60,5475,California
Tuolumne,2021-02-05,99,6811,13,2863,86,3948,0,0,35,4183,63,1327,35,5510,California
Tuolumne,2021-02-06,857,7668,583,3446,274,4222,0,0,849,5029,8,1335,854,6364,California
Tuolumne,2021-02-07,8,7676,4,3450,4,4226,0,0,4,5029,4,1339,4,6368,California
Tuolumne,2021-02-08,91,7767,40,3490,51,4277,0,0,67,5072,24,1363,67,6435,California
Tuolumne,2021-02-09,863,8630,53,3543,810,5087,0,0,822,5853,41,1404,822,7257,California
Tuolumne,2021-02-10,92,8722,17,3560,75,5162,0,0,31,5824,60,1464,31,7288,California
Tuolumne,2021-02-11,143,8865,67,3627,76,5238,0,0,77,5835,66,1530,77,7365,California
Tuolumne,2021-02-12,646,9511,19,3646,627,5865,0,0,205,5600,440,1970,205,7570,California
Tuolumne,2021-02-13,150,9661,42,3688,108,5973,0,0,119,5689,30,2000,119,7689,California
Tuolumne,2021-02-14,150,9811,13,3701,137,6110,0,0,149,5837,1,2001,149,7838,California
Tuolumne,2021-02-15,186,9997,10,3711,176,6286,0,0,177,6005,9,2010,177,8015,California
Tuolumne,2021-02-16,531,10528,18,3729,513,6799,0,0,122,5724,405,2415,124,8139,California
Tuolumne,2021-02-17,111,10639,63,3792,48,6847,0,0,61,5736,49,2464,61,8200,California
Tuolumne,2021-02-18,679,11318,25,3817,654,7501,0,0,628,6314,51,2515,629,8829,California
Tuolumne,2021-02-19,143,11461,23,3840,120,7621,0,0,43,6257,100,2615,43,8872,California
Tuolumne,2021-02-20,904,12365,341,4181,563,8184,0,0,384,6136,506,3121,385,9257,California
Tuolumne,2021-02-21,976,13341,38,4219,938,9122,0,0,470,6104,505,3626,473,9730,California
Tuolumne,2021-02-22,81,13422,58,4277,23,9145,0,0,47,6118,33,3659,47,9777,California
Tuolumne,2021-02-23,48,13470,24,4301,24,9169,0,0,26,6123,21,3680,26,9803,California
Tuolumne,2021-02-24,105,13575,59,4360,46,9215,0,0,44,6107,60,3740,44,9847,California
Tuolumne,2021-02-25,1050,14625,35,4395,1015,10230,0,0,1019,7095,31,3771,1019,10866,California
Tuolumne,2021-02-26,149,14774,10,4405,139,10369,0,0,123,7193,26,3797,124,10990,California
Tuolumne,2021-02-27,954,15728,579,4984,375,10744,0,0,249,6757,688,4485,252,11242,California
Tuolumne,2021-02-28,56,15784,4,4988,52,10796,0,0,52,6806,3,4488,52,11294,California
Tuolumne,2021-03-01,114,15898,22,5010,91,10887,1,1,77,6849,36,4524,79,11373,California
Tuolumne,2021-03-02,705,16603,73,5083,632,11519,0,1,106,6356,599,5123,106,11479,California
Tuolumne,2021-03-03,89,16692,21,5104,68,11587,0,1,64,6395,25,5148,64,11543,California
Tuolumne,2021-03-04,1169,17861,75,5179,1094,12681,0,1,1105,7436,64,5212,1105,12648,California
Tuolumne,2021-03-05,86,17947,10,5189,76,12757,0,1,49,7450,36,5248,50,12698,California
Tuolumne,2021-03-06,1057,19004,606,5795,449,13206,2,3,203,6808,849,6097,207,12905,California
Tuolumne,2021-03-07,42,19046,13,5808,14,13220,15,18,19,6819,23,6120,34,12939,California
Tuolumne,2021-03-08,196,19242,90,5898,99,13319,7,25,139,6908,57,6177,146,13085,California
Tuolumne,2021-03-09,857,20099,16,5914,830,14149,11,36,68,6204,784,6961,80,13165,California
Tuolumne,2021-03-10,78,20177,12,5926,55,14204,11,47,53,6243,25,6986,64,13229,California
Tuolumne,2021-03-11,1281,21458,36,5962,1240,15444,5,52,1255,7479,26,7012,1262,14491,California
Tuolumne,2021-03-12,299,21757,36,5998,248,15692,15,67,190,7579,108,7120,208,14699,California
Tuolumne,2021-03-13,114,21871,13,6011,101,15793,0,67,85,7637,28,7148,86,14785,California
Tuolumne,2021-03-14,143,22014,8,6019,126,15919,9,76,6,7519,137,7285,19,14804,California
Tuolumne,2021-03-15,297,22311,80,6099,214,16133,3,79,102,7436,194,7479,111,14915,California
Tuolumne,2021-03-16,803,23114,40,6139,752,16885,11,90,666,7977,136,7615,677,15592,California
Tuolumne,2021-03-17,153,23267,33,6172,107,16992,13,103,79,7996,73,7688,92,15684,California
Tuolumne,2021-03-18,947,24214,27,6199,907,17899,13,116,317,7699,627,8315,330,16014,California
Tuolumne,2021-03-19,134,24348,17,6216,87,17986,30,146,74,7744,59,8374,104,16118,California
Tuolumne,2021-03-20,90,24438,7,6223,73,18059,10,156,37,7738,52,8426,46,16164,California
Tuolumne,2021-03-21,833,25271,389,6612,434,18493,10,166,41,7006,784,9210,52,16216,California
Tuolumne,2021-03-22,164,25435,73,6685,72,18565,19,185,97,7056,66,9276,116,16332,California
Tuolumne,2021-03-23,707,26142,637,7322,56,18621,14,199,669,7700,38,9314,682,17014,California
Tuolumne,2021-03-24,110,26252,19,7341,73,18694,18,217,77,7763,32,9346,95,17109,California
Tuolumne,2021-03-25,1297,27549,23,7364,1271,19965,3,220,326,7123,969,10315,329,17438,California
Tuolumne,2021-03-26,275,27824,16,7380,236,20201,23,243,117,7116,148,10463,141,17579,California
Tuolumne,2021-03-27,580,28404,53,7433,527,20728,0,243,317,7174,261,10724,319,17898,California
Tuolumne,2021-03-28,48,28452,7,7440,41,20769,0,243,8,7144,39,10763,9,17907,California
Tuolumne,2021-03-29,206,28658,83,7523,123,20892,0,243,109,7159,94,10857,109,18016,California
Tuolumne,2021-03-30,164,28822,11,7534,152,21044,1,244,122,7241,41,10898,123,18139,California
Tuolumne,2021-03-31,95,28917,14,7548,79,21123,2,246,38,7226,55,10953,40,18179,California
Tuolumne,2021-04-01,1249,30166,30,7578,1219,22342,0,246,228,6436,1018,11971,228,18407,California
Tuolumne,2021-04-02,165,30331,12,7590,127,22469,26,272,91,6481,72,12043,117,18524,California
Tuolumne,2021-04-03,427,30758,35,7625,390,22859,2,274,239,6537,187,12230,243,18767,California
Tuolumne,2021-04-04,33,30791,3,7628,30,22889,0,274,21,6547,11,12241,21,18788,California
Tuolumne,2021-04-05,131,30922,19,7647,105,22994,7,281,59,6541,72,12313,66,18854,California
Tuolumne,2021-04-06,648,31570,517,8164,104,23098,27,308,513,6948,134,12447,541,19395,California
Tuolumne,2021-04-07,128,31698,37,8201,75,23173,16,324,50,6936,78,12525,66,19461,California
Tuolumne,2021-04-08,1445,33143,32,8233,1398,24571,15,339,246,6002,1195,13720,261,19722,California
Tuolumne,2021-04-09,274,33417,41,8274,189,24760,44,383,131,6038,143,13863,179,19901,California
Tuolumne,2021-04-10,56,33473,2,8276,34,24794,20,403,23,6049,32,13895,43,19944,California
Tuolumne,2021-04-11,18,33491,3,8279,12,24806,3,406,12,6058,6,13901,15,19959,California
Tuolumne,2021-04-12,164,33655,66,8345,93,24899,5,411,90,6085,68,13969,95,20054,California
Tuolumne,2021-04-13,784,34439,35,8380,749,25648,0,411,169,5647,607,14576,169,20223,California
Tuolumne,2021-04-14,154,34593,29,8409,125,25773,0,411,78,5653,73,14649,79,20302,California
Tuolumne,2021-04-15,341,34934,20,8429,321,26094,0,411,59,5436,276,14925,59,20361,California
Tuolumne,2021-04-16,251,35185,50,8479,201,26295,0,411,141,5475,103,15028,142,20503,California
Tuolumne,2021-04-17,43,35228,6,8485,37,26332,0,411,27,5486,16,15044,27,20530,California
Tuolumne,2021-04-18,9,35237,3,8488,6,26338,0,411,4,5486,5,15049,5,20535,California
Tuolumne,2021-04-19,170,35407,79,8567,91,26429,0,411,92,5502,76,15125,92,20627,California
Tuolumne,2021-04-20,712,36119,616,9183,96,26525,0,411,76,4949,629,15754,76,20703,California
Tuolumne,2021-04-21,119,36238,26,9209,93,26618,0,411,63,4961,51,15805,63,20766,California
Tuolumne,2021-04-22,710,36948,46,9255,664,27282,0,411,431,5122,270,16075,431,21197,California
Tuolumne,2021-04-23,177,37125,31,9286,146,27428,0,411,86,5119,89,16164,86,21283,California
Tuolumne,2021-04-24,80,37205,18,9304,62,27490,0,411,52,5143,28,16192,52,21335,California
Tuolumne,2021-04-25,27,37232,10,9314,17,27507,0,411,24,5164,3,16195,24,21359,California
Tuolumne,2021-04-26,155,37387,56,9370,99,27606,0,411,72,5155,82,16277,73,21432,California
Tuolumne,2021-04-27,136,37523,23,9393,106,27712,7,418,63,5154,71,16348,70,21502,California
Tuolumne,2021-04-28,118,37641,26,9419,81,27793,11,429,66,5180,51,16399,77,21579,California
Tuolumne,2021-04-29,277,37918,16,9435,253,28046,8,437,53,5019,222,16621,61,21640,California
Tuolumne,2021-04-30,353,38271,22,9457,319,28365,12,449,67,4816,282,16903,79,21719,California
Tuolumne,2021-05-01,25,38296,7,9464,13,28378,5,454,16,4828,9,16912,21,21740,California
Tuolumne,2021-05-02,26,38322,3,9467,21,28399,2,456,19,4842,7,16919,21,21761,California
Tuolumne,2021-05-03,100,38422,14,9481,81,28480,5,461,29,4806,70,16989,34,21795,California
Tuolumne,2021-05-04,694,39116,601,10082,88,28568,5,466,207,4531,486,17475,211,22006,California
Tuolumne,2021-05-05,107,39223,25,10107,76,28644,6,472,55,4543,50,17525,62,22068,California
Tuolumne,2021-05-06,285,39508,13,10120,258,28902,14,486,40,4356,240,17765,53,22121,California
Tuolumne,2021-05-07,323,39831,25,10145,290,29192,8,494,65,4172,257,18022,73,22194,California
Tuolumne,2021-05-08,47,39878,7,10152,36,29228,4,498,29,4187,18,18040,33,22227,California
Tuolumne,2021-05-09,15,39893,2,10154,11,29239,2,500,2,4178,13,18053,4,22231,California
Tuolumne,2021-05-10,111,40004,44,10198,62,29301,5,505,31,4135,79,18132,36,22267,California
Tuolumne,2021-05-11,196,40200,62,10260,122,29423,12,517,55,4062,140,18272,67,22334,California
Tuolumne,2021-05-12,128,40328,20,10280,105,29528,3,520,50,4037,78,18350,53,22387,California
Tuolumne,2021-05-13,109,40437,18,10298,83,29611,8,528,68,4073,41,18391,77,22464,California
Tuolumne,2021-05-14,207,40644,75,10373,120,29731,12,540,106,4092,99,18490,118,22582,California
Tuolumne,2021-05-15,57,40701,15,10388,35,29766,7,547,19,4081,38,18528,27,22609,California
Tuolumne,2021-05-16,26,40727,8,10396,16,29782,2,549,12,4081,14,18542,14,22623,California
Tuolumne,2021-05-17,110,40837,29,10425,78,29860,3,552,47,4069,63,18605,51,22674,California
Tuolumne,2021-05-18,176,41013,54,10479,75,29935,47,599,58,4056,118,18723,105,22779,California
Tuolumne,2021-05-19,120,41133,22,10501,65,30000,33,632,47,4064,72,18795,80,22859,California
Tuolumne,2021-05-20,396,41529,20,10521,371,30371,5,637,52,3778,343,19138,57,22916,California
Tuolumne,2021-05-21,192,41721,88,10609,99,30470,5,642,116,3824,75,19213,121,23037,California
Tuolumne,2021-05-22,52,41773,15,10624,32,30502,5,647,21,3819,30,19243,25,23062,California
Tuolumne,2021-05-23,15,41788,4,10628,11,30513,0,647,6,3816,9,19252,6,23068,California
Tuolumne,2021-05-24,126,41914,41,10669,79,30592,6,653,53,3803,72,19324,59,23127,California
Tuolumne,2021-05-25,281,42195,215,10884,60,30652,6,659,108,3744,173,19497,114,23241,California
Tuolumne,2021-05-26,80,42275,20,10904,58,30710,2,661,35,3736,45,19542,37,23278,California
Tuolumne,2021-05-27,62,42337,14,10918,46,30756,2,663,26,3729,35,19577,28,23306,California
Tuolumne,2021-05-28,86,42423,44,10962,41,30797,1,664,53,3751,32,19609,54,23360,California
Tuolumne,2021-05-29,6,42429,1,10963,2,30799,3,667,1,3750,5,19614,4,23364,California
Ventura,2020-12-15,5,5,5,5,0,0,0,0,5,5,0,0,5,5,California
Ventura,2020-12-16,73,78,73,78,0,0,0,0,73,78,0,0,73,78,California
Ventura,2020-12-17,249,327,249,327,0,0,0,0,249,327,0,0,249,327,California
Ventura,2020-12-18,1415,1742,1415,1742,0,0,0,0,1415,1742,0,0,1415,1742,California
Ventura,2020-12-19,914,2656,914,2656,0,0,0,0,914,2656,0,0,914,2656,California
Ventura,2020-12-20,432,3088,432,3088,0,0,0,0,432,3088,0,0,432,3088,California
Ventura,2020-12-21,1468,4556,1468,4556,0,0,0,0,1468,4556,0,0,1468,4556,California
Ventura,2020-12-22,1108,5664,1103,5659,5,5,0,0,1108,5664,0,0,1108,5664,California
Ventura,2020-12-23,1036,6700,987,6646,49,54,0,0,1036,6700,0,0,1036,6700,California
Ventura,2020-12-24,478,7178,380,7026,98,152,0,0,478,7178,0,0,478,7178,California
Ventura,2020-12-25,12,7190,7,7033,5,157,0,0,12,7190,0,0,12,7190,California
Ventura,2020-12-26,113,7303,92,7125,21,178,0,0,113,7303,0,0,113,7303,California
Ventura,2020-12-27,58,7361,27,7152,31,209,0,0,58,7361,0,0,58,7361,California
Ventura,2020-12-28,1069,8430,928,8080,141,350,0,0,1069,8430,0,0,1069,8430,California
Ventura,2020-12-29,1169,9599,762,8842,407,757,0,0,1169,9599,0,0,1169,9599,California
Ventura,2020-12-30,1988,11587,1522,10364,466,1223,0,0,1988,11587,0,0,1988,11587,California
Ventura,2020-12-31,479,12066,160,10524,319,1542,0,0,479,12066,0,0,479,12066,California
Ventura,2021-01-01,32,12098,12,10536,20,1562,0,0,32,12098,0,0,32,12098,California
Ventura,2021-01-02,174,12272,83,10619,91,1653,0,0,174,12272,0,0,174,12272,California
Ventura,2021-01-03,16,12288,8,10627,8,1661,0,0,16,12288,0,0,16,12288,California
Ventura,2021-01-04,1085,13373,552,11179,533,2194,0,0,1084,13372,0,0,1084,13372,California
Ventura,2021-01-05,1375,14748,786,11965,589,2783,0,0,1332,14661,43,43,1332,14704,California
Ventura,2021-01-06,2063,16811,1181,13146,882,3665,0,0,1630,15869,424,467,1632,16336,California
Ventura,2021-01-07,2072,18883,1327,14473,745,4410,0,0,1181,16162,888,1355,1181,17517,California
Ventura,2021-01-08,2195,21078,1472,15945,723,5133,0,0,903,15776,1290,2645,904,18421,California
Ventura,2021-01-09,721,21799,500,16445,221,5354,0,0,318,15691,403,3048,318,18739,California
Ventura,2021-01-10,341,22140,330,16775,11,5365,0,0,127,15604,214,3262,127,18866,California
Ventura,2021-01-11,2449,24589,1490,18265,959,6324,0,0,1496,16150,953,4215,1499,20365,California
Ventura,2021-01-12,3049,27638,1613,19878,1436,7760,0,0,2024,17149,1025,5240,2024,22389,California
Ventura,2021-01-13,2937,30575,1431,21309,1506,9266,0,0,2053,18322,881,6121,2054,24443,California
Ventura,2021-01-14,2734,33309,1059,22368,1675,10941,0,0,2287,20164,446,6567,2288,26731,California
Ventura,2021-01-15,2884,36193,964,23332,1920,12861,0,0,2674,22629,210,6777,2675,29406,California
Ventura,2021-01-16,485,36678,187,23519,298,13159,0,0,405,22954,80,6857,405,29811,California
Ventura,2021-01-17,259,36937,137,23656,122,13281,0,0,253,23201,6,6863,253,30064,California
Ventura,2021-01-18,2207,39144,1658,25314,549,13830,0,0,1662,24320,544,7407,1663,31727,California
Ventura,2021-01-19,3052,42196,2126,27440,926,14756,0,0,2155,25581,897,8304,2158,33885,California
Ventura,2021-01-20,4101,46297,3149,30589,952,15708,0,0,3050,27584,1048,9352,3051,36936,California
Ventura,2021-01-21,3852,50149,2678,33267,1174,16882,0,0,3177,30091,672,10024,3179,40115,California
Ventura,2021-01-22,3622,53771,2498,35765,1124,18006,0,0,3458,33385,164,10188,3458,43573,California
Ventura,2021-01-23,1183,54954,647,36412,536,18542,0,0,1083,34371,99,10287,1085,44658,California
Ventura,2021-01-24,456,55410,137,36549,319,18861,0,0,443,34801,13,10300,443,45101,California
Ventura,2021-01-25,3164,58574,2032,38581,1132,19993,0,0,2607,36853,556,10856,2608,47709,California
Ventura,2021-01-26,3724,62298,2213,40794,1511,21504,0,0,2722,38575,1001,11857,2723,50432,California
Ventura,2021-01-27,3480,65778,1560,42354,1920,23424,0,0,2736,40572,740,12597,2737,53169,California
Ventura,2021-01-28,3887,69665,1999,44353,1888,25312,0,0,3270,43241,602,13199,3271,56440,California
Ventura,2021-01-29,4269,73934,2523,46876,1746,27058,0,0,3768,46520,489,13688,3768,60208,California
Ventura,2021-01-30,3041,76975,1966,48842,1075,28133,0,0,2868,49220,169,13857,2869,63077,California
Ventura,2021-01-31,836,77811,447,49289,389,28522,0,0,750,49885,85,13942,750,63827,California
Ventura,2021-02-01,3961,81772,2117,51406,1844,30366,0,0,3184,52300,771,14713,3186,67013,California
Ventura,2021-02-02,4411,86183,2373,53779,2038,32404,0,0,3389,54673,1018,15731,3391,70404,California
Ventura,2021-02-03,4458,90641,2090,55869,2368,34772,0,0,3443,57107,1010,16741,3444,73848,California
Ventura,2021-02-04,4793,95434,2300,58169,2493,37265,0,0,3525,59375,1260,18001,3528,77376,California
Ventura,2021-02-05,4845,100279,2323,60492,2522,39787,0,0,3352,61249,1480,19481,3354,80730,California
Ventura,2021-02-06,2838,103117,1514,62006,1324,41111,0,0,2436,63284,401,19882,2436,83166,California
Ventura,2021-02-07,722,103839,241,62247,481,41592,0,0,597,63757,125,20007,598,83764,California
Ventura,2021-02-08,3512,107351,1632,63879,1880,43472,0,0,2436,65122,1071,21078,2436,86200,California
Ventura,2021-02-09,4729,112080,1975,65854,2754,46226,0,0,2467,65332,2260,23338,2470,88670,California
Ventura,2021-02-10,4718,116798,2233,68087,2485,48711,0,0,2392,65409,2316,25654,2393,91063,California
Ventura,2021-02-11,4672,121470,1866,69953,2806,51517,0,0,2450,65648,2214,27868,2453,93516,California
Ventura,2021-02-12,6313,127783,2665,72618,3648,55165,0,0,3225,65791,3082,30950,3225,96741,California
Ventura,2021-02-13,3310,131093,1829,74447,1481,56646,0,0,1849,66185,1457,32407,1851,98592,California
Ventura,2021-02-14,1226,132319,123,74570,1103,57749,0,0,1009,66978,217,32624,1010,99602,California
Ventura,2021-02-15,3990,136309,1801,76371,2189,59938,0,0,2118,67227,1869,34493,2118,101720,California
Ventura,2021-02-16,5559,141868,2711,79082,2848,62786,0,0,3017,67712,2532,37025,3017,104737,California
Ventura,2021-02-17,5307,147175,1923,81005,3384,66170,0,0,3334,69082,1964,38989,3334,108071,California
Ventura,2021-02-18,5787,152962,1834,82839,3953,70123,0,0,3639,70584,2137,41126,3639,111710,California
Ventura,2021-02-19,6474,159436,3771,86610,2703,72826,0,0,3013,70145,3454,44580,3015,114725,California
Ventura,2021-02-20,4942,164378,3172,89782,1770,74596,0,0,2774,70761,2162,46742,2778,117503,California
Ventura,2021-02-21,1103,165481,812,90594,291,74887,0,0,451,70567,647,47389,453,117956,California
Ventura,2021-02-22,5406,170887,2412,93006,2994,77881,0,0,3462,72095,1935,49324,3463,121419,California
Ventura,2021-02-23,5978,176865,2975,95981,3003,80884,0,0,3421,72978,2540,51864,3423,124842,California
Ventura,2021-02-24,7086,183951,2617,98598,4469,85353,0,0,4258,74426,2812,54676,4260,129102,California
Ventura,2021-02-25,7596,191547,2575,101173,5021,90374,0,0,4577,75998,3007,57683,4579,133681,California
Ventura,2021-02-26,9465,201012,2775,103948,6690,97064,0,0,6176,78914,3263,60946,6179,139860,California
Ventura,2021-02-27,10593,211605,5286,109234,5307,102371,0,0,7949,84246,2627,63573,7959,147819,California
Ventura,2021-02-28,2571,214176,1637,110871,933,103304,1,1,2096,85874,468,64041,2096,149915,California
Ventura,2021-03-01,7135,221311,2835,113706,4299,107603,1,2,4743,88254,2377,66418,4757,154672,California
Ventura,2021-03-02,7703,229014,4036,117742,3665,111268,2,4,5400,91362,2292,68710,5400,160072,California
Ventura,2021-03-03,8681,237695,3920,121662,4759,116027,2,6,6128,94958,2538,71248,6134,166206,California
Ventura,2021-03-04,8249,245944,3879,125541,4370,120397,0,6,5548,97823,2686,73934,5551,171757,California
Ventura,2021-03-05,10088,256032,4812,130353,5266,125663,10,16,7191,102150,2882,76816,7209,178966,California
Ventura,2021-03-06,7782,263814,4402,134755,3227,128890,153,169,5818,106166,1957,78773,5973,184939,California
Ventura,2021-03-07,1661,265475,614,135369,947,129837,100,269,1246,107097,415,79188,1346,186285,California
Ventura,2021-03-08,6849,272324,3436,138805,3259,133096,154,423,4736,109884,2106,81294,4893,191178,California
Ventura,2021-03-09,6864,279188,3026,141831,3638,136734,200,623,3981,111200,2869,84163,4185,195363,California
Ventura,2021-03-10,7003,286191,3018,144849,3746,140480,239,862,4674,113797,2316,86479,4913,200276,California
Ventura,2021-03-11,6534,292725,2895,147744,3325,143805,314,1176,3569,114727,2951,89430,3881,204157,California
Ventura,2021-03-12,8687,301412,3051,150795,4790,148595,846,2022,4247,115396,4424,93854,5093,209250,California
Ventura,2021-03-13,7249,308661,2510,153305,3895,152490,844,2866,4306,117612,2934,96788,5150,214400,California
Ventura,2021-03-14,2144,310805,486,153791,1160,153650,498,3364,723,117415,1420,98208,1223,215623,California
Ventura,2021-03-15,7079,317884,2050,155841,3682,157332,1347,4711,3132,117968,3923,102131,4476,220099,California
Ventura,2021-03-16,8130,326014,2465,158306,4551,161883,1114,5825,4188,119339,3929,106060,5300,225399,California
Ventura,2021-03-17,7715,333729,2777,161083,4590,166473,348,6173,4694,121384,2998,109058,5043,230442,California
Ventura,2021-03-18,7416,341145,3279,164362,3985,170458,152,6325,4839,123810,2563,111621,4989,235431,California
Ventura,2021-03-19,8656,349801,3803,168165,4740,175198,113,6438,5261,125810,3373,114994,5373,240804,California
Ventura,2021-03-20,8707,358508,5752,173917,2933,178131,22,6460,4441,126030,4244,119238,4464,245268,California
Ventura,2021-03-21,2799,361307,1523,175440,904,179035,372,6832,1323,126259,1463,120701,1692,246960,California
Ventura,2021-03-22,7425,368732,3706,179146,3616,182651,103,6935,4908,128773,2499,123200,5013,251973,California
Ventura,2021-03-23,8261,376993,3931,183077,4258,186909,72,7007,4644,129899,3589,126789,4715,256688,California
Ventura,2021-03-24,8938,385931,3422,186499,5439,192348,77,7084,4475,130019,4433,131222,4553,261241,California
Ventura,2021-03-25,8861,394792,3926,190425,4833,197181,102,7186,4493,130264,4350,135572,4595,265836,California
Ventura,2021-03-26,9941,404733,3373,193798,5914,203095,654,7840,3987,128981,5923,141495,4640,270476,California
Ventura,2021-03-27,8498,413231,3939,197737,4519,207614,40,7880,2428,125412,6043,147538,2474,272950,California
Ventura,2021-03-28,2545,415776,1427,199164,1109,208723,9,7889,1375,125638,1164,148702,1390,274340,California
Ventura,2021-03-29,8575,424351,4298,203462,4232,212955,45,7934,4258,125654,4289,152991,4305,278645,California
Ventura,2021-03-30,9014,433365,4472,207934,4411,217366,131,8065,4407,125598,4593,157584,4537,283182,California
Ventura,2021-03-31,10804,444169,4870,212804,5306,222672,628,8693,4684,124810,6098,163682,5310,288492,California
Ventura,2021-04-01,10842,455011,5288,218092,4671,227343,883,9576,5506,125890,5305,168987,6385,294877,California
Ventura,2021-04-02,11813,466824,4660,222752,5813,233156,1340,10916,5657,126768,6124,175111,7002,301879,California
Ventura,2021-04-03,8136,474960,4028,226780,2933,236089,1175,12091,3428,126667,4697,179808,4596,306475,California
Ventura,2021-04-04,1717,476677,960,227740,622,236711,135,12226,1148,127388,562,180370,1283,307758,California
Ventura,2021-04-05,9423,486100,4907,232647,3400,240111,1116,13342,4803,128700,4607,184977,5919,313677,California
Ventura,2021-04-06,10951,497051,5587,238234,3872,243983,1492,14834,5629,130535,5295,190272,7130,320807,California
Ventura,2021-04-07,11430,508481,5455,243689,4470,248453,1505,16339,5225,131099,6188,196460,6752,327559,California
Ventura,2021-04-08,10377,518858,5345,249034,4082,252535,950,17289,5188,132092,5170,201630,6163,333722,California
Ventura,2021-04-09,11271,530129,4373,253407,5178,257713,1720,19009,4919,132452,6329,207959,6689,340411,California
Ventura,2021-04-10,9541,539670,3864,257271,3514,261227,2163,21172,3118,131351,6406,214365,5305,345716,California
Ventura,2021-04-11,2419,542089,860,258131,990,262217,569,21741,679,130864,1733,216098,1246,346962,California
Ventura,2021-04-12,8936,551025,4472,262603,3648,265865,816,22557,3746,130246,5172,221270,4554,351516,California
Ventura,2021-04-13,8820,559845,4484,267087,4330,270195,6,22563,3741,128947,5046,226316,3747,355263,California
Ventura,2021-04-14,8713,568558,4076,271163,4622,274817,15,22578,3346,126980,5331,231647,3364,358627,California
Ventura,2021-04-15,9342,577900,4539,275702,4796,279613,7,22585,4088,125848,5228,236875,4096,362723,California
Ventura,2021-04-16,10160,588060,4492,280194,5667,285280,1,22586,4812,125334,5331,242206,4817,367540,California
Ventura,2021-04-17,8750,596810,5323,285517,3426,288706,1,22587,5093,126786,3642,245848,5094,372634,California
Ventura,2021-04-18,2137,598947,1015,286532,1122,289828,0,22587,910,126473,1223,247071,910,373544,California
Ventura,2021-04-19,8064,607011,4848,291380,3215,293043,1,22588,4629,127688,3416,250487,4631,378175,California
Ventura,2021-04-20,9314,616325,4918,296298,4392,297435,4,22592,4375,127146,4921,255408,4379,382554,California
Ventura,2021-04-21,8928,625253,4576,300874,4347,301782,5,22597,4251,126741,4662,260070,4257,386811,California
Ventura,2021-04-22,10073,635326,5491,306365,4582,306364,0,22597,4472,125629,5585,265655,4473,391284,California
Ventura,2021-04-23,10864,646190,5400,311765,5463,311827,1,22598,5416,125622,5424,271079,5417,396701,California
Ventura,2021-04-24,10433,656623,5893,317658,4540,316367,0,22598,6126,127455,4295,275374,6128,402829,California
Ventura,2021-04-25,2471,659094,1700,319358,771,317138,0,22598,1145,127278,1322,276696,1145,403974,California
Ventura,2021-04-26,7239,666333,4126,323484,3047,320185,66,22664,3021,126166,4194,280890,3082,407056,California
Ventura,2021-04-27,8409,674742,4639,328123,3599,323784,171,22835,3183,124306,5212,286102,3352,410408,California
Ventura,2021-04-28,8309,683051,4823,332946,3170,326954,316,23151,3266,122865,5023,291125,3582,413990,California
Ventura,2021-04-29,7830,690881,4219,337165,3347,330301,264,23415,2802,120928,5002,296127,3065,417055,California
Ventura,2021-04-30,9396,700277,5446,342611,3676,333977,274,23689,3890,119610,5471,301598,4153,421208,California
Ventura,2021-05-01,5037,705314,3629,346240,1306,335283,102,23791,1950,118599,3063,304661,2052,423260,California
Ventura,2021-05-02,2129,707443,1426,347666,614,335897,89,23880,1038,118639,1088,305749,1128,424388,California
Ventura,2021-05-03,6267,713710,3911,351577,2077,337974,279,24159,1982,116633,4265,310014,2259,426647,California
Ventura,2021-05-04,6319,720029,3318,354895,2702,340676,299,24458,2300,115226,4005,314019,2598,429245,California
Ventura,2021-05-05,5319,725348,3015,357910,2044,342720,260,24718,1936,114056,3359,317378,2189,431434,California
Ventura,2021-05-06,6144,731492,3211,361121,2663,345383,270,24988,1978,112156,4148,321526,2248,433682,California
Ventura,2021-05-07,6805,738297,3421,364542,3111,348494,273,25261,2352,110356,4425,325951,2625,436307,California
Ventura,2021-05-08,5302,743599,4119,368661,1030,349524,153,25414,1214,107649,4074,330025,1367,437674,California
Ventura,2021-05-09,1048,744647,734,369395,268,349792,46,25460,399,107451,641,330666,443,438117,California
Ventura,2021-05-10,6069,750716,4073,373468,1792,351584,204,25664,1396,104388,4662,335328,1599,439716,California
Ventura,2021-05-11,5151,755867,3205,376673,1739,353323,207,25871,1505,102463,3636,338964,1711,441427,California
Ventura,2021-05-12,4777,760644,2766,379439,1811,355134,200,26071,1481,100864,3280,342244,1681,443108,California
Ventura,2021-05-13,5693,766337,3353,382792,2138,357272,202,26273,1925,99236,3755,345999,2127,445235,California
Ventura,2021-05-14,7228,773565,4448,387240,2582,359854,198,26471,2749,97721,4459,350458,2944,448179,California
Ventura,2021-05-15,6620,780185,5367,392607,1168,361022,85,26556,2828,96861,3774,354232,2914,451093,California
Ventura,2021-05-16,2155,782340,1666,394273,437,361459,52,26608,1025,96813,1125,355357,1077,452170,California
Ventura,2021-05-17,5833,788173,3565,397838,2061,363520,207,26815,2575,96354,3240,358597,2781,454951,California
Ventura,2021-05-18,5365,793538,3169,401007,2016,365536,180,26995,2303,95793,3042,361639,2481,457432,California
Ventura,2021-05-19,5791,799329,3519,404526,2065,367601,207,27202,2434,95099,3332,364971,2638,460070,California
Ventura,2021-05-20,4341,803670,2292,406818,1894,369495,155,27357,1775,94487,2541,367512,1929,461999,California
Ventura,2021-05-21,6710,810380,3658,410476,2878,372373,174,27531,2141,92260,4541,372053,2314,464313,California
Ventura,2021-05-22,4761,815141,2314,412790,2373,374746,74,27605,1489,90557,3266,375319,1563,465876,California
Ventura,2021-05-23,1269,816410,1061,413851,138,374884,70,27675,492,90344,775,376094,562,466438,California
Ventura,2021-05-24,4505,820915,2455,416306,1894,376778,156,27831,1537,89083,2954,379048,1693,468131,California
Ventura,2021-05-25,4249,825164,2199,418505,1901,378679,149,27980,1463,87926,2767,381815,1610,469741,California
Ventura,2021-05-26,4069,829233,2187,420692,1751,380430,131,28111,1593,87192,2458,384273,1724,471465,California
Ventura,2021-05-27,3722,832955,1841,422533,1772,382202,109,28220,1338,86267,2372,386645,1447,472912,California
Ventura,2021-05-28,4387,837342,2427,424960,1776,383978,184,28404,1931,85934,2445,389090,2112,475024,California
Ventura,2021-05-29,995,838337,697,425657,260,384238,38,28442,415,85818,569,389659,453,475477,California
Yolo,2020-12-15,39,39,39,39,0,0,0,0,39,39,0,0,39,39,California
Yolo,2020-12-16,78,117,78,117,0,0,0,0,78,117,0,0,78,117,California
Yolo,2020-12-17,101,218,101,218,0,0,0,0,101,218,0,0,101,218,California
Yolo,2020-12-18,209,427,209,427,0,0,0,0,209,427,0,0,209,427,California
Yolo,2020-12-19,88,515,88,515,0,0,0,0,88,515,0,0,88,515,California
Yolo,2020-12-20,100,615,100,615,0,0,0,0,100,615,0,0,100,615,California
Yolo,2020-12-21,254,869,254,869,0,0,0,0,254,869,0,0,254,869,California
Yolo,2020-12-22,381,1250,380,1249,1,1,0,0,381,1250,0,0,381,1250,California
Yolo,2020-12-23,433,1683,413,1662,20,21,0,0,433,1683,0,0,433,1683,California
Yolo,2020-12-24,153,1836,96,1758,57,78,0,0,153,1836,0,0,153,1836,California
Yolo,2020-12-25,1,1837,1,1759,0,78,0,0,1,1837,0,0,1,1837,California
Yolo,2020-12-26,75,1912,25,1784,50,128,0,0,75,1912,0,0,75,1912,California
Yolo,2020-12-27,46,1958,19,1803,27,155,0,0,46,1958,0,0,46,1958,California
Yolo,2020-12-28,349,2307,180,1983,169,324,0,0,349,2307,0,0,349,2307,California
Yolo,2020-12-29,489,2796,267,2250,222,546,0,0,489,2796,0,0,489,2796,California
Yolo,2020-12-30,623,3419,255,2505,368,914,0,0,623,3419,0,0,623,3419,California
Yolo,2020-12-31,185,3604,95,2600,90,1004,0,0,185,3604,0,0,185,3604,California
Yolo,2021-01-01,58,3662,56,2656,2,1006,0,0,58,3662,0,0,58,3662,California
Yolo,2021-01-02,69,3731,26,2682,43,1049,0,0,69,3731,0,0,69,3731,California
Yolo,2021-01-03,44,3775,19,2701,25,1074,0,0,44,3775,0,0,44,3775,California
Yolo,2021-01-04,194,3969,43,2744,151,1225,0,0,194,3969,0,0,194,3969,California
Yolo,2021-01-05,615,4584,238,2982,377,1602,0,0,554,4462,61,61,554,4523,California
Yolo,2021-01-06,483,5067,183,3165,300,1902,0,0,352,4683,131,192,352,4875,California
Yolo,2021-01-07,710,5777,233,3398,477,2379,0,0,521,5016,188,380,521,5396,California
Yolo,2021-01-08,634,6411,312,3710,322,2701,0,0,418,5219,215,595,418,5814,California
Yolo,2021-01-09,409,6820,69,3779,340,3041,0,0,363,5536,46,641,363,6177,California
Yolo,2021-01-10,393,7213,80,3859,313,3354,0,0,323,5789,70,711,323,6500,California
Yolo,2021-01-11,562,7775,324,4183,238,3592,0,0,293,5815,269,980,295,6795,California
Yolo,2021-01-12,486,8261,367,4550,119,3711,0,0,178,5686,308,1288,179,6974,California
Yolo,2021-01-13,772,9033,312,4862,460,4171,0,0,522,5958,250,1538,522,7496,California
Yolo,2021-01-14,378,9411,183,5045,195,4366,0,0,274,6128,104,1642,274,7770,California
Yolo,2021-01-15,624,10035,319,5364,305,4671,0,0,545,6595,79,1721,546,8316,California
Yolo,2021-01-16,741,10776,95,5459,646,5317,0,0,710,7274,31,1752,710,9026,California
Yolo,2021-01-17,187,10963,119,5578,68,5385,0,0,180,7447,7,1759,180,9206,California
Yolo,2021-01-18,481,11444,304,5882,177,5562,0,0,378,7722,103,1862,378,9584,California
Yolo,2021-01-19,558,12002,373,6255,185,5747,0,0,385,7934,173,2035,385,9969,California
Yolo,2021-01-20,661,12663,381,6636,280,6027,0,0,475,8224,185,2220,475,10444,California
Yolo,2021-01-21,652,13315,385,7021,267,6294,0,0,464,8500,188,2408,464,10908,California
Yolo,2021-01-22,751,14066,252,7273,499,6793,0,0,633,9017,116,2524,633,11541,California
Yolo,2021-01-23,615,14681,122,7395,493,7286,0,0,567,9536,48,2572,567,12108,California
Yolo,2021-01-24,208,14889,124,7519,84,7370,0,0,167,9662,41,2613,167,12275,California
Yolo,2021-01-25,731,15620,156,7675,575,7945,0,0,513,9957,218,2831,513,12788,California
Yolo,2021-01-26,823,16443,328,8003,495,8440,0,0,428,9990,395,3226,428,13216,California
Yolo,2021-01-27,557,17000,223,8226,334,8774,0,0,381,10195,176,3402,381,13597,California
Yolo,2021-01-28,1051,18051,567,8793,484,9258,0,0,926,10997,124,3526,926,14523,California
Yolo,2021-01-29,891,18942,266,9059,625,9883,0,0,806,11719,84,3610,806,15329,California
Yolo,2021-01-30,1531,20473,928,9987,603,10486,0,0,1410,13014,115,3725,1410,16739,California
Yolo,2021-01-31,240,20713,202,10189,38,10524,0,0,213,13201,26,3751,213,16952,California
Yolo,2021-02-01,847,21560,361,10550,486,11010,0,0,614,13585,230,3981,614,17566,California
Yolo,2021-02-02,1336,22896,751,11301,585,11595,0,0,929,14108,407,4388,930,18496,California
Yolo,2021-02-03,1531,24427,400,11701,1131,12726,0,0,1190,14960,338,4726,1190,19686,California
Yolo,2021-02-04,1797,26224,283,11984,1514,14240,0,0,1245,15665,541,5267,1246,20932,California
Yolo,2021-02-05,1599,27823,908,12892,691,14931,0,0,1199,16466,399,5666,1200,22132,California
Yolo,2021-02-06,1923,29746,1253,14145,670,15601,0,0,1562,17668,361,6027,1563,23695,California
Yolo,2021-02-07,520,30266,250,14395,270,15871,0,0,171,17491,348,6375,171,23866,California
Yolo,2021-02-08,952,31218,334,14729,618,16489,0,0,605,17752,344,6719,605,24471,California
Yolo,2021-02-09,860,32078,387,15116,473,16962,0,0,577,18046,283,7002,577,25048,California
Yolo,2021-02-10,1465,33543,478,15594,987,17949,0,0,824,18231,641,7643,826,25874,California
Yolo,2021-02-11,1573,35116,804,16398,769,18718,0,0,1186,19030,387,8030,1186,27060,California
Yolo,2021-02-12,1919,37035,756,17154,1163,19881,0,0,1445,20005,470,8500,1445,28505,California
Yolo,2021-02-13,2056,39091,712,17866,1344,21225,0,0,1390,20729,666,9166,1390,29895,California
Yolo,2021-02-14,569,39660,154,18020,415,21640,0,0,445,21051,123,9289,445,30340,California
Yolo,2021-02-15,533,40193,190,18210,343,21983,0,0,267,21053,266,9555,268,30608,California
Yolo,2021-02-16,1132,41325,427,18637,705,22688,0,0,811,21544,321,9876,812,31420,California
Yolo,2021-02-17,1392,42717,700,19337,692,23380,0,0,997,22146,395,10271,997,32417,California
Yolo,2021-02-18,2501,45218,817,20154,1684,25064,0,0,1724,23095,776,11047,1725,34142,California
Yolo,2021-02-19,1750,46968,752,20906,998,26062,0,0,1129,23605,619,11666,1129,35271,California
Yolo,2021-02-20,2455,49423,957,21863,1498,27560,0,0,1372,23900,1078,12744,1373,36644,California
Yolo,2021-02-21,285,49708,228,22091,57,27617,0,0,76,23768,208,12952,76,36720,California
Yolo,2021-02-22,1364,51072,600,22691,764,28381,0,0,694,23793,669,13621,694,37414,California
Yolo,2021-02-23,1132,52204,849,23540,283,28664,0,0,437,23537,693,14314,437,37851,California
Yolo,2021-02-24,2093,54297,592,24132,1501,30165,0,0,1384,24214,707,15021,1384,39235,California
Yolo,2021-02-25,1382,55679,487,24619,895,31060,0,0,916,24665,465,15486,916,40151,California
Yolo,2021-02-26,2610,58289,1017,25636,1593,32653,0,0,1385,24828,1222,16708,1385,41536,California
Yolo,2021-02-27,1663,59952,769,26405,894,33547,0,0,1213,25591,450,17158,1213,42749,California
Yolo,2021-02-28,1777,61729,1499,27904,278,33825,0,0,675,25166,1100,18258,675,43424,California
Yolo,2021-03-01,1103,62832,366,28270,737,34562,0,0,673,25411,428,18686,673,44097,California
Yolo,2021-03-02,1473,64305,693,28963,780,35342,0,0,943,25824,530,19216,943,45040,California
Yolo,2021-03-03,1854,66159,638,29601,1216,36558,0,0,830,25632,1022,20238,830,45870,California
Yolo,2021-03-04,2928,69087,1467,31068,1461,38019,0,0,1565,25837,1360,21598,1565,47435,California
Yolo,2021-03-05,2363,71450,1409,32477,943,38962,11,11,1475,26436,887,22485,1486,48921,California
Yolo,2021-03-06,1482,72932,1133,33610,320,39282,29,40,842,26669,638,23123,871,49792,California
Yolo,2021-03-07,914,73846,678,34288,222,39504,14,54,779,27327,135,23258,793,50585,California
Yolo,2021-03-08,1097,74943,490,34778,564,40068,43,97,768,27811,328,23586,812,51397,California
Yolo,2021-03-09,1278,76221,689,35467,527,40595,62,159,782,28161,494,24080,844,52241,California
Yolo,2021-03-10,1814,78035,1060,36527,464,41059,290,449,753,28140,1057,25137,1036,53277,California
Yolo,2021-03-11,2352,80387,1604,38131,680,41739,68,517,1605,29068,746,25883,1674,54951,California
Yolo,2021-03-12,2910,83297,1355,39486,1475,43214,80,597,1372,28992,1530,27413,1454,56405,California
Yolo,2021-03-13,1849,85146,735,40221,937,44151,177,774,1004,29331,842,28255,1181,57586,California
Yolo,2021-03-14,1014,86160,213,40434,651,44802,150,924,528,29524,485,28740,678,58264,California
Yolo,2021-03-15,1323,87483,773,41207,373,45175,177,1101,707,29792,614,29354,882,59146,California
Yolo,2021-03-16,1869,89352,717,41924,1080,46255,72,1173,1104,30203,765,30119,1176,60322,California
Yolo,2021-03-17,2508,91860,977,42901,1459,47714,72,1245,1721,31244,784,30903,1825,62147,California
Yolo,2021-03-18,3033,94893,1033,43934,1775,49489,225,1470,1259,30958,1770,32673,1484,63631,California
Yolo,2021-03-19,2096,96989,871,44805,1157,50646,68,1538,1099,31135,991,33664,1168,64799,California
Yolo,2021-03-20,2773,99762,819,45624,1913,52559,41,1579,1109,30629,1658,35322,1152,65951,California
Yolo,2021-03-21,314,100076,214,45838,92,52651,8,1587,228,30780,85,35407,236,66187,California
Yolo,2021-03-22,1402,101478,489,46327,855,53506,58,1645,922,31282,477,35884,979,67166,California
Yolo,2021-03-23,1739,103217,938,47265,745,54251,56,1701,1071,31741,667,36551,1126,68292,California
Yolo,2021-03-24,2877,106094,1408,48673,1420,55671,49,1750,1407,31740,1458,38009,1457,69749,California
Yolo,2021-03-25,2552,108646,1417,50090,1106,56777,29,1779,1255,31738,1286,39295,1284,71033,California
Yolo,2021-03-26,2401,111047,1258,51348,1124,57901,19,1798,1025,31412,1369,40664,1043,72076,California
Yolo,2021-03-27,1653,112700,455,51803,1181,59082,17,1815,759,31295,893,41557,776,72852,California
Yolo,2021-03-28,1109,113809,866,52669,225,59307,18,1833,270,30748,835,42392,288,73140,California
Yolo,2021-03-29,2024,115833,822,53491,1172,60479,30,1863,978,30714,1042,43434,1008,74148,California
Yolo,2021-03-30,2279,118112,1081,54572,1176,61655,22,1885,1168,30800,1106,44540,1192,75340,California
Yolo,2021-03-31,2354,120466,1224,55796,1094,62749,36,1921,1193,30869,1160,45700,1229,76569,California
Yolo,2021-04-01,3838,124304,1853,57649,1510,64259,475,2396,1612,30733,2223,47923,2087,78656,California
Yolo,2021-04-02,3403,127707,1521,59170,1735,65994,147,2543,2110,31705,1287,49210,2259,80915,California
Yolo,2021-04-03,1811,129518,1093,60263,499,66493,219,2762,808,31730,1002,50212,1027,81942,California
Yolo,2021-04-04,393,129911,156,60419,175,66668,62,2824,147,31693,246,50458,209,82151,California
Yolo,2021-04-05,1917,131828,735,61154,1082,67750,100,2924,1018,31918,894,51352,1119,83270,California
Yolo,2021-04-06,2582,134410,1313,62467,1098,68848,171,3095,1304,32129,1269,52621,1480,84750,California
Yolo,2021-04-07,2998,137408,1525,63992,1119,69967,354,3449,1938,33372,1054,53675,2297,87047,California
Yolo,2021-04-08,2417,139825,1003,64995,941,70908,473,3922,1022,33471,1392,55067,1491,88538,California
Yolo,2021-04-09,2573,142398,913,65908,1084,71992,576,4498,845,33162,1725,56792,1416,89954,California
Yolo,2021-04-10,1747,144145,821,66729,746,72738,180,4678,1033,33664,710,57502,1212,91166,California
Yolo,2021-04-11,888,145033,281,67010,563,73301,44,4722,364,33550,521,58023,407,91573,California
Yolo,2021-04-12,1759,146792,518,67528,1097,74398,144,4866,1086,34112,669,58692,1231,92804,California
Yolo,2021-04-13,1971,148763,912,68440,1059,75457,0,4866,1039,34220,931,59623,1039,93843,California
Yolo,2021-04-14,2765,151528,760,69200,2005,77462,0,4866,1366,34192,1394,61017,1366,95209,California
Yolo,2021-04-15,3316,154844,1136,70336,2180,79642,0,4866,2275,35432,1035,62052,2275,97484,California
Yolo,2021-04-16,3042,157886,1959,72295,1083,80725,0,4866,1938,36272,1098,63150,1938,99422,California
Yolo,2021-04-17,1605,159491,471,72766,1134,81859,0,4866,832,36334,770,63920,832,100254,California
Yolo,2021-04-18,631,160122,306,73072,325,82184,0,4866,351,36409,276,64196,351,100605,California
Yolo,2021-04-19,1663,161785,716,73788,946,83130,1,4867,762,36276,896,65092,763,101368,California
Yolo,2021-04-20,1997,163782,1013,74801,984,84114,0,4867,1071,36423,924,66016,1071,102439,California
Yolo,2021-04-21,1978,165760,985,75786,993,85107,0,4867,1075,36600,898,66914,1075,103514,California
Yolo,2021-04-22,1949,167709,885,76671,1064,86171,0,4867,971,36599,973,67887,972,104486,California
Yolo,2021-04-23,2617,170326,1526,78197,1091,87262,0,4867,1163,36319,1443,69330,1163,105649,California
Yolo,2021-04-24,1168,171494,642,78839,524,87786,2,4869,463,36086,698,70028,465,106114,California
Yolo,2021-04-25,949,172443,406,79245,543,88329,0,4869,728,36594,220,70248,728,106842,California
Yolo,2021-04-26,1176,173619,450,79695,723,89052,3,4872,484,36392,690,70938,488,107330,California
Yolo,2021-04-27,1489,175108,698,80393,782,89834,9,4881,574,36062,915,71853,585,107915,California
Yolo,2021-04-28,2019,177127,1002,81395,990,90824,27,4908,710,35494,1305,73158,737,108652,California
Yolo,2021-04-29,1711,178838,792,82187,837,91661,82,4990,652,35170,1058,74216,734,109386,California
Yolo,2021-04-30,2012,180850,994,83181,960,92621,58,5048,961,35144,1044,75260,1018,110404,California
Yolo,2021-05-01,1284,182134,998,84179,266,92887,20,5068,381,34643,902,76162,401,110805,California
Yolo,2021-05-02,497,182631,404,84583,70,92957,23,5091,322,34813,175,76337,345,111150,California
Yolo,2021-05-03,1122,183753,408,84991,680,93637,34,5125,303,34332,817,77154,336,111486,California
Yolo,2021-05-04,1438,185191,656,85647,758,94395,24,5149,487,33896,947,78101,511,111997,California
Yolo,2021-05-05,1553,186744,421,86068,1066,95461,66,5215,437,33290,1109,79210,503,112500,California
Yolo,2021-05-06,1508,188252,704,86772,724,96185,80,5295,497,32869,998,80208,577,113077,California
Yolo,2021-05-07,2300,190552,1375,88147,874,97059,51,5346,459,31545,1833,82041,509,113586,California
Yolo,2021-05-08,835,191387,358,88505,420,97479,57,5403,311,31391,521,82562,367,113953,California
Yolo,2021-05-09,393,191780,163,88668,217,97696,13,5416,90,31192,302,82864,103,114056,California
Yolo,2021-05-10,900,192680,355,89023,500,98196,45,5461,153,30644,745,83609,197,114253,California
Yolo,2021-05-11,1123,193803,651,89674,451,98647,21,5482,273,30091,847,84456,294,114547,California
Yolo,2021-05-12,1503,195306,665,90339,809,99456,29,5511,279,29181,1221,85677,311,114858,California
Yolo,2021-05-13,2073,197379,783,91122,1238,100694,52,5563,589,28342,1480,87157,641,115499,California
Yolo,2021-05-14,2025,199404,1506,92628,488,101182,31,5594,1151,28653,871,88028,1182,116681,California
Yolo,2021-05-15,1245,200649,704,93332,494,101676,47,5641,639,28733,606,88634,686,117367,California
Yolo,2021-05-16,1403,202052,1194,94526,203,101879,6,5647,984,29308,415,89049,990,118357,California
Yolo,2021-05-17,1073,203125,392,94918,662,102541,19,5666,330,28919,738,89787,349,118706,California
Yolo,2021-05-18,1679,204804,1101,96019,557,103098,21,5687,937,29140,737,90524,958,119664,California
Yolo,2021-05-19,1005,205809,591,96610,379,103477,35,5722,500,29172,503,91027,535,120199,California
Yolo,2021-05-20,940,206749,625,97235,293,103770,22,5744,377,29014,557,91584,399,120598,California
Yolo,2021-05-21,1247,207996,839,98074,390,104160,18,5762,310,28410,931,92515,327,120925,California
Yolo,2021-05-22,673,208669,470,98544,195,104355,8,5770,261,28270,409,92924,269,121194,California
Yolo,2021-05-23,509,209178,107,98651,387,104742,15,5785,91,27959,416,93340,105,121299,California
Yolo,2021-05-24,705,209883,352,99003,335,105077,18,5803,227,27728,476,93816,245,121544,California
Yolo,2021-05-25,838,210721,472,99475,343,105420,23,5826,335,27588,498,94314,358,121902,California
Yolo,2021-05-26,809,211530,260,99735,518,105938,31,5857,272,27361,531,94845,304,122206,California
Yolo,2021-05-27,742,212272,373,100108,319,106257,50,5907,309,27292,428,95273,359,122565,California
Yolo,2021-05-28,808,213080,345,100453,435,106692,28,5935,325,27166,478,95751,352,122917,California
Yolo,2021-05-29,355,213435,245,100698,80,106772,30,5965,122,27084,232,95983,150,123067,California
Yuba,2020-12-16,4,4,4,4,0,0,0,0,4,4,0,0,4,4,California
Yuba,2020-12-17,4,8,4,8,0,0,0,0,4,8,0,0,4,8,California
Yuba,2020-12-18,8,16,8,16,0,0,0,0,8,16,0,0,8,16,California
Yuba,2020-12-19,12,28,12,28,0,0,0,0,12,28,0,0,12,28,California
Yuba,2020-12-20,20,48,20,48,0,0,0,0,20,48,0,0,20,48,California
Yuba,2020-12-21,40,88,40,88,0,0,0,0,40,88,0,0,40,88,California
Yuba,2020-12-22,86,174,86,174,0,0,0,0,86,174,0,0,86,174,California
Yuba,2020-12-23,64,238,62,236,2,2,0,0,64,238,0,0,64,238,California
Yuba,2020-12-24,20,258,10,246,10,12,0,0,20,258,0,0,20,258,California
Yuba,2020-12-26,15,273,13,259,2,14,0,0,15,273,0,0,15,273,California
Yuba,2020-12-27,15,288,15,274,0,14,0,0,15,288,0,0,15,288,California
Yuba,2020-12-28,51,339,35,309,16,30,0,0,51,339,0,0,51,339,California
Yuba,2020-12-29,75,414,10,319,65,95,0,0,75,414,0,0,75,414,California
Yuba,2020-12-30,64,478,20,339,44,139,0,0,64,478,0,0,64,478,California
Yuba,2020-12-31,38,516,7,346,31,170,0,0,38,516,0,0,38,516,California
Yuba,2021-01-02,23,539,22,368,1,171,0,0,23,539,0,0,23,539,California
Yuba,2021-01-03,10,549,6,374,4,175,0,0,10,549,0,0,10,549,California
Yuba,2021-01-04,91,640,22,396,69,244,0,0,91,640,0,0,91,640,California
Yuba,2021-01-05,70,710,38,434,32,276,0,0,69,708,1,1,69,709,California
Yuba,2021-01-06,154,864,76,510,78,354,0,0,148,850,6,7,148,857,California
Yuba,2021-01-07,75,939,19,529,56,410,0,0,72,918,4,11,72,929,California
Yuba,2021-01-08,72,1011,24,553,48,458,0,0,65,976,7,18,65,994,California
Yuba,2021-01-09,19,1030,16,569,3,461,0,0,11,979,8,26,11,1005,California
Yuba,2021-01-10,117,1147,22,591,95,556,0,0,95,1052,22,48,95,1100,California
Yuba,2021-01-11,72,1219,50,641,22,578,0,0,32,1044,40,88,32,1132,California
Yuba,2021-01-12,108,1327,78,719,30,608,0,0,43,1022,65,153,43,1175,California
Yuba,2021-01-13,120,1447,72,791,48,656,0,0,55,1013,64,217,55,1230,California
Yuba,2021-01-14,110,1557,43,834,67,723,0,0,98,1099,12,229,98,1328,California
Yuba,2021-01-15,204,1761,87,921,117,840,0,0,193,1281,11,240,193,1521,California
Yuba,2021-01-16,185,1946,21,942,164,1004,0,0,173,1441,13,253,173,1694,California
Yuba,2021-01-17,13,1959,9,951,4,1008,0,0,7,1442,6,259,7,1701,California
Yuba,2021-01-18,60,2019,32,983,28,1036,0,0,35,1452,25,284,35,1736,California
Yuba,2021-01-19,81,2100,30,1013,51,1087,0,0,66,1503,15,299,66,1802,California
Yuba,2021-01-20,133,2233,87,1100,46,1133,0,0,110,1590,23,322,110,1912,California
Yuba,2021-01-21,213,2446,97,1197,116,1249,0,0,205,1787,8,330,205,2117,California
Yuba,2021-01-22,105,2551,6,1203,99,1348,0,0,96,1874,9,339,96,2213,California
Yuba,2021-01-23,200,2751,7,1210,193,1541,0,0,197,2068,3,342,197,2410,California
Yuba,2021-01-24,10,2761,7,1217,3,1544,0,0,8,2074,2,344,8,2418,California
Yuba,2021-01-25,86,2847,30,1247,56,1600,0,0,53,2095,32,376,53,2471,California
Yuba,2021-01-26,148,2995,39,1286,109,1709,0,0,90,2127,58,434,90,2561,California
Yuba,2021-01-27,185,3180,129,1415,56,1765,0,0,116,2174,69,503,116,2677,California
Yuba,2021-01-28,227,3407,89,1504,138,1903,0,0,175,2297,52,555,175,2852,California
Yuba,2021-01-29,148,3555,45,1549,103,2006,0,0,111,2371,37,592,111,2963,California
Yuba,2021-01-30,410,3965,23,1572,387,2393,0,0,399,2759,11,603,399,3362,California
Yuba,2021-01-31,18,3983,12,1584,6,2399,0,0,16,2773,2,605,16,3378,California
Yuba,2021-02-01,155,4138,75,1659,80,2479,0,0,131,2882,23,628,132,3510,California
Yuba,2021-02-02,124,4262,23,1682,101,2580,0,0,102,2962,22,650,102,3612,California
Yuba,2021-02-03,226,4488,29,1711,197,2777,0,0,114,2965,111,761,114,3726,California
Yuba,2021-02-04,296,4784,121,1832,175,2952,0,0,253,3175,43,804,253,3979,California
Yuba,2021-02-05,147,4931,32,1864,115,3067,0,0,71,3170,76,880,71,4050,California
Yuba,2021-02-06,449,5380,26,1890,423,3490,0,0,441,3603,8,888,441,4491,California
Yuba,2021-02-07,20,5400,13,1903,7,3497,0,0,16,3615,4,892,16,4507,California
Yuba,2021-02-08,96,5496,35,1938,61,3558,0,0,66,3651,30,922,66,4573,California
Yuba,2021-02-09,154,5650,56,1994,98,3656,0,0,84,3665,70,992,84,4657,California
Yuba,2021-02-10,355,6005,172,2166,183,3839,0,0,116,3543,238,1230,116,4773,California
Yuba,2021-02-11,396,6401,64,2230,332,4171,0,0,298,3745,96,1326,298,5071,California
Yuba,2021-02-12,264,6665,26,2256,238,4409,0,0,150,3781,114,1440,150,5221,California
Yuba,2021-02-13,436,7101,36,2292,400,4809,0,0,387,4119,49,1489,387,5608,California
Yuba,2021-02-14,54,7155,11,2303,43,4852,0,0,49,4163,5,1494,49,5657,California
Yuba,2021-02-15,87,7242,36,2339,51,4903,0,0,68,4212,19,1513,68,5725,California
Yuba,2021-02-16,199,7441,53,2392,146,5049,0,0,140,4294,58,1571,140,5865,California
Yuba,2021-02-17,373,7814,156,2548,217,5266,0,0,99,4120,273,1844,99,5964,California
Yuba,2021-02-18,317,8131,47,2595,270,5536,0,0,193,4189,124,1968,193,6157,California
Yuba,2021-02-19,226,8357,82,2677,144,5680,0,0,142,4247,84,2052,142,6299,California
Yuba,2021-02-20,391,8748,31,2708,360,6040,0,0,337,4530,54,2106,337,6636,California
Yuba,2021-02-21,17,8765,14,2722,3,6043,0,0,7,4527,10,2116,7,6643,California
Yuba,2021-02-22,128,8893,79,2801,49,6092,0,0,38,4476,89,2205,38,6681,California
Yuba,2021-02-23,115,9008,25,2826,90,6182,0,0,48,4458,66,2271,48,6729,California
Yuba,2021-02-24,482,9490,136,2962,346,6528,0,0,107,4190,375,2646,107,6836,California
Yuba,2021-02-25,342,9832,137,3099,205,6733,0,0,212,4272,130,2776,212,7048,California
Yuba,2021-02-26,258,10090,67,3166,191,6924,0,0,143,4302,113,2889,143,7191,California
Yuba,2021-02-27,473,10563,47,3213,426,7350,0,0,384,4599,87,2976,384,7575,California
Yuba,2021-02-28,67,10630,22,3235,45,7395,0,0,45,4622,22,2998,45,7620,California
Yuba,2021-03-01,156,10786,40,3275,116,7511,0,0,80,4627,75,3073,80,7700,California
Yuba,2021-03-02,160,10946,36,3311,124,7635,0,0,80,4627,80,3153,80,7780,California
Yuba,2021-03-03,623,11569,159,3470,464,8099,0,0,200,4405,422,3575,200,7980,California
Yuba,2021-03-04,466,12035,270,3740,196,8295,0,0,325,4590,140,3715,325,8305,California
Yuba,2021-03-05,316,12351,59,3799,256,8551,1,1,249,4773,67,3782,250,8555,California
Yuba,2021-03-06,476,12827,35,3834,437,8988,4,5,370,5041,106,3888,374,8929,California
Yuba,2021-03-07,50,12877,28,3862,21,9009,1,6,34,5060,16,3904,35,8964,California
Yuba,2021-03-08,160,13037,49,3911,95,9104,16,22,101,5118,59,3963,117,9081,California
Yuba,2021-03-09,178,13215,47,3958,111,9215,20,42,84,5128,94,4057,104,9185,California
Yuba,2021-03-10,738,13953,235,4193,473,9688,30,72,233,4887,504,4561,263,9448,California
Yuba,2021-03-11,437,14390,196,4389,229,9917,12,84,294,5050,143,4704,306,9754,California
Yuba,2021-03-12,461,14851,86,4475,321,10238,54,138,150,4943,311,5015,204,9958,California
Yuba,2021-03-13,459,15310,340,4815,104,10342,15,153,360,5220,98,5113,375,10333,California
Yuba,2021-03-14,108,15418,21,4836,77,10419,10,163,46,5216,60,5173,56,10389,California
Yuba,2021-03-15,190,15608,49,4885,124,10543,17,180,96,5235,94,5267,113,10502,California
Yuba,2021-03-16,296,15904,71,4956,200,10743,25,205,182,5329,113,5380,207,10709,California
Yuba,2021-03-17,740,16644,162,5118,549,11292,29,234,193,5006,545,5925,222,10931,California
Yuba,2021-03-18,585,17229,159,5277,312,11604,114,348,356,5246,229,6154,469,11400,California
Yuba,2021-03-19,327,17556,120,5397,158,11762,49,397,188,5345,138,6292,237,11637,California
Yuba,2021-03-20,554,18110,81,5478,455,12217,18,415,474,5758,79,6371,492,12129,California
Yuba,2021-03-21,61,18171,36,5514,25,12242,0,415,49,5795,12,6383,49,12178,California
Yuba,2021-03-22,191,18362,70,5584,114,12356,7,422,149,5909,42,6425,156,12334,California
Yuba,2021-03-23,264,18626,79,5663,158,12514,27,449,176,6026,86,6511,203,12537,California
Yuba,2021-03-24,771,19397,255,5918,435,12949,81,530,188,5713,581,7092,268,12805,California
Yuba,2021-03-25,504,19901,269,6187,213,13162,22,552,250,5731,254,7346,272,13077,California
Yuba,2021-03-26,395,20296,143,6330,225,13387,27,579,227,5818,167,7513,254,13331,California
Yuba,2021-03-27,459,20755,28,6358,428,13815,3,582,404,6170,54,7567,406,13737,California
Yuba,2021-03-28,100,20855,41,6399,55,13870,4,586,37,6148,63,7630,41,13778,California
Yuba,2021-03-29,296,21151,87,6486,177,14047,32,618,180,6244,116,7746,212,13990,California
Yuba,2021-03-30,275,21426,69,6555,198,14245,8,626,189,6355,86,7832,197,14187,California
Yuba,2021-03-31,675,22101,116,6671,547,14792,12,638,243,6181,431,8263,257,14444,California
Yuba,2021-04-01,623,22724,289,6960,305,15097,29,667,289,6165,334,8597,318,14762,California
Yuba,2021-04-02,496,23220,95,7055,318,15415,83,750,187,6126,308,8905,269,15031,California
Yuba,2021-04-03,653,23873,54,7109,117,15532,482,1232,86,6128,566,9471,568,15599,California
Yuba,2021-04-04,59,23932,11,7120,42,15574,6,1238,34,6143,25,9496,40,15639,California
Yuba,2021-04-05,245,24177,78,7198,146,15720,21,1259,123,6167,120,9616,144,15783,California
Yuba,2021-04-06,356,24533,113,7311,182,15902,61,1320,172,6216,183,9799,232,16015,California
Yuba,2021-04-07,773,25306,398,7709,322,16224,53,1373,349,6197,421,10220,402,16417,California
Yuba,2021-04-08,748,26054,289,7998,195,16419,264,1637,279,6272,468,10688,543,16960,California
Yuba,2021-04-09,402,26456,173,8171,162,16581,67,1704,167,6272,234,10922,234,17194,California
Yuba,2021-04-10,595,27051,71,8242,75,16656,449,2153,70,6267,523,11445,518,17712,California
Yuba,2021-04-11,104,27155,26,8268,66,16722,12,2165,44,6264,59,11504,56,17768,California
Yuba,2021-04-12,210,27365,45,8313,136,16858,29,2194,80,6244,129,11633,109,17877,California
Yuba,2021-04-13,395,27760,102,8415,293,17151,0,2194,201,6252,193,11826,201,18078,California
Yuba,2021-04-14,695,28455,109,8524,586,17737,0,2194,121,5800,573,12399,121,18199,California
Yuba,2021-04-15,336,28791,129,8653,207,17944,0,2194,145,5754,191,12590,145,18344,California
Yuba,2021-04-16,335,29126,99,8752,236,18180,0,2194,179,5778,155,12745,179,18523,California
Yuba,2021-04-17,402,29528,59,8811,343,18523,0,2194,330,6037,71,12816,330,18853,California
Yuba,2021-04-18,53,29581,10,8821,43,18566,0,2194,24,6032,29,12845,24,18877,California
Yuba,2021-04-19,247,29828,103,8924,144,18710,0,2194,105,5995,142,12987,105,18982,California
Yuba,2021-04-20,316,30144,78,9002,238,18948,0,2194,179,6039,136,13123,180,19162,California
Yuba,2021-04-21,700,30844,281,9283,419,19367,0,2194,297,5933,403,13526,297,19459,California
Yuba,2021-04-22,352,31196,137,9420,215,19582,0,2194,196,5973,156,13682,196,19655,California
Yuba,2021-04-23,344,31540,114,9534,230,19812,0,2194,164,5959,178,13860,164,19819,California
Yuba,2021-04-24,215,31755,68,9602,147,19959,0,2194,122,5988,93,13953,122,19941,California
Yuba,2021-04-25,72,31827,29,9631,43,20002,0,2194,35,5986,37,13990,35,19976,California
Yuba,2021-04-26,223,32050,53,9684,166,20168,4,2198,101,5969,122,14112,105,20081,California
Yuba,2021-04-27,472,32522,162,9846,300,20468,10,2208,234,5977,236,14348,244,20325,California
Yuba,2021-04-28,429,32951,175,10021,249,20717,5,2213,144,5847,279,14627,149,20474,California
Yuba,2021-04-29,428,33379,64,10085,363,21080,1,2214,146,5713,281,14908,147,20621,California
Yuba,2021-04-30,330,33709,94,10179,206,21286,30,2244,140,5696,187,15095,170,20791,California
Yuba,2021-05-01,206,33915,91,10270,96,21382,19,2263,93,5696,112,15207,112,20903,California
Yuba,2021-05-02,64,33979,34,10304,26,21408,4,2267,37,5710,27,15234,41,20944,California
Yuba,2021-05-03,140,34119,66,10370,65,21473,9,2276,45,5670,94,15328,54,20998,California
Yuba,2021-05-04,318,34437,94,10464,203,21676,21,2297,140,5653,178,15506,161,21159,California
Yuba,2021-05-05,316,34753,77,10541,232,21908,7,2304,113,5570,203,15709,120,21279,California
Yuba,2021-05-06,275,35028,103,10644,134,22042,38,2342,90,5516,182,15891,128,21407,California
Yuba,2021-05-07,359,35387,94,10738,237,22279,28,2370,122,5428,237,16128,149,21556,California
Yuba,2021-05-08,104,35491,32,10770,69,22348,3,2373,46,5419,58,16186,49,21605,California
Yuba,2021-05-09,52,35543,23,10793,26,22374,3,2376,37,5444,15,16201,40,21645,California
Yuba,2021-05-10,172,35715,56,10849,98,22472,18,2394,54,5399,117,16318,72,21717,California
Yuba,2021-05-11,367,36082,162,11011,191,22663,14,2408,135,5317,230,16548,148,21865,California
Yuba,2021-05-12,248,36330,123,11134,118,22781,7,2415,96,5268,152,16700,103,21968,California
Yuba,2021-05-13,343,36673,186,11320,114,22895,43,2458,108,5186,233,16933,151,22119,California
Yuba,2021-05-14,365,37038,140,11460,205,23100,20,2478,160,5160,205,17138,179,22298,California
Yuba,2021-05-15,433,37471,109,11569,303,23403,21,2499,110,4969,321,17459,130,22428,California
Yuba,2021-05-16,137,37608,44,11613,84,23487,9,2508,85,5012,51,17510,94,22522,California
Yuba,2021-05-17,214,37822,89,11702,105,23592,20,2528,93,5006,119,17629,113,22635,California
Yuba,2021-05-18,391,38213,161,11863,221,23813,9,2537,168,4960,223,17852,177,22812,California
Yuba,2021-05-19,265,38478,148,12011,111,23924,6,2543,138,4977,127,17979,144,22956,California
Yuba,2021-05-20,398,38876,285,12296,102,24026,11,2554,254,5099,143,18122,265,23221,California
Yuba,2021-05-21,475,39351,254,12550,215,24241,6,2560,299,5230,174,18296,305,23526,California
Yuba,2021-05-22,197,39548,111,12661,77,24318,9,2569,83,5208,114,18410,92,23618,California
Yuba,2021-05-23,37,39585,25,12686,12,24330,0,2569,29,5229,8,18418,29,23647,California
Yuba,2021-05-24,150,39735,47,12733,90,24420,13,2582,48,5189,101,18519,61,23708,California
Yuba,2021-05-25,309,40044,106,12839,188,24608,15,2597,115,5126,193,18712,130,23838,California
Yuba,2021-05-26,217,40261,92,12931,113,24721,12,2609,87,5097,128,18840,99,23937,California
Yuba,2021-05-27,232,40493,74,13005,148,24869,10,2619,100,5076,131,18971,110,24047,California
Yuba,2021-05-28,254,40747,117,13122,134,25003,3,2622,130,5085,123,19094,132,24179,California
Yuba,2021-05-29,56,40803,13,13135,32,25035,11,2633,20,5081,35,19129,31,24210,California
