county,administered_date,total_doses,cumulative_total_doses,pfizer_doses,cumulative_pfizer_doses,moderna_doses,cumulative_moderna_doses,jj_doses,cumulative_jj_doses,partially_vaccinated,total_partially_vaccinated,fully_vaccinated,cumulative_fully_vaccinated,at_least_one_dose,cumulative_at_least_one_dose,california_flag
All CA Counties,2020-12-15,1127,1127,1127,1127,0,0,0,0,1127,1127,0,0,1127,1127,
All CA Counties,2020-12-16,8231,9358,8231,9358,0,0,0,0,8231,9358,0,0,8231,9358,
All CA Counties,2020-12-17,25842,35200,25842,35200,0,0,0,0,25878,35236,0,0,25878,35236,
All CA Counties,2020-12-18,43934,79134,43856,79056,78,78,0,0,43984,79219,1,1,43984,79220,
All CA Counties,2020-12-19,25374,104508,25354,104410,20,98,0,0,25372,104589,2,3,25372,104592,
All CA Counties,2020-12-20,18940,123448,18913,123323,27,125,0,0,18939,123527,1,4,18939,123531,
All CA Counties,2020-12-21,49520,172968,49437,172760,83,208,0,0,49559,173084,2,6,49559,173090,
All CA Counties,2020-12-22,49887,222855,47747,220507,2140,2348,0,0,49887,222971,0,6,49887,222977,
All CA Counties,2020-12-23,50121,272976,41438,261945,8683,11031,0,0,50117,273088,0,6,50117,273094,
All CA Counties,2020-12-24,23948,296924,16276,278221,7672,18703,0,0,23944,297030,2,8,23944,297038,
All CA Counties,2020-12-25,2303,299227,1984,280205,319,19022,0,0,2302,299331,1,9,2302,299340,
All CA Counties,2020-12-26,14563,313790,9396,289601,5167,24189,0,0,14561,313891,1,10,14561,313901,
All CA Counties,2020-12-27,9323,323113,5538,295139,3785,27974,0,0,9322,323212,1,11,9322,323223,
All CA Counties,2020-12-28,45483,368596,29148,324287,16335,44309,0,0,45480,368690,2,13,45480,368703,
All CA Counties,2020-12-29,50849,419445,28450,352737,22399,66708,0,0,50845,419532,3,16,50845,419548,
All CA Counties,2020-12-30,62672,482117,35498,388235,27174,93882,0,0,62665,482195,2,18,62665,482213,
All CA Counties,2020-12-31,29057,511174,10714,398949,18343,112225,0,0,29051,511242,4,22,29051,511264,
All CA Counties,2021-01-01,3640,514814,1596,400545,2044,114269,0,0,3637,514878,1,23,3637,514901,
All CA Counties,2021-01-02,18315,533129,10152,410697,8163,122432,0,0,18314,533192,0,23,18314,533215,
All CA Counties,2021-01-03,6069,539198,3437,414134,2632,125064,0,0,6043,539223,12,35,6043,539258,
All CA Counties,2021-01-04,43146,582344,21818,435952,21328,146392,0,0,43064,582239,48,83,43064,582322,
All CA Counties,2021-01-05,55994,638338,29538,465490,26456,172848,0,0,50567,627477,5360,5443,50598,632920,
All CA Counties,2021-01-06,72671,711009,40285,505775,32386,205234,0,0,57371,669764,15114,20557,57401,690321,
All CA Counties,2021-01-07,91157,802166,51798,557573,39359,244593,0,0,60821,700471,30183,50740,60890,751211,
All CA Counties,2021-01-08,105971,908137,64018,621591,41953,286546,0,0,64889,724480,40952,91692,64961,816172,
All CA Counties,2021-01-09,43506,951643,25038,646629,18468,305014,0,0,27445,735914,16040,107732,27474,843646,
All CA Counties,2021-01-10,23992,975635,14646,661275,9346,314360,0,0,12905,737766,11071,118803,12923,856569,
All CA Counties,2021-01-11,102990,1078625,68329,729604,34661,349021,0,0,60000,754884,42955,161758,60073,916642,
All CA Counties,2021-01-12,111965,1190590,66147,795751,45818,394839,0,0,71200,785546,40695,202453,71357,987999,
All CA Counties,2021-01-13,118106,1308696,61197,856948,56909,451748,0,0,84600,836818,33418,235871,84690,1072689,
All CA Counties,2021-01-14,122355,1431051,49056,906004,73299,525047,0,0,103011,920721,19235,255106,103138,1175827,
All CA Counties,2021-01-15,141187,1572238,52371,958375,88816,613863,0,0,125938,1031685,15143,270249,126107,1301934,
All CA Counties,2021-01-16,80666,1652904,27560,985935,53106,666969,0,0,73002,1097086,7642,277891,73043,1374977,
All CA Counties,2021-01-17,48039,1700943,16704,1002639,31335,698304,0,0,44439,1137964,3594,281485,44472,1419449,
All CA Counties,2021-01-18,87688,1788631,45656,1048295,42032,740336,0,0,68446,1187371,19168,300653,68575,1488024,
All CA Counties,2021-01-19,140433,1929064,73043,1121338,67390,807726,0,0,109534,1266433,30812,331465,109874,1597898,
All CA Counties,2021-01-20,157414,2086478,79796,1201134,77618,885344,0,0,124521,1358446,32728,364193,124741,1722639,
All CA Counties,2021-01-21,171341,2257819,75950,1277084,95391,980735,0,0,152566,1492725,18576,382769,152855,1875494,
All CA Counties,2021-01-22,168220,2426039,68759,1345843,99461,1080196,0,0,153926,1632602,14173,396942,154050,2029544,
All CA Counties,2021-01-23,110652,2536691,49236,1395079,61416,1141612,0,0,98253,1718591,12344,409286,98333,2127877,
All CA Counties,2021-01-24,60694,2597385,29284,1424363,31410,1173022,0,0,56039,1770038,4628,413914,56075,2183952,
All CA Counties,2021-01-25,142951,2740336,64446,1488809,78505,1251527,0,0,108589,1844812,34257,448171,109031,2292983,
All CA Counties,2021-01-26,166221,2906557,81608,1570417,84613,1336140,0,0,129295,1937595,36782,484953,129565,2422548,
All CA Counties,2021-01-27,177472,3084029,86674,1657091,90798,1426938,0,0,138977,2038598,38111,523064,139114,2561662,
All CA Counties,2021-01-28,185388,3269417,85046,1742137,100342,1527280,0,0,151840,2157357,33246,556310,152005,2713667,
All CA Counties,2021-01-29,181382,3450799,87051,1829188,94331,1621611,0,0,147409,2271491,33414,589724,147548,2861215,
All CA Counties,2021-01-30,121621,3572420,53983,1883171,67638,1689249,0,0,107479,2365109,13996,603720,107614,2968829,
All CA Counties,2021-01-31,69672,3642092,39443,1922614,30229,1719478,0,0,63674,2422903,5927,609647,63721,3032550,
All CA Counties,2021-02-01,156796,3798888,71874,1994488,84922,1804400,0,0,118924,2504316,37734,647381,119147,3151697,
All CA Counties,2021-02-02,183264,3982152,78361,2072849,104903,1909303,0,0,137838,2597257,45165,692546,138106,3289803,
All CA Counties,2021-02-03,208213,4190365,93714,2166563,114499,2023802,0,0,154968,2699656,52791,745337,155190,3444993,
All CA Counties,2021-02-04,225691,4416056,98837,2265400,126854,2150656,0,0,165621,2806041,59544,804881,165929,3610922,
All CA Counties,2021-02-05,244096,4660152,105725,2371125,138371,2289027,0,0,166225,2895696,77120,882001,166775,3777697,
All CA Counties,2021-02-06,153776,4813928,74209,2445334,79567,2368594,0,0,119384,2981307,34230,916231,119841,3897538,
All CA Counties,2021-02-07,65550,4879478,42204,2487538,23346,2391940,0,0,49264,3014826,16206,932437,49725,3947263,
All CA Counties,2021-02-08,178675,5058153,87534,2575072,91141,2483081,0,0,118008,3073279,60260,992697,118713,4065976,
All CA Counties,2021-02-09,208429,5266582,100820,2675892,107609,2590690,0,0,125014,3116319,83090,1075787,126130,4192106,
All CA Counties,2021-02-10,245648,5512230,118816,2794708,126832,2717522,0,0,137004,3146838,107892,1183679,138411,4330517,
All CA Counties,2021-02-11,259830,5772060,128774,2923482,131056,2848578,0,0,142395,3174572,116449,1300128,144183,4474700,
All CA Counties,2021-02-12,269298,6041358,117888,3041370,151410,2999988,0,0,145632,3199538,122981,1423109,147947,4622647,
All CA Counties,2021-02-13,164877,6206235,75859,3117229,89018,3089006,0,0,90952,3218912,73539,1496648,92913,4715560,
All CA Counties,2021-02-14,94087,6300322,46645,3163874,47442,3136448,0,0,50889,3228332,43069,1539717,52489,4768049,
All CA Counties,2021-02-15,139968,6440290,61569,3225443,78399,3214847,0,0,77510,3246816,62146,1601863,80630,4848679,
All CA Counties,2021-02-16,245148,6685438,116581,3342024,128567,3343414,0,0,131629,3268488,113201,1715064,134873,4983552,
All CA Counties,2021-02-17,254236,6939674,126530,3468554,127706,3471120,0,0,127303,3272599,126488,1841552,130599,5114151,
All CA Counties,2021-02-18,267501,7207175,139385,3607939,128116,3599236,0,0,130044,3270119,136820,1978372,134340,5248491,
All CA Counties,2021-02-19,248573,7455748,144383,3752322,104190,3703426,0,0,129420,3283136,118748,2097120,131765,5380256,
All CA Counties,2021-02-20,149265,7605013,95914,3848236,53351,3756777,0,0,82554,3301225,66509,2163629,84598,5464854,
All CA Counties,2021-02-21,68265,7673278,54663,3902899,13602,3770379,0,0,34239,3302983,33867,2197496,35625,5500479,
All CA Counties,2021-02-22,160882,7834160,107902,4010801,52980,3823359,0,0,81989,3308114,78624,2276120,83755,5584234,
All CA Counties,2021-02-23,218849,8053009,115611,4126412,103238,3926597,0,0,102828,3301470,115552,2391672,108908,5693142,
All CA Counties,2021-02-24,278579,8331588,140706,4267118,137873,4064470,0,0,134531,3300236,143542,2535214,142308,5835450,
All CA Counties,2021-02-25,312087,8643675,153442,4420560,158645,4223115,0,0,164056,3325683,147436,2682650,172883,6008333,
All CA Counties,2021-02-26,345718,8989393,161772,4582332,183946,4407061,0,0,193431,3375152,151509,2834159,200978,6209311,
All CA Counties,2021-02-27,243753,9233146,116027,4698359,127720,4534781,6,6,137991,3412542,105269,2939428,142659,6351970,
All CA Counties,2021-02-28,127888,9361034,76187,4774546,51700,4586481,1,7,75838,3439572,51776,2991204,78806,6430776,
All CA Counties,2021-03-01,232382,9593416,123025,4897571,109340,4695821,17,24,134744,3481367,97120,3088324,138915,6569691,
All CA Counties,2021-03-02,261754,9855170,127928,5025499,133816,4829637,10,34,158645,3544509,102686,3191010,165828,6735519,
All CA Counties,2021-03-03,306901,10162071,152035,5177534,154843,4984480,23,57,173413,3592479,132898,3323908,180868,6916387,
All CA Counties,2021-03-04,311967,10474038,157883,5335417,154013,5138493,71,128,183402,3655042,127985,3451893,190548,7106935,
All CA Counties,2021-03-05,293208,10767246,144775,5480192,147385,5285878,1048,1176,182462,3735844,110081,3561974,190883,7297818,
All CA Counties,2021-03-06,226201,10993447,117398,5597590,101408,5387286,7395,8571,141901,3806052,83976,3645950,154184,7452002,
All CA Counties,2021-03-07,119478,11112925,73519,5671109,42061,5429347,3898,12469,76055,3846554,43283,3689233,83785,7535787,
All CA Counties,2021-03-08,202557,11315482,98481,5769590,94770,5524117,9306,21775,132056,3922715,70239,3759472,146400,7682187,
All CA Counties,2021-03-09,251576,11567058,108502,5878092,127884,5652001,15190,36965,137716,3966372,113509,3872981,157166,7839353,
All CA Counties,2021-03-10,292445,11859503,145112,6023204,125936,5777937,21397,58362,157639,4015495,134314,4007295,183437,8022790,
All CA Counties,2021-03-11,343679,12203182,164147,6187351,150727,5928664,28805,87167,176713,4059361,166272,4173567,210138,8232928,
All CA Counties,2021-03-12,340464,12543646,152495,6339846,148158,6076822,39811,126978,165248,4094157,174655,4348222,209451,8442379,
All CA Counties,2021-03-13,238633,12782279,108650,6448496,102318,6179140,27665,154643,127632,4143394,110687,4458909,159924,8602303,
All CA Counties,2021-03-14,132959,12915238,74873,6523369,43805,6222945,14281,168924,72741,4172749,60026,4518935,89381,8691684,
All CA Counties,2021-03-15,281359,13196597,133998,6657367,127438,6350383,19923,188847,154879,4225259,125923,4644858,178433,8870117,
All CA Counties,2021-03-16,356637,13553234,169460,6826827,170466,6520849,16711,205558,210173,4309667,145835,4790693,230243,9100360,
All CA Counties,2021-03-17,359211,13912445,181113,7007940,161115,6681964,16983,222541,222159,4415199,136441,4927134,241973,9342333,
All CA Counties,2021-03-18,330313,14242758,170706,7178646,144116,6826080,15491,238032,196746,4496939,132781,5059915,214521,9556854,
All CA Counties,2021-03-19,340071,14582829,180443,7359089,142092,6968172,17536,255568,199625,4576354,139756,5199671,219171,9776025,
All CA Counties,2021-03-20,220773,14803602,110614,7469703,98443,7066615,11716,267284,146225,4661647,74108,5273779,159401,9935426,
All CA Counties,2021-03-21,137838,14941440,94440,7564143,36132,7102747,7266,274550,90246,4713305,47377,5321156,99035,10034461,
All CA Counties,2021-03-22,264418,15205858,154331,7718474,99453,7202200,10634,285184,176883,4817208,86980,5408136,190883,10225344,
All CA Counties,2021-03-23,344146,15550004,189881,7908355,144238,7346438,10027,295211,225756,4938476,117645,5525781,238913,10464257,
All CA Counties,2021-03-24,372507,15922511,214322,8122677,146731,7493169,11454,306665,224219,5030951,147404,5673185,239879,10704136,
All CA Counties,2021-03-25,396258,16318769,217759,8340436,165627,7658796,12872,319537,231466,5118478,163778,5836963,251305,10955441,
All CA Counties,2021-03-26,415250,16734019,221060,8561496,178987,7837783,15203,334740,232234,5193866,182080,6019043,257468,11212909,
All CA Counties,2021-03-27,294975,17028994,154944,8716440,129096,7966879,10935,345675,151312,5220205,143042,6162085,169381,11382290,
All CA Counties,2021-03-28,162097,17191091,103618,8820058,54966,8021845,3513,349188,89044,5242467,72808,6234893,95070,11477360,
All CA Counties,2021-03-29,293911,17485002,158255,8978313,127661,8149506,7995,357183,170516,5302262,122820,6357713,182615,11659975,
All CA Counties,2021-03-30,374194,17859196,191479,9169792,167862,8317368,14853,372036,235056,5417550,138602,6496315,253890,11913865,
All CA Counties,2021-03-31,397221,18256417,217032,9386824,160633,8478001,19556,391592,235369,5517289,161121,6657436,260860,12174725,
All CA Counties,2021-04-01,437855,18694272,227264,9614088,177273,8655274,33318,424910,251987,5627959,185136,6842572,295806,12470531,
All CA Counties,2021-04-02,408345,19102617,201725,9815813,171157,8826431,35463,460373,231899,5732581,175611,7018183,280233,12750764,
All CA Counties,2021-04-03,192230,19294847,102005,9917818,62107,8888538,28118,488491,92680,5761039,99265,7117448,127723,12878487,
All CA and Non-CA Counties,2020-12-15,1134,1134,1134,1134,0,0,0,0,1134,1134,0,0,1134,1134,
All CA and Non-CA Counties,2020-12-16,8364,9498,8364,9498,0,0,0,0,8364,9498,0,0,8364,9498,
All CA and Non-CA Counties,2020-12-17,27411,36909,27411,36909,0,0,0,0,27411,36909,0,0,27411,36909,
All CA and Non-CA Counties,2020-12-18,46384,83293,46302,83211,82,82,0,0,46383,83291,1,1,46383,83292,
All CA and Non-CA Counties,2020-12-19,26380,109673,26359,109570,21,103,0,0,26378,109667,2,3,26378,109670,
All CA and Non-CA Counties,2020-12-20,19590,129263,19562,129132,28,131,0,0,19589,129255,1,4,19589,129259,
All CA and Non-CA Counties,2020-12-21,51657,180920,51574,180706,83,214,0,0,51654,180907,2,6,51654,180913,
All CA and Non-CA Counties,2020-12-22,51845,232765,49672,230378,2173,2387,0,0,51845,232752,0,6,51845,232758,
All CA and Non-CA Counties,2020-12-23,51547,284312,42751,273129,8796,11183,0,0,51543,284295,0,6,51543,284301,
All CA and Non-CA Counties,2020-12-24,24757,309069,16891,290020,7866,19049,0,0,24753,309046,2,8,24753,309054,
All CA and Non-CA Counties,2020-12-25,2336,311405,2013,292033,323,19372,0,0,2335,311380,1,9,2335,311389,
All CA and Non-CA Counties,2020-12-26,14873,326278,9601,301634,5272,24644,0,0,14871,326250,1,10,14871,326260,
All CA and Non-CA Counties,2020-12-27,9513,335791,5610,307244,3903,28547,0,0,9512,335761,1,11,9512,335772,
All CA and Non-CA Counties,2020-12-28,46886,382677,30034,337278,16852,45399,0,0,46883,382642,2,13,46883,382655,
All CA and Non-CA Counties,2020-12-29,52314,434991,29391,366669,22923,68322,0,0,52310,434949,3,16,52310,434965,
All CA and Non-CA Counties,2020-12-30,64585,499576,36750,403419,27835,96157,0,0,64579,499526,2,18,64579,499544,
All CA and Non-CA Counties,2020-12-31,30128,529704,11304,414723,18824,114981,0,0,30121,529643,4,22,30121,529665,
All CA and Non-CA Counties,2021-01-01,3746,533450,1617,416340,2129,117110,0,0,3743,533385,1,23,3743,533408,
All CA and Non-CA Counties,2021-01-02,18558,552008,10288,426628,8270,125380,0,0,18556,551940,1,24,18556,551964,
All CA and Non-CA Counties,2021-01-03,6247,558255,3534,430162,2713,128093,0,0,6221,558149,12,36,6221,558185,
All CA and Non-CA Counties,2021-01-04,44277,602532,22324,452486,21953,150046,0,0,44189,602289,49,85,44189,602374,
All CA and Non-CA Counties,2021-01-05,57448,659980,30299,482785,27149,177195,0,0,51884,648708,5496,5581,51915,654289,
All CA and Non-CA Counties,2021-01-06,75250,735230,41822,524607,33428,210623,0,0,59274,692216,15797,21378,59305,713594,
All CA and Non-CA Counties,2021-01-07,95329,830559,54387,578994,40942,251565,0,0,63354,723828,31821,53199,63433,777027,
All CA and Non-CA Counties,2021-01-08,110260,940819,66728,645722,43532,295097,0,0,67432,748651,42689,95888,67512,844539,
All CA and Non-CA Counties,2021-01-09,44851,985670,25582,671304,19269,314366,0,0,28461,760775,16368,112256,28492,873031,
All CA and Non-CA Counties,2021-01-10,24287,1009957,14825,686129,9462,323828,0,0,13079,762680,11192,123448,13097,886128,
All CA and Non-CA Counties,2021-01-11,106275,1116232,70303,756432,35972,359800,0,0,61968,780449,44273,167721,62042,948170,
All CA and Non-CA Counties,2021-01-12,115790,1232022,68423,824855,47367,407167,0,0,73535,811964,42180,209901,73695,1021865,
All CA and Non-CA Counties,2021-01-13,121685,1353707,62959,887814,58726,465893,0,0,87056,864568,34547,244448,87151,1109016,
All CA and Non-CA Counties,2021-01-14,126080,1479787,50300,938114,75780,541673,0,0,106123,950977,19846,264294,106255,1215271,
All CA and Non-CA Counties,2021-01-15,145287,1625074,53309,991423,91978,633651,0,0,129594,1065161,15585,279879,129769,1345040,
All CA and Non-CA Counties,2021-01-16,83244,1708318,27911,1019334,55333,688984,0,0,75418,1132819,7801,287680,75459,1420499,
All CA and Non-CA Counties,2021-01-17,48496,1756814,16850,1036184,31646,720630,0,0,44840,1174043,3649,291329,44873,1465372,
All CA and Non-CA Counties,2021-01-18,88863,1845677,46464,1082648,42399,763029,0,0,69147,1223679,19641,310970,69277,1534649,
All CA and Non-CA Counties,2021-01-19,144452,1990129,74356,1157004,70096,833125,0,0,112707,1305070,31657,342627,113048,1647697,
All CA and Non-CA Counties,2021-01-20,161834,2151963,81207,1238211,80627,913752,0,0,128022,1399670,33644,376271,128244,1775941,
All CA and Non-CA Counties,2021-01-21,175407,2327370,76986,1315197,98421,1012173,0,0,156115,1536997,19080,395351,156407,1932348,
All CA and Non-CA Counties,2021-01-22,172822,2500192,69803,1385000,103019,1115192,0,0,158123,1680674,14572,409923,158249,2090597,
All CA and Non-CA Counties,2021-01-23,112910,2613102,49568,1434568,63342,1178534,0,0,100342,1768584,12512,422435,100422,2191019,
All CA and Non-CA Counties,2021-01-24,61407,2674509,29625,1464193,31782,1210316,0,0,56670,1820579,4711,427146,56706,2247725,
All CA and Non-CA Counties,2021-01-25,147409,2821918,66403,1530596,81006,1291322,0,0,112213,1898137,35104,462250,112662,2360387,
All CA and Non-CA Counties,2021-01-26,172469,2994387,84866,1615462,87603,1378925,0,0,134745,1995562,37602,499852,135027,2495414,
All CA and Non-CA Counties,2021-01-27,182490,3176877,89664,1705126,92826,1471751,0,0,143451,2100476,38676,538528,143590,2639004,
All CA and Non-CA Counties,2021-01-28,190666,3367543,88178,1793304,102488,1574239,0,0,156632,2223520,33753,572281,156797,2795801,
All CA and Non-CA Counties,2021-01-29,186149,3553692,90156,1883460,95993,1670232,0,0,151475,2341009,34125,606406,151614,2947415,
All CA and Non-CA Counties,2021-01-30,125814,3679506,56496,1939956,69318,1739550,0,0,111460,2438391,14213,620619,111595,3059010,
All CA and Non-CA Counties,2021-01-31,73136,3752642,42619,1982575,30517,1770067,0,0,67059,2499494,6006,626625,67109,3126119,
All CA and Non-CA Counties,2021-02-01,162642,3915284,74831,2057406,87811,1857878,0,0,124114,2585443,38390,665015,124339,3250458,
All CA and Non-CA Counties,2021-02-02,190617,4105901,81161,2138567,109456,1967334,0,0,144482,2684334,45863,710878,144754,3395212,
All CA and Non-CA Counties,2021-02-03,216155,4322056,96555,2235122,119600,2086934,0,0,162095,2793058,53595,764473,162319,3557531,
All CA and Non-CA Counties,2021-02-04,232926,4554982,101623,2336745,131303,2218237,0,0,171918,2904816,60471,824944,172229,3729760,
All CA and Non-CA Counties,2021-02-05,250692,4805674,107895,2444640,142797,2361034,0,0,171832,2999081,78117,903061,172382,3902142,
All CA and Non-CA Counties,2021-02-06,158277,4963951,76558,2521198,81719,2442753,0,0,123455,3088341,34654,937715,123914,4026056,
All CA and Non-CA Counties,2021-02-07,68423,5032374,44624,2565822,23799,2466552,0,0,52057,3124576,16286,954001,52521,4078577,
All CA and Non-CA Counties,2021-02-08,184536,5216910,91351,2657173,93185,2559737,0,0,122758,3186686,61356,1015357,123466,4202043,
All CA and Non-CA Counties,2021-02-09,213212,5430122,103128,2760301,110084,2669821,0,0,128478,3231900,84394,1099751,129608,4331651,
All CA and Non-CA Counties,2021-02-10,251584,5681706,121034,2881335,130550,2800371,0,0,140573,3263678,110251,1210002,142029,4473680,
All CA and Non-CA Counties,2021-02-11,264717,5946423,130943,3012278,133774,2934145,0,0,146080,3293921,117644,1327646,147887,4621567,
All CA and Non-CA Counties,2021-02-12,273950,6220373,119531,3131809,154419,3088564,0,0,148624,3320231,124637,1452283,150947,4772514,
All CA and Non-CA Counties,2021-02-13,167169,6387542,76491,3208300,90678,3179242,0,0,92787,3340999,73991,1526274,94759,4867273,
All CA and Non-CA Counties,2021-02-14,95555,6483097,47110,3255410,48445,3227687,0,0,52076,3351366,43345,1569619,53712,4920985,
All CA and Non-CA Counties,2021-02-15,142524,6625621,63163,3318573,79361,3307048,0,0,78699,3369727,63496,1633115,81857,5002842,
All CA and Non-CA Counties,2021-02-16,251576,6877197,119547,3438120,132029,3439077,0,0,134186,3390106,117066,1750181,137445,5140287,
All CA and Non-CA Counties,2021-02-17,260030,7137227,129400,3567520,130630,3569707,0,0,129060,3391951,130517,1880698,132362,5272649,
All CA and Non-CA Counties,2021-02-18,273721,7410948,143063,3710583,130658,3700365,0,0,131929,3387042,141141,2021839,136232,5408881,
All CA and Non-CA Counties,2021-02-19,253952,7664900,148133,3858716,105819,3806184,0,0,131429,3398702,122118,2143957,133778,5542659,
All CA and Non-CA Counties,2021-02-20,152486,7817386,98609,3957325,53877,3860061,0,0,83720,3415908,68560,2212517,85766,5628425,
All CA and Non-CA Counties,2021-02-21,70079,7887465,56267,4013592,13812,3873873,0,0,34856,3417086,35064,2247581,36242,5664667,
All CA and Non-CA Counties,2021-02-22,163627,8051092,109828,4123420,53799,3927672,0,0,82979,3421458,80380,2327961,84752,5749419,
All CA and Non-CA Counties,2021-02-23,223983,8275075,118184,4241604,105799,4033471,0,0,104422,3412881,119089,2447050,110512,5859931,
All CA and Non-CA Counties,2021-02-24,283960,8559035,143394,4384998,140566,4174037,0,0,136128,3409469,147323,2594373,143911,6003842,
All CA and Non-CA Counties,2021-02-25,317993,8877028,156052,4541050,161941,4335978,0,0,166232,3433391,151146,2745519,175068,6178910,
All CA and Non-CA Counties,2021-02-26,351851,9228879,164864,4705914,186987,4522965,0,0,196017,3481982,154978,2900497,203569,6382479,
All CA and Non-CA Counties,2021-02-27,248370,9477249,118343,4824257,130020,4652985,7,7,139297,3517383,108568,3009065,143969,6526448,
All CA and Non-CA Counties,2021-02-28,130623,9607872,78271,4902528,52351,4705336,1,8,76937,3543883,53408,3062473,79908,6606356,
All CA and Non-CA Counties,2021-03-01,237034,9844906,126109,5028637,110908,4816244,17,25,136010,3583580,100496,3162969,140193,6746549,
All CA and Non-CA Counties,2021-03-02,267903,10112809,129997,5158634,137896,4954140,10,35,160459,3644288,107025,3269994,167733,6914282,
All CA and Non-CA Counties,2021-03-03,313827,10426636,154369,5313003,159434,5113574,24,59,175296,3689091,137958,3407952,182761,7097043,
All CA and Non-CA Counties,2021-03-04,318249,10744885,160379,5473382,157798,5271372,72,131,185473,3749547,132184,3540136,192640,7289683,
All CA and Non-CA Counties,2021-03-05,297714,11042599,146718,5620100,149932,5421304,1064,1195,184807,3830544,112261,3652397,193258,7482941,
All CA and Non-CA Counties,2021-03-06,230516,11273115,119221,5739321,103728,5525032,7567,8762,144064,3901020,86123,3738520,156599,7639540,
All CA and Non-CA Counties,2021-03-07,121156,11394271,74580,5813901,42612,5567644,3964,12726,77093,3942011,43923,3782443,84914,7724454,
All CA and Non-CA Counties,2021-03-08,205504,11599775,100215,5914116,95723,5663367,9566,22292,134201,4019806,71011,3853454,148806,7873260,
All CA and Non-CA Counties,2021-03-09,255460,11855235,110191,6024307,129739,5793106,15530,37822,139899,4064311,115206,3968660,159711,8032971,
All CA and Non-CA Counties,2021-03-10,296392,12151627,146821,6171128,127642,5920748,21929,59751,159929,4114665,135960,4104620,186314,8219285,
All CA and Non-CA Counties,2021-03-11,349442,12501069,166889,6338017,152985,6073733,29568,89319,179708,4159559,169044,4273664,213938,8433223,
All CA and Non-CA Counties,2021-03-12,345755,12846824,155298,6493315,149845,6223578,40612,129931,168134,4195741,177056,4450720,213238,8646461,
All CA and Non-CA Counties,2021-03-13,241836,13088660,110413,6603728,103170,6326748,28253,158184,129703,4246516,111813,4562533,162588,8809049,
All CA and Non-CA Counties,2021-03-14,134842,13223502,75897,6679625,44292,6371040,14653,172837,73927,4276742,60723,4623256,90949,8899998,
All CA and Non-CA Counties,2021-03-15,285302,13508804,135784,6815409,129161,6500201,20357,193194,157369,4330784,127369,4750625,181411,9081409,
All CA and Non-CA Counties,2021-03-16,363484,13872288,172846,6988255,173521,6673722,17117,210311,214306,4417063,148546,4899171,234825,9316234,
All CA and Non-CA Counties,2021-03-17,366305,14238593,184941,7173196,163953,6837675,17411,227722,226591,4524815,139099,5038270,246851,9563085,
All CA and Non-CA Counties,2021-03-18,336941,14575534,174265,7347461,146651,6984326,16025,243747,200954,4608940,135191,5173461,219316,9782401,
All CA and Non-CA Counties,2021-03-19,346147,14921681,183822,7531283,144248,7128574,18077,261824,203518,4690697,141933,5315394,223690,10006091,
All CA and Non-CA Counties,2021-03-20,224276,15145957,112851,7644134,99606,7228180,11819,273643,149125,4778402,74702,5390096,162407,10168498,
All CA and Non-CA Counties,2021-03-21,139842,15285799,95798,7739932,36667,7264847,7377,281020,91812,4831303,47814,5437910,100715,10269213,
All CA and Non-CA Counties,2021-03-22,267786,15553585,156220,7896152,100814,7365661,10752,291772,179194,4936588,88032,5525942,193317,10462530,
All CA and Non-CA Counties,2021-03-23,350531,15904116,193070,8089222,147169,7512830,10292,302064,230353,5060947,119421,5645363,243780,10706310,
All CA and Non-CA Counties,2021-03-24,379820,16283936,217866,8307088,150057,7662887,11897,313961,229864,5157861,149059,5794422,245973,10952283,
All CA and Non-CA Counties,2021-03-25,404506,16688442,221337,8528425,169747,7832634,13422,327383,237766,5250322,165712,5960134,258173,11210456,
All CA and Non-CA Counties,2021-03-26,422174,17110616,224670,8753095,182091,8014725,15413,342796,237177,5328933,184041,6144175,262652,11473108,
All CA and Non-CA Counties,2021-03-27,299830,17410446,157743,8910838,131082,8145807,11005,353801,154704,5357310,144497,6288672,172874,11645982,
All CA and Non-CA Counties,2021-03-28,165012,17575458,105151,9015989,56272,8202079,3589,357390,90999,5380662,73760,6362432,97112,11743094,
All CA and Non-CA Counties,2021-03-29,298958,17874416,160551,9176540,130128,8332207,8279,365669,173783,5442260,124596,6487028,186194,11929288,
All CA and Non-CA Counties,2021-03-30,381186,18255602,195003,9371543,170699,8502906,15484,381153,239568,5560434,141064,6628092,259238,12188526,
All CA and Non-CA Counties,2021-03-31,403674,18659276,220707,9592250,162594,8665500,20373,401526,239298,5662487,163637,6791729,265690,12454216,
All CA and Non-CA Counties,2021-04-01,445017,19104293,231396,9823646,179701,8845201,33920,435446,256351,5775583,187924,6979653,301020,12755236,
All CA and Non-CA Counties,2021-04-02,416696,19520989,206366,10030012,173957,9019158,36373,471819,236672,5882665,179178,7158831,286260,13041496,
All CA and Non-CA Counties,2021-04-03,196662,19717651,104768,10134780,62832,9081990,29062,500881,94865,5912291,101506,7260337,131132,13172628,
Outside California,2020-12-15,7,7,7,7,0,0,0,0,7,7,0,0,7,7,Not in California
Outside California,2020-12-16,133,140,133,140,0,0,0,0,133,140,0,0,133,140,Not in California
Outside California,2020-12-17,1532,1672,1532,1672,0,0,0,0,1532,1672,0,0,1532,1672,Not in California
Outside California,2020-12-18,2398,4070,2394,4066,4,4,0,0,2397,4069,0,0,2397,4069,Not in California
Outside California,2020-12-19,1006,5076,1005,5071,1,5,0,0,1006,5075,0,0,1006,5075,Not in California
Outside California,2020-12-20,650,5726,649,5720,1,6,0,0,650,5725,0,0,650,5725,Not in California
Outside California,2020-12-21,2096,7822,2096,7816,0,6,0,0,2095,7820,0,0,2095,7820,Not in California
Outside California,2020-12-22,1958,9780,1925,9741,33,39,0,0,1958,9778,0,0,1958,9778,Not in California
Outside California,2020-12-23,1426,11206,1313,11054,113,152,0,0,1426,11204,0,0,1426,11204,Not in California
Outside California,2020-12-24,809,12015,615,11669,194,346,0,0,809,12013,0,0,809,12013,Not in California
Outside California,2020-12-25,33,12048,29,11698,4,350,0,0,33,12046,0,0,33,12046,Not in California
Outside California,2020-12-26,309,12357,204,11902,105,455,0,0,309,12355,0,0,309,12355,Not in California
Outside California,2020-12-27,190,12547,72,11974,118,573,0,0,190,12545,0,0,190,12545,Not in California
Outside California,2020-12-28,1400,13947,883,12857,517,1090,0,0,1400,13945,0,0,1400,13945,Not in California
Outside California,2020-12-29,1462,15409,938,13795,524,1614,0,0,1462,15407,0,0,1462,15407,Not in California
Outside California,2020-12-30,1858,17267,1197,14992,661,2275,0,0,1859,17266,0,0,1859,17266,Not in California
Outside California,2020-12-31,1069,18336,590,15582,479,2754,0,0,1070,18336,0,0,1070,18336,Not in California
Outside California,2021-01-01,106,18442,21,15603,85,2839,0,0,106,18442,0,0,106,18442,Not in California
Outside California,2021-01-02,241,18683,136,15739,105,2944,0,0,240,18681,1,1,240,18682,Not in California
Outside California,2021-01-03,177,18860,97,15836,80,3024,0,0,177,18858,0,1,177,18859,Not in California
Outside California,2021-01-04,1128,19988,504,16340,624,3648,0,0,1122,19979,1,2,1122,19981,Not in California
Outside California,2021-01-05,1450,21438,761,17101,689,4337,0,0,1312,21155,136,138,1312,21293,Not in California
Outside California,2021-01-06,2572,24010,1534,18635,1038,5375,0,0,1896,22369,683,821,1897,23190,Not in California
Outside California,2021-01-07,4102,28112,2521,21156,1581,6956,0,0,2463,23204,1638,2459,2473,25663,Not in California
Outside California,2021-01-08,4289,32401,2710,23866,1579,8535,0,0,2542,24017,1737,4196,2550,28213,Not in California
Outside California,2021-01-09,1341,33742,542,24408,799,9334,0,0,1011,24702,328,4524,1013,29226,Not in California
Outside California,2021-01-10,294,34036,179,24587,115,9449,0,0,173,24754,121,4645,173,29399,Not in California
Outside California,2021-01-11,3266,37302,1955,26542,1311,10760,0,0,1949,25386,1318,5963,1950,31349,Not in California
Outside California,2021-01-12,3816,41118,2268,28810,1548,12308,0,0,2327,26231,1484,7447,2329,33678,Not in California
Outside California,2021-01-13,3568,44686,1751,30561,1817,14125,0,0,2444,27551,1129,8576,2449,36127,Not in California
Outside California,2021-01-14,3723,48409,1242,31803,2481,16606,0,0,3110,30055,611,9187,3115,39242,Not in California
Outside California,2021-01-15,4096,52505,935,32738,3161,19767,0,0,3651,33270,442,9629,3657,42899,Not in California
Outside California,2021-01-16,2570,55075,343,33081,2227,21994,0,0,2409,35521,158,9787,2409,45308,Not in California
Outside California,2021-01-17,454,55529,143,33224,311,22305,0,0,398,35864,55,9842,398,45706,Not in California
Outside California,2021-01-18,1117,56646,750,33974,367,22672,0,0,645,36039,471,10313,646,46352,Not in California
Outside California,2021-01-19,3994,60640,1288,35262,2706,25378,0,0,3150,38346,844,11157,3151,49503,Not in California
Outside California,2021-01-20,4340,64980,1331,36593,3009,28387,0,0,3473,40957,864,12021,3475,52978,Not in California
Outside California,2021-01-21,4005,68985,978,37571,3027,31414,0,0,3486,43942,504,12525,3489,56467,Not in California
Outside California,2021-01-22,4559,73544,1007,38578,3552,34966,0,0,4155,47700,399,12924,4157,60624,Not in California
Outside California,2021-01-23,2245,75789,325,38903,1920,36886,0,0,2076,49608,168,13092,2076,62700,Not in California
Outside California,2021-01-24,711,76500,339,39242,372,37258,0,0,628,50153,83,13175,628,63328,Not in California
Outside California,2021-01-25,4438,80938,1939,41181,2499,39757,0,0,3606,52921,845,14020,3613,66941,Not in California
Outside California,2021-01-26,6152,87090,3162,44343,2990,42747,0,0,5352,57465,819,14839,5363,72304,Not in California
Outside California,2021-01-27,4999,92089,2971,47314,2028,44775,0,0,4456,61359,564,15403,4458,76762,Not in California
Outside California,2021-01-28,5112,97201,2969,50283,2143,46918,0,0,4681,65593,447,15850,4681,81443,Not in California
Outside California,2021-01-29,4604,101805,2943,53226,1661,48579,0,0,3899,68783,709,16559,3899,85342,Not in California
Outside California,2021-01-30,4180,105985,2504,55730,1676,50255,0,0,3966,72534,215,16774,3966,89308,Not in California
Outside California,2021-01-31,3444,109429,3157,58887,287,50542,0,0,3366,75826,77,16851,3369,92677,Not in California
Outside California,2021-02-01,5809,115238,2921,61808,2888,53430,0,0,5168,80357,639,17490,5170,97847,Not in California
Outside California,2021-02-02,7277,122515,2726,64534,4551,57981,0,0,6575,86244,692,18182,6579,104426,Not in California
Outside California,2021-02-03,7888,130403,2790,67324,5098,63079,0,0,7084,92538,792,18974,7086,111512,Not in California
Outside California,2021-02-04,7165,137568,2723,70047,4442,67521,0,0,6230,97851,920,19894,6233,117745,Not in California
Outside California,2021-02-05,6581,144149,2161,72208,4420,71941,0,0,5593,102453,991,20885,5593,123338,Not in California
Outside California,2021-02-06,4483,148632,2335,74543,2148,74089,0,0,4056,106093,418,21303,4058,127396,Not in California
Outside California,2021-02-07,2860,151492,2409,76952,451,74540,0,0,2784,108804,76,21379,2787,130183,Not in California
Outside California,2021-02-08,5801,157293,3760,80712,2041,76581,0,0,4730,112484,1053,22432,4733,134916,Not in California
Outside California,2021-02-09,4762,162055,2288,83000,2474,79055,0,0,3459,114669,1288,23720,3473,138389,Not in California
Outside California,2021-02-10,5896,167951,2183,85183,3713,82768,0,0,3555,115940,2333,26053,3604,141993,Not in California
Outside California,2021-02-11,4787,172738,2072,87255,2715,85483,0,0,3635,118451,1143,27196,3654,145647,Not in California
Outside California,2021-02-12,4602,177340,1603,88858,2999,88482,0,0,2971,119808,1622,28818,2979,148626,Not in California
Outside California,2021-02-13,2280,179620,628,89486,1652,90134,0,0,1820,121188,451,29269,1831,150457,Not in California
Outside California,2021-02-14,1460,181080,464,89950,996,91130,0,0,1181,122130,275,29544,1217,151674,Not in California
Outside California,2021-02-15,2510,183590,1555,91505,955,92085,0,0,1155,121985,1338,30882,1193,152867,Not in California
Outside California,2021-02-16,6304,189894,2851,94356,3453,95538,0,0,2513,120729,3784,34666,2528,155395,Not in California
Outside California,2021-02-17,5781,195675,2859,97215,2922,98460,0,0,1749,118460,4024,38690,1755,157150,Not in California
Outside California,2021-02-18,6102,201777,3566,100781,2536,100996,0,0,1861,116100,4228,42918,1868,159018,Not in California
Outside California,2021-02-19,5163,206940,3539,104320,1624,102620,0,0,1942,114828,3218,46136,1946,160964,Not in California
Outside California,2021-02-20,3204,210144,2689,107009,515,103135,0,0,1155,113938,2047,48183,1157,162121,Not in California
Outside California,2021-02-21,1794,211938,1584,108593,210,103345,0,0,607,113361,1184,49367,607,162728,Not in California
Outside California,2021-02-22,2735,214673,1916,110509,819,104164,0,0,982,112597,1753,51120,989,163717,Not in California
Outside California,2021-02-23,5063,219736,2514,113023,2549,106713,0,0,1573,110694,3486,54606,1583,165300,Not in California
Outside California,2021-02-24,5325,225061,2640,115663,2685,109398,0,0,1571,108523,3748,58354,1577,166877,Not in California
Outside California,2021-02-25,5823,230884,2541,118204,3282,112680,0,0,2145,107019,3658,62012,2154,169031,Not in California
Outside California,2021-02-26,6089,236973,3069,121273,3020,115700,0,0,2553,106121,3456,65468,2558,171589,Not in California
Outside California,2021-02-27,4591,241564,2303,123576,2287,117987,1,1,1285,104119,3291,68759,1289,172878,Not in California
Outside California,2021-02-28,2695,244259,2061,125637,634,118621,0,1,1067,103562,1626,70385,1069,173947,Not in California
Outside California,2021-03-01,4599,248858,3051,128688,1548,120169,0,1,1232,101449,3357,73742,1244,175191,Not in California
Outside California,2021-03-02,6128,254986,2063,130751,4065,124234,0,1,1799,99006,4333,78075,1890,177081,Not in California
Outside California,2021-03-03,6907,261893,2324,133075,4582,128816,1,2,1856,95815,5057,83132,1866,178947,Not in California
Outside California,2021-03-04,6225,268118,2442,135517,3782,132598,1,3,2045,93714,4167,87299,2066,181013,Not in California
Outside California,2021-03-05,4327,272445,1881,137398,2430,135028,16,19,2163,93734,2173,89472,2193,183206,Not in California
Outside California,2021-03-06,4112,276557,1779,139177,2200,137228,133,152,2009,93857,2098,91570,2221,185427,Not in California
Outside California,2021-03-07,1605,278162,1030,140207,523,137751,52,204,982,94293,623,92193,1059,186486,Not in California
Outside California,2021-03-08,2721,280883,1637,141844,873,138624,211,415,1997,95808,695,92888,2210,188696,Not in California
Outside California,2021-03-09,3705,284588,1574,143418,1846,140470,285,700,2093,96600,1608,94496,2400,191096,Not in California
Outside California,2021-03-10,3772,288360,1591,145009,1702,142172,479,1179,2178,97725,1586,96082,2711,193807,Not in California
Outside California,2021-03-11,5610,293970,2666,147675,2246,144418,698,1877,2910,98676,2699,98781,3650,197457,Not in California
Outside California,2021-03-12,5172,299142,2737,150412,1664,146082,771,2648,2833,100045,2333,101114,3702,201159,Not in California
Outside California,2021-03-13,3097,302239,1732,152144,829,146911,536,3184,2027,101547,1066,102180,2568,203727,Not in California
Outside California,2021-03-14,1763,304002,964,153108,452,147363,347,3531,1104,102349,659,102839,1461,205188,Not in California
Outside California,2021-03-15,3679,307681,1633,154741,1632,148995,414,3945,2265,103674,1408,104247,2733,207921,Not in California
Outside California,2021-03-16,6537,314218,3188,157929,2947,151942,402,4347,3853,105291,2681,106928,4298,212219,Not in California
Outside California,2021-03-17,6843,321061,3673,161602,2745,154687,425,4772,4194,107283,2645,109573,4637,216856,Not in California
Outside California,2021-03-18,6450,327511,3482,165084,2436,157123,532,5304,4045,109517,2396,111969,4630,221486,Not in California
Outside California,2021-03-19,5926,333437,3293,168377,2093,159216,540,5844,3750,111721,2171,114140,4375,225861,Not in California
Outside California,2021-03-20,3351,336788,2161,170538,1087,160303,103,5947,2763,114010,580,114720,2869,228730,Not in California
Outside California,2021-03-21,1834,338622,1264,171802,471,160774,99,6046,1414,115107,419,115139,1516,230246,Not in California
Outside California,2021-03-22,3136,341758,1744,173546,1281,162055,111,6157,2104,116297,1027,116166,2217,232463,Not in California
Outside California,2021-03-23,6155,347913,3033,176579,2858,164913,264,6421,4379,119181,1764,117930,4648,237111,Not in California
Outside California,2021-03-24,7025,354938,3357,179936,3228,168141,440,6861,5378,123371,1634,119564,5824,242935,Not in California
Outside California,2021-03-25,7943,362881,3396,183332,4004,172145,543,7404,6017,128036,1912,121476,6577,249512,Not in California
Outside California,2021-03-26,6598,369479,3416,186748,2978,175123,204,7608,4678,131048,1901,123377,4913,254425,Not in California
Outside California,2021-03-27,4578,374057,2655,189403,1856,176979,67,7675,3160,132894,1410,124787,3256,257681,Not in California
Outside California,2021-03-28,2595,376652,1338,190741,1186,178165,71,7746,1677,133742,911,125698,1759,259440,Not in California
Outside California,2021-03-29,4651,381303,2051,192792,2320,180485,280,8026,2940,135278,1707,127405,3243,262683,Not in California
Outside California,2021-03-30,6594,387897,3287,196079,2683,183168,624,8650,4191,137908,2385,129790,5015,267698,Not in California
Outside California,2021-03-31,5968,393865,3370,199449,1787,184955,811,9461,3527,139897,2433,132223,4422,272120,Not in California
Outside California,2021-04-01,6758,400623,3872,203321,2290,187245,596,10057,4021,142031,2727,134950,4861,276981,Not in California
Outside California,2021-04-02,7849,408472,4369,207690,2577,189822,903,10960,4403,144238,3436,138386,5643,282624,Not in California
Outside California,2021-04-03,4432,412904,2763,210453,725,190547,944,11904,2185,145406,2241,140627,3409,286033,Not in California
Unknown,2020-12-17,37,37,37,37,0,0,0,0,1,1,0,0,1,1,Not in California
Unknown,2020-12-18,52,89,52,89,0,0,0,0,2,3,0,0,2,3,Not in California
Unknown,2020-12-21,41,130,41,130,0,0,0,0,0,3,0,0,0,3,Not in California
Unknown,2020-12-26,1,131,1,131,0,0,0,0,1,4,0,0,1,4,Not in California
Unknown,2020-12-28,3,134,3,134,0,0,0,0,3,7,0,0,3,7,Not in California
Unknown,2020-12-29,3,137,3,137,0,0,0,0,3,10,0,0,3,10,Not in California
Unknown,2020-12-30,55,192,55,192,0,0,0,0,55,65,0,0,55,65,Not in California
Unknown,2020-12-31,2,194,0,192,2,2,0,0,0,65,0,0,0,65,Not in California
Unknown,2021-01-02,2,196,0,192,2,4,0,0,2,67,0,0,2,67,Not in California
Unknown,2021-01-03,1,197,0,192,1,5,0,0,1,68,0,0,1,68,Not in California
Unknown,2021-01-04,3,200,2,194,1,6,0,0,3,71,0,0,3,71,Not in California
Unknown,2021-01-05,4,204,0,194,4,10,0,0,5,76,0,0,5,76,Not in California
Unknown,2021-01-06,7,211,3,197,4,14,0,0,7,83,0,0,7,83,Not in California
Unknown,2021-01-07,70,281,68,265,2,16,0,0,70,153,0,0,70,153,Not in California
Unknown,2021-01-09,4,285,2,267,2,18,0,0,5,158,0,0,5,158,Not in California
Unknown,2021-01-10,1,286,0,267,1,19,0,0,1,159,0,0,1,159,Not in California
Unknown,2021-01-11,19,305,19,286,0,19,0,0,19,178,0,0,19,178,Not in California
Unknown,2021-01-12,9,314,8,294,1,20,0,0,8,186,1,1,9,187,Not in California
Unknown,2021-01-13,11,325,11,305,0,20,0,0,12,198,0,1,12,199,Not in California
Unknown,2021-01-14,2,327,2,307,0,20,0,0,2,200,0,1,2,201,Not in California
Unknown,2021-01-15,4,331,3,310,1,21,0,0,5,205,0,1,5,206,Not in California
Unknown,2021-01-16,8,339,8,318,0,21,0,0,7,211,1,2,7,213,Not in California
Unknown,2021-01-17,3,342,3,321,0,21,0,0,3,214,0,2,3,216,Not in California
Unknown,2021-01-18,58,400,58,379,0,21,0,0,56,268,2,4,56,272,Not in California
Unknown,2021-01-19,25,425,25,404,0,21,0,0,23,290,1,5,23,295,Not in California
Unknown,2021-01-20,80,505,80,484,0,21,0,0,28,266,52,57,28,323,Not in California
Unknown,2021-01-21,61,566,58,542,3,24,0,0,63,329,0,57,63,386,Not in California
Unknown,2021-01-22,43,609,37,579,6,30,0,0,42,371,0,57,42,428,Not in California
Unknown,2021-01-23,13,622,7,586,6,36,0,0,13,384,0,57,13,441,Not in California
Unknown,2021-01-24,2,624,2,588,0,36,0,0,3,387,0,57,3,444,Not in California
Unknown,2021-01-25,20,644,18,606,2,38,0,0,18,403,2,59,18,462,Not in California
Unknown,2021-01-26,96,740,96,702,0,38,0,0,98,501,1,60,99,561,Not in California
Unknown,2021-01-27,19,759,19,721,0,38,0,0,18,518,1,61,18,579,Not in California
Unknown,2021-01-28,166,925,163,884,3,41,0,0,111,569,60,121,111,690,Not in California
Unknown,2021-01-29,163,1088,162,1046,1,42,0,0,167,734,2,123,167,857,Not in California
Unknown,2021-01-30,13,1101,9,1055,4,46,0,0,15,747,2,125,15,872,Not in California
Unknown,2021-01-31,20,1121,19,1074,1,47,0,0,19,764,2,127,19,891,Not in California
Unknown,2021-02-01,37,1158,36,1110,1,48,0,0,22,769,17,144,22,913,Not in California
Unknown,2021-02-02,76,1234,74,1184,2,50,0,0,69,832,6,150,69,982,Not in California
Unknown,2021-02-03,54,1288,51,1235,3,53,0,0,43,863,12,162,43,1025,Not in California
Unknown,2021-02-04,70,1358,63,1298,7,60,0,0,67,923,7,169,67,1092,Not in California
Unknown,2021-02-05,15,1373,9,1307,6,66,0,0,14,931,6,175,14,1106,Not in California
Unknown,2021-02-06,18,1391,14,1321,4,70,0,0,15,940,6,181,15,1121,Not in California
Unknown,2021-02-07,13,1404,11,1332,2,72,0,0,9,945,4,185,9,1130,Not in California
Unknown,2021-02-08,60,1464,57,1389,3,75,0,0,20,922,43,228,20,1150,Not in California
Unknown,2021-02-09,21,1485,20,1409,1,76,0,0,5,911,16,244,5,1155,Not in California
Unknown,2021-02-10,40,1525,35,1444,5,81,0,0,14,899,26,270,14,1169,Not in California
Unknown,2021-02-11,100,1625,97,1541,3,84,0,0,50,897,52,322,50,1219,Not in California
Unknown,2021-02-12,50,1675,40,1581,10,94,0,0,21,884,34,356,21,1240,Not in California
Unknown,2021-02-13,12,1687,4,1585,8,102,0,0,15,898,1,357,15,1255,Not in California
Unknown,2021-02-14,8,1695,1,1586,7,109,0,0,6,903,1,358,6,1261,Not in California
Unknown,2021-02-15,46,1741,39,1625,7,116,0,0,34,925,12,370,34,1295,Not in California
Unknown,2021-02-16,124,1865,115,1740,9,125,0,0,44,888,81,451,44,1339,Not in California
Unknown,2021-02-17,13,1878,11,1751,2,127,0,0,8,891,5,456,8,1347,Not in California
Unknown,2021-02-18,118,1996,112,1863,6,133,0,0,24,822,93,549,24,1371,Not in California
Unknown,2021-02-19,216,2212,211,2074,5,138,0,0,67,737,152,701,67,1438,Not in California
Unknown,2021-02-20,17,2229,6,2080,11,149,0,0,11,744,4,705,11,1449,Not in California
Unknown,2021-02-21,20,2249,20,2100,0,149,0,0,10,741,13,718,10,1459,Not in California
Unknown,2021-02-22,10,2259,10,2110,0,149,0,0,8,746,3,721,8,1467,Not in California
Unknown,2021-02-23,71,2330,59,2169,12,161,0,0,21,716,51,772,21,1488,Not in California
Unknown,2021-02-24,56,2386,48,2217,8,169,0,0,26,709,33,805,26,1514,Not in California
Unknown,2021-02-25,83,2469,69,2286,14,183,0,0,31,688,52,857,31,1545,Not in California
Unknown,2021-02-26,44,2513,23,2309,21,204,0,0,33,708,13,870,33,1578,Not in California
Unknown,2021-02-27,26,2539,13,2322,13,217,0,0,21,721,8,878,21,1599,Not in California
Unknown,2021-02-28,40,2579,23,2345,17,234,0,0,32,748,6,884,33,1632,Not in California
Unknown,2021-03-01,53,2632,33,2378,20,254,0,0,34,763,19,903,34,1666,Not in California
Unknown,2021-03-02,21,2653,6,2384,15,269,0,0,15,772,6,909,15,1681,Not in California
Unknown,2021-03-03,19,2672,10,2394,9,278,0,0,27,796,3,912,27,1708,Not in California
Unknown,2021-03-04,57,2729,54,2448,3,281,0,0,26,790,32,944,26,1734,Not in California
Unknown,2021-03-05,179,2908,62,2510,117,398,0,0,182,965,7,951,182,1916,Not in California
Unknown,2021-03-06,203,3111,44,2554,120,518,39,39,154,1110,49,1000,194,2110,Not in California
Unknown,2021-03-07,73,3184,31,2585,28,546,14,53,56,1163,17,1017,70,2180,Not in California
Unknown,2021-03-08,226,3410,97,2682,80,626,49,102,148,1282,77,1094,196,2376,Not in California
Unknown,2021-03-09,179,3589,115,2797,9,635,55,157,90,1338,89,1183,145,2521,Not in California
Unknown,2021-03-10,175,3764,118,2915,4,639,53,210,112,1444,60,1243,166,2687,Not in California
Unknown,2021-03-11,153,3917,76,2991,12,651,65,275,85,1521,73,1316,150,2837,Not in California
Unknown,2021-03-12,119,4036,66,3057,23,674,30,305,53,1538,68,1384,85,2922,Not in California
Unknown,2021-03-13,106,4142,31,3088,23,697,52,357,44,1574,60,1444,96,3018,Not in California
Unknown,2021-03-14,120,4262,60,3148,35,732,25,382,82,1643,38,1482,107,3125,Not in California
Unknown,2021-03-15,264,4526,153,3301,91,823,20,402,225,1850,38,1520,245,3370,Not in California
Unknown,2021-03-16,310,4836,198,3499,108,931,4,406,280,2104,30,1550,284,3654,Not in California
Unknown,2021-03-17,251,5087,155,3654,93,1024,3,409,238,2332,13,1563,241,3895,Not in California
Unknown,2021-03-18,178,5265,77,3731,99,1123,2,411,163,2483,14,1577,165,4060,Not in California
Unknown,2021-03-19,150,5415,86,3817,63,1186,1,412,143,2621,6,1583,144,4204,Not in California
Unknown,2021-03-20,152,5567,76,3893,76,1262,0,412,137,2744,14,1597,137,4341,Not in California
Unknown,2021-03-21,170,5737,94,3987,64,1326,12,424,152,2890,18,1615,164,4505,Not in California
Unknown,2021-03-22,232,5969,145,4132,80,1406,7,431,207,3082,25,1640,217,4722,Not in California
Unknown,2021-03-23,230,6199,156,4288,73,1479,1,432,218,3289,12,1652,219,4941,Not in California
Unknown,2021-03-24,288,6487,187,4475,98,1577,3,435,267,3538,21,1673,270,5211,Not in California
Unknown,2021-03-25,305,6792,182,4657,116,1693,7,442,283,3807,22,1695,291,5502,Not in California
Unknown,2021-03-26,326,7118,194,4851,126,1819,6,448,265,4018,60,1755,271,5773,Not in California
Unknown,2021-03-27,277,7395,144,4995,130,1949,3,451,232,4210,45,1800,237,6010,Not in California
Unknown,2021-03-28,320,7715,195,5190,120,2069,5,456,278,4452,41,1841,283,6293,Not in California
Unknown,2021-03-29,396,8111,245,5435,147,2216,4,460,327,4719,69,1910,336,6629,Not in California
Unknown,2021-03-30,398,8509,237,5672,154,2370,7,467,321,4975,77,1987,333,6962,Not in California
Unknown,2021-03-31,485,8994,305,5977,174,2544,6,473,402,5300,83,2070,408,7370,Not in California
Unknown,2021-04-01,404,9398,260,6237,138,2682,6,479,343,5592,61,2131,353,7723,Not in California
Unknown,2021-04-02,502,9900,272,6509,223,2905,7,486,370,5845,131,2262,384,8107,Not in California
Alameda,2020-12-15,36,36,36,36,0,0,0,0,36,36,0,0,36,36,California
Alameda,2020-12-16,201,237,201,237,0,0,0,0,201,237,0,0,201,237,California
Alameda,2020-12-17,445,682,445,682,0,0,0,0,445,682,0,0,445,682,California
Alameda,2020-12-18,1793,2475,1792,2474,1,1,0,0,1793,2475,0,0,1793,2475,California
Alameda,2020-12-19,1462,3937,1462,3936,0,1,0,0,1463,3938,0,0,1463,3938,California
Alameda,2020-12-20,1180,5117,1179,5115,1,2,0,0,1179,5116,1,1,1179,5117,California
Alameda,2020-12-21,1847,6964,1846,6961,1,3,0,0,1846,6962,0,1,1846,6963,California
Alameda,2020-12-22,2086,9050,2035,8996,51,54,0,0,2086,9048,0,1,2086,9049,California
Alameda,2020-12-23,1896,10946,1640,10636,256,310,0,0,1896,10944,0,1,1896,10945,California
Alameda,2020-12-24,1215,12161,757,11393,458,768,0,0,1215,12159,0,1,1215,12160,California
Alameda,2020-12-25,160,12321,124,11517,36,804,0,0,160,12319,0,1,160,12320,California
Alameda,2020-12-26,854,13175,312,11829,542,1346,0,0,854,13173,0,1,854,13174,California
Alameda,2020-12-27,499,13674,256,12085,243,1589,0,0,499,13672,0,1,499,13673,California
Alameda,2020-12-28,1855,15529,929,13014,926,2515,0,0,1855,15527,0,1,1855,15528,California
Alameda,2020-12-29,2421,17950,1022,14036,1399,3914,0,0,2420,17947,0,1,2420,17948,California
Alameda,2020-12-30,3104,21054,1339,15375,1765,5679,0,0,3104,21051,0,1,3104,21052,California
Alameda,2020-12-31,1782,22836,437,15812,1345,7024,0,0,1782,22833,0,1,1782,22834,California
Alameda,2021-01-01,168,23004,69,15881,99,7123,0,0,168,23001,0,1,168,23002,California
Alameda,2021-01-02,714,23718,518,16399,196,7319,0,0,713,23714,0,1,713,23715,California
Alameda,2021-01-03,339,24057,218,16617,121,7440,0,0,336,24047,3,4,336,24051,California
Alameda,2021-01-04,1645,25702,942,17559,703,8143,0,0,1633,25669,11,15,1633,25684,California
Alameda,2021-01-05,2193,27895,1257,18816,936,9079,0,0,1955,27388,236,251,1955,27639,California
Alameda,2021-01-06,3246,31141,1782,20598,1464,10543,0,0,2416,28977,828,1079,2417,30056,California
Alameda,2021-01-07,3752,34893,2111,22709,1641,12184,0,0,2630,30501,1113,2192,2637,32693,California
Alameda,2021-01-08,4732,39625,2703,25412,2029,14213,0,0,3099,31975,1628,3820,3102,35795,California
Alameda,2021-01-09,2032,41657,1390,26802,642,14855,0,0,1174,32291,859,4679,1175,36970,California
Alameda,2021-01-10,1033,42690,815,27617,218,15073,0,0,421,32099,613,5292,421,37391,California
Alameda,2021-01-11,4473,47163,3339,30956,1134,16207,0,0,2788,33208,1685,6977,2794,40185,California
Alameda,2021-01-12,4753,51916,3188,34144,1565,17772,0,0,3390,35239,1363,8340,3394,43579,California
Alameda,2021-01-13,5005,56921,2647,36791,2358,20130,0,0,3830,37904,1171,9511,3836,47415,California
Alameda,2021-01-14,5589,62510,2724,39515,2865,22995,0,0,4717,41761,863,10374,4720,52135,California
Alameda,2021-01-15,5815,68325,2408,41923,3407,26402,0,0,5000,45957,808,11182,5004,57139,California
Alameda,2021-01-16,3120,71445,1477,43400,1643,28045,0,0,2815,48467,305,11487,2815,59954,California
Alameda,2021-01-17,1871,73316,1077,44477,794,28839,0,0,1665,49926,206,11693,1665,61619,California
Alameda,2021-01-18,3237,76553,2092,46569,1145,29984,0,0,2619,51936,614,12307,2624,64243,California
Alameda,2021-01-19,5512,82065,3338,49907,2174,32158,0,0,4322,55077,1188,13495,4329,68572,California
Alameda,2021-01-20,6595,88660,4025,53932,2570,34728,0,0,5304,59106,1279,14774,5308,73880,California
Alameda,2021-01-21,7681,96341,3378,57310,4303,39031,0,0,6869,65171,806,15580,6871,80751,California
Alameda,2021-01-22,6903,103244,2047,59357,4856,43887,0,0,5744,69765,1152,16732,5746,86497,California
Alameda,2021-01-23,3270,106514,941,60298,2329,46216,0,0,2718,71934,551,17283,2720,89217,California
Alameda,2021-01-24,2081,108595,678,60976,1403,47619,0,0,1786,73429,291,17574,1786,91003,California
Alameda,2021-01-25,5164,113759,1959,62935,3205,50824,0,0,3609,75495,1549,19123,3615,94618,California
Alameda,2021-01-26,7214,120973,2273,65208,4941,55765,0,0,5349,78989,1855,20978,5349,99967,California
Alameda,2021-01-27,6646,127619,2054,67262,4592,60357,0,0,4822,81997,1814,22792,4822,104789,California
Alameda,2021-01-28,7818,135437,2494,69756,5324,65681,0,0,5618,85434,2182,24974,5619,110408,California
Alameda,2021-01-29,7818,143255,3103,72859,4715,70396,0,0,6053,89733,1754,26728,6053,116461,California
Alameda,2021-01-30,3240,146495,1501,74360,1739,72135,0,0,2699,91895,538,27266,2700,119161,California
Alameda,2021-01-31,2138,148633,1196,75556,942,73077,0,0,1665,93104,457,27723,1666,120827,California
Alameda,2021-02-01,5920,154553,3333,78889,2587,75664,0,0,4299,95791,1614,29337,4301,125128,California
Alameda,2021-02-02,7421,161974,4224,83113,3197,78861,0,0,4647,97672,2766,32103,4647,129775,California
Alameda,2021-02-03,7056,169030,3732,86845,3324,82185,0,0,4386,99395,2666,34769,4389,134164,California
Alameda,2021-02-04,9456,178486,4125,90970,5331,87516,0,0,6431,102820,3009,37778,6434,140598,California
Alameda,2021-02-05,10310,188796,5380,96350,4930,92446,0,0,6453,105428,3849,41627,6457,147055,California
Alameda,2021-02-06,7004,195800,4431,100781,2573,95019,0,0,5887,110197,1119,42746,5888,152943,California
Alameda,2021-02-07,3576,199376,2889,103670,687,95706,0,0,2646,111917,927,43673,2647,155590,California
Alameda,2021-02-08,8077,207453,5771,109441,2306,98012,0,0,5544,114940,2522,46195,5545,161135,California
Alameda,2021-02-09,9681,217134,5847,115288,3834,101846,0,0,6046,117358,3629,49824,6047,167182,California
Alameda,2021-02-10,11420,228554,6771,122059,4649,106495,0,0,6612,119184,4792,54616,6618,173800,California
Alameda,2021-02-11,13816,242370,7878,129937,5938,112433,0,0,8373,122131,5430,60046,8377,182177,California
Alameda,2021-02-12,12454,254824,5664,135601,6790,119223,0,0,7707,125101,4738,64784,7708,189885,California
Alameda,2021-02-13,7786,262610,4048,139649,3738,122961,0,0,5835,128990,1949,66733,5838,195723,California
Alameda,2021-02-14,4030,266640,2541,142190,1489,124450,0,0,2871,130707,1156,67889,2873,198596,California
Alameda,2021-02-15,5682,272322,3213,145403,2469,126919,0,0,3689,132406,1991,69880,3690,202286,California
Alameda,2021-02-16,12454,284776,6909,152312,5545,132464,0,0,9286,138535,3160,73040,9289,211575,California
Alameda,2021-02-17,14050,298826,8302,160614,5748,138212,0,0,10448,145399,3585,76625,10449,222024,California
Alameda,2021-02-18,15746,314572,9983,170597,5763,143975,0,0,11447,152551,4296,80921,11448,233472,California
Alameda,2021-02-19,17442,332014,11331,181928,6111,150086,0,0,11597,158316,5832,86753,11597,245069,California
Alameda,2021-02-20,11751,343765,9507,191435,2244,152330,0,0,9057,164683,2692,89445,9059,254128,California
Alameda,2021-02-21,6118,349883,5189,196624,929,153259,0,0,3687,165946,2424,91869,3687,257815,California
Alameda,2021-02-22,10615,360498,7830,204454,2785,156044,0,0,6723,168802,3877,95746,6733,264548,California
Alameda,2021-02-23,12670,373168,7690,212144,4980,161024,0,0,7895,171935,4769,100515,7902,272450,California
Alameda,2021-02-24,14572,387740,8173,220317,6399,167423,0,0,9472,176334,5079,105594,9478,281928,California
Alameda,2021-02-25,15519,403259,9100,229417,6419,173842,0,0,9877,180608,5614,111208,9888,291816,California
Alameda,2021-02-26,17990,421249,10580,239997,7410,181252,0,0,11641,185948,6306,117514,11646,303462,California
Alameda,2021-02-27,14640,435889,10768,250765,3872,185124,0,0,9066,189466,5551,123065,9069,312531,California
Alameda,2021-02-28,9132,445021,7701,258466,1431,186555,0,0,6079,192513,3034,126099,6081,318612,California
Alameda,2021-03-01,13145,458166,9142,267608,4003,190558,0,0,8158,195724,4950,131049,8161,326773,California
Alameda,2021-03-02,13601,471767,9484,277092,4117,194675,0,0,8758,199665,4825,135874,8766,335539,California
Alameda,2021-03-03,13977,485744,9088,286180,4889,199564,0,0,9441,204596,4511,140385,9442,344981,California
Alameda,2021-03-04,15447,501191,9691,295871,5756,205320,0,0,9513,208222,5899,146284,9525,354506,California
Alameda,2021-03-05,13992,515183,8760,304631,5228,210548,4,4,9394,213065,4564,150848,9407,363913,California
Alameda,2021-03-06,13373,528556,9641,314272,3481,214029,251,255,8824,217640,4512,155360,9087,373000,California
Alameda,2021-03-07,9289,537845,8068,322340,1144,215173,77,332,6586,221623,2682,158042,6665,379665,California
Alameda,2021-03-08,11387,549232,7066,329406,4022,219195,299,631,8581,227753,2759,160801,8889,388554,California
Alameda,2021-03-09,11244,560476,6906,336312,3905,223100,433,1064,6255,229488,4959,165760,6694,395248,California
Alameda,2021-03-10,16194,576670,10983,347295,4673,227773,538,1602,7284,228419,8892,174652,7823,403071,California
Alameda,2021-03-11,18947,595617,10979,358274,6509,234282,1459,3061,6507,223975,12416,187068,7972,411043,California
Alameda,2021-03-12,18916,614533,11117,369391,6531,240813,1268,4329,6654,219661,12243,199311,7929,418972,California
Alameda,2021-03-13,13749,628282,8798,378189,4007,244820,944,5273,4554,215996,9164,208475,5499,424471,California
Alameda,2021-03-14,10161,638443,7623,385812,1761,246581,777,6050,4507,215634,5642,214117,5280,429751,California
Alameda,2021-03-15,14388,652831,9339,395151,4522,251103,527,6577,6492,214783,7868,221985,7017,436768,California
Alameda,2021-03-16,17258,670089,11124,406275,5587,256690,547,7124,7700,213531,9503,231488,8251,445019,California
Alameda,2021-03-17,17028,687117,9645,415920,6720,263410,663,7787,8003,213203,8999,240487,8671,453690,California
Alameda,2021-03-18,15841,702958,8673,424593,6368,269778,800,8587,7100,212391,8718,249205,7906,461596,California
Alameda,2021-03-19,16439,719397,9044,433637,6000,275778,1395,9982,6603,210598,9802,259007,8009,469605,California
Alameda,2021-03-20,10828,730225,7217,440854,2955,278733,656,10638,4675,209800,6132,265139,5334,474939,California
Alameda,2021-03-21,8779,739004,6802,447656,1441,280174,536,11174,3717,209001,5053,270192,4254,479193,California
Alameda,2021-03-22,15075,754079,10097,457753,3993,284167,985,12159,7412,209768,7643,277835,8410,487603,California
Alameda,2021-03-23,19039,773118,11516,469269,6737,290904,786,12945,10754,213086,8249,286084,11567,499170,California
Alameda,2021-03-24,18819,791937,11380,480649,6455,297359,984,13929,8652,212886,10115,296199,9915,509085,California
Alameda,2021-03-25,20127,812064,11206,491855,7646,305005,1275,15204,9620,214044,10454,306653,11612,520697,California
Alameda,2021-03-26,20666,832730,12301,504156,6857,311862,1508,16712,8994,213789,11634,318287,11379,532076,California
Alameda,2021-03-27,18024,850754,12180,516336,4899,316761,945,17657,7746,212659,10233,328520,9103,541179,California
Alameda,2021-03-28,10470,861224,8450,524786,1811,318572,209,17866,3878,210229,6580,335100,4150,545329,California
Alameda,2021-03-29,14713,875937,9332,534118,4432,323004,949,18815,6460,209507,8220,343320,7498,552827,California
Alameda,2021-03-30,18522,894459,9768,543886,7162,330166,1592,20407,11120,214897,7382,350702,12772,565599,California
Alameda,2021-03-31,19020,913479,10170,554056,6816,336982,2034,22441,9698,217534,9304,360006,11941,577540,California
Alameda,2021-04-01,22513,935992,9960,564016,7310,344292,5243,27684,11057,222864,11432,371438,16762,594302,California
Alameda,2021-04-02,22745,958737,9810,573826,8058,352350,4877,32561,11755,229000,10969,382407,17105,611407,California
Alameda,2021-04-03,16188,974925,7653,581479,4466,356816,4069,36630,8044,233515,8129,390536,12644,624051,California
Alpine,2020-12-18,2,2,2,2,0,0,0,0,2,2,0,0,2,2,California
Alpine,2020-12-19,2,4,2,4,0,0,0,0,2,4,0,0,2,4,California
Alpine,2020-12-21,2,6,2,6,0,0,0,0,2,6,0,0,2,6,California
Alpine,2020-12-30,15,21,0,6,15,15,0,0,15,21,0,0,15,21,California
Alpine,2020-12-31,1,22,0,6,1,16,0,0,1,22,0,0,1,22,California
Alpine,2021-01-01,1,23,0,6,1,17,0,0,1,23,0,0,1,23,California
Alpine,2021-01-02,1,24,1,7,0,17,0,0,1,24,0,0,1,24,California
Alpine,2021-01-04,10,34,0,7,10,27,0,0,10,34,0,0,10,34,California
Alpine,2021-01-05,9,43,1,8,8,35,0,0,9,43,0,0,9,43,California
Alpine,2021-01-06,31,74,0,8,31,66,0,0,31,74,0,0,31,74,California
Alpine,2021-01-07,8,82,0,8,8,74,0,0,8,82,0,0,8,82,California
Alpine,2021-01-08,4,86,2,10,2,76,0,0,2,82,2,2,2,84,California
Alpine,2021-01-09,2,88,2,12,0,76,0,0,0,80,2,4,0,84,California
Alpine,2021-01-11,32,120,1,13,31,107,0,0,31,110,1,5,31,115,California
Alpine,2021-01-13,35,155,0,13,35,142,0,0,35,145,0,5,35,150,California
Alpine,2021-01-14,2,157,0,13,2,144,0,0,2,147,0,5,2,152,California
Alpine,2021-01-15,1,158,0,13,1,145,0,0,1,148,0,5,1,153,California
Alpine,2021-01-20,21,179,0,13,21,166,0,0,21,169,0,5,21,174,California
Alpine,2021-01-21,3,182,0,13,3,169,0,0,3,172,0,5,3,177,California
Alpine,2021-01-22,32,214,0,13,32,201,0,0,32,204,0,5,32,209,California
Alpine,2021-01-23,1,215,1,14,0,201,0,0,0,203,1,6,0,209,California
Alpine,2021-01-25,16,231,0,14,16,217,0,0,16,219,0,6,16,225,California
Alpine,2021-01-27,1,232,1,15,0,217,0,0,0,218,1,7,0,225,California
Alpine,2021-01-28,12,244,0,15,12,229,0,0,11,228,1,8,11,236,California
Alpine,2021-01-29,1,245,0,15,1,230,0,0,1,229,0,8,1,237,California
Alpine,2021-02-01,26,271,0,15,26,256,0,0,7,217,19,27,7,244,California
Alpine,2021-02-03,34,305,0,15,34,290,0,0,10,203,24,51,10,254,California
Alpine,2021-02-04,9,314,0,15,9,299,0,0,4,202,5,56,4,258,California
Alpine,2021-02-05,31,345,0,15,31,330,0,0,12,195,19,75,12,270,California
Alpine,2021-02-06,1,346,1,16,0,330,0,0,1,196,0,75,1,271,California
Alpine,2021-02-07,1,347,1,17,0,330,0,0,1,197,0,75,1,272,California
Alpine,2021-02-08,32,379,0,17,32,362,0,0,4,173,28,103,4,276,California
Alpine,2021-02-10,34,413,0,17,34,396,0,0,0,139,34,137,0,276,California
Alpine,2021-02-11,8,421,0,17,8,404,0,0,5,141,3,140,5,281,California
Alpine,2021-02-12,1,422,0,17,1,405,0,0,0,140,1,141,0,281,California
Alpine,2021-02-17,24,446,1,18,23,428,0,0,4,124,20,161,4,285,California
Alpine,2021-02-18,4,450,0,18,4,432,0,0,1,122,3,164,1,286,California
Alpine,2021-02-19,34,484,1,19,33,465,0,0,2,92,32,196,2,288,California
Alpine,2021-02-22,28,512,0,19,28,493,0,0,9,82,19,215,9,297,California
Alpine,2021-02-25,17,529,1,20,16,509,0,0,6,77,11,226,6,303,California
Alpine,2021-02-26,29,558,1,21,28,537,0,0,28,104,1,227,28,331,California
Alpine,2021-03-01,35,593,0,21,35,572,0,0,25,119,10,237,25,356,California
Alpine,2021-03-02,1,594,1,22,0,572,0,0,0,118,1,238,0,356,California
Alpine,2021-03-03,30,624,1,23,29,601,0,0,18,124,12,250,18,374,California
Alpine,2021-03-04,13,637,1,24,12,613,0,0,12,135,1,251,12,386,California
Alpine,2021-03-05,30,667,0,24,30,643,0,0,22,149,8,259,22,408,California
Alpine,2021-03-08,28,695,0,24,28,671,0,0,26,173,2,261,26,434,California
Alpine,2021-03-09,1,696,0,24,1,672,0,0,1,174,0,261,1,435,California
Alpine,2021-03-10,76,772,1,25,75,747,0,0,75,248,1,262,75,510,California
Alpine,2021-03-11,37,809,0,25,37,784,0,0,32,276,4,266,32,542,California
Alpine,2021-03-12,22,831,0,25,22,806,0,0,19,292,3,269,19,561,California
Alpine,2021-03-15,20,851,0,25,20,826,0,0,19,310,1,270,19,580,California
Alpine,2021-03-17,22,873,0,25,21,847,1,1,18,325,4,274,19,599,California
Alpine,2021-03-18,38,911,1,26,37,884,0,1,36,359,2,276,36,635,California
Alpine,2021-03-19,3,914,2,28,1,885,0,1,2,360,1,277,2,637,California
Alpine,2021-03-22,25,939,0,28,25,910,0,1,15,365,10,287,15,652,California
Alpine,2021-03-24,19,958,0,28,19,929,0,1,9,364,10,297,9,661,California
Alpine,2021-03-25,39,997,1,29,37,966,1,2,32,390,7,304,33,694,California
Alpine,2021-03-29,19,1016,0,29,18,984,1,3,2,376,17,321,3,697,California
Alpine,2021-03-31,2,1018,1,30,1,985,0,3,1,376,1,322,1,698,California
Alpine,2021-04-01,18,1036,0,30,18,1003,0,3,8,374,10,332,8,706,California
Amador,2020-12-16,2,2,2,2,0,0,0,0,2,2,0,0,2,2,California
Amador,2020-12-17,5,7,5,7,0,0,0,0,5,7,0,0,5,7,California
Amador,2020-12-18,44,51,44,51,0,0,0,0,44,51,0,0,44,51,California
Amador,2020-12-19,17,68,17,68,0,0,0,0,17,68,0,0,17,68,California
Amador,2020-12-20,4,72,4,72,0,0,0,0,4,72,0,0,4,72,California
Amador,2020-12-21,33,105,33,105,0,0,0,0,33,105,0,0,33,105,California
Amador,2020-12-22,35,140,34,139,1,1,0,0,35,140,0,0,35,140,California
Amador,2020-12-23,39,179,38,177,1,2,0,0,39,179,0,0,39,179,California
Amador,2020-12-24,5,184,3,180,2,4,0,0,5,184,0,0,5,184,California
Amador,2020-12-26,6,190,5,185,1,5,0,0,6,190,0,0,6,190,California
Amador,2020-12-27,1,191,0,185,1,6,0,0,1,191,0,0,1,191,California
Amador,2020-12-28,31,222,27,212,4,10,0,0,31,222,0,0,31,222,California
Amador,2020-12-29,26,248,19,231,7,17,0,0,26,248,0,0,26,248,California
Amador,2020-12-30,121,369,75,306,46,63,0,0,121,369,0,0,121,369,California
Amador,2020-12-31,192,561,167,473,25,88,0,0,192,561,0,0,192,561,California
Amador,2021-01-01,1,562,0,473,1,89,0,0,1,562,0,0,1,562,California
Amador,2021-01-02,56,618,56,529,0,89,0,0,56,618,0,0,56,618,California
Amador,2021-01-03,65,683,17,546,48,137,0,0,65,683,0,0,65,683,California
Amador,2021-01-04,125,808,1,547,124,261,0,0,124,806,1,1,124,807,California
Amador,2021-01-05,33,841,3,550,30,291,0,0,32,837,1,2,32,839,California
Amador,2021-01-06,38,879,10,560,28,319,0,0,34,867,4,6,34,873,California
Amador,2021-01-07,227,1106,68,628,159,478,0,0,215,1070,12,18,215,1088,California
Amador,2021-01-08,84,1190,70,698,14,492,0,0,40,1067,44,62,41,1129,California
Amador,2021-01-09,11,1201,11,709,0,492,0,0,2,1060,9,71,2,1131,California
Amador,2021-01-10,7,1208,5,714,2,494,0,0,3,1059,4,75,3,1134,California
Amador,2021-01-11,124,1332,44,758,80,574,0,0,89,1113,35,110,89,1223,California
Amador,2021-01-12,62,1394,48,806,14,588,0,0,39,1129,23,133,39,1262,California
Amador,2021-01-13,39,1433,25,831,14,602,0,0,26,1142,13,146,26,1288,California
Amador,2021-01-14,146,1579,20,851,126,728,0,0,136,1268,10,156,136,1424,California
Amador,2021-01-15,56,1635,23,874,33,761,0,0,49,1310,7,163,49,1473,California
Amador,2021-01-16,19,1654,12,886,7,768,0,0,13,1318,6,169,14,1487,California
Amador,2021-01-17,25,1679,5,891,20,788,0,0,25,1343,0,169,25,1512,California
Amador,2021-01-18,31,1710,27,918,4,792,0,0,9,1330,22,191,9,1521,California
Amador,2021-01-19,120,1830,96,1014,24,816,0,0,77,1364,43,234,77,1598,California
Amador,2021-01-20,181,2011,32,1046,149,965,0,0,166,1516,14,248,166,1764,California
Amador,2021-01-21,252,2263,221,1267,31,996,0,0,143,1550,109,357,143,1907,California
Amador,2021-01-22,133,2396,71,1338,62,1058,0,0,127,1671,6,363,127,2034,California
Amador,2021-01-23,52,2448,32,1370,20,1078,0,0,50,1719,2,365,50,2084,California
Amador,2021-01-24,28,2476,12,1382,16,1094,0,0,25,1741,3,368,25,2109,California
Amador,2021-01-25,56,2532,28,1410,28,1122,0,0,39,1763,17,385,39,2148,California
Amador,2021-01-26,242,2774,16,1426,226,1348,0,0,232,1985,10,395,232,2380,California
Amador,2021-01-27,296,3070,29,1455,267,1615,0,0,249,2190,45,440,250,2630,California
Amador,2021-01-28,343,3413,73,1528,270,1885,0,0,282,2412,61,501,283,2913,California
Amador,2021-01-29,96,3509,30,1558,66,1951,0,0,81,2478,15,516,81,2994,California
Amador,2021-01-30,166,3675,32,1590,134,2085,0,0,161,2634,5,521,161,3155,California
Amador,2021-01-31,32,3707,28,1618,4,2089,0,0,31,2664,1,522,31,3186,California
Amador,2021-02-01,62,3769,23,1641,39,2128,0,0,35,2672,27,549,35,3221,California
Amador,2021-02-02,216,3985,65,1706,151,2279,0,0,128,2715,85,634,128,3349,California
Amador,2021-02-03,141,4126,38,1744,103,2382,0,0,91,2757,49,683,91,3440,California
Amador,2021-02-04,248,4374,70,1814,178,2560,0,0,163,2837,85,768,165,3605,California
Amador,2021-02-05,326,4700,60,1874,266,2826,0,0,311,3133,15,783,311,3916,California
Amador,2021-02-06,101,4801,81,1955,20,2846,0,0,97,3226,4,787,97,4013,California
Amador,2021-02-07,38,4839,35,1990,3,2849,0,0,35,3258,3,790,35,4048,California
Amador,2021-02-08,91,4930,63,2053,28,2877,0,0,73,3313,18,808,73,4121,California
Amador,2021-02-09,171,5101,82,2135,89,2966,0,0,108,3358,63,871,108,4229,California
Amador,2021-02-10,717,5818,77,2212,640,3606,0,0,685,4011,32,903,685,4914,California
Amador,2021-02-11,308,6126,120,2332,188,3794,0,0,203,4110,104,1007,203,5117,California
Amador,2021-02-12,325,6451,118,2450,207,4001,0,0,252,4289,73,1080,252,5369,California
Amador,2021-02-13,163,6614,78,2528,85,4086,0,0,137,4400,26,1106,137,5506,California
Amador,2021-02-14,123,6737,54,2582,69,4155,0,0,106,4489,17,1123,106,5612,California
Amador,2021-02-15,183,6920,60,2642,123,4278,0,0,166,4639,16,1139,166,5778,California
Amador,2021-02-16,408,7328,52,2694,356,4634,0,0,369,4970,39,1178,370,6148,California
Amador,2021-02-17,263,7591,83,2777,180,4814,0,0,167,5041,96,1274,167,6315,California
Amador,2021-02-18,400,7991,99,2876,301,5115,0,0,339,5320,61,1335,340,6655,California
Amador,2021-02-19,191,8182,74,2950,117,5232,0,0,109,5348,82,1417,110,6765,California
Amador,2021-02-20,91,8273,27,2977,64,5296,0,0,63,5383,28,1445,63,6828,California
Amador,2021-02-21,46,8319,35,3012,11,5307,0,0,17,5371,29,1474,17,6845,California
Amador,2021-02-22,64,8383,25,3037,39,5346,0,0,33,5374,30,1504,33,6878,California
Amador,2021-02-23,315,8698,57,3094,258,5604,0,0,139,5340,176,1680,142,7020,California
Amador,2021-02-24,394,9092,53,3147,341,5945,0,0,266,5482,124,1804,266,7286,California
Amador,2021-02-25,515,9607,108,3255,407,6352,0,0,279,5527,234,2038,279,7565,California
Amador,2021-02-26,601,10208,75,3330,526,6878,0,0,501,5930,99,2137,502,8067,California
Amador,2021-02-27,287,10495,92,3422,195,7073,0,0,100,5849,186,2323,105,8172,California
Amador,2021-02-28,102,10597,52,3474,50,7123,0,0,57,5864,45,2368,60,8232,California
Amador,2021-03-01,190,10787,70,3544,120,7243,0,0,125,5925,65,2433,126,8358,California
Amador,2021-03-02,389,11176,62,3606,327,7570,0,0,337,6212,52,2485,339,8697,California
Amador,2021-03-03,236,11412,78,3684,158,7728,0,0,162,6301,74,2559,163,8860,California
Amador,2021-03-04,485,11897,114,3798,371,8099,0,0,383,6584,102,2661,385,9245,California
Amador,2021-03-05,490,12387,64,3862,426,8525,0,0,280,6657,209,2870,282,9527,California
Amador,2021-03-06,90,12477,39,3901,50,8575,1,1,49,6666,41,2911,50,9577,California
Amador,2021-03-07,62,12539,44,3945,18,8593,0,1,19,6642,43,2954,19,9596,California
Amador,2021-03-08,148,12687,71,4016,76,8669,1,2,87,6670,61,3015,89,9685,California
Amador,2021-03-09,380,13067,46,4062,334,9003,0,2,319,6931,58,3073,319,10004,California
Amador,2021-03-10,515,13582,78,4140,436,9439,1,3,245,6909,270,3343,248,10252,California
Amador,2021-03-11,475,14057,115,4255,351,9790,9,12,330,7109,142,3485,342,10594,California
Amador,2021-03-12,551,14608,67,4322,478,10268,6,18,310,7216,240,3725,347,10941,California
Amador,2021-03-13,86,14694,14,4336,65,10333,7,25,30,7219,56,3781,59,11000,California
Amador,2021-03-14,64,14758,20,4356,42,10375,2,27,21,7200,43,3824,24,11024,California
Amador,2021-03-15,186,14944,22,4378,151,10526,13,40,56,7143,130,3954,73,11097,California
Amador,2021-03-16,460,15404,58,4436,394,10920,8,48,195,7084,262,4216,203,11300,California
Amador,2021-03-17,189,15593,38,4474,148,11068,3,51,116,7132,73,4289,121,11421,California
Amador,2021-03-18,452,16045,84,4558,365,11433,3,54,235,7160,216,4505,244,11665,California
Amador,2021-03-19,531,16576,47,4605,468,11901,16,70,391,7433,138,4643,411,12076,California
Amador,2021-03-20,78,16654,37,4642,41,11942,0,70,29,7415,48,4691,30,12106,California
Amador,2021-03-21,45,16699,34,4676,10,11952,1,71,28,7430,16,4707,31,12137,California
Amador,2021-03-22,117,16816,35,4711,53,12005,29,100,49,7441,67,4774,78,12215,California
Amador,2021-03-23,438,17254,49,4760,381,12386,8,108,280,7573,156,4930,288,12503,California
Amador,2021-03-24,341,17595,34,4794,54,12440,253,361,34,7552,306,5236,285,12788,California
Amador,2021-03-25,603,18198,85,4879,513,12953,5,366,391,7742,209,5445,399,13187,California
Amador,2021-03-26,735,18933,39,4918,690,13643,6,372,287,7600,447,5892,305,13492,California
Amador,2021-03-27,86,19019,14,4932,71,13714,1,373,27,7572,58,5950,30,13522,California
Amador,2021-03-28,68,19087,14,4946,52,13766,2,375,12,7530,56,6006,14,13536,California
Amador,2021-03-29,181,19268,27,4973,153,13919,1,376,79,7518,98,6104,86,13622,California
Amador,2021-03-30,161,19429,22,4995,139,14058,0,376,98,7553,63,6167,98,13720,California
Amador,2021-03-31,149,19578,57,5052,87,14145,5,381,44,7501,105,6272,53,13773,California
Amador,2021-04-01,208,19786,72,5124,136,14281,0,381,61,7426,146,6418,71,13844,California
Amador,2021-04-02,188,19974,34,5158,145,14426,9,390,66,7387,122,6540,83,13927,California
Amador,2021-04-03,28,20002,8,5166,13,14439,7,397,11,7388,17,6557,18,13945,California
Butte,2020-12-16,3,3,3,3,0,0,0,0,3,3,0,0,3,3,California
Butte,2020-12-17,20,23,20,23,0,0,0,0,20,23,0,0,20,23,California
Butte,2020-12-18,50,73,50,73,0,0,0,0,50,73,0,0,50,73,California
Butte,2020-12-19,7,80,7,80,0,0,0,0,7,80,0,0,7,80,California
Butte,2020-12-20,10,90,10,90,0,0,0,0,10,90,0,0,10,90,California
Butte,2020-12-21,633,723,633,723,0,0,0,0,633,723,0,0,633,723,California
Butte,2020-12-22,618,1341,616,1339,2,2,0,0,618,1341,0,0,618,1341,California
Butte,2020-12-23,870,2211,854,2193,16,18,0,0,870,2211,0,0,870,2211,California
Butte,2020-12-24,160,2371,157,2350,3,21,0,0,160,2371,0,0,160,2371,California
Butte,2020-12-26,93,2464,91,2441,2,23,0,0,93,2464,0,0,93,2464,California
Butte,2020-12-27,35,2499,34,2475,1,24,0,0,35,2499,0,0,35,2499,California
Butte,2020-12-28,280,2779,274,2749,6,30,0,0,280,2779,0,0,280,2779,California
Butte,2020-12-29,204,2983,180,2929,24,54,0,0,204,2983,0,0,204,2983,California
Butte,2020-12-30,498,3481,289,3218,209,263,0,0,498,3481,0,0,498,3481,California
Butte,2020-12-31,210,3691,18,3236,192,455,0,0,210,3691,0,0,210,3691,California
Butte,2021-01-01,7,3698,1,3237,6,461,0,0,7,3698,0,0,7,3698,California
Butte,2021-01-02,37,3735,36,3273,1,462,0,0,37,3735,0,0,37,3735,California
Butte,2021-01-03,4,3739,1,3274,3,465,0,0,4,3739,0,0,4,3739,California
Butte,2021-01-04,206,3945,173,3447,33,498,0,0,206,3945,0,0,206,3945,California
Butte,2021-01-05,194,4139,151,3598,43,541,0,0,193,4137,1,1,193,4138,California
Butte,2021-01-06,623,4762,396,3994,227,768,0,0,619,4752,4,5,619,4757,California
Butte,2021-01-07,761,5523,369,4363,392,1160,0,0,742,5475,19,24,742,5499,California
Butte,2021-01-08,570,6093,529,4892,41,1201,0,0,524,5953,46,70,524,6023,California
Butte,2021-01-09,12,6105,7,4899,5,1206,0,0,7,5955,5,75,7,6030,California
Butte,2021-01-10,19,6124,5,4904,14,1220,0,0,14,5964,5,80,14,6044,California
Butte,2021-01-11,987,7111,951,5855,36,1256,0,0,358,5696,629,709,361,6405,California
Butte,2021-01-12,697,7808,652,6507,45,1301,0,0,274,5547,423,1132,274,6679,California
Butte,2021-01-13,1446,9254,955,7462,491,1792,0,0,611,5325,835,1967,613,7292,California
Butte,2021-01-14,1637,10891,898,8360,739,2531,0,0,1440,6569,196,2163,1440,8732,California
Butte,2021-01-15,1169,12060,926,9286,243,2774,0,0,1059,7517,111,2274,1059,9791,California
Butte,2021-01-16,584,12644,300,9586,284,3058,0,0,539,8011,45,2319,539,10330,California
Butte,2021-01-17,239,12883,64,9650,175,3233,0,0,202,8176,37,2356,202,10532,California
Butte,2021-01-18,343,13226,302,9952,41,3274,0,0,275,8384,67,2423,275,10807,California
Butte,2021-01-19,489,13715,426,10378,63,3337,0,0,216,8330,273,2696,219,11026,California
Butte,2021-01-20,1346,15061,664,11042,682,4019,0,0,1046,9076,300,2996,1046,12072,California
Butte,2021-01-21,1475,16536,867,11909,608,4627,0,0,1369,10340,105,3101,1369,13441,California
Butte,2021-01-22,988,17524,333,12242,655,5282,0,0,935,11222,53,3154,935,14376,California
Butte,2021-01-23,123,17647,82,12324,41,5323,0,0,98,11295,25,3179,98,14474,California
Butte,2021-01-24,8,17655,6,12330,2,5325,0,0,8,11303,0,3179,8,14482,California
Butte,2021-01-25,650,18305,334,12664,316,5641,0,0,488,11629,162,3341,488,14970,California
Butte,2021-01-26,1459,19764,376,13040,1083,6724,0,0,1322,12815,137,3478,1323,16293,California
Butte,2021-01-27,2075,21839,704,13744,1371,8095,0,0,1360,13460,715,4193,1360,17653,California
Butte,2021-01-28,2255,24094,259,14003,1996,10091,0,0,1947,15100,307,4500,1947,19600,California
Butte,2021-01-29,1672,25766,487,14490,1185,11276,0,0,1292,16014,378,4878,1292,20892,California
Butte,2021-01-30,32,25798,10,14500,22,11298,0,0,29,16040,3,4881,29,20921,California
Butte,2021-01-31,16,25814,14,14514,2,11300,0,0,15,16054,1,4882,15,20936,California
Butte,2021-02-01,1738,27552,404,14918,1334,12634,0,0,1353,17025,383,5265,1354,22290,California
Butte,2021-02-02,1930,29482,362,15280,1568,14202,0,0,1626,18347,304,5569,1626,23916,California
Butte,2021-02-03,2730,32212,772,16052,1958,16160,0,0,1839,19297,889,6458,1839,25755,California
Butte,2021-02-04,2955,35167,325,16377,2630,18790,0,0,2399,21142,554,7012,2399,28154,California
Butte,2021-02-05,1167,36334,661,17038,506,19296,0,0,540,21055,627,7639,540,28694,California
Butte,2021-02-06,142,36476,102,17140,40,19336,0,0,60,21033,82,7721,60,28754,California
Butte,2021-02-07,39,36515,35,17175,4,19340,0,0,15,21024,24,7745,15,28769,California
Butte,2021-02-08,691,37206,540,17715,151,19491,0,0,241,20815,450,8195,241,29010,California
Butte,2021-02-09,950,38156,456,18171,494,19985,0,0,723,21311,227,8422,723,29733,California
Butte,2021-02-10,1706,39862,1190,19361,516,20501,0,0,697,21000,1008,9430,697,30430,California
Butte,2021-02-11,2199,42061,1351,20712,848,21349,0,0,1005,20812,1194,10624,1006,31436,California
Butte,2021-02-12,860,42921,298,21010,562,21911,0,0,313,20579,546,11170,313,31749,California
Butte,2021-02-13,246,43167,45,21055,201,22112,0,0,145,20622,102,11272,145,31894,California
Butte,2021-02-14,160,43327,11,21066,149,22261,0,0,155,20772,5,11277,155,32049,California
Butte,2021-02-15,258,43585,47,21113,211,22472,0,0,196,20906,62,11339,196,32245,California
Butte,2021-02-16,735,44320,433,21546,302,22774,0,0,278,20727,457,11796,278,32523,California
Butte,2021-02-17,1507,45827,843,22389,664,23438,0,0,834,20889,672,12468,834,33357,California
Butte,2021-02-18,1549,47376,754,23143,795,24233,0,0,745,20830,804,13272,745,34102,California
Butte,2021-02-19,1167,48543,389,23532,778,25011,0,0,404,20476,758,14030,404,34506,California
Butte,2021-02-20,477,49020,33,23565,444,25455,0,0,122,20244,354,14384,122,34628,California
Butte,2021-02-21,14,49034,12,23577,2,25457,0,0,10,20250,4,14388,10,34638,California
Butte,2021-02-22,1488,50522,293,23870,1195,26652,0,0,388,19539,1099,15487,388,35026,California
Butte,2021-02-23,1626,52148,300,24170,1326,27978,0,0,465,18848,1156,16643,465,35491,California
Butte,2021-02-24,2112,54260,594,24764,1518,29496,0,0,727,18197,1378,18021,727,36218,California
Butte,2021-02-25,2070,56330,578,25342,1492,30988,0,0,666,17463,1401,19422,667,36885,California
Butte,2021-02-26,922,57252,318,25660,604,31592,0,0,400,17344,519,19941,400,37285,California
Butte,2021-02-27,231,57483,43,25703,188,31780,0,0,184,17483,45,19986,184,37469,California
Butte,2021-02-28,141,57624,19,25722,122,31902,0,0,131,17604,10,19996,131,37600,California
Butte,2021-03-01,1525,59149,175,25897,1350,33252,0,0,321,16723,1203,21199,322,37922,California
Butte,2021-03-02,1662,60811,191,26088,1471,34723,0,0,300,15664,1359,22558,300,38222,California
Butte,2021-03-03,2601,63412,814,26902,1787,36510,0,0,443,13951,2157,24715,444,38666,California
Butte,2021-03-04,3001,66413,660,27562,2341,38851,0,0,601,12153,2399,27114,601,39267,California
Butte,2021-03-05,1298,67711,599,28161,698,39549,1,1,701,12256,599,27713,702,39969,California
Butte,2021-03-06,198,67909,30,28191,147,39696,21,22,144,12368,53,27766,165,40134,California
Butte,2021-03-07,61,67970,9,28200,35,39731,17,39,32,12388,29,27795,49,40183,California
Butte,2021-03-08,1229,69199,132,28332,1029,40760,68,107,1079,13388,148,27943,1148,41331,California
Butte,2021-03-09,1868,71067,278,28610,1487,42247,103,210,1381,14386,486,28429,1484,42815,California
Butte,2021-03-10,2216,73283,934,29544,1234,43481,48,258,1541,15305,670,29099,1589,44404,California
Butte,2021-03-11,2694,75977,1272,30816,1314,44795,108,366,1899,16528,785,29884,2008,46412,California
Butte,2021-03-12,955,76932,285,31101,401,45196,269,635,330,16506,620,30504,598,47010,California
Butte,2021-03-13,191,77123,54,31155,92,45288,45,680,59,16478,132,30636,104,47114,California
Butte,2021-03-14,120,77243,14,31169,65,45353,41,721,20,16439,100,30736,61,47175,California
Butte,2021-03-15,1673,78916,349,31518,1052,46405,272,993,1106,17253,564,31300,1378,48553,California
Butte,2021-03-16,1607,80523,411,31929,1124,47529,72,1065,1071,17862,534,31834,1143,49696,California
Butte,2021-03-17,1873,82396,1332,33261,466,47995,75,1140,1082,18233,786,32620,1157,50853,California
Butte,2021-03-18,1521,83917,1205,34466,202,48197,114,1254,881,18591,637,33257,995,51848,California
Butte,2021-03-19,541,84458,242,34708,229,48426,70,1324,255,18636,281,33538,326,52174,California
Butte,2021-03-20,159,84617,30,34738,114,48540,15,1339,75,18643,83,33621,90,52264,California
Butte,2021-03-21,64,84681,29,34767,6,48546,29,1368,22,18652,42,33663,51,52315,California
Butte,2021-03-22,1434,86115,335,35102,1010,49556,89,1457,1176,19663,255,33918,1266,53581,California
Butte,2021-03-23,1748,87863,448,35550,1194,50750,106,1563,1417,20855,330,34248,1522,55103,California
Butte,2021-03-24,2091,89954,1127,36677,851,51601,113,1676,1573,22028,514,34762,1687,56790,California
Butte,2021-03-25,1398,91352,1110,37787,195,51796,93,1769,933,22592,463,35225,1027,57817,California
Butte,2021-03-26,1161,92513,395,38182,525,52321,241,2010,519,22724,634,35859,766,58583,California
Butte,2021-03-27,308,92821,76,38258,208,52529,24,2034,133,22711,173,36032,160,58743,California
Butte,2021-03-28,212,93033,36,38294,169,52698,7,2041,87,22682,122,36154,93,58836,California
Butte,2021-03-29,1683,94716,350,38644,1265,53963,68,2109,1268,23607,411,36565,1336,60172,California
Butte,2021-03-30,989,95705,442,39086,459,54422,88,2197,450,23614,534,37099,541,60713,California
Butte,2021-03-31,1657,97362,1217,40303,376,54798,64,2261,1023,24102,632,37731,1120,61833,California
Butte,2021-04-01,3123,100485,2588,42891,417,55215,118,2379,2091,25301,1025,38756,2224,64057,California
Butte,2021-04-02,917,101402,383,43274,438,55653,96,2475,529,25555,378,39134,632,64689,California
Butte,2021-04-03,151,101553,16,43290,89,55742,46,2521,83,25619,67,39201,131,64820,California
Calaveras,2020-12-16,5,5,5,5,0,0,0,0,5,5,0,0,5,5,California
Calaveras,2020-12-17,3,8,3,8,0,0,0,0,3,8,0,0,3,8,California
Calaveras,2020-12-18,38,46,38,46,0,0,0,0,38,46,0,0,38,46,California
Calaveras,2020-12-19,3,49,3,49,0,0,0,0,3,49,0,0,3,49,California
Calaveras,2020-12-20,3,52,3,52,0,0,0,0,3,52,0,0,3,52,California
Calaveras,2020-12-21,55,107,48,100,7,7,0,0,55,107,0,0,55,107,California
Calaveras,2020-12-22,81,188,77,177,4,11,0,0,82,189,0,0,82,189,California
Calaveras,2020-12-23,77,265,75,252,2,13,0,0,86,275,0,0,86,275,California
Calaveras,2020-12-24,2,267,2,254,0,13,0,0,2,277,0,0,2,277,California
Calaveras,2020-12-26,3,270,3,257,0,13,0,0,3,280,0,0,3,280,California
Calaveras,2020-12-28,22,292,18,275,4,17,0,0,21,300,1,1,21,301,California
Calaveras,2020-12-29,166,458,147,422,19,36,0,0,166,466,0,1,166,467,California
Calaveras,2020-12-30,94,552,82,504,12,48,0,0,94,560,0,1,94,561,California
Calaveras,2020-12-31,36,588,26,530,10,58,0,0,36,596,0,1,36,597,California
Calaveras,2021-01-02,11,599,11,541,0,58,0,0,11,607,0,1,11,608,California
Calaveras,2021-01-03,8,607,3,544,5,63,0,0,8,615,0,1,8,616,California
Calaveras,2021-01-04,33,640,5,549,28,91,0,0,33,648,0,1,33,649,California
Calaveras,2021-01-05,39,679,9,558,30,121,0,0,38,683,3,4,38,687,California
Calaveras,2021-01-06,109,788,30,588,79,200,0,0,99,772,10,14,99,786,California
Calaveras,2021-01-07,108,896,27,615,81,281,0,0,95,856,12,26,96,882,California
Calaveras,2021-01-08,68,964,37,652,31,312,0,0,46,881,22,48,47,929,California
Calaveras,2021-01-09,6,970,6,658,0,312,0,0,2,879,4,52,2,931,California
Calaveras,2021-01-10,2,972,0,658,2,314,0,0,2,881,0,52,2,933,California
Calaveras,2021-01-11,63,1035,58,716,5,319,0,0,28,875,34,86,28,961,California
Calaveras,2021-01-12,87,1122,54,770,33,352,0,0,54,896,33,119,54,1015,California
Calaveras,2021-01-13,107,1229,43,813,64,416,0,0,74,938,33,152,75,1090,California
Calaveras,2021-01-14,137,1366,41,854,96,512,0,0,102,1006,34,186,102,1192,California
Calaveras,2021-01-15,112,1478,51,905,61,573,0,0,85,1065,27,213,86,1278,California
Calaveras,2021-01-16,13,1491,2,907,11,584,0,0,12,1076,1,214,12,1290,California
Calaveras,2021-01-17,10,1501,1,908,9,593,0,0,10,1086,0,214,10,1300,California
Calaveras,2021-01-18,132,1633,20,928,112,705,0,0,119,1195,13,227,122,1422,California
Calaveras,2021-01-19,200,1833,172,1100,28,733,0,0,60,1117,138,365,60,1482,California
Calaveras,2021-01-20,393,2226,79,1179,314,1047,0,0,309,1351,83,448,317,1799,California
Calaveras,2021-01-21,462,2688,40,1219,422,1469,0,0,435,1765,27,475,441,2240,California
Calaveras,2021-01-22,431,3119,22,1241,409,1878,0,0,421,2183,10,485,428,2668,California
Calaveras,2021-01-23,23,3142,10,1251,13,1891,0,0,19,2198,4,489,19,2687,California
Calaveras,2021-01-24,15,3157,9,1260,6,1897,0,0,13,2209,2,491,13,2700,California
Calaveras,2021-01-25,121,3278,7,1267,114,2011,0,0,116,2320,5,496,116,2816,California
Calaveras,2021-01-26,47,3325,17,1284,30,2041,0,0,37,2347,10,506,37,2853,California
Calaveras,2021-01-27,160,3485,44,1328,116,2157,0,0,133,2454,26,532,133,2986,California
Calaveras,2021-01-28,165,3650,22,1350,143,2300,0,0,141,2574,24,556,144,3130,California
Calaveras,2021-01-29,444,4094,34,1384,410,2710,0,0,424,2985,20,576,431,3561,California
Calaveras,2021-01-30,27,4121,10,1394,17,2727,0,0,26,3011,0,576,26,3587,California
Calaveras,2021-01-31,5,4126,2,1396,3,2730,0,0,4,3014,1,577,4,3591,California
Calaveras,2021-02-01,55,4181,41,1437,14,2744,0,0,36,3031,19,596,36,3627,California
Calaveras,2021-02-02,110,4291,25,1462,85,2829,0,0,71,3064,39,635,72,3699,California
Calaveras,2021-02-03,442,4733,43,1505,399,3228,0,0,358,3340,83,718,359,4058,California
Calaveras,2021-02-04,380,5113,24,1529,356,3584,0,0,296,3554,82,800,296,4354,California
Calaveras,2021-02-05,80,5193,22,1551,58,3642,0,0,41,3558,39,839,43,4397,California
Calaveras,2021-02-06,22,5215,13,1564,9,3651,0,0,22,3580,0,839,22,4419,California
Calaveras,2021-02-07,4,5219,1,1565,3,3654,0,0,2,3580,2,841,2,4421,California
Calaveras,2021-02-08,36,5255,18,1583,18,3672,0,0,28,3602,7,848,29,4450,California
Calaveras,2021-02-09,210,5465,93,1676,117,3789,0,0,147,3692,57,905,147,4597,California
Calaveras,2021-02-10,507,5972,28,1704,479,4268,0,0,441,4068,66,971,442,5039,California
Calaveras,2021-02-11,580,6552,75,1779,505,4773,0,0,473,4437,105,1076,474,5513,California
Calaveras,2021-02-12,565,7117,323,2102,242,5015,0,0,492,4858,72,1148,493,6006,California
Calaveras,2021-02-13,192,7309,37,2139,155,5170,0,0,177,5020,15,1163,177,6183,California
Calaveras,2021-02-14,215,7524,73,2212,142,5312,0,0,201,5207,14,1177,201,6384,California
Calaveras,2021-02-15,375,7899,20,2232,355,5667,0,0,257,5350,115,1292,258,6642,California
Calaveras,2021-02-16,298,8197,174,2406,124,5791,0,0,243,5538,55,1347,243,6885,California
Calaveras,2021-02-17,524,8721,35,2441,489,6280,0,0,209,5440,308,1655,210,7095,California
Calaveras,2021-02-18,492,9213,88,2529,404,6684,0,0,97,5151,386,2041,97,7192,California
Calaveras,2021-02-19,440,9653,44,2573,396,7080,0,0,99,4918,332,2373,99,7291,California
Calaveras,2021-02-20,60,9713,15,2588,45,7125,0,0,48,4954,12,2385,48,7339,California
Calaveras,2021-02-21,21,9734,12,2600,9,7134,0,0,18,4969,3,2388,18,7357,California
Calaveras,2021-02-22,65,9799,39,2639,26,7160,0,0,34,4972,31,2419,34,7391,California
Calaveras,2021-02-23,149,9948,67,2706,82,7242,0,0,100,5025,49,2468,102,7493,California
Calaveras,2021-02-24,96,10044,45,2751,51,7293,0,0,66,5061,30,2498,66,7559,California
Calaveras,2021-02-25,553,10597,99,2850,454,7747,0,0,360,5231,190,2688,360,7919,California
Calaveras,2021-02-26,669,11266,44,2894,625,8372,0,0,365,5307,291,2979,367,8286,California
Calaveras,2021-02-27,206,11472,21,2915,185,8557,0,0,182,5465,24,3003,182,8468,California
Calaveras,2021-02-28,99,11571,14,2929,85,8642,0,0,93,5553,6,3009,94,8562,California
Calaveras,2021-03-01,193,11764,59,2988,134,8776,0,0,146,5653,46,3055,146,8708,California
Calaveras,2021-03-02,243,12007,92,3080,151,8927,0,0,200,5813,41,3096,201,8909,California
Calaveras,2021-03-03,481,12488,97,3177,384,9311,0,0,188,5712,290,3386,189,9098,California
Calaveras,2021-03-04,686,13174,61,3238,625,9936,0,0,332,5699,350,3736,337,9435,California
Calaveras,2021-03-05,444,13618,269,3507,170,10106,5,5,122,5513,320,4056,134,9569,California
Calaveras,2021-03-06,135,13753,42,3549,87,10193,6,11,100,5585,35,4091,107,9676,California
Calaveras,2021-03-07,75,13828,32,3581,35,10228,8,19,30,5581,44,4135,40,9716,California
Calaveras,2021-03-08,124,13952,22,3603,95,10323,7,26,92,5651,32,4167,102,9818,California
Calaveras,2021-03-09,383,14335,153,3756,225,10548,5,31,38,5352,342,4509,43,9861,California
Calaveras,2021-03-10,407,14742,29,3785,376,10924,2,33,42,5033,363,4872,44,9905,California
Calaveras,2021-03-11,841,15583,413,4198,416,11340,12,45,413,5032,426,5298,425,10330,California
Calaveras,2021-03-12,351,15934,216,4414,126,11466,9,54,226,5189,125,5423,282,10612,California
Calaveras,2021-03-13,91,16025,17,4431,69,11535,5,59,26,5187,65,5488,63,10675,California
Calaveras,2021-03-14,89,16114,10,4441,78,11613,1,60,8,5124,80,5568,17,10692,California
Calaveras,2021-03-15,330,16444,47,4488,257,11870,26,86,51,4928,278,5846,82,10774,California
Calaveras,2021-03-16,716,17160,577,5065,119,11989,20,106,562,5361,150,5996,583,11357,California
Calaveras,2021-03-17,272,17432,45,5110,215,12204,12,118,47,5197,224,6220,60,11417,California
Calaveras,2021-03-18,649,18081,565,5675,69,12273,15,133,543,5650,106,6326,559,11976,California
Calaveras,2021-03-19,226,18307,44,5719,110,12383,72,205,54,5606,169,6495,125,12101,California
Calaveras,2021-03-20,62,18369,17,5736,45,12428,0,205,19,5583,43,6538,20,12121,California
Calaveras,2021-03-21,47,18416,30,5766,6,12434,11,216,12,5572,35,6573,24,12145,California
Calaveras,2021-03-22,81,18497,36,5802,24,12458,21,237,26,5564,55,6628,47,12192,California
Calaveras,2021-03-23,301,18798,218,6020,73,12531,10,247,123,5525,172,6800,133,12325,California
Calaveras,2021-03-24,133,18931,47,6067,76,12607,10,257,52,5506,81,6881,62,12387,California
Calaveras,2021-03-25,736,19667,100,6167,634,13241,2,259,446,5669,286,7167,449,12836,California
Calaveras,2021-03-26,424,20091,28,6195,390,13631,6,265,94,5447,327,7494,105,12941,California
Calaveras,2021-03-27,208,20299,18,6213,186,13817,4,269,32,5314,173,7667,40,12981,California
Calaveras,2021-03-28,107,20406,7,6220,98,13915,2,271,6,5223,100,7767,9,12990,California
Calaveras,2021-03-29,173,20579,20,6240,151,14066,2,273,59,5175,113,7880,65,13055,California
Calaveras,2021-03-30,541,21120,32,6272,493,14559,16,289,375,5403,164,8044,392,13447,California
Calaveras,2021-03-31,301,21421,133,6405,158,14717,10,299,157,5428,143,8187,168,13615,California
Calaveras,2021-04-01,649,22070,427,6832,221,14938,1,300,171,5133,475,8662,180,13795,California
Calaveras,2021-04-02,356,22426,222,7054,127,15065,7,307,96,4983,258,8920,108,13903,California
Calaveras,2021-04-03,18,22444,8,7062,10,15075,0,307,12,4989,6,8926,12,13915,California
Colusa,2020-12-18,1,1,1,1,0,0,0,0,1,1,0,0,1,1,California
Colusa,2020-12-21,2,3,2,3,0,0,0,0,2,3,0,0,2,3,California
Colusa,2020-12-22,10,13,10,13,0,0,0,0,10,13,0,0,10,13,California
Colusa,2020-12-23,10,23,10,23,0,0,0,0,10,23,0,0,10,23,California
Colusa,2020-12-24,2,25,1,24,1,1,0,0,2,25,0,0,2,25,California
Colusa,2020-12-27,1,26,1,25,0,1,0,0,1,26,0,0,1,26,California
Colusa,2020-12-28,7,33,3,28,4,5,0,0,7,33,0,0,7,33,California
Colusa,2020-12-29,11,44,7,35,4,9,0,0,11,44,0,0,11,44,California
Colusa,2020-12-30,50,94,13,48,37,46,0,0,50,94,0,0,50,94,California
Colusa,2020-12-31,18,112,1,49,17,63,0,0,18,112,0,0,18,112,California
Colusa,2021-01-04,5,117,0,49,5,68,0,0,5,117,0,0,5,117,California
Colusa,2021-01-05,68,185,1,50,67,135,0,0,68,185,0,0,68,185,California
Colusa,2021-01-06,15,200,9,59,6,141,0,0,15,200,0,0,15,200,California
Colusa,2021-01-07,37,237,4,63,33,174,0,0,36,235,1,1,36,236,California
Colusa,2021-01-08,9,246,7,70,2,176,0,0,8,242,1,2,8,244,California
Colusa,2021-01-09,3,249,1,71,2,178,0,0,3,245,0,2,3,247,California
Colusa,2021-01-10,1,250,0,71,1,179,0,0,1,246,0,2,1,248,California
Colusa,2021-01-11,12,262,6,77,6,185,0,0,7,248,5,7,7,255,California
Colusa,2021-01-12,11,273,9,86,2,187,0,0,6,249,5,12,6,261,California
Colusa,2021-01-13,21,294,13,99,8,195,0,0,13,254,8,20,13,274,California
Colusa,2021-01-14,35,329,28,127,7,202,0,0,33,285,2,22,33,307,California
Colusa,2021-01-15,43,372,5,132,38,240,0,0,41,324,2,24,41,348,California
Colusa,2021-01-16,12,384,1,133,11,251,0,0,11,334,1,25,11,359,California
Colusa,2021-01-17,3,387,2,135,1,252,0,0,2,335,1,26,2,361,California
Colusa,2021-01-18,4,391,0,135,4,256,0,0,4,339,0,26,4,365,California
Colusa,2021-01-19,9,400,8,143,1,257,0,0,5,340,4,30,5,370,California
Colusa,2021-01-20,114,514,101,244,13,270,0,0,101,428,13,43,101,471,California
Colusa,2021-01-21,56,570,41,285,15,285,0,0,55,482,1,44,55,526,California
Colusa,2021-01-22,39,609,17,302,22,307,0,0,34,511,5,49,34,560,California
Colusa,2021-01-23,36,645,6,308,30,337,0,0,36,547,0,49,36,596,California
Colusa,2021-01-25,7,652,0,308,7,344,0,0,7,554,0,49,7,603,California
Colusa,2021-01-26,9,661,5,313,4,348,0,0,5,555,4,53,5,608,California
Colusa,2021-01-27,107,768,31,344,76,424,0,0,105,658,2,55,105,713,California
Colusa,2021-01-28,78,846,45,389,33,457,0,0,72,724,6,61,72,785,California
Colusa,2021-01-29,40,886,6,395,34,491,0,0,39,762,1,62,39,824,California
Colusa,2021-01-30,27,913,4,399,23,514,0,0,27,789,0,62,27,851,California
Colusa,2021-01-31,7,920,7,406,0,514,0,0,7,796,0,62,7,858,California
Colusa,2021-02-01,27,947,10,416,17,531,0,0,22,813,5,67,22,880,California
Colusa,2021-02-02,42,989,8,424,34,565,0,0,36,843,6,73,36,916,California
Colusa,2021-02-03,70,1059,10,434,60,625,0,0,59,891,11,84,59,975,California
Colusa,2021-02-04,143,1202,81,515,62,687,0,0,116,980,27,111,116,1091,California
Colusa,2021-02-05,33,1235,8,523,25,712,0,0,30,1007,3,114,30,1121,California
Colusa,2021-02-06,287,1522,8,531,279,991,0,0,275,1271,11,125,275,1396,California
Colusa,2021-02-07,2,1524,1,532,1,992,0,0,0,1269,2,127,0,1396,California
Colusa,2021-02-08,40,1564,5,537,35,1027,0,0,37,1303,3,130,37,1433,California
Colusa,2021-02-09,232,1796,14,551,218,1245,0,0,176,1423,56,186,176,1609,California
Colusa,2021-02-10,115,1911,41,592,74,1319,0,0,71,1451,44,230,72,1681,California
Colusa,2021-02-11,97,2008,36,628,61,1380,0,0,72,1498,25,255,72,1753,California
Colusa,2021-02-12,119,2127,9,637,110,1490,0,0,79,1536,41,296,79,1832,California
Colusa,2021-02-13,60,2187,9,646,51,1541,0,0,52,1580,8,304,52,1884,California
Colusa,2021-02-14,20,2207,8,654,12,1553,0,0,14,1589,5,309,14,1898,California
Colusa,2021-02-15,46,2253,10,664,36,1589,0,0,39,1621,7,316,39,1937,California
Colusa,2021-02-16,67,2320,4,668,63,1652,0,0,66,1686,1,317,66,2003,California
Colusa,2021-02-17,206,2526,143,811,63,1715,0,0,60,1600,146,463,60,2063,California
Colusa,2021-02-18,138,2664,36,847,102,1817,0,0,114,1690,24,487,114,2177,California
Colusa,2021-02-19,155,2819,19,866,136,1953,0,0,129,1793,26,513,129,2306,California
Colusa,2021-02-20,26,2845,5,871,21,1974,0,0,9,1786,17,530,10,2316,California
Colusa,2021-02-21,1,2846,1,872,0,1974,0,0,0,1785,1,531,0,2316,California
Colusa,2021-02-22,42,2888,25,897,17,1991,0,0,28,1799,14,545,28,2344,California
Colusa,2021-02-23,19,2907,4,901,15,2006,0,0,16,1812,3,548,16,2360,California
Colusa,2021-02-24,299,3206,54,955,245,2251,0,0,157,1827,142,690,157,2517,California
Colusa,2021-02-25,99,3305,53,1008,46,2297,0,0,64,1856,35,725,64,2581,California
Colusa,2021-02-26,98,3403,14,1022,84,2381,0,0,59,1876,39,764,59,2640,California
Colusa,2021-02-27,55,3458,4,1026,51,2432,0,0,40,1901,15,779,40,2680,California
Colusa,2021-02-28,26,3484,14,1040,12,2444,0,0,17,1909,9,788,17,2697,California
Colusa,2021-03-01,45,3529,15,1055,30,2474,0,0,28,1920,17,805,28,2725,California
Colusa,2021-03-02,47,3576,13,1068,34,2508,0,0,23,1920,23,828,23,2748,California
Colusa,2021-03-03,220,3796,37,1105,183,2691,0,0,164,2028,56,884,164,2912,California
Colusa,2021-03-04,135,3931,57,1162,78,2769,0,0,78,2049,57,941,78,2990,California
Colusa,2021-03-05,91,4022,19,1181,63,2832,9,9,45,2057,46,987,54,3044,California
Colusa,2021-03-06,246,4268,10,1191,236,3068,0,9,32,1875,214,1201,32,3076,California
Colusa,2021-03-07,8,4276,5,1196,3,3071,0,9,6,1879,2,1203,6,3082,California
Colusa,2021-03-08,84,4360,17,1213,30,3101,37,46,37,1905,47,1250,73,3155,California
Colusa,2021-03-09,262,4622,63,1276,180,3281,19,65,78,1818,184,1434,97,3252,California
Colusa,2021-03-10,241,4863,34,1310,193,3474,14,79,179,1950,61,1495,193,3445,California
Colusa,2021-03-11,400,5263,54,1364,324,3798,22,101,316,2204,84,1579,338,3783,California
Colusa,2021-03-12,91,5354,14,1378,65,3863,12,113,17,2160,74,1653,30,3813,California
Colusa,2021-03-13,55,5409,14,1392,34,3897,7,120,17,2146,38,1691,24,3837,California
Colusa,2021-03-14,11,5420,0,1392,9,3906,2,122,4,2145,7,1698,6,3843,California
Colusa,2021-03-15,69,5489,27,1419,35,3941,7,129,16,2115,53,1751,23,3866,California
Colusa,2021-03-16,267,5756,15,1434,205,4146,47,176,158,2211,109,1860,205,4071,California
Colusa,2021-03-17,165,5921,45,1479,120,4266,0,176,81,2208,84,1944,81,4152,California
Colusa,2021-03-18,284,6205,28,1507,188,4454,68,244,169,2330,115,2059,237,4389,California
Colusa,2021-03-19,58,6263,15,1522,42,4496,1,245,43,2359,15,2074,44,4433,California
Colusa,2021-03-20,36,6299,6,1528,29,4525,1,246,27,2378,9,2083,28,4461,California
Colusa,2021-03-21,6,6305,5,1533,1,4526,0,246,4,2380,2,2085,4,4465,California
Colusa,2021-03-22,59,6364,9,1542,42,4568,8,254,38,2405,21,2106,46,4511,California
Colusa,2021-03-23,74,6438,16,1558,56,4624,2,256,48,2430,25,2131,50,4561,California
Colusa,2021-03-24,330,6768,55,1613,272,4896,3,259,72,2247,257,2388,74,4635,California
Colusa,2021-03-25,102,6870,54,1667,43,4939,5,264,48,2246,54,2442,53,4688,California
Colusa,2021-03-26,281,7151,43,1710,235,5174,3,267,230,2432,51,2493,237,4925,California
Colusa,2021-03-27,64,7215,5,1715,59,5233,0,267,26,2420,38,2531,26,4951,California
Colusa,2021-03-28,16,7231,7,1722,9,5242,0,267,8,2420,8,2539,8,4959,California
Colusa,2021-03-29,68,7299,19,1741,44,5286,5,272,29,2415,39,2578,34,4993,California
Colusa,2021-03-30,139,7438,70,1811,67,5353,2,274,75,2428,64,2642,77,5070,California
Colusa,2021-03-31,223,7661,35,1846,188,5541,0,274,71,2366,152,2794,90,5160,California
Colusa,2021-04-01,280,7941,57,1903,209,5750,14,288,211,2523,69,2863,226,5386,California
Colusa,2021-04-02,77,8018,13,1916,51,5801,13,301,39,2537,38,2901,52,5438,California
Colusa,2021-04-03,22,8040,2,1918,7,5808,13,314,7,2542,15,2916,20,5458,California
Contra Costa,2020-12-15,19,19,19,19,0,0,0,0,19,19,0,0,19,19,California
Contra Costa,2020-12-16,522,541,522,541,0,0,0,0,522,541,0,0,522,541,California
Contra Costa,2020-12-17,906,1447,906,1447,0,0,0,0,906,1447,0,0,906,1447,California
Contra Costa,2020-12-18,1592,3039,1591,3038,1,1,0,0,1592,3039,0,0,1592,3039,California
Contra Costa,2020-12-19,1105,4144,1104,4142,1,2,0,0,1105,4144,0,0,1105,4144,California
Contra Costa,2020-12-20,582,4726,581,4723,1,3,0,0,582,4726,0,0,582,4726,California
Contra Costa,2020-12-21,1656,6382,1654,6377,2,5,0,0,1656,6382,0,0,1656,6382,California
Contra Costa,2020-12-22,1667,8049,1560,7937,107,112,0,0,1667,8049,0,0,1667,8049,California
Contra Costa,2020-12-23,1572,9621,1327,9264,245,357,0,0,1572,9621,0,0,1572,9621,California
Contra Costa,2020-12-24,649,10270,333,9597,316,673,0,0,649,10270,0,0,649,10270,California
Contra Costa,2020-12-25,38,10308,16,9613,22,695,0,0,38,10308,0,0,38,10308,California
Contra Costa,2020-12-26,643,10951,133,9746,510,1205,0,0,643,10951,0,0,643,10951,California
Contra Costa,2020-12-27,238,11189,84,9830,154,1359,0,0,238,11189,0,0,238,11189,California
Contra Costa,2020-12-28,1819,13008,855,10685,964,2323,0,0,1819,13008,0,0,1819,13008,California
Contra Costa,2020-12-29,1829,14837,824,11509,1005,3328,0,0,1829,14837,0,0,1829,14837,California
Contra Costa,2020-12-30,2393,17230,1211,12720,1182,4510,0,0,2392,17229,0,0,2392,17229,California
Contra Costa,2020-12-31,909,18139,306,13026,603,5113,0,0,908,18137,0,0,908,18137,California
Contra Costa,2021-01-01,57,18196,23,13049,34,5147,0,0,57,18194,0,0,57,18194,California
Contra Costa,2021-01-02,332,18528,170,13219,162,5309,0,0,332,18526,0,0,332,18526,California
Contra Costa,2021-01-03,173,18701,115,13334,58,5367,0,0,172,18698,0,0,172,18698,California
Contra Costa,2021-01-04,1906,20607,1247,14581,659,6026,0,0,1886,20566,18,18,1886,20584,California
Contra Costa,2021-01-05,2095,22702,1254,15835,841,6867,0,0,1837,22147,257,275,1838,22422,California
Contra Costa,2021-01-06,3267,25969,2242,18077,1025,7892,0,0,2508,23904,753,1028,2510,24932,California
Contra Costa,2021-01-07,3085,29054,2053,20130,1032,8924,0,0,1873,24571,1209,2237,1876,26808,California
Contra Costa,2021-01-08,3360,32414,2376,22506,984,9908,0,0,1805,24830,1549,3786,1808,28616,California
Contra Costa,2021-01-09,1581,33995,1130,23636,451,10359,0,0,753,24757,827,4613,754,29370,California
Contra Costa,2021-01-10,361,34356,286,23922,75,10434,0,0,152,24700,209,4822,152,29522,California
Contra Costa,2021-01-11,3815,38171,3101,27023,714,11148,0,0,2222,25331,1593,6415,2224,31746,California
Contra Costa,2021-01-12,3893,42064,2923,29946,970,12118,0,0,2573,26584,1321,7736,2574,34320,California
Contra Costa,2021-01-13,4661,46725,2875,32821,1786,13904,0,0,3734,29397,923,8659,3736,38056,California
Contra Costa,2021-01-14,4294,51019,1556,34377,2738,16642,0,0,3907,32917,387,9046,3907,41963,California
Contra Costa,2021-01-15,5331,56350,2473,36850,2858,19500,0,0,5005,37601,325,9371,5009,46972,California
Contra Costa,2021-01-16,1714,58064,554,37404,1160,20660,0,0,1638,39163,76,9447,1638,48610,California
Contra Costa,2021-01-17,1645,59709,983,38387,662,21322,0,0,1519,40558,126,9573,1521,50131,California
Contra Costa,2021-01-18,3206,62915,1258,39645,1948,23270,0,0,2577,42514,623,10196,2579,52710,California
Contra Costa,2021-01-19,7059,69974,3155,42800,3904,27174,0,0,6061,47586,995,11191,6067,58777,California
Contra Costa,2021-01-20,6581,76555,4032,46832,2549,29723,0,0,5354,51724,1222,12413,5360,64137,California
Contra Costa,2021-01-21,6959,83514,3089,49921,3870,33593,0,0,6240,57254,714,13127,6244,70381,California
Contra Costa,2021-01-22,6343,89857,2693,52614,3650,37243,0,0,5485,61892,849,13976,5487,75868,California
Contra Costa,2021-01-23,2016,91873,356,52970,1660,38903,0,0,1763,63406,251,14227,1765,77633,California
Contra Costa,2021-01-24,1577,93450,213,53183,1364,40267,0,0,1432,64697,145,14372,1436,79069,California
Contra Costa,2021-01-25,6617,100067,3004,56187,3613,43880,0,0,5058,68202,1558,15930,5063,84132,California
Contra Costa,2021-01-26,8053,108120,4661,60848,3392,47272,0,0,6223,72606,1823,17753,6227,90359,California
Contra Costa,2021-01-27,8216,116336,5488,66336,2728,50000,0,0,6328,77138,1798,19551,6330,96689,California
Contra Costa,2021-01-28,7356,123692,4043,70379,3313,53313,0,0,5780,81350,1570,21121,5782,102471,California
Contra Costa,2021-01-29,7426,131118,3876,74255,3550,56863,0,0,6125,86179,1298,22419,6127,108598,California
Contra Costa,2021-01-30,2043,133161,558,74813,1485,58348,0,0,1719,87581,317,22736,1719,110317,California
Contra Costa,2021-01-31,744,133905,526,75339,218,58566,0,0,570,87983,168,22904,570,110887,California
Contra Costa,2021-02-01,5515,139420,3759,79098,1756,60322,0,0,3884,90247,1625,24529,3889,114776,California
Contra Costa,2021-02-02,7752,147172,5277,84375,2475,62797,0,0,5904,94306,1846,26375,5905,120681,California
Contra Costa,2021-02-03,8268,155440,5471,89846,2797,65594,0,0,5639,97325,2621,28996,5640,126321,California
Contra Costa,2021-02-04,7439,162879,3526,93372,3913,69507,0,0,5725,101341,1711,30707,5727,132048,California
Contra Costa,2021-02-05,8421,171300,4826,98198,3595,73102,0,0,5726,104378,2689,33396,5726,137774,California
Contra Costa,2021-02-06,3458,174758,2148,100346,1310,74412,0,0,2810,106542,647,34043,2811,140585,California
Contra Costa,2021-02-07,981,175739,713,101059,268,74680,0,0,605,106772,375,34418,605,141190,California
Contra Costa,2021-02-08,5804,181543,3443,104502,2361,77041,0,0,4323,109620,1476,35894,4324,145514,California
Contra Costa,2021-02-09,8621,190164,4763,109265,3858,80899,0,0,5753,112510,2863,38757,5753,151267,California
Contra Costa,2021-02-10,8575,198739,4620,113885,3955,84854,0,0,5390,114730,3173,41930,5393,156660,California
Contra Costa,2021-02-11,9186,207925,4192,118077,4994,89848,0,0,5236,116023,3944,45874,5237,161897,California
Contra Costa,2021-02-12,10039,217964,4603,122680,5436,95284,0,0,5452,116897,4582,50456,5456,167353,California
Contra Costa,2021-02-13,4843,222807,1348,124028,3495,98779,0,0,3381,118819,1459,51915,3381,170734,California
Contra Costa,2021-02-14,2068,224875,855,124883,1213,99992,0,0,1212,119176,855,52770,1212,171946,California
Contra Costa,2021-02-15,4417,229292,2453,127336,1964,101956,0,0,2333,119434,2078,54848,2336,174282,California
Contra Costa,2021-02-16,10387,239679,4889,132225,5498,107454,0,0,4630,118319,5750,60598,4635,178917,California
Contra Costa,2021-02-17,12202,251881,6093,138318,6109,113563,0,0,5578,117289,6610,67208,5580,184497,California
Contra Costa,2021-02-18,11414,263295,5956,144274,5458,119021,0,0,5291,116468,6114,73322,5293,189790,California
Contra Costa,2021-02-19,11383,274678,7096,151370,4287,123308,0,0,5166,115432,6203,79525,5167,194957,California
Contra Costa,2021-02-20,6463,281141,2908,154278,3555,126863,0,0,4583,118150,1865,81390,4583,199540,California
Contra Costa,2021-02-21,1752,282893,1204,155482,548,127411,0,0,1058,118516,693,82083,1059,200599,California
Contra Costa,2021-02-22,7504,290397,5068,160550,2436,129847,0,0,3479,117979,4017,86100,3480,204079,California
Contra Costa,2021-02-23,11847,302244,7231,167781,4616,134463,0,0,5894,117938,5939,92039,5898,209977,California
Contra Costa,2021-02-24,10446,312690,7666,175447,2780,137243,0,0,5047,117605,5383,97422,5050,215027,California
Contra Costa,2021-02-25,11422,324112,7181,182628,4241,141484,0,0,5188,116584,6214,103636,5193,220220,California
Contra Costa,2021-02-26,10638,334750,6729,189357,3909,145393,0,0,5253,116474,5370,109006,5260,225480,California
Contra Costa,2021-02-27,6580,341330,4197,193554,2383,147776,0,0,4081,118064,2493,111499,4083,229563,California
Contra Costa,2021-02-28,3777,345107,3124,196678,653,148429,0,0,3184,120659,591,112090,3186,232749,California
Contra Costa,2021-03-01,8029,353136,6031,202709,1998,150427,0,0,4928,122500,3089,115179,4930,237679,California
Contra Costa,2021-03-02,9952,363088,6210,208919,3740,154167,2,2,5126,122816,4814,119993,5130,242809,California
Contra Costa,2021-03-03,10140,373228,6323,215242,3817,157984,0,2,5380,123454,4743,124736,5381,248190,California
Contra Costa,2021-03-04,10786,384014,6239,221481,4547,162531,0,2,5254,123194,5516,130252,5256,253446,California
Contra Costa,2021-03-05,9807,393821,5721,227202,4081,166612,5,7,5260,123927,4535,134787,5268,258714,California
Contra Costa,2021-03-06,6954,400775,3948,231150,2714,169326,292,299,4453,126181,2492,137279,4746,263460,California
Contra Costa,2021-03-07,3552,404327,2235,233385,1260,170586,57,356,2892,128473,658,137937,2950,266410,California
Contra Costa,2021-03-08,7901,412228,3695,237080,3933,174519,273,629,5283,131430,2605,140542,5562,271972,California
Contra Costa,2021-03-09,10083,422311,4923,242003,4859,179378,301,930,4966,131588,5113,145655,5271,277243,California
Contra Costa,2021-03-10,11777,434088,5891,247894,4469,183847,1417,2347,5294,131827,6475,152130,6714,283957,California
Contra Costa,2021-03-11,11916,446004,6249,254143,5220,189067,447,2794,6096,132569,5804,157934,6546,290503,California
Contra Costa,2021-03-12,11084,457088,4587,258730,6174,195241,323,3117,5700,133225,5372,163306,6028,296531,California
Contra Costa,2021-03-13,6924,464012,2758,261488,3806,199047,360,3477,2759,132192,4151,167457,3118,299649,California
Contra Costa,2021-03-14,4014,468026,2412,263900,1143,200190,459,3936,1954,132550,2054,169511,2412,302061,California
Contra Costa,2021-03-15,9281,477307,5026,268926,3513,203703,742,4678,4694,133415,4575,174086,5440,307501,California
Contra Costa,2021-03-16,14121,491428,8361,277287,5362,209065,398,5076,7153,134023,6946,181032,7554,315055,California
Contra Costa,2021-03-17,14346,505774,9808,287095,4337,213402,201,5277,8128,136167,6197,187229,8341,323396,California
Contra Costa,2021-03-18,13338,519112,7302,294397,5632,219034,404,5681,7540,138345,5777,193006,7955,331351,California
Contra Costa,2021-03-19,12273,531385,7268,301665,3941,222975,1064,6745,6339,139843,5922,198928,7420,338771,California
Contra Costa,2021-03-20,6895,538280,4036,305701,2629,225604,230,6975,3525,140247,3356,202284,3760,342531,California
Contra Costa,2021-03-21,4332,542612,3758,309459,481,226085,93,7068,2068,140149,2261,204545,2163,344694,California
Contra Costa,2021-03-22,11316,553928,8492,317951,2589,228674,235,7303,6916,142928,4391,208936,7170,351864,California
Contra Costa,2021-03-23,15213,569141,10382,328333,4661,233335,170,7473,9209,146354,5983,214919,9409,361273,California
Contra Costa,2021-03-24,14644,583785,11366,339699,3070,236405,208,7681,9054,150296,5567,220486,9509,370782,California
Contra Costa,2021-03-25,14929,598714,11554,351253,3099,239504,276,7957,9203,154653,5693,226179,10050,380832,California
Contra Costa,2021-03-26,14633,613347,10417,361670,3816,243320,400,8357,8605,158246,6007,232186,9600,390432,California
Contra Costa,2021-03-27,10152,623499,6523,368193,3138,246458,491,8848,5564,159829,4577,236763,6160,396592,California
Contra Costa,2021-03-28,4062,627561,2866,371059,1138,247596,58,8906,1728,159302,2327,239090,1800,398392,California
Contra Costa,2021-03-29,10603,638164,8259,379318,2235,249831,109,9015,6901,162668,3689,242779,7055,405447,California
Contra Costa,2021-03-30,16100,654264,8829,388147,6006,255837,1265,10280,10651,169239,5434,248213,12005,417452,California
Contra Costa,2021-03-31,17144,671408,11948,400095,3838,259675,1358,11638,11056,175704,6064,254277,12529,429981,California
Contra Costa,2021-04-01,16534,687942,11529,411624,3734,263409,1271,12909,10682,182078,5836,260113,12210,442191,California
Contra Costa,2021-04-02,16191,704133,11987,423611,3274,266683,930,13839,10798,188888,5383,265496,12193,454384,California
Contra Costa,2021-04-03,8277,712410,5041,428652,2082,268765,1154,14993,4880,191726,3394,268890,6232,460616,California
Del Norte,2020-12-19,1,1,1,1,0,0,0,0,1,1,0,0,1,1,California
Del Norte,2020-12-21,23,24,23,24,0,0,0,0,23,24,0,0,23,24,California
Del Norte,2020-12-22,46,70,46,70,0,0,0,0,46,70,0,0,46,70,California
Del Norte,2020-12-23,58,128,48,118,10,10,0,0,57,127,0,0,57,127,California
Del Norte,2020-12-28,34,162,34,152,0,10,0,0,34,161,0,0,34,161,California
Del Norte,2020-12-29,4,166,4,156,0,10,0,0,4,165,0,0,4,165,California
Del Norte,2020-12-30,67,233,55,211,12,22,0,0,68,233,0,0,68,233,California
Del Norte,2020-12-31,16,249,13,224,3,25,0,0,16,249,0,0,16,249,California
Del Norte,2021-01-04,102,351,49,273,53,78,0,0,102,351,0,0,102,351,California
Del Norte,2021-01-05,33,384,0,273,33,111,0,0,33,384,0,0,33,384,California
Del Norte,2021-01-06,78,462,18,291,60,171,0,0,78,462,0,0,78,462,California
Del Norte,2021-01-07,21,483,1,292,20,191,0,0,21,483,0,0,21,483,California
Del Norte,2021-01-08,77,560,7,299,70,261,0,0,77,560,0,0,77,560,California
Del Norte,2021-01-09,1,561,1,300,0,261,0,0,0,559,1,1,0,560,California
Del Norte,2021-01-11,40,601,21,321,19,280,0,0,18,556,22,23,19,579,California
Del Norte,2021-01-12,50,651,32,353,18,298,0,0,29,564,21,44,29,608,California
Del Norte,2021-01-13,85,736,40,393,45,343,0,0,52,583,33,77,52,660,California
Del Norte,2021-01-14,52,788,14,407,38,381,0,0,46,623,6,83,46,706,California
Del Norte,2021-01-15,107,895,18,425,89,470,0,0,95,706,12,95,95,801,California
Del Norte,2021-01-17,1,896,1,426,0,470,0,0,1,707,0,95,1,802,California
Del Norte,2021-01-18,2,898,0,426,2,472,0,0,2,709,0,95,2,804,California
Del Norte,2021-01-19,119,1017,56,482,63,535,0,0,77,744,42,137,77,881,California
Del Norte,2021-01-20,157,1174,83,565,74,609,0,0,96,779,61,198,96,977,California
Del Norte,2021-01-21,43,1217,40,605,3,612,0,0,32,800,11,209,32,1009,California
Del Norte,2021-01-22,19,1236,16,621,3,615,0,0,12,805,7,216,12,1021,California
Del Norte,2021-01-23,1,1237,0,621,1,616,0,0,1,806,0,216,1,1022,California
Del Norte,2021-01-24,1,1238,0,621,1,617,0,0,1,807,0,216,1,1023,California
Del Norte,2021-01-25,97,1335,79,700,18,635,0,0,53,816,44,260,53,1076,California
Del Norte,2021-01-26,18,1353,11,711,7,642,0,0,7,812,11,271,7,1083,California
Del Norte,2021-01-27,64,1417,21,732,43,685,0,0,61,870,3,274,61,1144,California
Del Norte,2021-01-28,291,1708,20,752,271,956,0,0,287,1153,4,278,287,1431,California
Del Norte,2021-01-29,50,1758,19,771,31,987,0,0,41,1185,9,287,41,1472,California
Del Norte,2021-01-30,8,1766,1,772,7,994,0,0,8,1193,0,287,8,1480,California
Del Norte,2021-02-01,41,1807,1,773,40,1034,0,0,26,1204,15,302,26,1506,California
Del Norte,2021-02-02,142,1949,34,807,108,1142,0,0,73,1209,68,370,73,1579,California
Del Norte,2021-02-03,126,2075,40,847,86,1228,0,0,71,1225,55,425,71,1650,California
Del Norte,2021-02-04,71,2146,29,876,42,1270,0,0,42,1238,29,454,42,1692,California
Del Norte,2021-02-05,182,2328,22,898,160,1430,0,0,119,1295,62,516,119,1811,California
Del Norte,2021-02-06,305,2633,7,905,298,1728,0,0,305,1600,0,516,305,2116,California
Del Norte,2021-02-07,4,2637,3,908,1,1729,0,0,4,1604,0,516,4,2120,California
Del Norte,2021-02-08,36,2673,1,909,35,1764,0,0,32,1632,4,520,32,2152,California
Del Norte,2021-02-09,8,2681,5,914,3,1767,0,0,2,1628,6,526,2,2154,California
Del Norte,2021-02-10,143,2824,20,934,123,1890,0,0,86,1658,56,582,86,2240,California
Del Norte,2021-02-11,175,2999,58,992,117,2007,0,0,63,1609,112,694,63,2303,California
Del Norte,2021-02-12,120,3119,14,1006,106,2113,0,0,66,1621,54,748,66,2369,California
Del Norte,2021-02-13,2,3121,1,1007,1,2114,0,0,2,1623,0,748,2,2371,California
Del Norte,2021-02-14,3,3124,1,1008,2,2116,0,0,2,1624,1,749,2,2373,California
Del Norte,2021-02-15,4,3128,0,1008,4,2120,0,0,2,1624,2,751,2,2375,California
Del Norte,2021-02-16,132,3260,1,1009,131,2251,0,0,13,1518,119,870,13,2388,California
Del Norte,2021-02-17,90,3350,19,1028,71,2322,0,0,23,1474,67,937,23,2411,California
Del Norte,2021-02-18,76,3426,24,1052,52,2374,0,0,50,1498,26,963,50,2461,California
Del Norte,2021-02-19,45,3471,18,1070,27,2401,0,0,35,1523,10,973,35,2496,California
Del Norte,2021-02-20,9,3480,6,1076,3,2404,0,0,7,1528,2,975,7,2503,California
Del Norte,2021-02-22,2,3482,0,1076,2,2406,0,0,2,1530,0,975,2,2505,California
Del Norte,2021-02-23,101,3583,83,1159,18,2424,0,0,30,1489,71,1046,30,2535,California
Del Norte,2021-02-24,152,3735,98,1257,54,2478,0,0,79,1495,73,1119,79,2614,California
Del Norte,2021-02-25,466,4201,129,1386,337,2815,0,0,208,1445,258,1377,208,2822,California
Del Norte,2021-02-26,201,4402,165,1551,36,2851,0,0,155,1554,46,1423,155,2977,California
Del Norte,2021-02-27,154,4556,146,1697,8,2859,0,0,144,1688,10,1433,144,3121,California
Del Norte,2021-02-28,6,4562,3,1700,3,2862,0,0,3,1688,3,1436,3,3124,California
Del Norte,2021-03-01,28,4590,2,1702,26,2888,0,0,5,1670,23,1459,5,3129,California
Del Norte,2021-03-02,210,4800,140,1842,70,2958,0,0,178,1816,32,1491,178,3307,California
Del Norte,2021-03-03,152,4952,90,1932,62,3020,0,0,112,1888,40,1531,112,3419,California
Del Norte,2021-03-04,121,5073,83,2015,38,3058,0,0,91,1950,29,1560,91,3510,California
Del Norte,2021-03-05,91,5164,8,2023,83,3141,0,0,43,1945,48,1608,43,3553,California
Del Norte,2021-03-06,427,5591,80,2103,297,3438,50,50,153,1831,274,1882,160,3713,California
Del Norte,2021-03-07,3,5594,2,2105,1,3439,0,50,2,1832,1,1883,2,3715,California
Del Norte,2021-03-08,27,5621,1,2106,24,3463,2,52,4,1815,23,1906,6,3721,California
Del Norte,2021-03-09,171,5792,95,2201,72,3535,4,56,160,1968,11,1917,164,3885,California
Del Norte,2021-03-10,129,5921,11,2212,92,3627,26,82,46,1957,83,2000,72,3957,California
Del Norte,2021-03-11,142,6063,49,2261,91,3718,2,84,97,2011,45,2045,99,4056,California
Del Norte,2021-03-12,160,6223,90,2351,70,3788,0,84,115,2081,45,2090,115,4171,California
Del Norte,2021-03-13,94,6317,92,2443,2,3790,0,84,89,2165,5,2095,89,4260,California
Del Norte,2021-03-14,1,6318,0,2443,0,3790,1,85,0,2165,1,2096,1,4261,California
Del Norte,2021-03-15,40,6358,0,2443,39,3829,1,86,35,2196,5,2101,36,4297,California
Del Norte,2021-03-16,260,6618,129,2572,129,3958,2,88,238,2414,22,2123,240,4537,California
Del Norte,2021-03-17,269,6887,88,2660,180,4138,1,89,166,2478,103,2226,167,4704,California
Del Norte,2021-03-18,261,7148,107,2767,151,4289,3,92,136,2493,124,2350,139,4843,California
Del Norte,2021-03-19,185,7333,111,2878,68,4357,6,98,62,2438,123,2473,68,4911,California
Del Norte,2021-03-20,150,7483,148,3026,2,4359,0,98,11,2310,139,2612,11,4922,California
Del Norte,2021-03-21,4,7487,1,3027,3,4362,0,98,2,2310,2,2614,2,4924,California
Del Norte,2021-03-22,46,7533,6,3033,39,4401,1,99,43,2351,3,2617,44,4968,California
Del Norte,2021-03-23,324,7857,163,3196,143,4544,18,117,155,2357,167,2784,173,5141,California
Del Norte,2021-03-24,330,8187,110,3306,217,4761,3,120,214,2459,116,2900,218,5359,California
Del Norte,2021-03-25,196,8383,89,3395,107,4868,0,120,88,2440,107,3007,88,5447,California
Del Norte,2021-03-26,223,8606,110,3505,113,4981,0,120,188,2593,35,3042,188,5635,California
Del Norte,2021-03-27,107,8713,87,3592,6,4987,14,134,20,2540,87,3129,34,5669,California
Del Norte,2021-03-28,5,8718,2,3594,3,4990,0,134,1,2537,4,3133,1,5670,California
Del Norte,2021-03-29,55,8773,7,3601,34,5024,14,148,33,2562,22,3155,47,5717,California
Del Norte,2021-03-30,331,9104,116,3717,205,5229,10,158,131,2525,200,3355,163,5880,California
Del Norte,2021-03-31,226,9330,94,3811,114,5343,18,176,95,2580,131,3486,186,6066,California
Del Norte,2021-04-01,159,9489,61,3872,69,5412,29,205,69,2592,89,3575,101,6167,California
Del Norte,2021-04-02,226,9715,78,3950,103,5515,45,250,74,2561,152,3727,121,6288,California
Del Norte,2021-04-03,9,9724,3,3953,1,5516,5,255,3,2563,6,3733,8,6296,California
El Dorado,2020-12-15,12,12,12,12,0,0,0,0,12,12,0,0,12,12,California
El Dorado,2020-12-16,40,52,40,52,0,0,0,0,40,52,0,0,40,52,California
El Dorado,2020-12-17,31,83,31,83,0,0,0,0,31,83,0,0,31,83,California
El Dorado,2020-12-18,235,318,235,318,0,0,0,0,235,318,0,0,235,318,California
El Dorado,2020-12-19,116,434,116,434,0,0,0,0,116,434,0,0,116,434,California
El Dorado,2020-12-20,84,518,84,518,0,0,0,0,84,518,0,0,84,518,California
El Dorado,2020-12-21,304,822,303,821,1,1,0,0,304,822,0,0,304,822,California
El Dorado,2020-12-22,239,1061,215,1036,24,25,0,0,239,1061,0,0,239,1061,California
El Dorado,2020-12-23,189,1250,139,1175,50,75,0,0,189,1250,0,0,189,1250,California
El Dorado,2020-12-24,87,1337,65,1240,22,97,0,0,87,1337,0,0,87,1337,California
El Dorado,2020-12-25,8,1345,8,1248,0,97,0,0,8,1345,0,0,8,1345,California
El Dorado,2020-12-26,43,1388,25,1273,18,115,0,0,43,1388,0,0,43,1388,California
El Dorado,2020-12-27,37,1425,33,1306,4,119,0,0,37,1425,0,0,37,1425,California
El Dorado,2020-12-28,216,1641,170,1476,46,165,0,0,216,1641,0,0,216,1641,California
El Dorado,2020-12-29,452,2093,138,1614,314,479,0,0,452,2093,0,0,452,2093,California
El Dorado,2020-12-30,504,2597,135,1749,369,848,0,0,504,2597,0,0,504,2597,California
El Dorado,2020-12-31,108,2705,68,1817,40,888,0,0,108,2705,0,0,108,2705,California
El Dorado,2021-01-01,7,2712,4,1821,3,891,0,0,7,2712,0,0,7,2712,California
El Dorado,2021-01-02,148,2860,137,1958,11,902,0,0,148,2860,0,0,148,2860,California
El Dorado,2021-01-03,89,2949,16,1974,73,975,0,0,89,2949,0,0,89,2949,California
El Dorado,2021-01-04,190,3139,62,2036,128,1103,0,0,190,3139,0,0,190,3139,California
El Dorado,2021-01-05,200,3339,46,2082,154,1257,0,0,184,3307,16,16,184,3323,California
El Dorado,2021-01-06,259,3598,187,2269,72,1329,0,0,196,3440,63,79,196,3519,California
El Dorado,2021-01-07,326,3924,134,2403,192,1521,0,0,255,3624,71,150,255,3774,California
El Dorado,2021-01-08,971,4895,500,2903,471,1992,0,0,769,4192,202,352,770,4544,California
El Dorado,2021-01-09,191,5086,155,3058,36,2028,0,0,123,4247,68,420,123,4667,California
El Dorado,2021-01-10,180,5266,129,3187,51,2079,0,0,111,4289,69,489,111,4778,California
El Dorado,2021-01-11,654,5920,290,3477,364,2443,0,0,459,4554,194,683,459,5237,California
El Dorado,2021-01-12,693,6613,419,3896,274,2717,0,0,445,4751,248,931,445,5682,California
El Dorado,2021-01-13,692,7305,295,4191,397,3114,0,0,533,5126,159,1090,534,6216,California
El Dorado,2021-01-14,673,7978,218,4409,455,3569,0,0,577,5607,96,1186,577,6793,California
El Dorado,2021-01-15,668,8646,181,4590,487,4056,0,0,596,6131,72,1258,596,7389,California
El Dorado,2021-01-16,171,8817,104,4694,67,4123,0,0,144,6248,27,1285,144,7533,California
El Dorado,2021-01-17,96,8913,44,4738,52,4175,0,0,80,6312,16,1301,80,7613,California
El Dorado,2021-01-18,416,9329,138,4876,278,4453,0,0,348,6592,68,1369,348,7961,California
El Dorado,2021-01-19,632,9961,345,5221,287,4740,0,0,484,6928,148,1517,484,8445,California
El Dorado,2021-01-20,1006,10967,684,5905,322,5062,0,0,894,7711,111,1628,894,9339,California
El Dorado,2021-01-21,1140,12107,562,6467,578,5640,0,0,934,8481,164,1792,934,10273,California
El Dorado,2021-01-22,1091,13198,704,7171,387,6027,0,0,1040,9471,50,1842,1040,11313,California
El Dorado,2021-01-23,737,13935,618,7789,119,6146,0,0,627,9988,110,1952,627,11940,California
El Dorado,2021-01-24,125,14060,75,7864,50,6196,0,0,107,10077,18,1970,107,12047,California
El Dorado,2021-01-25,605,14665,200,8064,405,6601,0,0,517,10506,88,2058,517,12564,California
El Dorado,2021-01-26,666,15331,357,8421,309,6910,0,0,566,10973,100,2158,567,13131,California
El Dorado,2021-01-27,921,16252,327,8748,594,7504,0,0,588,11227,334,2492,588,13719,California
El Dorado,2021-01-28,1097,17349,449,9197,648,8152,0,0,738,11606,359,2851,738,14457,California
El Dorado,2021-01-29,964,18313,489,9686,475,8627,0,0,735,12113,228,3079,735,15192,California
El Dorado,2021-01-30,610,18923,359,10045,251,8878,0,0,451,12405,159,3238,451,15643,California
El Dorado,2021-01-31,206,19129,185,10230,21,8899,0,0,176,12551,30,3268,176,15819,California
El Dorado,2021-02-01,787,19916,367,10597,420,9319,0,0,642,13049,144,3412,642,16461,California
El Dorado,2021-02-02,816,20732,361,10958,455,9774,0,0,660,13554,155,3567,660,17121,California
El Dorado,2021-02-03,891,21623,476,11434,415,10189,0,0,681,14025,210,3777,681,17802,California
El Dorado,2021-02-04,1267,22890,722,12156,545,10734,0,0,874,14506,393,4170,874,18676,California
El Dorado,2021-02-05,1477,24367,596,12752,881,11615,0,0,868,14799,575,4745,868,19544,California
El Dorado,2021-02-06,639,25006,334,13086,305,11920,0,0,532,15225,107,4852,533,20077,California
El Dorado,2021-02-07,255,25261,176,13262,79,11999,0,0,190,15350,65,4917,190,20267,California
El Dorado,2021-02-08,876,26137,415,13677,461,12460,0,0,604,15682,272,5189,604,20871,California
El Dorado,2021-02-09,886,27023,484,14161,402,12862,0,0,468,15732,418,5607,468,21339,California
El Dorado,2021-02-10,1213,28236,725,14886,488,13350,0,0,625,15770,587,6194,625,21964,California
El Dorado,2021-02-11,2069,30305,872,15758,1197,14547,0,0,912,15527,1156,7350,913,22877,California
El Dorado,2021-02-12,1521,31826,824,16582,697,15244,0,0,659,15324,862,8212,659,23536,California
El Dorado,2021-02-13,964,32790,670,17252,294,15538,0,0,421,15205,540,8752,421,23957,California
El Dorado,2021-02-14,472,33262,151,17403,321,15859,0,0,390,15513,82,8834,390,24347,California
El Dorado,2021-02-15,1127,34389,385,17788,742,16601,0,0,781,15951,346,9180,784,25131,California
El Dorado,2021-02-16,1151,35540,525,18313,626,17227,0,0,646,16093,505,9685,647,25778,California
El Dorado,2021-02-17,848,36388,374,18687,474,17701,0,0,395,16038,453,10138,398,26176,California
El Dorado,2021-02-18,2063,38451,1007,19694,1056,18757,0,0,1344,16665,718,10856,1345,27521,California
El Dorado,2021-02-19,1154,39605,601,20295,553,19310,0,0,646,16804,508,11364,647,28168,California
El Dorado,2021-02-20,919,40524,431,20726,488,19798,0,0,672,17234,242,11606,672,28840,California
El Dorado,2021-02-21,276,40800,222,20948,54,19852,0,0,96,17150,180,11786,96,28936,California
El Dorado,2021-02-22,855,41655,436,21384,419,20271,0,0,274,16844,580,12366,274,29210,California
El Dorado,2021-02-23,739,42394,465,21849,274,20545,0,0,316,16737,423,12789,316,29526,California
El Dorado,2021-02-24,906,43300,440,22289,466,21011,0,0,368,16568,538,13327,369,29895,California
El Dorado,2021-02-25,1492,44792,859,23148,633,21644,0,0,625,16335,860,14187,627,30522,California
El Dorado,2021-02-26,2227,47019,1460,24608,767,22411,0,0,1531,17170,696,14883,1531,32053,California
El Dorado,2021-02-27,1614,48633,413,25021,1201,23612,0,0,1177,17914,433,15316,1177,33230,California
El Dorado,2021-02-28,556,49189,199,25220,357,23969,0,0,407,18172,149,15465,407,33637,California
El Dorado,2021-03-01,1057,50246,443,25663,614,24583,0,0,568,18252,488,15953,568,34205,California
El Dorado,2021-03-02,853,51099,264,25927,589,25172,0,0,436,18274,415,16368,437,34642,California
El Dorado,2021-03-03,1451,52550,413,26340,1038,26210,0,0,999,18828,447,16815,1001,35643,California
El Dorado,2021-03-04,2181,54731,1374,27714,807,27017,0,0,966,18582,1213,18028,967,36610,California
El Dorado,2021-03-05,1221,55952,259,27973,957,27974,5,5,757,18884,461,18489,763,37373,California
El Dorado,2021-03-06,605,56557,190,28163,385,28359,30,35,315,18939,290,18779,345,37718,California
El Dorado,2021-03-07,401,56958,199,28362,181,28540,21,56,240,19041,159,18938,261,37979,California
El Dorado,2021-03-08,1247,58205,367,28729,813,29353,67,123,791,19446,455,19393,860,38839,California
El Dorado,2021-03-09,899,59104,225,28954,611,29964,63,186,549,19711,348,19741,613,39452,California
El Dorado,2021-03-10,772,59876,330,29284,420,30384,22,208,466,19895,304,20045,488,39940,California
El Dorado,2021-03-11,2771,62647,1780,31064,822,31206,169,377,1231,19761,1533,21578,1399,41339,California
El Dorado,2021-03-12,1460,64107,604,31668,624,31830,232,609,545,19633,911,22489,783,42122,California
El Dorado,2021-03-13,926,65033,345,32013,325,32155,256,865,336,19635,588,23077,590,42712,California
El Dorado,2021-03-14,664,65697,201,32214,358,32513,105,970,240,19557,424,23501,346,43058,California
El Dorado,2021-03-15,1276,66973,300,32514,853,33366,123,1093,517,19442,756,24257,641,43699,California
El Dorado,2021-03-16,1127,68100,385,32899,603,33969,139,1232,498,19454,625,24882,637,44336,California
El Dorado,2021-03-17,965,69065,316,33215,556,34525,93,1325,601,19785,364,25246,695,45031,California
El Dorado,2021-03-18,1924,70989,973,34188,909,35434,42,1367,1184,20277,735,25981,1227,46258,California
El Dorado,2021-03-19,830,71819,269,34457,436,35870,125,1492,430,20432,400,26381,555,46813,California
El Dorado,2021-03-20,745,72564,178,34635,554,36424,13,1505,258,20227,476,26857,271,47084,California
El Dorado,2021-03-21,930,73494,379,35014,544,36968,7,1512,840,20986,89,26946,848,47932,California
El Dorado,2021-03-22,1394,74888,447,35461,866,37834,81,1593,1099,21876,292,27238,1182,49114,California
El Dorado,2021-03-23,1026,75914,437,35898,499,38333,90,1683,648,22246,369,27607,739,49853,California
El Dorado,2021-03-24,1268,77182,590,36488,486,38819,192,1875,579,22344,682,28289,780,50633,California
El Dorado,2021-03-25,2263,79445,1572,38060,588,39407,103,1978,1257,22800,1003,29292,1459,52092,California
El Dorado,2021-03-26,1627,81072,648,38708,873,40280,106,2084,836,23096,780,30072,1076,53168,California
El Dorado,2021-03-27,1241,82313,162,38870,1075,41355,4,2088,292,22459,943,31015,306,53474,California
El Dorado,2021-03-28,574,82887,171,39041,392,41747,11,2099,175,22249,397,31412,187,53661,California
El Dorado,2021-03-29,1185,84072,428,39469,744,42491,13,2112,743,22570,439,31851,760,54421,California
El Dorado,2021-03-30,1238,85310,414,39883,735,43226,89,2201,632,22695,603,32454,728,55149,California
El Dorado,2021-03-31,1459,86769,573,40456,818,44044,68,2269,679,22692,777,33231,774,55923,California
El Dorado,2021-04-01,2922,89691,1600,42056,1244,45288,78,2347,1363,22664,1558,34789,1530,57453,California
El Dorado,2021-04-02,1529,91220,542,42598,970,46258,17,2364,595,22441,932,35721,709,58162,California
El Dorado,2021-04-03,414,91634,180,42778,176,46434,58,2422,110,22335,304,36025,198,58360,California
Fresno,2020-12-15,1,1,1,1,0,0,0,0,1,1,0,0,1,1,California
Fresno,2020-12-16,120,121,120,121,0,0,0,0,120,121,0,0,120,121,California
Fresno,2020-12-17,119,240,119,240,0,0,0,0,119,240,0,0,119,240,California
Fresno,2020-12-18,344,584,344,584,0,0,0,0,344,584,0,0,344,584,California
Fresno,2020-12-19,157,741,157,741,0,0,0,0,157,741,0,0,157,741,California
Fresno,2020-12-20,255,996,254,995,1,1,0,0,255,996,0,0,255,996,California
Fresno,2020-12-21,927,1923,926,1921,1,2,0,0,959,1955,0,0,959,1955,California
Fresno,2020-12-22,900,2823,872,2793,28,30,0,0,904,2859,0,0,904,2859,California
Fresno,2020-12-23,1081,3904,1051,3844,30,60,0,0,1082,3941,0,0,1082,3941,California
Fresno,2020-12-24,578,4482,563,4407,15,75,0,0,578,4519,0,0,578,4519,California
Fresno,2020-12-25,3,4485,2,4409,1,76,0,0,3,4522,0,0,3,4522,California
Fresno,2020-12-26,720,5205,712,5121,8,84,0,0,720,5242,0,0,720,5242,California
Fresno,2020-12-27,299,5504,204,5325,95,179,0,0,299,5541,0,0,299,5541,California
Fresno,2020-12-28,1056,6560,772,6097,284,463,0,0,1056,6597,0,0,1056,6597,California
Fresno,2020-12-29,1775,8335,1038,7135,737,1200,0,0,1773,8369,1,1,1773,8370,California
Fresno,2020-12-30,970,9305,473,7608,497,1697,0,0,970,9339,0,1,970,9340,California
Fresno,2020-12-31,892,10197,311,7919,581,2278,0,0,891,10230,0,1,891,10231,California
Fresno,2021-01-01,9,10206,3,7922,6,2284,0,0,9,10239,0,1,9,10240,California
Fresno,2021-01-02,1028,11234,716,8638,312,2596,0,0,1028,11267,0,1,1028,11268,California
Fresno,2021-01-03,153,11387,128,8766,25,2621,0,0,153,11420,0,1,153,11421,California
Fresno,2021-01-04,606,11993,372,9138,234,2855,0,0,606,12026,0,1,606,12027,California
Fresno,2021-01-05,775,12768,311,9449,464,3319,0,0,701,12653,74,75,701,12728,California
Fresno,2021-01-06,967,13735,343,9792,624,3943,0,0,795,13276,172,247,795,13523,California
Fresno,2021-01-07,1872,15607,913,10705,959,4902,0,0,1620,14645,252,499,1621,15144,California
Fresno,2021-01-08,1769,17376,614,11319,1155,6057,0,0,1404,15687,363,862,1405,16549,California
Fresno,2021-01-09,628,18004,387,11706,241,6298,0,0,354,15767,274,1136,354,16903,California
Fresno,2021-01-10,513,18517,485,12191,28,6326,0,0,199,15652,314,1450,199,17102,California
Fresno,2021-01-11,2134,20651,1731,13922,403,6729,0,0,1440,16402,694,2144,1444,18546,California
Fresno,2021-01-12,2502,23153,1810,15732,692,7421,0,0,1656,17212,848,2992,1658,20204,California
Fresno,2021-01-13,3527,26680,2422,18154,1105,8526,0,0,2668,19023,859,3851,2670,22874,California
Fresno,2021-01-14,4129,30809,2206,20360,1923,10449,0,0,3656,22206,473,4324,3656,26530,California
Fresno,2021-01-15,3618,34427,2522,22882,1096,11545,0,0,3261,25112,357,4681,3263,29793,California
Fresno,2021-01-16,3133,37560,2293,25175,840,12385,0,0,2672,27324,461,5142,2673,32466,California
Fresno,2021-01-17,978,38538,555,25730,423,12808,0,0,778,27902,200,5342,778,33244,California
Fresno,2021-01-18,3071,41609,2363,28093,708,13516,0,0,2411,29657,658,6000,2413,35657,California
Fresno,2021-01-19,4289,45898,2529,30622,1760,15276,0,0,3648,32672,641,6641,3656,39313,California
Fresno,2021-01-20,2979,48877,1184,31806,1795,17071,0,0,2692,35078,288,6929,2694,42007,California
Fresno,2021-01-21,4325,53202,2001,33807,2324,19395,0,0,3979,38734,328,7257,3984,45991,California
Fresno,2021-01-22,3292,56494,1340,35147,1952,21347,0,0,2907,41273,369,7626,2908,48899,California
Fresno,2021-01-23,3032,59526,1957,37104,1075,22422,0,0,2309,42868,723,8349,2318,51217,California
Fresno,2021-01-24,550,60076,373,37477,177,22599,0,0,347,43015,203,8552,350,51567,California
Fresno,2021-01-25,2324,62400,859,38336,1465,24064,0,0,1840,44378,484,9036,1847,53414,California
Fresno,2021-01-26,2008,64408,578,38914,1430,25494,0,0,1299,44973,707,9743,1302,54716,California
Fresno,2021-01-27,2234,66642,1156,40070,1078,26572,0,0,1722,46185,512,10255,1724,56440,California
Fresno,2021-01-28,4448,71090,3022,43092,1426,27998,0,0,3444,48631,1001,11256,3447,59887,California
Fresno,2021-01-29,1692,72782,983,44075,709,28707,0,0,1395,49733,294,11550,1396,61283,California
Fresno,2021-01-30,1414,74196,527,44602,887,29594,0,0,1004,50327,410,11960,1004,62287,California
Fresno,2021-01-31,228,74424,219,44821,9,29603,0,0,74,50247,154,12114,74,62361,California
Fresno,2021-02-01,3322,77746,1658,46479,1664,31267,0,0,1728,50484,1593,13707,1830,64191,California
Fresno,2021-02-02,2715,80461,545,47024,2170,33437,0,0,1545,50938,1157,14864,1611,65802,California
Fresno,2021-02-03,3489,83950,2044,49068,1445,34882,0,0,1529,50527,1941,16805,1530,67332,California
Fresno,2021-02-04,4195,88145,1905,50973,2290,37172,0,0,1927,50221,2238,19043,1932,69264,California
Fresno,2021-02-05,5195,93340,2600,53573,2595,39767,0,0,2182,49399,3006,22049,2184,71448,California
Fresno,2021-02-06,2923,96263,2038,55611,885,40652,0,0,963,48409,1955,24004,965,72413,California
Fresno,2021-02-07,459,96722,285,55896,174,40826,0,0,270,48491,188,24192,270,72683,California
Fresno,2021-02-08,4277,100999,2301,58197,1976,42802,0,0,1815,47876,2439,26631,1824,74507,California
Fresno,2021-02-09,5331,106330,2089,60286,3242,46044,0,0,3131,48889,2126,28757,3139,77646,California
Fresno,2021-02-10,3664,109994,1227,61513,2437,48481,0,0,1964,49212,1647,30404,1970,79616,California
Fresno,2021-02-11,6346,116340,2087,63600,4259,52740,0,0,3367,49616,2967,33371,3371,82987,California
Fresno,2021-02-12,5348,121688,1373,64973,3975,56715,0,0,2751,49792,2581,35952,2757,85744,California
Fresno,2021-02-13,3717,125405,1544,66517,2173,58888,0,0,2072,50234,1633,37585,2075,87819,California
Fresno,2021-02-14,1556,126961,282,66799,1274,60162,0,0,846,50372,709,38294,847,88666,California
Fresno,2021-02-15,2865,129826,270,67069,2595,62757,0,0,1763,51040,1098,39392,1766,90432,California
Fresno,2021-02-16,6613,136439,2389,69458,4224,66981,0,0,4212,52872,2385,41777,4217,94649,California
Fresno,2021-02-17,5299,141738,2441,71899,2858,69839,0,0,2965,53560,2289,44066,2977,97626,California
Fresno,2021-02-18,6801,148539,2908,74807,3893,73732,0,0,2574,51969,4177,48243,2586,100212,California
Fresno,2021-02-19,3804,152343,1104,75911,2700,76432,0,0,1838,51855,1955,50198,1841,102053,California
Fresno,2021-02-20,4528,156871,2493,78404,2035,78467,0,0,3069,53476,1453,51651,3074,105127,California
Fresno,2021-02-21,179,157050,163,78567,16,78483,0,0,127,53562,41,51692,127,105254,California
Fresno,2021-02-22,2170,159220,960,79527,1210,79693,0,0,1197,53802,964,52656,1204,106458,California
Fresno,2021-02-23,3817,163037,1441,80968,2376,82069,0,0,2966,55930,844,53500,2972,109430,California
Fresno,2021-02-24,4094,167131,1492,82460,2602,84671,0,0,3357,58563,727,54227,3360,112790,California
Fresno,2021-02-25,7390,174521,2469,84929,4921,89592,0,0,5949,63140,1378,55605,5955,118745,California
Fresno,2021-02-26,8124,182645,2982,87911,5142,94734,0,0,6863,68770,1237,56842,6867,125612,California
Fresno,2021-02-27,6243,188888,2177,90088,4066,98800,0,0,5567,73677,668,57510,5575,131187,California
Fresno,2021-02-28,1625,190513,525,90613,1100,99900,0,0,1529,75133,86,57596,1542,132729,California
Fresno,2021-03-01,4750,195263,1242,91855,3508,103408,0,0,3490,77382,1248,58844,3497,136226,California
Fresno,2021-03-02,8221,203484,2246,94101,5975,109383,0,0,6899,83008,1298,60142,6924,143150,California
Fresno,2021-03-03,5938,209422,1374,95475,4564,113947,0,0,4967,87108,961,61103,5061,148211,California
Fresno,2021-03-04,8059,217481,2272,97747,5787,119734,0,0,6577,92236,1459,62562,6587,154798,California
Fresno,2021-03-05,7201,224682,2582,100329,4618,124352,1,1,6255,97713,816,63378,6293,161091,California
Fresno,2021-03-06,6144,230826,3332,103661,2700,127052,112,113,5227,102144,913,64291,5344,166435,California
Fresno,2021-03-07,1310,232136,536,104197,740,127792,34,147,1089,103047,221,64512,1124,167559,California
Fresno,2021-03-08,4560,236696,1700,105897,2728,130520,132,279,3428,105494,1128,65640,3575,171134,California
Fresno,2021-03-09,6602,243298,2226,108123,4109,134629,267,546,3738,106687,2853,68493,4046,175180,California
Fresno,2021-03-10,5925,249223,2360,110483,3205,137834,360,906,4569,110281,1345,69838,4939,180119,California
Fresno,2021-03-11,10278,259501,3972,114455,5788,143622,518,1424,5578,111784,4669,74507,6172,186291,California
Fresno,2021-03-12,9858,269359,4211,118666,5260,148882,387,1811,7370,117215,2476,76983,7907,194198,California
Fresno,2021-03-13,6805,276164,3627,122293,2279,151161,899,2710,3206,117820,3584,80567,4189,198387,California
Fresno,2021-03-14,1226,277390,385,122678,572,151733,269,2979,494,117856,728,81295,764,199151,California
Fresno,2021-03-15,6628,284018,2827,125505,3638,155371,163,3142,4524,120648,2095,83390,4887,204038,California
Fresno,2021-03-16,9845,293863,4321,129826,5146,160517,378,3520,6027,123363,3793,87183,6508,210546,California
Fresno,2021-03-17,7722,301585,3585,133411,3605,164122,532,4052,5183,126941,2521,89704,6099,216645,California
Fresno,2021-03-18,10249,311834,5652,139063,4050,168172,547,4599,6619,130869,3598,93302,7526,224171,California
Fresno,2021-03-19,9108,320942,4741,143804,3921,172093,446,5045,6068,134637,3017,96319,6785,230956,California
Fresno,2021-03-20,5183,326125,2952,146756,2033,174126,198,5243,3070,135993,2106,98425,3462,234418,California
Fresno,2021-03-21,1724,327849,1174,147930,188,174314,362,5605,934,136508,786,99211,1301,235719,California
Fresno,2021-03-22,5496,333345,2801,150731,2105,176419,590,6195,3670,139211,1797,101008,4500,240219,California
Fresno,2021-03-23,10409,343754,5172,155903,4801,181220,436,6631,6044,141836,4331,105339,6956,247175,California
Fresno,2021-03-24,8296,352050,3458,159361,4041,185261,797,7428,4615,143764,3655,108994,5583,252758,California
Fresno,2021-03-25,11707,363757,5394,164755,5623,190884,690,8118,6052,145191,5621,114615,7048,259806,California
Fresno,2021-03-26,11565,375322,5194,169949,5740,196624,631,8749,5159,144718,6360,120975,5887,265693,California
Fresno,2021-03-27,9186,384508,4036,173985,4114,200738,1036,9785,2871,142450,6285,127260,4017,269710,California
Fresno,2021-03-28,3116,387624,1159,175144,1379,202117,578,10363,1316,142815,1794,129054,2159,271869,California
Fresno,2021-03-29,5679,393303,1863,177007,3319,205436,497,10860,2793,143279,2858,131912,3322,275191,California
Fresno,2021-03-30,9949,403252,4004,181011,5161,210597,784,11644,4322,142854,5602,137514,5177,280368,California
Fresno,2021-03-31,8138,411390,3157,184168,4060,214657,921,12565,3642,143068,4455,141969,4669,285037,California
Fresno,2021-04-01,9617,421007,3842,188010,5183,219840,592,13157,3531,141398,6016,147985,4346,289383,California
Fresno,2021-04-02,9423,430430,4278,192288,4449,224289,696,13853,3907,140984,5386,153371,4972,294355,California
Fresno,2021-04-03,4250,434680,2497,194785,1548,225837,205,14058,1445,139932,2793,156164,1741,296096,California
Glenn,2020-12-17,1,1,1,1,0,0,0,0,1,1,0,0,1,1,California
Glenn,2020-12-19,1,2,1,2,0,0,0,0,1,2,0,0,1,2,California
Glenn,2020-12-20,1,3,1,3,0,0,0,0,1,3,0,0,1,3,California
Glenn,2020-12-21,11,14,11,14,0,0,0,0,11,14,0,0,11,14,California
Glenn,2020-12-22,59,73,59,73,0,0,0,0,59,73,0,0,59,73,California
Glenn,2020-12-23,26,99,26,99,0,0,0,0,26,99,0,0,26,99,California
Glenn,2020-12-24,9,108,9,108,0,0,0,0,9,108,0,0,9,108,California
Glenn,2020-12-26,2,110,2,110,0,0,0,0,2,110,0,0,2,110,California
Glenn,2020-12-27,4,114,4,114,0,0,0,0,4,114,0,0,4,114,California
Glenn,2020-12-28,20,134,20,134,0,0,0,0,20,134,0,0,20,134,California
Glenn,2020-12-29,82,216,82,216,0,0,0,0,82,216,0,0,82,216,California
Glenn,2020-12-30,129,345,107,323,22,22,0,0,129,345,0,0,129,345,California
Glenn,2020-12-31,38,383,9,332,29,51,0,0,38,383,0,0,38,383,California
Glenn,2021-01-02,2,385,2,334,0,51,0,0,2,385,0,0,2,385,California
Glenn,2021-01-04,7,392,5,339,2,53,0,0,7,392,0,0,7,392,California
Glenn,2021-01-05,9,401,8,347,1,54,0,0,9,401,0,0,9,401,California
Glenn,2021-01-06,61,462,9,356,52,106,0,0,61,462,0,0,61,462,California
Glenn,2021-01-07,66,528,12,368,54,160,0,0,64,524,2,2,64,526,California
Glenn,2021-01-08,11,539,9,377,2,162,0,0,11,535,0,2,11,537,California
Glenn,2021-01-10,1,540,1,378,0,162,0,0,0,534,1,3,0,537,California
Glenn,2021-01-11,30,570,30,408,0,162,0,0,12,528,18,21,12,549,California
Glenn,2021-01-12,42,612,37,445,5,167,0,0,14,514,28,49,14,563,California
Glenn,2021-01-13,153,765,88,533,65,232,0,0,110,581,43,92,110,673,California
Glenn,2021-01-14,183,948,95,628,88,320,0,0,173,744,10,102,173,846,California
Glenn,2021-01-15,42,990,34,662,8,328,0,0,37,776,5,107,37,883,California
Glenn,2021-01-16,34,1024,14,676,20,348,0,0,24,790,10,117,24,907,California
Glenn,2021-01-17,4,1028,2,678,2,350,0,0,2,790,2,119,2,909,California
Glenn,2021-01-18,17,1045,16,694,1,351,0,0,9,791,8,127,9,918,California
Glenn,2021-01-19,28,1073,18,712,10,361,0,0,12,787,16,143,12,930,California
Glenn,2021-01-20,162,1235,93,805,69,430,0,0,81,787,81,224,81,1011,California
Glenn,2021-01-21,124,1359,98,903,26,456,0,0,29,721,95,319,29,1040,California
Glenn,2021-01-22,336,1695,63,966,273,729,0,0,329,1043,7,326,329,1369,California
Glenn,2021-01-23,14,1709,7,973,7,736,0,0,12,1053,2,328,12,1381,California
Glenn,2021-01-24,1,1710,1,974,0,736,0,0,1,1054,0,328,1,1382,California
Glenn,2021-01-25,27,1737,9,983,18,754,0,0,24,1075,3,331,24,1406,California
Glenn,2021-01-26,29,1766,13,996,16,770,0,0,23,1092,6,337,23,1429,California
Glenn,2021-01-27,188,1954,14,1010,174,944,0,0,166,1236,22,359,166,1595,California
Glenn,2021-01-28,145,2099,8,1018,137,1081,0,0,115,1321,30,389,115,1710,California
Glenn,2021-01-29,296,2395,11,1029,285,1366,0,0,282,1589,14,403,282,1992,California
Glenn,2021-01-30,4,2399,0,1029,4,1370,0,0,4,1593,0,403,4,1996,California
Glenn,2021-01-31,1,2400,0,1029,1,1371,0,0,1,1594,0,403,1,1997,California
Glenn,2021-02-01,29,2429,10,1039,19,1390,0,0,17,1599,12,415,17,2014,California
Glenn,2021-02-02,27,2456,12,1051,15,1405,0,0,18,1608,9,424,18,2032,California
Glenn,2021-02-03,206,2662,58,1109,148,1553,0,0,111,1624,95,519,111,2143,California
Glenn,2021-02-04,149,2811,84,1193,65,1618,0,0,45,1565,104,623,45,2188,California
Glenn,2021-02-05,320,3131,24,1217,296,1914,0,0,301,1847,19,642,301,2489,California
Glenn,2021-02-06,15,3146,2,1219,13,1927,0,0,14,1860,1,643,14,2503,California
Glenn,2021-02-07,1,3147,1,1220,0,1927,0,0,1,1861,0,643,1,2504,California
Glenn,2021-02-08,21,3168,17,1237,4,1931,0,0,4,1848,17,660,4,2508,California
Glenn,2021-02-09,48,3216,19,1256,29,1960,0,0,36,1872,12,672,36,2544,California
Glenn,2021-02-10,138,3354,19,1275,119,2079,0,0,64,1862,74,746,64,2608,California
Glenn,2021-02-11,233,3587,134,1409,99,2178,0,0,151,1931,82,828,151,2759,California
Glenn,2021-02-12,422,4009,100,1509,322,2500,0,0,358,2225,64,892,358,3117,California
Glenn,2021-02-13,33,4042,7,1516,26,2526,0,0,15,2222,18,910,15,3132,California
Glenn,2021-02-14,1,4043,0,1516,1,2527,0,0,1,2223,0,910,1,3133,California
Glenn,2021-02-15,8,4051,0,1516,8,2535,0,0,8,2231,0,910,8,3141,California
Glenn,2021-02-16,39,4090,9,1525,30,2565,0,0,21,2234,18,928,21,3162,California
Glenn,2021-02-17,381,4471,15,1540,366,2931,0,0,303,2459,78,1006,303,3465,California
Glenn,2021-02-18,138,4609,103,1643,35,2966,0,0,114,2549,24,1030,114,3579,California
Glenn,2021-02-19,302,4911,16,1659,286,3252,0,0,29,2305,273,1303,29,3608,California
Glenn,2021-02-20,8,4919,0,1659,8,3260,0,0,0,2297,8,1311,0,3608,California
Glenn,2021-02-22,32,4951,13,1672,19,3279,0,0,16,2297,16,1327,16,3624,California
Glenn,2021-02-23,40,4991,10,1682,30,3309,0,0,28,2313,12,1339,28,3652,California
Glenn,2021-02-24,223,5214,16,1698,207,3516,0,0,49,2188,174,1513,49,3701,California
Glenn,2021-02-25,262,5476,147,1845,115,3631,0,0,119,2164,143,1656,119,3820,California
Glenn,2021-02-26,304,5780,24,1869,280,3911,0,0,20,1901,283,1939,20,3840,California
Glenn,2021-02-27,14,5794,5,1874,9,3920,0,0,5,1898,8,1947,5,3845,California
Glenn,2021-02-28,5,5799,2,1876,3,3923,0,0,3,1900,1,1948,3,3848,California
Glenn,2021-03-01,29,5828,6,1882,23,3946,0,0,12,1895,17,1965,12,3860,California
Glenn,2021-03-02,36,5864,7,1889,29,3975,0,0,17,1893,19,1984,17,3877,California
Glenn,2021-03-03,180,6044,25,1914,155,4130,0,0,88,1891,90,2074,88,3965,California
Glenn,2021-03-04,479,6523,179,2093,300,4430,0,0,334,2080,145,2219,334,4299,California
Glenn,2021-03-05,331,6854,45,2138,286,4716,0,0,34,1817,297,2516,34,4333,California
Glenn,2021-03-06,28,6882,4,2142,23,4739,1,1,11,1812,17,2533,12,4345,California
Glenn,2021-03-07,5,6887,0,2142,5,4744,0,1,3,1814,1,2534,3,4348,California
Glenn,2021-03-08,21,6908,2,2144,18,4762,1,2,19,1832,2,2536,20,4368,California
Glenn,2021-03-09,70,6978,10,2154,57,4819,3,5,46,1857,24,2560,49,4417,California
Glenn,2021-03-10,165,7143,68,2222,95,4914,2,7,91,1876,74,2634,93,4510,California
Glenn,2021-03-11,504,7647,168,2390,322,5236,14,21,381,2148,123,2757,395,4905,California
Glenn,2021-03-12,398,8045,12,2402,336,5572,50,71,35,1870,363,3120,85,4990,California
Glenn,2021-03-13,10,8055,1,2403,1,5573,8,79,0,1868,10,3130,8,4998,California
Glenn,2021-03-14,3,8058,1,2404,2,5575,0,79,2,1869,1,3131,2,5000,California
Glenn,2021-03-15,74,8132,16,2420,54,5629,4,83,60,1919,14,3145,64,5064,California
Glenn,2021-03-16,101,8233,30,2450,61,5690,10,93,59,1946,42,3187,69,5133,California
Glenn,2021-03-17,415,8648,98,2548,311,6001,6,99,113,1762,302,3489,118,5251,California
Glenn,2021-03-18,459,9107,192,2740,44,6045,223,322,124,1774,335,3824,347,5598,California
Glenn,2021-03-19,84,9191,14,2754,66,6111,4,326,66,1827,17,3841,70,5668,California
Glenn,2021-03-20,74,9265,2,2756,72,6183,0,326,73,1899,1,3842,73,5741,California
Glenn,2021-03-21,7,9272,6,2762,0,6183,1,327,4,1902,2,3844,5,5746,California
Glenn,2021-03-22,116,9388,52,2814,55,6238,9,336,95,1987,19,3863,104,5850,California
Glenn,2021-03-23,154,9542,66,2880,50,6288,38,374,94,2060,59,3922,132,5982,California
Glenn,2021-03-24,195,9737,90,2970,100,6388,5,379,133,2137,61,3983,138,6120,California
Glenn,2021-03-25,458,10195,230,3200,135,6523,93,472,328,2429,129,4112,421,6541,California
Glenn,2021-03-26,225,10420,35,3235,152,6675,38,510,172,2588,53,4165,212,6753,California
Glenn,2021-03-27,149,10569,21,3256,124,6799,4,514,139,2721,10,4175,143,6896,California
Glenn,2021-03-28,14,10583,9,3265,5,6804,0,514,10,2727,4,4179,10,6906,California
Glenn,2021-03-29,55,10638,19,3284,33,6837,3,517,41,2757,14,4193,44,6950,California
Glenn,2021-03-30,73,10711,40,3324,32,6869,1,518,44,2774,28,4221,45,6995,California
Glenn,2021-03-31,119,10830,33,3357,86,6955,0,518,52,2759,67,4288,52,7047,California
Glenn,2021-04-01,638,11468,185,3542,443,7398,10,528,227,2630,411,4699,282,7329,California
Glenn,2021-04-02,150,11618,25,3567,116,7514,9,537,121,2732,29,4728,131,7460,California
Glenn,2021-04-03,71,11689,1,3568,68,7582,2,539,69,2801,2,4730,71,7531,California
Humboldt,2020-12-15,2,2,2,2,0,0,0,0,2,2,0,0,2,2,California
Humboldt,2020-12-16,15,17,15,17,0,0,0,0,15,17,0,0,15,17,California
Humboldt,2020-12-17,115,132,115,132,0,0,0,0,115,132,0,0,115,132,California
Humboldt,2020-12-18,172,304,172,304,0,0,0,0,172,304,0,0,172,304,California
Humboldt,2020-12-19,10,314,10,314,0,0,0,0,10,314,0,0,10,314,California
Humboldt,2020-12-20,28,342,28,342,0,0,0,0,28,342,0,0,28,342,California
Humboldt,2020-12-21,165,507,165,507,0,0,0,0,165,507,0,0,165,507,California
Humboldt,2020-12-22,288,795,288,795,0,0,0,0,288,795,0,0,288,795,California
Humboldt,2020-12-23,302,1097,254,1049,48,48,0,0,303,1098,0,0,303,1098,California
Humboldt,2020-12-24,25,1122,2,1051,23,71,0,0,25,1123,0,0,25,1123,California
Humboldt,2020-12-25,2,1124,2,1053,0,71,0,0,2,1125,0,0,2,1125,California
Humboldt,2020-12-26,7,1131,6,1059,1,72,0,0,7,1132,0,0,7,1132,California
Humboldt,2020-12-27,1,1132,0,1059,1,73,0,0,1,1133,0,0,1,1133,California
Humboldt,2020-12-28,152,1284,143,1202,9,82,0,0,152,1285,0,0,152,1285,California
Humboldt,2020-12-29,164,1448,121,1323,43,125,0,0,164,1449,0,0,164,1449,California
Humboldt,2020-12-30,221,1669,122,1445,99,224,0,0,221,1670,0,0,221,1670,California
Humboldt,2020-12-31,242,1911,80,1525,162,386,0,0,242,1912,0,0,242,1912,California
Humboldt,2021-01-01,1,1912,1,1526,0,386,0,0,1,1913,0,0,1,1913,California
Humboldt,2021-01-02,38,1950,1,1527,37,423,0,0,38,1951,0,0,38,1951,California
Humboldt,2021-01-04,214,2164,141,1668,73,496,0,0,215,2166,0,0,215,2166,California
Humboldt,2021-01-05,125,2289,17,1685,108,604,0,0,125,2291,0,0,125,2291,California
Humboldt,2021-01-06,299,2588,202,1887,97,701,0,0,228,2459,60,60,228,2519,California
Humboldt,2021-01-07,398,2986,285,2172,113,814,0,0,305,2679,85,145,305,2824,California
Humboldt,2021-01-08,417,3403,279,2451,138,952,0,0,285,2836,128,273,285,3109,California
Humboldt,2021-01-09,69,3472,45,2496,24,976,0,0,66,2900,3,276,67,3176,California
Humboldt,2021-01-10,84,3556,84,2580,0,976,0,0,4,2824,80,356,4,3180,California
Humboldt,2021-01-11,285,3841,274,2854,11,987,0,0,75,2693,206,562,75,3255,California
Humboldt,2021-01-12,478,4319,315,3169,163,1150,0,0,301,2839,155,717,301,3556,California
Humboldt,2021-01-13,473,4792,271,3440,202,1352,0,0,297,2964,173,890,298,3854,California
Humboldt,2021-01-14,517,5309,161,3601,356,1708,0,0,461,3370,56,946,462,4316,California
Humboldt,2021-01-15,374,5683,40,3641,334,2042,0,0,356,3709,17,963,356,4672,California
Humboldt,2021-01-16,169,5852,6,3647,163,2205,0,0,168,3876,1,964,168,4840,California
Humboldt,2021-01-17,4,5856,3,3650,1,2206,0,0,4,3880,0,964,4,4844,California
Humboldt,2021-01-18,275,6131,240,3890,35,2241,0,0,128,3861,147,1111,128,4972,California
Humboldt,2021-01-19,618,6749,372,4262,246,2487,0,0,492,4233,120,1231,492,5464,California
Humboldt,2021-01-20,874,7623,363,4625,511,2998,0,0,762,4886,111,1342,764,6228,California
Humboldt,2021-01-21,958,8581,261,4886,697,3695,0,0,918,5763,41,1383,918,7146,California
Humboldt,2021-01-22,676,9257,377,5263,299,3994,0,0,668,6423,8,1391,668,7814,California
Humboldt,2021-01-23,742,9999,250,5513,492,4486,0,0,736,7154,6,1397,737,8551,California
Humboldt,2021-01-24,224,10223,1,5514,223,4709,0,0,224,7378,0,1397,224,8775,California
Humboldt,2021-01-25,298,10521,228,5742,70,4779,0,0,144,7368,154,1551,144,8919,California
Humboldt,2021-01-26,518,11039,135,5877,383,5162,0,0,471,7792,47,1598,471,9390,California
Humboldt,2021-01-27,1255,12294,586,6463,669,5831,0,0,1191,8926,57,1655,1191,10581,California
Humboldt,2021-01-28,1444,13738,627,7090,817,6648,0,0,1307,10101,134,1789,1309,11890,California
Humboldt,2021-01-29,1123,14861,539,7629,584,7232,0,0,708,10394,415,2204,708,12598,California
Humboldt,2021-01-30,966,15827,455,8084,511,7743,0,0,957,11342,9,2213,957,13555,California
Humboldt,2021-01-31,307,16134,306,8390,1,7744,0,0,305,11645,2,2215,305,13860,California
Humboldt,2021-02-01,320,16454,180,8570,140,7884,0,0,184,11694,135,2350,184,14044,California
Humboldt,2021-02-02,430,16884,62,8632,368,8252,0,0,333,11933,96,2446,335,14379,California
Humboldt,2021-02-03,643,17527,257,8889,386,8638,0,0,495,12280,148,2594,495,14874,California
Humboldt,2021-02-04,636,18163,262,9151,374,9012,0,0,441,12528,193,2787,441,15315,California
Humboldt,2021-02-05,812,18975,96,9247,716,9728,0,0,629,12974,183,2970,629,15944,California
Humboldt,2021-02-06,1007,19982,397,9644,610,10338,0,0,966,13901,39,3009,966,16910,California
Humboldt,2021-02-07,378,20360,7,9651,371,10709,0,0,375,14273,3,3012,375,17285,California
Humboldt,2021-02-08,295,20655,113,9764,182,10891,0,0,173,14325,121,3133,173,17458,California
Humboldt,2021-02-09,483,21138,209,9973,274,11165,0,0,173,14188,310,3443,173,17631,California
Humboldt,2021-02-10,559,21697,368,10341,191,11356,0,0,232,14098,322,3765,232,17863,California
Humboldt,2021-02-11,1285,22982,389,10730,896,12252,0,0,505,13826,777,4542,505,18368,California
Humboldt,2021-02-12,1140,24122,731,11461,409,12661,0,0,704,14094,436,4978,704,19072,California
Humboldt,2021-02-13,1428,25550,483,11944,945,13606,0,0,858,14386,567,5545,859,19931,California
Humboldt,2021-02-14,115,25665,6,11950,109,13715,0,0,112,14496,2,5547,112,20043,California
Humboldt,2021-02-15,290,25955,76,12026,214,13929,0,0,196,14599,94,5641,197,20240,California
Humboldt,2021-02-16,521,26476,108,12134,413,14342,0,0,247,14573,274,5915,248,20488,California
Humboldt,2021-02-17,441,26917,273,12407,168,14510,0,0,136,14404,305,6220,136,20624,California
Humboldt,2021-02-18,968,27885,600,13007,368,14878,0,0,228,13893,739,6959,228,20852,California
Humboldt,2021-02-19,480,28365,438,13445,42,14920,0,0,93,13602,384,7343,93,20945,California
Humboldt,2021-02-20,1501,29866,903,14348,598,15518,0,0,418,12941,1081,8424,420,21365,California
Humboldt,2021-02-21,478,30344,469,14817,9,15527,0,0,192,12847,286,8710,192,21557,California
Humboldt,2021-02-22,111,30455,79,14896,32,15559,0,0,26,12790,83,8793,26,21583,California
Humboldt,2021-02-23,163,30618,63,14959,100,15659,0,0,41,12711,120,8913,41,21624,California
Humboldt,2021-02-24,1145,31763,686,15645,459,16118,0,0,572,12711,572,9485,572,22196,California
Humboldt,2021-02-25,832,32595,323,15968,509,16627,0,0,232,12345,598,10083,232,22428,California
Humboldt,2021-02-26,2137,34732,107,16075,2030,18657,0,0,454,11121,1678,11761,454,22882,California
Humboldt,2021-02-27,1540,36272,957,17032,583,19240,0,0,834,11253,704,12465,836,23718,California
Humboldt,2021-02-28,125,36397,13,17045,112,19352,0,0,118,11364,7,12472,118,23836,California
Humboldt,2021-03-01,248,36645,45,17090,203,19555,0,0,175,11466,73,12545,175,24011,California
Humboldt,2021-03-02,271,36916,41,17131,229,19784,1,1,152,11500,119,12664,153,24164,California
Humboldt,2021-03-03,1528,38444,1046,18177,482,20266,0,1,1117,12213,405,13069,1118,25282,California
Humboldt,2021-03-04,864,39308,99,18276,765,21031,0,1,259,11868,605,13674,260,25542,California
Humboldt,2021-03-05,912,40220,171,18447,731,21762,10,11,359,11688,549,14223,369,25911,California
Humboldt,2021-03-06,1580,41800,733,19180,798,22560,49,60,698,11556,881,15104,749,26660,California
Humboldt,2021-03-07,358,42158,297,19477,45,22605,16,76,154,11523,203,15307,170,26830,California
Humboldt,2021-03-08,222,42380,19,19496,132,22737,71,147,135,11642,87,15394,206,27036,California
Humboldt,2021-03-09,431,42811,194,19690,111,22848,126,273,210,11758,220,15614,336,27372,California
Humboldt,2021-03-10,605,43416,427,20117,67,22915,111,384,380,12025,224,15838,491,27863,California
Humboldt,2021-03-11,1263,44679,404,20521,763,23678,96,480,484,11828,776,16614,579,28442,California
Humboldt,2021-03-12,1566,46245,1004,21525,362,24040,200,680,975,12422,583,17197,1177,29619,California
Humboldt,2021-03-13,1390,47635,950,22475,396,24436,44,724,644,12369,741,17938,688,30307,California
Humboldt,2021-03-14,92,47727,14,22489,71,24507,7,731,19,12322,73,18011,26,30333,California
Humboldt,2021-03-15,276,48003,50,22539,205,24712,21,752,59,12185,217,18228,80,30413,California
Humboldt,2021-03-16,625,48628,204,22743,172,24884,249,1001,269,12346,356,18584,517,30930,California
Humboldt,2021-03-17,715,49343,391,23134,223,25107,101,1102,328,12389,386,18970,429,31359,California
Humboldt,2021-03-18,1268,50611,821,23955,416,25523,31,1133,732,12620,532,19502,763,32122,California
Humboldt,2021-03-19,924,51535,57,24012,562,26085,305,1438,349,12701,573,20075,654,32776,California
Humboldt,2021-03-20,961,52496,578,24590,372,26457,11,1449,271,12298,689,20764,286,33062,California
Humboldt,2021-03-21,246,52742,34,24624,184,26641,28,1477,199,12478,47,20811,227,33289,California
Humboldt,2021-03-22,119,52861,24,24648,50,26691,45,1522,68,12541,50,20861,113,33402,California
Humboldt,2021-03-23,411,53272,54,24702,317,27008,40,1562,325,12821,85,20946,365,33767,California
Humboldt,2021-03-24,1337,54609,354,25056,939,27947,44,1606,999,13552,332,21278,1063,34830,California
Humboldt,2021-03-25,1717,56326,1141,26197,515,28462,61,1667,853,13608,860,22138,916,35746,California
Humboldt,2021-03-26,1955,58281,428,26625,1472,29934,55,1722,1522,14767,429,22567,1588,37334,California
Humboldt,2021-03-27,1861,60142,1397,28022,316,30250,148,1870,1034,15126,825,23392,1184,38518,California
Humboldt,2021-03-28,257,60399,77,28099,113,30363,67,1937,79,15094,178,23570,146,38664,California
Humboldt,2021-03-29,454,60853,123,28222,241,30604,90,2027,190,15111,263,23833,280,38944,California
Humboldt,2021-03-30,882,61735,291,28513,503,31107,88,2115,538,15400,342,24175,631,39575,California
Humboldt,2021-03-31,1151,62886,421,28934,635,31742,95,2210,787,15948,363,24538,911,40486,California
Humboldt,2021-04-01,1918,64804,630,29564,1206,32948,82,2292,1358,16851,555,25093,1458,41944,California
Humboldt,2021-04-02,999,65803,442,30006,460,33408,97,2389,455,16889,541,25634,579,42523,California
Humboldt,2021-04-03,315,66118,298,30304,8,33416,9,2398,176,16939,138,25772,188,42711,California
Imperial,2020-12-16,1,1,1,1,0,0,0,0,1,1,0,0,1,1,California
Imperial,2020-12-17,4,5,4,5,0,0,0,0,4,5,0,0,4,5,California
Imperial,2020-12-18,11,16,11,16,0,0,0,0,11,16,0,0,11,16,California
Imperial,2020-12-20,2,18,2,18,0,0,0,0,2,18,0,0,2,18,California
Imperial,2020-12-21,186,204,186,204,0,0,0,0,186,204,0,0,186,204,California
Imperial,2020-12-22,242,446,240,444,2,2,0,0,242,446,0,0,242,446,California
Imperial,2020-12-23,212,658,211,655,1,3,0,0,211,657,0,0,211,657,California
Imperial,2020-12-24,5,663,5,660,0,3,0,0,5,662,0,0,5,662,California
Imperial,2020-12-26,1,664,0,660,1,4,0,0,1,663,0,0,1,663,California
Imperial,2020-12-27,62,726,0,660,62,66,0,0,62,725,0,0,62,725,California
Imperial,2020-12-28,215,941,114,774,101,167,0,0,215,940,0,0,215,940,California
Imperial,2020-12-29,188,1129,35,809,153,320,0,0,188,1128,0,0,188,1128,California
Imperial,2020-12-30,366,1495,49,858,317,637,0,0,366,1494,0,0,366,1494,California
Imperial,2020-12-31,200,1695,26,884,174,811,0,0,200,1694,0,0,200,1694,California
Imperial,2021-01-01,45,1740,5,889,40,851,0,0,45,1739,0,0,45,1739,California
Imperial,2021-01-02,4,1744,0,889,4,855,0,0,4,1743,0,0,4,1743,California
Imperial,2021-01-03,90,1834,0,889,90,945,0,0,90,1833,0,0,90,1833,California
Imperial,2021-01-04,84,1918,4,893,80,1025,0,0,84,1917,0,0,84,1917,California
Imperial,2021-01-05,172,2090,13,906,159,1184,0,0,172,2089,0,0,172,2089,California
Imperial,2021-01-06,190,2280,25,931,165,1349,0,0,189,2277,1,1,189,2278,California
Imperial,2021-01-07,319,2599,9,940,310,1659,0,0,316,2590,3,4,316,2594,California
Imperial,2021-01-08,190,2789,50,990,140,1799,0,0,181,2762,9,13,181,2775,California
Imperial,2021-01-09,24,2813,21,1011,3,1802,0,0,24,2786,0,13,24,2799,California
Imperial,2021-01-10,1,2814,0,1011,1,1803,0,0,1,2787,0,13,1,2800,California
Imperial,2021-01-11,401,3215,243,1254,158,1961,0,0,172,2730,229,242,172,2972,California
Imperial,2021-01-12,404,3619,301,1555,103,2064,0,0,142,2611,261,503,142,3114,California
Imperial,2021-01-13,382,4001,132,1687,250,2314,0,0,283,2795,99,602,283,3397,California
Imperial,2021-01-14,260,4261,152,1839,108,2422,0,0,253,3042,6,608,253,3650,California
Imperial,2021-01-15,240,4501,182,2021,58,2480,0,0,233,3268,7,615,233,3883,California
Imperial,2021-01-16,77,4578,71,2092,6,2486,0,0,77,3345,0,615,77,3960,California
Imperial,2021-01-17,9,4587,2,2094,7,2493,0,0,9,3354,0,615,9,3969,California
Imperial,2021-01-18,1061,5648,402,2496,659,3152,0,0,963,4220,98,713,964,4933,California
Imperial,2021-01-19,165,5813,128,2624,37,3189,0,0,118,4291,47,760,118,5051,California
Imperial,2021-01-20,291,6104,193,2817,98,3287,0,0,254,4508,37,797,254,5305,California
Imperial,2021-01-21,415,6519,183,3000,232,3519,0,0,395,4883,20,817,395,5700,California
Imperial,2021-01-22,460,6979,189,3189,271,3790,0,0,451,5325,9,826,451,6151,California
Imperial,2021-01-23,1042,8021,290,3479,752,4542,0,0,1041,6365,1,827,1041,7192,California
Imperial,2021-01-24,11,8032,3,3482,8,4550,0,0,11,6376,0,827,11,7203,California
Imperial,2021-01-25,216,8248,6,3488,210,4760,0,0,36,6233,179,1006,36,7239,California
Imperial,2021-01-26,359,8607,184,3672,175,4935,0,0,216,6307,143,1149,217,7456,California
Imperial,2021-01-27,573,9180,163,3835,410,5345,0,0,239,6212,334,1483,239,7695,California
Imperial,2021-01-28,632,9812,158,3993,474,5819,0,0,524,6628,108,1591,524,8219,California
Imperial,2021-01-29,420,10232,294,4287,126,5945,0,0,370,6948,50,1641,370,8589,California
Imperial,2021-01-30,51,10283,26,4313,25,5970,0,0,34,6965,17,1658,34,8623,California
Imperial,2021-01-31,14,10297,6,4319,8,5978,0,0,13,6977,1,1659,13,8636,California
Imperial,2021-02-01,421,10718,55,4374,366,6344,0,0,211,6979,209,1868,211,8847,California
Imperial,2021-02-02,681,11399,54,4428,627,6971,0,0,500,7298,181,2049,500,9347,California
Imperial,2021-02-03,458,11857,48,4476,410,7381,0,0,266,7373,191,2240,266,9613,California
Imperial,2021-02-04,1731,13588,1206,5682,525,7906,0,0,1416,8476,314,2554,1417,11030,California
Imperial,2021-02-05,390,13978,242,5924,148,8054,0,0,155,8399,232,2786,155,11185,California
Imperial,2021-02-06,863,14841,839,6763,24,8078,0,0,826,9189,36,2822,826,12011,California
Imperial,2021-02-07,25,14866,12,6775,13,8091,0,0,24,9212,1,2823,24,12035,California
Imperial,2021-02-08,252,15118,43,6818,209,8300,0,0,184,9328,68,2891,184,12219,California
Imperial,2021-02-09,464,15582,144,6962,320,8620,0,0,307,9478,157,3048,307,12526,California
Imperial,2021-02-10,383,15965,51,7013,332,8952,0,0,95,9285,288,3336,95,12621,California
Imperial,2021-02-11,461,16426,261,7274,200,9152,0,0,92,9008,369,3705,92,12713,California
Imperial,2021-02-12,2118,18544,1404,8678,714,9866,0,0,1764,10420,353,4058,1765,14478,California
Imperial,2021-02-13,45,18589,18,8696,27,9893,0,0,36,10448,9,4067,37,14515,California
Imperial,2021-02-14,24,18613,12,8708,12,9905,0,0,22,10468,2,4069,22,14537,California
Imperial,2021-02-15,33,18646,11,8719,22,9927,0,0,24,10483,9,4078,24,14561,California
Imperial,2021-02-16,518,19164,271,8990,247,10174,0,0,299,10563,219,4297,299,14860,California
Imperial,2021-02-17,440,19604,286,9276,154,10328,0,0,85,10293,355,4652,85,14945,California
Imperial,2021-02-18,653,20257,313,9589,340,10668,0,0,148,9937,504,5156,148,15093,California
Imperial,2021-02-19,768,21025,381,9970,387,11055,0,0,196,9562,571,5727,196,15289,California
Imperial,2021-02-20,1044,22069,196,10166,848,11903,0,0,330,9181,713,6440,332,15621,California
Imperial,2021-02-21,581,22650,547,10713,34,11937,0,0,573,9746,8,6448,573,16194,California
Imperial,2021-02-22,807,23457,567,11280,240,12177,0,0,757,10453,50,6498,757,16951,California
Imperial,2021-02-23,937,24394,380,11660,557,12734,0,0,881,11279,56,6554,882,17833,California
Imperial,2021-02-24,701,25095,293,11953,408,13142,0,0,602,11784,98,6652,603,18436,California
Imperial,2021-02-25,818,25913,344,12297,474,13616,0,0,451,11874,366,7018,456,18892,California
Imperial,2021-02-26,1744,27657,1373,13670,371,13987,0,0,1572,13276,170,7188,1572,20464,California
Imperial,2021-02-27,915,28572,866,14536,49,14036,0,0,176,12713,739,7927,176,20640,California
Imperial,2021-02-28,78,28650,69,14605,9,14045,0,0,68,12771,10,7937,68,20708,California
Imperial,2021-03-01,513,29163,311,14916,202,14247,0,0,451,13163,61,7998,453,21161,California
Imperial,2021-03-02,688,29851,266,15182,422,14669,0,0,399,13277,289,8287,403,21564,California
Imperial,2021-03-03,918,30769,48,15230,869,15538,1,1,548,13470,367,8654,560,22124,California
Imperial,2021-03-04,744,31513,93,15323,651,16189,0,1,483,13723,259,8913,512,22636,California
Imperial,2021-03-05,2552,34065,1942,17265,610,16799,0,1,1268,13709,1283,10196,1269,23905,California
Imperial,2021-03-06,681,34746,234,17499,447,17246,0,1,641,14319,36,10232,646,24551,California
Imperial,2021-03-07,76,34822,43,17542,32,17278,1,2,55,14355,21,10253,57,24608,California
Imperial,2021-03-08,400,35222,324,17866,44,17322,32,34,351,14689,49,10302,383,24991,California
Imperial,2021-03-09,693,35915,315,18181,133,17455,245,279,406,15057,287,10589,655,25646,California
Imperial,2021-03-10,663,36578,306,18487,254,17709,103,382,301,15103,362,10951,408,26054,California
Imperial,2021-03-11,1705,38283,436,18923,1079,18788,190,572,1104,15808,602,11553,1307,27361,California
Imperial,2021-03-12,3557,41840,2438,21361,935,19723,184,756,1972,16383,1582,13135,2157,29518,California
Imperial,2021-03-13,998,42838,91,21452,688,20411,219,975,723,17056,273,13408,946,30464,California
Imperial,2021-03-14,124,42962,29,21481,84,20495,11,986,98,17140,26,13434,110,30574,California
Imperial,2021-03-15,673,43635,219,21700,199,20694,255,1241,379,17483,293,13727,636,31210,California
Imperial,2021-03-16,1054,44689,275,21975,339,21033,440,1681,529,17929,524,14251,970,32180,California
Imperial,2021-03-17,1526,46215,658,22633,734,21767,134,1815,946,18436,576,14827,1083,33263,California
Imperial,2021-03-18,1513,47728,1014,23647,440,22207,59,1874,1070,19127,441,15268,1132,34395,California
Imperial,2021-03-19,2879,50607,2173,25820,702,22909,4,1878,1217,18692,1658,16926,1223,35618,California
Imperial,2021-03-20,637,51244,377,26197,255,23164,5,1883,337,18744,298,17224,350,35968,California
Imperial,2021-03-21,220,51464,37,26234,180,23344,3,1886,160,18851,60,17284,167,36135,California
Imperial,2021-03-22,1023,52487,316,26550,700,24044,7,1893,609,19066,413,17697,628,36763,California
Imperial,2021-03-23,1401,53888,408,26958,987,25031,6,1899,887,19457,512,18209,903,37666,California
Imperial,2021-03-24,1900,55788,539,27497,950,25981,411,2310,956,19901,942,19151,1386,39052,California
Imperial,2021-03-25,2394,58182,498,27995,809,26790,1087,3397,932,20461,1461,20612,2021,41073,California
Imperial,2021-03-26,2168,60350,773,28768,638,27428,757,4154,726,20514,1438,22050,1491,42564,California
Imperial,2021-03-27,553,60903,263,29031,241,27669,49,4203,398,20809,152,22202,447,43011,California
Imperial,2021-03-28,208,61111,51,29082,153,27822,4,4207,172,20948,36,22238,175,43186,California
Imperial,2021-03-29,941,62052,344,29426,349,28171,248,4455,284,20827,655,22893,534,43720,California
Imperial,2021-03-30,1326,63378,671,30097,525,28696,130,4585,604,20850,722,23615,745,44465,California
Imperial,2021-03-31,1473,64851,703,30800,762,29458,8,4593,968,21329,503,24118,982,45447,California
Imperial,2021-04-01,1247,66098,322,31122,701,30159,224,4817,690,21698,557,24675,926,46373,California
Imperial,2021-04-02,1164,67262,450,31572,641,30800,73,4890,664,21966,499,25174,767,47140,California
Imperial,2021-04-03,1013,68275,343,31915,646,31446,24,4914,360,21701,650,25824,385,47525,California
Inyo,2020-12-19,85,85,85,85,0,0,0,0,85,85,0,0,85,85,California
Inyo,2020-12-20,58,143,58,143,0,0,0,0,58,143,0,0,58,143,California
Inyo,2020-12-21,88,231,85,228,3,3,0,0,88,231,0,0,88,231,California
Inyo,2020-12-22,104,335,104,332,0,3,0,0,104,335,0,0,104,335,California
Inyo,2020-12-23,71,406,68,400,3,6,0,0,71,406,0,0,71,406,California
Inyo,2020-12-24,16,422,16,416,0,6,0,0,16,422,0,0,16,422,California
Inyo,2020-12-25,1,423,0,416,1,7,0,0,1,423,0,0,1,423,California
Inyo,2020-12-26,74,497,74,490,0,7,0,0,74,497,0,0,74,497,California
Inyo,2020-12-28,48,545,36,526,12,19,0,0,48,545,0,0,48,545,California
Inyo,2020-12-29,20,565,20,546,0,19,0,0,20,565,0,0,20,565,California
Inyo,2020-12-30,56,621,54,600,2,21,0,0,56,621,0,0,56,621,California
Inyo,2020-12-31,29,650,0,600,29,50,0,0,29,650,0,0,29,650,California
Inyo,2021-01-01,1,651,0,600,1,51,0,0,1,651,0,0,1,651,California
Inyo,2021-01-03,1,652,0,600,1,52,0,0,1,652,0,0,1,652,California
Inyo,2021-01-04,1,653,1,601,0,52,0,0,1,653,0,0,1,653,California
Inyo,2021-01-05,34,687,0,601,34,86,0,0,34,687,0,0,34,687,California
Inyo,2021-01-06,68,755,0,601,68,154,0,0,68,755,0,0,68,755,California
Inyo,2021-01-07,31,786,1,602,30,184,0,0,31,786,0,0,31,786,California
Inyo,2021-01-08,9,795,8,610,1,185,0,0,4,786,5,5,5,791,California
Inyo,2021-01-09,87,882,86,696,1,186,0,0,1,701,86,91,1,792,California
Inyo,2021-01-10,52,934,52,748,0,186,0,0,0,649,52,143,0,792,California
Inyo,2021-01-11,97,1031,82,830,15,201,0,0,16,584,81,224,16,808,California
Inyo,2021-01-12,139,1170,117,947,22,223,0,0,29,503,110,334,29,837,California
Inyo,2021-01-13,87,1257,69,1016,18,241,0,0,21,459,66,400,22,859,California
Inyo,2021-01-14,59,1316,13,1029,46,287,0,0,49,498,10,410,49,908,California
Inyo,2021-01-15,162,1478,28,1057,134,421,0,0,162,660,0,410,162,1070,California
Inyo,2021-01-16,74,1552,73,1130,1,422,0,0,1,588,73,483,1,1071,California
Inyo,2021-01-18,58,1610,36,1166,22,444,0,0,19,568,39,522,19,1090,California
Inyo,2021-01-19,116,1726,73,1239,43,487,0,0,100,652,16,538,100,1190,California
Inyo,2021-01-20,142,1868,67,1306,75,562,0,0,88,686,54,592,88,1278,California
Inyo,2021-01-21,120,1988,57,1363,63,625,0,0,119,804,1,593,119,1397,California
Inyo,2021-01-22,62,2050,0,1363,62,687,0,0,61,864,1,594,61,1458,California
Inyo,2021-01-23,53,2103,53,1416,0,687,0,0,53,917,0,594,53,1511,California
Inyo,2021-01-25,49,2152,6,1422,43,730,0,0,37,942,12,606,37,1548,California
Inyo,2021-01-26,133,2285,51,1473,82,812,0,0,127,1063,6,612,127,1675,California
Inyo,2021-01-27,23,2308,2,1475,21,833,0,0,22,1084,1,613,22,1697,California
Inyo,2021-01-28,93,2401,2,1477,91,924,0,0,64,1119,29,642,64,1761,California
Inyo,2021-01-29,24,2425,3,1480,21,945,0,0,22,1139,2,644,22,1783,California
Inyo,2021-01-30,11,2436,1,1481,10,955,0,0,11,1150,0,644,11,1794,California
Inyo,2021-01-31,32,2468,4,1485,28,983,0,0,4,1126,28,672,4,1798,California
Inyo,2021-02-01,12,2480,9,1494,3,986,0,0,2,1118,10,682,2,1800,California
Inyo,2021-02-02,131,2611,15,1509,116,1102,0,0,105,1197,26,708,105,1905,California
Inyo,2021-02-03,115,2726,0,1509,115,1217,0,0,73,1228,42,750,73,1978,California
Inyo,2021-02-04,149,2875,31,1540,118,1335,0,0,90,1259,59,809,90,2068,California
Inyo,2021-02-05,118,2993,62,1602,56,1391,0,0,116,1373,2,811,116,2184,California
Inyo,2021-02-06,3,2996,1,1603,2,1393,0,0,2,1374,1,812,2,2186,California
Inyo,2021-02-07,3,2999,1,1604,2,1395,0,0,3,1377,0,812,3,2189,California
Inyo,2021-02-08,117,3116,7,1611,110,1505,0,0,97,1454,20,832,97,2286,California
Inyo,2021-02-09,193,3309,51,1662,142,1647,0,0,122,1505,71,903,122,2408,California
Inyo,2021-02-10,147,3456,16,1678,131,1778,0,0,115,1588,32,935,115,2523,California
Inyo,2021-02-11,218,3674,55,1733,163,1941,0,0,125,1620,93,1028,125,2648,California
Inyo,2021-02-12,302,3976,56,1789,246,2187,0,0,171,1660,131,1159,171,2819,California
Inyo,2021-02-13,60,4036,56,1845,4,2191,0,0,7,1614,53,1212,7,2826,California
Inyo,2021-02-14,1,4037,0,1845,1,2192,0,0,1,1615,0,1212,1,2827,California
Inyo,2021-02-15,29,4066,9,1854,20,2212,0,0,5,1596,24,1236,5,2832,California
Inyo,2021-02-16,180,4246,50,1904,130,2342,0,0,94,1604,86,1322,94,2926,California
Inyo,2021-02-17,37,4283,4,1908,33,2375,0,0,7,1581,30,1352,7,2933,California
Inyo,2021-02-18,119,4402,5,1913,114,2489,0,0,76,1614,43,1395,76,3009,California
Inyo,2021-02-19,52,4454,4,1917,48,2537,0,0,9,1580,43,1438,9,3018,California
Inyo,2021-02-20,502,4956,498,2415,4,2541,0,0,500,2078,2,1440,500,3518,California
Inyo,2021-02-21,267,5223,267,2682,0,2541,0,0,267,2345,0,1440,267,3785,California
Inyo,2021-02-22,60,5283,18,2700,42,2583,0,0,26,2337,34,1474,26,3811,California
Inyo,2021-02-23,196,5479,19,2719,177,2760,0,0,93,2328,102,1576,93,3904,California
Inyo,2021-02-24,116,5595,1,2720,115,2875,0,0,58,2328,58,1634,58,3962,California
Inyo,2021-02-25,130,5725,3,2723,127,3002,0,0,62,2322,68,1702,62,4024,California
Inyo,2021-02-26,104,5829,61,2784,43,3045,0,0,20,2258,84,1786,20,4044,California
Inyo,2021-02-27,14,5843,3,2787,11,3056,0,0,3,2250,11,1797,3,4047,California
Inyo,2021-02-28,2,5845,1,2788,1,3057,0,0,1,2250,1,1798,1,4048,California
Inyo,2021-03-01,23,5868,3,2791,20,3077,0,0,20,2267,3,1801,20,4068,California
Inyo,2021-03-02,188,6056,0,2791,188,3265,0,0,106,2291,82,1883,106,4174,California
Inyo,2021-03-03,82,6138,3,2794,79,3344,0,0,39,2287,43,1926,39,4213,California
Inyo,2021-03-04,127,6265,4,2798,123,3467,0,0,46,2252,81,2007,46,4259,California
Inyo,2021-03-05,148,6413,62,2860,86,3553,0,0,43,2191,104,2111,43,4302,California
Inyo,2021-03-06,29,6442,2,2862,27,3580,0,0,27,2216,2,2113,27,4329,California
Inyo,2021-03-07,7,6449,4,2866,3,3583,0,0,5,2219,2,2115,5,4334,California
Inyo,2021-03-08,173,6622,5,2871,168,3751,0,0,83,2212,90,2205,83,4417,California
Inyo,2021-03-09,179,6801,3,2874,176,3927,0,0,63,2159,116,2321,63,4480,California
Inyo,2021-03-10,68,6869,9,2883,58,3985,1,1,25,2142,43,2364,26,4506,California
Inyo,2021-03-11,181,7050,2,2885,173,4158,6,7,64,2095,116,2480,69,4575,California
Inyo,2021-03-12,100,7150,4,2889,91,4249,5,12,28,2056,72,2552,33,4608,California
Inyo,2021-03-13,562,7712,530,3419,23,4272,9,21,73,1650,488,3040,82,4690,California
Inyo,2021-03-14,431,8143,429,3848,2,4274,0,21,168,1556,262,3302,168,4858,California
Inyo,2021-03-15,51,8194,15,3863,34,4308,2,23,29,1565,22,3324,31,4889,California
Inyo,2021-03-16,157,8351,4,3867,148,4456,5,28,58,1529,99,3423,63,4952,California
Inyo,2021-03-17,92,8443,3,3870,82,4538,7,35,78,1600,14,3437,85,5037,California
Inyo,2021-03-18,165,8608,16,3886,143,4681,6,41,93,1627,72,3509,99,5136,California
Inyo,2021-03-19,27,8635,5,3891,18,4699,4,45,17,1638,10,3519,21,5157,California
Inyo,2021-03-20,22,8657,1,3892,12,4711,9,54,3,1631,19,3538,12,5169,California
Inyo,2021-03-22,50,8707,3,3895,42,4753,5,59,29,1644,21,3559,34,5203,California
Inyo,2021-03-23,189,8896,7,3902,178,4931,4,63,101,1661,88,3647,105,5308,California
Inyo,2021-03-24,134,9030,5,3907,125,5056,4,67,82,1695,52,3699,86,5394,California
Inyo,2021-03-25,331,9361,106,4013,222,5278,3,70,267,1902,64,3763,271,5665,California
Inyo,2021-03-26,92,9453,5,4018,83,5361,4,74,71,1957,20,3783,75,5740,California
Inyo,2021-03-27,53,9506,42,4060,8,5369,3,77,47,2001,6,3789,50,5790,California
Inyo,2021-03-28,3,9509,2,4062,1,5370,0,77,2,2002,1,3790,2,5792,California
Inyo,2021-03-29,103,9612,3,4065,94,5464,6,83,77,2060,25,3815,83,5875,California
Inyo,2021-03-30,212,9824,4,4069,203,5667,5,88,106,2067,106,3921,113,5988,California
Inyo,2021-03-31,147,9971,5,4074,136,5803,6,94,102,2131,45,3966,109,6097,California
Inyo,2021-04-01,156,10127,6,4080,149,5952,1,95,109,2194,47,4013,110,6207,California
Inyo,2021-04-02,82,10209,2,4082,78,6030,2,97,47,2209,35,4048,50,6257,California
Inyo,2021-04-03,8,10217,1,4083,3,6033,4,101,3,2211,5,4053,7,6264,California
Kern,2020-12-15,1,1,1,1,0,0,0,0,1,1,0,0,1,1,California
Kern,2020-12-16,18,19,18,19,0,0,0,0,18,19,0,0,18,19,California
Kern,2020-12-17,164,183,164,183,0,0,0,0,164,183,0,0,164,183,California
Kern,2020-12-18,317,500,317,500,0,0,0,0,317,500,0,0,317,500,California
Kern,2020-12-19,100,600,100,600,0,0,0,0,100,600,0,0,100,600,California
Kern,2020-12-20,61,661,61,661,0,0,0,0,61,661,0,0,61,661,California
Kern,2020-12-21,670,1331,670,1331,0,0,0,0,670,1331,0,0,670,1331,California
Kern,2020-12-22,531,1862,528,1859,3,3,0,0,531,1862,0,0,531,1862,California
Kern,2020-12-23,556,2418,417,2276,139,142,0,0,556,2418,0,0,556,2418,California
Kern,2020-12-24,122,2540,43,2319,79,221,0,0,122,2540,0,0,122,2540,California
Kern,2020-12-25,1,2541,1,2320,0,221,0,0,1,2541,0,0,1,2541,California
Kern,2020-12-26,35,2576,1,2321,34,255,0,0,35,2576,0,0,35,2576,California
Kern,2020-12-27,35,2611,3,2324,32,287,0,0,35,2611,0,0,35,2611,California
Kern,2020-12-28,826,3437,662,2986,164,451,0,0,826,3437,0,0,826,3437,California
Kern,2020-12-29,745,4182,452,3438,293,744,0,0,745,4182,0,0,745,4182,California
Kern,2020-12-30,1200,5382,909,4347,291,1035,0,0,1200,5382,0,0,1200,5382,California
Kern,2020-12-31,277,5659,98,4445,179,1214,0,0,277,5659,0,0,277,5659,California
Kern,2021-01-01,9,5668,6,4451,3,1217,0,0,9,5668,0,0,9,5668,California
Kern,2021-01-02,77,5745,18,4469,59,1276,0,0,77,5745,0,0,77,5745,California
Kern,2021-01-03,23,5768,4,4473,19,1295,0,0,23,5768,0,0,23,5768,California
Kern,2021-01-04,554,6322,360,4833,194,1489,0,0,554,6322,0,0,554,6322,California
Kern,2021-01-05,1129,7451,735,5568,394,1883,0,0,1117,7427,12,12,1117,7439,California
Kern,2021-01-06,1164,8615,453,6021,711,2594,0,0,1134,8531,30,42,1134,8573,California
Kern,2021-01-07,1402,10017,494,6515,908,3502,0,0,1233,9596,168,210,1233,9806,California
Kern,2021-01-08,1626,11643,766,7281,860,4362,0,0,1330,10629,298,508,1331,11137,California
Kern,2021-01-09,226,11869,76,7357,150,4512,0,0,192,10787,34,542,192,11329,California
Kern,2021-01-10,190,12059,145,7502,45,4557,0,0,149,10895,41,583,149,11478,California
Kern,2021-01-11,1550,13609,981,8483,569,5126,0,0,998,11341,552,1135,998,12476,California
Kern,2021-01-12,1869,15478,811,9294,1058,6184,0,0,1358,12188,511,1646,1358,13834,California
Kern,2021-01-13,1855,17333,867,10161,988,7172,0,0,1432,13197,423,2069,1432,15266,California
Kern,2021-01-14,2177,19510,643,10804,1534,8706,0,0,2131,15282,47,2116,2132,17398,California
Kern,2021-01-15,2701,22211,858,11662,1843,10549,0,0,2604,17792,95,2211,2605,20003,California
Kern,2021-01-16,666,22877,210,11872,456,11005,0,0,632,18390,34,2245,632,20635,California
Kern,2021-01-17,73,22950,7,11879,66,11071,0,0,71,18459,2,2247,71,20706,California
Kern,2021-01-18,1646,24596,659,12538,987,12058,0,0,1476,19765,170,2417,1476,22182,California
Kern,2021-01-19,1846,26442,1029,13567,817,12875,0,0,1379,20678,467,2884,1380,23562,California
Kern,2021-01-20,2439,28881,1505,15072,934,13809,0,0,1815,21876,619,3503,1817,25379,California
Kern,2021-01-21,2154,31035,918,15990,1236,15045,0,0,1961,23645,192,3695,1961,27340,California
Kern,2021-01-22,2700,33735,1289,17279,1411,16456,0,0,2425,25796,274,3969,2425,29765,California
Kern,2021-01-23,1245,34980,531,17810,714,17170,0,0,1199,26949,46,4015,1199,30964,California
Kern,2021-01-24,160,35140,19,17829,141,17311,0,0,155,27099,5,4020,155,31119,California
Kern,2021-01-25,2377,37517,1082,18911,1295,18606,0,0,1893,28511,483,4503,1895,33014,California
Kern,2021-01-26,2732,40249,1109,20020,1623,20229,0,0,1882,29545,849,5352,1883,34897,California
Kern,2021-01-27,3548,43797,1894,21914,1654,21883,0,0,2850,31698,697,6049,2850,37747,California
Kern,2021-01-28,2838,46635,1343,23257,1495,23378,0,0,2411,33686,424,6473,2412,40159,California
Kern,2021-01-29,3747,50382,1788,25045,1959,25337,0,0,3208,36358,536,7009,3208,43367,California
Kern,2021-01-30,1323,51705,495,25540,828,26165,0,0,1276,37589,45,7054,1276,44643,California
Kern,2021-01-31,400,52105,274,25814,126,26291,0,0,267,37723,133,7187,267,44910,California
Kern,2021-02-01,2407,54512,817,26631,1590,27881,0,0,1857,39034,547,7734,1858,46768,California
Kern,2021-02-02,2915,57427,975,27606,1940,29821,0,0,2053,40226,862,8596,2054,48822,California
Kern,2021-02-03,3655,61082,1549,29155,2106,31927,0,0,2687,41954,960,9556,2688,51510,California
Kern,2021-02-04,3785,64867,1444,30599,2341,34268,0,0,2572,43325,1202,10758,2573,54083,California
Kern,2021-02-05,4842,69709,1990,32589,2852,37120,0,0,3085,44673,1738,12496,3086,57169,California
Kern,2021-02-06,1734,71443,762,33351,972,38092,0,0,1514,45970,217,12713,1514,58683,California
Kern,2021-02-07,281,71724,149,33500,132,38224,0,0,267,46225,12,12725,267,58950,California
Kern,2021-02-08,2565,74289,788,34288,1777,40001,0,0,1261,46200,1286,14011,1261,60211,California
Kern,2021-02-09,3020,77309,985,35273,2035,42036,0,0,1466,46119,1547,15558,1466,61677,California
Kern,2021-02-10,3734,81043,1650,36923,2084,44120,0,0,1891,46185,1826,17384,1892,63569,California
Kern,2021-02-11,4264,85307,1539,38462,2725,46845,0,0,2231,46396,2020,19404,2231,65800,California
Kern,2021-02-12,4942,90249,1868,40330,3074,49919,0,0,2468,46405,2459,21863,2468,68268,California
Kern,2021-02-13,1985,92234,701,41031,1284,51203,0,0,1158,46738,825,22688,1158,69426,California
Kern,2021-02-14,352,92586,13,41044,339,51542,0,0,271,46929,80,22768,271,69697,California
Kern,2021-02-15,2719,95305,883,41927,1836,53378,0,0,1198,46614,1513,24281,1198,70895,California
Kern,2021-02-16,2940,98245,718,42645,2222,55600,0,0,1659,47002,1271,25552,1659,72554,California
Kern,2021-02-17,4059,102304,2072,44717,1987,57587,0,0,1933,46815,2121,27673,1934,74488,California
Kern,2021-02-18,3727,106031,1468,46185,2259,59846,0,0,1610,46320,2105,29778,1610,76098,California
Kern,2021-02-19,4174,110205,1902,48087,2272,62118,0,0,1735,45621,2434,32212,1735,77833,California
Kern,2021-02-20,2536,112741,954,49041,1582,63700,0,0,1305,45700,1227,33439,1306,79139,California
Kern,2021-02-21,223,112964,118,49159,105,63805,0,0,77,45633,144,33583,77,79216,California
Kern,2021-02-22,2639,115603,1137,50296,1502,65307,0,0,1432,45863,1202,34785,1432,80648,California
Kern,2021-02-23,3512,119115,1111,51407,2401,67708,0,0,1970,46293,1540,36325,1970,82618,California
Kern,2021-02-24,5114,124229,2266,53673,2848,70556,0,0,3035,47253,2075,38400,3035,85653,California
Kern,2021-02-25,5304,129533,2442,56115,2862,73418,0,0,3145,48258,2140,40540,3145,88798,California
Kern,2021-02-26,6765,136298,3478,59593,3287,76705,0,0,4312,50123,2447,42987,4312,93110,California
Kern,2021-02-27,3808,140106,1859,61452,1949,78654,0,0,2501,51328,1299,44286,2504,95614,California
Kern,2021-02-28,910,141016,501,61953,409,79063,0,0,693,51806,215,44501,693,96307,California
Kern,2021-03-01,3900,144916,1796,63749,2104,81167,0,0,2627,53165,1269,45770,2628,98935,California
Kern,2021-03-02,4278,149194,1350,65099,2927,84094,1,1,2790,54475,1480,47250,2790,101725,California
Kern,2021-03-03,5581,154775,2640,67739,2941,87035,0,1,3530,55967,2038,49288,3530,105255,California
Kern,2021-03-04,5070,159845,1980,69719,3088,90123,2,3,3373,57656,1686,50974,3375,108630,California
Kern,2021-03-05,6018,165863,2632,72351,3369,93492,17,20,3843,59350,2166,53140,3860,112490,California
Kern,2021-03-06,4285,170148,1865,74216,2326,95818,94,114,3183,61536,1096,54236,3282,115772,California
Kern,2021-03-07,2019,172167,1576,75792,395,96213,48,162,1831,63228,187,54423,1879,117651,California
Kern,2021-03-08,2654,174821,827,76619,1624,97837,203,365,1370,63518,1281,55704,1571,119222,California
Kern,2021-03-09,3388,178209,741,77360,2322,100159,325,690,2056,64571,1327,57031,2380,121602,California
Kern,2021-03-10,5577,183786,2377,79737,2286,102445,914,1604,3219,66358,2347,59378,4134,125736,California
Kern,2021-03-11,5657,189443,2148,81885,2718,105163,791,2395,3396,68291,2254,61632,4187,129923,California
Kern,2021-03-12,6415,195858,2550,84435,3030,108193,835,3230,3714,70145,2693,64325,4547,134470,California
Kern,2021-03-13,3986,199844,2131,86566,1531,109724,324,3554,2723,71933,1259,65584,3047,137517,California
Kern,2021-03-14,2079,201923,1379,87945,467,110191,233,3787,1650,73388,427,66011,1882,139399,California
Kern,2021-03-15,4031,205954,1009,88954,2366,112557,656,4443,2068,74160,1953,67964,2725,142124,California
Kern,2021-03-16,4191,210145,968,89922,2715,115272,508,4951,2235,74956,1945,69909,2741,144865,California
Kern,2021-03-17,6786,216931,3599,93521,2729,118001,458,5409,4096,76832,2678,72587,4554,149419,California
Kern,2021-03-18,6252,223183,3149,96670,2578,120579,525,5934,3713,78550,2520,75107,4238,153657,California
Kern,2021-03-19,7520,230703,4338,101008,2652,123231,530,6464,3921,79420,3583,78690,4453,158110,California
Kern,2021-03-20,4037,234740,2357,103365,1562,124793,118,6582,2574,80662,1457,80147,2699,160809,California
Kern,2021-03-21,2826,237566,1691,105056,263,125056,872,7454,1650,82014,1171,81318,2523,163332,California
Kern,2021-03-22,3851,241417,1554,106610,1982,127038,315,7769,1889,82264,1956,83274,2206,165538,California
Kern,2021-03-23,4448,245865,1562,108172,2719,129757,167,7936,2405,82843,2013,85287,2592,168130,California
Kern,2021-03-24,6878,252743,3488,111660,2938,132695,452,8388,3626,83701,3237,88524,4095,172225,California
Kern,2021-03-25,6489,259232,2816,114476,3359,136054,314,8702,3253,84059,3221,91745,3579,175804,California
Kern,2021-03-26,9252,268484,4111,118587,3969,140023,1172,9874,4620,85268,4612,96357,5821,181625,California
Kern,2021-03-27,5348,273832,3668,122255,1561,141584,119,9993,3283,86627,2055,98412,3414,185039,California
Kern,2021-03-28,4105,277937,3629,125884,462,142046,14,10007,2570,87692,1529,99941,2594,187633,California
Kern,2021-03-29,4053,281990,1564,127448,2215,144261,274,10281,2536,89012,1505,101446,2825,190458,California
Kern,2021-03-30,5348,287338,1767,129215,3284,147545,297,10578,3056,90130,2284,103730,3402,193860,California
Kern,2021-03-31,7858,295196,4067,133282,3152,150697,639,11217,4171,91338,3674,107404,4882,198742,California
Kern,2021-04-01,7280,302476,3514,136796,3481,154178,285,11502,3940,92442,3325,110729,4429,203171,California
Kern,2021-04-02,7651,310127,4126,140922,3114,157292,411,11913,3931,93338,3711,114440,4607,207778,California
Kern,2021-04-03,3793,313920,3021,143943,690,157982,82,11995,2002,93759,1787,116227,2208,209986,California
Kings,2020-12-16,1,1,1,1,0,0,0,0,1,1,0,0,1,1,California
Kings,2020-12-17,8,9,8,9,0,0,0,0,8,9,0,0,8,9,California
Kings,2020-12-18,12,21,12,21,0,0,0,0,12,21,0,0,12,21,California
Kings,2020-12-19,11,32,11,32,0,0,0,0,11,32,0,0,11,32,California
Kings,2020-12-20,13,45,13,45,0,0,0,0,13,45,0,0,13,45,California
Kings,2020-12-21,154,199,154,199,0,0,0,0,271,316,0,0,271,316,California
Kings,2020-12-22,143,342,143,342,0,0,0,0,140,456,0,0,140,456,California
Kings,2020-12-23,134,476,122,464,12,12,0,0,135,591,0,0,135,591,California
Kings,2020-12-24,11,487,9,473,2,14,0,0,11,602,0,0,11,602,California
Kings,2020-12-26,7,494,4,477,3,17,0,0,7,609,0,0,7,609,California
Kings,2020-12-27,4,498,4,481,0,17,0,0,4,613,0,0,4,613,California
Kings,2020-12-28,131,629,103,584,28,45,0,0,132,745,0,0,132,745,California
Kings,2020-12-29,78,707,51,635,27,72,0,0,79,824,0,0,79,824,California
Kings,2020-12-30,147,854,108,743,39,111,0,0,147,971,0,0,147,971,California
Kings,2020-12-31,43,897,6,749,37,148,0,0,43,1014,0,0,43,1014,California
Kings,2021-01-01,1,898,0,749,1,149,0,0,1,1015,0,0,1,1015,California
Kings,2021-01-02,10,908,9,758,1,150,0,0,10,1025,0,0,10,1025,California
Kings,2021-01-04,112,1020,41,799,71,221,0,0,112,1137,0,0,112,1137,California
Kings,2021-01-05,197,1217,39,838,158,379,0,0,197,1334,0,0,197,1334,California
Kings,2021-01-06,275,1492,178,1016,97,476,0,0,272,1603,3,3,272,1606,California
Kings,2021-01-07,179,1671,82,1098,97,573,0,0,171,1766,8,11,171,1777,California
Kings,2021-01-08,247,1918,54,1152,193,766,0,0,228,1975,19,30,228,2005,California
Kings,2021-01-09,63,1981,9,1161,54,820,0,0,55,2022,8,38,55,2060,California
Kings,2021-01-10,15,1996,3,1164,12,832,0,0,12,2031,3,41,12,2072,California
Kings,2021-01-11,518,2514,356,1520,162,994,0,0,274,2062,244,285,275,2347,California
Kings,2021-01-12,352,2866,255,1775,97,1091,0,0,218,2149,131,416,218,2565,California
Kings,2021-01-13,413,3279,266,2041,147,1238,0,0,322,2380,91,507,322,2887,California
Kings,2021-01-14,210,3489,31,2072,179,1417,0,0,200,2560,21,528,201,3088,California
Kings,2021-01-15,415,3904,28,2100,387,1804,0,0,403,2951,12,540,403,3491,California
Kings,2021-01-16,31,3935,12,2112,19,1823,0,0,30,2980,1,541,30,3521,California
Kings,2021-01-17,8,3943,5,2117,3,1826,0,0,6,2984,2,543,6,3527,California
Kings,2021-01-18,172,4115,40,2157,132,1958,0,0,146,3104,26,569,146,3673,California
Kings,2021-01-19,376,4491,158,2315,218,2176,0,0,248,3224,128,697,248,3921,California
Kings,2021-01-20,224,4715,135,2450,89,2265,0,0,119,3242,101,798,119,4040,California
Kings,2021-01-21,185,4900,32,2482,153,2418,0,0,171,3397,16,814,171,4211,California
Kings,2021-01-22,126,5026,39,2521,87,2505,0,0,125,3517,5,819,125,4336,California
Kings,2021-01-23,26,5052,14,2535,12,2517,0,0,20,3531,6,825,20,4356,California
Kings,2021-01-24,3,5055,3,2538,0,2517,0,0,1,3530,2,827,1,4357,California
Kings,2021-01-25,123,5178,25,2563,98,2615,0,0,90,3587,33,860,90,4447,California
Kings,2021-01-26,153,5331,34,2597,119,2734,0,0,114,3662,39,899,114,4561,California
Kings,2021-01-27,316,5647,34,2631,282,3016,0,0,246,3839,69,968,246,4807,California
Kings,2021-01-28,323,5970,47,2678,276,3292,0,0,269,4054,54,1022,269,5076,California
Kings,2021-01-29,85,6055,26,2704,59,3351,0,0,68,4105,17,1039,68,5144,California
Kings,2021-01-30,1542,7597,31,2735,1511,4862,0,0,1540,5644,2,1041,1541,6685,California
Kings,2021-02-01,197,7794,63,2798,134,4996,0,0,70,5589,125,1166,70,6755,California
Kings,2021-02-02,224,8018,14,2812,210,5206,0,0,80,5526,143,1309,80,6835,California
Kings,2021-02-03,352,8370,193,3005,159,5365,0,0,198,5571,153,1462,198,7033,California
Kings,2021-02-04,392,8762,98,3103,294,5659,0,0,196,5571,196,1658,196,7229,California
Kings,2021-02-05,254,9016,12,3115,242,5901,0,0,101,5520,152,1810,101,7330,California
Kings,2021-02-06,58,9074,10,3125,48,5949,0,0,26,5514,32,1842,26,7356,California
Kings,2021-02-07,5,9079,3,3128,2,5951,0,0,3,5515,2,1844,3,7359,California
Kings,2021-02-08,171,9250,29,3157,142,6093,0,0,70,5484,101,1945,70,7429,California
Kings,2021-02-09,252,9502,57,3214,195,6288,0,0,109,5452,141,2086,109,7538,California
Kings,2021-02-10,286,9788,113,3327,173,6461,0,0,175,5516,111,2197,175,7713,California
Kings,2021-02-11,417,10205,64,3391,353,6814,0,0,305,5710,111,2308,305,8018,California
Kings,2021-02-12,608,10813,36,3427,572,7386,0,0,344,5790,264,2572,344,8362,California
Kings,2021-02-13,102,10915,6,3433,96,7482,0,0,77,5842,25,2597,77,8439,California
Kings,2021-02-14,103,11018,5,3438,98,7580,0,0,96,5931,7,2604,96,8535,California
Kings,2021-02-15,245,11263,4,3442,241,7821,0,0,137,5961,107,2711,137,8672,California
Kings,2021-02-16,482,11745,32,3474,450,8271,0,0,249,5978,232,2943,249,8921,California
Kings,2021-02-17,378,12123,22,3496,356,8627,0,0,241,6083,137,3080,242,9163,California
Kings,2021-02-18,154,12277,23,3519,131,8758,0,0,100,6129,54,3134,100,9263,California
Kings,2021-02-19,157,12434,22,3541,135,8893,0,0,101,6177,53,3187,101,9364,California
Kings,2021-02-20,170,12604,41,3582,129,9022,0,0,133,6273,37,3224,133,9497,California
Kings,2021-02-21,1,12605,0,3582,1,9023,0,0,1,6274,0,3224,1,9498,California
Kings,2021-02-22,106,12711,17,3599,89,9112,0,0,47,6262,59,3283,47,9545,California
Kings,2021-02-23,289,13000,71,3670,218,9330,0,0,172,6317,117,3400,172,9717,California
Kings,2021-02-24,591,13591,153,3823,438,9768,0,0,378,6482,213,3613,378,10095,California
Kings,2021-02-25,661,14252,111,3934,550,10318,0,0,444,6711,215,3828,444,10539,California
Kings,2021-02-26,653,14905,131,4065,522,10840,0,0,591,7241,61,3889,591,11130,California
Kings,2021-02-27,1495,16400,60,4125,1435,12275,0,0,566,6881,928,4817,568,11698,California
Kings,2021-02-28,1165,17565,592,4717,573,12848,0,0,668,7054,495,5312,668,12366,California
Kings,2021-03-01,257,17822,78,4795,179,13027,0,0,213,7223,44,5356,213,12579,California
Kings,2021-03-02,460,18282,202,4997,258,13285,0,0,412,7587,48,5404,412,12991,California
Kings,2021-03-03,572,18854,285,5282,287,13572,0,0,397,7810,174,5578,397,13388,California
Kings,2021-03-04,665,19519,319,5601,346,13918,0,0,573,8291,92,5670,573,13961,California
Kings,2021-03-05,926,20445,322,5923,595,14513,9,9,810,8995,116,5786,820,14781,California
Kings,2021-03-06,506,20951,187,6110,306,14819,13,22,476,9455,30,5816,490,15271,California
Kings,2021-03-07,299,21250,162,6272,133,14952,4,26,291,9742,8,5824,295,15566,California
Kings,2021-03-08,325,21575,87,6359,189,15141,49,75,222,9909,103,5927,270,15836,California
Kings,2021-03-09,431,22006,159,6518,219,15360,53,128,329,10190,102,6029,383,16219,California
Kings,2021-03-10,409,22415,108,6626,257,15617,44,172,287,10400,120,6149,330,16549,California
Kings,2021-03-11,911,23326,267,6893,538,16155,106,278,552,10705,356,6505,661,17210,California
Kings,2021-03-12,1172,24498,355,7248,732,16887,85,363,815,11251,356,6861,902,18112,California
Kings,2021-03-13,601,25099,331,7579,228,17115,42,405,515,11724,86,6947,559,18671,California
Kings,2021-03-14,588,25687,77,7656,137,17252,374,779,168,11847,420,7367,543,19214,California
Kings,2021-03-15,586,26273,171,7827,301,17553,114,893,354,12085,232,7599,470,19684,California
Kings,2021-03-16,1035,27308,434,8261,537,18090,64,957,694,12506,338,7937,759,20443,California
Kings,2021-03-17,1019,28327,370,8631,590,18680,59,1016,721,12996,298,8235,788,21231,California
Kings,2021-03-18,937,29264,406,9037,350,19030,181,1197,662,13566,275,8510,845,22076,California
Kings,2021-03-19,810,30074,402,9439,343,19373,65,1262,635,14100,175,8685,709,22785,California
Kings,2021-03-20,492,30566,212,9651,255,19628,25,1287,362,14366,127,8812,393,23178,California
Kings,2021-03-21,1365,31931,1084,10735,269,19897,12,1299,811,14636,554,9366,824,24002,California
Kings,2021-03-22,454,32385,209,10944,165,20062,80,1379,279,14824,175,9541,363,24365,California
Kings,2021-03-23,873,33258,483,11427,332,20394,58,1437,561,15136,310,9851,622,24987,California
Kings,2021-03-24,897,34155,459,11886,414,20808,24,1461,499,15265,397,10248,526,25513,California
Kings,2021-03-25,884,35039,446,12332,413,21221,25,1486,448,15304,434,10682,473,25986,California
Kings,2021-03-26,1285,36324,381,12713,817,22038,87,1573,526,15167,754,11436,617,26603,California
Kings,2021-03-27,618,36942,246,12959,358,22396,14,1587,170,14908,446,11882,187,26790,California
Kings,2021-03-28,512,37454,439,13398,63,22459,10,1597,336,15086,176,12058,354,27144,California
Kings,2021-03-29,424,37878,180,13578,186,22645,58,1655,235,15194,187,12245,295,27439,California
Kings,2021-03-30,785,38663,426,14004,321,22966,38,1693,468,15386,316,12561,508,27947,California
Kings,2021-03-31,684,39347,355,14359,268,23234,61,1754,412,15604,267,12828,485,28432,California
Kings,2021-04-01,695,40042,346,14705,274,23508,75,1829,326,15653,363,13191,412,28844,California
Kings,2021-04-02,883,40925,410,15115,354,23862,119,1948,410,15734,468,13659,549,29393,California
Kings,2021-04-03,262,41187,213,15328,49,23911,0,1948,86,15647,175,13834,88,29481,California
Lake,2020-12-17,4,4,4,4,0,0,0,0,4,4,0,0,4,4,California
Lake,2020-12-18,51,55,51,55,0,0,0,0,51,55,0,0,51,55,California
Lake,2020-12-19,3,58,3,58,0,0,0,0,3,58,0,0,3,58,California
Lake,2020-12-20,6,64,6,64,0,0,0,0,6,64,0,0,6,64,California
Lake,2020-12-21,50,114,50,114,0,0,0,0,50,114,0,0,50,114,California
Lake,2020-12-22,63,177,60,174,3,3,0,0,63,177,0,0,63,177,California
Lake,2020-12-23,91,268,83,257,8,11,0,0,91,268,0,0,91,268,California
Lake,2020-12-24,2,270,0,257,2,13,0,0,2,270,0,0,2,270,California
Lake,2020-12-26,2,272,2,259,0,13,0,0,2,272,0,0,2,272,California
Lake,2020-12-27,2,274,2,261,0,13,0,0,2,274,0,0,2,274,California
Lake,2020-12-28,52,326,43,304,9,22,0,0,52,326,0,0,52,326,California
Lake,2020-12-29,14,340,9,313,5,27,0,0,14,340,0,0,14,340,California
Lake,2020-12-30,89,429,82,395,7,34,0,0,89,429,0,0,89,429,California
Lake,2020-12-31,67,496,64,459,3,37,0,0,67,496,0,0,67,496,California
Lake,2021-01-01,1,497,0,459,1,38,0,0,1,497,0,0,1,497,California
Lake,2021-01-02,2,499,1,460,1,39,0,0,2,499,0,0,2,499,California
Lake,2021-01-04,65,564,1,461,64,103,0,0,65,564,0,0,65,564,California
Lake,2021-01-05,80,644,59,520,21,124,0,0,78,640,2,2,78,642,California
Lake,2021-01-06,83,727,65,585,18,142,0,0,81,719,2,4,81,723,California
Lake,2021-01-07,69,796,49,634,20,162,0,0,65,780,4,8,65,788,California
Lake,2021-01-08,143,939,124,758,19,181,0,0,91,819,52,60,91,879,California
Lake,2021-01-09,62,1001,60,818,2,183,0,0,58,873,4,64,58,937,California
Lake,2021-01-10,3,1004,3,821,0,183,0,0,0,870,3,67,0,937,California
Lake,2021-01-11,161,1165,119,940,42,225,0,0,113,935,48,115,113,1050,California
Lake,2021-01-12,79,1244,48,988,31,256,0,0,55,966,24,139,55,1105,California
Lake,2021-01-13,126,1370,74,1062,52,308,0,0,96,1032,30,169,96,1201,California
Lake,2021-01-14,136,1506,35,1097,101,409,0,0,115,1126,21,190,115,1316,California
Lake,2021-01-15,216,1722,93,1190,123,532,0,0,189,1288,27,217,189,1505,California
Lake,2021-01-16,135,1857,83,1273,52,584,0,0,133,1419,2,219,133,1638,California
Lake,2021-01-17,18,1875,6,1279,12,596,0,0,12,1425,6,225,12,1650,California
Lake,2021-01-18,244,2119,224,1503,20,616,0,0,126,1433,118,343,126,1776,California
Lake,2021-01-19,277,2396,84,1587,193,809,0,0,263,1683,14,357,264,2040,California
Lake,2021-01-20,385,2781,44,1631,341,1150,0,0,356,2010,29,386,356,2396,California
Lake,2021-01-21,316,3097,48,1679,268,1418,0,0,283,2260,33,419,283,2679,California
Lake,2021-01-22,318,3415,45,1724,273,1691,0,0,282,2506,36,455,282,2961,California
Lake,2021-01-23,122,3537,5,1729,117,1808,0,0,121,2626,1,456,121,3082,California
Lake,2021-01-24,4,3541,1,1730,3,1811,0,0,4,2630,0,456,4,3086,California
Lake,2021-01-25,236,3777,73,1803,163,1974,0,0,178,2750,58,514,178,3264,California
Lake,2021-01-26,425,4202,35,1838,390,2364,0,0,402,3129,23,537,402,3666,California
Lake,2021-01-27,357,4559,39,1877,318,2682,0,0,331,3434,26,563,331,3997,California
Lake,2021-01-28,467,5026,130,2007,337,3019,0,0,366,3699,101,664,366,4363,California
Lake,2021-01-29,636,5662,82,2089,554,3573,0,0,576,4215,60,724,576,4939,California
Lake,2021-01-30,557,6219,45,2134,512,4085,0,0,550,4759,7,731,551,5490,California
Lake,2021-01-31,13,6232,8,2142,5,4090,0,0,12,4770,1,732,12,5502,California
Lake,2021-02-01,176,6408,17,2159,159,4249,0,0,165,4924,11,743,165,5667,California
Lake,2021-02-02,538,6946,154,2313,384,4633,0,0,401,5188,137,880,401,6068,California
Lake,2021-02-03,422,7368,26,2339,396,5029,0,0,348,5462,74,954,348,6416,California
Lake,2021-02-04,100,7468,55,2394,45,5074,0,0,71,5504,29,983,71,6487,California
Lake,2021-02-05,368,7836,68,2462,300,5374,0,0,288,5714,78,1061,288,6775,California
Lake,2021-02-06,282,8118,43,2505,239,5613,0,0,270,5972,12,1073,270,7045,California
Lake,2021-02-07,2,8120,1,2506,1,5614,0,0,2,5974,0,1073,2,7047,California
Lake,2021-02-08,276,8396,206,2712,70,5684,0,0,157,6012,119,1192,157,7204,California
Lake,2021-02-09,340,8736,21,2733,319,6003,0,0,301,6274,39,1231,301,7505,California
Lake,2021-02-10,351,9087,53,2786,298,6301,0,0,274,6471,77,1308,274,7779,California
Lake,2021-02-11,172,9259,19,2805,153,6454,0,0,60,6419,112,1420,60,7839,California
Lake,2021-02-12,373,9632,29,2834,344,6798,0,0,286,6618,87,1507,286,8125,California
Lake,2021-02-13,253,9885,8,2842,245,7043,0,0,242,6849,11,1518,242,8367,California
Lake,2021-02-14,21,9906,4,2846,17,7060,0,0,8,6844,13,1531,8,8375,California
Lake,2021-02-15,171,10077,12,2858,159,7219,0,0,7,6688,163,1694,7,8382,California
Lake,2021-02-16,413,10490,19,2877,394,7613,0,0,171,6617,242,1936,171,8553,California
Lake,2021-02-17,351,10841,54,2931,297,7910,0,0,73,6413,277,2213,73,8626,California
Lake,2021-02-18,450,11291,68,2999,382,8292,0,0,116,6195,334,2547,116,8742,California
Lake,2021-02-19,414,11705,26,3025,388,8680,0,0,92,5965,322,2869,92,8834,California
Lake,2021-02-20,289,11994,58,3083,231,8911,0,0,247,6170,42,2911,247,9081,California
Lake,2021-02-21,6,12000,6,3089,0,8911,0,0,0,6164,6,2917,0,9081,California
Lake,2021-02-22,136,12136,22,3111,114,9025,0,0,41,6110,95,3012,41,9122,California
Lake,2021-02-23,210,12346,13,3124,197,9222,0,0,25,5950,185,3197,25,9147,California
Lake,2021-02-24,953,13299,376,3500,577,9799,0,0,417,5831,536,3733,417,9564,California
Lake,2021-02-25,723,14022,457,3957,266,10065,0,0,472,6054,249,3982,472,10036,California
Lake,2021-02-26,994,15016,307,4264,687,10752,0,0,346,5756,644,4626,346,10382,California
Lake,2021-02-27,398,15414,95,4359,303,11055,0,0,316,5990,82,4708,316,10698,California
Lake,2021-02-28,19,15433,13,4372,6,11061,0,0,10,5991,9,4717,10,10708,California
Lake,2021-03-01,593,16026,53,4425,540,11601,0,0,441,6280,152,4869,441,11149,California
Lake,2021-03-02,754,16780,17,4442,737,12338,0,0,289,6104,465,5334,289,11438,California
Lake,2021-03-03,350,17130,192,4634,158,12496,0,0,128,6010,222,5556,128,11566,California
Lake,2021-03-04,543,17673,474,5108,69,12565,0,0,530,6527,13,5569,530,12096,California
Lake,2021-03-05,817,18490,29,5137,788,13353,0,0,118,5949,696,6265,118,12214,California
Lake,2021-03-06,38,18528,10,5147,27,13380,1,1,23,5958,15,6280,24,12238,California
Lake,2021-03-07,7,18535,5,5152,2,13382,0,1,3,5957,4,6284,3,12241,California
Lake,2021-03-08,310,18845,243,5395,58,13440,9,10,272,6200,38,6322,281,12522,California
Lake,2021-03-09,894,19739,29,5424,852,14292,13,23,377,6074,516,6838,390,12912,California
Lake,2021-03-10,198,19937,60,5484,131,14423,7,30,137,6157,61,6899,144,13056,California
Lake,2021-03-11,554,20491,50,5534,62,14485,442,472,52,6149,502,7401,494,13550,California
Lake,2021-03-12,830,21321,183,5717,623,15108,24,496,336,6017,492,7893,360,13910,California
Lake,2021-03-13,189,21510,19,5736,18,15126,152,648,17,6015,170,8063,168,14078,California
Lake,2021-03-14,14,21524,3,5739,10,15136,1,649,8,6018,6,8069,9,14087,California
Lake,2021-03-15,586,22110,12,5751,554,15690,20,669,427,6306,159,8228,447,14534,California
Lake,2021-03-16,1072,23182,813,6564,242,15932,17,686,423,6100,646,8874,440,14974,California
Lake,2021-03-17,235,23417,117,6681,100,16032,18,704,81,6045,154,9028,99,15073,California
Lake,2021-03-18,658,24075,338,7019,287,16319,33,737,297,6014,360,9388,329,15402,California
Lake,2021-03-19,395,24470,172,7191,212,16531,11,748,311,6253,83,9471,322,15724,California
Lake,2021-03-20,75,24545,11,7202,62,16593,2,750,21,6223,53,9524,23,15747,California
Lake,2021-03-21,19,24564,14,7216,4,16597,1,751,12,6229,7,9531,13,15760,California
Lake,2021-03-22,310,24874,231,7447,65,16662,14,765,225,6383,85,9616,239,15999,California
Lake,2021-03-23,407,25281,20,7467,373,17035,14,779,346,6683,60,9676,360,16359,California
Lake,2021-03-24,422,25703,68,7535,347,17382,7,786,326,6924,94,9770,335,16694,California
Lake,2021-03-25,623,26326,440,7975,177,17559,6,792,169,6647,453,10223,176,16870,California
Lake,2021-03-26,79,26405,40,8015,38,17597,1,793,56,6681,23,10246,57,16927,California
Lake,2021-03-27,307,26712,10,8025,293,17890,4,797,22,6425,283,10529,27,16954,California
Lake,2021-03-28,14,26726,5,8030,8,17898,1,798,6,6424,8,10537,7,16961,California
Lake,2021-03-29,878,27604,243,8273,633,18531,2,800,194,5940,682,11219,198,17159,California
Lake,2021-03-30,441,28045,302,8575,135,18666,4,804,358,6221,83,11302,364,17523,California
Lake,2021-03-31,559,28604,63,8638,496,19162,0,804,399,6489,153,11455,421,17944,California
Lake,2021-04-01,401,29005,207,8845,183,19345,11,815,173,6456,226,11681,193,18137,California
Lake,2021-04-02,210,29215,34,8879,149,19494,27,842,95,6468,115,11796,127,18264,California
Lake,2021-04-03,17,29232,6,8885,9,19503,2,844,8,6469,9,11805,10,18274,California
Lassen,2020-12-16,8,8,8,8,0,0,0,0,8,8,0,0,8,8,California
Lassen,2020-12-17,6,14,6,14,0,0,0,0,6,14,0,0,6,14,California
Lassen,2020-12-18,1,15,1,15,0,0,0,0,1,15,0,0,1,15,California
Lassen,2020-12-19,5,20,5,20,0,0,0,0,5,20,0,0,5,20,California
Lassen,2020-12-20,2,22,2,22,0,0,0,0,2,22,0,0,2,22,California
Lassen,2020-12-21,11,33,11,33,0,0,0,0,11,33,0,0,11,33,California
Lassen,2020-12-22,23,56,23,56,0,0,0,0,23,56,0,0,23,56,California
Lassen,2020-12-23,6,62,6,62,0,0,0,0,6,62,0,0,6,62,California
Lassen,2020-12-24,11,73,11,73,0,0,0,0,11,73,0,0,11,73,California
Lassen,2020-12-28,3,76,2,75,1,1,0,0,3,76,0,0,3,76,California
Lassen,2020-12-29,35,111,35,110,0,1,0,0,35,111,0,0,35,111,California
Lassen,2020-12-30,37,148,36,146,1,2,0,0,37,148,0,0,37,148,California
Lassen,2020-12-31,51,199,42,188,9,11,0,0,51,199,0,0,51,199,California
Lassen,2021-01-02,1,200,0,188,1,12,0,0,1,200,0,0,1,200,California
Lassen,2021-01-04,15,215,1,189,14,26,0,0,15,215,0,0,15,215,California
Lassen,2021-01-05,194,409,53,242,141,167,0,0,194,409,0,0,194,409,California
Lassen,2021-01-06,94,503,42,284,52,219,0,0,86,488,8,8,87,496,California
Lassen,2021-01-07,43,546,7,291,36,255,0,0,37,519,6,14,37,533,California
Lassen,2021-01-08,50,596,2,293,48,303,0,0,50,569,0,14,50,583,California
Lassen,2021-01-09,12,608,6,299,6,309,0,0,12,581,0,14,12,595,California
Lassen,2021-01-11,27,635,5,304,22,331,0,0,27,608,0,14,27,622,California
Lassen,2021-01-12,50,685,30,334,20,351,0,0,31,620,19,33,31,653,California
Lassen,2021-01-13,161,846,18,352,143,494,0,0,146,751,15,48,146,799,California
Lassen,2021-01-14,161,1007,18,370,143,637,0,0,149,888,12,60,149,948,California
Lassen,2021-01-15,33,1040,6,376,27,664,0,0,33,921,0,60,33,981,California
Lassen,2021-01-16,34,1074,33,409,1,665,0,0,34,955,0,60,34,1015,California
Lassen,2021-01-17,1,1075,0,409,1,666,0,0,1,956,0,60,1,1016,California
Lassen,2021-01-18,5,1080,2,411,3,669,0,0,4,959,1,61,4,1020,California
Lassen,2021-01-19,186,1266,36,447,150,819,0,0,158,1089,28,89,158,1178,California
Lassen,2021-01-20,187,1453,100,547,87,906,0,0,103,1123,69,158,103,1281,California
Lassen,2021-01-21,145,1598,94,641,51,957,0,0,120,1225,18,176,120,1401,California
Lassen,2021-01-22,32,1630,19,660,13,970,0,0,22,1237,10,186,22,1423,California
Lassen,2021-01-23,1,1631,0,660,1,971,0,0,1,1238,0,186,1,1424,California
Lassen,2021-01-24,1,1632,0,660,1,972,0,0,1,1239,0,186,1,1425,California
Lassen,2021-01-25,11,1643,0,660,11,983,0,0,11,1250,0,186,11,1436,California
Lassen,2021-01-26,126,1769,12,672,114,1097,0,0,122,1368,4,190,122,1558,California
Lassen,2021-01-27,80,1849,28,700,52,1149,0,0,64,1416,16,206,64,1622,California
Lassen,2021-01-28,85,1934,14,714,71,1220,0,0,84,1499,1,207,84,1706,California
Lassen,2021-01-29,23,1957,7,721,16,1236,0,0,22,1520,1,208,22,1728,California
Lassen,2021-02-01,63,2020,4,725,59,1295,0,0,36,1529,27,235,36,1764,California
Lassen,2021-02-02,177,2197,11,736,166,1461,0,0,43,1438,134,369,43,1807,California
Lassen,2021-02-03,99,2296,22,758,77,1538,0,0,54,1447,45,414,54,1861,California
Lassen,2021-02-04,112,2408,15,773,97,1635,0,0,63,1461,49,463,63,1924,California
Lassen,2021-02-05,65,2473,12,785,53,1688,0,0,23,1442,42,505,23,1947,California
Lassen,2021-02-06,70,2543,35,820,35,1723,0,0,37,1447,32,537,37,1984,California
Lassen,2021-02-07,1,2544,1,821,0,1723,0,0,1,1448,0,537,1,1985,California
Lassen,2021-02-08,45,2589,6,827,39,1762,0,0,20,1443,25,562,20,2005,California
Lassen,2021-02-09,128,2717,8,835,120,1882,0,0,49,1413,79,641,49,2054,California
Lassen,2021-02-10,181,2898,20,855,161,2043,0,0,74,1381,106,747,74,2128,California
Lassen,2021-02-11,181,3079,16,871,165,2208,0,0,80,1361,100,847,80,2208,California
Lassen,2021-02-12,45,3124,13,884,32,2240,0,0,16,1348,29,876,16,2224,California
Lassen,2021-02-13,13,3137,5,889,8,2248,0,0,11,1357,2,878,11,2235,California
Lassen,2021-02-14,13,3150,0,889,13,2261,0,0,12,1368,1,879,12,2247,California
Lassen,2021-02-15,22,3172,3,892,19,2280,0,0,18,1382,4,883,18,2265,California
Lassen,2021-02-16,193,3365,4,896,189,2469,0,0,31,1253,160,1043,31,2296,California
Lassen,2021-02-17,185,3550,95,991,90,2559,0,0,11,1090,174,1217,11,2307,California
Lassen,2021-02-18,81,3631,23,1014,58,2617,0,0,23,1055,58,1275,23,2330,California
Lassen,2021-02-19,82,3713,61,1075,21,2638,0,0,18,1009,64,1339,18,2348,California
Lassen,2021-02-20,7,3720,0,1075,7,2645,0,0,5,1012,2,1341,5,2353,California
Lassen,2021-02-21,18,3738,1,1076,17,2662,0,0,14,1022,4,1345,14,2367,California
Lassen,2021-02-22,23,3761,8,1084,15,2677,0,0,5,1009,18,1363,5,2372,California
Lassen,2021-02-23,152,3913,9,1093,143,2820,0,0,40,937,112,1475,40,2412,California
Lassen,2021-02-24,165,4078,16,1109,149,2969,0,0,107,987,57,1532,107,2519,California
Lassen,2021-02-25,158,4236,21,1130,137,3106,0,0,102,1033,56,1588,102,2621,California
Lassen,2021-02-26,70,4306,13,1143,57,3163,0,0,33,1029,37,1625,33,2654,California
Lassen,2021-02-27,8,4314,7,1150,1,3164,0,0,4,1029,4,1629,4,2658,California
Lassen,2021-02-28,6,4320,1,1151,5,3169,0,0,3,1029,3,1632,3,2661,California
Lassen,2021-03-01,40,4360,5,1156,35,3204,0,0,7,1003,33,1665,7,2668,California
Lassen,2021-03-02,104,4464,6,1162,98,3302,0,0,79,1057,25,1690,79,2747,California
Lassen,2021-03-03,163,4627,13,1175,150,3452,0,0,105,1104,58,1748,105,2852,California
Lassen,2021-03-04,142,4769,15,1190,127,3579,0,0,93,1149,48,1796,93,2945,California
Lassen,2021-03-05,45,4814,6,1196,19,3598,20,20,12,1148,33,1829,32,2977,California
Lassen,2021-03-06,54,4868,5,1201,31,3629,18,38,5,1122,49,1878,23,3000,California
Lassen,2021-03-07,55,4923,1,1202,0,3629,54,92,0,1121,55,1933,54,3054,California
Lassen,2021-03-08,88,5011,2,1204,9,3638,77,169,4,1119,83,2016,81,3135,California
Lassen,2021-03-09,126,5137,11,1215,98,3736,17,186,78,1166,48,2064,95,3230,California
Lassen,2021-03-10,149,5286,8,1223,140,3876,1,187,66,1151,83,2147,68,3298,California
Lassen,2021-03-11,173,5459,16,1239,148,4024,9,196,99,1188,71,2218,108,3406,California
Lassen,2021-03-12,33,5492,15,1254,11,4035,7,203,11,1184,22,2240,18,3424,California
Lassen,2021-03-13,45,5537,0,1254,2,4037,43,246,2,1185,43,2283,44,3468,California
Lassen,2021-03-14,7,5544,1,1255,5,4042,1,247,0,1179,7,2290,1,3469,California
Lassen,2021-03-15,36,5580,2,1257,31,4073,3,250,17,1180,18,2308,19,3488,California
Lassen,2021-03-16,87,5667,3,1260,78,4151,6,256,70,1239,17,2325,76,3564,California
Lassen,2021-03-17,918,6585,9,1269,904,5055,5,261,899,2125,18,2343,904,4468,California
Lassen,2021-03-18,80,6665,9,1278,70,5125,1,262,66,2178,14,2357,67,4535,California
Lassen,2021-03-19,15,6680,8,1286,3,5128,4,266,8,2183,7,2364,12,4547,California
Lassen,2021-03-20,8,6688,1,1287,4,5132,3,269,3,2184,5,2369,6,4553,California
Lassen,2021-03-21,33,6721,3,1290,29,5161,1,270,15,2183,17,2386,16,4569,California
Lassen,2021-03-22,49,6770,0,1290,48,5209,1,271,45,2225,4,2390,46,4615,California
Lassen,2021-03-23,95,6865,5,1295,89,5298,1,272,53,2237,42,2432,54,4669,California
Lassen,2021-03-24,206,7071,11,1306,195,5493,0,272,100,2233,105,2537,101,4770,California
Lassen,2021-03-25,154,7225,21,1327,133,5626,0,272,69,2217,85,2622,69,4839,California
Lassen,2021-03-26,74,7299,12,1339,24,5650,38,310,15,2212,58,2680,53,4892,California
Lassen,2021-03-27,19,7318,1,1340,2,5652,16,326,2,2213,17,2697,18,4910,California
Lassen,2021-03-28,21,7339,4,1344,6,5658,11,337,7,2217,14,2711,18,4928,California
Lassen,2021-03-29,48,7387,0,1344,25,5683,23,360,18,2228,30,2741,41,4969,California
Lassen,2021-03-30,195,7582,11,1355,161,5844,23,383,49,2160,144,2885,76,5045,California
Lassen,2021-03-31,142,7724,13,1368,110,5954,19,402,64,2167,77,2962,84,5129,California
Lassen,2021-04-01,152,7876,17,1385,117,6071,18,420,46,2127,105,3067,65,5194,California
Lassen,2021-04-02,26,7902,5,1390,3,6074,18,438,2,2124,23,3090,20,5214,California
Lassen,2021-04-03,4,7906,1,1391,1,6075,2,440,0,2123,3,3093,2,5216,California
Los Angeles,2020-12-15,392,392,392,392,0,0,0,0,392,392,0,0,392,392,California
Los Angeles,2020-12-16,3360,3752,3360,3752,0,0,0,0,3360,3752,0,0,3360,3752,California
Los Angeles,2020-12-17,10225,13977,10225,13977,0,0,0,0,10226,13978,0,0,10226,13978,California
Los Angeles,2020-12-18,14487,28464,14465,28442,22,22,0,0,14488,28466,0,0,14488,28466,California
Los Angeles,2020-12-19,7217,35681,7211,35653,6,28,0,0,7218,35684,0,0,7218,35684,California
Los Angeles,2020-12-20,4577,40258,4569,40222,8,36,0,0,4578,40262,0,0,4578,40262,California
Los Angeles,2020-12-21,13648,53906,13637,53859,11,47,0,0,13649,53910,1,1,13649,53911,California
Los Angeles,2020-12-22,11480,65386,11103,64962,377,424,0,0,11482,65392,0,1,11482,65393,California
Los Angeles,2020-12-23,11857,77243,10100,75062,1757,2181,0,0,11858,77250,0,1,11858,77251,California
Los Angeles,2020-12-24,7002,84245,4240,79302,2762,4943,0,0,7005,84255,0,1,7005,84256,California
Los Angeles,2020-12-25,521,84766,416,79718,105,5048,0,0,521,84776,0,1,521,84777,California
Los Angeles,2020-12-26,2523,87289,2179,81897,344,5392,0,0,2523,87298,1,2,2523,87300,California
Los Angeles,2020-12-27,1750,89039,1023,82920,727,6119,0,0,1750,89048,0,2,1750,89050,California
Los Angeles,2020-12-28,10240,99279,6345,89265,3895,10014,0,0,10238,99286,0,2,10238,99288,California
Los Angeles,2020-12-29,11499,110778,6047,95312,5452,15466,0,0,11501,110787,0,2,11501,110789,California
Los Angeles,2020-12-30,14808,125586,8073,103385,6735,22201,0,0,14807,125594,0,2,14807,125596,California
Los Angeles,2020-12-31,7850,133436,2740,106125,5110,27311,0,0,7848,133441,1,3,7848,133444,California
Los Angeles,2021-01-01,907,134343,237,106362,670,27981,0,0,907,134348,0,3,907,134351,California
Los Angeles,2021-01-02,4419,138762,1643,108005,2776,30757,0,0,4419,138767,0,3,4419,138770,California
Los Angeles,2021-01-03,913,139675,202,108207,711,31468,0,0,912,139678,1,4,912,139682,California
Los Angeles,2021-01-04,12621,152296,4833,113040,7788,39256,0,0,12606,152281,3,7,12606,152288,California
Los Angeles,2021-01-05,15950,168246,7047,120087,8903,48159,0,0,14044,164456,1872,1879,14047,166335,California
Los Angeles,2021-01-06,22380,190626,12017,132104,10363,58522,0,0,16806,175767,5504,7383,16815,183150,California
Los Angeles,2021-01-07,29307,219933,15759,147863,13548,72070,0,0,18835,184193,10427,17810,18853,202003,California
Los Angeles,2021-01-08,32960,252893,17840,165703,15120,87190,0,0,20779,192838,12156,29966,20801,222804,California
Los Angeles,2021-01-09,12320,265213,7046,172749,5274,92464,0,0,7457,195441,4862,34828,7465,230269,California
Los Angeles,2021-01-10,4642,269855,3629,176378,1013,93477,0,0,1911,194625,2731,37559,1915,232184,California
Los Angeles,2021-01-11,25676,295531,16185,192563,9491,102968,0,0,14776,198518,10892,48451,14785,246969,California
Los Angeles,2021-01-12,28991,324522,16006,208569,12985,115953,0,0,18917,207382,10057,58508,18921,265890,California
Los Angeles,2021-01-13,29139,353661,15581,224150,13558,129511,0,0,20215,218697,8907,67415,20222,286112,California
Los Angeles,2021-01-14,29111,382772,12675,236825,16436,145947,0,0,23630,236872,5465,72880,23640,309752,California
Los Angeles,2021-01-15,33573,416345,12289,249114,21284,167231,0,0,30025,263384,3523,76403,30035,339787,California
Los Angeles,2021-01-16,17477,433822,4948,254062,12529,179760,0,0,15701,277320,1768,78171,15704,355491,California
Los Angeles,2021-01-17,5173,438995,2288,256350,2885,182645,0,0,4928,282005,245,78416,4930,360421,California
Los Angeles,2021-01-18,15531,454526,10033,266383,5498,188143,0,0,10833,288154,4687,83103,10836,371257,California
Los Angeles,2021-01-19,38326,492852,20477,286860,17849,205992,0,0,30573,311036,7713,90816,30595,401852,California
Los Angeles,2021-01-20,45433,538285,23677,310537,21756,227748,0,0,37960,341561,7443,98259,37968,439820,California
Los Angeles,2021-01-21,48375,586660,22305,332842,26070,253818,0,0,44127,381511,4187,102446,44137,483957,California
Los Angeles,2021-01-22,47561,634221,22219,355061,25342,279160,0,0,44154,422305,3366,105812,44160,528117,California
Los Angeles,2021-01-23,33749,667970,15638,370699,18111,297271,0,0,31741,452073,1979,107791,31747,559864,California
Los Angeles,2021-01-24,15667,683637,12161,382860,3506,300777,0,0,15120,466657,540,108331,15124,574988,California
Los Angeles,2021-01-25,38421,722058,16315,399175,22106,322883,0,0,30009,488334,8376,116707,30053,605041,California
Los Angeles,2021-01-26,48854,770912,24247,423422,24607,347490,0,0,40768,521072,8056,124763,40794,645835,California
Los Angeles,2021-01-27,48100,819012,25663,449085,22437,369927,0,0,39008,551132,8959,133722,39019,684854,California
Los Angeles,2021-01-28,48182,867194,22925,472010,25257,395184,0,0,39893,582855,8176,141898,39899,724753,California
Los Angeles,2021-01-29,48949,916143,25251,497261,23698,418882,0,0,38981,612230,9618,151516,38993,763746,California
Los Angeles,2021-01-30,29827,945970,15302,512563,14525,433407,0,0,25736,633955,4018,155534,25743,789489,California
Los Angeles,2021-01-31,12932,958902,10319,522882,2613,436020,0,0,12014,645066,906,156440,12017,801506,California
Los Angeles,2021-02-01,37676,996578,15993,538875,21683,457703,0,0,27483,662397,10164,166604,27495,829001,California
Los Angeles,2021-02-02,43928,1040506,17769,556644,26159,483862,0,0,31823,682153,12070,178674,31826,860827,California
Los Angeles,2021-02-03,51765,1092271,19372,576016,32393,516255,0,0,37168,704956,14370,193044,37173,898000,California
Los Angeles,2021-02-04,57020,1149291,20601,596617,36419,552674,0,0,39007,726264,17704,210748,39012,937012,California
Los Angeles,2021-02-05,60767,1210058,20861,617478,39906,592580,0,0,39030,743974,21323,232071,39033,976045,California
Los Angeles,2021-02-06,35295,1245353,13216,630694,22079,614659,0,0,26935,762640,8287,240358,26953,1002998,California
Los Angeles,2021-02-07,10739,1256092,8329,639023,2410,617069,0,0,8381,768683,2343,242701,8386,1011384,California
Los Angeles,2021-02-08,46548,1302640,21384,660407,25164,642233,0,0,30464,783192,15958,258659,30467,1041851,California
Los Angeles,2021-02-09,55546,1358186,24536,684943,31010,673243,0,0,28334,784373,27160,285819,28341,1070192,California
Los Angeles,2021-02-10,66717,1424903,29333,714276,37384,710627,0,0,30933,779886,35425,321244,30938,1101130,California
Los Angeles,2021-02-11,57772,1482675,30777,745053,26995,737622,0,0,27897,778346,29441,350685,27901,1129031,California
Los Angeles,2021-02-12,59369,1542044,29716,774769,29653,767275,0,0,25858,771036,33183,383868,25873,1154904,California
Los Angeles,2021-02-13,33722,1575766,19560,794329,14162,781437,0,0,15451,768324,18198,402066,15486,1170390,California
Los Angeles,2021-02-14,21849,1597615,14973,809302,6876,788313,0,0,8786,764110,13008,415074,8794,1179184,California
Los Angeles,2021-02-15,32224,1629839,15776,825078,16448,804761,0,0,17675,767290,14499,429573,17679,1196863,California
Los Angeles,2021-02-16,63640,1693479,32339,857417,31301,836062,0,0,29833,763411,33727,463300,29848,1226711,California
Los Angeles,2021-02-17,63691,1757170,34122,891539,29569,865631,0,0,26348,752582,37185,500485,26356,1253067,California
Los Angeles,2021-02-18,67745,1824915,34458,925997,33287,898918,0,0,28493,742052,39033,539518,28503,1281570,California
Los Angeles,2021-02-19,56836,1881751,34964,960961,21872,920790,0,0,28346,742027,28396,567914,28371,1309941,California
Los Angeles,2021-02-20,31804,1913555,23673,984634,8131,928921,0,0,15546,741354,16224,584138,15551,1325492,California
Los Angeles,2021-02-21,15595,1929150,13977,998611,1618,930539,0,0,8134,742049,7440,591578,8135,1333627,California
Los Angeles,2021-02-22,33777,1962927,24585,1023196,9192,939731,0,0,17579,743517,16133,607711,17601,1351228,California
Los Angeles,2021-02-23,53189,2016116,22615,1045811,30574,970305,0,0,21087,732617,32011,639722,21111,1372339,California
Los Angeles,2021-02-24,63683,2079799,27889,1073700,35794,1006099,0,0,28160,725413,35380,675102,28176,1400515,California
Los Angeles,2021-02-25,72647,2152446,33340,1107040,39307,1045406,0,0,38243,729406,34269,709371,38262,1438777,California
Los Angeles,2021-02-26,82048,2234494,38207,1145247,43841,1089247,0,0,47041,741670,34797,744168,47061,1485838,California
Los Angeles,2021-02-27,58179,2292673,24706,1169953,33472,1122719,1,1,29797,743238,28251,772419,29819,1515657,California
Los Angeles,2021-02-28,26566,2319239,18377,1188330,8189,1130908,0,1,18765,754268,7741,780160,18771,1534428,California
Los Angeles,2021-03-01,54628,2373867,30523,1218853,24098,1155006,7,8,33091,765968,21417,801577,33117,1567545,California
Los Angeles,2021-03-02,69360,2443227,30619,1249472,38740,1193746,1,9,42430,781595,26818,828395,42445,1609990,California
Los Angeles,2021-03-03,78308,2521535,39253,1288725,39051,1232797,4,13,48613,800723,29532,857927,48660,1658650,California
Los Angeles,2021-03-04,83227,2604762,44151,1332876,39069,1271866,7,20,53193,824076,29864,887791,53217,1711867,California
Los Angeles,2021-03-05,77247,2682009,38376,1371252,38851,1310717,20,40,52831,852713,24249,912040,52886,1764753,California
Los Angeles,2021-03-06,58398,2740407,30188,1401440,26453,1337170,1757,1797,38402,873015,19877,931917,40179,1804932,California
Los Angeles,2021-03-07,23828,2764235,18765,1420205,4298,1341468,765,2562,18874,887722,4938,936855,19645,1824577,California
Los Angeles,2021-03-08,48798,2813033,25710,1445915,21336,1362804,1752,4314,36842,914443,11882,948737,38603,1863180,California
Los Angeles,2021-03-09,65520,2878553,24944,1470859,37317,1400121,3259,7573,38982,930268,26427,975164,42252,1905432,California
Los Angeles,2021-03-10,74087,2952640,35999,1506858,33586,1433707,4502,12075,45901,952620,28051,1003215,50403,1955835,California
Los Angeles,2021-03-11,84290,3036930,40674,1547532,37695,1471402,5921,17996,48409,971217,35737,1038952,54334,2010169,California
Los Angeles,2021-03-12,83354,3120284,38008,1585540,32666,1504068,12680,30676,47950,996569,35274,1074226,60626,2070795,California
Los Angeles,2021-03-13,61756,3182040,30548,1616088,20035,1524103,11173,41849,35699,1017466,25982,1100208,46879,2117674,California
Los Angeles,2021-03-14,32775,3214815,23280,1639368,7168,1531271,2327,44176,22644,1032370,10091,1110299,24995,2142669,California
Los Angeles,2021-03-15,71775,3286590,34635,1674003,31896,1563167,5244,49420,43840,1053674,27791,1138090,49095,2191764,California
Los Angeles,2021-03-16,93568,3380158,41476,1715479,46568,1609735,5524,54944,60402,1086602,33008,1171098,65936,2257700,California
Los Angeles,2021-03-17,88101,3468259,40894,1756373,39611,1649346,7596,62540,58691,1123646,29258,1200356,66302,2324002,California
Los Angeles,2021-03-18,81368,3549627,40091,1796464,36661,1686007,4616,67156,50477,1148055,30699,1231055,55108,2379110,California
Los Angeles,2021-03-19,89531,3639158,47248,1843712,38820,1724827,3463,70619,55806,1173808,33539,1264594,59292,2438402,California
Los Angeles,2021-03-20,56414,3695572,24007,1867719,29131,1753958,3276,73895,40487,1201754,15810,1280404,43756,2482158,California
Los Angeles,2021-03-21,32198,3727770,23594,1891313,7804,1761762,800,74695,21193,1212808,10941,1291345,21995,2504153,California
Los Angeles,2021-03-22,66933,3794703,39726,1931039,25265,1787027,1942,76637,47732,1243505,19024,1310369,49721,2553874,California
Los Angeles,2021-03-23,91105,3885808,49461,1980500,38748,1825775,2896,79533,60576,1276790,30324,1340693,63609,2617483,California
Los Angeles,2021-03-24,99310,3985118,52978,2033478,43515,1869290,2817,82350,59044,1298815,40024,1380717,62049,2679532,California
Los Angeles,2021-03-25,103808,4088926,55483,2088961,44878,1914168,3447,85797,59454,1318049,44131,1424848,63365,2742897,California
Los Angeles,2021-03-26,109423,4198349,59814,2148775,45576,1959744,4033,89830,62706,1340051,46523,1471371,68525,2811422,California
Los Angeles,2021-03-27,77047,4275396,39363,2188138,35584,1995328,2100,91930,40467,1347412,36395,1507766,43756,2855178,California
Los Angeles,2021-03-28,40345,4315741,26987,2215125,12771,2008099,587,92517,20557,1348956,19742,1527508,21286,2876464,California
Los Angeles,2021-03-29,78949,4394690,44726,2259851,32678,2040777,1545,94062,45297,1362721,33526,1561034,47291,2923755,California
Los Angeles,2021-03-30,101586,4496276,48899,2308750,47274,2088051,5413,99475,64175,1395598,37264,1598298,70141,2993896,California
Los Angeles,2021-03-31,112967,4609243,57113,2365863,48013,2136064,7841,107316,68295,1427992,44441,1642739,76835,3070731,California
Los Angeles,2021-04-01,118056,4727299,53717,2419580,50779,2186843,13560,120876,66744,1459332,51132,1693871,82472,3153203,California
Los Angeles,2021-04-02,114036,4841335,50275,2469855,50034,2236877,13727,134603,62893,1487466,50937,1744808,79071,3232274,California
Los Angeles,2021-04-03,55232,4896567,26189,2496044,19582,2256459,9461,144064,24157,1491810,31005,1775813,35349,3267623,California
Madera,2020-12-16,22,22,22,22,0,0,0,0,22,22,0,0,22,22,California
Madera,2020-12-17,12,34,12,34,0,0,0,0,12,34,0,0,12,34,California
Madera,2020-12-18,61,95,61,95,0,0,0,0,61,95,0,0,61,95,California
Madera,2020-12-19,6,101,6,101,0,0,0,0,6,101,0,0,6,101,California
Madera,2020-12-20,14,115,14,115,0,0,0,0,14,115,0,0,14,115,California
Madera,2020-12-21,61,176,61,176,0,0,0,0,61,176,0,0,61,176,California
Madera,2020-12-22,98,274,96,272,2,2,0,0,98,274,0,0,98,274,California
Madera,2020-12-23,68,342,68,340,0,2,0,0,68,342,0,0,68,342,California
Madera,2020-12-24,44,386,39,379,5,7,0,0,44,386,0,0,44,386,California
Madera,2020-12-26,28,414,26,405,2,9,0,0,28,414,0,0,28,414,California
Madera,2020-12-27,31,445,12,417,19,28,0,0,31,445,0,0,31,445,California
Madera,2020-12-28,107,552,36,453,71,99,0,0,107,552,0,0,107,552,California
Madera,2020-12-29,170,722,36,489,134,233,0,0,170,722,0,0,170,722,California
Madera,2020-12-30,216,938,85,574,131,364,0,0,216,938,0,0,216,938,California
Madera,2020-12-31,203,1141,80,654,123,487,0,0,203,1141,0,0,203,1141,California
Madera,2021-01-02,76,1217,21,675,55,542,0,0,76,1217,0,0,76,1217,California
Madera,2021-01-03,5,1222,5,680,0,542,0,0,5,1222,0,0,5,1222,California
Madera,2021-01-04,129,1351,64,744,65,607,0,0,129,1351,0,0,129,1351,California
Madera,2021-01-05,274,1625,138,882,136,743,0,0,269,1615,5,5,269,1620,California
Madera,2021-01-06,185,1810,27,909,158,901,0,0,165,1760,20,25,165,1785,California
Madera,2021-01-07,340,2150,56,965,284,1185,0,0,319,2058,21,46,319,2104,California
Madera,2021-01-08,413,2563,70,1035,343,1528,0,0,358,2363,54,100,359,2463,California
Madera,2021-01-09,37,2600,14,1049,23,1551,0,0,28,2382,9,109,28,2491,California
Madera,2021-01-10,18,2618,15,1064,3,1554,0,0,5,2374,13,122,5,2496,California
Madera,2021-01-11,225,2843,177,1241,48,1602,0,0,183,2515,42,164,183,2679,California
Madera,2021-01-12,394,3237,160,1401,234,1836,0,0,286,2693,108,272,286,2965,California
Madera,2021-01-13,182,3419,90,1491,92,1928,0,0,125,2762,57,329,126,3091,California
Madera,2021-01-14,555,3974,80,1571,475,2403,0,0,522,3251,33,362,522,3613,California
Madera,2021-01-15,593,4567,159,1730,434,2837,0,0,573,3804,20,382,573,4186,California
Madera,2021-01-16,374,4941,46,1776,328,3165,0,0,345,4120,29,411,345,4531,California
Madera,2021-01-17,327,5268,7,1783,320,3485,0,0,322,4438,5,416,323,4854,California
Madera,2021-01-18,74,5342,58,1841,16,3501,0,0,55,4475,18,434,55,4909,California
Madera,2021-01-19,559,5901,129,1970,430,3931,0,0,532,4981,27,461,533,5442,California
Madera,2021-01-20,235,6136,79,2049,156,4087,0,0,208,5163,26,487,208,5650,California
Madera,2021-01-21,236,6372,125,2174,111,4198,0,0,202,5333,32,519,202,5852,California
Madera,2021-01-22,255,6627,83,2257,172,4370,0,0,242,5562,13,532,242,6094,California
Madera,2021-01-23,101,6728,52,2309,49,4419,0,0,77,5616,24,556,78,6172,California
Madera,2021-01-24,100,6828,81,2390,19,4438,0,0,76,5668,24,580,76,6248,California
Madera,2021-01-25,253,7081,121,2511,132,4570,0,0,141,5697,112,692,141,6389,California
Madera,2021-01-26,479,7560,188,2699,291,4861,0,0,292,5805,186,878,294,6683,California
Madera,2021-01-27,734,8294,62,2761,672,5533,0,0,598,6268,136,1014,599,7282,California
Madera,2021-01-28,537,8831,101,2862,436,5969,0,0,433,6597,104,1118,433,7715,California
Madera,2021-01-29,468,9299,95,2957,373,6342,0,0,411,6951,57,1175,411,8126,California
Madera,2021-01-30,507,9806,15,2972,492,6834,0,0,453,7350,54,1229,453,8579,California
Madera,2021-01-31,9,9815,6,2978,3,6837,0,0,8,7357,1,1230,8,8587,California
Madera,2021-02-01,257,10072,71,3049,186,7023,0,0,199,7499,58,1288,200,8787,California
Madera,2021-02-02,247,10319,84,3133,163,7186,0,0,159,7571,87,1375,159,8946,California
Madera,2021-02-03,588,10907,453,3586,135,7321,0,0,474,7934,112,1487,475,9421,California
Madera,2021-02-04,386,11293,121,3707,265,7586,0,0,112,7774,273,1760,113,9534,California
Madera,2021-02-05,968,12261,295,4002,673,8259,0,0,362,7536,601,2361,363,9897,California
Madera,2021-02-06,355,12616,322,4324,33,8292,0,0,318,7818,36,2397,318,10215,California
Madera,2021-02-07,36,12652,7,4331,29,8321,0,0,31,7844,5,2402,31,10246,California
Madera,2021-02-08,377,13029,303,4634,74,8395,0,0,266,8000,110,2512,266,10512,California
Madera,2021-02-09,475,13504,116,4750,359,8754,0,0,195,7919,277,2789,196,10708,California
Madera,2021-02-10,425,13929,152,4902,273,9027,0,0,324,8142,101,2890,324,11032,California
Madera,2021-02-11,924,14853,299,5201,625,9652,0,0,397,8016,525,3415,399,11431,California
Madera,2021-02-12,840,15693,119,5320,721,10373,0,0,303,7794,531,3946,309,11740,California
Madera,2021-02-13,477,16170,45,5365,432,10805,0,0,137,7594,339,4285,139,11879,California
Madera,2021-02-14,398,16568,75,5440,323,11128,0,0,102,7436,295,4580,137,12016,California
Madera,2021-02-15,231,16799,92,5532,139,11267,0,0,148,7521,82,4662,167,12183,California
Madera,2021-02-16,771,17570,184,5716,587,11854,0,0,227,7209,542,5204,230,12413,California
Madera,2021-02-17,603,18173,267,5983,336,12190,0,0,333,7279,265,5469,335,12748,California
Madera,2021-02-18,1283,19456,527,6510,756,12946,0,0,1111,8219,172,5641,1112,13860,California
Madera,2021-02-19,860,20316,547,7057,313,13259,0,0,712,8790,148,5789,719,14579,California
Madera,2021-02-20,1072,21388,978,8035,94,13353,0,0,998,9717,72,5861,999,15578,California
Madera,2021-02-21,952,22340,816,8851,136,13489,0,0,946,10657,6,5867,946,16524,California
Madera,2021-02-22,905,23245,831,9682,74,13563,0,0,851,11454,54,5921,851,17375,California
Madera,2021-02-23,767,24012,498,10180,269,13832,0,0,549,11787,217,6138,550,17925,California
Madera,2021-02-24,904,24916,301,10481,603,14435,0,0,374,11631,530,6668,374,18299,California
Madera,2021-02-25,1019,25935,308,10789,711,15146,0,0,587,11788,430,7098,587,18886,California
Madera,2021-02-26,1068,27003,188,10977,880,16026,0,0,690,12107,375,7473,694,19580,California
Madera,2021-02-27,864,27867,243,11220,621,16647,0,0,413,12107,448,7921,448,20028,California
Madera,2021-02-28,188,28055,30,11250,158,16805,0,0,182,12283,6,7927,182,20210,California
Madera,2021-03-01,363,28418,113,11363,250,17055,0,0,187,12296,175,8102,188,20398,California
Madera,2021-03-02,636,29054,266,11629,370,17425,0,0,523,12709,112,8214,525,20923,California
Madera,2021-03-03,1188,30242,666,12295,522,17947,0,0,797,13137,388,8602,816,21739,California
Madera,2021-03-04,1106,31348,467,12762,639,18586,0,0,860,13760,246,8848,869,22608,California
Madera,2021-03-05,1214,32562,389,13151,813,19399,12,12,959,14484,253,9101,977,23585,California
Madera,2021-03-06,676,33238,501,13652,145,19544,30,42,455,14749,221,9322,486,24071,California
Madera,2021-03-07,153,33391,26,13678,105,19649,22,64,103,14824,50,9372,125,24196,California
Madera,2021-03-08,564,33955,314,13992,195,19844,55,119,284,14885,280,9652,341,24537,California
Madera,2021-03-09,424,34379,154,14146,234,20078,36,155,260,15025,163,9815,303,24840,California
Madera,2021-03-10,1064,35443,490,14636,524,20602,50,205,672,15359,389,10204,723,25563,California
Madera,2021-03-11,1550,36993,773,15409,465,21067,312,517,683,15500,866,11070,1007,26570,California
Madera,2021-03-12,1388,38381,727,16136,522,21589,139,656,666,15614,719,11789,833,27403,California
Madera,2021-03-13,1697,40078,1238,17374,271,21860,188,844,672,15470,1023,12812,879,28282,California
Madera,2021-03-14,528,40606,442,17816,53,21913,33,877,275,15527,252,13064,309,28591,California
Madera,2021-03-15,718,41324,214,18030,460,22373,44,921,499,15885,218,13282,576,29167,California
Madera,2021-03-16,802,42126,418,18448,337,22710,47,968,627,16406,172,13454,693,29860,California
Madera,2021-03-17,1353,43479,900,19348,408,23118,45,1013,827,16852,517,13971,963,30823,California
Madera,2021-03-18,1586,45065,556,19904,980,24098,50,1063,774,16938,809,14780,895,31718,California
Madera,2021-03-19,1278,46343,510,20414,706,24804,62,1125,814,17411,461,15241,934,32652,California
Madera,2021-03-20,860,47203,626,21040,204,25008,30,1155,409,17442,450,15691,481,33133,California
Madera,2021-03-21,1039,48242,855,21895,139,25147,45,1200,344,17140,692,16383,390,33523,California
Madera,2021-03-22,1320,49562,840,22735,414,25561,66,1266,643,17226,669,17052,755,34278,California
Madera,2021-03-23,1366,50928,823,23558,442,26003,101,1367,698,17443,666,17718,883,35161,California
Madera,2021-03-24,881,51809,467,24025,385,26388,29,1396,581,17775,299,18017,631,35792,California
Madera,2021-03-25,1083,52892,478,24503,584,26972,21,1417,617,17998,457,18474,680,36472,California
Madera,2021-03-26,1412,54304,510,25013,773,27745,129,1546,670,18065,739,19213,806,37278,California
Madera,2021-03-27,830,55134,527,25540,281,28026,22,1568,379,18034,445,19658,414,37692,California
Madera,2021-03-28,405,55539,132,25672,219,28245,54,1622,224,18185,180,19838,331,38023,California
Madera,2021-03-29,665,56204,169,25841,466,28711,30,1652,478,18514,184,20022,513,38536,California
Madera,2021-03-30,1002,57206,563,26404,407,29118,32,1684,554,18662,447,20469,595,39131,California
Madera,2021-03-31,1242,58448,465,26869,672,29790,105,1789,438,18458,799,21268,595,39726,California
Madera,2021-04-01,1190,59638,542,27411,607,30397,41,1830,432,18216,754,22022,512,40238,California
Madera,2021-04-02,1081,60719,414,27825,613,31010,54,1884,433,18129,644,22666,557,40795,California
Madera,2021-04-03,662,61381,597,28422,44,31054,21,1905,292,18099,369,23035,339,41134,California
Marin,2020-12-15,2,2,2,2,0,0,0,0,2,2,0,0,2,2,California
Marin,2020-12-16,107,109,107,109,0,0,0,0,107,109,0,0,107,109,California
Marin,2020-12-17,259,368,259,368,0,0,0,0,259,368,0,0,259,368,California
Marin,2020-12-18,372,740,372,740,0,0,0,0,372,740,0,0,372,740,California
Marin,2020-12-19,348,1088,347,1087,1,1,0,0,348,1088,0,0,348,1088,California
Marin,2020-12-20,167,1255,166,1253,1,2,0,0,167,1255,0,0,167,1255,California
Marin,2020-12-21,239,1494,236,1489,3,5,0,0,239,1494,0,0,239,1494,California
Marin,2020-12-22,522,2016,319,1808,203,208,0,0,522,2016,0,0,522,2016,California
Marin,2020-12-23,731,2747,323,2131,408,616,0,0,731,2747,0,0,731,2747,California
Marin,2020-12-24,356,3103,160,2291,196,812,0,0,356,3103,0,0,356,3103,California
Marin,2020-12-25,27,3130,0,2291,27,839,0,0,27,3130,0,0,27,3130,California
Marin,2020-12-26,140,3270,92,2383,48,887,0,0,140,3270,0,0,140,3270,California
Marin,2020-12-27,93,3363,56,2439,37,924,0,0,93,3363,0,0,93,3363,California
Marin,2020-12-28,408,3771,99,2538,309,1233,0,0,408,3771,0,0,408,3771,California
Marin,2020-12-29,397,4168,86,2624,311,1544,0,0,397,4168,0,0,397,4168,California
Marin,2020-12-30,624,4792,387,3011,237,1781,0,0,624,4792,0,0,624,4792,California
Marin,2020-12-31,200,4992,33,3044,167,1948,0,0,200,4992,0,0,200,4992,California
Marin,2021-01-01,9,5001,5,3049,4,1952,0,0,9,5001,0,0,9,5001,California
Marin,2021-01-02,105,5106,99,3148,6,1958,0,0,105,5106,0,0,105,5106,California
Marin,2021-01-03,55,5161,37,3185,18,1976,0,0,52,5158,0,0,52,5158,California
Marin,2021-01-04,286,5447,185,3370,101,2077,0,0,285,5442,1,1,285,5443,California
Marin,2021-01-05,366,5813,223,3593,143,2220,0,0,323,5722,43,44,323,5766,California
Marin,2021-01-06,822,6635,316,3909,506,2726,0,0,645,6191,176,220,645,6411,California
Marin,2021-01-07,893,7528,502,4411,391,3117,0,0,545,6388,348,568,545,6956,California
Marin,2021-01-08,966,8494,509,4920,457,3574,0,0,593,6609,372,940,593,7549,California
Marin,2021-01-09,618,9112,222,5142,396,3970,0,0,488,6967,130,1070,488,8037,California
Marin,2021-01-10,126,9238,97,5239,29,3999,0,0,51,6943,75,1145,51,8088,California
Marin,2021-01-11,467,9705,326,5565,141,4140,0,0,252,6980,215,1360,252,8340,California
Marin,2021-01-12,940,10645,541,6106,399,4539,0,0,565,7173,372,1732,565,8905,California
Marin,2021-01-13,1175,11820,496,6602,679,5218,0,0,936,7870,239,1971,936,9841,California
Marin,2021-01-14,1072,12892,325,6927,747,5965,0,0,919,8638,151,2122,919,10760,California
Marin,2021-01-15,1150,14042,354,7281,796,6761,0,0,1020,9530,129,2251,1021,11781,California
Marin,2021-01-16,1111,15153,907,8188,204,6965,0,0,1037,10493,74,2325,1037,12818,California
Marin,2021-01-17,1237,16390,1117,9305,120,7085,0,0,1209,11678,27,2352,1212,14030,California
Marin,2021-01-18,360,16750,160,9465,200,7285,0,0,309,11936,51,2403,309,14339,California
Marin,2021-01-19,1146,17896,907,10372,239,7524,0,0,978,12747,167,2570,978,15317,California
Marin,2021-01-20,1783,19679,1208,11580,575,8099,0,0,1054,13084,718,3288,1055,16372,California
Marin,2021-01-21,1684,21363,1065,12645,619,8718,0,0,1332,14070,349,3637,1335,17707,California
Marin,2021-01-22,1687,23050,1079,13724,608,9326,0,0,1522,15427,165,3802,1522,19229,California
Marin,2021-01-23,1851,24901,1348,15072,503,9829,0,0,1767,17110,84,3886,1767,20996,California
Marin,2021-01-24,612,25513,164,15236,448,10277,0,0,580,17658,32,3918,580,21576,California
Marin,2021-01-25,1114,26627,224,15460,890,11167,0,0,684,17915,430,4348,687,22263,California
Marin,2021-01-26,1498,28125,776,16236,722,11889,0,0,1121,18660,376,4724,1121,23384,California
Marin,2021-01-27,1686,29811,863,17099,823,12712,0,0,1335,19648,348,5072,1336,24720,California
Marin,2021-01-28,2050,31861,1043,18142,1007,13719,0,0,1783,21166,266,5338,1784,26504,California
Marin,2021-01-29,2183,34044,1433,19575,750,14469,0,0,1988,22971,184,5522,1989,28493,California
Marin,2021-01-30,1714,35758,895,20470,819,15288,0,0,1637,24532,77,5599,1638,30131,California
Marin,2021-01-31,452,36210,316,20786,136,15424,0,0,427,24934,25,5624,427,30558,California
Marin,2021-02-01,1084,37294,418,21204,666,16090,0,0,885,25620,199,5823,885,31443,California
Marin,2021-02-02,1348,38642,458,21662,890,16980,0,0,722,25726,616,6439,722,32165,California
Marin,2021-02-03,1760,40402,415,22077,1345,18325,0,0,1238,26443,521,6960,1238,33403,California
Marin,2021-02-04,1533,41935,510,22587,1023,19348,0,0,931,26775,599,7559,931,34334,California
Marin,2021-02-05,2161,44096,671,23258,1490,20838,0,0,1323,27265,834,8393,1324,35658,California
Marin,2021-02-06,1423,45519,852,24110,571,21409,0,0,599,27041,823,9216,599,36257,California
Marin,2021-02-07,1289,46808,1005,25115,284,21693,0,0,487,26727,801,10017,487,36744,California
Marin,2021-02-08,1521,48329,754,25869,767,22460,0,0,728,26664,791,10808,728,37472,California
Marin,2021-02-09,1771,50100,1117,26986,654,23114,0,0,823,26540,947,11755,823,38295,California
Marin,2021-02-10,2330,52430,1490,28476,840,23954,0,0,1216,26645,1112,12867,1217,39512,California
Marin,2021-02-11,2855,55285,1638,30114,1217,25171,0,0,1447,26691,1403,14270,1449,40961,California
Marin,2021-02-12,3053,58338,1539,31653,1514,26685,0,0,1556,26752,1495,15765,1556,42517,California
Marin,2021-02-13,2342,60680,1242,32895,1100,27785,0,0,1132,26676,1208,16973,1132,43649,California
Marin,2021-02-14,805,61485,298,33193,507,28292,0,0,716,27303,89,17062,716,44365,California
Marin,2021-02-15,1208,62693,355,33548,853,29145,0,0,831,27757,377,17439,831,45196,California
Marin,2021-02-16,2458,65151,1053,34601,1405,30550,0,0,1500,28300,957,18396,1500,46696,California
Marin,2021-02-17,2080,67231,927,35528,1153,31703,0,0,1088,28398,991,19387,1089,47785,California
Marin,2021-02-18,2388,69619,1548,37076,840,32543,0,0,1059,28129,1328,20715,1059,48844,California
Marin,2021-02-19,2743,72362,2150,39226,593,33136,0,0,1213,27824,1519,22234,1214,50058,California
Marin,2021-02-20,2568,74930,2113,41339,455,33591,0,0,1225,27709,1340,23574,1225,51283,California
Marin,2021-02-21,1255,76185,1064,42403,191,33782,0,0,894,28245,358,23932,894,52177,California
Marin,2021-02-22,1788,77973,1377,43780,411,34193,0,0,1201,28860,586,24518,1201,53378,California
Marin,2021-02-23,2827,80800,1607,45387,1220,35413,0,0,1905,29852,913,25431,1905,55283,California
Marin,2021-02-24,3476,84276,1595,46982,1881,37294,0,0,2240,30863,1229,26660,2240,57523,California
Marin,2021-02-25,3919,88195,1811,48793,2108,39402,0,0,2757,32467,1154,27814,2758,60281,California
Marin,2021-02-26,3471,91666,1872,50665,1599,41001,0,0,2529,34065,931,28745,2529,62810,California
Marin,2021-02-27,2611,94277,1496,52161,1115,42116,0,0,1775,35007,834,29579,1776,64586,California
Marin,2021-02-28,1377,95654,917,53078,460,42576,0,0,1044,35720,331,29910,1044,65630,California
Marin,2021-03-01,2424,98078,1494,54572,930,43506,0,0,1625,36552,793,30703,1625,67255,California
Marin,2021-03-02,2398,100476,1572,56144,825,44331,1,1,1665,37488,731,31434,1667,68922,California
Marin,2021-03-03,3926,104402,2154,58298,1772,46103,0,1,2525,38618,1397,32831,2527,71449,California
Marin,2021-03-04,2896,107298,1368,59666,1528,47631,0,1,2085,39904,805,33636,2091,73540,California
Marin,2021-03-05,2555,109853,813,60479,1730,49361,12,13,1500,40367,1054,34690,1517,75057,California
Marin,2021-03-06,2455,112308,1685,62164,694,50055,76,89,1972,41942,473,35163,2048,77105,California
Marin,2021-03-07,1362,113670,1151,63315,188,50243,23,112,979,42563,381,35544,1002,78107,California
Marin,2021-03-08,1794,115464,1329,64644,370,50613,95,207,1349,43568,443,35987,1448,79555,California
Marin,2021-03-09,2048,117512,1200,65844,739,51352,109,316,1392,44413,656,36643,1501,81056,California
Marin,2021-03-10,4209,121721,2382,68226,1535,52887,292,608,2991,46480,1217,37860,3284,84340,California
Marin,2021-03-11,4331,126052,1736,69962,2462,55349,133,741,3079,48446,1245,39105,3211,87551,California
Marin,2021-03-12,3697,129749,1435,71397,1925,57274,337,1078,1437,47967,2250,41355,1771,89322,California
Marin,2021-03-13,3869,133618,2754,74151,1057,58331,58,1136,2310,48783,1550,42905,2366,91688,California
Marin,2021-03-14,2110,135728,1062,75213,940,59271,108,1244,696,48176,1413,44318,806,92494,California
Marin,2021-03-15,3231,138959,1763,76976,1417,60688,51,1295,1229,47459,1996,46314,1279,93773,California
Marin,2021-03-16,4273,143232,2290,79266,1619,62307,364,1659,1509,46570,2761,49075,1872,95645,California
Marin,2021-03-17,3954,147186,2162,81428,1750,64057,42,1701,1896,46462,2047,51122,1939,97584,California
Marin,2021-03-18,3706,150892,1824,83252,1809,65866,73,1774,1883,46606,1811,52933,1955,99539,California
Marin,2021-03-19,3108,154000,1700,84952,1293,67159,115,1889,1697,47014,1404,54337,1812,101351,California
Marin,2021-03-20,2660,156660,1381,86333,1209,68368,70,1959,1627,47686,1025,55362,1697,103048,California
Marin,2021-03-21,1495,158155,1102,87435,368,68736,25,1984,772,47762,721,56083,797,103845,California
Marin,2021-03-22,2468,160623,2114,89549,183,68919,171,2155,1022,47522,1441,57524,1201,105046,California
Marin,2021-03-23,4190,164813,2173,91722,1894,70813,123,2278,1913,47310,2271,59795,2059,107105,California
Marin,2021-03-24,4391,169204,2876,94598,1411,72224,104,2382,1801,46767,2582,62377,2039,109144,California
Marin,2021-03-25,4533,173737,2750,97348,1714,73938,69,2451,2207,46911,2313,64690,2457,111601,California
Marin,2021-03-26,4221,177958,2266,99614,1742,75680,213,2664,2373,47890,1828,66518,2807,114408,California
Marin,2021-03-27,3594,181552,2560,102174,1018,76698,16,2680,1125,47076,2463,68981,1649,116057,California
Marin,2021-03-28,2327,183879,1679,103853,642,77340,6,2686,1067,46897,1255,70236,1076,117133,California
Marin,2021-03-29,2515,186394,1923,105776,567,77907,25,2711,1078,46573,1435,71671,1111,118244,California
Marin,2021-03-30,4524,190918,3503,109279,986,78893,35,2746,2969,48036,1552,73223,3015,121259,California
Marin,2021-03-31,5557,196475,3892,113171,1614,80507,51,2797,2495,47590,3056,76279,2610,123869,California
Marin,2021-04-01,3735,200210,1923,115094,1579,82086,233,3030,1740,47626,1992,78271,2028,125897,California
Marin,2021-04-02,2254,202464,793,115887,1105,83191,356,3386,1135,48047,1113,79384,1534,127431,California
Marin,2021-04-03,2299,204763,1565,117452,459,83650,275,3661,651,47363,1643,81027,959,128390,California
Mariposa,2020-12-17,2,2,2,2,0,0,0,0,38,38,0,0,38,38,California
Mariposa,2020-12-18,5,7,5,7,0,0,0,0,56,94,0,0,56,94,California
Mariposa,2020-12-20,2,9,2,9,0,0,0,0,2,96,0,0,2,96,California
Mariposa,2020-12-21,3,12,3,12,0,0,0,0,45,141,0,0,45,141,California
Mariposa,2020-12-22,2,14,2,14,0,0,0,0,2,143,0,0,2,143,California
Mariposa,2020-12-23,10,24,10,24,0,0,0,0,1,144,0,0,1,144,California
Mariposa,2020-12-24,1,25,0,24,1,1,0,0,0,144,0,0,0,144,California
Mariposa,2020-12-26,1,26,1,25,0,1,0,0,1,145,0,0,1,145,California
Mariposa,2020-12-27,1,27,0,25,1,2,0,0,1,146,0,0,1,146,California
Mariposa,2020-12-28,3,30,1,26,2,4,0,0,3,149,0,0,3,149,California
Mariposa,2020-12-29,33,63,1,27,32,36,0,0,33,182,0,0,33,182,California
Mariposa,2020-12-30,21,84,0,27,21,57,0,0,19,201,0,0,19,201,California
Mariposa,2020-12-31,22,106,0,27,22,79,0,0,22,223,0,0,22,223,California
Mariposa,2021-01-04,9,115,1,28,8,87,0,0,9,232,0,0,9,232,California
Mariposa,2021-01-05,24,139,14,42,10,97,0,0,12,234,10,10,12,244,California
Mariposa,2021-01-06,5,144,3,45,2,99,0,0,2,233,3,13,2,246,California
Mariposa,2021-01-07,49,193,47,92,2,101,0,0,2,188,47,60,2,248,California
Mariposa,2021-01-08,109,302,81,173,28,129,0,0,33,145,76,136,33,281,California
Mariposa,2021-01-09,1,303,0,173,1,130,0,0,1,146,0,136,1,282,California
Mariposa,2021-01-11,24,327,3,176,21,151,0,0,22,166,2,138,22,304,California
Mariposa,2021-01-12,21,348,3,179,18,169,0,0,18,181,3,141,18,322,California
Mariposa,2021-01-13,22,370,1,180,21,190,0,0,21,201,1,142,21,343,California
Mariposa,2021-01-14,94,464,1,181,93,283,0,0,94,295,0,142,94,437,California
Mariposa,2021-01-15,46,510,1,182,45,328,0,0,45,339,1,143,45,482,California
Mariposa,2021-01-16,19,529,2,184,17,345,0,0,18,356,1,144,18,500,California
Mariposa,2021-01-17,2,531,0,184,2,347,0,0,2,358,0,144,2,502,California
Mariposa,2021-01-18,2,533,2,186,0,347,0,0,1,358,1,145,1,503,California
Mariposa,2021-01-19,1,534,0,186,1,348,0,0,1,359,0,145,1,504,California
Mariposa,2021-01-20,26,560,0,186,26,374,0,0,25,384,0,145,25,529,California
Mariposa,2021-01-21,87,647,1,187,86,460,0,0,87,471,0,145,87,616,California
Mariposa,2021-01-22,77,724,1,188,76,536,0,0,77,548,0,145,77,693,California
Mariposa,2021-01-23,125,849,0,188,125,661,0,0,124,672,0,145,124,817,California
Mariposa,2021-01-25,3,852,1,189,2,663,0,0,0,669,3,148,0,817,California
Mariposa,2021-01-26,32,884,2,191,30,693,0,0,3,647,29,177,7,824,California
Mariposa,2021-01-27,34,918,1,192,33,726,0,0,26,665,8,185,26,850,California
Mariposa,2021-01-28,147,1065,2,194,145,871,0,0,133,785,13,198,133,983,California
Mariposa,2021-01-29,58,1123,0,194,58,929,0,0,58,843,0,198,58,1041,California
Mariposa,2021-01-30,3,1126,1,195,2,931,0,0,2,844,1,199,2,1043,California
Mariposa,2021-01-31,1,1127,0,195,1,932,0,0,1,845,0,199,1,1044,California
Mariposa,2021-02-01,55,1182,0,195,55,987,0,0,48,886,7,206,48,1092,California
Mariposa,2021-02-02,8,1190,0,195,8,995,0,0,2,882,6,212,2,1094,California
Mariposa,2021-02-03,26,1216,1,196,25,1020,0,0,22,900,4,216,22,1116,California
Mariposa,2021-02-04,115,1331,7,203,108,1128,0,0,108,1005,4,220,109,1225,California
Mariposa,2021-02-05,239,1570,4,207,235,1363,0,0,217,1200,22,242,217,1442,California
Mariposa,2021-02-06,2,1572,1,208,1,1364,0,0,1,1200,1,243,1,1443,California
Mariposa,2021-02-08,39,1611,1,209,38,1402,0,0,20,1201,19,262,20,1463,California
Mariposa,2021-02-09,10,1621,3,212,7,1409,0,0,5,1201,5,267,5,1468,California
Mariposa,2021-02-10,17,1638,1,213,16,1425,0,0,9,1208,8,275,15,1483,California
Mariposa,2021-02-11,378,2016,4,217,374,1799,0,0,334,1535,42,317,369,1852,California
Mariposa,2021-02-12,177,2193,1,218,176,1975,0,0,115,1606,62,379,133,1985,California
Mariposa,2021-02-13,5,2198,3,221,2,1977,0,0,4,1609,1,380,4,1989,California
Mariposa,2021-02-14,5,2203,2,223,3,1980,0,0,3,1611,2,382,4,1993,California
Mariposa,2021-02-15,8,2211,2,225,6,1986,0,0,7,1617,1,383,7,2000,California
Mariposa,2021-02-16,19,2230,2,227,17,2003,0,0,8,1624,11,394,18,2018,California
Mariposa,2021-02-17,20,2250,2,229,18,2021,0,0,9,1630,10,404,16,2034,California
Mariposa,2021-02-18,56,2306,3,232,53,2074,0,0,13,1600,43,447,13,2047,California
Mariposa,2021-02-19,74,2380,0,232,74,2148,0,0,33,1632,41,488,73,2120,California
Mariposa,2021-02-20,254,2634,4,236,250,2398,0,0,169,1769,85,573,222,2342,California
Mariposa,2021-02-21,231,2865,2,238,229,2627,0,0,230,1998,1,574,230,2572,California
Mariposa,2021-02-22,15,2880,2,240,13,2640,0,0,15,2013,0,574,15,2587,California
Mariposa,2021-02-23,6,2886,3,243,3,2643,0,0,4,2016,2,576,5,2592,California
Mariposa,2021-02-24,18,2904,1,244,17,2660,0,0,2,2002,16,592,2,2594,California
Mariposa,2021-02-25,6,2910,3,247,3,2663,0,0,3,2002,3,595,3,2597,California
Mariposa,2021-02-26,410,3320,3,250,407,3070,0,0,251,2198,159,754,355,2952,California
Mariposa,2021-02-27,154,3474,3,253,151,3221,0,0,150,2345,4,758,151,3103,California
Mariposa,2021-02-28,2,3476,1,254,1,3222,0,0,0,2343,2,760,0,3103,California
Mariposa,2021-03-01,55,3531,2,256,53,3275,0,0,7,2302,48,808,7,3110,California
Mariposa,2021-03-02,6,3537,5,261,1,3276,0,0,3,2302,3,811,3,3113,California
Mariposa,2021-03-03,65,3602,1,262,64,3340,0,0,63,2363,2,813,63,3176,California
Mariposa,2021-03-04,15,3617,5,267,10,3350,0,0,5,2361,10,823,8,3184,California
Mariposa,2021-03-05,39,3656,6,273,33,3383,0,0,28,2386,11,834,36,3220,California
Mariposa,2021-03-06,4,3660,1,274,3,3386,0,0,4,2390,0,834,4,3224,California
Mariposa,2021-03-08,36,3696,2,276,23,3409,11,11,7,2379,29,863,18,3242,California
Mariposa,2021-03-09,24,3720,2,278,11,3420,11,22,9,2384,15,878,20,3262,California
Mariposa,2021-03-10,15,3735,3,281,3,3423,9,31,3,2384,12,890,12,3274,California
Mariposa,2021-03-11,455,4190,5,286,432,3855,18,49,172,2342,282,1172,240,3514,California
Mariposa,2021-03-12,241,4431,2,288,211,4066,28,77,96,2330,145,1317,133,3647,California
Mariposa,2021-03-13,23,4454,3,291,5,4071,15,92,4,2331,19,1336,20,3667,California
Mariposa,2021-03-14,14,4468,0,291,3,4074,11,103,2,2332,12,1348,13,3680,California
Mariposa,2021-03-15,72,4540,5,296,29,4103,38,141,28,2354,44,1392,66,3746,California
Mariposa,2021-03-16,44,4584,5,301,5,4108,34,175,7,2358,37,1429,41,3787,California
Mariposa,2021-03-17,51,4635,4,305,42,4150,5,180,43,2400,8,1437,50,3837,California
Mariposa,2021-03-18,44,4679,4,309,31,4181,9,189,32,2429,12,1449,41,3878,California
Mariposa,2021-03-19,327,5006,3,312,314,4495,10,199,294,2700,33,1482,304,4182,California
Mariposa,2021-03-20,418,5424,3,315,414,4909,1,200,44,2373,374,1856,47,4229,California
Mariposa,2021-03-21,8,5432,7,322,0,4909,1,201,5,2376,3,1859,6,4235,California
Mariposa,2021-03-22,35,5467,5,327,19,4928,11,212,21,2396,14,1873,34,4269,California
Mariposa,2021-03-23,19,5486,4,331,2,4930,13,225,1,2392,18,1891,14,4283,California
Mariposa,2021-03-24,49,5535,1,332,46,4976,2,227,47,2439,2,1893,49,4332,California
Mariposa,2021-03-25,56,5591,5,337,43,5019,8,235,44,2479,12,1905,52,4384,California
Mariposa,2021-03-26,470,6061,9,346,459,5478,2,237,241,2493,229,2134,243,4627,California
Mariposa,2021-03-27,214,6275,3,349,211,5689,0,237,84,2450,129,2263,86,4713,California
Mariposa,2021-03-28,4,6279,0,349,1,5690,3,240,0,2449,4,2267,3,4716,California
Mariposa,2021-03-29,13,6292,2,351,11,5701,0,240,7,2450,6,2273,7,4723,California
Mariposa,2021-03-30,18,6310,0,351,2,5703,16,256,0,2448,18,2291,16,4739,California
Mariposa,2021-03-31,72,6382,6,357,65,5768,1,257,61,2499,11,2302,62,4801,California
Mariposa,2021-04-01,6,6388,2,359,4,5772,0,257,3,2499,3,2305,3,4804,California
Mariposa,2021-04-02,29,6417,5,364,23,5795,1,258,8,2487,21,2326,9,4813,California
Mariposa,2021-04-03,2,6419,2,366,0,5795,0,258,2,2489,0,2326,2,4815,California
Mendocino,2020-12-17,70,70,70,70,0,0,0,0,70,70,0,0,70,70,California
Mendocino,2020-12-18,86,156,85,155,1,1,0,0,85,155,0,0,85,155,California
Mendocino,2020-12-19,3,159,3,158,0,1,0,0,3,158,0,0,3,158,California
Mendocino,2020-12-20,7,166,7,165,0,1,0,0,7,165,0,0,7,165,California
Mendocino,2020-12-21,245,411,245,410,0,1,0,0,76,241,0,0,76,241,California
Mendocino,2020-12-22,248,659,188,598,60,61,0,0,248,489,0,0,248,489,California
Mendocino,2020-12-23,272,931,48,646,224,285,0,0,271,760,0,0,271,760,California
Mendocino,2020-12-24,49,980,8,654,41,326,0,0,49,809,0,0,49,809,California
Mendocino,2020-12-25,1,981,0,654,1,327,0,0,1,810,0,0,1,810,California
Mendocino,2020-12-26,2,983,2,656,0,327,0,0,2,812,0,0,2,812,California
Mendocino,2020-12-27,1,984,0,656,1,328,0,0,1,813,0,0,1,813,California
Mendocino,2020-12-28,73,1057,8,664,65,393,0,0,73,886,0,0,73,886,California
Mendocino,2020-12-29,120,1177,60,724,60,453,0,0,120,1006,0,0,120,1006,California
Mendocino,2020-12-30,120,1297,66,790,54,507,0,0,120,1126,0,0,120,1126,California
Mendocino,2020-12-31,130,1427,95,885,35,542,0,0,130,1256,0,0,130,1256,California
Mendocino,2021-01-01,4,1431,2,887,2,544,0,0,4,1260,0,0,4,1260,California
Mendocino,2021-01-02,1,1432,1,888,0,544,0,0,1,1261,0,0,1,1261,California
Mendocino,2021-01-04,837,2269,15,903,822,1366,0,0,837,2098,0,0,837,2098,California
Mendocino,2021-01-05,71,2340,35,938,36,1402,0,0,58,2143,13,13,58,2156,California
Mendocino,2021-01-06,150,2490,129,1067,21,1423,0,0,140,2273,10,23,140,2296,California
Mendocino,2021-01-07,356,2846,237,1304,119,1542,0,0,293,2503,63,86,293,2589,California
Mendocino,2021-01-08,95,2941,82,1386,13,1555,0,0,41,2491,54,140,42,2631,California
Mendocino,2021-01-09,8,2949,4,1390,4,1559,0,0,6,2495,2,142,6,2637,California
Mendocino,2021-01-10,8,2957,8,1398,0,1559,0,0,1,2489,7,149,1,2638,California
Mendocino,2021-01-11,99,3056,90,1488,9,1568,0,0,41,2473,57,206,41,2679,California
Mendocino,2021-01-12,387,3443,376,1864,11,1579,0,0,272,2630,115,321,272,2951,California
Mendocino,2021-01-13,479,3922,144,2008,335,1914,0,0,439,3032,38,359,440,3391,California
Mendocino,2021-01-14,634,4556,20,2028,614,2528,0,0,625,3648,9,368,625,4016,California
Mendocino,2021-01-15,1852,6408,859,2887,993,3521,0,0,1847,5491,5,373,1848,5864,California
Mendocino,2021-01-16,793,7201,51,2938,742,4263,0,0,791,6280,2,375,791,6655,California
Mendocino,2021-01-17,553,7754,1,2939,552,4815,0,0,552,6831,1,376,552,7207,California
Mendocino,2021-01-18,488,8242,463,3402,25,4840,0,0,476,7295,12,388,476,7683,California
Mendocino,2021-01-19,328,8570,146,3548,182,5022,0,0,153,7273,175,563,153,7836,California
Mendocino,2021-01-20,549,9119,402,3950,147,5169,0,0,445,7616,102,665,445,8281,California
Mendocino,2021-01-21,529,9648,219,4169,310,5479,0,0,346,7780,182,847,346,8627,California
Mendocino,2021-01-22,149,9797,58,4227,91,5570,0,0,110,7851,39,886,110,8737,California
Mendocino,2021-01-23,155,9952,83,4310,72,5642,0,0,149,7994,6,892,149,8886,California
Mendocino,2021-01-24,5,9957,3,4313,2,5644,0,0,5,7999,0,892,5,8891,California
Mendocino,2021-01-25,189,10146,15,4328,174,5818,0,0,121,8052,68,960,121,9012,California
Mendocino,2021-01-26,155,10301,57,4385,98,5916,0,0,95,8087,60,1020,95,9107,California
Mendocino,2021-01-27,432,10733,363,4748,69,5985,0,0,173,8008,252,1272,173,9280,California
Mendocino,2021-01-28,583,11316,519,5267,64,6049,0,0,491,8407,92,1364,491,9771,California
Mendocino,2021-01-29,388,11704,348,5615,40,6089,0,0,359,8738,29,1393,360,10131,California
Mendocino,2021-01-30,45,11749,27,5642,18,6107,0,0,41,8775,4,1397,41,10172,California
Mendocino,2021-01-31,275,12024,2,5644,273,6380,0,0,3,8506,272,1669,3,10175,California
Mendocino,2021-02-01,372,12396,48,5692,324,6704,0,0,53,8240,319,1988,53,10228,California
Mendocino,2021-02-02,719,13115,501,6193,218,6922,0,0,361,8243,358,2346,361,10589,California
Mendocino,2021-02-03,386,13501,203,6396,183,7105,0,0,219,8297,165,2511,219,10808,California
Mendocino,2021-02-04,630,14131,532,6928,98,7203,0,0,506,8679,124,2635,506,11314,California
Mendocino,2021-02-05,1306,15437,1216,8144,90,7293,0,0,590,8555,714,3349,590,11904,California
Mendocino,2021-02-06,557,15994,157,8301,400,7693,0,0,542,9082,15,3364,542,12446,California
Mendocino,2021-02-07,29,16023,25,8326,4,7697,0,0,29,9111,0,3364,29,12475,California
Mendocino,2021-02-08,744,16767,714,9040,30,7727,0,0,282,8931,462,3826,282,12757,California
Mendocino,2021-02-09,141,16908,58,9098,83,7810,0,0,89,8968,52,3878,89,12846,California
Mendocino,2021-02-10,1477,18385,922,10020,555,8365,0,0,745,8987,726,4604,745,13591,California
Mendocino,2021-02-11,1121,19506,206,10226,915,9280,0,0,282,8430,839,5443,282,13873,California
Mendocino,2021-02-12,1390,20896,155,10381,1235,10515,0,0,628,8298,761,6204,629,14502,California
Mendocino,2021-02-13,494,21390,12,10393,482,10997,0,0,100,8009,394,6598,105,14607,California
Mendocino,2021-02-14,696,22086,1,10394,695,11692,0,0,136,7585,560,7158,136,14743,California
Mendocino,2021-02-15,326,22412,40,10434,286,11978,0,0,172,7603,154,7312,172,14915,California
Mendocino,2021-02-16,195,22607,49,10483,146,12124,0,0,128,7664,67,7379,128,15043,California
Mendocino,2021-02-17,1348,23955,1187,11670,161,12285,0,0,874,8067,472,7851,875,15918,California
Mendocino,2021-02-18,1750,25705,641,12311,1109,13394,0,0,1191,8699,559,8410,1191,17109,California
Mendocino,2021-02-19,703,26408,146,12457,557,13951,0,0,564,9124,139,8549,564,17673,California
Mendocino,2021-02-20,568,26976,541,12998,27,13978,0,0,538,9634,28,8577,538,18211,California
Mendocino,2021-02-21,306,27282,4,13002,302,14280,0,0,295,9918,11,8588,295,18506,California
Mendocino,2021-02-22,163,27445,30,13032,133,14413,0,0,73,9901,90,8678,73,18579,California
Mendocino,2021-02-23,666,28111,652,13684,14,14427,0,0,612,10460,53,8731,612,19191,California
Mendocino,2021-02-24,1815,29926,1731,15415,84,14511,0,0,1408,11464,404,9135,1408,20599,California
Mendocino,2021-02-25,1673,31599,536,15951,1137,15648,0,0,1255,12302,417,9552,1255,21854,California
Mendocino,2021-02-26,1387,32986,745,16696,642,16290,0,0,1024,12965,361,9913,1024,22878,California
Mendocino,2021-02-27,196,33182,151,16847,45,16335,0,0,72,12915,122,10035,72,22950,California
Mendocino,2021-02-28,38,33220,16,16863,22,16357,0,0,26,12929,12,10047,26,22976,California
Mendocino,2021-03-01,568,33788,524,17387,44,16401,0,0,530,13421,38,10085,530,23506,California
Mendocino,2021-03-02,68,33856,24,17411,44,16445,0,0,39,13432,28,10113,39,23545,California
Mendocino,2021-03-03,1604,35460,1250,18661,354,16799,0,0,983,13796,619,10732,983,24528,California
Mendocino,2021-03-04,1713,37173,147,18808,1566,18365,0,0,1498,15082,213,10945,1499,26027,California
Mendocino,2021-03-05,180,37353,117,18925,54,18419,9,9,104,15121,74,11019,113,26140,California
Mendocino,2021-03-06,242,37595,19,18944,200,18619,23,32,205,15312,37,11056,228,26368,California
Mendocino,2021-03-07,485,38080,6,18950,459,19078,20,52,103,15053,381,11437,122,26490,California
Mendocino,2021-03-08,130,38210,33,18983,60,19138,37,89,70,15101,59,11496,107,26597,California
Mendocino,2021-03-09,428,38638,219,19202,178,19316,31,120,344,15392,83,11579,374,26971,California
Mendocino,2021-03-10,1003,39641,929,20131,67,19383,7,127,270,14942,729,12308,279,27250,California
Mendocino,2021-03-11,773,40414,564,20695,155,19538,54,181,357,14942,411,12719,411,27661,California
Mendocino,2021-03-12,1897,42311,977,21672,826,20364,94,275,1152,15447,741,13460,1246,28907,California
Mendocino,2021-03-13,569,42880,491,22163,28,20392,50,325,81,15094,484,13944,131,29038,California
Mendocino,2021-03-14,64,42944,3,22166,54,20446,7,332,6,15050,57,14001,13,29051,California
Mendocino,2021-03-15,606,43550,55,22221,495,20941,56,388,215,14932,389,14390,271,29322,California
Mendocino,2021-03-16,560,44110,364,22585,153,21094,43,431,132,14681,427,14817,176,29498,California
Mendocino,2021-03-17,1478,45588,1286,23871,54,21148,138,569,200,13756,1277,16094,352,29850,California
Mendocino,2021-03-18,1144,46732,176,24047,932,22080,36,605,235,13128,901,16995,273,30123,California
Mendocino,2021-03-19,1661,48393,832,24879,781,22861,48,653,325,12175,1331,18326,378,30501,California
Mendocino,2021-03-20,62,48455,10,24889,32,22893,20,673,16,12165,46,18372,36,30537,California
Mendocino,2021-03-21,11,48466,2,24891,4,22897,5,678,3,12166,8,18380,9,30546,California
Mendocino,2021-03-22,614,49080,572,25463,15,22912,27,705,146,11874,466,18846,174,30720,California
Mendocino,2021-03-23,168,49248,34,25497,104,23016,30,735,117,11970,51,18897,147,30867,California
Mendocino,2021-03-24,902,50150,824,26321,32,23048,46,781,120,11417,781,19678,228,31095,California
Mendocino,2021-03-25,1922,52072,59,26380,1846,24894,17,798,169,9859,1750,21428,192,31287,California
Mendocino,2021-03-26,513,52585,369,26749,120,25014,24,822,337,10048,173,21601,362,31649,California
Mendocino,2021-03-27,145,52730,15,26764,120,25134,10,832,89,10093,55,21656,100,31749,California
Mendocino,2021-03-28,31,52761,9,26773,18,25152,4,836,8,10083,22,21678,12,31761,California
Mendocino,2021-03-29,187,52948,98,26871,47,25199,42,878,93,10125,94,21772,136,31897,California
Mendocino,2021-03-30,652,53600,578,27449,40,25239,34,912,405,10320,244,22016,439,32336,California
Mendocino,2021-03-31,850,54450,273,27722,516,25755,61,973,410,10355,438,22454,473,32809,California
Mendocino,2021-04-01,1089,55539,369,28091,667,26422,53,1026,307,9975,777,23231,397,33206,California
Mendocino,2021-04-02,1226,56765,1002,29093,154,26576,70,1096,197,9243,1026,24257,294,33500,California
Mendocino,2021-04-03,431,57196,6,29099,420,26996,5,1101,40,8901,389,24646,47,33547,California
Merced,2020-12-16,3,3,3,3,0,0,0,0,3,3,0,0,3,3,California
Merced,2020-12-17,6,9,6,9,0,0,0,0,6,9,0,0,6,9,California
Merced,2020-12-18,144,153,144,153,0,0,0,0,144,153,0,0,144,153,California
Merced,2020-12-19,38,191,38,191,0,0,0,0,38,191,0,0,38,191,California
Merced,2020-12-20,18,209,17,208,1,1,0,0,18,209,0,0,18,209,California
Merced,2020-12-21,129,338,126,334,3,4,0,0,129,338,0,0,129,338,California
Merced,2020-12-22,163,501,163,497,0,4,0,0,163,501,0,0,163,501,California
Merced,2020-12-23,304,805,289,786,15,19,0,0,304,805,0,0,304,805,California
Merced,2020-12-24,70,875,70,856,0,19,0,0,70,875,0,0,70,875,California
Merced,2020-12-25,5,880,5,861,0,19,0,0,5,880,0,0,5,880,California
Merced,2020-12-26,7,887,4,865,3,22,0,0,7,887,0,0,7,887,California
Merced,2020-12-27,12,899,11,876,1,23,0,0,12,899,0,0,12,899,California
Merced,2020-12-28,125,1024,100,976,25,48,0,0,125,1024,0,0,125,1024,California
Merced,2020-12-29,188,1212,134,1110,54,102,0,0,188,1212,0,0,188,1212,California
Merced,2020-12-30,239,1451,93,1203,146,248,0,0,239,1451,0,0,239,1451,California
Merced,2020-12-31,127,1578,39,1242,88,336,0,0,124,1575,0,0,124,1575,California
Merced,2021-01-02,127,1705,116,1358,11,347,0,0,128,1703,0,0,128,1703,California
Merced,2021-01-03,9,1714,5,1363,4,351,0,0,9,1712,0,0,9,1712,California
Merced,2021-01-04,83,1797,40,1403,43,394,0,0,83,1795,0,0,83,1795,California
Merced,2021-01-05,319,2116,230,1633,89,483,0,0,321,2112,5,5,322,2117,California
Merced,2021-01-06,274,2390,98,1731,176,659,0,0,268,2374,6,11,268,2385,California
Merced,2021-01-07,192,2582,80,1811,112,771,0,0,191,2553,12,23,191,2576,California
Merced,2021-01-08,543,3125,400,2211,143,914,0,0,398,2801,150,173,398,2974,California
Merced,2021-01-09,24,3149,11,2222,13,927,0,0,18,2813,6,179,18,2992,California
Merced,2021-01-10,10,3159,6,2228,4,931,0,0,6,2815,4,183,6,2998,California
Merced,2021-01-11,244,3403,170,2398,74,1005,0,0,117,2808,125,308,118,3116,California
Merced,2021-01-12,312,3715,163,2561,149,1154,0,0,258,3009,57,365,258,3374,California
Merced,2021-01-13,451,4166,233,2794,218,1372,0,0,237,3040,208,573,239,3613,California
Merced,2021-01-14,355,4521,214,3008,141,1513,0,0,184,3056,170,743,186,3799,California
Merced,2021-01-15,684,5205,147,3155,537,2050,0,0,661,3680,39,782,663,4462,California
Merced,2021-01-16,241,5446,153,3308,88,2138,0,0,236,3911,5,787,236,4698,California
Merced,2021-01-17,48,5494,11,3319,37,2175,0,0,47,3957,1,788,47,4745,California
Merced,2021-01-18,331,5825,154,3473,177,2352,0,0,309,4247,22,810,312,5057,California
Merced,2021-01-19,736,6561,583,4056,153,2505,0,0,554,4623,182,992,558,5615,California
Merced,2021-01-20,595,7156,488,4544,107,2612,0,0,531,5092,64,1056,533,6148,California
Merced,2021-01-21,1058,8214,688,5232,370,2982,0,0,959,5954,100,1156,962,7110,California
Merced,2021-01-22,1394,9608,713,5945,681,3663,0,0,1371,7311,25,1181,1382,8492,California
Merced,2021-01-23,309,9917,184,6129,125,3788,0,0,205,7411,105,1286,205,8697,California
Merced,2021-01-24,34,9951,16,6145,18,3806,0,0,24,7426,9,1295,24,8721,California
Merced,2021-01-25,782,10733,269,6414,513,4319,0,0,705,8072,59,1354,705,9426,California
Merced,2021-01-26,944,11677,480,6894,464,4783,0,0,688,8553,209,1563,690,10116,California
Merced,2021-01-27,1033,12710,584,7478,449,5232,0,0,843,9234,163,1726,844,10960,California
Merced,2021-01-28,1204,13914,587,8065,617,5849,0,0,1045,10145,135,1861,1046,12006,California
Merced,2021-01-29,912,14826,339,8404,573,6422,0,0,656,10561,243,2104,659,12665,California
Merced,2021-01-30,286,15112,25,8429,261,6683,0,0,271,10817,15,2119,271,12936,California
Merced,2021-01-31,48,15160,12,8441,36,6719,0,0,45,10859,3,2122,45,12981,California
Merced,2021-02-01,374,15534,51,8492,323,7042,0,0,325,11135,49,2171,325,13306,California
Merced,2021-02-02,302,15836,184,8676,118,7160,0,0,182,11200,118,2289,183,13489,California
Merced,2021-02-03,403,16239,73,8749,330,7490,0,0,206,11209,197,2486,206,13695,California
Merced,2021-02-04,434,16673,158,8907,276,7766,0,0,279,11337,152,2638,280,13975,California
Merced,2021-02-05,630,17303,216,9123,414,8180,0,0,327,11375,290,2928,328,14303,California
Merced,2021-02-06,443,17746,249,9372,194,8374,0,0,271,11476,170,3098,271,14574,California
Merced,2021-02-07,19,17765,12,9384,7,8381,0,0,12,11481,7,3105,12,14586,California
Merced,2021-02-08,327,18092,222,9606,105,8486,0,0,187,11532,137,3242,188,14774,California
Merced,2021-02-09,1277,19369,959,10565,318,8804,0,0,804,11881,456,3698,805,15579,California
Merced,2021-02-10,1924,21293,1440,12005,484,9288,0,0,1338,12640,579,4277,1338,16917,California
Merced,2021-02-11,2621,23914,2050,14055,571,9859,0,0,1865,13755,750,5027,1865,18782,California
Merced,2021-02-12,1892,25806,1063,15118,829,10688,0,0,836,13548,1043,6070,836,19618,California
Merced,2021-02-13,366,26172,205,15323,161,10849,0,0,272,13727,94,6164,273,19891,California
Merced,2021-02-14,117,26289,27,15350,90,10939,0,0,92,13797,25,6189,95,19986,California
Merced,2021-02-15,272,26561,39,15389,233,11172,0,0,167,13865,100,6289,168,20154,California
Merced,2021-02-16,1293,27854,865,16254,428,11600,0,0,781,14239,493,6782,867,21021,California
Merced,2021-02-17,1949,29803,1680,17934,269,11869,0,0,1354,15031,582,7364,1374,22395,California
Merced,2021-02-18,1315,31118,851,18785,464,12333,0,0,443,14641,847,8211,457,22852,California
Merced,2021-02-19,1323,32441,437,19222,886,13219,0,0,565,14467,752,8963,578,23430,California
Merced,2021-02-20,276,32717,32,19254,244,13463,0,0,142,14478,131,9094,142,23572,California
Merced,2021-02-21,75,32792,60,19314,15,13478,0,0,26,14459,49,9143,30,23602,California
Merced,2021-02-22,918,33710,367,19681,551,14029,0,0,569,14680,348,9491,569,24171,California
Merced,2021-02-23,1188,34898,489,20170,699,14728,0,0,694,14930,488,9979,738,24909,California
Merced,2021-02-24,851,35749,297,20467,554,15282,0,0,461,15014,382,10361,466,25375,California
Merced,2021-02-25,1815,37564,850,21317,965,16247,0,0,1335,15888,465,10826,1339,26714,California
Merced,2021-02-26,2357,39921,1505,22822,852,17099,0,0,1917,17370,440,11266,1922,28636,California
Merced,2021-02-27,2602,42523,1014,23836,1587,18686,1,1,2292,19354,311,11577,2295,30931,California
Merced,2021-02-28,327,42850,67,23903,260,18946,0,1,279,19588,46,11623,280,31211,California
Merced,2021-03-01,1203,44053,286,24189,917,19863,0,1,856,20103,341,11964,856,32067,California
Merced,2021-03-02,1801,45854,918,25107,883,20746,0,1,1398,21116,385,12349,1398,33465,California
Merced,2021-03-03,2322,48176,1800,26907,521,21267,1,2,1528,21885,763,13112,1532,34997,California
Merced,2021-03-04,3091,51267,2434,29341,655,21922,2,4,2175,23087,975,14087,2177,37174,California
Merced,2021-03-05,2439,53706,1515,30856,901,22823,23,27,1812,24339,600,14687,1852,39026,California
Merced,2021-03-06,1063,54769,539,31395,504,23327,20,47,789,24873,276,14963,810,39836,California
Merced,2021-03-07,252,55021,56,31451,172,23499,24,71,223,25091,29,14992,247,40083,California
Merced,2021-03-08,1224,56245,607,32058,553,24052,64,135,1012,25956,211,15203,1076,41159,California
Merced,2021-03-09,1663,57908,958,33016,593,24645,112,247,1044,26502,613,15816,1159,42318,California
Merced,2021-03-10,2924,60832,2025,35041,685,25330,214,461,1796,27402,1116,16932,2016,44334,California
Merced,2021-03-11,1942,62774,646,35687,1095,26425,201,662,1346,28387,589,17521,1574,45908,California
Merced,2021-03-12,2408,65182,1074,36761,1081,27506,253,915,1611,29490,794,18315,1897,47805,California
Merced,2021-03-13,679,65861,324,37085,118,27624,237,1152,356,29780,315,18630,605,48410,California
Merced,2021-03-14,171,66032,99,37184,42,27666,30,1182,100,29840,71,18701,131,48541,California
Merced,2021-03-15,1548,67580,512,37696,771,28437,265,1447,1011,30596,526,19227,1282,49823,California
Merced,2021-03-16,1543,69123,780,38476,540,28977,223,1670,1049,31384,483,19710,1271,51094,California
Merced,2021-03-17,2210,71333,1267,39743,764,29741,179,1849,1743,32851,459,20169,1926,53020,California
Merced,2021-03-18,1963,73296,1100,40843,709,30450,154,2003,1329,33726,622,20791,1497,54517,California
Merced,2021-03-19,2952,76248,1688,42531,1070,31520,194,2197,1559,34104,1379,22170,1757,56274,California
Merced,2021-03-20,1839,78087,1227,43758,518,32038,94,2291,1149,34665,684,22854,1245,57519,California
Merced,2021-03-21,674,78761,341,44099,318,32356,15,2306,555,35119,118,22972,572,58091,California
Merced,2021-03-22,1125,79886,486,44585,555,32911,84,2390,736,35562,379,23351,822,58913,California
Merced,2021-03-23,1836,81722,1160,45745,614,33525,62,2452,1375,36540,460,23811,1438,60351,California
Merced,2021-03-24,1328,83050,840,46585,445,33970,43,2495,985,37237,333,24144,1030,61381,California
Merced,2021-03-25,3220,86270,2184,48769,1014,34984,22,2517,2087,38223,1127,25271,2113,63494,California
Merced,2021-03-26,1984,88254,1200,49969,769,35753,15,2532,853,37975,1120,26391,872,64366,California
Merced,2021-03-27,2323,90577,1001,50970,1254,37007,68,2600,810,37349,1506,27897,880,65246,California
Merced,2021-03-28,542,91119,205,51175,329,37336,8,2608,251,37322,291,28188,264,65510,California
Merced,2021-03-29,1525,92644,444,51619,843,38179,238,2846,556,37164,964,29152,806,66316,California
Merced,2021-03-30,1808,94452,745,52364,1022,39201,41,2887,716,36844,1086,30238,766,67082,California
Merced,2021-03-31,1991,96443,1460,53824,515,39716,16,2903,713,36320,1268,31506,744,67826,California
Merced,2021-04-01,1552,97995,883,54707,648,40364,21,2924,560,35923,988,32494,591,68417,California
Merced,2021-04-02,1919,99914,685,55392,1172,41536,62,2986,780,35645,1128,33622,850,69267,California
Merced,2021-04-03,320,100234,210,55602,103,41639,7,2993,95,35525,225,33847,105,69372,California
Modoc,2020-12-16,1,1,1,1,0,0,0,0,1,1,0,0,1,1,California
Modoc,2020-12-21,100,101,100,101,0,0,0,0,100,101,0,0,100,101,California
Modoc,2020-12-22,14,115,14,115,0,0,0,0,14,115,0,0,14,115,California
Modoc,2020-12-23,4,119,4,119,0,0,0,0,4,119,0,0,4,119,California
Modoc,2020-12-24,1,120,1,120,0,0,0,0,1,120,0,0,1,120,California
Modoc,2020-12-28,2,122,2,122,0,0,0,0,2,122,0,0,2,122,California
Modoc,2020-12-29,10,132,1,123,9,9,0,0,10,132,0,0,10,132,California
Modoc,2020-12-30,7,139,0,123,7,16,0,0,7,139,0,0,7,139,California
Modoc,2021-01-02,2,141,0,123,2,18,0,0,2,141,0,0,2,141,California
Modoc,2021-01-04,8,149,0,123,8,26,0,0,8,149,0,0,8,149,California
Modoc,2021-01-05,2,151,1,124,1,27,0,0,2,151,0,0,2,151,California
Modoc,2021-01-06,3,154,2,126,1,28,0,0,2,152,1,1,2,153,California
Modoc,2021-01-07,72,226,0,126,72,100,0,0,72,224,0,1,72,225,California
Modoc,2021-01-08,105,331,0,126,105,205,0,0,105,329,0,1,105,330,California
Modoc,2021-01-10,1,332,1,127,0,205,0,0,0,328,1,2,0,330,California
Modoc,2021-01-11,92,424,82,209,10,215,0,0,19,274,73,75,19,349,California
Modoc,2021-01-12,94,518,25,234,69,284,0,0,68,316,26,101,68,417,California
Modoc,2021-01-13,24,542,4,238,20,304,0,0,22,336,2,103,22,439,California
Modoc,2021-01-14,129,671,6,244,123,427,0,0,124,455,5,108,124,563,California
Modoc,2021-01-15,6,677,1,245,5,432,0,0,6,461,0,108,6,569,California
Modoc,2021-01-16,1,678,1,246,0,432,0,0,1,462,0,108,1,570,California
Modoc,2021-01-18,1,679,1,247,0,432,0,0,1,463,0,108,1,571,California
Modoc,2021-01-19,5,684,3,250,2,434,0,0,3,464,2,110,3,574,California
Modoc,2021-01-20,11,695,1,251,10,444,0,0,11,475,0,110,11,585,California
Modoc,2021-01-21,158,853,2,253,156,600,0,0,158,633,0,110,158,743,California
Modoc,2021-01-22,2,855,0,253,2,602,0,0,2,635,0,110,2,745,California
Modoc,2021-01-25,12,867,1,254,11,613,0,0,12,647,0,110,12,757,California
Modoc,2021-01-26,65,932,1,255,64,677,0,0,65,712,0,110,65,822,California
Modoc,2021-01-27,41,973,2,257,39,716,0,0,25,721,16,126,25,847,California
Modoc,2021-01-28,144,1117,1,258,143,859,0,0,144,865,0,126,144,991,California
Modoc,2021-01-29,3,1120,1,259,2,861,0,0,3,868,0,126,3,994,California
Modoc,2021-02-01,24,1144,11,270,13,874,0,0,11,866,13,139,11,1005,California
Modoc,2021-02-02,170,1314,2,272,168,1042,0,0,167,1030,3,142,167,1172,California
Modoc,2021-02-03,19,1333,13,285,6,1048,0,0,12,1035,7,149,12,1184,California
Modoc,2021-02-04,155,1488,4,289,151,1199,0,0,27,934,128,277,27,1211,California
Modoc,2021-02-05,4,1492,3,292,1,1200,0,0,3,936,1,278,3,1214,California
Modoc,2021-02-08,9,1501,2,294,7,1207,0,0,8,943,1,279,8,1222,California
Modoc,2021-02-09,197,1698,12,306,185,1392,0,0,65,876,132,411,65,1287,California
Modoc,2021-02-10,5,1703,2,308,3,1395,0,0,4,879,1,412,4,1291,California
Modoc,2021-02-11,201,1904,3,311,198,1593,0,0,83,844,118,530,83,1374,California
Modoc,2021-02-12,5,1909,1,312,4,1597,0,0,3,845,2,532,3,1377,California
Modoc,2021-02-13,1,1910,0,312,1,1598,0,0,1,846,0,532,1,1378,California
Modoc,2021-02-16,148,2058,6,318,142,1740,0,0,144,986,4,536,144,1522,California
Modoc,2021-02-17,23,2081,1,319,22,1762,0,0,11,985,12,548,11,1533,California
Modoc,2021-02-18,189,2270,2,321,187,1949,0,0,26,849,162,710,26,1559,California
Modoc,2021-02-19,3,2273,2,323,1,1950,0,0,2,850,1,711,2,1561,California
Modoc,2021-02-20,1,2274,1,324,0,1950,0,0,1,851,0,711,1,1562,California
Modoc,2021-02-22,17,2291,9,333,8,1958,0,0,4,842,13,724,4,1566,California
Modoc,2021-02-23,23,2314,4,337,19,1977,0,0,3,825,20,744,3,1569,California
Modoc,2021-02-24,90,2404,1,338,89,2066,0,0,30,795,60,804,30,1599,California
Modoc,2021-02-25,169,2573,1,339,168,2234,0,0,13,652,156,960,13,1612,California
Modoc,2021-02-26,3,2576,0,339,3,2237,0,0,1,651,2,962,1,1613,California
Modoc,2021-02-27,5,2581,5,344,0,2237,0,0,2,650,3,965,2,1615,California
Modoc,2021-03-01,4,2585,0,344,4,2241,0,0,0,646,4,969,0,1615,California
Modoc,2021-03-02,188,2773,12,356,176,2417,0,0,23,504,165,1134,23,1638,California
Modoc,2021-03-03,12,2785,6,362,6,2423,0,0,2,496,10,1144,2,1640,California
Modoc,2021-03-04,156,2941,2,364,154,2577,0,0,131,602,25,1169,131,1771,California
Modoc,2021-03-05,3,2944,2,366,1,2578,0,0,1,601,2,1171,1,1772,California
Modoc,2021-03-06,10,2954,0,366,0,2578,10,10,0,601,10,1181,10,1782,California
Modoc,2021-03-07,6,2960,1,367,0,2578,5,15,1,602,5,1186,6,1788,California
Modoc,2021-03-08,6,2966,0,367,2,2580,4,19,0,600,6,1192,4,1792,California
Modoc,2021-03-09,121,3087,9,376,104,2684,8,27,57,601,64,1256,65,1857,California
Modoc,2021-03-10,6,3093,3,379,2,2686,1,28,4,604,2,1258,5,1862,California
Modoc,2021-03-11,164,3257,0,379,79,2765,85,113,15,555,149,1407,100,1962,California
Modoc,2021-03-12,7,3264,0,379,4,2769,3,116,4,559,3,1410,7,1969,California
Modoc,2021-03-13,5,3269,0,379,2,2771,3,119,2,561,3,1413,5,1974,California
Modoc,2021-03-14,1,3270,0,379,0,2771,1,120,0,561,1,1414,1,1975,California
Modoc,2021-03-15,11,3281,1,380,9,2780,1,121,10,571,1,1415,11,1986,California
Modoc,2021-03-16,148,3429,1,381,145,2925,2,123,33,491,115,1530,35,2021,California
Modoc,2021-03-17,13,3442,2,383,4,2929,7,130,2,489,11,1541,9,2030,California
Modoc,2021-03-18,58,3500,3,386,50,2979,5,135,28,492,30,1571,33,2063,California
Modoc,2021-03-19,3,3503,0,386,2,2981,1,136,0,490,3,1574,1,2064,California
Modoc,2021-03-20,4,3507,1,387,0,2981,3,139,0,489,4,1578,3,2067,California
Modoc,2021-03-21,4,3511,1,388,1,2982,2,141,2,491,2,1580,4,2071,California
Modoc,2021-03-22,16,3527,1,389,9,2991,6,147,10,501,6,1586,16,2087,California
Modoc,2021-03-23,32,3559,3,392,27,3018,2,149,25,521,7,1593,27,2114,California
Modoc,2021-03-24,28,3587,1,393,18,3036,9,158,2,506,26,1619,11,2125,California
Modoc,2021-03-25,61,3648,2,395,57,3093,2,160,29,505,32,1651,31,2156,California
Modoc,2021-03-26,6,3654,2,397,1,3094,3,163,1,504,5,1656,4,2160,California
Modoc,2021-03-27,2,3656,0,397,1,3095,1,164,1,505,1,1657,2,2162,California
Modoc,2021-03-28,1,3657,0,397,0,3095,1,165,0,505,1,1658,1,2163,California
Modoc,2021-03-29,12,3669,0,397,4,3099,8,173,4,509,8,1666,12,2175,California
Modoc,2021-03-30,54,3723,9,406,39,3138,6,179,21,506,33,1699,30,2205,California
Modoc,2021-03-31,10,3733,4,410,2,3140,4,183,4,508,6,1705,8,2213,California
Modoc,2021-04-01,168,3901,2,412,161,3301,5,188,32,423,136,1841,51,2264,California
Modoc,2021-04-02,3,3904,0,412,0,3301,3,191,0,423,3,1844,3,2267,California
Modoc,2021-04-03,3,3907,3,415,0,3301,0,191,3,426,0,1844,3,2270,California
Mono,2020-12-18,1,1,1,1,0,0,0,0,1,1,0,0,1,1,California
Mono,2020-12-19,5,6,5,6,0,0,0,0,5,6,0,0,5,6,California
Mono,2020-12-20,7,13,7,13,0,0,0,0,7,13,0,0,7,13,California
Mono,2020-12-21,24,37,17,30,7,7,0,0,24,37,0,0,24,37,California
Mono,2020-12-22,66,103,65,95,1,8,0,0,66,103,0,0,66,103,California
Mono,2020-12-23,70,173,42,137,28,36,0,0,70,173,0,0,70,173,California
Mono,2020-12-24,3,176,1,138,2,38,0,0,3,176,0,0,3,176,California
Mono,2020-12-26,3,179,3,141,0,38,0,0,3,179,0,0,3,179,California
Mono,2020-12-28,94,273,63,204,31,69,0,0,94,273,0,0,94,273,California
Mono,2020-12-29,29,302,29,233,0,69,0,0,29,302,0,0,29,302,California
Mono,2020-12-30,76,378,35,268,41,110,0,0,76,378,0,0,76,378,California
Mono,2020-12-31,4,382,1,269,3,113,0,0,4,382,0,0,4,382,California
Mono,2021-01-01,3,385,3,272,0,113,0,0,3,385,0,0,3,385,California
Mono,2021-01-02,1,386,1,273,0,113,0,0,1,386,0,0,1,386,California
Mono,2021-01-04,1,387,0,273,1,114,0,0,1,387,0,0,1,387,California
Mono,2021-01-05,45,432,2,275,43,157,0,0,44,430,1,1,44,431,California
Mono,2021-01-06,44,476,0,275,44,201,0,0,44,474,0,1,44,475,California
Mono,2021-01-07,56,532,4,279,52,253,0,0,55,528,1,2,55,530,California
Mono,2021-01-08,2,534,1,280,1,254,0,0,1,528,1,3,1,531,California
Mono,2021-01-09,4,538,4,284,0,254,0,0,0,524,4,7,0,531,California
Mono,2021-01-10,5,543,5,289,0,254,0,0,0,519,5,12,0,531,California
Mono,2021-01-11,7,550,4,293,3,257,0,0,3,518,4,16,3,534,California
Mono,2021-01-12,283,833,76,369,207,464,0,0,218,672,64,80,218,752,California
Mono,2021-01-13,235,1068,74,443,161,625,0,0,180,797,55,135,180,932,California
Mono,2021-01-14,75,1143,73,516,2,627,0,0,75,872,0,135,75,1007,California
Mono,2021-01-15,60,1203,2,518,58,685,0,0,60,932,0,135,60,1067,California
Mono,2021-01-16,4,1207,3,521,1,686,0,0,1,930,3,138,1,1068,California
Mono,2021-01-18,63,1270,54,575,9,695,0,0,2,871,61,199,2,1070,California
Mono,2021-01-19,209,1479,207,782,2,697,0,0,172,1006,37,236,172,1242,California
Mono,2021-01-20,233,1712,203,985,30,727,0,0,172,1117,61,297,172,1414,California
Mono,2021-01-21,3,1715,3,988,0,727,0,0,3,1120,0,297,3,1417,California
Mono,2021-01-22,4,1719,0,988,4,731,0,0,4,1124,0,297,4,1421,California
Mono,2021-01-23,601,2320,601,1589,0,731,0,0,601,1725,0,297,601,2022,California
Mono,2021-01-25,208,2528,170,1759,38,769,0,0,169,1857,39,336,171,2193,California
Mono,2021-01-26,512,3040,510,2269,2,771,0,0,508,2361,4,340,508,2701,California
Mono,2021-01-27,5,3045,1,2270,4,775,0,0,5,2366,0,340,5,2706,California
Mono,2021-01-28,6,3051,2,2272,4,779,0,0,2,2364,4,344,2,2708,California
Mono,2021-01-30,201,3252,199,2471,2,781,0,0,201,2565,0,344,201,2909,California
Mono,2021-01-31,242,3494,137,2608,105,886,0,0,138,2601,104,448,140,3049,California
Mono,2021-02-01,29,3523,28,2636,1,887,0,0,0,2573,28,476,0,3049,California
Mono,2021-02-02,5,3528,0,2636,5,892,0,0,2,2572,3,479,2,3051,California
Mono,2021-02-03,4,3532,1,2637,3,895,0,0,2,2572,2,481,2,3053,California
Mono,2021-02-04,213,3745,160,2797,53,948,0,0,90,2539,123,604,90,3143,California
Mono,2021-02-05,625,4370,619,3416,6,954,0,0,622,3158,3,607,622,3765,California
Mono,2021-02-06,140,4510,139,3555,1,955,0,0,138,3294,2,609,138,3903,California
Mono,2021-02-07,2,4512,0,3555,2,957,0,0,2,3296,0,609,2,3905,California
Mono,2021-02-08,172,4684,172,3727,0,957,0,0,16,3156,156,765,16,3921,California
Mono,2021-02-09,227,4911,5,3732,222,1179,0,0,15,2959,212,977,15,3936,California
Mono,2021-02-10,533,5444,187,3919,346,1525,0,0,191,2808,342,1319,191,4127,California
Mono,2021-02-11,6,5450,4,3923,2,1527,0,0,1,2804,5,1324,1,4128,California
Mono,2021-02-12,82,5532,17,3940,65,1592,0,0,24,2770,58,1382,24,4152,California
Mono,2021-02-13,593,6125,593,4533,0,1592,0,0,26,2229,567,1949,26,4178,California
Mono,2021-02-15,171,6296,169,4702,2,1594,0,0,4,2067,166,2115,4,4182,California
Mono,2021-02-16,531,6827,528,5230,3,1597,0,0,46,1629,484,2599,46,4228,California
Mono,2021-02-17,5,6832,2,5232,3,1600,0,0,2,1628,3,2602,2,4230,California
Mono,2021-02-18,1,6833,1,5233,0,1600,0,0,1,1629,0,2602,1,4231,California
Mono,2021-02-19,53,6886,52,5285,1,1601,0,0,53,1682,0,2602,53,4284,California
Mono,2021-02-20,4,6890,4,5289,0,1601,0,0,4,1686,0,2602,4,4288,California
Mono,2021-02-21,3,6893,3,5292,0,1601,0,0,3,1689,0,2602,3,4291,California
Mono,2021-02-22,284,7177,283,5575,1,1602,0,0,23,1452,260,2862,23,4314,California
Mono,2021-02-23,134,7311,115,5690,19,1621,0,0,21,1360,113,2975,21,4335,California
Mono,2021-02-24,6,7317,1,5691,5,1626,0,0,1,1356,5,2980,1,4336,California
Mono,2021-02-25,6,7323,3,5694,3,1629,0,0,3,1358,1,2981,3,4339,California
Mono,2021-02-26,603,7926,603,6297,0,1629,0,0,20,795,583,3564,20,4359,California
Mono,2021-02-27,142,8068,138,6435,4,1633,0,0,4,664,135,3699,4,4363,California
Mono,2021-02-28,2,8070,2,6437,0,1633,0,0,1,665,0,3699,1,4364,California
Mono,2021-03-01,1,8071,1,6438,0,1633,0,0,0,665,0,3699,0,4364,California
Mono,2021-03-02,6,8077,4,6442,2,1635,0,0,4,667,2,3701,4,4368,California
Mono,2021-03-03,83,8160,2,6444,81,1716,0,0,79,743,3,3704,79,4447,California
Mono,2021-03-04,6,8166,0,6444,6,1722,0,0,4,745,2,3706,4,4451,California
Mono,2021-03-05,30,8196,25,6469,5,1727,0,0,10,735,20,3726,10,4461,California
Mono,2021-03-06,322,8518,13,6482,309,2036,0,0,318,1050,3,3729,318,4779,California
Mono,2021-03-07,1,8519,0,6482,1,2037,0,0,0,1049,1,3730,0,4779,California
Mono,2021-03-08,454,8973,15,6497,436,2473,3,3,445,1488,9,3739,448,5227,California
Mono,2021-03-09,8,8981,3,6500,4,2477,1,4,5,1492,2,3741,6,5233,California
Mono,2021-03-10,285,9266,93,6593,191,2668,1,5,12,1233,272,4013,13,5246,California
Mono,2021-03-11,12,9278,0,6593,3,2671,9,14,2,1234,10,4023,11,5257,California
Mono,2021-03-12,9,9287,2,6595,2,2673,5,19,0,1230,9,4032,5,5262,California
Mono,2021-03-13,706,9993,335,6930,370,3043,1,20,697,1919,9,4041,698,5960,California
Mono,2021-03-14,4,9997,4,6934,0,3043,0,20,1,1917,3,4044,1,5961,California
Mono,2021-03-15,25,10022,20,6954,2,3045,3,23,12,1919,13,4057,15,5976,California
Mono,2021-03-16,17,10039,7,6961,4,3049,6,29,9,1926,8,4065,15,5991,California
Mono,2021-03-17,21,10060,4,6965,14,3063,3,32,16,1940,5,4070,19,6010,California
Mono,2021-03-18,18,10078,3,6968,8,3071,7,39,8,1945,10,4080,15,6025,California
Mono,2021-03-19,16,10094,1,6969,12,3083,3,42,13,1958,3,4083,16,6041,California
Mono,2021-03-20,3,10097,2,6971,0,3083,1,43,2,1960,1,4084,3,6044,California
Mono,2021-03-21,1,10098,1,6972,0,3083,0,43,1,1961,0,4084,1,6045,California
Mono,2021-03-22,13,10111,1,6973,6,3089,6,49,6,1966,7,4091,12,6057,California
Mono,2021-03-23,40,10151,5,6978,29,3118,6,55,17,1966,23,4114,23,6080,California
Mono,2021-03-24,14,10165,3,6981,7,3125,4,59,9,1974,5,4119,13,6093,California
Mono,2021-03-25,15,10180,1,6982,10,3135,4,63,9,1981,6,4125,13,6106,California
Mono,2021-03-26,22,10202,7,6989,10,3145,5,68,14,1992,8,4133,19,6125,California
Mono,2021-03-27,320,10522,315,7304,5,3150,0,68,296,2265,24,4157,297,6422,California
Mono,2021-03-28,3,10525,2,7306,1,3151,0,68,3,2268,0,4157,3,6425,California
Mono,2021-03-29,10,10535,5,7311,4,3155,1,69,7,2273,3,4160,8,6433,California
Mono,2021-03-30,19,10554,3,7314,12,3167,4,73,13,2284,6,4166,17,6450,California
Mono,2021-03-31,119,10673,8,7322,110,3277,1,74,44,2255,74,4240,45,6495,California
Mono,2021-04-01,8,10681,1,7323,7,3284,0,74,6,2259,2,4242,6,6501,California
Mono,2021-04-02,18,10699,4,7327,13,3297,1,75,11,2264,7,4249,12,6513,California
Mono,2021-04-03,7,10706,5,7332,1,3298,1,76,5,2268,2,4251,6,6519,California
Monterey,2020-12-16,4,4,4,4,0,0,0,0,4,4,0,0,4,4,California
Monterey,2020-12-17,81,85,81,85,0,0,0,0,81,85,0,0,81,85,California
Monterey,2020-12-18,481,566,481,566,0,0,0,0,481,566,0,0,481,566,California
Monterey,2020-12-19,579,1145,579,1145,0,0,0,0,579,1145,0,0,579,1145,California
Monterey,2020-12-20,422,1567,422,1567,0,0,0,0,422,1567,0,0,422,1567,California
Monterey,2020-12-21,721,2288,721,2288,0,0,0,0,721,2288,0,0,721,2288,California
Monterey,2020-12-22,537,2825,524,2812,13,13,0,0,537,2825,0,0,537,2825,California
Monterey,2020-12-23,433,3258,257,3069,176,189,0,0,433,3258,0,0,433,3258,California
Monterey,2020-12-24,82,3340,9,3078,73,262,0,0,82,3340,0,0,82,3340,California
Monterey,2020-12-25,6,3346,0,3078,6,268,0,0,6,3346,0,0,6,3346,California
Monterey,2020-12-26,92,3438,5,3083,87,355,0,0,92,3438,0,0,92,3438,California
Monterey,2020-12-27,6,3444,3,3086,3,358,0,0,6,3444,0,0,6,3444,California
Monterey,2020-12-28,478,3922,26,3112,452,810,0,0,478,3922,0,0,478,3922,California
Monterey,2020-12-29,901,4823,168,3280,733,1543,0,0,901,4823,0,0,901,4823,California
Monterey,2020-12-30,567,5390,97,3377,470,2013,0,0,567,5390,0,0,567,5390,California
Monterey,2020-12-31,34,5424,10,3387,24,2037,0,0,34,5424,0,0,34,5424,California
Monterey,2021-01-01,11,5435,2,3389,9,2046,0,0,11,5435,0,0,11,5435,California
Monterey,2021-01-02,136,5571,133,3522,3,2049,0,0,136,5571,0,0,136,5571,California
Monterey,2021-01-03,30,5601,29,3551,1,2050,0,0,30,5601,0,0,30,5601,California
Monterey,2021-01-04,412,6013,18,3569,394,2444,0,0,412,6013,0,0,412,6013,California
Monterey,2021-01-05,752,6765,326,3895,426,2870,0,0,738,6737,14,14,738,6751,California
Monterey,2021-01-06,654,7419,172,4067,482,3352,0,0,632,7347,22,36,632,7383,California
Monterey,2021-01-07,740,8159,569,4636,171,3523,0,0,418,7445,320,356,418,7801,California
Monterey,2021-01-08,1089,9248,736,5372,353,3876,0,0,395,7146,694,1050,395,8196,California
Monterey,2021-01-09,963,10211,935,6307,28,3904,0,0,313,6809,650,1700,313,8509,California
Monterey,2021-01-10,273,10484,270,6577,3,3907,0,0,7,6550,266,1966,7,8516,California
Monterey,2021-01-11,1062,11546,983,7560,79,3986,0,0,361,6210,701,2667,361,8877,California
Monterey,2021-01-12,463,12009,387,7947,76,4062,0,0,203,6153,260,2927,203,9080,California
Monterey,2021-01-13,1221,13230,592,8539,629,4691,0,0,1176,7284,45,2972,1176,10256,California
Monterey,2021-01-14,1045,14275,92,8631,953,5644,0,0,1027,8296,18,2990,1030,11286,California
Monterey,2021-01-15,1029,15304,39,8670,990,6634,0,0,1018,9303,11,3001,1018,12304,California
Monterey,2021-01-16,366,15670,300,8970,66,6700,0,0,360,9657,6,3007,360,12664,California
Monterey,2021-01-17,313,15983,291,9261,22,6722,0,0,300,9944,13,3020,300,12964,California
Monterey,2021-01-18,402,16385,50,9311,352,7074,0,0,380,10302,22,3042,380,13344,California
Monterey,2021-01-19,572,16957,394,9705,178,7252,0,0,415,10562,155,3197,415,13759,California
Monterey,2021-01-20,528,17485,266,9971,262,7514,0,0,325,10684,203,3400,325,14084,California
Monterey,2021-01-21,840,18325,92,10063,748,8262,0,0,731,11310,109,3509,735,14819,California
Monterey,2021-01-22,1048,19373,191,10254,857,9119,0,0,1009,12280,39,3548,1009,15828,California
Monterey,2021-01-23,236,19609,171,10425,65,9184,0,0,114,12273,121,3669,114,15942,California
Monterey,2021-01-24,58,19667,38,10463,20,9204,0,0,23,12261,35,3704,23,15965,California
Monterey,2021-01-25,779,20446,172,10635,607,9811,0,0,152,11795,620,4324,154,16119,California
Monterey,2021-01-26,920,21366,219,10854,701,10512,0,0,230,11335,690,5014,230,16349,California
Monterey,2021-01-27,856,22222,305,11159,551,11063,0,0,375,11229,481,5495,375,16724,California
Monterey,2021-01-28,2011,24233,740,11899,1271,12334,0,0,1671,12560,340,5835,1671,18395,California
Monterey,2021-01-29,1226,25459,706,12605,520,12854,0,0,1113,13562,112,5947,1114,19509,California
Monterey,2021-01-30,428,25887,281,12886,147,13001,0,0,180,13494,248,6195,180,19689,California
Monterey,2021-01-31,497,26384,74,12960,423,13424,0,0,484,13966,13,6208,485,20174,California
Monterey,2021-02-01,1656,28040,1145,14105,511,13935,0,0,1093,14497,562,6770,1093,21267,California
Monterey,2021-02-02,2143,30183,451,14556,1692,15627,0,0,1539,15432,604,7374,1539,22806,California
Monterey,2021-02-03,2325,32508,1048,15604,1277,16904,0,0,1552,16214,771,8145,1553,24359,California
Monterey,2021-02-04,2697,35205,2018,17622,679,17583,0,0,2438,18395,257,8402,2438,26797,California
Monterey,2021-02-05,3640,38845,2823,20445,817,18400,0,0,3210,21180,425,8827,3210,30007,California
Monterey,2021-02-06,1095,39940,380,20825,715,19115,0,0,751,21588,343,9170,751,30758,California
Monterey,2021-02-07,316,40256,272,21097,44,19159,0,0,95,21462,221,9391,95,30853,California
Monterey,2021-02-08,514,40770,287,21384,227,19386,0,0,430,21808,84,9475,430,31283,California
Monterey,2021-02-09,860,41630,681,22065,179,19565,0,0,550,22050,310,9785,552,31835,California
Monterey,2021-02-10,2010,43640,1040,23105,970,20535,0,0,1158,22356,852,10637,1158,32993,California
Monterey,2021-02-11,2491,46131,964,24069,1527,22062,0,0,1536,22952,953,11590,1549,34542,California
Monterey,2021-02-12,2584,48715,423,24492,2161,24223,0,0,1522,23414,1061,12651,1523,36065,California
Monterey,2021-02-13,1062,49777,44,24536,1018,25241,0,0,974,24300,88,12739,974,37039,California
Monterey,2021-02-14,585,50362,72,24608,513,25754,0,0,512,24739,73,12812,512,37551,California
Monterey,2021-02-15,1344,51706,139,24747,1205,26959,0,0,974,25344,369,13181,974,38525,California
Monterey,2021-02-16,1090,52796,245,24992,845,27804,0,0,869,25993,221,13402,870,39395,California
Monterey,2021-02-17,1902,54698,1139,26131,763,28567,0,0,1612,27318,288,13690,1613,41008,California
Monterey,2021-02-18,2200,56898,1164,27295,1036,29603,0,0,891,26919,1299,14989,900,41908,California
Monterey,2021-02-19,2928,59826,1533,28828,1395,30998,0,0,1342,26676,1585,16574,1342,43250,California
Monterey,2021-02-20,1000,60826,609,29437,391,31389,0,0,948,27573,51,16625,948,44198,California
Monterey,2021-02-21,1214,62040,1186,30623,28,31417,0,0,1163,28686,50,16675,1163,45361,California
Monterey,2021-02-22,938,62978,808,31431,130,31547,0,0,633,29015,304,16979,633,45994,California
Monterey,2021-02-23,948,63926,619,32050,329,31876,0,0,304,28675,644,17623,304,46298,California
Monterey,2021-02-24,2417,66343,1274,33324,1143,33019,0,0,1809,29882,604,18227,1811,48109,California
Monterey,2021-02-25,4313,70656,2386,35710,1927,34946,0,0,1424,28443,2884,21111,1445,49554,California
Monterey,2021-02-26,5229,75885,3086,38796,2143,37089,0,0,2605,28437,2620,23731,2614,52168,California
Monterey,2021-02-27,981,76866,170,38966,811,37900,0,0,794,29048,183,23914,794,52962,California
Monterey,2021-02-28,1520,78386,79,39045,1441,39341,0,0,1060,29652,456,24370,1060,54022,California
Monterey,2021-03-01,1271,79657,137,39182,1131,40472,3,3,739,29864,530,24900,742,54764,California
Monterey,2021-03-02,2700,82357,1708,40890,992,41464,0,3,1858,30885,837,25737,1858,56622,California
Monterey,2021-03-03,3015,85372,1214,42104,1801,43265,0,3,1134,30193,1877,27614,1185,57807,California
Monterey,2021-03-04,4427,89799,1411,43515,3016,46281,0,3,2933,31647,1491,29105,2945,60752,California
Monterey,2021-03-05,3058,92857,1317,44832,1484,47765,257,260,2460,33770,596,29701,2719,63471,California
Monterey,2021-03-06,4242,97099,622,45454,3382,51147,238,498,3410,36589,830,30531,3649,67120,California
Monterey,2021-03-07,499,97598,110,45564,163,51310,226,724,229,36775,269,30800,455,67575,California
Monterey,2021-03-08,1533,99131,318,45882,890,52200,325,1049,1055,37681,478,31278,1384,68959,California
Monterey,2021-03-09,1880,101011,686,46568,931,53131,263,1312,1404,38873,476,31754,1668,70627,California
Monterey,2021-03-10,2767,103778,860,47428,1492,54623,415,1727,1302,39137,1461,33215,1725,72352,California
Monterey,2021-03-11,3976,107754,1388,48816,2238,56861,350,2077,2259,40036,1711,34926,2610,74962,California
Monterey,2021-03-12,3747,111501,1815,50631,1838,58699,94,2171,2292,40968,1453,36379,2385,77347,California
Monterey,2021-03-13,3929,115430,940,51571,2648,61347,341,2512,2898,43180,1031,37410,3243,80590,California
Monterey,2021-03-14,1730,117160,1292,52863,414,61761,24,2536,382,42247,1340,38750,407,80997,California
Monterey,2021-03-15,3878,121038,1258,54121,2336,64097,284,2820,2204,43065,1671,40421,2489,83486,California
Monterey,2021-03-16,3386,124424,557,54678,2472,66569,357,3177,1999,44035,1386,41807,2356,85842,California
Monterey,2021-03-17,5504,129928,2244,56922,3014,69583,246,3423,3992,46773,1506,43313,4244,90086,California
Monterey,2021-03-18,3607,133535,1824,58746,1648,71231,135,3558,2475,48297,1127,44440,2651,92737,California
Monterey,2021-03-19,4349,137884,2205,60951,2025,73256,119,3677,3259,50591,1085,45525,3379,96116,California
Monterey,2021-03-20,2168,140052,354,61305,1394,74650,420,4097,1482,51812,681,46206,1902,98018,California
Monterey,2021-03-21,593,140645,193,61498,383,75033,17,4114,525,52287,67,46273,542,98560,California
Monterey,2021-03-22,2397,143042,1403,62901,935,75968,59,4173,2201,54356,191,46464,2260,100820,California
Monterey,2021-03-23,3916,146958,2330,65231,1543,77511,43,4216,2476,55443,1432,47896,2519,103339,California
Monterey,2021-03-24,4841,151799,2026,67257,2517,80028,298,4514,3545,57998,1289,49185,3844,107183,California
Monterey,2021-03-25,5063,156862,1206,68463,3499,83527,358,4872,2555,58420,2498,51683,2920,110103,California
Monterey,2021-03-26,5189,162051,2527,70990,2596,86123,66,4938,2796,58980,2385,54068,2945,113048,California
Monterey,2021-03-27,3856,165907,1356,72346,2243,88366,257,5195,2201,60166,1653,55721,2839,115887,California
Monterey,2021-03-28,1044,166951,334,72680,700,89066,10,5205,609,60354,432,56153,620,116507,California
Monterey,2021-03-29,3156,170107,1427,74107,1712,90778,17,5222,1940,61110,1209,57362,1965,118472,California
Monterey,2021-03-30,4389,174496,2103,76210,2247,93025,39,5261,2703,62187,1677,59039,2754,121226,California
Monterey,2021-03-31,5065,179561,2338,78548,1950,94975,777,6038,3249,64424,1814,60853,4051,125277,California
Monterey,2021-04-01,5870,185431,1992,80540,3494,98469,384,6422,2928,64834,2933,63786,3343,128620,California
Monterey,2021-04-02,4240,189671,1887,82427,2306,100775,47,6469,2916,66530,1321,65107,3017,131637,California
Monterey,2021-04-03,3213,192884,808,83235,2382,103157,23,6492,350,64140,2824,67931,434,132071,California
Napa,2020-12-16,12,12,12,12,0,0,0,0,12,12,0,0,12,12,California
Napa,2020-12-17,44,56,44,56,0,0,0,0,44,56,0,0,44,56,California
Napa,2020-12-18,103,159,103,159,0,0,0,0,103,159,0,0,103,159,California
Napa,2020-12-19,221,380,221,380,0,0,0,0,221,380,0,0,221,380,California
Napa,2020-12-20,190,570,190,570,0,0,0,0,190,570,0,0,190,570,California
Napa,2020-12-21,307,877,307,877,0,0,0,0,308,878,0,0,308,878,California
Napa,2020-12-22,336,1213,327,1204,9,9,0,0,336,1214,0,0,336,1214,California
Napa,2020-12-23,428,1641,319,1523,109,118,0,0,428,1642,0,0,428,1642,California
Napa,2020-12-24,138,1779,77,1600,61,179,0,0,138,1780,0,0,138,1780,California
Napa,2020-12-25,1,1780,1,1601,0,179,0,0,1,1781,0,0,1,1781,California
Napa,2020-12-26,39,1819,11,1612,28,207,0,0,39,1820,0,0,39,1820,California
Napa,2020-12-27,32,1851,16,1628,16,223,0,0,32,1852,0,0,32,1852,California
Napa,2020-12-28,249,2100,184,1812,65,288,0,0,277,2129,0,0,277,2129,California
Napa,2020-12-29,271,2371,213,2025,58,346,0,0,305,2434,0,0,305,2434,California
Napa,2020-12-30,636,3007,490,2515,146,492,0,0,644,3078,0,0,644,3078,California
Napa,2020-12-31,466,3473,378,2893,88,580,0,0,466,3544,0,0,466,3544,California
Napa,2021-01-01,1,3474,1,2894,0,580,0,0,1,3545,0,0,1,3545,California
Napa,2021-01-02,100,3574,95,2989,5,585,0,0,100,3645,0,0,100,3645,California
Napa,2021-01-03,12,3586,10,2999,2,587,0,0,9,3654,0,0,9,3654,California
Napa,2021-01-04,105,3691,62,3061,43,630,0,0,105,3759,0,0,105,3759,California
Napa,2021-01-05,152,3843,85,3146,67,697,0,0,135,3870,24,24,135,3894,California
Napa,2021-01-06,455,4298,114,3260,341,1038,0,0,391,4199,62,86,391,4285,California
Napa,2021-01-07,484,4782,223,3483,261,1299,0,0,384,4484,99,185,384,4669,California
Napa,2021-01-08,442,5224,227,3710,215,1514,0,0,262,4567,179,364,262,4931,California
Napa,2021-01-09,305,5529,279,3989,26,1540,0,0,167,4596,138,502,167,5098,California
Napa,2021-01-10,185,5714,101,4090,84,1624,0,0,110,4631,75,577,110,5208,California
Napa,2021-01-11,875,6589,417,4507,458,2082,0,0,507,4770,368,945,507,5715,California
Napa,2021-01-12,1301,7890,371,4878,930,3012,0,0,986,5441,315,1260,986,6701,California
Napa,2021-01-13,1299,9189,260,5138,1039,4051,0,0,1140,6424,158,1418,1141,7842,California
Napa,2021-01-14,1050,10239,174,5312,876,4927,0,0,932,7240,116,1534,932,8774,California
Napa,2021-01-15,1450,11689,381,5693,1069,5996,0,0,1300,8383,158,1692,1301,10075,California
Napa,2021-01-16,357,12046,137,5830,220,6216,0,0,339,8704,18,1710,339,10414,California
Napa,2021-01-17,339,12385,176,6006,163,6379,0,0,330,9025,9,1719,330,10744,California
Napa,2021-01-18,1076,13461,194,6200,882,7261,0,0,984,9917,92,1811,984,11728,California
Napa,2021-01-19,1009,14470,404,6604,605,7866,0,0,769,10448,239,2050,770,12498,California
Napa,2021-01-20,823,15293,183,6787,640,8506,0,0,643,10913,178,2228,643,13141,California
Napa,2021-01-21,1339,16632,382,7169,957,9463,0,0,1079,11733,259,2487,1079,14220,California
Napa,2021-01-22,1500,18132,416,7585,1084,10547,0,0,1168,12571,331,2818,1169,15389,California
Napa,2021-01-23,395,18527,315,7900,80,10627,0,0,334,12844,61,2879,334,15723,California
Napa,2021-01-24,274,18801,198,8098,76,10703,0,0,216,13002,58,2937,216,15939,California
Napa,2021-01-25,1517,20318,230,8328,1287,11990,0,0,1428,14341,89,3026,1428,17367,California
Napa,2021-01-26,869,21187,277,8605,592,12582,0,0,775,15023,94,3120,776,18143,California
Napa,2021-01-27,622,21809,218,8823,404,12986,0,0,465,15332,156,3276,465,18608,California
Napa,2021-01-28,375,22184,164,8987,211,13197,0,0,195,15348,179,3455,195,18803,California
Napa,2021-01-29,252,22436,64,9051,188,13385,0,0,157,15410,95,3550,157,18960,California
Napa,2021-01-30,789,23225,680,9731,109,13494,0,0,646,15913,143,3693,646,19606,California
Napa,2021-01-31,653,23878,623,10354,30,13524,0,0,627,16514,26,3719,627,20233,California
Napa,2021-02-01,313,24191,110,10464,203,13727,0,0,160,16522,152,3871,160,20393,California
Napa,2021-02-02,584,24775,276,10740,308,14035,0,0,286,16512,296,4167,286,20679,California
Napa,2021-02-03,730,25505,310,11050,420,14455,0,0,424,16630,306,4473,424,21103,California
Napa,2021-02-04,787,26292,371,11421,416,14871,0,0,441,16728,343,4816,441,21544,California
Napa,2021-02-05,704,26996,314,11735,390,15261,0,0,337,16698,367,5183,337,21881,California
Napa,2021-02-06,430,27426,142,11877,288,15549,0,0,325,16918,105,5288,325,22206,California
Napa,2021-02-07,179,27605,166,12043,13,15562,0,0,75,16889,104,5392,75,22281,California
Napa,2021-02-08,835,28440,188,12231,647,16209,0,0,270,16597,563,5955,271,22552,California
Napa,2021-02-09,1073,29513,439,12670,634,16843,0,0,434,16392,639,6594,434,22986,California
Napa,2021-02-10,1676,31189,190,12860,1486,18329,0,0,448,15615,1225,7819,448,23434,California
Napa,2021-02-11,1498,32687,194,13054,1304,19633,0,0,414,14955,1075,8894,415,23849,California
Napa,2021-02-12,2156,34843,840,13894,1316,20949,0,0,721,14244,1432,10326,721,24570,California
Napa,2021-02-13,490,35333,51,13945,439,21388,0,0,313,14380,177,10503,313,24883,California
Napa,2021-02-14,321,35654,58,14003,263,21651,0,0,161,14381,160,10663,161,25044,California
Napa,2021-02-15,884,36538,188,14191,696,22347,0,0,227,13954,654,11317,227,25271,California
Napa,2021-02-16,1291,37829,598,14789,693,23040,0,0,617,13898,673,11990,617,25888,California
Napa,2021-02-17,1042,38871,525,15314,517,23557,0,0,473,13804,568,12558,474,26362,California
Napa,2021-02-18,1895,40766,481,15795,1414,24971,0,0,663,13237,1230,13788,663,27025,California
Napa,2021-02-19,1427,42193,583,16378,844,25815,0,0,674,13159,752,14540,674,27699,California
Napa,2021-02-20,820,43013,588,16966,232,26047,0,0,278,12895,542,15082,278,27977,California
Napa,2021-02-21,795,43808,734,17700,61,26108,0,0,196,12492,599,15681,196,28173,California
Napa,2021-02-22,438,44246,184,17884,254,26362,0,0,137,12328,301,15982,137,28310,California
Napa,2021-02-23,1097,45343,295,18179,802,27164,0,0,306,11843,791,16773,306,28616,California
Napa,2021-02-24,1151,46494,628,18807,523,27687,0,0,569,11833,580,17353,570,29186,California
Napa,2021-02-25,2501,48995,1204,20011,1297,28984,0,0,1794,12923,705,18058,1795,30981,California
Napa,2021-02-26,1486,50481,517,20528,969,29953,0,0,580,12599,904,18962,580,31561,California
Napa,2021-02-27,1046,51527,356,20884,690,30643,0,0,796,13148,247,19209,796,32357,California
Napa,2021-02-28,562,52089,460,21344,102,30745,0,0,458,13505,101,19310,458,32815,California
Napa,2021-03-01,1092,53181,811,22155,281,31026,0,0,830,14074,261,19571,830,33645,California
Napa,2021-03-02,1458,54639,1011,23166,447,31473,0,0,1125,14868,332,19903,1126,34771,California
Napa,2021-03-03,1384,56023,637,23803,747,32220,0,0,1218,15922,165,20068,1219,35990,California
Napa,2021-03-04,1531,57554,647,24450,884,33104,0,0,1317,17028,212,20280,1318,37308,California
Napa,2021-03-05,1752,59306,692,25142,1055,34159,5,5,1362,18008,388,20668,1368,38676,California
Napa,2021-03-06,583,59889,251,25393,303,34462,29,34,481,18417,101,20769,510,39186,California
Napa,2021-03-07,473,60362,275,25668,182,34644,16,50,363,18687,109,20878,379,39565,California
Napa,2021-03-08,672,61034,314,25982,318,34962,40,90,510,19077,160,21038,550,40115,California
Napa,2021-03-09,1585,62619,573,26555,969,35931,43,133,1161,19861,421,21459,1205,41320,California
Napa,2021-03-10,1425,64044,893,27448,436,36367,96,229,724,19984,698,22157,821,42141,California
Napa,2021-03-11,1781,65825,1035,28483,634,37001,112,341,897,20110,883,23040,1009,43150,California
Napa,2021-03-12,1385,67210,851,29334,452,37453,82,423,740,20290,644,23684,824,43974,California
Napa,2021-03-13,1049,68259,280,29614,745,38198,24,447,784,20834,265,23949,809,44783,California
Napa,2021-03-14,542,68801,310,29924,92,38290,140,587,206,20845,335,24284,346,45129,California
Napa,2021-03-15,937,69738,397,30321,471,38761,69,656,470,20920,464,24748,539,45668,California
Napa,2021-03-16,1716,71454,388,30709,1203,39964,125,781,1259,21851,454,25202,1385,47053,California
Napa,2021-03-17,2214,73668,1637,32346,437,40401,140,921,1401,22579,813,26015,1541,48594,California
Napa,2021-03-18,1598,75266,691,33037,897,41298,10,931,974,22941,622,26637,984,49578,California
Napa,2021-03-19,1120,76386,647,33684,453,41751,20,951,573,22989,545,27182,593,50171,California
Napa,2021-03-20,756,77142,345,34029,262,42013,149,1100,323,23028,433,27615,472,50643,California
Napa,2021-03-21,693,77835,667,34696,24,42037,2,1102,347,23033,344,27959,349,50992,California
Napa,2021-03-22,1059,78894,881,35577,167,42204,11,1113,462,22915,595,28554,477,51469,California
Napa,2021-03-23,1478,80372,819,36396,646,42850,13,1126,984,23423,492,29046,1000,52469,California
Napa,2021-03-24,1681,82053,928,37324,744,43594,9,1135,812,23410,867,29913,854,53323,California
Napa,2021-03-25,1547,83600,1048,38372,490,44084,9,1144,733,23455,814,30727,859,54182,California
Napa,2021-03-26,1226,84826,791,39163,429,44513,6,1150,538,23379,684,31411,608,54790,California
Napa,2021-03-27,875,85701,421,39584,426,44939,28,1178,301,23167,574,31985,362,55152,California
Napa,2021-03-28,470,86171,363,39947,101,45040,6,1184,171,23046,299,32284,178,55330,California
Napa,2021-03-29,1142,87313,840,40787,295,45335,7,1191,693,23308,447,32731,709,56039,California
Napa,2021-03-30,1678,88991,906,41693,766,46101,6,1197,913,23489,764,33495,945,56984,California
Napa,2021-03-31,1928,90919,949,42642,914,47015,65,1262,824,23339,1101,34596,951,57935,California
Napa,2021-04-01,1603,92522,766,43408,721,47736,116,1378,421,22739,1179,35775,579,58514,California
Napa,2021-04-02,1228,93750,673,44081,416,48152,139,1517,394,22481,831,36606,573,59087,California
Napa,2021-04-03,380,94130,273,44354,75,48227,32,1549,116,22372,264,36870,155,59242,California
Nevada,2020-12-16,3,3,3,3,0,0,0,0,3,3,0,0,3,3,California
Nevada,2020-12-17,6,9,6,9,0,0,0,0,6,9,0,0,6,9,California
Nevada,2020-12-18,51,60,51,60,0,0,0,0,51,60,0,0,51,60,California
Nevada,2020-12-19,55,115,55,115,0,0,0,0,55,115,0,0,55,115,California
Nevada,2020-12-20,12,127,12,127,0,0,0,0,12,127,0,0,12,127,California
Nevada,2020-12-21,69,196,69,196,0,0,0,0,69,196,0,0,69,196,California
Nevada,2020-12-22,91,287,89,285,2,2,0,0,91,287,0,0,91,287,California
Nevada,2020-12-23,234,521,202,487,32,34,0,0,234,521,0,0,234,521,California
Nevada,2020-12-24,15,536,12,499,3,37,0,0,15,536,0,0,15,536,California
Nevada,2020-12-25,2,538,2,501,0,37,0,0,2,538,0,0,2,538,California
Nevada,2020-12-26,5,543,3,504,2,39,0,0,5,543,0,0,5,543,California
Nevada,2020-12-27,88,631,88,592,0,39,0,0,88,631,0,0,88,631,California
Nevada,2020-12-28,170,801,93,685,77,116,0,0,170,801,0,0,170,801,California
Nevada,2020-12-29,101,902,75,760,26,142,0,0,101,902,0,0,101,902,California
Nevada,2020-12-30,85,987,66,826,19,161,0,0,85,987,0,0,85,987,California
Nevada,2020-12-31,39,1026,9,835,30,191,0,0,39,1026,0,0,39,1026,California
Nevada,2021-01-01,1,1027,0,835,1,192,0,0,1,1027,0,0,1,1027,California
Nevada,2021-01-02,1,1028,1,836,0,192,0,0,1,1028,0,0,1,1028,California
Nevada,2021-01-03,129,1157,126,962,3,195,0,0,129,1157,0,0,129,1157,California
Nevada,2021-01-04,71,1228,47,1009,24,219,0,0,71,1228,0,0,71,1228,California
Nevada,2021-01-05,272,1500,130,1139,142,361,0,0,271,1498,1,1,271,1499,California
Nevada,2021-01-06,93,1593,44,1183,49,410,0,0,85,1575,8,9,85,1584,California
Nevada,2021-01-07,217,1810,43,1226,174,584,0,0,209,1779,6,15,210,1794,California
Nevada,2021-01-08,221,2031,127,1353,94,678,0,0,170,1898,51,66,170,1964,California
Nevada,2021-01-09,63,2094,56,1409,7,685,0,0,15,1865,48,114,15,1979,California
Nevada,2021-01-10,17,2111,9,1418,8,693,0,0,9,1866,8,122,9,1988,California
Nevada,2021-01-11,183,2294,130,1548,53,746,0,0,56,1795,127,249,56,2044,California
Nevada,2021-01-12,606,2900,458,2006,148,894,0,0,538,2265,68,317,538,2582,California
Nevada,2021-01-13,257,3157,144,2150,113,1007,0,0,122,2252,135,452,122,2704,California
Nevada,2021-01-14,229,3386,123,2273,106,1113,0,0,211,2446,17,469,211,2915,California
Nevada,2021-01-15,394,3780,170,2443,224,1337,0,0,296,2644,98,567,296,3211,California
Nevada,2021-01-16,292,4072,13,2456,279,1616,0,0,289,2930,3,570,289,3500,California
Nevada,2021-01-17,36,4108,32,2488,4,1620,0,0,33,2960,3,573,33,3533,California
Nevada,2021-01-18,148,4256,40,2528,108,1728,0,0,138,3088,10,583,138,3671,California
Nevada,2021-01-19,232,4488,83,2611,149,1877,0,0,213,3282,19,602,213,3884,California
Nevada,2021-01-20,258,4746,152,2763,106,1983,0,0,245,3514,13,615,245,4129,California
Nevada,2021-01-21,336,5082,207,2970,129,2112,0,0,323,3824,13,628,323,4452,California
Nevada,2021-01-22,341,5423,209,3179,132,2244,0,0,310,4103,31,659,310,4762,California
Nevada,2021-01-23,172,5595,104,3283,68,2312,0,0,172,4275,0,659,172,4934,California
Nevada,2021-01-24,105,5700,98,3381,7,2319,0,0,66,4302,39,698,66,5000,California
Nevada,2021-01-25,264,5964,136,3517,128,2447,0,0,203,4444,61,759,203,5203,California
Nevada,2021-01-26,397,6361,141,3658,256,2703,0,0,295,4637,102,861,295,5498,California
Nevada,2021-01-27,407,6768,241,3899,166,2869,0,0,383,4996,24,885,383,5881,California
Nevada,2021-01-28,458,7226,311,4210,147,3016,0,0,417,5372,41,926,417,6298,California
Nevada,2021-01-29,594,7820,391,4601,203,3219,0,0,572,5923,22,948,573,6871,California
Nevada,2021-01-30,231,8051,103,4704,128,3347,0,0,228,6148,3,951,228,7099,California
Nevada,2021-01-31,101,8152,85,4789,16,3363,0,0,101,6249,0,951,101,7200,California
Nevada,2021-02-01,292,8444,71,4860,221,3584,0,0,278,6513,14,965,278,7478,California
Nevada,2021-02-02,516,8960,172,5032,344,3928,0,0,321,6639,195,1160,321,7799,California
Nevada,2021-02-03,805,9765,566,5598,239,4167,0,0,752,7339,52,1212,752,8551,California
Nevada,2021-02-04,748,10513,400,5998,348,4515,0,0,500,7592,247,1459,500,9051,California
Nevada,2021-02-05,644,11157,363,6361,281,4796,0,0,455,7860,187,1646,455,9506,California
Nevada,2021-02-06,273,11430,85,6446,188,4984,0,0,246,8079,27,1673,246,9752,California
Nevada,2021-02-07,245,11675,189,6635,56,5040,0,0,191,8216,54,1727,191,9943,California
Nevada,2021-02-08,649,12324,410,7045,239,5279,0,0,551,8669,98,1825,551,10494,California
Nevada,2021-02-09,604,12928,339,7384,265,5544,0,0,466,8997,138,1963,466,10960,California
Nevada,2021-02-10,643,13571,321,7705,322,5866,0,0,414,9183,229,2192,415,11375,California
Nevada,2021-02-11,866,14437,505,8210,361,6227,0,0,538,9394,327,2519,538,11913,California
Nevada,2021-02-12,921,15358,431,8641,490,6717,0,0,608,9690,312,2831,608,12521,California
Nevada,2021-02-13,587,15945,232,8873,355,7072,0,0,385,9878,198,3029,386,12907,California
Nevada,2021-02-14,224,16169,117,8990,107,7179,0,0,194,10043,30,3059,195,13102,California
Nevada,2021-02-15,711,16880,444,9434,267,7446,0,0,544,10420,167,3226,544,13646,California
Nevada,2021-02-16,614,17494,199,9633,415,7861,0,0,455,10717,158,3384,455,14101,California
Nevada,2021-02-17,1178,18672,761,10394,417,8278,0,0,863,11265,315,3699,863,14964,California
Nevada,2021-02-18,998,19670,550,10944,448,8726,0,0,600,11469,396,4095,600,15564,California
Nevada,2021-02-19,1002,20672,630,11574,372,9098,0,0,648,11764,354,4449,649,16213,California
Nevada,2021-02-20,290,20962,101,11675,189,9287,0,0,170,11815,119,4568,170,16383,California
Nevada,2021-02-21,89,21051,83,11758,6,9293,0,0,12,11750,77,4645,12,16395,California
Nevada,2021-02-22,495,21546,329,12087,166,9459,0,0,349,11954,145,4790,349,16744,California
Nevada,2021-02-23,445,21991,200,12287,245,9704,0,0,205,11922,237,5027,205,16949,California
Nevada,2021-02-24,477,22468,240,12527,237,9941,0,0,253,11953,224,5251,255,17204,California
Nevada,2021-02-25,846,23314,462,12989,384,10325,0,0,417,11943,427,5678,417,17621,California
Nevada,2021-02-26,1228,24542,885,13874,343,10668,0,0,410,11538,815,6493,410,18031,California
Nevada,2021-02-27,345,24887,110,13984,235,10903,0,0,173,11540,172,6665,174,18205,California
Nevada,2021-02-28,256,25143,144,14128,112,11015,0,0,120,11524,136,6801,120,18325,California
Nevada,2021-03-01,808,25951,422,14550,386,11401,0,0,343,11403,464,7265,343,18668,California
Nevada,2021-03-02,685,26636,255,14805,430,11831,0,0,470,11663,211,7476,471,19139,California
Nevada,2021-03-03,901,27537,478,15283,423,12254,0,0,440,11643,460,7936,440,19579,California
Nevada,2021-03-04,1078,28615,605,15888,473,12727,0,0,446,11460,629,8565,446,20025,California
Nevada,2021-03-05,750,29365,406,16294,334,13061,10,10,331,11384,417,8982,341,20366,California
Nevada,2021-03-06,332,29697,113,16407,193,13254,26,36,122,11322,210,9192,148,20514,California
Nevada,2021-03-07,204,29901,108,16515,76,13330,20,56,62,11262,141,9333,81,20595,California
Nevada,2021-03-08,789,30690,534,17049,212,13542,43,99,345,11208,443,9776,389,20984,California
Nevada,2021-03-09,639,31329,302,17351,291,13833,46,145,351,11317,287,10063,396,21380,California
Nevada,2021-03-10,897,32226,581,17932,279,14112,37,182,286,11033,608,10671,324,21704,California
Nevada,2021-03-11,1034,33260,662,18594,345,14457,27,209,496,11023,533,11204,523,22227,California
Nevada,2021-03-12,1024,34284,661,19255,329,14786,34,243,415,10865,608,11812,450,22677,California
Nevada,2021-03-13,221,34505,54,19309,160,14946,7,250,97,10847,123,11935,105,22782,California
Nevada,2021-03-14,99,34604,19,19328,77,15023,3,253,23,10797,76,12011,26,22808,California
Nevada,2021-03-15,819,35423,439,19767,370,15393,10,263,333,10656,484,12495,343,23151,California
Nevada,2021-03-16,943,36366,434,20201,455,15848,54,317,604,10976,338,12833,658,23809,California
Nevada,2021-03-17,983,37349,424,20625,549,16397,10,327,552,11110,428,13261,562,24371,California
Nevada,2021-03-18,822,38171,453,21078,348,16745,21,348,396,11106,422,13683,418,24789,California
Nevada,2021-03-19,564,38735,333,21411,201,16946,30,378,250,11072,314,13997,280,25069,California
Nevada,2021-03-20,528,39263,82,21493,172,17118,274,652,142,11105,381,14378,414,25483,California
Nevada,2021-03-21,65,39328,33,21526,31,17149,1,653,46,11134,18,14396,47,25530,California
Nevada,2021-03-22,766,40094,488,22014,274,17423,4,657,512,11398,252,14648,516,26046,California
Nevada,2021-03-23,825,40919,381,22395,419,17842,25,682,622,11846,200,14848,648,26694,California
Nevada,2021-03-24,965,41884,520,22915,437,18279,8,690,604,12101,357,15205,612,27306,California
Nevada,2021-03-25,865,42749,430,23345,412,18691,23,713,475,12211,390,15595,500,27806,California
Nevada,2021-03-26,1069,43818,409,23754,629,19320,31,744,769,12719,298,15893,806,28612,California
Nevada,2021-03-27,544,44362,69,23823,460,19780,15,759,377,12948,166,16059,395,29007,California
Nevada,2021-03-28,168,44530,49,23872,108,19888,11,770,41,12874,126,16185,52,29059,California
Nevada,2021-03-29,788,45318,479,24351,285,20173,24,794,367,12847,419,16604,392,29451,California
Nevada,2021-03-30,1039,46357,475,24826,532,20705,32,826,548,12943,486,17090,582,30033,California
Nevada,2021-03-31,1122,47479,630,25456,474,21179,18,844,690,13239,424,17514,720,30753,California
Nevada,2021-04-01,1161,48640,681,26137,428,21607,52,896,512,13172,644,18158,577,31330,California
Nevada,2021-04-02,1167,49807,611,26748,519,22126,37,933,697,13444,469,18627,741,32071,California
Nevada,2021-04-03,120,49927,24,26772,71,22197,25,958,28,13405,92,18719,53,32124,California
Orange,2020-12-15,16,16,16,16,0,0,0,0,16,16,0,0,16,16,California
Orange,2020-12-16,365,381,365,381,0,0,0,0,365,381,0,0,365,381,California
Orange,2020-12-17,3712,4093,3712,4093,0,0,0,0,3711,4092,0,0,3711,4092,California
Orange,2020-12-18,5007,9100,5000,9093,7,7,0,0,5005,9097,0,0,5005,9097,California
Orange,2020-12-19,2196,11296,2189,11282,7,14,0,0,2195,11292,0,0,2195,11292,California
Orange,2020-12-20,1963,13259,1962,13244,1,15,0,0,1964,13256,0,0,1964,13256,California
Orange,2020-12-21,4218,17477,4212,17456,6,21,0,0,4218,17474,0,0,4218,17474,California
Orange,2020-12-22,3962,21439,3929,21385,33,54,0,0,3962,21436,0,0,3962,21436,California
Orange,2020-12-23,3538,24977,3189,24574,349,403,0,0,3540,24976,0,0,3540,24976,California
Orange,2020-12-24,1371,26348,1073,25647,298,701,0,0,1371,26347,0,0,1371,26347,California
Orange,2020-12-25,15,26363,10,25657,5,706,0,0,15,26362,0,0,15,26362,California
Orange,2020-12-26,1052,27415,422,26079,630,1336,0,0,1052,27414,0,0,1052,27414,California
Orange,2020-12-27,582,27997,275,26354,307,1643,0,0,582,27996,0,0,582,27996,California
Orange,2020-12-28,3532,31529,2563,28917,969,2612,0,0,3532,31528,0,0,3532,31528,California
Orange,2020-12-29,3553,35082,2560,31477,993,3605,0,0,3553,35081,0,0,3553,35081,California
Orange,2020-12-30,5105,40187,3549,35026,1556,5161,0,0,5105,40186,0,0,5105,40186,California
Orange,2020-12-31,1452,41639,757,35783,695,5856,0,0,1452,41638,0,0,1452,41638,California
Orange,2021-01-01,429,42068,239,36022,190,6046,0,0,428,42065,1,1,428,42066,California
Orange,2021-01-02,1402,43470,897,36919,505,6551,0,0,1402,43467,0,1,1402,43468,California
Orange,2021-01-03,561,44031,309,37228,252,6803,0,0,561,44028,0,1,561,44029,California
Orange,2021-01-04,2683,46714,1552,38780,1131,7934,0,0,2684,46711,1,2,2684,46713,California
Orange,2021-01-05,3491,50205,2284,41064,1207,9141,0,0,3080,49390,404,406,3083,49796,California
Orange,2021-01-06,4958,55163,3449,44513,1509,10650,0,0,3593,51631,1352,1758,3593,53389,California
Orange,2021-01-07,9199,64362,5128,49641,4071,14721,0,0,5649,53749,3537,5295,5655,59044,California
Orange,2021-01-08,9352,73714,5215,54856,4137,18858,0,0,5630,55670,3712,9007,5633,64677,California
Orange,2021-01-09,4963,78677,1725,56581,3238,22096,0,0,3689,58087,1273,10280,3690,68367,California
Orange,2021-01-10,4223,82900,1033,57614,3190,25286,0,0,3348,60565,874,11154,3352,71719,California
Orange,2021-01-11,9351,92251,4859,62473,4492,29778,0,0,5756,62724,3598,14752,5757,77476,California
Orange,2021-01-12,8740,100991,4702,67175,4038,33816,0,0,5284,64557,3452,18204,5285,82761,California
Orange,2021-01-13,10166,111157,4860,72035,5306,39122,0,0,6989,68380,3174,21378,6997,89758,California
Orange,2021-01-14,9877,121034,3757,75792,6120,45242,0,0,8295,75100,1580,22958,8300,98058,California
Orange,2021-01-15,10063,131097,2593,78385,7470,52712,0,0,9191,83417,879,23837,9196,107254,California
Orange,2021-01-16,8668,139765,2080,80465,6588,59300,0,0,8288,91329,380,24217,8292,115546,California
Orange,2021-01-17,8139,147904,1488,81953,6651,65951,0,0,7995,99188,143,24360,8002,123548,California
Orange,2021-01-18,9727,157631,4448,86401,5279,71230,0,0,7493,104446,2237,26597,7495,131043,California
Orange,2021-01-19,7435,165066,5395,91796,2040,73270,0,0,4813,106640,2623,29220,4817,135860,California
Orange,2021-01-20,8228,173294,5793,97589,2435,75705,0,0,5176,108770,3052,32272,5182,141042,California
Orange,2021-01-21,10801,184095,4792,102381,6009,81714,0,0,10011,118001,789,33061,10020,151062,California
Orange,2021-01-22,13523,197618,5068,107449,8455,90169,0,0,12703,129899,812,33873,12710,163772,California
Orange,2021-01-23,13089,210707,6168,113617,6921,97090,0,0,12125,141067,962,34835,12130,175902,California
Orange,2021-01-24,9790,220497,4276,117893,5514,102604,0,0,9476,150238,312,35147,9483,185385,California
Orange,2021-01-25,10377,230874,5821,123714,4556,107160,0,0,7671,155265,2698,37845,7725,193110,California
Orange,2021-01-26,11717,242591,7661,131375,4056,111216,0,0,9595,162742,2119,39964,9596,202706,California
Orange,2021-01-27,13322,255913,7956,139331,5366,116582,0,0,10671,170776,2640,42604,10674,213380,California
Orange,2021-01-28,12955,268868,7145,146476,5810,122392,0,0,11119,180079,1822,44426,11125,224505,California
Orange,2021-01-29,13508,282376,8372,154848,5136,127528,0,0,10680,187946,2817,47243,10684,235189,California
Orange,2021-01-30,12879,295255,4427,159275,8452,135980,0,0,12160,199401,706,47949,12161,247350,California
Orange,2021-01-31,13708,308963,4948,164223,8760,144740,0,0,13292,212282,413,48362,13294,260644,California
Orange,2021-02-01,13883,322846,5701,169924,8182,152922,0,0,11941,222303,1924,50286,11945,272589,California
Orange,2021-02-02,15306,338152,8334,178258,6972,159894,0,0,12597,232304,2599,52885,12600,285189,California
Orange,2021-02-03,16656,354808,12530,190788,4126,164020,0,0,13673,243074,2907,55792,13677,298866,California
Orange,2021-02-04,19657,374465,12824,203612,6833,170853,0,0,14613,252678,5013,60805,14617,313483,California
Orange,2021-02-05,20652,395117,11954,215566,8698,179551,0,0,14446,260957,6170,66975,14449,327932,California
Orange,2021-02-06,16281,411398,10767,226333,5514,185065,0,0,11051,267011,5215,72190,11269,339201,California
Orange,2021-02-07,11503,422901,8079,234412,3424,188489,0,0,7536,270762,3954,76144,7705,346906,California
Orange,2021-02-08,14761,437662,8474,242886,6287,194776,0,0,8818,273667,5915,82059,8820,355726,California
Orange,2021-02-09,17513,455175,11950,254836,5563,200339,0,0,10695,277620,6746,88805,10699,366425,California
Orange,2021-02-10,20819,475994,11114,265950,9705,210044,0,0,12665,282231,8061,96866,12672,379097,California
Orange,2021-02-11,21881,497875,11321,277271,10560,220604,0,0,12341,285194,9400,106266,12363,391460,California
Orange,2021-02-12,24661,522536,11880,289151,12781,233385,0,0,14597,289786,10013,116279,14605,406065,California
Orange,2021-02-13,21631,544167,11581,300732,10050,243435,0,0,11089,291183,10339,126618,11736,417801,California
Orange,2021-02-14,16130,560297,6565,307297,9565,253000,0,0,9527,294133,6580,133198,9530,427331,California
Orange,2021-02-15,17083,577380,7370,314667,9713,262713,0,0,8874,294846,8170,141368,8883,436214,California
Orange,2021-02-16,19857,597237,8942,323609,10915,273628,0,0,10747,296541,9076,150444,10771,446985,California
Orange,2021-02-17,17602,614839,9174,332783,8428,282056,0,0,9154,297318,8409,158853,9186,456171,California
Orange,2021-02-18,14599,629438,9585,342368,5014,287070,0,0,6779,296328,7779,166632,6789,462960,California
Orange,2021-02-19,17652,647090,10697,353065,6955,294025,0,0,6923,292573,10687,177319,6932,469892,California
Orange,2021-02-20,7179,654269,5385,358450,1794,295819,0,0,3564,292548,3599,180918,3574,473466,California
Orange,2021-02-21,4122,658391,3450,361900,672,296491,0,0,732,289913,3368,184286,733,474199,California
Orange,2021-02-22,9427,667818,7700,369600,1727,298218,0,0,3844,288217,5561,189847,3865,478064,California
Orange,2021-02-23,13083,680901,7108,376708,5975,304193,0,0,3574,282344,9461,199308,3588,481652,California
Orange,2021-02-24,20810,701711,12558,389266,8252,312445,0,0,5351,272311,15405,214713,5372,487024,California
Orange,2021-02-25,22345,724056,12050,401316,10295,322740,0,0,8016,266075,14276,228989,8040,495064,California
Orange,2021-02-26,27446,751502,13918,415234,13528,336268,0,0,11126,261001,16228,245217,11154,506218,California
Orange,2021-02-27,24824,776326,10040,425274,14782,351050,2,2,7267,250817,17470,262687,7286,513504,California
Orange,2021-02-28,18875,795201,7275,432549,11600,362650,0,2,4815,241672,13982,276669,4837,518341,California
Orange,2021-03-01,18113,813314,8278,440827,9833,372483,2,4,6991,237631,11067,287736,7026,525367,California
Orange,2021-03-02,14449,827763,7063,447890,7385,379868,1,5,8505,240257,5914,293650,8540,533907,California
Orange,2021-03-03,18641,846404,8816,456706,9824,389692,1,6,9591,240880,8990,302640,9613,543520,California
Orange,2021-03-04,19678,866082,11864,468570,7803,397495,11,17,10220,241707,9429,312069,10256,553776,California
Orange,2021-03-05,17574,883656,9448,478018,8082,405577,44,61,10816,245888,6735,318804,10916,564692,California
Orange,2021-03-06,18185,901841,10194,488212,7174,412751,817,878,9551,247677,8607,327411,10396,575088,California
Orange,2021-03-07,14073,915914,8059,496271,5649,418400,365,1243,8213,250451,5828,333239,8602,583690,California
Orange,2021-03-08,15502,931416,7166,503437,7166,425566,1170,2413,10048,256274,5424,338663,11247,594937,California
Orange,2021-03-09,19360,950776,8366,511803,8603,434169,2391,4804,11130,261618,8190,346853,13534,608471,California
Orange,2021-03-10,21246,972022,10505,522308,7789,441958,2952,7756,10714,264797,10494,357347,13673,622144,California
Orange,2021-03-11,27196,999218,14555,536863,8816,450774,3825,11581,12434,266473,14713,372060,16389,638533,California
Orange,2021-03-12,24967,1024185,12079,548942,9644,460418,3244,14825,12385,269593,12531,384591,15651,654184,California
Orange,2021-03-13,19503,1043688,7276,556218,9528,469946,2699,17524,9643,272119,9836,394427,12362,666546,California
Orange,2021-03-14,16327,1060015,7299,563517,6586,476532,2442,19966,10394,279066,5906,400333,12853,679399,California
Orange,2021-03-15,22638,1082653,9766,573283,12098,488630,774,20740,14301,285854,8301,408634,15089,694488,California
Orange,2021-03-16,26065,1108718,10882,584165,14927,503557,256,20996,16914,293953,9092,417726,17191,711679,California
Orange,2021-03-17,26502,1135220,13195,597360,12824,516381,483,21479,18879,305756,7577,425303,19380,731059,California
Orange,2021-03-18,22014,1157234,10925,608285,10933,527314,156,21635,17073,318102,4897,430200,17243,748302,California
Orange,2021-03-19,28210,1185444,15403,623688,12454,539768,353,21988,20996,332340,7135,437335,21373,769675,California
Orange,2021-03-20,20735,1206179,10986,634674,9587,549355,162,22150,17950,347719,2742,440077,18121,787796,California
Orange,2021-03-21,18088,1224267,10465,645139,6895,556250,728,22878,15408,361203,2659,442736,16143,803939,California
Orange,2021-03-22,22372,1246639,11557,656696,10501,566751,314,23192,18971,377161,3346,446082,19304,823243,California
Orange,2021-03-23,25597,1272236,13289,669985,11678,578429,630,23822,20600,393470,4936,451018,21245,844488,California
Orange,2021-03-24,28529,1300765,15870,685855,11795,590224,864,24686,21904,409689,6566,457584,22785,867273,California
Orange,2021-03-25,31155,1331920,16345,702200,14168,604392,642,25328,23943,427161,7153,464737,24625,891898,California
Orange,2021-03-26,33926,1365846,17463,719663,15631,620023,832,26160,24659,443606,9191,473928,25636,917534,California
Orange,2021-03-27,27461,1393307,12969,732632,14183,634206,309,26469,19884,456346,7516,481444,20256,937790,California
Orange,2021-03-28,24208,1417515,12498,745130,11644,645850,66,26535,18313,468903,5856,487300,18413,956203,California
Orange,2021-03-29,25713,1443228,11559,756689,13627,659477,527,27062,17576,479020,8077,495377,18194,974397,California
Orange,2021-03-30,29708,1472936,13551,770240,15828,675305,329,27391,21380,492560,8283,503660,21823,996220,California
Orange,2021-03-31,35805,1508741,18607,788847,16663,691968,535,27926,24208,506259,11537,515197,25236,1021456,California
Orange,2021-04-01,36860,1545601,19205,808052,16370,708338,1285,29211,24816,521089,11990,527187,26820,1048276,California
Orange,2021-04-02,35810,1581411,17485,825537,16966,725304,1359,30570,21650,531391,14096,541283,24398,1072674,California
Orange,2021-04-03,18124,1599535,10380,835917,6772,732076,972,31542,9336,534979,8761,550044,12349,1085023,California
Placer,2020-12-15,29,29,29,29,0,0,0,0,29,29,0,0,29,29,California
Placer,2020-12-16,52,81,52,81,0,0,0,0,52,81,0,0,52,81,California
Placer,2020-12-17,141,222,141,222,0,0,0,0,141,222,0,0,141,222,California
Placer,2020-12-18,331,553,331,553,0,0,0,0,331,553,0,0,331,553,California
Placer,2020-12-19,248,801,248,801,0,0,0,0,248,801,0,0,248,801,California
Placer,2020-12-20,233,1034,233,1034,0,0,0,0,233,1034,0,0,233,1034,California
Placer,2020-12-21,495,1529,494,1528,1,1,0,0,495,1529,0,0,495,1529,California
Placer,2020-12-22,676,2205,670,2198,6,7,0,0,676,2205,0,0,676,2205,California
Placer,2020-12-23,741,2946,656,2854,85,92,0,0,741,2946,0,0,741,2946,California
Placer,2020-12-24,396,3342,345,3199,51,143,0,0,396,3342,0,0,396,3342,California
Placer,2020-12-26,159,3501,114,3313,45,188,0,0,159,3501,0,0,159,3501,California
Placer,2020-12-27,187,3688,163,3476,24,212,0,0,187,3688,0,0,187,3688,California
Placer,2020-12-28,665,4353,539,4015,126,338,0,0,665,4353,0,0,665,4353,California
Placer,2020-12-29,762,5115,514,4529,248,586,0,0,762,5115,0,0,762,5115,California
Placer,2020-12-30,727,5842,450,4979,277,863,0,0,725,5840,0,0,725,5840,California
Placer,2020-12-31,530,6372,344,5323,186,1049,0,0,530,6370,0,0,530,6370,California
Placer,2021-01-01,14,6386,10,5333,4,1053,0,0,14,6384,0,0,14,6384,California
Placer,2021-01-02,184,6570,152,5485,32,1085,0,0,184,6568,0,0,184,6568,California
Placer,2021-01-03,153,6723,78,5563,75,1160,0,0,153,6721,0,0,153,6721,California
Placer,2021-01-04,615,7338,176,5739,439,1599,0,0,615,7336,0,0,615,7336,California
Placer,2021-01-05,713,8051,156,5895,557,2156,0,0,631,7886,81,81,631,7967,California
Placer,2021-01-06,754,8805,242,6137,512,2668,0,0,614,8360,140,221,614,8581,California
Placer,2021-01-07,979,9784,364,6501,615,3283,0,0,776,8935,203,424,778,9359,California
Placer,2021-01-08,1181,10965,526,7027,655,3938,0,0,854,9465,324,748,854,10213,California
Placer,2021-01-09,446,11411,318,7345,128,4066,0,0,231,9482,214,962,231,10444,California
Placer,2021-01-10,326,11737,184,7529,142,4208,0,0,162,9480,164,1126,162,10606,California
Placer,2021-01-11,1424,13161,808,8337,616,4824,0,0,834,9725,590,1716,835,11441,California
Placer,2021-01-12,1639,14800,868,9205,771,5595,0,0,1034,10155,605,2321,1035,12476,California
Placer,2021-01-13,1625,16425,818,10023,807,6402,0,0,1209,10953,414,2735,1212,13688,California
Placer,2021-01-14,1735,18160,650,10673,1085,7487,0,0,1379,11980,353,3088,1380,15068,California
Placer,2021-01-15,1905,20065,721,11394,1184,8671,0,0,1552,13184,352,3440,1556,16624,California
Placer,2021-01-16,1472,21537,722,12116,750,9421,0,0,1350,14413,122,3562,1351,17975,California
Placer,2021-01-17,561,22098,395,12511,166,9587,0,0,429,14710,132,3694,429,18404,California
Placer,2021-01-18,977,23075,540,13051,437,10024,0,0,748,15230,229,3923,749,19153,California
Placer,2021-01-19,2556,25631,1949,15000,607,10631,0,0,2107,16889,449,4372,2108,21261,California
Placer,2021-01-20,2241,27872,1690,16690,551,11182,0,0,1913,18475,328,4700,1914,23175,California
Placer,2021-01-21,2523,30395,1112,17802,1411,12593,0,0,2128,20210,394,5094,2129,25304,California
Placer,2021-01-22,2269,32664,588,18390,1681,14274,0,0,2093,22132,174,5268,2096,27400,California
Placer,2021-01-23,1186,33850,378,18768,808,15082,0,0,1031,23008,155,5423,1031,28431,California
Placer,2021-01-24,507,34357,266,19034,241,15323,0,0,432,23366,75,5498,433,28864,California
Placer,2021-01-25,1645,36002,797,19831,848,16171,0,0,1364,24450,281,5779,1365,30229,California
Placer,2021-01-26,1827,37829,1025,20856,802,16973,0,0,1563,25749,264,6043,1563,31792,California
Placer,2021-01-27,1814,39643,1158,22014,656,17629,0,0,1573,27083,239,6282,1573,33365,California
Placer,2021-01-28,1775,41418,1108,23122,667,18296,0,0,1533,28374,242,6524,1533,34898,California
Placer,2021-01-29,1840,43258,1156,24278,684,18980,0,0,1653,29843,186,6710,1655,36553,California
Placer,2021-01-30,1718,44976,968,25246,750,19730,0,0,1601,31328,116,6826,1601,38154,California
Placer,2021-01-31,780,45756,623,25869,157,19887,0,0,709,31968,70,6896,710,38864,California
Placer,2021-02-01,2058,47814,1088,26957,970,20857,0,0,1750,33412,306,7202,1750,40614,California
Placer,2021-02-02,2364,50178,1542,28499,822,21679,0,0,1884,34818,478,7680,1884,42498,California
Placer,2021-02-03,2900,53078,1870,30369,1030,22709,0,0,2287,36496,609,8289,2287,44785,California
Placer,2021-02-04,2749,55827,1176,31545,1573,24282,0,0,1930,37610,817,9106,1931,46716,California
Placer,2021-02-05,2720,58547,1204,32749,1516,25798,0,0,1391,37678,1323,10429,1391,48107,California
Placer,2021-02-06,1925,60472,1290,34039,635,26433,0,0,1379,38511,546,10975,1379,49486,California
Placer,2021-02-07,1217,61689,908,34947,309,26742,0,0,939,39174,277,11252,940,50426,California
Placer,2021-02-08,3295,64984,1764,36711,1531,28273,0,0,1973,39833,1314,12566,1973,52399,California
Placer,2021-02-09,3529,68513,2164,38875,1365,29638,0,0,1622,39549,1906,14472,1622,54021,California
Placer,2021-02-10,3733,72246,2183,41058,1550,31188,0,0,1745,39311,1985,16457,1747,55768,California
Placer,2021-02-11,3610,75856,1890,42948,1720,32908,0,0,1576,38862,2026,18483,1577,57345,California
Placer,2021-02-12,2744,78600,1313,44261,1431,34339,0,0,1661,39456,1067,19550,1661,59006,California
Placer,2021-02-13,2535,81135,1495,45756,1040,35379,0,0,1883,40687,652,20202,1883,60889,California
Placer,2021-02-14,1072,82207,679,46435,393,35772,0,0,731,41080,338,20540,731,61620,California
Placer,2021-02-15,2144,84351,1036,47471,1108,36880,0,0,1491,41919,653,21193,1492,63112,California
Placer,2021-02-16,3522,87873,1789,49260,1733,38613,0,0,1583,41576,1928,23121,1585,64697,California
Placer,2021-02-17,3441,91314,1958,51218,1483,40096,0,0,1450,41038,1988,25109,1450,66147,California
Placer,2021-02-18,3595,94909,1950,53168,1645,41741,0,0,1502,40456,2084,27193,1502,67649,California
Placer,2021-02-19,3524,98433,1892,55060,1632,43373,0,0,1309,39554,2212,29405,1310,68959,California
Placer,2021-02-20,1945,100378,1212,56272,733,44106,0,0,861,39339,1079,30484,864,69823,California
Placer,2021-02-21,949,101327,726,56998,223,44329,0,0,260,38914,686,31170,261,70084,California
Placer,2021-02-22,2476,103803,1751,58749,725,45054,0,0,588,37616,1886,33056,588,70672,California
Placer,2021-02-23,2481,106284,1550,60299,931,45985,0,0,868,36874,1610,34666,868,71540,California
Placer,2021-02-24,3183,109467,1152,61451,2031,48016,0,0,1750,37201,1425,36091,1752,73292,California
Placer,2021-02-25,3383,112850,1387,62838,1996,50012,0,0,1778,37385,1599,37690,1783,75075,California
Placer,2021-02-26,4006,116856,2369,65207,1637,51649,0,0,2308,38001,1693,39383,2309,77384,California
Placer,2021-02-27,2778,119634,1466,66673,1312,52961,0,0,1441,38112,1331,40714,1442,78826,California
Placer,2021-02-28,1380,121014,792,67465,588,53549,0,0,573,37884,801,41515,573,79399,California
Placer,2021-03-01,2940,123954,1975,69440,965,54514,0,0,1499,37948,1436,42951,1500,80899,California
Placer,2021-03-02,2792,126746,1754,71194,1038,55552,0,0,1834,38834,952,43903,1838,82737,California
Placer,2021-03-03,2974,129720,1290,72484,1684,57236,0,0,1575,39015,1394,45297,1575,84312,California
Placer,2021-03-04,3165,132885,1202,73686,1963,59199,0,0,1624,39108,1531,46828,1624,85936,California
Placer,2021-03-05,2572,135457,802,74488,1749,60948,21,21,1493,39548,1075,47903,1515,87451,California
Placer,2021-03-06,2223,137680,1392,75880,760,61708,71,92,793,38989,1425,49328,866,88317,California
Placer,2021-03-07,1259,138939,745,76625,480,62188,34,126,502,38771,754,50082,536,88853,California
Placer,2021-03-08,2702,141641,1719,78344,880,63068,103,229,1496,39167,1204,51286,1600,90453,California
Placer,2021-03-09,2999,144640,1602,79946,1304,64372,93,322,1676,39617,1320,52606,1770,92223,California
Placer,2021-03-10,3006,147646,1221,81167,1704,66076,81,403,1496,39688,1505,54111,1576,93799,California
Placer,2021-03-11,3288,150934,1464,82631,1706,67782,118,521,1518,39563,1764,55875,1639,95438,California
Placer,2021-03-12,3250,154184,1371,84002,1170,68952,709,1230,1051,39130,2195,58070,1762,97200,California
Placer,2021-03-13,1885,156069,701,84703,1074,70026,110,1340,1053,39465,829,58899,1164,98364,California
Placer,2021-03-14,1474,157543,661,85364,683,70709,130,1470,838,39798,634,59533,967,99331,California
Placer,2021-03-15,3021,160564,1453,86817,1440,72149,128,1598,1630,40175,1383,60916,1760,101091,California
Placer,2021-03-16,3404,163968,1808,88625,1460,73609,136,1734,2151,41219,1243,62159,2287,103378,California
Placer,2021-03-17,3164,167132,1601,90226,1470,75079,93,1827,2011,42176,1149,63308,2106,105484,California
Placer,2021-03-18,3013,170145,1675,91901,1303,76382,35,1862,2150,43501,860,64168,2185,107669,California
Placer,2021-03-19,2776,172921,1694,93595,861,77243,221,2083,1710,44372,1060,65228,1931,109600,California
Placer,2021-03-20,1443,174364,641,94236,746,77989,56,2139,857,44702,584,65812,914,110514,California
Placer,2021-03-21,1201,175565,571,94807,623,78612,7,2146,918,45346,281,66093,925,111439,California
Placer,2021-03-22,3115,178680,1994,96801,1021,79633,100,2246,2048,46437,1063,67156,2154,113593,California
Placer,2021-03-23,3321,182001,1970,98771,1264,80897,87,2333,2354,47916,962,68118,2441,116034,California
Placer,2021-03-24,3577,185578,1918,100689,1563,82460,96,2429,1836,48160,1728,69846,1972,118006,California
Placer,2021-03-25,3632,189210,1741,102430,1799,84259,92,2521,1638,47983,1984,71830,1807,119813,California
Placer,2021-03-26,3612,192822,1615,104045,1777,86036,220,2741,1533,47793,2070,73900,1880,121693,California
Placer,2021-03-27,1558,194380,455,104500,1082,87118,21,2762,661,47604,893,74793,704,122397,California
Placer,2021-03-28,1020,195400,470,104970,539,87657,11,2773,351,47299,667,75460,362,122759,California
Placer,2021-03-29,3306,198706,1839,106809,1435,89092,32,2805,1579,47208,1714,77174,1623,124382,California
Placer,2021-03-30,3718,202424,1956,108765,1717,90809,45,2850,1933,47432,1773,78947,1997,126379,California
Placer,2021-03-31,3856,206280,1748,110513,2035,92844,73,2923,1623,47028,2228,81175,1824,128203,California
Placer,2021-04-01,2565,208845,1274,111787,1251,94095,40,2963,1394,47419,1168,82343,1559,129762,California
Placer,2021-04-02,2489,211334,1301,113088,1129,95224,59,3022,1432,47978,1052,83395,1611,131373,California
Placer,2021-04-03,1209,212543,617,113705,508,95732,84,3106,584,48057,618,84013,697,132070,California
Plumas,2020-12-18,4,4,4,4,0,0,0,0,4,4,0,0,4,4,California
Plumas,2020-12-19,1,5,1,5,0,0,0,0,1,5,0,0,1,5,California
Plumas,2020-12-21,45,50,45,50,0,0,0,0,45,50,0,0,45,50,California
Plumas,2020-12-22,92,142,92,142,0,0,0,0,92,142,0,0,92,142,California
Plumas,2020-12-23,50,192,50,192,0,0,0,0,50,192,0,0,50,192,California
Plumas,2020-12-24,6,198,6,198,0,0,0,0,6,198,0,0,6,198,California
Plumas,2020-12-28,8,206,0,198,8,8,0,0,8,206,0,0,8,206,California
Plumas,2020-12-29,32,238,22,220,10,18,0,0,32,238,0,0,32,238,California
Plumas,2020-12-30,22,260,1,221,21,39,0,0,22,260,0,0,22,260,California
Plumas,2020-12-31,4,264,1,222,3,42,0,0,4,264,0,0,4,264,California
Plumas,2021-01-04,9,273,3,225,6,48,0,0,9,273,0,0,9,273,California
Plumas,2021-01-05,23,296,2,227,21,69,0,0,22,295,0,0,22,295,California
Plumas,2021-01-06,125,421,6,233,119,188,0,0,125,420,0,0,125,420,California
Plumas,2021-01-07,55,476,2,235,53,241,0,0,54,473,1,1,54,474,California
Plumas,2021-01-08,12,488,5,240,7,248,0,0,8,477,4,5,8,482,California
Plumas,2021-01-09,2,490,2,242,0,248,0,0,1,477,1,6,1,483,California
Plumas,2021-01-11,59,549,50,292,9,257,0,0,12,442,47,53,12,495,California
Plumas,2021-01-12,154,703,86,378,68,325,0,0,70,428,84,137,70,565,California
Plumas,2021-01-13,55,758,50,428,5,330,0,0,9,391,46,183,9,574,California
Plumas,2021-01-14,96,854,14,442,82,412,0,0,91,477,5,188,91,665,California
Plumas,2021-01-15,62,916,7,449,55,467,0,0,60,535,2,190,60,725,California
Plumas,2021-01-16,58,974,1,450,57,524,0,0,58,593,0,190,58,783,California
Plumas,2021-01-18,3,977,2,452,1,525,0,0,3,596,0,190,3,786,California
Plumas,2021-01-19,37,1014,6,458,31,556,0,0,33,625,4,194,33,819,California
Plumas,2021-01-20,121,1135,3,461,118,674,0,0,119,742,2,196,119,938,California
Plumas,2021-01-21,112,1247,2,463,110,784,0,0,112,854,0,196,112,1050,California
Plumas,2021-01-22,3,1250,0,463,3,787,0,0,3,857,0,196,3,1053,California
Plumas,2021-01-23,92,1342,1,464,91,878,0,0,92,949,0,196,92,1145,California
Plumas,2021-01-24,1,1343,1,465,0,878,0,0,1,950,0,196,1,1146,California
Plumas,2021-01-25,8,1351,5,470,3,881,0,0,5,952,3,199,5,1151,California
Plumas,2021-01-26,60,1411,2,472,58,939,0,0,52,996,8,207,52,1203,California
Plumas,2021-01-27,25,1436,20,492,5,944,0,0,5,981,20,227,5,1208,California
Plumas,2021-01-28,23,1459,0,492,23,967,0,0,21,1000,2,229,21,1229,California
Plumas,2021-01-29,7,1466,2,494,5,972,0,0,6,1005,1,230,6,1235,California
Plumas,2021-01-30,7,1473,4,498,3,975,0,0,6,1010,1,231,6,1241,California
Plumas,2021-01-31,3,1476,3,501,0,975,0,0,3,1013,0,231,3,1244,California
Plumas,2021-02-01,15,1491,2,503,13,988,0,0,7,1012,8,239,7,1251,California
Plumas,2021-02-02,20,1511,1,504,19,1007,0,0,1,994,19,258,1,1252,California
Plumas,2021-02-03,126,1637,5,509,121,1128,0,0,12,893,113,371,12,1264,California
Plumas,2021-02-04,102,1739,8,517,94,1222,0,0,23,837,79,450,23,1287,California
Plumas,2021-02-05,25,1764,11,528,14,1236,0,0,9,830,16,466,9,1296,California
Plumas,2021-02-06,8,1772,1,529,7,1243,0,0,8,838,0,466,8,1304,California
Plumas,2021-02-08,17,1789,9,538,8,1251,0,0,4,829,13,479,4,1308,California
Plumas,2021-02-09,170,1959,1,539,169,1420,0,0,111,881,59,538,111,1419,California
Plumas,2021-02-10,91,2050,8,547,83,1503,0,0,83,956,8,546,83,1502,California
Plumas,2021-02-11,321,2371,6,553,315,1818,0,0,262,1159,59,605,262,1764,California
Plumas,2021-02-12,121,2492,3,556,118,1936,0,0,117,1272,4,609,117,1881,California
Plumas,2021-02-13,72,2564,3,559,69,2005,0,0,13,1226,59,668,13,1894,California
Plumas,2021-02-14,7,2571,4,563,3,2008,0,0,7,1233,0,668,7,1901,California
Plumas,2021-02-15,25,2596,3,566,22,2030,0,0,24,1256,1,669,24,1925,California
Plumas,2021-02-16,74,2670,4,570,70,2100,0,0,13,1208,61,730,13,1938,California
Plumas,2021-02-17,136,2806,5,575,131,2231,0,0,11,1094,125,855,11,1949,California
Plumas,2021-02-18,126,2932,6,581,120,2351,0,0,18,1004,108,963,18,1967,California
Plumas,2021-02-19,39,2971,3,584,36,2387,0,0,5,975,34,997,5,1972,California
Plumas,2021-02-20,103,3074,6,590,97,2484,0,0,11,894,92,1089,11,1983,California
Plumas,2021-02-21,6,3080,5,595,1,2485,0,0,2,892,4,1093,2,1985,California
Plumas,2021-02-22,3,3083,1,596,2,2487,0,0,0,889,3,1096,0,1985,California
Plumas,2021-02-23,20,3103,3,599,17,2504,0,0,13,895,7,1103,13,1998,California
Plumas,2021-02-24,453,3556,5,604,448,2952,0,0,443,1328,10,1113,443,2441,California
Plumas,2021-02-25,226,3782,7,611,219,3171,0,0,166,1434,60,1173,166,2607,California
Plumas,2021-02-26,259,4041,5,616,254,3425,0,0,255,1685,4,1177,255,2862,California
Plumas,2021-02-27,42,4083,6,622,36,3461,0,0,34,1711,8,1185,34,2896,California
Plumas,2021-02-28,1,4084,0,622,1,3462,0,0,1,1712,0,1185,1,2897,California
Plumas,2021-03-01,11,4095,4,626,7,3469,0,0,7,1715,4,1189,7,2904,California
Plumas,2021-03-02,9,4104,0,626,9,3478,0,0,6,1718,3,1192,6,2910,California
Plumas,2021-03-03,137,4241,8,634,129,3607,0,0,124,1829,13,1205,124,3034,California
Plumas,2021-03-04,219,4460,8,642,211,3818,0,0,199,2008,20,1225,199,3233,California
Plumas,2021-03-05,375,4835,5,647,364,4182,6,6,365,2369,10,1235,371,3604,California
Plumas,2021-03-06,16,4851,1,648,7,4189,8,14,3,2367,13,1248,11,3615,California
Plumas,2021-03-07,10,4861,1,649,1,4190,8,22,1,2367,9,1257,9,3624,California
Plumas,2021-03-08,33,4894,6,655,3,4193,24,46,6,2370,27,1284,30,3654,California
Plumas,2021-03-09,130,5024,2,657,115,4308,13,59,17,2287,113,1397,30,3684,California
Plumas,2021-03-10,199,5223,2,659,195,4503,2,61,75,2240,124,1521,77,3761,California
Plumas,2021-03-11,157,5380,5,664,147,4650,5,66,122,2332,35,1556,127,3888,California
Plumas,2021-03-12,526,5906,3,667,276,4926,247,313,17,2087,509,2065,264,4152,California
Plumas,2021-03-13,21,5927,5,672,4,4930,12,325,3,2085,18,2083,16,4168,California
Plumas,2021-03-14,11,5938,2,674,4,4934,5,330,2,2083,9,2092,7,4175,California
Plumas,2021-03-15,30,5968,1,675,23,4957,6,336,5,2069,25,2117,11,4186,California
Plumas,2021-03-16,28,5996,3,678,24,4981,1,337,18,2078,10,2127,19,4205,California
Plumas,2021-03-17,80,6076,13,691,66,5047,1,338,67,2133,13,2140,68,4273,California
Plumas,2021-03-18,50,6126,5,696,30,5077,15,353,7,2112,43,2183,22,4295,California
Plumas,2021-03-19,126,6252,1,697,124,5201,1,354,120,2229,5,2188,122,4417,California
Plumas,2021-03-20,16,6268,4,701,11,5212,1,355,10,2234,6,2194,11,4428,California
Plumas,2021-03-21,2,6270,2,703,0,5212,0,355,2,2236,0,2194,2,4430,California
Plumas,2021-03-22,160,6430,4,707,156,5368,0,355,153,2382,7,2201,153,4583,California
Plumas,2021-03-23,25,6455,1,708,24,5392,0,355,13,2383,12,2213,13,4596,California
Plumas,2021-03-24,608,7063,7,715,600,5992,1,356,181,2138,427,2640,182,4778,California
Plumas,2021-03-25,187,7250,6,721,179,6171,2,358,48,2047,139,2779,48,4826,California
Plumas,2021-03-26,312,7562,8,729,303,6474,1,359,46,1829,266,3045,48,4874,California
Plumas,2021-03-27,12,7574,1,730,10,6484,1,360,4,1826,8,3053,5,4879,California
Plumas,2021-03-28,3,7577,1,731,1,6485,1,361,1,1826,2,3055,2,4881,California
Plumas,2021-03-29,16,7593,5,736,9,6494,2,363,4,1820,12,3067,6,4887,California
Plumas,2021-03-30,148,7741,4,740,143,6637,1,364,23,1728,125,3192,33,4920,California
Plumas,2021-03-31,275,8016,5,745,269,6906,1,365,255,1964,20,3212,256,5176,California
Plumas,2021-04-01,283,8299,9,754,274,7180,0,365,56,1819,227,3439,82,5258,California
Plumas,2021-04-02,169,8468,5,759,163,7343,1,366,22,1706,140,3579,27,5285,California
Plumas,2021-04-03,9,8477,2,761,4,7347,3,369,2,1704,7,3586,5,5290,California
Riverside,2020-12-15,4,4,4,4,0,0,0,0,4,4,0,0,4,4,California
Riverside,2020-12-16,65,69,65,69,0,0,0,0,65,69,0,0,65,69,California
Riverside,2020-12-17,803,872,803,872,0,0,0,0,803,872,0,0,803,872,California
Riverside,2020-12-18,1723,2595,1721,2593,2,2,0,0,1723,2595,0,0,1723,2595,California
Riverside,2020-12-19,1021,3616,1019,3612,2,4,0,0,1019,3613,1,1,1019,3614,California
Riverside,2020-12-20,1082,4698,1081,4693,1,5,0,0,1082,4695,0,1,1082,4696,California
Riverside,2020-12-21,2271,6969,2269,6962,2,7,0,0,2271,6966,0,1,2271,6967,California
Riverside,2020-12-22,2245,9214,2206,9168,39,46,0,0,2244,9210,0,1,2244,9211,California
Riverside,2020-12-23,2119,11333,1783,10951,336,382,0,0,2120,11330,0,1,2120,11331,California
Riverside,2020-12-24,827,12160,624,11575,203,585,0,0,827,12157,0,1,827,12158,California
Riverside,2020-12-25,28,12188,5,11580,23,608,0,0,28,12185,0,1,28,12186,California
Riverside,2020-12-26,402,12590,258,11838,144,752,0,0,402,12587,0,1,402,12588,California
Riverside,2020-12-27,362,12952,244,12082,118,870,0,0,362,12949,0,1,362,12950,California
Riverside,2020-12-28,1621,14573,1124,13206,497,1367,0,0,1621,14570,0,1,1621,14571,California
Riverside,2020-12-29,1735,16308,970,14176,765,2132,0,0,1735,16305,0,1,1735,16306,California
Riverside,2020-12-30,2563,18871,1678,15854,885,3017,0,0,2562,18867,0,1,2562,18868,California
Riverside,2020-12-31,1019,19890,395,16249,624,3641,0,0,1021,19888,0,1,1021,19889,California
Riverside,2021-01-01,99,19989,35,16284,64,3705,0,0,99,19987,0,1,99,19988,California
Riverside,2021-01-02,826,20815,690,16974,136,3841,0,0,826,20813,0,1,826,20814,California
Riverside,2021-01-03,344,21159,298,17272,46,3887,0,0,343,21156,0,1,343,21157,California
Riverside,2021-01-04,1253,22412,793,18065,460,4347,0,0,1253,22409,0,1,1253,22410,California
Riverside,2021-01-05,1979,24391,1361,19426,618,4965,0,0,1882,24200,91,92,1882,24292,California
Riverside,2021-01-06,2460,26851,1096,20522,1364,6329,0,0,2154,26053,302,394,2155,26447,California
Riverside,2021-01-07,2752,29603,1810,22332,942,7271,0,0,1693,26697,1055,1449,1699,28146,California
Riverside,2021-01-08,4022,33625,2926,25258,1096,8367,0,0,2220,27120,1798,3247,2221,30367,California
Riverside,2021-01-09,2075,35700,846,26104,1229,9596,0,0,1730,28507,343,3590,1730,32097,California
Riverside,2021-01-10,1660,37360,732,26836,928,10524,0,0,1057,28961,603,4193,1057,33154,California
Riverside,2021-01-11,4493,41853,3089,29925,1404,11928,0,0,2767,30006,1724,5917,2769,35923,California
Riverside,2021-01-12,3389,45242,2717,32642,672,12600,0,0,1706,30035,1678,7595,1707,37630,California
Riverside,2021-01-13,4378,49620,2867,35509,1511,14111,0,0,2780,31220,1595,9190,2780,40410,California
Riverside,2021-01-14,5432,55052,1857,37366,3575,17686,0,0,4848,35484,584,9774,4848,45258,California
Riverside,2021-01-15,6126,61178,2092,39458,4034,21720,0,0,5837,41034,288,10062,5838,51096,California
Riverside,2021-01-16,3617,64795,1015,40473,2602,24322,0,0,3371,44160,246,10308,3372,54468,California
Riverside,2021-01-17,3600,68395,579,41052,3021,27343,0,0,3405,47371,194,10502,3405,57873,California
Riverside,2021-01-18,3702,72097,2004,43056,1698,29041,0,0,2698,49065,1004,11506,2698,60571,California
Riverside,2021-01-19,7384,79481,2633,45689,4751,33792,0,0,6268,54220,1116,12622,6271,66842,California
Riverside,2021-01-20,7945,87426,2860,48549,5085,38877,0,0,6468,59222,1468,14090,6470,73312,California
Riverside,2021-01-21,8203,95629,3363,51912,4840,43717,0,0,7589,66195,616,14706,7589,80901,California
Riverside,2021-01-22,8674,104303,2964,54876,5710,49427,0,0,8244,74011,429,15135,8245,89146,California
Riverside,2021-01-23,5927,110230,2394,57270,3533,52960,0,0,5201,78487,726,15861,5202,94348,California
Riverside,2021-01-24,3039,113269,1431,58701,1608,54568,0,0,2828,81107,209,16070,2829,97177,California
Riverside,2021-01-25,7857,121126,4534,63235,3323,57891,0,0,6734,86727,1121,17191,6741,103918,California
Riverside,2021-01-26,9072,130198,5721,68956,3351,61242,0,0,7565,92793,1505,18696,7571,111489,California
Riverside,2021-01-27,10500,140698,6182,75138,4318,65560,0,0,8998,100294,1499,20195,9000,120489,California
Riverside,2021-01-28,11384,152082,6709,81847,4675,70235,0,0,10233,109386,1143,21338,10235,130724,California
Riverside,2021-01-29,11835,163917,7225,89072,4610,74845,0,0,10470,118523,1338,22676,10475,141199,California
Riverside,2021-01-30,9031,172948,4600,93672,4431,79276,0,0,8583,126662,446,23122,8585,149784,California
Riverside,2021-01-31,5164,178112,4262,97934,902,80178,0,0,5036,131576,125,23247,5039,154823,California
Riverside,2021-02-01,10818,188930,6686,104620,4132,84310,0,0,9049,138865,1764,25011,9053,163876,California
Riverside,2021-02-02,9396,198326,4775,109395,4621,88931,0,0,7922,145323,1467,26478,7925,171801,California
Riverside,2021-02-03,12021,210347,4988,114383,7033,95964,0,0,9796,152905,2214,28692,9796,181597,California
Riverside,2021-02-04,13546,223893,6068,120451,7478,103442,0,0,11461,162297,2078,30770,11470,193067,California
Riverside,2021-02-05,14314,238207,5400,125851,8914,112356,0,0,11286,170569,3021,33791,11293,204360,California
Riverside,2021-02-06,7255,245462,4281,130132,2974,115330,0,0,5628,174579,1621,35412,5631,209991,California
Riverside,2021-02-07,2204,247666,812,130944,1392,116722,0,0,1893,176162,311,35723,1894,211885,California
Riverside,2021-02-08,12467,260133,5536,136480,6931,123653,0,0,10192,184101,2257,37980,10196,222081,California
Riverside,2021-02-09,9653,269786,4518,140998,5135,128788,0,0,7745,189953,1899,39879,7751,229832,California
Riverside,2021-02-10,12030,281816,6998,147996,5032,133820,0,0,8931,195802,3090,42969,8939,238771,California
Riverside,2021-02-11,16494,298310,9026,157022,7468,141288,0,0,12149,203639,4326,47295,12163,250934,California
Riverside,2021-02-12,17640,315950,10819,167841,6821,148109,0,0,12806,211661,4796,52091,12818,263752,California
Riverside,2021-02-13,6314,322264,2116,169957,4198,152307,0,0,3078,211542,3220,55311,3101,266853,California
Riverside,2021-02-14,4947,327211,1146,171103,3801,156108,0,0,2194,210988,2749,58060,2195,269048,California
Riverside,2021-02-15,9794,337005,4985,176088,4809,160917,0,0,5400,212008,4387,62447,5407,274455,California
Riverside,2021-02-16,16149,353154,10162,186250,5987,166904,0,0,9307,214498,6834,69281,9324,283779,California
Riverside,2021-02-17,14970,368124,8181,194431,6789,173693,0,0,7550,214647,7408,76689,7557,291336,California
Riverside,2021-02-18,15403,383527,8880,203311,6523,180216,0,0,8000,215272,7386,84075,8011,299347,California
Riverside,2021-02-19,15201,398728,8177,211488,7024,187240,0,0,7185,214474,7997,92072,7199,306546,California
Riverside,2021-02-20,7918,406646,4128,215616,3790,191030,0,0,2054,210681,5850,97922,2057,308603,California
Riverside,2021-02-21,3321,409967,2818,218434,503,191533,0,0,1030,209430,2281,100203,1030,309633,California
Riverside,2021-02-22,12201,422168,7619,226053,4582,196115,0,0,5046,207336,7145,107348,5051,314684,California
Riverside,2021-02-23,11061,433229,7551,233604,3510,199625,0,0,5435,207175,5603,112951,5442,320126,California
Riverside,2021-02-24,14710,447939,8045,241649,6665,206290,0,0,6408,205356,8261,121212,6442,326568,California
Riverside,2021-02-25,17084,465023,7289,248938,9795,216085,0,0,7956,204240,9108,130320,7992,334560,California
Riverside,2021-02-26,18178,483201,6682,255620,11496,227581,0,0,9071,204293,9054,139374,9107,343667,California
Riverside,2021-02-27,11270,494471,4896,260516,6374,233955,0,0,5647,204382,5591,144965,5680,349347,California
Riverside,2021-02-28,4630,499101,3005,263521,1625,235580,0,0,2417,204605,2203,147168,2426,351773,California
Riverside,2021-03-01,14101,513202,6021,269542,8079,243659,1,1,8320,207236,5753,152921,8384,360157,California
Riverside,2021-03-02,14698,527900,7219,276761,7478,251137,1,2,8710,210027,5959,158880,8750,368907,California
Riverside,2021-03-03,16124,544024,7895,284656,8229,259366,0,2,6779,207640,9300,168180,6913,375820,California
Riverside,2021-03-04,15207,559231,5601,290257,9602,268968,4,6,7373,207367,7792,175972,7519,383339,California
Riverside,2021-03-05,14992,574223,6216,296473,8742,277710,34,40,7683,208098,7264,183236,7995,391334,California
Riverside,2021-03-06,8116,582339,4197,300670,3486,281196,433,473,4166,208790,3937,187173,4629,395963,California
Riverside,2021-03-07,3925,586264,2636,303306,917,282113,372,845,1861,208978,2056,189229,2244,398207,California
Riverside,2021-03-08,9822,596086,4467,307773,4990,287103,365,1210,4107,207788,5701,194930,4511,402718,California
Riverside,2021-03-09,12575,608661,5913,313686,6214,293317,448,1658,5028,205847,7532,202462,5591,408309,California
Riverside,2021-03-10,12636,621297,6384,320070,5462,298779,790,2448,5005,204175,7599,210061,5927,414236,California
Riverside,2021-03-11,16128,637425,7945,328015,6721,305500,1462,3910,6286,202287,9811,219872,7923,422159,California
Riverside,2021-03-12,17478,654903,6656,334671,6821,312321,4001,7911,5730,200554,11724,231596,9991,432150,California
Riverside,2021-03-13,6751,661654,1937,336608,3739,316060,1075,8986,3583,202145,3154,234750,4745,436895,California
Riverside,2021-03-14,3651,665305,1245,337853,1162,317222,1244,10230,1614,202974,2030,236780,2859,439754,California
Riverside,2021-03-15,17918,683223,7598,345451,8708,325930,1612,11842,8609,204012,9276,246056,10314,450068,California
Riverside,2021-03-16,20244,703467,9701,355152,9706,335636,837,12679,10810,206351,9382,255438,11721,461789,California
Riverside,2021-03-17,20020,723487,10374,365526,8628,344264,1018,13697,11717,210875,8274,263712,12798,474587,California
Riverside,2021-03-18,18433,741920,9653,375179,7286,351550,1494,15191,9904,213796,8490,272202,11411,485998,California
Riverside,2021-03-19,20027,761947,10879,386058,8249,359799,899,16090,11628,218121,8360,280562,12685,498683,California
Riverside,2021-03-20,7907,769854,4854,390912,2081,361880,972,17062,4982,221173,2905,283467,5957,504640,California
Riverside,2021-03-21,3495,773349,2727,393639,534,362414,234,17296,2375,222677,1110,284577,2614,507254,California
Riverside,2021-03-22,16070,789419,9578,403217,5956,368370,536,17832,10165,227516,5868,290445,10707,517961,California
Riverside,2021-03-23,17946,807365,10100,413317,7440,375810,406,18238,11510,233085,6381,296826,11950,529911,California
Riverside,2021-03-24,17980,825345,9962,423279,7888,383698,130,18368,12398,240093,5544,302370,12552,542463,California
Riverside,2021-03-25,20324,845669,11153,434432,8990,392688,181,18549,13697,247531,6571,308941,14009,556472,California
Riverside,2021-03-26,23209,868878,11371,445803,11681,404369,157,18706,14444,253591,8682,317623,14742,571214,California
Riverside,2021-03-27,8694,877572,4399,450202,3271,407640,1024,19730,4343,254678,4334,321957,5421,576635,California
Riverside,2021-03-28,4466,882038,2867,453069,1511,409151,88,19818,2659,255657,1800,323757,2779,579414,California
Riverside,2021-03-29,14770,896808,7357,460426,7296,416447,117,19935,9385,259902,5355,329112,9600,589014,California
Riverside,2021-03-30,16063,912871,7821,468247,8040,424487,202,20137,10449,265026,5581,334693,10705,599719,California
Riverside,2021-03-31,16368,929239,7373,475620,8709,433196,286,20423,10571,270244,5754,340447,10972,610691,California
Riverside,2021-04-01,22678,951917,10772,486392,11578,444774,328,20751,15330,278875,7305,347752,15936,626627,California
Riverside,2021-04-02,22624,974541,12019,498411,10146,454920,459,21210,14353,286409,8224,355976,15758,642385,California
Riverside,2021-04-03,4423,978964,3343,501754,867,455787,213,21423,3149,288719,1268,357244,3578,645963,California
Sacramento,2020-12-15,314,314,314,314,0,0,0,0,314,314,0,0,314,314,California
Sacramento,2020-12-16,645,959,645,959,0,0,0,0,645,959,0,0,645,959,California
Sacramento,2020-12-17,648,1607,648,1607,0,0,0,0,648,1607,0,0,648,1607,California
Sacramento,2020-12-18,971,2578,968,2575,3,3,0,0,971,2578,0,0,971,2578,California
Sacramento,2020-12-19,615,3193,615,3190,0,3,0,0,615,3193,0,0,615,3193,California
Sacramento,2020-12-20,633,3826,633,3823,0,3,0,0,633,3826,0,0,633,3826,California
Sacramento,2020-12-21,1672,5498,1671,5494,1,4,0,0,1673,5499,0,0,1673,5499,California
Sacramento,2020-12-22,2095,7593,2064,7558,31,35,0,0,2095,7594,0,0,2095,7594,California
Sacramento,2020-12-23,2239,9832,2075,9633,164,199,0,0,2239,9833,0,0,2239,9833,California
Sacramento,2020-12-24,1044,10876,832,10465,212,411,0,0,1043,10875,1,1,1043,10876,California
Sacramento,2020-12-25,1,10877,0,10465,1,412,0,0,1,10876,0,1,1,10877,California
Sacramento,2020-12-26,508,11385,291,10756,217,629,0,0,508,11384,0,1,508,11385,California
Sacramento,2020-12-27,349,11734,247,11003,102,731,0,0,349,11733,0,1,349,11734,California
Sacramento,2020-12-28,1899,13633,1321,12324,578,1309,0,0,1898,13630,1,2,1898,13632,California
Sacramento,2020-12-29,1943,15576,1185,13509,758,2067,0,0,1943,15573,0,2,1943,15575,California
Sacramento,2020-12-30,2556,18132,1462,14971,1094,3161,0,0,2557,18130,0,2,2557,18132,California
Sacramento,2020-12-31,1216,19348,690,15661,526,3687,0,0,1216,19346,0,2,1216,19348,California
Sacramento,2021-01-01,69,19417,60,15721,9,3696,0,0,69,19415,0,2,69,19417,California
Sacramento,2021-01-02,566,19983,362,16083,204,3900,0,0,566,19981,0,2,566,19983,California
Sacramento,2021-01-03,409,20392,221,16304,188,4088,0,0,409,20390,0,2,409,20392,California
Sacramento,2021-01-04,1965,22357,848,17152,1117,5205,0,0,1961,22348,3,5,1961,22353,California
Sacramento,2021-01-05,2197,24554,988,18140,1209,6414,0,0,1850,23850,348,353,1850,24203,California
Sacramento,2021-01-06,2728,27282,1630,19770,1098,7512,0,0,1952,25029,773,1126,1952,26155,California
Sacramento,2021-01-07,2821,30103,1506,21276,1315,8827,0,0,1957,26125,862,1988,1958,28113,California
Sacramento,2021-01-08,3278,33381,2087,23363,1191,10018,0,0,2245,27341,1030,3018,2246,30359,California
Sacramento,2021-01-09,1287,34668,800,24163,487,10505,0,0,897,27850,388,3406,897,31256,California
Sacramento,2021-01-10,1242,35910,711,24874,531,11036,0,0,771,28152,470,3876,772,32028,California
Sacramento,2021-01-11,4326,40236,2939,27813,1387,12423,0,0,2407,28642,1918,5794,2408,34436,California
Sacramento,2021-01-12,4396,44632,3021,30834,1375,13798,0,0,2438,29123,1957,7751,2438,36874,California
Sacramento,2021-01-13,3764,48396,2160,32994,1604,15402,0,0,2352,30065,1411,9162,2353,39227,California
Sacramento,2021-01-14,4570,52966,2346,35340,2224,17626,0,0,3652,32803,914,10076,3652,42879,California
Sacramento,2021-01-15,4392,57358,2269,37609,2123,19749,0,0,3665,35746,725,10801,3668,46547,California
Sacramento,2021-01-16,2091,59449,1293,38902,798,20547,0,0,1874,37403,217,11018,1874,48421,California
Sacramento,2021-01-17,1633,61082,952,39854,681,21228,0,0,1456,38684,177,11195,1458,49879,California
Sacramento,2021-01-18,2847,63929,1763,41617,1084,22312,0,0,2324,40486,523,11718,2325,52204,California
Sacramento,2021-01-19,4598,68527,3050,44667,1548,23860,0,0,3337,42568,1261,12979,3343,55547,California
Sacramento,2021-01-20,4750,73277,2813,47480,1937,25797,0,0,3546,44911,1206,14185,3549,59096,California
Sacramento,2021-01-21,5168,78445,2982,50462,2186,27983,0,0,4205,48160,957,15142,4206,63302,California
Sacramento,2021-01-22,4958,83403,2637,53099,2321,30304,0,0,4653,52510,303,15445,4653,67955,California
Sacramento,2021-01-23,3722,87125,1557,54656,2165,32469,0,0,3268,55324,454,15899,3268,71223,California
Sacramento,2021-01-24,1551,88676,974,55630,577,33046,0,0,1314,56401,237,16136,1314,72537,California
Sacramento,2021-01-25,4337,93013,2112,57742,2225,35271,0,0,2920,57909,1417,17553,2925,75462,California
Sacramento,2021-01-26,4675,97688,2128,59870,2547,37818,0,0,3474,60188,1199,18752,3478,78940,California
Sacramento,2021-01-27,5783,103471,3043,62913,2740,40558,0,0,4182,62775,1597,20349,4184,83124,California
Sacramento,2021-01-28,5328,108799,2700,65613,2628,43186,0,0,4244,65937,1083,21432,4245,87369,California
Sacramento,2021-01-29,5355,114154,2928,68541,2427,45613,0,0,4339,69269,1010,22442,4342,91711,California
Sacramento,2021-01-30,4482,118636,2187,70728,2295,47908,0,0,4053,72893,429,22871,4053,95764,California
Sacramento,2021-01-31,2284,120920,1996,72724,288,48196,0,0,2003,74619,278,23149,2004,97768,California
Sacramento,2021-02-01,5883,126803,3002,75726,2881,51077,0,0,4232,77203,1649,24798,4233,102001,California
Sacramento,2021-02-02,6807,133610,3738,79464,3069,54146,0,0,4750,79904,2050,26848,4751,106752,California
Sacramento,2021-02-03,7040,140650,3539,83003,3501,57647,0,0,5191,83257,1840,28688,5193,111945,California
Sacramento,2021-02-04,7666,148316,3619,86622,4047,61694,0,0,5470,86541,2186,30874,5470,117415,California
Sacramento,2021-02-05,7695,156011,4355,90977,3340,65034,0,0,4797,88463,2877,33751,4799,122214,California
Sacramento,2021-02-06,8385,164396,3426,94403,4959,69993,0,0,7060,94201,1323,35074,7061,129275,California
Sacramento,2021-02-07,4004,168400,2126,96529,1878,71871,0,0,2786,95777,1211,36285,2787,132062,California
Sacramento,2021-02-08,6168,174568,3187,99716,2981,74852,0,0,3864,97342,2300,38585,3865,135927,California
Sacramento,2021-02-09,6706,181274,3511,103227,3195,78047,0,0,3921,98483,2780,41365,3921,139848,California
Sacramento,2021-02-10,7587,188861,4173,107400,3414,81461,0,0,4481,99873,3094,44459,4484,144332,California
Sacramento,2021-02-11,8637,197498,4950,112350,3687,85148,0,0,4694,100638,3930,48389,4695,149027,California
Sacramento,2021-02-12,10371,207869,4122,116472,6249,91397,0,0,6239,102782,4097,52486,6241,155268,California
Sacramento,2021-02-13,7518,215387,2972,119444,4546,95943,0,0,5945,107156,1571,54057,5945,161213,California
Sacramento,2021-02-14,3008,218395,1896,121340,1112,97055,0,0,1993,108142,1012,55069,1998,163211,California
Sacramento,2021-02-15,5665,224060,2020,123360,3645,100700,0,0,3905,110299,1753,56822,3910,167121,California
Sacramento,2021-02-16,8816,232876,4190,127550,4626,105326,0,0,5261,112017,3548,60370,5266,172387,California
Sacramento,2021-02-17,8642,241518,4967,132517,3675,109001,0,0,5034,113456,3598,63968,5037,177424,California
Sacramento,2021-02-18,8753,250271,5024,137541,3729,112730,0,0,5024,114761,3722,67690,5027,182451,California
Sacramento,2021-02-19,9968,260239,6119,143660,3849,116579,0,0,5889,116589,4065,71755,5893,188344,California
Sacramento,2021-02-20,7279,267518,5332,148992,1947,118526,0,0,4243,117804,3029,74784,4244,192588,California
Sacramento,2021-02-21,2754,270272,2191,151183,563,119089,0,0,933,116924,1815,76599,935,193523,California
Sacramento,2021-02-22,6110,276382,3708,154891,2402,121491,0,0,2636,116099,3467,80066,2642,196165,California
Sacramento,2021-02-23,6871,283253,4385,159276,2486,123977,0,0,3422,116087,3436,83502,3424,199589,California
Sacramento,2021-02-24,9264,292517,5252,164528,4012,127989,0,0,5067,116981,4178,87680,5072,204661,California
Sacramento,2021-02-25,9632,302149,5325,169853,4307,132296,0,0,5282,117925,4339,92019,5283,209944,California
Sacramento,2021-02-26,13359,315508,6392,176245,6967,139263,0,0,9200,122998,4130,96149,9203,219147,California
Sacramento,2021-02-27,10498,326006,6506,182751,3992,143255,0,0,7717,127952,2766,98915,7720,226867,California
Sacramento,2021-02-28,5419,331425,2121,184872,3298,146553,0,0,2491,127533,2915,101830,2496,229363,California
Sacramento,2021-03-01,7726,339151,3377,188249,4349,150902,0,0,4090,128010,3617,105447,4094,233457,California
Sacramento,2021-03-02,8609,347760,3934,192183,4674,155576,1,1,5349,130117,3248,108695,5355,238812,California
Sacramento,2021-03-03,9404,357164,4591,196774,4811,160387,2,3,5466,131662,3923,112618,5468,244280,California
Sacramento,2021-03-04,10098,367262,4384,201158,5711,166098,3,6,5521,132639,4553,117171,5530,249810,California
Sacramento,2021-03-05,8248,375510,3691,204849,4529,170627,28,34,5038,134516,3189,120360,5066,254876,California
Sacramento,2021-03-06,7092,382602,2787,207636,4185,174812,120,154,3588,134743,3485,123845,3712,258588,California
Sacramento,2021-03-07,7398,390000,2134,209770,5181,179993,83,237,3575,134581,3819,127664,3657,262245,California
Sacramento,2021-03-08,8575,398575,4121,213891,4250,184243,204,441,5551,137325,3014,130678,5758,268003,California
Sacramento,2021-03-09,9216,407791,4413,218304,4544,188787,259,700,5272,138924,3931,134609,5530,273533,California
Sacramento,2021-03-10,10732,418523,7258,225562,3188,191975,286,986,6064,140626,4650,139259,6352,279885,California
Sacramento,2021-03-11,12807,431330,8268,233830,3829,195804,710,1696,7462,143470,5326,144585,8170,288055,California
Sacramento,2021-03-12,15540,446870,7448,241278,7334,203138,758,2454,7055,142851,8453,153038,7834,295889,California
Sacramento,2021-03-13,12094,458964,3472,244750,8224,211362,398,2852,7664,146513,4419,157457,8081,303970,California
Sacramento,2021-03-14,7522,466486,3257,248007,3645,215007,620,3472,4092,147813,3411,160868,4711,308681,California
Sacramento,2021-03-15,11319,477805,4751,252758,5908,220915,660,4132,6511,150202,4789,165657,7178,315859,California
Sacramento,2021-03-16,13461,491266,6070,258828,6761,227676,630,4762,8208,153813,5228,170885,8839,324698,California
Sacramento,2021-03-17,12427,503693,6190,265018,5658,233334,579,5341,7902,157798,4498,175383,8483,333181,California
Sacramento,2021-03-18,10698,514391,5137,270155,5108,238442,453,5794,6861,161301,3811,179194,7314,340495,California
Sacramento,2021-03-19,11781,526172,6041,276196,4674,243116,1066,6860,5563,161738,6197,185391,6634,347129,California
Sacramento,2021-03-20,8506,534678,5242,281438,3067,246183,197,7057,5313,164074,3176,188567,5512,352641,California
Sacramento,2021-03-21,5472,540150,2690,284128,2742,248925,40,7097,4840,168337,625,189192,4888,357529,California
Sacramento,2021-03-22,8947,549097,4640,288768,3560,252485,747,7844,6020,172201,2911,192103,6775,364304,California
Sacramento,2021-03-23,10763,559860,6506,295274,3487,255972,770,8614,6882,176028,3843,195946,7670,371974,California
Sacramento,2021-03-24,11102,570962,7043,302317,3474,259446,585,9199,6392,178390,4681,200627,7043,379017,California
Sacramento,2021-03-25,11827,582789,6539,308856,4497,263943,791,9990,6818,181204,4982,205609,7796,386813,California
Sacramento,2021-03-26,16632,599421,7906,316762,8241,272184,485,10475,8007,182035,8579,214188,9410,396223,California
Sacramento,2021-03-27,9305,608726,3416,320178,5608,277792,281,10756,5009,183281,4268,218456,5514,401737,California
Sacramento,2021-03-28,6257,614983,3079,323257,2931,280723,247,11003,2949,183204,3304,221760,3227,404964,California
Sacramento,2021-03-29,10275,625258,5655,328912,4423,285146,197,11200,4877,182979,5376,227136,5151,410115,California
Sacramento,2021-03-30,11085,636343,5846,334758,4962,290108,277,11477,5748,183744,5321,232457,6086,416201,California
Sacramento,2021-03-31,12699,649042,7529,342287,4797,294905,373,11850,5519,182915,7154,239611,6325,422526,California
Sacramento,2021-04-01,14171,663213,8131,350418,5921,300826,119,11969,5267,180603,8880,248491,6568,429094,California
Sacramento,2021-04-02,14065,677278,7603,358021,5833,306659,629,12598,7275,182507,6759,255250,8663,437757,California
Sacramento,2021-04-03,6033,683311,3519,361540,2157,308816,357,12955,3868,184780,2148,257398,4421,442178,California
San Benito,2020-12-16,2,2,2,2,0,0,0,0,2,2,0,0,2,2,California
San Benito,2020-12-17,9,11,9,11,0,0,0,0,9,11,0,0,9,11,California
San Benito,2020-12-18,34,45,34,45,0,0,0,0,34,45,0,0,34,45,California
San Benito,2020-12-19,48,93,48,93,0,0,0,0,48,93,0,0,48,93,California
San Benito,2020-12-20,22,115,21,114,1,1,0,0,22,115,0,0,22,115,California
San Benito,2020-12-21,47,162,47,161,0,1,0,0,47,162,0,0,47,162,California
San Benito,2020-12-22,59,221,59,220,0,1,0,0,59,221,0,0,59,221,California
San Benito,2020-12-23,48,269,36,256,12,13,0,0,48,269,0,0,48,269,California
San Benito,2020-12-24,12,281,4,260,8,21,0,0,12,281,0,0,12,281,California
San Benito,2020-12-25,4,285,4,264,0,21,0,0,4,285,0,0,4,285,California
San Benito,2020-12-26,13,298,4,268,9,30,0,0,13,298,0,0,13,298,California
San Benito,2020-12-27,8,306,7,275,1,31,0,0,8,306,0,0,8,306,California
San Benito,2020-12-28,63,369,36,311,27,58,0,0,63,369,0,0,63,369,California
San Benito,2020-12-29,49,418,20,331,29,87,0,0,49,418,0,0,49,418,California
San Benito,2020-12-30,59,477,36,367,23,110,0,0,59,477,0,0,59,477,California
San Benito,2020-12-31,19,496,2,369,17,127,0,0,19,496,0,0,19,496,California
San Benito,2021-01-02,25,521,24,393,1,128,0,0,25,521,0,0,25,521,California
San Benito,2021-01-03,3,524,1,394,2,130,0,0,3,524,0,0,3,524,California
San Benito,2021-01-04,62,586,23,417,39,169,0,0,62,586,0,0,62,586,California
San Benito,2021-01-05,118,704,36,453,82,251,0,0,115,698,3,3,115,701,California
San Benito,2021-01-06,95,799,40,493,55,306,0,0,81,765,14,17,81,782,California
San Benito,2021-01-07,78,877,42,535,36,342,0,0,51,789,27,44,51,833,California
San Benito,2021-01-08,129,1006,66,601,63,405,0,0,87,834,42,86,87,920,California
San Benito,2021-01-09,44,1050,32,633,12,417,0,0,29,848,15,101,29,949,California
San Benito,2021-01-10,16,1066,14,647,2,419,0,0,5,842,11,112,5,954,California
San Benito,2021-01-11,97,1163,54,701,43,462,0,0,49,843,48,160,49,1003,California
San Benito,2021-01-12,154,1317,51,752,103,565,0,0,119,927,35,195,119,1122,California
San Benito,2021-01-13,187,1504,33,785,154,719,0,0,162,1064,25,220,162,1284,California
San Benito,2021-01-14,116,1620,27,812,89,808,0,0,97,1142,19,239,97,1381,California
San Benito,2021-01-15,213,1833,21,833,192,1000,0,0,199,1327,14,253,199,1580,California
San Benito,2021-01-16,29,1862,10,843,19,1019,0,0,23,1344,6,259,23,1603,California
San Benito,2021-01-17,10,1872,5,848,5,1024,0,0,7,1348,3,262,7,1610,California
San Benito,2021-01-18,38,1910,24,872,14,1038,0,0,22,1354,16,278,22,1632,California
San Benito,2021-01-19,150,2060,63,935,87,1125,0,0,124,1452,26,304,124,1756,California
San Benito,2021-01-20,260,2320,80,1015,180,1305,0,0,215,1623,44,348,215,1971,California
San Benito,2021-01-21,123,2443,30,1045,93,1398,0,0,99,1698,24,372,99,2070,California
San Benito,2021-01-22,232,2675,20,1065,212,1610,0,0,221,1908,11,383,221,2291,California
San Benito,2021-01-23,32,2707,18,1083,14,1624,0,0,14,1904,18,401,14,2305,California
San Benito,2021-01-24,11,2718,3,1086,8,1632,0,0,7,1907,4,405,7,2312,California
San Benito,2021-01-25,67,2785,25,1111,42,1674,0,0,22,1884,45,450,22,2334,California
San Benito,2021-01-26,135,2920,41,1152,94,1768,0,0,82,1913,53,503,82,2416,California
San Benito,2021-01-27,231,3151,69,1221,162,1930,0,0,190,2062,41,544,190,2606,California
San Benito,2021-01-28,153,3304,30,1251,123,2053,0,0,122,2154,30,574,122,2728,California
San Benito,2021-01-29,286,3590,32,1283,254,2307,0,0,262,2393,23,597,262,2990,California
San Benito,2021-01-30,45,3635,27,1310,18,2325,0,0,26,2400,19,616,26,3016,California
San Benito,2021-01-31,22,3657,10,1320,12,2337,0,0,12,2403,9,625,12,3028,California
San Benito,2021-02-01,134,3791,29,1349,105,2442,0,0,88,2445,46,671,88,3116,California
San Benito,2021-02-02,224,4015,48,1397,176,2618,0,0,134,2489,90,761,134,3250,California
San Benito,2021-02-03,333,4348,41,1438,292,2910,0,0,269,2694,64,825,269,3519,California
San Benito,2021-02-04,159,4507,24,1462,135,3045,0,0,116,2767,43,868,116,3635,California
San Benito,2021-02-05,291,4798,40,1502,251,3296,0,0,229,2934,62,930,229,3864,California
San Benito,2021-02-06,50,4848,10,1512,40,3336,0,0,34,2952,16,946,34,3898,California
San Benito,2021-02-07,14,4862,6,1518,8,3344,0,0,13,2964,1,947,13,3911,California
San Benito,2021-02-08,132,4994,15,1533,117,3461,0,0,87,3006,45,992,87,3998,California
San Benito,2021-02-09,324,5318,63,1596,261,3722,0,0,193,3068,131,1123,193,4191,California
San Benito,2021-02-10,321,5639,89,1685,232,3954,0,0,125,2998,195,1318,125,4316,California
San Benito,2021-02-11,286,5925,29,1714,257,4211,0,0,191,3094,95,1413,191,4507,California
San Benito,2021-02-12,412,6337,30,1744,382,4593,0,0,208,3099,203,1616,208,4715,California
San Benito,2021-02-13,60,6397,9,1753,51,4644,0,0,45,3129,15,1631,45,4760,California
San Benito,2021-02-14,40,6437,5,1758,35,4679,0,0,30,3149,10,1641,30,4790,California
San Benito,2021-02-15,106,6543,9,1767,97,4776,0,0,95,3233,11,1652,95,4885,California
San Benito,2021-02-16,206,6749,12,1779,194,4970,0,0,107,3240,100,1752,107,4992,California
San Benito,2021-02-17,319,7068,30,1809,289,5259,0,0,271,3463,48,1800,271,5263,California
San Benito,2021-02-18,293,7361,38,1847,255,5514,0,0,71,3312,222,2022,71,5334,California
San Benito,2021-02-19,317,7678,40,1887,277,5791,0,0,151,3297,166,2188,151,5485,California
San Benito,2021-02-20,44,7722,26,1913,18,5809,0,0,35,3323,9,2197,35,5520,California
San Benito,2021-02-21,26,7748,11,1924,15,5824,0,0,16,3330,9,2206,16,5536,California
San Benito,2021-02-22,126,7874,33,1957,93,5917,0,0,94,3392,32,2238,94,5630,California
San Benito,2021-02-23,368,8242,90,2047,278,6195,0,0,236,3517,132,2370,257,5887,California
San Benito,2021-02-24,369,8611,62,2109,307,6502,0,0,232,3612,137,2507,232,6119,California
San Benito,2021-02-25,390,9001,63,2172,327,6829,0,0,268,3757,123,2630,268,6387,California
San Benito,2021-02-26,631,9632,70,2242,561,7390,0,0,390,3906,241,2871,390,6777,California
San Benito,2021-02-27,96,9728,34,2276,62,7452,0,0,81,3972,15,2886,81,6858,California
San Benito,2021-02-28,229,9957,19,2295,210,7662,0,0,221,4185,8,2894,221,7079,California
San Benito,2021-03-01,222,10179,58,2353,164,7826,0,0,153,4268,70,2964,153,7232,California
San Benito,2021-03-02,251,10430,73,2426,178,8004,0,0,184,4385,67,3031,184,7416,California
San Benito,2021-03-03,370,10800,48,2474,322,8326,0,0,197,4411,171,3202,197,7613,California
San Benito,2021-03-04,539,11339,113,2587,411,8737,15,15,361,4603,178,3380,370,7983,California
San Benito,2021-03-05,547,11886,288,2875,244,8981,15,30,342,4756,204,3584,357,8340,California
San Benito,2021-03-06,174,12060,63,2938,98,9079,13,43,128,4851,46,3630,141,8481,California
San Benito,2021-03-07,613,12673,572,3510,18,9097,23,66,579,5419,34,3664,602,9083,California
San Benito,2021-03-08,261,12934,64,3574,171,9268,26,92,159,5503,102,3766,186,9269,California
San Benito,2021-03-09,255,13189,77,3651,113,9381,65,157,123,5561,131,3897,189,9458,California
San Benito,2021-03-10,371,13560,103,3754,178,9559,90,247,208,5695,163,4060,297,9755,California
San Benito,2021-03-11,405,13965,100,3854,195,9754,110,357,187,5774,218,4278,297,10052,California
San Benito,2021-03-12,461,14426,118,3972,276,10030,67,424,219,5821,240,4518,287,10339,California
San Benito,2021-03-13,174,14600,96,4068,63,10093,15,439,109,5883,62,4580,124,10463,California
San Benito,2021-03-14,205,14805,40,4108,145,10238,20,459,166,6031,38,4618,186,10649,California
San Benito,2021-03-15,310,15115,95,4203,196,10434,19,478,182,6104,128,4746,201,10850,California
San Benito,2021-03-16,457,15572,203,4406,223,10657,31,509,313,6305,144,4890,345,11195,California
San Benito,2021-03-17,649,16221,455,4861,181,10838,13,522,522,6716,124,5014,535,11730,California
San Benito,2021-03-18,590,16811,452,5313,100,10938,38,560,479,7123,110,5124,517,12247,California
San Benito,2021-03-19,655,17466,353,5666,281,11219,21,581,497,7483,158,5282,518,12765,California
San Benito,2021-03-20,193,17659,130,5796,53,11272,10,591,150,7600,43,5325,160,12925,California
San Benito,2021-03-21,105,17764,53,5849,47,11319,5,596,78,7656,27,5352,83,13008,California
San Benito,2021-03-22,321,18085,166,6015,130,11449,25,621,223,7806,98,5450,248,13256,California
San Benito,2021-03-23,456,18541,196,6211,257,11706,3,624,219,7793,237,5687,224,13480,California
San Benito,2021-03-24,531,19072,289,6500,235,11941,7,631,345,7960,186,5873,353,13833,California
San Benito,2021-03-25,691,19763,404,6904,283,12224,4,635,404,8087,285,6158,412,14245,California
San Benito,2021-03-26,963,20726,494,7398,467,12691,2,637,305,7750,657,6815,320,14565,California
San Benito,2021-03-27,296,21022,176,7574,86,12777,34,671,178,7846,117,6932,213,14778,California
San Benito,2021-03-28,636,21658,564,8138,68,12845,4,675,118,7473,518,7450,145,14923,California
San Benito,2021-03-29,322,21980,101,8239,202,13047,19,694,131,7436,191,7641,154,15077,California
San Benito,2021-03-30,538,22518,256,8495,196,13243,86,780,267,7528,271,7912,363,15440,California
San Benito,2021-03-31,560,23078,343,8838,194,13437,23,803,325,7651,233,8145,356,15796,California
San Benito,2021-04-01,751,23829,353,9191,380,13817,18,821,526,7989,224,8369,562,16358,California
San Benito,2021-04-02,504,24333,246,9437,124,13941,134,955,241,8111,263,8632,385,16743,California
San Benito,2021-04-03,115,24448,52,9489,59,14000,4,959,31,8067,84,8716,40,16783,California
San Bernardino,2020-12-15,12,12,12,12,0,0,0,0,12,12,0,0,12,12,California
San Bernardino,2020-12-16,109,121,109,121,0,0,0,0,109,121,0,0,109,121,California
San Bernardino,2020-12-17,2343,2464,2343,2464,0,0,0,0,2343,2464,0,0,2343,2464,California
San Bernardino,2020-12-18,3140,5604,3137,5601,3,3,0,0,3141,5605,0,0,3141,5605,California
San Bernardino,2020-12-19,1068,6672,1067,6668,1,4,0,0,1069,6674,0,0,1069,6674,California
San Bernardino,2020-12-20,1172,7844,1171,7839,1,5,0,0,1173,7847,0,0,1173,7847,California
San Bernardino,2020-12-21,2456,10300,2451,10290,5,10,0,0,2456,10303,0,0,2456,10303,California
San Bernardino,2020-12-22,2271,12571,2148,12438,123,133,0,0,2272,12575,0,0,2272,12575,California
San Bernardino,2020-12-23,2646,15217,1452,13890,1194,1327,0,0,2645,15220,0,0,2645,15220,California
San Bernardino,2020-12-24,1160,16377,587,14477,573,1900,0,0,1162,16382,0,0,1162,16382,California
San Bernardino,2020-12-25,75,16452,14,14491,61,1961,0,0,75,16457,0,0,75,16457,California
San Bernardino,2020-12-26,461,16913,253,14744,208,2169,0,0,461,16918,0,0,461,16918,California
San Bernardino,2020-12-27,344,17257,161,14905,183,2352,0,0,344,17262,0,0,344,17262,California
San Bernardino,2020-12-28,1559,18816,709,15614,850,3202,0,0,1560,18822,0,0,1560,18822,California
San Bernardino,2020-12-29,2209,21025,1042,16656,1167,4369,0,0,2207,21027,2,2,2207,21029,California
San Bernardino,2020-12-30,2890,23915,1459,18115,1431,5800,0,0,2891,23918,0,2,2891,23920,California
San Bernardino,2020-12-31,1352,25267,440,18555,912,6712,0,0,1350,25268,0,2,1350,25270,California
San Bernardino,2021-01-01,275,25542,150,18705,125,6837,0,0,274,25542,0,2,274,25544,California
San Bernardino,2021-01-02,475,26017,339,19044,136,6973,0,0,475,26017,0,2,475,26019,California
San Bernardino,2021-01-03,135,26152,86,19130,49,7022,0,0,135,26152,0,2,135,26154,California
San Bernardino,2021-01-04,2115,28267,1288,20418,827,7849,0,0,2114,28266,0,2,2114,28268,California
San Bernardino,2021-01-05,2330,30597,1459,21877,871,8720,0,0,2216,30373,109,111,2216,30484,California
San Bernardino,2021-01-06,3418,34015,2349,24226,1069,9789,0,0,2930,32824,482,593,2933,33417,California
San Bernardino,2021-01-07,5376,39391,4484,28710,892,10681,0,0,2456,32381,2901,3494,2458,35875,California
San Bernardino,2021-01-08,5350,44741,4438,33148,912,11593,0,0,2273,31585,3071,6565,2275,38150,California
San Bernardino,2021-01-09,1395,46136,1098,34246,297,11890,0,0,900,31990,495,7060,900,39050,California
San Bernardino,2021-01-10,1022,47158,600,34846,422,12312,0,0,574,32116,448,7508,574,39624,California
San Bernardino,2021-01-11,4982,52140,4085,38931,897,13209,0,0,2763,32663,2216,9724,2763,42387,California
San Bernardino,2021-01-12,4225,56365,3224,42155,1001,14210,0,0,2510,33459,1714,11438,2510,44897,California
San Bernardino,2021-01-13,4540,60905,2844,44999,1696,15906,0,0,3314,35562,1213,12651,3316,48213,California
San Bernardino,2021-01-14,4739,65644,2777,47776,1962,17868,0,0,4159,39145,576,13227,4159,52372,California
San Bernardino,2021-01-15,5949,71593,2962,50738,2987,20855,0,0,5554,44316,385,13612,5556,57928,California
San Bernardino,2021-01-16,2254,73847,1292,52030,962,21817,0,0,2113,46288,141,13753,2113,60041,California
San Bernardino,2021-01-17,1187,75034,514,52544,673,22490,0,0,1099,47301,87,13840,1100,61141,California
San Bernardino,2021-01-18,4268,79302,2638,55182,1630,24120,0,0,3649,50333,618,14458,3650,64791,California
San Bernardino,2021-01-19,6291,85593,3703,58885,2588,26708,0,0,5201,54449,1088,15546,5204,69995,California
San Bernardino,2021-01-20,6799,92392,3729,62614,3070,29778,0,0,4871,57401,1921,17467,4873,74868,California
San Bernardino,2021-01-21,5993,98385,3087,65701,2906,32684,0,0,4870,61159,1113,18580,4871,79739,California
San Bernardino,2021-01-22,6504,104889,3038,68739,3466,36150,0,0,5777,66213,726,19306,5780,85519,California
San Bernardino,2021-01-23,3101,107990,1888,70627,1213,37363,0,0,2712,68537,388,19694,2712,88231,California
San Bernardino,2021-01-24,1187,109177,460,71087,727,38090,0,0,1088,69526,99,19793,1088,89319,California
San Bernardino,2021-01-25,6862,116039,3394,74481,3468,41558,0,0,5020,72714,1840,21633,5028,94347,California
San Bernardino,2021-01-26,7078,123117,3554,78035,3524,45082,0,0,5000,75637,2078,23711,5001,99348,California
San Bernardino,2021-01-27,8236,131353,4105,82140,4131,49213,0,0,5546,78503,2680,26391,5546,104894,California
San Bernardino,2021-01-28,8533,139886,4051,86191,4482,53695,0,0,6230,82434,2299,28690,6230,111124,California
San Bernardino,2021-01-29,8120,148006,3733,89924,4387,58082,0,0,6178,86684,1929,30619,6179,117303,California
San Bernardino,2021-01-30,3068,151074,1894,91818,1174,59256,0,0,2789,89195,278,30897,2789,120092,California
San Bernardino,2021-01-31,918,151992,488,92306,430,59686,0,0,864,90006,53,30950,864,120956,California
San Bernardino,2021-02-01,7509,159501,4216,96522,3293,62979,0,0,4895,92294,2611,33561,4899,125855,California
San Bernardino,2021-02-02,10356,169857,3647,100169,6709,69688,0,0,8310,98563,2042,35603,8311,134166,California
San Bernardino,2021-02-03,8955,178812,4145,104314,4810,74498,0,0,6487,102590,2461,38064,6488,140654,California
San Bernardino,2021-02-04,10571,189383,5290,109604,5281,79779,0,0,7510,107050,3051,41115,7511,148165,California
San Bernardino,2021-02-05,10934,200317,5910,115514,5024,84803,0,0,7422,110971,3502,44617,7423,155588,California
San Bernardino,2021-02-06,5249,205566,2213,117727,3036,87839,0,0,3613,112977,1611,46228,3617,159205,California
San Bernardino,2021-02-07,846,206412,496,118223,350,88189,0,0,475,113085,368,46596,476,159681,California
San Bernardino,2021-02-08,7259,213671,3868,122091,3391,91580,0,0,5608,117043,1650,48246,5608,165289,California
San Bernardino,2021-02-09,9872,223543,5814,127905,4058,95638,0,0,6663,120502,3206,51452,6665,171954,California
San Bernardino,2021-02-10,11989,235532,6534,134439,5455,101093,0,0,7828,124181,4150,55602,7829,179783,California
San Bernardino,2021-02-11,12202,247734,7043,141482,5159,106252,0,0,7799,127604,4380,59982,7803,187586,California
San Bernardino,2021-02-12,10322,258056,5924,147406,4398,110650,0,0,5672,128638,4638,64620,5672,193258,California
San Bernardino,2021-02-13,5996,264052,3980,151386,2016,112666,0,0,3767,130196,2214,66834,3772,197030,California
San Bernardino,2021-02-14,1539,265591,642,152028,897,113563,0,0,867,130400,664,67498,868,197898,California
San Bernardino,2021-02-15,5468,271059,3011,155039,2457,116020,0,0,3070,131087,2383,69881,3070,200968,California
San Bernardino,2021-02-16,12565,283624,7390,162429,5175,121195,0,0,7961,134455,4593,74474,7961,208929,California
San Bernardino,2021-02-17,11747,295371,6464,168893,5283,126478,0,0,7135,136994,4598,79072,7137,216066,California
San Bernardino,2021-02-18,12397,307768,7566,176459,4831,131309,0,0,7671,139955,4711,83783,7672,223738,California
San Bernardino,2021-02-19,11446,319214,5911,182370,5535,136844,0,0,6761,142050,4667,88450,6762,230500,California
San Bernardino,2021-02-20,4498,323712,3448,185818,1050,137894,0,0,2056,141665,2441,90891,2056,232556,California
San Bernardino,2021-02-21,905,324617,445,186263,460,138354,0,0,273,141308,630,91521,273,232829,California
San Bernardino,2021-02-22,8458,333075,5169,191432,3289,141643,0,0,4031,140922,4419,95940,4033,236862,California
San Bernardino,2021-02-23,8782,341857,5194,196626,3588,145231,0,0,4535,141238,4219,100159,4535,241397,California
San Bernardino,2021-02-24,11974,353831,6855,203481,5119,150350,0,0,6079,141451,5871,106030,6084,247481,California
San Bernardino,2021-02-25,12807,366638,6242,209723,6565,156915,0,0,7396,143459,5393,111423,7401,254882,California
San Bernardino,2021-02-26,13160,379798,6306,216029,6854,163769,0,0,7439,145231,5668,117091,7440,262322,California
San Bernardino,2021-02-27,6554,386352,3655,219684,2899,166668,0,0,4758,148202,1787,118878,4758,267080,California
San Bernardino,2021-02-28,1738,388090,726,220410,1012,167680,0,0,1143,148756,590,119468,1144,268224,California
San Bernardino,2021-03-01,8186,396276,4154,224564,4031,171711,1,1,3820,148240,4347,123815,3831,272055,California
San Bernardino,2021-03-02,13415,409691,5313,229877,8102,179813,0,1,6389,147631,7000,130815,6391,278446,California
San Bernardino,2021-03-03,12141,421832,6140,236017,5999,185812,2,3,5565,146642,6559,137374,5570,284016,California
San Bernardino,2021-03-04,11796,433628,6140,242157,5655,191467,1,4,5413,145693,6366,143740,5417,289433,California
San Bernardino,2021-03-05,11837,445465,5982,248139,5854,197321,1,5,6127,146166,5684,149424,6157,295590,California
San Bernardino,2021-03-06,7653,453118,4169,252308,3279,200600,205,210,3649,146033,3989,153413,3856,299446,California
San Bernardino,2021-03-07,1477,454595,910,253218,510,201110,57,267,946,146507,529,153942,1003,300449,California
San Bernardino,2021-03-08,6957,461552,3008,256226,3814,204924,135,402,3350,146390,3603,157545,3486,303935,California
San Bernardino,2021-03-09,11745,473297,6434,262660,5086,210010,225,627,4642,144169,7095,164640,4874,308809,California
San Bernardino,2021-03-10,12425,485722,7072,269732,4984,214994,369,996,5697,143543,6701,171341,6075,314884,California
San Bernardino,2021-03-11,12899,498621,6030,275762,6120,221114,749,1745,6549,144513,6331,177672,7301,322185,California
San Bernardino,2021-03-12,13199,511820,6029,281791,5373,226487,1797,3542,6282,145739,6894,184566,8120,330305,California
San Bernardino,2021-03-13,7334,519154,4096,285887,2778,229265,460,4002,4351,147572,2978,187544,4811,335116,California
San Bernardino,2021-03-14,2646,521800,1371,287258,734,229999,541,4543,1566,148603,1074,188618,2105,337221,California
San Bernardino,2021-03-15,11065,532865,5239,292497,3912,233911,1914,6457,5420,150301,5638,194256,7336,344557,California
San Bernardino,2021-03-16,15691,548556,7744,300241,7052,240963,895,7352,9526,154587,6140,200396,10426,354983,California
San Bernardino,2021-03-17,16010,564566,8211,308452,7101,248064,698,8050,9580,158461,6418,206814,10292,365275,California
San Bernardino,2021-03-18,12865,577431,6045,314497,6496,254560,324,8374,7383,160710,5460,212274,7709,372984,California
San Bernardino,2021-03-19,14285,591716,7334,321831,6439,260999,512,8886,7989,162979,6277,218551,8546,381530,California
San Bernardino,2021-03-20,7155,598871,4490,326321,2158,263157,507,9393,4118,164592,3012,221563,4625,386155,California
San Bernardino,2021-03-21,2677,601548,2180,328501,452,263609,45,9438,2156,166285,509,222072,2202,388357,California
San Bernardino,2021-03-22,9418,610966,4447,332948,4565,268174,406,9844,6842,170979,2560,224632,7254,395611,California
San Bernardino,2021-03-23,14943,625909,8475,341423,5896,274070,572,10416,9319,175273,5608,230240,9902,405513,California
San Bernardino,2021-03-24,14472,640381,7485,348908,6733,280803,254,10670,9701,180516,4739,234979,9982,415495,California
San Bernardino,2021-03-25,16291,656672,8010,356918,8017,288820,264,10934,10335,185303,5910,240889,10697,426192,California
San Bernardino,2021-03-26,17475,674147,8315,365233,8419,297239,741,11675,10653,190072,6799,247688,11568,437760,California
San Bernardino,2021-03-27,10409,684556,6605,371838,3053,300292,751,12426,5981,192707,4416,252104,7051,444811,California
San Bernardino,2021-03-28,3412,687968,2395,374233,907,301199,110,12536,2395,194209,1010,253114,2512,447323,California
San Bernardino,2021-03-29,10870,698838,5634,379867,4841,306040,395,12931,7275,198341,3584,256698,7716,455039,California
San Bernardino,2021-03-30,16147,714985,9015,388882,6435,312475,697,13628,10517,204025,5602,262300,11286,466325,California
San Bernardino,2021-03-31,14706,729691,7773,396655,6387,318862,546,14174,10037,210003,4651,266951,10629,476954,California
San Bernardino,2021-04-01,18518,748209,9721,406376,7560,326422,1237,15411,12200,217413,6290,273241,13700,490654,California
San Bernardino,2021-04-02,17007,765216,8397,414773,7451,333873,1159,16570,10445,222942,6543,279784,12072,502726,California
San Bernardino,2021-04-03,6374,771590,4424,419197,1224,335097,726,17296,3343,224288,3025,282809,4371,507097,California
San Diego,2020-12-15,119,119,119,119,0,0,0,0,119,119,0,0,119,119,California
San Diego,2020-12-16,1101,1220,1101,1220,0,0,0,0,1101,1220,0,0,1101,1220,California
San Diego,2020-12-17,2346,3566,2346,3566,0,0,0,0,2346,3566,0,0,2346,3566,California
San Diego,2020-12-18,3673,7239,3672,7238,1,1,0,0,3673,7239,0,0,3673,7239,California
San Diego,2020-12-19,2311,9550,2311,9549,0,1,0,0,2311,9550,0,0,2311,9550,California
San Diego,2020-12-20,1187,10737,1185,10734,2,3,0,0,1187,10737,0,0,1187,10737,California
San Diego,2020-12-21,3519,14256,3518,14252,1,4,0,0,3519,14256,0,0,3519,14256,California
San Diego,2020-12-22,4051,18307,3408,17660,643,647,0,0,4051,18307,0,0,4051,18307,California
San Diego,2020-12-23,3177,21484,1976,19636,1201,1848,0,0,3177,21484,0,0,3177,21484,California
San Diego,2020-12-24,2723,24207,2208,21844,515,2363,0,0,2723,24207,0,0,2723,24207,California
San Diego,2020-12-25,868,25075,867,22711,1,2364,0,0,867,25073,1,1,867,25074,California
San Diego,2020-12-26,3255,28330,2138,24849,1117,3481,0,0,3254,28327,0,1,3254,28328,California
San Diego,2020-12-27,2476,30806,1612,26461,864,4345,0,0,2475,30801,1,2,2475,30803,California
San Diego,2020-12-28,5856,36662,4184,30645,1672,6017,0,0,5856,36657,0,2,5856,36659,California
San Diego,2020-12-29,5534,42196,2970,33615,2564,8581,0,0,5534,42191,0,2,5534,42193,California
San Diego,2020-12-30,5893,48089,3073,36688,2820,11401,0,0,5893,48084,0,2,5893,48086,California
San Diego,2020-12-31,2936,51025,995,37683,1941,13342,0,0,2935,51018,1,3,2935,51021,California
San Diego,2021-01-01,994,52019,439,38122,555,13897,0,0,993,52011,0,3,993,52014,California
San Diego,2021-01-02,3746,55765,1309,39431,2437,16334,0,0,3746,55757,0,3,3746,55760,California
San Diego,2021-01-03,855,56620,631,40062,224,16558,0,0,854,56611,0,3,854,56614,California
San Diego,2021-01-04,3685,60305,2035,42097,1650,18208,0,0,3678,60289,0,3,3678,60292,California
San Diego,2021-01-05,4280,64585,2094,44191,2186,20394,0,0,3662,63351,614,617,3676,63968,California
San Diego,2021-01-06,4909,69494,2285,46476,2624,23018,0,0,3676,65820,1211,1828,3680,67648,California
San Diego,2021-01-07,5548,75042,2975,49451,2573,25591,0,0,3394,67073,2147,3975,3400,71048,California
San Diego,2021-01-08,7686,82728,4958,54409,2728,28319,0,0,3895,67210,3774,7749,3911,74959,California
San Diego,2021-01-09,2919,85647,1549,55958,1370,29689,0,0,1751,67813,1157,8906,1760,76719,California
San Diego,2021-01-10,1854,87501,1295,57253,559,30248,0,0,750,67479,1092,9998,758,77477,California
San Diego,2021-01-11,10320,97821,5850,63103,4470,34718,0,0,6797,70773,3516,13514,6810,84287,California
San Diego,2021-01-12,11170,108991,5307,68410,5863,40581,0,0,7801,75327,3360,16874,7914,92201,California
San Diego,2021-01-13,11494,120485,5016,73426,6478,47059,0,0,8951,81767,2530,19404,8970,101171,California
San Diego,2021-01-14,12343,132828,4734,78160,7609,54668,0,0,10184,89825,2150,21554,10208,111379,California
San Diego,2021-01-15,15029,147857,5274,83434,9755,64423,0,0,12413,99669,2597,24151,12441,123820,California
San Diego,2021-01-16,10782,158639,3581,87015,7201,71624,0,0,9342,107599,1435,25586,9365,133185,California
San Diego,2021-01-17,8697,167336,2483,89498,6214,77838,0,0,7864,114643,833,26419,7877,141062,California
San Diego,2021-01-18,12471,179807,5903,95401,6568,84406,0,0,9667,121574,2765,29184,9696,150758,California
San Diego,2021-01-19,14738,194545,5777,101178,8961,93367,0,0,11631,130353,3093,32277,11872,162630,California
San Diego,2021-01-20,18342,212887,6368,107546,11974,105341,0,0,15062,142314,3261,35538,15222,177852,California
San Diego,2021-01-21,17426,230313,5882,113428,11544,116885,0,0,16046,157128,1369,36907,16183,194035,California
San Diego,2021-01-22,17632,247945,4728,118156,12904,129789,0,0,15606,170790,2012,38919,15674,209709,California
San Diego,2021-01-23,14463,262408,5257,123413,9206,138995,0,0,12130,180631,2320,41239,12161,221870,California
San Diego,2021-01-24,11839,274247,3252,126665,8587,147582,0,0,10897,190600,941,42180,10910,232780,California
San Diego,2021-01-25,12122,286369,5689,132354,6433,154015,0,0,9132,196878,2982,45162,9260,242040,California
San Diego,2021-01-26,14562,300931,7300,139654,7262,161277,0,0,11297,205087,3260,48422,11469,253509,California
San Diego,2021-01-27,20274,321205,7643,147297,12631,173908,0,0,17225,219377,3035,51457,17325,270834,California
San Diego,2021-01-28,20916,342121,7230,154527,13686,187594,0,0,18656,235859,2250,53707,18732,289566,California
San Diego,2021-01-29,19405,361526,6133,160660,13272,200866,0,0,16990,250482,2405,56112,17028,306594,California
San Diego,2021-01-30,15688,377214,3458,164118,12230,213096,0,0,13011,260923,2668,58780,13109,319703,California
San Diego,2021-01-31,14455,391669,5397,169515,9058,222154,0,0,14099,274696,353,59133,14126,333829,California
San Diego,2021-02-01,20059,411728,6729,176244,13330,235484,0,0,16877,288475,3169,62302,16948,350777,California
San Diego,2021-02-02,22503,434231,7981,184225,14522,250006,0,0,18966,304084,3527,65829,19136,369913,California
San Diego,2021-02-03,26457,460688,10685,194910,15772,265778,0,0,22292,322405,4147,69976,22468,392381,California
San Diego,2021-02-04,23495,484183,9249,204159,14246,280024,0,0,18818,336822,4659,74635,19076,411457,California
San Diego,2021-02-05,24721,508904,8850,213009,15871,295895,0,0,18172,348968,6524,81159,18670,430127,California
San Diego,2021-02-06,20510,529414,8359,221368,12151,308046,0,0,17328,363325,3174,84333,17531,447658,California
San Diego,2021-02-07,11259,540673,4675,226043,6584,314630,0,0,9370,371103,1870,86203,9648,457306,California
San Diego,2021-02-08,19389,560062,7975,234018,11414,326044,0,0,11976,376355,7395,93598,12647,469953,California
San Diego,2021-02-09,19720,579782,7766,241784,11954,337998,0,0,12515,382750,7185,100783,13580,483533,California
San Diego,2021-02-10,22244,602026,8907,250691,13337,351335,0,0,13129,388132,9087,109870,14469,498002,California
San Diego,2021-02-11,22991,625017,9821,260512,13170,364505,0,0,11934,390695,11031,120901,13594,511596,California
San Diego,2021-02-12,23290,648307,6943,267455,16347,380852,0,0,11387,392420,11884,132785,13609,525205,California
San Diego,2021-02-13,19448,667755,8410,275865,11038,391890,0,0,10273,394741,9165,141950,11486,536691,California
San Diego,2021-02-14,10489,678244,6728,282593,3761,395651,0,0,5789,397366,4698,146648,7323,544014,California
San Diego,2021-02-15,14843,693087,7339,289932,7504,403155,0,0,7605,400787,7220,153868,10641,554655,California
San Diego,2021-02-16,18487,711574,10597,300529,7890,411045,0,0,8810,402961,9663,163531,11837,566492,California
San Diego,2021-02-17,22451,734025,10003,310532,12448,423493,0,0,7646,398962,14795,178326,10796,577288,California
San Diego,2021-02-18,22951,756976,11611,322143,11340,434833,0,0,7494,395156,15449,193775,11643,588931,California
San Diego,2021-02-19,15842,772818,10857,333000,4985,439818,0,0,6673,394878,9150,202925,8872,597803,California
San Diego,2021-02-20,9918,782736,6271,339271,3647,443465,0,0,5681,398272,4235,207160,7629,605432,California
San Diego,2021-02-21,10229,792965,8986,348257,1243,444708,0,0,4932,399195,5273,212433,6196,611628,California
San Diego,2021-02-22,12172,805137,10327,358584,1845,446553,0,0,6339,401383,5828,218261,8016,619644,California
San Diego,2021-02-23,25060,830197,13842,372426,11218,457771,0,0,9882,401973,15172,233433,15762,635406,California
San Diego,2021-02-24,28618,858815,12412,384838,16206,473977,0,0,7702,396241,20898,254331,15166,650572,California
San Diego,2021-02-25,32678,891493,14305,399143,18373,492350,0,0,10582,393226,22076,276407,19061,669633,California
San Diego,2021-02-26,33206,924699,12088,411231,21118,513468,0,0,11996,391117,21181,297588,19072,688705,California
San Diego,2021-02-27,20829,945528,9261,420492,11568,525036,0,0,11208,397021,9619,307207,15523,704228,California
San Diego,2021-02-28,14485,960013,9191,429683,5294,530330,0,0,9709,404836,4776,311983,12591,716819,California
San Diego,2021-03-01,23567,983580,13665,443348,9901,540231,1,1,14963,415235,8528,320511,18927,735746,California
San Diego,2021-03-02,25108,1008688,13389,456737,11719,551950,0,1,12633,422339,12468,332979,19572,755318,California
San Diego,2021-03-03,33381,1042069,15390,472127,17988,569938,3,4,14449,424886,18919,351898,21466,776784,California
San Diego,2021-03-04,27692,1069761,13740,485867,13952,583890,0,4,12703,429381,14972,366870,19467,796251,California
San Diego,2021-03-05,28399,1098160,14415,500282,13902,597792,82,86,13851,435583,14536,381406,20738,816989,California
San Diego,2021-03-06,22773,1120933,9308,509590,12762,610554,703,789,10573,439452,12194,393600,16063,833052,California
San Diego,2021-03-07,17852,1138785,9006,518596,8279,618833,567,1356,8343,442650,9502,403102,12700,845752,California
San Diego,2021-03-08,22042,1160827,10313,528909,10883,629716,846,2202,10605,447548,11425,414527,16323,862075,California
San Diego,2021-03-09,25212,1186039,11540,540449,11941,641657,1731,3933,11677,451468,13522,428049,17442,879517,California
San Diego,2021-03-10,24654,1210693,10226,550675,12075,653732,2353,6286,11073,455519,13573,441622,17624,897141,California
San Diego,2021-03-11,28186,1238879,10714,561389,13978,667710,3494,9780,11272,457465,16900,458522,18846,915987,California
San Diego,2021-03-12,25611,1264490,8769,570158,13878,681588,2964,12744,9297,456905,16301,474823,15741,931728,California
San Diego,2021-03-13,24228,1288718,6578,576736,16109,697697,1541,14285,9097,456582,15123,489946,14800,946528,California
San Diego,2021-03-14,11975,1300693,4556,581292,6717,704414,702,14987,3891,455385,8076,498022,6879,953407,California
San Diego,2021-03-15,21842,1322535,10104,591396,10968,715382,770,15757,10848,459156,10981,509003,14752,968159,California
San Diego,2021-03-16,29760,1352295,15694,607090,13674,729056,392,16149,17960,468818,11782,520785,21444,989603,California
San Diego,2021-03-17,26051,1378346,12087,619177,13264,742320,700,16849,17243,480081,8797,529582,20060,1009663,California
San Diego,2021-03-18,30916,1409262,17492,636669,12542,754862,882,17731,20084,491922,10817,540399,22658,1032321,California
San Diego,2021-03-19,29769,1439031,14117,650786,14681,769543,971,18702,19637,503713,10116,550515,21907,1054228,California
San Diego,2021-03-20,27285,1466316,8097,658883,17400,786943,1788,20490,21714,522784,5562,556077,24633,1078861,California
San Diego,2021-03-21,16435,1482751,11972,670855,3749,790692,714,21204,10437,529351,5988,562065,12555,1091416,California
San Diego,2021-03-22,22377,1505128,13088,683943,9048,799740,241,21445,16137,542319,6230,568295,19198,1110614,California
San Diego,2021-03-23,25772,1530900,13583,697526,11931,811671,258,21703,19606,558113,6152,574447,21946,1132560,California
San Diego,2021-03-24,29383,1560283,19683,717209,9349,821020,351,22054,20089,571404,9282,583729,22573,1155133,California
San Diego,2021-03-25,29675,1589958,17863,735072,11176,832196,636,22690,19492,583502,10169,593898,22267,1177400,California
San Diego,2021-03-26,31442,1621400,17597,752669,13334,845530,511,23201,18940,593584,12474,606372,22556,1199956,California
San Diego,2021-03-27,24703,1646103,10749,763418,13559,859089,395,23596,15043,601641,9646,616018,17703,1217659,California
San Diego,2021-03-28,14725,1660828,9086,772504,5580,864669,59,23655,9053,606546,5664,621682,10569,1228228,California
San Diego,2021-03-29,26106,1686934,12420,784924,13087,877756,599,24254,18338,620281,7760,629442,21495,1249723,California
San Diego,2021-03-30,32879,1719813,17661,802585,14442,892198,776,25030,23250,636535,9617,639059,25871,1275594,California
San Diego,2021-03-31,29755,1749568,18435,821020,10696,902894,624,25654,20275,649045,9465,648524,21975,1297569,California
San Diego,2021-04-01,32281,1781849,19628,840648,11404,914298,1249,26903,23423,666253,8838,657362,26046,1323615,California
San Diego,2021-04-02,32471,1814320,19335,859983,10966,925264,2170,29073,22535,682448,9921,667283,26116,1349731,California
San Diego,2021-04-03,12682,1827002,5264,865247,4375,929639,3043,32116,8716,690318,3962,671245,11832,1361563,California
San Francisco,2020-12-15,8,8,8,8,0,0,0,0,8,8,0,0,8,8,California
San Francisco,2020-12-16,230,238,230,238,0,0,0,0,230,238,0,0,230,238,California
San Francisco,2020-12-17,397,635,397,635,0,0,0,0,397,635,0,0,397,635,California
San Francisco,2020-12-18,884,1519,884,1519,0,0,0,0,884,1519,0,0,884,1519,California
San Francisco,2020-12-19,600,2119,600,2119,0,0,0,0,600,2119,0,0,600,2119,California
San Francisco,2020-12-20,484,2603,484,2603,0,0,0,0,484,2603,0,0,484,2603,California
San Francisco,2020-12-21,1161,3764,1161,3764,0,0,0,0,1161,3764,0,0,1161,3764,California
San Francisco,2020-12-22,1406,5170,1372,5136,34,34,0,0,1406,5170,0,0,1406,5170,California
San Francisco,2020-12-23,1320,6490,1032,6168,288,322,0,0,1320,6490,0,0,1320,6490,California
San Francisco,2020-12-24,839,7329,504,6672,335,657,0,0,839,7329,0,0,839,7329,California
San Francisco,2020-12-25,30,7359,25,6697,5,662,0,0,30,7359,0,0,30,7359,California
San Francisco,2020-12-26,243,7602,149,6846,94,756,0,0,243,7602,0,0,243,7602,California
San Francisco,2020-12-27,274,7876,61,6907,213,969,0,0,274,7876,0,0,274,7876,California
San Francisco,2020-12-28,1264,9140,680,7587,584,1553,0,0,1264,9140,0,0,1264,9140,California
San Francisco,2020-12-29,1247,10387,621,8208,626,2179,0,0,1247,10387,0,0,1247,10387,California
San Francisco,2020-12-30,1472,11859,770,8978,702,2881,0,0,1472,11859,0,0,1472,11859,California
San Francisco,2020-12-31,961,12820,409,9387,552,3433,0,0,961,12820,0,0,961,12820,California
San Francisco,2021-01-01,66,12886,58,9445,8,3441,0,0,66,12886,0,0,66,12886,California
San Francisco,2021-01-02,331,13217,299,9744,32,3473,0,0,331,13217,0,0,331,13217,California
San Francisco,2021-01-03,294,13511,100,9844,194,3667,0,0,293,13509,1,1,293,13510,California
San Francisco,2021-01-04,1836,15347,1356,11200,480,4147,0,0,1833,15339,3,4,1833,15343,California
San Francisco,2021-01-05,2232,17579,1414,12614,818,4965,0,0,2198,17504,34,38,2199,17542,California
San Francisco,2021-01-06,1870,19449,1164,13778,706,5671,0,0,1606,18849,262,300,1607,19149,California
San Francisco,2021-01-07,2049,21498,1188,14966,861,6532,0,0,1602,20007,444,744,1602,20751,California
San Francisco,2021-01-08,2320,23818,1627,16593,693,7225,0,0,1488,20668,827,1571,1488,22239,California
San Francisco,2021-01-09,1396,25214,900,17493,496,7721,0,0,886,21047,510,2081,889,23128,California
San Francisco,2021-01-10,919,26133,540,18033,379,8100,0,0,465,21059,453,2534,465,23593,California
San Francisco,2021-01-11,2466,28599,1833,19866,633,8733,0,0,1400,21392,1067,3601,1400,24993,California
San Francisco,2021-01-12,3089,31688,2059,21925,1030,9763,0,0,1891,22086,1198,4799,1892,26885,California
San Francisco,2021-01-13,2819,34507,1608,23533,1211,10974,0,0,1996,23259,823,5622,1996,28881,California
San Francisco,2021-01-14,2400,36907,1067,24600,1333,12307,0,0,1859,24578,541,6163,1860,30741,California
San Francisco,2021-01-15,2752,39659,1172,25772,1580,13887,0,0,2337,26505,413,6576,2340,33081,California
San Francisco,2021-01-16,2262,41921,982,26754,1280,15167,0,0,2081,28405,181,6757,2081,35162,California
San Francisco,2021-01-17,1918,43839,527,27281,1391,16558,0,0,1706,29899,212,6969,1706,36868,California
San Francisco,2021-01-18,1383,45222,600,27881,783,17341,0,0,1109,30739,273,7242,1113,37981,California
San Francisco,2021-01-19,2556,47778,1464,29345,1092,18433,0,0,1821,31828,735,7977,1824,39805,California
San Francisco,2021-01-20,2678,50456,1069,30414,1609,20042,0,0,1942,33037,733,8710,1942,41747,California
San Francisco,2021-01-21,3274,53730,924,31338,2350,22392,0,0,2452,34669,820,9530,2452,44199,California
San Francisco,2021-01-22,3169,56899,633,31971,2536,24928,0,0,2721,36944,446,9976,2721,46920,California
San Francisco,2021-01-23,3091,59990,606,32577,2485,27413,0,0,2726,39307,364,10340,2727,49647,California
San Francisco,2021-01-24,2420,62410,359,32936,2061,29474,0,0,2190,41272,225,10565,2190,51837,California
San Francisco,2021-01-25,4563,66973,1771,34707,2792,32266,0,0,3022,42762,1539,12104,3029,54866,California
San Francisco,2021-01-26,4634,71607,2114,36821,2520,34786,0,0,3059,44254,1573,13677,3065,57931,California
San Francisco,2021-01-27,4423,76030,2082,38903,2341,37127,0,0,3071,45978,1347,15024,3071,61002,California
San Francisco,2021-01-28,3749,79779,1552,40455,2197,39324,0,0,2577,47389,1166,16190,2577,63579,California
San Francisco,2021-01-29,4695,84474,1661,42116,3034,42358,0,0,3437,49575,1251,17441,3437,67016,California
San Francisco,2021-01-30,3721,88195,1794,43910,1927,44285,0,0,3320,52496,400,17841,3321,70337,California
San Francisco,2021-01-31,2395,90590,869,44779,1526,45811,0,0,2187,54479,206,18047,2189,72526,California
San Francisco,2021-02-01,3760,94350,1505,46284,2255,48066,0,0,2869,56460,891,18938,2872,75398,California
San Francisco,2021-02-02,4639,98989,1958,48242,2681,50747,0,0,2875,57577,1758,20696,2875,78273,California
San Francisco,2021-02-03,5049,104038,2362,50604,2687,53434,0,0,3752,60034,1295,21991,3752,82025,California
San Francisco,2021-02-04,5011,109049,2430,53034,2581,56015,0,0,3856,62737,1153,23144,3856,85881,California
San Francisco,2021-02-05,5909,114958,3186,56220,2723,58738,0,0,4584,66001,1322,24466,4586,90467,California
San Francisco,2021-02-06,5447,120405,3644,59864,1803,60541,0,0,4546,69650,897,25363,4546,95013,California
San Francisco,2021-02-07,4302,124707,3171,63035,1131,61672,0,0,3733,72817,568,25931,3735,98748,California
San Francisco,2021-02-08,6682,131389,4601,67636,2081,63753,0,0,5478,77110,1185,27116,5478,104226,California
San Francisco,2021-02-09,5906,137295,3984,71620,1922,65675,0,0,4360,79927,1543,28659,4360,108586,California
San Francisco,2021-02-10,6802,144097,4156,75776,2646,68321,0,0,5057,83248,1737,30396,5058,113644,California
San Francisco,2021-02-11,6650,150747,3937,79713,2713,71034,0,0,4847,86295,1801,32197,4848,118492,California
San Francisco,2021-02-12,5297,156044,2658,82371,2639,73673,0,0,3479,87956,1818,34015,3479,121971,California
San Francisco,2021-02-13,4273,160317,2486,84857,1787,75460,0,0,2949,89585,1322,35337,2951,124922,California
San Francisco,2021-02-14,3416,163733,2240,87097,1176,76636,0,0,2299,90769,1116,36453,2300,127222,California
San Francisco,2021-02-15,2753,166486,1490,88587,1263,77899,0,0,1670,91359,1082,37535,1672,128894,California
San Francisco,2021-02-16,4978,171464,2731,91318,2247,80146,0,0,2972,92338,1999,39534,2978,131872,California
San Francisco,2021-02-17,5416,176880,2701,94019,2715,82861,0,0,2987,92903,2422,41956,2987,134859,California
San Francisco,2021-02-18,5369,182249,2636,96655,2733,85594,0,0,2834,93203,2535,44491,2835,137694,California
San Francisco,2021-02-19,5621,187870,2640,99295,2981,88575,0,0,2929,93448,2684,47175,2929,140623,California
San Francisco,2021-02-20,4506,192376,2169,101464,2337,90912,0,0,1703,92358,2794,49969,1704,142327,California
San Francisco,2021-02-21,2698,195074,1338,102802,1360,92272,0,0,1125,91914,1569,51538,1125,143452,California
San Francisco,2021-02-22,5070,200144,3152,105954,1918,94190,0,0,2538,91929,2525,54063,2540,145992,California
San Francisco,2021-02-23,5428,205572,3081,109035,2347,96537,0,0,2771,92049,2652,56715,2772,148764,California
San Francisco,2021-02-24,8958,214530,5075,114110,3883,100420,0,0,4783,92668,4165,60880,4784,153548,California
San Francisco,2021-02-25,9747,224277,6858,120968,2889,103309,0,0,6296,95514,3451,64331,6297,159845,California
San Francisco,2021-02-26,11826,236103,7720,128688,4106,107415,0,0,6990,97671,4834,69165,6991,166836,California
San Francisco,2021-02-27,8818,244921,5624,134312,3193,110608,1,1,4457,97779,4352,73517,4460,171296,California
San Francisco,2021-02-28,7667,252588,5491,139803,2176,112784,0,1,3826,97767,3839,77356,3827,175123,California
San Francisco,2021-03-01,10508,263096,7102,146905,3406,116190,0,1,5102,97484,5387,82743,5104,180227,California
San Francisco,2021-03-02,8715,271811,5551,152456,3164,119354,0,1,5062,98900,3647,86390,5063,185290,California
San Francisco,2021-03-03,10289,282100,5991,158447,4298,123652,0,1,5442,99503,4839,91229,5442,190732,California
San Francisco,2021-03-04,7863,289963,5165,163612,2698,126350,0,1,4370,100387,3486,94715,4370,195102,California
San Francisco,2021-03-05,7772,297735,4818,168430,2951,129301,3,4,4850,102333,2910,97625,4856,199958,California
San Francisco,2021-03-06,6787,304522,4375,172805,2203,131504,209,213,4247,104236,2552,100177,4455,204413,California
San Francisco,2021-03-07,5082,309604,3947,176752,1074,132578,61,274,2846,104895,2249,102426,2908,207321,California
San Francisco,2021-03-08,7000,316604,5081,181833,1757,134335,162,436,5490,109005,1544,103970,5654,212975,California
San Francisco,2021-03-09,6624,323228,3829,185662,2415,136750,380,816,4516,111784,2115,106085,4894,217869,California
San Francisco,2021-03-10,10091,333319,5734,191396,3875,140625,482,1298,6183,114557,3893,109978,6666,224535,California
San Francisco,2021-03-11,9287,342606,5767,197163,2697,143322,823,2121,6099,118301,3176,113154,6920,231455,California
San Francisco,2021-03-12,9372,351978,5441,202604,2897,146219,1034,3155,5307,120604,4039,117193,6342,237797,California
San Francisco,2021-03-13,5925,357903,3555,206159,1412,147631,958,4113,3727,123095,2194,119387,4685,242482,California
San Francisco,2021-03-14,7251,365154,4716,210875,2302,149933,233,4346,3926,123938,3316,122703,4159,246641,California
San Francisco,2021-03-15,11920,377074,9014,219889,1973,151906,933,5279,8269,129500,3638,126341,9200,255841,California
San Francisco,2021-03-16,12009,389083,8179,228068,3374,155280,456,5735,8763,135484,3231,129572,9215,265056,California
San Francisco,2021-03-17,12815,401898,8018,236086,4257,159537,540,6275,9250,141732,3544,133116,9792,274848,California
San Francisco,2021-03-18,8732,410630,5984,242070,2232,161769,516,6791,4904,143342,3810,136926,5420,280268,California
San Francisco,2021-03-19,10454,421084,7761,249831,2332,164101,361,7152,5619,144508,4815,141741,5981,286249,California
San Francisco,2021-03-20,5864,426948,4295,254126,1296,165397,273,7425,3633,146203,2215,143956,3910,290159,California
San Francisco,2021-03-21,6211,433159,5640,259766,439,165836,132,7557,3553,147239,2650,146606,3686,293845,California
San Francisco,2021-03-22,9665,442824,6803,266569,2042,167878,820,8377,5124,148663,4519,151125,5943,299788,California
San Francisco,2021-03-23,11195,454019,7391,273960,3165,171043,639,9016,6843,151831,4324,155449,7492,307280,California
San Francisco,2021-03-24,12135,466154,9202,283162,2401,173444,532,9548,6367,153042,5736,161185,6947,314227,California
San Francisco,2021-03-25,11687,477841,8494,291656,2664,176108,529,10077,5985,153952,5647,166832,6557,320784,California
San Francisco,2021-03-26,11724,489565,8063,299719,3429,179537,232,10309,6207,154987,5490,172322,6525,327309,California
San Francisco,2021-03-27,8358,497923,5618,305337,2514,182051,226,10535,3856,154651,4488,176810,4152,331461,California
San Francisco,2021-03-28,6363,504286,5039,310376,1284,183335,40,10575,3049,154451,3297,180107,3097,334558,California
San Francisco,2021-03-29,11158,515444,7659,318035,3313,186648,186,10761,5054,153656,6084,186191,5289,339847,California
San Francisco,2021-03-30,11446,526890,7123,325158,4034,190682,289,11050,7002,156569,4422,190613,7335,347182,California
San Francisco,2021-03-31,12137,539027,8000,333158,3831,194513,306,11356,5893,156712,6213,196826,6356,353538,California
San Francisco,2021-04-01,13438,552465,7206,340364,4597,199110,1635,12991,5895,157277,7507,204333,8072,361610,California
San Francisco,2021-04-02,14335,566800,6405,346769,6173,205283,1757,14748,6986,159276,7332,211665,9331,370941,California
San Francisco,2021-04-03,8218,575018,3654,350423,3054,208337,1510,16258,3831,160401,4381,216046,5506,376447,California
San Joaquin,2020-12-15,12,12,12,12,0,0,0,0,12,12,0,0,12,12,California
San Joaquin,2020-12-16,436,448,436,448,0,0,0,0,436,448,0,0,436,448,California
San Joaquin,2020-12-17,386,834,386,834,0,0,0,0,386,834,0,0,386,834,California
San Joaquin,2020-12-18,574,1408,549,1383,25,25,0,0,574,1408,0,0,574,1408,California
San Joaquin,2020-12-19,202,1610,202,1585,0,25,0,0,202,1610,0,0,202,1610,California
San Joaquin,2020-12-20,112,1722,112,1697,0,25,0,0,112,1722,0,0,112,1722,California
San Joaquin,2020-12-21,556,2278,551,2248,5,30,0,0,556,2278,0,0,556,2278,California
San Joaquin,2020-12-22,1054,3332,895,3143,159,189,0,0,1053,3331,0,0,1053,3331,California
San Joaquin,2020-12-23,1023,4355,956,4099,67,256,0,0,1021,4352,0,0,1021,4352,California
San Joaquin,2020-12-24,221,4576,193,4292,28,284,0,0,220,4572,0,0,220,4572,California
San Joaquin,2020-12-25,14,4590,14,4306,0,284,0,0,14,4586,0,0,14,4586,California
San Joaquin,2020-12-26,100,4690,28,4334,72,356,0,0,100,4686,0,0,100,4686,California
San Joaquin,2020-12-27,40,4730,29,4363,11,367,0,0,40,4726,0,0,40,4726,California
San Joaquin,2020-12-28,646,5376,440,4803,206,573,0,0,646,5372,0,0,646,5372,California
San Joaquin,2020-12-29,874,6250,738,5541,136,709,0,0,874,6246,0,0,874,6246,California
San Joaquin,2020-12-30,1047,7297,742,6283,305,1014,0,0,1046,7292,0,0,1046,7292,California
San Joaquin,2020-12-31,450,7747,200,6483,250,1264,0,0,451,7743,0,0,451,7743,California
San Joaquin,2021-01-01,16,7763,10,6493,6,1270,0,0,16,7759,0,0,16,7759,California
San Joaquin,2021-01-02,250,8013,228,6721,22,1292,0,0,249,8008,0,0,249,8008,California
San Joaquin,2021-01-03,35,8048,18,6739,17,1309,0,0,34,8041,1,1,34,8042,California
San Joaquin,2021-01-04,484,8532,341,7080,143,1452,0,0,481,8522,0,1,481,8523,California
San Joaquin,2021-01-05,1021,9553,713,7793,308,1760,0,0,850,9203,172,173,853,9376,California
San Joaquin,2021-01-06,1303,10856,784,8577,519,2279,0,0,938,9785,360,533,942,10318,California
San Joaquin,2021-01-07,1130,11986,718,9295,412,2691,0,0,806,10273,320,853,808,11126,California
San Joaquin,2021-01-08,1339,13325,949,10244,390,3081,0,0,806,10551,529,1382,807,11933,California
San Joaquin,2021-01-09,373,13698,298,10542,75,3156,0,0,245,10668,128,1510,245,12178,California
San Joaquin,2021-01-10,217,13915,111,10653,106,3262,0,0,167,10785,50,1560,167,12345,California
San Joaquin,2021-01-11,1568,15483,1360,12013,208,3470,0,0,923,11069,644,2204,928,13273,California
San Joaquin,2021-01-12,1520,17003,1082,13095,438,3908,0,0,759,11078,759,2963,768,14041,California
San Joaquin,2021-01-13,1481,18484,844,13939,637,4545,0,0,959,11517,523,3486,962,15003,California
San Joaquin,2021-01-14,1590,20074,905,14844,685,5230,0,0,1225,12414,334,3820,1231,16234,California
San Joaquin,2021-01-15,1573,21647,681,15525,892,6122,0,0,1325,13514,227,4047,1327,17561,California
San Joaquin,2021-01-16,1174,22821,193,15718,981,7103,0,0,1149,14638,25,4072,1149,18710,California
San Joaquin,2021-01-17,1648,24469,125,15843,1523,8626,0,0,1619,16230,29,4101,1621,20331,California
San Joaquin,2021-01-18,720,25189,239,16082,481,9107,0,0,598,16710,118,4219,598,20929,California
San Joaquin,2021-01-19,1888,27077,898,16980,990,10097,0,0,1181,17192,704,4923,1186,22115,California
San Joaquin,2021-01-20,2138,29215,1315,18295,823,10920,0,0,1461,17983,676,5599,1467,23582,California
San Joaquin,2021-01-21,2005,31220,937,19232,1068,11988,0,0,1583,19155,417,6016,1589,25171,California
San Joaquin,2021-01-22,1984,33204,967,20199,1017,13005,0,0,1838,20854,143,6159,1842,27013,California
San Joaquin,2021-01-23,933,34137,401,20600,532,13537,0,0,661,21247,270,6429,663,27676,California
San Joaquin,2021-01-24,338,34475,129,20729,209,13746,0,0,317,21545,19,6448,317,27993,California
San Joaquin,2021-01-25,2012,36487,1173,21902,839,14585,0,0,1437,22412,574,7022,1441,29434,California
San Joaquin,2021-01-26,2203,38690,1165,23067,1038,15623,0,0,1560,23336,640,7662,1564,30998,California
San Joaquin,2021-01-27,1816,40506,820,23887,996,16619,0,0,1306,24141,507,8169,1312,32310,California
San Joaquin,2021-01-28,2146,42652,851,24738,1295,17914,0,0,1465,24930,679,8848,1468,33778,California
San Joaquin,2021-01-29,2270,44922,1142,25880,1128,19042,0,0,1891,26454,374,9222,1898,35676,California
San Joaquin,2021-01-30,2385,47307,333,26213,2052,21094,0,0,2205,28500,161,9383,2207,37883,California
San Joaquin,2021-01-31,1573,48880,181,26394,1392,22486,0,0,1496,29935,62,9445,1497,39380,California
San Joaquin,2021-02-01,2638,51518,1416,27810,1222,23708,0,0,1864,31031,769,10214,1865,41245,California
San Joaquin,2021-02-02,2709,54227,1244,29054,1465,25173,0,0,2077,32489,624,10838,2082,43327,California
San Joaquin,2021-02-03,3191,57418,1308,30362,1883,27056,0,0,2302,33912,884,11722,2307,45634,California
San Joaquin,2021-02-04,3562,60980,1812,32174,1750,28806,0,0,2746,35851,810,12532,2749,48383,California
San Joaquin,2021-02-05,3372,64352,1963,34137,1409,30215,0,0,2501,37487,868,13400,2504,50887,California
San Joaquin,2021-02-06,1132,65484,789,34926,343,30558,0,0,960,38279,170,13570,962,51849,California
San Joaquin,2021-02-07,612,66096,486,35412,126,30684,0,0,417,38508,188,13758,417,52266,California
San Joaquin,2021-02-08,1804,67900,1081,36493,723,31407,0,0,1501,39708,306,14064,1506,53772,California
San Joaquin,2021-02-09,2096,69996,1181,37674,915,32322,0,0,1638,40894,455,14519,1641,55413,California
San Joaquin,2021-02-10,2663,72659,1309,38983,1354,33676,0,0,1404,41066,1232,15751,1404,56817,California
San Joaquin,2021-02-11,2961,75620,1565,40548,1396,35072,0,0,1798,41727,1142,16893,1803,58620,California
San Joaquin,2021-02-12,2852,78472,1203,41751,1649,36721,0,0,1696,42278,1149,18042,1700,60320,California
San Joaquin,2021-02-13,2130,80602,404,42155,1726,38447,0,0,853,41871,1268,19310,861,61181,California
San Joaquin,2021-02-14,1889,82491,257,42412,1632,40079,0,0,684,41364,1192,20502,685,61866,California
San Joaquin,2021-02-15,1959,84450,823,43235,1136,41215,0,0,1187,41806,750,21252,1192,63058,California
San Joaquin,2021-02-16,3182,87632,1449,44684,1733,42948,0,0,1727,42096,1444,22696,1734,64792,California
San Joaquin,2021-02-17,3394,91026,1366,46050,2028,44976,0,0,1932,42584,1448,24144,1936,66728,California
San Joaquin,2021-02-18,3525,94551,1502,47552,2023,46999,0,0,2019,43127,1484,25628,2027,68755,California
San Joaquin,2021-02-19,4682,99233,2774,50326,1908,48907,0,0,2816,44114,1830,27458,2817,71572,California
San Joaquin,2021-02-20,1654,100887,638,50964,1016,49923,0,0,1145,44753,506,27964,1145,72717,California
San Joaquin,2021-02-21,610,101497,450,51414,160,50083,0,0,395,44934,215,28179,396,73113,California
San Joaquin,2021-02-22,4096,105593,3016,54430,1080,51163,0,0,3062,46992,1009,29188,3067,76180,California
San Joaquin,2021-02-23,4884,110477,3276,57706,1608,52771,0,0,3279,48706,1582,30770,3296,79476,California
San Joaquin,2021-02-24,6726,117203,4299,62005,2427,55198,0,0,5018,52051,1687,32457,5032,84508,California
San Joaquin,2021-02-25,7179,124382,4790,66795,2389,57587,0,0,4882,54678,2270,34727,4897,89405,California
San Joaquin,2021-02-26,6032,130414,3376,70171,2656,60243,0,0,4259,57208,1741,36468,4271,93676,California
San Joaquin,2021-02-27,5597,136011,1609,71780,3988,64231,0,0,2642,56948,2920,39388,2660,96336,California
San Joaquin,2021-02-28,3023,139034,1093,72873,1930,66161,0,0,1987,57918,1024,40412,1994,98330,California
San Joaquin,2021-03-01,4241,143275,1825,74698,2416,68577,0,0,2320,58341,1906,42318,2329,100659,California
San Joaquin,2021-03-02,4184,147459,1683,76381,2501,71078,0,0,2574,59391,1596,43914,2646,103305,California
San Joaquin,2021-03-03,6074,153533,3870,80251,2202,73280,2,2,4443,62230,1611,45525,4450,107755,California
San Joaquin,2021-03-04,5210,158743,2424,82675,2785,76065,1,3,3143,63410,1973,47498,3153,110908,California
San Joaquin,2021-03-05,4382,163125,1907,84582,2473,78538,2,5,2966,64980,1405,48903,2975,113883,California
San Joaquin,2021-03-06,3520,166645,2433,87015,965,79503,122,127,2935,67472,578,49481,3070,116953,California
San Joaquin,2021-03-07,1203,167848,545,87560,617,80120,41,168,933,68178,254,49735,960,117913,California
San Joaquin,2021-03-08,2988,170836,1201,88761,1683,81803,104,272,2015,69340,966,50701,2128,120041,California
San Joaquin,2021-03-09,4257,175093,1886,90647,2250,84053,121,393,2714,70651,1529,52230,2840,122881,California
San Joaquin,2021-03-10,5041,180134,2645,93292,2271,86324,125,518,3575,72900,1451,53681,3700,126581,California
San Joaquin,2021-03-11,5229,185363,2496,95788,2154,88478,579,1097,2901,74069,2317,55998,3486,130067,California
San Joaquin,2021-03-12,6622,191985,3494,99282,2851,91329,277,1374,3913,75678,2689,58687,4298,134365,California
San Joaquin,2021-03-13,3013,194998,1528,100810,1364,92693,121,1495,2125,77121,881,59568,2324,136689,California
San Joaquin,2021-03-14,1829,196827,584,101394,950,93643,295,1790,938,77472,887,60455,1238,137927,California
San Joaquin,2021-03-15,6606,203433,4047,105441,2161,95804,398,2188,3267,77841,3322,63777,3691,141618,California
San Joaquin,2021-03-16,7688,211121,4711,110152,2731,98535,246,2434,4314,79049,3366,67143,4574,146192,California
San Joaquin,2021-03-17,8933,220054,5796,115948,3065,101600,72,2506,4688,79596,4227,71370,4774,150966,California
San Joaquin,2021-03-18,8445,228499,5352,121300,2597,104197,496,3002,3894,79470,4518,75888,4392,155358,California
San Joaquin,2021-03-19,8343,236842,5017,126317,2792,106989,534,3536,4809,81342,3515,79403,5387,160745,California
San Joaquin,2021-03-20,3512,240354,1949,128266,1343,108332,220,3756,1740,81569,1755,81158,1982,162727,California
San Joaquin,2021-03-21,2311,242665,1669,129935,430,108762,212,3968,1386,82315,921,82079,1667,164394,California
San Joaquin,2021-03-22,4350,247015,2345,132280,1594,110356,411,4379,2743,83883,1595,83674,3163,167557,California
San Joaquin,2021-03-23,5659,252674,2881,135161,2617,112973,161,4540,4025,86459,1618,85292,4194,171751,California
San Joaquin,2021-03-24,7380,260054,4692,139853,2603,115576,85,4625,3217,85636,4145,89437,3322,175073,California
San Joaquin,2021-03-25,5764,265818,3430,143283,2296,117872,38,4663,3521,86996,2223,91660,3583,178656,California
San Joaquin,2021-03-26,6258,272076,2619,145902,3588,121460,51,4714,3395,87665,2831,94491,3500,182156,California
San Joaquin,2021-03-27,4944,277020,2773,148675,2129,123589,42,4756,1939,86697,2987,97478,2019,184175,California
San Joaquin,2021-03-28,2761,279781,1830,150505,904,124493,27,4783,1402,86876,1346,98824,1525,185700,California
San Joaquin,2021-03-29,4144,283925,2238,152743,1878,126371,28,4811,2180,87184,1948,100772,2256,187956,California
San Joaquin,2021-03-30,6006,289931,2974,155717,2998,129369,34,4845,3462,88189,2530,103302,3535,191491,California
San Joaquin,2021-03-31,5590,295521,3060,158777,2468,131837,62,4907,3174,89067,2404,105706,3282,194773,California
San Joaquin,2021-04-01,5293,300814,2697,161474,2541,134378,55,4962,3064,90076,2215,107921,3224,197997,California
San Joaquin,2021-04-02,4588,305402,1642,163116,2490,136868,456,5418,2094,90228,2476,110397,2628,200625,California
San Joaquin,2021-04-03,2299,307701,1224,164340,824,137692,251,5669,1037,90275,1256,111653,1303,201928,California
San Luis Obispo,2020-12-16,4,4,4,4,0,0,0,0,4,4,0,0,4,4,California
San Luis Obispo,2020-12-17,196,200,196,200,0,0,0,0,196,200,0,0,196,200,California
San Luis Obispo,2020-12-18,223,423,223,423,0,0,0,0,223,423,0,0,223,423,California
San Luis Obispo,2020-12-19,164,587,164,587,0,0,0,0,164,587,0,0,164,587,California
San Luis Obispo,2020-12-20,215,802,215,802,0,0,0,0,215,802,0,0,215,802,California
San Luis Obispo,2020-12-21,552,1354,552,1354,0,0,0,0,552,1354,0,0,552,1354,California
San Luis Obispo,2020-12-22,307,1661,303,1657,4,4,0,0,307,1661,0,0,307,1661,California
San Luis Obispo,2020-12-23,683,2344,370,2027,313,317,0,0,683,2344,0,0,683,2344,California
San Luis Obispo,2020-12-24,195,2539,19,2046,176,493,0,0,195,2539,0,0,195,2539,California
San Luis Obispo,2020-12-25,2,2541,1,2047,1,494,0,0,2,2541,0,0,2,2541,California
San Luis Obispo,2020-12-26,90,2631,12,2059,78,572,0,0,90,2631,0,0,90,2631,California
San Luis Obispo,2020-12-27,75,2706,0,2059,75,647,0,0,75,2706,0,0,75,2706,California
San Luis Obispo,2020-12-28,878,3584,431,2490,447,1094,0,0,878,3584,0,0,878,3584,California
San Luis Obispo,2020-12-29,903,4487,502,2992,401,1495,0,0,903,4487,0,0,903,4487,California
San Luis Obispo,2020-12-30,1175,5662,682,3674,493,1988,0,0,1175,5662,0,0,1175,5662,California
San Luis Obispo,2020-12-31,106,5768,4,3678,102,2090,0,0,106,5768,0,0,106,5768,California
San Luis Obispo,2021-01-01,11,5779,7,3685,4,2094,0,0,11,5779,0,0,11,5779,California
San Luis Obispo,2021-01-02,31,5810,7,3692,24,2118,0,0,31,5810,0,0,31,5810,California
San Luis Obispo,2021-01-03,16,5826,6,3698,10,2128,0,0,16,5826,0,0,16,5826,California
San Luis Obispo,2021-01-04,675,6501,525,4223,150,2278,0,0,675,6501,0,0,675,6501,California
San Luis Obispo,2021-01-05,978,7479,760,4983,218,2496,0,0,976,7475,2,2,976,7477,California
San Luis Obispo,2021-01-06,728,8207,483,5466,245,2741,0,0,720,8188,7,9,720,8197,California
San Luis Obispo,2021-01-07,1129,9336,950,6416,179,2920,0,0,687,8433,442,451,687,8884,California
San Luis Obispo,2021-01-08,881,10217,805,7221,76,2996,0,0,511,8576,369,820,512,9396,California
San Luis Obispo,2021-01-09,206,10423,198,7419,8,3004,0,0,28,8426,178,998,28,9424,California
San Luis Obispo,2021-01-10,11,10434,7,7426,4,3008,0,0,7,8429,4,1002,7,9431,California
San Luis Obispo,2021-01-11,526,10960,476,7902,50,3058,0,0,264,8432,261,1263,264,9695,California
San Luis Obispo,2021-01-12,598,11558,380,8282,218,3276,0,0,320,8474,278,1541,320,10015,California
San Luis Obispo,2021-01-13,881,12439,254,8536,627,3903,0,0,642,8879,237,1778,642,10657,California
San Luis Obispo,2021-01-14,730,13169,242,8778,488,4391,0,0,605,9372,112,1890,605,11262,California
San Luis Obispo,2021-01-15,735,13904,292,9070,443,4834,0,0,557,9756,173,2063,557,11819,California
San Luis Obispo,2021-01-16,99,14003,81,9151,18,4852,0,0,94,9845,5,2068,94,11913,California
San Luis Obispo,2021-01-17,66,14069,60,9211,6,4858,0,0,66,9911,0,2068,66,11979,California
San Luis Obispo,2021-01-18,1374,15443,389,9600,985,5843,0,0,1112,10761,262,2330,1112,13091,California
San Luis Obispo,2021-01-19,1584,17027,419,10019,1165,7008,0,0,1176,11529,408,2738,1176,14267,California
San Luis Obispo,2021-01-20,1885,18912,598,10617,1287,8295,0,0,1295,12237,588,3326,1296,15563,California
San Luis Obispo,2021-01-21,1568,20480,466,11083,1102,9397,0,0,1196,13064,369,3695,1196,16759,California
San Luis Obispo,2021-01-22,1517,21997,508,11591,1009,10406,0,0,1202,13953,313,4008,1202,17961,California
San Luis Obispo,2021-01-23,309,22306,292,11883,17,10423,0,0,294,14232,15,4023,294,18255,California
San Luis Obispo,2021-01-24,244,22550,238,12121,6,10429,0,0,239,14465,6,4029,239,18494,California
San Luis Obispo,2021-01-25,2071,24621,607,12728,1464,11893,0,0,1243,14882,828,4857,1245,19739,California
San Luis Obispo,2021-01-26,1998,26619,702,13430,1296,13189,0,0,1131,15148,865,5722,1131,20870,California
San Luis Obispo,2021-01-27,1609,28228,277,13707,1332,14521,0,0,1146,15831,463,6185,1146,22016,California
San Luis Obispo,2021-01-28,1475,29703,336,14043,1139,15660,0,0,1213,16783,261,6446,1213,23229,California
San Luis Obispo,2021-01-29,1724,31427,676,14719,1048,16708,0,0,1442,17943,282,6728,1442,24671,California
San Luis Obispo,2021-01-30,35,31462,16,14735,19,16727,0,0,25,17959,9,6737,25,24696,California
San Luis Obispo,2021-01-31,25,31487,20,14755,5,16732,0,0,22,17978,3,6740,22,24718,California
San Luis Obispo,2021-02-01,1650,33137,701,15456,949,17681,0,0,1382,19092,268,7008,1382,26100,California
San Luis Obispo,2021-02-02,1889,35026,673,16129,1216,18897,0,0,1512,20228,376,7384,1512,27612,California
San Luis Obispo,2021-02-03,1697,36723,726,16855,971,19868,0,0,1286,21103,411,7795,1286,28898,California
San Luis Obispo,2021-02-04,1654,38377,800,17655,854,20722,0,0,1086,21622,567,8362,1086,29984,California
San Luis Obispo,2021-02-05,1591,39968,719,18374,872,21594,0,0,1047,22125,545,8907,1048,31032,California
San Luis Obispo,2021-02-06,158,40126,92,18466,66,21660,0,0,94,22155,64,8971,94,31126,California
San Luis Obispo,2021-02-07,142,40268,97,18563,45,21705,0,0,73,22159,69,9040,73,31199,California
San Luis Obispo,2021-02-08,849,41117,463,19026,386,22091,0,0,490,22291,358,9398,490,31689,California
San Luis Obispo,2021-02-09,1118,42235,445,19471,673,22764,0,0,537,22259,576,9974,544,32233,California
San Luis Obispo,2021-02-10,1425,43660,487,19958,938,23702,0,0,521,21882,901,10875,524,32757,California
San Luis Obispo,2021-02-11,1326,44986,839,20797,487,24189,0,0,653,21865,670,11545,653,33410,California
San Luis Obispo,2021-02-12,776,45762,357,21154,419,24608,0,0,410,21909,366,11911,410,33820,California
San Luis Obispo,2021-02-13,385,46147,124,21278,261,24869,0,0,278,22081,106,12017,278,34098,California
San Luis Obispo,2021-02-14,308,46455,42,21320,266,25135,0,0,271,22315,37,12054,271,34369,California
San Luis Obispo,2021-02-15,708,47163,133,21453,575,25710,0,0,455,22520,250,12304,455,34824,California
San Luis Obispo,2021-02-16,2955,50118,1189,22642,1766,27476,0,0,1350,22274,1596,13900,1350,36174,California
San Luis Obispo,2021-02-17,2762,52880,1223,23865,1539,29015,0,0,1024,21567,1731,15631,1024,37198,California
San Luis Obispo,2021-02-18,2809,55689,1442,25307,1367,30382,0,0,1125,21015,1677,17308,1125,38323,California
San Luis Obispo,2021-02-19,1436,57125,1318,26625,118,30500,0,0,1113,21807,322,17630,1114,39437,California
San Luis Obispo,2021-02-20,253,57378,84,26709,169,30669,0,0,217,21988,36,17666,217,39654,California
San Luis Obispo,2021-02-21,44,57422,41,26750,3,30672,0,0,28,22000,16,17682,28,39682,California
San Luis Obispo,2021-02-22,2397,59819,1850,28600,547,31219,0,0,1458,22519,939,18621,1458,41140,California
San Luis Obispo,2021-02-23,1852,61671,1739,30339,113,31332,0,0,1365,23399,485,19106,1365,42505,California
San Luis Obispo,2021-02-24,2635,64306,1294,31633,1341,32673,0,0,832,22430,1801,20907,832,43337,California
San Luis Obispo,2021-02-25,2119,66425,1238,32871,881,33554,0,0,1200,22718,913,21820,1201,44538,California
San Luis Obispo,2021-02-26,2610,69035,1128,33999,1482,35036,0,0,1308,22729,1297,23117,1308,45846,California
San Luis Obispo,2021-02-27,568,69603,344,34343,224,35260,0,0,521,23203,47,23164,521,46367,California
San Luis Obispo,2021-02-28,196,69799,73,34416,123,35383,0,0,165,23341,27,23191,165,46532,California
San Luis Obispo,2021-03-01,2886,72685,1784,36200,1101,36484,1,1,1980,24418,906,24097,1983,48515,California
San Luis Obispo,2021-03-02,2737,75422,1686,37886,1051,37535,0,1,1653,24990,1082,25179,1654,50169,California
San Luis Obispo,2021-03-03,2064,77486,291,38177,1773,39308,0,1,690,24310,1371,26550,691,50860,California
San Luis Obispo,2021-03-04,1971,79457,1007,39184,964,40272,0,1,1022,24388,947,27497,1025,51885,California
San Luis Obispo,2021-03-05,2099,81556,889,40073,1141,41413,69,70,1150,24667,940,28437,1219,53104,California
San Luis Obispo,2021-03-06,805,82361,303,40376,406,41819,96,166,602,25156,203,28640,692,53796,California
San Luis Obispo,2021-03-07,205,82566,35,40411,91,41910,79,245,81,25194,123,28763,161,53957,California
San Luis Obispo,2021-03-08,2496,85062,724,41135,1472,43382,300,545,1346,25695,1149,29912,1650,55607,California
San Luis Obispo,2021-03-09,2717,87779,895,42030,1579,44961,243,788,1352,25928,1362,31274,1595,57202,California
San Luis Obispo,2021-03-10,2602,90381,985,43015,1437,46398,180,968,1387,26281,1214,32488,1567,58769,California
San Luis Obispo,2021-03-11,2638,93019,1109,44124,1250,47648,279,1247,1418,26761,1216,33704,1696,60465,California
San Luis Obispo,2021-03-12,2658,95677,1172,45296,1227,48875,259,1506,1299,26967,1354,35058,1560,62025,California
San Luis Obispo,2021-03-13,562,96239,227,45523,224,49099,111,1617,345,27205,217,35275,455,62480,California
San Luis Obispo,2021-03-14,320,96559,41,45564,172,49271,107,1724,77,27147,242,35517,184,62664,California
San Luis Obispo,2021-03-15,2753,99312,1047,46611,1615,50886,91,1815,1284,27057,1466,36983,1376,64040,California
San Luis Obispo,2021-03-16,2601,101913,1436,48047,1066,51952,99,1914,1263,27086,1333,38316,1362,65402,California
San Luis Obispo,2021-03-17,3002,104915,1345,49392,1425,53377,232,2146,1655,27630,1343,39659,1887,67289,California
San Luis Obispo,2021-03-18,2277,107192,1256,50648,844,54221,177,2323,964,27460,1312,40971,1142,68431,California
San Luis Obispo,2021-03-19,2192,109384,1360,52008,526,54747,306,2629,713,27005,1478,42449,1023,69454,California
San Luis Obispo,2021-03-20,714,110098,463,52471,217,54964,34,2663,312,26950,401,42850,346,69800,California
San Luis Obispo,2021-03-21,184,110282,49,52520,132,55096,3,2666,157,27083,27,42877,160,69960,California
San Luis Obispo,2021-03-22,2521,112803,1146,53666,1338,56434,37,2703,1720,28072,800,43677,1789,71749,California
San Luis Obispo,2021-03-23,3268,116071,2166,55832,1088,57522,14,2717,2178,29234,1087,44764,2249,73998,California
San Luis Obispo,2021-03-24,3321,119392,2039,57871,1211,58733,71,2788,2482,31001,835,45599,2602,76600,California
San Luis Obispo,2021-03-25,3550,122942,2259,60130,1280,60013,11,2799,2532,32604,1018,46617,2621,79221,California
San Luis Obispo,2021-03-26,3096,126038,1734,61864,939,60952,423,3222,1726,33447,1367,47984,2210,81431,California
San Luis Obispo,2021-03-27,970,127008,501,62365,390,61342,79,3301,453,33465,517,48501,535,81966,California
San Luis Obispo,2021-03-28,447,127455,155,62520,237,61579,55,3356,242,33558,205,48706,298,82264,California
San Luis Obispo,2021-03-29,2538,129993,1237,63757,1172,62751,129,3485,1622,34457,906,49612,1805,84069,California
San Luis Obispo,2021-03-30,3469,133462,1891,65648,1444,64195,134,3619,2338,35877,1128,50740,2548,86617,California
San Luis Obispo,2021-03-31,3749,137211,2421,68069,1189,65384,139,3758,2478,37484,1260,52000,2867,89484,California
San Luis Obispo,2021-04-01,2797,140008,1642,69711,1072,66456,83,3841,1937,38690,854,52854,2060,91544,California
San Luis Obispo,2021-04-02,1436,141444,652,70363,724,67180,60,3901,907,39132,529,53383,971,92515,California
San Luis Obispo,2021-04-03,275,141719,38,70401,144,67324,93,3994,56,39072,217,53600,157,92672,California
San Mateo,2020-12-15,25,25,25,25,0,0,0,0,25,25,0,0,25,25,California
San Mateo,2020-12-16,105,130,105,130,0,0,0,0,105,130,0,0,105,130,California
San Mateo,2020-12-17,179,309,179,309,0,0,0,0,179,309,0,0,179,309,California
San Mateo,2020-12-18,768,1077,766,1075,2,2,0,0,767,1075,1,1,767,1076,California
San Mateo,2020-12-19,525,1602,525,1600,0,2,0,0,525,1600,0,1,525,1601,California
San Mateo,2020-12-20,513,2115,512,2112,1,3,0,0,513,2113,0,1,513,2114,California
San Mateo,2020-12-21,1155,3270,1155,3267,0,3,0,0,1155,3268,0,1,1155,3269,California
San Mateo,2020-12-22,1510,4780,1503,4770,7,10,0,0,1510,4778,0,1,1510,4779,California
San Mateo,2020-12-23,1561,6341,1375,6145,186,196,0,0,1561,6339,0,1,1561,6340,California
San Mateo,2020-12-24,859,7200,603,6748,256,452,0,0,859,7198,0,1,859,7199,California
San Mateo,2020-12-25,112,7312,108,6856,4,456,0,0,112,7310,0,1,112,7311,California
San Mateo,2020-12-26,555,7867,412,7268,143,599,0,0,555,7865,0,1,555,7866,California
San Mateo,2020-12-27,297,8164,168,7436,129,728,0,0,297,8162,0,1,297,8163,California
San Mateo,2020-12-28,1038,9202,693,8129,345,1073,0,0,1038,9200,0,1,1038,9201,California
San Mateo,2020-12-29,1123,10325,705,8834,418,1491,0,0,1123,10323,0,1,1123,10324,California
San Mateo,2020-12-30,1259,11584,757,9591,502,1993,0,0,1258,11580,1,2,1258,11582,California
San Mateo,2020-12-31,706,12290,222,9813,484,2477,0,0,705,12284,1,3,705,12287,California
San Mateo,2021-01-01,35,12325,30,9843,5,2482,0,0,35,12319,0,3,35,12322,California
San Mateo,2021-01-02,395,12720,266,10109,129,2611,0,0,395,12714,0,3,395,12717,California
San Mateo,2021-01-03,281,13001,206,10315,75,2686,0,0,277,12987,4,7,277,12994,California
San Mateo,2021-01-04,1050,14051,677,10992,373,3059,0,0,1049,14035,1,8,1049,14043,California
San Mateo,2021-01-05,1183,15234,695,11687,488,3547,0,0,1155,15163,28,36,1156,15199,California
San Mateo,2021-01-06,1440,16674,948,12635,492,4039,0,0,1259,16244,178,214,1259,16458,California
San Mateo,2021-01-07,1421,18095,775,13410,646,4685,0,0,1143,17118,271,485,1145,17603,California
San Mateo,2021-01-08,1814,19909,1169,14579,645,5330,0,0,1130,17569,680,1165,1131,18734,California
San Mateo,2021-01-09,1188,21097,787,15366,401,5731,0,0,740,17861,448,1613,740,19474,California
San Mateo,2021-01-10,680,21777,552,15918,128,5859,0,0,257,17695,423,2036,257,19731,California
San Mateo,2021-01-11,2410,24187,1305,17223,1105,6964,0,0,1501,18288,910,2946,1503,21234,California
San Mateo,2021-01-12,3276,27463,1764,18987,1512,8476,0,0,2090,19196,1186,4132,2094,23328,California
San Mateo,2021-01-13,3464,30927,1747,20734,1717,10193,0,0,2437,20608,1027,5159,2439,25767,California
San Mateo,2021-01-14,3760,34687,1567,22301,2193,12386,0,0,3087,23028,672,5831,3092,28859,California
San Mateo,2021-01-15,4379,39066,1806,24107,2573,14959,0,0,3796,26248,581,6412,3801,32660,California
San Mateo,2021-01-16,3128,42194,820,24927,2308,17267,0,0,2773,28667,355,6767,2774,35434,California
San Mateo,2021-01-17,1316,43510,308,25235,1008,18275,0,0,1112,29575,204,6971,1112,36546,California
San Mateo,2021-01-18,1394,44904,556,25791,838,19113,0,0,989,30167,403,7374,995,37541,California
San Mateo,2021-01-19,2776,47680,1766,27557,1010,20123,0,0,1997,31391,778,8152,2002,39543,California
San Mateo,2021-01-20,2640,50320,1392,28949,1248,21371,0,0,1806,32369,829,8981,1807,41350,California
San Mateo,2021-01-21,2803,53123,1279,30228,1524,22895,0,0,2225,34022,577,9558,2230,43580,California
San Mateo,2021-01-22,2837,55960,1179,31407,1658,24553,0,0,2492,36171,343,9901,2492,46072,California
San Mateo,2021-01-23,2884,58844,1689,33096,1195,25748,0,0,2524,38336,360,10261,2525,48597,California
San Mateo,2021-01-24,1581,60425,397,33493,1184,26932,0,0,1252,39261,327,10588,1252,49849,California
San Mateo,2021-01-25,4394,64819,3116,36609,1278,28210,0,0,3534,41941,857,11445,3537,53386,California
San Mateo,2021-01-26,4298,69117,2997,39606,1301,29511,0,0,3380,44404,917,12362,3380,56766,California
San Mateo,2021-01-27,2747,71864,1433,41039,1314,30825,0,0,1778,45217,965,13327,1778,58544,California
San Mateo,2021-01-28,2793,74657,1359,42398,1434,32259,0,0,1939,46321,835,14162,1939,60483,California
San Mateo,2021-01-29,2905,77562,1271,43669,1634,33893,0,0,2133,47685,769,14931,2133,62616,California
San Mateo,2021-01-30,3231,80793,1336,45005,1895,35788,0,0,2912,50280,318,15249,2913,65529,California
San Mateo,2021-01-31,1908,82701,1125,46130,783,36571,0,0,1519,51416,384,15633,1520,67049,California
San Mateo,2021-02-01,2908,85609,1334,47464,1574,38145,0,0,2208,52931,696,16329,2211,69260,California
San Mateo,2021-02-02,3145,88754,1722,49186,1423,39568,0,0,2139,54066,1004,17333,2139,71399,California
San Mateo,2021-02-03,4863,93617,1937,51123,2926,42494,0,0,3816,56839,1044,18377,3817,75216,California
San Mateo,2021-02-04,6275,99892,2586,53709,3689,46183,0,0,4918,60408,1351,19728,4920,80136,California
San Mateo,2021-02-05,6767,106659,2546,56255,4221,50404,0,0,4949,63558,1800,21528,4950,85086,California
San Mateo,2021-02-06,3287,109946,1920,58175,1367,51771,0,0,2633,65538,654,22182,2634,87720,California
San Mateo,2021-02-07,1889,111835,1332,59507,557,52328,0,0,1703,67055,186,22368,1703,89423,California
San Mateo,2021-02-08,5262,117097,2236,61743,3026,55354,0,0,3087,68030,2112,24480,3087,92510,California
San Mateo,2021-02-09,6160,123257,3212,64955,2948,58302,0,0,3324,68522,2832,27312,3324,95834,California
San Mateo,2021-02-10,6499,129756,3282,68237,3217,61519,0,0,3544,69120,2946,30258,3544,99378,California
San Mateo,2021-02-11,6997,136753,3563,71800,3434,64953,0,0,3788,69709,3201,33459,3790,103168,California
San Mateo,2021-02-12,6576,143329,2949,74749,3627,68580,0,0,4678,72495,1893,35352,4679,107847,California
San Mateo,2021-02-13,6075,149404,3982,78731,2093,70673,0,0,2635,71693,3437,38789,2635,110482,California
San Mateo,2021-02-14,4620,154024,3014,81745,1606,72279,0,0,1965,71007,2652,41441,1966,112448,California
San Mateo,2021-02-15,3143,157167,1450,83195,1693,73972,0,0,1774,71417,1366,42807,1776,114224,California
San Mateo,2021-02-16,7121,164288,1857,85052,5264,79236,0,0,5276,74848,1845,44652,5276,119500,California
San Mateo,2021-02-17,7023,171311,1917,86969,5106,84342,0,0,5040,77911,1978,46630,5041,124541,California
San Mateo,2021-02-18,6655,177966,4622,91591,2033,86375,0,0,4421,80104,2229,48859,4422,128963,California
San Mateo,2021-02-19,7770,185736,5585,97176,2185,88560,0,0,5792,83921,1975,50834,5792,134755,California
San Mateo,2021-02-20,3712,189448,2396,99572,1316,89876,0,0,2294,84803,1412,52246,2294,137049,California
San Mateo,2021-02-21,2237,191685,1386,100958,851,90727,0,0,1229,85027,1005,53251,1229,138278,California
San Mateo,2021-02-22,4357,196042,3148,104106,1209,91936,0,0,2739,86157,1612,54863,2742,141020,California
San Mateo,2021-02-23,4211,200253,2983,107089,1228,93164,0,0,2423,86797,1785,56648,2425,143445,California
San Mateo,2021-02-24,7273,207526,3272,110361,4001,97165,0,0,4843,89218,2424,59072,4845,148290,California
San Mateo,2021-02-25,8940,216466,3979,114340,4961,102126,0,0,5903,92100,3022,62094,5904,154194,California
San Mateo,2021-02-26,9602,226068,3669,118009,5933,108059,0,0,6704,95917,2888,64982,6705,160899,California
San Mateo,2021-02-27,6615,232683,3398,121407,3217,111276,0,0,3571,96454,3040,68022,3577,164476,California
San Mateo,2021-02-28,4081,236764,2471,123878,1610,112886,0,0,2531,97440,1547,69569,2533,167009,California
San Mateo,2021-03-01,5585,242349,3508,127386,2077,114963,0,0,2772,97407,2805,72374,2772,169781,California
San Mateo,2021-03-02,5590,247939,3875,131261,1715,116678,0,0,3210,98247,2370,74744,3210,172991,California
San Mateo,2021-03-03,7654,255593,3562,134823,4092,120770,0,0,3128,96858,4518,79262,3129,176120,California
San Mateo,2021-03-04,7521,263114,3576,138399,3943,124713,2,2,3292,95939,4219,83481,3300,179420,California
San Mateo,2021-03-05,8098,271212,5583,143982,2513,127226,2,4,5844,99552,2240,85721,5853,185273,California
San Mateo,2021-03-06,7599,278811,5309,149291,2126,129352,164,168,5595,103318,1995,87716,5761,191034,California
San Mateo,2021-03-07,3426,282237,2278,151569,1076,130428,72,240,1962,103891,1461,89177,2034,193068,California
San Mateo,2021-03-08,4294,286531,2413,153982,1707,132135,174,414,3147,106073,1143,90320,3325,196393,California
San Mateo,2021-03-09,4456,290987,2076,156058,2100,134235,280,694,2917,107739,1531,91851,3197,199590,California
San Mateo,2021-03-10,6665,297652,2559,158617,3833,138068,273,967,4327,110013,2330,94181,4604,204194,California
San Mateo,2021-03-11,7307,304959,4102,162719,2866,140934,339,1306,3399,109855,3899,98080,3741,207935,California
San Mateo,2021-03-12,8188,313147,4689,167408,3222,144156,277,1583,3187,108334,4989,103069,3468,211403,California
San Mateo,2021-03-13,7338,320485,3154,170562,2643,146799,1541,3124,3619,109775,3716,106785,5157,216560,California
San Mateo,2021-03-14,4652,325137,3232,173794,1320,148119,100,3224,2847,110921,1801,108586,2947,219507,California
San Mateo,2021-03-15,7036,332173,4523,178317,2344,150463,169,3393,3792,111644,3238,111824,3961,223468,California
San Mateo,2021-03-16,10862,343035,4364,182681,6368,156831,130,3523,4824,110576,6025,117849,4957,228425,California
San Mateo,2021-03-17,9680,352715,4245,186926,5315,162146,120,3643,4716,110477,4943,122792,4844,233269,California
San Mateo,2021-03-18,6194,358909,3475,190401,2548,164694,171,3814,3575,111609,2617,125409,3749,237018,California
San Mateo,2021-03-19,6131,365040,4145,194546,1512,166206,474,4288,3022,112005,3103,128512,3499,240517,California
San Mateo,2021-03-20,6245,371285,4973,199519,1041,167247,231,4519,4353,114711,1879,130391,4585,245102,California
San Mateo,2021-03-21,4027,375312,3025,202544,771,168018,231,4750,2298,115516,1720,132111,2525,247627,California
San Mateo,2021-03-22,5260,380572,3551,206095,1290,169308,419,5169,2939,116570,2307,134418,3361,250988,California
San Mateo,2021-03-23,9758,390330,4448,210543,5114,174422,196,5365,4740,116532,4994,139412,4956,255944,California
San Mateo,2021-03-24,9459,399789,5409,215952,3904,178326,146,5511,4255,115912,5154,144566,4534,260478,California
San Mateo,2021-03-25,9671,409460,4593,220545,4824,183150,254,5765,4238,115119,5343,149909,4550,265028,California
San Mateo,2021-03-26,10931,420391,7500,228045,3263,186413,168,5933,4405,113310,6497,156406,4688,269716,California
San Mateo,2021-03-27,10250,430641,7809,235854,2334,188747,107,6040,4579,112428,5651,162057,4769,274485,California
San Mateo,2021-03-28,4127,434768,2671,238525,1344,190091,112,6152,2048,112529,2073,164130,2174,276659,California
San Mateo,2021-03-29,5949,440717,3642,242167,2046,192137,261,6413,2827,112537,3107,167237,3115,279774,California
San Mateo,2021-03-30,7057,447774,3988,246155,2908,195045,161,6574,4542,114793,2500,169737,4756,284530,California
San Mateo,2021-03-31,7155,454929,4554,250709,2455,197500,146,6720,4260,116385,2882,172619,4474,289004,California
San Mateo,2021-04-01,10014,464943,4823,255532,4031,201531,1160,7880,5381,118711,4610,177229,6936,295940,California
San Mateo,2021-04-02,9795,474738,4642,260174,3684,205215,1469,9349,5171,121237,4611,181840,7137,303077,California
San Mateo,2021-04-03,7163,481901,4036,264210,1707,206922,1420,10769,3546,122754,3611,185451,5128,308205,California
Santa Barbara,2020-12-15,2,2,2,2,0,0,0,0,2,2,0,0,2,2,California
Santa Barbara,2020-12-16,2,4,2,4,0,0,0,0,2,4,0,0,2,4,California
Santa Barbara,2020-12-17,51,55,51,55,0,0,0,0,51,55,0,0,51,55,California
Santa Barbara,2020-12-18,377,432,376,431,1,1,0,0,377,432,0,0,377,432,California
Santa Barbara,2020-12-19,325,757,325,756,0,1,0,0,325,757,0,0,325,757,California
Santa Barbara,2020-12-20,234,991,234,990,0,1,0,0,234,991,0,0,234,991,California
Santa Barbara,2020-12-21,649,1640,647,1637,2,3,0,0,649,1640,0,0,649,1640,California
Santa Barbara,2020-12-22,243,1883,241,1878,2,5,0,0,243,1883,0,0,243,1883,California
Santa Barbara,2020-12-23,320,2203,202,2080,118,123,0,0,320,2203,0,0,320,2203,California
Santa Barbara,2020-12-24,87,2290,40,2120,47,170,0,0,87,2290,0,0,87,2290,California
Santa Barbara,2020-12-26,328,2618,67,2187,261,431,0,0,328,2618,0,0,328,2618,California
Santa Barbara,2020-12-27,62,2680,1,2188,61,492,0,0,62,2680,0,0,62,2680,California
Santa Barbara,2020-12-28,352,3032,218,2406,134,626,0,0,352,3032,0,0,352,3032,California
Santa Barbara,2020-12-29,550,3582,358,2764,192,818,0,0,550,3582,0,0,550,3582,California
Santa Barbara,2020-12-30,582,4164,402,3166,180,998,0,0,582,4164,0,0,582,4164,California
Santa Barbara,2020-12-31,238,4402,112,3278,126,1124,0,0,238,4402,0,0,238,4402,California
Santa Barbara,2021-01-01,107,4509,106,3384,1,1125,0,0,107,4509,0,0,107,4509,California
Santa Barbara,2021-01-02,587,5096,224,3608,363,1488,0,0,587,5096,0,0,587,5096,California
Santa Barbara,2021-01-03,23,5119,15,3623,8,1496,0,0,23,5119,0,0,23,5119,California
Santa Barbara,2021-01-04,306,5425,243,3866,63,1559,0,0,305,5424,0,0,305,5424,California
Santa Barbara,2021-01-05,748,6173,376,4242,372,1931,0,0,722,6120,26,26,722,6146,California
Santa Barbara,2021-01-06,656,6829,273,4515,383,2314,0,0,598,6661,57,83,598,6744,California
Santa Barbara,2021-01-07,1028,7857,706,5221,322,2636,0,0,524,6685,500,583,524,7268,California
Santa Barbara,2021-01-08,1202,9059,839,6060,363,2999,0,0,709,6901,493,1076,709,7977,California
Santa Barbara,2021-01-09,568,9627,293,6353,275,3274,0,0,323,6979,245,1321,323,8300,California
Santa Barbara,2021-01-10,65,9692,51,6404,14,3288,0,0,49,7012,16,1337,49,8349,California
Santa Barbara,2021-01-11,839,10531,668,7072,171,3459,0,0,615,7404,223,1560,615,8964,California
Santa Barbara,2021-01-12,1428,11959,634,7706,794,4253,0,0,1271,8518,157,1717,1271,10235,California
Santa Barbara,2021-01-13,1229,13188,280,7986,949,5202,0,0,1104,9497,125,1842,1104,11339,California
Santa Barbara,2021-01-14,1244,14432,133,8119,1111,6313,0,0,1190,10634,53,1895,1190,12529,California
Santa Barbara,2021-01-15,1792,16224,414,8533,1378,7691,0,0,1713,12269,78,1973,1713,14242,California
Santa Barbara,2021-01-16,1269,17493,199,8732,1070,8761,0,0,1231,13463,37,2010,1231,15473,California
Santa Barbara,2021-01-17,125,17618,21,8753,104,8865,0,0,121,13580,4,2014,121,15594,California
Santa Barbara,2021-01-18,1150,18768,416,9169,734,9599,0,0,966,14363,183,2197,966,16560,California
Santa Barbara,2021-01-19,1637,20405,565,9734,1072,10671,0,0,1359,15445,277,2474,1359,17919,California
Santa Barbara,2021-01-20,1984,22389,441,10175,1543,12214,0,0,1695,16852,288,2762,1695,19614,California
Santa Barbara,2021-01-21,3084,25473,1814,11989,1270,13484,0,0,2933,19635,151,2913,2934,22548,California
Santa Barbara,2021-01-22,2990,28463,1849,13838,1141,14625,0,0,2845,22338,142,3055,2845,25393,California
Santa Barbara,2021-01-23,1732,30195,1107,14945,625,15250,0,0,1222,23051,509,3564,1222,26615,California
Santa Barbara,2021-01-24,845,31040,754,15699,91,15341,0,0,837,23880,8,3572,837,27452,California
Santa Barbara,2021-01-25,1232,32272,492,16191,740,16081,0,0,995,24638,237,3809,995,28447,California
Santa Barbara,2021-01-26,2033,34305,458,16649,1575,17656,0,0,1649,25906,382,4191,1650,30097,California
Santa Barbara,2021-01-27,1154,35459,399,17048,755,18411,0,0,899,26551,254,4445,899,30996,California
Santa Barbara,2021-01-28,890,36349,293,17341,597,19008,0,0,680,27024,207,4652,680,31676,California
Santa Barbara,2021-01-29,1328,37677,533,17874,795,19803,0,0,975,27651,350,5002,977,32653,California
Santa Barbara,2021-01-30,1894,39571,1422,19296,472,20275,0,0,1491,28742,400,5402,1491,34144,California
Santa Barbara,2021-01-31,1458,41029,1221,20517,237,20512,0,0,1418,30120,40,5442,1418,35562,California
Santa Barbara,2021-02-01,931,41960,516,21033,415,20927,0,0,544,30278,386,5828,544,36106,California
Santa Barbara,2021-02-02,1809,43769,693,21726,1116,22043,0,0,1036,30544,770,6598,1036,37142,California
Santa Barbara,2021-02-03,1943,45712,1077,22803,866,22909,0,0,1500,31610,434,7032,1500,38642,California
Santa Barbara,2021-02-04,2775,48487,1859,24662,916,23825,0,0,2481,33802,289,7321,2481,41123,California
Santa Barbara,2021-02-05,2900,51387,2057,26719,843,24668,0,0,2259,35421,640,7961,2259,43382,California
Santa Barbara,2021-02-06,1200,52587,337,27056,863,25531,0,0,794,35809,406,8367,794,44176,California
Santa Barbara,2021-02-07,300,52887,262,27318,38,25569,0,0,265,36040,34,8401,265,44441,California
Santa Barbara,2021-02-08,952,53839,307,27625,645,26214,0,0,666,36420,286,8687,666,45107,California
Santa Barbara,2021-02-09,2432,56271,312,27937,2120,28334,0,0,1119,36235,1304,9991,1119,46226,California
Santa Barbara,2021-02-10,2753,59024,1495,29432,1258,29592,0,0,798,35084,1949,11940,798,47024,California
Santa Barbara,2021-02-11,4177,63201,2803,32235,1374,30966,0,0,619,32150,3553,15493,619,47643,California
Santa Barbara,2021-02-12,3298,66499,945,33180,2353,33319,0,0,769,30395,2524,18017,769,48412,California
Santa Barbara,2021-02-13,1233,67732,337,33517,896,34215,0,0,561,30287,669,18686,561,48973,California
Santa Barbara,2021-02-14,331,68063,33,33550,298,34513,0,0,285,30526,46,18732,285,49258,California
Santa Barbara,2021-02-15,953,69016,335,33885,618,35131,0,0,487,30551,462,19194,487,49745,California
Santa Barbara,2021-02-16,2112,71128,396,34281,1716,36847,0,0,721,29883,1389,20583,721,50466,California
Santa Barbara,2021-02-17,1425,72553,317,34598,1108,37955,0,0,512,29484,911,21494,512,50978,California
Santa Barbara,2021-02-18,3249,75802,2646,37244,603,38558,0,0,1517,29303,1698,23192,1517,52495,California
Santa Barbara,2021-02-19,3601,79403,2649,39893,952,39510,0,0,2334,30372,1265,24457,2334,54829,California
Santa Barbara,2021-02-20,2219,81622,1428,41321,791,40301,0,0,1669,31501,541,24998,1670,56499,California
Santa Barbara,2021-02-21,103,81725,77,41398,26,40327,0,0,51,31500,52,25050,51,56550,California
Santa Barbara,2021-02-22,907,82632,229,41627,678,41005,0,0,253,31106,647,25697,253,56803,California
Santa Barbara,2021-02-23,3179,85811,1042,42669,2137,43142,0,0,422,28773,2755,28452,422,57225,California
Santa Barbara,2021-02-24,3159,88970,1080,43749,2079,45221,0,0,710,27042,2441,30893,710,57935,California
Santa Barbara,2021-02-25,3451,92421,1917,45666,1534,46755,0,0,986,25570,2458,33351,986,58921,California
Santa Barbara,2021-02-26,3637,96058,2168,47834,1469,48224,0,0,1977,25893,1655,35006,1978,60899,California
Santa Barbara,2021-02-27,1517,97575,561,48395,956,49180,0,0,840,26064,672,35678,843,61742,California
Santa Barbara,2021-02-28,1071,98646,215,48610,856,50036,0,0,883,26763,185,35863,884,62626,California
Santa Barbara,2021-03-01,1581,100227,458,49068,1123,51159,0,0,1069,27325,509,36372,1071,63697,California
Santa Barbara,2021-03-02,2480,102707,388,49456,2092,53251,0,0,2012,28877,460,36832,2012,65709,California
Santa Barbara,2021-03-03,4451,107158,2067,51523,2382,55633,2,2,3884,32209,558,37390,3890,69599,California
Santa Barbara,2021-03-04,3350,110508,2251,53774,1099,56732,0,2,2813,34491,532,37922,2814,72413,California
Santa Barbara,2021-03-05,3742,114250,2153,55927,1533,58265,56,58,3046,36903,691,38613,3103,75516,California
Santa Barbara,2021-03-06,2368,116618,703,56630,1466,59731,199,257,1628,37991,738,39351,1826,77342,California
Santa Barbara,2021-03-07,544,117162,123,56753,305,60036,116,373,381,38326,163,39514,498,77840,California
Santa Barbara,2021-03-08,1519,118681,368,57121,839,60875,312,685,772,38667,743,40257,1084,78924,California
Santa Barbara,2021-03-09,2668,121349,327,57448,1630,62505,711,1396,683,38079,1981,42238,1393,80317,California
Santa Barbara,2021-03-10,2426,123775,415,57863,1108,63613,903,2299,863,38289,1556,43794,1766,82083,California
Santa Barbara,2021-03-11,5294,129069,2935,60798,1334,64947,1025,3324,2132,38291,3155,46949,3157,85240,California
Santa Barbara,2021-03-12,2967,132036,1795,62593,828,65775,344,3668,1820,39312,1144,48093,2165,87405,California
Santa Barbara,2021-03-13,2708,134744,1494,64087,1071,66846,143,3811,2182,41114,525,48618,2327,89732,California
Santa Barbara,2021-03-14,494,135238,242,64329,198,67044,54,3865,288,41250,206,48824,342,90074,California
Santa Barbara,2021-03-15,2040,137278,669,64998,1109,68153,262,4127,1237,41950,799,49623,1499,91573,California
Santa Barbara,2021-03-16,3557,140835,1132,66130,2089,70242,336,4463,2580,43893,973,50596,2916,94489,California
Santa Barbara,2021-03-17,3131,143966,882,67012,1851,72093,398,4861,2175,45513,954,51550,2574,97063,California
Santa Barbara,2021-03-18,3534,147500,2204,69216,1174,73267,156,5017,2495,47136,1030,52580,2653,99716,California
Santa Barbara,2021-03-19,3350,150850,1998,71214,1036,74303,316,5333,2170,48447,1177,53757,2488,102204,California
Santa Barbara,2021-03-20,1552,152402,672,71886,873,75176,7,5340,973,48849,578,54335,980,103184,California
Santa Barbara,2021-03-21,1132,153534,368,72254,734,75910,30,5370,812,49375,317,54652,843,104027,California
Santa Barbara,2021-03-22,2716,156250,1858,74112,812,76722,46,5416,2169,51053,541,55193,2219,106246,California
Santa Barbara,2021-03-23,4296,160546,2205,76317,1997,78719,94,5510,3547,53953,742,55935,3642,109888,California
Santa Barbara,2021-03-24,5220,165766,3036,79353,1460,80179,724,6234,2816,55105,2387,58322,3539,113427,California
Santa Barbara,2021-03-25,5409,171175,3211,82564,2019,82198,179,6413,2674,55239,2722,61044,2856,116283,California
Santa Barbara,2021-03-26,5015,176190,3171,85735,1549,83747,295,6708,2193,54921,2808,63852,2490,118773,California
Santa Barbara,2021-03-27,2890,179080,1209,86944,1640,85387,41,6749,1579,55243,1305,65157,1627,120400,California
Santa Barbara,2021-03-28,2682,181762,1585,88529,1069,86456,28,6777,1805,56204,874,66031,1835,122235,California
Santa Barbara,2021-03-29,3900,185662,2016,90545,1811,88267,73,6850,3148,58687,749,66780,3232,125467,California
Santa Barbara,2021-03-30,6568,192230,3324,93869,3096,91363,148,6998,4355,60996,2203,68983,4512,129979,California
Santa Barbara,2021-03-31,7596,199826,5198,99067,2331,93694,67,7065,4793,63296,2789,71772,5089,135068,California
Santa Barbara,2021-04-01,6364,206190,4638,103705,1517,95211,209,7274,3704,64650,2652,74424,4006,139074,California
Santa Barbara,2021-04-02,4812,211002,3201,106906,1389,96600,222,7496,2149,64529,2659,77083,2538,141612,California
Santa Barbara,2021-04-03,875,211877,157,107063,698,97298,20,7516,462,64615,411,77494,497,142109,California
Santa Clara,2020-12-15,63,63,63,63,0,0,0,0,63,63,0,0,63,63,California
Santa Clara,2020-12-16,132,195,132,195,0,0,0,0,132,195,0,0,132,195,California
Santa Clara,2020-12-17,453,648,453,648,0,0,0,0,453,648,0,0,453,648,California
Santa Clara,2020-12-18,1720,2368,1720,2368,0,0,0,0,1720,2368,0,0,1720,2368,California
Santa Clara,2020-12-19,2110,4478,2110,4478,0,0,0,0,2108,4475,1,1,2108,4476,California
Santa Clara,2020-12-20,1875,6353,1869,6347,6,6,0,0,1872,6347,0,1,1872,6348,California
Santa Clara,2020-12-21,2646,8999,2646,8993,0,6,0,0,2643,8989,1,2,2643,8991,California
Santa Clara,2020-12-22,3105,12104,3096,12089,9,15,0,0,3103,12092,0,2,3103,12094,California
Santa Clara,2020-12-23,3232,15336,3047,15136,185,200,0,0,3230,15322,0,2,3230,15324,California
Santa Clara,2020-12-24,1887,17223,1698,16834,189,389,0,0,1881,17202,1,3,1881,17205,California
Santa Clara,2020-12-25,337,17560,336,17170,1,390,0,0,337,17539,0,3,337,17542,California
Santa Clara,2020-12-26,1257,18817,1026,18196,231,621,0,0,1256,18795,0,3,1256,18798,California
Santa Clara,2020-12-27,635,19452,498,18694,137,758,0,0,635,19430,0,3,635,19433,California
Santa Clara,2020-12-28,2322,21774,1720,20414,602,1360,0,0,2322,21752,0,3,2322,21755,California
Santa Clara,2020-12-29,2321,24095,1458,21872,863,2223,0,0,2319,24071,0,3,2319,24074,California
Santa Clara,2020-12-30,2970,27065,1882,23754,1088,3311,0,0,2970,27041,0,3,2970,27044,California
Santa Clara,2020-12-31,1200,28265,385,24139,815,4126,0,0,1199,28239,1,4,1199,28243,California
Santa Clara,2021-01-01,135,28400,5,24144,130,4256,0,0,135,28374,0,4,135,28378,California
Santa Clara,2021-01-02,1082,29482,811,24955,271,4527,0,0,1082,29456,0,4,1082,29460,California
Santa Clara,2021-01-03,583,30065,367,25322,216,4743,0,0,581,30035,2,6,581,30041,California
Santa Clara,2021-01-04,2473,32538,1669,26991,804,5547,0,0,2470,32504,1,7,2470,32511,California
Santa Clara,2021-01-05,3051,35589,1995,28986,1056,6603,0,0,2866,35189,184,191,2869,35380,California
Santa Clara,2021-01-06,3300,38889,1942,30928,1358,7961,0,0,2732,37357,565,756,2733,38113,California
Santa Clara,2021-01-07,4129,43018,2470,33398,1659,9620,0,0,3103,39451,1016,1772,3110,41223,California
Santa Clara,2021-01-08,5850,48868,3827,37225,2023,11643,0,0,3791,41188,2054,3826,3791,45014,California
Santa Clara,2021-01-09,2986,51854,1878,39103,1108,12751,0,0,1710,41627,1276,5102,1715,46729,California
Santa Clara,2021-01-10,1867,53721,1424,40527,443,13194,0,0,728,41217,1138,6240,728,47457,California
Santa Clara,2021-01-11,5612,59333,3403,43930,2209,15403,0,0,3294,42198,2318,8558,3299,50756,California
Santa Clara,2021-01-12,6676,66009,3278,47208,3398,18801,0,0,4501,44532,2175,10733,4509,55265,California
Santa Clara,2021-01-13,7389,73398,3056,50264,4333,23134,0,0,5217,47593,2169,12902,5230,60495,California
Santa Clara,2021-01-14,8147,81545,2706,52970,5441,28575,0,0,6489,52436,1655,14557,6498,66993,California
Santa Clara,2021-01-15,9571,91116,2930,55900,6641,35216,0,0,8110,59106,1457,16014,8127,75120,California
Santa Clara,2021-01-16,4441,95557,1309,57209,3132,38348,0,0,3543,61758,895,16909,3547,78667,California
Santa Clara,2021-01-17,3234,98791,613,57822,2621,40969,0,0,2731,63988,501,17410,2731,81398,California
Santa Clara,2021-01-18,5209,104000,1252,59074,3957,44926,0,0,4563,67907,646,18056,4565,85963,California
Santa Clara,2021-01-19,8399,112399,2619,61693,5780,50706,0,0,6753,73024,1644,19700,6761,92724,California
Santa Clara,2021-01-20,7974,120373,4000,65693,3974,54680,0,0,6454,77962,1517,21217,6455,99179,California
Santa Clara,2021-01-21,8498,128871,3626,69319,4872,59552,0,0,7354,84176,1141,22358,7355,106534,California
Santa Clara,2021-01-22,8659,137530,3278,72597,5381,64933,0,0,8013,91546,645,23003,8015,114549,California
Santa Clara,2021-01-23,3778,141308,1683,74280,2095,67028,0,0,2823,93414,955,23958,2823,117372,California
Santa Clara,2021-01-24,2886,144194,1469,75749,1417,68445,0,0,2353,95235,532,24490,2353,119725,California
Santa Clara,2021-01-25,8304,152498,3729,79478,4575,73020,0,0,6295,99544,2003,26493,6312,126037,California
Santa Clara,2021-01-26,8229,160727,3764,83242,4465,77485,0,0,6088,103510,2130,28623,6096,132133,California
Santa Clara,2021-01-27,8595,169322,3744,86986,4851,82336,0,0,6738,108410,1839,30462,6739,138872,California
Santa Clara,2021-01-28,9431,178753,3786,90772,5645,87981,0,0,7465,113937,1942,32404,7469,146341,California
Santa Clara,2021-01-29,9443,188196,3884,94656,5559,93540,0,0,7330,119164,2103,34507,7330,153671,California
Santa Clara,2021-01-30,3901,192097,1800,96456,2101,95641,0,0,2957,121180,942,35449,2958,156629,California
Santa Clara,2021-01-31,2568,194665,1702,98158,866,96507,0,0,1578,121776,983,36432,1579,158208,California
Santa Clara,2021-02-01,7805,202470,3458,101616,4347,100854,0,0,6134,126249,1663,38095,6136,164344,California
Santa Clara,2021-02-02,8049,210519,2852,104468,5197,106051,0,0,6071,130349,1974,40069,6074,170418,California
Santa Clara,2021-02-03,9184,219703,3470,107938,5714,111765,0,0,6930,135035,2249,42318,6935,177353,California
Santa Clara,2021-02-04,10552,230255,4116,112054,6436,118201,0,0,8287,141067,2258,44576,8290,185643,California
Santa Clara,2021-02-05,11881,242136,4326,116380,7555,125756,0,0,8432,146067,3433,48009,8433,194076,California
Santa Clara,2021-02-06,5144,247280,2794,119174,2350,128106,0,0,3992,148910,1149,49158,3992,198068,California
Santa Clara,2021-02-07,3466,250746,2348,121522,1118,129224,0,0,3022,151490,442,49600,3022,201090,California
Santa Clara,2021-02-08,9997,260743,3478,125000,6519,135743,0,0,7275,156060,2707,52307,7277,208367,California
Santa Clara,2021-02-09,10769,271512,3801,128801,6968,142711,0,0,7294,159890,3466,55773,7296,215663,California
Santa Clara,2021-02-10,12651,284163,4895,133696,7756,150467,0,0,6924,161102,5715,61488,6927,222590,California
Santa Clara,2021-02-11,13168,297331,4629,138325,8539,159006,0,0,7437,162822,5719,67207,7439,230029,California
Santa Clara,2021-02-12,14546,311877,4473,142798,10073,169079,0,0,7042,162377,7488,74695,7043,237072,California
Santa Clara,2021-02-13,6074,317951,1442,144240,4632,173711,0,0,2218,160744,3852,78547,2219,239291,California
Santa Clara,2021-02-14,4628,322579,1141,145381,3487,177198,0,0,1493,159103,3134,81681,1493,240784,California
Santa Clara,2021-02-15,6225,328804,2781,148162,3444,180642,0,0,2681,158250,3538,85219,2685,243469,California
Santa Clara,2021-02-16,13569,342373,3992,152154,9577,190219,0,0,6749,158197,6802,92021,6749,250218,California
Santa Clara,2021-02-17,14039,356412,5488,157642,8551,198770,0,0,7035,158248,6989,99010,7040,257258,California
Santa Clara,2021-02-18,13676,370088,8342,165984,5334,204104,0,0,7011,158616,6644,105654,7012,264270,California
Santa Clara,2021-02-19,14694,384782,9534,175518,5160,209264,0,0,8529,160999,6147,111801,8530,272800,California
Santa Clara,2021-02-20,6817,391599,5100,180618,1717,210981,0,0,3690,161571,3118,114919,3690,276490,California
Santa Clara,2021-02-21,3232,394831,2414,183032,818,211799,0,0,1170,160688,2055,116974,1172,277662,California
Santa Clara,2021-02-22,10093,404924,6044,189076,4049,215848,0,0,4754,160116,5327,122301,4755,282417,California
Santa Clara,2021-02-23,11816,416740,7687,196763,4129,219977,0,0,6688,161703,5116,127417,6703,289120,California
Santa Clara,2021-02-24,14074,430814,9082,205845,4992,224969,0,0,8721,165091,5336,132753,8724,297844,California
Santa Clara,2021-02-25,14043,444857,9202,215047,4841,229810,0,0,7645,166358,6380,139133,7647,305491,California
Santa Clara,2021-02-26,14480,459337,8376,223423,6104,235914,0,0,7961,167833,6494,145627,7969,313460,California
Santa Clara,2021-02-27,8052,467389,5511,228934,2541,238455,0,0,4469,168735,3575,149202,4477,317937,California
Santa Clara,2021-02-28,4685,472074,3065,231999,1620,240075,0,0,2186,168430,2491,151693,2186,320123,California
Santa Clara,2021-03-01,14032,486106,7953,239952,6078,246153,1,1,8693,171803,5323,157016,8696,328819,California
Santa Clara,2021-03-02,13672,499778,8202,248154,5470,251623,0,1,9159,176477,4489,161505,9163,337982,California
Santa Clara,2021-03-03,17051,516829,8318,256472,8731,260354,2,3,10320,180113,6692,168197,10328,348310,California
Santa Clara,2021-03-04,14246,531075,7868,264340,6376,266730,2,5,8088,182078,6126,174323,8091,356401,California
Santa Clara,2021-03-05,14547,545622,8433,272773,5991,272721,123,128,7657,183007,6866,181189,7795,364196,California
Santa Clara,2021-03-06,8911,554533,5988,278761,2476,275197,447,575,6681,187923,2214,183403,7130,371326,California
Santa Clara,2021-03-07,6430,560963,4157,282918,2050,277247,223,798,5110,191948,1311,184714,5336,376662,California
Santa Clara,2021-03-08,12488,573451,6474,289392,5542,282789,472,1270,7988,195934,4478,189192,8464,385126,California
Santa Clara,2021-03-09,11989,585440,5248,294640,5604,288393,1137,2407,5700,196499,6275,195467,6840,391966,California
Santa Clara,2021-03-10,14471,599911,6264,300904,6433,294826,1774,4181,5889,195604,8558,204025,7663,399629,California
Santa Clara,2021-03-11,15560,615471,7242,308146,7094,301920,1224,5405,5311,191910,10228,214253,6534,406163,California
Santa Clara,2021-03-12,15519,630990,8004,316150,6358,308278,1157,6562,5292,188171,10196,224449,6457,412620,California
Santa Clara,2021-03-13,9654,640644,5639,321789,2628,310906,1387,7949,4305,188533,5328,229777,5690,418310,California
Santa Clara,2021-03-14,6064,646708,3235,325024,1569,312475,1260,9209,2962,189661,3091,232868,4219,422529,California
Santa Clara,2021-03-15,12774,659482,6460,331484,6038,318513,276,9485,6000,189194,6746,239614,6279,428808,California
Santa Clara,2021-03-16,17398,676880,10246,341730,6939,325452,213,9698,8431,188900,8940,248554,8646,437454,California
Santa Clara,2021-03-17,18943,695823,10693,352423,8076,333528,174,9872,9674,189531,9220,257774,9851,447305,California
Santa Clara,2021-03-18,15314,711137,7356,359779,7061,340589,897,10769,7123,189403,8149,265923,8021,455326,California
Santa Clara,2021-03-19,14354,725491,7433,367212,6137,346726,784,11553,7644,191159,6673,272596,8429,463755,California
Santa Clara,2021-03-20,8381,733872,4693,371905,3180,349906,508,12061,5180,193663,3184,275780,5688,469443,California
Santa Clara,2021-03-21,8160,742032,3702,375607,3102,353008,1356,13417,5504,197880,2645,278425,6862,476305,California
Santa Clara,2021-03-22,16219,758251,9122,384729,6743,359751,354,13771,9375,200798,6824,285249,9742,486047,California
Santa Clara,2021-03-23,18793,777044,12219,396948,6352,366103,222,13993,11613,205498,7144,292393,11844,497891,California
Santa Clara,2021-03-24,21713,798757,14255,411203,7302,373405,156,14149,14391,212942,7287,299680,14731,512622,California
Santa Clara,2021-03-25,22054,820811,12782,423985,8519,381924,753,14902,14424,221078,7576,307256,15712,528334,California
Santa Clara,2021-03-26,21623,842434,13801,437786,7427,389351,395,15297,13393,227118,8202,315458,14242,542576,California
Santa Clara,2021-03-27,14882,857316,9810,447596,4313,393664,759,16056,7844,229042,7012,322470,8936,551512,California
Santa Clara,2021-03-28,11450,868766,8083,455679,2670,396334,697,16753,6359,231209,5070,327540,7237,558749,California
Santa Clara,2021-03-29,19645,888411,11948,467627,6968,403302,729,17482,10661,233752,8956,336496,11499,570248,California
Santa Clara,2021-03-30,23657,912068,14800,482427,8020,411322,837,18319,16054,243466,7576,344072,17290,587538,California
Santa Clara,2021-03-31,18855,930923,11667,494094,6389,417711,799,19118,12651,251016,6178,350250,13728,601266,California
Santa Clara,2021-04-01,27665,958588,19055,513149,7096,424807,1514,20632,18995,263273,8625,358875,20882,622148,California
Santa Clara,2021-04-02,23144,981732,13870,527019,7766,432573,1508,22140,16069,274495,7047,365922,18269,640417,California
Santa Clara,2021-04-03,9212,990944,5980,532999,1923,434496,1309,23449,5342,277608,3858,369780,6971,647388,California
Santa Cruz,2020-12-15,2,2,2,2,0,0,0,0,2,2,0,0,2,2,California
Santa Cruz,2020-12-16,57,59,57,59,0,0,0,0,57,59,0,0,57,59,California
Santa Cruz,2020-12-17,390,449,390,449,0,0,0,0,390,449,0,0,390,449,California
Santa Cruz,2020-12-18,466,915,466,915,0,0,0,0,466,915,0,0,466,915,California
Santa Cruz,2020-12-19,176,1091,175,1090,1,1,0,0,176,1091,0,0,176,1091,California
Santa Cruz,2020-12-20,95,1186,95,1185,0,1,0,0,95,1186,0,0,95,1186,California
Santa Cruz,2020-12-21,429,1615,429,1614,0,1,0,0,429,1615,0,0,429,1615,California
Santa Cruz,2020-12-22,423,2038,422,2036,1,2,0,0,423,2038,0,0,423,2038,California
Santa Cruz,2020-12-23,372,2410,330,2366,42,44,0,0,372,2410,0,0,372,2410,California
Santa Cruz,2020-12-24,126,2536,51,2417,75,119,0,0,126,2536,0,0,126,2536,California
Santa Cruz,2020-12-25,11,2547,11,2428,0,119,0,0,11,2547,0,0,11,2547,California
Santa Cruz,2020-12-26,64,2611,45,2473,19,138,0,0,64,2611,0,0,64,2611,California
Santa Cruz,2020-12-27,32,2643,27,2500,5,143,0,0,32,2643,0,0,32,2643,California
Santa Cruz,2020-12-28,483,3126,107,2607,376,519,0,0,483,3126,0,0,483,3126,California
Santa Cruz,2020-12-29,794,3920,367,2974,427,946,0,0,794,3920,0,0,794,3920,California
Santa Cruz,2020-12-30,357,4277,165,3139,192,1138,0,0,357,4277,0,0,357,4277,California
Santa Cruz,2020-12-31,314,4591,11,3150,303,1441,0,0,314,4591,0,0,314,4591,California
Santa Cruz,2021-01-01,32,4623,0,3150,32,1473,0,0,32,4623,0,0,32,4623,California
Santa Cruz,2021-01-02,70,4693,56,3206,14,1487,0,0,70,4693,0,0,70,4693,California
Santa Cruz,2021-01-03,15,4708,7,3213,8,1495,0,0,15,4708,0,0,15,4708,California
Santa Cruz,2021-01-04,280,4988,123,3336,157,1652,0,0,278,4985,1,1,278,4986,California
Santa Cruz,2021-01-05,565,5553,428,3764,137,1789,0,0,263,4946,302,303,263,5249,California
Santa Cruz,2021-01-06,804,6357,670,4434,134,1923,0,0,466,5075,337,640,466,5715,California
Santa Cruz,2021-01-07,538,6895,210,4644,328,2251,0,0,387,5312,151,791,388,6103,California
Santa Cruz,2021-01-08,935,7830,562,5206,373,2624,0,0,486,5351,448,1239,487,6590,California
Santa Cruz,2021-01-09,462,8292,121,5327,341,2965,0,0,410,5709,52,1291,410,7000,California
Santa Cruz,2021-01-10,72,8364,62,5389,10,2975,0,0,18,5673,54,1345,18,7018,California
Santa Cruz,2021-01-11,716,9080,582,5971,134,3109,0,0,192,5341,524,1869,192,7210,California
Santa Cruz,2021-01-12,733,9813,529,6500,204,3313,0,0,491,5590,242,2111,491,7701,California
Santa Cruz,2021-01-13,523,10336,229,6729,294,3607,0,0,438,5947,82,2193,439,8140,California
Santa Cruz,2021-01-14,543,10879,93,6822,450,4057,0,0,484,6372,59,2252,484,8624,California
Santa Cruz,2021-01-15,1467,12346,91,6913,1376,5433,0,0,1392,7691,74,2326,1393,10017,California
Santa Cruz,2021-01-16,435,12781,63,6976,372,5805,0,0,408,8072,27,2353,408,10425,California
Santa Cruz,2021-01-17,285,13066,32,7008,253,6058,0,0,267,8321,18,2371,267,10692,California
Santa Cruz,2021-01-18,1026,14092,113,7121,913,6971,0,0,957,9209,69,2440,957,11649,California
Santa Cruz,2021-01-19,1622,15714,522,7643,1100,8071,0,0,1270,10130,350,2790,1271,12920,California
Santa Cruz,2021-01-20,1231,16945,182,7825,1049,9120,0,0,1036,10974,192,2982,1036,13956,California
Santa Cruz,2021-01-21,1700,18645,197,8022,1503,10623,0,0,1595,12465,105,3087,1596,15552,California
Santa Cruz,2021-01-22,1799,20444,536,8558,1263,11886,0,0,1695,14060,101,3188,1696,17248,California
Santa Cruz,2021-01-23,401,20845,144,8702,257,12143,0,0,342,14344,58,3246,342,17590,California
Santa Cruz,2021-01-24,116,20961,21,8723,95,12238,0,0,97,14422,19,3265,97,17687,California
Santa Cruz,2021-01-25,1058,22019,360,9083,698,12936,0,0,550,14466,508,3773,552,18239,California
Santa Cruz,2021-01-26,1677,23696,247,9330,1430,14366,0,0,1165,15120,512,4285,1166,19405,California
Santa Cruz,2021-01-27,1641,25337,445,9775,1196,15562,0,0,1258,15996,382,4667,1258,20663,California
Santa Cruz,2021-01-28,1744,27081,289,10064,1455,17017,0,0,1470,17194,273,4940,1471,22134,California
Santa Cruz,2021-01-29,1733,28814,486,10550,1247,18264,0,0,1604,18670,128,5068,1604,23738,California
Santa Cruz,2021-01-30,1054,29868,302,10852,752,19016,0,0,927,19470,127,5195,927,24665,California
Santa Cruz,2021-01-31,229,30097,124,10976,105,19121,0,0,204,19649,25,5220,204,24869,California
Santa Cruz,2021-02-01,1228,31325,759,11735,469,19590,0,0,819,20060,409,5629,820,25689,California
Santa Cruz,2021-02-02,1008,32333,130,11865,878,20468,0,0,854,20761,153,5782,854,26543,California
Santa Cruz,2021-02-03,2209,34542,943,12808,1266,21734,0,0,1900,22356,305,6087,1900,28443,California
Santa Cruz,2021-02-04,1832,36374,772,13580,1060,22794,0,0,1496,23517,335,6422,1496,29939,California
Santa Cruz,2021-02-05,3166,39540,791,14371,2375,25169,0,0,2845,26043,319,6741,2845,32784,California
Santa Cruz,2021-02-06,2584,42124,164,14535,2420,27589,0,0,2236,27931,348,7089,2236,35020,California
Santa Cruz,2021-02-07,910,43034,121,14656,789,28378,0,0,893,28807,17,7106,893,35913,California
Santa Cruz,2021-02-08,717,43751,203,14859,514,28892,0,0,518,29127,198,7304,518,36431,California
Santa Cruz,2021-02-09,2375,46126,1052,15911,1323,30215,0,0,2112,30980,259,7563,2112,38543,California
Santa Cruz,2021-02-10,2190,48316,578,16489,1612,31827,0,0,1498,31791,689,8252,1500,40043,California
Santa Cruz,2021-02-11,1844,50160,315,16804,1529,33356,0,0,1322,32593,520,8772,1322,41365,California
Santa Cruz,2021-02-12,3208,53368,424,17228,2784,36140,0,0,1803,33001,1397,10169,1805,43170,California
Santa Cruz,2021-02-13,1707,55075,122,17350,1585,37725,0,0,1294,33882,413,10582,1294,44464,California
Santa Cruz,2021-02-14,1391,56466,72,17422,1319,39044,0,0,1128,34747,263,10845,1128,45592,California
Santa Cruz,2021-02-15,1581,58047,278,17700,1303,40347,0,0,561,34289,1020,11865,562,46154,California
Santa Cruz,2021-02-16,1692,59739,201,17901,1491,41838,0,0,537,33691,1135,13000,537,46691,California
Santa Cruz,2021-02-17,2928,62667,979,18880,1949,43787,0,0,1235,33249,1680,14680,1238,47929,California
Santa Cruz,2021-02-18,2884,65551,638,19518,2246,46033,0,0,1236,32840,1645,16325,1236,49165,California
Santa Cruz,2021-02-19,3262,68813,1148,20666,2114,48147,0,0,2011,33601,1250,17575,2011,51176,California
Santa Cruz,2021-02-20,2377,71190,1497,22163,880,49027,0,0,1887,34998,490,18065,1887,53063,California
Santa Cruz,2021-02-21,797,71987,332,22495,465,49492,0,0,693,35589,102,18167,693,53756,California
Santa Cruz,2021-02-22,1243,73230,960,23455,283,49775,0,0,537,35422,704,18871,537,54293,California
Santa Cruz,2021-02-23,2104,75334,941,24396,1163,50938,0,0,720,34762,1383,20254,723,55016,California
Santa Cruz,2021-02-24,3176,78510,1654,26050,1522,52460,0,0,1218,34028,1954,22208,1220,56236,California
Santa Cruz,2021-02-25,3230,81740,1427,27477,1803,54263,0,0,1776,34360,1447,23655,1779,58015,California
Santa Cruz,2021-02-26,2703,84443,761,28238,1942,56205,0,0,1538,34737,1161,24816,1538,59553,California
Santa Cruz,2021-02-27,2645,87088,936,29174,1709,57914,0,0,1845,35785,799,25615,1847,61400,California
Santa Cruz,2021-02-28,1295,88383,360,29534,935,58849,0,0,1083,36659,209,25824,1083,62483,California
Santa Cruz,2021-03-01,1811,90194,1249,30783,562,59411,0,0,677,36205,1131,26955,677,63160,California
Santa Cruz,2021-03-02,1483,91677,336,31119,1147,60558,0,0,818,36363,663,27618,821,63981,California
Santa Cruz,2021-03-03,2218,93895,583,31702,1635,62193,0,0,1169,36486,1046,28664,1169,65150,California
Santa Cruz,2021-03-04,2771,96666,1361,33063,1409,63602,1,1,1832,37389,930,29594,1833,66983,California
Santa Cruz,2021-03-05,2409,99075,464,33527,1927,65529,18,19,940,36887,1465,31059,963,67946,California
Santa Cruz,2021-03-06,3736,102811,1296,34823,2340,67869,100,119,2033,37320,1703,32762,2136,70082,California
Santa Cruz,2021-03-07,1352,104163,135,34958,1141,69010,76,195,559,37164,792,33554,636,70718,California
Santa Cruz,2021-03-08,1005,105168,232,35190,687,69697,86,281,620,37495,384,33938,715,71433,California
Santa Cruz,2021-03-09,1657,106825,212,35402,1297,70994,148,429,651,37293,1001,34939,799,72232,California
Santa Cruz,2021-03-10,3705,110530,1996,37398,1579,72573,130,559,1846,37419,1855,36794,1981,74213,California
Santa Cruz,2021-03-11,2590,113120,1093,38491,1348,73921,149,708,1384,37751,1202,37996,1534,75747,California
Santa Cruz,2021-03-12,2521,115641,842,39333,1429,75350,250,958,830,37143,1689,39685,1081,76828,California
Santa Cruz,2021-03-13,2041,117682,1275,40608,723,76073,43,1001,1020,37186,1021,40706,1064,77892,California
Santa Cruz,2021-03-14,732,118414,157,40765,561,76634,14,1015,353,37175,377,41083,366,78258,California
Santa Cruz,2021-03-15,1339,119753,477,41242,826,77460,36,1051,573,37021,764,41847,610,78868,California
Santa Cruz,2021-03-16,2318,122071,1087,42329,1188,78648,43,1094,1340,37430,975,42822,1384,80252,California
Santa Cruz,2021-03-17,3804,125875,2206,44535,1586,80234,12,1106,2454,38554,1345,44167,2469,82721,California
Santa Cruz,2021-03-18,3340,129215,1891,46426,1346,81580,103,1209,1764,38848,1574,45741,1868,84589,California
Santa Cruz,2021-03-19,2446,131661,1090,47516,1143,82723,213,1422,1289,39197,1153,46894,1502,86091,California
Santa Cruz,2021-03-20,1471,133132,1084,48600,356,83079,31,1453,752,39264,716,47610,783,86874,California
Santa Cruz,2021-03-21,817,133949,433,49033,268,83347,116,1569,437,39439,379,47989,554,87428,California
Santa Cruz,2021-03-22,1383,135332,857,49890,505,83852,21,1590,959,40000,419,48408,980,88408,California
Santa Cruz,2021-03-23,2565,137897,1433,51323,1087,84939,45,1635,1734,40950,829,49237,1779,90187,California
Santa Cruz,2021-03-24,2961,140858,1953,53276,986,85925,22,1657,1951,41918,1006,50243,1974,92161,California
Santa Cruz,2021-03-25,2573,143431,1286,54562,1252,87177,35,1692,1337,42070,1227,51470,1379,93540,California
Santa Cruz,2021-03-26,2990,146421,1790,56352,1171,88348,29,1721,2016,43157,968,52438,2055,95595,California
Santa Cruz,2021-03-27,2996,149417,1915,58267,1055,89403,26,1747,1350,42915,1636,54074,1394,96989,California
Santa Cruz,2021-03-28,867,150284,565,58832,289,89692,13,1760,461,42990,403,54477,478,97467,California
Santa Cruz,2021-03-29,1889,152173,859,59691,971,90663,59,1819,1200,43569,684,55161,1263,98730,California
Santa Cruz,2021-03-30,2658,154831,796,60487,1708,92371,154,1973,1716,44527,941,56102,1899,100629,California
Santa Cruz,2021-03-31,3911,158742,2604,63091,1261,93632,46,2019,2065,44881,1842,57944,2196,102825,California
Santa Cruz,2021-04-01,3809,162551,2030,65121,1695,95327,84,2103,1969,45265,1834,59778,2218,105043,California
Santa Cruz,2021-04-02,3038,165589,1396,66517,1464,96791,178,2281,1729,46026,1303,61081,2064,107107,California
Santa Cruz,2021-04-03,1573,167162,914,67431,623,97414,36,2317,547,45663,1022,62103,659,107766,California
Shasta,2020-12-16,131,131,131,131,0,0,0,0,131,131,0,0,131,131,California
Shasta,2020-12-17,418,549,418,549,0,0,0,0,418,549,0,0,418,549,California
Shasta,2020-12-18,168,717,168,717,0,0,0,0,168,717,0,0,168,717,California
Shasta,2020-12-19,1,718,1,718,0,0,0,0,1,718,0,0,1,718,California
Shasta,2020-12-21,78,796,78,796,0,0,0,0,78,796,0,0,78,796,California
Shasta,2020-12-22,191,987,186,982,5,5,0,0,191,987,0,0,191,987,California
Shasta,2020-12-23,174,1161,170,1152,4,9,0,0,174,1161,0,0,174,1161,California
Shasta,2020-12-24,18,1179,18,1170,0,9,0,0,18,1179,0,0,18,1179,California
Shasta,2020-12-26,4,1183,1,1171,3,12,0,0,4,1183,0,0,4,1183,California
Shasta,2020-12-27,1,1184,0,1171,1,13,0,0,1,1184,0,0,1,1184,California
Shasta,2020-12-28,40,1224,31,1202,9,22,0,0,40,1224,0,0,40,1224,California
Shasta,2020-12-29,186,1410,185,1387,1,23,0,0,186,1410,0,0,186,1410,California
Shasta,2020-12-30,177,1587,167,1554,10,33,0,0,177,1587,0,0,177,1587,California
Shasta,2020-12-31,82,1669,2,1556,80,113,0,0,82,1669,0,0,82,1669,California
Shasta,2021-01-02,2,1671,0,1556,2,115,0,0,2,1671,0,0,2,1671,California
Shasta,2021-01-03,1,1672,1,1557,0,115,0,0,1,1672,0,0,1,1672,California
Shasta,2021-01-04,347,2019,306,1863,41,156,0,0,348,2020,0,0,348,2020,California
Shasta,2021-01-05,335,2354,314,2177,21,177,0,0,254,2193,81,81,254,2274,California
Shasta,2021-01-06,438,2792,396,2573,42,219,0,0,175,2106,262,343,175,2449,California
Shasta,2021-01-07,116,2908,35,2608,81,300,0,0,95,2180,21,364,95,2544,California
Shasta,2021-01-08,506,3414,446,3054,60,360,0,0,297,2268,209,573,297,2841,California
Shasta,2021-01-09,72,3486,63,3117,9,369,0,0,70,2336,2,575,70,2911,California
Shasta,2021-01-10,5,3491,0,3117,5,374,0,0,4,2340,1,576,5,2916,California
Shasta,2021-01-11,352,3843,185,3302,167,541,0,0,317,2622,35,611,317,3233,California
Shasta,2021-01-12,451,4294,327,3629,124,665,0,0,277,2725,174,785,277,3510,California
Shasta,2021-01-13,541,4835,268,3897,273,938,0,0,371,2926,170,955,371,3881,California
Shasta,2021-01-14,444,5279,48,3945,396,1334,0,0,427,3336,17,972,427,4308,California
Shasta,2021-01-15,635,5914,135,4080,500,1834,0,0,633,3967,2,974,633,4941,California
Shasta,2021-01-16,900,6814,56,4136,844,2678,0,0,897,4861,3,977,897,5838,California
Shasta,2021-01-17,26,6840,6,4142,20,2698,0,0,22,4879,4,981,22,5860,California
Shasta,2021-01-18,599,7439,130,4272,469,3167,0,0,591,5462,8,989,591,6451,California
Shasta,2021-01-19,1019,8458,397,4669,622,3789,0,0,871,6185,148,1137,871,7322,California
Shasta,2021-01-20,668,9126,407,5076,261,4050,0,0,486,6493,178,1315,486,7808,California
Shasta,2021-01-21,630,9756,278,5354,352,4402,0,0,607,7077,23,1338,607,8415,California
Shasta,2021-01-22,445,10201,170,5524,275,4677,0,0,439,7510,6,1344,439,8854,California
Shasta,2021-01-23,69,10270,5,5529,64,4741,0,0,68,7577,1,1345,68,8922,California
Shasta,2021-01-24,26,10296,2,5531,24,4765,0,0,25,7601,1,1346,25,8947,California
Shasta,2021-01-25,752,11048,492,6023,260,5025,0,0,466,7782,285,1631,466,9413,California
Shasta,2021-01-26,709,11757,333,6356,376,5401,0,0,476,8027,231,1862,476,9889,California
Shasta,2021-01-27,460,12217,181,6537,279,5680,0,0,411,8389,49,1911,411,10300,California
Shasta,2021-01-28,853,13070,577,7114,276,5956,0,0,631,8798,222,2133,631,10931,California
Shasta,2021-01-29,829,13899,329,7443,500,6456,0,0,640,9250,189,2322,641,11572,California
Shasta,2021-01-30,614,14513,15,7458,599,7055,0,0,605,9846,9,2331,605,12177,California
Shasta,2021-01-31,28,14541,4,7462,24,7079,0,0,26,9870,2,2333,26,12203,California
Shasta,2021-02-01,502,15043,142,7604,360,7439,0,0,382,10132,120,2453,382,12585,California
Shasta,2021-02-02,953,15996,495,8099,458,7897,0,0,863,10906,89,2542,863,13448,California
Shasta,2021-02-03,657,16653,209,8308,448,8345,0,0,462,11173,195,2737,462,13910,California
Shasta,2021-02-04,1056,17709,658,8966,398,8743,0,0,867,11851,189,2926,867,14777,California
Shasta,2021-02-05,1212,18921,163,9129,1049,9792,0,0,1023,12686,188,3114,1023,15800,California
Shasta,2021-02-06,1726,20647,43,9172,1683,11475,0,0,1702,14364,24,3138,1702,17502,California
Shasta,2021-02-07,25,20672,2,9174,23,11498,0,0,23,14385,2,3140,23,17525,California
Shasta,2021-02-08,543,21215,169,9343,374,11872,0,0,305,14452,238,3378,305,17830,California
Shasta,2021-02-09,1026,22241,649,9992,377,12249,0,0,676,14778,350,3728,676,18506,California
Shasta,2021-02-10,1084,23325,783,10775,301,12550,0,0,592,14879,492,4220,593,19099,California
Shasta,2021-02-11,788,24113,190,10965,598,13148,0,0,307,14710,476,4696,307,19406,California
Shasta,2021-02-12,1661,25774,1141,12106,520,13668,0,0,1170,15389,491,5187,1170,20576,California
Shasta,2021-02-13,1382,27156,368,12474,1014,14682,0,0,569,15146,814,6001,571,21147,California
Shasta,2021-02-14,149,27305,4,12478,145,14827,0,0,124,15245,25,6026,124,21271,California
Shasta,2021-02-15,385,27690,94,12572,291,15118,0,0,217,15294,168,6194,217,21488,California
Shasta,2021-02-16,1084,28774,513,13085,571,15689,0,0,318,14847,765,6959,318,21806,California
Shasta,2021-02-17,981,29755,435,13520,546,16235,0,0,369,14604,612,7571,369,22175,California
Shasta,2021-02-18,870,30625,439,13959,431,16666,0,0,418,14570,452,8023,418,22593,California
Shasta,2021-02-19,1051,31676,660,14619,391,17057,0,0,610,14739,441,8464,610,23203,California
Shasta,2021-02-20,757,32433,88,14707,669,17726,0,0,295,14572,462,8926,295,23498,California
Shasta,2021-02-21,34,32467,4,14711,30,17756,0,0,10,14559,23,8949,10,23508,California
Shasta,2021-02-22,343,32810,68,14779,275,18031,0,0,100,14416,243,9192,100,23608,California
Shasta,2021-02-23,802,33612,467,15246,335,18366,0,0,216,14046,586,9778,216,23824,California
Shasta,2021-02-24,882,34494,501,15747,381,18747,0,0,270,13706,610,10388,270,24094,California
Shasta,2021-02-25,467,34961,155,15902,312,19059,0,0,154,13549,311,10699,154,24248,California
Shasta,2021-02-26,784,35745,88,15990,696,19755,0,0,324,13415,458,11157,324,24572,California
Shasta,2021-02-27,817,36562,32,16022,785,20540,0,0,187,12975,628,11785,188,24760,California
Shasta,2021-02-28,181,36743,5,16027,176,20716,0,0,132,13058,49,11834,132,24892,California
Shasta,2021-03-01,564,37307,64,16091,500,21216,0,0,272,13039,291,12125,272,25164,California
Shasta,2021-03-02,929,38236,466,16557,463,21679,0,0,263,12638,664,12789,263,25427,California
Shasta,2021-03-03,563,38799,123,16680,440,22119,0,0,171,12417,392,13181,171,25598,California
Shasta,2021-03-04,1031,39830,499,17179,532,22651,0,0,638,12663,392,13573,638,26236,California
Shasta,2021-03-05,947,40777,154,17333,766,23417,27,27,306,12354,642,14215,333,26569,California
Shasta,2021-03-06,818,41595,382,17715,392,23809,44,71,191,11963,626,14841,235,26804,California
Shasta,2021-03-07,92,41687,5,17720,57,23866,30,101,40,11981,52,14893,70,26874,California
Shasta,2021-03-08,550,42237,53,17773,359,24225,138,239,140,11852,407,15300,278,27152,California
Shasta,2021-03-09,552,42789,49,17822,342,24567,161,400,208,11876,344,15644,368,27520,California
Shasta,2021-03-10,658,43447,243,18065,330,24897,85,485,133,11569,524,16168,217,27737,California
Shasta,2021-03-11,938,44385,158,18223,579,25476,201,686,598,12028,340,16508,799,28536,California
Shasta,2021-03-12,623,45008,121,18344,320,25796,182,868,247,12082,375,16883,429,28965,California
Shasta,2021-03-13,665,45673,410,18754,164,25960,91,959,473,12454,192,17075,564,29529,California
Shasta,2021-03-14,279,45952,12,18766,244,26204,23,982,196,12590,83,17158,219,29748,California
Shasta,2021-03-15,484,46436,37,18803,347,26551,100,1082,200,12607,282,17440,299,30047,California
Shasta,2021-03-16,966,47402,144,18947,758,27309,64,1146,695,13095,271,17711,759,30806,California
Shasta,2021-03-17,645,48047,181,19128,415,27724,49,1195,366,13240,270,17981,415,31221,California
Shasta,2021-03-18,868,48915,208,19336,566,28290,94,1289,624,13720,241,18222,721,31942,California
Shasta,2021-03-19,506,49421,148,19484,310,28600,48,1337,323,13910,182,18404,372,32314,California
Shasta,2021-03-20,601,50022,446,19930,144,28744,11,1348,512,14344,89,18493,523,32837,California
Shasta,2021-03-21,293,50315,281,20211,3,28747,9,1357,270,14601,23,18516,280,33117,California
Shasta,2021-03-22,325,50640,48,20259,248,28995,29,1386,180,14668,142,18658,209,33326,California
Shasta,2021-03-23,789,51429,156,20415,574,29569,59,1445,603,15149,181,18839,662,33988,California
Shasta,2021-03-24,508,51937,158,20573,315,29884,35,1480,374,15425,133,18972,409,34397,California
Shasta,2021-03-25,729,52666,171,20744,541,30425,17,1497,589,15896,138,19110,609,35006,California
Shasta,2021-03-26,671,53337,249,20993,391,30816,31,1528,324,15910,346,19456,360,35366,California
Shasta,2021-03-27,1536,54873,387,21380,313,31129,836,2364,551,16315,982,20438,1387,36753,California
Shasta,2021-03-28,396,55269,293,21673,93,31222,10,2374,294,16518,101,20539,304,37057,California
Shasta,2021-03-29,409,55678,53,21726,345,31567,11,2385,153,16429,254,20793,165,37222,California
Shasta,2021-03-30,541,56219,198,21924,334,31901,9,2394,332,16566,206,20999,343,37565,California
Shasta,2021-03-31,612,56831,206,22130,401,32302,5,2399,400,16784,208,21207,426,37991,California
Shasta,2021-04-01,764,57595,244,22374,513,32815,7,2406,535,17106,229,21436,551,38542,California
Shasta,2021-04-02,681,58276,203,22577,426,33241,52,2458,382,17254,297,21733,445,38987,California
Shasta,2021-04-03,60,58336,9,22586,37,33278,14,2472,38,17285,22,21755,53,39040,California
Sierra,2020-12-18,1,1,1,1,0,0,0,0,1,1,0,0,1,1,California
Sierra,2020-12-21,2,3,2,3,0,0,0,0,2,3,0,0,2,3,California
Sierra,2020-12-22,12,15,12,15,0,0,0,0,12,15,0,0,12,15,California
Sierra,2020-12-23,4,19,4,19,0,0,0,0,4,19,0,0,4,19,California
Sierra,2020-12-28,1,20,0,19,1,1,0,0,1,20,0,0,1,20,California
Sierra,2020-12-29,49,69,7,26,42,43,0,0,49,69,0,0,49,69,California
Sierra,2020-12-30,2,71,0,26,2,45,0,0,2,71,0,0,2,71,California
Sierra,2020-12-31,12,83,0,26,12,57,0,0,12,83,0,0,12,83,California
Sierra,2021-01-05,67,150,3,29,64,121,0,0,67,150,0,0,67,150,California
Sierra,2021-01-06,1,151,1,30,0,121,0,0,1,151,0,0,1,151,California
Sierra,2021-01-07,20,171,1,31,19,140,0,0,19,169,1,1,19,170,California
Sierra,2021-01-08,1,172,1,32,0,140,0,0,1,170,0,1,1,171,California
Sierra,2021-01-11,3,175,3,35,0,140,0,0,0,167,3,4,0,171,California
Sierra,2021-01-12,40,215,12,47,28,168,0,0,28,183,12,16,28,199,California
Sierra,2021-01-13,4,219,3,50,1,169,0,0,1,181,3,19,1,200,California
Sierra,2021-01-14,35,254,2,52,33,202,0,0,35,216,0,19,35,235,California
Sierra,2021-01-15,2,256,1,53,1,203,0,0,2,218,0,19,2,237,California
Sierra,2021-01-18,2,258,0,53,2,205,0,0,2,220,0,19,2,239,California
Sierra,2021-01-19,32,290,0,53,32,237,0,0,32,252,0,19,32,271,California
Sierra,2021-01-20,1,291,1,54,0,237,0,0,1,253,0,19,1,272,California
Sierra,2021-01-21,55,346,0,54,55,292,0,0,55,308,0,19,55,327,California
Sierra,2021-01-22,1,347,0,54,1,293,0,0,1,309,0,19,1,328,California
Sierra,2021-01-23,2,349,0,54,2,295,0,0,2,311,0,19,2,330,California
Sierra,2021-01-26,64,413,1,55,63,358,0,0,26,299,38,57,26,356,California
Sierra,2021-01-27,4,417,4,59,0,358,0,0,0,295,4,61,0,356,California
Sierra,2021-01-28,53,470,0,59,53,411,0,0,44,330,9,70,44,400,California
Sierra,2021-01-29,1,471,0,59,1,412,0,0,1,331,0,70,1,401,California
Sierra,2021-01-30,3,474,3,62,0,412,0,0,2,332,1,71,2,403,California
Sierra,2021-02-01,1,475,0,62,1,413,0,0,0,331,1,72,0,403,California
Sierra,2021-02-02,58,533,0,62,58,471,0,0,18,309,40,112,18,421,California
Sierra,2021-02-03,6,539,5,67,1,472,0,0,5,313,1,113,5,426,California
Sierra,2021-02-04,106,645,6,73,100,572,0,0,57,321,49,162,57,483,California
Sierra,2021-02-05,5,650,3,76,2,574,0,0,4,324,1,163,4,487,California
Sierra,2021-02-09,54,704,1,77,53,627,0,0,52,374,2,165,52,539,California
Sierra,2021-02-10,5,709,2,79,3,630,0,0,4,377,1,166,4,543,California
Sierra,2021-02-11,198,907,1,80,197,827,0,0,135,449,63,229,135,678,California
Sierra,2021-02-12,20,927,0,80,20,847,0,0,20,469,0,229,20,698,California
Sierra,2021-02-14,1,928,0,80,1,848,0,0,1,470,0,229,1,699,California
Sierra,2021-02-15,1,929,1,81,0,848,0,0,0,469,1,230,0,699,California
Sierra,2021-02-16,43,972,0,81,43,891,0,0,10,446,33,263,10,709,California
Sierra,2021-02-17,3,975,0,81,3,894,0,0,1,445,2,265,1,710,California
Sierra,2021-02-18,146,1121,0,81,146,1040,0,0,94,487,52,317,94,804,California
Sierra,2021-02-19,1,1122,1,82,0,1040,0,0,1,488,0,317,1,805,California
Sierra,2021-02-20,2,1124,2,84,0,1040,0,0,0,486,2,319,0,805,California
Sierra,2021-02-22,2,1126,2,86,0,1040,0,0,1,486,1,320,1,806,California
Sierra,2021-02-23,4,1130,0,86,4,1044,0,0,4,490,0,320,4,810,California
Sierra,2021-02-24,2,1132,1,87,1,1045,0,0,1,490,1,321,1,811,California
Sierra,2021-02-25,126,1258,1,88,125,1170,0,0,59,482,67,388,59,870,California
Sierra,2021-02-26,9,1267,6,94,3,1173,0,0,4,481,5,393,4,874,California
Sierra,2021-02-27,2,1269,2,96,0,1173,0,0,0,479,2,395,0,874,California
Sierra,2021-03-01,2,1271,1,97,1,1174,0,0,1,479,1,396,1,875,California
Sierra,2021-03-02,51,1322,0,97,51,1225,0,0,32,492,19,415,32,907,California
Sierra,2021-03-03,2,1324,2,99,0,1225,0,0,1,492,1,416,1,908,California
Sierra,2021-03-04,100,1424,2,101,98,1323,0,0,49,490,51,467,49,957,California
Sierra,2021-03-05,12,1436,0,101,12,1335,0,0,10,498,2,469,10,967,California
Sierra,2021-03-08,3,1439,2,103,0,1335,1,1,2,500,1,470,3,970,California
Sierra,2021-03-09,54,1493,1,104,53,1388,0,1,11,468,43,513,11,981,California
Sierra,2021-03-10,5,1498,0,104,5,1393,0,1,3,469,2,515,3,984,California
Sierra,2021-03-11,148,1646,0,104,148,1541,0,1,27,375,121,636,27,1011,California
Sierra,2021-03-12,20,1666,1,105,19,1560,0,1,0,355,20,656,0,1011,California
Sierra,2021-03-13,13,1679,0,105,13,1573,0,1,13,368,0,656,13,1024,California
Sierra,2021-03-14,2,1681,1,106,0,1573,1,2,0,367,2,658,1,1025,California
Sierra,2021-03-15,2,1683,1,107,1,1574,0,2,1,367,1,659,1,1026,California
Sierra,2021-03-16,22,1705,1,108,20,1594,1,3,10,366,12,671,11,1037,California
Sierra,2021-03-17,2,1707,0,108,2,1596,0,3,0,364,2,673,0,1037,California
Sierra,2021-03-18,122,1829,0,108,121,1717,1,4,35,314,86,759,36,1073,California
Sierra,2021-03-19,1,1830,1,109,0,1717,0,4,1,315,0,759,1,1074,California
Sierra,2021-03-23,14,1844,0,109,14,1731,0,4,5,311,9,768,5,1079,California
Sierra,2021-03-24,4,1848,1,110,3,1734,0,4,2,311,2,770,2,1081,California
Sierra,2021-03-25,80,1928,2,112,78,1812,0,4,34,299,46,816,34,1115,California
Sierra,2021-03-26,12,1940,1,113,11,1823,0,4,9,305,3,819,9,1124,California
Sierra,2021-03-27,1,1941,0,113,1,1824,0,4,0,304,1,820,0,1124,California
Sierra,2021-03-29,2,1943,1,114,1,1825,0,4,0,302,2,822,0,1124,California
Sierra,2021-03-30,46,1989,0,114,46,1871,0,4,13,287,33,855,18,1142,California
Sierra,2021-03-31,10,1999,0,114,10,1881,0,4,9,295,1,856,9,1151,California
Sierra,2021-04-01,58,2057,1,115,57,1938,0,4,4,255,54,910,14,1165,California
Sierra,2021-04-02,3,2060,3,118,0,1938,0,4,2,256,1,911,2,1167,California
Sierra,2021-04-03,1,2061,1,119,0,1938,0,4,0,256,0,911,0,1167,California
Siskiyou,2020-12-16,2,2,2,2,0,0,0,0,2,2,0,0,2,2,California
Siskiyou,2020-12-17,4,6,4,6,0,0,0,0,4,6,0,0,4,6,California
Siskiyou,2020-12-18,3,9,3,9,0,0,0,0,3,9,0,0,3,9,California
Siskiyou,2020-12-19,4,13,4,13,0,0,0,0,4,13,0,0,4,13,California
Siskiyou,2020-12-20,1,14,1,14,0,0,0,0,1,14,0,0,1,14,California
Siskiyou,2020-12-21,132,146,132,146,0,0,0,0,132,146,0,0,132,146,California
Siskiyou,2020-12-22,159,305,159,305,0,0,0,0,159,305,0,0,159,305,California
Siskiyou,2020-12-23,142,447,142,447,0,0,0,0,142,447,0,0,142,447,California
Siskiyou,2020-12-24,5,452,5,452,0,0,0,0,5,452,0,0,5,452,California
Siskiyou,2020-12-26,2,454,0,452,2,2,0,0,2,454,0,0,2,454,California
Siskiyou,2020-12-27,2,456,0,452,2,4,0,0,2,456,0,0,2,456,California
Siskiyou,2020-12-28,2,458,0,452,2,6,0,0,2,458,0,0,2,458,California
Siskiyou,2020-12-29,6,464,2,454,4,10,0,0,6,464,0,0,6,464,California
Siskiyou,2020-12-30,98,562,3,457,95,105,0,0,98,562,0,0,98,562,California
Siskiyou,2020-12-31,12,574,0,457,12,117,0,0,12,574,0,0,12,574,California
Siskiyou,2021-01-02,1,575,1,458,0,117,0,0,1,575,0,0,1,575,California
Siskiyou,2021-01-03,1,576,0,458,1,118,0,0,1,576,0,0,1,576,California
Siskiyou,2021-01-04,130,706,3,461,127,245,0,0,130,706,0,0,130,706,California
Siskiyou,2021-01-05,117,823,4,465,113,358,0,0,116,821,1,1,116,822,California
Siskiyou,2021-01-06,59,882,6,471,53,411,0,0,55,872,4,5,55,877,California
Siskiyou,2021-01-07,174,1056,2,473,172,583,0,0,173,1044,1,6,173,1050,California
Siskiyou,2021-01-08,42,1098,4,477,38,621,0,0,39,1080,3,9,39,1089,California
Siskiyou,2021-01-09,2,1100,2,479,0,621,0,0,0,1078,2,11,0,1089,California
Siskiyou,2021-01-11,226,1326,65,544,161,782,0,0,163,1178,63,74,163,1252,California
Siskiyou,2021-01-12,320,1646,273,817,47,829,0,0,87,1032,233,307,87,1339,California
Siskiyou,2021-01-13,157,1803,137,954,20,849,0,0,23,921,134,441,23,1362,California
Siskiyou,2021-01-14,27,1830,1,955,26,875,0,0,26,946,1,442,26,1388,California
Siskiyou,2021-01-15,35,1865,3,958,32,907,0,0,35,981,0,442,35,1423,California
Siskiyou,2021-01-16,7,1872,2,960,5,912,0,0,7,988,0,442,7,1430,California
Siskiyou,2021-01-18,75,1947,4,964,71,983,0,0,73,1059,2,444,73,1503,California
Siskiyou,2021-01-19,21,1968,1,965,20,1003,0,0,20,1078,1,445,20,1523,California
Siskiyou,2021-01-20,47,2015,35,1000,12,1015,0,0,43,1117,4,449,43,1566,California
Siskiyou,2021-01-21,42,2057,0,1000,42,1057,0,0,42,1159,0,449,42,1608,California
Siskiyou,2021-01-22,1333,3390,1181,2181,152,1209,0,0,1333,2492,0,449,1333,2941,California
Siskiyou,2021-01-23,8,3398,3,2184,5,1214,0,0,5,2494,3,452,5,2946,California
Siskiyou,2021-01-25,183,3581,8,2192,175,1389,0,0,179,2669,4,456,179,3125,California
Siskiyou,2021-01-26,150,3731,5,2197,145,1534,0,0,142,2803,8,464,142,3267,California
Siskiyou,2021-01-27,181,3912,0,2197,181,1715,0,0,127,2876,54,518,127,3394,California
Siskiyou,2021-01-28,231,4143,117,2314,114,1829,0,0,225,3095,6,524,225,3619,California
Siskiyou,2021-01-29,246,4389,1,2315,245,2074,0,0,244,3337,2,526,244,3863,California
Siskiyou,2021-01-30,3,4392,2,2317,1,2075,0,0,3,3340,0,526,3,3866,California
Siskiyou,2021-02-01,194,4586,3,2320,191,2266,0,0,104,3354,90,616,104,3970,California
Siskiyou,2021-02-02,288,4874,45,2365,243,2509,0,0,147,3360,141,757,147,4117,California
Siskiyou,2021-02-03,313,5187,1,2366,312,2821,0,0,264,3575,49,806,264,4381,California
Siskiyou,2021-02-04,319,5506,7,2373,312,3133,0,0,199,3654,120,926,199,4580,California
Siskiyou,2021-02-05,509,6015,4,2377,505,3638,0,0,345,3835,164,1090,345,4925,California
Siskiyou,2021-02-06,15,6030,0,2377,15,3653,0,0,15,3850,0,1090,15,4940,California
Siskiyou,2021-02-07,3,6033,2,2379,1,3654,0,0,3,3853,0,1090,3,4943,California
Siskiyou,2021-02-08,221,6254,5,2384,216,3870,0,0,216,4064,5,1095,216,5159,California
Siskiyou,2021-02-09,193,6447,2,2386,191,4061,0,0,160,4191,33,1128,160,5319,California
Siskiyou,2021-02-10,370,6817,40,2426,330,4391,0,0,317,4455,53,1181,317,5636,California
Siskiyou,2021-02-11,190,7007,0,2426,190,4581,0,0,174,4613,16,1197,174,5810,California
Siskiyou,2021-02-12,1695,8702,1205,3631,490,5071,0,0,500,3918,1195,2392,500,6310,California
Siskiyou,2021-02-13,36,8738,3,3634,33,5104,0,0,31,3944,5,2397,31,6341,California
Siskiyou,2021-02-14,5,8743,1,3635,4,5108,0,0,5,3949,0,2397,5,6346,California
Siskiyou,2021-02-15,105,8848,7,3642,98,5206,0,0,102,4048,3,2400,102,6448,California
Siskiyou,2021-02-16,113,8961,3,3645,110,5316,0,0,97,4129,16,2416,97,6545,California
Siskiyou,2021-02-17,188,9149,19,3664,169,5485,0,0,175,4291,13,2429,175,6720,California
Siskiyou,2021-02-18,222,9371,89,3753,133,5618,0,0,98,4265,124,2553,98,6818,California
Siskiyou,2021-02-19,65,9436,29,3782,36,5654,0,0,30,4260,35,2588,30,6848,California
Siskiyou,2021-02-20,23,9459,4,3786,19,5673,0,0,18,4273,5,2593,18,6866,California
Siskiyou,2021-02-21,2,9461,2,3788,0,5673,0,0,2,4275,0,2593,2,6868,California
Siskiyou,2021-02-22,125,9586,1,3789,124,5797,0,0,18,4186,107,2700,18,6886,California
Siskiyou,2021-02-23,194,9780,15,3804,179,5976,0,0,50,4092,144,2844,50,6936,California
Siskiyou,2021-02-24,146,9926,4,3808,142,6118,0,0,33,4012,113,2957,33,6969,California
Siskiyou,2021-02-25,300,10226,22,3830,278,6396,0,0,153,4018,147,3104,153,7122,California
Siskiyou,2021-02-26,668,10894,13,3843,655,7051,0,0,368,4086,300,3404,368,7490,California
Siskiyou,2021-02-27,31,10925,3,3846,28,7079,0,0,27,4109,4,3408,27,7517,California
Siskiyou,2021-02-28,4,10929,4,3850,0,7079,0,0,3,4111,1,3409,3,7520,California
Siskiyou,2021-03-01,279,11208,6,3856,273,7352,0,0,48,3928,231,3640,48,7568,California
Siskiyou,2021-03-02,189,11397,2,3858,187,7539,0,0,72,3883,117,3757,72,7640,California
Siskiyou,2021-03-03,333,11730,5,3863,328,7867,0,0,145,3840,188,3945,145,7785,California
Siskiyou,2021-03-04,666,12396,496,4359,170,8037,0,0,516,4206,150,4095,516,8301,California
Siskiyou,2021-03-05,315,12711,7,4366,297,8334,11,11,98,4101,214,4309,109,8410,California
Siskiyou,2021-03-06,35,12746,2,4368,29,8363,4,15,28,4126,7,4316,32,8442,California
Siskiyou,2021-03-07,10,12756,3,4371,0,8363,7,22,2,4127,8,4324,9,8451,California
Siskiyou,2021-03-08,347,13103,25,4396,289,8652,33,55,53,3919,294,4618,86,8537,California
Siskiyou,2021-03-09,136,13239,0,4396,97,8749,39,94,49,3920,87,4705,88,8625,California
Siskiyou,2021-03-10,194,13433,11,4407,177,8926,6,100,26,3784,168,4873,32,8657,California
Siskiyou,2021-03-11,440,13873,190,4597,209,9135,41,141,250,3888,187,5060,291,8948,California
Siskiyou,2021-03-12,534,14407,112,4709,387,9522,35,176,155,3701,377,5437,190,9138,California
Siskiyou,2021-03-13,347,14754,317,5026,8,9530,22,198,316,4008,31,5468,338,9476,California
Siskiyou,2021-03-14,21,14775,3,5029,3,9533,15,213,4,4010,17,5485,19,9495,California
Siskiyou,2021-03-15,438,15213,246,5275,175,9708,17,230,308,4205,130,5615,325,9820,California
Siskiyou,2021-03-16,260,15473,41,5316,202,9910,17,247,147,4256,113,5728,164,9984,California
Siskiyou,2021-03-17,197,15670,4,5320,184,10094,9,256,31,4130,166,5894,40,10024,California
Siskiyou,2021-03-18,780,16450,649,5969,119,10213,12,268,667,4696,113,6007,679,10703,California
Siskiyou,2021-03-19,46,16496,12,5981,22,10235,12,280,14,4690,32,6039,26,10729,California
Siskiyou,2021-03-20,29,16525,7,5988,18,10253,4,284,7,4680,21,6060,11,10740,California
Siskiyou,2021-03-21,9,16534,3,5991,1,10254,5,289,3,4682,6,6066,8,10748,California
Siskiyou,2021-03-22,199,16733,20,6011,157,10411,22,311,138,4784,58,6124,160,10908,California
Siskiyou,2021-03-23,166,16899,21,6032,136,10547,9,320,114,4855,52,6176,123,11031,California
Siskiyou,2021-03-24,142,17041,55,6087,87,10634,0,320,120,4953,22,6198,120,11151,California
Siskiyou,2021-03-25,534,17575,288,6375,244,10878,2,322,365,5153,169,6367,369,11520,California
Siskiyou,2021-03-26,302,17877,29,6404,271,11149,2,324,100,5054,201,6568,102,11622,California
Siskiyou,2021-03-27,35,17912,4,6408,27,11176,4,328,9,5041,26,6594,13,11635,California
Siskiyou,2021-03-28,3,17915,3,6411,0,11176,0,328,1,5040,2,6596,1,11636,California
Siskiyou,2021-03-29,107,18022,14,6425,91,11267,2,330,48,5040,50,6646,50,11686,California
Siskiyou,2021-03-30,99,18121,2,6427,95,11362,2,332,38,5019,61,6707,40,11726,California
Siskiyou,2021-03-31,188,18309,23,6450,164,11526,1,333,53,4942,134,6841,57,11783,California
Siskiyou,2021-04-01,802,19111,660,7110,142,11668,0,333,199,4636,603,7444,297,12080,California
Siskiyou,2021-04-02,293,19404,185,7295,104,11772,4,337,27,4407,266,7710,37,12117,California
Siskiyou,2021-04-03,7,19411,3,7298,2,11774,2,339,3,4409,4,7714,6,12123,California
Solano,2020-12-15,4,4,4,4,0,0,0,0,4,4,0,0,4,4,California
Solano,2020-12-16,71,75,71,75,0,0,0,0,71,75,0,0,71,75,California
Solano,2020-12-17,152,227,152,227,0,0,0,0,152,227,0,0,152,227,California
Solano,2020-12-18,450,677,449,676,1,1,0,0,450,677,0,0,450,677,California
Solano,2020-12-19,512,1189,512,1188,0,1,0,0,512,1189,0,0,512,1189,California
Solano,2020-12-20,354,1543,353,1541,1,2,0,0,354,1543,0,0,354,1543,California
Solano,2020-12-21,570,2113,568,2109,2,4,0,0,570,2113,0,0,570,2113,California
Solano,2020-12-22,663,2776,629,2738,34,38,0,0,663,2776,0,0,663,2776,California
Solano,2020-12-23,856,3632,770,3508,86,124,0,0,855,3631,0,0,855,3631,California
Solano,2020-12-24,420,4052,169,3677,251,375,0,0,420,4051,0,0,420,4051,California
Solano,2020-12-25,10,4062,2,3679,8,383,0,0,10,4061,0,0,10,4061,California
Solano,2020-12-26,175,4237,48,3727,127,510,0,0,175,4236,0,0,175,4236,California
Solano,2020-12-27,101,4338,28,3755,73,583,0,0,101,4337,0,0,101,4337,California
Solano,2020-12-28,858,5196,417,4172,441,1024,0,0,858,5195,0,0,858,5195,California
Solano,2020-12-29,887,6083,373,4545,514,1538,0,0,887,6082,0,0,887,6082,California
Solano,2020-12-30,1198,7281,595,5140,603,2141,0,0,1198,7280,0,0,1198,7280,California
Solano,2020-12-31,530,7811,130,5270,400,2541,0,0,530,7810,0,0,530,7810,California
Solano,2021-01-01,14,7825,12,5282,2,2543,0,0,14,7824,0,0,14,7824,California
Solano,2021-01-02,211,8036,163,5445,48,2591,0,0,211,8035,0,0,211,8035,California
Solano,2021-01-03,56,8092,39,5484,17,2608,0,0,51,8086,0,0,51,8086,California
Solano,2021-01-04,450,8542,247,5731,203,2811,0,0,440,8523,3,3,440,8526,California
Solano,2021-01-05,695,9237,376,6107,319,3130,0,0,541,8915,149,152,541,9067,California
Solano,2021-01-06,819,10056,434,6541,385,3515,0,0,558,9214,259,411,558,9625,California
Solano,2021-01-07,1050,11106,697,7238,353,3868,0,0,593,9353,455,866,594,10219,California
Solano,2021-01-08,1129,12235,776,8014,353,4221,0,0,536,9316,575,1441,538,10757,California
Solano,2021-01-09,885,13120,763,8777,122,4343,0,0,429,9292,453,1894,429,11186,California
Solano,2021-01-10,250,13370,191,8968,59,4402,0,0,150,9342,100,1994,150,11336,California
Solano,2021-01-11,1315,14685,1103,10071,212,4614,0,0,803,9634,512,2506,804,12140,California
Solano,2021-01-12,1542,16227,1158,11229,384,4998,0,0,996,10086,545,3051,997,13137,California
Solano,2021-01-13,1421,17648,995,12224,426,5424,0,0,1164,10995,255,3306,1164,14301,California
Solano,2021-01-14,1833,19481,793,13017,1040,6464,0,0,1519,12201,313,3619,1519,15820,California
Solano,2021-01-15,1675,21156,1059,14076,616,7080,0,0,1380,13286,295,3914,1380,17200,California
Solano,2021-01-16,1294,22450,907,14983,387,7467,0,0,1114,14220,180,4094,1114,18314,California
Solano,2021-01-17,1027,23477,747,15730,280,7747,0,0,1010,15213,17,4111,1010,19324,California
Solano,2021-01-18,1410,24887,859,16589,551,8298,0,0,1297,16398,113,4224,1298,20622,California
Solano,2021-01-19,1643,26530,1332,17921,311,8609,0,0,1370,17496,272,4496,1370,21992,California
Solano,2021-01-20,2022,28552,1414,19335,608,9217,0,0,1541,18559,478,4974,1541,23533,California
Solano,2021-01-21,3076,31628,990,20325,2086,11303,0,0,2741,20966,334,5308,2741,26274,California
Solano,2021-01-22,1740,33368,835,21160,905,12208,0,0,1551,22328,189,5497,1551,27825,California
Solano,2021-01-23,727,34095,236,21396,491,12699,0,0,524,22649,204,5701,525,28350,California
Solano,2021-01-24,375,34470,59,21455,316,13015,0,0,311,22896,64,5765,311,28661,California
Solano,2021-01-25,1614,36084,623,22078,991,14006,0,0,1065,23415,549,6314,1068,29729,California
Solano,2021-01-26,1672,37756,739,22817,933,14939,0,0,1046,23838,625,6939,1048,30777,California
Solano,2021-01-27,1758,39514,728,23545,1030,15969,0,0,1174,24441,571,7510,1174,31951,California
Solano,2021-01-28,1836,41350,711,24256,1125,17094,0,0,1235,25078,599,8109,1236,33187,California
Solano,2021-01-29,1645,42995,781,25037,864,17958,0,0,1288,26014,355,8464,1291,34478,California
Solano,2021-01-30,707,43702,217,25254,490,18448,0,0,552,26411,155,8619,552,35030,California
Solano,2021-01-31,477,44179,397,25651,80,18528,0,0,216,26367,261,8880,217,35247,California
Solano,2021-02-01,1470,45649,970,26621,500,19028,0,0,739,26378,728,9608,739,35986,California
Solano,2021-02-02,3063,48712,1060,27681,2003,21031,0,0,2275,27867,786,10394,2275,38261,California
Solano,2021-02-03,2216,50928,1295,28976,921,21952,0,0,1149,27956,1064,11458,1153,39414,California
Solano,2021-02-04,1755,52683,902,29878,853,22805,0,0,1042,28291,707,12165,1042,40456,California
Solano,2021-02-05,3047,55730,1407,31285,1640,24445,0,0,2047,29352,992,13157,2053,42509,California
Solano,2021-02-06,3003,58733,1162,32447,1841,26286,0,0,2198,30749,801,13958,2198,44707,California
Solano,2021-02-07,851,59584,789,33236,62,26348,0,0,237,30372,614,14572,237,44944,California
Solano,2021-02-08,1707,61291,1228,34464,479,26827,0,0,672,30012,1032,15604,672,45616,California
Solano,2021-02-09,1884,63175,1465,35929,419,27246,0,0,670,29469,1213,16817,670,46286,California
Solano,2021-02-10,2239,65414,1492,37421,747,27993,0,0,820,28874,1415,18232,820,47106,California
Solano,2021-02-11,2380,67794,1443,38864,937,28930,0,0,1116,28738,1252,19484,1116,48222,California
Solano,2021-02-12,4018,71812,1542,40406,2476,31406,0,0,2714,30157,1297,20781,2716,50938,California
Solano,2021-02-13,2797,74609,233,40639,2564,33970,0,0,2421,32207,372,21153,2422,53360,California
Solano,2021-02-14,685,75294,201,40840,484,34454,0,0,411,32346,272,21425,411,53771,California
Solano,2021-02-15,1255,76549,291,41131,964,35418,0,0,636,32364,619,22044,637,54408,California
Solano,2021-02-16,2360,78909,1206,42337,1154,36572,0,0,1600,33205,759,22803,1600,56008,California
Solano,2021-02-17,2632,81541,1215,43552,1417,37989,0,0,1844,34265,785,23588,1845,57853,California
Solano,2021-02-18,2537,84078,686,44238,1851,39840,0,0,791,33319,1737,25325,791,58644,California
Solano,2021-02-19,2180,86258,1245,45483,935,40775,0,0,1101,33346,1076,26401,1103,59747,California
Solano,2021-02-20,2524,88782,376,45859,2148,42923,0,0,2066,34952,460,26861,2066,61813,California
Solano,2021-02-21,2094,90876,1819,47678,275,43198,0,0,1815,36491,277,27138,1816,63629,California
Solano,2021-02-22,1558,92434,901,48579,657,43855,0,0,811,36558,745,27883,812,64441,California
Solano,2021-02-23,2391,94825,986,49565,1405,45260,0,0,1544,37256,846,28729,1544,65985,California
Solano,2021-02-24,2307,97132,1123,50688,1184,46444,0,0,1292,37534,1014,29743,1292,67277,California
Solano,2021-02-25,2251,99383,1337,52025,914,47358,0,0,1235,37761,1009,30752,1236,68513,California
Solano,2021-02-26,2544,101927,1452,53477,1092,48450,0,0,1324,37868,1217,31969,1324,69837,California
Solano,2021-02-27,3609,105536,1365,54842,2244,50694,0,0,2923,40114,679,32648,2925,72762,California
Solano,2021-02-28,1350,106886,1038,55880,312,51006,0,0,1085,40937,262,32910,1085,73847,California
Solano,2021-03-01,2099,108985,1035,56915,1064,52070,0,0,1501,41846,593,33503,1502,75349,California
Solano,2021-03-02,1886,110871,1197,58112,689,52759,0,0,1184,42328,702,34205,1184,76533,California
Solano,2021-03-03,1830,112701,1009,59121,821,53580,0,0,1083,42671,740,34945,1083,77616,California
Solano,2021-03-04,3033,115734,2200,61321,831,54411,2,2,2110,43865,919,35864,2113,79729,California
Solano,2021-03-05,3635,119369,1191,62512,2441,56852,3,5,2876,45987,759,36623,2881,82610,California
Solano,2021-03-06,3465,122834,700,63212,2725,59577,40,45,2372,47313,1086,37709,2412,85022,California
Solano,2021-03-07,3454,126288,730,63942,2712,62289,12,57,1908,47698,1536,39245,1921,86943,California
Solano,2021-03-08,1568,127856,801,64743,500,62789,267,324,1082,48563,485,39730,1350,88293,California
Solano,2021-03-09,2848,130704,1306,66049,1489,64278,53,377,2046,49858,802,40532,2097,90390,California
Solano,2021-03-10,2132,132836,1531,67580,511,64789,90,467,1046,49912,1082,41614,1136,91526,California
Solano,2021-03-11,5270,138106,1370,68950,3663,68452,237,704,4346,53574,922,42536,4584,96110,California
Solano,2021-03-12,5332,143438,1314,70264,3935,72387,83,787,2837,54006,2490,45026,2922,99032,California
Solano,2021-03-13,3971,147409,755,71019,3135,75522,81,868,1973,54073,1991,47017,2058,101090,California
Solano,2021-03-14,3588,150997,2817,73836,325,75847,446,1314,1512,53966,2073,49090,1966,103056,California
Solano,2021-03-15,3363,154360,1868,75704,1178,77025,317,1631,2030,54982,1330,50420,2346,105402,California
Solano,2021-03-16,2812,157172,1126,76830,1457,78482,229,1860,1424,55251,1383,51803,1652,107054,California
Solano,2021-03-17,5334,162506,1419,78249,3826,82308,89,1949,4061,58133,1268,53071,4150,111204,California
Solano,2021-03-18,4109,166615,1378,79627,2697,85005,34,1983,3051,60170,1050,54121,3087,114291,California
Solano,2021-03-19,1865,168480,1244,80871,564,85569,57,2040,998,60366,862,54983,1058,115349,California
Solano,2021-03-20,4099,172579,1086,81957,2971,88540,42,2082,2161,60646,1932,56915,2212,117561,California
Solano,2021-03-21,1628,174207,1540,83497,71,88611,17,2099,840,60716,786,57701,856,118417,California
Solano,2021-03-22,2142,176349,1532,85029,562,89173,48,2147,1212,61065,923,58624,1272,119689,California
Solano,2021-03-23,2921,179270,1511,86540,1364,90537,46,2193,1353,60915,1562,60186,1412,121101,California
Solano,2021-03-24,2657,181927,1634,88174,986,91523,37,2230,1297,60980,1354,61540,1419,122520,California
Solano,2021-03-25,4413,186340,3624,91798,755,92278,34,2264,2000,61423,2409,63949,2852,125372,California
Solano,2021-03-26,2753,189093,1672,93470,1045,93323,36,2300,1495,61971,1251,65200,1799,127171,California
Solano,2021-03-27,4110,193203,1138,94608,2935,96258,37,2337,1759,61590,2342,67542,1961,129132,California
Solano,2021-03-28,1326,194529,1079,95687,229,96487,18,2355,546,61389,777,68319,576,129708,California
Solano,2021-03-29,2635,197164,1440,97127,1178,97665,17,2372,1460,61728,1171,69490,1510,131218,California
Solano,2021-03-30,2665,199829,1818,98945,755,98420,92,2464,1641,62458,1022,70512,1752,132970,California
Solano,2021-03-31,2821,202650,1931,100876,746,99166,144,2608,1670,63164,1148,71660,1854,134824,California
Solano,2021-04-01,4274,206924,1666,102542,2482,101648,126,2734,2692,64450,1571,73231,2857,137681,California
Solano,2021-04-02,3217,210141,1510,104052,1557,103205,150,2884,1428,64559,1785,75016,1894,139575,California
Solano,2021-04-03,1131,211272,819,104871,210,103415,102,2986,425,64401,705,75721,547,140122,California
Sonoma,2020-12-15,4,4,4,4,0,0,0,0,4,4,0,0,4,4,California
Sonoma,2020-12-16,29,33,29,33,0,0,0,0,29,33,0,0,29,33,California
Sonoma,2020-12-17,101,134,101,134,0,0,0,0,101,134,0,0,101,134,California
Sonoma,2020-12-18,419,553,419,553,0,0,0,0,419,553,0,0,419,553,California
Sonoma,2020-12-19,110,663,109,662,1,1,0,0,110,663,0,0,110,663,California
Sonoma,2020-12-20,175,838,175,837,0,1,0,0,175,838,0,0,175,838,California
Sonoma,2020-12-21,912,1750,910,1747,2,3,0,0,911,1749,0,0,911,1749,California
Sonoma,2020-12-22,1365,3115,1273,3020,92,95,0,0,1365,3114,0,0,1365,3114,California
Sonoma,2020-12-23,1604,4719,1227,4247,377,472,0,0,1605,4719,0,0,1605,4719,California
Sonoma,2020-12-24,306,5025,101,4348,205,677,0,0,306,5025,0,0,306,5025,California
Sonoma,2020-12-25,8,5033,2,4350,6,683,0,0,8,5033,0,0,8,5033,California
Sonoma,2020-12-26,266,5299,255,4605,11,694,0,0,266,5299,0,0,266,5299,California
Sonoma,2020-12-27,93,5392,80,4685,13,707,0,0,93,5392,0,0,93,5392,California
Sonoma,2020-12-28,989,6381,553,5238,436,1143,0,0,961,6353,0,0,961,6353,California
Sonoma,2020-12-29,1133,7514,779,6017,354,1497,0,0,1099,7452,0,0,1099,7452,California
Sonoma,2020-12-30,1094,8608,479,6496,615,2112,0,0,1086,8538,0,0,1086,8538,California
Sonoma,2020-12-31,515,9123,70,6566,445,2557,0,0,516,9054,0,0,516,9054,California
Sonoma,2021-01-01,11,9134,6,6572,5,2562,0,0,11,9065,0,0,11,9065,California
Sonoma,2021-01-02,132,9266,125,6697,7,2569,0,0,132,9197,0,0,132,9197,California
Sonoma,2021-01-03,23,9289,9,6706,14,2583,0,0,23,9220,0,0,23,9220,California
Sonoma,2021-01-04,341,9630,104,6810,237,2820,0,0,340,9560,0,0,340,9560,California
Sonoma,2021-01-05,439,10069,103,6913,336,3156,0,0,415,9960,15,15,415,9975,California
Sonoma,2021-01-06,949,11018,434,7347,515,3671,0,0,835,10688,107,122,835,10810,California
Sonoma,2021-01-07,1014,12032,523,7870,491,4162,0,0,845,11365,168,290,845,11655,California
Sonoma,2021-01-08,1782,13814,1228,9098,554,4716,0,0,1312,12209,468,758,1312,12967,California
Sonoma,2021-01-09,656,14470,420,9518,236,4952,0,0,608,12769,48,806,608,13575,California
Sonoma,2021-01-10,470,14940,459,9977,11,4963,0,0,278,12855,192,998,278,13853,California
Sonoma,2021-01-11,1381,16321,1236,11213,145,5108,0,0,411,12300,966,1964,411,14264,California
Sonoma,2021-01-12,1548,17869,1295,12508,253,5361,0,0,394,11542,1152,3116,394,14658,California
Sonoma,2021-01-13,2062,19931,1421,13929,641,6002,0,0,1199,11881,860,3976,1199,15857,California
Sonoma,2021-01-14,1525,21456,804,14733,721,6723,0,0,1294,12944,231,4207,1294,17151,California
Sonoma,2021-01-15,1561,23017,634,15367,927,7650,0,0,1341,14075,211,4418,1342,18493,California
Sonoma,2021-01-16,1135,24152,607,15974,528,8178,0,0,886,14716,245,4663,886,19379,California
Sonoma,2021-01-17,666,24818,550,16524,116,8294,0,0,586,15222,80,4743,586,19965,California
Sonoma,2021-01-18,1102,25920,933,17457,169,8463,0,0,611,15343,491,5234,612,20577,California
Sonoma,2021-01-19,2093,28013,1008,18465,1085,9548,0,0,1384,16021,707,5941,1385,21962,California
Sonoma,2021-01-20,2059,30072,618,19083,1441,10989,0,0,1402,16776,648,6589,1403,23365,California
Sonoma,2021-01-21,2212,32284,613,19696,1599,12588,0,0,1989,18546,220,6809,1990,25355,California
Sonoma,2021-01-22,2704,34988,1028,20724,1676,14264,0,0,2555,20953,148,6957,2555,27910,California
Sonoma,2021-01-23,762,35750,592,21316,170,14434,0,0,655,21502,106,7063,655,28565,California
Sonoma,2021-01-24,770,36520,638,21954,132,14566,0,0,755,22242,15,7078,755,29320,California
Sonoma,2021-01-25,2159,38679,516,22470,1643,16209,0,0,1672,23427,487,7565,1672,30992,California
Sonoma,2021-01-26,1992,40671,296,22766,1696,17905,0,0,1537,24510,454,8019,1537,32529,California
Sonoma,2021-01-27,3669,44340,1256,24022,2413,20318,0,0,3100,27045,567,8586,3102,35631,California
Sonoma,2021-01-28,4097,48437,1834,25856,2263,22581,0,0,3438,29829,656,9242,3440,39071,California
Sonoma,2021-01-29,2948,51385,1395,27251,1553,24134,0,0,2121,31126,825,10067,2122,41193,California
Sonoma,2021-01-30,2578,53963,2394,29645,184,24318,0,0,2225,33001,353,10420,2228,43421,California
Sonoma,2021-01-31,776,54739,664,30309,112,24430,0,0,579,33384,196,10616,579,44000,California
Sonoma,2021-02-01,2490,57229,868,31177,1622,26052,0,0,2093,35085,394,11010,2095,46095,California
Sonoma,2021-02-02,3432,60661,1364,32541,2068,28120,0,0,2865,37385,565,11575,2865,48960,California
Sonoma,2021-02-03,4020,64681,1317,33858,2703,30823,0,0,3099,39566,919,12494,3100,52060,California
Sonoma,2021-02-04,4150,68831,1678,35536,2472,33295,0,0,3390,42197,759,13253,3390,55450,California
Sonoma,2021-02-05,4793,73624,1733,37269,3060,36355,0,0,3783,44975,1006,14259,3784,59234,California
Sonoma,2021-02-06,2631,76255,2271,39540,360,36715,0,0,2079,46503,551,14810,2079,61313,California
Sonoma,2021-02-07,1534,77789,1398,40938,136,36851,0,0,1286,47542,247,15057,1286,62599,California
Sonoma,2021-02-08,3234,81023,1022,41960,2212,39063,0,0,2661,49632,571,15628,2661,65260,California
Sonoma,2021-02-09,3540,84563,1690,43650,1850,40913,0,0,3063,52221,475,16103,3064,68324,California
Sonoma,2021-02-10,4397,88960,2354,46004,2043,42956,0,0,3372,54575,1019,17122,3373,71697,California
Sonoma,2021-02-11,5320,94280,2790,48794,2530,45486,0,0,4151,57560,1166,18288,4151,75848,California
Sonoma,2021-02-12,5635,99915,2966,51760,2669,48155,0,0,4229,60387,1403,19691,4230,80078,California
Sonoma,2021-02-13,1975,101890,1153,52913,822,48977,0,0,1205,60825,767,20458,1205,81283,California
Sonoma,2021-02-14,2301,104191,1809,54722,492,49469,0,0,1661,61847,639,21097,1661,82944,California
Sonoma,2021-02-15,2103,106294,766,55488,1337,50806,0,0,1595,62934,508,21605,1595,84539,California
Sonoma,2021-02-16,4596,110890,2035,57523,2561,53367,0,0,3351,65042,1243,22848,3351,87890,California
Sonoma,2021-02-17,5275,116165,2852,60375,2423,55790,0,0,3329,66437,1937,24785,3332,91222,California
Sonoma,2021-02-18,6741,122906,2965,63340,3776,59566,0,0,3861,67424,2874,27659,3861,95083,California
Sonoma,2021-02-19,5384,128290,1657,64997,3727,63293,0,0,3317,68679,2062,29721,3317,98400,California
Sonoma,2021-02-20,3094,131384,2824,67821,270,63563,0,0,1221,68032,1868,31589,1221,99621,California
Sonoma,2021-02-21,451,131835,343,68164,108,63671,0,0,128,67841,319,31908,128,99749,California
Sonoma,2021-02-22,2700,134535,1346,69510,1354,65025,0,0,1044,67233,1652,33560,1044,100793,California
Sonoma,2021-02-23,3076,137611,2058,71568,1018,66043,0,0,1370,66900,1704,35264,1371,102164,California
Sonoma,2021-02-24,5430,143041,2515,74083,2915,68958,0,0,2723,66923,2702,37966,2725,104889,California
Sonoma,2021-02-25,5612,148653,2214,76297,3398,72356,0,0,2971,67273,2621,40587,2971,107860,California
Sonoma,2021-02-26,5968,154621,2741,79038,3227,75583,0,0,3706,68724,2255,42842,3706,111566,California
Sonoma,2021-02-27,4015,158636,1892,80930,2123,77706,0,0,2691,70094,1322,44164,2692,114258,California
Sonoma,2021-02-28,2304,160940,1823,82753,481,78187,0,0,599,68992,1701,45865,599,114857,California
Sonoma,2021-03-01,3613,164553,1101,83854,2512,80699,0,0,1769,68925,1837,47702,1770,116627,California
Sonoma,2021-03-02,4177,168730,1451,85305,2726,83425,0,0,2462,69681,1706,49408,2462,119089,California
Sonoma,2021-03-03,4272,173002,2233,87538,2039,85464,0,0,1857,69130,2408,51816,1857,120946,California
Sonoma,2021-03-04,4900,177902,2244,89782,2656,88120,0,0,2004,68250,2884,54700,2004,122950,California
Sonoma,2021-03-05,5175,183077,2223,92005,2937,91057,15,15,2061,67230,3101,57801,2081,125031,California
Sonoma,2021-03-06,2559,185636,1129,93134,1310,92367,120,135,1730,68254,825,58626,1849,126880,California
Sonoma,2021-03-07,1708,187344,1428,94562,248,92615,32,167,355,67289,1352,59978,387,127267,California
Sonoma,2021-03-08,3848,191192,671,95233,3010,95625,167,334,2193,68004,1645,61623,2360,129627,California
Sonoma,2021-03-09,5362,196554,2963,98196,2151,97776,248,582,2645,68185,2712,64335,2893,132520,California
Sonoma,2021-03-10,5814,202368,3125,101321,2386,100162,303,885,2344,67377,3455,67790,2647,135167,California
Sonoma,2021-03-11,7224,209592,2880,104201,3564,103726,780,1665,2561,66066,4654,72444,3343,138510,California
Sonoma,2021-03-12,6956,216548,2134,106335,3553,107279,1269,2934,1986,64368,4953,77397,3255,141765,California
Sonoma,2021-03-13,2956,219504,1454,107789,1278,108557,224,3158,1701,65038,1253,78650,1923,143688,California
Sonoma,2021-03-14,1165,220669,288,108077,737,109294,140,3298,752,65519,410,79060,891,144579,California
Sonoma,2021-03-15,5150,225819,1458,109535,3319,112613,373,3671,2174,65098,2968,82028,2547,147126,California
Sonoma,2021-03-16,6218,232037,2224,111759,3771,116384,223,3894,3147,65404,3064,85092,3370,150496,California
Sonoma,2021-03-17,6388,238425,3381,115140,2840,119224,167,4061,3267,65726,3112,88204,3434,153930,California
Sonoma,2021-03-18,5784,244209,2415,117555,2867,122091,502,4563,2668,65783,3111,91315,3168,157098,California
Sonoma,2021-03-19,5391,249600,2303,119858,2901,124992,187,4750,2429,65459,2942,94257,2618,159716,California
Sonoma,2021-03-20,2744,252344,1344,121202,742,125734,658,5408,1480,66336,1261,95518,2138,161854,California
Sonoma,2021-03-21,1348,253692,587,121789,727,126461,34,5442,1185,67394,162,95680,1220,163074,California
Sonoma,2021-03-22,4416,258108,3010,124799,1305,127766,101,5543,3481,70057,934,96614,3597,166671,California
Sonoma,2021-03-23,5614,263722,3475,128274,2065,129831,74,5617,4512,73552,1098,97712,4593,171264,California
Sonoma,2021-03-24,6476,270198,4152,132426,2250,132081,74,5691,4072,75439,2386,100098,4273,175537,California
Sonoma,2021-03-25,6823,277021,4057,136483,2663,134744,103,5794,4213,77260,2590,102688,4411,179948,California
Sonoma,2021-03-26,7001,284022,3290,139773,3619,138363,92,5886,3795,78184,3192,105880,4116,184064,California
Sonoma,2021-03-27,3821,287843,1492,141265,1979,140342,350,6236,1112,77027,2700,108580,1543,185607,California
Sonoma,2021-03-28,1456,289299,898,142163,533,140875,25,6261,916,77429,539,109119,941,186548,California
Sonoma,2021-03-29,2804,292103,1082,143245,1689,142564,33,6294,1588,77851,1211,110330,1633,188181,California
Sonoma,2021-03-30,5329,297432,3087,146332,2177,144741,65,6359,2985,78582,2340,112670,3071,191252,California
Sonoma,2021-03-31,5418,302850,3306,149638,1902,146643,210,6569,3314,80088,2097,114767,3603,194855,California
Sonoma,2021-04-01,6032,308882,3797,153435,1938,148581,297,6866,3402,81630,2620,117387,4162,199017,California
Sonoma,2021-04-02,4895,313777,2987,156422,1804,150385,104,6970,3142,83514,1748,119135,3632,202649,California
Sonoma,2021-04-03,2078,315855,1192,157614,846,151231,40,7010,851,83298,1222,120357,1006,203655,California
Stanislaus,2020-12-15,2,2,2,2,0,0,0,0,2,2,0,0,2,2,California
Stanislaus,2020-12-16,37,39,37,39,0,0,0,0,37,39,0,0,37,39,California
Stanislaus,2020-12-17,73,112,73,112,0,0,0,0,73,112,0,0,73,112,California
Stanislaus,2020-12-18,431,543,424,536,7,7,0,0,431,543,0,0,431,543,California
Stanislaus,2020-12-19,192,735,192,728,0,7,0,0,192,735,0,0,192,735,California
Stanislaus,2020-12-20,125,860,125,853,0,7,0,0,125,860,0,0,125,860,California
Stanislaus,2020-12-21,1125,1985,1122,1975,3,10,0,0,1124,1984,0,0,1124,1984,California
Stanislaus,2020-12-22,846,2831,834,2809,12,22,0,0,846,2830,0,0,846,2830,California
Stanislaus,2020-12-23,461,3292,444,3253,17,39,0,0,460,3290,0,0,460,3290,California
Stanislaus,2020-12-24,99,3391,90,3343,9,48,0,0,99,3389,0,0,99,3389,California
Stanislaus,2020-12-26,48,3439,6,3349,42,90,0,0,48,3437,0,0,48,3437,California
Stanislaus,2020-12-27,10,3449,5,3354,5,95,0,0,10,3447,0,0,10,3447,California
Stanislaus,2020-12-28,499,3948,403,3757,96,191,0,0,499,3946,0,0,499,3946,California
Stanislaus,2020-12-29,505,4453,429,4186,76,267,0,0,505,4451,0,0,505,4451,California
Stanislaus,2020-12-30,539,4992,283,4469,256,523,0,0,539,4989,1,1,539,4990,California
Stanislaus,2020-12-31,315,5307,172,4641,143,666,0,0,317,5306,0,1,317,5307,California
Stanislaus,2021-01-01,8,5315,1,4642,7,673,0,0,8,5314,0,1,8,5315,California
Stanislaus,2021-01-02,30,5345,23,4665,7,680,0,0,30,5344,0,1,30,5345,California
Stanislaus,2021-01-03,88,5433,85,4750,3,683,0,0,88,5432,0,1,88,5433,California
Stanislaus,2021-01-04,114,5547,31,4781,83,766,0,0,117,5549,0,1,117,5550,California
Stanislaus,2021-01-05,849,6396,334,5115,515,1281,0,0,826,6360,16,17,827,6377,California
Stanislaus,2021-01-06,976,7372,545,5660,431,1712,0,0,902,7199,64,81,903,7280,California
Stanislaus,2021-01-07,1087,8459,696,6356,391,2103,0,0,962,8050,112,193,963,8243,California
Stanislaus,2021-01-08,1316,9775,754,7110,562,2665,0,0,946,8635,365,558,950,9193,California
Stanislaus,2021-01-09,288,10063,144,7254,144,2809,0,0,196,8739,92,650,196,9389,California
Stanislaus,2021-01-10,46,10109,19,7273,27,2836,0,0,29,8751,17,667,29,9418,California
Stanislaus,2021-01-11,1547,11656,1261,8534,286,3122,0,0,604,8428,940,1607,617,10035,California
Stanislaus,2021-01-12,1489,13145,888,9422,601,3723,0,0,834,8615,651,2258,838,10873,California
Stanislaus,2021-01-13,1440,14585,675,10097,765,4488,0,0,1115,9414,324,2582,1123,11996,California
Stanislaus,2021-01-14,2213,16798,279,10376,1934,6422,0,0,2063,11383,148,2730,2117,14113,California
Stanislaus,2021-01-15,2882,19680,1150,11526,1732,8154,0,0,2725,14040,135,2865,2792,16905,California
Stanislaus,2021-01-16,573,20253,51,11577,522,8676,0,0,557,14584,15,2880,559,17464,California
Stanislaus,2021-01-17,244,20497,201,11778,43,8719,0,0,238,14816,6,2886,238,17702,California
Stanislaus,2021-01-18,2173,22670,1020,12798,1153,9872,0,0,1803,16313,367,3253,1864,19566,California
Stanislaus,2021-01-19,1266,23936,740,13538,526,10398,0,0,804,16659,459,3712,805,20371,California
Stanislaus,2021-01-20,994,24930,479,14017,515,10913,0,0,703,17072,290,4002,703,21074,California
Stanislaus,2021-01-21,3677,28607,2959,16976,718,11631,0,0,3359,20202,316,4318,3446,24520,California
Stanislaus,2021-01-22,1092,29699,305,17281,787,12418,0,0,1046,21209,43,4361,1050,25570,California
Stanislaus,2021-01-23,350,30049,38,17319,312,12730,0,0,296,21455,54,4415,300,25870,California
Stanislaus,2021-01-24,289,30338,99,17418,190,12920,0,0,223,21614,66,4481,225,26095,California
Stanislaus,2021-01-25,3140,33478,218,17636,2922,15842,0,0,2842,24284,299,4780,2969,29064,California
Stanislaus,2021-01-26,1731,35209,738,18374,993,16835,0,0,1313,25198,413,5193,1327,30391,California
Stanislaus,2021-01-27,1835,37044,972,19346,863,17698,0,0,1179,25729,649,5842,1180,31571,California
Stanislaus,2021-01-28,2247,39291,1496,20842,751,18449,0,0,1763,27067,472,6314,1810,33381,California
Stanislaus,2021-01-29,2485,41776,1198,22040,1287,19736,0,0,1954,28579,484,6798,1996,35377,California
Stanislaus,2021-01-30,298,42074,118,22158,180,19916,0,0,248,28775,52,6850,248,35625,California
Stanislaus,2021-01-31,366,42440,314,22472,52,19968,0,0,363,29126,12,6862,363,35988,California
Stanislaus,2021-02-01,1271,43711,540,23012,731,20699,0,0,936,29736,327,7189,937,36925,California
Stanislaus,2021-02-02,1259,44970,371,23383,888,21587,0,0,805,30093,453,7642,810,37735,California
Stanislaus,2021-02-03,2526,47496,1080,24463,1446,23033,0,0,1847,31271,675,8317,1853,39588,California
Stanislaus,2021-02-04,2110,49606,721,25184,1389,24422,0,0,1597,32364,508,8825,1601,41189,California
Stanislaus,2021-02-05,2852,52458,1456,26640,1396,25818,0,0,1616,32794,1190,10015,1620,42809,California
Stanislaus,2021-02-06,1012,53470,290,26930,722,26540,0,0,822,33428,189,10204,823,43632,California
Stanislaus,2021-02-07,210,53680,186,27116,24,26564,0,0,40,33300,169,10373,41,43673,California
Stanislaus,2021-02-08,2025,55705,1310,28426,715,27279,0,0,1121,33546,878,11251,1124,44797,California
Stanislaus,2021-02-09,1872,57577,789,29215,1083,28362,0,0,1105,33884,770,12021,1108,45905,California
Stanislaus,2021-02-10,1981,59558,563,29778,1418,29780,0,0,1072,34064,894,12915,1074,46979,California
Stanislaus,2021-02-11,5548,65106,3417,33195,2131,31911,0,0,1423,31526,3966,16881,1428,48407,California
Stanislaus,2021-02-12,3537,68643,1098,34293,2439,34350,0,0,1672,31383,1818,18699,1675,50082,California
Stanislaus,2021-02-13,1546,70189,756,35049,790,35140,0,0,1101,32038,451,19150,1106,51188,California
Stanislaus,2021-02-14,423,70612,170,35219,253,35393,0,0,357,32331,65,19215,358,51546,California
Stanislaus,2021-02-15,1839,72451,251,35470,1588,36981,0,0,629,31856,1113,20328,638,52184,California
Stanislaus,2021-02-16,1389,73840,422,35892,967,37948,0,0,600,31692,784,21112,620,52804,California
Stanislaus,2021-02-17,2754,76594,1672,37564,1082,39030,0,0,1969,32894,789,21901,1991,54795,California
Stanislaus,2021-02-18,3396,79990,1886,39450,1510,40540,0,0,1794,33214,1534,23435,1854,56649,California
Stanislaus,2021-02-19,2775,82765,1038,40488,1737,42277,0,0,1569,33612,1180,24615,1578,58227,California
Stanislaus,2021-02-20,758,83523,369,40857,389,42666,0,0,498,33862,251,24866,501,58728,California
Stanislaus,2021-02-21,799,84322,589,41446,210,42876,0,0,361,33907,424,25290,469,59197,California
Stanislaus,2021-02-22,2298,86620,1598,43044,700,43576,0,0,1588,34813,684,25974,1590,60787,California
Stanislaus,2021-02-23,3714,90334,679,43723,3035,46611,0,0,1753,34754,1833,27807,1774,62561,California
Stanislaus,2021-02-24,4162,94496,2807,46530,1355,47966,0,0,2989,36760,1158,28965,3164,65725,California
Stanislaus,2021-02-25,3935,98431,2643,49173,1292,49258,0,0,2960,38933,961,29926,3134,68859,California
Stanislaus,2021-02-26,4242,102673,1214,50387,3028,52286,0,0,2669,40280,1535,31461,2882,71741,California
Stanislaus,2021-02-27,2202,104875,684,51071,1517,53803,1,1,1788,41838,388,31849,1946,73687,California
Stanislaus,2021-02-28,804,105679,254,51325,550,54353,0,1,746,42540,54,31903,756,74443,California
Stanislaus,2021-03-01,3078,108757,1597,52922,1481,55834,0,1,1665,42820,1394,33297,1674,76117,California
Stanislaus,2021-03-02,2421,111178,1438,54360,983,56817,0,1,1676,43765,736,34033,1681,77798,California
Stanislaus,2021-03-03,3656,114834,2189,56549,1464,58281,3,4,2802,45729,841,34874,2805,80603,California
Stanislaus,2021-03-04,5521,120355,3209,59758,2294,60575,18,22,4167,48581,1337,36211,4189,84792,California
Stanislaus,2021-03-05,4204,124559,1307,61065,2881,63456,16,38,3072,50559,1118,37329,3096,87888,California
Stanislaus,2021-03-06,3715,128274,2250,63315,1377,64833,88,126,2693,52329,1020,38349,2790,90678,California
Stanislaus,2021-03-07,838,129112,381,63696,421,65254,36,162,649,52831,184,38533,686,91364,California
Stanislaus,2021-03-08,1989,131101,900,64596,1010,66264,79,241,1267,53465,714,39247,1348,92712,California
Stanislaus,2021-03-09,2738,133839,1050,65646,1599,67863,89,330,1708,54251,1018,40265,1804,94516,California
Stanislaus,2021-03-10,5487,139326,2655,68301,2615,70478,217,547,3753,56514,1714,41979,3977,98493,California
Stanislaus,2021-03-11,6191,145517,3326,71627,2395,72873,470,1017,4166,59312,1859,43838,4657,103150,California
Stanislaus,2021-03-12,6153,151670,1328,72955,2920,75793,1905,2922,2782,60725,3350,47188,4763,107913,California
Stanislaus,2021-03-13,3604,155274,2233,75188,1305,77098,66,2988,2695,62642,896,48084,2813,110726,California
Stanislaus,2021-03-14,820,156094,517,75705,252,77350,51,3039,412,62708,406,48490,472,111198,California
Stanislaus,2021-03-15,3848,159942,1967,77672,1503,78853,378,3417,1660,62725,2094,50584,2111,113309,California
Stanislaus,2021-03-16,5080,165022,2460,80132,2178,81031,442,3859,3639,65390,1420,52004,4085,117394,California
Stanislaus,2021-03-17,5099,170121,3054,83186,1865,82896,180,4039,3151,66823,1929,53933,3362,120756,California
Stanislaus,2021-03-18,5735,175856,3507,86693,2156,85052,72,4111,3303,67919,2293,56226,3389,124145,California
Stanislaus,2021-03-19,6328,182184,1709,88402,3102,88154,1517,5628,3489,70126,2806,59032,5013,129158,California
Stanislaus,2021-03-20,3722,185906,2722,91124,948,89102,52,5680,3325,73118,389,59421,3381,132539,California
Stanislaus,2021-03-21,993,186899,887,92011,45,89147,61,5741,755,73705,232,59653,819,133358,California
Stanislaus,2021-03-22,3030,189929,1394,93405,913,90060,723,6464,1419,74255,1596,61249,2146,135504,California
Stanislaus,2021-03-23,4075,194004,2078,95483,1756,91816,241,6705,2952,76360,1104,62353,3209,138713,California
Stanislaus,2021-03-24,4664,198668,3265,98748,1330,93146,69,6774,2769,77374,1853,64206,2867,141580,California
Stanislaus,2021-03-25,4593,203261,3111,101859,1464,94610,18,6792,2120,77140,2399,66605,2165,143745,California
Stanislaus,2021-03-26,4950,208211,1442,103301,3438,98048,70,6862,2581,77470,2338,68943,2668,146413,California
Stanislaus,2021-03-27,4379,212590,2687,105988,1666,99714,26,6888,1344,75848,3017,71960,1395,147808,California
Stanislaus,2021-03-28,1157,213747,435,106423,539,100253,183,7071,333,75562,817,72777,531,148339,California
Stanislaus,2021-03-29,3165,216912,1806,108229,1321,101574,38,7109,2169,76807,986,73763,2231,150570,California
Stanislaus,2021-03-30,3784,220696,2043,110272,1711,103285,30,7139,2354,77790,1422,75185,2405,152975,California
Stanislaus,2021-03-31,5467,226163,3816,114088,1516,104801,135,7274,2867,78268,2584,77769,3062,156037,California
Stanislaus,2021-04-01,5680,231843,3788,117876,1817,106618,75,7349,2687,78147,2981,80750,2860,158897,California
Stanislaus,2021-04-02,4717,236560,1092,118968,3535,110153,90,7439,2193,78049,2442,83192,2344,161241,California
Stanislaus,2021-04-03,3565,240125,2797,121765,745,110898,23,7462,1824,78208,1733,84925,1892,163133,California
Sutter,2020-12-15,1,1,1,1,0,0,0,0,1,1,0,0,1,1,California
Sutter,2020-12-16,4,5,4,5,0,0,0,0,4,5,0,0,4,5,California
Sutter,2020-12-17,2,7,2,7,0,0,0,0,2,7,0,0,2,7,California
Sutter,2020-12-18,20,27,20,27,0,0,0,0,20,27,0,0,20,27,California
Sutter,2020-12-19,44,71,44,71,0,0,0,0,44,71,0,0,44,71,California
Sutter,2020-12-20,42,113,42,113,0,0,0,0,42,113,0,0,42,113,California
Sutter,2020-12-21,101,214,101,214,0,0,0,0,101,214,0,0,101,214,California
Sutter,2020-12-22,174,388,174,388,0,0,0,0,174,388,0,0,174,388,California
Sutter,2020-12-23,114,502,110,498,4,4,0,0,114,502,0,0,114,502,California
Sutter,2020-12-24,17,519,11,509,6,10,0,0,17,519,0,0,17,519,California
Sutter,2020-12-26,39,558,35,544,4,14,0,0,39,558,0,0,39,558,California
Sutter,2020-12-27,24,582,23,567,1,15,0,0,24,582,0,0,24,582,California
Sutter,2020-12-28,83,665,55,622,28,43,0,0,83,665,0,0,83,665,California
Sutter,2020-12-29,101,766,14,636,87,130,0,0,101,766,0,0,101,766,California
Sutter,2020-12-30,136,902,33,669,103,233,0,0,136,902,0,0,136,902,California
Sutter,2020-12-31,70,972,6,675,64,297,0,0,70,972,0,0,70,972,California
Sutter,2021-01-01,3,975,3,678,0,297,0,0,3,975,0,0,3,975,California
Sutter,2021-01-02,135,1110,133,811,2,299,0,0,135,1110,0,0,135,1110,California
Sutter,2021-01-03,1,1111,0,811,1,300,0,0,1,1111,0,0,1,1111,California
Sutter,2021-01-04,248,1359,140,951,108,408,0,0,248,1359,0,0,248,1359,California
Sutter,2021-01-05,99,1458,56,1007,43,451,0,0,97,1454,2,2,97,1456,California
Sutter,2021-01-06,206,1664,52,1059,154,605,0,0,201,1650,5,7,201,1657,California
Sutter,2021-01-07,250,1914,150,1209,100,705,0,0,241,1883,8,15,241,1898,California
Sutter,2021-01-08,146,2060,40,1249,106,811,0,0,129,1995,17,32,129,2027,California
Sutter,2021-01-09,44,2104,43,1292,1,812,0,0,3,1957,41,73,3,2030,California
Sutter,2021-01-10,402,2506,37,1329,365,1177,0,0,364,2284,37,110,364,2394,California
Sutter,2021-01-11,133,2639,115,1444,18,1195,0,0,26,2203,107,217,26,2420,California
Sutter,2021-01-12,202,2841,165,1609,37,1232,0,0,57,2115,145,362,57,2477,California
Sutter,2021-01-13,157,2998,95,1704,62,1294,0,0,70,2098,87,449,70,2547,California
Sutter,2021-01-14,145,3143,50,1754,95,1389,0,0,125,2203,20,469,125,2672,California
Sutter,2021-01-15,434,3577,131,1885,303,1692,0,0,419,2607,15,484,419,3091,California
Sutter,2021-01-16,390,3967,42,1927,348,2040,0,0,358,2934,31,515,358,3449,California
Sutter,2021-01-17,25,3992,23,1950,2,2042,0,0,9,2927,16,531,9,3458,California
Sutter,2021-01-18,116,4108,61,2011,55,2097,0,0,69,2949,47,578,69,3527,California
Sutter,2021-01-19,100,4208,40,2051,60,2157,0,0,76,3001,24,602,76,3603,California
Sutter,2021-01-20,256,4464,191,2242,65,2222,0,0,236,3217,20,622,236,3839,California
Sutter,2021-01-21,433,4897,264,2506,169,2391,0,0,414,3612,19,641,414,4253,California
Sutter,2021-01-22,267,5164,82,2588,185,2576,0,0,258,3861,9,650,258,4511,California
Sutter,2021-01-23,396,5560,40,2628,356,2932,0,0,370,4205,26,676,370,4881,California
Sutter,2021-01-24,17,5577,14,2642,3,2935,0,0,15,4218,2,678,15,4896,California
Sutter,2021-01-25,302,5879,196,2838,106,3041,0,0,149,4215,152,830,149,5045,California
Sutter,2021-01-26,242,6121,102,2940,140,3181,0,0,145,4265,96,926,146,5191,California
Sutter,2021-01-27,385,6506,254,3194,131,3312,0,0,319,4518,66,992,319,5510,California
Sutter,2021-01-28,523,7029,300,3494,223,3535,0,0,393,4781,130,1122,393,5903,California
Sutter,2021-01-29,418,7447,146,3640,272,3807,0,0,252,4867,166,1288,252,6155,California
Sutter,2021-01-30,780,8227,39,3679,741,4548,0,0,769,5625,11,1299,769,6924,California
Sutter,2021-01-31,27,8254,27,3706,0,4548,0,0,27,5652,0,1299,27,6951,California
Sutter,2021-02-01,162,8416,47,3753,115,4663,0,0,131,5752,31,1330,131,7082,California
Sutter,2021-02-02,241,8657,25,3778,216,4879,0,0,211,5933,30,1360,211,7293,California
Sutter,2021-02-03,444,9101,36,3814,408,5287,0,0,212,5913,232,1592,212,7505,California
Sutter,2021-02-04,667,9768,366,4180,301,5588,0,0,617,6480,50,1642,617,8122,California
Sutter,2021-02-05,281,10049,31,4211,250,5838,0,0,133,6465,148,1790,133,8255,California
Sutter,2021-02-06,732,10781,27,4238,705,6543,0,0,714,7160,19,1809,714,8969,California
Sutter,2021-02-07,22,10803,19,4257,3,6546,0,0,19,7176,3,1812,19,8988,California
Sutter,2021-02-08,132,10935,27,4284,105,6651,0,0,96,7236,36,1848,96,9084,California
Sutter,2021-02-09,249,11184,47,4331,202,6853,0,0,185,7357,64,1912,185,9269,California
Sutter,2021-02-10,799,11983,379,4710,420,7273,0,0,172,6903,626,2538,172,9441,California
Sutter,2021-02-11,601,12584,270,4980,331,7604,0,0,375,7052,226,2764,375,9816,California
Sutter,2021-02-12,625,13209,66,5046,559,8163,0,0,309,7045,316,3080,309,10125,California
Sutter,2021-02-13,901,14110,48,5094,853,9016,0,0,784,7713,116,3196,784,10909,California
Sutter,2021-02-14,87,14197,24,5118,63,9079,0,0,77,7780,10,3206,77,10986,California
Sutter,2021-02-15,198,14395,71,5189,127,9206,0,0,123,7828,75,3281,123,11109,California
Sutter,2021-02-16,283,14678,43,5232,240,9446,0,0,200,7946,82,3363,200,11309,California
Sutter,2021-02-17,829,15507,435,5667,394,9840,0,0,127,7371,702,4065,127,11436,California
Sutter,2021-02-18,702,16209,50,5717,652,10492,0,0,493,7656,208,4273,493,11929,California
Sutter,2021-02-19,663,16872,381,6098,282,10774,0,0,463,7921,198,4471,463,12392,California
Sutter,2021-02-20,621,17493,55,6153,566,11340,0,0,518,8336,103,4574,518,12910,California
Sutter,2021-02-21,29,17522,24,6177,5,11345,0,0,8,8323,21,4595,8,12918,California
Sutter,2021-02-22,199,17721,115,6292,84,11429,0,0,86,8296,113,4708,86,13004,California
Sutter,2021-02-23,217,17938,31,6323,186,11615,0,0,94,8267,123,4831,94,13098,California
Sutter,2021-02-24,957,18895,348,6671,609,12224,0,0,190,7691,766,5597,190,13288,California
Sutter,2021-02-25,772,19667,492,7163,280,12504,0,0,597,8116,172,5769,597,13885,California
Sutter,2021-02-26,365,20032,60,7223,305,12809,0,0,152,8057,211,5980,152,14037,California
Sutter,2021-02-27,859,20891,44,7267,815,13624,0,0,701,8599,159,6139,701,14738,California
Sutter,2021-02-28,83,20974,38,7305,45,13669,0,0,66,8648,17,6156,66,14804,California
Sutter,2021-03-01,243,21217,60,7365,183,13852,0,0,147,8699,96,6252,147,14951,California
Sutter,2021-03-02,333,21550,57,7422,276,14128,0,0,160,8687,172,6424,160,15111,California
Sutter,2021-03-03,1364,22914,506,7928,858,14986,0,0,622,8573,736,7160,622,15733,California
Sutter,2021-03-04,1232,24146,845,8773,387,15373,0,0,941,9229,287,7447,943,16676,California
Sutter,2021-03-05,317,24463,72,8845,244,15617,1,1,181,9276,135,7582,182,16858,California
Sutter,2021-03-06,596,25059,44,8889,548,16165,4,5,445,9581,144,7726,449,17307,California
Sutter,2021-03-07,64,25123,23,8912,40,16205,1,6,44,9606,20,7746,45,17352,California
Sutter,2021-03-08,202,25325,70,8982,120,16325,12,18,135,9687,66,7812,147,17499,California
Sutter,2021-03-09,382,25707,131,9113,238,16563,13,31,178,9675,203,8015,191,17690,California
Sutter,2021-03-10,1524,27231,654,9767,818,17381,52,83,481,9168,1040,9055,533,18223,California
Sutter,2021-03-11,837,28068,400,10167,421,17802,16,99,603,9556,231,9286,619,18842,California
Sutter,2021-03-12,484,28552,80,10247,336,18138,68,167,163,9467,320,9606,231,19073,California
Sutter,2021-03-13,909,29461,708,10955,184,18322,17,184,739,10055,168,9774,756,19829,California
Sutter,2021-03-14,85,29546,22,10977,52,18374,11,195,34,10049,51,9825,45,19874,California
Sutter,2021-03-15,309,29855,68,11045,194,18568,47,242,143,10074,165,9990,190,20064,California
Sutter,2021-03-16,334,30189,84,11129,204,18772,46,288,172,10131,161,10151,218,20282,California
Sutter,2021-03-17,1454,31643,551,11680,880,19652,23,311,281,9270,1165,11316,304,20586,California
Sutter,2021-03-18,735,32378,118,11798,457,20109,160,471,418,9532,315,11631,577,21163,California
Sutter,2021-03-19,319,32697,106,11904,196,20305,17,488,188,9609,128,11759,205,21368,California
Sutter,2021-03-20,862,33559,92,11996,764,21069,6,494,795,10345,66,11825,802,22170,California
Sutter,2021-03-21,70,33629,47,12043,19,21088,4,498,38,10355,32,11857,42,22212,California
Sutter,2021-03-22,283,33912,118,12161,139,21227,26,524,205,10508,78,11935,231,22443,California
Sutter,2021-03-23,340,34252,126,12287,182,21409,32,556,233,10666,107,12042,265,22708,California
Sutter,2021-03-24,1631,35883,726,13013,833,22242,72,628,316,9748,1306,13348,388,23096,California
Sutter,2021-03-25,984,36867,663,13676,280,22522,41,669,329,9467,652,14000,371,23467,California
Sutter,2021-03-26,478,37345,184,13860,276,22798,18,687,283,9580,193,14193,306,23773,California
Sutter,2021-03-27,861,38206,64,13924,794,23592,3,690,762,10247,98,14291,765,24538,California
Sutter,2021-03-28,123,38329,72,13996,51,23643,0,690,77,10279,45,14336,77,24615,California
Sutter,2021-03-29,400,38729,139,14135,212,23855,49,739,210,10351,189,14525,261,24876,California
Sutter,2021-03-30,442,39171,162,14297,273,24128,7,746,290,10497,151,14676,297,25173,California
Sutter,2021-03-31,1185,40356,173,14470,995,25123,17,763,435,10439,742,15418,684,25857,California
Sutter,2021-04-01,1162,41518,691,15161,335,25458,136,899,313,10051,844,16262,456,26313,California
Sutter,2021-04-02,455,41973,89,15250,276,25734,90,989,186,10069,266,16528,284,26597,California
Sutter,2021-04-03,702,42675,45,15295,68,25802,589,1578,76,10111,625,17153,667,27264,California
Tehama,2020-12-15,1,1,1,1,0,0,0,0,1,1,0,0,1,1,California
Tehama,2020-12-16,2,3,2,3,0,0,0,0,2,3,0,0,2,3,California
Tehama,2020-12-17,12,15,12,15,0,0,0,0,12,15,0,0,12,15,California
Tehama,2020-12-18,2,17,2,17,0,0,0,0,3,18,0,0,3,18,California
Tehama,2020-12-21,33,50,33,50,0,0,0,0,33,51,0,0,33,51,California
Tehama,2020-12-22,68,118,62,112,6,6,0,0,68,119,0,0,68,119,California
Tehama,2020-12-23,48,166,40,152,8,14,0,0,48,167,0,0,48,167,California
Tehama,2020-12-24,5,171,3,155,2,16,0,0,5,172,0,0,5,172,California
Tehama,2020-12-26,3,174,2,157,1,17,0,0,3,175,0,0,3,175,California
Tehama,2020-12-27,2,176,2,159,0,17,0,0,2,177,0,0,2,177,California
Tehama,2020-12-28,56,232,43,202,13,30,0,0,56,233,0,0,56,233,California
Tehama,2020-12-29,31,263,31,233,0,30,0,0,31,264,0,0,31,264,California
Tehama,2020-12-30,54,317,38,271,16,46,0,0,53,317,0,0,53,317,California
Tehama,2020-12-31,14,331,4,275,10,56,0,0,14,331,0,0,14,331,California
Tehama,2021-01-01,2,333,0,275,2,58,0,0,2,333,0,0,2,333,California
Tehama,2021-01-04,31,364,8,283,23,81,0,0,31,364,0,0,31,364,California
Tehama,2021-01-05,71,435,44,327,27,108,0,0,68,429,3,3,68,432,California
Tehama,2021-01-06,70,505,21,348,49,157,0,0,61,482,8,11,61,493,California
Tehama,2021-01-07,57,562,7,355,50,207,0,0,56,537,1,12,56,549,California
Tehama,2021-01-08,30,592,24,379,6,213,0,0,25,557,5,17,25,574,California
Tehama,2021-01-09,7,599,5,384,2,215,0,0,5,560,2,19,5,579,California
Tehama,2021-01-10,1,600,0,384,1,216,0,0,1,561,0,19,1,580,California
Tehama,2021-01-11,47,647,46,430,1,217,0,0,14,542,33,52,14,594,California
Tehama,2021-01-12,115,762,95,525,20,237,0,0,70,567,45,97,70,664,California
Tehama,2021-01-13,72,834,55,580,17,254,0,0,26,547,46,143,26,690,California
Tehama,2021-01-14,226,1060,51,631,175,429,0,0,224,769,2,145,224,914,California
Tehama,2021-01-15,246,1306,74,705,172,601,0,0,242,1007,4,149,242,1156,California
Tehama,2021-01-16,274,1580,27,732,247,848,0,0,271,1275,3,152,271,1427,California
Tehama,2021-01-17,13,1593,9,741,4,852,0,0,11,1284,2,154,11,1438,California
Tehama,2021-01-18,10,1603,6,747,4,856,0,0,5,1284,5,159,5,1443,California
Tehama,2021-01-19,289,1892,61,808,228,1084,0,0,234,1463,55,214,234,1677,California
Tehama,2021-01-20,303,2195,88,896,215,1299,0,0,252,1665,50,264,252,1929,California
Tehama,2021-01-21,214,2409,11,907,203,1502,0,0,204,1859,10,274,204,2133,California
Tehama,2021-01-22,214,2623,12,919,202,1704,0,0,211,2067,3,277,211,2344,California
Tehama,2021-01-23,263,2886,10,929,253,1957,0,0,261,2327,2,279,262,2606,California
Tehama,2021-01-25,30,2916,13,942,17,1974,0,0,13,2323,17,296,13,2619,California
Tehama,2021-01-26,325,3241,41,983,284,2258,0,0,287,2573,38,334,288,2907,California
Tehama,2021-01-27,299,3540,21,1004,278,2536,0,0,279,2832,20,354,279,3186,California
Tehama,2021-01-28,337,3877,28,1032,309,2845,0,0,322,3139,15,369,322,3508,California
Tehama,2021-01-29,320,4197,18,1050,302,3147,0,0,303,3425,17,386,303,3811,California
Tehama,2021-01-30,102,4299,2,1052,100,3247,0,0,101,3525,1,387,101,3912,California
Tehama,2021-01-31,1,4300,0,1052,1,3248,0,0,1,3526,0,387,1,3913,California
Tehama,2021-02-01,78,4378,23,1075,55,3303,0,0,37,3522,41,428,37,3950,California
Tehama,2021-02-02,335,4713,63,1138,272,3575,0,0,239,3668,93,521,239,4189,California
Tehama,2021-02-03,363,5076,12,1150,351,3926,0,0,319,3943,44,565,319,4508,California
Tehama,2021-02-04,449,5525,99,1249,350,4276,0,0,371,4236,78,643,371,4879,California
Tehama,2021-02-05,160,5685,73,1322,87,4363,0,0,101,4278,59,702,101,4980,California
Tehama,2021-02-06,29,5714,13,1335,16,4379,0,0,17,4283,12,714,17,4997,California
Tehama,2021-02-07,5,5719,4,1339,1,4380,0,0,2,4282,3,717,2,4999,California
Tehama,2021-02-08,35,5754,14,1353,21,4401,0,0,27,4301,8,725,27,5026,California
Tehama,2021-02-09,76,5830,33,1386,43,4444,0,0,42,4309,34,759,42,5068,California
Tehama,2021-02-10,232,6062,61,1447,171,4615,0,0,157,4391,75,834,157,5225,California
Tehama,2021-02-11,219,6281,14,1461,205,4820,0,0,79,4332,138,972,79,5304,California
Tehama,2021-02-12,346,6627,49,1510,297,5117,0,0,165,4316,181,1153,165,5469,California
Tehama,2021-02-13,390,7017,13,1523,377,5494,0,0,149,4224,241,1394,149,5618,California
Tehama,2021-02-14,34,7051,0,1523,34,5528,0,0,33,4256,1,1395,33,5651,California
Tehama,2021-02-15,52,7103,10,1533,42,5570,0,0,46,4296,6,1401,46,5697,California
Tehama,2021-02-16,240,7343,15,1548,225,5795,0,0,57,4170,183,1584,57,5754,California
Tehama,2021-02-17,291,7634,21,1569,270,6065,0,0,65,4009,226,1810,65,5819,California
Tehama,2021-02-18,363,7997,36,1605,327,6392,0,0,139,3924,224,2034,139,5958,California
Tehama,2021-02-19,216,8213,19,1624,197,6589,0,0,46,3800,170,2204,46,6004,California
Tehama,2021-02-20,273,8486,6,1630,267,6856,0,0,26,3580,246,2450,26,6030,California
Tehama,2021-02-21,1,8487,1,1631,0,6856,0,0,1,3581,0,2450,1,6031,California
Tehama,2021-02-22,38,8525,14,1645,24,6880,0,0,25,3593,13,2463,25,6056,California
Tehama,2021-02-23,45,8570,18,1663,27,6907,0,0,25,3598,20,2483,25,6081,California
Tehama,2021-02-24,298,8868,12,1675,286,7193,0,0,25,3350,273,2756,25,6106,California
Tehama,2021-02-25,379,9247,63,1738,316,7509,0,0,39,3049,340,3096,39,6145,California
Tehama,2021-02-26,453,9700,19,1757,434,7943,0,0,69,2734,384,3480,69,6214,California
Tehama,2021-02-27,296,9996,6,1763,290,8233,0,0,35,2508,261,3741,35,6249,California
Tehama,2021-02-28,24,10020,3,1766,21,8254,0,0,21,2526,3,3744,21,6270,California
Tehama,2021-03-01,62,10082,8,1774,54,8308,0,0,28,2520,34,3778,28,6298,California
Tehama,2021-03-02,106,10188,17,1791,89,8397,0,0,26,2466,80,3858,26,6324,California
Tehama,2021-03-03,100,10288,28,1819,72,8469,0,0,37,2440,63,3921,37,6361,California
Tehama,2021-03-04,531,10819,21,1840,510,8979,0,0,196,2307,329,4250,196,6557,California
Tehama,2021-03-05,347,11166,21,1861,326,9305,0,0,189,2339,157,4407,189,6746,California
Tehama,2021-03-06,285,11451,16,1877,269,9574,0,0,75,2206,209,4616,76,6822,California
Tehama,2021-03-07,8,11459,2,1879,6,9580,0,0,6,2210,2,4618,6,6828,California
Tehama,2021-03-08,53,11512,10,1889,30,9610,13,13,25,2221,27,4645,38,6866,California
Tehama,2021-03-09,286,11798,5,1894,262,9872,19,32,234,2422,52,4697,253,7119,California
Tehama,2021-03-10,310,12108,14,1908,292,10164,4,36,64,2245,245,4942,68,7187,California
Tehama,2021-03-11,438,12546,22,1930,381,10545,35,71,312,2466,126,5068,347,7534,California
Tehama,2021-03-12,231,12777,13,1943,171,10716,47,118,151,2584,80,5148,198,7732,California
Tehama,2021-03-13,28,12805,9,1952,13,10729,6,124,6,2574,22,5170,12,7744,California
Tehama,2021-03-14,29,12834,2,1954,16,10745,11,135,3,2562,26,5196,14,7758,California
Tehama,2021-03-15,155,12989,22,1976,108,10853,25,160,82,2596,73,5269,107,7865,California
Tehama,2021-03-16,362,13351,15,1991,312,11165,35,195,269,2808,92,5361,304,8169,California
Tehama,2021-03-17,395,13746,31,2022,333,11498,31,226,313,3072,80,5441,344,8513,California
Tehama,2021-03-18,440,14186,26,2048,390,11888,24,250,276,3210,162,5603,300,8813,California
Tehama,2021-03-19,274,14460,15,2063,247,12135,12,262,235,3418,39,5642,247,9060,California
Tehama,2021-03-20,30,14490,10,2073,19,12154,1,263,24,3437,6,5648,25,9085,California
Tehama,2021-03-21,13,14503,7,2080,6,12160,0,263,13,3450,0,5648,13,9098,California
Tehama,2021-03-22,91,14594,8,2088,68,12228,15,278,53,3480,38,5686,68,9166,California
Tehama,2021-03-23,88,14682,25,2113,54,12282,9,287,66,3534,21,5707,75,9241,California
Tehama,2021-03-24,93,14775,21,2134,68,12350,4,291,62,3569,31,5738,66,9307,California
Tehama,2021-03-25,449,15224,291,2425,147,12497,11,302,403,3938,46,5784,415,9722,California
Tehama,2021-03-26,466,15690,357,2782,96,12593,13,315,387,4261,79,5863,402,10124,California
Tehama,2021-03-27,428,16118,340,3122,67,12660,21,336,365,4585,62,5925,386,10510,California
Tehama,2021-03-28,36,16154,15,3137,21,12681,0,336,23,4595,13,5938,23,10533,California
Tehama,2021-03-29,120,16274,32,3169,88,12769,0,336,78,4633,41,5979,79,10612,California
Tehama,2021-03-30,344,16618,197,3366,145,12914,2,338,231,4763,113,6092,243,10855,California
Tehama,2021-03-31,367,16985,269,3635,95,13009,3,341,300,5002,66,6158,305,11160,California
Tehama,2021-04-01,513,17498,238,3873,269,13278,6,347,376,5262,137,6295,397,11557,California
Tehama,2021-04-02,425,17923,207,4080,212,13490,6,353,248,5359,177,6472,274,11831,California
Tehama,2021-04-03,30,17953,1,4081,25,13515,4,357,25,5383,5,6477,29,11860,California
Trinity,2020-12-17,4,4,4,4,0,0,0,0,4,4,0,0,4,4,California
Trinity,2020-12-18,2,6,2,6,0,0,0,0,2,6,0,0,2,6,California
Trinity,2020-12-21,38,44,38,44,0,0,0,0,38,44,0,0,38,44,California
Trinity,2020-12-22,5,49,5,49,0,0,0,0,5,49,0,0,5,49,California
Trinity,2020-12-23,5,54,5,54,0,0,0,0,5,54,0,0,5,54,California
Trinity,2020-12-28,30,84,30,84,0,0,0,0,30,84,0,0,30,84,California
Trinity,2020-12-29,8,92,7,91,1,1,0,0,8,92,0,0,8,92,California
Trinity,2020-12-30,10,102,8,99,2,3,0,0,10,102,0,0,10,102,California
Trinity,2020-12-31,2,104,1,100,1,4,0,0,2,104,0,0,2,104,California
Trinity,2021-01-04,27,131,1,101,26,30,0,0,26,130,0,0,26,130,California
Trinity,2021-01-05,2,133,1,102,1,31,0,0,2,132,0,0,2,132,California
Trinity,2021-01-06,23,156,4,106,19,50,0,0,19,147,4,4,19,151,California
Trinity,2021-01-08,49,205,2,108,47,97,0,0,48,193,2,6,48,199,California
Trinity,2021-01-11,40,245,39,147,1,98,0,0,2,157,38,44,2,201,California
Trinity,2021-01-12,8,253,6,153,2,100,0,0,3,155,5,49,3,204,California
Trinity,2021-01-13,7,260,4,157,3,103,0,0,4,156,3,52,4,208,California
Trinity,2021-01-14,4,264,1,158,3,106,0,0,4,160,0,52,4,212,California
Trinity,2021-01-16,4,268,0,158,4,110,0,0,4,164,0,52,4,216,California
Trinity,2021-01-18,31,299,31,189,0,110,0,0,1,135,30,82,1,217,California
Trinity,2021-01-19,31,330,14,203,17,127,0,0,17,138,14,96,17,234,California
Trinity,2021-01-20,19,349,3,206,16,143,0,0,17,153,2,98,17,251,California
Trinity,2021-01-21,16,365,6,212,10,153,0,0,16,169,0,98,16,267,California
Trinity,2021-01-22,4,369,0,212,4,157,0,0,4,173,0,98,4,271,California
Trinity,2021-01-23,6,375,2,214,4,161,0,0,6,179,0,98,6,277,California
Trinity,2021-01-25,14,389,1,215,13,174,0,0,13,191,1,99,13,290,California
Trinity,2021-01-26,10,399,1,216,9,183,0,0,9,199,1,100,9,299,California
Trinity,2021-01-27,12,411,0,216,12,195,0,0,12,211,0,100,12,311,California
Trinity,2021-01-28,13,424,3,219,10,205,0,0,10,218,3,103,10,321,California
Trinity,2021-01-29,3,427,1,220,2,207,0,0,2,219,1,104,2,323,California
Trinity,2021-01-30,13,440,11,231,2,209,0,0,13,232,0,104,13,336,California
Trinity,2021-01-31,1,441,1,232,0,209,0,0,1,233,0,104,1,337,California
Trinity,2021-02-01,2,443,1,233,1,210,0,0,1,233,1,105,1,338,California
Trinity,2021-02-02,13,456,3,236,10,220,0,0,12,244,1,106,12,350,California
Trinity,2021-02-03,6,462,1,237,5,225,0,0,3,244,3,109,3,353,California
Trinity,2021-02-04,36,498,32,269,4,229,0,0,34,276,2,111,34,387,California
Trinity,2021-02-05,348,846,0,269,348,577,0,0,318,564,30,141,318,705,California
Trinity,2021-02-06,208,1054,3,272,205,782,0,0,201,758,7,148,201,906,California
Trinity,2021-02-08,24,1078,1,273,23,805,0,0,16,766,8,156,16,922,California
Trinity,2021-02-09,21,1099,2,275,19,824,0,0,6,757,15,171,6,928,California
Trinity,2021-02-10,122,1221,9,284,113,937,0,0,103,841,19,190,103,1031,California
Trinity,2021-02-11,302,1523,2,286,300,1237,0,0,296,1131,6,196,296,1327,California
Trinity,2021-02-12,9,1532,6,292,3,1240,0,0,9,1140,0,196,9,1336,California
Trinity,2021-02-13,11,1543,4,296,7,1247,0,0,5,1139,6,202,5,1341,California
Trinity,2021-02-14,2,1545,2,298,0,1247,0,0,2,1141,0,202,2,1343,California
Trinity,2021-02-15,47,1592,0,298,47,1294,0,0,47,1188,0,202,47,1390,California
Trinity,2021-02-16,7,1599,2,300,5,1299,0,0,3,1188,4,206,4,1394,California
Trinity,2021-02-17,94,1693,2,302,92,1391,0,0,84,1262,10,216,84,1478,California
Trinity,2021-02-18,5,1698,0,302,5,1396,0,0,1,1260,3,219,1,1479,California
Trinity,2021-02-19,212,1910,2,304,210,1606,0,0,199,1446,13,232,199,1678,California
Trinity,2021-02-20,141,2051,13,317,128,1734,0,0,114,1533,27,259,114,1792,California
Trinity,2021-02-22,3,2054,0,317,3,1737,0,0,0,1530,3,262,0,1792,California
Trinity,2021-02-23,8,2062,4,321,4,1741,0,0,3,1528,5,267,3,1795,California
Trinity,2021-02-24,28,2090,8,329,20,1761,0,0,7,1514,21,288,7,1802,California
Trinity,2021-02-25,36,2126,23,352,13,1774,0,0,5,1488,31,319,5,1807,California
Trinity,2021-02-26,11,2137,1,353,10,1784,0,0,5,1487,6,325,5,1812,California
Trinity,2021-02-27,8,2145,5,358,3,1787,0,0,5,1489,3,328,5,1817,California
Trinity,2021-02-28,1,2146,1,359,0,1787,0,0,1,1490,0,328,1,1818,California
Trinity,2021-03-01,8,2154,0,359,8,1795,0,0,5,1492,3,331,5,1823,California
Trinity,2021-03-02,9,2163,4,363,5,1800,0,0,1,1485,8,339,1,1824,California
Trinity,2021-03-03,5,2168,0,363,5,1805,0,0,4,1488,1,340,4,1828,California
Trinity,2021-03-04,15,2183,10,373,5,1810,0,0,13,1499,2,342,13,1841,California
Trinity,2021-03-05,282,2465,1,374,280,2090,1,1,33,1287,246,588,34,1875,California
Trinity,2021-03-06,186,2651,7,381,179,2269,0,1,21,1143,165,753,21,1896,California
Trinity,2021-03-07,3,2654,3,384,0,2269,0,1,2,1144,1,754,2,1898,California
Trinity,2021-03-08,5,2659,0,384,3,2272,2,3,2,1145,3,757,4,1902,California
Trinity,2021-03-09,95,2754,1,385,91,2363,3,6,90,1233,5,762,93,1995,California
Trinity,2021-03-10,128,2882,6,391,121,2484,1,7,41,1188,87,849,42,2037,California
Trinity,2021-03-11,12,2894,4,395,5,2489,3,10,7,1193,5,854,10,2047,California
Trinity,2021-03-12,325,3219,4,399,316,2805,5,15,61,995,264,1118,66,2113,California
Trinity,2021-03-13,10,3229,7,406,2,2807,1,16,7,1000,3,1121,8,2121,California
Trinity,2021-03-15,67,3296,0,406,66,2873,1,17,14,962,53,1174,15,2136,California
Trinity,2021-03-16,112,3408,7,413,105,2978,0,17,99,1048,13,1187,99,2235,California
Trinity,2021-03-17,105,3513,4,417,101,3079,0,17,30,1003,75,1262,30,2265,California
Trinity,2021-03-18,11,3524,5,422,5,3084,1,18,8,1009,3,1265,9,2274,California
Trinity,2021-03-19,356,3880,5,427,246,3330,105,123,30,818,326,1591,135,2409,California
Trinity,2021-03-20,61,3941,8,435,53,3383,0,123,38,833,23,1614,38,2447,California
Trinity,2021-03-21,5,3946,1,436,2,3385,2,125,2,834,3,1617,4,2451,California
Trinity,2021-03-22,4,3950,2,438,2,3387,0,125,4,838,0,1617,4,2455,California
Trinity,2021-03-23,96,4046,1,439,95,3482,0,125,78,898,18,1635,78,2533,California
Trinity,2021-03-24,11,4057,2,441,9,3491,0,125,11,909,0,1635,11,2544,California
Trinity,2021-03-25,106,4163,6,447,93,3584,7,132,83,976,23,1658,90,2634,California
Trinity,2021-03-26,12,4175,1,448,11,3595,0,132,6,976,6,1664,6,2640,California
Trinity,2021-03-27,19,4194,6,454,4,3599,9,141,6,978,13,1677,15,2655,California
Trinity,2021-03-28,8,4202,5,459,3,3602,0,141,3,976,5,1682,3,2658,California
Trinity,2021-03-29,6,4208,0,459,6,3608,0,141,3,976,3,1685,3,2661,California
Trinity,2021-03-30,79,4287,7,466,72,3680,0,141,71,1039,8,1693,71,2732,California
Trinity,2021-03-31,44,4331,6,472,15,3695,23,164,17,1051,27,1720,39,2771,California
Trinity,2021-04-01,40,4371,13,485,18,3713,9,173,22,1064,18,1738,31,2802,California
Trinity,2021-04-02,154,4525,5,490,82,3795,67,240,67,1112,86,1824,134,2936,California
Tulare,2020-12-16,4,4,4,4,0,0,0,0,4,4,0,0,4,4,California
Tulare,2020-12-17,110,114,110,114,0,0,0,0,110,114,0,0,110,114,California
Tulare,2020-12-18,291,405,291,405,0,0,0,0,291,405,0,0,291,405,California
Tulare,2020-12-19,327,732,327,732,0,0,0,0,327,732,0,0,327,732,California
Tulare,2020-12-20,167,899,167,899,0,0,0,0,167,899,0,0,167,899,California
Tulare,2020-12-21,422,1321,422,1321,0,0,0,0,442,1341,0,0,442,1341,California
Tulare,2020-12-22,469,1790,467,1788,2,2,0,0,468,1809,0,0,468,1809,California
Tulare,2020-12-23,330,2120,322,2110,8,10,0,0,328,2137,0,0,328,2137,California
Tulare,2020-12-24,18,2138,16,2126,2,12,0,0,18,2155,0,0,18,2155,California
Tulare,2020-12-26,8,2146,7,2133,1,13,0,0,8,2163,0,0,8,2163,California
Tulare,2020-12-27,16,2162,12,2145,4,17,0,0,16,2179,0,0,16,2179,California
Tulare,2020-12-28,484,2646,472,2617,12,29,0,0,483,2662,0,0,483,2662,California
Tulare,2020-12-29,545,3191,477,3094,68,97,0,0,545,3207,0,0,545,3207,California
Tulare,2020-12-30,472,3663,435,3529,37,134,0,0,472,3679,0,0,472,3679,California
Tulare,2020-12-31,95,3758,22,3551,73,207,0,0,95,3774,0,0,95,3774,California
Tulare,2021-01-01,1,3759,0,3551,1,208,0,0,1,3775,0,0,1,3775,California
Tulare,2021-01-02,27,3786,18,3569,9,217,0,0,27,3802,0,0,27,3802,California
Tulare,2021-01-03,22,3808,9,3578,13,230,0,0,22,3824,0,0,22,3824,California
Tulare,2021-01-04,92,3900,16,3594,76,306,0,0,92,3916,0,0,92,3916,California
Tulare,2021-01-05,462,4362,279,3873,183,489,0,0,460,4374,2,2,460,4376,California
Tulare,2021-01-06,863,5225,636,4509,227,716,0,0,853,5217,10,12,853,5229,California
Tulare,2021-01-07,782,6007,582,5091,200,916,0,0,676,5787,106,118,676,5905,California
Tulare,2021-01-08,1264,7271,575,5666,689,1605,0,0,926,6376,337,455,926,6831,California
Tulare,2021-01-09,739,8010,203,5869,536,2141,0,0,552,6741,187,642,552,7383,California
Tulare,2021-01-10,49,8059,43,5912,6,2147,0,0,10,6712,39,681,10,7393,California
Tulare,2021-01-11,1203,9262,765,6677,438,2585,0,0,768,7045,435,1116,768,8161,California
Tulare,2021-01-12,1396,10658,486,7163,910,3495,0,0,990,7630,406,1522,991,9152,California
Tulare,2021-01-13,452,11110,227,7390,225,3720,0,0,377,7932,75,1597,377,9529,California
Tulare,2021-01-14,491,11601,141,7531,350,4070,0,0,465,8382,15,1612,465,9994,California
Tulare,2021-01-15,1605,13206,148,7679,1457,5527,0,0,1596,9969,9,1621,1596,11590,California
Tulare,2021-01-16,1873,15079,113,7792,1760,7287,0,0,1860,11816,13,1634,1860,13450,California
Tulare,2021-01-17,140,15219,121,7913,19,7306,0,0,129,11934,11,1645,129,13579,California
Tulare,2021-01-18,696,15915,663,8576,33,7339,0,0,295,11828,401,2046,295,13874,California
Tulare,2021-01-19,1004,16919,681,9257,323,7662,0,0,577,11978,427,2473,577,14451,California
Tulare,2021-01-20,2370,19289,560,9817,1810,9472,0,0,1988,13584,382,2855,1988,16439,California
Tulare,2021-01-21,1503,20792,149,9966,1354,10826,0,0,1477,15040,21,2876,1477,17916,California
Tulare,2021-01-22,1048,21840,185,10151,863,11689,0,0,1024,16041,23,2899,1024,18940,California
Tulare,2021-01-23,438,22278,157,10308,281,11970,0,0,416,16435,22,2921,416,19356,California
Tulare,2021-01-24,30,22308,27,10335,3,11973,0,0,27,16459,3,2924,27,19383,California
Tulare,2021-01-25,1322,23630,976,11311,346,12319,0,0,1293,17723,29,2953,1293,20676,California
Tulare,2021-01-26,1499,25129,1100,12411,399,12718,0,0,1175,18575,323,3276,1175,21851,California
Tulare,2021-01-27,1458,26587,1071,13482,387,13105,0,0,878,18873,580,3856,878,22729,California
Tulare,2021-01-28,1192,27779,764,14246,428,13533,0,0,800,19281,392,4248,800,23529,California
Tulare,2021-01-29,1126,28905,718,14964,408,13941,0,0,818,19791,308,4556,818,24347,California
Tulare,2021-01-30,1672,30577,1582,16546,90,14031,0,0,1649,21418,23,4579,1650,25997,California
Tulare,2021-01-31,50,30627,47,16593,3,14034,0,0,48,21464,2,4581,48,26045,California
Tulare,2021-02-01,1165,31792,902,17495,263,14297,0,0,816,21932,348,4929,816,26861,California
Tulare,2021-02-02,674,32466,328,17823,346,14643,0,0,445,22150,227,5156,445,27306,California
Tulare,2021-02-03,605,33071,282,18105,323,14966,0,0,332,22211,271,5427,332,27638,California
Tulare,2021-02-04,551,33622,165,18270,386,15352,0,0,264,22189,287,5714,265,27903,California
Tulare,2021-02-05,1226,34848,229,18499,997,16349,0,0,414,21793,810,6524,414,28317,California
Tulare,2021-02-06,836,35684,152,18651,684,17033,0,0,272,21503,562,7086,272,28589,California
Tulare,2021-02-07,76,35760,64,18715,12,17045,0,0,23,21473,53,7139,23,28612,California
Tulare,2021-02-08,947,36707,335,19050,612,17657,0,0,308,21145,636,7775,308,28920,California
Tulare,2021-02-09,1401,38108,323,19373,1078,18735,0,0,358,20464,1039,8814,358,29278,California
Tulare,2021-02-10,2451,40559,1984,21357,467,19202,0,0,2069,22154,379,9193,2069,31347,California
Tulare,2021-02-11,1303,41862,375,21732,928,20130,0,0,923,22697,380,9573,923,32270,California
Tulare,2021-02-12,2779,44641,579,22311,2200,22330,0,0,1224,22375,1548,11121,1226,33496,California
Tulare,2021-02-13,2448,47089,157,22468,2291,24621,0,0,666,21262,1779,12900,666,34162,California
Tulare,2021-02-14,328,47417,36,22504,292,24913,0,0,295,21524,33,12933,295,34457,California
Tulare,2021-02-15,913,48330,292,22796,621,25534,0,0,657,21926,255,13188,657,35114,California
Tulare,2021-02-16,2817,51147,1603,24399,1214,26748,0,0,1068,21245,1749,14937,1068,36182,California
Tulare,2021-02-17,2697,53844,513,24912,2184,28932,0,0,466,19486,2226,17163,467,36649,California
Tulare,2021-02-18,2279,56123,440,25352,1839,30771,0,0,620,18455,1651,18814,620,37269,California
Tulare,2021-02-19,2285,58408,847,26199,1438,32209,0,0,941,18054,1342,20156,941,38210,California
Tulare,2021-02-20,2975,61383,1876,28075,1099,33308,0,0,1253,17590,1717,21873,1253,39463,California
Tulare,2021-02-21,65,61448,61,28136,4,33312,0,0,41,17607,24,21897,41,39504,California
Tulare,2021-02-22,1106,62554,699,28835,407,33719,0,0,222,16946,883,22780,222,39726,California
Tulare,2021-02-23,1929,64483,930,29765,999,34718,0,0,1443,17904,485,23265,1443,41169,California
Tulare,2021-02-24,2453,66936,1537,31302,916,35634,0,0,2075,19603,377,23642,2076,43245,California
Tulare,2021-02-25,3449,70385,1929,33231,1520,37154,0,0,3031,22221,413,24055,3031,46276,California
Tulare,2021-02-26,3766,74151,1865,35096,1901,39055,0,0,3333,25124,430,24485,3333,49609,California
Tulare,2021-02-27,2850,77001,1390,36486,1460,40515,0,0,2721,27726,119,24604,2721,52330,California
Tulare,2021-02-28,1302,78303,1033,37519,269,40784,0,0,1282,28991,17,24621,1282,53612,California
Tulare,2021-03-01,1698,80001,764,38283,934,41718,0,0,1521,30336,176,24797,1521,55133,California
Tulare,2021-03-02,2593,82594,1150,39433,1443,43161,0,0,2429,32608,159,24956,2431,57564,California
Tulare,2021-03-03,3633,86227,2438,41871,1195,44356,0,0,1708,32396,1924,26880,1712,59276,California
Tulare,2021-03-04,2802,89029,1272,43143,1530,45886,0,0,2489,34576,310,27190,2490,61766,California
Tulare,2021-03-05,3147,92176,1612,44755,1522,47408,13,13,2686,36821,457,27647,2702,64468,California
Tulare,2021-03-06,2954,95130,1375,46130,1523,48931,56,69,2712,39349,238,27885,2766,67234,California
Tulare,2021-03-07,1073,96203,667,46797,388,49319,18,87,1036,40366,37,27922,1054,68288,California
Tulare,2021-03-08,1568,97771,934,47731,475,49794,159,246,1285,41528,282,28204,1444,69732,California
Tulare,2021-03-09,2292,100063,1343,49074,803,50597,146,392,1944,43271,348,28552,2091,71823,California
Tulare,2021-03-10,2326,102389,1143,50217,1070,51667,113,505,2009,45085,307,28859,2121,73944,California
Tulare,2021-03-11,3679,106068,1723,51940,1728,53395,228,733,2834,47310,838,29697,3063,77007,California
Tulare,2021-03-12,3698,109766,2028,53968,1408,54803,262,995,2670,49229,1015,30712,2934,79941,California
Tulare,2021-03-13,3447,113213,1626,55594,1712,56515,109,1104,2705,51304,739,31451,2814,82755,California
Tulare,2021-03-14,1579,114792,882,56476,479,56994,218,1322,1194,52332,383,31834,1411,84166,California
Tulare,2021-03-15,2577,117369,1480,57956,979,57973,118,1440,1815,53505,761,32595,1934,86100,California
Tulare,2021-03-16,3307,120676,2022,59978,1208,59181,77,1517,1792,53868,1511,34106,1874,87974,California
Tulare,2021-03-17,3668,124344,2410,62388,1192,60373,66,1583,2031,54339,1632,35738,2103,90077,California
Tulare,2021-03-18,3956,128300,2955,65343,936,61309,65,1648,2058,54571,1892,37630,2124,92201,California
Tulare,2021-03-19,4208,132508,2697,68040,1344,62653,167,1815,2213,54974,1981,39611,2384,94585,California
Tulare,2021-03-20,3014,135522,1790,69830,967,63620,257,2072,1375,54976,1633,41244,1635,96220,California
Tulare,2021-03-21,1812,137334,1546,71376,240,63860,26,2098,926,55045,883,42127,952,97172,California
Tulare,2021-03-22,2411,139745,1673,73049,629,64489,109,2207,1598,55949,805,42932,1709,98881,California
Tulare,2021-03-23,3536,143281,1990,75039,1498,65987,48,2255,1962,56401,1565,44497,2017,100898,California
Tulare,2021-03-24,3001,146282,1827,76866,1131,67118,43,2298,1789,57034,1205,45702,1838,102736,California
Tulare,2021-03-25,3001,149283,1526,78392,1390,68508,85,2383,1427,56992,1568,47270,1526,104262,California
Tulare,2021-03-26,4893,154176,2898,81290,1887,70395,108,2491,2346,56944,2530,49800,2482,106744,California
Tulare,2021-03-27,3335,157511,1659,82949,1576,71971,100,2591,909,55570,2419,52219,1045,107789,California
Tulare,2021-03-28,1398,158909,1005,83954,367,72338,26,2617,660,55527,736,52955,693,108482,California
Tulare,2021-03-29,2771,161680,1557,85511,1107,73445,107,2724,1197,55291,1568,54523,1332,109814,California
Tulare,2021-03-30,4377,166057,2541,88052,1602,75047,234,2958,2011,55194,2361,56884,2264,112078,California
Tulare,2021-03-31,3597,169654,2105,90157,1383,76430,109,3067,1488,54887,2103,58987,1796,113874,California
Tulare,2021-04-01,4049,173703,2255,92412,1736,78166,58,3125,1335,53689,2709,61696,1511,115385,California
Tulare,2021-04-02,4623,178326,2822,95234,1704,79870,97,3222,1552,52362,3061,64757,1734,117119,California
Tulare,2021-04-03,1956,180282,1365,96599,380,80250,211,3433,464,51625,1488,66245,751,117870,California
Tuolumne,2020-12-16,46,46,46,46,0,0,0,0,46,46,0,0,46,46,California
Tuolumne,2020-12-17,22,68,22,68,0,0,0,0,22,68,0,0,22,68,California
Tuolumne,2020-12-18,174,242,173,241,1,1,0,0,174,242,0,0,174,242,California
Tuolumne,2020-12-19,7,249,7,248,0,1,0,0,7,249,0,0,7,249,California
Tuolumne,2020-12-20,1,250,1,249,0,1,0,0,1,250,0,0,1,250,California
Tuolumne,2020-12-21,116,366,102,351,14,15,0,0,116,366,0,0,116,366,California
Tuolumne,2020-12-22,169,535,169,520,0,15,0,0,169,535,0,0,169,535,California
Tuolumne,2020-12-23,192,727,190,710,2,17,0,0,192,727,0,0,192,727,California
Tuolumne,2020-12-26,3,730,3,713,0,17,0,0,3,730,0,0,3,730,California
Tuolumne,2020-12-28,78,808,77,790,1,18,0,0,78,808,0,0,78,808,California
Tuolumne,2020-12-29,111,919,40,830,71,89,0,0,111,919,0,0,111,919,California
Tuolumne,2020-12-30,81,1000,22,852,59,148,0,0,81,1000,0,0,81,1000,California
Tuolumne,2020-12-31,27,1027,20,872,7,155,0,0,27,1027,0,0,27,1027,California
Tuolumne,2021-01-01,6,1033,5,877,1,156,0,0,6,1033,0,0,6,1033,California
Tuolumne,2021-01-02,118,1151,115,992,3,159,0,0,118,1151,0,0,118,1151,California
Tuolumne,2021-01-03,3,1154,2,994,1,160,0,0,3,1154,0,0,3,1154,California
Tuolumne,2021-01-04,70,1224,27,1021,43,203,0,0,70,1224,0,0,70,1224,California
Tuolumne,2021-01-05,95,1319,26,1047,69,272,0,0,93,1315,2,2,93,1317,California
Tuolumne,2021-01-06,112,1431,52,1099,60,332,0,0,68,1339,44,46,68,1385,California
Tuolumne,2021-01-07,119,1550,61,1160,58,390,0,0,65,1350,54,100,65,1450,California
Tuolumne,2021-01-08,179,1729,153,1313,26,416,0,0,28,1230,150,250,30,1480,California
Tuolumne,2021-01-09,1,1730,0,1313,1,417,0,0,1,1231,0,250,1,1481,California
Tuolumne,2021-01-10,3,1733,1,1314,2,419,0,0,3,1234,0,250,3,1484,California
Tuolumne,2021-01-11,117,1850,90,1404,27,446,0,0,34,1185,83,333,34,1518,California
Tuolumne,2021-01-12,102,1952,86,1490,16,462,0,0,17,1118,85,418,18,1536,California
Tuolumne,2021-01-13,239,2191,129,1619,110,572,0,0,184,1248,55,473,185,1721,California
Tuolumne,2021-01-14,129,2320,92,1711,37,609,0,0,42,1204,86,559,42,1763,California
Tuolumne,2021-01-15,476,2796,71,1782,405,1014,0,0,413,1556,62,621,414,2177,California
Tuolumne,2021-01-16,6,2802,2,1784,4,1018,0,0,5,1560,1,622,5,2182,California
Tuolumne,2021-01-17,4,2806,1,1785,3,1021,0,0,4,1564,0,622,4,2186,California
Tuolumne,2021-01-18,46,2852,38,1823,8,1029,0,0,8,1535,37,659,8,2194,California
Tuolumne,2021-01-19,472,3324,70,1893,402,1431,0,0,429,1921,43,702,429,2623,California
Tuolumne,2021-01-20,77,3401,60,1953,17,1448,0,0,24,1892,53,755,24,2647,California
Tuolumne,2021-01-21,57,3458,22,1975,35,1483,0,0,41,1918,16,771,42,2689,California
Tuolumne,2021-01-22,181,3639,13,1988,168,1651,0,0,175,2087,6,777,175,2864,California
Tuolumne,2021-01-23,666,4305,146,2134,520,2171,0,0,553,2537,113,890,563,3427,California
Tuolumne,2021-01-24,526,4831,1,2135,525,2696,0,0,522,3057,3,893,523,3950,California
Tuolumne,2021-01-25,48,4879,27,2162,21,2717,0,0,22,3054,26,919,23,3973,California
Tuolumne,2021-01-26,80,4959,68,2230,12,2729,0,0,40,3055,40,959,41,4014,California
Tuolumne,2021-01-27,61,5020,4,2234,57,2786,0,0,7,3010,53,1012,8,4022,California
Tuolumne,2021-01-28,27,5047,7,2241,20,2806,0,0,18,3019,9,1021,18,4040,California
Tuolumne,2021-01-29,71,5118,7,2248,64,2870,0,0,33,3014,38,1059,33,4073,California
Tuolumne,2021-01-30,711,5829,554,2802,157,3027,0,0,691,3698,20,1079,704,4777,California
Tuolumne,2021-01-31,8,5837,2,2804,6,3033,0,0,5,3700,3,1082,5,4782,California
Tuolumne,2021-02-01,25,5862,6,2810,19,3052,0,0,22,3719,3,1085,22,4804,California
Tuolumne,2021-02-02,649,6511,36,2846,613,3665,0,0,639,4349,9,1094,639,5443,California
Tuolumne,2021-02-03,239,6750,108,2954,131,3796,0,0,85,4280,154,1248,85,5528,California
Tuolumne,2021-02-04,127,6877,14,2968,113,3909,0,0,66,4283,63,1311,66,5594,California
Tuolumne,2021-02-05,102,6979,14,2982,88,3997,0,0,37,4257,63,1374,37,5631,California
Tuolumne,2021-02-06,851,7830,579,3561,272,4269,0,0,850,5106,1,1375,850,6481,California
Tuolumne,2021-02-07,7,7837,4,3565,3,4272,0,0,3,5105,4,1379,3,6484,California
Tuolumne,2021-02-08,90,7927,39,3604,51,4323,0,0,67,5149,23,1402,67,6551,California
Tuolumne,2021-02-09,864,8791,47,3651,817,5140,0,0,828,5941,36,1438,828,7379,California
Tuolumne,2021-02-10,92,8883,14,3665,78,5218,0,0,30,5911,60,1498,30,7409,California
Tuolumne,2021-02-11,137,9020,64,3729,73,5291,0,0,74,5922,63,1561,74,7483,California
Tuolumne,2021-02-12,643,9663,12,3741,631,5922,0,0,204,5689,438,1999,205,7688,California
Tuolumne,2021-02-13,146,9809,41,3782,105,6027,0,0,115,5779,25,2024,115,7803,California
Tuolumne,2021-02-14,147,9956,12,3794,135,6162,0,0,146,5924,1,2025,146,7949,California
Tuolumne,2021-02-15,182,10138,10,3804,172,6334,0,0,172,6087,10,2035,173,8122,California
Tuolumne,2021-02-16,525,10663,18,3822,507,6841,0,0,123,5812,400,2435,125,8247,California
Tuolumne,2021-02-17,109,10772,62,3884,47,6888,0,0,63,5830,45,2480,63,8310,California
Tuolumne,2021-02-18,682,11454,22,3906,660,7548,0,0,633,6414,49,2529,633,8943,California
Tuolumne,2021-02-19,133,11587,21,3927,112,7660,0,0,43,6367,90,2619,43,8986,California
Tuolumne,2021-02-20,908,12495,343,4270,565,8225,0,0,388,6248,508,3127,389,9375,California
Tuolumne,2021-02-21,978,13473,32,4302,946,9171,0,0,473,6219,502,3629,473,9848,California
Tuolumne,2021-02-22,76,13549,54,4356,22,9193,0,0,46,6235,30,3659,46,9894,California
Tuolumne,2021-02-23,41,13590,21,4377,20,9213,0,0,22,6239,18,3677,22,9916,California
Tuolumne,2021-02-24,93,13683,60,4437,33,9246,0,0,39,6232,52,3729,45,9961,California
Tuolumne,2021-02-25,1048,14731,29,4466,1019,10265,0,0,1017,7218,31,3760,1017,10978,California
Tuolumne,2021-02-26,144,14875,10,4476,134,10399,0,0,119,7313,25,3785,120,11098,California
Tuolumne,2021-02-27,950,15825,576,5052,374,10773,0,0,247,6871,689,4474,247,11345,California
Tuolumne,2021-02-28,53,15878,4,5056,49,10822,0,0,51,6921,1,4475,51,11396,California
Tuolumne,2021-03-01,104,15982,21,5077,83,10905,0,0,71,6962,32,4507,73,11469,California
Tuolumne,2021-03-02,706,16688,72,5149,634,11539,0,0,105,6466,601,5108,105,11574,California
Tuolumne,2021-03-03,81,16769,21,5170,60,11599,0,0,56,6498,25,5133,57,11631,California
Tuolumne,2021-03-04,1156,17925,67,5237,1089,12688,0,0,1097,7536,59,5192,1097,12728,California
Tuolumne,2021-03-05,75,18000,9,5246,66,12754,0,0,43,7549,31,5223,44,12772,California
Tuolumne,2021-03-06,1042,19042,603,5849,437,13191,2,2,192,6895,849,6072,195,12967,California
Tuolumne,2021-03-07,35,19077,11,5860,11,13202,13,15,13,6900,22,6094,27,12994,California
Tuolumne,2021-03-08,200,19277,89,5949,104,13306,7,22,141,6992,59,6153,151,13145,California
Tuolumne,2021-03-09,879,20156,16,5965,853,14159,10,32,79,6282,799,6952,89,13234,California
Tuolumne,2021-03-10,95,20251,16,5981,69,14228,10,42,54,6305,41,6993,64,13298,California
Tuolumne,2021-03-11,1262,21513,33,6014,1225,15453,4,46,1221,7493,40,7033,1228,14526,California
Tuolumne,2021-03-12,268,21781,33,6047,220,15673,15,61,121,7523,145,7178,175,14701,California
Tuolumne,2021-03-13,60,21841,12,6059,48,15721,0,61,18,7522,42,7220,41,14742,California
Tuolumne,2021-03-14,83,21924,8,6067,66,15787,9,70,2,7457,81,7301,16,14758,California
Tuolumne,2021-03-15,303,22227,78,6145,223,16010,2,72,108,7383,194,7495,120,14878,California
Tuolumne,2021-03-16,794,23021,39,6184,744,16754,11,83,659,7920,135,7630,672,15550,California
Tuolumne,2021-03-17,140,23161,30,6214,97,16851,13,96,63,7919,76,7706,75,15625,California
Tuolumne,2021-03-18,937,24098,21,6235,899,17750,17,113,304,7608,633,8339,322,15947,California
Tuolumne,2021-03-19,123,24221,14,6249,77,17827,32,145,60,7639,61,8400,92,16039,California
Tuolumne,2021-03-20,70,24291,5,6254,56,17883,9,154,29,7637,40,8440,38,16077,California
Tuolumne,2021-03-21,837,25128,393,6647,435,18318,9,163,44,6898,792,9232,53,16130,California
Tuolumne,2021-03-22,167,25295,73,6720,75,18393,19,182,99,6948,68,9300,118,16248,California
Tuolumne,2021-03-23,723,26018,636,7356,74,18467,13,195,690,7618,33,9333,703,16951,California
Tuolumne,2021-03-24,114,26132,21,7377,75,18542,18,213,81,7686,31,9364,99,17050,California
Tuolumne,2021-03-25,1273,27405,17,7394,1253,19795,3,216,317,7051,955,10319,320,17370,California
Tuolumne,2021-03-26,277,27682,13,7407,241,20036,23,239,121,7059,136,10455,144,17514,California
Tuolumne,2021-03-27,568,28250,49,7456,519,20555,0,239,311,7114,257,10712,312,17826,California
Tuolumne,2021-03-28,47,28297,6,7462,41,20596,0,239,10,7089,37,10749,12,17838,California
Tuolumne,2021-03-29,282,28579,71,7533,211,20807,0,239,182,7191,81,10830,183,18021,California
Tuolumne,2021-03-30,168,28747,12,7545,156,20963,0,239,127,7277,41,10871,127,18148,California
Tuolumne,2021-03-31,91,28838,12,7557,78,21041,1,240,46,7281,44,10915,48,18196,California
Tuolumne,2021-04-01,1203,30041,19,7576,1184,22225,0,240,227,6536,973,11888,228,18424,California
Tuolumne,2021-04-02,149,30190,10,7586,124,22349,15,255,94,6590,55,11943,109,18533,California
Tuolumne,2021-04-03,109,30299,11,7597,98,22447,0,255,71,6623,38,11981,71,18604,California
Ventura,2020-12-15,5,5,5,5,0,0,0,0,5,5,0,0,5,5,California
Ventura,2020-12-16,70,75,70,75,0,0,0,0,70,75,0,0,70,75,California
Ventura,2020-12-17,249,324,249,324,0,0,0,0,249,324,0,0,249,324,California
Ventura,2020-12-18,1409,1733,1409,1733,0,0,0,0,1409,1733,0,0,1409,1733,California
Ventura,2020-12-19,913,2646,913,2646,0,0,0,0,913,2646,0,0,913,2646,California
Ventura,2020-12-20,430,3076,430,3076,0,0,0,0,430,3076,0,0,430,3076,California
Ventura,2020-12-21,1465,4541,1465,4541,0,0,0,0,1465,4541,0,0,1465,4541,California
Ventura,2020-12-22,1103,5644,1098,5639,5,5,0,0,1103,5644,0,0,1103,5644,California
Ventura,2020-12-23,1025,6669,979,6618,46,51,0,0,1025,6669,0,0,1025,6669,California
Ventura,2020-12-24,476,7145,379,6997,97,148,0,0,476,7145,0,0,476,7145,California
Ventura,2020-12-25,11,7156,7,7004,4,152,0,0,11,7156,0,0,11,7156,California
Ventura,2020-12-26,107,7263,86,7090,21,173,0,0,107,7263,0,0,107,7263,California
Ventura,2020-12-27,58,7321,27,7117,31,204,0,0,58,7321,0,0,58,7321,California
Ventura,2020-12-28,1067,8388,929,8046,138,342,0,0,1067,8388,0,0,1067,8388,California
Ventura,2020-12-29,1165,9553,762,8808,403,745,0,0,1165,9553,0,0,1165,9553,California
Ventura,2020-12-30,1985,11538,1518,10326,467,1212,0,0,1985,11538,0,0,1985,11538,California
Ventura,2020-12-31,475,12013,163,10489,312,1524,0,0,475,12013,0,0,475,12013,California
Ventura,2021-01-01,14,12027,4,10493,10,1534,0,0,14,12027,0,0,14,12027,California
Ventura,2021-01-02,170,12197,78,10571,92,1626,0,0,170,12197,0,0,170,12197,California
Ventura,2021-01-03,15,12212,8,10579,7,1633,0,0,15,12212,0,0,15,12212,California
Ventura,2021-01-04,1077,13289,548,11127,529,2162,0,0,1075,13286,1,1,1075,13287,California
Ventura,2021-01-05,1371,14660,777,11904,594,2756,0,0,1331,14577,40,41,1331,14618,California
Ventura,2021-01-06,2047,16707,1175,13079,872,3628,0,0,1618,15777,420,461,1620,16238,California
Ventura,2021-01-07,2065,18772,1325,14404,740,4368,0,0,1182,16079,881,1342,1183,17421,California
Ventura,2021-01-08,2193,20965,1474,15878,719,5087,0,0,901,15691,1290,2632,902,18323,California
Ventura,2021-01-09,724,21689,503,16381,221,5308,0,0,320,15607,404,3036,320,18643,California
Ventura,2021-01-10,336,22025,324,16705,12,5320,0,0,122,15515,214,3250,122,18765,California
Ventura,2021-01-11,2449,24474,1488,18193,961,6281,0,0,1498,16064,951,4201,1500,20265,California
Ventura,2021-01-12,3027,27501,1601,19794,1426,7707,0,0,2004,17045,1023,5224,2004,22269,California
Ventura,2021-01-13,2927,30428,1423,21217,1504,9211,0,0,2044,18209,881,6105,2045,24314,California
Ventura,2021-01-14,2728,33156,1057,22274,1671,10882,0,0,2284,20051,443,6548,2285,26599,California
Ventura,2021-01-15,2869,36025,959,23233,1910,12792,0,0,2659,22502,210,6758,2661,29260,California
Ventura,2021-01-16,487,36512,189,23422,298,13090,0,0,405,22825,82,6840,405,29665,California
Ventura,2021-01-17,265,36777,139,23561,126,13216,0,0,259,23078,6,6846,259,29924,California
Ventura,2021-01-18,2206,38983,1660,25221,546,13762,0,0,1657,24187,549,7395,1658,31582,California
Ventura,2021-01-19,3026,42009,2115,27336,911,14673,0,0,2134,25433,892,8287,2138,33720,California
Ventura,2021-01-20,4047,46056,3100,30436,947,15620,0,0,3011,27412,1033,9320,3012,36732,California
Ventura,2021-01-21,3833,49889,2669,33105,1164,16784,0,0,3164,29910,666,9986,3164,39896,California
Ventura,2021-01-22,3593,53482,2467,35572,1126,17910,0,0,3431,33180,162,10148,3432,43328,California
Ventura,2021-01-23,1178,54660,644,36216,534,18444,0,0,1078,34161,99,10247,1080,44408,California
Ventura,2021-01-24,449,55109,133,36349,316,18760,0,0,436,34584,13,10260,436,44844,California
Ventura,2021-01-25,3133,58242,2020,38369,1113,19873,0,0,2587,36628,545,10805,2589,47433,California
Ventura,2021-01-26,3677,61919,2175,40544,1502,21375,0,0,2686,38325,990,11795,2687,50120,California
Ventura,2021-01-27,3433,65352,1540,42084,1893,23268,0,0,2695,40285,735,12530,2695,52815,California
Ventura,2021-01-28,3839,69191,1976,44060,1863,25131,0,0,3233,42929,590,13120,3234,56049,California
Ventura,2021-01-29,4229,73420,2503,46563,1726,26857,0,0,3735,46182,482,13602,3735,59784,California
Ventura,2021-01-30,3020,76440,1951,48514,1069,27926,0,0,2853,48872,164,13766,2854,62638,California
Ventura,2021-01-31,827,77267,445,48959,382,28308,0,0,743,49531,84,13850,743,63381,California
Ventura,2021-02-01,3916,81183,2105,51064,1811,30119,0,0,3155,51929,759,14609,3157,66538,California
Ventura,2021-02-02,4393,85576,2367,53431,2026,32145,0,0,3372,54285,1017,15626,3373,69911,California
Ventura,2021-02-03,4444,90020,2086,55517,2358,34503,0,0,3436,56718,1003,16629,3436,73347,California
Ventura,2021-02-04,4747,94767,2272,57789,2475,36978,0,0,3507,58992,1233,17862,3507,76854,California
Ventura,2021-02-05,4810,99577,2307,60096,2503,39481,0,0,3323,60843,1474,19336,3325,80179,California
Ventura,2021-02-06,2820,102397,1511,61607,1309,40790,0,0,2422,62867,398,19734,2422,82601,California
Ventura,2021-02-07,707,103104,240,61847,467,41257,0,0,579,63319,128,19862,580,83181,California
Ventura,2021-02-08,3478,106582,1619,63466,1859,43116,0,0,2414,64673,1060,20922,2414,85595,California
Ventura,2021-02-09,4705,111287,1971,65437,2734,45850,0,0,2463,64898,2241,23163,2466,88061,California
Ventura,2021-02-10,4673,115960,2220,67657,2453,48303,0,0,2378,64992,2285,25448,2379,90440,California
Ventura,2021-02-11,4627,120587,1851,69508,2776,51079,0,0,2427,65228,2193,27641,2429,92869,California
Ventura,2021-02-12,6278,126865,2643,72151,3635,54714,0,0,3207,65366,3069,30710,3207,96076,California
Ventura,2021-02-13,3275,130140,1821,73972,1454,56168,0,0,1829,65755,1442,32152,1831,97907,California
Ventura,2021-02-14,1216,131356,121,74093,1095,57263,0,0,1002,66544,214,32366,1003,98910,California
Ventura,2021-02-15,3974,135330,1787,75880,2187,59450,0,0,2109,66790,1863,34229,2109,101019,California
Ventura,2021-02-16,5515,140845,2696,78576,2819,62269,0,0,3010,67302,2499,36728,3011,104030,California
Ventura,2021-02-17,5215,146060,1911,80487,3304,65573,0,0,3267,68629,1940,38668,3267,107297,California
Ventura,2021-02-18,5744,151804,1818,82305,3926,69499,0,0,3619,70130,2118,40786,3619,110916,California
Ventura,2021-02-19,6418,158222,3753,86058,2665,72164,0,0,2986,69697,3427,44213,2994,113910,California
Ventura,2021-02-20,4898,163120,3144,89202,1754,73918,0,0,2754,70312,2140,46353,2755,116665,California
Ventura,2021-02-21,989,164109,705,89907,284,74202,0,0,417,70161,568,46921,417,117082,California
Ventura,2021-02-22,5327,169436,2379,92286,2948,77150,0,0,3444,71731,1874,48795,3444,120526,California
Ventura,2021-02-23,5925,175361,2956,95242,2969,80119,0,0,3425,72676,2483,51278,3428,123954,California
Ventura,2021-02-24,6937,182298,2587,97829,4350,84469,0,0,4207,74167,2716,53994,4207,128161,California
Ventura,2021-02-25,7463,189761,2563,100392,4900,89369,0,0,4561,75842,2889,56883,4564,132725,California
Ventura,2021-02-26,9306,199067,2766,103158,6540,95909,0,0,6160,78880,3126,60009,6164,138889,California
Ventura,2021-02-27,9979,209046,5266,108424,4713,100622,0,0,7381,83686,2582,62591,7388,146277,California
Ventura,2021-02-28,2556,211602,1628,110052,927,101549,1,1,2099,85331,454,63045,2099,148376,California
Ventura,2021-03-01,6889,218491,2781,112833,4108,105657,0,1,4597,87657,2283,65328,4609,152985,California
Ventura,2021-03-02,7345,225836,3921,116754,3423,109080,1,2,5134,90589,2204,67532,5136,158121,California
Ventura,2021-03-03,8344,234180,3865,120619,4479,113559,0,2,5944,94149,2390,69922,5950,164071,California
Ventura,2021-03-04,7828,242008,3814,124433,4014,117573,0,2,5356,97044,2463,72385,5358,169429,California
Ventura,2021-03-05,9114,251122,4665,129098,4438,122011,11,13,6521,101003,2582,74967,6541,175970,California
Ventura,2021-03-06,5244,256366,2996,132094,2096,124107,152,165,3819,103554,1423,76390,3974,179944,California
Ventura,2021-03-07,1581,257947,603,132697,876,124983,102,267,1169,104413,412,76802,1271,181215,California
Ventura,2021-03-08,6475,264422,3302,135999,3042,128025,131,398,4442,106959,2028,78830,4574,185789,California
Ventura,2021-03-09,6353,270775,2747,138746,3414,131439,192,590,3545,107902,2797,81627,3740,189529,California
Ventura,2021-03-10,6421,277196,2903,141649,3306,134745,212,802,4199,110098,2216,83843,4412,193941,California
Ventura,2021-03-11,5994,283190,2799,144448,2995,137740,200,1002,3276,110867,2709,86552,3478,197419,California
Ventura,2021-03-12,7417,290607,2907,147355,3716,141456,794,1796,3634,111533,3770,90322,4436,201855,California
Ventura,2021-03-13,6035,296642,2351,149706,2895,144351,789,2585,3503,113299,2527,92849,4293,206148,California
Ventura,2021-03-14,1697,298339,367,150073,862,145213,468,3053,559,113192,1136,93985,1029,207177,California
Ventura,2021-03-15,6759,305098,1998,152071,3469,148682,1292,4345,2897,113537,3847,97832,4192,211369,California
Ventura,2021-03-16,7765,312863,2424,154495,4258,152940,1083,5428,3916,114696,3839,101671,4998,216367,California
Ventura,2021-03-17,7095,319958,2678,157173,4071,157011,346,5774,4206,116375,2873,104544,4552,220919,California
Ventura,2021-03-18,5670,325628,2420,159593,3129,160140,121,5895,3629,118096,2030,106574,3751,224670,California
Ventura,2021-03-19,6375,332003,2720,162313,3574,163714,81,5976,3967,119745,2398,108972,4047,228717,California
Ventura,2021-03-20,5820,337823,3702,166015,2096,165810,22,5998,2361,118688,3443,112415,2386,231103,California
Ventura,2021-03-21,2714,340537,1466,167481,878,166688,370,6368,1267,118882,1443,113858,1637,232740,California
Ventura,2021-03-22,7180,347717,3607,171088,3468,170156,105,6473,4732,121286,2436,116294,4840,237580,California
Ventura,2021-03-23,7999,355716,3807,174895,4144,174300,48,6521,4575,122508,3405,119699,4627,242207,California
Ventura,2021-03-24,8717,364433,3364,178259,5273,179573,80,6601,4326,122554,4364,124063,4410,246617,California
Ventura,2021-03-25,8622,373055,3849,182108,4710,184283,63,6664,4367,122768,4231,128294,4445,251062,California
Ventura,2021-03-26,9571,382626,3297,185405,5628,189911,646,7310,3728,121344,5821,134115,4397,255459,California
Ventura,2021-03-27,8056,390682,3866,189271,4149,194060,41,7351,2397,118617,5645,139760,2918,258377,California
Ventura,2021-03-28,2465,393147,1373,190644,1083,195143,9,7360,1346,118861,1118,140878,1362,259739,California
Ventura,2021-03-29,8150,401297,4136,194780,3973,199116,41,7401,4002,118886,4127,145005,4152,263891,California
Ventura,2021-03-30,8745,410042,4319,199099,4306,203422,120,7521,4508,119375,4227,149232,4716,268607,California
Ventura,2021-03-31,10126,420168,4398,203497,5138,208560,590,8111,4607,119137,5502,154734,5264,273871,California
Ventura,2021-04-01,9897,430065,5040,208537,4087,212647,770,8881,5218,120544,4671,159405,6078,279949,California
Ventura,2021-04-02,9744,439809,4350,212887,4293,216940,1101,9982,4956,121983,4768,164173,6207,286156,California
Ventura,2021-04-03,5217,445026,2805,215692,1472,218412,940,10922,1583,121061,3634,167807,2712,288868,California
Yolo,2020-12-15,39,39,39,39,0,0,0,0,39,39,0,0,39,39,California
Yolo,2020-12-16,78,117,78,117,0,0,0,0,78,117,0,0,78,117,California
Yolo,2020-12-17,101,218,101,218,0,0,0,0,101,218,0,0,101,218,California
Yolo,2020-12-18,207,425,207,425,0,0,0,0,207,425,0,0,207,425,California
Yolo,2020-12-19,85,510,85,510,0,0,0,0,85,510,0,0,85,510,California
Yolo,2020-12-20,100,610,100,610,0,0,0,0,100,610,0,0,100,610,California
Yolo,2020-12-21,252,862,252,862,0,0,0,0,252,862,0,0,252,862,California
Yolo,2020-12-22,386,1248,385,1247,1,1,0,0,386,1248,0,0,386,1248,California
Yolo,2020-12-23,432,1680,413,1660,19,20,0,0,432,1680,0,0,432,1680,California
Yolo,2020-12-24,151,1831,94,1754,57,77,0,0,151,1831,0,0,151,1831,California
Yolo,2020-12-25,1,1832,1,1755,0,77,0,0,1,1832,0,0,1,1832,California
Yolo,2020-12-26,76,1908,25,1780,51,128,0,0,76,1908,0,0,76,1908,California
Yolo,2020-12-27,46,1954,19,1799,27,155,0,0,46,1954,0,0,46,1954,California
Yolo,2020-12-28,343,2297,176,1975,167,322,0,0,343,2297,0,0,343,2297,California
Yolo,2020-12-29,483,2780,268,2243,215,537,0,0,483,2780,0,0,483,2780,California
Yolo,2020-12-30,625,3405,257,2500,368,905,0,0,625,3405,0,0,625,3405,California
Yolo,2020-12-31,183,3588,94,2594,89,994,0,0,183,3588,0,0,183,3588,California
Yolo,2021-01-01,55,3643,54,2648,1,995,0,0,55,3643,0,0,55,3643,California
Yolo,2021-01-02,68,3711,25,2673,43,1038,0,0,68,3711,0,0,68,3711,California
Yolo,2021-01-03,44,3755,19,2692,25,1063,0,0,44,3755,0,0,44,3755,California
Yolo,2021-01-04,195,3950,44,2736,151,1214,0,0,195,3950,0,0,195,3950,California
Yolo,2021-01-05,610,4560,236,2972,374,1588,0,0,550,4440,60,60,550,4500,California
Yolo,2021-01-06,478,5038,181,3153,297,1885,0,0,347,4656,131,191,347,4847,California
Yolo,2021-01-07,706,5744,232,3385,474,2359,0,0,520,4991,185,376,520,5367,California
Yolo,2021-01-08,628,6372,308,3693,320,2679,0,0,413,5190,214,590,413,5780,California
Yolo,2021-01-09,406,6778,67,3760,339,3018,0,0,361,5506,45,635,361,6141,California
Yolo,2021-01-10,393,7171,80,3840,313,3331,0,0,323,5759,70,705,323,6464,California
Yolo,2021-01-11,559,7730,324,4164,235,3566,0,0,290,5780,269,974,290,6754,California
Yolo,2021-01-12,476,8206,359,4523,117,3683,0,0,171,5647,305,1279,172,6926,California
Yolo,2021-01-13,761,8967,308,4831,453,4136,0,0,513,5912,248,1527,513,7439,California
Yolo,2021-01-14,378,9345,183,5014,195,4331,0,0,272,6078,106,1633,272,7711,California
Yolo,2021-01-15,618,9963,318,5332,300,4631,0,0,542,6544,76,1709,542,8253,California
Yolo,2021-01-16,739,10702,96,5428,643,5274,0,0,707,7219,32,1741,707,8960,California
Yolo,2021-01-17,184,10886,116,5544,68,5342,0,0,177,7389,7,1748,177,9137,California
Yolo,2021-01-18,477,11363,304,5848,173,5515,0,0,378,7668,99,1847,378,9515,California
Yolo,2021-01-19,541,11904,370,6218,171,5686,0,0,366,7859,175,2022,366,9881,California
Yolo,2021-01-20,652,12556,378,6596,274,5960,0,0,469,8146,182,2204,469,10350,California
Yolo,2021-01-21,641,13197,381,6977,260,6220,0,0,453,8411,188,2392,453,10803,California
Yolo,2021-01-22,745,13942,249,7226,496,6716,0,0,628,8924,115,2507,628,11431,California
Yolo,2021-01-23,616,14558,124,7350,492,7208,0,0,568,9444,48,2555,568,11999,California
Yolo,2021-01-24,205,14763,122,7472,83,7291,0,0,165,9569,40,2595,165,12164,California
Yolo,2021-01-25,726,15489,150,7622,576,7867,0,0,512,9867,214,2809,512,12676,California
Yolo,2021-01-26,810,16299,327,7949,483,8350,0,0,425,9907,385,3194,425,13101,California
Yolo,2021-01-27,556,16855,221,8170,335,8685,0,0,383,10117,173,3367,383,13484,California
Yolo,2021-01-28,1047,17902,565,8735,482,9167,0,0,923,10917,123,3490,923,14407,California
Yolo,2021-01-29,863,18765,261,8996,602,9769,0,0,780,11615,83,3573,781,15188,California
Yolo,2021-01-30,1519,20284,921,9917,598,10367,0,0,1412,12926,101,3674,1412,16600,California
Yolo,2021-01-31,251,20535,212,10129,39,10406,0,0,216,13108,34,3708,216,16816,California
Yolo,2021-02-01,842,21377,356,10485,486,10892,0,0,611,13491,228,3936,611,17427,California
Yolo,2021-02-02,1323,22700,749,11234,574,11466,0,0,932,14033,391,4327,933,18360,California
Yolo,2021-02-03,1517,24217,393,11627,1124,12590,0,0,1186,14894,328,4655,1189,19549,California
Yolo,2021-02-04,1782,25999,278,11905,1504,14094,0,0,1236,15595,535,5190,1236,20785,California
Yolo,2021-02-05,1587,27586,896,12801,691,14785,0,0,1185,16383,400,5590,1188,21973,California
Yolo,2021-02-06,1923,29509,1251,14052,672,15457,0,0,1563,17587,360,5950,1564,23537,California
Yolo,2021-02-07,515,30024,247,14299,268,15725,0,0,169,17411,345,6295,169,23706,California
Yolo,2021-02-08,954,30978,330,14629,624,16349,0,0,612,17684,339,6634,612,24318,California
Yolo,2021-02-09,850,31828,381,15010,469,16818,0,0,575,17984,275,6909,575,24893,California
Yolo,2021-02-10,1430,33258,468,15478,962,17780,0,0,800,18156,629,7538,801,25694,California
Yolo,2021-02-11,1525,34783,768,16246,757,18537,0,0,1150,18931,375,7913,1150,26844,California
Yolo,2021-02-12,1905,36688,744,16990,1161,19698,0,0,1439,19907,463,8376,1439,28283,California
Yolo,2021-02-13,2049,38737,713,17703,1336,21034,0,0,1384,20626,665,9041,1384,29667,California
Yolo,2021-02-14,564,39301,151,17854,413,21447,0,0,441,20944,123,9164,441,30108,California
Yolo,2021-02-15,520,39821,188,18042,332,21779,0,0,259,20943,261,9425,260,30368,California
Yolo,2021-02-16,1114,40935,422,18464,692,22471,0,0,812,21454,302,9727,813,31181,California
Yolo,2021-02-17,1378,42313,697,19161,681,23152,0,0,993,22061,386,10113,993,32174,California
Yolo,2021-02-18,2431,44744,750,19911,1681,24833,0,0,1672,22976,757,10870,1672,33846,California
Yolo,2021-02-19,1725,46469,739,20650,986,25819,0,0,1112,23478,612,11482,1114,34960,California
Yolo,2021-02-20,2451,48920,946,21596,1505,27324,0,0,1378,23788,1068,12550,1378,36338,California
Yolo,2021-02-21,276,49196,223,21819,53,27377,0,0,70,23653,205,12755,70,36408,California
Yolo,2021-02-22,1360,50556,597,22416,763,28140,0,0,695,23685,664,13419,696,37104,California
Yolo,2021-02-23,1119,51675,839,23255,280,28420,0,0,440,23447,678,14097,440,37544,California
Yolo,2021-02-24,2062,53737,590,23845,1472,29892,0,0,1359,24104,702,14799,1359,38903,California
Yolo,2021-02-25,1328,55065,436,24281,892,30784,0,0,865,24506,463,15262,865,39768,California
Yolo,2021-02-26,2514,57579,972,25253,1542,32326,0,0,1328,24652,1182,16444,1328,41096,California
Yolo,2021-02-27,1638,59217,767,26020,871,33197,0,0,1190,25394,448,16892,1190,42286,California
Yolo,2021-02-28,1773,60990,1499,27519,274,33471,0,0,678,24978,1094,17986,678,42964,California
Yolo,2021-03-01,1065,62055,348,27867,717,34188,0,0,639,25194,424,18410,640,43604,California
Yolo,2021-03-02,1403,63458,666,28533,737,34925,0,0,889,25569,514,18924,889,44493,California
Yolo,2021-03-03,1725,65183,576,29109,1149,36074,0,0,757,25360,966,19890,757,45250,California
Yolo,2021-03-04,2571,67754,1277,30386,1294,37368,0,0,1384,25559,1185,21075,1384,46634,California
Yolo,2021-03-05,2077,69831,1222,31608,844,38212,11,11,1227,25951,849,21924,1241,47875,California
Yolo,2021-03-06,1371,71202,1064,32672,283,38495,24,35,753,26112,616,22540,777,48652,California
Yolo,2021-03-07,863,72065,636,33308,215,38710,12,47,730,26722,133,22673,743,49395,California
Yolo,2021-03-08,979,73044,456,33764,480,39190,43,90,706,27201,270,22943,749,50144,California
Yolo,2021-03-09,1122,74166,596,34360,469,39659,57,147,741,27620,379,23322,798,50942,California
Yolo,2021-03-10,1608,75774,948,35308,397,40056,263,410,660,27595,946,24268,921,51863,California
Yolo,2021-03-11,2133,77907,1393,36701,674,40730,66,476,1435,28399,697,24965,1501,53364,California
Yolo,2021-03-12,2483,80390,1149,37850,1265,41995,69,545,1114,28220,1360,26325,1181,54545,California
Yolo,2021-03-13,1710,82100,659,38509,880,42875,171,716,917,28519,790,27115,1089,55634,California
Yolo,2021-03-14,650,82750,188,38697,319,43194,143,859,382,28777,267,27382,525,56159,California
Yolo,2021-03-15,1280,84030,754,39451,353,43547,173,1032,671,29014,606,27988,843,57002,California
Yolo,2021-03-16,1838,85868,709,40160,1058,44605,71,1103,1081,29411,756,28744,1153,58155,California
Yolo,2021-03-17,2340,88208,941,41101,1331,45936,68,1171,1611,30365,725,29469,1679,59834,California
Yolo,2021-03-18,2509,90717,731,41832,1564,47500,214,1385,969,30011,1538,31007,1184,61018,California
Yolo,2021-03-19,1375,92092,634,42466,696,48196,45,1430,774,30235,595,31602,819,61837,California
Yolo,2021-03-20,2128,94220,574,43040,1528,49724,26,1456,660,29457,1465,33067,687,62524,California
Yolo,2021-03-21,309,94529,220,43260,83,49807,6,1462,223,29601,85,33152,229,62753,California
Yolo,2021-03-22,1337,95866,457,43717,829,50636,51,1513,863,30045,472,33624,916,63669,California
Yolo,2021-03-23,1696,97562,924,44641,711,51347,61,1574,1037,30485,659,34283,1099,64768,California
Yolo,2021-03-24,2770,100332,1364,46005,1356,52703,50,1624,1377,30534,1383,35666,1432,66200,California
Yolo,2021-03-25,2383,102715,1270,47275,1080,53783,33,1657,1153,30524,1226,36892,1216,67416,California
Yolo,2021-03-26,2322,105037,1186,48461,1115,54898,21,1678,1011,30342,1304,38196,1122,68538,California
Yolo,2021-03-27,1620,106657,446,48907,1156,56054,18,1696,754,30297,864,39060,819,69357,California
Yolo,2021-03-28,1060,107717,820,49727,223,56277,17,1713,271,29816,784,39844,303,69660,California
Yolo,2021-03-29,1900,109617,775,50502,1109,57386,16,1729,933,29812,964,40808,960,70620,California
Yolo,2021-03-30,2176,111793,1032,51534,1120,58506,24,1753,1147,29971,1023,41831,1182,71802,California
Yolo,2021-03-31,2245,114038,1174,52708,1036,59542,35,1788,1156,30099,1088,42919,1216,73018,California
Yolo,2021-04-01,2441,116479,1148,53856,1011,60553,282,2070,1026,30064,1413,44332,1378,74396,California
Yolo,2021-04-02,2250,118729,795,54651,1402,61955,53,2123,1357,30632,890,45222,1458,75854,California
Yolo,2021-04-03,757,119486,349,55000,216,62171,192,2315,374,30822,382,45604,572,76426,California
Yuba,2020-12-16,4,4,4,4,0,0,0,0,4,4,0,0,4,4,California
Yuba,2020-12-17,4,8,4,8,0,0,0,0,4,8,0,0,4,8,California
Yuba,2020-12-18,8,16,8,16,0,0,0,0,8,16,0,0,8,16,California
Yuba,2020-12-19,12,28,12,28,0,0,0,0,12,28,0,0,12,28,California
Yuba,2020-12-20,20,48,20,48,0,0,0,0,20,48,0,0,20,48,California
Yuba,2020-12-21,40,88,40,88,0,0,0,0,40,88,0,0,40,88,California
Yuba,2020-12-22,86,174,86,174,0,0,0,0,86,174,0,0,86,174,California
Yuba,2020-12-23,64,238,62,236,2,2,0,0,64,238,0,0,64,238,California
Yuba,2020-12-24,20,258,10,246,10,12,0,0,20,258,0,0,20,258,California
Yuba,2020-12-26,15,273,13,259,2,14,0,0,15,273,0,0,15,273,California
Yuba,2020-12-27,15,288,15,274,0,14,0,0,15,288,0,0,15,288,California
Yuba,2020-12-28,51,339,35,309,16,30,0,0,51,339,0,0,51,339,California
Yuba,2020-12-29,77,416,10,319,67,97,0,0,77,416,0,0,77,416,California
Yuba,2020-12-30,64,480,21,340,43,140,0,0,64,480,0,0,64,480,California
Yuba,2020-12-31,36,516,6,346,30,170,0,0,36,516,0,0,36,516,California
Yuba,2021-01-02,22,538,21,367,1,171,0,0,22,538,0,0,22,538,California
Yuba,2021-01-03,10,548,6,373,4,175,0,0,10,548,0,0,10,548,California
Yuba,2021-01-04,91,639,21,394,70,245,0,0,91,639,0,0,91,639,California
Yuba,2021-01-05,67,706,36,430,31,276,0,0,66,704,1,1,66,705,California
Yuba,2021-01-06,150,856,74,504,76,352,0,0,144,842,6,7,144,849,California
Yuba,2021-01-07,75,931,20,524,55,407,0,0,72,910,4,11,72,921,California
Yuba,2021-01-08,73,1004,24,548,49,456,0,0,66,969,7,18,66,987,California
Yuba,2021-01-09,19,1023,16,564,3,459,0,0,11,972,8,26,11,998,California
Yuba,2021-01-10,116,1139,22,586,94,553,0,0,94,1044,22,48,94,1092,California
Yuba,2021-01-11,72,1211,49,635,23,576,0,0,32,1036,40,88,32,1124,California
Yuba,2021-01-12,109,1320,79,714,30,606,0,0,44,1015,65,153,44,1168,California
Yuba,2021-01-13,119,1439,72,786,47,653,0,0,54,1005,64,217,54,1222,California
Yuba,2021-01-14,109,1548,43,829,66,719,0,0,97,1090,12,229,97,1319,California
Yuba,2021-01-15,201,1749,85,914,116,835,0,0,190,1269,11,240,190,1509,California
Yuba,2021-01-16,184,1933,21,935,163,998,0,0,172,1428,13,253,172,1681,California
Yuba,2021-01-17,13,1946,9,944,4,1002,0,0,7,1429,6,259,7,1688,California
Yuba,2021-01-18,60,2006,32,976,28,1030,0,0,35,1439,25,284,35,1723,California
Yuba,2021-01-19,81,2087,29,1005,52,1082,0,0,66,1490,15,299,66,1789,California
Yuba,2021-01-20,132,2219,86,1091,46,1128,0,0,109,1576,23,322,109,1898,California
Yuba,2021-01-21,213,2432,96,1187,117,1245,0,0,204,1771,9,331,204,2102,California
Yuba,2021-01-22,104,2536,6,1193,98,1343,0,0,95,1857,9,340,95,2197,California
Yuba,2021-01-23,201,2737,7,1200,194,1537,0,0,198,2052,3,343,198,2395,California
Yuba,2021-01-24,8,2745,6,1206,2,1539,0,0,6,2056,2,345,6,2401,California
Yuba,2021-01-25,83,2828,28,1234,55,1594,0,0,52,2078,30,375,52,2453,California
Yuba,2021-01-26,146,2974,38,1272,108,1702,0,0,91,2114,55,430,91,2544,California
Yuba,2021-01-27,181,3155,128,1400,53,1755,0,0,114,2161,67,497,114,2658,California
Yuba,2021-01-28,211,3366,78,1478,133,1888,0,0,171,2292,40,537,171,2829,California
Yuba,2021-01-29,154,3520,54,1532,100,1988,0,0,108,2354,46,583,108,2937,California
Yuba,2021-01-30,410,3930,23,1555,387,2375,0,0,399,2742,11,594,399,3336,California
Yuba,2021-01-31,17,3947,12,1567,5,2380,0,0,15,2755,2,596,15,3351,California
Yuba,2021-02-01,149,4096,72,1639,77,2457,0,0,129,2865,19,615,129,3480,California
Yuba,2021-02-02,122,4218,22,1661,100,2557,0,0,100,2943,22,637,100,3580,California
Yuba,2021-02-03,225,4443,29,1690,196,2753,0,0,112,2943,112,749,112,3692,California
Yuba,2021-02-04,295,4738,122,1812,173,2926,0,0,253,3154,42,791,253,3945,California
Yuba,2021-02-05,147,4885,31,1843,116,3042,0,0,71,3149,76,867,71,4016,California
Yuba,2021-02-06,448,5333,25,1868,423,3465,0,0,440,3581,8,875,440,4456,California
Yuba,2021-02-07,18,5351,11,1879,7,3472,0,0,15,3593,3,878,15,4471,California
Yuba,2021-02-08,97,5448,35,1914,62,3534,0,0,67,3630,30,908,67,4538,California
Yuba,2021-02-09,152,5600,54,1968,98,3632,0,0,85,3648,67,975,85,4623,California
Yuba,2021-02-10,346,5946,172,2140,174,3806,0,0,114,3531,231,1206,114,4737,California
Yuba,2021-02-11,399,6345,62,2202,337,4143,0,0,303,3740,94,1300,303,5040,California
Yuba,2021-02-12,262,6607,26,2228,236,4379,0,0,150,3778,112,1412,150,5190,California
Yuba,2021-02-13,439,7046,35,2263,404,4783,0,0,391,4121,48,1460,391,5581,California
Yuba,2021-02-14,53,7099,11,2274,42,4825,0,0,49,4166,4,1464,49,5630,California
Yuba,2021-02-15,91,7190,38,2312,53,4878,0,0,71,4217,20,1484,71,5701,California
Yuba,2021-02-16,196,7386,47,2359,149,5027,0,0,137,4295,59,1543,137,5838,California
Yuba,2021-02-17,369,7755,155,2514,214,5241,0,0,96,4118,273,1816,96,5934,California
Yuba,2021-02-18,306,8061,32,2546,274,5515,0,0,181,4174,125,1941,181,6115,California
Yuba,2021-02-19,214,8275,76,2622,138,5653,0,0,132,4224,82,2023,132,6247,California
Yuba,2021-02-20,380,8655,29,2651,351,6004,0,0,328,4500,52,2075,328,6575,California
Yuba,2021-02-21,18,8673,15,2666,3,6007,0,0,8,4498,10,2085,8,6583,California
Yuba,2021-02-22,126,8799,79,2745,47,6054,0,0,39,4451,86,2171,39,6622,California
Yuba,2021-02-23,112,8911,24,2769,88,6142,0,0,45,4430,66,2237,45,6667,California
Yuba,2021-02-24,473,9384,136,2905,337,6479,0,0,100,4157,373,2610,100,6767,California
Yuba,2021-02-25,322,9706,127,3032,195,6674,0,0,197,4229,125,2735,197,6964,California
Yuba,2021-02-26,249,9955,64,3096,185,6859,0,0,136,4254,111,2846,136,7100,California
Yuba,2021-02-27,467,10422,43,3139,424,7283,0,0,383,4554,83,2929,383,7483,California
Yuba,2021-02-28,66,10488,24,3163,42,7325,0,0,45,4578,21,2950,45,7528,California
Yuba,2021-03-01,151,10639,39,3202,112,7437,0,0,76,4580,74,3024,76,7604,California
Yuba,2021-03-02,150,10789,35,3237,115,7552,0,0,75,4580,75,3099,75,7679,California
Yuba,2021-03-03,612,11401,152,3389,460,8012,0,0,196,4361,415,3514,196,7875,California
Yuba,2021-03-04,461,11862,271,3660,190,8202,0,0,323,4547,137,3651,323,8198,California
Yuba,2021-03-05,287,12149,49,3709,237,8439,1,1,227,4715,60,3711,228,8426,California
Yuba,2021-03-06,273,12422,28,3737,239,8678,6,7,179,4799,101,3812,185,8611,California
Yuba,2021-03-07,50,12472,28,3765,22,8700,0,7,34,4817,16,3828,34,8645,California
Yuba,2021-03-08,158,12630,55,3820,89,8789,14,21,100,4873,58,3886,114,8759,California
Yuba,2021-03-09,172,12802,47,3867,106,8895,19,40,81,4882,91,3977,100,8859,California
Yuba,2021-03-10,705,13507,222,4089,467,9362,16,56,216,4626,488,4465,232,9091,California
Yuba,2021-03-11,385,13892,167,4256,207,9569,11,67,257,4766,128,4593,268,9359,California
Yuba,2021-03-12,385,14277,57,4313,281,9850,47,114,108,4645,277,4870,156,9515,California
Yuba,2021-03-13,442,14719,337,4650,92,9942,13,127,367,4950,75,4945,380,9895,California
Yuba,2021-03-14,82,14801,19,4669,53,9995,10,137,41,4960,41,4986,51,9946,California
Yuba,2021-03-15,189,14990,47,4716,124,10119,18,155,94,4977,95,5081,112,10058,California
Yuba,2021-03-16,241,15231,72,4788,147,10266,22,177,139,5037,101,5182,161,10219,California
Yuba,2021-03-17,699,15930,147,4935,523,10789,29,206,165,4699,532,5714,194,10413,California
Yuba,2021-03-18,439,16369,111,5046,238,11027,90,296,265,4881,174,5888,356,10769,California
Yuba,2021-03-19,248,16617,90,5136,121,11148,37,333,137,4944,111,5999,174,10943,California
Yuba,2021-03-20,460,17077,57,5193,396,11544,7,340,407,5306,52,6051,414,11357,California
Yuba,2021-03-21,62,17139,39,5232,23,11567,0,340,48,5340,14,6065,48,11405,California
Yuba,2021-03-22,178,17317,69,5301,102,11669,7,347,137,5443,41,6106,144,11549,California
Yuba,2021-03-23,207,17524,69,5370,116,11785,22,369,139,5537,67,6173,161,11710,California
Yuba,2021-03-24,718,18242,244,5614,405,12190,69,438,173,5236,543,6716,242,11952,California
Yuba,2021-03-25,455,18697,259,5873,171,12361,25,463,212,5230,243,6959,237,12189,California
Yuba,2021-03-26,354,19051,130,6003,203,12564,21,484,208,5316,145,7104,231,12420,California
Yuba,2021-03-27,444,19495,22,6025,421,12985,1,485,394,5663,50,7154,397,12817,California
Yuba,2021-03-28,94,19589,38,6063,53,13038,3,488,35,5642,59,7213,38,12855,California
Yuba,2021-03-29,282,19871,86,6149,168,13206,28,516,174,5736,108,7321,202,13057,California
Yuba,2021-03-30,251,20122,62,6211,181,13387,8,524,178,5848,73,7394,185,13242,California
Yuba,2021-03-31,658,20780,113,6324,534,13921,11,535,236,5807,422,7816,381,13623,California
Yuba,2021-04-01,505,21285,279,6603,207,14128,19,554,196,5721,309,8125,223,13846,California
Yuba,2021-04-02,434,21719,78,6681,285,14413,71,625,159,5691,275,8400,245,14091,California
Yuba,2021-04-03,524,22243,30,6711,66,14479,428,1053,58,5714,465,8865,488,14579,California
