county,administered_date,total_doses,cumulative_total_doses,pfizer_doses,cumulative_pfizer_doses,moderna_doses,cumulative_moderna_doses,jj_doses,cumulative_jj_doses,partially_vaccinated,total_partially_vaccinated,fully_vaccinated,cumulative_fully_vaccinated,at_least_one_dose,cumulative_at_least_one_dose,california_flag
All CA Counties,2020-12-15,1146,1146,1146,1146,0,0,0,0,1146,1146,0,0,1146,1146,
All CA Counties,2020-12-16,8438,9584,8438,9584,0,0,0,0,8438,9584,0,0,8438,9584,
All CA Counties,2020-12-17,26409,35993,26409,35993,0,0,0,0,26411,35995,0,0,26411,35995,
All CA Counties,2020-12-18,44753,80746,44697,80690,56,56,0,0,44753,80747,1,1,44753,80748,
All CA Counties,2020-12-19,25339,106085,25314,106004,25,81,0,0,25338,106084,1,2,25338,106086,
All CA Counties,2020-12-20,19016,125101,18990,124994,26,107,0,0,19015,125098,1,3,19015,125101,
All CA Counties,2020-12-21,49686,174787,49596,174590,90,197,0,0,49688,174785,2,5,49689,174790,
All CA Counties,2020-12-22,50095,224882,47964,222554,2131,2328,0,0,50091,224874,2,7,50091,224881,
All CA Counties,2020-12-23,50660,275542,41863,264417,8797,11125,0,0,50656,275529,4,11,50659,275540,
All CA Counties,2020-12-24,24092,299634,16359,280776,7733,18858,0,0,24089,299617,3,14,24091,299631,
All CA Counties,2020-12-25,2344,301978,2020,282796,324,19182,0,0,2344,301961,0,14,2344,301975,
All CA Counties,2020-12-26,14622,316600,9471,292267,5151,24333,0,0,14620,316579,2,16,14620,316595,
All CA Counties,2020-12-27,9446,326046,5597,297864,3849,28182,0,0,9445,326023,1,17,9445,326040,
All CA Counties,2020-12-28,46009,372055,29477,327341,16532,44714,0,0,46006,372026,3,20,46006,372046,
All CA Counties,2020-12-29,51236,423291,28553,355894,22683,67397,0,0,51232,423255,3,23,51232,423278,
All CA Counties,2020-12-30,63068,486359,35610,391504,27458,94855,0,0,63060,486312,6,29,63063,486341,
All CA Counties,2020-12-31,29511,515870,10911,402415,18600,113455,0,0,29502,515808,7,36,29503,515844,
All CA Counties,2021-01-01,4356,520226,1964,404379,2392,115847,0,0,4351,520155,4,40,4351,520195,
All CA Counties,2021-01-02,18513,538739,10241,414620,8272,124119,0,0,18512,538667,0,40,18512,538707,
All CA Counties,2021-01-03,6183,544922,3501,418121,2682,126801,0,0,6147,544798,16,56,6147,544854,
All CA Counties,2021-01-04,43652,588574,22130,440251,21522,148323,0,0,43511,588205,104,160,43511,588365,
All CA Counties,2021-01-05,56619,645193,29846,470097,26773,175096,0,0,51071,633878,5492,5652,51165,639530,
All CA Counties,2021-01-06,73449,718642,40545,510642,32904,208000,0,0,57870,676388,15399,21051,57909,697439,
All CA Counties,2021-01-07,92156,810798,52424,563066,39732,247732,0,0,61073,706616,30911,51962,61139,758578,
All CA Counties,2021-01-08,106943,917741,64269,627335,42674,290406,0,0,65227,730373,41580,93542,65337,823915,
All CA Counties,2021-01-09,44510,962251,25634,652969,18876,309282,0,0,27888,741732,16597,110139,27956,851871,
All CA Counties,2021-01-10,24348,986599,14876,667845,9472,318754,0,0,13100,743624,11231,121370,13123,864994,
All CA Counties,2021-01-11,104597,1091196,69596,737441,35001,353755,0,0,60673,760594,43881,165251,60851,925845,
All CA Counties,2021-01-12,113676,1204872,67308,804749,46368,400123,0,0,72492,792293,41106,206357,72805,998650,
All CA Counties,2021-01-13,119239,1324111,61860,866609,57379,457502,0,0,85401,844061,33752,240109,85520,1084170,
All CA Counties,2021-01-14,123903,1448014,49662,916271,74241,531743,0,0,104300,929032,19501,259610,104472,1188642,
All CA Counties,2021-01-15,142008,1590022,51869,968140,90139,621882,0,0,126912,1041155,15003,274613,127126,1315768,
All CA Counties,2021-01-16,80564,1670586,27409,995549,53155,675037,0,0,72972,1106633,7565,282178,73043,1388811,
All CA Counties,2021-01-17,48283,1718869,16881,1012430,31402,706439,0,0,44622,1147648,3654,285832,44669,1433480,
All CA Counties,2021-01-18,88248,1807117,46081,1058511,42167,748606,0,0,68919,1197499,19254,305086,69105,1502585,
All CA Counties,2021-01-19,142136,1949253,73696,1132207,68440,817046,0,0,110967,1277727,31078,336164,111306,1613891,
All CA Counties,2021-01-20,160851,2110104,82119,1214326,78732,895778,0,0,127171,1371773,33461,369625,127507,1741398,
All CA Counties,2021-01-21,173809,2283913,77030,1291356,96779,992557,0,0,154674,1507896,18923,388548,155046,1896444,
All CA Counties,2021-01-22,169904,2453817,69316,1360672,100588,1093145,0,0,155586,1649477,14180,402728,155761,2052205,
All CA Counties,2021-01-23,111559,2565376,49515,1410187,62044,1155189,0,0,99032,1736160,12469,415197,99152,2151357,
All CA Counties,2021-01-24,60972,2626348,29480,1439667,31492,1186681,0,0,56315,1787912,4626,419823,56378,2207735,
All CA Counties,2021-01-25,145471,2771819,65531,1505198,79940,1266621,0,0,110234,1863423,35109,454932,110620,2318355,
All CA Counties,2021-01-26,169357,2941176,83206,1588404,86151,1352772,0,0,131720,1957958,37505,492437,132040,2450395,
All CA Counties,2021-01-27,183162,3124338,88263,1676667,94899,1447671,0,0,143672,2062751,39164,531601,143957,2594352,
All CA Counties,2021-01-28,188393,3312731,86952,1763619,101441,1549112,0,0,154175,2183272,33927,565528,154448,2748800,
All CA Counties,2021-01-29,184058,3496789,88532,1852151,95526,1644638,0,0,149312,2298630,34172,599700,149530,2898330,
All CA Counties,2021-01-30,123850,3620639,55869,1908020,67981,1712619,0,0,108385,2391896,15297,614997,108563,3006893,
All CA Counties,2021-01-31,69261,3689900,38822,1946842,30439,1743058,0,0,64454,2451649,4758,619755,64511,3071404,
All CA Counties,2021-02-01,162016,3851916,75984,2022826,86032,1829090,0,0,121265,2532464,40584,660339,121399,3192803,
All CA Counties,2021-02-02,185373,4037289,78049,2100875,107324,1936414,0,0,140888,2629370,44206,704545,141112,3333915,
All CA Counties,2021-02-03,210954,4248243,95544,2196419,115410,2051824,0,0,156561,2732283,53897,758442,156810,3490725,
All CA Counties,2021-02-04,227932,4476175,99860,2296279,128072,2179896,0,0,167292,2839838,60102,818544,167657,3658382,
All CA Counties,2021-02-05,246158,4722333,106507,2402786,139651,2319547,0,0,167354,2929704,78029,896573,167895,3826277,
All CA Counties,2021-02-06,155041,4877374,75080,2477866,79961,2399508,0,0,120240,3015805,34633,931206,120734,3947011,
All CA Counties,2021-02-07,67079,4944453,43451,2521317,23628,2423136,0,0,50632,3050521,16367,947573,51083,3998094,
All CA Counties,2021-02-08,181406,5125859,89446,2610763,91960,2515096,0,0,119829,3109955,61145,1008718,120579,4118673,
All CA Counties,2021-02-09,211534,5337393,102334,2713097,109200,2624296,0,0,126862,3153754,84216,1092934,128015,4246688,
All CA Counties,2021-02-10,248710,5586103,119812,2832909,128898,2753194,0,0,138121,3183581,109773,1202707,139600,4386288,
All CA Counties,2021-02-11,265644,5851747,131576,2964485,134068,2887262,0,0,145215,3211282,119310,1322017,147011,4533299,
All CA Counties,2021-02-12,272584,6124331,119408,3083893,153176,3040438,0,0,147176,3236311,124525,1446542,149554,4682853,
All CA Counties,2021-02-13,166844,6291175,77363,3161256,89481,3129919,0,0,92204,3256198,74267,1520809,94154,4777007,
All CA Counties,2021-02-14,95340,6386515,47436,3208692,47904,3177823,0,0,51576,3265724,43592,1564401,53118,4830125,
All CA Counties,2021-02-15,142479,6528994,62524,3271216,79955,3257778,0,0,78817,3284380,63286,1627687,81942,4912067,
All CA Counties,2021-02-16,249163,6778157,118319,3389535,130844,3388622,0,0,133227,3305157,115553,1743240,136330,5048397,
All CA Counties,2021-02-17,259338,7037495,129096,3518631,130242,3518864,0,0,129125,3307842,129652,1872892,132337,5180734,
All CA Counties,2021-02-18,273095,7310590,142439,3661070,130656,3649520,0,0,132033,3303764,140340,2013232,136262,5316996,
All CA Counties,2021-02-19,253462,7564052,147024,3808094,106438,3755958,0,0,130776,3314450,122181,2135413,132867,5449863,
All CA Counties,2021-02-20,153798,7717850,98551,3906645,55247,3811205,0,0,84609,3332124,68918,2204331,86592,5536455,
All CA Counties,2021-02-21,82912,7800762,68669,3975314,14243,3825448,0,0,41682,3334387,40974,2245305,43237,5579692,
All CA Counties,2021-02-22,164967,7965729,110497,4085811,54470,3879918,0,0,82574,3336624,82067,2327372,84304,5663996,
All CA Counties,2021-02-23,226572,8192301,119885,4205696,106687,3986605,0,0,105594,3327844,120365,2447737,111585,5775581,
All CA Counties,2021-02-24,284220,8476521,143769,4349465,140451,4127056,0,0,134996,3321797,148589,2596326,142542,5918123,
All CA Counties,2021-02-25,322874,8799395,159400,4508865,163474,4290530,0,0,169127,3346433,153041,2749367,177677,6095800,
All CA Counties,2021-02-26,357365,9156760,166589,4675454,190776,4481306,0,0,198993,3395266,157439,2906806,206272,6302072,
All CA Counties,2021-02-27,253668,9410428,123527,4798981,130118,4611424,23,23,144157,3434979,108879,3015685,148592,6450664,
All CA Counties,2021-02-28,135287,9545715,81181,4880162,54096,4665520,10,33,79581,3462152,55259,3070944,82432,6533096,
All CA Counties,2021-03-01,244341,9790056,130474,5010636,113756,4779276,111,144,140880,3504477,102675,3173619,145000,6678096,
All CA Counties,2021-03-02,289583,10079639,146472,5157108,143081,4922357,30,174,174639,3571616,114419,3288038,181558,6859654,
All CA Counties,2021-03-03,332690,10412329,165072,5322180,167557,5089914,61,235,191620,3630219,140373,3428411,198976,7058630,
All CA Counties,2021-03-04,351855,10764184,178171,5500351,173591,5263505,93,328,206550,3699352,144539,3572950,213672,7272302,
All CA Counties,2021-03-05,339928,11104112,167259,5667610,171545,5435050,1124,1452,211644,3791919,127465,3700415,220032,7492334,
All CA Counties,2021-03-06,259726,11363838,133377,5800987,118492,5553542,7857,9309,161569,3868313,97734,3798149,174128,7666462,
All CA Counties,2021-03-07,128018,11491856,78646,5879633,45214,5598756,4158,13467,80242,3908801,47588,3845737,88076,7754538,
All CA Counties,2021-03-08,219355,11711211,106465,5986098,102388,5701144,10502,23969,143623,3992549,75342,3921079,159090,7913628,
All CA Counties,2021-03-09,291740,12002951,139485,6125583,136321,5837465,15934,39903,163758,4048808,127478,4048557,183737,8097365,
All CA Counties,2021-03-10,322828,12325779,161069,6286652,137294,5974759,24465,64368,175073,4105434,147078,4195635,203704,8301069,
All CA Counties,2021-03-11,376733,12702512,182110,6468762,161296,6136055,33327,97695,193607,4154401,182178,4377813,231145,8532214,
All CA Counties,2021-03-12,395394,13097906,176698,6645460,172385,6308440,46311,144006,194045,4198423,200536,4578349,244558,8776772,
All CA Counties,2021-03-13,283693,13381599,124932,6770392,127618,6436058,31143,175149,153292,4257202,129944,4708293,188723,8965495,
All CA Counties,2021-03-14,154998,13536597,83323,6853715,56581,6492639,15094,190243,78581,4277020,76126,4784419,95944,9061439,
All CA Counties,2021-03-15,290783,13827380,138961,6992676,131217,6623856,20605,210848,158149,4327270,131880,4916299,182130,9243569,
All CA Counties,2021-03-16,370385,14197765,173977,7166653,179101,6802957,17307,228155,214658,4407458,154981,5071280,235169,9478738,
All CA Counties,2021-03-17,383785,14581550,189816,7356469,175409,6978366,18560,246715,237625,4520840,145316,5216596,258698,9737436,
All CA Counties,2021-03-18,400861,14982411,205336,7561805,177523,7155889,18002,264717,237681,4616519,162078,5378674,257757,9995193,
All CA Counties,2021-03-19,410907,15393318,216014,7777819,173269,7329158,21624,286341,238353,4706897,171567,5550241,261945,10257138,
All CA Counties,2021-03-20,294912,15688230,155117,7932936,123921,7453079,15874,302215,186197,4802369,108042,5658283,203514,10460652,
All CA Counties,2021-03-21,143791,15832021,99401,8032337,36856,7489935,7534,309749,88304,4844452,55110,5713393,97193,10557845,
All CA Counties,2021-03-22,273276,16105297,159090,8191427,102965,7592900,11221,320970,177531,4941259,94948,5808341,191755,10749600,
All CA Counties,2021-03-23,357304,16462601,196650,8388077,149578,7742478,11076,332046,219360,5037259,137018,5945359,233018,10982618,
All CA Counties,2021-03-24,387677,16850278,222017,8610094,153151,7895629,12509,344555,225806,5117039,160628,6105987,240408,11223026,
All CA Counties,2021-03-25,417896,17268174,230296,8840390,172754,8068383,14846,359401,236866,5191208,179706,6285693,253875,11476901,
All CA Counties,2021-03-26,435107,17703281,232784,9073174,186240,8254623,16083,375484,234877,5246012,199006,6484699,253810,11730711,
All CA Counties,2021-03-27,312710,18015991,166380,9239554,134554,8389177,11776,387260,157651,5263450,154234,6638933,171672,11902383,
All CA Counties,2021-03-28,169387,18185378,109072,9348626,56727,8445904,3588,390848,88723,5277479,80196,6719129,94225,11996608,
All CA Counties,2021-03-29,310386,18495764,167111,9515737,134226,8580130,9049,399897,172656,5324770,136945,6856074,184236,12180844,
All CA Counties,2021-03-30,398469,18894233,201903,9717640,178347,8758477,18219,418116,224250,5395588,173418,7029492,244236,12425080,
All CA Counties,2021-03-31,426334,19320567,232029,9949669,172628,8931105,21677,439793,238282,5469558,187011,7216503,260981,12686061,
All CA Counties,2021-04-01,492159,19812726,252103,10201772,199766,9130871,40290,480083,271809,5563852,218965,7435468,313259,12999320,
All CA Counties,2021-04-02,473786,20286512,231015,10432787,199584,9330455,43187,523270,257515,5651149,215025,7650493,302322,13301642,
All CA Counties,2021-04-03,329567,20616079,167893,10600680,120224,9450679,41450,564720,164371,5693550,164540,7815033,206941,13508583,
All CA Counties,2021-04-04,132498,20748577,69120,10669800,44336,9495015,19042,583762,58069,5696681,74122,7889155,77253,13585836,
All CA Counties,2021-04-05,353318,21101895,182116,10851916,131463,9626478,39739,623501,174111,5734447,178502,8067657,216268,13802104,
All CA Counties,2021-04-06,457459,21559354,231858,11083774,160064,9786542,65537,689038,221946,5789305,234565,8302222,289423,14091527,
All CA Counties,2021-04-07,472190,22031544,245049,11328823,157187,9943729,69954,758992,230262,5849593,240963,8543185,301251,14392778,
All CA Counties,2021-04-08,499869,22531413,252042,11580865,163433,10107162,84394,843386,235648,5908865,263042,8806227,322314,14715092,
All CA Counties,2021-04-09,494647,23026060,246545,11827410,168277,10275439,79825,923211,228153,5954560,265415,9071642,311110,15026202,
All CA Counties,2021-04-10,367391,23393451,168020,11995430,125111,10400550,74260,997471,154343,5973565,212286,9283928,231291,15257493,
All CA Counties,2021-04-11,187626,23581077,105293,12100723,48172,10448722,34161,1031632,77706,5978728,109567,9393495,114730,15372223,
All CA Counties,2021-04-12,339978,23921055,174486,12275209,127355,10576077,38137,1069769,157681,5996958,181327,9574822,199557,15571780,
All CA Counties,2021-04-13,432901,24353956,242164,12517373,189784,10765861,953,1070722,242150,6053702,189748,9764570,246492,15818272,
All CA Counties,2021-04-14,452159,24806115,253419,12770792,198450,10964311,290,1071012,236459,6080975,214525,9979095,241798,16060070,
All CA Counties,2021-04-15,492073,25298188,286553,13057345,205238,11169549,282,1071294,276420,6146699,214225,10193320,279949,16340019,
All CA Counties,2021-04-16,474559,25772747,267024,13324369,207227,11376776,308,1071602,253273,6182672,220079,10413399,256052,16596071,
All CA Counties,2021-04-17,341158,26113905,191109,13515478,149990,11526766,59,1071661,193873,6233310,146456,10559855,197094,16793165,
All CA Counties,2021-04-18,154351,26268256,98031,13613509,56302,11583068,18,1071679,79406,6241208,74540,10634395,82438,16875603,
All CA Counties,2021-04-19,317261,26585517,183128,13796637,134043,11717111,90,1071769,150042,6226901,166320,10800715,152013,17027616,
All CA Counties,2021-04-20,406565,26992082,216296,14012933,190197,11907308,72,1071841,202573,6229673,202960,11003675,205732,17233348,
All CA Counties,2021-04-21,419811,27411893,237879,14250812,181667,12088975,265,1072106,201782,6218232,216613,11220288,205172,17438520,
All CA Counties,2021-04-22,446129,27858022,254117,14504929,191936,12280911,76,1072182,199169,6175097,245586,11465874,202451,17640971,
All CA Counties,2021-04-23,437477,28295499,249118,14754047,188271,12469182,88,1072270,198035,6138496,238049,11703923,201448,17842419,
All CA Counties,2021-04-24,324924,28620423,204591,14958638,120160,12589342,173,1072443,165151,6148272,158809,11862732,168585,18011004,
All CA Counties,2021-04-25,149396,28769819,98511,15057149,50818,12640160,67,1072510,80382,6161599,68561,11931293,81888,18092892,
All CA Counties,2021-04-26,299268,29069087,173004,15230153,124742,12764902,1522,1074032,131057,6131550,167221,12098514,137172,18230064,
All CA Counties,2021-04-27,365889,29434976,202003,15432156,157353,12922255,6533,1080565,147342,6071227,217413,12315927,157090,18387154,
All CA Counties,2021-04-28,352017,29786993,201525,15633681,142587,13064842,7905,1088470,145337,6021189,205596,12521523,155558,18542712,
All CA Counties,2021-04-29,360073,30147066,207367,15841048,144823,13209665,7883,1096353,131732,5935458,227188,12748711,141457,18684169,
All CA Counties,2021-04-30,371929,30518995,213188,16054236,149879,13359544,8862,1105215,140504,5856605,230158,12978869,151305,18835474,
All CA Counties,2021-05-01,247455,30766450,158243,16212479,83154,13442698,6058,1111273,89791,5797831,156837,13135706,98063,18933537,
All CA Counties,2021-05-02,116797,30883247,81625,16294104,31300,13473998,3872,1115145,40902,5767477,75503,13211209,45149,18978686,
All CA Counties,2021-05-03,252061,31135308,155085,16449189,88294,13562292,8682,1123827,76682,5679138,174556,13385765,86217,19064903,
All CA Counties,2021-05-04,325200,31460508,198155,16647344,117306,13679598,9739,1133566,96220,5558330,227927,13613692,107119,19172022,
All CA Counties,2021-05-05,329182,31789690,204546,16851890,114635,13794233,10001,1143567,93024,5427375,234958,13848650,104003,19276025,
All CA Counties,2021-05-06,348031,32137721,227037,17078927,110459,13904692,10535,1154102,88603,5271212,257806,14106456,101643,19377668,
All CA Counties,2021-05-07,345149,32482870,216468,17295395,118855,14023547,9826,1163928,93829,5126115,249974,14356430,104877,19482545,
All CA Counties,2021-05-08,223588,32706458,141815,17437210,75088,14098635,6685,1170613,61570,5034711,161108,14517538,69704,19552249,
All CA Counties,2021-05-09,93335,32799793,70328,17507538,20033,14118668,2974,1173587,25489,4996098,67518,14585056,28905,19581154,
All CA Counties,2021-05-10,201020,33000813,114520,17622058,78731,14197399,7769,1181356,50261,4905447,149965,14735021,59314,19640468,
All CA Counties,2021-05-11,263934,33264747,147856,17769914,107546,14304945,8532,1189888,70080,4792853,192935,14927956,80341,19720809,
All CA Counties,2021-05-12,264310,33529057,153095,17923009,102209,14407154,9006,1198894,74806,4689346,188492,15116448,84985,19805794,
All CA Counties,2021-05-13,307216,33836273,198147,18121156,101789,14508943,7280,1206174,117214,4627595,188896,15305344,127145,19932939,
All CA Counties,2021-05-14,332180,34168453,212380,18333536,111040,14619983,8760,1214934,131152,4569736,199874,15505218,142015,20074954,
All CA Counties,2021-05-15,274076,34442529,191593,18525129,76549,14696532,5934,1220868,112693,4528776,160549,15665767,119589,20194543,
All CA Counties,2021-05-16,135525,34578054,103907,18629036,28702,14725234,2916,1223784,54926,4506845,80163,15745930,58232,20252775,
All CA Counties,2021-05-17,237288,34815342,156422,18785458,73534,14798768,7332,1231116,95664,4469945,140759,15886689,103859,20356634,
All CA Counties,2021-05-18,278443,35093785,169753,18955211,101361,14900129,7329,1238445,110500,4422419,166831,16053520,119305,20475939,
All CA Counties,2021-05-19,272653,35366438,170479,19125690,94679,14994808,7495,1245940,114667,4388724,156975,16210495,123280,20599219,
All CA Counties,2021-05-20,259686,35626124,155202,19280892,96401,15091209,8083,1254023,101289,4342534,157313,16367808,111123,20710342,
All CA Counties,2021-05-21,279084,35905208,171873,19452765,99338,15190547,7873,1261896,108017,4290002,169867,16537675,117335,20827677,
All CA Counties,2021-05-22,200920,36106128,132989,19585754,61858,15252405,6073,1267969,85304,4267879,114862,16652537,92739,20920416,
All CA Counties,2021-05-23,85679,36191807,59568,19645322,23442,15275847,2669,1270638,37408,4260580,47888,16700425,40589,20961005,
All CA Counties,2021-05-24,165990,36357797,96412,19741734,61341,15337188,8237,1278875,62811,4230048,102415,16802840,71883,21032888,
All CA Counties,2021-05-25,188033,36545830,110714,19852448,69384,15406572,7935,1286810,72407,4196851,114651,16917491,81454,21114342,
All CA Counties,2021-05-26,181799,36727629,104570,19957018,69537,15476109,7692,1294502,71898,4168470,108846,17026337,80465,21194807,
All CA Counties,2021-05-27,170627,36898256,97539,20054557,64622,15540731,8466,1302968,70031,4148352,99787,17126124,79669,21274476,
All CA Counties,2021-05-28,186250,37084506,107811,20162368,71460,15612191,6979,1309947,81359,4133995,103992,17230116,89635,21364111,
All CA Counties,2021-05-29,105692,37190198,65021,20227389,36921,15649112,3750,1313697,50716,4134591,54456,17284572,55052,21419163,
All CA Counties,2021-05-30,46738,37236936,30884,20258273,13413,15662525,2441,1316138,21044,4132875,25474,17310046,23758,21442921,
All CA Counties,2021-05-31,19758,37256694,11684,20269957,7102,15669627,972,1317110,6553,4127463,13074,17323120,7662,21450583,
All CA Counties,2021-06-01,166722,37423416,97539,20367496,62201,15731828,6982,1324092,62350,4094395,103428,17426548,70360,21520943,
All CA Counties,2021-06-02,141051,37564467,83595,20451091,50409,15782237,7047,1331139,54966,4071985,85212,17511760,62802,21583745,
All CA Counties,2021-06-03,168992,37733459,115676,20566767,46364,15828601,6952,1338091,53977,4019819,114211,17625971,62045,21645790,
All CA Counties,2021-06-04,195673,37929132,138221,20704988,51425,15880026,6027,1344118,61217,3955576,133478,17759449,69235,21715025,
All CA Counties,2021-06-05,153691,38082823,116636,20821624,32045,15912071,5010,1349128,44526,3897779,108409,17867858,50612,21765637,
All CA Counties,2021-06-06,61789,38144612,51963,20873587,7672,15919743,2154,1351282,18298,3875928,43208,17911066,21357,21786994,
All CA Counties,2021-06-07,133432,38278044,98133,20971720,29557,15949300,5742,1357024,40162,3829989,92699,18003765,46760,21833754,
All CA Counties,2021-06-08,153282,38431326,111417,21083137,35312,15984612,6553,1363577,46419,3778171,106031,18109796,54213,21887967,
All CA Counties,2021-06-09,115437,38546763,83888,21167025,26008,16010620,5541,1369118,30613,3730757,84211,18194007,36797,21924764,
All CA Counties,2021-06-10,73234,38619997,53882,21220907,14624,16025244,4728,1373846,19918,3703111,52938,18246945,25292,21950056,
All CA and Non-CA Counties,2020-12-15,1154,1154,1154,1154,0,0,0,0,1154,1154,0,0,1154,1154,
All CA and Non-CA Counties,2020-12-16,8712,9866,8712,9866,0,0,0,0,8712,9866,0,0,8712,9866,
All CA and Non-CA Counties,2020-12-17,28019,37885,28019,37885,0,0,0,0,28019,37885,0,0,28019,37885,
All CA and Non-CA Counties,2020-12-18,47315,85200,47252,85137,63,63,0,0,47314,85198,1,1,47314,85199,
All CA and Non-CA Counties,2020-12-19,26376,111576,26350,111487,26,89,0,0,26375,111572,1,2,26375,111574,
All CA and Non-CA Counties,2020-12-20,19696,131272,19667,131154,29,118,0,0,19695,131266,1,3,19695,131269,
All CA and Non-CA Counties,2020-12-21,51875,183147,51782,182936,93,211,0,0,51873,183138,2,5,51874,183143,
All CA and Non-CA Counties,2020-12-22,52167,235314,49961,232897,2206,2417,0,0,52163,235299,2,7,52163,235306,
All CA and Non-CA Counties,2020-12-23,52197,287511,43258,276155,8939,11356,0,0,52192,287489,5,12,52195,287501,
All CA and Non-CA Counties,2020-12-24,24899,312410,16972,293127,7927,19283,0,0,24896,312384,3,15,24898,312399,
All CA and Non-CA Counties,2020-12-25,2379,314789,2050,295177,329,19612,0,0,2379,314763,0,15,2379,314778,
All CA and Non-CA Counties,2020-12-26,14929,329718,9676,304853,5253,24865,0,0,14927,329688,2,17,14927,329705,
All CA and Non-CA Counties,2020-12-27,9635,339353,5669,310522,3966,28831,0,0,9634,339321,1,18,9634,339339,
All CA and Non-CA Counties,2020-12-28,47432,386785,30380,340902,17052,45883,0,0,47429,386747,3,21,47429,386768,
All CA and Non-CA Counties,2020-12-29,52777,439562,29575,370477,23202,69085,0,0,52773,439517,3,24,52773,439541,
All CA and Non-CA Counties,2020-12-30,65004,504566,36895,407372,28109,97194,0,0,64996,504510,6,30,64999,504540,
All CA and Non-CA Counties,2020-12-31,30617,535183,11515,418887,19102,116296,0,0,30606,535109,8,38,30607,535147,
All CA and Non-CA Counties,2021-01-01,4468,539651,1989,420876,2479,118775,0,0,4463,539568,4,42,4463,539610,
All CA and Non-CA Counties,2021-01-02,18756,558407,10375,431251,8381,127156,0,0,18754,558321,1,43,18754,558364,
All CA and Non-CA Counties,2021-01-03,6355,564762,3592,434843,2763,129919,0,0,6319,564624,16,59,6319,564683,
All CA and Non-CA Counties,2021-01-04,44804,609566,22640,457483,22164,152083,0,0,44657,609176,105,164,44657,609340,
All CA and Non-CA Counties,2021-01-05,58169,667735,30667,488150,27502,179585,0,0,52428,656016,5683,5847,52523,661863,
All CA and Non-CA Counties,2021-01-06,76159,743894,42147,530297,34012,213597,0,0,59836,699751,16140,21987,59875,721738,
All CA and Non-CA Counties,2021-01-07,96385,840279,55032,585329,41353,254950,0,0,63639,730889,32572,54559,63710,785448,
All CA and Non-CA Counties,2021-01-08,111447,951726,67191,652520,44256,299206,0,0,67849,755402,43453,98012,67966,853414,
All CA and Non-CA Counties,2021-01-09,45820,997546,26166,678686,19654,318860,0,0,28871,767419,16924,114936,28941,882355,
All CA and Non-CA Counties,2021-01-10,24648,1022194,15059,693745,9589,328449,0,0,13278,769367,11353,126289,13301,895656,
All CA and Non-CA Counties,2021-01-11,107906,1130100,71620,765365,36286,364735,0,0,62647,786977,45215,171504,62825,958481,
All CA and Non-CA Counties,2021-01-12,117542,1247642,69623,834988,47919,412654,0,0,74811,819457,42648,214152,75128,1033609,
All CA and Non-CA Counties,2021-01-13,122920,1370562,63671,898659,59249,471903,0,0,87898,872540,34937,249089,88020,1121629,
All CA and Non-CA Counties,2021-01-14,127619,1498181,50947,949606,76672,548575,0,0,107372,959954,20132,269221,107546,1229175,
All CA and Non-CA Counties,2021-01-15,146224,1644405,52875,1002481,93349,641924,0,0,130657,1075364,15461,284682,130871,1360046,
All CA and Non-CA Counties,2021-01-16,83263,1727668,27804,1030285,55459,697383,0,0,75494,1143190,7740,292422,75566,1435612,
All CA and Non-CA Counties,2021-01-17,48787,1776455,17036,1047321,31751,729134,0,0,45076,1184609,3704,296126,45123,1480735,
All CA and Non-CA Counties,2021-01-18,89485,1865940,46885,1094206,42600,771734,0,0,69701,1234788,19708,315834,69887,1550622,
All CA and Non-CA Counties,2021-01-19,146260,2012200,75037,1169243,71223,842957,0,0,114196,1317358,31972,347806,114542,1665164,
All CA and Non-CA Counties,2021-01-20,165348,2177548,83605,1252848,81743,924700,0,0,130677,1413925,34450,382256,131017,1796181,
All CA and Non-CA Counties,2021-01-21,178040,2355588,78212,1331060,99828,1024528,0,0,158337,1553161,19477,401733,158713,1954894,
All CA and Non-CA Counties,2021-01-22,174512,2530100,70437,1401497,104075,1128603,0,0,159788,1698545,14582,416315,159966,2114860,
All CA and Non-CA Counties,2021-01-23,113800,2643900,49860,1451357,63940,1192543,0,0,101110,1787144,12632,428947,101231,2216091,
All CA and Non-CA Counties,2021-01-24,61566,2705466,29720,1481077,31846,1224389,0,0,56832,1839335,4704,433651,56895,2272986,
All CA and Non-CA Counties,2021-01-25,149960,2855426,67487,1548564,82473,1306862,0,0,113852,1917597,35977,469628,114239,2387225,
All CA and Non-CA Counties,2021-01-26,175310,3030736,86133,1634697,89177,1396039,0,0,136822,2016392,38357,507985,137152,2524377,
All CA and Non-CA Counties,2021-01-27,188016,3218752,90781,1725478,97235,1493274,0,0,147899,2124791,39787,547772,148186,2672563,
All CA and Non-CA Counties,2021-01-28,193558,3412310,89756,1815234,103802,1597076,0,0,158753,2249312,34507,582279,159028,2831591,
All CA and Non-CA Counties,2021-01-29,188927,3601237,91590,1906824,97337,1694413,0,0,153380,2367943,34970,617249,153601,2985192,
All CA and Non-CA Counties,2021-01-30,128155,3729392,58157,1964981,69998,1764411,0,0,112462,2465057,15527,632776,112641,3097833,
All CA and Non-CA Counties,2021-01-31,72159,3801551,41314,2006295,30845,1795256,0,0,67299,2527603,4811,637587,67357,3165190,
All CA and Non-CA Counties,2021-02-01,167401,3968952,78487,2084782,88914,1884170,0,0,125927,2612363,41301,678888,126061,3291251,
All CA and Non-CA Counties,2021-02-02,192031,4160983,80158,2164940,111873,1996043,0,0,146824,2714491,44920,723808,147048,3438299,
All CA and Non-CA Counties,2021-02-03,218196,4379179,97555,2262495,120641,2116684,0,0,162921,2822890,54772,778580,163171,3601470,
All CA and Non-CA Counties,2021-02-04,234650,4613829,101959,2364454,132691,2249375,0,0,173007,2935167,61096,839676,173373,3774843,
All CA and Non-CA Counties,2021-02-05,252848,4866677,108618,2473072,144230,2393605,0,0,172961,3029563,79106,918782,173502,3948345,
All CA and Non-CA Counties,2021-02-06,159288,5025965,77062,2550134,82226,2475831,0,0,124017,3118981,35096,953878,124514,4072859,
All CA and Non-CA Counties,2021-02-07,69113,5095078,45098,2595232,24015,2499846,0,0,52588,3155577,16445,970323,53041,4125900,
All CA and Non-CA Counties,2021-02-08,186376,5281454,92451,2687683,93925,2593771,0,0,123714,3217822,62219,1032542,124464,4250364,
All CA and Non-CA Counties,2021-02-09,215663,5497117,104110,2791793,111553,2705324,0,0,129683,3263157,85515,1118057,130850,4381214,
All CA and Non-CA Counties,2021-02-10,254203,5751320,121642,2913435,132561,2837885,0,0,141167,3293630,112214,1230271,142687,4523901,
All CA and Non-CA Counties,2021-02-11,270403,6021723,133758,3047193,136645,2974530,0,0,148638,3323445,120637,1350908,150452,4674353,
All CA and Non-CA Counties,2021-02-12,277800,6299523,121326,3168519,156474,3131004,0,0,150551,3350025,126353,1477261,152933,4827286,
All CA and Non-CA Counties,2021-02-13,169223,6468746,78052,3246571,91171,3222175,0,0,94022,3371182,74827,1552088,95984,4923270,
All CA and Non-CA Counties,2021-02-14,96652,6565398,47824,3294395,48828,3271003,0,0,52647,3381544,43829,1595917,54191,4977461,
All CA and Non-CA Counties,2021-02-15,144984,6710382,64021,3358416,80963,3351966,0,0,80047,3400173,64546,1660463,83175,5060636,
All CA and Non-CA Counties,2021-02-16,255508,6965890,121128,3479544,134380,3486346,0,0,135795,3419756,119319,1779782,138902,5199538,
All CA and Non-CA Counties,2021-02-17,265090,7230980,131893,3611437,133197,3619543,0,0,130946,3420342,133577,1913359,134163,5333701,
All CA and Non-CA Counties,2021-02-18,279378,7510358,146022,3757459,133356,3752899,0,0,134090,3414113,144548,2057907,138319,5472020,
All CA and Non-CA Counties,2021-02-19,259137,7769495,150950,3908409,108187,3861086,0,0,133208,3423996,125418,2183325,135301,5607321,
All CA and Non-CA Counties,2021-02-20,156978,7926473,101081,4009490,55897,3916983,0,0,85851,3440978,70853,2254178,87835,5695156,
All CA and Non-CA Counties,2021-02-21,85495,8011968,71035,4080525,14460,3931443,0,0,42526,3442352,42708,2296886,44082,5739238,
All CA and Non-CA Counties,2021-02-22,168347,8180315,112937,4193462,55410,3986853,0,0,84205,3444478,83813,2380699,85939,5825177,
All CA and Non-CA Counties,2021-02-23,232491,8412806,123186,4316648,109305,4096158,0,0,107934,3434481,123936,2504635,113939,5939116,
All CA and Non-CA Counties,2021-02-24,290521,8703327,147227,4463875,143294,4239452,0,0,137458,3427068,152422,2657057,145009,6084125,
All CA and Non-CA Counties,2021-02-25,329694,9033021,162851,4626726,166843,4406295,0,0,172211,3451085,156748,2813805,180765,6264890,
All CA and Non-CA Counties,2021-02-26,364109,9397130,170112,4796838,193997,4600292,0,0,202103,3499478,160990,2974795,209383,6474273,
All CA and Non-CA Counties,2021-02-27,259017,9656147,126158,4922996,132835,4733127,24,24,146044,3537633,112328,3087123,150483,6624756,
All CA and Non-CA Counties,2021-02-28,137576,9793723,82814,5005810,54751,4787878,11,35,80384,3564129,56741,3143864,83237,6707993,
All CA and Non-CA Counties,2021-03-01,249014,10042737,133343,5139153,115559,4903437,112,147,142241,3604517,105979,3249843,146367,6854360,
All CA and Non-CA Counties,2021-03-02,296188,10338925,148846,5287999,147312,5050749,30,177,176709,3669206,118941,3368784,183630,7037990,
All CA and Non-CA Counties,2021-03-03,340500,10679425,168079,5456078,172358,5223107,63,240,194294,3725368,145494,3514278,201656,7239646,
All CA and Non-CA Counties,2021-03-04,358581,11038006,180990,5637068,177492,5400599,99,339,208869,3792438,148929,3663207,215999,7455645,
All CA and Non-CA Counties,2021-03-05,345169,11383175,169883,5806951,174148,5574747,1138,1477,214381,3885269,129960,3793167,222791,7678436,
All CA and Non-CA Counties,2021-03-06,264308,11647483,135489,5942440,120805,5695552,8014,9491,163912,3961933,99973,3893140,176637,7855073,
All CA and Non-CA Counties,2021-03-07,129584,11777067,79648,6022088,45721,5741273,4215,13706,81202,4002835,48193,3941333,89095,7944168,
All CA and Non-CA Counties,2021-03-08,222468,11999535,108320,6130408,103409,5844682,10739,24445,145823,4088143,76226,4017559,161534,8105702,
All CA and Non-CA Counties,2021-03-09,296437,12295972,141913,6272321,138285,5982967,16239,40684,166543,4145582,129388,4146947,186827,8292529,
All CA and Non-CA Counties,2021-03-10,327200,12623172,163168,6435489,139063,6122030,24969,65653,177785,4203779,148730,4295677,206927,8499456,
All CA and Non-CA Counties,2021-03-11,382865,13006037,185247,6620736,163612,6285642,34006,99659,196914,4253914,184997,4480674,235132,8734588,
All CA and Non-CA Counties,2021-03-12,401872,13407909,180608,6801344,174229,6459871,47035,146694,197624,4299353,203427,4684101,248866,8983454,
All CA and Non-CA Counties,2021-03-13,287454,13695363,127114,6928458,128738,6588609,31602,178296,155861,4359983,131129,4815230,191759,9175213,
All CA and Non-CA Counties,2021-03-14,156797,13852160,84255,7012713,57108,6645717,15434,193730,79566,4380314,76939,4892169,97270,9272483,
All CA and Non-CA Counties,2021-03-15,294828,14146988,141080,7153793,132680,6778397,21068,214798,160317,4431326,133753,5025922,184765,9457248,
All CA and Non-CA Counties,2021-03-16,377925,14524913,178359,7332152,181871,6960268,17695,232493,218857,4512760,158318,5184240,239752,9697000,
All CA and Non-CA Counties,2021-03-17,392214,14917127,195273,7527425,178008,7138276,18933,251426,242706,4628255,148658,5332898,264153,9961153,
All CA and Non-CA Counties,2021-03-18,409187,15326314,210476,7737901,180171,7318447,18540,269966,242502,4725798,165573,5498471,263116,10224269,
All CA and Non-CA Counties,2021-03-19,418245,15744559,220363,7958264,175713,7494160,22169,292135,242757,4818199,174497,5672968,266898,10491167,
All CA and Non-CA Counties,2021-03-20,299672,16044231,158259,8116523,125452,7619612,15961,308096,189840,4916295,109149,5782117,207245,10698412,
All CA and Non-CA Counties,2021-03-21,145878,16190109,100836,8217359,37421,7657033,7621,315717,89974,4959720,55525,5837642,98950,10797362,
All CA and Non-CA Counties,2021-03-22,276549,16466658,161057,8378416,104181,7761214,11311,327028,179771,5057835,95970,5933612,194085,10991447,
All CA and Non-CA Counties,2021-03-23,363391,16830049,199747,8578163,152260,7913474,11384,338412,223488,5156327,138962,6072574,237454,11228901,
All CA and Non-CA Counties,2021-03-24,395034,17225083,225791,8803954,156286,8069760,12957,351369,230891,5239373,162893,6235467,245939,11474840,
All CA and Non-CA Counties,2021-03-25,426196,17651279,234156,9038110,176669,8246429,15371,366740,242907,5317862,181952,6417419,260441,11735281,
All CA and Non-CA Counties,2021-03-26,441791,18093070,236318,9274428,189211,8435640,16262,383002,239290,5375013,201250,6618669,258401,11993682,
All CA and Non-CA Counties,2021-03-27,318273,18411343,169507,9443935,136773,8572413,11993,394995,161147,5394100,156297,6774966,175384,12169066,
All CA and Non-CA Counties,2021-03-28,172475,18583818,110724,9554659,58002,8630415,3749,398744,90719,5409199,81283,6856249,96382,12265448,
All CA and Non-CA Counties,2021-03-29,315568,18899386,169411,9724070,136763,8767178,9394,408138,175618,5457581,139161,6995410,187543,12452991,
All CA and Non-CA Counties,2021-03-30,405363,19304749,205534,9929604,181046,8948224,18783,426921,228323,5530232,176229,7171639,248880,12701871,
All CA and Non-CA Counties,2021-03-31,432696,19737445,235830,10165434,174411,9122635,22455,449376,241667,5605389,189984,7361623,265141,12967012,
All CA and Non-CA Counties,2021-04-01,499695,20237140,256617,10422051,202141,9324776,40937,490313,276168,5701512,222133,7583756,318256,13285268,
All CA and Non-CA Counties,2021-04-02,482302,20719442,235560,10657611,202403,9527179,44339,534652,261927,5790276,219120,7802876,307884,13593152,
All CA and Non-CA Counties,2021-04-03,335785,21055227,171593,10829204,121583,9648762,42609,577261,167656,5834194,167466,7970342,211384,13804536,
All CA and Non-CA Counties,2021-04-04,134287,21189514,69997,10899201,45014,9693776,19276,596537,59050,5837732,74928,8045270,78466,13883002,
All CA and Non-CA Counties,2021-04-05,357453,21546967,184113,11083314,132934,9826710,40406,636943,176077,5875967,180665,8225935,218900,14101902,
All CA and Non-CA Counties,2021-04-06,464643,22011610,235731,11319045,161734,9988444,67178,704121,224836,5931072,238845,8464780,293950,14395852,
All CA and Non-CA Counties,2021-04-07,480424,22492034,249683,11568728,159089,10147533,71652,775773,233473,5991244,245979,8710759,306151,14702003,
All CA and Non-CA Counties,2021-04-08,508123,23000157,256365,11825093,165415,10312948,86343,862116,238929,6050772,268006,8978765,327534,15029537,
All CA and Non-CA Counties,2021-04-09,502234,23502391,250445,12075538,170004,10482952,81785,943901,231079,6096732,270067,9248832,316027,15345564,
All CA and Non-CA Counties,2021-04-10,373545,23875936,171067,12246605,126356,10609308,76122,1020023,156075,6114909,216701,9465533,234878,15580442,
All CA and Non-CA Counties,2021-04-11,190473,24066409,106846,12353451,48826,10658134,34801,1054824,78663,6119786,111453,9576986,116330,15696772,
All CA and Non-CA Counties,2021-04-12,344134,24410543,176808,12530259,128633,10786767,38693,1093517,159525,6138113,183633,9760619,201960,15898732,
All CA and Non-CA Counties,2021-04-13,438727,24849270,245890,12776149,191859,10978626,978,1094495,245151,6195065,192568,9953187,249520,16148252,
All CA and Non-CA Counties,2021-04-14,457521,25306791,256802,13032951,200425,11179051,294,1094789,239364,6222797,216980,10170167,244712,16392964,
All CA and Non-CA Counties,2021-04-15,498246,25805037,290444,13323395,207512,11386563,290,1095079,279729,6289032,217038,10387205,283273,16676237,
All CA and Non-CA Counties,2021-04-16,480421,26285458,270380,13593775,209726,11596289,315,1095394,256524,6325665,222679,10609884,259312,16935549,
All CA and Non-CA Counties,2021-04-17,346635,26632093,194546,13788321,152029,11748318,60,1095454,197019,6377129,148777,10758661,200241,17135790,
All CA and Non-CA Counties,2021-04-18,156466,26788559,99208,13887529,57239,11805557,19,1095473,80412,6384930,75645,10834306,83446,17219236,
All CA and Non-CA Counties,2021-04-19,321410,27109969,185132,14072661,136187,11941744,91,1095564,152176,6370754,168327,11002633,154151,17373387,
All CA and Non-CA Counties,2021-04-20,411944,27521913,218745,14291406,193127,12134871,72,1095636,204768,6372543,206138,11208771,207927,17581314,
All CA and Non-CA Counties,2021-04-21,426204,27948117,240550,14531956,185384,12320255,270,1095906,204052,6359264,220726,11429497,207447,17788761,
All CA and Non-CA Counties,2021-04-22,452877,28400994,257556,14789512,195241,12515496,80,1095986,201615,6314284,249883,11679380,204903,17993664,
All CA and Non-CA Counties,2021-04-23,443353,28844347,252100,15041612,191164,12706660,89,1096075,200425,6276604,241521,11920901,203841,18197505,
All CA and Non-CA Counties,2021-04-24,329496,29173843,207563,15249175,121755,12828415,178,1096253,166967,6285447,161566,12082467,170409,18367914,
All CA and Non-CA Counties,2021-04-25,151622,29325465,99767,15348942,51787,12880202,68,1096321,81559,6298908,69608,12152075,83069,18450983,
All CA and Non-CA Counties,2021-04-26,303380,29628845,174812,15523754,127019,13007221,1549,1097870,132929,6268525,169454,12321529,139071,18590054,
All CA and Non-CA Counties,2021-04-27,371580,30000425,204102,15727856,160568,13167789,6910,1104780,149348,6206917,221089,12542618,159481,18749535,
All CA and Non-CA Counties,2021-04-28,356885,30357310,203597,15931453,144987,13312776,8301,1113081,147243,6156225,208547,12751165,157855,18907390,
All CA and Non-CA Counties,2021-04-29,364924,30722234,209592,16141045,147018,13459794,8314,1121395,133552,6069733,230200,12981365,143708,19051098,
All CA and Non-CA Counties,2021-04-30,376842,31099076,215551,16356596,152006,13611800,9285,1130680,142353,5990097,233216,13214581,153580,19204678,
All CA and Non-CA Counties,2021-05-01,250642,31349718,160085,16516681,84071,13695871,6486,1137166,91061,5931114,158744,13373325,99761,19304439,
All CA and Non-CA Counties,2021-05-02,118666,31468384,82711,16599392,31960,13727831,3995,1141161,41741,5900695,76530,13449855,46111,19350550,
All CA and Non-CA Counties,2021-05-03,254965,31723349,156666,16756058,89333,13817164,8966,1150127,77813,5812002,176324,13626179,87631,19438181,
All CA and Non-CA Counties,2021-05-04,329144,32052493,200263,16956321,118697,13935861,10184,1160311,97540,5690337,230547,13856726,108882,19547063,
All CA and Non-CA Counties,2021-05-05,333539,32386032,206944,17163265,116225,14052086,10370,1170681,94609,5558573,237724,14094450,105960,19653023,
All CA and Non-CA Counties,2021-05-06,352528,32738560,229789,17393054,111858,14163944,10881,1181562,90191,5401439,260711,14355161,103577,19756600,
All CA and Non-CA Counties,2021-05-07,349803,33088363,219087,17612141,120500,14284444,10216,1191778,95511,5255448,252940,14608101,106949,19863549,
All CA and Non-CA Counties,2021-05-08,226935,33315298,144033,17756174,75970,14360414,6932,1198710,62782,5163376,163236,14771337,71164,19934713,
All CA and Non-CA Counties,2021-05-09,94716,33410014,71239,17827413,20376,14380790,3101,1201811,26089,5124710,68297,14839634,29631,19964344,
All CA and Non-CA Counties,2021-05-10,203653,33613667,115715,17943128,79837,14460627,8101,1209912,51270,5033781,151586,14991220,60657,20025001,
All CA and Non-CA Counties,2021-05-11,266917,33880584,149264,18092392,108817,14569444,8836,1218748,71230,4920809,194770,15185990,81798,20106799,
All CA and Non-CA Counties,2021-05-12,267515,34148099,154611,18247003,103559,14673003,9345,1228093,76099,4817024,190400,15376390,86615,20193414,
All CA and Non-CA Counties,2021-05-13,310429,34458528,199997,18447000,102935,14775938,7497,1235590,118684,4755217,190639,15567029,128832,20322246,
All CA and Non-CA Counties,2021-05-14,335748,34794276,214395,18661395,112354,14888292,8999,1244589,132802,4697332,201790,15768819,143905,20466151,
All CA and Non-CA Counties,2021-05-15,276730,35071006,193156,18854551,77496,14965788,6078,1250667,113867,4656210,162032,15930851,120910,20587061,
All CA and Non-CA Counties,2021-05-16,137171,35208177,104958,18959509,29227,14995015,2986,1253653,55686,4634225,81047,16011898,59062,20646123,
All CA and Non-CA Counties,2021-05-17,240388,35448565,158084,19117593,74737,15069752,7567,1261220,97047,4597226,142477,16154375,105478,20751601,
All CA and Non-CA Counties,2021-05-18,281704,35730269,171413,19289006,102647,15172399,7644,1268864,112000,4549762,168587,16322962,121123,20872724,
All CA and Non-CA Counties,2021-05-19,276018,36006287,172195,19461201,96060,15268459,7763,1276627,116185,4516010,158818,16481780,125066,20997790,
All CA and Non-CA Counties,2021-05-20,262974,36269261,157070,19618271,97585,15366044,8319,1284946,102909,4470019,158973,16640753,112982,21110772,
All CA and Non-CA Counties,2021-05-21,282511,36551772,173834,19792105,100543,15466587,8134,1293080,109653,4417604,171648,16812401,119233,21230005,
All CA and Non-CA Counties,2021-05-22,203911,36755683,134991,19927096,62639,15529226,6281,1299361,87041,4396175,116111,16928512,94682,21324687,
All CA and Non-CA Counties,2021-05-23,87336,36843019,60680,19987776,23901,15553127,2755,1302116,38297,4389085,48655,16977167,41565,21366252,
All CA and Non-CA Counties,2021-05-24,168433,37011452,97605,20085381,62243,15615370,8585,1310701,63927,4358698,103734,17080901,73347,21439599,
All CA and Non-CA Counties,2021-05-25,190415,37201867,111824,20197205,70323,15685693,8268,1318969,73450,4325546,115980,17196881,82828,21522427,
All CA and Non-CA Counties,2021-05-26,184172,37386039,105671,20302876,70454,15756147,8047,1327016,72903,4297165,110207,17307088,81826,21604253,
All CA and Non-CA Counties,2021-05-27,172831,37558870,98655,20401531,65420,15821567,8756,1335772,71064,4277202,100954,17408042,80991,21685244,
All CA and Non-CA Counties,2021-05-28,188680,37747550,109035,20510566,72312,15893879,7333,1343105,82479,4263017,105295,17513337,91110,21776354,
All CA and Non-CA Counties,2021-05-29,107381,37854931,65881,20576447,37394,15931273,4106,1347211,51459,4263770,55398,17568735,56151,21832505,
All CA and Non-CA Counties,2021-05-30,47655,37902586,31446,20607893,13643,15944916,2566,1349777,21511,4262200,25921,17594656,24351,21856856,
All CA and Non-CA Counties,2021-05-31,20176,37922762,11867,20619760,7298,15952214,1011,1350788,6730,4256776,13303,17607959,7879,21864735,
All CA and Non-CA Counties,2021-06-01,168859,38091621,98655,20718415,62916,16015130,7288,1358076,63409,4224000,104502,17712461,71726,21936461,
All CA and Non-CA Counties,2021-06-02,143148,38234769,84674,20803089,51083,16066213,7391,1365467,55991,4201897,86274,17798735,64171,22000632,
All CA and Non-CA Counties,2021-06-03,171276,38406045,116987,20920076,47027,16113240,7262,1372729,55071,4149951,115394,17914129,63448,22064080,
All CA and Non-CA Counties,2021-06-04,198759,38604804,140019,21060095,52385,16165625,6355,1379084,62642,4085806,135132,18049261,70987,22135067,
All CA and Non-CA Counties,2021-06-05,155924,38760728,118197,21178292,32537,16198162,5190,1384274,45643,4028194,109521,18158782,51909,22186976,
All CA and Non-CA Counties,2021-06-06,62963,38823691,52868,21231160,7844,16206006,2251,1386525,18947,4006565,43732,18202514,22103,22209079,
All CA and Non-CA Counties,2021-06-07,135811,38959502,99468,21330628,30255,16236261,6088,1392613,41273,3960824,93957,18296471,48216,22257295,
All CA and Non-CA Counties,2021-06-08,155728,39115230,112903,21443531,35908,16272169,6917,1399530,47518,3909128,107370,18403841,55674,22312969,
All CA and Non-CA Counties,2021-06-09,116958,39232188,84793,21528324,26377,16298546,5788,1405318,31271,3861760,85069,18488910,37701,22350670,
All CA and Non-CA Counties,2021-06-10,74180,39306368,54326,21582650,14897,16313443,4957,1410275,20224,3834013,53574,18542484,25827,22376497,
Outside California,2020-12-15,8,8,8,8,0,0,0,0,8,8,0,0,8,8,Not in California
Outside California,2020-12-16,274,282,274,282,0,0,0,0,274,282,0,0,274,282,Not in California
Outside California,2020-12-17,1608,1890,1608,1890,0,0,0,0,1608,1890,0,0,1608,1890,Not in California
Outside California,2020-12-18,2561,4451,2554,4444,7,7,0,0,2561,4451,0,0,2561,4451,Not in California
Outside California,2020-12-19,1037,5488,1036,5480,1,8,0,0,1037,5488,0,0,1037,5488,Not in California
Outside California,2020-12-20,680,6168,677,6157,3,11,0,0,680,6168,0,0,680,6168,Not in California
Outside California,2020-12-21,2185,8353,2182,8339,3,14,0,0,2185,8353,0,0,2185,8353,Not in California
Outside California,2020-12-22,2072,10425,1997,10336,75,89,0,0,2072,10425,0,0,2072,10425,Not in California
Outside California,2020-12-23,1537,11962,1395,11731,142,231,0,0,1536,11960,1,1,1536,11961,Not in California
Outside California,2020-12-24,807,12769,613,12344,194,425,0,0,807,12767,0,1,807,12768,Not in California
Outside California,2020-12-25,35,12804,30,12374,5,430,0,0,35,12802,0,1,35,12803,Not in California
Outside California,2020-12-26,307,13111,205,12579,102,532,0,0,307,13109,0,1,307,13110,Not in California
Outside California,2020-12-27,189,13300,72,12651,117,649,0,0,189,13298,0,1,189,13299,Not in California
Outside California,2020-12-28,1421,14721,901,13552,520,1169,0,0,1421,14719,0,1,1421,14720,Not in California
Outside California,2020-12-29,1540,16261,1021,14573,519,1688,0,0,1540,16259,0,1,1540,16260,Not in California
Outside California,2020-12-30,1882,18143,1231,15804,651,2339,0,0,1882,18141,0,1,1882,18142,Not in California
Outside California,2020-12-31,1105,19248,604,16408,501,2840,0,0,1104,19244,1,2,1104,19246,Not in California
Outside California,2021-01-01,112,19360,25,16433,87,2927,0,0,112,19356,0,2,112,19358,Not in California
Outside California,2021-01-02,242,19602,134,16567,108,3035,0,0,241,19596,1,3,241,19599,Not in California
Outside California,2021-01-03,172,19774,91,16658,81,3116,0,0,172,19768,0,3,172,19771,Not in California
Outside California,2021-01-04,1150,20924,508,17166,642,3758,0,0,1145,20912,1,4,1145,20916,Not in California
Outside California,2021-01-05,1550,22474,821,17987,729,4487,0,0,1357,22079,191,195,1358,22274,Not in California
Outside California,2021-01-06,2704,25178,1598,19585,1106,5593,0,0,1960,23298,741,936,1960,24234,Not in California
Outside California,2021-01-07,4160,29338,2540,22125,1620,7213,0,0,2497,24139,1661,2597,2502,26736,Not in California
Outside California,2021-01-08,4504,33842,2922,25047,1582,8795,0,0,2621,24894,1873,4470,2628,29364,Not in California
Outside California,2021-01-09,1309,35151,531,25578,778,9573,0,0,981,25550,327,4797,983,30347,Not in California
Outside California,2021-01-10,300,35451,183,25761,117,9690,0,0,178,25606,122,4919,178,30525,Not in California
Outside California,2021-01-11,3290,38741,2005,27766,1285,10975,0,0,1956,26228,1334,6253,1956,32481,Not in California
Outside California,2021-01-12,3858,42599,2308,30074,1550,12525,0,0,2313,27003,1541,7794,2316,34797,Not in California
Outside California,2021-01-13,3674,46273,1804,31878,1870,14395,0,0,2489,28310,1185,8979,2492,37289,Not in California
Outside California,2021-01-14,3713,49986,1282,33160,2431,16826,0,0,3069,30750,631,9610,3071,40360,Not in California
Outside California,2021-01-15,4210,54196,1001,34161,3209,20035,0,0,3739,34031,458,10068,3739,44099,Not in California
Outside California,2021-01-16,2693,56889,389,34550,2304,22339,0,0,2516,36373,175,10243,2517,46616,Not in California
Outside California,2021-01-17,502,57391,153,34703,349,22688,0,0,452,36775,50,10293,452,47068,Not in California
Outside California,2021-01-18,1203,58594,770,35473,433,23121,0,0,749,37071,453,10746,749,47817,Not in California
Outside California,2021-01-19,4111,62705,1328,36801,2783,25904,0,0,3217,39401,894,11640,3224,51041,Not in California
Outside California,2021-01-20,4430,67135,1419,38220,3011,28915,0,0,3489,41957,937,12577,3493,54534,Not in California
Outside California,2021-01-21,4193,71328,1146,39366,3047,31962,0,0,3624,45032,553,13130,3628,58162,Not in California
Outside California,2021-01-22,4585,75913,1103,40469,3482,35444,0,0,4179,48812,402,13532,4182,62344,Not in California
Outside California,2021-01-23,2230,78143,340,40809,1890,37334,0,0,2067,50717,163,13695,2068,64412,Not in California
Outside California,2021-01-24,592,78735,238,41047,354,37688,0,0,514,51153,78,13773,514,64926,Not in California
Outside California,2021-01-25,4475,83210,1944,42991,2531,40219,0,0,3606,53894,866,14639,3607,68533,Not in California
Outside California,2021-01-26,5893,89103,2867,45858,3026,43245,0,0,5040,58092,852,15491,5050,73583,Not in California
Outside California,2021-01-27,4840,93943,2504,48362,2336,45581,0,0,4214,61686,622,16113,4216,77799,Not in California
Outside California,2021-01-28,5048,98991,2689,51051,2359,47940,0,0,4517,65684,521,16634,4519,82318,Not in California
Outside California,2021-01-29,4742,103733,2931,53982,1811,49751,0,0,3937,68827,797,17431,3940,86258,Not in California
Outside California,2021-01-30,4296,108029,2281,56263,2015,51766,0,0,4065,72664,229,17660,4066,90324,Not in California
Outside California,2021-01-31,2888,110917,2482,58745,406,52172,0,0,2834,75446,53,17713,2835,93159,Not in California
Outside California,2021-02-01,5350,116267,2470,61215,2880,55052,0,0,4643,79390,699,18412,4643,97802,Not in California
Outside California,2021-02-02,6616,122883,2068,63283,4548,59600,0,0,5899,84579,710,19122,5899,103701,Not in California
Outside California,2021-02-03,7221,130104,1991,65274,5230,64830,0,0,6347,90060,867,19989,6348,110049,Not in California
Outside California,2021-02-04,6675,136779,2060,67334,4615,69445,0,0,5676,94747,990,20979,5677,115726,Not in California
Outside California,2021-02-05,6674,143453,2099,69433,4575,74020,0,0,5595,99269,1073,22052,5595,121321,Not in California
Outside California,2021-02-06,4237,147690,1972,71405,2265,76285,0,0,3771,102586,457,22509,3774,125095,Not in California
Outside California,2021-02-07,2029,149719,1642,73047,387,76672,0,0,1951,104461,78,22587,1953,127048,Not in California
Outside California,2021-02-08,4939,154658,2976,76023,1963,78635,0,0,3877,107287,1051,23638,3877,130925,Not in California
Outside California,2021-02-09,4116,158774,1763,77786,2353,80988,0,0,2816,108827,1290,24928,2830,133755,Not in California
Outside California,2021-02-10,5473,164247,1814,79600,3659,84647,0,0,3037,109477,2428,27356,3078,136833,Not in California
Outside California,2021-02-11,4711,168958,2135,81735,2576,87223,0,0,3402,111598,1299,28655,3420,140253,Not in California
Outside California,2021-02-12,5195,174153,1901,83636,3294,90517,0,0,3369,113158,1813,30468,3373,143626,Not in California
Outside California,2021-02-13,2370,176523,687,84323,1683,92200,0,0,1811,114423,558,31026,1823,145449,Not in California
Outside California,2021-02-14,1309,177832,387,84710,922,93122,0,0,1069,115258,236,31262,1071,146520,Not in California
Outside California,2021-02-15,2470,180302,1467,86177,1003,94125,0,0,1204,115212,1253,32515,1207,147727,Not in California
Outside California,2021-02-16,6280,186582,2753,88930,3527,97652,0,0,2543,114033,3726,36241,2547,150274,Not in California
Outside California,2021-02-17,5745,192327,2792,91722,2953,100605,0,0,1819,111936,3921,40162,1824,152098,Not in California
Outside California,2021-02-18,6222,198549,3527,95249,2695,103300,0,0,2045,109822,4159,44321,2045,154143,Not in California
Outside California,2021-02-19,5515,204064,3771,99020,1744,105044,0,0,2391,109096,3119,47440,2393,156536,Not in California
Outside California,2021-02-20,3176,207240,2526,101546,650,105694,0,0,1241,108407,1931,49371,1242,157778,Not in California
Outside California,2021-02-21,2574,209814,2357,103903,217,105911,0,0,844,107527,1725,51096,845,158623,Not in California
Outside California,2021-02-22,3378,213192,2438,106341,940,106851,0,0,1630,107416,1745,52841,1634,160257,Not in California
Outside California,2021-02-23,5875,219067,3269,109610,2606,109457,0,0,2328,106218,3540,56381,2342,162599,Not in California
Outside California,2021-02-24,6281,225348,3445,113055,2836,112293,0,0,2452,104852,3823,60204,2457,165056,Not in California
Outside California,2021-02-25,6767,232115,3411,116466,3356,115649,0,0,3064,104247,3673,63877,3068,168124,Not in California
Outside California,2021-02-26,6711,238826,3503,119969,3208,118857,0,0,3092,103802,3538,67415,3093,171217,Not in California
Outside California,2021-02-27,5334,244160,2621,122590,2712,121569,1,1,1878,102239,3445,70860,1882,173099,Not in California
Outside California,2021-02-28,2274,246434,1621,124211,652,122221,1,2,795,101559,1477,72337,797,173896,Not in California
Outside California,2021-03-01,4647,251081,2857,127068,1789,124010,1,3,1347,99620,3292,75629,1353,175249,Not in California
Outside California,2021-03-02,6588,257669,2369,129437,4219,128229,0,3,2059,97164,4517,80146,2061,177310,Not in California
Outside California,2021-03-03,7803,265472,3004,132441,4797,133026,2,5,2669,94719,5120,85266,2675,179985,Not in California
Outside California,2021-03-04,6702,272174,2798,135239,3898,136924,6,11,2310,92661,4376,89642,2318,182303,Not in California
Outside California,2021-03-05,5223,277397,2615,137854,2594,139518,14,25,2721,92913,2491,92133,2743,185046,Not in California
Outside California,2021-03-06,4567,281964,2103,139957,2309,141827,155,180,2329,93170,2236,94369,2493,187539,Not in California
Outside California,2021-03-07,1566,283530,1002,140959,507,142334,57,237,960,93584,605,94974,1019,188558,Not in California
Outside California,2021-03-08,3084,286614,1833,142792,1015,143349,236,473,2193,95158,862,95836,2436,190994,Not in California
Outside California,2021-03-09,4671,291285,2407,145199,1962,145311,302,775,2778,96349,1889,97725,3080,194074,Not in California
Outside California,2021-03-10,4364,295649,2094,147293,1768,147079,502,1277,2707,97917,1648,99373,3216,197290,Not in California
Outside California,2021-03-11,6108,301757,3129,150422,2314,149393,665,1942,3301,99083,2801,102174,3967,201257,Not in California
Outside California,2021-03-12,6426,308183,3871,154293,1836,151229,719,2661,3568,100525,2850,105024,4292,205549,Not in California
Outside California,2021-03-13,3747,311930,2179,156472,1113,152342,455,3116,2564,102377,1175,106199,3027,208576,Not in California
Outside California,2021-03-14,1792,313722,930,157402,524,152866,338,3454,982,102889,809,107008,1321,209897,Not in California
Outside California,2021-03-15,4022,317744,2113,159515,1448,154314,461,3915,2153,103643,1864,108872,2618,212515,Not in California
Outside California,2021-03-16,7503,325247,4369,163884,2750,157064,384,4299,4180,104883,3320,112192,4560,217075,Not in California
Outside California,2021-03-17,8396,333643,5445,169329,2579,159643,372,4671,5053,106970,3339,115531,5426,222501,Not in California
Outside California,2021-03-18,8300,341943,5126,174455,2636,162279,538,5209,4807,108830,3485,119016,5345,227846,Not in California
Outside California,2021-03-19,7316,349259,4336,178791,2435,164714,545,5754,4388,110844,2923,121939,4937,232783,Not in California
Outside California,2021-03-20,4741,354000,3131,181922,1523,166237,87,5841,3633,113465,1100,123039,3721,236504,Not in California
Outside California,2021-03-21,2073,356073,1426,183348,560,166797,87,5928,1658,114797,413,123452,1745,238249,Not in California
Outside California,2021-03-22,3248,359321,1958,185306,1201,167998,89,6017,2229,116102,1013,124465,2318,240567,Not in California
Outside California,2021-03-23,6066,365387,3090,188396,2673,170671,303,6320,4118,118589,1934,126399,4421,244988,Not in California
Outside California,2021-03-24,7337,372724,3767,192163,3122,173793,448,6768,5070,121845,2260,128659,5516,250504,Not in California
Outside California,2021-03-25,8276,381000,3848,196011,3903,177696,525,7293,6024,126154,2240,130899,6549,257053,Not in California
Outside California,2021-03-26,6658,387658,3522,199533,2962,180658,174,7467,4400,128494,2233,133132,4573,261626,Not in California
Outside California,2021-03-27,5535,393193,3113,202646,2208,182866,214,7681,3479,130139,2047,135179,3692,265318,Not in California
Outside California,2021-03-28,3075,396268,1647,204293,1267,184133,161,7842,1986,131202,1084,136263,2147,267465,Not in California
Outside California,2021-03-29,5155,401423,2290,206583,2521,186654,344,8186,2944,132282,2208,138471,3288,270753,Not in California
Outside California,2021-03-30,6869,408292,3618,210201,2687,189341,564,8750,4056,134106,2803,141274,4627,275380,Not in California
Outside California,2021-03-31,6336,414628,3787,213988,1771,191112,778,9528,3365,135281,2965,144239,4140,279520,Not in California
Outside California,2021-04-01,7519,422147,4502,218490,2370,193482,647,10175,4346,137100,3165,147404,4984,284504,Not in California
Outside California,2021-04-02,8481,430628,4531,223021,2807,196289,1143,11318,4397,138563,4075,151479,5538,290042,Not in California
Outside California,2021-04-03,6200,436828,3692,226713,1349,197638,1159,12477,3275,140079,2917,154396,4433,294475,Not in California
Outside California,2021-04-04,1776,438604,873,227586,669,198307,234,12711,972,140480,803,155199,1204,295679,Not in California
Outside California,2021-04-05,4112,442716,1986,229572,1460,199767,666,13377,1955,140948,2152,157351,2620,298299,Not in California
Outside California,2021-04-06,7166,449882,3862,233434,1664,201431,1640,15017,2878,141190,4272,161623,4514,302813,Not in California
Outside California,2021-04-07,8203,458085,4614,238048,1892,203323,1697,16714,3186,141054,5010,166633,4874,307687,Not in California
Outside California,2021-04-08,8224,466309,4306,242354,1975,205298,1943,18657,3267,141305,4947,171580,5198,312885,Not in California
Outside California,2021-04-09,7561,473870,3882,246236,1719,207017,1960,20617,2905,141555,4646,176226,4896,317781,Not in California
Outside California,2021-04-10,6146,480016,3040,249276,1244,208261,1862,22479,1727,140727,4410,180636,3582,321363,Not in California
Outside California,2021-04-11,2839,482855,1548,250824,651,208912,640,23119,954,140442,1882,182518,1597,322960,Not in California
Outside California,2021-04-12,4126,486981,2306,253130,1265,210177,555,23674,1829,140540,2289,184807,2387,325347,Not in California
Outside California,2021-04-13,5794,492775,3710,256840,2059,212236,25,23699,2987,140753,2801,187608,3014,328361,Not in California
Outside California,2021-04-14,5340,498115,3379,260219,1957,214193,4,23703,2897,141221,2438,190046,2906,331267,Not in California
Outside California,2021-04-15,6147,504262,3879,264098,2261,216454,7,23710,3295,141734,2797,192843,3310,334577,Not in California
Outside California,2021-04-16,5845,510107,3347,267445,2491,218945,7,23717,3245,142398,2590,195433,3254,337831,Not in California
Outside California,2021-04-17,5459,515566,3425,270870,2033,220978,1,23718,3143,143233,2308,197741,3143,340974,Not in California
Outside California,2021-04-18,2100,517666,1171,272041,928,221906,1,23719,999,143139,1095,198836,1001,341975,Not in California
Outside California,2021-04-19,4124,521790,1990,274031,2133,224039,1,23720,2119,143267,1995,200831,2123,344098,Not in California
Outside California,2021-04-20,5360,527150,2439,276470,2921,226960,0,23720,2190,142295,3162,203993,2190,346288,Not in California
Outside California,2021-04-21,6361,533511,2659,279129,3697,230657,5,23725,2249,140457,4092,208085,2254,348542,Not in California
Outside California,2021-04-22,6729,540240,3428,282557,3297,233954,4,23729,2435,138616,4282,212367,2441,350983,Not in California
Outside California,2021-04-23,5846,546086,2968,285525,2877,236831,1,23730,2371,137530,3460,215827,2374,353357,Not in California
Outside California,2021-04-24,4551,550637,2960,288485,1586,238417,5,23735,1798,136588,2748,218575,1806,355163,Not in California
Outside California,2021-04-25,2206,552843,1247,289732,958,239375,1,23736,1166,136722,1036,219611,1170,356333,Not in California
Outside California,2021-04-26,4083,556926,1792,291524,2264,241639,27,23763,1857,136388,2218,221829,1884,358217,Not in California
Outside California,2021-04-27,5643,562569,2077,293601,3198,244837,368,24131,1986,135102,3648,225477,2362,360579,Not in California
Outside California,2021-04-28,4843,567412,2054,295655,2395,247232,394,24525,1898,134456,2933,228410,2287,362866,Not in California
Outside California,2021-04-29,4823,572235,2207,297862,2185,249417,431,24956,1807,133699,2995,231405,2238,365104,Not in California
Outside California,2021-04-30,4888,577123,2351,300213,2118,251535,419,25375,1829,132904,3046,234451,2251,367355,Not in California
Outside California,2021-05-01,3160,580283,1821,302034,911,252446,428,25803,1254,132690,1896,236347,1682,369037,Not in California
Outside California,2021-05-02,1858,582141,1081,303115,654,253100,123,25926,836,132629,1020,237367,959,369996,Not in California
Outside California,2021-05-03,2882,585023,1566,304681,1035,254135,281,26207,1125,132283,1752,239119,1406,371402,Not in California
Outside California,2021-05-04,3926,588949,2100,306781,1385,255520,441,26648,1315,131432,2605,241724,1754,373156,Not in California
Outside California,2021-05-05,4332,593281,2391,309172,1573,257093,368,27016,1570,130620,2753,244477,1941,375097,Not in California
Outside California,2021-05-06,4469,597750,2737,311909,1393,258486,339,27355,1578,129652,2885,247362,1917,377014,Not in California
Outside California,2021-05-07,4631,602381,2607,314516,1637,260123,387,27742,1666,128753,2952,250314,2053,379067,Not in California
Outside California,2021-05-08,3336,605717,2211,316727,880,261003,245,27987,1204,128080,2123,252437,1450,380517,Not in California
Outside California,2021-05-09,1365,607082,907,317634,335,261338,123,28110,590,128021,771,253208,712,381229,Not in California
Outside California,2021-05-10,2617,609699,1186,318820,1102,262440,329,28439,1003,127747,1608,254816,1334,382563,Not in California
Outside California,2021-05-11,2951,612650,1394,320214,1261,263701,296,28735,1130,127356,1820,256636,1429,383992,Not in California
Outside California,2021-05-12,3138,615788,1480,321694,1329,265030,329,29064,1244,127038,1889,258525,1571,385563,Not in California
Outside California,2021-05-13,3133,618921,1804,323498,1122,266152,207,29271,1400,126918,1726,260251,1606,387169,Not in California
Outside California,2021-05-14,3550,622471,2000,325498,1312,267464,238,29509,1634,126883,1909,262160,1874,389043,Not in California
Outside California,2021-05-15,2638,625109,1549,327047,945,268409,144,29653,1157,126711,1476,263636,1304,390347,Not in California
Outside California,2021-05-16,1626,626735,1037,328084,520,268929,69,29722,746,126649,877,264513,815,391162,Not in California
Outside California,2021-05-17,3080,629815,1647,329731,1200,270129,233,29955,1366,126539,1710,266223,1600,392762,Not in California
Outside California,2021-05-18,3231,633046,1640,331371,1278,271407,313,30268,1476,126587,1744,267967,1792,394554,Not in California
Outside California,2021-05-19,3330,636376,1690,333061,1373,272780,267,30535,1497,126524,1827,269794,1764,396318,Not in California
Outside California,2021-05-20,3011,639387,1659,334720,1123,273903,229,30764,1372,126496,1632,271426,1604,397922,Not in California
Outside California,2021-05-21,3139,642526,1750,336470,1141,275044,248,31012,1382,126380,1747,273173,1631,399553,Not in California
Outside California,2021-05-22,2760,645286,1832,338302,724,275768,204,31216,1532,126891,1223,274396,1734,401287,Not in California
Outside California,2021-05-23,1480,646766,980,339282,424,276192,76,31292,734,126957,745,275141,811,402098,Not in California
Outside California,2021-05-24,2435,649201,1188,340470,900,277092,347,31639,1112,127101,1315,276456,1459,403557,Not in California
Outside California,2021-05-25,2365,651566,1104,341574,934,278026,327,31966,1035,127141,1320,277776,1360,404917,Not in California
Outside California,2021-05-26,2363,653929,1094,342668,915,278941,354,32320,1000,127140,1356,279132,1355,406272,Not in California
Outside California,2021-05-27,2182,656111,1101,343769,793,279734,288,32608,1024,127296,1155,280287,1311,407583,Not in California
Outside California,2021-05-28,2407,658518,1211,344980,847,280581,349,32957,1107,127460,1293,281580,1457,409040,Not in California
Outside California,2021-05-29,1678,660196,850,345830,472,281053,356,33313,736,127614,938,282518,1092,410132,Not in California
Outside California,2021-05-30,911,661107,558,346388,229,281282,124,33437,464,127759,444,282962,589,410721,Not in California
Outside California,2021-05-31,417,661524,182,346570,196,281478,39,33476,177,127748,228,283190,217,410938,Not in California
Outside California,2021-06-01,2109,663633,1100,347670,709,282187,300,33776,1043,128030,1062,284252,1344,412282,Not in California
Outside California,2021-06-02,2090,665723,1076,348746,670,282857,344,34120,1022,128338,1058,285310,1366,413648,Not in California
Outside California,2021-06-03,2186,667909,1219,349965,657,283514,310,34430,1017,128502,1162,286472,1326,414974,Not in California
Outside California,2021-06-04,2746,670655,1520,351485,903,284417,323,34753,1125,128335,1614,288086,1447,416421,Not in California
Outside California,2021-06-05,1925,672580,1306,352791,447,284864,172,34925,838,128262,1083,289169,1010,417431,Not in California
Outside California,2021-06-06,947,673527,701,353492,161,285025,85,35010,458,128317,488,289657,543,417974,Not in California
Outside California,2021-06-07,2078,675605,1109,354601,631,285656,338,35348,844,128274,1224,290881,1181,419155,Not in California
Outside California,2021-06-08,2173,677778,1272,355873,545,286201,356,35704,865,128192,1301,292182,1219,420374,Not in California
Outside California,2021-06-09,1440,679218,831,356704,363,286564,246,35950,588,128177,848,293030,833,421207,Not in California
Outside California,2021-06-10,946,680164,444,357148,273,286837,229,36179,306,128076,636,293666,535,421742,Not in California
Unknown,2020-12-17,2,2,2,2,0,0,0,0,0,0,0,0,0,0,Not in California
Unknown,2020-12-18,1,3,1,3,0,0,0,0,0,0,0,0,0,0,Not in California
Unknown,2020-12-21,4,7,4,7,0,0,0,0,0,0,0,0,0,0,Not in California
Unknown,2020-12-28,2,9,2,9,0,0,0,0,2,2,0,0,2,2,Not in California
Unknown,2020-12-29,1,10,1,10,0,0,0,0,1,3,0,0,1,3,Not in California
Unknown,2020-12-30,54,64,54,64,0,0,0,0,54,57,0,0,54,57,Not in California
Unknown,2020-12-31,1,65,0,64,1,1,0,0,0,57,0,0,0,57,Not in California
Unknown,2021-01-02,1,66,0,64,1,2,0,0,1,58,0,0,1,58,Not in California
Unknown,2021-01-04,2,68,2,66,0,2,0,0,1,59,0,0,1,59,Not in California
Unknown,2021-01-06,6,74,4,70,2,4,0,0,6,65,0,0,6,65,Not in California
Unknown,2021-01-07,69,143,68,138,1,5,0,0,69,134,0,0,69,134,Not in California
Unknown,2021-01-09,1,144,1,139,0,5,0,0,2,136,0,0,2,136,Not in California
Unknown,2021-01-11,19,163,19,158,0,5,0,0,18,154,0,0,18,154,Not in California
Unknown,2021-01-12,8,171,7,165,1,6,0,0,6,160,1,1,7,161,Not in California
Unknown,2021-01-13,7,178,7,172,0,6,0,0,8,168,0,1,8,169,Not in California
Unknown,2021-01-14,3,181,3,175,0,6,0,0,3,171,0,1,3,172,Not in California
Unknown,2021-01-15,6,187,5,180,1,7,0,0,6,177,0,1,6,178,Not in California
Unknown,2021-01-16,6,193,6,186,0,7,0,0,6,183,0,1,6,184,Not in California
Unknown,2021-01-17,2,195,2,188,0,7,0,0,2,185,0,1,2,186,Not in California
Unknown,2021-01-18,34,229,34,222,0,7,0,0,33,217,1,2,33,219,Not in California
Unknown,2021-01-19,13,242,13,235,0,7,0,0,12,229,0,2,12,231,Not in California
Unknown,2021-01-20,67,309,67,302,0,7,0,0,17,194,52,54,17,248,Not in California
Unknown,2021-01-21,38,347,36,338,2,9,0,0,39,232,1,55,39,287,Not in California
Unknown,2021-01-22,23,370,18,356,5,14,0,0,23,255,0,55,23,310,Not in California
Unknown,2021-01-23,11,381,5,361,6,20,0,0,11,266,0,55,11,321,Not in California
Unknown,2021-01-24,2,383,2,363,0,20,0,0,3,269,0,55,3,324,Not in California
Unknown,2021-01-25,14,397,12,375,2,22,0,0,12,279,2,57,12,336,Not in California
Unknown,2021-01-26,60,457,60,435,0,22,0,0,62,341,0,57,62,398,Not in California
Unknown,2021-01-27,14,471,14,449,0,22,0,0,13,353,1,58,13,411,Not in California
Unknown,2021-01-28,117,588,115,564,2,24,0,0,61,355,59,117,61,472,Not in California
Unknown,2021-01-29,127,715,127,691,0,24,0,0,131,485,1,118,131,603,Not in California
Unknown,2021-01-30,9,724,7,698,2,26,0,0,12,496,1,119,12,615,Not in California
Unknown,2021-01-31,10,734,10,708,0,26,0,0,11,507,0,119,11,626,Not in California
Unknown,2021-02-01,35,769,33,741,2,28,0,0,19,508,18,137,19,645,Not in California
Unknown,2021-02-02,42,811,41,782,1,29,0,0,37,541,4,141,37,682,Not in California
Unknown,2021-02-03,21,832,20,802,1,30,0,0,13,546,8,149,13,695,Not in California
Unknown,2021-02-04,43,875,39,841,4,34,0,0,39,581,4,153,39,734,Not in California
Unknown,2021-02-05,16,891,12,853,4,38,0,0,12,589,4,157,12,746,Not in California
Unknown,2021-02-06,10,901,10,863,0,38,0,0,6,589,6,163,6,752,Not in California
Unknown,2021-02-07,5,906,5,868,0,38,0,0,5,594,0,163,5,757,Not in California
Unknown,2021-02-08,31,937,29,897,2,40,0,0,8,579,23,186,8,765,Not in California
Unknown,2021-02-09,13,950,13,910,0,40,0,0,5,575,9,195,5,770,Not in California
Unknown,2021-02-10,20,970,16,926,4,44,0,0,9,571,13,208,9,779,Not in California
Unknown,2021-02-11,48,1018,47,973,1,45,0,0,21,564,28,236,21,800,Not in California
Unknown,2021-02-12,21,1039,17,990,4,49,0,0,6,555,15,251,6,806,Not in California
Unknown,2021-02-13,9,1048,2,992,7,56,0,0,7,560,2,253,7,813,Not in California
Unknown,2021-02-14,3,1051,1,993,2,58,0,0,2,561,1,254,2,815,Not in California
Unknown,2021-02-15,35,1086,30,1023,5,63,0,0,26,580,7,261,26,841,Not in California
Unknown,2021-02-16,65,1151,56,1079,9,72,0,0,25,565,40,301,25,866,Not in California
Unknown,2021-02-17,7,1158,5,1084,2,74,0,0,2,563,4,305,2,868,Not in California
Unknown,2021-02-18,61,1219,56,1140,5,79,0,0,12,526,49,354,12,880,Not in California
Unknown,2021-02-19,160,1379,155,1295,5,84,0,0,41,449,118,472,41,921,Not in California
Unknown,2021-02-20,4,1383,4,1299,0,84,0,0,1,446,4,476,1,922,Not in California
Unknown,2021-02-21,9,1392,9,1308,0,84,0,0,0,437,9,485,0,922,Not in California
Unknown,2021-02-22,2,1394,2,1310,0,84,0,0,1,437,1,486,1,923,Not in California
Unknown,2021-02-23,44,1438,32,1342,12,96,0,0,12,418,31,517,12,935,Not in California
Unknown,2021-02-24,20,1458,13,1355,7,103,0,0,10,418,10,527,10,945,Not in California
Unknown,2021-02-25,53,1511,40,1395,13,116,0,0,20,404,34,561,20,965,Not in California
Unknown,2021-02-26,33,1544,20,1415,13,129,0,0,18,409,13,574,18,983,Not in California
Unknown,2021-02-27,15,1559,10,1425,5,134,0,0,9,414,4,578,9,992,Not in California
Unknown,2021-02-28,15,1574,12,1437,3,137,0,0,8,417,5,583,8,1000,Not in California
Unknown,2021-03-01,26,1600,12,1449,14,151,0,0,14,419,12,595,14,1014,Not in California
Unknown,2021-03-02,17,1617,5,1454,12,163,0,0,11,425,5,600,11,1025,Not in California
Unknown,2021-03-03,7,1624,3,1457,4,167,0,0,5,429,1,601,5,1030,Not in California
Unknown,2021-03-04,24,1648,21,1478,3,170,0,0,9,424,14,615,9,1039,Not in California
Unknown,2021-03-05,18,1666,9,1487,9,179,0,0,16,436,4,619,16,1055,Not in California
Unknown,2021-03-06,15,1681,9,1496,4,183,2,2,14,449,3,622,16,1071,Not in California
Unknown,2021-03-08,29,1710,22,1518,6,189,1,3,7,435,22,644,8,1079,Not in California
Unknown,2021-03-09,26,1736,21,1539,2,191,3,6,7,424,21,665,10,1089,Not in California
Unknown,2021-03-10,8,1744,5,1544,1,192,2,8,5,427,4,669,7,1096,Not in California
Unknown,2021-03-11,24,1768,8,1552,2,194,14,22,6,429,18,687,20,1116,Not in California
Unknown,2021-03-12,52,1820,39,1591,8,202,5,27,11,404,41,728,16,1132,Not in California
Unknown,2021-03-13,14,1834,3,1594,7,209,4,31,5,403,10,738,9,1141,Not in California
Unknown,2021-03-14,7,1841,2,1596,3,212,2,33,3,404,4,742,5,1146,Not in California
Unknown,2021-03-15,23,1864,6,1602,15,227,2,35,15,412,9,751,17,1163,Not in California
Unknown,2021-03-16,37,1901,13,1615,20,247,4,39,19,418,17,768,23,1186,Not in California
Unknown,2021-03-17,33,1934,12,1627,20,267,1,40,28,444,3,771,29,1215,Not in California
Unknown,2021-03-18,26,1960,14,1641,12,279,0,40,14,448,10,781,14,1229,Not in California
Unknown,2021-03-19,22,1982,13,1654,9,288,0,40,16,457,7,788,16,1245,Not in California
Unknown,2021-03-20,19,2001,11,1665,8,296,0,40,10,460,7,795,10,1255,Not in California
Unknown,2021-03-21,14,2015,9,1674,5,301,0,40,12,470,2,797,12,1267,Not in California
Unknown,2021-03-22,25,2040,9,1683,15,316,1,41,11,473,9,806,12,1279,Not in California
Unknown,2021-03-23,21,2061,7,1690,9,325,5,46,10,478,10,816,15,1294,Not in California
Unknown,2021-03-24,20,2081,7,1697,13,338,0,46,15,488,5,821,15,1309,Not in California
Unknown,2021-03-25,24,2105,12,1709,12,350,0,46,17,499,6,827,17,1326,Not in California
Unknown,2021-03-26,26,2131,12,1721,9,359,5,51,13,506,11,838,18,1344,Not in California
Unknown,2021-03-27,28,2159,14,1735,11,370,3,54,17,510,16,854,20,1364,Not in California
Unknown,2021-03-28,13,2172,5,1740,8,378,0,54,10,517,3,857,10,1374,Not in California
Unknown,2021-03-29,27,2199,10,1750,16,394,1,55,18,528,8,865,19,1393,Not in California
Unknown,2021-03-30,25,2224,13,1763,12,406,0,55,17,537,8,873,17,1410,Not in California
Unknown,2021-03-31,26,2250,14,1777,12,418,0,55,20,549,8,881,20,1430,Not in California
Unknown,2021-04-01,17,2267,12,1789,5,423,0,55,13,559,3,884,13,1443,Not in California
Unknown,2021-04-02,35,2302,14,1803,12,435,9,64,15,563,20,904,24,1467,Not in California
Unknown,2021-04-03,18,2320,8,1811,10,445,0,64,10,564,9,913,10,1477,Not in California
Unknown,2021-04-04,13,2333,4,1815,9,454,0,64,9,570,3,916,9,1486,Not in California
Unknown,2021-04-05,23,2356,11,1826,11,465,1,65,11,571,11,927,12,1498,Not in California
Unknown,2021-04-06,18,2374,11,1837,6,471,1,66,12,576,8,935,13,1511,Not in California
Unknown,2021-04-07,31,2405,20,1857,10,481,1,67,25,596,6,941,26,1537,Not in California
Unknown,2021-04-08,30,2435,17,1874,7,488,6,73,14,601,17,958,22,1559,Not in California
Unknown,2021-04-09,26,2461,18,1892,8,496,0,73,21,616,6,964,21,1580,Not in California
Unknown,2021-04-10,8,2469,7,1899,1,497,0,73,5,616,5,969,5,1585,Not in California
Unknown,2021-04-11,8,2477,5,1904,3,500,0,73,3,615,4,973,3,1588,Not in California
Unknown,2021-04-12,30,2507,16,1920,13,513,1,74,15,614,17,990,16,1604,Not in California
Unknown,2021-04-13,32,2539,16,1936,16,529,0,74,14,609,19,1009,14,1618,Not in California
Unknown,2021-04-14,22,2561,4,1940,18,547,0,74,8,600,17,1026,8,1626,Not in California
Unknown,2021-04-15,26,2587,12,1952,13,560,1,75,14,598,16,1042,14,1640,Not in California
Unknown,2021-04-16,17,2604,9,1961,8,568,0,75,6,594,10,1052,6,1646,Not in California
Unknown,2021-04-17,18,2622,12,1973,6,574,0,75,3,585,13,1065,4,1650,Not in California
Unknown,2021-04-18,15,2637,6,1979,9,583,0,75,7,582,10,1075,7,1657,Not in California
Unknown,2021-04-19,25,2662,14,1993,11,594,0,75,15,585,12,1087,15,1672,Not in California
Unknown,2021-04-20,19,2681,10,2003,9,603,0,75,5,574,16,1103,5,1677,Not in California
Unknown,2021-04-21,32,2713,12,2015,20,623,0,75,21,574,21,1124,21,1698,Not in California
Unknown,2021-04-22,19,2732,11,2026,8,631,0,75,11,570,15,1139,11,1709,Not in California
Unknown,2021-04-23,30,2762,14,2040,16,647,0,75,19,577,12,1151,19,1728,Not in California
Unknown,2021-04-24,21,2783,12,2052,9,656,0,75,18,586,9,1160,18,1746,Not in California
Unknown,2021-04-25,20,2803,9,2061,11,667,0,75,11,586,11,1171,11,1757,Not in California
Unknown,2021-04-26,29,2832,16,2077,13,680,0,75,15,586,15,1186,15,1772,Not in California
Unknown,2021-04-27,48,2880,22,2099,17,697,9,84,20,587,28,1214,29,1801,Not in California
Unknown,2021-04-28,25,2905,18,2117,5,702,2,86,8,579,18,1232,10,1811,Not in California
Unknown,2021-04-29,28,2933,18,2135,10,712,0,86,13,575,17,1249,13,1824,Not in California
Unknown,2021-04-30,25,2958,12,2147,9,721,4,90,20,587,12,1261,24,1848,Not in California
Unknown,2021-05-01,27,2985,21,2168,6,727,0,90,16,592,11,1272,16,1864,Not in California
Unknown,2021-05-02,11,2996,5,2173,6,733,0,90,3,588,7,1279,3,1867,Not in California
Unknown,2021-05-03,22,3018,15,2188,4,737,3,93,6,580,16,1295,8,1875,Not in California
Unknown,2021-05-04,18,3036,8,2196,6,743,4,97,5,574,15,1310,9,1884,Not in California
Unknown,2021-05-05,25,3061,7,2203,17,760,1,98,15,577,13,1323,16,1900,Not in California
Unknown,2021-05-06,28,3089,15,2218,6,766,7,105,10,574,20,1343,17,1917,Not in California
Unknown,2021-05-07,23,3112,12,2230,8,774,3,108,16,579,14,1357,19,1936,Not in California
Unknown,2021-05-08,11,3123,7,2237,2,776,2,110,8,584,5,1362,10,1946,Not in California
Unknown,2021-05-09,16,3139,4,2241,8,784,4,114,10,590,8,1370,14,1960,Not in California
Unknown,2021-05-10,16,3155,9,2250,4,788,3,117,6,586,13,1383,9,1969,Not in California
Unknown,2021-05-11,32,3187,14,2264,10,798,8,125,20,599,15,1398,28,1997,Not in California
Unknown,2021-05-12,67,3254,36,2300,21,819,10,135,49,639,19,1417,59,2056,Not in California
Unknown,2021-05-13,80,3334,46,2346,24,843,10,145,70,703,17,1434,81,2137,Not in California
Unknown,2021-05-14,18,3352,15,2361,2,845,1,146,16,712,7,1441,16,2153,Not in California
Unknown,2021-05-15,16,3368,14,2375,2,847,0,146,17,722,7,1448,17,2170,Not in California
Unknown,2021-05-16,20,3388,14,2389,5,852,1,147,14,730,7,1455,15,2185,Not in California
Unknown,2021-05-17,20,3408,15,2404,3,855,2,149,17,741,8,1463,19,2204,Not in California
Unknown,2021-05-18,30,3438,20,2424,8,863,2,151,24,755,12,1475,26,2230,Not in California
Unknown,2021-05-19,35,3473,26,2450,8,871,1,152,21,761,16,1491,22,2252,Not in California
Unknown,2021-05-20,277,3750,209,2659,61,932,7,159,248,988,28,1519,255,2507,Not in California
Unknown,2021-05-21,288,4038,211,2870,64,996,13,172,254,1221,34,1553,267,2774,Not in California
Unknown,2021-05-22,231,4269,170,3040,57,1053,4,176,205,1404,26,1579,209,2983,Not in California
Unknown,2021-05-23,177,4446,132,3172,35,1088,10,186,155,1547,22,1601,165,3148,Not in California
Unknown,2021-05-24,8,4454,5,3177,2,1090,1,187,4,1548,4,1605,5,3153,Not in California
Unknown,2021-05-25,17,4471,6,3183,5,1095,6,193,8,1553,9,1614,14,3167,Not in California
Unknown,2021-05-26,10,4481,7,3190,2,1097,1,194,5,1554,5,1619,6,3173,Not in California
Unknown,2021-05-27,22,4503,15,3205,5,1102,2,196,9,1553,12,1631,11,3184,Not in California
Unknown,2021-05-28,23,4526,13,3218,5,1107,5,201,13,1561,10,1641,18,3202,Not in California
Unknown,2021-05-29,11,4537,10,3228,1,1108,0,201,7,1564,4,1645,7,3209,Not in California
Unknown,2021-05-30,6,4543,4,3232,1,1109,1,202,3,1565,3,1648,4,3213,Not in California
Unknown,2021-05-31,1,4544,1,3233,0,1109,0,202,0,1564,1,1649,0,3213,Not in California
Unknown,2021-06-01,28,4572,16,3249,6,1115,6,208,16,1574,12,1661,22,3235,Not in California
Unknown,2021-06-02,7,4579,3,3252,4,1119,0,208,3,1573,4,1665,3,3238,Not in California
Unknown,2021-06-03,98,4677,92,3344,6,1125,0,208,77,1629,21,1686,77,3315,Not in California
Unknown,2021-06-04,340,5017,278,3622,57,1182,5,213,300,1894,40,1726,305,3620,Not in California
Unknown,2021-06-05,308,5325,255,3877,45,1227,8,221,279,2152,29,1755,287,3907,Not in California
Unknown,2021-06-06,227,5552,204,4081,11,1238,12,233,191,2319,36,1791,203,4110,Not in California
Unknown,2021-06-07,301,5853,226,4307,67,1305,8,241,267,2560,34,1825,275,4385,Not in California
Unknown,2021-06-08,273,6126,214,4521,51,1356,8,249,234,2764,38,1863,242,4627,Not in California
Unknown,2021-06-09,81,6207,74,4595,6,1362,1,250,70,2825,10,1873,71,4698,Not in California
Alameda,2020-12-15,37,37,37,37,0,0,0,0,37,37,0,0,37,37,California
Alameda,2020-12-16,209,246,209,246,0,0,0,0,209,246,0,0,209,246,California
Alameda,2020-12-17,508,754,508,754,0,0,0,0,508,754,0,0,508,754,California
Alameda,2020-12-18,1917,2671,1916,2670,1,1,0,0,1917,2671,0,0,1917,2671,California
Alameda,2020-12-19,1427,4098,1427,4097,0,1,0,0,1427,4098,0,0,1427,4098,California
Alameda,2020-12-20,1181,5279,1180,5277,1,2,0,0,1180,5277,1,1,1180,5278,California
Alameda,2020-12-21,1852,7131,1850,7127,2,4,0,0,1851,7128,0,1,1851,7129,California
Alameda,2020-12-22,2102,9233,2049,9176,53,57,0,0,2101,9229,0,1,2101,9230,California
Alameda,2020-12-23,1930,11163,1672,10848,258,315,0,0,1931,11160,0,1,1931,11161,California
Alameda,2020-12-24,1216,12379,759,11607,457,772,0,0,1216,12376,0,1,1216,12377,California
Alameda,2020-12-25,165,12544,128,11735,37,809,0,0,165,12541,0,1,165,12542,California
Alameda,2020-12-26,859,13403,324,12059,535,1344,0,0,859,13400,0,1,859,13401,California
Alameda,2020-12-27,495,13898,254,12313,241,1585,0,0,495,13895,0,1,495,13896,California
Alameda,2020-12-28,1872,15770,957,13270,915,2500,0,0,1872,15767,0,1,1872,15768,California
Alameda,2020-12-29,2483,18253,1077,14347,1406,3906,0,0,2482,18249,0,1,2482,18250,California
Alameda,2020-12-30,3084,21337,1325,15672,1759,5665,0,0,3084,21333,0,1,3084,21334,California
Alameda,2020-12-31,1799,23136,447,16119,1352,7017,0,0,1797,23129,1,2,1797,23131,California
Alameda,2021-01-01,175,23311,73,16192,102,7119,0,0,174,23302,1,3,174,23305,California
Alameda,2021-01-02,730,24041,527,16719,203,7322,0,0,729,24031,0,3,729,24034,California
Alameda,2021-01-03,339,24380,219,16938,120,7442,0,0,333,24358,6,9,333,24367,California
Alameda,2021-01-04,1640,26020,937,17875,703,8145,0,0,1603,25925,36,45,1603,25970,California
Alameda,2021-01-05,2209,28229,1279,19154,930,9075,0,0,1954,27627,252,297,1954,27924,California
Alameda,2021-01-06,3263,31492,1802,20956,1461,10536,0,0,2387,29143,873,1170,2389,30313,California
Alameda,2021-01-07,3813,35305,2147,23103,1666,12202,0,0,2627,30598,1177,2347,2632,32945,California
Alameda,2021-01-08,4763,40068,2724,25827,2039,14241,0,0,3024,31900,1733,4080,3035,35980,California
Alameda,2021-01-09,2034,42102,1387,27214,647,14888,0,0,1171,32215,863,4943,1178,37158,California
Alameda,2021-01-10,1060,43162,841,28055,219,15107,0,0,425,32004,636,5579,425,37583,California
Alameda,2021-01-11,4650,47812,3518,31573,1132,16239,0,0,2849,33060,1800,7379,2856,40439,California
Alameda,2021-01-12,4852,52664,3268,34841,1584,17823,0,0,3457,35138,1394,8773,3472,43911,California
Alameda,2021-01-13,5019,57683,2648,37489,2371,20194,0,0,3830,37788,1186,9959,3836,47747,California
Alameda,2021-01-14,5647,63330,2781,40270,2866,23060,0,0,4762,41678,876,10835,4766,52513,California
Alameda,2021-01-15,5824,69154,2304,42574,3520,26580,0,0,5059,45983,758,11593,5063,57576,California
Alameda,2021-01-16,3007,72161,1405,43979,1602,28182,0,0,2738,48453,269,11862,2739,60315,California
Alameda,2021-01-17,1877,74038,1088,45067,789,28971,0,0,1672,49922,204,12066,1673,61988,California
Alameda,2021-01-18,3179,77217,2036,47103,1143,30114,0,0,2588,51926,586,12652,2590,64578,California
Alameda,2021-01-19,5521,82738,3321,50424,2200,32314,0,0,4329,55067,1190,13842,4331,68909,California
Alameda,2021-01-20,6805,89543,4112,54536,2693,35007,0,0,5507,59297,1285,15127,5515,74424,California
Alameda,2021-01-21,7804,97347,3429,57965,4375,39382,0,0,6961,65427,836,15963,6966,81390,California
Alameda,2021-01-22,6865,104212,2039,60004,4826,44208,0,0,5721,70017,1135,17098,5725,87115,California
Alameda,2021-01-23,3290,107502,958,60962,2332,46540,0,0,2733,72194,556,17654,2733,89848,California
Alameda,2021-01-24,2037,109539,653,61615,1384,47924,0,0,1764,73688,270,17924,1764,91612,California
Alameda,2021-01-25,5199,114738,1980,63595,3219,51143,0,0,3624,75747,1567,19491,3626,95238,California
Alameda,2021-01-26,7338,122076,2326,65921,5012,56155,0,0,5452,79324,1878,21369,5455,100693,California
Alameda,2021-01-27,6721,128797,2089,68010,4632,60787,0,0,4863,82348,1848,23217,4872,105565,California
Alameda,2021-01-28,7885,136682,2562,70572,5323,66110,0,0,5647,85778,2222,25439,5652,111217,California
Alameda,2021-01-29,7995,144677,3206,73778,4789,70899,0,0,6152,90107,1832,27271,6161,117378,California
Alameda,2021-01-30,3438,148115,1687,75465,1751,72650,0,0,2722,92119,710,27981,2722,120100,California
Alameda,2021-01-31,1925,150040,952,76417,973,73623,0,0,1687,93571,235,28216,1687,121787,California
Alameda,2021-02-01,6475,156515,3884,80301,2591,76214,0,0,4334,95774,2132,30348,4335,126122,California
Alameda,2021-02-02,7020,163535,3783,84084,3237,79451,0,0,4696,98153,2317,32665,4696,130818,California
Alameda,2021-02-03,7051,170586,3713,87797,3338,82789,0,0,4363,99840,2681,35346,4368,135186,California
Alameda,2021-02-04,9479,180065,4131,91928,5348,88137,0,0,6367,103113,3099,38445,6372,141558,California
Alameda,2021-02-05,10282,190347,5362,97290,4920,93057,0,0,6415,105673,3861,42306,6421,147979,California
Alameda,2021-02-06,6961,197308,4419,101709,2542,95599,0,0,5831,110374,1130,43436,5831,153810,California
Alameda,2021-02-07,3581,200889,2891,104600,690,96289,0,0,2635,112067,943,44379,2636,156446,California
Alameda,2021-02-08,8097,208986,5801,110401,2296,98585,0,0,5532,115044,2557,46936,5534,161980,California
Alameda,2021-02-09,9676,218662,5823,116224,3853,102438,0,0,6025,117437,3634,50570,6027,168007,California
Alameda,2021-02-10,11463,230125,6775,122999,4688,107126,0,0,6541,119080,4906,55476,6549,174556,California
Alameda,2021-02-11,13962,244087,8028,131027,5934,113060,0,0,8368,121877,5574,61050,8371,182927,California
Alameda,2021-02-12,12520,256607,5694,136721,6826,119886,0,0,7735,124846,4769,65819,7738,190665,California
Alameda,2021-02-13,7799,264406,4058,140779,3741,123627,0,0,5825,128705,1969,67788,5828,196493,California
Alameda,2021-02-14,4051,268457,2552,143331,1499,125126,0,0,2869,130399,1178,68966,2872,199365,California
Alameda,2021-02-15,5672,274129,3189,146520,2483,127609,0,0,3690,132111,1980,70946,3692,203057,California
Alameda,2021-02-16,12530,286659,6974,153494,5556,133165,0,0,9309,138216,3210,74156,9315,212372,California
Alameda,2021-02-17,14167,300826,8413,161907,5754,138919,0,0,10516,145101,3633,77789,10518,222890,California
Alameda,2021-02-18,15894,316720,10100,172007,5794,144713,0,0,11545,152312,4340,82129,11551,234441,California
Alameda,2021-02-19,17854,334574,11590,183597,6264,150977,0,0,11804,158095,6026,88155,11809,246250,California
Alameda,2021-02-20,12030,346604,9716,193313,2314,153291,0,0,9249,164574,2776,90931,9255,255505,California
Alameda,2021-02-21,7809,354413,6846,200159,963,154254,0,0,5290,167356,2508,93439,5290,260795,California
Alameda,2021-02-22,10974,365387,8083,208242,2891,157145,0,0,6883,170171,4077,97516,6892,267687,California
Alameda,2021-02-23,13005,378392,7927,216169,5078,162223,0,0,8094,173372,4900,102416,8101,275788,California
Alameda,2021-02-24,14849,393241,8350,224519,6499,168722,0,0,9606,177804,5180,107596,9612,285400,California
Alameda,2021-02-25,16018,409259,9300,233819,6718,175440,0,0,10129,182085,5857,113453,10138,295538,California
Alameda,2021-02-26,18665,427924,10883,244702,7782,183222,0,0,11847,187164,6772,120225,11851,307389,California
Alameda,2021-02-27,15170,443094,11187,255889,3981,187203,2,2,9377,190777,5768,125993,9381,316770,California
Alameda,2021-02-28,10125,453219,8443,264332,1682,188885,0,2,6556,193792,3542,129535,6557,323327,California
Alameda,2021-03-01,14083,467302,9734,274066,4338,193223,11,13,8613,197003,5422,134957,8633,331960,California
Alameda,2021-03-02,15052,482354,10823,284889,4228,197451,1,14,9856,201691,5176,140133,9864,341824,California
Alameda,2021-03-03,15704,498058,10274,295163,5427,202878,3,17,10740,207501,4937,145070,10747,352571,California
Alameda,2021-03-04,17440,515498,11207,306370,6231,209109,2,19,10993,212082,6414,151484,10995,363566,California
Alameda,2021-03-05,16259,531757,10655,317025,5594,214703,10,29,10981,217847,5233,156717,10998,374564,California
Alameda,2021-03-06,14558,546315,10279,327304,4014,218717,265,294,9648,222899,4861,161578,9913,384477,California
Alameda,2021-03-07,9792,556107,8521,335825,1188,219905,83,377,6982,227184,2782,164360,7067,391544,California
Alameda,2021-03-08,11962,568069,7468,343293,4117,224022,377,754,8951,233551,2960,167320,9327,400871,California
Alameda,2021-03-09,14697,582766,10330,353623,3936,227958,431,1185,8014,235348,6648,173968,8445,409316,California
Alameda,2021-03-10,17496,600262,12147,365770,4793,232751,556,1741,7891,234214,9576,183544,8442,417758,California
Alameda,2021-03-11,19786,620048,11597,377367,6476,239227,1713,3454,6725,229608,13031,196575,8425,426183,California
Alameda,2021-03-12,21381,641429,12539,389906,7136,246363,1706,5160,7372,224695,13979,210554,9066,435249,California
Alameda,2021-03-13,16077,657506,10332,400238,4745,251108,1000,6160,5064,219776,10977,221531,6058,441307,California
Alameda,2021-03-14,10896,668402,8028,408266,2082,253190,786,6946,3303,216285,7571,229102,4080,445387,California
Alameda,2021-03-15,14480,682882,9476,417742,4474,257664,530,7476,6248,214859,8201,237303,6775,452162,California
Alameda,2021-03-16,17231,700113,11196,428938,5499,263163,536,8012,7350,212918,9828,247131,7887,460049,California
Alameda,2021-03-17,17520,717633,9895,438833,6905,270068,720,8732,8067,212291,9410,256541,8783,468832,California
Alameda,2021-03-18,19218,736851,10475,449308,7841,277909,902,9634,8647,211306,10538,267079,9553,478385,California
Alameda,2021-03-19,19433,756284,10672,459980,6963,284872,1798,11432,7568,208847,11815,278894,9356,487741,California
Alameda,2021-03-20,15797,772081,10351,470331,4588,289460,858,12290,6314,206564,9450,288344,7167,494908,California
Alameda,2021-03-21,9239,781320,7266,477597,1420,290880,553,12843,3395,204679,5833,294177,3948,498856,California
Alameda,2021-03-22,15068,796388,10153,487750,3903,294783,1012,13855,6806,204258,8231,302408,7810,506666,California
Alameda,2021-03-23,19349,815737,11739,499489,6794,301577,816,14671,9789,205357,9509,311917,10608,517274,California
Alameda,2021-03-24,19300,835037,11707,511196,6567,308144,1026,15697,8395,203927,10840,322757,9410,526684,California
Alameda,2021-03-25,20581,855618,11443,522639,7727,315871,1411,17108,9382,203579,11129,333886,10781,537465,California
Alameda,2021-03-26,21003,876621,12693,535332,6745,322616,1565,18673,8452,201078,12504,346390,10003,547468,California
Alameda,2021-03-27,18389,895010,12554,547886,4881,327497,954,19627,7532,198743,10809,357199,8474,555942,California
Alameda,2021-03-28,10668,905678,8692,556578,1774,329271,202,19829,3466,195229,7187,364386,3673,559615,California
Alameda,2021-03-29,14757,920435,9457,566035,4304,333575,996,20825,5860,193223,8860,373246,6854,566469,California
Alameda,2021-03-30,18632,939067,9839,575874,7070,340645,1723,22548,9274,194889,9322,382568,10988,577457,California
Alameda,2021-03-31,19413,958480,10252,586126,7051,347696,2110,24658,9091,195785,10293,392861,11189,588646,California
Alameda,2021-04-01,23366,981846,10029,596155,7651,355347,5686,30344,11051,200235,12262,405123,16712,605358,California
Alameda,2021-04-02,24137,1005983,9936,606091,8326,363673,5875,36219,11662,205304,12437,417560,17506,622864,California
Alameda,2021-04-03,20381,1026364,9820,615911,5696,369369,4865,41084,10305,210414,10052,427612,15162,638026,California
Alameda,2021-04-04,9976,1036340,3988,619899,2276,371645,3712,44796,3450,211065,6506,434118,7157,645183,California
Alameda,2021-04-05,17853,1054193,7521,627420,5515,377160,4817,49613,7250,212551,10577,444695,12063,657246,California
Alameda,2021-04-06,22233,1076426,10689,638109,5671,382831,5873,55486,10073,216355,12123,456818,15927,673173,California
Alameda,2021-04-07,22606,1099032,11589,649698,5533,388364,5484,60970,11446,222156,11114,467932,16915,690088,California
Alameda,2021-04-08,25600,1124632,11531,661229,6048,394412,8021,68991,10936,226507,14584,482516,18935,709023,California
Alameda,2021-04-09,23451,1148083,10694,671923,7507,401919,5250,74241,12089,232516,11328,493844,17337,726360,California
Alameda,2021-04-10,19296,1167379,7459,679382,5642,407561,6195,80436,8216,235854,11053,504897,14391,740751,California
Alameda,2021-04-11,11022,1178401,4810,684192,2250,409811,3962,84398,4490,237777,6513,511410,8436,749187,California
Alameda,2021-04-12,18123,1196524,11779,695971,4360,414171,1984,86382,10248,242168,7838,519248,12229,761416,California
Alameda,2021-04-13,23127,1219651,14680,710651,8387,422558,60,86442,17063,253292,6011,525259,17135,778551,California
Alameda,2021-04-14,23215,1242866,15266,725917,7948,430506,1,86443,15712,261558,7465,532724,15731,794282,California
Alameda,2021-04-15,24211,1267077,15467,741384,8742,439248,2,86445,16111,269655,8038,540762,16135,810417,California
Alameda,2021-04-16,24432,1291509,14420,755804,10007,449255,5,86450,15737,276776,8636,549398,15757,826174,California
Alameda,2021-04-17,20883,1312392,14443,770247,6439,455694,1,86451,14441,284826,6407,555805,14457,840631,California
Alameda,2021-04-18,9984,1322376,7653,777900,2331,458025,0,86451,6908,288695,3046,558851,6915,847546,California
Alameda,2021-04-19,15659,1338035,9752,787652,5906,463931,1,86452,9090,291266,6529,565380,9100,856646,California
Alameda,2021-04-20,18164,1356199,11125,798777,7037,470968,2,86454,9989,293152,8127,573507,10013,866659,California
Alameda,2021-04-21,19149,1375348,11210,809987,7928,478896,11,86465,11200,296484,7896,581403,11228,877887,California
Alameda,2021-04-22,21418,1396766,13796,823783,7618,486514,4,86469,11419,297989,9943,591346,11448,889335,California
Alameda,2021-04-23,21830,1418596,14118,837901,7708,494222,4,86473,12252,300756,9516,600862,12283,901618,California
Alameda,2021-04-24,18988,1437584,14430,852331,4550,498772,8,86481,10065,301962,8877,609739,10083,911701,California
Alameda,2021-04-25,9004,1446588,7005,859336,1998,500770,1,86482,5903,304801,3074,612813,5913,917614,California
Alameda,2021-04-26,14393,1460981,9965,869301,4402,505172,26,86508,8974,308425,5385,618198,9009,926623,California
Alameda,2021-04-27,16310,1477291,9653,878954,6290,511462,367,86875,7727,308011,8531,626729,8117,934740,California
Alameda,2021-04-28,16453,1493744,10397,889351,5591,517053,465,87340,6693,305455,9727,636456,7171,941911,California
Alameda,2021-04-29,17204,1510948,10312,899663,6562,523615,330,87670,6408,301475,10739,647195,6759,948670,California
Alameda,2021-04-30,19471,1530419,11997,911660,7132,530747,342,88012,7896,298257,11496,658691,8278,956948,California
Alameda,2021-05-01,13993,1544412,9356,921016,4430,535177,207,88219,5230,294998,8724,667415,5465,962413,California
Alameda,2021-05-02,7076,1551488,4936,925952,1971,537148,169,88388,2896,293905,4162,671577,3069,965482,California
Alameda,2021-05-03,14518,1566006,10929,936881,3269,540417,320,88708,2853,285488,11618,683195,3201,968683,California
Alameda,2021-05-04,18333,1584339,13154,950035,4819,545236,360,89068,3686,274985,14580,697775,4077,972760,California
Alameda,2021-05-05,18349,1602688,13333,963368,4506,549742,510,89578,3727,264677,14558,712333,4250,977010,California
Alameda,2021-05-06,18692,1621380,14131,977499,3862,553604,699,90277,3666,254106,14951,727284,4380,981390,California
Alameda,2021-05-07,19183,1640563,12898,990397,5871,559475,414,90691,4403,244231,14708,741992,4833,986223,California
Alameda,2021-05-08,16478,1657041,11273,1001670,4994,564469,211,90902,3104,234227,13335,755327,3331,989554,California
Alameda,2021-05-09,8537,1665578,6988,1008658,1406,565875,143,91045,1453,228765,7062,762389,1600,991154,California
Alameda,2021-05-10,10126,1675704,6939,1015597,2863,568738,324,91369,2522,224047,7573,769962,2855,994009,California
Alameda,2021-05-11,15247,1690951,8206,1023803,6727,575465,314,91683,2811,214821,12386,782348,3160,997169,California
Alameda,2021-05-12,13337,1704288,8876,1032679,4019,579484,442,92125,2989,207980,10302,792650,3461,1000630,California
Alameda,2021-05-13,17694,1721982,12704,1045383,4446,583930,544,92669,5674,202265,11968,804618,6253,1006883,California
Alameda,2021-05-14,20480,1742462,13877,1059260,6137,590067,466,93135,7043,196426,13362,817980,7523,1014406,California
Alameda,2021-05-15,17068,1759530,12422,1071682,4419,594486,227,93362,5774,191183,11249,829229,6006,1020412,California
Alameda,2021-05-16,8388,1767918,7169,1078851,1126,595612,93,93455,2795,188514,5562,834791,2893,1023305,California
Alameda,2021-05-17,13355,1781273,9939,1088790,2887,598499,529,93984,4146,184033,9171,843962,4690,1027995,California
Alameda,2021-05-18,14162,1795435,10296,1099086,3444,601943,422,94406,5010,180360,9109,853071,5436,1033431,California
Alameda,2021-05-19,14433,1809868,9896,1108982,4201,606144,336,94742,5994,178303,8388,861459,6331,1039762,California
Alameda,2021-05-20,13174,1823042,8725,1117707,3914,610058,535,95277,5752,177220,7371,868830,6288,1046050,California
Alameda,2021-05-21,15225,1838267,10005,1127712,4951,615009,269,95546,5171,172679,9987,878817,5446,1051496,California
Alameda,2021-05-22,10249,1848516,7398,1135110,2689,617698,162,95708,4142,170908,6080,884897,4309,1055805,California
Alameda,2021-05-23,4904,1853420,3722,1138832,1093,618791,89,95797,1594,169302,3290,888187,1684,1057489,California
Alameda,2021-05-24,6957,1860377,3957,1142789,2748,621539,252,96049,2648,167939,4268,892455,2905,1060394,California
Alameda,2021-05-25,7991,1868368,5170,1147959,2565,624104,256,96305,3590,167414,4367,896822,3842,1064236,California
Alameda,2021-05-26,8245,1876613,5151,1153110,2794,626898,300,96605,3631,166749,4590,901412,3925,1068161,California
Alameda,2021-05-27,8088,1884701,4864,1157974,2876,629774,348,96953,3432,165909,4615,906027,3775,1071936,California
Alameda,2021-05-28,8610,1893311,5043,1163017,3342,633116,225,97178,3662,164876,4922,910949,3889,1075825,California
Alameda,2021-05-29,4913,1898224,2965,1165982,1763,634879,185,97363,2546,165261,2348,913297,2733,1078558,California
Alameda,2021-05-30,2432,1900656,1593,1167575,750,635629,89,97452,969,164864,1455,914752,1058,1079616,California
Alameda,2021-05-31,1153,1901809,854,1168429,244,635873,55,97507,346,164472,793,915545,401,1080017,California
Alameda,2021-06-01,7083,1908892,4979,1173408,1864,637737,240,97747,3079,163814,3979,919524,3321,1083338,California
Alameda,2021-06-02,5785,1914677,3603,1177011,1964,639701,218,97965,2237,162744,3518,923042,2448,1085786,California
Alameda,2021-06-03,8470,1923147,6401,1183412,1789,641490,280,98245,2945,160479,5487,928529,3222,1089008,California
Alameda,2021-06-04,10455,1933602,7710,1191122,2493,643983,252,98497,2969,156250,7450,935979,3221,1092229,California
Alameda,2021-06-05,7990,1941592,5805,1196927,2021,646004,164,98661,1893,152246,6060,942039,2056,1094285,California
Alameda,2021-06-06,3626,1945218,3279,1200206,269,646273,78,98739,1092,150892,2523,944562,1169,1095454,California
Alameda,2021-06-07,5790,1951008,4235,1204441,1383,647656,172,98911,1774,148843,3996,948558,1947,1097401,California
Alameda,2021-06-08,7198,1958206,5734,1210175,1217,648873,247,99158,2101,146121,5067,953625,2345,1099746,California
Alameda,2021-06-09,5490,1963696,4428,1214603,900,649773,162,99320,1369,143543,4105,957730,1527,1101273,California
Alameda,2021-06-10,5025,1968721,4269,1218872,537,650310,219,99539,1451,141641,3570,961300,1668,1102941,California
Alpine,2020-12-18,2,2,2,2,0,0,0,0,2,2,0,0,2,2,California
Alpine,2020-12-19,2,4,2,4,0,0,0,0,2,4,0,0,2,4,California
Alpine,2020-12-21,2,6,2,6,0,0,0,0,2,6,0,0,2,6,California
Alpine,2020-12-30,14,20,0,6,14,14,0,0,14,20,0,0,14,20,California
Alpine,2020-12-31,1,21,0,6,1,15,0,0,1,21,0,0,1,21,California
Alpine,2021-01-01,1,22,0,6,1,16,0,0,1,22,0,0,1,22,California
Alpine,2021-01-02,1,23,1,7,0,16,0,0,1,23,0,0,1,23,California
Alpine,2021-01-04,10,33,0,7,10,26,0,0,10,33,0,0,10,33,California
Alpine,2021-01-05,9,42,1,8,8,34,0,0,9,42,0,0,9,42,California
Alpine,2021-01-06,31,73,0,8,31,65,0,0,31,73,0,0,31,73,California
Alpine,2021-01-07,8,81,0,8,8,73,0,0,8,81,0,0,8,81,California
Alpine,2021-01-08,4,85,2,10,2,75,0,0,2,81,2,2,2,83,California
Alpine,2021-01-09,2,87,2,12,0,75,0,0,0,79,2,4,0,83,California
Alpine,2021-01-11,32,119,1,13,31,106,0,0,31,109,1,5,31,114,California
Alpine,2021-01-13,35,154,0,13,35,141,0,0,35,144,0,5,35,149,California
Alpine,2021-01-14,1,155,0,13,1,142,0,0,1,145,0,5,1,150,California
Alpine,2021-01-15,1,156,0,13,1,143,0,0,1,146,0,5,1,151,California
Alpine,2021-01-20,21,177,0,13,21,164,0,0,21,167,0,5,21,172,California
Alpine,2021-01-21,1,178,0,13,1,165,0,0,1,168,0,5,1,173,California
Alpine,2021-01-22,33,211,0,13,33,198,0,0,33,201,0,5,33,206,California
Alpine,2021-01-23,1,212,1,14,0,198,0,0,0,200,1,6,0,206,California
Alpine,2021-01-25,16,228,0,14,16,214,0,0,16,216,0,6,16,222,California
Alpine,2021-01-27,1,229,1,15,0,214,0,0,0,215,1,7,0,222,California
Alpine,2021-01-28,1,230,0,15,1,215,0,0,0,214,1,8,0,222,California
Alpine,2021-01-29,1,231,0,15,1,216,0,0,1,215,0,8,1,223,California
Alpine,2021-02-01,25,256,0,15,25,241,0,0,7,204,18,26,7,230,California
Alpine,2021-02-03,34,290,0,15,34,275,0,0,10,190,24,50,10,240,California
Alpine,2021-02-04,8,298,0,15,8,283,0,0,3,188,5,55,3,243,California
Alpine,2021-02-05,31,329,0,15,31,314,0,0,12,181,19,74,12,255,California
Alpine,2021-02-08,32,361,0,15,32,346,0,0,4,157,28,102,4,259,California
Alpine,2021-02-10,34,395,0,15,34,380,0,0,0,123,34,136,0,259,California
Alpine,2021-02-11,6,401,0,15,6,386,0,0,3,123,3,139,3,262,California
Alpine,2021-02-12,1,402,0,15,1,387,0,0,0,122,1,140,0,262,California
Alpine,2021-02-17,23,425,0,15,23,410,0,0,3,105,20,160,3,265,California
Alpine,2021-02-18,2,427,0,15,2,412,0,0,1,105,1,161,1,266,California
Alpine,2021-02-19,34,461,1,16,33,445,0,0,2,75,32,193,2,268,California
Alpine,2021-02-22,27,488,0,16,27,472,0,0,8,64,19,212,8,276,California
Alpine,2021-02-24,1,489,1,17,0,472,0,0,1,65,0,212,1,277,California
Alpine,2021-02-25,6,495,1,18,5,477,0,0,6,71,0,212,6,283,California
Alpine,2021-02-26,30,525,1,19,29,506,0,0,29,99,1,213,29,312,California
Alpine,2021-02-27,1,526,0,19,1,507,0,0,1,100,0,213,1,313,California
Alpine,2021-03-01,36,562,0,19,36,543,0,0,26,116,10,223,26,339,California
Alpine,2021-03-03,29,591,0,19,29,572,0,0,18,123,11,234,18,357,California
Alpine,2021-03-04,11,602,1,20,10,582,0,0,11,134,0,234,11,368,California
Alpine,2021-03-05,30,632,0,20,30,612,0,0,22,148,8,242,22,390,California
Alpine,2021-03-08,31,663,0,20,31,643,0,0,29,175,2,244,29,419,California
Alpine,2021-03-10,73,736,0,20,73,716,0,0,73,248,0,244,73,492,California
Alpine,2021-03-11,35,771,0,20,35,751,0,0,31,275,4,248,31,523,California
Alpine,2021-03-12,19,790,0,20,19,770,0,0,17,290,2,250,17,540,California
Alpine,2021-03-15,20,810,0,20,20,790,0,0,19,308,1,251,19,559,California
Alpine,2021-03-17,23,833,0,20,22,812,1,1,19,324,4,255,20,579,California
Alpine,2021-03-18,38,871,3,23,35,847,0,1,35,356,3,258,35,614,California
Alpine,2021-03-19,2,873,1,24,1,848,0,1,1,356,1,259,1,615,California
Alpine,2021-03-22,24,897,0,24,24,872,0,1,15,362,9,268,15,630,California
Alpine,2021-03-24,19,916,0,24,19,891,0,1,8,359,11,279,8,638,California
Alpine,2021-03-25,35,951,1,25,33,924,1,2,27,380,7,286,28,666,California
Alpine,2021-03-27,1,952,0,25,1,925,0,2,0,379,1,287,0,666,California
Alpine,2021-03-28,1,953,1,26,0,925,0,2,1,380,0,287,1,667,California
Alpine,2021-03-29,19,972,0,26,18,943,1,3,2,366,17,304,3,670,California
Alpine,2021-04-01,18,990,0,26,18,961,0,3,8,364,10,314,8,678,California
Alpine,2021-04-02,100,1090,0,26,100,1061,0,3,45,355,54,368,45,723,California
Alpine,2021-04-05,3,1093,0,26,3,1064,0,3,0,352,3,371,0,723,California
Alpine,2021-04-06,3,1096,2,28,1,1065,0,3,2,353,1,372,2,725,California
Alpine,2021-04-07,117,1213,0,28,116,1181,1,4,30,298,86,458,31,756,California
Alpine,2021-04-08,36,1249,0,28,35,1216,1,5,10,283,26,484,11,767,California
Alpine,2021-04-09,2,1251,0,28,2,1218,0,5,2,285,0,484,2,769,California
Alpine,2021-04-14,47,1298,0,28,47,1265,0,5,10,258,37,521,10,779,California
Alpine,2021-04-15,35,1333,0,28,35,1300,0,5,3,229,32,553,3,782,California
Alpine,2021-04-19,1,1334,0,28,1,1301,0,5,1,230,0,553,1,783,California
Alpine,2021-04-21,31,1365,0,28,31,1332,0,5,15,229,16,569,15,798,California
Alpine,2021-04-22,24,1389,0,28,24,1356,0,5,1,207,23,592,1,799,California
Alpine,2021-04-25,1,1390,1,29,0,1356,0,5,0,206,1,593,0,799,California
Alpine,2021-04-27,2,1392,1,30,1,1357,0,5,1,206,1,594,1,800,California
Alpine,2021-04-28,36,1428,0,30,36,1393,0,5,6,182,30,624,6,806,California
Alpine,2021-04-29,6,1434,0,30,6,1399,0,5,0,176,6,630,0,806,California
Alpine,2021-04-30,2,1436,1,31,0,1399,1,6,1,177,1,631,2,808,California
Alpine,2021-05-02,1,1437,0,31,0,1399,1,7,0,177,1,632,1,809,California
Alpine,2021-05-05,17,1454,0,31,17,1416,0,7,4,168,13,645,4,813,California
Alpine,2021-05-06,8,1462,0,31,8,1424,0,7,0,160,8,653,0,813,California
Alpine,2021-05-07,1,1463,0,31,1,1425,0,7,0,159,1,654,0,813,California
Alpine,2021-05-10,1,1464,0,31,1,1426,0,7,1,160,0,654,1,814,California
Alpine,2021-05-12,1,1465,0,31,0,1426,1,8,0,160,1,655,1,815,California
Alpine,2021-05-13,3,1468,0,31,3,1429,0,8,0,157,3,658,0,815,California
Alpine,2021-05-17,2,1470,0,31,2,1431,0,8,1,157,1,659,1,816,California
Alpine,2021-05-18,1,1471,0,31,1,1432,0,8,1,158,0,659,1,817,California
Alpine,2021-05-19,15,1486,0,31,15,1447,0,8,0,143,15,674,0,817,California
Alpine,2021-05-21,1,1487,1,32,0,1447,0,8,0,142,1,675,0,817,California
Alpine,2021-05-25,1,1488,0,32,1,1448,0,8,0,141,1,676,0,817,California
Alpine,2021-05-27,1,1489,0,32,1,1449,0,8,1,142,0,676,1,818,California
Alpine,2021-05-28,2,1491,1,33,1,1450,0,8,2,144,0,676,2,820,California
Alpine,2021-05-29,1,1492,0,33,1,1451,0,8,1,145,0,676,1,821,California
Alpine,2021-06-02,8,1500,0,33,8,1459,0,8,1,139,7,683,1,822,California
Alpine,2021-06-04,1,1501,0,33,1,1460,0,8,1,140,0,683,1,823,California
Alpine,2021-06-07,1,1502,0,33,1,1461,0,8,0,139,1,684,0,823,California
Amador,2020-12-16,2,2,2,2,0,0,0,0,2,2,0,0,2,2,California
Amador,2020-12-17,5,7,5,7,0,0,0,0,5,7,0,0,5,7,California
Amador,2020-12-18,45,52,45,52,0,0,0,0,45,52,0,0,45,52,California
Amador,2020-12-19,16,68,16,68,0,0,0,0,16,68,0,0,16,68,California
Amador,2020-12-20,4,72,4,72,0,0,0,0,4,72,0,0,4,72,California
Amador,2020-12-21,31,103,31,103,0,0,0,0,31,103,0,0,31,103,California
Amador,2020-12-22,35,138,34,137,1,1,0,0,35,138,0,0,35,138,California
Amador,2020-12-23,40,178,39,176,1,2,0,0,40,178,0,0,40,178,California
Amador,2020-12-24,5,183,3,179,2,4,0,0,5,183,0,0,5,183,California
Amador,2020-12-26,5,188,4,183,1,5,0,0,5,188,0,0,5,188,California
Amador,2020-12-27,1,189,0,183,1,6,0,0,1,189,0,0,1,189,California
Amador,2020-12-28,30,219,26,209,4,10,0,0,30,219,0,0,30,219,California
Amador,2020-12-29,25,244,18,227,7,17,0,0,25,244,0,0,25,244,California
Amador,2020-12-30,122,366,76,303,46,63,0,0,122,366,0,0,122,366,California
Amador,2020-12-31,192,558,167,470,25,88,0,0,192,558,0,0,192,558,California
Amador,2021-01-01,2,560,0,470,2,90,0,0,2,560,0,0,2,560,California
Amador,2021-01-02,57,617,57,527,0,90,0,0,57,617,0,0,57,617,California
Amador,2021-01-03,65,682,17,544,48,138,0,0,65,682,0,0,65,682,California
Amador,2021-01-04,124,806,1,545,123,261,0,0,124,806,0,0,124,806,California
Amador,2021-01-05,34,840,3,548,31,292,0,0,32,837,2,2,33,839,California
Amador,2021-01-06,40,880,10,558,30,322,0,0,36,869,4,6,36,875,California
Amador,2021-01-07,229,1109,69,627,160,482,0,0,217,1074,12,18,217,1092,California
Amador,2021-01-08,84,1193,69,696,15,497,0,0,41,1073,43,61,42,1134,California
Amador,2021-01-09,11,1204,11,707,0,497,0,0,2,1066,9,70,2,1136,California
Amador,2021-01-10,6,1210,4,711,2,499,0,0,2,1064,4,74,2,1138,California
Amador,2021-01-11,125,1335,44,755,81,580,0,0,88,1116,37,111,89,1227,California
Amador,2021-01-12,65,1400,50,805,15,595,0,0,41,1133,24,135,41,1268,California
Amador,2021-01-13,40,1440,24,829,16,611,0,0,28,1149,12,147,28,1296,California
Amador,2021-01-14,150,1590,22,851,128,739,0,0,140,1280,10,157,141,1437,California
Amador,2021-01-15,59,1649,25,876,34,773,0,0,51,1323,8,165,51,1488,California
Amador,2021-01-16,18,1667,12,888,6,779,0,0,12,1330,6,171,13,1501,California
Amador,2021-01-17,26,1693,5,893,21,800,0,0,26,1356,0,171,26,1527,California
Amador,2021-01-18,30,1723,26,919,4,804,0,0,9,1344,21,192,9,1536,California
Amador,2021-01-19,125,1848,100,1019,25,829,0,0,82,1383,43,235,82,1618,California
Amador,2021-01-20,182,2030,32,1051,150,979,0,0,168,1538,13,248,168,1786,California
Amador,2021-01-21,258,2288,228,1279,30,1009,0,0,147,1575,111,359,148,1934,California
Amador,2021-01-22,137,2425,74,1353,63,1072,0,0,130,1698,7,366,130,2064,California
Amador,2021-01-23,54,2479,33,1386,21,1093,0,0,51,1746,3,369,51,2115,California
Amador,2021-01-24,29,2508,12,1398,17,1110,0,0,26,1769,3,372,26,2141,California
Amador,2021-01-25,58,2566,28,1426,30,1140,0,0,41,1793,17,389,41,2182,California
Amador,2021-01-26,245,2811,17,1443,228,1368,0,0,235,2018,10,399,235,2417,California
Amador,2021-01-27,301,3112,33,1476,268,1636,0,0,254,2228,45,444,255,2672,California
Amador,2021-01-28,369,3481,97,1573,272,1908,0,0,288,2436,81,525,289,2961,California
Amador,2021-01-29,99,3580,33,1606,66,1974,0,0,84,2505,15,540,84,3045,California
Amador,2021-01-30,168,3748,36,1642,132,2106,0,0,163,2663,5,545,163,3208,California
Amador,2021-01-31,33,3781,28,1670,5,2111,0,0,32,2694,1,546,32,3240,California
Amador,2021-02-01,66,3847,24,1694,42,2153,0,0,39,2706,27,573,39,3279,California
Amador,2021-02-02,214,4061,64,1758,150,2303,0,0,127,2749,84,657,127,3406,California
Amador,2021-02-03,139,4200,38,1796,101,2404,0,0,88,2787,50,707,88,3494,California
Amador,2021-02-04,250,4450,74,1870,176,2580,0,0,164,2867,86,793,166,3660,California
Amador,2021-02-05,333,4783,63,1933,270,2850,0,0,316,3166,17,810,316,3976,California
Amador,2021-02-06,101,4884,82,2015,19,2869,0,0,96,3257,5,815,96,4072,California
Amador,2021-02-07,39,4923,35,2050,4,2873,0,0,35,3289,4,819,36,4108,California
Amador,2021-02-08,91,5014,63,2113,28,2901,0,0,73,3344,18,837,73,4181,California
Amador,2021-02-09,175,5189,82,2195,93,2994,0,0,109,3387,66,903,109,4290,California
Amador,2021-02-10,980,6169,81,2276,899,3893,0,0,946,4299,34,937,946,5236,California
Amador,2021-02-11,309,6478,120,2396,189,4082,0,0,198,4388,109,1046,198,5434,California
Amador,2021-02-12,329,6807,122,2518,207,4289,0,0,255,4569,74,1120,255,5689,California
Amador,2021-02-13,165,6972,82,2600,83,4372,0,0,141,4686,24,1144,141,5830,California
Amador,2021-02-14,123,7095,54,2654,69,4441,0,0,105,4773,18,1162,105,5935,California
Amador,2021-02-15,187,7282,61,2715,126,4567,0,0,170,4927,16,1178,170,6105,California
Amador,2021-02-16,466,7748,54,2769,412,4979,0,0,427,5316,39,1217,428,6533,California
Amador,2021-02-17,262,8010,83,2852,179,5158,0,0,164,5382,98,1315,164,6697,California
Amador,2021-02-18,395,8405,97,2949,298,5456,0,0,331,5649,64,1379,331,7028,California
Amador,2021-02-19,194,8599,77,3026,117,5573,0,0,110,5675,84,1463,110,7138,California
Amador,2021-02-20,95,8694,32,3058,63,5636,0,0,67,5714,28,1491,67,7205,California
Amador,2021-02-21,47,8741,34,3092,13,5649,0,0,14,5696,32,1523,14,7219,California
Amador,2021-02-22,66,8807,26,3118,40,5689,0,0,32,5695,33,1556,32,7251,California
Amador,2021-02-23,318,9125,53,3171,265,5954,0,0,138,5653,180,1736,138,7389,California
Amador,2021-02-24,397,9522,59,3230,338,6292,0,0,265,5790,128,1864,265,7654,California
Amador,2021-02-25,525,10047,120,3350,405,6697,0,0,279,5824,245,2109,279,7933,California
Amador,2021-02-26,634,10681,81,3431,553,7250,0,0,516,6223,117,2226,516,8449,California
Amador,2021-02-27,293,10974,95,3526,198,7448,0,0,101,6135,191,2417,103,8552,California
Amador,2021-02-28,106,11080,55,3581,51,7499,0,0,60,6151,46,2463,62,8614,California
Amador,2021-03-01,198,11278,69,3650,129,7628,0,0,126,6206,72,2535,127,8741,California
Amador,2021-03-02,382,11660,63,3713,319,7947,0,0,333,6491,49,2584,334,9075,California
Amador,2021-03-03,242,11902,81,3794,161,8108,0,0,166,6583,75,2659,167,9242,California
Amador,2021-03-04,495,12397,114,3908,381,8489,0,0,393,6875,101,2760,393,9635,California
Amador,2021-03-05,510,12907,74,3982,436,8925,0,0,290,6949,218,2978,292,9927,California
Amador,2021-03-06,100,13007,47,4029,52,8977,1,1,55,6960,45,3023,56,9983,California
Amador,2021-03-07,65,13072,44,4073,21,8998,0,1,22,6939,43,3066,22,10005,California
Amador,2021-03-08,151,13223,69,4142,81,9079,1,2,90,6969,61,3127,91,10096,California
Amador,2021-03-09,376,13599,51,4193,325,9404,0,2,294,7185,79,3206,295,10391,California
Amador,2021-03-10,512,14111,74,4267,436,9840,2,4,111,6899,401,3607,115,10506,California
Amador,2021-03-11,471,14582,116,4383,345,10185,10,14,299,7040,171,3778,312,10818,California
Amador,2021-03-12,567,15149,66,4449,495,10680,6,20,338,7162,228,4006,350,11168,California
Amador,2021-03-13,116,15265,18,4467,91,10771,7,27,76,7209,40,4046,87,11255,California
Amador,2021-03-14,86,15351,18,4485,66,10837,2,29,20,7165,66,4112,22,11277,California
Amador,2021-03-15,177,15528,25,4510,145,10982,7,36,52,7100,125,4237,60,11337,California
Amador,2021-03-16,450,15978,53,4563,388,11370,9,45,139,6939,309,4546,148,11485,California
Amador,2021-03-17,200,16178,44,4607,153,11523,3,48,121,6984,79,4625,124,11609,California
Amador,2021-03-18,477,16655,101,4708,372,11895,4,52,251,7017,226,4851,259,11868,California
Amador,2021-03-19,539,17194,56,4764,468,12363,15,67,388,7274,149,5000,406,12274,California
Amador,2021-03-20,110,17304,45,4809,64,12427,1,68,45,7258,64,5064,48,12322,California
Amador,2021-03-21,48,17352,34,4843,13,12440,1,69,29,7272,18,5082,32,12354,California
Amador,2021-03-22,112,17464,32,4875,52,12492,28,97,48,7284,64,5146,76,12430,California
Amador,2021-03-23,434,17898,47,4922,380,12872,7,104,275,7409,158,5304,283,12713,California
Amador,2021-03-24,345,18243,38,4960,55,12927,252,356,37,7391,307,5611,289,13002,California
Amador,2021-03-25,608,18851,85,5045,516,13443,7,363,393,7577,214,5825,400,13402,California
Amador,2021-03-26,746,19597,42,5087,698,14141,6,369,284,7410,460,6285,293,13695,California
Amador,2021-03-27,89,19686,15,5102,72,14213,2,371,28,7381,61,6346,32,13727,California
Amador,2021-03-28,69,19755,15,5117,52,14265,2,373,12,7340,56,6402,15,13742,California
Amador,2021-03-29,180,19935,24,5141,155,14420,1,374,78,7324,100,6502,84,13826,California
Amador,2021-03-30,535,20470,28,5169,506,14926,1,375,293,7377,241,6743,294,14120,California
Amador,2021-03-31,200,20670,57,5226,138,15064,5,380,44,7271,155,6898,49,14169,California
Amador,2021-04-01,611,21281,85,5311,526,15590,0,380,263,7190,346,7244,265,14434,California
Amador,2021-04-02,607,21888,38,5349,557,16147,12,392,380,7358,226,7470,394,14828,California
Amador,2021-04-03,87,21975,25,5374,43,16190,19,411,23,7338,64,7534,44,14872,California
Amador,2021-04-04,38,22013,3,5377,29,16219,6,417,15,7336,23,7557,21,14893,California
Amador,2021-04-05,144,22157,52,5429,76,16295,16,433,50,7311,93,7650,68,14961,California
Amador,2021-04-06,503,22660,37,5466,448,16743,18,451,223,7274,278,7928,241,15202,California
Amador,2021-04-07,97,22757,33,5499,45,16788,19,470,41,7280,54,7982,60,15262,California
Amador,2021-04-08,496,23253,85,5584,390,17178,21,491,222,7250,273,8255,243,15505,California
Amador,2021-04-09,482,23735,21,5605,441,17619,20,511,213,7212,268,8523,230,15735,California
Amador,2021-04-10,53,23788,15,5620,29,17648,9,520,22,7212,31,8554,31,15766,California
Amador,2021-04-11,48,23836,23,5643,21,17669,4,524,23,7215,24,8578,27,15793,California
Amador,2021-04-12,97,23933,27,5670,60,17729,10,534,42,7212,55,8633,52,15845,California
Amador,2021-04-13,345,24278,50,5720,295,18024,0,534,68,7005,276,8909,69,15914,California
Amador,2021-04-14,284,24562,28,5748,256,18280,0,534,174,7072,107,9016,174,16088,California
Amador,2021-04-15,331,24893,75,5823,256,18536,0,534,70,6886,256,9272,70,16158,California
Amador,2021-04-16,482,25375,29,5852,453,18989,0,534,386,7177,95,9367,386,16544,California
Amador,2021-04-17,64,25439,36,5888,28,19017,0,534,27,7167,37,9404,27,16571,California
Amador,2021-04-18,29,25468,7,5895,22,19039,0,534,11,7162,17,9421,12,16583,California
Amador,2021-04-19,68,25536,27,5922,41,19080,0,534,31,7159,36,9457,33,16616,California
Amador,2021-04-20,436,25972,55,5977,381,19461,0,534,111,6954,318,9775,113,16729,California
Amador,2021-04-21,87,26059,33,6010,54,19515,0,534,44,6956,42,9817,44,16773,California
Amador,2021-04-22,495,26554,78,6088,416,19931,1,535,103,6675,385,10202,104,16877,California
Amador,2021-04-23,358,26912,45,6133,313,20244,0,535,285,6890,72,10274,287,17164,California
Amador,2021-04-24,48,26960,24,6157,24,20268,0,535,27,6897,20,10294,27,17191,California
Amador,2021-04-25,41,27001,19,6176,22,20290,0,535,29,6914,12,10306,29,17220,California
Amador,2021-04-26,93,27094,29,6205,63,20353,1,536,44,6912,48,10354,46,17266,California
Amador,2021-04-27,496,27590,41,6246,454,20807,1,537,90,6600,404,10758,92,17358,California
Amador,2021-04-28,70,27660,29,6275,37,20844,4,541,41,6616,29,10787,45,17403,California
Amador,2021-04-29,223,27883,70,6345,44,20888,109,650,65,6631,158,10945,173,17576,California
Amador,2021-04-30,339,28222,27,6372,308,21196,4,654,95,6486,244,11189,99,17675,California
Amador,2021-05-01,43,28265,15,6387,23,21219,5,659,22,6494,19,11208,27,17702,California
Amador,2021-05-02,27,28292,14,6401,10,21229,3,662,10,6491,17,11225,14,17716,California
Amador,2021-05-03,67,28359,33,6434,24,21253,10,672,26,6486,41,11266,36,17752,California
Amador,2021-05-04,467,28826,27,6461,433,21686,7,679,68,6162,399,11665,75,17827,California
Amador,2021-05-05,202,29028,153,6614,39,21725,10,689,163,6295,38,11703,171,17998,California
Amador,2021-05-06,110,29138,56,6670,49,21774,5,694,64,6320,44,11747,69,18067,California
Amador,2021-05-07,126,29264,29,6699,90,21864,7,701,66,6333,60,11807,73,18140,California
Amador,2021-05-08,42,29306,9,6708,30,21894,3,704,20,6334,22,11829,23,18163,California
Amador,2021-05-09,15,29321,0,6708,9,21903,6,710,4,6333,11,11840,10,18173,California
Amador,2021-05-10,61,29382,14,6722,44,21947,3,713,25,6325,36,11876,28,18201,California
Amador,2021-05-11,103,29485,34,6756,42,21989,27,740,46,6341,57,11933,73,18274,California
Amador,2021-05-12,68,29553,23,6779,42,22031,3,743,32,6340,36,11969,35,18309,California
Amador,2021-05-13,74,29627,41,6820,27,22058,6,749,37,6347,36,12005,43,18352,California
Amador,2021-05-14,395,30022,34,6854,357,22415,4,753,86,6129,309,12314,91,18443,California
Amador,2021-05-15,52,30074,20,6874,21,22436,11,764,23,6135,29,12343,35,18478,California
Amador,2021-05-16,38,30112,15,6889,23,22459,0,764,17,6131,21,12364,17,18495,California
Amador,2021-05-17,76,30188,23,6912,51,22510,2,766,36,6130,39,12403,38,18533,California
Amador,2021-05-18,247,30435,169,7081,43,22553,35,801,163,6245,83,12486,198,18731,California
Amador,2021-05-19,73,30508,23,7104,47,22600,3,804,33,6244,39,12525,38,18769,California
Amador,2021-05-20,87,30595,47,7151,36,22636,4,808,31,6224,55,12580,35,18804,California
Amador,2021-05-21,271,30866,29,7180,240,22876,2,810,39,6033,232,12812,41,18845,California
Amador,2021-05-22,45,30911,15,7195,25,22901,5,815,13,6020,32,12844,19,18864,California
Amador,2021-05-23,27,30938,4,7199,20,22921,3,818,6,6008,21,12865,9,18873,California
Amador,2021-05-24,90,31028,31,7230,47,22968,12,830,43,6017,46,12911,55,18928,California
Amador,2021-05-25,141,31169,89,7319,27,22995,25,855,82,6067,57,12968,107,19035,California
Amador,2021-05-26,207,31376,163,7482,37,23032,7,862,41,5949,165,13133,47,19082,California
Amador,2021-05-27,81,31457,36,7518,36,23068,9,871,30,5937,51,13184,39,19121,California
Amador,2021-05-28,69,31526,26,7544,39,23107,4,875,29,5930,40,13224,33,19154,California
Amador,2021-05-29,26,31552,2,7546,21,23128,3,878,10,5927,16,13240,13,19167,California
Amador,2021-05-30,19,31571,5,7551,8,23136,6,884,6,5926,13,13253,12,19179,California
Amador,2021-05-31,10,31581,0,7551,9,23145,1,885,2,5921,8,13261,3,19182,California
Amador,2021-06-01,95,31676,66,7617,24,23169,5,890,43,5918,51,13312,48,19230,California
Amador,2021-06-02,46,31722,16,7633,22,23191,8,898,16,5913,30,13342,25,19255,California
Amador,2021-06-03,59,31781,26,7659,28,23219,5,903,19,5898,39,13381,24,19279,California
Amador,2021-06-04,101,31882,21,7680,59,23278,21,924,24,5866,77,13458,45,19324,California
Amador,2021-06-05,39,31921,16,7696,20,23298,3,927,5,5840,34,13492,8,19332,California
Amador,2021-06-06,16,31937,6,7702,9,23307,1,928,6,5837,10,13502,7,19339,California
Amador,2021-06-07,47,31984,18,7720,23,23330,6,934,17,5830,30,13532,23,19362,California
Amador,2021-06-08,174,32158,135,7855,27,23357,12,946,52,5774,121,13653,65,19427,California
Amador,2021-06-09,29,32187,10,7865,11,23368,8,954,5,5763,24,13677,13,19440,California
Amador,2021-06-10,25,32212,10,7875,10,23378,5,959,8,5759,17,13694,13,19453,California
Butte,2020-12-16,3,3,3,3,0,0,0,0,3,3,0,0,3,3,California
Butte,2020-12-17,21,24,21,24,0,0,0,0,21,24,0,0,21,24,California
Butte,2020-12-18,52,76,52,76,0,0,0,0,52,76,0,0,52,76,California
Butte,2020-12-19,7,83,7,83,0,0,0,0,7,83,0,0,7,83,California
Butte,2020-12-20,10,93,10,93,0,0,0,0,10,93,0,0,10,93,California
Butte,2020-12-21,633,726,633,726,0,0,0,0,633,726,0,0,633,726,California
Butte,2020-12-22,618,1344,616,1342,2,2,0,0,618,1344,0,0,618,1344,California
Butte,2020-12-23,876,2220,860,2202,16,18,0,0,876,2220,0,0,876,2220,California
Butte,2020-12-24,159,2379,155,2357,4,22,0,0,159,2379,0,0,159,2379,California
Butte,2020-12-26,90,2469,88,2445,2,24,0,0,90,2469,0,0,90,2469,California
Butte,2020-12-27,35,2504,34,2479,1,25,0,0,35,2504,0,0,35,2504,California
Butte,2020-12-28,279,2783,273,2752,6,31,0,0,279,2783,0,0,279,2783,California
Butte,2020-12-29,203,2986,180,2932,23,54,0,0,203,2986,0,0,203,2986,California
Butte,2020-12-30,513,3499,291,3223,222,276,0,0,513,3499,0,0,513,3499,California
Butte,2020-12-31,213,3712,18,3241,195,471,0,0,213,3712,0,0,213,3712,California
Butte,2021-01-01,8,3720,1,3242,7,478,0,0,8,3720,0,0,8,3720,California
Butte,2021-01-02,40,3760,37,3279,3,481,0,0,40,3760,0,0,40,3760,California
Butte,2021-01-03,3,3763,0,3279,3,484,0,0,3,3763,0,0,3,3763,California
Butte,2021-01-04,209,3972,176,3455,33,517,0,0,209,3972,0,0,209,3972,California
Butte,2021-01-05,197,4169,153,3608,44,561,0,0,196,4167,1,1,196,4168,California
Butte,2021-01-06,627,4796,397,4005,230,791,0,0,622,4785,5,6,623,4791,California
Butte,2021-01-07,761,5557,369,4374,392,1183,0,0,741,5506,20,26,741,5532,California
Butte,2021-01-08,673,6230,532,4906,141,1324,0,0,625,6083,48,74,625,6157,California
Butte,2021-01-09,11,6241,7,4913,4,1328,0,0,6,6084,5,79,6,6163,California
Butte,2021-01-10,19,6260,5,4918,14,1342,0,0,14,6093,5,84,14,6177,California
Butte,2021-01-11,985,7245,950,5868,35,1377,0,0,356,5823,629,713,359,6536,California
Butte,2021-01-12,697,7942,652,6520,45,1422,0,0,275,5676,422,1135,275,6811,California
Butte,2021-01-13,1566,9508,1074,7594,492,1914,0,0,725,5562,841,1976,727,7538,California
Butte,2021-01-14,1635,11143,892,8486,743,2657,0,0,1438,6804,196,2172,1438,8976,California
Butte,2021-01-15,1054,12197,814,9300,240,2897,0,0,944,7638,110,2282,944,9920,California
Butte,2021-01-16,586,12783,300,9600,286,3183,0,0,542,8136,44,2326,542,10462,California
Butte,2021-01-17,238,13021,64,9664,174,3357,0,0,201,8300,37,2363,201,10663,California
Butte,2021-01-18,346,13367,304,9968,42,3399,0,0,278,8511,67,2430,278,10941,California
Butte,2021-01-19,494,13861,431,10399,63,3462,0,0,224,8465,270,2700,224,11165,California
Butte,2021-01-20,1372,15233,690,11089,682,4144,0,0,1069,9231,303,3003,1069,12234,California
Butte,2021-01-21,1477,16710,868,11957,609,4753,0,0,1369,10493,107,3110,1369,13603,California
Butte,2021-01-22,1142,17852,482,12439,660,5413,0,0,1089,11529,53,3163,1089,14692,California
Butte,2021-01-23,125,17977,84,12523,41,5454,0,0,100,11604,25,3188,100,14792,California
Butte,2021-01-24,9,17986,7,12530,2,5456,0,0,9,11613,0,3188,9,14801,California
Butte,2021-01-25,657,18643,338,12868,319,5775,0,0,493,11942,164,3352,493,15294,California
Butte,2021-01-26,1473,20116,378,13246,1095,6870,0,0,1336,13141,137,3489,1336,16630,California
Butte,2021-01-27,2099,22215,707,13953,1392,8262,0,0,1367,13778,731,4220,1368,17998,California
Butte,2021-01-28,2267,24482,263,14216,2004,10266,0,0,1956,15424,310,4530,1956,19954,California
Butte,2021-01-29,1689,26171,488,14704,1201,11467,0,0,1311,16359,377,4907,1312,21266,California
Butte,2021-01-30,30,26201,8,14712,22,11489,0,0,28,16385,2,4909,28,21294,California
Butte,2021-01-31,16,26217,14,14726,2,11491,0,0,15,16399,1,4910,15,21309,California
Butte,2021-02-01,1752,27969,408,15134,1344,12835,0,0,1361,17372,388,5298,1361,22670,California
Butte,2021-02-02,1933,29902,362,15496,1571,14406,0,0,1632,18702,302,5600,1632,24302,California
Butte,2021-02-03,2739,32641,777,16273,1962,16368,0,0,1845,19655,892,6492,1845,26147,California
Butte,2021-02-04,2958,35599,324,16597,2634,19002,0,0,2402,21503,554,7046,2402,28549,California
Butte,2021-02-05,1273,36872,667,17264,606,19608,0,0,552,21335,721,7767,553,29102,California
Butte,2021-02-06,144,37016,103,17367,41,19649,0,0,61,21313,83,7850,61,29163,California
Butte,2021-02-07,38,37054,34,17401,4,19653,0,0,14,21303,24,7874,14,29177,California
Butte,2021-02-08,698,37752,548,17949,150,19803,0,0,242,21089,456,8330,242,29419,California
Butte,2021-02-09,951,38703,459,18408,492,20295,0,0,721,21580,230,8560,721,30140,California
Butte,2021-02-10,1702,40405,1188,19596,514,20809,0,0,672,21224,1028,9588,672,30812,California
Butte,2021-02-11,2203,42608,1346,20942,857,21666,0,0,1004,21029,1199,10787,1004,31816,California
Butte,2021-02-12,1002,43610,435,21377,567,22233,0,0,330,20688,671,11458,330,32146,California
Butte,2021-02-13,247,43857,43,21420,204,22437,0,0,146,20733,101,11559,146,32292,California
Butte,2021-02-14,161,44018,9,21429,152,22589,0,0,157,20886,4,11563,157,32449,California
Butte,2021-02-15,263,44281,47,21476,216,22805,0,0,198,21019,65,11628,198,32647,California
Butte,2021-02-16,730,45011,432,21908,298,23103,0,0,275,20838,456,12084,275,32922,California
Butte,2021-02-17,1515,46526,848,22756,667,23770,0,0,841,21007,672,12756,841,33763,California
Butte,2021-02-18,1559,48085,761,23517,798,24568,0,0,748,20944,811,13567,748,34511,California
Butte,2021-02-19,1171,49256,391,23908,780,25348,0,0,403,20586,761,14328,403,34914,California
Butte,2021-02-20,477,49733,32,23940,445,25793,0,0,126,20362,350,14678,126,35040,California
Butte,2021-02-21,18,49751,16,23956,2,25795,0,0,13,20370,5,14683,13,35053,California
Butte,2021-02-22,1501,51252,297,24253,1204,26999,0,0,378,19628,1120,15803,378,35431,California
Butte,2021-02-23,1636,52888,295,24548,1341,28340,0,0,464,18925,1167,16970,464,35895,California
Butte,2021-02-24,2138,55026,599,25147,1539,29879,0,0,726,18247,1404,18374,726,36621,California
Butte,2021-02-25,2079,57105,578,25725,1501,31380,0,0,656,17487,1417,19791,657,37278,California
Butte,2021-02-26,921,58026,311,26036,610,31990,0,0,396,17362,521,20312,396,37674,California
Butte,2021-02-27,236,58262,48,26084,188,32178,0,0,185,17498,49,20361,185,37859,California
Butte,2021-02-28,143,58405,16,26100,127,32305,0,0,136,17627,7,20368,136,37995,California
Butte,2021-03-01,1628,60033,175,26275,1452,33757,1,1,328,16659,1297,21665,329,38324,California
Butte,2021-03-02,1749,61782,198,26473,1551,35308,0,1,310,15534,1435,23100,310,38634,California
Butte,2021-03-03,2788,64570,851,27324,1937,37245,0,1,483,13714,2303,25403,483,39117,California
Butte,2021-03-04,3150,67720,681,28005,2469,39714,0,1,627,11819,2522,27925,627,39744,California
Butte,2021-03-05,1352,69072,617,28622,734,40448,1,2,734,11940,614,28539,735,40479,California
Butte,2021-03-06,247,69319,25,28647,199,40647,23,25,187,12091,59,28598,210,40689,California
Butte,2021-03-07,54,69373,3,28650,34,40681,17,42,30,12114,24,28622,47,40736,California
Butte,2021-03-08,1269,70642,129,28779,1062,41743,78,120,1102,13130,164,28786,1180,41916,California
Butte,2021-03-09,1908,72550,284,29063,1521,43264,103,223,1416,14160,489,29275,1519,43435,California
Butte,2021-03-10,2318,74868,968,30031,1249,44513,101,324,1578,15103,735,30010,1678,45113,California
Butte,2021-03-11,2814,77682,1319,31350,1368,45881,127,451,1983,16393,820,30830,2110,47223,California
Butte,2021-03-12,1147,78829,332,31682,467,46348,348,799,355,16310,786,31616,703,47926,California
Butte,2021-03-13,254,79083,67,31749,138,46486,49,848,60,16225,194,31810,109,48035,California
Butte,2021-03-14,163,79246,16,31765,105,46591,42,890,20,16145,142,31952,62,48097,California
Butte,2021-03-15,1745,80991,360,32125,1091,47682,294,1184,1148,16998,589,32541,1442,49539,California
Butte,2021-03-16,1652,82643,415,32540,1158,48840,79,1263,1112,17652,536,33077,1190,50729,California
Butte,2021-03-17,1954,84597,1356,33896,517,49357,81,1344,1136,18058,810,33887,1216,51945,California
Butte,2021-03-18,1810,86407,1466,35362,216,49573,128,1472,1063,18507,741,34628,1190,53135,California
Butte,2021-03-19,697,87104,310,35672,303,49876,84,1556,345,18594,342,34970,429,53564,California
Butte,2021-03-20,206,87310,31,35703,159,50035,16,1572,95,18594,111,35081,111,53675,California
Butte,2021-03-21,56,87366,25,35728,2,50037,29,1601,12,18591,44,35125,41,53716,California
Butte,2021-03-22,1482,88848,350,36078,1038,51075,94,1695,1221,19647,259,35384,1315,55031,California
Butte,2021-03-23,1826,90674,493,36571,1219,52294,114,1809,1476,20890,347,35731,1590,56621,California
Butte,2021-03-24,2263,92937,1266,37837,871,53165,126,1935,1712,22181,546,36277,1837,58458,California
Butte,2021-03-25,1483,94420,1198,39035,193,53358,92,2027,1017,22828,462,36739,1109,59567,California
Butte,2021-03-26,1206,95626,438,39473,522,53880,246,2273,559,22994,639,37378,805,60372,California
Butte,2021-03-27,301,95927,83,39556,194,54074,24,2297,135,22988,163,37541,157,60529,California
Butte,2021-03-28,230,96157,45,39601,177,54251,8,2305,103,22974,124,37665,110,60639,California
Butte,2021-03-29,1763,97920,380,39981,1313,55564,70,2375,1344,23974,414,38079,1414,62053,California
Butte,2021-03-30,1034,98954,470,40451,474,56038,90,2465,491,24018,537,38616,581,62634,California
Butte,2021-03-31,1778,100732,1305,41756,406,56444,67,2532,1084,24481,688,39304,1151,63785,California
Butte,2021-04-01,3330,104062,2706,44462,497,56941,127,2659,2259,25803,1065,40369,2387,66172,California
Butte,2021-04-02,1000,105062,416,44878,464,57405,120,2779,564,26057,428,40797,682,66854,California
Butte,2021-04-03,343,105405,45,44923,225,57630,73,2852,163,26113,180,40977,236,67090,California
Butte,2021-04-04,189,105594,25,44948,141,57771,23,2875,111,26171,76,41053,134,67224,California
Butte,2021-04-05,1974,107568,421,45369,1381,59152,172,3047,594,25564,1371,42424,764,67988,California
Butte,2021-04-06,2209,109777,617,45986,1169,60321,423,3470,800,25388,1403,43827,1227,69215,California
Butte,2021-04-07,3038,112815,1321,47307,1325,61646,392,3862,717,24182,2315,46142,1109,70324,California
Butte,2021-04-08,2757,115572,1202,48509,1286,62932,269,4131,459,22616,2294,48436,728,71052,California
Butte,2021-04-09,1376,116948,352,48861,542,63474,482,4613,329,22380,1043,49479,807,71859,California
Butte,2021-04-10,223,117171,47,48908,76,63550,100,4713,100,22456,123,49602,199,72058,California
Butte,2021-04-11,105,117276,42,48950,53,63603,10,4723,82,22526,22,49624,92,72150,California
Butte,2021-04-12,1410,118686,314,49264,964,64567,132,4855,235,21720,1175,50799,369,72519,California
Butte,2021-04-13,1654,120340,575,49839,1073,65640,6,4861,343,20766,1304,52103,350,72869,California
Butte,2021-04-14,2838,123178,2348,52187,490,66130,0,4861,1321,20577,1512,53615,1323,74192,California
Butte,2021-04-15,656,123834,412,52599,244,66374,0,4861,501,20926,152,53767,501,74693,California
Butte,2021-04-16,809,124643,413,53012,396,66770,0,4861,474,21067,333,54100,474,75167,California
Butte,2021-04-17,338,124981,61,53073,277,67047,0,4861,234,21199,102,54202,234,75401,California
Butte,2021-04-18,43,125024,10,53083,33,67080,0,4861,37,21230,6,54208,37,75438,California
Butte,2021-04-19,1561,126585,381,53464,1180,68260,0,4861,429,20530,1129,55337,429,75867,California
Butte,2021-04-20,1970,128555,718,54182,1252,69512,0,4861,752,20072,1210,56547,752,76619,California
Butte,2021-04-21,2042,130597,1161,55343,881,70393,0,4861,462,18961,1573,58120,462,77081,California
Butte,2021-04-22,2220,132817,1941,57284,279,70672,0,4861,612,17968,1605,59725,612,77693,California
Butte,2021-04-23,939,133756,443,57727,496,71168,0,4861,488,18005,451,60176,488,78181,California
Butte,2021-04-24,346,134102,138,57865,208,71376,0,4861,190,18040,155,60331,190,78371,California
Butte,2021-04-25,172,134274,67,57932,105,71481,0,4861,63,17994,109,60440,63,78434,California
Butte,2021-04-26,1562,135836,455,58387,1102,72583,5,4866,405,17250,1154,61594,410,78844,California
Butte,2021-04-27,1020,136856,677,59064,316,72899,27,4893,585,17433,429,62023,612,79456,California
Butte,2021-04-28,1387,138243,932,59996,430,73329,25,4918,498,17071,885,62908,523,79979,California
Butte,2021-04-29,889,139132,543,60539,321,73650,25,4943,301,16815,582,63490,326,80305,California
Butte,2021-04-30,892,140024,388,60927,483,74133,21,4964,448,16845,438,63928,468,80773,California
Butte,2021-05-01,241,140265,64,60991,158,74291,19,4983,72,16767,168,64096,90,80863,California
Butte,2021-05-02,150,140415,62,61053,75,74366,13,4996,44,16718,106,64202,57,80920,California
Butte,2021-05-03,634,141049,256,61309,347,74713,31,5027,177,16479,447,64649,208,81128,California
Butte,2021-05-04,818,141867,317,61626,469,75182,32,5059,211,16120,601,65250,242,81370,California
Butte,2021-05-05,1337,143204,1092,62718,209,75391,36,5095,271,15367,1061,66311,308,81678,California
Butte,2021-05-06,934,144138,673,63391,224,75615,37,5132,359,15191,572,66883,396,82074,California
Butte,2021-05-07,563,144701,289,63680,238,75853,36,5168,289,15244,271,67154,324,82398,California
Butte,2021-05-08,169,144870,35,63715,125,75978,9,5177,89,15263,79,67233,98,82496,California
Butte,2021-05-09,93,144963,19,63734,71,76049,3,5180,50,15273,43,67276,53,82549,California
Butte,2021-05-10,514,145477,302,64036,169,76218,43,5223,210,15225,301,67577,253,82802,California
Butte,2021-05-11,871,146348,643,64679,169,76387,59,5282,278,14972,590,68167,337,83139,California
Butte,2021-05-12,762,147110,481,65160,235,76622,46,5328,339,14939,418,68585,385,83524,California
Butte,2021-05-13,904,148014,604,65764,238,76860,62,5390,327,14762,564,69149,387,83911,California
Butte,2021-05-14,831,148845,519,66283,282,77142,30,5420,359,14681,469,69618,388,84299,California
Butte,2021-05-15,480,149325,224,66507,224,77366,32,5452,224,14682,255,69873,256,84555,California
Butte,2021-05-16,167,149492,83,66590,66,77432,18,5470,98,14730,68,69941,116,84671,California
Butte,2021-05-17,755,150247,483,67073,224,77656,48,5518,321,14671,427,70368,368,85039,California
Butte,2021-05-18,1058,151305,726,67799,284,77940,48,5566,472,14611,580,70948,520,85559,California
Butte,2021-05-19,825,152130,533,68332,248,78188,44,5610,330,14494,490,71438,373,85932,California
Butte,2021-05-20,969,153099,647,68979,215,78403,107,5717,386,14406,580,72018,492,86424,California
Butte,2021-05-21,880,153979,534,69513,320,78723,26,5743,300,14154,577,72595,325,86749,California
Butte,2021-05-22,291,154270,140,69653,144,78867,7,5750,147,14167,141,72736,154,86903,California
Butte,2021-05-23,118,154388,67,69720,50,78917,1,5751,72,14194,46,72782,73,86976,California
Butte,2021-05-24,336,154724,149,69869,137,79054,50,5801,166,14241,168,72950,215,87191,California
Butte,2021-05-25,692,155416,443,70312,213,79267,36,5837,342,14276,343,73293,378,87569,California
Butte,2021-05-26,561,155977,181,70493,358,79625,22,5859,254,14254,298,73591,276,87845,California
Butte,2021-05-27,862,156839,621,71114,224,79849,17,5876,427,14269,430,74021,445,88290,California
Butte,2021-05-28,515,157354,139,71253,297,80146,79,5955,214,14263,299,74320,293,88583,California
Butte,2021-05-29,224,157578,116,71369,96,80242,12,5967,148,14347,76,74396,160,88743,California
Butte,2021-05-30,107,157685,56,71425,51,80293,0,5967,61,14362,46,74442,61,88804,California
Butte,2021-05-31,43,157728,23,71448,18,80311,2,5969,25,14371,18,74460,27,88831,California
Butte,2021-06-01,670,158398,422,71870,213,80524,35,6004,252,14243,415,74875,287,89118,California
Butte,2021-06-02,814,159212,571,72441,202,80726,41,6045,355,14184,455,75330,396,89514,California
Butte,2021-06-03,614,159826,412,72853,187,80913,15,6060,215,14018,396,75726,230,89744,California
Butte,2021-06-04,459,160285,258,73111,175,81088,26,6086,140,13870,314,76040,166,89910,California
Butte,2021-06-05,307,160592,197,73308,91,81179,19,6105,93,13768,214,76254,112,90022,California
Butte,2021-06-06,125,160717,90,73398,32,81211,3,6108,25,13697,99,76353,28,90050,California
Butte,2021-06-07,371,161088,239,73637,104,81315,28,6136,149,13653,221,76574,177,90227,California
Butte,2021-06-08,628,161716,449,74086,162,81477,17,6153,179,13409,441,77015,197,90424,California
Butte,2021-06-09,307,162023,192,74278,94,81571,21,6174,116,13358,188,77203,137,90561,California
Butte,2021-06-10,374,162397,301,74579,58,81629,15,6189,134,13269,238,77441,149,90710,California
Calaveras,2020-12-16,5,5,5,5,0,0,0,0,5,5,0,0,5,5,California
Calaveras,2020-12-17,3,8,3,8,0,0,0,0,3,8,0,0,3,8,California
Calaveras,2020-12-18,39,47,39,47,0,0,0,0,39,47,0,0,39,47,California
Calaveras,2020-12-19,3,50,3,50,0,0,0,0,3,50,0,0,3,50,California
Calaveras,2020-12-20,4,54,4,54,0,0,0,0,4,54,0,0,4,54,California
Calaveras,2020-12-21,55,109,48,102,7,7,0,0,55,109,0,0,55,109,California
Calaveras,2020-12-22,81,190,77,179,4,11,0,0,82,191,0,0,82,191,California
Calaveras,2020-12-23,76,266,74,253,2,13,0,0,76,267,0,0,76,267,California
Calaveras,2020-12-24,2,268,2,255,0,13,0,0,2,269,0,0,2,269,California
Calaveras,2020-12-26,3,271,3,258,0,13,0,0,3,272,0,0,3,272,California
Calaveras,2020-12-27,1,272,1,259,0,13,0,0,1,273,0,0,1,273,California
Calaveras,2020-12-28,21,293,17,276,4,17,0,0,20,292,1,1,20,293,California
Calaveras,2020-12-29,159,452,138,414,21,38,0,0,159,451,0,1,159,452,California
Calaveras,2020-12-30,93,545,81,495,12,50,0,0,93,544,0,1,93,545,California
Calaveras,2020-12-31,36,581,25,520,11,61,0,0,36,580,0,1,36,581,California
Calaveras,2021-01-02,11,592,11,531,0,61,0,0,11,591,0,1,11,592,California
Calaveras,2021-01-03,10,602,4,535,6,67,0,0,10,601,0,1,10,602,California
Calaveras,2021-01-04,33,635,5,540,28,95,0,0,33,634,0,1,33,635,California
Calaveras,2021-01-05,41,676,10,550,31,126,0,0,32,662,9,10,37,672,California
Calaveras,2021-01-06,107,783,30,580,77,203,0,0,97,749,10,20,97,769,California
Calaveras,2021-01-07,105,888,26,606,79,282,0,0,92,831,11,31,93,862,California
Calaveras,2021-01-08,69,957,39,645,30,312,0,0,45,853,24,55,46,908,California
Calaveras,2021-01-09,5,962,5,650,0,312,0,0,2,852,3,58,2,910,California
Calaveras,2021-01-10,2,964,0,650,2,314,0,0,2,854,0,58,2,912,California
Calaveras,2021-01-11,65,1029,59,709,6,320,0,0,27,846,37,95,29,941,California
Calaveras,2021-01-12,85,1114,52,761,33,353,0,0,52,866,33,128,53,994,California
Calaveras,2021-01-13,109,1223,45,806,64,417,0,0,75,908,34,162,76,1070,California
Calaveras,2021-01-14,139,1362,43,849,96,513,0,0,106,983,32,194,107,1177,California
Calaveras,2021-01-15,92,1454,28,877,64,577,0,0,72,1035,20,214,72,1249,California
Calaveras,2021-01-16,13,1467,2,879,11,588,0,0,12,1046,1,215,12,1261,California
Calaveras,2021-01-17,10,1477,2,881,8,596,0,0,9,1054,1,216,9,1270,California
Calaveras,2021-01-18,131,1608,19,900,112,708,0,0,118,1162,13,229,121,1391,California
Calaveras,2021-01-19,208,1816,177,1077,31,739,0,0,70,1097,137,366,72,1463,California
Calaveras,2021-01-20,378,2194,82,1159,296,1035,0,0,289,1311,88,454,302,1765,California
Calaveras,2021-01-21,463,2657,40,1199,423,1458,0,0,426,1714,37,491,440,2205,California
Calaveras,2021-01-22,401,3058,23,1222,378,1836,0,0,390,2101,11,502,398,2603,California
Calaveras,2021-01-23,18,3076,8,1230,10,1846,0,0,17,2117,1,503,17,2620,California
Calaveras,2021-01-24,14,3090,8,1238,6,1852,0,0,12,2127,2,505,12,2632,California
Calaveras,2021-01-25,86,3176,8,1246,78,1930,0,0,81,2203,5,510,81,2713,California
Calaveras,2021-01-26,48,3224,16,1262,32,1962,0,0,39,2233,9,519,39,2752,California
Calaveras,2021-01-27,129,3353,45,1307,84,2046,0,0,100,2305,28,547,100,2852,California
Calaveras,2021-01-28,165,3518,25,1332,140,2186,0,0,139,2423,26,573,144,2996,California
Calaveras,2021-01-29,366,3884,12,1344,354,2540,0,0,334,2740,32,605,349,3345,California
Calaveras,2021-01-30,27,3911,10,1354,17,2557,0,0,25,2765,0,605,25,3370,California
Calaveras,2021-01-31,6,3917,4,1358,2,2559,0,0,5,2769,1,606,5,3375,California
Calaveras,2021-02-01,26,3943,11,1369,15,2574,0,0,17,2777,9,615,17,3392,California
Calaveras,2021-02-02,111,4054,22,1391,89,2663,0,0,72,2816,34,649,73,3465,California
Calaveras,2021-02-03,412,4466,44,1435,368,3031,0,0,326,3059,85,734,328,3793,California
Calaveras,2021-02-04,384,4850,26,1461,358,3389,0,0,299,3276,85,819,302,4095,California
Calaveras,2021-02-05,79,4929,22,1483,57,3446,0,0,41,3280,38,857,42,4137,California
Calaveras,2021-02-06,21,4950,12,1495,9,3455,0,0,21,3301,0,857,21,4158,California
Calaveras,2021-02-07,5,4955,1,1496,4,3459,0,0,2,3301,2,859,2,4160,California
Calaveras,2021-02-08,38,4993,17,1513,21,3480,0,0,30,3325,6,865,30,4190,California
Calaveras,2021-02-09,193,5186,77,1590,116,3596,0,0,130,3395,61,926,131,4321,California
Calaveras,2021-02-10,515,5701,31,1621,484,4080,0,0,442,3770,73,999,448,4769,California
Calaveras,2021-02-11,582,6283,82,1703,500,4580,0,0,470,4138,109,1108,477,5246,California
Calaveras,2021-02-12,569,6852,324,2027,245,4825,0,0,491,4557,76,1184,495,5741,California
Calaveras,2021-02-13,200,7052,45,2072,155,4980,0,0,185,4727,15,1199,185,5926,California
Calaveras,2021-02-14,222,7274,71,2143,151,5131,0,0,207,4920,14,1213,207,6133,California
Calaveras,2021-02-15,382,7656,23,2166,359,5490,0,0,262,5065,117,1330,262,6395,California
Calaveras,2021-02-16,268,7924,144,2310,124,5614,0,0,230,5260,38,1368,233,6628,California
Calaveras,2021-02-17,513,8437,39,2349,474,6088,0,0,208,5180,292,1660,212,6840,California
Calaveras,2021-02-18,498,8935,91,2440,407,6495,0,0,95,4893,383,2043,96,6936,California
Calaveras,2021-02-19,438,9373,42,2482,396,6891,0,0,97,4660,330,2373,97,7033,California
Calaveras,2021-02-20,57,9430,15,2497,42,6933,0,0,47,4697,10,2383,47,7080,California
Calaveras,2021-02-21,25,9455,15,2512,10,6943,0,0,18,4709,6,2389,18,7098,California
Calaveras,2021-02-22,62,9517,38,2550,24,6967,0,0,33,4713,29,2418,33,7131,California
Calaveras,2021-02-23,128,9645,43,2593,85,7052,0,0,92,4770,36,2454,93,7224,California
Calaveras,2021-02-24,96,9741,47,2640,49,7101,0,0,66,4807,29,2483,66,7290,California
Calaveras,2021-02-25,552,10293,102,2742,450,7551,0,0,356,4978,190,2673,361,7651,California
Calaveras,2021-02-26,775,11068,45,2787,730,8281,0,0,411,5049,341,3014,412,8063,California
Calaveras,2021-02-27,205,11273,23,2810,182,8463,0,0,181,5206,24,3038,181,8244,California
Calaveras,2021-02-28,97,11370,15,2825,82,8545,0,0,91,5292,5,3043,91,8335,California
Calaveras,2021-03-01,234,11604,43,2868,191,8736,0,0,150,5363,80,3123,151,8486,California
Calaveras,2021-03-02,252,11856,98,2966,154,8890,0,0,206,5527,43,3166,207,8693,California
Calaveras,2021-03-03,561,12417,106,3072,455,9345,0,0,242,5457,312,3478,242,8935,California
Calaveras,2021-03-04,747,13164,70,3142,676,10021,1,1,354,5429,384,3862,356,9291,California
Calaveras,2021-03-05,454,13618,271,3413,179,10200,4,5,140,5265,308,4170,144,9435,California
Calaveras,2021-03-06,154,13772,41,3454,107,10307,6,11,114,5345,40,4210,120,9555,California
Calaveras,2021-03-07,77,13849,32,3486,38,10345,7,18,35,5345,42,4252,42,9597,California
Calaveras,2021-03-08,163,14012,27,3513,128,10473,8,26,129,5449,33,4285,137,9734,California
Calaveras,2021-03-09,361,14373,136,3649,219,10692,6,32,32,5164,323,4608,38,9772,California
Calaveras,2021-03-10,419,14792,31,3680,385,11077,3,35,58,4872,353,4961,61,9833,California
Calaveras,2021-03-11,851,15643,424,4104,414,11491,13,48,431,4907,411,5372,446,10279,California
Calaveras,2021-03-12,401,16044,212,4316,179,11670,10,58,322,5170,78,5450,341,10620,California
Calaveras,2021-03-13,177,16221,15,4331,154,11824,8,66,138,5282,38,5488,150,10770,California
Calaveras,2021-03-14,155,16376,11,4342,143,11967,1,67,17,5168,138,5626,24,10794,California
Calaveras,2021-03-15,330,16706,48,4390,257,12224,25,92,53,4974,276,5902,82,10876,California
Calaveras,2021-03-16,691,17397,554,4944,117,12341,20,112,546,5397,143,6045,566,11442,California
Calaveras,2021-03-17,279,17676,52,4996,213,12554,14,126,49,5236,225,6270,64,11506,California
Calaveras,2021-03-18,666,18342,570,5566,80,12634,16,142,548,5684,118,6388,566,12072,California
Calaveras,2021-03-19,232,18574,50,5616,108,12742,74,216,58,5644,170,6558,130,12202,California
Calaveras,2021-03-20,78,18652,22,5638,55,12797,1,217,21,5610,57,6615,23,12225,California
Calaveras,2021-03-21,46,18698,29,5667,6,12803,11,228,10,5596,35,6650,21,12246,California
Calaveras,2021-03-22,80,18778,36,5703,23,12826,21,249,25,5587,55,6705,46,12292,California
Calaveras,2021-03-23,296,19074,205,5908,81,12907,10,259,116,5544,169,6874,126,12418,California
Calaveras,2021-03-24,136,19210,52,5960,74,12981,10,269,44,5508,90,6964,54,12472,California
Calaveras,2021-03-25,744,19954,103,6063,637,13618,4,273,446,5668,290,7254,450,12922,California
Calaveras,2021-03-26,427,20381,28,6091,393,14011,6,279,89,5430,335,7589,97,13019,California
Calaveras,2021-03-27,211,20592,19,6110,188,14199,4,283,37,5302,171,7760,43,13062,California
Calaveras,2021-03-28,112,20704,12,6122,98,14297,2,285,8,5210,103,7863,11,13073,California
Calaveras,2021-03-29,178,20882,23,6145,152,14449,3,288,57,5153,118,7981,61,13134,California
Calaveras,2021-03-30,538,21420,25,6170,496,14945,17,305,359,5351,178,8159,376,13510,California
Calaveras,2021-03-31,323,21743,142,6312,171,15116,10,315,156,5351,167,8326,167,13677,California
Calaveras,2021-04-01,685,22428,444,6756,240,15356,1,316,186,5046,496,8822,191,13868,California
Calaveras,2021-04-02,392,22820,229,6985,155,15511,8,324,116,4901,270,9092,125,13993,California
Calaveras,2021-04-03,144,22964,33,7018,107,15618,4,328,40,4841,104,9196,44,14037,California
Calaveras,2021-04-04,82,23046,26,7044,56,15674,0,328,50,4859,32,9228,50,14087,California
Calaveras,2021-04-05,213,23259,82,7126,121,15795,10,338,101,4858,112,9340,111,14198,California
Calaveras,2021-04-06,653,23912,575,7701,64,15859,14,352,112,4448,537,9877,127,14325,California
Calaveras,2021-04-07,757,24669,660,8361,61,15920,36,388,619,4966,138,10015,656,14981,California
Calaveras,2021-04-08,948,25617,857,9218,69,15989,22,410,438,4920,507,10522,461,15442,California
Calaveras,2021-04-09,155,25772,59,9277,48,16037,48,458,57,4929,97,10619,106,15548,California
Calaveras,2021-04-10,193,25965,43,9320,131,16168,19,477,149,5055,43,10662,169,15717,California
Calaveras,2021-04-11,68,26033,44,9364,22,16190,2,479,49,5087,19,10681,51,15768,California
Calaveras,2021-04-12,103,26136,46,9410,39,16229,18,497,55,5113,48,10729,74,15842,California
Calaveras,2021-04-13,422,26558,367,9777,55,16284,0,497,363,5420,58,10787,365,16207,California
Calaveras,2021-04-14,181,26739,29,9806,152,16436,0,497,135,5510,46,10833,136,16343,California
Calaveras,2021-04-15,340,27079,290,10096,50,16486,0,497,253,5680,83,10916,253,16596,California
Calaveras,2021-04-16,100,27179,25,10121,75,16561,0,497,46,5677,49,10965,46,16642,California
Calaveras,2021-04-17,331,27510,126,10247,205,16766,0,497,289,5924,42,11007,289,16931,California
Calaveras,2021-04-18,17,27527,6,10253,11,16777,0,497,11,5929,6,11013,11,16942,California
Calaveras,2021-04-19,74,27601,27,10280,47,16824,0,497,45,5947,28,11041,46,16988,California
Calaveras,2021-04-20,262,27863,93,10373,169,16993,0,497,194,6075,66,11107,194,17182,California
Calaveras,2021-04-21,213,28076,143,10516,70,17063,0,497,81,6027,130,11237,82,17264,California
Calaveras,2021-04-22,544,28620,96,10612,448,17511,0,497,142,5772,399,11636,144,17408,California
Calaveras,2021-04-23,157,28777,79,10691,78,17589,0,497,64,5746,90,11726,64,17472,California
Calaveras,2021-04-24,172,28949,36,10727,136,17725,0,497,129,5834,42,11768,130,17602,California
Calaveras,2021-04-25,43,28992,28,10755,15,17740,0,497,22,5837,21,11789,24,17626,California
Calaveras,2021-04-26,117,29109,74,10829,43,17783,0,497,34,5789,83,11872,35,17661,California
Calaveras,2021-04-27,441,29550,73,10902,355,18138,13,510,56,5476,382,12254,69,17730,California
Calaveras,2021-04-28,643,30193,575,11477,37,18175,31,541,52,4977,589,12843,90,17820,California
Calaveras,2021-04-29,513,30706,441,11918,53,18228,19,560,72,4634,439,13282,96,17916,California
Calaveras,2021-04-30,148,30854,59,11977,84,18312,5,565,65,4628,82,13364,76,17992,California
Calaveras,2021-05-01,201,31055,110,12087,88,18400,3,568,133,4701,67,13431,140,18132,California
Calaveras,2021-05-02,52,31107,35,12122,16,18416,1,569,19,4691,31,13462,21,18153,California
Calaveras,2021-05-03,92,31199,68,12190,19,18435,5,574,29,4666,63,13525,38,18191,California
Calaveras,2021-05-04,414,31613,328,12518,49,18484,37,611,42,4375,371,13896,80,18271,California
Calaveras,2021-05-05,112,31725,57,12575,23,18507,32,643,49,4393,62,13958,80,18351,California
Calaveras,2021-05-06,254,31979,194,12769,36,18543,24,667,47,4259,206,14164,72,18423,California
Calaveras,2021-05-07,86,32065,23,12792,57,18600,6,673,56,4291,30,14194,62,18485,California
Calaveras,2021-05-08,289,32354,141,12933,146,18746,2,675,90,4187,196,14390,92,18577,California
Calaveras,2021-05-09,28,32382,12,12945,13,18759,3,678,12,4186,16,14406,15,18592,California
Calaveras,2021-05-10,56,32438,25,12970,30,18789,1,679,25,4184,29,14435,27,18619,California
Calaveras,2021-05-11,134,32572,88,13058,33,18822,13,692,93,4251,40,14475,107,18726,California
Calaveras,2021-05-12,166,32738,45,13103,121,18943,0,692,50,4186,115,14590,50,18776,California
Calaveras,2021-05-13,119,32857,65,13168,39,18982,15,707,63,4211,54,14644,79,18855,California
Calaveras,2021-05-14,149,33006,92,13260,54,19036,3,710,100,4266,48,14692,103,18958,California
Calaveras,2021-05-15,266,33272,94,13354,169,19205,3,713,105,4219,155,14847,108,19066,California
Calaveras,2021-05-16,28,33300,11,13365,17,19222,0,713,13,4218,15,14862,14,19080,California
Calaveras,2021-05-17,87,33387,40,13405,40,19262,7,720,45,4230,41,14903,53,19133,California
Calaveras,2021-05-18,223,33610,60,13465,141,19403,22,742,71,4172,151,15054,93,19226,California
Calaveras,2021-05-19,146,33756,60,13525,82,19485,4,746,72,4176,73,15127,77,19303,California
Calaveras,2021-05-20,199,33955,76,13601,98,19583,25,771,63,4130,133,15260,87,19390,California
Calaveras,2021-05-21,95,34050,53,13654,38,19621,4,775,58,4156,35,15295,61,19451,California
Calaveras,2021-05-22,300,34350,159,13813,141,19762,0,775,147,4151,152,15447,147,19598,California
Calaveras,2021-05-23,30,34380,14,13827,16,19778,0,775,12,4145,18,15465,12,19610,California
Calaveras,2021-05-24,73,34453,37,13864,20,19798,16,791,31,4151,42,15507,48,19658,California
Calaveras,2021-05-25,122,34575,46,13910,59,19857,17,808,57,4160,65,15572,74,19732,California
Calaveras,2021-05-26,120,34695,87,13997,29,19886,4,812,82,4208,37,15609,85,19817,California
Calaveras,2021-05-27,83,34778,43,14040,36,19922,4,816,27,4187,53,15662,32,19849,California
Calaveras,2021-05-28,83,34861,43,14083,36,19958,4,820,41,4190,42,15704,45,19894,California
Calaveras,2021-05-29,68,34929,23,14106,40,19998,5,825,33,4193,35,15739,38,19932,California
Calaveras,2021-05-30,36,34965,14,14120,17,20015,5,830,11,4184,25,15764,16,19948,California
Calaveras,2021-05-31,5,34970,0,14120,3,20018,2,832,0,4181,5,15769,2,19950,California
Calaveras,2021-06-01,144,35114,97,14217,41,20059,6,838,44,4131,100,15869,50,20000,California
Calaveras,2021-06-02,85,35199,54,14271,27,20086,4,842,36,4122,49,15918,40,20040,California
Calaveras,2021-06-03,93,35292,55,14326,31,20117,7,849,42,4124,49,15967,51,20091,California
Calaveras,2021-06-04,136,35428,91,14417,34,20151,11,860,34,4067,102,16069,45,20136,California
Calaveras,2021-06-05,79,35507,23,14440,54,20205,2,862,29,4049,49,16118,31,20167,California
Calaveras,2021-06-06,37,35544,25,14465,9,20214,3,865,20,4055,17,16135,23,20190,California
Calaveras,2021-06-07,54,35598,37,14502,9,20223,8,873,18,4046,35,16170,26,20216,California
Calaveras,2021-06-08,114,35712,67,14569,40,20263,7,880,49,4037,65,16235,56,20272,California
Calaveras,2021-06-09,42,35754,11,14580,25,20288,6,886,13,4027,29,16264,19,20291,California
Calaveras,2021-06-10,37,35791,6,14586,23,20311,8,894,12,4022,25,16289,20,20311,California
Colusa,2020-12-18,1,1,1,1,0,0,0,0,1,1,0,0,1,1,California
Colusa,2020-12-21,2,3,2,3,0,0,0,0,2,3,0,0,2,3,California
Colusa,2020-12-22,10,13,10,13,0,0,0,0,10,13,0,0,10,13,California
Colusa,2020-12-23,10,23,10,23,0,0,0,0,10,23,0,0,10,23,California
Colusa,2020-12-24,2,25,1,24,1,1,0,0,2,25,0,0,2,25,California
Colusa,2020-12-27,1,26,1,25,0,1,0,0,1,26,0,0,1,26,California
Colusa,2020-12-28,7,33,3,28,4,5,0,0,7,33,0,0,7,33,California
Colusa,2020-12-29,11,44,8,36,3,8,0,0,11,44,0,0,11,44,California
Colusa,2020-12-30,51,95,14,50,37,45,0,0,51,95,0,0,51,95,California
Colusa,2020-12-31,18,113,1,51,17,62,0,0,18,113,0,0,18,113,California
Colusa,2021-01-04,4,117,0,51,4,66,0,0,4,117,0,0,4,117,California
Colusa,2021-01-05,68,185,1,52,67,133,0,0,68,185,0,0,68,185,California
Colusa,2021-01-06,15,200,9,61,6,139,0,0,15,200,0,0,15,200,California
Colusa,2021-01-07,38,238,4,65,34,173,0,0,37,236,1,1,37,237,California
Colusa,2021-01-08,9,247,7,72,2,175,0,0,8,243,1,2,8,245,California
Colusa,2021-01-09,2,249,1,73,1,176,0,0,2,245,0,2,2,247,California
Colusa,2021-01-10,1,250,0,73,1,177,0,0,1,246,0,2,1,248,California
Colusa,2021-01-11,12,262,6,79,6,183,0,0,7,248,5,7,7,255,California
Colusa,2021-01-12,11,273,9,88,2,185,0,0,6,249,5,12,6,261,California
Colusa,2021-01-13,21,294,13,101,8,193,0,0,13,254,8,20,13,274,California
Colusa,2021-01-14,35,329,28,129,7,200,0,0,33,285,2,22,33,307,California
Colusa,2021-01-15,43,372,5,134,38,238,0,0,41,324,2,24,41,348,California
Colusa,2021-01-16,12,384,1,135,11,249,0,0,11,334,1,25,11,359,California
Colusa,2021-01-17,3,387,2,137,1,250,0,0,2,335,1,26,2,361,California
Colusa,2021-01-18,4,391,0,137,4,254,0,0,4,339,0,26,4,365,California
Colusa,2021-01-19,9,400,8,145,1,255,0,0,5,340,4,30,5,370,California
Colusa,2021-01-20,114,514,102,247,12,267,0,0,101,428,13,43,101,471,California
Colusa,2021-01-21,58,572,43,290,15,282,0,0,57,484,1,44,57,528,California
Colusa,2021-01-22,37,609,17,307,20,302,0,0,32,511,5,49,32,560,California
Colusa,2021-01-23,35,644,6,313,29,331,0,0,35,546,0,49,35,595,California
Colusa,2021-01-25,7,651,0,313,7,338,0,0,7,553,0,49,7,602,California
Colusa,2021-01-26,8,659,5,318,3,341,0,0,5,555,3,52,5,607,California
Colusa,2021-01-27,109,768,31,349,78,419,0,0,107,660,2,54,107,714,California
Colusa,2021-01-28,82,850,47,396,35,454,0,0,74,727,8,62,75,789,California
Colusa,2021-01-29,40,890,7,403,33,487,0,0,39,765,1,63,39,828,California
Colusa,2021-01-30,27,917,4,407,23,510,0,0,27,792,0,63,27,855,California
Colusa,2021-01-31,7,924,7,414,0,510,0,0,7,799,0,63,7,862,California
Colusa,2021-02-01,27,951,10,424,17,527,0,0,22,816,5,68,22,884,California
Colusa,2021-02-02,44,995,9,433,35,562,0,0,37,846,7,75,37,921,California
Colusa,2021-02-03,70,1065,11,444,59,621,0,0,59,894,11,86,59,980,California
Colusa,2021-02-04,143,1208,81,525,62,683,0,0,115,981,28,114,115,1095,California
Colusa,2021-02-05,29,1237,8,533,21,704,0,0,26,1004,3,117,26,1121,California
Colusa,2021-02-06,283,1520,9,542,274,978,0,0,272,1265,11,128,272,1393,California
Colusa,2021-02-07,2,1522,1,543,1,979,0,0,0,1263,2,130,0,1393,California
Colusa,2021-02-08,40,1562,5,548,35,1014,0,0,37,1297,3,133,37,1430,California
Colusa,2021-02-09,230,1792,14,562,216,1230,0,0,176,1419,54,187,176,1606,California
Colusa,2021-02-10,115,1907,41,603,74,1304,0,0,72,1448,43,230,72,1678,California
Colusa,2021-02-11,102,2009,39,642,63,1367,0,0,75,1496,27,257,75,1753,California
Colusa,2021-02-12,119,2128,9,651,110,1477,0,0,79,1534,41,298,79,1832,California
Colusa,2021-02-13,60,2188,8,659,52,1529,0,0,52,1578,8,306,52,1884,California
Colusa,2021-02-14,21,2209,8,667,13,1542,0,0,15,1587,6,312,15,1899,California
Colusa,2021-02-15,45,2254,10,677,35,1577,0,0,38,1618,7,319,38,1937,California
Colusa,2021-02-16,67,2321,4,681,63,1640,0,0,66,1683,1,320,66,2003,California
Colusa,2021-02-17,203,2524,143,824,60,1700,0,0,58,1596,145,465,58,2061,California
Colusa,2021-02-18,136,2660,36,860,100,1800,0,0,113,1686,23,488,113,2174,California
Colusa,2021-02-19,153,2813,19,879,134,1934,0,0,130,1793,23,511,130,2304,California
Colusa,2021-02-20,27,2840,5,884,22,1956,0,0,11,1788,16,527,11,2315,California
Colusa,2021-02-21,1,2841,1,885,0,1956,0,0,0,1787,1,528,0,2315,California
Colusa,2021-02-22,43,2884,26,911,17,1973,0,0,29,1802,14,542,29,2344,California
Colusa,2021-02-23,22,2906,7,918,15,1988,0,0,17,1814,5,547,17,2361,California
Colusa,2021-02-24,302,3208,55,973,247,2235,0,0,158,1828,144,691,158,2519,California
Colusa,2021-02-25,102,3310,55,1028,47,2282,0,0,66,1858,36,727,66,2585,California
Colusa,2021-02-26,96,3406,14,1042,82,2364,0,0,59,1880,37,764,59,2644,California
Colusa,2021-02-27,55,3461,4,1046,51,2415,0,0,40,1905,15,779,40,2684,California
Colusa,2021-02-28,27,3488,15,1061,12,2427,0,0,18,1914,9,788,18,2702,California
Colusa,2021-03-01,46,3534,15,1076,31,2458,0,0,29,1926,17,805,29,2731,California
Colusa,2021-03-02,49,3583,13,1089,36,2494,0,0,26,1929,23,828,26,2757,California
Colusa,2021-03-03,243,3826,43,1132,200,2694,0,0,186,2058,57,885,186,2943,California
Colusa,2021-03-04,140,3966,60,1192,80,2774,0,0,80,2078,60,945,80,3023,California
Colusa,2021-03-05,95,4061,25,1217,61,2835,9,9,53,2098,42,987,62,3085,California
Colusa,2021-03-06,273,4334,9,1226,264,3099,0,9,38,1901,235,1222,38,3123,California
Colusa,2021-03-07,8,4342,5,1231,3,3102,0,9,6,1905,2,1224,6,3129,California
Colusa,2021-03-08,89,4431,21,1252,33,3135,35,44,45,1941,44,1268,80,3209,California
Colusa,2021-03-09,276,4707,75,1327,178,3313,23,67,86,1860,190,1458,109,3318,California
Colusa,2021-03-10,290,4997,38,1365,216,3529,36,103,204,2014,86,1544,240,3558,California
Colusa,2021-03-11,419,5416,60,1425,338,3867,21,124,337,2288,82,1626,356,3914,California
Colusa,2021-03-12,109,5525,18,1443,78,3945,13,137,19,2230,90,1716,32,3946,California
Colusa,2021-03-13,60,5585,15,1458,36,3981,9,146,18,2215,42,1758,27,3973,California
Colusa,2021-03-14,20,5605,0,1458,18,3999,2,148,6,2210,13,1771,8,3981,California
Colusa,2021-03-15,71,5676,27,1485,36,4035,8,156,15,2177,56,1827,23,4004,California
Colusa,2021-03-16,296,5972,16,1501,234,4269,46,202,189,2305,107,1934,235,4239,California
Colusa,2021-03-17,193,6165,50,1551,143,4412,0,202,108,2328,85,2019,108,4347,California
Colusa,2021-03-18,324,6489,37,1588,216,4628,71,273,201,2477,123,2142,272,4619,California
Colusa,2021-03-19,78,6567,20,1608,56,4684,2,275,53,2507,25,2167,55,4674,California
Colusa,2021-03-20,49,6616,7,1615,41,4725,1,276,36,2531,13,2180,37,4711,California
Colusa,2021-03-21,6,6622,4,1619,2,4727,0,276,3,2531,3,2183,3,4714,California
Colusa,2021-03-22,62,6684,10,1629,43,4770,9,285,40,2558,22,2205,49,4763,California
Colusa,2021-03-23,81,6765,16,1645,63,4833,2,287,55,2589,26,2231,57,4820,California
Colusa,2021-03-24,341,7106,57,1702,278,5111,6,293,68,2389,273,2504,73,4893,California
Colusa,2021-03-25,107,7213,60,1762,42,5153,5,298,50,2387,57,2561,55,4948,California
Colusa,2021-03-26,298,7511,48,1810,246,5399,4,302,246,2585,52,2613,250,5198,California
Colusa,2021-03-27,64,7575,5,1815,59,5458,0,302,26,2573,38,2651,26,5224,California
Colusa,2021-03-28,16,7591,7,1822,9,5467,0,302,8,2573,8,2659,8,5232,California
Colusa,2021-03-29,73,7664,21,1843,46,5513,6,308,33,2572,40,2699,39,5271,California
Colusa,2021-03-30,151,7815,83,1926,66,5579,2,310,71,2565,80,2779,73,5344,California
Colusa,2021-03-31,234,8049,41,1967,193,5772,0,310,73,2478,160,2939,73,5417,California
Colusa,2021-04-01,435,8484,72,2039,308,6080,55,365,312,2722,122,3061,366,5783,California
Colusa,2021-04-02,83,8567,14,2053,55,6135,14,379,39,2731,44,3105,53,5836,California
Colusa,2021-04-03,61,8628,10,2063,28,6163,23,402,14,2720,47,3152,36,5872,California
Colusa,2021-04-04,18,8646,0,2063,8,6171,10,412,3,2718,15,3167,13,5885,California
Colusa,2021-04-05,97,8743,26,2089,55,6226,16,428,39,2715,58,3225,55,5940,California
Colusa,2021-04-06,130,8873,35,2124,45,6271,50,478,43,2721,87,3312,93,6033,California
Colusa,2021-04-07,358,9231,41,2165,294,6565,23,501,131,2649,227,3539,155,6188,California
Colusa,2021-04-08,426,9657,35,2200,365,6930,26,527,120,2493,303,3842,147,6335,California
Colusa,2021-04-09,77,9734,21,2221,32,6962,24,551,28,2496,49,3891,52,6387,California
Colusa,2021-04-10,44,9778,9,2230,14,6976,21,572,11,2495,33,3924,32,6419,California
Colusa,2021-04-11,17,9795,3,2233,12,6988,2,574,8,2496,9,3933,10,6429,California
Colusa,2021-04-12,32,9827,3,2236,29,7017,0,574,25,2514,7,3940,25,6454,California
Colusa,2021-04-13,278,10105,22,2258,256,7273,0,574,93,2423,184,4124,93,6547,California
Colusa,2021-04-14,95,10200,19,2277,76,7349,0,574,33,2395,62,4186,34,6581,California
Colusa,2021-04-15,325,10525,46,2323,279,7628,0,574,133,2336,192,4378,133,6714,California
Colusa,2021-04-16,79,10604,11,2334,68,7696,0,574,35,2328,43,4421,35,6749,California
Colusa,2021-04-17,51,10655,7,2341,44,7740,0,574,29,2335,22,4443,29,6778,California
Colusa,2021-04-18,9,10664,2,2343,7,7747,0,574,7,2340,2,4445,7,6785,California
Colusa,2021-04-19,61,10725,22,2365,39,7786,0,574,16,2311,45,4490,16,6801,California
Colusa,2021-04-20,178,10903,31,2396,147,7933,0,574,129,2391,49,4539,129,6930,California
Colusa,2021-04-21,170,11073,59,2455,111,8044,0,574,110,2441,60,4599,110,7040,California
Colusa,2021-04-22,420,11493,27,2482,392,8436,1,575,218,2458,201,4800,218,7258,California
Colusa,2021-04-23,92,11585,19,2501,73,8509,0,575,36,2438,56,4856,36,7294,California
Colusa,2021-04-24,241,11826,19,2520,221,8730,1,576,209,2615,32,4888,209,7503,California
Colusa,2021-04-25,12,11838,6,2526,6,8736,0,576,8,2619,4,4892,8,7511,California
Colusa,2021-04-26,25,11863,5,2531,19,8755,1,577,6,2607,18,4910,6,7517,California
Colusa,2021-04-27,94,11957,23,2554,67,8822,4,581,44,2605,50,4960,48,7565,California
Colusa,2021-04-28,189,12146,27,2581,159,8981,3,584,139,2698,49,5009,142,7707,California
Colusa,2021-04-29,319,12465,27,2608,288,9269,4,588,47,2479,270,5279,51,7758,California
Colusa,2021-04-30,65,12530,18,2626,47,9316,0,588,41,2496,24,5303,41,7799,California
Colusa,2021-05-01,19,12549,8,2634,8,9324,3,591,9,2498,10,5313,12,7811,California
Colusa,2021-05-02,4,12553,1,2635,2,9326,1,592,2,2499,2,5315,3,7814,California
Colusa,2021-05-03,31,12584,7,2642,24,9350,0,592,15,2498,16,5331,15,7829,California
Colusa,2021-05-04,95,12679,52,2694,42,9392,1,593,68,2540,27,5358,69,7898,California
Colusa,2021-05-05,79,12758,16,2710,62,9454,1,594,34,2530,45,5403,35,7933,California
Colusa,2021-05-06,254,13012,16,2726,236,9690,2,596,111,2500,143,5546,113,8046,California
Colusa,2021-05-07,67,13079,5,2731,58,9748,4,600,31,2499,36,5582,35,8081,California
Colusa,2021-05-08,17,13096,5,2736,12,9760,0,600,9,2500,8,5590,9,8090,California
Colusa,2021-05-09,13,13109,5,2741,5,9765,3,603,6,2502,7,5597,9,8099,California
Colusa,2021-05-10,16,13125,6,2747,10,9775,0,603,7,2500,9,5606,7,8106,California
Colusa,2021-05-11,92,13217,33,2780,59,9834,0,603,50,2508,42,5648,50,8156,California
Colusa,2021-05-12,73,13290,31,2811,38,9872,4,607,20,2479,53,5701,24,8180,California
Colusa,2021-05-13,242,13532,24,2835,217,10089,1,608,78,2394,164,5865,79,8259,California
Colusa,2021-05-14,86,13618,18,2853,53,10142,15,623,33,2390,52,5917,48,8307,California
Colusa,2021-05-15,37,13655,9,2862,26,10168,2,625,19,2393,18,5935,21,8328,California
Colusa,2021-05-16,22,13677,5,2867,10,10178,7,632,9,2396,13,5948,16,8344,California
Colusa,2021-05-17,24,13701,4,2871,18,10196,2,634,12,2398,12,5960,14,8358,California
Colusa,2021-05-18,98,13799,24,2895,72,10268,2,636,43,2388,55,6015,45,8403,California
Colusa,2021-05-19,217,14016,43,2938,154,10422,20,656,67,2325,150,6165,87,8490,California
Colusa,2021-05-20,282,14298,35,2973,243,10665,4,660,70,2187,212,6377,74,8564,California
Colusa,2021-05-21,70,14368,23,2996,45,10710,2,662,36,2191,34,6411,38,8602,California
Colusa,2021-05-22,218,14586,20,3016,197,10907,1,663,29,2032,189,6600,30,8632,California
Colusa,2021-05-23,18,14604,7,3023,7,10914,4,667,5,2028,13,6613,9,8641,California
Colusa,2021-05-24,26,14630,3,3026,18,10932,5,672,15,2037,11,6624,20,8661,California
Colusa,2021-05-25,132,14762,73,3099,57,10989,2,674,50,2007,82,6706,52,8713,California
Colusa,2021-05-26,72,14834,25,3124,47,11036,0,674,33,2001,39,6745,33,8746,California
Colusa,2021-05-27,170,15004,17,3141,153,11189,0,674,54,1939,116,6861,54,8800,California
Colusa,2021-05-28,80,15084,26,3167,53,11242,1,675,40,1940,40,6901,41,8841,California
Colusa,2021-05-29,37,15121,18,3185,18,11260,1,676,29,1962,8,6909,30,8871,California
Colusa,2021-05-30,8,15129,1,3186,2,11262,5,681,1,1961,7,6916,6,8877,California
Colusa,2021-05-31,4,15133,0,3186,4,11266,0,681,1,1959,3,6919,1,8878,California
Colusa,2021-06-01,53,15186,17,3203,35,11301,1,682,28,1964,24,6943,29,8907,California
Colusa,2021-06-02,146,15332,20,3223,124,11425,2,684,52,1925,93,7036,54,8961,California
Colusa,2021-06-03,63,15395,20,3243,42,11467,1,685,26,1918,34,7070,27,8988,California
Colusa,2021-06-04,57,15452,18,3261,36,11503,3,688,19,1903,37,7107,22,9010,California
Colusa,2021-06-05,34,15486,16,3277,17,11520,1,689,17,1904,17,7124,18,9028,California
Colusa,2021-06-06,7,15493,3,3280,3,11523,1,690,4,1906,3,7127,5,9033,California
Colusa,2021-06-07,24,15517,6,3286,18,11541,0,690,13,1908,11,7138,13,9046,California
Colusa,2021-06-08,67,15584,17,3303,50,11591,0,690,25,1891,42,7180,25,9071,California
Colusa,2021-06-09,65,15649,34,3337,31,11622,0,690,25,1876,40,7220,25,9096,California
Colusa,2021-06-10,20,15669,2,3339,15,11637,3,693,1,1861,19,7239,4,9100,California
Contra Costa,2020-12-15,18,18,18,18,0,0,0,0,18,18,0,0,18,18,California
Contra Costa,2020-12-16,523,541,523,541,0,0,0,0,523,541,0,0,523,541,California
Contra Costa,2020-12-17,1047,1588,1047,1588,0,0,0,0,1047,1588,0,0,1047,1588,California
Contra Costa,2020-12-18,1760,3348,1759,3347,1,1,0,0,1760,3348,0,0,1760,3348,California
Contra Costa,2020-12-19,1120,4468,1119,4466,1,2,0,0,1120,4468,0,0,1120,4468,California
Contra Costa,2020-12-20,598,5066,597,5063,1,3,0,0,598,5066,0,0,598,5066,California
Contra Costa,2020-12-21,1670,6736,1668,6731,2,5,0,0,1670,6736,0,0,1670,6736,California
Contra Costa,2020-12-22,1682,8418,1576,8307,106,111,0,0,1682,8418,0,0,1682,8418,California
Contra Costa,2020-12-23,1624,10042,1376,9683,248,359,0,0,1624,10042,0,0,1624,10042,California
Contra Costa,2020-12-24,663,10705,340,10023,323,682,0,0,663,10705,0,0,663,10705,California
Contra Costa,2020-12-25,40,10745,18,10041,22,704,0,0,40,10745,0,0,40,10745,California
Contra Costa,2020-12-26,656,11401,134,10175,522,1226,0,0,656,11401,0,0,656,11401,California
Contra Costa,2020-12-27,243,11644,86,10261,157,1383,0,0,243,11644,0,0,243,11644,California
Contra Costa,2020-12-28,1857,13501,874,11135,983,2366,0,0,1857,13501,0,0,1857,13501,California
Contra Costa,2020-12-29,1857,15358,831,11966,1026,3392,0,0,1857,15358,0,0,1857,15358,California
Contra Costa,2020-12-30,2422,17780,1222,13188,1200,4592,0,0,2421,17779,1,1,2422,17780,California
Contra Costa,2020-12-31,928,18708,308,13496,620,5212,0,0,927,18706,0,1,927,18707,California
Contra Costa,2021-01-01,66,18774,24,13520,42,5254,0,0,66,18772,0,1,66,18773,California
Contra Costa,2021-01-02,340,19114,175,13695,165,5419,0,0,340,19112,0,1,340,19113,California
Contra Costa,2021-01-03,180,19294,122,13817,58,5477,0,0,179,19291,0,1,179,19292,California
Contra Costa,2021-01-04,1919,21213,1257,15074,662,6139,0,0,1890,21154,27,28,1890,21182,California
Contra Costa,2021-01-05,2120,23333,1264,16338,856,6995,0,0,1834,22704,285,313,1835,23017,California
Contra Costa,2021-01-06,3315,26648,2274,18612,1041,8036,0,0,2500,24399,809,1122,2504,25521,California
Contra Costa,2021-01-07,3120,29768,2080,20692,1040,9076,0,0,1797,24878,1320,2442,1799,27320,California
Contra Costa,2021-01-08,3415,33183,2413,23105,1002,10078,0,0,1762,24996,1648,4090,1766,29086,California
Contra Costa,2021-01-09,1604,34787,1150,24255,454,10532,0,0,737,24870,866,4956,740,29826,California
Contra Costa,2021-01-10,368,35155,291,24546,77,10609,0,0,155,24812,213,5169,155,29981,California
Contra Costa,2021-01-11,3859,39014,3160,27706,699,11308,0,0,2231,25418,1628,6797,2234,32215,California
Contra Costa,2021-01-12,3947,42961,2966,30672,981,12289,0,0,2595,26667,1352,8149,2601,34816,California
Contra Costa,2021-01-13,4769,47730,2960,33632,1809,14098,0,0,3804,29513,961,9110,3807,38623,California
Contra Costa,2021-01-14,4342,52072,1576,35208,2766,16864,0,0,3955,33081,387,9497,3955,42578,California
Contra Costa,2021-01-15,5365,57437,2477,37685,2888,19752,0,0,5037,37795,327,9824,5041,47619,California
Contra Costa,2021-01-16,1738,59175,563,38248,1175,20927,0,0,1662,39381,76,9900,1662,49281,California
Contra Costa,2021-01-17,1668,60843,982,39230,686,21613,0,0,1546,40808,122,10022,1549,50830,California
Contra Costa,2021-01-18,3241,64084,1283,40513,1958,23571,0,0,2610,42797,625,10647,2614,53444,California
Contra Costa,2021-01-19,7092,71176,3175,43688,3917,27488,0,0,6082,47878,1007,11654,6088,59532,California
Contra Costa,2021-01-20,6747,77923,4156,47844,2591,30079,0,0,5507,52155,1236,12890,5513,65045,California
Contra Costa,2021-01-21,7053,84976,3134,50978,3919,33998,0,0,6318,57752,729,13619,6326,71371,California
Contra Costa,2021-01-22,6429,91405,2729,53707,3700,37698,0,0,5563,62461,857,14476,5566,76937,California
Contra Costa,2021-01-23,2062,93467,361,54068,1701,39399,0,0,1799,64001,261,14737,1801,78738,California
Contra Costa,2021-01-24,1600,95067,219,54287,1381,40780,0,0,1452,65309,148,14885,1456,80194,California
Contra Costa,2021-01-25,6730,101797,3058,57345,3672,44452,0,0,5143,68872,1585,16470,5148,85342,California
Contra Costa,2021-01-26,8212,110009,4740,62085,3472,47924,0,0,6329,73335,1875,18345,6338,91680,California
Contra Costa,2021-01-27,8285,118294,5459,67544,2826,50750,0,0,6420,77907,1853,20198,6425,98105,California
Contra Costa,2021-01-28,7540,125834,4110,71654,3430,54180,0,0,5913,82205,1621,21819,5919,104024,California
Contra Costa,2021-01-29,7513,133347,3917,75571,3596,57776,0,0,6183,87066,1326,23145,6187,110211,California
Contra Costa,2021-01-30,2160,135507,663,76234,1497,59273,0,0,1751,88415,402,23547,1751,111962,California
Contra Costa,2021-01-31,667,136174,438,76672,229,59502,0,0,574,88899,90,23637,574,112536,California
Contra Costa,2021-02-01,5897,142071,4104,80776,1793,61295,0,0,3985,90983,1904,25541,3988,116524,California
Contra Costa,2021-02-02,7628,149699,5111,85887,2517,63812,0,0,5917,95191,1710,27251,5918,122442,California
Contra Costa,2021-02-03,8342,158041,5511,91398,2831,66643,0,0,5660,98180,2672,29923,5661,128103,California
Contra Costa,2021-02-04,7571,165612,3604,95002,3967,70610,0,0,5800,102214,1769,31692,5803,133906,California
Contra Costa,2021-02-05,8488,174100,4838,99840,3650,74260,0,0,5780,105293,2701,34393,5780,139686,California
Contra Costa,2021-02-06,3511,177611,2174,102014,1337,75597,0,0,2854,107492,656,35049,2855,142541,California
Contra Costa,2021-02-07,995,178606,722,102736,273,75870,0,0,612,107722,382,35431,612,143153,California
Contra Costa,2021-02-08,5926,184532,3517,106253,2409,78279,0,0,4413,110630,1506,36937,4414,147567,California
Contra Costa,2021-02-09,8729,193261,4826,111079,3903,82182,0,0,5817,113543,2905,39842,5818,153385,California
Contra Costa,2021-02-10,8706,201967,4690,115769,4016,86198,0,0,5402,115660,3289,43131,5406,158791,California
Contra Costa,2021-02-11,9400,211367,4240,120009,5160,91358,0,0,5312,116895,4082,47213,5317,164108,California
Contra Costa,2021-02-12,10147,221514,4651,124660,5496,96854,0,0,5491,117740,4649,51862,5494,169602,California
Contra Costa,2021-02-13,4919,226433,1383,126043,3536,100390,0,0,3426,119677,1490,53352,3427,173029,California
Contra Costa,2021-02-14,2109,228542,868,126911,1241,101631,0,0,1226,120022,881,54233,1226,174255,California
Contra Costa,2021-02-15,4496,233038,2482,129393,2014,103645,0,0,2350,120235,2138,56371,2351,176606,California
Contra Costa,2021-02-16,10476,243514,4942,134335,5534,109179,0,0,4668,119107,5800,62171,4672,181278,California
Contra Costa,2021-02-17,12380,255894,6206,140541,6174,115353,0,0,5677,118097,6688,68859,5678,186956,California
Contra Costa,2021-02-18,11558,267452,6009,146550,5549,120902,0,0,5351,117254,6196,75055,5353,192309,California
Contra Costa,2021-02-19,11550,279002,7202,153752,4348,125250,0,0,5236,116193,6299,81354,5238,197547,California
Contra Costa,2021-02-20,6574,285576,2976,156728,3598,128848,0,0,4640,118917,1918,83272,4642,202189,California
Contra Costa,2021-02-21,2338,287914,1756,158484,582,129430,0,0,1579,119738,758,84030,1579,203768,California
Contra Costa,2021-02-22,7780,295694,5261,163745,2519,131949,0,0,3582,119140,4183,88213,3585,207353,California
Contra Costa,2021-02-23,12283,307977,7560,171305,4723,136672,0,0,6188,119254,6081,94294,6195,213548,California
Contra Costa,2021-02-24,10816,318793,7952,179257,2864,139536,0,0,5253,118963,5546,99840,5255,218803,California
Contra Costa,2021-02-25,11973,330766,7601,186858,4372,143908,0,0,5561,118138,6391,106231,5566,224369,California
Contra Costa,2021-02-26,11185,341951,7064,193922,4121,148029,0,0,5545,118059,5625,111856,5546,229915,California
Contra Costa,2021-02-27,6982,348933,4508,198430,2474,150503,0,0,4377,119841,2597,114453,4379,234294,California
Contra Costa,2021-02-28,4364,353297,3621,202051,742,151245,1,1,3683,122848,678,115131,3685,237979,California
Contra Costa,2021-03-01,8707,362004,6602,208653,2099,153344,6,7,5372,124909,3319,118450,5380,243359,California
Contra Costa,2021-03-02,10724,372728,6870,215523,3853,157197,1,8,5749,125701,4959,123409,5751,249110,California
Contra Costa,2021-03-03,11428,384156,7179,222702,4248,161445,1,9,6445,127179,4969,128378,6447,255557,California
Contra Costa,2021-03-04,12103,396259,7236,229938,4866,166311,1,10,6294,127685,5790,134168,6296,261853,California
Contra Costa,2021-03-05,11596,407855,6965,236903,4624,170935,7,17,6673,129460,4905,139073,6680,268533,California
Contra Costa,2021-03-06,7558,415413,4230,241133,3017,173952,311,328,4939,132101,2607,141680,5248,273781,California
Contra Costa,2021-03-07,3879,419292,2475,243608,1342,175294,62,390,3194,134674,683,142363,3256,277037,California
Contra Costa,2021-03-08,8323,427615,3949,247557,4065,179359,309,699,5594,137864,2717,145080,5907,282944,California
Contra Costa,2021-03-09,11237,438852,5966,253523,4974,184333,297,996,5890,138718,5335,150415,6189,289133,California
Contra Costa,2021-03-10,12550,451402,6291,259814,4751,189084,1508,2504,5723,139126,6814,157229,7222,296355,California
Contra Costa,2021-03-11,12630,464032,6639,266453,5425,194509,566,3070,6450,139985,6156,163385,7015,303370,California
Contra Costa,2021-03-12,12744,476776,5251,271704,6926,201435,567,3637,6356,140533,6371,169756,6919,310289,California
Contra Costa,2021-03-13,7938,484714,3190,274894,4316,205751,432,4069,3127,139295,4792,174548,3554,313843,California
Contra Costa,2021-03-14,4480,489194,2648,277542,1340,207091,492,4561,1713,138739,2759,177307,2203,316046,California
Contra Costa,2021-03-15,9542,498736,5181,282723,3595,210686,766,5327,4713,139405,4811,182118,5477,321523,California
Contra Costa,2021-03-16,14471,513207,8627,291350,5435,216121,409,5736,7148,139661,7300,189418,7556,329079,California
Contra Costa,2021-03-17,15200,528407,10512,301862,4469,220590,219,5955,8502,141713,6675,196093,8727,337806,California
Contra Costa,2021-03-18,15554,543961,8688,310550,6384,226974,482,6437,8591,143856,6928,203021,9071,346877,California
Contra Costa,2021-03-19,15769,559730,9116,319666,5238,232212,1415,7852,8170,145862,7581,210602,9587,356464,California
Contra Costa,2021-03-20,10829,570559,6501,326167,4012,236224,316,8168,5113,145595,5695,216297,5428,361892,California
Contra Costa,2021-03-21,4620,575179,4035,330202,487,236711,98,8266,1804,144691,2805,219102,1901,363793,California
Contra Costa,2021-03-22,11748,586927,8869,339071,2623,239334,256,8522,6824,146861,4907,224009,7077,370870,California
Contra Costa,2021-03-23,15784,602711,10891,349962,4722,244056,171,8693,9075,149428,6680,230689,9247,380117,California
Contra Costa,2021-03-24,15153,617864,11829,361791,3110,247166,214,8907,9160,152844,5960,236649,9376,389493,California
Contra Costa,2021-03-25,15488,633352,12090,373881,3107,250273,291,9198,9457,156595,5994,242643,9745,399238,California
Contra Costa,2021-03-26,15185,648537,10907,384788,3873,254146,405,9603,8707,159251,6451,249094,9107,408345,California
Contra Costa,2021-03-27,10642,659179,6924,391712,3203,257349,515,10118,5659,160445,4973,254067,6167,414512,California
Contra Costa,2021-03-28,4276,663455,3047,394759,1175,258524,54,10172,1628,159490,2637,256704,1682,416194,California
Contra Costa,2021-03-29,11003,674458,8589,403348,2296,260820,118,10290,6985,162598,3998,260702,7106,423300,California
Contra Costa,2021-03-30,16946,691404,9276,412624,6309,267129,1361,11651,10456,167940,6470,267172,11812,435112,California
Contra Costa,2021-03-31,18191,709595,12758,425382,3986,271115,1447,13098,11457,174148,6689,273861,12897,448009,California
Contra Costa,2021-04-01,17742,727337,12413,437795,3934,275049,1395,14493,11502,180833,6209,280070,12894,460903,California
Contra Costa,2021-04-02,17635,744972,12984,450779,3617,278666,1034,15527,11676,187593,5947,286017,12707,473610,California
Contra Costa,2021-04-03,10958,755930,6540,457319,2857,281523,1561,17088,6258,190722,4685,290702,7814,481424,California
Contra Costa,2021-04-04,3374,759304,1330,458649,1446,282969,598,17686,849,189650,2517,293219,1445,482869,California
Contra Costa,2021-04-05,12204,771508,7957,466606,3264,286233,983,18669,6621,191685,5569,298788,7604,490473,California
Contra Costa,2021-04-06,17437,788945,12084,478690,3057,289290,2296,20965,9766,196095,7649,306437,12059,502532,California
Contra Costa,2021-04-07,18689,807634,12661,491351,3199,292489,2829,23794,10593,201476,8074,314511,13455,515987,California
Contra Costa,2021-04-08,18828,826462,12547,503898,3347,295836,2934,26728,10086,205770,8715,323226,13009,528996,California
Contra Costa,2021-04-09,18984,845446,12105,516003,4369,300205,2510,29238,10157,209631,8798,332024,12659,541655,California
Contra Costa,2021-04-10,10623,856069,3833,519836,2196,302401,4594,33832,3302,210210,7304,339328,7883,549538,California
Contra Costa,2021-04-11,3386,859455,2019,521855,701,303102,666,34498,1134,209763,2246,341574,1799,551337,California
Contra Costa,2021-04-12,12067,871522,7961,529816,3029,306131,1077,35575,5672,210144,6377,347951,6758,558095,California
Contra Costa,2021-04-13,17943,889465,11013,540829,6923,313054,7,35582,11953,216152,5965,353916,11973,570068,California
Contra Costa,2021-04-14,17820,907285,11186,552015,6633,319687,1,35583,9889,218151,7905,361821,9904,579972,California
Contra Costa,2021-04-15,17626,924911,10831,562846,6794,326481,1,35584,8165,216907,9433,371254,8189,588161,California
Contra Costa,2021-04-16,16922,941833,10556,573402,6365,332846,1,35585,7583,215182,9316,380570,7591,595752,California
Contra Costa,2021-04-17,11486,953319,6321,579723,5165,338011,0,35585,6145,216009,5325,385895,6152,601904,California
Contra Costa,2021-04-18,2776,956095,2136,581859,640,338651,0,35585,1791,216824,976,386871,1791,603695,California
Contra Costa,2021-04-19,11443,967538,8542,590401,2901,341552,0,35585,3579,212569,7837,394708,3582,607277,California
Contra Costa,2021-04-20,16739,984277,10879,601280,5860,347412,0,35585,6254,208374,10454,405162,6259,613536,California
Contra Costa,2021-04-21,17420,1001697,14213,615493,3206,350618,1,35586,6176,203354,11204,416366,6184,619720,California
Contra Costa,2021-04-22,17252,1018949,13970,629463,3280,353898,2,35588,6079,198304,11140,427506,6090,625810,California
Contra Costa,2021-04-23,17086,1036035,13578,643041,3508,357406,0,35588,5507,192276,11543,439049,5515,631325,California
Contra Costa,2021-04-24,11014,1047049,8489,651530,2524,359930,1,35589,4217,189721,6776,445825,4221,635546,California
Contra Costa,2021-04-25,3294,1050343,2214,653744,1078,361008,2,35591,2080,190593,1213,447038,2085,637631,California
Contra Costa,2021-04-26,10052,1060395,8387,662131,1641,362649,24,35615,3017,186630,7017,454055,3054,640685,California
Contra Costa,2021-04-27,14719,1075114,10726,672857,3812,366461,181,35796,4003,180134,10691,464746,4195,644880,California
Contra Costa,2021-04-28,14290,1089404,11126,683983,2876,369337,288,36084,3825,173824,10430,475176,4120,649000,California
Contra Costa,2021-04-29,13488,1102892,10440,694423,2878,372215,170,36254,3219,166976,10242,485418,3394,652394,California
Contra Costa,2021-04-30,13768,1116660,10852,705275,2659,374874,257,36511,3111,159720,10628,496046,3372,655766,California
Contra Costa,2021-05-01,8070,1124730,5868,711143,1877,376751,325,36836,1923,155845,6123,502169,2248,658014,California
Contra Costa,2021-05-02,2347,1127077,1590,712733,675,377426,82,36918,987,155564,1350,503519,1069,659083,California
Contra Costa,2021-05-03,9142,1136219,8037,720770,928,378354,177,37095,1925,150465,7204,510723,2105,661188,California
Contra Costa,2021-05-04,14127,1150346,12191,732961,1607,379961,329,37424,2283,141258,11819,522542,2612,663800,California
Contra Costa,2021-05-05,12557,1162903,10829,743790,1527,381488,201,37625,2411,133753,10118,532660,2613,666413,California
Contra Costa,2021-05-06,10328,1173231,8576,752366,1415,382903,337,37962,1940,127675,8364,541024,2286,668699,California
Contra Costa,2021-05-07,9668,1182899,7768,760134,1674,384577,226,38188,2217,122696,7418,548442,2439,671138,California
Contra Costa,2021-05-08,5317,1188216,4000,764134,1148,385725,169,38357,1249,120067,4051,552493,1422,672560,California
Contra Costa,2021-05-09,2117,1190333,1784,765918,272,385997,61,38418,456,118928,1657,554150,518,673078,California
Contra Costa,2021-05-10,4936,1195269,3947,769865,771,386768,218,38636,1337,116905,3577,557727,1554,674632,California
Contra Costa,2021-05-11,8802,1204071,4587,774452,3978,390746,237,38873,1747,111860,7035,564762,1990,676622,California
Contra Costa,2021-05-12,9282,1213353,4771,779223,4246,394992,265,39138,1679,106235,7575,572337,1950,678572,California
Contra Costa,2021-05-13,11717,1225070,7792,787015,3737,398729,188,39326,4205,103147,7484,579821,4396,682968,California
Contra Costa,2021-05-14,12147,1237217,8089,795104,3780,402509,278,39604,5014,101330,7108,586929,5291,688259,California
Contra Costa,2021-05-15,9986,1247203,7238,802342,2628,405137,120,39724,4389,100258,5583,592512,4511,692770,California
Contra Costa,2021-05-16,2434,1249637,2128,804470,260,405397,46,39770,1089,100053,1339,593851,1134,693904,California
Contra Costa,2021-05-17,7038,1256675,5679,810149,1188,406585,171,39941,3535,100276,3484,597335,3707,697611,California
Contra Costa,2021-05-18,10236,1266911,6999,817148,3019,409604,218,40159,4456,99204,5750,603085,4678,702289,California
Contra Costa,2021-05-19,8459,1275370,6847,823995,1421,411025,191,40350,3840,98638,4600,607685,4034,706323,California
Contra Costa,2021-05-20,7125,1282495,5615,829610,1323,412348,187,40537,3338,98402,3763,611448,3527,709850,California
Contra Costa,2021-05-21,7043,1289538,5376,834986,1454,413802,213,40750,3221,98038,3797,615245,3433,713283,California
Contra Costa,2021-05-22,5038,1294576,3968,838954,890,414692,180,40930,2413,98028,2604,617849,2594,715877,California
Contra Costa,2021-05-23,1207,1295783,784,839738,372,415064,51,40981,589,98055,612,618461,639,716516,California
Contra Costa,2021-05-24,4638,1300421,3838,843576,622,415686,178,41159,2177,97961,2450,620911,2356,718872,California
Contra Costa,2021-05-25,6255,1306676,5088,848664,917,416603,250,41409,2634,97241,3604,624515,2884,721756,California
Contra Costa,2021-05-26,5581,1312257,3580,852244,1815,418418,186,41595,1919,95705,3641,628156,2105,723861,California
Contra Costa,2021-05-27,3802,1316059,2686,854930,939,419357,177,41772,1632,95353,2156,630312,1804,725665,California
Contra Costa,2021-05-28,5348,1321407,3737,858667,1438,420795,173,41945,2241,94679,3086,633398,2412,728077,California
Contra Costa,2021-05-29,3238,1324645,2088,860755,1033,421828,117,42062,1614,94798,1612,635010,1731,729808,California
Contra Costa,2021-05-30,923,1325568,582,861337,313,422141,28,42090,359,94623,562,635572,387,730195,California
Contra Costa,2021-05-31,390,1325958,268,861605,110,422251,12,42102,129,94504,259,635831,140,730335,California
Contra Costa,2021-06-01,4786,1330744,3562,865167,1080,423331,144,42246,1712,93302,3058,638889,1856,732191,California
Contra Costa,2021-06-02,3415,1334159,2414,867581,854,424185,147,42393,1400,92843,2005,640894,1546,733737,California
Contra Costa,2021-06-03,5409,1339568,4509,872090,785,424970,115,42508,1451,90459,3950,644844,1566,735303,California
Contra Costa,2021-06-04,6377,1345945,5338,877428,899,425869,140,42648,1620,87484,4731,649575,1756,737059,California
Contra Costa,2021-06-05,5124,1351069,4334,881762,682,426551,108,42756,1085,84646,4030,653605,1192,738251,California
Contra Costa,2021-06-06,1337,1352406,1157,882919,150,426701,30,42786,362,84067,971,654576,392,738643,California
Contra Costa,2021-06-07,4897,1357303,4298,887217,496,427197,103,42889,1378,82042,3507,658083,1482,740125,California
Contra Costa,2021-06-08,6007,1363310,5181,892398,701,427898,125,43014,1395,78965,4598,662681,1521,741646,California
Contra Costa,2021-06-09,4031,1367341,3496,895894,410,428308,125,43139,1008,77090,3009,665690,1134,742780,California
Contra Costa,2021-06-10,3024,1370365,2621,898515,305,428613,98,43237,732,75635,2283,667973,828,743608,California
Del Norte,2020-12-21,23,23,23,23,0,0,0,0,23,23,0,0,23,23,California
Del Norte,2020-12-22,46,69,46,69,0,0,0,0,46,69,0,0,46,69,California
Del Norte,2020-12-23,59,128,48,117,11,11,0,0,57,126,0,0,57,126,California
Del Norte,2020-12-28,34,162,34,151,0,11,0,0,34,160,0,0,34,160,California
Del Norte,2020-12-29,4,166,4,155,0,11,0,0,4,164,0,0,4,164,California
Del Norte,2020-12-30,68,234,56,211,12,23,0,0,68,232,0,0,68,232,California
Del Norte,2020-12-31,16,250,13,224,3,26,0,0,16,248,0,0,16,248,California
Del Norte,2021-01-04,102,352,49,273,53,79,0,0,102,350,0,0,102,350,California
Del Norte,2021-01-05,32,384,0,273,32,111,0,0,31,381,1,1,32,382,California
Del Norte,2021-01-06,77,461,18,291,59,170,0,0,77,458,0,1,77,459,California
Del Norte,2021-01-07,21,482,1,292,20,190,0,0,21,479,0,1,21,480,California
Del Norte,2021-01-08,78,560,7,299,71,261,0,0,78,557,0,1,78,558,California
Del Norte,2021-01-11,40,600,21,320,19,280,0,0,18,554,22,23,19,577,California
Del Norte,2021-01-12,51,651,32,352,19,299,0,0,30,563,21,44,30,607,California
Del Norte,2021-01-13,84,735,40,392,44,343,0,0,51,581,33,77,51,658,California
Del Norte,2021-01-14,53,788,14,406,39,382,0,0,47,622,6,83,47,705,California
Del Norte,2021-01-15,107,895,18,424,89,471,0,0,95,705,12,95,95,800,California
Del Norte,2021-01-17,1,896,1,425,0,471,0,0,1,706,0,95,1,801,California
Del Norte,2021-01-18,2,898,0,425,2,473,0,0,2,708,0,95,2,803,California
Del Norte,2021-01-19,119,1017,56,481,63,536,0,0,77,743,42,137,77,880,California
Del Norte,2021-01-20,160,1177,84,565,76,612,0,0,96,776,63,200,96,976,California
Del Norte,2021-01-21,43,1220,40,605,3,615,0,0,32,797,11,211,32,1008,California
Del Norte,2021-01-22,20,1240,17,622,3,618,0,0,13,803,7,218,13,1021,California
Del Norte,2021-01-23,1,1241,0,622,1,619,0,0,1,804,0,218,1,1022,California
Del Norte,2021-01-24,1,1242,0,622,1,620,0,0,1,805,0,218,1,1023,California
Del Norte,2021-01-25,100,1342,82,704,18,638,0,0,56,817,44,262,56,1079,California
Del Norte,2021-01-26,18,1360,11,715,7,645,0,0,7,813,11,273,7,1086,California
Del Norte,2021-01-27,64,1424,21,736,43,688,0,0,61,871,3,276,61,1147,California
Del Norte,2021-01-28,293,1717,20,756,273,961,0,0,288,1154,5,281,288,1435,California
Del Norte,2021-01-29,61,1778,21,777,40,1001,0,0,43,1179,18,299,43,1478,California
Del Norte,2021-01-30,8,1786,1,778,7,1008,0,0,8,1187,0,299,8,1486,California
Del Norte,2021-02-01,41,1827,1,779,40,1048,0,0,26,1198,15,314,26,1512,California
Del Norte,2021-02-02,140,1967,34,813,106,1154,0,0,73,1205,66,380,73,1585,California
Del Norte,2021-02-03,128,2095,42,855,86,1240,0,0,73,1223,55,435,73,1658,California
Del Norte,2021-02-04,69,2164,27,882,42,1282,0,0,40,1234,29,464,40,1698,California
Del Norte,2021-02-05,184,2348,22,904,162,1444,0,0,118,1287,65,529,118,1816,California
Del Norte,2021-02-06,310,2658,4,908,306,1750,0,0,310,1597,0,529,310,2126,California
Del Norte,2021-02-07,1,2659,0,908,1,1751,0,0,1,1598,0,529,1,2127,California
Del Norte,2021-02-08,36,2695,1,909,35,1786,0,0,32,1626,4,533,32,2159,California
Del Norte,2021-02-09,8,2703,5,914,3,1789,0,0,2,1622,6,539,2,2161,California
Del Norte,2021-02-10,142,2845,20,934,122,1911,0,0,86,1653,55,594,86,2247,California
Del Norte,2021-02-11,176,3021,58,992,118,2029,0,0,63,1603,113,707,63,2310,California
Del Norte,2021-02-12,121,3142,14,1006,107,2136,0,0,67,1616,54,761,67,2377,California
Del Norte,2021-02-13,2,3144,1,1007,1,2137,0,0,2,1618,0,761,2,2379,California
Del Norte,2021-02-14,3,3147,1,1008,2,2139,0,0,2,1619,1,762,2,2381,California
Del Norte,2021-02-15,5,3152,0,1008,5,2144,0,0,3,1620,2,764,3,2384,California
Del Norte,2021-02-16,132,3284,1,1009,131,2275,0,0,13,1514,119,883,13,2397,California
Del Norte,2021-02-17,93,3377,20,1029,73,2348,0,0,25,1472,67,950,25,2422,California
Del Norte,2021-02-18,77,3454,24,1053,53,2401,0,0,51,1497,26,976,51,2473,California
Del Norte,2021-02-19,43,3497,17,1070,26,2427,0,0,33,1520,10,986,33,2506,California
Del Norte,2021-02-20,8,3505,5,1075,3,2430,0,0,6,1524,2,988,6,2512,California
Del Norte,2021-02-22,2,3507,0,1075,2,2432,0,0,2,1526,0,988,2,2514,California
Del Norte,2021-02-23,105,3612,88,1163,17,2449,0,0,29,1480,76,1064,30,2544,California
Del Norte,2021-02-24,155,3767,100,1263,55,2504,0,0,80,1485,75,1139,80,2624,California
Del Norte,2021-02-25,478,4245,131,1394,347,2851,0,0,213,1435,263,1402,213,2837,California
Del Norte,2021-02-26,213,4458,176,1570,37,2888,0,0,167,1556,46,1448,167,3004,California
Del Norte,2021-02-27,149,4607,143,1713,5,2893,1,1,141,1690,8,1456,142,3146,California
Del Norte,2021-02-28,3,4610,0,1713,3,2896,0,1,3,1693,0,1456,3,3149,California
Del Norte,2021-03-01,29,4639,2,1715,27,2923,0,1,4,1673,24,1480,4,3153,California
Del Norte,2021-03-02,222,4861,142,1857,80,3003,0,1,188,1827,34,1514,188,3341,California
Del Norte,2021-03-03,167,5028,99,1956,68,3071,0,1,126,1912,41,1555,126,3467,California
Del Norte,2021-03-04,119,5147,82,2038,37,3108,0,1,91,1976,27,1582,91,3558,California
Del Norte,2021-03-05,122,5269,11,2049,111,3219,0,1,74,2002,48,1630,74,3632,California
Del Norte,2021-03-06,464,5733,77,2126,338,3557,49,50,163,1871,301,1931,170,3802,California
Del Norte,2021-03-07,2,5735,1,2127,1,3558,0,50,1,1871,1,1932,1,3803,California
Del Norte,2021-03-08,29,5764,0,2127,27,3585,2,52,5,1855,23,1955,7,3810,California
Del Norte,2021-03-09,194,5958,113,2240,78,3663,3,55,183,2030,11,1966,186,3996,California
Del Norte,2021-03-10,234,6192,96,2336,110,3773,28,83,134,2092,100,2066,162,4158,California
Del Norte,2021-03-11,151,6343,56,2392,90,3863,5,88,103,2152,48,2114,108,4266,California
Del Norte,2021-03-12,178,6521,89,2481,89,3952,0,88,125,2224,53,2167,125,4391,California
Del Norte,2021-03-13,94,6615,93,2574,1,3953,0,88,91,2312,3,2170,91,4482,California
Del Norte,2021-03-14,1,6616,0,2574,1,3954,0,88,1,2312,1,2171,1,4483,California
Del Norte,2021-03-15,38,6654,0,2574,38,3992,0,88,34,2342,4,2175,34,4517,California
Del Norte,2021-03-16,280,6934,134,2708,146,4138,0,88,260,2582,20,2195,260,4777,California
Del Norte,2021-03-17,284,7218,95,2803,187,4325,2,90,170,2640,114,2309,172,4949,California
Del Norte,2021-03-18,285,7503,107,2910,175,4500,3,93,149,2657,135,2444,152,5101,California
Del Norte,2021-03-19,267,7770,159,3069,102,4602,6,99,91,2578,176,2620,97,5198,California
Del Norte,2021-03-20,157,7927,154,3223,3,4605,0,99,15,2451,142,2762,15,5213,California
Del Norte,2021-03-21,4,7931,2,3225,2,4607,0,99,2,2451,2,2764,2,5215,California
Del Norte,2021-03-22,43,7974,3,3228,39,4646,1,100,39,2488,3,2767,40,5255,California
Del Norte,2021-03-23,333,8307,164,3392,151,4797,18,118,163,2500,168,2935,180,5435,California
Del Norte,2021-03-24,395,8702,106,3498,249,5046,40,158,234,2613,161,3096,274,5709,California
Del Norte,2021-03-25,192,8894,88,3586,104,5150,0,158,84,2590,107,3203,84,5793,California
Del Norte,2021-03-26,232,9126,113,3699,119,5269,0,158,195,2748,37,3240,195,5988,California
Del Norte,2021-03-27,107,9233,86,3785,4,5273,17,175,17,2692,90,3330,34,6022,California
Del Norte,2021-03-28,4,9237,2,3787,2,5275,0,175,1,2690,3,3333,1,6023,California
Del Norte,2021-03-29,57,9294,6,3793,34,5309,17,192,32,2714,25,3358,49,6072,California
Del Norte,2021-03-30,338,9632,119,3912,208,5517,11,203,126,2639,212,3570,137,6209,California
Del Norte,2021-03-31,355,9987,100,4012,238,5755,17,220,199,2701,154,3724,216,6425,California
Del Norte,2021-04-01,164,10151,58,4070,72,5827,34,254,69,2710,94,3818,103,6528,California
Del Norte,2021-04-02,233,10384,79,4149,105,5932,49,303,49,2625,184,4002,99,6627,California
Del Norte,2021-04-03,108,10492,83,4232,2,5934,23,326,5,2551,102,4104,28,6655,California
Del Norte,2021-04-04,4,10496,0,4232,0,5934,4,330,0,2551,4,4108,4,6659,California
Del Norte,2021-04-05,46,10542,5,4237,37,5971,4,334,40,2589,6,4114,44,6703,California
Del Norte,2021-04-06,380,10922,120,4357,223,6194,37,371,146,2543,230,4344,184,6887,California
Del Norte,2021-04-07,438,11360,115,4472,261,6455,62,433,290,2748,148,4492,353,7240,California
Del Norte,2021-04-08,228,11588,54,4526,106,6561,68,501,105,2798,123,4615,173,7413,California
Del Norte,2021-04-09,206,11794,46,4572,83,6644,77,578,99,2866,106,4721,174,7587,California
Del Norte,2021-04-10,47,11841,26,4598,4,6648,17,595,27,2890,20,4741,44,7631,California
Del Norte,2021-04-11,11,11852,3,4601,1,6649,7,602,1,2888,10,4751,8,7639,California
Del Norte,2021-04-12,27,11879,1,4602,9,6658,17,619,1,2881,25,4776,18,7657,California
Del Norte,2021-04-13,298,12177,50,4652,248,6906,0,619,155,2893,143,4919,155,7812,California
Del Norte,2021-04-14,329,12506,23,4675,306,7212,0,619,138,2845,191,5110,143,7955,California
Del Norte,2021-04-15,164,12670,31,4706,133,7345,0,619,45,2772,119,5229,46,8001,California
Del Norte,2021-04-16,162,12832,40,4746,122,7467,0,619,60,2731,102,5331,61,8062,California
Del Norte,2021-04-17,105,12937,74,4820,31,7498,0,619,99,2824,6,5337,99,8161,California
Del Norte,2021-04-18,5,12942,4,4824,1,7499,0,619,4,2827,1,5338,4,8165,California
Del Norte,2021-04-19,50,12992,6,4830,44,7543,0,619,8,2793,42,5380,8,8173,California
Del Norte,2021-04-20,206,13198,40,4870,166,7709,0,619,72,2731,134,5514,72,8245,California
Del Norte,2021-04-21,289,13487,24,4894,265,7974,0,619,65,2575,224,5738,68,8313,California
Del Norte,2021-04-22,114,13601,15,4909,99,8073,0,619,62,2585,52,5790,62,8375,California
Del Norte,2021-04-23,150,13751,22,4931,128,8201,0,619,39,2513,111,5901,39,8414,California
Del Norte,2021-04-24,25,13776,14,4945,11,8212,0,619,20,2528,5,5906,20,8434,California
Del Norte,2021-04-25,2,13778,0,4945,2,8214,0,619,2,2530,0,5906,2,8436,California
Del Norte,2021-04-26,31,13809,0,4945,31,8245,0,619,9,2517,22,5928,9,8445,California
Del Norte,2021-04-27,180,13989,20,4965,155,8400,5,624,50,2442,130,6058,55,8500,California
Del Norte,2021-04-28,351,14340,100,5065,246,8646,5,629,63,2224,287,6345,69,8569,California
Del Norte,2021-04-29,93,14433,6,5071,83,8729,4,633,26,2187,67,6412,30,8599,California
Del Norte,2021-04-30,84,14517,6,5077,68,8797,10,643,45,2203,39,6451,55,8654,California
Del Norte,2021-05-01,8,14525,3,5080,5,8802,0,643,6,2207,2,6453,6,8660,California
Del Norte,2021-05-02,8,14533,0,5080,8,8810,0,643,8,2215,0,6453,8,8668,California
Del Norte,2021-05-03,40,14573,3,5083,34,8844,3,646,2,2183,37,6490,5,8673,California
Del Norte,2021-05-04,222,14795,36,5119,181,9025,5,651,47,2060,175,6665,52,8725,California
Del Norte,2021-05-05,233,15028,20,5139,205,9230,8,659,58,1951,175,6840,66,8791,California
Del Norte,2021-05-06,112,15140,26,5165,73,9303,13,672,26,1904,86,6926,39,8830,California
Del Norte,2021-05-07,151,15291,28,5193,119,9422,4,676,31,1819,120,7046,35,8865,California
Del Norte,2021-05-08,64,15355,55,5248,7,9429,2,678,6,1769,58,7104,8,8873,California
Del Norte,2021-05-09,9,15364,4,5252,2,9431,3,681,2,1767,7,7111,5,8878,California
Del Norte,2021-05-10,25,15389,3,5255,18,9449,4,685,15,1776,10,7121,19,8897,California
Del Norte,2021-05-11,171,15560,49,5304,120,9569,2,687,34,1675,137,7258,36,8933,California
Del Norte,2021-05-12,150,15710,24,5328,116,9685,10,697,27,1590,122,7380,37,8970,California
Del Norte,2021-05-13,67,15777,29,5357,37,9722,1,698,37,1598,30,7410,38,9008,California
Del Norte,2021-05-14,76,15853,26,5383,49,9771,1,699,41,1605,35,7445,42,9050,California
Del Norte,2021-05-15,81,15934,53,5436,28,9799,0,699,53,1630,28,7473,53,9103,California
Del Norte,2021-05-16,11,15945,0,5436,11,9810,0,699,11,1641,0,7473,11,9114,California
Del Norte,2021-05-17,26,15971,3,5439,20,9830,3,702,15,1648,11,7484,18,9132,California
Del Norte,2021-05-18,125,16096,68,5507,57,9887,0,702,80,1683,45,7529,80,9212,California
Del Norte,2021-05-19,97,16193,14,5521,66,9953,17,719,39,1680,58,7587,55,9267,California
Del Norte,2021-05-20,97,16290,30,5551,64,10017,3,722,38,1663,58,7645,41,9308,California
Del Norte,2021-05-21,79,16369,32,5583,44,10061,3,725,42,1671,37,7682,45,9353,California
Del Norte,2021-05-22,24,16393,9,5592,15,10076,0,725,11,1669,13,7695,11,9364,California
Del Norte,2021-05-23,15,16408,5,5597,10,10086,0,725,8,1670,7,7702,8,9372,California
Del Norte,2021-05-24,26,16434,10,5607,16,10102,0,725,17,1678,9,7711,17,9389,California
Del Norte,2021-05-25,43,16477,5,5612,32,10134,6,731,14,1671,27,7738,20,9409,California
Del Norte,2021-05-26,115,16592,36,5648,72,10206,7,738,52,1668,62,7800,59,9468,California
Del Norte,2021-05-27,71,16663,27,5675,40,10246,4,742,34,1669,37,7837,38,9506,California
Del Norte,2021-05-28,50,16713,6,5681,36,10282,8,750,7,1641,43,7880,15,9521,California
Del Norte,2021-05-29,8,16721,0,5681,4,10286,4,754,3,1643,5,7885,7,9528,California
Del Norte,2021-05-30,6,16727,0,5681,6,10292,0,754,1,1639,5,7890,1,9529,California
Del Norte,2021-05-31,4,16731,2,5683,2,10294,0,754,3,1641,1,7891,3,9532,California
Del Norte,2021-06-01,52,16783,6,5689,39,10333,7,761,11,1618,41,7932,18,9550,California
Del Norte,2021-06-02,85,16868,12,5701,68,10401,5,766,20,1578,65,7997,25,9575,California
Del Norte,2021-06-03,59,16927,34,5735,23,10424,2,768,26,1573,33,8030,28,9603,California
Del Norte,2021-06-04,69,16996,24,5759,40,10464,5,773,20,1549,49,8079,25,9628,California
Del Norte,2021-06-05,3,16999,0,5759,1,10465,2,775,0,1548,3,8082,2,9630,California
Del Norte,2021-06-06,8,17007,4,5763,3,10468,1,776,6,1553,2,8084,7,9637,California
Del Norte,2021-06-07,39,17046,8,5771,27,10495,4,780,14,1546,25,8109,18,9655,California
Del Norte,2021-06-08,107,17153,79,5850,25,10520,3,783,30,1502,77,8186,33,9688,California
Del Norte,2021-06-09,33,17186,5,5855,26,10546,2,785,13,1497,20,8206,15,9703,California
Del Norte,2021-06-10,35,17221,17,5872,13,10559,5,790,7,1482,27,8233,12,9715,California
El Dorado,2020-12-15,12,12,12,12,0,0,0,0,12,12,0,0,12,12,California
El Dorado,2020-12-16,40,52,40,52,0,0,0,0,40,52,0,0,40,52,California
El Dorado,2020-12-17,32,84,32,84,0,0,0,0,32,84,0,0,32,84,California
El Dorado,2020-12-18,262,346,262,346,0,0,0,0,262,346,0,0,262,346,California
El Dorado,2020-12-19,119,465,119,465,0,0,0,0,119,465,0,0,119,465,California
El Dorado,2020-12-20,87,552,87,552,0,0,0,0,87,552,0,0,87,552,California
El Dorado,2020-12-21,310,862,309,861,1,1,0,0,310,862,0,0,310,862,California
El Dorado,2020-12-22,242,1104,218,1079,24,25,0,0,242,1104,0,0,242,1104,California
El Dorado,2020-12-23,191,1295,141,1220,50,75,0,0,191,1295,0,0,191,1295,California
El Dorado,2020-12-24,86,1381,65,1285,21,96,0,0,86,1381,0,0,86,1381,California
El Dorado,2020-12-25,8,1389,8,1293,0,96,0,0,8,1389,0,0,8,1389,California
El Dorado,2020-12-26,45,1434,27,1320,18,114,0,0,45,1434,0,0,45,1434,California
El Dorado,2020-12-27,38,1472,34,1354,4,118,0,0,38,1472,0,0,38,1472,California
El Dorado,2020-12-28,215,1687,167,1521,48,166,0,0,215,1687,0,0,215,1687,California
El Dorado,2020-12-29,462,2149,145,1666,317,483,0,0,462,2149,0,0,462,2149,California
El Dorado,2020-12-30,509,2658,139,1805,370,853,0,0,509,2658,0,0,509,2658,California
El Dorado,2020-12-31,113,2771,71,1876,42,895,0,0,113,2771,0,0,113,2771,California
El Dorado,2021-01-01,6,2777,4,1880,2,897,0,0,6,2777,0,0,6,2777,California
El Dorado,2021-01-02,152,2929,140,2020,12,909,0,0,152,2929,0,0,152,2929,California
El Dorado,2021-01-03,93,3022,17,2037,76,985,0,0,93,3022,0,0,93,3022,California
El Dorado,2021-01-04,191,3213,63,2100,128,1113,0,0,189,3209,2,2,189,3211,California
El Dorado,2021-01-05,227,3440,73,2173,154,1267,0,0,210,3402,17,19,210,3421,California
El Dorado,2021-01-06,241,3681,168,2341,73,1340,0,0,176,3513,65,84,176,3597,California
El Dorado,2021-01-07,334,4015,137,2478,197,1537,0,0,257,3693,77,161,257,3854,California
El Dorado,2021-01-08,986,5001,509,2987,477,2014,0,0,765,4238,221,382,766,4620,California
El Dorado,2021-01-09,196,5197,159,3146,37,2051,0,0,125,4292,71,453,125,4745,California
El Dorado,2021-01-10,183,5380,132,3278,51,2102,0,0,110,4330,73,526,111,4856,California
El Dorado,2021-01-11,659,6039,292,3570,367,2469,0,0,459,4591,199,725,460,5316,California
El Dorado,2021-01-12,807,6846,425,3995,382,2851,0,0,557,4898,250,975,557,5873,California
El Dorado,2021-01-13,707,7553,300,4295,407,3258,0,0,542,5276,165,1140,543,6416,California
El Dorado,2021-01-14,798,8351,222,4517,576,3834,0,0,703,5884,95,1235,703,7119,California
El Dorado,2021-01-15,795,9146,185,4702,610,4444,0,0,721,6531,74,1309,721,7840,California
El Dorado,2021-01-16,176,9322,104,4806,72,4516,0,0,149,6653,27,1336,149,7989,California
El Dorado,2021-01-17,107,9429,50,4856,57,4573,0,0,89,6724,18,1354,89,8078,California
El Dorado,2021-01-18,429,9858,145,5001,284,4857,0,0,358,7012,71,1425,359,8437,California
El Dorado,2021-01-19,752,10610,449,5450,303,5160,0,0,600,7462,152,1577,602,9039,California
El Dorado,2021-01-20,1014,11624,690,6140,324,5484,0,0,900,8249,113,1690,900,9939,California
El Dorado,2021-01-21,1271,12895,681,6821,590,6074,0,0,1061,9142,169,1859,1062,11001,California
El Dorado,2021-01-22,1232,14127,834,7655,398,6472,0,0,1177,10266,54,1913,1178,12179,California
El Dorado,2021-01-23,730,14857,609,8264,121,6593,0,0,620,10776,110,2023,620,12799,California
El Dorado,2021-01-24,127,14984,77,8341,50,6643,0,0,107,10863,20,2043,107,12906,California
El Dorado,2021-01-25,703,15687,292,8633,411,7054,0,0,617,11394,86,2129,617,13523,California
El Dorado,2021-01-26,687,16374,372,9005,315,7369,0,0,580,11867,107,2236,580,14103,California
El Dorado,2021-01-27,994,17368,392,9397,602,7971,0,0,655,12182,340,2576,655,14758,California
El Dorado,2021-01-28,1109,18477,454,9851,655,8626,0,0,746,12565,363,2939,746,15504,California
El Dorado,2021-01-29,1048,19525,558,10409,490,9116,0,0,755,13029,292,3231,756,16260,California
El Dorado,2021-01-30,544,20069,289,10698,255,9371,0,0,447,13380,96,3327,447,16707,California
El Dorado,2021-01-31,240,20309,217,10915,23,9394,0,0,187,13515,52,3379,187,16894,California
El Dorado,2021-02-01,799,21108,368,11283,431,9825,0,0,652,14020,147,3526,652,17546,California
El Dorado,2021-02-02,845,21953,368,11651,477,10302,0,0,681,14537,164,3690,681,18227,California
El Dorado,2021-02-03,906,22859,477,12128,429,10731,0,0,696,15023,210,3900,696,18923,California
El Dorado,2021-02-04,1249,24108,703,12831,546,11277,0,0,874,15522,375,4275,874,19797,California
El Dorado,2021-02-05,1496,25604,605,13436,891,12168,0,0,869,15801,590,4865,869,20666,California
El Dorado,2021-02-06,638,26242,334,13770,304,12472,0,0,530,16224,108,4973,531,21197,California
El Dorado,2021-02-07,259,26501,178,13948,81,12553,0,0,193,16351,66,5039,193,21390,California
El Dorado,2021-02-08,890,27391,422,14370,468,13021,0,0,613,16687,277,5316,613,22003,California
El Dorado,2021-02-09,969,28360,544,14914,425,13446,0,0,543,16804,426,5742,543,22546,California
El Dorado,2021-02-10,1264,29624,737,15651,527,13973,0,0,665,16871,598,6340,665,23211,California
El Dorado,2021-02-11,2156,31780,893,16544,1263,15236,0,0,757,16233,1396,7736,758,23969,California
El Dorado,2021-02-12,1580,33360,827,17371,753,15989,0,0,676,16007,903,8639,677,24646,California
El Dorado,2021-02-13,974,34334,662,18033,312,16301,0,0,439,15912,534,9173,439,25085,California
El Dorado,2021-02-14,492,34826,155,18188,337,16638,0,0,401,16222,91,9264,401,25486,California
El Dorado,2021-02-15,1181,36007,383,18571,798,17436,0,0,819,16683,362,9626,823,26309,California
El Dorado,2021-02-16,1216,37223,535,19106,681,18117,0,0,677,16823,538,10164,678,26987,California
El Dorado,2021-02-17,957,38180,422,19528,535,18652,0,0,464,16796,493,10657,466,27453,California
El Dorado,2021-02-18,2097,40277,1024,20552,1073,19725,0,0,1064,16828,1032,11689,1064,28517,California
El Dorado,2021-02-19,1225,41502,656,21208,569,20294,0,0,687,16978,537,12226,687,29204,California
El Dorado,2021-02-20,942,42444,449,21657,493,20787,0,0,680,17401,257,12483,680,29884,California
El Dorado,2021-02-21,292,42736,234,21891,58,20845,0,0,105,17319,187,12670,105,29989,California
El Dorado,2021-02-22,884,43620,439,22330,445,21290,0,0,273,16982,610,13280,273,30262,California
El Dorado,2021-02-23,867,44487,488,22818,379,21669,0,0,355,16826,511,13791,355,30617,California
El Dorado,2021-02-24,1037,45524,446,23264,591,22260,0,0,432,16653,605,14396,432,31049,California
El Dorado,2021-02-25,1919,47443,1154,24418,765,23025,0,0,695,16133,1217,15613,697,31746,California
El Dorado,2021-02-26,2410,49853,1504,25922,906,23931,0,0,1622,16970,785,16398,1622,33368,California
El Dorado,2021-02-27,1709,51562,447,26369,1262,25193,0,0,1258,17780,448,16846,1258,34626,California
El Dorado,2021-02-28,659,52221,227,26596,432,25625,0,0,493,18108,166,17012,494,35120,California
El Dorado,2021-03-01,1168,53389,471,27067,695,26320,2,2,643,18232,521,17533,645,35765,California
El Dorado,2021-03-02,939,54328,275,27342,663,26983,1,3,493,18282,444,17977,494,36259,California
El Dorado,2021-03-03,1709,56037,469,27811,1240,28223,0,3,1165,18912,537,18514,1167,37426,California
El Dorado,2021-03-04,2526,58563,1551,29362,975,29198,0,3,1201,18791,1322,19836,1201,38627,California
El Dorado,2021-03-05,1597,60160,435,29797,1157,30355,5,8,1056,19317,535,20371,1061,39688,California
El Dorado,2021-03-06,743,60903,219,30016,491,30846,33,41,394,19396,348,20719,427,40115,California
El Dorado,2021-03-07,411,61314,201,30217,192,31038,18,59,249,19503,160,20879,267,40382,California
El Dorado,2021-03-08,1335,62649,367,30584,895,31933,73,132,864,19971,468,21347,936,41318,California
El Dorado,2021-03-09,994,63643,231,30815,694,32627,69,201,590,20241,389,21736,659,41977,California
El Dorado,2021-03-10,957,64600,348,31163,552,33179,57,258,551,20448,400,22136,607,42584,California
El Dorado,2021-03-11,3030,67630,1838,33001,1005,34184,187,445,1286,20196,1723,23859,1471,44055,California
El Dorado,2021-03-12,1799,69429,623,33624,926,35110,250,695,742,20149,1039,24898,992,45047,California
El Dorado,2021-03-13,1076,70505,350,33974,442,35552,284,979,371,20101,701,25599,653,45700,California
El Dorado,2021-03-14,796,71301,204,34178,482,36034,110,1089,275,19965,521,26120,385,46085,California
El Dorado,2021-03-15,1404,72705,301,34479,976,37010,127,1216,612,19917,788,26908,740,46825,California
El Dorado,2021-03-16,1233,73938,419,34898,670,37680,144,1360,564,19961,664,27572,708,47533,California
El Dorado,2021-03-17,1131,75069,363,35261,670,38350,98,1458,732,20393,398,27970,830,48363,California
El Dorado,2021-03-18,3011,78080,1782,37043,1186,39536,43,1501,1984,21401,1019,28989,2027,50390,California
El Dorado,2021-03-19,1123,79203,360,37403,611,40147,152,1653,625,21679,498,29487,776,51166,California
El Dorado,2021-03-20,953,80156,267,37670,670,40817,16,1669,369,21492,572,30059,385,51551,California
El Dorado,2021-03-21,1030,81186,422,38092,603,41420,5,1674,918,22305,110,30169,923,52474,California
El Dorado,2021-03-22,1508,82694,488,38580,938,42358,82,1756,1186,23256,317,30486,1268,53742,California
El Dorado,2021-03-23,1163,83857,461,39041,606,42964,96,1852,740,23681,411,30897,836,54578,California
El Dorado,2021-03-24,1464,85321,635,39676,636,43600,193,2045,664,23765,773,31670,857,55435,California
El Dorado,2021-03-25,2517,87838,1687,41363,723,44323,107,2152,1374,24110,1137,32807,1482,56917,California
El Dorado,2021-03-26,1827,89665,702,42065,1015,45338,110,2262,927,24271,877,33684,1038,57955,California
El Dorado,2021-03-27,1338,91003,189,42254,1144,46482,5,2267,317,23578,1015,34699,322,58277,California
El Dorado,2021-03-28,641,91644,185,42439,445,46927,11,2278,166,23284,471,35170,177,58454,California
El Dorado,2021-03-29,1323,92967,432,42871,875,47802,16,2294,825,23630,495,35665,841,59295,California
El Dorado,2021-03-30,1368,94335,416,43287,856,48658,96,2390,680,23723,680,36345,773,60068,California
El Dorado,2021-03-31,1565,95900,582,43869,918,49576,65,2455,691,23605,872,37217,754,60822,California
El Dorado,2021-04-01,3242,99142,1767,45636,1392,50968,83,2538,1537,23523,1703,38920,1621,62443,California
El Dorado,2021-04-02,1899,101041,566,46202,1236,52204,97,2635,747,23221,1146,40066,844,63287,California
El Dorado,2021-04-03,749,101790,297,46499,332,52536,120,2755,228,23051,518,40584,348,63635,California
El Dorado,2021-04-04,272,102062,83,46582,142,52678,47,2802,97,23021,174,40758,144,63779,California
El Dorado,2021-04-05,1423,103485,422,47004,907,53585,94,2896,592,22881,825,41583,685,64464,California
El Dorado,2021-04-06,1417,104902,524,47528,674,54259,219,3115,452,22588,961,42544,668,65132,California
El Dorado,2021-04-07,1600,106502,568,48096,583,54842,449,3564,563,22563,1034,43578,1009,66141,California
El Dorado,2021-04-08,2703,109205,1747,49843,720,55562,236,3800,1124,22352,1571,45149,1360,67501,California
El Dorado,2021-04-09,1435,110640,453,50296,762,56324,220,4020,572,22280,860,46009,788,68289,California
El Dorado,2021-04-10,821,111461,224,50520,487,56811,110,4130,474,22519,344,46353,583,68872,California
El Dorado,2021-04-11,707,112168,456,50976,235,57046,16,4146,209,22247,497,46850,225,69097,California
El Dorado,2021-04-12,1294,113462,504,51480,640,57686,150,4296,568,22246,719,47569,718,69815,California
El Dorado,2021-04-13,1128,114590,616,52096,512,58198,0,4296,511,22144,613,48182,511,70326,California
El Dorado,2021-04-14,1096,115686,468,52564,627,58825,1,4297,389,21840,694,48876,390,70716,California
El Dorado,2021-04-15,2494,118180,1680,54244,814,59639,0,4297,951,21253,1540,50416,953,71669,California
El Dorado,2021-04-16,1477,119657,524,54768,953,60592,0,4297,606,20993,867,51283,607,72276,California
El Dorado,2021-04-17,802,120459,203,54971,599,61191,0,4297,497,21188,302,51585,497,72773,California
El Dorado,2021-04-18,991,121450,88,55059,903,62094,0,4297,393,20984,597,52182,393,73166,California
El Dorado,2021-04-19,1719,123169,437,55496,1282,63376,0,4297,692,20655,1021,53203,692,73858,California
El Dorado,2021-04-20,1107,124276,359,55855,748,64124,0,4297,457,20467,646,53849,458,74316,California
El Dorado,2021-04-21,1160,125436,466,56321,690,64814,4,4301,592,20500,560,54409,593,74909,California
El Dorado,2021-04-22,2552,127988,1679,58000,873,65687,0,4301,1067,20084,1483,55892,1067,75976,California
El Dorado,2021-04-23,1408,129396,499,58499,909,66596,0,4301,720,20120,685,56577,721,76697,California
El Dorado,2021-04-24,973,130369,521,59020,452,67048,0,4301,737,20623,234,56811,737,77434,California
El Dorado,2021-04-25,655,131024,450,59470,205,67253,0,4301,469,20906,186,56997,469,77903,California
El Dorado,2021-04-26,1195,132219,481,59951,697,67950,17,4318,561,20852,631,57628,577,78480,California
El Dorado,2021-04-27,1112,133331,415,60366,663,68613,34,4352,494,20769,611,58239,528,79008,California
El Dorado,2021-04-28,1069,134400,356,60722,673,69286,40,4392,435,20611,633,58872,475,79483,California
El Dorado,2021-04-29,1983,136383,1359,62081,592,69878,32,4424,587,19836,1394,60266,619,80102,California
El Dorado,2021-04-30,2125,138508,1337,63418,747,70625,41,4465,1363,20489,750,61016,1403,81505,California
El Dorado,2021-05-01,614,139122,279,63697,307,70932,28,4493,276,20462,331,61347,304,81809,California
El Dorado,2021-05-02,302,139424,216,63913,57,70989,29,4522,100,20391,199,61546,128,81937,California
El Dorado,2021-05-03,821,140245,399,64312,372,71361,50,4572,274,20173,543,62089,325,82262,California
El Dorado,2021-05-04,882,141127,435,64747,388,71749,59,4631,313,19980,565,62654,372,82634,California
El Dorado,2021-05-05,879,142006,436,65183,370,72119,73,4704,417,20010,460,63114,490,83124,California
El Dorado,2021-05-06,1115,143121,485,65668,583,72702,47,4751,472,19888,637,63751,515,83639,California
El Dorado,2021-05-07,981,144102,375,66043,548,73250,58,4809,401,19766,580,64331,458,84097,California
El Dorado,2021-05-08,488,144590,153,66196,298,73548,37,4846,187,19691,299,64630,224,84321,California
El Dorado,2021-05-09,221,144811,82,66278,112,73660,27,4873,103,19704,117,64747,130,84451,California
El Dorado,2021-05-10,828,145639,273,66551,496,74156,59,4932,240,19422,579,65326,297,84748,California
El Dorado,2021-05-11,681,146320,294,66845,325,74481,62,4994,293,19393,385,65711,356,85104,California
El Dorado,2021-05-12,648,146968,341,67186,265,74746,42,5036,273,19334,375,66086,316,85420,California
El Dorado,2021-05-13,1242,148210,793,67979,408,75154,41,5077,458,19054,778,66864,498,85918,California
El Dorado,2021-05-14,1404,149614,811,68790,510,75664,83,5160,677,19092,722,67586,760,86678,California
El Dorado,2021-05-15,899,150513,553,69343,289,75953,57,5217,316,18882,583,68169,373,87051,California
El Dorado,2021-05-16,663,151176,462,69805,175,76128,26,5243,231,18707,432,68601,257,87308,California
El Dorado,2021-05-17,1566,152742,663,70468,854,76982,49,5292,563,18319,999,69600,611,87919,California
El Dorado,2021-05-18,1013,153755,509,70977,450,77432,54,5346,439,18239,573,70173,493,88412,California
El Dorado,2021-05-19,816,154571,332,71309,431,77863,53,5399,319,18119,491,70664,371,88783,California
El Dorado,2021-05-20,1178,155749,651,71960,454,78317,73,5472,448,17912,727,71391,520,89303,California
El Dorado,2021-05-21,2321,158070,1732,73692,548,78865,41,5513,809,17254,1508,72899,850,90153,California
El Dorado,2021-05-22,697,158767,201,73893,461,79326,35,5548,225,17043,471,73370,260,90413,California
El Dorado,2021-05-23,286,159053,114,74007,143,79469,29,5577,90,16969,193,73563,119,90532,California
El Dorado,2021-05-24,884,159937,452,74459,363,79832,69,5646,312,16780,568,74131,379,90911,California
El Dorado,2021-05-25,607,160544,255,74714,316,80148,36,5682,229,16670,375,74506,265,91176,California
El Dorado,2021-05-26,794,161338,388,75102,382,80530,24,5706,279,16459,514,75020,303,91479,California
El Dorado,2021-05-27,624,161962,246,75348,344,80874,34,5740,318,16506,304,75324,351,91830,California
El Dorado,2021-05-28,729,162691,252,75600,413,81287,64,5804,308,16460,418,75742,372,92202,California
El Dorado,2021-05-29,386,163077,107,75707,263,81550,16,5820,168,16426,218,75960,184,92386,California
El Dorado,2021-05-30,171,163248,100,75807,57,81607,14,5834,83,16435,88,76048,97,92483,California
El Dorado,2021-05-31,36,163284,11,75818,14,81621,11,5845,8,16426,28,76076,19,92502,California
El Dorado,2021-06-01,675,163959,288,76106,349,81970,38,5883,233,16258,439,76515,271,92773,California
El Dorado,2021-06-02,624,164583,299,76405,275,82245,50,5933,261,16207,362,76877,311,93084,California
El Dorado,2021-06-03,727,165310,338,76743,346,82591,43,5976,183,15890,544,77421,227,93311,California
El Dorado,2021-06-04,865,166175,510,77253,322,82913,33,6009,179,15418,684,78105,212,93523,California
El Dorado,2021-06-05,378,166553,214,77467,152,83065,12,6021,78,15210,298,78403,90,93613,California
El Dorado,2021-06-06,271,166824,187,77654,71,83136,13,6034,48,15048,222,78625,60,93673,California
El Dorado,2021-06-07,773,167597,478,78132,255,83391,40,6074,168,14658,598,79223,208,93881,California
El Dorado,2021-06-08,615,168212,377,78509,207,83598,31,6105,128,14332,484,79707,158,94039,California
El Dorado,2021-06-09,203,168415,111,78620,83,83681,9,6114,53,14245,149,79856,62,94101,California
El Dorado,2021-06-10,237,168652,140,78760,85,83766,12,6126,52,14125,184,80040,64,94165,California
Fresno,2020-12-15,2,2,2,2,0,0,0,0,2,2,0,0,2,2,California
Fresno,2020-12-16,125,127,125,127,0,0,0,0,125,127,0,0,125,127,California
Fresno,2020-12-17,123,250,123,250,0,0,0,0,123,250,0,0,123,250,California
Fresno,2020-12-18,349,599,349,599,0,0,0,0,349,599,0,0,349,599,California
Fresno,2020-12-19,161,760,161,760,0,0,0,0,161,760,0,0,161,760,California
Fresno,2020-12-20,258,1018,256,1016,2,2,0,0,258,1018,0,0,258,1018,California
Fresno,2020-12-21,924,1942,922,1938,2,4,0,0,954,1972,0,0,954,1972,California
Fresno,2020-12-22,902,2844,872,2810,30,34,0,0,906,2878,0,0,906,2878,California
Fresno,2020-12-23,1087,3931,1046,3856,41,75,0,0,1088,3966,0,0,1088,3966,California
Fresno,2020-12-24,592,4523,566,4422,26,101,0,0,592,4558,0,0,592,4558,California
Fresno,2020-12-25,2,4525,1,4423,1,102,0,0,2,4560,0,0,2,4560,California
Fresno,2020-12-26,723,5248,714,5137,9,111,0,0,723,5283,0,0,723,5283,California
Fresno,2020-12-27,305,5553,208,5345,97,208,0,0,305,5588,0,0,305,5588,California
Fresno,2020-12-28,1097,6650,804,6149,293,501,0,0,1097,6685,0,0,1097,6685,California
Fresno,2020-12-29,1764,8414,1000,7149,764,1265,0,0,1762,8446,1,1,1762,8447,California
Fresno,2020-12-30,982,9396,444,7593,538,1803,0,0,982,9428,0,1,982,9429,California
Fresno,2020-12-31,928,10324,310,7903,618,2421,0,0,927,10355,0,1,927,10356,California
Fresno,2021-01-01,11,10335,4,7907,7,2428,0,0,11,10366,0,1,11,10367,California
Fresno,2021-01-02,1030,11365,714,8621,316,2744,0,0,1030,11396,0,1,1030,11397,California
Fresno,2021-01-03,155,11520,129,8750,26,2770,0,0,155,11551,0,1,155,11552,California
Fresno,2021-01-04,623,12143,378,9128,245,3015,0,0,623,12174,0,1,623,12175,California
Fresno,2021-01-05,781,12924,311,9439,470,3485,0,0,707,12807,74,75,707,12882,California
Fresno,2021-01-06,986,13910,348,9787,638,4123,0,0,810,13441,176,251,810,13692,California
Fresno,2021-01-07,1898,15808,918,10705,980,5103,0,0,1644,14834,254,505,1647,15339,California
Fresno,2021-01-08,1787,17595,612,11317,1175,6278,0,0,1423,15895,362,867,1423,16762,California
Fresno,2021-01-09,639,18234,391,11708,248,6526,0,0,361,15978,278,1145,361,17123,California
Fresno,2021-01-10,517,18751,487,12195,30,6556,0,0,204,15869,313,1458,204,17327,California
Fresno,2021-01-11,2218,20969,1806,14001,412,6968,0,0,1524,16703,694,2152,1528,18855,California
Fresno,2021-01-12,2521,23490,1823,15824,698,7666,0,0,1673,17528,850,3002,1675,20530,California
Fresno,2021-01-13,3559,27049,2436,18260,1123,8789,0,0,2706,19384,853,3855,2709,23239,California
Fresno,2021-01-14,4139,31188,2183,20443,1956,10745,0,0,3666,22578,472,4327,3666,26905,California
Fresno,2021-01-15,3666,34854,2534,22977,1132,11877,0,0,3307,25530,359,4686,3311,30216,California
Fresno,2021-01-16,3148,38002,2308,25285,840,12717,0,0,2677,27744,470,5156,2684,32900,California
Fresno,2021-01-17,979,38981,557,25842,422,13139,0,0,779,28323,200,5356,779,33679,California
Fresno,2021-01-18,3083,42064,2377,28219,706,13845,0,0,2425,30094,656,6012,2427,36106,California
Fresno,2021-01-19,4409,46473,2626,30845,1783,15628,0,0,3691,33071,718,6730,3695,39801,California
Fresno,2021-01-20,3030,49503,1215,32060,1815,17443,0,0,2716,35479,312,7042,2720,42521,California
Fresno,2021-01-21,4390,53893,2033,34093,2357,19800,0,0,4030,39178,337,7379,4036,46557,California
Fresno,2021-01-22,3302,57195,1344,35437,1958,21758,0,0,2918,41729,368,7747,2919,49476,California
Fresno,2021-01-23,3052,60247,1978,37415,1074,22832,0,0,2326,43335,725,8472,2331,51807,California
Fresno,2021-01-24,559,60806,377,37792,182,23014,0,0,353,43484,206,8678,355,52162,California
Fresno,2021-01-25,2443,63249,866,38658,1577,24591,0,0,1866,44776,577,9255,1869,54031,California
Fresno,2021-01-26,2085,65334,590,39248,1495,26086,0,0,1322,45341,761,10016,1326,55357,California
Fresno,2021-01-27,2329,67663,1159,40407,1170,27256,0,0,1751,46519,577,10593,1755,57112,California
Fresno,2021-01-28,4560,72223,3056,43463,1504,28760,0,0,3488,48943,1069,11662,3493,60605,California
Fresno,2021-01-29,1713,73936,983,44446,730,29490,0,0,1413,50061,296,11958,1414,62019,California
Fresno,2021-01-30,1448,75384,546,44992,902,30392,0,0,1029,50672,419,12377,1030,63049,California
Fresno,2021-01-31,229,75613,218,45210,11,30403,0,0,75,50593,154,12531,75,63124,California
Fresno,2021-02-01,3342,78955,1667,46877,1675,32078,0,0,1784,50830,1557,14088,1794,64918,California
Fresno,2021-02-02,2727,81682,555,47432,2172,34250,0,0,1584,51302,1128,15216,1600,66518,California
Fresno,2021-02-03,3556,85238,2104,49536,1452,35702,0,0,1543,50842,2004,17220,1544,68062,California
Fresno,2021-02-04,4194,89432,1893,51429,2301,38003,0,0,1927,50537,2237,19457,1932,69994,California
Fresno,2021-02-05,5343,94775,2727,54156,2616,40619,0,0,2307,49817,3031,22488,2311,72305,California
Fresno,2021-02-06,2927,97702,2038,56194,889,41508,0,0,968,48835,1951,24439,969,73274,California
Fresno,2021-02-07,469,98171,287,56481,182,41690,0,0,273,48913,195,24634,273,73547,California
Fresno,2021-02-08,4276,102447,2288,58769,1988,43678,0,0,1812,48283,2451,27085,1821,75368,California
Fresno,2021-02-09,5328,107775,2090,60859,3238,46916,0,0,3115,49269,2138,29223,3124,78492,California
Fresno,2021-02-10,3895,111670,1235,62094,2660,49576,0,0,1992,49422,1851,31074,2004,80496,California
Fresno,2021-02-11,6451,118121,2089,64183,4362,53938,0,0,3351,49696,3082,34156,3356,83852,California
Fresno,2021-02-12,5399,123520,1384,65567,4015,57953,0,0,2734,49793,2646,36802,2743,86595,California
Fresno,2021-02-13,3746,127266,1561,67128,2185,60138,0,0,2083,50230,1651,38453,2088,88683,California
Fresno,2021-02-14,1565,128831,283,67411,1282,61420,0,0,839,50346,725,39178,841,89524,California
Fresno,2021-02-15,2895,131726,269,67680,2626,64046,0,0,1797,51053,1094,40272,1801,91325,California
Fresno,2021-02-16,6687,138413,2402,70082,4285,68331,0,0,4233,52855,2437,42709,4239,95564,California
Fresno,2021-02-17,5329,143742,2447,72529,2882,71213,0,0,2989,53552,2297,45006,2994,98558,California
Fresno,2021-02-18,6852,150594,2896,75425,3956,75169,0,0,2579,51915,4229,49235,2592,101150,California
Fresno,2021-02-19,3835,154429,1098,76523,2737,77906,0,0,1822,51739,2001,51236,1825,102975,California
Fresno,2021-02-20,4526,158955,2482,79005,2044,79950,0,0,3046,53317,1474,52710,3052,106027,California
Fresno,2021-02-21,189,159144,170,79175,19,79969,0,0,126,53394,49,52759,126,106153,California
Fresno,2021-02-22,2241,161385,998,80173,1243,81212,0,0,1236,53637,995,53754,1238,107391,California
Fresno,2021-02-23,4688,166073,2262,82435,2426,83638,0,0,3808,56579,868,54622,3810,111201,California
Fresno,2021-02-24,4208,170281,1499,83934,2709,86347,0,0,3451,59286,745,55367,3452,114653,California
Fresno,2021-02-25,8711,178992,3746,87680,4965,91312,0,0,7222,65092,1424,56791,7230,121883,California
Fresno,2021-02-26,9031,188023,3707,91387,5324,96636,0,0,7712,71515,1295,58086,7718,129601,California
Fresno,2021-02-27,7292,195315,3168,94555,4123,100759,1,1,6578,77399,698,58784,6582,136183,California
Fresno,2021-02-28,1651,196966,531,95086,1120,101879,0,1,1562,78885,77,58861,1563,137746,California
Fresno,2021-03-01,5099,202065,1323,96409,3776,105655,0,1,3695,81193,1391,60252,3699,141445,California
Fresno,2021-03-02,9867,211932,3384,99793,6483,112138,0,1,8483,88341,1360,61612,8508,149953,California
Fresno,2021-03-03,6941,218873,1691,101484,5249,117387,1,2,5929,93384,998,62610,6041,155994,California
Fresno,2021-03-04,10453,229326,4128,105612,6325,123712,0,2,8711,100391,1713,64323,8720,164714,California
Fresno,2021-03-05,9317,238643,3631,109243,5684,129396,2,4,8037,107356,1148,65471,8113,172827,California
Fresno,2021-03-06,7003,245646,3950,113193,2935,132331,118,122,6010,112503,985,66456,6132,178959,California
Fresno,2021-03-07,1495,247141,681,113874,777,133108,37,159,1265,113579,227,66683,1303,180262,California
Fresno,2021-03-08,5294,252435,2024,115898,3119,136227,151,310,4003,116464,1280,67963,4165,184427,California
Fresno,2021-03-09,8614,261049,3783,119681,4559,140786,272,582,4644,117466,3949,71912,4951,189378,California
Fresno,2021-03-10,6845,267894,2862,122543,3592,144378,391,973,5383,121795,1453,73365,5782,195160,California
Fresno,2021-03-11,11614,279508,4583,127126,6475,150853,556,1529,6316,123474,5271,78636,6950,202110,California
Fresno,2021-03-12,12075,291583,5140,132266,6488,157341,447,1976,9065,130133,2991,81627,9650,211760,California
Fresno,2021-03-13,8348,299931,4059,136325,3257,160598,1032,3008,4027,130968,4299,85926,5134,216894,California
Fresno,2021-03-14,1768,301699,477,136802,1002,161600,289,3297,666,130833,1090,87016,955,217849,California
Fresno,2021-03-15,7137,308836,3176,139978,3788,165388,173,3470,4954,133972,2169,89185,5308,223157,California
Fresno,2021-03-16,10242,319078,4542,144520,5300,170688,400,3870,5436,135130,4774,93959,5932,229089,California
Fresno,2021-03-17,8677,327755,3931,148451,4052,174740,694,4564,5881,139322,2773,96732,6965,236054,California
Fresno,2021-03-18,12457,340212,6737,155188,5079,179819,641,5205,7063,142108,5345,102077,8131,244185,California
Fresno,2021-03-19,11193,351405,5889,161077,4685,184504,619,5824,6944,145745,4220,106297,7857,252042,California
Fresno,2021-03-20,7616,359021,4603,165680,2693,187197,320,6144,3803,146358,3786,110083,4399,256441,California
Fresno,2021-03-21,1793,360814,1206,166886,210,187407,377,6521,967,146884,818,110901,1344,257785,California
Fresno,2021-03-22,5674,366488,2897,169783,2177,189584,600,7121,3836,149699,1822,112723,4637,262422,California
Fresno,2021-03-23,10572,377060,5253,175036,4817,194401,502,7623,5066,150212,5484,118207,5997,268419,California
Fresno,2021-03-24,8854,385914,3823,178859,4199,198600,832,8455,4969,152217,3847,122054,5852,274271,California
Fresno,2021-03-25,12221,398135,5696,184555,5737,204337,788,9243,4768,150455,7403,129457,5641,279912,California
Fresno,2021-03-26,12232,410367,5458,190013,6128,210465,646,9889,4463,147869,7716,137173,5130,285042,California
Fresno,2021-03-27,9826,420193,4545,194558,4196,214661,1085,10974,2954,145082,6833,144006,4046,289088,California
Fresno,2021-03-28,3422,423615,1325,195883,1403,216064,694,11668,1280,145202,2134,146140,2254,291342,California
Fresno,2021-03-29,5997,429612,2004,197887,3444,219508,549,12217,2893,145579,3075,149215,3452,294794,California
Fresno,2021-03-30,10922,440534,4275,202162,5749,225257,898,13115,3858,143301,7033,156248,4755,299549,California
Fresno,2021-03-31,9710,450244,3382,205544,5335,230592,993,14108,3749,142119,5918,162166,4736,304285,California
Fresno,2021-04-01,12189,462433,4211,209755,7117,237709,861,14969,4054,138960,8033,170199,4874,309159,California
Fresno,2021-04-02,12089,474522,4629,214384,6666,244375,794,15763,4284,136402,7643,177842,5085,314244,California
Fresno,2021-04-03,6415,480937,3532,217916,2625,247000,258,16021,2148,134597,4248,182090,2443,316687,California
Fresno,2021-04-04,1499,482436,533,218449,921,247921,45,16066,546,134245,943,183033,591,317278,California
Fresno,2021-04-05,8333,490769,4474,222923,3056,250977,803,16869,2449,131698,5867,188900,3320,320598,California
Fresno,2021-04-06,9622,500391,4030,226953,4402,255379,1190,18059,3547,130422,6034,194934,4758,325356,California
Fresno,2021-04-07,10543,510934,5421,232374,3911,259290,1211,19270,3546,128257,6950,201884,4785,330141,California
Fresno,2021-04-08,10964,521898,5175,237549,4625,263915,1164,20434,3443,125440,7471,209355,4654,334795,California
Fresno,2021-04-09,11259,533157,5352,242901,4506,268421,1401,21835,3623,122898,7589,216944,5047,339842,California
Fresno,2021-04-10,7899,541056,5155,248056,2219,270640,525,22360,3684,122911,4203,221147,4216,344058,California
Fresno,2021-04-11,1396,542452,936,248992,368,271008,92,22452,446,122506,945,222092,540,344598,California
Fresno,2021-04-12,7284,549736,3804,252796,2550,273558,930,23382,2349,120886,4905,226997,3285,347883,California
Fresno,2021-04-13,8951,558687,4277,257073,4606,278164,68,23450,3500,119144,5415,232412,3673,351556,California
Fresno,2021-04-14,9490,568177,5761,262834,3728,281892,1,23451,3760,117278,5688,238100,3822,355378,California
Fresno,2021-04-15,8443,576620,4208,267042,4232,286124,3,23454,3190,115264,5224,243324,3210,358588,California
Fresno,2021-04-16,9399,586019,4637,271679,4760,290884,2,23456,3878,113669,5485,248809,3890,362478,California
Fresno,2021-04-17,5565,591584,3722,275401,1843,292727,0,23456,2646,113418,2899,251708,2648,365126,California
Fresno,2021-04-18,1031,592615,560,275961,471,293198,0,23456,473,113338,553,252261,473,365599,California
Fresno,2021-04-19,5549,598164,3019,278980,2527,295725,3,23459,2246,112328,3261,255522,2251,367850,California
Fresno,2021-04-20,6927,605091,3435,282415,3483,299208,9,23468,2618,110670,4285,259807,2627,370477,California
Fresno,2021-04-21,6373,611464,3526,285941,2839,302047,8,23476,2661,109664,3679,263486,2673,373150,California
Fresno,2021-04-22,6352,617816,3161,289102,3190,305237,1,23477,2311,107997,3982,267468,2315,375465,California
Fresno,2021-04-23,7104,624920,3825,292927,3262,308499,17,23494,2722,106430,4294,271762,2727,378192,California
Fresno,2021-04-24,4173,629093,2494,295421,1679,310178,0,23494,1918,106107,2241,274003,1918,380110,California
Fresno,2021-04-25,1373,630466,557,295978,814,310992,2,23496,692,106126,675,274678,694,380804,California
Fresno,2021-04-26,4235,634701,2138,298116,2052,313044,45,23541,1804,105574,2400,277078,1848,382652,California
Fresno,2021-04-27,4827,639528,2444,300560,2257,315301,126,23667,1898,104690,2907,279985,2023,384675,California
Fresno,2021-04-28,4769,644297,2670,303230,1969,317270,130,23797,1982,104038,2765,282750,2113,386788,California
Fresno,2021-04-29,4780,649077,2656,305886,1986,319256,138,23935,1801,103027,2948,285698,1937,388725,California
Fresno,2021-04-30,5401,654478,3287,309173,1980,321236,134,24069,2142,102074,3228,288926,2275,391000,California
Fresno,2021-05-01,4187,658665,3457,312630,591,321827,139,24208,1229,100500,2940,291866,1366,392366,California
Fresno,2021-05-02,1248,659913,771,313401,426,322253,51,24259,611,100536,625,292491,661,393027,California
Fresno,2021-05-03,4022,663935,2701,316102,1129,323382,192,24451,1298,99325,2696,295187,1485,394512,California
Fresno,2021-05-04,4827,668762,2501,318603,2174,325556,152,24603,1549,97776,3252,298439,1703,396215,California
Fresno,2021-05-05,5082,673844,3147,321750,1710,327266,225,24828,1587,96116,3469,301908,1809,398024,California
Fresno,2021-05-06,4121,677965,2549,324299,1467,328733,105,24933,1408,94945,2684,304592,1513,399537,California
Fresno,2021-05-07,5008,682973,3289,327588,1554,330287,165,25098,1554,93230,3431,308023,1716,401253,California
Fresno,2021-05-08,3899,686872,2492,330080,1259,331546,148,25246,1175,91850,2704,310727,1324,402577,California
Fresno,2021-05-09,678,687550,347,330427,288,331834,43,25289,336,91893,336,311063,379,402956,California
Fresno,2021-05-10,2952,690502,1580,332007,1231,333065,141,25430,918,90926,2026,313089,1059,404015,California
Fresno,2021-05-11,3730,694232,1922,333929,1713,334778,95,25525,1202,89706,2517,315606,1297,405312,California
Fresno,2021-05-12,3985,698217,2555,336484,1269,336047,161,25686,1458,88823,2502,318108,1619,406931,California
Fresno,2021-05-13,3845,702062,2122,338606,1618,337665,105,25791,1735,88591,2072,320180,1840,408771,California
Fresno,2021-05-14,5028,707090,3027,341633,1813,339478,188,25979,2136,88057,2859,323039,2325,411096,California
Fresno,2021-05-15,3578,710668,2672,344305,775,340253,131,26110,1816,88251,1751,324790,1945,413041,California
Fresno,2021-05-16,1443,712111,945,345250,464,340717,34,26144,806,88460,631,325421,840,413881,California
Fresno,2021-05-17,4170,716281,2821,348071,1191,341908,158,26302,2240,88955,1902,327323,2397,416278,California
Fresno,2021-05-18,4081,720362,2519,350590,1411,343319,151,26453,2092,89229,1966,329289,2240,418518,California
Fresno,2021-05-19,4335,724697,2760,353350,1400,344719,175,26628,2101,89292,2212,331501,2275,420793,California
Fresno,2021-05-20,4063,728760,2424,355774,1454,346173,185,26813,1892,89211,2156,333657,2075,422868,California
Fresno,2021-05-21,4545,733305,2967,358741,1484,347657,94,26907,2060,88907,2457,336114,2153,425021,California
Fresno,2021-05-22,3907,737212,2895,361636,838,348495,174,27081,2236,89660,1655,337769,2408,427429,California
Fresno,2021-05-23,887,738099,562,362198,296,348791,29,27110,448,89707,430,338199,477,427906,California
Fresno,2021-05-24,3221,741320,2024,364222,1083,349874,114,27224,1487,89598,1710,339909,1601,429507,California
Fresno,2021-05-25,3205,744525,1928,366150,1153,351027,124,27348,1368,89267,1823,341732,1492,430999,California
Fresno,2021-05-26,3234,747759,2141,368291,988,352015,105,27453,1649,89453,1566,343298,1752,432751,California
Fresno,2021-05-27,3130,750889,1908,370199,1115,353130,107,27560,1409,89275,1695,344993,1517,434268,California
Fresno,2021-05-28,3399,754288,2206,372405,1098,354228,95,27655,1879,89749,1501,346494,1975,436243,California
Fresno,2021-05-29,2272,756560,1655,374060,546,354774,71,27726,1247,90053,1015,347509,1319,437562,California
Fresno,2021-05-30,887,757447,535,374595,317,355091,35,27761,424,90066,446,347955,459,438021,California
Fresno,2021-05-31,316,757763,159,374754,146,355237,11,27772,133,90030,178,348133,142,438163,California
Fresno,2021-06-01,3007,760770,1812,376566,1101,356338,94,27866,1226,89591,1759,349892,1320,439483,California
Fresno,2021-06-02,2654,763424,1712,378278,852,357190,90,27956,1081,89219,1544,351436,1172,440655,California
Fresno,2021-06-03,2925,766349,2006,380284,817,358007,102,28058,1191,88795,1715,353151,1291,441946,California
Fresno,2021-06-04,3209,769558,2340,382624,772,358779,97,28155,1106,87922,2077,355228,1204,443150,California
Fresno,2021-06-05,3062,772620,2282,384906,664,359443,116,28271,1223,87436,1823,357051,1337,444487,California
Fresno,2021-06-06,1129,773749,891,385797,204,359647,34,28305,380,87105,745,357796,414,444901,California
Fresno,2021-06-07,3056,776805,2407,388204,561,360208,88,28393,886,85930,2149,359945,974,445875,California
Fresno,2021-06-08,2571,779376,1921,390125,584,360792,66,28459,779,84994,1780,361725,844,446719,California
Fresno,2021-06-09,2330,781706,1746,391871,504,361296,80,28539,747,84246,1575,363300,827,447546,California
Fresno,2021-06-10,1366,783072,978,392849,330,361626,58,28597,452,83859,896,364196,509,448055,California
Glenn,2020-12-17,1,1,1,1,0,0,0,0,1,1,0,0,1,1,California
Glenn,2020-12-20,1,2,1,2,0,0,0,0,1,2,0,0,1,2,California
Glenn,2020-12-21,11,13,11,13,0,0,0,0,11,13,0,0,11,13,California
Glenn,2020-12-22,61,74,61,74,0,0,0,0,61,74,0,0,61,74,California
Glenn,2020-12-23,28,102,28,102,0,0,0,0,28,102,0,0,28,102,California
Glenn,2020-12-24,9,111,9,111,0,0,0,0,9,111,0,0,9,111,California
Glenn,2020-12-26,2,113,2,113,0,0,0,0,2,113,0,0,2,113,California
Glenn,2020-12-27,4,117,4,117,0,0,0,0,4,117,0,0,4,117,California
Glenn,2020-12-28,21,138,21,138,0,0,0,0,21,138,0,0,21,138,California
Glenn,2020-12-29,81,219,81,219,0,0,0,0,81,219,0,0,81,219,California
Glenn,2020-12-30,129,348,106,325,23,23,0,0,129,348,0,0,129,348,California
Glenn,2020-12-31,38,386,9,334,29,52,0,0,38,386,0,0,38,386,California
Glenn,2021-01-02,3,389,3,337,0,52,0,0,3,389,0,0,3,389,California
Glenn,2021-01-04,7,396,5,342,2,54,0,0,7,396,0,0,7,396,California
Glenn,2021-01-05,10,406,8,350,2,56,0,0,10,406,0,0,10,406,California
Glenn,2021-01-06,59,465,8,358,51,107,0,0,59,465,0,0,59,465,California
Glenn,2021-01-07,66,531,11,369,55,162,0,0,65,529,1,1,65,530,California
Glenn,2021-01-08,12,543,9,378,3,165,0,0,12,541,0,1,12,542,California
Glenn,2021-01-10,1,544,1,379,0,165,0,0,0,540,1,2,0,542,California
Glenn,2021-01-11,29,573,29,408,0,165,0,0,12,535,17,19,12,554,California
Glenn,2021-01-12,44,617,39,447,5,170,0,0,14,519,30,49,14,568,California
Glenn,2021-01-13,222,839,157,604,65,235,0,0,178,653,44,93,178,746,California
Glenn,2021-01-14,117,956,28,632,89,324,0,0,107,750,10,103,107,853,California
Glenn,2021-01-15,41,997,34,666,7,331,0,0,36,781,5,108,36,889,California
Glenn,2021-01-16,33,1030,14,680,19,350,0,0,23,794,10,118,23,912,California
Glenn,2021-01-17,4,1034,2,682,2,352,0,0,2,794,2,120,2,914,California
Glenn,2021-01-18,17,1051,16,698,1,353,0,0,9,795,8,128,9,923,California
Glenn,2021-01-19,30,1081,20,718,10,363,0,0,13,791,17,145,13,936,California
Glenn,2021-01-20,164,1245,94,812,70,433,0,0,83,793,81,226,83,1019,California
Glenn,2021-01-21,123,1368,97,909,26,459,0,0,30,730,93,319,30,1049,California
Glenn,2021-01-22,341,1709,64,973,277,736,0,0,334,1057,7,326,334,1383,California
Glenn,2021-01-23,14,1723,8,981,6,742,0,0,11,1065,3,329,11,1394,California
Glenn,2021-01-24,2,1725,2,983,0,742,0,0,2,1067,0,329,2,1396,California
Glenn,2021-01-25,27,1752,9,992,18,760,0,0,24,1088,3,332,24,1420,California
Glenn,2021-01-26,30,1782,14,1006,16,776,0,0,24,1106,6,338,24,1444,California
Glenn,2021-01-27,187,1969,12,1018,175,951,0,0,165,1249,22,360,165,1609,California
Glenn,2021-01-28,148,2117,8,1026,140,1091,0,0,118,1337,30,390,118,1727,California
Glenn,2021-01-29,299,2416,12,1038,287,1378,0,0,285,1608,14,404,285,2012,California
Glenn,2021-01-30,3,2419,0,1038,3,1381,0,0,3,1611,0,404,3,2015,California
Glenn,2021-01-31,1,2420,0,1038,1,1382,0,0,1,1612,0,404,1,2016,California
Glenn,2021-02-01,30,2450,11,1049,19,1401,0,0,18,1618,12,416,18,2034,California
Glenn,2021-02-02,30,2480,15,1064,15,1416,0,0,20,1628,10,426,20,2054,California
Glenn,2021-02-03,273,2753,125,1189,148,1564,0,0,129,1614,144,570,130,2184,California
Glenn,2021-02-04,80,2833,14,1203,66,1630,0,0,25,1584,55,625,25,2209,California
Glenn,2021-02-05,323,3156,25,1228,298,1928,0,0,302,1865,21,646,302,2511,California
Glenn,2021-02-06,16,3172,2,1230,14,1942,0,0,15,1879,1,647,15,2526,California
Glenn,2021-02-07,2,3174,2,1232,0,1942,0,0,2,1881,0,647,2,2528,California
Glenn,2021-02-08,21,3195,17,1249,4,1946,0,0,4,1868,17,664,4,2532,California
Glenn,2021-02-09,48,3243,19,1268,29,1975,0,0,34,1888,14,678,34,2566,California
Glenn,2021-02-10,139,3382,19,1287,120,2095,0,0,66,1881,73,751,66,2632,California
Glenn,2021-02-11,232,3614,132,1419,100,2195,0,0,150,1948,83,834,150,2782,California
Glenn,2021-02-12,419,4033,98,1517,321,2516,0,0,354,2237,65,899,354,3136,California
Glenn,2021-02-13,36,4069,8,1525,28,2544,0,0,17,2235,19,918,17,3153,California
Glenn,2021-02-14,1,4070,0,1525,1,2545,0,0,1,2236,0,918,1,3154,California
Glenn,2021-02-15,8,4078,0,1525,8,2553,0,0,8,2244,0,918,8,3162,California
Glenn,2021-02-16,39,4117,9,1534,30,2583,0,0,21,2247,18,936,21,3183,California
Glenn,2021-02-17,381,4498,13,1547,368,2951,0,0,304,2474,77,1013,304,3487,California
Glenn,2021-02-18,135,4633,100,1647,35,2986,0,0,111,2561,24,1037,111,3598,California
Glenn,2021-02-19,305,4938,16,1663,289,3275,0,0,28,2312,277,1314,28,3626,California
Glenn,2021-02-20,8,4946,0,1663,8,3283,0,0,0,2304,8,1322,0,3626,California
Glenn,2021-02-21,1,4947,1,1664,0,3283,0,0,1,2305,0,1322,1,3627,California
Glenn,2021-02-22,34,4981,15,1679,19,3302,0,0,17,2305,17,1339,17,3644,California
Glenn,2021-02-23,39,5020,10,1689,29,3331,0,0,27,2320,12,1351,27,3671,California
Glenn,2021-02-24,249,5269,47,1736,202,3533,0,0,46,2163,203,1554,46,3717,California
Glenn,2021-02-25,234,5503,120,1856,114,3647,0,0,118,2166,115,1669,118,3835,California
Glenn,2021-02-26,308,5811,24,1880,284,3931,0,0,20,1899,287,1956,20,3855,California
Glenn,2021-02-27,14,5825,5,1885,9,3940,0,0,6,1898,7,1963,6,3861,California
Glenn,2021-02-28,6,5831,3,1888,3,3943,0,0,3,1899,2,1965,3,3864,California
Glenn,2021-03-01,28,5859,6,1894,22,3965,0,0,12,1895,16,1981,12,3876,California
Glenn,2021-03-02,34,5893,7,1901,27,3992,0,0,16,1893,18,1999,16,3892,California
Glenn,2021-03-03,193,6086,38,1939,155,4147,0,0,102,1906,89,2088,102,3994,California
Glenn,2021-03-04,518,6604,174,2113,344,4491,0,0,374,2136,144,2232,374,4368,California
Glenn,2021-03-05,358,6962,47,2160,311,4802,0,0,34,1846,324,2556,34,4402,California
Glenn,2021-03-06,27,6989,2,2162,24,4826,1,1,8,1836,19,2575,9,4411,California
Glenn,2021-03-07,5,6994,0,2162,5,4831,0,1,3,1838,1,2576,3,4414,California
Glenn,2021-03-08,20,7014,2,2164,17,4848,1,2,18,1855,2,2578,19,4433,California
Glenn,2021-03-09,81,7095,11,2175,67,4915,3,5,53,1882,28,2606,55,4488,California
Glenn,2021-03-10,172,7267,69,2244,101,5016,2,7,95,1902,77,2683,97,4585,California
Glenn,2021-03-11,585,7852,169,2413,393,5409,23,30,455,2250,130,2813,478,5063,California
Glenn,2021-03-12,417,8269,13,2426,342,5751,62,92,41,1977,376,3189,103,5166,California
Glenn,2021-03-13,13,8282,1,2427,4,5755,8,100,1,1974,12,3201,9,5175,California
Glenn,2021-03-14,2,8284,1,2428,1,5756,0,100,0,1972,2,3203,0,5175,California
Glenn,2021-03-15,76,8360,15,2443,56,5812,5,105,61,2023,15,3218,66,5241,California
Glenn,2021-03-16,109,8469,34,2477,65,5877,10,115,69,2062,40,3258,79,5320,California
Glenn,2021-03-17,420,8889,99,2576,314,6191,7,122,116,1879,304,3562,121,5441,California
Glenn,2021-03-18,522,9411,217,2793,49,6240,256,378,144,1900,378,3940,399,5840,California
Glenn,2021-03-19,96,9507,16,2809,74,6314,6,384,75,1961,20,3960,81,5921,California
Glenn,2021-03-20,133,9640,2,2811,130,6444,1,385,131,2091,2,3962,132,6053,California
Glenn,2021-03-21,6,9646,5,2816,0,6444,1,386,3,2093,2,3964,4,6057,California
Glenn,2021-03-22,122,9768,54,2870,61,6505,7,393,103,2186,17,3981,110,6167,California
Glenn,2021-03-23,176,9944,66,2936,60,6565,50,443,104,2270,70,4051,154,6321,California
Glenn,2021-03-24,208,10152,101,3037,102,6667,5,448,135,2338,72,4123,140,6461,California
Glenn,2021-03-25,472,10624,230,3267,148,6815,94,542,345,2651,126,4249,439,6900,California
Glenn,2021-03-26,239,10863,36,3303,167,6982,36,578,189,2826,50,4299,225,7125,California
Glenn,2021-03-27,163,11026,19,3322,138,7120,6,584,153,2975,10,4309,159,7284,California
Glenn,2021-03-28,15,11041,10,3332,5,7125,0,584,10,2980,5,4314,10,7294,California
Glenn,2021-03-29,61,11102,20,3352,38,7163,3,587,47,3016,14,4328,50,7344,California
Glenn,2021-03-30,72,11174,41,3393,30,7193,1,588,41,3029,29,4357,42,7386,California
Glenn,2021-03-31,124,11298,35,3428,88,7281,1,589,54,3015,69,4426,55,7441,California
Glenn,2021-04-01,654,11952,188,3616,457,7738,9,598,243,2858,409,4835,252,7693,California
Glenn,2021-04-02,169,12121,26,3642,131,7869,12,610,133,2967,36,4871,145,7838,California
Glenn,2021-04-03,96,12217,4,3646,85,7954,7,617,85,3048,11,4882,92,7930,California
Glenn,2021-04-04,9,12226,3,3649,4,7958,2,619,5,3051,4,4886,7,7937,California
Glenn,2021-04-05,65,12291,25,3674,27,7985,13,632,28,3055,37,4923,41,7978,California
Glenn,2021-04-06,144,12435,52,3726,53,8038,39,671,37,3024,106,5029,75,8053,California
Glenn,2021-04-07,161,12596,47,3773,60,8098,54,725,74,3065,87,5116,128,8181,California
Glenn,2021-04-08,645,13241,191,3964,420,8518,34,759,139,2734,504,5620,173,8354,California
Glenn,2021-04-09,158,13399,57,4021,85,8603,16,775,101,2794,57,5677,117,8471,California
Glenn,2021-04-10,76,13475,1,4022,61,8664,14,789,59,2851,16,5693,73,8544,California
Glenn,2021-04-11,16,13491,8,4030,3,8667,5,794,7,2854,9,5702,12,8556,California
Glenn,2021-04-12,115,13606,25,4055,61,8728,29,823,20,2808,95,5797,49,8605,California
Glenn,2021-04-13,119,13725,63,4118,56,8784,0,823,30,2750,88,5885,30,8635,California
Glenn,2021-04-14,123,13848,46,4164,77,8861,0,823,69,2765,54,5939,69,8704,California
Glenn,2021-04-15,363,14211,278,4442,85,8946,0,823,121,2647,241,6180,123,8827,California
Glenn,2021-04-16,164,14375,41,4483,123,9069,0,823,76,2635,88,6268,76,8903,California
Glenn,2021-04-17,165,14540,16,4499,149,9218,0,823,27,2531,131,6399,27,8930,California
Glenn,2021-04-18,16,14556,3,4502,13,9231,0,823,13,2541,3,6402,13,8943,California
Glenn,2021-04-19,83,14639,17,4519,66,9297,0,823,22,2503,60,6462,22,8965,California
Glenn,2021-04-20,127,14766,82,4601,45,9342,0,823,54,2484,73,6535,54,9019,California
Glenn,2021-04-21,411,15177,310,4911,101,9443,0,823,280,2633,131,6666,280,9299,California
Glenn,2021-04-22,210,15387,48,4959,162,9605,0,823,33,2490,176,6842,33,9332,California
Glenn,2021-04-23,180,15567,24,4983,156,9761,0,823,41,2393,138,6980,41,9373,California
Glenn,2021-04-24,180,15747,32,5015,148,9909,0,823,31,2275,149,7129,31,9404,California
Glenn,2021-04-25,29,15776,18,5033,11,9920,0,823,21,2288,8,7137,21,9425,California
Glenn,2021-04-26,48,15824,12,5045,36,9956,0,823,19,2278,29,7166,19,9444,California
Glenn,2021-04-27,63,15887,49,5094,9,9965,5,828,32,2283,31,7197,36,9480,California
Glenn,2021-04-28,259,16146,180,5274,68,10033,11,839,129,2294,129,7326,140,9620,California
Glenn,2021-04-29,182,16328,23,5297,157,10190,2,841,36,2186,146,7472,38,9658,California
Glenn,2021-04-30,156,16484,35,5332,119,10309,2,843,37,2106,119,7591,39,9697,California
Glenn,2021-05-01,109,16593,13,5345,95,10404,1,844,26,2050,83,7674,27,9724,California
Glenn,2021-05-02,30,16623,12,5357,9,10413,9,853,15,2059,15,7689,24,9748,California
Glenn,2021-05-03,37,16660,23,5380,13,10426,1,854,14,2051,23,7712,15,9763,California
Glenn,2021-05-04,57,16717,33,5413,19,10445,5,859,28,2055,29,7741,33,9796,California
Glenn,2021-05-05,122,16839,35,5448,77,10522,10,869,51,2045,71,7812,61,9857,California
Glenn,2021-05-06,112,16951,41,5489,66,10588,5,874,41,2020,71,7883,46,9903,California
Glenn,2021-05-07,119,17070,32,5521,78,10666,9,883,31,1973,87,7970,40,9943,California
Glenn,2021-05-08,66,17136,12,5533,50,10716,4,887,21,1954,44,8014,25,9968,California
Glenn,2021-05-09,17,17153,11,5544,6,10722,0,887,13,1963,4,8018,13,9981,California
Glenn,2021-05-10,37,17190,15,5559,17,10739,5,892,14,1959,23,8041,19,10000,California
Glenn,2021-05-11,79,17269,56,5615,14,10753,9,901,16,1921,63,8104,25,10025,California
Glenn,2021-05-12,334,17603,252,5867,68,10821,14,915,53,1707,281,8385,67,10092,California
Glenn,2021-05-13,157,17760,59,5926,80,10901,18,933,68,1704,89,8474,86,10178,California
Glenn,2021-05-14,106,17866,25,5951,76,10977,5,938,42,1687,64,8538,47,10225,California
Glenn,2021-05-15,69,17935,40,5991,26,11003,3,941,36,1693,32,8570,38,10263,California
Glenn,2021-05-16,31,17966,18,6009,13,11016,0,941,9,1680,22,8592,9,10272,California
Glenn,2021-05-17,83,18049,58,6067,21,11037,4,945,60,1718,26,8618,64,10336,California
Glenn,2021-05-18,68,18117,49,6116,14,11051,5,950,22,1699,46,8664,27,10363,California
Glenn,2021-05-19,194,18311,114,6230,68,11119,12,962,72,1661,121,8785,83,10446,California
Glenn,2021-05-20,119,18430,76,6306,41,11160,2,964,84,1712,35,8820,86,10532,California
Glenn,2021-05-21,69,18499,25,6331,43,11203,1,965,28,1700,41,8861,29,10561,California
Glenn,2021-05-22,52,18551,22,6353,30,11233,0,965,26,1700,26,8887,26,10587,California
Glenn,2021-05-23,27,18578,15,6368,12,11245,0,965,12,1698,14,8901,12,10599,California
Glenn,2021-05-24,29,18607,10,6378,15,11260,4,969,10,1694,18,8919,14,10613,California
Glenn,2021-05-25,47,18654,36,6414,9,11269,2,971,24,1697,23,8942,26,10639,California
Glenn,2021-05-26,74,18728,15,6429,55,11324,4,975,26,1679,48,8990,30,10669,California
Glenn,2021-05-27,101,18829,62,6491,38,11362,1,976,47,1675,52,9042,48,10717,California
Glenn,2021-05-28,62,18891,18,6509,37,11399,7,983,32,1684,30,9072,39,10756,California
Glenn,2021-05-29,48,18939,11,6520,33,11432,4,987,21,1682,27,9099,25,10781,California
Glenn,2021-05-30,21,18960,13,6533,8,11440,0,987,8,1678,12,9111,8,10789,California
Glenn,2021-05-31,4,18964,0,6533,4,11444,0,987,0,1674,4,9115,0,10789,California
Glenn,2021-06-01,57,19021,31,6564,23,11467,3,990,24,1668,33,9148,27,10816,California
Glenn,2021-06-02,97,19118,48,6612,46,11513,3,993,39,1652,58,9206,42,10858,California
Glenn,2021-06-03,75,19193,42,6654,26,11539,7,1000,18,1622,55,9261,25,10883,California
Glenn,2021-06-04,76,19269,36,6690,37,11576,3,1003,40,1629,36,9297,43,10926,California
Glenn,2021-06-05,58,19327,32,6722,23,11599,3,1006,20,1614,38,9335,23,10949,California
Glenn,2021-06-06,29,19356,26,6748,2,11601,1,1007,13,1613,15,9350,14,10963,California
Glenn,2021-06-07,70,19426,60,6808,9,11610,1,1008,15,1575,54,9404,16,10979,California
Glenn,2021-06-08,35,19461,19,6827,11,11621,5,1013,16,1577,19,9423,21,11000,California
Glenn,2021-06-09,51,19512,25,6852,20,11641,6,1019,25,1582,26,9449,31,11031,California
Glenn,2021-06-10,76,19588,46,6898,24,11665,6,1025,10,1532,66,9515,16,11047,California
Humboldt,2020-12-15,2,2,2,2,0,0,0,0,2,2,0,0,2,2,California
Humboldt,2020-12-16,16,18,16,18,0,0,0,0,16,18,0,0,16,18,California
Humboldt,2020-12-17,117,135,117,135,0,0,0,0,117,135,0,0,117,135,California
Humboldt,2020-12-18,177,312,177,312,0,0,0,0,177,312,0,0,177,312,California
Humboldt,2020-12-19,10,322,10,322,0,0,0,0,10,322,0,0,10,322,California
Humboldt,2020-12-20,27,349,27,349,0,0,0,0,27,349,0,0,27,349,California
Humboldt,2020-12-21,165,514,165,514,0,0,0,0,165,514,0,0,165,514,California
Humboldt,2020-12-22,331,845,331,845,0,0,0,0,331,845,0,0,331,845,California
Humboldt,2020-12-23,323,1168,266,1111,57,57,0,0,325,1170,0,0,325,1170,California
Humboldt,2020-12-24,25,1193,2,1113,23,80,0,0,25,1195,0,0,25,1195,California
Humboldt,2020-12-25,2,1195,2,1115,0,80,0,0,2,1197,0,0,2,1197,California
Humboldt,2020-12-26,6,1201,5,1120,1,81,0,0,6,1203,0,0,6,1203,California
Humboldt,2020-12-28,204,1405,149,1269,55,136,0,0,204,1407,0,0,204,1407,California
Humboldt,2020-12-29,181,1586,123,1392,58,194,0,0,182,1589,0,0,182,1589,California
Humboldt,2020-12-30,231,1817,126,1518,105,299,0,0,231,1820,0,0,231,1820,California
Humboldt,2020-12-31,245,2062,80,1598,165,464,0,0,245,2065,0,0,245,2065,California
Humboldt,2021-01-01,2,2064,1,1599,1,465,0,0,2,2067,0,0,2,2067,California
Humboldt,2021-01-02,39,2103,1,1600,38,503,0,0,39,2106,0,0,39,2106,California
Humboldt,2021-01-04,218,2321,142,1742,76,579,0,0,219,2325,0,0,219,2325,California
Humboldt,2021-01-05,130,2451,18,1760,112,691,0,0,130,2454,1,1,130,2455,California
Humboldt,2021-01-06,313,2764,214,1974,99,790,0,0,240,2633,61,62,240,2695,California
Humboldt,2021-01-07,441,3205,329,2303,112,902,0,0,324,2857,100,162,324,3019,California
Humboldt,2021-01-08,426,3631,287,2590,139,1041,0,0,287,3011,133,295,287,3306,California
Humboldt,2021-01-09,68,3699,44,2634,24,1065,0,0,66,3076,2,297,67,3373,California
Humboldt,2021-01-10,84,3783,84,2718,0,1065,0,0,4,3000,80,377,4,3377,California
Humboldt,2021-01-11,289,4072,278,2996,11,1076,0,0,71,2857,214,591,71,3448,California
Humboldt,2021-01-12,490,4562,326,3322,164,1240,0,0,285,2959,183,774,285,3733,California
Humboldt,2021-01-13,497,5059,279,3601,218,1458,0,0,318,3102,176,950,319,4052,California
Humboldt,2021-01-14,545,5604,167,3768,378,1836,0,0,489,3536,56,1006,490,4542,California
Humboldt,2021-01-15,375,5979,39,3807,336,2172,0,0,347,3855,28,1034,347,4889,California
Humboldt,2021-01-16,170,6149,6,3813,164,2336,0,0,169,4023,1,1035,169,5058,California
Humboldt,2021-01-17,6,6155,4,3817,2,2338,0,0,6,4029,0,1035,6,5064,California
Humboldt,2021-01-18,303,6458,268,4085,35,2373,0,0,151,4028,152,1187,151,5215,California
Humboldt,2021-01-19,651,7109,396,4481,255,2628,0,0,523,4429,122,1309,523,5738,California
Humboldt,2021-01-20,917,8026,388,4869,529,3157,0,0,754,5030,155,1464,756,6494,California
Humboldt,2021-01-21,965,8991,261,5130,704,3861,0,0,923,5911,42,1506,923,7417,California
Humboldt,2021-01-22,686,9677,379,5509,307,4168,0,0,676,6579,10,1516,678,8095,California
Humboldt,2021-01-23,923,10600,282,5791,641,4809,0,0,914,7485,9,1525,915,9010,California
Humboldt,2021-01-24,229,10829,1,5792,228,5037,0,0,228,7712,1,1526,228,9238,California
Humboldt,2021-01-25,351,11180,236,6028,115,5152,0,0,155,7671,196,1722,155,9393,California
Humboldt,2021-01-26,542,11722,149,6177,393,5545,0,0,478,8085,64,1786,478,9871,California
Humboldt,2021-01-27,1270,12992,587,6764,683,6228,0,0,1200,9224,63,1849,1202,11073,California
Humboldt,2021-01-28,1464,14456,636,7400,828,7056,0,0,1325,10415,136,1985,1327,12400,California
Humboldt,2021-01-29,1155,15611,548,7948,607,7663,0,0,691,10642,464,2449,691,13091,California
Humboldt,2021-01-30,988,16599,468,8416,520,8183,0,0,975,11605,13,2462,976,14067,California
Humboldt,2021-01-31,316,16915,314,8730,2,8185,0,0,315,11919,1,2463,315,14382,California
Humboldt,2021-02-01,339,17254,195,8925,144,8329,0,0,189,11959,149,2612,189,14571,California
Humboldt,2021-02-02,450,17704,79,9004,371,8700,0,0,345,12204,102,2714,347,14918,California
Humboldt,2021-02-03,671,18375,265,9269,406,9106,0,0,519,12571,152,2866,519,15437,California
Humboldt,2021-02-04,652,19027,260,9529,392,9498,0,0,444,12810,205,3071,444,15881,California
Humboldt,2021-02-05,812,19839,94,9623,718,10216,0,0,625,13248,187,3258,625,16506,California
Humboldt,2021-02-06,1080,20919,468,10091,612,10828,0,0,1034,14238,45,3303,1035,17541,California
Humboldt,2021-02-07,379,21298,9,10100,370,11198,0,0,374,14609,4,3307,375,17916,California
Humboldt,2021-02-08,336,21634,146,10246,190,11388,0,0,179,14632,156,3463,179,18095,California
Humboldt,2021-02-09,502,22136,228,10474,274,11662,0,0,176,14482,326,3789,176,18271,California
Humboldt,2021-02-10,564,22700,372,10846,192,11854,0,0,234,14391,325,4114,234,18505,California
Humboldt,2021-02-11,1314,24014,396,11242,918,12772,0,0,492,14066,819,4933,494,18999,California
Humboldt,2021-02-12,1156,25170,738,11980,418,13190,0,0,707,14324,449,5382,707,19706,California
Humboldt,2021-02-13,1548,26718,597,12577,951,14141,0,0,928,14634,618,6000,928,20634,California
Humboldt,2021-02-14,111,26829,5,12582,106,14247,0,0,108,14740,2,6002,108,20742,California
Humboldt,2021-02-15,295,27124,81,12663,214,14461,0,0,194,14834,100,6102,194,20936,California
Humboldt,2021-02-16,544,27668,121,12784,423,14884,0,0,252,14795,292,6394,253,21189,California
Humboldt,2021-02-17,448,28116,276,13060,172,15056,0,0,131,14610,316,6710,131,21320,California
Humboldt,2021-02-18,1019,29135,598,13658,421,15477,0,0,272,14137,745,7455,272,21592,California
Humboldt,2021-02-19,486,29621,436,14094,50,15527,0,0,92,13838,391,7846,92,21684,California
Humboldt,2021-02-20,1640,31261,1010,15104,630,16157,0,0,482,13168,1155,9001,485,22169,California
Humboldt,2021-02-21,479,31740,471,15575,8,16165,0,0,181,13052,298,9299,182,22351,California
Humboldt,2021-02-22,138,31878,94,15669,44,16209,0,0,29,12974,107,9406,29,22380,California
Humboldt,2021-02-23,182,32060,71,15740,111,16320,0,0,44,12882,136,9542,44,22424,California
Humboldt,2021-02-24,1212,33272,741,16481,471,16791,0,0,586,12843,625,10167,586,23010,California
Humboldt,2021-02-25,834,34106,319,16800,515,17306,0,0,231,12473,601,10768,231,23241,California
Humboldt,2021-02-26,2151,36257,106,16906,2045,19351,0,0,446,11221,1699,12467,447,23688,California
Humboldt,2021-02-27,1711,37968,1091,17997,620,19971,0,0,855,11226,854,13321,859,24547,California
Humboldt,2021-02-28,123,38091,11,18008,112,20083,0,0,117,11337,6,13327,117,24664,California
Humboldt,2021-03-01,257,38348,45,18053,212,20295,0,0,183,11446,74,13401,183,24847,California
Humboldt,2021-03-02,302,38650,51,18104,251,20546,0,0,166,11476,136,13537,166,25013,California
Humboldt,2021-03-03,1667,40317,1101,19205,566,21112,0,0,1223,12262,438,13975,1224,26237,California
Humboldt,2021-03-04,923,41240,112,19317,811,21923,0,0,299,11939,624,14599,301,26538,California
Humboldt,2021-03-05,947,42187,187,19504,749,22672,11,11,387,11781,556,15155,398,26936,California
Humboldt,2021-03-06,1799,43986,941,20445,809,23481,49,60,802,11636,996,16151,851,27787,California
Humboldt,2021-03-07,365,44351,294,20739,53,23534,18,78,157,11603,208,16359,175,27962,California
Humboldt,2021-03-08,277,44628,6,20745,192,23726,79,157,182,11769,95,16454,261,28223,California
Humboldt,2021-03-09,500,45128,207,20952,145,23871,148,305,245,11908,253,16707,392,28615,California
Humboldt,2021-03-10,690,45818,466,21418,70,23941,154,459,419,12209,270,16977,571,29186,California
Humboldt,2021-03-11,1470,47288,456,21874,914,24855,100,559,645,12133,820,17797,744,29930,California
Humboldt,2021-03-12,1746,49034,1083,22957,441,25296,222,781,1052,12724,686,18483,1277,31207,California
Humboldt,2021-03-13,1587,50621,1037,23994,498,25794,52,833,670,12535,911,19394,722,31929,California
Humboldt,2021-03-14,142,50763,19,24013,115,25909,8,841,30,12461,112,19506,38,31967,California
Humboldt,2021-03-15,278,51041,51,24064,205,26114,22,863,59,12323,219,19725,81,32048,California
Humboldt,2021-03-16,636,51677,201,24265,174,26288,261,1124,260,12467,375,20100,519,32567,California
Humboldt,2021-03-17,730,52407,394,24659,228,26516,108,1232,340,12526,389,20489,448,33015,California
Humboldt,2021-03-18,1740,54147,1169,25828,528,27044,43,1275,1042,12917,694,21183,1085,34100,California
Humboldt,2021-03-19,1076,55223,61,25889,701,27745,314,1589,441,13039,632,21815,754,34854,California
Humboldt,2021-03-20,1383,56606,755,26644,614,28359,14,1603,424,12521,957,22772,439,35293,California
Humboldt,2021-03-21,250,56856,33,26677,188,28547,29,1632,205,12709,45,22817,233,35526,California
Humboldt,2021-03-22,118,56974,15,26692,53,28600,50,1682,62,12767,54,22871,112,35638,California
Humboldt,2021-03-23,415,57389,43,26735,329,28929,43,1725,320,13037,93,22964,363,36001,California
Humboldt,2021-03-24,1415,58804,388,27123,979,29908,48,1773,1038,13753,369,23333,1085,37086,California
Humboldt,2021-03-25,1837,60641,1211,28334,564,30472,62,1835,946,13872,889,24222,1008,38094,California
Humboldt,2021-03-26,2042,62683,438,28772,1546,32018,58,1893,1595,15083,441,24663,1652,39746,California
Humboldt,2021-03-27,2078,64761,1498,30270,408,32426,172,2065,1100,15381,974,25637,1272,41018,California
Humboldt,2021-03-28,267,65028,81,30351,114,32540,72,2137,83,15354,183,25820,156,41174,California
Humboldt,2021-03-29,467,65495,125,30476,246,32786,96,2233,198,15379,268,26088,293,41467,California
Humboldt,2021-03-30,942,66437,305,30781,523,33309,114,2347,557,15669,380,26468,670,42137,California
Humboldt,2021-03-31,1867,68304,520,31301,1249,34558,98,2445,1410,16726,453,26921,1510,43647,California
Humboldt,2021-04-01,2113,70417,702,32003,1318,35876,93,2538,1482,17678,623,27544,1575,45222,California
Humboldt,2021-04-02,1722,72139,1111,33114,506,36382,105,2643,619,17304,1098,28642,724,45946,California
Humboldt,2021-04-03,1666,73805,1507,34621,145,36527,14,2657,670,17002,986,29628,684,46630,California
Humboldt,2021-04-04,485,74290,371,34992,105,36632,9,2666,405,17336,80,29708,414,47044,California
Humboldt,2021-04-05,777,75067,463,35455,266,36898,48,2714,443,17495,332,30040,491,47535,California
Humboldt,2021-04-06,842,75909,318,35773,390,37288,134,2848,586,17963,250,30290,718,48253,California
Humboldt,2021-04-07,1500,77409,1068,36841,292,37580,140,2988,995,18596,502,30792,1135,49388,California
Humboldt,2021-04-08,1750,79159,1096,37937,496,38076,158,3146,740,18486,1008,31800,898,50286,California
Humboldt,2021-04-09,1443,80602,439,38376,850,38926,154,3300,1154,19500,287,32087,1301,51587,California
Humboldt,2021-04-10,938,81540,139,38515,625,39551,174,3474,739,20214,197,32284,911,52498,California
Humboldt,2021-04-11,645,82185,138,38653,36,39587,471,3945,128,20295,517,32801,598,53096,California
Humboldt,2021-04-12,437,82622,227,38880,85,39672,125,4070,278,20539,159,32960,403,53499,California
Humboldt,2021-04-13,591,83213,325,39205,262,39934,4,4074,557,21068,31,32991,560,54059,California
Humboldt,2021-04-14,1430,84643,1032,40237,398,40332,0,4074,1317,22274,112,33103,1318,55377,California
Humboldt,2021-04-15,1823,86466,1196,41433,623,40955,4,4078,1254,22981,551,33654,1258,56635,California
Humboldt,2021-04-16,1138,87604,523,41956,615,41570,0,4078,552,22950,583,34237,552,57187,California
Humboldt,2021-04-17,1843,89447,1521,43477,322,41892,0,4078,1047,23207,790,35027,1047,58234,California
Humboldt,2021-04-18,662,90109,349,43826,312,42204,1,4079,84,22719,572,35599,84,58318,California
Humboldt,2021-04-19,201,90310,84,43910,117,42321,0,4079,86,22692,113,35712,86,58404,California
Humboldt,2021-04-20,487,90797,127,44037,360,42681,0,4079,241,22688,245,35957,241,58645,California
Humboldt,2021-04-21,1093,91890,382,44419,711,43392,0,4079,431,22469,651,36608,432,59077,California
Humboldt,2021-04-22,878,92768,525,44944,351,43743,2,4081,445,22483,431,37039,445,59522,California
Humboldt,2021-04-23,2165,94933,305,45249,1860,45603,0,4081,315,20952,1846,38885,315,59837,California
Humboldt,2021-04-24,1087,96020,881,46130,201,45804,5,4086,361,20594,724,39609,366,60203,California
Humboldt,2021-04-25,376,96396,240,46370,136,45940,0,4086,191,20604,181,39790,191,60394,California
Humboldt,2021-04-26,355,96751,251,46621,100,46040,4,4090,99,20451,254,40044,101,60495,California
Humboldt,2021-04-27,762,97513,264,46885,469,46509,29,4119,154,20028,606,40650,183,60678,California
Humboldt,2021-04-28,1542,99055,793,47678,704,47213,45,4164,400,19333,1140,41790,445,61123,California
Humboldt,2021-04-29,1738,100793,590,48268,1110,48323,38,4202,290,18217,1444,43234,328,61451,California
Humboldt,2021-04-30,1249,102042,392,48660,823,49146,34,4236,192,17390,1051,44285,224,61675,California
Humboldt,2021-05-01,467,102509,385,49045,60,49206,22,4258,289,17524,177,44462,311,61986,California
Humboldt,2021-05-02,230,102739,184,49229,37,49243,9,4267,114,17533,115,44577,124,62110,California
Humboldt,2021-05-03,612,103351,375,49604,213,49456,24,4291,99,17146,511,45088,124,62234,California
Humboldt,2021-05-04,825,104176,483,50087,296,49752,46,4337,254,16877,568,45656,299,62533,California
Humboldt,2021-05-05,1684,105860,1075,51162,552,50304,57,4394,178,15611,1499,47155,233,62766,California
Humboldt,2021-05-06,1689,107549,1073,52235,364,50668,252,4646,139,14455,1547,48702,391,63157,California
Humboldt,2021-05-07,1417,108966,302,52537,1056,51724,59,4705,234,13566,1180,49882,291,63448,California
Humboldt,2021-05-08,742,109708,147,52684,572,52296,23,4728,91,13030,650,50532,114,63562,California
Humboldt,2021-05-09,908,110616,856,53540,42,52338,10,4738,48,12228,860,51392,58,63620,California
Humboldt,2021-05-10,215,110831,36,53576,141,52479,38,4776,82,12215,133,51525,120,63740,California
Humboldt,2021-05-11,500,111331,148,53724,279,52758,73,4849,188,12164,312,51837,261,64001,California
Humboldt,2021-05-12,616,111947,140,53864,431,53189,45,4894,229,12051,386,52223,273,64274,California
Humboldt,2021-05-13,583,112530,286,54150,270,53459,27,4921,270,12038,310,52533,297,64571,California
Humboldt,2021-05-14,706,113236,140,54290,462,53921,104,5025,231,11900,472,53005,334,64905,California
Humboldt,2021-05-15,781,114017,642,54932,131,54052,8,5033,210,11548,570,53575,218,65123,California
Humboldt,2021-05-16,124,114141,54,54986,66,54118,4,5037,70,11568,54,53629,74,65197,California
Humboldt,2021-05-17,401,114542,213,55199,166,54284,22,5059,223,11636,176,53805,244,65441,California
Humboldt,2021-05-18,663,115205,323,55522,311,54595,29,5088,369,11740,294,54099,398,65839,California
Humboldt,2021-05-19,991,116196,548,56070,400,54995,43,5131,359,11512,628,54727,400,66239,California
Humboldt,2021-05-20,808,117004,602,56672,194,55189,12,5143,590,11900,215,54942,603,66842,California
Humboldt,2021-05-21,870,117874,286,56958,523,55712,61,5204,374,11839,496,55438,435,67277,California
Humboldt,2021-05-22,410,118284,316,57274,86,55798,8,5212,143,11725,265,55703,151,67428,California
Humboldt,2021-05-23,385,118669,318,57592,64,55862,3,5215,71,11485,314,56017,74,67502,California
Humboldt,2021-05-24,325,118994,172,57764,124,55986,29,5244,187,11564,137,56154,216,67718,California
Humboldt,2021-05-25,560,119554,368,58132,168,56154,24,5268,320,11671,237,56391,344,68062,California
Humboldt,2021-05-26,656,120210,320,58452,312,56466,24,5292,322,11684,333,56724,346,68408,California
Humboldt,2021-05-27,462,120672,244,58696,181,56647,37,5329,279,11817,183,56907,316,68724,California
Humboldt,2021-05-28,412,121084,194,58890,171,56818,47,5376,182,11817,229,57136,229,68953,California
Humboldt,2021-05-29,172,121256,103,58993,66,56884,3,5379,98,11844,74,57210,101,69054,California
Humboldt,2021-05-30,104,121360,45,59038,54,56938,5,5384,49,11844,54,57264,54,69108,California
Humboldt,2021-05-31,97,121457,51,59089,40,56978,6,5390,73,11899,23,57287,78,69186,California
Humboldt,2021-06-01,458,121915,269,59358,174,57152,15,5405,204,11865,253,57540,219,69405,California
Humboldt,2021-06-02,532,122447,250,59608,228,57380,54,5459,244,11879,282,57822,296,69701,California
Humboldt,2021-06-03,388,122835,225,59833,141,57521,22,5481,86,11713,274,58096,108,69809,California
Humboldt,2021-06-04,488,123323,307,60140,159,57680,22,5503,127,11545,316,58412,148,69957,California
Humboldt,2021-06-05,394,123717,302,60442,48,57728,44,5547,192,11634,147,58559,236,70193,California
Humboldt,2021-06-06,147,123864,95,60537,42,57770,10,5557,48,11598,94,58653,58,70251,California
Humboldt,2021-06-07,347,124211,215,60752,110,57880,22,5579,113,11499,234,58887,135,70386,California
Humboldt,2021-06-08,503,124714,290,61042,183,58063,30,5609,139,11305,363,59250,169,70555,California
Humboldt,2021-06-09,258,124972,129,61171,100,58163,29,5638,86,11250,170,59420,115,70670,California
Humboldt,2021-06-10,341,125313,300,61471,25,58188,16,5654,27,10979,312,59732,41,70711,California
Imperial,2020-12-16,1,1,1,1,0,0,0,0,1,1,0,0,1,1,California
Imperial,2020-12-17,4,5,4,5,0,0,0,0,4,5,0,0,4,5,California
Imperial,2020-12-18,12,17,12,17,0,0,0,0,12,17,0,0,12,17,California
Imperial,2020-12-20,2,19,2,19,0,0,0,0,2,19,0,0,2,19,California
Imperial,2020-12-21,186,205,186,205,0,0,0,0,186,205,0,0,186,205,California
Imperial,2020-12-22,241,446,239,444,2,2,0,0,241,446,0,0,241,446,California
Imperial,2020-12-23,211,657,210,654,1,3,0,0,210,656,0,0,210,656,California
Imperial,2020-12-24,5,662,5,659,0,3,0,0,5,661,0,0,5,661,California
Imperial,2020-12-26,2,664,1,660,1,4,0,0,2,663,0,0,2,663,California
Imperial,2020-12-27,62,726,0,660,62,66,0,0,62,725,0,0,62,725,California
Imperial,2020-12-28,214,940,114,774,100,166,0,0,214,939,0,0,214,939,California
Imperial,2020-12-29,189,1129,36,810,153,319,0,0,189,1128,0,0,189,1128,California
Imperial,2020-12-30,367,1496,50,860,317,636,0,0,367,1495,0,0,367,1495,California
Imperial,2020-12-31,198,1694,27,887,171,807,0,0,198,1693,0,0,198,1693,California
Imperial,2021-01-01,47,1741,5,892,42,849,0,0,47,1740,0,0,47,1740,California
Imperial,2021-01-02,4,1745,0,892,4,853,0,0,4,1744,0,0,4,1744,California
Imperial,2021-01-03,90,1835,0,892,90,943,0,0,90,1834,0,0,90,1834,California
Imperial,2021-01-04,85,1920,5,897,80,1023,0,0,85,1919,0,0,85,1919,California
Imperial,2021-01-05,172,2092,14,911,158,1181,0,0,172,2091,0,0,172,2091,California
Imperial,2021-01-06,189,2281,25,936,164,1345,0,0,188,2278,1,1,188,2279,California
Imperial,2021-01-07,322,2603,10,946,312,1657,0,0,319,2594,3,4,319,2598,California
Imperial,2021-01-08,192,2795,52,998,140,1797,0,0,182,2766,10,14,182,2780,California
Imperial,2021-01-09,24,2819,21,1019,3,1800,0,0,24,2790,0,14,24,2804,California
Imperial,2021-01-10,2,2821,0,1019,2,1802,0,0,2,2792,0,14,2,2806,California
Imperial,2021-01-11,403,3224,244,1263,159,1961,0,0,175,2739,228,242,175,2981,California
Imperial,2021-01-12,405,3629,302,1565,103,2064,0,0,143,2621,261,503,143,3124,California
Imperial,2021-01-13,378,4007,133,1698,245,2309,0,0,278,2799,100,603,278,3402,California
Imperial,2021-01-14,260,4267,150,1848,110,2419,0,0,254,3048,5,608,254,3656,California
Imperial,2021-01-15,239,4506,181,2029,58,2477,0,0,232,3273,7,615,232,3888,California
Imperial,2021-01-16,80,4586,74,2103,6,2483,0,0,79,3351,1,616,79,3967,California
Imperial,2021-01-17,10,4596,2,2105,8,2491,0,0,10,3361,0,616,10,3977,California
Imperial,2021-01-18,1063,5659,399,2504,664,3155,0,0,965,4229,98,714,966,4943,California
Imperial,2021-01-19,166,5825,130,2634,36,3191,0,0,119,4301,47,761,119,5062,California
Imperial,2021-01-20,296,6121,199,2833,97,3288,0,0,258,4521,38,799,258,5320,California
Imperial,2021-01-21,428,6549,193,3026,235,3523,0,0,406,4905,22,821,406,5726,California
Imperial,2021-01-22,465,7014,191,3217,274,3797,0,0,456,5352,9,830,456,6182,California
Imperial,2021-01-23,1044,8058,292,3509,752,4549,0,0,1043,6394,1,831,1043,7225,California
Imperial,2021-01-24,11,8069,4,3513,7,4556,0,0,11,6405,0,831,11,7236,California
Imperial,2021-01-25,215,8284,5,3518,210,4766,0,0,34,6260,179,1010,34,7270,California
Imperial,2021-01-26,374,8658,188,3706,186,4952,0,0,230,6347,143,1153,230,7500,California
Imperial,2021-01-27,580,9238,166,3872,414,5366,0,0,247,6261,333,1486,247,7747,California
Imperial,2021-01-28,645,9883,163,4035,482,5848,0,0,536,6689,109,1595,537,8284,California
Imperial,2021-01-29,430,10313,298,4333,132,5980,0,0,381,7021,49,1644,381,8665,California
Imperial,2021-01-30,60,10373,33,4366,27,6007,0,0,43,7047,17,1661,43,8708,California
Imperial,2021-01-31,19,10392,9,4375,10,6017,0,0,18,7064,1,1662,18,8726,California
Imperial,2021-02-01,427,10819,57,4432,370,6387,0,0,216,7071,209,1871,216,8942,California
Imperial,2021-02-02,689,11508,59,4491,630,7017,0,0,508,7398,181,2052,508,9450,California
Imperial,2021-02-03,463,11971,52,4543,411,7428,0,0,267,7470,195,2247,267,9717,California
Imperial,2021-02-04,1727,13698,1209,5752,518,7946,0,0,1415,8574,311,2558,1415,11132,California
Imperial,2021-02-05,401,14099,243,5995,158,8104,0,0,168,8508,234,2792,168,11300,California
Imperial,2021-02-06,860,14959,837,6832,23,8127,0,0,825,9296,37,2829,825,12125,California
Imperial,2021-02-07,22,14981,9,6841,13,8140,0,0,21,9316,1,2830,21,12146,California
Imperial,2021-02-08,260,15241,53,6894,207,8347,0,0,191,9438,69,2899,191,12337,California
Imperial,2021-02-09,481,15722,157,7051,324,8671,0,0,321,9599,160,3059,321,12658,California
Imperial,2021-02-10,468,16190,62,7113,406,9077,0,0,104,9340,364,3423,105,12763,California
Imperial,2021-02-11,1043,17233,371,7484,672,9749,0,0,151,8604,887,4310,151,12914,California
Imperial,2021-02-12,2154,19387,1429,8913,725,10474,0,0,1801,10050,356,4666,1802,14716,California
Imperial,2021-02-13,47,19434,17,8930,30,10504,0,0,43,10087,7,4673,44,14760,California
Imperial,2021-02-14,25,19459,12,8942,13,10517,0,0,22,10106,3,4676,22,14782,California
Imperial,2021-02-15,107,19566,19,8961,88,10605,0,0,90,10179,17,4693,90,14872,California
Imperial,2021-02-16,525,20091,273,9234,252,10857,0,0,305,10264,220,4913,305,15177,California
Imperial,2021-02-17,445,20536,288,9522,157,11014,0,0,87,9993,358,5271,87,15264,California
Imperial,2021-02-18,654,21190,316,9838,338,11352,0,0,146,9632,507,5778,146,15410,California
Imperial,2021-02-19,775,21965,384,10222,391,11743,0,0,195,9248,579,6357,195,15605,California
Imperial,2021-02-20,1046,23011,195,10417,851,12594,0,0,330,8866,714,7071,332,15937,California
Imperial,2021-02-21,593,23604,559,10976,34,12628,0,0,581,9436,11,7082,581,16518,California
Imperial,2021-02-22,809,24413,568,11544,241,12869,0,0,759,10145,50,7132,759,17277,California
Imperial,2021-02-23,974,25387,404,11948,570,13439,0,0,917,11006,57,7189,918,18195,California
Imperial,2021-02-24,731,26118,303,12251,428,13867,0,0,630,11536,100,7289,630,18825,California
Imperial,2021-02-25,871,26989,343,12594,528,14395,0,0,498,11668,372,7661,504,19329,California
Imperial,2021-02-26,2296,29285,1355,13949,941,15336,0,0,1812,12998,483,8144,1813,21142,California
Imperial,2021-02-27,870,30155,813,14762,57,15393,0,0,135,12397,737,8881,136,21278,California
Imperial,2021-02-28,33,30188,20,14782,13,15406,0,0,23,12410,10,8891,23,21301,California
Imperial,2021-03-01,522,30710,304,15086,215,15621,3,3,450,12795,69,8960,454,21755,California
Imperial,2021-03-02,691,31401,252,15338,438,16059,1,4,393,12895,296,9256,396,22151,California
Imperial,2021-03-03,932,32333,52,15390,879,16938,1,5,562,13102,367,9623,574,22725,California
Imperial,2021-03-04,775,33108,90,15480,684,17622,1,6,506,13371,267,9890,536,23261,California
Imperial,2021-03-05,3099,36207,2216,17696,883,18505,0,6,1740,13751,1362,11252,1742,25003,California
Imperial,2021-03-06,702,36909,238,17934,464,18969,0,6,658,14372,41,11293,662,25665,California
Imperial,2021-03-07,84,36993,41,17975,43,19012,0,6,59,14408,24,11317,60,25725,California
Imperial,2021-03-08,424,37417,339,18314,50,19062,35,41,366,14752,57,11374,401,26126,California
Imperial,2021-03-09,696,38113,321,18635,128,19190,247,288,404,15110,292,11666,650,26776,California
Imperial,2021-03-10,703,38816,327,18962,271,19461,105,393,329,15171,373,12039,434,27210,California
Imperial,2021-03-11,1806,40622,485,19447,1129,20590,192,585,1199,15969,603,12642,1401,28611,California
Imperial,2021-03-12,4802,45424,3467,22914,1150,21740,185,770,3093,17544,1703,14345,3278,31889,California
Imperial,2021-03-13,1158,46582,95,23009,838,22578,225,995,861,18340,294,14639,1090,32979,California
Imperial,2021-03-14,177,46759,36,23045,127,22705,14,1009,140,18458,37,14676,155,33134,California
Imperial,2021-03-15,696,47455,231,23276,203,22908,262,1271,395,18816,299,14975,657,33791,California
Imperial,2021-03-16,1126,48581,283,23559,373,23281,470,1741,562,19285,562,15537,1031,34822,California
Imperial,2021-03-17,1619,50200,704,24263,778,24059,137,1878,1026,19864,585,16122,1164,35986,California
Imperial,2021-03-18,1825,52025,1208,25471,557,24616,60,1938,1289,20683,532,16654,1351,37337,California
Imperial,2021-03-19,3794,55819,2778,28249,1012,25628,4,1942,1919,20740,1867,18521,1924,39261,California
Imperial,2021-03-20,1771,57590,552,28801,1213,26841,6,1948,1319,21626,445,18966,1331,40592,California
Imperial,2021-03-21,218,57808,35,28836,179,27020,4,1952,160,21736,58,19024,168,40760,California
Imperial,2021-03-22,1064,58872,349,29185,707,27727,8,1960,630,21943,433,19457,640,41400,California
Imperial,2021-03-23,1451,60323,452,29637,993,28720,6,1966,942,22387,505,19962,949,42349,California
Imperial,2021-03-24,2162,62485,573,30210,1162,29882,427,2393,1169,22992,990,20952,1595,43944,California
Imperial,2021-03-25,3218,65703,699,30909,896,30778,1623,4016,1209,23810,2003,22955,2821,46765,California
Imperial,2021-03-26,3213,68916,1181,32090,1046,31824,986,5002,922,23438,2279,25234,1907,48672,California
Imperial,2021-03-27,621,69537,287,32377,282,32106,52,5054,449,23770,169,25403,501,49173,California
Imperial,2021-03-28,215,69752,54,32431,159,32265,2,5056,174,23906,40,25443,176,49349,California
Imperial,2021-03-29,1482,71234,361,32792,397,32662,724,5780,332,23813,1147,26590,1054,50403,California
Imperial,2021-03-30,2109,73343,693,33485,602,33264,814,6594,693,23905,1414,28004,1506,51909,California
Imperial,2021-03-31,1551,74894,734,34219,811,34075,6,6600,1028,24418,520,28524,1033,52942,California
Imperial,2021-04-01,2056,76950,436,34655,1375,35450,245,6845,883,24378,1167,29691,1127,54069,California
Imperial,2021-04-02,1961,78911,485,35140,1401,36851,75,6920,1331,25158,624,30315,1404,55473,California
Imperial,2021-04-03,1526,80437,436,35576,1011,37862,79,6999,708,25130,815,31130,787,56260,California
Imperial,2021-04-04,89,80526,45,35621,27,37889,17,7016,24,25106,65,31195,41,56301,California
Imperial,2021-04-05,3412,83938,2323,37944,924,38813,165,7181,808,23485,2594,33789,973,57274,California
Imperial,2021-04-06,1321,85259,535,38479,594,39407,192,7373,687,23736,629,34418,880,58154,California
Imperial,2021-04-07,2171,87430,562,39041,1233,40640,376,7749,1565,25064,611,35029,1939,60093,California
Imperial,2021-04-08,2219,89649,1087,40128,836,41476,296,8045,1076,25295,1139,36168,1370,61463,California
Imperial,2021-04-09,3223,92872,1663,41791,941,42417,619,8664,1513,25723,1702,37870,2130,63593,California
Imperial,2021-04-10,1303,94175,201,41992,828,43245,274,8938,239,25170,1061,38931,508,64101,California
Imperial,2021-04-11,220,94395,31,42023,157,43402,32,8970,76,25134,144,39075,108,64209,California
Imperial,2021-04-12,1456,95851,781,42804,454,43856,221,9191,826,25557,625,39700,1048,65257,California
Imperial,2021-04-13,2939,98790,1910,44714,1027,44883,2,9193,2044,26713,891,40591,2047,67304,California
Imperial,2021-04-14,2048,100838,958,45672,1090,45973,0,9193,1395,27461,648,41239,1396,68700,California
Imperial,2021-04-15,1987,102825,912,46584,1075,47048,0,9193,1361,28205,621,41860,1365,70065,California
Imperial,2021-04-16,3446,106271,1796,48380,1650,48698,0,9193,2152,29078,1280,43140,2153,72218,California
Imperial,2021-04-17,1819,108090,935,49315,882,49580,2,9195,1416,30099,398,43538,1419,73637,California
Imperial,2021-04-18,256,108346,74,49389,182,49762,0,9195,89,30023,165,43703,89,73726,California
Imperial,2021-04-19,851,109197,272,49661,579,50341,0,9195,473,30125,375,44078,477,74203,California
Imperial,2021-04-20,1336,110533,538,50199,798,51139,0,9195,749,30290,585,44663,750,74953,California
Imperial,2021-04-21,1387,111920,344,50543,1042,52181,1,9196,804,30517,577,45240,804,75757,California
Imperial,2021-04-22,2347,114267,819,51362,1528,53709,0,9196,1619,31422,716,45956,1621,77378,California
Imperial,2021-04-23,2828,117095,537,51899,2291,56000,0,9196,1093,30815,1704,47660,1097,78475,California
Imperial,2021-04-24,557,117652,332,52231,225,56225,0,9196,202,30665,352,48012,202,78677,California
Imperial,2021-04-25,269,117921,100,52331,169,56394,0,9196,136,30670,131,48143,136,78813,California
Imperial,2021-04-26,1243,119164,492,52823,747,57141,4,9200,715,30866,522,48665,718,79531,California
Imperial,2021-04-27,1131,120295,371,53194,750,57891,10,9210,560,30871,565,49230,570,80101,California
Imperial,2021-04-28,1495,121790,650,53844,816,58707,29,9239,677,30765,812,50042,706,80807,California
Imperial,2021-04-29,1847,123637,867,54711,933,59640,47,9286,819,30614,1018,51060,867,81674,California
Imperial,2021-04-30,3269,126906,1680,56391,1556,61196,33,9319,1579,30548,1679,52739,1613,83287,California
Imperial,2021-05-01,338,127244,141,56532,194,61390,3,9322,165,30545,172,52911,169,83456,California
Imperial,2021-05-02,86,127330,27,56559,57,61447,2,9324,52,30566,34,52945,55,83511,California
Imperial,2021-05-03,1647,128977,553,57112,1046,62493,48,9372,377,29732,1258,54203,424,83935,California
Imperial,2021-05-04,1760,130737,968,58080,765,63258,27,9399,541,29089,1211,55414,568,84503,California
Imperial,2021-05-05,1505,132242,894,58974,590,63848,21,9420,440,28498,1053,56467,462,84965,California
Imperial,2021-05-06,1691,133933,1111,60085,538,64386,42,9462,545,27945,1140,57607,587,85552,California
Imperial,2021-05-07,2441,136374,1357,61442,1039,65425,45,9507,843,27255,1581,59188,891,86443,California
Imperial,2021-05-08,637,137011,502,61944,127,65552,8,9515,172,26973,462,59650,180,86623,California
Imperial,2021-05-09,94,137105,63,62007,30,65582,1,9516,27,26937,64,59714,28,86651,California
Imperial,2021-05-10,1124,138229,301,62308,700,66282,123,9639,335,26612,782,60496,457,87108,California
Imperial,2021-05-11,1474,139703,476,62784,979,67261,19,9658,494,26157,972,61468,517,87625,California
Imperial,2021-05-12,855,140558,271,63055,546,67807,38,9696,301,25946,549,62017,338,87963,California
Imperial,2021-05-13,1854,142412,1242,64297,540,68347,72,9768,811,25794,1034,63051,882,88845,California
Imperial,2021-05-14,1757,144169,969,65266,729,69076,59,9827,1154,26414,593,63644,1213,90058,California
Imperial,2021-05-15,1227,145396,471,65737,735,69811,21,9848,469,26152,752,64396,490,90548,California
Imperial,2021-05-16,121,145517,81,65818,37,69848,3,9851,48,26131,72,64468,51,90599,California
Imperial,2021-05-17,1918,147435,712,66530,1164,71012,42,9893,675,25612,1237,65705,718,91317,California
Imperial,2021-05-18,1667,149102,875,67405,720,71732,72,9965,910,25843,751,66456,982,92299,California
Imperial,2021-05-19,1283,150385,605,68010,609,72341,69,10034,611,25857,665,67121,679,92978,California
Imperial,2021-05-20,1594,151979,1008,69018,519,72860,67,10101,722,25787,860,67981,790,93768,California
Imperial,2021-05-21,1868,153847,1188,70206,617,73477,63,10164,926,25845,932,68913,990,94758,California
Imperial,2021-05-22,284,154131,181,70387,87,73564,16,10180,148,25878,131,69044,164,94922,California
Imperial,2021-05-23,92,154223,33,70420,50,73614,9,10189,33,25863,57,69101,42,94964,California
Imperial,2021-05-24,1249,155472,614,71034,579,74193,56,10245,517,25711,725,69826,573,95537,California
Imperial,2021-05-25,1421,156893,468,71502,920,75113,33,10278,511,25354,901,70727,544,96081,California
Imperial,2021-05-26,932,157825,487,71989,404,75517,41,10319,397,25260,532,71259,438,96519,California
Imperial,2021-05-27,1314,159139,721,72710,523,76040,70,10389,640,25302,668,71927,710,97229,California
Imperial,2021-05-28,1009,160148,578,73288,359,76399,72,10461,377,25128,623,72550,449,97678,California
Imperial,2021-05-29,224,160372,125,73413,93,76492,6,10467,114,25138,110,72660,120,97798,California
Imperial,2021-05-30,95,160467,27,73440,66,76558,2,10469,64,25173,31,72691,66,97864,California
Imperial,2021-05-31,77,160544,19,73459,52,76610,6,10475,34,25170,43,72734,40,97904,California
Imperial,2021-06-01,1171,161715,538,73997,569,77179,64,10539,465,25002,698,73432,530,98434,California
Imperial,2021-06-02,1086,162801,597,74594,399,77578,90,10629,556,25120,526,73958,644,99078,California
Imperial,2021-06-03,1226,164027,720,75314,415,77993,91,10720,581,25154,638,74596,672,99750,California
Imperial,2021-06-04,2128,166155,1526,76840,501,78494,101,10821,918,24973,1200,75796,1019,100769,California
Imperial,2021-06-05,358,166513,229,77069,113,78607,16,10837,173,24981,181,75977,189,100958,California
Imperial,2021-06-06,77,166590,44,77113,22,78629,11,10848,42,24999,35,76012,53,101011,California
Imperial,2021-06-07,965,167555,626,77739,278,78907,61,10909,474,25045,490,76502,536,101547,California
Imperial,2021-06-08,1301,168856,984,78723,260,79167,57,10966,514,24835,782,77284,572,102119,California
Imperial,2021-06-09,859,169715,624,79347,181,79348,54,11020,376,24788,480,77764,433,102552,California
Imperial,2021-06-10,878,170593,620,79967,227,79575,31,11051,342,24626,534,78298,372,102924,California
Inyo,2020-12-19,85,85,85,85,0,0,0,0,85,85,0,0,85,85,California
Inyo,2020-12-20,58,143,58,143,0,0,0,0,58,143,0,0,58,143,California
Inyo,2020-12-21,88,231,85,228,3,3,0,0,88,231,0,0,88,231,California
Inyo,2020-12-22,105,336,104,332,1,4,0,0,105,336,0,0,105,336,California
Inyo,2020-12-23,69,405,66,398,3,7,0,0,69,405,0,0,69,405,California
Inyo,2020-12-24,16,421,16,414,0,7,0,0,16,421,0,0,16,421,California
Inyo,2020-12-25,1,422,0,414,1,8,0,0,1,422,0,0,1,422,California
Inyo,2020-12-26,74,496,74,488,0,8,0,0,74,496,0,0,74,496,California
Inyo,2020-12-28,48,544,36,524,12,20,0,0,48,544,0,0,48,544,California
Inyo,2020-12-29,19,563,19,543,0,20,0,0,19,563,0,0,19,563,California
Inyo,2020-12-30,56,619,54,597,2,22,0,0,56,619,0,0,56,619,California
Inyo,2020-12-31,29,648,0,597,29,51,0,0,29,648,0,0,29,648,California
Inyo,2021-01-01,1,649,0,597,1,52,0,0,1,649,0,0,1,649,California
Inyo,2021-01-03,1,650,0,597,1,53,0,0,1,650,0,0,1,650,California
Inyo,2021-01-04,2,652,1,598,1,54,0,0,2,652,0,0,2,652,California
Inyo,2021-01-05,34,686,0,598,34,88,0,0,34,686,0,0,34,686,California
Inyo,2021-01-06,64,750,0,598,64,152,0,0,64,750,0,0,64,750,California
Inyo,2021-01-07,31,781,1,599,30,182,0,0,31,781,0,0,31,781,California
Inyo,2021-01-08,9,790,8,607,1,183,0,0,4,781,5,5,5,786,California
Inyo,2021-01-09,87,877,86,693,1,184,0,0,1,696,86,91,1,787,California
Inyo,2021-01-10,52,929,52,745,0,184,0,0,0,644,52,143,0,787,California
Inyo,2021-01-11,97,1026,82,827,15,199,0,0,16,579,81,224,16,803,California
Inyo,2021-01-12,137,1163,116,943,21,220,0,0,27,496,110,334,27,830,California
Inyo,2021-01-13,86,1249,68,1011,18,238,0,0,21,453,65,399,22,852,California
Inyo,2021-01-14,59,1308,13,1024,46,284,0,0,49,492,10,409,49,901,California
Inyo,2021-01-15,160,1468,28,1052,132,416,0,0,160,652,0,409,160,1061,California
Inyo,2021-01-16,74,1542,73,1125,1,417,0,0,1,580,73,482,1,1062,California
Inyo,2021-01-18,58,1600,36,1161,22,439,0,0,19,560,39,521,19,1081,California
Inyo,2021-01-19,112,1712,71,1232,41,480,0,0,95,638,17,538,95,1176,California
Inyo,2021-01-20,147,1859,70,1302,77,557,0,0,92,675,55,593,92,1268,California
Inyo,2021-01-21,117,1976,57,1359,60,617,0,0,116,790,1,594,116,1384,California
Inyo,2021-01-22,62,2038,0,1359,62,679,0,0,61,850,1,595,61,1445,California
Inyo,2021-01-23,52,2090,51,1410,1,680,0,0,52,902,0,595,52,1497,California
Inyo,2021-01-25,49,2139,6,1416,43,723,0,0,37,927,12,607,37,1534,California
Inyo,2021-01-26,134,2273,53,1469,81,804,0,0,128,1049,6,613,128,1662,California
Inyo,2021-01-27,24,2297,2,1471,22,826,0,0,23,1071,1,614,23,1685,California
Inyo,2021-01-28,92,2389,2,1473,90,916,0,0,63,1105,29,643,63,1748,California
Inyo,2021-01-29,25,2414,3,1476,22,938,0,0,23,1126,2,645,23,1771,California
Inyo,2021-01-30,10,2424,0,1476,10,948,0,0,10,1136,0,645,10,1781,California
Inyo,2021-01-31,28,2452,3,1479,25,973,0,0,3,1114,25,670,3,1784,California
Inyo,2021-02-01,10,2462,9,1488,1,974,0,0,0,1104,10,680,0,1784,California
Inyo,2021-02-02,130,2592,14,1502,116,1090,0,0,104,1182,26,706,104,1888,California
Inyo,2021-02-03,114,2706,0,1502,114,1204,0,0,73,1214,41,747,73,1961,California
Inyo,2021-02-04,148,2854,32,1534,116,1320,0,0,89,1244,59,806,89,2050,California
Inyo,2021-02-05,114,2968,58,1592,56,1376,0,0,112,1354,2,808,112,2162,California
Inyo,2021-02-06,4,2972,2,1594,2,1378,0,0,3,1356,1,809,3,2165,California
Inyo,2021-02-07,4,2976,2,1596,2,1380,0,0,4,1360,0,809,4,2169,California
Inyo,2021-02-08,116,3092,6,1602,110,1490,0,0,97,1438,19,828,97,2266,California
Inyo,2021-02-09,195,3287,52,1654,143,1633,0,0,124,1491,71,899,124,2390,California
Inyo,2021-02-10,140,3427,16,1670,124,1757,0,0,107,1565,33,932,107,2497,California
Inyo,2021-02-11,220,3647,56,1726,164,1921,0,0,126,1597,94,1026,126,2623,California
Inyo,2021-02-12,296,3943,51,1777,245,2166,0,0,167,1635,129,1155,167,2790,California
Inyo,2021-02-13,57,4000,52,1829,5,2171,0,0,6,1590,51,1206,6,2796,California
Inyo,2021-02-14,1,4001,0,1829,1,2172,0,0,1,1591,0,1206,1,2797,California
Inyo,2021-02-15,28,4029,9,1838,19,2191,0,0,5,1573,23,1229,5,2802,California
Inyo,2021-02-16,177,4206,49,1887,128,2319,0,0,91,1579,85,1314,91,2893,California
Inyo,2021-02-17,38,4244,4,1891,34,2353,0,0,8,1557,30,1344,8,2901,California
Inyo,2021-02-18,119,4363,6,1897,113,2466,0,0,79,1596,40,1384,79,2980,California
Inyo,2021-02-19,52,4415,5,1902,47,2513,0,0,9,1562,43,1427,9,2989,California
Inyo,2021-02-20,505,4920,500,2402,5,2518,0,0,503,2063,2,1429,503,3492,California
Inyo,2021-02-21,441,5361,441,2843,0,2518,0,0,441,2504,0,1429,441,3933,California
Inyo,2021-02-22,60,5421,18,2861,42,2560,0,0,26,2496,34,1463,26,3959,California
Inyo,2021-02-23,197,5618,18,2879,179,2739,0,0,94,2488,102,1565,94,4053,California
Inyo,2021-02-24,118,5736,0,2879,118,2857,0,0,57,2484,61,1626,57,4110,California
Inyo,2021-02-25,130,5866,3,2882,127,2984,0,0,61,2476,69,1695,61,4171,California
Inyo,2021-02-26,100,5966,57,2939,43,3027,0,0,19,2414,81,1776,19,4190,California
Inyo,2021-02-27,14,5980,3,2942,11,3038,0,0,2,2404,12,1788,2,4192,California
Inyo,2021-02-28,3,5983,1,2943,2,3040,0,0,2,2405,1,1789,2,4194,California
Inyo,2021-03-01,19,6002,2,2945,17,3057,0,0,17,2420,2,1791,17,4211,California
Inyo,2021-03-02,193,6195,0,2945,193,3250,0,0,108,2443,85,1876,108,4319,California
Inyo,2021-03-03,83,6278,3,2948,80,3330,0,0,41,2442,42,1918,41,4360,California
Inyo,2021-03-04,125,6403,3,2951,122,3452,0,0,45,2407,80,1998,45,4405,California
Inyo,2021-03-05,140,6543,54,3005,86,3538,0,0,39,2345,101,2099,39,4444,California
Inyo,2021-03-06,23,6566,1,3006,22,3560,0,0,22,2366,1,2100,22,4466,California
Inyo,2021-03-07,6,6572,3,3009,3,3563,0,0,4,2368,2,2102,4,4470,California
Inyo,2021-03-08,173,6745,5,3014,168,3731,0,0,82,2359,91,2193,82,4552,California
Inyo,2021-03-09,190,6935,3,3017,187,3918,0,0,74,2317,116,2309,74,4626,California
Inyo,2021-03-10,71,7006,9,3026,61,3979,1,1,30,2307,41,2350,31,4657,California
Inyo,2021-03-11,204,7210,1,3027,198,4177,5,6,74,2256,130,2480,79,4736,California
Inyo,2021-03-12,176,7386,4,3031,167,4344,5,11,78,2241,98,2578,83,4819,California
Inyo,2021-03-13,576,7962,542,3573,25,4369,9,20,67,1809,508,3086,76,4895,California
Inyo,2021-03-14,440,8402,439,4012,1,4370,0,20,5,1380,434,3520,5,4900,California
Inyo,2021-03-15,50,8452,14,4026,34,4404,2,22,30,1392,20,3540,32,4932,California
Inyo,2021-03-16,162,8614,3,4029,153,4557,6,28,63,1363,98,3638,69,5001,California
Inyo,2021-03-17,108,8722,3,4032,98,4655,7,35,92,1446,16,3654,99,5100,California
Inyo,2021-03-18,183,8905,15,4047,161,4816,7,42,103,1476,80,3734,110,5210,California
Inyo,2021-03-19,44,8949,3,4050,37,4853,4,46,35,1506,9,3743,39,5249,California
Inyo,2021-03-20,19,8968,1,4051,9,4862,9,55,0,1496,19,3762,9,5258,California
Inyo,2021-03-22,58,9026,2,4053,51,4913,5,60,38,1519,20,3782,43,5301,California
Inyo,2021-03-23,194,9220,3,4056,187,5100,4,64,105,1539,89,3871,109,5410,California
Inyo,2021-03-24,140,9360,3,4059,133,5233,4,68,86,1575,54,3925,90,5500,California
Inyo,2021-03-25,330,9690,109,4168,218,5451,3,71,265,1778,65,3990,268,5768,California
Inyo,2021-03-26,92,9782,3,4171,85,5536,4,75,71,1833,21,4011,76,5844,California
Inyo,2021-03-27,50,9832,42,4213,5,5541,3,78,44,1874,6,4017,47,5891,California
Inyo,2021-03-28,3,9835,0,4213,2,5543,1,79,1,1874,2,4019,2,5893,California
Inyo,2021-03-29,108,9943,2,4215,101,5644,5,84,81,1934,26,4045,86,5979,California
Inyo,2021-03-30,219,10162,2,4217,212,5856,5,89,109,1938,110,4155,114,6093,California
Inyo,2021-03-31,150,10312,3,4220,141,5997,6,95,108,2010,42,4197,114,6207,California
Inyo,2021-04-01,166,10478,4,4224,161,6158,1,96,117,2079,49,4246,118,6325,California
Inyo,2021-04-02,79,10557,1,4225,76,6234,2,98,49,2100,30,4276,51,6376,California
Inyo,2021-04-03,79,10636,40,4265,26,6260,13,111,3,2041,74,4350,15,6391,California
Inyo,2021-04-04,5,10641,4,4269,0,6260,1,112,1,2039,4,4354,2,6393,California
Inyo,2021-04-05,108,10749,1,4270,103,6363,4,116,29,1993,79,4433,33,6426,California
Inyo,2021-04-06,235,10984,4,4274,168,6531,63,179,104,2029,131,4564,167,6593,California
Inyo,2021-04-07,206,11190,2,4276,76,6607,128,307,47,2045,159,4723,175,6768,California
Inyo,2021-04-08,181,11371,15,4291,149,6756,17,324,81,2043,100,4823,98,6866,California
Inyo,2021-04-09,125,11496,6,4297,96,6852,23,347,37,2016,87,4910,60,6926,California
Inyo,2021-04-10,41,11537,1,4298,23,6875,17,364,3,1998,38,4948,20,6946,California
Inyo,2021-04-11,1,11538,0,4298,1,6876,0,364,1,1999,0,4948,1,6947,California
Inyo,2021-04-12,79,11617,0,4298,74,6950,5,369,41,2007,38,4986,46,6993,California
Inyo,2021-04-13,121,11738,4,4302,114,7064,3,372,62,2014,58,5044,65,7058,California
Inyo,2021-04-14,131,11869,2,4304,129,7193,0,372,46,1975,85,5129,46,7104,California
Inyo,2021-04-15,274,12143,117,4421,157,7350,0,372,79,1859,195,5324,79,7183,California
Inyo,2021-04-16,46,12189,5,4426,41,7391,0,372,18,1849,28,5352,18,7201,California
Inyo,2021-04-17,2,12191,1,4427,1,7392,0,372,1,1849,1,5353,1,7202,California
Inyo,2021-04-19,122,12313,39,4466,83,7475,0,372,41,1809,81,5434,41,7243,California
Inyo,2021-04-20,163,12476,2,4468,161,7636,0,372,79,1804,84,5518,79,7322,California
Inyo,2021-04-21,112,12588,3,4471,109,7745,0,372,32,1756,80,5598,32,7354,California
Inyo,2021-04-22,196,12784,1,4472,195,7940,0,372,51,1662,145,5743,51,7405,California
Inyo,2021-04-23,95,12879,4,4476,91,8031,0,372,22,1611,73,5816,22,7427,California
Inyo,2021-04-24,309,13188,308,4784,1,8032,0,372,305,1912,4,5820,305,7732,California
Inyo,2021-04-25,133,13321,132,4916,1,8033,0,372,133,2045,0,5820,133,7865,California
Inyo,2021-04-26,91,13412,1,4917,89,8122,1,373,10,1976,80,5900,11,7876,California
Inyo,2021-04-27,183,13595,6,4923,172,8294,5,378,47,1892,136,6036,52,7928,California
Inyo,2021-04-28,122,13717,2,4925,118,8412,2,380,20,1812,102,6138,22,7950,California
Inyo,2021-04-29,170,13887,55,4980,115,8527,0,380,76,1794,94,6232,76,8026,California
Inyo,2021-04-30,82,13969,5,4985,76,8603,1,381,23,1759,59,6291,24,8050,California
Inyo,2021-05-01,12,13981,3,4988,9,8612,0,381,10,1767,2,6293,10,8060,California
Inyo,2021-05-02,7,13988,3,4991,2,8614,2,383,4,1770,3,6296,6,8066,California
Inyo,2021-05-03,38,14026,1,4992,33,8647,4,387,5,1746,33,6329,9,8075,California
Inyo,2021-05-04,123,14149,2,4994,117,8764,4,391,20,1667,103,6432,24,8099,California
Inyo,2021-05-05,36,14185,0,4994,34,8798,2,393,11,1655,25,6457,13,8112,California
Inyo,2021-05-06,92,14277,4,4998,80,8878,8,401,12,1595,80,6537,20,8132,California
Inyo,2021-05-07,49,14326,4,5002,37,8915,8,409,24,1603,24,6561,32,8164,California
Inyo,2021-05-08,11,14337,2,5004,4,8919,5,414,4,1605,7,6568,9,8173,California
Inyo,2021-05-09,1,14338,0,5004,1,8920,0,414,0,1604,1,6569,0,8173,California
Inyo,2021-05-10,69,14407,1,5005,66,8986,2,416,30,1598,39,6608,33,8206,California
Inyo,2021-05-11,87,14494,1,5006,83,9069,3,419,20,1554,67,6675,23,8229,California
Inyo,2021-05-12,43,14537,1,5007,40,9109,2,421,11,1535,32,6707,13,8242,California
Inyo,2021-05-13,75,14612,1,5008,73,9182,1,422,12,1485,63,6770,13,8255,California
Inyo,2021-05-14,25,14637,3,5011,17,9199,5,427,12,1489,13,6783,17,8272,California
Inyo,2021-05-15,377,15014,365,5376,10,9209,2,429,85,1284,292,7075,87,8359,California
Inyo,2021-05-16,198,15212,198,5574,0,9209,0,429,71,1228,127,7202,71,8430,California
Inyo,2021-05-17,62,15274,3,5577,55,9264,4,433,19,1209,42,7244,23,8453,California
Inyo,2021-05-18,83,15357,2,5579,80,9344,1,434,17,1161,66,7310,18,8471,California
Inyo,2021-05-19,47,15404,2,5581,40,9384,5,439,13,1145,34,7344,18,8489,California
Inyo,2021-05-20,143,15547,80,5661,62,9446,1,440,34,1071,109,7453,35,8524,California
Inyo,2021-05-21,48,15595,18,5679,25,9471,5,445,19,1066,29,7482,24,8548,California
Inyo,2021-05-22,25,15620,15,5694,7,9478,3,448,18,1080,7,7489,21,8569,California
Inyo,2021-05-23,3,15623,1,5695,1,9479,1,449,1,1080,2,7491,2,8571,California
Inyo,2021-05-24,33,15656,6,5701,24,9503,3,452,13,1076,20,7511,16,8587,California
Inyo,2021-05-25,82,15738,39,5740,41,9544,2,454,47,1090,35,7546,49,8636,California
Inyo,2021-05-26,32,15770,5,5745,25,9569,2,456,10,1080,22,7568,12,8648,California
Inyo,2021-05-27,40,15810,11,5756,21,9590,8,464,13,1075,26,7594,21,8669,California
Inyo,2021-05-28,26,15836,6,5762,15,9605,5,469,8,1070,18,7612,13,8682,California
Inyo,2021-05-29,16,15852,5,5767,11,9616,0,469,7,1068,9,7621,7,8689,California
Inyo,2021-05-30,2,15854,0,5767,2,9618,0,469,0,1066,2,7623,0,8689,California
Inyo,2021-06-01,53,15907,16,5783,31,9649,6,475,23,1065,30,7653,29,8718,California
Inyo,2021-06-02,9,15916,7,5790,1,9650,1,476,8,1073,1,7654,9,8727,California
Inyo,2021-06-03,25,15941,0,5790,18,9668,7,483,1,1057,24,7678,8,8735,California
Inyo,2021-06-04,33,15974,7,5797,22,9690,4,487,13,1054,20,7698,17,8752,California
Inyo,2021-06-05,20,15994,11,5808,8,9698,1,488,6,1047,14,7712,7,8759,California
Inyo,2021-06-06,2,15996,2,5810,0,9698,0,488,2,1049,0,7712,2,8761,California
Inyo,2021-06-07,51,16047,14,5824,34,9732,3,491,6,1013,45,7757,9,8770,California
Inyo,2021-06-08,52,16099,25,5849,23,9755,4,495,25,1015,27,7784,29,8799,California
Inyo,2021-06-09,102,16201,87,5936,13,9768,2,497,9,933,93,7877,11,8810,California
Inyo,2021-06-10,28,16229,19,5955,4,9772,5,502,7,924,21,7898,12,8822,California
Kern,2020-12-15,1,1,1,1,0,0,0,0,1,1,0,0,1,1,California
Kern,2020-12-16,18,19,18,19,0,0,0,0,18,19,0,0,18,19,California
Kern,2020-12-17,163,182,163,182,0,0,0,0,163,182,0,0,163,182,California
Kern,2020-12-18,323,505,323,505,0,0,0,0,323,505,0,0,323,505,California
Kern,2020-12-19,99,604,99,604,0,0,0,0,100,605,0,0,100,605,California
Kern,2020-12-20,61,665,61,665,0,0,0,0,61,666,0,0,61,666,California
Kern,2020-12-21,671,1336,670,1335,1,1,0,0,671,1337,0,0,671,1337,California
Kern,2020-12-22,530,1866,528,1863,2,3,0,0,530,1867,0,0,530,1867,California
Kern,2020-12-23,556,2422,418,2281,138,141,0,0,556,2423,0,0,556,2423,California
Kern,2020-12-24,122,2544,43,2324,79,220,0,0,122,2545,0,0,122,2545,California
Kern,2020-12-25,1,2545,1,2325,0,220,0,0,1,2546,0,0,1,2546,California
Kern,2020-12-26,33,2578,1,2326,32,252,0,0,33,2579,0,0,33,2579,California
Kern,2020-12-27,35,2613,3,2329,32,284,0,0,35,2614,0,0,35,2614,California
Kern,2020-12-28,827,3440,662,2991,165,449,0,0,827,3441,0,0,827,3441,California
Kern,2020-12-29,744,4184,451,3442,293,742,0,0,743,4183,1,1,743,4184,California
Kern,2020-12-30,1205,5389,913,4355,292,1034,0,0,1205,5388,0,1,1205,5389,California
Kern,2020-12-31,277,5666,99,4454,178,1212,0,0,277,5665,0,1,277,5666,California
Kern,2021-01-01,16,5682,9,4463,7,1219,0,0,16,5681,0,1,16,5682,California
Kern,2021-01-02,79,5761,18,4481,61,1280,0,0,79,5760,0,1,79,5761,California
Kern,2021-01-03,23,5784,4,4485,19,1299,0,0,23,5783,0,1,23,5784,California
Kern,2021-01-04,557,6341,362,4847,195,1494,0,0,557,6340,0,1,557,6341,California
Kern,2021-01-05,1134,7475,739,5586,395,1889,0,0,1122,7450,12,13,1122,7463,California
Kern,2021-01-06,1161,8636,449,6035,712,2601,0,0,1131,8551,30,43,1131,8594,California
Kern,2021-01-07,1404,10040,487,6522,917,3518,0,0,1236,9620,167,210,1236,9830,California
Kern,2021-01-08,1628,11668,768,7290,860,4378,0,0,1329,10652,300,510,1332,11162,California
Kern,2021-01-09,228,11896,78,7368,150,4528,0,0,193,10810,35,545,193,11355,California
Kern,2021-01-10,194,12090,149,7517,45,4573,0,0,153,10922,41,586,153,11508,California
Kern,2021-01-11,1559,13649,987,8504,572,5145,0,0,1001,11365,558,1144,1001,12509,California
Kern,2021-01-12,1869,15518,813,9317,1056,6201,0,0,1357,12210,512,1656,1357,13866,California
Kern,2021-01-13,1859,17377,874,10191,985,7186,0,0,1437,13228,422,2078,1440,15306,California
Kern,2021-01-14,2189,19566,647,10838,1542,8728,0,0,2143,15325,46,2124,2143,17449,California
Kern,2021-01-15,2711,22277,854,11692,1857,10585,0,0,2614,17845,95,2219,2615,20064,California
Kern,2021-01-16,672,22949,211,11903,461,11046,0,0,637,18447,35,2254,637,20701,California
Kern,2021-01-17,73,23022,7,11910,66,11112,0,0,71,18516,2,2256,71,20772,California
Kern,2021-01-18,1646,24668,657,12567,989,12101,0,0,1480,19830,166,2422,1480,22252,California
Kern,2021-01-19,1855,26523,1033,13600,822,12923,0,0,1391,20759,464,2886,1393,23645,California
Kern,2021-01-20,2620,29143,1683,15283,937,13860,0,0,1915,21977,700,3586,1918,25563,California
Kern,2021-01-21,2117,31260,867,16150,1250,15110,0,0,1921,23703,195,3781,1921,27484,California
Kern,2021-01-22,2715,33975,1301,17451,1414,16524,0,0,2437,25863,277,4058,2437,29921,California
Kern,2021-01-23,1248,35223,541,17992,707,17231,0,0,1202,27019,46,4104,1202,31123,California
Kern,2021-01-24,152,35375,11,18003,141,17372,0,0,146,27159,6,4110,146,31269,California
Kern,2021-01-25,2389,37764,1089,19092,1300,18672,0,0,1904,28580,484,4594,1905,33174,California
Kern,2021-01-26,2777,40541,1130,20222,1647,20319,0,0,1917,29638,859,5453,1917,35091,California
Kern,2021-01-27,3567,44108,1910,22132,1657,21976,0,0,2869,31812,695,6148,2869,37960,California
Kern,2021-01-28,2884,46992,1363,23495,1521,23497,0,0,2452,33840,427,6575,2455,40415,California
Kern,2021-01-29,3790,50782,1800,25295,1990,25487,0,0,3244,36541,543,7118,3244,43659,California
Kern,2021-01-30,1331,52113,501,25796,830,26317,0,0,1280,37772,49,7167,1280,44939,California
Kern,2021-01-31,403,52516,276,26072,127,26444,0,0,268,37905,135,7302,268,45207,California
Kern,2021-02-01,2600,55116,990,27062,1610,28054,0,0,1887,39083,710,8012,1888,47095,California
Kern,2021-02-02,2754,57870,798,27860,1956,30010,0,0,2052,40434,702,8714,2053,49148,California
Kern,2021-02-03,3674,61544,1553,29413,2121,32131,0,0,2703,42173,964,9678,2703,51851,California
Kern,2021-02-04,3805,65349,1451,30864,2354,34485,0,0,2587,43552,1208,10886,2587,54438,California
Kern,2021-02-05,4861,70210,1989,32853,2872,37357,0,0,3097,44904,1745,12631,3097,57535,California
Kern,2021-02-06,1742,71952,769,33622,973,38330,0,0,1516,46197,223,12854,1516,59051,California
Kern,2021-02-07,284,72236,151,33773,133,38463,0,0,267,46449,15,12869,267,59318,California
Kern,2021-02-08,2563,74799,784,34557,1779,40242,0,0,1257,46419,1288,14157,1258,60576,California
Kern,2021-02-09,3040,77839,987,35544,2053,42295,0,0,1464,46316,1567,15724,1464,62040,California
Kern,2021-02-10,3802,81641,1661,37205,2141,44436,0,0,1881,46294,1904,17628,1882,63922,California
Kern,2021-02-11,4266,85907,1535,38740,2731,47167,0,0,2223,46488,2030,19658,2224,66146,California
Kern,2021-02-12,4969,90876,1891,40631,3078,50245,0,0,2479,46491,2476,22134,2479,68625,California
Kern,2021-02-13,2009,92885,727,41358,1282,51527,0,0,1161,46806,846,22980,1161,69786,California
Kern,2021-02-14,351,93236,12,41370,339,51866,0,0,269,46994,81,23061,269,70055,California
Kern,2021-02-15,2746,95982,898,42268,1848,53714,0,0,1213,46683,1524,24585,1213,71268,California
Kern,2021-02-16,2944,98926,712,42980,2232,55946,0,0,1654,47057,1281,25866,1655,72923,California
Kern,2021-02-17,4075,103001,2077,45057,1998,57944,0,0,1926,46841,2143,28009,1927,74850,California
Kern,2021-02-18,3763,106764,1487,46544,2276,60220,0,0,1629,46346,2124,30133,1629,76479,California
Kern,2021-02-19,4192,110956,1915,48459,2277,62497,0,0,1737,45635,2448,32581,1737,78216,California
Kern,2021-02-20,2580,113536,967,49426,1613,64110,0,0,1347,45753,1229,33810,1347,79563,California
Kern,2021-02-21,258,113794,152,49578,106,64216,0,0,89,45675,167,33977,89,79652,California
Kern,2021-02-22,2671,116465,1154,50732,1517,65733,0,0,1431,45871,1235,35212,1431,81083,California
Kern,2021-02-23,3579,120044,1132,51864,2447,68180,0,0,1995,46285,1582,36794,1996,83079,California
Kern,2021-02-24,5211,125255,2289,54153,2922,71102,0,0,3106,47290,2101,38895,3106,86185,California
Kern,2021-02-25,5375,130630,2457,56610,2918,74020,0,0,3194,48322,2162,41057,3194,89379,California
Kern,2021-02-26,6929,137559,3538,60148,3391,77411,0,0,4366,50133,2556,43613,4367,93746,California
Kern,2021-02-27,3954,141513,1983,62131,1971,79382,0,0,2615,51417,1331,44944,2615,96361,California
Kern,2021-02-28,916,142429,503,62634,412,79794,1,1,695,51894,219,45163,696,97057,California
Kern,2021-03-01,4006,146435,1821,64455,2181,81975,4,5,2691,53284,1305,46468,2695,99752,California
Kern,2021-03-02,4488,150923,1412,65867,3072,85047,4,9,2951,54710,1526,47994,2952,102704,California
Kern,2021-03-03,5954,156877,2815,68682,3137,88184,2,11,3845,56461,2095,50089,3846,106550,California
Kern,2021-03-04,5628,162505,2213,70895,3410,91594,5,16,3631,58111,1983,52072,3633,110183,California
Kern,2021-03-05,6666,169171,2862,73757,3785,95379,19,35,4219,59912,2437,54509,4238,114421,California
Kern,2021-03-06,4757,173928,1927,75684,2723,98102,107,142,3479,62227,1270,55779,3585,118006,California
Kern,2021-03-07,2065,175993,1597,77281,412,98514,56,198,1866,63951,198,55977,1922,119928,California
Kern,2021-03-08,2904,178897,924,78205,1758,100272,222,420,1525,64320,1376,57353,1745,121673,California
Kern,2021-03-09,3729,182626,805,79010,2537,102809,387,807,2329,65638,1392,58745,2710,124383,California
Kern,2021-03-10,6147,188773,2562,81572,2511,105320,1074,1881,3598,67775,2533,61278,4670,129053,California
Kern,2021-03-11,6338,195111,2444,84016,2867,108187,1027,2908,3776,70022,2551,63829,4798,133851,California
Kern,2021-03-12,7848,202959,3077,87093,3418,111605,1353,4261,4325,72180,3510,67339,5668,139519,California
Kern,2021-03-13,4669,207628,2529,89622,1804,113409,336,4597,3247,74343,1415,68754,3578,143097,California
Kern,2021-03-14,2296,209924,1520,91142,535,113944,241,4838,1774,75833,522,69276,2012,145109,California
Kern,2021-03-15,4272,214196,1104,92246,2455,116399,713,5551,2202,76683,2058,71334,2908,148017,California
Kern,2021-03-16,4354,218550,1013,93259,2804,119203,537,6088,2334,77539,2010,73344,2866,150883,California
Kern,2021-03-17,7499,226049,4058,97317,2891,122094,550,6638,4529,79659,2957,76301,5077,155960,California
Kern,2021-03-18,7281,233330,3685,101002,3009,125103,587,7225,4408,81797,2853,79154,4991,160951,California
Kern,2021-03-19,8992,242322,4989,105991,3348,128451,655,7880,4720,82910,4255,83409,5368,166319,California
Kern,2021-03-20,6176,248498,3822,109813,2180,130631,174,8054,3917,84754,2248,85657,4092,170411,California
Kern,2021-03-21,3052,251550,1934,111747,236,130867,882,8936,1848,86286,1197,86854,2729,173140,California
Kern,2021-03-22,3991,255541,1569,113316,2068,132935,354,9290,1938,86542,2036,88890,2292,175432,California
Kern,2021-03-23,4741,260282,1676,114992,2867,135802,198,9488,2487,87000,2224,91114,2682,178114,California
Kern,2021-03-24,7187,267469,3679,118671,3031,138833,477,9965,3655,87615,3514,94628,4129,182243,California
Kern,2021-03-25,6771,274240,3006,121677,3435,142268,330,10295,3277,87742,3477,98105,3604,185847,California
Kern,2021-03-26,9876,284116,4413,126090,4205,146473,1258,11553,4729,88600,5129,103234,5987,191834,California
Kern,2021-03-27,5710,289826,3999,130089,1583,148056,128,11681,3447,89913,2261,105495,3574,195408,California
Kern,2021-03-28,4693,294519,4202,134291,477,148533,14,11695,2958,91152,1733,107228,2972,198380,California
Kern,2021-03-29,4260,298779,1684,135975,2299,150832,277,11972,2613,92406,1633,108861,2887,201267,California
Kern,2021-03-30,5600,304379,1871,137846,3344,154176,385,12357,3068,93330,2527,111388,3451,204718,California
Kern,2021-03-31,8412,312791,4540,142386,3224,157400,648,13005,4344,94268,4052,115440,4990,209708,California
Kern,2021-04-01,7903,320694,3876,146262,3727,161127,300,13305,4222,95130,3656,119096,4518,214226,California
Kern,2021-04-02,8457,329151,4464,150726,3384,164511,609,13914,4225,95740,4216,123312,4826,219052,California
Kern,2021-04-03,5998,335149,3672,154398,2143,166654,183,14097,2657,95245,3332,126644,2837,221889,California
Kern,2021-04-04,1334,336483,871,155269,379,167033,84,14181,473,94944,858,127502,557,222446,California
Kern,2021-04-05,5371,341854,2221,157490,2377,169410,773,14954,2901,96133,2456,129958,3645,226091,California
Kern,2021-04-06,7125,348979,2473,159963,3274,172684,1378,16332,3566,97538,3536,133494,4941,231032,California
Kern,2021-04-07,9376,358355,5468,165431,2945,175629,963,17295,4565,98273,4793,138287,5528,236560,California
Kern,2021-04-08,8675,367030,4803,170234,2958,178587,914,18209,3733,97994,4918,143205,4639,241199,California
Kern,2021-04-09,10259,377289,5139,175373,4129,182716,991,19200,4340,97460,5894,149099,5360,246559,California
Kern,2021-04-10,6583,383872,3462,178835,1874,184590,1247,20447,2135,96403,4438,153537,3381,249940,California
Kern,2021-04-11,3908,387780,2916,181751,358,184948,634,21081,1263,95674,2632,156169,1903,251843,California
Kern,2021-04-12,4408,392188,991,182742,2442,187390,975,22056,1582,95425,2806,158975,2557,254400,California
Kern,2021-04-13,4291,396479,1413,184155,2852,190242,26,22082,2113,95401,2166,161141,2142,256542,California
Kern,2021-04-14,6061,402540,2980,187135,3059,193301,22,22104,2999,95380,3044,164185,3023,259565,California
Kern,2021-04-15,5293,407833,2483,189618,2808,196109,2,22106,2524,95160,2752,166937,2532,262097,California
Kern,2021-04-16,7246,415079,3434,193052,3811,199920,1,22107,2949,93839,4272,171209,2951,265048,California
Kern,2021-04-17,5894,420973,3850,196902,2044,201964,0,22107,2097,92154,3783,174992,2098,267146,California
Kern,2021-04-18,3774,424747,3538,200440,236,202200,0,22107,911,90210,2855,177847,911,268057,California
Kern,2021-04-19,3819,428566,1731,202171,2086,204286,2,22109,1412,89236,2386,180233,1412,269469,California
Kern,2021-04-20,4352,432918,1571,203742,2779,207065,2,22111,1641,88184,2694,182927,1642,271111,California
Kern,2021-04-21,5859,438777,3147,206889,2707,209772,5,22116,2133,86617,3703,186630,2136,273247,California
Kern,2021-04-22,4804,443581,2332,209221,2472,212244,0,22116,1707,85251,3074,189704,1708,274955,California
Kern,2021-04-23,6143,449724,3022,212243,3120,215364,1,22117,1918,82983,4187,193891,1919,276874,California
Kern,2021-04-24,4014,453738,2806,215049,1197,216561,11,22128,1445,81888,2550,196441,1455,278329,California
Kern,2021-04-25,1394,455132,1116,216165,278,216839,0,22128,819,82138,569,197010,819,279148,California
Kern,2021-04-26,3868,459000,1835,218000,1981,218820,52,22180,1064,80462,2794,199804,1118,280266,California
Kern,2021-04-27,4778,463778,2315,220315,2355,221175,108,22288,1455,78713,3310,203114,1561,281827,California
Kern,2021-04-28,6298,470076,3715,224030,2459,223634,124,22412,1795,76145,4484,207598,1916,283743,California
Kern,2021-04-29,5512,475588,3062,227092,2350,225984,100,22512,1617,73989,3874,211472,1718,285461,California
Kern,2021-04-30,5591,481179,3121,230213,2310,228294,160,22672,1608,71789,3967,215439,1767,287228,California
Kern,2021-05-01,2715,483894,1931,232144,724,229018,60,22732,1081,71307,1622,217061,1140,288368,California
Kern,2021-05-02,1890,485784,1602,233746,266,229284,22,22754,693,70832,1190,218251,715,289083,California
Kern,2021-05-03,2544,488328,1030,234776,1381,230665,133,22887,788,70014,1740,219991,922,290005,California
Kern,2021-05-04,3660,491988,1301,236077,2249,232914,110,22997,1288,69053,2357,222348,1396,291401,California
Kern,2021-05-05,4158,496146,2146,238223,1862,234776,150,23147,1376,67810,2767,225115,1524,292925,California
Kern,2021-05-06,3590,499736,1619,239842,1826,236602,145,23292,1127,66636,2442,227557,1268,294193,California
Kern,2021-05-07,4598,504334,2310,242152,2113,238715,175,23467,1296,64832,3273,230830,1469,295662,California
Kern,2021-05-08,2894,507228,1823,243975,956,239671,115,23582,899,63863,1981,232811,1012,296674,California
Kern,2021-05-09,1351,508579,1177,245152,145,239816,29,23611,456,63462,886,233697,485,297159,California
Kern,2021-05-10,2259,510838,882,246034,1275,241091,102,23713,673,62667,1568,235265,773,297932,California
Kern,2021-05-11,2631,513469,920,246954,1586,242677,125,23838,953,62079,1667,236932,1079,299011,California
Kern,2021-05-12,3633,517102,1463,248417,2017,244694,153,23991,1173,60958,2447,239379,1326,300337,California
Kern,2021-05-13,3477,520579,1822,250239,1506,246200,149,24140,1622,60883,1842,241221,1767,302104,California
Kern,2021-05-14,4288,524867,2536,252775,1528,247728,224,24364,1982,60803,2285,243506,2205,304309,California
Kern,2021-05-15,2915,527782,1899,254674,929,248657,87,24451,1547,61082,1355,244861,1634,305943,California
Kern,2021-05-16,1544,529326,1321,255995,184,248841,39,24490,888,61358,651,245512,927,306870,California
Kern,2021-05-17,2331,531657,1008,257003,1177,250018,146,24636,1190,61564,1129,246641,1335,308205,California
Kern,2021-05-18,3178,534835,1463,258466,1584,251602,131,24767,1634,61800,1529,248170,1765,309970,California
Kern,2021-05-19,3830,538665,2390,260856,1313,252915,127,24894,1851,61808,1967,250137,1975,311945,California
Kern,2021-05-20,3098,541763,1684,262540,1273,254188,141,25035,1436,61742,1641,251778,1575,313520,California
Kern,2021-05-21,3615,545378,2188,264728,1300,255488,127,25162,1853,61982,1740,253518,1980,315500,California
Kern,2021-05-22,2954,548332,2300,267028,606,256094,48,25210,1425,61937,1516,255034,1471,316971,California
Kern,2021-05-23,1259,549591,1064,268092,169,256263,26,25236,672,62054,580,255614,697,317668,California
Kern,2021-05-24,1848,551439,782,268874,955,257218,111,25347,875,62072,967,256581,985,318653,California
Kern,2021-05-25,2392,553831,1107,269981,1199,258417,86,25433,1127,62033,1252,257833,1213,319866,California
Kern,2021-05-26,2761,556592,1590,271571,1070,259487,101,25534,1192,61770,1554,259387,1291,321157,California
Kern,2021-05-27,2339,558931,1169,272740,1065,260552,105,25639,1206,61969,1111,260498,1310,322467,California
Kern,2021-05-28,2725,561656,1387,274127,1229,261781,109,25748,1272,61907,1441,261939,1379,323846,California
Kern,2021-05-29,1895,563551,1258,275385,591,262372,46,25794,930,61932,951,262890,976,324822,California
Kern,2021-05-30,860,564411,704,276089,137,262509,19,25813,438,61973,415,263305,456,325278,California
Kern,2021-05-31,130,564541,40,276129,79,262588,11,25824,44,61944,83,263388,54,325332,California
Kern,2021-06-01,2286,566827,952,277081,1265,263853,69,25893,1004,61751,1266,264654,1073,326405,California
Kern,2021-06-02,2229,569056,1291,278372,834,264687,104,25997,942,61520,1276,265930,1045,327450,California
Kern,2021-06-03,2354,571410,1318,279690,883,265570,153,26150,870,61069,1473,267403,1022,328472,California
Kern,2021-06-04,2850,574260,1898,281588,843,266413,109,26259,869,60079,1966,269369,976,329448,California
Kern,2021-06-05,2501,576761,2032,283620,436,266849,33,26292,784,59188,1708,271077,817,330265,California
Kern,2021-06-06,1207,577968,1101,284721,81,266930,25,26317,424,58858,779,271856,449,330714,California
Kern,2021-06-07,1775,579743,1117,285838,565,267495,93,26410,663,58516,1096,272952,754,331468,California
Kern,2021-06-08,2094,581837,1220,287058,804,268299,70,26480,664,57838,1411,274363,733,332201,California
Kern,2021-06-09,2255,584092,1582,288640,607,268906,66,26546,704,57068,1539,275902,769,332970,California
Kern,2021-06-10,1350,585442,848,289488,432,269338,70,26616,434,56664,905,276807,501,333471,California
Kings,2020-12-16,1,1,1,1,0,0,0,0,1,1,0,0,1,1,California
Kings,2020-12-17,8,9,8,9,0,0,0,0,8,9,0,0,8,9,California
Kings,2020-12-18,13,22,13,22,0,0,0,0,13,22,0,0,13,22,California
Kings,2020-12-19,11,33,11,33,0,0,0,0,11,33,0,0,11,33,California
Kings,2020-12-20,13,46,13,46,0,0,0,0,13,46,0,0,13,46,California
Kings,2020-12-21,156,202,156,202,0,0,0,0,269,315,0,0,269,315,California
Kings,2020-12-22,143,345,143,345,0,0,0,0,140,455,0,0,140,455,California
Kings,2020-12-23,136,481,122,467,14,14,0,0,137,592,0,0,137,592,California
Kings,2020-12-24,11,492,9,476,2,16,0,0,11,603,0,0,11,603,California
Kings,2020-12-26,7,499,4,480,3,19,0,0,7,610,0,0,7,610,California
Kings,2020-12-27,4,503,4,484,0,19,0,0,4,614,0,0,4,614,California
Kings,2020-12-28,132,635,103,587,29,48,0,0,133,747,0,0,133,747,California
Kings,2020-12-29,81,716,53,640,28,76,0,0,82,829,0,0,82,829,California
Kings,2020-12-30,151,867,110,750,41,117,0,0,151,980,0,0,151,980,California
Kings,2020-12-31,47,914,6,756,41,158,0,0,47,1027,0,0,47,1027,California
Kings,2021-01-01,1,915,0,756,1,159,0,0,1,1028,0,0,1,1028,California
Kings,2021-01-02,11,926,10,766,1,160,0,0,11,1039,0,0,11,1039,California
Kings,2021-01-04,111,1037,41,807,70,230,0,0,111,1150,0,0,111,1150,California
Kings,2021-01-05,196,1233,40,847,156,386,0,0,196,1346,0,0,196,1346,California
Kings,2021-01-06,276,1509,177,1024,99,485,0,0,273,1616,3,3,273,1619,California
Kings,2021-01-07,181,1690,82,1106,99,584,0,0,173,1781,8,11,173,1792,California
Kings,2021-01-08,249,1939,56,1162,193,777,0,0,229,1990,20,31,229,2021,California
Kings,2021-01-09,63,2002,9,1171,54,831,0,0,55,2037,8,39,55,2076,California
Kings,2021-01-10,15,2017,3,1174,12,843,0,0,12,2046,3,42,12,2088,California
Kings,2021-01-11,518,2535,354,1528,164,1007,0,0,276,2081,242,284,277,2365,California
Kings,2021-01-12,348,2883,251,1779,97,1104,0,0,215,2166,130,414,215,2580,California
Kings,2021-01-13,421,3304,275,2054,146,1250,0,0,330,2405,91,505,330,2910,California
Kings,2021-01-14,210,3514,30,2084,180,1430,0,0,200,2585,21,526,201,3111,California
Kings,2021-01-15,420,3934,31,2115,389,1819,0,0,408,2981,12,538,408,3519,California
Kings,2021-01-16,28,3962,9,2124,19,1838,0,0,27,3007,1,539,27,3546,California
Kings,2021-01-17,10,3972,7,2131,3,1841,0,0,8,3013,2,541,8,3554,California
Kings,2021-01-18,173,4145,40,2171,133,1974,0,0,147,3134,26,567,147,3701,California
Kings,2021-01-19,382,4527,161,2332,221,2195,0,0,253,3258,129,696,253,3954,California
Kings,2021-01-20,235,4762,146,2478,89,2284,0,0,125,3278,105,801,125,4079,California
Kings,2021-01-21,214,4976,57,2535,157,2441,0,0,197,3456,19,820,197,4276,California
Kings,2021-01-22,107,5083,18,2553,89,2530,0,0,106,3557,5,825,106,4382,California
Kings,2021-01-23,27,5110,14,2567,13,2543,0,0,21,3572,6,831,21,4403,California
Kings,2021-01-24,4,5114,4,2571,0,2543,0,0,2,3572,2,833,2,4405,California
Kings,2021-01-25,131,5245,27,2598,104,2647,0,0,95,3631,36,869,95,4500,California
Kings,2021-01-26,154,5399,34,2632,120,2767,0,0,114,3705,40,909,114,4614,California
Kings,2021-01-27,327,5726,35,2667,292,3059,0,0,252,3883,74,983,252,4866,California
Kings,2021-01-28,334,6060,45,2712,289,3348,0,0,277,4103,57,1040,277,5143,California
Kings,2021-01-29,109,6169,26,2738,83,3431,0,0,92,4178,17,1057,92,5235,California
Kings,2021-01-30,1562,7731,26,2764,1536,4967,0,0,1559,5736,3,1060,1561,6796,California
Kings,2021-02-01,219,7950,65,2829,154,5121,0,0,90,5699,127,1187,90,6886,California
Kings,2021-02-02,247,8197,16,2845,231,5352,0,0,95,5643,151,1338,95,6981,California
Kings,2021-02-03,399,8596,192,3037,207,5559,0,0,243,5731,155,1493,243,7224,California
Kings,2021-02-04,426,9022,99,3136,327,5886,0,0,228,5762,197,1690,228,7452,California
Kings,2021-02-05,336,9358,55,3191,281,6167,0,0,176,5780,158,1848,176,7628,California
Kings,2021-02-06,61,9419,10,3201,51,6218,0,0,28,5775,33,1881,28,7656,California
Kings,2021-02-07,5,9424,3,3204,2,6220,0,0,3,5776,2,1883,3,7659,California
Kings,2021-02-08,174,9598,29,3233,145,6365,0,0,67,5736,107,1990,67,7726,California
Kings,2021-02-09,255,9853,57,3290,198,6563,0,0,111,5705,142,2132,111,7837,California
Kings,2021-02-10,374,10227,112,3402,262,6825,0,0,257,5845,117,2249,257,8094,California
Kings,2021-02-11,477,10704,65,3467,412,7237,0,0,360,6089,116,2365,360,8454,California
Kings,2021-02-12,631,11335,38,3505,593,7830,0,0,354,6167,276,2641,354,8808,California
Kings,2021-02-13,200,11535,7,3512,193,8023,0,0,173,6313,27,2668,173,8981,California
Kings,2021-02-14,102,11637,4,3516,98,8121,0,0,94,6399,8,2676,94,9075,California
Kings,2021-02-15,251,11888,5,3521,246,8367,0,0,138,6425,112,2788,138,9213,California
Kings,2021-02-16,545,12433,35,3556,510,8877,0,0,309,6499,235,3023,309,9522,California
Kings,2021-02-17,438,12871,25,3581,413,9290,0,0,300,6663,138,3161,302,9824,California
Kings,2021-02-18,239,13110,23,3604,216,9506,0,0,180,6784,59,3220,180,10004,California
Kings,2021-02-19,174,13284,24,3628,150,9656,0,0,118,6849,53,3273,118,10122,California
Kings,2021-02-20,168,13452,35,3663,133,9789,0,0,135,6951,33,3306,135,10257,California
Kings,2021-02-21,2,13454,1,3664,1,9790,0,0,2,6953,0,3306,2,10259,California
Kings,2021-02-22,114,13568,19,3683,95,9885,0,0,50,6939,64,3370,50,10309,California
Kings,2021-02-23,426,13994,70,3753,356,10241,0,0,309,7131,117,3487,309,10618,California
Kings,2021-02-24,726,14720,154,3907,572,10813,0,0,513,7431,213,3700,513,11131,California
Kings,2021-02-25,723,15443,134,4041,589,11402,0,0,503,7716,218,3918,503,11634,California
Kings,2021-02-26,831,16274,137,4178,694,12096,0,0,760,8406,71,3989,761,12395,California
Kings,2021-02-27,1524,17798,66,4244,1458,13554,0,0,582,8047,941,4930,582,12977,California
Kings,2021-02-28,1172,18970,598,4842,574,14128,0,0,675,8228,494,5424,675,13652,California
Kings,2021-03-01,282,19252,89,4931,193,14321,0,0,221,8388,61,5485,221,13873,California
Kings,2021-03-02,586,19838,256,5187,330,14651,0,0,513,8829,73,5558,514,14387,California
Kings,2021-03-03,720,20558,313,5500,407,15058,0,0,513,9138,204,5762,513,14900,California
Kings,2021-03-04,823,21381,359,5859,464,15522,0,0,697,9710,126,5888,698,15598,California
Kings,2021-03-05,1151,22532,368,6227,774,16296,9,9,1010,10589,141,6029,1020,16618,California
Kings,2021-03-06,517,23049,187,6414,317,16613,13,22,487,11059,30,6059,500,17118,California
Kings,2021-03-07,359,23408,218,6632,137,16750,4,26,351,11406,8,6067,355,17473,California
Kings,2021-03-08,374,23782,96,6728,225,16975,53,79,262,11609,112,6179,315,17788,California
Kings,2021-03-09,573,24355,274,7002,244,17219,55,134,462,12017,110,6289,518,18306,California
Kings,2021-03-10,628,24983,158,7160,378,17597,92,226,439,12359,188,6477,530,18836,California
Kings,2021-03-11,1100,26083,351,7511,639,18236,110,336,673,12718,425,6902,784,19620,California
Kings,2021-03-12,1459,27542,452,7963,914,19150,93,429,990,13336,467,7369,1085,20705,California
Kings,2021-03-13,677,28219,328,8291,305,19455,44,473,550,13805,127,7496,596,21301,California
Kings,2021-03-14,676,28895,103,8394,184,19639,389,862,203,13924,473,7969,592,21893,California
Kings,2021-03-15,704,29599,266,8660,323,19962,115,977,465,14269,238,8207,583,22476,California
Kings,2021-03-16,1096,30695,466,9126,566,20528,64,1041,743,14723,353,8560,807,23283,California
Kings,2021-03-17,1115,31810,424,9550,629,21157,62,1103,788,15253,327,8887,857,24140,California
Kings,2021-03-18,1135,32945,476,10026,436,21593,223,1326,776,15896,358,9245,1001,25141,California
Kings,2021-03-19,970,33915,469,10495,416,22009,85,1411,739,16503,230,9475,837,25978,California
Kings,2021-03-20,641,34556,254,10749,356,22365,31,1442,465,16832,174,9649,503,26481,California
Kings,2021-03-21,1420,35976,1088,11837,319,22684,13,1455,862,17149,558,10207,875,27356,California
Kings,2021-03-22,449,36425,200,12037,165,22849,84,1539,273,17336,174,10381,361,27717,California
Kings,2021-03-23,937,37362,508,12545,366,23215,63,1602,556,17581,379,10760,624,28341,California
Kings,2021-03-24,970,38332,489,13034,458,23673,23,1625,515,17668,453,11213,540,28881,California
Kings,2021-03-25,946,39278,468,13502,450,24123,28,1653,450,17652,494,11707,478,29359,California
Kings,2021-03-26,1306,40584,382,13884,839,24962,85,1738,521,17477,780,12487,605,29964,California
Kings,2021-03-27,646,41230,261,14145,373,25335,12,1750,160,17165,484,12971,172,30136,California
Kings,2021-03-28,671,41901,600,14745,64,25399,7,1757,409,17327,262,13233,424,30560,California
Kings,2021-03-29,469,42370,213,14958,195,25594,61,1818,260,17440,207,13440,320,30880,California
Kings,2021-03-30,866,43236,478,15436,350,25944,38,1856,429,17471,436,13876,467,31347,California
Kings,2021-03-31,780,44016,381,15817,326,26270,73,1929,423,17618,349,14225,496,31843,California
Kings,2021-04-01,832,44848,435,16252,308,26578,89,2018,359,17601,467,14692,450,32293,California
Kings,2021-04-02,1041,45889,451,16703,466,27044,124,2142,395,17479,640,15332,518,32811,California
Kings,2021-04-03,493,46382,347,17050,137,27181,9,2151,171,17344,316,15648,181,32992,California
Kings,2021-04-04,157,46539,84,17134,67,27248,6,2157,42,17278,114,15762,48,33040,California
Kings,2021-04-05,1060,47599,327,17461,481,27729,252,2409,241,16952,818,16580,492,33532,California
Kings,2021-04-06,1205,48804,453,17914,442,28171,310,2719,283,16625,919,17499,592,34124,California
Kings,2021-04-07,1371,50175,654,18568,531,28702,186,2905,359,16161,1009,18508,545,34669,California
Kings,2021-04-08,1632,51807,637,19205,741,29443,254,3159,378,15547,1247,19755,633,35302,California
Kings,2021-04-09,1163,52970,546,19751,438,29881,179,3338,235,15031,926,20681,410,35712,California
Kings,2021-04-10,597,53567,332,20083,162,30043,103,3441,174,14887,421,21102,277,35989,California
Kings,2021-04-11,357,53924,75,20158,275,30318,7,3448,198,14935,157,21259,205,36194,California
Kings,2021-04-12,705,54629,312,20470,190,30508,203,3651,196,14827,507,21766,399,36593,California
Kings,2021-04-13,916,55545,525,20995,391,30899,0,3651,292,14505,622,22388,300,36893,California
Kings,2021-04-14,1048,56593,580,21575,468,31367,0,3651,377,14212,671,23059,378,37271,California
Kings,2021-04-15,1062,57655,523,22098,538,31905,1,3652,452,14064,609,23668,461,37732,California
Kings,2021-04-16,774,58429,362,22460,412,32317,0,3652,259,13809,514,24182,259,37991,California
Kings,2021-04-17,465,58894,251,22711,214,32531,0,3652,190,13726,273,24455,190,38181,California
Kings,2021-04-18,562,59456,239,22950,323,32854,0,3652,39,13242,523,24978,39,38220,California
Kings,2021-04-19,531,59987,294,23244,237,33091,0,3652,285,13283,244,25222,285,38505,California
Kings,2021-04-20,744,60731,452,23696,292,33383,0,3652,237,13014,506,25728,237,38742,California
Kings,2021-04-21,646,61377,307,24003,339,33722,0,3652,222,12820,416,26144,222,38964,California
Kings,2021-04-22,559,61936,279,24282,280,34002,0,3652,205,12675,351,26495,206,39170,California
Kings,2021-04-23,674,62610,291,24573,383,34385,0,3652,330,12665,340,26835,330,39500,California
Kings,2021-04-24,248,62858,180,24753,67,34452,1,3653,120,12659,127,26962,121,39621,California
Kings,2021-04-25,201,63059,182,24935,19,34471,0,3653,164,12786,37,26999,164,39785,California
Kings,2021-04-26,315,63374,169,25104,143,34614,3,3656,198,12871,116,27115,201,39986,California
Kings,2021-04-27,422,63796,186,25290,217,34831,19,3675,180,12829,241,27356,199,40185,California
Kings,2021-04-28,514,64310,255,25545,239,35070,20,3695,268,12871,246,27602,288,40473,California
Kings,2021-04-29,288,64598,110,25655,166,35236,12,3707,133,12863,153,27755,145,40618,California
Kings,2021-04-30,367,64965,163,25818,187,35423,17,3724,152,12821,211,27966,169,40787,California
Kings,2021-05-01,226,65191,164,25982,52,35475,10,3734,71,12748,154,28120,81,40868,California
Kings,2021-05-02,169,65360,147,26129,22,35497,0,3734,127,12833,42,28162,127,40995,California
Kings,2021-05-03,473,65833,252,26381,208,35705,13,3747,120,12614,352,28514,133,41128,California
Kings,2021-05-04,519,66352,262,26643,237,35942,20,3767,159,12433,360,28874,179,41307,California
Kings,2021-05-05,551,66903,285,26928,246,36188,20,3787,136,12174,415,29289,156,41463,California
Kings,2021-05-06,550,67453,270,27198,257,36445,23,3810,124,11897,424,29713,147,41610,California
Kings,2021-05-07,366,67819,211,27409,139,36584,16,3826,147,11843,217,29930,163,41773,California
Kings,2021-05-08,233,68052,167,27576,54,36638,12,3838,74,11770,158,30088,85,41858,California
Kings,2021-05-09,190,68242,61,27637,129,36767,0,3838,40,11660,150,30238,40,41898,California
Kings,2021-05-10,339,68581,262,27899,67,36834,10,3848,115,11561,223,30461,124,42022,California
Kings,2021-05-11,383,68964,237,28136,116,36950,30,3878,119,11447,264,30725,150,42172,California
Kings,2021-05-12,397,69361,162,28298,221,37171,14,3892,170,11406,225,30950,184,42356,California
Kings,2021-05-13,388,69749,145,28443,235,37406,8,3900,155,11336,233,31183,163,42519,California
Kings,2021-05-14,467,70216,319,28762,117,37523,31,3931,242,11385,224,31407,273,42792,California
Kings,2021-05-15,352,70568,251,29013,83,37606,18,3949,194,11440,157,31564,212,43004,California
Kings,2021-05-16,247,70815,221,29234,25,37631,1,3950,76,11346,171,31735,77,43081,California
Kings,2021-05-17,402,71217,321,29555,64,37695,17,3967,214,11390,187,31922,231,43312,California
Kings,2021-05-18,391,71608,273,29828,105,37800,13,3980,223,11459,169,32091,238,43550,California
Kings,2021-05-19,578,72186,284,30112,270,38070,24,4004,232,11371,344,32435,256,43806,California
Kings,2021-05-20,446,72632,233,30345,186,38256,27,4031,265,11483,181,32616,293,44099,California
Kings,2021-05-21,516,73148,264,30609,242,38498,10,4041,266,11513,246,32862,276,44375,California
Kings,2021-05-22,311,73459,251,30860,48,38546,12,4053,225,11666,84,32946,237,44612,California
Kings,2021-05-23,231,73690,222,31082,9,38555,0,4053,107,11649,124,33070,107,44719,California
Kings,2021-05-24,248,73938,164,31246,70,38625,14,4067,119,11653,129,33199,133,44852,California
Kings,2021-05-25,406,74344,268,31514,105,38730,33,4100,240,11762,164,33363,273,45125,California
Kings,2021-05-26,303,74647,124,31638,162,38892,17,4117,129,11735,173,33536,146,45271,California
Kings,2021-05-27,327,74974,178,31816,131,39023,18,4135,178,11785,146,33682,196,45467,California
Kings,2021-05-28,288,75262,140,31956,131,39154,17,4152,140,11797,145,33827,157,45624,California
Kings,2021-05-29,174,75436,101,32057,62,39216,11,4163,92,11819,81,33908,103,45727,California
Kings,2021-05-30,130,75566,113,32170,15,39231,2,4165,70,11831,60,33968,72,45799,California
Kings,2021-05-31,42,75608,23,32193,16,39247,3,4168,15,11822,27,33995,18,45817,California
Kings,2021-06-01,316,75924,188,32381,112,39359,16,4184,121,11767,191,34186,136,45953,California
Kings,2021-06-02,273,76197,125,32506,140,39499,8,4192,85,11674,186,34372,93,46046,California
Kings,2021-06-03,227,76424,125,32631,91,39590,11,4203,84,11634,135,34507,95,46141,California
Kings,2021-06-04,423,76847,278,32909,132,39722,13,4216,154,11540,261,34768,167,46308,California
Kings,2021-06-05,249,77096,219,33128,25,39747,5,4221,63,11435,173,34941,68,46376,California
Kings,2021-06-06,159,77255,152,33280,3,39750,4,4225,81,11444,76,35017,85,46461,California
Kings,2021-06-07,293,77548,217,33497,59,39809,17,4242,93,11354,200,35217,110,46571,California
Kings,2021-06-08,311,77859,241,33738,50,39859,20,4262,88,11240,222,35439,108,46679,California
Kings,2021-06-09,348,78207,226,33964,115,39974,7,4269,89,11079,257,35696,96,46775,California
Kings,2021-06-10,109,78316,15,33979,84,40058,10,4279,37,11054,72,35768,47,46822,California
Lake,2020-12-17,4,4,4,4,0,0,0,0,4,4,0,0,4,4,California
Lake,2020-12-18,49,53,49,53,0,0,0,0,49,53,0,0,49,53,California
Lake,2020-12-19,3,56,3,56,0,0,0,0,3,56,0,0,3,56,California
Lake,2020-12-20,6,62,6,62,0,0,0,0,6,62,0,0,6,62,California
Lake,2020-12-21,87,149,87,149,0,0,0,0,87,149,0,0,87,149,California
Lake,2020-12-22,63,212,60,209,3,3,0,0,63,212,0,0,63,212,California
Lake,2020-12-23,124,336,115,324,9,12,0,0,124,336,0,0,124,336,California
Lake,2020-12-24,2,338,0,324,2,14,0,0,2,338,0,0,2,338,California
Lake,2020-12-26,2,340,2,326,0,14,0,0,2,340,0,0,2,340,California
Lake,2020-12-27,2,342,2,328,0,14,0,0,2,342,0,0,2,342,California
Lake,2020-12-28,52,394,43,371,9,23,0,0,52,394,0,0,52,394,California
Lake,2020-12-29,52,446,47,418,5,28,0,0,52,446,0,0,52,446,California
Lake,2020-12-30,132,578,124,542,8,36,0,0,132,578,0,0,132,578,California
Lake,2020-12-31,67,645,64,606,3,39,0,0,67,645,0,0,67,645,California
Lake,2021-01-01,2,647,1,607,1,40,0,0,2,647,0,0,2,647,California
Lake,2021-01-02,2,649,1,608,1,41,0,0,2,649,0,0,2,649,California
Lake,2021-01-04,90,739,21,629,69,110,0,0,90,739,0,0,90,739,California
Lake,2021-01-05,120,859,59,688,61,171,0,0,118,855,2,2,118,857,California
Lake,2021-01-06,104,963,65,753,39,210,0,0,102,955,2,4,102,959,California
Lake,2021-01-07,109,1072,85,838,24,234,0,0,100,1046,9,13,100,1059,California
Lake,2021-01-08,155,1227,126,964,29,263,0,0,104,1099,51,64,104,1163,California
Lake,2021-01-09,63,1290,61,1025,2,265,0,0,59,1154,4,68,59,1222,California
Lake,2021-01-10,3,1293,3,1028,0,265,0,0,0,1151,3,71,0,1222,California
Lake,2021-01-11,189,1482,149,1177,40,305,0,0,110,1182,79,150,110,1332,California
Lake,2021-01-12,82,1564,49,1226,33,338,0,0,58,1216,24,174,58,1390,California
Lake,2021-01-13,167,1731,114,1340,53,391,0,0,108,1265,59,233,108,1498,California
Lake,2021-01-14,147,1878,48,1388,99,490,0,0,125,1368,22,255,125,1623,California
Lake,2021-01-15,216,2094,92,1480,124,614,0,0,189,1530,27,282,189,1812,California
Lake,2021-01-16,134,2228,82,1562,52,666,0,0,132,1660,2,284,132,1944,California
Lake,2021-01-17,16,2244,6,1568,10,676,0,0,10,1664,6,290,10,1954,California
Lake,2021-01-18,247,2491,229,1797,18,694,0,0,124,1665,123,413,124,2078,California
Lake,2021-01-19,316,2807,120,1917,196,890,0,0,269,1888,47,460,270,2348,California
Lake,2021-01-20,425,3232,82,1999,343,1233,0,0,360,2184,64,524,360,2708,California
Lake,2021-01-21,438,3670,48,2047,390,1623,0,0,402,2550,36,560,402,3110,California
Lake,2021-01-22,319,3989,47,2094,272,1895,0,0,283,2797,36,596,283,3393,California
Lake,2021-01-23,124,4113,6,2100,118,2013,0,0,123,2919,1,597,123,3516,California
Lake,2021-01-24,5,4118,2,2102,3,2016,0,0,5,2924,0,597,5,3521,California
Lake,2021-01-25,258,4376,95,2197,163,2179,0,0,176,3018,82,679,176,3697,California
Lake,2021-01-26,430,4806,34,2231,396,2575,0,0,406,3400,24,703,406,4103,California
Lake,2021-01-27,362,5168,41,2272,321,2896,0,0,334,3707,28,731,335,4438,California
Lake,2021-01-28,494,5662,159,2431,335,3231,0,0,365,3943,129,860,365,4803,California
Lake,2021-01-29,651,6313,100,2531,551,3782,0,0,575,4442,76,936,575,5378,California
Lake,2021-01-30,553,6866,40,2571,513,4295,0,0,547,4983,6,942,547,5925,California
Lake,2021-01-31,14,6880,8,2579,6,4301,0,0,12,4993,2,944,12,5937,California
Lake,2021-02-01,176,7056,14,2593,162,4463,0,0,162,5141,14,958,162,6099,California
Lake,2021-02-02,562,7618,150,2743,412,4875,0,0,396,5371,166,1124,396,6495,California
Lake,2021-02-03,443,8061,32,2775,411,5286,0,0,338,5604,105,1229,338,6833,California
Lake,2021-02-04,122,8183,70,2845,52,5338,0,0,72,5626,50,1279,72,6905,California
Lake,2021-02-05,380,8563,70,2915,310,5648,0,0,288,5824,90,1369,288,7193,California
Lake,2021-02-06,276,8839,39,2954,237,5885,0,0,265,6078,11,1380,265,7458,California
Lake,2021-02-07,2,8841,1,2955,1,5886,0,0,2,6080,0,1380,2,7460,California
Lake,2021-02-08,277,9118,206,3161,71,5957,0,0,159,6121,118,1498,159,7619,California
Lake,2021-02-09,346,9464,24,3185,322,6279,0,0,302,6380,43,1541,302,7921,California
Lake,2021-02-10,348,9812,51,3236,297,6576,0,0,270,6572,78,1619,270,8191,California
Lake,2021-02-11,175,9987,18,3254,157,6733,0,0,58,6513,117,1736,58,8249,California
Lake,2021-02-12,373,10360,28,3282,345,7078,0,0,286,6713,86,1822,286,8535,California
Lake,2021-02-13,250,10610,8,3290,242,7320,0,0,239,6941,11,1833,239,8774,California
Lake,2021-02-14,17,10627,4,3294,13,7333,0,0,5,6934,12,1845,5,8779,California
Lake,2021-02-15,169,10796,11,3305,158,7491,0,0,8,6782,160,2005,8,8787,California
Lake,2021-02-16,425,11221,22,3327,403,7894,0,0,178,6713,247,2252,178,8965,California
Lake,2021-02-17,348,11569,53,3380,295,8189,0,0,69,6504,278,2530,69,9034,California
Lake,2021-02-18,460,12029,71,3451,389,8578,0,0,115,6274,345,2875,115,9149,California
Lake,2021-02-19,426,12455,26,3477,400,8978,0,0,93,6034,333,3208,93,9242,California
Lake,2021-02-20,289,12744,56,3533,233,9211,0,0,250,6246,38,3246,250,9492,California
Lake,2021-02-21,6,12750,6,3539,0,9211,0,0,0,6240,6,3252,0,9492,California
Lake,2021-02-22,135,12885,17,3556,118,9329,0,0,40,6185,95,3347,40,9532,California
Lake,2021-02-23,216,13101,16,3572,200,9529,0,0,30,6029,186,3533,30,9562,California
Lake,2021-02-24,1010,14111,430,4002,580,10109,0,0,470,5960,539,4072,470,10032,California
Lake,2021-02-25,733,14844,468,4470,265,10374,0,0,474,6178,256,4328,474,10506,California
Lake,2021-02-26,995,15839,303,4773,692,11066,0,0,350,5885,643,4971,350,10856,California
Lake,2021-02-27,409,16248,98,4871,311,11377,0,0,327,6130,82,5053,327,11183,California
Lake,2021-02-28,19,16267,10,4881,9,11386,0,0,12,6135,7,5060,12,11195,California
Lake,2021-03-01,596,16863,54,4935,542,11928,0,0,444,6427,152,5212,444,11639,California
Lake,2021-03-02,745,17608,17,4952,728,12656,0,0,289,6260,456,5668,289,11928,California
Lake,2021-03-03,368,17976,194,5146,174,12830,0,0,146,6184,222,5890,146,12074,California
Lake,2021-03-04,577,18553,506,5652,71,12901,0,0,560,6727,17,5907,560,12634,California
Lake,2021-03-05,1051,19604,52,5704,999,13900,0,0,186,6052,861,6768,186,12820,California
Lake,2021-03-06,35,19639,9,5713,25,13925,1,1,22,6062,13,6781,23,12843,California
Lake,2021-03-07,6,19645,4,5717,2,13927,0,1,4,6064,2,6783,4,12847,California
Lake,2021-03-08,340,19985,267,5984,64,13991,9,10,300,6333,40,6823,309,13156,California
Lake,2021-03-09,931,20916,43,6027,871,14862,17,27,407,6234,523,7346,424,13580,California
Lake,2021-03-10,205,21121,59,6086,133,14995,13,40,137,6317,68,7414,151,13731,California
Lake,2021-03-11,588,21709,49,6135,62,15057,477,517,47,6300,541,7955,524,14255,California
Lake,2021-03-12,854,22563,203,6338,625,15682,26,543,362,6197,491,8446,388,14643,California
Lake,2021-03-13,278,22841,20,6358,22,15704,236,779,17,6189,260,8706,252,14895,California
Lake,2021-03-14,11,22852,2,6360,9,15713,0,779,7,6192,4,8710,7,14902,California
Lake,2021-03-15,642,23494,11,6371,613,16326,18,797,481,6530,161,8871,499,15401,California
Lake,2021-03-16,1120,24614,839,7210,264,16590,17,814,400,6230,716,9587,416,15817,California
Lake,2021-03-17,244,24858,120,7330,102,16692,22,836,89,6186,155,9742,111,15928,California
Lake,2021-03-18,747,25605,375,7705,336,17028,36,872,369,6214,376,10118,404,16332,California
Lake,2021-03-19,583,26188,315,8020,248,17276,20,892,478,6608,104,10222,498,16830,California
Lake,2021-03-20,249,26437,8,8028,238,17514,3,895,31,6426,216,10438,34,16864,California
Lake,2021-03-21,16,26453,11,8039,4,17518,1,896,11,6433,5,10443,12,16876,California
Lake,2021-03-22,338,26791,256,8295,67,17585,15,911,250,6610,88,10531,265,17141,California
Lake,2021-03-23,435,27226,23,8318,399,17984,13,924,369,6927,65,10596,382,17523,California
Lake,2021-03-24,422,27648,60,8378,354,18338,8,932,327,7169,94,10690,336,17859,California
Lake,2021-03-25,672,28320,480,8858,186,18524,6,938,174,6850,498,11188,179,18038,California
Lake,2021-03-26,68,28388,32,8890,35,18559,1,939,31,6845,37,11225,32,18070,California
Lake,2021-03-27,307,28695,7,8897,297,18856,3,942,16,6575,289,11514,19,18089,California
Lake,2021-03-28,16,28711,7,8904,9,18865,0,942,8,6575,8,11522,8,18097,California
Lake,2021-03-29,989,29700,287,9191,700,19565,2,944,205,6000,782,12304,207,18304,California
Lake,2021-03-30,469,30169,318,9509,149,19714,2,946,370,6274,98,12402,372,18676,California
Lake,2021-03-31,618,30787,60,9569,558,20272,0,946,434,6533,175,12577,434,19110,California
Lake,2021-04-01,449,31236,235,9804,202,20474,12,958,189,6478,256,12833,201,19311,California
Lake,2021-04-02,220,31456,38,9842,154,20628,28,986,94,6474,126,12959,122,19433,California
Lake,2021-04-03,32,31488,5,9847,24,20652,3,989,12,6469,20,12979,15,19448,California
Lake,2021-04-04,19,31507,11,9858,7,20659,1,990,15,6481,4,12983,16,19464,California
Lake,2021-04-05,647,32154,71,9929,556,21215,20,1010,406,6668,238,13221,425,19889,California
Lake,2021-04-06,481,32635,18,9947,437,21652,26,1036,308,6830,172,13393,334,20223,California
Lake,2021-04-07,523,33158,57,10004,415,22067,51,1087,352,7064,169,13562,403,20626,California
Lake,2021-04-08,606,33764,494,10498,46,22113,66,1153,103,6733,500,14062,169,20795,California
Lake,2021-04-09,279,34043,38,10536,173,22286,68,1221,47,6618,229,14291,114,20909,California
Lake,2021-04-10,253,34296,13,10549,13,22299,227,1448,8,6608,245,14536,235,21144,California
Lake,2021-04-11,22,34318,17,10566,3,22302,2,1450,7,6602,15,14551,9,21153,California
Lake,2021-04-12,1079,35397,233,10799,813,23115,33,1483,244,6049,834,15385,281,21434,California
Lake,2021-04-13,180,35577,110,10909,70,23185,0,1483,52,5973,128,15513,52,21486,California
Lake,2021-04-14,612,36189,35,10944,577,23762,0,1483,549,6459,63,15576,549,22035,California
Lake,2021-04-15,640,36829,192,11136,448,24210,0,1483,329,6481,311,15887,333,22368,California
Lake,2021-04-16,266,37095,28,11164,237,24447,1,1484,73,6362,192,16079,73,22441,California
Lake,2021-04-17,43,37138,11,11175,32,24479,0,1484,32,6383,11,16090,32,22473,California
Lake,2021-04-18,7,37145,4,11179,3,24482,0,1484,0,6376,7,16097,0,22473,California
Lake,2021-04-19,299,37444,40,11219,259,24741,0,1484,248,6573,51,16148,248,22721,California
Lake,2021-04-20,698,38142,280,11499,418,25159,0,1484,92,6061,605,16753,93,22814,California
Lake,2021-04-21,531,38673,62,11561,469,25628,0,1484,197,5924,334,17087,197,23011,California
Lake,2021-04-22,466,39139,48,11609,418,26046,0,1484,320,6099,145,17232,320,23331,California
Lake,2021-04-23,114,39253,56,11665,58,26104,0,1484,68,6122,45,17277,68,23399,California
Lake,2021-04-24,54,39307,9,11674,45,26149,0,1484,40,6148,14,17291,40,23439,California
Lake,2021-04-25,36,39343,19,11693,17,26166,0,1484,24,6160,12,17303,24,23463,California
Lake,2021-04-26,293,39636,82,11775,210,26376,1,1485,88,6044,205,17508,89,23552,California
Lake,2021-04-27,248,39884,22,11797,208,26584,18,1503,84,5982,164,17672,102,23654,California
Lake,2021-04-28,511,40395,49,11846,447,27031,15,1518,90,5667,419,18091,104,23758,California
Lake,2021-04-29,213,40608,83,11929,114,27145,16,1534,114,5697,99,18190,129,23887,California
Lake,2021-04-30,286,40894,43,11972,212,27357,31,1565,148,5738,138,18328,179,24066,California
Lake,2021-05-01,50,40944,28,12000,20,27377,2,1567,35,5761,14,18342,37,24103,California
Lake,2021-05-02,18,40962,9,12009,8,27385,1,1568,9,5762,9,18351,10,24113,California
Lake,2021-05-03,415,41377,28,12037,352,27737,35,1603,65,5513,349,18700,100,24213,California
Lake,2021-05-04,403,41780,216,12253,139,27876,48,1651,123,5405,279,18979,171,24384,California
Lake,2021-05-05,629,42409,44,12297,573,28449,12,1663,86,4962,540,19519,97,24481,California
Lake,2021-05-06,142,42551,19,12316,94,28543,29,1692,73,4994,69,19588,101,24582,California
Lake,2021-05-07,165,42716,29,12345,116,28659,20,1712,103,5057,60,19648,123,24705,California
Lake,2021-05-08,42,42758,6,12351,36,28695,0,1712,35,5085,7,19655,35,24740,California
Lake,2021-05-09,17,42775,2,12353,10,28705,5,1717,10,5093,7,19662,15,24755,California
Lake,2021-05-10,245,43020,11,12364,207,28912,27,1744,58,4992,186,19848,85,24840,California
Lake,2021-05-11,193,43213,25,12389,151,29063,17,1761,115,5047,78,19926,133,24973,California
Lake,2021-05-12,542,43755,33,12422,489,29552,20,1781,55,4634,487,20413,74,25047,California
Lake,2021-05-13,313,44068,66,12488,233,29785,14,1795,73,4483,238,20651,87,25134,California
Lake,2021-05-14,263,44331,79,12567,165,29950,19,1814,160,4560,101,20752,178,25312,California
Lake,2021-05-15,45,44376,19,12586,23,29973,3,1817,28,4574,17,20769,31,25343,California
Lake,2021-05-16,32,44408,18,12604,13,29986,1,1818,17,4577,15,20784,18,25361,California
Lake,2021-05-17,314,44722,42,12646,257,30243,15,1833,83,4447,228,21012,98,25459,California
Lake,2021-05-18,302,45024,65,12711,218,30461,19,1852,175,4515,126,21138,194,25653,California
Lake,2021-05-19,311,45335,57,12768,239,30700,15,1867,87,4394,223,21361,102,25755,California
Lake,2021-05-20,237,45572,61,12829,165,30865,11,1878,94,4356,143,21504,105,25860,California
Lake,2021-05-21,271,45843,53,12882,195,31060,23,1901,110,4330,159,21663,133,25993,California
Lake,2021-05-22,91,45934,50,12932,38,31098,3,1904,42,4326,49,21712,45,26038,California
Lake,2021-05-23,56,45990,27,12959,28,31126,1,1905,28,4327,28,21740,29,26067,California
Lake,2021-05-24,155,46145,35,12994,106,31232,14,1919,70,4326,85,21825,84,26151,California
Lake,2021-05-25,204,46349,55,13049,137,31369,12,1931,73,4281,130,21955,85,26236,California
Lake,2021-05-26,149,46498,44,13093,94,31463,11,1942,54,4253,93,22048,65,26301,California
Lake,2021-05-27,173,46671,47,13140,112,31575,14,1956,60,4215,112,22160,74,26375,California
Lake,2021-05-28,221,46892,19,13159,164,31739,38,1994,49,4132,169,22329,86,26461,California
Lake,2021-05-29,37,46929,10,13169,21,31760,6,2000,14,4129,23,22352,20,26481,California
Lake,2021-05-30,22,46951,6,13175,14,31774,2,2002,12,4133,10,22362,14,26495,California
Lake,2021-05-31,63,47014,21,13196,40,31814,2,2004,53,4178,10,22372,55,26550,California
Lake,2021-06-01,196,47210,37,13233,150,31964,9,2013,69,4130,126,22498,78,26628,California
Lake,2021-06-02,133,47343,46,13279,75,32039,12,2025,55,4119,78,22576,67,26695,California
Lake,2021-06-03,180,47523,54,13333,107,32146,19,2044,80,4118,100,22676,99,26794,California
Lake,2021-06-04,179,47702,52,13385,114,32260,13,2057,45,4044,132,22808,58,26852,California
Lake,2021-06-05,93,47795,58,13443,28,32288,7,2064,54,4066,39,22847,61,26913,California
Lake,2021-06-06,67,47862,37,13480,30,32318,0,2064,23,4045,44,22891,23,26936,California
Lake,2021-06-07,90,47952,30,13510,51,32369,9,2073,31,4027,58,22949,40,26976,California
Lake,2021-06-08,141,48093,42,13552,91,32460,8,2081,60,4014,81,23030,68,27044,California
Lake,2021-06-09,128,48221,12,13564,116,32576,0,2081,20,3927,107,23137,20,27064,California
Lake,2021-06-10,56,48277,13,13577,34,32610,9,2090,20,3920,36,23173,29,27093,California
Lassen,2020-12-16,7,7,7,7,0,0,0,0,7,7,0,0,7,7,California
Lassen,2020-12-17,2,9,2,9,0,0,0,0,2,9,0,0,2,9,California
Lassen,2020-12-18,1,10,1,10,0,0,0,0,1,10,0,0,1,10,California
Lassen,2020-12-19,5,15,5,15,0,0,0,0,5,15,0,0,5,15,California
Lassen,2020-12-20,2,17,2,17,0,0,0,0,2,17,0,0,2,17,California
Lassen,2020-12-21,11,28,11,28,0,0,0,0,11,28,0,0,11,28,California
Lassen,2020-12-22,21,49,21,49,0,0,0,0,21,49,0,0,21,49,California
Lassen,2020-12-23,5,54,5,54,0,0,0,0,5,54,0,0,5,54,California
Lassen,2020-12-24,8,62,8,62,0,0,0,0,8,62,0,0,8,62,California
Lassen,2020-12-28,3,65,2,64,1,1,0,0,3,65,0,0,3,65,California
Lassen,2020-12-29,35,100,35,99,0,1,0,0,35,100,0,0,35,100,California
Lassen,2020-12-30,31,131,30,129,1,2,0,0,31,131,0,0,31,131,California
Lassen,2020-12-31,49,180,42,171,7,9,0,0,49,180,0,0,49,180,California
Lassen,2021-01-02,1,181,0,171,1,10,0,0,1,181,0,0,1,181,California
Lassen,2021-01-04,14,195,2,173,12,22,0,0,14,195,0,0,14,195,California
Lassen,2021-01-05,192,387,52,225,140,162,0,0,192,387,0,0,192,387,California
Lassen,2021-01-06,94,481,43,268,51,213,0,0,86,466,8,8,87,474,California
Lassen,2021-01-07,39,520,3,271,36,249,0,0,37,501,2,10,37,511,California
Lassen,2021-01-08,49,569,2,273,47,296,0,0,49,550,0,10,49,560,California
Lassen,2021-01-09,12,581,6,279,6,302,0,0,12,562,0,10,12,572,California
Lassen,2021-01-11,27,608,5,284,22,324,0,0,27,589,0,10,27,599,California
Lassen,2021-01-12,47,655,27,311,20,344,0,0,29,600,18,28,29,628,California
Lassen,2021-01-13,159,814,16,327,143,487,0,0,146,733,13,41,146,774,California
Lassen,2021-01-14,158,972,16,343,142,629,0,0,148,871,10,51,148,922,California
Lassen,2021-01-15,22,994,3,346,19,648,0,0,22,893,0,51,22,944,California
Lassen,2021-01-16,34,1028,33,379,1,649,0,0,34,927,0,51,34,978,California
Lassen,2021-01-17,1,1029,0,379,1,650,0,0,1,928,0,51,1,979,California
Lassen,2021-01-18,4,1033,2,381,2,652,0,0,3,930,1,52,3,982,California
Lassen,2021-01-19,183,1216,35,416,148,800,0,0,155,1057,28,80,155,1137,California
Lassen,2021-01-20,169,1385,94,510,75,875,0,0,91,1085,63,143,91,1228,California
Lassen,2021-01-21,139,1524,89,599,50,925,0,0,115,1182,18,161,115,1343,California
Lassen,2021-01-22,30,1554,17,616,13,938,0,0,20,1192,10,171,20,1363,California
Lassen,2021-01-23,2,1556,0,616,2,940,0,0,2,1194,0,171,2,1365,California
Lassen,2021-01-24,1,1557,0,616,1,941,0,0,1,1195,0,171,1,1366,California
Lassen,2021-01-25,12,1569,1,617,11,952,0,0,11,1205,1,172,11,1377,California
Lassen,2021-01-26,119,1688,6,623,113,1065,0,0,116,1318,3,175,116,1493,California
Lassen,2021-01-27,72,1760,24,647,48,1113,0,0,55,1356,17,192,55,1548,California
Lassen,2021-01-28,83,1843,14,661,69,1182,0,0,82,1437,1,193,82,1630,California
Lassen,2021-01-29,17,1860,4,665,13,1195,0,0,16,1452,1,194,16,1646,California
Lassen,2021-02-01,51,1911,2,667,49,1244,0,0,27,1455,24,218,27,1673,California
Lassen,2021-02-02,169,2080,8,675,161,1405,0,0,37,1360,132,350,37,1710,California
Lassen,2021-02-03,91,2171,18,693,73,1478,0,0,47,1363,44,394,47,1757,California
Lassen,2021-02-04,107,2278,13,706,94,1572,0,0,58,1372,49,443,58,1815,California
Lassen,2021-02-05,57,2335,8,714,49,1621,0,0,19,1353,38,481,19,1834,California
Lassen,2021-02-06,69,2404,34,748,35,1656,0,0,36,1357,32,513,36,1870,California
Lassen,2021-02-08,41,2445,4,752,37,1693,0,0,15,1346,26,539,15,1885,California
Lassen,2021-02-09,124,2569,5,757,119,1812,0,0,46,1314,78,617,46,1931,California
Lassen,2021-02-10,166,2735,17,774,149,1961,0,0,60,1268,106,723,60,1991,California
Lassen,2021-02-11,160,2895,11,785,149,2110,0,0,62,1233,97,820,62,2053,California
Lassen,2021-02-12,33,2928,10,795,23,2133,0,0,14,1228,19,839,14,2067,California
Lassen,2021-02-13,10,2938,2,797,8,2141,0,0,8,1234,2,841,8,2075,California
Lassen,2021-02-14,13,2951,0,797,13,2154,0,0,12,1245,1,842,12,2087,California
Lassen,2021-02-15,21,2972,2,799,19,2173,0,0,17,1259,3,845,17,2104,California
Lassen,2021-02-16,185,3157,3,802,182,2355,0,0,25,1126,158,1003,25,2129,California
Lassen,2021-02-17,157,3314,82,884,75,2430,0,0,7,983,150,1153,7,2136,California
Lassen,2021-02-18,72,3386,18,902,54,2484,0,0,17,945,55,1208,17,2153,California
Lassen,2021-02-19,72,3458,53,955,19,2503,0,0,13,899,59,1267,13,2166,California
Lassen,2021-02-20,8,3466,0,955,8,2511,0,0,6,903,2,1269,6,2172,California
Lassen,2021-02-21,22,3488,2,957,20,2531,0,0,18,917,4,1273,18,2190,California
Lassen,2021-02-22,23,3511,10,967,13,2544,0,0,5,904,18,1291,5,2195,California
Lassen,2021-02-23,151,3662,7,974,144,2688,0,0,43,839,108,1399,43,2238,California
Lassen,2021-02-24,148,3810,14,988,134,2822,0,0,94,880,53,1452,94,2332,California
Lassen,2021-02-25,144,3954,16,1004,128,2950,0,0,90,916,54,1506,90,2422,California
Lassen,2021-02-26,68,4022,16,1020,52,3002,0,0,34,916,34,1540,34,2456,California
Lassen,2021-02-27,8,4030,7,1027,1,3003,0,0,3,914,5,1545,3,2459,California
Lassen,2021-02-28,4,4034,0,1027,4,3007,0,0,2,914,2,1547,2,2461,California
Lassen,2021-03-01,32,4066,3,1030,29,3036,0,0,6,895,25,1572,6,2467,California
Lassen,2021-03-02,99,4165,6,1036,93,3129,0,0,78,953,20,1592,78,2545,California
Lassen,2021-03-03,144,4309,9,1045,135,3264,0,0,91,991,53,1645,91,2636,California
Lassen,2021-03-04,145,4454,16,1061,129,3393,0,0,95,1037,49,1694,95,2731,California
Lassen,2021-03-05,47,4501,7,1068,16,3409,24,24,11,1036,36,1730,35,2766,California
Lassen,2021-03-06,54,4555,3,1071,29,3438,22,46,5,1014,49,1779,27,2793,California
Lassen,2021-03-07,56,4611,1,1072,0,3438,55,101,1,1015,55,1834,56,2849,California
Lassen,2021-03-08,86,4697,2,1074,6,3444,78,179,3,1013,83,1917,81,2930,California
Lassen,2021-03-09,131,4828,7,1081,107,3551,17,196,84,1067,47,1964,101,3031,California
Lassen,2021-03-10,141,4969,8,1089,132,3683,1,197,75,1078,65,2029,76,3107,California
Lassen,2021-03-11,170,5139,10,1099,153,3836,7,204,100,1118,67,2096,107,3214,California
Lassen,2021-03-12,26,5165,11,1110,12,3848,3,207,11,1117,15,2111,14,3228,California
Lassen,2021-03-13,48,5213,0,1110,2,3850,46,253,1,1116,47,2158,46,3274,California
Lassen,2021-03-14,13,5226,1,1111,11,3861,1,254,1,1106,12,2170,2,3276,California
Lassen,2021-03-15,32,5258,3,1114,29,3890,0,254,14,1102,18,2188,14,3290,California
Lassen,2021-03-16,89,5347,2,1116,82,3972,5,259,72,1162,17,2205,77,3367,California
Lassen,2021-03-17,1085,6432,9,1125,1071,5043,5,264,1066,2214,19,2224,1071,4438,California
Lassen,2021-03-18,88,6520,8,1133,79,5122,1,265,77,2281,11,2235,78,4516,California
Lassen,2021-03-19,14,6534,9,1142,2,5124,3,268,5,2280,9,2244,8,4524,California
Lassen,2021-03-20,17,6551,3,1145,12,5136,2,270,11,2287,6,2250,13,4537,California
Lassen,2021-03-21,33,6584,0,1145,33,5169,0,270,13,2281,19,2269,13,4550,California
Lassen,2021-03-22,49,6633,1,1146,48,5217,0,270,46,2324,3,2272,46,4596,California
Lassen,2021-03-23,116,6749,9,1155,106,5323,1,271,63,2335,53,2325,64,4660,California
Lassen,2021-03-24,188,6937,8,1163,179,5502,1,272,98,2346,88,2413,99,4759,California
Lassen,2021-03-25,147,7084,18,1181,129,5631,0,272,67,2333,80,2493,67,4826,California
Lassen,2021-03-26,73,7157,9,1190,26,5657,38,310,15,2328,57,2550,52,4878,California
Lassen,2021-03-27,19,7176,3,1193,1,5658,15,325,2,2328,17,2567,17,4895,California
Lassen,2021-03-28,13,7189,2,1195,2,5660,9,334,1,2326,12,2579,10,4905,California
Lassen,2021-03-29,51,7240,0,1195,26,5686,25,359,20,2341,30,2609,45,4950,California
Lassen,2021-03-30,178,7418,6,1201,147,5833,25,384,51,2290,127,2736,76,5026,California
Lassen,2021-03-31,143,7561,10,1211,111,5944,22,406,59,2288,83,2819,81,5107,California
Lassen,2021-04-01,153,7714,9,1220,124,6068,20,426,44,2244,108,2927,64,5171,California
Lassen,2021-04-02,27,7741,3,1223,2,6070,22,448,1,2241,26,2953,23,5194,California
Lassen,2021-04-03,12,7753,0,1223,2,6072,10,458,0,2239,12,2965,10,5204,California
Lassen,2021-04-04,6,7759,1,1224,0,6072,5,463,1,2240,5,2970,6,5210,California
Lassen,2021-04-05,21,7780,3,1227,11,6083,7,470,10,2246,11,2981,17,5227,California
Lassen,2021-04-06,175,7955,8,1235,137,6220,30,500,51,2203,124,3105,81,5308,California
Lassen,2021-04-07,126,8081,5,1240,87,6307,34,534,32,2177,94,3199,68,5376,California
Lassen,2021-04-08,158,8239,8,1248,98,6405,52,586,28,2131,126,3325,80,5456,California
Lassen,2021-04-09,49,8288,6,1254,9,6414,34,620,9,2133,39,3364,41,5497,California
Lassen,2021-04-10,9,8297,0,1254,2,6416,7,627,0,2132,8,3372,7,5504,California
Lassen,2021-04-11,5,8302,2,1256,0,6416,3,630,2,2134,3,3375,5,5509,California
Lassen,2021-04-12,30,8332,4,1260,13,6429,13,643,4,2125,26,3401,17,5526,California
Lassen,2021-04-13,122,8454,5,1265,117,6546,0,643,33,2070,88,3489,33,5559,California
Lassen,2021-04-14,983,9437,11,1276,972,7518,0,643,48,1184,934,4423,48,5607,California
Lassen,2021-04-15,137,9574,12,1288,125,7643,0,643,14,1075,123,4546,14,5621,California
Lassen,2021-04-16,10,9584,2,1290,8,7651,0,643,6,1077,4,4550,6,5627,California
Lassen,2021-04-17,11,9595,2,1292,9,7660,0,643,3,1072,8,4558,3,5630,California
Lassen,2021-04-18,4,9599,1,1293,3,7663,0,643,1,1070,3,4561,1,5631,California
Lassen,2021-04-19,30,9629,0,1293,30,7693,0,643,14,1068,16,4577,14,5645,California
Lassen,2021-04-20,132,9761,6,1299,126,7819,0,643,48,1032,84,4661,48,5693,California
Lassen,2021-04-21,153,9914,7,1306,146,7965,0,643,32,945,119,4780,32,5725,California
Lassen,2021-04-22,98,10012,14,1320,84,8049,0,643,31,909,67,4847,31,5756,California
Lassen,2021-04-23,22,10034,0,1320,22,8071,0,643,18,923,4,4851,18,5774,California
Lassen,2021-04-24,9,10043,5,1325,4,8075,0,643,3,920,6,4857,3,5777,California
Lassen,2021-04-25,5,10048,0,1325,4,8079,1,644,3,922,2,4859,4,5781,California
Lassen,2021-04-26,40,10088,1,1326,35,8114,4,648,8,902,32,4891,12,5793,California
Lassen,2021-04-27,115,10203,7,1333,105,8219,3,651,61,912,54,4945,64,5857,California
Lassen,2021-04-28,82,10285,6,1339,74,8293,2,653,30,892,52,4997,32,5889,California
Lassen,2021-04-29,61,10346,6,1345,52,8345,3,656,21,877,39,5036,24,5913,California
Lassen,2021-04-30,12,10358,7,1352,2,8347,3,659,3,874,9,5045,6,5919,California
Lassen,2021-05-01,4,10362,0,1352,3,8350,1,660,3,877,1,5046,4,5923,California
Lassen,2021-05-02,10,10372,6,1358,4,8354,0,660,6,879,4,5050,6,5929,California
Lassen,2021-05-03,19,10391,2,1360,10,8364,7,667,3,873,16,5066,10,5939,California
Lassen,2021-05-04,69,10460,4,1364,58,8422,7,674,19,849,50,5116,26,5965,California
Lassen,2021-05-05,80,10540,4,1368,66,8488,10,684,26,832,53,5169,36,6001,California
Lassen,2021-05-06,73,10613,20,1388,32,8520,21,705,19,818,54,5223,40,6041,California
Lassen,2021-05-07,49,10662,33,1421,11,8531,5,710,41,856,8,5231,46,6087,California
Lassen,2021-05-08,11,10673,0,1421,5,8536,6,716,4,859,7,5238,10,6097,California
Lassen,2021-05-09,2,10675,0,1421,0,8536,2,718,0,859,2,5240,2,6099,California
Lassen,2021-05-10,11,10686,1,1422,7,8543,3,721,5,861,6,5246,8,6107,California
Lassen,2021-05-11,60,10746,0,1422,52,8595,8,729,18,845,42,5288,26,6133,California
Lassen,2021-05-12,43,10789,4,1426,32,8627,7,736,13,835,30,5318,20,6153,California
Lassen,2021-05-13,29,10818,9,1435,15,8642,5,741,9,829,20,5338,14,6167,California
Lassen,2021-05-14,22,10840,4,1439,10,8652,8,749,12,839,10,5348,20,6187,California
Lassen,2021-05-15,16,10856,2,1441,4,8656,10,759,4,841,12,5360,14,6201,California
Lassen,2021-05-16,7,10863,2,1443,3,8659,2,761,2,841,4,5364,4,6205,California
Lassen,2021-05-17,35,10898,4,1447,19,8678,12,773,11,840,24,5388,23,6228,California
Lassen,2021-05-18,89,10987,10,1457,67,8745,12,785,27,817,62,5450,39,6267,California
Lassen,2021-05-19,58,11045,3,1460,44,8789,11,796,8,786,49,5499,18,6285,California
Lassen,2021-05-20,34,11079,9,1469,16,8805,9,805,13,787,21,5520,22,6307,California
Lassen,2021-05-21,63,11142,28,1497,21,8826,14,819,34,806,29,5549,48,6355,California
Lassen,2021-05-22,17,11159,2,1499,7,8833,8,827,7,811,10,5559,15,6370,California
Lassen,2021-05-23,5,11164,3,1502,1,8834,1,828,0,807,5,5564,1,6371,California
Lassen,2021-05-24,12,11176,1,1503,9,8843,2,830,6,810,5,5569,8,6379,California
Lassen,2021-05-25,93,11269,6,1509,78,8921,9,839,32,790,61,5630,41,6420,California
Lassen,2021-05-26,59,11328,0,1509,43,8964,16,855,11,769,48,5678,27,6447,California
Lassen,2021-05-27,42,11370,18,1527,18,8982,6,861,13,760,28,5706,19,6466,California
Lassen,2021-05-28,71,11441,45,1572,18,9000,8,869,29,755,42,5748,37,6503,California
Lassen,2021-05-29,15,11456,1,1573,12,9012,2,871,9,760,6,5754,11,6514,California
Lassen,2021-05-30,2,11458,0,1573,1,9013,1,872,1,761,1,5755,2,6516,California
Lassen,2021-05-31,7,11465,0,1573,6,9019,1,873,1,757,6,5761,2,6518,California
Lassen,2021-06-01,43,11508,1,1574,36,9055,6,879,16,752,27,5788,22,6540,California
Lassen,2021-06-02,54,11562,2,1576,37,9092,15,894,13,740,40,5828,28,6568,California
Lassen,2021-06-03,20,11582,3,1579,8,9100,9,903,7,743,13,5841,16,6584,California
Lassen,2021-06-04,39,11621,3,1582,26,9126,10,913,15,744,24,5865,25,6609,California
Lassen,2021-06-05,13,11634,3,1585,7,9133,3,916,4,742,9,5874,7,6616,California
Lassen,2021-06-06,6,11640,1,1586,2,9135,3,919,2,743,4,5878,5,6621,California
Lassen,2021-06-07,16,11656,0,1586,7,9142,9,928,2,740,14,5892,11,6632,California
Lassen,2021-06-08,37,11693,6,1592,28,9170,3,931,12,730,25,5917,15,6647,California
Lassen,2021-06-09,15,11708,1,1593,12,9182,2,933,5,728,9,5926,7,6654,California
Lassen,2021-06-10,14,11722,10,1603,4,9186,0,933,7,728,7,5933,7,6661,California
Los Angeles,2020-12-15,397,397,397,397,0,0,0,0,397,397,0,0,397,397,California
Los Angeles,2020-12-16,3582,3979,3582,3979,0,0,0,0,3582,3979,0,0,3582,3979,California
Los Angeles,2020-12-17,10402,14381,10402,14381,0,0,0,0,10403,14382,0,0,10403,14382,California
Los Angeles,2020-12-18,14576,28957,14553,28934,23,23,0,0,14576,28958,0,0,14576,28958,California
Los Angeles,2020-12-19,7239,36196,7230,36164,9,32,0,0,7241,36199,0,0,7241,36199,California
Los Angeles,2020-12-20,4615,40811,4607,40771,8,40,0,0,4617,40816,0,0,4617,40816,California
Los Angeles,2020-12-21,13733,54544,13716,54487,17,57,0,0,13733,54548,1,1,13733,54549,California
Los Angeles,2020-12-22,11562,66106,11168,65655,394,451,0,0,11562,66108,2,3,11562,66111,California
Los Angeles,2020-12-23,11986,78092,10210,75865,1776,2227,0,0,11986,78094,0,3,11986,78097,California
Los Angeles,2020-12-24,7053,85145,4274,80139,2779,5006,0,0,7056,85150,0,3,7056,85153,California
Los Angeles,2020-12-25,529,85674,422,80561,107,5113,0,0,529,85679,0,3,529,85682,California
Los Angeles,2020-12-26,2536,88210,2190,82751,346,5459,0,0,2535,88212,2,5,2535,88217,California
Los Angeles,2020-12-27,1773,89983,1036,83787,737,6196,0,0,1773,89985,0,5,1773,89990,California
Los Angeles,2020-12-28,10353,100336,6415,90202,3938,10134,0,0,10350,100334,1,6,10350,100340,California
Los Angeles,2020-12-29,11675,112011,6125,96327,5550,15684,0,0,11676,112010,0,6,11676,112016,California
Los Angeles,2020-12-30,14948,126959,8130,104457,6818,22502,0,0,14947,126957,0,6,14947,126963,California
Los Angeles,2020-12-31,7992,134951,2776,107233,5216,27718,0,0,7989,134944,2,8,7989,134952,California
Los Angeles,2021-01-01,1066,136017,307,107540,759,28477,0,0,1066,136010,0,8,1066,136018,California
Los Angeles,2021-01-02,4505,140522,1683,109223,2822,31299,0,0,4505,140515,0,8,4505,140523,California
Los Angeles,2021-01-03,961,141483,225,109448,736,32035,0,0,959,141472,2,10,959,141482,California
Los Angeles,2021-01-04,12734,154217,4896,114344,7838,39873,0,0,12720,154190,2,12,12720,154202,California
Los Angeles,2021-01-05,16113,170330,7116,121460,8997,48870,0,0,14197,166506,1887,1899,14203,168405,California
Los Angeles,2021-01-06,22760,193090,12122,133582,10638,59508,0,0,17101,178029,5590,7489,17113,185518,California
Los Angeles,2021-01-07,29451,222541,15844,149426,13607,73115,0,0,18876,186394,10527,18016,18892,204410,California
Los Angeles,2021-01-08,33235,255776,17960,167386,15275,88390,0,0,20947,195092,12261,30277,20959,225369,California
Los Angeles,2021-01-09,12423,268199,7109,174495,5314,93704,0,0,7535,197749,4885,35162,7542,232911,California
Los Angeles,2021-01-10,4706,272905,3650,178145,1056,94760,0,0,1967,196978,2739,37901,1968,234879,California
Los Angeles,2021-01-11,25903,298808,16299,194444,9604,104364,0,0,14934,200964,10958,48859,14944,249823,California
Los Angeles,2021-01-12,29427,328235,16238,210682,13189,117553,0,0,19267,210102,10143,59002,19281,269104,California
Los Angeles,2021-01-13,29366,357601,15671,226353,13695,131248,0,0,20376,221515,8972,67974,20385,289489,California
Los Angeles,2021-01-14,29353,386954,12732,239085,16621,147869,0,0,23805,239808,5528,73502,23821,313310,California
Los Angeles,2021-01-15,33927,420881,12393,251478,21534,169403,0,0,30337,266591,3563,77065,30346,343656,California
Los Angeles,2021-01-16,17666,438547,4992,256470,12674,182077,0,0,15873,280686,1785,78850,15880,359536,California
Los Angeles,2021-01-17,5221,443768,2330,258800,2891,184968,0,0,4974,285416,246,79096,4976,364512,California
Los Angeles,2021-01-18,15693,459461,10138,268938,5555,190523,0,0,10949,291639,4732,83828,10955,375467,California
Los Angeles,2021-01-19,38758,498219,20661,289599,18097,208620,0,0,30930,314799,7787,91615,30947,406414,California
Los Angeles,2021-01-20,46598,544817,24263,313862,22335,230955,0,0,39080,346424,7486,99101,39111,445525,California
Los Angeles,2021-01-21,49046,593863,22469,336331,26577,257532,0,0,44736,386937,4243,103344,44756,490281,California
Los Angeles,2021-01-22,48393,642256,22428,358759,25965,283497,0,0,44940,428495,3406,106750,44964,535245,California
Los Angeles,2021-01-23,34259,676515,15791,374550,18468,301965,0,0,32184,458651,2043,108793,32199,567444,California
Los Angeles,2021-01-24,15760,692275,12231,386781,3529,305494,0,0,15208,473318,544,109337,15211,582655,California
Los Angeles,2021-01-25,39598,731873,16724,403505,22874,328368,0,0,30938,495643,8629,117966,30954,613609,California
Los Angeles,2021-01-26,49879,781752,24767,428272,25112,353480,0,0,41624,529078,8220,126186,41655,655264,California
Los Angeles,2021-01-27,51366,833118,26141,454413,25225,378705,0,0,41920,561738,9305,135491,41965,697229,California
Los Angeles,2021-01-28,49239,882357,23628,478041,25611,404316,0,0,40765,594177,8352,143843,40791,738020,California
Los Angeles,2021-01-29,49931,932288,25812,503853,24119,428435,0,0,39798,624223,9778,153621,39824,777844,California
Los Angeles,2021-01-30,30544,962832,15786,519639,14758,443193,0,0,26211,646201,4252,157873,26230,804074,California
Los Angeles,2021-01-31,13165,975997,10499,530138,2666,445859,0,0,12340,657734,811,158684,12344,816418,California
Los Angeles,2021-02-01,38865,1014862,16656,546794,22209,468068,0,0,28289,675495,10539,169223,28300,844718,California
Los Angeles,2021-02-02,44864,1059726,18100,564894,26764,494832,0,0,32644,695967,12178,181401,32650,877368,California
Los Angeles,2021-02-03,52398,1112124,19692,584586,32706,527538,0,0,37474,718766,14681,196082,37480,914848,California
Los Angeles,2021-02-04,57370,1169494,20811,605397,36559,564097,0,0,39265,740250,17795,213877,39279,954127,California
Los Angeles,2021-02-05,61639,1231133,21264,626661,40375,604472,0,0,39620,758286,21595,235472,39631,993758,California
Los Angeles,2021-02-06,35838,1266971,13573,640234,22265,626737,0,0,27357,777261,8404,243876,27379,1021137,California
Los Angeles,2021-02-07,11067,1278038,8628,648862,2439,629176,0,0,8671,783559,2380,246256,8678,1029815,California
Los Angeles,2021-02-08,47397,1325435,22072,670934,25325,654501,0,0,31119,798537,16143,262399,31121,1060936,California
Los Angeles,2021-02-09,56132,1381567,24859,695793,31273,685774,0,0,28594,799685,27454,289853,28602,1089538,California
Los Angeles,2021-02-10,67132,1448699,29481,725274,37651,723425,0,0,30787,794522,35960,325813,30797,1120335,California
Los Angeles,2021-02-11,58520,1507219,31313,756587,27207,750632,0,0,28301,793059,29768,355581,28305,1148640,California
Los Angeles,2021-02-12,60034,1567253,29952,786539,30082,780714,0,0,26266,785946,33397,388978,26284,1174924,California
Los Angeles,2021-02-13,33941,1601194,19783,806322,14158,794872,0,0,15488,783109,18364,407342,15527,1190451,California
Los Angeles,2021-02-14,21836,1623030,14904,821226,6932,801804,0,0,8776,778892,12996,420338,8779,1199230,California
Los Angeles,2021-02-15,33007,1656037,16062,837288,16945,818749,0,0,18095,782147,14846,435184,18101,1217331,California
Los Angeles,2021-02-16,64552,1720589,32893,870181,31659,850408,0,0,29947,777604,34503,469687,29960,1247291,California
Los Angeles,2021-02-17,65240,1785829,34850,905031,30390,880798,0,0,26555,765677,38489,508176,26562,1273853,California
Los Angeles,2021-02-18,68953,1854782,35115,940146,33838,914636,0,0,28712,754347,40052,548228,28722,1302575,California
Los Angeles,2021-02-19,58713,1913495,36312,976458,22401,937037,0,0,28687,753130,29922,578150,28705,1331280,California
Los Angeles,2021-02-20,33206,1946701,24221,1000679,8985,946022,0,0,15929,751843,17225,595375,15938,1347218,California
Los Angeles,2021-02-21,22464,1969165,20790,1021469,1674,947696,0,0,11114,751675,11288,606663,11120,1358338,California
Los Angeles,2021-02-22,34799,2003964,25377,1046846,9422,957118,0,0,17911,752795,16806,623469,17926,1376264,California
Los Angeles,2021-02-23,55183,2059147,23882,1070728,31301,988419,0,0,21646,741039,33413,656882,21657,1397921,California
Los Angeles,2021-02-24,65272,2124419,29102,1099830,36170,1024589,0,0,28138,732242,36954,693836,28157,1426078,California
Los Angeles,2021-02-25,74446,2198865,34136,1133966,40310,1064899,0,0,38316,734607,35964,729800,38329,1464407,California
Los Angeles,2021-02-26,84021,2282886,38949,1172915,45072,1109971,0,0,47089,745029,36696,766496,47118,1511525,California
Los Angeles,2021-02-27,60559,2343445,26726,1199641,33826,1143797,7,7,30880,746431,29508,796004,30910,1542435,California
Los Angeles,2021-02-28,27099,2370544,18719,1218360,8377,1152174,3,10,18932,757322,8050,804054,18941,1561376,California
Los Angeles,2021-03-01,57374,2427918,32700,1251060,24642,1176816,32,42,34331,768850,22853,826907,34381,1595757,California
Los Angeles,2021-03-02,77908,2505826,37890,1288950,40009,1216825,9,51,49040,789191,28720,855627,49061,1644818,California
Los Angeles,2021-03-03,84986,2590812,43398,1332348,41573,1258398,15,66,53691,811809,31115,886742,53733,1698551,California
Los Angeles,2021-03-04,90910,2681722,46741,1379089,44155,1302553,14,80,57349,835820,33371,920113,57382,1755933,California
Los Angeles,2021-03-05,90136,2771858,44522,1423611,45582,1348135,32,112,60353,866659,29582,949695,60421,1816354,California
Los Angeles,2021-03-06,67444,2839302,34379,1457990,31232,1379367,1833,1945,43479,888157,23816,973511,45314,1861668,California
Los Angeles,2021-03-07,27313,2866615,20810,1478800,5668,1385035,835,2780,21130,903964,6152,979663,21959,1883627,California
Los Angeles,2021-03-08,52861,2919476,27933,1506733,22956,1407991,1972,4752,39921,933021,12833,992496,41890,1925517,California
Los Angeles,2021-03-09,81532,3001008,38749,1545482,39496,1447487,3287,8039,51914,958747,29463,1021959,55189,1980706,California
Los Angeles,2021-03-10,83195,3084203,40943,1586425,37364,1484851,4888,12927,52627,985827,30394,1052353,57474,2038180,California
Los Angeles,2021-03-11,92886,3177089,45370,1631795,40820,1525671,6696,19623,54374,1008538,38314,1090667,61025,2099205,California
Los Angeles,2021-03-12,99027,3276116,44585,1676380,40518,1566189,13924,33547,57671,1038935,41147,1131814,71544,2170749,California
Los Angeles,2021-03-13,75817,3351933,35826,1712206,28010,1594199,11981,45528,45291,1065762,30408,1162222,57235,2227984,California
Los Angeles,2021-03-14,39133,3391066,26305,1738511,10279,1604478,2549,48077,24019,1077265,15044,1177266,26547,2254531,California
Los Angeles,2021-03-15,75058,3466124,36627,1775138,32976,1637454,5455,53532,45455,1098739,29408,1206674,50882,2305413,California
Los Angeles,2021-03-16,100002,3566126,43737,1818875,50375,1687829,5890,59422,64747,1134268,35061,1241735,70590,2376003,California
Los Angeles,2021-03-17,97319,3663445,44114,1862989,44881,1732710,8324,67746,65091,1175532,32016,1273751,73280,2449283,California
Los Angeles,2021-03-18,101979,3765424,48763,1911752,47878,1780588,5338,73084,64710,1208588,36973,1310724,70029,2519312,California
Los Angeles,2021-03-19,109263,3874687,56985,1968737,47494,1828082,4784,77868,67327,1238991,41658,1352382,72061,2591373,California
Los Angeles,2021-03-20,76424,3951111,37765,2006502,34073,1862155,4586,82454,51860,1271049,24371,1376753,56429,2647802,California
Los Angeles,2021-03-21,34658,3985769,25769,2032271,7987,1870142,902,83356,22232,1281879,12302,1389055,23132,2670934,California
Los Angeles,2021-03-22,70909,4056678,41635,2073906,27101,1897243,2173,85529,49739,1312883,20902,1409957,51906,2722840,California
Los Angeles,2021-03-23,96461,4153139,52154,2126060,41061,1938304,3246,88775,58377,1336680,37811,1447768,61608,2784448,California
Los Angeles,2021-03-24,105094,4258233,55738,2181798,46188,1984492,3168,91943,60825,1356716,43942,1491710,63978,2848426,California
Los Angeles,2021-03-25,110742,4368975,59307,2241105,47527,2032019,3908,95851,62205,1374576,48232,1539942,66092,2914518,California
Los Angeles,2021-03-26,115387,4484362,63252,2304357,47953,2079972,4182,100033,63622,1390876,51474,1591416,67774,2982292,California
Los Angeles,2021-03-27,83655,4568017,44034,2348391,37486,2117458,2135,102168,42708,1395035,40679,1632095,44838,3027130,California
Los Angeles,2021-03-28,42233,4610250,28647,2377038,13001,2130459,585,102753,20064,1393655,22027,1654122,20647,3047777,California
Los Angeles,2021-03-29,83109,4693359,46728,2423766,34608,2165067,1773,104526,46122,1404775,36771,1690893,47891,3095668,California
Los Angeles,2021-03-30,109001,4802360,51955,2475721,51102,2216169,5944,110470,56941,1415804,51819,1742712,62848,3158516,California
Los Angeles,2021-03-31,122748,4925108,62028,2537749,51886,2268055,8834,119304,68625,1439402,53804,1796516,77402,3235918,California
Los Angeles,2021-04-01,133534,5058642,62433,2600182,55661,2323716,15440,134744,72017,1465610,61168,1857684,87376,3323294,California
Los Angeles,2021-04-02,132414,5191056,58971,2659153,57874,2381590,15569,150313,70448,1489958,61618,1919302,85966,3409260,California
Los Angeles,2021-04-03,98703,5289759,45197,2704350,39854,2421444,13652,163965,48531,1502096,49977,1969279,62115,3471375,California
Los Angeles,2021-04-04,39241,5329000,20537,2724887,12066,2433510,6638,170603,16378,1502292,22779,1992058,22975,3494350,California
Los Angeles,2021-04-05,94051,5423051,44472,2769359,39269,2472779,10310,180913,44576,1507847,49259,2041317,54814,3549164,California
Los Angeles,2021-04-06,121298,5544349,57080,2826439,43859,2516638,20359,201272,55592,1518245,65443,2106760,75841,3625005,California
Los Angeles,2021-04-07,120461,5664810,54546,2880985,44697,2561335,21218,222490,54460,1528075,65733,2172493,75563,3700568,California
Los Angeles,2021-04-08,133198,5798008,58448,2939433,50570,2611905,24180,246670,60184,1539593,72696,2245189,84214,3784782,California
Los Angeles,2021-04-09,131873,5929881,56920,2996353,50915,2662820,24038,270708,56531,1545007,75031,2320220,80445,3865227,California
Los Angeles,2021-04-10,101799,6031680,43007,3039360,34637,2697457,24155,294863,37269,1542029,64278,2384498,61300,3926527,California
Los Angeles,2021-04-11,41915,6073595,22644,3062004,9746,2707203,9525,304388,14305,1538286,27524,2412022,23781,3950308,California
Los Angeles,2021-04-12,79268,6152863,38681,3100685,34181,2741384,6406,310794,32458,1530576,46597,2458619,38887,3989195,California
Los Angeles,2021-04-13,117849,6270712,59194,3159879,58219,2799603,436,311230,62191,1537885,55405,2514024,62714,4051909,California
Los Angeles,2021-04-14,119409,6390121,59510,3219389,59766,2859369,133,311363,64759,1548521,54372,2568396,65008,4116917,California
Los Angeles,2021-04-15,130535,6520656,70403,3289792,59939,2919308,193,311556,74843,1568105,55403,2623799,74987,4191904,California
Los Angeles,2021-04-16,130270,6650926,68647,3358439,61479,2980787,144,311700,68544,1575293,61435,2685234,68623,4260527,California
Los Angeles,2021-04-17,98401,6749327,51429,3409868,46943,3027730,29,311729,56143,1589430,42033,2727267,56170,4316697,California
Los Angeles,2021-04-18,34128,6783455,22617,3432485,11510,3039240,1,311730,18665,1592718,15383,2742650,18671,4335368,California
Los Angeles,2021-04-19,74986,6858441,39726,3472211,35247,3074487,13,311743,33290,1584537,41493,2784143,33312,4368680,California
Los Angeles,2021-04-20,103034,6961475,50118,3522329,52893,3127380,23,311766,51178,1584132,51608,2835751,51203,4419883,California
Los Angeles,2021-04-21,109661,7071136,52429,3574758,57043,3184423,189,311955,48318,1571627,61011,2896762,48506,4468389,California
Los Angeles,2021-04-22,116432,7187568,59650,3634408,56749,3241172,33,311988,51311,1558179,64796,2961558,51348,4519737,California
Los Angeles,2021-04-23,114566,7302134,62491,3696899,52054,3293226,21,312009,54311,1552558,59951,3021509,54330,4574067,California
Los Angeles,2021-04-24,90263,7392397,57401,3754300,32825,3326051,37,312046,50472,1563519,39557,3061066,50518,4624585,California
Los Angeles,2021-04-25,37792,7430189,25028,3779328,12758,3338809,6,312052,20356,1566551,17329,3078395,20361,4644946,California
Los Angeles,2021-04-26,77692,7507881,40140,3819468,37046,3375855,506,312558,38428,1566435,39044,3117439,38928,4683874,California
Los Angeles,2021-04-27,92798,7600679,44340,3863808,46488,3422343,1970,314528,35374,1546629,57139,3174578,37333,4721207,California
Los Angeles,2021-04-28,86198,7686877,41117,3904925,42989,3465332,2092,316620,34056,1530953,51812,3226390,36136,4757343,California
Los Angeles,2021-04-29,91498,7778375,45225,3950150,44101,3509433,2172,318792,32417,1506835,58696,3285086,34578,4791921,California
Los Angeles,2021-04-30,99306,7877681,48995,3999145,47892,3557325,2419,321211,35805,1481974,63067,3348153,38206,4830127,California
Los Angeles,2021-05-01,75340,7953021,42133,4041278,31695,3589020,1512,322723,28360,1465162,46676,3394829,29864,4859991,California
Los Angeles,2021-05-02,27977,7980998,17957,4059235,9285,3598305,735,323458,10127,1458285,17735,3412564,10858,4870849,California
Los Angeles,2021-05-03,61297,8042295,29823,4089058,29304,3627609,2170,325628,21895,1443184,39152,3451716,24051,4894900,California
Los Angeles,2021-05-04,85644,8127939,47127,4136185,36273,3663882,2244,327872,26352,1412780,58982,3510698,28578,4923478,California
Los Angeles,2021-05-05,88643,8216582,51453,4187638,34848,3698730,2342,330214,24382,1375559,63932,3574630,26711,4950189,California
Los Angeles,2021-05-06,96357,8312939,57860,4245498,35989,3734719,2508,332722,23016,1328104,72961,3647591,25506,4975695,California
Los Angeles,2021-05-07,95624,8408563,56840,4302338,36442,3771161,2342,335064,26120,1287383,69156,3716747,28435,5004130,California
Los Angeles,2021-05-08,63733,8472296,42075,4344413,20042,3791203,1616,336680,17376,1260314,46049,3762796,18980,5023110,California
Los Angeles,2021-05-09,23719,8496015,18041,4362454,4937,3796140,741,337421,6047,1249520,17575,3780371,6781,5029891,California
Los Angeles,2021-05-10,48732,8544747,25604,4388058,21266,3817406,1862,339283,14771,1232404,33738,3814109,16622,5046513,California
Los Angeles,2021-05-11,68620,8613367,36688,4424746,29820,3847226,2112,341395,17784,1201694,50580,3864689,19870,5066383,California
Los Angeles,2021-05-12,70454,8683821,38190,4462936,29991,3877217,2273,343668,20450,1174690,49702,3914391,22698,5089081,California
Los Angeles,2021-05-13,74978,8758799,45328,4508264,27962,3905179,1688,345356,27199,1156158,47401,3961792,28869,5117950,California
Los Angeles,2021-05-14,86878,8845677,55072,4563336,29991,3935170,1815,347171,32792,1136993,53761,4015553,34596,5152546,California
Los Angeles,2021-05-15,73802,8919479,52154,4615490,20154,3955324,1494,348665,28390,1121721,45145,4060698,29873,5182419,California
Los Angeles,2021-05-16,30460,8949939,24085,4639575,5770,3961094,605,349270,12013,1115984,18352,4079050,12615,5195034,California
Los Angeles,2021-05-17,61226,9011165,39899,4679474,19586,3980680,1741,351011,25103,1106917,35890,4114940,26823,5221857,California
Los Angeles,2021-05-18,64343,9075508,38144,4717618,24414,4005094,1785,352796,25870,1096368,38203,4153143,27654,5249511,California
Los Angeles,2021-05-19,67025,9142533,40458,4758076,24744,4029838,1823,354619,29317,1090047,37445,4190588,31124,5280635,California
Los Angeles,2021-05-20,65499,9208032,36595,4794671,26841,4056679,2063,356682,25352,1077665,39794,4230382,27412,5308047,California
Los Angeles,2021-05-21,69352,9277384,42143,4836814,25158,4081837,2051,358733,27682,1066079,41315,4271697,29729,5337776,California
Los Angeles,2021-05-22,56678,9334062,37009,4873823,18028,4099865,1641,360374,23011,1057278,33445,4305142,24644,5362420,California
Los Angeles,2021-05-23,23259,9357321,16020,4889843,6409,4106274,830,361204,10378,1055711,12770,4317912,11203,5373623,California
Los Angeles,2021-05-24,48041,9405362,26365,4916208,19837,4126111,1839,363043,18164,1046044,29659,4347571,19992,5393615,California
Los Angeles,2021-05-25,49373,9454735,28620,4944828,18996,4145107,1757,364800,19274,1037209,29858,4377429,21023,5414638,California
Los Angeles,2021-05-26,46609,9501344,26378,4971206,18420,4163527,1811,366611,19816,1032339,26378,4403807,21508,5436146,California
Los Angeles,2021-05-27,45040,9546384,25138,4996344,18031,4181558,1871,368482,18971,1027301,25834,4429641,20796,5456942,California
Los Angeles,2021-05-28,51603,9597987,29317,5025661,20417,4201975,1869,370351,23194,1024219,28131,4457772,25049,5481991,California
Los Angeles,2021-05-29,30174,9628161,17455,5043116,11684,4213659,1035,371386,14228,1023712,15759,4473531,15252,5497243,California
Los Angeles,2021-05-30,12442,9640603,8181,5051297,3536,4217195,725,372111,5929,1023897,6463,4479994,6648,5503891,California
Los Angeles,2021-05-31,5993,9646596,3713,5055010,1975,4219170,305,372416,1710,1021680,4229,4484223,2012,5505903,California
Los Angeles,2021-06-01,45731,9692327,25632,5080642,18543,4237713,1556,373972,17715,1013246,27682,4511905,19248,5525151,California
Los Angeles,2021-06-02,38084,9730411,22089,5102731,14553,4252266,1442,375414,15315,1007498,22481,4534386,16733,5541884,California
Los Angeles,2021-06-03,42383,9772794,28008,5130739,12804,4265070,1571,376985,15298,997517,26814,4561200,16833,5558717,California
Los Angeles,2021-06-04,51200,9823994,34634,5165373,14922,4279992,1644,378629,17213,982692,33659,4594859,18834,5577551,California
Los Angeles,2021-06-05,41790,9865784,30090,5195463,10348,4290340,1352,379981,12829,968076,28779,4623638,14163,5591714,California
Los Angeles,2021-06-06,14503,9880287,11967,5207430,1816,4292156,720,380701,4040,962438,10392,4634030,4754,5596468,California
Los Angeles,2021-06-07,36103,9916390,25848,5233278,8817,4300973,1438,382139,11683,951301,24239,4658269,13102,5609570,California
Los Angeles,2021-06-08,37370,9953760,25791,5259069,10043,4311016,1536,383675,12736,941191,24365,4682634,14255,5623825,California
Los Angeles,2021-06-09,29713,9983473,21279,5280348,7268,4318284,1166,384841,8105,929037,21403,4704037,9249,5633074,California
Los Angeles,2021-06-10,16735,10000208,12250,5292598,3718,4322002,767,385608,5016,923227,11581,4715618,5771,5638845,California
Madera,2020-12-16,21,21,21,21,0,0,0,0,21,21,0,0,21,21,California
Madera,2020-12-17,13,34,13,34,0,0,0,0,13,34,0,0,13,34,California
Madera,2020-12-18,60,94,60,94,0,0,0,0,60,94,0,0,60,94,California
Madera,2020-12-19,5,99,5,99,0,0,0,0,5,99,0,0,5,99,California
Madera,2020-12-20,14,113,14,113,0,0,0,0,14,113,0,0,14,113,California
Madera,2020-12-21,60,173,60,173,0,0,0,0,60,173,0,0,60,173,California
Madera,2020-12-22,95,268,93,266,2,2,0,0,95,268,0,0,95,268,California
Madera,2020-12-23,68,336,68,334,0,2,0,0,68,336,0,0,68,336,California
Madera,2020-12-24,43,379,38,372,5,7,0,0,43,379,0,0,43,379,California
Madera,2020-12-26,27,406,26,398,1,8,0,0,27,406,0,0,27,406,California
Madera,2020-12-27,29,435,12,410,17,25,0,0,29,435,0,0,29,435,California
Madera,2020-12-28,107,542,36,446,71,96,0,0,107,542,0,0,107,542,California
Madera,2020-12-29,173,715,37,483,136,232,0,0,173,715,0,0,173,715,California
Madera,2020-12-30,223,938,87,570,136,368,0,0,223,938,0,0,223,938,California
Madera,2020-12-31,202,1140,80,650,122,490,0,0,202,1140,0,0,202,1140,California
Madera,2021-01-01,2,1142,1,651,1,491,0,0,2,1142,0,0,2,1142,California
Madera,2021-01-02,88,1230,33,684,55,546,0,0,88,1230,0,0,88,1230,California
Madera,2021-01-03,4,1234,4,688,0,546,0,0,4,1234,0,0,4,1234,California
Madera,2021-01-04,129,1363,65,753,64,610,0,0,129,1363,0,0,129,1363,California
Madera,2021-01-05,280,1643,143,896,137,747,0,0,276,1635,4,4,276,1639,California
Madera,2021-01-06,183,1826,26,922,157,904,0,0,164,1780,19,23,164,1803,California
Madera,2021-01-07,399,2225,116,1038,283,1187,0,0,376,2134,23,46,377,2180,California
Madera,2021-01-08,421,2646,72,1110,349,1536,0,0,366,2447,54,100,367,2547,California
Madera,2021-01-09,36,2682,14,1124,22,1558,0,0,27,2465,9,109,27,2574,California
Madera,2021-01-10,17,2699,14,1138,3,1561,0,0,5,2458,12,121,5,2579,California
Madera,2021-01-11,240,2939,192,1330,48,1609,0,0,199,2616,41,162,199,2778,California
Madera,2021-01-12,390,3329,159,1489,231,1840,0,0,285,2796,105,267,285,3063,California
Madera,2021-01-13,182,3511,90,1579,92,1932,0,0,127,2869,55,322,128,3191,California
Madera,2021-01-14,553,4064,80,1659,473,2405,0,0,521,3358,32,354,521,3712,California
Madera,2021-01-15,598,4662,159,1818,439,2844,0,0,577,3914,21,375,577,4289,California
Madera,2021-01-16,385,5047,49,1867,336,3180,0,0,357,4243,28,403,357,4646,California
Madera,2021-01-17,337,5384,15,1882,322,3502,0,0,333,4572,4,407,333,4979,California
Madera,2021-01-18,78,5462,62,1944,16,3518,0,0,59,4613,18,425,59,5038,California
Madera,2021-01-19,573,6035,136,2080,437,3955,0,0,546,5133,27,452,547,5585,California
Madera,2021-01-20,237,6272,80,2160,157,4112,0,0,209,5315,27,479,209,5794,California
Madera,2021-01-21,237,6509,128,2288,109,4221,0,0,203,5486,32,511,203,5997,California
Madera,2021-01-22,256,6765,81,2369,175,4396,0,0,241,5712,15,526,241,6238,California
Madera,2021-01-23,102,6867,54,2423,48,4444,0,0,78,5766,24,550,78,6316,California
Madera,2021-01-24,99,6966,81,2504,18,4462,0,0,78,5823,21,571,78,6394,California
Madera,2021-01-25,269,7235,126,2630,143,4605,0,0,147,5848,122,693,147,6541,California
Madera,2021-01-26,491,7726,189,2819,302,4907,0,0,300,5959,190,883,301,6842,California
Madera,2021-01-27,741,8467,63,2882,678,5585,0,0,604,6428,137,1020,606,7448,California
Madera,2021-01-28,547,9014,108,2990,439,6024,0,0,442,6766,105,1125,443,7891,California
Madera,2021-01-29,467,9481,94,3084,373,6397,0,0,412,7123,55,1180,412,8303,California
Madera,2021-01-30,504,9985,16,3100,488,6885,0,0,451,7521,53,1233,451,8754,California
Madera,2021-01-31,9,9994,6,3106,3,6888,0,0,8,7528,1,1234,8,8762,California
Madera,2021-02-01,333,10327,147,3253,186,7074,0,0,207,7609,126,1360,207,8969,California
Madera,2021-02-02,257,10584,89,3342,168,7242,0,0,162,7678,94,1454,163,9132,California
Madera,2021-02-03,597,11181,462,3804,135,7377,0,0,477,8038,118,1572,478,9610,California
Madera,2021-02-04,394,11575,126,3930,268,7645,0,0,116,7878,277,1849,117,9727,California
Madera,2021-02-05,976,12551,298,4228,678,8323,0,0,371,7651,599,2448,372,10099,California
Madera,2021-02-06,364,12915,330,4558,34,8357,0,0,324,7936,39,2487,324,10423,California
Madera,2021-02-07,34,12949,6,4564,28,8385,0,0,29,7960,5,2492,29,10452,California
Madera,2021-02-08,387,13336,311,4875,76,8461,0,0,270,8114,116,2608,270,10722,California
Madera,2021-02-09,481,13817,118,4993,363,8824,0,0,198,8033,280,2888,199,10921,California
Madera,2021-02-10,436,14253,148,5141,288,9112,0,0,332,8261,104,2992,332,11253,California
Madera,2021-02-11,937,15190,308,5449,629,9741,0,0,406,8138,530,3522,407,11660,California
Madera,2021-02-12,839,16029,117,5566,722,10463,0,0,311,7930,522,4044,314,11974,California
Madera,2021-02-13,485,16514,44,5610,441,10904,0,0,137,7723,347,4391,140,12114,California
Madera,2021-02-14,400,16914,74,5684,326,11230,0,0,135,7594,265,4656,136,12250,California
Madera,2021-02-15,246,17160,100,5784,146,11376,0,0,175,7699,70,4726,175,12425,California
Madera,2021-02-16,780,17940,182,5966,598,11974,0,0,231,7384,547,5273,232,12657,California
Madera,2021-02-17,613,18553,276,6242,337,12311,0,0,341,7462,265,5538,343,13000,California
Madera,2021-02-18,1301,19854,537,6779,764,13075,0,0,1122,8407,178,5716,1123,14123,California
Madera,2021-02-19,859,20713,542,7321,317,13392,0,0,717,8983,142,5858,718,14841,California
Madera,2021-02-20,1076,21789,985,8306,91,13483,0,0,1003,9915,72,5930,1004,15845,California
Madera,2021-02-21,963,22752,820,9126,143,13626,0,0,958,10868,5,5935,958,16803,California
Madera,2021-02-22,915,23667,837,9963,78,13704,0,0,858,11669,57,5992,858,17661,California
Madera,2021-02-23,773,24440,500,10463,273,13977,0,0,545,11989,225,6217,545,18206,California
Madera,2021-02-24,915,25355,302,10765,613,14590,0,0,383,11841,531,6748,383,18589,California
Madera,2021-02-25,1035,26390,317,11082,718,15308,0,0,599,12006,434,7182,599,19188,California
Madera,2021-02-26,1082,27472,198,11280,884,16192,0,0,701,12328,379,7561,701,19889,California
Madera,2021-02-27,900,28372,265,11545,635,16827,0,0,474,12382,423,7984,477,20366,California
Madera,2021-02-28,194,28566,29,11574,165,16992,0,0,189,12566,5,7989,189,20555,California
Madera,2021-03-01,380,28946,121,11695,259,17251,0,0,197,12582,181,8170,197,20752,California
Madera,2021-03-02,753,29699,350,12045,403,17654,0,0,639,13110,113,8283,641,21393,California
Madera,2021-03-03,1352,31051,724,12769,628,18282,0,0,945,13677,404,8687,971,22364,California
Madera,2021-03-04,1207,32258,529,13298,678,18960,0,0,953,14378,255,8942,956,23320,California
Madera,2021-03-05,1366,33624,421,13719,932,19892,13,13,1086,15210,278,9220,1110,24430,California
Madera,2021-03-06,823,34447,640,14359,151,20043,32,45,503,15427,319,9539,536,24966,California
Madera,2021-03-07,154,34601,27,14386,105,20148,22,67,105,15505,49,9588,127,25093,California
Madera,2021-03-08,605,35206,337,14723,209,20357,59,126,310,15581,295,9883,371,25464,California
Madera,2021-03-09,600,35806,296,15019,270,20627,34,160,410,15845,188,10071,452,25916,California
Madera,2021-03-10,1193,36999,560,15579,554,21181,79,239,758,16253,430,10501,838,26754,California
Madera,2021-03-11,1686,38685,866,16445,491,21672,329,568,771,16451,913,11414,1111,27865,California
Madera,2021-03-12,1577,40262,814,17259,609,22281,154,722,798,16655,777,12191,981,28846,California
Madera,2021-03-13,1884,42146,1330,18589,358,22639,196,918,816,16618,1065,13256,1028,29874,California
Madera,2021-03-14,587,42733,450,19039,104,22743,33,951,295,16657,289,13545,328,30202,California
Madera,2021-03-15,743,43476,228,19267,469,23212,46,997,517,17025,223,13768,591,30793,California
Madera,2021-03-16,933,44409,527,19794,359,23571,47,1044,742,17643,188,13956,806,31599,California
Madera,2021-03-17,1468,45877,982,20776,423,23994,63,1107,912,18159,547,14503,1063,32662,California
Madera,2021-03-18,1957,47834,684,21460,1207,25201,66,1173,978,18312,974,15477,1127,33789,California
Madera,2021-03-19,1587,49421,588,22048,919,26120,80,1253,1046,18968,537,16014,1193,34982,California
Madera,2021-03-20,1189,50610,777,22825,359,26479,53,1306,621,19123,566,16580,721,35703,California
Madera,2021-03-21,1105,51715,903,23728,157,26636,45,1351,383,18833,719,17299,429,36132,California
Madera,2021-03-22,1364,53079,857,24585,441,27077,66,1417,691,18962,670,17969,799,36931,California
Madera,2021-03-23,1419,54498,864,25449,467,27544,88,1505,676,19068,741,18710,847,37778,California
Madera,2021-03-24,955,55453,514,25963,409,27953,32,1537,618,19388,334,19044,654,38432,California
Madera,2021-03-25,1173,56626,532,26495,617,28570,24,1561,647,19556,516,19560,684,39116,California
Madera,2021-03-26,1514,58140,578,27073,802,29372,134,1695,712,19607,798,20358,849,39965,California
Madera,2021-03-27,927,59067,603,27676,301,29673,23,1718,415,19538,508,20866,439,40404,California
Madera,2021-03-28,440,59507,151,27827,228,29901,61,1779,246,19705,193,21059,360,40764,California
Madera,2021-03-29,695,60202,183,28010,482,30383,30,1809,499,20046,192,21251,533,41297,California
Madera,2021-03-30,1075,61277,605,28615,439,30822,31,1840,481,19968,591,21842,513,41810,California
Madera,2021-03-31,1391,62668,545,29160,717,31539,129,1969,429,19572,956,22798,560,42370,California
Madera,2021-04-01,1388,64056,622,29782,715,32254,51,2020,484,19212,894,23692,534,42904,California
Madera,2021-04-02,1609,65665,460,30242,1090,33344,59,2079,480,18634,1118,24810,540,43444,California
Madera,2021-04-03,960,66625,762,31004,179,33523,19,2098,393,18491,565,25375,422,43866,California
Madera,2021-04-04,187,66812,65,31069,120,33643,2,2100,87,18480,100,25475,89,43955,California
Madera,2021-04-05,741,67553,257,31326,425,34068,59,2159,342,18497,398,25873,415,44370,California
Madera,2021-04-06,1714,69267,892,32218,467,34535,355,2514,536,18212,1176,27049,891,45261,California
Madera,2021-04-07,1224,70491,379,32597,697,35232,148,2662,425,17995,796,27845,579,45840,California
Madera,2021-04-08,1732,72223,669,33266,802,36034,261,2923,560,17657,1165,29010,827,46667,California
Madera,2021-04-09,1641,73864,691,33957,801,36835,149,3072,945,18066,691,29701,1100,47767,California
Madera,2021-04-10,979,74843,685,34642,226,37061,68,3140,713,18583,267,29968,784,48551,California
Madera,2021-04-11,812,75655,657,35299,76,37137,79,3219,289,18429,520,30488,366,48917,California
Madera,2021-04-12,779,76434,269,35568,435,37572,75,3294,300,18326,479,30967,376,49293,California
Madera,2021-04-13,1238,77672,609,36177,587,38159,42,3336,719,18579,517,31484,770,50063,California
Madera,2021-04-14,1387,79059,857,37034,530,38689,0,3336,570,18338,817,32301,576,50639,California
Madera,2021-04-15,1167,80226,503,37537,663,39352,1,3337,422,18034,733,33034,429,51068,California
Madera,2021-04-16,1312,81538,532,38069,780,40132,0,3337,361,17457,939,33973,362,51430,California
Madera,2021-04-17,1277,82815,1073,39142,204,40336,0,3337,760,17702,515,34488,760,52190,California
Madera,2021-04-18,245,83060,206,39348,39,40375,0,3337,87,17633,156,34644,87,52277,California
Madera,2021-04-19,808,83868,239,39587,568,40943,1,3338,278,17387,524,35168,278,52555,California
Madera,2021-04-20,871,84739,426,40013,445,41388,0,3338,216,16953,652,35820,218,52773,California
Madera,2021-04-21,859,85598,454,40467,405,41793,0,3338,290,16676,569,36389,292,53065,California
Madera,2021-04-22,1074,86672,511,40978,563,42356,0,3338,372,16351,698,37087,373,53438,California
Madera,2021-04-23,963,87635,307,41285,656,43012,0,3338,334,16061,624,37711,334,53772,California
Madera,2021-04-24,707,88342,466,41751,241,43253,0,3338,248,15855,455,38166,249,54021,California
Madera,2021-04-25,267,88609,160,41911,104,43357,3,3341,118,15832,145,38311,122,54143,California
Madera,2021-04-26,560,89169,101,42012,453,43810,6,3347,131,15543,426,38737,137,54280,California
Madera,2021-04-27,623,89792,276,42288,322,44132,25,3372,313,15573,309,39046,339,54619,California
Madera,2021-04-28,498,90290,197,42485,282,44414,19,3391,243,15581,253,39299,261,54880,California
Madera,2021-04-29,550,90840,244,42729,278,44692,28,3419,258,15582,285,39584,286,55166,California
Madera,2021-04-30,937,91777,506,43235,415,45107,16,3435,268,15203,663,40247,284,55450,California
Madera,2021-05-01,965,92742,868,44103,84,45191,13,3448,388,15028,576,40823,401,55851,California
Madera,2021-05-02,398,93140,351,44454,43,45234,4,3452,145,14924,253,41076,149,56000,California
Madera,2021-05-03,498,93638,197,44651,261,45495,40,3492,100,14669,395,41471,140,56140,California
Madera,2021-05-04,902,94540,433,45084,425,45920,44,3536,213,14237,689,42160,257,56397,California
Madera,2021-05-05,1011,95551,477,45561,473,46393,61,3597,280,13850,728,42888,341,56738,California
Madera,2021-05-06,697,96248,247,45808,419,46812,31,3628,153,13495,539,43427,184,56922,California
Madera,2021-05-07,806,97054,277,46085,508,47320,21,3649,195,13105,605,44032,215,57137,California
Madera,2021-05-08,969,98023,757,46842,201,47521,11,3660,185,12518,783,44815,196,57333,California
Madera,2021-05-09,146,98169,20,46862,115,47636,11,3671,35,12455,109,44924,46,57379,California
Madera,2021-05-10,359,98528,73,46935,274,47910,12,3683,99,12307,259,45183,111,57490,California
Madera,2021-05-11,533,99061,179,47114,345,48255,9,3692,175,12135,356,45539,184,57674,California
Madera,2021-05-12,507,99568,230,47344,241,48496,36,3728,128,11922,377,45916,164,57838,California
Madera,2021-05-13,509,100077,307,47651,169,48665,33,3761,178,11804,329,46245,211,58049,California
Madera,2021-05-14,527,100604,265,47916,238,48903,24,3785,234,11772,290,46535,258,58307,California
Madera,2021-05-15,561,101165,476,48392,77,48980,8,3793,363,11947,196,46731,371,58678,California
Madera,2021-05-16,255,101420,186,48578,37,49017,32,3825,104,11932,151,46882,136,58814,California
Madera,2021-05-17,453,101873,188,48766,236,49253,29,3854,207,11925,243,47125,236,59050,California
Madera,2021-05-18,546,102419,365,49131,158,49411,23,3877,287,11980,255,47380,310,59360,California
Madera,2021-05-19,486,102905,225,49356,239,49650,22,3899,215,11947,270,47650,237,59597,California
Madera,2021-05-20,591,103496,271,49627,282,49932,38,3937,233,11867,351,48001,271,59868,California
Madera,2021-05-21,495,103991,186,49813,282,50214,27,3964,187,11779,302,48303,214,60082,California
Madera,2021-05-22,908,104899,822,50635,73,50287,13,3977,535,11955,372,48675,548,60630,California
Madera,2021-05-23,265,105164,237,50872,18,50305,10,3987,140,11981,124,48799,150,60780,California
Madera,2021-05-24,300,105464,135,51007,124,50429,41,4028,116,11955,183,48982,157,60937,California
Madera,2021-05-25,380,105844,167,51174,180,50609,33,4061,153,11916,225,49207,186,61123,California
Madera,2021-05-26,442,106286,257,51431,163,50772,22,4083,236,11970,204,49411,258,61381,California
Madera,2021-05-27,378,106664,136,51567,204,50976,38,4121,135,11904,239,49650,173,61554,California
Madera,2021-05-28,448,107112,174,51741,246,51222,28,4149,180,11846,266,49916,208,61762,California
Madera,2021-05-29,306,107418,215,51956,73,51295,18,4167,167,11892,139,50055,185,61947,California
Madera,2021-05-30,62,107480,27,51983,31,51326,4,4171,29,11893,32,50087,33,61980,California
Madera,2021-05-31,26,107506,9,51992,13,51339,4,4175,12,11895,14,50101,16,61996,California
Madera,2021-06-01,287,107793,144,52136,120,51459,23,4198,108,11848,178,50279,131,62127,California
Madera,2021-06-02,382,108175,126,52262,233,51692,23,4221,116,11722,265,50544,139,62266,California
Madera,2021-06-03,275,108450,150,52412,111,51803,14,4235,90,11641,185,50729,104,62370,California
Madera,2021-06-04,358,108808,220,52632,126,51929,12,4247,129,11553,229,50958,141,62511,California
Madera,2021-06-05,509,109317,381,53013,115,52044,13,4260,146,11354,358,51316,159,62670,California
Madera,2021-06-06,136,109453,114,53127,14,52058,8,4268,39,11304,97,51413,47,62717,California
Madera,2021-06-07,244,109697,152,53279,73,52131,19,4287,41,11161,203,51616,60,62777,California
Madera,2021-06-08,384,110081,275,53554,86,52217,23,4310,100,11000,284,51900,123,62900,California
Madera,2021-06-09,340,110421,225,53779,90,52307,25,4335,132,10950,207,52107,157,63057,California
Madera,2021-06-10,196,110617,98,53877,86,52393,12,4347,73,10914,121,52228,85,63142,California
Marin,2020-12-15,2,2,2,2,0,0,0,0,2,2,0,0,2,2,California
Marin,2020-12-16,109,111,109,111,0,0,0,0,109,111,0,0,109,111,California
Marin,2020-12-17,272,383,272,383,0,0,0,0,272,383,0,0,272,383,California
Marin,2020-12-18,386,769,386,769,0,0,0,0,386,769,0,0,386,769,California
Marin,2020-12-19,348,1117,347,1116,1,1,0,0,348,1117,0,0,348,1117,California
Marin,2020-12-20,165,1282,164,1280,1,2,0,0,165,1282,0,0,165,1282,California
Marin,2020-12-21,238,1520,235,1515,3,5,0,0,238,1520,0,0,238,1520,California
Marin,2020-12-22,521,2041,317,1832,204,209,0,0,521,2041,0,0,521,2041,California
Marin,2020-12-23,735,2776,323,2155,412,621,0,0,735,2776,0,0,735,2776,California
Marin,2020-12-24,359,3135,159,2314,200,821,0,0,359,3135,0,0,359,3135,California
Marin,2020-12-25,26,3161,0,2314,26,847,0,0,26,3161,0,0,26,3161,California
Marin,2020-12-26,143,3304,94,2408,49,896,0,0,143,3304,0,0,143,3304,California
Marin,2020-12-27,90,3394,54,2462,36,932,0,0,90,3394,0,0,90,3394,California
Marin,2020-12-28,409,3803,99,2561,310,1242,0,0,409,3803,0,0,409,3803,California
Marin,2020-12-29,403,4206,87,2648,316,1558,0,0,404,4207,0,0,404,4207,California
Marin,2020-12-30,628,4834,388,3036,240,1798,0,0,628,4835,0,0,628,4835,California
Marin,2020-12-31,201,5035,35,3071,166,1964,0,0,201,5036,0,0,201,5036,California
Marin,2021-01-01,24,5059,12,3083,12,1976,0,0,24,5060,0,0,24,5060,California
Marin,2021-01-02,113,5172,107,3190,6,1982,0,0,113,5173,0,0,113,5173,California
Marin,2021-01-03,49,5221,31,3221,18,2000,0,0,45,5218,0,0,45,5218,California
Marin,2021-01-04,295,5516,192,3413,103,2103,0,0,294,5511,1,1,294,5512,California
Marin,2021-01-05,366,5882,219,3632,147,2250,0,0,323,5791,43,44,323,5835,California
Marin,2021-01-06,814,6696,316,3948,498,2748,0,0,634,6245,180,224,634,6469,California
Marin,2021-01-07,885,7581,499,4447,386,3134,0,0,528,6416,357,581,528,6997,California
Marin,2021-01-08,966,8547,510,4957,456,3590,0,0,583,6617,382,963,583,7580,California
Marin,2021-01-09,622,9169,223,5180,399,3989,0,0,490,6975,132,1095,490,8070,California
Marin,2021-01-10,129,9298,100,5280,29,4018,0,0,55,6956,74,1169,55,8125,California
Marin,2021-01-11,467,9765,325,5605,142,4160,0,0,246,6984,221,1390,249,8374,California
Marin,2021-01-12,940,10705,545,6150,395,4555,0,0,570,7187,367,1757,570,8944,California
Marin,2021-01-13,1177,11882,496,6646,681,5236,0,0,940,7890,237,1994,940,9884,California
Marin,2021-01-14,1070,12952,318,6964,752,5988,0,0,919,8660,149,2143,919,10803,California
Marin,2021-01-15,1154,14106,351,7315,803,6791,0,0,1024,9557,129,2272,1026,11829,California
Marin,2021-01-16,1123,15229,915,8230,208,6999,0,0,1048,10530,75,2347,1048,12877,California
Marin,2021-01-17,1232,16461,1113,9343,119,7118,0,0,1203,11708,28,2375,1206,14083,California
Marin,2021-01-18,363,16824,161,9504,202,7320,0,0,312,11969,51,2426,312,14395,California
Marin,2021-01-19,1153,17977,911,10415,242,7562,0,0,983,12783,169,2595,983,15378,California
Marin,2021-01-20,1796,19773,1209,11624,587,8149,0,0,1065,13131,720,3315,1068,16446,California
Marin,2021-01-21,1681,21454,1063,12687,618,8767,0,0,1327,14109,351,3666,1329,17775,California
Marin,2021-01-22,1709,23163,1093,13780,616,9383,0,0,1537,15475,172,3838,1538,19313,California
Marin,2021-01-23,1847,25010,1347,15127,500,9883,0,0,1760,17148,87,3925,1760,21073,California
Marin,2021-01-24,615,25625,166,15293,449,10332,0,0,583,17699,32,3957,583,21656,California
Marin,2021-01-25,1127,26752,231,15524,896,11228,0,0,690,17953,437,4394,691,22347,California
Marin,2021-01-26,1529,28281,784,16308,745,11973,0,0,1142,18711,386,4780,1144,23491,California
Marin,2021-01-27,1730,30011,888,17196,842,12815,0,0,1364,19713,364,5144,1366,24857,California
Marin,2021-01-28,2083,32094,1069,18265,1014,13829,0,0,1820,21272,262,5406,1821,26678,California
Marin,2021-01-29,2204,34298,1436,19701,768,14597,0,0,2007,23095,185,5591,2008,28686,California
Marin,2021-01-30,1724,36022,909,20610,815,15412,0,0,1645,24662,79,5670,1646,30332,California
Marin,2021-01-31,459,36481,322,20932,137,15549,0,0,433,25069,26,5696,433,30765,California
Marin,2021-02-01,1095,37576,417,21349,678,16227,0,0,895,25766,199,5895,896,31661,California
Marin,2021-02-02,1414,38990,494,21843,920,17147,0,0,752,25867,651,6546,752,32413,California
Marin,2021-02-03,1780,40770,424,22267,1356,18503,0,0,1278,26644,501,7047,1278,33691,California
Marin,2021-02-04,1523,42293,500,22767,1023,19526,0,0,928,26980,592,7639,928,34619,California
Marin,2021-02-05,2166,44459,675,23442,1491,21017,0,0,1331,27480,831,8470,1331,35950,California
Marin,2021-02-06,1428,45887,848,24290,580,21597,0,0,604,27261,823,9293,604,36554,California
Marin,2021-02-07,1289,47176,1006,25296,283,21880,0,0,489,26951,799,10092,489,37043,California
Marin,2021-02-08,1533,48709,756,26052,777,22657,0,0,732,26884,799,10891,732,37775,California
Marin,2021-02-09,1783,50492,1124,27176,659,23316,0,0,836,26773,947,11838,836,38611,California
Marin,2021-02-10,2336,52828,1487,28663,849,24165,0,0,1214,26868,1120,12958,1215,39826,California
Marin,2021-02-11,2872,55700,1643,30306,1229,25394,0,0,1448,26900,1419,14377,1451,41277,California
Marin,2021-02-12,3057,58757,1536,31842,1521,26915,0,0,1555,26957,1499,15876,1556,42833,California
Marin,2021-02-13,2333,61090,1242,33084,1091,28006,0,0,1127,26880,1204,17080,1127,43960,California
Marin,2021-02-14,813,61903,301,33385,512,28518,0,0,719,27506,94,17174,720,44680,California
Marin,2021-02-15,1218,63121,355,33740,863,29381,0,0,839,27968,378,17552,840,45520,California
Marin,2021-02-16,2469,65590,1054,34794,1415,30796,0,0,1503,28506,965,18517,1503,47023,California
Marin,2021-02-17,2100,67690,942,35736,1158,31954,0,0,1084,28577,1014,19531,1085,48108,California
Marin,2021-02-18,2416,70106,1585,37321,831,32785,0,0,1058,28279,1356,20887,1058,49166,California
Marin,2021-02-19,2781,72887,2170,39491,611,33396,0,0,1234,27980,1534,22421,1235,50401,California
Marin,2021-02-20,2623,75510,2155,41646,468,33864,0,0,1255,27876,1360,23781,1256,51657,California
Marin,2021-02-21,1329,76839,1128,42774,201,34065,0,0,944,28439,381,24162,944,52601,California
Marin,2021-02-22,1858,78697,1425,44199,433,34498,0,0,1231,29045,625,24787,1231,53832,California
Marin,2021-02-23,2909,81606,1677,45876,1232,35730,0,0,1951,30052,945,25732,1952,55784,California
Marin,2021-02-24,3537,85143,1633,47509,1904,37634,0,0,2260,31044,1269,27001,2261,58045,California
Marin,2021-02-25,4091,89234,1929,49438,2162,39796,0,0,2892,32748,1190,28191,2894,60939,California
Marin,2021-02-26,3675,92909,2004,51442,1671,41467,0,0,2649,34384,1014,29205,2650,63589,California
Marin,2021-02-27,2743,95652,1614,53056,1129,42596,0,0,1899,35444,841,30046,1901,65490,California
Marin,2021-02-28,1644,97296,924,53980,720,43316,0,0,1298,36399,343,30389,1298,66788,California
Marin,2021-03-01,2688,99984,1667,55647,1020,44336,1,1,1811,37343,868,31257,1812,68600,California
Marin,2021-03-02,2531,102515,1689,57336,841,45177,1,2,1734,38285,793,32050,1735,70335,California
Marin,2021-03-03,4346,106861,2414,59750,1928,47105,4,6,2812,39573,1528,33578,2816,73151,California
Marin,2021-03-04,3398,110259,1666,61416,1731,48836,1,7,2375,40935,1016,34594,2378,75529,California
Marin,2021-03-05,3070,113329,1173,62589,1885,50721,12,19,1800,41482,1265,35859,1812,77341,California
Marin,2021-03-06,3239,116568,2326,64915,835,51556,78,97,2664,43653,570,36429,2741,80082,California
Marin,2021-03-07,1393,117961,1174,66089,195,51751,24,121,1001,44291,387,36816,1025,81107,California
Marin,2021-03-08,1890,119851,1387,67476,386,52137,117,238,1414,45349,473,37289,1531,82638,California
Marin,2021-03-09,2221,122072,1338,68814,774,52911,109,347,1542,46323,676,37965,1650,84288,California
Marin,2021-03-10,4459,126531,2506,71320,1659,54570,294,641,3216,48597,1238,39203,3512,87800,California
Marin,2021-03-11,4587,131118,1878,73198,2574,57144,135,776,3295,50742,1285,40488,3430,91230,California
Marin,2021-03-12,3980,135098,1544,74742,2085,59229,351,1127,1563,50251,2406,42894,1915,93145,California
Marin,2021-03-13,4101,139199,2867,77609,1162,60391,72,1199,2384,50988,1715,44609,2452,95597,California
Marin,2021-03-14,2283,141482,1102,78711,1063,61454,118,1317,697,50217,1584,46193,813,96410,California
Marin,2021-03-15,3250,144732,1779,80490,1423,62877,48,1365,1212,49450,2026,48219,1259,97669,California
Marin,2021-03-16,4305,149037,2321,82811,1618,64495,366,1731,1464,48441,2837,51056,1828,99497,California
Marin,2021-03-17,4214,153251,2279,85090,1883,66378,52,1783,2057,48405,2144,53200,2108,101605,California
Marin,2021-03-18,4491,157742,2263,87353,2153,68531,75,1858,2134,48273,2340,55540,2208,103813,California
Marin,2021-03-19,4478,162220,2291,89644,1967,70498,220,2078,2328,48679,2139,57679,2545,106358,California
Marin,2021-03-20,3602,165822,1996,91640,1491,71989,115,2193,1932,49066,1661,59340,2048,108406,California
Marin,2021-03-21,1539,167361,1138,92778,378,72367,23,2216,796,49145,740,60080,819,109225,California
Marin,2021-03-22,2481,169842,2138,94916,175,72542,168,2384,896,48630,1579,61659,1064,110289,California
Marin,2021-03-23,4249,174091,2203,97119,1917,74459,129,2513,1865,48248,2376,64035,1994,112283,California
Marin,2021-03-24,4447,178538,2898,100017,1438,75897,111,2624,1805,47533,2629,66664,1914,114197,California
Marin,2021-03-25,4657,183195,2846,102863,1740,77637,71,2695,2250,47459,2393,69057,2319,116516,California
Marin,2021-03-26,4311,187506,2346,105209,1751,79388,214,2909,2399,48176,1896,70953,2613,119129,California
Marin,2021-03-27,3711,191217,2667,107876,1025,80413,19,2928,1139,46771,2562,73515,1157,120286,California
Marin,2021-03-28,2389,193606,1728,109604,655,81068,6,2934,839,46073,1543,75058,845,121131,California
Marin,2021-03-29,2690,196296,2093,111697,571,81639,26,2960,1136,45684,1551,76609,1162,122293,California
Marin,2021-03-30,4669,200965,3650,115347,985,82624,34,2994,2953,46958,1713,78322,2987,125280,California
Marin,2021-03-31,5840,206805,4136,119483,1655,84279,49,3043,2553,46285,3275,81597,2602,127882,California
Marin,2021-04-01,4456,211261,2288,121771,1913,86192,255,3298,2111,46317,2333,83930,2365,130247,California
Marin,2021-04-02,3729,214990,1856,123627,1502,87694,371,3669,1989,46937,1732,85662,2352,132599,California
Marin,2021-04-03,3867,218857,2519,126146,971,88665,377,4046,1465,46390,2390,88052,1843,134442,California
Marin,2021-04-04,1645,220502,1240,127386,204,88869,201,4247,1199,47346,444,88496,1400,135842,California
Marin,2021-04-05,2211,222713,1534,128920,301,89170,376,4623,1267,48048,939,89435,1641,137483,California
Marin,2021-04-06,3968,226681,2111,131031,1305,90475,552,5175,2206,49048,1756,91191,2756,140239,California
Marin,2021-04-07,3967,230648,2002,133033,1323,91798,642,5817,1452,48638,2507,93698,2097,142336,California
Marin,2021-04-08,5058,235706,1976,135009,2472,94270,610,6427,2304,48800,2742,96440,2904,145240,California
Marin,2021-04-09,3996,239702,1559,136568,1706,95976,731,7158,1318,48173,2673,99113,2046,147286,California
Marin,2021-04-10,3216,242918,1484,138052,1298,97274,434,7592,1447,48296,1754,100867,1877,149163,California
Marin,2021-04-11,1059,243977,806,138858,92,97366,161,7753,474,48347,583,101450,634,149797,California
Marin,2021-04-12,1731,245708,1233,140091,340,97706,158,7911,917,48613,810,102260,1076,150873,California
Marin,2021-04-13,3758,249466,2297,142388,1454,99160,7,7918,1374,47635,2373,104633,1395,152268,California
Marin,2021-04-14,4231,253697,2531,144919,1697,100857,3,7921,1724,46893,2482,107115,1740,154008,California
Marin,2021-04-15,5600,259297,3964,148883,1636,102493,0,7921,3215,47739,2372,109487,3218,157226,California
Marin,2021-04-16,4267,263564,2239,151122,2025,104518,3,7924,2080,47652,2171,111658,2084,159310,California
Marin,2021-04-17,3536,267100,2157,153279,1379,105897,0,7924,1765,47651,1766,113424,1765,161075,California
Marin,2021-04-18,3168,270268,3070,156349,98,105995,0,7924,2535,49556,630,114054,2535,163610,California
Marin,2021-04-19,2036,272304,1867,158216,169,106164,0,7924,1153,49833,878,114932,1155,164765,California
Marin,2021-04-20,3683,275987,2545,160761,1138,107302,0,7924,1462,49082,2214,117146,1463,166228,California
Marin,2021-04-21,4001,279988,2935,163696,1063,108365,3,7927,1351,47800,2634,119780,1352,167580,California
Marin,2021-04-22,4222,284210,3221,166917,1001,109366,0,7927,1488,46567,2724,122504,1491,169071,California
Marin,2021-04-23,3214,287424,1808,168725,1406,110772,0,7927,1226,45816,1978,124482,1227,170298,California
Marin,2021-04-24,2505,289929,1673,170398,832,111604,0,7927,913,45149,1580,126062,913,171211,California
Marin,2021-04-25,1380,291309,1264,171662,116,111720,0,7927,304,44386,1067,127129,304,171515,California
Marin,2021-04-26,1613,292922,1392,173054,218,111938,3,7930,384,43550,1225,128354,389,171904,California
Marin,2021-04-27,3046,295968,2200,175254,796,112734,50,7980,981,42521,2056,130410,1027,172931,California
Marin,2021-04-28,2303,298271,1585,176839,668,113402,50,8030,729,41727,1571,131981,777,173708,California
Marin,2021-04-29,2898,301169,1985,178824,851,114253,62,8092,802,40506,2085,134066,864,174572,California
Marin,2021-04-30,1952,303121,1274,180098,590,114843,88,8180,698,40047,1245,135311,786,175358,California
Marin,2021-05-01,1829,304950,1019,181117,787,115630,23,8203,539,39326,1282,136593,561,175919,California
Marin,2021-05-02,725,305675,587,181704,109,115739,29,8232,201,39037,518,137111,229,176148,California
Marin,2021-05-03,1212,306887,987,182691,168,115907,57,8289,260,38404,949,138060,316,176464,California
Marin,2021-05-04,2927,309814,1966,184657,870,116777,91,8380,470,36516,2449,140509,561,177025,California
Marin,2021-05-05,2724,312538,1997,186654,604,117381,123,8503,440,34801,2277,142786,562,177587,California
Marin,2021-05-06,3263,315801,2535,189189,640,118021,88,8591,425,32483,2829,145615,511,178098,California
Marin,2021-05-07,2032,317833,1543,190732,404,118425,85,8676,376,31292,1649,147264,458,178556,California
Marin,2021-05-08,2474,320307,1867,192599,485,118910,122,8798,343,29634,2123,149387,465,179021,California
Marin,2021-05-09,983,321290,898,193497,65,118975,20,8818,118,28911,862,150249,139,179160,California
Marin,2021-05-10,1407,322697,1151,194648,186,119161,70,8888,200,27977,1203,151452,269,179429,California
Marin,2021-05-11,2302,324999,1842,196490,404,119565,56,8944,295,26322,2005,153457,350,179779,California
Marin,2021-05-12,1429,326428,1047,197537,313,119878,69,9013,290,25545,1135,154592,358,180137,California
Marin,2021-05-13,2608,329036,2259,199796,295,120173,54,9067,1418,25833,1183,155775,1471,181608,California
Marin,2021-05-14,2201,331237,1452,201248,650,120823,99,9166,881,25499,1314,157089,980,182588,California
Marin,2021-05-15,2722,333959,2257,203505,385,121208,80,9246,1651,26160,1070,158159,1731,184319,California
Marin,2021-05-16,1645,335604,1591,205096,49,121257,5,9251,1332,27185,311,158470,1336,185655,California
Marin,2021-05-17,2126,337730,1980,207076,103,121360,43,9294,1697,28503,422,158892,1740,187395,California
Marin,2021-05-18,1524,339254,1183,208259,286,121646,55,9349,797,28633,721,159613,851,188246,California
Marin,2021-05-19,1534,340788,1236,209495,228,121874,70,9419,772,28718,756,160369,841,189087,California
Marin,2021-05-20,1822,342610,1493,210988,243,122117,86,9505,762,28515,1051,161420,848,189935,California
Marin,2021-05-21,1449,344059,842,211830,557,122674,50,9555,430,27982,1013,162433,480,190415,California
Marin,2021-05-22,1428,345487,1083,212913,288,122962,57,9612,967,28549,457,162890,1024,191439,California
Marin,2021-05-23,482,345969,427,213340,42,123004,13,9625,222,28527,258,163148,236,191675,California
Marin,2021-05-24,643,346612,492,213832,110,123114,41,9666,353,28633,287,163435,393,192068,California
Marin,2021-05-25,994,347606,624,214456,324,123438,46,9712,311,28313,675,164110,355,192423,California
Marin,2021-05-26,707,348313,485,214941,176,123614,46,9758,259,28174,444,164554,305,192728,California
Marin,2021-05-27,1032,349345,664,215605,289,123903,79,9837,345,27913,685,165239,424,193152,California
Marin,2021-05-28,1097,350442,715,216320,303,124206,79,9916,321,27539,772,166011,398,193550,California
Marin,2021-05-29,373,350815,216,216536,147,124353,10,9926,214,27604,159,166170,224,193774,California
Marin,2021-05-30,100,350915,59,216595,36,124389,5,9931,58,27626,41,166211,63,193837,California
Marin,2021-05-31,27,350942,13,216608,13,124402,1,9932,14,27628,13,166224,15,193852,California
Marin,2021-06-01,756,351698,551,217159,160,124562,45,9977,330,27578,424,166648,374,194226,California
Marin,2021-06-02,624,352322,474,217633,98,124660,52,10029,217,27442,403,167051,267,194493,California
Marin,2021-06-03,1495,353817,1327,218960,112,124772,56,10085,240,26487,1252,168303,297,194790,California
Marin,2021-06-04,1011,354828,859,219819,120,124892,32,10117,184,25877,826,169129,216,195006,California
Marin,2021-06-05,1914,356742,1700,221519,166,125058,48,10165,321,24661,1585,170714,369,195375,California
Marin,2021-06-06,1407,358149,1357,222876,15,125073,35,10200,203,23696,1203,171917,238,195613,California
Marin,2021-06-07,1941,360090,1823,224699,68,125141,50,10250,251,22310,1686,173603,300,195913,California
Marin,2021-06-08,977,361067,863,225562,75,125216,39,10289,237,21852,734,174337,276,196189,California
Marin,2021-06-09,611,361678,556,226118,47,125263,8,10297,110,21471,499,174836,118,196307,California
Marin,2021-06-10,624,362302,570,226688,16,125279,38,10335,116,21118,506,175342,153,196460,California
Mariposa,2020-12-17,36,36,36,36,0,0,0,0,38,38,0,0,38,38,California
Mariposa,2020-12-18,55,91,55,91,0,0,0,0,56,94,0,0,56,94,California
Mariposa,2020-12-20,2,93,2,93,0,0,0,0,2,96,0,0,2,96,California
Mariposa,2020-12-21,49,142,49,142,0,0,0,0,53,149,0,0,53,149,California
Mariposa,2020-12-22,5,147,5,147,0,0,0,0,5,154,0,0,5,154,California
Mariposa,2020-12-23,17,164,17,164,0,0,0,0,17,171,0,0,17,171,California
Mariposa,2020-12-24,1,165,0,164,1,1,0,0,0,171,1,1,1,172,California
Mariposa,2020-12-26,1,166,1,165,0,1,0,0,1,172,0,1,1,173,California
Mariposa,2020-12-27,1,167,0,165,1,2,0,0,1,173,0,1,1,174,California
Mariposa,2020-12-28,6,173,3,168,3,5,0,0,6,179,0,1,6,180,California
Mariposa,2020-12-29,33,206,3,171,30,35,0,0,33,212,0,1,33,213,California
Mariposa,2020-12-30,26,232,4,175,22,57,0,0,26,238,0,1,26,239,California
Mariposa,2020-12-31,17,249,0,175,17,74,0,0,17,255,0,1,17,256,California
Mariposa,2021-01-02,1,250,1,176,0,74,0,0,1,256,0,1,1,257,California
Mariposa,2021-01-04,9,259,1,177,8,82,0,0,9,265,0,1,9,266,California
Mariposa,2021-01-05,24,283,14,191,10,92,0,0,14,269,10,11,14,280,California
Mariposa,2021-01-06,7,290,4,195,3,95,0,0,4,270,3,14,4,284,California
Mariposa,2021-01-07,50,340,45,240,5,100,0,0,5,230,45,59,5,289,California
Mariposa,2021-01-08,109,449,79,319,30,130,0,0,34,189,75,134,34,323,California
Mariposa,2021-01-11,31,480,10,329,21,151,0,0,23,204,8,142,23,346,California
Mariposa,2021-01-12,19,499,4,333,15,166,0,0,15,215,4,146,15,361,California
Mariposa,2021-01-13,22,521,5,338,17,183,0,0,18,229,4,150,18,379,California
Mariposa,2021-01-14,73,594,7,345,66,249,0,0,67,290,6,156,67,446,California
Mariposa,2021-01-15,68,662,27,372,41,290,0,0,58,338,10,166,58,504,California
Mariposa,2021-01-16,14,676,2,374,12,302,0,0,13,350,1,167,13,517,California
Mariposa,2021-01-17,3,679,0,374,3,305,0,0,3,353,0,167,3,520,California
Mariposa,2021-01-18,3,682,3,377,0,305,0,0,1,352,2,169,1,521,California
Mariposa,2021-01-19,8,690,4,381,4,309,0,0,5,355,2,171,5,526,California
Mariposa,2021-01-20,23,713,1,382,22,331,0,0,22,376,1,172,22,548,California
Mariposa,2021-01-21,66,779,8,390,58,389,0,0,62,434,4,176,62,610,California
Mariposa,2021-01-22,56,835,2,392,54,443,0,0,56,490,0,176,56,666,California
Mariposa,2021-01-23,116,951,2,394,114,557,0,0,114,602,2,178,114,780,California
Mariposa,2021-01-24,2,953,2,396,0,557,0,0,2,604,0,178,2,782,California
Mariposa,2021-01-25,4,957,1,397,3,560,0,0,0,600,4,182,0,782,California
Mariposa,2021-01-26,38,995,4,401,34,594,0,0,6,578,32,214,10,792,California
Mariposa,2021-01-27,26,1021,2,403,24,618,0,0,12,577,13,227,12,804,California
Mariposa,2021-01-28,126,1147,3,406,123,741,0,0,113,678,12,239,113,917,California
Mariposa,2021-01-29,83,1230,22,428,61,802,0,0,82,759,1,240,82,999,California
Mariposa,2021-01-30,9,1239,1,429,8,810,0,0,8,766,1,241,8,1007,California
Mariposa,2021-01-31,1,1240,0,429,1,811,0,0,1,767,0,241,1,1008,California
Mariposa,2021-02-01,90,1330,31,460,59,870,0,0,68,813,22,263,68,1076,California
Mariposa,2021-02-02,15,1345,3,463,12,882,0,0,9,816,6,269,9,1085,California
Mariposa,2021-02-03,21,1366,1,464,20,902,0,0,13,822,7,276,13,1098,California
Mariposa,2021-02-04,99,1465,8,472,91,993,0,0,94,913,4,280,95,1193,California
Mariposa,2021-02-05,192,1657,5,477,187,1180,0,0,166,1053,26,306,166,1359,California
Mariposa,2021-02-06,11,1668,4,481,7,1187,0,0,10,1062,1,307,10,1369,California
Mariposa,2021-02-07,1,1669,0,481,1,1188,0,0,1,1063,0,307,1,1370,California
Mariposa,2021-02-08,42,1711,2,483,40,1228,0,0,23,1067,19,326,23,1393,California
Mariposa,2021-02-09,42,1753,24,507,18,1246,0,0,36,1097,6,332,36,1429,California
Mariposa,2021-02-10,28,1781,5,512,23,1269,0,0,17,1110,10,342,23,1452,California
Mariposa,2021-02-11,375,2156,5,517,370,1639,0,0,361,1460,14,356,364,1816,California
Mariposa,2021-02-12,185,2341,8,525,177,1816,0,0,141,1557,44,400,141,1957,California
Mariposa,2021-02-13,11,2352,3,528,8,1824,0,0,9,1564,2,402,9,1966,California
Mariposa,2021-02-14,9,2361,4,532,5,1829,0,0,5,1565,4,406,5,1971,California
Mariposa,2021-02-15,9,2370,3,535,6,1835,0,0,7,1570,2,408,7,1978,California
Mariposa,2021-02-16,57,2427,34,569,23,1858,0,0,34,1581,23,431,34,2012,California
Mariposa,2021-02-17,37,2464,9,578,28,1886,0,0,27,1600,9,440,28,2040,California
Mariposa,2021-02-18,58,2522,7,585,51,1937,0,0,21,1584,37,477,21,2061,California
Mariposa,2021-02-19,83,2605,3,588,80,2017,0,0,77,1655,6,483,77,2138,California
Mariposa,2021-02-20,254,2859,5,593,249,2266,0,0,224,1850,29,512,224,2362,California
Mariposa,2021-02-21,238,3097,4,597,234,2500,0,0,236,2085,1,513,236,2598,California
Mariposa,2021-02-22,22,3119,7,604,15,2515,0,0,20,2103,2,515,20,2618,California
Mariposa,2021-02-23,45,3164,38,642,7,2522,0,0,26,2110,19,534,26,2644,California
Mariposa,2021-02-24,21,3185,3,645,18,2540,0,0,8,2106,12,546,8,2652,California
Mariposa,2021-02-25,18,3203,9,654,9,2549,0,0,12,2112,6,552,12,2664,California
Mariposa,2021-02-26,429,3632,7,661,422,2971,0,0,369,2422,60,612,370,3034,California
Mariposa,2021-02-27,174,3806,4,665,170,3141,0,0,163,2574,11,623,163,3197,California
Mariposa,2021-02-28,2,3808,1,666,1,3142,0,0,0,2572,2,625,0,3197,California
Mariposa,2021-03-01,82,3890,26,692,56,3198,0,0,16,2523,65,690,16,3213,California
Mariposa,2021-03-02,20,3910,13,705,7,3205,0,0,11,2526,8,698,11,3224,California
Mariposa,2021-03-03,71,3981,5,710,66,3271,0,0,65,2586,6,704,66,3290,California
Mariposa,2021-03-04,41,4022,10,720,31,3302,0,0,20,2586,21,725,21,3311,California
Mariposa,2021-03-05,58,4080,9,729,49,3351,0,0,40,2614,18,743,46,3357,California
Mariposa,2021-03-06,15,4095,6,735,9,3360,0,0,7,2613,8,751,7,3364,California
Mariposa,2021-03-07,1,4096,1,736,0,3360,0,0,0,2612,1,752,0,3364,California
Mariposa,2021-03-08,39,4135,4,740,24,3384,11,11,9,2602,30,782,20,3384,California
Mariposa,2021-03-09,46,4181,18,758,18,3402,10,21,15,2596,31,813,25,3409,California
Mariposa,2021-03-10,31,4212,9,767,12,3414,10,31,10,2595,21,834,20,3429,California
Mariposa,2021-03-11,468,4680,6,773,443,3857,19,50,226,2602,241,1075,248,3677,California
Mariposa,2021-03-12,256,4936,8,781,222,4079,26,76,118,2607,138,1213,143,3820,California
Mariposa,2021-03-13,33,4969,7,788,11,4090,15,91,11,2610,22,1235,25,3845,California
Mariposa,2021-03-14,16,4985,2,790,3,4093,11,102,2,2609,14,1249,13,3858,California
Mariposa,2021-03-15,76,5061,7,797,31,4124,38,140,31,2633,45,1294,69,3927,California
Mariposa,2021-03-16,83,5144,33,830,15,4139,35,175,24,2633,59,1353,59,3986,California
Mariposa,2021-03-17,73,5217,10,840,55,4194,8,183,52,2673,20,1373,60,4046,California
Mariposa,2021-03-18,66,5283,15,855,42,4236,9,192,40,2696,26,1399,49,4095,California
Mariposa,2021-03-19,343,5626,11,866,325,4561,7,199,304,2968,39,1438,311,4406,California
Mariposa,2021-03-20,424,6050,4,870,418,4979,2,201,46,2639,378,1816,49,4455,California
Mariposa,2021-03-21,16,6066,9,879,6,4985,1,202,10,2645,5,1821,11,4466,California
Mariposa,2021-03-22,39,6105,8,887,23,5008,8,210,27,2669,12,1833,36,4502,California
Mariposa,2021-03-23,53,6158,33,920,10,5018,10,220,32,2690,21,1854,42,4544,California
Mariposa,2021-03-24,56,6214,5,925,49,5067,2,222,51,2738,5,1859,53,4597,California
Mariposa,2021-03-25,76,6290,15,940,53,5120,8,230,53,2778,21,1880,61,4658,California
Mariposa,2021-03-26,494,6784,9,949,484,5604,1,231,251,2787,243,2123,252,4910,California
Mariposa,2021-03-27,232,7016,8,957,224,5828,0,231,94,2745,138,2261,96,5006,California
Mariposa,2021-03-28,5,7021,0,957,2,5830,3,234,1,2745,4,2265,4,5010,California
Mariposa,2021-03-29,19,7040,6,963,13,5843,0,234,12,2750,7,2272,12,5022,California
Mariposa,2021-03-30,36,7076,13,976,7,5850,16,250,13,2756,23,2295,29,5051,California
Mariposa,2021-03-31,89,7165,15,991,67,5917,7,257,68,2810,21,2316,75,5126,California
Mariposa,2021-04-01,54,7219,11,1002,35,5952,8,265,35,2834,19,2335,43,5169,California
Mariposa,2021-04-02,349,7568,12,1014,335,6287,2,267,307,3102,41,2376,309,5478,California
Mariposa,2021-04-03,10,7578,7,1021,3,6290,0,267,5,3102,5,2381,5,5483,California
Mariposa,2021-04-04,2,7580,1,1022,0,6290,1,268,0,3101,2,2383,1,5484,California
Mariposa,2021-04-05,33,7613,22,1044,7,6297,4,272,16,3104,17,2400,20,5504,California
Mariposa,2021-04-06,45,7658,20,1064,9,6306,16,288,14,3104,30,2430,30,5534,California
Mariposa,2021-04-07,99,7757,7,1071,73,6379,19,307,29,3082,70,2500,48,5582,California
Mariposa,2021-04-08,283,8040,15,1086,249,6628,19,326,145,3111,136,2636,165,5747,California
Mariposa,2021-04-09,37,8077,9,1095,13,6641,15,341,10,3109,27,2663,25,5772,California
Mariposa,2021-04-10,202,8279,4,1099,188,6829,10,351,187,3292,13,2676,196,5968,California
Mariposa,2021-04-11,123,8402,4,1103,117,6946,2,353,57,3286,66,2742,60,6028,California
Mariposa,2021-04-12,43,8445,13,1116,28,6974,2,355,13,3271,30,2772,15,6043,California
Mariposa,2021-04-13,55,8500,47,1163,8,6982,0,355,35,3286,20,2792,35,6078,California
Mariposa,2021-04-14,114,8614,8,1171,106,7088,0,355,58,3289,55,2847,58,6136,California
Mariposa,2021-04-15,58,8672,16,1187,42,7130,0,355,44,3322,11,2858,44,6180,California
Mariposa,2021-04-16,382,9054,11,1198,371,7501,0,355,106,3152,276,3134,106,6286,California
Mariposa,2021-04-17,11,9065,7,1205,4,7505,0,355,8,3157,3,3137,8,6294,California
Mariposa,2021-04-18,7,9072,0,1205,7,7512,0,355,3,3156,4,3141,3,6297,California
Mariposa,2021-04-19,59,9131,26,1231,33,7545,0,355,31,3161,26,3167,31,6328,California
Mariposa,2021-04-20,62,9193,49,1280,13,7558,0,355,39,3179,21,3188,39,6367,California
Mariposa,2021-04-21,92,9285,14,1294,78,7636,0,355,43,3174,48,3236,43,6410,California
Mariposa,2021-04-22,48,9333,9,1303,39,7675,0,355,37,3201,10,3246,37,6447,California
Mariposa,2021-04-23,315,9648,70,1373,245,7920,0,355,144,3176,171,3417,146,6593,California
Mariposa,2021-04-24,107,9755,10,1383,97,8017,0,355,43,3156,63,3480,43,6636,California
Mariposa,2021-04-26,16,9771,11,1394,5,8022,0,355,5,3150,11,3491,5,6641,California
Mariposa,2021-04-27,33,9804,17,1411,14,8036,2,357,15,3152,15,3506,17,6658,California
Mariposa,2021-04-28,73,9877,14,1425,52,8088,7,364,27,3140,46,3552,34,6692,California
Mariposa,2021-04-29,84,9961,12,1437,71,8159,1,365,79,3215,5,3557,80,6772,California
Mariposa,2021-04-30,210,10171,4,1441,201,8360,5,370,62,3134,148,3705,67,6839,California
Mariposa,2021-05-01,4,10175,2,1443,2,8362,0,370,1,3132,3,3708,1,6840,California
Mariposa,2021-05-02,3,10178,2,1445,0,8362,1,371,0,3130,3,3711,1,6841,California
Mariposa,2021-05-03,16,10194,12,1457,3,8365,1,372,7,3129,9,3720,8,6849,California
Mariposa,2021-05-04,52,10246,32,1489,16,8381,4,376,36,3153,16,3736,40,6889,California
Mariposa,2021-05-05,57,10303,9,1498,46,8427,2,378,18,3134,39,3775,20,6909,California
Mariposa,2021-05-06,56,10359,37,1535,14,8441,5,383,40,3163,16,3791,45,6954,California
Mariposa,2021-05-07,27,10386,7,1542,17,8458,3,386,13,3165,14,3805,16,6970,California
Mariposa,2021-05-08,284,10670,8,1550,276,8734,0,386,33,2949,251,4056,35,7005,California
Mariposa,2021-05-09,2,10672,1,1551,1,8735,0,386,0,2947,2,4058,0,7005,California
Mariposa,2021-05-10,19,10691,8,1559,9,8744,2,388,4,2938,15,4073,6,7011,California
Mariposa,2021-05-11,28,10719,18,1577,9,8753,1,389,19,2950,8,4081,20,7031,California
Mariposa,2021-05-12,67,10786,4,1581,58,8811,5,394,6,2900,61,4142,11,7042,California
Mariposa,2021-05-13,49,10835,8,1589,39,8850,2,396,13,2879,36,4178,15,7057,California
Mariposa,2021-05-14,250,11085,122,1711,121,8971,7,403,118,2872,132,4310,125,7182,California
Mariposa,2021-05-15,18,11103,8,1719,8,8979,2,405,10,2877,6,4316,11,7193,California
Mariposa,2021-05-16,3,11106,1,1720,1,8980,1,406,1,2877,2,4318,2,7195,California
Mariposa,2021-05-17,17,11123,7,1727,6,8986,4,410,7,2877,10,4328,10,7205,California
Mariposa,2021-05-18,61,11184,41,1768,15,9001,5,415,44,2910,16,4344,49,7254,California
Mariposa,2021-05-19,70,11254,32,1800,37,9038,1,416,51,2944,18,4362,52,7306,California
Mariposa,2021-05-20,36,11290,20,1820,14,9052,2,418,15,2940,21,4383,17,7323,California
Mariposa,2021-05-21,92,11382,8,1828,82,9134,2,420,42,2936,48,4431,44,7367,California
Mariposa,2021-05-22,48,11430,6,1834,41,9175,1,421,17,2923,31,4462,18,7385,California
Mariposa,2021-05-23,4,11434,2,1836,1,9176,1,422,2,2924,2,4464,3,7388,California
Mariposa,2021-05-24,14,11448,8,1844,4,9180,2,424,9,2930,5,4469,11,7399,California
Mariposa,2021-05-25,27,11475,17,1861,10,9190,0,424,19,2941,8,4477,19,7418,California
Mariposa,2021-05-26,34,11509,3,1864,27,9217,4,428,28,2967,6,4483,32,7450,California
Mariposa,2021-05-27,119,11628,64,1928,55,9272,0,428,62,2972,57,4540,62,7512,California
Mariposa,2021-05-28,64,11692,4,1932,56,9328,4,432,23,2958,41,4581,27,7539,California
Mariposa,2021-05-29,8,11700,2,1934,5,9333,1,433,3,2959,3,4584,4,7543,California
Mariposa,2021-05-30,1,11701,0,1934,0,9333,1,434,0,2959,1,4585,1,7544,California
Mariposa,2021-05-31,2,11703,0,1934,1,9334,1,435,0,2958,2,4587,1,7545,California
Mariposa,2021-06-01,14,11717,3,1937,11,9345,0,435,5,2954,9,4596,5,7550,California
Mariposa,2021-06-02,26,11743,14,1951,7,9352,5,440,6,2946,19,4615,11,7561,California
Mariposa,2021-06-03,19,11762,10,1961,7,9359,2,442,7,2943,12,4627,9,7570,California
Mariposa,2021-06-04,88,11850,78,2039,9,9368,1,443,26,2909,60,4687,26,7596,California
Mariposa,2021-06-05,27,11877,2,2041,23,9391,2,445,6,2897,20,4707,8,7604,California
Mariposa,2021-06-06,4,11881,3,2044,0,9391,1,446,1,2896,3,4710,2,7606,California
Mariposa,2021-06-07,10,11891,5,2049,5,9396,0,446,4,2895,5,4715,4,7610,California
Mariposa,2021-06-08,38,11929,29,2078,8,9404,1,447,9,2876,29,4744,10,7620,California
Mariposa,2021-06-09,25,11954,19,2097,1,9405,5,452,5,2866,20,4764,10,7630,California
Mariposa,2021-06-10,10,11964,7,2104,3,9408,0,452,5,2867,5,4769,6,7636,California
Mendocino,2020-12-17,70,70,70,70,0,0,0,0,70,70,0,0,70,70,California
Mendocino,2020-12-18,85,155,84,154,1,1,0,0,84,154,0,0,84,154,California
Mendocino,2020-12-19,4,159,4,158,0,1,0,0,4,158,0,0,4,158,California
Mendocino,2020-12-20,7,166,7,165,0,1,0,0,7,165,0,0,7,165,California
Mendocino,2020-12-21,240,406,240,405,0,1,0,0,77,242,0,0,77,242,California
Mendocino,2020-12-22,252,658,191,596,61,62,0,0,252,494,0,0,252,494,California
Mendocino,2020-12-23,271,929,48,644,223,285,0,0,270,764,0,0,270,764,California
Mendocino,2020-12-24,48,977,8,652,40,325,0,0,48,812,0,0,48,812,California
Mendocino,2020-12-25,1,978,0,652,1,326,0,0,1,813,0,0,1,813,California
Mendocino,2020-12-26,2,980,2,654,0,326,0,0,2,815,0,0,2,815,California
Mendocino,2020-12-27,1,981,0,654,1,327,0,0,1,816,0,0,1,816,California
Mendocino,2020-12-28,74,1055,9,663,65,392,0,0,74,890,0,0,74,890,California
Mendocino,2020-12-29,120,1175,59,722,61,453,0,0,120,1010,0,0,120,1010,California
Mendocino,2020-12-30,119,1294,66,788,53,506,0,0,119,1129,0,0,119,1129,California
Mendocino,2020-12-31,132,1426,97,885,35,541,0,0,132,1261,0,0,132,1261,California
Mendocino,2021-01-01,9,1435,6,891,3,544,0,0,9,1270,0,0,9,1270,California
Mendocino,2021-01-04,838,2273,18,909,820,1364,0,0,838,2108,0,0,838,2108,California
Mendocino,2021-01-05,74,2347,36,945,38,1402,0,0,61,2156,13,13,61,2169,California
Mendocino,2021-01-06,156,2503,134,1079,22,1424,0,0,146,2292,10,23,146,2315,California
Mendocino,2021-01-07,360,2863,238,1317,122,1546,0,0,297,2526,63,86,297,2612,California
Mendocino,2021-01-08,95,2958,82,1399,13,1559,0,0,41,2514,54,140,42,2654,California
Mendocino,2021-01-09,10,2968,6,1405,4,1563,0,0,8,2520,2,142,8,2662,California
Mendocino,2021-01-10,9,2977,8,1413,1,1564,0,0,2,2515,7,149,2,2664,California
Mendocino,2021-01-11,101,3078,92,1505,9,1573,0,0,43,2501,57,206,43,2707,California
Mendocino,2021-01-12,387,3465,377,1882,10,1583,0,0,271,2656,116,322,271,2978,California
Mendocino,2021-01-13,496,3961,149,2031,347,1930,0,0,451,3065,43,365,452,3430,California
Mendocino,2021-01-14,651,4612,20,2051,631,2561,0,0,642,3698,9,374,642,4072,California
Mendocino,2021-01-15,1873,6485,862,2913,1011,3572,0,0,1868,5562,5,379,1869,5941,California
Mendocino,2021-01-16,796,7281,50,2963,746,4318,0,0,794,6354,2,381,794,6735,California
Mendocino,2021-01-17,554,7835,1,2964,553,4871,0,0,553,6906,1,382,553,7288,California
Mendocino,2021-01-18,486,8321,461,3425,25,4896,0,0,476,7372,10,392,476,7764,California
Mendocino,2021-01-19,330,8651,145,3570,185,5081,0,0,156,7354,174,566,156,7920,California
Mendocino,2021-01-20,555,9206,407,3977,148,5229,0,0,449,7700,104,670,450,8370,California
Mendocino,2021-01-21,539,9745,226,4203,313,5542,0,0,353,7868,185,855,353,8723,California
Mendocino,2021-01-22,152,9897,59,4262,93,5635,0,0,113,7942,39,894,113,8836,California
Mendocino,2021-01-23,156,10053,84,4346,72,5707,0,0,150,8086,6,900,150,8986,California
Mendocino,2021-01-24,5,10058,3,4349,2,5709,0,0,5,8091,0,900,5,8991,California
Mendocino,2021-01-25,193,10251,18,4367,175,5884,0,0,123,8144,70,970,123,9114,California
Mendocino,2021-01-26,153,10404,53,4420,100,5984,0,0,94,8179,59,1029,94,9208,California
Mendocino,2021-01-27,441,10845,371,4791,70,6054,0,0,176,8097,258,1287,176,9384,California
Mendocino,2021-01-28,593,11438,529,5320,64,6118,0,0,499,8503,93,1380,499,9883,California
Mendocino,2021-01-29,392,11830,352,5672,40,6158,0,0,363,8838,29,1409,364,10247,California
Mendocino,2021-01-30,50,11880,33,5705,17,6175,0,0,43,8874,7,1416,43,10290,California
Mendocino,2021-01-31,275,12155,2,5707,273,6448,0,0,4,8607,271,1687,4,10294,California
Mendocino,2021-02-01,382,12537,52,5759,330,6778,0,0,59,8343,323,2010,59,10353,California
Mendocino,2021-02-02,738,13275,518,6277,220,6998,0,0,377,8359,361,2371,377,10730,California
Mendocino,2021-02-03,393,13668,208,6485,185,7183,0,0,223,8414,168,2539,223,10953,California
Mendocino,2021-02-04,628,14296,532,7017,96,7279,0,0,502,8790,126,2665,502,11455,California
Mendocino,2021-02-05,1306,15602,1216,8233,90,7369,0,0,585,8656,719,3384,585,12040,California
Mendocino,2021-02-06,555,16157,154,8387,401,7770,0,0,540,9181,15,3399,540,12580,California
Mendocino,2021-02-07,33,16190,29,8416,4,7774,0,0,33,9214,0,3399,33,12613,California
Mendocino,2021-02-08,748,16938,716,9132,32,7806,0,0,285,9036,463,3862,285,12898,California
Mendocino,2021-02-09,140,17078,58,9190,82,7888,0,0,88,9072,52,3914,88,12986,California
Mendocino,2021-02-10,1490,18568,925,10115,565,8453,0,0,742,9073,741,4655,742,13728,California
Mendocino,2021-02-11,1210,19778,208,10323,1002,9455,0,0,300,8463,910,5565,300,14028,California
Mendocino,2021-02-12,1459,21237,163,10486,1296,10751,0,0,658,8321,800,6365,658,14686,California
Mendocino,2021-02-13,504,21741,15,10501,489,11240,0,0,106,8035,397,6762,111,14797,California
Mendocino,2021-02-14,696,22437,4,10505,692,11932,0,0,136,7611,560,7322,136,14933,California
Mendocino,2021-02-15,330,22767,42,10547,288,12220,0,0,174,7629,156,7478,174,15107,California
Mendocino,2021-02-16,199,22966,52,10599,147,12367,0,0,128,7686,71,7549,128,15235,California
Mendocino,2021-02-17,1357,24323,1194,11793,163,12530,0,0,880,8091,475,8024,880,16115,California
Mendocino,2021-02-18,1789,26112,645,12438,1144,13674,0,0,1222,8748,565,8589,1222,17337,California
Mendocino,2021-02-19,755,26867,147,12585,608,14282,0,0,613,9220,142,8731,614,17951,California
Mendocino,2021-02-20,581,27448,555,13140,26,14308,0,0,548,9737,31,8762,548,18499,California
Mendocino,2021-02-21,325,27773,6,13146,319,14627,0,0,313,10039,11,8773,313,18812,California
Mendocino,2021-02-22,161,27934,29,13175,132,14759,0,0,69,10018,90,8863,69,18881,California
Mendocino,2021-02-23,858,28792,845,14020,13,14772,0,0,645,10452,211,9074,645,19526,California
Mendocino,2021-02-24,1854,30646,1771,15791,83,14855,0,0,1441,11487,408,9482,1443,20969,California
Mendocino,2021-02-25,1709,32355,534,16325,1175,16030,0,0,1285,12349,423,9905,1285,22254,California
Mendocino,2021-02-26,1417,33772,751,17076,666,16696,0,0,1054,13043,360,10265,1054,23308,California
Mendocino,2021-02-27,199,33971,148,17224,51,16747,0,0,78,13001,120,10385,78,23386,California
Mendocino,2021-02-28,35,34006,13,17237,22,16769,0,0,24,13014,11,10396,24,23410,California
Mendocino,2021-03-01,592,34598,550,17787,42,16811,0,0,552,13529,37,10433,552,23962,California
Mendocino,2021-03-02,76,34674,27,17814,49,16860,0,0,41,13536,34,10467,41,24003,California
Mendocino,2021-03-03,2035,36709,1334,19148,701,17561,0,0,1383,14270,649,11116,1383,25386,California
Mendocino,2021-03-04,1851,38560,149,19297,1702,19263,0,0,1633,15689,215,11331,1634,27020,California
Mendocino,2021-03-05,473,39033,415,19712,49,19312,9,9,371,15971,98,11429,380,27400,California
Mendocino,2021-03-06,247,39280,24,19736,197,19509,26,35,203,16157,43,11472,229,27629,California
Mendocino,2021-03-07,507,39787,8,19744,479,19988,20,55,117,15904,389,11861,136,27765,California
Mendocino,2021-03-08,124,39911,28,19772,58,20046,38,93,64,15948,58,11919,102,27867,California
Mendocino,2021-03-09,938,40849,600,20372,297,20343,41,134,832,16715,106,12025,873,28740,California
Mendocino,2021-03-10,1147,41996,984,21356,98,20441,65,199,270,16180,873,12898,338,29078,California
Mendocino,2021-03-11,843,42839,628,21984,162,20603,53,252,401,16195,439,13337,454,29532,California
Mendocino,2021-03-12,2067,44906,1054,23038,899,21502,114,366,1235,16719,825,14162,1349,30881,California
Mendocino,2021-03-13,706,45612,572,23610,76,21578,58,424,106,16287,596,14758,164,31045,California
Mendocino,2021-03-14,106,45718,4,23614,95,21673,7,431,12,16216,90,14848,19,31064,California
Mendocino,2021-03-15,604,46322,51,23665,494,22167,59,490,214,16100,388,15236,272,31336,California
Mendocino,2021-03-16,580,46902,386,24051,148,22315,46,536,117,15802,461,15697,163,31499,California
Mendocino,2021-03-17,1586,48488,1384,25435,53,22368,149,685,217,14809,1365,17062,372,31871,California
Mendocino,2021-03-18,1312,49800,248,25683,1027,23395,37,722,283,14107,1021,18083,319,32190,California
Mendocino,2021-03-19,1780,51580,857,26540,863,24258,60,782,332,13058,1443,19526,394,32584,California
Mendocino,2021-03-20,68,51648,10,26550,38,24296,20,802,11,13032,57,19583,31,32615,California
Mendocino,2021-03-21,8,51656,1,26551,2,24298,5,807,3,13035,5,19588,8,32623,California
Mendocino,2021-03-22,660,52316,616,27167,15,24313,29,836,146,12699,510,20098,174,32797,California
Mendocino,2021-03-23,163,52479,32,27199,101,24414,30,866,112,12791,50,20148,142,32939,California
Mendocino,2021-03-24,913,53392,841,28040,25,24439,47,913,109,12145,802,20950,156,33095,California
Mendocino,2021-03-25,2019,55411,55,28095,1944,26383,20,933,179,10508,1834,22784,197,33292,California
Mendocino,2021-03-26,544,55955,393,28488,126,26509,25,958,113,10215,431,23215,138,33430,California
Mendocino,2021-03-27,145,56100,14,28502,119,26628,12,970,80,10242,64,23279,91,33521,California
Mendocino,2021-03-28,25,56125,5,28507,16,26644,4,974,4,10230,20,23299,8,33529,California
Mendocino,2021-03-29,190,56315,99,28606,47,26691,44,1018,97,10278,93,23392,141,33670,California
Mendocino,2021-03-30,716,57031,631,29237,48,26739,37,1055,104,9809,610,24002,141,33811,California
Mendocino,2021-03-31,915,57946,280,29517,574,27313,61,1116,153,9264,760,24762,215,34026,California
Mendocino,2021-04-01,1751,59697,422,29939,1248,28561,81,1197,380,8364,1361,26123,461,34487,California
Mendocino,2021-04-02,1307,61004,1075,31014,159,28720,73,1270,158,7449,1146,27269,231,34718,California
Mendocino,2021-04-03,710,61714,11,31025,678,29398,21,1291,87,6939,618,27887,108,34826,California
Mendocino,2021-04-04,71,61785,35,31060,30,29428,6,1297,55,6984,16,27903,61,34887,California
Mendocino,2021-04-05,211,61996,141,31201,46,29474,24,1321,125,7044,86,27989,146,35033,California
Mendocino,2021-04-06,396,62392,122,31323,179,29653,95,1416,107,6957,289,28278,202,35235,California
Mendocino,2021-04-07,489,62881,178,31501,65,29718,246,1662,115,6946,371,28649,360,35595,California
Mendocino,2021-04-08,1502,64383,922,32423,465,30183,115,1777,1008,7583,487,29136,1124,36719,California
Mendocino,2021-04-09,762,65145,429,32852,172,30355,161,1938,398,7779,363,29499,559,37278,California
Mendocino,2021-04-10,409,65554,92,32944,272,30627,45,1983,100,7615,309,29808,145,37423,California
Mendocino,2021-04-11,121,65675,47,32991,19,30646,55,2038,59,7667,62,29870,114,37537,California
Mendocino,2021-04-12,624,66299,515,33506,49,30695,60,2098,409,7921,215,30085,469,38006,California
Mendocino,2021-04-13,289,66588,227,33733,62,30757,0,2098,222,8076,67,30152,222,38228,California
Mendocino,2021-04-14,521,67109,427,34160,94,30851,0,2098,421,8397,100,30252,421,38649,California
Mendocino,2021-04-15,663,67772,330,34490,333,31184,0,2098,388,8517,270,30522,390,39039,California
Mendocino,2021-04-16,123,67895,53,34543,69,31253,1,2099,76,8547,46,30568,76,39115,California
Mendocino,2021-04-17,195,68090,13,34556,182,31435,0,2099,68,8490,125,30693,68,39183,California
Mendocino,2021-04-18,14,68104,6,34562,8,31443,0,2099,7,8492,5,30698,7,39190,California
Mendocino,2021-04-19,539,68643,515,35077,23,31466,1,2100,427,8809,111,30809,428,39618,California
Mendocino,2021-04-20,419,69062,291,35368,128,31594,0,2100,263,8917,155,30964,263,39881,California
Mendocino,2021-04-21,191,69253,134,35502,56,31650,1,2101,115,8958,74,31038,115,39996,California
Mendocino,2021-04-22,489,69742,315,35817,173,31823,1,2102,315,9102,171,31209,315,40311,California
Mendocino,2021-04-23,853,70595,703,36520,150,31973,0,2102,697,9646,153,31362,697,41008,California
Mendocino,2021-04-24,107,70702,14,36534,93,32066,0,2102,100,9739,7,31369,100,41108,California
Mendocino,2021-04-25,58,70760,34,36568,20,32086,4,2106,19,9723,39,31408,23,41131,California
Mendocino,2021-04-26,308,71068,239,36807,64,32150,5,2111,201,9823,106,31514,206,41337,California
Mendocino,2021-04-27,206,71274,90,36897,89,32239,27,2138,94,9832,111,31625,120,41457,California
Mendocino,2021-04-28,223,71497,150,37047,54,32293,19,2157,127,9883,96,31721,147,41604,California
Mendocino,2021-04-29,1145,72642,842,37889,288,32581,15,2172,109,8976,1031,32752,124,41728,California
Mendocino,2021-04-30,608,73250,384,38273,214,32795,10,2182,228,8835,379,33131,238,41966,California
Mendocino,2021-05-01,473,73723,433,38706,33,32828,7,2189,368,9106,104,33235,375,42341,California
Mendocino,2021-05-02,55,73778,45,38751,7,32835,3,2192,8,9070,47,33282,11,42352,California
Mendocino,2021-05-03,147,73925,85,38836,40,32875,22,2214,43,9033,102,33384,65,42417,California
Mendocino,2021-05-04,378,74303,252,39088,92,32967,34,2248,140,8969,238,33622,174,42591,California
Mendocino,2021-05-05,874,75177,788,39876,71,33038,15,2263,220,8550,653,34275,234,42825,California
Mendocino,2021-05-06,632,75809,381,40257,229,33267,22,2285,155,8252,475,34750,177,43002,California
Mendocino,2021-05-07,187,75996,35,40292,128,33395,24,2309,123,8336,63,34813,147,43149,California
Mendocino,2021-05-08,125,76121,4,40296,120,33515,1,2310,109,8431,15,34828,110,43259,California
Mendocino,2021-05-09,20,76141,5,40301,14,33529,1,2311,3,8418,17,34845,4,43263,California
Mendocino,2021-05-10,246,76387,163,40464,78,33607,5,2316,152,8481,94,34939,157,43420,California
Mendocino,2021-05-11,276,76663,141,40605,117,33724,18,2334,128,8478,147,35086,144,43564,California
Mendocino,2021-05-12,141,76804,80,40685,53,33777,8,2342,43,8433,96,35182,51,43615,California
Mendocino,2021-05-13,1230,78034,1123,41808,90,33867,17,2359,322,7864,908,36090,339,43954,California
Mendocino,2021-05-14,716,78750,489,42297,163,34030,64,2423,245,7707,466,36556,309,44263,California
Mendocino,2021-05-15,85,78835,29,42326,52,34082,4,2427,40,7706,45,36601,44,44307,California
Mendocino,2021-05-16,116,78951,103,42429,11,34093,2,2429,100,7792,16,36617,102,44409,California
Mendocino,2021-05-17,172,79123,84,42513,72,34165,16,2445,95,7826,77,36694,111,44520,California
Mendocino,2021-05-18,244,79367,118,42631,98,34263,28,2473,107,7824,136,36830,134,44654,California
Mendocino,2021-05-19,330,79697,195,42826,114,34377,21,2494,243,8003,85,36915,264,44918,California
Mendocino,2021-05-20,297,79994,118,42944,137,34514,42,2536,109,7970,184,37099,151,45069,California
Mendocino,2021-05-21,638,80632,463,43407,160,34674,15,2551,495,8338,142,37241,510,45579,California
Mendocino,2021-05-22,783,81415,675,44082,100,34774,8,2559,242,8048,540,37781,250,45829,California
Mendocino,2021-05-23,28,81443,11,44093,10,34784,7,2566,15,8056,13,37794,21,45850,California
Mendocino,2021-05-24,126,81569,43,44136,62,34846,21,2587,59,8070,66,37860,80,45930,California
Mendocino,2021-05-25,294,81863,176,44312,89,34935,29,2616,134,8073,160,38020,163,46093,California
Mendocino,2021-05-26,321,82184,242,44554,68,35003,11,2627,130,8024,190,38210,141,46234,California
Mendocino,2021-05-27,245,82429,112,44666,111,35114,22,2649,102,8006,141,38351,123,46357,California
Mendocino,2021-05-28,235,82664,97,44763,126,35240,12,2661,154,8093,79,38430,166,46523,California
Mendocino,2021-05-29,47,82711,16,44779,26,35266,5,2666,27,8105,20,38450,32,46555,California
Mendocino,2021-05-30,15,82726,2,44781,12,35278,1,2667,10,8111,5,38455,11,46566,California
Mendocino,2021-05-31,5,82731,0,44781,4,35282,1,2668,2,8111,3,38458,3,46569,California
Mendocino,2021-06-01,298,83029,91,44872,198,35480,9,2677,81,7984,217,38675,90,46659,California
Mendocino,2021-06-02,158,83187,60,44932,90,35570,8,2685,57,7951,98,38773,65,46724,California
Mendocino,2021-06-03,555,83742,454,45386,92,35662,9,2694,122,7656,426,39199,131,46855,California
Mendocino,2021-06-04,310,84052,187,45573,101,35763,22,2716,80,7528,230,39429,102,46957,California
Mendocino,2021-06-05,158,84210,65,45638,76,35839,17,2733,60,7508,97,39526,77,47034,California
Mendocino,2021-06-06,64,84274,59,45697,2,35841,3,2736,2,7451,62,39588,5,47039,California
Mendocino,2021-06-07,152,84426,76,45773,64,35905,12,2748,60,7431,92,39680,72,47111,California
Mendocino,2021-06-08,214,84640,124,45897,78,35983,12,2760,91,7414,120,39800,103,47214,California
Mendocino,2021-06-09,255,84895,214,46111,35,36018,6,2766,81,7329,173,39973,88,47302,California
Mendocino,2021-06-10,39,84934,15,46126,22,36040,2,2768,21,7334,18,39991,23,47325,California
Merced,2020-12-16,3,3,3,3,0,0,0,0,3,3,0,0,3,3,California
Merced,2020-12-17,7,10,7,10,0,0,0,0,7,10,0,0,7,10,California
Merced,2020-12-18,145,155,145,155,0,0,0,0,145,155,0,0,145,155,California
Merced,2020-12-19,37,192,37,192,0,0,0,0,37,192,0,0,37,192,California
Merced,2020-12-20,18,210,18,210,0,0,0,0,18,210,0,0,18,210,California
Merced,2020-12-21,124,334,121,331,3,3,0,0,124,334,0,0,124,334,California
Merced,2020-12-22,152,486,152,483,0,3,0,0,152,486,0,0,152,486,California
Merced,2020-12-23,250,736,244,727,6,9,0,0,250,736,0,0,250,736,California
Merced,2020-12-24,72,808,72,799,0,9,0,0,72,808,0,0,72,808,California
Merced,2020-12-25,4,812,4,803,0,9,0,0,4,812,0,0,4,812,California
Merced,2020-12-26,6,818,3,806,3,12,0,0,6,818,0,0,6,818,California
Merced,2020-12-27,12,830,11,817,1,13,0,0,12,830,0,0,12,830,California
Merced,2020-12-28,122,952,97,914,25,38,0,0,122,952,0,0,122,952,California
Merced,2020-12-29,181,1133,124,1038,57,95,0,0,181,1133,0,0,181,1133,California
Merced,2020-12-30,216,1349,89,1127,127,222,0,0,216,1349,0,0,216,1349,California
Merced,2020-12-31,103,1452,34,1161,69,291,0,0,103,1452,0,0,103,1452,California
Merced,2021-01-01,5,1457,1,1162,4,295,0,0,5,1457,0,0,5,1457,California
Merced,2021-01-02,129,1586,118,1280,11,306,0,0,129,1586,0,0,129,1586,California
Merced,2021-01-03,9,1595,5,1285,4,310,0,0,9,1595,0,0,9,1595,California
Merced,2021-01-04,81,1676,43,1328,38,348,0,0,81,1676,0,0,81,1676,California
Merced,2021-01-05,321,1997,232,1560,89,437,0,0,315,1987,6,6,317,1993,California
Merced,2021-01-06,257,2254,105,1665,152,589,0,0,252,2234,5,11,252,2245,California
Merced,2021-01-07,186,2440,83,1748,103,692,0,0,175,2397,12,23,175,2420,California
Merced,2021-01-08,527,2967,394,2142,133,825,0,0,374,2619,152,175,374,2794,California
Merced,2021-01-09,22,2989,9,2151,13,838,0,0,17,2631,5,180,17,2811,California
Merced,2021-01-10,11,3000,7,2158,4,842,0,0,7,2634,4,184,7,2818,California
Merced,2021-01-11,230,3230,171,2329,59,901,0,0,103,2612,127,311,105,2923,California
Merced,2021-01-12,291,3521,168,2497,123,1024,0,0,243,2806,49,360,243,3166,California
Merced,2021-01-13,378,3899,175,2672,203,1227,0,0,226,2883,152,512,229,3395,California
Merced,2021-01-14,323,4222,201,2873,122,1349,0,0,157,2876,165,677,158,3553,California
Merced,2021-01-15,584,4806,129,3002,455,1804,0,0,545,3384,40,717,548,4101,California
Merced,2021-01-16,213,5019,129,3131,84,1888,0,0,196,3563,17,734,196,4297,California
Merced,2021-01-17,50,5069,12,3143,38,1926,0,0,49,3611,1,735,49,4346,California
Merced,2021-01-18,266,5335,127,3270,139,2065,0,0,243,3835,23,758,247,4593,California
Merced,2021-01-19,713,6048,589,3859,124,2189,0,0,540,4207,173,931,545,5138,California
Merced,2021-01-20,572,6620,467,4326,105,2294,0,0,515,4668,57,988,518,5656,California
Merced,2021-01-21,1011,7631,651,4977,360,2654,0,0,911,5482,100,1088,914,6570,California
Merced,2021-01-22,1315,8946,694,5671,621,3275,0,0,1287,6754,27,1115,1299,7869,California
Merced,2021-01-23,325,9271,198,5869,127,3402,0,0,218,6865,107,1222,218,8087,California
Merced,2021-01-24,37,9308,15,5884,22,3424,0,0,28,6885,8,1230,28,8115,California
Merced,2021-01-25,730,10038,242,6126,488,3912,0,0,669,7495,60,1290,670,8785,California
Merced,2021-01-26,920,10958,488,6614,432,4344,0,0,677,7957,216,1506,678,9463,California
Merced,2021-01-27,986,11944,589,7203,397,4741,0,0,816,8605,168,1674,816,10279,California
Merced,2021-01-28,1141,13085,595,7798,546,5287,0,0,1017,9500,123,1797,1018,11297,California
Merced,2021-01-29,852,13937,323,8121,529,5816,0,0,599,9862,240,2037,602,11899,California
Merced,2021-01-30,260,14197,28,8149,232,6048,0,0,243,10088,17,2054,243,12142,California
Merced,2021-01-31,47,14244,11,8160,36,6084,0,0,46,10133,1,2055,46,12188,California
Merced,2021-02-01,378,14622,55,8215,323,6407,0,0,327,10411,50,2105,328,12516,California
Merced,2021-02-02,298,14920,179,8394,119,6526,0,0,178,10473,117,2222,179,12695,California
Merced,2021-02-03,350,15270,72,8466,278,6804,0,0,170,10462,181,2403,170,12865,California
Merced,2021-02-04,370,15640,145,8611,225,7029,0,0,239,10572,130,2533,240,13105,California
Merced,2021-02-05,508,16148,169,8780,339,7368,0,0,271,10609,236,2769,273,13378,California
Merced,2021-02-06,389,16537,218,8998,171,7539,0,0,245,10714,141,2910,246,13624,California
Merced,2021-02-07,20,16557,12,9010,8,7547,0,0,13,10720,7,2917,13,13637,California
Merced,2021-02-08,284,16841,199,9209,85,7632,0,0,171,10781,111,3028,172,13809,California
Merced,2021-02-09,1216,18057,956,10165,260,7892,0,0,772,11118,436,3464,773,14582,California
Merced,2021-02-10,1858,19915,1433,11598,425,8317,0,0,1274,11818,574,4038,1274,15856,California
Merced,2021-02-11,2507,22422,2011,13609,496,8813,0,0,1816,12955,679,4717,1816,17672,California
Merced,2021-02-12,1721,24143,1019,14628,702,9515,0,0,746,12747,957,5674,749,18421,California
Merced,2021-02-13,362,24505,208,14836,154,9669,0,0,263,12917,95,5769,265,18686,California
Merced,2021-02-14,118,24623,26,14862,92,9761,0,0,96,12992,22,5791,97,18783,California
Merced,2021-02-15,274,24897,42,14904,232,9993,0,0,169,13064,98,5889,170,18953,California
Merced,2021-02-16,1218,26115,845,15749,373,10366,0,0,835,13539,364,6253,839,19792,California
Merced,2021-02-17,1887,28002,1641,17390,246,10612,0,0,1312,14301,559,6812,1321,21113,California
Merced,2021-02-18,1216,29218,825,18215,391,11003,0,0,406,13921,789,7601,409,21522,California
Merced,2021-02-19,1264,30482,415,18630,849,11852,0,0,538,13741,720,8321,540,22062,California
Merced,2021-02-20,279,30761,32,18662,247,12099,0,0,140,13744,137,8458,140,22202,California
Merced,2021-02-21,77,30838,62,18724,15,12114,0,0,31,13731,44,8502,31,22233,California
Merced,2021-02-22,833,31671,296,19020,537,12651,0,0,482,13865,349,8851,483,22716,California
Merced,2021-02-23,1081,32752,420,19440,661,13312,0,0,637,14065,438,9289,638,23354,California
Merced,2021-02-24,821,33573,303,19743,518,13830,0,0,450,14154,362,9651,451,23805,California
Merced,2021-02-25,1772,35345,880,20623,892,14722,0,0,1317,15022,452,10103,1320,25125,California
Merced,2021-02-26,2157,37502,1382,22005,775,15497,0,0,1742,16357,408,10511,1743,26868,California
Merced,2021-02-27,2609,40111,1183,23188,1426,16923,0,0,2325,18399,283,10794,2325,29193,California
Merced,2021-02-28,312,40423,74,23262,237,17160,1,1,257,18605,51,10845,257,29450,California
Merced,2021-03-01,1127,41550,284,23546,842,18002,1,2,783,19055,334,11179,784,30234,California
Merced,2021-03-02,1757,43307,911,24457,845,18847,1,3,1362,20033,387,11566,1365,31599,California
Merced,2021-03-03,2234,45541,1736,26193,497,19344,1,4,1471,20762,744,12310,1473,33072,California
Merced,2021-03-04,2899,48440,2274,28467,623,19967,2,6,1924,21732,957,13267,1927,34999,California
Merced,2021-03-05,2079,50519,1200,29667,855,20822,24,30,1535,22763,529,13796,1560,36559,California
Merced,2021-03-06,1167,51686,663,30330,482,21304,22,52,911,23441,255,14051,933,37492,California
Merced,2021-03-07,231,51917,67,30397,139,21443,25,77,202,23639,29,14080,227,37719,California
Merced,2021-03-08,1406,53323,808,31205,533,21976,65,142,1190,24678,215,14295,1254,38973,California
Merced,2021-03-09,1697,55020,1004,32209,585,22561,108,250,1099,25293,592,14887,1207,40180,California
Merced,2021-03-10,2710,57730,1875,34084,634,23195,201,451,1631,26064,1064,15951,1835,42015,California
Merced,2021-03-11,1951,59681,700,34784,1048,24243,203,654,1230,26813,706,16657,1455,43470,California
Merced,2021-03-12,2217,61898,903,35687,1042,25285,272,926,1496,27877,716,17373,1780,45250,California
Merced,2021-03-13,1008,62906,310,35997,457,25742,241,1167,704,28527,296,17669,946,46196,California
Merced,2021-03-14,251,63157,137,36134,84,25826,30,1197,150,28607,100,17769,180,46376,California
Merced,2021-03-15,1528,64685,498,36632,773,26599,257,1454,1006,29355,514,18283,1262,47638,California
Merced,2021-03-16,1470,66155,714,37346,529,27128,227,1681,978,30080,481,18764,1206,48844,California
Merced,2021-03-17,1971,68126,1066,38412,727,27855,178,1859,1514,31327,447,19211,1694,50538,California
Merced,2021-03-18,2125,70251,1252,39664,727,28582,146,2005,1396,32168,714,19925,1555,52093,California
Merced,2021-03-19,2670,72921,1458,41122,1017,29599,195,2200,1385,32474,1274,21199,1580,53673,California
Merced,2021-03-20,2454,75375,1525,42647,534,30133,395,2595,962,32349,1487,22686,1362,55035,California
Merced,2021-03-21,556,75931,343,42990,201,30334,12,2607,437,32681,119,22805,451,55486,California
Merced,2021-03-22,1265,77196,631,43621,557,30891,77,2684,886,33276,370,23175,965,56451,California
Merced,2021-03-23,1837,79033,1107,44728,666,31557,64,2748,1355,34219,476,23651,1419,57870,California
Merced,2021-03-24,1471,80504,930,45658,506,32063,35,2783,991,34771,474,24125,1026,58896,California
Merced,2021-03-25,3328,83832,2281,47939,1024,33087,23,2806,2086,35653,1230,25355,2112,61008,California
Merced,2021-03-26,1940,85772,1091,49030,815,33902,34,2840,893,35544,1035,26390,926,61934,California
Merced,2021-03-27,3566,89338,1909,50939,1240,35142,417,3257,1555,35520,1997,28387,1973,63907,California
Merced,2021-03-28,523,89861,216,51155,299,35441,8,3265,214,35435,307,28694,222,64129,California
Merced,2021-03-29,1830,91691,781,51936,882,36323,167,3432,670,35125,1151,29845,841,64970,California
Merced,2021-03-30,2149,93840,804,52740,1286,37609,59,3491,990,35023,1153,30998,1051,66021,California
Merced,2021-03-31,2149,95989,1412,54152,699,38308,38,3529,953,34837,1178,32176,992,67013,California
Merced,2021-04-01,2326,98315,1052,55204,1144,39452,130,3659,1042,34737,1272,33448,1172,68185,California
Merced,2021-04-02,2338,100653,640,55844,1293,40745,405,4064,785,34392,1536,34984,1191,69376,California
Merced,2021-04-03,971,101624,488,56332,468,41213,15,4079,560,34562,407,35391,577,69953,California
Merced,2021-04-04,370,101994,143,56475,224,41437,3,4082,142,34482,227,35618,147,70100,California
Merced,2021-04-05,1276,103270,608,57083,455,41892,213,4295,418,34261,851,36469,630,70730,California
Merced,2021-04-06,2421,105691,894,57977,699,42591,828,5123,890,34451,1526,37995,1716,72446,California
Merced,2021-04-07,1670,107361,894,58871,667,43258,109,5232,590,34090,1062,39057,701,73147,California
Merced,2021-04-08,2415,109776,1279,60150,920,44178,216,5448,927,33775,1456,40513,1141,74288,California
Merced,2021-04-09,1698,111474,474,60624,648,44826,576,6024,566,33806,1113,41626,1144,75432,California
Merced,2021-04-10,980,112454,369,60993,424,45250,187,6211,176,33369,798,42424,361,75793,California
Merced,2021-04-11,488,112942,282,61275,72,45322,134,6345,148,33314,338,42762,283,76076,California
Merced,2021-04-12,1502,114444,984,62259,394,45716,124,6469,867,33707,598,43360,991,77067,California
Merced,2021-04-13,2043,116487,1464,63723,576,46292,3,6472,938,33638,1014,44374,945,78012,California
Merced,2021-04-14,2095,118582,1230,64953,865,47157,0,6472,926,33532,1035,45409,929,78941,California
Merced,2021-04-15,3024,121606,1980,66933,1044,48201,0,6472,956,32659,1835,47244,962,79903,California
Merced,2021-04-16,2379,123985,1165,68098,1214,49415,0,6472,970,32318,1311,48555,970,80873,California
Merced,2021-04-17,2091,126076,1432,69530,658,50073,1,6473,680,31596,1404,49959,682,81555,California
Merced,2021-04-18,471,126547,248,69778,223,50296,0,6473,191,31535,252,50211,191,81746,California
Merced,2021-04-19,1337,127884,751,70529,586,50882,0,6473,705,31705,536,50747,706,82452,California
Merced,2021-04-20,1476,129360,741,71270,735,51617,0,6473,804,31906,603,51350,804,83256,California
Merced,2021-04-21,1505,130865,913,72183,592,52209,0,6473,763,32040,630,51980,764,84020,California
Merced,2021-04-22,1620,132485,743,72926,877,53086,0,6473,783,32068,756,52736,784,84804,California
Merced,2021-04-23,1648,134133,685,73611,963,54049,0,6473,887,32241,715,53451,888,85692,California
Merced,2021-04-24,662,134795,477,74088,185,54234,0,6473,450,32485,206,53657,450,86142,California
Merced,2021-04-25,326,135121,186,74274,140,54374,0,6473,191,32544,132,53789,191,86333,California
Merced,2021-04-26,1220,136341,534,74808,686,55060,0,6473,640,32639,547,54336,642,86975,California
Merced,2021-04-27,1768,138109,893,75701,864,55924,11,6484,713,32378,986,55322,725,87700,California
Merced,2021-04-28,1371,139480,679,76380,683,56607,9,6493,783,32606,565,55887,793,88493,California
Merced,2021-04-29,1427,140907,615,76995,787,57394,25,6518,670,32555,748,56635,697,89190,California
Merced,2021-04-30,1460,142367,617,77612,799,58193,44,6562,750,32647,703,57338,795,89985,California
Merced,2021-05-01,559,142926,240,77852,314,58507,5,6567,259,32614,296,57634,263,90248,California
Merced,2021-05-02,296,143222,121,77973,160,58667,15,6582,131,32598,164,57798,148,90396,California
Merced,2021-05-03,846,144068,555,78528,221,58888,70,6652,303,32433,539,58337,374,90770,California
Merced,2021-05-04,1017,145085,545,79073,420,59308,52,6704,376,32223,638,58975,428,91198,California
Merced,2021-05-05,1326,146411,828,79901,422,59730,76,6780,626,32238,688,59663,703,91901,California
Merced,2021-05-06,916,147327,479,80380,387,60117,50,6830,301,31982,607,60270,351,92252,California
Merced,2021-05-07,936,148263,292,80672,602,60719,42,6872,397,31888,535,60805,441,92693,California
Merced,2021-05-08,398,148661,203,80875,159,60878,36,6908,183,31893,214,61019,219,92912,California
Merced,2021-05-09,213,148874,106,80981,100,60978,7,6915,102,31892,110,61129,109,93021,California
Merced,2021-05-10,693,149567,356,81337,300,61278,37,6952,188,31615,503,61632,226,93247,California
Merced,2021-05-11,1139,150706,677,82014,406,61684,56,7008,436,31410,697,62329,492,93739,California
Merced,2021-05-12,1014,151720,548,82562,425,62109,41,7049,323,31087,688,63017,365,94104,California
Merced,2021-05-13,827,152547,426,82988,359,62468,42,7091,319,30944,504,63521,361,94465,California
Merced,2021-05-14,1031,153578,622,83610,369,62837,40,7131,540,31039,485,64006,580,95045,California
Merced,2021-05-15,756,154334,573,84183,164,63001,19,7150,449,31211,297,64303,469,95514,California
Merced,2021-05-16,349,154683,233,84416,108,63109,8,7158,199,31271,148,64451,208,95722,California
Merced,2021-05-17,1093,155776,713,85129,350,63459,30,7188,540,31295,547,64998,571,96293,California
Merced,2021-05-18,1272,157048,852,85981,389,63848,31,7219,720,31501,545,65543,751,97044,California
Merced,2021-05-19,1101,158149,752,86733,342,64190,7,7226,623,31660,475,66018,634,97678,California
Merced,2021-05-20,1026,159175,543,87276,428,64618,55,7281,396,31485,628,66646,453,98131,California
Merced,2021-05-21,1169,160344,666,87942,475,65093,28,7309,482,31319,677,67323,511,98642,California
Merced,2021-05-22,698,161042,492,88434,193,65286,13,7322,400,31440,295,67618,416,99058,California
Merced,2021-05-23,331,161373,233,88667,86,65372,12,7334,221,31564,109,67727,233,99291,California
Merced,2021-05-24,533,161906,247,88914,256,65628,30,7364,215,31496,314,68041,246,99537,California
Merced,2021-05-25,761,162667,431,89345,296,65924,34,7398,400,31572,358,68399,434,99971,California
Merced,2021-05-26,973,163640,550,89895,390,66314,33,7431,407,31448,564,68963,440,100411,California
Merced,2021-05-27,925,164565,654,90549,238,66552,33,7464,573,31706,349,69312,607,101018,California
Merced,2021-05-28,764,165329,345,90894,372,66924,47,7511,339,31676,417,69729,387,101405,California
Merced,2021-05-29,393,165722,273,91167,112,67036,8,7519,174,31643,216,69945,183,101588,California
Merced,2021-05-30,213,165935,145,91312,57,67093,11,7530,134,31710,78,70023,145,101733,California
Merced,2021-05-31,110,166045,24,91336,80,67173,6,7536,31,31671,77,70100,38,101771,California
Merced,2021-06-01,790,166835,469,91805,289,67462,32,7568,340,31597,445,70545,371,102142,California
Merced,2021-06-02,676,167511,481,92286,169,67631,26,7594,371,31696,298,70843,397,102539,California
Merced,2021-06-03,751,168262,478,92764,240,67871,33,7627,345,31673,400,71243,377,102916,California
Merced,2021-06-04,775,169037,441,93205,313,68184,21,7648,325,31575,445,71688,347,103263,California
Merced,2021-06-05,481,169518,380,93585,93,68277,8,7656,177,31459,301,71989,185,103448,California
Merced,2021-06-06,225,169743,190,93775,29,68306,6,7662,84,31408,141,72130,90,103538,California
Merced,2021-06-07,622,170365,511,94286,99,68405,12,7674,179,31158,443,72573,193,103731,California
Merced,2021-06-08,817,171182,626,94912,167,68572,24,7698,263,30894,551,73124,287,104018,California
Merced,2021-06-09,664,171846,570,95482,83,68655,11,7709,175,30598,482,73606,186,104204,California
Merced,2021-06-10,164,172010,91,95573,69,68724,4,7713,49,30539,112,73718,53,104257,California
Modoc,2020-12-16,1,1,1,1,0,0,0,0,1,1,0,0,1,1,California
Modoc,2020-12-21,100,101,100,101,0,0,0,0,100,101,0,0,100,101,California
Modoc,2020-12-22,14,115,14,115,0,0,0,0,14,115,0,0,14,115,California
Modoc,2020-12-23,4,119,4,119,0,0,0,0,4,119,0,0,4,119,California
Modoc,2020-12-24,1,120,1,120,0,0,0,0,1,120,0,0,1,120,California
Modoc,2020-12-28,2,122,2,122,0,0,0,0,2,122,0,0,2,122,California
Modoc,2020-12-29,9,131,1,123,8,8,0,0,9,131,0,0,9,131,California
Modoc,2020-12-30,8,139,1,124,7,15,0,0,8,139,0,0,8,139,California
Modoc,2021-01-02,3,142,1,125,2,17,0,0,3,142,0,0,3,142,California
Modoc,2021-01-04,8,150,0,125,8,25,0,0,8,150,0,0,8,150,California
Modoc,2021-01-05,3,153,2,127,1,26,0,0,3,153,0,0,3,153,California
Modoc,2021-01-06,3,156,2,129,1,27,0,0,2,154,1,1,2,155,California
Modoc,2021-01-07,73,229,0,129,73,100,0,0,73,227,0,1,73,228,California
Modoc,2021-01-08,106,335,0,129,106,206,0,0,106,333,0,1,106,334,California
Modoc,2021-01-10,1,336,1,130,0,206,0,0,0,332,1,2,0,334,California
Modoc,2021-01-11,91,427,82,212,9,215,0,0,19,279,72,74,19,353,California
Modoc,2021-01-12,94,521,25,237,69,284,0,0,68,321,26,100,68,421,California
Modoc,2021-01-13,24,545,4,241,20,304,0,0,22,341,2,102,22,443,California
Modoc,2021-01-14,129,674,6,247,123,427,0,0,124,460,5,107,124,567,California
Modoc,2021-01-15,6,680,1,248,5,432,0,0,6,466,0,107,6,573,California
Modoc,2021-01-16,2,682,1,249,1,433,0,0,2,468,0,107,2,575,California
Modoc,2021-01-18,3,685,1,250,2,435,0,0,3,471,0,107,3,578,California
Modoc,2021-01-19,5,690,3,253,2,437,0,0,3,472,2,109,3,581,California
Modoc,2021-01-20,13,703,3,256,10,447,0,0,12,483,1,110,12,593,California
Modoc,2021-01-21,158,861,2,258,156,603,0,0,158,641,0,110,158,751,California
Modoc,2021-01-22,3,864,1,259,2,605,0,0,3,644,0,110,3,754,California
Modoc,2021-01-25,11,875,0,259,11,616,0,0,11,655,0,110,11,765,California
Modoc,2021-01-26,90,965,1,260,89,705,0,0,90,745,0,110,90,855,California
Modoc,2021-01-27,40,1005,3,263,37,742,0,0,25,755,15,125,25,880,California
Modoc,2021-01-28,148,1153,3,266,145,887,0,0,147,901,1,126,147,1027,California
Modoc,2021-01-29,4,1157,1,267,3,890,0,0,4,905,0,126,4,1031,California
Modoc,2021-02-01,26,1183,13,280,13,903,0,0,12,903,14,140,12,1043,California
Modoc,2021-02-02,171,1354,2,282,169,1072,0,0,168,1068,3,143,168,1211,California
Modoc,2021-02-03,18,1372,13,295,5,1077,0,0,11,1072,7,150,11,1222,California
Modoc,2021-02-04,158,1530,3,298,155,1232,0,0,29,972,129,279,29,1251,California
Modoc,2021-02-05,3,1533,2,300,1,1233,0,0,2,973,1,280,2,1253,California
Modoc,2021-02-08,10,1543,2,302,8,1241,0,0,9,981,1,281,9,1262,California
Modoc,2021-02-09,198,1741,12,314,186,1427,0,0,65,913,133,414,65,1327,California
Modoc,2021-02-10,6,1747,3,317,3,1430,0,0,4,915,2,416,4,1331,California
Modoc,2021-02-11,201,1948,3,320,198,1628,0,0,83,880,118,534,83,1414,California
Modoc,2021-02-12,7,1955,1,321,6,1634,0,0,3,879,4,538,3,1417,California
Modoc,2021-02-13,2,1957,0,321,2,1636,0,0,1,879,1,539,1,1418,California
Modoc,2021-02-16,147,2104,6,327,141,1777,0,0,141,1014,6,545,141,1559,California
Modoc,2021-02-17,25,2129,2,329,23,1800,0,0,12,1013,13,558,12,1571,California
Modoc,2021-02-18,189,2318,3,332,186,1986,0,0,23,873,165,723,25,1596,California
Modoc,2021-02-19,3,2321,3,335,0,1986,0,0,2,874,1,724,2,1598,California
Modoc,2021-02-20,1,2322,1,336,0,1986,0,0,0,873,1,725,0,1598,California
Modoc,2021-02-22,17,2339,9,345,8,1994,0,0,3,862,14,739,3,1601,California
Modoc,2021-02-23,52,2391,2,347,50,2044,0,0,8,826,44,783,8,1609,California
Modoc,2021-02-24,90,2481,1,348,89,2133,0,0,31,798,59,842,31,1640,California
Modoc,2021-02-25,170,2651,0,348,170,2303,0,0,12,652,158,1000,12,1652,California
Modoc,2021-02-26,3,2654,0,348,3,2306,0,0,1,651,2,1002,1,1653,California
Modoc,2021-02-27,3,2657,3,351,0,2306,0,0,2,652,1,1003,2,1655,California
Modoc,2021-03-01,5,2662,0,351,5,2311,0,0,0,648,4,1007,0,1655,California
Modoc,2021-03-02,194,2856,12,363,182,2493,0,0,26,506,168,1175,26,1681,California
Modoc,2021-03-03,12,2868,6,369,6,2499,0,0,2,498,10,1185,2,1683,California
Modoc,2021-03-04,176,3044,2,371,174,2673,0,0,147,616,29,1214,147,1830,California
Modoc,2021-03-05,3,3047,2,373,1,2674,0,0,2,617,1,1215,2,1832,California
Modoc,2021-03-06,11,3058,0,373,1,2675,10,10,1,618,10,1225,11,1843,California
Modoc,2021-03-07,8,3066,2,375,0,2675,6,16,2,620,6,1231,8,1851,California
Modoc,2021-03-08,8,3074,1,376,3,2678,4,20,1,619,6,1237,5,1856,California
Modoc,2021-03-09,127,3201,10,386,109,2787,8,28,61,622,66,1303,69,1925,California
Modoc,2021-03-10,9,3210,3,389,2,2789,4,32,4,625,5,1308,8,1933,California
Modoc,2021-03-11,207,3417,0,389,99,2888,108,140,22,570,185,1493,130,2063,California
Modoc,2021-03-12,10,3427,1,390,4,2892,5,145,4,573,6,1499,9,2072,California
Modoc,2021-03-13,4,3431,0,390,1,2893,3,148,1,574,3,1502,4,2076,California
Modoc,2021-03-15,14,3445,1,391,12,2905,1,149,12,585,2,1504,13,2089,California
Modoc,2021-03-16,173,3618,1,392,168,3073,4,153,42,499,131,1635,45,2134,California
Modoc,2021-03-17,10,3628,1,393,4,3077,5,158,2,498,8,1643,7,2141,California
Modoc,2021-03-18,67,3695,2,395,58,3135,7,165,36,510,31,1674,43,2184,California
Modoc,2021-03-19,5,3700,0,395,0,3135,5,170,0,510,5,1679,5,2189,California
Modoc,2021-03-20,5,3705,2,397,0,3135,3,173,0,508,5,1684,3,2192,California
Modoc,2021-03-21,4,3709,1,398,1,3136,2,175,2,510,2,1686,4,2196,California
Modoc,2021-03-22,17,3726,1,399,11,3147,5,180,12,522,5,1691,17,2213,California
Modoc,2021-03-23,54,3780,7,406,44,3191,3,183,39,549,15,1706,42,2255,California
Modoc,2021-03-24,29,3809,1,407,18,3209,10,193,1,532,28,1734,11,2266,California
Modoc,2021-03-25,78,3887,2,409,74,3283,2,195,46,548,32,1766,48,2314,California
Modoc,2021-03-26,7,3894,2,411,2,3285,3,198,2,548,5,1771,5,2319,California
Modoc,2021-03-27,2,3896,0,411,1,3286,1,199,1,549,1,1772,2,2321,California
Modoc,2021-03-28,2,3898,1,412,0,3286,1,200,0,548,2,1774,1,2322,California
Modoc,2021-03-29,15,3913,1,413,6,3292,8,208,6,553,9,1783,14,2336,California
Modoc,2021-03-30,54,3967,9,422,38,3330,7,215,20,546,34,1817,27,2363,California
Modoc,2021-03-31,9,3976,3,425,2,3332,4,219,3,547,6,1823,7,2370,California
Modoc,2021-04-01,169,4145,2,427,162,3494,5,224,34,451,135,1958,39,2409,California
Modoc,2021-04-02,5,4150,0,427,2,3496,3,227,1,452,3,1961,4,2413,California
Modoc,2021-04-03,4,4154,1,428,0,3496,3,230,1,453,2,1963,3,2416,California
Modoc,2021-04-05,10,4164,0,428,9,3505,1,231,9,462,1,1964,10,2426,California
Modoc,2021-04-06,24,4188,5,433,9,3514,10,241,6,460,18,1982,16,2442,California
Modoc,2021-04-07,12,4200,1,434,4,3518,7,248,3,461,9,1991,10,2452,California
Modoc,2021-04-08,96,4296,1,435,92,3610,3,251,26,420,70,2061,29,2481,California
Modoc,2021-04-09,11,4307,2,437,6,3616,3,254,2,415,9,2070,4,2485,California
Modoc,2021-04-10,5,4312,0,437,1,3617,4,258,0,414,5,2075,4,2489,California
Modoc,2021-04-11,2,4314,2,439,0,3617,0,258,1,414,1,2076,1,2490,California
Modoc,2021-04-12,14,4328,0,439,10,3627,4,262,1,408,11,2087,5,2495,California
Modoc,2021-04-13,33,4361,30,469,3,3630,0,262,22,419,11,2098,22,2517,California
Modoc,2021-04-14,2,4363,2,471,0,3630,0,262,1,419,1,2099,1,2518,California
Modoc,2021-04-15,101,4464,0,471,101,3731,0,262,28,374,73,2172,28,2546,California
Modoc,2021-04-16,6,4470,4,475,2,3733,0,262,5,378,1,2173,5,2551,California
Modoc,2021-04-17,2,4472,2,477,0,3733,0,262,2,380,0,2173,2,2553,California
Modoc,2021-04-18,1,4473,0,477,1,3734,0,262,1,381,0,2173,1,2554,California
Modoc,2021-04-19,6,4479,0,477,6,3740,0,262,1,377,5,2178,1,2555,California
Modoc,2021-04-20,40,4519,2,479,38,3778,0,262,9,355,31,2209,9,2564,California
Modoc,2021-04-21,3,4522,3,482,0,3778,0,262,1,354,2,2211,1,2565,California
Modoc,2021-04-22,96,4618,2,484,94,3872,0,262,38,334,58,2269,38,2603,California
Modoc,2021-04-23,4,4622,0,484,4,3876,0,262,3,336,1,2270,3,2606,California
Modoc,2021-04-24,2,4624,0,484,1,3877,1,263,1,337,1,2271,2,2608,California
Modoc,2021-04-25,1,4625,1,485,0,3877,0,263,1,338,0,2271,1,2609,California
Modoc,2021-04-26,8,4633,0,485,8,3885,0,263,2,334,6,2277,2,2611,California
Modoc,2021-04-27,5,4638,4,489,0,3885,1,264,0,330,5,2282,1,2612,California
Modoc,2021-04-28,6,4644,1,490,4,3889,1,265,2,329,4,2286,3,2615,California
Modoc,2021-04-29,65,4709,1,491,64,3953,0,265,21,306,44,2330,21,2636,California
Modoc,2021-04-30,3,4712,2,493,1,3954,0,265,1,305,2,2332,1,2637,California
Modoc,2021-05-01,1,4713,1,494,0,3954,0,265,0,304,1,2333,0,2637,California
Modoc,2021-05-02,4,4717,3,497,1,3955,0,265,3,306,1,2334,3,2640,California
Modoc,2021-05-03,13,4730,0,497,12,3967,1,266,3,300,10,2344,4,2644,California
Modoc,2021-05-04,11,4741,3,500,6,3973,2,268,5,301,6,2350,7,2651,California
Modoc,2021-05-05,28,4769,25,525,2,3975,1,269,8,290,20,2370,9,2660,California
Modoc,2021-05-06,54,4823,3,528,49,4024,2,271,21,280,33,2403,23,2683,California
Modoc,2021-05-07,8,4831,3,531,3,4027,2,273,2,278,6,2409,4,2687,California
Modoc,2021-05-08,3,4834,2,533,0,4027,1,274,1,278,2,2411,2,2689,California
Modoc,2021-05-09,1,4835,1,534,0,4027,0,274,0,277,1,2412,0,2689,California
Modoc,2021-05-10,2,4837,0,534,1,4028,1,275,1,278,1,2413,2,2691,California
Modoc,2021-05-11,3,4840,2,536,0,4028,1,276,0,276,3,2416,1,2692,California
Modoc,2021-05-12,2,4842,0,536,0,4028,2,278,0,276,2,2418,2,2694,California
Modoc,2021-05-13,43,4885,0,536,39,4067,4,282,14,265,29,2447,18,2712,California
Modoc,2021-05-14,9,4894,3,539,1,4068,5,287,4,269,5,2452,9,2721,California
Modoc,2021-05-15,4,4898,3,542,1,4069,0,287,4,273,0,2452,4,2725,California
Modoc,2021-05-16,2,4900,1,543,1,4070,0,287,0,271,2,2454,0,2725,California
Modoc,2021-05-17,7,4907,3,546,4,4074,0,287,4,272,3,2457,4,2729,California
Modoc,2021-05-18,25,4932,12,558,11,4085,2,289,14,277,11,2468,16,2745,California
Modoc,2021-05-19,8,4940,1,559,3,4088,4,293,4,281,4,2472,8,2753,California
Modoc,2021-05-20,58,4998,3,562,46,4134,9,302,8,248,50,2522,17,2770,California
Modoc,2021-05-21,5,5003,3,565,1,4135,1,303,2,248,3,2525,3,2773,California
Modoc,2021-05-22,2,5005,2,567,0,4135,0,303,1,248,1,2526,1,2774,California
Modoc,2021-05-23,2,5007,2,569,0,4135,0,303,0,246,2,2528,0,2774,California
Modoc,2021-05-24,4,5011,1,570,1,4136,2,305,2,248,2,2530,4,2778,California
Modoc,2021-05-25,2,5013,1,571,1,4137,0,305,1,248,1,2531,1,2779,California
Modoc,2021-05-26,35,5048,32,603,3,4140,0,305,25,264,10,2541,26,2805,California
Modoc,2021-05-27,30,5078,2,605,22,4162,6,311,7,254,23,2564,13,2818,California
Modoc,2021-05-28,8,5086,1,606,4,4166,3,314,3,255,5,2569,6,2824,California
Modoc,2021-05-29,1,5087,1,607,0,4166,0,314,0,254,1,2570,0,2824,California
Modoc,2021-06-01,7,5094,0,607,6,4172,1,315,2,252,5,2575,3,2827,California
Modoc,2021-06-02,11,5105,0,607,9,4181,2,317,5,253,6,2581,7,2834,California
Modoc,2021-06-03,25,5130,1,608,22,4203,2,319,4,238,21,2602,6,2840,California
Modoc,2021-06-04,5,5135,3,611,1,4204,1,320,0,234,5,2607,1,2841,California
Modoc,2021-06-07,4,5139,4,615,0,4204,0,320,1,232,3,2610,1,2842,California
Modoc,2021-06-08,27,5166,7,622,18,4222,2,322,19,245,8,2618,21,2863,California
Modoc,2021-06-09,3,5169,2,624,1,4223,0,322,2,246,1,2619,2,2865,California
Modoc,2021-06-10,18,5187,1,625,17,4240,0,322,6,240,12,2631,6,2871,California
Mono,2020-12-18,1,1,1,1,0,0,0,0,1,1,0,0,1,1,California
Mono,2020-12-19,5,6,5,6,0,0,0,0,5,6,0,0,5,6,California
Mono,2020-12-20,7,13,7,13,0,0,0,0,7,13,0,0,7,13,California
Mono,2020-12-21,24,37,17,30,7,7,0,0,24,37,0,0,24,37,California
Mono,2020-12-22,67,104,66,96,1,8,0,0,67,104,0,0,67,104,California
Mono,2020-12-23,71,175,43,139,28,36,0,0,71,175,0,0,71,175,California
Mono,2020-12-24,3,178,1,140,2,38,0,0,3,178,0,0,3,178,California
Mono,2020-12-26,3,181,3,143,0,38,0,0,3,181,0,0,3,181,California
Mono,2020-12-27,1,182,0,143,1,39,0,0,1,182,0,0,1,182,California
Mono,2020-12-28,94,276,63,206,31,70,0,0,94,276,0,0,94,276,California
Mono,2020-12-29,29,305,29,235,0,70,0,0,29,305,0,0,29,305,California
Mono,2020-12-30,77,382,36,271,41,111,0,0,77,382,0,0,77,382,California
Mono,2020-12-31,4,386,1,272,3,114,0,0,4,386,0,0,4,386,California
Mono,2021-01-01,4,390,4,276,0,114,0,0,4,390,0,0,4,390,California
Mono,2021-01-02,2,392,2,278,0,114,0,0,2,392,0,0,2,392,California
Mono,2021-01-04,2,394,0,278,2,116,0,0,2,394,0,0,2,394,California
Mono,2021-01-05,45,439,2,280,43,159,0,0,44,437,1,1,44,438,California
Mono,2021-01-06,48,487,0,280,48,207,0,0,48,485,0,1,48,486,California
Mono,2021-01-07,55,542,3,283,52,259,0,0,53,537,2,3,54,540,California
Mono,2021-01-08,2,544,1,284,1,260,0,0,1,537,1,4,1,541,California
Mono,2021-01-09,4,548,4,288,0,260,0,0,0,533,4,8,0,541,California
Mono,2021-01-10,5,553,5,293,0,260,0,0,0,528,5,13,0,541,California
Mono,2021-01-11,8,561,5,298,3,263,0,0,4,528,4,17,4,545,California
Mono,2021-01-12,285,846,77,375,208,471,0,0,220,684,64,81,220,765,California
Mono,2021-01-13,233,1079,73,448,160,631,0,0,178,807,55,136,178,943,California
Mono,2021-01-14,74,1153,71,519,3,634,0,0,74,881,0,136,74,1017,California
Mono,2021-01-15,66,1219,2,521,64,698,0,0,66,947,0,136,66,1083,California
Mono,2021-01-16,4,1223,3,524,1,699,0,0,1,945,3,139,1,1084,California
Mono,2021-01-18,64,1287,55,579,9,708,0,0,2,885,62,201,2,1086,California
Mono,2021-01-19,211,1498,209,788,2,710,0,0,173,1021,38,239,174,1260,California
Mono,2021-01-20,231,1729,199,987,32,742,0,0,170,1130,61,300,170,1430,California
Mono,2021-01-21,6,1735,3,990,3,745,0,0,6,1136,0,300,6,1436,California
Mono,2021-01-22,4,1739,0,990,4,749,0,0,4,1140,0,300,4,1440,California
Mono,2021-01-23,591,2330,591,1581,0,749,0,0,590,1729,1,301,590,2030,California
Mono,2021-01-24,1,2331,0,1581,1,750,0,0,0,1728,1,302,0,2030,California
Mono,2021-01-25,202,2533,164,1745,38,788,0,0,163,1852,39,341,163,2193,California
Mono,2021-01-26,505,3038,503,2248,2,790,0,0,499,2345,6,347,499,2692,California
Mono,2021-01-27,5,3043,1,2249,4,794,0,0,5,2350,0,347,5,2697,California
Mono,2021-01-28,6,3049,2,2251,4,798,0,0,2,2348,4,351,2,2699,California
Mono,2021-01-30,200,3249,198,2449,2,800,0,0,199,2546,1,352,199,2898,California
Mono,2021-01-31,246,3495,138,2587,108,908,0,0,139,2578,107,459,139,3037,California
Mono,2021-02-01,27,3522,27,2614,0,908,0,0,0,2551,27,486,0,3037,California
Mono,2021-02-02,5,3527,0,2614,5,913,0,0,2,2550,3,489,2,3039,California
Mono,2021-02-03,5,3532,2,2616,3,916,0,0,2,2549,3,492,2,3041,California
Mono,2021-02-04,212,3744,158,2774,54,970,0,0,91,2520,120,612,91,3132,California
Mono,2021-02-05,619,4363,613,3387,6,976,0,0,616,3133,3,615,616,3748,California
Mono,2021-02-06,138,4501,137,3524,1,977,0,0,137,3269,1,616,137,3885,California
Mono,2021-02-07,2,4503,0,3524,2,979,0,0,2,3271,0,616,2,3887,California
Mono,2021-02-08,173,4676,173,3697,0,979,0,0,15,3129,157,773,15,3902,California
Mono,2021-02-09,227,4903,6,3703,221,1200,0,0,14,2930,213,986,14,3916,California
Mono,2021-02-10,538,5441,188,3891,350,1550,0,0,194,2781,344,1330,195,4111,California
Mono,2021-02-11,8,5449,4,3895,4,1554,0,0,2,2777,6,1336,2,4113,California
Mono,2021-02-12,89,5538,21,3916,68,1622,0,0,27,2742,62,1398,27,4140,California
Mono,2021-02-13,584,6122,584,4500,0,1622,0,0,27,2213,556,1954,27,4167,California
Mono,2021-02-15,166,6288,164,4664,2,1624,0,0,3,2055,161,2115,3,4170,California
Mono,2021-02-16,518,6806,514,5178,4,1628,0,0,46,1632,469,2584,46,4216,California
Mono,2021-02-17,6,6812,2,5180,4,1632,0,0,2,1630,4,2588,2,4218,California
Mono,2021-02-18,6,6818,2,5182,4,1636,0,0,2,1628,4,2592,2,4220,California
Mono,2021-02-19,54,6872,53,5235,1,1637,0,0,54,1682,0,2592,54,4274,California
Mono,2021-02-20,5,6877,5,5240,0,1637,0,0,5,1687,0,2592,5,4279,California
Mono,2021-02-21,6,6883,6,5246,0,1637,0,0,4,1689,2,2594,4,4283,California
Mono,2021-02-22,283,7166,282,5528,1,1638,0,0,24,1455,258,2852,24,4307,California
Mono,2021-02-23,138,7304,118,5646,20,1658,0,0,22,1361,116,2968,22,4329,California
Mono,2021-02-24,11,7315,3,5649,8,1666,0,0,4,1358,7,2975,4,4333,California
Mono,2021-02-25,5,7320,2,5651,3,1669,0,0,3,1360,1,2976,3,4336,California
Mono,2021-02-26,599,7919,597,6248,2,1671,0,0,20,802,578,3554,20,4356,California
Mono,2021-02-27,141,8060,137,6385,4,1675,0,0,4,671,135,3689,4,4360,California
Mono,2021-02-28,1,8061,0,6385,0,1675,1,1,0,671,1,3690,1,4361,California
Mono,2021-03-01,2,8063,2,6387,0,1675,0,1,1,672,0,3690,1,4362,California
Mono,2021-03-02,8,8071,4,6391,4,1679,0,1,6,676,2,3692,6,4368,California
Mono,2021-03-03,114,8185,3,6394,111,1790,0,1,110,783,3,3695,110,4478,California
Mono,2021-03-04,6,8191,1,6395,5,1795,0,1,3,783,3,3698,3,4481,California
Mono,2021-03-05,38,8229,29,6424,9,1804,0,1,12,769,26,3724,12,4493,California
Mono,2021-03-06,513,8742,18,6442,495,2299,0,1,504,1267,7,3731,505,4998,California
Mono,2021-03-07,1,8743,0,6442,1,2300,0,1,0,1266,1,3732,0,4998,California
Mono,2021-03-08,544,9287,11,6453,530,2830,3,4,535,1795,9,3741,538,5536,California
Mono,2021-03-09,6,9293,2,6455,3,2833,1,5,3,1797,2,3743,4,5540,California
Mono,2021-03-10,286,9579,90,6545,193,3026,3,8,9,1535,274,4017,12,5552,California
Mono,2021-03-11,10,9589,0,6545,1,3027,9,17,0,1534,10,4027,9,5561,California
Mono,2021-03-12,7,9596,1,6546,1,3028,5,22,0,1532,7,4034,5,5566,California
Mono,2021-03-13,831,10427,394,6940,436,3464,1,23,821,2344,10,4044,822,6388,California
Mono,2021-03-14,5,10432,5,6945,0,3464,0,23,1,2341,4,4048,1,6389,California
Mono,2021-03-15,31,10463,23,6968,3,3467,5,28,14,2344,16,4064,19,6408,California
Mono,2021-03-16,17,10480,6,6974,5,3472,6,34,8,2349,9,4073,14,6422,California
Mono,2021-03-17,32,10512,4,6978,20,3492,8,42,20,2365,12,4085,28,6450,California
Mono,2021-03-18,21,10533,2,6980,11,3503,8,50,9,2370,12,4097,17,6467,California
Mono,2021-03-19,21,10554,1,6981,17,3520,3,53,17,2387,3,4100,20,6487,California
Mono,2021-03-20,5,10559,3,6984,1,3521,1,54,4,2391,1,4101,5,6492,California
Mono,2021-03-22,11,10570,0,6984,6,3527,5,59,5,2395,6,4107,10,6502,California
Mono,2021-03-23,43,10613,6,6990,32,3559,5,64,17,2391,26,4133,22,6524,California
Mono,2021-03-24,13,10626,1,6991,7,3566,5,69,5,2393,8,4141,10,6534,California
Mono,2021-03-25,18,10644,2,6993,12,3578,4,73,12,2403,6,4147,16,6550,California
Mono,2021-03-26,19,10663,3,6996,11,3589,5,78,10,2410,8,4155,15,6565,California
Mono,2021-03-27,359,11022,356,7352,3,3592,0,78,333,2717,26,4181,333,6898,California
Mono,2021-03-29,11,11033,3,7355,7,3599,1,79,9,2725,2,4183,10,6908,California
Mono,2021-03-30,14,11047,0,7355,10,3609,4,83,7,2729,7,4190,11,6919,California
Mono,2021-03-31,134,11181,8,7363,125,3734,1,84,22,2641,111,4301,23,6942,California
Mono,2021-04-01,9,11190,0,7363,8,3742,1,85,4,2641,5,4306,5,6947,California
Mono,2021-04-02,18,11208,2,7365,16,3758,0,85,8,2639,10,4316,8,6955,California
Mono,2021-04-03,879,12087,380,7745,499,4257,0,85,51,1864,826,5142,51,7006,California
Mono,2021-04-04,1,12088,1,7746,0,4257,0,85,0,1863,1,5143,0,7006,California
Mono,2021-04-05,542,12630,19,7765,522,4779,1,86,35,1393,506,5649,36,7042,California
Mono,2021-04-06,19,12649,1,7766,5,4784,13,99,1,1389,18,5667,14,7056,California
Mono,2021-04-07,24,12673,3,7769,2,4786,19,118,3,1390,21,5688,22,7078,California
Mono,2021-04-08,24,12697,4,7773,2,4788,18,136,5,1394,19,5707,23,7101,California
Mono,2021-04-09,37,12734,4,7777,4,4792,29,165,7,1400,30,5737,36,7137,California
Mono,2021-04-10,452,13186,2,7779,443,5235,7,172,30,1015,422,6159,37,7174,California
Mono,2021-04-12,6,13192,0,7779,3,5238,3,175,3,1018,3,6162,6,7180,California
Mono,2021-04-13,20,13212,2,7781,17,5255,1,176,14,1027,6,6168,15,7195,California
Mono,2021-04-14,25,13237,1,7782,24,5279,0,176,7,1016,18,6186,7,7202,California
Mono,2021-04-15,20,13257,5,7787,15,5294,0,176,11,1018,9,6195,11,7213,California
Mono,2021-04-16,17,13274,1,7788,16,5310,0,176,6,1013,11,6206,6,7219,California
Mono,2021-04-17,51,13325,2,7790,49,5359,0,176,44,1050,7,6213,44,7263,California
Mono,2021-04-18,1,13326,0,7790,1,5360,0,176,1,1051,0,6213,1,7264,California
Mono,2021-04-19,533,13859,324,8114,209,5569,0,176,202,924,329,6542,202,7466,California
Mono,2021-04-20,15,13874,2,8116,13,5582,0,176,10,929,5,6547,10,7476,California
Mono,2021-04-21,8,13882,1,8117,7,5589,0,176,2,925,6,6553,2,7478,California
Mono,2021-04-22,25,13907,11,8128,14,5603,0,176,11,922,14,6567,11,7489,California
Mono,2021-04-23,22,13929,2,8130,20,5623,0,176,12,924,10,6577,12,7501,California
Mono,2021-04-24,36,13965,22,8152,14,5637,0,176,21,930,15,6592,21,7522,California
Mono,2021-04-25,5,13970,4,8156,1,5638,0,176,5,935,0,6592,5,7527,California
Mono,2021-04-26,13,13983,2,8158,11,5649,0,176,3,928,10,6602,3,7530,California
Mono,2021-04-27,67,14050,41,8199,19,5668,7,183,51,970,16,6618,58,7588,California
Mono,2021-04-28,64,14114,41,8240,18,5686,5,188,48,1009,14,6632,53,7641,California
Mono,2021-04-29,10,14124,3,8243,4,5690,3,191,3,1008,7,6639,6,7647,California
Mono,2021-04-30,18,14142,3,8246,12,5702,3,194,8,1009,10,6649,11,7658,California
Mono,2021-05-01,108,14250,4,8250,104,5806,0,194,96,1093,12,6661,96,7754,California
Mono,2021-05-02,1,14251,1,8251,0,5806,0,194,1,1094,0,6661,1,7755,California
Mono,2021-05-03,1,14252,0,8251,1,5807,0,194,0,1093,1,6662,0,7755,California
Mono,2021-05-04,18,14270,0,8251,13,5820,5,199,10,1100,8,6670,15,7770,California
Mono,2021-05-05,52,14322,8,8259,40,5860,4,203,45,1142,7,6677,49,7819,California
Mono,2021-05-06,12,14334,2,8261,9,5869,1,204,8,1147,4,6681,9,7828,California
Mono,2021-05-07,29,14363,22,8283,7,5876,0,204,25,1168,4,6685,25,7853,California
Mono,2021-05-08,52,14415,7,8290,45,5921,0,204,22,1160,30,6715,22,7875,California
Mono,2021-05-09,1,14416,1,8291,0,5921,0,204,0,1160,0,6715,0,7875,California
Mono,2021-05-10,17,14433,1,8292,12,5933,4,208,9,1165,8,6723,13,7888,California
Mono,2021-05-11,16,14449,2,8294,11,5944,3,211,5,1162,11,6734,8,7896,California
Mono,2021-05-12,13,14462,1,8295,11,5955,1,212,5,1160,8,6742,6,7902,California
Mono,2021-05-13,47,14509,31,8326,15,5970,1,213,38,1190,9,6751,39,7941,California
Mono,2021-05-14,10,14519,1,8327,8,5978,1,214,5,1191,5,6756,6,7947,California
Mono,2021-05-15,70,14589,28,8355,35,6013,7,221,20,1168,50,6806,27,7974,California
Mono,2021-05-16,6,14595,5,8360,1,6014,0,221,3,1168,3,6809,3,7977,California
Mono,2021-05-17,248,14843,33,8393,208,6222,7,228,53,1035,194,7003,61,8038,California
Mono,2021-05-18,133,14976,109,8502,23,6245,1,229,87,1077,46,7049,88,8126,California
Mono,2021-05-19,118,15094,112,8614,1,6246,5,234,75,1114,43,7092,80,8206,California
Mono,2021-05-20,70,15164,55,8669,10,6256,5,239,53,1155,17,7109,58,8264,California
Mono,2021-05-21,24,15188,4,8673,17,6273,3,242,11,1156,13,7122,14,8278,California
Mono,2021-05-22,21,15209,11,8684,8,6281,2,244,15,1167,6,7128,17,8295,California
Mono,2021-05-23,2,15211,0,8684,2,6283,0,244,1,1167,1,7129,1,8296,California
Mono,2021-05-24,16,15227,2,8686,13,6296,1,245,9,1171,7,7136,11,8307,California
Mono,2021-05-25,14,15241,5,8691,9,6305,0,245,7,1171,7,7143,7,8314,California
Mono,2021-05-26,18,15259,2,8693,15,6320,1,246,7,1168,11,7154,8,8322,California
Mono,2021-05-27,9,15268,0,8693,9,6329,0,246,6,1172,2,7156,6,8328,California
Mono,2021-05-28,41,15309,28,8721,13,6342,0,246,10,1151,31,7187,10,8338,California
Mono,2021-05-29,128,15437,27,8748,98,6440,3,249,31,1088,97,7284,34,8372,California
Mono,2021-06-01,15,15452,7,8755,8,6448,0,249,8,1089,7,7291,8,8380,California
Mono,2021-06-02,48,15500,4,8759,44,6492,0,249,11,1063,37,7328,11,8391,California
Mono,2021-06-03,11,15511,1,8760,7,6499,3,252,1,1057,10,7338,4,8395,California
Mono,2021-06-04,12,15523,1,8761,10,6509,1,253,3,1052,9,7347,4,8399,California
Mono,2021-06-05,40,15563,22,8783,18,6527,0,253,4,1020,36,7383,4,8403,California
Mono,2021-06-06,1,15564,0,8783,1,6528,0,253,0,1019,1,7384,0,8403,California
Mono,2021-06-07,100,15664,88,8871,8,6536,4,257,13,949,87,7471,17,8420,California
Mono,2021-06-08,106,15770,98,8969,7,6543,1,258,10,864,96,7567,11,8431,California
Mono,2021-06-09,7,15777,4,8973,3,6546,0,258,1,859,6,7573,1,8432,California
Monterey,2020-12-16,5,5,5,5,0,0,0,0,5,5,0,0,5,5,California
Monterey,2020-12-17,87,92,87,92,0,0,0,0,87,92,0,0,87,92,California
Monterey,2020-12-18,491,583,491,583,0,0,0,0,491,583,0,0,491,583,California
Monterey,2020-12-19,583,1166,582,1165,1,1,0,0,582,1165,0,0,582,1165,California
Monterey,2020-12-20,421,1587,421,1586,0,1,0,0,421,1586,0,0,421,1586,California
Monterey,2020-12-21,725,2312,725,2311,0,1,0,0,725,2311,0,0,725,2311,California
Monterey,2020-12-22,540,2852,527,2838,13,14,0,0,540,2851,0,0,540,2851,California
Monterey,2020-12-23,443,3295,266,3104,177,191,0,0,443,3294,0,0,443,3294,California
Monterey,2020-12-24,84,3379,10,3114,74,265,0,0,84,3378,0,0,84,3378,California
Monterey,2020-12-25,6,3385,0,3114,6,271,0,0,6,3384,0,0,6,3384,California
Monterey,2020-12-26,92,3477,5,3119,87,358,0,0,92,3476,0,0,92,3476,California
Monterey,2020-12-27,6,3483,3,3122,3,361,0,0,6,3482,0,0,6,3482,California
Monterey,2020-12-28,483,3966,25,3147,458,819,0,0,483,3965,0,0,483,3965,California
Monterey,2020-12-29,907,4873,169,3316,738,1557,0,0,907,4872,0,0,907,4872,California
Monterey,2020-12-30,573,5446,101,3417,472,2029,0,0,573,5445,0,0,573,5445,California
Monterey,2020-12-31,33,5479,11,3428,22,2051,0,0,33,5478,0,0,33,5478,California
Monterey,2021-01-01,13,5492,3,3431,10,2061,0,0,13,5491,0,0,13,5491,California
Monterey,2021-01-02,138,5630,135,3566,3,2064,0,0,138,5629,0,0,138,5629,California
Monterey,2021-01-03,31,5661,30,3596,1,2065,0,0,31,5660,0,0,31,5660,California
Monterey,2021-01-04,414,6075,19,3615,395,2460,0,0,414,6074,0,0,414,6074,California
Monterey,2021-01-05,762,6837,333,3948,429,2889,0,0,748,6808,14,14,748,6822,California
Monterey,2021-01-06,666,7503,177,4125,489,3378,0,0,643,7428,23,37,643,7465,California
Monterey,2021-01-07,754,8257,575,4700,179,3557,0,0,428,7532,324,361,428,7893,California
Monterey,2021-01-08,1102,9359,743,5443,359,3916,0,0,399,7228,703,1064,399,8292,California
Monterey,2021-01-09,968,10327,936,6379,32,3948,0,0,315,6892,651,1715,315,8607,California
Monterey,2021-01-10,275,10602,272,6651,3,3951,0,0,9,6635,266,1981,9,8616,California
Monterey,2021-01-11,1076,11678,991,7642,85,4036,0,0,368,6295,708,2689,368,8984,California
Monterey,2021-01-12,476,12154,394,8036,82,4118,0,0,214,6247,262,2951,214,9198,California
Monterey,2021-01-13,1223,13377,594,8630,629,4747,0,0,1177,7378,46,2997,1177,10375,California
Monterey,2021-01-14,1131,14508,169,8799,962,5709,0,0,1112,8475,19,3016,1116,11491,California
Monterey,2021-01-15,1066,15574,46,8845,1020,6729,0,0,1053,9515,13,3029,1053,12544,California
Monterey,2021-01-16,366,15940,301,9146,65,6794,0,0,361,9871,5,3034,361,12905,California
Monterey,2021-01-17,312,16252,292,9438,20,6814,0,0,300,10159,12,3046,300,13205,California
Monterey,2021-01-18,410,16662,49,9487,361,7175,0,0,388,10525,22,3068,388,13593,California
Monterey,2021-01-19,586,17248,397,9884,189,7364,0,0,426,10793,158,3226,426,14019,California
Monterey,2021-01-20,552,17800,270,10154,282,7646,0,0,341,10926,211,3437,344,14363,California
Monterey,2021-01-21,874,18674,95,10249,779,8425,0,0,762,11580,112,3549,766,15129,California
Monterey,2021-01-22,1069,19743,198,10447,871,9296,0,0,1029,12570,40,3589,1030,16159,California
Monterey,2021-01-23,246,19989,177,10624,69,9365,0,0,121,12569,124,3713,123,16282,California
Monterey,2021-01-24,57,20046,38,10662,19,9384,0,0,23,12558,34,3747,23,16305,California
Monterey,2021-01-25,822,20868,180,10842,642,10026,0,0,188,12119,627,4374,188,16493,California
Monterey,2021-01-26,971,21839,232,11074,739,10765,0,0,267,11684,704,5078,269,16762,California
Monterey,2021-01-27,897,22736,321,11395,576,11341,0,0,413,11614,484,5562,414,17176,California
Monterey,2021-01-28,2053,24789,745,12140,1308,12649,0,0,1709,12983,344,5906,1713,18889,California
Monterey,2021-01-29,1289,26078,713,12853,576,13225,0,0,1171,14038,117,6023,1172,20061,California
Monterey,2021-01-30,478,26556,297,13150,181,13406,0,0,221,14002,257,6280,221,20282,California
Monterey,2021-01-31,502,27058,77,13227,425,13831,0,0,491,14483,11,6291,492,20774,California
Monterey,2021-02-01,1669,28727,1155,14382,514,14345,0,0,1100,15015,568,6859,1100,21874,California
Monterey,2021-02-02,2183,30910,463,14845,1720,16065,0,0,1573,15979,609,7468,1573,23447,California
Monterey,2021-02-03,2361,33271,1068,15913,1293,17358,0,0,1579,16780,778,8246,1579,25026,California
Monterey,2021-02-04,2812,36083,2094,18007,718,18076,0,0,2498,18967,311,8557,2498,27524,California
Monterey,2021-02-05,3702,39785,2852,20859,850,18926,0,0,3260,21790,437,8994,3260,30784,California
Monterey,2021-02-06,1126,40911,380,21239,746,19672,0,0,778,22222,346,9340,778,31562,California
Monterey,2021-02-07,322,41233,270,21509,52,19724,0,0,104,22108,218,9558,104,31666,California
Monterey,2021-02-08,529,41762,292,21801,237,19961,0,0,434,22447,95,9653,434,32100,California
Monterey,2021-02-09,897,42659,692,22493,205,20166,0,0,582,22716,315,9968,584,32684,California
Monterey,2021-02-10,2121,44780,1113,23606,1008,21174,0,0,1267,23131,854,10822,1269,33953,California
Monterey,2021-02-11,2519,47299,974,24580,1545,22719,0,0,1553,23722,964,11786,1555,35508,California
Monterey,2021-02-12,2621,49920,435,25015,2186,24905,0,0,1537,24177,1083,12869,1538,37046,California
Monterey,2021-02-13,1090,51010,47,25062,1043,25948,0,0,1000,25088,89,12958,1000,38046,California
Monterey,2021-02-14,611,51621,74,25136,537,26485,0,0,538,25553,73,13031,538,38584,California
Monterey,2021-02-15,1390,53011,165,25301,1225,27710,0,0,993,26152,395,13426,994,39578,California
Monterey,2021-02-16,1104,54115,245,25546,859,28569,0,0,876,26800,228,13654,876,40454,California
Monterey,2021-02-17,1980,56095,1175,26721,805,29374,0,0,1660,28145,317,13971,1662,42116,California
Monterey,2021-02-18,2266,58361,1183,27904,1083,30457,0,0,919,27733,1333,15304,921,43037,California
Monterey,2021-02-19,2968,61329,1543,29447,1425,31882,0,0,1363,27493,1604,16908,1364,44401,California
Monterey,2021-02-20,1054,62383,643,30090,411,32293,0,0,992,28424,61,16969,992,45393,California
Monterey,2021-02-21,1263,63646,1232,31322,31,32324,0,0,1189,29541,72,17041,1189,46582,California
Monterey,2021-02-22,1031,64677,875,32197,156,32480,0,0,657,29826,372,17413,657,47239,California
Monterey,2021-02-23,989,65666,625,32822,364,32844,0,0,308,29455,680,18093,309,47548,California
Monterey,2021-02-24,2522,68188,1346,34168,1176,34020,0,0,1866,30671,651,18744,1867,49415,California
Monterey,2021-02-25,4464,72652,2444,36612,2020,36040,0,0,1507,29229,2950,21694,1508,50923,California
Monterey,2021-02-26,5324,77976,3099,39711,2225,38265,0,0,2643,29195,2678,24372,2644,53567,California
Monterey,2021-02-27,1048,79024,190,39901,858,39123,0,0,823,29798,220,24592,823,54390,California
Monterey,2021-02-28,1552,80576,87,39988,1465,40588,0,0,1084,30419,463,25055,1084,55474,California
Monterey,2021-03-01,1311,81887,157,40145,1151,41739,3,3,760,30637,546,25601,764,56238,California
Monterey,2021-03-02,2840,84727,1744,41889,1096,42835,0,3,1965,31731,871,26472,1965,58203,California
Monterey,2021-03-03,3242,87969,1250,43139,1992,44827,0,3,1297,31087,1942,28414,1298,59501,California
Monterey,2021-03-04,4636,92605,1487,44626,3149,47976,0,3,3000,32456,1631,30045,3000,62501,California
Monterey,2021-03-05,3698,96303,1629,46255,1791,49767,278,281,3022,35081,675,30720,3300,65801,California
Monterey,2021-03-06,5165,101468,1127,47382,3729,53496,309,590,4235,38696,927,31647,4542,70343,California
Monterey,2021-03-07,528,101996,106,47488,172,53668,250,840,231,38878,297,31944,479,70822,California
Monterey,2021-03-08,1674,103670,329,47817,957,54625,388,1228,1122,39834,552,32496,1508,72330,California
Monterey,2021-03-09,2010,105680,696,48513,1040,55665,274,1502,1506,41109,503,32999,1778,74108,California
Monterey,2021-03-10,3240,108920,1045,49558,1706,57371,489,1991,1491,41344,1745,34744,1980,76088,California
Monterey,2021-03-11,4197,113117,1420,50978,2402,59773,375,2366,2415,42358,1775,36519,2789,78877,California
Monterey,2021-03-12,4463,117580,2058,53036,2258,62031,147,2513,2753,43550,1707,38226,2899,81776,California
Monterey,2021-03-13,5353,122933,989,54025,4016,66047,348,2861,4003,46553,1349,39575,4352,86128,California
Monterey,2021-03-14,2180,125113,1347,55372,808,66855,25,2886,586,45580,1584,41159,611,86739,California
Monterey,2021-03-15,3987,129100,1276,56648,2421,69276,290,3176,2282,46450,1701,42860,2571,89310,California
Monterey,2021-03-16,3551,132651,585,57233,2589,71865,377,3553,2123,47520,1426,44286,2496,91806,California
Monterey,2021-03-17,5894,138545,2396,59629,3241,75106,257,3810,4271,50438,1615,45901,4533,96339,California
Monterey,2021-03-18,4509,143054,2194,61823,2144,77250,171,3981,3129,52400,1375,47276,3337,99676,California
Monterey,2021-03-19,5526,148580,2573,64396,2803,80053,150,4131,4227,55484,1294,48570,4378,104054,California
Monterey,2021-03-20,3373,151953,426,64822,2253,82306,694,4825,2281,57371,1088,49658,2975,107029,California
Monterey,2021-03-21,639,152592,207,65029,423,82729,9,4834,568,57878,69,49727,576,107605,California
Monterey,2021-03-22,2502,155094,1445,66474,994,83723,63,4897,2282,60005,216,49943,2343,109948,California
Monterey,2021-03-23,4059,159153,2383,68857,1633,85356,43,4940,2579,61153,1474,51417,2622,112570,California
Monterey,2021-03-24,5181,164334,2168,71025,2696,88052,317,5257,3806,63901,1372,52789,4120,116690,California
Monterey,2021-03-25,5355,169689,1240,72265,3756,91808,359,5616,2691,64296,2656,55445,3051,119741,California
Monterey,2021-03-26,5500,175189,2649,74914,2774,94582,77,5693,2830,64547,2658,58103,2909,122650,California
Monterey,2021-03-27,4943,180132,1514,76428,3172,97754,257,5950,3150,66166,1790,59893,3409,126059,California
Monterey,2021-03-28,1128,181260,350,76778,769,98523,9,5959,633,66318,490,60383,642,126701,California
Monterey,2021-03-29,3254,184514,1435,78213,1805,100328,14,5973,2023,67137,1223,61606,2042,128743,California
Monterey,2021-03-30,4561,189075,2148,80361,2359,102687,54,6027,2792,68227,1759,63365,2849,131592,California
Monterey,2021-03-31,5493,194568,2458,82819,2236,104923,799,6826,3485,70497,2005,65370,4275,135867,California
Monterey,2021-04-01,6229,200797,2092,84911,3725,108648,412,7238,3143,70976,3071,68441,3550,139417,California
Monterey,2021-04-02,4777,205574,2226,87137,2482,111130,69,7307,3206,72687,1568,70009,3279,142696,California
Monterey,2021-04-03,5980,211554,1131,88268,3796,114926,1053,8360,1241,70244,4730,74739,2287,144983,California
Monterey,2021-04-04,778,212332,166,88434,599,115525,13,8373,501,70484,277,75016,517,145500,California
Monterey,2021-04-05,4028,216360,2485,90919,1309,116834,234,8607,1497,69687,2526,77542,1729,147229,California
Monterey,2021-04-06,3476,219836,1361,92280,1638,118472,477,9084,1191,69071,2282,79824,1666,148895,California
Monterey,2021-04-07,5695,225531,1404,93684,3773,122245,518,9602,2721,69342,2963,82787,3234,152129,California
Monterey,2021-04-08,6781,232312,3560,97244,2402,124647,819,10421,3355,70100,3421,86208,4179,156308,California
Monterey,2021-04-09,5810,238122,3461,100705,1706,126353,643,11064,2317,69568,3490,89698,2958,159266,California
Monterey,2021-04-10,10303,248425,4991,105696,3120,129473,2192,13256,5022,71512,5269,94967,7213,166479,California
Monterey,2021-04-11,5551,253976,4366,110062,575,130048,610,13866,4495,75562,1050,96017,5100,171579,California
Monterey,2021-04-12,4177,258153,1892,111954,1959,132007,326,14192,965,73788,3073,99090,1299,172878,California
Monterey,2021-04-13,3253,261406,752,112706,2496,134503,5,14197,1569,73703,1666,100756,1581,174459,California
Monterey,2021-04-14,6922,268328,3229,115935,3690,138193,3,14200,1888,70630,5015,105771,1942,176401,California
Monterey,2021-04-15,5917,274245,3907,119842,2010,140203,0,14200,3863,72473,2025,107796,3868,180269,California
Monterey,2021-04-16,4931,279176,2490,122332,2430,142633,11,14211,2288,72142,2631,110427,2300,182569,California
Monterey,2021-04-17,5794,284970,1367,123699,4427,147060,0,14211,3740,73842,2040,112467,3740,186309,California
Monterey,2021-04-18,854,285824,263,123962,591,147651,0,14211,241,73474,609,113076,241,186550,California
Monterey,2021-04-19,3753,289577,1299,125261,2454,150105,0,14211,1779,73287,1966,115042,1779,188329,California
Monterey,2021-04-20,3881,293458,1603,126864,2278,152383,0,14211,1590,72611,2267,117309,1591,189920,California
Monterey,2021-04-21,6008,299466,3235,130099,2773,155156,0,14211,2896,72434,3075,120384,2898,192818,California
Monterey,2021-04-22,4878,304344,1058,131157,3820,158976,0,14211,2008,71614,2828,123212,2008,194826,California
Monterey,2021-04-23,5681,310025,2651,133808,3029,162005,1,14212,2244,70445,3419,126631,2250,197076,California
Monterey,2021-04-24,4327,314352,593,134401,3734,165739,0,14212,1563,69263,2745,129376,1563,198639,California
Monterey,2021-04-25,1248,315600,618,135019,630,166369,0,14212,797,69619,441,129817,797,199436,California
Monterey,2021-04-26,3766,319366,2221,137240,1528,167897,17,14229,996,67887,2745,132562,1013,200449,California
Monterey,2021-04-27,2877,322243,939,138179,1800,169697,138,14367,1235,67623,1636,134198,1372,201821,California
Monterey,2021-04-28,3667,325910,1397,139576,2117,171814,153,14520,2271,68659,1383,135581,2419,204240,California
Monterey,2021-04-29,4571,330481,2461,142037,2035,173849,75,14595,1675,67526,2884,138465,1751,205991,California
Monterey,2021-04-30,3218,333699,1664,143701,1479,175328,75,14670,810,66011,2398,140863,883,206874,California
Monterey,2021-05-01,5656,339355,4261,147962,1354,176682,41,14711,686,61787,4949,145812,725,207599,California
Monterey,2021-05-02,4378,343733,3948,151910,403,177085,27,14738,315,58080,4049,149861,342,207941,California
Monterey,2021-05-03,2556,346289,1572,153482,867,177952,117,14855,597,56845,1949,151810,714,208655,California
Monterey,2021-05-04,1815,348104,624,154106,1101,179053,90,14945,647,56429,1154,152964,738,209393,California
Monterey,2021-05-05,3363,351467,1225,155331,2052,181105,86,15031,1065,55294,2287,155251,1152,210545,California
Monterey,2021-05-06,4205,355672,2763,158094,1222,182327,220,15251,1133,53590,3057,158308,1353,211898,California
Monterey,2021-05-07,2012,357684,990,159084,922,183249,100,15351,701,53087,1303,159611,800,212698,California
Monterey,2021-05-08,2614,360298,1379,160463,911,184160,324,15675,940,52683,1663,161274,1259,213957,California
Monterey,2021-05-09,405,360703,120,160583,259,184419,26,15701,146,52597,258,161532,172,214129,California
Monterey,2021-05-10,2796,363499,2055,162638,692,185111,49,15750,520,50902,2265,163797,570,214699,California
Monterey,2021-05-11,1873,365372,955,163593,840,185951,78,15828,765,50652,1094,164891,844,215543,California
Monterey,2021-05-12,3869,369241,2038,165631,1745,187696,86,15914,858,48599,2998,167889,945,216488,California
Monterey,2021-05-13,2586,371827,1508,167139,1022,188718,56,15970,1489,49055,1087,168976,1543,218031,California
Monterey,2021-05-14,1818,373645,528,167667,1192,189910,98,16068,723,48789,1086,170062,820,218851,California
Monterey,2021-05-15,3361,377006,820,168487,2275,192185,266,16334,945,47593,2403,172465,1207,220058,California
Monterey,2021-05-16,916,377922,562,169049,282,192467,72,16406,232,47218,678,173143,303,220361,California
Monterey,2021-05-17,2205,380127,1300,170349,826,193293,79,16485,1033,47170,1160,174303,1112,221473,California
Monterey,2021-05-18,1756,381883,684,171033,1027,194320,45,16530,807,47085,940,175243,855,222328,California
Monterey,2021-05-19,3652,385535,2364,173397,1198,195518,90,16620,1951,47434,1694,176937,2043,224371,California
Monterey,2021-05-20,2776,388311,977,174374,1690,197208,109,16729,929,46642,1833,178770,1041,225412,California
Monterey,2021-05-21,3279,391590,1330,175704,1854,199062,95,16824,1026,45521,2241,181011,1120,226532,California
Monterey,2021-05-22,2120,393710,728,176432,1111,200173,281,17105,797,45281,1316,182327,1076,227608,California
Monterey,2021-05-23,833,394543,485,176917,332,200505,16,17121,482,45433,346,182673,498,228106,California
Monterey,2021-05-24,1679,396222,502,177419,1117,201622,60,17181,543,44905,1132,183805,604,228710,California
Monterey,2021-05-25,1439,397661,545,177964,825,202447,69,17250,564,44678,860,184665,633,229343,California
Monterey,2021-05-26,2687,400348,1037,179001,1596,204043,54,17304,1020,44105,1649,186314,1076,230419,California
Monterey,2021-05-27,2483,402831,1353,180354,1074,205117,56,17360,897,43490,1569,187883,954,231373,California
Monterey,2021-05-28,1738,404569,574,180928,1104,206221,60,17420,759,43343,967,188850,820,232193,California
Monterey,2021-05-29,977,405546,628,181556,319,206540,30,17450,412,43225,560,189410,442,232635,California
Monterey,2021-05-30,379,405925,161,181717,203,206743,15,17465,145,43152,233,189643,160,232795,California
Monterey,2021-05-31,184,406109,32,181749,143,206886,9,17474,53,43083,131,189774,62,232857,California
Monterey,2021-06-01,1718,407827,927,182676,659,207545,132,17606,543,42595,1159,190933,671,233528,California
Monterey,2021-06-02,1686,409513,971,183647,665,208210,50,17656,709,42382,972,191905,759,234287,California
Monterey,2021-06-03,2202,411715,1402,185049,765,208975,35,17691,556,41336,1636,193541,590,234877,California
Monterey,2021-06-04,1323,413038,688,185737,604,209579,31,17722,556,41165,758,194299,587,235464,California
Monterey,2021-06-05,1672,414710,842,186579,687,210266,143,17865,467,40575,1200,195499,610,236074,California
Monterey,2021-06-06,476,415186,392,186971,75,210341,9,17874,278,40664,197,195696,286,236360,California
Monterey,2021-06-07,939,416125,492,187463,401,210742,46,17920,401,40581,528,196224,445,236805,California
Monterey,2021-06-08,1141,417266,709,188172,408,211150,24,17944,411,40294,721,196945,434,237239,California
Monterey,2021-06-09,2576,419842,2008,190180,448,211598,120,18064,533,38908,2037,198982,651,237890,California
Monterey,2021-06-10,849,420691,525,190705,283,211881,41,18105,340,38781,506,199488,379,238269,California
Napa,2020-12-16,12,12,12,12,0,0,0,0,12,12,0,0,12,12,California
Napa,2020-12-17,47,59,47,59,0,0,0,0,47,59,0,0,47,59,California
Napa,2020-12-18,107,166,107,166,0,0,0,0,107,166,0,0,107,166,California
Napa,2020-12-19,221,387,221,387,0,0,0,0,221,387,0,0,221,387,California
Napa,2020-12-20,191,578,191,578,0,0,0,0,191,578,0,0,191,578,California
Napa,2020-12-21,314,892,314,892,0,0,0,0,315,893,0,0,315,893,California
Napa,2020-12-22,342,1234,333,1225,9,9,0,0,342,1235,0,0,342,1235,California
Napa,2020-12-23,436,1670,324,1549,112,121,0,0,436,1671,0,0,436,1671,California
Napa,2020-12-24,139,1809,77,1626,62,183,0,0,139,1810,0,0,139,1810,California
Napa,2020-12-25,1,1810,1,1627,0,183,0,0,1,1811,0,0,1,1811,California
Napa,2020-12-26,40,1850,11,1638,29,212,0,0,40,1851,0,0,40,1851,California
Napa,2020-12-27,32,1882,16,1654,16,228,0,0,32,1883,0,0,32,1883,California
Napa,2020-12-28,252,2134,185,1839,67,295,0,0,281,2164,0,0,281,2164,California
Napa,2020-12-29,272,2406,216,2055,56,351,0,0,305,2469,0,0,305,2469,California
Napa,2020-12-30,636,3042,489,2544,147,498,0,0,644,3113,0,0,644,3113,California
Napa,2020-12-31,461,3503,373,2917,88,586,0,0,461,3574,0,0,461,3574,California
Napa,2021-01-01,1,3504,1,2918,0,586,0,0,1,3575,0,0,1,3575,California
Napa,2021-01-02,98,3602,93,3011,5,591,0,0,98,3673,0,0,98,3673,California
Napa,2021-01-03,14,3616,12,3023,2,593,0,0,9,3682,0,0,9,3682,California
Napa,2021-01-04,105,3721,63,3086,42,635,0,0,105,3787,0,0,105,3787,California
Napa,2021-01-05,161,3882,85,3171,76,711,0,0,145,3908,24,24,145,3932,California
Napa,2021-01-06,463,4345,114,3285,349,1060,0,0,398,4243,63,87,398,4330,California
Napa,2021-01-07,499,4844,235,3520,264,1324,0,0,397,4539,101,188,397,4727,California
Napa,2021-01-08,448,5292,232,3752,216,1540,0,0,260,4612,187,375,260,4987,California
Napa,2021-01-09,328,5620,302,4054,26,1566,0,0,191,4666,137,512,191,5178,California
Napa,2021-01-10,185,5805,102,4156,83,1649,0,0,108,4697,77,589,108,5286,California
Napa,2021-01-11,881,6686,426,4582,455,2104,0,0,508,4833,374,963,510,5796,California
Napa,2021-01-12,1323,8009,377,4959,946,3050,0,0,1003,5516,320,1283,1003,6799,California
Napa,2021-01-13,1317,9326,268,5227,1049,4099,0,0,1153,6507,163,1446,1154,7953,California
Napa,2021-01-14,1053,10379,169,5396,884,4983,0,0,936,7328,115,1561,936,8889,California
Napa,2021-01-15,1468,11847,389,5785,1079,6062,0,0,1319,8491,157,1718,1320,10209,California
Napa,2021-01-16,356,12203,131,5916,225,6287,0,0,339,8813,17,1735,339,10548,California
Napa,2021-01-17,342,12545,177,6093,165,6452,0,0,332,9135,10,1745,332,10880,California
Napa,2021-01-18,1079,13624,197,6290,882,7334,0,0,988,10032,91,1836,988,11868,California
Napa,2021-01-19,1013,14637,410,6700,603,7937,0,0,766,10552,246,2082,766,12634,California
Napa,2021-01-20,835,15472,189,6889,646,8583,0,0,646,11012,187,2269,647,13281,California
Napa,2021-01-21,1332,16804,368,7257,964,9547,0,0,1078,11838,253,2522,1079,14360,California
Napa,2021-01-22,1547,18351,417,7674,1130,10677,0,0,1218,12729,328,2850,1219,15579,California
Napa,2021-01-23,398,18749,319,7993,79,10756,0,0,336,13003,62,2912,336,15915,California
Napa,2021-01-24,264,19013,186,8179,78,10834,0,0,206,13151,58,2970,206,16121,California
Napa,2021-01-25,1524,20537,229,8408,1295,12129,0,0,1435,14497,89,3059,1435,17556,California
Napa,2021-01-26,881,21418,285,8693,596,12725,0,0,788,15193,93,3152,789,18345,California
Napa,2021-01-27,628,22046,222,8915,406,13131,0,0,467,15499,162,3314,468,18813,California
Napa,2021-01-28,388,22434,176,9091,212,13343,0,0,196,15505,190,3504,196,19009,California
Napa,2021-01-29,261,22695,66,9157,195,13538,0,0,164,15572,97,3601,164,19173,California
Napa,2021-01-30,818,23513,706,9863,112,13650,0,0,649,16052,169,3770,649,19822,California
Napa,2021-01-31,692,24205,660,10523,32,13682,0,0,668,16696,24,3794,668,20490,California
Napa,2021-02-01,324,24529,114,10637,210,13892,0,0,165,16702,159,3953,165,20655,California
Napa,2021-02-02,612,25141,281,10918,331,14223,0,0,299,16691,310,4263,299,20954,California
Napa,2021-02-03,750,25891,311,11229,439,14662,0,0,432,16806,317,4580,432,21386,California
Napa,2021-02-04,783,26674,368,11597,415,15077,0,0,435,16895,346,4926,435,21821,California
Napa,2021-02-05,713,27387,311,11908,402,15479,0,0,341,16864,372,5298,341,22162,California
Napa,2021-02-06,438,27825,143,12051,295,15774,0,0,333,17092,105,5403,333,22495,California
Napa,2021-02-07,176,28001,163,12214,13,15787,0,0,69,17054,107,5510,69,22564,California
Napa,2021-02-08,835,28836,191,12405,644,16431,0,0,274,16769,559,6069,274,22838,California
Napa,2021-02-09,1086,29922,450,12855,636,17067,0,0,440,16564,645,6714,440,23278,California
Napa,2021-02-10,1726,31648,190,13045,1536,18603,0,0,451,15744,1272,7986,452,23730,California
Napa,2021-02-11,1490,33138,187,13232,1303,19906,0,0,402,15071,1075,9061,402,24132,California
Napa,2021-02-12,2157,35295,837,14069,1320,21226,0,0,718,14354,1435,10496,718,24850,California
Napa,2021-02-13,507,35802,54,14123,453,21679,0,0,320,14487,187,10683,320,25170,California
Napa,2021-02-14,344,36146,77,14200,267,21946,0,0,182,14507,162,10845,182,25352,California
Napa,2021-02-15,876,37022,182,14382,694,22640,0,0,224,14081,650,11495,224,25576,California
Napa,2021-02-16,1293,38315,599,14981,694,23334,0,0,618,14026,673,12168,618,26194,California
Napa,2021-02-17,1049,39364,529,15510,520,23854,0,0,478,13936,569,12737,479,26673,California
Napa,2021-02-18,1901,41265,481,15991,1420,25274,0,0,659,13356,1239,13976,659,27332,California
Napa,2021-02-19,1493,42758,586,16577,907,26181,0,0,679,13222,813,14789,679,28011,California
Napa,2021-02-20,865,43623,633,17210,232,26413,0,0,280,12917,585,15374,280,28291,California
Napa,2021-02-21,886,44509,817,18027,69,26482,0,0,191,12413,695,16069,191,28482,California
Napa,2021-02-22,477,44986,198,18225,279,26761,0,0,147,12230,330,16399,147,28629,California
Napa,2021-02-23,1155,46141,308,18533,847,27608,0,0,326,11727,829,17228,326,28955,California
Napa,2021-02-24,1173,47314,648,19181,525,28133,0,0,582,11720,589,17817,582,29537,California
Napa,2021-02-25,2587,49901,1247,20428,1340,29473,0,0,1875,12884,711,18528,1875,31412,California
Napa,2021-02-26,1552,51453,547,20975,1005,30478,0,0,617,12568,933,19461,617,32029,California
Napa,2021-02-27,1170,52623,426,21401,744,31222,0,0,912,13224,256,19717,912,32941,California
Napa,2021-02-28,725,53348,606,22007,119,31341,0,0,608,13717,115,19832,608,33549,California
Napa,2021-03-01,1174,54522,878,22885,296,31637,0,0,898,14340,275,20107,898,34447,California
Napa,2021-03-02,1512,56034,1053,23938,459,32096,0,0,1168,15165,343,20450,1168,35615,California
Napa,2021-03-03,1565,57599,689,24627,876,32972,0,0,1377,16355,187,20637,1377,36992,California
Napa,2021-03-04,1716,59315,788,25415,928,33900,0,0,1478,17598,235,20872,1478,38470,California
Napa,2021-03-05,1905,61220,785,26200,1116,35016,4,4,1489,18677,414,21286,1493,39963,California
Napa,2021-03-06,661,61881,290,26490,340,35356,31,35,548,19145,111,21397,579,40542,California
Napa,2021-03-07,522,62403,311,26801,196,35552,15,50,384,19407,137,21534,399,40941,California
Napa,2021-03-08,714,63117,335,27136,325,35877,54,104,538,19825,174,21708,592,41533,California
Napa,2021-03-09,1687,64804,611,27747,1030,36907,46,150,1249,20685,435,22143,1295,42828,California
Napa,2021-03-10,1502,66306,923,28670,485,37392,94,244,801,20880,697,22840,892,43720,California
Napa,2021-03-11,1888,68194,1064,29734,694,38086,130,374,994,21109,894,23734,1123,44843,California
Napa,2021-03-12,1508,69702,919,30653,497,38583,92,466,806,21307,700,24434,898,45741,California
Napa,2021-03-13,1182,70884,311,30964,846,39429,25,491,835,21822,345,24779,860,46601,California
Napa,2021-03-14,619,71503,334,31298,134,39563,151,642,209,21772,409,25188,359,46960,California
Napa,2021-03-15,956,72459,410,31708,476,40039,70,712,477,21842,477,25665,547,47507,California
Napa,2021-03-16,1849,74308,389,32097,1332,41371,128,840,1373,22871,473,26138,1502,49009,California
Napa,2021-03-17,2509,76817,1846,33943,484,41855,179,1019,1592,23726,916,27054,1771,50780,California
Napa,2021-03-18,2132,78949,943,34886,1176,43031,13,1032,1276,24162,853,27907,1289,52069,California
Napa,2021-03-19,1454,80403,880,35766,547,43578,27,1059,697,24132,754,28661,724,52793,California
Napa,2021-03-20,1011,81414,533,36299,324,43902,154,1213,382,24040,628,29289,536,53329,California
Napa,2021-03-21,710,82124,687,36986,20,43922,3,1216,217,23768,492,29781,220,53549,California
Napa,2021-03-22,1302,83426,1121,38107,169,44091,12,1228,440,23363,857,30638,452,54001,California
Napa,2021-03-23,1884,85310,1189,39296,678,44769,17,1245,996,23492,884,31522,1013,55014,California
Napa,2021-03-24,1705,87015,942,40238,755,45524,8,1253,812,23420,892,32414,820,55834,California
Napa,2021-03-25,1927,88942,1051,41289,822,46346,54,1307,763,23079,1158,33572,817,56651,California
Napa,2021-03-26,1313,90255,841,42130,466,46812,6,1313,590,22957,718,34290,596,57247,California
Napa,2021-03-27,938,91193,437,42567,474,47286,27,1340,296,22638,642,34932,323,57570,California
Napa,2021-03-28,490,91683,381,42948,102,47388,7,1347,178,22513,310,35242,185,57755,California
Napa,2021-03-29,1204,92887,875,43823,324,47712,5,1352,728,22771,475,35717,733,58488,California
Napa,2021-03-30,2793,95680,933,44756,1856,49568,4,1356,1970,23921,824,36541,1974,60462,California
Napa,2021-03-31,1985,97665,969,45725,947,50515,69,1425,811,23628,1171,37712,878,61340,California
Napa,2021-04-01,1758,99423,844,46569,798,51313,116,1541,485,22962,1266,38978,600,61940,California
Napa,2021-04-02,1868,101291,838,47407,888,52201,142,1683,476,22190,1389,40367,617,62557,California
Napa,2021-04-03,635,101926,371,47778,207,52408,57,1740,210,22032,424,40791,266,62823,California
Napa,2021-04-04,355,102281,142,47920,155,52563,58,1798,121,21978,233,41024,179,63002,California
Napa,2021-04-05,1271,103552,757,48677,296,52859,218,2016,570,22067,699,41723,788,63790,California
Napa,2021-04-06,2249,105801,560,49237,1428,54287,261,2277,520,21121,1726,43449,780,64570,California
Napa,2021-04-07,1751,107552,712,49949,819,55106,220,2497,527,20649,1218,44667,746,65316,California
Napa,2021-04-08,1867,109419,1065,51014,425,55531,377,2874,959,21081,903,45570,1335,66651,California
Napa,2021-04-09,1558,110977,935,51949,318,55849,305,3179,683,21195,873,46443,987,67638,California
Napa,2021-04-10,1041,112018,345,52294,595,56444,101,3280,241,20737,799,47242,341,67979,California
Napa,2021-04-11,386,112404,301,52595,62,56506,23,3303,159,20692,227,47469,182,68161,California
Napa,2021-04-12,791,113195,301,52896,365,56871,125,3428,291,20607,497,47966,412,68573,California
Napa,2021-04-13,2563,115758,861,53757,1702,58573,0,3428,933,19923,1625,49591,941,69514,California
Napa,2021-04-14,2098,117856,984,54741,1114,59687,0,3428,1024,19884,1066,50657,1027,70541,California
Napa,2021-04-15,2048,119904,524,55265,1524,61211,0,3428,876,19594,1166,51823,876,71417,California
Napa,2021-04-16,2951,122855,1624,56889,1327,62538,0,3428,2231,21108,717,52540,2231,73648,California
Napa,2021-04-17,1128,123983,270,57159,858,63396,0,3428,831,21643,296,52836,831,74479,California
Napa,2021-04-18,267,124250,173,57332,94,63490,0,3428,119,21614,148,52984,119,74598,California
Napa,2021-04-19,609,124859,337,57669,272,63762,0,3428,263,21532,345,53329,263,74861,California
Napa,2021-04-20,3046,127905,2070,59739,976,64738,0,3428,2093,22675,951,54280,2094,76955,California
Napa,2021-04-21,2937,130842,2170,61909,767,65505,0,3428,1868,23481,1063,55343,1869,78824,California
Napa,2021-04-22,1727,132569,1206,63115,521,66026,0,3428,837,23433,885,56228,837,79661,California
Napa,2021-04-23,1633,134202,1255,64370,376,66402,2,3430,1156,24116,473,56701,1156,80817,California
Napa,2021-04-24,559,134761,317,64687,242,66644,0,3430,283,24126,273,56974,283,81100,California
Napa,2021-04-25,247,135008,189,64876,58,66702,0,3430,129,24138,117,57091,129,81229,California
Napa,2021-04-26,537,135545,282,65158,255,66957,0,3430,274,24154,258,57349,274,81503,California
Napa,2021-04-27,1771,137316,458,65616,1301,68258,12,3442,580,23559,1187,58536,592,82095,California
Napa,2021-04-28,1009,138325,461,66077,531,68789,17,3459,341,23251,666,59202,358,82453,California
Napa,2021-04-29,707,139032,349,66426,339,69128,19,3478,249,23067,451,59653,267,82720,California
Napa,2021-04-30,607,139639,305,66731,237,69365,65,3543,249,23023,357,60010,313,83033,California
Napa,2021-05-01,321,139960,265,66996,45,69410,11,3554,120,22953,201,60211,131,83164,California
Napa,2021-05-02,240,140200,195,67191,39,69449,6,3560,100,22920,139,60350,106,83270,California
Napa,2021-05-03,621,140821,497,67688,89,69538,35,3595,103,22546,513,60863,139,83409,California
Napa,2021-05-04,1131,141952,718,68406,302,69840,111,3706,298,22126,829,61692,409,83818,California
Napa,2021-05-05,1016,142968,686,69092,294,70134,36,3742,254,21657,759,62451,290,84108,California
Napa,2021-05-06,713,143681,318,69410,372,70506,23,3765,368,21712,336,62787,391,84499,California
Napa,2021-05-07,1382,145063,1158,70568,161,70667,63,3828,291,20994,1071,63858,353,84852,California
Napa,2021-05-08,254,145317,163,70731,80,70747,11,3839,88,20928,165,64023,99,84951,California
Napa,2021-05-09,108,145425,77,70808,31,70778,0,3839,51,20922,57,64080,51,85002,California
Napa,2021-05-10,415,145840,141,70949,255,71033,19,3858,104,20735,310,64390,123,85125,California
Napa,2021-05-11,2185,148025,1799,72748,360,71393,26,3884,375,19332,1804,66194,401,85526,California
Napa,2021-05-12,2196,150221,1375,74123,765,72158,56,3940,305,17807,1886,68080,361,85887,California
Napa,2021-05-13,1904,152125,1202,75325,661,72819,41,3981,826,17604,1071,69151,868,86755,California
Napa,2021-05-14,1917,154042,1149,76474,682,73501,86,4067,513,16806,1398,70549,600,87355,California
Napa,2021-05-15,1052,155094,346,76820,694,74195,12,4079,261,16292,788,71337,274,87629,California
Napa,2021-05-16,240,155334,160,76980,78,74273,2,4081,67,16188,173,71510,69,87698,California
Napa,2021-05-17,877,156211,347,77327,500,74773,30,4111,303,16009,512,72022,333,88031,California
Napa,2021-05-18,1045,157256,546,77873,442,75215,57,4168,501,16028,539,72561,558,88589,California
Napa,2021-05-19,934,158190,552,78425,352,75567,30,4198,503,16132,428,72989,532,89121,California
Napa,2021-05-20,634,158824,427,78852,177,75744,30,4228,388,16304,246,73235,418,89539,California
Napa,2021-05-21,507,159331,270,79122,205,75949,32,4260,216,16261,291,73526,248,89787,California
Napa,2021-05-22,447,159778,262,79384,177,76126,8,4268,188,16199,259,73785,197,89984,California
Napa,2021-05-23,389,160167,346,79730,33,76159,10,4278,292,16404,97,73882,302,90286,California
Napa,2021-05-24,361,160528,178,79908,163,76322,20,4298,146,16356,214,74096,166,90452,California
Napa,2021-05-25,422,160950,174,80082,176,76498,72,4370,146,16298,275,74371,217,90669,California
Napa,2021-05-26,544,161494,353,80435,166,76664,25,4395,314,16410,227,74598,339,91008,California
Napa,2021-05-27,376,161870,163,80598,185,76849,28,4423,141,16344,235,74833,169,91177,California
Napa,2021-05-28,392,162262,205,80803,163,77012,24,4447,164,16306,224,75057,186,91363,California
Napa,2021-05-29,129,162391,79,80882,46,77058,4,4451,74,16330,54,75111,78,91441,California
Napa,2021-05-30,97,162488,60,80942,32,77090,5,4456,32,16304,63,75174,37,91478,California
Napa,2021-05-31,43,162531,17,80959,19,77109,7,4463,9,16286,34,75208,16,91494,California
Napa,2021-06-01,600,163131,312,81271,264,77373,24,4487,266,16247,328,75536,289,91783,California
Napa,2021-06-02,410,163541,240,81511,147,77520,23,4510,197,16256,211,75747,220,92003,California
Napa,2021-06-03,722,164263,438,81949,261,77781,23,4533,173,15904,546,76293,194,92197,California
Napa,2021-06-04,773,165036,602,82551,135,77916,36,4569,168,15505,603,76896,204,92401,California
Napa,2021-06-05,304,165340,246,82797,46,77962,12,4581,77,15367,227,77123,89,92490,California
Napa,2021-06-06,143,165483,124,82921,19,77981,0,4581,50,15324,93,77216,50,92540,California
Napa,2021-06-07,391,165874,284,83205,80,78061,27,4608,92,15144,299,77515,119,92659,California
Napa,2021-06-08,573,166447,439,83644,117,78178,17,4625,251,15093,319,77834,268,92927,California
Napa,2021-06-09,448,166895,369,84013,67,78245,12,4637,73,14804,374,78208,85,93012,California
Napa,2021-06-10,303,167198,253,84266,44,78289,6,4643,40,14587,263,78471,46,93058,California
Nevada,2020-12-16,3,3,3,3,0,0,0,0,3,3,0,0,3,3,California
Nevada,2020-12-17,6,9,6,9,0,0,0,0,6,9,0,0,6,9,California
Nevada,2020-12-18,58,67,58,67,0,0,0,0,58,67,0,0,58,67,California
Nevada,2020-12-19,55,122,55,122,0,0,0,0,55,122,0,0,55,122,California
Nevada,2020-12-20,14,136,14,136,0,0,0,0,14,136,0,0,14,136,California
Nevada,2020-12-21,70,206,70,206,0,0,0,0,70,206,0,0,70,206,California
Nevada,2020-12-22,90,296,88,294,2,2,0,0,90,296,0,0,90,296,California
Nevada,2020-12-23,240,536,208,502,32,34,0,0,240,536,0,0,240,536,California
Nevada,2020-12-24,13,549,11,513,2,36,0,0,13,549,0,0,13,549,California
Nevada,2020-12-25,3,552,3,516,0,36,0,0,3,552,0,0,3,552,California
Nevada,2020-12-26,6,558,4,520,2,38,0,0,6,558,0,0,6,558,California
Nevada,2020-12-27,90,648,90,610,0,38,0,0,90,648,0,0,90,648,California
Nevada,2020-12-28,173,821,93,703,80,118,0,0,173,821,0,0,173,821,California
Nevada,2020-12-29,98,919,72,775,26,144,0,0,98,919,0,0,98,919,California
Nevada,2020-12-30,89,1008,67,842,22,166,0,0,89,1008,0,0,89,1008,California
Nevada,2020-12-31,41,1049,8,850,33,199,0,0,41,1049,0,0,41,1049,California
Nevada,2021-01-01,2,1051,0,850,2,201,0,0,2,1051,0,0,2,1051,California
Nevada,2021-01-02,2,1053,1,851,1,202,0,0,2,1053,0,0,2,1053,California
Nevada,2021-01-03,131,1184,126,977,5,207,0,0,131,1184,0,0,131,1184,California
Nevada,2021-01-04,69,1253,43,1020,26,233,0,0,69,1253,0,0,69,1253,California
Nevada,2021-01-05,279,1532,132,1152,147,380,0,0,278,1530,1,1,278,1531,California
Nevada,2021-01-06,91,1623,43,1195,48,428,0,0,83,1605,8,9,83,1614,California
Nevada,2021-01-07,220,1843,44,1239,176,604,0,0,212,1811,7,16,213,1827,California
Nevada,2021-01-08,231,2074,132,1371,99,703,0,0,171,1923,60,76,172,1999,California
Nevada,2021-01-09,62,2136,55,1426,7,710,0,0,14,1889,48,124,14,2013,California
Nevada,2021-01-10,19,2155,10,1436,9,719,0,0,10,1890,9,133,10,2023,California
Nevada,2021-01-11,188,2343,133,1569,55,774,0,0,58,1818,130,263,58,2081,California
Nevada,2021-01-12,602,2945,453,2022,149,923,0,0,536,2288,66,329,536,2617,California
Nevada,2021-01-13,270,3215,152,2174,118,1041,0,0,132,2282,138,467,132,2749,California
Nevada,2021-01-14,239,3454,125,2299,114,1155,0,0,221,2486,17,484,221,2970,California
Nevada,2021-01-15,404,3858,172,2471,232,1387,0,0,304,2690,100,584,304,3274,California
Nevada,2021-01-16,315,4173,16,2487,299,1686,0,0,310,2995,5,589,310,3584,California
Nevada,2021-01-17,43,4216,38,2525,5,1691,0,0,41,3034,2,591,41,3625,California
Nevada,2021-01-18,157,4373,47,2572,110,1801,0,0,145,3167,12,603,145,3770,California
Nevada,2021-01-19,250,4623,90,2662,160,1961,0,0,228,3373,22,625,228,3998,California
Nevada,2021-01-20,279,4902,166,2828,113,2074,0,0,265,3625,14,639,266,4264,California
Nevada,2021-01-21,339,5241,202,3030,137,2211,0,0,326,3938,13,652,326,4590,California
Nevada,2021-01-22,379,5620,234,3264,145,2356,0,0,347,4253,32,684,347,4937,California
Nevada,2021-01-23,181,5801,105,3369,76,2432,0,0,181,4434,0,684,181,5118,California
Nevada,2021-01-24,109,5910,100,3469,9,2441,0,0,70,4465,39,723,70,5188,California
Nevada,2021-01-25,269,6179,136,3605,133,2574,0,0,205,4606,64,787,205,5393,California
Nevada,2021-01-26,413,6592,146,3751,267,2841,0,0,308,4810,105,892,309,5702,California
Nevada,2021-01-27,439,7031,261,4012,178,3019,0,0,414,5199,25,917,414,6116,California
Nevada,2021-01-28,487,7518,331,4343,156,3175,0,0,439,5591,47,964,439,6555,California
Nevada,2021-01-29,619,8137,401,4744,218,3393,0,0,590,6154,28,992,591,7146,California
Nevada,2021-01-30,244,8381,115,4859,129,3522,0,0,241,6392,3,995,241,7387,California
Nevada,2021-01-31,107,8488,89,4948,18,3540,0,0,103,6493,3,998,104,7491,California
Nevada,2021-02-01,293,8781,73,5021,220,3760,0,0,280,6760,13,1011,280,7771,California
Nevada,2021-02-02,531,9312,190,5211,341,4101,0,0,328,6885,203,1214,328,8099,California
Nevada,2021-02-03,818,10130,563,5774,255,4356,0,0,761,7590,56,1270,761,8860,California
Nevada,2021-02-04,757,10887,390,6164,367,4723,0,0,506,7846,250,1520,506,9366,California
Nevada,2021-02-05,677,11564,383,6547,294,5017,0,0,481,8133,194,1714,481,9847,California
Nevada,2021-02-06,281,11845,91,6638,190,5207,0,0,253,8358,28,1742,253,10100,California
Nevada,2021-02-07,283,12128,226,6864,57,5264,0,0,223,8521,60,1802,223,10323,California
Nevada,2021-02-08,674,12802,411,7275,263,5527,0,0,569,8985,105,1907,569,10892,California
Nevada,2021-02-09,623,13425,352,7627,271,5798,0,0,479,9320,144,2051,479,11371,California
Nevada,2021-02-10,664,14089,331,7958,333,6131,0,0,434,9525,230,2281,435,11806,California
Nevada,2021-02-11,898,14987,515,8473,383,6514,0,0,565,9758,332,2613,565,12371,California
Nevada,2021-02-12,974,15961,450,8923,524,7038,0,0,646,10079,325,2938,646,13017,California
Nevada,2021-02-13,636,16597,249,9172,387,7425,0,0,403,10254,229,3167,404,13421,California
Nevada,2021-02-14,238,16835,124,9296,114,7539,0,0,207,10430,31,3198,207,13628,California
Nevada,2021-02-15,733,17568,448,9744,285,7824,0,0,556,10809,177,3375,556,14184,California
Nevada,2021-02-16,644,18212,211,9955,433,8257,0,0,473,11112,170,3545,473,14657,California
Nevada,2021-02-17,1208,19420,784,10739,424,8681,0,0,867,11638,341,3886,867,15524,California
Nevada,2021-02-18,1029,20449,566,11305,463,9144,0,0,607,11826,419,4305,607,16131,California
Nevada,2021-02-19,1030,21479,644,11949,386,9530,0,0,658,12115,370,4675,659,16790,California
Nevada,2021-02-20,309,21788,111,12060,198,9728,0,0,176,12159,132,4807,176,16966,California
Nevada,2021-02-21,101,21889,93,12153,8,9736,0,0,7,12075,91,4898,7,16973,California
Nevada,2021-02-22,506,22395,340,12493,166,9902,0,0,356,12282,149,5047,356,17329,California
Nevada,2021-02-23,501,22896,243,12736,258,10160,0,0,225,12234,273,5320,225,17554,California
Nevada,2021-02-24,482,23378,245,12981,237,10397,0,0,252,12259,229,5549,254,17808,California
Nevada,2021-02-25,881,24259,481,13462,400,10797,0,0,441,12262,438,5987,441,18249,California
Nevada,2021-02-26,1276,25535,889,14351,387,11184,0,0,443,11875,830,6817,443,18692,California
Nevada,2021-02-27,385,25920,121,14472,264,11448,0,0,202,11894,183,7000,202,18894,California
Nevada,2021-02-28,313,26233,187,14659,126,11574,0,0,137,11856,175,7175,137,19031,California
Nevada,2021-03-01,852,27085,445,15104,407,11981,0,0,376,11759,473,7648,376,19407,California
Nevada,2021-03-02,761,27846,308,15412,453,12434,0,0,519,12041,237,7885,519,19926,California
Nevada,2021-03-03,996,28842,505,15917,490,12924,1,1,513,12075,481,8366,515,20441,California
Nevada,2021-03-04,1135,29977,628,16545,507,13431,0,1,482,11908,649,9015,482,20923,California
Nevada,2021-03-05,870,30847,493,17038,367,13798,10,11,387,11824,481,9496,397,21320,California
Nevada,2021-03-06,374,31221,130,17168,217,14015,27,38,147,11770,227,9723,173,21493,California
Nevada,2021-03-07,215,31436,111,17279,84,14099,20,58,71,11717,144,9867,91,21584,California
Nevada,2021-03-08,841,32277,564,17843,229,14328,48,106,378,11682,462,10329,427,22011,California
Nevada,2021-03-09,809,33086,411,18254,347,14675,51,157,465,11856,341,10670,515,22526,California
Nevada,2021-03-10,1027,34113,659,18913,310,14985,58,215,348,11588,673,11343,405,22931,California
Nevada,2021-03-11,1124,35237,730,19643,368,15353,26,241,554,11606,562,11905,580,23511,California
Nevada,2021-03-12,1220,36457,732,20375,458,15811,30,271,507,11433,709,12614,536,24047,California
Nevada,2021-03-13,298,36755,58,20433,235,16046,5,276,116,11373,180,12794,120,24167,California
Nevada,2021-03-14,158,36913,23,20456,130,16176,5,281,35,11290,123,12917,40,24207,California
Nevada,2021-03-15,869,37782,470,20926,387,16563,12,293,366,11168,500,13417,378,24585,California
Nevada,2021-03-16,1001,38783,468,21394,472,17035,61,354,642,11513,357,13774,702,25287,California
Nevada,2021-03-17,1030,39813,455,21849,565,17600,10,364,586,11668,441,14215,596,25883,California
Nevada,2021-03-18,1000,40813,548,22397,429,18029,23,387,490,11675,506,14721,513,26396,California
Nevada,2021-03-19,766,41579,450,22847,280,18309,36,423,365,11679,397,15118,401,26797,California
Nevada,2021-03-20,833,42412,94,22941,307,18616,432,855,232,11745,594,15712,660,27457,California
Nevada,2021-03-21,62,42474,33,22974,28,18644,1,856,43,11771,18,15730,44,27501,California
Nevada,2021-03-22,813,43287,523,23497,285,18929,5,861,540,12046,270,16000,545,28046,California
Nevada,2021-03-23,868,44155,396,23893,446,19375,26,887,625,12457,240,16240,651,28697,California
Nevada,2021-03-24,1025,45180,549,24442,469,19844,7,894,639,12724,378,16618,645,29342,California
Nevada,2021-03-25,924,46104,473,24915,426,20270,25,919,503,12832,419,17037,527,29869,California
Nevada,2021-03-26,1182,47286,454,25369,689,20959,39,958,837,13364,343,17380,875,30744,California
Nevada,2021-03-27,585,47871,72,25441,497,21456,16,974,390,13575,195,17575,406,31150,California
Nevada,2021-03-28,192,48063,51,25492,128,21584,13,987,38,13475,151,17726,51,31201,California
Nevada,2021-03-29,846,48909,509,26001,315,21899,22,1009,382,13417,461,18187,403,31604,California
Nevada,2021-03-30,1069,49978,486,26487,549,22448,34,1043,491,13372,570,18757,525,32129,California
Nevada,2021-03-31,1195,51173,667,27154,511,22959,17,1060,686,13574,500,19257,702,32831,California
Nevada,2021-04-01,1252,52425,729,27883,471,23430,52,1112,554,13491,689,19946,606,33437,California
Nevada,2021-04-02,1318,53743,667,28550,616,24046,35,1147,789,13790,525,20471,824,34261,California
Nevada,2021-04-03,297,54040,92,28642,168,24214,37,1184,86,13703,210,20681,123,34384,California
Nevada,2021-04-04,133,54173,45,28687,81,24295,7,1191,80,13737,53,20734,87,34471,California
Nevada,2021-04-05,947,55120,627,29314,298,24593,22,1213,626,14067,317,21051,647,35118,California
Nevada,2021-04-06,1089,56209,671,29985,273,24866,145,1358,445,14019,637,21688,589,35707,California
Nevada,2021-04-07,1167,57376,828,30813,252,25118,87,1445,624,14193,536,22224,710,36417,California
Nevada,2021-04-08,1304,58680,904,31717,313,25431,87,1532,711,14404,588,22812,799,37216,California
Nevada,2021-04-09,1268,59948,863,32580,332,25763,73,1605,844,14899,422,23234,917,38133,California
Nevada,2021-04-10,280,60228,79,32659,123,25886,78,1683,113,14924,166,23400,191,38324,California
Nevada,2021-04-11,101,60329,34,32693,63,25949,4,1687,39,14905,62,23462,43,38367,California
Nevada,2021-04-12,761,61090,549,33242,195,26144,17,1704,324,14815,432,23894,342,38709,California
Nevada,2021-04-13,900,61990,365,33607,535,26679,0,1704,472,14862,425,24319,472,39181,California
Nevada,2021-04-14,1063,63053,578,34185,485,27164,0,1704,539,14884,517,24836,539,39720,California
Nevada,2021-04-15,1099,64152,716,34901,383,27547,0,1704,632,15062,455,25291,633,40353,California
Nevada,2021-04-16,914,65066,705,35606,209,27756,0,1704,527,15204,385,25676,527,40880,California
Nevada,2021-04-17,196,65262,50,35656,146,27902,0,1704,83,15176,111,25787,83,40963,California
Nevada,2021-04-18,188,65450,22,35678,166,28068,0,1704,101,15190,87,25874,101,41064,California
Nevada,2021-04-19,776,66226,499,36177,277,28345,0,1704,315,15053,452,26326,315,41379,California
Nevada,2021-04-20,798,67024,315,36492,483,28828,0,1704,304,14870,487,26813,304,41683,California
Nevada,2021-04-21,911,67935,500,36992,411,29239,0,1704,278,14524,624,27437,278,41961,California
Nevada,2021-04-22,1007,68942,623,37615,384,29623,0,1704,343,14215,652,28089,343,42304,California
Nevada,2021-04-23,1232,70174,551,38166,681,30304,0,1704,398,13790,823,28912,398,42702,California
Nevada,2021-04-24,526,70700,75,38241,451,30755,0,1704,172,13610,352,29264,172,42874,California
Nevada,2021-04-25,120,70820,61,38302,54,30809,5,1709,55,13605,64,29328,59,42933,California
Nevada,2021-04-26,758,71578,573,38875,176,30985,9,1718,220,13306,528,29856,229,43162,California
Nevada,2021-04-27,831,72409,387,39262,439,31424,5,1723,419,13326,404,30260,424,43586,California
Nevada,2021-04-28,999,73408,586,39848,408,31832,5,1728,387,13111,607,30867,392,43978,California
Nevada,2021-04-29,1020,74428,714,40562,302,32134,4,1732,284,12665,734,31601,288,44266,California
Nevada,2021-04-30,1245,75673,733,41295,503,32637,9,1741,207,11845,1036,32637,216,44482,California
Nevada,2021-05-01,149,75822,63,41358,82,32719,4,1745,66,11834,81,32718,70,44552,California
Nevada,2021-05-02,62,75884,31,41389,27,32746,4,1749,21,11818,41,32759,25,44577,California
Nevada,2021-05-03,615,76499,413,41802,183,32929,19,1768,182,11589,429,33188,200,44777,California
Nevada,2021-05-04,594,77093,175,41977,401,33330,18,1786,334,11685,256,33444,352,45129,California
Nevada,2021-05-05,742,77835,385,42362,343,33673,14,1800,321,11608,412,33856,335,45464,California
Nevada,2021-05-06,812,78647,569,42931,232,33905,11,1811,201,11218,602,34458,212,45676,California
Nevada,2021-05-07,887,79534,494,43425,357,34262,36,1847,195,10762,687,35145,231,45907,California
Nevada,2021-05-08,178,79712,21,43446,137,34399,20,1867,83,10771,94,35239,103,46010,California
Nevada,2021-05-09,42,79754,7,43453,33,34432,2,1869,18,10767,24,35263,20,46030,California
Nevada,2021-05-10,398,80152,256,43709,117,34549,25,1894,76,10547,321,35584,101,46131,California
Nevada,2021-05-11,513,80665,156,43865,342,34891,15,1909,130,10317,375,35959,145,46276,California
Nevada,2021-05-12,539,81204,238,44103,290,35181,11,1920,156,10109,375,36334,167,46443,California
Nevada,2021-05-13,843,82047,556,44659,277,35458,10,1930,432,10148,403,36737,442,46885,California
Nevada,2021-05-14,778,82825,579,45238,182,35640,17,1947,427,10245,347,37084,444,47329,California
Nevada,2021-05-15,183,83008,86,45324,89,35729,8,1955,85,10241,97,37181,93,47422,California
Nevada,2021-05-16,153,83161,50,45374,103,35832,0,1955,52,10192,101,37282,52,47474,California
Nevada,2021-05-17,502,83663,319,45693,153,35985,30,1985,215,10161,276,37558,245,47719,California
Nevada,2021-05-18,417,84080,253,45946,159,36144,5,1990,221,10192,194,37752,225,47944,California
Nevada,2021-05-19,493,84573,353,46299,135,36279,5,1995,254,10221,230,37982,259,48203,California
Nevada,2021-05-20,611,85184,353,46652,246,36525,12,2007,213,10054,393,38375,226,48429,California
Nevada,2021-05-21,509,85693,328,46980,170,36695,11,2018,221,10002,284,38659,232,48661,California
Nevada,2021-05-22,247,85940,36,47016,122,36817,89,2107,54,9952,193,38852,143,48804,California
Nevada,2021-05-23,50,85990,18,47034,32,36849,0,2107,17,9937,32,38884,17,48821,California
Nevada,2021-05-24,313,86303,219,47253,79,36928,15,2122,105,9852,205,39089,120,48941,California
Nevada,2021-05-25,343,86646,83,47336,247,37175,13,2135,84,9695,254,39343,97,49038,California
Nevada,2021-05-26,430,87076,183,47519,240,37415,7,2142,118,9515,305,39648,125,49163,California
Nevada,2021-05-27,433,87509,230,47749,183,37598,20,2162,183,9472,246,39894,203,49366,California
Nevada,2021-05-28,344,87853,217,47966,114,37712,13,2175,200,9544,141,40035,213,49579,California
Nevada,2021-05-29,66,87919,12,47978,54,37766,0,2175,41,9560,25,40060,41,49620,California
Nevada,2021-05-30,38,87957,19,47997,17,37783,2,2177,25,9574,13,40073,27,49647,California
Nevada,2021-05-31,6,87963,4,48001,0,37783,2,2179,2,9574,4,40077,4,49651,California
Nevada,2021-06-01,419,88382,128,48129,273,38056,18,2197,102,9386,308,40385,120,49771,California
Nevada,2021-06-02,400,88782,163,48292,230,38286,7,2204,101,9202,292,40677,108,49879,California
Nevada,2021-06-03,565,89347,406,48698,154,38440,5,2209,100,8847,460,41137,105,49984,California
Nevada,2021-06-04,540,89887,431,49129,105,38545,4,2213,112,8539,424,41561,116,50100,California
Nevada,2021-06-05,166,90053,74,49203,90,38635,2,2215,61,8499,103,41664,63,50163,California
Nevada,2021-06-06,51,90104,40,49243,11,38646,0,2215,11,8470,40,41704,11,50174,California
Nevada,2021-06-07,260,90364,195,49438,37,38683,28,2243,61,8365,194,41898,89,50263,California
Nevada,2021-06-08,280,90644,189,49627,77,38760,14,2257,60,8228,211,42109,74,50337,California
Nevada,2021-06-09,266,90910,179,49806,81,38841,6,2263,66,8103,197,42306,72,50409,California
Nevada,2021-06-10,167,91077,118,49924,45,38886,4,2267,28,8003,132,42438,32,50441,California
Orange,2020-12-15,16,16,16,16,0,0,0,0,16,16,0,0,16,16,California
Orange,2020-12-16,390,406,390,406,0,0,0,0,390,406,0,0,390,406,California
Orange,2020-12-17,3757,4163,3757,4163,0,0,0,0,3756,4162,0,0,3756,4162,California
Orange,2020-12-18,5064,9227,5056,9219,8,8,0,0,5062,9223,1,1,5062,9224,California
Orange,2020-12-19,2226,11453,2219,11438,7,15,0,0,2225,11448,0,1,2225,11449,California
Orange,2020-12-20,1987,13440,1984,13422,3,18,0,0,1988,13436,0,1,1988,13437,California
Orange,2020-12-21,4272,17712,4266,17688,6,24,0,0,4272,17708,0,1,4272,17709,California
Orange,2020-12-22,3984,21696,3950,21638,34,58,0,0,3984,21692,0,1,3984,21693,California
Orange,2020-12-23,3587,25283,3220,24858,367,425,0,0,3589,25281,0,1,3589,25282,California
Orange,2020-12-24,1378,26661,1076,25934,302,727,0,0,1378,26659,0,1,1378,26660,California
Orange,2020-12-25,19,26680,14,25948,5,732,0,0,19,26678,0,1,19,26679,California
Orange,2020-12-26,997,27677,420,26368,577,1309,0,0,997,27675,0,1,997,27676,California
Orange,2020-12-27,585,28262,276,26644,309,1618,0,0,585,28260,0,1,585,28261,California
Orange,2020-12-28,3624,31886,2640,29284,984,2602,0,0,3624,31884,0,1,3624,31885,California
Orange,2020-12-29,3505,35391,2490,31774,1015,3617,0,0,3504,35387,1,2,3504,35389,California
Orange,2020-12-30,5127,40518,3546,35320,1581,5198,0,0,5127,40514,0,2,5127,40516,California
Orange,2020-12-31,1512,42030,810,36130,702,5900,0,0,1511,42024,1,3,1511,42027,California
Orange,2021-01-01,664,42694,362,36492,302,6202,0,0,662,42684,2,5,662,42689,California
Orange,2021-01-02,1358,44052,843,37335,515,6717,0,0,1358,44042,0,5,1358,44047,California
Orange,2021-01-03,584,44636,323,37658,261,6978,0,0,584,44626,0,5,584,44631,California
Orange,2021-01-04,2763,47399,1572,39230,1191,8169,0,0,2764,47389,1,6,2764,47395,California
Orange,2021-01-05,3549,50948,2311,41541,1238,9407,0,0,3136,50118,410,416,3139,50534,California
Orange,2021-01-06,5005,55953,3457,44998,1548,10955,0,0,3640,52405,1353,1769,3640,54174,California
Orange,2021-01-07,9294,65247,5180,50178,4114,15069,0,0,5708,54548,3572,5341,5715,59889,California
Orange,2021-01-08,9436,74683,5269,55447,4167,19236,0,0,5666,56459,3759,9100,5670,65559,California
Orange,2021-01-09,5038,79721,1749,57196,3289,22525,0,0,3755,58931,1283,10383,3755,69314,California
Orange,2021-01-10,4253,83974,1044,58240,3209,25734,0,0,3373,61429,879,11262,3377,72691,California
Orange,2021-01-11,9470,93444,4915,63155,4555,30289,0,0,5840,63637,3633,14895,5841,78532,California
Orange,2021-01-12,8945,102389,4834,67989,4111,34400,0,0,5470,65635,3473,18368,5471,84003,California
Orange,2021-01-13,10269,112658,4925,72914,5344,39744,0,0,7057,69491,3208,21576,7064,91067,California
Orange,2021-01-14,10012,122670,3793,76707,6219,45963,0,0,8417,76321,1593,23169,8423,99490,California
Orange,2021-01-15,10214,132884,2642,79349,7572,53535,0,0,9333,84771,889,24058,9339,108829,California
Orange,2021-01-16,8713,141597,2090,81439,6623,60158,0,0,8317,92698,395,24453,8322,117151,California
Orange,2021-01-17,8181,149778,1488,82927,6693,66851,0,0,8029,100585,152,24605,8039,125190,California
Orange,2021-01-18,9707,159485,4412,87339,5295,72146,0,0,7445,105777,2262,26867,7454,132644,California
Orange,2021-01-19,7539,167024,5461,92800,2078,74224,0,0,4906,108051,2633,29500,4907,137551,California
Orange,2021-01-20,8412,175436,5928,98728,2484,76708,0,0,5353,110359,3058,32558,5366,142917,California
Orange,2021-01-21,11044,186480,4920,103648,6124,82832,0,0,10216,119762,826,33384,10229,153146,California
Orange,2021-01-22,13725,200205,5173,108821,8552,91384,0,0,12859,131772,858,34242,12868,166014,California
Orange,2021-01-23,13156,213361,6190,115011,6966,98350,0,0,12221,143069,933,35175,12230,178244,California
Orange,2021-01-24,9829,223190,4296,119307,5533,103883,0,0,9495,152237,331,35506,9499,187743,California
Orange,2021-01-25,10481,233671,5883,125190,4598,108481,0,0,7733,157237,2740,38246,7740,195483,California
Orange,2021-01-26,11961,245632,7755,132945,4206,112687,0,0,9776,164845,2180,40426,9788,205271,California
Orange,2021-01-27,13544,259176,8046,140991,5498,118185,0,0,10819,172963,2713,43139,10831,216102,California
Orange,2021-01-28,13122,272298,7249,148240,5873,124058,0,0,11224,182322,1883,45022,11242,227344,California
Orange,2021-01-29,13710,286008,8507,156747,5203,129261,0,0,10796,190233,2898,47920,10809,238153,California
Orange,2021-01-30,13055,299063,4497,161244,8558,137819,0,0,12266,201737,773,48693,12277,250430,California
Orange,2021-01-31,13706,312769,4920,166164,8786,146605,0,0,13255,214555,445,49138,13263,263693,California
Orange,2021-02-01,14882,327651,6524,172688,8358,154963,0,0,12395,224496,2460,51598,12401,276094,California
Orange,2021-02-02,15052,342703,7975,180663,7077,162040,0,0,12578,234636,2442,54040,12582,288676,California
Orange,2021-02-03,16611,359314,12415,193078,4196,166236,0,0,13657,245424,2875,56915,13663,302339,California
Orange,2021-02-04,19963,379277,13066,206144,6897,173133,0,0,14850,255201,5081,61996,14858,317197,California
Orange,2021-02-05,20783,400060,12021,218165,8762,181895,0,0,14457,263381,6282,68278,14462,331659,California
Orange,2021-02-06,16411,416471,10848,229013,5563,187458,0,0,11123,269450,5273,73551,11342,343001,California
Orange,2021-02-07,11559,428030,8123,237136,3436,190894,0,0,7573,273223,3969,77520,7742,350743,California
Orange,2021-02-08,15073,443103,8679,245815,6394,197288,0,0,9027,276232,6019,83539,9028,359771,California
Orange,2021-02-09,17803,460906,12118,257933,5685,202973,0,0,10747,280002,6983,90522,10753,370524,California
Orange,2021-02-10,20921,481827,11184,269117,9737,212710,0,0,12698,284578,8131,98653,12707,383231,California
Orange,2021-02-11,22200,504027,11552,280669,10648,223358,0,0,12435,287399,9632,108285,12453,395684,California
Orange,2021-02-12,24906,528933,12001,292670,12905,236263,0,0,14646,291858,10193,118478,14652,410336,California
Orange,2021-02-13,22011,550944,11907,304577,10104,246367,0,0,11154,292951,10702,129180,11795,422131,California
Orange,2021-02-14,16189,567133,6541,311118,9648,256015,0,0,9542,295876,6618,135798,9543,431674,California
Orange,2021-02-15,17284,584417,7410,318528,9874,265889,0,0,8912,296473,8327,144125,8924,440598,California
Orange,2021-02-16,20006,604423,9010,327538,10996,276885,0,0,10775,298095,9178,153303,10800,451398,California
Orange,2021-02-17,17981,622404,9389,336927,8592,285477,0,0,9227,298655,8699,162002,9259,460657,California
Orange,2021-02-18,15083,637487,9897,346824,5186,290663,0,0,6817,297273,8209,170211,6827,467484,California
Orange,2021-02-19,18232,655719,10904,357728,7328,297991,0,0,6933,292974,11244,181455,6945,474429,California
Orange,2021-02-20,7548,663267,5632,363360,1916,299907,0,0,3790,293043,3732,185187,3801,478230,California
Orange,2021-02-21,4603,667870,3911,367271,692,300599,0,0,941,290366,3619,188806,942,479172,California
Orange,2021-02-22,9723,677593,7928,375199,1795,302394,0,0,3922,288535,5768,194574,3937,483109,California
Orange,2021-02-23,13375,690968,7337,382536,6038,308432,0,0,3511,282262,9796,204370,3523,486632,California
Orange,2021-02-24,21221,712189,12874,395410,8347,316779,0,0,5398,271928,15750,220120,5416,492048,California
Orange,2021-02-25,22772,734961,12338,407748,10434,327213,0,0,8007,265266,14685,234805,8023,500071,California
Orange,2021-02-26,27887,762848,14117,421865,13770,340983,0,0,11244,260033,16501,251306,11268,511339,California
Orange,2021-02-27,25163,788011,10233,432098,14927,355910,3,3,7335,249677,17709,269015,7353,518692,California
Orange,2021-02-28,19160,807171,7441,439539,11719,367629,0,3,4839,240337,14196,283211,4856,523548,California
Orange,2021-03-01,18706,825877,8544,448083,10151,377780,11,14,7254,236269,11348,294559,7280,530828,California
Orange,2021-03-02,19366,845243,9347,457430,10016,387796,3,17,9466,235923,9843,304402,9497,540325,California
Orange,2021-03-03,20827,866070,9838,467268,10984,398780,5,22,11170,237548,9572,313974,11197,551522,California
Orange,2021-03-04,22638,888708,13041,480309,9583,408363,14,36,11691,238373,10905,324879,11730,563252,California
Orange,2021-03-05,21142,909850,11037,491346,10058,418421,47,83,12971,243330,8123,333002,13080,576332,California
Orange,2021-03-06,24201,934051,13326,504672,10000,428421,875,958,12786,245645,11369,344371,13684,590016,California
Orange,2021-03-07,15291,949342,8583,513255,6296,434717,412,1370,8942,248712,6307,350678,9374,599390,California
Orange,2021-03-08,16802,966144,7746,521001,7741,442458,1315,2685,10793,254891,5955,356633,12134,611524,California
Orange,2021-03-09,21110,987254,9753,530754,8884,451342,2473,5158,12473,261242,8590,365223,14941,626465,California
Orange,2021-03-10,24823,1012077,12186,542940,9174,460516,3463,8621,12531,265003,12226,377449,15987,642452,California
Orange,2021-03-11,29108,1041185,15745,558685,9133,469649,4230,12851,13489,267200,15515,392964,17712,660164,California
Orange,2021-03-12,29465,1070650,14333,573018,11251,480900,3881,16732,14792,271309,14583,407547,18692,678856,California
Orange,2021-03-13,27899,1098549,10262,583280,13685,494585,3952,20684,14113,275649,13723,421270,18063,696919,California
Orange,2021-03-14,18937,1117486,8232,591512,8159,502744,2546,23230,11826,282928,7078,428348,14357,711276,California
Orange,2021-03-15,23121,1140607,10180,601692,12178,514922,763,23993,14416,289483,8615,436963,15170,726446,California
Orange,2021-03-16,26451,1167058,11182,612874,15041,529963,228,24221,17166,297680,9203,446166,17400,743846,California
Orange,2021-03-17,27416,1194474,13601,626475,13223,543186,592,24813,19484,309899,7852,454018,20071,763917,California
Orange,2021-03-18,27831,1222305,13985,640460,13569,556755,277,25090,21641,325699,6121,460139,21921,785838,California
Orange,2021-03-19,33654,1255959,18470,658930,14732,571487,452,25542,24964,342555,8571,468710,25427,811265,California
Orange,2021-03-20,25847,1281806,13611,672541,12028,583515,208,25750,22022,361033,3759,472469,22237,833502,California
Orange,2021-03-21,18563,1300369,10729,683270,7095,590610,739,26489,15752,374745,2777,475246,16489,849991,California
Orange,2021-03-22,22781,1323150,11793,695063,10667,601277,321,26810,19182,390761,3497,478743,19513,869504,California
Orange,2021-03-23,26062,1349212,13547,708610,11871,613148,644,27454,20684,406798,5295,484038,21332,890836,California
Orange,2021-03-24,29249,1378461,16357,724967,11966,625114,926,28380,22053,422677,7101,491139,22980,913816,California
Orange,2021-03-25,32500,1410961,17252,742219,14537,639651,711,29091,24260,439512,8137,499276,24972,938788,California
Orange,2021-03-26,34955,1445916,18148,760367,15941,655592,866,29957,24883,455313,9953,509229,25754,964542,California
Orange,2021-03-27,28535,1474451,13670,774037,14549,670141,316,30273,19790,466772,8649,517878,20108,984650,California
Orange,2021-03-28,24923,1499374,12948,786985,11907,682048,68,30341,18626,479253,6216,524094,18697,1003347,California
Orange,2021-03-29,26569,1525943,12168,799153,13834,695882,567,30908,17802,488960,8666,532760,18373,1021720,California
Orange,2021-03-30,30921,1556864,13973,813126,16315,712197,633,31541,20444,499651,10385,543145,21076,1042796,California
Orange,2021-03-31,37193,1594057,19526,832652,16955,729152,712,32253,23783,510859,13292,556437,24500,1067296,California
Orange,2021-04-01,40649,1634706,21341,853993,17427,746579,1881,34134,26248,524752,14235,570672,28128,1095424,California
Orange,2021-04-02,40213,1674919,20299,874292,18096,764675,1818,35952,22726,531923,17377,588049,24548,1119972,California
Orange,2021-04-03,30230,1705149,15736,890028,12748,777423,1746,37698,14280,532071,15868,603917,16016,1135988,California
Orange,2021-04-04,18479,1723628,10736,900764,6976,784399,767,38465,8160,530736,10259,614176,8924,1144912,California
Orange,2021-04-05,30058,1753686,14042,914806,12612,797011,3404,41869,13805,531762,16168,630344,17194,1162106,California
Orange,2021-04-06,33481,1787167,15661,930467,14383,811394,3437,45306,14367,530531,19018,649362,17787,1179893,California
Orange,2021-04-07,36233,1823400,20176,950643,11468,822862,4589,49895,15996,530937,20147,669509,20553,1200446,California
Orange,2021-04-08,39257,1862657,21731,972374,12046,834908,5480,55375,19042,535328,20100,689609,24491,1224937,California
Orange,2021-04-09,41107,1903764,23917,996291,11954,846862,5236,60611,18178,535899,22827,712436,23398,1248335,California
Orange,2021-04-10,34645,1938409,18328,1014619,12069,858931,4248,64859,14363,534295,20186,732622,18582,1266917,California
Orange,2021-04-11,25780,1964189,14597,1029216,7911,866842,3272,68131,9887,531599,15837,748459,13141,1280058,California
Orange,2021-04-12,30663,1994852,15514,1044730,11555,878397,3594,71725,12069,528728,18518,766977,15647,1295705,California
Orange,2021-04-13,32597,2027449,18366,1063096,14163,892560,68,71793,15182,526733,17342,784319,15347,1311052,California
Orange,2021-04-14,34840,2062289,20437,1083533,14367,906927,36,71829,15194,522501,19545,803864,15313,1326365,California
Orange,2021-04-15,40512,2102801,24666,1108199,15832,922759,14,71843,18841,519943,21558,825422,19000,1345365,California
Orange,2021-04-16,41346,2144147,24306,1132505,17012,939771,28,71871,18646,516062,22585,848007,18704,1364069,California
Orange,2021-04-17,30241,2174388,17124,1149629,13112,952883,5,71876,13230,512416,16885,864892,13239,1377308,California
Orange,2021-04-18,21475,2195863,13003,1162632,8472,961355,0,71876,8484,507966,12938,877830,8488,1385796,California
Orange,2021-04-19,32461,2228324,17937,1180569,14522,975877,2,71878,14917,505443,17447,895277,14924,1400720,California
Orange,2021-04-20,35218,2263542,18289,1198858,16923,992800,6,71884,17622,505562,17509,912786,17628,1418348,California
Orange,2021-04-21,40704,2304246,23460,1222318,17235,1010035,9,71893,19302,503588,21287,934073,19313,1437661,California
Orange,2021-04-22,39271,2343517,20731,1243049,18531,1028566,9,71902,16323,497112,22812,956885,16336,1453997,California
Orange,2021-04-23,40182,2383699,20802,1263851,19373,1047939,7,71909,17934,492929,22128,979013,17945,1471942,California
Orange,2021-04-24,31983,2415682,16717,1280568,15232,1063171,34,71943,13403,487873,18496,997509,13440,1485382,California
Orange,2021-04-25,22946,2438628,12948,1293516,9983,1073154,15,71958,9802,484614,13081,1010590,9822,1495204,California
Orange,2021-04-26,28631,2467259,13961,1307477,14472,1087626,198,72156,12403,481098,16115,1026705,12599,1507803,California
Orange,2021-04-27,31114,2498373,14553,1322030,15933,1103559,628,72784,11776,474332,19175,1045880,12409,1520212,California
Orange,2021-04-28,30893,2529266,15470,1337500,14543,1118102,880,73664,12400,469242,18365,1064245,13275,1533487,California
Orange,2021-04-29,31895,2561161,17417,1354917,13516,1131618,962,74626,11336,461073,20458,1084703,12289,1545776,California
Orange,2021-04-30,29826,2590987,17019,1371936,11865,1143483,942,75568,12685,457655,17038,1101741,13620,1559396,California
Orange,2021-05-01,22841,2613828,15669,1387605,6186,1149669,986,76554,8733,453364,13999,1115740,9708,1569104,California
Orange,2021-05-02,15396,2629224,10242,1397847,4509,1154178,645,77199,5369,449412,9961,1125701,6009,1575113,California
Orange,2021-05-03,20591,2649815,12572,1410419,7261,1161439,758,77957,6477,442617,14028,1139729,7233,1582346,California
Orange,2021-05-04,23610,2673425,13471,1423890,9230,1170669,909,78866,8175,436358,15327,1155056,9068,1591414,California
Orange,2021-05-05,24738,2698163,13805,1437695,10038,1180707,895,79761,8007,428655,16604,1171660,8901,1600315,California
Orange,2021-05-06,26397,2724560,15970,1453665,9424,1190131,1003,80764,7285,417952,18982,1190642,8279,1608594,California
Orange,2021-05-07,28670,2753230,17147,1470812,10476,1200607,1047,81811,8045,406623,20416,1211058,9087,1617681,California
Orange,2021-05-08,18377,2771607,12140,1482952,5462,1206069,775,82586,5407,399947,12852,1223910,6176,1623857,California
Orange,2021-05-09,10961,2782568,8335,1491287,2255,1208324,371,82957,2878,395162,8034,1231944,3249,1627106,California
Orange,2021-05-10,18996,2801564,11569,1502856,6656,1214980,771,83728,4272,385573,14631,1246575,5042,1632148,California
Orange,2021-05-11,21820,2823384,12041,1514897,9058,1224038,721,84449,5273,375114,16447,1263022,5988,1638136,California
Orange,2021-05-12,23740,2847124,14697,1529594,8213,1232251,830,85279,6823,365973,16793,1279815,7652,1645788,California
Orange,2021-05-13,21646,2868770,13415,1543009,7655,1239906,576,85855,8129,361264,13414,1293229,8705,1654493,California
Orange,2021-05-14,25657,2894427,16747,1559756,8107,1248013,803,86658,10412,357325,15146,1308375,11207,1665700,California
Orange,2021-05-15,19891,2914318,14344,1574100,4997,1253010,550,87208,8028,354097,11803,1320178,8575,1674275,California
Orange,2021-05-16,15182,2929500,12491,1586591,2350,1255360,341,87549,6497,352298,8634,1328812,6835,1681110,California
Orange,2021-05-17,19305,2948805,12648,1599239,5960,1261320,697,88246,6915,347571,12327,1341139,7600,1688710,California
Orange,2021-05-18,20474,2969279,11916,1611155,7890,1269210,668,88914,8078,344009,12304,1353443,8742,1697452,California
Orange,2021-05-19,22424,2991703,12819,1623974,8936,1278146,669,89583,7904,338169,14406,1367849,8566,1706018,California
Orange,2021-05-20,22275,3013978,13055,1637029,8551,1286697,669,90252,7804,332274,14366,1382215,8471,1714489,California
Orange,2021-05-21,25248,3039226,14407,1651436,10125,1296822,716,90968,8366,324574,16781,1398996,9081,1723570,California
Orange,2021-05-22,18144,3057370,12055,1663491,5548,1302370,541,91509,6874,320808,11181,1410177,7415,1730985,California
Orange,2021-05-23,9724,3067094,6664,1670155,2784,1305154,276,91785,3426,318254,6256,1416433,3702,1734687,California
Orange,2021-05-24,15335,3082429,9006,1679161,5711,1310865,618,92403,5683,314986,9563,1425996,6295,1740982,California
Orange,2021-05-25,15594,3098023,9186,1688347,5888,1316753,520,92923,5638,311290,9849,1435845,6153,1747135,California
Orange,2021-05-26,15177,3113200,8513,1696860,6174,1322927,490,93413,5693,308068,9401,1445246,6179,1753314,California
Orange,2021-05-27,14356,3127556,8627,1705487,5173,1328100,556,93969,6396,307110,7893,1453139,6935,1760249,California
Orange,2021-05-28,16706,3144262,9833,1715320,6247,1334347,626,94595,7388,305889,9226,1462365,8005,1768254,California
Orange,2021-05-29,8940,3153202,5232,1720552,3352,1337699,356,94951,4127,305608,4758,1467123,4477,1772731,California
Orange,2021-05-30,5975,3159177,3881,1724433,1820,1339519,274,95225,2159,304256,3782,1470905,2430,1775161,California
Orange,2021-05-31,1704,3160881,1050,1725483,608,1340127,46,95271,555,303723,1134,1472039,601,1775762,California
Orange,2021-06-01,13327,3174208,7717,1733200,5124,1345251,486,95757,5151,301278,8077,1480116,5632,1781394,California
Orange,2021-06-02,12953,3187161,8018,1741218,4519,1349770,416,96173,4523,297925,8287,1488403,4934,1786328,California
Orange,2021-06-03,12815,3199976,8843,1750061,3520,1353290,452,96625,4484,294584,8269,1496672,4928,1791256,California
Orange,2021-06-04,16722,3216698,11791,1761852,4365,1357655,566,97191,5217,288936,11429,1508101,5781,1797037,California
Orange,2021-06-05,12794,3229492,9634,1771486,2773,1360428,387,97578,3954,284486,8785,1516886,4335,1801372,California
Orange,2021-06-06,5260,3234752,4483,1775969,589,1361017,188,97766,1914,283262,3326,1520212,2102,1803474,California
Orange,2021-06-07,10546,3245298,7408,1783377,2688,1363705,450,98216,3355,279937,7124,1527336,3799,1807273,California
Orange,2021-06-08,11848,3257146,8491,1791868,2875,1366580,482,98698,3738,276132,8024,1535360,4219,1811492,California
Orange,2021-06-09,8030,3265176,5353,1797221,2393,1368973,284,98982,2037,272516,5931,1541291,2315,1813807,California
Orange,2021-06-10,4617,3269793,3432,1800653,993,1369966,192,99174,1211,270536,3379,1544670,1399,1815206,California
Placer,2020-12-15,29,29,29,29,0,0,0,0,29,29,0,0,29,29,California
Placer,2020-12-16,55,84,55,84,0,0,0,0,55,84,0,0,55,84,California
Placer,2020-12-17,149,233,149,233,0,0,0,0,149,233,0,0,149,233,California
Placer,2020-12-18,424,657,424,657,0,0,0,0,424,657,0,0,424,657,California
Placer,2020-12-19,253,910,253,910,0,0,0,0,253,910,0,0,253,910,California
Placer,2020-12-20,231,1141,231,1141,0,0,0,0,231,1141,0,0,231,1141,California
Placer,2020-12-21,499,1640,497,1638,2,2,0,0,499,1640,0,0,499,1640,California
Placer,2020-12-22,680,2320,673,2311,7,9,0,0,680,2320,0,0,680,2320,California
Placer,2020-12-23,754,3074,666,2977,88,97,0,0,754,3074,0,0,754,3074,California
Placer,2020-12-24,411,3485,358,3335,53,150,0,0,411,3485,0,0,411,3485,California
Placer,2020-12-26,162,3647,117,3452,45,195,0,0,162,3647,0,0,162,3647,California
Placer,2020-12-27,183,3830,161,3613,22,217,0,0,183,3830,0,0,183,3830,California
Placer,2020-12-28,672,4502,548,4161,124,341,0,0,672,4502,0,0,672,4502,California
Placer,2020-12-29,770,5272,520,4681,250,591,0,0,770,5272,0,0,770,5272,California
Placer,2020-12-30,727,5999,455,5136,272,863,0,0,726,5998,0,0,726,5998,California
Placer,2020-12-31,544,6543,358,5494,186,1049,0,0,544,6542,0,0,544,6542,California
Placer,2021-01-01,16,6559,12,5506,4,1053,0,0,16,6558,0,0,16,6558,California
Placer,2021-01-02,187,6746,155,5661,32,1085,0,0,187,6745,0,0,187,6745,California
Placer,2021-01-03,153,6899,78,5739,75,1160,0,0,153,6898,0,0,153,6898,California
Placer,2021-01-04,628,7527,187,5926,441,1601,0,0,625,7520,3,3,625,7523,California
Placer,2021-01-05,731,8258,159,6085,572,2173,0,0,644,8079,86,89,645,8168,California
Placer,2021-01-06,764,9022,246,6331,518,2691,0,0,613,8541,151,240,613,8781,California
Placer,2021-01-07,983,10005,369,6700,614,3305,0,0,756,9070,227,467,756,9537,California
Placer,2021-01-08,1181,11186,527,7227,654,3959,0,0,793,9478,385,852,793,10330,California
Placer,2021-01-09,456,11642,325,7552,131,4090,0,0,236,9495,219,1071,236,10566,California
Placer,2021-01-10,333,11975,187,7739,146,4236,0,0,165,9492,168,1239,165,10731,California
Placer,2021-01-11,1432,13407,810,8549,622,4858,0,0,840,9741,592,1831,841,11572,California
Placer,2021-01-12,1661,15068,879,9428,782,5640,0,0,1058,10196,603,2434,1058,12630,California
Placer,2021-01-13,1637,16705,822,10250,815,6455,0,0,1214,10992,421,2855,1217,13847,California
Placer,2021-01-14,1807,18512,680,10930,1127,7582,0,0,1432,12053,372,3227,1433,15280,California
Placer,2021-01-15,1939,20451,726,11656,1213,8795,0,0,1584,13284,354,3581,1585,16865,California
Placer,2021-01-16,1447,21898,715,12371,732,9527,0,0,1326,14490,121,3702,1327,18192,California
Placer,2021-01-17,569,22467,397,12768,172,9699,0,0,431,14783,138,3840,431,18623,California
Placer,2021-01-18,996,23463,555,13323,441,10140,0,0,753,15294,243,4083,754,19377,California
Placer,2021-01-19,2645,26108,1975,15298,670,10810,0,0,2186,17022,459,4542,2187,21564,California
Placer,2021-01-20,2288,28396,1714,17012,574,11384,0,0,1952,18639,336,4878,1953,23517,California
Placer,2021-01-21,2588,30984,1134,18146,1454,12838,0,0,2194,20441,393,5271,2195,25712,California
Placer,2021-01-22,2357,33341,649,18795,1708,14546,0,0,2180,22447,175,5446,2181,27893,California
Placer,2021-01-23,1187,34528,382,19177,805,15351,0,0,1029,23318,158,5604,1029,28922,California
Placer,2021-01-24,500,35028,257,19434,243,15594,0,0,427,23673,73,5677,428,29350,California
Placer,2021-01-25,1681,36709,812,20246,869,16463,0,0,1387,24767,294,5971,1388,30738,California
Placer,2021-01-26,1868,38577,1038,21284,830,17293,0,0,1604,26107,264,6235,1604,32342,California
Placer,2021-01-27,1845,40422,1157,22441,688,17981,0,0,1594,27455,249,6484,1597,33939,California
Placer,2021-01-28,1806,42228,1117,23558,689,18670,0,0,1558,28768,246,6730,1559,35498,California
Placer,2021-01-29,1895,44123,1168,24726,727,19397,0,0,1699,30275,195,6925,1702,37200,California
Placer,2021-01-30,1716,45839,971,25697,745,20142,0,0,1595,31750,120,7045,1595,38795,California
Placer,2021-01-31,785,46624,626,26323,159,20301,0,0,714,32394,71,7116,715,39510,California
Placer,2021-02-01,2074,48698,1091,27414,983,21284,0,0,1757,33835,316,7432,1757,41267,California
Placer,2021-02-02,2395,51093,1541,28955,854,22138,0,0,1893,35229,499,7931,1893,43160,California
Placer,2021-02-03,2926,54019,1889,30844,1037,23175,0,0,2299,36905,623,8554,2299,45459,California
Placer,2021-02-04,2739,56758,1187,32031,1552,24727,0,0,1911,37993,824,9378,1912,47371,California
Placer,2021-02-05,2711,59469,1207,33238,1504,26231,0,0,1377,38041,1329,10707,1377,48748,California
Placer,2021-02-06,1950,61419,1314,34552,636,26867,0,0,1403,38897,547,11254,1403,50151,California
Placer,2021-02-07,1196,62615,884,35436,312,27179,0,0,910,39522,285,11539,910,51061,California
Placer,2021-02-08,3301,65916,1770,37206,1531,28710,0,0,1939,40107,1355,12894,1940,53001,California
Placer,2021-02-09,3545,69461,2179,39385,1366,30076,0,0,1627,39819,1915,14809,1627,54628,California
Placer,2021-02-10,3763,73224,2207,41592,1556,31632,0,0,1753,39567,2007,16816,1755,56383,California
Placer,2021-02-11,3701,76925,1912,43504,1789,33421,0,0,1566,39012,2122,18938,1567,57950,California
Placer,2021-02-12,2843,79768,1324,44828,1519,34940,0,0,1659,39525,1147,20085,1660,59610,California
Placer,2021-02-13,2511,82279,1463,46291,1048,35988,0,0,1884,40782,627,20712,1884,61494,California
Placer,2021-02-14,1089,83368,681,46972,408,36396,0,0,739,41173,348,21060,739,62233,California
Placer,2021-02-15,2239,85607,1037,48009,1202,37598,0,0,1522,41980,717,21777,1524,63757,California
Placer,2021-02-16,3577,89184,1783,49792,1794,39392,0,0,1582,41577,1986,23763,1583,65340,California
Placer,2021-02-17,3543,92727,1962,51754,1581,40973,0,0,1509,41056,2030,25793,1509,66849,California
Placer,2021-02-18,3817,96544,2061,53815,1756,42729,0,0,1631,40511,2177,27970,1632,68481,California
Placer,2021-02-19,3629,100173,1938,55753,1691,44420,0,0,1355,39598,2269,30239,1356,69837,California
Placer,2021-02-20,2035,102208,1278,57031,757,45177,0,0,922,39417,1106,31345,925,70762,California
Placer,2021-02-21,992,103200,732,57763,260,45437,0,0,286,39001,703,32048,287,71049,California
Placer,2021-02-22,2551,105751,1791,59554,760,46197,0,0,619,37688,1932,33980,619,71668,California
Placer,2021-02-23,2577,108328,1600,61154,977,47174,0,0,889,36890,1687,35667,889,72557,California
Placer,2021-02-24,3330,111658,1193,62347,2137,49311,0,0,1829,37229,1492,37159,1831,74388,California
Placer,2021-02-25,3742,115400,1545,63892,2197,51508,0,0,2056,37609,1678,38837,2058,76446,California
Placer,2021-02-26,4251,119651,2452,66344,1799,53307,0,0,2458,38278,1789,40626,2458,78904,California
Placer,2021-02-27,2874,122525,1519,67863,1355,54662,0,0,1480,38373,1388,42014,1483,80387,California
Placer,2021-02-28,1560,124085,854,68717,706,55368,0,0,728,38274,827,42841,728,81115,California
Placer,2021-03-01,3186,127271,2123,70840,1063,56431,0,0,1622,38339,1557,44398,1622,82737,California
Placer,2021-03-02,2872,130143,1769,72609,1103,57534,0,0,1879,39230,988,45386,1879,84616,California
Placer,2021-03-03,3340,133483,1441,74050,1899,59433,0,0,1824,39545,1510,46896,1825,86441,California
Placer,2021-03-04,3609,137092,1454,75504,2155,61588,0,0,1882,39714,1715,48611,1884,88325,California
Placer,2021-03-05,2993,140085,1030,76534,1942,63530,21,21,1806,40357,1184,49795,1827,90152,California
Placer,2021-03-06,2433,142518,1506,78040,830,64360,97,118,936,39901,1489,51284,1033,91185,California
Placer,2021-03-07,1313,143831,763,78803,512,64872,38,156,540,39709,770,52054,578,91763,California
Placer,2021-03-08,2896,146727,1820,80623,964,65836,112,268,1644,40215,1250,53304,1756,93519,California
Placer,2021-03-09,3177,149904,1695,82318,1393,67229,89,357,1829,40787,1346,54650,1918,95437,California
Placer,2021-03-10,3305,153209,1335,83653,1865,69094,105,462,1730,41053,1569,56219,1835,97272,California
Placer,2021-03-11,3655,156864,1665,85318,1864,70958,126,588,1754,41044,1891,58110,1882,99154,California
Placer,2021-03-12,3710,160574,1505,86823,1419,72377,786,1374,1257,40642,2446,60556,2044,101198,California
Placer,2021-03-13,2129,162703,742,87565,1263,73640,124,1498,1109,40858,1017,61573,1233,102431,California
Placer,2021-03-14,1657,164360,680,88245,826,74466,151,1649,900,41152,757,62330,1051,103482,California
Placer,2021-03-15,3193,167553,1543,89788,1521,75987,129,1778,1761,41615,1428,63758,1891,105373,California
Placer,2021-03-16,3593,171146,1929,91717,1530,77517,134,1912,2281,42729,1300,65058,2414,107787,California
Placer,2021-03-17,3456,174602,1746,93463,1606,79123,104,2016,2220,43821,1233,66291,2325,110112,California
Placer,2021-03-18,4103,178705,2331,95794,1731,80854,41,2057,2857,45479,1239,67530,2897,113009,California
Placer,2021-03-19,3445,182150,2064,97858,1114,81968,267,2324,2146,46599,1291,68821,2411,115420,California
Placer,2021-03-20,2146,184296,905,98763,1146,83114,95,2419,1305,47162,836,69657,1399,116819,California
Placer,2021-03-21,1266,185562,579,99342,677,83791,10,2429,881,47671,382,70039,891,117710,California
Placer,2021-03-22,3291,188853,2112,101454,1087,84878,92,2521,2134,48744,1153,71192,2226,119936,California
Placer,2021-03-23,3542,192395,2103,103557,1350,86228,89,2610,2523,50343,1014,72206,2613,122549,California
Placer,2021-03-24,3813,196208,2006,105563,1710,87938,97,2707,1945,50538,1847,74053,2042,124591,California
Placer,2021-03-25,3861,200069,1858,107421,1904,89842,99,2806,1725,50236,2125,76178,1823,126414,California
Placer,2021-03-26,3766,203835,1667,109088,1865,91707,234,3040,1504,49727,2247,78425,1738,128152,California
Placer,2021-03-27,1580,205415,467,109555,1094,92801,19,3059,605,49383,968,79393,624,128776,California
Placer,2021-03-28,1099,206514,528,110083,562,93363,9,3068,304,48906,790,80183,313,129089,California
Placer,2021-03-29,3562,210076,1993,112076,1535,94898,34,3102,1726,48842,1827,82010,1763,130852,California
Placer,2021-03-30,3981,214057,2100,114176,1837,96735,44,3146,2083,49084,1884,83894,2126,132978,California
Placer,2021-03-31,4106,218163,1835,116011,2197,98932,74,3220,1692,48442,2407,86301,1765,134743,California
Placer,2021-04-01,2987,221150,1440,117451,1499,100431,48,3268,1660,48828,1322,87623,1708,136451,California
Placer,2021-04-02,2836,223986,1465,118916,1306,101737,65,3333,1576,49215,1253,88876,1640,138091,California
Placer,2021-04-03,1845,225831,986,119902,731,102468,128,3461,886,49276,951,89827,1012,139103,California
Placer,2021-04-04,708,226539,360,120262,295,102763,53,3514,281,49186,424,90251,334,139437,California
Placer,2021-04-05,3023,229562,1913,122175,927,103690,183,3697,1754,49859,1263,91514,1936,141373,California
Placer,2021-04-06,4291,233853,2488,124663,1502,105192,301,3998,1519,48914,2764,94278,1819,143192,California
Placer,2021-04-07,4553,238406,2599,127262,1498,106690,456,4454,2071,48963,2475,96753,2524,145716,California
Placer,2021-04-08,4731,243137,2613,129875,1577,108267,541,4995,1588,47960,3132,99885,2129,147845,California
Placer,2021-04-09,4135,247272,2275,132150,1239,109506,621,5616,1247,46950,2880,102765,1870,149715,California
Placer,2021-04-10,2039,249311,890,133040,967,110473,182,5798,866,46827,1170,103935,1047,150762,California
Placer,2021-04-11,1369,250680,532,133572,804,111277,33,5831,461,46416,904,104839,493,151255,California
Placer,2021-04-12,4117,254797,2655,136227,1078,112355,384,6215,2481,47654,1627,106466,2865,154120,California
Placer,2021-04-13,4361,259158,2999,139226,1361,113716,1,6216,2206,47712,2151,108617,2209,156329,California
Placer,2021-04-14,4174,263332,2585,141811,1588,115304,1,6217,1865,47291,2299,110916,1878,158207,California
Placer,2021-04-15,4498,267830,2512,144323,1985,117289,1,6218,2345,47497,2142,113058,2348,160555,California
Placer,2021-04-16,3664,271494,2177,146500,1487,118776,0,6218,1422,46683,2236,115294,1422,161977,California
Placer,2021-04-17,2423,273917,843,147343,1580,120356,0,6218,1515,47295,903,116197,1515,163492,California
Placer,2021-04-18,1188,275105,255,147598,933,121289,0,6218,412,46933,774,116971,412,163904,California
Placer,2021-04-19,2930,278035,1798,149396,1132,122421,0,6218,1157,46322,1769,118740,1158,165062,California
Placer,2021-04-20,3814,281849,2467,151863,1347,123768,0,6218,2425,47367,1380,120120,2425,167487,California
Placer,2021-04-21,3665,285514,2397,154260,1267,125035,1,6219,2385,48476,1277,121397,2386,169873,California
Placer,2021-04-22,3661,289175,2271,156531,1390,126425,0,6219,1746,48310,1912,123309,1746,171619,California
Placer,2021-04-23,3503,292678,2318,158849,1184,127609,1,6220,1374,47563,2122,125431,1375,172994,California
Placer,2021-04-24,2087,294765,1266,160115,820,128429,1,6221,1220,47925,858,126289,1220,174214,California
Placer,2021-04-25,913,295678,501,160616,412,128841,0,6221,564,48140,349,126638,564,174778,California
Placer,2021-04-26,2468,298146,1321,161937,1124,129965,23,6244,1201,48105,1258,127896,1223,176001,California
Placer,2021-04-27,2742,300888,1434,163371,1261,131226,47,6291,1558,48531,1180,129076,1606,177607,California
Placer,2021-04-28,3002,303890,1881,165252,1084,132310,37,6328,1602,48779,1391,130467,1639,179246,California
Placer,2021-04-29,3379,307269,2186,167438,1139,133449,54,6382,1416,48292,1957,132424,1470,180716,California
Placer,2021-04-30,2975,310244,1798,169236,1128,134577,49,6431,1184,47740,1785,134209,1233,181949,California
Placer,2021-05-01,1330,311574,934,170170,369,134946,27,6458,603,47648,721,134930,629,182578,California
Placer,2021-05-02,730,312304,572,170742,136,135082,22,6480,331,47604,397,135327,353,182931,California
Placer,2021-05-03,1610,313914,989,171731,554,135636,67,6547,441,46945,1166,136493,507,183438,California
Placer,2021-05-04,2296,316210,1292,173023,839,136475,165,6712,859,46538,1431,137924,1024,184462,California
Placer,2021-05-05,3668,319878,2480,175503,1083,137558,105,6817,963,44908,2698,140622,1068,185530,California
Placer,2021-05-06,3092,322970,1888,177391,1127,138685,77,6894,813,43544,2254,142876,890,186420,California
Placer,2021-05-07,2813,325783,1891,179282,831,139516,91,6985,798,42428,2005,144881,889,187309,California
Placer,2021-05-08,1323,327106,706,179988,576,140092,41,7026,391,41928,930,145811,430,187739,California
Placer,2021-05-09,439,327545,204,180192,215,140307,20,7046,217,41942,222,146033,236,187975,California
Placer,2021-05-10,1923,329468,1023,181215,804,141111,96,7142,430,40979,1489,147522,526,188501,California
Placer,2021-05-11,2893,332361,2075,183290,703,141814,115,7257,609,39429,2274,149796,724,189225,California
Placer,2021-05-12,2886,335247,1998,185288,831,142645,57,7314,735,38078,2144,151940,793,190018,California
Placer,2021-05-13,2858,338105,1850,187138,960,143605,48,7362,1031,37331,1825,153765,1078,191096,California
Placer,2021-05-14,2743,340848,1817,188955,796,144401,130,7492,1343,37415,1386,155151,1470,192566,California
Placer,2021-05-15,2054,342902,1348,190303,682,145083,24,7516,907,37205,1141,156292,931,193497,California
Placer,2021-05-16,1012,343914,528,190831,465,145548,19,7535,343,36900,667,156959,362,193859,California
Placer,2021-05-17,2348,346262,1559,192390,713,146261,76,7611,1022,36676,1322,158281,1098,194957,California
Placer,2021-05-18,2492,348754,1677,194067,736,146997,79,7690,1124,36515,1364,159645,1203,196160,California
Placer,2021-05-19,2512,351266,1593,195660,874,147871,45,7735,878,35809,1629,161274,923,197083,California
Placer,2021-05-20,2517,353783,1637,197297,833,148704,47,7782,887,35118,1623,162897,932,198015,California
Placer,2021-05-21,2442,356225,1519,198816,779,149483,144,7926,1081,34988,1353,164250,1223,199238,California
Placer,2021-05-22,1591,357816,1050,199866,498,149981,43,7969,752,34949,834,165084,795,200033,California
Placer,2021-05-23,582,358398,324,200190,242,150223,16,7985,259,34903,322,165406,276,200309,California
Placer,2021-05-24,1485,359883,744,200934,604,150827,137,8122,428,34414,1054,166460,565,200874,California
Placer,2021-05-25,1784,361667,939,201873,746,151573,99,8221,650,34036,1127,167587,749,201623,California
Placer,2021-05-26,1558,363225,899,202772,629,152202,30,8251,606,33725,948,168535,637,202260,California
Placer,2021-05-27,1442,364667,708,203480,690,152892,44,8295,654,33644,779,169314,698,202958,California
Placer,2021-05-28,1676,366343,852,204332,735,153627,89,8384,719,33500,952,170266,808,203766,California
Placer,2021-05-29,721,367064,400,204732,291,153918,30,8414,363,33537,355,170621,392,204158,California
Placer,2021-05-30,343,367407,232,204964,97,154015,14,8428,221,33651,121,170742,235,204393,California
Placer,2021-05-31,145,367552,67,205031,61,154076,17,8445,28,33579,116,170858,44,204437,California
Placer,2021-06-01,1668,369220,877,205908,718,154794,73,8518,626,33241,1037,171895,699,205136,California
Placer,2021-06-02,1487,370707,758,206666,662,155456,67,8585,483,32788,1003,172898,550,205686,California
Placer,2021-06-03,1676,372383,1024,207690,594,156050,58,8643,427,32027,1245,174143,484,206170,California
Placer,2021-06-04,1837,374220,1300,208990,481,156531,56,8699,450,31153,1378,175521,504,206674,California
Placer,2021-06-05,1063,375283,761,209751,265,156796,37,8736,264,30660,794,176315,301,206975,California
Placer,2021-06-06,474,375757,336,210087,121,156917,17,8753,128,30460,345,176660,145,207120,California
Placer,2021-06-07,984,376741,673,210760,258,157175,53,8806,211,29955,768,177428,263,207383,California
Placer,2021-06-08,1639,378380,1259,212019,328,157503,52,8858,413,29198,1221,178649,464,207847,California
Placer,2021-06-09,721,379101,514,212533,163,157666,44,8902,151,28826,567,179216,195,208042,California
Placer,2021-06-10,539,379640,350,212883,138,157804,51,8953,102,28543,435,179651,152,208194,California
Plumas,2020-12-18,4,4,4,4,0,0,0,0,4,4,0,0,4,4,California
Plumas,2020-12-19,1,5,1,5,0,0,0,0,1,5,0,0,1,5,California
Plumas,2020-12-21,45,50,45,50,0,0,0,0,45,50,0,0,45,50,California
Plumas,2020-12-22,93,143,93,143,0,0,0,0,93,143,0,0,93,143,California
Plumas,2020-12-23,50,193,50,193,0,0,0,0,50,193,0,0,50,193,California
Plumas,2020-12-24,6,199,6,199,0,0,0,0,6,199,0,0,6,199,California
Plumas,2020-12-28,8,207,0,199,8,8,0,0,8,207,0,0,8,207,California
Plumas,2020-12-29,32,239,22,221,10,18,0,0,32,239,0,0,32,239,California
Plumas,2020-12-30,23,262,1,222,22,40,0,0,23,262,0,0,23,262,California
Plumas,2020-12-31,4,266,1,223,3,43,0,0,4,266,0,0,4,266,California
Plumas,2021-01-01,1,267,0,223,1,44,0,0,1,267,0,0,1,267,California
Plumas,2021-01-02,1,268,0,223,1,45,0,0,1,268,0,0,1,268,California
Plumas,2021-01-04,10,278,3,226,7,52,0,0,10,278,0,0,10,278,California
Plumas,2021-01-05,22,300,1,227,21,73,0,0,22,300,0,0,22,300,California
Plumas,2021-01-06,121,421,5,232,116,189,0,0,121,421,0,0,121,421,California
Plumas,2021-01-07,52,473,2,234,50,239,0,0,51,471,1,1,51,472,California
Plumas,2021-01-08,12,485,5,239,7,246,0,0,8,475,4,5,8,480,California
Plumas,2021-01-09,1,486,1,240,0,246,0,0,0,474,1,6,0,480,California
Plumas,2021-01-11,58,544,50,290,8,254,0,0,11,438,47,53,11,491,California
Plumas,2021-01-12,156,700,87,377,69,323,0,0,71,424,85,138,71,562,California
Plumas,2021-01-13,55,755,50,427,5,328,0,0,9,387,46,184,9,571,California
Plumas,2021-01-14,98,853,14,441,84,412,0,0,93,475,5,189,93,664,California
Plumas,2021-01-15,62,915,7,448,55,467,0,0,60,533,2,191,60,724,California
Plumas,2021-01-16,58,973,1,449,57,524,0,0,58,591,0,191,58,782,California
Plumas,2021-01-18,2,975,1,450,1,525,0,0,2,593,0,191,2,784,California
Plumas,2021-01-19,37,1012,5,455,32,557,0,0,33,622,4,195,33,817,California
Plumas,2021-01-20,130,1142,2,457,128,685,0,0,128,748,2,197,128,945,California
Plumas,2021-01-21,111,1253,2,459,109,794,0,0,111,859,0,197,111,1056,California
Plumas,2021-01-22,5,1258,1,460,4,798,0,0,5,864,0,197,5,1061,California
Plumas,2021-01-23,94,1352,2,462,92,890,0,0,94,958,0,197,94,1155,California
Plumas,2021-01-24,1,1353,1,463,0,890,0,0,1,959,0,197,1,1156,California
Plumas,2021-01-25,9,1362,6,469,3,893,0,0,7,964,2,199,7,1163,California
Plumas,2021-01-26,59,1421,2,471,57,950,0,0,51,1007,8,207,51,1214,California
Plumas,2021-01-27,27,1448,22,493,5,955,0,0,7,994,20,227,7,1221,California
Plumas,2021-01-28,24,1472,1,494,23,978,0,0,22,1014,2,229,22,1243,California
Plumas,2021-01-29,8,1480,2,496,6,984,0,0,7,1020,1,230,7,1250,California
Plumas,2021-01-30,8,1488,3,499,5,989,0,0,7,1026,1,231,7,1257,California
Plumas,2021-01-31,3,1491,3,502,0,989,0,0,3,1029,0,231,3,1260,California
Plumas,2021-02-01,16,1507,2,504,14,1003,0,0,8,1029,8,239,8,1268,California
Plumas,2021-02-02,23,1530,2,506,21,1024,0,0,2,1010,21,260,2,1270,California
Plumas,2021-02-03,126,1656,8,514,118,1142,0,0,13,911,112,372,13,1283,California
Plumas,2021-02-04,102,1758,8,522,94,1236,0,0,23,855,79,451,23,1306,California
Plumas,2021-02-05,27,1785,12,534,15,1251,0,0,12,852,15,466,12,1318,California
Plumas,2021-02-06,7,1792,0,534,7,1258,0,0,7,859,0,466,7,1325,California
Plumas,2021-02-08,14,1806,5,539,9,1267,0,0,2,849,12,478,2,1327,California
Plumas,2021-02-09,173,1979,3,542,170,1437,0,0,113,902,60,538,113,1440,California
Plumas,2021-02-10,98,2077,8,550,90,1527,0,0,92,989,6,544,93,1533,California
Plumas,2021-02-11,337,2414,6,556,331,1858,0,0,277,1206,60,604,277,1810,California
Plumas,2021-02-12,123,2537,4,560,119,1977,0,0,117,1317,6,610,117,1927,California
Plumas,2021-02-13,76,2613,6,566,70,2047,0,0,16,1273,60,670,16,1943,California
Plumas,2021-02-14,8,2621,5,571,3,2050,0,0,8,1281,0,670,8,1951,California
Plumas,2021-02-15,26,2647,5,576,21,2071,0,0,23,1301,3,673,23,1974,California
Plumas,2021-02-16,80,2727,5,581,75,2146,0,0,16,1253,64,737,16,1990,California
Plumas,2021-02-17,146,2873,5,586,141,2287,0,0,12,1131,134,871,12,2002,California
Plumas,2021-02-18,130,3003,7,593,123,2410,0,0,21,1044,109,980,22,2024,California
Plumas,2021-02-19,43,3046,6,599,37,2447,0,0,8,1017,35,1015,8,2032,California
Plumas,2021-02-20,105,3151,7,606,98,2545,0,0,13,938,92,1107,13,2045,California
Plumas,2021-02-21,6,3157,5,611,1,2546,0,0,2,936,4,1111,2,2047,California
Plumas,2021-02-22,3,3160,1,612,2,2548,0,0,0,933,3,1114,0,2047,California
Plumas,2021-02-23,25,3185,5,617,20,2568,0,0,18,944,7,1121,18,2065,California
Plumas,2021-02-24,470,3655,7,624,463,3031,0,0,457,1388,13,1134,457,2522,California
Plumas,2021-02-25,237,3892,12,636,225,3256,0,0,174,1499,63,1197,174,2696,California
Plumas,2021-02-26,267,4159,8,644,259,3515,0,0,258,1749,9,1206,259,2955,California
Plumas,2021-02-27,40,4199,4,648,36,3551,0,0,33,1775,7,1213,33,2988,California
Plumas,2021-02-28,2,4201,0,648,2,3553,0,0,2,1777,0,1213,2,2990,California
Plumas,2021-03-01,16,4217,2,650,14,3567,0,0,11,1784,4,1217,11,3001,California
Plumas,2021-03-02,11,4228,1,651,10,3577,0,0,7,1788,3,1220,7,3008,California
Plumas,2021-03-03,170,4398,9,660,161,3738,0,0,154,1926,16,1236,154,3162,California
Plumas,2021-03-04,252,4650,8,668,244,3982,0,0,230,2134,22,1258,230,3392,California
Plumas,2021-03-05,400,5050,6,674,389,4371,5,5,389,2517,11,1269,394,3786,California
Plumas,2021-03-06,20,5070,3,677,9,4380,8,13,3,2511,17,1286,11,3797,California
Plumas,2021-03-07,14,5084,3,680,2,4382,9,22,4,2514,10,1296,13,3810,California
Plumas,2021-03-08,30,5114,3,683,2,4384,25,47,3,2515,27,1323,28,3838,California
Plumas,2021-03-09,136,5250,3,686,118,4502,15,62,20,2434,116,1439,35,3873,California
Plumas,2021-03-10,284,5534,4,690,266,4768,14,76,110,2385,173,1612,124,3997,California
Plumas,2021-03-11,183,5717,9,699,169,4937,5,81,148,2503,35,1647,153,4150,California
Plumas,2021-03-12,594,6311,5,704,302,5239,287,368,23,2242,571,2218,310,4460,California
Plumas,2021-03-13,26,6337,5,709,10,5249,11,379,5,2237,21,2239,16,4476,California
Plumas,2021-03-14,12,6349,3,712,4,5253,5,384,1,2233,10,2249,6,4482,California
Plumas,2021-03-15,31,6380,0,712,24,5277,7,391,6,2221,25,2274,13,4495,California
Plumas,2021-03-16,61,6441,3,715,57,5334,1,392,49,2259,12,2286,50,4545,California
Plumas,2021-03-17,70,6511,8,723,61,5395,1,393,55,2301,14,2300,56,4601,California
Plumas,2021-03-18,61,6572,6,729,39,5434,16,409,11,2278,50,2350,27,4628,California
Plumas,2021-03-19,163,6735,5,734,156,5590,2,411,155,2430,6,2356,158,4786,California
Plumas,2021-03-20,709,7444,4,738,704,6294,1,412,688,3100,19,2375,689,5475,California
Plumas,2021-03-21,2,7446,1,739,1,6295,0,412,1,3101,0,2375,1,5476,California
Plumas,2021-03-22,191,7637,2,741,189,6484,0,412,184,3278,7,2382,184,5660,California
Plumas,2021-03-23,28,7665,2,743,26,6510,0,412,14,3278,14,2396,14,5674,California
Plumas,2021-03-24,673,8338,6,749,666,7176,1,413,226,3059,446,2842,227,5901,California
Plumas,2021-03-25,306,8644,7,756,297,7473,2,415,162,3077,144,2986,162,6063,California
Plumas,2021-03-26,316,8960,10,766,306,7779,0,415,47,2856,268,3254,47,6110,California
Plumas,2021-03-27,13,8973,1,767,11,7790,1,416,3,2850,10,3264,4,6114,California
Plumas,2021-03-28,8,8981,4,771,3,7793,1,417,4,2851,4,3268,5,6119,California
Plumas,2021-03-29,12,8993,4,775,7,7800,1,418,4,2848,8,3276,5,6124,California
Plumas,2021-03-30,169,9162,3,778,164,7964,2,420,26,2733,143,3419,28,6152,California
Plumas,2021-03-31,290,9452,3,781,286,8250,1,421,267,2978,23,3442,268,6420,California
Plumas,2021-04-01,303,9755,11,792,291,8541,1,422,60,2798,240,3682,60,6480,California
Plumas,2021-04-02,377,10132,4,796,371,8912,2,424,30,2494,336,4018,32,6512,California
Plumas,2021-04-03,15,10147,3,799,5,8917,7,431,3,2492,12,4030,10,6522,California
Plumas,2021-04-04,3,10150,1,800,1,8918,1,432,0,2490,3,4033,1,6523,California
Plumas,2021-04-05,12,10162,4,804,7,8925,1,433,4,2488,7,4040,5,6528,California
Plumas,2021-04-06,128,10290,6,810,96,9021,26,459,15,2416,113,4153,41,6569,California
Plumas,2021-04-07,287,10577,7,817,102,9123,178,637,28,2363,259,4412,206,6775,California
Plumas,2021-04-08,153,10730,3,820,134,9257,16,653,37,2300,115,4527,52,6827,California
Plumas,2021-04-09,50,10780,9,829,24,9281,17,670,17,2300,33,4560,33,6860,California
Plumas,2021-04-10,23,10803,2,831,5,9286,16,686,5,2303,18,4578,21,6881,California
Plumas,2021-04-11,2,10805,1,832,0,9286,1,687,1,2304,1,4579,2,6883,California
Plumas,2021-04-12,12,10817,4,836,5,9291,3,690,6,2307,6,4585,9,6892,California
Plumas,2021-04-13,210,11027,4,840,206,9497,0,690,145,2387,65,4650,145,7037,California
Plumas,2021-04-14,110,11137,6,846,104,9601,0,690,57,2391,53,4703,57,7094,California
Plumas,2021-04-15,52,11189,2,848,50,9651,0,690,34,2407,18,4721,34,7128,California
Plumas,2021-04-16,143,11332,3,851,140,9791,0,690,2,2268,141,4862,2,7130,California
Plumas,2021-04-17,679,12011,2,853,677,10468,0,690,19,1629,658,5520,19,7149,California
Plumas,2021-04-18,3,12014,3,856,0,10468,0,690,0,1626,3,5523,0,7149,California
Plumas,2021-04-19,38,12052,2,858,36,10504,0,690,5,1598,33,5556,5,7154,California
Plumas,2021-04-20,43,12095,5,863,38,10542,0,690,28,1612,14,5570,28,7182,California
Plumas,2021-04-21,318,12413,5,868,312,10854,1,691,17,1328,301,5871,17,7199,California
Plumas,2021-04-22,275,12688,7,875,268,11122,0,691,129,1311,146,6017,129,7328,California
Plumas,2021-04-23,74,12762,5,880,69,11191,0,691,16,1269,58,6075,16,7344,California
Plumas,2021-04-24,171,12933,5,885,166,11357,0,691,145,1389,25,6100,145,7489,California
Plumas,2021-04-26,31,12964,4,889,27,11384,0,691,8,1375,22,6122,8,7497,California
Plumas,2021-04-27,98,13062,4,893,94,11478,0,691,61,1399,37,6159,61,7558,California
Plumas,2021-04-28,284,13346,4,897,280,11758,0,691,38,1193,244,6403,38,7596,California
Plumas,2021-04-29,172,13518,68,965,104,11862,0,691,119,1259,53,6456,119,7715,California
Plumas,2021-04-30,22,13540,11,976,11,11873,0,691,7,1251,15,6471,7,7722,California
Plumas,2021-05-01,4,13544,1,977,2,11875,1,692,1,1251,2,6473,2,7724,California
Plumas,2021-05-02,1,13545,1,978,0,11875,0,692,1,1252,0,6473,1,7725,California
Plumas,2021-05-03,18,13563,6,984,6,11881,6,698,6,1253,11,6484,12,7737,California
Plumas,2021-05-04,31,13594,3,987,21,11902,7,705,18,1266,12,6496,25,7762,California
Plumas,2021-05-05,48,13642,4,991,43,11945,1,706,22,1263,26,6522,23,7785,California
Plumas,2021-05-06,65,13707,2,993,57,12002,6,712,20,1244,45,6567,26,7811,California
Plumas,2021-05-07,22,13729,5,998,16,12018,1,713,8,1239,14,6581,9,7820,California
Plumas,2021-05-08,6,13735,0,998,4,12022,2,715,4,1243,2,6583,6,7826,California
Plumas,2021-05-10,50,13785,0,998,27,12049,23,738,23,1262,27,6610,46,7872,California
Plumas,2021-05-11,171,13956,3,1001,149,12198,19,757,15,1140,156,6766,34,7906,California
Plumas,2021-05-12,100,14056,2,1003,91,12289,7,764,37,1122,62,6828,44,7950,California
Plumas,2021-05-13,37,14093,3,1006,32,12321,2,766,13,1113,24,6852,15,7965,California
Plumas,2021-05-14,19,14112,3,1009,11,12332,5,771,9,1117,10,6862,14,7979,California
Plumas,2021-05-15,10,14122,4,1013,4,12336,2,773,4,1117,6,6868,6,7985,California
Plumas,2021-05-16,1,14123,1,1014,0,12336,0,773,1,1118,0,6868,1,7986,California
Plumas,2021-05-17,14,14137,0,1014,5,12341,9,782,4,1121,10,6878,13,7999,California
Plumas,2021-05-18,45,14182,7,1021,37,12378,1,783,25,1127,20,6898,26,8025,California
Plumas,2021-05-19,47,14229,3,1024,30,12408,14,797,12,1119,35,6933,27,8052,California
Plumas,2021-05-20,188,14417,133,1157,44,12452,11,808,77,1097,110,7043,88,8140,California
Plumas,2021-05-21,31,14448,9,1166,15,12467,7,815,15,1103,16,7059,22,8162,California
Plumas,2021-05-22,136,14584,2,1168,134,12601,0,815,6,980,129,7188,6,8168,California
Plumas,2021-05-23,1,14585,1,1169,0,12601,0,815,0,979,1,7189,0,8168,California
Plumas,2021-05-24,50,14635,37,1206,12,12613,1,816,41,1012,9,7198,42,8210,California
Plumas,2021-05-25,73,14708,3,1209,69,12682,1,817,16,972,57,7255,17,8227,California
Plumas,2021-05-26,42,14750,7,1216,28,12710,7,824,17,971,25,7280,24,8251,California
Plumas,2021-05-27,102,14852,26,1242,63,12773,13,837,42,967,59,7339,55,8306,California
Plumas,2021-05-28,42,14894,16,1258,24,12797,2,839,23,973,19,7358,25,8331,California
Plumas,2021-05-29,8,14902,0,1258,8,12805,0,839,6,978,2,7360,7,8338,California
Plumas,2021-05-30,1,14903,0,1258,1,12806,0,839,0,978,0,7360,0,8338,California
Plumas,2021-05-31,5,14908,0,1258,2,12808,3,842,0,977,4,7364,3,8341,California
Plumas,2021-06-01,34,14942,8,1266,20,12828,6,848,9,968,25,7389,16,8357,California
Plumas,2021-06-02,60,15002,5,1271,34,12862,21,869,10,949,50,7439,31,8388,California
Plumas,2021-06-03,64,15066,16,1287,38,12900,10,879,26,947,38,7477,36,8424,California
Plumas,2021-06-04,13,15079,2,1289,9,12909,2,881,7,950,6,7483,9,8433,California
Plumas,2021-06-05,6,15085,2,1291,4,12913,0,881,1,946,5,7488,1,8434,California
Plumas,2021-06-06,2,15087,1,1292,1,12914,0,881,0,944,2,7490,0,8434,California
Plumas,2021-06-07,37,15124,5,1297,25,12939,7,888,9,932,28,7518,16,8450,California
Plumas,2021-06-08,32,15156,10,1307,20,12959,2,890,10,922,22,7540,12,8462,California
Plumas,2021-06-09,38,15194,1,1308,34,12993,3,893,5,897,33,7573,8,8470,California
Plumas,2021-06-10,25,15219,11,1319,10,13003,4,897,9,894,16,7589,13,8483,California
Riverside,2020-12-15,5,5,5,5,0,0,0,0,5,5,0,0,5,5,California
Riverside,2020-12-16,70,75,70,75,0,0,0,0,70,75,0,0,70,75,California
Riverside,2020-12-17,814,889,814,889,0,0,0,0,814,889,0,0,814,889,California
Riverside,2020-12-18,1730,2619,1729,2618,1,1,0,0,1730,2619,0,0,1730,2619,California
Riverside,2020-12-19,1029,3648,1026,3644,3,4,0,0,1027,3645,1,1,1027,3646,California
Riverside,2020-12-20,1086,4734,1085,4729,1,5,0,0,1086,4731,0,1,1086,4732,California
Riverside,2020-12-21,2277,7011,2275,7004,2,7,0,0,2277,7008,0,1,2277,7009,California
Riverside,2020-12-22,2260,9271,2221,9225,39,46,0,0,2260,9268,0,1,2260,9269,California
Riverside,2020-12-23,2148,11419,1805,11030,343,389,0,0,2149,11417,0,1,2149,11418,California
Riverside,2020-12-24,822,12241,619,11649,203,592,0,0,822,12239,0,1,822,12240,California
Riverside,2020-12-25,28,12269,5,11654,23,615,0,0,28,12267,0,1,28,12268,California
Riverside,2020-12-26,400,12669,257,11911,143,758,0,0,400,12667,0,1,400,12668,California
Riverside,2020-12-27,368,13037,247,12158,121,879,0,0,368,13035,0,1,368,13036,California
Riverside,2020-12-28,1641,14678,1135,13293,506,1385,0,0,1642,14677,0,1,1642,14678,California
Riverside,2020-12-29,1745,16423,973,14266,772,2157,0,0,1745,16422,0,1,1745,16423,California
Riverside,2020-12-30,2580,19003,1683,15949,897,3054,0,0,2580,19002,0,1,2580,19003,California
Riverside,2020-12-31,1030,20033,398,16347,632,3686,0,0,1032,20034,0,1,1032,20035,California
Riverside,2021-01-01,124,20157,48,16395,76,3762,0,0,124,20158,0,1,124,20159,California
Riverside,2021-01-02,836,20993,695,17090,141,3903,0,0,836,20994,0,1,836,20995,California
Riverside,2021-01-03,344,21337,298,17388,46,3949,0,0,343,21337,0,1,343,21338,California
Riverside,2021-01-04,1267,22604,794,18182,473,4422,0,0,1267,22604,0,1,1267,22605,California
Riverside,2021-01-05,1994,24598,1370,19552,624,5046,0,0,1899,24413,90,91,1899,24504,California
Riverside,2021-01-06,2503,27101,1118,20670,1385,6431,0,0,2193,26300,306,397,2193,26697,California
Riverside,2021-01-07,2788,29889,1830,22500,958,7389,0,0,1721,26961,1061,1458,1722,28419,California
Riverside,2021-01-08,4072,33961,2940,25440,1132,8521,0,0,2254,27401,1814,3272,2254,30673,California
Riverside,2021-01-09,2077,36038,848,26288,1229,9750,0,0,1725,28775,351,3623,1725,32398,California
Riverside,2021-01-10,1669,37707,734,27022,935,10685,0,0,1068,29242,601,4224,1068,33466,California
Riverside,2021-01-11,4524,42231,3096,30118,1428,12113,0,0,2790,30301,1732,5956,2791,36257,California
Riverside,2021-01-12,3418,45649,2743,32861,675,12788,0,0,1722,30332,1691,7647,1722,37979,California
Riverside,2021-01-13,4466,50115,2947,35808,1519,14307,0,0,2847,31563,1616,9263,2847,40826,California
Riverside,2021-01-14,5529,55644,1920,37728,3609,17916,0,0,4946,35927,582,9845,4946,45772,California
Riverside,2021-01-15,6091,61735,2009,39737,4082,21998,0,0,5800,41437,290,10135,5800,51572,California
Riverside,2021-01-16,3625,65360,1025,40762,2600,24598,0,0,3376,44567,249,10384,3379,54951,California
Riverside,2021-01-17,3596,68956,588,41350,3008,27606,0,0,3397,47767,197,10581,3397,58348,California
Riverside,2021-01-18,3760,72716,2051,43401,1709,29315,0,0,2747,49501,1013,11594,2747,61095,California
Riverside,2021-01-19,7438,80154,2650,46051,4788,34103,0,0,6315,54694,1123,12717,6316,67411,California
Riverside,2021-01-20,8251,88405,3142,49193,5109,39212,0,0,6582,59625,1657,14374,6588,73999,California
Riverside,2021-01-21,8366,96771,3507,52700,4859,44071,0,0,7714,66687,653,15027,7715,81714,California
Riverside,2021-01-22,8745,105516,2970,55670,5775,49846,0,0,8312,74570,431,15458,8314,90028,California
Riverside,2021-01-23,5903,111419,2365,58035,3538,53384,0,0,5182,79033,720,16178,5183,95211,California
Riverside,2021-01-24,3041,114460,1436,59471,1605,54989,0,0,2826,81648,212,16390,2827,98038,California
Riverside,2021-01-25,7900,122360,4546,64017,3354,58343,0,0,6773,87296,1126,17516,6774,104812,California
Riverside,2021-01-26,9173,131533,5737,69754,3436,61779,0,0,7657,93446,1513,19029,7663,112475,California
Riverside,2021-01-27,10966,142499,6420,76174,4546,66325,0,0,9349,101188,1612,20641,9354,121829,California
Riverside,2021-01-28,11541,154040,6811,82985,4730,71055,0,0,10364,110389,1169,21810,10370,132199,California
Riverside,2021-01-29,11956,165996,7293,90278,4663,75718,0,0,10576,119616,1354,23164,10581,142780,California
Riverside,2021-01-30,9083,175079,4629,94907,4454,80172,0,0,8620,127777,461,23625,8622,151402,California
Riverside,2021-01-31,5173,180252,4261,99168,912,81084,0,0,5041,132691,131,23756,5045,156447,California
Riverside,2021-02-01,10991,191243,6792,105960,4199,85283,0,0,9140,139990,1844,25600,9143,165590,California
Riverside,2021-02-02,9483,200726,4822,110782,4661,89944,0,0,8014,146546,1461,27061,8017,173607,California
Riverside,2021-02-03,12197,212923,5150,115932,7047,96991,0,0,9826,154010,2362,29423,9826,183433,California
Riverside,2021-02-04,13524,226447,6012,121944,7512,104503,0,0,11433,163363,2083,31506,11436,194869,California
Riverside,2021-02-05,14330,240777,5393,127337,8937,113440,0,0,11278,171600,3045,34551,11282,206151,California
Riverside,2021-02-06,7233,248010,4264,131601,2969,116409,0,0,5592,175561,1634,36185,5595,211746,California
Riverside,2021-02-07,2168,250178,796,132397,1372,117781,0,0,1847,177090,319,36504,1848,213594,California
Riverside,2021-02-08,12476,262654,5551,137948,6925,124706,0,0,10160,184953,2301,38805,10164,223758,California
Riverside,2021-02-09,9639,272293,4516,142464,5123,129829,0,0,7694,190714,1938,40743,7699,231457,California
Riverside,2021-02-10,12088,284381,6972,149436,5116,134945,0,0,8915,196475,3163,43906,8924,240381,California
Riverside,2021-02-11,16636,301017,9063,158499,7573,142518,0,0,12116,204108,4498,48404,12131,252512,California
Riverside,2021-02-12,17745,318762,10799,169298,6946,149464,0,0,12852,212123,4849,53253,12864,265376,California
Riverside,2021-02-13,6317,325079,2134,171432,4183,153647,0,0,3093,212028,3209,56462,3114,268490,California
Riverside,2021-02-14,4920,329999,1118,172550,3802,157449,0,0,2178,211468,2738,59200,2178,270668,California
Riverside,2021-02-15,9824,339823,5003,177553,4821,162270,0,0,5403,212467,4412,63612,5411,276079,California
Riverside,2021-02-16,16140,355963,10120,187673,6020,168290,0,0,9259,214861,6873,70485,9267,285346,California
Riverside,2021-02-17,15042,371005,8222,195895,6820,175110,0,0,7444,214731,7584,78069,7454,292800,California
Riverside,2021-02-18,15562,386567,8987,204882,6575,181685,0,0,8024,215256,7514,85583,8039,300839,California
Riverside,2021-02-19,15311,401878,8227,213109,7084,188769,0,0,7230,214432,8062,93645,7238,308077,California
Riverside,2021-02-20,8323,410201,4502,217611,3821,192590,0,0,2163,210456,6143,99788,2167,310244,California
Riverside,2021-02-21,4410,414611,3886,221497,524,193114,0,0,1237,208536,3157,102945,1237,311481,California
Riverside,2021-02-22,12389,427000,7781,229278,4608,197722,0,0,5107,206383,7266,110211,5113,316594,California
Riverside,2021-02-23,11127,438127,7573,236851,3554,201276,0,0,5397,206081,5703,115914,5401,321995,California
Riverside,2021-02-24,14809,452936,8103,244954,6706,207982,0,0,6292,203911,8479,124393,6309,328304,California
Riverside,2021-02-25,17376,470312,7411,252365,9965,217947,0,0,8078,202739,9274,133667,8102,336406,California
Riverside,2021-02-26,18652,488964,6738,259103,11914,229861,0,0,9305,202789,9289,142956,9339,345745,California
Riverside,2021-02-27,12097,501061,5606,264709,6491,236352,0,0,5761,202274,6303,149259,5788,351533,California
Riverside,2021-02-28,4891,505952,3227,267936,1664,238016,0,0,2407,202217,2471,151730,2414,353947,California
Riverside,2021-03-01,14390,520342,6122,274058,8265,246281,3,3,8461,204819,5890,157620,8492,362439,California
Riverside,2021-03-02,15399,535741,7531,281589,7867,254148,1,4,9028,207529,6348,163968,9058,371497,California
Riverside,2021-03-03,16941,552682,8389,289978,8552,262700,0,4,7306,205380,9584,173552,7435,378932,California
Riverside,2021-03-04,18770,571452,7483,297461,11282,273982,5,9,8915,204640,9810,183362,9070,388002,California
Riverside,2021-03-05,18930,590382,7611,305072,11275,285257,44,53,9380,204842,9499,192861,9701,397703,California
Riverside,2021-03-06,9531,599913,5081,310153,3969,289226,481,534,4753,205338,4765,197626,5261,402964,California
Riverside,2021-03-07,4264,604177,2755,312908,1120,290346,389,923,2012,205500,2243,199869,2405,405369,California
Riverside,2021-03-08,11972,616149,4759,317667,6803,297149,410,1333,5345,204694,6607,206476,5801,411170,California
Riverside,2021-03-09,14805,630954,6897,324564,7406,304555,502,1835,5898,202348,8882,215358,6536,417706,California
Riverside,2021-03-10,15923,646877,8519,333083,6477,311032,927,2762,6215,199981,9661,225019,7294,425000,California
Riverside,2021-03-11,19318,666195,9472,342555,7996,319028,1850,4612,7613,197981,11670,236689,9670,434670,California
Riverside,2021-03-12,21211,687406,7933,350488,8533,327561,4745,9357,7043,195964,14129,250818,12112,446782,California
Riverside,2021-03-13,8521,695927,2547,353035,4743,332304,1231,10588,4372,197519,4127,254945,5682,452464,California
Riverside,2021-03-14,4750,700677,1622,354657,1756,334060,1372,11960,2090,198328,2649,257594,3458,455922,California
Riverside,2021-03-15,18705,719382,7871,362528,9168,343228,1666,13626,9211,199855,9450,267044,10977,466899,California
Riverside,2021-03-16,20906,740288,10147,372675,9946,353174,813,14439,11393,202677,9476,276520,12298,479197,California
Riverside,2021-03-17,21344,761632,10952,383627,9332,362506,1060,15499,12828,208144,8480,285000,13947,493144,California
Riverside,2021-03-18,22627,784259,11773,395400,9184,371690,1670,17169,12548,212343,10027,295027,14226,507370,California
Riverside,2021-03-19,24167,808426,12688,408088,10508,382198,971,18140,14111,217795,9996,305023,15448,522818,California
Riverside,2021-03-20,10688,819114,6898,414986,2607,384805,1183,19323,6875,222070,3782,308805,8057,530875,California
Riverside,2021-03-21,3750,822864,2923,417909,561,385366,266,19589,2556,223718,1175,309980,2823,533698,California
Riverside,2021-03-22,16649,839513,9931,427840,6167,391533,551,20140,10596,228866,5996,315976,11144,544842,California
Riverside,2021-03-23,18572,858085,10515,438355,7635,399168,422,20562,11931,234653,6580,322556,12367,557209,California
Riverside,2021-03-24,18739,876824,10458,448813,8160,407328,121,20683,12863,241818,5825,328381,12990,570199,California
Riverside,2021-03-25,21166,897990,11678,460491,9310,416638,178,20861,14179,249267,6912,335293,14361,584560,California
Riverside,2021-03-26,24160,922150,11945,472436,12050,428688,165,21026,15026,255429,9032,344325,15194,599754,California
Riverside,2021-03-27,9351,931501,4910,477346,3389,432077,1052,22078,4823,256803,4503,348828,5877,605631,California
Riverside,2021-03-28,4776,936277,3139,480485,1544,433621,93,22171,2842,257818,1921,350749,2936,608567,California
Riverside,2021-03-29,17667,953944,8449,488934,9099,442720,119,22290,10921,262170,6700,357449,11052,619619,California
Riverside,2021-03-30,18371,972315,9560,498494,8604,451324,207,22497,11709,267467,6621,364070,11918,631537,California
Riverside,2021-03-31,18160,990475,8448,506942,9404,460728,308,22805,11464,272600,6648,370718,11781,643318,California
Riverside,2021-04-01,25576,1016051,12499,519441,12298,473026,779,23584,16505,280885,8998,379716,17283,660601,California
Riverside,2021-04-02,26159,1042210,14078,533519,11128,484154,953,24537,16383,288730,9713,389429,17558,678159,California
Riverside,2021-04-03,9390,1051600,5968,539487,2829,486983,593,25130,6048,292047,3320,392749,6637,684796,California
Riverside,2021-04-04,3402,1055002,2068,541555,1090,488073,244,25374,1718,292335,1675,394424,1963,686759,California
Riverside,2021-04-05,18488,1073490,9466,551021,7160,495233,1862,27236,9945,295640,8501,402925,11806,698565,California
Riverside,2021-04-06,23815,1097305,12375,563396,9302,504535,2138,29374,13283,300572,10480,413405,15412,713977,California
Riverside,2021-04-07,24903,1122208,13439,576835,8940,513475,2524,31898,13854,305948,10999,424404,16375,730352,California
Riverside,2021-04-08,27479,1149687,15204,592039,9289,522764,2986,34884,16799,315106,10609,435013,19767,750119,California
Riverside,2021-04-09,26361,1176048,15493,607532,8399,531163,2469,37353,16090,323461,10224,445237,18579,768698,California
Riverside,2021-04-10,12038,1188086,6750,614282,3890,535053,1398,38751,5268,323393,6726,451963,6658,775356,California
Riverside,2021-04-11,4641,1192727,2760,617042,1261,536314,620,39371,2193,323768,2436,454399,2811,778167,California
Riverside,2021-04-12,20208,1212935,8998,626040,8563,544877,2647,42018,10127,326510,10042,464441,12784,790951,California
Riverside,2021-04-13,20088,1233023,11250,637290,8811,553688,27,42045,11497,329508,8552,472993,11550,802501,California
Riverside,2021-04-14,22275,1255298,12279,649569,9981,563669,15,42060,10947,329273,11257,484250,11022,813523,California
Riverside,2021-04-15,22097,1277395,12533,662102,9555,573224,9,42069,11652,330606,10377,494627,11710,825233,California
Riverside,2021-04-16,24905,1302300,14412,676514,10487,583711,6,42075,11515,328799,13335,507962,11528,836761,California
Riverside,2021-04-17,9874,1312174,6506,683020,3368,587079,0,42075,4960,328869,4897,512859,4967,841728,California
Riverside,2021-04-18,3858,1316032,2811,685831,1040,588119,7,42082,1810,328656,2033,514892,1820,843548,California
Riverside,2021-04-19,19463,1335495,11575,697406,7885,596004,3,42085,6956,323154,12466,527358,6964,850512,California
Riverside,2021-04-20,18883,1354378,9961,707367,8913,604917,9,42094,7736,319799,11103,538461,7748,858260,California
Riverside,2021-04-21,19852,1374230,11424,718791,8419,613336,9,42103,7985,316001,11798,550259,8000,866260,California
Riverside,2021-04-22,23248,1397478,13574,732365,9670,623006,4,42107,8672,310177,14505,564764,8681,874941,California
Riverside,2021-04-23,23317,1420795,13724,746089,9579,632585,14,42121,9138,305215,14122,578886,9160,884101,California
Riverside,2021-04-24,10473,1431268,7299,753388,3171,635756,3,42124,4818,304419,5617,584503,4821,888922,California
Riverside,2021-04-25,4214,1435482,2818,756206,1395,637151,1,42125,2184,304594,2011,586514,2186,891108,California
Riverside,2021-04-26,17096,1452578,10703,766909,6348,643499,45,42170,5817,299226,11234,597748,5866,896974,California
Riverside,2021-04-27,18290,1470868,10434,777343,7657,651156,199,42369,6360,293898,11887,609635,6559,903533,California
Riverside,2021-04-28,16478,1487346,8862,786205,7361,658517,255,42624,5548,288829,10872,620507,5803,909336,California
Riverside,2021-04-29,18722,1506068,11446,797651,6930,665447,346,42970,5381,281277,13276,633783,5724,915060,California
Riverside,2021-04-30,19797,1525865,11431,809082,7985,673432,381,43351,6379,274676,13364,647147,6763,921823,California
Riverside,2021-05-01,6766,1532631,4870,813952,1728,675160,168,43519,2327,272755,4414,651561,2493,924316,California
Riverside,2021-05-02,3354,1535985,2184,816136,961,676121,209,43728,1069,271771,2268,653829,1284,925600,California
Riverside,2021-05-03,17995,1553980,11052,827188,6454,682575,489,44217,4161,262646,13772,667601,4647,930247,California
Riverside,2021-05-04,17241,1571221,10948,838136,5876,688451,417,44634,4862,255609,12312,679913,5275,935522,California
Riverside,2021-05-05,15781,1587002,8928,847064,6493,694944,360,44994,4550,249348,11171,691084,4910,940432,California
Riverside,2021-05-06,17764,1604766,9947,857011,7408,702352,409,45403,4506,241078,13186,704270,4916,945348,California
Riverside,2021-05-07,20306,1625072,11575,868586,8301,710653,430,45833,5351,231979,14876,719146,5777,951125,California
Riverside,2021-05-08,6817,1631889,4536,873122,2052,712705,229,46062,2556,230532,4231,723377,2784,953909,California
Riverside,2021-05-09,2308,1634197,1512,874634,641,713346,155,46217,853,230093,1447,724824,1008,954917,California
Riverside,2021-05-10,10029,1644226,5141,879775,4518,717864,370,46587,2856,226196,7123,731947,3226,958143,California
Riverside,2021-05-11,13824,1658050,8322,888097,4983,722847,519,47106,3797,220567,9946,741893,4317,962460,California
Riverside,2021-05-12,12596,1670646,6333,894430,5931,728778,332,47438,3992,216339,8550,750443,4322,966782,California
Riverside,2021-05-13,14571,1685217,8747,903177,5550,734328,274,47712,5304,212706,9215,759658,5582,972364,California
Riverside,2021-05-14,17725,1702942,11201,914378,5732,740060,792,48504,6922,209682,10735,770393,7711,980075,California
Riverside,2021-05-15,9676,1712618,6930,921308,2349,742409,397,48901,4940,210313,4705,775098,5336,985411,California
Riverside,2021-05-16,3467,1716085,2518,923826,839,743248,110,49011,1707,210379,1749,776847,1815,987226,California
Riverside,2021-05-17,11740,1727825,7563,931389,3839,747087,338,49349,5132,209281,6572,783419,5474,992700,California
Riverside,2021-05-18,15040,1742865,9306,940695,5391,752478,343,49692,6124,206881,8868,792287,6468,999168,California
Riverside,2021-05-19,12124,1754989,7678,948373,4220,756698,226,49918,5994,207019,6083,798370,6221,1005389,California
Riverside,2021-05-20,11764,1766753,7362,955735,4147,760845,255,50173,5342,206248,6376,804746,5605,1010994,California
Riverside,2021-05-21,14325,1781078,8839,964574,5168,766013,318,50491,6139,204583,8122,812868,6457,1017451,California
Riverside,2021-05-22,7149,1788227,4844,969418,2109,768122,196,50687,3825,205317,3288,816156,4022,1021473,California
Riverside,2021-05-23,2543,1790770,1650,971068,817,768939,76,50763,1249,205361,1280,817436,1324,1022797,California
Riverside,2021-05-24,8605,1799375,5557,976625,2740,771679,308,51071,3834,204765,4737,822173,4141,1026938,California
Riverside,2021-05-25,9655,1809030,5751,982376,3642,775321,262,51333,3929,203267,5690,827863,4192,1031130,California
Riverside,2021-05-26,8832,1817862,5473,987849,3034,778355,325,51658,3980,202773,4802,832665,4308,1035438,California
Riverside,2021-05-27,8494,1826356,5089,992938,3172,781527,233,51891,4022,202605,4422,837087,4254,1039692,California
Riverside,2021-05-28,10640,1836996,6482,999420,3858,785385,300,52191,5030,202393,5544,842631,5332,1045024,California
Riverside,2021-05-29,4972,1841968,3386,1002806,1463,786848,123,52314,2835,203237,2116,844747,2960,1047984,California
Riverside,2021-05-30,1946,1843914,1405,1004211,477,787325,64,52378,1067,203496,872,845619,1131,1049115,California
Riverside,2021-05-31,867,1844781,491,1004702,343,787668,33,52411,332,203329,532,846151,365,1049480,California
Riverside,2021-06-01,9128,1853909,5645,1010347,3250,790918,233,52644,3607,201701,5468,851619,3840,1053320,California
Riverside,2021-06-02,7073,1860982,4298,1014645,2502,793420,273,52917,2867,200674,4166,855785,3139,1056459,California
Riverside,2021-06-03,7883,1868865,5254,1019899,2373,795793,256,53173,2861,198805,4984,860769,3115,1059574,California
Riverside,2021-06-04,10443,1879308,7453,1027352,2743,798536,247,53420,3780,196217,6615,867384,4027,1063601,California
Riverside,2021-06-05,6829,1886137,5013,1032365,1278,799814,538,53958,2199,194355,4601,871985,2739,1066340,California
Riverside,2021-06-06,2184,1888321,1847,1034212,285,800099,52,54010,795,193821,1382,873367,848,1067188,California
Riverside,2021-06-07,6749,1895070,5141,1039353,1386,801485,222,54232,2212,191749,4506,877873,2434,1069622,California
Riverside,2021-06-08,8649,1903719,6294,1045647,2108,803593,247,54479,2796,188999,5795,883668,3045,1072667,California
Riverside,2021-06-09,5682,1909401,4036,1049683,1408,805001,238,54717,1742,187072,3905,887573,1978,1074645,California
Riverside,2021-06-10,3500,1912901,2302,1051985,1054,806055,144,54861,1003,185736,2482,890055,1146,1075791,California
Sacramento,2020-12-15,314,314,314,314,0,0,0,0,314,314,0,0,314,314,California
Sacramento,2020-12-16,648,962,648,962,0,0,0,0,648,962,0,0,648,962,California
Sacramento,2020-12-17,702,1664,702,1664,0,0,0,0,702,1664,0,0,702,1664,California
Sacramento,2020-12-18,1115,2779,1115,2779,0,0,0,0,1115,2779,0,0,1115,2779,California
Sacramento,2020-12-19,611,3390,611,3390,0,0,0,0,611,3390,0,0,611,3390,California
Sacramento,2020-12-20,637,4027,637,4027,0,0,0,0,637,4027,0,0,637,4027,California
Sacramento,2020-12-21,1678,5705,1678,5705,0,0,0,0,1679,5706,0,0,1679,5706,California
Sacramento,2020-12-22,2101,7806,2067,7772,34,34,0,0,2101,7807,0,0,2101,7807,California
Sacramento,2020-12-23,2258,10064,2084,9856,174,208,0,0,2258,10065,0,0,2258,10065,California
Sacramento,2020-12-24,1040,11104,828,10684,212,420,0,0,1040,11105,0,0,1040,11105,California
Sacramento,2020-12-25,1,11105,0,10684,1,421,0,0,1,11106,0,0,1,11106,California
Sacramento,2020-12-26,507,11612,288,10972,219,640,0,0,507,11613,0,0,507,11613,California
Sacramento,2020-12-27,357,11969,251,11223,106,746,0,0,357,11970,0,0,357,11970,California
Sacramento,2020-12-28,1907,13876,1326,12549,581,1327,0,0,1906,13875,1,1,1906,13876,California
Sacramento,2020-12-29,1967,15843,1199,13748,768,2095,0,0,1967,15842,0,1,1967,15843,California
Sacramento,2020-12-30,2561,18404,1457,15205,1104,3199,0,0,2562,18404,0,1,2562,18405,California
Sacramento,2020-12-31,1225,19629,690,15895,535,3734,0,0,1226,19630,0,1,1226,19631,California
Sacramento,2021-01-01,84,19713,72,15967,12,3746,0,0,84,19714,0,1,84,19715,California
Sacramento,2021-01-02,570,20283,368,16335,202,3948,0,0,570,20284,0,1,570,20285,California
Sacramento,2021-01-03,413,20696,224,16559,189,4137,0,0,413,20697,0,1,413,20698,California
Sacramento,2021-01-04,1949,22645,842,17401,1107,5244,0,0,1940,22629,8,9,1940,22638,California
Sacramento,2021-01-05,2213,24858,987,18388,1226,6470,0,0,1849,24121,364,373,1856,24494,California
Sacramento,2021-01-06,2736,27594,1623,20011,1113,7583,0,0,1937,25262,796,1169,1937,26431,California
Sacramento,2021-01-07,2842,30436,1513,21524,1329,8912,0,0,1912,26247,927,2096,1912,28343,California
Sacramento,2021-01-08,3288,33724,2085,23609,1203,10115,0,0,2170,27304,1114,3210,2171,30514,California
Sacramento,2021-01-09,1295,35019,801,24410,494,10609,0,0,900,27811,393,3603,900,31414,California
Sacramento,2021-01-10,1232,36251,709,25119,523,11132,0,0,764,28109,467,4070,765,32179,California
Sacramento,2021-01-11,4353,40604,2963,28082,1390,12522,0,0,2412,28593,1940,6010,2424,34603,California
Sacramento,2021-01-12,4584,45188,3205,31287,1379,13901,0,0,2609,29233,1975,7985,2615,37218,California
Sacramento,2021-01-13,3844,49032,2219,33506,1625,15526,0,0,2426,30244,1417,9402,2428,39646,California
Sacramento,2021-01-14,4620,53652,2327,35833,2293,17819,0,0,3710,33047,907,10309,3710,43356,California
Sacramento,2021-01-15,4444,58096,2254,38087,2190,20009,0,0,3733,36070,711,11020,3734,47090,California
Sacramento,2021-01-16,2092,60188,1285,39372,807,20816,0,0,1873,37725,219,11239,1874,48964,California
Sacramento,2021-01-17,1678,61866,982,40354,696,21512,0,0,1493,39036,185,11424,1496,50460,California
Sacramento,2021-01-18,2829,64695,1732,42086,1097,22609,0,0,2248,40707,580,12004,2251,52711,California
Sacramento,2021-01-19,4977,69672,3027,45113,1950,24559,0,0,3739,43211,1238,13242,3742,56453,California
Sacramento,2021-01-20,4837,74509,2862,47975,1975,26534,0,0,3608,45599,1231,14473,3619,60072,California
Sacramento,2021-01-21,5213,79722,3007,50982,2206,28740,0,0,4243,48881,964,15437,4246,64318,California
Sacramento,2021-01-22,5025,84747,2686,53668,2339,31079,0,0,4724,53306,300,15737,4725,69043,California
Sacramento,2021-01-23,3755,88502,1570,55238,2185,33264,0,0,3293,56138,462,16199,3294,72337,California
Sacramento,2021-01-24,1623,90125,1011,56249,612,33876,0,0,1380,57277,242,16441,1381,73718,California
Sacramento,2021-01-25,4419,94544,2165,58414,2254,36130,0,0,2948,58763,1471,17912,2957,76675,California
Sacramento,2021-01-26,4757,99301,2163,60577,2594,38724,0,0,3556,61124,1199,19111,3560,80235,California
Sacramento,2021-01-27,5876,105177,3065,63642,2811,41535,0,0,4255,63764,1618,20729,4258,84493,California
Sacramento,2021-01-28,5412,110589,2744,66386,2668,44203,0,0,4310,66975,1101,21830,4312,88805,California
Sacramento,2021-01-29,5418,116007,2942,69328,2476,46679,0,0,4398,70363,1011,22841,4399,93204,California
Sacramento,2021-01-30,4507,120514,2199,71527,2308,48987,0,0,4079,74016,426,23267,4079,97283,California
Sacramento,2021-01-31,2336,122850,2035,73562,301,49288,0,0,2057,75798,277,23544,2059,99342,California
Sacramento,2021-02-01,5941,128791,3035,76597,2906,52194,0,0,4258,78376,1680,25224,4258,103600,California
Sacramento,2021-02-02,7018,135809,3788,80385,3230,55424,0,0,4859,81096,2141,27365,4861,108461,California
Sacramento,2021-02-03,7146,142955,3606,83991,3540,58964,0,0,5282,84525,1855,29220,5284,113745,California
Sacramento,2021-02-04,7770,150725,3681,87672,4089,63053,0,0,5527,87818,2234,31454,5527,119272,California
Sacramento,2021-02-05,7860,158585,4483,92155,3377,66430,0,0,4923,89831,2914,34368,4927,124199,California
Sacramento,2021-02-06,8482,167067,3478,95633,5004,71434,0,0,7128,95608,1352,35720,7129,131328,California
Sacramento,2021-02-07,4070,171137,2195,97828,1875,73309,0,0,2882,97309,1183,36903,2884,134212,California
Sacramento,2021-02-08,6258,177395,3256,101084,3002,76311,0,0,3907,98869,2347,39250,3907,138119,California
Sacramento,2021-02-09,6770,184165,3554,104638,3216,79527,0,0,3995,100099,2766,42016,3996,142115,California
Sacramento,2021-02-10,7688,191853,4198,108836,3490,83017,0,0,4524,101475,3150,45166,4526,146641,California
Sacramento,2021-02-11,9604,201457,5738,114574,3866,86883,0,0,5509,102906,4080,49246,5511,152152,California
Sacramento,2021-02-12,10696,212153,4154,118728,6542,93425,0,0,6411,105096,4224,53470,6414,158566,California
Sacramento,2021-02-13,7690,219843,2992,121720,4698,98123,0,0,6093,109598,1592,55062,6094,164660,California
Sacramento,2021-02-14,3202,223045,1966,123686,1236,99359,0,0,2096,110594,1104,56166,2100,166760,California
Sacramento,2021-02-15,6011,229056,2057,125743,3954,103313,0,0,4177,112946,1828,57994,4180,170940,California
Sacramento,2021-02-16,9251,238307,4213,129956,5038,108351,0,0,5315,114336,3929,61923,5319,176259,California
Sacramento,2021-02-17,8853,247160,4996,134952,3857,112208,0,0,5150,115798,3690,65613,5152,181411,California
Sacramento,2021-02-18,9599,256759,5764,140716,3835,116043,0,0,5734,117680,3856,69469,5738,187149,California
Sacramento,2021-02-19,10092,266851,6187,146903,3905,119948,0,0,5981,119567,4100,73569,5987,193136,California
Sacramento,2021-02-20,7858,274709,5795,152698,2063,122011,0,0,4757,121231,3094,76663,4758,197894,California
Sacramento,2021-02-21,3065,277774,2424,155122,641,122652,0,0,1088,120349,1970,78633,1088,198982,California
Sacramento,2021-02-22,6326,284100,3824,158946,2502,125154,0,0,2785,119609,3529,82162,2789,201771,California
Sacramento,2021-02-23,7276,291376,4513,163459,2763,127917,0,0,3550,119454,3709,85871,3554,205325,California
Sacramento,2021-02-24,9845,301221,5426,168885,4419,132336,0,0,5379,120389,4450,90321,5385,210710,California
Sacramento,2021-02-25,11290,312511,6478,175363,4812,137148,0,0,6635,122385,4639,94960,6635,217345,California
Sacramento,2021-02-26,14422,326933,6804,182167,7618,144766,0,0,9890,127778,4501,99461,9894,227239,California
Sacramento,2021-02-27,11087,338020,6877,189044,4207,148973,3,3,8202,133121,2862,102323,8205,235444,California
Sacramento,2021-02-28,6205,344225,2342,191386,3863,152836,0,3,3106,133143,3085,105408,3107,238551,California
Sacramento,2021-03-01,8625,352850,3621,195007,5003,157839,1,4,4703,133950,3899,109307,4706,243257,California
Sacramento,2021-03-02,9307,362157,4050,199057,5256,163095,1,5,5708,136080,3582,112889,5712,248969,California
Sacramento,2021-03-03,10984,373141,5012,204069,5969,169064,3,8,6559,138240,4404,117293,6564,255533,California
Sacramento,2021-03-04,13488,386629,6202,210271,7282,176346,4,12,7498,139790,5958,123251,7508,263041,California
Sacramento,2021-03-05,10636,397265,4913,215184,5693,182039,30,42,7070,143346,3545,126796,7101,270142,California
Sacramento,2021-03-06,8138,405403,3124,218308,4892,186931,122,164,4127,143598,3996,130792,4248,274390,California
Sacramento,2021-03-07,7628,413031,2223,220531,5316,192247,89,253,3757,143576,3866,134658,3844,278234,California
Sacramento,2021-03-08,9124,422155,4266,224797,4634,196881,224,477,5963,146612,3149,137807,6185,284419,California
Sacramento,2021-03-09,9618,431773,4560,229357,4766,201647,292,769,5535,148374,4065,141872,5827,290246,California
Sacramento,2021-03-10,11793,443566,7530,236887,3910,205557,353,1122,6893,150758,4865,146737,7249,297495,California
Sacramento,2021-03-11,15066,458632,10008,246895,4232,209789,826,1948,8929,154411,6098,152835,9751,307246,California
Sacramento,2021-03-12,18061,476693,8347,255242,8853,218642,861,2809,8844,154957,9167,162002,9713,316959,California
Sacramento,2021-03-13,13029,489722,3584,258826,9016,227658,429,3238,7862,158087,5157,167159,8287,325246,California
Sacramento,2021-03-14,8400,498122,3475,262301,4290,231948,635,3873,4429,159203,3946,171105,5062,330308,California
Sacramento,2021-03-15,12241,510363,4865,267166,6714,238662,662,4535,7042,161734,5174,176279,7705,338013,California
Sacramento,2021-03-16,14026,524389,6231,273397,7143,245805,652,5187,8627,165644,5363,181642,9273,347286,California
Sacramento,2021-03-17,13768,538157,6622,280019,6510,252315,636,5823,8786,170113,4955,186597,9424,356710,California
Sacramento,2021-03-18,15697,553854,8223,288242,6882,259197,592,6415,9955,174951,5709,192306,10547,367257,California
Sacramento,2021-03-19,15630,569484,7992,296234,6264,265461,1374,7789,7898,176506,7706,200012,9261,376518,California
Sacramento,2021-03-20,12937,582421,7549,303783,5048,270509,340,8129,8050,180040,4858,204870,8392,384910,California
Sacramento,2021-03-21,5593,588014,2759,306542,2796,273305,38,8167,4858,184216,722,205592,4898,389808,California
Sacramento,2021-03-22,9390,597404,4810,311352,3728,277033,852,9019,6192,188090,3170,208762,7044,396852,California
Sacramento,2021-03-23,11355,608759,6764,318116,3781,280814,810,9829,7264,192111,4049,212811,8070,404922,California
Sacramento,2021-03-24,11865,620624,7267,325383,3967,284781,631,10460,6723,194406,5060,217871,7355,412277,California
Sacramento,2021-03-25,14171,634795,8361,333744,4986,289767,824,11284,8523,198145,5603,223474,9342,421619,California
Sacramento,2021-03-26,18273,653068,8932,342676,8850,298617,491,11775,9163,198761,9042,232516,9658,431277,California
Sacramento,2021-03-27,9692,662760,3576,346252,5826,304443,290,12065,5096,199578,4565,237081,5382,436659,California
Sacramento,2021-03-28,6530,669290,3226,349478,3055,307498,249,12314,2703,198715,3816,240897,2953,439612,California
Sacramento,2021-03-29,11027,680317,5901,355379,4751,312249,375,12689,4955,198004,6043,246940,5332,444944,California
Sacramento,2021-03-30,11857,692174,6088,361467,5380,317629,389,13078,6013,198586,5820,252760,6402,451346,California
Sacramento,2021-03-31,13455,705629,7875,369342,5182,322811,398,13476,5661,196873,7766,260526,6053,457399,California
Sacramento,2021-04-01,17464,723093,10477,379819,6751,329562,236,13712,7326,194348,10093,270619,7568,464967,California
Sacramento,2021-04-02,17148,740241,9700,389519,6702,336264,746,14458,9014,196007,8102,278721,9761,474728,California
Sacramento,2021-04-03,10454,750695,6247,395766,3659,339923,548,15006,6416,198959,4007,282728,6959,481687,California
Sacramento,2021-04-04,3729,754424,1530,397296,1991,341914,208,15214,1450,198340,2272,285000,1653,483340,California
Sacramento,2021-04-05,12060,766484,7567,404863,3654,345568,839,16053,5383,197915,6641,291641,6216,489556,California
Sacramento,2021-04-06,15662,782146,8877,413740,5444,351012,1341,17394,6927,197477,8702,300343,8264,497820,California
Sacramento,2021-04-07,14857,797003,8034,421774,5217,356229,1606,19000,7164,198585,7652,307995,8760,506580,California
Sacramento,2021-04-08,15066,812069,6780,428554,5306,361535,2980,21980,6001,198523,9030,317025,8968,515548,California
Sacramento,2021-04-09,18301,830370,9371,437925,6724,368259,2206,24186,7425,197308,10836,327861,9621,525169,California
Sacramento,2021-04-10,12849,843219,3838,441763,7791,376050,1220,25406,5325,196334,7494,335355,6520,531689,California
Sacramento,2021-04-11,10779,853998,4335,446098,6218,382268,226,25632,3841,193487,6914,342269,4067,535756,California
Sacramento,2021-04-12,12991,866989,5056,451154,6057,388325,1878,27510,4954,192336,7974,350243,6823,542579,California
Sacramento,2021-04-13,16272,883261,9955,461109,6314,394639,3,27513,7572,191252,8671,358914,7587,550166,California
Sacramento,2021-04-14,14958,898219,7973,469082,6983,401622,2,27515,5914,188175,9016,367930,5939,556105,California
Sacramento,2021-04-15,16373,914592,8416,477498,7954,409576,3,27518,6654,185163,9680,377610,6668,562773,California
Sacramento,2021-04-16,17396,931988,9609,487107,7787,417363,0,27518,7879,183568,9477,387087,7882,570655,California
Sacramento,2021-04-17,15299,947287,6144,493251,9155,426518,0,27518,11081,190455,4199,391286,11086,581741,California
Sacramento,2021-04-18,8440,955727,3069,496320,5371,431889,0,27518,3744,189523,4677,395963,3745,585486,California
Sacramento,2021-04-19,10560,966287,5718,502038,4837,436726,5,27523,4683,188356,5856,401819,4689,590175,California
Sacramento,2021-04-20,11106,977393,6745,508783,4358,441084,3,27526,5911,189102,5172,406991,5918,596093,California
Sacramento,2021-04-21,11488,988881,6642,515425,4844,445928,2,27528,6211,190063,5253,412244,6214,602307,California
Sacramento,2021-04-22,14819,1003700,9896,525321,4919,450847,4,27532,6812,188905,7976,420220,6818,609125,California
Sacramento,2021-04-23,15883,1019583,10012,535333,5871,456718,0,27532,7365,187790,8482,428702,7367,616492,California
Sacramento,2021-04-24,11334,1030917,7009,542342,4324,461042,1,27533,5935,188365,5362,434064,5937,622429,California
Sacramento,2021-04-25,7996,1038913,4482,546824,3514,464556,0,27533,4167,188718,3815,437879,4168,626597,California
Sacramento,2021-04-26,10605,1049518,6626,553450,3955,468511,24,27557,5013,188193,5563,443442,5038,631635,California
Sacramento,2021-04-27,12029,1061547,7889,561339,3984,472495,156,27713,5900,188154,6097,449539,6058,637693,California
Sacramento,2021-04-28,10481,1072028,5864,567203,4411,476906,206,27919,5816,189545,4636,454175,6027,643720,California
Sacramento,2021-04-29,10867,1082895,7311,574514,3251,480157,305,28224,6010,191037,4823,458998,6315,650035,California
Sacramento,2021-04-30,12465,1095360,7822,582336,4382,484539,261,28485,5875,190629,6545,465543,6137,656172,California
Sacramento,2021-05-01,7585,1102945,5475,587811,1935,486474,175,28660,2763,188778,4787,470330,2936,659108,California
Sacramento,2021-05-02,4984,1107929,4290,592101,543,487017,151,28811,2222,188411,2738,473068,2371,661479,California
Sacramento,2021-05-03,9117,1117046,7288,599389,1547,488564,282,29093,3961,187517,5133,478201,4239,665718,California
Sacramento,2021-05-04,9379,1126425,5695,605084,3374,491938,310,29403,3798,186086,5537,483738,4106,669824,California
Sacramento,2021-05-05,11068,1137493,5995,611079,4614,496552,459,29862,4519,184553,6506,490244,4973,674797,California
Sacramento,2021-05-06,11197,1148690,6201,617280,4688,501240,308,30170,4619,183221,6257,496501,4925,679722,California
Sacramento,2021-05-07,10609,1159299,6167,623447,4068,505308,374,30544,4469,181973,6091,502592,4843,684565,California
Sacramento,2021-05-08,8172,1167471,3818,627265,4124,509432,230,30774,2705,179470,5431,508023,2928,687493,California
Sacramento,2021-05-09,3149,1170620,1654,628919,1381,510813,114,30888,1172,178790,1966,509989,1286,688779,California
Sacramento,2021-05-10,8075,1178695,3743,632662,4065,514878,267,31155,1975,174966,6068,516057,2244,691023,California
Sacramento,2021-05-11,8279,1186974,5162,637824,2862,517740,255,31410,2881,172736,5366,521423,3136,694159,California
Sacramento,2021-05-12,8531,1195505,5125,642949,3151,520891,255,31665,3033,170558,5464,526887,3286,697445,California
Sacramento,2021-05-13,11629,1207134,7432,650381,3924,524815,273,31938,4443,168125,7149,534036,4716,702161,California
Sacramento,2021-05-14,12191,1219325,6895,657276,5007,529822,289,32227,5043,166363,7093,541129,5331,707492,California
Sacramento,2021-05-15,13067,1232392,7899,665175,5025,534847,143,32370,5791,165053,7240,548369,5930,713422,California
Sacramento,2021-05-16,7852,1240244,4099,669274,3640,538487,113,32483,2136,161612,5692,554061,2251,715673,California
Sacramento,2021-05-17,10383,1250627,6308,675582,3785,542272,290,32773,3974,159504,6375,560436,4267,719940,California
Sacramento,2021-05-18,9698,1260325,6086,681668,3403,545675,209,32982,3696,157454,5961,566397,3911,723851,California
Sacramento,2021-05-19,9749,1270074,6245,687913,3241,548916,263,33245,4523,157061,5185,571582,4792,728643,California
Sacramento,2021-05-20,10112,1280186,6669,694582,3181,552097,262,33507,3834,154928,6230,577812,4097,732740,California
Sacramento,2021-05-21,10643,1290829,6794,701376,3527,555624,322,33829,4531,153716,6071,583883,4859,737599,California
Sacramento,2021-05-22,7393,1298222,4575,705951,2646,558270,172,34001,3341,153209,4023,587906,3516,741115,California
Sacramento,2021-05-23,4165,1302387,2864,708815,1195,559465,106,34107,1920,153012,2224,590130,2027,743142,California
Sacramento,2021-05-24,7645,1310032,4567,713382,2750,562215,328,34435,2397,150531,5205,595335,2724,745866,California
Sacramento,2021-05-25,6636,1316668,3846,717228,2499,564714,291,34726,2366,148940,4247,599582,2656,748522,California
Sacramento,2021-05-26,8415,1325083,4670,721898,3436,568150,309,35035,2784,146448,5581,605163,3089,751611,California
Sacramento,2021-05-27,6651,1331734,3632,725530,2776,570926,243,35278,2967,146012,3646,608809,3210,754821,California
Sacramento,2021-05-28,8211,1339945,4566,730096,3284,574210,361,35639,3492,145185,4681,613490,3854,758675,California
Sacramento,2021-05-29,4363,1344308,2669,732765,1538,575748,156,35795,2228,145458,2111,615601,2384,761059,California
Sacramento,2021-05-30,1649,1345957,1036,733801,574,576322,39,35834,762,145379,880,616481,801,761860,California
Sacramento,2021-05-31,884,1346841,443,734244,428,576750,13,35847,315,145139,568,617049,328,762188,California
Sacramento,2021-06-01,6943,1353784,4175,738419,2561,579311,207,36054,2681,143804,4220,621269,2885,765073,California
Sacramento,2021-06-02,6077,1359861,3349,741768,2514,581825,214,36268,2318,142619,3715,624984,2530,767603,California
Sacramento,2021-06-03,7383,1367244,5036,746804,2165,583990,182,36450,2238,139931,5106,630090,2418,770021,California
Sacramento,2021-06-04,6985,1374229,4485,751289,2294,586284,206,36656,2267,137716,4688,634778,2473,772494,California
Sacramento,2021-06-05,6138,1380367,4507,755796,1493,587777,138,36794,1785,135308,4330,639108,1922,774416,California
Sacramento,2021-06-06,2304,1382671,1804,757600,447,588224,53,36847,769,134601,1529,640637,822,775238,California
Sacramento,2021-06-07,5510,1388181,3868,761468,1474,589698,168,37015,1577,132441,3903,644540,1743,776981,California
Sacramento,2021-06-08,5295,1393476,3638,765106,1484,591182,173,37188,1751,130846,3519,648059,1924,778905,California
Sacramento,2021-06-09,5109,1398585,3589,768695,1379,592561,141,37329,1239,128385,3841,651900,1380,780285,California
Sacramento,2021-06-10,2947,1401532,1834,770529,973,593534,140,37469,905,127403,2026,653926,1044,781329,California
San Benito,2020-12-16,29,29,29,29,0,0,0,0,29,29,0,0,29,29,California
San Benito,2020-12-17,48,77,48,77,0,0,0,0,48,77,0,0,48,77,California
San Benito,2020-12-18,72,149,72,149,0,0,0,0,72,149,0,0,72,149,California
San Benito,2020-12-19,48,197,48,197,0,0,0,0,48,197,0,0,48,197,California
San Benito,2020-12-20,23,220,23,220,0,0,0,0,23,220,0,0,23,220,California
San Benito,2020-12-21,78,298,78,298,0,0,0,0,78,298,0,0,78,298,California
San Benito,2020-12-22,102,400,102,400,0,0,0,0,102,400,0,0,102,400,California
San Benito,2020-12-23,86,486,74,474,12,12,0,0,86,486,0,0,86,486,California
San Benito,2020-12-24,13,499,5,479,8,20,0,0,13,499,0,0,13,499,California
San Benito,2020-12-25,3,502,3,482,0,20,0,0,3,502,0,0,3,502,California
San Benito,2020-12-26,13,515,4,486,9,29,0,0,13,515,0,0,13,515,California
San Benito,2020-12-27,8,523,7,493,1,30,0,0,8,523,0,0,8,523,California
San Benito,2020-12-28,63,586,36,529,27,57,0,0,63,586,0,0,63,586,California
San Benito,2020-12-29,49,635,21,550,28,85,0,0,49,635,0,0,49,635,California
San Benito,2020-12-30,59,694,37,587,22,107,0,0,59,694,0,0,59,694,California
San Benito,2020-12-31,19,713,2,589,17,124,0,0,19,713,0,0,19,713,California
San Benito,2021-01-02,24,737,23,612,1,125,0,0,24,737,0,0,24,737,California
San Benito,2021-01-03,3,740,1,613,2,127,0,0,3,740,0,0,3,740,California
San Benito,2021-01-04,62,802,24,637,38,165,0,0,62,802,0,0,62,802,California
San Benito,2021-01-05,121,923,37,674,84,249,0,0,118,917,3,3,118,920,California
San Benito,2021-01-06,102,1025,42,716,60,309,0,0,87,989,15,18,87,1007,California
San Benito,2021-01-07,104,1129,67,783,37,346,0,0,52,989,52,70,52,1059,California
San Benito,2021-01-08,182,1311,90,873,92,438,0,0,117,1041,65,135,117,1176,California
San Benito,2021-01-09,44,1355,31,904,13,451,0,0,31,1059,13,148,31,1207,California
San Benito,2021-01-10,17,1372,15,919,2,453,0,0,5,1052,12,160,5,1212,California
San Benito,2021-01-11,172,1544,107,1026,65,518,0,0,72,1024,100,260,72,1284,California
San Benito,2021-01-12,162,1706,58,1084,104,622,0,0,121,1106,41,301,123,1407,California
San Benito,2021-01-13,222,1928,65,1149,157,779,0,0,175,1234,47,348,175,1582,California
San Benito,2021-01-14,117,2045,23,1172,94,873,0,0,99,1315,18,366,99,1681,California
San Benito,2021-01-15,217,2262,21,1193,196,1069,0,0,203,1504,14,380,203,1884,California
San Benito,2021-01-16,25,2287,8,1201,17,1086,0,0,20,1519,5,385,20,1904,California
San Benito,2021-01-17,11,2298,5,1206,6,1092,0,0,8,1524,3,388,8,1912,California
San Benito,2021-01-18,37,2335,23,1229,14,1106,0,0,22,1531,15,403,22,1934,California
San Benito,2021-01-19,151,2486,65,1294,86,1192,0,0,124,1628,27,430,124,2058,California
San Benito,2021-01-20,276,2762,95,1389,181,1373,0,0,230,1813,45,475,230,2288,California
San Benito,2021-01-21,125,2887,32,1421,93,1466,0,0,100,1888,25,500,100,2388,California
San Benito,2021-01-22,236,3123,19,1440,217,1683,0,0,226,2104,10,510,226,2614,California
San Benito,2021-01-23,30,3153,16,1456,14,1697,0,0,12,2098,18,528,12,2626,California
San Benito,2021-01-24,9,3162,3,1459,6,1703,0,0,5,2099,4,532,5,2631,California
San Benito,2021-01-25,66,3228,24,1483,42,1745,0,0,20,2073,46,578,20,2651,California
San Benito,2021-01-26,136,3364,41,1524,95,1840,0,0,84,2105,52,630,84,2735,California
San Benito,2021-01-27,231,3595,70,1594,161,2001,0,0,191,2256,40,670,191,2926,California
San Benito,2021-01-28,153,3748,32,1626,121,2122,0,0,122,2348,30,700,122,3048,California
San Benito,2021-01-29,291,4039,33,1659,258,2380,0,0,267,2592,23,723,267,3315,California
San Benito,2021-01-30,52,4091,33,1692,19,2399,0,0,28,2596,24,747,28,3343,California
San Benito,2021-01-31,15,4106,4,1696,11,2410,0,0,10,2601,5,752,10,3353,California
San Benito,2021-02-01,133,4239,28,1724,105,2515,0,0,90,2648,43,795,90,3443,California
San Benito,2021-02-02,231,4470,49,1773,182,2697,0,0,137,2691,94,889,137,3580,California
San Benito,2021-02-03,343,4813,43,1816,300,2997,0,0,273,2894,70,959,273,3853,California
San Benito,2021-02-04,167,4980,25,1841,142,3139,0,0,122,2971,45,1004,122,3975,California
San Benito,2021-02-05,297,5277,40,1881,257,3396,0,0,234,3142,63,1067,234,4209,California
San Benito,2021-02-06,46,5323,8,1889,38,3434,0,0,29,3154,17,1084,29,4238,California
San Benito,2021-02-07,15,5338,6,1895,9,3443,0,0,14,3167,1,1085,14,4252,California
San Benito,2021-02-08,139,5477,16,1911,123,3566,0,0,93,3214,46,1131,93,4345,California
San Benito,2021-02-09,326,5803,61,1972,265,3831,0,0,193,3274,133,1264,193,4538,California
San Benito,2021-02-10,323,6126,88,2060,235,4066,0,0,114,3180,208,1472,114,4652,California
San Benito,2021-02-11,298,6424,33,2093,265,4331,0,0,199,3280,99,1571,199,4851,California
San Benito,2021-02-12,421,6845,31,2124,390,4721,0,0,212,3284,208,1779,212,5063,California
San Benito,2021-02-13,55,6900,7,2131,48,4769,0,0,44,3317,11,1790,44,5107,California
San Benito,2021-02-14,40,6940,5,2136,35,4804,0,0,30,3337,10,1800,30,5137,California
San Benito,2021-02-15,106,7046,10,2146,96,4900,0,0,95,3421,11,1811,95,5232,California
San Benito,2021-02-16,210,7256,12,2158,198,5098,0,0,105,3422,105,1916,106,5338,California
San Benito,2021-02-17,330,7586,30,2188,300,5398,0,0,281,3654,49,1965,281,5619,California
San Benito,2021-02-18,292,7878,36,2224,256,5654,0,0,70,3502,222,2187,70,5689,California
San Benito,2021-02-19,351,8229,50,2274,301,5955,0,0,182,3515,169,2356,182,5871,California
San Benito,2021-02-20,45,8274,24,2298,21,5976,0,0,35,3540,10,2366,35,5906,California
San Benito,2021-02-21,25,8299,11,2309,14,5990,0,0,17,3549,8,2374,17,5923,California
San Benito,2021-02-22,135,8434,36,2345,99,6089,0,0,101,3617,33,2407,101,6024,California
San Benito,2021-02-23,375,8809,93,2438,282,6371,0,0,261,3764,114,2521,261,6285,California
San Benito,2021-02-24,384,9193,67,2505,317,6688,0,0,245,3870,139,2660,245,6530,California
San Benito,2021-02-25,396,9589,68,2573,328,7016,0,0,275,4022,123,2783,275,6805,California
San Benito,2021-02-26,657,10246,75,2648,582,7598,0,0,409,4183,248,3031,409,7214,California
San Benito,2021-02-27,109,10355,45,2693,64,7662,0,0,91,4256,18,3049,91,7305,California
San Benito,2021-02-28,254,10609,29,2722,225,7887,0,0,245,4492,9,3058,245,7550,California
San Benito,2021-03-01,232,10841,60,2782,172,8059,0,0,162,4583,71,3129,162,7712,California
San Benito,2021-03-02,281,11122,93,2875,188,8247,0,0,212,4726,69,3198,212,7924,California
San Benito,2021-03-03,404,11526,59,2934,345,8592,0,0,226,4776,176,3374,226,8150,California
San Benito,2021-03-04,620,12146,128,3062,477,9069,15,15,433,5026,187,3561,437,8587,California
San Benito,2021-03-05,587,12733,306,3368,269,9338,12,27,372,5197,213,3774,384,8971,California
San Benito,2021-03-06,198,12931,72,3440,112,9450,14,41,147,5307,51,3825,161,9132,California
San Benito,2021-03-07,646,13577,602,4042,21,9471,23,64,614,5912,32,3857,637,9769,California
San Benito,2021-03-08,293,13870,68,4110,178,9649,47,111,169,6004,124,3981,216,9985,California
San Benito,2021-03-09,428,14298,84,4194,244,9893,100,211,139,5928,288,4269,212,10197,California
San Benito,2021-03-10,406,14704,116,4310,194,10087,96,307,233,6084,173,4442,329,10526,California
San Benito,2021-03-11,475,15179,121,4431,199,10286,155,462,210,6184,265,4707,365,10891,California
San Benito,2021-03-12,522,15701,122,4553,307,10593,93,555,232,6222,288,4995,326,11217,California
San Benito,2021-03-13,199,15900,98,4651,83,10676,18,573,128,6300,68,5063,146,11363,California
San Benito,2021-03-14,233,16133,40,4691,173,10849,20,593,179,6446,53,5116,199,11562,California
San Benito,2021-03-15,323,16456,100,4791,204,11053,19,612,191,6524,132,5248,210,11772,California
San Benito,2021-03-16,506,16962,220,5011,254,11307,32,644,353,6754,153,5401,383,12155,California
San Benito,2021-03-17,798,17760,482,5493,294,11601,22,666,565,7104,229,5630,579,12734,California
San Benito,2021-03-18,789,18549,529,6022,207,11808,53,719,573,7506,215,5845,617,13351,California
San Benito,2021-03-19,776,19325,402,6424,351,12159,23,742,573,7899,203,6048,596,13947,California
San Benito,2021-03-20,250,19575,152,6576,85,12244,13,755,187,8036,63,6111,200,14147,California
San Benito,2021-03-21,111,19686,58,6634,48,12292,5,760,81,8092,30,6141,86,14233,California
San Benito,2021-03-22,355,20041,173,6807,157,12449,25,785,222,8206,133,6274,247,14480,California
San Benito,2021-03-23,482,20523,204,7011,268,12717,10,795,221,8175,261,6535,230,14710,California
San Benito,2021-03-24,583,21106,310,7321,266,12983,7,802,366,8332,216,6751,373,15083,California
San Benito,2021-03-25,747,21853,445,7766,298,13281,4,806,442,8477,301,7052,446,15529,California
San Benito,2021-03-26,1025,22878,521,8287,499,13780,5,811,337,8132,687,7739,342,15871,California
San Benito,2021-03-27,342,23220,192,8479,117,13897,33,844,220,8263,122,7861,253,16124,California
San Benito,2021-03-28,732,23952,604,9083,122,14019,6,850,128,7793,604,8465,134,16258,California
San Benito,2021-03-29,345,24297,110,9193,215,14234,20,870,144,7755,201,8666,163,16421,California
San Benito,2021-03-30,582,24879,274,9467,212,14446,96,966,295,7859,287,8953,391,16812,California
San Benito,2021-03-31,600,25479,369,9836,207,14653,24,990,343,7972,254,9207,367,17179,California
San Benito,2021-04-01,960,26439,385,10221,536,15189,39,1029,571,8188,388,9595,604,17783,California
San Benito,2021-04-02,538,26977,260,10481,142,15331,136,1165,263,8313,274,9869,399,18182,California
San Benito,2021-04-03,260,27237,88,10569,107,15438,65,1230,75,8268,185,10054,140,18322,California
San Benito,2021-04-04,143,27380,107,10676,30,15468,6,1236,105,8341,38,10092,111,18433,California
San Benito,2021-04-05,358,27738,171,10847,143,15611,44,1280,147,8320,211,10303,190,18623,California
San Benito,2021-04-06,470,28208,166,11013,126,15737,178,1458,161,8350,309,10612,339,18962,California
San Benito,2021-04-07,949,29157,530,11543,230,15967,189,1647,268,8128,679,11291,457,19419,California
San Benito,2021-04-08,862,30019,431,11974,179,16146,252,1899,225,7969,636,11927,477,19896,California
San Benito,2021-04-09,850,30869,502,12476,256,16402,92,1991,295,7801,555,12482,387,20283,California
San Benito,2021-04-10,347,31216,208,12684,77,16479,62,2053,193,7902,154,12636,255,20538,California
San Benito,2021-04-11,477,31693,273,12957,170,16649,34,2087,269,7976,208,12844,282,20820,California
San Benito,2021-04-12,533,32226,284,13241,134,16783,115,2202,279,8113,253,13097,390,21210,California
San Benito,2021-04-13,758,32984,297,13538,438,17221,23,2225,524,8428,233,13330,548,21758,California
San Benito,2021-04-14,842,33826,663,14201,179,17400,0,2225,399,8390,438,13768,400,22158,California
San Benito,2021-04-15,950,34776,738,14939,211,17611,1,2226,474,8390,475,14243,475,22633,California
San Benito,2021-04-16,700,35476,365,15304,324,17935,11,2237,293,8291,404,14647,305,22938,California
San Benito,2021-04-17,321,35797,224,15528,97,18032,0,2237,128,8224,195,14842,128,23066,California
San Benito,2021-04-18,490,36287,409,15937,81,18113,0,2237,233,8202,257,15099,235,23301,California
San Benito,2021-04-19,740,37027,592,16529,148,18261,0,2237,420,8304,319,15418,421,23722,California
San Benito,2021-04-20,774,37801,402,16931,370,18631,2,2239,490,8516,279,15697,491,24213,California
San Benito,2021-04-21,957,38758,702,17633,255,18886,0,2239,516,8605,427,16124,516,24729,California
San Benito,2021-04-22,901,39659,694,18327,207,19093,0,2239,569,8850,324,16448,569,25298,California
San Benito,2021-04-23,633,40292,399,18726,233,19326,1,2240,343,8952,241,16689,343,25641,California
San Benito,2021-04-24,366,40658,204,18930,162,19488,0,2240,171,8967,156,16845,171,25812,California
San Benito,2021-04-25,205,40863,127,19057,78,19566,0,2240,94,8968,93,16938,94,25906,California
San Benito,2021-04-26,492,41355,388,19445,104,19670,0,2240,258,9053,173,17111,258,26164,California
San Benito,2021-04-27,555,41910,280,19725,268,19938,7,2247,408,9331,137,17248,415,26579,California
San Benito,2021-04-28,554,42464,390,20115,155,20093,9,2256,392,9574,157,17405,400,26979,California
San Benito,2021-04-29,634,43098,232,20347,392,20485,10,2266,256,9479,378,17783,283,27262,California
San Benito,2021-04-30,378,43476,210,20557,161,20646,7,2273,204,9518,172,17955,211,27473,California
San Benito,2021-05-01,199,43675,144,20701,46,20692,9,2282,65,9460,132,18087,74,27547,California
San Benito,2021-05-02,191,43866,163,20864,24,20716,4,2286,59,9391,132,18219,63,27610,California
San Benito,2021-05-03,361,44227,284,21148,67,20783,10,2296,86,9214,275,18494,98,27708,California
San Benito,2021-05-04,408,44635,246,21394,154,20937,8,2304,152,9119,254,18748,159,27867,California
San Benito,2021-05-05,604,45239,421,21815,167,21104,16,2320,211,8956,390,19138,227,28094,California
San Benito,2021-05-06,614,45853,487,22302,112,21216,15,2335,223,8807,387,19525,238,28332,California
San Benito,2021-05-07,448,46301,282,22584,155,21371,11,2346,174,8721,272,19797,186,28518,California
San Benito,2021-05-08,275,46576,225,22809,45,21416,5,2351,157,8765,118,19915,162,28680,California
San Benito,2021-05-09,101,46677,76,22885,22,21438,3,2354,48,8763,53,19968,51,28731,California
San Benito,2021-05-10,414,47091,326,23211,64,21502,24,2378,51,8476,363,20331,76,28807,California
San Benito,2021-05-11,817,47908,407,23618,395,21897,15,2393,182,8041,633,20964,198,29005,California
San Benito,2021-05-12,495,48403,389,24007,92,21989,14,2407,116,7795,377,21341,131,29136,California
San Benito,2021-05-13,686,49089,585,24592,91,22080,10,2417,175,7471,508,21849,184,29320,California
San Benito,2021-05-14,596,49685,441,25033,148,22228,7,2424,232,7347,363,22212,239,29559,California
San Benito,2021-05-15,229,49914,173,25206,50,22278,6,2430,127,7378,102,22314,133,29692,California
San Benito,2021-05-16,168,50082,140,25346,26,22304,2,2432,92,7396,76,22390,94,29786,California
San Benito,2021-05-17,390,50472,315,25661,65,22369,10,2442,179,7376,209,22599,189,29975,California
San Benito,2021-05-18,667,51139,348,26009,314,22683,5,2447,208,7131,459,23058,214,30189,California
San Benito,2021-05-19,570,51709,417,26426,145,22828,8,2455,229,7027,341,23399,237,30426,California
San Benito,2021-05-20,592,52301,468,26894,113,22941,11,2466,315,7077,276,23675,326,30752,California
San Benito,2021-05-21,470,52771,277,27171,178,23119,15,2481,221,7066,247,23922,236,30988,California
San Benito,2021-05-22,300,53071,224,27395,71,23190,5,2486,181,7137,117,24039,188,31176,California
San Benito,2021-05-23,90,53161,53,27448,33,23223,4,2490,33,7116,57,24096,36,31212,California
San Benito,2021-05-24,298,53459,250,27698,41,23264,7,2497,185,7195,113,24209,192,31404,California
San Benito,2021-05-25,527,53986,241,27939,279,23543,7,2504,172,7021,353,24562,179,31583,California
San Benito,2021-05-26,296,54282,178,28117,112,23655,6,2510,116,6963,179,24741,121,31704,California
San Benito,2021-05-27,405,54687,309,28426,73,23728,23,2533,148,6880,257,24998,174,31878,California
San Benito,2021-05-28,286,54973,176,28602,103,23831,7,2540,111,6824,174,25172,118,31996,California
San Benito,2021-05-29,148,55121,126,28728,20,23851,2,2542,63,6804,85,25257,65,32061,California
San Benito,2021-05-30,271,55392,256,28984,15,23866,0,2542,94,6722,176,25433,94,32155,California
San Benito,2021-05-31,102,55494,89,29073,11,23877,2,2544,45,6713,56,25489,47,32202,California
San Benito,2021-06-01,267,55761,120,29193,121,23998,26,2570,98,6668,168,25657,123,32325,California
San Benito,2021-06-02,322,56083,242,29435,77,24075,3,2573,119,6588,203,25860,123,32448,California
San Benito,2021-06-03,340,56423,289,29724,44,24119,7,2580,134,6526,203,26063,141,32589,California
San Benito,2021-06-04,266,56689,197,29921,69,24188,0,2580,84,6429,181,26244,84,32673,California
San Benito,2021-06-05,92,56781,74,29995,17,24205,1,2581,19,6378,71,26315,20,32693,California
San Benito,2021-06-06,60,56841,50,30045,7,24212,3,2584,16,6354,43,26358,19,32712,California
San Benito,2021-06-07,331,57172,296,30341,30,24242,5,2589,84,6198,245,26603,89,32801,California
San Benito,2021-06-08,308,57480,217,30558,77,24319,14,2603,99,6103,208,26811,113,32914,California
San Benito,2021-06-09,200,57680,152,30710,41,24360,7,2610,56,6023,143,26954,63,32977,California
San Benito,2021-06-10,249,57929,226,30936,17,24377,6,2616,35,5852,212,27166,41,33018,California
San Bernardino,2020-12-15,13,13,13,13,0,0,0,0,13,13,0,0,13,13,California
San Bernardino,2020-12-16,113,126,113,126,0,0,0,0,113,126,0,0,113,126,California
San Bernardino,2020-12-17,2373,2499,2373,2499,0,0,0,0,2373,2499,0,0,2373,2499,California
San Bernardino,2020-12-18,3158,5657,3155,5654,3,3,0,0,3159,5658,0,0,3159,5658,California
San Bernardino,2020-12-19,1074,6731,1073,6727,1,4,0,0,1075,6733,0,0,1075,6733,California
San Bernardino,2020-12-20,1174,7905,1171,7898,3,7,0,0,1174,7907,0,0,1174,7907,California
San Bernardino,2020-12-21,2467,10372,2462,10360,5,12,0,0,2467,10374,0,0,2467,10374,California
San Bernardino,2020-12-22,2284,12656,2154,12514,130,142,0,0,2284,12658,0,0,2284,12658,California
San Bernardino,2020-12-23,2674,15330,1469,13983,1205,1347,0,0,2672,15330,0,0,2672,15330,California
San Bernardino,2020-12-24,1166,16496,587,14570,579,1926,0,0,1167,16497,0,0,1167,16497,California
San Bernardino,2020-12-25,75,16571,14,14584,61,1987,0,0,75,16572,0,0,75,16572,California
San Bernardino,2020-12-26,462,17033,254,14838,208,2195,0,0,462,17034,0,0,462,17034,California
San Bernardino,2020-12-27,346,17379,160,14998,186,2381,0,0,346,17380,0,0,346,17380,California
San Bernardino,2020-12-28,1581,18960,718,15716,863,3244,0,0,1582,18962,0,0,1582,18962,California
San Bernardino,2020-12-29,2224,21184,1047,16763,1177,4421,0,0,2224,21186,0,0,2224,21186,California
San Bernardino,2020-12-30,2899,24083,1457,18220,1442,5863,0,0,2899,24085,0,0,2899,24085,California
San Bernardino,2020-12-31,1369,25452,442,18662,927,6790,0,0,1367,25452,0,0,1367,25452,California
San Bernardino,2021-01-01,285,25737,153,18815,132,6922,0,0,284,25736,0,0,284,25736,California
San Bernardino,2021-01-02,480,26217,340,19155,140,7062,0,0,480,26216,0,0,480,26216,California
San Bernardino,2021-01-03,138,26355,87,19242,51,7113,0,0,138,26354,0,0,138,26354,California
San Bernardino,2021-01-04,2135,28490,1295,20537,840,7953,0,0,2134,28488,0,0,2134,28488,California
San Bernardino,2021-01-05,2339,30829,1464,22001,875,8828,0,0,2229,30608,109,109,2229,30717,California
San Bernardino,2021-01-06,3457,34286,2362,24363,1095,9923,0,0,2958,33074,493,602,2959,33676,California
San Bernardino,2021-01-07,5436,39722,4516,28879,920,10843,0,0,2482,32622,2935,3537,2483,36159,California
San Bernardino,2021-01-08,5372,45094,4447,33326,925,11768,0,0,2287,31830,3081,6618,2289,38448,California
San Bernardino,2021-01-09,1406,46500,1102,34428,304,12072,0,0,906,32236,500,7118,906,39354,California
San Bernardino,2021-01-10,1026,47526,599,35027,427,12499,0,0,576,32362,450,7568,576,39930,California
San Bernardino,2021-01-11,4985,52511,4082,39109,903,13402,0,0,2760,32901,2221,9789,2760,42690,California
San Bernardino,2021-01-12,4233,56744,3212,42321,1021,14423,0,0,2509,33690,1721,11510,2510,45200,California
San Bernardino,2021-01-13,4584,61328,2854,45175,1730,16153,0,0,3356,35831,1216,12726,3357,48557,California
San Bernardino,2021-01-14,4829,66157,2847,48022,1982,18135,0,0,4243,39492,582,13308,4243,52800,California
San Bernardino,2021-01-15,5997,72154,2980,51002,3017,21152,0,0,5599,44704,390,13698,5602,58402,California
San Bernardino,2021-01-16,2263,74417,1291,52293,972,22124,0,0,2121,46683,142,13840,2121,60523,California
San Bernardino,2021-01-17,1180,75597,506,52799,674,22798,0,0,1096,47698,83,13923,1098,61621,California
San Bernardino,2021-01-18,4278,79875,2644,55443,1634,24432,0,0,3654,50731,624,14547,3657,65278,California
San Bernardino,2021-01-19,6334,86209,3718,59161,2616,27048,0,0,5244,54889,1088,15635,5246,70524,California
San Bernardino,2021-01-20,6868,93077,3775,62936,3093,30141,0,0,4910,57859,1951,17586,4921,75445,California
San Bernardino,2021-01-21,6006,99083,3089,66025,2917,33058,0,0,4889,61644,1109,18695,4894,80339,California
San Bernardino,2021-01-22,6544,105627,3057,69082,3487,36545,0,0,5817,66740,725,19420,5821,86160,California
San Bernardino,2021-01-23,3128,108755,1902,70984,1226,37771,0,0,2736,69085,391,19811,2736,88896,California
San Bernardino,2021-01-24,1198,109953,462,71446,736,38507,0,0,1095,70077,103,19914,1095,89991,California
San Bernardino,2021-01-25,6906,116859,3416,74862,3490,41997,0,0,5060,73300,1843,21757,5066,95057,California
San Bernardino,2021-01-26,7069,123928,3519,78381,3550,45547,0,0,4962,76160,2107,23864,4967,100024,California
San Bernardino,2021-01-27,8557,132485,4168,82549,4389,49936,0,0,5741,79095,2808,26672,5743,105767,California
San Bernardino,2021-01-28,8606,141091,4086,86635,4520,54456,0,0,6283,83061,2318,28990,6284,112051,California
San Bernardino,2021-01-29,8214,149305,3780,90415,4434,58890,0,0,6237,87337,1963,30953,6239,118290,California
San Bernardino,2021-01-30,3095,152400,1896,92311,1199,60089,0,0,2804,89852,289,31242,2804,121094,California
San Bernardino,2021-01-31,929,153329,491,92802,438,60527,0,0,875,90674,53,31295,875,121969,California
San Bernardino,2021-02-01,7584,160913,4255,97057,3329,63856,0,0,4952,92998,2629,33924,4953,126922,California
San Bernardino,2021-02-02,10468,171381,3656,100713,6812,70668,0,0,8404,99343,2060,35984,8405,135327,California
San Bernardino,2021-02-03,9022,180403,4157,104870,4865,75533,0,0,6518,103365,2497,38481,6519,141846,California
San Bernardino,2021-02-04,10514,190917,5172,110042,5342,80875,0,0,7416,107694,3087,41568,7416,149262,California
San Bernardino,2021-02-05,11038,201955,5924,115966,5114,85989,0,0,7494,111656,3533,45101,7495,156757,California
San Bernardino,2021-02-06,5280,207235,2216,118182,3064,89053,0,0,3645,113693,1611,46712,3648,160405,California
San Bernardino,2021-02-07,846,208081,492,118674,354,89407,0,0,470,113791,373,47085,471,160876,California
San Bernardino,2021-02-08,7298,215379,3892,122566,3406,92813,0,0,5625,117744,1672,48757,5625,166501,California
San Bernardino,2021-02-09,10160,225539,5917,128483,4243,97056,0,0,6856,121301,3302,52059,6859,173360,California
San Bernardino,2021-02-10,12100,237639,6461,134944,5639,102695,0,0,7977,125164,4115,56174,7978,181338,California
San Bernardino,2021-02-11,12470,250109,7155,142099,5315,108010,0,0,7945,128611,4501,60675,7948,189286,California
San Bernardino,2021-02-12,10427,260536,5952,148051,4475,112485,0,0,5687,129575,4723,65398,5687,194973,California
San Bernardino,2021-02-13,6058,266594,4032,152083,2026,114511,0,0,3811,131160,2231,67629,3816,198789,California
San Bernardino,2021-02-14,1554,268148,649,152732,905,115416,0,0,874,131361,673,68302,874,199663,California
San Bernardino,2021-02-15,5485,273633,3000,155732,2485,117901,0,0,3067,132024,2404,70706,3067,202730,California
San Bernardino,2021-02-16,12606,286239,7357,163089,5249,123150,0,0,7966,135364,4627,75333,7967,210697,California
San Bernardino,2021-02-17,11821,298060,6470,169559,5351,128501,0,0,7156,137876,4646,79979,7158,217855,California
San Bernardino,2021-02-18,12494,310554,7590,177149,4904,133405,0,0,7710,140817,4770,84749,7711,225566,California
San Bernardino,2021-02-19,11558,322112,5959,183108,5599,139004,0,0,6838,142956,4699,89448,6838,232404,California
San Bernardino,2021-02-20,4532,326644,3478,186586,1054,140058,0,0,2047,142524,2481,91929,2049,234453,California
San Bernardino,2021-02-21,1139,327783,680,187266,459,140517,0,0,398,142181,741,92670,398,234851,California
San Bernardino,2021-02-22,8690,336473,5355,192621,3335,143852,0,0,4050,141604,4629,97299,4052,238903,California
San Bernardino,2021-02-23,9173,345646,5455,198076,3718,147570,0,0,4635,141726,4513,101812,4635,243538,California
San Bernardino,2021-02-24,12488,358134,7186,205262,5302,152872,0,0,6177,141613,6291,108103,6178,249716,California
San Bernardino,2021-02-25,13132,371266,6294,211556,6838,159710,0,0,7659,143821,5454,113557,7662,257378,California
San Bernardino,2021-02-26,13621,384887,6386,217942,7235,166945,0,0,7591,145446,5968,119525,7593,264971,California
San Bernardino,2021-02-27,6670,391557,3731,221673,2938,169883,1,1,4815,148415,1847,121372,4816,269787,California
San Bernardino,2021-02-28,1780,393337,743,222416,1037,170920,0,1,1141,148925,631,122003,1141,270928,California
San Bernardino,2021-03-01,8472,401809,4372,226788,4097,175017,3,4,3850,148190,4596,126599,3861,274789,California
San Bernardino,2021-03-02,13893,415702,5561,232349,8332,183349,0,4,6560,147450,7303,133902,6563,281352,California
San Bernardino,2021-03-03,12915,428617,6564,238913,6348,189697,3,7,6037,146640,6856,140758,6046,287398,California
San Bernardino,2021-03-04,13797,442414,6930,245843,6867,196564,0,7,5999,144866,7777,148535,6003,293401,California
San Bernardino,2021-03-05,14433,456847,7539,253382,6893,203457,1,8,7043,144570,7358,155893,7062,300463,California
San Bernardino,2021-03-06,9747,466594,5462,258844,4061,207518,224,232,4550,144163,5179,161072,4772,305235,California
San Bernardino,2021-03-07,1670,468264,1009,259853,590,208108,71,303,1052,144670,616,161688,1123,306358,California
San Bernardino,2021-03-08,8120,476384,3594,263447,4354,212462,172,475,3609,143951,4503,166191,3784,310142,California
San Bernardino,2021-03-09,13093,489477,7487,270934,5357,217819,249,724,5281,141686,7797,173988,5532,315674,California
San Bernardino,2021-03-10,14238,503715,7859,278793,5824,223643,555,1279,6377,140786,7834,181822,6934,322608,California
San Bernardino,2021-03-11,15651,519366,7255,286048,6803,230446,1593,2872,7406,141558,8222,190044,8994,331602,California
San Bernardino,2021-03-12,15579,534945,6951,292999,6579,237025,2049,4921,7361,142827,8188,198232,9457,341059,California
San Bernardino,2021-03-13,8412,543357,4584,297583,3310,240335,518,5439,4988,144924,3413,201645,5510,346569,California
San Bernardino,2021-03-14,3298,546655,1671,299254,1046,241381,581,6020,1844,145896,1447,203092,2419,348988,California
San Bernardino,2021-03-15,11422,558077,5386,304640,4002,245383,2034,8054,5603,147721,5804,208896,7629,356617,California
San Bernardino,2021-03-16,16232,574309,8036,312676,7252,252635,944,8998,9920,152297,6285,215181,10861,367478,California
San Bernardino,2021-03-17,17398,591707,8638,321314,8011,260646,749,9747,10544,156755,6836,222017,11294,378772,California
San Bernardino,2021-03-18,16680,608387,8253,329567,8039,268685,388,10135,9862,160211,6792,228809,10248,389020,California
San Bernardino,2021-03-19,17024,625411,8444,338011,7984,276669,596,10731,9769,163398,7230,236039,10417,399437,California
San Bernardino,2021-03-20,9465,634876,5972,343983,2899,279568,594,11325,5604,165754,3837,239876,6193,405630,California
San Bernardino,2021-03-21,2807,637683,2284,346267,472,280040,51,11376,2259,167529,535,240411,2310,407940,California
San Bernardino,2021-03-22,9632,647315,4524,350791,4671,284711,437,11813,6977,172309,2634,243045,7414,415354,California
San Bernardino,2021-03-23,15531,662846,8807,359598,6104,290815,620,12433,9605,176629,5904,248949,10224,425578,California
San Bernardino,2021-03-24,15220,678066,7844,367442,7071,297886,305,12738,10097,181944,5088,254037,10403,435981,California
San Bernardino,2021-03-25,17060,695126,8371,375813,8387,306273,302,13040,10806,186843,6204,260241,11103,447084,California
San Bernardino,2021-03-26,18253,713379,8693,384506,8790,315063,770,13810,10918,191228,7303,267544,11688,458772,California
San Bernardino,2021-03-27,10869,724248,7021,391527,3094,318157,754,14564,6199,193530,4650,272194,6952,465724,California
San Bernardino,2021-03-28,3630,727878,2555,394082,962,319119,113,14677,2517,195056,1103,273297,2629,468353,California
San Bernardino,2021-03-29,11806,739684,6135,400217,5270,324389,401,15078,7971,199613,3817,277114,8374,476727,California
San Bernardino,2021-03-30,17018,756702,9502,409719,6800,331189,716,15794,10541,204421,6440,283554,11248,487975,California
San Bernardino,2021-03-31,16619,773321,9362,419081,6618,337807,639,16433,10934,210337,5655,289209,11571,499546,California
San Bernardino,2021-04-01,19867,793188,10494,429575,7945,345752,1428,17861,12788,217509,7035,296244,14207,513753,California
San Bernardino,2021-04-02,18932,812120,9543,439118,8099,353851,1290,19151,11442,222821,7461,303705,12773,526526,California
San Bernardino,2021-04-03,11179,823299,6990,446108,3050,356901,1139,20290,6075,224945,5084,308789,7208,533734,California
San Bernardino,2021-04-04,2504,825803,1508,447616,746,357647,250,20540,1264,225226,1233,310022,1514,535248,California
San Bernardino,2021-04-05,11805,837608,5304,452920,4764,362411,1737,22277,6022,227217,5762,315784,7753,543001,California
San Bernardino,2021-04-06,19801,857409,11145,464065,6535,368946,2121,24398,10461,230499,9293,325077,12575,555576,California
San Bernardino,2021-04-07,21066,878475,11268,475333,7309,376255,2489,26887,11494,234929,9542,334619,13972,569548,California
San Bernardino,2021-04-08,21999,900474,11261,486594,8117,384372,2621,29508,12099,239768,9874,344493,14713,584261,California
San Bernardino,2021-04-09,21864,922338,11130,497724,8153,392525,2581,32089,11899,244312,9927,354420,14471,598732,California
San Bernardino,2021-04-10,15765,938103,8154,505878,3872,396397,3739,35828,7812,247922,7930,362350,11540,610272,California
San Bernardino,2021-04-11,4459,942562,2596,508474,895,397292,968,36796,2042,248516,2411,364761,3005,613277,California
San Bernardino,2021-04-12,13501,956063,6237,514711,5596,402888,1668,38464,6388,249484,7092,371853,8060,621337,California
San Bernardino,2021-04-13,19389,975452,11056,525767,8314,411202,19,38483,11111,252383,8252,380105,11151,632488,California
San Bernardino,2021-04-14,19422,994874,10392,536159,9027,420229,3,38486,10994,255007,8396,388501,11020,643508,California
San Bernardino,2021-04-15,20399,1015273,11399,547558,8994,429223,6,38492,10831,256330,9529,398030,10852,654360,California
San Bernardino,2021-04-16,18633,1033906,10562,558120,8070,437293,1,38493,9141,256022,9451,407481,9143,663503,California
San Bernardino,2021-04-17,11944,1045850,7860,565980,4084,441377,0,38493,6249,256611,5660,413141,6249,669752,California
San Bernardino,2021-04-18,2910,1048760,1999,567979,911,442288,0,38493,1281,256275,1617,414758,1281,671033,California
San Bernardino,2021-04-19,12538,1061298,6686,574665,5852,448140,0,38493,4861,253484,7656,422414,4865,675898,California
San Bernardino,2021-04-20,17633,1078931,9820,584485,7810,455950,3,38496,8052,251983,9557,431971,8056,683954,California
San Bernardino,2021-04-21,18143,1097074,10333,594818,7807,463757,3,38499,7941,249786,10141,442112,7944,691898,California
San Bernardino,2021-04-22,19216,1116290,10979,605797,8233,471990,4,38503,7803,246232,11361,453473,7807,699705,California
San Bernardino,2021-04-23,18498,1134788,10582,616379,7915,479905,1,38504,8044,243871,10408,463881,8047,707752,California
San Bernardino,2021-04-24,12875,1147663,9503,625882,3370,483275,2,38506,6923,244862,5934,469815,6925,714677,California
San Bernardino,2021-04-25,3398,1151061,2227,628109,1171,484446,0,38506,1673,244826,1710,471525,1674,716351,California
San Bernardino,2021-04-26,11073,1162134,5977,634086,5006,489452,90,38596,4754,243388,6280,477805,4842,721193,California
San Bernardino,2021-04-27,16456,1178590,9913,643999,6336,495788,207,38803,6766,240713,9646,487451,6971,728164,California
San Bernardino,2021-04-28,14696,1193286,8722,652721,5698,501486,276,39079,5275,236859,9396,496847,5542,733706,California
San Bernardino,2021-04-29,16196,1209482,9322,662043,6604,508090,270,39349,5364,231691,10798,507645,5630,739336,California
San Bernardino,2021-04-30,16560,1226042,10450,672493,5830,513920,280,39629,6096,227636,10428,518073,6373,745709,California
San Bernardino,2021-05-01,10769,1236811,8425,680918,2029,515949,315,39944,3722,224623,7046,525119,4033,749742,California
San Bernardino,2021-05-02,2933,1239744,2119,683037,682,516631,132,40076,1045,223918,1880,526999,1175,750917,California
San Bernardino,2021-05-03,10043,1249787,5764,688801,3877,520508,402,40478,2899,220086,7132,534131,3300,754217,California
San Bernardino,2021-05-04,15684,1265471,9541,698342,5690,526198,453,40931,4560,214012,11084,545215,5010,759227,California
San Bernardino,2021-05-05,15345,1280816,8824,707166,6106,532304,415,41346,4332,207788,10966,556181,4742,763969,California
San Bernardino,2021-05-06,15791,1296607,8999,716165,6378,538682,414,41760,4307,201064,11443,567624,4719,768688,California
San Bernardino,2021-05-07,15449,1312056,8668,724833,6407,545089,374,42134,4622,195284,10771,578395,4991,773679,California
San Bernardino,2021-05-08,9214,1321270,6130,730963,2843,547932,241,42375,3155,192656,6023,584418,3395,777074,California
San Bernardino,2021-05-09,1822,1323092,1127,732090,606,548538,89,42464,733,192396,1082,585500,822,777896,California
San Bernardino,2021-05-10,7432,1330524,3419,735509,3698,552236,315,42779,2283,189885,5106,590606,2595,780491,California
San Bernardino,2021-05-11,12132,1342656,6700,742209,5082,557318,350,43129,3842,185827,8250,598856,4192,784683,California
San Bernardino,2021-05-12,12624,1355280,6867,749076,5444,562762,313,43442,3748,181055,8829,607685,4057,788740,California
San Bernardino,2021-05-13,13199,1368479,7966,757042,4887,567649,346,43788,5196,178631,7961,615646,5537,794277,California
San Bernardino,2021-05-14,13603,1382082,9039,766081,4233,571882,331,44119,5673,176755,7879,623525,6003,800280,California
San Bernardino,2021-05-15,11252,1393334,8344,774425,2720,574602,188,44307,4516,174753,6702,630227,4700,804980,California
San Bernardino,2021-05-16,2777,1396111,2045,776470,671,575273,61,44368,1309,174672,1450,631677,1369,806349,California
San Bernardino,2021-05-17,9948,1406059,6755,783225,2902,578175,291,44659,4510,174066,5405,637082,4799,811148,California
San Bernardino,2021-05-18,13374,1419433,8788,792013,4338,582513,248,44907,6023,173013,7321,644403,6268,817416,California
San Bernardino,2021-05-19,11478,1430911,7183,799196,3917,586430,378,45285,5322,172591,6119,650522,5697,823113,California
San Bernardino,2021-05-20,11514,1442425,6896,806092,4304,590734,314,45599,5173,171777,6300,656822,5486,828599,California
San Bernardino,2021-05-21,12551,1454976,8309,814401,3863,594597,379,45978,5443,170541,7055,663877,5819,834418,California
San Bernardino,2021-05-22,8837,1463813,6604,821005,2025,596622,208,46186,4228,170410,4564,668441,4433,838851,California
San Bernardino,2021-05-23,2276,1466089,1401,822406,786,597408,89,46275,1066,170364,1200,669641,1154,840005,California
San Bernardino,2021-05-24,6569,1472658,4122,826528,2150,599558,297,46572,2865,169864,3662,673303,3162,843167,California
San Bernardino,2021-05-25,9268,1481926,5684,832212,3330,602888,254,46826,4141,169165,5096,678399,4397,847564,California
San Bernardino,2021-05-26,8158,1490084,5175,837387,2737,605625,246,47072,3768,168821,4354,682753,4010,851574,California
San Bernardino,2021-05-27,7601,1497685,4620,842007,2752,608377,229,47301,3491,168470,4071,686824,3720,855294,California
San Bernardino,2021-05-28,8755,1506440,5449,847456,3037,611414,269,47570,4390,168806,4321,691145,4657,859951,California
San Bernardino,2021-05-29,5010,1511450,3339,850795,1558,612972,113,47683,2630,169186,2362,693507,2742,862693,California
San Bernardino,2021-05-30,1757,1513207,1244,852039,432,613404,81,47764,909,169333,842,694349,989,863682,California
San Bernardino,2021-05-31,889,1514096,563,852602,310,613714,16,47780,317,169098,568,694917,333,864015,California
San Bernardino,2021-06-01,8614,1522710,5566,858168,2803,616517,245,48025,3540,167864,5017,699934,3783,867798,California
San Bernardino,2021-06-02,6824,1529534,4295,862463,2285,618802,244,48269,2972,167260,3818,703752,3214,871012,California
San Bernardino,2021-06-03,7889,1537423,5337,867800,2370,621172,182,48451,2770,165117,5094,708846,2951,873963,California
San Bernardino,2021-06-04,9024,1546447,6133,873933,2598,623770,293,48744,3247,162922,5733,714579,3538,877501,California
San Bernardino,2021-06-05,6447,1552894,4942,878875,1379,625149,126,48870,2307,161236,4118,718697,2432,879933,California
San Bernardino,2021-06-06,1996,1554890,1661,880536,266,625415,69,48939,819,160955,1169,719866,888,880821,California
San Bernardino,2021-06-07,6131,1561021,4803,885339,1128,626543,200,49139,1958,158955,4156,724022,2156,882977,California
San Bernardino,2021-06-08,8162,1569183,5926,891265,2014,628557,222,49361,2640,156356,5458,729480,2859,885836,California
San Bernardino,2021-06-09,5528,1574711,3904,895169,1465,630022,159,49520,1690,154408,3796,733276,1848,887684,California
San Bernardino,2021-06-10,3774,1578485,2868,898037,782,630804,124,49644,994,152772,2753,736029,1117,888801,California
San Diego,2020-12-15,119,119,119,119,0,0,0,0,119,119,0,0,119,119,California
San Diego,2020-12-16,1104,1223,1104,1223,0,0,0,0,1104,1223,0,0,1104,1223,California
San Diego,2020-12-17,2351,3574,2351,3574,0,0,0,0,2351,3574,0,0,2351,3574,California
San Diego,2020-12-18,3674,7248,3673,7247,1,1,0,0,3674,7248,0,0,3674,7248,California
San Diego,2020-12-19,2313,9561,2313,9560,0,1,0,0,2313,9561,0,0,2313,9561,California
San Diego,2020-12-20,1187,10748,1186,10746,1,2,0,0,1187,10748,0,0,1187,10748,California
San Diego,2020-12-21,3523,14271,3521,14267,2,4,0,0,3523,14271,0,0,3523,14271,California
San Diego,2020-12-22,4062,18333,3418,17685,644,648,0,0,4062,18333,0,0,4062,18333,California
San Diego,2020-12-23,3179,21512,1977,19662,1202,1850,0,0,3179,21512,0,0,3179,21512,California
San Diego,2020-12-24,2737,24249,2219,21881,518,2368,0,0,2737,24249,0,0,2737,24249,California
San Diego,2020-12-25,876,25125,875,22756,1,2369,0,0,876,25125,0,0,876,25125,California
San Diego,2020-12-26,3289,28414,2141,24897,1148,3517,0,0,3289,28414,0,0,3289,28414,California
San Diego,2020-12-27,2511,30925,1619,26516,892,4409,0,0,2510,30923,1,1,2510,30924,California
San Diego,2020-12-28,5912,36837,4225,30741,1687,6096,0,0,5912,36835,0,1,5912,36836,California
San Diego,2020-12-29,5575,42412,3001,33742,2574,8670,0,0,5575,42410,0,1,5575,42411,California
San Diego,2020-12-30,5948,48360,3102,36844,2846,11516,0,0,5948,48358,0,1,5948,48359,California
San Diego,2020-12-31,3035,51395,1053,37897,1982,13498,0,0,3035,51393,0,1,3035,51394,California
San Diego,2021-01-01,1006,52401,452,38349,554,14052,0,0,1006,52399,0,1,1006,52400,California
San Diego,2021-01-02,3747,56148,1303,39652,2444,16496,0,0,3747,56146,0,1,3747,56147,California
San Diego,2021-01-03,858,57006,633,40285,225,16721,0,0,857,57003,0,1,857,57004,California
San Diego,2021-01-04,3707,60713,2054,42339,1653,18374,0,0,3700,60703,0,1,3700,60704,California
San Diego,2021-01-05,4381,65094,2186,44525,2195,20569,0,0,3765,63868,612,613,3777,64481,California
San Diego,2021-01-06,4945,70039,2289,46814,2656,23225,0,0,3712,66374,1210,1823,3716,68197,California
San Diego,2021-01-07,5665,75704,2985,49799,2680,25905,0,0,3503,67730,2155,3978,3511,71708,California
San Diego,2021-01-08,7863,83567,4942,54741,2921,28826,0,0,4077,68056,3769,7747,4095,75803,California
San Diego,2021-01-09,3503,87070,1943,56684,1560,30386,0,0,1952,68480,1539,9286,1963,77766,California
San Diego,2021-01-10,1881,88951,1294,57978,587,30973,0,0,777,68175,1092,10378,787,78553,California
San Diego,2021-01-11,10336,99287,5860,63838,4476,35449,0,0,6806,71477,3523,13901,6825,85378,California
San Diego,2021-01-12,11207,110494,5318,69156,5889,41338,0,0,7828,76048,3370,17271,7941,93319,California
San Diego,2021-01-13,11514,122008,5056,74212,6458,47796,0,0,8969,82508,2533,19804,8993,102312,California
San Diego,2021-01-14,12371,134379,4749,78961,7622,55418,0,0,10200,90582,2163,21967,10237,112549,California
San Diego,2021-01-15,15134,149513,5356,84317,9778,65196,0,0,12485,100493,2630,24597,12541,125090,California
San Diego,2021-01-16,10777,160290,3593,87910,7184,72380,0,0,9332,108416,1440,26037,9363,134453,California
San Diego,2021-01-17,8687,168977,2500,90410,6187,78567,0,0,7847,115443,840,26877,7867,142320,California
San Diego,2021-01-18,12885,181862,6318,96728,6567,85134,0,0,10036,122723,2817,29694,10097,152417,California
San Diego,2021-01-19,14607,196469,5675,102403,8932,94066,0,0,11493,131381,3104,32798,11762,164179,California
San Diego,2021-01-20,18331,214800,6388,108791,11943,106009,0,0,15007,143269,3304,36102,15192,179371,California
San Diego,2021-01-21,17307,232107,5782,114573,11525,117534,0,0,15920,157954,1378,37480,16063,195434,California
San Diego,2021-01-22,17583,249690,4655,119228,12928,130462,0,0,15548,171564,2021,39501,15631,211065,California
San Diego,2021-01-23,14489,264179,5275,124503,9214,139676,0,0,12129,181406,2349,41850,12191,223256,California
San Diego,2021-01-24,11868,276047,3310,127813,8558,148234,0,0,10892,191366,974,42824,10934,234190,California
San Diego,2021-01-25,12256,288303,5783,133596,6473,154707,0,0,9232,197740,3016,45840,9390,243580,California
San Diego,2021-01-26,15141,303444,7843,141439,7298,162005,0,0,11747,206283,3392,49232,11935,255515,California
San Diego,2021-01-27,20582,324026,7931,149370,12651,174656,0,0,17560,220974,3013,52245,17704,273219,California
San Diego,2021-01-28,21302,345328,7638,157008,13664,188320,0,0,19025,237821,2266,54511,19113,292332,California
San Diego,2021-01-29,19659,364987,6402,163410,13257,201577,0,0,17217,252657,2432,56943,17268,309600,California
San Diego,2021-01-30,15840,380827,3595,167005,12245,213822,0,0,13154,263235,2676,59619,13254,322854,California
San Diego,2021-01-31,14779,395606,5724,172729,9055,222877,0,0,14416,277326,359,59978,14450,337304,California
San Diego,2021-02-01,20879,416485,7582,180311,13297,236174,0,0,17321,291186,3545,63523,17405,354709,California
San Diego,2021-02-02,22911,439396,8375,188686,14536,250710,0,0,19637,307729,3265,66788,19808,374517,California
San Diego,2021-02-03,27499,466895,11597,200283,15902,266612,0,0,23183,326808,4297,71085,23376,397893,California
San Diego,2021-02-04,24183,491078,9818,210101,14365,280977,0,0,19546,342025,4620,75705,19837,417730,California
San Diego,2021-02-05,24892,515970,8848,218949,16044,297021,0,0,18193,354011,6674,82379,18660,436390,California
San Diego,2021-02-06,20767,536737,8542,227491,12225,309246,0,0,17514,368500,3250,85629,17739,454129,California
San Diego,2021-02-07,12142,548879,5377,232868,6765,316011,0,0,10256,377141,1875,87504,10516,464645,California
San Diego,2021-02-08,20120,568999,8523,241391,11597,327608,0,0,12664,383053,7445,94949,13357,478002,California
San Diego,2021-02-09,20493,589492,8322,249713,12171,339779,0,0,13181,390026,7291,102240,14264,492266,California
San Diego,2021-02-10,22968,612460,9331,259044,13637,353416,0,0,13837,396170,9077,111317,15221,507487,California
San Diego,2021-02-11,23847,636307,10183,269227,13664,367080,0,0,12756,399561,11064,122381,14455,521942,California
San Diego,2021-02-12,23825,660132,7430,276657,16395,383475,0,0,11851,401740,11957,134338,14136,536078,California
San Diego,2021-02-13,20026,680158,9019,285676,11007,394482,0,0,10890,404706,9129,143467,12095,548173,California
San Diego,2021-02-14,11185,691343,7430,293106,3755,398237,0,0,6318,407678,4863,148330,7835,556008,California
San Diego,2021-02-15,15255,706598,7741,300847,7514,405751,0,0,7807,411128,7426,155756,10876,566884,California
San Diego,2021-02-16,19300,725898,11272,312119,8028,413779,0,0,9213,413260,10075,165831,12207,579091,California
San Diego,2021-02-17,23417,749315,10999,323118,12418,426197,0,0,8112,409176,15291,181122,11207,590298,California
San Diego,2021-02-18,23577,772892,12005,335123,11572,437769,0,0,7760,405229,15806,196928,11859,602157,California
San Diego,2021-02-19,15904,788796,10911,346034,4993,442762,0,0,6613,404561,9273,206201,8605,610762,California
San Diego,2021-02-20,10263,799059,6361,352395,3902,446664,0,0,5789,407802,4471,210672,7712,618474,California
San Diego,2021-02-21,11578,810637,10163,362558,1415,448079,0,0,5179,408114,6393,217065,6705,625179,California
San Diego,2021-02-22,12456,823093,10594,373152,1862,449941,0,0,5746,408814,6704,223769,7404,632583,California
San Diego,2021-02-23,25863,848956,14483,387635,11380,461321,0,0,9605,408084,16248,240017,15518,648101,California
San Diego,2021-02-24,28944,877900,12750,400385,16194,477515,0,0,6825,400262,22099,262116,14277,662378,California
San Diego,2021-02-25,33188,911088,14705,415090,18483,495998,0,0,10094,395706,23074,285190,18518,680896,California
San Diego,2021-02-26,33485,944573,12402,427492,21083,517081,0,0,12095,393573,21360,306550,19227,700123,California
San Diego,2021-02-27,21241,965814,9681,437173,11560,528641,0,0,11429,399480,9806,316356,15713,715836,California
San Diego,2021-02-28,15281,981095,9985,447158,5296,533937,0,0,9508,406013,5772,322128,12305,728141,California
San Diego,2021-03-01,24251,1005346,14314,461472,9935,543872,2,2,14712,415145,9461,331589,18593,746734,California
San Diego,2021-03-02,26169,1031515,14085,475557,12084,555956,0,2,12736,421169,13422,345011,19446,766180,California
San Diego,2021-03-03,34031,1065546,15953,491510,18075,574031,3,5,14060,422211,19951,364962,20993,787173,California
San Diego,2021-03-04,28310,1093856,14106,505616,14204,588235,0,5,12592,425883,15696,380658,19368,806541,California
San Diego,2021-03-05,29007,1122863,14912,520528,14013,602248,82,87,13499,430722,15483,396141,20322,826863,California
San Diego,2021-03-06,23429,1146292,9584,530112,13144,615392,701,788,10328,433361,13090,409231,15729,842592,California
San Diego,2021-03-07,18237,1164529,9328,539440,8338,623730,571,1359,6910,433196,11319,420550,11154,853746,California
San Diego,2021-03-08,23109,1187638,11232,550672,10968,634698,909,2268,11441,438792,11647,432197,17243,870989,California
San Diego,2021-03-09,25888,1213526,11972,562644,12157,646855,1759,4027,10106,438831,15767,447964,15806,886795,California
San Diego,2021-03-10,25526,1239052,10781,573425,12347,659202,2398,6425,10077,439965,15434,463398,16568,903363,California
San Diego,2021-03-11,28632,1267684,11003,584428,14031,673233,3598,10023,9944,438822,18665,482063,17522,920885,California
San Diego,2021-03-12,27314,1294998,9562,593990,14612,687845,3140,13163,10010,438391,17291,499354,16860,937745,California
San Diego,2021-03-13,26222,1321220,7283,601273,17147,704992,1792,14955,10117,438382,16099,515453,16090,953835,California
San Diego,2021-03-14,13879,1335099,5497,606770,7642,712634,740,15695,4799,437191,9072,524525,7881,961716,California
San Diego,2021-03-15,22033,1357132,10169,616939,11082,723716,782,16477,9010,437086,13009,537534,12904,974620,California
San Diego,2021-03-16,30002,1387134,15788,632727,13803,737519,411,16888,15720,442029,14258,551792,19201,993821,California
San Diego,2021-03-17,26334,1413468,12242,644969,13372,750891,720,17608,16769,452029,9549,561341,19549,1013370,California
San Diego,2021-03-18,31522,1444990,17810,662779,12792,763683,920,18528,17008,457015,14480,575821,19466,1032836,California
San Diego,2021-03-19,30367,1475357,14408,677187,14915,778598,1044,19572,19399,467718,10947,586768,21650,1054486,California
San Diego,2021-03-20,27907,1503264,8459,685646,17644,796242,1804,21376,21432,485600,6464,593232,24346,1078832,California
San Diego,2021-03-21,16578,1519842,12102,697748,3759,800001,717,22093,7698,486482,8866,602098,9748,1088580,California
San Diego,2021-03-22,22550,1542392,13152,710900,9120,809121,278,22371,14325,495640,8214,610312,17372,1105952,California
San Diego,2021-03-23,25999,1568391,13634,724534,12084,821205,281,22652,17107,506196,8877,619189,19433,1125385,California
San Diego,2021-03-24,29584,1597975,19776,744310,9423,830628,385,23037,17086,513248,12485,631674,19537,1144922,California
San Diego,2021-03-25,30406,1628381,18320,762630,11400,842028,686,23723,17989,521651,12401,644075,20804,1165726,California
San Diego,2021-03-26,32169,1660550,17947,780577,13649,855677,573,24296,17495,527908,14649,658724,20906,1186632,California
San Diego,2021-03-27,25518,1686068,11047,791624,14077,869754,394,24690,15689,536434,9813,668537,18339,1204971,California
San Diego,2021-03-28,15087,1701155,9242,800866,5788,875542,57,24747,9259,541407,5821,674358,10794,1215765,California
San Diego,2021-03-29,26748,1727903,12931,813797,13184,888726,633,25380,16445,550648,10292,684650,19533,1235298,California
San Diego,2021-03-30,33252,1761155,17904,831701,14558,903284,790,26170,22015,564057,11224,695874,24633,1259931,California
San Diego,2021-03-31,30489,1791644,18807,850508,10976,914260,706,26876,20636,576668,9837,705711,22448,1282379,California
San Diego,2021-04-01,34359,1826003,20066,870574,12791,927051,1502,28378,23241,591638,11098,716809,26068,1308447,California
San Diego,2021-04-02,35815,1861818,20681,891255,12326,939377,2808,31186,24113,608311,11684,728493,28357,1336804,California
San Diego,2021-04-03,30889,1892707,14472,905727,11801,951178,4616,35802,19728,622709,11148,739641,25546,1362350,California
San Diego,2021-04-04,9062,1901769,5208,910935,2926,954104,928,36730,4815,624394,4242,743883,5927,1368277,California
San Diego,2021-04-05,29771,1931540,15408,926343,11709,965813,2654,39384,19384,638557,10372,754255,24535,1392812,California
San Diego,2021-04-06,38761,1970301,20392,946735,12451,978264,5918,45302,22324,652495,16420,770675,30358,1423170,California
San Diego,2021-04-07,35865,2006166,21995,968730,9292,987556,4578,49880,20316,663079,15527,786202,26111,1449281,California
San Diego,2021-04-08,35265,2041431,21379,990109,9714,997270,4172,54052,21296,677185,13952,800154,28058,1477339,California
San Diego,2021-04-09,38448,2079879,22937,1013046,10294,1007564,5217,59269,20785,688908,17599,817753,29322,1506661,California
San Diego,2021-04-10,29200,2109079,11787,1024833,13403,1020967,4010,63279,15091,696942,14100,831853,22134,1528795,California
San Diego,2021-04-11,16262,2125341,10078,1034911,3871,1024838,2313,65592,7234,700476,9024,840877,12558,1541353,California
San Diego,2021-04-12,30864,2156205,12868,1047779,13666,1038504,4330,69922,17162,711963,13688,854565,25175,1566528,California
San Diego,2021-04-13,37239,2193444,17800,1065579,19403,1057907,36,69958,24773,727170,12444,867009,27651,1594179,California
San Diego,2021-04-14,33096,2226540,18932,1084511,14151,1072058,13,69971,17880,734233,15206,882215,22269,1616448,California
San Diego,2021-04-15,39589,2266129,20393,1104904,19192,1091250,4,69975,24115,745763,15455,897670,26985,1643433,California
San Diego,2021-04-16,33851,2299980,18591,1123495,15257,1106507,3,69978,19608,753592,14183,911853,22012,1665445,California
San Diego,2021-04-17,27910,2327890,13542,1137037,14368,1120875,0,69978,12350,753545,15467,927320,15420,1680865,California
San Diego,2021-04-18,14491,2342381,8906,1145943,5582,1126457,3,69981,6744,755521,7733,935053,9709,1690574,California
San Diego,2021-04-19,26606,2368987,13579,1159522,13026,1139483,1,69982,12511,755720,14077,949130,14276,1704850,California
San Diego,2021-04-20,39102,2408089,17828,1177350,21272,1160755,2,69984,19925,759473,19158,968288,22911,1727761,California
San Diego,2021-04-21,35068,2443157,20943,1198293,14125,1174880,0,69984,16965,761401,18067,986355,19995,1747756,California
San Diego,2021-04-22,44694,2487851,22962,1221255,21728,1196608,4,69988,22418,764621,22241,1008596,25461,1773217,California
San Diego,2021-04-23,42292,2530143,26040,1247295,16250,1212858,2,69990,15766,757074,26494,1035090,18947,1792164,California
San Diego,2021-04-24,34973,2565116,18872,1266167,16086,1228944,15,70005,15605,756542,19330,1054420,18798,1810962,California
San Diego,2021-04-25,12655,2577771,7714,1273881,4941,1233885,0,70005,5917,757102,6729,1061149,7289,1818251,California
San Diego,2021-04-26,33250,2611021,16659,1290540,16460,1250345,131,70136,11644,751810,21589,1082738,16297,1834548,California
San Diego,2021-04-27,44127,2655148,24282,1314822,19338,1269683,507,70643,19436,750230,24654,1107392,23074,1857622,California
San Diego,2021-04-28,38353,2693501,22638,1337460,15041,1284724,674,71317,17358,749540,20961,1128353,20271,1877893,California
San Diego,2021-04-29,38149,2731650,24293,1361753,13203,1297927,653,71970,15429,744654,22682,1151035,17796,1895689,California
San Diego,2021-04-30,38175,2769825,23150,1384903,13971,1311898,1054,73024,14950,739295,23189,1174224,17830,1913519,California
San Diego,2021-05-01,24374,2794199,10741,1395644,12989,1324887,644,73668,9580,736882,14785,1189009,12372,1925891,California
San Diego,2021-05-02,10727,2804926,7538,1403182,2603,1327490,586,74254,3282,733645,7441,1196450,4204,1930095,California
San Diego,2021-05-03,25337,2830263,12474,1415656,11705,1339195,1158,75412,9357,728998,15961,1212411,11314,1941409,California
San Diego,2021-05-04,31986,2862249,17650,1433306,13006,1352201,1330,76742,11541,722562,20419,1232830,13983,1955392,California
San Diego,2021-05-05,27747,2889996,17041,1450347,9417,1361618,1289,78031,10603,718289,17123,1249953,12850,1968242,California
San Diego,2021-05-06,28462,2918458,18835,1469182,8713,1370331,914,78945,10835,714925,17601,1267554,14237,1982479,California
San Diego,2021-05-07,29729,2948187,19539,1488721,9139,1379470,1051,79996,11063,709616,18630,1286184,13321,1995800,California
San Diego,2021-05-08,22797,2970984,10761,1499482,11317,1390787,719,80715,7283,703553,15492,1301676,9429,2005229,California
San Diego,2021-05-09,7559,2978543,5684,1505166,1467,1392254,408,81123,2663,702162,4890,1306566,3499,2008728,California
San Diego,2021-05-10,21664,3000207,8451,1513617,12399,1404653,814,81937,5924,694456,15714,1322280,8008,2016736,California
San Diego,2021-05-11,27850,3028057,11371,1524988,15698,1420351,781,82718,9713,688505,18116,1340396,12165,2028901,California
San Diego,2021-05-12,22747,3050804,12273,1537261,9614,1429965,860,83578,8394,684575,14328,1354724,10398,2039299,California
San Diego,2021-05-13,30461,3081265,18341,1555602,11503,1441468,617,84195,12672,682734,17736,1372460,15895,2055194,California
San Diego,2021-05-14,30812,3112077,19724,1575326,10241,1451709,847,85042,14063,683017,16714,1389174,16997,2072191,California
San Diego,2021-05-15,26274,3138351,16503,1591829,8939,1460648,832,85874,10937,680433,15287,1404461,12703,2084894,California
San Diego,2021-05-16,12974,3151325,9702,1601531,2699,1463347,573,86447,6474,681366,6489,1410950,7422,2092316,California
San Diego,2021-05-17,21477,3172802,13049,1614580,7670,1471017,758,87205,9033,679614,12409,1423359,10657,2102973,California
San Diego,2021-05-18,34271,3207073,19390,1633970,14005,1485022,876,88081,13553,674802,20686,1444045,15874,2118847,California
San Diego,2021-05-19,28536,3235609,17945,1651915,9780,1494802,811,88892,12224,672673,16284,1460329,14155,2133002,California
San Diego,2021-05-20,34799,3270408,19265,1671180,14705,1509507,829,89721,11826,664134,22944,1483273,14405,2147407,California
San Diego,2021-05-21,26848,3297256,17189,1688369,8680,1518187,979,90700,10911,661557,15904,1499177,13327,2160734,California
San Diego,2021-05-22,20911,3318167,12021,1700390,7741,1525928,1149,91849,8531,660223,12360,1511537,11026,2171760,California
San Diego,2021-05-23,7224,3325391,5136,1705526,1769,1527697,319,92168,3482,660816,3720,1515257,4313,2176073,California
San Diego,2021-05-24,17692,3343083,9014,1714540,6776,1534473,1902,94070,6384,658655,11290,1526547,9129,2185202,California
San Diego,2021-05-25,24251,3367334,13270,1727810,9152,1543625,1829,95899,8672,654744,15551,1542098,11640,2196842,California
San Diego,2021-05-26,19218,3386552,10672,1738482,6531,1550156,2015,97914,6699,651987,12488,1554586,9731,2206573,California
San Diego,2021-05-27,20645,3407197,12067,1750549,6182,1556338,2396,100310,7058,649120,13571,1568157,10704,2217277,California
San Diego,2021-05-28,21210,3428407,13300,1763849,7189,1563527,721,101031,8456,646873,12740,1580897,10493,2227770,California
San Diego,2021-05-29,12007,3440414,7652,1771501,3862,1567389,493,101524,5261,646501,6733,1587630,6361,2234131,California
San Diego,2021-05-30,4723,3445137,3229,1774730,1108,1568497,386,101910,2084,646621,2635,1590265,2755,2236886,California
San Diego,2021-05-31,2611,3447748,1765,1776495,674,1569171,172,102082,883,646099,1724,1591989,1202,2238088,California
San Diego,2021-06-01,21372,3469120,11438,1787933,8298,1577469,1636,103718,6189,639830,15161,1607150,8892,2246980,California
San Diego,2021-06-02,17088,3486208,8839,1796772,6172,1583641,2077,105795,5711,637118,11355,1618505,8643,2255623,California
San Diego,2021-06-03,19202,3505410,12020,1808792,5380,1589021,1802,107597,5523,631957,13659,1632164,8498,2264121,California
San Diego,2021-06-04,19814,3525224,13878,1822670,5328,1594349,608,108205,6008,626840,13778,1645942,8661,2272782,California
San Diego,2021-06-05,15851,3541075,12074,1834744,2989,1597338,788,108993,4589,622078,11246,1657188,6484,2279266,California
San Diego,2021-06-06,5500,3546575,4475,1839219,711,1598049,314,109307,1900,621617,3593,1660781,3132,2282398,California
San Diego,2021-06-07,12682,3559257,7989,1847208,3346,1601395,1347,110654,3556,618299,9111,1669892,5793,2288191,California
San Diego,2021-06-08,20357,3579614,14398,1861606,4066,1605461,1893,112547,5155,611424,15192,1685084,8317,2296508,California
San Diego,2021-06-09,13079,3592693,8313,1869919,2934,1608395,1832,114379,3138,607144,9931,1695015,5651,2302159,California
San Diego,2021-06-10,9033,3601726,6070,1875989,1154,1609549,1809,116188,1871,604359,7155,1702170,4370,2306529,California
San Francisco,2020-12-15,8,8,8,8,0,0,0,0,8,8,0,0,8,8,California
San Francisco,2020-12-16,231,239,231,239,0,0,0,0,231,239,0,0,231,239,California
San Francisco,2020-12-17,417,656,417,656,0,0,0,0,417,656,0,0,417,656,California
San Francisco,2020-12-18,907,1563,906,1562,1,1,0,0,907,1563,0,0,907,1563,California
San Francisco,2020-12-19,607,2170,607,2169,0,1,0,0,607,2170,0,0,607,2170,California
San Francisco,2020-12-20,483,2653,483,2652,0,1,0,0,483,2653,0,0,483,2653,California
San Francisco,2020-12-21,1163,3816,1163,3815,0,1,0,0,1163,3816,0,0,1163,3816,California
San Francisco,2020-12-22,1403,5219,1369,5184,34,35,0,0,1403,5219,0,0,1403,5219,California
San Francisco,2020-12-23,1359,6578,1062,6246,297,332,0,0,1359,6578,0,0,1359,6578,California
San Francisco,2020-12-24,847,7425,506,6752,341,673,0,0,847,7425,0,0,847,7425,California
San Francisco,2020-12-25,34,7459,28,6780,6,679,0,0,34,7459,0,0,34,7459,California
San Francisco,2020-12-26,249,7708,154,6934,95,774,0,0,249,7708,0,0,249,7708,California
San Francisco,2020-12-27,275,7983,61,6995,214,988,0,0,275,7983,0,0,275,7983,California
San Francisco,2020-12-28,1281,9264,692,7687,589,1577,0,0,1281,9264,0,0,1281,9264,California
San Francisco,2020-12-29,1260,10524,630,8317,630,2207,0,0,1260,10524,0,0,1260,10524,California
San Francisco,2020-12-30,1494,12018,783,9100,711,2918,0,0,1494,12018,0,0,1494,12018,California
San Francisco,2020-12-31,976,12994,414,9514,562,3480,0,0,975,12993,0,0,975,12993,California
San Francisco,2021-01-01,102,13096,75,9589,27,3507,0,0,102,13095,0,0,102,13095,California
San Francisco,2021-01-02,341,13437,307,9896,34,3541,0,0,341,13436,0,0,341,13436,California
San Francisco,2021-01-03,300,13737,106,10002,194,3735,0,0,299,13734,1,1,299,13735,California
San Francisco,2021-01-04,1852,15589,1366,11368,486,4221,0,0,1846,15574,6,7,1846,15581,California
San Francisco,2021-01-05,2238,17827,1423,12791,815,5036,0,0,2199,17736,39,46,2201,17782,California
San Francisco,2021-01-06,1875,19702,1162,13953,713,5749,0,0,1606,19076,267,313,1607,19389,California
San Francisco,2021-01-07,2075,21777,1208,15161,867,6616,0,0,1602,20208,470,783,1602,20991,California
San Francisco,2021-01-08,2345,24122,1648,16809,697,7313,0,0,1480,20829,860,1643,1481,22472,California
San Francisco,2021-01-09,1401,25523,902,17711,499,7812,0,0,893,21216,508,2151,895,23367,California
San Francisco,2021-01-10,922,26445,542,18253,380,8192,0,0,463,21221,458,2609,463,23830,California
San Francisco,2021-01-11,2516,28961,1877,20130,639,8831,0,0,1410,21524,1107,3716,1410,25240,California
San Francisco,2021-01-12,3095,32056,2059,22189,1036,9867,0,0,1897,22227,1198,4914,1901,27141,California
San Francisco,2021-01-13,2837,34893,1611,23800,1226,11093,0,0,1996,23384,841,5755,1998,29139,California
San Francisco,2021-01-14,2444,37337,1102,24902,1342,12435,0,0,1884,24708,560,6315,1884,31023,California
San Francisco,2021-01-15,2754,40091,1149,26051,1605,14040,0,0,2363,26684,389,6704,2365,33388,California
San Francisco,2021-01-16,2270,42361,975,27026,1295,15335,0,0,2101,28617,169,6873,2102,35490,California
San Francisco,2021-01-17,1941,44302,535,27561,1406,16741,0,0,1723,30122,218,7091,1723,37213,California
San Francisco,2021-01-18,1383,45685,598,28159,785,17526,0,0,1116,30973,266,7357,1117,38330,California
San Francisco,2021-01-19,2593,48278,1480,29639,1113,18639,0,0,1838,32056,755,8112,1838,40168,California
San Francisco,2021-01-20,2781,51059,1136,30775,1645,20284,0,0,2020,33322,758,8870,2024,42192,California
San Francisco,2021-01-21,3340,54399,946,31721,2394,22678,0,0,2504,34991,835,9705,2504,44696,California
San Francisco,2021-01-22,3220,57619,650,32371,2570,25248,0,0,2774,37323,444,10149,2776,47472,California
San Francisco,2021-01-23,3095,60714,611,32982,2484,27732,0,0,2724,39678,370,10519,2725,50197,California
San Francisco,2021-01-24,2436,63150,366,33348,2070,29802,0,0,2203,41651,230,10749,2203,52400,California
San Francisco,2021-01-25,4653,67803,1837,35185,2816,32618,0,0,3060,43122,1591,12340,3062,55462,California
San Francisco,2021-01-26,4743,72546,2188,37373,2555,35173,0,0,3096,44580,1644,13984,3102,58564,California
San Francisco,2021-01-27,4410,76956,2019,39392,2391,37564,0,0,3101,46378,1307,15291,3105,61669,California
San Francisco,2021-01-28,3798,80754,1570,40962,2228,39792,0,0,2633,47854,1160,16451,2636,64305,California
San Francisco,2021-01-29,4749,85503,1690,42652,3059,42851,0,0,3466,50044,1277,17728,3467,67772,California
San Francisco,2021-01-30,3802,89305,1850,44502,1952,44803,0,0,3341,52930,460,18188,3346,71118,California
San Francisco,2021-01-31,2363,91668,827,45329,1536,46339,0,0,2210,54989,152,18340,2211,73329,California
San Francisco,2021-02-01,3985,95653,1706,47035,2279,48618,0,0,2911,56827,1074,19414,2912,76241,California
San Francisco,2021-02-02,4521,100174,1808,48843,2713,51331,0,0,2923,58157,1593,21007,2923,79164,California
San Francisco,2021-02-03,5074,105248,2378,51221,2696,54027,0,0,3758,60602,1314,22321,3759,82923,California
San Francisco,2021-02-04,5035,110283,2429,53650,2606,56633,0,0,3865,63299,1168,23489,3865,86788,California
San Francisco,2021-02-05,5997,116280,3241,56891,2756,59389,0,0,4644,66593,1351,24840,4645,91433,California
San Francisco,2021-02-06,5527,121807,3705,60596,1822,61211,0,0,4621,70313,903,25743,4623,96056,California
San Francisco,2021-02-07,4394,126201,3245,63841,1149,62360,0,0,3815,73555,576,26319,3818,99874,California
San Francisco,2021-02-08,6814,133015,4701,68542,2113,64473,0,0,5582,77923,1216,27535,5584,105458,California
San Francisco,2021-02-09,5984,138999,4035,72577,1949,66422,0,0,4428,80789,1563,29098,4429,109887,California
San Francisco,2021-02-10,6925,145924,4220,76797,2705,69127,0,0,5118,84108,1802,30900,5121,115008,California
San Francisco,2021-02-11,6765,152689,4023,80820,2742,71869,0,0,4937,87224,1823,32723,4939,119947,California
San Francisco,2021-02-12,5357,158046,2697,83517,2660,74529,0,0,3509,88884,1849,34572,3509,123456,California
San Francisco,2021-02-13,4400,162446,2578,86095,1822,76351,0,0,3063,90612,1337,35909,3065,126521,California
San Francisco,2021-02-14,3441,165887,2262,88357,1179,77530,0,0,2309,91792,1131,37040,2311,128832,California
San Francisco,2021-02-15,2776,168663,1507,89864,1269,78799,0,0,1673,92364,1101,38141,1673,130505,California
San Francisco,2021-02-16,5119,173782,2823,92687,2296,81095,0,0,2994,93246,2118,40259,3000,133505,California
San Francisco,2021-02-17,5346,179128,2615,95302,2731,83826,0,0,2957,93832,2372,42631,2958,136463,California
San Francisco,2021-02-18,5388,184516,2629,97931,2759,86585,0,0,2801,94051,2585,45216,2804,139267,California
San Francisco,2021-02-19,5678,190194,2659,100590,3019,89604,0,0,2942,94263,2731,47947,2943,142210,California
San Francisco,2021-02-20,4554,194748,2191,102781,2363,91967,0,0,1708,93135,2837,50784,1709,143919,California
San Francisco,2021-02-21,2897,197645,1526,104307,1371,93338,0,0,1284,92816,1604,52388,1285,145204,California
San Francisco,2021-02-22,5195,202840,3240,107547,1955,95293,0,0,2617,92868,2568,54956,2620,147824,California
San Francisco,2021-02-23,5613,208453,3199,110746,2414,97707,0,0,2868,92998,2738,57694,2868,150692,California
San Francisco,2021-02-24,9135,217588,5170,115916,3965,101672,0,0,4879,93634,4244,61938,4880,155572,California
San Francisco,2021-02-25,10045,227633,7023,122939,3022,104694,0,0,6453,96500,3589,65527,6455,162027,California
San Francisco,2021-02-26,12387,240020,8050,130989,4337,109031,0,0,7315,98746,5070,70597,7316,169343,California
San Francisco,2021-02-27,9420,249440,6068,137057,3351,112382,1,1,4686,98713,4721,75318,4688,174031,California
San Francisco,2021-02-28,7943,257383,5688,142745,2255,114637,0,1,3870,98514,4070,79388,3871,177902,California
San Francisco,2021-03-01,11446,268829,7733,150478,3708,118345,5,6,5561,98224,5858,85246,5568,183470,California
San Francisco,2021-03-02,10033,278862,6772,157250,3261,121606,0,6,5667,99537,4355,89601,5668,189138,California
San Francisco,2021-03-03,11330,290192,6594,163844,4735,126341,1,7,6164,100553,5152,94753,6168,195306,California
San Francisco,2021-03-04,8830,299022,5554,169398,3276,129617,0,7,4975,101683,3845,98598,4975,200281,California
San Francisco,2021-03-05,9249,308271,5683,175081,3562,133179,4,11,5782,104017,3453,102051,5787,206068,California
San Francisco,2021-03-06,7153,315424,4689,179770,2255,135434,209,220,4463,105983,2703,104754,4669,210737,California
San Francisco,2021-03-07,5421,320845,4236,184006,1126,136560,59,279,3116,106840,2318,107072,3175,213912,California
San Francisco,2021-03-08,7554,328399,5484,189490,1881,138441,189,468,5973,111389,1612,108684,6161,220073,California
San Francisco,2021-03-09,8356,336755,5537,195027,2442,140883,377,845,6098,115597,2262,110946,6470,226543,California
San Francisco,2021-03-10,11257,348012,6624,201651,4134,145017,499,1344,7059,118980,4175,115121,7558,234101,California
San Francisco,2021-03-11,10128,358140,6388,208039,2773,147790,967,2311,6649,123126,3462,118583,7608,241709,California
San Francisco,2021-03-12,10895,369035,6369,214408,3181,150971,1345,3656,6070,125734,4802,123385,7410,249119,California
San Francisco,2021-03-13,6721,375756,3945,218353,1714,152685,1062,4718,4183,128448,2529,125914,5243,254362,California
San Francisco,2021-03-14,7589,383345,4936,223289,2408,155093,245,4963,3986,129093,3585,129499,4230,258592,California
San Francisco,2021-03-15,12133,395478,9287,232576,1901,156994,945,5908,8405,134718,3712,133211,9337,267929,California
San Francisco,2021-03-16,12246,407724,8354,240930,3432,160426,460,6368,8818,140590,3405,136616,9277,277206,California
San Francisco,2021-03-17,13379,421103,8294,249224,4518,164944,567,6935,9623,147049,3726,140342,10185,287391,California
San Francisco,2021-03-18,10116,431219,6872,256096,2621,167565,623,7558,5724,149021,4368,144710,6340,293731,California
San Francisco,2021-03-19,12423,443642,9074,265170,2878,170443,471,8029,6456,149999,5941,150651,6919,300650,California
San Francisco,2021-03-20,8920,452562,6564,271734,1888,172331,468,8497,5183,151947,3705,154356,5653,306303,California
San Francisco,2021-03-21,6625,459187,6069,277803,418,172749,138,8635,3732,152940,2875,157231,3868,310171,California
San Francisco,2021-03-22,9880,469067,6861,284664,2178,174927,841,9476,5075,154068,4780,162011,5908,316079,California
San Francisco,2021-03-23,11295,480362,7489,292153,3154,178081,652,10128,6261,155972,5004,167015,6908,322987,California
San Francisco,2021-03-24,12413,492775,9514,301667,2363,180444,536,10664,6191,156512,6179,173194,6719,329706,California
San Francisco,2021-03-25,11991,504766,8762,310429,2662,183106,567,11231,5822,156800,6097,179291,6385,336091,California
San Francisco,2021-03-26,12048,516814,8361,318790,3454,186560,233,11464,5838,156692,6175,185466,6067,342158,California
San Francisco,2021-03-27,8813,525627,5913,324703,2550,189110,350,11814,3764,155777,5028,190494,4113,346271,California
San Francisco,2021-03-28,6698,532325,5349,330052,1307,190417,42,11856,3003,155150,3669,194163,3042,349313,California
San Francisco,2021-03-29,11627,543952,8009,338061,3434,193851,184,12040,4806,153347,6791,200954,4988,354301,California
San Francisco,2021-03-30,11684,555636,7328,345389,4066,197917,290,12330,5514,153007,6145,207099,5805,360106,California
San Francisco,2021-03-31,12318,567954,8203,353592,3816,201733,299,12629,4962,150941,7321,214420,5255,365361,California
San Francisco,2021-04-01,14013,581967,7443,361035,4871,206604,1699,14328,6016,150682,7957,222377,7698,373059,California
San Francisco,2021-04-02,14883,596850,6575,367610,6419,213023,1889,16217,6957,151613,7902,230279,8833,381892,California
San Francisco,2021-04-03,10610,607460,4926,372536,3857,216880,1827,18044,4863,152570,5728,236007,6685,388577,California
San Francisco,2021-04-04,9052,616512,4801,377337,2594,219474,1657,19701,3572,152330,5465,241472,5225,393802,California
San Francisco,2021-04-05,16085,632597,9850,387187,4345,223819,1890,21591,6264,150685,9791,251263,8146,401948,California
San Francisco,2021-04-06,16119,648716,9548,396735,4503,228322,2068,23659,6263,149181,9828,261091,8324,410272,California
San Francisco,2021-04-07,16883,665599,10046,406781,4602,232924,2235,25894,7001,148544,9856,270947,9219,419491,California
San Francisco,2021-04-08,14228,679827,6756,413537,3036,235960,4436,30330,4629,148017,9564,280511,9037,428528,California
San Francisco,2021-04-09,15867,695694,7664,421201,4836,240796,3367,33697,6602,148736,9232,289743,9951,438479,California
San Francisco,2021-04-10,13349,709043,5708,426909,5880,246676,1761,35458,7112,151386,6210,295953,8860,447339,California
San Francisco,2021-04-11,10052,719095,7532,434441,1346,248022,1174,36632,5203,152924,4835,300788,6373,453712,California
San Francisco,2021-04-12,10632,729727,6904,441345,2575,250597,1153,37785,4870,153206,5739,306527,6021,459733,California
San Francisco,2021-04-13,10849,740576,7353,448698,3484,254081,12,37797,5480,153365,5343,311870,5502,465235,California
San Francisco,2021-04-14,13347,753923,8041,456739,5305,259386,1,37798,6422,152911,6886,318756,6432,471667,California
San Francisco,2021-04-15,13832,767755,9584,466323,4247,263633,1,37799,8155,155428,5646,324402,8163,479830,California
San Francisco,2021-04-16,12958,780713,8711,475034,4203,267836,44,37843,7641,157832,5288,329690,7692,487522,California
San Francisco,2021-04-17,10113,790826,7314,482348,2798,270634,1,37844,7122,161986,2973,332663,7127,494649,California
San Francisco,2021-04-18,6611,797437,5051,487399,1558,272192,2,37846,4089,163575,2504,335167,4093,498742,California
San Francisco,2021-04-19,10887,808324,8181,495580,2701,274893,5,37851,6995,166710,3875,339042,7010,505752,California
San Francisco,2021-04-20,12342,820666,7222,502802,5118,280011,2,37853,8511,171420,3804,342846,8514,514266,California
San Francisco,2021-04-21,10594,831260,7568,510370,3021,283032,5,37858,6456,173773,4112,346958,6465,520731,California
San Francisco,2021-04-22,10470,841730,7741,518111,2728,285760,1,37859,6044,175425,4400,351358,6052,526783,California
San Francisco,2021-04-23,10356,852086,5933,524044,4423,290183,0,37859,6150,177406,4176,355534,6157,532940,California
San Francisco,2021-04-24,7963,860049,5481,529525,2482,292665,0,37859,4705,178883,3236,358770,4713,537653,California
San Francisco,2021-04-25,5047,865096,4342,533867,699,293364,6,37865,2952,179762,2083,360853,2962,540615,California
San Francisco,2021-04-26,8196,873292,5795,539662,2389,295753,12,37877,4073,179763,4096,364949,4097,544712,California
San Francisco,2021-04-27,8699,881991,5844,545506,2681,298434,174,38051,4335,179943,4339,369288,4519,549231,California
San Francisco,2021-04-28,9492,891483,6568,552074,2733,301167,191,38242,4973,180624,4487,373775,5168,554399,California
San Francisco,2021-04-29,9362,900845,5438,557512,3731,304898,193,38435,4597,180686,4740,378515,4802,559201,California
San Francisco,2021-04-30,10883,911728,5191,562703,5491,310389,201,38636,3978,178007,6863,385378,4184,563385,California
San Francisco,2021-05-01,6954,918682,3596,566299,3242,313631,116,38752,1708,174620,5211,390589,1824,565209,California
San Francisco,2021-05-02,5317,923999,3084,569383,2135,315766,98,38850,965,171344,4343,394932,1067,566276,California
San Francisco,2021-05-03,9678,933677,6591,575974,2925,318691,162,39012,2456,166776,7193,402125,2625,568901,California
San Francisco,2021-05-04,9364,943041,5998,581972,3116,321807,250,39262,2284,162268,7047,409172,2539,571440,California
San Francisco,2021-05-05,8776,951817,6131,588103,2336,324143,309,39571,2146,158141,6585,415757,2458,573898,California
San Francisco,2021-05-06,10731,962548,8574,596677,1684,325827,473,40044,1852,151622,8845,424602,2326,576224,California
San Francisco,2021-05-07,10112,972660,6475,603152,3366,329193,271,40315,1640,145087,8445,433047,1910,578134,California
San Francisco,2021-05-08,8368,981028,3557,606709,4681,333874,130,40445,974,138829,7363,440410,1105,579239,California
San Francisco,2021-05-09,6686,987714,5827,612536,777,334651,82,40527,1216,134674,5447,445857,1292,580531,California
San Francisco,2021-05-10,6982,994696,4943,617479,1788,336439,251,40778,1047,130063,5907,451764,1296,581827,California
San Francisco,2021-05-11,7374,1002070,5298,622777,1858,338297,218,40996,1442,125826,5898,457662,1661,583488,California
San Francisco,2021-05-12,8079,1010149,5894,628671,1731,340028,454,41450,1843,121912,6205,463867,2291,585779,California
San Francisco,2021-05-13,11069,1021218,8122,636793,2722,342750,225,41675,4198,119497,6843,470710,4428,590207,California
San Francisco,2021-05-14,9293,1030511,6585,643378,2536,345286,172,41847,3008,116431,6255,476965,3189,593396,California
San Francisco,2021-05-15,7901,1038412,6256,649634,1589,346875,56,41903,3113,114840,4772,481737,3181,596577,California
San Francisco,2021-05-16,4959,1043371,4179,653813,722,347597,58,41961,1836,113631,3104,484841,1895,598472,California
San Francisco,2021-05-17,7235,1050606,5387,659200,1682,349279,166,42127,2473,111531,4742,489583,2642,601114,California
San Francisco,2021-05-18,8679,1059285,4971,664171,3533,352812,175,42302,1957,106989,6676,496259,2134,603248,California
San Francisco,2021-05-19,7451,1066736,5532,669703,1687,354499,232,42534,2435,104666,4987,501246,2664,605912,California
San Francisco,2021-05-20,5952,1072688,4011,673714,1691,356190,250,42784,1653,102303,4263,505509,1900,607812,California
San Francisco,2021-05-21,7184,1079872,4064,677778,2933,359123,187,42971,1829,99005,5308,510817,2010,609822,California
San Francisco,2021-05-22,4777,1084649,3617,681395,1074,360197,86,43057,2177,98689,2578,513395,2262,612084,California
San Francisco,2021-05-23,1836,1086485,1397,682792,365,360562,74,43131,843,98620,986,514381,917,613001,California
San Francisco,2021-05-24,4034,1090519,2853,685645,1018,361580,163,43294,1199,97173,2810,517191,1363,614364,California
San Francisco,2021-05-25,3681,1094200,2399,688044,1061,362641,221,43515,1098,95923,2565,519756,1315,615679,California
San Francisco,2021-05-26,3915,1098115,2534,690578,1235,363876,146,43661,1136,94450,2755,522511,1282,616961,California
San Francisco,2021-05-27,3697,1101812,2136,692714,1384,365260,177,43838,1199,93339,2487,524998,1376,618337,California
San Francisco,2021-05-28,3764,1105576,2152,694866,1451,366711,161,43999,1348,92456,2391,527389,1508,619845,California
San Francisco,2021-05-29,2022,1107598,1466,696332,456,367167,100,44099,881,92310,1121,528510,975,620820,California
San Francisco,2021-05-30,963,1108561,693,697025,233,367400,37,44136,400,92188,559,529069,437,621257,California
San Francisco,2021-05-31,255,1108816,208,697233,40,367440,7,44143,86,92113,168,529237,93,621350,California
San Francisco,2021-06-01,3563,1112379,2154,699387,1222,368662,187,44330,1251,91252,2296,531533,1435,622785,California
San Francisco,2021-06-02,2427,1114806,1751,701138,552,369214,124,44454,891,90737,1524,533057,1009,623794,California
San Francisco,2021-06-03,3967,1118773,2725,703863,1039,370253,203,44657,1056,89098,2893,535950,1254,625048,California
San Francisco,2021-06-04,5630,1124403,4747,708610,742,370995,141,44798,1401,86442,4195,540145,1539,626587,California
San Francisco,2021-06-05,3680,1128083,3115,711725,421,371416,144,44942,962,84837,2706,542851,1101,627688,California
San Francisco,2021-06-06,2317,1130400,2170,713895,110,371526,37,44979,516,83596,1794,544645,553,628241,California
San Francisco,2021-06-07,3646,1134046,3020,716915,487,372013,139,45118,977,82055,2653,547298,1112,629353,California
San Francisco,2021-06-08,2812,1136858,2218,719133,430,372443,164,45282,860,81144,1929,549227,1018,630371,California
San Francisco,2021-06-09,1934,1138792,1595,720728,235,372678,104,45386,577,80480,1343,550570,679,631050,California
San Francisco,2021-06-10,1425,1140217,1077,721805,202,372880,146,45532,443,80094,973,551543,587,631637,California
San Joaquin,2020-12-15,13,13,13,13,0,0,0,0,13,13,0,0,13,13,California
San Joaquin,2020-12-16,308,321,308,321,0,0,0,0,308,321,0,0,308,321,California
San Joaquin,2020-12-17,320,641,320,641,0,0,0,0,320,641,0,0,320,641,California
San Joaquin,2020-12-18,533,1174,529,1170,4,4,0,0,533,1174,0,0,533,1174,California
San Joaquin,2020-12-19,190,1364,190,1360,0,4,0,0,190,1364,0,0,190,1364,California
San Joaquin,2020-12-20,116,1480,115,1475,1,5,0,0,116,1480,0,0,116,1480,California
San Joaquin,2020-12-21,496,1976,495,1970,1,6,0,0,496,1976,0,0,496,1976,California
San Joaquin,2020-12-22,977,2953,858,2828,119,125,0,0,976,2952,0,0,976,2952,California
San Joaquin,2020-12-23,982,3935,923,3751,59,184,0,0,980,3932,2,2,982,3934,California
San Joaquin,2020-12-24,217,4152,188,3939,29,213,0,0,216,4148,1,3,217,4151,California
San Joaquin,2020-12-25,15,4167,15,3954,0,213,0,0,15,4163,0,3,15,4166,California
San Joaquin,2020-12-26,104,4271,32,3986,72,285,0,0,104,4267,0,3,104,4270,California
San Joaquin,2020-12-27,44,4315,31,4017,13,298,0,0,44,4311,0,3,44,4314,California
San Joaquin,2020-12-28,626,4941,423,4440,203,501,0,0,626,4937,0,3,626,4940,California
San Joaquin,2020-12-29,791,5732,664,5104,127,628,0,0,791,5728,0,3,791,5731,California
San Joaquin,2020-12-30,1011,6743,718,5822,293,921,0,0,1009,6737,2,5,1011,6742,California
San Joaquin,2020-12-31,455,7198,203,6025,252,1173,0,0,455,7192,1,6,456,7198,California
San Joaquin,2021-01-01,23,7221,13,6038,10,1183,0,0,23,7215,0,6,23,7221,California
San Joaquin,2021-01-02,267,7488,244,6282,23,1206,0,0,267,7482,0,6,267,7488,California
San Joaquin,2021-01-03,38,7526,20,6302,18,1224,0,0,37,7518,1,7,37,7525,California
San Joaquin,2021-01-04,478,8004,339,6641,139,1363,0,0,475,7991,2,9,475,8000,California
San Joaquin,2021-01-05,983,8987,648,7289,335,1698,0,0,812,8669,171,180,849,8849,California
San Joaquin,2021-01-06,1226,10213,711,8000,515,2213,0,0,921,9294,300,480,925,9774,California
San Joaquin,2021-01-07,1085,11298,686,8686,399,2612,0,0,788,9789,294,774,789,10563,California
San Joaquin,2021-01-08,1204,12502,824,9510,380,2992,0,0,711,10012,492,1266,715,11278,California
San Joaquin,2021-01-09,379,12881,300,9810,79,3071,0,0,247,10128,132,1398,248,11526,California
San Joaquin,2021-01-10,224,13105,116,9926,108,3179,0,0,171,10247,52,1450,171,11697,California
San Joaquin,2021-01-11,1533,14638,1325,11251,208,3387,0,0,866,10515,666,2116,934,12631,California
San Joaquin,2021-01-12,1484,16122,1069,12320,415,3802,0,0,699,10507,781,2897,773,13404,California
San Joaquin,2021-01-13,1536,17658,900,13220,636,4438,0,0,959,10897,574,3471,964,14368,California
San Joaquin,2021-01-14,1755,19413,973,14193,782,5220,0,0,1411,12002,323,3794,1428,15796,California
San Joaquin,2021-01-15,1531,20944,545,14738,986,6206,0,0,1300,13104,216,4010,1318,17114,California
San Joaquin,2021-01-16,1131,22075,181,14919,950,7156,0,0,1099,14173,31,4041,1100,18214,California
San Joaquin,2021-01-17,1624,23699,137,15056,1487,8643,0,0,1582,15715,42,4083,1584,19798,California
San Joaquin,2021-01-18,740,24439,238,15294,502,9145,0,0,619,16217,117,4200,619,20417,California
San Joaquin,2021-01-19,1877,26316,900,16194,977,10122,0,0,1195,16743,677,4877,1203,21620,California
San Joaquin,2021-01-20,2089,28405,1285,17479,804,10926,0,0,1441,17549,641,5518,1447,23067,California
San Joaquin,2021-01-21,1978,30383,899,18378,1079,12005,0,0,1579,18745,392,5910,1588,24655,California
San Joaquin,2021-01-22,1953,32336,894,19272,1059,13064,0,0,1811,20421,137,6047,1813,26468,California
San Joaquin,2021-01-23,898,33234,398,19670,500,13564,0,0,612,20750,285,6332,614,27082,California
San Joaquin,2021-01-24,353,33587,136,19806,217,13781,0,0,330,21060,20,6352,330,27412,California
San Joaquin,2021-01-25,2001,35588,1146,20952,855,14636,0,0,1433,21931,565,6917,1436,28848,California
San Joaquin,2021-01-26,2163,37751,1118,22070,1045,15681,0,0,1548,22877,608,7525,1554,30402,California
San Joaquin,2021-01-27,1742,39493,771,22841,971,16652,0,0,1241,23630,496,8021,1249,31651,California
San Joaquin,2021-01-28,2051,41544,774,23615,1277,17929,0,0,1390,24374,657,8678,1401,33052,California
San Joaquin,2021-01-29,2164,43708,1051,24666,1113,19042,0,0,1812,25850,346,9024,1822,34874,California
San Joaquin,2021-01-30,2175,45883,356,25022,1819,20861,0,0,1997,27672,177,9201,1999,36873,California
San Joaquin,2021-01-31,1558,47441,179,25201,1379,22240,0,0,1492,29100,65,9266,1493,38366,California
San Joaquin,2021-02-01,2529,49970,1341,26542,1188,23428,0,0,1769,30112,760,10026,1772,40138,California
San Joaquin,2021-02-02,2587,52557,1155,27697,1432,24860,0,0,1976,31541,551,10577,1980,42118,California
San Joaquin,2021-02-03,3080,55637,1214,28911,1866,26726,0,0,2211,32896,862,11439,2217,44335,California
San Joaquin,2021-02-04,3549,59186,1818,30729,1731,28457,0,0,2650,34659,893,12332,2656,46991,California
San Joaquin,2021-02-05,3170,62356,1808,32537,1362,29819,0,0,2343,36200,816,13148,2357,49348,California
San Joaquin,2021-02-06,1085,63441,746,33283,339,30158,0,0,942,37003,140,13288,943,50291,California
San Joaquin,2021-02-07,621,64062,492,33775,129,30287,0,0,417,37222,199,13487,418,50709,California
San Joaquin,2021-02-08,1790,65852,1038,34813,752,31039,0,0,1447,38355,320,13807,1453,52162,California
San Joaquin,2021-02-09,2130,67982,1157,35970,973,32012,0,0,1584,39466,476,14283,1587,53749,California
San Joaquin,2021-02-10,2569,70551,1251,37221,1318,33330,0,0,1346,39612,1201,15484,1347,55096,California
San Joaquin,2021-02-11,2920,73471,1485,38706,1435,34765,0,0,1703,40137,1185,16669,1710,56806,California
San Joaquin,2021-02-12,2818,76289,1128,39834,1690,36455,0,0,1599,40543,1198,17867,1604,58410,California
San Joaquin,2021-02-13,2117,78406,396,40230,1721,38176,0,0,853,40152,1250,19117,859,59269,California
San Joaquin,2021-02-14,1904,80310,260,40490,1644,39820,0,0,691,39663,1181,20298,692,59961,California
San Joaquin,2021-02-15,1989,82299,834,41324,1155,40975,0,0,1195,40098,764,21062,1199,61160,California
San Joaquin,2021-02-16,3166,85465,1378,42702,1788,42763,0,0,1752,40462,1399,22461,1763,62923,California
San Joaquin,2021-02-17,3276,88741,1265,43967,2011,44774,0,0,1866,40935,1397,23858,1870,64793,California
San Joaquin,2021-02-18,3350,92091,1381,45348,1969,46743,0,0,1910,41448,1403,25261,1916,66709,California
San Joaquin,2021-02-19,4276,96367,2418,47766,1858,48601,0,0,2393,42013,1828,27089,2393,69102,California
San Joaquin,2021-02-20,1559,97926,663,48429,896,49497,0,0,1060,42575,498,27587,1060,70162,California
San Joaquin,2021-02-21,673,98599,508,48937,165,49662,0,0,423,42753,247,27834,425,70587,California
San Joaquin,2021-02-22,3555,102154,2508,51445,1047,50709,0,0,2539,44310,987,28821,2544,73131,California
San Joaquin,2021-02-23,4318,106472,2626,54071,1692,52401,0,0,2655,45338,1633,30454,2661,75792,California
San Joaquin,2021-02-24,5775,112247,3429,57500,2346,54747,0,0,4145,47883,1604,32058,4149,79941,California
San Joaquin,2021-02-25,6379,118626,3948,61448,2431,57178,0,0,4115,49786,2222,34280,4125,84066,California
San Joaquin,2021-02-26,5526,124152,2864,64312,2662,59840,0,0,3790,51882,1700,35980,3796,87862,California
San Joaquin,2021-02-27,5487,129639,1632,65944,3855,63695,0,0,2650,51765,2779,38759,2662,90524,California
San Joaquin,2021-02-28,3111,132750,1124,67068,1987,65682,0,0,2052,52788,1031,39790,2054,92578,California
San Joaquin,2021-03-01,4143,136893,1828,68896,2312,67994,3,3,2349,53373,1776,41566,2361,94939,California
San Joaquin,2021-03-02,4224,141117,1683,70579,2541,70535,0,3,2652,54531,1549,43115,2707,97646,California
San Joaquin,2021-03-03,5811,146928,3450,74029,2359,72894,2,5,4189,57123,1598,44713,4190,101836,California
San Joaquin,2021-03-04,5725,152653,2273,76302,3449,76343,3,8,3740,58898,1969,46682,3744,105580,California
San Joaquin,2021-03-05,4467,157120,1900,78202,2562,78905,5,13,3085,60627,1365,48047,3094,108674,California
San Joaquin,2021-03-06,3301,160421,2175,80377,996,79901,130,143,2719,62901,578,48625,2852,111526,California
San Joaquin,2021-03-07,1221,161642,563,80940,610,80511,48,191,936,63603,267,48892,969,112495,California
San Joaquin,2021-03-08,3155,164797,1264,82204,1766,82277,125,316,2140,64865,1002,49894,2264,114759,California
San Joaquin,2021-03-09,4035,168832,1830,84034,2074,84351,131,447,2675,66332,1344,51238,2811,117570,California
San Joaquin,2021-03-10,4652,173484,2470,86504,2042,86393,140,587,3423,68682,1213,52451,3563,121133,California
San Joaquin,2021-03-11,4956,178440,2359,88863,1997,88390,600,1187,2940,70223,2003,54454,3544,124677,California
San Joaquin,2021-03-12,6297,184737,3145,92008,2815,91205,337,1524,4161,72618,2110,56564,4505,129182,California
San Joaquin,2021-03-13,3072,187809,1460,93468,1487,92692,125,1649,2289,74265,775,57339,2422,131604,California
San Joaquin,2021-03-14,2167,189976,674,94142,1189,93881,304,1953,1027,74467,1133,58472,1335,132939,California
San Joaquin,2021-03-15,6085,196061,3503,97645,2178,96059,404,2357,3178,75189,2873,61345,3595,136534,California
San Joaquin,2021-03-16,6864,202925,3907,101552,2700,98759,257,2614,4041,76693,2799,64144,4303,140837,California
San Joaquin,2021-03-17,7819,210744,4686,106238,3063,101822,70,2684,4343,77683,3432,67576,4422,145259,California
San Joaquin,2021-03-18,7650,218394,4501,110739,2644,104466,505,3189,3766,78122,3840,71416,4279,149538,California
San Joaquin,2021-03-19,7954,226348,4665,115404,2745,107211,544,3733,4813,80409,3117,74533,5404,154942,California
San Joaquin,2021-03-20,3690,230038,2129,117533,1318,108529,243,3976,1831,80655,1840,76373,2086,157028,California
San Joaquin,2021-03-21,2123,232161,1506,119039,410,108939,207,4183,1187,81170,923,77296,1438,158466,California
San Joaquin,2021-03-22,3985,236146,2044,121083,1525,110464,416,4599,2350,82324,1618,78914,2772,161238,California
San Joaquin,2021-03-23,5391,241537,2646,123729,2577,113041,168,4767,3714,84557,1656,80570,3889,165127,California
San Joaquin,2021-03-24,6854,248391,4252,127981,2516,115557,86,4853,3018,83872,3797,84367,3112,168239,California
San Joaquin,2021-03-25,5575,253966,3312,131293,2219,117776,44,4897,3299,84969,2253,86620,3350,171589,California
San Joaquin,2021-03-26,6198,260164,2566,133859,3481,121257,151,5048,3239,85446,2932,89552,3409,174998,California
San Joaquin,2021-03-27,4675,264839,2625,136484,1977,123234,73,5121,1805,84489,2846,92398,1889,176887,California
San Joaquin,2021-03-28,2733,267572,1810,138294,898,124132,25,5146,1293,84469,1419,93817,1399,178286,California
San Joaquin,2021-03-29,4046,271618,2186,140480,1838,125970,22,5168,2021,84518,2009,95826,2058,180344,California
San Joaquin,2021-03-30,6235,277853,3177,143657,2965,128935,93,5261,3432,85289,2773,98599,3544,183888,California
San Joaquin,2021-03-31,6605,284458,4157,147814,2388,131323,60,5321,3341,85468,3246,101845,3425,187313,California
San Joaquin,2021-04-01,6433,290891,2989,150803,3355,134678,89,5410,2842,84891,3566,105411,2989,190302,California
San Joaquin,2021-04-02,6350,297241,2884,153687,2973,137651,493,5903,2533,84157,3791,109202,3057,193359,California
San Joaquin,2021-04-03,4151,301392,2342,156029,1484,139135,325,6228,2005,84369,2130,111332,2342,195701,California
San Joaquin,2021-04-04,2290,303682,1366,157395,718,139853,206,6434,1550,85412,730,112062,1773,197474,California
San Joaquin,2021-04-05,4789,308471,2838,160233,1712,141565,239,6673,2639,86162,2138,114200,2888,200362,California
San Joaquin,2021-04-06,7073,315544,4546,164779,2251,143816,276,6949,3344,86099,3699,117899,3636,203998,California
San Joaquin,2021-04-07,8339,323883,4534,169313,2218,146034,1587,8536,3499,86375,4823,122722,5099,209097,California
San Joaquin,2021-04-08,8781,332664,4707,174020,1940,147974,2134,10670,3316,86388,5437,128159,5450,214547,California
San Joaquin,2021-04-09,8894,341558,4287,178307,3040,151014,1567,12237,3219,85542,5651,133810,4805,219352,California
San Joaquin,2021-04-10,5226,346784,1632,179939,1685,152699,1909,14146,1764,85763,3450,137260,3671,223023,California
San Joaquin,2021-04-11,4087,350871,1558,181497,1363,154062,1166,15312,1773,86393,2304,139564,2934,225957,California
San Joaquin,2021-04-12,6005,356876,2389,183886,2065,156127,1551,16863,2340,86647,3644,143208,3898,229855,California
San Joaquin,2021-04-13,7478,364354,4298,188184,3171,159298,9,16872,4584,88376,2871,146079,4600,234455,California
San Joaquin,2021-04-14,7561,371915,3814,191998,3745,163043,2,16874,4547,89943,2993,149072,4560,239015,California
San Joaquin,2021-04-15,7833,379748,4622,196620,3211,166254,0,16874,4379,90911,3420,152492,4388,243403,California
San Joaquin,2021-04-16,7648,387396,4087,200707,3558,169812,3,16877,4581,92467,3039,155531,4595,247998,California
San Joaquin,2021-04-17,5168,392564,2793,203500,2373,172185,2,16879,3668,94666,1489,157020,3688,251686,California
San Joaquin,2021-04-18,2480,395044,1378,204878,1102,173287,0,16879,1318,94845,1147,158167,1326,253012,California
San Joaquin,2021-04-19,5193,400237,2805,207683,2388,175675,0,16879,2769,95227,2397,160564,2779,255791,California
San Joaquin,2021-04-20,6243,406480,3295,210978,2948,178623,0,16879,2958,94937,3258,163822,2968,258759,California
San Joaquin,2021-04-21,5656,412136,3132,214110,2524,181147,0,16879,2925,95191,2679,166501,2933,261692,California
San Joaquin,2021-04-22,5307,417443,3140,217250,2165,183312,2,16881,3067,96064,2213,168714,3086,264778,California
San Joaquin,2021-04-23,5937,423380,2841,220091,3095,186407,1,16882,3757,97669,2159,170873,3764,268542,California
San Joaquin,2021-04-24,5254,428634,3623,223714,1630,188037,1,16883,3420,99290,1807,172680,3428,271970,California
San Joaquin,2021-04-25,3063,431697,2578,226292,485,188522,0,16883,2031,100317,1011,173691,2038,274008,California
San Joaquin,2021-04-26,4045,435742,2650,228942,1391,189913,4,16887,2158,100610,1875,175566,2168,276176,California
San Joaquin,2021-04-27,4624,440366,2665,231607,1898,191811,61,16948,1976,100028,2626,178192,2044,278220,California
San Joaquin,2021-04-28,5577,445943,3356,234963,2141,193952,80,17028,2764,100099,2784,180976,2855,281075,California
San Joaquin,2021-04-29,4913,450856,2877,237840,1979,195931,57,17085,2518,100313,2373,183349,2587,283662,California
San Joaquin,2021-04-30,4973,455829,2429,240269,2477,198408,67,17152,2579,100593,2377,185726,2657,286319,California
San Joaquin,2021-05-01,3351,459180,1915,242184,1377,199785,59,17211,2137,101597,1205,186931,2209,288528,California
San Joaquin,2021-05-02,2301,461481,1601,243785,644,200429,56,17267,1173,101703,1124,188055,1230,289758,California
San Joaquin,2021-05-03,3326,464807,2256,246041,996,201425,74,17341,1404,101283,1905,189960,1485,291243,California
San Joaquin,2021-05-04,4848,469655,3300,249341,1392,202817,156,17497,1785,100193,3042,193002,1952,293195,California
San Joaquin,2021-05-05,5056,474711,3499,252840,1394,204211,163,17660,2240,99816,2788,195790,2411,295606,California
San Joaquin,2021-05-06,4660,479371,3122,255962,1408,205619,130,17790,2034,99381,2610,198400,2175,297781,California
San Joaquin,2021-05-07,5096,484467,2948,258910,1996,207615,152,17942,1898,98264,3176,201576,2059,299840,California
San Joaquin,2021-05-08,3275,487742,2106,261016,1068,208683,101,18043,1210,97535,2049,203625,1320,301160,California
San Joaquin,2021-05-09,1486,489228,849,261865,567,209250,70,18113,595,97318,888,204513,671,301831,California
San Joaquin,2021-05-10,2815,492043,1478,263343,1212,210462,125,18238,932,96513,1867,206380,1062,302893,California
San Joaquin,2021-05-11,4167,496210,2185,265528,1861,212323,121,18359,1327,95169,2824,209204,1480,304373,California
San Joaquin,2021-05-12,4278,500488,1985,267513,2171,214494,122,18481,1372,93785,2891,212095,1507,305880,California
San Joaquin,2021-05-13,4637,505125,2664,270177,1884,216378,89,18570,1803,92872,2819,214914,1906,307786,California
San Joaquin,2021-05-14,5732,510857,3414,273591,2210,218588,108,18678,2416,92115,3289,218203,2532,310318,California
San Joaquin,2021-05-15,5227,516084,3105,276696,2043,220631,79,18757,1641,90282,3557,221760,1724,312042,California
San Joaquin,2021-05-16,3543,519627,2769,279465,725,221356,49,18806,1432,89672,2099,223859,1489,313531,California
San Joaquin,2021-05-17,4131,523758,2465,281930,1569,222925,97,18903,1792,89246,2324,226183,1898,315429,California
San Joaquin,2021-05-18,3941,527699,2274,284204,1548,224473,119,19022,1878,89205,2047,228230,2006,317435,California
San Joaquin,2021-05-19,4739,532438,2750,286954,1855,226328,134,19156,2091,88823,2617,230847,2235,319670,California
San Joaquin,2021-05-20,3918,536356,2352,289306,1464,227792,102,19258,1751,88533,2148,232995,1858,321528,California
San Joaquin,2021-05-21,4906,541262,2852,292158,1932,229724,122,19380,2241,88270,2637,235632,2374,323902,California
San Joaquin,2021-05-22,3955,545217,2451,294609,1410,231134,94,19474,1755,87943,2186,237818,1859,325761,California
San Joaquin,2021-05-23,2363,547580,1913,296522,407,231541,43,19517,1391,88418,965,238783,1440,327201,California
San Joaquin,2021-05-24,2942,550522,1683,298205,1167,232708,92,19609,1369,88327,1556,240339,1465,328666,California
San Joaquin,2021-05-25,3085,553607,1917,300122,1018,233726,150,19759,1463,88336,1603,241942,1612,330278,California
San Joaquin,2021-05-26,3331,556938,1853,301975,1403,235129,75,19834,1508,88112,1812,243754,1588,331866,California
San Joaquin,2021-05-27,2910,559848,1491,303466,1334,236463,85,19919,1138,87580,1758,245512,1226,333092,California
San Joaquin,2021-05-28,3029,562877,1594,305060,1347,237810,88,20007,1407,87486,1600,247112,1506,334598,California
San Joaquin,2021-05-29,2128,565005,1173,306233,919,238729,36,20043,956,87314,1168,248280,996,335594,California
San Joaquin,2021-05-30,973,565978,519,306752,428,239157,26,20069,411,87197,557,248837,440,336034,California
San Joaquin,2021-05-31,618,566596,258,307010,353,239510,7,20076,237,87065,377,249214,245,336279,California
San Joaquin,2021-06-01,2416,569012,1468,308478,854,240364,94,20170,1175,87108,1232,250446,1275,337554,California
San Joaquin,2021-06-02,2662,571674,1560,310038,1047,241411,55,20225,1180,86879,1467,251913,1238,338792,California
San Joaquin,2021-06-03,2802,574476,1737,311775,1011,242422,54,20279,1097,86341,1693,253606,1155,339947,California
San Joaquin,2021-06-04,3063,577539,1903,313678,1065,243487,95,20374,1064,85526,1974,255580,1159,341106,California
San Joaquin,2021-06-05,2290,579829,1754,315432,489,243976,47,20421,1060,85498,1142,256722,1114,342220,California
San Joaquin,2021-06-06,1048,580877,841,316273,176,244152,31,20452,421,85342,609,257331,453,342673,California
San Joaquin,2021-06-07,2762,583639,2057,318330,668,244820,37,20489,955,84544,1800,259131,1002,343675,California
San Joaquin,2021-06-08,2565,586204,1909,320239,610,245430,46,20535,818,83675,1736,260867,867,344542,California
San Joaquin,2021-06-09,2275,588479,1633,321872,612,246042,30,20565,750,82947,1512,262379,784,345326,California
San Joaquin,2021-06-10,1182,589661,905,322777,248,246290,29,20594,408,82611,773,263152,437,345763,California
San Luis Obispo,2020-12-16,4,4,4,4,0,0,0,0,4,4,0,0,4,4,California
San Luis Obispo,2020-12-17,196,200,196,200,0,0,0,0,196,200,0,0,196,200,California
San Luis Obispo,2020-12-18,224,424,224,424,0,0,0,0,224,424,0,0,224,424,California
San Luis Obispo,2020-12-19,164,588,164,588,0,0,0,0,164,588,0,0,164,588,California
San Luis Obispo,2020-12-20,215,803,215,803,0,0,0,0,215,803,0,0,215,803,California
San Luis Obispo,2020-12-21,550,1353,549,1352,1,1,0,0,550,1353,0,0,550,1353,California
San Luis Obispo,2020-12-22,311,1664,307,1659,4,5,0,0,311,1664,0,0,311,1664,California
San Luis Obispo,2020-12-23,682,2346,368,2027,314,319,0,0,682,2346,0,0,682,2346,California
San Luis Obispo,2020-12-24,194,2540,19,2046,175,494,0,0,194,2540,0,0,194,2540,California
San Luis Obispo,2020-12-25,2,2542,1,2047,1,495,0,0,2,2542,0,0,2,2542,California
San Luis Obispo,2020-12-26,90,2632,13,2060,77,572,0,0,90,2632,0,0,90,2632,California
San Luis Obispo,2020-12-27,76,2708,0,2060,76,648,0,0,76,2708,0,0,76,2708,California
San Luis Obispo,2020-12-28,879,3587,429,2489,450,1098,0,0,879,3587,0,0,879,3587,California
San Luis Obispo,2020-12-29,903,4490,503,2992,400,1498,0,0,903,4490,0,0,903,4490,California
San Luis Obispo,2020-12-30,1171,5661,679,3671,492,1990,0,0,1171,5661,0,0,1171,5661,California
San Luis Obispo,2020-12-31,107,5768,4,3675,103,2093,0,0,107,5768,0,0,107,5768,California
San Luis Obispo,2021-01-01,14,5782,9,3684,5,2098,0,0,14,5782,0,0,14,5782,California
San Luis Obispo,2021-01-02,34,5816,8,3692,26,2124,0,0,34,5816,0,0,34,5816,California
San Luis Obispo,2021-01-03,17,5833,6,3698,11,2135,0,0,17,5833,0,0,17,5833,California
San Luis Obispo,2021-01-04,682,6515,525,4223,157,2292,0,0,682,6515,0,0,682,6515,California
San Luis Obispo,2021-01-05,974,7489,753,4976,221,2513,0,0,972,7485,2,2,972,7487,California
San Luis Obispo,2021-01-06,725,8214,479,5455,246,2759,0,0,717,8195,7,9,717,8204,California
San Luis Obispo,2021-01-07,1127,9341,949,6404,178,2937,0,0,684,8436,443,452,684,8888,California
San Luis Obispo,2021-01-08,880,10221,802,7206,78,3015,0,0,511,8579,368,820,511,9399,California
San Luis Obispo,2021-01-09,206,10427,196,7402,10,3025,0,0,28,8429,178,998,28,9427,California
San Luis Obispo,2021-01-10,12,10439,8,7410,4,3029,0,0,8,8433,4,1002,8,9435,California
San Luis Obispo,2021-01-11,560,10999,509,7919,51,3080,0,0,298,8470,261,1263,298,9733,California
San Luis Obispo,2021-01-12,598,11597,382,8301,216,3296,0,0,318,8508,280,1543,318,10051,California
San Luis Obispo,2021-01-13,890,12487,260,8561,630,3926,0,0,651,8922,237,1780,651,10702,California
San Luis Obispo,2021-01-14,726,13213,239,8800,487,4413,0,0,604,9413,113,1893,604,11306,California
San Luis Obispo,2021-01-15,735,13948,293,9093,442,4855,0,0,556,9795,174,2067,556,11862,California
San Luis Obispo,2021-01-16,100,14048,81,9174,19,4874,0,0,94,9883,6,2073,94,11956,California
San Luis Obispo,2021-01-17,65,14113,58,9232,7,4881,0,0,65,9948,0,2073,65,12021,California
San Luis Obispo,2021-01-18,1371,15484,388,9620,983,5864,0,0,1108,10793,263,2336,1108,13129,California
San Luis Obispo,2021-01-19,1578,17062,415,10035,1163,7027,0,0,1171,11558,407,2743,1172,14301,California
San Luis Obispo,2021-01-20,1889,18951,600,10635,1289,8316,0,0,1298,12268,589,3332,1299,15600,California
San Luis Obispo,2021-01-21,1578,20529,470,11105,1108,9424,0,0,1206,13107,368,3700,1207,16807,California
San Luis Obispo,2021-01-22,1521,22050,506,11611,1015,10439,0,0,1206,14000,313,4013,1206,18013,California
San Luis Obispo,2021-01-23,314,22364,295,11906,19,10458,0,0,298,14282,16,4029,298,18311,California
San Luis Obispo,2021-01-24,248,22612,240,12146,8,10466,0,0,242,14518,6,4035,242,18553,California
San Luis Obispo,2021-01-25,2080,24692,603,12749,1477,11943,0,0,1250,14939,830,4865,1251,19804,California
San Luis Obispo,2021-01-26,2002,26694,699,13448,1303,13246,0,0,1141,15219,861,5726,1141,20945,California
San Luis Obispo,2021-01-27,1615,28309,287,13735,1328,14574,0,0,1158,15920,457,6183,1158,22103,California
San Luis Obispo,2021-01-28,1499,29808,344,14079,1155,15729,0,0,1236,16895,261,6444,1236,23339,California
San Luis Obispo,2021-01-29,1741,31549,682,14761,1059,16788,0,0,1455,18064,286,6730,1455,24794,California
San Luis Obispo,2021-01-30,36,31585,18,14779,18,16806,0,0,25,18079,10,6740,25,24819,California
San Luis Obispo,2021-01-31,27,31612,19,14798,8,16814,0,0,25,18102,2,6742,25,24844,California
San Luis Obispo,2021-02-01,1710,33322,742,15540,968,17782,0,0,1406,19205,303,7045,1406,26250,California
San Luis Obispo,2021-02-02,1899,35221,679,16219,1220,19002,0,0,1522,20351,377,7422,1523,27773,California
San Luis Obispo,2021-02-03,1713,36934,730,16949,983,19985,0,0,1297,21232,416,7838,1297,29070,California
San Luis Obispo,2021-02-04,1661,38595,803,17752,858,20843,0,0,1094,21759,567,8405,1094,30164,California
San Luis Obispo,2021-02-05,1605,40200,715,18467,890,21733,0,0,1060,22274,546,8951,1061,31225,California
San Luis Obispo,2021-02-06,174,40374,107,18574,67,21800,0,0,94,22288,80,9031,94,31319,California
San Luis Obispo,2021-02-07,125,40499,80,18654,45,21845,0,0,72,22308,53,9084,73,31392,California
San Luis Obispo,2021-02-08,863,41362,473,19127,390,22235,0,0,503,22452,359,9443,503,31895,California
San Luis Obispo,2021-02-09,1127,42489,449,19576,678,22913,0,0,544,22426,577,10020,551,32446,California
San Luis Obispo,2021-02-10,1445,43934,492,20068,953,23866,0,0,528,22043,914,10934,531,32977,California
San Luis Obispo,2021-02-11,1330,45264,844,20912,486,24352,0,0,656,22027,672,11606,656,33633,California
San Luis Obispo,2021-02-12,788,46052,363,21275,425,24777,0,0,422,22083,366,11972,422,34055,California
San Luis Obispo,2021-02-13,391,46443,127,21402,264,25041,0,0,283,22259,107,12079,283,34338,California
San Luis Obispo,2021-02-14,318,46761,41,21443,277,25318,0,0,282,22506,36,12115,283,34621,California
San Luis Obispo,2021-02-15,729,47490,138,21581,591,25909,0,0,474,22726,254,12369,474,35095,California
San Luis Obispo,2021-02-16,2965,50455,1197,22778,1768,27677,0,0,1358,22477,1607,13976,1358,36453,California
San Luis Obispo,2021-02-17,2780,53235,1244,24022,1536,29213,0,0,1029,21762,1744,15720,1029,37482,California
San Luis Obispo,2021-02-18,2827,56062,1461,25483,1366,30579,0,0,1135,21214,1684,17404,1136,38618,California
San Luis Obispo,2021-02-19,1463,57525,1342,26825,121,30700,0,0,1136,22025,325,17729,1136,39754,California
San Luis Obispo,2021-02-20,254,57779,80,26905,174,30874,0,0,215,22201,39,17768,215,39969,California
San Luis Obispo,2021-02-21,57,57836,53,26958,4,30878,0,0,32,22208,25,17793,32,40001,California
San Luis Obispo,2021-02-22,2417,60253,1868,28826,549,31427,0,0,1467,22726,950,18743,1468,41469,California
San Luis Obispo,2021-02-23,1863,62116,1748,30574,115,31542,0,0,1367,23599,495,19238,1368,42837,California
San Luis Obispo,2021-02-24,2643,64759,1299,31873,1344,32886,0,0,836,22631,1804,21042,836,43673,California
San Luis Obispo,2021-02-25,2136,66895,1244,33117,892,33778,0,0,1207,22916,923,21965,1208,44881,California
San Luis Obispo,2021-02-26,2650,69545,1150,34267,1500,35278,0,0,1327,22929,1314,23279,1327,46208,California
San Luis Obispo,2021-02-27,577,70122,351,34618,226,35504,0,0,528,23408,49,23328,528,46736,California
San Luis Obispo,2021-02-28,196,70318,69,34687,127,35631,0,0,160,23533,35,23363,160,46896,California
San Luis Obispo,2021-03-01,3011,73329,1882,36569,1127,36758,2,2,2079,24683,932,24295,2082,48978,California
San Luis Obispo,2021-03-02,3035,76364,1910,38479,1125,37883,0,2,1881,25416,1149,25444,1882,50860,California
San Luis Obispo,2021-03-03,2346,78710,338,38817,2008,39891,0,2,849,24775,1491,26935,850,51710,California
San Luis Obispo,2021-03-04,2199,80909,1161,39978,1038,40929,0,2,1183,24947,1013,27948,1185,52895,California
San Luis Obispo,2021-03-05,2305,83214,1023,41001,1212,42141,70,72,1301,25328,990,28938,1371,54266,California
San Luis Obispo,2021-03-06,842,84056,311,41312,423,42564,108,180,621,25830,221,29159,723,54989,California
San Luis Obispo,2021-03-07,201,84257,32,41344,85,42649,84,264,73,25860,127,29286,157,55146,California
San Luis Obispo,2021-03-08,2742,86999,760,42104,1666,44315,316,580,1545,26529,1192,30478,1861,57007,California
San Luis Obispo,2021-03-09,2952,89951,970,43074,1734,46049,248,828,1526,26881,1422,31900,1774,58781,California
San Luis Obispo,2021-03-10,3198,93149,1239,44313,1675,47724,284,1112,1814,27600,1379,33279,2098,60879,California
San Luis Obispo,2021-03-11,3297,96446,1273,45586,1702,49426,322,1434,1805,28244,1482,34761,2126,63005,California
San Luis Obispo,2021-03-12,3253,99699,1283,46869,1631,51057,339,1773,1617,28574,1630,36391,1960,64965,California
San Luis Obispo,2021-03-13,798,100497,262,47131,428,51485,108,1881,432,28749,365,36756,540,65505,California
San Luis Obispo,2021-03-14,513,101010,53,47184,350,51835,110,1991,134,28615,378,37134,244,65749,California
San Luis Obispo,2021-03-15,3059,104069,1098,48282,1863,53698,98,2089,1531,28721,1524,38658,1630,67379,California
San Luis Obispo,2021-03-16,2852,106921,1511,49793,1231,54929,110,2199,1436,28857,1409,40067,1545,68924,California
San Luis Obispo,2021-03-17,3438,110359,1449,51242,1727,56656,262,2461,1991,29673,1436,41503,2252,71176,California
San Luis Obispo,2021-03-18,2812,113171,1447,52689,1151,57807,214,2675,1339,29757,1468,42971,1552,72728,California
San Luis Obispo,2021-03-19,2596,115767,1568,54257,705,58512,323,2998,959,29412,1629,44600,1284,74012,California
San Luis Obispo,2021-03-20,841,116608,501,54758,303,58815,37,3035,387,29383,453,45053,424,74436,California
San Luis Obispo,2021-03-21,188,116796,45,54803,140,58955,3,3038,158,29515,29,45082,161,74597,California
San Luis Obispo,2021-03-22,2704,119500,1173,55976,1483,60438,48,3086,1870,30603,830,45912,1918,76515,California
San Luis Obispo,2021-03-23,3386,122886,2211,58187,1144,61582,31,3117,2269,31791,1112,47024,2300,78815,California
San Luis Obispo,2021-03-24,3531,126417,2148,60335,1298,62880,85,3202,2626,33603,898,47922,2710,81525,California
San Luis Obispo,2021-03-25,3692,130109,2305,62640,1375,64255,12,3214,2641,35208,1047,48969,2652,84177,California
San Luis Obispo,2021-03-26,3258,133367,1804,64444,1020,65275,434,3648,1824,36041,1428,50397,2261,86438,California
San Luis Obispo,2021-03-27,994,134361,508,64952,395,65670,91,3739,452,36044,540,50937,543,86981,California
San Luis Obispo,2021-03-28,446,134807,152,65104,238,65908,56,3795,245,36145,200,51137,301,87282,California
San Luis Obispo,2021-03-29,2619,137426,1317,66421,1168,67076,134,3929,1675,37024,930,52067,1809,89091,California
San Luis Obispo,2021-03-30,3528,140954,1936,68357,1450,68526,142,4071,2343,38329,1178,53245,2483,91574,California
San Luis Obispo,2021-03-31,3890,144844,2477,70834,1267,69793,146,4217,2508,39611,1371,54616,2653,94227,California
San Luis Obispo,2021-04-01,3892,148736,2463,73297,1310,71103,119,4336,2720,41290,1158,55774,2837,97064,California
San Luis Obispo,2021-04-02,1752,150488,689,73986,750,71853,313,4649,950,41751,800,56574,1261,98325,California
San Luis Obispo,2021-04-03,1113,151601,558,74544,428,72281,127,4776,493,41755,616,57190,620,98945,California
San Luis Obispo,2021-04-04,387,151988,133,74677,214,72495,40,4816,238,41884,149,57339,278,99223,California
San Luis Obispo,2021-04-05,3616,155604,1943,76620,1561,74056,112,4928,2018,42419,1594,58933,2129,101352,California
San Luis Obispo,2021-04-06,4059,159663,2163,78783,1572,75628,324,5252,1942,42575,2109,61042,2265,103617,California
San Luis Obispo,2021-04-07,4312,163975,2347,81130,1599,77227,366,5618,2461,43566,1836,62878,2827,106444,California
San Luis Obispo,2021-04-08,4062,168037,2213,83343,1443,78670,406,6024,2163,44246,1890,64768,2570,109014,California
San Luis Obispo,2021-04-09,3686,171723,1753,85096,1171,79841,762,6786,1509,44348,2166,66934,2268,111282,California
San Luis Obispo,2021-04-10,1591,173314,565,85661,357,80198,669,7455,495,44415,1096,68030,1163,112445,California
San Luis Obispo,2021-04-11,315,173629,62,85723,187,80385,66,7521,125,44418,188,68218,191,112636,California
San Luis Obispo,2021-04-12,3412,177041,1715,87438,1535,81920,162,7683,1422,44018,1990,70208,1590,114226,California
San Luis Obispo,2021-04-13,3669,180710,2120,89558,1548,83468,1,7684,1978,44314,1687,71895,1983,116209,California
San Luis Obispo,2021-04-14,3557,184267,2018,91576,1534,85002,5,7689,1780,44335,1762,73657,1783,117992,California
San Luis Obispo,2021-04-15,3687,187954,2402,93978,1284,86286,1,7690,1983,44634,1686,75343,1985,119977,California
San Luis Obispo,2021-04-16,3641,191595,2222,96200,1415,87701,4,7694,1779,44561,1855,77198,1782,121759,California
San Luis Obispo,2021-04-17,1095,192690,433,96633,660,88361,2,7696,709,44887,385,77583,711,122470,California
San Luis Obispo,2021-04-18,320,193010,98,96731,221,88582,1,7697,110,44790,207,77790,110,122580,California
San Luis Obispo,2021-04-19,3191,196201,1347,98078,1806,90388,38,7735,1102,43846,2085,79875,1141,123721,California
San Luis Obispo,2021-04-20,3618,199819,2012,100090,1606,91994,0,7735,1329,42896,2279,82154,1329,125050,California
San Luis Obispo,2021-04-21,3929,203748,1813,101903,2116,94110,0,7735,1579,42148,2329,84483,1581,126631,California
San Luis Obispo,2021-04-22,4597,208345,2067,103970,2530,96640,0,7735,1417,40405,3163,87646,1420,128051,California
San Luis Obispo,2021-04-23,1462,209807,845,104815,613,97253,4,7739,704,40367,753,88399,715,128766,California
San Luis Obispo,2021-04-24,1083,210890,440,105255,624,97877,19,7758,508,40312,582,88981,527,129293,California
San Luis Obispo,2021-04-25,346,211236,162,105417,184,98061,0,7758,111,40190,233,89214,111,129404,California
San Luis Obispo,2021-04-26,1080,212316,399,105816,664,98725,17,7775,395,39928,673,89887,411,129815,California
San Luis Obispo,2021-04-27,3903,216219,1988,107804,1836,100561,79,7854,1522,39156,2372,92259,1600,131415,California
San Luis Obispo,2021-04-28,3803,220022,2101,109905,1631,102192,71,7925,1350,38137,2440,94699,1421,132836,California
San Luis Obispo,2021-04-29,3703,223725,2117,112022,1517,103709,69,7994,1240,37000,2447,97146,1310,134146,California
San Luis Obispo,2021-04-30,2978,226703,1666,113688,1238,104947,74,8068,926,35964,2034,99180,998,135144,California
San Luis Obispo,2021-05-01,468,227171,158,113846,274,105221,36,8104,97,35729,367,99547,132,135276,California
San Luis Obispo,2021-05-02,171,227342,52,113898,99,105320,20,8124,42,35662,129,99676,62,135338,California
San Luis Obispo,2021-05-03,894,228236,288,114186,496,105816,110,8234,225,35328,667,100343,333,135671,California
San Luis Obispo,2021-05-04,2941,231177,1903,116089,967,106783,71,8305,868,34199,2066,102409,937,136608,California
San Luis Obispo,2021-05-05,2805,233982,1852,117941,887,107670,66,8371,685,32843,2108,104517,752,137360,California
San Luis Obispo,2021-05-06,2820,236802,1896,119837,860,108530,64,8435,732,31568,2071,106588,796,138156,California
San Luis Obispo,2021-05-07,2331,239133,1763,121600,501,109031,67,8502,607,30541,1702,108290,675,138831,California
San Luis Obispo,2021-05-08,567,239700,333,121933,210,109241,24,8526,191,30398,358,108648,215,139046,California
San Luis Obispo,2021-05-09,163,239863,40,121973,104,109345,19,8545,46,30347,116,108764,65,139111,California
San Luis Obispo,2021-05-10,726,240589,154,122127,521,109866,51,8596,155,29985,566,109330,204,139315,California
San Luis Obispo,2021-05-11,1192,241781,597,122724,518,110384,77,8673,361,29598,825,110155,438,139753,California
San Luis Obispo,2021-05-12,2423,244204,1599,124323,740,111124,84,8757,666,28606,1742,111897,750,140503,California
San Luis Obispo,2021-05-13,1139,245343,711,125034,366,111490,62,8819,475,28482,660,112557,536,141039,California
San Luis Obispo,2021-05-14,2220,247563,1626,126660,543,112033,51,8870,915,28160,1287,113844,965,142004,California
San Luis Obispo,2021-05-15,991,248554,458,127118,499,112532,34,8904,468,28142,521,114365,503,142507,California
San Luis Obispo,2021-05-16,302,248856,162,127280,134,112666,6,8910,171,28189,130,114495,177,142684,California
San Luis Obispo,2021-05-17,1663,250519,966,128246,645,113311,52,8962,658,27903,996,115491,710,143394,California
San Luis Obispo,2021-05-18,1886,252405,1150,129396,704,114015,32,8994,717,27490,1163,116654,750,144144,California
San Luis Obispo,2021-05-19,1450,253855,624,130020,764,114779,62,9056,411,26930,1033,117687,473,144617,California
San Luis Obispo,2021-05-20,1124,254979,501,130521,591,115370,32,9088,335,26519,778,118465,367,144984,California
San Luis Obispo,2021-05-21,1070,256049,573,131094,456,115826,41,9129,508,26514,554,119019,549,145533,California
San Luis Obispo,2021-05-22,668,256717,324,131418,321,116147,23,9152,333,26542,328,119347,356,145889,California
San Luis Obispo,2021-05-23,147,256864,68,131486,73,116220,6,9158,54,26510,92,119439,60,145949,California
San Luis Obispo,2021-05-24,565,257429,266,131752,265,116485,34,9192,204,26389,359,119798,238,146187,California
San Luis Obispo,2021-05-25,873,258302,432,132184,414,116899,27,9219,349,26249,516,120314,376,146563,California
San Luis Obispo,2021-05-26,2139,260441,987,133171,1097,117996,55,9274,671,25512,1462,121776,725,147288,California
San Luis Obispo,2021-05-27,1872,262313,660,133831,1179,119175,33,9307,481,24639,1386,123162,513,147801,California
San Luis Obispo,2021-05-28,882,263195,451,134282,410,119585,21,9328,465,24709,416,123578,486,148287,California
San Luis Obispo,2021-05-29,374,263569,150,134432,213,119798,11,9339,211,24770,162,123740,223,148510,California
San Luis Obispo,2021-05-30,89,263658,36,134468,45,119843,8,9347,34,24757,54,123794,41,148551,California
San Luis Obispo,2021-05-31,43,263701,5,134473,24,119867,14,9361,16,24761,25,123819,29,148580,California
San Luis Obispo,2021-06-01,752,264453,327,134800,394,120261,31,9392,271,24586,477,124296,302,148882,California
San Luis Obispo,2021-06-02,634,265087,288,135088,307,120568,39,9431,192,24381,436,124732,231,149113,California
San Luis Obispo,2021-06-03,901,265988,443,135531,425,120993,33,9464,244,24004,654,125386,277,149390,California
San Luis Obispo,2021-06-04,2430,268418,1502,137033,888,121881,40,9504,698,23021,1719,127105,736,150126,California
San Luis Obispo,2021-06-05,657,269075,287,137320,347,122228,23,9527,324,23035,333,127438,347,150473,California
San Luis Obispo,2021-06-06,187,269262,140,137460,38,122266,9,9536,48,22953,139,127577,57,150530,California
San Luis Obispo,2021-06-07,540,269802,363,137823,139,122405,38,9574,160,22774,377,127954,198,150728,California
San Luis Obispo,2021-06-08,757,270559,507,138330,207,122612,43,9617,232,22527,522,128476,275,151003,California
San Luis Obispo,2021-06-09,373,270932,185,138515,168,122780,20,9637,111,22398,259,128735,130,151133,California
San Luis Obispo,2021-06-10,225,271157,30,138545,186,122966,9,9646,46,22275,178,128913,55,151188,California
San Mateo,2020-12-15,27,27,27,27,0,0,0,0,27,27,0,0,27,27,California
San Mateo,2020-12-16,111,138,111,138,0,0,0,0,111,138,0,0,111,138,California
San Mateo,2020-12-17,171,309,171,309,0,0,0,0,171,309,0,0,171,309,California
San Mateo,2020-12-18,786,1095,784,1093,2,2,0,0,786,1095,0,0,786,1095,California
San Mateo,2020-12-19,512,1607,512,1605,0,2,0,0,512,1607,0,0,512,1607,California
San Mateo,2020-12-20,508,2115,507,2112,1,3,0,0,508,2115,0,0,508,2115,California
San Mateo,2020-12-21,1151,3266,1150,3262,1,4,0,0,1151,3266,0,0,1151,3266,California
San Mateo,2020-12-22,1526,4792,1518,4780,8,12,0,0,1526,4792,0,0,1526,4792,California
San Mateo,2020-12-23,1584,6376,1395,6175,189,201,0,0,1584,6376,0,0,1584,6376,California
San Mateo,2020-12-24,864,7240,612,6787,252,453,0,0,864,7240,0,0,864,7240,California
San Mateo,2020-12-25,116,7356,112,6899,4,457,0,0,116,7356,0,0,116,7356,California
San Mateo,2020-12-26,564,7920,422,7321,142,599,0,0,564,7920,0,0,564,7920,California
San Mateo,2020-12-27,307,8227,176,7497,131,730,0,0,307,8227,0,0,307,8227,California
San Mateo,2020-12-28,1059,9286,711,8208,348,1078,0,0,1059,9286,0,0,1059,9286,California
San Mateo,2020-12-29,1131,10417,708,8916,423,1501,0,0,1131,10417,0,0,1131,10417,California
San Mateo,2020-12-30,1256,11673,758,9674,498,1999,0,0,1256,11673,0,0,1256,11673,California
San Mateo,2020-12-31,712,12385,230,9904,482,2481,0,0,711,12383,1,1,711,12384,California
San Mateo,2021-01-01,105,12490,72,9976,33,2514,0,0,105,12488,0,1,105,12489,California
San Mateo,2021-01-02,396,12886,268,10244,128,2642,0,0,396,12884,0,1,396,12885,California
San Mateo,2021-01-03,285,13171,209,10453,76,2718,0,0,282,13163,3,4,282,13167,California
San Mateo,2021-01-04,1051,14222,678,11131,373,3091,0,0,1050,14212,1,5,1050,14217,California
San Mateo,2021-01-05,1215,15437,716,11847,499,3590,0,0,1183,15364,32,37,1184,15401,California
San Mateo,2021-01-06,1458,16895,960,12807,498,4088,0,0,1264,16438,191,228,1265,16666,California
San Mateo,2021-01-07,1457,18352,815,13622,642,4730,0,0,1149,17287,301,529,1150,17816,California
San Mateo,2021-01-08,1872,20224,1224,14846,648,5378,0,0,1152,17734,714,1243,1161,18977,California
San Mateo,2021-01-09,1178,21402,782,15628,396,5774,0,0,720,18000,458,1701,724,19701,California
San Mateo,2021-01-10,711,22113,582,16210,129,5903,0,0,267,17825,444,2145,269,19970,California
San Mateo,2021-01-11,2605,24718,1500,17710,1105,7008,0,0,1532,18285,1074,3219,1534,21504,California
San Mateo,2021-01-12,3436,28154,1924,19634,1512,8520,0,0,2232,19335,1202,4421,2252,23756,California
San Mateo,2021-01-13,3398,31552,1658,21292,1740,10260,0,0,2361,20667,1037,5458,2369,26125,California
San Mateo,2021-01-14,3790,35342,1594,22886,2196,12456,0,0,3104,23090,686,6144,3109,29234,California
San Mateo,2021-01-15,4330,39672,1713,24599,2617,15073,0,0,3796,26356,532,6676,3798,33032,California
San Mateo,2021-01-16,3077,42749,768,25367,2309,17382,0,0,2750,28784,326,7002,2754,35786,California
San Mateo,2021-01-17,1319,44068,308,25675,1011,18393,0,0,1111,29687,208,7210,1111,36897,California
San Mateo,2021-01-18,1369,45437,539,26214,830,19223,0,0,990,30301,376,7586,990,37887,California
San Mateo,2021-01-19,2802,48239,1795,28009,1007,20230,0,0,2001,31505,798,8384,2002,39889,California
San Mateo,2021-01-20,2808,51047,1549,29558,1259,21489,0,0,1964,32632,841,9225,1968,41857,California
San Mateo,2021-01-21,2864,53911,1300,30858,1564,23053,0,0,2278,34329,584,9809,2281,44138,California
San Mateo,2021-01-22,2822,56733,1144,32002,1678,24731,0,0,2525,36560,295,10104,2526,46664,California
San Mateo,2021-01-23,2879,59612,1680,33682,1199,25930,0,0,2522,38726,357,10461,2523,49187,California
San Mateo,2021-01-24,1515,61127,377,34059,1138,27068,0,0,1204,39621,310,10771,1205,50392,California
San Mateo,2021-01-25,4431,65558,3156,37215,1275,28343,0,0,3530,42257,899,11670,3535,53927,California
San Mateo,2021-01-26,4330,69888,3007,40222,1323,29666,0,0,3396,44726,933,12603,3402,57329,California
San Mateo,2021-01-27,2829,72717,1488,41710,1341,31007,0,0,1822,45553,1001,13604,1828,59157,California
San Mateo,2021-01-28,2809,75526,1359,43069,1450,32457,0,0,1954,46669,840,14444,1956,61113,California
San Mateo,2021-01-29,3010,78536,1359,44428,1651,34108,0,0,2167,47999,840,15284,2170,63283,California
San Mateo,2021-01-30,3431,81967,1479,45907,1952,36060,0,0,2975,50520,455,15739,2976,66259,California
San Mateo,2021-01-31,1688,83655,900,46807,788,36848,0,0,1528,51889,159,15898,1528,67787,California
San Mateo,2021-02-01,2948,86603,1362,48169,1586,38434,0,0,2223,53392,721,16619,2224,70011,California
San Mateo,2021-02-02,3221,89824,1738,49907,1483,39917,0,0,2190,54555,1027,17646,2190,72201,California
San Mateo,2021-02-03,5000,94824,2060,51967,2940,42857,0,0,3854,57267,1143,18789,3855,76056,California
San Mateo,2021-02-04,6202,101026,2502,54469,3700,46557,0,0,4921,60916,1276,20065,4925,80981,California
San Mateo,2021-02-05,6788,107814,2550,57019,4238,50795,0,0,4963,64071,1808,21873,4963,85944,California
San Mateo,2021-02-06,3277,111091,1919,58938,1358,52153,0,0,2623,66044,652,22525,2625,88569,California
San Mateo,2021-02-07,1898,112989,1349,60287,549,52702,0,0,1707,67560,191,22716,1707,90276,California
San Mateo,2021-02-08,5305,118294,2275,62562,3030,55732,0,0,3131,68581,2110,24826,3131,93407,California
San Mateo,2021-02-09,6173,124467,3217,65779,2956,58688,0,0,3335,69084,2832,27658,3335,96742,California
San Mateo,2021-02-10,6519,130986,3278,69057,3241,61929,0,0,3429,69434,3079,30737,3429,100171,California
San Mateo,2021-02-11,7048,138034,3574,72631,3474,65403,0,0,3788,69973,3251,33988,3790,103961,California
San Mateo,2021-02-12,6640,144674,2987,75618,3653,69056,0,0,4701,72741,1935,35923,4703,108664,California
San Mateo,2021-02-13,6124,150798,4031,79649,2093,71149,0,0,2647,71916,3472,39395,2647,111311,California
San Mateo,2021-02-14,4631,155429,3022,82671,1609,72758,0,0,1970,71233,2654,42049,1971,113282,California
San Mateo,2021-02-15,3157,158586,1454,84125,1703,74461,0,0,1781,71645,1370,43419,1782,115064,California
San Mateo,2021-02-16,7157,165743,1889,86014,5268,79729,0,0,5277,75047,1878,45297,5280,120344,California
San Mateo,2021-02-17,7079,172822,1956,87970,5123,84852,0,0,5043,78064,2029,47326,5046,125390,California
San Mateo,2021-02-18,6665,179487,4602,92572,2063,86915,0,0,4431,80270,2228,49554,4434,129824,California
San Mateo,2021-02-19,7828,187315,5613,98185,2215,89130,0,0,5795,84041,2024,51578,5795,135619,California
San Mateo,2021-02-20,3777,191092,2434,100619,1343,90473,0,0,2334,84939,1436,53014,2334,137953,California
San Mateo,2021-02-21,2642,193734,1793,102412,849,91322,0,0,1578,85460,1057,54071,1578,139531,California
San Mateo,2021-02-22,4473,198207,3245,105657,1228,92550,0,0,2824,86642,1643,55714,2825,142356,California
San Mateo,2021-02-23,4385,202592,3144,108801,1241,93791,0,0,2560,87385,1817,57531,2560,144916,California
San Mateo,2021-02-24,7364,209956,3312,112113,4052,97843,0,0,4889,89809,2466,59997,4890,149806,California
San Mateo,2021-02-25,9294,219250,4135,116248,5159,103002,0,0,6123,92779,3154,63151,6124,155930,California
San Mateo,2021-02-26,10036,229286,3871,120119,6165,109167,0,0,6955,96672,3066,66217,6959,162889,California
San Mateo,2021-02-27,6934,236220,3572,123691,3361,112528,1,1,3736,97223,3191,69408,3742,166631,California
San Mateo,2021-02-28,4453,240673,2755,126446,1698,114226,0,1,2675,98127,1772,71180,2676,169307,California
San Mateo,2021-03-01,6019,246692,3795,130241,2221,116447,3,4,2974,98074,3030,74210,2977,172284,California
San Mateo,2021-03-02,6256,252948,4444,134685,1811,118258,1,5,3595,99018,2653,76863,3597,175881,California
San Mateo,2021-03-03,8443,261391,3966,138651,4475,122733,2,7,3638,97865,4793,81656,3640,179521,California
San Mateo,2021-03-04,8525,269916,4004,142655,4518,127251,3,10,3843,97052,4661,86317,3848,183369,California
San Mateo,2021-03-05,9351,279267,6234,148889,3113,130364,4,14,6550,100828,2781,89098,6557,189926,California
San Mateo,2021-03-06,7977,287244,5562,154451,2240,132604,175,189,5846,104728,2120,91218,6020,195946,California
San Mateo,2021-03-07,3597,290841,2448,156899,1078,133682,71,260,2125,105456,1468,92686,2196,198142,California
San Mateo,2021-03-08,4531,295372,2570,159469,1744,135426,217,477,3311,107769,1213,93899,3526,201668,California
San Mateo,2021-03-09,5357,300729,2859,162328,2223,137649,275,752,3761,110217,1584,95483,4032,205700,California
San Mateo,2021-03-10,7205,307934,2901,165229,4019,141668,285,1037,4815,112940,2375,97858,5098,210798,California
San Mateo,2021-03-11,9121,317055,5738,170967,2990,144658,393,1430,3709,111659,5381,103239,4100,214898,California
San Mateo,2021-03-12,10603,327658,6695,177662,3524,148182,384,1814,3591,108639,6994,110233,3974,218872,California
San Mateo,2021-03-13,8231,335889,3511,181173,3091,151273,1629,3443,3990,110023,4227,114460,5611,224483,California
San Mateo,2021-03-14,5003,340892,3383,184556,1513,152786,107,3550,2649,110432,2346,116806,2755,227238,California
San Mateo,2021-03-15,7199,348091,4655,189211,2368,155154,176,3726,3768,110952,3425,120231,3945,231183,California
San Mateo,2021-03-16,11975,360066,4402,193613,7450,162604,123,3849,4805,108730,7152,127383,4930,236113,California
San Mateo,2021-03-17,10852,370918,4414,198027,6312,168916,126,3975,4877,107790,5946,133329,5006,241119,California
San Mateo,2021-03-18,7291,378209,4094,202121,3013,171929,184,4159,4309,109308,2974,136303,4492,245611,California
San Mateo,2021-03-19,7472,385681,4834,206955,1965,173894,673,4832,3563,109646,3898,140201,4236,249847,California
San Mateo,2021-03-20,8435,394116,6546,213501,1552,175446,337,5169,5384,112331,3035,143236,5720,255567,California
San Mateo,2021-03-21,4252,398368,3223,216724,796,176242,233,5402,2279,112878,1962,145198,2509,258076,California
San Mateo,2021-03-22,5278,403646,3593,220317,1259,177501,426,5828,2753,113547,2509,147707,3178,261254,California
San Mateo,2021-03-23,9814,413460,4488,224805,5131,182632,195,6023,4380,112720,5402,153109,4575,265829,California
San Mateo,2021-03-24,9508,422968,5490,230295,3871,186503,147,6170,4047,111521,5390,158499,4191,270020,California
San Mateo,2021-03-25,10140,433108,4968,235263,4882,191385,290,6460,4401,110583,5633,164132,4695,274715,California
San Mateo,2021-03-26,11281,444389,7769,243032,3344,194729,168,6628,4296,108105,6943,171075,4465,279180,California
San Mateo,2021-03-27,10601,454990,8129,251161,2370,197099,102,6730,4691,107006,5891,176966,4792,283972,California
San Mateo,2021-03-28,4297,459287,2792,253953,1393,198492,112,6842,2006,106845,2281,179247,2120,286092,California
San Mateo,2021-03-29,6059,465346,3772,257725,2033,200525,254,7096,2691,106443,3348,182595,2946,289038,California
San Mateo,2021-03-30,7154,472500,4082,261807,2919,203444,153,7249,3836,107131,3301,185896,3989,293027,California
San Mateo,2021-03-31,7282,479782,4605,266412,2535,205979,142,7391,3842,107694,3421,189317,3984,297011,California
San Mateo,2021-04-01,10613,490395,5245,271657,4155,210134,1213,8604,5692,109721,4874,194191,6901,303912,California
San Mateo,2021-04-02,10883,501278,5202,276859,4051,214185,1630,10234,5677,111841,5184,199375,7304,311216,California
San Mateo,2021-04-03,10008,511286,5745,282604,2466,216651,1797,12031,5086,113811,4913,204288,6883,318099,California
San Mateo,2021-04-04,5448,516734,2625,285229,1567,218218,1256,13287,1698,113028,3735,208023,2952,321051,California
San Mateo,2021-04-05,8968,525702,4779,290008,2453,220671,1736,15023,3825,113459,5126,213149,5557,326608,California
San Mateo,2021-04-06,13252,538954,8255,298263,3138,223809,1859,16882,7516,117120,5720,218869,9381,335989,California
San Mateo,2021-04-07,11425,550379,5272,303535,4460,228269,1693,18575,4835,117072,6569,225438,6521,342510,California
San Mateo,2021-04-08,10166,560545,5045,308580,2512,230781,2609,21184,4494,118508,5654,231092,7090,349600,California
San Mateo,2021-04-09,11383,571928,5544,314124,3354,234135,2485,23669,5108,119823,6272,237364,7587,357187,California
San Mateo,2021-04-10,11300,583228,5729,319853,4124,238259,1447,25116,4663,119324,6607,243971,6108,363295,California
San Mateo,2021-04-11,6658,589886,3297,323150,875,239134,2486,27602,2310,119774,4341,248312,4791,368086,California
San Mateo,2021-04-12,7356,597242,4485,327635,1899,241033,972,28574,3561,120530,3774,252086,4530,372616,California
San Mateo,2021-04-13,8241,605483,5132,332767,3098,244131,11,28585,4378,121076,3853,255939,4399,377015,California
San Mateo,2021-04-14,8349,613832,5411,338178,2937,247068,1,28586,4296,121347,4035,259974,4306,381321,California
San Mateo,2021-04-15,11173,625005,7435,345613,3736,250804,2,28588,7320,124845,3828,263802,7326,388647,California
San Mateo,2021-04-16,9975,634980,6875,352488,3084,253888,16,28604,6326,127565,3628,267430,6348,394995,California
San Mateo,2021-04-17,9774,644754,6495,358983,3277,257165,2,28606,6139,130087,3625,271055,6147,401142,California
San Mateo,2021-04-18,5435,650189,2595,361578,2840,260005,0,28606,3660,131991,1762,272817,3666,404808,California
San Mateo,2021-04-19,8352,658541,5434,367012,2918,262923,0,28606,5434,134530,2904,275721,5443,410251,California
San Mateo,2021-04-20,10323,668864,5762,372774,4560,267483,1,28607,6641,137522,3660,279381,6652,416903,California
San Mateo,2021-04-21,9021,677885,6097,378871,2922,270405,2,28609,5576,139680,3425,282806,5583,422486,California
San Mateo,2021-04-22,9588,687473,6408,385279,3179,273584,1,28610,5317,140763,4239,287045,5322,427808,California
San Mateo,2021-04-23,9434,696907,6197,391476,3237,276821,0,28610,5286,141942,4122,291167,5301,433109,California
San Mateo,2021-04-24,11278,708185,8035,399511,3243,280064,0,28610,5823,142341,5432,296599,5831,438940,California
San Mateo,2021-04-25,5540,713725,3860,403371,1678,281742,2,28612,3943,144713,1581,298180,3953,442893,California
San Mateo,2021-04-26,6639,720364,4799,408170,1832,283574,8,28620,3871,145848,2756,300936,3891,446784,California
San Mateo,2021-04-27,11356,731720,7994,416164,3209,286783,153,28773,4644,143967,6682,307618,4801,451585,California
San Mateo,2021-04-28,7878,739598,4499,420663,3174,289957,205,28978,4216,144743,3649,311267,4425,456010,California
San Mateo,2021-04-29,8085,747683,3753,424416,4158,294115,174,29152,3658,144188,4399,315666,3844,459854,California
San Mateo,2021-04-30,8058,755741,5057,429473,2848,296963,153,29305,3415,143151,4619,320285,3582,463436,California
San Mateo,2021-05-01,6161,761902,4133,433606,1910,298873,118,29423,2679,142493,3466,323751,2808,466244,California
San Mateo,2021-05-02,3186,765088,1746,435352,1370,300243,70,29493,1156,141701,2022,325773,1230,467474,California
San Mateo,2021-05-03,6030,771118,4508,439860,1378,301621,144,29637,1844,139511,4178,329951,1988,469462,California
San Mateo,2021-05-04,7287,778405,4949,444809,2167,303788,171,29808,2493,137407,4780,334731,2676,472138,California
San Mateo,2021-05-05,6880,785285,4502,449311,2219,306007,159,29967,2388,135493,4464,339195,2550,474688,California
San Mateo,2021-05-06,8570,793855,6693,456004,1701,307708,176,30143,1757,130636,6794,345989,1937,476625,California
San Mateo,2021-05-07,8210,802065,5868,461872,2058,309766,284,30427,1828,126402,6357,352346,2123,478748,California
San Mateo,2021-05-08,6649,808714,4025,465897,2384,312150,240,30667,1840,123690,4797,357143,2085,480833,California
San Mateo,2021-05-09,3117,811831,2427,468324,616,312766,74,30741,1060,122777,2048,359191,1135,481968,California
San Mateo,2021-05-10,4619,816450,3321,471645,1128,313894,170,30911,764,119875,3844,363035,942,482910,California
San Mateo,2021-05-11,6692,823142,4992,476637,1570,315464,130,31041,1737,116801,4943,367978,1869,484779,California
San Mateo,2021-05-12,6920,830062,5036,481673,1668,317132,216,31257,1783,113677,5125,373103,2001,486780,California
San Mateo,2021-05-13,9529,839591,7129,488802,2305,319437,95,31352,3554,111393,5944,379047,3660,490440,California
San Mateo,2021-05-14,8335,847926,6157,494959,2066,321503,112,31464,2706,108604,5614,384661,2825,493265,California
San Mateo,2021-05-15,10389,858315,8104,503063,2184,323687,101,31565,4558,107465,5819,390480,4680,497945,California
San Mateo,2021-05-16,7159,865474,5094,508157,1996,325683,69,31634,2186,104767,4955,395435,2257,500202,California
San Mateo,2021-05-17,7045,872519,4989,513146,1947,327630,109,31743,2145,102139,4885,400320,2257,502459,California
San Mateo,2021-05-18,8457,880976,5830,518976,2530,330160,97,31840,3094,100097,5237,405557,3195,505654,California
San Mateo,2021-05-19,7860,888836,5884,524860,1855,332015,121,31961,3677,99760,4136,409693,3799,509453,California
San Mateo,2021-05-20,5592,894428,3433,528293,2027,334042,132,32093,2242,98809,3326,413019,2375,511828,California
San Mateo,2021-05-21,6949,901377,4719,533012,2088,336130,142,32235,2005,96032,4924,417943,2147,513975,California
San Mateo,2021-05-22,6131,907508,4111,537123,1949,338079,71,32306,2420,94832,3693,421636,2493,516468,California
San Mateo,2021-05-23,2976,910484,1649,538772,1240,339319,87,32393,1150,94254,1815,423451,1237,517705,California
San Mateo,2021-05-24,3387,913871,2226,540998,1012,340331,149,32542,1103,93236,2267,425718,1249,518954,California
San Mateo,2021-05-25,4763,918634,2999,543997,1585,341916,179,32721,1601,91876,3142,428860,1782,520736,California
San Mateo,2021-05-26,5649,924283,3055,547052,2479,344395,115,32836,1791,89943,3839,432699,1906,522642,California
San Mateo,2021-05-27,3798,928081,2227,549279,1475,345870,96,32932,1272,88806,2501,435200,1364,524006,California
San Mateo,2021-05-28,3482,931563,2206,551485,1192,347062,84,33016,1346,88137,2097,437297,1428,525434,California
San Mateo,2021-05-29,3230,934793,2298,553783,880,347942,52,33068,1331,87645,1874,439171,1382,526816,California
San Mateo,2021-05-30,1654,936447,1123,554906,470,348412,61,33129,674,87409,971,440142,735,527551,California
San Mateo,2021-05-31,496,936943,332,555238,155,348567,9,33138,222,87368,272,440414,231,527782,California
San Mateo,2021-06-01,3400,940343,2042,557280,1260,349827,98,33236,1121,86319,2267,442681,1218,529000,California
San Mateo,2021-06-02,2769,943112,1840,559120,851,350678,78,33314,1125,85891,1629,444310,1201,530201,California
San Mateo,2021-06-03,3803,946915,2990,562110,699,351377,114,33428,883,83975,2909,447219,993,531194,California
San Mateo,2021-06-04,4177,951092,3238,565348,856,352233,83,33511,1268,82422,2891,450110,1338,532532,California
San Mateo,2021-06-05,5132,956224,4504,569852,528,352761,100,33611,1102,79626,3997,454107,1201,533733,California
San Mateo,2021-06-06,2469,958693,2031,571883,374,353135,64,33675,543,78322,1907,456014,603,534336,California
San Mateo,2021-06-07,3078,961771,2590,574473,418,353553,70,33745,781,76882,2288,458302,848,535184,California
San Mateo,2021-06-08,3966,965737,3342,577815,528,354081,96,33841,942,74930,2990,461292,1038,536222,California
San Mateo,2021-06-09,3282,969019,2885,580700,346,354427,51,33892,508,72726,2761,464053,557,536779,California
San Mateo,2021-06-10,1594,970613,1339,582039,193,354620,62,33954,395,71990,1193,465246,457,537236,California
Santa Barbara,2020-12-15,2,2,2,2,0,0,0,0,2,2,0,0,2,2,California
Santa Barbara,2020-12-16,2,4,2,4,0,0,0,0,2,4,0,0,2,4,California
Santa Barbara,2020-12-17,56,60,56,60,0,0,0,0,56,60,0,0,56,60,California
Santa Barbara,2020-12-18,380,440,379,439,1,1,0,0,380,440,0,0,380,440,California
Santa Barbara,2020-12-19,325,765,325,764,0,1,0,0,325,765,0,0,325,765,California
Santa Barbara,2020-12-20,235,1000,235,999,0,1,0,0,235,1000,0,0,235,1000,California
Santa Barbara,2020-12-21,652,1652,650,1649,2,3,0,0,652,1652,0,0,652,1652,California
Santa Barbara,2020-12-22,245,1897,243,1892,2,5,0,0,245,1897,0,0,245,1897,California
Santa Barbara,2020-12-23,324,2221,206,2098,118,123,0,0,324,2221,0,0,324,2221,California
Santa Barbara,2020-12-24,88,2309,40,2138,48,171,0,0,88,2309,0,0,88,2309,California
Santa Barbara,2020-12-26,327,2636,67,2205,260,431,0,0,327,2636,0,0,327,2636,California
Santa Barbara,2020-12-27,62,2698,1,2206,61,492,0,0,62,2698,0,0,62,2698,California
Santa Barbara,2020-12-28,358,3056,225,2431,133,625,0,0,358,3056,0,0,358,3056,California
Santa Barbara,2020-12-29,561,3617,359,2790,202,827,0,0,561,3617,0,0,561,3617,California
Santa Barbara,2020-12-30,577,4194,395,3185,182,1009,0,0,577,4194,0,0,577,4194,California
Santa Barbara,2020-12-31,240,4434,114,3299,126,1135,0,0,240,4434,0,0,240,4434,California
Santa Barbara,2021-01-01,116,4550,110,3409,6,1141,0,0,116,4550,0,0,116,4550,California
Santa Barbara,2021-01-02,599,5149,233,3642,366,1507,0,0,599,5149,0,0,599,5149,California
Santa Barbara,2021-01-03,23,5172,15,3657,8,1515,0,0,23,5172,0,0,23,5172,California
Santa Barbara,2021-01-04,305,5477,242,3899,63,1578,0,0,304,5476,0,0,304,5476,California
Santa Barbara,2021-01-05,752,6229,381,4280,371,1949,0,0,724,6172,28,28,724,6200,California
Santa Barbara,2021-01-06,657,6886,277,4557,380,2329,0,0,596,6708,60,88,596,6796,California
Santa Barbara,2021-01-07,1034,7920,711,5268,323,2652,0,0,529,6736,501,589,529,7325,California
Santa Barbara,2021-01-08,1204,9124,845,6113,359,3011,0,0,710,6952,494,1083,710,8035,California
Santa Barbara,2021-01-09,566,9690,293,6406,273,3284,0,0,320,7026,246,1329,320,8355,California
Santa Barbara,2021-01-10,62,9752,50,6456,12,3296,0,0,46,7056,16,1345,46,8401,California
Santa Barbara,2021-01-11,840,10592,671,7127,169,3465,0,0,615,7447,224,1569,615,9016,California
Santa Barbara,2021-01-12,1440,12032,645,7772,795,4260,0,0,1282,8571,158,1727,1282,10298,California
Santa Barbara,2021-01-13,1218,13250,270,8042,948,5208,0,0,1091,9535,127,1854,1091,11389,California
Santa Barbara,2021-01-14,1252,14502,136,8178,1116,6324,0,0,1197,10679,54,1908,1198,12587,California
Santa Barbara,2021-01-15,1806,16308,425,8603,1381,7705,0,0,1724,12322,81,1989,1724,14311,California
Santa Barbara,2021-01-16,1276,17584,201,8804,1075,8780,0,0,1237,13521,38,2027,1237,15548,California
Santa Barbara,2021-01-17,124,17708,21,8825,103,8883,0,0,121,13639,3,2030,121,15669,California
Santa Barbara,2021-01-18,1156,18864,419,9244,737,9620,0,0,970,14423,186,2216,970,16639,California
Santa Barbara,2021-01-19,1638,20502,571,9815,1067,10687,0,0,1359,15504,278,2494,1359,17998,California
Santa Barbara,2021-01-20,2104,22606,549,10364,1555,12242,0,0,1748,16898,355,2849,1749,19747,California
Santa Barbara,2021-01-21,3195,25801,1919,12283,1276,13518,0,0,3035,19774,160,3009,3036,22783,California
Santa Barbara,2021-01-22,2933,28734,1780,14063,1153,14671,0,0,2769,22383,161,3170,2770,25553,California
Santa Barbara,2021-01-23,1732,30466,1102,15165,630,15301,0,0,1223,23098,508,3678,1223,26776,California
Santa Barbara,2021-01-24,843,31309,751,15916,92,15393,0,0,834,23923,9,3687,834,27610,California
Santa Barbara,2021-01-25,1244,32553,500,16416,744,16137,0,0,1007,24693,237,3924,1007,28617,California
Santa Barbara,2021-01-26,2064,34617,484,16900,1580,17717,0,0,1681,25993,381,4305,1681,30298,California
Santa Barbara,2021-01-27,1168,35785,401,17301,767,18484,0,0,905,26639,262,4567,908,31206,California
Santa Barbara,2021-01-28,894,36679,297,17598,597,19081,0,0,680,27108,211,4778,680,31886,California
Santa Barbara,2021-01-29,1336,38015,535,18133,801,19882,0,0,982,27741,351,5129,984,32870,California
Santa Barbara,2021-01-30,1905,39920,1420,19553,485,20367,0,0,1489,28828,413,5542,1500,34370,California
Santa Barbara,2021-01-31,1455,41375,1217,20770,238,20605,0,0,1416,30205,39,5581,1416,35786,California
Santa Barbara,2021-02-01,956,42331,529,21299,427,21032,0,0,557,30363,399,5980,557,36343,California
Santa Barbara,2021-02-02,1808,44139,679,21978,1129,22161,0,0,1043,30644,762,6742,1043,37386,California
Santa Barbara,2021-02-03,1945,46084,1080,23058,865,23026,0,0,1505,31720,429,7171,1505,38891,California
Santa Barbara,2021-02-04,2780,48864,1868,24926,912,23938,0,0,2482,33910,292,7463,2482,41373,California
Santa Barbara,2021-02-05,2901,51765,2058,26984,843,24781,0,0,2258,35527,641,8104,2258,43631,California
Santa Barbara,2021-02-06,1203,52968,338,27322,865,25646,0,0,793,35910,410,8514,793,44424,California
Santa Barbara,2021-02-07,302,53270,263,27585,39,25685,0,0,267,36143,34,8548,267,44691,California
Santa Barbara,2021-02-08,954,54224,309,27894,645,26330,0,0,664,36517,290,8838,664,45355,California
Santa Barbara,2021-02-09,2436,56660,313,28207,2123,28453,0,0,1119,36328,1308,10146,1119,46474,California
Santa Barbara,2021-02-10,2757,59417,1494,29701,1263,29716,0,0,779,35137,1970,12116,779,47253,California
Santa Barbara,2021-02-11,4196,63613,2812,32513,1384,31100,0,0,629,32209,3557,15673,629,47882,California
Santa Barbara,2021-02-12,3311,66924,948,33461,2363,33463,0,0,777,30458,2528,18201,777,48659,California
Santa Barbara,2021-02-13,1230,68154,339,33800,891,34354,0,0,559,30348,669,18870,559,49218,California
Santa Barbara,2021-02-14,336,68490,40,33840,296,34650,0,0,289,30590,47,18917,289,49507,California
Santa Barbara,2021-02-15,971,69461,340,34180,631,35281,0,0,496,30614,472,19389,496,50003,California
Santa Barbara,2021-02-16,2134,71595,421,34601,1713,36994,0,0,721,29926,1409,20798,721,50724,California
Santa Barbara,2021-02-17,1432,73027,319,34920,1113,38107,0,0,520,29538,908,21706,520,51244,California
Santa Barbara,2021-02-18,3254,76281,2650,37570,604,38711,0,0,1522,29364,1696,23402,1522,52766,California
Santa Barbara,2021-02-19,3591,79872,2638,40208,953,39664,0,0,2327,30430,1261,24663,2327,55093,California
Santa Barbara,2021-02-20,2229,82101,1444,41652,785,40449,0,0,1671,31553,548,25211,1671,56764,California
Santa Barbara,2021-02-21,138,82239,109,41761,29,40478,0,0,61,31539,75,25286,61,56825,California
Santa Barbara,2021-02-22,934,83173,244,42005,690,41168,0,0,269,31146,662,25948,269,57094,California
Santa Barbara,2021-02-23,3190,86363,1046,43051,2144,43312,0,0,421,28802,2765,28713,421,57515,California
Santa Barbara,2021-02-24,3222,89585,1101,44152,2121,45433,0,0,723,27036,2489,31202,723,58238,California
Santa Barbara,2021-02-25,3458,93043,1922,46074,1536,46969,0,0,993,25573,2457,33659,994,59232,California
Santa Barbara,2021-02-26,3665,96708,2179,48253,1486,48455,0,0,1975,25866,1682,35341,1975,61207,California
Santa Barbara,2021-02-27,1536,98244,563,48816,973,49428,0,0,855,26046,677,36018,857,62064,California
Santa Barbara,2021-02-28,1087,99331,221,49037,866,50294,0,0,894,26754,187,36205,895,62959,California
Santa Barbara,2021-03-01,1652,100983,472,49509,1178,51472,2,2,1092,27306,543,36748,1095,64054,California
Santa Barbara,2021-03-02,2661,103644,423,49932,2238,53710,0,2,2160,28979,488,37236,2161,66215,California
Santa Barbara,2021-03-03,4631,108275,2099,52031,2530,56240,2,4,4035,32434,585,37821,4040,70255,California
Santa Barbara,2021-03-04,3423,111698,2282,54313,1141,57381,0,4,2867,34754,547,38368,2867,73122,California
Santa Barbara,2021-03-05,3821,115519,2165,56478,1597,58978,59,63,3096,37189,720,39088,3155,76277,California
Santa Barbara,2021-03-06,2434,117953,726,57204,1488,60466,220,283,1669,38314,761,39849,1886,78163,California
Santa Barbara,2021-03-07,566,118519,124,57328,310,60776,132,415,384,38650,181,40030,517,78680,California
Santa Barbara,2021-03-08,1579,120098,379,57707,857,61633,343,758,796,39012,777,40807,1139,79819,California
Santa Barbara,2021-03-09,2805,122903,349,58056,1684,63317,772,1530,744,38466,2058,42865,1512,81331,California
Santa Barbara,2021-03-10,2770,125673,556,58612,1164,64481,1050,2580,1047,38842,1718,44583,2094,83425,California
Santa Barbara,2021-03-11,5585,131258,3030,61642,1438,65919,1117,3697,2279,38939,3292,47875,3389,86814,California
Santa Barbara,2021-03-12,3688,134946,2103,63745,1155,67074,430,4127,2183,40052,1497,49372,2610,89424,California
Santa Barbara,2021-03-13,3493,138439,1936,65681,1349,68423,208,4335,2697,42164,793,50165,2905,92329,California
Santa Barbara,2021-03-14,803,139242,388,66069,359,68782,56,4391,482,42382,320,50485,538,92867,California
Santa Barbara,2021-03-15,2115,141357,696,66765,1128,69910,291,4682,1268,43100,839,51324,1557,94424,California
Santa Barbara,2021-03-16,3722,145079,1172,67937,2207,72117,343,5025,2734,45193,984,52308,3077,97501,California
Santa Barbara,2021-03-17,3314,148393,974,68911,1935,74052,405,5430,2322,46926,990,53298,2723,100224,California
Santa Barbara,2021-03-18,5228,153621,2800,71711,2226,76278,202,5632,4003,49922,1209,54507,4205,104429,California
Santa Barbara,2021-03-19,4451,158072,2771,74482,1347,77625,333,5965,3057,51921,1390,55897,3389,107818,California
Santa Barbara,2021-03-20,2178,160250,835,75317,1328,78953,15,5980,1330,52420,845,56742,1344,109162,California
Santa Barbara,2021-03-21,1167,161417,384,75701,753,79706,30,6010,840,52965,325,57067,870,110032,California
Santa Barbara,2021-03-22,2779,164196,1915,77616,820,80526,44,6054,2223,54685,547,57614,2267,112299,California
Santa Barbara,2021-03-23,4488,168684,2257,79873,2130,82656,101,6155,3714,57735,764,58378,3814,116113,California
Santa Barbara,2021-03-24,5422,174106,3154,83027,1515,84171,753,6908,2973,59031,2426,60804,3722,119835,California
Santa Barbara,2021-03-25,5568,179674,3276,86303,2100,86271,192,7100,2790,59251,2762,63566,2982,122817,California
Santa Barbara,2021-03-26,5098,184772,3233,89536,1566,87837,299,7399,2246,58961,2834,66400,2544,125361,California
Santa Barbara,2021-03-27,2958,187730,1224,90760,1691,89528,43,7442,1624,59296,1330,67730,1665,127026,California
Santa Barbara,2021-03-28,2781,190511,1656,92416,1097,90625,28,7470,1893,60334,884,68614,1922,128948,California
Santa Barbara,2021-03-29,4043,194554,2085,94501,1887,92512,71,7541,3229,62824,810,69424,3300,132248,California
Santa Barbara,2021-03-30,6805,201359,3515,98016,3139,95651,151,7692,4537,65256,2253,71677,4685,136933,California
Santa Barbara,2021-03-31,8692,210051,5534,103550,3092,98743,66,7758,5056,66763,3615,75292,5122,142055,California
Santa Barbara,2021-04-01,7050,217101,5214,108764,1577,100320,259,8017,4181,68352,2850,78142,4439,146494,California
Santa Barbara,2021-04-02,6651,223752,4564,113328,1492,101812,595,8612,3425,69154,3218,81360,4020,150514,California
Santa Barbara,2021-04-03,3813,227565,2116,115444,1631,103443,66,8678,2521,70452,1288,82648,2586,153100,California
Santa Barbara,2021-04-04,900,228465,444,115888,416,103859,40,8718,499,70592,399,83047,539,153639,California
Santa Barbara,2021-04-05,3467,231932,2292,118180,917,104776,258,8976,2171,71734,1287,84334,2429,156068,California
Santa Barbara,2021-04-06,5491,237423,2831,121011,2122,106898,538,9514,3363,73520,2112,86446,3898,159966,California
Santa Barbara,2021-04-07,6019,243442,3286,124297,2191,109089,542,10056,4085,76223,1924,88370,4627,164593,California
Santa Barbara,2021-04-08,7431,250873,5055,129352,646,109735,1730,11786,3433,77393,3992,92362,5162,169755,California
Santa Barbara,2021-04-09,7334,258207,4884,134236,1092,110827,1358,13144,3309,78038,4016,96378,4661,174416,California
Santa Barbara,2021-04-10,6724,264931,4659,138895,1447,112274,618,13762,4578,81095,2137,98515,5194,179610,California
Santa Barbara,2021-04-11,2687,267618,1971,140866,413,112687,303,14065,1861,82435,820,99335,2160,181770,California
Santa Barbara,2021-04-12,4430,272048,2853,143719,1023,113710,554,14619,1921,82406,2502,101837,2473,184243,California
Santa Barbara,2021-04-13,6380,278428,4191,147910,2183,115893,6,14625,2661,81377,3714,105551,2685,186928,California
Santa Barbara,2021-04-14,6763,285191,4407,152317,2354,118247,2,14627,4220,83075,2532,108083,4230,191158,California
Santa Barbara,2021-04-15,6970,292161,4099,156416,2870,121117,1,14628,3773,83665,3187,111270,3777,194935,California
Santa Barbara,2021-04-16,6373,298534,3741,160157,2621,123738,11,14639,4382,86082,1975,113245,4392,199327,California
Santa Barbara,2021-04-17,5306,303840,3853,164010,1453,125191,0,14639,4087,88962,1207,114452,4087,203414,California
Santa Barbara,2021-04-18,2134,305974,1481,165491,653,125844,0,14639,373,87579,1757,116209,374,203788,California
Santa Barbara,2021-04-19,3231,309205,2225,167716,1000,126844,6,14645,1027,86414,2199,118408,1034,204822,California
Santa Barbara,2021-04-20,5875,315080,3950,171666,1924,128768,1,14646,1650,83852,4212,122620,1650,206472,California
Santa Barbara,2021-04-21,5478,320558,3633,175299,1845,130613,0,14646,1738,81863,3727,126347,1738,208210,California
Santa Barbara,2021-04-22,5093,325651,2555,177854,2537,133150,1,14647,1454,79697,3623,129970,1457,209667,California
Santa Barbara,2021-04-23,5582,331233,3875,181729,1707,134857,0,14647,1964,78056,3605,133575,1964,211631,California
Santa Barbara,2021-04-24,4427,335660,2875,184604,1547,136404,5,14652,1631,76916,2777,136352,1637,213268,California
Santa Barbara,2021-04-25,1837,337497,1185,185789,652,137056,0,14652,499,76086,1329,137681,499,213767,California
Santa Barbara,2021-04-26,3237,340734,1972,187761,1244,138300,21,14673,555,73986,2676,140357,576,214343,California
Santa Barbara,2021-04-27,3958,344692,2162,189923,1691,139991,105,14778,1168,72477,2781,143138,1272,215615,California
Santa Barbara,2021-04-28,4907,349599,2858,192781,1932,141923,117,14895,1398,70500,3495,146633,1518,217133,California
Santa Barbara,2021-04-29,5252,354851,3800,196581,1225,143148,227,15122,1439,68367,3797,150430,1664,218797,California
Santa Barbara,2021-04-30,4948,359799,3696,200277,1088,144236,164,15286,1412,66422,3520,153950,1575,220372,California
Santa Barbara,2021-05-01,5256,365055,4070,204347,1152,145388,34,15320,890,62995,4352,158302,925,221297,California
Santa Barbara,2021-05-02,1133,366188,667,205014,338,145726,128,15448,308,62606,825,159127,436,221733,California
Santa Barbara,2021-05-03,2204,368392,1478,206492,587,146313,139,15587,442,61429,1756,160883,579,222312,California
Santa Barbara,2021-05-04,3287,371679,1664,208156,1551,147864,72,15659,1144,60514,2130,163013,1215,223527,California
Santa Barbara,2021-05-05,5429,377108,3670,211826,1612,149476,147,15806,623,56493,4793,167806,772,224299,California
Santa Barbara,2021-05-06,5054,382162,3915,215741,1035,150511,104,15910,967,53494,4070,171876,1071,225370,California
Santa Barbara,2021-05-07,4662,386824,3649,219390,833,151344,180,16090,1003,51025,3649,175525,1180,226550,California
Santa Barbara,2021-05-08,4239,391063,3158,222548,983,152327,98,16188,892,48681,3334,178859,990,227540,California
Santa Barbara,2021-05-09,701,391764,110,222658,551,152878,40,16228,467,48957,232,179091,508,228048,California
Santa Barbara,2021-05-10,1320,393084,622,223280,615,153493,83,16311,365,48451,953,180044,447,228495,California
Santa Barbara,2021-05-11,1870,394954,783,224063,791,154284,296,16607,425,47732,1437,181481,718,229213,California
Santa Barbara,2021-05-12,1662,396616,737,224800,699,154983,226,16833,484,47272,1170,182651,710,229923,California
Santa Barbara,2021-05-13,3734,400350,2791,227591,748,155731,195,17028,1238,46219,2485,185136,1432,231355,California
Santa Barbara,2021-05-14,4148,404498,2531,230122,1523,157254,94,17122,1636,45450,2497,187633,1728,233083,California
Santa Barbara,2021-05-15,3507,408005,2567,232689,921,158175,19,17141,1844,45662,1652,189285,1864,234947,California
Santa Barbara,2021-05-16,1065,409070,466,233155,484,158659,115,17256,470,45656,591,189876,585,235532,California
Santa Barbara,2021-05-17,1635,410705,931,234086,641,159300,63,17319,866,45821,763,190639,928,236460,California
Santa Barbara,2021-05-18,1843,412548,1162,235248,586,159886,95,17414,975,46040,852,191491,1071,237531,California
Santa Barbara,2021-05-19,1756,414304,968,236216,747,160633,41,17455,815,45962,933,192424,855,238386,California
Santa Barbara,2021-05-20,1708,416012,934,237150,654,161287,120,17575,855,46095,841,193265,974,239360,California
Santa Barbara,2021-05-21,3456,419468,2334,239484,1068,162355,54,17629,1272,45252,2170,195435,1327,240687,California
Santa Barbara,2021-05-22,2458,421926,1701,241185,713,163068,44,17673,1387,45620,1064,196499,1432,242119,California
Santa Barbara,2021-05-23,742,422668,321,241506,393,163461,28,17701,404,45715,337,196836,432,242551,California
Santa Barbara,2021-05-24,999,423667,584,242090,352,163813,63,17764,481,45745,514,197350,544,243095,California
Santa Barbara,2021-05-25,1399,425066,568,242658,762,164575,69,17833,461,45343,932,198282,530,243625,California
Santa Barbara,2021-05-26,2993,428059,1702,244360,1171,165746,120,17953,826,44136,2152,200434,945,244570,California
Santa Barbara,2021-05-27,1954,430013,1211,245571,599,166345,144,18097,827,43987,1120,201554,971,245541,California
Santa Barbara,2021-05-28,1510,431523,705,246276,654,166999,151,18248,623,43878,884,202438,775,246316,California
Santa Barbara,2021-05-29,896,432419,315,246591,544,167543,37,18285,366,43754,527,202965,403,246719,California
Santa Barbara,2021-05-30,499,432918,179,246770,223,167766,97,18382,186,43725,311,203276,282,247001,California
Santa Barbara,2021-05-31,95,433013,43,246813,42,167808,10,18392,23,43686,71,203347,32,247033,California
Santa Barbara,2021-06-01,1131,434144,594,247407,479,168287,58,18450,463,43545,662,204009,521,247554,California
Santa Barbara,2021-06-02,983,435127,586,247993,314,168601,83,18533,434,43517,544,204553,516,248070,California
Santa Barbara,2021-06-03,2051,437178,1546,249539,450,169051,55,18588,614,42753,1432,205985,668,248738,California
Santa Barbara,2021-06-04,1453,438631,665,250204,648,169699,140,18728,489,42425,957,206942,629,249367,California
Santa Barbara,2021-06-05,2911,441542,2203,252407,657,170356,51,18779,497,40571,2401,209343,547,249914,California
Santa Barbara,2021-06-06,905,442447,474,252881,413,170769,18,18797,252,40191,650,209993,270,250184,California
Santa Barbara,2021-06-07,1165,443612,829,253710,281,171050,55,18852,297,39677,866,210859,352,250536,California
Santa Barbara,2021-06-08,1098,444710,706,254416,360,171410,32,18884,285,39184,809,211668,316,250852,California
Santa Barbara,2021-06-09,655,445365,407,254823,169,171579,79,18963,218,39047,434,212102,297,251149,California
Santa Barbara,2021-06-10,1789,447154,1633,256456,107,171686,49,19012,321,37950,1466,213568,369,251518,California
Santa Clara,2020-12-15,69,69,69,69,0,0,0,0,69,69,0,0,69,69,California
Santa Clara,2020-12-16,148,217,148,217,0,0,0,0,148,217,0,0,148,217,California
Santa Clara,2020-12-17,408,625,408,625,0,0,0,0,408,625,0,0,408,625,California
Santa Clara,2020-12-18,1767,2392,1767,2392,0,0,0,0,1767,2392,0,0,1767,2392,California
Santa Clara,2020-12-19,2090,4482,2090,4482,0,0,0,0,2089,4481,0,0,2089,4481,California
Santa Clara,2020-12-20,1900,6382,1899,6381,1,1,0,0,1897,6378,0,0,1897,6378,California
Santa Clara,2020-12-21,2687,9069,2687,9068,0,1,0,0,2686,9064,0,0,2686,9064,California
Santa Clara,2020-12-22,3160,12229,3153,12221,7,8,0,0,3157,12221,0,0,3157,12221,California
Santa Clara,2020-12-23,3307,15536,3117,15338,190,198,0,0,3306,15527,0,0,3306,15527,California
Santa Clara,2020-12-24,1903,17439,1713,17051,190,388,0,0,1898,17424,1,1,1898,17425,California
Santa Clara,2020-12-25,346,17785,345,17396,1,389,0,0,346,17770,0,1,346,17771,California
Santa Clara,2020-12-26,1279,19064,1044,18440,235,624,0,0,1278,19048,0,1,1278,19049,California
Santa Clara,2020-12-27,654,19718,512,18952,142,766,0,0,654,19702,0,1,654,19703,California
Santa Clara,2020-12-28,2344,22062,1732,20684,612,1378,0,0,2344,22046,0,1,2344,22047,California
Santa Clara,2020-12-29,2375,24437,1506,22190,869,2247,0,0,2374,24420,0,1,2374,24421,California
Santa Clara,2020-12-30,2999,27436,1898,24088,1101,3348,0,0,2997,27415,2,3,2997,27418,California
Santa Clara,2020-12-31,1227,28663,392,24480,835,4183,0,0,1226,28640,1,4,1226,28644,California
Santa Clara,2021-01-01,147,28810,12,24492,135,4318,0,0,146,28785,1,5,146,28790,California
Santa Clara,2021-01-02,1096,29906,821,25313,275,4593,0,0,1096,29881,0,5,1096,29886,California
Santa Clara,2021-01-03,584,30490,368,25681,216,4809,0,0,579,30457,3,8,579,30465,California
Santa Clara,2021-01-04,2484,32974,1677,27358,807,5616,0,0,2480,32936,1,9,2480,32945,California
Santa Clara,2021-01-05,3095,36069,2031,29389,1064,6680,0,0,2901,35650,193,202,2907,35852,California
Santa Clara,2021-01-06,3356,39425,1984,31373,1372,8052,0,0,2753,37807,598,800,2755,38607,California
Santa Clara,2021-01-07,4258,43683,2590,33963,1668,9720,0,0,3164,39898,1084,1884,3175,41782,California
Santa Clara,2021-01-08,5956,49639,3922,37885,2034,11754,0,0,3830,41629,2122,4006,3853,45635,California
Santa Clara,2021-01-09,3069,52708,1950,39835,1119,12873,0,0,1741,42073,1328,5334,1772,47407,California
Santa Clara,2021-01-10,1978,54686,1529,41364,449,13322,0,0,758,41614,1219,6553,760,48167,California
Santa Clara,2021-01-11,5985,60671,3783,45147,2202,15524,0,0,3392,42423,2592,9145,3401,51568,California
Santa Clara,2021-01-12,6877,67548,3476,48623,3401,18925,0,0,4583,44750,2294,11439,4621,56189,California
Santa Clara,2021-01-13,7417,74965,3083,51706,4334,23259,0,0,5215,47780,2200,13639,5230,61419,California
Santa Clara,2021-01-14,8251,83216,2813,54519,5438,28697,0,0,6499,52535,1747,15386,6502,67921,California
Santa Clara,2021-01-15,9487,92703,2690,57209,6797,35494,0,0,8158,59373,1325,16711,8163,76084,California
Santa Clara,2021-01-16,4321,97024,1240,58449,3081,38575,0,0,3475,62012,842,17553,3481,79565,California
Santa Clara,2021-01-17,3240,100264,615,59064,2625,41200,0,0,2737,64246,503,18056,2737,82302,California
Santa Clara,2021-01-18,5130,105394,1175,60239,3955,45155,0,0,4570,68258,560,18616,4572,86874,California
Santa Clara,2021-01-19,8530,113924,2698,62937,5832,50987,0,0,6838,73410,1689,20305,6841,93715,California
Santa Clara,2021-01-20,8153,122077,4154,67091,3999,54986,0,0,6600,78468,1548,21853,6606,100321,California
Santa Clara,2021-01-21,8752,130829,3798,70889,4954,59940,0,0,7538,84801,1212,23065,7545,107866,California
Santa Clara,2021-01-22,8668,139497,3254,74143,5414,65354,0,0,8090,92321,576,23641,8096,115962,California
Santa Clara,2021-01-23,3806,143303,1695,75838,2111,67465,0,0,2839,94194,967,24608,2840,118802,California
Santa Clara,2021-01-24,2843,146146,1425,77263,1418,68883,0,0,2357,96068,483,25091,2357,121159,California
Santa Clara,2021-01-25,8419,154565,3812,81075,4607,73490,0,0,6336,100332,2075,27166,6339,127498,California
Santa Clara,2021-01-26,8349,162914,3820,84895,4529,78019,0,0,6199,104398,2140,29306,6206,133704,California
Santa Clara,2021-01-27,8801,171715,3877,88772,4924,82943,0,0,6864,109355,1917,31223,6874,140578,California
Santa Clara,2021-01-28,9572,181287,3837,92609,5735,88678,0,0,7590,114993,1961,33184,7599,148177,California
Santa Clara,2021-01-29,9577,190864,3957,96566,5620,94298,0,0,7389,120210,2179,35363,7396,155573,California
Santa Clara,2021-01-30,4162,195026,2081,98647,2081,96379,0,0,2943,121942,1212,36575,2944,158517,California
Santa Clara,2021-01-31,2189,197215,1308,99955,881,97260,0,0,1591,122939,594,37169,1591,160108,California
Santa Clara,2021-02-01,7875,205090,3521,103476,4354,101614,0,0,6165,127404,1702,38871,6167,166275,California
Santa Clara,2021-02-02,8632,213722,2891,106367,5741,107355,0,0,6608,131998,2017,40888,6611,172886,California
Santa Clara,2021-02-03,9232,222954,3500,109867,5732,113087,0,0,6942,136664,2282,43170,6948,179834,California
Santa Clara,2021-02-04,10987,233941,4162,114029,6825,119912,0,0,8683,143056,2294,45464,8686,188520,California
Santa Clara,2021-02-05,11974,245915,4366,118395,7608,127520,0,0,8507,148111,3453,48917,8508,197028,California
Santa Clara,2021-02-06,5228,251143,2838,121233,2390,129910,0,0,4053,150994,1172,50089,4055,201083,California
Santa Clara,2021-02-07,3489,254632,2353,123586,1136,131046,0,0,3032,153571,456,50545,3033,204116,California
Santa Clara,2021-02-08,10069,264701,3525,127111,6544,137590,0,0,7346,158209,2709,53254,7347,211463,California
Santa Clara,2021-02-09,11196,275897,3830,130941,7366,144956,0,0,7688,162406,3495,56749,7692,219155,California
Santa Clara,2021-02-10,12695,288592,4946,135887,7749,152705,0,0,6856,163436,5828,62577,6858,226013,California
Santa Clara,2021-02-11,13612,302204,4775,140662,8837,161542,0,0,7737,165314,5860,68437,7738,233751,California
Santa Clara,2021-02-12,14612,316816,4501,145163,10111,171653,0,0,7012,164749,7579,76016,7014,240765,California
Santa Clara,2021-02-13,6103,322919,1471,146634,4632,176285,0,0,2229,163113,3867,79883,2231,242996,California
Santa Clara,2021-02-14,4628,327547,1149,147783,3479,179764,0,0,1477,161443,3149,83032,1479,244475,California
Santa Clara,2021-02-15,6285,333832,2798,150581,3487,183251,0,0,2712,160588,3567,86599,2712,247187,California
Santa Clara,2021-02-16,13853,347685,4046,154627,9807,193058,0,0,6952,160657,6884,93483,6953,254140,California
Santa Clara,2021-02-17,14118,361803,5519,160146,8599,201657,0,0,7055,160672,7045,100528,7060,261200,California
Santa Clara,2021-02-18,14304,376107,8435,168581,5869,207526,0,0,7290,160990,6975,107503,7293,268493,California
Santa Clara,2021-02-19,14961,391068,9596,178177,5365,212891,0,0,8714,163479,6230,113733,8719,277212,California
Santa Clara,2021-02-20,6963,398031,5201,183378,1762,214653,0,0,3756,164038,3197,116930,3756,280968,California
Santa Clara,2021-02-21,3390,401421,2518,185896,872,215525,0,0,1256,163170,2126,119056,1258,282226,California
Santa Clara,2021-02-22,10338,411759,6179,192075,4159,219684,0,0,4808,162461,5518,124574,4809,287035,California
Santa Clara,2021-02-23,12048,423807,7801,199876,4247,223931,0,0,6817,164065,5217,129791,6821,293856,California
Santa Clara,2021-02-24,14312,438119,9244,209120,5068,228999,0,0,8855,167479,5441,135232,8855,302711,California
Santa Clara,2021-02-25,15092,453211,9633,218753,5459,234458,0,0,8227,168871,6840,142072,8232,310943,California
Santa Clara,2021-02-26,15035,468246,8717,227470,6318,240776,0,0,8208,170280,6802,148874,8211,319154,California
Santa Clara,2021-02-27,8279,476525,5735,233205,2543,243319,1,1,4634,171287,3635,152509,4642,323796,California
Santa Clara,2021-02-28,5376,481901,3667,236872,1709,245028,0,1,2668,171258,2698,155207,2669,326465,California
Santa Clara,2021-03-01,14570,496471,8384,245256,6181,251209,5,6,9038,174789,5512,160719,9043,335508,California
Santa Clara,2021-03-02,16127,512598,9557,254813,6569,257778,1,7,10277,179244,5825,166544,10280,345788,California
Santa Clara,2021-03-03,18551,531149,9130,263943,9418,267196,3,10,11505,183748,7008,173552,11512,357300,California
Santa Clara,2021-03-04,16584,547733,9045,272988,7536,274732,3,13,9651,186553,6851,180403,9656,366956,California
Santa Clara,2021-03-05,16650,564383,9269,282257,7255,281987,126,139,9250,188556,7378,187781,9381,376337,California
Santa Clara,2021-03-06,9482,573865,6340,288597,2689,284676,453,592,7109,193756,2360,190141,7560,383897,California
Santa Clara,2021-03-07,6845,580710,4480,293077,2121,286797,244,836,5448,198059,1388,191529,5691,389588,California
Santa Clara,2021-03-08,12958,593668,6751,299828,5631,292428,576,1412,8319,202332,4621,196150,8894,398482,California
Santa Clara,2021-03-09,15273,608941,6529,306357,7406,299834,1338,2750,6844,202100,8408,204558,8176,406658,California
Santa Clara,2021-03-10,15173,624114,6610,312967,6443,306277,2120,4870,6233,201516,8911,213469,8327,414985,California
Santa Clara,2021-03-11,17114,641228,7786,320753,7819,314096,1509,6379,6060,198045,11025,224494,7554,422539,California
Santa Clara,2021-03-12,17778,659006,9133,329886,7068,321164,1577,7956,5978,193818,11759,236253,7532,430071,California
Santa Clara,2021-03-13,10799,669805,6252,336138,3047,324211,1500,9456,4785,194091,5991,242244,6264,436335,California
Santa Clara,2021-03-14,6539,676344,3384,339522,1847,326058,1308,10764,3165,195195,3357,245601,4461,440796,California
Santa Clara,2021-03-15,12847,689191,6567,346089,6005,332063,275,11039,5972,194589,6852,252453,6246,447042,California
Santa Clara,2021-03-16,18247,707438,10320,356409,7719,339782,208,11247,8809,194196,9409,261862,9016,456058,California
Santa Clara,2021-03-17,19999,727437,11327,367736,8504,348286,168,11415,10289,194987,9660,271522,10451,466509,California
Santa Clara,2021-03-18,19150,746587,8964,376700,9016,357302,1170,12585,8951,194957,10143,281665,10113,476622,California
Santa Clara,2021-03-19,19374,765961,9963,386663,8404,365706,1007,13592,9863,196365,9452,291117,10860,487482,California
Santa Clara,2021-03-20,11528,777489,6347,393010,4348,370054,833,14425,6695,199087,4803,295920,7525,495007,California
Santa Clara,2021-03-21,8339,785828,3785,396795,3151,373205,1403,15828,5323,202794,3003,298923,6710,501717,California
Santa Clara,2021-03-22,16375,802203,9151,405946,6873,380078,351,16179,9002,204797,7346,306269,9349,511066,California
Santa Clara,2021-03-23,19279,821482,12258,418204,6495,386573,526,16705,11086,208262,8146,314415,11611,522677,California
Santa Clara,2021-03-24,22665,844147,14601,432805,7646,394219,418,17123,14625,215311,7998,322413,15047,537724,California
Santa Clara,2021-03-25,23008,867155,13203,446008,8831,403050,974,18097,14775,222874,8169,330582,15732,553456,California
Santa Clara,2021-03-26,22003,889158,14010,460018,7604,410654,389,18486,13498,228287,8467,339049,13880,567336,California
Santa Clara,2021-03-27,15755,904913,10476,470494,4505,415159,774,19260,8428,230200,7282,346331,9195,576531,California
Santa Clara,2021-03-28,12106,917019,8393,478887,2997,418156,716,19976,6494,231819,5585,351916,7204,583735,California
Santa Clara,2021-03-29,20641,937660,12663,491550,7251,425407,727,20703,11142,234232,9457,361373,11870,595605,California
Santa Clara,2021-03-30,25716,963376,15292,506842,8471,433878,1953,22656,16181,242862,9494,370867,18124,613729,California
Santa Clara,2021-03-31,20545,983921,11939,518781,7475,441353,1131,23787,12625,248726,7877,378744,13741,627470,California
Santa Clara,2021-04-01,31926,1015847,19905,538686,8947,450300,3074,26861,20159,260229,11700,390444,23203,650673,California
Santa Clara,2021-04-02,25262,1041109,14407,553093,8699,458999,2156,29017,16509,270168,8711,399155,18650,669323,California
Santa Clara,2021-04-03,15328,1056437,9295,562388,3520,462519,2513,31530,8528,274414,6779,405934,11025,680348,California
Santa Clara,2021-04-04,7664,1064101,4053,566441,2440,464959,1171,32701,3979,275883,3674,409608,5143,685491,California
Santa Clara,2021-04-05,21944,1086045,14612,581053,4844,469803,2488,35189,14326,285093,7591,417199,16801,702292,California
Santa Clara,2021-04-06,29652,1115697,16336,597389,7835,477638,5481,40670,17818,296580,11787,428986,23274,725566,California
Santa Clara,2021-04-07,30995,1146692,15977,613366,8495,486133,6523,47193,18916,309960,12022,441008,25402,750968,California
Santa Clara,2021-04-08,30067,1176759,16428,629794,6009,492142,7630,54823,16396,320343,13599,454607,23982,774950,California
Santa Clara,2021-04-09,28147,1204906,13932,643726,6917,499059,7298,62121,14380,328277,13699,468306,21633,796583,California
Santa Clara,2021-04-10,21534,1226440,12446,656172,3772,502831,5316,67437,11518,335077,9983,478289,16783,813366,California
Santa Clara,2021-04-11,16083,1242523,9645,665817,2667,505498,3771,71208,8347,339468,7702,485991,12093,825459,California
Santa Clara,2021-04-12,27081,1269604,19059,684876,5575,511073,2447,73655,18481,351846,8540,494531,20918,846377,California
Santa Clara,2021-04-13,34506,1304110,27138,712014,7338,518411,30,73685,26610,370708,7821,502352,26683,873060,California
Santa Clara,2021-04-14,36981,1341091,28011,740025,8966,527377,4,73689,26302,386440,10615,512967,26347,899407,California
Santa Clara,2021-04-15,44270,1385361,34316,774341,9950,537327,4,73693,34161,410635,10004,522971,34199,933606,California
Santa Clara,2021-04-16,38484,1423845,26342,800683,12139,549466,3,73696,27600,427441,10822,533793,27628,961234,California
Santa Clara,2021-04-17,22009,1445854,15032,815715,6975,556441,2,73698,15107,435714,6851,540644,15124,976358,California
Santa Clara,2021-04-18,16436,1462290,10694,826409,5742,562183,0,73698,10266,439852,6140,546784,10278,986636,California
Santa Clara,2021-04-19,28838,1491128,20875,847284,7962,570145,1,73699,17264,445641,11506,558290,17295,1003931,California
Santa Clara,2021-04-20,36930,1528058,22472,869756,14457,584602,1,73700,22551,453952,14272,572562,22583,1026514,California
Santa Clara,2021-04-21,36838,1564896,21367,891123,15469,600071,2,73702,24369,465974,12380,584942,24402,1050916,California
Santa Clara,2021-04-22,37263,1602159,24847,915970,12415,612486,1,73703,17599,464072,19568,604510,17666,1068582,California
Santa Clara,2021-04-23,32081,1634240,19501,935471,12579,625065,1,73704,15067,462278,16914,621424,15120,1083702,California
Santa Clara,2021-04-24,21146,1655386,15482,950953,5663,630728,1,73705,11985,465208,9086,630510,12016,1095718,California
Santa Clara,2021-04-25,13619,1669005,9852,960805,3761,634489,6,73711,8691,469044,4885,635395,8721,1104439,California
Santa Clara,2021-04-26,24939,1693944,19228,980033,5653,640142,58,73769,10367,465018,14475,649870,10449,1114888,California
Santa Clara,2021-04-27,27486,1721430,19537,999570,7573,647715,376,74145,11986,462014,15407,665277,12403,1127291,California
Santa Clara,2021-04-28,25973,1747403,19249,1018819,6285,654000,439,74584,11024,458667,14867,680144,11520,1138811,California
Santa Clara,2021-04-29,23904,1771307,17479,1036298,6027,660027,398,74982,8970,453237,14862,695006,9432,1148243,California
Santa Clara,2021-04-30,22994,1794301,15748,1052046,6881,666908,365,75347,9750,450269,13156,708162,10188,1158431,California
Santa Clara,2021-05-01,17470,1811771,14523,1066569,2687,669595,260,75607,5471,444092,11950,720112,5773,1164204,California
Santa Clara,2021-05-02,11293,1823064,9369,1075938,1693,671288,231,75838,3482,440057,7769,727881,3734,1167938,California
Santa Clara,2021-05-03,22833,1845897,19385,1095323,3016,674304,432,76270,5133,428029,17628,745509,5600,1173538,California
Santa Clara,2021-05-04,30533,1876430,23883,1119206,6107,680411,543,76813,5488,409151,24948,770457,6070,1179608,California
Santa Clara,2021-05-05,32166,1908596,24414,1143620,7206,687617,546,77359,5437,388524,26635,797092,6008,1185616,California
Santa Clara,2021-05-06,35421,1944017,29523,1173143,5424,693041,474,77833,4691,363108,30601,827693,5185,1190801,California
Santa Clara,2021-05-07,32546,1976563,26174,1199317,5878,698919,494,78327,4642,340512,27772,855465,5176,1195977,California
Santa Clara,2021-05-08,16478,1993041,13404,1212721,2652,701571,422,78749,3479,331518,12911,868376,3917,1199894,California
Santa Clara,2021-05-09,10491,2003532,9123,1221844,1180,702751,188,78937,2460,326185,7993,876369,2660,1202554,California
Santa Clara,2021-05-10,20805,2024337,16669,1238513,3732,706483,404,79341,2739,311359,17989,894358,3163,1205717,California
Santa Clara,2021-05-11,22117,2046454,16600,1255113,5073,711556,444,79785,4008,297799,18020,912378,4460,1210177,California
Santa Clara,2021-05-12,21014,2067468,15380,1270493,5125,716681,509,80294,4544,286480,16387,928765,5068,1215245,California
Santa Clara,2021-05-13,27999,2095467,22691,1293184,5007,721688,301,80595,11218,281307,16698,945463,11525,1226770,California
Santa Clara,2021-05-14,27543,2123010,19202,1312386,7955,729643,386,80981,9633,273519,17818,963281,10030,1236800,California
Santa Clara,2021-05-15,20730,2143740,16628,1329014,3821,733464,281,81262,8074,269305,12574,975855,8360,1245160,California
Santa Clara,2021-05-16,16063,2159803,13064,1342078,2823,736287,176,81438,5242,263985,10741,986596,5421,1250581,California
Santa Clara,2021-05-17,20154,2179957,15850,1357928,3940,740227,364,81802,6869,258006,13213,999809,7234,1257815,California
Santa Clara,2021-05-18,26032,2205989,16608,1374536,9008,749235,416,82218,7297,247123,18599,1018408,7716,1265531,California
Santa Clara,2021-05-19,24561,2230550,14344,1388880,9796,759031,421,82639,7477,238054,16975,1035383,7906,1273437,California
Santa Clara,2021-05-20,18324,2248874,12029,1400909,5844,764875,451,83090,6173,232606,12068,1047451,6620,1280057,California
Santa Clara,2021-05-21,22266,2271140,14806,1415715,6963,771838,497,83587,7646,226249,14515,1061966,8158,1288215,California
Santa Clara,2021-05-22,12811,2283951,9710,1425425,2755,774593,346,83933,5585,225025,7158,1069124,5934,1294149,California
Santa Clara,2021-05-23,8126,2292077,6004,1431429,1921,776514,201,84134,3245,223638,4834,1073958,3447,1297596,California
Santa Clara,2021-05-24,10267,2302344,7274,1438703,2543,779057,450,84584,3549,220979,6658,1080616,3999,1301595,California
Santa Clara,2021-05-25,11421,2313765,7912,1446615,3092,782149,417,85001,4447,218940,6901,1087517,4862,1306457,California
Santa Clara,2021-05-26,10331,2324096,6711,1453326,3292,785441,328,85329,3975,216982,6256,1093773,4298,1310755,California
Santa Clara,2021-05-27,9357,2333453,5991,1459317,2892,788333,474,85803,3588,215334,5703,1099476,4055,1314810,California
Santa Clara,2021-05-28,10696,2344149,6920,1466237,3350,791683,426,86229,4355,213837,6279,1105755,4782,1319592,California
Santa Clara,2021-05-29,6295,2350444,4306,1470543,1709,793392,280,86509,2889,213636,3365,1109120,3164,1322756,California
Santa Clara,2021-05-30,3794,2354238,2846,1473389,738,794130,210,86719,1826,213729,1942,1111062,2035,1324791,California
Santa Clara,2021-05-31,1096,2355334,631,1474020,356,794486,109,86828,443,213634,647,1111709,552,1325343,California
Santa Clara,2021-06-01,9033,2364367,6364,1480384,2289,796775,380,87208,3276,211604,5686,1117395,3656,1328999,California
Santa Clara,2021-06-02,7638,2372005,5507,1485891,1779,798554,352,87560,2958,210277,4628,1122023,3301,1332300,California
Santa Clara,2021-06-03,12209,2384214,10119,1496010,1721,800275,369,87929,2779,204053,9376,1131399,3152,1335452,California
Santa Clara,2021-06-04,13500,2397714,11322,1507332,1855,802130,323,88252,3364,197664,10070,1141469,3681,1339133,California
Santa Clara,2021-06-05,10086,2407800,8630,1515962,1199,803329,257,88509,2220,192327,7812,1149281,2475,1341608,California
Santa Clara,2021-06-06,6201,2414001,5453,1521415,598,803927,150,88659,1388,189107,4757,1154038,1537,1343145,California
Santa Clara,2021-06-07,9647,2423648,8101,1529516,1293,805220,253,88912,2347,184443,7261,1161299,2597,1345742,California
Santa Clara,2021-06-08,8760,2432408,7116,1536632,1379,806599,265,89177,2450,180901,6255,1167554,2713,1348455,California
Santa Clara,2021-06-09,8036,2440444,6858,1543490,972,807571,206,89383,1880,176882,6101,1173655,2082,1350537,California
Santa Clara,2021-06-10,2844,2443288,2221,1545711,483,808054,140,89523,736,175665,2091,1175746,874,1351411,California
Santa Cruz,2020-12-15,2,2,2,2,0,0,0,0,2,2,0,0,2,2,California
Santa Cruz,2020-12-16,57,59,57,59,0,0,0,0,57,59,0,0,57,59,California
Santa Cruz,2020-12-17,385,444,385,444,0,0,0,0,385,444,0,0,385,444,California
Santa Cruz,2020-12-18,456,900,456,900,0,0,0,0,456,900,0,0,456,900,California
Santa Cruz,2020-12-19,177,1077,176,1076,1,1,0,0,177,1077,0,0,177,1077,California
Santa Cruz,2020-12-20,92,1169,92,1168,0,1,0,0,92,1169,0,0,92,1169,California
Santa Cruz,2020-12-21,434,1603,433,1601,1,2,0,0,434,1603,0,0,434,1603,California
Santa Cruz,2020-12-22,413,2016,412,2013,1,3,0,0,413,2016,0,0,413,2016,California
Santa Cruz,2020-12-23,358,2374,318,2331,40,43,0,0,358,2374,0,0,358,2374,California
Santa Cruz,2020-12-24,124,2498,48,2379,76,119,0,0,124,2498,0,0,124,2498,California
Santa Cruz,2020-12-25,9,2507,9,2388,0,119,0,0,9,2507,0,0,9,2507,California
Santa Cruz,2020-12-26,61,2568,43,2431,18,137,0,0,61,2568,0,0,61,2568,California
Santa Cruz,2020-12-27,31,2599,26,2457,5,142,0,0,31,2599,0,0,31,2599,California
Santa Cruz,2020-12-28,475,3074,107,2564,368,510,0,0,475,3074,0,0,475,3074,California
Santa Cruz,2020-12-29,784,3858,363,2927,421,931,0,0,784,3858,0,0,784,3858,California
Santa Cruz,2020-12-30,345,4203,157,3084,188,1119,0,0,345,4203,0,0,345,4203,California
Santa Cruz,2020-12-31,309,4512,10,3094,299,1418,0,0,309,4512,0,0,309,4512,California
Santa Cruz,2021-01-01,33,4545,1,3095,32,1450,0,0,33,4545,0,0,33,4545,California
Santa Cruz,2021-01-02,65,4610,52,3147,13,1463,0,0,65,4610,0,0,65,4610,California
Santa Cruz,2021-01-03,14,4624,6,3153,8,1471,0,0,14,4624,0,0,14,4624,California
Santa Cruz,2021-01-04,276,4900,122,3275,154,1625,0,0,274,4898,0,0,274,4898,California
Santa Cruz,2021-01-05,558,5458,425,3700,133,1758,0,0,260,4860,298,298,260,5158,California
Santa Cruz,2021-01-06,792,6250,663,4363,129,1887,0,0,456,4981,335,633,456,5614,California
Santa Cruz,2021-01-07,529,6779,211,4574,318,2205,0,0,374,5201,155,788,375,5989,California
Santa Cruz,2021-01-08,921,7700,553,5127,368,2573,0,0,482,5245,439,1227,483,6472,California
Santa Cruz,2021-01-09,461,8161,123,5250,338,2911,0,0,405,5594,56,1283,405,6877,California
Santa Cruz,2021-01-10,73,8234,64,5314,9,2920,0,0,19,5559,54,1337,19,6896,California
Santa Cruz,2021-01-11,711,8945,580,5894,131,3051,0,0,186,5221,525,1862,187,7083,California
Santa Cruz,2021-01-12,714,9659,521,6415,193,3244,0,0,471,5450,243,2105,472,7555,California
Santa Cruz,2021-01-13,505,10164,224,6639,281,3525,0,0,425,5798,77,2182,425,7980,California
Santa Cruz,2021-01-14,539,10703,98,6737,441,3966,0,0,478,6215,61,2243,478,8458,California
Santa Cruz,2021-01-15,1428,12131,71,6808,1357,5323,0,0,1367,7523,61,2304,1369,9827,California
Santa Cruz,2021-01-16,417,12548,49,6857,368,5691,0,0,401,7908,16,2320,401,10228,California
Santa Cruz,2021-01-17,296,12844,41,6898,255,5946,0,0,272,8156,24,2344,272,10500,California
Santa Cruz,2021-01-18,986,13830,99,6997,887,6833,0,0,925,9020,61,2405,925,11425,California
Santa Cruz,2021-01-19,1599,15429,513,7510,1086,7919,0,0,1255,9934,342,2747,1256,12681,California
Santa Cruz,2021-01-20,1227,16656,176,7686,1051,8970,0,0,1033,10777,191,2938,1034,13715,California
Santa Cruz,2021-01-21,1679,18335,194,7880,1485,10455,0,0,1573,12246,106,3044,1575,15290,California
Santa Cruz,2021-01-22,1770,20105,517,8397,1253,11708,0,0,1668,13817,98,3142,1669,16959,California
Santa Cruz,2021-01-23,393,20498,140,8537,253,11961,0,0,337,14099,55,3197,337,17296,California
Santa Cruz,2021-01-24,113,20611,18,8555,95,12056,0,0,95,14176,18,3215,95,17391,California
Santa Cruz,2021-01-25,1040,21651,355,8910,685,12741,0,0,541,14218,499,3714,541,17932,California
Santa Cruz,2021-01-26,1664,23315,246,9156,1418,14159,0,0,1162,14879,502,4216,1163,19095,California
Santa Cruz,2021-01-27,1634,24949,442,9598,1192,15351,0,0,1252,15751,380,4596,1252,20347,California
Santa Cruz,2021-01-28,1731,26680,284,9882,1447,16798,0,0,1457,16935,274,4870,1458,21805,California
Santa Cruz,2021-01-29,1718,28398,479,10361,1239,18037,0,0,1589,18396,128,4998,1589,23394,California
Santa Cruz,2021-01-30,1052,29450,309,10670,743,18780,0,0,920,19184,132,5130,920,24314,California
Santa Cruz,2021-01-31,218,29668,111,10781,107,18887,0,0,204,19374,14,5144,204,24518,California
Santa Cruz,2021-02-01,1203,30871,738,11519,465,19352,0,0,810,19791,393,5537,810,25328,California
Santa Cruz,2021-02-02,977,31848,123,11642,854,20206,0,0,827,20469,149,5686,827,26155,California
Santa Cruz,2021-02-03,2179,34027,934,12576,1245,21451,0,0,1873,22039,303,5989,1873,28028,California
Santa Cruz,2021-02-04,1815,35842,755,13331,1060,22511,0,0,1483,23191,331,6320,1483,29511,California
Santa Cruz,2021-02-05,3099,38941,756,14087,2343,24854,0,0,2788,25669,310,6630,2788,32299,California
Santa Cruz,2021-02-06,2538,41479,151,14238,2387,27241,0,0,2195,27521,343,6973,2195,34494,California
Santa Cruz,2021-02-07,901,42380,124,14362,777,28018,0,0,883,28386,18,6991,883,35377,California
Santa Cruz,2021-02-08,681,43061,192,14554,489,28507,0,0,490,28686,190,7181,490,35867,California
Santa Cruz,2021-02-09,2336,45397,1048,15602,1288,29795,0,0,2080,30510,256,7437,2080,37947,California
Santa Cruz,2021-02-10,2128,47525,560,16162,1568,31363,0,0,1444,31283,672,8109,1445,39392,California
Santa Cruz,2021-02-11,1806,49331,302,16464,1504,32867,0,0,1301,32081,503,8612,1301,40693,California
Santa Cruz,2021-02-12,3142,52473,408,16872,2734,35601,0,0,1758,32466,1375,9987,1760,42453,California
Santa Cruz,2021-02-13,1671,54144,119,16991,1552,37153,0,0,1266,33327,405,10392,1266,43719,California
Santa Cruz,2021-02-14,1387,55531,68,17059,1319,38472,0,0,1125,34190,262,10654,1125,44844,California
Santa Cruz,2021-02-15,1544,57075,274,17333,1270,39742,0,0,549,33745,995,11649,550,45394,California
Santa Cruz,2021-02-16,1656,58731,200,17533,1456,41198,0,0,513,33137,1121,12770,513,45907,California
Santa Cruz,2021-02-17,2862,61593,957,18490,1905,43103,0,0,1181,32653,1668,14438,1184,47091,California
Santa Cruz,2021-02-18,2820,64413,618,19108,2202,45305,0,0,1211,32259,1605,16043,1211,48302,California
Santa Cruz,2021-02-19,3194,67607,1113,20221,2081,47386,0,0,1964,32996,1227,17270,1964,50266,California
Santa Cruz,2021-02-20,2341,69948,1467,21688,874,48260,0,0,1846,34347,495,17765,1846,52112,California
Santa Cruz,2021-02-21,829,70777,365,22053,464,48724,0,0,700,34920,127,17892,700,52812,California
Santa Cruz,2021-02-22,1211,71988,931,22984,280,49004,0,0,517,34745,692,18584,517,53329,California
Santa Cruz,2021-02-23,2059,74047,918,23902,1141,50145,0,0,692,34071,1366,19950,692,54021,California
Santa Cruz,2021-02-24,3119,77166,1627,25529,1492,51637,0,0,1178,33313,1936,21886,1178,55199,California
Santa Cruz,2021-02-25,3169,80335,1389,26918,1780,53417,0,0,1743,33639,1418,23304,1744,56943,California
Santa Cruz,2021-02-26,2698,83033,742,27660,1956,55373,0,0,1538,34024,1155,24459,1540,58483,California
Santa Cruz,2021-02-27,2610,85643,919,28579,1691,57064,0,0,1825,35066,783,25242,1825,60308,California
Santa Cruz,2021-02-28,1278,86921,361,28940,917,57981,0,0,1067,35925,208,25450,1067,61375,California
Santa Cruz,2021-03-01,1875,88796,1232,30172,643,58624,0,0,697,35446,1176,26626,697,62072,California
Santa Cruz,2021-03-02,1510,90306,352,30524,1158,59782,0,0,858,35656,651,27277,861,62933,California
Santa Cruz,2021-03-03,2302,92608,609,31133,1693,61475,0,0,1255,35867,1044,28321,1255,64188,California
Santa Cruz,2021-03-04,2927,95535,1385,32518,1541,63016,1,1,1969,36891,947,29268,1971,66159,California
Santa Cruz,2021-03-05,2574,98109,468,32986,2089,65105,17,18,1116,36569,1455,30723,1133,67292,California
Santa Cruz,2021-03-06,3743,101852,1268,34254,2376,67481,99,117,2071,37066,1672,32395,2169,69461,California
Santa Cruz,2021-03-07,1333,103185,122,34376,1141,68622,70,187,553,36910,779,33174,623,70084,California
Santa Cruz,2021-03-08,1067,104252,215,34591,723,69345,129,316,645,37260,422,33596,772,70856,California
Santa Cruz,2021-03-09,1743,105995,253,34844,1345,70690,145,461,691,37047,1049,34645,836,71692,California
Santa Cruz,2021-03-10,3787,109782,2068,36912,1577,72267,142,603,1977,37360,1808,36453,2121,73813,California
Santa Cruz,2021-03-11,2765,112547,1202,38114,1393,73660,170,773,1530,37828,1234,37687,1702,75515,California
Santa Cruz,2021-03-12,2697,115244,866,38980,1546,75206,285,1058,903,37224,1790,39477,1186,76701,California
Santa Cruz,2021-03-13,2255,117499,1303,40283,912,76118,40,1098,1152,37318,1100,40577,1194,77895,California
Santa Cruz,2021-03-14,880,118379,201,40484,666,76784,13,1111,420,37292,458,41035,432,78327,California
Santa Cruz,2021-03-15,1300,119679,456,40940,810,77594,34,1145,555,37141,741,41776,590,78917,California
Santa Cruz,2021-03-16,2262,121941,1071,42011,1150,78744,41,1186,1309,37542,948,42724,1349,80266,California
Santa Cruz,2021-03-17,3858,125799,2275,44286,1573,80317,10,1196,2539,38781,1314,44038,2553,82819,California
Santa Cruz,2021-03-18,3784,129583,2034,46320,1633,81950,117,1313,2023,39163,1758,45796,2140,84959,California
Santa Cruz,2021-03-19,3303,132886,1290,47610,1794,83744,219,1532,1717,39517,1581,47377,1935,86894,California
Santa Cruz,2021-03-20,2137,135023,1602,49212,500,84244,35,1567,1068,39552,1068,48445,1103,87997,California
Santa Cruz,2021-03-21,815,135838,435,49647,255,84499,125,1692,423,39712,389,48834,549,88546,California
Santa Cruz,2021-03-22,1318,137156,815,50462,481,84980,22,1714,917,40254,398,49232,940,89486,California
Santa Cruz,2021-03-23,2496,139652,1397,51859,1050,86030,49,1763,1653,41114,842,50074,1702,91188,California
Santa Cruz,2021-03-24,3012,142664,2045,53904,946,86976,21,1784,1998,42124,1008,51082,2018,93206,California
Santa Cruz,2021-03-25,2575,145239,1290,55194,1250,88226,35,1819,1298,42187,1270,52352,1333,94539,California
Santa Cruz,2021-03-26,3046,148285,1761,56955,1257,89483,28,1847,2076,43327,963,53315,2103,96642,California
Santa Cruz,2021-03-27,3114,151399,1932,58887,1157,90640,25,1872,1462,43173,1642,54957,1488,98130,California
Santa Cruz,2021-03-28,902,152301,555,59442,333,90973,14,1886,472,43233,426,55383,486,98616,California
Santa Cruz,2021-03-29,1949,154250,850,60292,1032,92005,67,1953,1231,43816,715,56098,1298,99914,California
Santa Cruz,2021-03-30,2638,156888,792,61084,1696,93701,150,2103,1679,44687,957,57055,1828,101742,California
Santa Cruz,2021-03-31,4103,160991,2783,63867,1274,94975,46,2149,2148,44931,1950,59005,2194,103936,California
Santa Cruz,2021-04-01,3935,164926,2107,65974,1720,96695,108,2257,1986,45083,1942,60947,2094,106030,California
Santa Cruz,2021-04-02,3231,168157,1382,67356,1673,98368,176,2433,1838,45707,1390,62337,2014,108044,California
Santa Cruz,2021-04-03,2206,170363,1204,68560,876,99244,126,2559,863,45354,1341,63678,988,109032,California
Santa Cruz,2021-04-04,922,171285,480,69040,386,99630,56,2615,538,45564,384,64062,594,109626,California
Santa Cruz,2021-04-05,2228,173513,763,69803,1300,100930,165,2780,1376,46255,851,64913,1542,111168,California
Santa Cruz,2021-04-06,3331,176844,1614,71417,1344,102274,373,3153,1931,47164,1390,66303,2299,113467,California
Santa Cruz,2021-04-07,4060,180904,1599,73016,2111,104385,350,3503,1754,46964,2303,68606,2103,115570,California
Santa Cruz,2021-04-08,4175,185079,2285,75301,1389,105774,501,4004,2458,48213,1708,70314,2957,118527,California
Santa Cruz,2021-04-09,3656,188735,1474,76775,1785,107559,397,4401,2052,49066,1597,71911,2450,120977,California
Santa Cruz,2021-04-10,2200,190935,1045,77820,916,108475,239,4640,1031,49169,1165,73076,1268,122245,California
Santa Cruz,2021-04-11,965,191900,502,78322,374,108849,89,4729,462,49217,503,73579,551,122796,California
Santa Cruz,2021-04-12,2266,194166,796,79118,1059,109908,411,5140,1093,49563,1159,74738,1505,124301,California
Santa Cruz,2021-04-13,2861,197027,1416,80534,1444,111352,1,5141,1626,49964,1227,75965,1628,125929,California
Santa Cruz,2021-04-14,4555,201582,2180,82714,2375,113727,0,5141,2240,49906,2307,78272,2249,128178,California
Santa Cruz,2021-04-15,4965,206547,3142,85856,1823,115550,0,5141,3155,51266,1799,80071,3159,131337,California
Santa Cruz,2021-04-16,4398,210945,2416,88272,1980,117530,2,5143,2402,51683,1988,82059,2405,133742,California
Santa Cruz,2021-04-17,2199,213144,870,89142,1329,118859,0,5143,1461,52408,736,82795,1461,135203,California
Santa Cruz,2021-04-18,1034,214178,495,89637,538,119397,1,5144,578,52533,454,83249,579,135782,California
Santa Cruz,2021-04-19,2499,216677,1480,91117,1018,120415,1,5145,1594,53225,902,84151,1594,137376,California
Santa Cruz,2021-04-20,3076,219753,1619,92736,1457,121872,0,5145,1785,53728,1283,85434,1786,139162,California
Santa Cruz,2021-04-21,4144,223897,2770,95506,1374,123246,0,5145,2240,54083,1886,87320,2241,141403,California
Santa Cruz,2021-04-22,4214,228111,2844,98350,1370,124616,0,5145,2378,54634,1827,89147,2378,143781,California
Santa Cruz,2021-04-23,3116,231227,1681,100031,1434,126050,1,5146,1348,54224,1758,90905,1348,145129,California
Santa Cruz,2021-04-24,2194,233421,1060,101091,1131,127181,3,5149,685,53413,1499,92404,688,145817,California
Santa Cruz,2021-04-25,1066,234487,679,101770,375,127556,12,5161,436,53238,622,93026,447,146264,California
Santa Cruz,2021-04-26,2062,236549,1004,102774,1044,128600,14,5175,862,52925,1190,94216,877,147141,California
Santa Cruz,2021-04-27,2930,239479,951,103725,1898,130498,81,5256,1470,53023,1453,95669,1551,148692,California
Santa Cruz,2021-04-28,3390,242869,1880,105605,1435,131933,75,5331,1784,53285,1594,97263,1856,150548,California
Santa Cruz,2021-04-29,3692,246561,2458,108063,1172,133105,62,5393,1306,52280,2375,99638,1370,151918,California
Santa Cruz,2021-04-30,2343,248904,1183,109246,1117,134222,43,5436,993,51975,1342,100980,1037,152955,California
Santa Cruz,2021-05-01,1257,250161,993,110239,232,134454,32,5468,595,51943,659,101639,627,153582,California
Santa Cruz,2021-05-02,626,250787,442,110681,158,134612,26,5494,213,51770,413,102052,240,153822,California
Santa Cruz,2021-05-03,1881,252668,963,111644,854,135466,64,5558,653,51271,1217,103269,718,154540,California
Santa Cruz,2021-05-04,2624,255292,1513,113157,1041,136507,70,5628,857,50432,1764,105033,925,155465,California
Santa Cruz,2021-05-05,2703,257995,1337,114494,1287,137794,79,5707,710,49274,1951,106984,793,156258,California
Santa Cruz,2021-05-06,3777,261772,2397,116891,1164,138958,216,5923,858,47444,2901,109885,1071,157329,California
Santa Cruz,2021-05-07,2683,264455,1204,118095,1399,140357,80,6003,427,45701,2251,112136,508,157837,California
Santa Cruz,2021-05-08,1330,265785,659,118754,643,141000,28,6031,371,45143,959,113095,401,158238,California
Santa Cruz,2021-05-09,505,266290,325,119079,158,141158,22,6053,155,44972,348,113443,177,158415,California
Santa Cruz,2021-05-10,2033,268323,1210,120289,761,141919,62,6115,409,43827,1616,115059,471,158886,California
Santa Cruz,2021-05-11,2342,270665,1308,121597,948,142867,86,6201,640,42854,1698,116757,725,159611,California
Santa Cruz,2021-05-12,3092,273757,1307,122904,1708,144575,77,6278,556,40961,2527,119284,634,160245,California
Santa Cruz,2021-05-13,3851,277608,2599,125503,1161,145736,91,6369,1379,39965,2468,121752,1472,161717,California
Santa Cruz,2021-05-14,2945,280553,1616,127119,1291,147027,38,6407,1154,39376,1783,123535,1194,162911,California
Santa Cruz,2021-05-15,2260,282813,1316,128435,932,147959,12,6419,1108,39347,1149,124684,1120,164031,California
Santa Cruz,2021-05-16,707,283520,359,128794,327,148286,21,6440,202,39067,504,125188,224,164255,California
Santa Cruz,2021-05-17,1510,285030,788,129582,656,148942,66,6506,537,38698,972,126160,603,164858,California
Santa Cruz,2021-05-18,2283,287313,1402,130984,858,149800,23,6529,1105,38656,1170,127330,1128,165986,California
Santa Cruz,2021-05-19,3040,290353,1843,132827,1162,150962,35,6564,1305,38269,1727,129057,1340,167326,California
Santa Cruz,2021-05-20,3355,293708,2410,135237,796,151758,149,6713,1571,38212,1777,130834,1720,169046,California
Santa Cruz,2021-05-21,1731,295439,899,136136,746,152504,86,6799,611,37793,1116,131950,697,169743,California
Santa Cruz,2021-05-22,1711,297150,1332,137468,371,152875,8,6807,603,37301,1104,133054,612,170355,California
Santa Cruz,2021-05-23,455,297605,259,137727,177,153052,19,6826,145,37157,308,133362,164,170519,California
Santa Cruz,2021-05-24,1154,298759,664,138391,413,153465,77,6903,301,36690,845,134207,378,170897,California
Santa Cruz,2021-05-25,2265,301024,1304,139695,915,154380,46,6949,473,35563,1646,135853,519,171416,California
Santa Cruz,2021-05-26,1712,302736,806,140501,863,155243,43,6992,485,34876,1215,137068,528,171944,California
Santa Cruz,2021-05-27,1277,304013,677,141178,497,155740,103,7095,465,34639,805,137873,568,172512,California
Santa Cruz,2021-05-28,849,304862,379,141557,440,156180,30,7125,372,34574,468,138341,403,172915,California
Santa Cruz,2021-05-29,574,305436,326,141883,238,156418,10,7135,323,34658,250,138591,334,173249,California
Santa Cruz,2021-05-30,238,305674,121,142004,105,156523,12,7147,97,34628,138,138729,108,173357,California
Santa Cruz,2021-05-31,143,305817,64,142068,78,156601,1,7148,46,34579,96,138825,47,173404,California
Santa Cruz,2021-06-01,911,306728,560,142628,339,156940,12,7160,344,34369,565,139390,355,173759,California
Santa Cruz,2021-06-02,896,307624,534,143162,322,157262,40,7200,360,34238,531,139921,400,174159,California
Santa Cruz,2021-06-03,2257,309881,1532,144694,686,157948,39,7239,545,33120,1702,141623,584,174743,California
Santa Cruz,2021-06-04,1060,310941,737,145431,289,158237,34,7273,252,32602,803,142426,285,175028,California
Santa Cruz,2021-06-05,1008,311949,816,146247,185,158422,7,7280,182,31970,821,143247,189,175217,California
Santa Cruz,2021-06-06,393,312342,303,146550,75,158497,15,7295,148,31892,241,143488,163,175380,California
Santa Cruz,2021-06-07,769,313111,568,147118,171,158668,30,7325,173,31501,595,144083,204,175584,California
Santa Cruz,2021-06-08,1417,314528,1146,148264,252,158920,19,7344,300,30708,1112,145195,319,175903,California
Santa Cruz,2021-06-09,871,315399,649,148913,208,159128,14,7358,209,30270,661,145856,223,176126,California
Santa Cruz,2021-06-10,1190,316589,979,149892,158,159286,53,7411,212,29557,975,146831,262,176388,California
Shasta,2020-12-16,130,130,130,130,0,0,0,0,130,130,0,0,130,130,California
Shasta,2020-12-17,421,551,421,551,0,0,0,0,421,551,0,0,421,551,California
Shasta,2020-12-18,164,715,164,715,0,0,0,0,164,715,0,0,164,715,California
Shasta,2020-12-19,1,716,1,716,0,0,0,0,1,716,0,0,1,716,California
Shasta,2020-12-21,75,791,75,791,0,0,0,0,75,791,0,0,75,791,California
Shasta,2020-12-22,190,981,185,976,5,5,0,0,190,981,0,0,190,981,California
Shasta,2020-12-23,170,1151,166,1142,4,9,0,0,170,1151,0,0,170,1151,California
Shasta,2020-12-24,21,1172,21,1163,0,9,0,0,21,1172,0,0,21,1172,California
Shasta,2020-12-26,4,1176,1,1164,3,12,0,0,4,1176,0,0,4,1176,California
Shasta,2020-12-27,1,1177,0,1164,1,13,0,0,1,1177,0,0,1,1177,California
Shasta,2020-12-28,38,1215,29,1193,9,22,0,0,38,1215,0,0,38,1215,California
Shasta,2020-12-29,179,1394,178,1371,1,23,0,0,179,1394,0,0,179,1394,California
Shasta,2020-12-30,179,1573,169,1540,10,33,0,0,179,1573,0,0,179,1573,California
Shasta,2020-12-31,83,1656,2,1542,81,114,0,0,83,1656,0,0,83,1656,California
Shasta,2021-01-02,2,1658,0,1542,2,116,0,0,2,1658,0,0,2,1658,California
Shasta,2021-01-03,1,1659,1,1543,0,116,0,0,1,1659,0,0,1,1659,California
Shasta,2021-01-04,365,2024,302,1845,63,179,0,0,366,2025,0,0,366,2025,California
Shasta,2021-01-05,332,2356,312,2157,20,199,0,0,252,2197,80,80,252,2277,California
Shasta,2021-01-06,461,2817,390,2547,71,270,0,0,201,2139,259,339,201,2478,California
Shasta,2021-01-07,129,2946,40,2587,89,359,0,0,104,2218,25,364,104,2582,California
Shasta,2021-01-08,521,3467,446,3033,75,434,0,0,313,2323,208,572,313,2895,California
Shasta,2021-01-09,72,3539,63,3096,9,443,0,0,70,2391,2,574,70,2965,California
Shasta,2021-01-10,5,3544,0,3096,5,448,0,0,3,2394,2,576,5,2970,California
Shasta,2021-01-11,400,3944,183,3279,217,665,0,0,367,2728,33,609,367,3337,California
Shasta,2021-01-12,481,4425,324,3603,157,822,0,0,311,2869,170,779,311,3648,California
Shasta,2021-01-13,598,5023,268,3871,330,1152,0,0,429,3129,169,948,429,4077,California
Shasta,2021-01-14,495,5518,54,3925,441,1593,0,0,475,3584,20,968,475,4552,California
Shasta,2021-01-15,678,6196,137,4062,541,2134,0,0,676,4258,2,970,676,5228,California
Shasta,2021-01-16,889,7085,53,4115,836,2970,0,0,886,5141,3,973,886,6114,California
Shasta,2021-01-17,27,7112,6,4121,21,2991,0,0,23,5160,4,977,23,6137,California
Shasta,2021-01-18,596,7708,127,4248,469,3460,0,0,589,5742,7,984,589,6726,California
Shasta,2021-01-19,1052,8760,393,4641,659,4119,0,0,909,6508,143,1127,909,7635,California
Shasta,2021-01-20,675,9435,413,5054,262,4381,0,0,488,6814,182,1309,488,8123,California
Shasta,2021-01-21,620,10055,281,5335,339,4720,0,0,599,7392,21,1330,599,8722,California
Shasta,2021-01-22,435,10490,176,5511,259,4979,0,0,429,7815,6,1336,429,9151,California
Shasta,2021-01-23,62,10552,5,5516,57,5036,0,0,61,7875,1,1337,61,9212,California
Shasta,2021-01-24,25,10577,2,5518,23,5059,0,0,24,7898,1,1338,24,9236,California
Shasta,2021-01-25,742,11319,485,6003,257,5316,0,0,460,8077,281,1619,460,9696,California
Shasta,2021-01-26,697,12016,336,6339,361,5677,0,0,463,8308,232,1851,463,10159,California
Shasta,2021-01-27,458,12474,188,6527,270,5947,0,0,409,8668,49,1900,409,10568,California
Shasta,2021-01-28,878,13352,571,7098,307,6254,0,0,659,9108,219,2119,659,11227,California
Shasta,2021-01-29,814,14166,330,7428,484,6738,0,0,626,9547,188,2307,627,11854,California
Shasta,2021-01-30,611,14777,15,7443,596,7334,0,0,601,10138,10,2317,601,12455,California
Shasta,2021-01-31,27,14804,3,7446,24,7358,0,0,26,10163,1,2318,26,12481,California
Shasta,2021-02-01,535,15339,149,7595,386,7744,0,0,392,10413,143,2461,393,12874,California
Shasta,2021-02-02,985,16324,499,8094,486,8230,0,0,895,11220,88,2549,895,13769,California
Shasta,2021-02-03,705,17029,212,8306,493,8723,0,0,471,11457,234,2783,471,14240,California
Shasta,2021-02-04,1089,18118,676,8982,413,9136,0,0,898,12165,190,2973,898,15138,California
Shasta,2021-02-05,1254,19372,166,9148,1088,10224,0,0,1046,13004,207,3180,1046,16184,California
Shasta,2021-02-06,1737,21109,40,9188,1697,11921,0,0,1714,14695,23,3203,1714,17898,California
Shasta,2021-02-07,25,21134,3,9191,22,11943,0,0,23,14716,2,3205,23,17921,California
Shasta,2021-02-08,592,21726,167,9358,425,12368,0,0,305,14734,287,3492,305,18226,California
Shasta,2021-02-09,1121,22847,647,10005,474,12842,0,0,732,15078,389,3881,733,18959,California
Shasta,2021-02-10,1125,23972,793,10798,332,13174,0,0,602,15157,524,4405,603,19562,California
Shasta,2021-02-11,877,24849,184,10982,693,13867,0,0,360,15005,512,4917,360,19922,California
Shasta,2021-02-12,1770,26619,1203,12185,567,14434,0,0,1226,15687,544,5461,1226,21148,California
Shasta,2021-02-13,1364,27983,365,12550,999,15433,0,0,558,15439,807,6268,559,21707,California
Shasta,2021-02-14,148,28131,4,12554,144,15577,0,0,125,15541,23,6291,125,21832,California
Shasta,2021-02-15,377,28508,95,12649,282,15859,0,0,210,15584,167,6458,210,22042,California
Shasta,2021-02-16,1191,29699,517,13166,674,16533,0,0,421,15236,769,7227,421,22463,California
Shasta,2021-02-17,1039,30738,451,13617,588,17121,0,0,421,15039,618,7845,421,22884,California
Shasta,2021-02-18,937,31675,469,14086,468,17589,0,0,455,15013,482,8327,456,23340,California
Shasta,2021-02-19,1335,33010,951,15037,384,17973,0,0,876,15431,458,8785,876,24216,California
Shasta,2021-02-20,792,33802,88,15125,704,18677,0,0,299,15237,493,9278,299,24515,California
Shasta,2021-02-21,31,33833,3,15128,28,18705,0,0,9,15224,22,9300,9,24524,California
Shasta,2021-02-22,432,34265,80,15208,352,19057,0,0,183,15159,248,9548,183,24707,California
Shasta,2021-02-23,910,35175,470,15678,440,19497,0,0,328,14905,582,10130,328,25035,California
Shasta,2021-02-24,871,36046,502,16180,369,19866,0,0,268,14571,602,10732,268,25303,California
Shasta,2021-02-25,521,36567,173,16353,348,20214,0,0,168,14387,352,11084,168,25471,California
Shasta,2021-02-26,776,37343,95,16448,681,20895,0,0,333,14278,442,11526,333,25804,California
Shasta,2021-02-27,808,38151,26,16474,782,21677,0,0,187,13846,619,12145,187,25991,California
Shasta,2021-02-28,177,38328,4,16478,173,21850,0,0,127,13923,50,12195,127,26118,California
Shasta,2021-03-01,588,38916,57,16535,531,22381,0,0,296,13928,291,12486,296,26414,California
Shasta,2021-03-02,1031,39947,473,17008,558,22939,0,0,340,13579,689,13175,340,26754,California
Shasta,2021-03-03,673,40620,174,17182,499,23438,0,0,242,13390,431,13606,242,26996,California
Shasta,2021-03-04,2992,43612,2402,19584,590,24028,0,0,1722,13845,1268,14874,1723,28719,California
Shasta,2021-03-05,1542,45154,159,19743,1354,25382,29,29,777,13885,766,15640,806,29525,California
Shasta,2021-03-06,2722,47876,383,20126,2294,27676,45,74,851,12912,1869,17509,896,30421,California
Shasta,2021-03-07,93,47969,4,20130,57,27733,32,106,39,12929,54,17563,71,30492,California
Shasta,2021-03-08,571,48540,52,20182,381,28114,138,244,157,12812,412,17975,295,30787,California
Shasta,2021-03-09,1235,49775,595,20777,464,28578,176,420,679,13111,555,18530,854,31641,California
Shasta,2021-03-10,798,50573,256,21033,340,28918,202,622,139,12792,658,19188,339,31980,California
Shasta,2021-03-11,1538,52111,472,21505,800,29718,266,888,927,13377,608,19796,1193,33173,California
Shasta,2021-03-12,1554,53665,850,22355,458,30176,246,1134,404,12877,1149,20945,649,33822,California
Shasta,2021-03-13,756,54421,424,22779,230,30406,102,1236,475,13172,280,21225,575,34397,California
Shasta,2021-03-14,1010,55431,8,22787,980,31386,22,1258,873,13931,137,21362,896,35293,California
Shasta,2021-03-15,493,55924,38,22825,356,31742,99,1357,209,13954,284,21646,307,35600,California
Shasta,2021-03-16,1132,57056,145,22970,919,32661,68,1425,848,14586,284,21930,916,36516,California
Shasta,2021-03-17,723,57779,184,23154,481,33142,58,1483,386,14700,330,22260,444,36960,California
Shasta,2021-03-18,1529,59308,584,23738,842,33984,103,1586,1105,15488,420,22680,1208,38168,California
Shasta,2021-03-19,635,59943,196,23934,383,34367,56,1642,401,15712,233,22913,457,38625,California
Shasta,2021-03-20,738,60681,485,24419,242,34609,11,1653,595,16175,143,23056,606,39231,California
Shasta,2021-03-21,313,60994,298,24717,4,34613,11,1664,286,16446,26,23082,297,39528,California
Shasta,2021-03-22,344,61338,37,24754,271,34884,36,1700,196,16531,147,23229,232,39760,California
Shasta,2021-03-23,1308,62646,652,25406,596,35480,60,1760,756,16800,547,23776,816,40576,California
Shasta,2021-03-24,612,63258,161,25567,414,35894,37,1797,371,16968,240,24016,408,40984,California
Shasta,2021-03-25,1117,64375,430,25997,666,36560,21,1818,802,17480,312,24328,824,41808,California
Shasta,2021-03-26,1810,66185,1381,27378,398,36958,31,1849,1452,18607,358,24686,1485,43293,California
Shasta,2021-03-27,1570,67755,387,27765,315,37273,868,2717,556,19015,1012,25698,1420,44713,California
Shasta,2021-03-28,402,68157,297,28062,95,37368,10,2727,299,19223,101,25799,309,45022,California
Shasta,2021-03-29,418,68575,40,28102,367,37735,11,2738,165,19147,252,26051,176,45198,California
Shasta,2021-03-30,1233,69808,758,28860,458,38193,17,2755,614,19162,616,26667,631,45829,California
Shasta,2021-03-31,614,70422,203,29063,405,38598,6,2761,374,19307,235,26902,380,46209,California
Shasta,2021-04-01,885,71307,237,29300,636,39234,12,2773,560,19556,323,27225,572,46781,California
Shasta,2021-04-02,733,72040,185,29485,495,39729,53,2826,398,19674,333,27558,451,47232,California
Shasta,2021-04-03,509,72549,362,29847,129,39858,18,2844,387,19957,122,27680,405,47637,California
Shasta,2021-04-04,290,72839,176,30023,95,39953,19,2863,218,20122,72,27752,237,47874,California
Shasta,2021-04-05,435,73274,68,30091,309,40262,58,2921,250,20245,185,27937,308,48182,California
Shasta,2021-04-06,1131,74405,485,30576,480,40742,166,3087,536,20356,590,28527,701,48883,California
Shasta,2021-04-07,645,75050,202,30778,281,41023,162,3249,249,20374,392,28919,410,49293,California
Shasta,2021-04-08,1134,76184,257,31035,722,41745,155,3404,212,19821,920,29839,367,49660,California
Shasta,2021-04-09,2569,78753,2057,33092,303,42048,209,3613,1995,21456,567,30406,2202,51862,California
Shasta,2021-04-10,873,79626,587,33679,158,42206,128,3741,263,21235,610,31016,389,52251,California
Shasta,2021-04-11,1244,80870,397,34076,827,43033,20,3761,143,20301,1097,32113,163,52414,California
Shasta,2021-04-12,336,81206,7,34083,268,43301,61,3822,97,20220,238,32351,157,52571,California
Shasta,2021-04-13,1263,82469,365,34448,896,44197,2,3824,339,19641,920,33271,341,52912,California
Shasta,2021-04-14,591,83060,149,34597,440,44637,2,3826,222,19497,368,33639,224,53136,California
Shasta,2021-04-15,1063,84123,254,34851,809,45446,0,3826,300,19037,760,34399,300,53436,California
Shasta,2021-04-16,2302,86425,1824,36675,478,45924,0,3826,928,18593,1372,35771,928,54364,California
Shasta,2021-04-17,621,87046,397,37072,224,46148,0,3826,178,18329,443,36214,179,54543,California
Shasta,2021-04-18,264,87310,239,37311,25,46173,0,3826,32,18131,230,36444,32,54575,California
Shasta,2021-04-19,376,87686,27,37338,349,46522,0,3826,160,18075,216,36660,160,54735,California
Shasta,2021-04-20,981,88667,232,37570,749,47271,0,3826,363,17821,617,37277,363,55098,California
Shasta,2021-04-21,587,89254,206,37776,381,47652,0,3826,299,17832,288,37565,299,55397,California
Shasta,2021-04-22,952,90206,269,38045,683,48335,0,3826,297,17476,653,38218,297,55694,California
Shasta,2021-04-23,641,90847,250,38295,391,48726,0,3826,323,17482,317,38535,323,56017,California
Shasta,2021-04-24,596,91443,357,38652,238,48964,1,3827,107,17102,487,39022,107,56124,California
Shasta,2021-04-25,209,91652,180,38832,28,48992,1,3828,36,16966,173,39195,37,56161,California
Shasta,2021-04-26,496,92148,52,38884,439,49431,5,3833,348,17172,146,39341,352,56513,California
Shasta,2021-04-27,535,92683,172,39056,325,49756,38,3871,298,17272,234,39575,334,56847,California
Shasta,2021-04-28,565,93248,144,39200,389,50145,32,3903,251,17240,314,39889,282,57129,California
Shasta,2021-04-29,767,94015,111,39311,633,50778,23,3926,180,16857,586,40475,203,57332,California
Shasta,2021-04-30,2236,96251,1818,41129,388,51166,30,3956,256,15164,1979,42454,286,57618,California
Shasta,2021-05-01,223,96474,19,41148,128,51294,76,4032,96,15209,127,42581,172,57790,California
Shasta,2021-05-02,46,96520,16,41164,17,51311,13,4045,19,15214,27,42608,32,57822,California
Shasta,2021-05-03,344,96864,93,41257,226,51537,25,4070,107,15110,236,42844,132,57954,California
Shasta,2021-05-04,522,97386,192,41449,293,51830,37,4107,253,15134,266,43110,290,58244,California
Shasta,2021-05-05,432,97818,140,41589,275,52105,17,4124,198,15115,234,43344,215,58459,California
Shasta,2021-05-06,686,98504,259,41848,389,52494,38,4162,292,15058,385,43729,328,58787,California
Shasta,2021-05-07,1103,99607,729,42577,336,52830,38,4200,299,14592,803,44532,337,59124,California
Shasta,2021-05-08,166,99773,82,42659,73,52903,11,4211,97,14630,69,44601,107,59231,California
Shasta,2021-05-09,64,99837,14,42673,45,52948,5,4216,34,14639,30,44631,39,59270,California
Shasta,2021-05-10,256,100093,19,42692,188,53136,49,4265,112,14656,141,44772,158,59428,California
Shasta,2021-05-11,507,100600,149,42841,208,53344,150,4415,179,14658,327,45099,329,59757,California
Shasta,2021-05-12,391,100991,142,42983,226,53570,23,4438,132,14555,258,45357,155,59912,California
Shasta,2021-05-13,580,101571,240,43223,324,53894,16,4454,224,14442,353,45710,240,60152,California
Shasta,2021-05-14,636,102207,270,43493,341,54235,25,4479,293,14419,342,46052,319,60471,California
Shasta,2021-05-15,382,102589,120,43613,161,54396,101,4580,160,14457,222,46274,260,60731,California
Shasta,2021-05-16,220,102809,154,43767,56,54452,10,4590,162,14571,58,46332,172,60903,California
Shasta,2021-05-17,527,103336,239,44006,229,54681,59,4649,280,14664,246,46578,339,61242,California
Shasta,2021-05-18,605,103941,290,44296,290,54971,25,4674,323,14730,282,46860,348,61590,California
Shasta,2021-05-19,586,104527,276,44572,243,55214,67,4741,286,14786,297,47157,353,61943,California
Shasta,2021-05-20,575,105102,263,44835,293,55507,19,4760,276,14786,295,47452,295,62238,California
Shasta,2021-05-21,638,105740,284,45119,335,55842,19,4779,337,14844,298,47750,356,62594,California
Shasta,2021-05-22,232,105972,130,45249,93,55935,9,4788,142,14907,88,47838,151,62745,California
Shasta,2021-05-23,110,106082,48,45297,54,55989,8,4796,69,14943,41,47879,77,62822,California
Shasta,2021-05-24,523,106605,162,45459,331,56320,30,4826,184,14819,338,48217,214,63036,California
Shasta,2021-05-25,461,107066,196,45655,220,56540,45,4871,158,14722,299,48516,202,63238,California
Shasta,2021-05-26,370,107436,143,45798,202,56742,25,4896,147,14672,222,48738,172,63410,California
Shasta,2021-05-27,420,107856,155,45953,256,56998,9,4905,157,14578,260,48998,166,63576,California
Shasta,2021-05-28,438,108294,197,46150,212,57210,29,4934,206,14584,229,49227,235,63811,California
Shasta,2021-05-29,223,108517,63,46213,130,57340,30,4964,93,14575,130,49357,121,63932,California
Shasta,2021-05-30,85,108602,49,46262,34,57374,2,4966,57,14606,28,49385,59,63991,California
Shasta,2021-05-31,35,108637,9,46271,25,57399,1,4967,12,14597,22,49407,13,64004,California
Shasta,2021-06-01,525,109162,154,46425,227,57626,144,5111,137,14498,381,49788,282,64286,California
Shasta,2021-06-02,292,109454,118,46543,165,57791,9,5120,121,14459,169,49957,130,64416,California
Shasta,2021-06-03,368,109822,157,46700,203,57994,8,5128,119,14338,248,50205,127,64543,California
Shasta,2021-06-04,576,110398,288,46988,259,58253,29,5157,205,14202,370,50575,234,64777,California
Shasta,2021-06-05,254,110652,149,47137,87,58340,18,5175,85,14137,168,50743,103,64880,California
Shasta,2021-06-06,162,110814,128,47265,31,58371,3,5178,47,14072,115,50858,50,64930,California
Shasta,2021-06-07,400,111214,234,47499,150,58521,16,5194,109,13907,290,51148,125,65055,California
Shasta,2021-06-08,488,111702,295,47794,149,58670,44,5238,141,13746,346,51494,185,65240,California
Shasta,2021-06-09,374,112076,203,47997,88,58758,83,5321,63,13584,306,51800,144,65384,California
Shasta,2021-06-10,217,112293,135,48132,66,58824,16,5337,53,13493,160,51960,69,65453,California
Sierra,2020-12-18,1,1,1,1,0,0,0,0,1,1,0,0,1,1,California
Sierra,2020-12-21,2,3,2,3,0,0,0,0,2,3,0,0,2,3,California
Sierra,2020-12-22,12,15,12,15,0,0,0,0,12,15,0,0,12,15,California
Sierra,2020-12-23,4,19,4,19,0,0,0,0,4,19,0,0,4,19,California
Sierra,2020-12-28,1,20,0,19,1,1,0,0,1,20,0,0,1,20,California
Sierra,2020-12-29,49,69,7,26,42,43,0,0,49,69,0,0,49,69,California
Sierra,2020-12-30,2,71,0,26,2,45,0,0,2,71,0,0,2,71,California
Sierra,2020-12-31,13,84,0,26,13,58,0,0,13,84,0,0,13,84,California
Sierra,2021-01-01,1,85,1,27,0,58,0,0,1,85,0,0,1,85,California
Sierra,2021-01-05,63,148,2,29,61,119,0,0,63,148,0,0,63,148,California
Sierra,2021-01-06,1,149,1,30,0,119,0,0,1,149,0,0,1,149,California
Sierra,2021-01-07,21,170,1,31,20,139,0,0,20,168,1,1,20,169,California
Sierra,2021-01-08,1,171,1,32,0,139,0,0,1,169,0,1,1,170,California
Sierra,2021-01-11,3,174,3,35,0,139,0,0,0,166,3,4,0,170,California
Sierra,2021-01-12,38,212,12,47,26,165,0,0,26,180,12,16,26,196,California
Sierra,2021-01-13,3,215,3,50,0,165,0,0,0,177,3,19,0,196,California
Sierra,2021-01-14,35,250,2,52,33,198,0,0,35,212,0,19,35,231,California
Sierra,2021-01-15,3,253,1,53,2,200,0,0,3,215,0,19,3,234,California
Sierra,2021-01-18,3,256,0,53,3,203,0,0,3,218,0,19,3,237,California
Sierra,2021-01-19,32,288,0,53,32,235,0,0,32,250,0,19,32,269,California
Sierra,2021-01-20,1,289,1,54,0,235,0,0,1,251,0,19,1,270,California
Sierra,2021-01-21,53,342,0,54,53,288,0,0,53,304,0,19,53,323,California
Sierra,2021-01-22,2,344,0,54,2,290,0,0,2,306,0,19,2,325,California
Sierra,2021-01-23,2,346,0,54,2,292,0,0,2,308,0,19,2,327,California
Sierra,2021-01-26,62,408,0,54,62,354,0,0,24,294,38,57,24,351,California
Sierra,2021-01-27,4,412,4,58,0,354,0,0,0,290,4,61,0,351,California
Sierra,2021-01-28,53,465,0,58,53,407,0,0,43,323,10,71,43,394,California
Sierra,2021-01-29,1,466,0,58,1,408,0,0,1,324,0,71,1,395,California
Sierra,2021-01-30,3,469,3,61,0,408,0,0,2,325,1,72,2,397,California
Sierra,2021-02-01,1,470,0,61,1,409,0,0,0,324,1,73,0,397,California
Sierra,2021-02-02,59,529,1,62,58,467,0,0,21,307,38,111,21,418,California
Sierra,2021-02-03,6,535,5,67,1,468,0,0,5,311,1,112,5,423,California
Sierra,2021-02-04,101,636,4,71,97,565,0,0,52,314,49,161,52,475,California
Sierra,2021-02-05,5,641,3,74,2,567,0,0,4,317,1,162,4,479,California
Sierra,2021-02-09,54,695,0,74,54,621,0,0,51,365,3,165,51,530,California
Sierra,2021-02-10,3,698,1,75,2,623,0,0,3,368,0,165,3,533,California
Sierra,2021-02-11,194,892,1,76,193,816,0,0,134,442,60,225,134,667,California
Sierra,2021-02-12,20,912,0,76,20,836,0,0,20,462,0,225,20,687,California
Sierra,2021-02-13,1,913,1,77,0,836,0,0,1,463,0,225,1,688,California
Sierra,2021-02-15,2,915,2,79,0,836,0,0,0,461,2,227,0,688,California
Sierra,2021-02-16,43,958,0,79,43,879,0,0,10,438,33,260,10,698,California
Sierra,2021-02-17,4,962,0,79,4,883,0,0,1,436,3,263,1,699,California
Sierra,2021-02-18,143,1105,0,79,143,1026,0,0,93,479,50,313,93,792,California
Sierra,2021-02-19,2,1107,1,80,1,1027,0,0,1,479,1,314,1,793,California
Sierra,2021-02-20,2,1109,2,82,0,1027,0,0,0,477,2,316,0,793,California
Sierra,2021-02-23,4,1113,0,82,4,1031,0,0,4,481,0,316,4,797,California
Sierra,2021-02-24,1,1114,0,82,1,1032,0,0,1,482,0,316,1,798,California
Sierra,2021-02-25,125,1239,1,83,124,1156,0,0,59,476,65,381,59,857,California
Sierra,2021-02-26,11,1250,6,89,5,1161,0,0,4,473,7,388,4,861,California
Sierra,2021-02-27,2,1252,2,91,0,1161,0,0,0,471,2,390,0,861,California
Sierra,2021-03-01,1,1253,1,92,0,1161,0,0,0,470,1,391,0,861,California
Sierra,2021-03-02,58,1311,0,92,58,1219,0,0,39,490,19,410,39,900,California
Sierra,2021-03-03,2,1313,2,94,0,1219,0,0,1,490,1,411,1,901,California
Sierra,2021-03-04,108,1421,0,94,108,1327,0,0,60,502,48,459,60,961,California
Sierra,2021-03-05,13,1434,1,95,12,1339,0,0,11,511,2,461,11,972,California
Sierra,2021-03-07,1,1435,1,96,0,1339,0,0,0,510,1,462,0,972,California
Sierra,2021-03-08,2,1437,2,98,0,1339,0,0,2,512,0,462,2,974,California
Sierra,2021-03-09,58,1495,0,98,58,1397,0,0,11,476,47,509,11,985,California
Sierra,2021-03-10,6,1501,0,98,6,1403,0,0,4,478,2,511,4,989,California
Sierra,2021-03-11,176,1677,0,98,176,1579,0,0,44,390,132,643,44,1033,California
Sierra,2021-03-12,20,1697,1,99,19,1598,0,0,0,370,20,663,0,1033,California
Sierra,2021-03-13,28,1725,0,99,28,1626,0,0,28,398,0,663,28,1061,California
Sierra,2021-03-15,2,1727,0,99,0,1626,2,2,0,398,2,665,2,1063,California
Sierra,2021-03-16,36,1763,0,99,35,1661,1,3,22,407,14,679,23,1086,California
Sierra,2021-03-17,1,1764,0,99,1,1662,0,3,0,406,1,680,0,1086,California
Sierra,2021-03-18,160,1924,0,99,160,1822,0,3,65,376,95,775,65,1151,California
Sierra,2021-03-19,4,1928,2,101,2,1824,0,3,1,374,3,778,1,1152,California
Sierra,2021-03-20,1,1929,0,101,1,1825,0,3,1,375,0,778,1,1153,California
Sierra,2021-03-23,22,1951,0,101,22,1847,0,3,13,379,9,787,13,1166,California
Sierra,2021-03-24,3,1954,1,102,2,1849,0,3,1,378,2,789,1,1167,California
Sierra,2021-03-25,99,2053,1,103,98,1947,0,3,50,379,49,838,50,1217,California
Sierra,2021-03-26,12,2065,1,104,11,1958,0,3,8,383,4,842,8,1225,California
Sierra,2021-03-27,1,2066,0,104,1,1959,0,3,0,382,1,843,0,1225,California
Sierra,2021-03-29,1,2067,1,105,0,1959,0,3,0,381,1,844,0,1225,California
Sierra,2021-03-30,56,2123,1,106,55,2014,0,3,22,369,34,878,22,1247,California
Sierra,2021-03-31,8,2131,0,106,8,2022,0,3,8,377,0,878,8,1255,California
Sierra,2021-04-01,63,2194,1,107,62,2084,0,3,5,326,56,934,5,1260,California
Sierra,2021-04-02,3,2197,2,109,1,2085,0,3,2,327,1,935,2,1262,California
Sierra,2021-04-04,1,2198,0,109,1,2086,0,3,0,327,0,935,0,1262,California
Sierra,2021-04-06,11,2209,0,109,11,2097,0,3,1,318,10,945,1,1263,California
Sierra,2021-04-07,14,2223,3,112,6,2103,5,8,3,316,10,955,8,1271,California
Sierra,2021-04-08,53,2276,2,114,51,2154,0,8,16,295,37,992,16,1287,California
Sierra,2021-04-09,2,2278,2,116,0,2154,0,8,1,295,1,993,1,1288,California
Sierra,2021-04-10,27,2305,0,116,27,2181,0,8,0,268,27,1020,0,1288,California
Sierra,2021-04-12,1,2306,0,116,0,2181,1,9,0,268,1,1021,1,1289,California
Sierra,2021-04-13,45,2351,0,116,45,2226,0,9,5,233,40,1061,5,1294,California
Sierra,2021-04-14,1,2352,0,116,1,2227,0,9,1,234,0,1061,1,1295,California
Sierra,2021-04-15,49,2401,1,117,48,2275,0,9,2,189,47,1108,2,1297,California
Sierra,2021-04-17,2,2403,1,118,1,2276,0,9,1,189,1,1109,1,1298,California
Sierra,2021-04-18,1,2404,0,118,1,2277,0,9,0,189,0,1109,0,1298,California
Sierra,2021-04-19,2,2406,1,119,1,2278,0,9,1,189,1,1110,1,1299,California
Sierra,2021-04-20,33,2439,1,120,32,2310,0,9,6,168,27,1137,6,1305,California
Sierra,2021-04-21,2,2441,1,121,1,2311,0,9,1,168,1,1138,1,1306,California
Sierra,2021-04-22,64,2505,1,122,63,2374,0,9,5,115,58,1196,5,1311,California
Sierra,2021-04-23,12,2517,0,122,12,2386,0,9,4,111,8,1204,4,1315,California
Sierra,2021-04-24,4,2521,0,122,4,2390,0,9,4,115,0,1204,4,1319,California
Sierra,2021-04-27,27,2548,0,122,27,2417,0,9,4,96,23,1227,4,1323,California
Sierra,2021-04-28,10,2558,2,124,8,2425,0,9,1,88,9,1236,1,1324,California
Sierra,2021-04-29,20,2578,2,126,18,2443,0,9,14,96,6,1242,14,1338,California
Sierra,2021-04-30,3,2581,1,127,2,2445,0,9,1,95,2,1244,1,1339,California
Sierra,2021-05-03,1,2582,1,128,0,2445,0,9,1,96,0,1244,1,1340,California
Sierra,2021-05-04,2,2584,0,128,1,2446,1,10,0,95,2,1246,1,1341,California
Sierra,2021-05-05,23,2607,1,129,22,2468,0,10,8,88,15,1261,8,1349,California
Sierra,2021-05-06,1,2608,1,130,0,2468,0,10,0,87,1,1262,0,1349,California
Sierra,2021-05-07,1,2609,1,131,0,2468,0,10,1,88,0,1262,1,1350,California
Sierra,2021-05-08,1,2610,0,131,0,2468,1,11,0,88,1,1263,1,1351,California
Sierra,2021-05-11,11,2621,0,131,4,2472,7,18,0,84,11,1274,7,1358,California
Sierra,2021-05-12,10,2631,1,132,9,2481,0,18,7,88,3,1277,7,1365,California
Sierra,2021-05-13,3,2634,2,134,1,2482,0,18,2,89,1,1278,2,1367,California
Sierra,2021-05-14,3,2637,1,135,2,2484,0,18,3,92,0,1278,3,1370,California
Sierra,2021-05-17,1,2638,1,136,0,2484,0,18,1,93,0,1278,1,1371,California
Sierra,2021-05-18,1,2639,0,136,0,2484,1,19,0,93,1,1279,1,1372,California
Sierra,2021-05-19,6,2645,3,139,3,2487,0,19,2,91,4,1283,2,1374,California
Sierra,2021-05-20,9,2654,8,147,0,2487,1,20,8,99,1,1284,9,1383,California
Sierra,2021-05-21,4,2658,2,149,2,2489,0,20,2,99,2,1286,2,1385,California
Sierra,2021-05-22,4,2662,0,149,4,2493,0,20,0,95,4,1290,0,1385,California
Sierra,2021-05-23,1,2663,0,149,1,2494,0,20,1,96,0,1290,1,1386,California
Sierra,2021-05-24,3,2666,1,150,2,2496,0,20,2,97,1,1291,2,1388,California
Sierra,2021-05-25,3,2669,0,150,3,2499,0,20,1,96,2,1293,1,1389,California
Sierra,2021-05-26,8,2677,0,150,8,2507,0,20,4,96,4,1297,4,1393,California
Sierra,2021-05-27,9,2686,1,151,7,2514,1,21,2,92,7,1304,3,1396,California
Sierra,2021-05-28,4,2690,2,153,2,2516,0,21,2,92,2,1306,2,1398,California
Sierra,2021-05-29,2,2692,0,153,2,2518,0,21,2,94,0,1306,2,1400,California
Sierra,2021-05-30,1,2693,1,154,0,2518,0,21,1,95,0,1306,1,1401,California
Sierra,2021-06-01,1,2694,0,154,1,2519,0,21,0,94,1,1307,0,1401,California
Sierra,2021-06-02,22,2716,0,154,21,2540,1,22,0,74,21,1328,1,1402,California
Sierra,2021-06-03,2,2718,2,156,0,2540,0,22,0,72,2,1330,0,1402,California
Sierra,2021-06-04,2,2720,2,158,0,2540,0,22,1,72,1,1331,1,1403,California
Sierra,2021-06-07,1,2721,0,158,1,2541,0,22,1,73,0,1331,1,1404,California
Sierra,2021-06-08,1,2722,1,159,0,2541,0,22,1,74,0,1331,1,1405,California
Sierra,2021-06-09,7,2729,1,160,5,2546,1,23,0,68,7,1338,1,1406,California
Sierra,2021-06-10,5,2734,5,165,0,2546,0,23,2,67,3,1341,2,1408,California
Siskiyou,2020-12-16,2,2,2,2,0,0,0,0,2,2,0,0,2,2,California
Siskiyou,2020-12-17,4,6,4,6,0,0,0,0,4,6,0,0,4,6,California
Siskiyou,2020-12-18,2,8,2,8,0,0,0,0,2,8,0,0,2,8,California
Siskiyou,2020-12-19,4,12,4,12,0,0,0,0,4,12,0,0,4,12,California
Siskiyou,2020-12-20,1,13,1,13,0,0,0,0,1,13,0,0,1,13,California
Siskiyou,2020-12-21,131,144,131,144,0,0,0,0,131,144,0,0,131,144,California
Siskiyou,2020-12-22,158,302,158,302,0,0,0,0,158,302,0,0,158,302,California
Siskiyou,2020-12-23,142,444,142,444,0,0,0,0,142,444,0,0,142,444,California
Siskiyou,2020-12-24,5,449,5,449,0,0,0,0,5,449,0,0,5,449,California
Siskiyou,2020-12-26,2,451,0,449,2,2,0,0,2,451,0,0,2,451,California
Siskiyou,2020-12-27,2,453,0,449,2,4,0,0,2,453,0,0,2,453,California
Siskiyou,2020-12-28,3,456,1,450,2,6,0,0,3,456,0,0,3,456,California
Siskiyou,2020-12-29,6,462,2,452,4,10,0,0,6,462,0,0,6,462,California
Siskiyou,2020-12-30,100,562,3,455,97,107,0,0,100,562,0,0,100,562,California
Siskiyou,2020-12-31,12,574,0,455,12,119,0,0,12,574,0,0,12,574,California
Siskiyou,2021-01-02,1,575,1,456,0,119,0,0,1,575,0,0,1,575,California
Siskiyou,2021-01-03,1,576,0,456,1,120,0,0,1,576,0,0,1,576,California
Siskiyou,2021-01-04,129,705,3,459,126,246,0,0,129,705,0,0,129,705,California
Siskiyou,2021-01-05,118,823,4,463,114,360,0,0,117,821,1,1,117,822,California
Siskiyou,2021-01-06,59,882,6,469,53,413,0,0,55,872,4,5,55,877,California
Siskiyou,2021-01-07,174,1056,4,473,170,583,0,0,173,1044,1,6,173,1050,California
Siskiyou,2021-01-08,40,1096,3,476,37,620,0,0,38,1080,2,8,38,1088,California
Siskiyou,2021-01-09,2,1098,2,478,0,620,0,0,0,1078,2,10,0,1088,California
Siskiyou,2021-01-11,225,1323,64,542,161,781,0,0,163,1179,62,72,163,1251,California
Siskiyou,2021-01-12,324,1647,274,816,50,831,0,0,91,1038,233,305,92,1343,California
Siskiyou,2021-01-13,158,1805,137,953,21,852,0,0,24,928,134,439,24,1367,California
Siskiyou,2021-01-14,36,1841,1,954,35,887,0,0,35,962,1,440,35,1402,California
Siskiyou,2021-01-15,55,1896,3,957,52,939,0,0,55,1017,0,440,55,1457,California
Siskiyou,2021-01-16,7,1903,2,959,5,944,0,0,7,1024,0,440,7,1464,California
Siskiyou,2021-01-17,1,1904,1,960,0,944,0,0,0,1023,1,441,0,1464,California
Siskiyou,2021-01-18,76,1980,3,963,73,1017,0,0,74,1095,2,443,74,1538,California
Siskiyou,2021-01-19,40,2020,1,964,39,1056,0,0,39,1133,1,444,39,1577,California
Siskiyou,2021-01-20,66,2086,35,999,31,1087,0,0,62,1191,4,448,62,1639,California
Siskiyou,2021-01-21,65,2151,1,1000,64,1151,0,0,65,1256,0,448,65,1704,California
Siskiyou,2021-01-22,1344,3495,1175,2175,169,1320,0,0,1344,2600,0,448,1344,3048,California
Siskiyou,2021-01-23,6,3501,2,2177,4,1324,0,0,3,2600,3,451,3,3051,California
Siskiyou,2021-01-25,206,3707,8,2185,198,1522,0,0,202,2798,4,455,202,3253,California
Siskiyou,2021-01-26,127,3834,3,2188,124,1646,0,0,119,2909,8,463,119,3372,California
Siskiyou,2021-01-27,202,4036,1,2189,201,1847,0,0,138,2984,63,526,138,3510,California
Siskiyou,2021-01-28,260,4296,118,2307,142,1989,0,0,236,3201,19,545,236,3746,California
Siskiyou,2021-01-29,272,4568,3,2310,269,2258,0,0,253,3435,19,564,253,3999,California
Siskiyou,2021-01-30,4,4572,3,2313,1,2259,0,0,4,3439,0,564,4,4003,California
Siskiyou,2021-02-01,214,4786,3,2316,211,2470,0,0,114,3453,100,664,114,4117,California
Siskiyou,2021-02-02,316,5102,45,2361,271,2741,0,0,163,3463,153,817,163,4280,California
Siskiyou,2021-02-03,334,5436,1,2362,333,3074,0,0,264,3657,70,887,264,4544,California
Siskiyou,2021-02-04,359,5795,7,2369,352,3426,0,0,219,3736,140,1027,219,4763,California
Siskiyou,2021-02-05,540,6335,4,2373,536,3962,0,0,368,3932,172,1199,368,5131,California
Siskiyou,2021-02-06,15,6350,0,2373,15,3977,0,0,15,3947,0,1199,15,5146,California
Siskiyou,2021-02-07,3,6353,2,2375,1,3978,0,0,3,3950,0,1199,3,5149,California
Siskiyou,2021-02-08,240,6593,4,2379,236,4214,0,0,215,4140,25,1224,215,5364,California
Siskiyou,2021-02-09,246,6839,3,2382,243,4457,0,0,193,4280,53,1277,193,5557,California
Siskiyou,2021-02-10,389,7228,41,2423,348,4805,0,0,319,4530,69,1346,319,5876,California
Siskiyou,2021-02-11,215,7443,1,2424,214,5019,0,0,185,4685,30,1376,185,6061,California
Siskiyou,2021-02-12,1705,9148,1198,3622,507,5526,0,0,499,3978,1206,2582,499,6560,California
Siskiyou,2021-02-13,37,9185,2,3624,35,5561,0,0,32,4005,5,2587,32,6592,California
Siskiyou,2021-02-14,5,9190,1,3625,4,5565,0,0,5,4010,0,2587,5,6597,California
Siskiyou,2021-02-15,102,9292,4,3629,98,5663,0,0,100,4108,2,2589,100,6697,California
Siskiyou,2021-02-16,135,9427,2,3631,133,5796,0,0,100,4173,35,2624,100,6797,California
Siskiyou,2021-02-17,283,9710,8,3639,275,6071,0,0,249,4388,34,2658,249,7046,California
Siskiyou,2021-02-18,268,9978,88,3727,180,6251,0,0,125,4370,143,2801,125,7171,California
Siskiyou,2021-02-19,91,10069,34,3761,57,6308,0,0,35,4350,55,2856,35,7206,California
Siskiyou,2021-02-20,22,10091,3,3764,19,6327,0,0,17,4362,5,2861,17,7223,California
Siskiyou,2021-02-21,1,10092,1,3765,0,6327,0,0,1,4363,0,2861,1,7224,California
Siskiyou,2021-02-22,202,10294,2,3767,200,6527,0,0,71,4303,131,2992,71,7295,California
Siskiyou,2021-02-23,305,10599,15,3782,290,6817,0,0,183,4364,122,3114,183,7478,California
Siskiyou,2021-02-24,174,10773,5,3787,169,6986,0,0,49,4288,125,3239,49,7527,California
Siskiyou,2021-02-25,304,11077,18,3805,286,7272,0,0,149,4283,154,3393,149,7676,California
Siskiyou,2021-02-26,672,11749,9,3814,663,7935,0,0,367,4345,305,3698,367,8043,California
Siskiyou,2021-02-27,32,11781,5,3819,27,7962,0,0,28,4369,4,3702,28,8071,California
Siskiyou,2021-02-28,6,11787,5,3824,1,7963,0,0,3,4369,3,3705,3,8074,California
Siskiyou,2021-03-01,290,12077,6,3830,284,8247,0,0,50,4179,240,3945,50,8124,California
Siskiyou,2021-03-02,206,12283,1,3831,205,8452,0,0,70,4113,136,4081,70,8194,California
Siskiyou,2021-03-03,347,12630,10,3841,337,8789,0,0,153,4072,194,4275,153,8347,California
Siskiyou,2021-03-04,817,13447,617,4458,200,8989,0,0,642,4539,175,4450,642,8989,California
Siskiyou,2021-03-05,345,13792,5,4463,329,9318,11,11,106,4420,236,4686,117,9106,California
Siskiyou,2021-03-06,43,13835,3,4466,33,9351,7,18,28,4440,15,4701,35,9141,California
Siskiyou,2021-03-07,10,13845,2,4468,0,9351,8,26,1,4440,9,4710,9,9150,California
Siskiyou,2021-03-08,363,14208,24,4492,305,9656,34,60,68,4247,295,5005,102,9252,California
Siskiyou,2021-03-09,175,14383,2,4494,118,9774,55,115,42,4211,133,5138,97,9349,California
Siskiyou,2021-03-10,220,14603,6,4500,184,9958,30,145,24,4069,196,5334,54,9403,California
Siskiyou,2021-03-11,495,15098,206,4706,242,10200,47,192,284,4190,210,5544,331,9734,California
Siskiyou,2021-03-12,652,15750,141,4847,472,10672,39,231,183,3946,467,6011,223,9957,California
Siskiyou,2021-03-13,429,16179,380,5227,26,10698,23,254,380,4300,49,6060,403,10360,California
Siskiyou,2021-03-14,20,16199,1,5228,3,10701,16,270,2,4300,18,6078,18,10378,California
Siskiyou,2021-03-15,497,16696,258,5486,175,10876,64,334,320,4507,177,6255,384,10762,California
Siskiyou,2021-03-16,257,16953,34,5520,207,11083,16,350,141,4549,115,6370,157,10919,California
Siskiyou,2021-03-17,200,17153,9,5529,183,11266,8,358,34,4425,166,6536,42,10961,California
Siskiyou,2021-03-18,925,18078,787,6316,126,11392,12,370,809,5130,116,6652,821,11782,California
Siskiyou,2021-03-19,66,18144,7,6323,46,11438,13,383,19,5115,47,6699,32,11814,California
Siskiyou,2021-03-20,29,18173,7,6330,18,11456,4,387,6,5102,23,6722,10,11824,California
Siskiyou,2021-03-21,10,18183,4,6334,1,11457,5,392,4,5105,6,6728,9,11833,California
Siskiyou,2021-03-22,208,18391,21,6355,165,11622,22,414,145,5212,60,6788,167,12000,California
Siskiyou,2021-03-23,176,18567,19,6374,148,11770,9,423,128,5301,48,6836,137,12137,California
Siskiyou,2021-03-24,143,18710,47,6421,96,11866,0,423,116,5390,27,6863,116,12253,California
Siskiyou,2021-03-25,566,19276,316,6737,247,12113,3,426,396,5619,170,7033,399,12652,California
Siskiyou,2021-03-26,305,19581,35,6772,270,12383,0,426,104,5524,199,7232,104,12756,California
Siskiyou,2021-03-27,39,19620,6,6778,28,12411,5,431,11,5512,28,7260,16,12772,California
Siskiyou,2021-03-28,7,19627,6,6784,1,12412,0,431,5,5515,2,7262,5,12777,California
Siskiyou,2021-03-29,95,19722,10,6794,83,12495,2,433,45,5512,50,7312,47,12824,California
Siskiyou,2021-03-30,102,19824,6,6800,95,12590,1,434,41,5493,61,7373,42,12866,California
Siskiyou,2021-03-31,181,20005,12,6812,166,12756,3,437,48,5414,131,7504,52,12918,California
Siskiyou,2021-04-01,827,20832,669,7481,158,12914,0,437,214,5015,613,8117,214,13132,California
Siskiyou,2021-04-02,348,21180,197,7678,147,13061,4,441,66,4805,280,8397,70,13202,California
Siskiyou,2021-04-03,26,21206,5,7683,14,13075,7,448,5,4796,21,8418,12,13214,California
Siskiyou,2021-04-04,2,21208,1,7684,1,13076,0,448,1,4796,1,8419,1,13215,California
Siskiyou,2021-04-05,437,21645,332,8016,80,13156,25,473,27,4439,409,8828,52,13267,California
Siskiyou,2021-04-06,220,21865,36,8052,131,13287,53,526,126,4525,92,8920,178,13445,California
Siskiyou,2021-04-07,114,21979,10,8062,63,13350,41,567,65,4582,49,8969,106,13551,California
Siskiyou,2021-04-08,349,22328,179,8241,127,13477,43,610,64,4404,285,9254,107,13658,California
Siskiyou,2021-04-09,546,22874,378,8619,130,13607,38,648,84,4066,461,9715,123,13781,California
Siskiyou,2021-04-10,46,22920,6,8625,3,13610,37,685,7,4071,39,9754,44,13825,California
Siskiyou,2021-04-11,7,22927,5,8630,1,13611,1,686,2,4069,5,9759,3,13828,California
Siskiyou,2021-04-12,128,23055,24,8654,103,13714,1,687,48,4038,80,9839,49,13877,California
Siskiyou,2021-04-13,206,23261,37,8691,168,13882,1,688,82,3997,124,9963,83,13960,California
Siskiyou,2021-04-14,155,23416,64,8755,91,13973,0,688,84,4012,69,10032,84,14044,California
Siskiyou,2021-04-15,1116,24532,957,9712,159,14132,0,688,437,3770,679,10711,437,14481,California
Siskiyou,2021-04-16,300,24832,208,9920,92,14224,0,688,268,4007,31,10742,268,14749,California
Siskiyou,2021-04-17,12,24844,9,9929,3,14227,0,688,7,4009,5,10747,7,14756,California
Siskiyou,2021-04-18,5,24849,3,9932,2,14229,0,688,1,4006,4,10751,1,14757,California
Siskiyou,2021-04-19,127,24976,24,9956,103,14332,0,688,45,3969,82,10833,45,14802,California
Siskiyou,2021-04-20,220,25196,4,9960,216,14548,0,688,91,3931,129,10962,91,14893,California
Siskiyou,2021-04-21,95,25291,10,9970,85,14633,0,688,25,3886,70,11032,25,14918,California
Siskiyou,2021-04-22,410,25701,298,10268,112,14745,0,688,50,3576,360,11392,50,14968,California
Siskiyou,2021-04-23,181,25882,15,10283,166,14911,0,688,159,3714,21,11413,159,15127,California
Siskiyou,2021-04-24,28,25910,4,10287,24,14935,0,688,20,3726,8,11421,20,15147,California
Siskiyou,2021-04-25,2,25912,0,10287,2,14937,0,688,2,3728,0,11421,2,15149,California
Siskiyou,2021-04-26,102,26014,6,10293,91,15028,5,693,26,3683,76,11497,31,15180,California
Siskiyou,2021-04-27,113,26127,4,10297,107,15135,2,695,86,3746,25,11522,88,15268,California
Siskiyou,2021-04-28,110,26237,7,10304,95,15230,8,703,53,3750,57,11579,61,15329,California
Siskiyou,2021-04-29,143,26380,14,10318,129,15359,0,703,27,3661,116,11695,27,15356,California
Siskiyou,2021-04-30,103,26483,21,10339,81,15440,1,704,45,3651,55,11750,45,15401,California
Siskiyou,2021-05-01,11,26494,7,10346,1,15441,3,707,7,3657,4,11754,10,15411,California
Siskiyou,2021-05-02,10,26504,4,10350,6,15447,0,707,8,3663,2,11756,8,15419,California
Siskiyou,2021-05-03,108,26612,24,10374,82,15529,2,709,45,3647,63,11819,47,15466,California
Siskiyou,2021-05-04,121,26733,6,10380,113,15642,2,711,60,3649,60,11879,62,15528,California
Siskiyou,2021-05-05,114,26847,19,10399,86,15728,9,720,39,3623,74,11953,48,15576,California
Siskiyou,2021-05-06,367,27214,296,10695,65,15793,6,726,190,3642,177,12130,196,15772,California
Siskiyou,2021-05-07,309,27523,219,10914,85,15878,5,731,33,3405,275,12405,38,15810,California
Siskiyou,2021-05-08,25,27548,4,10918,20,15898,1,732,18,3417,7,12412,19,15829,California
Siskiyou,2021-05-09,1,27549,0,10918,1,15899,0,732,0,3416,1,12413,0,15829,California
Siskiyou,2021-05-10,99,27648,68,10986,30,15929,1,733,22,3362,77,12490,23,15852,California
Siskiyou,2021-05-11,86,27734,8,10994,73,16002,5,738,51,3383,35,12525,56,15908,California
Siskiyou,2021-05-12,56,27790,4,10998,48,16050,4,742,16,3363,40,12565,20,15928,California
Siskiyou,2021-05-13,81,27871,33,11031,39,16089,9,751,36,3363,45,12610,45,15973,California
Siskiyou,2021-05-14,170,28041,81,11112,88,16177,1,752,103,3401,66,12676,104,16077,California
Siskiyou,2021-05-15,44,28085,14,11126,28,16205,2,754,37,3434,6,12682,39,16116,California
Siskiyou,2021-05-16,6,28091,2,11128,4,16209,0,754,4,3436,2,12684,4,16120,California
Siskiyou,2021-05-17,64,28155,2,11130,39,16248,23,777,11,3417,53,12737,34,16154,California
Siskiyou,2021-05-18,216,28371,81,11211,131,16379,4,781,122,3450,93,12830,126,16280,California
Siskiyou,2021-05-19,155,28526,97,11308,57,16436,1,782,124,3544,31,12861,125,16405,California
Siskiyou,2021-05-20,502,29028,422,11730,78,16514,2,784,231,3506,271,13132,233,16638,California
Siskiyou,2021-05-21,195,29223,97,11827,98,16612,0,784,109,3530,85,13217,109,16747,California
Siskiyou,2021-05-22,41,29264,19,11846,22,16634,0,784,26,3541,15,13232,26,16773,California
Siskiyou,2021-05-23,4,29268,3,11849,1,16635,0,784,2,3541,2,13234,2,16775,California
Siskiyou,2021-05-24,18,29286,3,11852,15,16650,0,784,5,3534,12,13246,5,16780,California
Siskiyou,2021-05-25,156,29442,16,11868,120,16770,20,804,50,3500,104,13350,70,16850,California
Siskiyou,2021-05-26,76,29518,19,11887,57,16827,0,804,41,3506,35,13385,41,16891,California
Siskiyou,2021-05-27,129,29647,93,11980,35,16862,1,805,56,3490,73,13458,57,16948,California
Siskiyou,2021-05-28,153,29800,57,12037,95,16957,1,806,101,3541,51,13509,102,17050,California
Siskiyou,2021-05-29,16,29816,9,12046,4,16961,3,809,5,3538,11,13520,8,17058,California
Siskiyou,2021-05-31,2,29818,1,12047,0,16961,1,810,1,3539,1,13521,2,17060,California
Siskiyou,2021-06-01,86,29904,20,12067,66,17027,0,810,29,3512,56,13577,29,17089,California
Siskiyou,2021-06-02,121,30025,35,12102,86,17113,0,810,44,3479,77,13654,44,17133,California
Siskiyou,2021-06-03,148,30173,103,12205,40,17153,5,815,33,3402,115,13769,38,17171,California
Siskiyou,2021-06-04,103,30276,81,12286,22,17175,0,815,22,3343,81,13850,22,17193,California
Siskiyou,2021-06-05,35,30311,16,12302,18,17193,1,816,13,3335,22,13872,14,17207,California
Siskiyou,2021-06-06,3,30314,2,12304,0,17193,1,817,0,3333,3,13875,1,17208,California
Siskiyou,2021-06-07,37,30351,5,12309,31,17224,1,818,28,3353,9,13884,29,17237,California
Siskiyou,2021-06-08,179,30530,93,12402,85,17309,1,819,49,3273,130,14014,50,17287,California
Siskiyou,2021-06-09,105,30635,84,12486,20,17329,1,820,27,3223,78,14092,28,17315,California
Siskiyou,2021-06-10,101,30736,92,12578,8,17337,1,821,51,3225,50,14142,52,17367,California
Solano,2020-12-15,4,4,4,4,0,0,0,0,4,4,0,0,4,4,California
Solano,2020-12-16,70,74,70,74,0,0,0,0,70,74,0,0,70,74,California
Solano,2020-12-17,171,245,171,245,0,0,0,0,171,245,0,0,171,245,California
Solano,2020-12-18,477,722,476,721,1,1,0,0,477,722,0,0,477,722,California
Solano,2020-12-19,521,1243,521,1242,0,1,0,0,521,1243,0,0,521,1243,California
Solano,2020-12-20,353,1596,351,1593,2,3,0,0,353,1596,0,0,353,1596,California
Solano,2020-12-21,577,2173,575,2168,2,5,0,0,577,2173,0,0,577,2173,California
Solano,2020-12-22,663,2836,630,2798,33,38,0,0,663,2836,0,0,663,2836,California
Solano,2020-12-23,865,3701,773,3571,92,130,0,0,864,3699,1,1,864,3700,California
Solano,2020-12-24,422,4123,171,3742,251,381,0,0,422,4121,0,1,422,4122,California
Solano,2020-12-25,9,4132,1,3743,8,389,0,0,9,4130,0,1,9,4131,California
Solano,2020-12-26,172,4304,47,3790,125,514,0,0,172,4302,0,1,172,4303,California
Solano,2020-12-27,105,4409,29,3819,76,590,0,0,105,4407,0,1,105,4408,California
Solano,2020-12-28,868,5277,423,4242,445,1035,0,0,868,5275,0,1,868,5276,California
Solano,2020-12-29,908,6185,371,4613,537,1572,0,0,908,6183,0,1,908,6184,California
Solano,2020-12-30,1232,7417,593,5206,639,2211,0,0,1232,7415,0,1,1232,7416,California
Solano,2020-12-31,544,7961,139,5345,405,2616,0,0,544,7959,0,1,544,7960,California
Solano,2021-01-01,15,7976,14,5359,1,2617,0,0,15,7974,0,1,15,7975,California
Solano,2021-01-02,216,8192,167,5526,49,2666,0,0,216,8190,0,1,216,8191,California
Solano,2021-01-03,56,8248,40,5566,16,2682,0,0,50,8240,0,1,50,8241,California
Solano,2021-01-04,454,8702,246,5812,208,2890,0,0,437,8667,10,11,437,8678,California
Solano,2021-01-05,737,9439,381,6193,356,3246,0,0,577,9089,155,166,577,9255,California
Solano,2021-01-06,845,10284,437,6630,408,3654,0,0,573,9392,270,436,573,9828,California
Solano,2021-01-07,1070,11354,686,7316,384,4038,0,0,592,9509,476,912,593,10421,California
Solano,2021-01-08,1149,12503,781,8097,368,4406,0,0,551,9482,580,1492,553,10974,California
Solano,2021-01-09,886,13389,763,8860,123,4529,0,0,427,9453,456,1948,427,11401,California
Solano,2021-01-10,259,13648,193,9053,66,4595,0,0,158,9510,101,2049,158,11559,California
Solano,2021-01-11,1339,14987,1125,10178,214,4809,0,0,816,9804,522,2571,816,12375,California
Solano,2021-01-12,1572,16559,1170,11348,402,5211,0,0,1022,10278,549,3120,1023,13398,California
Solano,2021-01-13,1472,18031,1007,12355,465,5676,0,0,1211,11231,259,3379,1212,14610,California
Solano,2021-01-14,1892,19923,812,13167,1080,6756,0,0,1580,12500,311,3690,1580,16190,California
Solano,2021-01-15,1719,21642,1058,14225,661,7417,0,0,1424,13629,295,3985,1424,17614,California
Solano,2021-01-16,1298,22940,910,15135,388,7805,0,0,1123,14577,175,4160,1123,18737,California
Solano,2021-01-17,1055,23995,759,15894,296,8101,0,0,1035,15593,20,4180,1036,19773,California
Solano,2021-01-18,1426,25421,853,16747,573,8674,0,0,1310,16788,116,4296,1311,21084,California
Solano,2021-01-19,1659,27080,1341,18088,318,8992,0,0,1391,17912,267,4563,1391,22475,California
Solano,2021-01-20,2036,29116,1424,19512,612,9604,0,0,1550,18979,483,5046,1550,24025,California
Solano,2021-01-21,3213,32329,1020,20532,2193,11797,0,0,2860,21487,353,5399,2861,26886,California
Solano,2021-01-22,1777,34106,849,21381,928,12725,0,0,1583,22876,194,5593,1583,28469,California
Solano,2021-01-23,742,34848,243,21624,499,13224,0,0,536,23206,207,5800,537,29006,California
Solano,2021-01-24,408,35256,62,21686,346,13570,0,0,340,23478,68,5868,340,29346,California
Solano,2021-01-25,1680,36936,633,22319,1047,14617,0,0,1119,24038,560,6428,1120,30466,California
Solano,2021-01-26,1799,38735,745,23064,1054,15671,0,0,1159,24558,640,7068,1160,31626,California
Solano,2021-01-27,1815,40550,726,23790,1089,16760,0,0,1196,25143,612,7680,1197,32823,California
Solano,2021-01-28,1970,42520,712,24502,1258,18018,0,0,1374,25923,595,8275,1375,34198,California
Solano,2021-01-29,1727,44247,790,25292,937,18955,0,0,1359,26916,366,8641,1359,35557,California
Solano,2021-01-30,964,45211,461,25753,503,19458,0,0,619,27191,345,8986,620,36177,California
Solano,2021-01-31,248,45459,157,25910,91,19549,0,0,173,27289,75,9061,173,36350,California
Solano,2021-02-01,1557,47016,1032,26942,525,20074,0,0,777,27289,777,9838,777,37127,California
Solano,2021-02-02,3374,50390,1094,28036,2280,22354,0,0,2559,29037,811,10649,2559,39686,California
Solano,2021-02-03,2273,52663,1314,29350,959,23313,0,0,1170,29107,1100,11749,1170,40856,California
Solano,2021-02-04,1809,54472,908,30258,901,24214,0,0,1075,29453,729,12478,1075,41931,California
Solano,2021-02-05,3117,57589,1421,31679,1696,25910,0,0,2107,30557,1003,13481,2107,44038,California
Solano,2021-02-06,3078,60667,1174,32853,1904,27814,0,0,2254,31991,820,14301,2254,46292,California
Solano,2021-02-07,851,61518,783,33636,68,27882,0,0,235,31611,615,14916,235,46527,California
Solano,2021-02-08,1764,63282,1235,34871,529,28411,0,0,719,31287,1043,15959,719,47246,California
Solano,2021-02-09,1953,65235,1490,36361,463,28874,0,0,698,30731,1254,17213,698,47944,California
Solano,2021-02-10,2276,67511,1501,37862,775,29649,0,0,831,30117,1445,18658,831,48775,California
Solano,2021-02-11,2525,70036,1495,39357,1030,30679,0,0,1198,29999,1316,19974,1198,49973,California
Solano,2021-02-12,4261,74297,1628,40985,2633,33312,0,0,2907,31559,1347,21321,2907,52880,California
Solano,2021-02-13,2865,77162,243,41228,2622,35934,0,0,2451,33599,411,21732,2451,55331,California
Solano,2021-02-14,728,77890,205,41433,523,36457,0,0,406,33686,320,22052,407,55738,California
Solano,2021-02-15,1334,79224,328,41761,1006,37463,0,0,686,33725,647,22699,686,56424,California
Solano,2021-02-16,2562,81786,1386,43147,1176,38639,0,0,1667,34499,894,23593,1668,58092,California
Solano,2021-02-17,3233,85019,1453,44600,1780,40419,0,0,2192,35654,1038,24631,2193,60285,California
Solano,2021-02-18,2915,87934,845,45445,2070,42489,0,0,862,34470,2047,26678,863,61148,California
Solano,2021-02-19,2474,90408,1456,46901,1018,43507,0,0,1175,34353,1294,27972,1177,62325,California
Solano,2021-02-20,2749,93157,389,47290,2360,45867,0,0,2232,36067,518,28490,2232,64557,California
Solano,2021-02-21,2323,95480,1998,49288,325,46192,0,0,1998,37744,321,28811,1998,66555,California
Solano,2021-02-22,1808,97288,1064,50352,744,46936,0,0,941,37821,865,29676,942,67497,California
Solano,2021-02-23,2890,100178,1088,51440,1802,48738,0,0,1966,38868,919,30595,1966,69463,California
Solano,2021-02-24,2536,102714,1266,52706,1270,50008,0,0,1412,39159,1122,31717,1413,70876,California
Solano,2021-02-25,2575,105289,1569,54275,1006,51014,0,0,1425,39439,1145,32862,1425,72301,California
Solano,2021-02-26,3413,108702,2169,56444,1244,52258,0,0,1969,39970,1438,34300,1969,74270,California
Solano,2021-02-27,3981,112683,1531,57975,2449,54707,1,1,3217,42433,755,35055,3218,77488,California
Solano,2021-02-28,1941,114624,1564,59539,376,55083,1,2,1613,43722,325,35380,1614,79102,California
Solano,2021-03-01,2726,117350,1223,60762,1502,56585,1,3,2059,45122,660,36040,2060,81162,California
Solano,2021-03-02,2275,119625,1405,62167,870,57455,0,3,1292,45432,982,37022,1292,82454,California
Solano,2021-03-03,2250,121875,1266,63433,984,58439,0,3,1390,45972,851,37873,1391,83845,California
Solano,2021-03-04,4390,126265,3435,66868,953,59392,2,5,3160,47917,1220,39093,3165,87010,California
Solano,2021-03-05,4947,131212,1685,68553,3257,62649,5,10,3977,50939,960,40053,3982,90992,California
Solano,2021-03-06,3857,135069,829,69382,2989,65638,39,49,2650,52433,1195,41248,2689,93681,California
Solano,2021-03-07,3594,138663,763,70145,2821,68459,10,59,1967,52797,1614,42862,1978,95659,California
Solano,2021-03-08,2143,140806,1348,71493,527,68986,268,327,1619,54163,519,43381,1885,97544,California
Solano,2021-03-09,3232,144038,1569,73062,1609,70595,54,381,2333,55648,898,44279,2383,99927,California
Solano,2021-03-10,2426,146464,1762,74824,579,71174,85,466,1271,55854,1149,45428,1355,101282,California
Solano,2021-03-11,6032,152496,1757,76581,4022,75196,253,719,4981,60042,1047,46475,5235,106517,California
Solano,2021-03-12,6035,158531,1569,78150,4288,79484,178,897,3165,60518,2866,49341,3342,109859,California
Solano,2021-03-13,4587,163118,804,78954,3703,83187,80,977,2232,60485,2348,51689,2315,112174,California
Solano,2021-03-14,4017,167135,3137,82091,424,83611,456,1433,1549,60024,2463,54152,2002,114176,California
Solano,2021-03-15,4028,171163,2459,84550,1243,84854,326,1759,2511,61349,1510,55662,2835,117011,California
Solano,2021-03-16,3078,174241,1318,85868,1521,86375,239,1998,1560,61632,1514,57176,1797,118808,California
Solano,2021-03-17,6478,180719,1666,87534,4721,91096,91,2089,4944,65136,1531,58707,5035,123843,California
Solano,2021-03-18,5228,185947,1848,89382,3341,94437,39,2128,3750,67456,1470,60177,3790,127633,California
Solano,2021-03-19,3578,189525,2642,92024,860,95297,76,2204,1707,67381,1863,62040,1788,129421,California
Solano,2021-03-20,5597,195122,1681,93705,3863,99160,53,2257,2649,67145,2938,64978,2702,132123,California
Solano,2021-03-21,1685,196807,1579,95284,81,99241,25,2282,372,66230,1310,66288,395,132518,California
Solano,2021-03-22,2671,199478,2040,97324,580,99821,51,2333,1542,66696,1123,67411,1589,134107,California
Solano,2021-03-23,3564,203042,1682,99006,1840,101661,42,2375,1407,65990,2154,69565,1448,135555,California
Solano,2021-03-24,2832,205874,1773,100779,1024,102685,35,2410,1359,65915,1467,71032,1392,136947,California
Solano,2021-03-25,4880,210754,4006,104785,839,103524,35,2445,2272,65619,2604,73636,2308,139255,California
Solano,2021-03-26,3240,213994,2111,106896,1090,104614,39,2484,1739,65905,1492,75128,1778,141033,California
Solano,2021-03-27,4215,218209,1157,108053,3020,107634,38,2522,1660,65052,2549,77677,1696,142729,California
Solano,2021-03-28,1425,219634,1117,109170,290,107924,18,2540,543,64735,878,78555,561,143290,California
Solano,2021-03-29,3532,223166,2047,111217,1469,109393,16,2556,1559,64350,1960,80515,1575,144865,California
Solano,2021-03-30,3045,226211,2014,113231,937,110330,94,2650,1895,65190,1148,81663,1988,146853,California
Solano,2021-03-31,3140,229351,2138,115369,843,111173,159,2809,1838,65884,1299,82962,1993,148846,California
Solano,2021-04-01,5560,234911,2107,117476,3299,114472,154,2963,3512,67515,2035,84997,3666,152512,California
Solano,2021-04-02,6631,241542,2229,119705,4236,118708,166,3129,2551,66168,4064,89061,2717,155229,California
Solano,2021-04-03,1527,243069,964,120669,410,119118,153,3282,570,65935,955,90016,722,155951,California
Solano,2021-04-04,782,243851,291,120960,190,119308,301,3583,240,65938,538,90554,541,156492,California
Solano,2021-04-05,2983,246834,2042,123002,734,120042,207,3790,1511,66184,1470,92024,1716,158208,California
Solano,2021-04-06,6085,252919,1640,124642,3957,123999,488,4278,1650,63893,4427,96451,2136,160344,California
Solano,2021-04-07,5972,258891,4623,129265,948,124947,401,4679,3400,65141,2552,99003,3800,164144,California
Solano,2021-04-08,6478,265369,1795,131060,3810,128757,873,5552,1809,63179,4640,103643,2678,166822,California
Solano,2021-04-09,6297,271666,1664,132724,3779,132536,854,6406,1515,60786,4757,108400,2364,169186,California
Solano,2021-04-10,1745,273411,964,133688,450,132986,331,6737,803,60978,941,109341,1133,170319,California
Solano,2021-04-11,1217,274628,765,134453,333,133319,119,6856,641,61165,573,109914,760,171079,California
Solano,2021-04-12,3279,277907,1690,136143,1225,134544,364,7220,1354,60966,1920,111834,1721,172800,California
Solano,2021-04-13,2537,280444,1095,137238,1441,135985,1,7221,1324,61082,1210,113044,1326,174126,California
Solano,2021-04-14,6497,286941,1961,139199,4536,140521,0,7221,1831,58258,4658,117702,1834,175960,California
Solano,2021-04-15,5706,292647,2152,141351,3553,144074,1,7222,1730,56029,3961,121663,1732,177692,California
Solano,2021-04-16,3669,296316,2583,143934,1084,145158,2,7224,2277,56922,1386,123049,2279,179971,California
Solano,2021-04-17,3259,299575,1060,144994,2199,147357,0,7224,1111,55894,2140,125189,1112,181083,California
Solano,2021-04-18,1009,300584,618,145612,391,147748,0,7224,527,55940,481,125670,527,181610,California
Solano,2021-04-19,2141,302725,1156,146768,985,148733,0,7224,1171,56149,964,126634,1173,182783,California
Solano,2021-04-20,3005,305730,1829,148597,1176,149909,0,7224,1662,56475,1336,127970,1662,184445,California
Solano,2021-04-21,3815,309545,2333,150930,1482,151391,0,7224,2013,56694,1794,129764,2013,186458,California
Solano,2021-04-22,2992,312537,1488,152418,1504,152895,0,7224,1789,57283,1201,130965,1790,188248,California
Solano,2021-04-23,4153,316690,2097,154515,2056,154951,0,7224,2506,58148,1642,132607,2507,190755,California
Solano,2021-04-24,3887,320577,2345,156860,1540,156491,2,7226,2584,59518,1216,133823,2586,193341,California
Solano,2021-04-25,1425,322002,1110,157970,315,156806,0,7226,1125,60350,293,134116,1125,194466,California
Solano,2021-04-26,2597,324599,1675,159645,918,157724,4,7230,1435,60641,1148,135264,1439,195905,California
Solano,2021-04-27,2579,327178,1283,160928,1264,158988,32,7262,1459,61023,1110,136374,1492,197397,California
Solano,2021-04-28,6036,333214,4991,165919,999,159987,46,7308,3774,62592,2251,138625,3820,201217,California
Solano,2021-04-29,4522,337736,1434,167353,3056,163043,32,7340,2041,62192,2473,141098,2073,203290,California
Solano,2021-04-30,4111,341847,2185,169538,1787,164830,139,7479,1898,62031,2198,143296,2037,205327,California
Solano,2021-05-01,2180,344027,1678,171216,300,165130,202,7681,1294,62646,881,144177,1496,206823,California
Solano,2021-05-02,1198,345225,939,172155,233,165363,26,7707,663,62805,530,144707,689,207512,California
Solano,2021-05-03,1456,346681,1014,173169,355,165718,87,7794,596,62630,859,145566,684,208196,California
Solano,2021-05-04,1802,348483,1047,174216,688,166406,67,7861,813,62523,987,146553,880,209076,California
Solano,2021-05-05,2266,350749,1418,175634,734,167140,114,7975,1088,62549,1174,147727,1200,210276,California
Solano,2021-05-06,1999,352748,1190,176824,599,167739,210,8185,729,62228,1259,148986,938,211214,California
Solano,2021-05-07,2804,355552,1950,178774,734,168473,120,8305,967,61484,1829,150815,1085,212299,California
Solano,2021-05-08,1423,356975,883,179657,425,168898,115,8420,530,61239,890,151705,645,212944,California
Solano,2021-05-09,436,357411,259,179916,166,169064,11,8431,170,61158,263,151968,182,213126,California
Solano,2021-05-10,1322,358733,606,180522,611,169675,105,8536,383,60712,934,152902,488,213614,California
Solano,2021-05-11,2273,361006,1145,181667,1039,170714,89,8625,644,59821,1624,154526,733,214347,California
Solano,2021-05-12,2128,363134,1210,182877,744,171458,174,8799,699,59278,1414,155940,871,215218,California
Solano,2021-05-13,3022,366156,2069,184946,741,172199,212,9011,1593,59657,1426,157366,1805,217023,California
Solano,2021-05-14,2411,368567,1627,186573,663,172862,121,9132,1003,59382,1399,158765,1124,218147,California
Solano,2021-05-15,2936,371503,2282,188855,570,173432,84,9216,1138,58818,1785,160550,1221,219368,California
Solano,2021-05-16,1482,372985,1087,189942,362,173794,33,9249,242,57855,1237,161787,274,219642,California
Solano,2021-05-17,2447,375432,1400,191342,960,174754,87,9336,869,57249,1558,163345,952,220594,California
Solano,2021-05-18,2911,378343,1621,192963,1201,175955,89,9425,1460,57358,1439,164784,1548,222142,California
Solano,2021-05-19,4992,383335,3457,196420,1429,177384,106,9531,1936,56355,3046,167830,2043,224185,California
Solano,2021-05-20,2590,385925,1555,197975,976,178360,59,9590,949,55731,1632,169462,1008,225193,California
Solano,2021-05-21,3534,389459,1857,199832,1610,179970,67,9657,1384,55043,2139,171601,1451,226644,California
Solano,2021-05-22,2370,391829,1772,201604,531,180501,67,9724,979,54706,1383,172984,1046,227690,California
Solano,2021-05-23,1361,393190,1118,202722,219,180720,24,9748,727,54826,631,173615,751,228441,California
Solano,2021-05-24,1840,395030,1042,203764,726,181446,72,9820,615,54293,1219,174834,686,229127,California
Solano,2021-05-25,1629,396659,824,204588,746,182192,59,9879,590,53910,1031,175865,648,229775,California
Solano,2021-05-26,1878,398537,1079,205667,745,182937,54,9933,706,53505,1165,177030,760,230535,California
Solano,2021-05-27,2129,400666,943,206610,1112,184049,74,10007,890,53238,1230,178260,963,231498,California
Solano,2021-05-28,2020,402686,1032,207642,937,184986,51,10058,770,52818,1242,179502,822,232320,California
Solano,2021-05-29,648,403334,320,207962,298,185284,30,10088,321,52843,325,179827,350,232670,California
Solano,2021-05-30,323,403657,155,208117,143,185427,25,10113,119,52786,201,180028,144,232814,California
Solano,2021-05-31,127,403784,18,208135,100,185527,9,10122,24,52716,103,180131,33,232847,California
Solano,2021-06-01,1832,405616,1175,209310,579,186106,78,10200,760,52486,1067,181198,837,233684,California
Solano,2021-06-02,1710,407326,1178,210488,467,186573,65,10265,849,52543,854,182052,911,234595,California
Solano,2021-06-03,1970,409296,1517,212005,372,186945,81,10346,593,51846,1372,183424,675,235270,California
Solano,2021-06-04,1636,410932,1129,213134,439,187384,68,10414,537,51356,1094,184518,604,235874,California
Solano,2021-06-05,1291,412223,1003,214137,238,187622,50,10464,424,50966,863,185381,473,236347,California
Solano,2021-06-06,506,412729,405,214542,82,187704,19,10483,251,50981,255,185636,270,236617,California
Solano,2021-06-07,1241,413970,954,215496,228,187932,59,10542,428,50657,811,186447,487,237104,California
Solano,2021-06-08,1702,415672,1199,216695,469,188401,34,10576,451,49894,1248,187695,485,237589,California
Solano,2021-06-09,1164,416836,935,217630,180,188581,49,10625,336,49453,826,188521,385,237974,California
Solano,2021-06-10,634,417470,449,218079,136,188717,49,10674,219,49311,411,188932,269,238243,California
Sonoma,2020-12-15,4,4,4,4,0,0,0,0,4,4,0,0,4,4,California
Sonoma,2020-12-16,28,32,28,32,0,0,0,0,28,32,0,0,28,32,California
Sonoma,2020-12-17,110,142,110,142,0,0,0,0,110,142,0,0,110,142,California
Sonoma,2020-12-18,436,578,436,578,0,0,0,0,436,578,0,0,436,578,California
Sonoma,2020-12-19,113,691,112,690,1,1,0,0,113,691,0,0,113,691,California
Sonoma,2020-12-20,176,867,176,866,0,1,0,0,176,867,0,0,176,867,California
Sonoma,2020-12-21,910,1777,908,1774,2,3,0,0,909,1776,0,0,909,1776,California
Sonoma,2020-12-22,1359,3136,1268,3042,91,94,0,0,1359,3135,0,0,1359,3135,California
Sonoma,2020-12-23,1606,4742,1232,4274,374,468,0,0,1607,4742,0,0,1607,4742,California
Sonoma,2020-12-24,310,5052,103,4377,207,675,0,0,310,5052,0,0,310,5052,California
Sonoma,2020-12-25,9,5061,2,4379,7,682,0,0,9,5061,0,0,9,5061,California
Sonoma,2020-12-26,268,5329,257,4636,11,693,0,0,268,5329,0,0,268,5329,California
Sonoma,2020-12-27,96,5425,81,4717,15,708,0,0,96,5425,0,0,96,5425,California
Sonoma,2020-12-28,987,6412,551,5268,436,1144,0,0,958,6383,0,0,958,6383,California
Sonoma,2020-12-29,1136,7548,783,6051,353,1497,0,0,1101,7484,0,0,1101,7484,California
Sonoma,2020-12-30,1098,8646,481,6532,617,2114,0,0,1090,8574,0,0,1090,8574,California
Sonoma,2020-12-31,522,9168,71,6603,451,2565,0,0,523,9097,0,0,523,9097,California
Sonoma,2021-01-01,39,9207,20,6623,19,2584,0,0,39,9136,0,0,39,9136,California
Sonoma,2021-01-02,134,9341,128,6751,6,2590,0,0,134,9270,0,0,134,9270,California
Sonoma,2021-01-03,25,9366,10,6761,15,2605,0,0,25,9295,0,0,25,9295,California
Sonoma,2021-01-04,342,9708,106,6867,236,2841,0,0,341,9636,0,0,341,9636,California
Sonoma,2021-01-05,432,10140,102,6969,330,3171,0,0,405,10025,16,16,405,10041,California
Sonoma,2021-01-06,952,11092,434,7403,518,3689,0,0,838,10755,108,124,838,10879,California
Sonoma,2021-01-07,1034,12126,538,7941,496,4185,0,0,859,11440,174,298,859,11738,California
Sonoma,2021-01-08,1800,13926,1238,9179,562,4747,0,0,1316,12274,482,780,1316,13054,California
Sonoma,2021-01-09,643,14569,404,9583,239,4986,0,0,594,12819,49,829,594,13648,California
Sonoma,2021-01-10,474,15043,463,10046,11,4997,0,0,278,12901,196,1025,278,13926,California
Sonoma,2021-01-11,1389,16432,1241,11287,148,5145,0,0,415,12347,969,1994,415,14341,California
Sonoma,2021-01-12,1549,17981,1292,12579,257,5402,0,0,398,11596,1149,3143,398,14739,California
Sonoma,2021-01-13,2048,20029,1371,13950,677,6079,0,0,1179,11910,866,4009,1180,15919,California
Sonoma,2021-01-14,1540,21569,807,14757,733,6812,0,0,1311,12992,229,4238,1311,17230,California
Sonoma,2021-01-15,1564,23133,629,15386,935,7747,0,0,1341,14120,214,4452,1342,18572,California
Sonoma,2021-01-16,1150,24283,618,16004,532,8279,0,0,902,14778,244,4696,902,19474,California
Sonoma,2021-01-17,673,24956,552,16556,121,8400,0,0,593,15291,80,4776,593,20067,California
Sonoma,2021-01-18,1109,26065,938,17494,171,8571,0,0,620,15423,489,5265,621,20688,California
Sonoma,2021-01-19,2103,28168,1003,18497,1100,9671,0,0,1390,16103,711,5976,1391,22079,California
Sonoma,2021-01-20,2111,30279,635,19132,1476,11147,0,0,1439,16883,662,6638,1442,23521,California
Sonoma,2021-01-21,2278,32557,647,19779,1631,12778,0,0,2057,18722,219,6857,2058,25579,California
Sonoma,2021-01-22,2752,35309,1049,20828,1703,14481,0,0,2602,21175,149,7006,2602,28181,California
Sonoma,2021-01-23,766,36075,592,21420,174,14655,0,0,658,21726,107,7113,658,28839,California
Sonoma,2021-01-24,849,36924,720,22140,129,14784,0,0,831,22539,18,7131,831,29670,California
Sonoma,2021-01-25,2186,39110,521,22661,1665,16449,0,0,1696,23746,490,7621,1697,31367,California
Sonoma,2021-01-26,2052,41162,304,22965,1748,18197,0,0,1591,24877,460,8081,1591,32958,California
Sonoma,2021-01-27,3755,44917,1287,24252,2468,20665,0,0,3173,27472,580,8661,3175,36133,California
Sonoma,2021-01-28,4145,49062,1851,26103,2294,22959,0,0,3463,30258,679,9340,3465,39598,California
Sonoma,2021-01-29,3015,52077,1421,27524,1594,24553,0,0,2169,31584,844,10184,2170,41768,California
Sonoma,2021-01-30,2598,54675,2407,29931,191,24744,0,0,2252,33492,345,10529,2253,44021,California
Sonoma,2021-01-31,813,55488,698,30629,115,24859,0,0,580,33840,232,10761,580,44601,California
Sonoma,2021-02-01,2484,57972,854,31483,1630,26489,0,0,2103,35566,377,11138,2103,46704,California
Sonoma,2021-02-02,3600,61572,1398,32881,2202,28691,0,0,3022,38013,575,11713,3022,49726,California
Sonoma,2021-02-03,4054,65626,1328,34209,2726,31417,0,0,3114,40191,936,12649,3114,52840,California
Sonoma,2021-02-04,4223,69849,1733,35942,2490,33907,0,0,3425,42821,796,13445,3426,56266,California
Sonoma,2021-02-05,4835,74684,1751,37693,3084,36991,0,0,3805,45601,1026,14471,3806,60072,California
Sonoma,2021-02-06,2651,77335,2289,39982,362,37353,0,0,2117,47185,533,15004,2117,62189,California
Sonoma,2021-02-07,1549,78884,1411,41393,138,37491,0,0,1292,48220,257,15261,1292,63481,California
Sonoma,2021-02-08,3279,82163,1042,42435,2237,39728,0,0,2685,50312,593,15854,2685,66166,California
Sonoma,2021-02-09,3583,85746,1703,44138,1880,41608,0,0,3102,52936,479,16333,3103,69269,California
Sonoma,2021-02-10,4564,90310,2495,46633,2069,43677,0,0,3555,55489,1003,17336,3556,72825,California
Sonoma,2021-02-11,5597,95907,3031,49664,2566,46243,0,0,4407,58708,1188,18524,4407,77232,California
Sonoma,2021-02-12,5938,101845,3265,52929,2673,48916,0,0,4497,61772,1437,19961,4501,81733,California
Sonoma,2021-02-13,1997,103842,1155,54084,842,49758,0,0,1204,62186,790,20751,1204,82937,California
Sonoma,2021-02-14,2325,106167,1831,55915,494,50252,0,0,1581,63026,741,21492,1581,84518,California
Sonoma,2021-02-15,2151,108318,799,56714,1352,51604,0,0,1612,64099,539,22031,1612,86130,California
Sonoma,2021-02-16,4922,113240,2060,58774,2862,54466,0,0,3651,66484,1267,23298,3652,89782,California
Sonoma,2021-02-17,5619,118859,2911,61685,2708,57174,0,0,3577,68030,2033,25331,3579,93361,California
Sonoma,2021-02-18,6964,125823,3146,64831,3818,60992,0,0,4018,69115,2934,28265,4019,97380,California
Sonoma,2021-02-19,5581,131404,1681,66512,3900,64892,0,0,3458,70457,2118,30383,3460,100840,California
Sonoma,2021-02-20,3136,134540,2842,69354,294,65186,0,0,1218,69763,1912,32295,1218,102058,California
Sonoma,2021-02-21,538,135078,429,69783,109,65295,0,0,142,69515,390,32685,142,102200,California
Sonoma,2021-02-22,2959,138037,1405,71188,1554,66849,0,0,1230,69021,1724,34409,1230,103430,California
Sonoma,2021-02-23,3444,141481,2113,73301,1331,68180,0,0,1608,68798,1831,36240,1608,105038,California
Sonoma,2021-02-24,5723,147204,2577,75878,3146,71326,0,0,2938,68959,2779,39019,2940,107978,California
Sonoma,2021-02-25,6022,153226,2356,78234,3666,74992,0,0,3233,69426,2766,41785,3233,111211,California
Sonoma,2021-02-26,6650,159876,2940,81174,3710,78702,0,0,4224,71231,2419,44204,4224,115435,California
Sonoma,2021-02-27,4210,164086,1967,83141,2243,80945,0,0,2839,72701,1369,45573,2839,118274,California
Sonoma,2021-02-28,2513,166599,1861,85002,651,81596,1,1,770,71744,1729,47302,772,119046,California
Sonoma,2021-03-01,4125,170724,1316,86318,2808,84404,1,2,2168,71967,1947,49249,2170,121216,California
Sonoma,2021-03-02,4413,175137,1521,87839,2891,87295,1,3,2549,72660,1857,51106,2550,123766,California
Sonoma,2021-03-03,5076,180213,2650,90489,2426,89721,0,3,2335,72262,2733,53839,2335,126101,California
Sonoma,2021-03-04,5980,186193,2696,93185,3284,93005,0,3,2601,71498,3365,57204,2601,128702,California
Sonoma,2021-03-05,6506,192699,2873,96058,3618,96623,15,18,2741,70504,3751,60955,2757,131459,California
Sonoma,2021-03-06,2796,195495,1224,97282,1437,98060,135,153,1922,71693,867,61822,2056,133515,California
Sonoma,2021-03-07,1746,197241,1415,98697,295,98355,36,189,400,70785,1344,63166,436,133951,California
Sonoma,2021-03-08,4085,201326,663,99360,3247,101602,175,364,2402,71688,1672,64838,2575,136526,California
Sonoma,2021-03-09,5618,206944,3097,102457,2251,103853,270,634,2766,71867,2843,67681,3022,139548,California
Sonoma,2021-03-10,6036,212980,3199,105656,2487,106340,350,984,2439,71071,3583,71264,2787,142335,California
Sonoma,2021-03-11,7572,220552,3032,108688,3714,110054,826,1810,2575,69486,4984,76248,3399,145734,California
Sonoma,2021-03-12,7429,227981,2266,110954,3795,113849,1368,3178,2102,67644,5307,81555,3465,149199,California
Sonoma,2021-03-13,3430,231411,1695,112649,1496,115345,239,3417,2006,68461,1423,82978,2240,151439,California
Sonoma,2021-03-14,1387,232798,381,113030,864,116209,142,3559,847,68912,537,83515,988,152427,California
Sonoma,2021-03-15,5252,238050,1519,114549,3348,119557,385,3944,2169,68392,3072,86587,2552,154979,California
Sonoma,2021-03-16,6309,244359,2258,116807,3821,123378,230,4174,2901,68121,3400,89987,3129,158108,California
Sonoma,2021-03-17,6807,251166,3562,120369,3065,126443,180,4354,3294,68093,3500,93487,3472,161580,California
Sonoma,2021-03-18,7145,258311,2944,123313,3585,130028,616,4970,3122,67814,4013,97500,3734,165314,California
Sonoma,2021-03-19,7533,265844,3270,126583,4035,134063,228,5198,3059,66651,4454,101954,3291,168605,California
Sonoma,2021-03-20,3722,269566,1755,128338,1140,135203,827,6025,2017,67793,1697,103651,2839,171444,California
Sonoma,2021-03-21,1385,270951,598,128936,752,135955,35,6060,1203,68854,177,103828,1238,172682,California
Sonoma,2021-03-22,4584,275535,3124,132060,1359,137314,101,6161,3340,71056,1238,105066,3440,176122,California
Sonoma,2021-03-23,5874,281409,3645,135705,2158,139472,71,6232,4433,74130,1431,106497,4505,180627,California
Sonoma,2021-03-24,6852,288261,4302,140007,2478,141950,72,6304,4180,75729,2651,109148,4250,184877,California
Sonoma,2021-03-25,7151,295412,4218,144225,2820,144770,113,6417,4296,77311,2828,111976,4410,189287,California
Sonoma,2021-03-26,7461,302873,3470,147695,3898,148668,93,6510,3816,77596,3623,115599,3908,193195,California
Sonoma,2021-03-27,3880,306753,1507,149202,2009,150677,364,6874,1038,76164,2832,118431,1400,194595,California
Sonoma,2021-03-28,1516,308269,950,150152,539,151216,27,6901,799,76276,713,119144,825,195420,California
Sonoma,2021-03-29,2970,311239,1109,151261,1828,153044,33,6934,1534,76416,1428,120572,1568,196988,California
Sonoma,2021-03-30,5871,317110,3227,154488,2582,155626,62,6996,3053,76720,2811,123383,3115,200103,California
Sonoma,2021-03-31,5628,322738,3411,157899,2001,157627,216,7212,3249,77820,2365,125748,3465,203568,California
Sonoma,2021-04-01,6944,329682,4075,161974,2525,160152,344,7556,3766,78770,3151,128899,4101,207669,California
Sonoma,2021-04-02,5966,335648,3573,165547,2283,162435,110,7666,3584,80091,2372,131271,3693,211362,California
Sonoma,2021-04-03,3649,339297,1824,167371,1602,164037,223,7889,1607,79890,2029,133300,1828,213190,California
Sonoma,2021-04-04,1069,340366,695,168066,283,164320,91,7980,654,80225,410,133710,745,213935,California
Sonoma,2021-04-05,4445,344811,648,168714,3451,167771,346,8326,1672,79476,2766,136476,2017,215952,California
Sonoma,2021-04-06,6923,351734,3505,172219,3011,170782,407,8733,4026,81025,2883,139359,4432,220384,California
Sonoma,2021-04-07,6863,358597,3876,176095,2146,172928,841,9574,3338,81685,3513,142872,4173,224557,California
Sonoma,2021-04-08,7677,366274,4153,180248,2750,175678,774,10348,4211,83210,3457,146329,4982,229539,California
Sonoma,2021-04-09,6867,373141,3830,184078,2147,177825,890,11238,3539,84318,3314,149643,4422,233961,California
Sonoma,2021-04-10,3916,377057,1704,185782,1652,179477,560,11798,1145,83255,2762,152405,1699,235660,California
Sonoma,2021-04-11,1285,378342,606,186388,598,180075,81,11879,439,82930,845,153250,520,236180,California
Sonoma,2021-04-12,4971,383313,2068,188456,2414,182489,489,12368,1854,82161,3105,156355,2336,238516,California
Sonoma,2021-04-13,7919,391232,4666,193122,3250,185739,3,12371,3038,80341,4870,161225,3050,241566,California
Sonoma,2021-04-14,6622,397854,3767,196889,2835,188574,20,12391,2546,78852,4063,165288,2574,244140,California
Sonoma,2021-04-15,7268,405122,4121,201010,3147,191721,0,12391,3596,78793,3660,168948,3601,247741,California
Sonoma,2021-04-16,6790,411912,3402,204412,3386,195107,2,12393,3834,79683,2946,171894,3836,251577,California
Sonoma,2021-04-17,3202,415114,1564,205976,1638,196745,0,12393,1547,79590,1641,173535,1548,253125,California
Sonoma,2021-04-18,1288,416402,894,206870,394,197139,0,12393,451,79205,836,174371,451,253576,California
Sonoma,2021-04-19,3322,419724,1882,208752,1439,198578,1,12394,1447,78782,1871,176242,1448,255024,California
Sonoma,2021-04-20,6278,426002,3469,212221,2808,201386,1,12395,2340,77197,3927,180169,2342,257366,California
Sonoma,2021-04-21,6623,432625,4233,216454,2388,203774,2,12397,3043,76682,3559,183728,3044,260410,California
Sonoma,2021-04-22,6254,438879,4485,220939,1769,205543,0,12397,2521,75487,3716,187444,2521,262931,California
Sonoma,2021-04-23,7438,446317,4631,225570,2801,208344,6,12403,3635,75340,3789,191233,3642,266573,California
Sonoma,2021-04-24,2780,449097,1509,227079,1256,209600,15,12418,1547,75674,1228,192461,1562,268135,California
Sonoma,2021-04-25,1088,450185,792,227871,296,209896,0,12418,430,75449,655,193116,430,268565,California
Sonoma,2021-04-26,2925,453110,1407,229278,1490,211386,28,12446,1611,75782,1306,194422,1639,270204,California
Sonoma,2021-04-27,5487,458597,3731,233009,1632,213018,124,12570,2257,74944,3219,197641,2381,272585,California
Sonoma,2021-04-28,4901,463498,3231,236240,1473,214491,197,12767,2096,74444,2788,200429,2288,274873,California
Sonoma,2021-04-29,5087,468585,3590,239830,1352,215843,145,12912,1915,73344,3160,203589,2060,276933,California
Sonoma,2021-04-30,5458,474043,3633,243463,1531,217374,294,13206,1811,71818,3631,207220,2105,279038,California
Sonoma,2021-05-01,2484,476527,1787,245250,592,217966,105,13311,1234,71911,1242,208462,1335,280373,California
Sonoma,2021-05-02,865,477392,645,245895,169,218135,51,13362,551,72200,314,208776,603,280976,California
Sonoma,2021-05-03,3185,480577,1683,247578,1357,219492,145,13507,1050,71268,2125,210901,1193,282169,California
Sonoma,2021-05-04,4589,485166,2404,249982,2007,221499,178,13685,1458,69792,3107,214008,1631,283800,California
Sonoma,2021-05-05,3673,488839,2181,252163,1298,222797,194,13879,1313,68949,2348,216356,1505,285305,California
Sonoma,2021-05-06,4558,493397,2409,254572,2021,224818,128,14007,1318,67209,3182,219538,1442,286747,California
Sonoma,2021-05-07,3602,496999,2316,256888,1161,225979,125,14132,1085,65911,2507,222045,1209,287956,California
Sonoma,2021-05-08,1861,498860,1260,258148,509,226488,92,14224,747,65648,1102,223147,839,288795,California
Sonoma,2021-05-09,500,499360,284,258432,175,226663,41,14265,170,65532,327,223474,211,289006,California
Sonoma,2021-05-10,2319,501679,1044,259476,1141,227804,134,14399,292,63942,2013,225487,423,289429,California
Sonoma,2021-05-11,3553,505232,1907,261383,1524,229328,122,14521,932,62391,2605,228092,1054,290483,California
Sonoma,2021-05-12,4001,509233,2475,263858,1375,230703,151,14672,852,60255,3138,231230,1002,291485,California
Sonoma,2021-05-13,4925,514158,2834,266692,1960,232663,131,14803,1659,58790,3253,234483,1788,293273,California
Sonoma,2021-05-14,5811,519969,3610,270302,2062,234725,139,14942,2219,57571,3578,238061,2359,295632,California
Sonoma,2021-05-15,2923,522892,2151,272453,711,235436,61,15003,1846,58408,1069,239130,1906,297538,California
Sonoma,2021-05-16,1314,524206,1097,273550,158,235594,59,15062,979,59115,331,239461,1038,298576,California
Sonoma,2021-05-17,2459,526665,1834,275384,530,236124,95,15157,917,58588,1537,240998,1010,299586,California
Sonoma,2021-05-18,4337,531002,2862,278246,1366,237490,109,15266,1476,57337,2843,243841,1592,301178,California
Sonoma,2021-05-19,3739,534741,2405,280651,1219,238709,115,15381,1488,56701,2239,246080,1603,302781,California
Sonoma,2021-05-20,3382,538123,2247,282898,1040,239749,95,15476,1347,56116,2022,248102,1437,304218,California
Sonoma,2021-05-21,4213,542336,2401,285299,1682,241431,130,15606,1512,55068,2678,250780,1630,305848,California
Sonoma,2021-05-22,2332,544668,1276,286575,1016,242447,40,15646,664,54116,1656,252436,704,306552,California
Sonoma,2021-05-23,1461,546129,1195,287770,251,242698,15,15661,756,54187,700,253136,771,307323,California
Sonoma,2021-05-24,1962,548091,1247,289017,585,243283,130,15791,648,53681,1284,254420,778,308101,California
Sonoma,2021-05-25,2916,551007,1796,290813,1032,244315,88,15879,740,52345,2163,256583,827,308928,California
Sonoma,2021-05-26,2462,553469,1725,292538,631,244946,106,15985,990,51978,1460,258043,1093,310021,California
Sonoma,2021-05-27,2082,555551,1138,293676,848,245794,96,16081,701,51401,1373,259416,796,310817,California
Sonoma,2021-05-28,2145,557696,1128,294804,924,246718,93,16174,621,50603,1512,260928,714,311531,California
Sonoma,2021-05-29,1334,559030,913,295717,353,247071,68,16242,646,50639,678,261606,714,312245,California
Sonoma,2021-05-30,340,559370,211,295928,119,247190,10,16252,136,50585,200,261806,146,312391,California
Sonoma,2021-05-31,71,559441,26,295954,44,247234,1,16253,17,50549,54,261860,18,312409,California
Sonoma,2021-06-01,1934,561375,1113,297067,744,247978,77,16330,707,50115,1213,263073,779,313188,California
Sonoma,2021-06-02,1573,562948,961,298028,498,248476,114,16444,663,49986,905,263978,776,313964,California
Sonoma,2021-06-03,1999,564947,1389,299417,529,249005,81,16525,447,48968,1544,265522,526,314490,California
Sonoma,2021-06-04,2686,567633,2199,301616,377,249382,110,16635,514,47426,2165,267687,623,315113,California
Sonoma,2021-06-05,1801,569434,1486,303102,285,249667,30,16665,290,46241,1505,269192,320,315433,California
Sonoma,2021-06-06,1012,570446,933,304035,69,249736,10,16675,156,45554,853,270045,166,315599,California
Sonoma,2021-06-07,1472,571918,1241,305276,181,249917,50,16725,308,44755,1155,271200,356,315955,California
Sonoma,2021-06-08,1860,573778,1501,306777,320,250237,39,16764,520,43985,1328,272528,558,316513,California
Sonoma,2021-06-09,1120,574898,889,307666,179,250416,52,16816,274,43478,833,273361,326,316839,California
Sonoma,2021-06-10,1367,576265,1163,308829,131,250547,73,16889,428,43047,931,274292,500,317339,California
Stanislaus,2020-12-15,3,3,3,3,0,0,0,0,3,3,0,0,3,3,California
Stanislaus,2020-12-16,37,40,37,40,0,0,0,0,37,40,0,0,37,40,California
Stanislaus,2020-12-17,74,114,74,114,0,0,0,0,74,114,0,0,74,114,California
Stanislaus,2020-12-18,341,455,335,449,6,6,0,0,341,455,0,0,341,455,California
Stanislaus,2020-12-19,132,587,132,581,0,6,0,0,132,587,0,0,132,587,California
Stanislaus,2020-12-20,86,673,86,667,0,6,0,0,86,673,0,0,86,673,California
Stanislaus,2020-12-21,996,1669,995,1662,1,7,0,0,995,1668,1,1,996,1669,California
Stanislaus,2020-12-22,794,2463,782,2444,12,19,0,0,794,2462,0,1,794,2463,California
Stanislaus,2020-12-23,448,2911,430,2874,18,37,0,0,447,2909,1,2,448,2911,California
Stanislaus,2020-12-24,97,3008,88,2962,9,46,0,0,97,3006,0,2,97,3008,California
Stanislaus,2020-12-26,52,3060,9,2971,43,89,0,0,52,3058,0,2,52,3060,California
Stanislaus,2020-12-27,11,3071,6,2977,5,94,0,0,11,3069,0,2,11,3071,California
Stanislaus,2020-12-28,487,3558,394,3371,93,187,0,0,487,3556,0,2,487,3558,California
Stanislaus,2020-12-29,495,4053,415,3786,80,267,0,0,495,4051,0,2,495,4053,California
Stanislaus,2020-12-30,534,4587,280,4066,254,521,0,0,533,4583,1,3,533,4586,California
Stanislaus,2020-12-31,278,4865,157,4223,121,642,0,0,278,4861,0,3,278,4864,California
Stanislaus,2021-01-01,14,4879,5,4228,9,651,0,0,14,4875,0,3,14,4878,California
Stanislaus,2021-01-02,33,4912,26,4254,7,658,0,0,33,4908,0,3,33,4911,California
Stanislaus,2021-01-03,90,5002,87,4341,3,661,0,0,90,4998,0,3,90,5001,California
Stanislaus,2021-01-04,233,5235,154,4495,79,740,0,0,232,5229,1,4,232,5233,California
Stanislaus,2021-01-05,839,6074,347,4842,492,1232,0,0,814,6027,24,28,822,6055,California
Stanislaus,2021-01-06,1003,7077,599,5441,404,1636,0,0,929,6889,71,99,933,6988,California
Stanislaus,2021-01-07,1077,8154,703,6144,374,2010,0,0,884,7589,187,286,887,7875,California
Stanislaus,2021-01-08,1273,9427,718,6862,555,2565,0,0,928,8181,342,628,934,8809,California
Stanislaus,2021-01-09,291,9718,143,7005,148,2713,0,0,201,8293,90,718,202,9011,California
Stanislaus,2021-01-10,47,9765,20,7025,27,2740,0,0,29,8304,18,736,29,9040,California
Stanislaus,2021-01-11,1496,11261,1213,8238,283,3023,0,0,572,7976,918,1654,590,9630,California
Stanislaus,2021-01-12,1475,12736,867,9105,608,3631,0,0,831,8178,640,2294,842,10472,California
Stanislaus,2021-01-13,1445,14181,687,9792,758,4389,0,0,1120,8986,324,2618,1132,11604,California
Stanislaus,2021-01-14,2241,16422,285,10077,1956,6345,0,0,2067,10954,171,2789,2139,13743,California
Stanislaus,2021-01-15,2826,19248,1159,11236,1667,8012,0,0,2667,13551,155,2944,2752,16495,California
Stanislaus,2021-01-16,472,19720,50,11286,422,8434,0,0,453,13988,18,2962,455,16950,California
Stanislaus,2021-01-17,244,19964,202,11488,42,8476,0,0,237,14219,6,2968,237,17187,California
Stanislaus,2021-01-18,2190,22154,1023,12511,1167,9643,0,0,1795,15702,390,3358,1873,19060,California
Stanislaus,2021-01-19,1253,23407,723,13234,530,10173,0,0,804,16062,445,3803,805,19865,California
Stanislaus,2021-01-20,1012,24419,490,13724,522,10695,0,0,717,16485,294,4097,717,20582,California
Stanislaus,2021-01-21,3693,28112,2978,16702,715,11410,0,0,3358,19626,331,4428,3472,24054,California
Stanislaus,2021-01-22,1099,29211,308,17010,791,12201,0,0,1054,20642,41,4469,1057,25111,California
Stanislaus,2021-01-23,356,29567,42,17052,314,12515,0,0,297,20882,58,4527,298,25409,California
Stanislaus,2021-01-24,302,29869,100,17152,202,12717,0,0,236,21054,66,4593,238,25647,California
Stanislaus,2021-01-25,3159,33028,228,17380,2931,15648,0,0,2824,23734,299,4892,2979,28626,California
Stanislaus,2021-01-26,1729,34757,748,18128,981,16629,0,0,1299,24627,423,5315,1316,29942,California
Stanislaus,2021-01-27,1899,36656,1056,19184,843,17472,0,0,1191,25159,661,5976,1193,31135,California
Stanislaus,2021-01-28,2209,38865,1512,20696,697,18169,0,0,1716,26455,484,6460,1780,32915,California
Stanislaus,2021-01-29,2449,41314,1200,21896,1249,19418,0,0,1913,27931,490,6950,1966,34881,California
Stanislaus,2021-01-30,294,41608,133,22029,161,19579,0,0,229,28106,54,7004,229,35110,California
Stanislaus,2021-01-31,368,41976,314,22343,54,19633,0,0,353,28447,12,7016,353,35463,California
Stanislaus,2021-02-01,1295,43271,585,22928,710,20343,0,0,941,29046,343,7359,942,36405,California
Stanislaus,2021-02-02,1212,44483,348,23276,864,21207,0,0,775,29398,425,7784,777,37182,California
Stanislaus,2021-02-03,2614,47097,1234,24510,1380,22587,0,0,1916,30636,693,8477,1931,39113,California
Stanislaus,2021-02-04,2091,49188,710,25220,1381,23968,0,0,1582,31729,495,8972,1588,40701,California
Stanislaus,2021-02-05,2853,52041,1470,26690,1383,25351,0,0,1592,32136,1198,10170,1605,42306,California
Stanislaus,2021-02-06,885,52926,299,26989,586,25937,0,0,692,32639,191,10361,694,43000,California
Stanislaus,2021-02-07,232,53158,207,27196,25,25962,0,0,43,32497,186,10547,44,43044,California
Stanislaus,2021-02-08,2040,55198,1337,28533,703,26665,0,0,1100,32725,897,11444,1125,44169,California
Stanislaus,2021-02-09,1839,57037,783,29316,1056,27721,0,0,1042,33004,773,12217,1052,45221,California
Stanislaus,2021-02-10,1937,58974,534,29850,1403,29124,0,0,1013,33119,900,13117,1015,46236,California
Stanislaus,2021-02-11,5401,64375,3276,33126,2125,31249,0,0,1233,30411,3947,17064,1239,47475,California
Stanislaus,2021-02-12,3303,67678,917,34043,2386,33635,0,0,1453,30106,1767,18831,1462,48937,California
Stanislaus,2021-02-13,1353,69031,650,34693,703,34338,0,0,983,30730,363,19194,987,49924,California
Stanislaus,2021-02-14,417,69448,165,34858,252,34590,0,0,350,31015,65,19259,350,50274,California
Stanislaus,2021-02-15,1818,71266,230,35088,1588,36178,0,0,581,30478,1122,20381,585,50859,California
Stanislaus,2021-02-16,1364,72630,423,35511,941,37119,0,0,580,30288,772,21153,582,51441,California
Stanislaus,2021-02-17,2756,75386,1688,37199,1068,38187,0,0,1919,31387,832,21985,1931,53372,California
Stanislaus,2021-02-18,3366,78752,1903,39102,1463,39650,0,0,1780,31709,1495,23480,1817,55189,California
Stanislaus,2021-02-19,2771,81523,1075,40177,1696,41346,0,0,1515,32038,1210,24690,1539,56728,California
Stanislaus,2021-02-20,753,82276,383,40560,370,41716,0,0,477,32260,256,24946,478,57206,California
Stanislaus,2021-02-21,906,83182,692,41252,214,41930,0,0,545,32479,337,25283,556,57762,California
Stanislaus,2021-02-22,2351,85533,1698,42950,653,42583,0,0,1633,33415,698,25981,1634,59396,California
Stanislaus,2021-02-23,3751,89284,681,43631,3070,45653,0,0,1743,33326,1843,27824,1754,61150,California
Stanislaus,2021-02-24,4188,93472,2854,46485,1334,46987,0,0,3123,35409,1043,28867,3126,64276,California
Stanislaus,2021-02-25,3954,97426,2719,49204,1235,48222,0,0,3151,37780,783,29650,3154,67430,California
Stanislaus,2021-02-26,4217,101643,1217,50421,3000,51222,0,0,2839,39309,1322,30972,2851,70281,California
Stanislaus,2021-02-27,2093,103736,711,51132,1381,52603,1,1,1860,40967,204,31176,1862,72143,California
Stanislaus,2021-02-28,825,104561,262,51394,563,53166,0,1,775,41704,39,31215,776,72919,California
Stanislaus,2021-03-01,2790,107351,1647,53041,1141,54307,2,3,1640,42249,1109,32324,1654,74573,California
Stanislaus,2021-03-02,2396,109747,1425,54466,970,55277,1,4,1660,43191,721,33045,1663,76236,California
Stanislaus,2021-03-03,3715,113462,2231,56697,1480,56757,4,8,2905,45307,793,33838,2909,79145,California
Stanislaus,2021-03-04,5444,118906,3108,59805,2320,59077,16,24,4190,48288,1221,35059,4202,83347,California
Stanislaus,2021-03-05,4086,122992,1121,60926,2949,62026,16,40,3087,50420,970,36029,3102,86449,California
Stanislaus,2021-03-06,3577,126569,2230,63156,1254,63280,93,133,2722,52386,851,36880,2817,89266,California
Stanislaus,2021-03-07,851,127420,387,63543,428,63708,36,169,665,52906,181,37061,701,89967,California
Stanislaus,2021-03-08,1993,129413,863,64406,1041,64749,89,258,1332,53684,642,37703,1420,91387,California
Stanislaus,2021-03-09,2176,131589,903,65309,1181,65930,92,350,1632,54881,532,38235,1729,93116,California
Stanislaus,2021-03-10,5072,136661,2506,67815,2340,68270,226,576,3738,57545,1313,39548,3977,97093,California
Stanislaus,2021-03-11,5721,142382,3142,70957,2103,70373,476,1052,4121,60718,1429,40977,4602,101695,California
Stanislaus,2021-03-12,5773,148155,1229,72186,2621,72994,1923,2975,2917,62726,2830,43807,4838,106533,California
Stanislaus,2021-03-13,3400,151555,2181,74367,1149,74143,70,3045,2701,64812,692,44499,2778,109311,California
Stanislaus,2021-03-14,989,152544,595,74962,343,74486,51,3096,485,64849,501,45000,538,109849,California
Stanislaus,2021-03-15,3691,156235,1975,76937,1355,75841,361,3457,1602,64827,1992,46992,1970,111819,California
Stanislaus,2021-03-16,4939,161174,2459,79396,2066,77907,414,3871,3549,67421,1368,48360,3962,115781,California
Stanislaus,2021-03-17,4720,165894,2854,82250,1688,79595,178,4049,2877,68671,1811,50171,3061,118842,California
Stanislaus,2021-03-18,5424,171318,3422,85672,1936,81531,66,4115,2930,69331,2341,52512,3001,121843,California
Stanislaus,2021-03-19,5926,177244,1541,87213,2864,84395,1521,5636,3105,71173,2781,55293,4623,126466,California
Stanislaus,2021-03-20,3844,181088,3009,90222,767,85162,68,5704,3366,74137,471,55764,3435,129901,California
Stanislaus,2021-03-21,1006,182094,903,91125,37,85199,66,5770,765,74730,238,56002,831,130732,California
Stanislaus,2021-03-22,2823,184917,1329,92454,769,85968,725,6495,1237,75138,1557,57559,1965,132697,California
Stanislaus,2021-03-23,3947,188864,2021,94475,1666,87634,260,6755,2805,77097,1125,58684,3084,135781,California
Stanislaus,2021-03-24,4558,193422,3221,97696,1264,88898,73,6828,2635,77932,1876,60560,2711,138492,California
Stanislaus,2021-03-25,4253,197675,2926,100622,1311,90209,16,6844,1818,77411,2356,62916,1835,140327,California
Stanislaus,2021-03-26,4758,202433,1335,101957,3348,93557,75,6919,2383,77540,2342,65258,2471,142798,California
Stanislaus,2021-03-27,4401,206834,2741,104698,1578,95135,82,7001,1379,76005,3004,68262,1469,144267,California
Stanislaus,2021-03-28,1105,207939,438,105136,559,95694,108,7109,317,75660,776,69038,431,144698,California
Stanislaus,2021-03-29,2978,210917,1827,106963,1112,96806,39,7148,1979,76695,989,70027,2024,146722,California
Stanislaus,2021-03-30,3676,214593,2064,109027,1586,98392,26,7174,2230,77520,1437,71464,2262,148984,California
Stanislaus,2021-03-31,5428,220021,3852,112879,1457,99849,119,7293,2773,77782,2634,74098,2896,151880,California
Stanislaus,2021-04-01,5741,225762,3840,116719,1812,101661,89,7382,2633,77430,3085,77183,2733,154613,California
Stanislaus,2021-04-02,5019,230781,1210,117929,3654,105315,155,7537,2243,77155,2685,79868,2410,157023,California
Stanislaus,2021-04-03,4545,235326,3300,121229,1208,106523,37,7574,2242,77154,2293,82161,2292,159315,California
Stanislaus,2021-04-04,1324,236650,473,121702,821,107344,30,7604,650,77172,666,82827,684,159999,California
Stanislaus,2021-04-05,3635,240285,2530,124232,857,108201,248,7852,2357,78514,1268,84095,2610,162609,California
Stanislaus,2021-04-06,5751,246036,4174,128406,1302,109503,275,8127,3076,79211,2660,86755,3357,165966,California
Stanislaus,2021-04-07,6350,252386,3599,132005,2327,111830,424,8551,2829,78969,3503,90258,3261,169227,California
Stanislaus,2021-04-08,5688,258074,3329,135334,1925,113755,434,8985,2775,79292,2889,93147,3212,172439,California
Stanislaus,2021-04-09,4822,262896,2105,137439,2344,116099,373,9358,2183,79246,2614,95761,2568,175007,California
Stanislaus,2021-04-10,6496,269392,3985,141424,872,116971,1639,10997,1998,78404,4472,100233,3630,178637,California
Stanislaus,2021-04-11,1518,270910,847,142271,538,117509,133,11130,664,78350,852,101085,798,179435,California
Stanislaus,2021-04-12,3594,274504,2046,144317,1102,118611,446,11576,1873,78977,1700,102785,2327,181762,California
Stanislaus,2021-04-13,5197,279701,3422,147739,1762,120373,13,11589,2918,79666,2237,105022,2926,184688,California
Stanislaus,2021-04-14,4682,284383,3274,151013,1406,121779,2,11591,2287,79599,2361,107383,2294,186982,California
Stanislaus,2021-04-15,5399,289782,3320,154333,2076,123855,3,11594,3243,80732,2114,109497,3247,190229,California
Stanislaus,2021-04-16,4311,294093,992,155325,3318,127173,1,11595,1820,80106,2449,111946,1823,192052,California
Stanislaus,2021-04-17,3166,297259,2130,157455,1036,128209,0,11595,1839,80634,1314,113260,1842,193894,California
Stanislaus,2021-04-18,533,297792,217,157672,314,128523,2,11597,409,80929,117,113377,412,194306,California
Stanislaus,2021-04-19,3458,301250,2450,160122,1007,129530,1,11598,1637,80786,1789,115166,1646,195952,California
Stanislaus,2021-04-20,3972,305222,2410,162532,1562,131092,0,11598,1732,80310,2210,117376,1734,197686,California
Stanislaus,2021-04-21,3828,309050,2559,165091,1268,132360,1,11599,1597,79724,2190,119566,1604,199290,California
Stanislaus,2021-04-22,3958,313008,2412,167503,1546,133906,0,11599,1577,78971,2335,121901,1582,200872,California
Stanislaus,2021-04-23,3593,316601,846,168349,2746,136652,1,11600,1468,78414,2033,123934,1476,202348,California
Stanislaus,2021-04-24,3786,320387,2929,171278,857,137509,0,11600,1792,78234,1977,125911,1797,204145,California
Stanislaus,2021-04-25,939,321326,482,171760,457,137966,0,11600,689,78683,244,126155,693,204838,California
Stanislaus,2021-04-26,3362,324688,2361,174121,995,138961,6,11606,1052,77458,2288,128443,1063,205901,California
Stanislaus,2021-04-27,4037,328725,2801,176922,1188,140149,48,11654,1170,75839,2841,131284,1222,207123,California
Stanislaus,2021-04-28,4260,332985,3024,179946,1174,141323,62,11716,1837,75343,2404,133688,1908,209031,California
Stanislaus,2021-04-29,3639,336624,2259,182205,1332,142655,48,11764,1448,74671,2178,135866,1506,210537,California
Stanislaus,2021-04-30,4498,341122,2042,184247,2372,145027,84,11848,1775,73829,2709,138575,1867,212404,California
Stanislaus,2021-05-01,2709,343831,1926,186173,742,145769,41,11889,1016,73209,1685,140260,1065,213469,California
Stanislaus,2021-05-02,1075,344906,615,186788,424,146193,36,11925,521,73224,548,140808,563,214032,California
Stanislaus,2021-05-03,2413,347319,1927,188715,415,146608,71,11996,910,72717,1491,142299,984,215016,California
Stanislaus,2021-05-04,3471,350790,2468,191183,913,147521,90,12086,1066,71489,2393,144692,1165,216181,California
Stanislaus,2021-05-05,3193,353983,2137,193320,981,148502,75,12161,1083,70561,2090,146782,1162,217343,California
Stanislaus,2021-05-06,3518,357501,2696,196016,698,149200,124,12285,1055,69305,2442,149224,1186,218529,California
Stanislaus,2021-05-07,2305,359806,882,196898,1260,150460,163,12448,931,69036,1365,150589,1096,219625,California
Stanislaus,2021-05-08,1958,361764,1341,198239,584,151044,33,12481,712,68558,1230,151819,752,220377,California
Stanislaus,2021-05-09,712,362476,342,198581,344,151388,26,12507,308,68491,402,152221,335,220712,California
Stanislaus,2021-05-10,1683,364159,1140,199721,447,151835,96,12603,451,67820,1220,153441,549,221261,California
Stanislaus,2021-05-11,2364,366523,1494,201215,712,152547,158,12761,671,66973,1681,155122,834,222095,California
Stanislaus,2021-05-12,2220,368743,1280,202495,832,153379,108,12869,858,66593,1348,156470,968,223063,California
Stanislaus,2021-05-13,1986,370729,1139,203634,730,154109,117,12986,901,66537,1077,157547,1021,224084,California
Stanislaus,2021-05-14,2608,373337,1163,204797,1309,155418,136,13122,1202,66485,1391,158938,1339,225423,California
Stanislaus,2021-05-15,2475,375812,1768,206565,657,156075,50,13172,1197,66472,1268,160206,1255,226678,California
Stanislaus,2021-05-16,1024,376836,669,207234,347,156422,8,13180,557,66581,460,160666,569,227247,California
Stanislaus,2021-05-17,1929,378765,1295,208529,553,156975,81,13261,927,66595,996,161662,1010,228257,California
Stanislaus,2021-05-18,2199,380964,1503,210032,582,157557,114,13375,1143,66807,1044,162706,1256,229513,California
Stanislaus,2021-05-19,3025,383989,2063,212095,808,158365,154,13529,1350,66650,1666,164372,1509,231022,California
Stanislaus,2021-05-20,2085,386074,1117,213212,866,159231,102,13631,846,66373,1230,165602,953,231975,California
Stanislaus,2021-05-21,2310,388384,1110,214322,1105,160336,95,13726,936,66049,1358,166960,1034,233009,California
Stanislaus,2021-05-22,1921,390305,1185,215507,668,161004,68,13794,849,65903,1064,168024,918,233927,California
Stanislaus,2021-05-23,1022,391327,656,216163,351,161355,15,13809,478,65856,540,168564,493,234420,California
Stanislaus,2021-05-24,1577,392904,1083,217246,419,161774,75,13884,606,65576,968,169532,688,235108,California
Stanislaus,2021-05-25,1693,394597,1163,218409,433,162207,97,13981,825,65636,864,170396,924,236032,California
Stanislaus,2021-05-26,1883,396480,1180,219589,653,162860,50,14031,900,65612,974,171370,950,236982,California
Stanislaus,2021-05-27,1714,398194,942,220531,697,163557,75,14106,642,65267,1062,172432,717,237699,California
Stanislaus,2021-05-28,1952,400146,887,221418,986,164543,79,14185,858,65117,1087,173519,937,238636,California
Stanislaus,2021-05-29,1310,401456,843,222261,426,164969,41,14226,611,65076,695,174214,654,239290,California
Stanislaus,2021-05-30,454,401910,274,222535,146,165115,34,14260,215,65089,236,174450,249,239539,California
Stanislaus,2021-05-31,259,402169,122,222657,130,165245,7,14267,97,65032,161,174611,104,239643,California
Stanislaus,2021-06-01,1545,403714,973,223630,520,165765,52,14319,621,64791,917,175528,676,240319,California
Stanislaus,2021-06-02,1711,405425,1093,224723,552,166317,66,14385,769,64696,931,176459,836,241155,California
Stanislaus,2021-06-03,1305,406730,770,225493,488,166805,47,14432,528,64509,765,177224,578,241733,California
Stanislaus,2021-06-04,1859,408589,1112,226605,678,167483,69,14501,698,64135,1151,178375,777,242510,California
Stanislaus,2021-06-05,1359,409948,1039,227644,294,167777,26,14527,463,63739,887,179262,491,243001,California
Stanislaus,2021-06-06,495,410443,404,228048,83,167860,8,14535,198,63650,297,179559,208,243209,California
Stanislaus,2021-06-07,1341,411784,1017,229065,277,168137,47,14582,496,63355,839,180398,544,243753,California
Stanislaus,2021-06-08,1773,413557,1347,230412,367,168504,59,14641,640,62936,1120,181518,701,244454,California
Stanislaus,2021-06-09,1416,414973,1004,231416,341,168845,71,14712,463,62523,950,182468,537,244991,California
Stanislaus,2021-06-10,600,415573,293,231709,258,169103,49,14761,216,62411,375,182843,263,245254,California
Sutter,2020-12-15,1,1,1,1,0,0,0,0,1,1,0,0,1,1,California
Sutter,2020-12-16,4,5,4,5,0,0,0,0,4,5,0,0,4,5,California
Sutter,2020-12-17,2,7,2,7,0,0,0,0,2,7,0,0,2,7,California
Sutter,2020-12-18,22,29,22,29,0,0,0,0,22,29,0,0,22,29,California
Sutter,2020-12-19,44,73,44,73,0,0,0,0,44,73,0,0,44,73,California
Sutter,2020-12-20,43,116,43,116,0,0,0,0,43,116,0,0,43,116,California
Sutter,2020-12-21,100,216,100,216,0,0,0,0,100,216,0,0,100,216,California
Sutter,2020-12-22,171,387,171,387,0,0,0,0,171,387,0,0,171,387,California
Sutter,2020-12-23,118,505,113,500,5,5,0,0,118,505,0,0,118,505,California
Sutter,2020-12-24,17,522,11,511,6,11,0,0,17,522,0,0,17,522,California
Sutter,2020-12-26,38,560,34,545,4,15,0,0,38,560,0,0,38,560,California
Sutter,2020-12-27,24,584,23,568,1,16,0,0,24,584,0,0,24,584,California
Sutter,2020-12-28,84,668,56,624,28,44,0,0,84,668,0,0,84,668,California
Sutter,2020-12-29,102,770,14,638,88,132,0,0,102,770,0,0,102,770,California
Sutter,2020-12-30,137,907,34,672,103,235,0,0,137,907,0,0,137,907,California
Sutter,2020-12-31,69,976,6,678,63,298,0,0,69,976,0,0,69,976,California
Sutter,2021-01-01,3,979,3,681,0,298,0,0,3,979,0,0,3,979,California
Sutter,2021-01-02,131,1110,129,810,2,300,0,0,131,1110,0,0,131,1110,California
Sutter,2021-01-03,1,1111,0,810,1,301,0,0,1,1111,0,0,1,1111,California
Sutter,2021-01-04,246,1357,138,948,108,409,0,0,246,1357,0,0,246,1357,California
Sutter,2021-01-05,100,1457,57,1005,43,452,0,0,97,1451,3,3,97,1454,California
Sutter,2021-01-06,204,1661,50,1055,154,606,0,0,199,1645,5,8,199,1653,California
Sutter,2021-01-07,253,1914,151,1206,102,708,0,0,244,1881,8,16,244,1897,California
Sutter,2021-01-08,152,2066,41,1247,111,819,0,0,134,1997,18,34,134,2031,California
Sutter,2021-01-09,44,2110,43,1290,1,820,0,0,3,1959,41,75,3,2034,California
Sutter,2021-01-10,395,2505,37,1327,358,1178,0,0,357,2279,37,112,357,2391,California
Sutter,2021-01-11,133,2638,116,1443,17,1195,0,0,25,2196,108,220,25,2416,California
Sutter,2021-01-12,201,2839,164,1607,37,1232,0,0,58,2111,143,363,58,2474,California
Sutter,2021-01-13,165,3004,101,1708,64,1296,0,0,74,2095,90,453,74,2548,California
Sutter,2021-01-14,148,3152,51,1759,97,1393,0,0,129,2205,19,472,129,2677,California
Sutter,2021-01-15,437,3589,132,1891,305,1698,0,0,422,2612,15,487,422,3099,California
Sutter,2021-01-16,384,3973,41,1932,343,2041,0,0,354,2936,30,517,354,3453,California
Sutter,2021-01-17,26,3999,24,1956,2,2043,0,0,10,2930,16,533,10,3463,California
Sutter,2021-01-18,119,4118,64,2020,55,2098,0,0,70,2951,49,582,70,3533,California
Sutter,2021-01-19,105,4223,42,2062,63,2161,0,0,81,3008,24,606,81,3614,California
Sutter,2021-01-20,270,4493,206,2268,64,2225,0,0,250,3238,20,626,250,3864,California
Sutter,2021-01-21,488,4981,316,2584,172,2397,0,0,469,3688,19,645,469,4333,California
Sutter,2021-01-22,244,5225,54,2638,190,2587,0,0,235,3914,9,654,235,4568,California
Sutter,2021-01-23,398,5623,39,2677,359,2946,0,0,372,4260,26,680,372,4940,California
Sutter,2021-01-24,16,5639,14,2691,2,2948,0,0,14,4272,2,682,14,4954,California
Sutter,2021-01-25,308,5947,196,2887,112,3060,0,0,152,4271,155,837,154,5108,California
Sutter,2021-01-26,249,6196,108,2995,141,3201,0,0,144,4311,104,941,144,5252,California
Sutter,2021-01-27,387,6583,255,3250,132,3333,0,0,321,4566,66,1007,321,5573,California
Sutter,2021-01-28,585,7168,361,3611,224,3557,0,0,410,4802,174,1181,410,5983,California
Sutter,2021-01-29,362,7530,85,3696,277,3834,0,0,243,4926,119,1300,243,6226,California
Sutter,2021-01-30,780,8310,39,3735,741,4575,0,0,769,5684,11,1311,769,6995,California
Sutter,2021-01-31,26,8336,25,3760,1,4576,0,0,26,5710,0,1311,26,7021,California
Sutter,2021-02-01,168,8504,51,3811,117,4693,0,0,137,5816,31,1342,137,7158,California
Sutter,2021-02-02,241,8745,24,3835,217,4910,0,0,208,5991,33,1375,208,7366,California
Sutter,2021-02-03,447,9192,39,3874,408,5318,0,0,212,5968,235,1610,212,7578,California
Sutter,2021-02-04,674,9866,364,4238,310,5628,0,0,621,6536,53,1663,621,8199,California
Sutter,2021-02-05,291,10157,32,4270,259,5887,0,0,139,6523,152,1815,139,8338,California
Sutter,2021-02-06,736,10893,31,4301,705,6592,0,0,716,7219,20,1835,716,9054,California
Sutter,2021-02-07,23,10916,20,4321,3,6595,0,0,19,7234,4,1839,19,9073,California
Sutter,2021-02-08,133,11049,29,4350,104,6699,0,0,98,7297,35,1874,98,9171,California
Sutter,2021-02-09,248,11297,45,4395,203,6902,0,0,185,7419,63,1937,185,9356,California
Sutter,2021-02-10,819,12116,381,4776,438,7340,0,0,179,6959,639,2576,179,9535,California
Sutter,2021-02-11,602,12718,270,5046,332,7672,0,0,344,7045,258,2834,344,9879,California
Sutter,2021-02-12,637,13355,67,5113,570,8242,0,0,312,7033,324,3158,312,10191,California
Sutter,2021-02-13,900,14255,48,5161,852,9094,0,0,784,7701,116,3274,784,10975,California
Sutter,2021-02-14,92,14347,26,5187,66,9160,0,0,81,7771,11,3285,81,11056,California
Sutter,2021-02-15,200,14547,73,5260,127,9287,0,0,121,7813,79,3364,121,11177,California
Sutter,2021-02-16,290,14837,45,5305,245,9532,0,0,206,7936,83,3447,206,11383,California
Sutter,2021-02-17,826,15663,430,5735,396,9928,0,0,131,7372,695,4142,131,11514,California
Sutter,2021-02-18,708,16371,56,5791,652,10580,0,0,493,7651,214,4356,493,12007,California
Sutter,2021-02-19,664,17035,378,6169,286,10866,0,0,460,7909,202,4558,460,12467,California
Sutter,2021-02-20,623,17658,56,6225,567,11433,0,0,518,8323,104,4662,518,12985,California
Sutter,2021-02-21,27,17685,25,6250,2,11435,0,0,8,8312,19,4681,8,12993,California
Sutter,2021-02-22,208,17893,122,6372,86,11521,0,0,88,8280,120,4801,88,13081,California
Sutter,2021-02-23,222,18115,32,6404,190,11711,0,0,97,8253,124,4925,97,13178,California
Sutter,2021-02-24,973,19088,348,6752,625,12336,0,0,198,7677,774,5699,198,13376,California
Sutter,2021-02-25,790,19878,502,7254,288,12624,0,0,607,8104,180,5879,607,13983,California
Sutter,2021-02-26,374,20252,61,7315,313,12937,0,0,154,8040,218,6097,154,14137,California
Sutter,2021-02-27,873,21125,49,7364,824,13761,0,0,713,8591,162,6259,713,14850,California
Sutter,2021-02-28,87,21212,43,7407,44,13805,0,0,66,8637,20,6279,66,14916,California
Sutter,2021-03-01,250,21462,61,7468,189,13994,0,0,153,8693,97,6376,153,15069,California
Sutter,2021-03-02,336,21798,59,7527,277,14271,0,0,162,8682,173,6549,162,15231,California
Sutter,2021-03-03,1388,23186,514,8041,874,15145,0,0,643,8586,739,7288,643,15874,California
Sutter,2021-03-04,1255,24441,862,8903,393,15538,0,0,946,9227,305,7593,946,16820,California
Sutter,2021-03-05,339,24780,78,8981,260,15798,1,1,208,9305,131,7724,209,17029,California
Sutter,2021-03-06,1024,25804,47,9028,972,16770,5,6,859,10004,165,7889,864,17893,California
Sutter,2021-03-07,65,25869,23,9051,41,16811,1,7,44,10028,21,7910,45,17938,California
Sutter,2021-03-08,229,26098,80,9131,137,16948,12,19,159,10129,70,7980,171,18109,California
Sutter,2021-03-09,393,26491,142,9273,238,17186,13,32,190,10129,203,8183,203,18312,California
Sutter,2021-03-10,1575,28066,684,9957,828,18014,63,95,527,9674,1045,9228,590,18902,California
Sutter,2021-03-11,892,28958,441,10398,433,18447,18,113,647,10097,242,9470,665,19567,California
Sutter,2021-03-12,682,29640,111,10509,388,18835,183,296,200,9999,479,9949,381,19948,California
Sutter,2021-03-13,993,30633,752,11261,223,19058,18,314,784,10593,207,10156,801,20749,California
Sutter,2021-03-14,132,30765,22,11283,99,19157,11,325,45,10562,87,10243,56,20805,California
Sutter,2021-03-15,325,31090,66,11349,210,19367,49,374,155,10598,168,10411,204,21009,California
Sutter,2021-03-16,394,31484,86,11435,261,19628,47,421,213,10676,181,10592,259,21268,California
Sutter,2021-03-17,1498,32982,562,11997,915,20543,21,442,313,9833,1176,11768,333,21601,California
Sutter,2021-03-18,973,33955,178,12175,595,21138,200,642,567,10195,404,12172,766,22367,California
Sutter,2021-03-19,462,34417,165,12340,268,21406,29,671,284,10332,176,12348,313,22680,California
Sutter,2021-03-20,948,35365,117,12457,820,22226,11,682,857,11109,91,12439,868,23548,California
Sutter,2021-03-21,68,35433,47,12504,18,22244,3,685,32,11108,36,12475,35,23583,California
Sutter,2021-03-22,291,35724,121,12625,143,22387,27,712,213,11271,77,12552,240,23823,California
Sutter,2021-03-23,375,36099,115,12740,228,22615,32,744,253,11433,122,12674,284,24107,California
Sutter,2021-03-24,1684,37783,768,13508,845,23460,71,815,312,10459,1357,14031,383,24490,California
Sutter,2021-03-25,1043,38826,681,14189,319,23779,43,858,369,10200,671,14702,412,24902,California
Sutter,2021-03-26,494,39320,176,14365,301,24080,17,875,295,10316,196,14898,312,25214,California
Sutter,2021-03-27,926,40246,63,14428,861,24941,2,877,819,11033,104,15002,821,26035,California
Sutter,2021-03-28,124,40370,71,14499,53,24994,0,877,77,11065,45,15047,77,26112,California
Sutter,2021-03-29,426,40796,143,14642,227,25221,56,933,223,11143,201,15248,279,26391,California
Sutter,2021-03-30,478,41274,162,14804,306,25527,10,943,316,11307,162,15410,326,26717,California
Sutter,2021-03-31,1260,42534,180,14984,1065,26592,15,958,457,10988,792,16202,473,27190,California
Sutter,2021-04-01,1388,43922,741,15725,459,27051,188,1146,429,10654,951,17153,617,27807,California
Sutter,2021-04-02,517,44439,101,15826,298,27349,118,1264,204,10661,311,17464,318,28125,California
Sutter,2021-04-03,917,45356,78,15904,210,27559,629,1893,122,10619,792,18256,750,28875,California
Sutter,2021-04-04,117,45473,22,15926,89,27648,6,1899,54,10616,63,18319,60,28935,California
Sutter,2021-04-05,370,45843,145,16071,189,27837,36,1935,178,10641,189,18508,214,29149,California
Sutter,2021-04-06,513,46356,199,16270,258,28095,56,1991,275,10735,237,18745,331,29480,California
Sutter,2021-04-07,1483,47839,886,17156,521,28616,76,2067,610,10557,865,19610,687,30167,California
Sutter,2021-04-08,1052,48891,583,17739,355,28971,114,2181,580,10780,469,20079,692,30859,California
Sutter,2021-04-09,570,49461,249,17988,256,29227,65,2246,239,10757,327,20406,304,31163,California
Sutter,2021-04-10,831,50292,109,18097,92,29319,630,2876,112,10776,715,21121,734,31897,California
Sutter,2021-04-11,115,50407,28,18125,41,29360,46,2922,34,10774,81,21202,79,31976,California
Sutter,2021-04-12,347,50754,95,18220,198,29558,54,2976,140,10763,206,21408,195,32171,California
Sutter,2021-04-13,437,51191,129,18349,308,29866,0,2976,217,10762,218,21626,217,32388,California
Sutter,2021-04-14,1325,52516,161,18510,1163,31029,1,2977,225,9910,1093,22719,241,32629,California
Sutter,2021-04-15,535,53051,171,18681,364,31393,0,2977,213,9804,319,23038,213,32842,California
Sutter,2021-04-16,394,53445,124,18805,270,31663,0,2977,181,9773,212,23250,181,33023,California
Sutter,2021-04-17,575,54020,84,18889,491,32154,0,2977,504,10207,70,23320,504,33527,California
Sutter,2021-04-18,70,54090,12,18901,58,32212,0,2977,42,10222,27,23347,42,33569,California
Sutter,2021-04-19,288,54378,110,19011,178,32390,0,2977,119,10174,167,23514,119,33688,California
Sutter,2021-04-20,411,54789,133,19144,278,32668,0,2977,203,10169,208,23722,203,33891,California
Sutter,2021-04-21,1232,56021,420,19564,812,33480,0,2977,475,9897,747,24469,475,34366,California
Sutter,2021-04-22,499,56520,164,19728,335,33815,0,2977,252,9904,245,24714,252,34618,California
Sutter,2021-04-23,398,56918,116,19844,282,34097,0,2977,184,9876,212,24926,184,34802,California
Sutter,2021-04-24,326,57244,106,19950,219,34316,1,2978,186,9923,139,25065,186,34988,California
Sutter,2021-04-25,157,57401,75,20025,82,34398,0,2978,86,9940,69,25134,86,35074,California
Sutter,2021-04-26,307,57708,90,20115,215,34613,2,2980,134,9905,171,25305,136,35210,California
Sutter,2021-04-27,536,58244,264,20379,268,34881,4,2984,249,9874,284,25589,253,35463,California
Sutter,2021-04-28,813,59057,341,20720,464,35345,8,2992,254,9582,554,26143,262,35725,California
Sutter,2021-04-29,778,59835,140,20860,637,35982,1,2993,312,9432,463,26606,313,36038,California
Sutter,2021-04-30,359,60194,109,20969,237,36219,13,3006,145,9378,211,26817,157,36195,California
Sutter,2021-05-01,295,60489,105,21074,150,36369,40,3046,127,9380,165,26982,167,36362,California
Sutter,2021-05-02,82,60571,54,21128,26,36395,2,3048,46,9392,36,27018,48,36410,California
Sutter,2021-05-03,217,60788,109,21237,99,36494,9,3057,86,9356,131,27149,95,36505,California
Sutter,2021-05-04,543,61331,237,21474,241,36735,65,3122,227,9334,313,27462,291,36796,California
Sutter,2021-05-05,534,61865,143,21617,383,37118,8,3130,155,9124,373,27835,163,36959,California
Sutter,2021-05-06,424,62289,228,21845,178,37296,18,3148,190,9098,234,28069,208,37167,California
Sutter,2021-05-07,409,62698,146,21991,242,37538,21,3169,153,9018,254,28323,174,37341,California
Sutter,2021-05-08,196,62894,49,22040,142,37680,5,3174,106,9039,90,28413,111,37452,California
Sutter,2021-05-09,82,62976,53,22093,24,37704,5,3179,56,9074,26,28439,61,37513,California
Sutter,2021-05-10,189,63165,42,22135,129,37833,18,3197,47,8999,140,28579,65,37578,California
Sutter,2021-05-11,450,63615,219,22354,210,38043,21,3218,188,8948,258,28837,207,37785,California
Sutter,2021-05-12,440,64055,241,22595,189,38232,10,3228,161,8844,275,29112,171,37956,California
Sutter,2021-05-13,481,64536,258,22853,201,38433,22,3250,195,8777,284,29396,217,38173,California
Sutter,2021-05-14,435,64971,186,23039,233,38666,16,3266,215,8793,215,29611,231,38404,California
Sutter,2021-05-15,841,65812,308,23347,502,39168,31,3297,306,8596,534,30145,337,38741,California
Sutter,2021-05-16,137,65949,82,23429,47,39215,8,3305,75,8618,61,30206,83,38824,California
Sutter,2021-05-17,292,66241,116,23545,162,39377,14,3319,155,8651,136,30342,169,38993,California
Sutter,2021-05-18,540,66781,310,23855,225,39602,5,3324,296,8711,241,30583,301,39294,California
Sutter,2021-05-19,464,67245,266,24121,191,39793,7,3331,245,8747,216,30799,252,39546,California
Sutter,2021-05-20,452,67697,237,24358,203,39996,12,3343,221,8751,229,31028,233,39779,California
Sutter,2021-05-21,491,68188,223,24581,256,40252,12,3355,238,8750,250,31278,249,40028,California
Sutter,2021-05-22,366,68554,200,24781,163,40415,3,3358,185,8761,176,31454,187,40215,California
Sutter,2021-05-23,178,68732,82,24863,87,40502,9,3367,90,8778,82,31536,99,40314,California
Sutter,2021-05-24,241,68973,89,24952,129,40631,23,3390,101,8764,138,31674,124,40438,California
Sutter,2021-05-25,400,69373,195,25147,192,40823,13,3403,166,8713,229,31903,178,40616,California
Sutter,2021-05-26,318,69691,157,25304,152,40975,9,3412,118,8644,196,32099,127,40743,California
Sutter,2021-05-27,432,70123,115,25419,298,41273,19,3431,125,8485,303,32402,144,40887,California
Sutter,2021-05-28,335,70458,164,25583,157,41430,14,3445,178,8525,152,32554,192,41079,California
Sutter,2021-05-29,252,70710,118,25701,119,41549,15,3460,139,8570,109,32663,154,41233,California
Sutter,2021-05-30,85,70795,61,25762,21,41570,3,3463,50,8589,34,32697,53,41286,California
Sutter,2021-05-31,19,70814,2,25764,13,41583,4,3467,5,8584,14,32711,9,41295,California
Sutter,2021-06-01,308,71122,133,25897,167,41750,8,3475,127,8539,180,32891,135,41430,California
Sutter,2021-06-02,283,71405,120,26017,157,41907,6,3481,111,8490,166,33057,117,41547,California
Sutter,2021-06-03,340,71745,225,26242,106,42013,9,3490,119,8403,215,33272,128,41675,California
Sutter,2021-06-04,339,72084,201,26443,131,42144,7,3497,124,8322,212,33484,131,41806,California
Sutter,2021-06-05,435,72519,365,26808,67,42211,3,3500,156,8206,275,33759,159,41965,California
Sutter,2021-06-06,134,72653,118,26926,15,42226,1,3501,56,8187,76,33835,57,42022,California
Sutter,2021-06-07,163,72816,108,27034,48,42274,7,3508,59,8150,103,33938,66,42088,California
Sutter,2021-06-08,361,73177,201,27235,148,42422,12,3520,152,8108,206,34144,164,42252,California
Sutter,2021-06-09,324,73501,212,27447,107,42529,5,3525,109,8009,213,34357,114,42366,California
Sutter,2021-06-10,218,73719,150,27597,61,42590,7,3532,72,7943,145,34502,79,42445,California
Tehama,2020-12-15,1,1,1,1,0,0,0,0,1,1,0,0,1,1,California
Tehama,2020-12-16,4,5,4,5,0,0,0,0,4,5,0,0,4,5,California
Tehama,2020-12-17,15,20,15,20,0,0,0,0,15,20,0,0,15,20,California
Tehama,2020-12-18,4,24,4,24,0,0,0,0,5,25,0,0,5,25,California
Tehama,2020-12-21,37,61,37,61,0,0,0,0,37,62,0,0,37,62,California
Tehama,2020-12-22,71,132,65,126,6,6,0,0,71,133,0,0,71,133,California
Tehama,2020-12-23,52,184,44,170,8,14,0,0,52,185,0,0,52,185,California
Tehama,2020-12-24,5,189,3,173,2,16,0,0,5,190,0,0,5,190,California
Tehama,2020-12-26,4,193,3,176,1,17,0,0,4,194,0,0,4,194,California
Tehama,2020-12-27,2,195,2,178,0,17,0,0,2,196,0,0,2,196,California
Tehama,2020-12-28,58,253,45,223,13,30,0,0,58,254,0,0,58,254,California
Tehama,2020-12-29,39,292,39,262,0,30,0,0,39,293,0,0,39,293,California
Tehama,2020-12-30,57,349,40,302,17,47,0,0,56,349,0,0,56,349,California
Tehama,2020-12-31,14,363,4,306,10,57,0,0,14,363,0,0,14,363,California
Tehama,2021-01-01,2,365,0,306,2,59,0,0,2,365,0,0,2,365,California
Tehama,2021-01-04,40,405,13,319,27,86,0,0,40,405,0,0,40,405,California
Tehama,2021-01-05,75,480,46,365,29,115,0,0,70,470,5,5,70,475,California
Tehama,2021-01-06,80,560,27,392,53,168,0,0,68,527,11,16,68,543,California
Tehama,2021-01-07,58,618,7,399,51,219,0,0,57,583,1,17,57,600,California
Tehama,2021-01-08,36,654,25,424,11,230,0,0,31,609,5,22,31,631,California
Tehama,2021-01-09,8,662,6,430,2,232,0,0,6,613,2,24,6,637,California
Tehama,2021-01-10,1,663,0,430,1,233,0,0,1,614,0,24,1,638,California
Tehama,2021-01-11,55,718,49,479,6,239,0,0,19,597,36,60,19,657,California
Tehama,2021-01-12,140,858,120,599,20,259,0,0,90,637,50,110,90,747,California
Tehama,2021-01-13,79,937,58,657,21,280,0,0,31,620,48,158,31,778,California
Tehama,2021-01-14,235,1172,50,707,185,465,0,0,233,851,2,160,233,1011,California
Tehama,2021-01-15,269,1441,75,782,194,659,0,0,265,1112,4,164,265,1276,California
Tehama,2021-01-16,272,1713,20,802,252,911,0,0,269,1378,3,167,269,1545,California
Tehama,2021-01-17,6,1719,2,804,4,915,0,0,4,1380,2,169,4,1549,California
Tehama,2021-01-18,13,1732,7,811,6,921,0,0,7,1381,6,175,7,1556,California
Tehama,2021-01-19,305,2037,73,884,232,1153,0,0,244,1564,61,236,244,1800,California
Tehama,2021-01-20,319,2356,95,979,224,1377,0,0,266,1778,52,288,266,2066,California
Tehama,2021-01-21,235,2591,15,994,220,1597,0,0,222,1987,13,301,222,2288,California
Tehama,2021-01-22,239,2830,21,1015,218,1815,0,0,236,2220,3,304,236,2524,California
Tehama,2021-01-23,265,3095,7,1022,258,2073,0,0,264,2483,1,305,264,2788,California
Tehama,2021-01-24,1,3096,1,1023,0,2073,0,0,1,2484,0,305,1,2789,California
Tehama,2021-01-25,40,3136,19,1042,21,2094,0,0,18,2480,22,327,18,2807,California
Tehama,2021-01-26,344,3480,44,1086,300,2394,0,0,306,2748,38,365,306,3113,California
Tehama,2021-01-27,317,3797,22,1108,295,2689,0,0,296,3023,21,386,296,3409,California
Tehama,2021-01-28,356,4153,37,1145,319,3008,0,0,337,3341,19,405,337,3746,California
Tehama,2021-01-29,344,4497,22,1167,322,3330,0,0,326,3649,18,423,326,4072,California
Tehama,2021-01-30,108,4605,2,1169,106,3436,0,0,107,3755,1,424,107,4179,California
Tehama,2021-01-31,1,4606,0,1169,1,3437,0,0,1,3756,0,424,1,4180,California
Tehama,2021-02-01,83,4689,22,1191,61,3498,0,0,38,3749,45,469,38,4218,California
Tehama,2021-02-02,364,5053,69,1260,295,3793,0,0,265,3915,99,568,265,4483,California
Tehama,2021-02-03,422,5475,15,1275,407,4200,0,0,371,4235,51,619,371,4854,California
Tehama,2021-02-04,511,5986,103,1378,408,4608,0,0,428,4581,83,702,429,5283,California
Tehama,2021-02-05,189,6175,73,1451,116,4724,0,0,125,4642,64,766,125,5408,California
Tehama,2021-02-06,37,6212,15,1466,22,4746,0,0,25,4655,12,778,25,5433,California
Tehama,2021-02-07,5,6217,4,1470,1,4747,0,0,2,4654,3,781,2,5435,California
Tehama,2021-02-08,42,6259,14,1484,28,4775,0,0,30,4672,12,793,30,5465,California
Tehama,2021-02-09,86,6345,41,1525,45,4820,0,0,47,4680,39,832,47,5512,California
Tehama,2021-02-10,244,6589,67,1592,177,4997,0,0,160,4756,84,916,160,5672,California
Tehama,2021-02-11,238,6827,18,1610,220,5217,0,0,90,4700,146,1062,90,5762,California
Tehama,2021-02-12,394,7221,74,1684,320,5537,0,0,186,4678,208,1270,186,5948,California
Tehama,2021-02-13,403,7624,16,1700,387,5924,0,0,159,4593,244,1514,159,6107,California
Tehama,2021-02-14,37,7661,2,1702,35,5959,0,0,34,4624,3,1517,34,6141,California
Tehama,2021-02-15,59,7720,10,1712,49,6008,0,0,51,4667,8,1525,51,6192,California
Tehama,2021-02-16,254,7974,19,1731,235,6243,0,0,66,4545,188,1713,66,6258,California
Tehama,2021-02-17,299,8273,15,1746,284,6527,0,0,57,4360,242,1955,57,6315,California
Tehama,2021-02-18,385,8658,33,1779,352,6879,0,0,146,4267,239,2194,146,6461,California
Tehama,2021-02-19,229,8887,22,1801,207,7086,0,0,45,4128,184,2378,45,6506,California
Tehama,2021-02-20,283,9170,8,1809,275,7361,0,0,31,3907,252,2630,31,6537,California
Tehama,2021-02-21,2,9172,1,1810,1,7362,0,0,2,3909,0,2630,2,6539,California
Tehama,2021-02-22,44,9216,15,1825,29,7391,0,0,27,3919,17,2647,27,6566,California
Tehama,2021-02-23,53,9269,23,1848,30,7421,0,0,27,3920,26,2673,27,6593,California
Tehama,2021-02-24,325,9594,20,1868,305,7726,0,0,34,3663,291,2964,34,6627,California
Tehama,2021-02-25,388,9982,60,1928,328,8054,0,0,41,3357,347,3311,41,6668,California
Tehama,2021-02-26,477,10459,20,1948,457,8511,0,0,73,3026,404,3715,73,6741,California
Tehama,2021-02-27,314,10773,6,1954,308,8819,0,0,35,2782,279,3994,35,6776,California
Tehama,2021-02-28,23,10796,2,1956,21,8840,0,0,20,2799,3,3997,20,6796,California
Tehama,2021-03-01,70,10866,8,1964,62,8902,0,0,33,2795,37,4034,33,6829,California
Tehama,2021-03-02,151,11017,19,1983,132,9034,0,0,31,2706,120,4154,31,6860,California
Tehama,2021-03-03,164,11181,33,2016,131,9165,0,0,54,2650,110,4264,54,6914,California
Tehama,2021-03-04,687,11868,54,2070,633,9798,0,0,244,2458,436,4700,244,7158,California
Tehama,2021-03-05,425,12293,23,2093,402,10200,0,0,224,2482,200,4900,224,7382,California
Tehama,2021-03-06,319,12612,16,2109,301,10501,2,2,84,2335,234,5134,87,7469,California
Tehama,2021-03-07,5,12617,1,2110,4,10505,0,2,3,2337,1,5135,3,7472,California
Tehama,2021-03-08,63,12680,11,2121,36,10541,16,18,26,2343,36,5171,42,7514,California
Tehama,2021-03-09,388,13068,11,2132,356,10897,21,39,330,2636,58,5229,351,7865,California
Tehama,2021-03-10,363,13431,19,2151,323,11220,21,60,74,2443,288,5517,95,7960,California
Tehama,2021-03-11,520,13951,20,2171,447,11667,53,113,366,2708,154,5671,419,8379,California
Tehama,2021-03-12,323,14274,24,2195,230,11897,69,182,188,2831,135,5806,258,8637,California
Tehama,2021-03-13,49,14323,9,2204,34,11931,6,188,5,2798,44,5850,11,8648,California
Tehama,2021-03-14,59,14382,3,2207,45,11976,11,199,15,2780,44,5894,26,8674,California
Tehama,2021-03-15,160,14542,21,2228,118,12094,21,220,85,2811,75,5969,106,8780,California
Tehama,2021-03-16,427,14969,18,2246,371,12465,38,258,322,3067,104,6073,360,9140,California
Tehama,2021-03-17,452,15421,28,2274,392,12857,32,290,365,3379,85,6158,397,9537,California
Tehama,2021-03-18,509,15930,33,2307,451,13308,25,315,326,3549,181,6339,351,9888,California
Tehama,2021-03-19,334,16264,26,2333,295,13603,13,328,290,3808,44,6383,303,10191,California
Tehama,2021-03-20,49,16313,12,2345,32,13635,5,333,33,3830,16,6399,38,10229,California
Tehama,2021-03-21,12,16325,5,2350,7,13642,0,333,12,3842,0,6399,12,10241,California
Tehama,2021-03-22,97,16422,8,2358,72,13714,17,350,55,3872,42,6441,72,10313,California
Tehama,2021-03-23,98,16520,31,2389,60,13774,7,357,74,3929,24,6465,81,10394,California
Tehama,2021-03-24,91,16611,16,2405,72,13846,3,360,57,3955,34,6499,60,10454,California
Tehama,2021-03-25,546,17157,378,2783,155,14001,13,373,494,4411,51,6550,507,10961,California
Tehama,2021-03-26,543,17700,428,3211,103,14104,12,385,461,4805,79,6629,473,11434,California
Tehama,2021-03-27,483,18183,380,3591,74,14178,29,414,412,5176,70,6699,441,11875,California
Tehama,2021-03-28,38,18221,15,3606,23,14201,0,414,24,5186,14,6713,24,11899,California
Tehama,2021-03-29,128,18349,31,3637,95,14296,2,416,80,5220,47,6760,81,11980,California
Tehama,2021-03-30,397,18746,237,3874,158,14454,2,418,270,5365,127,6887,272,12252,California
Tehama,2021-03-31,412,19158,307,4181,102,14556,3,421,335,5626,76,6963,337,12589,California
Tehama,2021-04-01,545,19703,260,4441,279,14835,6,427,407,5902,137,7100,413,13002,California
Tehama,2021-04-02,481,20184,230,4671,244,15079,7,434,290,6007,191,7291,296,13298,California
Tehama,2021-04-03,69,20253,6,4677,57,15136,6,440,35,6014,34,7325,41,13339,California
Tehama,2021-04-04,37,20290,6,4683,28,15164,3,443,23,6026,14,7339,26,13365,California
Tehama,2021-04-05,124,20414,21,4704,72,15236,31,474,63,6059,61,7400,94,13459,California
Tehama,2021-04-06,530,20944,114,4818,356,15592,60,534,145,5880,385,7785,206,13665,California
Tehama,2021-04-07,435,21379,295,5113,92,15684,48,582,314,6120,120,7905,360,14025,California
Tehama,2021-04-08,634,22013,186,5299,406,16090,42,624,237,6003,396,8301,279,14304,California
Tehama,2021-04-09,460,22473,213,5512,212,16302,35,659,233,6045,226,8527,268,14572,California
Tehama,2021-04-10,87,22560,17,5529,39,16341,31,690,46,6081,41,8568,77,14649,California
Tehama,2021-04-11,40,22600,8,5537,21,16362,11,701,9,6070,31,8599,20,14669,California
Tehama,2021-04-12,116,22716,6,5543,89,16451,21,722,41,6057,75,8674,62,14731,California
Tehama,2021-04-13,397,23113,69,5612,328,16779,0,722,67,5794,330,9004,67,14798,California
Tehama,2021-04-14,416,23529,53,5665,363,17142,0,722,49,5478,365,9369,49,14847,California
Tehama,2021-04-15,533,24062,200,5865,333,17475,0,722,81,5109,452,9821,83,14930,California
Tehama,2021-04-16,637,24699,368,6233,269,17744,0,722,81,4634,556,10377,81,15011,California
Tehama,2021-04-17,371,25070,283,6516,88,17832,0,722,51,4368,318,10695,52,15063,California
Tehama,2021-04-18,18,25088,4,6520,14,17846,0,722,12,4374,6,10701,12,15075,California
Tehama,2021-04-19,99,25187,7,6527,92,17938,0,722,41,4357,58,10759,41,15116,California
Tehama,2021-04-20,559,25746,462,6989,97,18035,0,722,161,4125,395,11154,163,15279,California
Tehama,2021-04-21,518,26264,442,7431,76,18111,0,722,168,3945,348,11502,168,15447,California
Tehama,2021-04-22,536,26800,381,7812,155,18266,0,722,153,3718,380,11882,153,15600,California
Tehama,2021-04-23,466,27266,363,8175,103,18369,0,722,205,3664,260,12142,206,15806,California
Tehama,2021-04-24,110,27376,20,8195,90,18459,0,722,27,3608,83,12225,27,15833,California
Tehama,2021-04-25,29,27405,18,8213,11,18470,0,722,10,3599,19,12244,10,15843,California
Tehama,2021-04-26,90,27495,12,8225,78,18548,0,722,51,3611,39,12283,51,15894,California
Tehama,2021-04-27,267,27762,214,8439,50,18598,3,725,99,3545,168,12451,102,15996,California
Tehama,2021-04-28,413,28175,334,8773,61,18659,18,743,70,3290,343,12794,88,16084,California
Tehama,2021-04-29,372,28547,178,8951,188,18847,6,749,73,3071,298,13092,79,16163,California
Tehama,2021-04-30,359,28906,264,9215,88,18935,7,756,126,2971,233,13325,133,16296,California
Tehama,2021-05-01,73,28979,4,9219,66,19001,3,759,14,2929,59,13384,17,16313,California
Tehama,2021-05-02,46,29025,24,9243,10,19011,12,771,26,2947,20,13404,38,16351,California
Tehama,2021-05-03,124,29149,40,9283,75,19086,9,780,66,2964,58,13462,75,16426,California
Tehama,2021-05-04,164,29313,57,9340,98,19184,9,789,68,2945,96,13558,77,16503,California
Tehama,2021-05-05,87,29400,22,9362,55,19239,10,799,40,2948,47,13605,50,16553,California
Tehama,2021-05-06,171,29571,95,9457,59,19298,17,816,104,3002,67,13672,121,16674,California
Tehama,2021-05-07,185,29756,77,9534,96,19394,12,828,52,2935,131,13803,64,16738,California
Tehama,2021-05-08,52,29808,7,9541,44,19438,1,829,14,2912,38,13841,15,16753,California
Tehama,2021-05-09,17,29825,4,9545,13,19451,0,829,7,2909,10,13851,7,16760,California
Tehama,2021-05-10,79,29904,6,9551,66,19517,7,836,38,2913,40,13891,44,16804,California
Tehama,2021-05-11,179,30083,126,9677,40,19557,13,849,33,2813,146,14037,46,16850,California
Tehama,2021-05-12,213,30296,135,9812,68,19625,10,859,47,2704,166,14203,57,16907,California
Tehama,2021-05-13,250,30546,168,9980,73,19698,9,868,113,2690,136,14339,122,17029,California
Tehama,2021-05-14,250,30796,137,10117,92,19790,21,889,59,2580,190,14529,80,17109,California
Tehama,2021-05-15,238,31034,139,10256,60,19850,39,928,166,2715,70,14599,205,17314,California
Tehama,2021-05-16,28,31062,7,10263,18,19868,3,931,16,2722,12,14611,19,17333,California
Tehama,2021-05-17,121,31183,33,10296,72,19940,16,947,59,2736,61,14672,75,17408,California
Tehama,2021-05-18,157,31340,82,10378,60,20000,15,962,49,2694,106,14778,64,17472,California
Tehama,2021-05-19,131,31471,57,10435,63,20063,11,973,44,2662,87,14865,55,17527,California
Tehama,2021-05-20,325,31796,235,10670,67,20130,23,996,222,2806,101,14966,245,17772,California
Tehama,2021-05-21,226,32022,107,10777,106,20236,13,1009,74,2743,150,15116,87,17859,California
Tehama,2021-05-22,65,32087,30,10807,30,20266,5,1014,37,2757,28,15144,42,17901,California
Tehama,2021-05-23,50,32137,24,10831,16,20282,10,1024,14,2745,36,15180,24,17925,California
Tehama,2021-05-24,101,32238,29,10860,63,20345,9,1033,32,2717,69,15249,41,17966,California
Tehama,2021-05-25,77,32315,18,10878,51,20396,8,1041,45,2738,31,15280,52,18018,California
Tehama,2021-05-26,81,32396,31,10909,47,20443,3,1044,52,2765,28,15308,55,18073,California
Tehama,2021-05-27,155,32551,98,11007,53,20496,4,1048,50,2716,103,15411,54,18127,California
Tehama,2021-05-28,141,32692,38,11045,95,20591,8,1056,65,2714,75,15486,73,18200,California
Tehama,2021-05-29,54,32746,8,11053,40,20631,6,1062,35,2736,19,15505,41,18241,California
Tehama,2021-05-30,13,32759,3,11056,9,20640,1,1063,5,2734,8,15513,6,18247,California
Tehama,2021-05-31,17,32776,1,11057,15,20655,1,1064,4,2726,13,15526,5,18252,California
Tehama,2021-06-01,100,32876,19,11076,62,20717,19,1083,33,2711,67,15593,52,18304,California
Tehama,2021-06-02,90,32966,32,11108,53,20770,5,1088,38,2702,52,15645,43,18347,California
Tehama,2021-06-03,139,33105,103,11211,25,20795,11,1099,33,2640,106,15751,44,18391,California
Tehama,2021-06-04,134,33239,31,11242,92,20887,11,1110,56,2628,77,15828,65,18456,California
Tehama,2021-06-05,157,33396,132,11374,22,20909,3,1113,31,2537,125,15953,34,18490,California
Tehama,2021-06-06,20,33416,12,11386,1,20910,7,1120,6,2536,13,15966,12,18502,California
Tehama,2021-06-07,71,33487,31,11417,38,20948,2,1122,21,2509,50,16016,23,18525,California
Tehama,2021-06-08,97,33584,33,11450,56,21004,8,1130,39,2499,57,16073,47,18572,California
Tehama,2021-06-09,79,33663,43,11493,32,21036,4,1134,41,2506,38,16111,45,18617,California
Tehama,2021-06-10,215,33878,187,11680,21,21057,7,1141,25,2349,189,16300,32,18649,California
Trinity,2020-12-17,4,4,4,4,0,0,0,0,4,4,0,0,4,4,California
Trinity,2020-12-18,2,6,2,6,0,0,0,0,2,6,0,0,2,6,California
Trinity,2020-12-21,39,45,39,45,0,0,0,0,39,45,0,0,39,45,California
Trinity,2020-12-22,4,49,4,49,0,0,0,0,4,49,0,0,4,49,California
Trinity,2020-12-23,6,55,5,54,1,1,0,0,6,55,0,0,6,55,California
Trinity,2020-12-28,32,87,31,85,1,2,0,0,32,87,0,0,32,87,California
Trinity,2020-12-29,8,95,7,92,1,3,0,0,8,95,0,0,8,95,California
Trinity,2020-12-30,10,105,8,100,2,5,0,0,10,105,0,0,10,105,California
Trinity,2020-12-31,2,107,1,101,1,6,0,0,2,107,0,0,2,107,California
Trinity,2021-01-04,28,135,0,101,28,34,0,0,27,134,0,0,27,134,California
Trinity,2021-01-05,2,137,1,102,1,35,0,0,2,136,0,0,2,136,California
Trinity,2021-01-06,24,161,4,106,20,55,0,0,20,152,4,4,20,156,California
Trinity,2021-01-08,49,210,2,108,47,102,0,0,48,198,2,6,48,204,California
Trinity,2021-01-11,41,251,38,146,3,105,0,0,4,165,37,43,4,208,California
Trinity,2021-01-12,9,260,6,152,3,108,0,0,4,164,5,48,4,212,California
Trinity,2021-01-13,7,267,4,156,3,111,0,0,4,165,3,51,4,216,California
Trinity,2021-01-14,4,271,1,157,3,114,0,0,4,169,0,51,4,220,California
Trinity,2021-01-15,5,276,0,157,5,119,0,0,5,174,0,51,5,225,California
Trinity,2021-01-16,3,279,0,157,3,122,0,0,3,177,0,51,3,228,California
Trinity,2021-01-18,31,310,31,188,0,122,0,0,0,146,31,82,0,228,California
Trinity,2021-01-19,35,345,15,203,20,142,0,0,21,153,14,96,21,249,California
Trinity,2021-01-20,20,365,3,206,17,159,0,0,17,167,3,99,17,266,California
Trinity,2021-01-21,18,383,7,213,11,170,0,0,18,185,0,99,18,284,California
Trinity,2021-01-22,5,388,1,214,4,174,0,0,5,190,0,99,5,289,California
Trinity,2021-01-23,7,395,3,217,4,178,0,0,7,197,0,99,7,296,California
Trinity,2021-01-25,15,410,1,218,14,192,0,0,13,208,2,101,13,309,California
Trinity,2021-01-26,10,420,1,219,9,201,0,0,9,216,1,102,9,318,California
Trinity,2021-01-27,12,432,0,219,12,213,0,0,12,228,0,102,12,330,California
Trinity,2021-01-28,13,445,3,222,10,223,0,0,10,235,3,105,10,340,California
Trinity,2021-01-29,2,447,0,222,2,225,0,0,1,235,1,106,1,341,California
Trinity,2021-01-30,12,459,11,233,1,226,0,0,12,247,0,106,12,353,California
Trinity,2021-02-01,2,461,1,234,1,227,0,0,1,247,1,107,1,354,California
Trinity,2021-02-02,15,476,3,237,12,239,0,0,14,260,1,108,14,368,California
Trinity,2021-02-03,6,482,1,238,5,244,0,0,4,262,2,110,4,372,California
Trinity,2021-02-04,41,523,32,270,9,253,0,0,34,289,7,117,34,406,California
Trinity,2021-02-05,351,874,0,270,351,604,0,0,320,578,31,148,320,726,California
Trinity,2021-02-06,210,1084,5,275,205,809,0,0,203,774,7,155,203,929,California
Trinity,2021-02-07,1,1085,0,275,1,810,0,0,1,775,0,155,1,930,California
Trinity,2021-02-08,28,1113,1,276,27,837,0,0,16,779,12,167,16,946,California
Trinity,2021-02-09,27,1140,2,278,25,862,0,0,11,774,16,183,11,957,California
Trinity,2021-02-10,122,1262,10,288,112,974,0,0,102,856,20,203,102,1059,California
Trinity,2021-02-11,339,1601,2,290,337,1311,0,0,332,1181,7,210,332,1391,California
Trinity,2021-02-12,19,1620,10,300,9,1320,0,0,14,1190,5,215,14,1405,California
Trinity,2021-02-13,12,1632,6,306,6,1326,0,0,6,1190,6,221,6,1411,California
Trinity,2021-02-14,2,1634,2,308,0,1326,0,0,2,1192,0,221,2,1413,California
Trinity,2021-02-15,47,1681,0,308,47,1373,0,0,47,1239,0,221,47,1460,California
Trinity,2021-02-16,4,1685,1,309,3,1376,0,0,2,1239,2,223,2,1462,California
Trinity,2021-02-17,94,1779,2,311,92,1468,0,0,84,1313,10,233,84,1546,California
Trinity,2021-02-18,4,1783,0,311,4,1472,0,0,1,1311,3,236,1,1547,California
Trinity,2021-02-19,306,2089,2,313,304,1776,0,0,292,1589,14,250,292,1839,California
Trinity,2021-02-20,140,2229,14,327,126,1902,0,0,112,1673,28,278,112,1951,California
Trinity,2021-02-21,1,2230,1,328,0,1902,0,0,1,1674,0,278,1,1952,California
Trinity,2021-02-22,8,2238,0,328,8,1910,0,0,5,1676,3,281,5,1957,California
Trinity,2021-02-23,11,2249,3,331,8,1918,0,0,6,1677,5,286,6,1963,California
Trinity,2021-02-24,30,2279,8,339,22,1940,0,0,7,1661,23,309,7,1970,California
Trinity,2021-02-25,37,2316,23,362,14,1954,0,0,5,1634,32,341,5,1975,California
Trinity,2021-02-26,11,2327,1,363,10,1964,0,0,5,1633,6,347,5,1980,California
Trinity,2021-02-27,10,2337,8,371,2,1966,0,0,4,1631,6,353,4,1984,California
Trinity,2021-03-01,10,2347,0,371,10,1976,0,0,5,1631,5,358,5,1989,California
Trinity,2021-03-02,9,2356,3,374,6,1982,0,0,2,1626,7,365,2,1991,California
Trinity,2021-03-03,5,2361,0,374,5,1987,0,0,4,1629,1,366,4,1995,California
Trinity,2021-03-04,23,2384,19,393,4,1991,0,0,10,1626,13,379,10,2005,California
Trinity,2021-03-05,388,2772,1,394,387,2378,0,0,121,1484,263,642,121,2126,California
Trinity,2021-03-06,202,2974,7,401,195,2573,0,0,26,1334,176,818,26,2152,California
Trinity,2021-03-07,4,2978,3,404,1,2574,0,0,3,1336,1,819,3,2155,California
Trinity,2021-03-08,4,2982,0,404,3,2577,1,1,1,1335,3,822,2,2157,California
Trinity,2021-03-09,99,3081,1,405,96,2673,2,3,93,1424,6,828,95,2252,California
Trinity,2021-03-10,126,3207,3,408,120,2793,3,6,38,1377,88,916,41,2293,California
Trinity,2021-03-11,16,3223,4,412,10,2803,2,8,5,1373,11,927,7,2300,California
Trinity,2021-03-12,399,3622,5,417,388,3191,6,14,97,1174,302,1229,103,2403,California
Trinity,2021-03-13,12,3634,7,424,3,3194,2,16,7,1178,5,1234,9,2412,California
Trinity,2021-03-14,4,3638,1,425,3,3197,0,16,3,1180,1,1235,3,2415,California
Trinity,2021-03-15,67,3705,0,425,66,3263,1,17,14,1142,53,1288,15,2430,California
Trinity,2021-03-16,115,3820,7,432,108,3371,0,17,102,1231,13,1301,102,2532,California
Trinity,2021-03-17,100,3920,3,435,97,3468,0,17,26,1183,74,1375,26,2558,California
Trinity,2021-03-18,9,3929,1,436,5,3473,3,20,4,1185,5,1380,7,2565,California
Trinity,2021-03-19,459,4388,4,440,345,3818,110,130,36,908,423,1803,146,2711,California
Trinity,2021-03-20,107,4495,7,447,100,3918,0,130,72,946,34,1837,72,2783,California
Trinity,2021-03-21,4,4499,0,447,3,3921,1,131,3,949,1,1838,4,2787,California
Trinity,2021-03-22,2,4501,0,447,2,3923,0,131,2,951,0,1838,2,2789,California
Trinity,2021-03-23,96,4597,2,449,94,4017,0,131,78,1011,18,1856,78,2867,California
Trinity,2021-03-24,12,4609,1,450,11,4028,0,131,9,1017,3,1859,9,2876,California
Trinity,2021-03-25,111,4720,8,458,97,4125,6,137,85,1082,26,1885,91,2967,California
Trinity,2021-03-26,84,4804,8,466,76,4201,0,137,77,1152,7,1892,77,3044,California
Trinity,2021-03-27,20,4824,4,470,7,4208,9,146,9,1159,11,1903,18,3062,California
Trinity,2021-03-28,5,4829,3,473,2,4210,0,146,1,1156,4,1907,1,3063,California
Trinity,2021-03-29,5,4834,0,473,5,4215,0,146,2,1155,3,1910,2,3065,California
Trinity,2021-03-30,78,4912,6,479,72,4287,0,146,67,1211,11,1921,67,3132,California
Trinity,2021-03-31,56,4968,5,484,18,4305,33,179,20,1227,36,1957,52,3184,California
Trinity,2021-04-01,40,5008,10,494,19,4324,11,190,21,1240,19,1976,32,3216,California
Trinity,2021-04-02,254,5262,5,499,174,4498,75,265,81,1224,172,2148,156,3372,California
Trinity,2021-04-03,17,5279,12,511,5,4503,0,265,7,1221,10,2158,7,3379,California
Trinity,2021-04-04,10,5289,8,519,2,4505,0,265,8,1227,2,2160,8,3387,California
Trinity,2021-04-05,59,5348,6,525,51,4556,2,267,54,1278,5,2165,56,3443,California
Trinity,2021-04-06,122,5470,15,540,104,4660,3,270,29,1217,93,2258,32,3475,California
Trinity,2021-04-07,26,5496,11,551,10,4670,5,275,19,1234,7,2265,24,3499,California
Trinity,2021-04-08,90,5586,11,562,77,4747,2,277,53,1252,37,2302,55,3554,California
Trinity,2021-04-09,166,5752,19,581,143,4890,4,281,88,1266,78,2380,92,3646,California
Trinity,2021-04-10,11,5763,7,588,4,4894,0,281,10,1275,1,2381,10,3656,California
Trinity,2021-04-11,10,5773,5,593,3,4897,2,283,4,1275,6,2387,6,3662,California
Trinity,2021-04-12,77,5850,5,598,71,4968,1,284,64,1327,12,2399,64,3726,California
Trinity,2021-04-13,104,5954,5,603,99,5067,0,284,11,1250,93,2492,16,3742,California
Trinity,2021-04-14,10,5964,5,608,5,5072,0,284,6,1252,4,2496,6,3748,California
Trinity,2021-04-15,44,6008,10,618,34,5106,0,284,14,1237,29,2525,14,3762,California
Trinity,2021-04-16,153,6161,13,631,140,5246,0,284,78,1241,74,2599,78,3840,California
Trinity,2021-04-17,11,6172,5,636,6,5252,0,284,9,1248,2,2601,9,3849,California
Trinity,2021-04-18,3,6175,1,637,2,5254,0,284,0,1245,3,2604,0,3849,California
Trinity,2021-04-19,67,6242,2,639,65,5319,0,284,66,1310,1,2605,66,3915,California
Trinity,2021-04-20,93,6335,8,647,85,5404,0,284,21,1259,72,2677,21,3936,California
Trinity,2021-04-21,22,6357,9,656,13,5417,0,284,9,1255,13,2690,9,3945,California
Trinity,2021-04-22,92,6449,5,661,87,5504,0,284,14,1191,78,2768,14,3959,California
Trinity,2021-04-23,183,6632,6,667,177,5681,0,284,114,1236,69,2837,114,4073,California
Trinity,2021-04-24,22,6654,12,679,10,5691,0,284,5,1224,17,2854,5,4078,California
Trinity,2021-04-25,10,6664,9,688,1,5692,0,284,3,1221,6,2860,3,4081,California
Trinity,2021-04-26,48,6712,9,697,39,5731,0,284,40,1253,8,2868,40,4121,California
Trinity,2021-04-27,87,6799,11,708,76,5807,0,284,23,1212,64,2932,23,4144,California
Trinity,2021-04-28,33,6832,11,719,22,5829,0,284,12,1203,21,2953,12,4156,California
Trinity,2021-04-29,34,6866,13,732,21,5850,0,284,12,1193,22,2975,12,4168,California
Trinity,2021-04-30,27,6893,22,754,5,5855,0,284,10,1187,16,2991,10,4178,California
Trinity,2021-05-01,14,6907,8,762,1,5856,5,289,4,1186,10,3001,9,4187,California
Trinity,2021-05-02,8,6915,5,767,1,5857,2,291,2,1184,6,3007,4,4191,California
Trinity,2021-05-03,58,6973,13,780,44,5901,1,292,9,1146,48,3055,10,4201,California
Trinity,2021-05-04,25,6998,11,791,13,5914,1,293,8,1138,17,3072,9,4210,California
Trinity,2021-05-05,11,7009,7,798,4,5918,0,293,4,1135,7,3079,4,4214,California
Trinity,2021-05-06,75,7084,11,809,62,5980,2,295,16,1094,59,3138,18,4232,California
Trinity,2021-05-07,178,7262,12,821,132,6112,34,329,14,978,164,3302,48,4280,California
Trinity,2021-05-08,6,7268,2,823,4,6116,0,329,2,976,4,3306,2,4282,California
Trinity,2021-05-09,11,7279,8,831,3,6119,0,329,7,979,4,3310,7,4289,California
Trinity,2021-05-10,15,7294,5,836,9,6128,1,330,8,981,7,3317,9,4298,California
Trinity,2021-05-11,8,7302,4,840,4,6132,0,330,6,985,2,3319,6,4304,California
Trinity,2021-05-12,19,7321,16,856,2,6134,1,331,14,995,5,3324,15,4319,California
Trinity,2021-05-13,15,7336,10,866,4,6138,1,332,9,999,6,3330,10,4329,California
Trinity,2021-05-14,138,7474,19,885,91,6229,28,360,39,967,99,3429,67,4396,California
Trinity,2021-05-15,14,7488,9,894,4,6233,1,361,6,967,7,3436,7,4403,California
Trinity,2021-05-16,7,7495,6,900,1,6234,0,361,5,970,2,3438,5,4408,California
Trinity,2021-05-17,108,7603,20,920,86,6320,2,363,42,948,66,3504,44,4452,California
Trinity,2021-05-18,37,7640,7,927,29,6349,1,364,11,934,26,3530,12,4464,California
Trinity,2021-05-19,148,7788,16,943,103,6452,29,393,30,876,117,3647,59,4523,California
Trinity,2021-05-20,28,7816,21,964,4,6456,3,396,17,885,11,3658,20,4543,California
Trinity,2021-05-21,22,7838,12,976,10,6466,0,396,10,883,12,3670,10,4553,California
Trinity,2021-05-22,13,7851,10,986,3,6469,0,396,10,890,3,3673,10,4563,California
Trinity,2021-05-23,6,7857,4,990,2,6471,0,396,2,888,4,3677,2,4565,California
Trinity,2021-05-24,109,7966,12,1002,96,6567,1,397,8,797,100,3777,9,4574,California
Trinity,2021-05-25,38,8004,13,1015,25,6592,0,397,16,791,22,3799,16,4590,California
Trinity,2021-05-26,11,8015,5,1020,6,6598,0,397,3,786,8,3807,3,4593,California
Trinity,2021-05-27,30,8045,13,1033,12,6610,5,402,7,775,23,3830,12,4605,California
Trinity,2021-05-28,13,8058,10,1043,2,6612,1,403,6,775,7,3837,7,4612,California
Trinity,2021-05-29,10,8068,7,1050,2,6614,1,404,7,780,3,3840,8,4620,California
Trinity,2021-05-30,5,8073,4,1054,1,6615,0,404,0,775,5,3845,0,4620,California
Trinity,2021-05-31,4,8077,3,1057,1,6616,0,404,2,775,2,3847,2,4622,California
Trinity,2021-06-01,16,8093,9,1066,5,6621,2,406,5,772,10,3857,7,4629,California
Trinity,2021-06-02,24,8117,19,1085,3,6624,2,408,9,768,15,3872,11,4640,California
Trinity,2021-06-03,39,8156,13,1098,26,6650,0,408,13,755,26,3898,13,4653,California
Trinity,2021-06-04,29,8185,21,1119,8,6658,0,408,8,742,21,3919,8,4661,California
Trinity,2021-06-05,17,8202,16,1135,1,6659,0,408,11,747,6,3925,11,4672,California
Trinity,2021-06-06,8,8210,6,1141,2,6661,0,408,2,743,6,3931,2,4674,California
Trinity,2021-06-07,19,8229,18,1159,1,6662,0,408,5,734,14,3945,5,4679,California
Trinity,2021-06-08,16,8245,14,1173,1,6663,1,409,5,729,11,3956,6,4685,California
Trinity,2021-06-09,9,8254,7,1180,0,6663,2,411,0,722,9,3965,2,4687,California
Trinity,2021-06-10,5,8259,5,1185,0,6663,0,411,1,719,4,3969,1,4688,California
Tulare,2020-12-15,1,1,1,1,0,0,0,0,1,1,0,0,1,1,California
Tulare,2020-12-16,4,5,4,5,0,0,0,0,4,5,0,0,4,5,California
Tulare,2020-12-17,110,115,110,115,0,0,0,0,110,115,0,0,110,115,California
Tulare,2020-12-18,290,405,289,404,1,1,0,0,290,405,0,0,290,405,California
Tulare,2020-12-19,325,730,325,729,0,1,0,0,325,730,0,0,325,730,California
Tulare,2020-12-20,165,895,165,894,0,1,0,0,165,895,0,0,165,895,California
Tulare,2020-12-21,421,1316,421,1315,0,1,0,0,441,1336,0,0,441,1336,California
Tulare,2020-12-22,472,1788,470,1785,2,3,0,0,471,1807,0,0,471,1807,California
Tulare,2020-12-23,327,2115,319,2104,8,11,0,0,325,2132,0,0,325,2132,California
Tulare,2020-12-24,18,2133,16,2120,2,13,0,0,18,2150,0,0,18,2150,California
Tulare,2020-12-26,8,2141,7,2127,1,14,0,0,8,2158,0,0,8,2158,California
Tulare,2020-12-27,16,2157,12,2139,4,18,0,0,16,2174,0,0,16,2174,California
Tulare,2020-12-28,481,2638,468,2607,13,31,0,0,480,2654,0,0,480,2654,California
Tulare,2020-12-29,547,3185,476,3083,71,102,0,0,547,3201,0,0,547,3201,California
Tulare,2020-12-30,469,3654,425,3508,44,146,0,0,469,3670,0,0,469,3670,California
Tulare,2020-12-31,100,3754,22,3530,78,224,0,0,100,3770,0,0,100,3770,California
Tulare,2021-01-01,2,3756,1,3531,1,225,0,0,2,3772,0,0,2,3772,California
Tulare,2021-01-02,32,3788,19,3550,13,238,0,0,32,3804,0,0,32,3804,California
Tulare,2021-01-03,23,3811,9,3559,14,252,0,0,23,3827,0,0,23,3827,California
Tulare,2021-01-04,92,3903,16,3575,76,328,0,0,92,3919,0,0,92,3919,California
Tulare,2021-01-05,465,4368,278,3853,187,515,0,0,463,4380,2,2,463,4382,California
Tulare,2021-01-06,866,5234,635,4488,231,746,0,0,856,5226,10,12,856,5238,California
Tulare,2021-01-07,785,6019,587,5075,198,944,0,0,678,5797,107,119,678,5916,California
Tulare,2021-01-08,1293,7312,573,5648,720,1664,0,0,956,6417,336,455,956,6872,California
Tulare,2021-01-09,803,8115,203,5851,600,2264,0,0,616,6846,187,642,616,7488,California
Tulare,2021-01-10,50,8165,43,5894,7,2271,0,0,12,6820,38,680,12,7500,California
Tulare,2021-01-11,1274,9439,770,6664,504,2775,0,0,838,7222,436,1116,838,8338,California
Tulare,2021-01-12,1443,10882,505,7169,938,3713,0,0,1031,7843,411,1527,1032,9370,California
Tulare,2021-01-13,429,11311,201,7370,228,3941,0,0,353,8120,76,1603,353,9723,California
Tulare,2021-01-14,493,11804,143,7513,350,4291,0,0,467,8572,15,1618,467,10190,California
Tulare,2021-01-15,1679,13483,159,7672,1520,5811,0,0,1670,10233,9,1627,1670,11860,California
Tulare,2021-01-16,1917,15400,121,7793,1796,7607,0,0,1903,12122,14,1641,1903,13763,California
Tulare,2021-01-17,142,15542,122,7915,20,7627,0,0,132,12244,10,1651,132,13895,California
Tulare,2021-01-18,693,16235,661,8576,32,7659,0,0,297,12145,396,2047,297,14192,California
Tulare,2021-01-19,1018,17253,689,9265,329,7988,0,0,591,12309,427,2474,591,14783,California
Tulare,2021-01-20,2437,19690,613,9878,1824,9812,0,0,2025,13949,386,2860,2026,16809,California
Tulare,2021-01-21,1571,21261,184,10062,1387,11199,0,0,1545,15473,21,2881,1545,18354,California
Tulare,2021-01-22,1073,22334,191,10253,882,12081,0,0,1046,16493,26,2907,1046,19400,California
Tulare,2021-01-23,440,22774,157,10410,283,12364,0,0,420,16893,20,2927,420,19820,California
Tulare,2021-01-24,30,22804,27,10437,3,12367,0,0,28,16919,2,2929,28,19848,California
Tulare,2021-01-25,1356,24160,985,11422,371,12738,0,0,1307,18177,49,2978,1307,21155,California
Tulare,2021-01-26,1510,25670,1099,12521,411,13149,0,0,1172,19012,337,3315,1172,22327,California
Tulare,2021-01-27,1506,27176,1076,13597,430,13579,0,0,927,19361,578,3893,927,23254,California
Tulare,2021-01-28,1219,28395,779,14376,440,14019,0,0,819,19780,400,4293,819,24073,California
Tulare,2021-01-29,1135,29530,724,15100,411,14430,0,0,825,20296,310,4603,826,24899,California
Tulare,2021-01-30,1683,31213,1588,16688,95,14525,0,0,1659,21932,24,4627,1660,26559,California
Tulare,2021-01-31,67,31280,62,16750,5,14530,0,0,64,21993,3,4630,64,26623,California
Tulare,2021-02-01,1195,32475,919,17669,276,14806,0,0,833,22465,361,4991,833,27456,California
Tulare,2021-02-02,699,33174,348,18017,351,15157,0,0,456,22681,241,5232,457,27913,California
Tulare,2021-02-03,573,33747,240,18257,333,15490,0,0,328,22784,225,5457,328,28241,California
Tulare,2021-02-04,568,34315,169,18426,399,15889,0,0,280,22778,287,5744,281,28522,California
Tulare,2021-02-05,1239,35554,237,18663,1002,16891,0,0,404,22349,833,6577,404,28926,California
Tulare,2021-02-06,842,36396,164,18827,678,17569,0,0,208,21925,632,7209,208,29134,California
Tulare,2021-02-07,83,36479,70,18897,13,17582,0,0,23,21888,60,7269,23,29157,California
Tulare,2021-02-08,946,37425,327,19224,619,18201,0,0,242,21428,702,7971,242,29399,California
Tulare,2021-02-09,1425,38850,335,19559,1090,19291,0,0,361,20730,1059,9030,361,29760,California
Tulare,2021-02-10,2476,41326,1989,21548,487,19778,0,0,2076,22407,399,9429,2076,31836,California
Tulare,2021-02-11,1335,42661,379,21927,956,20734,0,0,913,22898,422,9851,913,32749,California
Tulare,2021-02-12,2791,45452,576,22503,2215,22949,0,0,1193,22500,1591,11442,1193,33942,California
Tulare,2021-02-13,2482,47934,157,22660,2325,25274,0,0,660,21342,1818,13260,660,34602,California
Tulare,2021-02-14,335,48269,39,22699,296,25570,0,0,298,21603,37,13297,298,34900,California
Tulare,2021-02-15,920,49189,293,22992,627,26197,0,0,663,22010,256,13553,663,35563,California
Tulare,2021-02-16,2844,52033,1600,24592,1244,27441,0,0,1086,21339,1757,15310,1086,36649,California
Tulare,2021-02-17,2721,54754,517,25109,2204,29645,0,0,468,19560,2247,17557,468,37117,California
Tulare,2021-02-18,2333,57087,458,25567,1875,31520,0,0,639,18513,1686,19243,639,37756,California
Tulare,2021-02-19,2331,59418,879,26446,1452,32972,0,0,955,18094,1374,20617,955,38711,California
Tulare,2021-02-20,2997,62415,1892,28338,1105,34077,0,0,1265,17632,1727,22344,1265,39976,California
Tulare,2021-02-21,94,62509,91,28429,3,34080,0,0,48,17635,45,22389,48,40024,California
Tulare,2021-02-22,1111,63620,703,29132,408,34488,0,0,210,16945,900,23289,210,40234,California
Tulare,2021-02-23,1966,65586,951,30083,1015,35503,0,0,1471,17923,493,23782,1471,41705,California
Tulare,2021-02-24,2494,68080,1556,31639,938,36441,0,0,2118,19667,375,24157,2119,43824,California
Tulare,2021-02-25,3526,71606,1985,33624,1541,37982,0,0,3108,22361,414,24571,3108,46932,California
Tulare,2021-02-26,3869,75475,1895,35519,1974,39956,0,0,3400,25294,467,25038,3400,50332,California
Tulare,2021-02-27,3010,78485,1497,37016,1513,41469,0,0,2875,28046,123,25161,2875,53207,California
Tulare,2021-02-28,1312,79797,1040,38056,272,41741,0,0,1292,29321,17,25178,1292,54499,California
Tulare,2021-03-01,1796,81593,804,38860,992,42733,0,0,1599,30725,195,25373,1599,56098,California
Tulare,2021-03-02,2782,84375,1274,40134,1508,44241,0,0,2609,33164,171,25544,2610,58708,California
Tulare,2021-03-03,3985,88360,2635,42769,1349,45590,1,1,2028,33242,1954,27498,2032,60740,California
Tulare,2021-03-04,2975,91335,1345,44114,1630,47220,0,1,2634,35542,334,27832,2634,63374,California
Tulare,2021-03-05,3448,94783,1765,45879,1668,48888,15,16,2930,37975,515,28347,2948,66322,California
Tulare,2021-03-06,3101,97884,1446,47325,1595,50483,60,76,2849,40633,249,28596,2907,69229,California
Tulare,2021-03-07,1139,99023,704,48029,414,50897,21,97,1099,41714,39,28635,1120,70349,California
Tulare,2021-03-08,1725,100748,1008,49037,548,51445,169,266,1397,42956,323,28958,1565,71914,California
Tulare,2021-03-09,3283,104031,2253,51290,881,52326,149,415,2859,45540,423,29381,3007,74921,California
Tulare,2021-03-10,2977,107008,1404,52694,1398,53724,175,590,2573,47891,395,29776,2746,77667,California
Tulare,2021-03-11,4220,111228,1991,54685,1925,55649,304,894,3268,50512,952,30728,3573,81240,California
Tulare,2021-03-12,4433,115661,2434,57119,1646,57295,353,1247,3147,52736,1277,32005,3501,84741,California
Tulare,2021-03-13,4173,119834,1959,59078,2109,59404,105,1352,3220,55116,947,32952,3327,88068,California
Tulare,2021-03-14,1864,121698,989,60067,655,60059,220,1572,1339,56148,524,33476,1556,89624,California
Tulare,2021-03-15,2764,124462,1638,61705,1010,61069,116,1688,1987,57479,774,34250,2105,91729,California
Tulare,2021-03-16,3453,127915,2126,63831,1249,62318,78,1766,1891,57895,1556,35806,1972,93701,California
Tulare,2021-03-17,4062,131977,2643,66474,1344,63662,75,1841,2312,58544,1744,37550,2393,96094,California
Tulare,2021-03-18,4646,136623,3390,69864,1185,64847,71,1912,2458,58897,2180,39730,2533,98627,California
Tulare,2021-03-19,5119,141742,3363,73227,1559,66406,197,2109,2734,59464,2366,42096,2933,101560,California
Tulare,2021-03-20,4502,146244,2800,76027,1330,67736,372,2481,2071,59487,2423,44519,2446,104006,California
Tulare,2021-03-21,1996,148240,1707,77734,263,67999,26,2507,1054,59628,938,45457,1079,105085,California
Tulare,2021-03-22,2566,150806,1778,79512,677,68676,111,2618,1691,60563,869,46326,1804,106889,California
Tulare,2021-03-23,3766,154572,2158,81670,1556,70232,52,2670,2066,60996,1690,48016,2123,109012,California
Tulare,2021-03-24,3219,157791,2003,83673,1174,71406,42,2712,1809,61446,1402,49418,1852,110864,California
Tulare,2021-03-25,3500,161291,1826,85499,1502,72908,172,2884,1697,61522,1795,51213,1871,112735,California
Tulare,2021-03-26,5281,166572,3150,88649,2021,74929,110,2994,2558,61485,2705,53918,2668,115403,California
Tulare,2021-03-27,3552,170124,1823,90472,1630,76559,99,3093,995,60029,2549,56467,1093,116496,California
Tulare,2021-03-28,1477,171601,1072,91544,374,76933,31,3124,680,59951,795,57262,717,117213,California
Tulare,2021-03-29,2899,174500,1676,93220,1110,78043,113,3237,1232,59635,1663,58925,1347,118560,California
Tulare,2021-03-30,4852,179352,2795,96015,1825,79868,232,3469,1536,58090,3306,62231,1761,120321,California
Tulare,2021-03-31,3976,183328,2351,98366,1511,81379,114,3583,1579,57396,2389,64620,1695,122016,California
Tulare,2021-04-01,4531,187859,2455,100821,2009,83388,67,3650,1562,56067,2959,67579,1630,123646,California
Tulare,2021-04-02,5368,193227,3072,103893,2176,85564,120,3770,1590,54016,3762,71341,1711,125357,California
Tulare,2021-04-03,3638,196865,2102,105995,1163,86727,373,4143,842,52470,2759,74100,1213,126570,California
Tulare,2021-04-04,1635,198500,1149,107144,479,87206,7,4150,360,51566,1271,75371,367,126937,California
Tulare,2021-04-05,3368,201868,2347,109491,750,87956,271,4421,852,50187,2503,77874,1124,128061,California
Tulare,2021-04-06,3445,205313,1474,110965,1474,89430,497,4918,928,49105,2509,80383,1427,129488,California
Tulare,2021-04-07,3915,209228,1847,112812,1630,91060,438,5356,1189,48008,2715,83098,1618,131106,California
Tulare,2021-04-08,4809,214037,2632,115444,1712,92772,465,5821,1542,46758,3255,86353,2005,133111,California
Tulare,2021-04-09,4868,218905,3009,118453,1420,94192,439,6260,1839,46018,3020,89373,2280,135391,California
Tulare,2021-04-10,3871,222776,2089,120542,1459,95651,323,6583,949,44375,2913,92286,1270,136661,California
Tulare,2021-04-11,1593,224369,1053,121595,466,96117,74,6657,494,43847,1096,93382,568,137229,California
Tulare,2021-04-12,3417,227786,2131,123726,689,96806,597,7254,1071,43181,2338,95720,1672,138901,California
Tulare,2021-04-13,2418,230204,1593,125319,815,97621,10,7264,906,42600,1501,97221,920,139821,California
Tulare,2021-04-14,2872,233076,1692,127011,1180,98801,0,7264,919,41573,1949,99170,922,140743,California
Tulare,2021-04-15,3318,236394,2164,129175,1154,99955,0,7264,1490,41256,1817,100987,1500,142243,California
Tulare,2021-04-16,3656,240050,2214,131389,1442,101397,0,7264,1476,40563,2169,103156,1476,143719,California
Tulare,2021-04-17,2219,242269,1302,132691,917,102314,0,7264,1172,40693,1043,104199,1173,144892,California
Tulare,2021-04-18,1525,243794,1194,133885,331,102645,0,7264,818,40805,706,104905,818,145710,California
Tulare,2021-04-19,2133,245927,1225,135110,906,103551,2,7266,899,40476,1230,106135,901,146611,California
Tulare,2021-04-20,2338,248265,1315,136425,1023,104574,0,7266,993,40137,1332,107467,993,147604,California
Tulare,2021-04-21,2215,250480,1335,137760,880,105454,0,7266,811,39585,1364,108831,812,148416,California
Tulare,2021-04-22,2119,252599,1177,138937,942,106396,0,7266,731,38947,1369,110200,731,149147,California
Tulare,2021-04-23,2595,255194,1590,140527,1004,107400,1,7267,1022,38406,1563,111763,1022,150169,California
Tulare,2021-04-24,1644,256838,1053,141580,589,107989,2,7269,849,38467,790,112553,851,151020,California
Tulare,2021-04-25,698,257536,525,142105,173,108162,0,7269,267,38303,431,112984,267,151287,California
Tulare,2021-04-26,1522,259058,915,143020,588,108750,19,7288,639,38083,876,113860,656,151943,California
Tulare,2021-04-27,1667,260725,678,143698,950,109700,39,7327,712,37882,951,114811,750,152693,California
Tulare,2021-04-28,1717,262442,976,144674,699,110399,42,7369,677,37566,1035,115846,719,153412,California
Tulare,2021-04-29,2008,264450,1200,145874,768,111167,40,7409,777,37160,1221,117067,815,154227,California
Tulare,2021-04-30,2451,266901,1785,147659,616,111783,50,7459,906,36577,1538,118605,955,155182,California
Tulare,2021-05-01,1426,268327,1226,148885,188,111971,12,7471,728,36629,688,119293,740,155922,California
Tulare,2021-05-02,589,268916,500,149385,73,112044,16,7487,189,36437,397,119690,205,156127,California
Tulare,2021-05-03,1621,270537,1095,150480,401,112445,125,7612,348,35644,1266,120956,473,156600,California
Tulare,2021-05-04,1562,272099,836,151316,656,113101,70,7682,632,35421,922,121878,699,157299,California
Tulare,2021-05-05,1280,273379,620,151936,570,113671,90,7772,443,35128,826,122704,533,157832,California
Tulare,2021-05-06,1969,275348,1325,153261,595,114266,49,7821,593,34402,1368,124072,642,158474,California
Tulare,2021-05-07,1839,277187,1248,154509,523,114789,68,7889,526,33689,1306,125378,593,159067,California
Tulare,2021-05-08,1234,278421,806,155315,403,115192,25,7914,525,33537,702,126080,550,159617,California
Tulare,2021-05-09,592,279013,468,155783,103,115295,21,7935,115,33201,473,126553,137,159754,California
Tulare,2021-05-10,1022,280035,591,156374,366,115661,65,8000,308,32862,712,127265,373,160127,California
Tulare,2021-05-11,1252,281287,634,157008,537,116198,81,8081,518,32734,727,127992,599,160726,California
Tulare,2021-05-12,1573,282860,1014,158022,503,116701,56,8137,427,32085,1131,129123,482,161208,California
Tulare,2021-05-13,1556,284416,986,159008,532,117233,38,8175,700,31970,852,129975,737,161945,California
Tulare,2021-05-14,1933,286349,1243,160251,627,117860,63,8238,862,31835,1059,131034,924,162869,California
Tulare,2021-05-15,1560,287909,876,161127,638,118498,46,8284,662,31652,890,131924,707,163576,California
Tulare,2021-05-16,697,288606,557,161684,128,118626,12,8296,324,31616,372,132296,336,163912,California
Tulare,2021-05-17,1543,290149,957,162641,513,119139,73,8369,740,31633,796,133092,813,164725,California
Tulare,2021-05-18,1581,291730,854,163495,673,119812,54,8423,790,31690,785,133877,842,165567,California
Tulare,2021-05-19,1476,293206,952,164447,491,120303,33,8456,768,31789,702,134579,801,166368,California
Tulare,2021-05-20,1588,294794,1068,165515,433,120736,87,8543,762,31817,821,135400,849,167217,California
Tulare,2021-05-21,1946,296740,1422,166937,482,121218,42,8585,1065,32051,873,136273,1107,168324,California
Tulare,2021-05-22,1606,298346,1146,168083,437,121655,23,8608,607,31691,991,137264,631,168955,California
Tulare,2021-05-23,392,298738,311,168394,72,121727,9,8617,198,31705,193,137457,207,169162,California
Tulare,2021-05-24,905,299643,551,168945,294,122021,60,8677,405,31672,498,137955,465,169627,California
Tulare,2021-05-25,1187,300830,710,169655,445,122466,32,8709,510,31543,671,138626,542,170169,California
Tulare,2021-05-26,874,301704,486,170141,347,122813,41,8750,399,31512,470,139096,439,170608,California
Tulare,2021-05-27,1276,302980,808,170949,437,123250,31,8781,596,31464,677,139773,629,171237,California
Tulare,2021-05-28,1186,304166,660,171609,477,123727,49,8830,631,31595,548,140321,679,171916,California
Tulare,2021-05-29,868,305034,641,172250,208,123935,19,8849,499,31746,367,140688,518,172434,California
Tulare,2021-05-30,285,305319,206,172456,71,124006,8,8857,166,31803,117,140805,174,172608,California
Tulare,2021-05-31,130,305449,50,172506,69,124075,11,8868,54,31793,75,140880,65,172673,California
Tulare,2021-06-01,1050,306499,624,173130,395,124470,31,8899,404,31591,637,141517,435,173108,California
Tulare,2021-06-02,796,307295,468,173598,296,124766,32,8931,364,31565,420,141937,394,173502,California
Tulare,2021-06-03,1146,308441,812,174410,276,125042,58,8989,425,31346,701,142638,482,173984,California
Tulare,2021-06-04,1161,309602,831,175241,295,125337,35,9024,387,30998,770,143408,422,174406,California
Tulare,2021-06-05,864,310466,677,175918,171,125508,16,9040,294,30741,566,143974,309,174715,California
Tulare,2021-06-06,413,310879,348,176266,46,125554,19,9059,135,30618,277,144251,154,174869,California
Tulare,2021-06-07,863,311742,681,176947,147,125701,35,9094,276,30345,582,144833,309,175178,California
Tulare,2021-06-08,1031,312773,761,177708,211,125912,59,9153,342,30061,685,145518,401,175579,California
Tulare,2021-06-09,858,313631,592,178300,238,126150,28,9181,259,29753,594,146112,286,175865,California
Tulare,2021-06-10,633,314264,491,178791,112,126262,30,9211,198,29547,434,146546,228,176093,California
Tuolumne,2020-12-16,47,47,47,47,0,0,0,0,47,47,0,0,47,47,California
Tuolumne,2020-12-17,18,65,18,65,0,0,0,0,18,65,0,0,18,65,California
Tuolumne,2020-12-18,101,166,100,165,1,1,0,0,101,166,0,0,101,166,California
Tuolumne,2020-12-19,4,170,4,169,0,1,0,0,4,170,0,0,4,170,California
Tuolumne,2020-12-20,2,172,2,171,0,1,0,0,2,172,0,0,2,172,California
Tuolumne,2020-12-21,115,287,101,272,14,15,0,0,115,287,0,0,115,287,California
Tuolumne,2020-12-22,171,458,171,443,0,15,0,0,171,458,0,0,171,458,California
Tuolumne,2020-12-23,185,643,183,626,2,17,0,0,185,643,0,0,185,643,California
Tuolumne,2020-12-26,2,645,2,628,0,17,0,0,2,645,0,0,2,645,California
Tuolumne,2020-12-28,77,722,75,703,2,19,0,0,77,722,0,0,77,722,California
Tuolumne,2020-12-29,102,824,39,742,63,82,0,0,102,824,0,0,102,824,California
Tuolumne,2020-12-30,80,904,22,764,58,140,0,0,80,904,0,0,80,904,California
Tuolumne,2020-12-31,27,931,20,784,7,147,0,0,27,931,0,0,27,931,California
Tuolumne,2021-01-01,6,937,5,789,1,148,0,0,6,937,0,0,6,937,California
Tuolumne,2021-01-02,119,1056,116,905,3,151,0,0,119,1056,0,0,119,1056,California
Tuolumne,2021-01-03,2,1058,2,907,0,151,0,0,2,1058,0,0,2,1058,California
Tuolumne,2021-01-04,69,1127,26,933,43,194,0,0,69,1127,0,0,69,1127,California
Tuolumne,2021-01-05,93,1220,27,960,66,260,0,0,90,1215,3,3,91,1218,California
Tuolumne,2021-01-06,131,1351,71,1031,60,320,0,0,67,1218,64,67,67,1285,California
Tuolumne,2021-01-07,119,1470,63,1094,56,376,0,0,64,1227,55,122,64,1349,California
Tuolumne,2021-01-08,105,1575,81,1175,24,400,0,0,27,1178,77,199,28,1377,California
Tuolumne,2021-01-09,2,1577,0,1175,2,402,0,0,2,1180,0,199,2,1379,California
Tuolumne,2021-01-10,3,1580,1,1176,2,404,0,0,3,1183,0,199,3,1382,California
Tuolumne,2021-01-11,115,1695,89,1265,26,430,0,0,34,1136,81,280,34,1416,California
Tuolumne,2021-01-12,102,1797,86,1351,16,446,0,0,18,1070,84,364,18,1434,California
Tuolumne,2021-01-13,231,2028,125,1476,106,552,0,0,182,1204,49,413,183,1617,California
Tuolumne,2021-01-14,147,2175,108,1584,39,591,0,0,42,1142,104,517,42,1659,California
Tuolumne,2021-01-15,475,2650,73,1657,402,993,0,0,413,1495,61,578,414,2073,California
Tuolumne,2021-01-16,7,2657,3,1660,4,997,0,0,6,1500,1,579,6,2079,California
Tuolumne,2021-01-17,7,2664,4,1664,3,1000,0,0,7,1507,0,579,7,2086,California
Tuolumne,2021-01-18,46,2710,38,1702,8,1008,0,0,9,1480,36,615,9,2095,California
Tuolumne,2021-01-19,478,3188,73,1775,405,1413,0,0,432,1866,46,661,432,2527,California
Tuolumne,2021-01-20,76,3264,58,1833,18,1431,0,0,24,1839,51,712,24,2551,California
Tuolumne,2021-01-21,56,3320,23,1856,33,1464,0,0,40,1863,16,728,40,2591,California
Tuolumne,2021-01-22,169,3489,16,1872,153,1617,0,0,162,2018,7,735,162,2753,California
Tuolumne,2021-01-23,653,4142,134,2006,519,2136,0,0,547,2472,106,841,560,3313,California
Tuolumne,2021-01-24,523,4665,2,2008,521,2657,0,0,520,2991,3,844,522,3835,California
Tuolumne,2021-01-25,50,4715,28,2036,22,2679,0,0,24,2990,26,870,25,3860,California
Tuolumne,2021-01-26,80,4795,68,2104,12,2691,0,0,40,2991,40,910,41,3901,California
Tuolumne,2021-01-27,61,4856,4,2108,57,2748,0,0,8,2947,52,962,8,3909,California
Tuolumne,2021-01-28,27,4883,7,2115,20,2768,0,0,18,2956,9,971,18,3927,California
Tuolumne,2021-01-29,70,4953,5,2120,65,2833,0,0,32,2950,38,1009,32,3959,California
Tuolumne,2021-01-30,712,5665,553,2673,159,2992,0,0,689,3633,23,1032,706,4665,California
Tuolumne,2021-01-31,8,5673,2,2675,6,2998,0,0,5,3635,3,1035,5,4670,California
Tuolumne,2021-02-01,27,5700,7,2682,20,3018,0,0,24,3656,3,1038,24,4694,California
Tuolumne,2021-02-02,649,6349,42,2724,607,3625,0,0,637,4283,10,1048,637,5331,California
Tuolumne,2021-02-03,240,6589,112,2836,128,3753,0,0,87,4217,153,1201,87,5418,California
Tuolumne,2021-02-04,123,6712,13,2849,110,3863,0,0,61,4216,62,1263,61,5479,California
Tuolumne,2021-02-05,101,6813,14,2863,87,3950,0,0,35,4186,65,1328,35,5514,California
Tuolumne,2021-02-06,858,7671,582,3445,276,4226,0,0,849,5032,9,1337,855,6369,California
Tuolumne,2021-02-07,8,7679,4,3449,4,4230,0,0,4,5032,4,1341,4,6373,California
Tuolumne,2021-02-08,92,7771,41,3490,51,4281,0,0,68,5076,24,1365,68,6441,California
Tuolumne,2021-02-09,862,8633,51,3541,811,5092,0,0,820,5854,42,1407,820,7261,California
Tuolumne,2021-02-10,92,8725,17,3558,75,5167,0,0,31,5825,60,1467,31,7292,California
Tuolumne,2021-02-11,143,8868,68,3626,75,5242,0,0,78,5838,65,1532,78,7370,California
Tuolumne,2021-02-12,649,9517,20,3646,629,5871,0,0,208,5606,440,1972,208,7578,California
Tuolumne,2021-02-13,151,9668,41,3687,110,5981,0,0,121,5698,29,2001,121,7699,California
Tuolumne,2021-02-14,153,9821,15,3702,138,6119,0,0,151,5847,2,2003,151,7850,California
Tuolumne,2021-02-15,187,10008,10,3712,177,6296,0,0,178,6016,9,2012,178,8028,California
Tuolumne,2021-02-16,531,10539,18,3730,513,6809,0,0,122,5735,405,2417,124,8152,California
Tuolumne,2021-02-17,111,10650,63,3793,48,6857,0,0,61,5747,49,2466,61,8213,California
Tuolumne,2021-02-18,680,11330,26,3819,654,7511,0,0,629,6326,51,2517,630,8843,California
Tuolumne,2021-02-19,142,11472,22,3841,120,7631,0,0,42,6268,100,2617,42,8885,California
Tuolumne,2021-02-20,905,12377,341,4182,564,8195,0,0,384,6148,506,3123,386,9271,California
Tuolumne,2021-02-21,978,13355,39,4221,939,9134,0,0,469,6115,506,3629,473,9744,California
Tuolumne,2021-02-22,80,13435,57,4278,23,9157,0,0,46,6128,33,3662,46,9790,California
Tuolumne,2021-02-23,48,13483,24,4302,24,9181,0,0,26,6133,21,3683,26,9816,California
Tuolumne,2021-02-24,104,13587,58,4360,46,9227,0,0,42,6114,61,3744,42,9858,California
Tuolumne,2021-02-25,1051,14638,35,4395,1016,10243,0,0,1020,7103,31,3775,1020,10878,California
Tuolumne,2021-02-26,151,14789,11,4406,140,10383,0,0,125,7203,26,3801,126,11004,California
Tuolumne,2021-02-27,955,15744,579,4985,376,10759,0,0,250,6769,687,4488,253,11257,California
Tuolumne,2021-02-28,56,15800,4,4989,52,10811,0,0,52,6818,3,4491,52,11309,California
Tuolumne,2021-03-01,115,15915,22,5011,92,10903,1,1,77,6860,37,4528,79,11388,California
Tuolumne,2021-03-02,708,16623,75,5086,633,11536,0,1,107,6366,601,5129,107,11495,California
Tuolumne,2021-03-03,95,16718,21,5107,74,11610,0,1,67,6406,27,5156,67,11562,California
Tuolumne,2021-03-04,1173,17891,75,5182,1098,12708,0,1,1108,7449,65,5221,1108,12670,California
Tuolumne,2021-03-05,89,17980,10,5192,79,12787,0,1,52,7466,36,5257,53,12723,California
Tuolumne,2021-03-06,1059,19039,606,5798,451,13238,2,3,204,6826,849,6106,209,12932,California
Tuolumne,2021-03-07,41,19080,12,5810,14,13252,15,18,18,6836,23,6129,33,12965,California
Tuolumne,2021-03-08,197,19277,90,5900,100,13352,7,25,139,6924,58,6187,146,13111,California
Tuolumne,2021-03-09,858,20135,16,5916,831,14183,11,36,68,6220,784,6971,80,13191,California
Tuolumne,2021-03-10,79,20214,12,5928,56,14239,11,47,54,6260,25,6996,65,13256,California
Tuolumne,2021-03-11,1281,21495,37,5965,1239,15478,5,52,1254,7494,27,7023,1261,14517,California
Tuolumne,2021-03-12,299,21794,34,5999,250,15728,15,67,189,7592,109,7132,207,14724,California
Tuolumne,2021-03-13,114,21908,13,6012,101,15829,0,67,84,7648,29,7161,85,14809,California
Tuolumne,2021-03-14,148,22056,10,6022,129,15958,9,76,7,7528,141,7302,21,14830,California
Tuolumne,2021-03-15,301,22357,82,6104,216,16174,3,79,104,7447,196,7498,115,14945,California
Tuolumne,2021-03-16,806,23163,41,6145,754,16928,11,90,668,7989,137,7635,679,15624,California
Tuolumne,2021-03-17,152,23315,32,6177,107,17035,13,103,79,8009,72,7707,92,15716,California
Tuolumne,2021-03-18,947,24262,27,6204,907,17942,13,116,317,7713,626,8333,330,16046,California
Tuolumne,2021-03-19,135,24397,18,6222,87,18029,30,146,73,7755,61,8394,103,16149,California
Tuolumne,2021-03-20,93,24490,8,6230,75,18104,10,156,39,7750,53,8447,48,16197,California
Tuolumne,2021-03-21,833,25323,389,6619,434,18538,10,166,41,7020,782,9229,52,16249,California
Tuolumne,2021-03-22,164,25487,73,6692,72,18610,19,185,97,7070,66,9295,116,16365,California
Tuolumne,2021-03-23,713,26200,638,7330,61,18671,14,199,674,7718,39,9334,687,17052,California
Tuolumne,2021-03-24,111,26311,20,7350,73,18744,18,217,77,7780,33,9367,95,17147,California
Tuolumne,2021-03-25,1300,27611,24,7374,1273,20017,3,220,327,7138,972,10339,330,17477,California
Tuolumne,2021-03-26,276,27887,16,7390,237,20254,23,243,116,7129,149,10488,140,17617,California
Tuolumne,2021-03-27,581,28468,54,7444,527,20781,0,243,316,7184,263,10751,318,17935,California
Tuolumne,2021-03-28,47,28515,6,7450,41,20822,0,243,8,7155,38,10789,9,17944,California
Tuolumne,2021-03-29,206,28721,83,7533,123,20945,0,243,109,7170,94,10883,109,18053,California
Tuolumne,2021-03-30,162,28883,9,7542,152,21097,1,244,118,7246,43,10926,119,18172,California
Tuolumne,2021-03-31,95,28978,14,7556,79,21176,2,246,38,7231,55,10981,40,18212,California
Tuolumne,2021-04-01,1251,30229,30,7586,1221,22397,0,246,228,6439,1020,12001,228,18440,California
Tuolumne,2021-04-02,166,30395,11,7597,129,22526,26,272,92,6485,72,12073,118,18558,California
Tuolumne,2021-04-03,428,30823,35,7632,391,22917,2,274,239,6538,187,12260,240,18798,California
Tuolumne,2021-04-04,34,30857,3,7635,31,22948,0,274,21,6548,11,12271,21,18819,California
Tuolumne,2021-04-05,132,30989,19,7654,106,23054,7,281,59,6542,72,12343,66,18885,California
Tuolumne,2021-04-06,651,31640,516,8170,108,23162,27,308,516,6952,134,12477,544,19429,California
Tuolumne,2021-04-07,128,31768,37,8207,75,23237,16,324,50,6940,78,12555,66,19495,California
Tuolumne,2021-04-08,1446,33214,33,8240,1398,24635,15,339,248,6010,1193,13748,263,19758,California
Tuolumne,2021-04-09,274,33488,41,8281,189,24824,44,383,131,6046,143,13891,179,19937,California
Tuolumne,2021-04-10,55,33543,2,8283,33,24857,20,403,22,6056,32,13923,42,19979,California
Tuolumne,2021-04-11,18,33561,3,8286,12,24869,3,406,12,6065,6,13929,15,19994,California
Tuolumne,2021-04-12,173,33734,66,8352,102,24971,5,411,90,6082,78,14007,95,20089,California
Tuolumne,2021-04-13,788,34522,35,8387,753,25724,0,411,171,5645,608,14615,171,20260,California
Tuolumne,2021-04-14,157,34679,30,8417,127,25851,0,411,79,5651,74,14689,80,20340,California
Tuolumne,2021-04-15,345,35024,21,8438,324,26175,0,411,60,5432,279,14968,60,20400,California
Tuolumne,2021-04-16,253,35277,50,8488,203,26378,0,411,141,5470,104,15072,142,20542,California
Tuolumne,2021-04-17,43,35320,5,8493,38,26416,0,411,27,5481,16,15088,27,20569,California
Tuolumne,2021-04-18,10,35330,3,8496,7,26423,0,411,5,5482,5,15093,6,20575,California
Tuolumne,2021-04-19,177,35507,78,8574,99,26522,0,411,99,5505,76,15169,99,20674,California
Tuolumne,2021-04-20,710,36217,615,9189,95,26617,0,411,75,4953,627,15796,75,20749,California
Tuolumne,2021-04-21,118,36335,25,9214,93,26710,0,411,62,4964,51,15847,62,20811,California
Tuolumne,2021-04-22,711,37046,46,9260,665,27375,0,411,430,5123,272,16119,431,21242,California
Tuolumne,2021-04-23,175,37221,31,9291,144,27519,0,411,81,5113,92,16211,82,21324,California
Tuolumne,2021-04-24,78,37299,17,9308,61,27580,0,411,49,5133,29,16240,49,21373,California
Tuolumne,2021-04-25,25,37324,9,9317,16,27596,0,411,22,5152,3,16243,22,21395,California
Tuolumne,2021-04-26,157,37481,56,9373,101,27697,0,411,73,5143,83,16326,74,21469,California
Tuolumne,2021-04-27,140,37621,23,9396,110,27807,7,418,65,5143,72,16398,72,21541,California
Tuolumne,2021-04-28,114,37735,23,9419,80,27887,11,429,61,5163,52,16450,72,21613,California
Tuolumne,2021-04-29,277,38012,16,9435,253,28140,8,437,53,5003,221,16671,61,21674,California
Tuolumne,2021-04-30,365,38377,22,9457,331,28471,12,449,71,4796,290,16961,83,21757,California
Tuolumne,2021-05-01,25,38402,7,9464,13,28484,5,454,16,4808,9,16970,21,21778,California
Tuolumne,2021-05-02,26,38428,3,9467,21,28505,2,456,19,4822,7,16977,21,21799,California
Tuolumne,2021-05-03,111,38539,14,9481,92,28597,5,461,36,4790,73,17050,41,21840,California
Tuolumne,2021-05-04,705,39244,600,10081,101,28698,4,465,213,4515,491,17541,216,22056,California
Tuolumne,2021-05-05,108,39352,25,10106,77,28775,6,471,56,4528,49,17590,62,22118,California
Tuolumne,2021-05-06,287,39639,12,10118,259,29034,16,487,41,4342,242,17832,56,22174,California
Tuolumne,2021-05-07,329,39968,26,10144,295,29329,8,495,71,4164,257,18089,79,22253,California
Tuolumne,2021-05-08,46,40014,6,10150,36,29365,4,499,31,4184,15,18104,35,22288,California
Tuolumne,2021-05-09,16,40030,2,10152,12,29377,2,501,2,4174,14,18118,4,22292,California
Tuolumne,2021-05-10,113,40143,44,10196,63,29440,6,507,32,4132,80,18198,38,22330,California
Tuolumne,2021-05-11,202,40345,62,10258,128,29568,12,519,55,4053,146,18344,67,22397,California
Tuolumne,2021-05-12,129,40474,20,10278,106,29674,3,522,49,4025,80,18424,52,22449,California
Tuolumne,2021-05-13,116,40590,18,10296,90,29764,8,530,72,4060,44,18468,79,22528,California
Tuolumne,2021-05-14,207,40797,76,10372,120,29884,11,541,107,4080,98,18566,118,22646,California
Tuolumne,2021-05-15,57,40854,14,10386,36,29920,7,548,19,4069,38,18604,27,22673,California
Tuolumne,2021-05-16,25,40879,7,10393,16,29936,2,550,12,4070,13,18617,14,22687,California
Tuolumne,2021-05-17,110,40989,29,10422,78,30014,3,553,47,4058,63,18680,51,22738,California
Tuolumne,2021-05-18,178,41167,54,10476,77,30091,47,600,59,4046,118,18798,106,22844,California
Tuolumne,2021-05-19,118,41285,20,10496,65,30156,33,633,47,4056,70,18868,80,22924,California
Tuolumne,2021-05-20,406,41691,19,10515,382,30538,5,638,53,3763,351,19219,58,22982,California
Tuolumne,2021-05-21,198,41889,91,10606,102,30640,5,643,119,3810,77,19296,124,23106,California
Tuolumne,2021-05-22,57,41946,18,10624,34,30674,5,648,24,3806,32,19328,28,23134,California
Tuolumne,2021-05-23,26,41972,7,10631,18,30692,1,649,9,3799,17,19345,10,23144,California
Tuolumne,2021-05-24,134,42106,41,10672,87,30779,6,655,51,3774,82,19427,57,23201,California
Tuolumne,2021-05-25,293,42399,219,10891,68,30847,6,661,110,3708,182,19609,116,23317,California
Tuolumne,2021-05-26,86,42485,23,10914,62,30909,1,662,37,3697,49,19658,38,23355,California
Tuolumne,2021-05-27,73,42558,14,10928,56,30965,3,665,29,3686,43,19701,32,23387,California
Tuolumne,2021-05-28,111,42669,53,10981,57,31022,1,666,65,3708,44,19745,66,23453,California
Tuolumne,2021-05-29,38,42707,7,10988,25,31047,6,672,17,3710,21,19766,23,23476,California
Tuolumne,2021-05-30,18,42725,1,10989,14,31061,3,675,4,3703,14,19780,7,23483,California
Tuolumne,2021-05-31,10,42735,2,10991,7,31068,1,676,2,3698,8,19788,3,23486,California
Tuolumne,2021-06-01,76,42811,21,11012,51,31119,4,680,23,3673,52,19840,27,23513,California
Tuolumne,2021-06-02,73,42884,7,11019,58,31177,8,688,23,3655,49,19889,31,23544,California
Tuolumne,2021-06-03,75,42959,25,11044,35,31212,15,703,23,3642,51,19940,38,23582,California
Tuolumne,2021-06-04,130,43089,62,11106,65,31277,3,706,37,3591,91,20031,40,23622,California
Tuolumne,2021-06-05,41,43130,11,11117,28,31305,2,708,17,3587,23,20054,19,23641,California
Tuolumne,2021-06-06,18,43148,5,11122,6,31311,7,715,5,3586,13,20067,12,23653,California
Tuolumne,2021-06-07,56,43204,13,11135,35,31346,8,723,23,3584,33,20100,31,23684,California
Tuolumne,2021-06-08,63,43267,15,11150,47,31393,1,724,20,3565,40,20140,21,23705,California
Tuolumne,2021-06-09,70,43337,39,11189,26,31419,5,729,37,3574,33,20173,42,23747,California
Tuolumne,2021-06-10,48,43385,5,11194,36,31455,7,736,6,3545,42,20215,13,23760,California
Ventura,2020-12-15,5,5,5,5,0,0,0,0,5,5,0,0,5,5,California
Ventura,2020-12-16,74,79,74,79,0,0,0,0,74,79,0,0,74,79,California
Ventura,2020-12-17,246,325,246,325,0,0,0,0,246,325,0,0,246,325,California
Ventura,2020-12-18,1417,1742,1417,1742,0,0,0,0,1417,1742,0,0,1417,1742,California
Ventura,2020-12-19,911,2653,911,2653,0,0,0,0,911,2653,0,0,911,2653,California
Ventura,2020-12-20,430,3083,430,3083,0,0,0,0,430,3083,0,0,430,3083,California
Ventura,2020-12-21,1467,4550,1467,4550,0,0,0,0,1467,4550,0,0,1467,4550,California
Ventura,2020-12-22,1107,5657,1103,5653,4,4,0,0,1107,5657,0,0,1107,5657,California
Ventura,2020-12-23,1037,6694,987,6640,50,54,0,0,1037,6694,0,0,1037,6694,California
Ventura,2020-12-24,476,7170,378,7018,98,152,0,0,476,7170,0,0,476,7170,California
Ventura,2020-12-25,12,7182,7,7025,5,157,0,0,12,7182,0,0,12,7182,California
Ventura,2020-12-26,116,7298,95,7120,21,178,0,0,116,7298,0,0,116,7298,California
Ventura,2020-12-27,60,7358,29,7149,31,209,0,0,60,7358,0,0,60,7358,California
Ventura,2020-12-28,1072,8430,931,8080,141,350,0,0,1072,8430,0,0,1072,8430,California
Ventura,2020-12-29,1179,9609,770,8850,409,759,0,0,1179,9609,0,0,1179,9609,California
Ventura,2020-12-30,1995,11604,1530,10380,465,1224,0,0,1995,11604,0,0,1995,11604,California
Ventura,2020-12-31,482,12086,166,10546,316,1540,0,0,482,12086,0,0,482,12086,California
Ventura,2021-01-01,33,12119,12,10558,21,1561,0,0,33,12119,0,0,33,12119,California
Ventura,2021-01-02,172,12291,77,10635,95,1656,0,0,172,12291,0,0,172,12291,California
Ventura,2021-01-03,17,12308,8,10643,9,1665,0,0,17,12308,0,0,17,12308,California
Ventura,2021-01-04,1096,13404,555,11198,541,2206,0,0,1095,13403,0,0,1095,13403,California
Ventura,2021-01-05,1378,14782,783,11981,595,2801,0,0,1334,14693,44,44,1334,14737,California
Ventura,2021-01-06,2054,16836,1174,13155,880,3681,0,0,1627,15904,418,462,1629,16366,California
Ventura,2021-01-07,2068,18904,1321,14476,747,4428,0,0,1182,16204,883,1345,1183,17549,California
Ventura,2021-01-08,2198,21102,1474,15950,724,5152,0,0,907,15823,1289,2634,908,18457,California
Ventura,2021-01-09,722,21824,499,16449,223,5375,0,0,318,15737,404,3038,318,18775,California
Ventura,2021-01-10,341,22165,324,16773,17,5392,0,0,127,15650,214,3252,127,18902,California
Ventura,2021-01-11,2439,24604,1492,18265,947,6339,0,0,1483,16181,956,4208,1487,20389,California
Ventura,2021-01-12,3043,27647,1610,19875,1433,7772,0,0,2013,17164,1030,5238,2013,22402,California
Ventura,2021-01-13,2940,30587,1438,21313,1502,9274,0,0,2048,18324,889,6127,2049,24451,California
Ventura,2021-01-14,2730,33317,1056,22369,1674,10948,0,0,2283,20162,446,6573,2284,26735,California
Ventura,2021-01-15,2891,36208,968,23337,1923,12871,0,0,2676,22624,215,6788,2677,29412,California
Ventura,2021-01-16,482,36690,187,23524,295,13166,0,0,403,22948,79,6867,403,29815,California
Ventura,2021-01-17,264,36954,144,23668,120,13286,0,0,256,23196,8,6875,256,30071,California
Ventura,2021-01-18,2214,39168,1670,25338,544,13830,0,0,1667,24320,546,7421,1670,31741,California
Ventura,2021-01-19,3046,42214,2126,27464,920,14750,0,0,2150,25577,896,8317,2153,33894,California
Ventura,2021-01-20,4098,46312,3149,30613,949,15699,0,0,3042,27569,1053,9370,3045,36939,California
Ventura,2021-01-21,3860,50172,2696,33309,1164,16863,0,0,3183,30080,674,10044,3185,40124,California
Ventura,2021-01-22,3595,53767,2481,35790,1114,17977,0,0,3429,33344,166,10210,3430,43554,California
Ventura,2021-01-23,1163,54930,638,36428,525,18502,0,0,1065,34314,97,10307,1067,44621,California
Ventura,2021-01-24,451,55381,134,36562,317,18819,0,0,438,34739,13,10320,438,45059,California
Ventura,2021-01-25,3144,58525,2025,38587,1119,19938,0,0,2589,36775,554,10874,2590,47649,California
Ventura,2021-01-26,3698,62223,2209,40796,1489,21427,0,0,2698,38475,999,11873,2699,50348,California
Ventura,2021-01-27,3455,65678,1553,42349,1902,23329,0,0,2706,40439,746,12619,2710,53058,California
Ventura,2021-01-28,3856,69534,1991,44340,1865,25194,0,0,3237,43074,604,13223,3239,56297,California
Ventura,2021-01-29,4263,73797,2522,46862,1741,26935,0,0,3765,46353,486,13709,3765,60062,California
Ventura,2021-01-30,3031,76828,1965,48827,1066,28001,0,0,2861,49049,166,13875,2862,62924,California
Ventura,2021-01-31,815,77643,432,49259,383,28384,0,0,729,49693,85,13960,729,63653,California
Ventura,2021-02-01,3960,81603,2114,51373,1846,30230,0,0,3180,52102,773,14733,3182,66835,California
Ventura,2021-02-02,4389,85992,2354,53727,2035,32265,0,0,3362,54443,1023,15756,3364,70199,California
Ventura,2021-02-03,4440,90432,2085,55812,2355,34620,0,0,3426,56861,1009,16765,3427,73626,California
Ventura,2021-02-04,4791,95223,2290,58102,2501,37121,0,0,3513,59108,1270,18035,3517,77143,California
Ventura,2021-02-05,4842,100065,2329,60431,2513,39634,0,0,3343,60967,1486,19521,3345,80488,California
Ventura,2021-02-06,2821,102886,1504,61935,1317,40951,0,0,2421,62989,399,19920,2421,82909,California
Ventura,2021-02-07,715,103601,241,62176,474,41425,0,0,586,63447,129,20049,587,83496,California
Ventura,2021-02-08,3525,107126,1644,63820,1881,43306,0,0,2442,64812,1078,21127,2443,85939,California
Ventura,2021-02-09,4710,111836,1969,65789,2741,46047,0,0,2456,65020,2251,23378,2459,88398,California
Ventura,2021-02-10,4696,116532,2225,68014,2471,48518,0,0,2381,65098,2304,25682,2382,90780,California
Ventura,2021-02-11,4658,121190,1867,69881,2791,51309,0,0,2440,65331,2210,27892,2443,93223,California
Ventura,2021-02-12,6295,127485,2653,72534,3642,54951,0,0,3224,65491,3064,30956,3224,96447,California
Ventura,2021-02-13,3285,130770,1821,74355,1464,56415,0,0,1836,65884,1445,32401,1838,98285,California
Ventura,2021-02-14,1213,131983,121,74476,1092,57507,0,0,1001,66674,212,32613,1002,99287,California
Ventura,2021-02-15,3978,135961,1790,76266,2188,59695,0,0,2113,66925,1862,34475,2113,101400,California
Ventura,2021-02-16,5536,141497,2698,78964,2838,62533,0,0,3004,67407,2522,36997,3004,104404,California
Ventura,2021-02-17,5281,146778,1909,80873,3372,65905,0,0,3330,68795,1942,38939,3330,107734,California
Ventura,2021-02-18,5773,152551,1826,82699,3947,69852,0,0,3637,70309,2123,41062,3637,111371,California
Ventura,2021-02-19,6463,159014,3759,86458,2704,72556,0,0,3008,69872,3448,44510,3011,114382,California
Ventura,2021-02-20,4926,163940,3168,89626,1758,74314,0,0,2762,70482,2156,46666,2766,117148,California
Ventura,2021-02-21,1091,165031,803,90429,288,74602,0,0,451,70298,635,47301,451,117599,California
Ventura,2021-02-22,5405,170436,2410,92839,2995,77597,0,0,3464,71833,1931,49232,3466,121065,California
Ventura,2021-02-23,5937,176373,2952,95791,2985,80582,0,0,3413,72742,2506,51738,3415,124480,California
Ventura,2021-02-24,7063,183436,2614,98405,4449,85031,0,0,4256,74210,2790,54528,4258,128738,California
Ventura,2021-02-25,7555,190991,2564,100969,4991,90022,0,0,4574,75818,2968,57496,4576,133314,California
Ventura,2021-02-26,9443,200434,2766,103735,6677,96699,0,0,6172,78748,3246,60742,6176,139490,California
Ventura,2021-02-27,10572,211006,5272,109007,5300,101999,0,0,7949,84102,2605,63347,7959,147449,California
Ventura,2021-02-28,2535,213541,1623,110630,911,102910,1,1,2073,85721,454,63801,2073,149522,California
Ventura,2021-03-01,7133,220674,2839,113469,4292,107202,2,3,4735,88089,2382,66183,4750,154272,California
Ventura,2021-03-02,7700,228374,4037,117506,3661,110863,2,5,5397,91194,2292,68475,5397,159669,California
Ventura,2021-03-03,8649,237023,3906,121412,4740,115603,3,8,6103,94775,2529,71004,6110,165779,California
Ventura,2021-03-04,8245,245268,3874,125286,4371,119974,0,8,5544,97637,2684,73688,5546,171325,California
Ventura,2021-03-05,10083,255351,4816,130102,5257,125231,10,18,7192,101972,2875,76563,7210,178535,California
Ventura,2021-03-06,7755,263106,4392,134494,3210,128441,153,171,5794,105968,1953,78516,5949,184484,California
Ventura,2021-03-07,1651,264757,613,135107,938,129379,100,271,1242,106901,409,78925,1342,185826,California
Ventura,2021-03-08,6839,271596,3440,138547,3244,132623,155,426,4729,109685,2103,81028,4887,190713,California
Ventura,2021-03-09,6840,278436,3016,141563,3628,136251,196,622,3969,110996,2858,83886,4169,194882,California
Ventura,2021-03-10,7000,285436,3013,144576,3748,139999,239,861,4680,113609,2305,86191,4918,199800,California
Ventura,2021-03-11,6518,291954,2890,147466,3315,143314,313,1174,3555,114526,2949,89140,3866,203666,California
Ventura,2021-03-12,8677,300631,3044,150510,4792,148106,841,2015,4249,115204,4411,93551,5089,208755,California
Ventura,2021-03-13,7246,307877,2506,153016,3902,152008,838,2853,4310,117427,2927,96478,5150,213905,California
Ventura,2021-03-14,2125,310002,477,153493,1149,153157,499,3352,714,117232,1409,97887,1214,215119,California
Ventura,2021-03-15,7068,317070,2046,155539,3675,156832,1347,4699,3124,117778,3921,101808,4467,219586,California
Ventura,2021-03-16,8112,325182,2455,157994,4545,161377,1112,5811,4176,119142,3922,105730,5286,224872,California
Ventura,2021-03-17,7703,332885,2771,160765,4585,165962,347,6158,4695,121201,2984,108714,5043,229915,California
Ventura,2021-03-18,7391,340276,3270,164035,3972,169934,149,6307,4824,123619,2554,111268,4972,234887,California
Ventura,2021-03-19,8633,348909,3781,167816,4741,174675,111,6418,5239,125597,3370,114638,5348,240235,California
Ventura,2021-03-20,8694,357603,5745,173561,2926,177601,23,6441,4435,125819,4237,118875,4459,244694,California
Ventura,2021-03-21,2786,360389,1518,175079,896,178497,372,6813,1314,126043,1458,120333,1682,246376,California
Ventura,2021-03-22,7413,367802,3689,178768,3621,182118,103,6916,4896,128546,2498,122831,5001,251377,California
Ventura,2021-03-23,8245,376047,3926,182694,4249,186367,70,6986,4629,129657,3587,126418,4698,256075,California
Ventura,2021-03-24,8928,384975,3408,186102,5444,191811,76,7062,4474,129785,4423,130841,4551,260626,California
Ventura,2021-03-25,8834,393809,3911,190013,4822,196633,101,7163,4476,130024,4338,135179,4577,265203,California
Ventura,2021-03-26,9930,403739,3367,193380,5908,202541,655,7818,3980,128738,5919,141098,4633,269836,California
Ventura,2021-03-27,8490,412229,3925,197305,4527,207068,38,7856,2411,125140,6048,147146,2450,272286,California
Ventura,2021-03-28,2526,414755,1420,198725,1098,208166,8,7864,1365,125358,1155,148301,1373,273659,California
Ventura,2021-03-29,8597,423352,4323,203048,4228,212394,46,7910,4274,125397,4294,152595,4333,277992,California
Ventura,2021-03-30,8996,432348,4466,207514,4402,216796,128,8038,4392,125327,4589,157184,4519,282511,California
Ventura,2021-03-31,10792,443140,4868,212382,5293,222089,631,8669,4674,124538,6093,163277,5304,287815,California
Ventura,2021-04-01,10849,453989,5283,217665,4686,226775,880,9549,5502,125608,5307,168584,6377,294192,California
Ventura,2021-04-02,11785,465774,4634,222299,5807,232582,1344,10893,5627,126457,6125,174709,6974,301166,California
Ventura,2021-04-03,8107,473881,4020,226319,2911,235493,1176,12069,3424,126378,4671,179380,4592,305758,California
Ventura,2021-04-04,1708,475589,956,227275,617,236110,135,12204,1144,127099,558,179938,1279,307037,California
Ventura,2021-04-05,9407,484996,4864,232139,3427,239537,1116,13320,4796,128409,4600,184538,5910,312947,California
Ventura,2021-04-06,10942,495938,5573,237712,3876,243413,1493,14813,5636,130256,5279,189817,7126,320073,California
Ventura,2021-04-07,11482,507420,5392,243104,4580,247993,1510,16323,5256,130813,6208,196025,6765,326838,California
Ventura,2021-04-08,10449,517869,5283,248387,4180,252173,986,17309,5214,131792,5214,201239,6193,333031,California
Ventura,2021-04-09,11319,529188,4370,252757,5225,257398,1724,19033,4944,132105,6350,207589,6663,339694,California
Ventura,2021-04-10,9579,538767,3891,256648,3526,260924,2162,21195,3153,131009,6406,213995,5310,345004,California
Ventura,2021-04-11,2447,541214,857,257505,1015,261939,575,21770,686,130526,1751,215746,1268,346272,California
Ventura,2021-04-12,9046,550260,4513,262018,3699,265638,834,22604,3783,129916,5244,220990,4634,350906,California
Ventura,2021-04-13,8881,559141,4502,266520,4373,270011,6,22610,3775,128636,5067,226057,3787,354693,California
Ventura,2021-04-14,8799,567940,4108,270628,4676,274687,15,22625,3379,126682,5384,231441,3430,358123,California
Ventura,2021-04-15,9386,577326,4550,275178,4812,279499,24,22649,4107,125574,5251,236692,4143,362266,California
Ventura,2021-04-16,10094,587420,4445,279623,5647,285146,2,22651,4763,125030,5314,242006,4770,367036,California
Ventura,2021-04-17,8760,596180,5322,284945,3426,288572,12,22663,5091,126479,3654,245660,5103,372139,California
Ventura,2021-04-18,2126,598306,1009,285954,1117,289689,0,22663,908,126175,1212,246872,908,373047,California
Ventura,2021-04-19,8063,606369,4840,290794,3221,292910,2,22665,4631,127397,3411,250283,4633,377680,California
Ventura,2021-04-20,9303,615672,4915,295709,4383,297293,5,22670,4369,126858,4913,255196,4374,382054,California
Ventura,2021-04-21,8921,624593,4571,300280,4345,301638,5,22675,4246,126449,4661,259857,4252,386306,California
Ventura,2021-04-22,10054,634647,5480,305760,4574,306212,0,22675,4467,125350,5567,265424,4468,390774,California
Ventura,2021-04-23,10849,645496,5382,311142,5466,311678,1,22676,5417,125363,5405,270829,5418,396192,California
Ventura,2021-04-24,10438,655934,5891,317033,4547,316225,0,22676,6138,127217,4285,275114,6139,402331,California
Ventura,2021-04-25,2461,658395,1697,318730,764,316989,0,22676,1147,127053,1311,276425,1147,403478,California
Ventura,2021-04-26,7904,666299,4520,323250,3317,320306,67,22743,3295,125830,4580,281005,3357,406835,California
Ventura,2021-04-27,9093,675392,5066,328316,3803,324109,224,22967,3414,123804,5662,286667,3636,410471,California
Ventura,2021-04-28,8308,683700,4823,333139,3167,327276,318,23285,3263,122363,5023,291690,3582,414053,California
Ventura,2021-04-29,7826,691526,4224,337363,3338,330614,264,23549,2797,120421,5002,296692,3060,417113,California
Ventura,2021-04-30,9381,700907,5440,342803,3668,334282,273,23822,3897,119130,5450,302142,4159,421272,California
Ventura,2021-05-01,5034,705941,3626,346429,1305,335587,103,23925,1951,118124,3059,305201,2053,423325,California
Ventura,2021-05-02,2119,708060,1421,347850,610,336197,88,24013,1028,118154,1087,306288,1117,424442,California
Ventura,2021-05-03,6247,714307,3864,351714,2103,338300,280,24293,1968,116139,4261,310549,2246,426688,California
Ventura,2021-05-04,6307,720614,3287,355001,2725,341025,295,24588,2308,114757,3985,314534,2603,429291,California
Ventura,2021-05-05,5330,725944,2980,357981,2091,343116,259,24847,1921,113547,3383,317917,2173,431464,California
Ventura,2021-05-06,6197,732141,3205,361186,2723,345839,269,25116,2001,111640,4178,322095,2271,433735,California
Ventura,2021-05-07,6756,738897,3377,364563,3108,348947,271,25387,2331,109845,4397,326492,2602,436337,California
Ventura,2021-05-08,5299,744196,4114,368677,1031,349978,154,25541,1220,107151,4066,330558,1372,437709,California
Ventura,2021-05-09,1040,745236,728,369405,267,350245,45,25586,394,106949,640,331198,438,438147,California
Ventura,2021-05-10,6072,751308,4071,373476,1792,352037,209,25795,1402,103900,4659,335857,1610,439757,California
Ventura,2021-05-11,5252,756560,3252,376728,1778,353815,222,26017,1539,101957,3703,339560,1760,441517,California
Ventura,2021-05-12,4938,761498,2868,379596,1853,355668,217,26234,1553,100358,3369,342929,1770,443287,California
Ventura,2021-05-13,6211,767709,3740,383336,2260,357928,211,26445,2237,98849,3959,346888,2450,445737,California
Ventura,2021-05-14,7245,774954,4460,387796,2582,360510,203,26648,2757,97337,4469,351357,2957,448694,California
Ventura,2021-05-15,6625,781579,5364,393160,1176,361686,85,26733,2837,96490,3770,355127,2923,451617,California
Ventura,2021-05-16,2157,783736,1669,394829,436,362122,52,26785,1025,96440,1127,356254,1077,452694,California
Ventura,2021-05-17,5840,789576,3551,398380,2075,364197,214,26999,2452,95735,3370,359624,2665,455359,California
Ventura,2021-05-18,5370,794946,3170,401550,2020,366217,180,27179,2179,94924,3171,362795,2360,457719,California
Ventura,2021-05-19,5800,800746,3522,405072,2068,368285,210,27389,2393,94142,3381,366176,2599,460318,California
Ventura,2021-05-20,5427,806173,3012,408084,2257,370542,158,27547,2152,93204,3245,369421,2307,462625,California
Ventura,2021-05-21,7880,814053,4444,412528,3261,373803,175,27722,2590,90711,5258,374679,2765,465390,California
Ventura,2021-05-22,5602,819655,2848,415376,2679,376482,75,27797,1784,88760,3810,378489,1859,467249,California
Ventura,2021-05-23,1938,821593,1476,416852,391,376873,71,27868,732,88363,1200,379689,803,468052,California
Ventura,2021-05-24,4510,826103,2434,419286,1909,378782,167,28035,1454,86942,3039,382728,1618,469670,California
Ventura,2021-05-25,4269,830372,2209,421495,1909,380691,151,28186,1431,85703,2820,385548,1581,471251,California
Ventura,2021-05-26,4255,834627,2265,423760,1828,382519,162,28348,1663,84955,2574,388122,1826,473077,California
Ventura,2021-05-27,3832,838459,1879,425639,1829,384348,124,28472,1394,84049,2424,390546,1518,474595,California
Ventura,2021-05-28,4471,842930,2453,428092,1826,386174,192,28664,1979,83739,2478,393024,2168,476763,California
Ventura,2021-05-29,2139,845069,1335,429427,737,386911,67,28731,1052,83783,1075,394099,1119,477882,California
Ventura,2021-05-30,905,845974,581,430008,271,387182,53,28784,374,83681,529,394628,427,478309,California
Ventura,2021-05-31,255,846229,137,430145,109,387291,9,28793,60,83555,195,394823,69,478378,California
Ventura,2021-06-01,3917,850146,2271,432416,1481,388772,165,28958,1307,82433,2595,397418,1473,479851,California
Ventura,2021-06-02,2927,853073,1624,434040,1168,389940,135,29093,1027,81707,1888,399306,1162,481013,California
Ventura,2021-06-03,3204,856277,1992,436032,1061,391001,151,29244,921,80505,2274,401580,1072,482085,California
Ventura,2021-06-04,4528,860805,3010,439042,1357,392358,161,29405,1489,79126,3029,404609,1650,483735,California
Ventura,2021-06-05,3783,864588,3157,442199,565,392923,61,29466,1152,77721,2618,407227,1213,484948,California
Ventura,2021-06-06,1243,865831,1056,443255,140,393063,47,29513,296,77126,936,408163,341,485289,California
Ventura,2021-06-07,3135,868966,2313,445568,717,393780,105,29618,949,76011,2169,410332,1054,486343,California
Ventura,2021-06-08,2904,871870,1935,447503,847,394627,122,29740,861,74960,2034,412366,983,487326,California
Ventura,2021-06-09,1817,873687,1150,448653,610,395237,57,29797,482,74171,1328,413694,539,487865,California
Ventura,2021-06-10,1531,875218,1038,449691,434,395671,59,29856,398,73499,1128,414822,456,488321,California
Yolo,2020-12-15,39,39,39,39,0,0,0,0,39,39,0,0,39,39,California
Yolo,2020-12-16,78,117,78,117,0,0,0,0,78,117,0,0,78,117,California
Yolo,2020-12-17,105,222,105,222,0,0,0,0,105,222,0,0,105,222,California
Yolo,2020-12-18,228,450,228,450,0,0,0,0,228,450,0,0,228,450,California
Yolo,2020-12-19,87,537,87,537,0,0,0,0,87,537,0,0,87,537,California
Yolo,2020-12-20,101,638,101,638,0,0,0,0,101,638,0,0,101,638,California
Yolo,2020-12-21,250,888,250,888,0,0,0,0,250,888,0,0,250,888,California
Yolo,2020-12-22,383,1271,382,1270,1,1,0,0,383,1271,0,0,383,1271,California
Yolo,2020-12-23,437,1708,417,1687,20,21,0,0,437,1708,0,0,437,1708,California
Yolo,2020-12-24,152,1860,95,1782,57,78,0,0,152,1860,0,0,152,1860,California
Yolo,2020-12-25,1,1861,1,1783,0,78,0,0,1,1861,0,0,1,1861,California
Yolo,2020-12-26,75,1936,25,1808,50,128,0,0,75,1936,0,0,75,1936,California
Yolo,2020-12-27,46,1982,19,1827,27,155,0,0,46,1982,0,0,46,1982,California
Yolo,2020-12-28,353,2335,180,2007,173,328,0,0,353,2335,0,0,353,2335,California
Yolo,2020-12-29,488,2823,268,2275,220,548,0,0,488,2823,0,0,488,2823,California
Yolo,2020-12-30,629,3452,259,2534,370,918,0,0,629,3452,0,0,629,3452,California
Yolo,2020-12-31,184,3636,94,2628,90,1008,0,0,184,3636,0,0,184,3636,California
Yolo,2021-01-01,57,3693,55,2683,2,1010,0,0,57,3693,0,0,57,3693,California
Yolo,2021-01-02,70,3763,27,2710,43,1053,0,0,70,3763,0,0,70,3763,California
Yolo,2021-01-03,45,3808,19,2729,26,1079,0,0,45,3808,0,0,45,3808,California
Yolo,2021-01-04,193,4001,43,2772,150,1229,0,0,190,3995,3,3,190,3998,California
Yolo,2021-01-05,615,4616,237,3009,378,1607,0,0,553,4486,62,65,553,4551,California
Yolo,2021-01-06,483,5099,183,3192,300,1907,0,0,345,4693,138,203,345,4896,California
Yolo,2021-01-07,712,5811,231,3423,481,2388,0,0,523,5028,188,391,523,5419,California
Yolo,2021-01-08,635,6446,312,3735,323,2711,0,0,412,5218,222,613,412,5831,California
Yolo,2021-01-09,415,6861,70,3805,345,3056,0,0,369,5541,46,659,369,6200,California
Yolo,2021-01-10,399,7260,79,3884,320,3376,0,0,330,5802,69,728,330,6530,California
Yolo,2021-01-11,564,7824,324,4208,240,3616,0,0,292,5824,272,1000,294,6824,California
Yolo,2021-01-12,489,8313,370,4578,119,3735,0,0,180,5696,309,1309,181,7005,California
Yolo,2021-01-13,767,9080,311,4889,456,4191,0,0,516,5961,251,1560,516,7521,California
Yolo,2021-01-14,382,9462,183,5072,199,4390,0,0,278,6135,104,1664,278,7799,California
Yolo,2021-01-15,631,10093,324,5396,307,4697,0,0,549,6603,82,1746,550,8349,California
Yolo,2021-01-16,742,10835,94,5490,648,5345,0,0,711,7283,31,1777,711,9060,California
Yolo,2021-01-17,191,11026,118,5608,73,5418,0,0,185,7462,6,1783,185,9245,California
Yolo,2021-01-18,484,11510,305,5913,179,5597,0,0,380,7738,104,1887,380,9625,California
Yolo,2021-01-19,559,12069,373,6286,186,5783,0,0,386,7951,173,2060,386,10011,California
Yolo,2021-01-20,662,12731,381,6667,281,6064,0,0,476,8242,185,2245,476,10487,California
Yolo,2021-01-21,648,13379,384,7051,264,6328,0,0,462,8518,186,2431,462,10949,California
Yolo,2021-01-22,752,14131,251,7302,501,6829,0,0,635,9038,115,2546,635,11584,California
Yolo,2021-01-23,616,14747,123,7425,493,7322,0,0,568,9558,48,2594,568,12152,California
Yolo,2021-01-24,208,14955,123,7548,85,7407,0,0,167,9684,41,2635,167,12319,California
Yolo,2021-01-25,733,15688,157,7705,576,7983,0,0,511,9973,222,2857,511,12830,California
Yolo,2021-01-26,829,16517,327,8032,502,8485,0,0,433,10010,396,3253,433,13263,California
Yolo,2021-01-27,557,17074,221,8253,336,8821,0,0,379,10213,178,3431,381,13644,California
Yolo,2021-01-28,1051,18125,565,8818,486,9307,0,0,926,11015,124,3555,926,14570,California
Yolo,2021-01-29,903,19028,268,9086,635,9942,0,0,817,11747,85,3640,817,15387,California
Yolo,2021-01-30,1529,20557,929,10015,600,10542,0,0,1407,13038,116,3756,1407,16794,California
Yolo,2021-01-31,239,20796,200,10215,39,10581,0,0,212,13224,26,3782,212,17006,California
Yolo,2021-02-01,849,21645,364,10579,485,11066,0,0,614,13607,231,4013,614,17620,California
Yolo,2021-02-02,1340,22985,756,11335,584,11650,0,0,929,14126,411,4424,930,18550,California
Yolo,2021-02-03,1524,24509,397,11732,1127,12777,0,0,1185,14975,336,4760,1185,19735,California
Yolo,2021-02-04,1789,26298,281,12013,1508,14285,0,0,1236,15670,542,5302,1237,20972,California
Yolo,2021-02-05,1596,27894,908,12921,688,14973,0,0,1195,16466,400,5702,1196,22168,California
Yolo,2021-02-06,1943,29837,1266,14187,677,15650,0,0,1577,17678,366,6068,1578,23746,California
Yolo,2021-02-07,525,30362,248,14435,277,15927,0,0,169,17492,355,6423,169,23915,California
Yolo,2021-02-08,949,31311,331,14766,618,16545,0,0,603,17752,343,6766,603,24518,California
Yolo,2021-02-09,859,32170,389,15155,470,17015,0,0,574,18041,285,7051,574,25092,California
Yolo,2021-02-10,1467,33637,481,15636,986,18001,0,0,826,18228,641,7692,828,25920,California
Yolo,2021-02-11,1581,35218,811,16447,770,18771,0,0,1186,19019,395,8087,1186,27106,California
Yolo,2021-02-12,1923,37141,762,17209,1161,19932,0,0,1446,19992,473,8560,1446,28552,California
Yolo,2021-02-13,2056,39197,712,17921,1344,21276,0,0,1386,20708,670,9230,1386,29938,California
Yolo,2021-02-14,569,39766,152,18073,417,21693,0,0,441,21022,127,9357,441,30379,California
Yolo,2021-02-15,535,40301,194,18267,341,22034,0,0,266,21020,269,9626,267,30646,California
Yolo,2021-02-16,1131,41432,425,18692,706,22740,0,0,809,21508,322,9948,810,31456,California
Yolo,2021-02-17,1392,42824,701,19393,691,23431,0,0,996,22108,396,10344,996,32452,California
Yolo,2021-02-18,2490,45314,812,20205,1678,25109,0,0,1718,23056,771,11115,1719,34171,California
Yolo,2021-02-19,1754,47068,751,20956,1003,26112,0,0,1130,23564,622,11737,1130,35301,California
Yolo,2021-02-20,2460,49528,957,21913,1503,27615,0,0,1374,23858,1081,12818,1375,36676,California
Yolo,2021-02-21,286,49814,225,22138,61,27676,0,0,74,23721,211,13029,74,36750,California
Yolo,2021-02-22,1369,51183,599,22737,770,28446,0,0,695,23743,673,13702,695,37445,California
Yolo,2021-02-23,1148,52331,857,23594,291,28737,0,0,444,23485,702,14404,444,37889,California
Yolo,2021-02-24,2090,54421,593,24187,1497,30234,0,0,1382,24161,706,15110,1382,39271,California
Yolo,2021-02-25,1395,55816,487,24674,908,31142,0,0,922,24611,472,15582,922,40193,California
Yolo,2021-02-26,2625,58441,1028,25702,1597,32739,0,0,1384,24757,1238,16820,1384,41577,California
Yolo,2021-02-27,1687,60128,786,26488,901,33640,0,0,1230,25530,457,17277,1230,42807,California
Yolo,2021-02-28,1838,61966,1537,28025,301,33941,0,0,720,25135,1116,18393,721,43528,California
Yolo,2021-03-01,1134,63100,374,28399,760,34701,0,0,684,25371,448,18841,684,44212,California
Yolo,2021-03-02,1477,64577,697,29096,780,35481,0,0,944,25782,533,19374,944,45156,California
Yolo,2021-03-03,1858,66435,638,29734,1220,36701,0,0,832,25590,1024,20398,832,45988,California
Yolo,2021-03-04,2925,69360,1478,31212,1447,38148,0,0,1569,25806,1353,21751,1569,47557,California
Yolo,2021-03-05,2363,71723,1413,32625,939,39087,11,11,1470,26396,891,22642,1481,49038,California
Yolo,2021-03-06,1495,73218,1144,33769,322,39409,29,40,851,26634,642,23284,880,49918,California
Yolo,2021-03-07,917,74135,681,34450,222,39631,14,54,785,27301,132,23416,799,50717,California
Yolo,2021-03-08,1098,75233,491,34941,564,40195,43,97,764,27777,332,23748,808,51525,California
Yolo,2021-03-09,1272,76505,682,35623,527,40722,63,160,780,28130,490,24238,843,52368,California
Yolo,2021-03-10,1818,78323,1062,36685,466,41188,290,450,752,28103,1062,25300,1035,53403,California
Yolo,2021-03-11,2349,80672,1609,38294,672,41860,68,518,1609,29042,739,26039,1678,55081,California
Yolo,2021-03-12,2909,83581,1355,39649,1473,43333,81,599,1373,28969,1528,27567,1455,56536,California
Yolo,2021-03-13,1848,85429,731,40380,941,44274,176,775,1002,29304,843,28410,1178,57714,California
Yolo,2021-03-14,1016,86445,208,40588,660,44934,148,923,536,29503,479,28889,678,58392,California
Yolo,2021-03-15,1325,87770,773,41361,370,45304,182,1105,711,29781,612,29501,890,59282,California
Yolo,2021-03-16,1880,89650,720,42081,1088,46392,72,1177,1112,30197,768,30269,1184,60466,California
Yolo,2021-03-17,2511,92161,980,43061,1459,47851,72,1249,1722,31237,786,31055,1826,62292,California
Yolo,2021-03-18,3031,95192,1039,44100,1770,49621,222,1471,1259,30949,1768,32823,1480,63772,California
Yolo,2021-03-19,2099,97291,875,44975,1156,50777,68,1539,1092,31109,1000,33823,1160,64932,California
Yolo,2021-03-20,2779,100070,822,45797,1914,52691,43,1582,1096,30573,1677,35500,1141,66073,California
Yolo,2021-03-21,318,100388,215,46012,95,52786,8,1590,208,30680,109,35609,216,66289,California
Yolo,2021-03-22,1408,101796,490,46502,857,53643,61,1651,919,31173,486,36095,979,67268,California
Yolo,2021-03-23,1741,103537,937,47439,746,54389,58,1709,1066,31622,674,36769,1123,68391,California
Yolo,2021-03-24,2882,106419,1410,48849,1422,55811,50,1759,1405,31613,1465,38234,1456,69847,California
Yolo,2021-03-25,2553,108972,1416,50265,1109,56920,28,1787,1251,31601,1291,39525,1279,71126,California
Yolo,2021-03-26,2391,111363,1257,51522,1115,58035,19,1806,1019,31273,1365,40890,1037,72163,California
Yolo,2021-03-27,1657,113020,463,51985,1176,59211,18,1824,751,31137,905,41795,769,72932,California
Yolo,2021-03-28,1107,114127,865,52850,224,59435,18,1842,248,30548,854,42649,265,73197,California
Yolo,2021-03-29,2013,116140,819,53669,1164,60599,30,1872,960,30489,1049,43698,990,74187,California
Yolo,2021-03-30,2279,118419,1085,54754,1172,61771,22,1894,1169,30575,1105,44803,1191,75378,California
Yolo,2021-03-31,2357,120776,1229,55983,1092,62863,36,1930,1193,30641,1163,45966,1229,76607,California
Yolo,2021-04-01,3851,124627,1863,57846,1514,64377,474,2404,1615,30496,2233,48199,2088,78695,California
Yolo,2021-04-02,3397,128024,1520,59366,1730,66107,147,2551,2108,31468,1283,49482,2255,80950,California
Yolo,2021-04-03,1823,129847,1098,60464,504,66611,221,2772,813,31493,1009,50491,1034,81984,California
Yolo,2021-04-04,395,130242,156,60620,178,66789,61,2833,146,31451,249,50740,207,82191,California
Yolo,2021-04-05,1929,132171,742,61362,1087,67876,100,2933,1020,31668,904,51644,1121,83312,California
Yolo,2021-04-06,2582,134753,1320,62682,1093,68969,169,3102,1304,31874,1269,52913,1475,84787,California
Yolo,2021-04-07,2991,137744,1524,64206,1110,70079,357,3459,1926,33102,1059,53972,2287,87074,California
Yolo,2021-04-08,2424,140168,1008,65214,942,71021,474,3933,1026,33203,1395,55367,1496,88570,California
Yolo,2021-04-09,2580,142748,921,66135,1089,72110,570,4503,850,32889,1727,57094,1413,89983,California
Yolo,2021-04-10,1760,144508,828,66963,750,72860,182,4685,1040,33393,717,57811,1221,91204,California
Yolo,2021-04-11,915,145423,286,67249,575,73435,54,4739,372,33279,540,58351,426,91630,California
Yolo,2021-04-12,1767,147190,523,67772,1102,74537,142,4881,1099,33855,665,59016,1241,92871,California
Yolo,2021-04-13,1985,149175,915,68687,1070,75607,0,4881,1046,33964,938,59954,1047,93918,California
Yolo,2021-04-14,2786,151961,767,69454,2019,77626,0,4881,1372,33929,1409,61363,1374,95292,California
Yolo,2021-04-15,3332,155293,1139,70593,2193,79819,0,4881,2290,35185,1037,62400,2293,97585,California
Yolo,2021-04-16,3046,158339,1969,72562,1077,80896,0,4881,1947,36039,1093,63493,1947,99532,California
Yolo,2021-04-17,1606,159945,470,73032,1136,82032,0,4881,834,36104,769,64262,834,100366,California
Yolo,2021-04-18,629,160574,301,73333,328,82360,0,4881,351,36181,274,64536,351,100717,California
Yolo,2021-04-19,1669,162243,714,74047,954,83314,1,4882,765,36048,899,65435,766,101483,California
Yolo,2021-04-20,2008,164251,1018,75065,990,84304,0,4882,1078,36198,928,66363,1078,102561,California
Yolo,2021-04-21,1980,166231,985,76050,995,85299,0,4882,1071,36365,904,67267,1071,103632,California
Yolo,2021-04-22,1942,168173,879,76929,1063,86362,0,4882,964,36357,973,68240,965,104597,California
Yolo,2021-04-23,2615,170788,1531,78460,1084,87446,0,4882,1164,36081,1440,69680,1164,105761,California
Yolo,2021-04-24,1165,171953,644,79104,519,87965,2,4884,461,35847,697,70377,463,106224,California
Yolo,2021-04-25,951,172904,410,79514,541,88506,0,4884,731,36359,219,70596,731,106955,California
Yolo,2021-04-26,1229,174133,486,80000,740,89246,3,4887,527,36191,699,71295,531,107486,California
Yolo,2021-04-27,1544,175677,725,80725,800,90046,19,4906,604,35876,940,72235,625,108111,California
Yolo,2021-04-28,2051,177728,1011,81736,1013,91059,27,4933,744,35344,1303,73538,771,108882,California
Yolo,2021-04-29,1753,179481,817,82553,854,91913,82,5015,693,35061,1057,74595,774,109656,California
Yolo,2021-04-30,2007,181488,990,83543,959,92872,58,5073,957,35032,1043,75638,1014,110670,California
Yolo,2021-05-01,1288,182776,998,84541,270,93142,20,5093,378,34521,909,76547,398,111068,California
Yolo,2021-05-02,523,183299,430,84971,70,93212,23,5116,326,34673,197,76744,349,111417,California
Yolo,2021-05-03,1121,184420,407,85378,681,93893,33,5149,300,34186,819,77563,332,111749,California
Yolo,2021-05-04,1452,185872,675,86053,754,94647,23,5172,503,33767,945,78508,526,112275,California
Yolo,2021-05-05,1554,187426,426,86479,1063,95710,65,5237,444,33173,1103,79611,509,112784,California
Yolo,2021-05-06,1502,188928,702,87181,719,96429,81,5318,490,32744,1000,80611,571,113355,California
Yolo,2021-05-07,2318,191246,1396,88577,871,97300,51,5369,466,31415,1844,82455,515,113870,California
Yolo,2021-05-08,844,192090,363,88940,424,97724,57,5426,315,31260,526,82981,371,114241,California
Yolo,2021-05-09,393,192483,162,89102,218,97942,13,5439,90,31061,302,83283,103,114344,California
Yolo,2021-05-10,898,193381,353,89455,500,98442,45,5484,151,30511,745,84028,195,114539,California
Yolo,2021-05-11,1148,194529,661,90116,463,98905,24,5508,277,29944,868,84896,301,114840,California
Yolo,2021-05-12,1566,196095,701,90817,834,99739,31,5539,315,29045,1248,86144,349,115189,California
Yolo,2021-05-13,2175,198270,855,91672,1266,101005,54,5593,647,28222,1524,87668,701,115890,California
Yolo,2021-05-14,2036,200306,1519,93191,486,101491,31,5624,1159,28538,874,88542,1190,117080,California
Yolo,2021-05-15,1245,201551,705,93896,493,101984,47,5671,642,28624,603,89145,689,117769,California
Yolo,2021-05-16,1413,202964,1201,95097,206,102190,6,5677,989,29201,418,89563,995,118764,California
Yolo,2021-05-17,1083,204047,393,95490,671,102861,19,5696,316,28773,763,90326,335,119099,California
Yolo,2021-05-18,1689,205736,1107,96597,563,103424,19,5715,913,28934,771,91097,932,120031,California
Yolo,2021-05-19,996,206732,582,97179,378,103802,36,5751,486,28948,508,91605,522,120553,California
Yolo,2021-05-20,1089,207821,690,97869,372,104174,27,5778,390,28672,693,92298,417,120970,California
Yolo,2021-05-21,1425,209246,918,98787,482,104656,25,5803,368,28012,1051,93349,391,121361,California
Yolo,2021-05-22,820,210066,545,99332,268,104924,7,5810,282,27769,532,93881,289,121650,California
Yolo,2021-05-23,618,210684,163,99495,440,105364,15,5825,109,27387,506,94387,124,121774,California
Yolo,2021-05-24,706,211390,347,99842,339,105703,20,5845,219,27143,484,94871,240,122014,California
Yolo,2021-05-25,879,212269,509,100351,348,106051,22,5867,341,26974,532,95403,363,122377,California
Yolo,2021-05-26,805,213074,263,100614,510,106561,32,5899,252,26709,549,95952,284,122661,California
Yolo,2021-05-27,757,213831,379,100993,327,106888,51,5950,303,26613,450,96402,354,123015,California
Yolo,2021-05-28,865,214696,393,101386,444,107332,28,5978,369,26517,492,96894,396,123411,California
Yolo,2021-05-29,593,215289,342,101728,214,107546,37,6015,272,26505,319,97213,307,123718,California
Yolo,2021-05-30,127,215416,70,101798,51,107597,6,6021,54,26494,71,97284,60,123778,California
Yolo,2021-05-31,68,215484,18,101816,48,107645,2,6023,16,26459,52,97336,17,123795,California
Yolo,2021-06-01,748,216232,321,102137,402,108047,25,6048,255,26252,487,97823,280,124075,California
Yolo,2021-06-02,757,216989,302,102439,434,108481,21,6069,236,25992,517,98340,257,124332,California
Yolo,2021-06-03,923,217912,593,103032,307,108788,23,6092,217,25529,703,99043,240,124572,California
Yolo,2021-06-04,1485,219397,1218,104250,246,109034,21,6113,373,24815,1108,100151,394,124966,California
Yolo,2021-06-05,713,220110,546,104796,151,109185,16,6129,168,24455,543,100694,183,125149,California
Yolo,2021-06-06,1109,221219,1042,105838,59,109244,8,6137,181,23717,927,101621,189,125338,California
Yolo,2021-06-07,515,221734,273,106111,218,109462,24,6161,170,23568,341,101962,192,125530,California
Yolo,2021-06-08,1028,222762,800,106911,209,109671,19,6180,195,22950,832,102794,214,125744,California
Yolo,2021-06-09,688,223450,428,107339,233,109904,27,6207,210,22711,476,103270,237,125981,California
Yolo,2021-06-10,364,223814,234,107573,106,110010,24,6231,88,22550,273,103543,112,126093,California
Yuba,2020-12-16,4,4,4,4,0,0,0,0,4,4,0,0,4,4,California
Yuba,2020-12-17,4,8,4,8,0,0,0,0,4,8,0,0,4,8,California
Yuba,2020-12-18,8,16,8,16,0,0,0,0,8,16,0,0,8,16,California
Yuba,2020-12-19,12,28,12,28,0,0,0,0,12,28,0,0,12,28,California
Yuba,2020-12-20,19,47,19,47,0,0,0,0,19,47,0,0,19,47,California
Yuba,2020-12-21,40,87,40,87,0,0,0,0,40,87,0,0,40,87,California
Yuba,2020-12-22,86,173,86,173,0,0,0,0,86,173,0,0,86,173,California
Yuba,2020-12-23,65,238,63,236,2,2,0,0,65,238,0,0,65,238,California
Yuba,2020-12-24,20,258,10,246,10,12,0,0,20,258,0,0,20,258,California
Yuba,2020-12-26,14,272,13,259,1,13,0,0,14,272,0,0,14,272,California
Yuba,2020-12-27,15,287,15,274,0,13,0,0,15,287,0,0,15,287,California
Yuba,2020-12-28,50,337,34,308,16,29,0,0,50,337,0,0,50,337,California
Yuba,2020-12-29,76,413,10,318,66,95,0,0,76,413,0,0,76,413,California
Yuba,2020-12-30,66,479,21,339,45,140,0,0,66,479,0,0,66,479,California
Yuba,2020-12-31,37,516,6,345,31,171,0,0,37,516,0,0,37,516,California
Yuba,2021-01-02,23,539,22,367,1,172,0,0,23,539,0,0,23,539,California
Yuba,2021-01-03,10,549,6,373,4,176,0,0,10,549,0,0,10,549,California
Yuba,2021-01-04,93,642,23,396,70,246,0,0,93,642,0,0,93,642,California
Yuba,2021-01-05,71,713,38,434,33,279,0,0,70,711,1,1,70,712,California
Yuba,2021-01-06,154,867,76,510,78,357,0,0,148,853,6,7,148,860,California
Yuba,2021-01-07,75,942,19,529,56,413,0,0,72,921,4,11,72,932,California
Yuba,2021-01-08,73,1015,24,553,49,462,0,0,66,980,7,18,66,998,California
Yuba,2021-01-09,18,1033,16,569,2,464,0,0,10,982,8,26,10,1008,California
Yuba,2021-01-10,117,1150,22,591,95,559,0,0,95,1055,22,48,95,1103,California
Yuba,2021-01-11,72,1222,50,641,22,581,0,0,32,1047,40,88,32,1135,California
Yuba,2021-01-12,108,1330,79,720,29,610,0,0,43,1025,65,153,43,1178,California
Yuba,2021-01-13,119,1449,72,792,47,657,0,0,54,1015,64,217,54,1232,California
Yuba,2021-01-14,112,1561,43,835,69,726,0,0,100,1103,12,229,100,1332,California
Yuba,2021-01-15,203,1764,87,922,116,842,0,0,192,1284,11,240,192,1524,California
Yuba,2021-01-16,186,1950,21,943,165,1007,0,0,173,1444,13,253,173,1697,California
Yuba,2021-01-17,13,1963,9,952,4,1011,0,0,7,1445,6,259,7,1704,California
Yuba,2021-01-18,61,2024,31,983,30,1041,0,0,37,1458,24,283,37,1741,California
Yuba,2021-01-19,82,2106,32,1015,50,1091,0,0,66,1508,16,299,66,1807,California
Yuba,2021-01-20,137,2243,88,1103,49,1140,0,0,114,1599,23,322,114,1921,California
Yuba,2021-01-21,217,2460,99,1202,118,1258,0,0,209,1800,8,330,209,2130,California
Yuba,2021-01-22,105,2565,6,1208,99,1357,0,0,96,1887,9,339,96,2226,California
Yuba,2021-01-23,201,2766,7,1215,194,1551,0,0,199,2084,2,341,199,2425,California
Yuba,2021-01-24,10,2776,7,1222,3,1554,0,0,8,2090,2,343,8,2433,California
Yuba,2021-01-25,86,2862,30,1252,56,1610,0,0,53,2111,32,375,53,2486,California
Yuba,2021-01-26,148,3010,39,1291,109,1719,0,0,90,2143,58,433,90,2576,California
Yuba,2021-01-27,187,3197,130,1421,57,1776,0,0,118,2192,69,502,118,2694,California
Yuba,2021-01-28,225,3422,89,1510,136,1912,0,0,173,2313,52,554,173,2867,California
Yuba,2021-01-29,152,3574,46,1556,106,2018,0,0,113,2387,39,593,113,2980,California
Yuba,2021-01-30,414,3988,23,1579,391,2409,0,0,403,2779,11,604,403,3383,California
Yuba,2021-01-31,18,4006,12,1591,6,2415,0,0,16,2793,2,606,16,3399,California
Yuba,2021-02-01,156,4162,75,1666,81,2496,0,0,131,2901,24,630,132,3531,California
Yuba,2021-02-02,123,4285,21,1687,102,2598,0,0,101,2980,22,652,101,3632,California
Yuba,2021-02-03,227,4512,30,1717,197,2795,0,0,115,2984,111,763,115,3747,California
Yuba,2021-02-04,294,4806,118,1835,176,2971,0,0,250,3190,44,807,250,3997,California
Yuba,2021-02-05,150,4956,33,1868,117,3088,0,0,73,3186,77,884,73,4070,California
Yuba,2021-02-06,448,5404,23,1891,425,3513,0,0,441,3620,7,891,441,4511,California
Yuba,2021-02-07,19,5423,13,1904,6,3519,0,0,15,3631,4,895,15,4526,California
Yuba,2021-02-08,97,5520,37,1941,60,3579,0,0,68,3670,29,924,68,4594,California
Yuba,2021-02-09,155,5675,57,1998,98,3677,0,0,86,3687,69,993,86,4680,California
Yuba,2021-02-10,361,6036,175,2173,186,3863,0,0,120,3567,240,1233,120,4800,California
Yuba,2021-02-11,398,6434,66,2239,332,4195,0,0,301,3773,95,1328,301,5101,California
Yuba,2021-02-12,264,6698,26,2265,238,4433,0,0,150,3809,114,1442,150,5251,California
Yuba,2021-02-13,434,7132,35,2300,399,4832,0,0,383,4141,51,1493,383,5634,California
Yuba,2021-02-14,51,7183,10,2310,41,4873,0,0,46,4182,5,1498,46,5680,California
Yuba,2021-02-15,88,7271,36,2346,52,4925,0,0,68,4230,20,1518,68,5748,California
Yuba,2021-02-16,199,7470,52,2398,147,5072,0,0,140,4312,58,1576,140,5888,California
Yuba,2021-02-17,380,7850,157,2555,223,5295,0,0,102,4137,277,1853,102,5990,California
Yuba,2021-02-18,314,8164,48,2603,266,5561,0,0,192,4207,122,1975,192,6182,California
Yuba,2021-02-19,226,8390,82,2685,144,5705,0,0,142,4265,84,2059,142,6324,California
Yuba,2021-02-20,391,8781,30,2715,361,6066,0,0,337,4548,54,2113,337,6661,California
Yuba,2021-02-21,17,8798,14,2729,3,6069,0,0,7,4545,10,2123,7,6668,California
Yuba,2021-02-22,128,8926,79,2808,49,6118,0,0,39,4496,88,2211,39,6707,California
Yuba,2021-02-23,116,9042,26,2834,90,6208,0,0,49,4479,66,2277,49,6756,California
Yuba,2021-02-24,485,9527,137,2971,348,6556,0,0,106,4206,379,2656,106,6862,California
Yuba,2021-02-25,340,9867,136,3107,204,6760,0,0,215,4296,125,2781,215,7077,California
Yuba,2021-02-26,264,10131,71,3178,193,6953,0,0,147,4328,115,2896,147,7224,California
Yuba,2021-02-27,470,10601,46,3224,424,7377,0,0,384,4628,84,2980,384,7608,California
Yuba,2021-02-28,69,10670,21,3245,48,7425,0,0,48,4655,21,3001,48,7656,California
Yuba,2021-03-01,162,10832,44,3289,118,7543,0,0,81,4656,80,3081,81,7737,California
Yuba,2021-03-02,163,10995,37,3326,126,7669,0,0,82,4657,81,3162,82,7819,California
Yuba,2021-03-03,631,11626,159,3485,472,8141,0,0,203,4433,427,3589,203,8022,California
Yuba,2021-03-04,471,12097,272,3757,199,8340,0,0,326,4615,144,3733,326,8348,California
Yuba,2021-03-05,322,12419,58,3815,263,8603,1,1,255,4804,67,3800,256,8604,California
Yuba,2021-03-06,474,12893,33,3848,437,9040,4,5,368,5071,105,3905,372,8976,California
Yuba,2021-03-07,52,12945,28,3876,23,9063,1,6,38,5096,14,3919,39,9015,California
Yuba,2021-03-08,161,13106,50,3926,95,9158,16,22,100,5151,61,3980,116,9131,California
Yuba,2021-03-09,176,13282,45,3971,111,9269,20,42,83,5161,93,4073,103,9234,California
Yuba,2021-03-10,742,14024,235,4206,477,9746,30,72,233,4916,508,4581,263,9497,California
Yuba,2021-03-11,440,14464,196,4402,231,9977,13,85,294,5077,146,4727,307,9804,California
Yuba,2021-03-12,462,14926,84,4486,324,10301,54,139,152,4973,310,5037,206,10010,California
Yuba,2021-03-13,459,15385,342,4828,102,10403,15,154,362,5254,96,5133,377,10387,California
Yuba,2021-03-14,107,15492,20,4848,77,10480,10,164,48,5254,58,5191,58,10445,California
Yuba,2021-03-15,193,15685,51,4899,126,10606,16,180,100,5277,93,5284,116,10561,California
Yuba,2021-03-16,300,15985,73,4972,203,10809,24,204,185,5372,114,5398,209,10770,California
Yuba,2021-03-17,748,16733,166,5138,552,11361,30,234,198,5052,548,5946,228,10998,California
Yuba,2021-03-18,583,17316,158,5296,310,11671,115,349,354,5291,229,6175,468,11466,California
Yuba,2021-03-19,330,17646,119,5415,161,11832,50,399,187,5386,142,6317,237,11703,California
Yuba,2021-03-20,559,18205,82,5497,460,12292,17,416,479,5803,79,6396,496,12199,California
Yuba,2021-03-21,62,18267,36,5533,26,12318,0,416,49,5839,13,6409,49,12248,California
Yuba,2021-03-22,194,18461,72,5605,115,12433,7,423,152,5956,42,6451,159,12407,California
Yuba,2021-03-23,266,18727,79,5684,159,12592,28,451,178,6076,86,6537,206,12613,California
Yuba,2021-03-24,768,19495,257,5941,432,13024,79,530,188,5765,578,7115,267,12880,California
Yuba,2021-03-25,511,20006,271,6212,218,13242,22,552,255,5786,256,7371,277,13157,California
Yuba,2021-03-26,397,20403,141,6353,227,13469,29,581,225,5869,171,7542,254,13411,California
Yuba,2021-03-27,460,20863,29,6382,428,13897,3,584,406,6224,53,7595,408,13819,California
Yuba,2021-03-28,101,20964,42,6424,55,13952,4,588,34,6195,67,7662,38,13857,California
Yuba,2021-03-29,298,21262,88,6512,178,14130,32,620,182,6293,116,7778,214,14071,California
Yuba,2021-03-30,277,21539,68,6580,201,14331,8,628,191,6406,86,7864,199,14270,California
Yuba,2021-03-31,678,22217,113,6693,553,14884,12,640,242,6226,434,8298,254,14524,California
Yuba,2021-04-01,623,22840,288,6981,307,15191,28,668,291,6213,332,8630,319,14843,California
Yuba,2021-04-02,505,23345,96,7077,325,15516,84,752,187,6166,317,8947,270,15113,California
Yuba,2021-04-03,657,24002,56,7133,117,15633,484,1236,88,6170,568,9515,572,15685,California
Yuba,2021-04-04,62,24064,11,7144,44,15677,7,1243,33,6181,29,9544,40,15725,California
Yuba,2021-04-05,250,24314,84,7228,145,15822,21,1264,126,6205,122,9666,146,15871,California
Yuba,2021-04-06,353,24667,113,7341,179,16001,61,1325,170,6253,182,9848,230,16101,California
Yuba,2021-04-07,790,25457,409,7750,327,16328,54,1379,358,6235,429,10277,411,16512,California
Yuba,2021-04-08,752,26209,293,8043,194,16522,265,1644,280,6309,471,10748,545,17057,California
Yuba,2021-04-09,407,26616,171,8214,168,16690,68,1712,171,6313,235,10983,239,17296,California
Yuba,2021-04-10,599,27215,72,8286,78,16768,449,2161,71,6306,526,11509,519,17815,California
Yuba,2021-04-11,109,27324,28,8314,69,16837,12,2173,47,6304,61,11570,59,17874,California
Yuba,2021-04-12,213,27537,46,8360,137,16974,30,2203,79,6280,133,11703,109,17983,California
Yuba,2021-04-13,400,27937,103,8463,297,17271,0,2203,203,6287,196,11899,203,18186,California
Yuba,2021-04-14,718,28655,110,8573,608,17879,0,2203,124,5833,592,12491,138,18324,California
Yuba,2021-04-15,343,28998,133,8706,210,18089,0,2203,151,5792,192,12683,151,18475,California
Yuba,2021-04-16,335,29333,96,8802,239,18328,0,2203,178,5814,156,12839,178,18653,California
Yuba,2021-04-17,407,29740,60,8862,347,18675,0,2203,333,6074,73,12912,333,18986,California
Yuba,2021-04-18,55,29795,10,8872,45,18720,0,2203,25,6069,30,12942,25,19011,California
Yuba,2021-04-19,249,30044,105,8977,144,18864,0,2203,104,6028,145,13087,104,19115,California
Yuba,2021-04-20,321,30365,81,9058,240,19104,0,2203,180,6069,140,13227,181,19296,California
Yuba,2021-04-21,698,31063,279,9337,419,19523,0,2203,295,5961,403,13630,295,19591,California
Yuba,2021-04-22,362,31425,138,9475,224,19747,0,2203,203,6005,159,13789,203,19794,California
Yuba,2021-04-23,352,31777,115,9590,237,19984,0,2203,167,5989,183,13972,167,19961,California
Yuba,2021-04-24,214,31991,67,9657,147,20131,0,2203,120,6015,94,14066,120,20081,California
Yuba,2021-04-25,73,32064,30,9687,43,20174,0,2203,36,6014,37,14103,36,20117,California
Yuba,2021-04-26,238,32302,57,9744,177,20351,4,2207,108,5996,130,14233,112,20229,California
Yuba,2021-04-27,482,32784,163,9907,309,20660,10,2217,240,6006,240,14473,250,20479,California
Yuba,2021-04-28,434,33218,175,10082,254,20914,5,2222,149,5881,279,14752,154,20633,California
Yuba,2021-04-29,438,33656,71,10153,366,21280,1,2223,152,5749,285,15037,153,20786,California
Yuba,2021-04-30,325,33981,90,10243,205,21485,30,2253,138,5732,185,15222,168,20954,California
Yuba,2021-05-01,206,34187,91,10334,96,21581,19,2272,92,5730,113,15335,111,21065,California
Yuba,2021-05-02,73,34260,43,10377,26,21607,4,2276,38,5737,35,15370,42,21107,California
Yuba,2021-05-03,163,34423,65,10442,90,21697,8,2284,52,5688,109,15479,60,21167,California
Yuba,2021-05-04,326,34749,94,10536,211,21908,21,2305,147,5677,179,15658,168,21335,California
Yuba,2021-05-05,315,35064,77,10613,231,22139,7,2312,112,5593,203,15861,119,21454,California
Yuba,2021-05-06,278,35342,102,10715,137,22276,39,2351,91,5539,184,16045,130,21584,California
Yuba,2021-05-07,357,35699,91,10806,238,22514,28,2379,120,5449,237,16282,147,21731,California
Yuba,2021-05-08,107,35806,32,10838,70,22584,5,2384,46,5439,61,16343,51,21782,California
Yuba,2021-05-09,52,35858,23,10861,26,22610,3,2387,37,5464,15,16358,40,21822,California
Yuba,2021-05-10,172,36030,56,10917,98,22708,18,2405,54,5419,117,16475,72,21894,California
Yuba,2021-05-11,383,36413,173,11090,197,22905,13,2418,146,5342,235,16710,158,22052,California
Yuba,2021-05-12,273,36686,142,11232,124,23029,7,2425,114,5304,159,16869,121,22173,California
Yuba,2021-05-13,363,37049,197,11429,123,23152,43,2468,116,5218,245,17114,159,22332,California
Yuba,2021-05-14,370,37419,140,11569,209,23361,21,2489,160,5188,210,17324,180,22512,California
Yuba,2021-05-15,435,37854,110,11679,304,23665,21,2510,111,4997,322,17646,131,22643,California
Yuba,2021-05-16,141,37995,44,11723,88,23753,9,2519,85,5036,55,17701,94,22737,California
Yuba,2021-05-17,215,38210,90,11813,105,23858,20,2539,93,5029,120,17821,113,22850,California
Yuba,2021-05-18,389,38599,160,11973,220,24078,9,2548,166,4981,223,18044,175,23025,California
Yuba,2021-05-19,261,38860,144,12117,111,24189,6,2554,135,4996,126,18170,141,23166,California
Yuba,2021-05-20,421,39281,295,12412,114,24303,12,2566,263,5114,157,18327,275,23441,California
Yuba,2021-05-21,513,39794,270,12682,235,24538,8,2574,314,5239,197,18524,322,23763,California
Yuba,2021-05-22,226,40020,121,12803,95,24633,10,2584,93,5209,133,18657,103,23866,California
Yuba,2021-05-23,67,40087,34,12837,31,24664,2,2586,36,5216,31,18688,38,23904,California
Yuba,2021-05-24,154,40241,47,12884,90,24754,17,2603,44,5168,109,18797,61,23965,California
Yuba,2021-05-25,314,40555,108,12992,190,24944,16,2619,115,5101,198,18995,131,24096,California
Yuba,2021-05-26,231,40786,100,13092,117,25061,14,2633,90,5065,140,19135,104,24200,California
Yuba,2021-05-27,248,41034,76,13168,160,25221,12,2645,109,5048,138,19273,121,24321,California
Yuba,2021-05-28,245,41279,113,13281,130,25351,2,2647,124,5055,119,19392,126,24447,California
Yuba,2021-05-29,161,41440,65,13346,74,25425,22,2669,92,5101,68,19460,114,24561,California
Yuba,2021-05-30,50,41490,20,13366,25,25450,5,2674,20,5096,30,19490,25,24586,California
Yuba,2021-05-31,31,41521,3,13369,21,25471,7,2681,11,5094,20,19510,18,24604,California
Yuba,2021-06-01,245,41766,106,13475,132,25603,7,2688,86,5031,155,19665,92,24696,California
Yuba,2021-06-02,199,41965,79,13554,113,25716,7,2695,63,4966,135,19800,70,24766,California
Yuba,2021-06-03,175,42140,101,13655,69,25785,5,2700,64,4924,111,19911,69,24835,California
Yuba,2021-06-04,248,42388,122,13777,115,25900,11,2711,81,4849,167,20078,92,24927,California
Yuba,2021-06-05,194,42582,148,13925,42,25942,4,2715,90,4840,103,20181,94,25021,California
Yuba,2021-06-06,106,42688,89,14014,13,25955,4,2719,22,4783,83,20264,26,25047,California
Yuba,2021-06-07,116,42804,51,14065,51,26006,14,2733,37,4755,79,20343,51,25098,California
Yuba,2021-06-08,232,43036,108,14173,118,26124,6,2739,71,4673,159,20502,77,25175,California
Yuba,2021-06-09,139,43175,83,14256,50,26174,6,2745,55,4651,83,20585,61,25236,California
Yuba,2021-06-10,263,43438,215,14471,44,26218,4,2749,43,4480,218,20803,47,25283,California
