county,administered_date,total_doses,cumulative_total_doses,pfizer_doses,cumulative_pfizer_doses,moderna_doses,cumulative_moderna_doses,jj_doses,cumulative_jj_doses,partially_vaccinated,total_partially_vaccinated,fully_vaccinated,cumulative_fully_vaccinated,at_least_one_dose,cumulative_at_least_one_dose,california_flag
All CA Counties,2020-12-15,1127,1127,1127,1127,0,0,0,0,1127,1127,0,0,1127,1127,
All CA Counties,2020-12-16,8233,9360,8233,9360,0,0,0,0,8233,9360,0,0,8233,9360,
All CA Counties,2020-12-17,25844,35204,25844,35204,0,0,0,0,25880,35240,0,0,25880,35240,
All CA Counties,2020-12-18,43943,79147,43865,79069,78,78,0,0,43993,79232,1,1,43993,79233,
All CA Counties,2020-12-19,25374,104521,25354,104423,20,98,0,0,25372,104602,2,3,25372,104605,
All CA Counties,2020-12-20,18941,123462,18914,123337,27,125,0,0,18940,123541,1,4,18940,123545,
All CA Counties,2020-12-21,49525,172987,49441,172778,84,209,0,0,49564,173103,2,6,49564,173109,
All CA Counties,2020-12-22,49891,222878,47751,220529,2140,2349,0,0,49890,222992,1,7,49890,222999,
All CA Counties,2020-12-23,50134,273012,41449,261978,8685,11034,0,0,50130,273122,0,7,50130,273129,
All CA Counties,2020-12-24,23949,296961,16275,278253,7674,18708,0,0,23945,297065,2,9,23945,297074,
All CA Counties,2020-12-25,2304,299265,1985,280238,319,19027,0,0,2303,299367,1,10,2303,299377,
All CA Counties,2020-12-26,14562,313827,9395,289633,5167,24194,0,0,14560,313926,1,11,14560,313937,
All CA Counties,2020-12-27,9323,323150,5538,295171,3785,27979,0,0,9322,323247,1,12,9322,323259,
All CA Counties,2020-12-28,45494,368644,29157,324328,16337,44316,0,0,45491,368736,2,14,45491,368750,
All CA Counties,2020-12-29,50857,419501,28454,352782,22403,66719,0,0,50853,419586,3,17,50853,419603,
All CA Counties,2020-12-30,62686,482187,35504,388286,27182,93901,0,0,62679,482263,2,19,62679,482282,
All CA Counties,2020-12-31,29065,511252,10717,399003,18348,112249,0,0,29059,511318,4,23,29059,511341,
All CA Counties,2021-01-01,3652,514904,1599,400602,2053,114302,0,0,3649,514966,1,24,3649,514990,
All CA Counties,2021-01-02,18319,533223,10154,410756,8165,122467,0,0,18318,533284,0,24,18318,533308,
All CA Counties,2021-01-03,6073,539296,3440,414196,2633,125100,0,0,6047,539319,12,36,6047,539355,
All CA Counties,2021-01-04,43158,582454,21823,436019,21335,146435,0,0,43076,582347,48,84,43076,582431,
All CA Counties,2021-01-05,56017,638471,29540,465559,26477,172912,0,0,50577,627591,5373,5457,50617,633048,
All CA Counties,2021-01-06,72680,711151,40293,505852,32387,205299,0,0,57376,669879,15118,20575,57406,690454,
All CA Counties,2021-01-07,91193,802344,51821,557673,39372,244671,0,0,60837,700589,30196,50771,60906,751360,
All CA Counties,2021-01-08,105984,908328,64025,621698,41959,286630,0,0,64892,724591,40962,91733,64964,816324,
All CA Counties,2021-01-09,43511,951839,25042,646740,18469,305099,0,0,27447,736024,16043,107776,27476,843800,
All CA Counties,2021-01-10,23995,975834,14649,661389,9346,314445,0,0,12906,737875,11073,118849,12924,856724,
All CA Counties,2021-01-11,103001,1078835,68333,729722,34668,349113,0,0,60009,755001,42956,161805,60082,916806,
All CA Counties,2021-01-12,111976,1190811,66156,795878,45820,394933,0,0,71205,785662,40700,202505,71361,988167,
All CA Counties,2021-01-13,118113,1308924,61202,857080,56911,451844,0,0,84605,836939,33420,235925,84697,1072864,
All CA Counties,2021-01-14,122377,1431301,49072,906152,73305,525149,0,0,103025,920851,19243,255168,103155,1176019,
All CA Counties,2021-01-15,141217,1572518,52387,958539,88830,613979,0,0,125967,1031843,15144,270312,126136,1302155,
All CA Counties,2021-01-16,80680,1653198,27564,986103,53116,667095,0,0,73016,1097258,7642,277954,73057,1375212,
All CA Counties,2021-01-17,48042,1701240,16705,1002808,31337,698432,0,0,44441,1138137,3595,281549,44474,1419686,
All CA Counties,2021-01-18,87706,1788946,45671,1048479,42035,740467,0,0,68460,1187554,19172,300721,68589,1488275,
All CA Counties,2021-01-19,140461,1929407,73054,1121533,67407,807874,0,0,109555,1266630,30819,331540,109895,1598170,
All CA Counties,2021-01-20,157444,2086851,79806,1201339,77638,885512,0,0,124545,1358661,32734,364274,124765,1722935,
All CA Counties,2021-01-21,171367,2258218,75953,1277292,95414,980926,0,0,152587,1492954,18582,382856,152875,1875810,
All CA Counties,2021-01-22,168243,2426461,68766,1346058,99477,1080403,0,0,153946,1632847,14175,397031,154068,2029878,
All CA Counties,2021-01-23,110683,2537144,49242,1395300,61441,1141844,0,0,98283,1718865,12345,409376,98363,2128241,
All CA Counties,2021-01-24,60703,2597847,29287,1424587,31416,1173260,0,0,56048,1770321,4628,414004,56084,2184325,
All CA Counties,2021-01-25,142985,2740832,64460,1489047,78525,1251785,0,0,108618,1845118,34262,448266,109059,2293384,
All CA Counties,2021-01-26,166245,2907077,81616,1570663,84629,1336414,0,0,129314,1937915,36787,485053,129584,2422968,
All CA Counties,2021-01-27,177482,3084559,86680,1657343,90802,1427216,0,0,138981,2038916,38117,523170,139118,2562086,
All CA Counties,2021-01-28,185431,3269990,85064,1742407,100367,1527583,0,0,151868,2157689,33260,556430,152033,2714119,
All CA Counties,2021-01-29,181434,3451424,87088,1829495,94346,1621929,0,0,147450,2271851,33425,589855,147587,2861706,
All CA Counties,2021-01-30,121652,3573076,53988,1883483,67664,1689593,0,0,107504,2365489,14001,603856,107639,2969345,
All CA Counties,2021-01-31,69681,3642757,39451,1922934,30230,1719823,0,0,63682,2423288,5928,609784,63727,3033072,
All CA Counties,2021-02-01,156828,3799585,71888,1994822,84940,1804763,0,0,118940,2504711,37747,647531,119170,3152242,
All CA Counties,2021-02-02,183300,3982885,78381,2073203,104919,1909682,0,0,137863,2597678,45163,692694,138130,3290372,
All CA Counties,2021-02-03,208233,4191118,93721,2166924,114512,2024194,0,0,154982,2700085,52797,745491,155204,3445576,
All CA Counties,2021-02-04,225731,4416849,98856,2265780,126875,2151069,0,0,165642,2806473,59563,805054,165951,3611527,
All CA Counties,2021-02-05,244141,4660990,105748,2371528,138393,2289462,0,0,166248,2896129,77142,882196,166798,3778325,
All CA Counties,2021-02-06,153800,4814790,74226,2445754,79574,2369036,0,0,119404,2981758,34233,916429,119862,3898187,
All CA Counties,2021-02-07,65556,4880346,42208,2487962,23348,2392384,0,0,49269,3015282,16206,932635,49730,3947917,
All CA Counties,2021-02-08,178714,5059060,87558,2575520,91156,2483540,0,0,118027,3073734,60280,992915,118732,4066649,
All CA Counties,2021-02-09,208453,5267513,100832,2676352,107621,2591161,0,0,125025,3116772,83104,1076019,126142,4192791,
All CA Counties,2021-02-10,245676,5513189,118829,2795181,126847,2718008,0,0,137019,3147291,107905,1183924,138424,4331215,
All CA Counties,2021-02-11,259897,5773086,128788,2923969,131109,2849117,0,0,142409,3174990,116497,1300421,144196,4475411,
All CA Counties,2021-02-12,269413,6042499,117897,3041866,151516,3000633,0,0,145680,3199940,123045,1423466,147995,4623406,
All CA Counties,2021-02-13,164894,6207393,75868,3117734,89026,3089659,0,0,90960,3219314,73547,1497013,92921,4716327,
All CA Counties,2021-02-14,94099,6301492,46650,3164384,47449,3137108,0,0,50893,3228731,43076,1540089,52493,4768820,
All CA Counties,2021-02-15,140215,6441707,61586,3225970,78629,3215737,0,0,77717,3247385,62185,1602274,80839,4849659,
All CA Counties,2021-02-16,245187,6686894,116590,3342560,128597,3344334,0,0,131637,3269032,113232,1715506,134879,4984538,
All CA Counties,2021-02-17,254413,6941307,126544,3469104,127869,3472203,0,0,127371,3273106,126595,1842101,130669,5115207,
All CA Counties,2021-02-18,267551,7208858,139411,3608515,128140,3600343,0,0,130061,3270608,136849,1978950,134351,5249558,
All CA Counties,2021-02-19,248603,7457461,144397,3752912,104206,3704549,0,0,129417,3283569,118779,2097729,131740,5381298,
All CA Counties,2021-02-20,149338,7606799,95979,3848891,53359,3757908,0,0,82615,3301707,66520,2164249,84658,5465956,
All CA Counties,2021-02-21,68311,7675110,54702,3903593,13609,3771517,0,0,34262,3303466,33887,2198136,35646,5501602,
All CA Counties,2021-02-22,160932,7836042,107934,4011527,52998,3824515,0,0,82019,3308610,78640,2276776,83784,5585386,
All CA Counties,2021-02-23,219163,8055205,115643,4127170,103520,3928035,0,0,102870,3301741,115818,2392594,108949,5694335,
All CA Counties,2021-02-24,278695,8333900,140731,4267901,137964,4065999,0,0,134627,3300583,143558,2536152,142400,5836735,
All CA Counties,2021-02-25,312172,8646072,153491,4421392,158681,4224680,0,0,164105,3326046,147470,2683622,172933,6009668,
All CA Counties,2021-02-26,345791,8991863,161796,4583188,183995,4408675,0,0,193465,3375516,151543,2835165,201013,6210681,
All CA Counties,2021-02-27,243853,9235716,116079,4699267,127767,4536442,7,7,138015,3412862,105339,2940504,142685,6353366,
All CA Counties,2021-02-28,127921,9363637,76209,4775476,51711,4588153,1,8,75855,3439899,51786,2992290,78823,6432189,
All CA Counties,2021-03-01,232526,9596163,123105,4898581,109401,4697554,20,28,134840,3481756,97166,3089456,139023,6571212,
All CA Counties,2021-03-02,261925,9858088,128014,5026595,133900,4831454,11,39,158753,3544945,102748,3192204,165937,6737149,
All CA Counties,2021-03-03,307032,10165120,152091,5178686,154917,4986371,24,63,173498,3592962,132938,3325142,180955,6918104,
All CA Counties,2021-03-04,312179,10477299,157946,5336632,154161,5140532,72,135,183489,3655490,128110,3453252,190638,7108742,
All CA Counties,2021-03-05,293436,10770735,144829,5481461,147557,5288089,1050,1185,182634,3736418,110130,3563382,191058,7299800,
All CA Counties,2021-03-06,226566,10997301,117515,5598976,101656,5389745,7395,8580,142218,3806894,84024,3647406,154500,7454300,
All CA Counties,2021-03-07,119558,11116859,73538,5672514,42121,5431866,3899,12479,76119,3847441,43305,3690711,83852,7538152,
All CA Counties,2021-03-08,202865,11319724,98532,5771046,95020,5526886,9313,21792,132304,3923794,70298,3761009,146651,7684803,
All CA Counties,2021-03-09,251756,11571480,108597,5879643,127966,5654852,15193,36985,137828,3967502,113572,3874581,157280,7842083,
All CA Counties,2021-03-10,292680,11864160,145191,6024834,126091,5780943,21398,58383,157801,4016715,134384,4008965,183597,8025680,
All CA Counties,2021-03-11,343821,12207981,164235,6189069,150773,5931716,28813,87196,176784,4060613,166319,4175284,210217,8235897,
All CA Counties,2021-03-12,340734,12548715,152655,6341724,148260,6079976,39819,127015,165432,4095520,174734,4350018,209641,8445538,
All CA Counties,2021-03-13,238725,12787440,108705,6450429,102350,6182326,27670,154685,127686,4144779,110719,4460737,159978,8605516,
All CA Counties,2021-03-14,133016,12920456,74901,6525330,43833,6226159,14282,168967,72752,4174099,60068,4520805,89388,8694904,
All CA Counties,2021-03-15,281877,13202333,134455,6659785,127496,6353655,19926,188893,155344,4227033,125965,4646770,178899,8873803,
All CA Counties,2021-03-16,356729,13559062,169501,6829286,170516,6524171,16712,205605,210192,4311394,145904,4792674,230265,9104068,
All CA Counties,2021-03-17,359376,13918438,181188,7010474,161201,6685372,16987,222592,222260,4416972,136496,4929170,242074,9346142,
All CA Counties,2021-03-18,330518,14248956,170828,7181302,144198,6829570,15492,238084,196855,4498737,132869,5062039,214634,9560776,
All CA Counties,2021-03-19,340627,14589583,180866,7362168,142217,6971787,17544,255628,200027,4578421,139898,5201937,219582,9780358,
All CA Counties,2021-03-20,221825,14811408,111373,7473541,98617,7070404,11835,267463,147087,4664508,74296,5276233,160383,9940741,
All CA Counties,2021-03-21,137913,14949321,94501,7568042,36144,7106548,7268,274731,90278,4716161,47418,5323651,99071,10039812,
All CA Counties,2021-03-22,264711,15214032,154495,7722537,99555,7206103,10661,285392,177080,4820201,87070,5410721,191110,10230922,
All CA Counties,2021-03-23,344649,15558681,190132,7912669,144458,7350561,10059,295451,226052,4941607,117843,5528564,239249,10470171,
All CA Counties,2021-03-24,374712,15933393,216241,8128910,146935,7497496,11536,306987,225590,5034720,148225,5676789,241338,10711509,
All CA Counties,2021-03-25,398892,16332285,220057,8348967,165882,7663378,12953,319940,233308,5123399,164558,5841347,253237,10964746,
All CA Counties,2021-03-26,418172,16750457,223052,8572019,179723,7843101,15397,335337,233827,5199282,183397,6024744,259280,11224026,
All CA Counties,2021-03-27,298880,17049337,158525,8730544,129357,7972458,10998,346335,152940,5225073,145309,6170053,171100,11395126,
All CA Counties,2021-03-28,163962,17213299,104881,8835425,55566,8028024,3515,349850,90048,5247533,73659,6243712,96119,11491245,
All CA Counties,2021-03-29,296876,17510175,159712,8995137,129099,8157123,8065,357915,172398,5308214,123896,6367608,184577,11675822,
All CA Counties,2021-03-30,377406,17887581,192833,9187970,169599,8326722,14974,372889,236931,5424187,139934,6507542,255907,11931729,
All CA Counties,2021-03-31,406657,18294238,221798,9409768,165033,8491755,19826,392715,240065,5524256,165829,6673371,265898,12197627,
All CA Counties,2021-04-01,458788,18753026,235627,9645395,187359,8679114,35802,428517,261814,5636321,196204,6869575,308269,12505896,
All CA Counties,2021-04-02,437917,19190943,215551,9860946,184016,8863130,38350,466867,247288,5745659,189699,7059274,299037,12804933,
All CA Counties,2021-04-03,306314,19497257,155242,10016188,114481,8977611,36591,503458,159661,5805510,146188,7205462,206039,13010972,
All CA Counties,2021-04-04,121686,19618943,62300,10078488,42637,9020248,16749,520207,56335,5814979,65202,7270664,74671,13085643,
All CA Counties,2021-04-05,217977,19836920,111227,10189715,82887,9103135,23863,544070,108511,5841062,109168,7379832,135251,13220894,
All CA and Non-CA Counties,2020-12-15,1134,1134,1134,1134,0,0,0,0,1134,1134,0,0,1134,1134,
All CA and Non-CA Counties,2020-12-16,8366,9500,8366,9500,0,0,0,0,8366,9500,0,0,8366,9500,
All CA and Non-CA Counties,2020-12-17,27414,36914,27414,36914,0,0,0,0,27414,36914,0,0,27414,36914,
All CA and Non-CA Counties,2020-12-18,46393,83307,46311,83225,82,82,0,0,46392,83305,1,1,46392,83306,
All CA and Non-CA Counties,2020-12-19,26380,109687,26359,109584,21,103,0,0,26378,109681,2,3,26378,109684,
All CA and Non-CA Counties,2020-12-20,19591,129278,19563,129147,28,131,0,0,19590,129270,1,4,19590,129274,
All CA and Non-CA Counties,2020-12-21,51662,180940,51578,180725,84,215,0,0,51659,180927,2,6,51659,180933,
All CA and Non-CA Counties,2020-12-22,51850,232790,49676,230401,2174,2389,0,0,51849,232775,1,7,51849,232782,
All CA and Non-CA Counties,2020-12-23,51561,284351,42762,273163,8799,11188,0,0,51557,284332,0,7,51557,284339,
All CA and Non-CA Counties,2020-12-24,24758,309109,16890,290053,7868,19056,0,0,24754,309084,2,9,24754,309093,
All CA and Non-CA Counties,2020-12-25,2337,311446,2014,292067,323,19379,0,0,2336,311419,1,10,2336,311429,
All CA and Non-CA Counties,2020-12-26,14872,326318,9600,301667,5272,24651,0,0,14870,326288,1,11,14870,326299,
All CA and Non-CA Counties,2020-12-27,9514,335832,5610,307277,3904,28555,0,0,9513,335800,1,12,9513,335812,
All CA and Non-CA Counties,2020-12-28,46897,382729,30043,337320,16854,45409,0,0,46894,382692,2,14,46894,382706,
All CA and Non-CA Counties,2020-12-29,52322,435051,29395,366715,22927,68336,0,0,52318,435007,3,17,52318,435024,
All CA and Non-CA Counties,2020-12-30,64601,499652,36756,403471,27845,96181,0,0,64595,499600,2,19,64595,499619,
All CA and Non-CA Counties,2020-12-31,30136,529788,11307,414778,18829,115010,0,0,30129,529725,4,23,30129,529748,
All CA and Non-CA Counties,2021-01-01,3758,533546,1620,416398,2138,117148,0,0,3755,533479,1,24,3755,533503,
All CA and Non-CA Counties,2021-01-02,18562,552108,10290,426688,8272,125420,0,0,18560,552038,1,25,18560,552063,
All CA and Non-CA Counties,2021-01-03,6251,558359,3537,430225,2714,128134,0,0,6225,558251,12,37,6225,558288,
All CA and Non-CA Counties,2021-01-04,44289,602648,22329,452554,21960,150094,0,0,44201,602403,49,86,44201,602489,
All CA and Non-CA Counties,2021-01-05,57471,660119,30301,482855,27170,177264,0,0,51894,648828,5509,5595,51934,654423,
All CA and Non-CA Counties,2021-01-06,75259,735378,41830,524685,33429,210693,0,0,59279,692337,15801,21396,59310,713733,
All CA and Non-CA Counties,2021-01-07,95366,830744,54411,579096,40955,251648,0,0,63370,723951,31835,53231,63449,777182,
All CA and Non-CA Counties,2021-01-08,110273,941017,66735,645831,43538,295186,0,0,67435,748767,42699,95930,67515,844697,
All CA and Non-CA Counties,2021-01-09,44856,985873,25586,671417,19270,314456,0,0,28463,760890,16371,112301,28494,873191,
All CA and Non-CA Counties,2021-01-10,24290,1010163,14828,686245,9462,323918,0,0,13080,762794,11194,123495,13098,886289,
All CA and Non-CA Counties,2021-01-11,106287,1116450,70308,756553,35979,359897,0,0,61978,780572,44274,167769,62052,948341,
All CA and Non-CA Counties,2021-01-12,115802,1232252,68433,824986,47369,407266,0,0,73541,812087,42185,209954,73700,1022041,
All CA and Non-CA Counties,2021-01-13,121692,1353944,62964,887950,58728,465994,0,0,87061,864696,34549,244503,87158,1109199,
All CA and Non-CA Counties,2021-01-14,126103,1480047,50317,938267,75786,541780,0,0,106137,951114,19855,264358,106273,1215472,
All CA and Non-CA Counties,2021-01-15,145327,1625374,53325,991592,92002,633782,0,0,129633,1065336,15586,279944,129808,1345280,
All CA and Non-CA Counties,2021-01-16,83258,1708632,27915,1019507,55343,689125,0,0,75432,1133008,7801,287745,75473,1420753,
All CA and Non-CA Counties,2021-01-17,48499,1757131,16851,1036358,31648,720773,0,0,44842,1174233,3650,291395,44875,1465628,
All CA and Non-CA Counties,2021-01-18,88881,1846012,46479,1082837,42402,763175,0,0,69161,1223879,19645,311040,69291,1534919,
All CA and Non-CA Counties,2021-01-19,144480,1990492,74367,1157204,70113,833288,0,0,112728,1305284,31664,342704,113069,1647988,
All CA and Non-CA Counties,2021-01-20,161867,2152359,81219,1238423,80648,913936,0,0,128048,1399903,33651,376355,128270,1776258,
All CA and Non-CA Counties,2021-01-21,175433,2327792,76989,1315412,98444,1012380,0,0,156136,1537244,19086,395441,156427,1932685,
All CA and Non-CA Counties,2021-01-22,172845,2500637,69810,1385222,103035,1115415,0,0,158143,1680937,14574,410015,158267,2090952,
All CA and Non-CA Counties,2021-01-23,112941,2613578,49574,1434796,63367,1178782,0,0,100372,1768876,12513,422528,100452,2191404,
All CA and Non-CA Counties,2021-01-24,61417,2674995,29628,1464424,31789,1210571,0,0,56679,1820879,4712,427240,56715,2248119,
All CA and Non-CA Counties,2021-01-25,147443,2822438,66417,1530841,81026,1291597,0,0,112241,1898458,35110,462350,112689,2360808,
All CA and Non-CA Counties,2021-01-26,172494,2994932,84874,1615715,87620,1379217,0,0,134764,1995897,37608,499958,135047,2495855,
All CA and Non-CA Counties,2021-01-27,182502,3177434,89670,1705385,92832,1472049,0,0,143456,2100809,38683,538641,143595,2639450,
All CA and Non-CA Counties,2021-01-28,190709,3368143,88196,1793581,102513,1574562,0,0,156661,2223868,33767,572408,156826,2796276,
All CA and Non-CA Counties,2021-01-29,186202,3554345,90194,1883775,96008,1670570,0,0,151516,2341384,34137,606545,151653,2947929,
All CA and Non-CA Counties,2021-01-30,125846,3680191,56501,1940276,69345,1739915,0,0,111486,2438787,14218,620763,111621,3059550,
All CA and Non-CA Counties,2021-01-31,73145,3753336,42627,1982903,30518,1770433,0,0,67067,2499895,6007,626770,67115,3126665,
All CA and Non-CA Counties,2021-02-01,162676,3916012,74845,2057748,87831,1858264,0,0,124131,2585854,38404,665174,124363,3251028,
All CA and Non-CA Counties,2021-02-02,190653,4106665,81181,2138929,109472,1967736,0,0,144507,2684771,45861,711035,144778,3395806,
All CA and Non-CA Counties,2021-02-03,216176,4322841,96563,2235492,119613,2087349,0,0,162110,2793504,53601,764636,162334,3558140,
All CA and Non-CA Counties,2021-02-04,232966,4555807,101642,2337134,131324,2218673,0,0,171939,2905265,60490,825126,172251,3730391,
All CA and Non-CA Counties,2021-02-05,250738,4806545,107918,2445052,142820,2361493,0,0,171856,2999532,78139,903265,172406,3902797,
All CA and Non-CA Counties,2021-02-06,158300,4964845,76575,2521627,81725,2443218,0,0,123475,3088810,34657,937922,123935,4026732,
All CA and Non-CA Counties,2021-02-07,68430,5033275,44629,2566256,23801,2467019,0,0,52063,3125051,16286,954208,52527,4079259,
All CA and Non-CA Counties,2021-02-08,184577,5217852,91376,2657632,93201,2560220,0,0,122777,3187158,61378,1015586,123485,4202744,
All CA and Non-CA Counties,2021-02-09,213236,5431088,103140,2760772,110096,2670316,0,0,128489,3232370,84408,1099994,129620,4332364,
All CA and Non-CA Counties,2021-02-10,251614,5682702,121048,2881820,130566,2800882,0,0,140589,3264148,110265,1210259,142043,4474407,
All CA and Non-CA Counties,2021-02-11,264784,5947486,130957,3012777,133827,2934709,0,0,146094,3294356,117692,1327951,147900,4622307,
All CA and Non-CA Counties,2021-02-12,274066,6221552,119541,3132318,154525,3089234,0,0,148673,3320651,124701,1452652,150996,4773303,
All CA and Non-CA Counties,2021-02-13,167186,6388738,76500,3208818,90686,3179920,0,0,92795,3341419,73999,1526651,94767,4868070,
All CA and Non-CA Counties,2021-02-14,95567,6484305,47115,3255933,48452,3228372,0,0,52080,3351783,43352,1570003,53716,4921786,
All CA and Non-CA Counties,2021-02-15,142780,6627085,63180,3319113,79600,3307972,0,0,78915,3370323,63535,1633538,82075,5003861,
All CA and Non-CA Counties,2021-02-16,251615,6878700,119556,3438669,132059,3440031,0,0,134194,3390677,117097,1750635,137451,5141312,
All CA and Non-CA Counties,2021-02-17,260208,7138908,129415,3568084,130793,3570824,0,0,129129,3392486,130624,1881259,132433,5273745,
All CA and Non-CA Counties,2021-02-18,273771,7412679,143089,3711173,130682,3701506,0,0,131946,3387559,141170,2022429,136243,5409988,
All CA and Non-CA Counties,2021-02-19,253982,7666661,148147,3859320,105835,3807341,0,0,131426,3399163,122149,2144578,133753,5543741,
All CA and Non-CA Counties,2021-02-20,152559,7819220,98674,3957994,53885,3861226,0,0,83781,3416418,68571,2213149,85826,5629567,
All CA and Non-CA Counties,2021-02-21,70127,7889347,56307,4014301,13820,3875046,0,0,34880,3417597,35085,2248234,36264,5665831,
All CA and Non-CA Counties,2021-02-22,163678,8053025,109861,4124162,53817,3928863,0,0,83010,3421983,80396,2328630,84782,5750613,
All CA and Non-CA Counties,2021-02-23,224298,8277323,118216,4242378,106082,4034945,0,0,104464,3413181,119355,2447985,110553,5861166,
All CA and Non-CA Counties,2021-02-24,284076,8561399,143419,4385797,140657,4175602,0,0,136224,3409845,147339,2595324,144003,6005169,
All CA and Non-CA Counties,2021-02-25,318081,8879480,156104,4541901,161977,4337579,0,0,166284,3433786,151180,2746504,175121,6180290,
All CA and Non-CA Counties,2021-02-26,351924,9231404,164888,4706789,187036,4524615,0,0,196051,3482378,155012,2901516,203604,6383894,
All CA and Non-CA Counties,2021-02-27,248471,9479875,118396,4825185,130067,4654682,8,8,139320,3517732,108640,3010156,143994,6527888,
All CA and Non-CA Counties,2021-02-28,130656,9610531,78293,4903478,52362,4707044,1,9,76952,3544236,53419,3063575,79923,6607811,
All CA and Non-CA Counties,2021-03-01,237180,9847711,126190,5029668,110970,4818014,20,29,136106,3583994,100543,3164118,140301,6748112,
All CA and Non-CA Counties,2021-03-02,268078,10115789,130084,5159752,137983,4955997,11,40,160569,3644749,107089,3271207,167844,6915956,
All CA and Non-CA Counties,2021-03-03,313958,10429747,154425,5314177,159508,5115505,25,65,175381,3689599,137998,3409205,182848,7098804,
All CA and Non-CA Counties,2021-03-04,318467,10748214,160444,5474621,157950,5273455,73,138,185565,3750023,132311,3541516,192735,7291539,
All CA and Non-CA Counties,2021-03-05,297945,11046159,146773,5621394,150106,5423561,1066,1204,184985,3831151,112311,3653827,193439,7484978,
All CA and Non-CA Counties,2021-03-06,230883,11277042,119339,5740733,103977,5527538,7567,8771,144384,3901898,86171,3739998,156918,7641896,
All CA and Non-CA Counties,2021-03-07,121238,11398280,74599,5815332,42672,5570210,3967,12738,77157,3942934,43947,3783945,84983,7726879,
All CA and Non-CA Counties,2021-03-08,205813,11604093,100266,5915598,95974,5666184,9573,22311,134449,4020921,71070,3855015,149057,7875936,
All CA and Non-CA Counties,2021-03-09,255643,11859736,110288,6025886,129822,5796006,15533,37844,140013,4065478,115270,3970285,159827,8035763,
All CA and Non-CA Counties,2021-03-10,296631,12156367,146903,6172789,127797,5923803,21931,59775,160094,4115925,136031,4106316,186478,8222241,
All CA and Non-CA Counties,2021-03-11,349588,12505955,166980,6339769,153032,6076835,29576,89351,179783,4160855,169091,4275407,214021,8436262,
All CA and Non-CA Counties,2021-03-12,346027,12851982,155459,6495228,149948,6226783,40620,129971,168323,4197152,177136,4452543,213433,8649695,
All CA and Non-CA Counties,2021-03-13,241930,13093912,110470,6605698,103202,6329985,28258,158229,129763,4247954,111844,4564387,162646,8812341,
All CA and Non-CA Counties,2021-03-14,134903,13228815,75928,6681626,44321,6374306,14654,172883,73942,4278148,60766,4625153,90960,8903301,
All CA and Non-CA Counties,2021-03-15,285823,13514638,136244,6817870,129219,6503525,20360,193243,157837,4332617,127411,4752564,181880,9085181,
All CA and Non-CA Counties,2021-03-16,363578,13878216,172889,6990759,173571,6677096,17118,210361,214325,4418848,148616,4901180,234847,9320028,
All CA and Non-CA Counties,2021-03-17,366477,14244693,185020,7175779,164042,6841138,17415,227776,226698,4526651,139155,5040335,246958,9566986,
All CA and Non-CA Counties,2021-03-18,337153,14581846,174392,7350171,146735,6987873,16026,243802,201067,4610802,135282,5175617,219433,9786419,
All CA and Non-CA Counties,2021-03-19,346716,14928562,184249,7534420,144382,7132255,18085,261887,203927,4692828,142082,5317699,224108,10010527,
All CA and Non-CA Counties,2021-03-20,225342,15153904,113622,7648042,99782,7232037,11938,273825,150001,4781342,74889,5392588,163403,10173930,
All CA and Non-CA Counties,2021-03-21,139919,15293823,95861,7743903,36679,7268716,7379,281204,91845,4834238,47856,5440444,100752,10274682,
All CA and Non-CA Counties,2021-03-22,268082,15561905,156385,7900288,100918,7369634,10779,291983,179393,4939661,88123,5528567,193546,10468228,
All CA and Non-CA Counties,2021-03-23,351040,15912945,193327,8093615,147389,7517023,10324,302307,230654,5064162,119620,5648187,244121,10712349,
All CA and Non-CA Counties,2021-03-24,382044,16294989,219803,8313418,150262,7667285,11979,314286,231251,5161727,149883,5798070,247448,10959797,
All CA and Non-CA Counties,2021-03-25,407159,16702148,223653,8537071,170003,7837288,13503,327789,239620,5255345,166499,5964569,260117,11219914,
All CA and Non-CA Counties,2021-03-26,425122,17127270,226687,8763758,182828,8020116,15607,343396,238792,5334469,185362,6149931,264486,11484400,
All CA and Non-CA Counties,2021-03-27,303769,17431039,161354,8925112,131343,8151459,11072,354468,156350,5362304,146780,6296711,174615,11659015,
All CA and Non-CA Counties,2021-03-28,166920,17597959,106443,9031555,56886,8208345,3591,358059,92029,5385864,74628,6371339,98188,11757203,
All CA and Non-CA Counties,2021-03-29,301964,17899923,162029,9193584,131585,8339930,8350,366409,175702,5448382,125676,6497015,188194,11945397,
All CA and Non-CA Counties,2021-03-30,384422,18284345,196374,9389958,172442,8512372,15606,382015,241459,5567250,142404,6639419,261272,12206669,
All CA and Non-CA Counties,2021-03-31,413199,18697544,225522,9615480,167033,8679405,20644,402659,244056,5669670,168372,6807791,270792,12477461,
All CA and Non-CA Counties,2021-04-01,466181,19163725,239861,9855341,189846,8869251,36474,439133,266291,5784225,199110,7006901,313665,12791126,
All CA and Non-CA Counties,2021-04-02,446535,19610260,220276,10075617,186900,9056151,39359,478492,252172,5896078,193422,7200323,305275,13096401,
All CA and Non-CA Counties,2021-04-03,312985,19923245,159079,10234696,116053,9172204,37853,516345,163244,5957994,149267,7349590,211183,13307584,
All CA and Non-CA Counties,2021-04-04,123740,20046985,63313,10298009,43404,9215608,17023,533368,57483,5967998,66108,7415698,76112,13383696,
All CA and Non-CA Counties,2021-04-05,220704,20267689,112644,10410653,83726,9299334,24334,557702,109694,5994250,110705,7526403,136957,13520653,
Outside California,2020-12-15,7,7,7,7,0,0,0,0,7,7,0,0,7,7,Not in California
Outside California,2020-12-16,133,140,133,140,0,0,0,0,133,140,0,0,133,140,Not in California
Outside California,2020-12-17,1533,1673,1533,1673,0,0,0,0,1533,1673,0,0,1533,1673,Not in California
Outside California,2020-12-18,2398,4071,2394,4067,4,4,0,0,2397,4070,0,0,2397,4070,Not in California
Outside California,2020-12-19,1006,5077,1005,5072,1,5,0,0,1006,5076,0,0,1006,5076,Not in California
Outside California,2020-12-20,650,5727,649,5721,1,6,0,0,650,5726,0,0,650,5726,Not in California
Outside California,2020-12-21,2096,7823,2096,7817,0,6,0,0,2095,7821,0,0,2095,7821,Not in California
Outside California,2020-12-22,1959,9782,1925,9742,34,40,0,0,1959,9780,0,0,1959,9780,Not in California
Outside California,2020-12-23,1427,11209,1313,11055,114,154,0,0,1427,11207,0,0,1427,11207,Not in California
Outside California,2020-12-24,809,12018,615,11670,194,348,0,0,809,12016,0,0,809,12016,Not in California
Outside California,2020-12-25,33,12051,29,11699,4,352,0,0,33,12049,0,0,33,12049,Not in California
Outside California,2020-12-26,309,12360,204,11903,105,457,0,0,309,12358,0,0,309,12358,Not in California
Outside California,2020-12-27,191,12551,72,11975,119,576,0,0,191,12549,0,0,191,12549,Not in California
Outside California,2020-12-28,1400,13951,883,12858,517,1093,0,0,1400,13949,0,0,1400,13949,Not in California
Outside California,2020-12-29,1462,15413,938,13796,524,1617,0,0,1462,15411,0,0,1462,15411,Not in California
Outside California,2020-12-30,1860,17273,1197,14993,663,2280,0,0,1861,17272,0,0,1861,17272,Not in California
Outside California,2020-12-31,1069,18342,590,15583,479,2759,0,0,1070,18342,0,0,1070,18342,Not in California
Outside California,2021-01-01,106,18448,21,15604,85,2844,0,0,106,18448,0,0,106,18448,Not in California
Outside California,2021-01-02,241,18689,136,15740,105,2949,0,0,240,18687,1,1,240,18688,Not in California
Outside California,2021-01-03,177,18866,97,15837,80,3029,0,0,177,18864,0,1,177,18865,Not in California
Outside California,2021-01-04,1128,19994,504,16341,624,3653,0,0,1122,19985,1,2,1122,19987,Not in California
Outside California,2021-01-05,1450,21444,761,17102,689,4342,0,0,1312,21161,136,138,1312,21299,Not in California
Outside California,2021-01-06,2572,24016,1534,18636,1038,5380,0,0,1896,22375,683,821,1897,23196,Not in California
Outside California,2021-01-07,4103,28119,2522,21158,1581,6961,0,0,2463,23209,1639,2460,2473,25669,Not in California
Outside California,2021-01-08,4289,32408,2710,23868,1579,8540,0,0,2542,24022,1737,4197,2550,28219,Not in California
Outside California,2021-01-09,1341,33749,542,24410,799,9339,0,0,1011,24707,328,4525,1013,29232,Not in California
Outside California,2021-01-10,294,34043,179,24589,115,9454,0,0,173,24759,121,4646,173,29405,Not in California
Outside California,2021-01-11,3267,37310,1956,26545,1311,10765,0,0,1950,25392,1318,5964,1951,31356,Not in California
Outside California,2021-01-12,3816,41126,2268,28813,1548,12313,0,0,2327,26237,1484,7448,2329,33685,Not in California
Outside California,2021-01-13,3568,44694,1751,30564,1817,14130,0,0,2444,27557,1129,8577,2449,36134,Not in California
Outside California,2021-01-14,3724,48418,1243,31807,2481,16611,0,0,3110,30061,612,9189,3116,39250,Not in California
Outside California,2021-01-15,4106,52524,935,32742,3171,19782,0,0,3661,33286,442,9631,3667,42917,Not in California
Outside California,2021-01-16,2570,55094,343,33085,2227,22009,0,0,2409,35537,158,9789,2409,45326,Not in California
Outside California,2021-01-17,454,55548,143,33228,311,22320,0,0,398,35880,55,9844,398,45724,Not in California
Outside California,2021-01-18,1117,56665,750,33978,367,22687,0,0,645,36055,471,10315,646,46370,Not in California
Outside California,2021-01-19,3994,60659,1288,35266,2706,25393,0,0,3150,38362,844,11159,3151,49521,Not in California
Outside California,2021-01-20,4343,65002,1333,36599,3010,28403,0,0,3475,40974,865,12024,3477,52998,Not in California
Outside California,2021-01-21,4005,69007,978,37577,3027,31430,0,0,3486,43959,504,12528,3489,56487,Not in California
Outside California,2021-01-22,4559,73566,1007,38584,3552,34982,0,0,4155,47717,399,12927,4157,60644,Not in California
Outside California,2021-01-23,2245,75811,325,38909,1920,36902,0,0,2076,49625,168,13095,2076,62720,Not in California
Outside California,2021-01-24,712,76523,339,39248,373,37275,0,0,628,50169,84,13179,628,63348,Not in California
Outside California,2021-01-25,4438,80961,1939,41187,2499,39774,0,0,3605,52935,846,14025,3612,66960,Not in California
Outside California,2021-01-26,6153,87114,3162,44349,2991,42765,0,0,5352,57479,820,14845,5364,72324,Not in California
Outside California,2021-01-27,5001,92115,2971,47320,2030,44795,0,0,4457,61373,565,15410,4459,76783,Not in California
Outside California,2021-01-28,5112,97227,2969,50289,2143,46938,0,0,4681,65607,447,15857,4681,81464,Not in California
Outside California,2021-01-29,4605,101832,2944,53233,1661,48599,0,0,3899,68796,710,16567,3899,85363,Not in California
Outside California,2021-01-30,4181,106013,2504,55737,1677,50276,0,0,3967,72548,215,16782,3967,89330,Not in California
Outside California,2021-01-31,3444,109457,3157,58894,287,50563,0,0,3366,75840,77,16859,3369,92699,Not in California
Outside California,2021-02-01,5811,115268,2921,61815,2890,53453,0,0,5169,80371,640,17499,5171,97870,Not in California
Outside California,2021-02-02,7277,122545,2726,64541,4551,58004,0,0,6575,86258,692,18191,6579,104449,Not in California
Outside California,2021-02-03,7889,130434,2791,67332,5098,63102,0,0,7085,92553,792,18983,7087,111536,Not in California
Outside California,2021-02-04,7165,137599,2723,70055,4442,67544,0,0,6230,97866,920,19903,6233,117769,Not in California
Outside California,2021-02-05,6582,144181,2161,72216,4421,71965,0,0,5594,102469,991,20894,5594,123363,Not in California
Outside California,2021-02-06,4482,148663,2335,74551,2147,74112,0,0,4056,106109,418,21312,4058,127421,Not in California
Outside California,2021-02-07,2861,151524,2410,76961,451,74563,0,0,2785,108821,76,21388,2788,130209,Not in California
Outside California,2021-02-08,5803,157327,3761,80722,2042,76605,0,0,4730,112499,1055,22443,4733,134942,Not in California
Outside California,2021-02-09,4762,162089,2288,83010,2474,79079,0,0,3459,114684,1288,23731,3473,138415,Not in California
Outside California,2021-02-10,5898,167987,2184,85194,3714,82793,0,0,3556,115955,2334,26065,3605,142020,Not in California
Outside California,2021-02-11,4787,172774,2072,87266,2715,85508,0,0,3635,118466,1143,27208,3654,145674,Not in California
Outside California,2021-02-12,4603,177377,1604,88870,2999,88507,0,0,2972,119824,1622,28830,2980,148654,Not in California
Outside California,2021-02-13,2280,179657,628,89498,1652,90159,0,0,1820,121204,451,29281,1831,150485,Not in California
Outside California,2021-02-14,1460,181117,464,89962,996,91155,0,0,1181,122146,275,29556,1217,151702,Not in California
Outside California,2021-02-15,2519,183636,1555,91517,964,92119,0,0,1164,122010,1338,30894,1202,152904,Not in California
Outside California,2021-02-16,6304,189940,2851,94368,3453,95572,0,0,2513,120754,3784,34678,2528,155432,Not in California
Outside California,2021-02-17,5782,195722,2860,97228,2922,98494,0,0,1750,118486,4024,38702,1756,157188,Not in California
Outside California,2021-02-18,6102,201824,3566,100794,2536,101030,0,0,1861,116126,4228,42930,1868,159056,Not in California
Outside California,2021-02-19,5163,206987,3539,104333,1624,102654,0,0,1942,114854,3218,46148,1946,161002,Not in California
Outside California,2021-02-20,3204,210191,2689,107022,515,103169,0,0,1155,113964,2047,48195,1157,162159,Not in California
Outside California,2021-02-21,1796,211987,1585,108607,211,103380,0,0,608,113387,1185,49380,608,162767,Not in California
Outside California,2021-02-22,2736,214723,1917,110524,819,104199,0,0,983,112624,1753,51133,990,163757,Not in California
Outside California,2021-02-23,5064,219787,2514,113038,2550,106749,0,0,1573,110721,3486,54619,1583,165340,Not in California
Outside California,2021-02-24,5325,225112,2640,115678,2685,109434,0,0,1571,108550,3748,58367,1577,166917,Not in California
Outside California,2021-02-25,5826,230938,2544,118222,3282,112716,0,0,2148,107049,3658,62025,2157,169074,Not in California
Outside California,2021-02-26,6089,237027,3069,121291,3020,115736,0,0,2553,106151,3456,65481,2558,171632,Not in California
Outside California,2021-02-27,4592,241619,2304,123595,2287,118023,1,1,1284,104146,3293,68774,1288,172920,Not in California
Outside California,2021-02-28,2695,244314,2061,125656,634,118657,0,1,1066,103587,1627,70401,1068,173988,Not in California
Outside California,2021-03-01,4601,248915,3052,128708,1549,120206,0,1,1233,101474,3358,73759,1245,175233,Not in California
Outside California,2021-03-02,6132,255047,2064,130772,4068,124274,0,1,1801,99031,4335,78094,1892,177125,Not in California
Outside California,2021-03-03,6907,261954,2324,133096,4582,128856,1,2,1856,95840,5057,83151,1866,178991,Not in California
Outside California,2021-03-04,6231,268185,2444,135540,3786,132642,1,3,2049,93741,4169,87320,2070,181061,Not in California
Outside California,2021-03-05,4330,272515,1882,137422,2432,135074,16,19,2165,93762,2174,89494,2195,183256,Not in California
Outside California,2021-03-06,4114,276629,1780,139202,2201,137275,133,152,2011,93887,2098,91592,2223,185479,Not in California
Outside California,2021-03-07,1607,278236,1030,140232,523,137798,54,206,982,94323,625,92217,1061,186540,Not in California
Outside California,2021-03-08,2722,280958,1637,141869,874,138672,211,417,1997,95838,695,92912,2210,188750,Not in California
Outside California,2021-03-09,3708,284666,1576,143445,1847,140519,285,702,2095,96631,1609,94521,2402,191152,Not in California
Outside California,2021-03-10,3776,288442,1594,145039,1702,142221,480,1182,2181,97759,1587,96108,2715,193867,Not in California
Outside California,2021-03-11,5614,294056,2669,147708,2247,144468,698,1880,2914,98714,2699,98807,3654,197521,Not in California
Outside California,2021-03-12,5174,299230,2738,150446,1665,146133,771,2651,2833,100082,2334,101141,3702,201223,Not in California
Outside California,2021-03-13,3099,302329,1734,152180,829,146962,536,3187,2030,101586,1065,102206,2569,203792,Not in California
Outside California,2021-03-14,1767,304096,967,153147,453,147415,347,3534,1107,102390,660,102866,1464,205256,Not in California
Outside California,2021-03-15,3682,307778,1636,154783,1632,149047,414,3948,2268,103718,1408,104274,2736,207992,Not in California
Outside California,2021-03-16,6539,314317,3190,157973,2947,151994,402,4350,3854,105335,2682,106956,4299,212291,Not in California
Outside California,2021-03-17,6850,321167,3677,161650,2748,154742,425,4775,4200,107332,2646,109602,4643,216934,Not in California
Outside California,2021-03-18,6457,327624,3487,165137,2438,157180,532,5307,4049,109567,2399,112001,4634,221568,Not in California
Outside California,2021-03-19,5939,333563,3297,168434,2102,159282,540,5847,3756,111770,2178,114179,4381,225949,Not in California
Outside California,2021-03-20,3364,336927,2172,170606,1089,160371,103,5950,2776,114073,579,114758,2882,228831,Not in California
Outside California,2021-03-21,1836,338763,1266,171872,471,160842,99,6049,1415,115170,420,115178,1517,230348,Not in California
Outside California,2021-03-22,3139,341902,1745,173617,1283,162125,111,6160,2106,116361,1028,116206,2219,232567,Not in California
Outside California,2021-03-23,6161,348063,3039,176656,2858,164983,264,6424,4384,119249,1765,117971,4653,237220,Not in California
Outside California,2021-03-24,7044,355107,3375,180031,3229,168212,440,6864,5394,123452,1637,119608,5840,243060,Not in California
Outside California,2021-03-25,7962,363069,3414,183445,4005,172217,543,7407,6029,128122,1919,121527,6589,249649,Not in California
Outside California,2021-03-26,6624,369693,3441,186886,2979,175196,204,7611,4700,131152,1905,123432,4935,254584,Not in California
Outside California,2021-03-27,4609,374302,2683,189569,1856,177052,70,7681,3176,133002,1425,124857,3275,257859,Not in California
Outside California,2021-03-28,2636,376938,1365,190934,1200,178252,71,7752,1701,133858,928,125785,1784,259643,Not in California
Outside California,2021-03-29,4692,381630,2072,193006,2339,180591,281,8033,2977,135428,1711,127496,3281,262924,Not in California
Outside California,2021-03-30,6618,388248,3304,196310,2689,183280,625,8658,4207,138067,2393,129889,5032,267956,Not in California
Outside California,2021-03-31,6057,394305,3419,199729,1826,185106,812,9470,3589,140093,2460,132349,4486,272442,Not in California
Outside California,2021-04-01,6989,401294,3974,203703,2349,187455,666,10136,4134,142291,2845,135194,5043,277485,Not in California
Outside California,2021-04-02,8112,409406,4451,208154,2660,190115,1001,11137,4512,144552,3590,138784,5851,283336,Not in California
Outside California,2021-04-03,6265,415671,3644,211798,1368,191483,1253,12390,3293,146429,2964,141748,4841,288177,Not in California
Outside California,2021-04-04,1726,417397,878,212676,580,192063,268,12658,907,146801,819,142567,1191,289368,Not in California
Outside California,2021-04-05,2724,420121,1414,214090,839,192902,471,13129,1181,146969,1536,144103,1704,291072,Not in California
Unknown,2020-12-17,37,37,37,37,0,0,0,0,1,1,0,0,1,1,Not in California
Unknown,2020-12-18,52,89,52,89,0,0,0,0,2,3,0,0,2,3,Not in California
Unknown,2020-12-21,41,130,41,130,0,0,0,0,0,3,0,0,0,3,Not in California
Unknown,2020-12-26,1,131,1,131,0,0,0,0,1,4,0,0,1,4,Not in California
Unknown,2020-12-28,3,134,3,134,0,0,0,0,3,7,0,0,3,7,Not in California
Unknown,2020-12-29,3,137,3,137,0,0,0,0,3,10,0,0,3,10,Not in California
Unknown,2020-12-30,55,192,55,192,0,0,0,0,55,65,0,0,55,65,Not in California
Unknown,2020-12-31,2,194,0,192,2,2,0,0,0,65,0,0,0,65,Not in California
Unknown,2021-01-02,2,196,0,192,2,4,0,0,2,67,0,0,2,67,Not in California
Unknown,2021-01-03,1,197,0,192,1,5,0,0,1,68,0,0,1,68,Not in California
Unknown,2021-01-04,3,200,2,194,1,6,0,0,3,71,0,0,3,71,Not in California
Unknown,2021-01-05,4,204,0,194,4,10,0,0,5,76,0,0,5,76,Not in California
Unknown,2021-01-06,7,211,3,197,4,14,0,0,7,83,0,0,7,83,Not in California
Unknown,2021-01-07,70,281,68,265,2,16,0,0,70,153,0,0,70,153,Not in California
Unknown,2021-01-09,4,285,2,267,2,18,0,0,5,158,0,0,5,158,Not in California
Unknown,2021-01-10,1,286,0,267,1,19,0,0,1,159,0,0,1,159,Not in California
Unknown,2021-01-11,19,305,19,286,0,19,0,0,19,178,0,0,19,178,Not in California
Unknown,2021-01-12,10,315,9,295,1,20,0,0,9,187,1,1,10,188,Not in California
Unknown,2021-01-13,11,326,11,306,0,20,0,0,12,199,0,1,12,200,Not in California
Unknown,2021-01-14,2,328,2,308,0,20,0,0,2,201,0,1,2,202,Not in California
Unknown,2021-01-15,4,332,3,311,1,21,0,0,5,206,0,1,5,207,Not in California
Unknown,2021-01-16,8,340,8,319,0,21,0,0,7,212,1,2,7,214,Not in California
Unknown,2021-01-17,3,343,3,322,0,21,0,0,3,215,0,2,3,217,Not in California
Unknown,2021-01-18,58,401,58,380,0,21,0,0,56,269,2,4,56,273,Not in California
Unknown,2021-01-19,25,426,25,405,0,21,0,0,23,291,1,5,23,296,Not in California
Unknown,2021-01-20,80,506,80,485,0,21,0,0,28,267,52,57,28,324,Not in California
Unknown,2021-01-21,61,567,58,543,3,24,0,0,63,330,0,57,63,387,Not in California
Unknown,2021-01-22,43,610,37,580,6,30,0,0,42,372,0,57,42,429,Not in California
Unknown,2021-01-23,13,623,7,587,6,36,0,0,13,385,0,57,13,442,Not in California
Unknown,2021-01-24,2,625,2,589,0,36,0,0,3,388,0,57,3,445,Not in California
Unknown,2021-01-25,20,645,18,607,2,38,0,0,18,404,2,59,18,463,Not in California
Unknown,2021-01-26,96,741,96,703,0,38,0,0,98,502,1,60,99,562,Not in California
Unknown,2021-01-27,19,760,19,722,0,38,0,0,18,519,1,61,18,580,Not in California
Unknown,2021-01-28,166,926,163,885,3,41,0,0,112,571,60,121,112,692,Not in California
Unknown,2021-01-29,163,1089,162,1047,1,42,0,0,167,736,2,123,167,859,Not in California
Unknown,2021-01-30,13,1102,9,1056,4,46,0,0,15,749,2,125,15,874,Not in California
Unknown,2021-01-31,20,1122,19,1075,1,47,0,0,19,766,2,127,19,893,Not in California
Unknown,2021-02-01,37,1159,36,1111,1,48,0,0,22,771,17,144,22,915,Not in California
Unknown,2021-02-02,76,1235,74,1185,2,50,0,0,69,834,6,150,69,984,Not in California
Unknown,2021-02-03,54,1289,51,1236,3,53,0,0,43,865,12,162,43,1027,Not in California
Unknown,2021-02-04,70,1359,63,1299,7,60,0,0,67,925,7,169,67,1094,Not in California
Unknown,2021-02-05,15,1374,9,1308,6,66,0,0,14,933,6,175,14,1108,Not in California
Unknown,2021-02-06,18,1392,14,1322,4,70,0,0,15,942,6,181,15,1123,Not in California
Unknown,2021-02-07,13,1405,11,1333,2,72,0,0,9,947,4,185,9,1132,Not in California
Unknown,2021-02-08,60,1465,57,1390,3,75,0,0,20,924,43,228,20,1152,Not in California
Unknown,2021-02-09,21,1486,20,1410,1,76,0,0,5,913,16,244,5,1157,Not in California
Unknown,2021-02-10,40,1526,35,1445,5,81,0,0,14,901,26,270,14,1171,Not in California
Unknown,2021-02-11,100,1626,97,1542,3,84,0,0,50,899,52,322,50,1221,Not in California
Unknown,2021-02-12,50,1676,40,1582,10,94,0,0,21,886,34,356,21,1242,Not in California
Unknown,2021-02-13,12,1688,4,1586,8,102,0,0,15,900,1,357,15,1257,Not in California
Unknown,2021-02-14,8,1696,1,1587,7,109,0,0,6,905,1,358,6,1263,Not in California
Unknown,2021-02-15,46,1742,39,1626,7,116,0,0,34,927,12,370,34,1297,Not in California
Unknown,2021-02-16,124,1866,115,1741,9,125,0,0,44,890,81,451,44,1341,Not in California
Unknown,2021-02-17,13,1879,11,1752,2,127,0,0,8,893,5,456,8,1349,Not in California
Unknown,2021-02-18,118,1997,112,1864,6,133,0,0,24,824,93,549,24,1373,Not in California
Unknown,2021-02-19,216,2213,211,2075,5,138,0,0,67,739,152,701,67,1440,Not in California
Unknown,2021-02-20,17,2230,6,2081,11,149,0,0,11,746,4,705,11,1451,Not in California
Unknown,2021-02-21,20,2250,20,2101,0,149,0,0,10,743,13,718,10,1461,Not in California
Unknown,2021-02-22,10,2260,10,2111,0,149,0,0,8,748,3,721,8,1469,Not in California
Unknown,2021-02-23,71,2331,59,2170,12,161,0,0,21,718,51,772,21,1490,Not in California
Unknown,2021-02-24,56,2387,48,2218,8,169,0,0,26,711,33,805,26,1516,Not in California
Unknown,2021-02-25,83,2470,69,2287,14,183,0,0,31,690,52,857,31,1547,Not in California
Unknown,2021-02-26,44,2514,23,2310,21,204,0,0,33,710,13,870,33,1580,Not in California
Unknown,2021-02-27,26,2540,13,2323,13,217,0,0,21,723,8,878,21,1601,Not in California
Unknown,2021-02-28,40,2580,23,2346,17,234,0,0,31,749,6,884,32,1633,Not in California
Unknown,2021-03-01,53,2633,33,2379,20,254,0,0,33,763,19,903,33,1666,Not in California
Unknown,2021-03-02,21,2654,6,2385,15,269,0,0,15,772,6,909,15,1681,Not in California
Unknown,2021-03-03,19,2673,10,2395,9,278,0,0,27,796,3,912,27,1708,Not in California
Unknown,2021-03-04,57,2730,54,2449,3,281,0,0,27,791,32,944,27,1735,Not in California
Unknown,2021-03-05,179,2909,62,2511,117,398,0,0,186,970,7,951,186,1921,Not in California
Unknown,2021-03-06,203,3112,44,2555,120,518,39,39,155,1116,49,1000,195,2116,Not in California
Unknown,2021-03-07,73,3185,31,2586,28,546,14,53,56,1169,17,1017,70,2186,Not in California
Unknown,2021-03-08,226,3411,97,2683,80,626,49,102,148,1288,77,1094,196,2382,Not in California
Unknown,2021-03-09,179,3590,115,2798,9,635,55,157,90,1344,89,1183,145,2527,Not in California
Unknown,2021-03-10,175,3765,118,2916,4,639,53,210,112,1450,60,1243,166,2693,Not in California
Unknown,2021-03-11,153,3918,76,2992,12,651,65,275,85,1527,73,1316,150,2843,Not in California
Unknown,2021-03-12,119,4037,66,3058,23,674,30,305,58,1549,68,1384,90,2933,Not in California
Unknown,2021-03-13,106,4143,31,3089,23,697,52,357,47,1588,60,1444,99,3032,Not in California
Unknown,2021-03-14,120,4263,60,3149,35,732,25,382,83,1658,38,1482,108,3140,Not in California
Unknown,2021-03-15,264,4527,153,3302,91,823,20,402,225,1865,38,1520,245,3385,Not in California
Unknown,2021-03-16,310,4837,198,3500,108,931,4,406,279,2118,30,1550,283,3668,Not in California
Unknown,2021-03-17,251,5088,155,3655,93,1024,3,409,238,2346,13,1563,241,3909,Not in California
Unknown,2021-03-18,178,5266,77,3732,99,1123,2,411,163,2497,14,1577,165,4074,Not in California
Unknown,2021-03-19,150,5416,86,3818,63,1186,1,412,144,2636,6,1583,145,4219,Not in California
Unknown,2021-03-20,153,5569,77,3895,76,1262,0,412,138,2760,14,1597,138,4357,Not in California
Unknown,2021-03-21,170,5739,94,3989,64,1326,12,424,152,2906,18,1615,164,4521,Not in California
Unknown,2021-03-22,232,5971,145,4134,80,1406,7,431,207,3098,25,1640,217,4738,Not in California
Unknown,2021-03-23,230,6201,156,4290,73,1479,1,432,218,3305,12,1652,219,4957,Not in California
Unknown,2021-03-24,288,6489,187,4477,98,1577,3,435,267,3554,21,1673,270,5227,Not in California
Unknown,2021-03-25,305,6794,182,4659,116,1693,7,442,283,3823,22,1695,291,5518,Not in California
Unknown,2021-03-26,326,7120,194,4853,126,1819,6,448,265,4034,60,1755,271,5789,Not in California
Unknown,2021-03-27,280,7400,146,4999,130,1949,4,452,234,4228,46,1801,240,6029,Not in California
Unknown,2021-03-28,322,7722,197,5196,120,2069,5,457,280,4472,41,1842,285,6314,Not in California
Unknown,2021-03-29,396,8118,245,5441,147,2216,4,461,327,4739,69,1911,336,6650,Not in California
Unknown,2021-03-30,398,8516,237,5678,154,2370,7,468,321,4995,77,1988,333,6983,Not in California
Unknown,2021-03-31,485,9001,305,5983,174,2544,6,474,402,5320,83,2071,408,7391,Not in California
Unknown,2021-04-01,404,9405,260,6243,138,2682,6,480,343,5612,61,2132,353,7744,Not in California
Unknown,2021-04-02,506,9911,274,6517,224,2906,8,488,372,5866,133,2265,387,8131,Not in California
Unknown,2021-04-03,406,10317,193,6710,204,3110,9,497,290,6054,115,2380,303,8434,Not in California
Unknown,2021-04-04,328,10645,135,6845,187,3297,6,503,241,6217,87,2467,250,8684,Not in California
Unknown,2021-04-05,3,10648,3,6848,0,3297,0,503,2,6218,1,2468,2,8686,Not in California
Alameda,2020-12-15,36,36,36,36,0,0,0,0,36,36,0,0,36,36,California
Alameda,2020-12-16,202,238,202,238,0,0,0,0,202,238,0,0,202,238,California
Alameda,2020-12-17,445,683,445,683,0,0,0,0,445,683,0,0,445,683,California
Alameda,2020-12-18,1796,2479,1795,2478,1,1,0,0,1796,2479,0,0,1796,2479,California
Alameda,2020-12-19,1462,3941,1462,3940,0,1,0,0,1463,3942,0,0,1463,3942,California
Alameda,2020-12-20,1180,5121,1179,5119,1,2,0,0,1179,5120,1,1,1179,5121,California
Alameda,2020-12-21,1847,6968,1846,6965,1,3,0,0,1846,6966,0,1,1846,6967,California
Alameda,2020-12-22,2087,9055,2036,9001,51,54,0,0,2087,9053,0,1,2087,9054,California
Alameda,2020-12-23,1896,10951,1640,10641,256,310,0,0,1896,10949,0,1,1896,10950,California
Alameda,2020-12-24,1215,12166,757,11398,458,768,0,0,1215,12164,0,1,1215,12165,California
Alameda,2020-12-25,160,12326,124,11522,36,804,0,0,160,12324,0,1,160,12325,California
Alameda,2020-12-26,854,13180,312,11834,542,1346,0,0,854,13178,0,1,854,13179,California
Alameda,2020-12-27,499,13679,256,12090,243,1589,0,0,499,13677,0,1,499,13678,California
Alameda,2020-12-28,1855,15534,929,13019,926,2515,0,0,1855,15532,0,1,1855,15533,California
Alameda,2020-12-29,2423,17957,1023,14042,1400,3915,0,0,2422,17954,0,1,2422,17955,California
Alameda,2020-12-30,3105,21062,1339,15381,1766,5681,0,0,3105,21059,0,1,3105,21060,California
Alameda,2020-12-31,1782,22844,437,15818,1345,7026,0,0,1782,22841,0,1,1782,22842,California
Alameda,2021-01-01,169,23013,69,15887,100,7126,0,0,169,23010,0,1,169,23011,California
Alameda,2021-01-02,714,23727,518,16405,196,7322,0,0,713,23723,0,1,713,23724,California
Alameda,2021-01-03,339,24066,218,16623,121,7443,0,0,336,24056,3,4,336,24060,California
Alameda,2021-01-04,1645,25711,942,17565,703,8146,0,0,1633,25678,11,15,1633,25693,California
Alameda,2021-01-05,2194,27905,1257,18822,937,9083,0,0,1956,27398,236,251,1956,27649,California
Alameda,2021-01-06,3247,31152,1782,20604,1465,10548,0,0,2416,28986,829,1080,2417,30066,California
Alameda,2021-01-07,3754,34906,2111,22715,1643,12191,0,0,2632,30512,1113,2193,2639,32705,California
Alameda,2021-01-08,4733,39639,2704,25419,2029,14220,0,0,3098,31983,1630,3823,3101,35806,California
Alameda,2021-01-09,2032,41671,1390,26809,642,14862,0,0,1174,32299,859,4682,1175,36981,California
Alameda,2021-01-10,1033,42704,815,27624,218,15080,0,0,421,32107,613,5295,421,37402,California
Alameda,2021-01-11,4473,47177,3339,30963,1134,16214,0,0,2787,33214,1686,6981,2793,40195,California
Alameda,2021-01-12,4753,51930,3188,34151,1565,17779,0,0,3390,35245,1363,8344,3394,43589,California
Alameda,2021-01-13,5005,56935,2647,36798,2358,20137,0,0,3830,37910,1171,9515,3836,47425,California
Alameda,2021-01-14,5591,62526,2725,39523,2866,23003,0,0,4718,41767,864,10379,4721,52146,California
Alameda,2021-01-15,5817,68343,2410,41933,3407,26410,0,0,5001,45963,809,11188,5005,57151,California
Alameda,2021-01-16,3120,71463,1477,43410,1643,28053,0,0,2815,48473,305,11493,2815,59966,California
Alameda,2021-01-17,1871,73334,1077,44487,794,28847,0,0,1665,49932,206,11699,1665,61631,California
Alameda,2021-01-18,3237,76571,2092,46579,1145,29992,0,0,2619,51942,614,12313,2624,64255,California
Alameda,2021-01-19,5514,82085,3340,49919,2174,32166,0,0,4323,55083,1189,13502,4330,68585,California
Alameda,2021-01-20,6595,88680,4025,53944,2570,34736,0,0,5304,59112,1279,14781,5308,73893,California
Alameda,2021-01-21,7682,96362,3378,57322,4304,39040,0,0,6869,65176,807,15588,6871,80764,California
Alameda,2021-01-22,6903,103265,2047,59369,4856,43896,0,0,5744,69770,1152,16740,5746,86510,California
Alameda,2021-01-23,3271,106536,941,60310,2330,46226,0,0,2719,71940,551,17291,2721,89231,California
Alameda,2021-01-24,2083,108619,678,60988,1405,47631,0,0,1788,73437,291,17582,1788,91019,California
Alameda,2021-01-25,5165,113784,1959,62947,3206,50837,0,0,3610,75504,1549,19131,3616,94635,California
Alameda,2021-01-26,7217,121001,2273,65220,4944,55781,0,0,5350,78997,1857,20988,5350,99985,California
Alameda,2021-01-27,6646,127647,2054,67274,4592,60373,0,0,4821,82003,1815,22803,4821,104806,California
Alameda,2021-01-28,7820,135467,2494,69768,5326,65699,0,0,5620,85442,2182,24985,5621,110427,California
Alameda,2021-01-29,7818,143285,3103,72871,4715,70414,0,0,6053,89741,1754,26739,6053,116480,California
Alameda,2021-01-30,3240,146525,1501,74372,1739,72153,0,0,2699,91903,538,27277,2700,119180,California
Alameda,2021-01-31,2138,148663,1196,75568,942,73095,0,0,1665,93112,457,27734,1666,120846,California
Alameda,2021-02-01,5922,154585,3333,78901,2589,75684,0,0,4300,95800,1615,29349,4303,125149,California
Alameda,2021-02-02,7424,162009,4226,83127,3198,78882,0,0,4649,97682,2767,32116,4649,129798,California
Alameda,2021-02-03,7057,169066,3732,86859,3325,82207,0,0,4386,99404,2667,34783,4389,134187,California
Alameda,2021-02-04,9459,178525,4126,90985,5333,87540,0,0,6433,102830,3010,37793,6436,140623,California
Alameda,2021-02-05,10311,188836,5381,96366,4930,92470,0,0,6454,105439,3849,41642,6458,147081,California
Alameda,2021-02-06,7005,195841,4432,100798,2573,95043,0,0,5888,110209,1119,42761,5889,152970,California
Alameda,2021-02-07,3576,199417,2889,103687,687,95730,0,0,2646,111929,927,43688,2647,155617,California
Alameda,2021-02-08,8078,207495,5772,109459,2306,98036,0,0,5544,114951,2523,46211,5545,161162,California
Alameda,2021-02-09,9682,217177,5848,115307,3834,101870,0,0,6046,117368,3630,49841,6047,167209,California
Alameda,2021-02-10,11421,228598,6771,122078,4650,106520,0,0,6613,119195,4792,54633,6619,173828,California
Alameda,2021-02-11,13817,242415,7878,129956,5939,112459,0,0,8373,122141,5431,60064,8377,182205,California
Alameda,2021-02-12,12455,254870,5664,135620,6791,119250,0,0,7708,125112,4738,64802,7709,189914,California
Alameda,2021-02-13,7786,262656,4048,139668,3738,122988,0,0,5835,129001,1949,66751,5838,195752,California
Alameda,2021-02-14,4030,266686,2541,142209,1489,124477,0,0,2871,130718,1156,67907,2873,198625,California
Alameda,2021-02-15,5684,272370,3215,145424,2469,126946,0,0,3691,132419,1991,69898,3692,202317,California
Alameda,2021-02-16,12454,284824,6909,152333,5545,132491,0,0,9286,138548,3160,73058,9289,211606,California
Alameda,2021-02-17,14051,298875,8302,160635,5749,138240,0,0,10449,145413,3585,76643,10450,222056,California
Alameda,2021-02-18,15747,314622,9983,170618,5764,144004,0,0,11447,152564,4297,80940,11448,233504,California
Alameda,2021-02-19,17446,332068,11332,181950,6114,150118,0,0,11599,158329,5834,86774,11599,245103,California
Alameda,2021-02-20,11752,343820,9508,191458,2244,152362,0,0,9058,164697,2692,89466,9060,254163,California
Alameda,2021-02-21,6126,349946,5195,196653,931,153293,0,0,3692,165962,2427,91893,3692,257855,California
Alameda,2021-02-22,10616,360562,7831,204484,2785,156078,0,0,6724,168819,3877,95770,6734,264589,California
Alameda,2021-02-23,12675,373237,7694,212178,4981,161059,0,0,7899,171956,4769,100539,7906,272495,California
Alameda,2021-02-24,14574,387811,8173,220351,6401,167460,0,0,9473,176356,5079,105618,9479,281974,California
Alameda,2021-02-25,15522,403333,9102,229453,6420,173880,0,0,9878,180629,5616,111234,9889,291863,California
Alameda,2021-02-26,17991,421324,10580,240033,7411,181291,0,0,11642,185970,6306,117540,11647,303510,California
Alameda,2021-02-27,14648,435972,10770,250803,3878,185169,0,0,9070,189489,5554,123094,9073,312583,California
Alameda,2021-02-28,9132,445104,7701,258504,1431,186600,0,0,6079,192536,3034,126128,6081,318664,California
Alameda,2021-03-01,13153,458257,9146,267650,4007,190607,0,0,8162,195747,4954,131082,8165,326829,California
Alameda,2021-03-02,13607,471864,9488,277138,4119,194726,0,0,8762,199690,4827,135909,8770,335599,California
Alameda,2021-03-03,13985,485849,9094,286232,4891,199617,0,0,9448,204627,4512,140421,9449,345048,California
Alameda,2021-03-04,15456,501305,9698,295930,5758,205375,0,0,9517,208253,5903,146324,9529,354577,California
Alameda,2021-03-05,13997,515302,8762,304692,5230,210605,5,5,9396,213096,4567,150891,9410,363987,California
Alameda,2021-03-06,13377,528679,9643,314335,3483,214088,251,256,8826,217671,4514,155405,9089,373076,California
Alameda,2021-03-07,9292,537971,8069,322404,1146,215234,77,333,6588,221655,2683,158088,6667,379743,California
Alameda,2021-03-08,11391,549362,7068,329472,4024,219258,299,632,8584,227787,2760,160848,8892,388635,California
Alameda,2021-03-09,11258,560620,6917,336389,3908,223166,433,1065,6263,229525,4964,165812,6702,395337,California
Alameda,2021-03-10,16207,576827,10987,347376,4682,227848,538,1603,7296,228466,8893,174705,7834,403171,California
Alameda,2021-03-11,18954,595781,10984,358360,6511,234359,1459,3062,6511,224023,12419,187124,7976,411147,California
Alameda,2021-03-12,18919,614700,11118,369478,6533,240892,1268,4330,6656,219710,12244,199368,7931,419078,California
Alameda,2021-03-13,13753,628453,8800,378278,4008,244900,945,5275,4553,216041,9168,208536,5499,424577,California
Alameda,2021-03-14,10164,638617,7625,385903,1762,246662,777,6052,4503,215669,5648,214184,5276,429853,California
Alameda,2021-03-15,14396,653013,9346,395249,4523,251185,527,6579,6496,214818,7872,222056,7021,436874,California
Alameda,2021-03-16,17263,670276,11128,406377,5588,256773,547,7126,7702,213565,9506,231562,8253,445127,California
Alameda,2021-03-17,17030,687306,9646,416023,6721,263494,663,7789,8002,213233,9002,240564,8670,453797,California
Alameda,2021-03-18,15850,703156,8681,424704,6369,269863,800,8589,7101,212414,8726,249290,7907,461704,California
Alameda,2021-03-19,16442,719598,9046,433750,6000,275863,1396,9985,6604,210621,9804,259094,8011,469715,California
Alameda,2021-03-20,10847,730445,7233,440983,2958,278821,656,10641,4692,209838,6134,265228,5351,475066,California
Alameda,2021-03-21,8781,739226,6802,447785,1442,280263,537,11178,3718,209040,5054,270282,4256,479322,California
Alameda,2021-03-22,15079,754305,10099,457884,3994,284257,986,12164,7414,209808,7645,277927,8413,487735,California
Alameda,2021-03-23,19053,773358,11525,469409,6742,290999,786,12950,10760,213124,8257,286184,11573,499308,California
Alameda,2021-03-24,18964,792322,11522,480931,6456,297455,986,13936,8750,212977,10162,296346,10015,509323,California
Alameda,2021-03-25,20318,812640,11394,492325,7648,305103,1276,15212,9730,214166,10534,306880,11723,521046,California
Alameda,2021-03-26,20838,833478,12460,504785,6868,311971,1510,16722,9103,213960,11696,318576,11490,532536,California
Alameda,2021-03-27,18140,851618,12294,517079,4901,316872,945,17667,7828,212879,10266,328842,9185,541721,California
Alameda,2021-03-28,10545,862163,8518,525597,1818,318690,209,17876,3934,210486,6599,335441,4206,545927,California
Alameda,2021-03-29,14790,876953,9397,534994,4443,323133,950,18826,6502,209770,8257,343698,7541,553468,California
Alameda,2021-03-30,18614,895567,9832,544826,7180,330313,1602,20428,11158,215154,7436,351134,12820,566288,California
Alameda,2021-03-31,19160,914727,10244,555070,6870,337183,2046,22474,9779,217827,9362,360496,12035,578323,California
Alameda,2021-04-01,22774,937501,10072,565142,7414,344597,5288,27762,11157,223142,11592,372088,16907,595230,California
Alameda,2021-04-02,23525,961026,9990,575132,8220,352817,5315,33077,11980,229389,11523,383611,17770,613000,California
Alameda,2021-04-03,19993,981019,9774,584906,5630,358447,4589,37666,10334,235240,9640,393251,15491,628491,California
Alameda,2021-04-04,9410,990429,3699,588605,2312,360759,3399,41065,3461,236189,5946,399197,6895,635386,California
Alameda,2021-04-05,13890,1004319,5195,593800,4698,365457,3997,45062,5408,237168,8472,407669,9451,644837,California
Alpine,2020-12-18,2,2,2,2,0,0,0,0,2,2,0,0,2,2,California
Alpine,2020-12-19,2,4,2,4,0,0,0,0,2,4,0,0,2,4,California
Alpine,2020-12-21,2,6,2,6,0,0,0,0,2,6,0,0,2,6,California
Alpine,2020-12-30,15,21,0,6,15,15,0,0,15,21,0,0,15,21,California
Alpine,2020-12-31,1,22,0,6,1,16,0,0,1,22,0,0,1,22,California
Alpine,2021-01-01,1,23,0,6,1,17,0,0,1,23,0,0,1,23,California
Alpine,2021-01-02,1,24,1,7,0,17,0,0,1,24,0,0,1,24,California
Alpine,2021-01-04,10,34,0,7,10,27,0,0,10,34,0,0,10,34,California
Alpine,2021-01-05,9,43,1,8,8,35,0,0,9,43,0,0,9,43,California
Alpine,2021-01-06,31,74,0,8,31,66,0,0,31,74,0,0,31,74,California
Alpine,2021-01-07,8,82,0,8,8,74,0,0,8,82,0,0,8,82,California
Alpine,2021-01-08,4,86,2,10,2,76,0,0,2,82,2,2,2,84,California
Alpine,2021-01-09,2,88,2,12,0,76,0,0,0,80,2,4,0,84,California
Alpine,2021-01-11,32,120,1,13,31,107,0,0,31,110,1,5,31,115,California
Alpine,2021-01-13,35,155,0,13,35,142,0,0,35,145,0,5,35,150,California
Alpine,2021-01-14,2,157,0,13,2,144,0,0,2,147,0,5,2,152,California
Alpine,2021-01-15,1,158,0,13,1,145,0,0,1,148,0,5,1,153,California
Alpine,2021-01-20,21,179,0,13,21,166,0,0,21,169,0,5,21,174,California
Alpine,2021-01-21,3,182,0,13,3,169,0,0,3,172,0,5,3,177,California
Alpine,2021-01-22,32,214,0,13,32,201,0,0,32,204,0,5,32,209,California
Alpine,2021-01-23,1,215,1,14,0,201,0,0,0,203,1,6,0,209,California
Alpine,2021-01-25,16,231,0,14,16,217,0,0,16,219,0,6,16,225,California
Alpine,2021-01-27,1,232,1,15,0,217,0,0,0,218,1,7,0,225,California
Alpine,2021-01-28,12,244,0,15,12,229,0,0,11,228,1,8,11,236,California
Alpine,2021-01-29,1,245,0,15,1,230,0,0,1,229,0,8,1,237,California
Alpine,2021-02-01,26,271,0,15,26,256,0,0,7,217,19,27,7,244,California
Alpine,2021-02-03,34,305,0,15,34,290,0,0,10,203,24,51,10,254,California
Alpine,2021-02-04,9,314,0,15,9,299,0,0,4,202,5,56,4,258,California
Alpine,2021-02-05,31,345,0,15,31,330,0,0,12,195,19,75,12,270,California
Alpine,2021-02-06,1,346,1,16,0,330,0,0,1,196,0,75,1,271,California
Alpine,2021-02-07,1,347,1,17,0,330,0,0,1,197,0,75,1,272,California
Alpine,2021-02-08,32,379,0,17,32,362,0,0,4,173,28,103,4,276,California
Alpine,2021-02-10,34,413,0,17,34,396,0,0,0,139,34,137,0,276,California
Alpine,2021-02-11,8,421,0,17,8,404,0,0,5,141,3,140,5,281,California
Alpine,2021-02-12,1,422,0,17,1,405,0,0,0,140,1,141,0,281,California
Alpine,2021-02-17,24,446,1,18,23,428,0,0,4,124,20,161,4,285,California
Alpine,2021-02-18,4,450,0,18,4,432,0,0,1,122,3,164,1,286,California
Alpine,2021-02-19,34,484,1,19,33,465,0,0,2,92,32,196,2,288,California
Alpine,2021-02-22,28,512,0,19,28,493,0,0,9,82,19,215,9,297,California
Alpine,2021-02-25,17,529,1,20,16,509,0,0,6,77,11,226,6,303,California
Alpine,2021-02-26,29,558,1,21,28,537,0,0,28,104,1,227,28,331,California
Alpine,2021-03-01,35,593,0,21,35,572,0,0,25,119,10,237,25,356,California
Alpine,2021-03-02,1,594,1,22,0,572,0,0,0,118,1,238,0,356,California
Alpine,2021-03-03,30,624,1,23,29,601,0,0,18,124,12,250,18,374,California
Alpine,2021-03-04,13,637,1,24,12,613,0,0,12,135,1,251,12,386,California
Alpine,2021-03-05,30,667,0,24,30,643,0,0,22,149,8,259,22,408,California
Alpine,2021-03-08,28,695,0,24,28,671,0,0,26,173,2,261,26,434,California
Alpine,2021-03-09,1,696,0,24,1,672,0,0,1,174,0,261,1,435,California
Alpine,2021-03-10,76,772,1,25,75,747,0,0,75,248,1,262,75,510,California
Alpine,2021-03-11,37,809,0,25,37,784,0,0,32,276,4,266,32,542,California
Alpine,2021-03-12,22,831,0,25,22,806,0,0,19,292,3,269,19,561,California
Alpine,2021-03-15,20,851,0,25,20,826,0,0,19,310,1,270,19,580,California
Alpine,2021-03-17,22,873,0,25,21,847,1,1,18,325,4,274,19,599,California
Alpine,2021-03-18,38,911,1,26,37,884,0,1,36,359,2,276,36,635,California
Alpine,2021-03-19,3,914,2,28,1,885,0,1,2,360,1,277,2,637,California
Alpine,2021-03-22,25,939,0,28,25,910,0,1,15,365,10,287,15,652,California
Alpine,2021-03-24,19,958,0,28,19,929,0,1,9,364,10,297,9,661,California
Alpine,2021-03-25,39,997,1,29,37,966,1,2,32,390,7,304,33,694,California
Alpine,2021-03-29,19,1016,0,29,18,984,1,3,2,376,17,321,3,697,California
Alpine,2021-03-31,2,1018,1,30,1,985,0,3,1,376,1,322,1,698,California
Alpine,2021-04-01,18,1036,0,30,18,1003,0,3,8,374,10,332,8,706,California
Alpine,2021-04-02,74,1110,0,30,74,1077,0,3,34,368,40,372,34,740,California
Alpine,2021-04-04,1,1111,1,31,0,1077,0,3,1,369,0,372,1,741,California
Amador,2020-12-16,2,2,2,2,0,0,0,0,2,2,0,0,2,2,California
Amador,2020-12-17,5,7,5,7,0,0,0,0,5,7,0,0,5,7,California
Amador,2020-12-18,44,51,44,51,0,0,0,0,44,51,0,0,44,51,California
Amador,2020-12-19,17,68,17,68,0,0,0,0,17,68,0,0,17,68,California
Amador,2020-12-20,4,72,4,72,0,0,0,0,4,72,0,0,4,72,California
Amador,2020-12-21,33,105,33,105,0,0,0,0,33,105,0,0,33,105,California
Amador,2020-12-22,35,140,34,139,1,1,0,0,35,140,0,0,35,140,California
Amador,2020-12-23,39,179,38,177,1,2,0,0,39,179,0,0,39,179,California
Amador,2020-12-24,5,184,3,180,2,4,0,0,5,184,0,0,5,184,California
Amador,2020-12-26,6,190,5,185,1,5,0,0,6,190,0,0,6,190,California
Amador,2020-12-27,1,191,0,185,1,6,0,0,1,191,0,0,1,191,California
Amador,2020-12-28,31,222,27,212,4,10,0,0,31,222,0,0,31,222,California
Amador,2020-12-29,26,248,19,231,7,17,0,0,26,248,0,0,26,248,California
Amador,2020-12-30,121,369,75,306,46,63,0,0,121,369,0,0,121,369,California
Amador,2020-12-31,192,561,167,473,25,88,0,0,192,561,0,0,192,561,California
Amador,2021-01-01,1,562,0,473,1,89,0,0,1,562,0,0,1,562,California
Amador,2021-01-02,56,618,56,529,0,89,0,0,56,618,0,0,56,618,California
Amador,2021-01-03,65,683,17,546,48,137,0,0,65,683,0,0,65,683,California
Amador,2021-01-04,125,808,1,547,124,261,0,0,124,806,1,1,124,807,California
Amador,2021-01-05,33,841,3,550,30,291,0,0,32,837,1,2,32,839,California
Amador,2021-01-06,38,879,10,560,28,319,0,0,34,867,4,6,34,873,California
Amador,2021-01-07,227,1106,68,628,159,478,0,0,215,1070,12,18,215,1088,California
Amador,2021-01-08,84,1190,70,698,14,492,0,0,40,1067,44,62,41,1129,California
Amador,2021-01-09,11,1201,11,709,0,492,0,0,2,1060,9,71,2,1131,California
Amador,2021-01-10,7,1208,5,714,2,494,0,0,3,1059,4,75,3,1134,California
Amador,2021-01-11,124,1332,44,758,80,574,0,0,89,1113,35,110,89,1223,California
Amador,2021-01-12,62,1394,48,806,14,588,0,0,39,1129,23,133,39,1262,California
Amador,2021-01-13,39,1433,25,831,14,602,0,0,26,1142,13,146,26,1288,California
Amador,2021-01-14,146,1579,20,851,126,728,0,0,136,1268,10,156,136,1424,California
Amador,2021-01-15,56,1635,23,874,33,761,0,0,49,1310,7,163,49,1473,California
Amador,2021-01-16,19,1654,12,886,7,768,0,0,13,1318,6,169,14,1487,California
Amador,2021-01-17,25,1679,5,891,20,788,0,0,25,1343,0,169,25,1512,California
Amador,2021-01-18,31,1710,27,918,4,792,0,0,9,1330,22,191,9,1521,California
Amador,2021-01-19,120,1830,96,1014,24,816,0,0,77,1364,43,234,77,1598,California
Amador,2021-01-20,181,2011,32,1046,149,965,0,0,166,1516,14,248,166,1764,California
Amador,2021-01-21,252,2263,221,1267,31,996,0,0,143,1550,109,357,143,1907,California
Amador,2021-01-22,133,2396,71,1338,62,1058,0,0,127,1671,6,363,127,2034,California
Amador,2021-01-23,52,2448,32,1370,20,1078,0,0,50,1719,2,365,50,2084,California
Amador,2021-01-24,29,2477,12,1382,17,1095,0,0,26,1742,3,368,26,2110,California
Amador,2021-01-25,57,2534,28,1410,29,1124,0,0,40,1765,17,385,40,2150,California
Amador,2021-01-26,242,2776,16,1426,226,1350,0,0,232,1987,10,395,232,2382,California
Amador,2021-01-27,296,3072,29,1455,267,1617,0,0,249,2192,45,440,250,2632,California
Amador,2021-01-28,343,3415,73,1528,270,1887,0,0,282,2414,61,501,283,2915,California
Amador,2021-01-29,96,3511,30,1558,66,1953,0,0,81,2480,15,516,81,2996,California
Amador,2021-01-30,166,3677,32,1590,134,2087,0,0,161,2636,5,521,161,3157,California
Amador,2021-01-31,32,3709,28,1618,4,2091,0,0,31,2666,1,522,31,3188,California
Amador,2021-02-01,62,3771,23,1641,39,2130,0,0,35,2674,27,549,35,3223,California
Amador,2021-02-02,216,3987,65,1706,151,2281,0,0,128,2717,85,634,128,3351,California
Amador,2021-02-03,141,4128,38,1744,103,2384,0,0,91,2759,49,683,91,3442,California
Amador,2021-02-04,248,4376,70,1814,178,2562,0,0,163,2839,85,768,165,3607,California
Amador,2021-02-05,326,4702,60,1874,266,2828,0,0,311,3135,15,783,311,3918,California
Amador,2021-02-06,101,4803,81,1955,20,2848,0,0,97,3228,4,787,97,4015,California
Amador,2021-02-07,38,4841,35,1990,3,2851,0,0,35,3260,3,790,35,4050,California
Amador,2021-02-08,91,4932,63,2053,28,2879,0,0,73,3315,18,808,73,4123,California
Amador,2021-02-09,171,5103,82,2135,89,2968,0,0,108,3360,63,871,108,4231,California
Amador,2021-02-10,717,5820,77,2212,640,3608,0,0,685,4013,32,903,685,4916,California
Amador,2021-02-11,308,6128,120,2332,188,3796,0,0,203,4112,104,1007,203,5119,California
Amador,2021-02-12,326,6454,118,2450,208,4004,0,0,253,4292,73,1080,253,5372,California
Amador,2021-02-13,163,6617,78,2528,85,4089,0,0,137,4403,26,1106,137,5509,California
Amador,2021-02-14,123,6740,54,2582,69,4158,0,0,106,4492,17,1123,106,5615,California
Amador,2021-02-15,185,6925,60,2642,125,4283,0,0,168,4644,16,1139,168,5783,California
Amador,2021-02-16,409,7334,52,2694,357,4640,0,0,370,4976,39,1178,371,6154,California
Amador,2021-02-17,263,7597,83,2777,180,4820,0,0,167,5047,96,1274,167,6321,California
Amador,2021-02-18,400,7997,99,2876,301,5121,0,0,339,5326,61,1335,340,6661,California
Amador,2021-02-19,191,8188,74,2950,117,5238,0,0,109,5354,82,1417,110,6771,California
Amador,2021-02-20,91,8279,27,2977,64,5302,0,0,63,5389,28,1445,63,6834,California
Amador,2021-02-21,47,8326,35,3012,12,5314,0,0,17,5376,30,1475,17,6851,California
Amador,2021-02-22,64,8390,25,3037,39,5353,0,0,33,5379,30,1505,33,6884,California
Amador,2021-02-23,320,8710,57,3094,263,5616,0,0,139,5340,181,1686,142,7026,California
Amador,2021-02-24,395,9105,53,3147,342,5958,0,0,267,5483,124,1810,267,7293,California
Amador,2021-02-25,515,9620,108,3255,407,6365,0,0,278,5526,235,2045,278,7571,California
Amador,2021-02-26,601,10221,75,3330,526,6891,0,0,501,5929,99,2144,502,8073,California
Amador,2021-02-27,287,10508,92,3422,195,7086,0,0,100,5848,186,2330,105,8178,California
Amador,2021-02-28,102,10610,52,3474,50,7136,0,0,57,5863,45,2375,60,8238,California
Amador,2021-03-01,190,10800,70,3544,120,7256,0,0,125,5924,65,2440,126,8364,California
Amador,2021-03-02,389,11189,62,3606,327,7583,0,0,337,6211,52,2492,339,8703,California
Amador,2021-03-03,236,11425,78,3684,158,7741,0,0,162,6300,74,2566,163,8866,California
Amador,2021-03-04,487,11912,114,3798,373,8114,0,0,385,6585,102,2668,387,9253,California
Amador,2021-03-05,488,12400,64,3862,424,8538,0,0,278,6656,209,2877,280,9533,California
Amador,2021-03-06,90,12490,39,3901,50,8588,1,1,49,6665,41,2918,50,9583,California
Amador,2021-03-07,62,12552,44,3945,18,8606,0,1,19,6641,43,2961,19,9602,California
Amador,2021-03-08,148,12700,71,4016,76,8682,1,2,87,6669,61,3022,89,9691,California
Amador,2021-03-09,380,13080,47,4063,333,9015,0,2,319,6930,58,3080,319,10010,California
Amador,2021-03-10,515,13595,78,4141,436,9451,1,3,245,6908,270,3350,248,10258,California
Amador,2021-03-11,475,14070,115,4256,351,9802,9,12,330,7107,143,3493,342,10600,California
Amador,2021-03-12,551,14621,67,4323,478,10280,6,18,310,7214,240,3733,347,10947,California
Amador,2021-03-13,86,14707,14,4337,65,10345,7,25,30,7217,56,3789,59,11006,California
Amador,2021-03-14,64,14771,20,4357,42,10387,2,27,21,7198,43,3832,24,11030,California
Amador,2021-03-15,186,14957,22,4379,151,10538,13,40,56,7141,130,3962,73,11103,California
Amador,2021-03-16,460,15417,58,4437,394,10932,8,48,195,7082,262,4224,203,11306,California
Amador,2021-03-17,191,15608,39,4476,149,11081,3,51,117,7130,74,4298,122,11428,California
Amador,2021-03-18,453,16061,84,4560,366,11447,3,54,235,7157,217,4515,244,11672,California
Amador,2021-03-19,531,16592,47,4607,468,11915,16,70,391,7430,138,4653,411,12083,California
Amador,2021-03-20,79,16671,38,4645,41,11956,0,70,30,7413,48,4701,31,12114,California
Amador,2021-03-21,46,16717,34,4679,11,11967,1,71,29,7429,16,4717,32,12146,California
Amador,2021-03-22,117,16834,35,4714,53,12020,29,100,49,7440,67,4784,78,12224,California
Amador,2021-03-23,438,17272,49,4763,381,12401,8,108,280,7572,156,4940,288,12512,California
Amador,2021-03-24,341,17613,34,4797,54,12455,253,361,33,7550,306,5246,284,12796,California
Amador,2021-03-25,604,18217,85,4882,514,12969,5,366,391,7739,210,5456,399,13195,California
Amador,2021-03-26,735,18952,39,4921,690,13659,6,372,287,7597,447,5903,305,13500,California
Amador,2021-03-27,86,19038,14,4935,71,13730,1,373,27,7569,58,5961,30,13530,California
Amador,2021-03-28,68,19106,14,4949,52,13782,2,375,12,7527,56,6017,14,13544,California
Amador,2021-03-29,181,19287,27,4976,153,13935,1,376,79,7515,98,6115,86,13630,California
Amador,2021-03-30,162,19449,22,4998,140,14075,0,376,99,7551,63,6178,99,13729,California
Amador,2021-03-31,209,19658,57,5055,147,14222,5,381,47,7445,162,6340,56,13785,California
Amador,2021-04-01,616,20274,87,5142,529,14751,0,381,272,7386,341,6681,282,14067,California
Amador,2021-04-02,596,20870,34,5176,553,15304,9,390,383,7574,212,6893,400,14467,California
Amador,2021-04-03,72,20942,16,5192,41,15345,15,405,21,7561,51,6944,38,14505,California
Amador,2021-04-04,35,20977,3,5195,31,15376,1,406,18,7563,17,6961,19,14524,California
Amador,2021-04-05,55,21032,32,5227,20,15396,3,409,23,7557,32,6993,26,14550,California
Butte,2020-12-16,3,3,3,3,0,0,0,0,3,3,0,0,3,3,California
Butte,2020-12-17,20,23,20,23,0,0,0,0,20,23,0,0,20,23,California
Butte,2020-12-18,50,73,50,73,0,0,0,0,50,73,0,0,50,73,California
Butte,2020-12-19,7,80,7,80,0,0,0,0,7,80,0,0,7,80,California
Butte,2020-12-20,10,90,10,90,0,0,0,0,10,90,0,0,10,90,California
Butte,2020-12-21,633,723,633,723,0,0,0,0,633,723,0,0,633,723,California
Butte,2020-12-22,618,1341,616,1339,2,2,0,0,618,1341,0,0,618,1341,California
Butte,2020-12-23,870,2211,854,2193,16,18,0,0,870,2211,0,0,870,2211,California
Butte,2020-12-24,160,2371,157,2350,3,21,0,0,160,2371,0,0,160,2371,California
Butte,2020-12-26,93,2464,91,2441,2,23,0,0,93,2464,0,0,93,2464,California
Butte,2020-12-27,35,2499,34,2475,1,24,0,0,35,2499,0,0,35,2499,California
Butte,2020-12-28,280,2779,274,2749,6,30,0,0,280,2779,0,0,280,2779,California
Butte,2020-12-29,204,2983,180,2929,24,54,0,0,204,2983,0,0,204,2983,California
Butte,2020-12-30,498,3481,289,3218,209,263,0,0,498,3481,0,0,498,3481,California
Butte,2020-12-31,211,3692,18,3236,193,456,0,0,211,3692,0,0,211,3692,California
Butte,2021-01-01,7,3699,1,3237,6,462,0,0,7,3699,0,0,7,3699,California
Butte,2021-01-02,37,3736,36,3273,1,463,0,0,37,3736,0,0,37,3736,California
Butte,2021-01-03,4,3740,1,3274,3,466,0,0,4,3740,0,0,4,3740,California
Butte,2021-01-04,206,3946,173,3447,33,499,0,0,206,3946,0,0,206,3946,California
Butte,2021-01-05,194,4140,151,3598,43,542,0,0,193,4138,1,1,193,4139,California
Butte,2021-01-06,623,4763,396,3994,227,769,0,0,619,4753,4,5,619,4758,California
Butte,2021-01-07,761,5524,369,4363,392,1161,0,0,742,5476,19,24,742,5500,California
Butte,2021-01-08,570,6094,529,4892,41,1202,0,0,524,5954,46,70,524,6024,California
Butte,2021-01-09,12,6106,7,4899,5,1207,0,0,7,5956,5,75,7,6031,California
Butte,2021-01-10,19,6125,5,4904,14,1221,0,0,14,5965,5,80,14,6045,California
Butte,2021-01-11,987,7112,951,5855,36,1257,0,0,358,5697,629,709,361,6406,California
Butte,2021-01-12,697,7809,652,6507,45,1302,0,0,274,5548,423,1132,274,6680,California
Butte,2021-01-13,1446,9255,955,7462,491,1793,0,0,611,5326,835,1967,613,7293,California
Butte,2021-01-14,1637,10892,898,8360,739,2532,0,0,1440,6570,196,2163,1440,8733,California
Butte,2021-01-15,1169,12061,926,9286,243,2775,0,0,1059,7518,111,2274,1059,9792,California
Butte,2021-01-16,584,12645,300,9586,284,3059,0,0,539,8012,45,2319,539,10331,California
Butte,2021-01-17,239,12884,64,9650,175,3234,0,0,202,8177,37,2356,202,10533,California
Butte,2021-01-18,343,13227,302,9952,41,3275,0,0,275,8385,67,2423,275,10808,California
Butte,2021-01-19,489,13716,426,10378,63,3338,0,0,216,8331,273,2696,219,11027,California
Butte,2021-01-20,1346,15062,664,11042,682,4020,0,0,1046,9077,300,2996,1046,12073,California
Butte,2021-01-21,1475,16537,867,11909,608,4628,0,0,1369,10341,105,3101,1369,13442,California
Butte,2021-01-22,989,17526,333,12242,656,5284,0,0,936,11224,53,3154,936,14378,California
Butte,2021-01-23,123,17649,82,12324,41,5325,0,0,98,11297,25,3179,98,14476,California
Butte,2021-01-24,8,17657,6,12330,2,5327,0,0,8,11305,0,3179,8,14484,California
Butte,2021-01-25,650,18307,334,12664,316,5643,0,0,488,11631,162,3341,488,14972,California
Butte,2021-01-26,1459,19766,376,13040,1083,6726,0,0,1322,12817,137,3478,1323,16295,California
Butte,2021-01-27,2075,21841,704,13744,1371,8097,0,0,1360,13462,715,4193,1360,17655,California
Butte,2021-01-28,2256,24097,259,14003,1997,10094,0,0,1947,15101,308,4501,1947,19602,California
Butte,2021-01-29,1672,25769,487,14490,1185,11279,0,0,1292,16015,378,4879,1292,20894,California
Butte,2021-01-30,32,25801,10,14500,22,11301,0,0,29,16041,3,4882,29,20923,California
Butte,2021-01-31,16,25817,14,14514,2,11303,0,0,15,16055,1,4883,15,20938,California
Butte,2021-02-01,1738,27555,404,14918,1334,12637,0,0,1353,17026,383,5266,1354,22292,California
Butte,2021-02-02,1930,29485,362,15280,1568,14205,0,0,1626,18348,304,5570,1626,23918,California
Butte,2021-02-03,2731,32216,773,16053,1958,16163,0,0,1840,19299,889,6459,1840,25758,California
Butte,2021-02-04,2955,35171,325,16378,2630,18793,0,0,2399,21144,554,7013,2399,28157,California
Butte,2021-02-05,1167,36338,661,17039,506,19299,0,0,540,21057,627,7640,540,28697,California
Butte,2021-02-06,142,36480,102,17141,40,19339,0,0,60,21035,82,7722,60,28757,California
Butte,2021-02-07,39,36519,35,17176,4,19343,0,0,15,21026,24,7746,15,28772,California
Butte,2021-02-08,691,37210,540,17716,151,19494,0,0,241,20817,450,8196,241,29013,California
Butte,2021-02-09,950,38160,456,18172,494,19988,0,0,723,21313,227,8423,723,29736,California
Butte,2021-02-10,1706,39866,1190,19362,516,20504,0,0,697,21002,1008,9431,697,30433,California
Butte,2021-02-11,2199,42065,1351,20713,848,21352,0,0,1005,20814,1194,10625,1006,31439,California
Butte,2021-02-12,860,42925,298,21011,562,21914,0,0,313,20581,546,11171,313,31752,California
Butte,2021-02-13,246,43171,45,21056,201,22115,0,0,145,20624,102,11273,145,31897,California
Butte,2021-02-14,160,43331,11,21067,149,22264,0,0,155,20774,5,11278,155,32052,California
Butte,2021-02-15,258,43589,47,21114,211,22475,0,0,196,20908,62,11340,196,32248,California
Butte,2021-02-16,735,44324,433,21547,302,22777,0,0,278,20729,457,11797,278,32526,California
Butte,2021-02-17,1507,45831,843,22390,664,23441,0,0,834,20891,672,12469,834,33360,California
Butte,2021-02-18,1549,47380,754,23144,795,24236,0,0,745,20832,804,13273,745,34105,California
Butte,2021-02-19,1168,48548,389,23533,779,25015,0,0,404,20477,759,14032,404,34509,California
Butte,2021-02-20,477,49025,33,23566,444,25459,0,0,122,20245,354,14386,122,34631,California
Butte,2021-02-21,14,49039,12,23578,2,25461,0,0,10,20251,4,14390,10,34641,California
Butte,2021-02-22,1488,50527,293,23871,1195,26656,0,0,388,19540,1099,15489,388,35029,California
Butte,2021-02-23,1627,52154,300,24171,1327,27983,0,0,465,18848,1157,16646,465,35494,California
Butte,2021-02-24,2112,54266,594,24765,1518,29501,0,0,727,18197,1378,18024,727,36221,California
Butte,2021-02-25,2071,56337,579,25344,1492,30993,0,0,666,17462,1402,19426,667,36888,California
Butte,2021-02-26,922,57259,318,25662,604,31597,0,0,400,17343,519,19945,400,37288,California
Butte,2021-02-27,231,57490,43,25705,188,31785,0,0,184,17482,45,19990,184,37472,California
Butte,2021-02-28,141,57631,19,25724,122,31907,0,0,131,17603,10,20000,131,37603,California
Butte,2021-03-01,1526,59157,175,25899,1351,33258,0,0,321,16721,1204,21204,322,37925,California
Butte,2021-03-02,1662,60819,191,26090,1471,34729,0,0,300,15662,1359,22563,300,38225,California
Butte,2021-03-03,2603,63422,814,26904,1789,36518,0,0,445,13951,2157,24720,446,38671,California
Butte,2021-03-04,3001,66423,660,27564,2341,38859,0,0,601,12153,2399,27119,601,39272,California
Butte,2021-03-05,1298,67721,599,28163,698,39557,1,1,700,12255,599,27718,701,39973,California
Butte,2021-03-06,198,67919,30,28193,147,39704,21,22,144,12367,53,27771,165,40138,California
Butte,2021-03-07,61,67980,9,28202,35,39739,17,39,32,12387,29,27800,49,40187,California
Butte,2021-03-08,1232,69212,132,28334,1032,40771,68,107,1080,13386,150,27950,1149,41336,California
Butte,2021-03-09,1870,71082,278,28612,1489,42260,103,210,1383,14386,486,28436,1486,42822,California
Butte,2021-03-10,2216,73298,934,29546,1234,43494,48,258,1541,15305,670,29106,1589,44411,California
Butte,2021-03-11,2694,75992,1272,30818,1314,44808,108,366,1899,16528,785,29891,2008,46419,California
Butte,2021-03-12,955,76947,285,31103,401,45209,269,635,330,16506,620,30511,598,47017,California
Butte,2021-03-13,191,77138,54,31157,92,45301,45,680,59,16478,132,30643,104,47121,California
Butte,2021-03-14,120,77258,14,31171,65,45366,41,721,20,16439,100,30743,61,47182,California
Butte,2021-03-15,1674,78932,349,31520,1053,46419,272,993,1107,17254,564,31307,1379,48561,California
Butte,2021-03-16,1607,80539,411,31931,1124,47543,72,1065,1071,17863,534,31841,1143,49704,California
Butte,2021-03-17,1873,82412,1332,33263,466,48009,75,1140,1082,18234,786,32627,1157,50861,California
Butte,2021-03-18,1521,83933,1205,34468,202,48211,114,1254,881,18592,637,33264,995,51856,California
Butte,2021-03-19,541,84474,242,34710,229,48440,70,1324,255,18637,281,33545,326,52182,California
Butte,2021-03-20,159,84633,30,34740,114,48554,15,1339,75,18644,83,33628,90,52272,California
Butte,2021-03-21,64,84697,29,34769,6,48560,29,1368,22,18653,42,33670,51,52323,California
Butte,2021-03-22,1441,86138,342,35111,1010,49570,89,1457,1183,19671,255,33925,1273,53596,California
Butte,2021-03-23,1751,87889,451,35562,1194,50764,106,1563,1419,20864,331,34256,1524,55120,California
Butte,2021-03-24,2169,90058,1204,36766,852,51616,113,1676,1649,22111,516,34772,1763,56883,California
Butte,2021-03-25,1433,91491,1145,37911,195,51811,93,1769,965,22704,466,35238,1059,57942,California
Butte,2021-03-26,1194,92685,428,38339,525,52336,241,2010,552,22869,634,35872,799,58741,California
Butte,2021-03-27,322,93007,90,38429,208,52544,24,2034,147,22870,173,36045,174,58915,California
Butte,2021-03-28,223,93230,46,38475,170,52714,7,2041,96,22848,124,36169,102,59017,California
Butte,2021-03-29,1684,94914,350,38825,1265,53979,69,2110,1268,23773,412,36581,1337,60354,California
Butte,2021-03-30,998,95912,451,39276,459,54438,88,2198,459,23789,534,37115,550,60904,California
Butte,2021-03-31,1701,97613,1236,40512,400,54838,65,2263,1049,24286,650,37765,1147,62051,California
Butte,2021-04-01,3175,100788,2607,43119,445,55283,123,2386,2129,25515,1039,38804,2268,64319,California
Butte,2021-04-02,942,101730,393,43512,442,55725,107,2493,538,25773,394,39198,652,64971,California
Butte,2021-04-03,344,102074,53,43565,209,55934,82,2575,161,25839,182,39380,248,65219,California
Butte,2021-04-04,152,102226,16,43581,119,56053,17,2592,90,25888,61,39441,110,65329,California
Butte,2021-04-05,1550,103776,302,43883,1176,57229,72,2664,462,25349,1082,40523,543,65872,California
Calaveras,2020-12-16,5,5,5,5,0,0,0,0,5,5,0,0,5,5,California
Calaveras,2020-12-17,3,8,3,8,0,0,0,0,3,8,0,0,3,8,California
Calaveras,2020-12-18,38,46,38,46,0,0,0,0,38,46,0,0,38,46,California
Calaveras,2020-12-19,3,49,3,49,0,0,0,0,3,49,0,0,3,49,California
Calaveras,2020-12-20,3,52,3,52,0,0,0,0,3,52,0,0,3,52,California
Calaveras,2020-12-21,55,107,48,100,7,7,0,0,55,107,0,0,55,107,California
Calaveras,2020-12-22,81,188,77,177,4,11,0,0,82,189,0,0,82,189,California
Calaveras,2020-12-23,77,265,75,252,2,13,0,0,86,275,0,0,86,275,California
Calaveras,2020-12-24,2,267,2,254,0,13,0,0,2,277,0,0,2,277,California
Calaveras,2020-12-26,3,270,3,257,0,13,0,0,3,280,0,0,3,280,California
Calaveras,2020-12-28,22,292,18,275,4,17,0,0,21,300,1,1,21,301,California
Calaveras,2020-12-29,166,458,147,422,19,36,0,0,166,466,0,1,166,467,California
Calaveras,2020-12-30,94,552,82,504,12,48,0,0,94,560,0,1,94,561,California
Calaveras,2020-12-31,36,588,26,530,10,58,0,0,36,596,0,1,36,597,California
Calaveras,2021-01-02,11,599,11,541,0,58,0,0,11,607,0,1,11,608,California
Calaveras,2021-01-03,8,607,3,544,5,63,0,0,8,615,0,1,8,616,California
Calaveras,2021-01-04,33,640,5,549,28,91,0,0,33,648,0,1,33,649,California
Calaveras,2021-01-05,39,679,9,558,30,121,0,0,38,683,3,4,38,687,California
Calaveras,2021-01-06,109,788,30,588,79,200,0,0,99,772,10,14,99,786,California
Calaveras,2021-01-07,108,896,27,615,81,281,0,0,95,856,12,26,96,882,California
Calaveras,2021-01-08,68,964,37,652,31,312,0,0,46,881,22,48,47,929,California
Calaveras,2021-01-09,6,970,6,658,0,312,0,0,2,879,4,52,2,931,California
Calaveras,2021-01-10,2,972,0,658,2,314,0,0,2,881,0,52,2,933,California
Calaveras,2021-01-11,63,1035,58,716,5,319,0,0,28,875,34,86,28,961,California
Calaveras,2021-01-12,87,1122,54,770,33,352,0,0,54,896,33,119,54,1015,California
Calaveras,2021-01-13,107,1229,43,813,64,416,0,0,74,938,33,152,75,1090,California
Calaveras,2021-01-14,137,1366,41,854,96,512,0,0,102,1006,34,186,102,1192,California
Calaveras,2021-01-15,112,1478,51,905,61,573,0,0,85,1065,27,213,86,1278,California
Calaveras,2021-01-16,13,1491,2,907,11,584,0,0,12,1076,1,214,12,1290,California
Calaveras,2021-01-17,10,1501,1,908,9,593,0,0,10,1086,0,214,10,1300,California
Calaveras,2021-01-18,132,1633,20,928,112,705,0,0,119,1195,13,227,122,1422,California
Calaveras,2021-01-19,200,1833,172,1100,28,733,0,0,60,1117,138,365,60,1482,California
Calaveras,2021-01-20,393,2226,79,1179,314,1047,0,0,309,1351,83,448,317,1799,California
Calaveras,2021-01-21,462,2688,40,1219,422,1469,0,0,435,1765,27,475,441,2240,California
Calaveras,2021-01-22,430,3118,22,1241,408,1877,0,0,420,2182,10,485,427,2667,California
Calaveras,2021-01-23,23,3141,10,1251,13,1890,0,0,19,2197,4,489,19,2686,California
Calaveras,2021-01-24,16,3157,9,1260,7,1897,0,0,14,2209,2,491,14,2700,California
Calaveras,2021-01-25,121,3278,7,1267,114,2011,0,0,116,2320,5,496,116,2816,California
Calaveras,2021-01-26,47,3325,17,1284,30,2041,0,0,37,2347,10,506,37,2853,California
Calaveras,2021-01-27,160,3485,44,1328,116,2157,0,0,133,2454,26,532,133,2986,California
Calaveras,2021-01-28,165,3650,22,1350,143,2300,0,0,141,2574,24,556,144,3130,California
Calaveras,2021-01-29,444,4094,34,1384,410,2710,0,0,424,2985,20,576,431,3561,California
Calaveras,2021-01-30,27,4121,10,1394,17,2727,0,0,26,3011,0,576,26,3587,California
Calaveras,2021-01-31,5,4126,2,1396,3,2730,0,0,4,3014,1,577,4,3591,California
Calaveras,2021-02-01,55,4181,41,1437,14,2744,0,0,36,3031,19,596,36,3627,California
Calaveras,2021-02-02,110,4291,25,1462,85,2829,0,0,71,3064,39,635,72,3699,California
Calaveras,2021-02-03,442,4733,43,1505,399,3228,0,0,358,3340,83,718,359,4058,California
Calaveras,2021-02-04,380,5113,24,1529,356,3584,0,0,296,3554,82,800,296,4354,California
Calaveras,2021-02-05,80,5193,22,1551,58,3642,0,0,41,3558,39,839,43,4397,California
Calaveras,2021-02-06,22,5215,13,1564,9,3651,0,0,22,3580,0,839,22,4419,California
Calaveras,2021-02-07,4,5219,1,1565,3,3654,0,0,2,3580,2,841,2,4421,California
Calaveras,2021-02-08,36,5255,18,1583,18,3672,0,0,28,3602,7,848,29,4450,California
Calaveras,2021-02-09,210,5465,93,1676,117,3789,0,0,147,3692,57,905,147,4597,California
Calaveras,2021-02-10,507,5972,28,1704,479,4268,0,0,441,4068,66,971,442,5039,California
Calaveras,2021-02-11,580,6552,75,1779,505,4773,0,0,473,4437,105,1076,474,5513,California
Calaveras,2021-02-12,565,7117,323,2102,242,5015,0,0,492,4858,72,1148,493,6006,California
Calaveras,2021-02-13,192,7309,37,2139,155,5170,0,0,177,5020,15,1163,177,6183,California
Calaveras,2021-02-14,215,7524,73,2212,142,5312,0,0,201,5207,14,1177,201,6384,California
Calaveras,2021-02-15,376,7900,20,2232,356,5668,0,0,258,5351,115,1292,259,6643,California
Calaveras,2021-02-16,298,8198,174,2406,124,5792,0,0,243,5539,55,1347,243,6886,California
Calaveras,2021-02-17,524,8722,35,2441,489,6281,0,0,209,5441,308,1655,210,7096,California
Calaveras,2021-02-18,492,9214,88,2529,404,6685,0,0,97,5152,386,2041,97,7193,California
Calaveras,2021-02-19,440,9654,44,2573,396,7081,0,0,99,4919,332,2373,99,7292,California
Calaveras,2021-02-20,60,9714,15,2588,45,7126,0,0,48,4955,12,2385,48,7340,California
Calaveras,2021-02-21,21,9735,12,2600,9,7135,0,0,18,4970,3,2388,18,7358,California
Calaveras,2021-02-22,65,9800,39,2639,26,7161,0,0,34,4973,31,2419,34,7392,California
Calaveras,2021-02-23,149,9949,67,2706,82,7243,0,0,100,5026,49,2468,102,7494,California
Calaveras,2021-02-24,96,10045,45,2751,51,7294,0,0,66,5062,30,2498,66,7560,California
Calaveras,2021-02-25,554,10599,99,2850,455,7749,0,0,361,5233,190,2688,361,7921,California
Calaveras,2021-02-26,669,11268,44,2894,625,8374,0,0,366,5311,290,2978,368,8289,California
Calaveras,2021-02-27,206,11474,21,2915,185,8559,0,0,182,5469,24,3002,182,8471,California
Calaveras,2021-02-28,99,11573,14,2929,85,8644,0,0,93,5557,6,3008,94,8565,California
Calaveras,2021-03-01,193,11766,59,2988,134,8778,0,0,146,5657,46,3054,146,8711,California
Calaveras,2021-03-02,243,12009,92,3080,151,8929,0,0,200,5817,41,3095,201,8912,California
Calaveras,2021-03-03,481,12490,97,3177,384,9313,0,0,188,5716,290,3385,189,9101,California
Calaveras,2021-03-04,742,13232,61,3238,681,9994,0,0,333,5649,405,3790,338,9439,California
Calaveras,2021-03-05,444,13676,269,3507,170,10164,5,5,122,5463,320,4110,134,9573,California
Calaveras,2021-03-06,135,13811,42,3549,87,10251,6,11,100,5535,35,4145,107,9680,California
Calaveras,2021-03-07,75,13886,32,3581,35,10286,8,19,30,5531,44,4189,40,9720,California
Calaveras,2021-03-08,125,14011,23,3604,95,10381,7,26,93,5602,32,4221,103,9823,California
Calaveras,2021-03-09,383,14394,153,3757,225,10606,5,31,38,5303,342,4563,43,9866,California
Calaveras,2021-03-10,407,14801,29,3786,376,10982,2,33,42,4984,363,4926,44,9910,California
Calaveras,2021-03-11,841,15642,413,4199,416,11398,12,45,413,4983,426,5352,425,10335,California
Calaveras,2021-03-12,351,15993,216,4415,126,11524,9,54,226,5140,125,5477,282,10617,California
Calaveras,2021-03-13,91,16084,17,4432,69,11593,5,59,26,5138,65,5542,63,10680,California
Calaveras,2021-03-14,89,16173,10,4442,78,11671,1,60,8,5075,80,5622,17,10697,California
Calaveras,2021-03-15,330,16503,47,4489,257,11928,26,86,51,4879,278,5900,82,10779,California
Calaveras,2021-03-16,716,17219,577,5066,119,12047,20,106,561,5311,150,6050,582,11361,California
Calaveras,2021-03-17,272,17491,45,5111,215,12262,12,118,47,5147,224,6274,60,11421,California
Calaveras,2021-03-18,649,18140,565,5676,69,12331,15,133,543,5600,106,6380,559,11980,California
Calaveras,2021-03-19,226,18366,44,5720,110,12441,72,205,54,5556,169,6549,125,12105,California
Calaveras,2021-03-20,62,18428,17,5737,45,12486,0,205,19,5533,43,6592,20,12125,California
Calaveras,2021-03-21,47,18475,30,5767,6,12492,11,216,12,5522,35,6627,24,12149,California
Calaveras,2021-03-22,81,18556,36,5803,24,12516,21,237,26,5514,55,6682,47,12196,California
Calaveras,2021-03-23,301,18857,218,6021,73,12589,10,247,123,5475,172,6854,133,12329,California
Calaveras,2021-03-24,133,18990,47,6068,76,12665,10,257,52,5456,81,6935,62,12391,California
Calaveras,2021-03-25,737,19727,101,6169,634,13299,2,259,446,5618,287,7222,449,12840,California
Calaveras,2021-03-26,425,20152,28,6197,391,13690,6,265,95,5397,327,7549,106,12946,California
Calaveras,2021-03-27,208,20360,18,6215,186,13876,4,269,33,5265,172,7721,40,12986,California
Calaveras,2021-03-28,108,20468,7,6222,99,13975,2,271,5,5171,102,7823,8,12994,California
Calaveras,2021-03-29,173,20641,19,6241,152,14127,2,273,59,5123,113,7936,65,13059,California
Calaveras,2021-03-30,541,21182,32,6273,493,14620,16,289,375,5351,164,8100,392,13451,California
Calaveras,2021-03-31,310,21492,133,6406,167,14787,10,299,158,5369,151,8251,169,13620,California
Calaveras,2021-04-01,659,22151,429,6835,229,15016,1,300,176,5074,480,8731,185,13805,California
Calaveras,2021-04-02,374,22525,225,7060,141,15157,8,308,112,4939,260,8991,125,13930,California
Calaveras,2021-04-03,118,22643,24,7084,91,15248,3,311,33,4891,85,9076,37,13967,California
Calaveras,2021-04-04,69,22712,22,7106,47,15295,0,311,44,4911,24,9100,44,14011,California
Calaveras,2021-04-05,34,22746,27,7133,5,15300,2,313,18,4915,16,9116,20,14031,California
Colusa,2020-12-18,1,1,1,1,0,0,0,0,1,1,0,0,1,1,California
Colusa,2020-12-21,2,3,2,3,0,0,0,0,2,3,0,0,2,3,California
Colusa,2020-12-22,10,13,10,13,0,0,0,0,10,13,0,0,10,13,California
Colusa,2020-12-23,10,23,10,23,0,0,0,0,10,23,0,0,10,23,California
Colusa,2020-12-24,2,25,1,24,1,1,0,0,2,25,0,0,2,25,California
Colusa,2020-12-27,1,26,1,25,0,1,0,0,1,26,0,0,1,26,California
Colusa,2020-12-28,7,33,3,28,4,5,0,0,7,33,0,0,7,33,California
Colusa,2020-12-29,11,44,7,35,4,9,0,0,11,44,0,0,11,44,California
Colusa,2020-12-30,50,94,13,48,37,46,0,0,50,94,0,0,50,94,California
Colusa,2020-12-31,18,112,1,49,17,63,0,0,18,112,0,0,18,112,California
Colusa,2021-01-04,5,117,0,49,5,68,0,0,5,117,0,0,5,117,California
Colusa,2021-01-05,68,185,1,50,67,135,0,0,68,185,0,0,68,185,California
Colusa,2021-01-06,15,200,9,59,6,141,0,0,15,200,0,0,15,200,California
Colusa,2021-01-07,37,237,4,63,33,174,0,0,36,235,1,1,36,236,California
Colusa,2021-01-08,9,246,7,70,2,176,0,0,8,242,1,2,8,244,California
Colusa,2021-01-09,3,249,1,71,2,178,0,0,3,245,0,2,3,247,California
Colusa,2021-01-10,1,250,0,71,1,179,0,0,1,246,0,2,1,248,California
Colusa,2021-01-11,12,262,6,77,6,185,0,0,7,248,5,7,7,255,California
Colusa,2021-01-12,11,273,9,86,2,187,0,0,6,249,5,12,6,261,California
Colusa,2021-01-13,21,294,13,99,8,195,0,0,13,254,8,20,13,274,California
Colusa,2021-01-14,35,329,28,127,7,202,0,0,33,285,2,22,33,307,California
Colusa,2021-01-15,43,372,5,132,38,240,0,0,41,324,2,24,41,348,California
Colusa,2021-01-16,12,384,1,133,11,251,0,0,11,334,1,25,11,359,California
Colusa,2021-01-17,3,387,2,135,1,252,0,0,2,335,1,26,2,361,California
Colusa,2021-01-18,4,391,0,135,4,256,0,0,4,339,0,26,4,365,California
Colusa,2021-01-19,9,400,8,143,1,257,0,0,5,340,4,30,5,370,California
Colusa,2021-01-20,114,514,101,244,13,270,0,0,101,428,13,43,101,471,California
Colusa,2021-01-21,56,570,41,285,15,285,0,0,55,482,1,44,55,526,California
Colusa,2021-01-22,39,609,17,302,22,307,0,0,34,511,5,49,34,560,California
Colusa,2021-01-23,36,645,6,308,30,337,0,0,36,547,0,49,36,596,California
Colusa,2021-01-25,7,652,0,308,7,344,0,0,7,554,0,49,7,603,California
Colusa,2021-01-26,9,661,5,313,4,348,0,0,5,555,4,53,5,608,California
Colusa,2021-01-27,107,768,31,344,76,424,0,0,105,658,2,55,105,713,California
Colusa,2021-01-28,78,846,45,389,33,457,0,0,72,724,6,61,72,785,California
Colusa,2021-01-29,40,886,6,395,34,491,0,0,39,762,1,62,39,824,California
Colusa,2021-01-30,27,913,4,399,23,514,0,0,27,789,0,62,27,851,California
Colusa,2021-01-31,7,920,7,406,0,514,0,0,7,796,0,62,7,858,California
Colusa,2021-02-01,27,947,10,416,17,531,0,0,22,813,5,67,22,880,California
Colusa,2021-02-02,42,989,8,424,34,565,0,0,36,843,6,73,36,916,California
Colusa,2021-02-03,70,1059,10,434,60,625,0,0,59,891,11,84,59,975,California
Colusa,2021-02-04,143,1202,81,515,62,687,0,0,116,980,27,111,116,1091,California
Colusa,2021-02-05,33,1235,8,523,25,712,0,0,30,1007,3,114,30,1121,California
Colusa,2021-02-06,287,1522,8,531,279,991,0,0,275,1271,11,125,275,1396,California
Colusa,2021-02-07,2,1524,1,532,1,992,0,0,0,1269,2,127,0,1396,California
Colusa,2021-02-08,40,1564,5,537,35,1027,0,0,37,1303,3,130,37,1433,California
Colusa,2021-02-09,232,1796,14,551,218,1245,0,0,176,1423,56,186,176,1609,California
Colusa,2021-02-10,115,1911,41,592,74,1319,0,0,71,1451,44,230,72,1681,California
Colusa,2021-02-11,97,2008,36,628,61,1380,0,0,72,1498,25,255,72,1753,California
Colusa,2021-02-12,119,2127,9,637,110,1490,0,0,79,1536,41,296,79,1832,California
Colusa,2021-02-13,60,2187,9,646,51,1541,0,0,52,1580,8,304,52,1884,California
Colusa,2021-02-14,20,2207,8,654,12,1553,0,0,14,1589,5,309,14,1898,California
Colusa,2021-02-15,46,2253,10,664,36,1589,0,0,39,1621,7,316,39,1937,California
Colusa,2021-02-16,67,2320,4,668,63,1652,0,0,66,1686,1,317,66,2003,California
Colusa,2021-02-17,206,2526,143,811,63,1715,0,0,60,1600,146,463,60,2063,California
Colusa,2021-02-18,138,2664,36,847,102,1817,0,0,114,1690,24,487,114,2177,California
Colusa,2021-02-19,155,2819,19,866,136,1953,0,0,129,1793,26,513,129,2306,California
Colusa,2021-02-20,26,2845,5,871,21,1974,0,0,9,1786,17,530,10,2316,California
Colusa,2021-02-21,1,2846,1,872,0,1974,0,0,0,1785,1,531,0,2316,California
Colusa,2021-02-22,42,2888,25,897,17,1991,0,0,28,1799,14,545,28,2344,California
Colusa,2021-02-23,19,2907,4,901,15,2006,0,0,16,1812,3,548,16,2360,California
Colusa,2021-02-24,299,3206,54,955,245,2251,0,0,157,1827,142,690,157,2517,California
Colusa,2021-02-25,99,3305,53,1008,46,2297,0,0,64,1856,35,725,64,2581,California
Colusa,2021-02-26,98,3403,14,1022,84,2381,0,0,59,1876,39,764,59,2640,California
Colusa,2021-02-27,55,3458,4,1026,51,2432,0,0,40,1901,15,779,40,2680,California
Colusa,2021-02-28,26,3484,14,1040,12,2444,0,0,17,1909,9,788,17,2697,California
Colusa,2021-03-01,45,3529,15,1055,30,2474,0,0,28,1920,17,805,28,2725,California
Colusa,2021-03-02,47,3576,13,1068,34,2508,0,0,23,1920,23,828,23,2748,California
Colusa,2021-03-03,220,3796,37,1105,183,2691,0,0,164,2028,56,884,164,2912,California
Colusa,2021-03-04,135,3931,57,1162,78,2769,0,0,78,2049,57,941,78,2990,California
Colusa,2021-03-05,92,4023,19,1181,64,2833,9,9,46,2058,46,987,55,3045,California
Colusa,2021-03-06,246,4269,10,1191,236,3069,0,9,32,1876,214,1201,32,3077,California
Colusa,2021-03-07,8,4277,5,1196,3,3072,0,9,6,1880,2,1203,6,3083,California
Colusa,2021-03-08,86,4363,17,1213,32,3104,37,46,39,1908,47,1250,75,3158,California
Colusa,2021-03-09,262,4625,63,1276,180,3284,19,65,78,1821,184,1434,97,3255,California
Colusa,2021-03-10,241,4866,34,1310,193,3477,14,79,179,1953,61,1495,193,3448,California
Colusa,2021-03-11,400,5266,54,1364,324,3801,22,101,316,2207,84,1579,338,3786,California
Colusa,2021-03-12,91,5357,14,1378,65,3866,12,113,17,2163,74,1653,30,3816,California
Colusa,2021-03-13,55,5412,14,1392,34,3900,7,120,17,2149,38,1691,24,3840,California
Colusa,2021-03-14,11,5423,0,1392,9,3909,2,122,4,2148,7,1698,6,3846,California
Colusa,2021-03-15,69,5492,27,1419,35,3944,7,129,16,2118,53,1751,23,3869,California
Colusa,2021-03-16,267,5759,15,1434,205,4149,47,176,158,2214,109,1860,205,4074,California
Colusa,2021-03-17,165,5924,45,1479,120,4269,0,176,81,2211,84,1944,81,4155,California
Colusa,2021-03-18,284,6208,28,1507,188,4457,68,244,169,2333,115,2059,237,4392,California
Colusa,2021-03-19,58,6266,15,1522,42,4499,1,245,43,2362,15,2074,44,4436,California
Colusa,2021-03-20,36,6302,6,1528,29,4528,1,246,27,2381,9,2083,28,4464,California
Colusa,2021-03-21,6,6308,5,1533,1,4529,0,246,4,2383,2,2085,4,4468,California
Colusa,2021-03-22,59,6367,9,1542,42,4571,8,254,38,2408,21,2106,46,4514,California
Colusa,2021-03-23,74,6441,16,1558,56,4627,2,256,48,2433,25,2131,50,4564,California
Colusa,2021-03-24,330,6771,55,1613,272,4899,3,259,72,2250,257,2388,74,4638,California
Colusa,2021-03-25,102,6873,54,1667,43,4942,5,264,48,2249,54,2442,53,4691,California
Colusa,2021-03-26,290,7163,43,1710,244,5186,3,267,239,2444,51,2493,246,4937,California
Colusa,2021-03-27,64,7227,5,1715,59,5245,0,267,26,2432,38,2531,26,4963,California
Colusa,2021-03-28,16,7243,7,1722,9,5254,0,267,8,2432,8,2539,8,4971,California
Colusa,2021-03-29,68,7311,19,1741,44,5298,5,272,29,2427,39,2578,34,5005,California
Colusa,2021-03-30,139,7450,70,1811,67,5365,2,274,75,2440,64,2642,77,5082,California
Colusa,2021-03-31,223,7673,35,1846,188,5553,0,274,71,2378,152,2794,90,5172,California
Colusa,2021-04-01,422,8095,68,1914,301,5854,53,327,304,2619,117,2911,358,5530,California
Colusa,2021-04-02,78,8173,14,1928,51,5905,13,340,39,2632,39,2950,52,5582,California
Colusa,2021-04-03,57,8230,5,1933,29,5934,23,363,11,2621,46,2996,35,5617,California
Colusa,2021-04-04,19,8249,0,1933,9,5943,10,373,4,2620,15,3011,14,5631,California
Colusa,2021-04-05,54,8303,7,1940,44,5987,3,376,26,2621,28,3039,29,5660,California
Contra Costa,2020-12-15,19,19,19,19,0,0,0,0,19,19,0,0,19,19,California
Contra Costa,2020-12-16,522,541,522,541,0,0,0,0,522,541,0,0,522,541,California
Contra Costa,2020-12-17,906,1447,906,1447,0,0,0,0,906,1447,0,0,906,1447,California
Contra Costa,2020-12-18,1593,3040,1592,3039,1,1,0,0,1593,3040,0,0,1593,3040,California
Contra Costa,2020-12-19,1105,4145,1104,4143,1,2,0,0,1105,4145,0,0,1105,4145,California
Contra Costa,2020-12-20,582,4727,581,4724,1,3,0,0,582,4727,0,0,582,4727,California
Contra Costa,2020-12-21,1656,6383,1654,6378,2,5,0,0,1656,6383,0,0,1656,6383,California
Contra Costa,2020-12-22,1667,8050,1560,7938,107,112,0,0,1667,8050,0,0,1667,8050,California
Contra Costa,2020-12-23,1572,9622,1327,9265,245,357,0,0,1572,9622,0,0,1572,9622,California
Contra Costa,2020-12-24,649,10271,333,9598,316,673,0,0,649,10271,0,0,649,10271,California
Contra Costa,2020-12-25,38,10309,16,9614,22,695,0,0,38,10309,0,0,38,10309,California
Contra Costa,2020-12-26,643,10952,133,9747,510,1205,0,0,643,10952,0,0,643,10952,California
Contra Costa,2020-12-27,238,11190,84,9831,154,1359,0,0,238,11190,0,0,238,11190,California
Contra Costa,2020-12-28,1820,13010,856,10687,964,2323,0,0,1820,13010,0,0,1820,13010,California
Contra Costa,2020-12-29,1829,14839,824,11511,1005,3328,0,0,1829,14839,0,0,1829,14839,California
Contra Costa,2020-12-30,2393,17232,1211,12722,1182,4510,0,0,2392,17231,0,0,2392,17231,California
Contra Costa,2020-12-31,913,18145,308,13030,605,5115,0,0,912,18143,0,0,912,18143,California
Contra Costa,2021-01-01,57,18202,23,13053,34,5149,0,0,57,18200,0,0,57,18200,California
Contra Costa,2021-01-02,332,18534,170,13223,162,5311,0,0,332,18532,0,0,332,18532,California
Contra Costa,2021-01-03,173,18707,115,13338,58,5369,0,0,172,18704,0,0,172,18704,California
Contra Costa,2021-01-04,1906,20613,1247,14585,659,6028,0,0,1886,20572,18,18,1886,20590,California
Contra Costa,2021-01-05,2095,22708,1254,15839,841,6869,0,0,1837,22153,257,275,1838,22428,California
Contra Costa,2021-01-06,3268,25976,2243,18082,1025,7894,0,0,2509,23911,753,1028,2511,24939,California
Contra Costa,2021-01-07,3085,29061,2053,20135,1032,8926,0,0,1873,24578,1209,2237,1876,26815,California
Contra Costa,2021-01-08,3361,32422,2377,22512,984,9910,0,0,1805,24836,1550,3787,1808,28623,California
Contra Costa,2021-01-09,1581,34003,1130,23642,451,10361,0,0,753,24763,827,4614,754,29377,California
Contra Costa,2021-01-10,361,34364,286,23928,75,10436,0,0,152,24706,209,4823,152,29529,California
Contra Costa,2021-01-11,3815,38179,3101,27029,714,11150,0,0,2222,25337,1593,6416,2224,31753,California
Contra Costa,2021-01-12,3893,42072,2923,29952,970,12120,0,0,2573,26590,1321,7737,2574,34327,California
Contra Costa,2021-01-13,4662,46734,2876,32828,1786,13906,0,0,3735,29404,923,8660,3737,38064,California
Contra Costa,2021-01-14,4294,51028,1556,34384,2738,16644,0,0,3907,32924,387,9047,3907,41971,California
Contra Costa,2021-01-15,5331,56359,2473,36857,2858,19502,0,0,5005,37608,325,9372,5009,46980,California
Contra Costa,2021-01-16,1715,58074,554,37411,1161,20663,0,0,1639,39171,76,9448,1639,48619,California
Contra Costa,2021-01-17,1646,59720,983,38394,663,21326,0,0,1520,40567,126,9574,1522,50141,California
Contra Costa,2021-01-18,3207,62927,1258,39652,1949,23275,0,0,2578,42524,623,10197,2580,52721,California
Contra Costa,2021-01-19,7059,69986,3155,42807,3904,27179,0,0,6061,47596,995,11192,6067,58788,California
Contra Costa,2021-01-20,6582,76568,4033,46840,2549,29728,0,0,5355,51735,1222,12414,5361,64149,California
Contra Costa,2021-01-21,6959,83527,3089,49929,3870,33598,0,0,6240,57265,714,13128,6244,70393,California
Contra Costa,2021-01-22,6345,89872,2695,52624,3650,37248,0,0,5485,61901,851,13979,5487,75880,California
Contra Costa,2021-01-23,2016,91888,356,52980,1660,38908,0,0,1763,63415,251,14230,1765,77645,California
Contra Costa,2021-01-24,1577,93465,213,53193,1364,40272,0,0,1432,64706,145,14375,1436,79081,California
Contra Costa,2021-01-25,6617,100082,3004,56197,3613,43885,0,0,5058,68211,1558,15933,5063,84144,California
Contra Costa,2021-01-26,8053,108135,4661,60858,3392,47277,0,0,6223,72615,1823,17756,6227,90371,California
Contra Costa,2021-01-27,8216,116351,5488,66346,2728,50005,0,0,6327,77145,1799,19555,6329,96700,California
Contra Costa,2021-01-28,7359,123710,4045,70391,3314,53319,0,0,5781,81356,1572,21127,5783,102483,California
Contra Costa,2021-01-29,7427,131137,3877,74268,3550,56869,0,0,6126,86186,1298,22425,6128,108611,California
Contra Costa,2021-01-30,2043,133180,558,74826,1485,58354,0,0,1719,87588,317,22742,1719,110330,California
Contra Costa,2021-01-31,744,133924,526,75352,218,58572,0,0,570,87990,168,22910,570,110900,California
Contra Costa,2021-02-01,5516,139440,3759,79111,1757,60329,0,0,3885,90255,1625,24535,3890,114790,California
Contra Costa,2021-02-02,7753,147193,5278,84389,2475,62804,0,0,5904,94313,1847,26382,5905,120695,California
Contra Costa,2021-02-03,8268,155461,5471,89860,2797,65601,0,0,5639,97332,2621,29003,5640,126335,California
Contra Costa,2021-02-04,7440,162901,3526,93386,3914,69515,0,0,5726,101349,1711,30714,5728,132063,California
Contra Costa,2021-02-05,8421,171322,4826,98212,3595,73110,0,0,5726,104386,2689,33403,5726,137789,California
Contra Costa,2021-02-06,3458,174780,2148,100360,1310,74420,0,0,2810,106550,647,34050,2811,140600,California
Contra Costa,2021-02-07,981,175761,713,101073,268,74688,0,0,605,106780,375,34425,605,141205,California
Contra Costa,2021-02-08,5804,181565,3443,104516,2361,77049,0,0,4323,109628,1476,35901,4324,145529,California
Contra Costa,2021-02-09,8622,190187,4764,109280,3858,80907,0,0,5754,112519,2863,38764,5754,151283,California
Contra Costa,2021-02-10,8575,198762,4620,113900,3955,84862,0,0,5389,114737,3174,41938,5392,156675,California
Contra Costa,2021-02-11,9189,207951,4195,118095,4994,89856,0,0,5239,116033,3944,45882,5240,161915,California
Contra Costa,2021-02-12,10041,217992,4603,122698,5438,95294,0,0,5452,116906,4583,50465,5456,167371,California
Contra Costa,2021-02-13,4843,222835,1348,124046,3495,98789,0,0,3381,118828,1459,51924,3381,170752,California
Contra Costa,2021-02-14,2068,224903,855,124901,1213,100002,0,0,1212,119185,855,52779,1212,171964,California
Contra Costa,2021-02-15,4417,229320,2453,127354,1964,101966,0,0,2333,119443,2078,54857,2336,174300,California
Contra Costa,2021-02-16,10388,239708,4889,132243,5499,107465,0,0,4629,118325,5752,60609,4634,178934,California
Contra Costa,2021-02-17,12202,251910,6093,138336,6109,113574,0,0,5578,117295,6610,67219,5580,184514,California
Contra Costa,2021-02-18,11420,263330,5957,144293,5463,119037,0,0,5296,116478,6115,73334,5298,189812,California
Contra Costa,2021-02-19,11384,274714,7097,151390,4287,123324,0,0,5166,115441,6204,79538,5167,194979,California
Contra Costa,2021-02-20,6463,281177,2908,154298,3555,126879,0,0,4583,118159,1865,81403,4583,199562,California
Contra Costa,2021-02-21,1753,282930,1205,155503,548,127427,0,0,1059,118526,693,82096,1060,200622,California
Contra Costa,2021-02-22,7505,290435,5069,160572,2436,129863,0,0,3480,117990,4017,86113,3481,204103,California
Contra Costa,2021-02-23,11850,302285,7233,167805,4617,134480,0,0,5896,117950,5940,92053,5900,210003,California
Contra Costa,2021-02-24,10447,312732,7667,175472,2780,137260,0,0,5047,117616,5384,97437,5050,215053,California
Contra Costa,2021-02-25,11427,324159,7183,182655,4244,141504,0,0,5190,116594,6217,103654,5195,220248,California
Contra Costa,2021-02-26,10643,334802,6729,189384,3914,145418,0,0,5257,116487,5371,109025,5264,225512,California
Contra Costa,2021-02-27,6580,341382,4197,193581,2383,147801,0,0,4081,118077,2493,111518,4083,229595,California
Contra Costa,2021-02-28,3778,345160,3125,196706,653,148454,0,0,3184,120671,592,112110,3186,232781,California
Contra Costa,2021-03-01,8034,353194,6034,202740,2000,150454,0,0,4932,122515,3090,115200,4934,237715,California
Contra Costa,2021-03-02,9957,363151,6213,208953,3742,154196,2,2,5129,122832,4816,120016,5133,242848,California
Contra Costa,2021-03-03,10145,373296,6325,215278,3819,158015,1,3,5383,123472,4745,124761,5385,248233,California
Contra Costa,2021-03-04,10791,384087,6243,221521,4548,162563,0,3,5256,123211,5519,130280,5258,253491,California
Contra Costa,2021-03-05,9810,393897,5723,227244,4082,166645,5,8,5262,123945,4536,134816,5270,258761,California
Contra Costa,2021-03-06,6955,400852,3949,231193,2714,169359,292,300,4454,126200,2492,137308,4747,263508,California
Contra Costa,2021-03-07,3558,404410,2239,233432,1262,170621,57,357,2898,128498,658,137966,2956,266464,California
Contra Costa,2021-03-08,7904,412314,3696,237128,3935,174556,273,630,5286,131457,2606,140572,5565,272029,California
Contra Costa,2021-03-09,10084,422398,4924,242052,4859,179415,301,931,4967,131616,5113,145685,5272,277301,California
Contra Costa,2021-03-10,11783,434181,5892,247944,4474,183889,1417,2348,5298,131857,6477,152162,6718,284019,California
Contra Costa,2021-03-11,11916,446097,6249,254193,5220,189109,447,2795,6096,132599,5804,157966,6546,290565,California
Contra Costa,2021-03-12,11087,457184,4589,258782,6175,195284,323,3118,5701,133254,5374,163340,6029,296594,California
Contra Costa,2021-03-13,6926,464110,2758,261540,3808,199092,360,3478,2761,132223,4151,167491,3120,299714,California
Contra Costa,2021-03-14,4016,468126,2413,263953,1144,200236,459,3937,1954,132579,2056,169547,2412,302126,California
Contra Costa,2021-03-15,9305,477431,5049,269002,3514,203750,742,4679,4715,133462,4578,174125,5461,307587,California
Contra Costa,2021-03-16,14125,491556,8362,277364,5365,209115,398,5077,7155,134070,6948,181073,7556,315143,California
Contra Costa,2021-03-17,14350,505906,9810,287174,4339,213454,201,5278,8129,136213,6199,187272,8342,323485,California
Contra Costa,2021-03-18,13342,519248,7305,294479,5633,219087,404,5682,7544,138395,5777,193049,7959,331444,California
Contra Costa,2021-03-19,12276,531524,7270,301749,3942,223029,1064,6746,6341,139894,5923,198972,7422,338866,California
Contra Costa,2021-03-20,7019,538543,4043,305792,2746,225775,230,6976,3647,140418,3358,202330,3882,342748,California
Contra Costa,2021-03-21,4335,542878,3760,309552,482,226257,93,7069,2069,140319,2263,204593,2164,344912,California
Contra Costa,2021-03-22,11325,554203,8493,318045,2597,228854,235,7304,6924,143106,4391,208984,7178,352090,California
Contra Costa,2021-03-23,15217,569420,10385,328430,4662,233516,170,7474,9211,146532,5985,214969,9411,361501,California
Contra Costa,2021-03-24,14704,584124,11421,339851,3074,236590,209,7683,9087,150481,5594,220563,9543,371044,California
Contra Costa,2021-03-25,14975,599099,11599,351450,3100,239690,276,7959,9224,154835,5717,226280,10071,381115,California
Contra Costa,2021-03-26,14672,613771,10453,361903,3819,243509,400,8359,8626,158431,6025,232305,9621,390736,California
Contra Costa,2021-03-27,10211,623982,6577,368480,3139,246648,495,8854,5607,160046,4592,236897,6207,396943,California
Contra Costa,2021-03-28,4104,628086,2908,371388,1138,247786,58,8912,1768,159557,2329,239226,1840,398783,California
Contra Costa,2021-03-29,10641,638727,8274,379662,2258,250044,109,9021,6926,162935,3702,242928,7080,405863,California
Contra Costa,2021-03-30,16134,654861,8854,388516,6013,256057,1267,10288,10668,169508,5451,248379,12024,417887,California
Contra Costa,2021-03-31,17193,672054,11968,400484,3865,259922,1360,11648,11089,175994,6078,254457,12564,430451,California
Contra Costa,2021-04-01,16652,688706,11609,412093,3762,263684,1281,12929,10743,182382,5893,260350,12281,442732,California
Contra Costa,2021-04-02,16409,705115,12068,424161,3378,267062,963,13892,10893,189199,5506,265856,12323,455055,California
Contra Costa,2021-04-03,10111,715226,5924,430085,2759,269821,1428,15320,5751,192259,4355,270211,7415,462470,California
Contra Costa,2021-04-04,3108,718334,1173,431258,1405,271226,530,15850,869,191441,2236,272447,1418,463888,California
Contra Costa,2021-04-05,9529,727863,6466,437724,2500,273726,563,16413,5381,193266,4139,276586,5964,469852,California
Del Norte,2020-12-19,1,1,1,1,0,0,0,0,1,1,0,0,1,1,California
Del Norte,2020-12-21,23,24,23,24,0,0,0,0,23,24,0,0,23,24,California
Del Norte,2020-12-22,46,70,46,70,0,0,0,0,46,70,0,0,46,70,California
Del Norte,2020-12-23,58,128,48,118,10,10,0,0,57,127,0,0,57,127,California
Del Norte,2020-12-28,34,162,34,152,0,10,0,0,34,161,0,0,34,161,California
Del Norte,2020-12-29,4,166,4,156,0,10,0,0,4,165,0,0,4,165,California
Del Norte,2020-12-30,67,233,55,211,12,22,0,0,68,233,0,0,68,233,California
Del Norte,2020-12-31,16,249,13,224,3,25,0,0,16,249,0,0,16,249,California
Del Norte,2021-01-04,102,351,49,273,53,78,0,0,102,351,0,0,102,351,California
Del Norte,2021-01-05,33,384,0,273,33,111,0,0,33,384,0,0,33,384,California
Del Norte,2021-01-06,78,462,18,291,60,171,0,0,78,462,0,0,78,462,California
Del Norte,2021-01-07,21,483,1,292,20,191,0,0,21,483,0,0,21,483,California
Del Norte,2021-01-08,77,560,7,299,70,261,0,0,77,560,0,0,77,560,California
Del Norte,2021-01-09,1,561,1,300,0,261,0,0,0,559,1,1,0,560,California
Del Norte,2021-01-11,40,601,21,321,19,280,0,0,18,556,22,23,19,579,California
Del Norte,2021-01-12,50,651,32,353,18,298,0,0,29,564,21,44,29,608,California
Del Norte,2021-01-13,85,736,40,393,45,343,0,0,52,583,33,77,52,660,California
Del Norte,2021-01-14,52,788,14,407,38,381,0,0,46,623,6,83,46,706,California
Del Norte,2021-01-15,107,895,18,425,89,470,0,0,95,706,12,95,95,801,California
Del Norte,2021-01-17,1,896,1,426,0,470,0,0,1,707,0,95,1,802,California
Del Norte,2021-01-18,2,898,0,426,2,472,0,0,2,709,0,95,2,804,California
Del Norte,2021-01-19,119,1017,56,482,63,535,0,0,77,744,42,137,77,881,California
Del Norte,2021-01-20,157,1174,83,565,74,609,0,0,96,779,61,198,96,977,California
Del Norte,2021-01-21,43,1217,40,605,3,612,0,0,32,800,11,209,32,1009,California
Del Norte,2021-01-22,19,1236,16,621,3,615,0,0,12,805,7,216,12,1021,California
Del Norte,2021-01-23,1,1237,0,621,1,616,0,0,1,806,0,216,1,1022,California
Del Norte,2021-01-24,1,1238,0,621,1,617,0,0,1,807,0,216,1,1023,California
Del Norte,2021-01-25,97,1335,79,700,18,635,0,0,53,816,44,260,53,1076,California
Del Norte,2021-01-26,18,1353,11,711,7,642,0,0,7,812,11,271,7,1083,California
Del Norte,2021-01-27,64,1417,21,732,43,685,0,0,61,870,3,274,61,1144,California
Del Norte,2021-01-28,291,1708,20,752,271,956,0,0,287,1153,4,278,287,1431,California
Del Norte,2021-01-29,50,1758,19,771,31,987,0,0,41,1185,9,287,41,1472,California
Del Norte,2021-01-30,8,1766,1,772,7,994,0,0,8,1193,0,287,8,1480,California
Del Norte,2021-02-01,41,1807,1,773,40,1034,0,0,26,1204,15,302,26,1506,California
Del Norte,2021-02-02,142,1949,34,807,108,1142,0,0,73,1209,68,370,73,1579,California
Del Norte,2021-02-03,126,2075,40,847,86,1228,0,0,71,1225,55,425,71,1650,California
Del Norte,2021-02-04,71,2146,29,876,42,1270,0,0,42,1238,29,454,42,1692,California
Del Norte,2021-02-05,182,2328,22,898,160,1430,0,0,119,1295,62,516,119,1811,California
Del Norte,2021-02-06,305,2633,7,905,298,1728,0,0,305,1600,0,516,305,2116,California
Del Norte,2021-02-07,4,2637,3,908,1,1729,0,0,4,1604,0,516,4,2120,California
Del Norte,2021-02-08,36,2673,1,909,35,1764,0,0,32,1632,4,520,32,2152,California
Del Norte,2021-02-09,8,2681,5,914,3,1767,0,0,2,1628,6,526,2,2154,California
Del Norte,2021-02-10,143,2824,20,934,123,1890,0,0,86,1658,56,582,86,2240,California
Del Norte,2021-02-11,175,2999,58,992,117,2007,0,0,63,1609,112,694,63,2303,California
Del Norte,2021-02-12,120,3119,14,1006,106,2113,0,0,66,1621,54,748,66,2369,California
Del Norte,2021-02-13,2,3121,1,1007,1,2114,0,0,2,1623,0,748,2,2371,California
Del Norte,2021-02-14,3,3124,1,1008,2,2116,0,0,2,1624,1,749,2,2373,California
Del Norte,2021-02-15,4,3128,0,1008,4,2120,0,0,2,1624,2,751,2,2375,California
Del Norte,2021-02-16,132,3260,1,1009,131,2251,0,0,13,1518,119,870,13,2388,California
Del Norte,2021-02-17,90,3350,19,1028,71,2322,0,0,23,1474,67,937,23,2411,California
Del Norte,2021-02-18,76,3426,24,1052,52,2374,0,0,50,1498,26,963,50,2461,California
Del Norte,2021-02-19,45,3471,18,1070,27,2401,0,0,35,1523,10,973,35,2496,California
Del Norte,2021-02-20,9,3480,6,1076,3,2404,0,0,7,1528,2,975,7,2503,California
Del Norte,2021-02-22,2,3482,0,1076,2,2406,0,0,2,1530,0,975,2,2505,California
Del Norte,2021-02-23,101,3583,83,1159,18,2424,0,0,30,1489,71,1046,30,2535,California
Del Norte,2021-02-24,152,3735,98,1257,54,2478,0,0,79,1495,73,1119,79,2614,California
Del Norte,2021-02-25,466,4201,129,1386,337,2815,0,0,208,1445,258,1377,208,2822,California
Del Norte,2021-02-26,201,4402,165,1551,36,2851,0,0,155,1554,46,1423,155,2977,California
Del Norte,2021-02-27,154,4556,146,1697,8,2859,0,0,144,1688,10,1433,144,3121,California
Del Norte,2021-02-28,6,4562,3,1700,3,2862,0,0,3,1688,3,1436,3,3124,California
Del Norte,2021-03-01,28,4590,2,1702,26,2888,0,0,5,1670,23,1459,5,3129,California
Del Norte,2021-03-02,210,4800,140,1842,70,2958,0,0,178,1816,32,1491,178,3307,California
Del Norte,2021-03-03,152,4952,90,1932,62,3020,0,0,112,1888,40,1531,112,3419,California
Del Norte,2021-03-04,121,5073,83,2015,38,3058,0,0,91,1950,29,1560,91,3510,California
Del Norte,2021-03-05,91,5164,8,2023,83,3141,0,0,43,1945,48,1608,43,3553,California
Del Norte,2021-03-06,428,5592,80,2103,298,3439,50,50,154,1832,274,1882,161,3714,California
Del Norte,2021-03-07,3,5595,2,2105,1,3440,0,50,2,1833,1,1883,2,3716,California
Del Norte,2021-03-08,27,5622,1,2106,24,3464,2,52,4,1816,23,1906,6,3722,California
Del Norte,2021-03-09,172,5794,95,2201,73,3537,4,56,160,1968,12,1918,164,3886,California
Del Norte,2021-03-10,129,5923,11,2212,92,3629,26,82,46,1957,83,2001,72,3958,California
Del Norte,2021-03-11,142,6065,49,2261,91,3720,2,84,97,2011,45,2046,99,4057,California
Del Norte,2021-03-12,160,6225,90,2351,70,3790,0,84,115,2081,45,2091,115,4172,California
Del Norte,2021-03-13,94,6319,92,2443,2,3792,0,84,89,2165,5,2096,89,4261,California
Del Norte,2021-03-14,1,6320,0,2443,0,3792,1,85,0,2165,1,2097,1,4262,California
Del Norte,2021-03-15,40,6360,0,2443,39,3831,1,86,35,2196,5,2102,36,4298,California
Del Norte,2021-03-16,260,6620,129,2572,129,3960,2,88,238,2414,22,2124,240,4538,California
Del Norte,2021-03-17,269,6889,88,2660,180,4140,1,89,166,2478,103,2227,167,4705,California
Del Norte,2021-03-18,261,7150,107,2767,151,4291,3,92,136,2493,124,2351,139,4844,California
Del Norte,2021-03-19,185,7335,111,2878,68,4359,6,98,62,2438,123,2474,68,4912,California
Del Norte,2021-03-20,150,7485,148,3026,2,4361,0,98,11,2310,139,2613,11,4923,California
Del Norte,2021-03-21,4,7489,1,3027,3,4364,0,98,2,2310,2,2615,2,4925,California
Del Norte,2021-03-22,46,7535,6,3033,39,4403,1,99,43,2351,3,2618,44,4969,California
Del Norte,2021-03-23,324,7859,163,3196,143,4546,18,117,155,2357,167,2785,173,5142,California
Del Norte,2021-03-24,349,8208,110,3306,237,4783,2,119,233,2477,116,2901,236,5378,California
Del Norte,2021-03-25,197,8405,90,3396,107,4890,0,119,89,2459,107,3008,89,5467,California
Del Norte,2021-03-26,223,8628,110,3506,113,5003,0,119,188,2612,35,3043,188,5655,California
Del Norte,2021-03-27,107,8735,87,3593,6,5009,14,133,20,2559,87,3130,34,5689,California
Del Norte,2021-03-28,5,8740,2,3595,3,5012,0,133,1,2556,4,3134,1,5690,California
Del Norte,2021-03-29,55,8795,7,3602,34,5046,14,147,33,2581,22,3156,47,5737,California
Del Norte,2021-03-30,331,9126,116,3718,205,5251,10,157,131,2544,200,3356,163,5900,California
Del Norte,2021-03-31,299,9425,94,3812,187,5438,18,175,154,2646,144,3500,246,6146,California
Del Norte,2021-04-01,159,9584,61,3873,69,5507,29,204,69,2658,89,3589,101,6247,California
Del Norte,2021-04-02,231,9815,78,3951,105,5612,48,252,74,2625,157,3746,124,6371,California
Del Norte,2021-04-03,100,9915,83,4034,2,5614,15,267,7,2556,92,3838,23,6394,California
Del Norte,2021-04-04,4,9919,0,4034,0,5614,4,271,0,2556,4,3842,4,6398,California
Del Norte,2021-04-05,38,9957,4,4038,30,5644,4,275,32,2586,6,3848,36,6434,California
El Dorado,2020-12-15,12,12,12,12,0,0,0,0,12,12,0,0,12,12,California
El Dorado,2020-12-16,40,52,40,52,0,0,0,0,40,52,0,0,40,52,California
El Dorado,2020-12-17,31,83,31,83,0,0,0,0,31,83,0,0,31,83,California
El Dorado,2020-12-18,235,318,235,318,0,0,0,0,235,318,0,0,235,318,California
El Dorado,2020-12-19,116,434,116,434,0,0,0,0,116,434,0,0,116,434,California
El Dorado,2020-12-20,84,518,84,518,0,0,0,0,84,518,0,0,84,518,California
El Dorado,2020-12-21,304,822,303,821,1,1,0,0,304,822,0,0,304,822,California
El Dorado,2020-12-22,239,1061,215,1036,24,25,0,0,239,1061,0,0,239,1061,California
El Dorado,2020-12-23,189,1250,139,1175,50,75,0,0,189,1250,0,0,189,1250,California
El Dorado,2020-12-24,87,1337,65,1240,22,97,0,0,87,1337,0,0,87,1337,California
El Dorado,2020-12-25,8,1345,8,1248,0,97,0,0,8,1345,0,0,8,1345,California
El Dorado,2020-12-26,43,1388,25,1273,18,115,0,0,43,1388,0,0,43,1388,California
El Dorado,2020-12-27,37,1425,33,1306,4,119,0,0,37,1425,0,0,37,1425,California
El Dorado,2020-12-28,216,1641,170,1476,46,165,0,0,216,1641,0,0,216,1641,California
El Dorado,2020-12-29,452,2093,138,1614,314,479,0,0,452,2093,0,0,452,2093,California
El Dorado,2020-12-30,504,2597,135,1749,369,848,0,0,504,2597,0,0,504,2597,California
El Dorado,2020-12-31,108,2705,68,1817,40,888,0,0,108,2705,0,0,108,2705,California
El Dorado,2021-01-01,7,2712,4,1821,3,891,0,0,7,2712,0,0,7,2712,California
El Dorado,2021-01-02,148,2860,137,1958,11,902,0,0,148,2860,0,0,148,2860,California
El Dorado,2021-01-03,89,2949,16,1974,73,975,0,0,89,2949,0,0,89,2949,California
El Dorado,2021-01-04,190,3139,62,2036,128,1103,0,0,190,3139,0,0,190,3139,California
El Dorado,2021-01-05,200,3339,46,2082,154,1257,0,0,184,3307,16,16,184,3323,California
El Dorado,2021-01-06,259,3598,187,2269,72,1329,0,0,196,3440,63,79,196,3519,California
El Dorado,2021-01-07,326,3924,134,2403,192,1521,0,0,255,3624,71,150,255,3774,California
El Dorado,2021-01-08,971,4895,500,2903,471,1992,0,0,769,4192,202,352,770,4544,California
El Dorado,2021-01-09,191,5086,155,3058,36,2028,0,0,123,4247,68,420,123,4667,California
El Dorado,2021-01-10,180,5266,129,3187,51,2079,0,0,111,4289,69,489,111,4778,California
El Dorado,2021-01-11,654,5920,290,3477,364,2443,0,0,459,4554,194,683,459,5237,California
El Dorado,2021-01-12,693,6613,419,3896,274,2717,0,0,445,4751,248,931,445,5682,California
El Dorado,2021-01-13,693,7306,295,4191,398,3115,0,0,534,5127,159,1090,535,6217,California
El Dorado,2021-01-14,673,7979,218,4409,455,3570,0,0,577,5608,96,1186,577,6794,California
El Dorado,2021-01-15,668,8647,181,4590,487,4057,0,0,596,6132,72,1258,596,7390,California
El Dorado,2021-01-16,171,8818,104,4694,67,4124,0,0,144,6249,27,1285,144,7534,California
El Dorado,2021-01-17,96,8914,44,4738,52,4176,0,0,80,6313,16,1301,80,7614,California
El Dorado,2021-01-18,416,9330,138,4876,278,4454,0,0,348,6593,68,1369,348,7962,California
El Dorado,2021-01-19,632,9962,345,5221,287,4741,0,0,484,6929,148,1517,484,8446,California
El Dorado,2021-01-20,1007,10969,684,5905,323,5064,0,0,895,7713,111,1628,895,9341,California
El Dorado,2021-01-21,1140,12109,562,6467,578,5642,0,0,934,8483,164,1792,934,10275,California
El Dorado,2021-01-22,1092,13201,705,7172,387,6029,0,0,1041,9474,50,1842,1041,11316,California
El Dorado,2021-01-23,737,13938,618,7790,119,6148,0,0,627,9991,110,1952,627,11943,California
El Dorado,2021-01-24,125,14063,75,7865,50,6198,0,0,107,10080,18,1970,107,12050,California
El Dorado,2021-01-25,605,14668,200,8065,405,6603,0,0,517,10509,88,2058,517,12567,California
El Dorado,2021-01-26,666,15334,357,8422,309,6912,0,0,566,10976,100,2158,567,13134,California
El Dorado,2021-01-27,921,16255,327,8749,594,7506,0,0,588,11230,334,2492,588,13722,California
El Dorado,2021-01-28,1097,17352,449,9198,648,8154,0,0,738,11609,359,2851,738,14460,California
El Dorado,2021-01-29,964,18316,489,9687,475,8629,0,0,735,12116,228,3079,735,15195,California
El Dorado,2021-01-30,610,18926,359,10046,251,8880,0,0,451,12408,159,3238,451,15646,California
El Dorado,2021-01-31,206,19132,185,10231,21,8901,0,0,176,12554,30,3268,176,15822,California
El Dorado,2021-02-01,787,19919,367,10598,420,9321,0,0,642,13052,144,3412,642,16464,California
El Dorado,2021-02-02,816,20735,361,10959,455,9776,0,0,660,13557,155,3567,660,17124,California
El Dorado,2021-02-03,891,21626,476,11435,415,10191,0,0,681,14028,210,3777,681,17805,California
El Dorado,2021-02-04,1267,22893,722,12157,545,10736,0,0,874,14509,393,4170,874,18679,California
El Dorado,2021-02-05,1477,24370,596,12753,881,11617,0,0,868,14802,575,4745,868,19547,California
El Dorado,2021-02-06,640,25010,335,13088,305,11922,0,0,532,15227,108,4853,533,20080,California
El Dorado,2021-02-07,255,25265,176,13264,79,12001,0,0,190,15352,65,4918,190,20270,California
El Dorado,2021-02-08,876,26141,415,13679,461,12462,0,0,604,15684,272,5190,604,20874,California
El Dorado,2021-02-09,886,27027,484,14163,402,12864,0,0,468,15734,418,5608,468,21342,California
El Dorado,2021-02-10,1213,28240,725,14888,488,13352,0,0,624,15770,588,6196,624,21966,California
El Dorado,2021-02-11,2079,30319,872,15760,1207,14559,0,0,912,15517,1166,7362,913,22879,California
El Dorado,2021-02-12,1546,31865,824,16584,722,15281,0,0,668,15307,878,8240,668,23547,California
El Dorado,2021-02-13,964,32829,670,17254,294,15575,0,0,421,15188,540,8780,421,23968,California
El Dorado,2021-02-14,472,33301,151,17405,321,15896,0,0,390,15496,82,8862,390,24358,California
El Dorado,2021-02-15,1165,34466,386,17791,779,16675,0,0,812,15958,353,9215,815,25173,California
El Dorado,2021-02-16,1151,35617,525,18316,626,17301,0,0,646,16100,505,9720,647,25820,California
El Dorado,2021-02-17,881,36498,375,18691,506,17807,0,0,403,16028,478,10198,406,26226,California
El Dorado,2021-02-18,2063,38561,1007,19698,1056,18863,0,0,1343,16653,719,10917,1344,27570,California
El Dorado,2021-02-19,1154,39715,601,20299,553,19416,0,0,646,16792,508,11425,647,28217,California
El Dorado,2021-02-20,919,40634,431,20730,488,19904,0,0,672,17222,242,11667,672,28889,California
El Dorado,2021-02-21,276,40910,222,20952,54,19958,0,0,96,17138,180,11847,96,28985,California
El Dorado,2021-02-22,856,41766,436,21388,420,20378,0,0,275,16833,580,12427,275,29260,California
El Dorado,2021-02-23,797,42563,465,21853,332,20710,0,0,317,16670,480,12907,317,29577,California
El Dorado,2021-02-24,914,43477,440,22293,474,21184,0,0,376,16509,538,13445,377,29954,California
El Dorado,2021-02-25,1492,44969,859,23152,633,21817,0,0,625,16276,860,14305,627,30581,California
El Dorado,2021-02-26,2227,47196,1460,24612,767,22584,0,0,1531,17111,696,15001,1531,32112,California
El Dorado,2021-02-27,1614,48810,413,25025,1201,23785,0,0,1177,17855,433,15434,1177,33289,California
El Dorado,2021-02-28,556,49366,199,25224,357,24142,0,0,407,18113,149,15583,407,33696,California
El Dorado,2021-03-01,1057,50423,443,25667,614,24756,0,0,568,18193,488,16071,568,34264,California
El Dorado,2021-03-02,853,51276,264,25931,589,25345,0,0,436,18215,415,16486,437,34701,California
El Dorado,2021-03-03,1451,52727,413,26344,1038,26383,0,0,999,18769,447,16933,1001,35702,California
El Dorado,2021-03-04,2183,54910,1375,27719,808,27191,0,0,967,18523,1214,18147,968,36670,California
El Dorado,2021-03-05,1222,56132,259,27978,958,28149,5,5,758,18826,461,18608,764,37434,California
El Dorado,2021-03-06,605,56737,190,28168,385,28534,30,35,315,18881,290,18898,345,37779,California
El Dorado,2021-03-07,401,57138,199,28367,181,28715,21,56,240,18982,160,19058,261,38040,California
El Dorado,2021-03-08,1247,58385,367,28734,813,29528,67,123,791,19387,455,19513,860,38900,California
El Dorado,2021-03-09,899,59284,225,28959,611,30139,63,186,549,19652,348,19861,613,39513,California
El Dorado,2021-03-10,772,60056,330,29289,420,30559,22,208,466,19836,304,20165,488,40001,California
El Dorado,2021-03-11,2772,62828,1781,31070,822,31381,169,377,1231,19701,1534,21699,1399,41400,California
El Dorado,2021-03-12,1461,64289,604,31674,625,32006,232,609,545,19572,912,22611,783,42183,California
El Dorado,2021-03-13,926,65215,345,32019,325,32331,256,865,336,19574,588,23199,590,42773,California
El Dorado,2021-03-14,664,65879,201,32220,358,32689,105,970,240,19496,424,23623,346,43119,California
El Dorado,2021-03-15,1277,67156,301,32521,853,33542,123,1093,518,19382,756,24379,642,43761,California
El Dorado,2021-03-16,1127,68283,385,32906,603,34145,139,1232,498,19394,625,25004,637,44398,California
El Dorado,2021-03-17,965,69248,316,33222,556,34701,93,1325,601,19724,364,25368,694,45092,California
El Dorado,2021-03-18,1925,71173,973,34195,910,35611,42,1367,1185,20217,735,26103,1228,46320,California
El Dorado,2021-03-19,831,72004,270,34465,436,36047,125,1492,431,20373,400,26503,556,46876,California
El Dorado,2021-03-20,750,72754,183,34648,554,36601,13,1505,263,20173,476,26979,276,47152,California
El Dorado,2021-03-21,930,73684,379,35027,544,37145,7,1512,840,20932,89,27068,848,48000,California
El Dorado,2021-03-22,1395,75079,447,35474,867,38012,81,1593,1100,21823,292,27360,1183,49183,California
El Dorado,2021-03-23,1027,76106,438,35912,499,38511,90,1683,649,22194,369,27729,740,49923,California
El Dorado,2021-03-24,1282,77388,603,36515,487,38998,192,1875,591,22302,684,28413,792,50715,California
El Dorado,2021-03-25,2282,79670,1589,38104,590,39588,103,1978,1271,22767,1008,29421,1473,52188,California
El Dorado,2021-03-26,1648,81318,669,38773,873,40461,106,2084,851,23073,785,30206,1091,53279,California
El Dorado,2021-03-27,1268,82586,169,38942,1095,41556,4,2088,300,22425,962,31168,314,53593,California
El Dorado,2021-03-28,601,83187,179,39121,411,41967,11,2099,186,22211,412,31580,198,53791,California
El Dorado,2021-03-29,1230,84417,428,39549,789,42756,13,2112,767,22535,460,32040,784,54575,California
El Dorado,2021-03-30,1257,85674,415,39964,753,43509,89,2201,642,22661,612,32652,738,55313,California
El Dorado,2021-03-31,1470,87144,575,40539,825,44334,70,2271,684,22658,783,33435,780,56093,California
El Dorado,2021-04-01,2965,90109,1612,42151,1272,45606,81,2352,1386,22636,1578,35013,1556,57649,California
El Dorado,2021-04-02,1718,91827,567,42718,1058,46664,93,2445,660,22436,1055,36068,855,58504,California
El Dorado,2021-04-03,718,92545,291,43009,328,46992,99,2544,222,22295,496,36564,355,58859,California
El Dorado,2021-04-04,237,92782,67,43076,137,47129,33,2577,80,22255,156,36720,116,58975,California
El Dorado,2021-04-05,774,93556,248,43324,506,47635,20,2597,297,22107,477,37197,329,59304,California
Fresno,2020-12-15,1,1,1,1,0,0,0,0,1,1,0,0,1,1,California
Fresno,2020-12-16,120,121,120,121,0,0,0,0,120,121,0,0,120,121,California
Fresno,2020-12-17,119,240,119,240,0,0,0,0,119,240,0,0,119,240,California
Fresno,2020-12-18,344,584,344,584,0,0,0,0,344,584,0,0,344,584,California
Fresno,2020-12-19,157,741,157,741,0,0,0,0,157,741,0,0,157,741,California
Fresno,2020-12-20,255,996,254,995,1,1,0,0,255,996,0,0,255,996,California
Fresno,2020-12-21,928,1924,927,1922,1,2,0,0,960,1956,0,0,960,1956,California
Fresno,2020-12-22,900,2824,872,2794,28,30,0,0,904,2860,0,0,904,2860,California
Fresno,2020-12-23,1082,3906,1051,3845,31,61,0,0,1083,3943,0,0,1083,3943,California
Fresno,2020-12-24,578,4484,563,4408,15,76,0,0,578,4521,0,0,578,4521,California
Fresno,2020-12-25,3,4487,2,4410,1,77,0,0,3,4524,0,0,3,4524,California
Fresno,2020-12-26,720,5207,712,5122,8,85,0,0,720,5244,0,0,720,5244,California
Fresno,2020-12-27,299,5506,204,5326,95,180,0,0,299,5543,0,0,299,5543,California
Fresno,2020-12-28,1056,6562,772,6098,284,464,0,0,1056,6599,0,0,1056,6599,California
Fresno,2020-12-29,1775,8337,1038,7136,737,1201,0,0,1773,8371,1,1,1773,8372,California
Fresno,2020-12-30,971,9308,473,7609,498,1699,0,0,971,9342,0,1,971,9343,California
Fresno,2020-12-31,892,10200,311,7920,581,2280,0,0,891,10233,0,1,891,10234,California
Fresno,2021-01-01,9,10209,3,7923,6,2286,0,0,9,10242,0,1,9,10243,California
Fresno,2021-01-02,1028,11237,716,8639,312,2598,0,0,1028,11270,0,1,1028,11271,California
Fresno,2021-01-03,153,11390,128,8767,25,2623,0,0,153,11423,0,1,153,11424,California
Fresno,2021-01-04,607,11997,373,9140,234,2857,0,0,607,12030,0,1,607,12031,California
Fresno,2021-01-05,775,12772,311,9451,464,3321,0,0,701,12657,74,75,701,12732,California
Fresno,2021-01-06,967,13739,343,9794,624,3945,0,0,795,13280,172,247,795,13527,California
Fresno,2021-01-07,1872,15611,913,10707,959,4904,0,0,1620,14649,252,499,1621,15148,California
Fresno,2021-01-08,1770,17381,614,11321,1156,6060,0,0,1405,15692,363,862,1406,16554,California
Fresno,2021-01-09,628,18009,387,11708,241,6301,0,0,354,15772,274,1136,354,16908,California
Fresno,2021-01-10,513,18522,485,12193,28,6329,0,0,199,15657,314,1450,199,17107,California
Fresno,2021-01-11,2134,20656,1731,13924,403,6732,0,0,1440,16407,694,2144,1444,18551,California
Fresno,2021-01-12,2504,23160,1812,15736,692,7424,0,0,1656,17215,850,2994,1658,20209,California
Fresno,2021-01-13,3527,26687,2422,18158,1105,8529,0,0,2668,19026,859,3853,2670,22879,California
Fresno,2021-01-14,4132,30819,2208,20366,1924,10453,0,0,3659,22212,473,4326,3659,26538,California
Fresno,2021-01-15,3622,34441,2522,22888,1100,11553,0,0,3265,25122,357,4683,3267,29805,California
Fresno,2021-01-16,3134,37575,2293,25181,841,12394,0,0,2673,27335,461,5144,2674,32479,California
Fresno,2021-01-17,978,38553,555,25736,423,12817,0,0,778,27913,200,5344,778,33257,California
Fresno,2021-01-18,3071,41624,2363,28099,708,13525,0,0,2411,29668,658,6002,2413,35670,California
Fresno,2021-01-19,4289,45913,2529,30628,1760,15285,0,0,3648,32683,641,6643,3656,39326,California
Fresno,2021-01-20,2979,48892,1184,31812,1795,17080,0,0,2692,35089,288,6931,2694,42020,California
Fresno,2021-01-21,4326,53218,2001,33813,2325,19405,0,0,3980,38746,328,7259,3985,46005,California
Fresno,2021-01-22,3293,56511,1340,35153,1953,21358,0,0,2907,41284,370,7629,2908,48913,California
Fresno,2021-01-23,3032,59543,1957,37110,1075,22433,0,0,2309,42879,723,8352,2318,51231,California
Fresno,2021-01-24,550,60093,373,37483,177,22610,0,0,347,43026,203,8555,350,51581,California
Fresno,2021-01-25,2324,62417,859,38342,1465,24075,0,0,1840,44389,484,9039,1847,53428,California
Fresno,2021-01-26,2009,64426,578,38920,1431,25506,0,0,1300,44985,707,9746,1303,54731,California
Fresno,2021-01-27,2235,66661,1156,40076,1079,26585,0,0,1723,46198,512,10258,1725,56456,California
Fresno,2021-01-28,4450,71111,3023,43099,1427,28012,0,0,3446,48646,1001,11259,3449,59905,California
Fresno,2021-01-29,1692,72803,983,44082,709,28721,0,0,1395,49748,294,11553,1396,61301,California
Fresno,2021-01-30,1417,74220,527,44609,890,29611,0,0,1007,50345,410,11963,1007,62308,California
Fresno,2021-01-31,228,74448,219,44828,9,29620,0,0,74,50265,154,12117,74,62382,California
Fresno,2021-02-01,3323,77771,1658,46486,1665,31285,0,0,1728,50502,1594,13711,1831,64213,California
Fresno,2021-02-02,2718,80489,546,47032,2172,33457,0,0,1547,50957,1158,14869,1613,65826,California
Fresno,2021-02-03,3489,83978,2044,49076,1445,34902,0,0,1529,50546,1941,16810,1530,67356,California
Fresno,2021-02-04,4197,88175,1907,50983,2290,37192,0,0,1927,50238,2240,19050,1932,69288,California
Fresno,2021-02-05,5197,93372,2600,53583,2597,39789,0,0,2183,49416,3007,22057,2185,71473,California
Fresno,2021-02-06,2923,96295,2038,55621,885,40674,0,0,963,48426,1955,24012,965,72438,California
Fresno,2021-02-07,459,96754,285,55906,174,40848,0,0,270,48508,188,24200,270,72708,California
Fresno,2021-02-08,4277,101031,2301,58207,1976,42824,0,0,1815,47893,2439,26639,1824,74532,California
Fresno,2021-02-09,5332,106363,2089,60296,3243,46067,0,0,3132,48907,2126,28765,3140,77672,California
Fresno,2021-02-10,3664,110027,1227,61523,2437,48504,0,0,1964,49230,1647,30412,1970,79642,California
Fresno,2021-02-11,6347,116374,2087,63610,4260,52764,0,0,3368,49635,2967,33379,3372,83014,California
Fresno,2021-02-12,5348,121722,1373,64983,3975,56739,0,0,2747,49803,2585,35964,2753,85767,California
Fresno,2021-02-13,3717,125439,1544,66527,2173,58912,0,0,2072,50245,1633,37597,2075,87842,California
Fresno,2021-02-14,1556,126995,282,66809,1274,60186,0,0,846,50383,709,38306,847,88689,California
Fresno,2021-02-15,2866,129861,270,67079,2596,62782,0,0,1764,51052,1098,39404,1767,90456,California
Fresno,2021-02-16,6613,136474,2389,69468,4224,67006,0,0,4212,52884,2385,41789,4217,94673,California
Fresno,2021-02-17,5299,141773,2441,71909,2858,69864,0,0,2965,53572,2289,44078,2977,97650,California
Fresno,2021-02-18,6801,148574,2908,74817,3893,73757,0,0,2573,51979,4178,48256,2585,100235,California
Fresno,2021-02-19,3804,152378,1104,75921,2700,76457,0,0,1838,51865,1955,50211,1841,102076,California
Fresno,2021-02-20,4529,156907,2494,78415,2035,78492,0,0,3070,53487,1453,51664,3075,105151,California
Fresno,2021-02-21,179,157086,163,78578,16,78508,0,0,127,53573,41,51705,127,105278,California
Fresno,2021-02-22,2172,159258,961,79539,1211,79719,0,0,1199,53815,964,52669,1206,106484,California
Fresno,2021-02-23,3821,163079,1443,80982,2378,82097,0,0,2969,55945,845,53514,2975,109459,California
Fresno,2021-02-24,4101,167180,1492,82474,2609,84706,0,0,3364,58585,727,54241,3367,112826,California
Fresno,2021-02-25,7398,174578,2476,84950,4922,89628,0,0,5957,63169,1379,55620,5963,118789,California
Fresno,2021-02-26,8129,182707,2987,87937,5142,94770,0,0,6867,68801,1239,56859,6871,125660,California
Fresno,2021-02-27,6247,188954,2181,90118,4066,98836,0,0,5568,73707,670,57529,5576,131236,California
Fresno,2021-02-28,1628,190582,527,90645,1101,99937,0,0,1531,75165,86,57615,1544,132780,California
Fresno,2021-03-01,4751,195333,1243,91888,3508,103445,0,0,3491,77415,1248,58863,3498,136278,California
Fresno,2021-03-02,8228,203561,2251,94139,5977,109422,0,0,6902,83041,1301,60164,6927,143205,California
Fresno,2021-03-03,5944,209505,1376,95515,4568,113990,0,0,4973,87147,961,61125,5067,148272,California
Fresno,2021-03-04,8070,217575,2277,97792,5793,119783,0,0,6586,92281,1462,62587,6596,154868,California
Fresno,2021-03-05,7220,224795,2585,100377,4634,124417,1,1,6272,97774,817,63404,6310,161178,California
Fresno,2021-03-06,6150,230945,3336,103713,2702,127119,112,113,5233,102211,913,64317,5350,166528,California
Fresno,2021-03-07,1311,232256,536,104249,741,127860,34,147,1090,103115,220,64537,1124,167652,California
Fresno,2021-03-08,4573,236829,1701,105950,2740,130600,132,279,3440,105573,1129,65666,3587,171239,California
Fresno,2021-03-09,6609,243438,2229,108179,4113,134713,267,546,3740,106763,2858,68524,4048,175287,California
Fresno,2021-03-10,5928,249366,2362,110541,3206,137919,360,906,4572,110360,1345,69869,4942,180229,California
Fresno,2021-03-11,10283,259649,3972,114513,5793,143712,518,1424,5583,111868,4669,74538,6177,186406,California
Fresno,2021-03-12,9868,269517,4215,118728,5265,148977,388,1812,7377,117305,2478,77016,7915,194321,California
Fresno,2021-03-13,6806,276323,3628,122356,2279,151256,899,2711,3208,117912,3583,80599,4190,198511,California
Fresno,2021-03-14,1230,277553,387,122743,574,151830,269,2980,495,117945,732,81331,765,199276,California
Fresno,2021-03-15,6633,284186,2829,125572,3641,155471,163,3143,4528,120739,2096,83427,4890,204166,California
Fresno,2021-03-16,9847,294033,4322,129894,5147,160618,378,3521,6024,123447,3797,87224,6505,210671,California
Fresno,2021-03-17,7723,301756,3586,133480,3605,164223,532,4053,5184,127026,2521,89745,6100,216771,California
Fresno,2021-03-18,10258,312014,5658,139138,4053,168276,547,4600,6617,130942,3608,93353,7524,224295,California
Fresno,2021-03-19,9376,321390,5007,144145,3923,172199,446,5046,6328,134962,3025,96378,7045,231340,California
Fresno,2021-03-20,5183,326573,2952,147097,2033,174232,198,5244,3067,136312,2109,98487,3459,234799,California
Fresno,2021-03-21,1724,328297,1174,148271,188,174420,362,5606,933,136825,787,99274,1300,236099,California
Fresno,2021-03-22,5499,333796,2801,151072,2108,176528,590,6196,3672,139529,1798,101072,4502,240601,California
Fresno,2021-03-23,10421,344217,5182,156254,4803,181331,436,6632,6049,142153,4337,105409,6961,247562,California
Fresno,2021-03-24,8418,352635,3557,159811,4055,185386,806,7438,4670,144080,3720,109129,5647,253209,California
Fresno,2021-03-25,11801,364436,5484,165295,5627,191013,690,8128,6103,145516,5663,114792,7099,260308,California
Fresno,2021-03-26,11729,376165,5262,170557,5835,196848,632,8760,5198,144971,6485,121277,5940,266248,California
Fresno,2021-03-27,9245,385410,4094,174651,4115,200963,1036,9796,2883,142668,6332,127609,4029,270277,California
Fresno,2021-03-28,3139,388549,1179,175830,1382,202345,578,10374,1328,143034,1805,129414,2171,272448,California
Fresno,2021-03-29,5884,394433,1911,177741,3431,205776,542,10916,2843,143440,3013,132427,3419,275867,California
Fresno,2021-03-30,10414,404847,4066,181807,5497,211273,851,11767,4393,142765,5996,138423,5321,281188,California
Fresno,2021-03-31,8443,413290,3231,185038,4257,215530,955,12722,3735,142912,4666,143089,4813,286001,California
Fresno,2021-04-01,10592,423882,3902,188940,5881,221411,809,13531,3690,140798,6827,149916,4713,290714,California
Fresno,2021-04-02,9814,433696,4337,193277,4768,226179,709,14240,4024,140284,5629,155545,5115,295829,California
Fresno,2021-04-03,6008,439704,3298,196575,2477,228656,233,14473,2201,139070,3787,159332,2573,298402,California
Fresno,2021-04-04,1363,441067,432,197007,891,229547,40,14513,561,138887,793,160125,610,299012,California
Fresno,2021-04-05,4056,445123,2061,199068,1609,231156,386,14899,1159,137690,2887,163012,1690,300702,California
Glenn,2020-12-17,1,1,1,1,0,0,0,0,1,1,0,0,1,1,California
Glenn,2020-12-19,1,2,1,2,0,0,0,0,1,2,0,0,1,2,California
Glenn,2020-12-20,1,3,1,3,0,0,0,0,1,3,0,0,1,3,California
Glenn,2020-12-21,11,14,11,14,0,0,0,0,11,14,0,0,11,14,California
Glenn,2020-12-22,59,73,59,73,0,0,0,0,59,73,0,0,59,73,California
Glenn,2020-12-23,26,99,26,99,0,0,0,0,26,99,0,0,26,99,California
Glenn,2020-12-24,9,108,9,108,0,0,0,0,9,108,0,0,9,108,California
Glenn,2020-12-26,2,110,2,110,0,0,0,0,2,110,0,0,2,110,California
Glenn,2020-12-27,4,114,4,114,0,0,0,0,4,114,0,0,4,114,California
Glenn,2020-12-28,20,134,20,134,0,0,0,0,20,134,0,0,20,134,California
Glenn,2020-12-29,82,216,82,216,0,0,0,0,82,216,0,0,82,216,California
Glenn,2020-12-30,129,345,107,323,22,22,0,0,129,345,0,0,129,345,California
Glenn,2020-12-31,38,383,9,332,29,51,0,0,38,383,0,0,38,383,California
Glenn,2021-01-02,2,385,2,334,0,51,0,0,2,385,0,0,2,385,California
Glenn,2021-01-04,7,392,5,339,2,53,0,0,7,392,0,0,7,392,California
Glenn,2021-01-05,9,401,8,347,1,54,0,0,9,401,0,0,9,401,California
Glenn,2021-01-06,61,462,9,356,52,106,0,0,61,462,0,0,61,462,California
Glenn,2021-01-07,66,528,12,368,54,160,0,0,64,524,2,2,64,526,California
Glenn,2021-01-08,11,539,9,377,2,162,0,0,11,535,0,2,11,537,California
Glenn,2021-01-10,1,540,1,378,0,162,0,0,0,534,1,3,0,537,California
Glenn,2021-01-11,30,570,30,408,0,162,0,0,12,528,18,21,12,549,California
Glenn,2021-01-12,42,612,37,445,5,167,0,0,14,514,28,49,14,563,California
Glenn,2021-01-13,153,765,88,533,65,232,0,0,110,581,43,92,110,673,California
Glenn,2021-01-14,183,948,95,628,88,320,0,0,173,744,10,102,173,846,California
Glenn,2021-01-15,42,990,34,662,8,328,0,0,37,776,5,107,37,883,California
Glenn,2021-01-16,34,1024,14,676,20,348,0,0,24,790,10,117,24,907,California
Glenn,2021-01-17,4,1028,2,678,2,350,0,0,2,790,2,119,2,909,California
Glenn,2021-01-18,17,1045,16,694,1,351,0,0,9,791,8,127,9,918,California
Glenn,2021-01-19,28,1073,18,712,10,361,0,0,12,787,16,143,12,930,California
Glenn,2021-01-20,162,1235,93,805,69,430,0,0,81,787,81,224,81,1011,California
Glenn,2021-01-21,124,1359,98,903,26,456,0,0,29,721,95,319,29,1040,California
Glenn,2021-01-22,336,1695,63,966,273,729,0,0,329,1043,7,326,329,1369,California
Glenn,2021-01-23,14,1709,7,973,7,736,0,0,12,1053,2,328,12,1381,California
Glenn,2021-01-24,1,1710,1,974,0,736,0,0,1,1054,0,328,1,1382,California
Glenn,2021-01-25,27,1737,9,983,18,754,0,0,24,1075,3,331,24,1406,California
Glenn,2021-01-26,29,1766,13,996,16,770,0,0,23,1092,6,337,23,1429,California
Glenn,2021-01-27,188,1954,14,1010,174,944,0,0,166,1236,22,359,166,1595,California
Glenn,2021-01-28,145,2099,8,1018,137,1081,0,0,115,1321,30,389,115,1710,California
Glenn,2021-01-29,296,2395,11,1029,285,1366,0,0,282,1589,14,403,282,1992,California
Glenn,2021-01-30,4,2399,0,1029,4,1370,0,0,4,1593,0,403,4,1996,California
Glenn,2021-01-31,1,2400,0,1029,1,1371,0,0,1,1594,0,403,1,1997,California
Glenn,2021-02-01,29,2429,10,1039,19,1390,0,0,17,1599,12,415,17,2014,California
Glenn,2021-02-02,27,2456,12,1051,15,1405,0,0,18,1608,9,424,18,2032,California
Glenn,2021-02-03,206,2662,58,1109,148,1553,0,0,111,1624,95,519,111,2143,California
Glenn,2021-02-04,149,2811,84,1193,65,1618,0,0,45,1565,104,623,45,2188,California
Glenn,2021-02-05,320,3131,24,1217,296,1914,0,0,301,1847,19,642,301,2489,California
Glenn,2021-02-06,15,3146,2,1219,13,1927,0,0,14,1860,1,643,14,2503,California
Glenn,2021-02-07,1,3147,1,1220,0,1927,0,0,1,1861,0,643,1,2504,California
Glenn,2021-02-08,21,3168,17,1237,4,1931,0,0,4,1848,17,660,4,2508,California
Glenn,2021-02-09,48,3216,19,1256,29,1960,0,0,36,1872,12,672,36,2544,California
Glenn,2021-02-10,138,3354,19,1275,119,2079,0,0,64,1862,74,746,64,2608,California
Glenn,2021-02-11,233,3587,134,1409,99,2178,0,0,151,1931,82,828,151,2759,California
Glenn,2021-02-12,422,4009,100,1509,322,2500,0,0,358,2225,64,892,358,3117,California
Glenn,2021-02-13,33,4042,7,1516,26,2526,0,0,15,2222,18,910,15,3132,California
Glenn,2021-02-14,1,4043,0,1516,1,2527,0,0,1,2223,0,910,1,3133,California
Glenn,2021-02-15,8,4051,0,1516,8,2535,0,0,8,2231,0,910,8,3141,California
Glenn,2021-02-16,39,4090,9,1525,30,2565,0,0,21,2234,18,928,21,3162,California
Glenn,2021-02-17,381,4471,15,1540,366,2931,0,0,303,2459,78,1006,303,3465,California
Glenn,2021-02-18,138,4609,103,1643,35,2966,0,0,114,2549,24,1030,114,3579,California
Glenn,2021-02-19,302,4911,16,1659,286,3252,0,0,29,2305,273,1303,29,3608,California
Glenn,2021-02-20,8,4919,0,1659,8,3260,0,0,0,2297,8,1311,0,3608,California
Glenn,2021-02-22,32,4951,13,1672,19,3279,0,0,16,2297,16,1327,16,3624,California
Glenn,2021-02-23,40,4991,10,1682,30,3309,0,0,28,2313,12,1339,28,3652,California
Glenn,2021-02-24,223,5214,16,1698,207,3516,0,0,49,2188,174,1513,49,3701,California
Glenn,2021-02-25,262,5476,147,1845,115,3631,0,0,119,2164,143,1656,119,3820,California
Glenn,2021-02-26,304,5780,24,1869,280,3911,0,0,20,1901,283,1939,20,3840,California
Glenn,2021-02-27,14,5794,5,1874,9,3920,0,0,5,1898,8,1947,5,3845,California
Glenn,2021-02-28,5,5799,2,1876,3,3923,0,0,3,1900,1,1948,3,3848,California
Glenn,2021-03-01,29,5828,6,1882,23,3946,0,0,12,1895,17,1965,12,3860,California
Glenn,2021-03-02,36,5864,7,1889,29,3975,0,0,17,1893,19,1984,17,3877,California
Glenn,2021-03-03,180,6044,25,1914,155,4130,0,0,88,1891,90,2074,88,3965,California
Glenn,2021-03-04,479,6523,179,2093,300,4430,0,0,334,2080,145,2219,334,4299,California
Glenn,2021-03-05,331,6854,45,2138,286,4716,0,0,34,1817,297,2516,34,4333,California
Glenn,2021-03-06,28,6882,4,2142,23,4739,1,1,11,1812,17,2533,12,4345,California
Glenn,2021-03-07,5,6887,0,2142,5,4744,0,1,3,1814,1,2534,3,4348,California
Glenn,2021-03-08,21,6908,2,2144,18,4762,1,2,19,1832,2,2536,20,4368,California
Glenn,2021-03-09,70,6978,10,2154,57,4819,3,5,46,1857,24,2560,49,4417,California
Glenn,2021-03-10,165,7143,68,2222,95,4914,2,7,91,1876,74,2634,93,4510,California
Glenn,2021-03-11,504,7647,168,2390,322,5236,14,21,381,2148,123,2757,395,4905,California
Glenn,2021-03-12,398,8045,12,2402,336,5572,50,71,35,1870,363,3120,85,4990,California
Glenn,2021-03-13,10,8055,1,2403,1,5573,8,79,0,1868,10,3130,8,4998,California
Glenn,2021-03-14,3,8058,1,2404,2,5575,0,79,2,1869,1,3131,2,5000,California
Glenn,2021-03-15,74,8132,16,2420,54,5629,4,83,60,1919,14,3145,64,5064,California
Glenn,2021-03-16,101,8233,30,2450,61,5690,10,93,59,1946,42,3187,69,5133,California
Glenn,2021-03-17,415,8648,98,2548,311,6001,6,99,113,1762,302,3489,118,5251,California
Glenn,2021-03-18,459,9107,192,2740,44,6045,223,322,124,1774,335,3824,347,5598,California
Glenn,2021-03-19,84,9191,14,2754,66,6111,4,326,66,1827,17,3841,70,5668,California
Glenn,2021-03-20,74,9265,2,2756,72,6183,0,326,73,1899,1,3842,73,5741,California
Glenn,2021-03-21,7,9272,6,2762,0,6183,1,327,4,1902,2,3844,5,5746,California
Glenn,2021-03-22,116,9388,52,2814,55,6238,9,336,95,1987,19,3863,104,5850,California
Glenn,2021-03-23,154,9542,66,2880,50,6288,38,374,94,2060,59,3922,132,5982,California
Glenn,2021-03-24,196,9738,90,2970,101,6389,5,379,133,2136,62,3984,138,6120,California
Glenn,2021-03-25,463,10201,235,3205,135,6524,93,472,333,2433,129,4113,426,6546,California
Glenn,2021-03-26,227,10428,35,3240,154,6678,38,510,174,2594,53,4166,214,6760,California
Glenn,2021-03-27,149,10577,21,3261,124,6802,4,514,139,2727,10,4176,143,6903,California
Glenn,2021-03-28,14,10591,9,3270,5,6807,0,514,10,2733,4,4180,10,6913,California
Glenn,2021-03-29,55,10646,19,3289,33,6840,3,517,41,2763,14,4194,44,6957,California
Glenn,2021-03-30,73,10719,40,3329,32,6872,1,518,44,2780,28,4222,45,7002,California
Glenn,2021-03-31,120,10839,34,3363,86,6958,0,518,53,2766,67,4289,53,7055,California
Glenn,2021-04-01,643,11482,185,3548,448,7406,10,528,231,2640,412,4701,286,7341,California
Glenn,2021-04-02,155,11637,25,3573,120,7526,10,538,122,2740,33,4734,133,7474,California
Glenn,2021-04-03,92,11729,7,3580,80,7606,5,543,81,2816,10,4744,86,7560,California
Glenn,2021-04-04,6,11735,2,3582,3,7609,1,544,3,2817,3,4747,4,7564,California
Glenn,2021-04-05,35,11770,11,3593,19,7628,5,549,12,2811,23,4770,17,7581,California
Humboldt,2020-12-15,2,2,2,2,0,0,0,0,2,2,0,0,2,2,California
Humboldt,2020-12-16,15,17,15,17,0,0,0,0,15,17,0,0,15,17,California
Humboldt,2020-12-17,115,132,115,132,0,0,0,0,115,132,0,0,115,132,California
Humboldt,2020-12-18,173,305,173,305,0,0,0,0,173,305,0,0,173,305,California
Humboldt,2020-12-19,10,315,10,315,0,0,0,0,10,315,0,0,10,315,California
Humboldt,2020-12-20,28,343,28,343,0,0,0,0,28,343,0,0,28,343,California
Humboldt,2020-12-21,165,508,165,508,0,0,0,0,165,508,0,0,165,508,California
Humboldt,2020-12-22,288,796,288,796,0,0,0,0,288,796,0,0,288,796,California
Humboldt,2020-12-23,308,1104,260,1056,48,48,0,0,309,1105,0,0,309,1105,California
Humboldt,2020-12-24,25,1129,2,1058,23,71,0,0,25,1130,0,0,25,1130,California
Humboldt,2020-12-25,2,1131,2,1060,0,71,0,0,2,1132,0,0,2,1132,California
Humboldt,2020-12-26,7,1138,6,1066,1,72,0,0,7,1139,0,0,7,1139,California
Humboldt,2020-12-27,1,1139,0,1066,1,73,0,0,1,1140,0,0,1,1140,California
Humboldt,2020-12-28,152,1291,143,1209,9,82,0,0,152,1292,0,0,152,1292,California
Humboldt,2020-12-29,164,1455,121,1330,43,125,0,0,164,1456,0,0,164,1456,California
Humboldt,2020-12-30,221,1676,122,1452,99,224,0,0,221,1677,0,0,221,1677,California
Humboldt,2020-12-31,242,1918,80,1532,162,386,0,0,242,1919,0,0,242,1919,California
Humboldt,2021-01-01,1,1919,1,1533,0,386,0,0,1,1920,0,0,1,1920,California
Humboldt,2021-01-02,38,1957,1,1534,37,423,0,0,38,1958,0,0,38,1958,California
Humboldt,2021-01-04,215,2172,142,1676,73,496,0,0,216,2174,0,0,216,2174,California
Humboldt,2021-01-05,126,2298,18,1694,108,604,0,0,125,2298,1,1,125,2299,California
Humboldt,2021-01-06,299,2597,202,1896,97,701,0,0,228,2466,60,61,228,2527,California
Humboldt,2021-01-07,417,3014,304,2200,113,814,0,0,306,2676,96,157,306,2833,California
Humboldt,2021-01-08,417,3431,279,2479,138,952,0,0,284,2831,129,286,284,3117,California
Humboldt,2021-01-09,69,3500,45,2524,24,976,0,0,66,2895,3,289,67,3184,California
Humboldt,2021-01-10,84,3584,84,2608,0,976,0,0,4,2819,80,369,4,3188,California
Humboldt,2021-01-11,285,3869,274,2882,11,987,0,0,74,2686,207,576,74,3262,California
Humboldt,2021-01-12,478,4347,315,3197,163,1150,0,0,298,2826,158,734,298,3560,California
Humboldt,2021-01-13,473,4820,271,3468,202,1352,0,0,297,2951,173,907,298,3858,California
Humboldt,2021-01-14,517,5337,161,3629,356,1708,0,0,461,3357,56,963,462,4320,California
Humboldt,2021-01-15,374,5711,40,3669,334,2042,0,0,356,3696,17,980,356,4676,California
Humboldt,2021-01-16,169,5880,6,3675,163,2205,0,0,168,3863,1,981,168,4844,California
Humboldt,2021-01-17,4,5884,3,3678,1,2206,0,0,4,3867,0,981,4,4848,California
Humboldt,2021-01-18,286,6170,251,3929,35,2241,0,0,137,3855,149,1130,137,4985,California
Humboldt,2021-01-19,618,6788,372,4301,246,2487,0,0,492,4227,120,1250,492,5477,California
Humboldt,2021-01-20,875,7663,364,4665,511,2998,0,0,763,4881,111,1361,765,6242,California
Humboldt,2021-01-21,958,8621,261,4926,697,3695,0,0,918,5758,41,1402,918,7160,California
Humboldt,2021-01-22,676,9297,377,5303,299,3994,0,0,668,6418,8,1410,668,7828,California
Humboldt,2021-01-23,762,10059,250,5553,512,4506,0,0,756,7169,6,1416,757,8585,California
Humboldt,2021-01-24,224,10283,1,5554,223,4729,0,0,224,7393,0,1416,224,8809,California
Humboldt,2021-01-25,298,10581,228,5782,70,4799,0,0,144,7383,154,1570,144,8953,California
Humboldt,2021-01-26,519,11100,136,5918,383,5182,0,0,472,7808,47,1617,472,9425,California
Humboldt,2021-01-27,1255,12355,586,6504,669,5851,0,0,1191,8942,57,1674,1191,10616,California
Humboldt,2021-01-28,1444,13799,627,7131,817,6668,0,0,1307,10117,134,1808,1309,11925,California
Humboldt,2021-01-29,1124,14923,540,7671,584,7252,0,0,708,10409,416,2224,708,12633,California
Humboldt,2021-01-30,966,15889,455,8126,511,7763,0,0,957,11357,9,2233,957,13590,California
Humboldt,2021-01-31,307,16196,306,8432,1,7764,0,0,305,11660,2,2235,305,13895,California
Humboldt,2021-02-01,321,16517,181,8613,140,7904,0,0,184,11709,135,2370,184,14079,California
Humboldt,2021-02-02,432,16949,64,8677,368,8272,0,0,335,11950,96,2466,337,14416,California
Humboldt,2021-02-03,643,17592,257,8934,386,8658,0,0,495,12297,148,2614,495,14911,California
Humboldt,2021-02-04,636,18228,262,9196,374,9032,0,0,441,12545,193,2807,441,15352,California
Humboldt,2021-02-05,812,19040,96,9292,716,9748,0,0,629,12991,183,2990,629,15981,California
Humboldt,2021-02-06,1013,20053,403,9695,610,10358,0,0,972,13924,39,3029,972,16953,California
Humboldt,2021-02-07,378,20431,7,9702,371,10729,0,0,375,14296,3,3032,375,17328,California
Humboldt,2021-02-08,308,20739,126,9828,182,10911,0,0,173,14335,134,3166,173,17501,California
Humboldt,2021-02-09,483,21222,209,10037,274,11185,0,0,173,14198,310,3476,173,17674,California
Humboldt,2021-02-10,559,21781,368,10405,191,11376,0,0,232,14108,322,3798,232,17906,California
Humboldt,2021-02-11,1285,23066,389,10794,896,12272,0,0,505,13836,777,4575,505,18411,California
Humboldt,2021-02-12,1140,24206,731,11525,409,12681,0,0,704,14104,436,5011,704,19115,California
Humboldt,2021-02-13,1428,25634,483,12008,945,13626,0,0,858,14396,567,5578,859,19974,California
Humboldt,2021-02-14,115,25749,6,12014,109,13735,0,0,112,14506,2,5580,112,20086,California
Humboldt,2021-02-15,290,26039,76,12090,214,13949,0,0,196,14609,94,5674,197,20283,California
Humboldt,2021-02-16,522,26561,109,12199,413,14362,0,0,247,14582,275,5949,248,20531,California
Humboldt,2021-02-17,442,27003,273,12472,169,14531,0,0,136,14412,306,6255,136,20667,California
Humboldt,2021-02-18,968,27971,600,13072,368,14899,0,0,228,13901,739,6994,228,20895,California
Humboldt,2021-02-19,480,28451,438,13510,42,14941,0,0,93,13610,384,7378,93,20988,California
Humboldt,2021-02-20,1504,29955,906,14416,598,15539,0,0,419,12948,1083,8461,421,21409,California
Humboldt,2021-02-21,478,30433,469,14885,9,15548,0,0,192,12854,286,8747,192,21601,California
Humboldt,2021-02-22,111,30544,79,14964,32,15580,0,0,25,12795,84,8831,25,21626,California
Humboldt,2021-02-23,164,30708,63,15027,101,15681,0,0,41,12715,121,8952,41,21667,California
Humboldt,2021-02-24,1147,31855,688,15715,459,16140,0,0,573,12715,573,9525,573,22240,California
Humboldt,2021-02-25,832,32687,323,16038,509,16649,0,0,232,12349,598,10123,232,22472,California
Humboldt,2021-02-26,2139,34826,107,16145,2032,18681,0,0,455,11125,1679,11802,455,22927,California
Humboldt,2021-02-27,1570,36396,969,17114,601,19282,0,0,834,11227,734,12536,836,23763,California
Humboldt,2021-02-28,125,36521,13,17127,112,19394,0,0,118,11338,7,12543,118,23881,California
Humboldt,2021-03-01,248,36769,45,17172,203,19597,0,0,175,11440,73,12616,175,24056,California
Humboldt,2021-03-02,272,37041,41,17213,230,19827,1,1,153,11475,119,12735,154,24210,California
Humboldt,2021-03-03,1528,38569,1046,18259,482,20309,0,1,1117,12188,405,13140,1118,25328,California
Humboldt,2021-03-04,864,39433,99,18358,765,21074,0,1,259,11843,605,13745,260,25588,California
Humboldt,2021-03-05,912,40345,171,18529,731,21805,10,11,359,11663,549,14294,369,25957,California
Humboldt,2021-03-06,1582,41927,735,19264,798,22603,49,60,700,11533,881,15175,751,26708,California
Humboldt,2021-03-07,360,42287,297,19561,47,22650,16,76,156,11502,203,15378,172,26880,California
Humboldt,2021-03-08,234,42521,19,19580,144,22794,71,147,147,11633,87,15465,218,27098,California
Humboldt,2021-03-09,432,42953,194,19774,112,22906,126,273,211,11750,220,15685,337,27435,California
Humboldt,2021-03-10,606,43559,428,20202,67,22973,111,384,381,12018,224,15909,492,27927,California
Humboldt,2021-03-11,1263,44822,404,20606,763,23736,96,480,484,11820,777,16686,579,28506,California
Humboldt,2021-03-12,1567,46389,1004,21610,363,24099,200,680,975,12413,584,17270,1177,29683,California
Humboldt,2021-03-13,1393,47782,953,22563,396,24495,44,724,646,12361,742,18012,690,30373,California
Humboldt,2021-03-14,92,47874,14,22577,71,24566,7,731,19,12314,73,18085,26,30399,California
Humboldt,2021-03-15,276,48150,50,22627,205,24771,21,752,59,12177,217,18302,80,30479,California
Humboldt,2021-03-16,625,48775,204,22831,172,24943,249,1001,269,12338,356,18658,517,30996,California
Humboldt,2021-03-17,716,49491,391,23222,223,25166,102,1103,328,12381,387,19045,430,31426,California
Humboldt,2021-03-18,1272,50763,822,24044,419,25585,31,1134,731,12608,535,19580,762,32188,California
Humboldt,2021-03-19,925,51688,57,24101,563,26148,305,1439,349,12688,574,20154,654,32842,California
Humboldt,2021-03-20,961,52649,578,24679,372,26520,11,1450,271,12285,689,20843,286,33128,California
Humboldt,2021-03-21,246,52895,34,24713,184,26704,28,1478,199,12465,47,20890,227,33355,California
Humboldt,2021-03-22,119,53014,24,24737,50,26754,45,1523,68,12528,50,20940,113,33468,California
Humboldt,2021-03-23,411,53425,54,24791,317,27071,40,1563,325,12808,85,21025,365,33833,California
Humboldt,2021-03-24,1340,54765,355,25146,941,28012,44,1607,1002,13542,332,21357,1066,34899,California
Humboldt,2021-03-25,1726,56491,1150,26296,515,28527,61,1668,859,13602,863,22220,923,35822,California
Humboldt,2021-03-26,1999,58490,428,26724,1516,30043,55,1723,1563,14799,432,22652,1629,37451,California
Humboldt,2021-03-27,1867,60357,1398,28122,316,30359,153,1876,1035,15159,830,23482,1190,38641,California
Humboldt,2021-03-28,257,60614,77,28199,113,30472,67,1943,79,15127,178,23660,146,38787,California
Humboldt,2021-03-29,464,61078,123,28322,251,30723,90,2033,200,15154,263,23923,290,39077,California
Humboldt,2021-03-30,884,61962,291,28613,505,31228,88,2121,539,15443,343,24266,632,39709,California
Humboldt,2021-03-31,1695,63657,422,29035,1178,32406,95,2216,1315,16504,378,24644,1439,41148,California
Humboldt,2021-04-01,1937,65594,633,29668,1222,33628,82,2298,1374,17421,557,25201,1474,42622,California
Humboldt,2021-04-02,1605,67199,1030,30698,478,34106,97,2395,562,17074,1036,26237,689,43311,California
Humboldt,2021-04-03,1306,68505,1147,31845,142,34248,17,2412,407,16621,893,27130,440,43751,California
Humboldt,2021-04-04,355,68860,247,32092,99,34347,9,2421,290,16857,65,27195,301,44052,California
Humboldt,2021-04-05,173,69033,133,32225,27,34374,13,2434,35,16766,138,27333,47,44099,California
Imperial,2020-12-16,1,1,1,1,0,0,0,0,1,1,0,0,1,1,California
Imperial,2020-12-17,4,5,4,5,0,0,0,0,4,5,0,0,4,5,California
Imperial,2020-12-18,11,16,11,16,0,0,0,0,11,16,0,0,11,16,California
Imperial,2020-12-20,2,18,2,18,0,0,0,0,2,18,0,0,2,18,California
Imperial,2020-12-21,186,204,186,204,0,0,0,0,186,204,0,0,186,204,California
Imperial,2020-12-22,242,446,240,444,2,2,0,0,242,446,0,0,242,446,California
Imperial,2020-12-23,212,658,211,655,1,3,0,0,211,657,0,0,211,657,California
Imperial,2020-12-24,5,663,5,660,0,3,0,0,5,662,0,0,5,662,California
Imperial,2020-12-26,1,664,0,660,1,4,0,0,1,663,0,0,1,663,California
Imperial,2020-12-27,62,726,0,660,62,66,0,0,62,725,0,0,62,725,California
Imperial,2020-12-28,215,941,114,774,101,167,0,0,215,940,0,0,215,940,California
Imperial,2020-12-29,188,1129,35,809,153,320,0,0,188,1128,0,0,188,1128,California
Imperial,2020-12-30,366,1495,49,858,317,637,0,0,366,1494,0,0,366,1494,California
Imperial,2020-12-31,200,1695,26,884,174,811,0,0,200,1694,0,0,200,1694,California
Imperial,2021-01-01,45,1740,5,889,40,851,0,0,45,1739,0,0,45,1739,California
Imperial,2021-01-02,4,1744,0,889,4,855,0,0,4,1743,0,0,4,1743,California
Imperial,2021-01-03,90,1834,0,889,90,945,0,0,90,1833,0,0,90,1833,California
Imperial,2021-01-04,84,1918,4,893,80,1025,0,0,84,1917,0,0,84,1917,California
Imperial,2021-01-05,172,2090,13,906,159,1184,0,0,172,2089,0,0,172,2089,California
Imperial,2021-01-06,190,2280,25,931,165,1349,0,0,189,2277,1,1,189,2278,California
Imperial,2021-01-07,319,2599,9,940,310,1659,0,0,316,2590,3,4,316,2594,California
Imperial,2021-01-08,190,2789,50,990,140,1799,0,0,181,2762,9,13,181,2775,California
Imperial,2021-01-09,24,2813,21,1011,3,1802,0,0,24,2786,0,13,24,2799,California
Imperial,2021-01-10,1,2814,0,1011,1,1803,0,0,1,2787,0,13,1,2800,California
Imperial,2021-01-11,401,3215,243,1254,158,1961,0,0,172,2730,229,242,172,2972,California
Imperial,2021-01-12,404,3619,301,1555,103,2064,0,0,142,2611,261,503,142,3114,California
Imperial,2021-01-13,382,4001,132,1687,250,2314,0,0,283,2795,99,602,283,3397,California
Imperial,2021-01-14,260,4261,152,1839,108,2422,0,0,253,3042,6,608,253,3650,California
Imperial,2021-01-15,240,4501,182,2021,58,2480,0,0,233,3268,7,615,233,3883,California
Imperial,2021-01-16,77,4578,71,2092,6,2486,0,0,77,3345,0,615,77,3960,California
Imperial,2021-01-17,9,4587,2,2094,7,2493,0,0,9,3354,0,615,9,3969,California
Imperial,2021-01-18,1061,5648,402,2496,659,3152,0,0,963,4220,98,713,964,4933,California
Imperial,2021-01-19,165,5813,128,2624,37,3189,0,0,118,4291,47,760,118,5051,California
Imperial,2021-01-20,291,6104,193,2817,98,3287,0,0,254,4508,37,797,254,5305,California
Imperial,2021-01-21,415,6519,183,3000,232,3519,0,0,395,4883,20,817,395,5700,California
Imperial,2021-01-22,460,6979,189,3189,271,3790,0,0,451,5325,9,826,451,6151,California
Imperial,2021-01-23,1042,8021,290,3479,752,4542,0,0,1041,6365,1,827,1041,7192,California
Imperial,2021-01-24,11,8032,3,3482,8,4550,0,0,11,6376,0,827,11,7203,California
Imperial,2021-01-25,215,8247,6,3488,209,4759,0,0,35,6232,179,1006,35,7238,California
Imperial,2021-01-26,359,8606,184,3672,175,4934,0,0,216,6306,143,1149,217,7455,California
Imperial,2021-01-27,573,9179,163,3835,410,5344,0,0,239,6211,334,1483,239,7694,California
Imperial,2021-01-28,632,9811,158,3993,474,5818,0,0,524,6627,108,1591,524,8218,California
Imperial,2021-01-29,420,10231,294,4287,126,5944,0,0,370,6947,50,1641,370,8588,California
Imperial,2021-01-30,51,10282,26,4313,25,5969,0,0,34,6964,17,1658,34,8622,California
Imperial,2021-01-31,14,10296,6,4319,8,5977,0,0,13,6976,1,1659,13,8635,California
Imperial,2021-02-01,421,10717,55,4374,366,6343,0,0,211,6978,209,1868,211,8846,California
Imperial,2021-02-02,681,11398,54,4428,627,6970,0,0,500,7297,181,2049,500,9346,California
Imperial,2021-02-03,458,11856,48,4476,410,7380,0,0,266,7372,191,2240,266,9612,California
Imperial,2021-02-04,1731,13587,1206,5682,525,7905,0,0,1416,8475,314,2554,1417,11029,California
Imperial,2021-02-05,390,13977,242,5924,148,8053,0,0,155,8398,232,2786,155,11184,California
Imperial,2021-02-06,863,14840,839,6763,24,8077,0,0,826,9188,36,2822,826,12010,California
Imperial,2021-02-07,25,14865,12,6775,13,8090,0,0,24,9211,1,2823,24,12034,California
Imperial,2021-02-08,252,15117,43,6818,209,8299,0,0,184,9327,68,2891,184,12218,California
Imperial,2021-02-09,464,15581,144,6962,320,8619,0,0,307,9477,157,3048,307,12525,California
Imperial,2021-02-10,383,15964,51,7013,332,8951,0,0,95,9284,288,3336,95,12620,California
Imperial,2021-02-11,461,16425,261,7274,200,9151,0,0,92,9007,369,3705,92,12712,California
Imperial,2021-02-12,2118,18543,1404,8678,714,9865,0,0,1764,10419,353,4058,1765,14477,California
Imperial,2021-02-13,45,18588,18,8696,27,9892,0,0,36,10447,9,4067,37,14514,California
Imperial,2021-02-14,24,18612,12,8708,12,9904,0,0,22,10467,2,4069,22,14536,California
Imperial,2021-02-15,33,18645,11,8719,22,9926,0,0,24,10482,9,4078,24,14560,California
Imperial,2021-02-16,518,19163,271,8990,247,10173,0,0,299,10562,219,4297,299,14859,California
Imperial,2021-02-17,440,19603,286,9276,154,10327,0,0,85,10292,355,4652,85,14944,California
Imperial,2021-02-18,653,20256,313,9589,340,10667,0,0,148,9936,504,5156,148,15092,California
Imperial,2021-02-19,768,21024,381,9970,387,11054,0,0,196,9561,571,5727,196,15288,California
Imperial,2021-02-20,1044,22068,196,10166,848,11902,0,0,330,9180,713,6440,332,15620,California
Imperial,2021-02-21,581,22649,547,10713,34,11936,0,0,573,9745,8,6448,573,16193,California
Imperial,2021-02-22,806,23455,567,11280,239,12175,0,0,757,10453,49,6497,757,16950,California
Imperial,2021-02-23,937,24392,380,11660,557,12732,0,0,881,11279,56,6553,882,17832,California
Imperial,2021-02-24,701,25093,293,11953,408,13140,0,0,602,11784,98,6651,603,18435,California
Imperial,2021-02-25,818,25911,344,12297,474,13614,0,0,451,11874,366,7017,456,18891,California
Imperial,2021-02-26,1744,27655,1373,13670,371,13985,0,0,1572,13276,170,7187,1572,20463,California
Imperial,2021-02-27,915,28570,866,14536,49,14034,0,0,176,12713,739,7926,176,20639,California
Imperial,2021-02-28,78,28648,69,14605,9,14043,0,0,68,12771,10,7936,68,20707,California
Imperial,2021-03-01,513,29161,311,14916,202,14245,0,0,451,13163,61,7997,453,21160,California
Imperial,2021-03-02,689,29850,266,15182,423,14668,0,0,400,13278,289,8286,404,21564,California
Imperial,2021-03-03,918,30768,48,15230,869,15537,1,1,548,13471,367,8653,560,22124,California
Imperial,2021-03-04,744,31512,93,15323,651,16188,0,1,483,13724,259,8912,512,22636,California
Imperial,2021-03-05,2554,34066,1942,17265,612,16800,0,1,1270,13712,1283,10195,1271,23907,California
Imperial,2021-03-06,681,34747,234,17499,447,17247,0,1,641,14322,36,10231,646,24553,California
Imperial,2021-03-07,76,34823,43,17542,32,17279,1,2,55,14358,21,10252,57,24610,California
Imperial,2021-03-08,400,35223,324,17866,44,17323,32,34,352,14693,49,10301,384,24994,California
Imperial,2021-03-09,693,35916,315,18181,133,17456,245,279,406,15061,287,10588,655,25649,California
Imperial,2021-03-10,664,36580,306,18487,255,17711,103,382,301,15107,362,10950,408,26057,California
Imperial,2021-03-11,1705,38285,436,18923,1079,18790,190,572,1104,15812,602,11552,1307,27364,California
Imperial,2021-03-12,3557,41842,2438,21361,935,19725,184,756,1972,16387,1582,13134,2157,29521,California
Imperial,2021-03-13,998,42840,91,21452,688,20413,219,975,723,17060,273,13407,946,30467,California
Imperial,2021-03-14,124,42964,29,21481,84,20497,11,986,98,17144,26,13433,110,30577,California
Imperial,2021-03-15,673,43637,219,21700,199,20696,255,1241,379,17487,293,13726,636,31213,California
Imperial,2021-03-16,1054,44691,275,21975,339,21035,440,1681,529,17933,524,14250,970,32183,California
Imperial,2021-03-17,1526,46217,658,22633,734,21769,134,1815,946,18440,576,14826,1083,33266,California
Imperial,2021-03-18,1513,47730,1014,23647,440,22209,59,1874,1070,19131,441,15267,1132,34398,California
Imperial,2021-03-19,2880,50610,2173,25820,703,22912,4,1878,1218,18697,1658,16925,1224,35622,California
Imperial,2021-03-20,637,51247,377,26197,255,23167,5,1883,337,18749,298,17223,350,35972,California
Imperial,2021-03-21,220,51467,37,26234,180,23347,3,1886,160,18856,60,17283,167,36139,California
Imperial,2021-03-22,1024,52491,316,26550,700,24047,8,1894,609,19071,414,17697,629,36768,California
Imperial,2021-03-23,1401,53892,408,26958,987,25034,6,1900,887,19462,512,18209,903,37671,California
Imperial,2021-03-24,1900,55792,539,27497,950,25984,411,2311,956,19906,942,19151,1386,39057,California
Imperial,2021-03-25,2424,58216,498,27995,809,26793,1117,3428,932,20466,1491,20642,2051,41108,California
Imperial,2021-03-26,2226,60442,774,28769,647,27440,805,4233,735,20527,1487,22129,1548,42656,California
Imperial,2021-03-27,573,61015,265,29034,259,27699,49,4282,418,20842,152,22281,467,43123,California
Imperial,2021-03-28,210,61225,52,29086,154,27853,4,4286,174,20983,36,22317,177,43300,California
Imperial,2021-03-29,990,62215,354,29440,372,28225,264,4550,306,20873,682,22999,572,43872,California
Imperial,2021-03-30,1350,63565,673,30113,547,28772,130,4680,627,20918,723,23722,768,44640,California
Imperial,2021-03-31,1482,65047,712,30825,762,29534,8,4688,977,21406,503,24225,991,45631,California
Imperial,2021-04-01,1583,66630,340,31165,1019,30553,224,4912,759,21579,823,25048,996,46627,California
Imperial,2021-04-02,1219,67849,453,31618,693,31246,73,4985,714,21892,504,25552,817,47444,California
Imperial,2021-04-03,1334,69183,406,32024,904,32150,24,5009,583,21754,747,26299,609,48053,California
Imperial,2021-04-04,79,69262,37,32061,27,32177,15,5024,26,21742,53,26352,41,48094,California
Imperial,2021-04-05,1335,70597,780,32841,510,32687,45,5069,173,20823,1157,27509,238,48332,California
Inyo,2020-12-19,85,85,85,85,0,0,0,0,85,85,0,0,85,85,California
Inyo,2020-12-20,58,143,58,143,0,0,0,0,58,143,0,0,58,143,California
Inyo,2020-12-21,88,231,85,228,3,3,0,0,88,231,0,0,88,231,California
Inyo,2020-12-22,104,335,104,332,0,3,0,0,104,335,0,0,104,335,California
Inyo,2020-12-23,71,406,68,400,3,6,0,0,71,406,0,0,71,406,California
Inyo,2020-12-24,16,422,16,416,0,6,0,0,16,422,0,0,16,422,California
Inyo,2020-12-25,1,423,0,416,1,7,0,0,1,423,0,0,1,423,California
Inyo,2020-12-26,74,497,74,490,0,7,0,0,74,497,0,0,74,497,California
Inyo,2020-12-28,48,545,36,526,12,19,0,0,48,545,0,0,48,545,California
Inyo,2020-12-29,20,565,20,546,0,19,0,0,20,565,0,0,20,565,California
Inyo,2020-12-30,56,621,54,600,2,21,0,0,56,621,0,0,56,621,California
Inyo,2020-12-31,29,650,0,600,29,50,0,0,29,650,0,0,29,650,California
Inyo,2021-01-01,1,651,0,600,1,51,0,0,1,651,0,0,1,651,California
Inyo,2021-01-03,1,652,0,600,1,52,0,0,1,652,0,0,1,652,California
Inyo,2021-01-04,1,653,1,601,0,52,0,0,1,653,0,0,1,653,California
Inyo,2021-01-05,34,687,0,601,34,86,0,0,34,687,0,0,34,687,California
Inyo,2021-01-06,68,755,0,601,68,154,0,0,68,755,0,0,68,755,California
Inyo,2021-01-07,31,786,1,602,30,184,0,0,31,786,0,0,31,786,California
Inyo,2021-01-08,9,795,8,610,1,185,0,0,4,786,5,5,5,791,California
Inyo,2021-01-09,87,882,86,696,1,186,0,0,1,701,86,91,1,792,California
Inyo,2021-01-10,52,934,52,748,0,186,0,0,0,649,52,143,0,792,California
Inyo,2021-01-11,97,1031,82,830,15,201,0,0,16,584,81,224,16,808,California
Inyo,2021-01-12,139,1170,117,947,22,223,0,0,29,503,110,334,29,837,California
Inyo,2021-01-13,87,1257,69,1016,18,241,0,0,21,459,66,400,22,859,California
Inyo,2021-01-14,59,1316,13,1029,46,287,0,0,49,498,10,410,49,908,California
Inyo,2021-01-15,162,1478,28,1057,134,421,0,0,162,660,0,410,162,1070,California
Inyo,2021-01-16,74,1552,73,1130,1,422,0,0,1,588,73,483,1,1071,California
Inyo,2021-01-18,58,1610,36,1166,22,444,0,0,19,568,39,522,19,1090,California
Inyo,2021-01-19,116,1726,73,1239,43,487,0,0,100,652,16,538,100,1190,California
Inyo,2021-01-20,142,1868,67,1306,75,562,0,0,88,686,54,592,88,1278,California
Inyo,2021-01-21,120,1988,57,1363,63,625,0,0,119,804,1,593,119,1397,California
Inyo,2021-01-22,62,2050,0,1363,62,687,0,0,61,864,1,594,61,1458,California
Inyo,2021-01-23,53,2103,53,1416,0,687,0,0,53,917,0,594,53,1511,California
Inyo,2021-01-25,49,2152,6,1422,43,730,0,0,37,942,12,606,37,1548,California
Inyo,2021-01-26,133,2285,51,1473,82,812,0,0,127,1063,6,612,127,1675,California
Inyo,2021-01-27,23,2308,2,1475,21,833,0,0,22,1084,1,613,22,1697,California
Inyo,2021-01-28,93,2401,2,1477,91,924,0,0,64,1119,29,642,64,1761,California
Inyo,2021-01-29,24,2425,3,1480,21,945,0,0,22,1139,2,644,22,1783,California
Inyo,2021-01-30,11,2436,1,1481,10,955,0,0,11,1150,0,644,11,1794,California
Inyo,2021-01-31,32,2468,4,1485,28,983,0,0,4,1126,28,672,4,1798,California
Inyo,2021-02-01,12,2480,9,1494,3,986,0,0,2,1118,10,682,2,1800,California
Inyo,2021-02-02,131,2611,15,1509,116,1102,0,0,105,1197,26,708,105,1905,California
Inyo,2021-02-03,115,2726,0,1509,115,1217,0,0,73,1228,42,750,73,1978,California
Inyo,2021-02-04,149,2875,31,1540,118,1335,0,0,90,1259,59,809,90,2068,California
Inyo,2021-02-05,118,2993,62,1602,56,1391,0,0,116,1373,2,811,116,2184,California
Inyo,2021-02-06,3,2996,1,1603,2,1393,0,0,2,1374,1,812,2,2186,California
Inyo,2021-02-07,3,2999,1,1604,2,1395,0,0,3,1377,0,812,3,2189,California
Inyo,2021-02-08,117,3116,7,1611,110,1505,0,0,97,1454,20,832,97,2286,California
Inyo,2021-02-09,193,3309,51,1662,142,1647,0,0,122,1505,71,903,122,2408,California
Inyo,2021-02-10,147,3456,16,1678,131,1778,0,0,115,1588,32,935,115,2523,California
Inyo,2021-02-11,218,3674,55,1733,163,1941,0,0,125,1620,93,1028,125,2648,California
Inyo,2021-02-12,302,3976,56,1789,246,2187,0,0,171,1660,131,1159,171,2819,California
Inyo,2021-02-13,60,4036,56,1845,4,2191,0,0,7,1614,53,1212,7,2826,California
Inyo,2021-02-14,1,4037,0,1845,1,2192,0,0,1,1615,0,1212,1,2827,California
Inyo,2021-02-15,29,4066,9,1854,20,2212,0,0,5,1596,24,1236,5,2832,California
Inyo,2021-02-16,180,4246,50,1904,130,2342,0,0,94,1604,86,1322,94,2926,California
Inyo,2021-02-17,37,4283,4,1908,33,2375,0,0,7,1581,30,1352,7,2933,California
Inyo,2021-02-18,119,4402,5,1913,114,2489,0,0,76,1614,43,1395,76,3009,California
Inyo,2021-02-19,52,4454,4,1917,48,2537,0,0,9,1580,43,1438,9,3018,California
Inyo,2021-02-20,502,4956,498,2415,4,2541,0,0,500,2078,2,1440,500,3518,California
Inyo,2021-02-21,267,5223,267,2682,0,2541,0,0,267,2345,0,1440,267,3785,California
Inyo,2021-02-22,60,5283,18,2700,42,2583,0,0,26,2337,34,1474,26,3811,California
Inyo,2021-02-23,196,5479,19,2719,177,2760,0,0,93,2328,102,1576,93,3904,California
Inyo,2021-02-24,116,5595,1,2720,115,2875,0,0,58,2328,58,1634,58,3962,California
Inyo,2021-02-25,130,5725,3,2723,127,3002,0,0,62,2322,68,1702,62,4024,California
Inyo,2021-02-26,104,5829,61,2784,43,3045,0,0,20,2258,84,1786,20,4044,California
Inyo,2021-02-27,14,5843,3,2787,11,3056,0,0,3,2250,11,1797,3,4047,California
Inyo,2021-02-28,2,5845,1,2788,1,3057,0,0,1,2250,1,1798,1,4048,California
Inyo,2021-03-01,23,5868,3,2791,20,3077,0,0,20,2267,3,1801,20,4068,California
Inyo,2021-03-02,188,6056,0,2791,188,3265,0,0,106,2291,82,1883,106,4174,California
Inyo,2021-03-03,82,6138,3,2794,79,3344,0,0,39,2287,43,1926,39,4213,California
Inyo,2021-03-04,127,6265,4,2798,123,3467,0,0,46,2252,81,2007,46,4259,California
Inyo,2021-03-05,148,6413,62,2860,86,3553,0,0,43,2191,104,2111,43,4302,California
Inyo,2021-03-06,29,6442,2,2862,27,3580,0,0,27,2216,2,2113,27,4329,California
Inyo,2021-03-07,7,6449,4,2866,3,3583,0,0,5,2219,2,2115,5,4334,California
Inyo,2021-03-08,174,6623,5,2871,169,3752,0,0,83,2211,91,2206,83,4417,California
Inyo,2021-03-09,179,6802,3,2874,176,3928,0,0,63,2158,116,2322,63,4480,California
Inyo,2021-03-10,68,6870,9,2883,58,3986,1,1,25,2141,43,2365,26,4506,California
Inyo,2021-03-11,181,7051,2,2885,173,4159,6,7,64,2094,116,2481,69,4575,California
Inyo,2021-03-12,100,7151,4,2889,91,4250,5,12,28,2055,72,2553,33,4608,California
Inyo,2021-03-13,562,7713,530,3419,23,4273,9,21,73,1649,488,3041,82,4690,California
Inyo,2021-03-14,431,8144,429,3848,2,4275,0,21,168,1555,262,3303,168,4858,California
Inyo,2021-03-15,51,8195,15,3863,34,4309,2,23,29,1564,22,3325,31,4889,California
Inyo,2021-03-16,157,8352,4,3867,148,4457,5,28,58,1528,99,3424,63,4952,California
Inyo,2021-03-17,93,8445,3,3870,83,4540,7,35,79,1600,14,3438,86,5038,California
Inyo,2021-03-18,165,8610,16,3886,143,4683,6,41,93,1627,72,3510,99,5137,California
Inyo,2021-03-19,27,8637,5,3891,18,4701,4,45,17,1638,10,3520,21,5158,California
Inyo,2021-03-20,22,8659,1,3892,12,4713,9,54,3,1631,19,3539,12,5170,California
Inyo,2021-03-22,50,8709,3,3895,42,4755,5,59,29,1644,21,3560,34,5204,California
Inyo,2021-03-23,189,8898,7,3902,178,4933,4,63,101,1661,88,3648,105,5309,California
Inyo,2021-03-24,134,9032,5,3907,125,5058,4,67,82,1695,52,3700,86,5395,California
Inyo,2021-03-25,331,9363,106,4013,222,5280,3,70,267,1902,64,3764,271,5666,California
Inyo,2021-03-26,92,9455,5,4018,83,5363,4,74,71,1957,20,3784,75,5741,California
Inyo,2021-03-27,53,9508,42,4060,8,5371,3,77,47,2001,6,3790,50,5791,California
Inyo,2021-03-28,3,9511,2,4062,1,5372,0,77,2,2002,1,3791,2,5793,California
Inyo,2021-03-29,103,9614,3,4065,94,5466,6,83,77,2060,25,3816,83,5876,California
Inyo,2021-03-30,213,9827,4,4069,204,5670,5,88,106,2066,107,3923,113,5989,California
Inyo,2021-03-31,147,9974,5,4074,136,5806,6,94,102,2130,45,3968,109,6098,California
Inyo,2021-04-01,157,10131,7,4081,149,5955,1,95,109,2192,48,4016,110,6208,California
Inyo,2021-04-02,83,10214,3,4084,78,6033,2,97,48,2208,35,4051,51,6259,California
Inyo,2021-04-03,92,10306,43,4127,35,6068,14,111,8,2150,83,4134,25,6284,California
Inyo,2021-04-04,5,10311,4,4131,0,6068,1,112,1,2148,4,4138,2,6286,California
Inyo,2021-04-05,29,10340,0,4131,28,6096,1,113,12,2144,17,4155,13,6299,California
Kern,2020-12-15,1,1,1,1,0,0,0,0,1,1,0,0,1,1,California
Kern,2020-12-16,18,19,18,19,0,0,0,0,18,19,0,0,18,19,California
Kern,2020-12-17,164,183,164,183,0,0,0,0,164,183,0,0,164,183,California
Kern,2020-12-18,317,500,317,500,0,0,0,0,317,500,0,0,317,500,California
Kern,2020-12-19,100,600,100,600,0,0,0,0,100,600,0,0,100,600,California
Kern,2020-12-20,61,661,61,661,0,0,0,0,61,661,0,0,61,661,California
Kern,2020-12-21,670,1331,670,1331,0,0,0,0,670,1331,0,0,670,1331,California
Kern,2020-12-22,531,1862,528,1859,3,3,0,0,531,1862,0,0,531,1862,California
Kern,2020-12-23,556,2418,417,2276,139,142,0,0,556,2418,0,0,556,2418,California
Kern,2020-12-24,122,2540,43,2319,79,221,0,0,122,2540,0,0,122,2540,California
Kern,2020-12-25,1,2541,1,2320,0,221,0,0,1,2541,0,0,1,2541,California
Kern,2020-12-26,35,2576,1,2321,34,255,0,0,35,2576,0,0,35,2576,California
Kern,2020-12-27,35,2611,3,2324,32,287,0,0,35,2611,0,0,35,2611,California
Kern,2020-12-28,826,3437,662,2986,164,451,0,0,826,3437,0,0,826,3437,California
Kern,2020-12-29,745,4182,452,3438,293,744,0,0,745,4182,0,0,745,4182,California
Kern,2020-12-30,1200,5382,909,4347,291,1035,0,0,1200,5382,0,0,1200,5382,California
Kern,2020-12-31,277,5659,98,4445,179,1214,0,0,277,5659,0,0,277,5659,California
Kern,2021-01-01,9,5668,6,4451,3,1217,0,0,9,5668,0,0,9,5668,California
Kern,2021-01-02,77,5745,18,4469,59,1276,0,0,77,5745,0,0,77,5745,California
Kern,2021-01-03,23,5768,4,4473,19,1295,0,0,23,5768,0,0,23,5768,California
Kern,2021-01-04,554,6322,360,4833,194,1489,0,0,554,6322,0,0,554,6322,California
Kern,2021-01-05,1129,7451,735,5568,394,1883,0,0,1117,7427,12,12,1117,7439,California
Kern,2021-01-06,1164,8615,453,6021,711,2594,0,0,1134,8531,30,42,1134,8573,California
Kern,2021-01-07,1402,10017,494,6515,908,3502,0,0,1233,9596,168,210,1233,9806,California
Kern,2021-01-08,1626,11643,766,7281,860,4362,0,0,1330,10629,298,508,1331,11137,California
Kern,2021-01-09,226,11869,76,7357,150,4512,0,0,192,10787,34,542,192,11329,California
Kern,2021-01-10,190,12059,145,7502,45,4557,0,0,149,10895,41,583,149,11478,California
Kern,2021-01-11,1550,13609,981,8483,569,5126,0,0,998,11341,552,1135,998,12476,California
Kern,2021-01-12,1869,15478,811,9294,1058,6184,0,0,1358,12188,511,1646,1358,13834,California
Kern,2021-01-13,1855,17333,867,10161,988,7172,0,0,1432,13197,423,2069,1432,15266,California
Kern,2021-01-14,2177,19510,643,10804,1534,8706,0,0,2131,15282,47,2116,2132,17398,California
Kern,2021-01-15,2701,22211,858,11662,1843,10549,0,0,2604,17792,95,2211,2605,20003,California
Kern,2021-01-16,666,22877,210,11872,456,11005,0,0,632,18390,34,2245,632,20635,California
Kern,2021-01-17,73,22950,7,11879,66,11071,0,0,71,18459,2,2247,71,20706,California
Kern,2021-01-18,1646,24596,659,12538,987,12058,0,0,1476,19765,170,2417,1476,22182,California
Kern,2021-01-19,1846,26442,1029,13567,817,12875,0,0,1379,20678,467,2884,1380,23562,California
Kern,2021-01-20,2439,28881,1505,15072,934,13809,0,0,1815,21876,619,3503,1817,25379,California
Kern,2021-01-21,2155,31036,918,15990,1237,15046,0,0,1962,23646,192,3695,1962,27341,California
Kern,2021-01-22,2700,33736,1289,17279,1411,16457,0,0,2425,25797,274,3969,2425,29766,California
Kern,2021-01-23,1245,34981,531,17810,714,17171,0,0,1199,26950,46,4015,1199,30965,California
Kern,2021-01-24,160,35141,19,17829,141,17312,0,0,155,27100,5,4020,155,31120,California
Kern,2021-01-25,2377,37518,1082,18911,1295,18607,0,0,1893,28512,483,4503,1895,33015,California
Kern,2021-01-26,2734,40252,1111,20022,1623,20230,0,0,1883,29546,850,5353,1884,34899,California
Kern,2021-01-27,3548,43800,1894,21916,1654,21884,0,0,2850,31699,697,6050,2850,37749,California
Kern,2021-01-28,2839,46639,1343,23259,1496,23380,0,0,2412,33688,424,6474,2413,40162,California
Kern,2021-01-29,3747,50386,1788,25047,1959,25339,0,0,3208,36360,536,7010,3208,43370,California
Kern,2021-01-30,1323,51709,495,25542,828,26167,0,0,1276,37591,45,7055,1276,44646,California
Kern,2021-01-31,400,52109,274,25816,126,26293,0,0,267,37725,133,7188,267,44913,California
Kern,2021-02-01,2407,54516,817,26633,1590,27883,0,0,1857,39036,547,7735,1858,46771,California
Kern,2021-02-02,2916,57432,975,27608,1941,29824,0,0,2054,40229,862,8597,2055,48826,California
Kern,2021-02-03,3655,61087,1549,29157,2106,31930,0,0,2687,41957,960,9557,2688,51514,California
Kern,2021-02-04,3785,64872,1444,30601,2341,34271,0,0,2572,43328,1202,10759,2573,54087,California
Kern,2021-02-05,4843,69715,1990,32591,2853,37124,0,0,3086,44677,1738,12497,3087,57174,California
Kern,2021-02-06,1735,71450,762,33353,973,38097,0,0,1515,45975,217,12714,1515,58689,California
Kern,2021-02-07,281,71731,149,33502,132,38229,0,0,267,46230,12,12726,267,58956,California
Kern,2021-02-08,2566,74297,788,34290,1778,40007,0,0,1261,46204,1287,14013,1261,60217,California
Kern,2021-02-09,3020,77317,985,35275,2035,42042,0,0,1466,46123,1547,15560,1466,61683,California
Kern,2021-02-10,3734,81051,1650,36925,2084,44126,0,0,1891,46189,1826,17386,1892,63575,California
Kern,2021-02-11,4265,85316,1540,38465,2725,46851,0,0,2231,46399,2021,19407,2231,65806,California
Kern,2021-02-12,4942,90258,1868,40333,3074,49925,0,0,2468,46408,2459,21866,2468,68274,California
Kern,2021-02-13,1985,92243,701,41034,1284,51209,0,0,1158,46741,825,22691,1158,69432,California
Kern,2021-02-14,352,92595,13,41047,339,51548,0,0,271,46932,80,22771,271,69703,California
Kern,2021-02-15,2719,95314,883,41930,1836,53384,0,0,1198,46617,1513,24284,1198,70901,California
Kern,2021-02-16,2940,98254,718,42648,2222,55606,0,0,1659,47004,1272,25556,1659,72560,California
Kern,2021-02-17,4059,102313,2072,44720,1987,57593,0,0,1933,46817,2121,27677,1934,74494,California
Kern,2021-02-18,3727,106040,1468,46188,2259,59852,0,0,1610,46322,2105,29782,1610,76104,California
Kern,2021-02-19,4174,110214,1902,48090,2272,62124,0,0,1735,45623,2434,32216,1735,77839,California
Kern,2021-02-20,2537,112751,954,49044,1583,63707,0,0,1305,45701,1228,33444,1306,79145,California
Kern,2021-02-21,223,112974,118,49162,105,63812,0,0,77,45634,144,33588,77,79222,California
Kern,2021-02-22,2641,115615,1137,50299,1504,65316,0,0,1434,45866,1202,34790,1434,80656,California
Kern,2021-02-23,3515,119130,1113,51412,2402,67718,0,0,1971,46295,1542,36332,1971,82627,California
Kern,2021-02-24,5115,124245,2266,53678,2849,70567,0,0,3036,47256,2075,38407,3036,85663,California
Kern,2021-02-25,5307,129552,2442,56120,2865,73432,0,0,3147,48262,2141,40548,3147,88810,California
Kern,2021-02-26,6768,136320,3478,59598,3290,76722,0,0,4312,50125,2449,42997,4312,93122,California
Kern,2021-02-27,3809,140129,1859,61457,1950,78672,0,0,2502,51331,1299,44296,2505,95627,California
Kern,2021-02-28,910,141039,501,61958,409,79081,0,0,693,51809,215,44511,693,96320,California
Kern,2021-03-01,3904,144943,1796,63754,2108,81189,0,0,2629,53168,1271,45782,2630,98950,California
Kern,2021-03-02,4279,149222,1351,65105,2927,84116,1,1,2791,54479,1480,47262,2791,101741,California
Kern,2021-03-03,5585,154807,2640,67745,2945,87061,0,1,3530,55969,2041,49303,3531,105272,California
Kern,2021-03-04,5073,159880,1981,69726,3090,90151,2,3,3376,57661,1686,50989,3378,108650,California
Kern,2021-03-05,6041,165921,2633,72359,3391,93542,17,20,3864,59374,2168,53157,3881,112531,California
Kern,2021-03-06,4286,170207,1865,74224,2327,95869,94,114,3183,61559,1097,54254,3282,115813,California
Kern,2021-03-07,2019,172226,1576,75800,395,96264,48,162,1831,63251,187,54441,1879,117692,California
Kern,2021-03-08,2659,174885,827,76627,1629,97893,203,365,1375,63546,1281,55722,1576,119268,California
Kern,2021-03-09,3389,178274,742,77369,2322,100215,325,690,2058,64601,1325,57047,2380,121648,California
Kern,2021-03-10,5578,183852,2378,79747,2286,102501,914,1604,3220,66389,2347,59394,4135,125783,California
Kern,2021-03-11,5660,189512,2149,81896,2720,105221,791,2395,3399,68325,2254,61648,4190,129973,California
Kern,2021-03-12,6416,195928,2550,84446,3031,108252,835,3230,3715,70180,2693,64341,4548,134521,California
Kern,2021-03-13,3986,199914,2131,86577,1531,109783,324,3554,2723,71968,1259,65600,3047,137568,California
Kern,2021-03-14,2079,201993,1379,87956,467,110250,233,3787,1650,73423,427,66027,1882,139450,California
Kern,2021-03-15,4035,206028,1011,88967,2367,112617,657,4444,2073,74200,1952,67979,2729,142179,California
Kern,2021-03-16,4191,210219,968,89935,2715,115332,508,4952,2235,74996,1945,69924,2741,144920,California
Kern,2021-03-17,6796,217015,3607,93542,2731,118063,458,5410,4105,76880,2679,72603,4563,149483,California
Kern,2021-03-18,6252,223267,3149,96691,2578,120641,525,5935,3712,78596,2521,75124,4237,153720,California
Kern,2021-03-19,7520,230787,4338,101029,2652,123293,530,6465,3921,79466,3583,78707,4453,158173,California
Kern,2021-03-20,4040,234827,2358,103387,1564,124857,118,6583,2576,80709,1458,80165,2701,160874,California
Kern,2021-03-21,2826,237653,1691,105078,263,125120,872,7455,1650,82061,1171,81336,2523,163397,California
Kern,2021-03-22,3851,241504,1554,106632,1982,127102,315,7770,1888,82309,1957,83293,2205,165602,California
Kern,2021-03-23,4448,245952,1562,108194,2719,129821,167,7937,2404,82886,2014,85307,2591,168193,California
Kern,2021-03-24,6905,252857,3513,111707,2940,132761,452,8389,3629,83723,3261,88568,4098,172291,California
Kern,2021-03-25,6514,259371,2840,114547,3360,136121,314,8703,3253,84056,3246,91814,3579,175870,California
Kern,2021-03-26,9289,268660,4144,118691,3970,140091,1175,9878,4628,85249,4640,96454,5833,181703,California
Kern,2021-03-27,5381,274041,3701,122392,1561,141652,119,9997,3289,86587,2082,98536,3420,185123,California
Kern,2021-03-28,4116,278157,3639,126031,463,142115,14,10011,2575,87651,1535,100071,2599,187722,California
Kern,2021-03-29,4093,282250,1581,127612,2238,144353,274,10285,2560,88979,1521,101592,2849,190571,California
Kern,2021-03-30,5371,287621,1785,129397,3288,147641,298,10583,3064,90091,2299,103891,3411,193982,California
Kern,2021-03-31,7898,295519,4102,133499,3156,150797,640,11223,4198,91314,3687,107578,4910,198892,California
Kern,2021-04-01,7434,302953,3539,137038,3604,154401,291,11514,4005,92401,3414,110992,4501,203393,California
Kern,2021-04-02,7960,310913,4150,141188,3228,157629,582,12096,4013,93328,3935,114927,4862,208255,California
Kern,2021-04-03,5300,316213,3362,144550,1761,159390,177,12273,2536,93485,2756,117683,2913,211168,California
Kern,2021-04-04,1182,317395,751,145301,360,159750,71,12344,436,93258,744,118427,517,211685,California
Kern,2021-04-05,3660,321055,1799,147100,1477,161227,384,12728,2264,94564,1391,119818,2697,214382,California
Kings,2020-12-16,1,1,1,1,0,0,0,0,1,1,0,0,1,1,California
Kings,2020-12-17,8,9,8,9,0,0,0,0,8,9,0,0,8,9,California
Kings,2020-12-18,12,21,12,21,0,0,0,0,12,21,0,0,12,21,California
Kings,2020-12-19,11,32,11,32,0,0,0,0,11,32,0,0,11,32,California
Kings,2020-12-20,13,45,13,45,0,0,0,0,13,45,0,0,13,45,California
Kings,2020-12-21,154,199,154,199,0,0,0,0,271,316,0,0,271,316,California
Kings,2020-12-22,143,342,143,342,0,0,0,0,140,456,0,0,140,456,California
Kings,2020-12-23,134,476,122,464,12,12,0,0,135,591,0,0,135,591,California
Kings,2020-12-24,11,487,9,473,2,14,0,0,11,602,0,0,11,602,California
Kings,2020-12-26,7,494,4,477,3,17,0,0,7,609,0,0,7,609,California
Kings,2020-12-27,4,498,4,481,0,17,0,0,4,613,0,0,4,613,California
Kings,2020-12-28,131,629,103,584,28,45,0,0,132,745,0,0,132,745,California
Kings,2020-12-29,78,707,51,635,27,72,0,0,79,824,0,0,79,824,California
Kings,2020-12-30,147,854,108,743,39,111,0,0,147,971,0,0,147,971,California
Kings,2020-12-31,43,897,6,749,37,148,0,0,43,1014,0,0,43,1014,California
Kings,2021-01-01,1,898,0,749,1,149,0,0,1,1015,0,0,1,1015,California
Kings,2021-01-02,10,908,9,758,1,150,0,0,10,1025,0,0,10,1025,California
Kings,2021-01-04,112,1020,41,799,71,221,0,0,112,1137,0,0,112,1137,California
Kings,2021-01-05,197,1217,39,838,158,379,0,0,197,1334,0,0,197,1334,California
Kings,2021-01-06,275,1492,178,1016,97,476,0,0,272,1603,3,3,272,1606,California
Kings,2021-01-07,179,1671,82,1098,97,573,0,0,171,1766,8,11,171,1777,California
Kings,2021-01-08,247,1918,54,1152,193,766,0,0,228,1975,19,30,228,2005,California
Kings,2021-01-09,63,1981,9,1161,54,820,0,0,55,2022,8,38,55,2060,California
Kings,2021-01-10,15,1996,3,1164,12,832,0,0,12,2031,3,41,12,2072,California
Kings,2021-01-11,518,2514,356,1520,162,994,0,0,274,2062,244,285,275,2347,California
Kings,2021-01-12,352,2866,255,1775,97,1091,0,0,218,2149,131,416,218,2565,California
Kings,2021-01-13,413,3279,266,2041,147,1238,0,0,322,2380,91,507,322,2887,California
Kings,2021-01-14,210,3489,31,2072,179,1417,0,0,200,2560,21,528,201,3088,California
Kings,2021-01-15,415,3904,28,2100,387,1804,0,0,403,2951,12,540,403,3491,California
Kings,2021-01-16,31,3935,12,2112,19,1823,0,0,30,2980,1,541,30,3521,California
Kings,2021-01-17,8,3943,5,2117,3,1826,0,0,6,2984,2,543,6,3527,California
Kings,2021-01-18,172,4115,40,2157,132,1958,0,0,146,3104,26,569,146,3673,California
Kings,2021-01-19,376,4491,158,2315,218,2176,0,0,248,3224,128,697,248,3921,California
Kings,2021-01-20,224,4715,135,2450,89,2265,0,0,119,3242,101,798,119,4040,California
Kings,2021-01-21,185,4900,32,2482,153,2418,0,0,171,3397,16,814,171,4211,California
Kings,2021-01-22,126,5026,39,2521,87,2505,0,0,125,3517,5,819,125,4336,California
Kings,2021-01-23,26,5052,14,2535,12,2517,0,0,20,3531,6,825,20,4356,California
Kings,2021-01-24,3,5055,3,2538,0,2517,0,0,1,3530,2,827,1,4357,California
Kings,2021-01-25,123,5178,25,2563,98,2615,0,0,90,3587,33,860,90,4447,California
Kings,2021-01-26,153,5331,34,2597,119,2734,0,0,114,3662,39,899,114,4561,California
Kings,2021-01-27,316,5647,34,2631,282,3016,0,0,246,3839,69,968,246,4807,California
Kings,2021-01-28,324,5971,47,2678,277,3293,0,0,270,4055,54,1022,270,5077,California
Kings,2021-01-29,85,6056,26,2704,59,3352,0,0,68,4106,17,1039,68,5145,California
Kings,2021-01-30,1557,7613,31,2735,1526,4878,0,0,1555,5660,2,1041,1556,6701,California
Kings,2021-02-01,197,7810,63,2798,134,5012,0,0,70,5605,125,1166,70,6771,California
Kings,2021-02-02,224,8034,14,2812,210,5222,0,0,80,5542,143,1309,80,6851,California
Kings,2021-02-03,352,8386,193,3005,159,5381,0,0,198,5587,153,1462,198,7049,California
Kings,2021-02-04,392,8778,98,3103,294,5675,0,0,196,5587,196,1658,196,7245,California
Kings,2021-02-05,254,9032,12,3115,242,5917,0,0,101,5536,152,1810,101,7346,California
Kings,2021-02-06,58,9090,10,3125,48,5965,0,0,26,5530,32,1842,26,7372,California
Kings,2021-02-07,5,9095,3,3128,2,5967,0,0,3,5531,2,1844,3,7375,California
Kings,2021-02-08,171,9266,29,3157,142,6109,0,0,70,5500,101,1945,70,7445,California
Kings,2021-02-09,252,9518,57,3214,195,6304,0,0,109,5468,141,2086,109,7554,California
Kings,2021-02-10,286,9804,113,3327,173,6477,0,0,175,5532,111,2197,175,7729,California
Kings,2021-02-11,417,10221,64,3391,353,6830,0,0,305,5726,111,2308,305,8034,California
Kings,2021-02-12,608,10829,36,3427,572,7402,0,0,344,5806,264,2572,344,8378,California
Kings,2021-02-13,102,10931,6,3433,96,7498,0,0,77,5858,25,2597,77,8455,California
Kings,2021-02-14,103,11034,5,3438,98,7596,0,0,96,5947,7,2604,96,8551,California
Kings,2021-02-15,246,11280,5,3443,241,7837,0,0,137,5976,108,2712,137,8688,California
Kings,2021-02-16,482,11762,32,3475,450,8287,0,0,249,5993,232,2944,249,8937,California
Kings,2021-02-17,378,12140,22,3497,356,8643,0,0,241,6098,137,3081,242,9179,California
Kings,2021-02-18,154,12294,23,3520,131,8774,0,0,100,6144,54,3135,100,9279,California
Kings,2021-02-19,157,12451,22,3542,135,8909,0,0,101,6192,53,3188,101,9380,California
Kings,2021-02-20,170,12621,41,3583,129,9038,0,0,133,6288,37,3225,133,9513,California
Kings,2021-02-21,1,12622,0,3583,1,9039,0,0,1,6289,0,3225,1,9514,California
Kings,2021-02-22,106,12728,17,3600,89,9128,0,0,47,6277,59,3284,47,9561,California
Kings,2021-02-23,289,13017,71,3671,218,9346,0,0,172,6332,117,3401,172,9733,California
Kings,2021-02-24,591,13608,153,3824,438,9784,0,0,378,6497,213,3614,378,10111,California
Kings,2021-02-25,661,14269,111,3935,550,10334,0,0,444,6726,215,3829,444,10555,California
Kings,2021-02-26,653,14922,131,4066,522,10856,0,0,590,7254,62,3891,590,11145,California
Kings,2021-02-27,1495,16417,60,4126,1435,12291,0,0,560,6882,934,4825,562,11707,California
Kings,2021-02-28,1165,17582,592,4718,573,12864,0,0,668,7055,495,5320,668,12375,California
Kings,2021-03-01,257,17839,78,4796,179,13043,0,0,213,7224,44,5364,213,12588,California
Kings,2021-03-02,460,18299,202,4998,258,13301,0,0,412,7588,48,5412,412,13000,California
Kings,2021-03-03,574,18873,285,5283,289,13590,0,0,397,7809,176,5588,397,13397,California
Kings,2021-03-04,666,19539,320,5603,346,13936,0,0,573,8290,93,5681,574,13971,California
Kings,2021-03-05,926,20465,322,5925,595,14531,9,9,810,8994,116,5797,820,14791,California
Kings,2021-03-06,506,20971,187,6112,306,14837,13,22,476,9454,30,5827,490,15281,California
Kings,2021-03-07,299,21270,162,6274,133,14970,4,26,291,9741,8,5835,295,15576,California
Kings,2021-03-08,325,21595,87,6361,189,15159,49,75,222,9908,103,5938,270,15846,California
Kings,2021-03-09,431,22026,159,6520,219,15378,53,128,329,10189,102,6040,383,16229,California
Kings,2021-03-10,409,22435,108,6628,257,15635,44,172,287,10399,120,6160,330,16559,California
Kings,2021-03-11,911,23346,267,6895,538,16173,106,278,552,10704,356,6516,661,17220,California
Kings,2021-03-12,1172,24518,355,7250,732,16905,85,363,815,11250,356,6872,902,18122,California
Kings,2021-03-13,602,25120,332,7582,228,17133,42,405,516,11724,86,6958,560,18682,California
Kings,2021-03-14,588,25708,77,7659,137,17270,374,779,168,11847,420,7378,543,19225,California
Kings,2021-03-15,586,26294,171,7830,301,17571,114,893,354,12085,232,7610,470,19695,California
Kings,2021-03-16,1035,27329,434,8264,537,18108,64,957,694,12506,338,7948,759,20454,California
Kings,2021-03-17,1019,28348,370,8634,590,18698,59,1016,721,12996,298,8246,788,21242,California
Kings,2021-03-18,940,29288,409,9043,350,19048,181,1197,665,13569,275,8521,848,22090,California
Kings,2021-03-19,811,30099,403,9446,343,19391,65,1262,636,14104,175,8696,710,22800,California
Kings,2021-03-20,492,30591,212,9658,255,19646,25,1287,362,14370,127,8823,393,23193,California
Kings,2021-03-21,1365,31956,1084,10742,269,19915,12,1299,811,14640,554,9377,824,24017,California
Kings,2021-03-22,454,32410,209,10951,165,20080,80,1379,279,14828,175,9552,363,24380,California
Kings,2021-03-23,873,33283,483,11434,332,20412,58,1437,561,15140,310,9862,622,25002,California
Kings,2021-03-24,898,34181,459,11893,415,20827,24,1461,499,15268,398,10260,526,25528,California
Kings,2021-03-25,885,35066,447,12340,413,21240,25,1486,448,15306,435,10695,473,26001,California
Kings,2021-03-26,1286,36352,382,12722,817,22057,87,1573,527,15170,754,11449,618,26619,California
Kings,2021-03-27,619,36971,247,12969,358,22415,14,1587,170,14910,447,11896,187,26806,California
Kings,2021-03-28,513,37484,440,13409,63,22478,10,1597,336,15087,177,12073,354,27160,California
Kings,2021-03-29,424,37908,180,13589,186,22664,58,1655,235,15195,187,12260,295,27455,California
Kings,2021-03-30,787,38695,426,14015,322,22986,39,1694,468,15386,318,12578,509,27964,California
Kings,2021-03-31,688,39383,357,14372,270,23256,61,1755,414,15605,269,12847,488,28452,California
Kings,2021-04-01,702,40085,347,14719,280,23536,75,1830,331,15657,365,13212,417,28869,California
Kings,2021-04-02,891,40976,410,15129,361,23897,120,1950,410,15733,475,13687,551,29420,California
Kings,2021-04-03,455,41431,317,15446,133,24030,5,1955,167,15626,282,13969,175,29595,California
Kings,2021-04-04,147,41578,76,15522,67,24097,4,1959,63,15610,84,14053,68,29663,California
Kings,2021-04-05,746,42324,171,15693,362,24459,213,2172,207,15527,539,14592,456,30119,California
Lake,2020-12-17,4,4,4,4,0,0,0,0,4,4,0,0,4,4,California
Lake,2020-12-18,51,55,51,55,0,0,0,0,51,55,0,0,51,55,California
Lake,2020-12-19,3,58,3,58,0,0,0,0,3,58,0,0,3,58,California
Lake,2020-12-20,6,64,6,64,0,0,0,0,6,64,0,0,6,64,California
Lake,2020-12-21,50,114,50,114,0,0,0,0,50,114,0,0,50,114,California
Lake,2020-12-22,63,177,60,174,3,3,0,0,63,177,0,0,63,177,California
Lake,2020-12-23,91,268,83,257,8,11,0,0,91,268,0,0,91,268,California
Lake,2020-12-24,2,270,0,257,2,13,0,0,2,270,0,0,2,270,California
Lake,2020-12-26,2,272,2,259,0,13,0,0,2,272,0,0,2,272,California
Lake,2020-12-27,2,274,2,261,0,13,0,0,2,274,0,0,2,274,California
Lake,2020-12-28,52,326,43,304,9,22,0,0,52,326,0,0,52,326,California
Lake,2020-12-29,14,340,9,313,5,27,0,0,14,340,0,0,14,340,California
Lake,2020-12-30,89,429,82,395,7,34,0,0,89,429,0,0,89,429,California
Lake,2020-12-31,67,496,64,459,3,37,0,0,67,496,0,0,67,496,California
Lake,2021-01-01,1,497,0,459,1,38,0,0,1,497,0,0,1,497,California
Lake,2021-01-02,2,499,1,460,1,39,0,0,2,499,0,0,2,499,California
Lake,2021-01-04,65,564,1,461,64,103,0,0,65,564,0,0,65,564,California
Lake,2021-01-05,80,644,59,520,21,124,0,0,78,640,2,2,78,642,California
Lake,2021-01-06,83,727,65,585,18,142,0,0,81,719,2,4,81,723,California
Lake,2021-01-07,69,796,49,634,20,162,0,0,65,780,4,8,65,788,California
Lake,2021-01-08,143,939,124,758,19,181,0,0,91,819,52,60,91,879,California
Lake,2021-01-09,62,1001,60,818,2,183,0,0,58,873,4,64,58,937,California
Lake,2021-01-10,3,1004,3,821,0,183,0,0,0,870,3,67,0,937,California
Lake,2021-01-11,161,1165,119,940,42,225,0,0,113,935,48,115,113,1050,California
Lake,2021-01-12,79,1244,48,988,31,256,0,0,55,966,24,139,55,1105,California
Lake,2021-01-13,126,1370,74,1062,52,308,0,0,96,1032,30,169,96,1201,California
Lake,2021-01-14,136,1506,35,1097,101,409,0,0,115,1126,21,190,115,1316,California
Lake,2021-01-15,216,1722,93,1190,123,532,0,0,189,1288,27,217,189,1505,California
Lake,2021-01-16,135,1857,83,1273,52,584,0,0,133,1419,2,219,133,1638,California
Lake,2021-01-17,18,1875,6,1279,12,596,0,0,12,1425,6,225,12,1650,California
Lake,2021-01-18,244,2119,224,1503,20,616,0,0,126,1433,118,343,126,1776,California
Lake,2021-01-19,277,2396,84,1587,193,809,0,0,263,1683,14,357,264,2040,California
Lake,2021-01-20,385,2781,44,1631,341,1150,0,0,356,2010,29,386,356,2396,California
Lake,2021-01-21,316,3097,48,1679,268,1418,0,0,283,2260,33,419,283,2679,California
Lake,2021-01-22,318,3415,45,1724,273,1691,0,0,282,2506,36,455,282,2961,California
Lake,2021-01-23,122,3537,5,1729,117,1808,0,0,121,2626,1,456,121,3082,California
Lake,2021-01-24,4,3541,1,1730,3,1811,0,0,4,2630,0,456,4,3086,California
Lake,2021-01-25,236,3777,73,1803,163,1974,0,0,178,2750,58,514,178,3264,California
Lake,2021-01-26,425,4202,35,1838,390,2364,0,0,402,3129,23,537,402,3666,California
Lake,2021-01-27,357,4559,39,1877,318,2682,0,0,331,3434,26,563,331,3997,California
Lake,2021-01-28,467,5026,130,2007,337,3019,0,0,366,3699,101,664,366,4363,California
Lake,2021-01-29,636,5662,82,2089,554,3573,0,0,576,4215,60,724,576,4939,California
Lake,2021-01-30,557,6219,45,2134,512,4085,0,0,550,4759,7,731,551,5490,California
Lake,2021-01-31,13,6232,8,2142,5,4090,0,0,12,4770,1,732,12,5502,California
Lake,2021-02-01,176,6408,17,2159,159,4249,0,0,165,4924,11,743,165,5667,California
Lake,2021-02-02,538,6946,154,2313,384,4633,0,0,401,5188,137,880,401,6068,California
Lake,2021-02-03,422,7368,26,2339,396,5029,0,0,348,5462,74,954,348,6416,California
Lake,2021-02-04,100,7468,55,2394,45,5074,0,0,71,5504,29,983,71,6487,California
Lake,2021-02-05,368,7836,68,2462,300,5374,0,0,288,5714,78,1061,288,6775,California
Lake,2021-02-06,282,8118,43,2505,239,5613,0,0,270,5972,12,1073,270,7045,California
Lake,2021-02-07,2,8120,1,2506,1,5614,0,0,2,5974,0,1073,2,7047,California
Lake,2021-02-08,276,8396,206,2712,70,5684,0,0,157,6012,119,1192,157,7204,California
Lake,2021-02-09,340,8736,21,2733,319,6003,0,0,301,6274,39,1231,301,7505,California
Lake,2021-02-10,351,9087,53,2786,298,6301,0,0,274,6471,77,1308,274,7779,California
Lake,2021-02-11,172,9259,19,2805,153,6454,0,0,60,6419,112,1420,60,7839,California
Lake,2021-02-12,373,9632,29,2834,344,6798,0,0,286,6618,87,1507,286,8125,California
Lake,2021-02-13,253,9885,8,2842,245,7043,0,0,242,6849,11,1518,242,8367,California
Lake,2021-02-14,21,9906,4,2846,17,7060,0,0,8,6844,13,1531,8,8375,California
Lake,2021-02-15,171,10077,12,2858,159,7219,0,0,7,6688,163,1694,7,8382,California
Lake,2021-02-16,413,10490,19,2877,394,7613,0,0,171,6617,242,1936,171,8553,California
Lake,2021-02-17,351,10841,54,2931,297,7910,0,0,73,6413,277,2213,73,8626,California
Lake,2021-02-18,450,11291,68,2999,382,8292,0,0,116,6195,334,2547,116,8742,California
Lake,2021-02-19,414,11705,26,3025,388,8680,0,0,92,5965,322,2869,92,8834,California
Lake,2021-02-20,289,11994,58,3083,231,8911,0,0,247,6170,42,2911,247,9081,California
Lake,2021-02-21,6,12000,6,3089,0,8911,0,0,0,6164,6,2917,0,9081,California
Lake,2021-02-22,136,12136,22,3111,114,9025,0,0,41,6110,95,3012,41,9122,California
Lake,2021-02-23,210,12346,13,3124,197,9222,0,0,25,5950,185,3197,25,9147,California
Lake,2021-02-24,954,13300,376,3500,578,9800,0,0,418,5832,536,3733,418,9565,California
Lake,2021-02-25,723,14023,457,3957,266,10066,0,0,472,6055,249,3982,472,10037,California
Lake,2021-02-26,994,15017,307,4264,687,10753,0,0,346,5757,644,4626,346,10383,California
Lake,2021-02-27,398,15415,95,4359,303,11056,0,0,316,5991,82,4708,316,10699,California
Lake,2021-02-28,19,15434,13,4372,6,11062,0,0,10,5992,9,4717,10,10709,California
Lake,2021-03-01,593,16027,53,4425,540,11602,0,0,441,6281,152,4869,441,11150,California
Lake,2021-03-02,755,16782,17,4442,738,12340,0,0,290,6106,465,5334,290,11440,California
Lake,2021-03-03,350,17132,192,4634,158,12498,0,0,128,6012,222,5556,128,11568,California
Lake,2021-03-04,543,17675,474,5108,69,12567,0,0,530,6529,13,5569,530,12098,California
Lake,2021-03-05,817,18492,29,5137,788,13355,0,0,118,5951,696,6265,118,12216,California
Lake,2021-03-06,38,18530,10,5147,27,13382,1,1,23,5960,15,6280,24,12240,California
Lake,2021-03-07,7,18537,5,5152,2,13384,0,1,3,5959,4,6284,3,12243,California
Lake,2021-03-08,310,18847,243,5395,58,13442,9,10,272,6202,38,6322,281,12524,California
Lake,2021-03-09,894,19741,29,5424,852,14294,13,23,377,6076,516,6838,390,12914,California
Lake,2021-03-10,198,19939,60,5484,131,14425,7,30,137,6159,61,6899,144,13058,California
Lake,2021-03-11,554,20493,50,5534,62,14487,442,472,52,6151,502,7401,494,13552,California
Lake,2021-03-12,830,21323,183,5717,623,15110,24,496,336,6019,492,7893,360,13912,California
Lake,2021-03-13,189,21512,19,5736,18,15128,152,648,17,6017,170,8063,168,14080,California
Lake,2021-03-14,14,21526,3,5739,10,15138,1,649,8,6020,6,8069,9,14089,California
Lake,2021-03-15,587,22113,13,5752,554,15692,20,669,428,6309,159,8228,448,14537,California
Lake,2021-03-16,1072,23185,813,6565,242,15934,17,686,423,6103,646,8874,440,14977,California
Lake,2021-03-17,235,23420,117,6682,100,16034,18,704,81,6048,154,9028,99,15076,California
Lake,2021-03-18,658,24078,338,7020,287,16321,33,737,297,6017,360,9388,329,15405,California
Lake,2021-03-19,395,24473,172,7192,212,16533,11,748,311,6256,83,9471,322,15727,California
Lake,2021-03-20,75,24548,11,7203,62,16595,2,750,21,6226,53,9524,23,15750,California
Lake,2021-03-21,19,24567,14,7217,4,16599,1,751,12,6232,7,9531,13,15763,California
Lake,2021-03-22,310,24877,231,7448,65,16664,14,765,225,6386,85,9616,239,16002,California
Lake,2021-03-23,407,25284,20,7468,373,17037,14,779,346,6686,60,9676,360,16362,California
Lake,2021-03-24,422,25706,68,7536,347,17384,7,786,326,6927,94,9770,335,16697,California
Lake,2021-03-25,624,26330,441,7977,177,17561,6,792,170,6651,453,10223,177,16874,California
Lake,2021-03-26,79,26409,40,8017,38,17599,1,793,56,6685,23,10246,57,16931,California
Lake,2021-03-27,307,26716,10,8027,293,17892,4,797,22,6429,283,10529,27,16958,California
Lake,2021-03-28,14,26730,5,8032,8,17900,1,798,6,6428,8,10537,7,16965,California
Lake,2021-03-29,878,27608,243,8275,633,18533,2,800,192,5940,684,11221,196,17161,California
Lake,2021-03-30,444,28052,302,8577,138,18671,4,804,360,6222,84,11305,366,17527,California
Lake,2021-03-31,560,28612,63,8640,497,19168,0,804,400,6491,153,11458,422,17949,California
Lake,2021-04-01,410,29022,208,8848,191,19359,11,815,176,6455,232,11690,196,18145,California
Lake,2021-04-02,222,29244,44,8892,151,19510,27,842,100,6465,122,11812,132,18277,California
Lake,2021-04-03,40,29284,13,8905,24,19534,3,845,17,6462,23,11835,20,18297,California
Lake,2021-04-04,21,29305,11,8916,7,19541,3,848,16,6476,5,11840,19,18316,California
Lake,2021-04-05,573,29878,51,8967,511,20052,11,859,367,6651,204,12044,379,18695,California
Lassen,2020-12-16,8,8,8,8,0,0,0,0,8,8,0,0,8,8,California
Lassen,2020-12-17,6,14,6,14,0,0,0,0,6,14,0,0,6,14,California
Lassen,2020-12-18,1,15,1,15,0,0,0,0,1,15,0,0,1,15,California
Lassen,2020-12-19,5,20,5,20,0,0,0,0,5,20,0,0,5,20,California
Lassen,2020-12-20,2,22,2,22,0,0,0,0,2,22,0,0,2,22,California
Lassen,2020-12-21,11,33,11,33,0,0,0,0,11,33,0,0,11,33,California
Lassen,2020-12-22,23,56,23,56,0,0,0,0,23,56,0,0,23,56,California
Lassen,2020-12-23,6,62,6,62,0,0,0,0,6,62,0,0,6,62,California
Lassen,2020-12-24,11,73,11,73,0,0,0,0,11,73,0,0,11,73,California
Lassen,2020-12-28,3,76,2,75,1,1,0,0,3,76,0,0,3,76,California
Lassen,2020-12-29,35,111,35,110,0,1,0,0,35,111,0,0,35,111,California
Lassen,2020-12-30,37,148,36,146,1,2,0,0,37,148,0,0,37,148,California
Lassen,2020-12-31,51,199,42,188,9,11,0,0,51,199,0,0,51,199,California
Lassen,2021-01-02,2,201,0,188,2,13,0,0,2,201,0,0,2,201,California
Lassen,2021-01-04,15,216,1,189,14,27,0,0,15,216,0,0,15,216,California
Lassen,2021-01-05,194,410,53,242,141,168,0,0,194,410,0,0,194,410,California
Lassen,2021-01-06,95,505,43,285,52,220,0,0,87,490,8,8,88,498,California
Lassen,2021-01-07,43,548,7,292,36,256,0,0,37,521,6,14,37,535,California
Lassen,2021-01-08,50,598,2,294,48,304,0,0,50,571,0,14,50,585,California
Lassen,2021-01-09,12,610,6,300,6,310,0,0,12,583,0,14,12,597,California
Lassen,2021-01-11,27,637,5,305,22,332,0,0,27,610,0,14,27,624,California
Lassen,2021-01-12,50,687,30,335,20,352,0,0,31,622,19,33,31,655,California
Lassen,2021-01-13,161,848,18,353,143,495,0,0,146,753,15,48,146,801,California
Lassen,2021-01-14,161,1009,18,371,143,638,0,0,149,890,12,60,149,950,California
Lassen,2021-01-15,33,1042,6,377,27,665,0,0,33,923,0,60,33,983,California
Lassen,2021-01-16,34,1076,33,410,1,666,0,0,34,957,0,60,34,1017,California
Lassen,2021-01-17,1,1077,0,410,1,667,0,0,1,958,0,60,1,1018,California
Lassen,2021-01-18,5,1082,2,412,3,670,0,0,4,961,1,61,4,1022,California
Lassen,2021-01-19,186,1268,36,448,150,820,0,0,158,1091,28,89,158,1180,California
Lassen,2021-01-20,187,1455,100,548,87,907,0,0,103,1125,69,158,103,1283,California
Lassen,2021-01-21,145,1600,94,642,51,958,0,0,120,1227,18,176,120,1403,California
Lassen,2021-01-22,32,1632,19,661,13,971,0,0,22,1239,10,186,22,1425,California
Lassen,2021-01-23,1,1633,0,661,1,972,0,0,1,1240,0,186,1,1426,California
Lassen,2021-01-24,1,1634,0,661,1,973,0,0,1,1241,0,186,1,1427,California
Lassen,2021-01-25,11,1645,0,661,11,984,0,0,11,1252,0,186,11,1438,California
Lassen,2021-01-26,126,1771,12,673,114,1098,0,0,122,1370,4,190,122,1560,California
Lassen,2021-01-27,81,1852,29,702,52,1150,0,0,64,1417,17,207,64,1624,California
Lassen,2021-01-28,85,1937,14,716,71,1221,0,0,84,1500,1,208,84,1708,California
Lassen,2021-01-29,23,1960,7,723,16,1237,0,0,22,1521,1,209,22,1730,California
Lassen,2021-02-01,63,2023,4,727,59,1296,0,0,36,1530,27,236,36,1766,California
Lassen,2021-02-02,177,2200,11,738,166,1462,0,0,43,1439,134,370,43,1809,California
Lassen,2021-02-03,99,2299,22,760,77,1539,0,0,54,1448,45,415,54,1863,California
Lassen,2021-02-04,112,2411,15,775,97,1636,0,0,63,1462,49,464,63,1926,California
Lassen,2021-02-05,65,2476,12,787,53,1689,0,0,23,1443,42,506,23,1949,California
Lassen,2021-02-06,70,2546,35,822,35,1724,0,0,37,1448,32,538,37,1986,California
Lassen,2021-02-07,1,2547,1,823,0,1724,0,0,1,1449,0,538,1,1987,California
Lassen,2021-02-08,45,2592,6,829,39,1763,0,0,20,1444,25,563,20,2007,California
Lassen,2021-02-09,128,2720,8,837,120,1883,0,0,49,1414,79,642,49,2056,California
Lassen,2021-02-10,181,2901,20,857,161,2044,0,0,74,1382,106,748,74,2130,California
Lassen,2021-02-11,181,3082,16,873,165,2209,0,0,79,1360,101,849,79,2209,California
Lassen,2021-02-12,45,3127,13,886,32,2241,0,0,16,1347,29,878,16,2225,California
Lassen,2021-02-13,13,3140,5,891,8,2249,0,0,11,1356,2,880,11,2236,California
Lassen,2021-02-14,13,3153,0,891,13,2262,0,0,12,1367,1,881,12,2248,California
Lassen,2021-02-15,22,3175,3,894,19,2281,0,0,18,1381,4,885,18,2266,California
Lassen,2021-02-16,193,3368,4,898,189,2470,0,0,31,1252,160,1045,31,2297,California
Lassen,2021-02-17,185,3553,95,993,90,2560,0,0,11,1089,174,1219,11,2308,California
Lassen,2021-02-18,81,3634,23,1016,58,2618,0,0,23,1054,58,1277,23,2331,California
Lassen,2021-02-19,82,3716,61,1077,21,2639,0,0,18,1008,64,1341,18,2349,California
Lassen,2021-02-20,7,3723,0,1077,7,2646,0,0,5,1011,2,1343,5,2354,California
Lassen,2021-02-21,18,3741,1,1078,17,2663,0,0,14,1021,4,1347,14,2368,California
Lassen,2021-02-22,23,3764,8,1086,15,2678,0,0,5,1008,18,1365,5,2373,California
Lassen,2021-02-23,152,3916,9,1095,143,2821,0,0,40,936,112,1477,40,2413,California
Lassen,2021-02-24,165,4081,16,1111,149,2970,0,0,107,986,57,1534,107,2520,California
Lassen,2021-02-25,158,4239,21,1132,137,3107,0,0,102,1032,56,1590,102,2622,California
Lassen,2021-02-26,70,4309,13,1145,57,3164,0,0,33,1028,37,1627,33,2655,California
Lassen,2021-02-27,8,4317,7,1152,1,3165,0,0,4,1028,4,1631,4,2659,California
Lassen,2021-02-28,6,4323,1,1153,5,3170,0,0,3,1028,3,1634,3,2662,California
Lassen,2021-03-01,40,4363,5,1158,35,3205,0,0,7,1002,33,1667,7,2669,California
Lassen,2021-03-02,104,4467,6,1164,98,3303,0,0,79,1056,25,1692,79,2748,California
Lassen,2021-03-03,163,4630,13,1177,150,3453,0,0,105,1103,58,1750,105,2853,California
Lassen,2021-03-04,142,4772,15,1192,127,3580,0,0,93,1148,48,1798,93,2946,California
Lassen,2021-03-05,45,4817,6,1198,19,3599,20,20,12,1147,33,1831,32,2978,California
Lassen,2021-03-06,54,4871,5,1203,31,3630,18,38,5,1121,49,1880,23,3001,California
Lassen,2021-03-07,55,4926,1,1204,0,3630,54,92,0,1120,55,1935,54,3055,California
Lassen,2021-03-08,88,5014,2,1206,9,3639,77,169,4,1118,83,2018,81,3136,California
Lassen,2021-03-09,126,5140,11,1217,98,3737,17,186,78,1165,48,2066,95,3231,California
Lassen,2021-03-10,149,5289,8,1225,140,3877,1,187,66,1150,83,2149,68,3299,California
Lassen,2021-03-11,173,5462,16,1241,148,4025,9,196,99,1188,70,2219,108,3407,California
Lassen,2021-03-12,33,5495,15,1256,11,4036,7,203,11,1184,22,2241,18,3425,California
Lassen,2021-03-13,45,5540,0,1256,2,4038,43,246,2,1185,43,2284,44,3469,California
Lassen,2021-03-14,7,5547,1,1257,5,4043,1,247,0,1179,7,2291,1,3470,California
Lassen,2021-03-15,36,5583,2,1259,31,4074,3,250,17,1180,18,2309,19,3489,California
Lassen,2021-03-16,87,5670,3,1262,78,4152,6,256,70,1239,17,2326,76,3565,California
Lassen,2021-03-17,918,6588,9,1271,904,5056,5,261,899,2125,18,2344,904,4469,California
Lassen,2021-03-18,80,6668,9,1280,70,5126,1,262,66,2178,14,2358,67,4536,California
Lassen,2021-03-19,15,6683,8,1288,3,5129,4,266,8,2183,7,2365,12,4548,California
Lassen,2021-03-20,8,6691,1,1289,4,5133,3,269,3,2184,5,2370,6,4554,California
Lassen,2021-03-21,33,6724,3,1292,29,5162,1,270,15,2183,17,2387,16,4570,California
Lassen,2021-03-22,49,6773,0,1292,48,5210,1,271,45,2225,4,2391,46,4616,California
Lassen,2021-03-23,95,6868,5,1297,89,5299,1,272,53,2237,42,2433,54,4670,California
Lassen,2021-03-24,206,7074,11,1308,195,5494,0,272,100,2233,105,2538,101,4771,California
Lassen,2021-03-25,154,7228,21,1329,133,5627,0,272,69,2217,85,2623,69,4840,California
Lassen,2021-03-26,74,7302,12,1341,24,5651,38,310,15,2212,58,2681,53,4893,California
Lassen,2021-03-27,19,7321,1,1342,2,5653,16,326,2,2213,17,2698,18,4911,California
Lassen,2021-03-28,21,7342,4,1346,6,5659,11,337,7,2217,14,2712,18,4929,California
Lassen,2021-03-29,48,7390,0,1346,25,5684,23,360,18,2228,30,2742,41,4970,California
Lassen,2021-03-30,195,7585,11,1357,161,5845,23,383,49,2160,144,2886,76,5046,California
Lassen,2021-03-31,143,7728,13,1370,111,5956,19,402,64,2166,78,2964,84,5130,California
Lassen,2021-04-01,152,7880,17,1387,117,6073,18,420,46,2126,105,3069,65,5195,California
Lassen,2021-04-02,28,7908,5,1392,4,6077,19,439,2,2122,25,3094,21,5216,California
Lassen,2021-04-03,14,7922,1,1393,3,6080,10,449,0,2119,13,3107,10,5226,California
Lassen,2021-04-04,6,7928,1,1394,1,6081,4,453,1,2119,5,3112,5,5231,California
Lassen,2021-04-05,17,7945,4,1398,13,6094,0,453,11,2126,5,3117,12,5243,California
Los Angeles,2020-12-15,392,392,392,392,0,0,0,0,392,392,0,0,392,392,California
Los Angeles,2020-12-16,3360,3752,3360,3752,0,0,0,0,3360,3752,0,0,3360,3752,California
Los Angeles,2020-12-17,10225,13977,10225,13977,0,0,0,0,10226,13978,0,0,10226,13978,California
Los Angeles,2020-12-18,14489,28466,14467,28444,22,22,0,0,14490,28468,0,0,14490,28468,California
Los Angeles,2020-12-19,7217,35683,7211,35655,6,28,0,0,7218,35686,0,0,7218,35686,California
Los Angeles,2020-12-20,4577,40260,4569,40224,8,36,0,0,4578,40264,0,0,4578,40264,California
Los Angeles,2020-12-21,13653,53913,13641,53865,12,48,0,0,13654,53917,1,1,13654,53918,California
Los Angeles,2020-12-22,11481,65394,11104,64969,377,425,0,0,11482,65398,1,2,11482,65400,California
Los Angeles,2020-12-23,11859,77253,10102,75071,1757,2182,0,0,11860,77258,0,2,11860,77260,California
Los Angeles,2020-12-24,7003,84256,4240,79311,2763,4945,0,0,7006,84264,0,2,7006,84266,California
Los Angeles,2020-12-25,521,84777,416,79727,105,5050,0,0,521,84785,0,2,521,84787,California
Los Angeles,2020-12-26,2523,87300,2179,81906,344,5394,0,0,2523,87307,1,3,2523,87310,California
Los Angeles,2020-12-27,1750,89050,1023,82929,727,6121,0,0,1750,89057,0,3,1750,89060,California
Los Angeles,2020-12-28,10246,99296,6349,89278,3897,10018,0,0,10244,99301,0,3,10244,99304,California
Los Angeles,2020-12-29,11500,110796,6048,95326,5452,15470,0,0,11502,110803,0,3,11502,110806,California
Los Angeles,2020-12-30,14810,125606,8074,103400,6736,22206,0,0,14809,125612,0,3,14809,125615,California
Los Angeles,2020-12-31,7851,133457,2740,106140,5111,27317,0,0,7849,133460,1,4,7849,133464,California
Los Angeles,2021-01-01,912,134369,239,106379,673,27990,0,0,912,134372,0,4,912,134376,California
Los Angeles,2021-01-02,4419,138788,1643,108022,2776,30766,0,0,4419,138791,0,4,4419,138795,California
Los Angeles,2021-01-03,913,139701,202,108224,711,31477,0,0,912,139702,1,5,912,139707,California
Los Angeles,2021-01-04,12622,152323,4833,113057,7789,39266,0,0,12607,152306,3,8,12607,152314,California
Los Angeles,2021-01-05,15953,168276,7048,120105,8905,48171,0,0,14047,164484,1872,1880,14050,166364,California
Los Angeles,2021-01-06,22380,190656,12017,132122,10363,58534,0,0,16806,175795,5504,7384,16815,183179,California
Los Angeles,2021-01-07,29309,219965,15760,147882,13549,72083,0,0,18837,184223,10427,17811,18855,202034,California
Los Angeles,2021-01-08,32961,252926,17841,165723,15120,87203,0,0,20778,192865,12158,29969,20800,222834,California
Los Angeles,2021-01-09,12322,265248,7047,172770,5275,92478,0,0,7459,195470,4862,34831,7467,230301,California
Los Angeles,2021-01-10,4643,269891,3630,176400,1013,93491,0,0,1912,194655,2731,37562,1916,232217,California
Los Angeles,2021-01-11,25678,295569,16186,192586,9492,102983,0,0,14778,198550,10892,48454,14787,247004,California
Los Angeles,2021-01-12,28995,324564,16009,208595,12986,115969,0,0,18919,207415,10058,58512,18923,265927,California
Los Angeles,2021-01-13,29140,353704,15581,224176,13559,129528,0,0,20216,218731,8907,67419,20223,286150,California
Los Angeles,2021-01-14,29116,382820,12679,236855,16437,145965,0,0,23634,236909,5466,72885,23644,309794,California
Los Angeles,2021-01-15,33579,416399,12293,249148,21286,167251,0,0,30031,263427,3523,76408,30041,339835,California
Los Angeles,2021-01-16,17482,433881,4951,254099,12531,179782,0,0,15706,277368,1768,78176,15709,355544,California
Los Angeles,2021-01-17,5174,439055,2289,256388,2885,182667,0,0,4929,282054,245,78421,4931,360475,California
Los Angeles,2021-01-18,15533,454588,10035,266423,5498,188165,0,0,10834,288203,4688,83109,10837,371312,California
Los Angeles,2021-01-19,38333,492921,20480,286903,17853,206018,0,0,30579,311090,7714,90823,30601,401913,California
Los Angeles,2021-01-20,45441,538362,23681,310584,21760,227778,0,0,37967,341621,7444,98267,37975,439888,California
Los Angeles,2021-01-21,48384,586746,22307,332891,26077,253855,0,0,44132,381571,4192,102459,44142,484030,California
Los Angeles,2021-01-22,47562,634308,22220,355111,25342,279197,0,0,44154,422365,3366,105825,44160,528190,California
Los Angeles,2021-01-23,33754,668062,15642,370753,18112,297309,0,0,31745,452136,1980,107805,31751,559941,California
Los Angeles,2021-01-24,15667,683729,12161,382914,3506,300815,0,0,15120,466720,540,108345,15124,575065,California
Los Angeles,2021-01-25,38427,722156,16317,399231,22110,322925,0,0,30012,488397,8379,116724,30056,605121,California
Los Angeles,2021-01-26,48861,771017,24248,423479,24613,347538,0,0,40774,521140,8057,124781,40800,645921,California
Los Angeles,2021-01-27,48106,819123,25667,449146,22439,369977,0,0,39013,551204,8960,133741,39024,684945,California
Los Angeles,2021-01-28,48191,867314,22928,472074,25263,395240,0,0,39897,582927,8180,141921,39903,724848,California
Los Angeles,2021-01-29,48957,916271,25254,497328,23703,418943,0,0,38984,612300,9623,151544,38996,763844,California
Los Angeles,2021-01-30,29831,946102,15302,512630,14529,433472,0,0,25739,634027,4019,155563,25746,789590,California
Los Angeles,2021-01-31,12934,959036,10321,522951,2613,436085,0,0,12016,645140,906,156469,12019,801609,California
Los Angeles,2021-02-01,37687,996723,15998,538949,21689,457774,0,0,27490,662475,10168,166637,27503,829112,California
Los Angeles,2021-02-02,43937,1040660,17775,556724,26162,483936,0,0,31830,682237,12071,178708,31833,860945,California
Los Angeles,2021-02-03,51775,1092435,19374,576098,32401,516337,0,0,37176,705046,14372,193080,37181,898126,California
Los Angeles,2021-02-04,57027,1149462,20604,596702,36423,552760,0,0,39011,726355,17707,210787,39016,937142,California
Los Angeles,2021-02-05,60779,1210241,20866,617568,39913,592673,0,0,39038,744069,21327,232114,39041,976183,California
Los Angeles,2021-02-06,35299,1245540,13217,630785,22082,614755,0,0,26939,762739,8287,240401,26957,1003140,California
Los Angeles,2021-02-07,10739,1256279,8329,639114,2410,617165,0,0,8380,768780,2344,242745,8385,1011525,California
Los Angeles,2021-02-08,46552,1302831,21387,660501,25165,642330,0,0,30466,783289,15960,258705,30469,1041994,California
Los Angeles,2021-02-09,55555,1358386,24541,685042,31014,673344,0,0,28336,784465,27167,285872,28343,1070337,California
Los Angeles,2021-02-10,66726,1425112,29338,714380,37388,710732,0,0,30937,779977,35430,321302,30942,1101279,California
Los Angeles,2021-02-11,57779,1482891,30781,745161,26998,737730,0,0,27900,778439,29442,350744,27904,1129183,California
Los Angeles,2021-02-12,59375,1542266,29718,774879,29657,767387,0,0,25857,771123,33188,383932,25872,1155055,California
Los Angeles,2021-02-13,33728,1575994,19564,794443,14164,781551,0,0,15453,768410,18201,402133,15488,1170543,California
Los Angeles,2021-02-14,21852,1597846,14974,809417,6878,788429,0,0,8788,764197,13009,415142,8796,1179339,California
Los Angeles,2021-02-15,32230,1630076,15780,825197,16450,804879,0,0,17680,767381,14500,429642,17684,1197023,California
Los Angeles,2021-02-16,63650,1693726,32342,857539,31308,836187,0,0,29834,763494,33736,463378,29849,1226872,California
Los Angeles,2021-02-17,63705,1757431,34128,891667,29577,865764,0,0,26352,752659,37195,500573,26360,1253232,California
Los Angeles,2021-02-18,67756,1825187,34465,926132,33291,899055,0,0,28497,742127,39039,539612,28507,1281739,California
Los Angeles,2021-02-19,56848,1882035,34971,961103,21877,920932,0,0,28347,742093,28406,568018,28372,1310111,California
Los Angeles,2021-02-20,31856,1913891,23723,984826,8133,929065,0,0,15594,741465,16227,584245,15599,1325710,California
Los Angeles,2021-02-21,15611,1929502,13992,998818,1619,930684,0,0,8142,742160,7448,591693,8143,1333853,California
Los Angeles,2021-02-22,33790,1963292,24592,1023410,9198,939882,0,0,17583,743625,16140,607833,17605,1351458,California
Los Angeles,2021-02-23,53198,2016490,22618,1046028,30580,970462,0,0,21088,732719,32018,639851,21112,1372570,California
Los Angeles,2021-02-24,63699,2080189,27895,1073923,35804,1006266,0,0,28168,725517,35386,675237,28184,1400754,California
Los Angeles,2021-02-25,72673,2152862,33350,1107273,39323,1045589,0,0,38260,729519,34278,709515,38280,1439034,California
Los Angeles,2021-02-26,82069,2234931,38216,1145489,43853,1089442,0,0,47048,741775,34812,744327,47068,1486102,California
Los Angeles,2021-02-27,58195,2293126,24712,1170201,33481,1122923,2,2,29799,743333,28263,772590,29821,1515923,California
Los Angeles,2021-02-28,26579,2319705,18385,1188586,8194,1131117,0,2,18772,754366,7745,780335,18778,1534701,California
Los Angeles,2021-03-01,54662,2374367,30539,1219125,24113,1155230,10,12,33111,766078,21429,801764,33141,1567842,California
Los Angeles,2021-03-02,69394,2443761,30634,1249759,38759,1193989,1,13,42453,781717,26829,828593,42468,1610310,California
Los Angeles,2021-03-03,78343,2522104,39273,1289032,39066,1233055,4,17,48638,800861,29541,858134,48685,1658995,California
Los Angeles,2021-03-04,83256,2605360,44160,1333192,39089,1272144,7,24,53211,824223,29873,888007,53235,1712230,California
Los Angeles,2021-03-05,77299,2682659,38392,1371584,38886,1311030,21,45,52868,852886,24261,912268,52924,1765154,California
Los Angeles,2021-03-06,58434,2741093,30199,1401783,26478,1337508,1757,1802,38424,873196,19890,932158,40200,1805354,California
Los Angeles,2021-03-07,23843,2764936,18770,1420553,4308,1341816,765,2567,18887,887914,4940,937098,19658,1825012,California
Los Angeles,2021-03-08,48914,2813850,25733,1446286,21429,1363245,1752,4319,36949,914738,11886,948984,38710,1863722,California
Los Angeles,2021-03-09,65572,2879422,24973,1471259,37340,1400585,3259,7578,39014,930577,26446,975430,42285,1906007,California
Los Angeles,2021-03-10,74113,2953535,36016,1507275,33594,1434179,4503,12081,45918,952938,28060,1003490,50421,1956428,California
Los Angeles,2021-03-11,84331,3037866,40689,1547964,37716,1471895,5926,18007,48427,971542,35754,1039244,54358,2010786,California
Los Angeles,2021-03-12,83484,3121350,38087,1586051,32715,1504610,12682,30689,48041,996954,35305,1074549,60717,2071503,California
Los Angeles,2021-03-13,61771,3183121,30559,1616610,20037,1524647,11175,41864,35707,1017857,25983,1100532,46886,2118389,California
Los Angeles,2021-03-14,32790,3215911,23289,1639899,7173,1531820,2328,44192,22642,1032745,10106,1110638,24994,2143383,California
Los Angeles,2021-03-15,71821,3287732,34653,1674552,31923,1563743,5245,49437,43875,1054077,27798,1138436,49130,2192513,California
Los Angeles,2021-03-16,93587,3381319,41488,1716040,46575,1610318,5524,54961,60410,1087002,33018,1171454,65943,2258456,California
Los Angeles,2021-03-17,88146,3469465,40909,1756949,39639,1649957,7598,62559,58720,1124064,29269,1200723,66331,2324787,California
Los Angeles,2021-03-18,81397,3550862,40109,1797058,36672,1686629,4616,67175,50487,1148467,30716,1231439,55119,2379906,California
Los Angeles,2021-03-19,89613,3640475,47271,1844329,38877,1725506,3465,70640,55829,1174193,33591,1265030,59317,2439223,California
Los Angeles,2021-03-20,56911,3697386,24498,1868827,29136,1754642,3277,73917,40974,1202618,15819,1280849,44244,2483467,California
Los Angeles,2021-03-21,32215,3729601,23605,1892432,7810,1762452,800,74717,21198,1213667,10951,1291800,22000,2505467,California
Los Angeles,2021-03-22,66954,3796555,39734,1932166,25276,1787728,1944,76661,47744,1244372,19030,1310830,49735,2555202,California
Los Angeles,2021-03-23,91202,3887757,49541,1981707,38762,1826490,2899,79560,60648,1277708,30348,1341178,63684,2618886,California
Los Angeles,2021-03-24,99787,3987544,53394,2035101,43575,1870065,2818,82378,59291,1299756,40250,1381428,62298,2681184,California
Los Angeles,2021-03-25,104176,4091720,55823,2090924,44906,1914971,3447,85825,59686,1319089,44264,1425692,63597,2744781,California
Los Angeles,2021-03-26,110007,4201727,60142,2151066,45823,1960794,4042,89867,62972,1341054,46836,1472528,68801,2813582,California
Los Angeles,2021-03-27,78849,4280576,41130,2192196,35615,1996409,2104,91971,40907,1347520,37754,1510282,44220,2857802,California
Los Angeles,2021-03-28,40540,4321116,27158,2219354,12795,2009204,587,92558,20665,1349089,19826,1530108,21395,2879197,California
Los Angeles,2021-03-29,79703,4400819,44952,2264306,33204,2042408,1547,94105,45769,1363050,33806,1563914,47767,2926964,California
Los Angeles,2021-03-30,101958,4502777,49196,2313502,47345,2089753,5417,99522,64364,1395939,37446,1601360,70335,2997299,California
Los Angeles,2021-03-31,116024,4618801,58768,2372270,49267,2139020,7989,107511,69841,1428540,45942,1647302,78543,3075842,California
Los Angeles,2021-04-01,124511,4743312,56887,2429157,53545,2192565,14079,121590,69905,1460334,54416,1701718,86210,3162052,California
Los Angeles,2021-04-02,123363,4866675,53758,2482915,55452,2248017,14153,135743,68152,1490347,54982,1756700,84995,3247047,California
Los Angeles,2021-04-03,91110,4957785,40664,2523579,37872,2285889,12574,148317,46171,1506731,44837,1801537,61221,3308268,California
Los Angeles,2021-04-04,35947,4993732,18408,2541987,11727,2297616,5812,154129,16255,1509847,19650,1821187,22766,3331034,California
Los Angeles,2021-04-05,58744,5052476,28641,2570628,23396,2321012,6707,160836,27611,1514304,31044,1852231,35501,3366535,California
Madera,2020-12-16,22,22,22,22,0,0,0,0,22,22,0,0,22,22,California
Madera,2020-12-17,12,34,12,34,0,0,0,0,12,34,0,0,12,34,California
Madera,2020-12-18,61,95,61,95,0,0,0,0,61,95,0,0,61,95,California
Madera,2020-12-19,6,101,6,101,0,0,0,0,6,101,0,0,6,101,California
Madera,2020-12-20,14,115,14,115,0,0,0,0,14,115,0,0,14,115,California
Madera,2020-12-21,61,176,61,176,0,0,0,0,61,176,0,0,61,176,California
Madera,2020-12-22,98,274,96,272,2,2,0,0,98,274,0,0,98,274,California
Madera,2020-12-23,68,342,68,340,0,2,0,0,68,342,0,0,68,342,California
Madera,2020-12-24,44,386,39,379,5,7,0,0,44,386,0,0,44,386,California
Madera,2020-12-26,28,414,26,405,2,9,0,0,28,414,0,0,28,414,California
Madera,2020-12-27,31,445,12,417,19,28,0,0,31,445,0,0,31,445,California
Madera,2020-12-28,107,552,36,453,71,99,0,0,107,552,0,0,107,552,California
Madera,2020-12-29,170,722,36,489,134,233,0,0,170,722,0,0,170,722,California
Madera,2020-12-30,217,939,86,575,131,364,0,0,217,939,0,0,217,939,California
Madera,2020-12-31,203,1142,80,655,123,487,0,0,203,1142,0,0,203,1142,California
Madera,2021-01-02,76,1218,21,676,55,542,0,0,76,1218,0,0,76,1218,California
Madera,2021-01-03,5,1223,5,681,0,542,0,0,5,1223,0,0,5,1223,California
Madera,2021-01-04,129,1352,64,745,65,607,0,0,129,1352,0,0,129,1352,California
Madera,2021-01-05,274,1626,138,883,136,743,0,0,269,1616,5,5,269,1621,California
Madera,2021-01-06,185,1811,27,910,158,901,0,0,165,1761,20,25,165,1786,California
Madera,2021-01-07,340,2151,56,966,284,1185,0,0,319,2059,21,46,319,2105,California
Madera,2021-01-08,414,2565,70,1036,344,1529,0,0,359,2365,54,100,360,2465,California
Madera,2021-01-09,37,2602,14,1050,23,1552,0,0,28,2384,9,109,28,2493,California
Madera,2021-01-10,18,2620,15,1065,3,1555,0,0,5,2376,13,122,5,2498,California
Madera,2021-01-11,225,2845,177,1242,48,1603,0,0,183,2517,42,164,183,2681,California
Madera,2021-01-12,394,3239,160,1402,234,1837,0,0,286,2695,108,272,286,2967,California
Madera,2021-01-13,182,3421,90,1492,92,1929,0,0,125,2764,57,329,126,3093,California
Madera,2021-01-14,555,3976,80,1572,475,2404,0,0,522,3253,33,362,522,3615,California
Madera,2021-01-15,594,4570,159,1731,435,2839,0,0,574,3807,20,382,574,4189,California
Madera,2021-01-16,374,4944,46,1777,328,3167,0,0,345,4123,29,411,345,4534,California
Madera,2021-01-17,327,5271,7,1784,320,3487,0,0,322,4441,5,416,323,4857,California
Madera,2021-01-18,74,5345,58,1842,16,3503,0,0,55,4478,18,434,55,4912,California
Madera,2021-01-19,559,5904,129,1971,430,3933,0,0,532,4984,27,461,533,5445,California
Madera,2021-01-20,235,6139,79,2050,156,4089,0,0,208,5166,26,487,208,5653,California
Madera,2021-01-21,236,6375,125,2175,111,4200,0,0,202,5336,32,519,202,5855,California
Madera,2021-01-22,255,6630,83,2258,172,4372,0,0,242,5565,13,532,242,6097,California
Madera,2021-01-23,101,6731,52,2310,49,4421,0,0,77,5619,24,556,78,6175,California
Madera,2021-01-24,100,6831,81,2391,19,4440,0,0,76,5671,24,580,76,6251,California
Madera,2021-01-25,253,7084,121,2512,132,4572,0,0,141,5700,112,692,141,6392,California
Madera,2021-01-26,479,7563,188,2700,291,4863,0,0,292,5808,186,878,294,6686,California
Madera,2021-01-27,734,8297,62,2762,672,5535,0,0,598,6271,136,1014,599,7285,California
Madera,2021-01-28,537,8834,101,2863,436,5971,0,0,433,6600,104,1118,433,7718,California
Madera,2021-01-29,468,9302,95,2958,373,6344,0,0,411,6954,57,1175,411,8129,California
Madera,2021-01-30,507,9809,15,2973,492,6836,0,0,453,7353,54,1229,453,8582,California
Madera,2021-01-31,9,9818,6,2979,3,6839,0,0,8,7360,1,1230,8,8590,California
Madera,2021-02-01,257,10075,71,3050,186,7025,0,0,199,7502,58,1288,200,8790,California
Madera,2021-02-02,247,10322,84,3134,163,7188,0,0,159,7574,87,1375,159,8949,California
Madera,2021-02-03,588,10910,453,3587,135,7323,0,0,474,7937,112,1487,475,9424,California
Madera,2021-02-04,386,11296,121,3708,265,7588,0,0,112,7777,273,1760,113,9537,California
Madera,2021-02-05,969,12265,295,4003,674,8262,0,0,362,7538,602,2362,363,9900,California
Madera,2021-02-06,355,12620,322,4325,33,8295,0,0,318,7820,36,2398,318,10218,California
Madera,2021-02-07,36,12656,7,4332,29,8324,0,0,31,7846,5,2403,31,10249,California
Madera,2021-02-08,379,13035,304,4636,75,8399,0,0,268,8004,110,2513,268,10517,California
Madera,2021-02-09,475,13510,116,4752,359,8758,0,0,195,7923,277,2790,196,10713,California
Madera,2021-02-10,425,13935,152,4904,273,9031,0,0,324,8146,101,2891,324,11037,California
Madera,2021-02-11,924,14859,299,5203,625,9656,0,0,397,8020,525,3416,399,11436,California
Madera,2021-02-12,841,15700,119,5322,722,10378,0,0,304,7799,531,3947,310,11746,California
Madera,2021-02-13,477,16177,45,5367,432,10810,0,0,137,7599,339,4286,139,11885,California
Madera,2021-02-14,398,16575,75,5442,323,11133,0,0,102,7441,295,4581,137,12022,California
Madera,2021-02-15,231,16806,92,5534,139,11272,0,0,148,7526,82,4663,167,12189,California
Madera,2021-02-16,772,17578,185,5719,587,11859,0,0,228,7215,542,5205,231,12420,California
Madera,2021-02-17,603,18181,267,5986,336,12195,0,0,333,7285,265,5470,335,12755,California
Madera,2021-02-18,1284,19465,528,6514,756,12951,0,0,1111,8224,173,5643,1112,13867,California
Madera,2021-02-19,860,20325,547,7061,313,13264,0,0,712,8795,148,5791,719,14586,California
Madera,2021-02-20,1072,21397,978,8039,94,13358,0,0,998,9722,72,5863,999,15585,California
Madera,2021-02-21,952,22349,816,8855,136,13494,0,0,946,10662,6,5869,946,16531,California
Madera,2021-02-22,905,23254,831,9686,74,13568,0,0,851,11459,54,5923,851,17382,California
Madera,2021-02-23,767,24021,498,10184,269,13837,0,0,549,11792,217,6140,550,17932,California
Madera,2021-02-24,904,24925,301,10485,603,14440,0,0,374,11636,530,6670,374,18306,California
Madera,2021-02-25,1020,25945,308,10793,712,15152,0,0,588,11794,430,7100,588,18894,California
Madera,2021-02-26,1068,27013,188,10981,880,16032,0,0,690,12113,375,7475,694,19588,California
Madera,2021-02-27,865,27878,243,11224,622,16654,0,0,414,12114,448,7923,449,20037,California
Madera,2021-02-28,188,28066,30,11254,158,16812,0,0,182,12290,6,7929,182,20219,California
Madera,2021-03-01,363,28429,113,11367,250,17062,0,0,187,12303,175,8104,188,20407,California
Madera,2021-03-02,636,29065,266,11633,370,17432,0,0,523,12716,112,8216,525,20932,California
Madera,2021-03-03,1188,30253,666,12299,522,17954,0,0,797,13144,388,8604,816,21748,California
Madera,2021-03-04,1107,31360,467,12766,640,18594,0,0,861,13768,246,8850,870,22618,California
Madera,2021-03-05,1216,32576,389,13155,815,19409,12,12,961,14494,253,9103,979,23597,California
Madera,2021-03-06,676,33252,501,13656,145,19554,30,42,455,14759,221,9324,486,24083,California
Madera,2021-03-07,153,33405,26,13682,105,19659,22,64,103,14834,50,9374,125,24208,California
Madera,2021-03-08,566,33971,315,13997,196,19855,55,119,284,14893,282,9656,341,24549,California
Madera,2021-03-09,424,34395,154,14151,234,20089,36,155,260,15033,163,9819,303,24852,California
Madera,2021-03-10,1064,35459,490,14641,524,20613,50,205,672,15367,389,10208,723,25575,California
Madera,2021-03-11,1550,37009,773,15414,465,21078,312,517,683,15508,866,11074,1007,26582,California
Madera,2021-03-12,1388,38397,727,16141,522,21600,139,656,666,15622,719,11793,833,27415,California
Madera,2021-03-13,1697,40094,1238,17379,271,21871,188,844,672,15478,1023,12816,879,28294,California
Madera,2021-03-14,529,40623,442,17821,54,21925,33,877,275,15535,252,13068,309,28603,California
Madera,2021-03-15,719,41342,215,18036,460,22385,44,921,499,15893,218,13286,576,29179,California
Madera,2021-03-16,802,42144,418,18454,337,22722,47,968,627,16414,172,13458,693,29872,California
Madera,2021-03-17,1353,43497,900,19354,408,23130,45,1013,827,16860,517,13975,963,30835,California
Madera,2021-03-18,1586,45083,556,19910,980,24110,50,1063,774,16946,809,14784,895,31730,California
Madera,2021-03-19,1283,46366,515,20425,706,24816,62,1125,819,17424,461,15245,939,32669,California
Madera,2021-03-20,860,47226,626,21051,204,25020,30,1155,408,17453,451,15696,480,33149,California
Madera,2021-03-21,1039,48265,855,21906,139,25159,45,1200,344,17151,692,16388,390,33539,California
Madera,2021-03-22,1329,49594,840,22746,423,25582,66,1266,652,17246,669,17057,764,34303,California
Madera,2021-03-23,1367,50961,823,23569,442,26024,102,1368,698,17463,667,17724,884,35187,California
Madera,2021-03-24,881,51842,467,24036,385,26409,29,1397,581,17795,299,18023,631,35818,California
Madera,2021-03-25,1083,52925,478,24514,584,26993,21,1418,617,18018,457,18480,680,36498,California
Madera,2021-03-26,1415,54340,511,25025,775,27768,129,1547,670,18082,742,19222,806,37304,California
Madera,2021-03-27,831,55171,528,25553,281,28049,22,1569,378,18048,447,19669,413,37717,California
Madera,2021-03-28,405,55576,132,25685,219,28268,54,1623,224,18199,180,19849,331,38048,California
Madera,2021-03-29,670,56246,170,25855,470,28738,30,1653,480,18527,187,20036,515,38563,California
Madera,2021-03-30,1012,57258,563,26418,416,29154,33,1686,556,18670,455,20491,598,39161,California
Madera,2021-03-31,1254,58512,468,26886,678,29832,108,1794,443,18467,806,21297,603,39764,California
Madera,2021-04-01,1204,59716,542,27428,615,30447,47,1841,434,18220,766,22063,519,40283,California
Madera,2021-04-02,1464,61180,414,27842,996,31443,54,1895,463,17816,993,23056,589,40872,California
Madera,2021-04-03,856,62036,671,28513,164,31607,21,1916,371,17755,484,23540,423,41295,California
Madera,2021-04-04,177,62213,58,28571,117,31724,2,1918,82,17745,95,23635,85,41380,California
Madera,2021-04-05,469,62682,146,28717,284,32008,39,1957,218,17770,250,23885,275,41655,California
Marin,2020-12-15,2,2,2,2,0,0,0,0,2,2,0,0,2,2,California
Marin,2020-12-16,107,109,107,109,0,0,0,0,107,109,0,0,107,109,California
Marin,2020-12-17,259,368,259,368,0,0,0,0,259,368,0,0,259,368,California
Marin,2020-12-18,372,740,372,740,0,0,0,0,372,740,0,0,372,740,California
Marin,2020-12-19,348,1088,347,1087,1,1,0,0,348,1088,0,0,348,1088,California
Marin,2020-12-20,167,1255,166,1253,1,2,0,0,167,1255,0,0,167,1255,California
Marin,2020-12-21,239,1494,236,1489,3,5,0,0,239,1494,0,0,239,1494,California
Marin,2020-12-22,522,2016,319,1808,203,208,0,0,522,2016,0,0,522,2016,California
Marin,2020-12-23,731,2747,323,2131,408,616,0,0,731,2747,0,0,731,2747,California
Marin,2020-12-24,356,3103,160,2291,196,812,0,0,356,3103,0,0,356,3103,California
Marin,2020-12-25,27,3130,0,2291,27,839,0,0,27,3130,0,0,27,3130,California
Marin,2020-12-26,140,3270,92,2383,48,887,0,0,140,3270,0,0,140,3270,California
Marin,2020-12-27,93,3363,56,2439,37,924,0,0,93,3363,0,0,93,3363,California
Marin,2020-12-28,408,3771,99,2538,309,1233,0,0,408,3771,0,0,408,3771,California
Marin,2020-12-29,397,4168,86,2624,311,1544,0,0,397,4168,0,0,397,4168,California
Marin,2020-12-30,624,4792,387,3011,237,1781,0,0,624,4792,0,0,624,4792,California
Marin,2020-12-31,200,4992,33,3044,167,1948,0,0,200,4992,0,0,200,4992,California
Marin,2021-01-01,10,5002,5,3049,5,1953,0,0,10,5002,0,0,10,5002,California
Marin,2021-01-02,105,5107,99,3148,6,1959,0,0,105,5107,0,0,105,5107,California
Marin,2021-01-03,55,5162,37,3185,18,1977,0,0,52,5159,0,0,52,5159,California
Marin,2021-01-04,287,5449,185,3370,102,2079,0,0,286,5444,1,1,286,5445,California
Marin,2021-01-05,366,5815,223,3593,143,2222,0,0,323,5724,43,44,323,5768,California
Marin,2021-01-06,822,6637,316,3909,506,2728,0,0,645,6193,176,220,645,6413,California
Marin,2021-01-07,893,7530,502,4411,391,3119,0,0,545,6390,348,568,545,6958,California
Marin,2021-01-08,966,8496,509,4920,457,3576,0,0,593,6611,372,940,593,7551,California
Marin,2021-01-09,618,9114,222,5142,396,3972,0,0,488,6969,130,1070,488,8039,California
Marin,2021-01-10,126,9240,97,5239,29,4001,0,0,51,6945,75,1145,51,8090,California
Marin,2021-01-11,467,9707,326,5565,141,4142,0,0,252,6982,215,1360,252,8342,California
Marin,2021-01-12,940,10647,541,6106,399,4541,0,0,565,7175,372,1732,565,8907,California
Marin,2021-01-13,1175,11822,496,6602,679,5220,0,0,936,7872,239,1971,936,9843,California
Marin,2021-01-14,1072,12894,325,6927,747,5967,0,0,919,8640,151,2122,919,10762,California
Marin,2021-01-15,1150,14044,354,7281,796,6763,0,0,1020,9532,129,2251,1021,11783,California
Marin,2021-01-16,1111,15155,907,8188,204,6967,0,0,1037,10495,74,2325,1037,12820,California
Marin,2021-01-17,1237,16392,1117,9305,120,7087,0,0,1209,11680,27,2352,1212,14032,California
Marin,2021-01-18,360,16752,160,9465,200,7287,0,0,309,11938,51,2403,309,14341,California
Marin,2021-01-19,1147,17899,908,10373,239,7526,0,0,978,12748,168,2571,978,15319,California
Marin,2021-01-20,1783,19682,1208,11581,575,8101,0,0,1054,13085,718,3289,1055,16374,California
Marin,2021-01-21,1684,21366,1065,12646,619,8720,0,0,1332,14071,349,3638,1335,17709,California
Marin,2021-01-22,1687,23053,1079,13725,608,9328,0,0,1522,15428,165,3803,1522,19231,California
Marin,2021-01-23,1851,24904,1348,15073,503,9831,0,0,1767,17111,84,3887,1767,20998,California
Marin,2021-01-24,612,25516,164,15237,448,10279,0,0,580,17659,32,3919,580,21578,California
Marin,2021-01-25,1114,26630,224,15461,890,11169,0,0,684,17916,430,4349,687,22265,California
Marin,2021-01-26,1498,28128,776,16237,722,11891,0,0,1121,18661,376,4725,1121,23386,California
Marin,2021-01-27,1686,29814,863,17100,823,12714,0,0,1335,19649,348,5073,1336,24722,California
Marin,2021-01-28,2050,31864,1043,18143,1007,13721,0,0,1783,21167,266,5339,1784,26506,California
Marin,2021-01-29,2183,34047,1433,19576,750,14471,0,0,1987,22970,185,5524,1988,28494,California
Marin,2021-01-30,1714,35761,895,20471,819,15290,0,0,1637,24531,77,5601,1638,30132,California
Marin,2021-01-31,452,36213,316,20787,136,15426,0,0,427,24933,25,5626,427,30559,California
Marin,2021-02-01,1084,37297,418,21205,666,16092,0,0,885,25619,199,5825,885,31444,California
Marin,2021-02-02,1348,38645,458,21663,890,16982,0,0,722,25725,616,6441,722,32166,California
Marin,2021-02-03,1760,40405,415,22078,1345,18327,0,0,1238,26442,521,6962,1238,33404,California
Marin,2021-02-04,1536,41941,513,22591,1023,19350,0,0,930,26769,603,7565,930,34334,California
Marin,2021-02-05,2161,44102,671,23262,1490,20840,0,0,1323,27259,834,8399,1324,35658,California
Marin,2021-02-06,1423,45525,852,24114,571,21411,0,0,599,27035,823,9222,599,36257,California
Marin,2021-02-07,1289,46814,1005,25119,284,21695,0,0,487,26721,801,10023,487,36744,California
Marin,2021-02-08,1521,48335,754,25873,767,22462,0,0,728,26658,791,10814,728,37472,California
Marin,2021-02-09,1771,50106,1117,26990,654,23116,0,0,823,26534,947,11761,823,38295,California
Marin,2021-02-10,2332,52438,1490,28480,842,23958,0,0,1218,26641,1112,12873,1219,39514,California
Marin,2021-02-11,2855,55293,1638,30118,1217,25175,0,0,1447,26687,1403,14276,1449,40963,California
Marin,2021-02-12,3053,58346,1539,31657,1514,26689,0,0,1556,26748,1495,15771,1556,42519,California
Marin,2021-02-13,2342,60688,1242,32899,1100,27789,0,0,1132,26672,1208,16979,1132,43651,California
Marin,2021-02-14,805,61493,298,33197,507,28296,0,0,716,27299,89,17068,716,44367,California
Marin,2021-02-15,1208,62701,355,33552,853,29149,0,0,831,27753,377,17445,831,45198,California
Marin,2021-02-16,2458,65159,1053,34605,1405,30554,0,0,1500,28296,957,18402,1500,46698,California
Marin,2021-02-17,2081,67240,927,35532,1154,31708,0,0,1089,28395,991,19393,1090,47788,California
Marin,2021-02-18,2388,69628,1548,37080,840,32548,0,0,1059,28126,1328,20721,1059,48847,California
Marin,2021-02-19,2743,72371,2150,39230,593,33141,0,0,1213,27821,1519,22240,1214,50061,California
Marin,2021-02-20,2568,74939,2113,41343,455,33596,0,0,1225,27706,1340,23580,1225,51286,California
Marin,2021-02-21,1255,76194,1064,42407,191,33787,0,0,894,28242,358,23938,894,52180,California
Marin,2021-02-22,1788,77982,1377,43784,411,34198,0,0,1201,28857,586,24524,1201,53381,California
Marin,2021-02-23,2827,80809,1607,45391,1220,35418,0,0,1905,29849,913,25437,1905,55286,California
Marin,2021-02-24,3476,84285,1595,46986,1881,37299,0,0,2240,30860,1229,26666,2240,57526,California
Marin,2021-02-25,3919,88204,1811,48797,2108,39407,0,0,2757,32464,1154,27820,2758,60284,California
Marin,2021-02-26,3471,91675,1872,50669,1599,41006,0,0,2529,34063,930,28750,2529,62813,California
Marin,2021-02-27,2611,94286,1496,52165,1115,42121,0,0,1775,35005,834,29584,1776,64589,California
Marin,2021-02-28,1378,95664,918,53083,460,42581,0,0,1045,35719,331,29915,1045,65634,California
Marin,2021-03-01,2438,98102,1508,54591,930,43511,0,0,1638,36563,794,30709,1638,67272,California
Marin,2021-03-02,2399,100501,1573,56164,825,44336,1,1,1665,37498,732,31441,1667,68939,California
Marin,2021-03-03,3927,104428,2154,58318,1773,46109,0,1,2526,38629,1397,32838,2528,71467,California
Marin,2021-03-04,2896,107324,1368,59686,1528,47637,0,1,2085,39915,805,33643,2091,73558,California
Marin,2021-03-05,2555,109879,813,60499,1730,49367,12,13,1500,40378,1054,34697,1517,75075,California
Marin,2021-03-06,2455,112334,1685,62184,694,50061,76,89,1972,41954,472,35169,2048,77123,California
Marin,2021-03-07,1362,113696,1151,63335,188,50249,23,112,979,42575,381,35550,1002,78125,California
Marin,2021-03-08,1795,115491,1330,64665,370,50619,95,207,1350,43581,443,35993,1449,79574,California
Marin,2021-03-09,2049,117540,1201,65866,739,51358,109,316,1393,44427,656,36649,1502,81076,California
Marin,2021-03-10,4211,121751,2382,68248,1537,52895,292,608,2991,46492,1219,37868,3284,84360,California
Marin,2021-03-11,4331,126082,1736,69984,2462,55357,133,741,3079,48458,1245,39113,3211,87571,California
Marin,2021-03-12,3698,129780,1435,71419,1926,57283,337,1078,1437,47978,2251,41364,1771,89342,California
Marin,2021-03-13,3870,133650,2755,74174,1057,58340,58,1136,2312,48796,1550,42914,2368,91710,California
Marin,2021-03-14,2110,135760,1062,75236,940,59280,108,1244,696,48189,1413,44327,806,92516,California
Marin,2021-03-15,3232,138992,1764,77000,1417,60697,51,1295,1230,47473,1996,46323,1280,93796,California
Marin,2021-03-16,4273,143265,2290,79290,1619,62316,364,1659,1509,46584,2761,49084,1872,95668,California
Marin,2021-03-17,3955,147220,2163,81453,1750,64066,42,1701,1896,46475,2048,51132,1939,97607,California
Marin,2021-03-18,3707,150927,1824,83277,1810,65876,73,1774,1884,46620,1811,52943,1956,99563,California
Marin,2021-03-19,3109,154036,1701,84978,1293,67169,115,1889,1698,47029,1404,54347,1813,101376,California
Marin,2021-03-20,2660,156696,1381,86359,1209,68378,70,1959,1627,47702,1024,55371,1697,103073,California
Marin,2021-03-21,1496,158192,1103,87462,368,68746,25,1984,772,47777,722,56093,797,103870,California
Marin,2021-03-22,2470,160662,2115,89577,184,68930,171,2155,1024,47539,1441,57534,1203,105073,California
Marin,2021-03-23,4192,164854,2174,91751,1895,70825,123,2278,1915,47329,2271,59805,2061,107134,California
Marin,2021-03-24,4404,169258,2889,94640,1411,72236,104,2382,1810,46791,2586,62391,2048,109182,California
Marin,2021-03-25,4549,173807,2766,97406,1714,73950,69,2451,2219,46943,2317,64708,2469,111651,California
Marin,2021-03-26,4236,178043,2280,99686,1743,75693,213,2664,2384,47929,1832,66540,2818,114469,California
Marin,2021-03-27,3626,181669,2591,102277,1018,76711,17,2681,1152,47138,2468,69008,1677,116146,California
Marin,2021-03-28,2356,184025,1708,103985,642,77353,6,2687,1087,46971,1264,70272,1097,117243,California
Marin,2021-03-29,2536,186561,1933,105918,578,77931,25,2712,1080,46630,1454,71726,1113,118356,California
Marin,2021-03-30,4532,191093,3509,109427,988,78919,35,2747,2973,48093,1556,73282,3019,121375,California
Marin,2021-03-31,5571,196664,3902,113329,1617,80536,52,2799,2500,47645,3065,76347,2617,123992,California
Marin,2021-04-01,4224,200888,2148,115477,1838,82374,238,3037,2039,47797,2181,78528,2333,126325,California
Marin,2021-04-02,3641,204529,1808,117285,1469,83843,364,3401,1944,48464,1690,80218,2357,128682,California
Marin,2021-04-03,3750,208279,2429,119714,952,84795,369,3770,1459,48067,2281,82499,1884,130566,California
Marin,2021-04-04,1517,209796,1133,120847,205,85000,179,3949,1119,48974,396,82895,1303,131869,California
Marin,2021-04-05,1556,211352,1223,122070,161,85161,172,4121,1064,49724,491,83386,1241,133110,California
Mariposa,2020-12-17,2,2,2,2,0,0,0,0,38,38,0,0,38,38,California
Mariposa,2020-12-18,5,7,5,7,0,0,0,0,56,94,0,0,56,94,California
Mariposa,2020-12-20,2,9,2,9,0,0,0,0,2,96,0,0,2,96,California
Mariposa,2020-12-21,3,12,3,12,0,0,0,0,45,141,0,0,45,141,California
Mariposa,2020-12-22,2,14,2,14,0,0,0,0,2,143,0,0,2,143,California
Mariposa,2020-12-23,10,24,10,24,0,0,0,0,1,144,0,0,1,144,California
Mariposa,2020-12-24,1,25,0,24,1,1,0,0,0,144,0,0,0,144,California
Mariposa,2020-12-26,1,26,1,25,0,1,0,0,1,145,0,0,1,145,California
Mariposa,2020-12-27,1,27,0,25,1,2,0,0,1,146,0,0,1,146,California
Mariposa,2020-12-28,3,30,1,26,2,4,0,0,3,149,0,0,3,149,California
Mariposa,2020-12-29,33,63,1,27,32,36,0,0,33,182,0,0,33,182,California
Mariposa,2020-12-30,21,84,0,27,21,57,0,0,19,201,0,0,19,201,California
Mariposa,2020-12-31,22,106,0,27,22,79,0,0,22,223,0,0,22,223,California
Mariposa,2021-01-04,9,115,1,28,8,87,0,0,9,232,0,0,9,232,California
Mariposa,2021-01-05,24,139,14,42,10,97,0,0,12,234,10,10,12,244,California
Mariposa,2021-01-06,5,144,3,45,2,99,0,0,2,233,3,13,2,246,California
Mariposa,2021-01-07,49,193,47,92,2,101,0,0,2,188,47,60,2,248,California
Mariposa,2021-01-08,109,302,81,173,28,129,0,0,33,145,76,136,33,281,California
Mariposa,2021-01-09,1,303,0,173,1,130,0,0,1,146,0,136,1,282,California
Mariposa,2021-01-11,24,327,3,176,21,151,0,0,22,166,2,138,22,304,California
Mariposa,2021-01-12,21,348,3,179,18,169,0,0,18,181,3,141,18,322,California
Mariposa,2021-01-13,22,370,1,180,21,190,0,0,21,201,1,142,21,343,California
Mariposa,2021-01-14,94,464,1,181,93,283,0,0,94,295,0,142,94,437,California
Mariposa,2021-01-15,46,510,1,182,45,328,0,0,45,339,1,143,45,482,California
Mariposa,2021-01-16,19,529,2,184,17,345,0,0,18,356,1,144,18,500,California
Mariposa,2021-01-17,2,531,0,184,2,347,0,0,2,358,0,144,2,502,California
Mariposa,2021-01-18,2,533,2,186,0,347,0,0,1,358,1,145,1,503,California
Mariposa,2021-01-19,1,534,0,186,1,348,0,0,1,359,0,145,1,504,California
Mariposa,2021-01-20,26,560,0,186,26,374,0,0,25,384,0,145,25,529,California
Mariposa,2021-01-21,87,647,1,187,86,460,0,0,87,471,0,145,87,616,California
Mariposa,2021-01-22,77,724,1,188,76,536,0,0,77,548,0,145,77,693,California
Mariposa,2021-01-23,125,849,0,188,125,661,0,0,124,672,0,145,124,817,California
Mariposa,2021-01-25,3,852,1,189,2,663,0,0,0,669,3,148,0,817,California
Mariposa,2021-01-26,32,884,2,191,30,693,0,0,3,647,29,177,7,824,California
Mariposa,2021-01-27,34,918,1,192,33,726,0,0,26,665,8,185,26,850,California
Mariposa,2021-01-28,147,1065,2,194,145,871,0,0,133,785,13,198,133,983,California
Mariposa,2021-01-29,58,1123,0,194,58,929,0,0,58,843,0,198,58,1041,California
Mariposa,2021-01-30,3,1126,1,195,2,931,0,0,2,844,1,199,2,1043,California
Mariposa,2021-01-31,1,1127,0,195,1,932,0,0,1,845,0,199,1,1044,California
Mariposa,2021-02-01,55,1182,0,195,55,987,0,0,48,886,7,206,48,1092,California
Mariposa,2021-02-02,8,1190,0,195,8,995,0,0,2,882,6,212,2,1094,California
Mariposa,2021-02-03,26,1216,1,196,25,1020,0,0,22,900,4,216,22,1116,California
Mariposa,2021-02-04,115,1331,7,203,108,1128,0,0,108,1005,4,220,109,1225,California
Mariposa,2021-02-05,239,1570,4,207,235,1363,0,0,217,1200,22,242,217,1442,California
Mariposa,2021-02-06,2,1572,1,208,1,1364,0,0,1,1200,1,243,1,1443,California
Mariposa,2021-02-08,39,1611,1,209,38,1402,0,0,20,1201,19,262,20,1463,California
Mariposa,2021-02-09,10,1621,3,212,7,1409,0,0,5,1201,5,267,5,1468,California
Mariposa,2021-02-10,17,1638,1,213,16,1425,0,0,9,1208,8,275,15,1483,California
Mariposa,2021-02-11,378,2016,4,217,374,1799,0,0,334,1535,42,317,369,1852,California
Mariposa,2021-02-12,177,2193,1,218,176,1975,0,0,115,1606,62,379,133,1985,California
Mariposa,2021-02-13,5,2198,3,221,2,1977,0,0,4,1609,1,380,4,1989,California
Mariposa,2021-02-14,5,2203,2,223,3,1980,0,0,3,1611,2,382,4,1993,California
Mariposa,2021-02-15,8,2211,2,225,6,1986,0,0,7,1617,1,383,7,2000,California
Mariposa,2021-02-16,19,2230,2,227,17,2003,0,0,8,1624,11,394,18,2018,California
Mariposa,2021-02-17,20,2250,2,229,18,2021,0,0,9,1630,10,404,16,2034,California
Mariposa,2021-02-18,56,2306,3,232,53,2074,0,0,13,1600,43,447,13,2047,California
Mariposa,2021-02-19,74,2380,0,232,74,2148,0,0,33,1632,41,488,73,2120,California
Mariposa,2021-02-20,254,2634,4,236,250,2398,0,0,169,1769,85,573,222,2342,California
Mariposa,2021-02-21,231,2865,2,238,229,2627,0,0,230,1998,1,574,230,2572,California
Mariposa,2021-02-22,15,2880,2,240,13,2640,0,0,15,2013,0,574,15,2587,California
Mariposa,2021-02-23,6,2886,3,243,3,2643,0,0,4,2016,2,576,5,2592,California
Mariposa,2021-02-24,18,2904,1,244,17,2660,0,0,2,2002,16,592,2,2594,California
Mariposa,2021-02-25,6,2910,3,247,3,2663,0,0,3,2002,3,595,3,2597,California
Mariposa,2021-02-26,410,3320,3,250,407,3070,0,0,251,2198,159,754,355,2952,California
Mariposa,2021-02-27,154,3474,3,253,151,3221,0,0,150,2345,4,758,151,3103,California
Mariposa,2021-02-28,2,3476,1,254,1,3222,0,0,0,2343,2,760,0,3103,California
Mariposa,2021-03-01,55,3531,2,256,53,3275,0,0,7,2302,48,808,7,3110,California
Mariposa,2021-03-02,6,3537,5,261,1,3276,0,0,3,2302,3,811,3,3113,California
Mariposa,2021-03-03,65,3602,1,262,64,3340,0,0,63,2363,2,813,63,3176,California
Mariposa,2021-03-04,15,3617,5,267,10,3350,0,0,5,2361,10,823,8,3184,California
Mariposa,2021-03-05,39,3656,6,273,33,3383,0,0,28,2386,11,834,36,3220,California
Mariposa,2021-03-06,4,3660,1,274,3,3386,0,0,4,2390,0,834,4,3224,California
Mariposa,2021-03-08,36,3696,2,276,23,3409,11,11,7,2379,29,863,18,3242,California
Mariposa,2021-03-09,24,3720,2,278,11,3420,11,22,9,2384,15,878,20,3262,California
Mariposa,2021-03-10,15,3735,3,281,3,3423,9,31,3,2384,12,890,12,3274,California
Mariposa,2021-03-11,455,4190,5,286,432,3855,18,49,172,2342,282,1172,240,3514,California
Mariposa,2021-03-12,241,4431,2,288,211,4066,28,77,96,2330,145,1317,133,3647,California
Mariposa,2021-03-13,23,4454,3,291,5,4071,15,92,4,2331,19,1336,20,3667,California
Mariposa,2021-03-14,14,4468,0,291,3,4074,11,103,2,2332,12,1348,13,3680,California
Mariposa,2021-03-15,72,4540,5,296,29,4103,38,141,28,2354,44,1392,66,3746,California
Mariposa,2021-03-16,44,4584,5,301,5,4108,34,175,7,2358,37,1429,41,3787,California
Mariposa,2021-03-17,51,4635,4,305,42,4150,5,180,43,2400,8,1437,50,3837,California
Mariposa,2021-03-18,44,4679,4,309,31,4181,9,189,32,2429,12,1449,41,3878,California
Mariposa,2021-03-19,327,5006,3,312,314,4495,10,199,294,2700,33,1482,304,4182,California
Mariposa,2021-03-20,418,5424,3,315,414,4909,1,200,44,2373,374,1856,47,4229,California
Mariposa,2021-03-21,8,5432,7,322,0,4909,1,201,5,2376,3,1859,6,4235,California
Mariposa,2021-03-22,35,5467,5,327,19,4928,11,212,21,2396,14,1873,34,4269,California
Mariposa,2021-03-23,19,5486,4,331,2,4930,13,225,1,2392,18,1891,14,4283,California
Mariposa,2021-03-24,50,5536,2,333,46,4976,2,227,48,2440,2,1893,50,4333,California
Mariposa,2021-03-25,56,5592,5,338,43,5019,8,235,44,2480,12,1905,52,4385,California
Mariposa,2021-03-26,470,6062,9,347,459,5478,2,237,241,2494,229,2134,243,4628,California
Mariposa,2021-03-27,214,6276,3,350,211,5689,0,237,84,2451,129,2263,86,4714,California
Mariposa,2021-03-28,4,6280,0,350,1,5690,3,240,0,2450,4,2267,3,4717,California
Mariposa,2021-03-29,13,6293,2,352,11,5701,0,240,7,2451,6,2273,7,4724,California
Mariposa,2021-03-30,18,6311,0,352,2,5703,16,256,0,2449,18,2291,16,4740,California
Mariposa,2021-03-31,72,6383,6,358,65,5768,1,257,61,2500,11,2302,62,4802,California
Mariposa,2021-04-01,7,6390,2,360,4,5772,1,258,3,2500,4,2306,4,4806,California
Mariposa,2021-04-02,35,6425,5,365,29,5801,1,259,13,2492,22,2328,14,4820,California
Mariposa,2021-04-03,6,6431,5,370,1,5802,0,259,5,2496,1,2329,5,4825,California
Mariposa,2021-04-04,2,6433,1,371,0,5802,1,260,1,2497,1,2330,2,4827,California
Mariposa,2021-04-05,10,6443,4,375,4,5806,2,262,6,2501,4,2334,8,4835,California
Mendocino,2020-12-17,70,70,70,70,0,0,0,0,70,70,0,0,70,70,California
Mendocino,2020-12-18,86,156,85,155,1,1,0,0,85,155,0,0,85,155,California
Mendocino,2020-12-19,3,159,3,158,0,1,0,0,3,158,0,0,3,158,California
Mendocino,2020-12-20,7,166,7,165,0,1,0,0,7,165,0,0,7,165,California
Mendocino,2020-12-21,245,411,245,410,0,1,0,0,76,241,0,0,76,241,California
Mendocino,2020-12-22,248,659,188,598,60,61,0,0,248,489,0,0,248,489,California
Mendocino,2020-12-23,272,931,48,646,224,285,0,0,271,760,0,0,271,760,California
Mendocino,2020-12-24,49,980,8,654,41,326,0,0,49,809,0,0,49,809,California
Mendocino,2020-12-25,1,981,0,654,1,327,0,0,1,810,0,0,1,810,California
Mendocino,2020-12-26,2,983,2,656,0,327,0,0,2,812,0,0,2,812,California
Mendocino,2020-12-27,1,984,0,656,1,328,0,0,1,813,0,0,1,813,California
Mendocino,2020-12-28,73,1057,8,664,65,393,0,0,73,886,0,0,73,886,California
Mendocino,2020-12-29,120,1177,60,724,60,453,0,0,120,1006,0,0,120,1006,California
Mendocino,2020-12-30,120,1297,66,790,54,507,0,0,120,1126,0,0,120,1126,California
Mendocino,2020-12-31,130,1427,95,885,35,542,0,0,130,1256,0,0,130,1256,California
Mendocino,2021-01-01,4,1431,2,887,2,544,0,0,4,1260,0,0,4,1260,California
Mendocino,2021-01-02,1,1432,1,888,0,544,0,0,1,1261,0,0,1,1261,California
Mendocino,2021-01-04,837,2269,15,903,822,1366,0,0,837,2098,0,0,837,2098,California
Mendocino,2021-01-05,71,2340,35,938,36,1402,0,0,58,2143,13,13,58,2156,California
Mendocino,2021-01-06,150,2490,129,1067,21,1423,0,0,140,2273,10,23,140,2296,California
Mendocino,2021-01-07,356,2846,237,1304,119,1542,0,0,293,2503,63,86,293,2589,California
Mendocino,2021-01-08,95,2941,82,1386,13,1555,0,0,41,2491,54,140,42,2631,California
Mendocino,2021-01-09,8,2949,4,1390,4,1559,0,0,6,2495,2,142,6,2637,California
Mendocino,2021-01-10,8,2957,8,1398,0,1559,0,0,1,2489,7,149,1,2638,California
Mendocino,2021-01-11,99,3056,90,1488,9,1568,0,0,41,2473,57,206,41,2679,California
Mendocino,2021-01-12,387,3443,376,1864,11,1579,0,0,272,2630,115,321,272,2951,California
Mendocino,2021-01-13,479,3922,144,2008,335,1914,0,0,439,3032,38,359,440,3391,California
Mendocino,2021-01-14,634,4556,20,2028,614,2528,0,0,625,3648,9,368,625,4016,California
Mendocino,2021-01-15,1852,6408,859,2887,993,3521,0,0,1847,5491,5,373,1848,5864,California
Mendocino,2021-01-16,793,7201,51,2938,742,4263,0,0,791,6280,2,375,791,6655,California
Mendocino,2021-01-17,553,7754,1,2939,552,4815,0,0,552,6831,1,376,552,7207,California
Mendocino,2021-01-18,488,8242,463,3402,25,4840,0,0,476,7295,12,388,476,7683,California
Mendocino,2021-01-19,328,8570,146,3548,182,5022,0,0,153,7273,175,563,153,7836,California
Mendocino,2021-01-20,549,9119,402,3950,147,5169,0,0,445,7616,102,665,445,8281,California
Mendocino,2021-01-21,529,9648,219,4169,310,5479,0,0,346,7780,182,847,346,8627,California
Mendocino,2021-01-22,149,9797,58,4227,91,5570,0,0,110,7851,39,886,110,8737,California
Mendocino,2021-01-23,155,9952,83,4310,72,5642,0,0,149,7994,6,892,149,8886,California
Mendocino,2021-01-24,5,9957,3,4313,2,5644,0,0,5,7999,0,892,5,8891,California
Mendocino,2021-01-25,189,10146,15,4328,174,5818,0,0,121,8052,68,960,121,9012,California
Mendocino,2021-01-26,155,10301,57,4385,98,5916,0,0,95,8087,60,1020,95,9107,California
Mendocino,2021-01-27,432,10733,363,4748,69,5985,0,0,173,8008,252,1272,173,9280,California
Mendocino,2021-01-28,583,11316,519,5267,64,6049,0,0,491,8407,92,1364,491,9771,California
Mendocino,2021-01-29,388,11704,348,5615,40,6089,0,0,359,8738,29,1393,360,10131,California
Mendocino,2021-01-30,45,11749,27,5642,18,6107,0,0,41,8775,4,1397,41,10172,California
Mendocino,2021-01-31,275,12024,2,5644,273,6380,0,0,3,8506,272,1669,3,10175,California
Mendocino,2021-02-01,373,12397,49,5693,324,6704,0,0,54,8241,319,1988,54,10229,California
Mendocino,2021-02-02,719,13116,501,6194,218,6922,0,0,361,8244,358,2346,361,10590,California
Mendocino,2021-02-03,386,13502,203,6397,183,7105,0,0,219,8298,165,2511,219,10809,California
Mendocino,2021-02-04,630,14132,532,6929,98,7203,0,0,506,8680,124,2635,506,11315,California
Mendocino,2021-02-05,1306,15438,1216,8145,90,7293,0,0,590,8556,714,3349,590,11905,California
Mendocino,2021-02-06,557,15995,157,8302,400,7693,0,0,542,9083,15,3364,542,12447,California
Mendocino,2021-02-07,29,16024,25,8327,4,7697,0,0,29,9112,0,3364,29,12476,California
Mendocino,2021-02-08,744,16768,714,9041,30,7727,0,0,282,8932,462,3826,282,12758,California
Mendocino,2021-02-09,141,16909,58,9099,83,7810,0,0,89,8969,52,3878,89,12847,California
Mendocino,2021-02-10,1478,18387,923,10022,555,8365,0,0,746,8989,726,4604,746,13593,California
Mendocino,2021-02-11,1122,19509,206,10228,916,9281,0,0,282,8431,840,5444,282,13875,California
Mendocino,2021-02-12,1390,20899,155,10383,1235,10516,0,0,628,8299,761,6205,629,14504,California
Mendocino,2021-02-13,494,21393,12,10395,482,10998,0,0,100,8010,394,6599,105,14609,California
Mendocino,2021-02-14,696,22089,1,10396,695,11693,0,0,136,7586,560,7159,136,14745,California
Mendocino,2021-02-15,326,22415,40,10436,286,11979,0,0,172,7604,154,7313,172,14917,California
Mendocino,2021-02-16,195,22610,49,10485,146,12125,0,0,128,7665,67,7380,128,15045,California
Mendocino,2021-02-17,1348,23958,1187,11672,161,12286,0,0,874,8068,472,7852,875,15920,California
Mendocino,2021-02-18,1751,25709,642,12314,1109,13395,0,0,1192,8701,559,8411,1192,17112,California
Mendocino,2021-02-19,703,26412,146,12460,557,13952,0,0,564,9126,139,8550,564,17676,California
Mendocino,2021-02-20,568,26980,541,13001,27,13979,0,0,538,9636,28,8578,538,18214,California
Mendocino,2021-02-21,306,27286,4,13005,302,14281,0,0,295,9920,11,8589,295,18509,California
Mendocino,2021-02-22,163,27449,30,13035,133,14414,0,0,73,9903,90,8679,73,18582,California
Mendocino,2021-02-23,666,28115,652,13687,14,14428,0,0,612,10462,53,8732,612,19194,California
Mendocino,2021-02-24,1815,29930,1731,15418,84,14512,0,0,1408,11466,404,9136,1408,20602,California
Mendocino,2021-02-25,1673,31603,536,15954,1137,15649,0,0,1255,12304,417,9553,1255,21857,California
Mendocino,2021-02-26,1387,32990,745,16699,642,16291,0,0,1024,12967,361,9914,1024,22881,California
Mendocino,2021-02-27,197,33187,151,16850,46,16337,0,0,73,12918,122,10036,73,22954,California
Mendocino,2021-02-28,38,33225,16,16866,22,16359,0,0,26,12932,12,10048,26,22980,California
Mendocino,2021-03-01,568,33793,524,17390,44,16403,0,0,530,13424,38,10086,530,23510,California
Mendocino,2021-03-02,68,33861,24,17414,44,16447,0,0,39,13435,28,10114,39,23549,California
Mendocino,2021-03-03,1606,35467,1252,18666,354,16801,0,0,984,13799,620,10734,984,24533,California
Mendocino,2021-03-04,1713,37180,147,18813,1566,18367,0,0,1498,15085,213,10947,1499,26032,California
Mendocino,2021-03-05,180,37360,117,18930,54,18421,9,9,104,15124,74,11021,113,26145,California
Mendocino,2021-03-06,242,37602,19,18949,200,18621,23,32,205,15315,37,11058,228,26373,California
Mendocino,2021-03-07,485,38087,6,18955,459,19080,20,52,103,15056,381,11439,122,26495,California
Mendocino,2021-03-08,130,38217,33,18988,60,19140,37,89,70,15104,59,11498,107,26602,California
Mendocino,2021-03-09,429,38646,220,19208,178,19318,31,120,345,15396,83,11581,375,26977,California
Mendocino,2021-03-10,1003,39649,929,20137,67,19385,7,127,270,14946,729,12310,279,27256,California
Mendocino,2021-03-11,774,40423,565,20702,155,19540,54,181,357,14945,412,12722,411,27667,California
Mendocino,2021-03-12,1897,42320,977,21679,826,20366,94,275,1152,15450,741,13463,1246,28913,California
Mendocino,2021-03-13,570,42890,492,22171,28,20394,50,325,81,15096,485,13948,131,29044,California
Mendocino,2021-03-14,64,42954,3,22174,54,20448,7,332,6,15052,57,14005,13,29057,California
Mendocino,2021-03-15,606,43560,55,22229,495,20943,56,388,215,14934,389,14394,271,29328,California
Mendocino,2021-03-16,560,44120,364,22593,153,21096,43,431,132,14683,427,14821,176,29504,California
Mendocino,2021-03-17,1478,45598,1286,23879,54,21150,138,569,200,13758,1277,16098,352,29856,California
Mendocino,2021-03-18,1144,46742,176,24055,932,22082,36,605,235,13130,901,16999,273,30129,California
Mendocino,2021-03-19,1662,48404,832,24887,782,22864,48,653,325,12175,1333,18332,378,30507,California
Mendocino,2021-03-20,62,48466,10,24897,32,22896,20,673,16,12165,46,18378,36,30543,California
Mendocino,2021-03-21,11,48477,2,24899,4,22900,5,678,3,12166,8,18386,9,30552,California
Mendocino,2021-03-22,615,49092,573,25472,15,22915,27,705,146,11873,467,18853,174,30726,California
Mendocino,2021-03-23,168,49260,34,25506,104,23019,30,735,117,11969,51,18904,147,30873,California
Mendocino,2021-03-24,903,50163,825,26331,32,23051,46,781,119,11414,782,19686,227,31100,California
Mendocino,2021-03-25,1922,52085,59,26390,1846,24897,17,798,169,9856,1750,21436,192,31292,California
Mendocino,2021-03-26,514,52599,370,26760,120,25017,24,822,338,10046,173,21609,363,31655,California
Mendocino,2021-03-27,145,52744,15,26775,120,25137,10,832,88,10089,56,21665,99,31754,California
Mendocino,2021-03-28,31,52775,9,26784,18,25155,4,836,8,10079,22,21687,12,31766,California
Mendocino,2021-03-29,187,52962,98,26882,47,25202,42,878,93,10121,94,21781,136,31902,California
Mendocino,2021-03-30,652,53614,578,27460,40,25242,34,912,404,10314,245,22026,438,32340,California
Mendocino,2021-03-31,850,54464,273,27733,516,25758,61,973,410,10349,438,22464,473,32813,California
Mendocino,2021-04-01,1447,55911,370,28103,1024,26782,53,1026,337,9673,1105,23569,429,33242,California
Mendocino,2021-04-02,1240,57151,1009,29112,161,26943,70,1096,203,8939,1034,24603,300,33542,California
Mendocino,2021-04-03,710,57861,12,29124,679,27622,19,1115,92,8444,614,25217,119,33661,California
Mendocino,2021-04-04,64,57925,32,29156,26,27648,6,1121,48,8482,16,25233,54,33715,California
Mendocino,2021-04-05,90,58015,65,29221,23,27671,2,1123,44,8483,46,25279,47,33762,California
Merced,2020-12-16,3,3,3,3,0,0,0,0,3,3,0,0,3,3,California
Merced,2020-12-17,6,9,6,9,0,0,0,0,6,9,0,0,6,9,California
Merced,2020-12-18,144,153,144,153,0,0,0,0,144,153,0,0,144,153,California
Merced,2020-12-19,38,191,38,191,0,0,0,0,38,191,0,0,38,191,California
Merced,2020-12-20,18,209,17,208,1,1,0,0,18,209,0,0,18,209,California
Merced,2020-12-21,129,338,126,334,3,4,0,0,129,338,0,0,129,338,California
Merced,2020-12-22,163,501,163,497,0,4,0,0,163,501,0,0,163,501,California
Merced,2020-12-23,304,805,289,786,15,19,0,0,304,805,0,0,304,805,California
Merced,2020-12-24,70,875,70,856,0,19,0,0,70,875,0,0,70,875,California
Merced,2020-12-25,5,880,5,861,0,19,0,0,5,880,0,0,5,880,California
Merced,2020-12-26,7,887,4,865,3,22,0,0,7,887,0,0,7,887,California
Merced,2020-12-27,12,899,11,876,1,23,0,0,12,899,0,0,12,899,California
Merced,2020-12-28,125,1024,100,976,25,48,0,0,125,1024,0,0,125,1024,California
Merced,2020-12-29,188,1212,134,1110,54,102,0,0,188,1212,0,0,188,1212,California
Merced,2020-12-30,239,1451,93,1203,146,248,0,0,239,1451,0,0,239,1451,California
Merced,2020-12-31,127,1578,39,1242,88,336,0,0,124,1575,0,0,124,1575,California
Merced,2021-01-01,1,1579,0,1242,1,337,0,0,1,1576,0,0,1,1576,California
Merced,2021-01-02,127,1706,116,1358,11,348,0,0,128,1704,0,0,128,1704,California
Merced,2021-01-03,9,1715,5,1363,4,352,0,0,9,1713,0,0,9,1713,California
Merced,2021-01-04,83,1798,40,1403,43,395,0,0,83,1796,0,0,83,1796,California
Merced,2021-01-05,319,2117,230,1633,89,484,0,0,320,2112,6,6,322,2118,California
Merced,2021-01-06,274,2391,98,1731,176,660,0,0,268,2374,6,12,268,2386,California
Merced,2021-01-07,192,2583,80,1811,112,772,0,0,191,2553,12,24,191,2577,California
Merced,2021-01-08,543,3126,400,2211,143,915,0,0,398,2801,150,174,398,2975,California
Merced,2021-01-09,24,3150,11,2222,13,928,0,0,18,2813,6,180,18,2993,California
Merced,2021-01-10,10,3160,6,2228,4,932,0,0,6,2815,4,184,6,2999,California
Merced,2021-01-11,244,3404,170,2398,74,1006,0,0,117,2808,125,309,118,3117,California
Merced,2021-01-12,312,3716,163,2561,149,1155,0,0,258,3009,57,366,258,3375,California
Merced,2021-01-13,451,4167,233,2794,218,1373,0,0,237,3040,208,574,239,3614,California
Merced,2021-01-14,355,4522,214,3008,141,1514,0,0,184,3056,170,744,186,3800,California
Merced,2021-01-15,684,5206,147,3155,537,2051,0,0,661,3680,39,783,663,4463,California
Merced,2021-01-16,242,5448,153,3308,89,2140,0,0,237,3912,5,788,237,4700,California
Merced,2021-01-17,48,5496,11,3319,37,2177,0,0,47,3958,1,789,47,4747,California
Merced,2021-01-18,331,5827,155,3474,176,2353,0,0,309,4248,22,811,312,5059,California
Merced,2021-01-19,736,6563,583,4057,153,2506,0,0,554,4624,182,993,558,5617,California
Merced,2021-01-20,594,7157,485,4542,109,2615,0,0,530,5092,64,1057,532,6149,California
Merced,2021-01-21,1058,8215,688,5230,370,2985,0,0,959,5954,100,1157,962,7111,California
Merced,2021-01-22,1395,9610,713,5943,682,3667,0,0,1372,7312,25,1182,1383,8494,California
Merced,2021-01-23,309,9919,184,6127,125,3792,0,0,205,7412,105,1287,205,8699,California
Merced,2021-01-24,34,9953,16,6143,18,3810,0,0,24,7427,9,1296,24,8723,California
Merced,2021-01-25,784,10737,270,6413,514,4324,0,0,707,8075,59,1355,707,9430,California
Merced,2021-01-26,945,11682,480,6893,465,4789,0,0,689,8557,209,1564,691,10121,California
Merced,2021-01-27,1033,12715,584,7477,449,5238,0,0,842,9236,164,1728,843,10964,California
Merced,2021-01-28,1204,13919,587,8064,617,5855,0,0,1045,10147,135,1863,1046,12010,California
Merced,2021-01-29,911,14830,339,8403,572,6427,0,0,655,10562,243,2106,658,12668,California
Merced,2021-01-30,286,15116,25,8428,261,6688,0,0,271,10818,15,2121,271,12939,California
Merced,2021-01-31,48,15164,12,8440,36,6724,0,0,45,10860,3,2124,45,12984,California
Merced,2021-02-01,375,15539,51,8491,324,7048,0,0,325,11136,49,2173,325,13309,California
Merced,2021-02-02,302,15841,184,8675,118,7166,0,0,182,11201,118,2291,183,13492,California
Merced,2021-02-03,403,16244,73,8748,330,7496,0,0,206,11210,197,2488,206,13698,California
Merced,2021-02-04,434,16678,158,8906,276,7772,0,0,279,11338,152,2640,280,13978,California
Merced,2021-02-05,631,17309,216,9122,415,8187,0,0,328,11377,290,2930,329,14307,California
Merced,2021-02-06,443,17752,249,9371,194,8381,0,0,271,11478,170,3100,271,14578,California
Merced,2021-02-07,19,17771,12,9383,7,8388,0,0,12,11483,7,3107,12,14590,California
Merced,2021-02-08,327,18098,222,9605,105,8493,0,0,187,11534,137,3244,188,14778,California
Merced,2021-02-09,1277,19375,959,10564,318,8811,0,0,804,11883,456,3700,805,15583,California
Merced,2021-02-10,1923,21298,1437,12001,486,9297,0,0,1338,12643,578,4278,1338,16921,California
Merced,2021-02-11,2620,23918,2049,14050,571,9868,0,0,1864,13757,750,5028,1864,18785,California
Merced,2021-02-12,1892,25810,1063,15113,829,10697,0,0,836,13550,1043,6071,836,19621,California
Merced,2021-02-13,367,26177,205,15318,162,10859,0,0,272,13728,95,6166,273,19894,California
Merced,2021-02-14,117,26294,27,15345,90,10949,0,0,92,13798,25,6191,95,19989,California
Merced,2021-02-15,273,26567,39,15384,234,11183,0,0,168,13867,100,6291,169,20158,California
Merced,2021-02-16,1293,27860,865,16249,428,11611,0,0,781,14242,492,6783,867,21025,California
Merced,2021-02-17,1950,29810,1681,17930,269,11880,0,0,1355,15036,581,7364,1375,22400,California
Merced,2021-02-18,1315,31125,852,18782,463,12343,0,0,443,14646,847,8211,457,22857,California
Merced,2021-02-19,1325,32450,438,19220,887,13230,0,0,565,14470,754,8965,578,23435,California
Merced,2021-02-20,276,32726,32,19252,244,13474,0,0,142,14481,131,9096,142,23577,California
Merced,2021-02-21,75,32801,60,19312,15,13489,0,0,26,14462,49,9145,30,23607,California
Merced,2021-02-22,919,33720,367,19679,552,14041,0,0,569,14682,349,9494,569,24176,California
Merced,2021-02-23,1189,34909,489,20168,700,14741,0,0,694,14931,489,9983,738,24914,California
Merced,2021-02-24,852,35761,298,20466,554,15295,0,0,462,15016,382,10365,467,25381,California
Merced,2021-02-25,1815,37576,850,21316,965,16260,0,0,1335,15890,465,10830,1339,26720,California
Merced,2021-02-26,2356,39932,1505,22821,851,17111,0,0,1917,17373,439,11269,1922,28642,California
Merced,2021-02-27,2617,42549,1029,23850,1587,18698,1,1,2307,19372,311,11580,2310,30952,California
Merced,2021-02-28,327,42876,67,23917,260,18958,0,1,279,19606,46,11626,280,31232,California
Merced,2021-03-01,1203,44079,286,24203,917,19875,0,1,857,20122,341,11967,857,32089,California
Merced,2021-03-02,1801,45880,918,25121,883,20758,0,1,1398,21135,385,12352,1398,33487,California
Merced,2021-03-03,2325,48205,1800,26921,524,21282,1,2,1530,21907,762,13114,1534,35021,California
Merced,2021-03-04,3093,51298,2435,29356,656,21938,2,4,2177,23111,975,14089,2179,37200,California
Merced,2021-03-05,2441,53739,1515,30871,903,22841,23,27,1813,24364,600,14689,1853,39053,California
Merced,2021-03-06,1135,54874,608,31479,507,23348,20,47,861,24970,276,14965,882,39935,California
Merced,2021-03-07,266,55140,56,31535,186,23534,24,71,237,25202,29,14994,261,40196,California
Merced,2021-03-08,1225,56365,607,32142,554,24088,64,135,1013,26068,211,15205,1077,41273,California
Merced,2021-03-09,1686,58051,980,33122,594,24682,112,247,1066,26635,614,15819,1181,42454,California
Merced,2021-03-10,2927,60978,2028,35150,685,25367,214,461,1797,27534,1118,16937,2017,44471,California
Merced,2021-03-11,1943,62921,646,35796,1096,26463,201,662,1347,28520,589,17526,1575,46046,California
Merced,2021-03-12,2410,65331,1074,36870,1083,27546,253,915,1615,29627,794,18320,1901,47947,California
Merced,2021-03-13,680,66011,324,37194,119,27665,237,1152,356,29916,316,18636,605,48552,California
Merced,2021-03-14,172,66183,99,37293,43,27708,30,1182,100,29975,72,18708,131,48683,California
Merced,2021-03-15,1548,67731,512,37805,771,28479,265,1447,1011,30731,526,19234,1282,49965,California
Merced,2021-03-16,1543,69274,780,38585,540,29019,223,1670,1049,31519,483,19717,1271,51236,California
Merced,2021-03-17,2211,71485,1267,39852,765,29784,179,1849,1743,32985,460,20177,1926,53162,California
Merced,2021-03-18,1966,73451,1102,40954,710,30494,154,2003,1332,33863,622,20799,1500,54662,California
Merced,2021-03-19,2954,76405,1689,42643,1071,31565,194,2197,1561,34243,1379,22178,1759,56421,California
Merced,2021-03-20,1974,78379,1249,43892,518,32083,207,2404,1151,34786,817,22995,1360,57781,California
Merced,2021-03-21,674,79053,341,44233,318,32401,15,2419,555,35240,118,23113,572,58353,California
Merced,2021-03-22,1127,80180,487,44720,556,32957,84,2503,737,35683,380,23493,823,59176,California
Merced,2021-03-23,1839,82019,1160,45880,617,33574,62,2565,1376,36661,461,23954,1439,60615,California
Merced,2021-03-24,1329,83348,840,46720,445,34019,44,2609,985,37358,334,24288,1031,61646,California
Merced,2021-03-25,3221,86569,2184,48904,1014,35033,23,2632,2087,38344,1128,25416,2114,63760,California
Merced,2021-03-26,2055,88624,1268,50172,772,35805,15,2647,869,38057,1175,26591,888,64648,California
Merced,2021-03-27,2380,91004,1056,51228,1256,37061,68,2715,810,37375,1562,28153,880,65528,California
Merced,2021-03-28,564,91568,205,51433,351,37412,8,2723,251,37328,313,28466,266,65794,California
Merced,2021-03-29,1550,93118,445,51878,867,38279,238,2961,579,37191,966,29432,829,66623,California
Merced,2021-03-30,2029,95147,779,52657,1209,39488,41,3002,913,37044,1110,30542,963,67586,California
Merced,2021-03-31,1995,97142,1461,54118,518,40006,16,3018,715,36520,1270,31812,746,68332,California
Merced,2021-04-01,1833,98975,1080,55198,731,40737,22,3040,640,36004,1189,33001,673,69005,California
Merced,2021-04-02,2137,101112,705,55903,1339,42076,93,3133,956,35892,1170,34171,1058,70063,California
Merced,2021-04-03,660,101772,398,56301,254,42330,8,3141,264,35780,395,34566,283,70346,California
Merced,2021-04-04,384,102156,134,56435,248,42578,2,3143,186,35775,198,34764,193,70539,California
Merced,2021-04-05,456,102612,137,56572,250,42828,69,3212,128,35648,323,35087,196,70735,California
Modoc,2020-12-16,1,1,1,1,0,0,0,0,1,1,0,0,1,1,California
Modoc,2020-12-21,100,101,100,101,0,0,0,0,100,101,0,0,100,101,California
Modoc,2020-12-22,14,115,14,115,0,0,0,0,14,115,0,0,14,115,California
Modoc,2020-12-23,4,119,4,119,0,0,0,0,4,119,0,0,4,119,California
Modoc,2020-12-24,1,120,1,120,0,0,0,0,1,120,0,0,1,120,California
Modoc,2020-12-28,2,122,2,122,0,0,0,0,2,122,0,0,2,122,California
Modoc,2020-12-29,10,132,1,123,9,9,0,0,10,132,0,0,10,132,California
Modoc,2020-12-30,7,139,0,123,7,16,0,0,7,139,0,0,7,139,California
Modoc,2021-01-02,2,141,0,123,2,18,0,0,2,141,0,0,2,141,California
Modoc,2021-01-04,8,149,0,123,8,26,0,0,8,149,0,0,8,149,California
Modoc,2021-01-05,2,151,1,124,1,27,0,0,2,151,0,0,2,151,California
Modoc,2021-01-06,3,154,2,126,1,28,0,0,2,152,1,1,2,153,California
Modoc,2021-01-07,72,226,0,126,72,100,0,0,72,224,0,1,72,225,California
Modoc,2021-01-08,105,331,0,126,105,205,0,0,105,329,0,1,105,330,California
Modoc,2021-01-10,1,332,1,127,0,205,0,0,0,328,1,2,0,330,California
Modoc,2021-01-11,92,424,82,209,10,215,0,0,19,274,73,75,19,349,California
Modoc,2021-01-12,94,518,25,234,69,284,0,0,68,316,26,101,68,417,California
Modoc,2021-01-13,24,542,4,238,20,304,0,0,22,336,2,103,22,439,California
Modoc,2021-01-14,129,671,6,244,123,427,0,0,124,455,5,108,124,563,California
Modoc,2021-01-15,6,677,1,245,5,432,0,0,6,461,0,108,6,569,California
Modoc,2021-01-16,1,678,1,246,0,432,0,0,1,462,0,108,1,570,California
Modoc,2021-01-18,1,679,1,247,0,432,0,0,1,463,0,108,1,571,California
Modoc,2021-01-19,5,684,3,250,2,434,0,0,3,464,2,110,3,574,California
Modoc,2021-01-20,11,695,1,251,10,444,0,0,11,475,0,110,11,585,California
Modoc,2021-01-21,158,853,2,253,156,600,0,0,158,633,0,110,158,743,California
Modoc,2021-01-22,2,855,0,253,2,602,0,0,2,635,0,110,2,745,California
Modoc,2021-01-25,12,867,1,254,11,613,0,0,12,647,0,110,12,757,California
Modoc,2021-01-26,65,932,1,255,64,677,0,0,65,712,0,110,65,822,California
Modoc,2021-01-27,41,973,2,257,39,716,0,0,25,721,16,126,25,847,California
Modoc,2021-01-28,144,1117,1,258,143,859,0,0,144,865,0,126,144,991,California
Modoc,2021-01-29,3,1120,1,259,2,861,0,0,3,868,0,126,3,994,California
Modoc,2021-02-01,24,1144,11,270,13,874,0,0,11,866,13,139,11,1005,California
Modoc,2021-02-02,170,1314,2,272,168,1042,0,0,167,1030,3,142,167,1172,California
Modoc,2021-02-03,19,1333,13,285,6,1048,0,0,12,1035,7,149,12,1184,California
Modoc,2021-02-04,155,1488,4,289,151,1199,0,0,27,934,128,277,27,1211,California
Modoc,2021-02-05,4,1492,3,292,1,1200,0,0,3,936,1,278,3,1214,California
Modoc,2021-02-08,9,1501,2,294,7,1207,0,0,8,943,1,279,8,1222,California
Modoc,2021-02-09,197,1698,12,306,185,1392,0,0,65,876,132,411,65,1287,California
Modoc,2021-02-10,5,1703,2,308,3,1395,0,0,4,879,1,412,4,1291,California
Modoc,2021-02-11,201,1904,3,311,198,1593,0,0,83,844,118,530,83,1374,California
Modoc,2021-02-12,5,1909,1,312,4,1597,0,0,3,845,2,532,3,1377,California
Modoc,2021-02-13,1,1910,0,312,1,1598,0,0,1,846,0,532,1,1378,California
Modoc,2021-02-16,148,2058,6,318,142,1740,0,0,144,986,4,536,144,1522,California
Modoc,2021-02-17,23,2081,1,319,22,1762,0,0,11,985,12,548,11,1533,California
Modoc,2021-02-18,189,2270,2,321,187,1949,0,0,26,849,162,710,26,1559,California
Modoc,2021-02-19,3,2273,2,323,1,1950,0,0,2,850,1,711,2,1561,California
Modoc,2021-02-20,1,2274,1,324,0,1950,0,0,1,851,0,711,1,1562,California
Modoc,2021-02-22,17,2291,9,333,8,1958,0,0,4,842,13,724,4,1566,California
Modoc,2021-02-23,23,2314,4,337,19,1977,0,0,3,825,20,744,3,1569,California
Modoc,2021-02-24,90,2404,1,338,89,2066,0,0,30,795,60,804,30,1599,California
Modoc,2021-02-25,169,2573,1,339,168,2234,0,0,13,652,156,960,13,1612,California
Modoc,2021-02-26,3,2576,0,339,3,2237,0,0,1,651,2,962,1,1613,California
Modoc,2021-02-27,5,2581,5,344,0,2237,0,0,2,650,3,965,2,1615,California
Modoc,2021-03-01,4,2585,0,344,4,2241,0,0,0,646,4,969,0,1615,California
Modoc,2021-03-02,188,2773,12,356,176,2417,0,0,23,504,165,1134,23,1638,California
Modoc,2021-03-03,12,2785,6,362,6,2423,0,0,2,496,10,1144,2,1640,California
Modoc,2021-03-04,156,2941,2,364,154,2577,0,0,131,602,25,1169,131,1771,California
Modoc,2021-03-05,3,2944,2,366,1,2578,0,0,1,601,2,1171,1,1772,California
Modoc,2021-03-06,10,2954,0,366,0,2578,10,10,0,601,10,1181,10,1782,California
Modoc,2021-03-07,6,2960,1,367,0,2578,5,15,1,602,5,1186,6,1788,California
Modoc,2021-03-08,6,2966,0,367,2,2580,4,19,0,600,6,1192,4,1792,California
Modoc,2021-03-09,121,3087,9,376,104,2684,8,27,57,601,64,1256,65,1857,California
Modoc,2021-03-10,6,3093,3,379,2,2686,1,28,4,604,2,1258,5,1862,California
Modoc,2021-03-11,164,3257,0,379,79,2765,85,113,15,555,149,1407,100,1962,California
Modoc,2021-03-12,7,3264,0,379,4,2769,3,116,4,559,3,1410,7,1969,California
Modoc,2021-03-13,5,3269,0,379,2,2771,3,119,2,561,3,1413,5,1974,California
Modoc,2021-03-14,1,3270,0,379,0,2771,1,120,0,561,1,1414,1,1975,California
Modoc,2021-03-15,11,3281,1,380,9,2780,1,121,10,571,1,1415,11,1986,California
Modoc,2021-03-16,148,3429,1,381,145,2925,2,123,33,491,115,1530,35,2021,California
Modoc,2021-03-17,13,3442,2,383,4,2929,7,130,2,489,11,1541,9,2030,California
Modoc,2021-03-18,58,3500,3,386,50,2979,5,135,28,492,30,1571,33,2063,California
Modoc,2021-03-19,3,3503,0,386,2,2981,1,136,0,490,3,1574,1,2064,California
Modoc,2021-03-20,4,3507,1,387,0,2981,3,139,0,489,4,1578,3,2067,California
Modoc,2021-03-21,4,3511,1,388,1,2982,2,141,2,491,2,1580,4,2071,California
Modoc,2021-03-22,16,3527,1,389,9,2991,6,147,10,501,6,1586,16,2087,California
Modoc,2021-03-23,32,3559,3,392,27,3018,2,149,25,521,7,1593,27,2114,California
Modoc,2021-03-24,28,3587,1,393,18,3036,9,158,2,506,26,1619,11,2125,California
Modoc,2021-03-25,61,3648,2,395,57,3093,2,160,29,505,32,1651,31,2156,California
Modoc,2021-03-26,6,3654,2,397,1,3094,3,163,1,504,5,1656,4,2160,California
Modoc,2021-03-27,2,3656,0,397,1,3095,1,164,1,505,1,1657,2,2162,California
Modoc,2021-03-28,1,3657,0,397,0,3095,1,165,0,505,1,1658,1,2163,California
Modoc,2021-03-29,12,3669,0,397,4,3099,8,173,4,509,8,1666,12,2175,California
Modoc,2021-03-30,54,3723,9,406,39,3138,6,179,21,506,33,1699,30,2205,California
Modoc,2021-03-31,10,3733,4,410,2,3140,4,183,4,508,6,1705,8,2213,California
Modoc,2021-04-01,168,3901,2,412,161,3301,5,188,32,423,136,1841,51,2264,California
Modoc,2021-04-02,3,3904,0,412,0,3301,3,191,0,423,3,1844,3,2267,California
Modoc,2021-04-03,5,3909,3,415,0,3301,2,193,3,426,2,1846,5,2272,California
Modoc,2021-04-05,9,3918,0,415,9,3310,0,193,9,435,0,1846,9,2281,California
Mono,2020-12-18,1,1,1,1,0,0,0,0,1,1,0,0,1,1,California
Mono,2020-12-19,5,6,5,6,0,0,0,0,5,6,0,0,5,6,California
Mono,2020-12-20,7,13,7,13,0,0,0,0,7,13,0,0,7,13,California
Mono,2020-12-21,24,37,17,30,7,7,0,0,24,37,0,0,24,37,California
Mono,2020-12-22,66,103,65,95,1,8,0,0,66,103,0,0,66,103,California
Mono,2020-12-23,70,173,42,137,28,36,0,0,70,173,0,0,70,173,California
Mono,2020-12-24,3,176,1,138,2,38,0,0,3,176,0,0,3,176,California
Mono,2020-12-26,3,179,3,141,0,38,0,0,3,179,0,0,3,179,California
Mono,2020-12-28,94,273,63,204,31,69,0,0,94,273,0,0,94,273,California
Mono,2020-12-29,29,302,29,233,0,69,0,0,29,302,0,0,29,302,California
Mono,2020-12-30,76,378,35,268,41,110,0,0,76,378,0,0,76,378,California
Mono,2020-12-31,4,382,1,269,3,113,0,0,4,382,0,0,4,382,California
Mono,2021-01-01,3,385,3,272,0,113,0,0,3,385,0,0,3,385,California
Mono,2021-01-02,1,386,1,273,0,113,0,0,1,386,0,0,1,386,California
Mono,2021-01-04,1,387,0,273,1,114,0,0,1,387,0,0,1,387,California
Mono,2021-01-05,45,432,2,275,43,157,0,0,44,430,1,1,44,431,California
Mono,2021-01-06,44,476,0,275,44,201,0,0,44,474,0,1,44,475,California
Mono,2021-01-07,56,532,4,279,52,253,0,0,55,528,1,2,55,530,California
Mono,2021-01-08,2,534,1,280,1,254,0,0,1,528,1,3,1,531,California
Mono,2021-01-09,4,538,4,284,0,254,0,0,0,524,4,7,0,531,California
Mono,2021-01-10,5,543,5,289,0,254,0,0,0,519,5,12,0,531,California
Mono,2021-01-11,7,550,4,293,3,257,0,0,3,518,4,16,3,534,California
Mono,2021-01-12,283,833,76,369,207,464,0,0,218,672,64,80,218,752,California
Mono,2021-01-13,235,1068,74,443,161,625,0,0,180,797,55,135,180,932,California
Mono,2021-01-14,75,1143,73,516,2,627,0,0,75,872,0,135,75,1007,California
Mono,2021-01-15,60,1203,2,518,58,685,0,0,60,932,0,135,60,1067,California
Mono,2021-01-16,4,1207,3,521,1,686,0,0,1,930,3,138,1,1068,California
Mono,2021-01-18,63,1270,54,575,9,695,0,0,2,871,61,199,2,1070,California
Mono,2021-01-19,209,1479,207,782,2,697,0,0,172,1006,37,236,172,1242,California
Mono,2021-01-20,233,1712,203,985,30,727,0,0,172,1117,61,297,172,1414,California
Mono,2021-01-21,3,1715,3,988,0,727,0,0,3,1120,0,297,3,1417,California
Mono,2021-01-22,4,1719,0,988,4,731,0,0,4,1124,0,297,4,1421,California
Mono,2021-01-23,601,2320,601,1589,0,731,0,0,601,1725,0,297,601,2022,California
Mono,2021-01-25,208,2528,170,1759,38,769,0,0,169,1857,39,336,171,2193,California
Mono,2021-01-26,512,3040,510,2269,2,771,0,0,508,2361,4,340,508,2701,California
Mono,2021-01-27,5,3045,1,2270,4,775,0,0,5,2366,0,340,5,2706,California
Mono,2021-01-28,6,3051,2,2272,4,779,0,0,2,2364,4,344,2,2708,California
Mono,2021-01-30,201,3252,199,2471,2,781,0,0,201,2565,0,344,201,2909,California
Mono,2021-01-31,242,3494,137,2608,105,886,0,0,138,2601,104,448,140,3049,California
Mono,2021-02-01,29,3523,28,2636,1,887,0,0,0,2573,28,476,0,3049,California
Mono,2021-02-02,5,3528,0,2636,5,892,0,0,2,2572,3,479,2,3051,California
Mono,2021-02-03,4,3532,1,2637,3,895,0,0,2,2572,2,481,2,3053,California
Mono,2021-02-04,213,3745,160,2797,53,948,0,0,90,2539,123,604,90,3143,California
Mono,2021-02-05,625,4370,619,3416,6,954,0,0,622,3158,3,607,622,3765,California
Mono,2021-02-06,140,4510,139,3555,1,955,0,0,138,3294,2,609,138,3903,California
Mono,2021-02-07,2,4512,0,3555,2,957,0,0,2,3296,0,609,2,3905,California
Mono,2021-02-08,172,4684,172,3727,0,957,0,0,16,3156,156,765,16,3921,California
Mono,2021-02-09,227,4911,5,3732,222,1179,0,0,15,2959,212,977,15,3936,California
Mono,2021-02-10,533,5444,187,3919,346,1525,0,0,191,2808,342,1319,191,4127,California
Mono,2021-02-11,6,5450,4,3923,2,1527,0,0,1,2804,5,1324,1,4128,California
Mono,2021-02-12,82,5532,17,3940,65,1592,0,0,24,2770,58,1382,24,4152,California
Mono,2021-02-13,593,6125,593,4533,0,1592,0,0,26,2229,567,1949,26,4178,California
Mono,2021-02-15,171,6296,169,4702,2,1594,0,0,4,2067,166,2115,4,4182,California
Mono,2021-02-16,531,6827,528,5230,3,1597,0,0,46,1629,484,2599,46,4228,California
Mono,2021-02-17,5,6832,2,5232,3,1600,0,0,2,1628,3,2602,2,4230,California
Mono,2021-02-18,1,6833,1,5233,0,1600,0,0,1,1629,0,2602,1,4231,California
Mono,2021-02-19,53,6886,52,5285,1,1601,0,0,53,1682,0,2602,53,4284,California
Mono,2021-02-20,4,6890,4,5289,0,1601,0,0,4,1686,0,2602,4,4288,California
Mono,2021-02-21,3,6893,3,5292,0,1601,0,0,3,1689,0,2602,3,4291,California
Mono,2021-02-22,284,7177,283,5575,1,1602,0,0,23,1452,260,2862,23,4314,California
Mono,2021-02-23,134,7311,115,5690,19,1621,0,0,21,1360,113,2975,21,4335,California
Mono,2021-02-24,6,7317,1,5691,5,1626,0,0,1,1356,5,2980,1,4336,California
Mono,2021-02-25,6,7323,3,5694,3,1629,0,0,3,1358,1,2981,3,4339,California
Mono,2021-02-26,603,7926,603,6297,0,1629,0,0,20,795,583,3564,20,4359,California
Mono,2021-02-27,142,8068,138,6435,4,1633,0,0,4,664,135,3699,4,4363,California
Mono,2021-02-28,2,8070,2,6437,0,1633,0,0,1,665,0,3699,1,4364,California
Mono,2021-03-01,1,8071,1,6438,0,1633,0,0,0,665,0,3699,0,4364,California
Mono,2021-03-02,6,8077,4,6442,2,1635,0,0,4,667,2,3701,4,4368,California
Mono,2021-03-03,83,8160,2,6444,81,1716,0,0,79,743,3,3704,79,4447,California
Mono,2021-03-04,6,8166,0,6444,6,1722,0,0,4,745,2,3706,4,4451,California
Mono,2021-03-05,30,8196,25,6469,5,1727,0,0,10,735,20,3726,10,4461,California
Mono,2021-03-06,322,8518,13,6482,309,2036,0,0,318,1050,3,3729,318,4779,California
Mono,2021-03-07,1,8519,0,6482,1,2037,0,0,0,1049,1,3730,0,4779,California
Mono,2021-03-08,454,8973,15,6497,436,2473,3,3,445,1488,9,3739,448,5227,California
Mono,2021-03-09,8,8981,3,6500,4,2477,1,4,5,1492,2,3741,6,5233,California
Mono,2021-03-10,285,9266,93,6593,191,2668,1,5,12,1233,272,4013,13,5246,California
Mono,2021-03-11,12,9278,0,6593,3,2671,9,14,2,1234,10,4023,11,5257,California
Mono,2021-03-12,9,9287,2,6595,2,2673,5,19,0,1230,9,4032,5,5262,California
Mono,2021-03-13,706,9993,335,6930,370,3043,1,20,697,1919,9,4041,698,5960,California
Mono,2021-03-14,4,9997,4,6934,0,3043,0,20,1,1917,3,4044,1,5961,California
Mono,2021-03-15,25,10022,20,6954,2,3045,3,23,12,1919,13,4057,15,5976,California
Mono,2021-03-16,17,10039,7,6961,4,3049,6,29,9,1926,8,4065,15,5991,California
Mono,2021-03-17,21,10060,4,6965,14,3063,3,32,16,1940,5,4070,19,6010,California
Mono,2021-03-18,18,10078,3,6968,8,3071,7,39,8,1945,10,4080,15,6025,California
Mono,2021-03-19,16,10094,1,6969,12,3083,3,42,13,1958,3,4083,16,6041,California
Mono,2021-03-20,3,10097,2,6971,0,3083,1,43,2,1960,1,4084,3,6044,California
Mono,2021-03-21,1,10098,1,6972,0,3083,0,43,1,1961,0,4084,1,6045,California
Mono,2021-03-22,13,10111,1,6973,6,3089,6,49,6,1966,7,4091,12,6057,California
Mono,2021-03-23,40,10151,5,6978,29,3118,6,55,17,1966,23,4114,23,6080,California
Mono,2021-03-24,14,10165,3,6981,7,3125,4,59,9,1974,5,4119,13,6093,California
Mono,2021-03-25,15,10180,1,6982,10,3135,4,63,9,1981,6,4125,13,6106,California
Mono,2021-03-26,22,10202,7,6989,10,3145,5,68,14,1992,8,4133,19,6125,California
Mono,2021-03-27,320,10522,315,7304,5,3150,0,68,296,2265,24,4157,297,6422,California
Mono,2021-03-28,3,10525,2,7306,1,3151,0,68,3,2268,0,4157,3,6425,California
Mono,2021-03-29,13,10538,5,7311,7,3158,1,69,10,2276,3,4160,11,6436,California
Mono,2021-03-30,19,10557,3,7314,12,3170,4,73,13,2287,6,4166,17,6453,California
Mono,2021-03-31,119,10676,8,7322,110,3280,1,74,44,2258,74,4240,45,6498,California
Mono,2021-04-01,8,10684,1,7323,7,3287,0,74,6,2262,2,4242,6,6504,California
Mono,2021-04-02,18,10702,4,7327,13,3300,1,75,11,2267,7,4249,12,6516,California
Mono,2021-04-03,722,11424,324,7651,397,3697,1,76,33,1714,688,4937,135,6651,California
Mono,2021-04-04,1,11425,0,7651,1,3698,0,76,0,1713,1,4938,0,6651,California
Mono,2021-04-05,7,11432,4,7655,2,3700,1,77,4,1715,3,4941,5,6656,California
Monterey,2020-12-16,4,4,4,4,0,0,0,0,4,4,0,0,4,4,California
Monterey,2020-12-17,81,85,81,85,0,0,0,0,81,85,0,0,81,85,California
Monterey,2020-12-18,481,566,481,566,0,0,0,0,481,566,0,0,481,566,California
Monterey,2020-12-19,579,1145,579,1145,0,0,0,0,579,1145,0,0,579,1145,California
Monterey,2020-12-20,422,1567,422,1567,0,0,0,0,422,1567,0,0,422,1567,California
Monterey,2020-12-21,721,2288,721,2288,0,0,0,0,721,2288,0,0,721,2288,California
Monterey,2020-12-22,537,2825,524,2812,13,13,0,0,537,2825,0,0,537,2825,California
Monterey,2020-12-23,433,3258,257,3069,176,189,0,0,433,3258,0,0,433,3258,California
Monterey,2020-12-24,82,3340,9,3078,73,262,0,0,82,3340,0,0,82,3340,California
Monterey,2020-12-25,6,3346,0,3078,6,268,0,0,6,3346,0,0,6,3346,California
Monterey,2020-12-26,92,3438,5,3083,87,355,0,0,92,3438,0,0,92,3438,California
Monterey,2020-12-27,6,3444,3,3086,3,358,0,0,6,3444,0,0,6,3444,California
Monterey,2020-12-28,478,3922,26,3112,452,810,0,0,478,3922,0,0,478,3922,California
Monterey,2020-12-29,901,4823,168,3280,733,1543,0,0,901,4823,0,0,901,4823,California
Monterey,2020-12-30,568,5391,98,3378,470,2013,0,0,568,5391,0,0,568,5391,California
Monterey,2020-12-31,35,5426,11,3389,24,2037,0,0,35,5426,0,0,35,5426,California
Monterey,2021-01-01,11,5437,2,3391,9,2046,0,0,11,5437,0,0,11,5437,California
Monterey,2021-01-02,136,5573,133,3524,3,2049,0,0,136,5573,0,0,136,5573,California
Monterey,2021-01-03,30,5603,29,3553,1,2050,0,0,30,5603,0,0,30,5603,California
Monterey,2021-01-04,412,6015,18,3571,394,2444,0,0,412,6015,0,0,412,6015,California
Monterey,2021-01-05,752,6767,326,3897,426,2870,0,0,738,6739,14,14,738,6753,California
Monterey,2021-01-06,654,7421,172,4069,482,3352,0,0,632,7349,22,36,632,7385,California
Monterey,2021-01-07,740,8161,569,4638,171,3523,0,0,418,7447,320,356,418,7803,California
Monterey,2021-01-08,1089,9250,736,5374,353,3876,0,0,395,7148,694,1050,395,8198,California
Monterey,2021-01-09,963,10213,935,6309,28,3904,0,0,313,6811,650,1700,313,8511,California
Monterey,2021-01-10,273,10486,270,6579,3,3907,0,0,7,6552,266,1966,7,8518,California
Monterey,2021-01-11,1062,11548,983,7562,79,3986,0,0,361,6212,701,2667,361,8879,California
Monterey,2021-01-12,463,12011,387,7949,76,4062,0,0,203,6155,260,2927,203,9082,California
Monterey,2021-01-13,1221,13232,592,8541,629,4691,0,0,1176,7286,45,2972,1176,10258,California
Monterey,2021-01-14,1045,14277,92,8633,953,5644,0,0,1027,8298,18,2990,1030,11288,California
Monterey,2021-01-15,1029,15306,39,8672,990,6634,0,0,1018,9305,11,3001,1018,12306,California
Monterey,2021-01-16,366,15672,300,8972,66,6700,0,0,360,9659,6,3007,360,12666,California
Monterey,2021-01-17,313,15985,291,9263,22,6722,0,0,300,9946,13,3020,300,12966,California
Monterey,2021-01-18,402,16387,50,9313,352,7074,0,0,380,10304,22,3042,380,13346,California
Monterey,2021-01-19,572,16959,394,9707,178,7252,0,0,415,10564,155,3197,415,13761,California
Monterey,2021-01-20,529,17488,267,9974,262,7514,0,0,325,10685,204,3401,325,14086,California
Monterey,2021-01-21,841,18329,93,10067,748,8262,0,0,731,11310,110,3511,735,14821,California
Monterey,2021-01-22,1048,19377,191,10258,857,9119,0,0,1009,12280,39,3550,1009,15830,California
Monterey,2021-01-23,236,19613,171,10429,65,9184,0,0,114,12273,121,3671,114,15944,California
Monterey,2021-01-24,58,19671,38,10467,20,9204,0,0,23,12261,35,3706,23,15967,California
Monterey,2021-01-25,779,20450,172,10639,607,9811,0,0,152,11795,620,4326,154,16121,California
Monterey,2021-01-26,920,21370,219,10858,701,10512,0,0,230,11335,690,5016,230,16351,California
Monterey,2021-01-27,856,22226,305,11163,551,11063,0,0,375,11229,481,5497,375,16726,California
Monterey,2021-01-28,2012,24238,740,11903,1272,12335,0,0,1672,12561,340,5837,1672,18398,California
Monterey,2021-01-29,1226,25464,706,12609,520,12855,0,0,1113,13563,112,5949,1114,19512,California
Monterey,2021-01-30,429,25893,282,12891,147,13002,0,0,180,13494,249,6198,180,19692,California
Monterey,2021-01-31,497,26390,74,12965,423,13425,0,0,484,13966,13,6211,485,20177,California
Monterey,2021-02-01,1656,28046,1145,14110,511,13936,0,0,1093,14497,562,6773,1093,21270,California
Monterey,2021-02-02,2143,30189,451,14561,1692,15628,0,0,1539,15432,604,7377,1539,22809,California
Monterey,2021-02-03,2325,32514,1048,15609,1277,16905,0,0,1552,16214,771,8148,1553,24362,California
Monterey,2021-02-04,2697,35211,2018,17627,679,17584,0,0,2438,18395,257,8405,2438,26800,California
Monterey,2021-02-05,3640,38851,2823,20450,817,18401,0,0,3210,21180,425,8830,3210,30010,California
Monterey,2021-02-06,1095,39946,380,20830,715,19116,0,0,751,21588,343,9173,751,30761,California
Monterey,2021-02-07,316,40262,272,21102,44,19160,0,0,95,21462,221,9394,95,30856,California
Monterey,2021-02-08,515,40777,288,21390,227,19387,0,0,431,21809,84,9478,431,31287,California
Monterey,2021-02-09,860,41637,681,22071,179,19566,0,0,550,22051,310,9788,552,31839,California
Monterey,2021-02-10,2010,43647,1040,23111,970,20536,0,0,1158,22357,852,10640,1158,32997,California
Monterey,2021-02-11,2491,46138,964,24075,1527,22063,0,0,1536,22953,953,11593,1549,34546,California
Monterey,2021-02-12,2584,48722,423,24498,2161,24224,0,0,1522,23415,1061,12654,1523,36069,California
Monterey,2021-02-13,1062,49784,44,24542,1018,25242,0,0,974,24301,88,12742,974,37043,California
Monterey,2021-02-14,585,50369,72,24614,513,25755,0,0,512,24740,73,12815,512,37555,California
Monterey,2021-02-15,1346,51715,139,24753,1207,26962,0,0,976,25347,369,13184,976,38531,California
Monterey,2021-02-16,1090,52805,245,24998,845,27807,0,0,869,25996,221,13405,870,39401,California
Monterey,2021-02-17,1902,54707,1139,26137,763,28570,0,0,1612,27321,288,13693,1613,41014,California
Monterey,2021-02-18,2200,56907,1164,27301,1036,29606,0,0,891,26922,1299,14992,900,41914,California
Monterey,2021-02-19,2928,59835,1533,28834,1395,31001,0,0,1342,26679,1585,16577,1342,43256,California
Monterey,2021-02-20,1000,60835,609,29443,391,31392,0,0,948,27576,51,16628,948,44204,California
Monterey,2021-02-21,1214,62049,1186,30629,28,31420,0,0,1163,28689,50,16678,1163,45367,California
Monterey,2021-02-22,939,62988,809,31438,130,31550,0,0,633,29017,305,16983,633,46000,California
Monterey,2021-02-23,948,63936,619,32057,329,31879,0,0,304,28677,644,17627,304,46304,California
Monterey,2021-02-24,2417,66353,1274,33331,1143,33022,0,0,1809,29884,604,18231,1811,48115,California
Monterey,2021-02-25,4313,70666,2386,35717,1927,34949,0,0,1423,28443,2885,21116,1444,49559,California
Monterey,2021-02-26,5229,75895,3086,38803,2143,37092,0,0,2605,28437,2620,23736,2614,52173,California
Monterey,2021-02-27,981,76876,170,38973,811,37903,0,0,794,29048,183,23919,794,52967,California
Monterey,2021-02-28,1520,78396,79,39052,1441,39344,0,0,1060,29652,456,24375,1060,54027,California
Monterey,2021-03-01,1273,79669,139,39191,1131,40475,3,3,740,29864,531,24906,743,54770,California
Monterey,2021-03-02,2700,82369,1708,40899,992,41467,0,3,1858,30885,837,25743,1858,56628,California
Monterey,2021-03-03,3015,85384,1214,42113,1801,43268,0,3,1134,30193,1877,27620,1185,57813,California
Monterey,2021-03-04,4427,89811,1411,43524,3016,46284,0,3,2933,31647,1491,29111,2945,60758,California
Monterey,2021-03-05,3060,92871,1317,44841,1486,47770,257,260,2461,33770,597,29708,2720,63478,California
Monterey,2021-03-06,4263,97134,622,45463,3403,51173,238,498,3431,36610,830,30538,3670,67148,California
Monterey,2021-03-07,499,97633,110,45573,163,51336,226,724,229,36796,269,30807,455,67603,California
Monterey,2021-03-08,1535,99168,318,45891,890,52226,327,1051,1056,37703,479,31286,1386,68989,California
Monterey,2021-03-09,1880,101048,686,46577,931,53157,263,1314,1404,38895,476,31762,1668,70657,California
Monterey,2021-03-10,2768,103816,860,47437,1493,54650,415,1729,1303,39160,1461,33223,1726,72383,California
Monterey,2021-03-11,3977,107793,1388,48825,2239,56889,350,2079,2260,40060,1711,34934,2611,74994,California
Monterey,2021-03-12,3748,111541,1816,50641,1838,58727,94,2173,2293,40993,1453,36387,2386,77380,California
Monterey,2021-03-13,3935,115476,940,51581,2653,61380,342,2515,2903,43210,1032,37419,3249,80629,California
Monterey,2021-03-14,1730,117206,1292,52873,414,61794,24,2539,382,42277,1340,38759,407,81036,California
Monterey,2021-03-15,3878,121084,1258,54131,2336,64130,284,2823,2204,43095,1671,40430,2489,83525,California
Monterey,2021-03-16,3386,124470,557,54688,2472,66602,357,3180,1999,44065,1386,41816,2356,85881,California
Monterey,2021-03-17,5505,129975,2245,56933,3014,69616,246,3426,3993,46804,1506,43322,4245,90126,California
Monterey,2021-03-18,3610,133585,1826,58759,1648,71264,136,3562,2475,48327,1129,44451,2652,92778,California
Monterey,2021-03-19,4353,137938,2209,60968,2025,73289,119,3681,3263,50625,1085,45536,3383,96161,California
Monterey,2021-03-20,2194,140132,355,61323,1419,74708,420,4101,1508,51872,681,46217,1928,98089,California
Monterey,2021-03-21,594,140726,194,61517,383,75091,17,4118,525,52346,68,46285,542,98631,California
Monterey,2021-03-22,2399,143125,1405,62922,935,76026,59,4177,2202,54415,192,46477,2261,100892,California
Monterey,2021-03-23,3924,147049,2330,65252,1551,77577,43,4220,2477,55496,1439,47916,2520,103412,California
Monterey,2021-03-24,4843,151892,2028,67280,2517,80094,298,4518,3546,58051,1290,49206,3845,107257,California
Monterey,2021-03-25,5065,156957,1207,68487,3500,83594,358,4876,2557,58475,2498,51704,2922,110179,California
Monterey,2021-03-26,5190,162147,2527,71014,2597,86191,66,4942,2796,59035,2386,54090,2946,113125,California
Monterey,2021-03-27,3929,166076,1371,72385,2301,88492,257,5199,2260,60267,1667,55757,2899,116024,California
Monterey,2021-03-28,1097,167173,339,72724,748,89240,10,5209,615,60419,479,56236,631,116655,California
Monterey,2021-03-29,3173,170346,1427,74151,1729,90969,17,5226,1954,61186,1212,57448,1979,118634,California
Monterey,2021-03-30,4394,174740,2106,76257,2249,93218,39,5265,2707,62266,1678,59126,2758,121392,California
Monterey,2021-03-31,5195,179935,2339,78596,2079,95297,777,6042,3348,64571,1845,60971,4150,125542,California
Monterey,2021-04-01,5930,185865,2026,80622,3518,98815,386,6428,2978,65024,2943,63914,3396,128938,California
Monterey,2021-04-02,4562,190427,2179,82801,2328,101143,55,6483,3222,67019,1337,65251,3332,132270,California
Monterey,2021-04-03,4577,195004,1082,83883,3439,104582,56,6539,1194,65001,3343,68594,1325,133595,California
Monterey,2021-04-04,749,195753,161,84044,578,105160,10,6549,503,65271,245,68839,515,134110,California
Monterey,2021-04-05,2627,198380,1922,85966,651,105811,54,6603,667,64159,1958,70797,846,134956,California
Napa,2020-12-16,12,12,12,12,0,0,0,0,12,12,0,0,12,12,California
Napa,2020-12-17,44,56,44,56,0,0,0,0,44,56,0,0,44,56,California
Napa,2020-12-18,103,159,103,159,0,0,0,0,103,159,0,0,103,159,California
Napa,2020-12-19,221,380,221,380,0,0,0,0,221,380,0,0,221,380,California
Napa,2020-12-20,190,570,190,570,0,0,0,0,190,570,0,0,190,570,California
Napa,2020-12-21,307,877,307,877,0,0,0,0,308,878,0,0,308,878,California
Napa,2020-12-22,336,1213,327,1204,9,9,0,0,336,1214,0,0,336,1214,California
Napa,2020-12-23,428,1641,319,1523,109,118,0,0,428,1642,0,0,428,1642,California
Napa,2020-12-24,138,1779,77,1600,61,179,0,0,138,1780,0,0,138,1780,California
Napa,2020-12-25,1,1780,1,1601,0,179,0,0,1,1781,0,0,1,1781,California
Napa,2020-12-26,39,1819,11,1612,28,207,0,0,39,1820,0,0,39,1820,California
Napa,2020-12-27,32,1851,16,1628,16,223,0,0,32,1852,0,0,32,1852,California
Napa,2020-12-28,249,2100,184,1812,65,288,0,0,277,2129,0,0,277,2129,California
Napa,2020-12-29,271,2371,213,2025,58,346,0,0,305,2434,0,0,305,2434,California
Napa,2020-12-30,636,3007,490,2515,146,492,0,0,644,3078,0,0,644,3078,California
Napa,2020-12-31,466,3473,378,2893,88,580,0,0,466,3544,0,0,466,3544,California
Napa,2021-01-01,1,3474,1,2894,0,580,0,0,1,3545,0,0,1,3545,California
Napa,2021-01-02,100,3574,95,2989,5,585,0,0,100,3645,0,0,100,3645,California
Napa,2021-01-03,12,3586,10,2999,2,587,0,0,9,3654,0,0,9,3654,California
Napa,2021-01-04,105,3691,62,3061,43,630,0,0,105,3759,0,0,105,3759,California
Napa,2021-01-05,152,3843,85,3146,67,697,0,0,135,3870,24,24,135,3894,California
Napa,2021-01-06,455,4298,114,3260,341,1038,0,0,391,4199,62,86,391,4285,California
Napa,2021-01-07,484,4782,223,3483,261,1299,0,0,384,4484,99,185,384,4669,California
Napa,2021-01-08,442,5224,227,3710,215,1514,0,0,262,4567,179,364,262,4931,California
Napa,2021-01-09,305,5529,279,3989,26,1540,0,0,167,4596,138,502,167,5098,California
Napa,2021-01-10,185,5714,101,4090,84,1624,0,0,110,4631,75,577,110,5208,California
Napa,2021-01-11,875,6589,417,4507,458,2082,0,0,507,4770,368,945,507,5715,California
Napa,2021-01-12,1301,7890,371,4878,930,3012,0,0,986,5441,315,1260,986,6701,California
Napa,2021-01-13,1299,9189,260,5138,1039,4051,0,0,1140,6424,158,1418,1141,7842,California
Napa,2021-01-14,1050,10239,174,5312,876,4927,0,0,932,7240,116,1534,932,8774,California
Napa,2021-01-15,1450,11689,381,5693,1069,5996,0,0,1300,8383,158,1692,1301,10075,California
Napa,2021-01-16,357,12046,137,5830,220,6216,0,0,339,8704,18,1710,339,10414,California
Napa,2021-01-17,339,12385,176,6006,163,6379,0,0,330,9025,9,1719,330,10744,California
Napa,2021-01-18,1076,13461,194,6200,882,7261,0,0,984,9917,92,1811,984,11728,California
Napa,2021-01-19,1009,14470,404,6604,605,7866,0,0,769,10448,239,2050,770,12498,California
Napa,2021-01-20,823,15293,183,6787,640,8506,0,0,643,10913,178,2228,643,13141,California
Napa,2021-01-21,1339,16632,382,7169,957,9463,0,0,1079,11733,259,2487,1079,14220,California
Napa,2021-01-22,1500,18132,416,7585,1084,10547,0,0,1168,12571,331,2818,1169,15389,California
Napa,2021-01-23,395,18527,315,7900,80,10627,0,0,334,12844,61,2879,334,15723,California
Napa,2021-01-24,274,18801,198,8098,76,10703,0,0,216,13002,58,2937,216,15939,California
Napa,2021-01-25,1519,20320,230,8328,1289,11992,0,0,1430,14343,89,3026,1430,17369,California
Napa,2021-01-26,869,21189,277,8605,592,12584,0,0,775,15025,94,3120,776,18145,California
Napa,2021-01-27,622,21811,218,8823,404,12988,0,0,465,15334,156,3276,465,18610,California
Napa,2021-01-28,375,22186,164,8987,211,13199,0,0,195,15350,179,3455,195,18805,California
Napa,2021-01-29,252,22438,64,9051,188,13387,0,0,157,15412,95,3550,157,18962,California
Napa,2021-01-30,789,23227,680,9731,109,13496,0,0,646,15915,143,3693,646,19608,California
Napa,2021-01-31,654,23881,624,10355,30,13526,0,0,628,16517,26,3719,628,20236,California
Napa,2021-02-01,313,24194,110,10465,203,13729,0,0,160,16525,152,3871,160,20396,California
Napa,2021-02-02,584,24778,276,10741,308,14037,0,0,286,16515,296,4167,286,20682,California
Napa,2021-02-03,730,25508,310,11051,420,14457,0,0,424,16633,306,4473,424,21106,California
Napa,2021-02-04,787,26295,371,11422,416,14873,0,0,441,16731,343,4816,441,21547,California
Napa,2021-02-05,704,26999,314,11736,390,15263,0,0,337,16701,367,5183,337,21884,California
Napa,2021-02-06,430,27429,142,11878,288,15551,0,0,325,16921,105,5288,325,22209,California
Napa,2021-02-07,179,27608,166,12044,13,15564,0,0,75,16892,104,5392,75,22284,California
Napa,2021-02-08,835,28443,188,12232,647,16211,0,0,270,16600,563,5955,271,22555,California
Napa,2021-02-09,1073,29516,439,12671,634,16845,0,0,434,16395,639,6594,434,22989,California
Napa,2021-02-10,1676,31192,190,12861,1486,18331,0,0,448,15618,1225,7819,448,23437,California
Napa,2021-02-11,1499,32691,194,13055,1305,19636,0,0,414,14957,1076,8895,415,23852,California
Napa,2021-02-12,2156,34847,840,13895,1316,20952,0,0,721,14246,1432,10327,721,24573,California
Napa,2021-02-13,490,35337,51,13946,439,21391,0,0,313,14382,177,10504,313,24886,California
Napa,2021-02-14,321,35658,58,14004,263,21654,0,0,161,14383,160,10664,161,25047,California
Napa,2021-02-15,884,36542,188,14192,696,22350,0,0,227,13956,654,11318,227,25274,California
Napa,2021-02-16,1291,37833,598,14790,693,23043,0,0,617,13900,673,11991,617,25891,California
Napa,2021-02-17,1042,38875,525,15315,517,23560,0,0,473,13806,568,12559,474,26365,California
Napa,2021-02-18,1895,40770,481,15796,1414,24974,0,0,663,13239,1230,13789,663,27028,California
Napa,2021-02-19,1427,42197,583,16379,844,25818,0,0,674,13161,752,14541,674,27702,California
Napa,2021-02-20,820,43017,588,16967,232,26050,0,0,278,12897,542,15083,278,27980,California
Napa,2021-02-21,796,43813,735,17702,61,26111,0,0,196,12493,600,15683,196,28176,California
Napa,2021-02-22,438,44251,184,17886,254,26365,0,0,137,12329,301,15984,137,28313,California
Napa,2021-02-23,1099,45350,295,18181,804,27169,0,0,306,11842,793,16777,306,28619,California
Napa,2021-02-24,1151,46501,628,18809,523,27692,0,0,569,11832,580,17357,570,29189,California
Napa,2021-02-25,2502,49003,1204,20013,1298,28990,0,0,1795,12923,705,18062,1796,30985,California
Napa,2021-02-26,1486,50489,517,20530,969,29959,0,0,580,12599,904,18966,580,31565,California
Napa,2021-02-27,1046,51535,356,20886,690,30649,0,0,796,13148,247,19213,796,32361,California
Napa,2021-02-28,562,52097,460,21346,102,30751,0,0,458,13505,101,19314,458,32819,California
Napa,2021-03-01,1092,53189,811,22157,281,31032,0,0,830,14074,261,19575,830,33649,California
Napa,2021-03-02,1458,54647,1011,23168,447,31479,0,0,1125,14868,332,19907,1126,34775,California
Napa,2021-03-03,1384,56031,637,23805,747,32226,0,0,1218,15922,165,20072,1219,35994,California
Napa,2021-03-04,1531,57562,647,24452,884,33110,0,0,1317,17028,212,20284,1318,37312,California
Napa,2021-03-05,1752,59314,692,25144,1055,34165,5,5,1362,18008,388,20672,1368,38680,California
Napa,2021-03-06,584,59898,251,25395,304,34469,29,34,482,18418,101,20773,511,39191,California
Napa,2021-03-07,473,60371,275,25670,182,34651,16,50,363,18688,109,20882,379,39570,California
Napa,2021-03-08,672,61043,314,25984,318,34969,40,90,510,19078,160,21042,550,40120,California
Napa,2021-03-09,1585,62628,573,26557,969,35938,43,133,1161,19862,421,21463,1205,41325,California
Napa,2021-03-10,1425,64053,893,27450,436,36374,96,229,724,19985,698,22161,821,42146,California
Napa,2021-03-11,1781,65834,1035,28485,634,37008,112,341,897,20111,883,23044,1009,43155,California
Napa,2021-03-12,1385,67219,851,29336,452,37460,82,423,740,20291,644,23688,824,43979,California
Napa,2021-03-13,1049,68268,280,29616,745,38205,24,447,784,20835,265,23953,809,44788,California
Napa,2021-03-14,543,68811,311,29927,92,38297,140,587,206,20845,336,24289,346,45134,California
Napa,2021-03-15,944,69755,404,30331,471,38768,69,656,477,20927,464,24753,546,45680,California
Napa,2021-03-16,1716,71471,388,30719,1203,39971,125,781,1259,21858,454,25207,1385,47065,California
Napa,2021-03-17,2214,73685,1637,32356,437,40408,140,921,1401,22586,813,26020,1541,48606,California
Napa,2021-03-18,1599,75284,692,33048,897,41305,10,931,974,22947,623,26643,984,49590,California
Napa,2021-03-19,1120,76404,647,33695,453,41758,20,951,573,22995,545,27188,593,50183,California
Napa,2021-03-20,756,77160,345,34040,262,42020,149,1100,323,23034,433,27621,472,50655,California
Napa,2021-03-21,693,77853,667,34707,24,42044,2,1102,347,23039,344,27965,349,51004,California
Napa,2021-03-22,1065,78918,887,35594,167,42211,11,1113,468,22927,595,28560,483,51487,California
Napa,2021-03-23,1480,80398,821,36415,646,42857,13,1126,985,23435,493,29053,1001,52488,California
Napa,2021-03-24,1691,82089,938,37353,744,43601,9,1135,822,23432,867,29920,864,53352,California
Napa,2021-03-25,1551,83640,1050,38403,492,44093,9,1144,735,23477,816,30736,861,54213,California
Napa,2021-03-26,1234,84874,799,39202,429,44522,6,1150,546,23409,684,31420,616,54829,California
Napa,2021-03-27,878,85752,424,39626,426,44948,28,1178,302,23196,576,31996,363,55192,California
Napa,2021-03-28,476,86228,368,39994,102,45050,6,1184,176,23079,300,32296,183,55375,California
Napa,2021-03-29,1145,87373,843,40837,295,45345,7,1191,694,23340,449,32745,710,56085,California
Napa,2021-03-30,1966,89339,906,41743,1054,46399,6,1197,1186,23781,779,33524,1220,57305,California
Napa,2021-03-31,1934,91273,949,42692,920,47319,65,1262,829,23635,1102,34626,956,58261,California
Napa,2021-04-01,1659,92932,812,43504,730,48049,117,1379,430,22998,1226,35852,589,58850,California
Napa,2021-04-02,1697,94629,821,44325,737,48786,139,1518,426,22351,1268,37120,621,59471,California
Napa,2021-04-03,608,95237,353,44678,195,48981,60,1578,208,22226,400,37520,275,59746,California
Napa,2021-04-04,338,95575,132,44810,155,49136,51,1629,123,22187,215,37735,176,59922,California
Napa,2021-04-05,626,96201,291,45101,176,49312,159,1788,136,21995,487,38222,295,60217,California
Nevada,2020-12-16,3,3,3,3,0,0,0,0,3,3,0,0,3,3,California
Nevada,2020-12-17,6,9,6,9,0,0,0,0,6,9,0,0,6,9,California
Nevada,2020-12-18,51,60,51,60,0,0,0,0,51,60,0,0,51,60,California
Nevada,2020-12-19,55,115,55,115,0,0,0,0,55,115,0,0,55,115,California
Nevada,2020-12-20,12,127,12,127,0,0,0,0,12,127,0,0,12,127,California
Nevada,2020-12-21,69,196,69,196,0,0,0,0,69,196,0,0,69,196,California
Nevada,2020-12-22,91,287,89,285,2,2,0,0,91,287,0,0,91,287,California
Nevada,2020-12-23,234,521,202,487,32,34,0,0,234,521,0,0,234,521,California
Nevada,2020-12-24,15,536,12,499,3,37,0,0,15,536,0,0,15,536,California
Nevada,2020-12-25,2,538,2,501,0,37,0,0,2,538,0,0,2,538,California
Nevada,2020-12-26,5,543,3,504,2,39,0,0,5,543,0,0,5,543,California
Nevada,2020-12-27,88,631,88,592,0,39,0,0,88,631,0,0,88,631,California
Nevada,2020-12-28,170,801,93,685,77,116,0,0,170,801,0,0,170,801,California
Nevada,2020-12-29,101,902,75,760,26,142,0,0,101,902,0,0,101,902,California
Nevada,2020-12-30,85,987,66,826,19,161,0,0,85,987,0,0,85,987,California
Nevada,2020-12-31,39,1026,9,835,30,191,0,0,39,1026,0,0,39,1026,California
Nevada,2021-01-01,1,1027,0,835,1,192,0,0,1,1027,0,0,1,1027,California
Nevada,2021-01-02,1,1028,1,836,0,192,0,0,1,1028,0,0,1,1028,California
Nevada,2021-01-03,129,1157,126,962,3,195,0,0,129,1157,0,0,129,1157,California
Nevada,2021-01-04,71,1228,47,1009,24,219,0,0,71,1228,0,0,71,1228,California
Nevada,2021-01-05,272,1500,130,1139,142,361,0,0,271,1498,1,1,271,1499,California
Nevada,2021-01-06,93,1593,44,1183,49,410,0,0,85,1575,8,9,85,1584,California
Nevada,2021-01-07,217,1810,43,1226,174,584,0,0,209,1779,6,15,210,1794,California
Nevada,2021-01-08,221,2031,127,1353,94,678,0,0,170,1898,51,66,170,1964,California
Nevada,2021-01-09,63,2094,56,1409,7,685,0,0,15,1865,48,114,15,1979,California
Nevada,2021-01-10,17,2111,9,1418,8,693,0,0,9,1866,8,122,9,1988,California
Nevada,2021-01-11,183,2294,130,1548,53,746,0,0,56,1795,127,249,56,2044,California
Nevada,2021-01-12,606,2900,458,2006,148,894,0,0,538,2265,68,317,538,2582,California
Nevada,2021-01-13,257,3157,144,2150,113,1007,0,0,122,2252,135,452,122,2704,California
Nevada,2021-01-14,229,3386,123,2273,106,1113,0,0,211,2446,17,469,211,2915,California
Nevada,2021-01-15,394,3780,170,2443,224,1337,0,0,296,2644,98,567,296,3211,California
Nevada,2021-01-16,292,4072,13,2456,279,1616,0,0,289,2930,3,570,289,3500,California
Nevada,2021-01-17,36,4108,32,2488,4,1620,0,0,33,2960,3,573,33,3533,California
Nevada,2021-01-18,148,4256,40,2528,108,1728,0,0,138,3088,10,583,138,3671,California
Nevada,2021-01-19,232,4488,83,2611,149,1877,0,0,213,3282,19,602,213,3884,California
Nevada,2021-01-20,258,4746,152,2763,106,1983,0,0,245,3514,13,615,245,4129,California
Nevada,2021-01-21,336,5082,207,2970,129,2112,0,0,323,3824,13,628,323,4452,California
Nevada,2021-01-22,341,5423,209,3179,132,2244,0,0,310,4103,31,659,310,4762,California
Nevada,2021-01-23,172,5595,104,3283,68,2312,0,0,172,4275,0,659,172,4934,California
Nevada,2021-01-24,105,5700,98,3381,7,2319,0,0,66,4302,39,698,66,5000,California
Nevada,2021-01-25,264,5964,136,3517,128,2447,0,0,203,4444,61,759,203,5203,California
Nevada,2021-01-26,397,6361,141,3658,256,2703,0,0,295,4637,102,861,295,5498,California
Nevada,2021-01-27,408,6769,242,3900,166,2869,0,0,384,4997,24,885,384,5882,California
Nevada,2021-01-28,458,7227,311,4211,147,3016,0,0,417,5373,41,926,417,6299,California
Nevada,2021-01-29,594,7821,391,4602,203,3219,0,0,572,5924,22,948,573,6872,California
Nevada,2021-01-30,231,8052,103,4705,128,3347,0,0,228,6149,3,951,228,7100,California
Nevada,2021-01-31,101,8153,85,4790,16,3363,0,0,101,6250,0,951,101,7201,California
Nevada,2021-02-01,292,8445,71,4861,221,3584,0,0,278,6514,14,965,278,7479,California
Nevada,2021-02-02,516,8961,172,5033,344,3928,0,0,321,6640,195,1160,321,7800,California
Nevada,2021-02-03,805,9766,566,5599,239,4167,0,0,752,7340,52,1212,752,8552,California
Nevada,2021-02-04,749,10515,400,5999,349,4516,0,0,501,7594,247,1459,501,9053,California
Nevada,2021-02-05,644,11159,363,6362,281,4797,0,0,455,7862,187,1646,455,9508,California
Nevada,2021-02-06,273,11432,85,6447,188,4985,0,0,246,8081,27,1673,246,9754,California
Nevada,2021-02-07,245,11677,189,6636,56,5041,0,0,191,8218,54,1727,191,9945,California
Nevada,2021-02-08,649,12326,410,7046,239,5280,0,0,551,8671,98,1825,551,10496,California
Nevada,2021-02-09,604,12930,339,7385,265,5545,0,0,466,8999,138,1963,466,10962,California
Nevada,2021-02-10,643,13573,321,7706,322,5867,0,0,414,9185,229,2192,415,11377,California
Nevada,2021-02-11,866,14439,505,8211,361,6228,0,0,538,9396,327,2519,538,11915,California
Nevada,2021-02-12,921,15360,431,8642,490,6718,0,0,608,9692,312,2831,608,12523,California
Nevada,2021-02-13,588,15948,232,8874,356,7074,0,0,385,9879,199,3030,386,12909,California
Nevada,2021-02-14,224,16172,117,8991,107,7181,0,0,194,10044,30,3060,195,13104,California
Nevada,2021-02-15,712,16884,444,9435,268,7449,0,0,544,10420,168,3228,544,13648,California
Nevada,2021-02-16,614,17498,199,9634,415,7864,0,0,455,10717,158,3386,455,14103,California
Nevada,2021-02-17,1179,18677,762,10396,417,8281,0,0,863,11264,316,3702,863,14966,California
Nevada,2021-02-18,998,19675,550,10946,448,8729,0,0,600,11468,396,4098,600,15566,California
Nevada,2021-02-19,1002,20677,630,11576,372,9101,0,0,648,11763,354,4452,649,16215,California
Nevada,2021-02-20,291,20968,101,11677,190,9291,0,0,171,11815,119,4571,171,16386,California
Nevada,2021-02-21,89,21057,83,11760,6,9297,0,0,12,11750,77,4648,12,16398,California
Nevada,2021-02-22,495,21552,329,12089,166,9463,0,0,349,11954,145,4793,349,16747,California
Nevada,2021-02-23,445,21997,200,12289,245,9708,0,0,205,11922,237,5030,205,16952,California
Nevada,2021-02-24,477,22474,240,12529,237,9945,0,0,253,11953,224,5254,255,17207,California
Nevada,2021-02-25,846,23320,462,12991,384,10329,0,0,417,11943,427,5681,417,17624,California
Nevada,2021-02-26,1229,24549,885,13876,344,10673,0,0,411,11539,815,6496,411,18035,California
Nevada,2021-02-27,345,24894,110,13986,235,10908,0,0,173,11541,172,6668,174,18209,California
Nevada,2021-02-28,256,25150,144,14130,112,11020,0,0,120,11525,136,6804,120,18329,California
Nevada,2021-03-01,808,25958,422,14552,386,11406,0,0,343,11404,464,7268,343,18672,California
Nevada,2021-03-02,685,26643,255,14807,430,11836,0,0,470,11664,211,7479,471,19143,California
Nevada,2021-03-03,903,27546,478,15285,425,12261,0,0,442,11646,460,7939,442,19585,California
Nevada,2021-03-04,1078,28624,605,15890,473,12734,0,0,446,11463,629,8568,446,20031,California
Nevada,2021-03-05,750,29374,406,16296,334,13068,10,10,330,11385,418,8986,340,20371,California
Nevada,2021-03-06,332,29706,113,16409,193,13261,26,36,122,11323,210,9196,148,20519,California
Nevada,2021-03-07,204,29910,108,16517,76,13337,20,56,62,11263,141,9337,81,20600,California
Nevada,2021-03-08,789,30699,534,17051,212,13549,43,99,345,11209,443,9780,389,20989,California
Nevada,2021-03-09,639,31338,302,17353,291,13840,46,145,351,11318,287,10067,396,21385,California
Nevada,2021-03-10,897,32235,581,17934,279,14119,37,182,286,11034,608,10675,324,21709,California
Nevada,2021-03-11,1035,33270,663,18597,345,14464,27,209,497,11025,533,11208,524,22233,California
Nevada,2021-03-12,1024,34294,661,19258,329,14793,34,243,415,10867,608,11816,450,22683,California
Nevada,2021-03-13,222,34516,54,19312,161,14954,7,250,98,10850,123,11939,106,22789,California
Nevada,2021-03-14,99,34615,19,19331,77,15031,3,253,23,10800,76,12015,26,22815,California
Nevada,2021-03-15,819,35434,439,19770,370,15401,10,263,333,10659,484,12499,343,23158,California
Nevada,2021-03-16,943,36377,434,20204,455,15856,54,317,604,10979,338,12837,658,23816,California
Nevada,2021-03-17,983,37360,424,20628,549,16405,10,327,552,11113,428,13265,562,24378,California
Nevada,2021-03-18,823,38183,453,21081,349,16754,21,348,397,11110,422,13687,419,24797,California
Nevada,2021-03-19,564,38747,333,21414,201,16955,30,378,250,11076,314,14001,280,25077,California
Nevada,2021-03-20,528,39275,82,21496,172,17127,274,652,142,11109,381,14382,414,25491,California
Nevada,2021-03-21,65,39340,33,21529,31,17158,1,653,46,11138,18,14400,47,25538,California
Nevada,2021-03-22,767,40107,489,22018,274,17432,4,657,513,11403,252,14652,517,26055,California
Nevada,2021-03-23,825,40932,381,22399,419,17851,25,682,622,11851,200,14852,648,26703,California
Nevada,2021-03-24,966,41898,520,22919,438,18289,8,690,605,12107,357,15209,613,27316,California
Nevada,2021-03-25,866,42764,431,23350,412,18701,23,713,476,12218,390,15599,501,27817,California
Nevada,2021-03-26,1070,43834,409,23759,630,19331,31,744,769,12725,299,15898,806,28623,California
Nevada,2021-03-27,546,44380,71,23830,460,19791,15,759,377,12952,168,16066,395,29018,California
Nevada,2021-03-28,168,44548,49,23879,108,19899,11,770,41,12878,126,16192,52,29070,California
Nevada,2021-03-29,791,45339,480,24359,287,20186,24,794,370,12854,419,16611,395,29465,California
Nevada,2021-03-30,1041,46380,477,24836,532,20718,32,826,550,12952,486,17097,584,30049,California
Nevada,2021-03-31,1122,47502,630,25466,474,21192,18,844,690,13248,424,17521,720,30769,California
Nevada,2021-04-01,1169,48671,682,26148,435,21627,52,896,518,13185,646,18167,583,31352,California
Nevada,2021-04-02,1181,49852,615,26763,529,22156,37,933,704,13457,476,18643,748,32100,California
Nevada,2021-04-03,273,50125,79,26842,156,22312,38,971,81,13386,192,18835,121,32221,California
Nevada,2021-04-04,112,50237,38,26880,69,22381,5,976,72,13423,40,18875,77,32298,California
Nevada,2021-04-05,443,50680,281,27161,161,22542,1,977,323,13629,118,18993,324,32622,California
Orange,2020-12-15,16,16,16,16,0,0,0,0,16,16,0,0,16,16,California
Orange,2020-12-16,365,381,365,381,0,0,0,0,365,381,0,0,365,381,California
Orange,2020-12-17,3712,4093,3712,4093,0,0,0,0,3711,4092,0,0,3711,4092,California
Orange,2020-12-18,5007,9100,5000,9093,7,7,0,0,5005,9097,0,0,5005,9097,California
Orange,2020-12-19,2196,11296,2189,11282,7,14,0,0,2195,11292,0,0,2195,11292,California
Orange,2020-12-20,1963,13259,1962,13244,1,15,0,0,1964,13256,0,0,1964,13256,California
Orange,2020-12-21,4218,17477,4212,17456,6,21,0,0,4218,17474,0,0,4218,17474,California
Orange,2020-12-22,3962,21439,3929,21385,33,54,0,0,3962,21436,0,0,3962,21436,California
Orange,2020-12-23,3538,24977,3189,24574,349,403,0,0,3540,24976,0,0,3540,24976,California
Orange,2020-12-24,1371,26348,1073,25647,298,701,0,0,1371,26347,0,0,1371,26347,California
Orange,2020-12-25,16,26364,11,25658,5,706,0,0,16,26363,0,0,16,26363,California
Orange,2020-12-26,1052,27416,422,26080,630,1336,0,0,1052,27415,0,0,1052,27415,California
Orange,2020-12-27,582,27998,275,26355,307,1643,0,0,582,27997,0,0,582,27997,California
Orange,2020-12-28,3532,31530,2563,28918,969,2612,0,0,3532,31529,0,0,3532,31529,California
Orange,2020-12-29,3553,35083,2560,31478,993,3605,0,0,3553,35082,0,0,3553,35082,California
Orange,2020-12-30,5105,40188,3549,35027,1556,5161,0,0,5105,40187,0,0,5105,40187,California
Orange,2020-12-31,1452,41640,757,35784,695,5856,0,0,1452,41639,0,0,1452,41639,California
Orange,2021-01-01,430,42070,239,36023,191,6047,0,0,429,42067,1,1,429,42068,California
Orange,2021-01-02,1402,43472,897,36920,505,6552,0,0,1402,43469,0,1,1402,43470,California
Orange,2021-01-03,564,44036,311,37231,253,6805,0,0,564,44033,0,1,564,44034,California
Orange,2021-01-04,2685,46721,1553,38784,1132,7937,0,0,2686,46718,1,2,2686,46720,California
Orange,2021-01-05,3491,50212,2284,41068,1207,9144,0,0,3080,49397,404,406,3083,49803,California
Orange,2021-01-06,4959,55171,3450,44518,1509,10653,0,0,3593,51637,1353,1759,3593,53396,California
Orange,2021-01-07,9200,64371,5129,49647,4071,14724,0,0,5650,53756,3537,5296,5656,59052,California
Orange,2021-01-08,9352,73723,5215,54862,4137,18861,0,0,5630,55677,3712,9008,5633,64685,California
Orange,2021-01-09,4963,78686,1725,56587,3238,22099,0,0,3689,58094,1273,10281,3690,68375,California
Orange,2021-01-10,4224,82910,1034,57621,3190,25289,0,0,3349,60573,874,11155,3353,71728,California
Orange,2021-01-11,9353,92263,4860,62481,4493,29782,0,0,5758,62734,3598,14753,5759,77487,California
Orange,2021-01-12,8740,101003,4702,67183,4038,33820,0,0,5284,64567,3452,18205,5285,82772,California
Orange,2021-01-13,10166,111169,4860,72043,5306,39126,0,0,6989,68390,3174,21379,6997,89769,California
Orange,2021-01-14,9877,121046,3757,75800,6120,45246,0,0,8295,75110,1580,22959,8300,98069,California
Orange,2021-01-15,10072,131118,2602,78402,7470,52716,0,0,9200,83436,879,23838,9205,107274,California
Orange,2021-01-16,8670,139788,2080,80482,6590,59306,0,0,8290,91350,380,24218,8294,115568,California
Orange,2021-01-17,8139,147927,1488,81970,6651,65957,0,0,7994,99207,144,24362,8001,123569,California
Orange,2021-01-18,9727,157654,4448,86418,5279,71236,0,0,7493,104465,2237,26599,7495,131064,California
Orange,2021-01-19,7440,165094,5398,91816,2042,73278,0,0,4818,106664,2623,29222,4822,135886,California
Orange,2021-01-20,8230,173324,5794,97610,2436,75714,0,0,5178,108796,3052,32274,5184,141070,California
Orange,2021-01-21,10802,184126,4792,102402,6010,81724,0,0,10012,118028,789,33063,10021,151091,California
Orange,2021-01-22,13526,197652,5068,107470,8458,90182,0,0,12706,129929,812,33875,12713,163804,California
Orange,2021-01-23,13091,210743,6169,113639,6922,97104,0,0,12127,141099,962,34837,12132,175936,California
Orange,2021-01-24,9792,220535,4277,117916,5515,102619,0,0,9478,150272,312,35149,9485,185421,California
Orange,2021-01-25,10379,230914,5822,123738,4557,107176,0,0,7673,155301,2698,37847,7727,193148,California
Orange,2021-01-26,11720,242634,7664,131402,4056,111232,0,0,9597,162779,2120,39967,9598,202746,California
Orange,2021-01-27,13322,255956,7956,139358,5366,116598,0,0,10671,170813,2640,42607,10674,213420,California
Orange,2021-01-28,12957,268913,7146,146504,5811,122409,0,0,11121,180118,1822,44429,11127,224547,California
Orange,2021-01-29,13509,282422,8373,154877,5136,127545,0,0,10680,187984,2818,47247,10684,235231,California
Orange,2021-01-30,12883,295305,4429,159306,8454,135999,0,0,12162,199440,707,47954,12163,247394,California
Orange,2021-01-31,13709,309014,4948,164254,8761,144760,0,0,13290,212316,416,48370,13292,260686,California
Orange,2021-02-01,13883,322897,5701,169955,8182,152942,0,0,11940,222335,1925,50295,11944,272630,California
Orange,2021-02-02,15309,338206,8335,178290,6974,159916,0,0,12598,232335,2601,52896,12601,285231,California
Orange,2021-02-03,16657,354863,12531,190821,4126,164042,0,0,13672,243102,2909,55805,13676,298907,California
Orange,2021-02-04,19658,374521,12825,203646,6833,170875,0,0,14614,252707,5013,60818,14618,313525,California
Orange,2021-02-05,20659,395180,11959,215605,8700,179575,0,0,14444,260975,6179,66997,14447,327972,California
Orange,2021-02-06,16282,411462,10768,226373,5514,185089,0,0,11051,267029,5216,72213,11270,339242,California
Orange,2021-02-07,11504,422966,8080,234453,3424,188513,0,0,7537,270782,3953,76166,7706,346948,California
Orange,2021-02-08,14761,437727,8474,242927,6287,194800,0,0,8818,273687,5915,82081,8820,355768,California
Orange,2021-02-09,17516,455243,11952,254879,5564,200364,0,0,10696,277639,6748,88829,10700,366468,California
Orange,2021-02-10,20823,476066,11117,265996,9706,210070,0,0,12668,282252,8062,96891,12675,379143,California
Orange,2021-02-11,21883,497949,11321,277317,10562,220632,0,0,12342,285215,9401,106292,12364,391507,California
Orange,2021-02-12,24663,522612,11880,289197,12783,233415,0,0,14599,289808,10014,116306,14607,406114,California
Orange,2021-02-13,21632,544244,11581,300778,10051,243466,0,0,11088,291202,10341,126647,11735,417849,California
Orange,2021-02-14,16131,560375,6565,307343,9566,253032,0,0,9528,294153,6580,133227,9531,427380,California
Orange,2021-02-15,17086,577461,7372,314715,9714,262746,0,0,8877,294869,8170,141397,8886,436266,California
Orange,2021-02-16,19860,597321,8944,323659,10916,273662,0,0,10748,296563,9078,150475,10772,447038,California
Orange,2021-02-17,17605,614926,9176,332835,8429,282091,0,0,9156,297341,8410,158885,9188,456226,California
Orange,2021-02-18,14604,629530,9589,342424,5015,287106,0,0,6782,296352,7781,166666,6792,463018,California
Orange,2021-02-19,17656,647186,10699,353123,6957,294063,0,0,6923,292594,10690,177356,6932,469950,California
Orange,2021-02-20,7181,654367,5386,358509,1795,295858,0,0,3566,292571,3599,180955,3576,473526,California
Orange,2021-02-21,4128,658495,3456,361965,672,296530,0,0,735,289939,3368,184323,736,474262,California
Orange,2021-02-22,9435,667930,7706,369671,1729,298259,0,0,3849,288246,5563,189886,3870,478132,California
Orange,2021-02-23,13087,681017,7110,376781,5977,304236,0,0,3576,282374,9462,199348,3590,481722,California
Orange,2021-02-24,20816,701833,12561,389342,8255,312491,0,0,5352,272337,15410,214758,5373,487095,California
Orange,2021-02-25,22349,724182,12053,401395,10296,322787,0,0,8015,266097,14279,229037,8039,495134,California
Orange,2021-02-26,27447,751629,13918,415313,13529,336316,0,0,11127,261029,16223,245260,11155,506289,California
Orange,2021-02-27,24827,776456,10042,425355,14783,351099,2,2,7268,250844,17472,262732,7287,513576,California
Orange,2021-02-28,18879,795335,7276,432631,11603,362702,0,2,4815,241698,13983,276715,4837,518413,California
Orange,2021-03-01,18121,813456,8281,440912,9838,372540,2,4,6994,237656,11071,287786,7029,525442,California
Orange,2021-03-02,14469,827925,7071,447983,7397,379937,1,5,8510,240272,5929,293715,8545,533987,California
Orange,2021-03-03,18653,846578,8822,456805,9830,389767,1,6,9598,240897,8995,302710,9620,543607,California
Orange,2021-03-04,19686,866264,11868,468673,7806,397573,12,18,10225,241727,9432,312142,10262,553869,California
Orange,2021-03-05,17588,883852,9455,478128,8089,405662,44,62,10823,245909,6741,318883,10923,564792,California
Orange,2021-03-06,18205,902057,10199,488327,7189,412851,817,879,9568,247711,8611,327494,10413,575205,California
Orange,2021-03-07,14084,916141,8061,496388,5657,418508,366,1245,8219,250484,5836,333330,8609,583814,California
Orange,2021-03-08,15525,931666,7171,503559,7183,425691,1171,2416,10056,256301,5439,338769,11256,595070,California
Orange,2021-03-09,19371,951037,8371,511930,8606,434297,2394,4810,11134,261645,8196,346965,13540,608610,California
Orange,2021-03-10,21249,972286,10508,522438,7789,442086,2952,7762,10714,264821,10497,357462,13673,622283,California
Orange,2021-03-11,27226,999512,14584,537022,8817,450903,3825,11587,12440,266500,14716,372178,16395,638678,California
Orange,2021-03-12,25017,1024529,12115,549137,9657,460560,3245,14832,12422,269645,12544,384722,15689,654367,California
Orange,2021-03-13,19512,1044041,7281,556418,9532,470092,2699,17531,9647,272173,9838,394560,12366,666733,California
Orange,2021-03-14,16332,1060373,7301,563719,6589,476681,2442,19973,10393,279114,5911,400471,12852,679585,California
Orange,2021-03-15,22648,1083021,9774,573493,12099,488780,775,20748,14302,285898,8307,408778,15091,694676,California
Orange,2021-03-16,26069,1109090,10883,584376,14930,503710,256,21004,16913,293994,9094,417872,17190,711866,California
Orange,2021-03-17,26506,1135596,13197,597573,12826,516536,483,21487,18882,305799,7578,425450,19383,731249,California
Orange,2021-03-18,22015,1157611,10926,608499,10933,527469,156,21643,17074,318146,4897,430347,17244,748493,California
Orange,2021-03-19,28223,1185834,15415,623914,12455,539924,353,21996,21003,332385,7141,437488,21380,769873,California
Orange,2021-03-20,20792,1206626,11043,634957,9587,549511,162,22158,18005,347817,2744,440232,18176,788049,California
Orange,2021-03-21,18093,1224719,10469,645426,6896,556407,728,22886,15411,361302,2661,442893,16146,804195,California
Orange,2021-03-22,22376,1247095,11559,656985,10503,566910,314,23200,18973,377260,3348,446241,19306,823501,California
Orange,2021-03-23,25613,1272708,13300,670285,11680,578590,633,23833,20609,393574,4943,451184,21257,844758,California
Orange,2021-03-24,28688,1301396,16020,686305,11801,590391,867,24700,21994,409818,6634,457818,22878,867636,California
Orange,2021-03-25,31306,1332702,16491,702796,14169,604560,646,25346,24035,427328,7211,465029,24721,892357,California
Orange,2021-03-26,34149,1366851,17669,720465,15640,620200,840,26186,24805,443854,9265,474294,25791,918148,California
Orange,2021-03-27,27919,1394770,13395,733860,14204,634404,320,26506,20058,456501,7796,482090,20443,938591,California
Orange,2021-03-28,24363,1419133,12646,746506,11651,646055,66,26572,18422,469124,5900,487990,18523,957114,California
Orange,2021-03-29,25950,1445083,11779,758285,13642,659697,529,27101,17736,479328,8153,496143,18357,975471,California
Orange,2021-03-30,29842,1474925,13640,771925,15872,675569,330,27431,21449,492875,8347,504490,21894,997365,California
Orange,2021-03-31,36105,1511030,18821,790746,16730,692299,554,27985,24361,506602,11683,516173,25410,1022775,California
Orange,2021-04-01,37968,1548998,19910,810656,16650,708949,1408,29393,25662,522147,12252,528425,27797,1050572,California
Orange,2021-04-02,37790,1586788,18784,829440,17485,726434,1521,30914,22688,532730,15035,543460,25618,1076190,California
Orange,2021-04-03,28735,1615523,14943,844383,12379,738813,1413,32327,15644,538945,13041,556501,19256,1095446,California
Orange,2021-04-04,16899,1632422,10146,854529,6206,745019,547,32874,7749,538447,9125,565626,8627,1104073,California
Orange,2021-04-05,16178,1648600,6379,860908,7979,752998,1820,34694,6809,537990,9343,574969,8886,1112959,California
Placer,2020-12-15,29,29,29,29,0,0,0,0,29,29,0,0,29,29,California
Placer,2020-12-16,52,81,52,81,0,0,0,0,52,81,0,0,52,81,California
Placer,2020-12-17,141,222,141,222,0,0,0,0,141,222,0,0,141,222,California
Placer,2020-12-18,331,553,331,553,0,0,0,0,331,553,0,0,331,553,California
Placer,2020-12-19,248,801,248,801,0,0,0,0,248,801,0,0,248,801,California
Placer,2020-12-20,233,1034,233,1034,0,0,0,0,233,1034,0,0,233,1034,California
Placer,2020-12-21,495,1529,494,1528,1,1,0,0,495,1529,0,0,495,1529,California
Placer,2020-12-22,676,2205,670,2198,6,7,0,0,676,2205,0,0,676,2205,California
Placer,2020-12-23,741,2946,656,2854,85,92,0,0,741,2946,0,0,741,2946,California
Placer,2020-12-24,396,3342,345,3199,51,143,0,0,396,3342,0,0,396,3342,California
Placer,2020-12-26,159,3501,114,3313,45,188,0,0,159,3501,0,0,159,3501,California
Placer,2020-12-27,187,3688,163,3476,24,212,0,0,187,3688,0,0,187,3688,California
Placer,2020-12-28,665,4353,539,4015,126,338,0,0,665,4353,0,0,665,4353,California
Placer,2020-12-29,763,5116,514,4529,249,587,0,0,763,5116,0,0,763,5116,California
Placer,2020-12-30,727,5843,450,4979,277,864,0,0,725,5841,0,0,725,5841,California
Placer,2020-12-31,530,6373,344,5323,186,1050,0,0,530,6371,0,0,530,6371,California
Placer,2021-01-01,14,6387,10,5333,4,1054,0,0,14,6385,0,0,14,6385,California
Placer,2021-01-02,184,6571,152,5485,32,1086,0,0,184,6569,0,0,184,6569,California
Placer,2021-01-03,154,6725,79,5564,75,1161,0,0,154,6723,0,0,154,6723,California
Placer,2021-01-04,615,7340,176,5740,439,1600,0,0,615,7338,0,0,615,7338,California
Placer,2021-01-05,717,8057,156,5896,561,2161,0,0,635,7892,81,81,635,7973,California
Placer,2021-01-06,754,8811,242,6138,512,2673,0,0,614,8366,140,221,614,8587,California
Placer,2021-01-07,980,9791,364,6502,616,3289,0,0,777,8942,203,424,779,9366,California
Placer,2021-01-08,1181,10972,526,7028,655,3944,0,0,854,9472,324,748,854,10220,California
Placer,2021-01-09,446,11418,318,7346,128,4072,0,0,231,9489,214,962,231,10451,California
Placer,2021-01-10,326,11744,184,7530,142,4214,0,0,162,9487,164,1126,162,10613,California
Placer,2021-01-11,1424,13168,808,8338,616,4830,0,0,834,9732,590,1716,835,11448,California
Placer,2021-01-12,1639,14807,868,9206,771,5601,0,0,1034,10162,605,2321,1035,12483,California
Placer,2021-01-13,1625,16432,818,10024,807,6408,0,0,1209,10960,414,2735,1212,13695,California
Placer,2021-01-14,1735,18167,650,10674,1085,7493,0,0,1379,11987,353,3088,1380,15075,California
Placer,2021-01-15,1905,20072,721,11395,1184,8677,0,0,1552,13191,352,3440,1556,16631,California
Placer,2021-01-16,1472,21544,722,12117,750,9427,0,0,1350,14420,122,3562,1351,17982,California
Placer,2021-01-17,561,22105,395,12512,166,9593,0,0,429,14717,132,3694,429,18411,California
Placer,2021-01-18,977,23082,540,13052,437,10030,0,0,748,15237,229,3923,749,19160,California
Placer,2021-01-19,2556,25638,1949,15001,607,10637,0,0,2106,16894,450,4373,2107,21267,California
Placer,2021-01-20,2241,27879,1690,16691,551,11188,0,0,1913,18480,328,4701,1914,23181,California
Placer,2021-01-21,2524,30403,1112,17803,1412,12600,0,0,2129,20216,394,5095,2130,25311,California
Placer,2021-01-22,2270,32673,588,18391,1682,14282,0,0,2094,22139,174,5269,2097,27408,California
Placer,2021-01-23,1187,33860,379,18770,808,15090,0,0,1032,23016,155,5424,1032,28440,California
Placer,2021-01-24,507,34367,266,19036,241,15331,0,0,432,23374,75,5499,433,28873,California
Placer,2021-01-25,1647,36014,797,19833,850,16181,0,0,1366,24460,281,5780,1367,30240,California
Placer,2021-01-26,1827,37841,1025,20858,802,16983,0,0,1563,25759,264,6044,1563,31803,California
Placer,2021-01-27,1814,39655,1158,22016,656,17639,0,0,1573,27093,239,6283,1573,33376,California
Placer,2021-01-28,1775,41430,1108,23124,667,18306,0,0,1533,28384,242,6525,1533,34909,California
Placer,2021-01-29,1841,43271,1156,24280,685,18991,0,0,1653,29852,187,6712,1655,36564,California
Placer,2021-01-30,1719,44990,968,25248,751,19742,0,0,1602,31338,116,6828,1602,38166,California
Placer,2021-01-31,780,45770,623,25871,157,19899,0,0,709,31978,70,6898,710,38876,California
Placer,2021-02-01,2059,47829,1088,26959,971,20870,0,0,1750,33421,307,7205,1750,40626,California
Placer,2021-02-02,2364,50193,1542,28501,822,21692,0,0,1884,34827,478,7683,1884,42510,California
Placer,2021-02-03,2900,53093,1870,30371,1030,22722,0,0,2287,36505,609,8292,2287,44797,California
Placer,2021-02-04,2749,55842,1176,31547,1573,24295,0,0,1930,37619,817,9109,1931,46728,California
Placer,2021-02-05,2720,58562,1204,32751,1516,25811,0,0,1391,37687,1323,10432,1391,48119,California
Placer,2021-02-06,1928,60490,1293,34044,635,26446,0,0,1382,38523,546,10978,1382,49501,California
Placer,2021-02-07,1217,61707,908,34952,309,26755,0,0,939,39186,277,11255,940,50441,California
Placer,2021-02-08,3295,65002,1764,36716,1531,28286,0,0,1973,39845,1314,12569,1973,52414,California
Placer,2021-02-09,3529,68531,2164,38880,1365,29651,0,0,1622,39561,1906,14475,1622,54036,California
Placer,2021-02-10,3733,72264,2183,41063,1550,31201,0,0,1745,39323,1985,16460,1747,55783,California
Placer,2021-02-11,3612,75876,1890,42953,1722,32923,0,0,1576,38872,2028,18488,1577,57360,California
Placer,2021-02-12,2751,78627,1313,44266,1438,34361,0,0,1664,39465,1071,19559,1664,59024,California
Placer,2021-02-13,2536,81163,1496,45762,1040,35401,0,0,1883,40695,653,20212,1883,60907,California
Placer,2021-02-14,1072,82235,679,46441,393,35794,0,0,731,41088,338,20550,731,61638,California
Placer,2021-02-15,2156,84391,1036,47477,1120,36914,0,0,1503,41939,653,21203,1504,63142,California
Placer,2021-02-16,3522,87913,1789,49266,1733,38647,0,0,1583,41596,1928,23131,1585,64727,California
Placer,2021-02-17,3449,91362,1958,51224,1491,40138,0,0,1454,41059,1991,25122,1454,66181,California
Placer,2021-02-18,3598,94960,1952,53176,1646,41784,0,0,1504,40478,2085,27207,1504,67685,California
Placer,2021-02-19,3525,98485,1892,55068,1633,43417,0,0,1309,39575,2213,29420,1310,68995,California
Placer,2021-02-20,1945,100430,1212,56280,733,44150,0,0,861,39360,1079,30499,864,69859,California
Placer,2021-02-21,949,101379,726,57006,223,44373,0,0,260,38935,686,31185,261,70120,California
Placer,2021-02-22,2477,103856,1751,58757,726,45099,0,0,588,37636,1887,33072,588,70708,California
Placer,2021-02-23,2497,106353,1552,60309,945,46044,0,0,868,36878,1626,34698,868,71576,California
Placer,2021-02-24,3186,109539,1152,61461,2034,48078,0,0,1753,37208,1425,36123,1755,73331,California
Placer,2021-02-25,3384,112923,1388,62849,1996,50074,0,0,1779,37393,1599,37722,1784,75115,California
Placer,2021-02-26,4006,116929,2369,65218,1637,51711,0,0,2308,38009,1693,39415,2309,77424,California
Placer,2021-02-27,2781,119710,1467,66685,1314,53025,0,0,1440,38115,1335,40750,1441,78865,California
Placer,2021-02-28,1380,121090,792,67477,588,53613,0,0,573,37887,801,41551,573,79438,California
Placer,2021-03-01,2941,124031,1975,69452,966,54579,0,0,1500,37952,1436,42987,1501,80939,California
Placer,2021-03-02,2796,126827,1754,71206,1042,55621,0,0,1837,38840,953,43940,1841,82780,California
Placer,2021-03-03,2975,129802,1291,72497,1684,57305,0,0,1576,39022,1394,45334,1576,84356,California
Placer,2021-03-04,3162,132964,1202,73699,1960,59265,0,0,1620,39111,1531,46865,1620,85976,California
Placer,2021-03-05,2573,135537,803,74502,1749,61014,21,21,1493,39549,1077,47942,1515,87491,California
Placer,2021-03-06,2223,137760,1392,75894,760,61774,71,92,793,38990,1425,49367,866,88357,California
Placer,2021-03-07,1261,139021,746,76640,481,62255,34,126,503,38772,755,50122,537,88894,California
Placer,2021-03-08,2703,141724,1720,78360,880,63135,103,229,1496,39167,1205,51327,1600,90494,California
Placer,2021-03-09,3002,144726,1603,79963,1306,64441,93,322,1676,39614,1323,52650,1770,92264,California
Placer,2021-03-10,3006,147732,1221,81184,1704,66145,81,403,1496,39685,1505,54155,1576,93840,California
Placer,2021-03-11,3289,151021,1465,82649,1706,67851,118,521,1518,39559,1765,55920,1639,95479,California
Placer,2021-03-12,3253,154274,1372,84021,1172,69023,709,1230,1052,39125,2197,58117,1763,97242,California
Placer,2021-03-13,1886,156160,701,84722,1075,70098,110,1340,1053,39459,830,58947,1164,98406,California
Placer,2021-03-14,1474,157634,661,85383,683,70781,130,1470,838,39792,634,59581,967,99373,California
Placer,2021-03-15,3023,160657,1454,86837,1441,72222,128,1598,1631,40170,1383,60964,1761,101134,California
Placer,2021-03-16,3405,164062,1808,88645,1461,73683,136,1734,2152,41215,1243,62207,2288,103422,California
Placer,2021-03-17,3182,167244,1604,90249,1485,75168,93,1827,2027,42186,1151,63358,2122,105544,California
Placer,2021-03-18,3046,170290,1677,91926,1334,76502,35,1862,2182,43542,861,64219,2217,107761,California
Placer,2021-03-19,2776,173066,1694,93620,861,77363,221,2083,1710,44413,1060,65279,1931,109692,California
Placer,2021-03-20,1444,174510,642,94262,746,78109,56,2139,858,44744,584,65863,915,110607,California
Placer,2021-03-21,1206,175716,576,94838,623,78732,7,2146,918,45383,286,66149,925,111532,California
Placer,2021-03-22,3127,178843,1994,96832,1033,79765,100,2246,2060,46486,1063,67212,2166,113698,California
Placer,2021-03-23,3339,182182,1972,98804,1280,81045,87,2333,2364,47967,970,68182,2451,116149,California
Placer,2021-03-24,3615,185797,1923,100727,1594,82639,98,2431,1856,48215,1746,69928,1994,118143,California
Placer,2021-03-25,3659,189456,1750,102477,1817,84456,92,2523,1653,48042,1995,71923,1822,119965,California
Placer,2021-03-26,3641,193097,1626,104103,1795,86251,220,2743,1546,47849,2086,74009,1893,121858,California
Placer,2021-03-27,1579,194676,466,104569,1092,87343,21,2764,667,47651,908,74917,710,122568,California
Placer,2021-03-28,1049,195725,490,105059,548,87891,11,2775,361,47338,685,75602,372,122940,California
Placer,2021-03-29,3311,199036,1840,106899,1439,89330,32,2807,1584,47252,1714,77316,1628,124568,California
Placer,2021-03-30,3758,202794,1964,108863,1748,91078,46,2853,1966,47503,1780,79096,2031,126599,California
Placer,2021-03-31,3866,206660,1752,110615,2039,93117,75,2928,1628,47101,2233,81329,1831,128430,California
Placer,2021-04-01,2681,209341,1301,111916,1331,94448,49,2977,1480,47558,1198,82527,1655,130085,California
Placer,2021-04-02,2634,211975,1402,113318,1169,95617,63,3040,1493,48104,1136,83663,1682,131767,California
Placer,2021-04-03,1716,213691,864,114182,716,96333,136,3176,792,48148,915,84578,959,132726,California
Placer,2021-04-04,608,214299,285,114467,273,96606,50,3226,213,48025,392,84970,269,132995,California
Placer,2021-04-05,1928,216227,1353,115820,470,97076,105,3331,1050,48318,873,85843,1166,134161,California
Plumas,2020-12-18,4,4,4,4,0,0,0,0,4,4,0,0,4,4,California
Plumas,2020-12-19,1,5,1,5,0,0,0,0,1,5,0,0,1,5,California
Plumas,2020-12-21,45,50,45,50,0,0,0,0,45,50,0,0,45,50,California
Plumas,2020-12-22,92,142,92,142,0,0,0,0,92,142,0,0,92,142,California
Plumas,2020-12-23,50,192,50,192,0,0,0,0,50,192,0,0,50,192,California
Plumas,2020-12-24,6,198,6,198,0,0,0,0,6,198,0,0,6,198,California
Plumas,2020-12-28,8,206,0,198,8,8,0,0,8,206,0,0,8,206,California
Plumas,2020-12-29,32,238,22,220,10,18,0,0,32,238,0,0,32,238,California
Plumas,2020-12-30,22,260,1,221,21,39,0,0,22,260,0,0,22,260,California
Plumas,2020-12-31,4,264,1,222,3,42,0,0,4,264,0,0,4,264,California
Plumas,2021-01-04,9,273,3,225,6,48,0,0,9,273,0,0,9,273,California
Plumas,2021-01-05,23,296,2,227,21,69,0,0,22,295,0,0,22,295,California
Plumas,2021-01-06,125,421,6,233,119,188,0,0,125,420,0,0,125,420,California
Plumas,2021-01-07,55,476,2,235,53,241,0,0,54,473,1,1,54,474,California
Plumas,2021-01-08,12,488,5,240,7,248,0,0,8,477,4,5,8,482,California
Plumas,2021-01-09,2,490,2,242,0,248,0,0,1,477,1,6,1,483,California
Plumas,2021-01-11,59,549,50,292,9,257,0,0,12,442,47,53,12,495,California
Plumas,2021-01-12,154,703,86,378,68,325,0,0,70,428,84,137,70,565,California
Plumas,2021-01-13,55,758,50,428,5,330,0,0,9,391,46,183,9,574,California
Plumas,2021-01-14,96,854,14,442,82,412,0,0,91,477,5,188,91,665,California
Plumas,2021-01-15,62,916,7,449,55,467,0,0,60,535,2,190,60,725,California
Plumas,2021-01-16,58,974,1,450,57,524,0,0,58,593,0,190,58,783,California
Plumas,2021-01-18,3,977,2,452,1,525,0,0,3,596,0,190,3,786,California
Plumas,2021-01-19,37,1014,6,458,31,556,0,0,33,625,4,194,33,819,California
Plumas,2021-01-20,121,1135,3,461,118,674,0,0,119,742,2,196,119,938,California
Plumas,2021-01-21,112,1247,2,463,110,784,0,0,112,854,0,196,112,1050,California
Plumas,2021-01-22,3,1250,0,463,3,787,0,0,3,857,0,196,3,1053,California
Plumas,2021-01-23,92,1342,1,464,91,878,0,0,92,949,0,196,92,1145,California
Plumas,2021-01-24,1,1343,1,465,0,878,0,0,1,950,0,196,1,1146,California
Plumas,2021-01-25,8,1351,5,470,3,881,0,0,5,952,3,199,5,1151,California
Plumas,2021-01-26,60,1411,2,472,58,939,0,0,52,996,8,207,52,1203,California
Plumas,2021-01-27,25,1436,20,492,5,944,0,0,5,981,20,227,5,1208,California
Plumas,2021-01-28,23,1459,0,492,23,967,0,0,21,1000,2,229,21,1229,California
Plumas,2021-01-29,7,1466,2,494,5,972,0,0,6,1005,1,230,6,1235,California
Plumas,2021-01-30,7,1473,4,498,3,975,0,0,6,1010,1,231,6,1241,California
Plumas,2021-01-31,3,1476,3,501,0,975,0,0,3,1013,0,231,3,1244,California
Plumas,2021-02-01,15,1491,2,503,13,988,0,0,7,1012,8,239,7,1251,California
Plumas,2021-02-02,20,1511,1,504,19,1007,0,0,1,994,19,258,1,1252,California
Plumas,2021-02-03,126,1637,5,509,121,1128,0,0,12,893,113,371,12,1264,California
Plumas,2021-02-04,102,1739,8,517,94,1222,0,0,23,837,79,450,23,1287,California
Plumas,2021-02-05,25,1764,11,528,14,1236,0,0,9,830,16,466,9,1296,California
Plumas,2021-02-06,8,1772,1,529,7,1243,0,0,8,838,0,466,8,1304,California
Plumas,2021-02-08,17,1789,9,538,8,1251,0,0,4,829,13,479,4,1308,California
Plumas,2021-02-09,170,1959,1,539,169,1420,0,0,111,881,59,538,111,1419,California
Plumas,2021-02-10,91,2050,8,547,83,1503,0,0,83,956,8,546,83,1502,California
Plumas,2021-02-11,321,2371,6,553,315,1818,0,0,262,1159,59,605,262,1764,California
Plumas,2021-02-12,121,2492,3,556,118,1936,0,0,117,1272,4,609,117,1881,California
Plumas,2021-02-13,72,2564,3,559,69,2005,0,0,13,1226,59,668,13,1894,California
Plumas,2021-02-14,7,2571,4,563,3,2008,0,0,7,1233,0,668,7,1901,California
Plumas,2021-02-15,25,2596,3,566,22,2030,0,0,24,1256,1,669,24,1925,California
Plumas,2021-02-16,74,2670,4,570,70,2100,0,0,13,1208,61,730,13,1938,California
Plumas,2021-02-17,136,2806,5,575,131,2231,0,0,11,1094,125,855,11,1949,California
Plumas,2021-02-18,126,2932,6,581,120,2351,0,0,18,1004,108,963,18,1967,California
Plumas,2021-02-19,39,2971,3,584,36,2387,0,0,5,975,34,997,5,1972,California
Plumas,2021-02-20,103,3074,6,590,97,2484,0,0,11,894,92,1089,11,1983,California
Plumas,2021-02-21,6,3080,5,595,1,2485,0,0,2,892,4,1093,2,1985,California
Plumas,2021-02-22,3,3083,1,596,2,2487,0,0,0,889,3,1096,0,1985,California
Plumas,2021-02-23,20,3103,3,599,17,2504,0,0,13,895,7,1103,13,1998,California
Plumas,2021-02-24,453,3556,5,604,448,2952,0,0,443,1328,10,1113,443,2441,California
Plumas,2021-02-25,226,3782,7,611,219,3171,0,0,166,1434,60,1173,166,2607,California
Plumas,2021-02-26,259,4041,5,616,254,3425,0,0,255,1685,4,1177,255,2862,California
Plumas,2021-02-27,42,4083,6,622,36,3461,0,0,34,1711,8,1185,34,2896,California
Plumas,2021-02-28,1,4084,0,622,1,3462,0,0,1,1712,0,1185,1,2897,California
Plumas,2021-03-01,11,4095,4,626,7,3469,0,0,7,1715,4,1189,7,2904,California
Plumas,2021-03-02,9,4104,0,626,9,3478,0,0,6,1718,3,1192,6,2910,California
Plumas,2021-03-03,137,4241,8,634,129,3607,0,0,124,1829,13,1205,124,3034,California
Plumas,2021-03-04,219,4460,8,642,211,3818,0,0,199,2008,20,1225,199,3233,California
Plumas,2021-03-05,375,4835,5,647,364,4182,6,6,365,2369,10,1235,371,3604,California
Plumas,2021-03-06,16,4851,1,648,7,4189,8,14,3,2367,13,1248,11,3615,California
Plumas,2021-03-07,10,4861,1,649,1,4190,8,22,1,2367,9,1257,9,3624,California
Plumas,2021-03-08,33,4894,6,655,3,4193,24,46,6,2370,27,1284,30,3654,California
Plumas,2021-03-09,130,5024,2,657,115,4308,13,59,17,2287,113,1397,30,3684,California
Plumas,2021-03-10,199,5223,2,659,195,4503,2,61,75,2240,124,1521,77,3761,California
Plumas,2021-03-11,157,5380,5,664,147,4650,5,66,122,2332,35,1556,127,3888,California
Plumas,2021-03-12,526,5906,3,667,276,4926,247,313,17,2087,509,2065,264,4152,California
Plumas,2021-03-13,21,5927,5,672,4,4930,12,325,3,2085,18,2083,16,4168,California
Plumas,2021-03-14,11,5938,2,674,4,4934,5,330,2,2083,9,2092,7,4175,California
Plumas,2021-03-15,30,5968,1,675,23,4957,6,336,5,2069,25,2117,11,4186,California
Plumas,2021-03-16,28,5996,3,678,24,4981,1,337,18,2078,10,2127,19,4205,California
Plumas,2021-03-17,80,6076,13,691,66,5047,1,338,67,2133,13,2140,68,4273,California
Plumas,2021-03-18,50,6126,5,696,30,5077,15,353,7,2112,43,2183,22,4295,California
Plumas,2021-03-19,126,6252,1,697,124,5201,1,354,120,2229,5,2188,122,4417,California
Plumas,2021-03-20,16,6268,4,701,11,5212,1,355,10,2234,6,2194,11,4428,California
Plumas,2021-03-21,2,6270,2,703,0,5212,0,355,2,2236,0,2194,2,4430,California
Plumas,2021-03-22,160,6430,4,707,156,5368,0,355,153,2382,7,2201,153,4583,California
Plumas,2021-03-23,25,6455,1,708,24,5392,0,355,13,2383,12,2213,13,4596,California
Plumas,2021-03-24,608,7063,7,715,600,5992,1,356,181,2138,427,2640,182,4778,California
Plumas,2021-03-25,187,7250,6,721,179,6171,2,358,48,2047,139,2779,48,4826,California
Plumas,2021-03-26,313,7563,9,730,303,6474,1,359,47,1830,266,3045,49,4875,California
Plumas,2021-03-27,12,7575,1,731,10,6484,1,360,4,1827,8,3053,5,4880,California
Plumas,2021-03-28,3,7578,1,732,1,6485,1,361,1,1827,2,3055,2,4882,California
Plumas,2021-03-29,16,7594,5,737,9,6494,2,363,4,1821,12,3067,6,4888,California
Plumas,2021-03-30,148,7742,4,741,143,6637,1,364,23,1729,125,3192,33,4921,California
Plumas,2021-03-31,276,8018,5,746,270,6907,1,365,256,1966,20,3212,257,5178,California
Plumas,2021-04-01,284,8302,9,755,275,7182,0,365,57,1822,227,3439,83,5261,California
Plumas,2021-04-02,237,8539,5,760,231,7413,1,366,27,1653,203,3642,34,5295,California
Plumas,2021-04-03,18,8557,2,762,8,7421,8,374,5,1653,13,3655,13,5308,California
Plumas,2021-04-04,2,8559,1,763,0,7421,1,375,0,1652,2,3657,1,5309,California
Plumas,2021-04-05,10,8569,0,763,10,7431,0,375,4,1650,6,3663,4,5313,California
Riverside,2020-12-15,4,4,4,4,0,0,0,0,4,4,0,0,4,4,California
Riverside,2020-12-16,65,69,65,69,0,0,0,0,65,69,0,0,65,69,California
Riverside,2020-12-17,804,873,804,873,0,0,0,0,804,873,0,0,804,873,California
Riverside,2020-12-18,1723,2596,1721,2594,2,2,0,0,1723,2596,0,0,1723,2596,California
Riverside,2020-12-19,1021,3617,1019,3613,2,4,0,0,1019,3614,1,1,1019,3615,California
Riverside,2020-12-20,1082,4699,1081,4694,1,5,0,0,1082,4696,0,1,1082,4697,California
Riverside,2020-12-21,2271,6970,2269,6963,2,7,0,0,2271,6967,0,1,2271,6968,California
Riverside,2020-12-22,2245,9215,2206,9169,39,46,0,0,2244,9211,0,1,2244,9212,California
Riverside,2020-12-23,2119,11334,1783,10952,336,382,0,0,2120,11331,0,1,2120,11332,California
Riverside,2020-12-24,827,12161,624,11576,203,585,0,0,827,12158,0,1,827,12159,California
Riverside,2020-12-25,28,12189,5,11581,23,608,0,0,28,12186,0,1,28,12187,California
Riverside,2020-12-26,402,12591,258,11839,144,752,0,0,402,12588,0,1,402,12589,California
Riverside,2020-12-27,362,12953,244,12083,118,870,0,0,362,12950,0,1,362,12951,California
Riverside,2020-12-28,1622,14575,1125,13208,497,1367,0,0,1622,14572,0,1,1622,14573,California
Riverside,2020-12-29,1735,16310,970,14178,765,2132,0,0,1735,16307,0,1,1735,16308,California
Riverside,2020-12-30,2563,18873,1678,15856,885,3017,0,0,2562,18869,0,1,2562,18870,California
Riverside,2020-12-31,1019,19892,395,16251,624,3641,0,0,1021,19890,0,1,1021,19891,California
Riverside,2021-01-01,100,19992,35,16286,65,3706,0,0,100,19990,0,1,100,19991,California
Riverside,2021-01-02,826,20818,690,16976,136,3842,0,0,826,20816,0,1,826,20817,California
Riverside,2021-01-03,344,21162,298,17274,46,3888,0,0,343,21159,0,1,343,21160,California
Riverside,2021-01-04,1254,22416,793,18067,461,4349,0,0,1254,22413,0,1,1254,22414,California
Riverside,2021-01-05,1980,24396,1361,19428,619,4968,0,0,1883,24205,91,92,1883,24297,California
Riverside,2021-01-06,2460,26856,1096,20524,1364,6332,0,0,2154,26058,302,394,2155,26452,California
Riverside,2021-01-07,2753,29609,1810,22334,943,7275,0,0,1693,26701,1056,1450,1699,28151,California
Riverside,2021-01-08,4022,33631,2926,25260,1096,8371,0,0,2220,27124,1798,3248,2221,30372,California
Riverside,2021-01-09,2076,35707,847,26107,1229,9600,0,0,1731,28512,343,3591,1731,32103,California
Riverside,2021-01-10,1660,37367,732,26839,928,10528,0,0,1057,28966,603,4194,1057,33160,California
Riverside,2021-01-11,4494,41861,3090,29929,1404,11932,0,0,2768,30012,1724,5918,2770,35930,California
Riverside,2021-01-12,3390,45251,2717,32646,673,12605,0,0,1707,30042,1678,7596,1708,37638,California
Riverside,2021-01-13,4378,49629,2867,35513,1511,14116,0,0,2780,31227,1595,9191,2780,40418,California
Riverside,2021-01-14,5432,55061,1857,37370,3575,17691,0,0,4848,35491,584,9775,4848,45266,California
Riverside,2021-01-15,6126,61187,2092,39462,4034,21725,0,0,5837,41041,288,10063,5838,51104,California
Riverside,2021-01-16,3617,64804,1015,40477,2602,24327,0,0,3371,44167,246,10309,3372,54476,California
Riverside,2021-01-17,3600,68404,579,41056,3021,27348,0,0,3405,47378,194,10503,3405,57881,California
Riverside,2021-01-18,3702,72106,2004,43060,1698,29046,0,0,2698,49072,1004,11507,2698,60579,California
Riverside,2021-01-19,7384,79490,2633,45693,4751,33797,0,0,6268,54227,1116,12623,6271,66850,California
Riverside,2021-01-20,7946,87436,2861,48554,5085,38882,0,0,6468,59229,1469,14092,6471,73321,California
Riverside,2021-01-21,8203,95639,3363,51917,4840,43722,0,0,7589,66202,616,14708,7589,80910,California
Riverside,2021-01-22,8674,104313,2964,54881,5710,49432,0,0,8244,74018,429,15137,8245,89155,California
Riverside,2021-01-23,5927,110240,2394,57275,3533,52965,0,0,5201,78494,726,15863,5202,94357,California
Riverside,2021-01-24,3039,113279,1431,58706,1608,54573,0,0,2828,81114,209,16072,2829,97186,California
Riverside,2021-01-25,7857,121136,4534,63240,3323,57896,0,0,6734,86734,1121,17193,6741,103927,California
Riverside,2021-01-26,9072,130208,5721,68961,3351,61247,0,0,7565,92800,1505,18698,7571,111498,California
Riverside,2021-01-27,10500,140708,6182,75143,4318,65565,0,0,8998,100301,1499,20197,9000,120498,California
Riverside,2021-01-28,11384,152092,6709,81852,4675,70240,0,0,10233,109393,1143,21340,10235,130733,California
Riverside,2021-01-29,11837,163929,7227,89079,4610,74850,0,0,10471,118530,1339,22679,10476,141209,California
Riverside,2021-01-30,9031,172960,4600,93679,4431,79281,0,0,8583,126669,446,23125,8585,149794,California
Riverside,2021-01-31,5165,178125,4263,97942,902,80183,0,0,5037,131584,125,23250,5040,154834,California
Riverside,2021-02-01,10818,188943,6686,104628,4132,84315,0,0,9049,138873,1764,25014,9053,163887,California
Riverside,2021-02-02,9397,198340,4776,109404,4621,88936,0,0,7923,145332,1467,26481,7926,171813,California
Riverside,2021-02-03,12022,210362,4988,114392,7034,95970,0,0,9797,152915,2214,28695,9797,181610,California
Riverside,2021-02-04,13548,223910,6069,120461,7479,103449,0,0,11462,162307,2079,30774,11471,193081,California
Riverside,2021-02-05,14316,238226,5400,125861,8916,112365,0,0,11288,170581,3021,33795,11295,204376,California
Riverside,2021-02-06,7256,245482,4282,130143,2974,115339,0,0,5628,174590,1622,35417,5631,210007,California
Riverside,2021-02-07,2204,247686,812,130955,1392,116731,0,0,1893,176173,311,35728,1894,211901,California
Riverside,2021-02-08,12468,260154,5536,136491,6932,123663,0,0,10193,184113,2257,37985,10197,222098,California
Riverside,2021-02-09,9653,269807,4518,141009,5135,128798,0,0,7745,189965,1899,39884,7751,229849,California
Riverside,2021-02-10,12033,281840,7000,148009,5033,133831,0,0,8934,195817,3090,42974,8942,238791,California
Riverside,2021-02-11,16494,298334,9026,157035,7468,141299,0,0,12148,203652,4326,47300,12161,250952,California
Riverside,2021-02-12,17649,315983,10820,167855,6829,148128,0,0,12813,211679,4798,52098,12825,263777,California
Riverside,2021-02-13,6316,322299,2118,169973,4198,152326,0,0,3080,211562,3220,55318,3103,266880,California
Riverside,2021-02-14,4948,327247,1147,171120,3801,156127,0,0,2194,211007,2750,58068,2195,269075,California
Riverside,2021-02-15,9795,337042,4986,176106,4809,160936,0,0,5401,212028,4387,62455,5408,274483,California
Riverside,2021-02-16,16149,353191,10162,186268,5987,166923,0,0,9307,214518,6834,69289,9324,283807,California
Riverside,2021-02-17,14971,368162,8181,194449,6790,173713,0,0,7551,214668,7408,76697,7558,291365,California
Riverside,2021-02-18,15404,383566,8880,203329,6524,180237,0,0,8001,215295,7385,84082,8012,299377,California
Riverside,2021-02-19,15202,398768,8178,211507,7024,187261,0,0,7185,214496,7998,92080,7199,306576,California
Riverside,2021-02-20,7921,406689,4131,215638,3790,191051,0,0,2056,210704,5851,97931,2059,308635,California
Riverside,2021-02-21,3322,410011,2818,218456,504,191555,0,0,1030,209452,2282,100213,1030,309665,California
Riverside,2021-02-22,12202,422213,7620,226076,4582,196137,0,0,5046,207357,7146,107359,5051,314716,California
Riverside,2021-02-23,11061,433274,7551,233627,3510,199647,0,0,5435,207196,5603,112962,5442,320158,California
Riverside,2021-02-24,14712,447986,8046,241673,6666,206313,0,0,6409,205376,8263,121225,6443,326601,California
Riverside,2021-02-25,17087,465073,7291,248964,9796,216109,0,0,7956,204257,9111,130336,7992,334593,California
Riverside,2021-02-26,18178,483251,6682,255646,11496,227605,0,0,9071,204310,9054,139390,9107,343700,California
Riverside,2021-02-27,11274,494525,4899,260545,6375,233980,0,0,5648,204398,5593,144983,5681,349381,California
Riverside,2021-02-28,4630,499155,3005,263550,1625,235605,0,0,2417,204621,2203,147186,2426,351807,California
Riverside,2021-03-01,14120,513275,6030,269580,8089,243694,1,1,8330,207262,5762,152948,8403,360210,California
Riverside,2021-03-02,14704,527979,7221,276801,7482,251176,1,2,8715,210057,5960,158908,8755,368965,California
Riverside,2021-03-03,16129,544108,7896,284697,8233,259409,0,2,6781,207669,9303,168211,6915,375880,California
Riverside,2021-03-04,15214,559322,5603,290300,9607,269016,4,6,7376,207396,7795,176006,7522,383402,California
Riverside,2021-03-05,14995,574317,6218,296518,8743,277759,34,40,7685,208128,7265,183271,7997,391399,California
Riverside,2021-03-06,8270,582587,4201,300719,3636,281395,433,473,4299,208932,3958,187229,4762,396161,California
Riverside,2021-03-07,3929,586516,2637,303356,920,282315,372,845,1864,209122,2057,189286,2247,398408,California
Riverside,2021-03-08,9833,596349,4467,307823,5001,287316,365,1210,4114,207935,5705,194991,4518,402926,California
Riverside,2021-03-09,12579,608928,5914,313737,6217,293533,448,1658,5030,205994,7534,202525,5593,408519,California
Riverside,2021-03-10,12642,621570,6386,320123,5466,298999,790,2448,5008,204322,7602,210127,5930,414449,California
Riverside,2021-03-11,16133,637703,7950,328073,6721,305720,1462,3910,6289,202434,9814,219941,7926,422375,California
Riverside,2021-03-12,17490,655193,6665,334738,6823,312543,4002,7912,5739,200708,11727,231668,10001,432376,California
Riverside,2021-03-13,6756,661949,1942,336680,3739,316282,1075,8987,3589,202304,3154,234822,4750,437126,California
Riverside,2021-03-14,3656,665605,1246,337926,1166,317448,1244,10231,1620,203138,2029,236851,2863,439989,California
Riverside,2021-03-15,17934,683539,7603,345529,8719,326167,1612,11843,8623,204188,9278,246129,10328,450317,California
Riverside,2021-03-16,20245,703784,9702,355231,9706,335873,837,12680,10809,206524,9384,255513,11720,462037,California
Riverside,2021-03-17,20025,723809,10378,365609,8629,344502,1018,13698,11718,211046,8277,263790,12799,474836,California
Riverside,2021-03-18,18439,742248,9658,375267,7287,351789,1494,15192,9906,213964,8495,272285,11413,486249,California
Riverside,2021-03-19,20093,762341,10908,386175,8286,360075,899,16091,11655,218279,8397,280682,12712,498961,California
Riverside,2021-03-20,7945,770286,4878,391053,2095,362170,972,17063,4998,221325,2927,283609,5973,504934,California
Riverside,2021-03-21,3498,773784,2729,393782,535,362705,234,17297,2377,222830,1111,284720,2616,507550,California
Riverside,2021-03-22,16133,789917,9608,403390,5987,368692,538,17835,10194,227666,5902,290622,10738,518288,California
Riverside,2021-03-23,17972,807889,10116,413506,7450,376142,406,18241,11525,233239,6392,297014,11965,530253,California
Riverside,2021-03-24,18094,825983,10064,423570,7900,384042,130,18371,12479,240295,5577,302591,12633,542886,California
Riverside,2021-03-25,20433,846416,11250,434820,9001,393043,182,18553,13774,247780,6602,309193,14087,556973,California
Riverside,2021-03-26,23358,869774,11454,446274,11726,404769,178,18731,14513,253853,8762,317955,14835,571808,California
Riverside,2021-03-27,8792,878566,4495,450769,3273,408042,1024,19755,4416,254989,4359,322314,5495,577303,California
Riverside,2021-03-28,4627,883193,3024,453793,1514,409556,89,19844,2776,256044,1843,324157,2898,580201,California
Riverside,2021-03-29,14998,898191,7480,461273,7401,416957,117,19961,9563,260418,5405,329562,9779,589980,California
Riverside,2021-03-30,16309,914500,7941,469214,8163,425120,205,20166,10577,265560,5699,335261,10841,600821,California
Riverside,2021-03-31,17317,931817,8049,477263,8981,434101,287,20453,11255,271202,6019,341280,11661,612482,California
Riverside,2021-04-01,23894,955711,11605,488868,11642,445743,647,21100,15864,280014,7986,349266,16798,629280,California
Riverside,2021-04-02,24278,979989,12925,501793,10477,456220,876,21976,15422,288464,8808,358074,17258,646538,California
Riverside,2021-04-03,8634,988623,5442,507235,2677,458897,515,22491,5697,292026,2923,360997,6485,653023,California
Riverside,2021-04-04,3022,991645,1784,509019,1053,459950,185,22676,1709,292655,1304,362301,1933,654956,California
Riverside,2021-04-05,11659,1003304,5957,514976,5136,465086,566,23242,7249,296167,4399,366700,7911,662867,California
Sacramento,2020-12-15,314,314,314,314,0,0,0,0,314,314,0,0,314,314,California
Sacramento,2020-12-16,645,959,645,959,0,0,0,0,645,959,0,0,645,959,California
Sacramento,2020-12-17,648,1607,648,1607,0,0,0,0,648,1607,0,0,648,1607,California
Sacramento,2020-12-18,971,2578,968,2575,3,3,0,0,971,2578,0,0,971,2578,California
Sacramento,2020-12-19,615,3193,615,3190,0,3,0,0,615,3193,0,0,615,3193,California
Sacramento,2020-12-20,633,3826,633,3823,0,3,0,0,633,3826,0,0,633,3826,California
Sacramento,2020-12-21,1672,5498,1671,5494,1,4,0,0,1673,5499,0,0,1673,5499,California
Sacramento,2020-12-22,2095,7593,2064,7558,31,35,0,0,2095,7594,0,0,2095,7594,California
Sacramento,2020-12-23,2239,9832,2075,9633,164,199,0,0,2239,9833,0,0,2239,9833,California
Sacramento,2020-12-24,1045,10877,832,10465,213,412,0,0,1044,10876,1,1,1044,10877,California
Sacramento,2020-12-25,1,10878,0,10465,1,413,0,0,1,10877,0,1,1,10878,California
Sacramento,2020-12-26,508,11386,291,10756,217,630,0,0,508,11385,0,1,508,11386,California
Sacramento,2020-12-27,349,11735,247,11003,102,732,0,0,349,11734,0,1,349,11735,California
Sacramento,2020-12-28,1899,13634,1321,12324,578,1310,0,0,1898,13631,1,2,1898,13633,California
Sacramento,2020-12-29,1943,15577,1185,13509,758,2068,0,0,1943,15574,0,2,1943,15576,California
Sacramento,2020-12-30,2556,18133,1462,14971,1094,3162,0,0,2557,18131,0,2,2557,18133,California
Sacramento,2020-12-31,1216,19349,690,15661,526,3688,0,0,1216,19347,0,2,1216,19349,California
Sacramento,2021-01-01,69,19418,60,15721,9,3697,0,0,69,19416,0,2,69,19418,California
Sacramento,2021-01-02,566,19984,362,16083,204,3901,0,0,566,19982,0,2,566,19984,California
Sacramento,2021-01-03,409,20393,221,16304,188,4089,0,0,409,20391,0,2,409,20393,California
Sacramento,2021-01-04,1965,22358,848,17152,1117,5206,0,0,1961,22349,3,5,1961,22354,California
Sacramento,2021-01-05,2202,24560,988,18140,1214,6420,0,0,1854,23855,349,354,1855,24209,California
Sacramento,2021-01-06,2728,27288,1630,19770,1098,7518,0,0,1952,25034,773,1127,1952,26161,California
Sacramento,2021-01-07,2827,30115,1506,21276,1321,8839,0,0,1963,26136,862,1989,1964,28125,California
Sacramento,2021-01-08,3278,33393,2087,23363,1191,10030,0,0,2245,27352,1030,3019,2246,30371,California
Sacramento,2021-01-09,1287,34680,800,24163,487,10517,0,0,897,27861,388,3407,897,31268,California
Sacramento,2021-01-10,1242,35922,711,24874,531,11048,0,0,771,28163,470,3877,772,32040,California
Sacramento,2021-01-11,4328,40250,2940,27814,1388,12436,0,0,2409,28655,1918,5795,2410,34450,California
Sacramento,2021-01-12,4397,44647,3022,30836,1375,13811,0,0,2439,29137,1957,7752,2439,36889,California
Sacramento,2021-01-13,3764,48411,2160,32996,1604,15415,0,0,2352,30079,1411,9163,2353,39242,California
Sacramento,2021-01-14,4570,52981,2346,35342,2224,17639,0,0,3652,32817,914,10077,3652,42894,California
Sacramento,2021-01-15,4393,57374,2270,37612,2123,19762,0,0,3666,35761,725,10802,3669,46563,California
Sacramento,2021-01-16,2091,59465,1293,38905,798,20560,0,0,1874,37418,217,11019,1874,48437,California
Sacramento,2021-01-17,1633,61098,952,39857,681,21241,0,0,1456,38699,177,11196,1458,49895,California
Sacramento,2021-01-18,2847,63945,1763,41620,1084,22325,0,0,2324,40501,523,11719,2325,52220,California
Sacramento,2021-01-19,4606,68551,3050,44670,1556,23881,0,0,3345,42591,1261,12980,3351,55571,California
Sacramento,2021-01-20,4755,73306,2813,47483,1942,25823,0,0,3551,44939,1206,14186,3554,59125,California
Sacramento,2021-01-21,5168,78474,2982,50465,2186,28009,0,0,4205,48188,957,15143,4206,63331,California
Sacramento,2021-01-22,4959,83433,2638,53103,2321,30330,0,0,4654,52539,303,15446,4654,67985,California
Sacramento,2021-01-23,3722,87155,1557,54660,2165,32495,0,0,3268,55353,454,15900,3268,71253,California
Sacramento,2021-01-24,1555,88710,976,55636,579,33074,0,0,1318,56434,237,16137,1318,72571,California
Sacramento,2021-01-25,4342,93052,2112,57748,2230,35304,0,0,2925,57947,1417,17554,2930,75501,California
Sacramento,2021-01-26,4677,97729,2128,59876,2549,37853,0,0,3476,60228,1199,18753,3480,78981,California
Sacramento,2021-01-27,5783,103512,3043,62919,2740,40593,0,0,4182,62815,1597,20350,4184,83165,California
Sacramento,2021-01-28,5329,108841,2700,65619,2629,43222,0,0,4245,65978,1083,21433,4246,87411,California
Sacramento,2021-01-29,5363,114204,2929,68548,2434,45656,0,0,4347,69318,1010,22443,4350,91761,California
Sacramento,2021-01-30,4482,118686,2187,70735,2295,47951,0,0,4053,72942,429,22872,4053,95814,California
Sacramento,2021-01-31,2288,120974,2000,72735,288,48239,0,0,2007,74672,278,23150,2008,97822,California
Sacramento,2021-02-01,5886,126860,3004,75739,2882,51121,0,0,4234,77258,1650,24800,4236,102058,California
Sacramento,2021-02-02,6808,133668,3739,79478,3069,54190,0,0,4750,79959,2050,26850,4751,106809,California
Sacramento,2021-02-03,7040,140708,3539,83017,3501,57691,0,0,5191,83312,1840,28690,5193,112002,California
Sacramento,2021-02-04,7668,148376,3620,86637,4048,61739,0,0,5471,86596,2187,30877,5471,117473,California
Sacramento,2021-02-05,7697,156073,4356,90993,3341,65080,0,0,4798,88518,2878,33755,4800,122273,California
Sacramento,2021-02-06,8388,164461,3427,94420,4961,70041,0,0,7063,94259,1323,35078,7064,129337,California
Sacramento,2021-02-07,4006,168467,2128,96548,1878,71919,0,0,2788,95837,1211,36289,2789,132126,California
Sacramento,2021-02-08,6169,174636,3188,99736,2981,74900,0,0,3865,97403,2300,38589,3866,135992,California
Sacramento,2021-02-09,6707,181343,3511,103247,3196,78096,0,0,3921,98543,2781,41370,3921,139913,California
Sacramento,2021-02-10,7587,188930,4173,107420,3414,81510,0,0,4482,99934,3094,44464,4485,144398,California
Sacramento,2021-02-11,8660,197590,4952,112372,3708,85218,0,0,4696,100680,3951,48415,4697,149095,California
Sacramento,2021-02-12,10418,208008,4125,116497,6293,91511,0,0,6258,102817,4123,52538,6260,155355,California
Sacramento,2021-02-13,7519,215527,2972,119469,4547,96058,0,0,5946,107192,1571,54109,5946,161301,California
Sacramento,2021-02-14,3011,218538,1898,121367,1113,97171,0,0,1994,108177,1014,55123,1999,163300,California
Sacramento,2021-02-15,5833,224371,2020,123387,3813,100984,0,0,4048,110453,1778,56901,4054,167354,California
Sacramento,2021-02-16,8824,233195,4190,127577,4634,105618,0,0,5261,112163,3556,60457,5266,172620,California
Sacramento,2021-02-17,8740,241935,4967,132544,3773,109391,0,0,5075,113586,3655,64112,5078,177698,California
Sacramento,2021-02-18,8755,250690,5026,137570,3729,113120,0,0,5025,114891,3723,67835,5028,182726,California
Sacramento,2021-02-19,9968,260658,6119,143689,3849,116969,0,0,5886,116713,4068,71903,5890,188616,California
Sacramento,2021-02-20,7283,267941,5335,149024,1948,118917,0,0,4247,117932,3029,74932,4248,192864,California
Sacramento,2021-02-21,2762,270703,2197,151221,565,119482,0,0,935,117048,1821,76753,937,193801,California
Sacramento,2021-02-22,6118,276821,3716,154937,2402,121884,0,0,2644,116231,3467,80220,2650,196451,California
Sacramento,2021-02-23,7039,283860,4388,159325,2651,124535,0,0,3426,116060,3599,83819,3428,199879,California
Sacramento,2021-02-24,9306,293166,5252,164577,4054,128589,0,0,5109,116996,4178,87997,5114,204993,California
Sacramento,2021-02-25,9643,302809,5335,169912,4308,132897,0,0,5291,117947,4341,92338,5292,210285,California
Sacramento,2021-02-26,13375,316184,6395,176307,6980,139877,0,0,9211,123026,4135,96473,9214,219499,California
Sacramento,2021-02-27,10501,326685,6509,182816,3992,143869,0,0,7718,127979,2768,99241,7721,227220,California
Sacramento,2021-02-28,5420,332105,2122,184938,3298,147167,0,0,2491,127559,2916,102157,2496,229716,California
Sacramento,2021-03-01,7731,339836,3381,188319,4350,151517,0,0,4095,128041,3617,105774,4099,233815,California
Sacramento,2021-03-02,8614,348450,3935,192254,4678,156195,1,1,5352,130149,3250,109024,5358,239173,California
Sacramento,2021-03-03,9414,357864,4594,196848,4818,161013,2,3,5471,131697,3925,112949,5473,244646,California
Sacramento,2021-03-04,10110,367974,4392,201240,5715,166728,3,6,5529,132677,4558,117507,5538,250184,California
Sacramento,2021-03-05,8279,376253,3693,204933,4558,171286,28,34,5068,134583,3190,120697,5096,255280,California
Sacramento,2021-03-06,7099,383352,2789,207722,4190,175476,120,154,3591,134809,3489,124186,3715,258995,California
Sacramento,2021-03-07,7404,390756,2135,209857,5186,180662,83,237,3581,134653,3819,128005,3663,262658,California
Sacramento,2021-03-08,8579,399335,4123,213980,4252,184914,204,441,5555,137401,3014,131019,5762,268420,California
Sacramento,2021-03-09,9218,408553,4415,218395,4544,189458,259,700,5273,139000,3932,134951,5531,273951,California
Sacramento,2021-03-10,10736,419289,7260,225655,3190,192648,286,986,6067,140704,4651,139602,6355,280306,California
Sacramento,2021-03-11,12825,432114,8284,233939,3829,196477,712,1698,7474,143553,5334,144936,8183,288489,California
Sacramento,2021-03-12,15549,447663,7453,241392,7338,203815,758,2456,7065,142941,8456,153392,7844,296333,California
Sacramento,2021-03-13,12099,459762,3474,244866,8226,212041,399,2855,7661,146594,4426,157818,8079,304412,California
Sacramento,2021-03-14,7530,467292,3261,248127,3649,215690,620,3475,4094,147890,3416,161234,4712,309124,California
Sacramento,2021-03-15,11323,478615,4755,252882,5908,221598,660,4135,6510,150272,4795,166029,7177,316301,California
Sacramento,2021-03-16,13479,492094,6078,258960,6771,228369,630,4765,8221,153890,5234,171263,8852,325153,California
Sacramento,2021-03-17,12436,504530,6194,265154,5663,234032,579,5344,7904,157871,4504,175767,8485,333638,California
Sacramento,2021-03-18,10705,515235,5139,270293,5113,239145,453,5797,6863,161370,3816,179583,7315,340953,California
Sacramento,2021-03-19,11786,527021,6044,276337,4676,243821,1066,6863,5564,161804,6201,185784,6635,347588,California
Sacramento,2021-03-20,8521,535542,5256,281593,3068,246889,197,7060,5327,164153,3177,188961,5526,353114,California
Sacramento,2021-03-21,5477,541019,2695,284288,2742,249631,40,7100,4840,168411,630,189591,4888,358002,California
Sacramento,2021-03-22,8968,549987,4658,288946,3563,253194,747,7847,6035,172286,2915,192506,6790,364792,California
Sacramento,2021-03-23,10778,560765,6515,295461,3493,256687,770,8617,6895,176125,3844,196350,7683,372475,California
Sacramento,2021-03-24,11217,571982,7126,302587,3482,260169,609,9226,6448,178509,4739,201089,7123,379598,California
Sacramento,2021-03-25,11909,583891,6617,309204,4501,264670,791,10017,6869,181343,5013,206102,7847,387445,California
Sacramento,2021-03-26,16782,600673,8030,317234,8266,272936,486,10503,8100,182210,8636,214738,9503,396948,California
Sacramento,2021-03-27,9373,610046,3480,320714,5612,278548,281,10784,5057,183484,4288,219026,5562,402510,California
Sacramento,2021-03-28,6327,616373,3148,323862,2932,281480,247,11031,3005,183450,3317,222343,3283,405793,California
Sacramento,2021-03-29,10379,626752,5698,329560,4484,285964,197,11228,4939,183246,5417,227760,5213,411006,California
Sacramento,2021-03-30,11180,637932,5890,335450,4989,290953,301,11529,5798,184040,5366,233126,6160,417166,California
Sacramento,2021-03-31,12771,650703,7573,343023,4817,295770,381,11910,5548,183205,7197,240323,6362,423528,California
Sacramento,2021-04-01,14825,665528,8416,351439,6192,301962,217,12127,5548,180904,9252,249575,6951,430479,California
Sacramento,2021-04-02,15014,680542,8264,359703,6094,308056,656,12783,7485,182417,7498,257073,9011,439490,California
Sacramento,2021-04-03,9940,690482,5847,365550,3544,311600,549,13332,6207,185699,3713,260786,6995,446485,California
Sacramento,2021-04-04,3311,693793,1261,366811,1895,313495,155,13487,1277,185116,2031,262817,1448,447933,California
Sacramento,2021-04-05,8785,702578,5805,372616,2526,316021,454,13941,3971,184789,4797,267614,4470,452403,California
San Benito,2020-12-16,2,2,2,2,0,0,0,0,2,2,0,0,2,2,California
San Benito,2020-12-17,9,11,9,11,0,0,0,0,9,11,0,0,9,11,California
San Benito,2020-12-18,34,45,34,45,0,0,0,0,34,45,0,0,34,45,California
San Benito,2020-12-19,48,93,48,93,0,0,0,0,48,93,0,0,48,93,California
San Benito,2020-12-20,22,115,21,114,1,1,0,0,22,115,0,0,22,115,California
San Benito,2020-12-21,47,162,47,161,0,1,0,0,47,162,0,0,47,162,California
San Benito,2020-12-22,59,221,59,220,0,1,0,0,59,221,0,0,59,221,California
San Benito,2020-12-23,48,269,36,256,12,13,0,0,48,269,0,0,48,269,California
San Benito,2020-12-24,12,281,4,260,8,21,0,0,12,281,0,0,12,281,California
San Benito,2020-12-25,4,285,4,264,0,21,0,0,4,285,0,0,4,285,California
San Benito,2020-12-26,13,298,4,268,9,30,0,0,13,298,0,0,13,298,California
San Benito,2020-12-27,8,306,7,275,1,31,0,0,8,306,0,0,8,306,California
San Benito,2020-12-28,63,369,36,311,27,58,0,0,63,369,0,0,63,369,California
San Benito,2020-12-29,49,418,20,331,29,87,0,0,49,418,0,0,49,418,California
San Benito,2020-12-30,59,477,36,367,23,110,0,0,59,477,0,0,59,477,California
San Benito,2020-12-31,19,496,2,369,17,127,0,0,19,496,0,0,19,496,California
San Benito,2021-01-02,25,521,24,393,1,128,0,0,25,521,0,0,25,521,California
San Benito,2021-01-03,3,524,1,394,2,130,0,0,3,524,0,0,3,524,California
San Benito,2021-01-04,62,586,23,417,39,169,0,0,62,586,0,0,62,586,California
San Benito,2021-01-05,118,704,36,453,82,251,0,0,115,698,3,3,115,701,California
San Benito,2021-01-06,95,799,40,493,55,306,0,0,81,765,14,17,81,782,California
San Benito,2021-01-07,78,877,42,535,36,342,0,0,51,789,27,44,51,833,California
San Benito,2021-01-08,129,1006,66,601,63,405,0,0,87,834,42,86,87,920,California
San Benito,2021-01-09,44,1050,32,633,12,417,0,0,29,848,15,101,29,949,California
San Benito,2021-01-10,16,1066,14,647,2,419,0,0,5,842,11,112,5,954,California
San Benito,2021-01-11,97,1163,54,701,43,462,0,0,49,843,48,160,49,1003,California
San Benito,2021-01-12,154,1317,51,752,103,565,0,0,119,927,35,195,119,1122,California
San Benito,2021-01-13,187,1504,33,785,154,719,0,0,162,1064,25,220,162,1284,California
San Benito,2021-01-14,116,1620,27,812,89,808,0,0,97,1142,19,239,97,1381,California
San Benito,2021-01-15,213,1833,21,833,192,1000,0,0,199,1327,14,253,199,1580,California
San Benito,2021-01-16,29,1862,10,843,19,1019,0,0,23,1344,6,259,23,1603,California
San Benito,2021-01-17,10,1872,5,848,5,1024,0,0,7,1348,3,262,7,1610,California
San Benito,2021-01-18,38,1910,24,872,14,1038,0,0,22,1354,16,278,22,1632,California
San Benito,2021-01-19,150,2060,63,935,87,1125,0,0,124,1452,26,304,124,1756,California
San Benito,2021-01-20,260,2320,80,1015,180,1305,0,0,215,1623,44,348,215,1971,California
San Benito,2021-01-21,123,2443,30,1045,93,1398,0,0,99,1698,24,372,99,2070,California
San Benito,2021-01-22,232,2675,20,1065,212,1610,0,0,221,1908,11,383,221,2291,California
San Benito,2021-01-23,32,2707,18,1083,14,1624,0,0,14,1904,18,401,14,2305,California
San Benito,2021-01-24,11,2718,3,1086,8,1632,0,0,7,1907,4,405,7,2312,California
San Benito,2021-01-25,67,2785,25,1111,42,1674,0,0,22,1884,45,450,22,2334,California
San Benito,2021-01-26,135,2920,41,1152,94,1768,0,0,82,1913,53,503,82,2416,California
San Benito,2021-01-27,231,3151,69,1221,162,1930,0,0,190,2062,41,544,190,2606,California
San Benito,2021-01-28,153,3304,30,1251,123,2053,0,0,122,2154,30,574,122,2728,California
San Benito,2021-01-29,286,3590,32,1283,254,2307,0,0,262,2393,23,597,262,2990,California
San Benito,2021-01-30,45,3635,27,1310,18,2325,0,0,26,2400,19,616,26,3016,California
San Benito,2021-01-31,22,3657,10,1320,12,2337,0,0,12,2403,9,625,12,3028,California
San Benito,2021-02-01,134,3791,29,1349,105,2442,0,0,88,2445,46,671,88,3116,California
San Benito,2021-02-02,224,4015,48,1397,176,2618,0,0,134,2489,90,761,134,3250,California
San Benito,2021-02-03,333,4348,41,1438,292,2910,0,0,269,2694,64,825,269,3519,California
San Benito,2021-02-04,159,4507,24,1462,135,3045,0,0,116,2767,43,868,116,3635,California
San Benito,2021-02-05,291,4798,40,1502,251,3296,0,0,229,2934,62,930,229,3864,California
San Benito,2021-02-06,50,4848,10,1512,40,3336,0,0,34,2952,16,946,34,3898,California
San Benito,2021-02-07,14,4862,6,1518,8,3344,0,0,13,2964,1,947,13,3911,California
San Benito,2021-02-08,132,4994,15,1533,117,3461,0,0,87,3006,45,992,87,3998,California
San Benito,2021-02-09,324,5318,63,1596,261,3722,0,0,193,3068,131,1123,193,4191,California
San Benito,2021-02-10,321,5639,89,1685,232,3954,0,0,125,2998,195,1318,125,4316,California
San Benito,2021-02-11,286,5925,29,1714,257,4211,0,0,191,3094,95,1413,191,4507,California
San Benito,2021-02-12,412,6337,30,1744,382,4593,0,0,208,3099,203,1616,208,4715,California
San Benito,2021-02-13,60,6397,9,1753,51,4644,0,0,45,3129,15,1631,45,4760,California
San Benito,2021-02-14,40,6437,5,1758,35,4679,0,0,30,3149,10,1641,30,4790,California
San Benito,2021-02-15,106,6543,9,1767,97,4776,0,0,95,3233,11,1652,95,4885,California
San Benito,2021-02-16,206,6749,12,1779,194,4970,0,0,107,3240,100,1752,107,4992,California
San Benito,2021-02-17,319,7068,30,1809,289,5259,0,0,271,3463,48,1800,271,5263,California
San Benito,2021-02-18,293,7361,38,1847,255,5514,0,0,71,3312,222,2022,71,5334,California
San Benito,2021-02-19,317,7678,40,1887,277,5791,0,0,151,3297,166,2188,151,5485,California
San Benito,2021-02-20,44,7722,26,1913,18,5809,0,0,35,3323,9,2197,35,5520,California
San Benito,2021-02-21,26,7748,11,1924,15,5824,0,0,16,3330,9,2206,16,5536,California
San Benito,2021-02-22,126,7874,33,1957,93,5917,0,0,94,3392,32,2238,94,5630,California
San Benito,2021-02-23,368,8242,90,2047,278,6195,0,0,236,3517,132,2370,257,5887,California
San Benito,2021-02-24,369,8611,62,2109,307,6502,0,0,232,3612,137,2507,232,6119,California
San Benito,2021-02-25,390,9001,63,2172,327,6829,0,0,268,3757,123,2630,268,6387,California
San Benito,2021-02-26,631,9632,70,2242,561,7390,0,0,390,3906,241,2871,390,6777,California
San Benito,2021-02-27,96,9728,34,2276,62,7452,0,0,81,3972,15,2886,81,6858,California
San Benito,2021-02-28,229,9957,19,2295,210,7662,0,0,221,4185,8,2894,221,7079,California
San Benito,2021-03-01,222,10179,58,2353,164,7826,0,0,153,4268,70,2964,153,7232,California
San Benito,2021-03-02,251,10430,73,2426,178,8004,0,0,184,4385,67,3031,184,7416,California
San Benito,2021-03-03,370,10800,48,2474,322,8326,0,0,197,4411,171,3202,197,7613,California
San Benito,2021-03-04,539,11339,112,2586,412,8738,15,15,361,4603,178,3380,370,7983,California
San Benito,2021-03-05,547,11886,288,2874,244,8982,15,30,342,4756,204,3584,357,8340,California
San Benito,2021-03-06,174,12060,63,2937,98,9080,13,43,128,4851,46,3630,141,8481,California
San Benito,2021-03-07,613,12673,572,3509,18,9098,23,66,579,5419,34,3664,602,9083,California
San Benito,2021-03-08,264,12937,64,3573,174,9272,26,92,162,5506,102,3766,189,9272,California
San Benito,2021-03-09,255,13192,77,3650,113,9385,65,157,123,5564,131,3897,189,9461,California
San Benito,2021-03-10,371,13563,103,3753,178,9563,90,247,208,5698,163,4060,297,9758,California
San Benito,2021-03-11,405,13968,100,3853,195,9758,110,357,187,5777,218,4278,297,10055,California
San Benito,2021-03-12,461,14429,118,3971,276,10034,67,424,219,5824,240,4518,287,10342,California
San Benito,2021-03-13,174,14603,96,4067,63,10097,15,439,109,5886,62,4580,124,10466,California
San Benito,2021-03-14,205,14808,40,4107,145,10242,20,459,166,6034,38,4618,186,10652,California
San Benito,2021-03-15,310,15118,95,4202,196,10438,19,478,182,6107,128,4746,201,10853,California
San Benito,2021-03-16,457,15575,203,4405,223,10661,31,509,313,6308,144,4890,345,11198,California
San Benito,2021-03-17,649,16224,455,4860,181,10842,13,522,522,6719,124,5014,535,11733,California
San Benito,2021-03-18,590,16814,452,5312,100,10942,38,560,479,7126,110,5124,517,12250,California
San Benito,2021-03-19,655,17469,353,5665,281,11223,21,581,497,7486,158,5282,518,12768,California
San Benito,2021-03-20,194,17663,130,5795,54,11277,10,591,151,7604,43,5325,161,12929,California
San Benito,2021-03-21,105,17768,53,5848,47,11324,5,596,78,7660,27,5352,83,13012,California
San Benito,2021-03-22,321,18089,166,6014,130,11454,25,621,223,7810,98,5450,248,13260,California
San Benito,2021-03-23,459,18548,196,6210,260,11714,3,624,220,7796,239,5689,225,13485,California
San Benito,2021-03-24,532,19080,290,6500,235,11949,7,631,345,7962,187,5876,353,13838,California
San Benito,2021-03-25,691,19771,404,6904,283,12232,4,635,404,8089,285,6161,412,14250,California
San Benito,2021-03-26,963,20734,494,7398,467,12699,2,637,305,7752,657,6818,320,14570,California
San Benito,2021-03-27,298,21032,178,7576,86,12785,34,671,179,7848,118,6936,214,14784,California
San Benito,2021-03-28,679,21711,564,8140,111,12896,4,675,119,7434,560,7496,146,14930,California
San Benito,2021-03-29,322,22033,101,8241,202,13098,19,694,131,7397,191,7687,154,15084,California
San Benito,2021-03-30,540,22573,256,8497,198,13296,86,780,269,7491,271,7958,365,15449,California
San Benito,2021-03-31,565,23138,343,8840,199,13495,23,803,325,7609,238,8196,356,15805,California
San Benito,2021-04-01,765,23903,359,9199,386,13881,20,823,529,7942,235,8431,568,16373,California
San Benito,2021-04-02,512,24415,247,9446,130,14011,135,958,248,8071,264,8695,393,16766,California
San Benito,2021-04-03,205,24620,79,9525,106,14117,20,978,81,8053,124,8819,106,16872,California
San Benito,2021-04-04,139,24759,107,9632,30,14147,2,980,110,8138,29,8848,114,16986,California
San Benito,2021-04-05,202,24961,88,9720,96,14243,18,998,48,8053,153,9001,68,17054,California
San Bernardino,2020-12-15,12,12,12,12,0,0,0,0,12,12,0,0,12,12,California
San Bernardino,2020-12-16,109,121,109,121,0,0,0,0,109,121,0,0,109,121,California
San Bernardino,2020-12-17,2343,2464,2343,2464,0,0,0,0,2343,2464,0,0,2343,2464,California
San Bernardino,2020-12-18,3140,5604,3137,5601,3,3,0,0,3141,5605,0,0,3141,5605,California
San Bernardino,2020-12-19,1068,6672,1067,6668,1,4,0,0,1069,6674,0,0,1069,6674,California
San Bernardino,2020-12-20,1172,7844,1171,7839,1,5,0,0,1173,7847,0,0,1173,7847,California
San Bernardino,2020-12-21,2456,10300,2451,10290,5,10,0,0,2456,10303,0,0,2456,10303,California
San Bernardino,2020-12-22,2271,12571,2148,12438,123,133,0,0,2272,12575,0,0,2272,12575,California
San Bernardino,2020-12-23,2647,15218,1453,13891,1194,1327,0,0,2646,15221,0,0,2646,15221,California
San Bernardino,2020-12-24,1160,16378,587,14478,573,1900,0,0,1162,16383,0,0,1162,16383,California
San Bernardino,2020-12-25,75,16453,14,14492,61,1961,0,0,75,16458,0,0,75,16458,California
San Bernardino,2020-12-26,461,16914,253,14745,208,2169,0,0,461,16919,0,0,461,16919,California
San Bernardino,2020-12-27,344,17258,161,14906,183,2352,0,0,344,17263,0,0,344,17263,California
San Bernardino,2020-12-28,1559,18817,709,15615,850,3202,0,0,1560,18823,0,0,1560,18823,California
San Bernardino,2020-12-29,2209,21026,1042,16657,1167,4369,0,0,2207,21028,2,2,2207,21030,California
San Bernardino,2020-12-30,2892,23918,1459,18116,1433,5802,0,0,2893,23921,0,2,2893,23923,California
San Bernardino,2020-12-31,1352,25270,440,18556,912,6714,0,0,1350,25271,0,2,1350,25273,California
San Bernardino,2021-01-01,275,25545,150,18706,125,6839,0,0,274,25545,0,2,274,25547,California
San Bernardino,2021-01-02,475,26020,339,19045,136,6975,0,0,475,26020,0,2,475,26022,California
San Bernardino,2021-01-03,135,26155,86,19131,49,7024,0,0,135,26155,0,2,135,26157,California
San Bernardino,2021-01-04,2116,28271,1289,20420,827,7851,0,0,2115,28270,0,2,2115,28272,California
San Bernardino,2021-01-05,2330,30601,1459,21879,871,8722,0,0,2216,30377,109,111,2216,30488,California
San Bernardino,2021-01-06,3420,34021,2351,24230,1069,9791,0,0,2932,32830,482,593,2935,33423,California
San Bernardino,2021-01-07,5376,39397,4484,28714,892,10683,0,0,2456,32387,2901,3494,2458,35881,California
San Bernardino,2021-01-08,5351,44748,4438,33152,913,11596,0,0,2274,31592,3071,6565,2276,38157,California
San Bernardino,2021-01-09,1395,46143,1098,34250,297,11893,0,0,900,31997,495,7060,900,39057,California
San Bernardino,2021-01-10,1022,47165,600,34850,422,12315,0,0,573,32121,449,7509,573,39630,California
San Bernardino,2021-01-11,4982,52147,4085,38935,897,13212,0,0,2763,32668,2216,9725,2763,42393,California
San Bernardino,2021-01-12,4226,56373,3225,42160,1001,14213,0,0,2511,33465,1714,11439,2511,44904,California
San Bernardino,2021-01-13,4540,60913,2844,45004,1696,15909,0,0,3314,35568,1213,12652,3316,48220,California
San Bernardino,2021-01-14,4740,65653,2777,47781,1963,17872,0,0,4160,39152,576,13228,4160,52380,California
San Bernardino,2021-01-15,5952,71605,2962,50743,2990,20862,0,0,5557,44326,385,13613,5559,57939,California
San Bernardino,2021-01-16,2254,73859,1292,52035,962,21824,0,0,2113,46298,141,13754,2113,60052,California
San Bernardino,2021-01-17,1187,75046,514,52549,673,22497,0,0,1099,47311,87,13841,1100,61152,California
San Bernardino,2021-01-18,4268,79314,2638,55187,1630,24127,0,0,3649,50343,618,14459,3650,64802,California
San Bernardino,2021-01-19,6291,85605,3703,58890,2588,26715,0,0,5201,54459,1088,15547,5204,70006,California
San Bernardino,2021-01-20,6799,92404,3729,62619,3070,29785,0,0,4871,57411,1921,17468,4873,74879,California
San Bernardino,2021-01-21,5994,98398,3087,65706,2907,32692,0,0,4871,61170,1113,18581,4872,79751,California
San Bernardino,2021-01-22,6506,104904,3039,68745,3467,36159,0,0,5779,66226,726,19307,5782,85533,California
San Bernardino,2021-01-23,3102,108006,1888,70633,1214,37373,0,0,2713,68551,388,19695,2713,88246,California
San Bernardino,2021-01-24,1187,109193,460,71093,727,38100,0,0,1088,69540,99,19794,1088,89334,California
San Bernardino,2021-01-25,6863,116056,3395,74488,3468,41568,0,0,5020,72727,1841,21635,5028,94362,California
San Bernardino,2021-01-26,7078,123134,3554,78042,3524,45092,0,0,5000,75650,2078,23713,5001,99363,California
San Bernardino,2021-01-27,8236,131370,4105,82147,4131,49223,0,0,5546,78516,2680,26393,5546,104909,California
San Bernardino,2021-01-28,8536,139906,4051,86198,4485,53708,0,0,6231,82446,2301,28694,6231,111140,California
San Bernardino,2021-01-29,8120,148026,3733,89931,4387,58095,0,0,6178,86696,1929,30623,6179,117319,California
San Bernardino,2021-01-30,3068,151094,1894,91825,1174,59269,0,0,2789,89207,278,30901,2789,120108,California
San Bernardino,2021-01-31,918,152012,488,92313,430,59699,0,0,864,90018,53,30954,864,120972,California
San Bernardino,2021-02-01,7513,159525,4216,96529,3297,62996,0,0,4898,92309,2612,33566,4903,125875,California
San Bernardino,2021-02-02,10357,169882,3648,100177,6709,69705,0,0,8311,98579,2042,35608,8312,134187,California
San Bernardino,2021-02-03,8955,178837,4145,104322,4810,74515,0,0,6487,102606,2461,38069,6488,140675,California
San Bernardino,2021-02-04,10573,189410,5291,109613,5282,79797,0,0,7512,107068,3051,41120,7513,148188,California
San Bernardino,2021-02-05,10937,200347,5912,115525,5025,84822,0,0,7425,110992,3502,44622,7426,155614,California
San Bernardino,2021-02-06,5249,205596,2213,117738,3036,87858,0,0,3613,112998,1611,46233,3617,159231,California
San Bernardino,2021-02-07,846,206442,496,118234,350,88208,0,0,475,113106,368,46601,476,159707,California
San Bernardino,2021-02-08,7260,213702,3869,122103,3391,91599,0,0,5609,117065,1650,48251,5609,165316,California
San Bernardino,2021-02-09,9873,223575,5814,127917,4059,95658,0,0,6664,120525,3206,51457,6666,171982,California
San Bernardino,2021-02-10,11990,235565,6535,134452,5455,101113,0,0,7828,124203,4151,55608,7829,179811,California
San Bernardino,2021-02-11,12203,247768,7043,141495,5160,106273,0,0,7799,127625,4381,59989,7803,187614,California
San Bernardino,2021-02-12,10324,258092,5925,147420,4399,110672,0,0,5673,128659,4639,64628,5673,193287,California
San Bernardino,2021-02-13,5996,264088,3980,151400,2016,112688,0,0,3767,130217,2214,66842,3772,197059,California
San Bernardino,2021-02-14,1540,265628,642,152042,898,113586,0,0,867,130421,664,67506,868,197927,California
San Bernardino,2021-02-15,5468,271096,3011,155053,2457,116043,0,0,3070,131108,2383,69889,3070,200997,California
San Bernardino,2021-02-16,12570,283666,7390,162443,5180,121223,0,0,7964,134477,4595,74484,7964,208961,California
San Bernardino,2021-02-17,11748,295414,6464,168907,5284,126507,0,0,7136,137017,4598,79082,7138,216099,California
San Bernardino,2021-02-18,12398,307812,7566,176473,4832,131339,0,0,7671,139977,4712,83794,7672,223771,California
San Bernardino,2021-02-19,11446,319258,5911,182384,5535,136874,0,0,6761,142072,4667,88461,6762,230533,California
San Bernardino,2021-02-20,4500,323758,3449,185833,1051,137925,0,0,2056,141685,2443,90904,2056,232589,California
San Bernardino,2021-02-21,905,324663,445,186278,460,138385,0,0,273,141328,630,91534,273,232862,California
San Bernardino,2021-02-22,8459,333122,5170,191448,3289,141674,0,0,4030,140939,4421,95955,4032,236894,California
San Bernardino,2021-02-23,8784,341906,5196,196644,3588,145262,0,0,4537,141257,4219,100174,4537,241431,California
San Bernardino,2021-02-24,11976,353882,6856,203500,5120,150382,0,0,6081,141472,5871,106045,6086,247517,California
San Bernardino,2021-02-25,12807,366689,6242,209742,6565,156947,0,0,7396,143480,5393,111438,7401,254918,California
San Bernardino,2021-02-26,13161,379850,6306,216048,6855,163802,0,0,7439,145251,5669,117107,7440,262358,California
San Bernardino,2021-02-27,6555,386405,3655,219703,2900,166702,0,0,4758,148221,1788,118895,4758,267116,California
San Bernardino,2021-02-28,1739,388144,727,220430,1012,167714,0,0,1144,148776,590,119485,1145,268261,California
San Bernardino,2021-03-01,8189,396333,4155,224585,4033,171747,1,1,3821,148260,4349,123834,3833,272094,California
San Bernardino,2021-03-02,13419,409752,5315,229900,8104,179851,0,1,6390,147649,7003,130837,6392,278486,California
San Bernardino,2021-03-03,12145,421897,6142,236042,6001,185852,2,3,5567,146660,6561,137398,5572,284058,California
San Bernardino,2021-03-04,11801,433698,6142,242184,5658,191510,1,4,5416,145712,6368,143766,5420,289478,California
San Bernardino,2021-03-05,11845,445543,5984,248168,5860,197370,1,5,6132,146188,5686,149452,6162,295640,California
San Bernardino,2021-03-06,7663,453206,4169,252337,3289,200659,205,210,3659,146065,3989,153441,3866,299506,California
San Bernardino,2021-03-07,1478,454684,910,253247,511,201170,57,267,946,146538,530,153971,1003,300509,California
San Bernardino,2021-03-08,6963,461647,3008,256255,3820,204990,135,402,3356,146427,3603,157574,3492,304001,California
San Bernardino,2021-03-09,11749,473396,6437,262692,5087,210077,225,627,4643,144204,7098,164672,4875,308876,California
San Bernardino,2021-03-10,12427,485823,7073,269765,4985,215062,369,996,5696,143574,6704,171376,6074,314950,California
San Bernardino,2021-03-11,12902,498725,6032,275797,6121,221183,749,1745,6551,144545,6332,177708,7303,322253,California
San Bernardino,2021-03-12,13210,511935,6036,281833,5376,226559,1798,3543,6290,145777,6897,184605,8129,330382,California
San Bernardino,2021-03-13,7336,519271,4097,285930,2779,229338,460,4003,4350,147607,2980,187585,4810,335192,California
San Bernardino,2021-03-14,2646,521917,1371,287301,734,230072,541,4544,1566,148638,1074,188659,2105,337297,California
San Bernardino,2021-03-15,11074,532991,5247,292548,3913,233985,1914,6458,5427,150341,5640,194299,7343,344640,California
San Bernardino,2021-03-16,15693,548684,7744,300292,7054,241039,895,7353,9526,154622,6142,200441,10423,355063,California
San Bernardino,2021-03-17,16011,564695,8212,308504,7101,248140,698,8051,9578,158491,6421,206862,10290,365353,California
San Bernardino,2021-03-18,12869,577564,6047,314551,6498,254638,324,8375,7384,160739,5462,212324,7710,373063,California
San Bernardino,2021-03-19,14295,591859,7337,321888,6441,261079,517,8892,7992,163010,6283,218607,8554,381617,California
San Bernardino,2021-03-20,7156,599015,4491,326379,2158,263237,507,9399,4119,164624,3012,221619,4626,386243,California
San Bernardino,2021-03-21,2677,601692,2180,328559,452,263689,45,9444,2155,166315,510,222129,2201,388444,California
San Bernardino,2021-03-22,9438,611130,4448,333007,4566,268255,424,9868,6843,171009,2579,224708,7273,395717,California
San Bernardino,2021-03-23,14982,626112,8493,341500,5897,274152,592,10460,9337,175320,5629,230337,9940,405657,California
San Bernardino,2021-03-24,14616,640728,7583,349083,6745,280897,288,10748,9784,180620,4799,235136,10099,415756,California
San Bernardino,2021-03-25,16422,657150,8108,357191,8030,288927,284,11032,10417,185461,5958,241094,10799,426555,California
San Bernardino,2021-03-26,17562,674712,8394,365585,8426,297353,742,11774,10729,190296,6810,247904,11645,438200,California
San Bernardino,2021-03-27,10542,685254,6731,372316,3060,300413,751,12525,6073,192982,4457,252361,7143,445343,California
San Bernardino,2021-03-28,3454,688708,2420,374736,924,301337,110,12635,2421,194494,1026,253387,2538,447881,California
San Bernardino,2021-03-29,11038,699746,5731,380467,4912,306249,395,13030,7417,198744,3609,256996,7859,455740,California
San Bernardino,2021-03-30,16226,715972,9072,389539,6456,312705,698,13728,10553,204424,5644,262640,11324,467064,California
San Bernardino,2021-03-31,15681,731653,8692,398231,6442,319147,547,14275,10670,210700,4989,267629,11265,478329,California
San Bernardino,2021-04-01,18822,750475,9893,408124,7645,326792,1284,15559,12355,218174,6438,274067,13912,492241,California
San Bernardino,2021-04-02,17776,768251,8811,416935,7767,334559,1198,16757,10895,223911,6859,280926,12596,504837,California
San Bernardino,2021-04-03,10393,778644,6414,423349,2905,337464,1074,17831,5734,226416,4648,285574,7153,511990,California
San Bernardino,2021-04-04,2183,780827,1288,424637,705,338169,190,18021,1227,226901,955,286529,1440,513430,California
San Bernardino,2021-04-05,7117,787944,2946,427583,3197,341366,974,18995,3730,228284,3378,289907,4761,518191,California
San Diego,2020-12-15,119,119,119,119,0,0,0,0,119,119,0,0,119,119,California
San Diego,2020-12-16,1101,1220,1101,1220,0,0,0,0,1101,1220,0,0,1101,1220,California
San Diego,2020-12-17,2346,3566,2346,3566,0,0,0,0,2346,3566,0,0,2346,3566,California
San Diego,2020-12-18,3673,7239,3672,7238,1,1,0,0,3673,7239,0,0,3673,7239,California
San Diego,2020-12-19,2311,9550,2311,9549,0,1,0,0,2311,9550,0,0,2311,9550,California
San Diego,2020-12-20,1187,10737,1185,10734,2,3,0,0,1187,10737,0,0,1187,10737,California
San Diego,2020-12-21,3519,14256,3518,14252,1,4,0,0,3519,14256,0,0,3519,14256,California
San Diego,2020-12-22,4051,18307,3408,17660,643,647,0,0,4051,18307,0,0,4051,18307,California
San Diego,2020-12-23,3177,21484,1976,19636,1201,1848,0,0,3177,21484,0,0,3177,21484,California
San Diego,2020-12-24,2722,24206,2207,21843,515,2363,0,0,2722,24206,0,0,2722,24206,California
San Diego,2020-12-25,868,25074,867,22710,1,2364,0,0,867,25072,1,1,867,25073,California
San Diego,2020-12-26,3254,28328,2137,24847,1117,3481,0,0,3253,28325,0,1,3253,28326,California
San Diego,2020-12-27,2476,30804,1612,26459,864,4345,0,0,2475,30799,1,2,2475,30801,California
San Diego,2020-12-28,5856,36660,4184,30643,1672,6017,0,0,5856,36655,0,2,5856,36657,California
San Diego,2020-12-29,5534,42194,2970,33613,2564,8581,0,0,5534,42189,0,2,5534,42191,California
San Diego,2020-12-30,5895,48089,3073,36686,2822,11403,0,0,5895,48084,0,2,5895,48086,California
San Diego,2020-12-31,2936,51025,995,37681,1941,13344,0,0,2935,51018,1,3,2935,51021,California
San Diego,2021-01-01,994,52019,440,38121,554,13898,0,0,993,52011,0,3,993,52014,California
San Diego,2021-01-02,3746,55765,1309,39430,2437,16335,0,0,3746,55757,0,3,3746,55760,California
San Diego,2021-01-03,855,56620,631,40061,224,16559,0,0,854,56611,0,3,854,56614,California
San Diego,2021-01-04,3685,60305,2035,42096,1650,18209,0,0,3678,60289,0,3,3678,60292,California
San Diego,2021-01-05,4280,64585,2094,44190,2186,20395,0,0,3663,63352,613,616,3676,63968,California
San Diego,2021-01-06,4909,69494,2285,46475,2624,23019,0,0,3676,65821,1211,1827,3680,67648,California
San Diego,2021-01-07,5548,75042,2975,49450,2573,25592,0,0,3394,67074,2147,3974,3400,71048,California
San Diego,2021-01-08,7686,82728,4958,54408,2728,28320,0,0,3895,67211,3774,7748,3911,74959,California
San Diego,2021-01-09,2919,85647,1549,55957,1370,29690,0,0,1751,67814,1157,8905,1760,76719,California
San Diego,2021-01-10,1854,87501,1295,57252,559,30249,0,0,750,67480,1092,9997,758,77477,California
San Diego,2021-01-11,10322,97823,5850,63102,4472,34721,0,0,6799,70776,3516,13513,6812,84289,California
San Diego,2021-01-12,11171,108994,5308,68410,5863,40584,0,0,7804,75334,3358,16871,7916,92205,California
San Diego,2021-01-13,11494,120488,5016,73426,6478,47062,0,0,8952,81776,2529,19400,8971,101176,California
San Diego,2021-01-14,12344,132832,4734,78160,7610,54672,0,0,10185,89835,2150,21550,10209,111385,California
San Diego,2021-01-15,15029,147861,5274,83434,9755,64427,0,0,12413,99679,2597,24147,12441,123826,California
San Diego,2021-01-16,10782,158643,3581,87015,7201,71628,0,0,9342,107609,1435,25582,9365,133191,California
San Diego,2021-01-17,8697,167340,2483,89498,6214,77842,0,0,7864,114653,833,26415,7877,141068,California
San Diego,2021-01-18,12471,179811,5903,95401,6568,84410,0,0,9667,121584,2765,29180,9696,150764,California
San Diego,2021-01-19,14738,194549,5777,101178,8961,93371,0,0,11631,130363,3093,32273,11872,162636,California
San Diego,2021-01-20,18342,212891,6368,107546,11974,105345,0,0,15063,142325,3260,35533,15222,177858,California
San Diego,2021-01-21,17427,230318,5882,113428,11545,116890,0,0,16048,157141,1368,36901,16184,194042,California
San Diego,2021-01-22,17632,247950,4728,118156,12904,129794,0,0,15608,170805,2010,38911,15674,209716,California
San Diego,2021-01-23,14463,262413,5257,123413,9206,139000,0,0,12130,180646,2320,41231,12161,221877,California
San Diego,2021-01-24,11839,274252,3252,126665,8587,147587,0,0,10897,190615,941,42172,10910,232787,California
San Diego,2021-01-25,12123,286375,5689,132354,6434,154021,0,0,9134,196895,2981,45153,9261,242048,California
San Diego,2021-01-26,14562,300937,7300,139654,7262,161283,0,0,11297,205104,3260,48413,11469,253517,California
San Diego,2021-01-27,20274,321211,7643,147297,12631,173914,0,0,17224,219392,3036,51449,17324,270841,California
San Diego,2021-01-28,20923,342134,7237,154534,13686,187600,0,0,18663,235881,2250,53699,18739,289580,California
San Diego,2021-01-29,19432,361566,6158,160692,13274,200874,0,0,17018,250531,2404,56103,17054,306634,California
San Diego,2021-01-30,15688,377254,3458,164150,12230,213104,0,0,13011,260972,2668,58771,13109,319743,California
San Diego,2021-01-31,14455,391709,5397,169547,9058,222162,0,0,14101,274747,351,59122,14126,333869,California
San Diego,2021-02-01,20059,411768,6730,176277,13329,235491,0,0,16875,288523,3171,62293,16947,350816,California
San Diego,2021-02-02,22504,434272,7981,184258,14523,250014,0,0,18967,304133,3527,65820,19137,369953,California
San Diego,2021-02-03,26456,460728,10685,194943,15771,265785,0,0,22291,322453,4147,69967,22467,392420,California
San Diego,2021-02-04,23495,484223,9250,204193,14245,280030,0,0,18817,336869,4660,74627,19076,411496,California
San Diego,2021-02-05,24726,508949,8855,213048,15871,295901,0,0,18177,349020,6524,81151,18675,430171,California
San Diego,2021-02-06,20511,529460,8359,221407,12152,308053,0,0,17329,363378,3174,84325,17532,447703,California
San Diego,2021-02-07,11259,540719,4675,226082,6584,314637,0,0,9370,371156,1870,86195,9648,457351,California
San Diego,2021-02-08,19391,560110,7975,234057,11416,326053,0,0,11976,376406,7397,93592,12647,469998,California
San Diego,2021-02-09,19720,579830,7766,241823,11954,338007,0,0,12514,382799,7187,100779,13580,483578,California
San Diego,2021-02-10,22245,602075,8907,250730,13338,351345,0,0,13132,388184,9085,109864,14470,498048,California
San Diego,2021-02-11,22992,625067,9821,260551,13171,364516,0,0,11934,390746,11032,120896,13594,511642,California
San Diego,2021-02-12,23291,648358,6943,267494,16348,380864,0,0,11388,392472,11884,132780,13610,525252,California
San Diego,2021-02-13,19448,667806,8410,275904,11038,391902,0,0,10273,394793,9165,141945,11486,536738,California
San Diego,2021-02-14,10489,678295,6728,282632,3761,395663,0,0,5789,397418,4698,146643,7323,544061,California
San Diego,2021-02-15,14843,693138,7339,289971,7504,403167,0,0,7604,400838,7221,153864,10641,554702,California
San Diego,2021-02-16,18487,711625,10597,300568,7890,411057,0,0,8812,403014,9661,163525,11837,566539,California
San Diego,2021-02-17,22451,734076,10003,310571,12448,423505,0,0,7644,399013,14797,178322,10796,577335,California
San Diego,2021-02-18,22953,757029,11611,322182,11342,434847,0,0,7495,395201,15450,193772,11638,588973,California
San Diego,2021-02-19,15842,772871,10857,333039,4985,439832,0,0,6671,394897,9152,202924,8848,597821,California
San Diego,2021-02-20,9918,782789,6271,339310,3647,443479,0,0,5682,398292,4234,207158,7629,605450,California
San Diego,2021-02-21,10229,793018,8986,348296,1243,444722,0,0,4934,399217,5271,212429,6196,611646,California
San Diego,2021-02-22,12173,805191,10328,358624,1845,446567,0,0,6341,401407,5827,218256,8017,619663,California
San Diego,2021-02-23,25060,830251,13842,372466,11218,457785,0,0,9882,401997,15172,233428,15762,635425,California
San Diego,2021-02-24,28620,858871,12413,384879,16207,473992,0,0,7707,396270,20894,254322,15167,650592,California
San Diego,2021-02-25,32680,891551,14306,399185,18374,492366,0,0,10583,393256,22076,276398,19062,669654,California
San Diego,2021-02-26,33207,924758,12088,411273,21119,513485,0,0,11990,391135,21188,297586,19067,688721,California
San Diego,2021-02-27,20830,945588,9262,420535,11568,525053,0,0,11207,397038,9621,307207,15524,704245,California
San Diego,2021-02-28,14486,960074,9192,429727,5294,530347,0,0,9711,404855,4775,311982,12592,716837,California
San Diego,2021-03-01,23567,983641,13665,443392,9901,540248,1,1,14966,415257,8525,320507,18927,735764,California
San Diego,2021-03-02,25108,1008749,13390,456782,11718,551966,0,1,12635,422365,12466,332973,19574,755338,California
San Diego,2021-03-03,33381,1042130,15390,472172,17988,569954,3,4,14449,424912,18919,351892,21466,776804,California
San Diego,2021-03-04,27695,1069825,13742,485914,13953,583907,0,4,12705,429407,14974,366866,19469,796273,California
San Diego,2021-03-05,28406,1098231,14415,500329,13909,597816,82,86,13857,435615,14537,381403,20745,817018,California
San Diego,2021-03-06,22775,1121006,9309,509638,12763,610579,703,789,10575,439485,12195,393598,16065,833083,California
San Diego,2021-03-07,17854,1138860,9006,518644,8281,618860,567,1356,8341,442679,9507,403105,12701,845784,California
San Diego,2021-03-08,22044,1160904,10313,528957,10885,629745,846,2202,10608,447577,11425,414530,16323,862107,California
San Diego,2021-03-09,25212,1186116,11540,540497,11941,641686,1731,3933,11675,451494,13525,428055,17442,879549,California
San Diego,2021-03-10,24654,1210770,10227,550724,12075,653761,2352,6285,11075,455547,13571,441626,17624,897173,California
San Diego,2021-03-11,28186,1238956,10715,561439,13977,667738,3494,9779,11270,457491,16902,458528,18846,916019,California
San Diego,2021-03-12,25612,1264568,8769,570208,13879,681617,2964,12743,9296,456929,16303,474831,15741,931760,California
San Diego,2021-03-13,24231,1288799,6581,576789,16109,697726,1541,14284,9099,456607,15125,489956,14803,946563,California
San Diego,2021-03-14,11976,1300775,4557,581346,6717,704443,702,14986,3891,455410,8077,498033,6880,953443,California
San Diego,2021-03-15,21856,1322631,10118,591464,10968,715411,770,15756,10858,459190,10984,509017,14764,968207,California
San Diego,2021-03-16,29760,1352391,15694,607158,13674,729085,392,16148,17955,468845,11789,520806,21444,989651,California
San Diego,2021-03-17,26052,1378443,12087,619245,13265,742350,700,16848,17243,480106,8799,529605,20060,1009711,California
San Diego,2021-03-18,30917,1409360,17492,636737,12543,754893,882,17730,20080,491942,10822,540427,22658,1032369,California
San Diego,2021-03-19,29777,1439137,14122,650859,14684,769577,971,18701,19642,503736,10119,550546,21913,1054282,California
San Diego,2021-03-20,27288,1466425,8100,658959,17400,786977,1788,20489,21716,522808,5564,556110,24636,1078918,California
San Diego,2021-03-21,16436,1482861,11973,670932,3749,790726,714,21203,10435,529372,5991,562101,12555,1091473,California
San Diego,2021-03-22,22393,1505254,13103,684035,9049,799775,241,21444,16151,542353,6233,568334,19214,1110687,California
San Diego,2021-03-23,25774,1531028,13583,697618,11933,811708,258,21702,19598,558138,6163,574497,21948,1132635,California
San Diego,2021-03-24,29393,1560421,19694,717312,9348,821056,351,22053,20093,571430,9291,583788,22583,1155218,California
San Diego,2021-03-25,29793,1590214,17945,735257,11213,832269,635,22688,19598,583627,10183,593971,22380,1177598,California
San Diego,2021-03-26,31527,1621741,17646,752903,13366,845635,515,23203,19001,593751,12500,606471,22624,1200222,California
San Diego,2021-03-27,24752,1646493,10795,763698,13562,859197,395,23598,15088,601849,9650,616121,17748,1217970,California
San Diego,2021-03-28,14742,1661235,9103,772801,5580,864777,59,23657,9067,606767,5667,621788,10585,1228555,California
San Diego,2021-03-29,26156,1687391,12469,785270,13091,877868,596,24253,18388,620551,7761,629549,21545,1250100,California
San Diego,2021-03-30,32911,1720302,17687,802957,14448,892316,776,25029,23270,636815,9630,639179,25894,1275994,California
San Diego,2021-03-31,29817,1750119,18459,821416,10722,903038,636,25665,20316,649360,9486,648665,22031,1298025,California
San Diego,2021-04-01,33614,1783733,19758,841174,12501,915539,1355,27020,24360,667210,9232,657897,27082,1325107,California
San Diego,2021-04-02,33668,1817401,20298,861472,11182,926721,2188,29208,23510,684156,10143,668040,27089,1352196,California
San Diego,2021-04-03,29386,1846787,13402,874874,11715,938436,4269,33477,19939,700141,9437,677477,25422,1377618,California
San Diego,2021-04-04,8436,1855223,4734,879608,2909,941345,793,34270,4953,702575,3482,680959,5916,1383534,California
San Diego,2021-04-05,11990,1867213,5491,885099,5577,946922,922,35192,9702,711275,2284,683243,10984,1394518,California
San Francisco,2020-12-15,8,8,8,8,0,0,0,0,8,8,0,0,8,8,California
San Francisco,2020-12-16,230,238,230,238,0,0,0,0,230,238,0,0,230,238,California
San Francisco,2020-12-17,398,636,398,636,0,0,0,0,398,636,0,0,398,636,California
San Francisco,2020-12-18,884,1520,884,1520,0,0,0,0,884,1520,0,0,884,1520,California
San Francisco,2020-12-19,600,2120,600,2120,0,0,0,0,600,2120,0,0,600,2120,California
San Francisco,2020-12-20,484,2604,484,2604,0,0,0,0,484,2604,0,0,484,2604,California
San Francisco,2020-12-21,1161,3765,1161,3765,0,0,0,0,1161,3765,0,0,1161,3765,California
San Francisco,2020-12-22,1406,5171,1372,5137,34,34,0,0,1406,5171,0,0,1406,5171,California
San Francisco,2020-12-23,1321,6492,1032,6169,289,323,0,0,1321,6492,0,0,1321,6492,California
San Francisco,2020-12-24,839,7331,504,6673,335,658,0,0,839,7331,0,0,839,7331,California
San Francisco,2020-12-25,30,7361,25,6698,5,663,0,0,30,7361,0,0,30,7361,California
San Francisco,2020-12-26,243,7604,149,6847,94,757,0,0,243,7604,0,0,243,7604,California
San Francisco,2020-12-27,274,7878,61,6908,213,970,0,0,274,7878,0,0,274,7878,California
San Francisco,2020-12-28,1265,9143,681,7589,584,1554,0,0,1265,9143,0,0,1265,9143,California
San Francisco,2020-12-29,1248,10391,622,8211,626,2180,0,0,1248,10391,0,0,1248,10391,California
San Francisco,2020-12-30,1473,11864,771,8982,702,2882,0,0,1473,11864,0,0,1473,11864,California
San Francisco,2020-12-31,961,12825,409,9391,552,3434,0,0,961,12825,0,0,961,12825,California
San Francisco,2021-01-01,66,12891,58,9449,8,3442,0,0,66,12891,0,0,66,12891,California
San Francisco,2021-01-02,331,13222,299,9748,32,3474,0,0,331,13222,0,0,331,13222,California
San Francisco,2021-01-03,294,13516,100,9848,194,3668,0,0,293,13514,1,1,293,13515,California
San Francisco,2021-01-04,1837,15353,1356,11204,481,4149,0,0,1834,15345,3,4,1834,15349,California
San Francisco,2021-01-05,2233,17586,1414,12618,819,4968,0,0,2199,17511,34,38,2200,17549,California
San Francisco,2021-01-06,1871,19457,1165,13783,706,5674,0,0,1606,18855,263,301,1607,19156,California
San Francisco,2021-01-07,2049,21506,1188,14971,861,6535,0,0,1601,20011,445,746,1601,20757,California
San Francisco,2021-01-08,2322,23828,1629,16600,693,7228,0,0,1488,20670,829,1575,1488,22245,California
San Francisco,2021-01-09,1396,25224,900,17500,496,7724,0,0,886,21049,510,2085,889,23134,California
San Francisco,2021-01-10,919,26143,540,18040,379,8103,0,0,465,21061,453,2538,465,23599,California
San Francisco,2021-01-11,2467,28610,1833,19873,634,8737,0,0,1401,21395,1067,3605,1401,25000,California
San Francisco,2021-01-12,3089,31699,2059,21932,1030,9767,0,0,1891,22089,1198,4803,1892,26892,California
San Francisco,2021-01-13,2819,34518,1608,23540,1211,10978,0,0,1996,23262,823,5626,1996,28888,California
San Francisco,2021-01-14,2401,36919,1068,24608,1333,12311,0,0,1860,24582,541,6167,1861,30749,California
San Francisco,2021-01-15,2753,39672,1172,25780,1581,13892,0,0,2338,26510,413,6580,2341,33090,California
San Francisco,2021-01-16,2262,41934,982,26762,1280,15172,0,0,2081,28410,181,6761,2081,35171,California
San Francisco,2021-01-17,1918,43852,527,27289,1391,16563,0,0,1706,29904,212,6973,1706,36877,California
San Francisco,2021-01-18,1383,45235,600,27889,783,17346,0,0,1109,30744,273,7246,1113,37990,California
San Francisco,2021-01-19,2556,47791,1464,29353,1092,18438,0,0,1819,31829,737,7983,1822,39812,California
San Francisco,2021-01-20,2680,50471,1069,30422,1611,20049,0,0,1942,33036,735,8718,1942,41754,California
San Francisco,2021-01-21,3274,53745,924,31346,2350,22399,0,0,2452,34668,820,9538,2452,44206,California
San Francisco,2021-01-22,3171,56916,633,31979,2538,24937,0,0,2723,36945,446,9984,2723,46929,California
San Francisco,2021-01-23,3091,60007,606,32585,2485,27422,0,0,2726,39308,364,10348,2727,49656,California
San Francisco,2021-01-24,2421,62428,359,32944,2062,29484,0,0,2191,41274,225,10573,2191,51847,California
San Francisco,2021-01-25,4563,66991,1771,34715,2792,32276,0,0,3022,42764,1539,12112,3029,54876,California
San Francisco,2021-01-26,4634,71625,2114,36829,2520,34796,0,0,3059,44256,1573,13685,3065,57941,California
San Francisco,2021-01-27,4423,76048,2082,38911,2341,37137,0,0,3071,45980,1347,15032,3071,61012,California
San Francisco,2021-01-28,3749,79797,1552,40463,2197,39334,0,0,2577,47391,1166,16198,2577,63589,California
San Francisco,2021-01-29,4695,84492,1661,42124,3034,42368,0,0,3437,49577,1251,17449,3437,67026,California
San Francisco,2021-01-30,3721,88213,1794,43918,1927,44295,0,0,3320,52498,400,17849,3321,70347,California
San Francisco,2021-01-31,2395,90608,869,44787,1526,45821,0,0,2187,54481,206,18055,2189,72536,California
San Francisco,2021-02-01,3761,94369,1506,46293,2255,48076,0,0,2869,56461,892,18947,2872,75408,California
San Francisco,2021-02-02,4641,99010,1959,48252,2682,50758,0,0,2876,57578,1759,20706,2876,78284,California
San Francisco,2021-02-03,5049,104059,2362,50614,2687,53445,0,0,3752,60035,1295,22001,3752,82036,California
San Francisco,2021-02-04,5012,109071,2431,53045,2581,56026,0,0,3856,62737,1154,23155,3856,85892,California
San Francisco,2021-02-05,5909,114980,3186,56231,2723,58749,0,0,4584,66001,1322,24477,4586,90478,California
San Francisco,2021-02-06,5447,120427,3644,59875,1803,60552,0,0,4546,69650,897,25374,4546,95024,California
San Francisco,2021-02-07,4303,124730,3171,63046,1132,61684,0,0,3734,72818,568,25942,3736,98760,California
San Francisco,2021-02-08,6682,131412,4601,67647,2081,63765,0,0,5478,77111,1185,27127,5478,104238,California
San Francisco,2021-02-09,5907,137319,3985,71632,1922,65687,0,0,4361,79929,1543,28670,4361,108599,California
San Francisco,2021-02-10,6802,144121,4156,75788,2646,68333,0,0,5057,83250,1737,30407,5058,113657,California
San Francisco,2021-02-11,6651,150772,3938,79726,2713,71046,0,0,4848,86298,1801,32208,4849,118506,California
San Francisco,2021-02-12,5300,156072,2658,82384,2642,73688,0,0,3480,87958,1820,34028,3480,121986,California
San Francisco,2021-02-13,4274,160346,2486,84870,1788,75476,0,0,2949,89586,1323,35351,2951,124937,California
San Francisco,2021-02-14,3417,163763,2241,87111,1176,76652,0,0,2299,90769,1117,36468,2300,127237,California
San Francisco,2021-02-15,2754,166517,1491,88602,1263,77915,0,0,1670,91359,1082,37550,1672,128909,California
San Francisco,2021-02-16,4978,171495,2731,91333,2247,80162,0,0,2972,92338,1999,39549,2978,131887,California
San Francisco,2021-02-17,5419,176914,2703,94036,2716,82878,0,0,2988,92902,2424,41973,2988,134875,California
San Francisco,2021-02-18,5370,182284,2636,96672,2734,85612,0,0,2833,93199,2537,44510,2834,137709,California
San Francisco,2021-02-19,5621,187905,2640,99312,2981,88593,0,0,2929,93444,2684,47194,2929,140638,California
San Francisco,2021-02-20,4506,192411,2169,101481,2337,90930,0,0,1703,92354,2794,49988,1704,142342,California
San Francisco,2021-02-21,2698,195109,1338,102819,1360,92290,0,0,1124,91908,1570,51558,1124,143466,California
San Francisco,2021-02-22,5074,200183,3155,105974,1919,94209,0,0,2540,91924,2526,54084,2542,146008,California
San Francisco,2021-02-23,5430,205613,3082,109056,2348,96557,0,0,2773,92046,2652,56736,2774,148782,California
San Francisco,2021-02-24,8960,214573,5076,114132,3884,100441,0,0,4785,92667,4165,60901,4786,153568,California
San Francisco,2021-02-25,9748,224321,6859,120991,2889,103330,0,0,6297,95514,3451,64352,6298,159866,California
San Francisco,2021-02-26,11826,236147,7720,128711,4106,107436,0,0,6990,97671,4834,69186,6991,166857,California
San Francisco,2021-02-27,8819,244966,5624,134335,3194,110630,1,1,4458,97780,4352,73538,4461,171318,California
San Francisco,2021-02-28,7668,252634,5492,139827,2176,112806,0,1,3826,97767,3840,77378,3827,175145,California
San Francisco,2021-03-01,10511,263145,7105,146932,3406,116212,0,1,5104,97485,5388,82766,5106,180251,California
San Francisco,2021-03-02,8721,271866,5555,152487,3166,119378,0,1,5065,98901,3650,86416,5066,185317,California
San Francisco,2021-03-03,10293,282159,5993,158480,4300,123678,0,1,5446,99508,4839,91255,5446,190763,California
San Francisco,2021-03-04,7865,290024,5165,163645,2700,126378,0,1,4372,100394,3486,94741,4372,195135,California
San Francisco,2021-03-05,7780,297804,4823,168468,2954,129332,3,4,4857,102346,2911,97652,4863,199998,California
San Francisco,2021-03-06,6789,304593,4376,172844,2204,131536,209,213,4249,104251,2552,100204,4457,204455,California
San Francisco,2021-03-07,5086,309679,3949,176793,1076,132612,61,274,2850,104913,2250,102454,2912,207367,California
San Francisco,2021-03-08,7005,316684,5083,181876,1760,134372,162,436,5494,109026,1545,103999,5658,213025,California
San Francisco,2021-03-09,6628,323312,3831,185707,2417,136789,380,816,4520,111808,2115,106114,4897,217922,California
San Francisco,2021-03-10,10168,333480,5736,191443,3950,140739,482,1298,6225,114588,3928,110042,6708,224630,California
San Francisco,2021-03-11,9288,342768,5768,197211,2697,143436,823,2121,6100,118333,3176,113218,6921,231551,California
San Francisco,2021-03-12,9373,352141,5441,202652,2898,146334,1034,3155,5304,120631,4041,117259,6339,237890,California
San Francisco,2021-03-13,5926,358067,3556,206208,1412,147746,958,4113,3727,123121,2195,119454,4685,242575,California
San Francisco,2021-03-14,7252,365319,4716,210924,2303,150049,233,4346,3927,123964,3317,122771,4160,246735,California
San Francisco,2021-03-15,11928,377247,9020,219944,1975,152024,933,5279,8275,129530,3640,126411,9206,255941,California
San Francisco,2021-03-16,12010,389257,8180,228124,3374,155398,456,5735,8762,135511,3233,129644,9214,265155,California
San Francisco,2021-03-17,12815,402072,8018,236142,4257,159655,540,6275,9251,141760,3543,133187,9792,274947,California
San Francisco,2021-03-18,8735,410807,5986,242128,2233,161888,516,6791,4905,143370,3811,136998,5421,280368,California
San Francisco,2021-03-19,10456,421263,7763,249891,2332,164220,361,7152,5620,144536,4816,141814,5982,286350,California
San Francisco,2021-03-20,5871,427134,4302,254193,1296,165516,273,7425,3639,146236,2216,144030,3916,290266,California
San Francisco,2021-03-21,6212,433346,5641,259834,439,165955,132,7557,3554,147273,2650,146680,3687,293953,California
San Francisco,2021-03-22,9673,443019,6807,266641,2045,168000,821,8378,5127,148697,4523,151203,5947,299900,California
San Francisco,2021-03-23,11212,454231,7407,274048,3166,171166,639,9017,6857,151876,4327,155530,7506,307406,California
San Francisco,2021-03-24,12327,466558,9394,283442,2401,173567,532,9549,6487,153136,5807,161337,7067,314473,California
San Francisco,2021-03-25,11926,478484,8697,292139,2677,176244,552,10101,6101,154063,5769,167106,6696,321169,California
San Francisco,2021-03-26,11964,490448,8276,300415,3456,179700,232,10333,6317,155078,5620,172726,6635,327804,California
San Francisco,2021-03-27,8628,499076,5840,306255,2550,182250,238,10571,4019,154810,4595,177321,4327,332131,California
San Francisco,2021-03-28,6569,505645,5219,311474,1310,183560,40,10611,3189,154686,3363,180684,3239,335370,California
San Francisco,2021-03-29,11361,517006,7827,319301,3348,186908,186,10797,5172,153925,6168,186852,5407,340777,California
San Francisco,2021-03-30,11651,528657,7298,326599,4064,190972,289,11086,7088,156806,4541,191393,7422,348199,California
San Francisco,2021-03-31,12334,540991,8165,334764,3863,194835,306,11392,6001,156969,6302,197695,6465,354664,California
San Francisco,2021-04-01,13797,554788,7385,342149,4773,199608,1639,13031,6123,157639,7637,205332,8307,362971,California
San Francisco,2021-04-02,14688,569476,6609,348758,6251,205859,1828,14859,7173,159735,7496,212828,9592,372563,California
San Francisco,2021-04-03,10411,579887,4915,353673,3704,209563,1792,16651,4871,161060,5531,218359,6856,379419,California
San Francisco,2021-04-04,8493,588380,4410,358083,2576,212139,1507,18158,3394,160900,5087,223446,4927,384346,California
San Francisco,2021-04-05,12504,600884,7510,365593,3539,215678,1455,19613,4602,159141,7886,231332,6127,390473,California
San Joaquin,2020-12-15,12,12,12,12,0,0,0,0,12,12,0,0,12,12,California
San Joaquin,2020-12-16,436,448,436,448,0,0,0,0,436,448,0,0,436,448,California
San Joaquin,2020-12-17,386,834,386,834,0,0,0,0,386,834,0,0,386,834,California
San Joaquin,2020-12-18,574,1408,549,1383,25,25,0,0,574,1408,0,0,574,1408,California
San Joaquin,2020-12-19,202,1610,202,1585,0,25,0,0,202,1610,0,0,202,1610,California
San Joaquin,2020-12-20,112,1722,112,1697,0,25,0,0,112,1722,0,0,112,1722,California
San Joaquin,2020-12-21,556,2278,551,2248,5,30,0,0,556,2278,0,0,556,2278,California
San Joaquin,2020-12-22,1055,3333,896,3144,159,189,0,0,1054,3332,0,0,1054,3332,California
San Joaquin,2020-12-23,1023,4356,956,4100,67,256,0,0,1021,4353,0,0,1021,4353,California
San Joaquin,2020-12-24,221,4577,193,4293,28,284,0,0,220,4573,0,0,220,4573,California
San Joaquin,2020-12-25,14,4591,14,4307,0,284,0,0,14,4587,0,0,14,4587,California
San Joaquin,2020-12-26,100,4691,28,4335,72,356,0,0,100,4687,0,0,100,4687,California
San Joaquin,2020-12-27,40,4731,29,4364,11,367,0,0,40,4727,0,0,40,4727,California
San Joaquin,2020-12-28,646,5377,440,4804,206,573,0,0,646,5373,0,0,646,5373,California
San Joaquin,2020-12-29,874,6251,738,5542,136,709,0,0,874,6247,0,0,874,6247,California
San Joaquin,2020-12-30,1048,7299,743,6285,305,1014,0,0,1047,7294,0,0,1047,7294,California
San Joaquin,2020-12-31,451,7750,200,6485,251,1265,0,0,452,7746,0,0,452,7746,California
San Joaquin,2021-01-01,16,7766,10,6495,6,1271,0,0,16,7762,0,0,16,7762,California
San Joaquin,2021-01-02,250,8016,228,6723,22,1293,0,0,249,8011,0,0,249,8011,California
San Joaquin,2021-01-03,35,8051,18,6741,17,1310,0,0,34,8044,1,1,34,8045,California
San Joaquin,2021-01-04,484,8535,341,7082,143,1453,0,0,481,8525,0,1,481,8526,California
San Joaquin,2021-01-05,1026,9561,713,7795,313,1766,0,0,846,9199,181,182,855,9381,California
San Joaquin,2021-01-06,1303,10864,784,8579,519,2285,0,0,938,9781,360,542,942,10323,California
San Joaquin,2021-01-07,1130,11994,718,9297,412,2697,0,0,806,10269,320,862,808,11131,California
San Joaquin,2021-01-08,1339,13333,949,10246,390,3087,0,0,806,10547,529,1391,807,11938,California
San Joaquin,2021-01-09,373,13706,298,10544,75,3162,0,0,245,10664,128,1519,245,12183,California
San Joaquin,2021-01-10,217,13923,111,10655,106,3268,0,0,167,10781,50,1569,167,12350,California
San Joaquin,2021-01-11,1568,15491,1360,12015,208,3476,0,0,923,11065,644,2213,928,13278,California
San Joaquin,2021-01-12,1520,17011,1082,13097,438,3914,0,0,759,11074,759,2972,768,14046,California
San Joaquin,2021-01-13,1482,18493,845,13942,637,4551,0,0,959,11512,524,3496,962,15008,California
San Joaquin,2021-01-14,1590,20083,905,14847,685,5236,0,0,1225,12409,334,3830,1231,16239,California
San Joaquin,2021-01-15,1574,21657,681,15528,893,6129,0,0,1326,13510,227,4057,1328,17567,California
San Joaquin,2021-01-16,1174,22831,193,15721,981,7110,0,0,1149,14634,25,4082,1149,18716,California
San Joaquin,2021-01-17,1648,24479,125,15846,1523,8633,0,0,1619,16226,29,4111,1621,20337,California
San Joaquin,2021-01-18,720,25199,239,16085,481,9114,0,0,598,16706,118,4229,598,20935,California
San Joaquin,2021-01-19,1889,27088,898,16983,991,10105,0,0,1182,17189,704,4933,1187,22122,California
San Joaquin,2021-01-20,2139,29227,1316,18299,823,10928,0,0,1461,17979,677,5610,1467,23589,California
San Joaquin,2021-01-21,2006,31233,937,19236,1069,11997,0,0,1584,19152,417,6027,1590,25179,California
San Joaquin,2021-01-22,1985,33218,967,20203,1018,13015,0,0,1839,20852,143,6170,1843,27022,California
San Joaquin,2021-01-23,933,34151,401,20604,532,13547,0,0,661,21245,270,6440,663,27685,California
San Joaquin,2021-01-24,338,34489,129,20733,209,13756,0,0,317,21543,19,6459,317,28002,California
San Joaquin,2021-01-25,2012,36501,1173,21906,839,14595,0,0,1437,22410,574,7033,1441,29443,California
San Joaquin,2021-01-26,2204,38705,1165,23071,1039,15634,0,0,1561,23335,640,7673,1565,31008,California
San Joaquin,2021-01-27,1816,40521,820,23891,996,16630,0,0,1306,24140,507,8180,1312,32320,California
San Joaquin,2021-01-28,2147,42668,851,24742,1296,17926,0,0,1465,24928,680,8860,1468,33788,California
San Joaquin,2021-01-29,2270,44938,1142,25884,1128,19054,0,0,1891,26452,374,9234,1898,35686,California
San Joaquin,2021-01-30,2385,47323,333,26217,2052,21106,0,0,2205,28498,161,9395,2207,37893,California
San Joaquin,2021-01-31,1573,48896,181,26398,1392,22498,0,0,1496,29933,62,9457,1497,39390,California
San Joaquin,2021-02-01,2639,51535,1417,27815,1222,23720,0,0,1865,31031,769,10226,1867,41257,California
San Joaquin,2021-02-02,2709,54244,1244,29059,1465,25185,0,0,2077,32497,615,10841,2081,43338,California
San Joaquin,2021-02-03,3191,57435,1308,30367,1883,27068,0,0,2302,33920,884,11725,2307,45645,California
San Joaquin,2021-02-04,3563,60998,1813,32180,1750,28818,0,0,2747,35860,810,12535,2750,48395,California
San Joaquin,2021-02-05,3372,64370,1963,34143,1409,30227,0,0,2501,37496,868,13403,2504,50899,California
San Joaquin,2021-02-06,1132,65502,789,34932,343,30570,0,0,960,38288,170,13573,962,51861,California
San Joaquin,2021-02-07,612,66114,486,35418,126,30696,0,0,417,38517,188,13761,417,52278,California
San Joaquin,2021-02-08,1809,67923,1081,36499,728,31424,0,0,1506,39722,306,14067,1511,53789,California
San Joaquin,2021-02-09,2096,70019,1181,37680,915,32339,0,0,1638,40908,455,14522,1641,55430,California
San Joaquin,2021-02-10,2663,72682,1309,38989,1354,33693,0,0,1404,41080,1232,15754,1404,56834,California
San Joaquin,2021-02-11,2962,75644,1566,40555,1396,35089,0,0,1799,41742,1142,16896,1804,58638,California
San Joaquin,2021-02-12,2854,78498,1203,41758,1651,36740,0,0,1697,42292,1151,18047,1701,60339,California
San Joaquin,2021-02-13,2131,80629,404,42162,1727,38467,0,0,854,41886,1268,19315,862,61201,California
San Joaquin,2021-02-14,1889,82518,257,42419,1632,40099,0,0,684,41379,1192,20507,685,61886,California
San Joaquin,2021-02-15,1960,84478,823,43242,1137,41236,0,0,1188,41822,750,21257,1193,63079,California
San Joaquin,2021-02-16,3185,87663,1450,44692,1735,42971,0,0,1730,42115,1444,22701,1737,64816,California
San Joaquin,2021-02-17,3394,91057,1366,46058,2028,44999,0,0,1932,42603,1448,24149,1936,66752,California
San Joaquin,2021-02-18,3529,94586,1504,47562,2025,47024,0,0,2022,43148,1485,25634,2030,68782,California
San Joaquin,2021-02-19,4682,99268,2774,50336,1908,48932,0,0,2816,44135,1830,27464,2817,71599,California
San Joaquin,2021-02-20,1654,100922,638,50974,1016,49948,0,0,1145,44774,506,27970,1145,72744,California
San Joaquin,2021-02-21,611,101533,450,51424,161,50109,0,0,396,44956,215,28185,397,73141,California
San Joaquin,2021-02-22,4097,105630,3017,54441,1080,51189,0,0,3063,47015,1009,29194,3068,76209,California
San Joaquin,2021-02-23,4887,110517,3277,57718,1610,52799,0,0,3281,48730,1583,30777,3298,79507,California
San Joaquin,2021-02-24,6726,117243,4299,62017,2427,55226,0,0,5018,52075,1687,32464,5032,84539,California
San Joaquin,2021-02-25,7182,124425,4793,66810,2389,57615,0,0,4884,54702,2272,34736,4899,89438,California
San Joaquin,2021-02-26,6034,130459,3377,70187,2657,60272,0,0,4261,57234,1741,36477,4273,93711,California
San Joaquin,2021-02-27,5598,136057,1609,71796,3989,64261,0,0,2643,56975,2920,39397,2661,96372,California
San Joaquin,2021-02-28,3025,139082,1095,72891,1930,66191,0,0,1988,57946,1025,40422,1996,98368,California
San Joaquin,2021-03-01,4242,143324,1826,74717,2416,68607,0,0,2320,58369,1907,42329,2330,100698,California
San Joaquin,2021-03-02,4191,147515,1684,76401,2507,71114,0,0,2581,59426,1596,43925,2653,103351,California
San Joaquin,2021-03-03,6075,153590,3871,80272,2202,73316,2,2,4444,62266,1611,45536,4451,107802,California
San Joaquin,2021-03-04,5215,158805,2424,82696,2790,76106,1,3,3148,63450,1974,47510,3158,110960,California
San Joaquin,2021-03-05,4385,163190,1908,84604,2475,78581,2,5,2968,65021,1406,48916,2977,113937,California
San Joaquin,2021-03-06,3522,166712,2432,87036,968,79549,122,127,2937,67515,578,49494,3072,117009,California
San Joaquin,2021-03-07,1202,167914,545,87581,616,80165,41,168,932,68220,254,49748,959,117968,California
San Joaquin,2021-03-08,3020,170934,1201,88782,1715,81880,104,272,2034,69388,979,50727,2147,120115,California
San Joaquin,2021-03-09,4257,175191,1886,90668,2250,84130,121,393,2713,70698,1529,52256,2839,122954,California
San Joaquin,2021-03-10,5059,180250,2662,93330,2272,86402,125,518,3593,72965,1451,53707,3718,126672,California
San Joaquin,2021-03-11,5230,185480,2497,95827,2154,88556,579,1097,2901,74133,2318,56025,3486,130158,California
San Joaquin,2021-03-12,6620,192100,3492,99319,2851,91407,277,1374,3910,75739,2689,58714,4295,134453,California
San Joaquin,2021-03-13,3014,195114,1528,100847,1365,92772,121,1495,2125,77180,883,59597,2324,136777,California
San Joaquin,2021-03-14,1830,196944,585,101432,950,93722,295,1790,939,77532,887,60484,1239,138016,California
San Joaquin,2021-03-15,6609,203553,4048,105480,2163,95885,398,2188,3267,77899,3325,63809,3692,141708,California
San Joaquin,2021-03-16,7693,211246,4712,110192,2735,98620,246,2434,4314,79103,3371,67180,4575,146283,California
San Joaquin,2021-03-17,8934,220180,5797,115989,3065,101685,72,2506,4689,79651,4227,71407,4775,151058,California
San Joaquin,2021-03-18,8449,228629,5353,121342,2600,104285,496,3002,3895,79523,4521,75928,4393,155451,California
San Joaquin,2021-03-19,8348,236977,5020,126362,2794,107079,534,3536,4811,81394,3518,79446,5389,160840,California
San Joaquin,2021-03-20,3516,240493,1951,128313,1345,108424,220,3756,1743,81623,1756,81202,1985,162825,California
San Joaquin,2021-03-21,2312,242805,1669,129982,431,108855,212,3968,1386,82368,922,82124,1667,164492,California
San Joaquin,2021-03-22,4381,247186,2375,132357,1595,110450,411,4379,2774,83967,1595,83719,3194,167686,California
San Joaquin,2021-03-23,5669,252855,2890,135247,2618,113068,161,4540,4032,86547,1621,85340,4201,171887,California
San Joaquin,2021-03-24,7418,260273,4727,139974,2603,115671,88,4628,3253,85760,4147,89487,3360,175247,California
San Joaquin,2021-03-25,5932,266205,3597,143571,2297,117968,38,4666,3688,87287,2224,91711,3751,178998,California
San Joaquin,2021-03-26,6384,272589,2648,146219,3592,121560,144,4810,3421,87974,2931,94642,3618,182616,California
San Joaquin,2021-03-27,4984,277573,2812,149031,2130,123690,42,4852,1972,87032,2994,97636,2052,184668,California
San Joaquin,2021-03-28,2772,280345,1841,150872,904,124594,27,4879,1413,87222,1346,98982,1536,186204,California
San Joaquin,2021-03-29,4152,284497,2241,153113,1883,126477,28,4907,2186,87535,1949,100931,2262,188466,California
San Joaquin,2021-03-30,6168,290665,3068,156181,3066,129543,34,4941,3559,88572,2595,103526,3632,192098,California
San Joaquin,2021-03-31,5842,296507,3295,159476,2485,132028,62,5003,3261,89372,2568,106094,3368,195466,California
San Joaquin,2021-04-01,5414,301921,2705,162181,2636,134664,73,5076,3111,90373,2288,108382,3289,198755,California
San Joaquin,2021-04-02,4789,306710,1757,163938,2571,137235,461,5537,2209,90560,2562,110944,2749,201504,California
San Joaquin,2021-04-03,3472,310182,1715,165653,1452,138687,305,5842,1527,90495,1935,112879,1870,203374,California
San Joaquin,2021-04-04,1551,311733,674,166327,693,139380,184,6026,965,91073,582,113461,1160,204534,California
San Joaquin,2021-04-05,2006,313739,1067,167394,905,140285,34,6060,1425,91966,577,114038,1470,206004,California
San Luis Obispo,2020-12-16,4,4,4,4,0,0,0,0,4,4,0,0,4,4,California
San Luis Obispo,2020-12-17,196,200,196,200,0,0,0,0,196,200,0,0,196,200,California
San Luis Obispo,2020-12-18,223,423,223,423,0,0,0,0,223,423,0,0,223,423,California
San Luis Obispo,2020-12-19,164,587,164,587,0,0,0,0,164,587,0,0,164,587,California
San Luis Obispo,2020-12-20,215,802,215,802,0,0,0,0,215,802,0,0,215,802,California
San Luis Obispo,2020-12-21,552,1354,552,1354,0,0,0,0,552,1354,0,0,552,1354,California
San Luis Obispo,2020-12-22,307,1661,303,1657,4,4,0,0,307,1661,0,0,307,1661,California
San Luis Obispo,2020-12-23,683,2344,370,2027,313,317,0,0,683,2344,0,0,683,2344,California
San Luis Obispo,2020-12-24,195,2539,19,2046,176,493,0,0,195,2539,0,0,195,2539,California
San Luis Obispo,2020-12-25,2,2541,1,2047,1,494,0,0,2,2541,0,0,2,2541,California
San Luis Obispo,2020-12-26,90,2631,12,2059,78,572,0,0,90,2631,0,0,90,2631,California
San Luis Obispo,2020-12-27,75,2706,0,2059,75,647,0,0,75,2706,0,0,75,2706,California
San Luis Obispo,2020-12-28,878,3584,431,2490,447,1094,0,0,878,3584,0,0,878,3584,California
San Luis Obispo,2020-12-29,903,4487,502,2992,401,1495,0,0,903,4487,0,0,903,4487,California
San Luis Obispo,2020-12-30,1175,5662,682,3674,493,1988,0,0,1175,5662,0,0,1175,5662,California
San Luis Obispo,2020-12-31,106,5768,4,3678,102,2090,0,0,106,5768,0,0,106,5768,California
San Luis Obispo,2021-01-01,11,5779,7,3685,4,2094,0,0,11,5779,0,0,11,5779,California
San Luis Obispo,2021-01-02,31,5810,7,3692,24,2118,0,0,31,5810,0,0,31,5810,California
San Luis Obispo,2021-01-03,16,5826,6,3698,10,2128,0,0,16,5826,0,0,16,5826,California
San Luis Obispo,2021-01-04,675,6501,525,4223,150,2278,0,0,675,6501,0,0,675,6501,California
San Luis Obispo,2021-01-05,978,7479,760,4983,218,2496,0,0,976,7475,2,2,976,7477,California
San Luis Obispo,2021-01-06,728,8207,483,5466,245,2741,0,0,720,8188,7,9,720,8197,California
San Luis Obispo,2021-01-07,1129,9336,950,6416,179,2920,0,0,687,8433,442,451,687,8884,California
San Luis Obispo,2021-01-08,881,10217,805,7221,76,2996,0,0,511,8576,369,820,512,9396,California
San Luis Obispo,2021-01-09,206,10423,198,7419,8,3004,0,0,28,8426,178,998,28,9424,California
San Luis Obispo,2021-01-10,11,10434,7,7426,4,3008,0,0,7,8429,4,1002,7,9431,California
San Luis Obispo,2021-01-11,526,10960,476,7902,50,3058,0,0,264,8432,261,1263,264,9695,California
San Luis Obispo,2021-01-12,598,11558,380,8282,218,3276,0,0,320,8474,278,1541,320,10015,California
San Luis Obispo,2021-01-13,881,12439,254,8536,627,3903,0,0,642,8879,237,1778,642,10657,California
San Luis Obispo,2021-01-14,730,13169,242,8778,488,4391,0,0,605,9372,112,1890,605,11262,California
San Luis Obispo,2021-01-15,735,13904,292,9070,443,4834,0,0,557,9756,173,2063,557,11819,California
San Luis Obispo,2021-01-16,99,14003,81,9151,18,4852,0,0,94,9845,5,2068,94,11913,California
San Luis Obispo,2021-01-17,66,14069,60,9211,6,4858,0,0,66,9911,0,2068,66,11979,California
San Luis Obispo,2021-01-18,1375,15444,389,9600,986,5844,0,0,1113,10762,262,2330,1113,13092,California
San Luis Obispo,2021-01-19,1584,17028,419,10019,1165,7009,0,0,1176,11530,408,2738,1176,14268,California
San Luis Obispo,2021-01-20,1888,18916,598,10617,1290,8299,0,0,1298,12241,588,3326,1299,15567,California
San Luis Obispo,2021-01-21,1570,20486,466,11083,1104,9403,0,0,1198,13070,369,3695,1198,16765,California
San Luis Obispo,2021-01-22,1521,22007,508,11591,1013,10416,0,0,1206,13963,313,4008,1206,17971,California
San Luis Obispo,2021-01-23,309,22316,292,11883,17,10433,0,0,294,14242,15,4023,294,18265,California
San Luis Obispo,2021-01-24,244,22560,238,12121,6,10439,0,0,239,14475,6,4029,239,18504,California
San Luis Obispo,2021-01-25,2071,24631,607,12728,1464,11903,0,0,1243,14892,828,4857,1245,19749,California
San Luis Obispo,2021-01-26,1998,26629,702,13430,1296,13199,0,0,1131,15158,865,5722,1131,20880,California
San Luis Obispo,2021-01-27,1609,28238,277,13707,1332,14531,0,0,1146,15841,463,6185,1146,22026,California
San Luis Obispo,2021-01-28,1475,29713,336,14043,1139,15670,0,0,1213,16793,261,6446,1213,23239,California
San Luis Obispo,2021-01-29,1724,31437,676,14719,1048,16718,0,0,1442,17953,282,6728,1442,24681,California
San Luis Obispo,2021-01-30,35,31472,16,14735,19,16737,0,0,25,17969,9,6737,25,24706,California
San Luis Obispo,2021-01-31,25,31497,20,14755,5,16742,0,0,22,17988,3,6740,22,24728,California
San Luis Obispo,2021-02-01,1650,33147,701,15456,949,17691,0,0,1382,19102,268,7008,1382,26110,California
San Luis Obispo,2021-02-02,1889,35036,673,16129,1216,18907,0,0,1512,20238,376,7384,1512,27622,California
San Luis Obispo,2021-02-03,1697,36733,726,16855,971,19878,0,0,1286,21113,411,7795,1286,28908,California
San Luis Obispo,2021-02-04,1654,38387,800,17655,854,20732,0,0,1086,21632,567,8362,1086,29994,California
San Luis Obispo,2021-02-05,1591,39978,719,18374,872,21604,0,0,1047,22135,545,8907,1048,31042,California
San Luis Obispo,2021-02-06,158,40136,92,18466,66,21670,0,0,94,22165,64,8971,94,31136,California
San Luis Obispo,2021-02-07,142,40278,97,18563,45,21715,0,0,73,22169,69,9040,73,31209,California
San Luis Obispo,2021-02-08,849,41127,463,19026,386,22101,0,0,490,22301,358,9398,490,31699,California
San Luis Obispo,2021-02-09,1118,42245,445,19471,673,22774,0,0,537,22269,576,9974,544,32243,California
San Luis Obispo,2021-02-10,1425,43670,487,19958,938,23712,0,0,521,21892,901,10875,524,32767,California
San Luis Obispo,2021-02-11,1326,44996,839,20797,487,24199,0,0,653,21875,670,11545,653,33420,California
San Luis Obispo,2021-02-12,776,45772,357,21154,419,24618,0,0,410,21919,366,11911,410,33830,California
San Luis Obispo,2021-02-13,385,46157,124,21278,261,24879,0,0,278,22091,106,12017,278,34108,California
San Luis Obispo,2021-02-14,308,46465,42,21320,266,25145,0,0,271,22325,37,12054,271,34379,California
San Luis Obispo,2021-02-15,708,47173,133,21453,575,25720,0,0,455,22530,250,12304,455,34834,California
San Luis Obispo,2021-02-16,2955,50128,1189,22642,1766,27486,0,0,1349,22282,1597,13901,1349,36183,California
San Luis Obispo,2021-02-17,2762,52890,1223,23865,1539,29025,0,0,1021,21569,1734,15635,1021,37204,California
San Luis Obispo,2021-02-18,2809,55699,1442,25307,1367,30392,0,0,1119,21005,1683,17318,1119,38323,California
San Luis Obispo,2021-02-19,1436,57135,1318,26625,118,30510,0,0,1113,21797,322,17640,1114,39437,California
San Luis Obispo,2021-02-20,253,57388,84,26709,169,30679,0,0,217,21978,36,17676,217,39654,California
San Luis Obispo,2021-02-21,44,57432,41,26750,3,30682,0,0,28,21990,16,17692,28,39682,California
San Luis Obispo,2021-02-22,2397,59829,1850,28600,547,31229,0,0,1458,22509,939,18631,1458,41140,California
San Luis Obispo,2021-02-23,1852,61681,1739,30339,113,31342,0,0,1365,23389,485,19116,1365,42505,California
San Luis Obispo,2021-02-24,2635,64316,1294,31633,1341,32683,0,0,832,22420,1801,20917,832,43337,California
San Luis Obispo,2021-02-25,2119,66435,1238,32871,881,33564,0,0,1200,22708,913,21830,1201,44538,California
San Luis Obispo,2021-02-26,2610,69045,1128,33999,1482,35046,0,0,1308,22719,1297,23127,1308,45846,California
San Luis Obispo,2021-02-27,568,69613,344,34343,224,35270,0,0,521,23193,47,23174,521,46367,California
San Luis Obispo,2021-02-28,196,69809,73,34416,123,35393,0,0,165,23331,27,23201,165,46532,California
San Luis Obispo,2021-03-01,2886,72695,1784,36200,1101,36494,1,1,1980,24408,906,24107,1983,48515,California
San Luis Obispo,2021-03-02,2737,75432,1686,37886,1051,37545,0,1,1653,24980,1082,25189,1654,50169,California
San Luis Obispo,2021-03-03,2065,77497,291,38177,1774,39319,0,1,691,24301,1371,26560,692,50861,California
San Luis Obispo,2021-03-04,1973,79470,1007,39184,966,40285,0,1,1022,24377,949,27509,1025,51886,California
San Luis Obispo,2021-03-05,2100,81570,889,40073,1142,41427,69,70,1151,24657,940,28449,1220,53106,California
San Luis Obispo,2021-03-06,805,82375,303,40376,406,41833,96,166,602,25146,203,28652,692,53798,California
San Luis Obispo,2021-03-07,207,82582,35,40411,93,41926,79,245,82,25185,123,28775,162,53960,California
San Luis Obispo,2021-03-08,2497,85079,724,41135,1472,43398,301,546,1346,25686,1150,29925,1651,55611,California
San Luis Obispo,2021-03-09,2717,87796,895,42030,1579,44977,243,789,1352,25919,1362,31287,1595,57206,California
San Luis Obispo,2021-03-10,2602,90398,985,43015,1437,46414,180,969,1387,26272,1214,32501,1567,58773,California
San Luis Obispo,2021-03-11,2640,93038,1109,44124,1252,47666,279,1248,1420,26754,1216,33717,1698,60471,California
San Luis Obispo,2021-03-12,2658,95696,1172,45296,1227,48893,259,1507,1299,26960,1354,35071,1560,62031,California
San Luis Obispo,2021-03-13,562,96258,227,45523,224,49117,111,1618,345,27198,217,35288,455,62486,California
San Luis Obispo,2021-03-14,320,96578,41,45564,172,49289,107,1725,77,27140,242,35530,184,62670,California
San Luis Obispo,2021-03-15,2753,99331,1047,46611,1615,50904,91,1816,1284,27050,1466,36996,1376,64046,California
San Luis Obispo,2021-03-16,2601,101932,1436,48047,1066,51970,99,1915,1263,27079,1333,38329,1362,65408,California
San Luis Obispo,2021-03-17,3002,104934,1345,49392,1425,53395,232,2147,1655,27623,1343,39672,1887,67295,California
San Luis Obispo,2021-03-18,2277,107211,1256,50648,844,54239,177,2324,964,27453,1312,40984,1142,68437,California
San Luis Obispo,2021-03-19,2194,109405,1362,52010,526,54765,306,2630,715,27000,1478,42462,1025,69462,California
San Luis Obispo,2021-03-20,714,110119,463,52473,217,54982,34,2664,312,26945,401,42863,346,69808,California
San Luis Obispo,2021-03-21,184,110303,49,52522,132,55114,3,2667,157,27078,27,42890,160,69968,California
San Luis Obispo,2021-03-22,2521,112824,1146,53668,1338,56452,37,2704,1720,28067,800,43690,1789,71757,California
San Luis Obispo,2021-03-23,3268,116092,2166,55834,1088,57540,14,2718,2178,29229,1087,44777,2249,74006,California
San Luis Obispo,2021-03-24,3326,119418,2044,57878,1211,58751,71,2789,2487,31001,835,45612,2607,76613,California
San Luis Obispo,2021-03-25,3561,122979,2270,60148,1280,60031,11,2800,2542,32613,1019,46631,2631,79244,California
San Luis Obispo,2021-03-26,3097,126076,1734,61882,940,60971,423,3223,1726,33455,1368,47999,2210,81454,California
San Luis Obispo,2021-03-27,980,127056,501,62383,390,61361,89,3312,453,33473,527,48526,545,81999,California
San Luis Obispo,2021-03-28,448,127504,155,62538,238,61599,55,3367,243,33567,205,48731,299,82298,California
San Luis Obispo,2021-03-29,2585,130089,1282,63820,1174,62773,129,3496,1669,34513,906,49637,1852,84150,California
San Luis Obispo,2021-03-30,3471,133560,1891,65711,1446,64219,134,3630,2338,35931,1130,50767,2548,86698,California
San Luis Obispo,2021-03-31,3796,137356,2436,68147,1221,65440,139,3769,2493,37523,1292,52059,2884,89582,California
San Luis Obispo,2021-04-01,3589,140945,2266,70413,1240,66680,83,3852,2540,39163,1042,53101,2682,92264,California
San Luis Obispo,2021-04-02,1705,142650,670,71083,729,67409,306,4158,927,39622,778,53879,1237,93501,California
San Luis Obispo,2021-04-03,1072,143722,535,71618,417,67826,120,4278,470,39635,595,54474,608,94109,California
San Luis Obispo,2021-04-04,377,144099,128,71746,214,68040,35,4313,232,39761,145,54619,271,94380,California
San Luis Obispo,2021-04-05,721,144820,189,71935,487,68527,45,4358,296,39715,425,55044,379,94759,California
San Mateo,2020-12-15,25,25,25,25,0,0,0,0,25,25,0,0,25,25,California
San Mateo,2020-12-16,105,130,105,130,0,0,0,0,105,130,0,0,105,130,California
San Mateo,2020-12-17,179,309,179,309,0,0,0,0,179,309,0,0,179,309,California
San Mateo,2020-12-18,769,1078,767,1076,2,2,0,0,768,1076,1,1,768,1077,California
San Mateo,2020-12-19,525,1603,525,1601,0,2,0,0,525,1601,0,1,525,1602,California
San Mateo,2020-12-20,513,2116,512,2113,1,3,0,0,513,2114,0,1,513,2115,California
San Mateo,2020-12-21,1155,3271,1155,3268,0,3,0,0,1155,3269,0,1,1155,3270,California
San Mateo,2020-12-22,1510,4781,1503,4771,7,10,0,0,1510,4779,0,1,1510,4780,California
San Mateo,2020-12-23,1562,6343,1376,6147,186,196,0,0,1562,6341,0,1,1562,6342,California
San Mateo,2020-12-24,859,7202,603,6750,256,452,0,0,859,7200,0,1,859,7201,California
San Mateo,2020-12-25,112,7314,108,6858,4,456,0,0,112,7312,0,1,112,7313,California
San Mateo,2020-12-26,555,7869,412,7270,143,599,0,0,555,7867,0,1,555,7868,California
San Mateo,2020-12-27,297,8166,168,7438,129,728,0,0,297,8164,0,1,297,8165,California
San Mateo,2020-12-28,1039,9205,694,8132,345,1073,0,0,1039,9203,0,1,1039,9204,California
San Mateo,2020-12-29,1124,10329,705,8837,419,1492,0,0,1124,10327,0,1,1124,10328,California
San Mateo,2020-12-30,1259,11588,757,9594,502,1994,0,0,1258,11584,1,2,1258,11586,California
San Mateo,2020-12-31,706,12294,222,9816,484,2478,0,0,705,12288,1,3,705,12291,California
San Mateo,2021-01-01,35,12329,30,9846,5,2483,0,0,35,12323,0,3,35,12326,California
San Mateo,2021-01-02,396,12725,266,10112,130,2613,0,0,396,12719,0,3,396,12722,California
San Mateo,2021-01-03,281,13006,206,10318,75,2688,0,0,277,12992,4,7,277,12999,California
San Mateo,2021-01-04,1051,14057,678,10996,373,3061,0,0,1050,14041,1,8,1050,14049,California
San Mateo,2021-01-05,1184,15241,695,11691,489,3550,0,0,1156,15170,28,36,1157,15206,California
San Mateo,2021-01-06,1440,16681,948,12639,492,4042,0,0,1259,16251,178,214,1259,16465,California
San Mateo,2021-01-07,1421,18102,775,13414,646,4688,0,0,1143,17125,271,485,1145,17610,California
San Mateo,2021-01-08,1814,19916,1169,14583,645,5333,0,0,1129,17574,681,1166,1130,18740,California
San Mateo,2021-01-09,1189,21105,788,15371,401,5734,0,0,740,17865,449,1615,740,19480,California
San Mateo,2021-01-10,680,21785,552,15923,128,5862,0,0,257,17699,423,2038,257,19737,California
San Mateo,2021-01-11,2410,24195,1305,17228,1105,6967,0,0,1501,18292,910,2948,1503,21240,California
San Mateo,2021-01-12,3276,27471,1764,18992,1512,8479,0,0,2090,19200,1186,4134,2094,23334,California
San Mateo,2021-01-13,3465,30936,1748,20740,1717,10196,0,0,2437,20612,1028,5162,2440,25774,California
San Mateo,2021-01-14,3763,34699,1570,22310,2193,12389,0,0,3087,23030,675,5837,3093,28867,California
San Mateo,2021-01-15,4379,39078,1806,24116,2573,14962,0,0,3796,26250,581,6418,3801,32668,California
San Mateo,2021-01-16,3129,42207,820,24936,2309,17271,0,0,2774,28670,355,6773,2775,35443,California
San Mateo,2021-01-17,1316,43523,308,25244,1008,18279,0,0,1112,29578,204,6977,1112,36555,California
San Mateo,2021-01-18,1394,44917,556,25800,838,19117,0,0,989,30170,403,7380,995,37550,California
San Mateo,2021-01-19,2777,47694,1767,27567,1010,20127,0,0,1998,31395,778,8158,2003,39553,California
San Mateo,2021-01-20,2641,50335,1393,28960,1248,21375,0,0,1806,32372,830,8988,1807,41360,California
San Mateo,2021-01-21,2804,53139,1279,30239,1525,22900,0,0,2226,34026,577,9565,2231,43591,California
San Mateo,2021-01-22,2837,55976,1179,31418,1658,24558,0,0,2492,36175,343,9908,2492,46083,California
San Mateo,2021-01-23,2884,58860,1689,33107,1195,25753,0,0,2524,38340,360,10268,2525,48608,California
San Mateo,2021-01-24,1581,60441,397,33504,1184,26937,0,0,1252,39265,327,10595,1252,49860,California
San Mateo,2021-01-25,4394,64835,3116,36620,1278,28215,0,0,3533,41943,858,11453,3536,53396,California
San Mateo,2021-01-26,4299,69134,2997,39617,1302,29517,0,0,3381,44407,917,12370,3381,56777,California
San Mateo,2021-01-27,2747,71881,1433,41050,1314,30831,0,0,1778,45220,965,13335,1778,58555,California
San Mateo,2021-01-28,2796,74677,1362,42412,1434,32265,0,0,1941,46325,836,14171,1941,60496,California
San Mateo,2021-01-29,2905,77582,1271,43683,1634,33899,0,0,2132,47687,770,14941,2132,62628,California
San Mateo,2021-01-30,3231,80813,1336,45019,1895,35794,0,0,2911,50280,319,15260,2912,65540,California
San Mateo,2021-01-31,1908,82721,1125,46144,783,36577,0,0,1519,51416,384,15644,1520,67060,California
San Mateo,2021-02-01,2908,85629,1334,47478,1574,38151,0,0,2208,52931,696,16340,2211,69271,California
San Mateo,2021-02-02,3146,88775,1722,49200,1424,39575,0,0,2140,54067,1004,17344,2140,71411,California
San Mateo,2021-02-03,4863,93638,1937,51137,2926,42501,0,0,3816,56840,1044,18388,3817,75228,California
San Mateo,2021-02-04,6276,99914,2586,53723,3690,46191,0,0,4918,60408,1352,19740,4920,80148,California
San Mateo,2021-02-05,6768,106682,2546,56269,4222,50413,0,0,4949,63557,1801,21541,4950,85098,California
San Mateo,2021-02-06,3287,109969,1920,58189,1367,51780,0,0,2633,65537,654,22195,2634,87732,California
San Mateo,2021-02-07,1889,111858,1332,59521,557,52337,0,0,1703,67054,186,22381,1703,89435,California
San Mateo,2021-02-08,5263,117121,2236,61757,3027,55364,0,0,3088,68030,2112,24493,3088,92523,California
San Mateo,2021-02-09,6160,123281,3212,64969,2948,58312,0,0,3324,68522,2832,27325,3324,95847,California
San Mateo,2021-02-10,6500,129781,3283,68252,3217,61529,0,0,3543,69117,2948,30273,3543,99390,California
San Mateo,2021-02-11,6998,136779,3563,71815,3435,64964,0,0,3789,69707,3201,33474,3791,103181,California
San Mateo,2021-02-12,6579,143358,2950,74765,3629,68593,0,0,4681,72496,1893,35367,4682,107863,California
San Mateo,2021-02-13,6075,149433,3982,78747,2093,70686,0,0,2635,71694,3437,38804,2635,110498,California
San Mateo,2021-02-14,4620,154053,3014,81761,1606,72292,0,0,1965,71008,2652,41456,1966,112464,California
San Mateo,2021-02-15,3147,157200,1454,83215,1693,73985,0,0,1775,71416,1369,42825,1777,114241,California
San Mateo,2021-02-16,7122,164322,1857,85072,5265,79250,0,0,5277,74848,1845,44670,5277,119518,California
San Mateo,2021-02-17,7025,171347,1917,86989,5108,84358,0,0,5042,77913,1978,46648,5043,124561,California
San Mateo,2021-02-18,6657,178004,4624,91613,2033,86391,0,0,4422,80106,2230,48878,4423,128984,California
San Mateo,2021-02-19,7773,185777,5586,97199,2187,88578,0,0,5794,83924,1976,50854,5794,134778,California
San Mateo,2021-02-20,3713,189490,2397,99596,1316,89894,0,0,2295,84807,1412,52266,2295,137073,California
San Mateo,2021-02-21,2238,191728,1387,100983,851,90745,0,0,1229,85030,1006,53272,1229,138302,California
San Mateo,2021-02-22,4357,196085,3148,104131,1209,91954,0,0,2739,86160,1612,54884,2742,141044,California
San Mateo,2021-02-23,4217,200302,2988,107119,1229,93183,0,0,2428,86805,1785,56669,2430,143474,California
San Mateo,2021-02-24,7273,207575,3272,110391,4001,97184,0,0,4843,89226,2424,59093,4845,148319,California
San Mateo,2021-02-25,8941,216516,3980,114371,4961,102145,0,0,5904,92109,3022,62115,5905,154224,California
San Mateo,2021-02-26,9605,226121,3671,118042,5934,108079,0,0,6706,95927,2889,65004,6707,160931,California
San Mateo,2021-02-27,6616,232737,3398,121440,3218,111297,0,0,3572,96466,3039,68043,3578,164509,California
San Mateo,2021-02-28,4082,236819,2471,123911,1611,112908,0,0,2532,97453,1547,69590,2534,167043,California
San Mateo,2021-03-01,5587,242406,3509,127420,2078,114986,0,0,2773,97420,2806,72396,2773,169816,California
San Mateo,2021-03-02,5596,248002,3878,131298,1717,116703,1,1,3212,98259,2374,74770,3213,173029,California
San Mateo,2021-03-03,7658,255660,3562,134860,4096,120799,0,1,3130,96870,4520,79290,3131,176160,California
San Mateo,2021-03-04,7531,263191,3581,138441,3948,124747,2,3,3296,95949,4225,83515,3304,179464,California
San Mateo,2021-03-05,8106,271297,5587,144028,2517,127264,2,5,5850,99566,2242,85757,5859,185323,California
San Mateo,2021-03-06,7601,278898,5311,149339,2126,129390,164,169,5597,103333,1996,87753,5763,191086,California
San Mateo,2021-03-07,3427,282325,2279,151618,1076,130466,72,241,1963,103907,1461,89214,2035,193121,California
San Mateo,2021-03-08,4299,286624,2414,154032,1711,132177,174,415,3150,106090,1145,90359,3328,196449,California
San Mateo,2021-03-09,4457,291081,2077,156109,2100,134277,280,695,2918,107757,1531,91890,3198,199647,California
San Mateo,2021-03-10,6672,297753,2560,158669,3839,138116,273,968,4333,110036,2331,94221,4610,204257,California
San Mateo,2021-03-11,7308,305061,4103,162772,2866,140982,339,1307,3399,109877,3900,98121,3741,207998,California
San Mateo,2021-03-12,8193,313254,4694,167466,3222,144204,277,1584,3191,108359,4990,103111,3472,211470,California
San Mateo,2021-03-13,7341,320595,3156,170622,2644,146848,1541,3125,3619,109797,3719,106830,5157,216627,California
San Mateo,2021-03-14,4656,325251,3236,173858,1320,148168,100,3225,2851,110947,1801,108631,2951,219578,California
San Mateo,2021-03-15,7037,332288,4523,178381,2345,150513,169,3394,3792,111669,3239,111870,3961,223539,California
San Mateo,2021-03-16,10867,343155,4367,182748,6370,156883,130,3524,4820,110588,6034,117904,4953,228492,California
San Mateo,2021-03-17,9684,352839,4246,186994,5317,162200,121,3645,4717,110488,4946,122850,4846,233338,California
San Mateo,2021-03-18,6195,359034,3476,190470,2548,164748,171,3816,3574,111617,2619,125469,3748,237086,California
San Mateo,2021-03-19,6139,365173,4149,194619,1516,166264,474,4290,3026,112014,3106,128575,3503,240589,California
San Mateo,2021-03-20,6288,371461,5015,199634,1042,167306,231,4521,4395,114761,1880,130455,4627,245216,California
San Mateo,2021-03-21,4031,375492,3029,202663,771,168077,231,4752,2298,115562,1724,132179,2525,247741,California
San Mateo,2021-03-22,5263,380755,3552,206215,1290,169367,421,5173,2940,116617,2309,134488,3364,251105,California
San Mateo,2021-03-23,9765,390520,4454,210669,5114,174481,197,5370,4743,116579,4998,139486,4960,256065,California
San Mateo,2021-03-24,9550,400070,5499,216168,3905,178386,146,5516,4310,115979,5189,144675,4589,260654,California
San Mateo,2021-03-25,9947,410017,4869,221037,4824,183210,254,5770,4471,115378,5384,150059,4783,265437,California
San Mateo,2021-03-26,11094,421111,7608,228645,3318,186528,168,5938,4488,113574,6577,156636,4773,270210,California
San Mateo,2021-03-27,10334,431445,7882,236527,2341,188869,111,6049,4636,112726,5678,162314,4830,275040,California
San Mateo,2021-03-28,4217,435662,2757,239284,1348,190217,112,6161,2120,112881,2091,164405,2246,277286,California
San Mateo,2021-03-29,6045,441707,3716,243000,2068,192285,261,6422,2876,112891,3154,167559,3164,280450,California
San Mateo,2021-03-30,7132,448839,4051,247051,2920,195205,161,6583,4582,115153,2534,170093,4796,285246,California
San Mateo,2021-03-31,7300,456139,4602,251653,2550,197755,148,6731,4305,116694,2981,173074,4522,289768,California
San Mateo,2021-04-01,10199,466338,4896,256549,4126,201881,1177,7908,5497,119085,4679,177753,7070,296838,California
San Mateo,2021-04-02,10399,476737,5093,261642,3812,205693,1494,9402,5690,122072,4694,182447,7681,304519,California
San Mateo,2021-04-03,9538,486275,5473,267115,2385,208078,1680,11082,4881,124178,4648,187095,6754,311273,California
San Mateo,2021-04-04,5110,491385,2492,269607,1455,209533,1163,12245,1583,123435,3518,190613,2775,314048,California
San Mateo,2021-04-05,6394,497779,3275,272882,1779,211312,1340,13585,2425,123270,3964,194577,3799,317847,California
Santa Barbara,2020-12-15,2,2,2,2,0,0,0,0,2,2,0,0,2,2,California
Santa Barbara,2020-12-16,2,4,2,4,0,0,0,0,2,4,0,0,2,4,California
Santa Barbara,2020-12-17,51,55,51,55,0,0,0,0,51,55,0,0,51,55,California
Santa Barbara,2020-12-18,377,432,376,431,1,1,0,0,377,432,0,0,377,432,California
Santa Barbara,2020-12-19,325,757,325,756,0,1,0,0,325,757,0,0,325,757,California
Santa Barbara,2020-12-20,234,991,234,990,0,1,0,0,234,991,0,0,234,991,California
Santa Barbara,2020-12-21,649,1640,647,1637,2,3,0,0,649,1640,0,0,649,1640,California
Santa Barbara,2020-12-22,243,1883,241,1878,2,5,0,0,243,1883,0,0,243,1883,California
Santa Barbara,2020-12-23,320,2203,202,2080,118,123,0,0,320,2203,0,0,320,2203,California
Santa Barbara,2020-12-24,87,2290,40,2120,47,170,0,0,87,2290,0,0,87,2290,California
Santa Barbara,2020-12-26,328,2618,67,2187,261,431,0,0,328,2618,0,0,328,2618,California
Santa Barbara,2020-12-27,62,2680,1,2188,61,492,0,0,62,2680,0,0,62,2680,California
Santa Barbara,2020-12-28,352,3032,218,2406,134,626,0,0,352,3032,0,0,352,3032,California
Santa Barbara,2020-12-29,550,3582,358,2764,192,818,0,0,550,3582,0,0,550,3582,California
Santa Barbara,2020-12-30,582,4164,402,3166,180,998,0,0,582,4164,0,0,582,4164,California
Santa Barbara,2020-12-31,238,4402,112,3278,126,1124,0,0,238,4402,0,0,238,4402,California
Santa Barbara,2021-01-01,107,4509,106,3384,1,1125,0,0,107,4509,0,0,107,4509,California
Santa Barbara,2021-01-02,587,5096,224,3608,363,1488,0,0,587,5096,0,0,587,5096,California
Santa Barbara,2021-01-03,23,5119,15,3623,8,1496,0,0,23,5119,0,0,23,5119,California
Santa Barbara,2021-01-04,306,5425,243,3866,63,1559,0,0,305,5424,0,0,305,5424,California
Santa Barbara,2021-01-05,748,6173,376,4242,372,1931,0,0,722,6120,26,26,722,6146,California
Santa Barbara,2021-01-06,656,6829,273,4515,383,2314,0,0,598,6661,57,83,598,6744,California
Santa Barbara,2021-01-07,1028,7857,706,5221,322,2636,0,0,524,6685,500,583,524,7268,California
Santa Barbara,2021-01-08,1202,9059,839,6060,363,2999,0,0,709,6901,493,1076,709,7977,California
Santa Barbara,2021-01-09,568,9627,293,6353,275,3274,0,0,323,6979,245,1321,323,8300,California
Santa Barbara,2021-01-10,65,9692,51,6404,14,3288,0,0,49,7012,16,1337,49,8349,California
Santa Barbara,2021-01-11,839,10531,668,7072,171,3459,0,0,615,7404,223,1560,615,8964,California
Santa Barbara,2021-01-12,1428,11959,634,7706,794,4253,0,0,1271,8518,157,1717,1271,10235,California
Santa Barbara,2021-01-13,1229,13188,280,7986,949,5202,0,0,1104,9497,125,1842,1104,11339,California
Santa Barbara,2021-01-14,1244,14432,133,8119,1111,6313,0,0,1190,10634,53,1895,1190,12529,California
Santa Barbara,2021-01-15,1792,16224,414,8533,1378,7691,0,0,1713,12269,78,1973,1713,14242,California
Santa Barbara,2021-01-16,1270,17494,199,8732,1071,8762,0,0,1232,13464,37,2010,1232,15474,California
Santa Barbara,2021-01-17,125,17619,21,8753,104,8866,0,0,121,13581,4,2014,121,15595,California
Santa Barbara,2021-01-18,1150,18769,416,9169,734,9600,0,0,966,14364,183,2197,966,16561,California
Santa Barbara,2021-01-19,1637,20406,565,9734,1072,10672,0,0,1359,15446,277,2474,1359,17920,California
Santa Barbara,2021-01-20,1984,22390,441,10175,1543,12215,0,0,1695,16853,288,2762,1695,19615,California
Santa Barbara,2021-01-21,3084,25474,1814,11989,1270,13485,0,0,2933,19636,151,2913,2934,22549,California
Santa Barbara,2021-01-22,2991,28465,1849,13838,1142,14627,0,0,2846,22340,142,3055,2846,25395,California
Santa Barbara,2021-01-23,1732,30197,1107,14945,625,15252,0,0,1222,23053,509,3564,1222,26617,California
Santa Barbara,2021-01-24,845,31042,754,15699,91,15343,0,0,837,23882,8,3572,837,27454,California
Santa Barbara,2021-01-25,1232,32274,492,16191,740,16083,0,0,995,24640,237,3809,995,28449,California
Santa Barbara,2021-01-26,2033,34307,458,16649,1575,17658,0,0,1649,25908,382,4191,1650,30099,California
Santa Barbara,2021-01-27,1154,35461,399,17048,755,18413,0,0,899,26553,254,4445,899,30998,California
Santa Barbara,2021-01-28,890,36351,293,17341,597,19010,0,0,680,27026,207,4652,680,31678,California
Santa Barbara,2021-01-29,1328,37679,533,17874,795,19805,0,0,975,27653,350,5002,977,32655,California
Santa Barbara,2021-01-30,1894,39573,1422,19296,472,20277,0,0,1491,28744,400,5402,1491,34146,California
Santa Barbara,2021-01-31,1458,41031,1221,20517,237,20514,0,0,1418,30122,40,5442,1418,35564,California
Santa Barbara,2021-02-01,931,41962,516,21033,415,20929,0,0,544,30280,386,5828,544,36108,California
Santa Barbara,2021-02-02,1809,43771,693,21726,1116,22045,0,0,1036,30546,770,6598,1036,37144,California
Santa Barbara,2021-02-03,1943,45714,1077,22803,866,22911,0,0,1500,31612,434,7032,1500,38644,California
Santa Barbara,2021-02-04,2775,48489,1859,24662,916,23827,0,0,2481,33804,289,7321,2481,41125,California
Santa Barbara,2021-02-05,2900,51389,2057,26719,843,24670,0,0,2259,35423,640,7961,2259,43384,California
Santa Barbara,2021-02-06,1200,52589,337,27056,863,25533,0,0,794,35811,406,8367,794,44178,California
Santa Barbara,2021-02-07,300,52889,262,27318,38,25571,0,0,265,36042,34,8401,265,44443,California
Santa Barbara,2021-02-08,952,53841,307,27625,645,26216,0,0,666,36422,286,8687,666,45109,California
Santa Barbara,2021-02-09,2432,56273,312,27937,2120,28336,0,0,1119,36237,1304,9991,1119,46228,California
Santa Barbara,2021-02-10,2753,59026,1495,29432,1258,29594,0,0,798,35086,1949,11940,798,47026,California
Santa Barbara,2021-02-11,4177,63203,2803,32235,1374,30968,0,0,619,32152,3553,15493,619,47645,California
Santa Barbara,2021-02-12,3298,66501,945,33180,2353,33321,0,0,769,30397,2524,18017,769,48414,California
Santa Barbara,2021-02-13,1233,67734,337,33517,896,34217,0,0,561,30289,669,18686,561,48975,California
Santa Barbara,2021-02-14,331,68065,33,33550,298,34515,0,0,285,30528,46,18732,285,49260,California
Santa Barbara,2021-02-15,953,69018,335,33885,618,35133,0,0,487,30553,462,19194,487,49747,California
Santa Barbara,2021-02-16,2112,71130,396,34281,1716,36849,0,0,721,29885,1389,20583,721,50468,California
Santa Barbara,2021-02-17,1425,72555,317,34598,1108,37957,0,0,512,29486,911,21494,512,50980,California
Santa Barbara,2021-02-18,3250,75805,2646,37244,604,38561,0,0,1518,29306,1698,23192,1518,52498,California
Santa Barbara,2021-02-19,3601,79406,2649,39893,952,39513,0,0,2334,30375,1265,24457,2334,54832,California
Santa Barbara,2021-02-20,2219,81625,1428,41321,791,40304,0,0,1669,31504,541,24998,1670,56502,California
Santa Barbara,2021-02-21,103,81728,77,41398,26,40330,0,0,51,31503,52,25050,51,56553,California
Santa Barbara,2021-02-22,907,82635,229,41627,678,41008,0,0,253,31109,647,25697,253,56806,California
Santa Barbara,2021-02-23,3179,85814,1042,42669,2137,43145,0,0,422,28776,2755,28452,422,57228,California
Santa Barbara,2021-02-24,3159,88973,1080,43749,2079,45224,0,0,710,27045,2441,30893,710,57938,California
Santa Barbara,2021-02-25,3451,92424,1917,45666,1534,46758,0,0,986,25573,2458,33351,986,58924,California
Santa Barbara,2021-02-26,3637,96061,2168,47834,1469,48227,0,0,1977,25896,1655,35006,1978,60902,California
Santa Barbara,2021-02-27,1517,97578,561,48395,956,49183,0,0,840,26067,672,35678,843,61745,California
Santa Barbara,2021-02-28,1071,98649,215,48610,856,50039,0,0,883,26766,185,35863,884,62629,California
Santa Barbara,2021-03-01,1581,100230,458,49068,1123,51162,0,0,1069,27328,509,36372,1071,63700,California
Santa Barbara,2021-03-02,2489,102719,388,49456,2101,53263,0,0,2013,28873,468,36840,2013,65713,California
Santa Barbara,2021-03-03,4451,107170,2067,51523,2382,55645,2,2,3884,32205,558,37398,3890,69603,California
Santa Barbara,2021-03-04,3355,110525,2251,53774,1104,56749,0,2,2813,34482,537,37935,2814,72417,California
Santa Barbara,2021-03-05,3742,114267,2153,55927,1533,58282,56,58,3046,36894,691,38626,3103,75520,California
Santa Barbara,2021-03-06,2368,116635,703,56630,1466,59748,199,257,1628,37982,738,39364,1826,77346,California
Santa Barbara,2021-03-07,544,117179,123,56753,305,60053,116,373,381,38317,163,39527,498,77844,California
Santa Barbara,2021-03-08,1520,118699,369,57122,839,60892,312,685,773,38659,743,40270,1085,78929,California
Santa Barbara,2021-03-09,2669,121368,327,57449,1631,62523,711,1396,684,38072,1981,42251,1394,80323,California
Santa Barbara,2021-03-10,2428,123796,415,57864,1110,63633,903,2299,864,38282,1557,43808,1767,82090,California
Santa Barbara,2021-03-11,5295,129091,2935,60799,1335,64968,1025,3324,2132,38284,3155,46963,3157,85247,California
Santa Barbara,2021-03-12,2968,132059,1796,62595,828,65796,344,3668,1819,39303,1145,48108,2164,87411,California
Santa Barbara,2021-03-13,2708,134767,1494,64089,1071,66867,143,3811,2182,41105,525,48633,2327,89738,California
Santa Barbara,2021-03-14,494,135261,242,64331,198,67065,54,3865,288,41241,206,48839,342,90080,California
Santa Barbara,2021-03-15,2041,137302,670,65001,1109,68174,262,4127,1238,41942,799,49638,1500,91580,California
Santa Barbara,2021-03-16,3558,140860,1133,66134,2089,70263,336,4463,2580,43885,973,50611,2916,94496,California
Santa Barbara,2021-03-17,3131,143991,882,67016,1851,72114,398,4861,2175,45505,954,51565,2574,97070,California
Santa Barbara,2021-03-18,3535,147526,2204,69220,1175,73289,156,5017,2496,47129,1030,52595,2654,99724,California
Santa Barbara,2021-03-19,3351,150877,1999,71219,1036,74325,316,5333,2171,48441,1177,53772,2489,102213,California
Santa Barbara,2021-03-20,1553,152430,672,71891,874,75199,7,5340,973,48842,579,54351,980,103193,California
Santa Barbara,2021-03-21,1132,153562,368,72259,734,75933,30,5370,812,49368,317,54668,843,104036,California
Santa Barbara,2021-03-22,2716,156278,1858,74117,812,76745,46,5416,2169,51046,541,55209,2219,106255,California
Santa Barbara,2021-03-23,4297,160575,2205,76322,1998,78743,94,5510,3547,53945,743,55952,3642,109897,California
Santa Barbara,2021-03-24,5223,165798,3039,79361,1460,80203,724,6234,2819,55100,2387,58339,3542,113439,California
Santa Barbara,2021-03-25,5420,171218,3222,82583,2019,82222,179,6413,2682,55239,2725,61064,2864,116303,California
Santa Barbara,2021-03-26,5025,176243,3181,85764,1549,83771,295,6708,2197,54919,2814,63878,2494,118797,California
Santa Barbara,2021-03-27,2894,179137,1212,86976,1640,85411,42,6750,1580,55240,1308,65186,1629,120426,California
Santa Barbara,2021-03-28,2685,181822,1587,88563,1070,86481,28,6778,1807,56202,875,66061,1837,122263,California
Santa Barbara,2021-03-29,3956,185778,2018,90581,1865,88346,73,6851,3158,58650,794,66855,3242,125505,California
Santa Barbara,2021-03-30,6569,192347,3324,93905,3097,91443,148,6999,4355,60958,2204,69059,4512,130017,California
Santa Barbara,2021-03-31,8311,200658,5202,99107,3042,94485,67,7066,4927,62814,3368,72427,5224,135241,California
Santa Barbara,2021-04-01,6565,207223,4826,103933,1528,96013,211,7277,3885,64332,2671,75098,4189,139430,California
Santa Barbara,2021-04-02,6326,213549,4308,108241,1449,97462,569,7846,3271,65294,3050,78148,4012,143442,California
Santa Barbara,2021-04-03,3616,217165,1998,110239,1549,99011,69,7915,2379,66550,1230,79378,2486,145928,California
Santa Barbara,2021-04-04,840,218005,411,110650,393,99404,36,7951,520,66795,319,79697,564,146492,California
Santa Barbara,2021-04-05,988,218993,489,111139,406,99810,93,8044,462,66838,523,80220,566,147058,California
Santa Clara,2020-12-15,63,63,63,63,0,0,0,0,63,63,0,0,63,63,California
Santa Clara,2020-12-16,133,196,133,196,0,0,0,0,133,196,0,0,133,196,California
Santa Clara,2020-12-17,453,649,453,649,0,0,0,0,453,649,0,0,453,649,California
Santa Clara,2020-12-18,1721,2370,1721,2370,0,0,0,0,1721,2370,0,0,1721,2370,California
Santa Clara,2020-12-19,2110,4480,2110,4480,0,0,0,0,2108,4477,1,1,2108,4478,California
Santa Clara,2020-12-20,1875,6355,1869,6349,6,6,0,0,1872,6349,0,1,1872,6350,California
Santa Clara,2020-12-21,2646,9001,2646,8995,0,6,0,0,2643,8991,1,2,2643,8993,California
Santa Clara,2020-12-22,3106,12107,3097,12092,9,15,0,0,3104,12095,0,2,3104,12097,California
Santa Clara,2020-12-23,3233,15340,3048,15140,185,200,0,0,3231,15326,0,2,3231,15328,California
Santa Clara,2020-12-24,1887,17227,1698,16838,189,389,0,0,1881,17206,1,3,1881,17209,California
Santa Clara,2020-12-25,337,17564,336,17174,1,390,0,0,337,17543,0,3,337,17546,California
Santa Clara,2020-12-26,1257,18821,1026,18200,231,621,0,0,1256,18799,0,3,1256,18802,California
Santa Clara,2020-12-27,635,19456,498,18698,137,758,0,0,635,19434,0,3,635,19437,California
Santa Clara,2020-12-28,2323,21779,1721,20419,602,1360,0,0,2323,21757,0,3,2323,21760,California
Santa Clara,2020-12-29,2321,24100,1458,21877,863,2223,0,0,2319,24076,0,3,2319,24079,California
Santa Clara,2020-12-30,2970,27070,1882,23759,1088,3311,0,0,2970,27046,0,3,2970,27049,California
Santa Clara,2020-12-31,1200,28270,385,24144,815,4126,0,0,1199,28244,1,4,1199,28248,California
Santa Clara,2021-01-01,135,28405,5,24149,130,4256,0,0,135,28379,0,4,135,28383,California
Santa Clara,2021-01-02,1082,29487,811,24960,271,4527,0,0,1082,29461,0,4,1082,29465,California
Santa Clara,2021-01-03,583,30070,367,25327,216,4743,0,0,581,30040,2,6,581,30046,California
Santa Clara,2021-01-04,2473,32543,1669,26996,804,5547,0,0,2470,32509,1,7,2470,32516,California
Santa Clara,2021-01-05,3051,35594,1995,28991,1056,6603,0,0,2865,35193,185,192,2869,35385,California
Santa Clara,2021-01-06,3302,38896,1944,30935,1358,7961,0,0,2733,37361,566,758,2734,38119,California
Santa Clara,2021-01-07,4130,43026,2471,33406,1659,9620,0,0,3104,39456,1016,1774,3111,41230,California
Santa Clara,2021-01-08,5852,48878,3829,37235,2023,11643,0,0,3792,41193,2055,3829,3792,45022,California
Santa Clara,2021-01-09,2987,51865,1879,39114,1108,12751,0,0,1709,41629,1278,5107,1714,46736,California
Santa Clara,2021-01-10,1867,53732,1424,40538,443,13194,0,0,728,41219,1138,6245,728,47464,California
Santa Clara,2021-01-11,5613,59345,3403,43941,2210,15404,0,0,3295,42201,2318,8563,3300,50764,California
Santa Clara,2021-01-12,6676,66021,3278,47219,3398,18802,0,0,4501,44535,2175,10738,4509,55273,California
Santa Clara,2021-01-13,7390,73411,3057,50276,4333,23135,0,0,5217,47596,2170,12908,5231,60504,California
Santa Clara,2021-01-14,8150,81561,2709,52985,5441,28576,0,0,6490,52440,1657,14565,6501,67005,California
Santa Clara,2021-01-15,9571,91132,2930,55915,6641,35217,0,0,8110,59110,1457,16022,8127,75132,California
Santa Clara,2021-01-16,4443,95575,1310,57225,3133,38350,0,0,3545,61764,895,16917,3549,78681,California
Santa Clara,2021-01-17,3234,98809,613,57838,2621,40971,0,0,2731,63994,501,17418,2731,81412,California
Santa Clara,2021-01-18,5209,104018,1252,59090,3957,44928,0,0,4563,67913,646,18064,4565,85977,California
Santa Clara,2021-01-19,8401,112419,2620,61710,5781,50709,0,0,6755,73032,1644,19708,6763,92740,California
Santa Clara,2021-01-20,7975,120394,4000,65710,3975,54684,0,0,6455,77971,1517,21225,6456,99196,California
Santa Clara,2021-01-21,8499,128893,3626,69336,4873,59557,0,0,7355,84186,1141,22366,7356,106552,California
Santa Clara,2021-01-22,8659,137552,3278,72614,5381,64938,0,0,8013,91556,645,23011,8015,114567,California
Santa Clara,2021-01-23,3778,141330,1683,74297,2095,67033,0,0,2823,93424,955,23966,2823,117390,California
Santa Clara,2021-01-24,2886,144216,1469,75766,1417,68450,0,0,2353,95245,532,24498,2353,119743,California
Santa Clara,2021-01-25,8305,152521,3729,79495,4576,73026,0,0,6296,99555,2003,26501,6313,126056,California
Santa Clara,2021-01-26,8229,160750,3764,83259,4465,77491,0,0,6088,103521,2130,28631,6096,132152,California
Santa Clara,2021-01-27,8595,169345,3744,87003,4851,82342,0,0,6738,108421,1839,30470,6739,138891,California
Santa Clara,2021-01-28,9431,178776,3786,90789,5645,87987,0,0,7465,113948,1942,32412,7469,146360,California
Santa Clara,2021-01-29,9443,188219,3884,94673,5559,93546,0,0,7329,119173,2104,34516,7329,153689,California
Santa Clara,2021-01-30,3902,192121,1801,96474,2101,95647,0,0,2957,121188,943,35459,2958,156647,California
Santa Clara,2021-01-31,2568,194689,1702,98176,866,96513,0,0,1578,121784,983,36442,1579,158226,California
Santa Clara,2021-02-01,7805,202494,3458,101634,4347,100860,0,0,6134,126257,1663,38105,6136,164362,California
Santa Clara,2021-02-02,8053,210547,2854,104488,5199,106059,0,0,6075,130362,1973,40078,6078,170440,California
Santa Clara,2021-02-03,9185,219732,3470,107958,5715,111774,0,0,6931,135049,2249,42327,6936,177376,California
Santa Clara,2021-02-04,10556,230288,4116,112074,6440,118214,0,0,8291,141085,2258,44585,8294,185670,California
Santa Clara,2021-02-05,11882,242170,4327,116401,7555,125769,0,0,8432,146084,3434,48019,8433,194103,California
Santa Clara,2021-02-06,5146,247316,2796,119197,2350,128119,0,0,3994,148929,1149,49168,3994,198097,California
Santa Clara,2021-02-07,3467,250783,2349,121546,1118,129237,0,0,3023,151510,442,49610,3023,201120,California
Santa Clara,2021-02-08,10001,260784,3481,125027,6520,135757,0,0,7278,156082,2708,52318,7280,208400,California
Santa Clara,2021-02-09,10773,271557,3802,128829,6971,142728,0,0,7297,159914,3467,55785,7299,215699,California
Santa Clara,2021-02-10,12651,284208,4895,133724,7756,150484,0,0,6923,161124,5716,61501,6926,222625,California
Santa Clara,2021-02-11,13170,297378,4630,138354,8540,159024,0,0,7439,162846,5719,67220,7441,230066,California
Santa Clara,2021-02-12,14547,311925,4473,142827,10074,169098,0,0,7043,162402,7488,74708,7044,237110,California
Santa Clara,2021-02-13,6074,317999,1442,144269,4632,173730,0,0,2218,160769,3852,78560,2219,239329,California
Santa Clara,2021-02-14,4628,322627,1141,145410,3487,177217,0,0,1493,159128,3134,81694,1493,240822,California
Santa Clara,2021-02-15,6225,328852,2781,148191,3444,180661,0,0,2681,158275,3538,85232,2685,243507,California
Santa Clara,2021-02-16,13572,342424,3992,152183,9580,190241,0,0,6750,158221,6804,92036,6750,250257,California
Santa Clara,2021-02-17,14040,356464,5488,157671,8552,198793,0,0,7036,158273,6989,99025,7041,257298,California
Santa Clara,2021-02-18,13677,370141,8342,166013,5335,204128,0,0,7012,158642,6644,105669,7013,264311,California
Santa Clara,2021-02-19,14695,384836,9534,175547,5161,209289,0,0,8530,161026,6147,111816,8531,272842,California
Santa Clara,2021-02-20,6817,391653,5100,180647,1717,211006,0,0,3690,161598,3118,114934,3690,276532,California
Santa Clara,2021-02-21,3233,394886,2415,183062,818,211824,0,0,1170,160714,2056,116990,1172,277704,California
Santa Clara,2021-02-22,10094,404980,6044,189106,4050,215874,0,0,4754,160141,5328,122318,4755,282459,California
Santa Clara,2021-02-23,11818,416798,7689,196795,4129,220003,0,0,6688,161726,5118,127436,6703,289162,California
Santa Clara,2021-02-24,14081,430879,9087,205882,4994,224997,0,0,8726,165117,5338,132774,8729,297891,California
Santa Clara,2021-02-25,14044,444923,9202,215084,4842,229839,0,0,7645,166383,6381,139155,7647,305538,California
Santa Clara,2021-02-26,14482,459405,8376,223460,6106,235945,0,0,7962,167858,6495,145650,7970,313508,California
Santa Clara,2021-02-27,8054,467459,5513,228973,2541,238486,0,0,4469,168758,3577,149227,4477,317985,California
Santa Clara,2021-02-28,4687,472146,3066,232039,1621,240107,0,0,2185,168449,2494,151721,2185,320170,California
Santa Clara,2021-03-01,14041,486187,7961,240000,6079,246186,1,1,8695,171817,5330,157051,8698,328868,California
Santa Clara,2021-03-02,13683,499870,8206,248206,5477,251663,0,1,9166,176494,4493,161544,9170,338038,California
Santa Clara,2021-03-03,17058,516928,8323,256529,8733,260396,2,3,10324,180130,6696,168240,10332,348370,California
Santa Clara,2021-03-04,14259,531187,7873,264402,6384,266780,2,5,8092,182091,6135,174375,8096,356466,California
Santa Clara,2021-03-05,14554,545741,8436,272838,5995,272775,123,128,7662,183023,6868,181243,7800,364266,California
Santa Clara,2021-03-06,8919,554660,5993,278831,2479,275254,447,575,6689,187947,2214,183457,7138,371404,California
Santa Clara,2021-03-07,6433,561093,4158,282989,2052,277306,223,798,5113,191974,1312,184769,5339,376743,California
Santa Clara,2021-03-08,12494,573587,6476,289465,5545,282851,473,1271,7993,195965,4479,189248,8470,385213,California
Santa Clara,2021-03-09,11993,585580,5249,294714,5607,288458,1137,2408,5701,196528,6278,195526,6841,392054,California
Santa Clara,2021-03-10,14479,600059,6269,300983,6435,294893,1775,4183,5896,195639,8559,204085,7670,399724,California
Santa Clara,2021-03-11,15562,615621,7243,308226,7094,301987,1225,5408,5314,191948,10228,214313,6537,406261,California
Santa Clara,2021-03-12,15522,631143,8006,316232,6358,308345,1158,6566,5294,188211,10197,224510,6460,412721,California
Santa Clara,2021-03-13,9656,640799,5641,321873,2628,310973,1387,7953,4311,188578,5328,229838,5695,418416,California
Santa Clara,2021-03-14,6065,646864,3235,325108,1570,312543,1260,9213,2965,189709,3089,232927,4220,422636,California
Santa Clara,2021-03-15,12774,659638,6460,331568,6038,318581,276,9489,6000,189242,6746,239673,6279,428915,California
Santa Clara,2021-03-16,17401,677039,10246,341814,6942,325523,213,9702,8431,188945,8943,248616,8646,437561,California
Santa Clara,2021-03-17,18962,696001,10708,352522,8080,333603,174,9876,9688,189586,9224,257840,9865,447426,California
Santa Clara,2021-03-18,15326,711327,7366,359888,7063,340666,897,10773,7129,189457,8155,265995,8026,455452,California
Santa Clara,2021-03-19,14385,725712,7464,367352,6137,346803,784,11557,7673,191241,6674,272669,8458,463910,California
Santa Clara,2021-03-20,8440,734152,4751,372103,3181,349984,508,12065,5238,193803,3184,275853,5746,469656,California
Santa Clara,2021-03-21,8161,742313,3702,375805,3102,353086,1357,13422,5504,198020,2646,278499,6863,476519,California
Santa Clara,2021-03-22,16239,758552,9138,384943,6747,359833,354,13776,9393,200954,6826,285325,9760,486279,California
Santa Clara,2021-03-23,18938,777490,12241,397184,6475,366308,222,13998,11724,205733,7176,292501,11955,498234,California
Santa Clara,2021-03-24,21883,799373,14422,411606,7305,373613,156,14154,14541,213307,7307,299808,14881,513115,California
Santa Clara,2021-03-25,22192,821565,12919,424525,8520,382133,753,14907,14553,221563,7585,307393,15841,528956,California
Santa Clara,2021-03-26,21770,843335,13945,438470,7430,389563,395,15302,13533,227737,8208,315601,14382,543338,California
Santa Clara,2021-03-27,15077,858412,9996,448466,4314,393877,767,16069,7990,229767,7061,322662,9091,552429,California
Santa Clara,2021-03-28,11890,870302,8200,456666,2993,396870,697,16766,6487,231772,5381,328043,7386,559815,California
Santa Clara,2021-03-29,19758,890060,12039,468705,6989,403859,730,17496,10743,234368,8986,337029,11582,571397,California
Santa Clara,2021-03-30,23974,914034,14862,483567,8273,412132,839,18335,16346,244352,7600,344629,17584,588981,California
Santa Clara,2021-03-31,19463,933497,11755,495322,6895,419027,813,19148,12754,251520,6682,351311,13850,602831,California
Santa Clara,2021-04-01,29181,962678,19294,514616,7837,426864,2050,21198,19310,263465,9823,361134,21768,624599,California
Santa Clara,2021-04-02,24230,986908,14076,528692,8486,435350,1668,22866,16505,274636,7696,368830,18867,643466,California
Santa Clara,2021-04-03,14051,1000959,8885,537577,3511,438861,1655,24521,8402,279425,5631,374461,10420,653886,California
Santa Clara,2021-04-04,7157,1008116,3690,541267,2413,441274,1054,25575,3756,280881,3395,377856,4851,658737,California
Santa Clara,2021-04-05,16164,1024280,11068,552335,3379,444653,1717,27292,10588,287672,5561,383417,12352,671089,California
Santa Cruz,2020-12-15,2,2,2,2,0,0,0,0,2,2,0,0,2,2,California
Santa Cruz,2020-12-16,57,59,57,59,0,0,0,0,57,59,0,0,57,59,California
Santa Cruz,2020-12-17,390,449,390,449,0,0,0,0,390,449,0,0,390,449,California
Santa Cruz,2020-12-18,466,915,466,915,0,0,0,0,466,915,0,0,466,915,California
Santa Cruz,2020-12-19,176,1091,175,1090,1,1,0,0,176,1091,0,0,176,1091,California
Santa Cruz,2020-12-20,95,1186,95,1185,0,1,0,0,95,1186,0,0,95,1186,California
Santa Cruz,2020-12-21,429,1615,429,1614,0,1,0,0,429,1615,0,0,429,1615,California
Santa Cruz,2020-12-22,423,2038,422,2036,1,2,0,0,423,2038,0,0,423,2038,California
Santa Cruz,2020-12-23,372,2410,330,2366,42,44,0,0,372,2410,0,0,372,2410,California
Santa Cruz,2020-12-24,126,2536,51,2417,75,119,0,0,126,2536,0,0,126,2536,California
Santa Cruz,2020-12-25,11,2547,11,2428,0,119,0,0,11,2547,0,0,11,2547,California
Santa Cruz,2020-12-26,64,2611,45,2473,19,138,0,0,64,2611,0,0,64,2611,California
Santa Cruz,2020-12-27,32,2643,27,2500,5,143,0,0,32,2643,0,0,32,2643,California
Santa Cruz,2020-12-28,483,3126,107,2607,376,519,0,0,483,3126,0,0,483,3126,California
Santa Cruz,2020-12-29,795,3921,368,2975,427,946,0,0,795,3921,0,0,795,3921,California
Santa Cruz,2020-12-30,357,4278,165,3140,192,1138,0,0,357,4278,0,0,357,4278,California
Santa Cruz,2020-12-31,314,4592,11,3151,303,1441,0,0,314,4592,0,0,314,4592,California
Santa Cruz,2021-01-01,32,4624,0,3151,32,1473,0,0,32,4624,0,0,32,4624,California
Santa Cruz,2021-01-02,70,4694,56,3207,14,1487,0,0,70,4694,0,0,70,4694,California
Santa Cruz,2021-01-03,15,4709,7,3214,8,1495,0,0,15,4709,0,0,15,4709,California
Santa Cruz,2021-01-04,280,4989,123,3337,157,1652,0,0,278,4986,1,1,278,4987,California
Santa Cruz,2021-01-05,565,5554,428,3765,137,1789,0,0,263,4947,302,303,263,5250,California
Santa Cruz,2021-01-06,804,6358,670,4435,134,1923,0,0,466,5076,337,640,466,5716,California
Santa Cruz,2021-01-07,538,6896,210,4645,328,2251,0,0,387,5313,151,791,388,6104,California
Santa Cruz,2021-01-08,935,7831,562,5207,373,2624,0,0,486,5352,448,1239,487,6591,California
Santa Cruz,2021-01-09,462,8293,121,5328,341,2965,0,0,410,5710,52,1291,410,7001,California
Santa Cruz,2021-01-10,72,8365,62,5390,10,2975,0,0,18,5674,54,1345,18,7019,California
Santa Cruz,2021-01-11,716,9081,582,5972,134,3109,0,0,192,5342,524,1869,192,7211,California
Santa Cruz,2021-01-12,733,9814,529,6501,204,3313,0,0,491,5591,242,2111,491,7702,California
Santa Cruz,2021-01-13,523,10337,229,6730,294,3607,0,0,438,5948,82,2193,439,8141,California
Santa Cruz,2021-01-14,543,10880,93,6823,450,4057,0,0,484,6373,59,2252,484,8625,California
Santa Cruz,2021-01-15,1467,12347,91,6914,1376,5433,0,0,1392,7692,74,2326,1393,10018,California
Santa Cruz,2021-01-16,435,12782,63,6977,372,5805,0,0,408,8073,27,2353,408,10426,California
Santa Cruz,2021-01-17,285,13067,32,7009,253,6058,0,0,267,8322,18,2371,267,10693,California
Santa Cruz,2021-01-18,1026,14093,113,7122,913,6971,0,0,957,9210,69,2440,957,11650,California
Santa Cruz,2021-01-19,1622,15715,522,7644,1100,8071,0,0,1269,10129,351,2791,1270,12920,California
Santa Cruz,2021-01-20,1231,16946,182,7826,1049,9120,0,0,1036,10973,192,2983,1036,13956,California
Santa Cruz,2021-01-21,1701,18647,197,8023,1504,10624,0,0,1596,12465,105,3088,1597,15553,California
Santa Cruz,2021-01-22,1799,20446,536,8559,1263,11887,0,0,1695,14060,101,3189,1696,17249,California
Santa Cruz,2021-01-23,401,20847,144,8703,257,12144,0,0,342,14344,58,3247,342,17591,California
Santa Cruz,2021-01-24,116,20963,21,8724,95,12239,0,0,97,14422,19,3266,97,17688,California
Santa Cruz,2021-01-25,1058,22021,360,9084,698,12937,0,0,550,14466,508,3774,552,18240,California
Santa Cruz,2021-01-26,1677,23698,247,9331,1430,14367,0,0,1165,15120,512,4286,1166,19406,California
Santa Cruz,2021-01-27,1642,25340,445,9776,1197,15564,0,0,1259,15997,382,4668,1259,20665,California
Santa Cruz,2021-01-28,1744,27084,289,10065,1455,17019,0,0,1470,17195,273,4941,1471,22136,California
Santa Cruz,2021-01-29,1733,28817,486,10551,1247,18266,0,0,1604,18671,128,5069,1604,23740,California
Santa Cruz,2021-01-30,1054,29871,302,10853,752,19018,0,0,927,19471,127,5196,927,24667,California
Santa Cruz,2021-01-31,229,30100,124,10977,105,19123,0,0,204,19650,25,5221,204,24871,California
Santa Cruz,2021-02-01,1228,31328,759,11736,469,19592,0,0,819,20061,409,5630,820,25691,California
Santa Cruz,2021-02-02,1008,32336,130,11866,878,20470,0,0,854,20762,153,5783,854,26545,California
Santa Cruz,2021-02-03,2209,34545,943,12809,1266,21736,0,0,1900,22357,305,6088,1900,28445,California
Santa Cruz,2021-02-04,1832,36377,772,13581,1060,22796,0,0,1496,23518,335,6423,1496,29941,California
Santa Cruz,2021-02-05,3166,39543,791,14372,2375,25171,0,0,2845,26044,319,6742,2845,32786,California
Santa Cruz,2021-02-06,2584,42127,164,14536,2420,27591,0,0,2236,27932,348,7090,2236,35022,California
Santa Cruz,2021-02-07,910,43037,121,14657,789,28380,0,0,893,28808,17,7107,893,35915,California
Santa Cruz,2021-02-08,717,43754,203,14860,514,28894,0,0,518,29128,198,7305,518,36433,California
Santa Cruz,2021-02-09,2375,46129,1052,15912,1323,30217,0,0,2112,30981,259,7564,2112,38545,California
Santa Cruz,2021-02-10,2190,48319,578,16490,1612,31829,0,0,1498,31792,689,8253,1500,40045,California
Santa Cruz,2021-02-11,1844,50163,315,16805,1529,33358,0,0,1322,32594,520,8773,1322,41367,California
Santa Cruz,2021-02-12,3208,53371,424,17229,2784,36142,0,0,1803,33002,1397,10170,1805,43172,California
Santa Cruz,2021-02-13,1707,55078,122,17351,1585,37727,0,0,1294,33883,413,10583,1294,44466,California
Santa Cruz,2021-02-14,1391,56469,72,17423,1319,39046,0,0,1128,34748,263,10846,1128,45594,California
Santa Cruz,2021-02-15,1581,58050,278,17701,1303,40349,0,0,561,34290,1020,11866,562,46156,California
Santa Cruz,2021-02-16,1692,59742,201,17902,1491,41840,0,0,537,33692,1135,13001,537,46693,California
Santa Cruz,2021-02-17,2928,62670,979,18881,1949,43789,0,0,1235,33250,1680,14681,1238,47931,California
Santa Cruz,2021-02-18,2884,65554,638,19519,2246,46035,0,0,1236,32841,1645,16326,1236,49167,California
Santa Cruz,2021-02-19,3262,68816,1148,20667,2114,48149,0,0,2011,33602,1250,17576,2011,51178,California
Santa Cruz,2021-02-20,2377,71193,1497,22164,880,49029,0,0,1886,34997,491,18067,1886,53064,California
Santa Cruz,2021-02-21,797,71990,332,22496,465,49494,0,0,693,35588,102,18169,693,53757,California
Santa Cruz,2021-02-22,1243,73233,960,23456,283,49777,0,0,537,35421,704,18873,537,54294,California
Santa Cruz,2021-02-23,2105,75338,941,24397,1164,50941,0,0,720,34760,1384,20257,723,55017,California
Santa Cruz,2021-02-24,3176,78514,1654,26051,1522,52463,0,0,1218,34026,1954,22211,1220,56237,California
Santa Cruz,2021-02-25,3231,81745,1428,27479,1803,54266,0,0,1777,34359,1447,23658,1780,58017,California
Santa Cruz,2021-02-26,2703,84448,761,28240,1942,56208,0,0,1538,34736,1161,24819,1538,59555,California
Santa Cruz,2021-02-27,2645,87093,936,29176,1709,57917,0,0,1844,35782,800,25619,1846,61401,California
Santa Cruz,2021-02-28,1295,88388,360,29536,935,58852,0,0,1083,36656,209,25828,1083,62484,California
Santa Cruz,2021-03-01,1813,90201,1250,30786,563,59415,0,0,678,36202,1132,26960,678,63162,California
Santa Cruz,2021-03-02,1483,91684,336,31122,1147,60562,0,0,818,36360,663,27623,821,63983,California
Santa Cruz,2021-03-03,2218,93902,583,31705,1635,62197,0,0,1169,36483,1046,28669,1169,65152,California
Santa Cruz,2021-03-04,2772,96674,1362,33067,1409,63606,1,1,1833,37387,930,29599,1834,66986,California
Santa Cruz,2021-03-05,2410,99084,464,33531,1928,65534,18,19,941,36886,1465,31064,964,67950,California
Santa Cruz,2021-03-06,3737,102821,1296,34827,2341,67875,100,119,2034,37320,1703,32767,2137,70087,California
Santa Cruz,2021-03-07,1352,104173,135,34962,1141,69016,76,195,559,37164,792,33559,636,70723,California
Santa Cruz,2021-03-08,1006,105179,232,35194,688,69704,86,281,620,37494,385,33944,715,71438,California
Santa Cruz,2021-03-09,1657,106836,212,35406,1297,71001,148,429,651,37292,1001,34945,799,72237,California
Santa Cruz,2021-03-10,3706,110542,1996,37402,1580,72581,130,559,1846,37417,1856,36801,1981,74218,California
Santa Cruz,2021-03-11,2590,113132,1093,38495,1348,73929,149,708,1384,37749,1202,38003,1534,75752,California
Santa Cruz,2021-03-12,2522,115654,842,39337,1430,75359,250,958,830,37140,1690,39693,1081,76833,California
Santa Cruz,2021-03-13,2042,117696,1275,40612,724,76083,43,1001,1020,37183,1021,40714,1064,77897,California
Santa Cruz,2021-03-14,733,118429,157,40769,562,76645,14,1015,353,37171,378,41092,366,78263,California
Santa Cruz,2021-03-15,1339,119768,477,41246,826,77471,36,1051,573,37017,764,41856,610,78873,California
Santa Cruz,2021-03-16,2320,122088,1088,42334,1188,78659,44,1095,1340,37425,977,42833,1385,80258,California
Santa Cruz,2021-03-17,3807,125895,2209,44543,1586,80245,12,1107,2456,38550,1346,44179,2471,82729,California
Santa Cruz,2021-03-18,3380,129275,1931,46474,1346,81591,103,1210,1792,38860,1586,45765,1896,84625,California
Santa Cruz,2021-03-19,2449,131724,1093,47567,1143,82734,213,1423,1291,39210,1154,46919,1504,86129,California
Santa Cruz,2021-03-20,1471,133195,1084,48651,356,83090,31,1454,752,39277,716,47635,783,86912,California
Santa Cruz,2021-03-21,817,134012,433,49084,268,83358,116,1570,437,39452,379,48014,554,87466,California
Santa Cruz,2021-03-22,1383,135395,857,49941,505,83863,21,1591,959,40013,419,48433,980,88446,California
Santa Cruz,2021-03-23,2574,137969,1440,51381,1089,84952,45,1636,1741,40968,831,49264,1786,90232,California
Santa Cruz,2021-03-24,2987,140956,1979,53360,986,85938,22,1658,1976,41960,1007,50271,1999,92231,California
Santa Cruz,2021-03-25,2604,143560,1316,54676,1252,87190,36,1694,1366,42140,1229,51500,1409,93640,California
Santa Cruz,2021-03-26,3021,146581,1819,56495,1173,88363,29,1723,2046,43256,969,52469,2085,95725,California
Santa Cruz,2021-03-27,3067,149648,1976,58471,1064,89427,27,1750,1384,43013,1673,54142,1430,97155,California
Santa Cruz,2021-03-28,913,150561,579,59050,320,89747,14,1764,473,43072,437,54579,496,97651,California
Santa Cruz,2021-03-29,1919,152480,872,59922,988,90735,59,1823,1226,43673,688,55267,1289,98940,California
Santa Cruz,2021-03-30,2682,155162,817,60739,1711,92446,154,1977,1736,44647,945,56212,1919,100859,California
Santa Cruz,2021-03-31,3929,159091,2615,63354,1268,93714,46,2023,2074,45001,1851,58063,2205,103064,California
Santa Cruz,2021-04-01,3879,162970,2056,65410,1721,95435,102,2125,1997,45390,1876,59939,2265,105329,California
Santa Cruz,2021-04-02,3098,166068,1425,66835,1491,96926,182,2307,1750,46140,1342,61281,2092,107421,California
Santa Cruz,2021-04-03,2174,168242,1222,68057,868,97794,84,2391,898,45935,1272,62553,1067,108488,California
Santa Cruz,2021-04-04,893,169135,466,68523,383,98177,44,2435,557,46204,336,62889,605,109093,California
Santa Cruz,2021-04-05,1448,170583,446,68969,959,99136,43,2478,979,46763,469,63358,1028,110121,California
Shasta,2020-12-16,131,131,131,131,0,0,0,0,131,131,0,0,131,131,California
Shasta,2020-12-17,418,549,418,549,0,0,0,0,418,549,0,0,418,549,California
Shasta,2020-12-18,168,717,168,717,0,0,0,0,168,717,0,0,168,717,California
Shasta,2020-12-19,1,718,1,718,0,0,0,0,1,718,0,0,1,718,California
Shasta,2020-12-21,78,796,78,796,0,0,0,0,78,796,0,0,78,796,California
Shasta,2020-12-22,191,987,186,982,5,5,0,0,191,987,0,0,191,987,California
Shasta,2020-12-23,174,1161,170,1152,4,9,0,0,174,1161,0,0,174,1161,California
Shasta,2020-12-24,18,1179,18,1170,0,9,0,0,18,1179,0,0,18,1179,California
Shasta,2020-12-26,4,1183,1,1171,3,12,0,0,4,1183,0,0,4,1183,California
Shasta,2020-12-27,1,1184,0,1171,1,13,0,0,1,1184,0,0,1,1184,California
Shasta,2020-12-28,40,1224,31,1202,9,22,0,0,40,1224,0,0,40,1224,California
Shasta,2020-12-29,186,1410,185,1387,1,23,0,0,186,1410,0,0,186,1410,California
Shasta,2020-12-30,177,1587,167,1554,10,33,0,0,177,1587,0,0,177,1587,California
Shasta,2020-12-31,82,1669,2,1556,80,113,0,0,82,1669,0,0,82,1669,California
Shasta,2021-01-02,2,1671,0,1556,2,115,0,0,2,1671,0,0,2,1671,California
Shasta,2021-01-03,1,1672,1,1557,0,115,0,0,1,1672,0,0,1,1672,California
Shasta,2021-01-04,347,2019,306,1863,41,156,0,0,348,2020,0,0,348,2020,California
Shasta,2021-01-05,335,2354,314,2177,21,177,0,0,254,2193,81,81,254,2274,California
Shasta,2021-01-06,438,2792,396,2573,42,219,0,0,175,2106,262,343,175,2449,California
Shasta,2021-01-07,116,2908,35,2608,81,300,0,0,95,2180,21,364,95,2544,California
Shasta,2021-01-08,506,3414,446,3054,60,360,0,0,297,2268,209,573,297,2841,California
Shasta,2021-01-09,72,3486,63,3117,9,369,0,0,70,2336,2,575,70,2911,California
Shasta,2021-01-10,5,3491,0,3117,5,374,0,0,4,2340,1,576,5,2916,California
Shasta,2021-01-11,352,3843,185,3302,167,541,0,0,317,2622,35,611,317,3233,California
Shasta,2021-01-12,451,4294,327,3629,124,665,0,0,277,2725,174,785,277,3510,California
Shasta,2021-01-13,541,4835,268,3897,273,938,0,0,371,2926,170,955,371,3881,California
Shasta,2021-01-14,444,5279,48,3945,396,1334,0,0,427,3336,17,972,427,4308,California
Shasta,2021-01-15,635,5914,135,4080,500,1834,0,0,633,3967,2,974,633,4941,California
Shasta,2021-01-16,900,6814,56,4136,844,2678,0,0,897,4861,3,977,897,5838,California
Shasta,2021-01-17,26,6840,6,4142,20,2698,0,0,22,4879,4,981,22,5860,California
Shasta,2021-01-18,599,7439,130,4272,469,3167,0,0,591,5462,8,989,591,6451,California
Shasta,2021-01-19,1019,8458,397,4669,622,3789,0,0,871,6185,148,1137,871,7322,California
Shasta,2021-01-20,668,9126,407,5076,261,4050,0,0,486,6493,178,1315,486,7808,California
Shasta,2021-01-21,630,9756,278,5354,352,4402,0,0,607,7077,23,1338,607,8415,California
Shasta,2021-01-22,445,10201,170,5524,275,4677,0,0,439,7510,6,1344,439,8854,California
Shasta,2021-01-23,69,10270,5,5529,64,4741,0,0,68,7577,1,1345,68,8922,California
Shasta,2021-01-24,26,10296,2,5531,24,4765,0,0,25,7601,1,1346,25,8947,California
Shasta,2021-01-25,752,11048,492,6023,260,5025,0,0,466,7782,285,1631,466,9413,California
Shasta,2021-01-26,709,11757,333,6356,376,5401,0,0,476,8027,231,1862,476,9889,California
Shasta,2021-01-27,460,12217,181,6537,279,5680,0,0,411,8389,49,1911,411,10300,California
Shasta,2021-01-28,853,13070,577,7114,276,5956,0,0,631,8798,222,2133,631,10931,California
Shasta,2021-01-29,829,13899,329,7443,500,6456,0,0,640,9250,189,2322,641,11572,California
Shasta,2021-01-30,614,14513,15,7458,599,7055,0,0,605,9846,9,2331,605,12177,California
Shasta,2021-01-31,28,14541,4,7462,24,7079,0,0,26,9870,2,2333,26,12203,California
Shasta,2021-02-01,502,15043,142,7604,360,7439,0,0,382,10132,120,2453,382,12585,California
Shasta,2021-02-02,953,15996,495,8099,458,7897,0,0,863,10906,89,2542,863,13448,California
Shasta,2021-02-03,658,16654,209,8308,449,8346,0,0,463,11174,195,2737,463,13911,California
Shasta,2021-02-04,1057,17711,658,8966,399,8745,0,0,868,11853,189,2926,868,14779,California
Shasta,2021-02-05,1213,18924,163,9129,1050,9795,0,0,1024,12689,188,3114,1024,15803,California
Shasta,2021-02-06,1726,20650,43,9172,1683,11478,0,0,1702,14367,24,3138,1702,17505,California
Shasta,2021-02-07,25,20675,2,9174,23,11501,0,0,23,14388,2,3140,23,17528,California
Shasta,2021-02-08,543,21218,169,9343,374,11875,0,0,305,14455,238,3378,305,17833,California
Shasta,2021-02-09,1026,22244,649,9992,377,12252,0,0,676,14781,350,3728,676,18509,California
Shasta,2021-02-10,1084,23328,783,10775,301,12553,0,0,592,14882,492,4220,593,19102,California
Shasta,2021-02-11,788,24116,190,10965,598,13151,0,0,307,14713,476,4696,307,19409,California
Shasta,2021-02-12,1661,25777,1141,12106,520,13671,0,0,1170,15392,491,5187,1170,20579,California
Shasta,2021-02-13,1382,27159,368,12474,1014,14685,0,0,569,15149,814,6001,571,21150,California
Shasta,2021-02-14,149,27308,4,12478,145,14830,0,0,124,15248,25,6026,124,21274,California
Shasta,2021-02-15,385,27693,94,12572,291,15121,0,0,217,15297,168,6194,217,21491,California
Shasta,2021-02-16,1084,28777,513,13085,571,15692,0,0,318,14850,765,6959,318,21809,California
Shasta,2021-02-17,981,29758,435,13520,546,16238,0,0,369,14607,612,7571,369,22178,California
Shasta,2021-02-18,872,30630,439,13959,433,16671,0,0,420,14575,452,8023,420,22598,California
Shasta,2021-02-19,1051,31681,660,14619,391,17062,0,0,610,14744,441,8464,610,23208,California
Shasta,2021-02-20,757,32438,88,14707,669,17731,0,0,295,14577,462,8926,295,23503,California
Shasta,2021-02-21,34,32472,4,14711,30,17761,0,0,10,14564,23,8949,10,23513,California
Shasta,2021-02-22,343,32815,68,14779,275,18036,0,0,100,14421,243,9192,100,23613,California
Shasta,2021-02-23,802,33617,467,15246,335,18371,0,0,216,14051,586,9778,216,23829,California
Shasta,2021-02-24,882,34499,501,15747,381,18752,0,0,270,13711,610,10388,270,24099,California
Shasta,2021-02-25,467,34966,155,15902,312,19064,0,0,154,13554,311,10699,154,24253,California
Shasta,2021-02-26,784,35750,88,15990,696,19760,0,0,324,13420,458,11157,324,24577,California
Shasta,2021-02-27,817,36567,32,16022,785,20545,0,0,187,12980,628,11785,188,24765,California
Shasta,2021-02-28,181,36748,5,16027,176,20721,0,0,132,13063,49,11834,132,24897,California
Shasta,2021-03-01,564,37312,64,16091,500,21221,0,0,272,13044,291,12125,272,25169,California
Shasta,2021-03-02,929,38241,466,16557,463,21684,0,0,263,12643,664,12789,263,25432,California
Shasta,2021-03-03,564,38805,123,16680,441,22125,0,0,171,12421,393,13182,171,25603,California
Shasta,2021-03-04,1032,39837,499,17179,533,22658,0,0,638,12666,393,13575,638,26241,California
Shasta,2021-03-05,948,40785,154,17333,767,23425,27,27,306,12356,643,14218,333,26574,California
Shasta,2021-03-06,818,41603,382,17715,392,23817,44,71,191,11965,626,14844,235,26809,California
Shasta,2021-03-07,92,41695,5,17720,57,23874,30,101,40,11983,52,14896,70,26879,California
Shasta,2021-03-08,554,42249,53,17773,363,24237,138,239,143,11856,408,15304,281,27160,California
Shasta,2021-03-09,570,42819,49,17822,360,24597,161,400,221,11888,349,15653,381,27541,California
Shasta,2021-03-10,658,43477,243,18065,330,24927,85,485,133,11581,524,16177,217,27758,California
Shasta,2021-03-11,938,44415,158,18223,579,25506,201,686,598,12040,340,16517,799,28557,California
Shasta,2021-03-12,623,45038,121,18344,320,25826,182,868,247,12094,375,16892,429,28986,California
Shasta,2021-03-13,665,45703,410,18754,164,25990,91,959,473,12466,192,17084,564,29550,California
Shasta,2021-03-14,279,45982,12,18766,244,26234,23,982,196,12602,83,17167,219,29769,California
Shasta,2021-03-15,484,46466,37,18803,347,26581,100,1082,200,12619,282,17449,299,30068,California
Shasta,2021-03-16,966,47432,144,18947,758,27339,64,1146,695,13107,271,17720,759,30827,California
Shasta,2021-03-17,645,48077,181,19128,415,27754,49,1195,366,13252,270,17990,415,31242,California
Shasta,2021-03-18,868,48945,208,19336,566,28320,94,1289,624,13732,241,18231,721,31963,California
Shasta,2021-03-19,506,49451,148,19484,310,28630,48,1337,323,13922,182,18413,372,32335,California
Shasta,2021-03-20,601,50052,446,19930,144,28774,11,1348,512,14356,89,18502,523,32858,California
Shasta,2021-03-21,294,50346,282,20212,3,28777,9,1357,271,14614,23,18525,281,33139,California
Shasta,2021-03-22,325,50671,48,20260,248,29025,29,1386,180,14681,142,18667,209,33348,California
Shasta,2021-03-23,789,51460,156,20416,574,29599,59,1445,603,15162,181,18848,662,34010,California
Shasta,2021-03-24,510,51970,158,20574,316,29915,36,1481,375,15439,134,18982,411,34421,California
Shasta,2021-03-25,751,52721,189,20763,545,30460,17,1498,611,15932,138,19120,631,35052,California
Shasta,2021-03-26,676,53397,250,21013,395,30855,31,1529,328,15949,347,19467,364,35416,California
Shasta,2021-03-27,1539,54936,389,21402,313,31168,837,2366,552,16354,984,20451,1389,36805,California
Shasta,2021-03-28,397,55333,293,21695,94,31262,10,2376,295,16558,101,20552,305,37110,California
Shasta,2021-03-29,419,55752,53,21748,355,31617,11,2387,162,16477,255,20807,174,37284,California
Shasta,2021-03-30,541,56293,198,21946,334,31951,9,2396,332,16614,206,21013,343,37627,California
Shasta,2021-03-31,614,56907,207,22153,402,32353,5,2401,402,16834,208,21221,428,38055,California
Shasta,2021-04-01,767,57674,244,22397,515,32868,8,2409,537,17158,230,21451,554,38609,California
Shasta,2021-04-02,730,58404,211,22608,467,33335,52,2461,402,17297,326,21777,465,39074,California
Shasta,2021-04-03,515,58919,356,22964,138,33473,21,2482,383,17570,132,21909,405,39479,California
Shasta,2021-04-04,274,59193,168,23132,86,33559,20,2502,210,17736,64,21973,230,39709,California
Shasta,2021-04-05,141,59334,11,23143,108,33667,22,2524,96,17810,45,22018,119,39828,California
Sierra,2020-12-18,1,1,1,1,0,0,0,0,1,1,0,0,1,1,California
Sierra,2020-12-21,2,3,2,3,0,0,0,0,2,3,0,0,2,3,California
Sierra,2020-12-22,12,15,12,15,0,0,0,0,12,15,0,0,12,15,California
Sierra,2020-12-23,4,19,4,19,0,0,0,0,4,19,0,0,4,19,California
Sierra,2020-12-28,1,20,0,19,1,1,0,0,1,20,0,0,1,20,California
Sierra,2020-12-29,49,69,7,26,42,43,0,0,49,69,0,0,49,69,California
Sierra,2020-12-30,2,71,0,26,2,45,0,0,2,71,0,0,2,71,California
Sierra,2020-12-31,12,83,0,26,12,57,0,0,12,83,0,0,12,83,California
Sierra,2021-01-05,67,150,3,29,64,121,0,0,67,150,0,0,67,150,California
Sierra,2021-01-06,1,151,1,30,0,121,0,0,1,151,0,0,1,151,California
Sierra,2021-01-07,20,171,1,31,19,140,0,0,19,169,1,1,19,170,California
Sierra,2021-01-08,1,172,1,32,0,140,0,0,1,170,0,1,1,171,California
Sierra,2021-01-11,3,175,3,35,0,140,0,0,0,167,3,4,0,171,California
Sierra,2021-01-12,40,215,12,47,28,168,0,0,28,183,12,16,28,199,California
Sierra,2021-01-13,4,219,3,50,1,169,0,0,1,181,3,19,1,200,California
Sierra,2021-01-14,35,254,2,52,33,202,0,0,35,216,0,19,35,235,California
Sierra,2021-01-15,2,256,1,53,1,203,0,0,2,218,0,19,2,237,California
Sierra,2021-01-18,2,258,0,53,2,205,0,0,2,220,0,19,2,239,California
Sierra,2021-01-19,32,290,0,53,32,237,0,0,32,252,0,19,32,271,California
Sierra,2021-01-20,1,291,1,54,0,237,0,0,1,253,0,19,1,272,California
Sierra,2021-01-21,55,346,0,54,55,292,0,0,55,308,0,19,55,327,California
Sierra,2021-01-22,1,347,0,54,1,293,0,0,1,309,0,19,1,328,California
Sierra,2021-01-23,2,349,0,54,2,295,0,0,2,311,0,19,2,330,California
Sierra,2021-01-26,64,413,1,55,63,358,0,0,26,299,38,57,26,356,California
Sierra,2021-01-27,4,417,4,59,0,358,0,0,0,295,4,61,0,356,California
Sierra,2021-01-28,53,470,0,59,53,411,0,0,44,330,9,70,44,400,California
Sierra,2021-01-29,1,471,0,59,1,412,0,0,1,331,0,70,1,401,California
Sierra,2021-01-30,3,474,3,62,0,412,0,0,2,332,1,71,2,403,California
Sierra,2021-02-01,1,475,0,62,1,413,0,0,0,331,1,72,0,403,California
Sierra,2021-02-02,58,533,0,62,58,471,0,0,18,309,40,112,18,421,California
Sierra,2021-02-03,6,539,5,67,1,472,0,0,5,313,1,113,5,426,California
Sierra,2021-02-04,106,645,6,73,100,572,0,0,57,321,49,162,57,483,California
Sierra,2021-02-05,5,650,3,76,2,574,0,0,4,324,1,163,4,487,California
Sierra,2021-02-09,54,704,1,77,53,627,0,0,52,374,2,165,52,539,California
Sierra,2021-02-10,5,709,2,79,3,630,0,0,4,377,1,166,4,543,California
Sierra,2021-02-11,198,907,1,80,197,827,0,0,135,449,63,229,135,678,California
Sierra,2021-02-12,20,927,0,80,20,847,0,0,20,469,0,229,20,698,California
Sierra,2021-02-14,1,928,0,80,1,848,0,0,1,470,0,229,1,699,California
Sierra,2021-02-15,1,929,1,81,0,848,0,0,0,469,1,230,0,699,California
Sierra,2021-02-16,43,972,0,81,43,891,0,0,10,446,33,263,10,709,California
Sierra,2021-02-17,3,975,0,81,3,894,0,0,1,445,2,265,1,710,California
Sierra,2021-02-18,146,1121,0,81,146,1040,0,0,94,487,52,317,94,804,California
Sierra,2021-02-19,1,1122,1,82,0,1040,0,0,1,488,0,317,1,805,California
Sierra,2021-02-20,2,1124,2,84,0,1040,0,0,0,486,2,319,0,805,California
Sierra,2021-02-22,2,1126,2,86,0,1040,0,0,1,486,1,320,1,806,California
Sierra,2021-02-23,4,1130,0,86,4,1044,0,0,4,490,0,320,4,810,California
Sierra,2021-02-24,2,1132,1,87,1,1045,0,0,1,490,1,321,1,811,California
Sierra,2021-02-25,126,1258,1,88,125,1170,0,0,59,482,67,388,59,870,California
Sierra,2021-02-26,9,1267,6,94,3,1173,0,0,4,481,5,393,4,874,California
Sierra,2021-02-27,2,1269,2,96,0,1173,0,0,0,479,2,395,0,874,California
Sierra,2021-03-01,2,1271,1,97,1,1174,0,0,1,479,1,396,1,875,California
Sierra,2021-03-02,51,1322,0,97,51,1225,0,0,32,492,19,415,32,907,California
Sierra,2021-03-03,2,1324,2,99,0,1225,0,0,1,492,1,416,1,908,California
Sierra,2021-03-04,100,1424,2,101,98,1323,0,0,49,490,51,467,49,957,California
Sierra,2021-03-05,12,1436,0,101,12,1335,0,0,10,498,2,469,10,967,California
Sierra,2021-03-08,3,1439,2,103,0,1335,1,1,2,500,1,470,3,970,California
Sierra,2021-03-09,54,1493,1,104,53,1388,0,1,11,468,43,513,11,981,California
Sierra,2021-03-10,5,1498,0,104,5,1393,0,1,3,469,2,515,3,984,California
Sierra,2021-03-11,148,1646,0,104,148,1541,0,1,27,375,121,636,27,1011,California
Sierra,2021-03-12,20,1666,1,105,19,1560,0,1,0,355,20,656,0,1011,California
Sierra,2021-03-13,13,1679,0,105,13,1573,0,1,13,368,0,656,13,1024,California
Sierra,2021-03-14,2,1681,1,106,0,1573,1,2,0,367,2,658,1,1025,California
Sierra,2021-03-15,2,1683,1,107,1,1574,0,2,1,367,1,659,1,1026,California
Sierra,2021-03-16,22,1705,1,108,20,1594,1,3,10,366,12,671,11,1037,California
Sierra,2021-03-17,2,1707,0,108,2,1596,0,3,0,364,2,673,0,1037,California
Sierra,2021-03-18,122,1829,0,108,121,1717,1,4,35,314,86,759,36,1073,California
Sierra,2021-03-19,1,1830,1,109,0,1717,0,4,1,315,0,759,1,1074,California
Sierra,2021-03-23,14,1844,0,109,14,1731,0,4,5,311,9,768,5,1079,California
Sierra,2021-03-24,4,1848,1,110,3,1734,0,4,2,311,2,770,2,1081,California
Sierra,2021-03-25,80,1928,2,112,78,1812,0,4,34,299,46,816,34,1115,California
Sierra,2021-03-26,12,1940,1,113,11,1823,0,4,9,305,3,819,9,1124,California
Sierra,2021-03-27,1,1941,0,113,1,1824,0,4,0,304,1,820,0,1124,California
Sierra,2021-03-29,2,1943,1,114,1,1825,0,4,0,302,2,822,0,1124,California
Sierra,2021-03-30,46,1989,0,114,46,1871,0,4,13,287,33,855,18,1142,California
Sierra,2021-03-31,10,1999,0,114,10,1881,0,4,9,295,1,856,9,1151,California
Sierra,2021-04-01,58,2057,1,115,57,1938,0,4,4,255,54,910,14,1165,California
Sierra,2021-04-02,3,2060,3,118,0,1938,0,4,2,256,1,911,2,1167,California
Sierra,2021-04-03,1,2061,1,119,0,1938,0,4,0,256,0,911,0,1167,California
Sierra,2021-04-04,1,2062,0,119,1,1939,0,4,1,257,0,911,1,1168,California
Sierra,2021-04-05,1,2063,1,120,0,1939,0,4,0,256,1,912,0,1168,California
Siskiyou,2020-12-16,2,2,2,2,0,0,0,0,2,2,0,0,2,2,California
Siskiyou,2020-12-17,4,6,4,6,0,0,0,0,4,6,0,0,4,6,California
Siskiyou,2020-12-18,3,9,3,9,0,0,0,0,3,9,0,0,3,9,California
Siskiyou,2020-12-19,4,13,4,13,0,0,0,0,4,13,0,0,4,13,California
Siskiyou,2020-12-20,1,14,1,14,0,0,0,0,1,14,0,0,1,14,California
Siskiyou,2020-12-21,132,146,132,146,0,0,0,0,132,146,0,0,132,146,California
Siskiyou,2020-12-22,159,305,159,305,0,0,0,0,159,305,0,0,159,305,California
Siskiyou,2020-12-23,142,447,142,447,0,0,0,0,142,447,0,0,142,447,California
Siskiyou,2020-12-24,5,452,5,452,0,0,0,0,5,452,0,0,5,452,California
Siskiyou,2020-12-26,2,454,0,452,2,2,0,0,2,454,0,0,2,454,California
Siskiyou,2020-12-27,2,456,0,452,2,4,0,0,2,456,0,0,2,456,California
Siskiyou,2020-12-28,2,458,0,452,2,6,0,0,2,458,0,0,2,458,California
Siskiyou,2020-12-29,6,464,2,454,4,10,0,0,6,464,0,0,6,464,California
Siskiyou,2020-12-30,98,562,3,457,95,105,0,0,98,562,0,0,98,562,California
Siskiyou,2020-12-31,12,574,0,457,12,117,0,0,12,574,0,0,12,574,California
Siskiyou,2021-01-02,1,575,1,458,0,117,0,0,1,575,0,0,1,575,California
Siskiyou,2021-01-03,1,576,0,458,1,118,0,0,1,576,0,0,1,576,California
Siskiyou,2021-01-04,130,706,3,461,127,245,0,0,130,706,0,0,130,706,California
Siskiyou,2021-01-05,117,823,4,465,113,358,0,0,116,821,1,1,116,822,California
Siskiyou,2021-01-06,59,882,6,471,53,411,0,0,55,872,4,5,55,877,California
Siskiyou,2021-01-07,174,1056,2,473,172,583,0,0,173,1044,1,6,173,1050,California
Siskiyou,2021-01-08,42,1098,4,477,38,621,0,0,39,1080,3,9,39,1089,California
Siskiyou,2021-01-09,2,1100,2,479,0,621,0,0,0,1078,2,11,0,1089,California
Siskiyou,2021-01-11,226,1326,65,544,161,782,0,0,163,1178,63,74,163,1252,California
Siskiyou,2021-01-12,320,1646,273,817,47,829,0,0,87,1032,233,307,87,1339,California
Siskiyou,2021-01-13,157,1803,137,954,20,849,0,0,23,921,134,441,23,1362,California
Siskiyou,2021-01-14,27,1830,1,955,26,875,0,0,26,946,1,442,26,1388,California
Siskiyou,2021-01-15,35,1865,3,958,32,907,0,0,35,981,0,442,35,1423,California
Siskiyou,2021-01-16,7,1872,2,960,5,912,0,0,7,988,0,442,7,1430,California
Siskiyou,2021-01-18,75,1947,4,964,71,983,0,0,73,1059,2,444,73,1503,California
Siskiyou,2021-01-19,21,1968,1,965,20,1003,0,0,20,1078,1,445,20,1523,California
Siskiyou,2021-01-20,47,2015,35,1000,12,1015,0,0,43,1117,4,449,43,1566,California
Siskiyou,2021-01-21,42,2057,0,1000,42,1057,0,0,42,1159,0,449,42,1608,California
Siskiyou,2021-01-22,1333,3390,1181,2181,152,1209,0,0,1333,2492,0,449,1333,2941,California
Siskiyou,2021-01-23,8,3398,3,2184,5,1214,0,0,5,2494,3,452,5,2946,California
Siskiyou,2021-01-25,183,3581,8,2192,175,1389,0,0,179,2669,4,456,179,3125,California
Siskiyou,2021-01-26,150,3731,5,2197,145,1534,0,0,142,2803,8,464,142,3267,California
Siskiyou,2021-01-27,181,3912,0,2197,181,1715,0,0,127,2876,54,518,127,3394,California
Siskiyou,2021-01-28,231,4143,117,2314,114,1829,0,0,225,3095,6,524,225,3619,California
Siskiyou,2021-01-29,246,4389,1,2315,245,2074,0,0,244,3337,2,526,244,3863,California
Siskiyou,2021-01-30,3,4392,2,2317,1,2075,0,0,3,3340,0,526,3,3866,California
Siskiyou,2021-02-01,194,4586,3,2320,191,2266,0,0,104,3354,90,616,104,3970,California
Siskiyou,2021-02-02,288,4874,45,2365,243,2509,0,0,147,3360,141,757,147,4117,California
Siskiyou,2021-02-03,313,5187,1,2366,312,2821,0,0,264,3575,49,806,264,4381,California
Siskiyou,2021-02-04,319,5506,7,2373,312,3133,0,0,199,3654,120,926,199,4580,California
Siskiyou,2021-02-05,509,6015,4,2377,505,3638,0,0,345,3835,164,1090,345,4925,California
Siskiyou,2021-02-06,15,6030,0,2377,15,3653,0,0,15,3850,0,1090,15,4940,California
Siskiyou,2021-02-07,3,6033,2,2379,1,3654,0,0,3,3853,0,1090,3,4943,California
Siskiyou,2021-02-08,221,6254,5,2384,216,3870,0,0,216,4064,5,1095,216,5159,California
Siskiyou,2021-02-09,193,6447,2,2386,191,4061,0,0,160,4191,33,1128,160,5319,California
Siskiyou,2021-02-10,370,6817,40,2426,330,4391,0,0,316,4454,53,1181,316,5635,California
Siskiyou,2021-02-11,190,7007,0,2426,190,4581,0,0,174,4612,16,1197,174,5809,California
Siskiyou,2021-02-12,1695,8702,1205,3631,490,5071,0,0,500,3917,1195,2392,500,6309,California
Siskiyou,2021-02-13,36,8738,3,3634,33,5104,0,0,31,3943,5,2397,31,6340,California
Siskiyou,2021-02-14,5,8743,1,3635,4,5108,0,0,5,3948,0,2397,5,6345,California
Siskiyou,2021-02-15,105,8848,7,3642,98,5206,0,0,102,4047,3,2400,102,6447,California
Siskiyou,2021-02-16,113,8961,3,3645,110,5316,0,0,97,4128,16,2416,97,6544,California
Siskiyou,2021-02-17,188,9149,19,3664,169,5485,0,0,175,4290,13,2429,175,6719,California
Siskiyou,2021-02-18,222,9371,89,3753,133,5618,0,0,98,4264,124,2553,98,6817,California
Siskiyou,2021-02-19,65,9436,29,3782,36,5654,0,0,30,4259,35,2588,30,6847,California
Siskiyou,2021-02-20,23,9459,4,3786,19,5673,0,0,18,4272,5,2593,18,6865,California
Siskiyou,2021-02-21,2,9461,2,3788,0,5673,0,0,2,4274,0,2593,2,6867,California
Siskiyou,2021-02-22,125,9586,1,3789,124,5797,0,0,18,4185,107,2700,18,6885,California
Siskiyou,2021-02-23,194,9780,15,3804,179,5976,0,0,50,4091,144,2844,50,6935,California
Siskiyou,2021-02-24,146,9926,4,3808,142,6118,0,0,33,4011,113,2957,33,6968,California
Siskiyou,2021-02-25,300,10226,22,3830,278,6396,0,0,153,4017,147,3104,153,7121,California
Siskiyou,2021-02-26,669,10895,13,3843,656,7052,0,0,369,4086,300,3404,369,7490,California
Siskiyou,2021-02-27,31,10926,3,3846,28,7080,0,0,27,4109,4,3408,27,7517,California
Siskiyou,2021-02-28,4,10930,4,3850,0,7080,0,0,3,4111,1,3409,3,7520,California
Siskiyou,2021-03-01,280,11210,6,3856,274,7354,0,0,49,3929,231,3640,49,7569,California
Siskiyou,2021-03-02,189,11399,2,3858,187,7541,0,0,72,3884,117,3757,72,7641,California
Siskiyou,2021-03-03,333,11732,5,3863,328,7869,0,0,145,3841,188,3945,145,7786,California
Siskiyou,2021-03-04,666,12398,496,4359,170,8039,0,0,516,4207,150,4095,516,8302,California
Siskiyou,2021-03-05,315,12713,7,4366,297,8336,11,11,98,4102,214,4309,109,8411,California
Siskiyou,2021-03-06,35,12748,2,4368,29,8365,4,15,28,4127,7,4316,32,8443,California
Siskiyou,2021-03-07,10,12758,3,4371,0,8365,7,22,2,4128,8,4324,9,8452,California
Siskiyou,2021-03-08,347,13105,25,4396,289,8654,33,55,53,3920,294,4618,86,8538,California
Siskiyou,2021-03-09,137,13242,0,4396,98,8752,39,94,49,3920,88,4706,88,8626,California
Siskiyou,2021-03-10,194,13436,11,4407,177,8929,6,100,26,3784,168,4874,32,8658,California
Siskiyou,2021-03-11,440,13876,190,4597,209,9138,41,141,250,3888,187,5061,291,8949,California
Siskiyou,2021-03-12,534,14410,112,4709,387,9525,35,176,155,3701,377,5438,190,9139,California
Siskiyou,2021-03-13,347,14757,317,5026,8,9533,22,198,316,4008,31,5469,338,9477,California
Siskiyou,2021-03-14,21,14778,3,5029,3,9536,15,213,4,4010,17,5486,19,9496,California
Siskiyou,2021-03-15,438,15216,246,5275,175,9711,17,230,308,4205,130,5616,325,9821,California
Siskiyou,2021-03-16,260,15476,41,5316,202,9913,17,247,147,4256,113,5729,164,9985,California
Siskiyou,2021-03-17,197,15673,4,5320,184,10097,9,256,31,4130,166,5895,40,10025,California
Siskiyou,2021-03-18,780,16453,649,5969,119,10216,12,268,667,4696,113,6008,679,10704,California
Siskiyou,2021-03-19,46,16499,12,5981,22,10238,12,280,14,4690,32,6040,26,10730,California
Siskiyou,2021-03-20,29,16528,7,5988,18,10256,4,284,7,4680,21,6061,11,10741,California
Siskiyou,2021-03-21,9,16537,3,5991,1,10257,5,289,3,4682,6,6067,8,10749,California
Siskiyou,2021-03-22,199,16736,20,6011,157,10414,22,311,138,4784,58,6125,160,10909,California
Siskiyou,2021-03-23,166,16902,21,6032,136,10550,9,320,114,4855,52,6177,123,11032,California
Siskiyou,2021-03-24,142,17044,55,6087,87,10637,0,320,120,4953,22,6199,120,11152,California
Siskiyou,2021-03-25,535,17579,289,6376,244,10881,2,322,366,5154,169,6368,370,11522,California
Siskiyou,2021-03-26,302,17881,29,6405,271,11152,2,324,100,5055,201,6569,102,11624,California
Siskiyou,2021-03-27,35,17916,4,6409,27,11179,4,328,9,5042,26,6595,13,11637,California
Siskiyou,2021-03-28,3,17919,3,6412,0,11179,0,328,1,5041,2,6597,1,11638,California
Siskiyou,2021-03-29,108,18027,14,6426,92,11271,2,330,48,5041,50,6647,50,11688,California
Siskiyou,2021-03-30,99,18126,2,6428,95,11366,2,332,38,5020,61,6708,40,11728,California
Siskiyou,2021-03-31,188,18314,23,6451,164,11530,1,333,53,4943,134,6842,57,11785,California
Siskiyou,2021-04-01,803,19117,660,7111,143,11673,0,333,199,4636,604,7446,297,12082,California
Siskiyou,2021-04-02,294,19411,185,7296,105,11778,4,337,27,4406,267,7713,37,12119,California
Siskiyou,2021-04-03,27,19438,5,7301,16,11794,6,343,6,4398,21,7734,13,12132,California
Siskiyou,2021-04-04,4,19442,3,7304,1,11795,0,343,3,4400,1,7735,3,12135,California
Siskiyou,2021-04-05,352,19794,312,7616,37,11832,3,346,19,4114,329,8064,43,12178,California
Solano,2020-12-15,4,4,4,4,0,0,0,0,4,4,0,0,4,4,California
Solano,2020-12-16,71,75,71,75,0,0,0,0,71,75,0,0,71,75,California
Solano,2020-12-17,152,227,152,227,0,0,0,0,152,227,0,0,152,227,California
Solano,2020-12-18,450,677,449,676,1,1,0,0,450,677,0,0,450,677,California
Solano,2020-12-19,512,1189,512,1188,0,1,0,0,512,1189,0,0,512,1189,California
Solano,2020-12-20,354,1543,353,1541,1,2,0,0,354,1543,0,0,354,1543,California
Solano,2020-12-21,570,2113,568,2109,2,4,0,0,570,2113,0,0,570,2113,California
Solano,2020-12-22,663,2776,629,2738,34,38,0,0,663,2776,0,0,663,2776,California
Solano,2020-12-23,856,3632,770,3508,86,124,0,0,855,3631,0,0,855,3631,California
Solano,2020-12-24,420,4052,169,3677,251,375,0,0,420,4051,0,0,420,4051,California
Solano,2020-12-25,10,4062,2,3679,8,383,0,0,10,4061,0,0,10,4061,California
Solano,2020-12-26,175,4237,48,3727,127,510,0,0,175,4236,0,0,175,4236,California
Solano,2020-12-27,101,4338,28,3755,73,583,0,0,101,4337,0,0,101,4337,California
Solano,2020-12-28,858,5196,417,4172,441,1024,0,0,858,5195,0,0,858,5195,California
Solano,2020-12-29,887,6083,373,4545,514,1538,0,0,887,6082,0,0,887,6082,California
Solano,2020-12-30,1198,7281,595,5140,603,2141,0,0,1198,7280,0,0,1198,7280,California
Solano,2020-12-31,530,7811,130,5270,400,2541,0,0,530,7810,0,0,530,7810,California
Solano,2021-01-01,14,7825,12,5282,2,2543,0,0,14,7824,0,0,14,7824,California
Solano,2021-01-02,211,8036,163,5445,48,2591,0,0,211,8035,0,0,211,8035,California
Solano,2021-01-03,56,8092,39,5484,17,2608,0,0,51,8086,0,0,51,8086,California
Solano,2021-01-04,451,8543,247,5731,204,2812,0,0,441,8524,3,3,441,8527,California
Solano,2021-01-05,695,9238,376,6107,319,3131,0,0,541,8916,149,152,541,9068,California
Solano,2021-01-06,819,10057,434,6541,385,3516,0,0,558,9215,259,411,558,9626,California
Solano,2021-01-07,1050,11107,697,7238,353,3869,0,0,593,9354,455,866,594,10220,California
Solano,2021-01-08,1130,12237,776,8014,354,4223,0,0,537,9318,575,1441,539,10759,California
Solano,2021-01-09,885,13122,763,8777,122,4345,0,0,429,9294,453,1894,429,11188,California
Solano,2021-01-10,250,13372,191,8968,59,4404,0,0,150,9344,100,1994,150,11338,California
Solano,2021-01-11,1315,14687,1103,10071,212,4616,0,0,803,9636,512,2506,804,12142,California
Solano,2021-01-12,1543,16230,1159,11230,384,5000,0,0,996,10087,546,3052,997,13139,California
Solano,2021-01-13,1421,17651,995,12225,426,5426,0,0,1164,10996,255,3307,1164,14303,California
Solano,2021-01-14,1834,19485,794,13019,1040,6466,0,0,1520,12203,313,3620,1520,15823,California
Solano,2021-01-15,1676,21161,1059,14078,617,7083,0,0,1381,13289,295,3915,1381,17204,California
Solano,2021-01-16,1294,22455,907,14985,387,7470,0,0,1114,14223,180,4095,1114,18318,California
Solano,2021-01-17,1028,23483,747,15732,281,7751,0,0,1011,15217,17,4112,1011,19329,California
Solano,2021-01-18,1410,24893,859,16591,551,8302,0,0,1297,16402,113,4225,1298,20627,California
Solano,2021-01-19,1643,26536,1332,17923,311,8613,0,0,1370,17500,272,4497,1370,21997,California
Solano,2021-01-20,2023,28559,1415,19338,608,9221,0,0,1542,18564,478,4975,1542,23539,California
Solano,2021-01-21,3076,31635,990,20328,2086,11307,0,0,2741,20971,334,5309,2741,26280,California
Solano,2021-01-22,1740,33375,835,21163,905,12212,0,0,1551,22333,189,5498,1551,27831,California
Solano,2021-01-23,727,34102,236,21399,491,12703,0,0,524,22654,204,5702,525,28356,California
Solano,2021-01-24,375,34477,59,21458,316,13019,0,0,311,22901,64,5766,311,28667,California
Solano,2021-01-25,1614,36091,623,22081,991,14010,0,0,1065,23420,549,6315,1068,29735,California
Solano,2021-01-26,1672,37763,739,22820,933,14943,0,0,1046,23843,625,6940,1048,30783,California
Solano,2021-01-27,1758,39521,728,23548,1030,15973,0,0,1174,24446,571,7511,1174,31957,California
Solano,2021-01-28,1838,41359,711,24259,1127,17100,0,0,1237,25085,599,8110,1238,33195,California
Solano,2021-01-29,1645,43004,781,25040,864,17964,0,0,1288,26021,355,8465,1291,34486,California
Solano,2021-01-30,707,43711,217,25257,490,18454,0,0,552,26418,155,8620,552,35038,California
Solano,2021-01-31,477,44188,397,25654,80,18534,0,0,216,26374,261,8881,217,35255,California
Solano,2021-02-01,1470,45658,970,26624,500,19034,0,0,739,26385,728,9609,739,35994,California
Solano,2021-02-02,3063,48721,1060,27684,2003,21037,0,0,2275,27874,786,10395,2275,38269,California
Solano,2021-02-03,2216,50937,1295,28979,921,21958,0,0,1149,27963,1064,11459,1153,39422,California
Solano,2021-02-04,1756,52693,902,29881,854,22812,0,0,1042,28297,708,12167,1042,40464,California
Solano,2021-02-05,3047,55740,1407,31288,1640,24452,0,0,2047,29358,992,13159,2053,42517,California
Solano,2021-02-06,3003,58743,1162,32450,1841,26293,0,0,2198,30755,801,13960,2198,44715,California
Solano,2021-02-07,851,59594,789,33239,62,26355,0,0,237,30378,614,14574,237,44952,California
Solano,2021-02-08,1708,61302,1228,34467,480,26835,0,0,673,30019,1032,15606,673,45625,California
Solano,2021-02-09,1884,63186,1465,35932,419,27254,0,0,670,29476,1213,16819,670,46295,California
Solano,2021-02-10,2239,65425,1492,37424,747,28001,0,0,819,28879,1416,18235,819,47114,California
Solano,2021-02-11,2383,67808,1444,38868,939,28940,0,0,1117,28743,1253,19488,1117,48231,California
Solano,2021-02-12,4019,71827,1542,40410,2477,31417,0,0,2715,30163,1297,20785,2717,50948,California
Solano,2021-02-13,2797,74624,233,40643,2564,33981,0,0,2421,32213,372,21157,2422,53370,California
Solano,2021-02-14,685,75309,201,40844,484,34465,0,0,410,32350,273,21430,410,53780,California
Solano,2021-02-15,1255,76564,291,41135,964,35429,0,0,636,32368,619,22049,637,54417,California
Solano,2021-02-16,2360,78924,1206,42341,1154,36583,0,0,1600,33209,759,22808,1600,56017,California
Solano,2021-02-17,2636,81560,1215,43556,1421,38004,0,0,1848,34273,785,23593,1849,57866,California
Solano,2021-02-18,2538,84098,687,44243,1851,39855,0,0,792,33328,1737,25330,792,58658,California
Solano,2021-02-19,2180,86278,1245,45488,935,40790,0,0,1101,33355,1076,26406,1103,59761,California
Solano,2021-02-20,2524,88802,376,45864,2148,42938,0,0,2066,34961,460,26866,2066,61827,California
Solano,2021-02-21,2095,90897,1820,47684,275,43213,0,0,1816,36501,277,27143,1817,63644,California
Solano,2021-02-22,1559,92456,901,48585,658,43871,0,0,812,36569,745,27888,813,64457,California
Solano,2021-02-23,2404,94860,986,49571,1418,45289,0,0,1557,37280,846,28734,1557,66014,California
Solano,2021-02-24,2309,97169,1124,50695,1185,46474,0,0,1294,37560,1014,29748,1294,67308,California
Solano,2021-02-25,2254,99423,1337,52032,917,47391,0,0,1236,37786,1011,30759,1237,68545,California
Solano,2021-02-26,2547,101970,1454,53486,1093,48484,0,0,1327,37896,1217,31976,1327,69872,California
Solano,2021-02-27,3609,105579,1365,54851,2244,50728,0,0,2923,40142,679,32655,2925,72797,California
Solano,2021-02-28,1350,106929,1038,55889,312,51040,0,0,1085,40965,262,32917,1085,73882,California
Solano,2021-03-01,2108,109037,1036,56925,1072,52112,0,0,1510,41883,593,33510,1511,75393,California
Solano,2021-03-02,1889,110926,1197,58122,692,52804,0,0,1184,42362,705,34215,1184,76577,California
Solano,2021-03-03,1835,112761,1009,59131,826,53630,0,0,1088,42710,740,34955,1088,77665,California
Solano,2021-03-04,3038,115799,2202,61333,834,54464,2,2,2114,43907,920,35875,2117,79782,California
Solano,2021-03-05,3638,119437,1191,62524,2444,56908,3,5,2878,46030,760,36635,2883,82665,California
Solano,2021-03-06,3465,122902,700,63224,2725,59633,40,45,2372,47356,1086,37721,2412,85077,California
Solano,2021-03-07,3454,126356,730,63954,2712,62345,12,57,1908,47740,1537,39258,1921,86998,California
Solano,2021-03-08,1568,127924,801,64755,500,62845,267,324,1082,48605,485,39743,1350,88348,California
Solano,2021-03-09,2854,130778,1306,66061,1495,64340,53,377,2052,49906,802,40545,2103,90451,California
Solano,2021-03-10,2133,132911,1531,67592,512,64852,90,467,1046,49959,1083,41628,1136,91587,California
Solano,2021-03-11,5274,138185,1370,68962,3667,68519,237,704,4347,53619,925,42553,4585,96172,California
Solano,2021-03-12,5333,143518,1314,70276,3936,72455,83,787,2838,54052,2490,45043,2923,99095,California
Solano,2021-03-13,3971,147489,755,71031,3135,75590,81,868,1972,54118,1991,47034,2057,101152,California
Solano,2021-03-14,3588,151077,2817,73848,325,75915,446,1314,1512,54010,2073,49107,1965,103117,California
Solano,2021-03-15,3698,154775,2203,76051,1178,77093,317,1631,2362,55357,1331,50438,2678,105795,California
Solano,2021-03-16,2813,157588,1127,77178,1457,78550,229,1860,1424,55625,1384,51822,1652,107447,California
Solano,2021-03-17,5340,162928,1419,78597,3832,82382,89,1949,4062,58503,1273,53095,4151,111598,California
Solano,2021-03-18,4109,167037,1378,79975,2697,85079,34,1983,3051,60540,1050,54145,3087,114685,California
Solano,2021-03-19,1869,168906,1247,81222,565,85644,57,2040,1000,60736,864,55009,1060,115745,California
Solano,2021-03-20,4101,173007,1088,82310,2971,88615,42,2082,2161,61014,1934,56943,2212,117957,California
Solano,2021-03-21,1628,174635,1540,83850,71,88686,17,2099,840,61084,786,57729,856,118813,California
Solano,2021-03-22,2152,176787,1541,85391,563,89249,48,2147,1221,61441,924,58653,1281,120094,California
Solano,2021-03-23,2924,179711,1512,86903,1366,90615,46,2193,1350,61283,1567,60220,1409,121503,California
Solano,2021-03-24,2664,182375,1640,88543,987,91602,37,2230,1301,61350,1356,61576,1423,122926,California
Solano,2021-03-25,4419,186794,3629,92172,756,92358,34,2264,2003,61793,2412,63988,2855,125781,California
Solano,2021-03-26,2761,189555,1679,93851,1046,93404,36,2300,1501,62345,1253,65241,1805,127586,California
Solano,2021-03-27,4145,193700,1149,95000,2958,96362,38,2338,1778,61969,2358,67599,1982,129568,California
Solano,2021-03-28,1332,195032,1084,96084,230,96592,18,2356,549,61769,780,68379,580,130148,California
Solano,2021-03-29,2668,197700,1466,97550,1185,97777,17,2373,1483,62121,1181,69560,1533,131681,California
Solano,2021-03-30,2698,200398,1821,99371,785,98562,92,2465,1670,62876,1026,70586,1781,133462,California
Solano,2021-03-31,2829,203227,1934,101305,751,99313,144,2609,1675,63584,1151,71737,1859,135321,California
Solano,2021-04-01,4410,207637,1699,103004,2566,101879,145,2754,2779,64928,1620,73357,2964,138285,California
Solano,2021-04-02,3498,211135,1653,104657,1688,103567,157,2911,1519,64951,1974,75331,1997,140282,California
Solano,2021-04-03,1443,212578,938,105595,363,103930,142,3053,550,64776,891,76222,716,140998,California
Solano,2021-04-04,754,213332,277,105872,195,104125,282,3335,251,64811,501,76723,536,141534,California
Solano,2021-04-05,2094,215426,1610,107482,413,104538,71,3406,1098,64993,993,77716,1175,142709,California
Sonoma,2020-12-15,4,4,4,4,0,0,0,0,4,4,0,0,4,4,California
Sonoma,2020-12-16,29,33,29,33,0,0,0,0,29,33,0,0,29,33,California
Sonoma,2020-12-17,101,134,101,134,0,0,0,0,101,134,0,0,101,134,California
Sonoma,2020-12-18,419,553,419,553,0,0,0,0,419,553,0,0,419,553,California
Sonoma,2020-12-19,110,663,109,662,1,1,0,0,110,663,0,0,110,663,California
Sonoma,2020-12-20,175,838,175,837,0,1,0,0,175,838,0,0,175,838,California
Sonoma,2020-12-21,912,1750,910,1747,2,3,0,0,911,1749,0,0,911,1749,California
Sonoma,2020-12-22,1365,3115,1273,3020,92,95,0,0,1365,3114,0,0,1365,3114,California
Sonoma,2020-12-23,1604,4719,1227,4247,377,472,0,0,1605,4719,0,0,1605,4719,California
Sonoma,2020-12-24,306,5025,101,4348,205,677,0,0,306,5025,0,0,306,5025,California
Sonoma,2020-12-25,8,5033,2,4350,6,683,0,0,8,5033,0,0,8,5033,California
Sonoma,2020-12-26,266,5299,255,4605,11,694,0,0,266,5299,0,0,266,5299,California
Sonoma,2020-12-27,93,5392,80,4685,13,707,0,0,93,5392,0,0,93,5392,California
Sonoma,2020-12-28,989,6381,553,5238,436,1143,0,0,961,6353,0,0,961,6353,California
Sonoma,2020-12-29,1133,7514,779,6017,354,1497,0,0,1099,7452,0,0,1099,7452,California
Sonoma,2020-12-30,1094,8608,479,6496,615,2112,0,0,1086,8538,0,0,1086,8538,California
Sonoma,2020-12-31,515,9123,70,6566,445,2557,0,0,516,9054,0,0,516,9054,California
Sonoma,2021-01-01,11,9134,6,6572,5,2562,0,0,11,9065,0,0,11,9065,California
Sonoma,2021-01-02,133,9267,126,6698,7,2569,0,0,133,9198,0,0,133,9198,California
Sonoma,2021-01-03,23,9290,9,6707,14,2583,0,0,23,9221,0,0,23,9221,California
Sonoma,2021-01-04,341,9631,104,6811,237,2820,0,0,340,9561,0,0,340,9561,California
Sonoma,2021-01-05,439,10070,103,6914,336,3156,0,0,415,9961,15,15,415,9976,California
Sonoma,2021-01-06,949,11019,434,7348,515,3671,0,0,835,10689,107,122,835,10811,California
Sonoma,2021-01-07,1015,12034,523,7871,492,4163,0,0,846,11367,168,290,846,11657,California
Sonoma,2021-01-08,1782,13816,1228,9099,554,4717,0,0,1312,12211,468,758,1312,12969,California
Sonoma,2021-01-09,656,14472,420,9519,236,4953,0,0,608,12771,48,806,608,13577,California
Sonoma,2021-01-10,470,14942,459,9978,11,4964,0,0,278,12857,192,998,278,13855,California
Sonoma,2021-01-11,1381,16323,1236,11214,145,5109,0,0,411,12302,966,1964,411,14266,California
Sonoma,2021-01-12,1548,17871,1295,12509,253,5362,0,0,394,11544,1152,3116,394,14660,California
Sonoma,2021-01-13,2063,19934,1422,13931,641,6003,0,0,1200,11884,860,3976,1200,15860,California
Sonoma,2021-01-14,1526,21460,805,14736,721,6724,0,0,1294,12946,232,4208,1294,17154,California
Sonoma,2021-01-15,1561,23021,634,15370,927,7651,0,0,1341,14077,211,4419,1342,18496,California
Sonoma,2021-01-16,1135,24156,607,15977,528,8179,0,0,886,14718,245,4664,886,19382,California
Sonoma,2021-01-17,666,24822,550,16527,116,8295,0,0,586,15224,80,4744,586,19968,California
Sonoma,2021-01-18,1103,25925,934,17461,169,8464,0,0,611,15344,492,5236,612,20580,California
Sonoma,2021-01-19,2093,28018,1008,18469,1085,9549,0,0,1384,16022,707,5943,1385,21965,California
Sonoma,2021-01-20,2061,30079,619,19088,1442,10991,0,0,1404,16779,648,6591,1405,23370,California
Sonoma,2021-01-21,2213,32292,613,19701,1600,12591,0,0,1990,18550,220,6811,1991,25361,California
Sonoma,2021-01-22,2704,34996,1028,20729,1676,14267,0,0,2554,20955,149,6960,2554,27915,California
Sonoma,2021-01-23,762,35758,592,21321,170,14437,0,0,655,21504,106,7066,655,28570,California
Sonoma,2021-01-24,770,36528,638,21959,132,14569,0,0,755,22244,15,7081,755,29325,California
Sonoma,2021-01-25,2162,38690,519,22478,1643,16212,0,0,1675,23432,487,7568,1675,31000,California
Sonoma,2021-01-26,1992,40682,296,22774,1696,17908,0,0,1537,24515,454,8022,1537,32537,California
Sonoma,2021-01-27,3669,44351,1256,24030,2413,20321,0,0,3100,27050,567,8589,3102,35639,California
Sonoma,2021-01-28,4097,48448,1834,25864,2263,22584,0,0,3438,29834,656,9245,3440,39079,California
Sonoma,2021-01-29,2951,51399,1398,27262,1553,24137,0,0,2124,31134,825,10070,2125,41204,California
Sonoma,2021-01-30,2578,53977,2394,29656,184,24321,0,0,2225,33009,353,10423,2228,43432,California
Sonoma,2021-01-31,776,54753,664,30320,112,24433,0,0,579,33392,196,10619,579,44011,California
Sonoma,2021-02-01,2490,57243,868,31188,1622,26055,0,0,2093,35093,394,11013,2095,46106,California
Sonoma,2021-02-02,3432,60675,1364,32552,2068,28123,0,0,2865,37393,565,11578,2865,48971,California
Sonoma,2021-02-03,4021,64696,1318,33870,2703,30826,0,0,3099,39573,920,12498,3100,52071,California
Sonoma,2021-02-04,4154,68850,1681,35551,2473,33299,0,0,3390,42200,763,13261,3390,55461,California
Sonoma,2021-02-05,4794,73644,1734,37285,3060,36359,0,0,3783,44977,1007,14268,3784,59245,California
Sonoma,2021-02-06,2631,76275,2271,39556,360,36719,0,0,2079,46505,551,14819,2079,61324,California
Sonoma,2021-02-07,1534,77809,1398,40954,136,36855,0,0,1286,47544,247,15066,1286,62610,California
Sonoma,2021-02-08,3234,81043,1022,41976,2212,39067,0,0,2661,49634,571,15637,2661,65271,California
Sonoma,2021-02-09,3540,84583,1690,43666,1850,40917,0,0,3063,52223,475,16112,3064,68335,California
Sonoma,2021-02-10,4400,88983,2357,46023,2043,42960,0,0,3374,54578,1020,17132,3375,71710,California
Sonoma,2021-02-11,5321,94304,2790,48813,2531,45491,0,0,4152,57564,1166,18298,4152,75862,California
Sonoma,2021-02-12,5635,99939,2966,51779,2669,48160,0,0,4229,60391,1403,19701,4230,80092,California
Sonoma,2021-02-13,1976,101915,1153,52932,823,48983,0,0,1206,60830,767,20468,1206,81298,California
Sonoma,2021-02-14,2302,104217,1809,54741,493,49476,0,0,1661,61851,640,21108,1661,82959,California
Sonoma,2021-02-15,2103,106320,766,55507,1337,50813,0,0,1595,62938,508,21616,1595,84554,California
Sonoma,2021-02-16,4596,110916,2035,57542,2561,53374,0,0,3350,65044,1244,22860,3350,87904,California
Sonoma,2021-02-17,5276,116192,2852,60394,2424,55798,0,0,3329,66438,1938,24798,3332,91236,California
Sonoma,2021-02-18,6742,122934,2966,63360,3776,59574,0,0,3861,67425,2874,27672,3861,95097,California
Sonoma,2021-02-19,5384,128318,1657,65017,3727,63301,0,0,3314,68674,2065,29737,3314,98411,California
Sonoma,2021-02-20,3094,131412,2824,67841,270,63571,0,0,1221,68027,1868,31605,1221,99632,California
Sonoma,2021-02-21,452,131864,343,68184,109,63680,0,0,129,67837,319,31924,129,99761,California
Sonoma,2021-02-22,2700,134564,1346,69530,1354,65034,0,0,1044,67229,1652,33576,1044,100805,California
Sonoma,2021-02-23,3077,137641,2058,71588,1019,66053,0,0,1370,66895,1705,35281,1371,102176,California
Sonoma,2021-02-24,5433,143074,2517,74105,2916,68969,0,0,2726,66921,2702,37983,2728,104904,California
Sonoma,2021-02-25,5615,148689,2216,76321,3399,72368,0,0,2972,67270,2623,40606,2972,107876,California
Sonoma,2021-02-26,5969,154658,2742,79063,3227,75595,0,0,3707,68722,2255,42861,3707,111583,California
Sonoma,2021-02-27,4017,158675,1893,80956,2124,77719,0,0,2691,70090,1324,44185,2692,114275,California
Sonoma,2021-02-28,2304,160979,1823,82779,481,78200,0,0,599,68989,1700,45885,599,114874,California
Sonoma,2021-03-01,3618,164597,1105,83884,2513,80713,0,0,1774,68927,1837,47722,1775,116649,California
Sonoma,2021-03-02,4181,168778,1454,85338,2727,83440,0,0,2466,69687,1706,49428,2466,119115,California
Sonoma,2021-03-03,4273,173051,2233,87571,2040,85480,0,0,1858,69137,2408,51836,1858,120973,California
Sonoma,2021-03-04,4900,177951,2244,89815,2656,88136,0,0,2003,68254,2886,54722,2003,122976,California
Sonoma,2021-03-05,5177,183128,2223,92038,2939,91075,15,15,2061,67233,3102,57824,2081,125057,California
Sonoma,2021-03-06,2559,185687,1129,93167,1310,92385,120,135,1730,68257,825,58649,1849,126906,California
Sonoma,2021-03-07,1708,187395,1428,94595,248,92633,32,167,355,67292,1352,60001,387,127293,California
Sonoma,2021-03-08,3852,191247,671,95266,3012,95645,169,336,2195,68009,1647,61648,2364,129657,California
Sonoma,2021-03-09,5363,196610,2964,98230,2151,97796,248,584,2646,68192,2711,64359,2894,132551,California
Sonoma,2021-03-10,5816,202426,3125,101355,2388,100184,303,887,2344,67382,3457,67816,2647,135198,California
Sonoma,2021-03-11,7226,209652,2881,104236,3565,103749,780,1667,2562,66071,4655,72471,3344,138542,California
Sonoma,2021-03-12,6959,216611,2135,106371,3554,107303,1270,2937,1986,64371,4956,77427,3256,141798,California
Sonoma,2021-03-13,2958,219569,1455,107826,1279,108582,224,3161,1702,65041,1254,78681,1924,143722,California
Sonoma,2021-03-14,1165,220734,288,108114,737,109319,140,3301,752,65522,410,79091,891,144613,California
Sonoma,2021-03-15,5156,225890,1464,109578,3319,112638,373,3674,2180,65106,2968,82059,2552,147165,California
Sonoma,2021-03-16,6222,232112,2227,111805,3772,116410,223,3897,3147,65408,3068,85127,3370,150535,California
Sonoma,2021-03-17,6392,238504,3382,115187,2843,119253,167,4064,3267,65727,3115,88242,3434,153969,California
Sonoma,2021-03-18,5786,244290,2416,117603,2868,122121,502,4566,2669,65784,3112,91354,3169,157138,California
Sonoma,2021-03-19,5392,249682,2304,119907,2901,125022,187,4753,2429,65459,2943,94297,2618,159756,California
Sonoma,2021-03-20,2744,252426,1344,121251,742,125764,658,5411,1480,66336,1261,95558,2138,161894,California
Sonoma,2021-03-21,1350,253776,589,121840,727,126491,34,5445,1186,67394,163,95721,1221,163115,California
Sonoma,2021-03-22,4417,258193,3011,124851,1305,127796,101,5546,3482,70058,934,96655,3598,166713,California
Sonoma,2021-03-23,5615,263808,3476,128327,2065,129861,74,5620,4511,73550,1100,97755,4592,171305,California
Sonoma,2021-03-24,6481,270289,4155,132482,2251,132112,75,5695,4074,75437,2389,100144,4276,175581,California
Sonoma,2021-03-25,6829,277118,4062,136544,2664,134776,103,5798,4215,77257,2593,102737,4413,179994,California
Sonoma,2021-03-26,7075,284193,3321,139865,3662,138438,92,5890,3861,78240,3200,105937,4183,184177,California
Sonoma,2021-03-27,3827,288020,1498,141363,1979,140417,350,6240,1116,77085,2702,108639,1547,185724,California
Sonoma,2021-03-28,1468,289488,910,142273,533,140950,25,6265,921,77485,546,109185,946,186670,California
Sonoma,2021-03-29,2810,292298,1088,143361,1689,142639,33,6298,1592,77909,1213,110398,1637,188307,California
Sonoma,2021-03-30,5356,297654,3099,146460,2192,144831,65,6363,2996,78635,2356,112754,3082,191389,California
Sonoma,2021-03-31,5435,303089,3309,149769,1913,146744,213,6576,3319,80139,2107,114861,3611,195000,California
Sonoma,2021-04-01,6522,309611,3877,153646,2316,149060,329,6905,3494,81411,3017,117878,4289,199289,California
Sonoma,2021-04-02,5734,315345,3440,157086,2179,151239,115,7020,3491,83167,2238,120116,3994,203283,California
Sonoma,2021-04-03,3292,318637,1604,158690,1478,152717,210,7230,1462,83141,1824,121940,1798,205081,California
Sonoma,2021-04-04,1050,319687,683,159373,288,153005,79,7309,716,83607,333,122273,799,205880,California
Sonoma,2021-04-05,3207,322894,213,159586,2932,155937,62,7371,1489,83447,1714,123987,1554,207434,California
Stanislaus,2020-12-15,2,2,2,2,0,0,0,0,2,2,0,0,2,2,California
Stanislaus,2020-12-16,37,39,37,39,0,0,0,0,37,39,0,0,37,39,California
Stanislaus,2020-12-17,73,112,73,112,0,0,0,0,73,112,0,0,73,112,California
Stanislaus,2020-12-18,431,543,424,536,7,7,0,0,431,543,0,0,431,543,California
Stanislaus,2020-12-19,192,735,192,728,0,7,0,0,192,735,0,0,192,735,California
Stanislaus,2020-12-20,126,861,126,854,0,7,0,0,126,861,0,0,126,861,California
Stanislaus,2020-12-21,1124,1985,1121,1975,3,10,0,0,1123,1984,0,0,1123,1984,California
Stanislaus,2020-12-22,846,2831,834,2809,12,22,0,0,846,2830,0,0,846,2830,California
Stanislaus,2020-12-23,461,3292,444,3253,17,39,0,0,460,3290,0,0,460,3290,California
Stanislaus,2020-12-24,99,3391,90,3343,9,48,0,0,99,3389,0,0,99,3389,California
Stanislaus,2020-12-26,48,3439,6,3349,42,90,0,0,48,3437,0,0,48,3437,California
Stanislaus,2020-12-27,10,3449,5,3354,5,95,0,0,10,3447,0,0,10,3447,California
Stanislaus,2020-12-28,499,3948,403,3757,96,191,0,0,499,3946,0,0,499,3946,California
Stanislaus,2020-12-29,505,4453,429,4186,76,267,0,0,505,4451,0,0,505,4451,California
Stanislaus,2020-12-30,540,4993,283,4469,257,524,0,0,540,4990,1,1,540,4991,California
Stanislaus,2020-12-31,315,5308,172,4641,143,667,0,0,317,5307,0,1,317,5308,California
Stanislaus,2021-01-01,8,5316,1,4642,7,674,0,0,8,5315,0,1,8,5316,California
Stanislaus,2021-01-02,31,5347,24,4666,7,681,0,0,31,5346,0,1,31,5347,California
Stanislaus,2021-01-03,88,5435,85,4751,3,684,0,0,88,5434,0,1,88,5435,California
Stanislaus,2021-01-04,114,5549,31,4782,83,767,0,0,117,5551,0,1,117,5552,California
Stanislaus,2021-01-05,849,6398,334,5116,515,1282,0,0,825,6361,17,18,827,6379,California
Stanislaus,2021-01-06,976,7374,545,5661,431,1713,0,0,902,7200,64,82,903,7282,California
Stanislaus,2021-01-07,1088,8462,697,6358,391,2104,0,0,963,8052,112,194,964,8246,California
Stanislaus,2021-01-08,1316,9778,754,7112,562,2666,0,0,946,8637,365,559,950,9196,California
Stanislaus,2021-01-09,288,10066,144,7256,144,2810,0,0,196,8741,92,651,196,9392,California
Stanislaus,2021-01-10,47,10113,20,7276,27,2837,0,0,29,8752,18,669,29,9421,California
Stanislaus,2021-01-11,1547,11660,1261,8537,286,3123,0,0,604,8430,939,1608,617,10038,California
Stanislaus,2021-01-12,1489,13149,888,9425,601,3724,0,0,834,8617,651,2259,838,10876,California
Stanislaus,2021-01-13,1440,14589,675,10100,765,4489,0,0,1115,9416,324,2583,1123,11999,California
Stanislaus,2021-01-14,2214,16803,279,10379,1935,6424,0,0,2064,11386,148,2731,2118,14117,California
Stanislaus,2021-01-15,2882,19685,1150,11529,1732,8156,0,0,2725,14043,135,2866,2792,16909,California
Stanislaus,2021-01-16,572,20257,51,11580,521,8677,0,0,556,14586,15,2881,558,17467,California
Stanislaus,2021-01-17,244,20501,201,11781,43,8720,0,0,238,14818,6,2887,238,17705,California
Stanislaus,2021-01-18,2174,22675,1020,12801,1154,9874,0,0,1804,16316,367,3254,1865,19570,California
Stanislaus,2021-01-19,1266,23941,740,13541,526,10400,0,0,804,16662,459,3713,805,20375,California
Stanislaus,2021-01-20,994,24935,479,14020,515,10915,0,0,703,17075,290,4003,703,21078,California
Stanislaus,2021-01-21,3677,28612,2959,16979,718,11633,0,0,3359,20205,316,4319,3446,24524,California
Stanislaus,2021-01-22,1094,29706,306,17285,788,12421,0,0,1048,21214,43,4362,1052,25576,California
Stanislaus,2021-01-23,350,30056,38,17323,312,12733,0,0,296,21460,54,4416,300,25876,California
Stanislaus,2021-01-24,289,30345,99,17422,190,12923,0,0,223,21619,66,4482,225,26101,California
Stanislaus,2021-01-25,3142,33487,218,17640,2924,15847,0,0,2843,24289,300,4782,2970,29071,California
Stanislaus,2021-01-26,1733,35220,739,18379,994,16841,0,0,1315,25205,413,5195,1329,30400,California
Stanislaus,2021-01-27,1835,37055,972,19351,863,17704,0,0,1179,25736,649,5844,1180,31580,California
Stanislaus,2021-01-28,2249,39304,1497,20848,752,18456,0,0,1763,27072,474,6318,1810,33390,California
Stanislaus,2021-01-29,2486,41790,1198,22046,1288,19744,0,0,1955,28585,484,6802,1997,35387,California
Stanislaus,2021-01-30,298,42088,118,22164,180,19924,0,0,248,28781,52,6854,248,35635,California
Stanislaus,2021-01-31,366,42454,314,22478,52,19976,0,0,363,29132,12,6866,363,35998,California
Stanislaus,2021-02-01,1273,43727,542,23020,731,20707,0,0,937,29743,327,7193,938,36936,California
Stanislaus,2021-02-02,1261,44988,372,23392,889,21596,0,0,805,30099,454,7647,810,37746,California
Stanislaus,2021-02-03,2526,47514,1080,24472,1446,23042,0,0,1847,31277,675,8322,1853,39599,California
Stanislaus,2021-02-04,2111,49625,721,25193,1390,24432,0,0,1599,32373,507,8829,1603,41202,California
Stanislaus,2021-02-05,2855,52480,1458,26651,1397,25829,0,0,1618,32804,1191,10020,1622,42824,California
Stanislaus,2021-02-06,1012,53492,290,26941,722,26551,0,0,821,33437,189,10209,822,43646,California
Stanislaus,2021-02-07,210,53702,186,27127,24,26575,0,0,40,33309,169,10378,41,43687,California
Stanislaus,2021-02-08,2026,55728,1310,28437,716,27291,0,0,1122,33556,878,11256,1125,44812,California
Stanislaus,2021-02-09,1872,57600,789,29226,1083,28374,0,0,1105,33894,770,12026,1108,45920,California
Stanislaus,2021-02-10,1982,59582,563,29789,1419,29793,0,0,1073,34075,894,12920,1075,46995,California
Stanislaus,2021-02-11,5551,65133,3418,33207,2133,31926,0,0,1423,31534,3969,16889,1428,48423,California
Stanislaus,2021-02-12,3537,68670,1098,34305,2439,34365,0,0,1672,31391,1818,18707,1675,50098,California
Stanislaus,2021-02-13,1546,70216,757,35062,789,35154,0,0,1102,32048,450,19157,1107,51205,California
Stanislaus,2021-02-14,423,70639,170,35232,253,35407,0,0,357,32341,65,19222,358,51563,California
Stanislaus,2021-02-15,1839,72478,251,35483,1588,36995,0,0,629,31866,1113,20335,638,52201,California
Stanislaus,2021-02-16,1390,73868,422,35905,968,37963,0,0,601,31703,784,21119,621,52822,California
Stanislaus,2021-02-17,2755,76623,1673,37578,1082,39045,0,0,1970,32906,789,21908,1992,54814,California
Stanislaus,2021-02-18,3397,80020,1887,39465,1510,40555,0,0,1793,33224,1535,23443,1853,56667,California
Stanislaus,2021-02-19,2775,82795,1038,40503,1737,42292,0,0,1569,33622,1180,24623,1578,58245,California
Stanislaus,2021-02-20,758,83553,369,40872,389,42681,0,0,498,33872,251,24874,501,58746,California
Stanislaus,2021-02-21,799,84352,589,41461,210,42891,0,0,361,33917,424,25298,469,59215,California
Stanislaus,2021-02-22,2298,86650,1598,43059,700,43591,0,0,1588,34823,684,25982,1590,60805,California
Stanislaus,2021-02-23,3715,90365,679,43738,3036,46627,0,0,1752,34761,1834,27816,1772,62577,California
Stanislaus,2021-02-24,4163,94528,2806,46544,1357,47984,0,0,2988,36764,1160,28976,3163,65740,California
Stanislaus,2021-02-25,3935,98463,2643,49187,1292,49276,0,0,2959,38936,961,29937,3133,68873,California
Stanislaus,2021-02-26,4243,102706,1214,50401,3029,52305,0,0,2669,40282,1536,31473,2882,71755,California
Stanislaus,2021-02-27,2202,104908,684,51085,1517,53822,1,1,1788,41840,388,31861,1946,73701,California
Stanislaus,2021-02-28,804,105712,254,51339,550,54372,0,1,746,42542,54,31915,756,74457,California
Stanislaus,2021-03-01,3078,108790,1597,52936,1481,55853,0,1,1664,42821,1394,33309,1673,76130,California
Stanislaus,2021-03-02,2420,111210,1438,54374,982,56835,0,1,1675,43765,736,34045,1680,77810,California
Stanislaus,2021-03-03,3656,114866,2189,56563,1464,58299,3,4,2802,45729,841,34886,2805,80615,California
Stanislaus,2021-03-04,5525,120391,3210,59773,2297,60596,18,22,4169,48581,1339,36225,4191,84806,California
Stanislaus,2021-03-05,4208,124599,1307,61080,2885,63481,16,38,3074,50559,1120,37345,3098,87904,California
Stanislaus,2021-03-06,3723,128322,2257,63337,1378,64859,88,126,2701,52337,1020,38365,2798,90702,California
Stanislaus,2021-03-07,840,129162,381,63718,423,65282,36,162,651,52841,184,38549,688,91390,California
Stanislaus,2021-03-08,1991,131153,900,64618,1012,66294,79,241,1269,53477,714,39263,1350,92740,California
Stanislaus,2021-03-09,2741,133894,1050,65668,1602,67896,89,330,1711,54265,1019,40282,1807,94547,California
Stanislaus,2021-03-10,5486,139380,2653,68321,2616,70512,217,547,3751,56525,1715,41997,3975,98522,California
Stanislaus,2021-03-11,6194,145574,3329,71650,2395,72907,470,1017,4169,59326,1859,43856,4660,103182,California
Stanislaus,2021-03-12,6156,151730,1331,72981,2920,75827,1905,2922,2785,60741,3350,47206,4765,107947,California
Stanislaus,2021-03-13,3606,155336,2234,75215,1306,77133,66,2988,2696,62658,897,48103,2814,110761,California
Stanislaus,2021-03-14,820,156156,516,75731,253,77386,51,3039,411,62722,407,48510,471,111232,California
Stanislaus,2021-03-15,3849,160005,1968,77699,1503,78889,378,3417,1662,62742,2093,50603,2113,113345,California
Stanislaus,2021-03-16,5081,165086,2460,80159,2179,81068,442,3859,3639,65406,1421,52024,4085,117430,California
Stanislaus,2021-03-17,5102,170188,3055,83214,1867,82935,180,4039,3154,66842,1929,53953,3365,120795,California
Stanislaus,2021-03-18,5737,175925,3508,86722,2157,85092,72,4111,3306,67943,2291,56244,3392,124187,California
Stanislaus,2021-03-19,6329,182254,1710,88432,3102,88194,1517,5628,3490,70151,2806,59050,5014,129201,California
Stanislaus,2021-03-20,3727,185981,2722,91154,948,89142,57,5685,3325,73143,394,59444,3386,132587,California
Stanislaus,2021-03-21,993,186974,887,92041,45,89187,61,5746,755,73730,232,59676,819,133406,California
Stanislaus,2021-03-22,3032,190006,1396,93437,913,90100,723,6469,1420,74281,1597,61273,2148,135554,California
Stanislaus,2021-03-23,4078,194084,2078,95515,1757,91857,243,6712,2952,76385,1106,62379,3210,138764,California
Stanislaus,2021-03-24,4668,198752,3266,98781,1333,93190,69,6781,2771,77401,1853,64232,2869,141633,California
Stanislaus,2021-03-25,4596,203348,3114,101895,1464,94654,18,6799,2123,77169,2399,66631,2167,143800,California
Stanislaus,2021-03-26,4960,208308,1447,103342,3440,98094,73,6872,2582,77494,2347,68978,2672,146472,California
Stanislaus,2021-03-27,4390,212698,2696,106038,1668,99762,26,6898,1348,75870,3024,72002,1400,147872,California
Stanislaus,2021-03-28,1158,213856,435,106473,540,100302,183,7081,333,75583,818,72820,531,148403,California
Stanislaus,2021-03-29,3183,217039,1806,108279,1339,101641,38,7119,2187,76845,986,73806,2248,150651,California
Stanislaus,2021-03-30,3795,220834,2046,110325,1719,103360,30,7149,2363,77835,1424,75230,2414,153065,California
Stanislaus,2021-03-31,5532,226366,3821,114146,1576,104936,135,7284,2871,78258,2643,77873,3066,156131,California
Stanislaus,2021-04-01,5737,232103,3831,117977,1831,106767,75,7359,2700,78105,3025,80898,2872,159003,California
Stanislaus,2021-04-02,4868,236971,1215,119192,3556,110323,97,7456,2275,78031,2508,83406,2434,161437,California
Stanislaus,2021-04-03,4501,241472,3338,122530,1131,111454,32,7488,2205,78054,2286,85692,2309,163746,California
Stanislaus,2021-04-04,1310,242782,477,123007,813,112267,20,7508,700,78184,606,86298,736,164482,California
Stanislaus,2021-04-05,2664,245446,1893,124900,588,112855,183,7691,1949,79610,712,87010,2138,166620,California
Sutter,2020-12-15,1,1,1,1,0,0,0,0,1,1,0,0,1,1,California
Sutter,2020-12-16,4,5,4,5,0,0,0,0,4,5,0,0,4,5,California
Sutter,2020-12-17,2,7,2,7,0,0,0,0,2,7,0,0,2,7,California
Sutter,2020-12-18,20,27,20,27,0,0,0,0,20,27,0,0,20,27,California
Sutter,2020-12-19,44,71,44,71,0,0,0,0,44,71,0,0,44,71,California
Sutter,2020-12-20,42,113,42,113,0,0,0,0,42,113,0,0,42,113,California
Sutter,2020-12-21,101,214,101,214,0,0,0,0,101,214,0,0,101,214,California
Sutter,2020-12-22,174,388,174,388,0,0,0,0,174,388,0,0,174,388,California
Sutter,2020-12-23,114,502,110,498,4,4,0,0,114,502,0,0,114,502,California
Sutter,2020-12-24,17,519,11,509,6,10,0,0,17,519,0,0,17,519,California
Sutter,2020-12-26,39,558,35,544,4,14,0,0,39,558,0,0,39,558,California
Sutter,2020-12-27,24,582,23,567,1,15,0,0,24,582,0,0,24,582,California
Sutter,2020-12-28,83,665,55,622,28,43,0,0,83,665,0,0,83,665,California
Sutter,2020-12-29,101,766,14,636,87,130,0,0,101,766,0,0,101,766,California
Sutter,2020-12-30,136,902,33,669,103,233,0,0,136,902,0,0,136,902,California
Sutter,2020-12-31,70,972,6,675,64,297,0,0,70,972,0,0,70,972,California
Sutter,2021-01-01,3,975,3,678,0,297,0,0,3,975,0,0,3,975,California
Sutter,2021-01-02,135,1110,133,811,2,299,0,0,135,1110,0,0,135,1110,California
Sutter,2021-01-03,1,1111,0,811,1,300,0,0,1,1111,0,0,1,1111,California
Sutter,2021-01-04,248,1359,140,951,108,408,0,0,248,1359,0,0,248,1359,California
Sutter,2021-01-05,99,1458,56,1007,43,451,0,0,97,1454,2,2,97,1456,California
Sutter,2021-01-06,206,1664,52,1059,154,605,0,0,201,1650,5,7,201,1657,California
Sutter,2021-01-07,251,1915,150,1209,101,706,0,0,242,1884,8,15,242,1899,California
Sutter,2021-01-08,146,2061,40,1249,106,812,0,0,129,1996,17,32,129,2028,California
Sutter,2021-01-09,44,2105,43,1292,1,813,0,0,3,1958,41,73,3,2031,California
Sutter,2021-01-10,402,2507,37,1329,365,1178,0,0,364,2285,37,110,364,2395,California
Sutter,2021-01-11,133,2640,115,1444,18,1196,0,0,26,2204,107,217,26,2421,California
Sutter,2021-01-12,202,2842,165,1609,37,1233,0,0,57,2116,145,362,57,2478,California
Sutter,2021-01-13,157,2999,95,1704,62,1295,0,0,70,2099,87,449,70,2548,California
Sutter,2021-01-14,145,3144,50,1754,95,1390,0,0,125,2204,20,469,125,2673,California
Sutter,2021-01-15,434,3578,131,1885,303,1693,0,0,419,2608,15,484,419,3092,California
Sutter,2021-01-16,390,3968,42,1927,348,2041,0,0,358,2935,31,515,358,3450,California
Sutter,2021-01-17,25,3993,23,1950,2,2043,0,0,9,2928,16,531,9,3459,California
Sutter,2021-01-18,116,4109,61,2011,55,2098,0,0,69,2950,47,578,69,3528,California
Sutter,2021-01-19,100,4209,40,2051,60,2158,0,0,76,3002,24,602,76,3604,California
Sutter,2021-01-20,256,4465,191,2242,65,2223,0,0,236,3218,20,622,236,3840,California
Sutter,2021-01-21,433,4898,264,2506,169,2392,0,0,414,3613,19,641,414,4254,California
Sutter,2021-01-22,267,5165,82,2588,185,2577,0,0,258,3862,9,650,258,4512,California
Sutter,2021-01-23,396,5561,40,2628,356,2933,0,0,370,4206,26,676,370,4882,California
Sutter,2021-01-24,17,5578,14,2642,3,2936,0,0,15,4219,2,678,15,4897,California
Sutter,2021-01-25,302,5880,196,2838,106,3042,0,0,149,4216,152,830,149,5046,California
Sutter,2021-01-26,242,6122,102,2940,140,3182,0,0,145,4266,96,926,146,5192,California
Sutter,2021-01-27,385,6507,254,3194,131,3313,0,0,319,4519,66,992,319,5511,California
Sutter,2021-01-28,523,7030,300,3494,223,3536,0,0,393,4782,130,1122,393,5904,California
Sutter,2021-01-29,418,7448,146,3640,272,3808,0,0,252,4868,166,1288,252,6156,California
Sutter,2021-01-30,780,8228,39,3679,741,4549,0,0,769,5626,11,1299,769,6925,California
Sutter,2021-01-31,27,8255,27,3706,0,4549,0,0,27,5653,0,1299,27,6952,California
Sutter,2021-02-01,162,8417,47,3753,115,4664,0,0,131,5753,31,1330,131,7083,California
Sutter,2021-02-02,241,8658,25,3778,216,4880,0,0,211,5934,30,1360,211,7294,California
Sutter,2021-02-03,444,9102,36,3814,408,5288,0,0,212,5914,232,1592,212,7506,California
Sutter,2021-02-04,667,9769,366,4180,301,5589,0,0,617,6481,50,1642,617,8123,California
Sutter,2021-02-05,281,10050,31,4211,250,5839,0,0,133,6466,148,1790,133,8256,California
Sutter,2021-02-06,732,10782,27,4238,705,6544,0,0,714,7161,19,1809,714,8970,California
Sutter,2021-02-07,22,10804,19,4257,3,6547,0,0,19,7177,3,1812,19,8989,California
Sutter,2021-02-08,132,10936,27,4284,105,6652,0,0,96,7237,36,1848,96,9085,California
Sutter,2021-02-09,249,11185,47,4331,202,6854,0,0,185,7358,64,1912,185,9270,California
Sutter,2021-02-10,799,11984,379,4710,420,7274,0,0,172,6904,626,2538,172,9442,California
Sutter,2021-02-11,601,12585,270,4980,331,7605,0,0,375,7053,226,2764,375,9817,California
Sutter,2021-02-12,625,13210,66,5046,559,8164,0,0,309,7046,316,3080,309,10126,California
Sutter,2021-02-13,901,14111,48,5094,853,9017,0,0,784,7714,116,3196,784,10910,California
Sutter,2021-02-14,87,14198,24,5118,63,9080,0,0,77,7781,10,3206,77,10987,California
Sutter,2021-02-15,198,14396,71,5189,127,9207,0,0,123,7829,75,3281,123,11110,California
Sutter,2021-02-16,283,14679,43,5232,240,9447,0,0,200,7947,82,3363,200,11310,California
Sutter,2021-02-17,830,15509,435,5667,395,9842,0,0,127,7371,703,4066,127,11437,California
Sutter,2021-02-18,702,16211,50,5717,652,10494,0,0,493,7656,208,4274,493,11930,California
Sutter,2021-02-19,663,16874,381,6098,282,10776,0,0,463,7921,198,4472,463,12393,California
Sutter,2021-02-20,621,17495,55,6153,566,11342,0,0,518,8336,103,4575,518,12911,California
Sutter,2021-02-21,29,17524,24,6177,5,11347,0,0,8,8323,21,4596,8,12919,California
Sutter,2021-02-22,199,17723,115,6292,84,11431,0,0,86,8296,113,4709,86,13005,California
Sutter,2021-02-23,217,17940,31,6323,186,11617,0,0,94,8267,123,4832,94,13099,California
Sutter,2021-02-24,957,18897,348,6671,609,12226,0,0,190,7691,766,5598,190,13289,California
Sutter,2021-02-25,772,19669,492,7163,280,12506,0,0,597,8116,172,5770,597,13886,California
Sutter,2021-02-26,365,20034,60,7223,305,12811,0,0,152,8057,211,5981,152,14038,California
Sutter,2021-02-27,860,20894,44,7267,816,13627,0,0,702,8600,159,6140,702,14740,California
Sutter,2021-02-28,83,20977,38,7305,45,13672,0,0,66,8649,17,6157,66,14806,California
Sutter,2021-03-01,243,21220,60,7365,183,13855,0,0,147,8700,96,6253,147,14953,California
Sutter,2021-03-02,333,21553,57,7422,276,14131,0,0,160,8688,172,6425,160,15113,California
Sutter,2021-03-03,1364,22917,506,7928,858,14989,0,0,622,8574,736,7161,622,15735,California
Sutter,2021-03-04,1232,24149,845,8773,387,15376,0,0,941,9230,287,7448,943,16678,California
Sutter,2021-03-05,317,24466,72,8845,244,15620,1,1,181,9277,135,7583,182,16860,California
Sutter,2021-03-06,596,25062,44,8889,548,16168,4,5,445,9582,144,7727,449,17309,California
Sutter,2021-03-07,65,25127,23,8912,41,16209,1,6,45,9608,20,7747,46,17355,California
Sutter,2021-03-08,203,25330,70,8982,121,16330,12,18,136,9689,67,7814,148,17503,California
Sutter,2021-03-09,382,25712,131,9113,238,16568,13,31,178,9677,203,8017,191,17694,California
Sutter,2021-03-10,1525,27237,654,9767,819,17387,52,83,482,9171,1040,9057,534,18228,California
Sutter,2021-03-11,837,28074,400,10167,421,17808,16,99,603,9559,231,9288,619,18847,California
Sutter,2021-03-12,487,28561,80,10247,339,18147,68,167,164,9469,322,9610,232,19079,California
Sutter,2021-03-13,909,29470,708,10955,184,18331,17,184,739,10057,168,9778,756,19835,California
Sutter,2021-03-14,85,29555,22,10977,52,18383,11,195,34,10051,51,9829,45,19880,California
Sutter,2021-03-15,310,29865,68,11045,195,18578,47,242,144,10077,165,9994,191,20071,California
Sutter,2021-03-16,335,30200,84,11129,205,18783,46,288,172,10133,162,10156,218,20289,California
Sutter,2021-03-17,1455,31655,551,11680,881,19664,23,311,282,9273,1165,11321,305,20594,California
Sutter,2021-03-18,737,32392,118,11798,459,20123,160,471,419,9535,316,11637,578,21172,California
Sutter,2021-03-19,321,32713,106,11904,198,20321,17,488,190,9614,128,11765,207,21379,California
Sutter,2021-03-20,862,33575,92,11996,764,21085,6,494,795,10350,66,11831,802,22181,California
Sutter,2021-03-21,70,33645,47,12043,19,21104,4,498,38,10360,32,11863,42,22223,California
Sutter,2021-03-22,283,33928,118,12161,139,21243,26,524,205,10513,78,11941,231,22454,California
Sutter,2021-03-23,342,34270,126,12287,184,21427,32,556,234,10671,108,12049,266,22720,California
Sutter,2021-03-24,1632,35902,726,13013,834,22261,72,628,316,9752,1307,13356,388,23108,California
Sutter,2021-03-25,986,36888,663,13676,282,22543,41,669,331,9473,652,14008,373,23481,California
Sutter,2021-03-26,478,37366,184,13860,276,22819,18,687,283,9586,193,14201,306,23787,California
Sutter,2021-03-27,861,38227,64,13924,794,23613,3,690,762,10253,98,14299,765,24552,California
Sutter,2021-03-28,123,38350,72,13996,51,23664,0,690,77,10285,45,14344,77,24629,California
Sutter,2021-03-29,408,38758,139,14135,220,23884,49,739,217,10363,190,14534,268,24897,California
Sutter,2021-03-30,449,39207,162,14297,279,24163,8,747,294,10511,154,14688,302,25199,California
Sutter,2021-03-31,1193,40400,173,14470,1003,25166,17,764,441,10457,744,15432,690,25889,California
Sutter,2021-04-01,1298,41698,694,15164,421,25587,183,947,376,10107,916,16348,566,26455,California
Sutter,2021-04-02,483,42181,97,15261,287,25874,99,1046,200,10136,279,16627,308,26763,California
Sutter,2021-04-03,859,43040,56,15317,202,26076,601,1647,105,10102,753,17380,719,27482,California
Sutter,2021-04-04,111,43151,19,15336,88,26164,4,1651,53,10104,58,17438,60,27542,California
Sutter,2021-04-05,128,43279,21,15357,81,26245,26,1677,59,10124,66,17504,86,27628,California
Tehama,2020-12-15,1,1,1,1,0,0,0,0,1,1,0,0,1,1,California
Tehama,2020-12-16,2,3,2,3,0,0,0,0,2,3,0,0,2,3,California
Tehama,2020-12-17,12,15,12,15,0,0,0,0,12,15,0,0,12,15,California
Tehama,2020-12-18,2,17,2,17,0,0,0,0,3,18,0,0,3,18,California
Tehama,2020-12-21,33,50,33,50,0,0,0,0,33,51,0,0,33,51,California
Tehama,2020-12-22,68,118,62,112,6,6,0,0,68,119,0,0,68,119,California
Tehama,2020-12-23,48,166,40,152,8,14,0,0,48,167,0,0,48,167,California
Tehama,2020-12-24,5,171,3,155,2,16,0,0,5,172,0,0,5,172,California
Tehama,2020-12-26,3,174,2,157,1,17,0,0,3,175,0,0,3,175,California
Tehama,2020-12-27,2,176,2,159,0,17,0,0,2,177,0,0,2,177,California
Tehama,2020-12-28,56,232,43,202,13,30,0,0,56,233,0,0,56,233,California
Tehama,2020-12-29,31,263,31,233,0,30,0,0,31,264,0,0,31,264,California
Tehama,2020-12-30,54,317,38,271,16,46,0,0,53,317,0,0,53,317,California
Tehama,2020-12-31,14,331,4,275,10,56,0,0,14,331,0,0,14,331,California
Tehama,2021-01-01,2,333,0,275,2,58,0,0,2,333,0,0,2,333,California
Tehama,2021-01-04,31,364,8,283,23,81,0,0,31,364,0,0,31,364,California
Tehama,2021-01-05,71,435,44,327,27,108,0,0,68,429,3,3,68,432,California
Tehama,2021-01-06,70,505,21,348,49,157,0,0,61,482,8,11,61,493,California
Tehama,2021-01-07,57,562,7,355,50,207,0,0,56,537,1,12,56,549,California
Tehama,2021-01-08,30,592,24,379,6,213,0,0,25,557,5,17,25,574,California
Tehama,2021-01-09,7,599,5,384,2,215,0,0,5,560,2,19,5,579,California
Tehama,2021-01-10,1,600,0,384,1,216,0,0,1,561,0,19,1,580,California
Tehama,2021-01-11,47,647,46,430,1,217,0,0,14,542,33,52,14,594,California
Tehama,2021-01-12,115,762,95,525,20,237,0,0,70,567,45,97,70,664,California
Tehama,2021-01-13,72,834,55,580,17,254,0,0,26,547,46,143,26,690,California
Tehama,2021-01-14,226,1060,51,631,175,429,0,0,224,769,2,145,224,914,California
Tehama,2021-01-15,246,1306,74,705,172,601,0,0,242,1007,4,149,242,1156,California
Tehama,2021-01-16,274,1580,27,732,247,848,0,0,271,1275,3,152,271,1427,California
Tehama,2021-01-17,13,1593,9,741,4,852,0,0,11,1284,2,154,11,1438,California
Tehama,2021-01-18,10,1603,6,747,4,856,0,0,5,1284,5,159,5,1443,California
Tehama,2021-01-19,289,1892,61,808,228,1084,0,0,234,1463,55,214,234,1677,California
Tehama,2021-01-20,303,2195,88,896,215,1299,0,0,252,1665,50,264,252,1929,California
Tehama,2021-01-21,214,2409,11,907,203,1502,0,0,204,1859,10,274,204,2133,California
Tehama,2021-01-22,214,2623,12,919,202,1704,0,0,211,2067,3,277,211,2344,California
Tehama,2021-01-23,263,2886,10,929,253,1957,0,0,261,2327,2,279,262,2606,California
Tehama,2021-01-25,30,2916,13,942,17,1974,0,0,13,2323,17,296,13,2619,California
Tehama,2021-01-26,325,3241,41,983,284,2258,0,0,287,2573,38,334,288,2907,California
Tehama,2021-01-27,299,3540,21,1004,278,2536,0,0,279,2832,20,354,279,3186,California
Tehama,2021-01-28,337,3877,28,1032,309,2845,0,0,322,3139,15,369,322,3508,California
Tehama,2021-01-29,320,4197,18,1050,302,3147,0,0,303,3425,17,386,303,3811,California
Tehama,2021-01-30,102,4299,2,1052,100,3247,0,0,101,3525,1,387,101,3912,California
Tehama,2021-01-31,1,4300,0,1052,1,3248,0,0,1,3526,0,387,1,3913,California
Tehama,2021-02-01,78,4378,23,1075,55,3303,0,0,37,3522,41,428,37,3950,California
Tehama,2021-02-02,336,4714,63,1138,273,3576,0,0,240,3669,93,521,240,4190,California
Tehama,2021-02-03,364,5078,12,1150,352,3928,0,0,320,3945,44,565,320,4510,California
Tehama,2021-02-04,450,5528,99,1249,351,4279,0,0,372,4239,78,643,372,4882,California
Tehama,2021-02-05,160,5688,73,1322,87,4366,0,0,101,4281,59,702,101,4983,California
Tehama,2021-02-06,29,5717,13,1335,16,4382,0,0,17,4286,12,714,17,5000,California
Tehama,2021-02-07,5,5722,4,1339,1,4383,0,0,2,4285,3,717,2,5002,California
Tehama,2021-02-08,35,5757,14,1353,21,4404,0,0,27,4304,8,725,27,5029,California
Tehama,2021-02-09,76,5833,33,1386,43,4447,0,0,42,4312,34,759,42,5071,California
Tehama,2021-02-10,232,6065,61,1447,171,4618,0,0,157,4394,75,834,157,5228,California
Tehama,2021-02-11,219,6284,14,1461,205,4823,0,0,79,4335,138,972,79,5307,California
Tehama,2021-02-12,346,6630,49,1510,297,5120,0,0,165,4319,181,1153,165,5472,California
Tehama,2021-02-13,390,7020,13,1523,377,5497,0,0,149,4227,241,1394,149,5621,California
Tehama,2021-02-14,34,7054,0,1523,34,5531,0,0,33,4259,1,1395,33,5654,California
Tehama,2021-02-15,52,7106,10,1533,42,5573,0,0,46,4299,6,1401,46,5700,California
Tehama,2021-02-16,240,7346,15,1548,225,5798,0,0,57,4173,183,1584,57,5757,California
Tehama,2021-02-17,291,7637,21,1569,270,6068,0,0,65,4012,226,1810,65,5822,California
Tehama,2021-02-18,363,8000,36,1605,327,6395,0,0,139,3927,224,2034,139,5961,California
Tehama,2021-02-19,216,8216,19,1624,197,6592,0,0,46,3803,170,2204,46,6007,California
Tehama,2021-02-20,273,8489,6,1630,267,6859,0,0,26,3583,246,2450,26,6033,California
Tehama,2021-02-21,1,8490,1,1631,0,6859,0,0,1,3584,0,2450,1,6034,California
Tehama,2021-02-22,38,8528,14,1645,24,6883,0,0,25,3596,13,2463,25,6059,California
Tehama,2021-02-23,45,8573,18,1663,27,6910,0,0,25,3601,20,2483,25,6084,California
Tehama,2021-02-24,298,8871,12,1675,286,7196,0,0,25,3353,273,2756,25,6109,California
Tehama,2021-02-25,379,9250,63,1738,316,7512,0,0,39,3052,340,3096,39,6148,California
Tehama,2021-02-26,453,9703,19,1757,434,7946,0,0,69,2737,384,3480,69,6217,California
Tehama,2021-02-27,296,9999,6,1763,290,8236,0,0,35,2511,261,3741,35,6252,California
Tehama,2021-02-28,24,10023,3,1766,21,8257,0,0,21,2529,3,3744,21,6273,California
Tehama,2021-03-01,62,10085,8,1774,54,8311,0,0,28,2523,34,3778,28,6301,California
Tehama,2021-03-02,107,10192,17,1791,90,8401,0,0,26,2468,81,3859,26,6327,California
Tehama,2021-03-03,101,10293,28,1819,73,8474,0,0,37,2441,64,3923,37,6364,California
Tehama,2021-03-04,532,10825,21,1840,511,8985,0,0,196,2307,330,4253,196,6560,California
Tehama,2021-03-05,347,11172,21,1861,326,9311,0,0,189,2339,157,4410,189,6749,California
Tehama,2021-03-06,285,11457,16,1877,269,9580,0,0,75,2206,209,4619,76,6825,California
Tehama,2021-03-07,8,11465,2,1879,6,9586,0,0,6,2210,2,4621,6,6831,California
Tehama,2021-03-08,53,11518,10,1889,30,9616,13,13,25,2221,27,4648,38,6869,California
Tehama,2021-03-09,288,11806,5,1894,264,9880,19,32,234,2420,54,4702,253,7122,California
Tehama,2021-03-10,311,12117,14,1908,293,10173,4,36,65,2244,245,4947,69,7191,California
Tehama,2021-03-11,438,12555,22,1930,381,10554,35,71,312,2465,126,5073,347,7538,California
Tehama,2021-03-12,231,12786,13,1943,171,10725,47,118,151,2583,80,5153,198,7736,California
Tehama,2021-03-13,28,12814,9,1952,13,10738,6,124,6,2573,22,5175,12,7748,California
Tehama,2021-03-14,29,12843,2,1954,16,10754,11,135,3,2561,26,5201,14,7762,California
Tehama,2021-03-15,155,12998,22,1976,108,10862,25,160,82,2595,73,5274,107,7869,California
Tehama,2021-03-16,362,13360,15,1991,312,11174,35,195,269,2807,92,5366,304,8173,California
Tehama,2021-03-17,395,13755,31,2022,333,11507,31,226,313,3071,80,5446,344,8517,California
Tehama,2021-03-18,440,14195,26,2048,390,11897,24,250,276,3209,162,5608,300,8817,California
Tehama,2021-03-19,274,14469,15,2063,247,12144,12,262,235,3417,39,5647,247,9064,California
Tehama,2021-03-20,30,14499,10,2073,19,12163,1,263,24,3436,6,5653,25,9089,California
Tehama,2021-03-21,13,14512,7,2080,6,12169,0,263,13,3449,0,5653,13,9102,California
Tehama,2021-03-22,91,14603,8,2088,68,12237,15,278,53,3479,38,5691,68,9170,California
Tehama,2021-03-23,89,14692,26,2114,54,12291,9,287,67,3534,21,5712,76,9246,California
Tehama,2021-03-24,95,14787,23,2137,68,12359,4,291,64,3571,31,5743,68,9314,California
Tehama,2021-03-25,495,15282,337,2474,147,12506,11,302,449,3986,46,5789,461,9775,California
Tehama,2021-03-26,466,15748,357,2831,96,12602,13,315,387,4309,79,5868,402,10177,California
Tehama,2021-03-27,429,16177,341,3172,67,12669,21,336,366,4634,62,5930,387,10564,California
Tehama,2021-03-28,36,16213,15,3187,21,12690,0,336,23,4644,13,5943,23,10587,California
Tehama,2021-03-29,120,16333,32,3219,88,12778,0,336,78,4682,41,5984,79,10666,California
Tehama,2021-03-30,344,16677,197,3416,145,12923,2,338,231,4812,113,6097,243,10909,California
Tehama,2021-03-31,369,17046,269,3685,97,13020,3,341,300,5049,68,6165,305,11214,California
Tehama,2021-04-01,515,17561,239,3924,270,13290,6,347,378,5311,137,6302,399,11613,California
Tehama,2021-04-02,442,18003,208,4132,227,13517,7,354,262,5420,180,6482,289,11902,California
Tehama,2021-04-03,63,18066,4,4136,54,13571,5,359,32,5426,31,6513,37,11939,California
Tehama,2021-04-04,37,18103,9,4145,27,13598,1,360,25,5440,12,6525,26,11965,California
Tehama,2021-04-05,78,18181,8,4153,59,13657,11,371,44,5461,34,6559,55,12020,California
Trinity,2020-12-17,4,4,4,4,0,0,0,0,4,4,0,0,4,4,California
Trinity,2020-12-18,2,6,2,6,0,0,0,0,2,6,0,0,2,6,California
Trinity,2020-12-21,38,44,38,44,0,0,0,0,38,44,0,0,38,44,California
Trinity,2020-12-22,5,49,5,49,0,0,0,0,5,49,0,0,5,49,California
Trinity,2020-12-23,5,54,5,54,0,0,0,0,5,54,0,0,5,54,California
Trinity,2020-12-28,30,84,30,84,0,0,0,0,30,84,0,0,30,84,California
Trinity,2020-12-29,8,92,7,91,1,1,0,0,8,92,0,0,8,92,California
Trinity,2020-12-30,10,102,8,99,2,3,0,0,10,102,0,0,10,102,California
Trinity,2020-12-31,2,104,1,100,1,4,0,0,2,104,0,0,2,104,California
Trinity,2021-01-04,27,131,1,101,26,30,0,0,26,130,0,0,26,130,California
Trinity,2021-01-05,2,133,1,102,1,31,0,0,2,132,0,0,2,132,California
Trinity,2021-01-06,23,156,4,106,19,50,0,0,19,147,4,4,19,151,California
Trinity,2021-01-08,49,205,2,108,47,97,0,0,48,193,2,6,48,199,California
Trinity,2021-01-11,40,245,39,147,1,98,0,0,2,157,38,44,2,201,California
Trinity,2021-01-12,8,253,6,153,2,100,0,0,3,155,5,49,3,204,California
Trinity,2021-01-13,7,260,4,157,3,103,0,0,4,156,3,52,4,208,California
Trinity,2021-01-14,4,264,1,158,3,106,0,0,4,160,0,52,4,212,California
Trinity,2021-01-16,4,268,0,158,4,110,0,0,4,164,0,52,4,216,California
Trinity,2021-01-18,31,299,31,189,0,110,0,0,1,135,30,82,1,217,California
Trinity,2021-01-19,31,330,14,203,17,127,0,0,17,138,14,96,17,234,California
Trinity,2021-01-20,19,349,3,206,16,143,0,0,17,153,2,98,17,251,California
Trinity,2021-01-21,16,365,6,212,10,153,0,0,16,169,0,98,16,267,California
Trinity,2021-01-22,4,369,0,212,4,157,0,0,4,173,0,98,4,271,California
Trinity,2021-01-23,6,375,2,214,4,161,0,0,6,179,0,98,6,277,California
Trinity,2021-01-25,14,389,1,215,13,174,0,0,13,191,1,99,13,290,California
Trinity,2021-01-26,10,399,1,216,9,183,0,0,9,199,1,100,9,299,California
Trinity,2021-01-27,12,411,0,216,12,195,0,0,12,211,0,100,12,311,California
Trinity,2021-01-28,13,424,3,219,10,205,0,0,10,218,3,103,10,321,California
Trinity,2021-01-29,3,427,1,220,2,207,0,0,2,219,1,104,2,323,California
Trinity,2021-01-30,13,440,11,231,2,209,0,0,13,232,0,104,13,336,California
Trinity,2021-01-31,1,441,1,232,0,209,0,0,1,233,0,104,1,337,California
Trinity,2021-02-01,2,443,1,233,1,210,0,0,1,233,1,105,1,338,California
Trinity,2021-02-02,13,456,3,236,10,220,0,0,12,244,1,106,12,350,California
Trinity,2021-02-03,6,462,1,237,5,225,0,0,3,244,3,109,3,353,California
Trinity,2021-02-04,36,498,32,269,4,229,0,0,34,276,2,111,34,387,California
Trinity,2021-02-05,348,846,0,269,348,577,0,0,318,564,30,141,318,705,California
Trinity,2021-02-06,208,1054,3,272,205,782,0,0,201,758,7,148,201,906,California
Trinity,2021-02-08,24,1078,1,273,23,805,0,0,16,766,8,156,16,922,California
Trinity,2021-02-09,21,1099,2,275,19,824,0,0,6,757,15,171,6,928,California
Trinity,2021-02-10,122,1221,9,284,113,937,0,0,103,841,19,190,103,1031,California
Trinity,2021-02-11,302,1523,2,286,300,1237,0,0,296,1131,6,196,296,1327,California
Trinity,2021-02-12,9,1532,6,292,3,1240,0,0,9,1140,0,196,9,1336,California
Trinity,2021-02-13,11,1543,4,296,7,1247,0,0,5,1139,6,202,5,1341,California
Trinity,2021-02-14,2,1545,2,298,0,1247,0,0,2,1141,0,202,2,1343,California
Trinity,2021-02-15,47,1592,0,298,47,1294,0,0,47,1188,0,202,47,1390,California
Trinity,2021-02-16,7,1599,2,300,5,1299,0,0,3,1188,4,206,4,1394,California
Trinity,2021-02-17,94,1693,2,302,92,1391,0,0,84,1262,10,216,84,1478,California
Trinity,2021-02-18,5,1698,0,302,5,1396,0,0,1,1260,3,219,1,1479,California
Trinity,2021-02-19,212,1910,2,304,210,1606,0,0,199,1446,13,232,199,1678,California
Trinity,2021-02-20,141,2051,13,317,128,1734,0,0,114,1533,27,259,114,1792,California
Trinity,2021-02-22,3,2054,0,317,3,1737,0,0,0,1530,3,262,0,1792,California
Trinity,2021-02-23,8,2062,4,321,4,1741,0,0,3,1528,5,267,3,1795,California
Trinity,2021-02-24,28,2090,8,329,20,1761,0,0,7,1514,21,288,7,1802,California
Trinity,2021-02-25,36,2126,23,352,13,1774,0,0,5,1488,31,319,5,1807,California
Trinity,2021-02-26,11,2137,1,353,10,1784,0,0,5,1487,6,325,5,1812,California
Trinity,2021-02-27,8,2145,5,358,3,1787,0,0,5,1489,3,328,5,1817,California
Trinity,2021-02-28,1,2146,1,359,0,1787,0,0,1,1490,0,328,1,1818,California
Trinity,2021-03-01,8,2154,0,359,8,1795,0,0,5,1492,3,331,5,1823,California
Trinity,2021-03-02,9,2163,4,363,5,1800,0,0,1,1485,8,339,1,1824,California
Trinity,2021-03-03,5,2168,0,363,5,1805,0,0,4,1488,1,340,4,1828,California
Trinity,2021-03-04,15,2183,10,373,5,1810,0,0,13,1499,2,342,13,1841,California
Trinity,2021-03-05,282,2465,1,374,280,2090,1,1,33,1287,246,588,34,1875,California
Trinity,2021-03-06,186,2651,7,381,179,2269,0,1,21,1143,165,753,21,1896,California
Trinity,2021-03-07,3,2654,3,384,0,2269,0,1,2,1144,1,754,2,1898,California
Trinity,2021-03-08,5,2659,0,384,3,2272,2,3,2,1145,3,757,4,1902,California
Trinity,2021-03-09,95,2754,1,385,91,2363,3,6,90,1233,5,762,93,1995,California
Trinity,2021-03-10,128,2882,6,391,121,2484,1,7,41,1188,87,849,42,2037,California
Trinity,2021-03-11,12,2894,4,395,5,2489,3,10,7,1193,5,854,10,2047,California
Trinity,2021-03-12,325,3219,4,399,316,2805,5,15,61,995,264,1118,66,2113,California
Trinity,2021-03-13,10,3229,7,406,2,2807,1,16,7,1000,3,1121,8,2121,California
Trinity,2021-03-15,67,3296,0,406,66,2873,1,17,14,962,53,1174,15,2136,California
Trinity,2021-03-16,112,3408,7,413,105,2978,0,17,99,1048,13,1187,99,2235,California
Trinity,2021-03-17,105,3513,4,417,101,3079,0,17,30,1003,75,1262,30,2265,California
Trinity,2021-03-18,11,3524,5,422,5,3084,1,18,8,1009,3,1265,9,2274,California
Trinity,2021-03-19,357,3881,6,428,246,3330,105,123,31,819,326,1591,136,2410,California
Trinity,2021-03-20,61,3942,8,436,53,3383,0,123,38,834,23,1614,38,2448,California
Trinity,2021-03-21,5,3947,1,437,2,3385,2,125,2,835,3,1617,4,2452,California
Trinity,2021-03-22,4,3951,2,439,2,3387,0,125,4,839,0,1617,4,2456,California
Trinity,2021-03-23,96,4047,1,440,95,3482,0,125,78,899,18,1635,78,2534,California
Trinity,2021-03-24,11,4058,2,442,9,3491,0,125,11,910,0,1635,11,2545,California
Trinity,2021-03-25,106,4164,6,448,93,3584,7,132,83,977,23,1658,90,2635,California
Trinity,2021-03-26,12,4176,1,449,11,3595,0,132,6,977,6,1664,6,2641,California
Trinity,2021-03-27,19,4195,6,455,4,3599,9,141,6,979,13,1677,15,2656,California
Trinity,2021-03-28,8,4203,5,460,3,3602,0,141,3,977,5,1682,3,2659,California
Trinity,2021-03-29,6,4209,0,460,6,3608,0,141,3,977,3,1685,3,2662,California
Trinity,2021-03-30,79,4288,7,467,72,3680,0,141,71,1040,8,1693,71,2733,California
Trinity,2021-03-31,46,4334,6,473,17,3697,23,164,19,1054,27,1720,41,2774,California
Trinity,2021-04-01,40,4374,13,486,18,3715,9,173,22,1067,18,1738,31,2805,California
Trinity,2021-04-02,154,4528,5,491,82,3797,67,240,67,1115,86,1824,134,2939,California
Trinity,2021-04-03,13,4541,10,501,3,3800,0,240,5,1112,8,1832,5,2944,California
Trinity,2021-04-04,11,4552,8,509,3,3803,0,240,10,1121,1,1833,10,2954,California
Trinity,2021-04-05,51,4603,0,509,50,3853,1,241,48,1167,3,1836,49,3003,California
Tulare,2020-12-16,4,4,4,4,0,0,0,0,4,4,0,0,4,4,California
Tulare,2020-12-17,110,114,110,114,0,0,0,0,110,114,0,0,110,114,California
Tulare,2020-12-18,291,405,291,405,0,0,0,0,291,405,0,0,291,405,California
Tulare,2020-12-19,327,732,327,732,0,0,0,0,327,732,0,0,327,732,California
Tulare,2020-12-20,167,899,167,899,0,0,0,0,167,899,0,0,167,899,California
Tulare,2020-12-21,422,1321,422,1321,0,0,0,0,442,1341,0,0,442,1341,California
Tulare,2020-12-22,469,1790,467,1788,2,2,0,0,468,1809,0,0,468,1809,California
Tulare,2020-12-23,330,2120,322,2110,8,10,0,0,328,2137,0,0,328,2137,California
Tulare,2020-12-24,18,2138,16,2126,2,12,0,0,18,2155,0,0,18,2155,California
Tulare,2020-12-26,8,2146,7,2133,1,13,0,0,8,2163,0,0,8,2163,California
Tulare,2020-12-27,16,2162,12,2145,4,17,0,0,16,2179,0,0,16,2179,California
Tulare,2020-12-28,484,2646,472,2617,12,29,0,0,483,2662,0,0,483,2662,California
Tulare,2020-12-29,545,3191,477,3094,68,97,0,0,545,3207,0,0,545,3207,California
Tulare,2020-12-30,472,3663,435,3529,37,134,0,0,472,3679,0,0,472,3679,California
Tulare,2020-12-31,95,3758,22,3551,73,207,0,0,95,3774,0,0,95,3774,California
Tulare,2021-01-01,1,3759,0,3551,1,208,0,0,1,3775,0,0,1,3775,California
Tulare,2021-01-02,27,3786,18,3569,9,217,0,0,27,3802,0,0,27,3802,California
Tulare,2021-01-03,22,3808,9,3578,13,230,0,0,22,3824,0,0,22,3824,California
Tulare,2021-01-04,92,3900,16,3594,76,306,0,0,92,3916,0,0,92,3916,California
Tulare,2021-01-05,462,4362,279,3873,183,489,0,0,460,4374,2,2,460,4376,California
Tulare,2021-01-06,863,5225,636,4509,227,716,0,0,853,5217,10,12,853,5229,California
Tulare,2021-01-07,782,6007,582,5091,200,916,0,0,676,5787,106,118,676,5905,California
Tulare,2021-01-08,1265,7272,575,5666,690,1606,0,0,927,6377,337,455,927,6832,California
Tulare,2021-01-09,739,8011,203,5869,536,2142,0,0,552,6742,187,642,552,7384,California
Tulare,2021-01-10,49,8060,43,5912,6,2148,0,0,10,6713,39,681,10,7394,California
Tulare,2021-01-11,1203,9263,765,6677,438,2586,0,0,768,7046,435,1116,768,8162,California
Tulare,2021-01-12,1396,10659,486,7163,910,3496,0,0,990,7631,406,1522,991,9153,California
Tulare,2021-01-13,452,11111,227,7390,225,3721,0,0,377,7933,75,1597,377,9530,California
Tulare,2021-01-14,491,11602,141,7531,350,4071,0,0,465,8383,15,1612,465,9995,California
Tulare,2021-01-15,1605,13207,148,7679,1457,5528,0,0,1596,9970,9,1621,1596,11591,California
Tulare,2021-01-16,1873,15080,113,7792,1760,7288,0,0,1860,11817,13,1634,1860,13451,California
Tulare,2021-01-17,140,15220,121,7913,19,7307,0,0,129,11935,11,1645,129,13580,California
Tulare,2021-01-18,697,15917,663,8576,34,7341,0,0,296,11830,401,2046,296,13876,California
Tulare,2021-01-19,1004,16921,681,9257,323,7664,0,0,577,11980,427,2473,577,14453,California
Tulare,2021-01-20,2370,19291,560,9817,1810,9474,0,0,1988,13586,382,2855,1988,16441,California
Tulare,2021-01-21,1503,20794,149,9966,1354,10828,0,0,1477,15042,21,2876,1477,17918,California
Tulare,2021-01-22,1048,21842,185,10151,863,11691,0,0,1024,16043,23,2899,1024,18942,California
Tulare,2021-01-23,438,22280,157,10308,281,11972,0,0,416,16437,22,2921,416,19358,California
Tulare,2021-01-24,30,22310,27,10335,3,11975,0,0,27,16461,3,2924,27,19385,California
Tulare,2021-01-25,1327,23637,981,11316,346,12321,0,0,1298,17730,29,2953,1298,20683,California
Tulare,2021-01-26,1499,25136,1100,12416,399,12720,0,0,1175,18582,323,3276,1175,21858,California
Tulare,2021-01-27,1458,26594,1071,13487,387,13107,0,0,878,18880,580,3856,878,22736,California
Tulare,2021-01-28,1194,27788,764,14251,430,13537,0,0,802,19290,392,4248,802,23538,California
Tulare,2021-01-29,1126,28914,718,14969,408,13945,0,0,818,19800,308,4556,818,24356,California
Tulare,2021-01-30,1673,30587,1582,16551,91,14036,0,0,1650,21428,23,4579,1651,26007,California
Tulare,2021-01-31,50,30637,47,16598,3,14039,0,0,48,21474,2,4581,48,26055,California
Tulare,2021-02-01,1165,31802,902,17500,263,14302,0,0,816,21942,348,4929,816,26871,California
Tulare,2021-02-02,674,32476,328,17828,346,14648,0,0,445,22160,227,5156,445,27316,California
Tulare,2021-02-03,605,33081,282,18110,323,14971,0,0,332,22221,271,5427,332,27648,California
Tulare,2021-02-04,551,33632,165,18275,386,15357,0,0,264,22199,287,5714,265,27913,California
Tulare,2021-02-05,1226,34858,229,18504,997,16354,0,0,413,21801,811,6525,413,28326,California
Tulare,2021-02-06,836,35694,152,18656,684,17038,0,0,272,21511,562,7087,272,28598,California
Tulare,2021-02-07,76,35770,64,18720,12,17050,0,0,23,21481,53,7140,23,28621,California
Tulare,2021-02-08,947,36717,335,19055,612,17662,0,0,308,21153,636,7776,308,28929,California
Tulare,2021-02-09,1401,38118,323,19378,1078,18740,0,0,358,20472,1039,8815,358,29287,California
Tulare,2021-02-10,2451,40569,1984,21362,467,19207,0,0,2069,22162,379,9194,2069,31356,California
Tulare,2021-02-11,1305,41874,375,21737,930,20137,0,0,923,22703,382,9576,923,32279,California
Tulare,2021-02-12,2779,44653,579,22316,2200,22337,0,0,1224,22381,1548,11124,1226,33505,California
Tulare,2021-02-13,2448,47101,157,22473,2291,24628,0,0,666,21268,1779,12903,666,34171,California
Tulare,2021-02-14,328,47429,36,22509,292,24920,0,0,295,21530,33,12936,295,34466,California
Tulare,2021-02-15,913,48342,292,22801,621,25541,0,0,657,21932,255,13191,657,35123,California
Tulare,2021-02-16,2817,51159,1603,24404,1214,26755,0,0,1064,21243,1753,14944,1064,36187,California
Tulare,2021-02-17,2697,53856,513,24917,2184,28939,0,0,466,19484,2226,17170,467,36654,California
Tulare,2021-02-18,2279,56135,440,25357,1839,30778,0,0,620,18453,1651,18821,620,37274,California
Tulare,2021-02-19,2285,58420,847,26204,1438,32216,0,0,941,18052,1342,20163,941,38215,California
Tulare,2021-02-20,2975,61395,1876,28080,1099,33315,0,0,1253,17588,1717,21880,1253,39468,California
Tulare,2021-02-21,65,61460,61,28141,4,33319,0,0,41,17605,24,21904,41,39509,California
Tulare,2021-02-22,1106,62566,699,28840,407,33726,0,0,222,16944,883,22787,222,39731,California
Tulare,2021-02-23,1929,64495,930,29770,999,34725,0,0,1443,17902,485,23272,1443,41174,California
Tulare,2021-02-24,2454,66949,1537,31307,917,35642,0,0,2076,19602,377,23649,2077,43251,California
Tulare,2021-02-25,3449,70398,1929,33236,1520,37162,0,0,3031,22220,413,24062,3031,46282,California
Tulare,2021-02-26,3767,74165,1865,35101,1902,39064,0,0,3331,25118,433,24495,3331,49613,California
Tulare,2021-02-27,2850,77015,1390,36491,1460,40524,0,0,2721,27720,119,24614,2721,52334,California
Tulare,2021-02-28,1302,78317,1033,37524,269,40793,0,0,1283,28986,17,24631,1283,53617,California
Tulare,2021-03-01,1703,80020,767,38291,936,41729,0,0,1526,30336,176,24807,1526,55143,California
Tulare,2021-03-02,2620,82640,1177,39468,1443,43172,0,0,2456,32635,159,24966,2458,57601,California
Tulare,2021-03-03,3634,86274,2439,41907,1195,44367,0,0,1709,32424,1924,26890,1713,59314,California
Tulare,2021-03-04,2803,89077,1272,43179,1531,45898,0,0,2490,34605,310,27200,2491,61805,California
Tulare,2021-03-05,3150,92227,1612,44791,1525,47423,13,13,2689,36853,457,27657,2705,64510,California
Tulare,2021-03-06,2954,95181,1375,46166,1523,48946,56,69,2712,39381,238,27895,2766,67276,California
Tulare,2021-03-07,1073,96254,667,46833,388,49334,18,87,1036,40398,37,27932,1054,68330,California
Tulare,2021-03-08,1578,97832,938,47771,481,49815,159,246,1295,41570,282,28214,1454,69784,California
Tulare,2021-03-09,2294,100126,1345,49116,803,50618,146,392,1946,43315,348,28562,2093,71877,California
Tulare,2021-03-10,2365,102491,1159,50275,1093,51711,113,505,2047,45166,308,28870,2159,74036,California
Tulare,2021-03-11,3679,106170,1723,51998,1728,53439,228,733,2834,47391,838,29708,3063,77099,California
Tulare,2021-03-12,3699,109869,2029,54027,1408,54847,262,995,2671,49311,1015,30723,2935,80034,California
Tulare,2021-03-13,3465,113334,1638,55665,1718,56565,109,1104,2721,51400,741,31464,2830,82864,California
Tulare,2021-03-14,1579,114913,882,56547,479,57044,218,1322,1194,52428,383,31847,1411,84275,California
Tulare,2021-03-15,2577,117490,1480,58027,979,58023,118,1440,1815,53601,761,32608,1934,86209,California
Tulare,2021-03-16,3307,120797,2022,60049,1208,59231,77,1517,1792,53964,1511,34119,1874,88083,California
Tulare,2021-03-17,3668,124465,2410,62459,1192,60423,66,1583,2031,54435,1632,35751,2103,90186,California
Tulare,2021-03-18,3956,128421,2955,65414,936,61359,65,1648,2058,54667,1892,37643,2124,92310,California
Tulare,2021-03-19,4209,132630,2698,68112,1344,62703,167,1815,2213,55069,1982,39625,2384,94694,California
Tulare,2021-03-20,3014,135644,1790,69902,967,63670,257,2072,1375,55071,1633,41258,1635,96329,California
Tulare,2021-03-21,1812,137456,1546,71448,240,63910,26,2098,926,55140,883,42141,952,97281,California
Tulare,2021-03-22,2411,139867,1673,73121,629,64539,109,2207,1598,56044,805,42946,1709,98990,California
Tulare,2021-03-23,3550,143417,2002,75123,1499,66038,49,2256,1951,56461,1590,44536,2007,100997,California
Tulare,2021-03-24,3054,146471,1879,77002,1132,67170,43,2299,1813,57089,1234,45770,1862,102859,California
Tulare,2021-03-25,3131,149602,1586,78588,1460,68630,85,2384,1525,57113,1600,47370,1624,104483,California
Tulare,2021-03-26,4953,154555,2955,81543,1890,70520,108,2492,2373,57060,2562,49932,2509,106992,California
Tulare,2021-03-27,3354,157909,1678,83221,1576,72096,100,2592,911,55671,2436,52368,1047,108039,California
Tulare,2021-03-28,1401,159310,1008,84229,367,72463,26,2618,660,55625,739,53107,693,108732,California
Tulare,2021-03-29,2827,162137,1608,85837,1107,73570,112,2730,1208,55361,1613,54720,1349,110081,California
Tulare,2021-03-30,4479,166616,2568,88405,1675,75245,236,2966,2081,55305,2392,57112,2336,112417,California
Tulare,2021-03-31,3667,170283,2144,90549,1412,76657,111,3077,1534,55023,2127,59239,1845,114262,California
Tulare,2021-04-01,4097,174380,2287,92836,1750,78407,60,3137,1344,53798,2748,61987,1523,115785,California
Tulare,2021-04-02,4830,179210,2842,95678,1890,80297,98,3235,1618,52407,3198,65185,1807,117592,California
Tulare,2021-04-03,2833,182043,1945,97623,622,80919,266,3501,805,51574,2000,67185,1167,118759,California
Tulare,2021-04-04,1539,183582,1077,98700,456,81375,6,3507,394,50838,1145,68330,409,119168,California
Tulare,2021-04-05,2380,185962,1766,100466,426,81801,188,3695,627,49934,1746,70076,842,120010,California
Tuolumne,2020-12-16,46,46,46,46,0,0,0,0,46,46,0,0,46,46,California
Tuolumne,2020-12-17,22,68,22,68,0,0,0,0,22,68,0,0,22,68,California
Tuolumne,2020-12-18,174,242,173,241,1,1,0,0,174,242,0,0,174,242,California
Tuolumne,2020-12-19,7,249,7,248,0,1,0,0,7,249,0,0,7,249,California
Tuolumne,2020-12-20,1,250,1,249,0,1,0,0,1,250,0,0,1,250,California
Tuolumne,2020-12-21,116,366,102,351,14,15,0,0,116,366,0,0,116,366,California
Tuolumne,2020-12-22,169,535,169,520,0,15,0,0,169,535,0,0,169,535,California
Tuolumne,2020-12-23,192,727,190,710,2,17,0,0,192,727,0,0,192,727,California
Tuolumne,2020-12-26,3,730,3,713,0,17,0,0,3,730,0,0,3,730,California
Tuolumne,2020-12-28,78,808,77,790,1,18,0,0,78,808,0,0,78,808,California
Tuolumne,2020-12-29,111,919,40,830,71,89,0,0,111,919,0,0,111,919,California
Tuolumne,2020-12-30,81,1000,22,852,59,148,0,0,81,1000,0,0,81,1000,California
Tuolumne,2020-12-31,27,1027,20,872,7,155,0,0,27,1027,0,0,27,1027,California
Tuolumne,2021-01-01,6,1033,5,877,1,156,0,0,6,1033,0,0,6,1033,California
Tuolumne,2021-01-02,118,1151,115,992,3,159,0,0,118,1151,0,0,118,1151,California
Tuolumne,2021-01-03,3,1154,2,994,1,160,0,0,3,1154,0,0,3,1154,California
Tuolumne,2021-01-04,70,1224,27,1021,43,203,0,0,70,1224,0,0,70,1224,California
Tuolumne,2021-01-05,95,1319,26,1047,69,272,0,0,93,1315,2,2,93,1317,California
Tuolumne,2021-01-06,112,1431,52,1099,60,332,0,0,68,1339,44,46,68,1385,California
Tuolumne,2021-01-07,119,1550,61,1160,58,390,0,0,65,1350,54,100,65,1450,California
Tuolumne,2021-01-08,179,1729,153,1313,26,416,0,0,28,1230,150,250,30,1480,California
Tuolumne,2021-01-09,1,1730,0,1313,1,417,0,0,1,1231,0,250,1,1481,California
Tuolumne,2021-01-10,3,1733,1,1314,2,419,0,0,3,1234,0,250,3,1484,California
Tuolumne,2021-01-11,117,1850,90,1404,27,446,0,0,34,1185,83,333,34,1518,California
Tuolumne,2021-01-12,102,1952,86,1490,16,462,0,0,17,1118,85,418,18,1536,California
Tuolumne,2021-01-13,239,2191,129,1619,110,572,0,0,184,1248,55,473,185,1721,California
Tuolumne,2021-01-14,129,2320,92,1711,37,609,0,0,42,1204,86,559,42,1763,California
Tuolumne,2021-01-15,476,2796,71,1782,405,1014,0,0,413,1556,62,621,414,2177,California
Tuolumne,2021-01-16,6,2802,2,1784,4,1018,0,0,5,1560,1,622,5,2182,California
Tuolumne,2021-01-17,4,2806,1,1785,3,1021,0,0,4,1564,0,622,4,2186,California
Tuolumne,2021-01-18,46,2852,38,1823,8,1029,0,0,8,1535,37,659,8,2194,California
Tuolumne,2021-01-19,472,3324,70,1893,402,1431,0,0,429,1921,43,702,429,2623,California
Tuolumne,2021-01-20,77,3401,60,1953,17,1448,0,0,24,1892,53,755,24,2647,California
Tuolumne,2021-01-21,57,3458,22,1975,35,1483,0,0,41,1918,16,771,42,2689,California
Tuolumne,2021-01-22,181,3639,13,1988,168,1651,0,0,175,2087,6,777,175,2864,California
Tuolumne,2021-01-23,666,4305,146,2134,520,2171,0,0,553,2537,113,890,563,3427,California
Tuolumne,2021-01-24,524,4829,1,2135,523,2694,0,0,520,3055,3,893,521,3948,California
Tuolumne,2021-01-25,48,4877,27,2162,21,2715,0,0,22,3052,26,919,23,3971,California
Tuolumne,2021-01-26,80,4957,68,2230,12,2727,0,0,40,3053,40,959,41,4012,California
Tuolumne,2021-01-27,61,5018,4,2234,57,2784,0,0,7,3008,53,1012,8,4020,California
Tuolumne,2021-01-28,27,5045,7,2241,20,2804,0,0,18,3017,9,1021,18,4038,California
Tuolumne,2021-01-29,71,5116,7,2248,64,2868,0,0,33,3012,38,1059,33,4071,California
Tuolumne,2021-01-30,711,5827,554,2802,157,3025,0,0,691,3696,20,1079,704,4775,California
Tuolumne,2021-01-31,8,5835,2,2804,6,3031,0,0,5,3698,3,1082,5,4780,California
Tuolumne,2021-02-01,25,5860,6,2810,19,3050,0,0,22,3717,3,1085,22,4802,California
Tuolumne,2021-02-02,649,6509,36,2846,613,3663,0,0,639,4347,9,1094,639,5441,California
Tuolumne,2021-02-03,239,6748,108,2954,131,3794,0,0,85,4278,154,1248,85,5526,California
Tuolumne,2021-02-04,127,6875,14,2968,113,3907,0,0,66,4281,63,1311,66,5592,California
Tuolumne,2021-02-05,102,6977,14,2982,88,3995,0,0,37,4255,63,1374,37,5629,California
Tuolumne,2021-02-06,851,7828,579,3561,272,4267,0,0,850,5104,1,1375,850,6479,California
Tuolumne,2021-02-07,7,7835,4,3565,3,4270,0,0,3,5103,4,1379,3,6482,California
Tuolumne,2021-02-08,90,7925,39,3604,51,4321,0,0,67,5147,23,1402,67,6549,California
Tuolumne,2021-02-09,864,8789,47,3651,817,5138,0,0,828,5939,36,1438,828,7377,California
Tuolumne,2021-02-10,92,8881,14,3665,78,5216,0,0,30,5909,60,1498,30,7407,California
Tuolumne,2021-02-11,137,9018,64,3729,73,5289,0,0,74,5920,63,1561,74,7481,California
Tuolumne,2021-02-12,643,9661,12,3741,631,5920,0,0,204,5687,438,1999,205,7686,California
Tuolumne,2021-02-13,146,9807,41,3782,105,6025,0,0,115,5777,25,2024,115,7801,California
Tuolumne,2021-02-14,147,9954,12,3794,135,6160,0,0,146,5922,1,2025,146,7947,California
Tuolumne,2021-02-15,182,10136,10,3804,172,6332,0,0,172,6085,10,2035,173,8120,California
Tuolumne,2021-02-16,525,10661,18,3822,507,6839,0,0,123,5810,400,2435,125,8245,California
Tuolumne,2021-02-17,109,10770,62,3884,47,6886,0,0,63,5828,45,2480,63,8308,California
Tuolumne,2021-02-18,682,11452,22,3906,660,7546,0,0,633,6412,49,2529,633,8941,California
Tuolumne,2021-02-19,133,11585,21,3927,112,7658,0,0,43,6365,90,2619,43,8984,California
Tuolumne,2021-02-20,908,12493,343,4270,565,8223,0,0,388,6246,508,3127,389,9373,California
Tuolumne,2021-02-21,976,13469,32,4302,944,9167,0,0,473,6219,500,3627,473,9846,California
Tuolumne,2021-02-22,76,13545,54,4356,22,9189,0,0,46,6235,30,3657,46,9892,California
Tuolumne,2021-02-23,43,13588,21,4377,22,9211,0,0,22,6237,20,3677,22,9914,California
Tuolumne,2021-02-24,93,13681,60,4437,33,9244,0,0,39,6230,52,3729,45,9959,California
Tuolumne,2021-02-25,1049,14730,31,4468,1018,10262,0,0,1018,7217,31,3760,1018,10977,California
Tuolumne,2021-02-26,145,14875,10,4478,135,10397,0,0,120,7313,25,3785,121,11098,California
Tuolumne,2021-02-27,950,15825,576,5054,374,10771,0,0,247,6871,689,4474,247,11345,California
Tuolumne,2021-02-28,53,15878,4,5058,49,10820,0,0,51,6921,1,4475,51,11396,California
Tuolumne,2021-03-01,104,15982,21,5079,83,10903,0,0,71,6962,32,4507,73,11469,California
Tuolumne,2021-03-02,706,16688,72,5151,634,11537,0,0,105,6466,601,5108,105,11574,California
Tuolumne,2021-03-03,81,16769,21,5172,60,11597,0,0,56,6498,25,5133,57,11631,California
Tuolumne,2021-03-04,1161,17930,68,5240,1093,12690,0,0,1101,7539,60,5193,1101,12732,California
Tuolumne,2021-03-05,76,18006,9,5249,67,12757,0,0,44,7553,31,5224,45,12777,California
Tuolumne,2021-03-06,1042,19048,603,5852,437,13194,2,2,192,6899,849,6073,195,12972,California
Tuolumne,2021-03-07,35,19083,11,5863,11,13205,13,15,13,6904,22,6095,27,12999,California
Tuolumne,2021-03-08,200,19283,89,5952,104,13309,7,22,141,6996,59,6154,151,13150,California
Tuolumne,2021-03-09,879,20162,16,5968,853,14162,10,32,79,6286,799,6953,89,13239,California
Tuolumne,2021-03-10,94,20256,16,5984,68,14230,10,42,54,6310,40,6993,64,13303,California
Tuolumne,2021-03-11,1262,21518,33,6017,1225,15455,4,46,1222,7499,39,7032,1228,14531,California
Tuolumne,2021-03-12,268,21786,33,6050,220,15675,15,61,121,7529,145,7177,175,14706,California
Tuolumne,2021-03-13,61,21847,12,6062,49,15724,0,61,19,7529,42,7219,42,14748,California
Tuolumne,2021-03-14,83,21930,8,6070,66,15790,9,70,2,7464,81,7300,16,14764,California
Tuolumne,2021-03-15,303,22233,78,6148,223,16013,2,72,108,7390,194,7494,120,14884,California
Tuolumne,2021-03-16,794,23027,40,6188,743,16756,11,83,659,7927,135,7629,672,15556,California
Tuolumne,2021-03-17,140,23167,30,6218,97,16853,13,96,63,7926,76,7705,75,15631,California
Tuolumne,2021-03-18,938,24105,22,6240,899,17752,17,113,304,7614,634,8339,322,15953,California
Tuolumne,2021-03-19,124,24229,14,6254,78,17830,32,145,60,7645,61,8400,92,16045,California
Tuolumne,2021-03-20,70,24299,5,6259,56,17886,9,154,29,7643,40,8440,38,16083,California
Tuolumne,2021-03-21,837,25136,393,6652,435,18321,9,163,44,6904,792,9232,53,16136,California
Tuolumne,2021-03-22,167,25303,73,6725,75,18396,19,182,99,6954,68,9300,118,16254,California
Tuolumne,2021-03-23,726,26029,636,7361,76,18472,14,196,690,7622,35,9335,703,16957,California
Tuolumne,2021-03-24,114,26143,21,7382,75,18547,18,214,81,7690,31,9366,99,17056,California
Tuolumne,2021-03-25,1273,27416,18,7400,1252,19799,3,217,317,7055,955,10321,320,17376,California
Tuolumne,2021-03-26,286,27702,13,7413,250,20049,23,240,131,7074,135,10456,154,17530,California
Tuolumne,2021-03-27,569,28271,50,7463,519,20568,0,240,311,7127,258,10714,311,17841,California
Tuolumne,2021-03-28,47,28318,6,7469,41,20609,0,240,10,7102,37,10751,12,17853,California
Tuolumne,2021-03-29,282,28600,71,7540,211,20820,0,240,182,7204,81,10832,183,18036,California
Tuolumne,2021-03-30,168,28768,12,7552,156,20976,0,240,127,7290,41,10873,127,18163,California
Tuolumne,2021-03-31,93,28861,12,7564,80,21056,1,241,46,7292,46,10919,48,18211,California
Tuolumne,2021-04-01,1215,30076,19,7583,1196,22252,0,241,230,6539,984,11903,231,18442,California
Tuolumne,2021-04-02,159,30235,10,7593,124,22376,25,266,94,6593,65,11968,119,18561,California
Tuolumne,2021-04-03,408,30643,33,7626,375,22751,0,266,230,6650,178,12146,235,18796,California
Tuolumne,2021-04-04,25,30668,1,7627,24,22775,0,266,16,6658,8,12154,16,18812,California
Tuolumne,2021-04-05,39,30707,10,7637,23,22798,6,272,21,6667,18,12172,27,18839,California
Ventura,2020-12-15,5,5,5,5,0,0,0,0,5,5,0,0,5,5,California
Ventura,2020-12-16,70,75,70,75,0,0,0,0,70,75,0,0,70,75,California
Ventura,2020-12-17,249,324,249,324,0,0,0,0,249,324,0,0,249,324,California
Ventura,2020-12-18,1409,1733,1409,1733,0,0,0,0,1409,1733,0,0,1409,1733,California
Ventura,2020-12-19,913,2646,913,2646,0,0,0,0,913,2646,0,0,913,2646,California
Ventura,2020-12-20,430,3076,430,3076,0,0,0,0,430,3076,0,0,430,3076,California
Ventura,2020-12-21,1465,4541,1465,4541,0,0,0,0,1465,4541,0,0,1465,4541,California
Ventura,2020-12-22,1103,5644,1098,5639,5,5,0,0,1103,5644,0,0,1103,5644,California
Ventura,2020-12-23,1025,6669,979,6618,46,51,0,0,1025,6669,0,0,1025,6669,California
Ventura,2020-12-24,476,7145,379,6997,97,148,0,0,476,7145,0,0,476,7145,California
Ventura,2020-12-25,11,7156,7,7004,4,152,0,0,11,7156,0,0,11,7156,California
Ventura,2020-12-26,107,7263,86,7090,21,173,0,0,107,7263,0,0,107,7263,California
Ventura,2020-12-27,58,7321,27,7117,31,204,0,0,58,7321,0,0,58,7321,California
Ventura,2020-12-28,1067,8388,929,8046,138,342,0,0,1067,8388,0,0,1067,8388,California
Ventura,2020-12-29,1166,9554,762,8808,404,746,0,0,1166,9554,0,0,1166,9554,California
Ventura,2020-12-30,1986,11540,1519,10327,467,1213,0,0,1986,11540,0,0,1986,11540,California
Ventura,2020-12-31,475,12015,163,10490,312,1525,0,0,475,12015,0,0,475,12015,California
Ventura,2021-01-01,16,12031,4,10494,12,1537,0,0,16,12031,0,0,16,12031,California
Ventura,2021-01-02,170,12201,78,10572,92,1629,0,0,170,12201,0,0,170,12201,California
Ventura,2021-01-03,15,12216,8,10580,7,1636,0,0,15,12216,0,0,15,12216,California
Ventura,2021-01-04,1078,13294,548,11128,530,2166,0,0,1076,13291,1,1,1076,13292,California
Ventura,2021-01-05,1371,14665,777,11905,594,2760,0,0,1331,14582,40,41,1331,14623,California
Ventura,2021-01-06,2047,16712,1175,13080,872,3632,0,0,1618,15782,420,461,1620,16243,California
Ventura,2021-01-07,2065,18777,1325,14405,740,4372,0,0,1182,16084,881,1342,1183,17426,California
Ventura,2021-01-08,2193,20970,1474,15879,719,5091,0,0,901,15696,1290,2632,902,18328,California
Ventura,2021-01-09,724,21694,503,16382,221,5312,0,0,320,15612,404,3036,320,18648,California
Ventura,2021-01-10,336,22030,324,16706,12,5324,0,0,122,15520,214,3250,122,18770,California
Ventura,2021-01-11,2449,24479,1488,18194,961,6285,0,0,1498,16069,951,4201,1500,20270,California
Ventura,2021-01-12,3027,27506,1601,19795,1426,7711,0,0,2004,17050,1023,5224,2004,22274,California
Ventura,2021-01-13,2927,30433,1423,21218,1504,9215,0,0,2044,18214,881,6105,2045,24319,California
Ventura,2021-01-14,2728,33161,1057,22275,1671,10886,0,0,2284,20056,443,6548,2285,26604,California
Ventura,2021-01-15,2870,36031,959,23234,1911,12797,0,0,2660,22508,210,6758,2662,29266,California
Ventura,2021-01-16,487,36518,189,23423,298,13095,0,0,405,22831,82,6840,405,29671,California
Ventura,2021-01-17,265,36783,139,23562,126,13221,0,0,259,23084,6,6846,259,29930,California
Ventura,2021-01-18,2206,38989,1660,25222,546,13767,0,0,1657,24193,549,7395,1658,31588,California
Ventura,2021-01-19,3026,42015,2115,27337,911,14678,0,0,2134,25439,892,8287,2138,33726,California
Ventura,2021-01-20,4047,46062,3100,30437,947,15625,0,0,3011,27418,1033,9320,3012,36738,California
Ventura,2021-01-21,3834,49896,2669,33106,1165,16790,0,0,3165,29917,666,9986,3165,39903,California
Ventura,2021-01-22,3593,53489,2467,35573,1126,17916,0,0,3431,33187,162,10148,3432,43335,California
Ventura,2021-01-23,1179,54668,644,36217,535,18451,0,0,1079,34169,99,10247,1081,44416,California
Ventura,2021-01-24,449,55117,133,36350,316,18767,0,0,436,34592,13,10260,436,44852,California
Ventura,2021-01-25,3133,58250,2020,38370,1113,19880,0,0,2587,36636,545,10805,2589,47441,California
Ventura,2021-01-26,3677,61927,2175,40545,1502,21382,0,0,2686,38333,990,11795,2687,50128,California
Ventura,2021-01-27,3433,65360,1540,42085,1893,23275,0,0,2695,40293,735,12530,2695,52823,California
Ventura,2021-01-28,3839,69199,1976,44061,1863,25138,0,0,3232,42935,591,13121,3233,56056,California
Ventura,2021-01-29,4229,73428,2503,46564,1726,26864,0,0,3735,46188,482,13603,3735,59791,California
Ventura,2021-01-30,3021,76449,1952,48516,1069,27933,0,0,2854,48879,164,13767,2855,62646,California
Ventura,2021-01-31,827,77276,445,48961,382,28315,0,0,743,49538,84,13851,743,63389,California
Ventura,2021-02-01,3918,81194,2105,51066,1813,30128,0,0,3157,51938,759,14610,3159,66548,California
Ventura,2021-02-02,4393,85587,2367,53433,2026,32154,0,0,3372,54294,1017,15627,3373,69921,California
Ventura,2021-02-03,4447,90034,2088,55521,2359,34513,0,0,3439,56730,1003,16630,3439,73360,California
Ventura,2021-02-04,4747,94781,2272,57793,2475,36988,0,0,3507,59004,1233,17863,3507,76867,California
Ventura,2021-02-05,4810,99591,2307,60100,2503,39491,0,0,3323,60855,1474,19337,3325,80192,California
Ventura,2021-02-06,2820,102411,1511,61611,1309,40800,0,0,2422,62879,398,19735,2422,82614,California
Ventura,2021-02-07,708,103119,240,61851,468,41268,0,0,580,63332,128,19863,581,83195,California
Ventura,2021-02-08,3478,106597,1619,63470,1859,43127,0,0,2414,64686,1060,20923,2414,85609,California
Ventura,2021-02-09,4707,111304,1972,65442,2735,45862,0,0,2465,64913,2241,23164,2468,88077,California
Ventura,2021-02-10,4674,115978,2220,67662,2454,48316,0,0,2377,65004,2287,25451,2378,90455,California
Ventura,2021-02-11,4627,120605,1851,69513,2776,51092,0,0,2427,65240,2193,27644,2429,92884,California
Ventura,2021-02-12,6278,126883,2643,72156,3635,54727,0,0,3207,65378,3069,30713,3207,96091,California
Ventura,2021-02-13,3276,130159,1822,73978,1454,56181,0,0,1830,65768,1442,32155,1832,97923,California
Ventura,2021-02-14,1216,131375,121,74099,1095,57276,0,0,1002,66557,214,32369,1003,98926,California
Ventura,2021-02-15,3975,135350,1788,75887,2187,59463,0,0,2110,66804,1863,34232,2110,101036,California
Ventura,2021-02-16,5515,140865,2696,78583,2819,62282,0,0,3010,67316,2499,36731,3011,104047,California
Ventura,2021-02-17,5215,146080,1911,80494,3304,65586,0,0,3267,68643,1940,38671,3267,107314,California
Ventura,2021-02-18,5745,151825,1818,82312,3927,69513,0,0,3619,70143,2119,40790,3619,110933,California
Ventura,2021-02-19,6418,158243,3753,86065,2665,72178,0,0,2986,69710,3427,44217,2994,113927,California
Ventura,2021-02-20,4900,163143,3145,89210,1755,73933,0,0,2754,70323,2142,46359,2755,116682,California
Ventura,2021-02-21,990,164133,706,89916,284,74217,0,0,417,70171,569,46928,417,117099,California
Ventura,2021-02-22,5329,169462,2379,92295,2950,77167,0,0,3446,71743,1874,48802,3446,120545,California
Ventura,2021-02-23,5925,175387,2956,95251,2969,80136,0,0,3425,72688,2483,51285,3428,123973,California
Ventura,2021-02-24,6939,182326,2588,97839,4351,84487,0,0,4207,74178,2717,54002,4207,128180,California
Ventura,2021-02-25,7464,189790,2563,100402,4901,89388,0,0,4562,75854,2889,56891,4565,132745,California
Ventura,2021-02-26,9308,199098,2767,103169,6541,95929,0,0,6161,78892,3127,60018,6165,138910,California
Ventura,2021-02-27,9980,209078,5266,108435,4714,100643,0,0,7382,83699,2582,62600,7389,146299,California
Ventura,2021-02-28,2557,211635,1629,110064,927,101570,1,1,2100,85345,454,63054,2100,148399,California
Ventura,2021-03-01,6890,218525,2782,112846,4108,105678,0,1,4598,87671,2284,65338,4610,153009,California
Ventura,2021-03-02,7346,225871,3921,116767,3424,109102,1,2,5135,90604,2204,67542,5137,158146,California
Ventura,2021-03-03,8346,234217,3866,120633,4480,113582,0,2,5944,94162,2392,69934,5950,164096,California
Ventura,2021-03-04,7831,242048,3815,124448,4016,117598,0,2,5358,97058,2464,72398,5360,169456,California
Ventura,2021-03-05,9117,251165,4667,129115,4439,122037,11,13,6524,101019,2583,74981,6544,176000,California
Ventura,2021-03-06,5248,256413,2998,132113,2098,124135,152,165,3820,103569,1425,76406,3975,179975,California
Ventura,2021-03-07,1582,257995,603,132716,877,125012,102,267,1170,104429,412,76818,1272,181247,California
Ventura,2021-03-08,6495,264490,3305,136021,3059,128071,131,398,4459,106989,2031,78849,4591,185838,California
Ventura,2021-03-09,6361,270851,2753,138774,3416,131487,192,590,3547,107929,2802,81651,3742,189580,California
Ventura,2021-03-10,6425,277276,2905,141679,3308,134795,212,802,4199,110123,2218,83869,4412,193992,California
Ventura,2021-03-11,5995,283271,2800,144479,2995,137790,200,1002,3276,110892,2709,86578,3478,197470,California
Ventura,2021-03-12,7423,290694,2911,147390,3718,141508,794,1796,3638,111560,3772,90350,4440,201910,California
Ventura,2021-03-13,6035,296729,2351,149741,2895,144403,789,2585,3503,113326,2527,92877,4293,206203,California
Ventura,2021-03-14,1698,298427,367,150108,863,145266,468,3053,559,113218,1137,94014,1029,207232,California
Ventura,2021-03-15,6762,305189,2000,152108,3470,148736,1292,4345,2898,113562,3849,97863,4193,211425,California
Ventura,2021-03-16,7766,312955,2424,154532,4259,152995,1083,5428,3917,114722,3839,101702,4999,216424,California
Ventura,2021-03-17,7105,320060,2687,157219,4072,157067,346,5774,4215,116409,2874,104576,4561,220985,California
Ventura,2021-03-18,5680,325740,2429,159648,3130,160197,121,5895,3639,118140,2030,106606,3761,224746,California
Ventura,2021-03-19,6388,332128,2732,162380,3575,163772,81,5976,3976,119794,2402,109008,4056,228802,California
Ventura,2021-03-20,5825,337953,3706,166086,2097,165869,22,5998,2366,118742,3443,112451,2391,231193,California
Ventura,2021-03-21,2735,340688,1487,167573,878,166747,370,6368,1287,118955,1444,113895,1657,232850,California
Ventura,2021-03-22,7183,347871,3610,171183,3468,170215,105,6473,4733,121358,2438,116333,4841,237691,California
Ventura,2021-03-23,8011,355882,3816,174999,4147,174362,48,6521,4585,122589,3406,119739,4637,242328,California
Ventura,2021-03-24,8747,364629,3392,178391,5275,179637,80,6601,4352,122657,4368,124107,4436,246764,California
Ventura,2021-03-25,8674,373303,3878,182269,4732,184369,64,6665,4412,122910,4238,128345,4491,251255,California
Ventura,2021-03-26,9606,382909,3326,185595,5634,190003,646,7311,3758,121511,5826,134171,4427,255682,California
Ventura,2021-03-27,8074,390983,3883,189478,4150,194153,41,7352,2407,118788,5653,139824,2930,258612,California
Ventura,2021-03-28,2492,393475,1397,190875,1086,195239,9,7361,1369,119052,1122,140946,1386,259998,California
Ventura,2021-03-29,8330,401805,4182,195057,4107,199346,41,7402,4153,119199,4156,145102,4303,264301,California
Ventura,2021-03-30,8769,410574,4341,199398,4308,203654,120,7522,4525,119699,4234,149336,4734,269035,California
Ventura,2021-03-31,10493,421067,4750,204148,5152,208806,591,8113,4642,119184,5832,155168,5317,274352,California
Ventura,2021-04-01,10444,431511,5134,209282,4493,213299,817,8930,5355,120367,5078,160246,6261,280613,California
Ventura,2021-04-02,10997,442508,4411,213693,5400,218699,1186,10116,5143,121048,5832,166078,6513,287126,California
Ventura,2021-04-03,7803,450311,3860,217553,2867,221566,1076,11192,3286,121116,4513,170591,4581,291707,California
Ventura,2021-04-04,1650,451961,922,218475,611,222177,117,11309,1183,121994,465,171056,1343,293050,California
Ventura,2021-04-05,5636,457597,2828,221303,2083,224260,725,12034,2705,122595,2927,173983,3528,296578,California
Yolo,2020-12-15,39,39,39,39,0,0,0,0,39,39,0,0,39,39,California
Yolo,2020-12-16,78,117,78,117,0,0,0,0,78,117,0,0,78,117,California
Yolo,2020-12-17,101,218,101,218,0,0,0,0,101,218,0,0,101,218,California
Yolo,2020-12-18,207,425,207,425,0,0,0,0,207,425,0,0,207,425,California
Yolo,2020-12-19,85,510,85,510,0,0,0,0,85,510,0,0,85,510,California
Yolo,2020-12-20,100,610,100,610,0,0,0,0,100,610,0,0,100,610,California
Yolo,2020-12-21,252,862,252,862,0,0,0,0,252,862,0,0,252,862,California
Yolo,2020-12-22,386,1248,385,1247,1,1,0,0,386,1248,0,0,386,1248,California
Yolo,2020-12-23,432,1680,413,1660,19,20,0,0,432,1680,0,0,432,1680,California
Yolo,2020-12-24,151,1831,94,1754,57,77,0,0,151,1831,0,0,151,1831,California
Yolo,2020-12-25,1,1832,1,1755,0,77,0,0,1,1832,0,0,1,1832,California
Yolo,2020-12-26,76,1908,25,1780,51,128,0,0,76,1908,0,0,76,1908,California
Yolo,2020-12-27,46,1954,19,1799,27,155,0,0,46,1954,0,0,46,1954,California
Yolo,2020-12-28,343,2297,176,1975,167,322,0,0,343,2297,0,0,343,2297,California
Yolo,2020-12-29,483,2780,268,2243,215,537,0,0,483,2780,0,0,483,2780,California
Yolo,2020-12-30,625,3405,257,2500,368,905,0,0,625,3405,0,0,625,3405,California
Yolo,2020-12-31,183,3588,94,2594,89,994,0,0,183,3588,0,0,183,3588,California
Yolo,2021-01-01,55,3643,54,2648,1,995,0,0,55,3643,0,0,55,3643,California
Yolo,2021-01-02,68,3711,25,2673,43,1038,0,0,68,3711,0,0,68,3711,California
Yolo,2021-01-03,44,3755,19,2692,25,1063,0,0,44,3755,0,0,44,3755,California
Yolo,2021-01-04,195,3950,44,2736,151,1214,0,0,195,3950,0,0,195,3950,California
Yolo,2021-01-05,610,4560,236,2972,374,1588,0,0,550,4440,60,60,550,4500,California
Yolo,2021-01-06,478,5038,181,3153,297,1885,0,0,347,4656,131,191,347,4847,California
Yolo,2021-01-07,706,5744,232,3385,474,2359,0,0,520,4991,185,376,520,5367,California
Yolo,2021-01-08,629,6373,308,3693,321,2680,0,0,414,5191,214,590,414,5781,California
Yolo,2021-01-09,406,6779,67,3760,339,3019,0,0,361,5507,45,635,361,6142,California
Yolo,2021-01-10,393,7172,80,3840,313,3332,0,0,323,5760,70,705,323,6465,California
Yolo,2021-01-11,559,7731,324,4164,235,3567,0,0,290,5781,269,974,290,6755,California
Yolo,2021-01-12,476,8207,359,4523,117,3684,0,0,171,5648,305,1279,172,6927,California
Yolo,2021-01-13,761,8968,308,4831,453,4137,0,0,513,5913,248,1527,513,7440,California
Yolo,2021-01-14,378,9346,183,5014,195,4332,0,0,272,6079,106,1633,272,7712,California
Yolo,2021-01-15,618,9964,318,5332,300,4632,0,0,542,6545,76,1709,542,8254,California
Yolo,2021-01-16,740,10704,96,5428,644,5276,0,0,708,7221,32,1741,708,8962,California
Yolo,2021-01-17,184,10888,116,5544,68,5344,0,0,177,7391,7,1748,177,9139,California
Yolo,2021-01-18,477,11365,304,5848,173,5517,0,0,378,7670,99,1847,378,9517,California
Yolo,2021-01-19,541,11906,370,6218,171,5688,0,0,366,7861,175,2022,366,9883,California
Yolo,2021-01-20,652,12558,378,6596,274,5962,0,0,469,8148,182,2204,469,10352,California
Yolo,2021-01-21,642,13200,381,6977,261,6223,0,0,454,8414,188,2392,454,10806,California
Yolo,2021-01-22,745,13945,249,7226,496,6719,0,0,628,8927,115,2507,628,11434,California
Yolo,2021-01-23,616,14561,124,7350,492,7211,0,0,568,9447,48,2555,568,12002,California
Yolo,2021-01-24,205,14766,122,7472,83,7294,0,0,165,9572,40,2595,165,12167,California
Yolo,2021-01-25,727,15493,151,7623,576,7870,0,0,513,9871,214,2809,513,12680,California
Yolo,2021-01-26,810,16303,327,7950,483,8353,0,0,425,9911,385,3194,425,13105,California
Yolo,2021-01-27,556,16859,221,8171,335,8688,0,0,383,10121,173,3367,383,13488,California
Yolo,2021-01-28,1047,17906,565,8736,482,9170,0,0,923,10921,123,3490,923,14411,California
Yolo,2021-01-29,863,18769,261,8997,602,9772,0,0,780,11619,83,3573,781,15192,California
Yolo,2021-01-30,1519,20288,921,9918,598,10370,0,0,1412,12930,101,3674,1412,16604,California
Yolo,2021-01-31,251,20539,212,10130,39,10409,0,0,216,13112,34,3708,216,16820,California
Yolo,2021-02-01,842,21381,356,10486,486,10895,0,0,611,13495,228,3936,611,17431,California
Yolo,2021-02-02,1323,22704,749,11235,574,11469,0,0,932,14037,391,4327,933,18364,California
Yolo,2021-02-03,1517,24221,393,11628,1124,12593,0,0,1186,14898,328,4655,1189,19553,California
Yolo,2021-02-04,1783,26004,278,11906,1505,14098,0,0,1237,15600,535,5190,1237,20790,California
Yolo,2021-02-05,1588,27592,896,12802,692,14790,0,0,1185,16387,401,5591,1188,21978,California
Yolo,2021-02-06,1923,29515,1251,14053,672,15462,0,0,1563,17591,360,5951,1564,23542,California
Yolo,2021-02-07,515,30030,247,14300,268,15730,0,0,169,17415,345,6296,169,23711,California
Yolo,2021-02-08,954,30984,330,14630,624,16354,0,0,612,17688,339,6635,612,24323,California
Yolo,2021-02-09,850,31834,381,15011,469,16823,0,0,575,17988,275,6910,575,24898,California
Yolo,2021-02-10,1431,33265,468,15479,963,17786,0,0,801,18161,629,7539,802,25700,California
Yolo,2021-02-11,1525,34790,768,16247,757,18543,0,0,1150,18936,375,7914,1150,26850,California
Yolo,2021-02-12,1906,36696,745,16992,1161,19704,0,0,1440,19913,463,8377,1440,28290,California
Yolo,2021-02-13,2049,38745,713,17705,1336,21040,0,0,1384,20632,665,9042,1384,29674,California
Yolo,2021-02-14,565,39310,151,17856,414,21454,0,0,442,20951,123,9165,442,30116,California
Yolo,2021-02-15,521,39831,188,18044,333,21787,0,0,260,20951,261,9426,261,30377,California
Yolo,2021-02-16,1115,40946,423,18467,692,22479,0,0,812,21461,303,9729,813,31190,California
Yolo,2021-02-17,1379,42325,697,19164,682,23161,0,0,993,22067,387,10116,993,32183,California
Yolo,2021-02-18,2432,44757,750,19914,1682,24843,0,0,1672,22981,758,10874,1672,33855,California
Yolo,2021-02-19,1725,46482,739,20653,986,25829,0,0,1112,23483,612,11486,1114,34969,California
Yolo,2021-02-20,2451,48933,946,21599,1505,27334,0,0,1378,23793,1068,12554,1378,36347,California
Yolo,2021-02-21,276,49209,223,21822,53,27387,0,0,70,23658,205,12759,70,36417,California
Yolo,2021-02-22,1360,50569,597,22419,763,28150,0,0,695,23690,664,13423,696,37113,California
Yolo,2021-02-23,1120,51689,840,23259,280,28430,0,0,441,23453,678,14101,441,37554,California
Yolo,2021-02-24,2063,53752,590,23849,1473,29903,0,0,1360,24111,702,14803,1360,38914,California
Yolo,2021-02-25,1328,55080,436,24285,892,30795,0,0,865,24513,463,15266,865,39779,California
Yolo,2021-02-26,2514,57594,972,25257,1542,32337,0,0,1328,24659,1182,16448,1328,41107,California
Yolo,2021-02-27,1638,59232,767,26024,871,33208,0,0,1190,25401,448,16896,1190,42297,California
Yolo,2021-02-28,1774,61006,1500,27524,274,33482,0,0,679,24986,1094,17990,679,42976,California
Yolo,2021-03-01,1066,62072,348,27872,718,34200,0,0,640,25203,424,18414,641,43617,California
Yolo,2021-03-02,1403,63475,666,28538,737,34937,0,0,889,25578,514,18928,889,44506,California
Yolo,2021-03-03,1726,65201,577,29115,1149,36086,0,0,757,25368,967,19895,757,45263,California
Yolo,2021-03-04,2572,67773,1278,30393,1294,37380,0,0,1383,25564,1187,21082,1383,46646,California
Yolo,2021-03-05,2082,69855,1223,31616,848,38228,11,11,1230,25957,851,21933,1244,47890,California
Yolo,2021-03-06,1371,71226,1064,32680,283,38511,24,35,753,26118,616,22549,777,48667,California
Yolo,2021-03-07,863,72089,636,33316,215,38726,12,47,730,26728,133,22682,743,49410,California
Yolo,2021-03-08,979,73068,456,33772,480,39206,43,90,706,27207,270,22952,749,50159,California
Yolo,2021-03-09,1122,74190,596,34368,469,39675,57,147,741,27626,379,23331,798,50957,California
Yolo,2021-03-10,1610,75800,948,35316,399,40074,263,410,661,27601,947,24278,922,51879,California
Yolo,2021-03-11,2134,77934,1394,36710,674,40748,66,476,1435,28404,698,24976,1501,53380,California
Yolo,2021-03-12,2483,80417,1149,37859,1265,42013,69,545,1114,28225,1360,26336,1181,54561,California
Yolo,2021-03-13,1710,82127,659,38518,880,42893,171,716,917,28524,790,27126,1089,55650,California
Yolo,2021-03-14,652,82779,189,38707,320,43213,143,859,383,28782,268,27394,526,56176,California
Yolo,2021-03-15,1283,84062,756,39463,354,43567,173,1032,674,29022,606,28000,846,57022,California
Yolo,2021-03-16,1839,85901,710,40173,1058,44625,71,1103,1081,29418,757,28757,1153,58175,California
Yolo,2021-03-17,2340,88241,941,41114,1331,45956,68,1171,1611,30372,725,29482,1679,59854,California
Yolo,2021-03-18,2509,90750,731,41845,1564,47520,214,1385,969,30018,1538,31020,1184,61038,California
Yolo,2021-03-19,1377,92127,634,42479,698,48218,45,1430,774,30240,597,31617,819,61857,California
Yolo,2021-03-20,2128,94255,574,43053,1528,49746,26,1456,660,29462,1465,33082,687,62544,California
Yolo,2021-03-21,309,94564,220,43273,83,49829,6,1462,223,29606,85,33167,229,62773,California
Yolo,2021-03-22,1339,95903,459,43732,829,50658,51,1513,865,30052,472,33639,918,63691,California
Yolo,2021-03-23,1697,97600,925,44657,711,51369,61,1574,1037,30491,660,34299,1099,64790,California
Yolo,2021-03-24,2774,100374,1367,46024,1356,52725,51,1625,1379,30541,1385,35684,1435,66225,California
Yolo,2021-03-25,2391,102765,1278,47302,1080,53805,33,1658,1156,30529,1231,36915,1219,67444,California
Yolo,2021-03-26,2328,105093,1190,48492,1117,54922,21,1679,1011,30343,1309,38224,1123,68567,California
Yolo,2021-03-27,1622,106715,447,48939,1157,56079,18,1697,756,30300,864,39088,821,69388,California
Yolo,2021-03-28,1063,107778,823,49762,223,56302,17,1714,271,29816,787,39875,303,69691,California
Yolo,2021-03-29,1907,109685,778,50540,1113,57415,16,1730,938,29815,966,40841,965,70656,California
Yolo,2021-03-30,2183,111868,1037,51577,1122,58537,24,1754,1154,29981,1023,41864,1189,71845,California
Yolo,2021-03-31,2259,114127,1183,52760,1041,59578,35,1789,1163,30109,1095,42959,1223,73068,California
Yolo,2021-04-01,3633,117760,1692,54452,1491,61069,450,2239,1556,30119,2074,45033,2084,75152,California
Yolo,2021-04-02,2870,120630,1375,55827,1436,62505,59,2298,1925,31214,941,45974,2036,77188,California
Yolo,2021-04-03,1170,121800,526,56353,429,62934,215,2513,564,31402,604,46578,792,77980,California
Yolo,2021-04-04,351,122151,128,56481,166,63100,57,2570,142,31394,209,46787,201,78181,California
Yolo,2021-04-05,1424,123575,469,56950,913,64013,42,2612,861,31735,562,47349,903,79084,California
Yuba,2020-12-16,4,4,4,4,0,0,0,0,4,4,0,0,4,4,California
Yuba,2020-12-17,4,8,4,8,0,0,0,0,4,8,0,0,4,8,California
Yuba,2020-12-18,8,16,8,16,0,0,0,0,8,16,0,0,8,16,California
Yuba,2020-12-19,12,28,12,28,0,0,0,0,12,28,0,0,12,28,California
Yuba,2020-12-20,20,48,20,48,0,0,0,0,20,48,0,0,20,48,California
Yuba,2020-12-21,40,88,40,88,0,0,0,0,40,88,0,0,40,88,California
Yuba,2020-12-22,86,174,86,174,0,0,0,0,86,174,0,0,86,174,California
Yuba,2020-12-23,64,238,62,236,2,2,0,0,64,238,0,0,64,238,California
Yuba,2020-12-24,20,258,10,246,10,12,0,0,20,258,0,0,20,258,California
Yuba,2020-12-26,15,273,13,259,2,14,0,0,15,273,0,0,15,273,California
Yuba,2020-12-27,15,288,15,274,0,14,0,0,15,288,0,0,15,288,California
Yuba,2020-12-28,51,339,35,309,16,30,0,0,51,339,0,0,51,339,California
Yuba,2020-12-29,77,416,10,319,67,97,0,0,77,416,0,0,77,416,California
Yuba,2020-12-30,64,480,21,340,43,140,0,0,64,480,0,0,64,480,California
Yuba,2020-12-31,36,516,6,346,30,170,0,0,36,516,0,0,36,516,California
Yuba,2021-01-02,22,538,21,367,1,171,0,0,22,538,0,0,22,538,California
Yuba,2021-01-03,10,548,6,373,4,175,0,0,10,548,0,0,10,548,California
Yuba,2021-01-04,91,639,21,394,70,245,0,0,91,639,0,0,91,639,California
Yuba,2021-01-05,68,707,36,430,32,277,0,0,67,705,1,1,67,706,California
Yuba,2021-01-06,150,857,74,504,76,353,0,0,144,843,6,7,144,850,California
Yuba,2021-01-07,75,932,20,524,55,408,0,0,72,911,4,11,72,922,California
Yuba,2021-01-08,73,1005,24,548,49,457,0,0,66,970,7,18,66,988,California
Yuba,2021-01-09,19,1024,16,564,3,460,0,0,11,973,8,26,11,999,California
Yuba,2021-01-10,116,1140,22,586,94,554,0,0,94,1045,22,48,94,1093,California
Yuba,2021-01-11,72,1212,49,635,23,577,0,0,32,1037,40,88,32,1125,California
Yuba,2021-01-12,109,1321,79,714,30,607,0,0,44,1016,65,153,44,1169,California
Yuba,2021-01-13,119,1440,72,786,47,654,0,0,54,1006,64,217,54,1223,California
Yuba,2021-01-14,109,1549,43,829,66,720,0,0,97,1091,12,229,97,1320,California
Yuba,2021-01-15,201,1750,85,914,116,836,0,0,190,1270,11,240,190,1510,California
Yuba,2021-01-16,184,1934,21,935,163,999,0,0,172,1429,13,253,172,1682,California
Yuba,2021-01-17,13,1947,9,944,4,1003,0,0,7,1430,6,259,7,1689,California
Yuba,2021-01-18,60,2007,32,976,28,1031,0,0,35,1440,25,284,35,1724,California
Yuba,2021-01-19,82,2089,29,1005,53,1084,0,0,67,1492,15,299,67,1791,California
Yuba,2021-01-20,132,2221,86,1091,46,1130,0,0,109,1578,23,322,109,1900,California
Yuba,2021-01-21,213,2434,96,1187,117,1247,0,0,204,1773,9,331,204,2104,California
Yuba,2021-01-22,104,2538,6,1193,98,1345,0,0,95,1859,9,340,95,2199,California
Yuba,2021-01-23,201,2739,7,1200,194,1539,0,0,198,2054,3,343,198,2397,California
Yuba,2021-01-24,8,2747,6,1206,2,1541,0,0,6,2058,2,345,6,2403,California
Yuba,2021-01-25,83,2830,28,1234,55,1596,0,0,52,2080,30,375,52,2455,California
Yuba,2021-01-26,146,2976,38,1272,108,1704,0,0,91,2116,55,430,91,2546,California
Yuba,2021-01-27,181,3157,128,1400,53,1757,0,0,114,2163,67,497,114,2660,California
Yuba,2021-01-28,211,3368,78,1478,133,1890,0,0,171,2294,40,537,171,2831,California
Yuba,2021-01-29,154,3522,54,1532,100,1990,0,0,108,2356,46,583,108,2939,California
Yuba,2021-01-30,410,3932,23,1555,387,2377,0,0,399,2744,11,594,399,3338,California
Yuba,2021-01-31,17,3949,12,1567,5,2382,0,0,15,2757,2,596,15,3353,California
Yuba,2021-02-01,149,4098,72,1639,77,2459,0,0,129,2867,19,615,129,3482,California
Yuba,2021-02-02,122,4220,22,1661,100,2559,0,0,100,2945,22,637,100,3582,California
Yuba,2021-02-03,225,4445,29,1690,196,2755,0,0,112,2945,112,749,112,3694,California
Yuba,2021-02-04,295,4740,122,1812,173,2928,0,0,253,3156,42,791,253,3947,California
Yuba,2021-02-05,147,4887,31,1843,116,3044,0,0,71,3151,76,867,71,4018,California
Yuba,2021-02-06,448,5335,25,1868,423,3467,0,0,440,3583,8,875,440,4458,California
Yuba,2021-02-07,18,5353,11,1879,7,3474,0,0,15,3595,3,878,15,4473,California
Yuba,2021-02-08,97,5450,35,1914,62,3536,0,0,67,3632,30,908,67,4540,California
Yuba,2021-02-09,152,5602,54,1968,98,3634,0,0,85,3650,67,975,85,4625,California
Yuba,2021-02-10,346,5948,172,2140,174,3808,0,0,114,3533,231,1206,114,4739,California
Yuba,2021-02-11,399,6347,62,2202,337,4145,0,0,303,3742,94,1300,303,5042,California
Yuba,2021-02-12,262,6609,26,2228,236,4381,0,0,150,3780,112,1412,150,5192,California
Yuba,2021-02-13,439,7048,35,2263,404,4785,0,0,391,4123,48,1460,391,5583,California
Yuba,2021-02-14,53,7101,11,2274,42,4827,0,0,49,4168,4,1464,49,5632,California
Yuba,2021-02-15,91,7192,38,2312,53,4880,0,0,71,4219,20,1484,71,5703,California
Yuba,2021-02-16,196,7388,47,2359,149,5029,0,0,137,4297,59,1543,137,5840,California
Yuba,2021-02-17,369,7757,155,2514,214,5243,0,0,96,4120,273,1816,96,5936,California
Yuba,2021-02-18,306,8063,32,2546,274,5517,0,0,181,4176,125,1941,181,6117,California
Yuba,2021-02-19,214,8277,76,2622,138,5655,0,0,131,4224,83,2024,131,6248,California
Yuba,2021-02-20,380,8657,29,2651,351,6006,0,0,328,4500,52,2076,328,6576,California
Yuba,2021-02-21,18,8675,15,2666,3,6009,0,0,8,4498,10,2086,8,6584,California
Yuba,2021-02-22,126,8801,79,2745,47,6056,0,0,39,4451,86,2172,39,6623,California
Yuba,2021-02-23,112,8913,24,2769,88,6144,0,0,45,4430,66,2238,45,6668,California
Yuba,2021-02-24,473,9386,136,2905,337,6481,0,0,100,4157,373,2611,100,6768,California
Yuba,2021-02-25,322,9708,127,3032,195,6676,0,0,197,4229,125,2736,197,6965,California
Yuba,2021-02-26,249,9957,64,3096,185,6861,0,0,136,4254,111,2847,136,7101,California
Yuba,2021-02-27,467,10424,43,3139,424,7285,0,0,383,4554,83,2930,383,7484,California
Yuba,2021-02-28,66,10490,24,3163,42,7327,0,0,45,4578,21,2951,45,7529,California
Yuba,2021-03-01,151,10641,39,3202,112,7439,0,0,76,4580,74,3025,76,7605,California
Yuba,2021-03-02,151,10792,36,3238,115,7554,0,0,76,4581,75,3100,76,7681,California
Yuba,2021-03-03,612,11404,152,3390,460,8014,0,0,196,4362,415,3515,196,7877,California
Yuba,2021-03-04,461,11865,271,3661,190,8204,0,0,323,4548,137,3652,323,8200,California
Yuba,2021-03-05,291,12156,49,3710,241,8445,1,1,230,4718,61,3713,231,8431,California
Yuba,2021-03-06,273,12429,28,3738,239,8684,6,7,179,4802,101,3814,185,8616,California
Yuba,2021-03-07,50,12479,28,3766,22,8706,0,7,34,4820,16,3830,34,8650,California
Yuba,2021-03-08,158,12637,55,3821,89,8795,14,21,100,4876,58,3888,114,8764,California
Yuba,2021-03-09,173,12810,47,3868,107,8902,19,40,82,4886,91,3979,101,8865,California
Yuba,2021-03-10,707,13517,222,4090,469,9371,16,56,218,4632,488,4467,234,9099,California
Yuba,2021-03-11,390,13907,167,4257,212,9583,11,67,262,4777,128,4595,273,9372,California
Yuba,2021-03-12,390,14297,57,4314,286,9869,47,114,112,4659,278,4873,160,9532,California
Yuba,2021-03-13,442,14739,337,4651,92,9961,13,127,367,4964,75,4948,380,9912,California
Yuba,2021-03-14,82,14821,19,4670,53,10014,10,137,41,4974,41,4989,51,9963,California
Yuba,2021-03-15,191,15012,47,4717,126,10140,18,155,95,4991,96,5085,113,10076,California
Yuba,2021-03-16,251,15263,72,4789,157,10297,22,177,147,5057,103,5188,169,10245,California
Yuba,2021-03-17,706,15969,147,4936,530,10827,29,206,171,4724,533,5721,200,10445,California
Yuba,2021-03-18,445,16414,111,5047,244,11071,90,296,269,4908,176,5897,360,10805,California
Yuba,2021-03-19,251,16665,90,5137,124,11195,37,333,139,4972,112,6009,176,10981,California
Yuba,2021-03-20,460,17125,57,5194,396,11591,7,340,407,5334,52,6061,414,11395,California
Yuba,2021-03-21,62,17187,39,5233,23,11614,0,340,48,5368,14,6075,48,11443,California
Yuba,2021-03-22,186,17373,69,5302,110,11724,7,347,143,5475,43,6118,150,11593,California
Yuba,2021-03-23,215,17588,70,5372,123,11847,22,369,146,5575,68,6186,168,11761,California
Yuba,2021-03-24,733,18321,245,5617,419,12266,69,438,187,5287,544,6730,256,12017,California
Yuba,2021-03-25,470,18791,259,5876,186,12452,25,463,224,5290,246,6976,249,12266,California
Yuba,2021-03-26,362,19153,130,6006,211,12663,21,484,215,5382,146,7122,238,12504,California
Yuba,2021-03-27,445,19598,23,6029,421,13084,1,485,394,5728,51,7173,397,12901,California
Yuba,2021-03-28,94,19692,38,6067,53,13137,3,488,35,5707,59,7232,38,12939,California
Yuba,2021-03-29,287,19979,86,6153,173,13310,28,516,178,5804,109,7341,206,13145,California
Yuba,2021-03-30,257,20236,62,6215,187,13497,8,524,183,5920,74,7415,190,13335,California
Yuba,2021-03-31,667,20903,113,6328,542,14039,12,536,242,5883,425,7840,388,13723,California
Yuba,2021-04-01,562,21465,283,6611,251,14290,28,564,235,5827,327,8167,271,13994,California
Yuba,2021-04-02,446,21911,78,6689,295,14585,73,637,168,5805,278,8445,256,14250,California
Yuba,2021-04-03,594,22505,46,6735,110,14695,438,1075,80,5815,513,8958,523,14773,California
Yuba,2021-04-04,58,22563,12,6747,39,14734,7,1082,33,5831,25,8983,41,14814,California
Yuba,2021-04-05,103,22666,17,6764,77,14811,9,1091,58,5855,43,9026,67,14881,California
