county,administered_date,total_doses,cumulative_total_doses,pfizer_doses,cumulative_pfizer_doses,moderna_doses,cumulative_moderna_doses,jj_doses,cumulative_jj_doses,partially_vaccinated,total_partially_vaccinated,fully_vaccinated,cumulative_fully_vaccinated,at_least_one_dose,cumulative_at_least_one_dose,california_flag
All CA Counties,2020-12-15,1155,1155,1155,1155,0,0,0,0,1155,1155,0,0,1155,1155,
All CA Counties,2020-12-16,8457,9612,8457,9612,0,0,0,0,8457,9612,0,0,8457,9612,
All CA Counties,2020-12-17,26519,36131,26519,36131,0,0,0,0,26521,36133,0,0,26521,36133,
All CA Counties,2020-12-18,45221,81352,45162,81293,59,59,0,0,45221,81353,1,1,45221,81354,
All CA Counties,2020-12-19,25498,106850,25472,106765,26,85,0,0,25497,106849,1,2,25497,106851,
All CA Counties,2020-12-20,19119,125969,19090,125855,29,114,0,0,19118,125966,1,3,19118,125969,
All CA Counties,2020-12-21,49777,175746,49685,175540,92,206,0,0,49778,175742,3,6,49779,175748,
All CA Counties,2020-12-22,50166,225912,48025,223565,2141,2347,0,0,50158,225894,6,12,50158,225906,
All CA Counties,2020-12-23,50732,276644,41914,265479,8818,11165,0,0,50726,276618,5,17,50729,276635,
All CA Counties,2020-12-24,24109,300753,16355,281834,7754,18919,0,0,24104,300719,5,22,24106,300741,
All CA Counties,2020-12-25,2350,303103,2025,283859,325,19244,0,0,2350,303069,0,22,2350,303091,
All CA Counties,2020-12-26,14634,317737,9473,293332,5161,24405,0,0,14632,317699,2,24,14632,317723,
All CA Counties,2020-12-27,9467,327204,5608,298940,3859,28264,0,0,9464,327160,3,27,9464,327187,
All CA Counties,2020-12-28,46175,373379,29598,328538,16577,44841,0,0,46172,373329,3,30,46172,373359,
All CA Counties,2020-12-29,51329,424708,28601,357139,22728,67569,0,0,51322,424647,4,34,51322,424681,
All CA Counties,2020-12-30,63127,487835,35640,392779,27487,95056,0,0,63115,487756,9,43,63118,487799,
All CA Counties,2020-12-31,29578,517413,10934,403713,18644,113700,0,0,29558,517297,18,61,29559,517358,
All CA Counties,2021-01-01,4592,522005,2081,405794,2511,116211,0,0,4584,521874,7,68,4584,521942,
All CA Counties,2021-01-02,18530,540535,10252,416046,8278,124489,0,0,18525,540397,2,70,18525,540467,
All CA Counties,2021-01-03,6199,546734,3506,419552,2693,127182,0,0,6165,546549,13,83,6165,546632,
All CA Counties,2021-01-04,43619,590353,22009,441561,21610,148792,0,0,43540,590049,40,123,43540,590172,
All CA Counties,2021-01-05,56709,647062,29900,471461,26809,175601,0,0,51050,635598,5598,5721,51147,641319,
All CA Counties,2021-01-06,73602,720664,40611,512072,32991,208592,0,0,57887,677990,15535,21256,57927,699246,
All CA Counties,2021-01-07,92547,813211,52661,564733,39886,248478,0,0,61029,707733,31344,52600,61087,760333,
All CA Counties,2021-01-08,107035,920246,64289,629022,42746,291224,0,0,65242,731393,41652,94252,65312,825645,
All CA Counties,2021-01-09,44496,964742,25596,654618,18900,310124,0,0,27864,742681,16605,110857,27893,853538,
All CA Counties,2021-01-10,24379,989121,14894,669512,9485,319609,0,0,13115,744569,11246,122103,13134,866672,
All CA Counties,2021-01-11,104792,1093913,69705,739217,35087,354696,0,0,60800,761600,43945,166048,60976,927648,
All CA Counties,2021-01-12,114079,1207992,67608,806825,46471,401167,0,0,72494,792859,41480,207528,72739,1000387,
All CA Counties,2021-01-13,119610,1327602,62085,868910,57525,458692,0,0,85581,844592,33941,241469,85674,1086061,
All CA Counties,2021-01-14,124310,1451912,49851,918761,74459,533151,0,0,104527,929623,19679,261148,104710,1190771,
All CA Counties,2021-01-15,142447,1594359,52097,970858,90350,623501,0,0,127171,1041846,15178,276326,127401,1318172,
All CA Counties,2021-01-16,80765,1675124,27451,998309,53314,676815,0,0,73130,1107426,7606,283932,73186,1391358,
All CA Counties,2021-01-17,48324,1723448,16901,1015210,31423,708238,0,0,44640,1148437,3674,287606,44685,1436043,
All CA Counties,2021-01-18,88365,1811813,46129,1061339,42236,750474,0,0,68916,1198156,19376,306982,69095,1505138,
All CA Counties,2021-01-19,142404,1954217,73812,1135151,68592,819066,0,0,111095,1278372,31212,338194,111428,1616566,
All CA Counties,2021-01-20,161269,2115486,82252,1217403,79017,898083,0,0,127450,1372502,33591,371785,127721,1744287,
All CA Counties,2021-01-21,174415,2289901,77252,1294655,97163,995246,0,0,155133,1508959,19053,390838,155510,1899797,
All CA Counties,2021-01-22,170519,2460420,69509,1364164,101010,1096256,0,0,156081,1650905,14294,405132,156240,2056037,
All CA Counties,2021-01-23,111987,2572407,49511,1413675,62476,1158732,0,0,99384,1737866,12543,417675,99504,2155541,
All CA Counties,2021-01-24,61157,2633564,29379,1443054,31778,1190510,0,0,56457,1789723,4665,422340,56522,2212063,
All CA Counties,2021-01-25,145588,2779152,65459,1508513,80129,1270639,0,0,110218,1865091,35231,457571,110599,2322662,
All CA Counties,2021-01-26,169463,2948615,83054,1591567,86409,1357048,0,0,131612,1959272,37710,495281,131891,2454553,
All CA Counties,2021-01-27,182979,3131594,87787,1679354,95192,1452240,0,0,143219,2063294,39418,534699,143440,2597993,
All CA Counties,2021-01-28,188516,3320110,86828,1766182,101688,1553928,0,0,154052,2183427,34162,568861,154295,2752288,
All CA Counties,2021-01-29,184278,3504388,88305,1854487,95973,1649901,0,0,149239,2298399,34449,603310,149421,2901709,
All CA Counties,2021-01-30,124473,3628861,55577,1910064,68896,1718797,0,0,108958,2392167,15340,618650,109108,3010817,
All CA Counties,2021-01-31,69252,3698113,38495,1948559,30757,1749554,0,0,64299,2451627,4898,623548,64358,3075175,
All CA Counties,2021-02-01,162203,3860316,75697,2024256,86506,1836060,0,0,121111,2531962,40908,664456,121243,3196418,
All CA Counties,2021-02-02,186184,4046500,78310,2102566,107874,1943934,0,0,141365,2629031,44524,708980,141593,3338011,
All CA Counties,2021-02-03,212029,4258529,95973,2198539,116056,2059990,0,0,157289,2732349,54231,763211,157549,3495560,
All CA Counties,2021-02-04,228950,4487479,100181,2298720,128769,2188759,0,0,167905,2840126,60497,823708,168274,3663834,
All CA Counties,2021-02-05,247027,4734506,106711,2405431,140316,2329075,0,0,167694,2929866,78506,902214,168246,3832080,
All CA Counties,2021-02-06,155054,4889560,74977,2480408,80077,2409152,0,0,120112,3015710,34765,936979,120609,3952689,
All CA Counties,2021-02-07,66983,4956543,43294,2523702,23689,2432841,0,0,50493,3050248,16407,953386,50945,4003634,
All CA Counties,2021-02-08,181399,5137942,89168,2612870,92231,2525072,0,0,119516,3109086,61432,1014818,120270,4123904,
All CA Counties,2021-02-09,211879,5349821,102297,2715167,109582,2634654,0,0,126805,3152454,84598,1099416,127966,4251870,
All CA Counties,2021-02-10,249879,5599700,120187,2835354,129692,2764346,0,0,138466,3181852,110557,1209973,139955,4391825,
All CA Counties,2021-02-11,266770,5866470,131864,2967218,134906,2899252,0,0,145425,3208937,120158,1330131,147243,4539068,
All CA Counties,2021-02-12,274145,6140615,120092,3087310,154053,3053305,0,0,147652,3233436,125559,1455690,150058,4689126,
All CA Counties,2021-02-13,167642,6308257,77849,3165159,89793,3143098,0,0,92392,3252933,74853,1530543,94350,4783476,
All CA Counties,2021-02-14,95841,6404098,47747,3212906,48094,3191192,0,0,51743,3262304,43919,1574462,53290,4836766,
All CA Counties,2021-02-15,143152,6547250,62766,3275672,80386,3271578,0,0,79066,3280814,63693,1638155,82203,4918969,
All CA Counties,2021-02-16,250031,6797281,118590,3394262,131441,3403019,0,0,133548,3301395,116084,1754239,136665,5055634,
All CA Counties,2021-02-17,260173,7057454,129536,3523798,130637,3533656,0,0,129224,3303494,130366,1884605,132465,5188099,
All CA Counties,2021-02-18,274247,7331701,142888,3666686,131359,3665015,0,0,132378,3299019,141102,2025707,136627,5324726,
All CA Counties,2021-02-19,254507,7586208,147544,3814230,106963,3771978,0,0,131008,3309161,122964,2148671,133106,5457832,
All CA Counties,2021-02-20,154524,7740732,98983,3913213,55541,3827519,0,0,84887,3326718,69339,2218010,86896,5544728,
All CA Counties,2021-02-21,83142,7823874,68821,3982034,14321,3841840,0,0,41781,3328958,41095,2259105,43335,5588063,
All CA Counties,2021-02-22,165473,7989347,110736,4092770,54737,3896577,0,0,82804,3331163,82325,2341430,84530,5672593,
All CA Counties,2021-02-23,227539,8216886,120336,4213106,107203,4003780,0,0,105860,3322021,121029,2462459,111887,5784480,
All CA Counties,2021-02-24,284489,8501375,143831,4356937,140658,4144438,0,0,135026,3315812,148803,2611262,142594,5927074,
All CA Counties,2021-02-25,323363,8824738,159430,4516367,163933,4308371,0,0,169312,3340412,153314,2764576,177914,6104988,
All CA Counties,2021-02-26,358046,9182784,166912,4683279,191134,4499505,0,0,199328,3389301,157756,2922332,206645,6311633,
All CA Counties,2021-02-27,253952,9436736,123554,4806833,130373,4629878,25,25,144290,3429043,109006,3031338,148748,6460381,
All CA Counties,2021-02-28,135746,9572482,81091,4887924,54642,4684520,13,38,79624,3455868,55659,3086997,82484,6542865,
All CA Counties,2021-03-01,245319,9817801,130536,5018460,114645,4799165,138,176,141240,3498086,103230,3190227,145448,6688313,
All CA Counties,2021-03-02,290694,10108495,146801,5165261,143862,4943027,31,207,175288,3565480,114838,3305065,182232,6870545,
All CA Counties,2021-03-03,336034,10444529,167341,5332602,168625,5111652,68,275,194149,3625877,141144,3446209,201541,7072086,
All CA Counties,2021-03-04,353718,10798247,178744,5511346,174875,5286527,99,374,207825,3695762,145095,3591304,214980,7287066,
All CA Counties,2021-03-05,341165,11139412,167673,5679019,172361,5458888,1131,1505,212218,3788301,128089,3719393,220628,7507694,
All CA Counties,2021-03-06,260188,11399600,133532,5812551,118798,5577686,7858,9363,161806,3864731,97942,3817335,174372,7682066,
All CA Counties,2021-03-07,128187,11527787,78717,5891268,45292,5622978,4178,13541,80348,3905294,47638,3864973,88201,7770267,
All CA Counties,2021-03-08,221408,11749195,108258,5999526,102647,5725625,10503,24044,145056,3989927,75916,3940889,160549,7930816,
All CA Counties,2021-03-09,293377,12042572,140235,6139761,137205,5862830,15937,39981,164285,4045644,128574,4069463,184291,8115107,
All CA Counties,2021-03-10,324600,12367172,161811,6301572,138284,6001114,24505,64486,175513,4101475,148366,4217829,204197,8319304,
All CA Counties,2021-03-11,378918,12746090,183543,6485115,162004,6163118,33371,97857,194296,4149737,183619,4401448,231881,8551185,
All CA Counties,2021-03-12,397466,13143556,177668,6662783,173458,6336576,46340,144197,194596,4192849,201995,4603443,245107,8796292,
All CA Counties,2021-03-13,284883,13428439,125364,6788147,128340,6464916,31179,175376,153733,4251317,130680,4734123,189148,8985440,
All CA Counties,2021-03-14,155246,13583685,83481,6871628,56649,6521565,15116,190492,78645,4271037,76293,4810416,96013,9081453,
All CA Counties,2021-03-15,291953,13875638,139702,7011330,131596,6653161,20655,211147,158567,4321075,132586,4943002,182624,9264077,
All CA Counties,2021-03-16,372009,14247647,174855,7186185,179743,6832904,17411,228558,215630,4401735,155586,5098588,236246,9500323,
All CA Counties,2021-03-17,386615,14634262,191787,7377972,176170,7009074,18658,247216,239495,4516197,146220,5244808,260682,9761005,
All CA Counties,2021-03-18,404549,15038811,207526,7585498,178673,7187747,18350,265566,239940,4613155,163452,5408260,260410,10021415,
All CA Counties,2021-03-19,413264,15452075,217711,7803209,173864,7361611,21689,287255,239717,4704095,172529,5580789,263469,10284884,
All CA Counties,2021-03-20,295863,15747938,155814,7959023,124125,7485736,15924,303179,186653,4799695,108479,5689268,204079,10488963,
All CA Counties,2021-03-21,144670,15892608,100158,8059181,36968,7522704,7544,310723,88771,4841905,55491,5744759,97701,10586664,
All CA Counties,2021-03-22,275477,16168085,160567,8219748,103670,7626374,11240,321963,179171,4939896,95472,5840231,193463,10780127,
All CA Counties,2021-03-23,359975,16528060,198611,8418359,150267,7776641,11097,333060,220975,5036571,138036,5978267,234711,11014838,
All CA Counties,2021-03-24,389164,16917224,222714,8641073,153906,7930547,12544,345604,225830,5115009,162032,6140299,240470,11255308,
All CA Counties,2021-03-25,419620,17336844,231222,8872295,173489,8104036,14909,360513,237412,5188657,180826,6321125,254474,11509782,
All CA Counties,2021-03-26,436431,17773275,233337,9105632,186969,8291005,16125,376638,235452,5243399,199691,6520816,254433,11764215,
All CA Counties,2021-03-27,313834,18087109,166935,9272567,135093,8426098,11806,388444,157711,5259935,155233,6676049,171769,11935984,
All CA Counties,2021-03-28,169738,18256847,109159,9381726,56987,8483085,3592,392036,88672,5273775,80589,6756638,94429,12030413,
All CA Counties,2021-03-29,311510,18568357,167536,9549262,134915,8618000,9059,401095,173146,5320963,137534,6894172,184722,12215135,
All CA Counties,2021-03-30,400067,18968424,202535,9751797,179270,8797270,18262,419357,224642,5391063,174582,7068754,244682,12459817,
All CA Counties,2021-03-31,427813,19396237,232509,9984306,173526,8970796,21778,441135,237778,5462726,188917,7257671,260580,12720397,
All CA Counties,2021-04-01,494067,19890304,252906,10237212,200689,9171485,40472,481607,271773,5555319,220782,7478453,313375,13033772,
All CA Counties,2021-04-02,475595,20365899,231875,10469087,200439,9371924,43281,524888,257938,5641802,216353,7694806,302836,13336608,
All CA Counties,2021-04-03,330575,20696474,168510,10637597,120512,9492436,41553,566441,164572,5683752,165301,7860107,207251,13543859,
All CA Counties,2021-04-04,132672,20829146,69207,10706804,44381,9536817,19084,585525,58053,5686734,74281,7934388,77263,13621122,
All CA Counties,2021-04-05,354490,21183636,182624,10889428,131960,9668777,39906,625431,174251,5723836,179492,8113880,216594,13837716,
All CA Counties,2021-04-06,459210,21642846,232709,11122137,160840,9829617,65661,691092,222514,5778204,235700,8349580,290068,14127784,
All CA Counties,2021-04-07,474238,22117084,246372,11368509,157687,9987304,70179,761271,230647,5837461,242569,8592149,301826,14429610,
All CA Counties,2021-04-08,501657,22618741,253127,11621636,163867,10151171,84663,845934,235893,5895709,264491,8856640,322739,14752349,
All CA Counties,2021-04-09,497162,23115903,247832,11869468,169199,10320370,80131,926065,228760,5940362,267250,9123890,311903,15064252,
All CA Counties,2021-04-10,368708,23484611,168718,12038186,125534,10445904,74456,1000521,154549,5958648,213351,9337241,231637,15295889,
All CA Counties,2021-04-11,188129,23672740,105700,12143886,48333,10494237,34096,1034617,78056,5963922,109698,9446939,114972,15410861,
All CA Counties,2021-04-12,341817,24014557,175657,12319543,127845,10622082,38315,1072932,158086,5981208,182675,9629614,199961,15610822,
All CA Counties,2021-04-13,435201,24449758,243676,12563219,190561,10812643,964,1073896,243093,6037322,191017,9820631,247131,15857953,
All CA Counties,2021-04-14,455511,24905269,255447,12818666,199772,11012415,292,1074188,237252,6062463,216979,10037610,242120,16100073,
All CA Counties,2021-04-15,496113,25401382,289047,13107713,206768,11219183,298,1074486,277442,6126062,217082,10254692,280681,16380754,
All CA Counties,2021-04-16,480682,25882064,270442,13378155,209927,11429110,313,1074799,256191,6161990,223068,10477760,258996,16639750,
All CA Counties,2021-04-17,345482,26227546,193708,13571863,151709,11580819,65,1074864,196645,6214024,147875,10625635,199909,16839659,
All CA Counties,2021-04-18,160638,26388184,103685,13675548,56935,11637754,18,1074882,82727,6222357,77445,10703080,85778,16925437,
All CA Counties,2021-04-19,322960,26711144,185645,13861193,137217,11774971,98,1074980,152722,6207874,169226,10872306,154743,17080180,
All CA Counties,2021-04-20,418566,27129710,226036,14087229,192448,11967419,82,1075062,207644,6209008,209739,11082045,210873,17291053,
All CA Counties,2021-04-21,438998,27568708,253534,14340763,185193,12152612,271,1075333,211344,6197881,225997,11308042,214870,17505923,
All CA Counties,2021-04-22,455382,28024090,261958,14602721,193345,12345957,79,1075412,203183,6153780,250680,11558722,206579,17712502,
All CA Counties,2021-04-23,448062,28472152,257370,14860091,190601,12536558,91,1075503,203281,6117297,243273,11801995,206790,17919292,
All CA Counties,2021-04-24,325933,28798085,205118,15065209,120631,12657189,184,1075687,165561,6126958,159380,11961375,169041,18088333,
All CA Counties,2021-04-25,149999,28948084,98723,15163932,51201,12708390,75,1075762,80531,6140038,68972,12030347,82052,18170385,
All CA Counties,2021-04-26,305059,29253143,177446,15341378,126059,12834449,1554,1077316,133380,6108945,170613,12200960,139520,18309905,
All CA Counties,2021-04-27,373074,29626217,206992,15548370,159441,12993890,6641,1083957,150891,6048743,220968,12421928,160766,18470671,
All CA Counties,2021-04-28,358993,29985210,207332,15755702,143725,13137615,7936,1091893,148379,5998084,209421,12631349,158762,18629433,
All CA Counties,2021-04-29,368424,30353634,213835,15969537,146649,13284264,7940,1099833,135912,5912636,231234,12862583,145786,18775219,
All CA Counties,2021-04-30,381068,30734702,219690,16189227,152423,13436687,8955,1108788,145501,5834972,234187,13096770,156523,18931742,
All CA Counties,2021-05-01,248501,30983203,158651,16347878,83771,13520458,6079,1114867,90286,5776278,157304,13254074,98610,19030352,
All CA Counties,2021-05-02,117014,31100217,81771,16429649,31360,13551818,3883,1118750,40942,5745847,75645,13329719,45214,19075566,
All CA Counties,2021-05-03,254097,31354314,155920,16585569,89410,13641228,8767,1127517,77620,5657590,175569,13505288,87312,19162878,
All CA Counties,2021-05-04,333333,31687647,204843,16790412,118672,13759900,9818,1137335,98685,5533793,233524,13738812,109727,19272605,
All CA Counties,2021-05-05,337812,32025459,211557,17001969,116180,13876080,10075,1147410,95694,5399769,240814,13979626,106790,19379395,
All CA Counties,2021-05-06,354362,32379821,232353,17234322,111463,13987543,10546,1157956,89980,5240146,262671,14242297,103048,19482443,
All CA Counties,2021-05-07,352077,32731898,221088,17455410,121107,14108650,9882,1167838,95837,5092327,254807,14497104,106988,19589431,
All CA Counties,2021-05-08,231340,32963238,148066,17603476,76333,14184983,6941,1174779,63591,4997574,166760,14663864,72007,19661438,
All CA Counties,2021-05-09,95327,33058565,72267,17675743,20086,14205069,2974,1177753,25177,4956365,69806,14733670,28597,19690035,
All CA Counties,2021-05-10,205511,33264076,117922,17793665,79731,14284800,7858,1185611,50745,4862361,153917,14887587,59913,19749948,
All CA Counties,2021-05-11,273973,33538049,156388,17950053,108932,14393732,8653,1194264,72598,4745034,200385,15087972,83058,19833006,
All CA Counties,2021-05-12,271399,33809448,158397,18108450,103885,14497617,9117,1203381,73072,4631143,197239,15285211,83348,19916354,
All CA Counties,2021-05-13,316348,34125796,204433,18312883,104504,14602121,7411,1210792,119144,4564338,196027,15481238,129222,20045576,
All CA Counties,2021-05-14,339821,34465617,218163,18531046,112749,14714870,8909,1219701,132654,4502101,205883,15687121,143646,20189222,
All CA Counties,2021-05-15,278828,34744445,194805,18725851,78060,14792930,5963,1225664,114625,4460379,163303,15850424,121581,20310803,
All CA Counties,2021-05-16,139901,34884346,107934,18833785,29016,14821946,2951,1228615,57360,4439025,82074,15932498,60720,20371523,
All CA Counties,2021-05-17,239877,35124223,157948,18991733,74510,14896456,7419,1236034,95031,4398408,143936,16076434,103319,20474842,
All CA Counties,2021-05-18,281236,35405459,171627,19163360,102208,14998664,7401,1243435,109799,4346702,170308,16246742,118602,20593444,
All CA Counties,2021-05-19,274645,35680104,171588,19334948,95498,15094162,7559,1250994,112511,4306809,161077,16407819,121184,20714628,
All CA Counties,2021-05-20,263086,35943190,157274,19492222,97689,15191851,8123,1259117,100249,4255035,161679,16569498,109905,20824533,
All CA Counties,2021-05-21,281664,36224854,173191,19665413,100522,15292373,7951,1267068,106248,4196331,174131,16743629,115427,20939960,
All CA Counties,2021-05-22,203697,36428551,134928,19800341,62565,15354938,6204,1273272,86799,4174355,116107,16859736,94131,21034091,
All CA Counties,2021-05-23,88879,36517430,62452,19862793,23736,15378674,2691,1275963,38302,4165584,50148,16909884,41377,21075468,
All CA Counties,2021-05-24,170698,36688128,100167,19962960,62229,15440903,8302,1284265,64674,4134208,105204,17015088,73828,21149296,
All CA Counties,2021-05-25,189159,36877287,111083,20074043,70080,15510983,7996,1292261,71610,4098414,116523,17131611,80729,21230025,
All CA Counties,2021-05-26,184148,37061435,106036,20180079,70280,15581263,7832,1300093,71521,4066956,111519,17243130,80061,21310086,
All CA Counties,2021-05-27,171858,37233293,98282,20278361,65089,15646352,8487,1308580,69222,4043952,101787,17344917,78783,21388869,
All CA Counties,2021-05-28,188217,37421510,108588,20386949,72548,15718900,7081,1315661,81164,4027232,106085,17451002,89365,21478234,
All CA Counties,2021-05-29,106426,37527936,65341,20452290,37306,15756206,3779,1319440,49698,4025011,56193,17507195,53972,21532206,
All CA Counties,2021-05-30,46786,37574722,30870,20483160,13467,15769673,2449,1321889,20455,4022036,26094,17533289,23119,21555325,
All CA Counties,2021-05-31,19739,37594461,11625,20494785,7143,15776816,971,1322860,6418,4016370,13170,17546459,7504,21562829,
All CA Counties,2021-06-01,167778,37762239,97947,20592732,62811,15839627,7020,1329880,59474,3976429,107322,17653781,67381,21630210,
All CA Counties,2021-06-02,142211,37904450,84102,20676834,51039,15890666,7070,1336950,53730,3950300,87583,17741364,61454,21691664,
All CA Counties,2021-06-03,170297,38074747,116537,20793371,46761,15937427,6999,1343949,51841,3892528,117611,17858975,59839,21751503,
All CA Counties,2021-06-04,198671,38273418,140047,20933418,52505,15989932,6119,1350068,59488,3821825,138139,17997114,67436,21818939,
All CA Counties,2021-06-05,156333,38429751,118032,21051450,32748,16022680,5553,1355621,43595,3759953,111957,18109071,50085,21869024,
All CA Counties,2021-06-06,63413,38493164,53416,21104866,7790,16030470,2207,1357828,16908,3733647,46216,18155287,19910,21888934,
All CA Counties,2021-06-07,135915,38629079,99787,21204653,30275,16060745,5853,1363681,40011,3684916,95300,18250587,46569,21935503,
All CA Counties,2021-06-08,157529,38786608,114409,21319062,36392,16097137,6728,1370409,46772,3629580,109861,18360448,54525,21990028,
All CA Counties,2021-06-09,151590,38938198,110396,21429458,34479,16131616,6715,1377124,41995,3570405,108797,18469245,49622,22039650,
All CA Counties,2021-06-10,145999,39084197,105201,21534659,33526,16165142,7272,1384396,42823,3519077,102461,18571706,51133,22090783,
All CA Counties,2021-06-11,158179,39242376,111168,21645827,40342,16205484,6669,1391065,49131,3467620,108154,18679860,56697,22147480,
All CA Counties,2021-06-12,114338,39356714,86647,21732474,24001,16229485,3690,1394755,32685,3423539,81106,18760966,37025,22184505,
All CA Counties,2021-06-13,44394,39401108,33062,21765536,9294,16238779,2038,1396793,11025,3403863,33132,18794098,13456,22197961,
All CA Counties,2021-06-14,114761,39515869,81576,21847112,26456,16265235,6729,1403522,37792,3372616,76376,18870474,45129,22243090,
All CA Counties,2021-06-15,131204,39647073,88670,21935782,33819,16299054,8715,1412237,43933,3339703,86441,18956915,53528,22296618,
All CA Counties,2021-06-16,120116,39767189,84624,22020406,27861,16326915,7631,1419868,41385,3311465,77994,19034909,49756,22346374,
All CA Counties,2021-06-17,112373,39879562,78168,22098574,26802,16353717,7403,1427271,39842,3287534,71800,19106709,47869,22394243,
All CA Counties,2021-06-18,126342,40005904,87741,22186315,31563,16385280,7038,1434309,45426,3260693,80054,19186763,53213,22447456,
All CA Counties,2021-06-19,75212,40081116,54848,22241163,16641,16401921,3723,1438032,28142,3246621,46444,19233207,32372,22479828,
All CA Counties,2021-06-20,30545,40111661,22993,22264156,6204,16408125,1348,1439380,11499,3240844,18836,19252043,13059,22492887,
All CA Counties,2021-06-21,70126,40181787,44130,22308286,20344,16428469,5652,1445032,36146,3249556,33602,19285645,42314,22535201,
All CA Counties,2021-06-22,98628,40280415,69135,22377421,24068,16452537,5425,1450457,38584,3234750,59468,19345113,44662,22579863,
All CA Counties,2021-06-23,89908,40370323,63732,22441153,21021,16473558,5155,1455612,36790,3224700,52588,19397701,42538,22622401,
All CA Counties,2021-06-24,85206,40455529,59998,22501151,20441,16493999,4767,1460379,34313,3214013,50322,19448023,39635,22662036,
All CA Counties,2021-06-25,97370,40552899,69497,22570648,23346,16517345,4527,1464906,39647,3201607,57150,19505173,44744,22706780,
All CA Counties,2021-06-26,43985,40596884,32813,22603461,9103,16526448,2069,1466975,17061,3194243,26707,19531880,19343,22726123,
All CA and Non-CA Counties,2020-12-15,1164,1164,1164,1164,0,0,0,0,1164,1164,0,0,1164,1164,
All CA and Non-CA Counties,2020-12-16,8730,9894,8730,9894,0,0,0,0,8730,9894,0,0,8730,9894,
All CA and Non-CA Counties,2020-12-17,28127,38021,28127,38021,0,0,0,0,28127,38021,0,0,28127,38021,
All CA and Non-CA Counties,2020-12-18,47754,85775,47688,85709,66,66,0,0,47753,85773,1,1,47753,85774,
All CA and Non-CA Counties,2020-12-19,26533,112308,26506,112215,27,93,0,0,26532,112304,1,2,26532,112306,
All CA and Non-CA Counties,2020-12-20,19796,132104,19764,131979,32,125,0,0,19795,132098,1,3,19795,132101,
All CA and Non-CA Counties,2020-12-21,51953,184057,51858,183837,95,220,0,0,51950,184046,3,6,51951,184052,
All CA and Non-CA Counties,2020-12-22,52228,236285,50012,233849,2216,2436,0,0,52220,236260,6,12,52220,236272,
All CA and Non-CA Counties,2020-12-23,52260,288545,43299,277148,8961,11397,0,0,52253,288510,6,18,52256,288528,
All CA and Non-CA Counties,2020-12-24,24910,313455,16966,294114,7944,19341,0,0,24905,313412,5,23,24907,313435,
All CA and Non-CA Counties,2020-12-25,2384,315839,2054,296168,330,19671,0,0,2384,315796,0,23,2384,315819,
All CA and Non-CA Counties,2020-12-26,14941,330780,9680,305848,5261,24932,0,0,14939,330733,2,25,14939,330758,
All CA and Non-CA Counties,2020-12-27,9656,340436,5680,311528,3976,28908,0,0,9653,340383,3,28,9653,340411,
All CA and Non-CA Counties,2020-12-28,47586,388022,30500,342028,17086,45994,0,0,47582,387962,3,31,47582,387993,
All CA and Non-CA Counties,2020-12-29,52874,440896,29623,371651,23251,69245,0,0,52868,440826,4,35,52868,440861,
All CA and Non-CA Counties,2020-12-30,65057,505953,36917,408568,28140,97385,0,0,65045,505865,9,44,65048,505909,
All CA and Non-CA Counties,2020-12-31,30677,536630,11530,420098,19147,116532,0,0,30655,536502,19,63,30656,536565,
All CA and Non-CA Counties,2021-01-01,4707,541337,2107,422205,2600,119132,0,0,4699,541194,7,70,4699,541264,
All CA and Non-CA Counties,2021-01-02,18777,560114,10386,432591,8391,127523,0,0,18771,559962,3,73,18771,560035,
All CA and Non-CA Counties,2021-01-03,6370,566484,3598,436189,2772,130295,0,0,6336,566285,13,86,6336,566371,
All CA and Non-CA Counties,2021-01-04,44762,611246,22520,458709,22242,152537,0,0,44677,610921,41,127,44677,611048,
All CA and Non-CA Counties,2021-01-05,58257,669503,30721,489430,27536,180073,0,0,52404,657633,5790,5917,52502,663550,
All CA and Non-CA Counties,2021-01-06,76274,745777,42193,531623,34081,214154,0,0,59827,701236,16264,22181,59867,723417,
All CA and Non-CA Counties,2021-01-07,96736,842513,55260,586883,41476,255630,0,0,63563,731863,32996,55177,63623,787040,
All CA and Non-CA Counties,2021-01-08,111513,954026,67192,654075,44321,299951,0,0,67856,756285,43507,98684,67929,854969,
All CA and Non-CA Counties,2021-01-09,45807,999833,26132,680207,19675,319626,0,0,28848,768232,16932,115616,28879,883848,
All CA and Non-CA Counties,2021-01-10,24690,1024523,15082,695289,9608,329234,0,0,13304,770187,11368,126984,13323,897171,
All CA and Non-CA Counties,2021-01-11,108069,1132592,71720,767009,36349,365583,0,0,62749,787839,45273,172257,62925,960096,
All CA and Non-CA Counties,2021-01-12,117919,1250511,69915,836924,48004,413587,0,0,74790,819859,43019,215276,75039,1035135,
All CA and Non-CA Counties,2021-01-13,123267,1373778,63892,900816,59375,472962,0,0,88059,872895,35120,250396,88156,1123291,
All CA and Non-CA Counties,2021-01-14,127954,1501732,51117,951933,76837,549799,0,0,107525,960294,20312,270708,107711,1231002,
All CA and Non-CA Counties,2021-01-15,146639,1648371,53098,1005031,93541,643340,0,0,130885,1075766,15643,286351,131115,1362117,
All CA and Non-CA Counties,2021-01-16,83420,1731791,27845,1032876,55575,698915,0,0,75610,1143653,7779,294130,75666,1437783,
All CA and Non-CA Counties,2021-01-17,48831,1780622,17056,1049932,31775,730690,0,0,45098,1185073,3723,297853,45143,1482926,
All CA and Non-CA Counties,2021-01-18,89622,1870244,46954,1096886,42668,773358,0,0,69711,1235127,19837,317690,69891,1552817,
All CA and Non-CA Counties,2021-01-19,146519,2016763,75172,1172058,71347,844705,0,0,114308,1317658,32113,349803,114644,1667461,
All CA and Non-CA Counties,2021-01-20,165780,2182543,83756,1255814,82024,926729,0,0,130965,1414311,34584,384387,131237,1798698,
All CA and Non-CA Counties,2021-01-21,178696,2361239,78464,1334278,100232,1026961,0,0,158837,1553909,19616,404003,159214,1957912,
All CA and Non-CA Counties,2021-01-22,175163,2536402,70634,1404912,104529,1131490,0,0,160318,1699692,14696,418699,160479,2118391,
All CA and Non-CA Counties,2021-01-23,114270,2650672,49864,1454776,64406,1195896,0,0,101500,1788602,12710,431409,101620,2220011,
All CA and Non-CA Counties,2021-01-24,61766,2712438,29628,1484404,32138,1228034,0,0,56987,1840908,4746,436155,57052,2277063,
All CA and Non-CA Counties,2021-01-25,150131,2862569,67450,1551854,82681,1310715,0,0,113892,1919088,36095,472250,114275,2391338,
All CA and Non-CA Counties,2021-01-26,175599,3038168,86087,1637941,89512,1400227,0,0,136891,2017696,38569,510819,137177,2528515,
All CA and Non-CA Counties,2021-01-27,188131,3226299,90545,1728486,97586,1497813,0,0,147738,2125611,40046,550865,147961,2676476,
All CA and Non-CA Counties,2021-01-28,193928,3420227,89814,1818300,104114,1601927,0,0,158866,2249967,34753,585618,159109,2835585,
All CA and Non-CA Counties,2021-01-29,189302,3609529,91499,1909799,97803,1699730,0,0,153455,2368353,35254,620872,153640,2989225,
All CA and Non-CA Counties,2021-01-30,128922,3738451,58011,1967810,70911,1770641,0,0,113177,2466109,15572,636444,113328,3102553,
All CA and Non-CA Counties,2021-01-31,72399,3810850,41218,2009028,31181,1801822,0,0,67390,2528605,4954,641398,67450,3170003,
All CA and Non-CA Counties,2021-02-01,167827,3978677,78318,2087346,89509,1891331,0,0,126004,2613108,41633,683031,126136,3296139,
All CA and Non-CA Counties,2021-02-02,193047,4171724,80525,2167871,112522,2003853,0,0,147492,2715579,45249,728280,147720,3443859,
All CA and Non-CA Counties,2021-02-03,219514,4391238,98107,2265978,121407,2125260,0,0,163883,2824609,55114,783394,164144,3608003,
All CA and Non-CA Counties,2021-02-04,235912,4627150,102412,2368390,133500,2258760,0,0,173834,2937295,61518,844912,174204,3782207,
All CA and Non-CA Counties,2021-02-05,253847,4880997,108949,2477339,144898,2403658,0,0,173419,3031672,79594,924506,173971,3956178,
All CA and Non-CA Counties,2021-02-06,159478,5040475,77131,2554470,82347,2486005,0,0,124063,3121005,35230,959736,124563,4080741,
All CA and Non-CA Counties,2021-02-07,69216,5109691,45132,2599602,24084,2510089,0,0,52638,3157603,16494,976230,53092,4133833,
All CA and Non-CA Counties,2021-02-08,186754,5296445,92557,2692159,94197,2604286,0,0,123776,3219617,62516,1038746,124530,4258363,
All CA and Non-CA Counties,2021-02-09,216182,5512627,104229,2796388,111953,2716239,0,0,129778,3264653,85917,1124663,130953,4389316,
All CA and Non-CA Counties,2021-02-10,255577,5768204,122166,2918554,133411,2849650,0,0,141672,3294816,113039,1237702,143202,4532518,
All CA and Non-CA Counties,2021-02-11,271748,6039952,134225,3052779,137523,2987173,0,0,149016,3324135,121533,1359235,150852,4683370,
All CA and Non-CA Counties,2021-02-12,279488,6319440,122096,3174875,157392,3144565,0,0,151109,3350222,127432,1486667,153519,4836889,
All CA and Non-CA Counties,2021-02-13,170071,6489511,78588,3253463,91483,3236048,0,0,94240,3370999,75433,1562100,96210,4933099,
All CA and Non-CA Counties,2021-02-14,97206,6586717,48171,3301634,49035,3285083,0,0,52856,3381238,44166,1606266,54405,4987504,
All CA and Non-CA Counties,2021-02-15,145836,6732553,64415,3366049,81421,3366504,0,0,80363,3399680,65061,1671327,83503,5071007,
All CA and Non-CA Counties,2021-02-16,256614,6989167,121607,3487656,135007,3501511,0,0,136172,3418943,120032,1791359,139295,5210302,
All CA and Non-CA Counties,2021-02-17,266182,7255349,132577,3620233,133605,3635116,0,0,131069,3418736,134522,1925881,134315,5344617,
All CA and Non-CA Counties,2021-02-18,280944,7536293,146769,3767002,134175,3769291,0,0,134485,3411806,145665,2071546,138735,5483352,
All CA and Non-CA Counties,2021-02-19,260548,7796841,151779,3918781,108769,3878060,0,0,133522,3420946,126482,2198028,135622,5618974,
All CA and Non-CA Counties,2021-02-20,158043,7954884,101842,4020623,56201,3934261,0,0,86161,3437538,71579,2269607,88171,5707145,
All CA and Non-CA Counties,2021-02-21,86020,8040904,71475,4092098,14545,3948806,0,0,42672,3438688,43076,2312683,44226,5751371,
All CA and Non-CA Counties,2021-02-22,168983,8209887,113306,4205404,55677,4004483,0,0,84451,3440686,84184,2396867,86182,5837553,
All CA and Non-CA Counties,2021-02-23,233606,8443493,123746,4329150,109860,4114343,0,0,108215,3430210,124732,2521599,114256,5951809,
All CA and Non-CA Counties,2021-02-24,290946,8734439,147398,4476548,143548,4257891,0,0,137491,3422487,152787,2674386,145064,6096873,
All CA and Non-CA Counties,2021-02-25,330354,9064793,162987,4639535,167367,4425258,0,0,172401,3446313,157184,2831570,181010,6277883,
All CA and Non-CA Counties,2021-02-26,364964,9429757,170560,4810095,194404,4619662,0,0,202458,3494636,161454,2993024,209777,6487660,
All CA and Non-CA Counties,2021-02-27,259447,9689204,126325,4936420,133096,4752758,26,26,146183,3532688,112593,3105617,150645,6638305,
All CA and Non-CA Counties,2021-02-28,138201,9827405,82869,5019289,55318,4808076,14,40,80436,3558690,57297,3162914,83299,6721604,
All CA and Non-CA Counties,2021-03-01,250342,10077747,133718,5153007,116485,4924561,139,179,142627,3598677,106854,3269768,146841,6868445,
All CA and Non-CA Counties,2021-03-02,297446,10375193,149297,5302304,148118,5072679,31,210,177365,3663491,119497,3389265,184311,7052756,
All CA and Non-CA Counties,2021-03-03,343986,10719179,170472,5472776,173444,5246123,70,280,196844,3721347,146385,3535650,204241,7256997,
All CA and Non-CA Counties,2021-03-04,360596,11079775,181695,5654471,178796,5424919,105,385,210159,3789048,149621,3685271,217322,7474319,
All CA and Non-CA Counties,2021-03-05,346470,11426245,170357,5824828,174968,5599887,1145,1530,214972,3881820,130632,3815903,223404,7697723,
All CA and Non-CA Counties,2021-03-06,264813,11691058,135684,5960512,121113,5721000,8016,9546,164156,3958495,100214,3916117,176889,7874612,
All CA and Non-CA Counties,2021-03-07,129790,11820848,79745,6040257,45811,5766811,4234,13780,81324,3999465,48265,3964382,89235,7963847,
All CA and Non-CA Counties,2021-03-08,224571,12045419,110138,6150395,103680,5870491,10753,24533,147277,4085663,76830,4041212,163028,8126875,
All CA and Non-CA Counties,2021-03-09,298121,12343540,142685,6293080,139181,6009672,16255,40788,167076,4142539,130524,4171736,187400,8314275,
All CA and Non-CA Counties,2021-03-10,329015,12672555,163922,6457002,140073,6149745,25020,65808,178234,4199927,150052,4321788,207440,8521715,
All CA and Non-CA Counties,2021-03-11,385114,13057669,186712,6643714,164339,6314084,34063,99871,197608,4249316,186496,4508284,235885,8757600,
All CA and Non-CA Counties,2021-03-12,404001,13461670,181606,6825320,175326,6489410,47069,146940,198163,4293768,204951,4713235,249403,9007003,
All CA and Non-CA Counties,2021-03-13,288704,13750374,127570,6952890,129480,6618890,31654,178594,156320,4354074,131906,4845141,192212,9199215,
All CA and Non-CA Counties,2021-03-14,157059,13907433,84412,7037302,57188,6676078,15459,194053,79633,4374302,77117,4922258,97345,9296560,
All CA and Non-CA Counties,2021-03-15,296021,14203454,141829,7179131,133065,6809143,21127,215180,160737,4425093,134479,5056737,185270,9481830,
All CA and Non-CA Counties,2021-03-16,379575,14583029,179244,7358375,182526,6991669,17805,232985,219840,4507000,158939,5215676,240846,9722676,
All CA and Non-CA Counties,2021-03-17,395084,14978113,197257,7555632,178786,7170455,19041,252026,244581,4623556,149596,5365272,266152,9988828,
All CA and Non-CA Counties,2021-03-18,412893,15391006,212672,7768304,181326,7351781,18895,270921,244758,4722362,166967,5532239,265773,10254601,
All CA and Non-CA Counties,2021-03-19,420604,15811610,222064,7990368,176308,7528089,22232,293153,244115,4815310,175466,5707705,268414,10523015,
All CA and Non-CA Counties,2021-03-20,300637,16112247,158960,8149328,125664,7653753,16013,309166,190299,4913530,109595,5817300,207815,10730830,
All CA and Non-CA Counties,2021-03-21,146780,16259027,101605,8250933,37543,7691296,7632,316798,90457,4957094,55911,5873211,99475,10830305,
All CA and Non-CA Counties,2021-03-22,278780,16537807,162562,8413495,104888,7796184,11330,328128,181433,5056407,96501,5969712,195814,11026119,
All CA and Non-CA Counties,2021-03-23,366078,16903885,201719,8615214,152954,7949138,11405,339533,225107,5155568,139991,6109703,239152,11265271,
All CA and Non-CA Counties,2021-03-24,396508,17300393,226475,8841689,157040,8106178,12993,352526,230886,5237228,164313,6274016,245973,11511244,
All CA and Non-CA Counties,2021-03-25,427911,17728304,235076,9076765,177400,8283578,15435,367961,243424,5315150,183091,6457107,261013,11772257,
All CA and Non-CA Counties,2021-03-26,443139,18171443,236882,9313647,189950,8473528,16307,384268,239867,5372223,201956,6659063,259029,12031286,
All CA and Non-CA Counties,2021-03-27,319406,18490849,170053,9483700,137328,8610856,12025,396293,161206,5390400,157303,6816366,175480,12206766,
All CA and Non-CA Counties,2021-03-28,172832,18663681,110813,9594513,58266,8669122,3753,400046,90664,5405298,81684,6898050,96582,12303348,
All CA and Non-CA Counties,2021-03-29,316733,18980414,169854,9764367,137475,8806597,9404,409450,176134,5453592,139761,7037811,188055,12491403,
All CA and Non-CA Counties,2021-03-30,406991,19387405,206179,9970546,181982,8988579,18830,428280,228733,5525538,177402,7215213,249348,12740751,
All CA and Non-CA Counties,2021-03-31,434180,19821585,236304,10206850,175319,9163898,22557,450837,241164,5598387,191892,7407105,264741,13005492,
All CA and Non-CA Counties,2021-04-01,501671,20323256,257470,10464320,203075,9366973,41126,491963,276185,5692854,223965,7631070,318432,13323924,
All CA and Non-CA Counties,2021-04-02,484084,20807340,236385,10700705,203269,9570242,44430,536393,262325,5780775,220446,7851516,308367,13632291,
All CA and Non-CA Counties,2021-04-03,336888,21144228,172291,10872996,121883,9692125,42714,579107,167934,5824303,168246,8019762,211774,13844065,
All CA and Non-CA Counties,2021-04-04,134470,21278698,70091,10943087,45056,9737181,19323,598430,59034,5827688,75096,8094858,78481,13922546,
All CA and Non-CA Counties,2021-04-05,358667,21637365,184651,11127738,133441,9870622,40575,639005,176248,5865282,181664,8276522,219258,14141804,
All CA and Non-CA Counties,2021-04-06,466380,22103745,236558,11364296,162516,10033138,67306,706311,225376,5919861,239992,8516514,294571,14436375,
All CA and Non-CA Counties,2021-04-07,482489,22586234,251001,11615297,159606,10192744,71882,778193,233860,5978998,247595,8764109,306732,14743107,
All CA and Non-CA Counties,2021-04-08,509957,23096191,257498,11872795,165851,10358595,86608,864801,239210,6037522,269463,9033572,327987,15071094,
All CA and Non-CA Counties,2021-04-09,504759,23600950,251722,12124517,170937,10529532,82100,946901,231678,6082392,271916,9305488,316786,15387880,
All CA and Non-CA Counties,2021-04-10,374815,23975765,171711,12296228,126786,10656318,76318,1023219,156226,6099785,217772,9523260,235165,15623045,
All CA and Non-CA Counties,2021-04-11,190997,24166762,107266,12403494,48990,10705308,34741,1057960,79028,6104782,111590,9634850,116587,15739632,
All CA and Non-CA Counties,2021-04-12,346032,24512794,178014,12581508,129143,10834451,38875,1096835,159964,6122177,185005,9819855,202400,15942032,
All CA and Non-CA Counties,2021-04-13,441079,24953873,247432,12828940,192659,11027110,988,1097823,246129,6178517,193851,10013706,250191,16192223,
All CA and Non-CA Counties,2021-04-14,461014,25414887,258973,13087913,201745,11228855,296,1098119,240281,6204224,219446,10233152,245153,16437376,
All CA and Non-CA Counties,2021-04-15,502316,25917203,292956,13380869,209055,11437910,305,1098424,280774,6268343,219901,10453053,284020,16721396,
All CA and Non-CA Counties,2021-04-16,486649,26403852,273862,13654731,212467,11650377,320,1098744,259518,6304982,225694,10678747,262333,16983729,
All CA and Non-CA Counties,2021-04-17,351036,26754888,197204,13851935,153766,11804143,66,1098810,199855,6357897,150206,10828953,203121,17186850,
All CA and Non-CA Counties,2021-04-18,162838,26917726,104944,13956879,57875,11862018,19,1098829,83796,6366176,78571,10907524,86850,17273700,
All CA and Non-CA Counties,2021-04-19,327168,27244894,187670,14144549,139399,12001417,99,1098928,154887,6351832,171257,11078781,156913,17430613,
All CA and Non-CA Counties,2021-04-20,424072,27668966,228593,14373142,195397,12196814,82,1099010,209918,6352018,212961,11291742,213147,17643760,
All CA and Non-CA Counties,2021-04-21,445651,28114617,256416,14629558,188959,12385773,276,1099286,213782,6339140,230192,11521934,217314,17861074,
All CA and Non-CA Counties,2021-04-22,462332,28576949,265547,14895105,196704,12582477,81,1099367,205753,6293246,255046,11776980,209152,18070226,
All CA and Non-CA Counties,2021-04-23,454051,29031000,260447,15155552,193512,12775989,92,1099459,205772,6255779,246752,12023732,209285,18279511,
All CA and Non-CA Counties,2021-04-24,330640,29361640,208190,15363742,122261,12898250,189,1099648,167460,6264547,162180,12185912,170948,18450459,
All CA and Non-CA Counties,2021-04-25,152237,29513877,99981,15463723,52180,12950430,76,1099724,81710,6277755,70027,12255939,83235,18533694,
All CA and Non-CA Counties,2021-04-26,309277,29823154,179341,15643064,128355,13078785,1581,1101305,135301,6246323,172900,12428839,141468,18675162,
All CA and Non-CA Counties,2021-04-27,378849,30202003,209163,15852227,162672,13241457,7014,1108319,152915,6184788,224707,12653546,163172,18838334,
All CA and Non-CA Counties,2021-04-28,363958,30565961,209481,16061708,146143,13387600,8334,1116653,150346,6133507,212404,12865950,161123,18999457,
All CA and Non-CA Counties,2021-04-29,373394,30939355,216180,16277888,148840,13536440,8374,1125027,137810,6047341,234285,13100235,148119,19147576,
All CA and Non-CA Counties,2021-04-30,386060,31325415,222119,16500007,154556,13690996,9385,1134412,147407,5968943,237260,13337495,158862,19306438,
All CA and Non-CA Counties,2021-05-01,251714,31577129,160509,16660516,84696,13775692,6509,1140921,91608,5910122,159183,13496678,100362,19406800,
All CA and Non-CA Counties,2021-05-02,118877,31696006,82861,16743377,32009,13807701,4007,1144928,41773,5879618,76673,13573351,46169,19452969,
All CA and Non-CA Counties,2021-05-03,257021,31953027,157514,16900891,90453,13898154,9054,1153982,78749,5790986,177359,13750710,88727,19541696,
All CA and Non-CA Counties,2021-05-04,337339,32290366,207011,17107902,120068,14018222,10260,1164242,100021,5666303,236186,13986896,111503,19653199,
All CA and Non-CA Counties,2021-05-05,342323,32632689,214090,17321992,117786,14136008,10447,1174689,97327,5531416,243685,14230581,108798,19761997,
All CA and Non-CA Counties,2021-05-06,358917,32991606,235159,17557151,112867,14248875,10891,1185580,91578,5370785,265622,14496203,104991,19866988,
All CA and Non-CA Counties,2021-05-07,356769,33348375,223805,17780956,122694,14371569,10270,1195850,97461,5221923,257862,14754065,109000,19975988,
All CA and Non-CA Counties,2021-05-08,234631,33583006,150294,17931250,77144,14448713,7193,1203043,64690,5126340,168942,14923007,73359,20049347,
All CA and Non-CA Counties,2021-05-09,96736,33679742,73204,18004454,20432,14469145,3100,1206143,25766,5085029,70621,14993628,29310,20078657,
All CA and Non-CA Counties,2021-05-10,208114,33887856,119123,18123577,80800,14549945,8191,1214334,51671,4990618,155585,15149213,61174,20139831,
All CA and Non-CA Counties,2021-05-11,277069,34164925,157902,18281479,110208,14660153,8959,1223293,73772,4872855,202305,15351518,84542,20224373,
All CA and Non-CA Counties,2021-05-12,274639,34439564,159970,18441449,105225,14765378,9444,1232737,74329,4758570,199216,15550734,84931,20309304,
All CA and Non-CA Counties,2021-05-13,319568,34759132,206309,18647758,105635,14871013,7624,1240361,120546,4691568,197840,15748574,130838,20440142,
All CA and Non-CA Counties,2021-05-14,343404,35102536,220188,18867946,114070,14985083,9146,1249507,134251,4629190,207860,15956434,145482,20585624,
All CA and Non-CA Counties,2021-05-15,281487,35384023,196376,19064322,79005,15064088,6106,1255613,115770,4587252,164809,16121243,122871,20708495,
All CA and Non-CA Counties,2021-05-16,141591,35525614,109025,19173347,29545,15093633,3021,1258634,58140,4565842,82981,16204224,61571,20770066,
All CA and Non-CA Counties,2021-05-17,242958,35768572,159592,19332939,75709,15169342,7657,1266291,96345,4525014,145698,16349922,104870,20874936,
All CA and Non-CA Counties,2021-05-18,284504,36053076,173283,19506222,103499,15272841,7722,1274013,111259,4473297,172103,16522025,120386,20995322,
All CA and Non-CA Counties,2021-05-19,278006,36331082,173274,19679496,96904,15369745,7828,1281841,113960,4433219,162979,16685004,122901,21118223,
All CA and Non-CA Counties,2021-05-20,266246,36597328,159025,19838521,98848,15468593,8373,1290214,101663,4381376,163414,16848418,111571,21229794,
All CA and Non-CA Counties,2021-05-21,284875,36882203,174981,20013502,101690,15570283,8204,1298418,107611,4322452,175967,17024385,117043,21346837,
All CA and Non-CA Counties,2021-05-22,206504,37088707,136768,20150270,63329,15633612,6407,1304825,88305,4300893,117400,17141785,95841,21442678,
All CA and Non-CA Counties,2021-05-23,90440,37179147,63471,20213741,24200,15657812,2769,1307594,39093,4292223,50917,17192702,42247,21484925,
All CA and Non-CA Counties,2021-05-24,173111,37352258,101319,20315060,63143,15720955,8649,1316243,65731,4260904,106551,17299253,75232,21560157,
All CA and Non-CA Counties,2021-05-25,191534,37543792,112183,20427243,71017,15791972,8334,1324577,72612,4225083,117887,17417140,82066,21642223,
All CA and Non-CA Counties,2021-05-26,186534,37730326,107138,20534381,71207,15863179,8189,1332766,72510,4193583,112908,17530048,81408,21723631,
All CA and Non-CA Counties,2021-05-27,174042,37904368,99367,20633748,65899,15929078,8776,1341542,70204,4170653,102982,17633030,80052,21803683,
All CA and Non-CA Counties,2021-05-28,190662,38095030,109811,20743559,73415,16002493,7436,1348978,82269,4154061,107418,17740448,90826,21894509,
All CA and Non-CA Counties,2021-05-29,108096,38203126,66183,20809742,37779,16040272,4134,1353112,50404,4151941,57153,17797601,55033,21949542,
All CA and Non-CA Counties,2021-05-30,47706,38250832,31431,20841173,13701,16053973,2574,1355686,20906,4149077,26559,17824160,23695,21973237,
All CA and Non-CA Counties,2021-05-31,20163,38270995,11810,20852983,7342,16061315,1011,1356697,6597,4143397,13403,17837563,7723,21980960,
All CA and Non-CA Counties,2021-06-01,169940,38440935,99082,20952065,63530,16124845,7328,1364025,60497,4103653,108456,17946019,68712,22049672,
All CA and Non-CA Counties,2021-06-02,144235,38585170,85103,21037168,51715,16176560,7417,1371442,54652,4077701,88675,18034694,62723,22112395,
All CA and Non-CA Counties,2021-06-03,172451,38757621,117724,21154892,47416,16223976,7311,1378753,52810,4020031,118789,18153483,61119,22173514,
All CA and Non-CA Counties,2021-06-04,201223,38958844,141468,21296360,53319,16277295,6436,1385189,60590,3949302,139583,18293066,68854,22242368,
All CA and Non-CA Counties,2021-06-05,158059,39116903,119235,21415595,33108,16310403,5716,1390905,44377,3887436,112897,18405963,51031,22293399,
All CA and Non-CA Counties,2021-06-06,64368,39181271,54133,21469728,7944,16318347,2291,1393196,17357,3861159,46720,18452683,20443,22313842,
All CA and Non-CA Counties,2021-06-07,137854,39319125,100836,21570564,30833,16349180,6185,1399381,40821,3812441,96428,18549111,47710,22361552,
All CA and Non-CA Counties,2021-06-08,159615,39478740,115602,21686166,36940,16386120,7073,1406454,47570,3756965,111143,18660254,55667,22417219,
All CA and Non-CA Counties,2021-06-09,153577,39632317,111589,21797755,34988,16421108,7000,1413454,42813,3697729,109960,18770214,50724,22467943,
All CA and Non-CA Counties,2021-06-10,147945,39780262,106331,21904086,34035,16455143,7579,1421033,43650,3646422,103575,18873789,52268,22520211,
All CA and Non-CA Counties,2021-06-11,160350,39940612,112419,22016505,40934,16496077,6997,1428030,50055,3594978,109394,18983183,57950,22578161,
All CA and Non-CA Counties,2021-06-12,115957,40056569,87856,22104361,24286,16520363,3815,1431845,33322,3550684,82083,19065266,37789,22615950,
All CA and Non-CA Counties,2021-06-13,45344,40101913,33711,22138072,9496,16529859,2137,1433982,11440,3530991,33663,19098929,13970,22629920,
All CA and Non-CA Counties,2021-06-14,116506,40218419,82557,22220629,26926,16556785,7023,1441005,38520,3499753,77387,19176316,46149,22676069,
All CA and Non-CA Counties,2021-06-15,132934,40351353,89627,22310256,34323,16591108,8984,1449989,44705,3466929,87393,19263709,54569,22730638,
All CA and Non-CA Counties,2021-06-16,121774,40473127,85607,22395863,28317,16619425,7850,1457839,42188,3438867,78840,19342549,50778,22781416,
All CA and Non-CA Counties,2021-06-17,114184,40587311,79174,22475037,27270,16646695,7740,1465579,40662,3415105,72788,19415337,49026,22830442,
All CA and Non-CA Counties,2021-06-18,128276,40715587,88798,22563835,31994,16678689,7484,1473063,46259,3388447,81149,19496486,54491,22884933,
All CA and Non-CA Counties,2021-06-19,76258,40791845,55543,22619378,16900,16695589,3815,1476878,28685,3374510,46943,19543429,33006,22917939,
All CA and Non-CA Counties,2021-06-20,31325,40823170,23559,22642937,6370,16701959,1396,1478274,11965,3368936,19147,19562576,13573,22931512,
All CA and Non-CA Counties,2021-06-21,71392,40894562,44764,22687701,20670,16722629,5958,1484232,36836,3378074,34172,19596748,43310,22974822,
All CA and Non-CA Counties,2021-06-22,100248,40994810,70170,22757871,24417,16747046,5661,1489893,39466,3363653,60201,19656949,45780,23020602,
All CA and Non-CA Counties,2021-06-23,91520,41086330,64603,22822474,21446,16768492,5471,1495364,37560,3353852,53423,19710372,43622,23064224,
All CA and Non-CA Counties,2021-06-24,86640,41172970,60843,22883317,20778,16789270,5019,1500383,35070,3343497,50998,19761370,40643,23104867,
All CA and Non-CA Counties,2021-06-25,99034,41272004,70444,22953761,23721,16812991,4869,1505252,40458,3331394,57998,19819368,45895,23150762,
All CA and Non-CA Counties,2021-06-26,44812,41316816,33321,22987082,9284,16822275,2207,1507459,17452,3324126,27140,19846508,19872,23170634,
Outside California,2020-12-15,9,9,9,9,0,0,0,0,9,9,0,0,9,9,Not in California
Outside California,2020-12-16,273,282,273,282,0,0,0,0,273,282,0,0,273,282,Not in California
Outside California,2020-12-17,1606,1888,1606,1888,0,0,0,0,1606,1888,0,0,1606,1888,Not in California
Outside California,2020-12-18,2532,4420,2525,4413,7,7,0,0,2532,4420,0,0,2532,4420,Not in California
Outside California,2020-12-19,1035,5455,1034,5447,1,8,0,0,1035,5455,0,0,1035,5455,Not in California
Outside California,2020-12-20,677,6132,674,6121,3,11,0,0,677,6132,0,0,677,6132,Not in California
Outside California,2020-12-21,2172,8304,2169,8290,3,14,0,0,2172,8304,0,0,2172,8304,Not in California
Outside California,2020-12-22,2062,10366,1987,10277,75,89,0,0,2062,10366,0,0,2062,10366,Not in California
Outside California,2020-12-23,1528,11894,1385,11662,143,232,0,0,1527,11892,1,1,1527,11893,Not in California
Outside California,2020-12-24,801,12695,611,12273,190,422,0,0,801,12693,0,1,801,12694,Not in California
Outside California,2020-12-25,34,12729,29,12302,5,427,0,0,34,12727,0,1,34,12728,Not in California
Outside California,2020-12-26,307,13036,207,12509,100,527,0,0,307,13034,0,1,307,13035,Not in California
Outside California,2020-12-27,189,13225,72,12581,117,644,0,0,189,13223,0,1,189,13224,Not in California
Outside California,2020-12-28,1407,14632,898,13479,509,1153,0,0,1407,14630,0,1,1407,14631,Not in California
Outside California,2020-12-29,1540,16172,1018,14497,522,1675,0,0,1540,16170,0,1,1540,16171,Not in California
Outside California,2020-12-30,1876,18048,1223,15720,653,2328,0,0,1876,18046,0,1,1876,18047,Not in California
Outside California,2020-12-31,1098,19146,596,16316,502,2830,0,0,1097,19142,1,2,1097,19144,Not in California
Outside California,2021-01-01,115,19261,26,16342,89,2919,0,0,115,19257,0,2,115,19259,Not in California
Outside California,2021-01-02,246,19507,134,16476,112,3031,0,0,245,19501,1,3,245,19504,Not in California
Outside California,2021-01-03,171,19678,92,16568,79,3110,0,0,171,19672,0,3,171,19675,Not in California
Outside California,2021-01-04,1140,20818,508,17076,632,3742,0,0,1135,20806,1,4,1135,20810,Not in California
Outside California,2021-01-05,1548,22366,821,17897,727,4469,0,0,1354,21969,192,196,1355,22165,Not in California
Outside California,2021-01-06,2668,25034,1580,19477,1088,5557,0,0,1936,23176,729,925,1936,24101,Not in California
Outside California,2021-01-07,4120,29154,2531,22008,1589,7146,0,0,2466,23992,1652,2577,2468,26569,Not in California
Outside California,2021-01-08,4477,33631,2903,24911,1574,8720,0,0,2612,24752,1855,4432,2615,29184,Not in California
Outside California,2021-01-09,1309,34940,534,25445,775,9495,0,0,981,25408,327,4759,983,30167,Not in California
Outside California,2021-01-10,311,35251,188,25633,123,9618,0,0,189,25475,122,4881,189,30356,Not in California
Outside California,2021-01-11,3257,38508,1995,27628,1262,10880,0,0,1929,26076,1328,6209,1929,32285,Not in California
Outside California,2021-01-12,3828,42336,2296,29924,1532,12412,0,0,2286,26827,1538,7747,2289,34574,Not in California
Outside California,2021-01-13,3646,45982,1796,31720,1850,14262,0,0,2466,28118,1179,8926,2470,37044,Not in California
Outside California,2021-01-14,3641,49623,1263,32983,2378,16640,0,0,2995,30483,633,9559,2998,40042,Not in California
Outside California,2021-01-15,4185,53808,995,33978,3190,19830,0,0,3707,33725,465,10024,3707,43749,Not in California
Outside California,2021-01-16,2649,56457,388,34366,2261,22091,0,0,2474,36026,173,10197,2474,46223,Not in California
Outside California,2021-01-17,503,56960,151,34517,352,22443,0,0,454,36431,49,10246,454,46677,Not in California
Outside California,2021-01-18,1202,58162,770,35287,432,22875,0,0,742,36715,459,10705,743,47420,Not in California
Outside California,2021-01-19,4091,62253,1336,36623,2755,25630,0,0,3193,39013,898,11603,3196,50616,Not in California
Outside California,2021-01-20,4432,66685,1425,38048,3007,28637,0,0,3487,41560,941,12544,3488,54104,Not in California
Outside California,2021-01-21,4227,70912,1160,39208,3067,31704,0,0,3649,44647,562,13106,3649,57753,Not in California
Outside California,2021-01-22,4609,75521,1094,40302,3515,35219,0,0,4202,48449,402,13508,4204,61957,Not in California
Outside California,2021-01-23,2271,77792,346,40648,1925,37144,0,0,2104,50386,167,13675,2104,64061,Not in California
Outside California,2021-01-24,607,78399,247,40895,360,37504,0,0,526,50831,81,13756,526,64587,Not in California
Outside California,2021-01-25,4524,82923,1974,42869,2550,40054,0,0,3658,53630,861,14617,3660,68247,Not in California
Outside California,2021-01-26,6047,88970,2945,45814,3102,43156,0,0,5188,57967,858,15475,5195,73442,Not in California
Outside California,2021-01-27,5135,94105,2741,48555,2394,45550,0,0,4503,61845,627,16102,4505,77947,Not in California
Outside California,2021-01-28,5262,99367,2838,51393,2424,47974,0,0,4721,66035,531,16633,4721,82668,Not in California
Outside California,2021-01-29,4883,104250,3053,54446,1830,49804,0,0,4071,69305,804,17437,4074,86742,Not in California
Outside California,2021-01-30,4438,108688,2425,56871,2013,51817,0,0,4206,73282,230,17667,4207,90949,Not in California
Outside California,2021-01-31,3132,111820,2708,59579,424,52241,0,0,3075,76302,56,17723,3076,94025,Not in California
Outside California,2021-02-01,5587,117407,2586,62165,3001,55242,0,0,4873,80469,706,18429,4873,98898,Not in California
Outside California,2021-02-02,6797,124204,2150,64315,4647,59889,0,0,6070,85822,717,19146,6070,104968,Not in California
Outside California,2021-02-03,7441,131645,2091,66406,5350,65239,0,0,6562,91514,871,20017,6563,111531,Not in California
Outside California,2021-02-04,6902,138547,2176,68582,4726,69965,0,0,5875,96375,1015,21032,5876,117407,Not in California
Outside California,2021-02-05,6801,145348,2223,70805,4578,74543,0,0,5711,101003,1083,22115,5711,123118,Not in California
Outside California,2021-02-06,4409,149757,2139,72944,2270,76813,0,0,3941,104488,459,22574,3944,127062,Not in California
Outside California,2021-02-07,2224,151981,1829,74773,395,77208,0,0,2138,106543,85,22659,2140,129202,Not in California
Outside California,2021-02-08,5299,157280,3336,78109,1963,79171,0,0,4245,109745,1043,23702,4245,133447,Not in California
Outside California,2021-02-09,4284,161564,1913,80022,2371,81542,0,0,2969,111424,1304,25006,2983,136430,Not in California
Outside California,2021-02-10,5664,167228,1949,81971,3715,85257,0,0,3197,112205,2457,27463,3238,139668,Not in California
Outside California,2021-02-11,4890,172118,2274,84245,2616,87873,0,0,3548,114442,1329,28792,3566,143234,Not in California
Outside California,2021-02-12,5298,177416,1967,86212,3331,91204,0,0,3443,116047,1842,30634,3447,146681,Not in California
Outside California,2021-02-13,2417,179833,734,86946,1683,92887,0,0,1840,117323,576,31210,1852,148533,Not in California
Outside California,2021-02-14,1358,181191,422,87368,936,93823,0,0,1109,118189,245,31455,1111,149644,Not in California
Outside California,2021-02-15,2640,183831,1611,88979,1029,94852,0,0,1269,118107,1354,32809,1272,150916,Not in California
Outside California,2021-02-16,6471,190302,2916,91895,3555,98407,0,0,2591,116835,3869,36678,2597,153513,Not in California
Outside California,2021-02-17,5997,196299,3031,94926,2966,101373,0,0,1841,114532,4149,40827,1846,155359,Not in California
Outside California,2021-02-18,6595,202894,3784,98710,2811,104184,0,0,2090,112145,4478,45305,2091,157450,Not in California
Outside California,2021-02-19,5850,208744,4049,102759,1801,105985,0,0,2461,111227,3381,48686,2463,159913,Not in California
Outside California,2021-02-20,3513,212257,2855,105614,658,106643,0,0,1272,110264,2236,50922,1273,161186,Not in California
Outside California,2021-02-21,2863,215120,2639,108253,224,106867,0,0,890,109187,1967,52889,890,162076,Not in California
Outside California,2021-02-22,3502,218622,2562,110815,940,107807,0,0,1642,108978,1856,54745,1647,163723,Not in California
Outside California,2021-02-23,6007,224629,3361,114176,2646,110453,0,0,2340,107673,3659,58404,2354,166077,Not in California
Outside California,2021-02-24,6418,231047,3536,117712,2882,113335,0,0,2451,106170,3959,62363,2456,168533,Not in California
Outside California,2021-02-25,6923,237970,3502,121214,3421,116756,0,0,3065,105417,3825,66188,3072,171605,Not in California
Outside California,2021-02-26,6880,244850,3624,124838,3256,120012,0,0,3110,104845,3684,69872,3112,174717,Not in California
Outside California,2021-02-27,5471,250321,2754,127592,2716,122728,1,1,1881,103151,3579,73451,1885,176602,Not in California
Outside California,2021-02-28,2437,252758,1765,129357,671,123399,1,2,801,102322,1633,75084,804,177406,Not in California
Outside California,2021-03-01,4979,257737,3156,132513,1822,125221,1,3,1363,100086,3605,78689,1369,178775,Not in California
Outside California,2021-03-02,6732,264469,2487,135000,4245,129466,0,3,2065,97500,4653,83342,2067,180842,Not in California
Outside California,2021-03-03,7941,272410,3124,138124,4815,134281,2,5,2688,94955,5238,88580,2693,183535,Not in California
Outside California,2021-03-04,6835,279245,2911,141035,3918,138199,6,11,2321,92788,4496,93076,2329,185864,Not in California
Outside California,2021-03-05,5280,284525,2669,143704,2597,140796,14,25,2731,93004,2537,95613,2753,188617,Not in California
Outside California,2021-03-06,4605,289130,2140,145844,2309,143105,156,181,2334,93235,2268,97881,2499,191116,Not in California
Outside California,2021-03-07,1602,290732,1027,146871,519,143624,56,237,974,93640,627,98508,1032,192148,Not in California
Outside California,2021-03-08,3132,293864,1858,148729,1026,144650,248,485,2214,95221,889,99397,2470,194618,Not in California
Outside California,2021-03-09,4707,298571,2420,151149,1973,146623,314,799,2782,96396,1921,101318,3096,197714,Not in California
Outside California,2021-03-10,4406,302977,2106,153255,1788,148411,512,1311,2716,97950,1681,102999,3235,200949,Not in California
Outside California,2021-03-11,6167,309144,3156,156411,2333,150744,678,1989,3305,99077,2856,105855,3983,204932,Not in California
Outside California,2021-03-12,6468,315612,3886,160297,1858,152602,724,2713,3557,100457,2901,108756,4281,209213,Not in California
Outside California,2021-03-13,3806,319418,2202,162499,1133,153735,471,3184,2581,102295,1216,109972,3054,212267,Not in California
Outside California,2021-03-14,1799,321217,925,163424,533,154268,341,3525,983,102804,816,110788,1325,213592,Not in California
Outside California,2021-03-15,4038,325255,2117,165541,1451,155719,470,3995,2150,103547,1881,112669,2624,216216,Not in California
Outside California,2021-03-16,7517,332772,4368,169909,2759,158478,390,4385,4182,104783,3332,116001,4568,220784,Not in California
Outside California,2021-03-17,8432,341204,5456,175365,2594,161072,382,4767,5054,106848,3372,119373,5437,226221,Not in California
Outside California,2021-03-18,8312,349516,5127,180492,2640,163712,545,5312,4798,108687,3504,122877,5343,231564,Not in California
Outside California,2021-03-19,7312,356828,4335,184827,2434,166146,543,5855,4375,110679,2930,125807,4922,236486,Not in California
Outside California,2021-03-20,4746,361574,3131,187958,1526,167672,89,5944,3631,113295,1105,126912,3721,240207,Not in California
Outside California,2021-03-21,2090,363664,1433,189391,569,168241,88,6032,1670,114636,417,127329,1758,241965,Not in California
Outside California,2021-03-22,3267,366931,1976,191367,1202,169443,89,6121,2244,115951,1017,128346,2332,244297,Not in California
Outside California,2021-03-23,6077,373008,3097,194464,2677,172120,303,6424,4119,118430,1944,130290,4423,248720,Not in California
Outside California,2021-03-24,7321,380329,3751,198215,3121,175241,449,6873,5038,121639,2276,132566,5485,254205,Not in California
Outside California,2021-03-25,8254,388583,3830,202045,3898,179139,526,7399,5985,125895,2256,134822,6512,260717,Not in California
Outside California,2021-03-26,6672,395255,3525,205570,2970,182109,177,7576,4397,128218,2250,137072,4573,265290,Not in California
Outside California,2021-03-27,5539,400794,3103,208673,2220,184329,216,7792,3477,129856,2052,139124,3690,268980,Not in California
Outside California,2021-03-28,3076,403870,1645,210318,1270,185599,161,7953,1980,130907,1090,140214,2141,271121,Not in California
Outside California,2021-03-29,5184,409054,2299,212617,2540,188139,345,8298,2964,132001,2215,142429,3309,274430,Not in California
Outside California,2021-03-30,6882,415936,3617,216234,2697,190836,568,8866,4066,133837,2805,145234,4641,279071,Not in California
Outside California,2021-03-31,6331,422267,3773,220007,1779,192615,779,9645,3360,135008,2964,148198,4135,283206,Not in California
Outside California,2021-04-01,7581,429848,4549,224556,2378,194993,654,10299,4395,136870,3178,151376,5040,288246,Not in California
Outside California,2021-04-02,8450,438298,4493,229049,2817,197810,1140,11439,4371,138306,4070,155446,5506,293752,Not in California
Outside California,2021-04-03,6294,444592,3772,232821,1361,199171,1161,12600,3349,139881,2935,158381,4510,298262,Not in California
Outside California,2021-04-04,1783,446375,880,233701,664,199835,239,12839,972,140280,810,159191,1209,299471,Not in California
Outside California,2021-04-05,4145,450520,2009,235710,1468,201303,668,13507,1981,140769,2158,161349,2647,302118,Not in California
Outside California,2021-04-06,7147,457667,3834,239544,1669,202972,1644,15151,2850,140978,4281,165630,4490,306608,Not in California
Outside California,2021-04-07,8215,465882,4605,244149,1908,204880,1702,16853,3188,140842,5017,170647,4881,311489,Not in California
Outside California,2021-04-08,8261,474143,4345,248494,1977,206857,1939,18792,3299,141115,4951,175598,5224,316713,Not in California
Outside California,2021-04-09,7562,481705,3866,252360,1727,208584,1969,20761,2894,141319,4655,180253,4859,321572,Not in California
Outside California,2021-04-10,6096,487801,2984,255344,1251,209835,1861,22622,1672,140427,4414,184667,3522,325094,Not in California
Outside California,2021-04-11,2857,490658,1559,256903,653,210488,645,23267,967,140150,1887,186554,1610,326704,Not in California
Outside California,2021-04-12,4176,494834,2336,259239,1281,211769,559,23826,1860,140263,2307,188861,2420,329124,Not in California
Outside California,2021-04-13,5830,500664,3727,262966,2079,213848,24,23850,3018,140499,2806,191667,3042,332166,Not in California
Outside California,2021-04-14,5474,506138,3517,266483,1953,215801,4,23854,3023,141082,2444,194111,3027,335193,Not in California
Outside California,2021-04-15,6171,512309,3892,270375,2273,218074,6,23860,3321,141612,2798,196909,3328,338521,Not in California
Outside California,2021-04-16,5940,518249,3403,273778,2530,220604,7,23867,3317,142329,2610,199519,3327,341848,Not in California
Outside California,2021-04-17,5528,523777,3479,277257,2048,222652,1,23868,3200,143214,2316,201835,3201,345049,Not in California
Outside California,2021-04-18,2176,525953,1247,278504,928,223580,1,23869,1060,143167,1110,202945,1063,346112,Not in California
Outside California,2021-04-19,4173,530126,2003,280507,2169,225749,1,23870,2151,143312,2011,204956,2156,348268,Not in California
Outside California,2021-04-20,5479,535605,2540,283047,2939,228688,0,23870,2268,142379,3201,208157,2268,350536,Not in California
Outside California,2021-04-21,6607,542212,2856,285903,3746,232434,5,23875,2420,140639,4166,212323,2426,352962,Not in California
Outside California,2021-04-22,6924,549136,3571,289474,3351,235785,2,23877,2564,138859,4347,216670,2567,355529,Not in California
Outside California,2021-04-23,5957,555093,3060,292534,2896,238681,1,23878,2475,137873,3465,220135,2479,358008,Not in California
Outside California,2021-04-24,4675,559768,3050,295584,1620,240301,5,23883,1881,136975,2787,222922,1889,359897,Not in California
Outside California,2021-04-25,2217,561985,1249,296833,967,241268,1,23884,1170,137106,1043,223965,1174,361071,Not in California
Outside California,2021-04-26,4187,566172,1876,298709,2284,243552,27,23911,1908,136771,2270,226235,1935,363006,Not in California
Outside California,2021-04-27,5743,571915,2152,300861,3219,246771,372,24283,2014,135447,3719,229954,2395,365401,Not in California
Outside California,2021-04-28,4936,576851,2129,302990,2411,249182,396,24679,1958,134834,2963,232917,2350,367751,Not in California
Outside California,2021-04-29,4934,581785,2322,305312,2178,251360,434,25113,1882,134122,3029,235946,2317,370068,Not in California
Outside California,2021-04-30,4960,586745,2412,307724,2123,253483,425,25538,1889,133382,3057,239003,2317,372385,Not in California
Outside California,2021-05-01,3184,589929,1836,309560,918,254401,430,25968,1305,133249,1868,240871,1735,374120,Not in California
Outside California,2021-05-02,1849,591778,1084,310644,642,255043,123,26091,826,133178,1020,241891,949,375069,Not in California
Outside California,2021-05-03,2898,594676,1576,312220,1038,256081,284,26375,1122,132813,1771,243662,1406,376475,Not in California
Outside California,2021-05-04,3986,598662,2157,314377,1391,257472,438,26813,1330,131932,2647,246309,1766,378241,Not in California
Outside California,2021-05-05,4484,603146,2521,316898,1592,259064,371,27184,1620,131070,2856,249165,1994,380235,Not in California
Outside California,2021-05-06,4519,607665,2785,319683,1396,260460,338,27522,1586,130067,2927,252092,1924,382159,Not in California
Outside California,2021-05-07,4663,612328,2703,322386,1576,262036,384,27906,1614,129030,3035,255127,1998,384157,Not in California
Outside California,2021-05-08,3274,615602,2216,324602,808,262844,250,28156,1093,128202,2172,257299,1344,385501,Not in California
Outside California,2021-05-09,1391,616993,932,325534,337,263181,122,28278,580,128096,806,258105,700,386201,Not in California
Outside California,2021-05-10,2582,619575,1190,326724,1062,264243,330,28608,923,127699,1652,259757,1255,387456,Not in California
Outside California,2021-05-11,3078,622653,1504,328228,1272,265515,302,28910,1164,127257,1912,261669,1470,388926,Not in California
Outside California,2021-05-12,3224,625877,1562,329790,1336,266851,326,29236,1253,126869,1966,263635,1578,390504,Not in California
Outside California,2021-05-13,3201,629078,1864,331654,1129,267980,208,29444,1391,126664,1804,265439,1599,392103,Not in California
Outside California,2021-05-14,3557,632635,2004,333658,1317,269297,236,29680,1583,126520,1966,267405,1822,393925,Not in California
Outside California,2021-05-15,2636,635271,1551,335209,942,270239,143,29823,1131,126299,1497,268902,1276,395201,Not in California
Outside California,2021-05-16,1659,636930,1069,336278,521,270760,69,29892,761,126235,895,269797,831,396032,Not in California
Outside California,2021-05-17,3054,639984,1623,337901,1195,271955,236,30128,1301,126022,1749,271546,1536,397568,Not in California
Outside California,2021-05-18,3233,643217,1632,339533,1282,273237,319,30447,1437,125998,1783,273329,1759,399327,Not in California
Outside California,2021-05-19,3329,646546,1663,341196,1398,274635,268,30715,1438,125820,1883,275212,1705,401032,Not in California
Outside California,2021-05-20,3139,649685,1735,342931,1155,275790,249,30964,1402,125746,1727,276939,1653,402685,Not in California
Outside California,2021-05-21,3186,652871,1776,344707,1161,276951,249,31213,1352,125526,1821,278760,1601,404286,Not in California
Outside California,2021-05-22,2776,655647,1815,346522,759,277710,202,31415,1492,125944,1277,280037,1695,405981,Not in California
Outside California,2021-05-23,1549,657196,1011,347533,460,278170,78,31493,785,126045,763,280800,864,406845,Not in California
Outside California,2021-05-24,2400,659596,1143,348676,911,279081,346,31839,1049,126098,1342,282142,1395,408240,Not in California
Outside California,2021-05-25,2353,661949,1089,349765,932,280013,332,32171,994,126070,1351,283493,1323,409563,Not in California
Outside California,2021-05-26,2374,664323,1093,350858,925,280938,356,32527,986,126033,1380,284873,1343,410906,Not in California
Outside California,2021-05-27,2161,666484,1069,351927,805,281743,287,32814,976,126114,1180,286053,1261,412167,Not in California
Outside California,2021-05-28,2422,668906,1210,353137,862,282605,350,33164,1092,126234,1323,287376,1443,413610,Not in California
Outside California,2021-05-29,1646,670552,824,353961,467,283072,355,33519,686,126319,956,288332,1041,414651,Not in California
Outside California,2021-05-30,911,671463,555,354516,232,283304,124,33643,447,126430,460,288792,571,415222,Not in California
Outside California,2021-05-31,421,671884,184,354700,197,283501,40,33683,178,126417,231,289023,218,415440,Not in California
Outside California,2021-06-01,2131,674015,1117,355817,712,284213,302,33985,1009,126610,1118,290141,1311,416751,Not in California
Outside California,2021-06-02,2015,676030,996,356813,672,284885,347,34332,919,126790,1086,291227,1266,418017,Not in California
Outside California,2021-06-03,2134,678164,1169,357982,653,285538,312,34644,960,126894,1167,292394,1271,419288,Not in California
Outside California,2021-06-04,2522,680686,1401,359383,804,286342,317,34961,1085,126864,1431,293825,1401,420689,Not in California
Outside California,2021-06-05,1695,682381,1182,360565,351,286693,162,35123,766,126868,925,294750,929,421618,Not in California
Outside California,2021-06-06,927,683308,697,361262,149,286842,81,35204,441,126906,484,295234,522,422140,Not in California
Outside California,2021-06-07,1918,685226,1039,362301,550,287392,329,35533,802,126921,1115,296349,1130,423270,Not in California
Outside California,2021-06-08,2063,687289,1178,363479,543,287935,342,35875,793,126790,1265,297614,1134,424404,Not in California
Outside California,2021-06-09,1958,689247,1175,364654,499,288434,284,36159,801,126723,1151,298765,1084,425488,Not in California
Outside California,2021-06-10,1930,691177,1117,365771,506,288940,307,36466,821,126748,1104,299869,1129,426617,Not in California
Outside California,2021-06-11,2161,693338,1243,367014,591,289531,327,36793,919,126760,1235,301104,1247,427864,Not in California
Outside California,2021-06-12,1602,694940,1197,368211,280,289811,125,36918,627,126544,970,302074,754,428618,Not in California
Outside California,2021-06-13,939,695879,642,368853,198,290009,99,37017,412,126532,523,302597,511,429129,Not in California
Outside California,2021-06-14,1733,697612,970,369823,469,290478,294,37311,724,126545,1003,303600,1016,430145,Not in California
Outside California,2021-06-15,1703,699315,939,370762,495,290973,269,37580,761,126639,936,304536,1030,431175,Not in California
Outside California,2021-06-16,1651,700966,979,371741,453,291426,219,37799,798,126811,845,305381,1017,432192,Not in California
Outside California,2021-06-17,1793,702759,995,372736,463,291889,335,38134,808,126971,983,306364,1143,433335,Not in California
Outside California,2021-06-18,1914,704673,1041,373777,427,292316,446,38580,821,127150,1087,307451,1266,434601,Not in California
Outside California,2021-06-19,1031,705704,683,374460,257,292573,91,38671,541,127295,486,307937,631,435232,Not in California
Outside California,2021-06-20,767,706471,556,375016,165,292738,46,38717,460,127497,304,308241,506,435738,Not in California
Outside California,2021-06-21,1252,707723,624,375640,322,293060,306,39023,681,127919,565,308806,987,436725,Not in California
Outside California,2021-06-22,1599,709322,1020,376660,343,293403,236,39259,867,128295,727,309533,1103,437828,Not in California
Outside California,2021-06-23,1601,710923,865,377525,421,293824,315,39574,762,128538,832,310365,1075,438903,Not in California
Outside California,2021-06-24,1421,712344,839,378364,331,294155,251,39825,749,128866,671,311036,999,439902,Not in California
Outside California,2021-06-25,1651,713995,935,379299,374,294529,342,40167,803,129165,844,311880,1143,441045,Not in California
Outside California,2021-06-26,822,714817,503,379802,181,294710,138,40305,389,129262,430,312310,527,441572,Not in California
Unknown,2020-12-17,2,2,2,2,0,0,0,0,0,0,0,0,0,0,Not in California
Unknown,2020-12-18,1,3,1,3,0,0,0,0,0,0,0,0,0,0,Not in California
Unknown,2020-12-21,4,7,4,7,0,0,0,0,0,0,0,0,0,0,Not in California
Unknown,2020-12-28,4,11,4,11,0,0,0,0,3,3,0,0,3,3,Not in California
Unknown,2020-12-29,5,16,4,15,1,1,0,0,6,9,0,0,6,9,Not in California
Unknown,2020-12-30,54,70,54,69,0,1,0,0,54,63,0,0,54,63,Not in California
Unknown,2020-12-31,1,71,0,69,1,2,0,0,0,63,0,0,0,63,Not in California
Unknown,2021-01-02,1,72,0,69,1,3,0,0,1,64,0,0,1,64,Not in California
Unknown,2021-01-04,3,75,3,72,0,3,0,0,2,66,0,0,2,66,Not in California
Unknown,2021-01-06,4,79,2,74,2,5,0,0,4,70,0,0,4,70,Not in California
Unknown,2021-01-07,69,148,68,142,1,6,0,0,68,138,0,0,68,138,Not in California
Unknown,2021-01-08,1,149,0,142,1,7,0,0,2,140,0,0,2,140,Not in California
Unknown,2021-01-09,2,151,2,144,0,7,0,0,3,143,0,0,3,143,Not in California
Unknown,2021-01-11,20,171,20,164,0,7,0,0,20,163,0,0,20,163,Not in California
Unknown,2021-01-12,12,183,11,175,1,8,0,0,10,173,1,1,11,174,Not in California
Unknown,2021-01-13,11,194,11,186,0,8,0,0,12,185,0,1,12,186,Not in California
Unknown,2021-01-14,3,197,3,189,0,8,0,0,3,188,0,1,3,189,Not in California
Unknown,2021-01-15,7,204,6,195,1,9,0,0,7,195,0,1,7,196,Not in California
Unknown,2021-01-16,6,210,6,201,0,9,0,0,6,201,0,1,6,202,Not in California
Unknown,2021-01-17,4,214,4,205,0,9,0,0,4,205,0,1,4,206,Not in California
Unknown,2021-01-18,55,269,55,260,0,9,0,0,53,256,2,3,53,259,Not in California
Unknown,2021-01-19,24,293,24,284,0,9,0,0,20,273,3,6,20,279,Not in California
Unknown,2021-01-20,79,372,79,363,0,9,0,0,28,249,52,58,28,307,Not in California
Unknown,2021-01-21,54,426,52,415,2,11,0,0,55,303,1,59,55,362,Not in California
Unknown,2021-01-22,35,461,31,446,4,15,0,0,35,338,0,59,35,397,Not in California
Unknown,2021-01-23,12,473,7,453,5,20,0,0,12,350,0,59,12,409,Not in California
Unknown,2021-01-24,2,475,2,455,0,20,0,0,4,354,0,59,4,413,Not in California
Unknown,2021-01-25,19,494,17,472,2,22,0,0,16,367,3,62,16,429,Not in California
Unknown,2021-01-26,89,583,88,560,1,23,0,0,91,457,1,63,91,520,Not in California
Unknown,2021-01-27,17,600,17,577,0,23,0,0,16,472,1,64,16,536,Not in California
Unknown,2021-01-28,150,750,148,725,2,25,0,0,93,505,60,124,93,629,Not in California
Unknown,2021-01-29,141,891,141,866,0,25,0,0,145,649,1,125,145,774,Not in California
Unknown,2021-01-30,11,902,9,875,2,27,0,0,13,660,2,127,13,787,Not in California
Unknown,2021-01-31,15,917,15,890,0,27,0,0,16,676,0,127,16,803,Not in California
Unknown,2021-02-01,37,954,35,925,2,29,0,0,20,677,19,146,20,823,Not in California
Unknown,2021-02-02,66,1020,65,990,1,30,0,0,57,726,8,154,57,880,Not in California
Unknown,2021-02-03,44,1064,43,1033,1,31,0,0,32,746,12,166,32,912,Not in California
Unknown,2021-02-04,60,1124,55,1088,5,36,0,0,54,794,6,172,54,966,Not in California
Unknown,2021-02-05,19,1143,15,1103,4,40,0,0,14,803,5,177,14,980,Not in California
Unknown,2021-02-06,15,1158,15,1118,0,40,0,0,10,807,6,183,10,990,Not in California
Unknown,2021-02-07,9,1167,9,1127,0,40,0,0,7,812,2,185,7,997,Not in California
Unknown,2021-02-08,56,1223,53,1180,3,43,0,0,15,786,41,226,15,1012,Not in California
Unknown,2021-02-09,19,1242,19,1199,0,43,0,0,4,775,15,241,4,1016,Not in California
Unknown,2021-02-10,34,1276,30,1229,4,47,0,0,9,759,25,266,9,1025,Not in California
Unknown,2021-02-11,88,1364,87,1316,1,48,0,0,43,756,46,312,43,1068,Not in California
Unknown,2021-02-12,45,1409,37,1353,8,56,0,0,14,739,31,343,14,1082,Not in California
Unknown,2021-02-13,12,1421,5,1358,7,63,0,0,8,743,4,347,8,1090,Not in California
Unknown,2021-02-14,7,1428,2,1360,5,68,0,0,4,745,2,349,4,1094,Not in California
Unknown,2021-02-15,44,1472,38,1398,6,74,0,0,28,759,14,363,28,1122,Not in California
Unknown,2021-02-16,112,1584,101,1499,11,85,0,0,33,713,79,442,33,1155,Not in California
Unknown,2021-02-17,12,1596,10,1509,2,87,0,0,4,710,7,449,4,1159,Not in California
Unknown,2021-02-18,102,1698,97,1606,5,92,0,0,17,642,85,534,17,1176,Not in California
Unknown,2021-02-19,191,1889,186,1792,5,97,0,0,53,558,137,671,53,1229,Not in California
Unknown,2021-02-20,6,1895,4,1796,2,99,0,0,2,556,4,675,2,1231,Not in California
Unknown,2021-02-21,15,1910,15,1811,0,99,0,0,1,543,14,689,1,1232,Not in California
Unknown,2021-02-22,8,1918,8,1819,0,99,0,0,5,545,3,692,5,1237,Not in California
Unknown,2021-02-23,60,1978,49,1868,11,110,0,0,15,516,44,736,15,1252,Not in California
Unknown,2021-02-24,39,2017,31,1899,8,118,0,0,14,505,25,761,14,1266,Not in California
Unknown,2021-02-25,68,2085,55,1954,13,131,0,0,24,484,45,806,24,1290,Not in California
Unknown,2021-02-26,38,2123,24,1978,14,145,0,0,20,490,14,820,20,1310,Not in California
Unknown,2021-02-27,24,2147,17,1995,7,152,0,0,12,494,8,828,12,1322,Not in California
Unknown,2021-02-28,18,2165,13,2008,5,157,0,0,11,500,5,833,11,1333,Not in California
Unknown,2021-03-01,44,2209,26,2034,18,175,0,0,24,505,19,852,24,1357,Not in California
Unknown,2021-03-02,20,2229,9,2043,11,186,0,0,12,511,6,858,12,1369,Not in California
Unknown,2021-03-03,11,2240,7,2050,4,190,0,0,7,515,3,861,7,1376,Not in California
Unknown,2021-03-04,43,2283,40,2090,3,193,0,0,13,498,30,891,13,1389,Not in California
Unknown,2021-03-05,25,2308,15,2105,10,203,0,0,23,515,6,897,23,1412,Not in California
Unknown,2021-03-06,20,2328,12,2117,6,209,2,2,16,529,4,901,18,1430,Not in California
Unknown,2021-03-07,1,2329,1,2118,0,209,0,2,2,531,0,901,2,1432,Not in California
Unknown,2021-03-08,31,2360,22,2140,7,216,2,4,7,515,25,926,9,1441,Not in California
Unknown,2021-03-09,37,2397,30,2170,3,219,4,8,9,499,29,955,13,1454,Not in California
Unknown,2021-03-10,9,2406,5,2175,1,220,3,11,5,502,5,960,8,1462,Not in California
Unknown,2021-03-11,29,2435,13,2188,2,222,14,25,7,502,21,981,21,1483,Not in California
Unknown,2021-03-12,67,2502,52,2240,10,232,5,30,10,462,55,1036,15,1498,Not in California
Unknown,2021-03-13,15,2517,4,2244,7,239,4,34,6,462,10,1046,10,1508,Not in California
Unknown,2021-03-14,14,2531,6,2250,6,245,2,36,5,461,8,1054,7,1515,Not in California
Unknown,2021-03-15,30,2561,10,2260,18,263,2,38,20,471,12,1066,22,1537,Not in California
Unknown,2021-03-16,49,2610,21,2281,24,287,4,42,28,482,21,1087,32,1569,Not in California
Unknown,2021-03-17,37,2647,14,2295,22,309,1,43,32,511,4,1091,33,1602,Not in California
Unknown,2021-03-18,32,2679,19,2314,13,322,0,43,20,520,11,1102,20,1622,Not in California
Unknown,2021-03-19,28,2707,18,2332,10,332,0,43,23,536,7,1109,23,1645,Not in California
Unknown,2021-03-20,28,2735,15,2347,13,345,0,43,15,540,11,1120,15,1660,Not in California
Unknown,2021-03-21,20,2755,14,2361,6,351,0,43,16,553,3,1123,16,1676,Not in California
Unknown,2021-03-22,36,2791,19,2380,16,367,1,44,18,560,12,1135,19,1695,Not in California
Unknown,2021-03-23,26,2817,11,2391,10,377,5,49,13,567,11,1146,18,1713,Not in California
Unknown,2021-03-24,23,2840,10,2401,13,390,0,49,18,580,5,1151,18,1731,Not in California
Unknown,2021-03-25,37,2877,24,2425,13,403,0,49,27,598,9,1160,27,1758,Not in California
Unknown,2021-03-26,36,2913,20,2445,11,414,5,54,18,606,15,1175,23,1781,Not in California
Unknown,2021-03-27,33,2946,15,2460,15,429,3,57,18,609,18,1193,21,1802,Not in California
Unknown,2021-03-28,18,2964,9,2469,9,438,0,57,12,616,5,1198,12,1814,Not in California
Unknown,2021-03-29,39,3003,19,2488,20,458,0,57,24,628,12,1210,24,1838,Not in California
Unknown,2021-03-30,42,3045,27,2515,15,473,0,57,25,638,15,1225,25,1863,Not in California
Unknown,2021-03-31,36,3081,22,2537,14,487,0,57,26,653,11,1236,26,1889,Not in California
Unknown,2021-04-01,23,3104,15,2552,8,495,0,57,17,665,5,1241,17,1906,Not in California
Unknown,2021-04-02,39,3143,17,2569,13,508,9,66,16,667,23,1264,25,1931,Not in California
Unknown,2021-04-03,19,3162,9,2578,10,518,0,66,13,670,10,1274,13,1944,Not in California
Unknown,2021-04-04,15,3177,4,2582,11,529,0,66,9,674,5,1279,9,1953,Not in California
Unknown,2021-04-05,32,3209,18,2600,13,542,1,67,16,677,14,1293,17,1970,Not in California
Unknown,2021-04-06,23,3232,15,2615,7,549,1,68,12,679,11,1304,13,1983,Not in California
Unknown,2021-04-07,36,3268,24,2639,11,560,1,69,25,695,9,1313,25,2008,Not in California
Unknown,2021-04-08,39,3307,26,2665,7,567,6,75,18,698,21,1334,24,2032,Not in California
Unknown,2021-04-09,35,3342,24,2689,11,578,0,75,24,711,11,1345,24,2056,Not in California
Unknown,2021-04-10,11,3353,9,2698,1,579,1,76,5,710,7,1352,6,2062,Not in California
Unknown,2021-04-11,11,3364,7,2705,4,583,0,76,5,710,5,1357,5,2067,Not in California
Unknown,2021-04-12,39,3403,21,2726,17,600,1,77,18,706,23,1380,19,2086,Not in California
Unknown,2021-04-13,48,3451,29,2755,19,619,0,77,18,696,28,1408,18,2104,Not in California
Unknown,2021-04-14,29,3480,9,2764,20,639,0,77,6,679,23,1431,6,2110,Not in California
Unknown,2021-04-15,32,3512,17,2781,14,653,1,78,11,669,21,1452,11,2121,Not in California
Unknown,2021-04-16,27,3539,17,2798,10,663,0,78,10,663,16,1468,10,2131,Not in California
Unknown,2021-04-17,26,3565,17,2815,9,672,0,78,10,659,15,1483,11,2142,Not in California
Unknown,2021-04-18,24,3589,12,2827,12,684,0,78,9,652,16,1499,9,2151,Not in California
Unknown,2021-04-19,35,3624,22,2849,13,697,0,78,14,646,20,1519,14,2165,Not in California
Unknown,2021-04-20,27,3651,17,2866,10,707,0,78,6,631,21,1540,6,2171,Not in California
Unknown,2021-04-21,46,3697,26,2892,20,727,0,78,18,620,29,1569,18,2189,Not in California
Unknown,2021-04-22,26,3723,18,2910,8,735,0,78,6,607,19,1588,6,2195,Not in California
Unknown,2021-04-23,32,3755,17,2927,15,750,0,78,16,609,14,1602,16,2211,Not in California
Unknown,2021-04-24,32,3787,22,2949,10,760,0,78,18,614,13,1615,18,2229,Not in California
Unknown,2021-04-25,21,3808,9,2958,12,772,0,78,9,611,12,1627,9,2238,Not in California
Unknown,2021-04-26,31,3839,19,2977,12,784,0,78,13,607,17,1644,13,2251,Not in California
Unknown,2021-04-27,32,3871,19,2996,12,796,1,79,10,598,20,1664,11,2262,Not in California
Unknown,2021-04-28,29,3900,20,3016,7,803,2,81,9,589,20,1684,11,2273,Not in California
Unknown,2021-04-29,36,3936,23,3039,13,816,0,81,16,583,22,1706,16,2289,Not in California
Unknown,2021-04-30,32,3968,17,3056,10,826,5,86,17,589,16,1722,22,2311,Not in California
Unknown,2021-05-01,29,3997,22,3078,7,833,0,86,17,595,11,1733,17,2328,Not in California
Unknown,2021-05-02,14,4011,6,3084,7,840,1,87,5,593,8,1741,6,2334,Not in California
Unknown,2021-05-03,26,4037,18,3102,5,845,3,90,7,583,19,1760,9,2343,Not in California
Unknown,2021-05-04,20,4057,11,3113,5,850,4,94,6,578,15,1775,10,2353,Not in California
Unknown,2021-05-05,27,4084,12,3125,14,864,1,95,13,577,15,1790,14,2367,Not in California
Unknown,2021-05-06,36,4120,21,3146,8,872,7,102,12,572,24,1814,19,2386,Not in California
Unknown,2021-05-07,29,4149,14,3160,11,883,4,106,10,566,20,1834,14,2400,Not in California
Unknown,2021-05-08,17,4166,12,3172,3,886,2,108,6,564,10,1844,8,2408,Not in California
Unknown,2021-05-09,18,4184,5,3177,9,895,4,112,9,568,9,1853,13,2421,Not in California
Unknown,2021-05-10,21,4205,11,3188,7,902,3,115,3,558,16,1869,6,2427,Not in California
Unknown,2021-05-11,18,4223,10,3198,4,906,4,119,10,564,8,1877,14,2441,Not in California
Unknown,2021-05-12,16,4239,11,3209,4,910,1,120,4,558,11,1888,5,2446,Not in California
Unknown,2021-05-13,19,4258,12,3221,2,912,5,125,11,566,9,1897,17,2463,Not in California
Unknown,2021-05-14,26,4284,21,3242,4,916,1,126,14,569,11,1908,14,2477,Not in California
Unknown,2021-05-15,23,4307,20,3262,3,919,0,126,14,574,9,1917,14,2491,Not in California
Unknown,2021-05-16,31,4338,22,3284,8,927,1,127,19,582,12,1929,20,2511,Not in California
Unknown,2021-05-17,27,4365,21,3305,4,931,2,129,13,584,13,1942,15,2526,Not in California
Unknown,2021-05-18,35,4400,24,3329,9,940,2,131,23,597,12,1954,25,2551,Not in California
Unknown,2021-05-19,32,4432,23,3352,8,948,1,132,11,590,19,1973,12,2563,Not in California
Unknown,2021-05-20,21,4453,16,3368,4,952,1,133,12,595,8,1981,13,2576,Not in California
Unknown,2021-05-21,25,4478,14,3382,7,959,4,137,11,595,15,1996,15,2591,Not in California
Unknown,2021-05-22,31,4509,25,3407,5,964,1,138,14,594,16,2012,15,2606,Not in California
Unknown,2021-05-23,12,4521,8,3415,4,968,0,138,6,594,6,2018,6,2612,Not in California
Unknown,2021-05-24,13,4534,9,3424,3,971,1,139,8,598,5,2023,9,2621,Not in California
Unknown,2021-05-25,22,4556,11,3435,5,976,6,145,8,599,13,2036,14,2635,Not in California
Unknown,2021-05-26,12,4568,9,3444,2,978,1,146,3,594,9,2045,4,2639,Not in California
Unknown,2021-05-27,23,4591,16,3460,5,983,2,148,6,587,15,2060,8,2647,Not in California
Unknown,2021-05-28,23,4614,13,3473,5,988,5,153,13,595,10,2070,18,2665,Not in California
Unknown,2021-05-29,24,4638,18,3491,6,994,0,153,20,611,4,2074,20,2685,Not in California
Unknown,2021-05-30,9,4647,6,3497,2,996,1,154,4,611,5,2079,5,2690,Not in California
Unknown,2021-05-31,3,4650,1,3498,2,998,0,154,1,610,2,2081,1,2691,Not in California
Unknown,2021-06-01,31,4681,18,3516,7,1005,6,160,14,614,16,2097,20,2711,Not in California
Unknown,2021-06-02,9,4690,5,3521,4,1009,0,160,3,611,6,2103,3,2714,Not in California
Unknown,2021-06-03,20,4710,18,3539,2,1011,0,160,9,609,11,2114,9,2723,Not in California
Unknown,2021-06-04,30,4740,20,3559,10,1021,0,160,17,613,13,2127,17,2740,Not in California
Unknown,2021-06-05,31,4771,21,3580,9,1030,1,161,16,615,15,2142,17,2757,Not in California
Unknown,2021-06-06,28,4799,20,3600,5,1035,3,164,8,606,20,2162,11,2768,Not in California
Unknown,2021-06-07,21,4820,10,3610,8,1043,3,167,8,604,13,2175,11,2779,Not in California
Unknown,2021-06-08,23,4843,15,3625,5,1048,3,170,5,595,17,2192,8,2787,Not in California
Unknown,2021-06-09,29,4872,18,3643,10,1058,1,171,17,601,12,2204,18,2805,Not in California
Unknown,2021-06-10,16,4888,13,3656,3,1061,0,171,6,597,10,2214,6,2811,Not in California
Unknown,2021-06-11,10,4898,8,3664,1,1062,1,172,5,598,5,2219,6,2817,Not in California
Unknown,2021-06-12,17,4915,12,3676,5,1067,0,172,10,601,7,2226,10,2827,Not in California
Unknown,2021-06-13,11,4926,7,3683,4,1071,0,172,3,596,8,2234,3,2830,Not in California
Unknown,2021-06-14,12,4938,11,3694,1,1072,0,172,4,592,8,2242,4,2834,Not in California
Unknown,2021-06-15,27,4965,18,3712,9,1081,0,172,11,587,16,2258,11,2845,Not in California
Unknown,2021-06-16,7,4972,4,3716,3,1084,0,172,5,591,1,2259,5,2850,Not in California
Unknown,2021-06-17,18,4990,11,3727,5,1089,2,174,12,600,5,2264,14,2864,Not in California
Unknown,2021-06-18,20,5010,16,3743,4,1093,0,174,12,604,8,2272,12,2876,Not in California
Unknown,2021-06-19,15,5025,12,3755,2,1095,1,175,2,594,13,2285,3,2879,Not in California
Unknown,2021-06-20,13,5038,10,3765,1,1096,2,177,6,595,7,2292,8,2887,Not in California
Unknown,2021-06-21,14,5052,10,3775,4,1100,0,177,9,599,5,2297,9,2896,Not in California
Unknown,2021-06-22,21,5073,15,3790,6,1106,0,177,15,608,6,2303,15,2911,Not in California
Unknown,2021-06-23,11,5084,6,3796,4,1110,1,178,8,614,3,2306,9,2920,Not in California
Unknown,2021-06-24,13,5097,6,3802,6,1116,1,179,8,618,5,2311,9,2929,Not in California
Unknown,2021-06-25,13,5110,12,3814,1,1117,0,179,8,622,4,2315,8,2937,Not in California
Unknown,2021-06-26,5,5115,5,3819,0,1117,0,179,2,621,3,2318,2,2939,Not in California
Alameda,2020-12-15,37,37,37,37,0,0,0,0,37,37,0,0,37,37,California
Alameda,2020-12-16,210,247,210,247,0,0,0,0,210,247,0,0,210,247,California
Alameda,2020-12-17,512,759,512,759,0,0,0,0,512,759,0,0,512,759,California
Alameda,2020-12-18,1928,2687,1927,2686,1,1,0,0,1928,2687,0,0,1928,2687,California
Alameda,2020-12-19,1437,4124,1437,4123,0,1,0,0,1437,4124,0,0,1437,4124,California
Alameda,2020-12-20,1186,5310,1185,5308,1,2,0,0,1185,5308,1,1,1185,5309,California
Alameda,2020-12-21,1854,7164,1852,7160,2,4,0,0,1853,7161,0,1,1853,7162,California
Alameda,2020-12-22,2107,9271,2053,9213,54,58,0,0,2106,9266,1,2,2106,9268,California
Alameda,2020-12-23,1950,11221,1694,10907,256,314,0,0,1950,11216,0,2,1950,11218,California
Alameda,2020-12-24,1224,12445,759,11666,465,779,0,0,1224,12440,0,2,1224,12442,California
Alameda,2020-12-25,164,12609,127,11793,37,816,0,0,164,12604,0,2,164,12606,California
Alameda,2020-12-26,866,13475,325,12118,541,1357,0,0,866,13470,0,2,866,13472,California
Alameda,2020-12-27,500,13975,257,12375,243,1600,0,0,500,13970,0,2,500,13972,California
Alameda,2020-12-28,1893,15868,965,13340,928,2528,0,0,1893,15863,0,2,1893,15865,California
Alameda,2020-12-29,2494,18362,1080,14420,1414,3942,0,0,2493,18356,0,2,2493,18358,California
Alameda,2020-12-30,3105,21467,1329,15749,1776,5718,0,0,3105,21461,0,2,3105,21463,California
Alameda,2020-12-31,1808,23275,448,16197,1360,7078,0,0,1806,23266,1,3,1806,23269,California
Alameda,2021-01-01,180,23455,75,16272,105,7183,0,0,178,23442,2,5,178,23447,California
Alameda,2021-01-02,728,24183,527,16799,201,7384,0,0,727,24169,0,5,727,24174,California
Alameda,2021-01-03,337,24520,218,17017,119,7503,0,0,334,24500,3,8,334,24508,California
Alameda,2021-01-04,1624,26144,913,17930,711,8214,0,0,1612,26101,11,19,1612,26120,California
Alameda,2021-01-05,2228,28372,1284,19214,944,9158,0,0,1974,27824,251,270,1974,28094,California
Alameda,2021-01-06,3287,31659,1815,21029,1472,10630,0,0,2407,29357,877,1147,2410,30504,California
Alameda,2021-01-07,3842,35501,2159,23188,1683,12313,0,0,2641,30811,1192,2339,2646,33150,California
Alameda,2021-01-08,4784,40285,2738,25926,2046,14359,0,0,3033,32103,1746,4085,3038,36188,California
Alameda,2021-01-09,2041,42326,1388,27314,653,15012,0,0,1172,32406,869,4954,1172,37360,California
Alameda,2021-01-10,1069,43395,845,28159,224,15236,0,0,430,32196,640,5594,430,37790,California
Alameda,2021-01-11,4685,48080,3543,31702,1142,16378,0,0,2866,33252,1817,7411,2873,40663,California
Alameda,2021-01-12,4865,52945,3281,34983,1584,17962,0,0,3454,35300,1409,8820,3457,44120,California
Alameda,2021-01-13,5065,58010,2683,37666,2382,20344,0,0,3853,37948,1207,10027,3855,47975,California
Alameda,2021-01-14,5687,63697,2813,40479,2874,23218,0,0,4780,41833,898,10925,4783,52758,California
Alameda,2021-01-15,5880,69577,2337,42816,3543,26761,0,0,5095,46154,778,11703,5099,57857,California
Alameda,2021-01-16,3024,72601,1405,44221,1619,28380,0,0,2752,48634,273,11976,2753,60610,California
Alameda,2021-01-17,1890,74491,1093,45314,797,29177,0,0,1682,50109,208,12184,1683,62293,California
Alameda,2021-01-18,3207,77698,2054,47368,1153,30330,0,0,2610,52129,592,12776,2612,64905,California
Alameda,2021-01-19,5564,83262,3344,50712,2220,32550,0,0,4362,55293,1200,13976,4364,69269,California
Alameda,2021-01-20,6828,90090,4131,54843,2697,35247,0,0,5524,59530,1291,15267,5528,74797,California
Alameda,2021-01-21,7867,97957,3446,58289,4421,39668,0,0,7016,65707,844,16111,7021,81818,California
Alameda,2021-01-22,6909,104866,2053,60342,4856,44524,0,0,5758,70324,1142,17253,5759,87577,California
Alameda,2021-01-23,3306,108172,957,61299,2349,46873,0,0,2748,72515,557,17810,2748,90325,California
Alameda,2021-01-24,2051,110223,656,61955,1395,48268,0,0,1775,74018,272,18082,1775,92100,California
Alameda,2021-01-25,5234,115457,1984,63939,3250,51518,0,0,3644,76081,1582,19664,3645,95745,California
Alameda,2021-01-26,7380,122837,2329,66268,5051,56569,0,0,5473,79656,1899,21563,5474,101219,California
Alameda,2021-01-27,6772,129609,2084,68352,4688,61257,0,0,4893,82682,1867,23430,4893,106112,California
Alameda,2021-01-28,7946,137555,2563,70915,5383,66640,0,0,5684,86122,2246,25676,5686,111798,California
Alameda,2021-01-29,8040,145595,3196,74111,4844,71484,0,0,6184,90463,1845,27521,6186,117984,California
Alameda,2021-01-30,3463,149058,1698,75809,1765,73249,0,0,2749,92504,708,28229,2749,120733,California
Alameda,2021-01-31,1934,150992,959,76768,975,74224,0,0,1691,93955,240,28469,1691,122424,California
Alameda,2021-02-01,6529,157521,3896,80664,2633,76857,0,0,4375,96186,2145,30614,4376,126800,California
Alameda,2021-02-02,7098,164619,3817,84481,3281,80138,0,0,4756,98610,2332,32946,4756,131556,California
Alameda,2021-02-03,7155,171774,3775,88256,3380,83518,0,0,4438,100344,2710,35656,4444,136000,California
Alameda,2021-02-04,9618,181392,4177,92433,5441,88959,0,0,6468,103680,3137,38793,6473,142473,California
Alameda,2021-02-05,10393,191785,5416,97849,4977,93936,0,0,6488,106277,3898,42691,6495,148968,California
Alameda,2021-02-06,7036,198821,4463,102312,2573,96509,0,0,5888,111020,1145,43836,5888,154856,California
Alameda,2021-02-07,3592,202413,2899,105211,693,97202,0,0,2644,112720,945,44781,2645,157501,California
Alameda,2021-02-08,8169,210582,5838,111049,2331,99533,0,0,5572,115707,2587,47368,5574,163075,California
Alameda,2021-02-09,9772,220354,5892,116941,3880,103413,0,0,6094,118146,3657,51025,6096,169171,California
Alameda,2021-02-10,11583,231937,6845,123786,4738,108151,0,0,6612,119810,4956,55981,6620,175791,California
Alameda,2021-02-11,14066,246003,8063,131849,6003,114154,0,0,8438,122642,5609,61590,8441,184232,California
Alameda,2021-02-12,12678,258681,5769,137618,6909,121063,0,0,7827,125643,4829,66419,7830,192062,California
Alameda,2021-02-13,7880,266561,4086,141704,3794,124857,0,0,5882,129534,1993,68412,5884,197946,California
Alameda,2021-02-14,4059,270620,2555,144259,1504,126361,0,0,2872,131226,1183,69595,2875,200821,California
Alameda,2021-02-15,5705,276325,3207,147466,2498,128859,0,0,3706,132938,1997,71592,3709,204530,California
Alameda,2021-02-16,12619,288944,7005,154471,5614,134473,0,0,9341,139022,3266,74858,9350,213880,California
Alameda,2021-02-17,14245,303189,8456,162927,5789,140262,0,0,10561,145920,3665,78523,10563,224443,California
Alameda,2021-02-18,16030,319219,10178,173105,5852,146114,0,0,11624,153154,4396,82919,11630,236073,California
Alameda,2021-02-19,17977,337196,11667,184772,6310,152424,0,0,11864,158932,6091,89010,11869,247942,California
Alameda,2021-02-20,12145,349341,9815,194587,2330,154754,0,0,9305,165409,2834,91844,9311,257253,California
Alameda,2021-02-21,7922,357263,6943,201530,979,155733,0,0,5325,168151,2585,94429,5327,262580,California
Alameda,2021-02-22,11035,368298,8126,209656,2909,158642,0,0,6932,171003,4089,98518,6941,269521,California
Alameda,2021-02-23,13130,381428,7968,217624,5162,163804,0,0,8135,174160,4985,103503,8142,277663,California
Alameda,2021-02-24,14962,396390,8430,226054,6532,170336,0,0,9646,178561,5251,108754,9652,287315,California
Alameda,2021-02-25,16131,412521,9346,235400,6785,177121,0,0,10155,182783,5944,114698,10166,297481,California
Alameda,2021-02-26,18785,431306,10961,246361,7824,184945,0,0,11906,187862,6833,121531,11912,309393,California
Alameda,2021-02-27,15273,446579,11265,257626,4006,188951,2,2,9434,191487,5814,127345,9439,318832,California
Alameda,2021-02-28,10179,456758,8488,266114,1690,190641,1,3,6595,194529,3556,130901,6598,325430,California
Alameda,2021-03-01,14188,470946,9802,275916,4375,195016,11,14,8671,197750,5468,136369,8689,334119,California
Alameda,2021-03-02,15149,486095,10891,286807,4257,199273,1,15,9905,202442,5222,141591,9914,344033,California
Alameda,2021-03-03,15933,502028,10446,297253,5484,204757,3,18,10890,208326,5014,146605,10898,354931,California
Alameda,2021-03-04,17585,519613,11279,308532,6304,211061,2,20,11065,212915,6479,153084,11068,365999,California
Alameda,2021-03-05,16405,536018,10729,319261,5666,216727,10,30,11064,218703,5294,158378,11082,377081,California
Alameda,2021-03-06,14647,550665,10321,329582,4060,220787,266,296,9694,223759,4905,163283,9961,387042,California
Alameda,2021-03-07,9834,560499,8537,338119,1212,221999,85,381,7024,228090,2780,166063,7111,394153,California
Alameda,2021-03-08,12067,572566,7509,345628,4176,226175,382,763,9019,234492,2997,169060,9399,403552,California
Alameda,2021-03-09,14819,587385,10379,356007,4008,230183,432,1195,8070,236282,6714,175774,8504,412056,California
Alameda,2021-03-10,17674,605059,12233,368240,4874,235057,567,1762,7951,235103,9693,185467,8514,420570,California
Alameda,2021-03-11,19962,625021,11690,379930,6557,241614,1715,3477,6787,230449,13144,198611,8490,429060,California
Alameda,2021-03-12,21555,646576,12587,392517,7258,248872,1710,5187,7445,225513,14079,212690,9143,438203,California
Alameda,2021-03-13,16224,662800,10410,402927,4808,253680,1006,6193,5142,220606,11046,223736,6139,444342,California
Alameda,2021-03-14,10960,673760,8060,410987,2104,255784,796,6989,3336,217127,7602,231338,4123,448465,California
Alameda,2021-03-15,14600,688360,9539,420526,4523,260307,538,7527,6308,215710,8260,239598,6843,455308,California
Alameda,2021-03-16,17418,705778,11284,431810,5585,265892,549,8076,7467,213831,9897,249495,8018,463326,California
Alameda,2021-03-17,17816,723594,10114,441924,6966,272858,736,8812,8288,213375,9479,258974,9023,472349,California
Alameda,2021-03-18,19502,743096,10670,452594,7931,280789,901,9713,8879,212567,10592,269566,9784,482133,California
Alameda,2021-03-19,19785,762881,10881,463475,7090,287879,1814,11527,7829,210294,11906,281472,9633,491766,California
Alameda,2021-03-20,15943,778824,10447,473922,4634,292513,862,12389,6392,208025,9516,290988,7247,499013,California
Alameda,2021-03-21,9322,788146,7327,481249,1437,293950,558,12947,3438,206149,5873,296861,3997,503010,California
Alameda,2021-03-22,15344,803490,10335,491584,3992,297942,1017,13964,7007,205861,8304,305165,8016,511026,California
Alameda,2021-03-23,19638,823128,11917,503501,6902,304844,819,14783,10025,207148,9562,314727,10849,521875,California
Alameda,2021-03-24,19534,842662,11820,515321,6687,311531,1027,15810,8582,205859,10888,325615,9599,531474,California
Alameda,2021-03-25,20826,863488,11594,526915,7820,319351,1412,17222,9559,205623,11196,336811,10960,542434,California
Alameda,2021-03-26,21218,884706,12800,539715,6842,326193,1576,18798,8599,203216,12569,349380,10162,552596,California
Alameda,2021-03-27,18505,903211,12620,552335,4926,331119,959,19757,7603,200911,10854,360234,8549,561145,California
Alameda,2021-03-28,10733,913944,8729,561064,1799,332918,205,19962,3492,197395,7221,367455,3705,564850,California
Alameda,2021-03-29,14925,928869,9514,570578,4412,337330,999,20961,5984,195474,8901,376356,6980,571830,California
Alameda,2021-03-30,18880,947749,9933,580511,7223,344553,1724,22685,9487,197316,9358,385714,11200,583030,California
Alameda,2021-03-31,19682,967431,10390,590901,7173,351726,2119,24804,9218,198206,10432,396146,11322,594352,California
Alameda,2021-04-01,23613,991044,10162,601063,7757,359483,5694,30498,11227,202763,12331,408477,16888,611240,California
Alameda,2021-04-02,24404,1015448,10035,611098,8481,367964,5888,36386,11851,207953,12511,420988,17701,628941,California
Alameda,2021-04-03,20531,1035979,9934,621032,5724,373688,4873,41259,10364,213036,10142,431130,15225,644166,California
Alameda,2021-04-04,10021,1046000,4005,625037,2303,375991,3713,44972,3462,213665,6539,437669,7168,651334,California
Alameda,2021-04-05,17992,1063992,7589,632626,5589,381580,4814,49786,7340,215189,10625,448294,12149,663483,California
Alameda,2021-04-06,22451,1086443,10814,643440,5760,387340,5877,55663,10210,219048,12202,460496,16061,679544,California
Alameda,2021-04-07,22797,1109240,11719,655159,5582,392922,5496,61159,11528,224832,11222,471718,17006,696550,California
Alameda,2021-04-08,25811,1135051,11668,666827,6103,399025,8040,69199,11047,229211,14682,486400,19061,715611,California
Alameda,2021-04-09,23693,1158744,10824,677651,7596,406621,5273,74472,12184,235192,11472,497872,17453,733064,California
Alameda,2021-04-10,19450,1178194,7519,685170,5698,412319,6233,80705,8274,238528,11149,509021,14485,747549,California
Alameda,2021-04-11,11107,1189301,4871,690041,2274,414593,3962,84667,4538,240462,6550,515571,8484,756033,California
Alameda,2021-04-12,18321,1207622,11884,701925,4437,419030,2000,86667,10312,244799,7968,523539,12305,768338,California
Alameda,2021-04-13,23272,1230894,14748,716673,8463,427493,61,86728,17087,255825,6129,529668,17155,785493,California
Alameda,2021-04-14,23407,1254301,15349,732022,8056,435549,2,86730,15671,263811,7694,537362,15680,801173,California
Alameda,2021-04-15,24477,1278778,15606,747628,8866,444415,5,86735,16127,271669,8285,545647,16143,817316,California
Alameda,2021-04-16,24887,1303665,14647,762275,10233,454648,7,86742,15882,278634,8940,554587,15905,833221,California
Alameda,2021-04-17,21192,1324857,14645,776920,6545,461193,2,86744,14637,286775,6512,561099,14653,847874,California
Alameda,2021-04-18,10397,1335254,8024,784944,2373,463566,0,86744,7188,290795,3177,564276,7197,855071,California
Alameda,2021-04-19,15968,1351222,9923,794867,6044,469610,1,86745,9226,293330,6701,570977,9236,864307,California
Alameda,2021-04-20,18960,1370182,11722,806589,7236,476846,2,86747,10310,295070,8594,579571,10334,874641,California
Alameda,2021-04-21,20383,1390565,12235,818824,8136,484982,12,86759,11779,298344,8540,588111,11814,886455,California
Alameda,2021-04-22,22124,1412689,14368,833192,7751,492733,5,86764,11733,299776,10332,598443,11764,898219,California
Alameda,2021-04-23,22448,1435137,14636,847828,7808,500541,4,86768,12484,302400,9894,608337,12518,910737,California
Alameda,2021-04-24,19085,1454222,14480,862308,4597,505138,8,86776,10081,303545,8958,617295,10103,920840,California
Alameda,2021-04-25,9028,1463250,7021,869329,2006,507144,1,86777,5909,306375,3090,620385,5920,926760,California
Alameda,2021-04-26,14841,1478091,10301,879630,4514,511658,26,86803,9102,309818,5700,626085,9143,935903,California
Alameda,2021-04-27,16712,1494803,9950,889580,6394,518052,368,87171,7839,309235,8817,634902,8234,944137,California
Alameda,2021-04-28,17053,1511856,10864,900444,5720,523772,469,87640,6901,306508,10115,645017,7388,951525,California
Alameda,2021-04-29,17723,1529579,10736,911180,6655,530427,332,87972,6608,302419,11053,656070,6964,958489,California
Alameda,2021-04-30,20559,1550138,12931,924111,7283,537710,345,88317,8474,299289,11996,668066,8866,967355,California
Alameda,2021-05-01,14088,1564226,9424,933535,4453,542163,211,88528,5262,296008,8783,676849,5502,972857,California
Alameda,2021-05-02,7109,1571335,4962,938497,1976,544139,171,88699,2896,294887,4191,681040,3070,975927,California
Alameda,2021-05-03,14621,1585956,10989,949486,3310,547449,322,89021,2863,286405,11701,692741,3219,979146,California
Alameda,2021-05-04,18862,1604818,13632,963118,4869,552318,361,89382,3804,275621,14984,707725,4200,983346,California
Alameda,2021-05-05,18764,1623582,13711,976829,4545,556863,508,89890,3833,265113,14866,722591,4358,987704,California
Alameda,2021-05-06,19265,1642847,14655,991484,3914,560777,696,90586,3784,254211,15398,737989,4496,992200,California
Alameda,2021-05-07,19488,1662335,13160,1004644,5911,566688,417,91003,4472,244175,14942,752931,4906,997106,California
Alameda,2021-05-08,17073,1679408,11842,1016486,5018,571706,213,91216,3270,233912,13762,766693,3499,1000605,California
Alameda,2021-05-09,8574,1687982,7020,1023506,1411,573117,143,91359,1336,228180,7216,773909,1484,1002089,California
Alameda,2021-05-10,10420,1698402,7189,1030695,2907,576024,324,91683,2521,223171,7865,781774,2856,1004945,California
Alameda,2021-05-11,15716,1714118,8620,1039315,6781,582805,315,91998,2814,213487,12851,794625,3167,1008112,California
Alameda,2021-05-12,13525,1727643,9030,1048345,4051,586856,444,92442,2717,205922,10761,805386,3196,1011308,California
Alameda,2021-05-13,18078,1745721,13028,1061373,4507,591363,543,92985,5760,199998,12267,817653,6343,1017651,California
Alameda,2021-05-14,20817,1766538,14156,1075529,6193,597556,468,93453,7070,193884,13665,831318,7551,1025202,California
Alameda,2021-05-15,17321,1783859,12637,1088166,4451,602007,233,93686,5914,188681,11355,842673,6152,1031354,California
Alameda,2021-05-16,8864,1792723,7616,1095782,1142,603149,106,93792,3107,186174,5725,848398,3218,1034572,California
Alameda,2021-05-17,13556,1806279,10113,1105895,2913,606062,530,94322,4195,181593,9321,857719,4740,1039312,California
Alameda,2021-05-18,14283,1820562,10391,1116286,3467,609529,425,94747,4987,177757,9250,866969,5414,1044726,California
Alameda,2021-05-19,14517,1835079,9954,1126240,4224,613753,339,95086,5872,175375,8594,875563,6212,1050938,California
Alameda,2021-05-20,13434,1848513,8878,1135118,4021,617774,535,95621,5744,174018,7636,883199,6279,1057217,California
Alameda,2021-05-21,15302,1863815,10060,1145178,4971,622745,271,95892,5079,169221,10152,893351,5355,1062572,California
Alameda,2021-05-22,10319,1874134,7454,1152632,2697,625442,168,96060,4150,167405,6137,899488,4321,1066893,California
Alameda,2021-05-23,5115,1879249,3933,1156565,1093,626535,89,96149,1662,165725,3432,902920,1752,1068645,California
Alameda,2021-05-24,7273,1886522,4236,1160801,2777,629312,260,96409,2817,164393,4414,907334,3082,1071727,California
Alameda,2021-05-25,8030,1894552,5192,1165993,2577,631889,261,96670,3521,163697,4473,911807,3777,1075504,California
Alameda,2021-05-26,8302,1902854,5188,1171181,2810,634699,304,96974,3584,162887,4692,916499,3882,1079386,California
Alameda,2021-05-27,8159,1911013,4877,1176058,2882,637581,400,97374,3337,161840,4779,921278,3732,1083118,California
Alameda,2021-05-28,8626,1919639,5046,1181104,3355,640936,225,97599,3593,160653,5007,926285,3820,1086938,California
Alameda,2021-05-29,4954,1924593,3000,1184104,1767,642703,187,97786,2451,160811,2482,928767,2640,1089578,California
Alameda,2021-05-30,2445,1927038,1601,1185705,755,643458,89,97875,955,160373,1482,930249,1044,1090622,California
Alameda,2021-05-31,1157,1928195,855,1186560,247,643705,55,97930,346,159978,796,931045,401,1091023,California
Alameda,2021-06-01,7124,1935319,4990,1191550,1888,645593,246,98176,2956,159036,4142,935187,3200,1094223,California
Alameda,2021-06-02,5817,1941136,3616,1195166,1977,647570,224,98400,2182,157831,3603,938790,2398,1096621,California
Alameda,2021-06-03,8512,1949648,6436,1201602,1795,649365,281,98681,2772,155177,5702,944492,3048,1099669,California
Alameda,2021-06-04,10492,1960140,7740,1209342,2511,651876,241,98922,2838,150643,7614,952106,3080,1102749,California
Alameda,2021-06-05,8087,1968227,5872,1215214,2054,653930,161,99083,1795,146339,6258,958364,1954,1104703,California
Alameda,2021-06-06,3664,1971891,3306,1218520,277,654207,81,99164,874,144512,2782,961146,955,1105658,California
Alameda,2021-06-07,5868,1977759,4278,1222798,1413,655620,177,99341,1718,142280,4127,965273,1895,1107553,California
Alameda,2021-06-08,7277,1985036,5811,1228609,1223,656843,243,99584,2099,139470,5151,970424,2341,1109894,California
Alameda,2021-06-09,7293,1992329,5963,1234572,1136,657979,194,99778,1685,135762,5583,976007,1875,1111769,California
Alameda,2021-06-10,8011,2000340,6704,1241276,1000,658979,307,100085,2139,132358,5847,981854,2443,1114212,California
Alameda,2021-06-11,8049,2008389,6182,1247458,1644,660623,223,100308,2457,129478,5564,987418,2684,1116896,California
Alameda,2021-06-12,5506,2013895,4221,1251679,1097,661720,188,100496,1369,126926,4113,991531,1561,1118457,California
Alameda,2021-06-13,2260,2016155,1711,1253390,427,662147,122,100618,619,126035,1630,993161,739,1119196,California
Alameda,2021-06-14,4568,2020723,3435,1256825,922,663069,211,100829,1537,124773,3009,996170,1747,1120943,California
Alameda,2021-06-15,6016,2026739,4372,1261197,1363,664432,281,101110,1789,122652,4190,1000360,2069,1123012,California
Alameda,2021-06-16,5161,2031900,4122,1265319,833,665265,206,101316,1526,120763,3618,1003978,1729,1124741,California
Alameda,2021-06-17,5568,2037468,4501,1269820,837,666102,230,101546,1819,119097,3717,1007695,2051,1126792,California
Alameda,2021-06-18,5924,2043392,4460,1274280,1209,667311,255,101801,1969,117388,3930,1011625,2221,1129013,California
Alameda,2021-06-19,3446,2046838,2606,1276886,681,667992,159,101960,1049,116210,2385,1014010,1207,1130220,California
Alameda,2021-06-20,1395,2048233,1163,1278049,187,668179,45,102005,519,115902,871,1014881,563,1130783,California
Alameda,2021-06-21,2719,2050952,1852,1279901,707,668886,160,102165,1393,116145,1310,1016191,1553,1132336,California
Alameda,2021-06-22,4567,2055519,3536,1283437,839,669725,192,102357,1403,114590,3148,1019339,1593,1133929,California
Alameda,2021-06-23,3481,2059000,2679,1286116,618,670343,184,102541,1171,113644,2297,1021636,1351,1135280,California
Alameda,2021-06-24,4345,2063345,3470,1289586,641,670984,234,102775,1486,112525,2838,1024474,1719,1136999,California
Alameda,2021-06-25,4485,2067830,3347,1292933,940,671924,198,102973,1660,111576,2807,1027281,1858,1138857,California
Alameda,2021-06-26,2414,2070244,1699,1294632,571,672495,144,103117,779,110880,1618,1028899,922,1139779,California
Alpine,2020-12-18,2,2,2,2,0,0,0,0,2,2,0,0,2,2,California
Alpine,2020-12-19,2,4,2,4,0,0,0,0,2,4,0,0,2,4,California
Alpine,2020-12-21,2,6,2,6,0,0,0,0,2,6,0,0,2,6,California
Alpine,2020-12-30,14,20,0,6,14,14,0,0,14,20,0,0,14,20,California
Alpine,2020-12-31,1,21,0,6,1,15,0,0,1,21,0,0,1,21,California
Alpine,2021-01-01,1,22,0,6,1,16,0,0,1,22,0,0,1,22,California
Alpine,2021-01-02,1,23,1,7,0,16,0,0,1,23,0,0,1,23,California
Alpine,2021-01-04,10,33,0,7,10,26,0,0,10,33,0,0,10,33,California
Alpine,2021-01-05,9,42,1,8,8,34,0,0,9,42,0,0,9,42,California
Alpine,2021-01-06,31,73,0,8,31,65,0,0,31,73,0,0,31,73,California
Alpine,2021-01-07,8,81,0,8,8,73,0,0,8,81,0,0,8,81,California
Alpine,2021-01-08,4,85,2,10,2,75,0,0,2,81,2,2,2,83,California
Alpine,2021-01-09,2,87,2,12,0,75,0,0,0,79,2,4,0,83,California
Alpine,2021-01-11,32,119,1,13,31,106,0,0,31,109,1,5,31,114,California
Alpine,2021-01-13,35,154,0,13,35,141,0,0,35,144,0,5,35,149,California
Alpine,2021-01-14,1,155,0,13,1,142,0,0,1,145,0,5,1,150,California
Alpine,2021-01-15,1,156,0,13,1,143,0,0,1,146,0,5,1,151,California
Alpine,2021-01-20,21,177,0,13,21,164,0,0,21,167,0,5,21,172,California
Alpine,2021-01-21,1,178,0,13,1,165,0,0,1,168,0,5,1,173,California
Alpine,2021-01-22,33,211,0,13,33,198,0,0,33,201,0,5,33,206,California
Alpine,2021-01-23,1,212,1,14,0,198,0,0,0,200,1,6,0,206,California
Alpine,2021-01-25,16,228,0,14,16,214,0,0,16,216,0,6,16,222,California
Alpine,2021-01-27,1,229,1,15,0,214,0,0,0,215,1,7,0,222,California
Alpine,2021-01-28,1,230,0,15,1,215,0,0,0,214,1,8,0,222,California
Alpine,2021-01-29,1,231,0,15,1,216,0,0,1,215,0,8,1,223,California
Alpine,2021-02-01,25,256,0,15,25,241,0,0,7,204,18,26,7,230,California
Alpine,2021-02-03,34,290,0,15,34,275,0,0,10,190,24,50,10,240,California
Alpine,2021-02-04,8,298,0,15,8,283,0,0,3,188,5,55,3,243,California
Alpine,2021-02-05,31,329,0,15,31,314,0,0,12,181,19,74,12,255,California
Alpine,2021-02-07,1,330,1,16,0,314,0,0,1,182,0,74,1,256,California
Alpine,2021-02-08,32,362,0,16,32,346,0,0,4,158,28,102,4,260,California
Alpine,2021-02-10,34,396,0,16,34,380,0,0,0,124,34,136,0,260,California
Alpine,2021-02-11,6,402,0,16,6,386,0,0,3,124,3,139,3,263,California
Alpine,2021-02-12,1,403,0,16,1,387,0,0,0,123,1,140,0,263,California
Alpine,2021-02-17,23,426,0,16,23,410,0,0,3,106,20,160,3,266,California
Alpine,2021-02-18,2,428,0,16,2,412,0,0,1,106,1,161,1,267,California
Alpine,2021-02-19,34,462,1,17,33,445,0,0,2,76,32,193,2,269,California
Alpine,2021-02-22,27,489,0,17,27,472,0,0,8,65,19,212,8,277,California
Alpine,2021-02-24,1,490,1,18,0,472,0,0,1,66,0,212,1,278,California
Alpine,2021-02-25,6,496,1,19,5,477,0,0,6,72,0,212,6,284,California
Alpine,2021-02-26,30,526,1,20,29,506,0,0,29,100,1,213,29,313,California
Alpine,2021-02-27,1,527,0,20,1,507,0,0,1,101,0,213,1,314,California
Alpine,2021-03-01,36,563,0,20,36,543,0,0,26,117,10,223,26,340,California
Alpine,2021-03-03,30,593,1,21,29,572,0,0,18,123,12,235,18,358,California
Alpine,2021-03-04,11,604,1,22,10,582,0,0,11,134,0,235,11,369,California
Alpine,2021-03-05,30,634,0,22,30,612,0,0,22,148,8,243,22,391,California
Alpine,2021-03-08,31,665,0,22,31,643,0,0,29,175,2,245,29,420,California
Alpine,2021-03-10,73,738,0,22,73,716,0,0,73,248,0,245,73,493,California
Alpine,2021-03-11,35,773,0,22,35,751,0,0,31,275,4,249,31,524,California
Alpine,2021-03-12,19,792,0,22,19,770,0,0,17,290,2,251,17,541,California
Alpine,2021-03-15,21,813,1,23,20,790,0,0,20,309,1,252,20,561,California
Alpine,2021-03-17,23,836,0,23,22,812,1,1,19,325,4,256,20,581,California
Alpine,2021-03-18,38,874,3,26,35,847,0,1,35,357,3,259,35,616,California
Alpine,2021-03-19,2,876,1,27,1,848,0,1,1,357,1,260,1,617,California
Alpine,2021-03-22,24,900,0,27,24,872,0,1,15,363,9,269,15,632,California
Alpine,2021-03-24,19,919,0,27,19,891,0,1,8,360,11,280,8,640,California
Alpine,2021-03-25,35,954,1,28,33,924,1,2,27,381,7,287,28,668,California
Alpine,2021-03-27,1,955,0,28,1,925,0,2,0,380,1,288,0,668,California
Alpine,2021-03-28,1,956,1,29,0,925,0,2,1,381,0,288,1,669,California
Alpine,2021-03-29,19,975,0,29,18,943,1,3,2,367,17,305,3,672,California
Alpine,2021-04-01,18,993,0,29,18,961,0,3,8,365,10,315,8,680,California
Alpine,2021-04-02,101,1094,1,30,100,1061,0,3,46,357,54,369,46,726,California
Alpine,2021-04-05,4,1098,1,31,3,1064,0,3,0,353,4,373,0,726,California
Alpine,2021-04-06,3,1101,2,33,1,1065,0,3,2,354,1,374,2,728,California
Alpine,2021-04-07,117,1218,0,33,116,1181,1,4,30,299,86,460,31,759,California
Alpine,2021-04-08,37,1255,0,33,35,1216,2,6,10,284,27,487,12,771,California
Alpine,2021-04-09,2,1257,0,33,2,1218,0,6,2,286,0,487,2,773,California
Alpine,2021-04-14,47,1304,0,33,47,1265,0,6,10,259,37,524,10,783,California
Alpine,2021-04-15,35,1339,0,33,35,1300,0,6,3,230,32,556,3,786,California
Alpine,2021-04-16,1,1340,0,33,1,1301,0,6,1,231,0,556,1,787,California
Alpine,2021-04-19,1,1341,0,33,1,1302,0,6,1,232,0,556,1,788,California
Alpine,2021-04-21,31,1372,0,33,31,1333,0,6,15,231,16,572,15,803,California
Alpine,2021-04-22,24,1396,0,33,24,1357,0,6,1,209,23,595,1,804,California
Alpine,2021-04-24,2,1398,2,35,0,1357,0,6,0,208,2,597,1,805,California
Alpine,2021-04-25,1,1399,1,36,0,1357,0,6,0,207,1,598,0,805,California
Alpine,2021-04-27,2,1401,1,37,1,1358,0,6,1,207,1,599,1,806,California
Alpine,2021-04-28,36,1437,0,37,36,1394,0,6,6,183,30,629,6,812,California
Alpine,2021-04-29,7,1444,1,38,6,1400,0,6,1,178,6,635,1,813,California
Alpine,2021-04-30,2,1446,1,39,0,1400,1,7,1,179,1,636,2,815,California
Alpine,2021-05-02,1,1447,0,39,0,1400,1,8,0,179,1,637,1,816,California
Alpine,2021-05-05,17,1464,0,39,17,1417,0,8,4,170,13,650,4,820,California
Alpine,2021-05-06,8,1472,0,39,8,1425,0,8,0,162,8,658,0,820,California
Alpine,2021-05-07,1,1473,0,39,1,1426,0,8,0,161,1,659,0,820,California
Alpine,2021-05-10,1,1474,0,39,1,1427,0,8,1,162,0,659,1,821,California
Alpine,2021-05-12,1,1475,0,39,0,1427,1,9,0,162,1,660,1,822,California
Alpine,2021-05-13,3,1478,0,39,3,1430,0,9,0,159,3,663,0,822,California
Alpine,2021-05-17,2,1480,0,39,2,1432,0,9,1,159,1,664,1,823,California
Alpine,2021-05-18,1,1481,0,39,1,1433,0,9,1,160,0,664,1,824,California
Alpine,2021-05-19,15,1496,0,39,15,1448,0,9,0,145,15,679,0,824,California
Alpine,2021-05-20,1,1497,1,40,0,1448,0,9,0,144,1,680,0,824,California
Alpine,2021-05-21,1,1498,1,41,0,1448,0,9,0,143,1,681,0,824,California
Alpine,2021-05-25,2,1500,0,41,2,1450,0,9,0,141,2,683,0,824,California
Alpine,2021-05-27,3,1503,2,43,1,1451,0,9,3,144,0,683,3,827,California
Alpine,2021-05-28,2,1505,1,44,1,1452,0,9,2,146,0,683,2,829,California
Alpine,2021-05-29,1,1506,0,44,1,1453,0,9,1,147,0,683,1,830,California
Alpine,2021-06-02,8,1514,0,44,8,1461,0,9,1,141,7,690,1,831,California
Alpine,2021-06-04,1,1515,0,44,1,1462,0,9,1,142,0,690,1,832,California
Alpine,2021-06-07,1,1516,0,44,1,1463,0,9,0,141,1,691,0,832,California
Alpine,2021-06-10,1,1517,1,45,0,1463,0,9,1,142,0,691,1,833,California
Alpine,2021-06-15,1,1518,0,45,1,1464,0,9,0,141,1,692,0,833,California
Alpine,2021-06-18,1,1519,1,46,0,1464,0,9,0,140,1,693,0,833,California
Alpine,2021-06-19,1,1520,1,47,0,1464,0,9,0,139,1,694,0,833,California
Alpine,2021-06-25,1,1521,0,47,1,1465,0,9,0,138,1,695,0,833,California
Amador,2020-12-16,2,2,2,2,0,0,0,0,2,2,0,0,2,2,California
Amador,2020-12-17,5,7,5,7,0,0,0,0,5,7,0,0,5,7,California
Amador,2020-12-18,45,52,45,52,0,0,0,0,45,52,0,0,45,52,California
Amador,2020-12-19,16,68,16,68,0,0,0,0,16,68,0,0,16,68,California
Amador,2020-12-20,4,72,4,72,0,0,0,0,4,72,0,0,4,72,California
Amador,2020-12-21,31,103,31,103,0,0,0,0,31,103,0,0,31,103,California
Amador,2020-12-22,35,138,34,137,1,1,0,0,35,138,0,0,35,138,California
Amador,2020-12-23,40,178,39,176,1,2,0,0,40,178,0,0,40,178,California
Amador,2020-12-24,5,183,3,179,2,4,0,0,5,183,0,0,5,183,California
Amador,2020-12-26,5,188,4,183,1,5,0,0,5,188,0,0,5,188,California
Amador,2020-12-27,1,189,0,183,1,6,0,0,1,189,0,0,1,189,California
Amador,2020-12-28,31,220,27,210,4,10,0,0,31,220,0,0,31,220,California
Amador,2020-12-29,25,245,18,228,7,17,0,0,25,245,0,0,25,245,California
Amador,2020-12-30,123,368,77,305,46,63,0,0,123,368,0,0,123,368,California
Amador,2020-12-31,194,562,169,474,25,88,0,0,194,562,0,0,194,562,California
Amador,2021-01-01,2,564,0,474,2,90,0,0,2,564,0,0,2,564,California
Amador,2021-01-02,57,621,57,531,0,90,0,0,57,621,0,0,57,621,California
Amador,2021-01-03,66,687,17,548,49,139,0,0,66,687,0,0,66,687,California
Amador,2021-01-04,125,812,2,550,123,262,0,0,125,812,0,0,125,812,California
Amador,2021-01-05,33,845,3,553,30,292,0,0,32,843,1,1,32,844,California
Amador,2021-01-06,40,885,11,564,29,321,0,0,36,875,4,5,36,880,California
Amador,2021-01-07,229,1114,69,633,160,481,0,0,217,1080,12,17,217,1097,California
Amador,2021-01-08,84,1198,69,702,15,496,0,0,41,1079,43,60,42,1139,California
Amador,2021-01-09,11,1209,11,713,0,496,0,0,2,1072,9,69,2,1141,California
Amador,2021-01-10,6,1215,4,717,2,498,0,0,2,1070,4,73,2,1143,California
Amador,2021-01-11,125,1340,44,761,81,579,0,0,88,1122,37,110,89,1232,California
Amador,2021-01-12,65,1405,50,811,15,594,0,0,41,1139,24,134,41,1273,California
Amador,2021-01-13,40,1445,24,835,16,610,0,0,28,1155,12,146,28,1301,California
Amador,2021-01-14,151,1596,23,858,128,738,0,0,141,1287,10,156,142,1443,California
Amador,2021-01-15,61,1657,26,884,35,773,0,0,52,1330,9,165,52,1495,California
Amador,2021-01-16,19,1676,12,896,7,780,0,0,13,1338,6,171,14,1509,California
Amador,2021-01-17,25,1701,5,901,20,800,0,0,25,1363,0,171,25,1534,California
Amador,2021-01-18,32,1733,28,929,4,804,0,0,10,1351,22,193,10,1544,California
Amador,2021-01-19,125,1858,100,1029,25,829,0,0,81,1388,44,237,81,1625,California
Amador,2021-01-20,183,2041,33,1062,150,979,0,0,168,1542,14,251,168,1793,California
Amador,2021-01-21,259,2300,229,1291,30,1009,0,0,148,1580,111,362,149,1942,California
Amador,2021-01-22,138,2438,75,1366,63,1072,0,0,132,1706,6,368,132,2074,California
Amador,2021-01-23,60,2498,33,1399,27,1099,0,0,57,1760,3,371,57,2131,California
Amador,2021-01-24,28,2526,12,1411,16,1115,0,0,25,1782,3,374,25,2156,California
Amador,2021-01-25,60,2586,29,1440,31,1146,0,0,42,1806,18,392,42,2198,California
Amador,2021-01-26,246,2832,17,1457,229,1375,0,0,236,2032,10,402,236,2434,California
Amador,2021-01-27,301,3133,33,1490,268,1643,0,0,254,2243,44,446,255,2689,California
Amador,2021-01-28,369,3502,97,1587,272,1915,0,0,288,2451,81,527,289,2978,California
Amador,2021-01-29,99,3601,33,1620,66,1981,0,0,84,2520,15,542,84,3062,California
Amador,2021-01-30,188,3789,37,1657,151,2132,0,0,183,2698,5,547,183,3245,California
Amador,2021-01-31,33,3822,28,1685,5,2137,0,0,32,2729,1,548,32,3277,California
Amador,2021-02-01,67,3889,24,1709,43,2180,0,0,40,2742,27,575,40,3317,California
Amador,2021-02-02,216,4105,66,1775,150,2330,0,0,129,2786,85,660,129,3446,California
Amador,2021-02-03,143,4248,39,1814,104,2434,0,0,91,2826,51,711,91,3537,California
Amador,2021-02-04,251,4499,75,1889,176,2610,0,0,164,2905,87,798,166,3703,California
Amador,2021-02-05,334,4833,64,1953,270,2880,0,0,316,3204,17,815,316,4019,California
Amador,2021-02-06,100,4933,81,2034,19,2899,0,0,95,3294,5,820,95,4114,California
Amador,2021-02-07,39,4972,35,2069,4,2903,0,0,35,3326,4,824,36,4150,California
Amador,2021-02-08,92,5064,64,2133,28,2931,0,0,73,3380,19,843,73,4223,California
Amador,2021-02-09,175,5239,82,2215,93,3024,0,0,109,3423,66,909,109,4332,California
Amador,2021-02-10,980,6219,80,2295,900,3924,0,0,946,4335,34,943,946,5278,California
Amador,2021-02-11,311,6530,120,2415,191,4115,0,0,200,4426,109,1052,200,5478,California
Amador,2021-02-12,330,6860,123,2538,207,4322,0,0,255,4606,75,1127,255,5733,California
Amador,2021-02-13,170,7030,83,2621,87,4409,0,0,144,4724,26,1153,144,5877,California
Amador,2021-02-14,122,7152,54,2675,68,4477,0,0,105,4812,17,1170,105,5982,California
Amador,2021-02-15,188,7340,61,2736,127,4604,0,0,171,4967,16,1186,171,6153,California
Amador,2021-02-16,464,7804,51,2787,413,5017,0,0,424,5353,40,1226,426,6579,California
Amador,2021-02-17,263,8067,84,2871,179,5196,0,0,165,5420,98,1324,165,6744,California
Amador,2021-02-18,397,8464,99,2970,298,5494,0,0,332,5688,65,1389,333,7077,California
Amador,2021-02-19,196,8660,78,3048,118,5612,0,0,111,5714,85,1474,111,7188,California
Amador,2021-02-20,97,8757,34,3082,63,5675,0,0,69,5755,28,1502,69,7257,California
Amador,2021-02-21,47,8804,34,3116,13,5688,0,0,14,5737,32,1534,14,7271,California
Amador,2021-02-22,65,8869,26,3142,39,5727,0,0,32,5737,32,1566,32,7303,California
Amador,2021-02-23,323,9192,57,3199,266,5993,0,0,141,5697,182,1748,142,7445,California
Amador,2021-02-24,396,9588,59,3258,337,6330,0,0,263,5831,130,1878,264,7709,California
Amador,2021-02-25,525,10113,119,3377,406,6736,0,0,276,5862,248,2126,279,7988,California
Amador,2021-02-26,633,10746,81,3458,552,7288,0,0,514,6260,118,2244,516,8504,California
Amador,2021-02-27,293,11039,94,3552,199,7487,0,0,98,6170,194,2438,104,8608,California
Amador,2021-02-28,107,11146,56,3608,51,7538,0,0,61,6187,46,2484,63,8671,California
Amador,2021-03-01,199,11345,70,3678,129,7667,0,0,126,6242,73,2557,128,8799,California
Amador,2021-03-02,383,11728,63,3741,320,7987,0,0,334,6528,49,2606,335,9134,California
Amador,2021-03-03,243,11971,79,3820,164,8151,0,0,167,6621,75,2681,168,9302,California
Amador,2021-03-04,499,12470,116,3936,383,8534,0,0,395,6914,103,2784,396,9698,California
Amador,2021-03-05,515,12985,77,4013,438,8972,0,0,292,6989,221,3005,296,9994,California
Amador,2021-03-06,103,13088,50,4063,52,9024,1,1,57,7001,46,3051,58,10052,California
Amador,2021-03-07,65,13153,44,4107,21,9045,0,1,22,6980,43,3094,22,10074,California
Amador,2021-03-08,153,13306,71,4178,81,9126,1,2,92,7012,61,3155,93,10167,California
Amador,2021-03-09,376,13682,52,4230,324,9450,0,2,293,7228,79,3234,295,10462,California
Amador,2021-03-10,519,14201,77,4307,440,9890,2,4,112,6937,407,3641,116,10578,California
Amador,2021-03-11,479,14680,120,4427,349,10239,10,14,300,7073,178,3819,314,10892,California
Amador,2021-03-12,574,15254,70,4497,497,10736,7,21,336,7187,237,4056,351,11243,California
Amador,2021-03-13,116,15370,18,4515,91,10827,7,28,74,7231,42,4098,86,11329,California
Amador,2021-03-14,90,15460,20,4535,67,10894,3,31,22,7188,68,4166,25,11354,California
Amador,2021-03-15,183,15643,27,4562,149,11043,7,38,55,7124,128,4294,64,11418,California
Amador,2021-03-16,454,16097,55,4617,389,11432,10,48,139,6960,313,4607,149,11567,California
Amador,2021-03-17,384,16481,43,4660,338,11770,3,51,262,7104,122,4729,266,11833,California
Amador,2021-03-18,512,16993,99,4759,409,12179,4,55,257,7114,254,4983,264,12097,California
Amador,2021-03-19,540,17533,57,4816,468,12647,15,70,384,7367,154,5137,407,12504,California
Amador,2021-03-20,111,17644,46,4862,65,12712,0,70,46,7351,64,5201,48,12552,California
Amador,2021-03-21,50,17694,37,4899,12,12724,1,71,30,7365,19,5220,33,12585,California
Amador,2021-03-22,115,17809,34,4933,53,12777,28,99,50,7378,65,5285,78,12663,California
Amador,2021-03-23,433,18242,47,4980,379,13156,7,106,274,7502,158,5443,282,12945,California
Amador,2021-03-24,342,18584,35,5015,55,13211,252,358,35,7483,306,5749,287,13232,California
Amador,2021-03-25,610,19194,86,5101,517,13728,7,365,394,7669,215,5964,401,13633,California
Amador,2021-03-26,749,19943,44,5145,698,14426,7,372,280,7497,466,6430,294,13927,California
Amador,2021-03-27,90,20033,15,5160,73,14499,2,374,27,7465,63,6493,31,13958,California
Amador,2021-03-28,70,20103,16,5176,52,14551,2,376,12,7423,57,6550,15,13973,California
Amador,2021-03-29,184,20287,28,5204,155,14706,1,377,78,7403,104,6654,84,14057,California
Amador,2021-03-30,536,20823,28,5232,507,15213,1,378,291,7453,244,6898,294,14351,California
Amador,2021-03-31,201,21024,58,5290,138,15351,5,383,44,7347,155,7053,49,14400,California
Amador,2021-04-01,616,21640,87,5377,529,15880,0,383,263,7263,351,7404,267,14667,California
Amador,2021-04-02,611,22251,39,5416,559,16439,13,396,378,7428,232,7636,397,15064,California
Amador,2021-04-03,87,22338,24,5440,43,16482,20,416,21,7405,66,7702,43,15107,California
Amador,2021-04-04,38,22376,3,5443,29,16511,6,422,15,7403,23,7725,21,15128,California
Amador,2021-04-05,146,22522,53,5496,76,16587,17,439,49,7376,96,7821,69,15197,California
Amador,2021-04-06,505,23027,39,5535,448,17035,18,457,224,7339,279,8100,242,15439,California
Amador,2021-04-07,100,23127,34,5569,47,17082,19,476,43,7346,55,8155,62,15501,California
Amador,2021-04-08,498,23625,84,5653,393,17475,21,497,221,7314,275,8430,243,15744,California
Amador,2021-04-09,483,24108,21,5674,442,17917,20,517,211,7274,271,8701,231,15975,California
Amador,2021-04-10,50,24158,14,5688,27,17944,9,526,22,7277,28,8729,31,16006,California
Amador,2021-04-11,50,24208,25,5713,21,17965,4,530,23,7278,26,8755,27,16033,California
Amador,2021-04-12,98,24306,26,5739,62,18027,10,540,42,7274,56,8811,52,16085,California
Amador,2021-04-13,346,24652,49,5788,297,18324,0,540,66,7063,278,9089,67,16152,California
Amador,2021-04-14,280,24932,26,5814,254,18578,0,540,56,6899,221,9310,57,16209,California
Amador,2021-04-15,342,25274,78,5892,264,18842,0,540,73,6714,258,9568,73,16282,California
Amador,2021-04-16,482,25756,29,5921,453,19295,0,540,381,6999,100,9668,385,16667,California
Amador,2021-04-17,62,25818,34,5955,28,19323,0,540,26,6989,36,9704,26,16693,California
Amador,2021-04-18,28,25846,8,5963,20,19343,0,540,12,6987,15,9719,13,16706,California
Amador,2021-04-19,69,25915,27,5990,42,19385,0,540,30,6981,38,9757,32,16738,California
Amador,2021-04-20,437,26352,55,6045,382,19767,0,540,110,6773,320,10077,112,16850,California
Amador,2021-04-21,88,26440,34,6079,53,19820,1,541,44,6776,42,10119,45,16895,California
Amador,2021-04-22,507,26947,78,6157,428,20248,1,542,99,6490,390,10509,104,16999,California
Amador,2021-04-23,363,27310,47,6204,316,20564,0,542,285,6704,73,10582,287,17286,California
Amador,2021-04-24,50,27360,25,6229,25,20589,0,542,29,6713,20,10602,29,17315,California
Amador,2021-04-25,41,27401,19,6248,22,20611,0,542,29,6730,12,10614,29,17344,California
Amador,2021-04-26,92,27493,27,6275,64,20675,1,543,43,6728,48,10662,46,17390,California
Amador,2021-04-27,501,27994,44,6319,456,21131,1,544,91,6415,406,11068,93,17483,California
Amador,2021-04-28,69,28063,29,6348,37,21168,3,547,41,6431,28,11096,44,17527,California
Amador,2021-04-29,224,28287,69,6417,46,21214,109,656,65,6445,159,11255,173,17700,California
Amador,2021-04-30,342,28629,27,6444,311,21525,4,660,89,6292,253,11508,100,17800,California
Amador,2021-05-01,43,28672,15,6459,23,21548,5,665,22,6300,19,11527,27,17827,California
Amador,2021-05-02,28,28700,14,6473,11,21559,3,668,11,6298,17,11544,15,17842,California
Amador,2021-05-03,68,28768,34,6507,24,21583,10,678,27,6294,41,11585,37,17879,California
Amador,2021-05-04,467,29235,28,6535,432,22015,7,685,68,5970,399,11984,75,17954,California
Amador,2021-05-05,205,29440,152,6687,44,22059,9,694,162,6099,40,12024,169,18123,California
Amador,2021-05-06,110,29550,56,6743,49,22108,5,699,63,6122,45,12069,68,18191,California
Amador,2021-05-07,126,29676,29,6772,90,22198,7,706,66,6135,60,12129,73,18264,California
Amador,2021-05-08,41,29717,8,6780,30,22228,3,709,20,6137,21,12150,23,18287,California
Amador,2021-05-09,16,29733,1,6781,9,22237,6,715,4,6135,12,12162,10,18297,California
Amador,2021-05-10,62,29795,15,6796,44,22281,3,718,26,6128,36,12198,29,18326,California
Amador,2021-05-11,102,29897,34,6830,42,22323,26,744,45,6142,57,12255,71,18397,California
Amador,2021-05-12,69,29966,25,6855,41,22364,3,747,32,6140,37,12292,35,18432,California
Amador,2021-05-13,77,30043,40,6895,31,22395,6,753,37,6144,39,12331,43,18475,California
Amador,2021-05-14,399,30442,38,6933,357,22752,4,757,88,5928,310,12641,94,18569,California
Amador,2021-05-15,51,30493,20,6953,21,22773,10,767,23,5934,28,12669,34,18603,California
Amador,2021-05-16,38,30531,15,6968,23,22796,0,767,17,5930,21,12690,17,18620,California
Amador,2021-05-17,75,30606,22,6990,51,22847,2,769,35,5929,39,12729,38,18658,California
Amador,2021-05-18,252,30858,172,7162,45,22892,35,804,167,6047,84,12813,202,18860,California
Amador,2021-05-19,75,30933,24,7186,47,22939,4,808,35,6049,39,12852,41,18901,California
Amador,2021-05-20,88,31021,46,7232,37,22976,5,813,29,6025,58,12910,34,18935,California
Amador,2021-05-21,273,31294,29,7261,242,23218,2,815,39,5832,234,13144,41,18976,California
Amador,2021-05-22,47,31341,16,7277,26,23244,5,820,13,5817,34,13178,19,18995,California
Amador,2021-05-23,27,31368,5,7282,19,23263,3,823,5,5803,22,13200,8,19003,California
Amador,2021-05-24,89,31457,30,7312,47,23310,12,835,40,5806,49,13249,52,19055,California
Amador,2021-05-25,139,31596,87,7399,27,23337,25,860,80,5854,57,13306,105,19160,California
Amador,2021-05-26,205,31801,161,7560,37,23374,7,867,40,5736,164,13470,46,19206,California
Amador,2021-05-27,81,31882,36,7596,36,23410,9,876,30,5724,51,13521,39,19245,California
Amador,2021-05-28,69,31951,26,7622,39,23449,4,880,29,5717,40,13561,33,19278,California
Amador,2021-05-29,26,31977,2,7624,21,23470,3,883,10,5714,16,13577,13,19291,California
Amador,2021-05-30,19,31996,5,7629,8,23478,6,889,5,5711,14,13591,11,19302,California
Amador,2021-05-31,10,32006,0,7629,9,23487,1,890,2,5706,8,13599,3,19305,California
Amador,2021-06-01,96,32102,67,7696,24,23511,5,895,43,5702,52,13651,48,19353,California
Amador,2021-06-02,47,32149,17,7713,22,23533,8,903,17,5698,30,13681,26,19379,California
Amador,2021-06-03,59,32208,26,7739,28,23561,5,908,19,5683,39,13720,24,19403,California
Amador,2021-06-04,101,32309,22,7761,58,23619,21,929,23,5649,78,13798,44,19447,California
Amador,2021-06-05,39,32348,16,7777,20,23639,3,932,4,5621,35,13833,7,19454,California
Amador,2021-06-06,18,32366,8,7785,9,23648,1,933,8,5620,10,13843,9,19463,California
Amador,2021-06-07,45,32411,18,7803,23,23671,4,937,17,5613,28,13871,21,19484,California
Amador,2021-06-08,176,32587,140,7943,25,23696,11,948,55,5560,120,13991,67,19551,California
Amador,2021-06-09,48,32635,19,7962,20,23716,9,957,12,5545,36,14027,21,19572,California
Amador,2021-06-10,54,32689,22,7984,20,23736,12,969,19,5541,35,14062,31,19603,California
Amador,2021-06-11,56,32745,17,8001,34,23770,5,974,17,5524,39,14101,22,19625,California
Amador,2021-06-12,22,32767,9,8010,11,23781,2,976,8,5521,13,14114,10,19635,California
Amador,2021-06-13,9,32776,2,8012,6,23787,1,977,2,5517,7,14121,3,19638,California
Amador,2021-06-14,47,32823,24,8036,20,23807,3,980,14,5501,33,14154,17,19655,California
Amador,2021-06-15,42,32865,11,8047,19,23826,12,992,17,5505,25,14179,29,19684,California
Amador,2021-06-16,75,32940,34,8081,31,23857,10,1002,34,5508,41,14220,44,19728,California
Amador,2021-06-17,47,32987,23,8104,20,23877,4,1006,28,5522,18,14238,32,19760,California
Amador,2021-06-18,155,33142,119,8223,29,23906,7,1013,62,5498,93,14331,69,19829,California
Amador,2021-06-19,31,33173,8,8231,15,23921,8,1021,11,5498,20,14351,20,19849,California
Amador,2021-06-20,8,33181,6,8237,1,23922,1,1022,3,5497,5,14356,4,19853,California
Amador,2021-06-21,46,33227,14,8251,23,23945,9,1031,15,5490,31,14387,24,19877,California
Amador,2021-06-22,48,33275,28,8279,18,23963,2,1033,35,5514,13,14400,37,19914,California
Amador,2021-06-23,29,33304,18,8297,11,23974,0,1033,21,5527,8,14408,21,19935,California
Amador,2021-06-24,33,33337,17,8314,12,23986,4,1037,24,5547,8,14416,28,19963,California
Amador,2021-06-25,36,33373,26,8340,7,23993,3,1040,30,5575,6,14422,34,19997,California
Amador,2021-06-26,6,33379,3,8343,2,23995,1,1041,5,5580,1,14423,6,20003,California
Butte,2020-12-16,3,3,3,3,0,0,0,0,3,3,0,0,3,3,California
Butte,2020-12-17,21,24,21,24,0,0,0,0,21,24,0,0,21,24,California
Butte,2020-12-18,51,75,51,75,0,0,0,0,51,75,0,0,51,75,California
Butte,2020-12-19,7,82,7,82,0,0,0,0,7,82,0,0,7,82,California
Butte,2020-12-20,10,92,10,92,0,0,0,0,10,92,0,0,10,92,California
Butte,2020-12-21,631,723,631,723,0,0,0,0,631,723,0,0,631,723,California
Butte,2020-12-22,619,1342,617,1340,2,2,0,0,619,1342,0,0,619,1342,California
Butte,2020-12-23,877,2219,861,2201,16,18,0,0,877,2219,0,0,877,2219,California
Butte,2020-12-24,159,2378,155,2356,4,22,0,0,159,2378,0,0,159,2378,California
Butte,2020-12-26,91,2469,89,2445,2,24,0,0,91,2469,0,0,91,2469,California
Butte,2020-12-27,35,2504,34,2479,1,25,0,0,35,2504,0,0,35,2504,California
Butte,2020-12-28,279,2783,273,2752,6,31,0,0,279,2783,0,0,279,2783,California
Butte,2020-12-29,205,2988,181,2933,24,55,0,0,205,2988,0,0,205,2988,California
Butte,2020-12-30,513,3501,291,3224,222,277,0,0,513,3501,0,0,513,3501,California
Butte,2020-12-31,213,3714,18,3242,195,472,0,0,213,3714,0,0,213,3714,California
Butte,2021-01-01,13,3727,5,3247,8,480,0,0,13,3727,0,0,13,3727,California
Butte,2021-01-02,40,3767,37,3284,3,483,0,0,40,3767,0,0,40,3767,California
Butte,2021-01-03,3,3770,0,3284,3,486,0,0,3,3770,0,0,3,3770,California
Butte,2021-01-04,208,3978,175,3459,33,519,0,0,208,3978,0,0,208,3978,California
Butte,2021-01-05,197,4175,152,3611,45,564,0,0,196,4173,1,1,196,4174,California
Butte,2021-01-06,625,4800,395,4006,230,794,0,0,620,4789,5,6,621,4795,California
Butte,2021-01-07,763,5563,369,4375,394,1188,0,0,743,5512,20,26,743,5538,California
Butte,2021-01-08,673,6236,531,4906,142,1330,0,0,626,6091,47,73,626,6164,California
Butte,2021-01-09,13,6249,8,4914,5,1335,0,0,7,6092,6,79,7,6171,California
Butte,2021-01-10,19,6268,5,4919,14,1349,0,0,14,6101,5,84,14,6185,California
Butte,2021-01-11,983,7251,947,5866,36,1385,0,0,356,5833,627,711,359,6544,California
Butte,2021-01-12,700,7951,655,6521,45,1430,0,0,276,5685,424,1135,276,6820,California
Butte,2021-01-13,1571,9522,1076,7597,495,1925,0,0,728,5573,842,1977,730,7550,California
Butte,2021-01-14,1637,11159,893,8490,744,2669,0,0,1440,6817,196,2173,1440,8990,California
Butte,2021-01-15,1062,12221,819,9309,243,2912,0,0,953,7660,110,2283,953,9943,California
Butte,2021-01-16,588,12809,301,9610,287,3199,0,0,543,8158,45,2328,543,10486,California
Butte,2021-01-17,240,13049,65,9675,175,3374,0,0,202,8322,38,2366,202,10688,California
Butte,2021-01-18,347,13396,305,9980,42,3416,0,0,279,8534,67,2433,279,10967,California
Butte,2021-01-19,495,13891,433,10413,62,3478,0,0,223,8485,272,2705,223,11190,California
Butte,2021-01-20,1374,15265,690,11103,684,4162,0,0,1071,9253,303,3008,1071,12261,California
Butte,2021-01-21,1479,16744,868,11971,611,4773,0,0,1371,10517,107,3115,1371,13632,California
Butte,2021-01-22,1140,17884,482,12453,658,5431,0,0,1086,11549,54,3169,1086,14718,California
Butte,2021-01-23,128,18012,85,12538,43,5474,0,0,103,11627,25,3194,103,14821,California
Butte,2021-01-24,8,18020,6,12544,2,5476,0,0,8,11635,0,3194,8,14829,California
Butte,2021-01-25,661,18681,338,12882,323,5799,0,0,498,11970,163,3357,498,15327,California
Butte,2021-01-26,1475,20156,378,13260,1097,6896,0,0,1338,13171,137,3494,1338,16665,California
Butte,2021-01-27,2108,22264,706,13966,1402,8298,0,0,1373,13810,734,4228,1373,18038,California
Butte,2021-01-28,2268,24532,261,14227,2007,10305,0,0,1956,15455,311,4539,1956,19994,California
Butte,2021-01-29,1693,26225,490,14717,1203,11508,0,0,1312,16388,379,4918,1312,21306,California
Butte,2021-01-30,31,26256,8,14725,23,11531,0,0,29,16415,2,4920,29,21335,California
Butte,2021-01-31,16,26272,14,14739,2,11533,0,0,15,16429,1,4921,15,21350,California
Butte,2021-02-01,1760,28032,405,15144,1355,12888,0,0,1367,17407,389,5310,1367,22717,California
Butte,2021-02-02,1939,29971,363,15507,1576,14464,0,0,1636,18739,304,5614,1636,24353,California
Butte,2021-02-03,2755,32726,780,16287,1975,16439,0,0,1856,19698,897,6511,1856,26209,California
Butte,2021-02-04,2978,35704,325,16612,2653,19092,0,0,2416,21555,559,7070,2416,28625,California
Butte,2021-02-05,1279,36983,670,17282,609,19701,0,0,554,21385,725,7795,555,29180,California
Butte,2021-02-06,150,37133,105,17387,45,19746,0,0,65,21365,85,7880,65,29245,California
Butte,2021-02-07,39,37172,35,17422,4,19750,0,0,14,21354,25,7905,14,29259,California
Butte,2021-02-08,699,37871,547,17969,152,19902,0,0,240,21136,458,8363,240,29499,California
Butte,2021-02-09,955,38826,460,18429,495,20397,0,0,724,21629,231,8594,724,30223,California
Butte,2021-02-10,1709,40535,1190,19619,519,20916,0,0,671,21264,1036,9630,671,30894,California
Butte,2021-02-11,2205,42740,1346,20965,859,21775,0,0,1005,21069,1200,10830,1005,31899,California
Butte,2021-02-12,1000,43740,435,21400,565,22340,0,0,323,20716,676,11506,323,32222,California
Butte,2021-02-13,250,43990,43,21443,207,22547,0,0,149,20764,101,11607,149,32371,California
Butte,2021-02-14,164,44154,10,21453,154,22701,0,0,158,20916,6,11613,158,32529,California
Butte,2021-02-15,263,44417,49,21502,214,22915,0,0,196,21045,67,11680,196,32725,California
Butte,2021-02-16,737,45154,435,21937,302,23217,0,0,280,20867,458,12138,280,33005,California
Butte,2021-02-17,1522,46676,852,22789,670,23887,0,0,845,21037,675,12813,845,33850,California
Butte,2021-02-18,1570,48246,769,23558,801,24688,0,0,757,20981,813,13626,757,34607,California
Butte,2021-02-19,1171,49417,391,23949,780,25468,0,0,400,20617,764,14390,400,35007,California
Butte,2021-02-20,484,49901,32,23981,452,25920,0,0,126,20386,357,14747,126,35133,California
Butte,2021-02-21,18,49919,16,23997,2,25922,0,0,13,20394,5,14752,13,35146,California
Butte,2021-02-22,1506,51425,295,24292,1211,27133,0,0,376,19644,1126,15878,376,35522,California
Butte,2021-02-23,1639,53064,296,24588,1343,28476,0,0,465,18941,1168,17046,465,35987,California
Butte,2021-02-24,2140,55204,597,25185,1543,30019,0,0,724,18257,1408,18454,724,36711,California
Butte,2021-02-25,2080,57284,577,25762,1503,31522,0,0,653,17490,1421,19875,654,37365,California
Butte,2021-02-26,924,58208,310,26072,614,32136,0,0,399,17368,521,20396,399,37764,California
Butte,2021-02-27,241,58449,50,26122,191,32327,0,0,189,17507,50,20446,189,37953,California
Butte,2021-02-28,143,58592,17,26139,126,32453,0,0,135,17634,8,20454,135,38088,California
Butte,2021-03-01,1642,60234,182,26321,1459,33912,1,1,338,16674,1299,21753,339,38427,California
Butte,2021-03-02,1753,61987,201,26522,1552,35464,0,1,306,15538,1442,23195,306,38733,California
Butte,2021-03-03,2795,64782,856,27378,1939,37403,0,1,481,13710,2309,25504,481,39214,California
Butte,2021-03-04,3157,67939,683,28061,2474,39877,0,1,628,11811,2527,28031,628,39842,California
Butte,2021-03-05,1360,69299,620,28681,739,40616,1,2,736,11928,620,28651,737,40579,California
Butte,2021-03-06,250,69549,27,28708,200,40816,23,25,187,12076,62,28713,210,40789,California
Butte,2021-03-07,56,69605,3,28711,36,40852,17,42,31,12099,25,28738,48,40837,California
Butte,2021-03-08,1273,70878,131,28842,1064,41916,78,120,1103,13113,167,28905,1181,42018,California
Butte,2021-03-09,1908,72786,284,29126,1522,43438,102,222,1413,14137,491,29396,1515,43533,California
Butte,2021-03-10,2325,75111,972,30098,1253,44691,100,322,1581,15080,738,30134,1681,45214,California
Butte,2021-03-11,2817,77928,1322,31420,1367,46058,128,450,1979,16360,827,30961,2107,47321,California
Butte,2021-03-12,1165,79093,333,31753,465,46523,367,817,355,16278,804,31765,722,48043,California
Butte,2021-03-13,274,79367,70,31823,143,46666,61,878,65,16194,209,31974,125,48168,California
Butte,2021-03-14,164,79531,16,31839,106,46772,42,920,21,16115,142,32116,63,48231,California
Butte,2021-03-15,1739,81270,358,32197,1087,47859,294,1214,1145,16969,585,32701,1439,49670,California
Butte,2021-03-16,1668,82938,431,32628,1158,49017,79,1293,1110,17604,553,33254,1188,50858,California
Butte,2021-03-17,1961,84899,1358,33986,522,49539,81,1374,1139,18009,814,34068,1219,52077,California
Butte,2021-03-18,1813,86712,1464,35450,220,49759,129,1503,1063,18456,744,34812,1191,53268,California
Butte,2021-03-19,697,87409,312,35762,301,50060,84,1587,344,18540,344,35156,428,53696,California
Butte,2021-03-20,209,87618,31,35793,161,50221,17,1604,97,18542,112,35268,114,53810,California
Butte,2021-03-21,73,87691,40,35833,4,50225,29,1633,25,18550,46,35314,54,53864,California
Butte,2021-03-22,1506,89197,372,36205,1039,51264,95,1728,1239,19618,265,35579,1333,55197,California
Butte,2021-03-23,1860,91057,523,36728,1223,52487,114,1842,1507,20890,349,35928,1621,56818,California
Butte,2021-03-24,2267,93324,1270,37998,871,53358,126,1968,1713,22179,549,36477,1838,58656,California
Butte,2021-03-25,1486,94810,1200,39198,194,53552,92,2060,1018,22825,464,36941,1110,59766,California
Butte,2021-03-26,1213,96023,442,39640,524,54076,247,2307,563,22992,643,37584,810,60576,California
Butte,2021-03-27,304,96327,85,39725,195,54271,24,2331,135,22983,166,37750,157,60733,California
Butte,2021-03-28,229,96556,45,39770,176,54447,8,2339,103,22970,123,37873,110,60843,California
Butte,2021-03-29,1762,98318,381,40151,1311,55758,70,2409,1341,23965,416,38289,1411,62254,California
Butte,2021-03-30,1037,99355,471,40622,476,56234,90,2499,490,24004,541,38830,580,62834,California
Butte,2021-03-31,1777,101132,1302,41924,408,56642,67,2566,1084,24469,686,39516,1151,63985,California
Butte,2021-04-01,3339,104471,2713,44637,497,57139,129,2695,2262,25790,1070,40586,2391,66376,California
Butte,2021-04-02,1008,105479,422,45059,465,57604,121,2816,568,26045,432,41018,687,67063,California
Butte,2021-04-03,346,105825,47,45106,225,57829,74,2890,164,26101,182,41200,238,67301,California
Butte,2021-04-04,189,106014,25,45131,141,57970,23,2913,110,26157,77,41277,133,67434,California
Butte,2021-04-05,1972,107986,420,45551,1381,59351,171,3084,595,25553,1368,42645,764,68198,California
Butte,2021-04-06,2216,110202,620,46171,1173,60524,423,3507,804,25375,1403,44048,1225,69423,California
Butte,2021-04-07,3041,113243,1322,47493,1326,61850,393,3900,716,24165,2319,46367,1109,70532,California
Butte,2021-04-08,2754,115997,1202,48695,1283,63133,269,4169,459,22601,2292,48659,728,71260,California
Butte,2021-04-09,1378,117375,354,49049,542,63675,482,4651,330,22364,1044,49703,807,72067,California
Butte,2021-04-10,228,117603,48,49097,80,63755,100,4751,102,22440,125,49828,201,72268,California
Butte,2021-04-11,107,117710,44,49141,53,63808,10,4761,83,22510,23,49851,93,72361,California
Butte,2021-04-12,1415,119125,315,49456,966,64774,134,4895,234,21697,1181,51032,368,72729,California
Butte,2021-04-13,1654,120779,574,50030,1074,65848,6,4901,345,20746,1302,52334,351,73080,California
Butte,2021-04-14,2852,123631,2359,52389,493,66341,0,4901,1326,20552,1521,53855,1327,74407,California
Butte,2021-04-15,646,124277,397,52786,249,66590,0,4901,484,20879,157,54012,484,74891,California
Butte,2021-04-16,816,125093,419,53205,397,66987,0,4901,482,21029,332,54344,482,75373,California
Butte,2021-04-17,346,125439,62,53267,284,67271,0,4901,242,21169,102,54446,242,75615,California
Butte,2021-04-18,57,125496,23,53290,34,67305,0,4901,44,21200,13,54459,44,75659,California
Butte,2021-04-19,1565,127061,383,53673,1182,68487,0,4901,418,20474,1144,55603,418,76077,California
Butte,2021-04-20,2031,129092,765,54438,1266,69753,0,4901,759,19969,1264,56867,759,76836,California
Butte,2021-04-21,2110,131202,1227,55665,883,70636,0,4901,487,18840,1616,58483,487,77323,California
Butte,2021-04-22,2271,133473,1986,57651,285,70921,0,4901,626,17826,1640,60123,626,77949,California
Butte,2021-04-23,972,134445,474,58125,498,71419,0,4901,492,17839,479,60602,492,78441,California
Butte,2021-04-24,347,134792,137,58262,210,71629,0,4901,191,17874,156,60758,191,78632,California
Butte,2021-04-25,174,134966,69,58331,105,71734,0,4901,65,17830,109,60867,65,78697,California
Butte,2021-04-26,1575,136541,470,58801,1100,72834,5,4906,410,17085,1160,62027,415,79112,California
Butte,2021-04-27,1035,137576,695,59496,313,73147,27,4933,588,17259,442,62469,616,79728,California
Butte,2021-04-28,1429,139005,975,60471,429,73576,25,4958,510,16879,915,63384,535,80263,California
Butte,2021-04-29,914,139919,569,61040,320,73896,25,4983,312,16620,596,63980,337,80600,California
Butte,2021-04-30,924,140843,417,61457,486,74382,21,5004,466,16655,451,64431,486,81086,California
Butte,2021-05-01,243,141086,64,61521,158,74540,21,5025,72,16577,168,64599,90,81176,California
Butte,2021-05-02,151,141237,63,61584,75,74615,13,5038,43,16525,108,64707,56,81232,California
Butte,2021-05-03,635,141872,257,61841,347,74962,31,5069,177,16285,448,65155,208,81440,California
Butte,2021-05-04,848,142720,343,62184,473,75435,32,5101,223,15920,619,65774,254,81694,California
Butte,2021-05-05,1373,144093,1120,63304,215,75650,38,5139,292,15175,1075,66849,330,82024,California
Butte,2021-05-06,965,145058,701,64005,225,75875,39,5178,366,14984,596,67445,405,82429,California
Butte,2021-05-07,582,145640,311,64316,235,76110,36,5214,297,15034,282,67727,332,82761,California
Butte,2021-05-08,189,145829,53,64369,125,76235,11,5225,92,15041,96,67823,103,82864,California
Butte,2021-05-09,104,145933,27,64396,74,76309,3,5228,55,15050,49,67872,58,82922,California
Butte,2021-05-10,534,146467,316,64712,173,76482,45,5273,213,14990,318,68190,258,83180,California
Butte,2021-05-11,914,147381,660,65372,194,76676,60,5333,295,14729,616,68806,355,83535,California
Butte,2021-05-12,784,148165,483,65855,254,76930,47,5380,335,14667,444,69250,382,83917,California
Butte,2021-05-13,942,149107,622,66477,255,77185,65,5445,345,14489,586,69836,408,84325,California
Butte,2021-05-14,866,149973,540,67017,293,77478,33,5478,376,14410,487,70323,408,84733,California
Butte,2021-05-15,504,150477,244,67261,226,77704,34,5512,237,14415,266,70589,271,85004,California
Butte,2021-05-16,168,150645,82,67343,68,77772,18,5530,98,14462,69,70658,116,85120,California
Butte,2021-05-17,767,151412,494,67837,224,77996,49,5579,328,14403,435,71093,376,85496,California
Butte,2021-05-18,1067,152479,734,68571,284,78280,49,5628,474,14339,587,71680,523,86019,California
Butte,2021-05-19,827,153306,536,69107,247,78527,44,5672,322,14204,500,72180,365,86384,California
Butte,2021-05-20,984,154290,659,69766,215,78742,110,5782,383,14098,598,72778,492,86876,California
Butte,2021-05-21,891,155181,544,70310,321,79063,26,5808,293,13822,594,73372,318,87194,California
Butte,2021-05-22,298,155479,138,70448,145,79208,15,5823,144,13829,151,73523,158,87352,California
Butte,2021-05-23,131,155610,82,70530,48,79256,1,5824,79,13857,52,73575,80,87432,California
Butte,2021-05-24,353,155963,165,70695,138,79394,50,5874,177,13909,174,73749,226,87658,California
Butte,2021-05-25,700,156663,449,71144,215,79609,36,5910,343,13938,350,74099,379,88037,California
Butte,2021-05-26,562,157225,180,71324,359,79968,23,5933,243,13892,311,74410,265,88302,California
Butte,2021-05-27,863,158088,622,71946,223,80191,18,5951,420,13893,438,74848,439,88741,California
Butte,2021-05-28,519,158607,140,72086,300,80491,79,6030,211,13878,305,75153,290,89031,California
Butte,2021-05-29,224,158831,116,72202,96,80587,12,6042,143,13952,81,75234,155,89186,California
Butte,2021-05-30,107,158938,56,72258,51,80638,0,6042,59,13963,48,75282,59,89245,California
Butte,2021-05-31,44,158982,23,72281,18,80656,3,6045,25,13972,19,75301,28,89273,California
Butte,2021-06-01,677,159659,427,72708,214,80870,36,6081,253,13840,421,75722,289,89562,California
Butte,2021-06-02,819,160478,566,73274,208,81078,45,6126,351,13771,464,76186,395,89957,California
Butte,2021-06-03,624,161102,420,73694,187,81265,17,6143,206,13579,415,76601,223,90180,California
Butte,2021-06-04,482,161584,275,73969,179,81444,28,6171,146,13424,329,76930,174,90354,California
Butte,2021-06-05,321,161905,208,74177,93,81537,20,6191,97,13319,222,77152,117,90471,California
Butte,2021-06-06,134,162039,99,74276,33,81570,2,6193,32,13252,101,77253,34,90505,California
Butte,2021-06-07,402,162441,258,74534,115,81685,29,6222,168,13216,233,77486,197,90702,California
Butte,2021-06-08,648,163089,467,75001,163,81848,18,6240,177,12952,460,77946,196,90898,California
Butte,2021-06-09,432,163521,295,75296,118,81966,19,6259,145,12835,281,78227,164,91062,California
Butte,2021-06-10,632,164153,449,75745,151,82117,32,6291,234,12703,396,78623,264,91326,California
Butte,2021-06-11,444,164597,264,76009,159,82276,21,6312,148,12578,294,78917,169,91495,California
Butte,2021-06-12,253,164850,155,76164,88,82364,10,6322,76,12488,176,79093,86,91581,California
Butte,2021-06-13,97,164947,64,76228,30,82394,3,6325,20,12434,77,79170,23,91604,California
Butte,2021-06-14,387,165334,232,76460,135,82529,20,6345,136,12341,250,79420,157,91761,California
Butte,2021-06-15,547,165881,384,76844,137,82666,26,6371,161,12148,380,79800,187,91948,California
Butte,2021-06-16,418,166299,257,77101,116,82782,45,6416,170,12117,245,80045,214,92162,California
Butte,2021-06-17,580,166879,432,77533,121,82903,27,6443,179,11923,400,80445,206,92368,California
Butte,2021-06-18,407,167286,203,77736,151,83054,53,6496,158,11884,247,80692,208,92576,California
Butte,2021-06-19,207,167493,153,77889,49,83103,5,6501,92,11866,115,80807,97,92673,California
Butte,2021-06-20,93,167586,68,77957,25,83128,0,6501,24,11821,69,80876,24,92697,California
Butte,2021-06-21,276,167862,163,78120,91,83219,22,6523,131,11831,143,81019,153,92850,California
Butte,2021-06-22,421,168283,274,78394,121,83340,26,6549,151,11742,266,81285,177,93027,California
Butte,2021-06-23,440,168723,330,78724,89,83429,21,6570,160,11643,279,81564,180,93207,California
Butte,2021-06-24,412,169135,281,79005,104,83533,27,6597,151,11560,260,81824,177,93384,California
Butte,2021-06-25,396,169531,193,79198,180,83713,23,6620,150,11488,245,82069,173,93557,California
Butte,2021-06-26,55,169586,32,79230,23,83736,0,6620,29,11491,26,82095,29,93586,California
Calaveras,2020-12-16,5,5,5,5,0,0,0,0,5,5,0,0,5,5,California
Calaveras,2020-12-17,3,8,3,8,0,0,0,0,3,8,0,0,3,8,California
Calaveras,2020-12-18,39,47,39,47,0,0,0,0,39,47,0,0,39,47,California
Calaveras,2020-12-19,3,50,3,50,0,0,0,0,3,50,0,0,3,50,California
Calaveras,2020-12-20,4,54,4,54,0,0,0,0,4,54,0,0,4,54,California
Calaveras,2020-12-21,54,108,47,101,7,7,0,0,54,108,0,0,54,108,California
Calaveras,2020-12-22,81,189,77,178,4,11,0,0,82,190,0,0,82,190,California
Calaveras,2020-12-23,76,265,74,252,2,13,0,0,76,266,0,0,76,266,California
Calaveras,2020-12-24,2,267,2,254,0,13,0,0,2,268,0,0,2,268,California
Calaveras,2020-12-26,3,270,3,257,0,13,0,0,3,271,0,0,3,271,California
Calaveras,2020-12-28,21,291,17,274,4,17,0,0,20,290,1,1,20,291,California
Calaveras,2020-12-29,160,451,138,412,22,39,0,0,160,450,0,1,160,451,California
Calaveras,2020-12-30,94,545,82,494,12,51,0,0,94,544,0,1,94,545,California
Calaveras,2020-12-31,37,582,26,520,11,62,0,0,37,581,0,1,37,582,California
Calaveras,2021-01-02,11,593,11,531,0,62,0,0,11,592,0,1,11,593,California
Calaveras,2021-01-03,10,603,4,535,6,68,0,0,10,602,0,1,10,603,California
Calaveras,2021-01-04,33,636,5,540,28,96,0,0,33,635,0,1,33,636,California
Calaveras,2021-01-05,41,677,10,550,31,127,0,0,32,663,9,10,37,673,California
Calaveras,2021-01-06,107,784,30,580,77,204,0,0,97,750,10,20,97,770,California
Calaveras,2021-01-07,105,889,26,606,79,283,0,0,92,832,11,31,93,863,California
Calaveras,2021-01-08,69,958,39,645,30,313,0,0,45,855,24,55,47,910,California
Calaveras,2021-01-09,5,963,5,650,0,313,0,0,2,854,3,58,2,912,California
Calaveras,2021-01-10,2,965,0,650,2,315,0,0,2,856,0,58,2,914,California
Calaveras,2021-01-11,65,1030,59,709,6,321,0,0,27,848,37,95,29,943,California
Calaveras,2021-01-12,85,1115,52,761,33,354,0,0,52,868,33,128,53,996,California
Calaveras,2021-01-13,109,1224,45,806,64,418,0,0,75,910,34,162,76,1072,California
Calaveras,2021-01-14,141,1365,44,850,97,515,0,0,108,987,32,194,109,1181,California
Calaveras,2021-01-15,92,1457,28,878,64,579,0,0,72,1039,20,214,72,1253,California
Calaveras,2021-01-16,13,1470,2,880,11,590,0,0,12,1050,1,215,12,1265,California
Calaveras,2021-01-17,9,1479,1,881,8,598,0,0,9,1059,0,215,9,1274,California
Calaveras,2021-01-18,134,1613,20,901,114,712,0,0,119,1167,15,230,123,1397,California
Calaveras,2021-01-19,208,1821,177,1078,31,743,0,0,70,1102,137,367,72,1469,California
Calaveras,2021-01-20,378,2199,82,1160,296,1039,0,0,285,1312,92,459,302,1771,California
Calaveras,2021-01-21,465,2664,42,1202,423,1462,0,0,423,1711,42,501,441,2212,California
Calaveras,2021-01-22,402,3066,23,1225,379,1841,0,0,386,2094,16,517,399,2611,California
Calaveras,2021-01-23,18,3084,8,1233,10,1851,0,0,17,2110,1,518,17,2628,California
Calaveras,2021-01-24,14,3098,8,1241,6,1857,0,0,12,2120,2,520,12,2640,California
Calaveras,2021-01-25,87,3185,7,1248,80,1937,0,0,82,2197,5,525,82,2722,California
Calaveras,2021-01-26,48,3233,16,1264,32,1969,0,0,39,2227,9,534,39,2761,California
Calaveras,2021-01-27,130,3363,46,1310,84,2053,0,0,101,2300,28,562,101,2862,California
Calaveras,2021-01-28,165,3528,25,1335,140,2193,0,0,137,2415,28,590,143,3005,California
Calaveras,2021-01-29,369,3897,13,1348,356,2549,0,0,336,2733,33,623,351,3356,California
Calaveras,2021-01-30,27,3924,10,1358,17,2566,0,0,25,2758,0,623,25,3381,California
Calaveras,2021-01-31,6,3930,4,1362,2,2568,0,0,5,2762,1,624,5,3386,California
Calaveras,2021-02-01,28,3958,12,1374,16,2584,0,0,19,2772,9,633,19,3405,California
Calaveras,2021-02-02,109,4067,22,1396,87,2671,0,0,70,2809,34,667,71,3476,California
Calaveras,2021-02-03,436,4503,44,1440,392,3063,0,0,351,3078,84,751,353,3829,California
Calaveras,2021-02-04,384,4887,25,1465,359,3422,0,0,299,3296,85,836,303,4132,California
Calaveras,2021-02-05,79,4966,22,1487,57,3479,0,0,40,3299,39,875,42,4174,California
Calaveras,2021-02-06,22,4988,12,1499,10,3489,0,0,22,3321,0,875,22,4196,California
Calaveras,2021-02-07,5,4993,1,1500,4,3493,0,0,2,3321,2,877,2,4198,California
Calaveras,2021-02-08,41,5034,19,1519,22,3515,0,0,33,3348,6,883,33,4231,California
Calaveras,2021-02-09,192,5226,76,1595,116,3631,0,0,129,3417,61,944,130,4361,California
Calaveras,2021-02-10,516,5742,32,1627,484,4115,0,0,442,3793,74,1018,450,4811,California
Calaveras,2021-02-11,587,6329,84,1711,503,4618,0,0,468,4157,116,1134,480,5291,California
Calaveras,2021-02-12,570,6899,324,2035,246,4864,0,0,486,4570,82,1216,495,5786,California
Calaveras,2021-02-13,200,7099,45,2080,155,5019,0,0,185,4740,15,1231,185,5971,California
Calaveras,2021-02-14,223,7322,71,2151,152,5171,0,0,207,4933,14,1245,207,6178,California
Calaveras,2021-02-15,383,7705,24,2175,359,5530,0,0,261,5078,118,1363,263,6441,California
Calaveras,2021-02-16,269,7974,145,2320,124,5654,0,0,231,5274,38,1401,234,6675,California
Calaveras,2021-02-17,514,8488,40,2360,474,6128,0,0,206,5195,291,1692,212,6887,California
Calaveras,2021-02-18,499,8987,92,2452,407,6535,0,0,95,4911,380,2072,96,6983,California
Calaveras,2021-02-19,440,9427,43,2495,397,6932,0,0,97,4681,328,2400,98,7081,California
Calaveras,2021-02-20,58,9485,15,2510,43,6975,0,0,48,4719,10,2410,48,7129,California
Calaveras,2021-02-21,25,9510,15,2525,10,6985,0,0,18,4731,6,2416,18,7147,California
Calaveras,2021-02-22,62,9572,38,2563,24,7009,0,0,33,4735,29,2445,33,7180,California
Calaveras,2021-02-23,128,9700,43,2606,85,7094,0,0,90,4790,38,2483,93,7273,California
Calaveras,2021-02-24,97,9797,48,2654,49,7143,0,0,67,4828,29,2512,67,7340,California
Calaveras,2021-02-25,554,10351,102,2756,452,7595,0,0,355,5000,191,2703,363,7703,California
Calaveras,2021-02-26,778,11129,45,2801,733,8328,0,0,411,5070,343,3046,413,8116,California
Calaveras,2021-02-27,204,11333,23,2824,181,8509,0,0,180,5226,24,3070,180,8296,California
Calaveras,2021-02-28,96,11429,15,2839,81,8590,0,0,91,5312,5,3075,91,8387,California
Calaveras,2021-03-01,244,11673,46,2885,198,8788,0,0,151,5376,89,3164,153,8540,California
Calaveras,2021-03-02,254,11927,100,2985,154,8942,0,0,205,5538,46,3210,208,8748,California
Calaveras,2021-03-03,561,12488,106,3091,455,9397,0,0,218,5420,337,3547,219,8967,California
Calaveras,2021-03-04,748,13236,70,3161,677,10074,1,1,349,5385,390,3937,355,9322,California
Calaveras,2021-03-05,455,13691,271,3432,180,10254,4,5,141,5228,302,4239,145,9467,California
Calaveras,2021-03-06,154,13845,42,3474,106,10360,6,11,113,5307,41,4280,120,9587,California
Calaveras,2021-03-07,76,13921,32,3506,37,10397,7,18,35,5308,41,4321,42,9629,California
Calaveras,2021-03-08,166,14087,29,3535,129,10526,8,26,130,5412,35,4356,139,9768,California
Calaveras,2021-03-09,369,14456,138,3673,225,10751,6,32,32,5119,331,4687,38,9806,California
Calaveras,2021-03-10,431,14887,35,3708,393,11144,3,35,58,4818,363,5050,62,9868,California
Calaveras,2021-03-11,869,15756,435,4143,421,11565,13,48,432,4842,423,5473,447,10315,California
Calaveras,2021-03-12,422,16178,221,4364,191,11756,10,58,322,5086,99,5572,343,10658,California
Calaveras,2021-03-13,188,16366,18,4382,162,11918,8,66,138,5188,48,5620,150,10808,California
Calaveras,2021-03-14,156,16522,11,4393,144,12062,1,67,18,5075,138,5758,25,10833,California
Calaveras,2021-03-15,333,16855,50,4443,258,12320,25,92,54,4880,278,6036,83,10916,California
Calaveras,2021-03-16,691,17546,554,4997,117,12437,20,112,546,5303,143,6179,566,11482,California
Calaveras,2021-03-17,288,17834,53,5050,221,12658,14,126,53,5142,229,6408,68,11550,California
Calaveras,2021-03-18,666,18500,570,5620,80,12738,16,142,547,5589,119,6527,566,12116,California
Calaveras,2021-03-19,233,18733,50,5670,109,12847,74,216,59,5550,170,6697,131,12247,California
Calaveras,2021-03-20,80,18813,22,5692,57,12904,1,217,22,5516,58,6755,24,12271,California
Calaveras,2021-03-21,47,18860,29,5721,7,12911,11,228,9,5501,37,6792,22,12293,California
Calaveras,2021-03-22,80,18940,36,5757,23,12934,21,249,25,5492,55,6847,46,12339,California
Calaveras,2021-03-23,297,19237,205,5962,82,13016,10,259,116,5449,169,7016,126,12465,California
Calaveras,2021-03-24,136,19373,52,6014,74,13090,10,269,44,5413,90,7106,54,12519,California
Calaveras,2021-03-25,748,20121,105,6119,639,13729,4,273,448,5575,290,7396,452,12971,California
Calaveras,2021-03-26,430,20551,28,6147,396,14125,6,279,89,5334,338,7734,97,13068,California
Calaveras,2021-03-27,211,20762,20,6167,187,14312,4,283,37,5206,171,7905,43,13111,California
Calaveras,2021-03-28,112,20874,12,6179,98,14410,2,285,8,5114,103,8008,11,13122,California
Calaveras,2021-03-29,185,21059,25,6204,157,14567,3,288,59,5054,123,8131,63,13185,California
Calaveras,2021-03-30,540,21599,25,6229,498,15065,17,305,362,5256,177,8308,379,13564,California
Calaveras,2021-03-31,327,21926,143,6372,174,15239,10,315,159,5258,168,8476,170,13734,California
Calaveras,2021-04-01,689,22615,445,6817,243,15482,1,316,182,4948,503,8979,193,13927,California
Calaveras,2021-04-02,397,23012,232,7049,157,15639,8,324,116,4801,274,9253,127,14054,California
Calaveras,2021-04-03,143,23155,34,7083,105,15744,4,328,40,4742,103,9356,44,14098,California
Calaveras,2021-04-04,82,23237,26,7109,56,15800,0,328,50,4760,32,9388,50,14148,California
Calaveras,2021-04-05,212,23449,81,7190,121,15921,10,338,100,4758,112,9500,110,14258,California
Calaveras,2021-04-06,655,24104,575,7765,66,15987,14,352,114,4349,537,10037,128,14386,California
Calaveras,2021-04-07,760,24864,662,8427,61,16048,37,389,619,4867,141,10178,659,15045,California
Calaveras,2021-04-08,947,25811,855,9282,70,16118,22,411,434,4816,510,10688,459,15504,California
Calaveras,2021-04-09,156,25967,59,9341,48,16166,49,460,55,4824,99,10787,107,15611,California
Calaveras,2021-04-10,192,26159,42,9383,131,16297,19,479,148,4949,43,10830,168,15779,California
Calaveras,2021-04-11,70,26229,45,9428,23,16320,2,481,49,4979,21,10851,51,15830,California
Calaveras,2021-04-12,107,26336,46,9474,42,16362,19,500,57,5006,50,10901,77,15907,California
Calaveras,2021-04-13,427,26763,372,9846,55,16417,0,500,366,5315,60,10961,369,16276,California
Calaveras,2021-04-14,184,26947,28,9874,156,16573,0,500,135,5402,49,11010,136,16412,California
Calaveras,2021-04-15,334,27281,283,10157,51,16624,0,500,245,5564,85,11095,247,16659,California
Calaveras,2021-04-16,108,27389,32,10189,76,16700,0,500,50,5564,51,11146,51,16710,California
Calaveras,2021-04-17,332,27721,128,10317,204,16904,0,500,290,5812,42,11188,290,17000,California
Calaveras,2021-04-18,18,27739,5,10322,13,16917,0,500,11,5816,7,11195,11,17011,California
Calaveras,2021-04-19,75,27814,27,10349,48,16965,0,500,44,5832,30,11225,46,17057,California
Calaveras,2021-04-20,271,28085,94,10443,177,17142,0,500,197,5962,68,11293,198,17255,California
Calaveras,2021-04-21,216,28301,145,10588,71,17213,0,500,83,5915,131,11424,84,17339,California
Calaveras,2021-04-22,545,28846,96,10684,449,17662,0,500,143,5661,399,11823,145,17484,California
Calaveras,2021-04-23,159,29005,80,10764,79,17741,0,500,64,5633,92,11915,64,17548,California
Calaveras,2021-04-24,172,29177,37,10801,135,17876,0,500,129,5721,42,11957,130,17678,California
Calaveras,2021-04-25,42,29219,28,10829,14,17890,0,500,21,5723,21,11978,23,17701,California
Calaveras,2021-04-26,119,29338,74,10903,45,17935,0,500,35,5676,83,12061,36,17737,California
Calaveras,2021-04-27,444,29782,74,10977,357,18292,13,513,57,5363,383,12444,70,17807,California
Calaveras,2021-04-28,649,30431,578,11555,40,18332,31,544,55,4864,592,13036,93,17900,California
Calaveras,2021-04-29,518,30949,442,11997,57,18389,19,563,73,4518,443,13479,97,17997,California
Calaveras,2021-04-30,152,31101,61,12058,86,18475,5,568,67,4512,84,13563,78,18075,California
Calaveras,2021-05-01,202,31303,111,12169,88,18563,3,571,134,4586,67,13630,141,18216,California
Calaveras,2021-05-02,53,31356,36,12205,16,18579,1,572,20,4577,31,13661,22,18238,California
Calaveras,2021-05-03,94,31450,69,12274,20,18599,5,577,30,4553,63,13724,39,18277,California
Calaveras,2021-05-04,419,31869,330,12604,52,18651,37,614,44,4261,374,14098,82,18359,California
Calaveras,2021-05-05,113,31982,58,12662,23,18674,32,646,50,4281,61,14159,81,18440,California
Calaveras,2021-05-06,255,32237,194,12856,37,18711,24,670,47,4147,206,14365,72,18512,California
Calaveras,2021-05-07,89,32326,25,12881,58,18769,6,676,58,4180,31,14396,64,18576,California
Calaveras,2021-05-08,290,32616,143,13024,145,18914,2,678,90,4076,196,14592,92,18668,California
Calaveras,2021-05-09,29,32645,12,13036,14,18928,3,681,13,4076,16,14608,16,18684,California
Calaveras,2021-05-10,60,32705,25,13061,34,18962,1,682,28,4076,30,14638,30,18714,California
Calaveras,2021-05-11,136,32841,91,13152,33,18995,12,694,95,4144,40,14678,108,18822,California
Calaveras,2021-05-12,170,33011,48,13200,122,19117,0,694,52,4079,117,14795,52,18874,California
Calaveras,2021-05-13,121,33132,66,13266,40,19157,15,709,65,4106,54,14849,81,18955,California
Calaveras,2021-05-14,149,33281,92,13358,54,19211,3,712,100,4161,48,14897,103,19058,California
Calaveras,2021-05-15,267,33548,95,13453,169,19380,3,715,106,4115,155,15052,109,19167,California
Calaveras,2021-05-16,29,33577,12,13465,17,19397,0,715,14,4115,15,15067,15,19182,California
Calaveras,2021-05-17,90,33667,42,13507,41,19438,7,722,47,4128,42,15109,55,19237,California
Calaveras,2021-05-18,227,33894,61,13568,144,19582,22,744,72,4068,154,15263,94,19331,California
Calaveras,2021-05-19,150,34044,62,13630,84,19666,4,748,72,4068,77,15340,77,19408,California
Calaveras,2021-05-20,204,34248,80,13710,98,19764,26,774,66,4024,135,15475,91,19499,California
Calaveras,2021-05-21,97,34345,55,13765,38,19802,4,778,59,4049,37,15512,62,19561,California
Calaveras,2021-05-22,301,34646,160,13925,141,19943,0,778,148,4045,152,15664,148,19709,California
Calaveras,2021-05-23,31,34677,16,13941,15,19958,0,778,13,4040,18,15682,13,19722,California
Calaveras,2021-05-24,76,34753,40,13981,20,19978,16,794,32,4045,44,15726,49,19771,California
Calaveras,2021-05-25,123,34876,47,14028,59,20037,17,811,56,4051,67,15793,73,19844,California
Calaveras,2021-05-26,121,34997,87,14115,30,20067,4,815,83,4100,37,15830,86,19930,California
Calaveras,2021-05-27,84,35081,43,14158,37,20104,4,819,28,4080,53,15883,33,19963,California
Calaveras,2021-05-28,85,35166,44,14202,37,20141,4,823,42,4083,43,15926,46,20009,California
Calaveras,2021-05-29,69,35235,23,14225,41,20182,5,828,33,4086,36,15962,39,20048,California
Calaveras,2021-05-30,36,35271,14,14239,17,20199,5,833,11,4077,25,15987,16,20064,California
Calaveras,2021-05-31,5,35276,0,14239,3,20202,2,835,0,4074,5,15992,2,20066,California
Calaveras,2021-06-01,145,35421,97,14336,42,20244,6,841,44,4023,101,16093,50,20116,California
Calaveras,2021-06-02,85,35506,54,14390,27,20271,4,845,36,4014,49,16142,40,20156,California
Calaveras,2021-06-03,93,35599,55,14445,31,20302,7,852,42,4016,49,16191,51,20207,California
Calaveras,2021-06-04,139,35738,93,14538,34,20336,12,864,36,3961,103,16294,48,20255,California
Calaveras,2021-06-05,85,35823,28,14566,55,20391,2,866,34,3947,50,16344,36,20291,California
Calaveras,2021-06-06,40,35863,28,14594,9,20400,3,869,21,3952,19,16363,24,20315,California
Calaveras,2021-06-07,62,35925,45,14639,9,20409,8,877,25,3949,36,16399,33,20348,California
Calaveras,2021-06-08,125,36050,79,14718,39,20448,7,884,57,3947,66,16465,64,20412,California
Calaveras,2021-06-09,95,36145,51,14769,38,20486,6,890,30,3920,65,16530,38,20450,California
Calaveras,2021-06-10,119,36264,58,14827,52,20538,9,899,41,3894,76,16606,50,20500,California
Calaveras,2021-06-11,103,36367,58,14885,40,20578,5,904,32,3860,71,16677,37,20537,California
Calaveras,2021-06-12,62,36429,36,14921,24,20602,2,906,20,3840,42,16719,22,20559,California
Calaveras,2021-06-13,31,36460,18,14939,9,20611,4,910,8,3829,23,16742,12,20571,California
Calaveras,2021-06-14,59,36519,39,14978,16,20627,4,914,22,3819,37,16779,27,20598,California
Calaveras,2021-06-15,89,36608,54,15032,26,20653,9,923,23,3786,66,16845,33,20631,California
Calaveras,2021-06-16,179,36787,138,15170,27,20680,14,937,39,3700,139,16984,53,20684,California
Calaveras,2021-06-17,59,36846,31,15201,23,20703,5,942,24,3697,32,17016,29,20713,California
Calaveras,2021-06-18,59,36905,40,15241,15,20718,4,946,24,3690,35,17051,28,20741,California
Calaveras,2021-06-19,66,36971,23,15264,26,20744,17,963,23,3687,43,17094,40,20781,California
Calaveras,2021-06-20,6,36977,2,15266,3,20747,1,964,2,3686,4,17098,3,20784,California
Calaveras,2021-06-21,38,37015,14,15280,18,20765,6,970,23,3701,15,17113,30,20814,California
Calaveras,2021-06-22,62,37077,31,15311,29,20794,2,972,28,3699,33,17146,31,20845,California
Calaveras,2021-06-23,45,37122,32,15343,10,20804,3,975,21,3699,24,17170,24,20869,California
Calaveras,2021-06-24,49,37171,27,15370,20,20824,2,977,24,3700,25,17195,26,20895,California
Calaveras,2021-06-25,35,37206,26,15396,9,20833,0,977,16,3697,19,17214,16,20911,California
Calaveras,2021-06-26,23,37229,11,15407,12,20845,0,977,14,3703,9,17223,15,20926,California
Colusa,2020-12-18,1,1,1,1,0,0,0,0,1,1,0,0,1,1,California
Colusa,2020-12-21,2,3,2,3,0,0,0,0,2,3,0,0,2,3,California
Colusa,2020-12-22,10,13,10,13,0,0,0,0,10,13,0,0,10,13,California
Colusa,2020-12-23,10,23,10,23,0,0,0,0,10,23,0,0,10,23,California
Colusa,2020-12-24,2,25,1,24,1,1,0,0,2,25,0,0,2,25,California
Colusa,2020-12-27,1,26,1,25,0,1,0,0,1,26,0,0,1,26,California
Colusa,2020-12-28,7,33,3,28,4,5,0,0,7,33,0,0,7,33,California
Colusa,2020-12-29,10,43,8,36,2,7,0,0,10,43,0,0,10,43,California
Colusa,2020-12-30,51,94,14,50,37,44,0,0,51,94,0,0,51,94,California
Colusa,2020-12-31,18,112,1,51,17,61,0,0,18,112,0,0,18,112,California
Colusa,2021-01-04,4,116,0,51,4,65,0,0,4,116,0,0,4,116,California
Colusa,2021-01-05,68,184,1,52,67,132,0,0,68,184,0,0,68,184,California
Colusa,2021-01-06,15,199,9,61,6,138,0,0,15,199,0,0,15,199,California
Colusa,2021-01-07,39,238,5,66,34,172,0,0,38,236,1,1,38,237,California
Colusa,2021-01-08,9,247,7,73,2,174,0,0,8,243,1,2,8,245,California
Colusa,2021-01-09,2,249,1,74,1,175,0,0,2,245,0,2,2,247,California
Colusa,2021-01-10,1,250,0,74,1,176,0,0,1,246,0,2,1,248,California
Colusa,2021-01-11,12,262,6,80,6,182,0,0,7,248,5,7,7,255,California
Colusa,2021-01-12,11,273,9,89,2,184,0,0,6,249,5,12,6,261,California
Colusa,2021-01-13,21,294,13,102,8,192,0,0,13,254,8,20,13,274,California
Colusa,2021-01-14,35,329,28,130,7,199,0,0,33,285,2,22,33,307,California
Colusa,2021-01-15,42,371,5,135,37,236,0,0,40,323,2,24,40,347,California
Colusa,2021-01-16,12,383,1,136,11,247,0,0,11,333,1,25,11,358,California
Colusa,2021-01-17,3,386,2,138,1,248,0,0,2,334,1,26,2,360,California
Colusa,2021-01-18,4,390,0,138,4,252,0,0,4,338,0,26,4,364,California
Colusa,2021-01-19,9,399,8,146,1,253,0,0,5,339,4,30,5,369,California
Colusa,2021-01-20,115,514,101,247,14,267,0,0,101,426,14,44,101,470,California
Colusa,2021-01-21,59,573,44,291,15,282,0,0,58,483,1,45,58,528,California
Colusa,2021-01-22,40,613,17,308,23,305,0,0,35,513,5,50,35,563,California
Colusa,2021-01-23,35,648,6,314,29,334,0,0,35,548,0,50,35,598,California
Colusa,2021-01-25,7,655,0,314,7,341,0,0,7,555,0,50,7,605,California
Colusa,2021-01-26,8,663,5,319,3,344,0,0,5,557,3,53,5,610,California
Colusa,2021-01-27,109,772,31,350,78,422,0,0,107,662,2,55,107,717,California
Colusa,2021-01-28,83,855,48,398,35,457,0,0,74,727,9,64,74,791,California
Colusa,2021-01-29,43,898,7,405,36,493,0,0,42,768,1,65,42,833,California
Colusa,2021-01-30,27,925,4,409,23,516,0,0,27,795,0,65,27,860,California
Colusa,2021-01-31,7,932,7,416,0,516,0,0,7,802,0,65,7,867,California
Colusa,2021-02-01,27,959,10,426,17,533,0,0,22,819,5,70,22,889,California
Colusa,2021-02-02,42,1001,8,434,34,567,0,0,36,849,6,76,36,925,California
Colusa,2021-02-03,69,1070,10,444,59,626,0,0,58,896,11,87,58,983,California
Colusa,2021-02-04,143,1213,81,525,62,688,0,0,115,983,28,115,115,1098,California
Colusa,2021-02-05,32,1245,8,533,24,712,0,0,29,1009,3,118,29,1127,California
Colusa,2021-02-06,285,1530,9,542,276,988,0,0,274,1272,11,129,274,1401,California
Colusa,2021-02-07,2,1532,1,543,1,989,0,0,0,1270,2,131,0,1401,California
Colusa,2021-02-08,40,1572,5,548,35,1024,0,0,37,1304,3,134,37,1438,California
Colusa,2021-02-09,231,1803,14,562,217,1241,0,0,176,1425,55,189,176,1614,California
Colusa,2021-02-10,117,1920,42,604,75,1316,0,0,73,1454,44,233,73,1687,California
Colusa,2021-02-11,101,2021,38,642,63,1379,0,0,74,1501,27,260,74,1761,California
Colusa,2021-02-12,117,2138,9,651,108,1487,0,0,78,1539,40,300,78,1839,California
Colusa,2021-02-13,60,2198,8,659,52,1539,0,0,52,1583,8,308,52,1891,California
Colusa,2021-02-14,21,2219,8,667,13,1552,0,0,15,1592,6,314,15,1906,California
Colusa,2021-02-15,46,2265,10,677,36,1588,0,0,39,1624,7,321,39,1945,California
Colusa,2021-02-16,69,2334,4,681,65,1653,0,0,68,1691,1,322,68,2013,California
Colusa,2021-02-17,205,2539,143,824,62,1715,0,0,59,1604,146,468,59,2072,California
Colusa,2021-02-18,135,2674,35,859,100,1815,0,0,112,1693,23,491,112,2184,California
Colusa,2021-02-19,155,2829,19,878,136,1951,0,0,129,1796,26,517,129,2313,California
Colusa,2021-02-20,29,2858,6,884,23,1974,0,0,13,1793,16,533,13,2326,California
Colusa,2021-02-21,1,2859,1,885,0,1974,0,0,0,1792,1,534,0,2326,California
Colusa,2021-02-22,43,2902,26,911,17,1991,0,0,29,1807,14,548,29,2355,California
Colusa,2021-02-23,22,2924,6,917,16,2007,0,0,18,1821,4,552,18,2373,California
Colusa,2021-02-24,300,3224,54,971,246,2253,0,0,158,1837,142,694,158,2531,California
Colusa,2021-02-25,103,3327,55,1026,48,2301,0,0,67,1868,36,730,67,2598,California
Colusa,2021-02-26,100,3427,14,1040,86,2387,0,0,60,1888,40,770,60,2658,California
Colusa,2021-02-27,55,3482,4,1044,51,2438,0,0,40,1913,15,785,40,2698,California
Colusa,2021-02-28,27,3509,15,1059,12,2450,0,0,18,1922,9,794,18,2716,California
Colusa,2021-03-01,46,3555,15,1074,31,2481,0,0,29,1934,17,811,29,2745,California
Colusa,2021-03-02,49,3604,13,1087,36,2517,0,0,26,1937,23,834,26,2771,California
Colusa,2021-03-03,246,3850,46,1133,200,2717,0,0,189,2069,57,891,189,2960,California
Colusa,2021-03-04,139,3989,59,1192,80,2797,0,0,80,2090,59,950,80,3040,California
Colusa,2021-03-05,98,4087,25,1217,64,2861,9,9,53,2107,45,995,62,3102,California
Colusa,2021-03-06,276,4363,9,1226,267,3128,0,9,39,1909,237,1232,39,3141,California
Colusa,2021-03-07,8,4371,5,1231,3,3131,0,9,6,1913,2,1234,6,3147,California
Colusa,2021-03-08,89,4460,21,1252,33,3164,35,44,45,1949,44,1278,80,3227,California
Colusa,2021-03-09,276,4736,74,1326,179,3343,23,67,85,1866,191,1469,108,3335,California
Colusa,2021-03-10,289,5025,38,1364,215,3558,36,103,203,2019,86,1555,239,3574,California
Colusa,2021-03-11,420,5445,60,1424,339,3897,21,124,339,2296,81,1636,358,3932,California
Colusa,2021-03-12,111,5556,18,1442,80,3977,13,137,20,2238,91,1727,33,3965,California
Colusa,2021-03-13,61,5617,16,1458,36,4013,9,146,18,2222,43,1770,27,3992,California
Colusa,2021-03-14,19,5636,0,1458,17,4030,2,148,5,2216,13,1783,7,3999,California
Colusa,2021-03-15,71,5707,27,1485,36,4066,8,156,15,2183,56,1839,23,4022,California
Colusa,2021-03-16,299,6006,16,1501,237,4303,46,202,189,2308,110,1949,235,4257,California
Colusa,2021-03-17,194,6200,50,1551,144,4447,0,202,108,2330,86,2035,108,4365,California
Colusa,2021-03-18,325,6525,38,1589,216,4663,71,273,201,2479,124,2159,273,4638,California
Colusa,2021-03-19,80,6605,20,1609,58,4721,2,275,55,2511,25,2184,57,4695,California
Colusa,2021-03-20,50,6655,8,1617,41,4762,1,276,36,2534,14,2198,37,4732,California
Colusa,2021-03-21,6,6661,4,1621,2,4764,0,276,3,2534,3,2201,3,4735,California
Colusa,2021-03-22,62,6723,10,1631,43,4807,9,285,40,2561,22,2223,49,4784,California
Colusa,2021-03-23,83,6806,16,1647,65,4872,2,287,56,2592,27,2250,58,4842,California
Colusa,2021-03-24,340,7146,57,1704,277,5149,6,293,68,2393,272,2522,73,4915,California
Colusa,2021-03-25,109,7255,60,1764,44,5193,5,298,52,2393,57,2579,57,4972,California
Colusa,2021-03-26,301,7556,47,1811,250,5443,4,302,248,2592,53,2632,252,5224,California
Colusa,2021-03-27,63,7619,5,1816,58,5501,0,302,25,2579,38,2670,25,5249,California
Colusa,2021-03-28,16,7635,7,1823,9,5510,0,302,8,2579,8,2678,8,5257,California
Colusa,2021-03-29,72,7707,20,1843,46,5556,6,308,32,2577,40,2718,38,5295,California
Colusa,2021-03-30,151,7858,82,1925,67,5623,2,310,72,2572,79,2797,74,5369,California
Colusa,2021-03-31,234,8092,41,1966,193,5816,0,310,70,2479,163,2960,70,5439,California
Colusa,2021-04-01,435,8527,73,2039,307,6123,55,365,311,2721,123,3083,365,5804,California
Colusa,2021-04-02,82,8609,13,2052,55,6178,14,379,38,2729,44,3127,52,5856,California
Colusa,2021-04-03,62,8671,10,2062,29,6207,23,402,14,2717,48,3175,36,5892,California
Colusa,2021-04-04,18,8689,0,2062,8,6215,10,412,3,2715,15,3190,13,5905,California
Colusa,2021-04-05,97,8786,26,2088,55,6270,16,428,39,2712,58,3248,55,5960,California
Colusa,2021-04-06,130,8916,35,2123,45,6315,50,478,43,2718,87,3335,93,6053,California
Colusa,2021-04-07,358,9274,42,2165,293,6608,23,501,132,2648,226,3561,156,6209,California
Colusa,2021-04-08,429,9703,34,2199,368,6976,27,528,121,2491,305,3866,148,6357,California
Colusa,2021-04-09,77,9780,21,2220,32,7008,24,552,28,2494,49,3915,52,6409,California
Colusa,2021-04-10,45,9825,10,2230,14,7022,21,573,11,2492,34,3949,32,6441,California
Colusa,2021-04-11,16,9841,3,2233,11,7033,2,575,8,2494,8,3957,10,6451,California
Colusa,2021-04-12,32,9873,3,2236,29,7062,0,575,25,2512,7,3964,25,6476,California
Colusa,2021-04-13,280,10153,23,2259,257,7319,0,575,95,2423,184,4148,95,6571,California
Colusa,2021-04-14,97,10250,20,2279,77,7396,0,575,35,2396,62,4210,35,6606,California
Colusa,2021-04-15,324,10574,47,2326,277,7673,0,575,132,2336,192,4402,132,6738,California
Colusa,2021-04-16,82,10656,11,2337,71,7744,0,575,36,2327,45,4447,36,6774,California
Colusa,2021-04-17,52,10708,7,2344,45,7789,0,575,30,2335,22,4469,30,6804,California
Colusa,2021-04-18,9,10717,2,2346,7,7796,0,575,7,2340,2,4471,7,6811,California
Colusa,2021-04-19,62,10779,22,2368,40,7836,0,575,18,2314,44,4515,18,6829,California
Colusa,2021-04-20,189,10968,38,2406,151,7987,0,575,134,2393,55,4570,134,6963,California
Colusa,2021-04-21,179,11147,68,2474,111,8098,0,575,110,2434,69,4639,110,7073,California
Colusa,2021-04-22,425,11572,27,2501,397,8495,1,576,221,2452,203,4842,221,7294,California
Colusa,2021-04-23,96,11668,20,2521,76,8571,0,576,37,2430,59,4901,37,7331,California
Colusa,2021-04-24,241,11909,19,2540,221,8792,1,577,210,2609,31,4932,210,7541,California
Colusa,2021-04-25,12,11921,6,2546,6,8798,0,577,8,2613,4,4936,8,7549,California
Colusa,2021-04-26,25,11946,5,2551,19,8817,1,578,6,2601,18,4954,6,7555,California
Colusa,2021-04-27,97,12043,25,2576,68,8885,4,582,44,2596,53,5007,48,7603,California
Colusa,2021-04-28,196,12239,33,2609,160,9045,3,585,144,2692,51,5058,147,7750,California
Colusa,2021-04-29,319,12558,29,2638,286,9331,4,589,48,2475,269,5327,52,7802,California
Colusa,2021-04-30,67,12625,20,2658,47,9378,0,589,43,2494,24,5351,43,7845,California
Colusa,2021-05-01,19,12644,8,2666,8,9386,3,592,9,2496,10,5361,12,7857,California
Colusa,2021-05-02,4,12648,1,2667,2,9388,1,593,2,2497,2,5363,3,7860,California
Colusa,2021-05-03,31,12679,7,2674,24,9412,0,593,15,2496,16,5379,15,7875,California
Colusa,2021-05-04,99,12778,55,2729,43,9455,1,594,69,2536,30,5409,70,7945,California
Colusa,2021-05-05,84,12862,21,2750,62,9517,1,595,35,2523,49,5458,36,7981,California
Colusa,2021-05-06,254,13116,16,2766,236,9753,2,597,111,2493,143,5601,113,8094,California
Colusa,2021-05-07,66,13182,4,2770,58,9811,4,601,30,2491,36,5637,34,8128,California
Colusa,2021-05-08,18,13200,6,2776,12,9823,0,601,9,2491,9,5646,9,8137,California
Colusa,2021-05-09,13,13213,5,2781,5,9828,3,604,6,2493,7,5653,9,8146,California
Colusa,2021-05-10,16,13229,7,2788,9,9837,0,604,6,2489,10,5663,6,8152,California
Colusa,2021-05-11,93,13322,34,2822,59,9896,0,604,48,2492,45,5708,48,8200,California
Colusa,2021-05-12,75,13397,32,2854,39,9935,4,608,21,2463,54,5762,25,8225,California
Colusa,2021-05-13,242,13639,24,2878,217,10152,1,609,78,2378,164,5926,79,8304,California
Colusa,2021-05-14,85,13724,18,2896,52,10204,15,624,32,2373,52,5978,47,8351,California
Colusa,2021-05-15,41,13765,10,2906,29,10233,2,626,21,2376,20,5998,23,8374,California
Colusa,2021-05-16,25,13790,8,2914,10,10243,7,633,12,2382,13,6011,19,8393,California
Colusa,2021-05-17,25,13815,5,2919,18,10261,2,635,13,2385,12,6023,15,8408,California
Colusa,2021-05-18,103,13918,27,2946,74,10335,2,637,47,2378,56,6079,49,8457,California
Colusa,2021-05-19,220,14138,44,2990,156,10491,20,657,66,2310,154,6233,86,8543,California
Colusa,2021-05-20,281,14419,33,3023,244,10735,4,661,67,2167,214,6447,71,8614,California
Colusa,2021-05-21,71,14490,24,3047,45,10780,2,663,35,2168,36,6483,37,8651,California
Colusa,2021-05-22,218,14708,21,3068,196,10976,1,664,30,2011,188,6671,31,8682,California
Colusa,2021-05-23,20,14728,9,3077,7,10983,4,668,6,2007,14,6685,10,8692,California
Colusa,2021-05-24,26,14754,3,3080,18,11001,5,673,15,2016,11,6696,20,8712,California
Colusa,2021-05-25,135,14889,75,3155,58,11059,2,675,52,1987,83,6779,54,8766,California
Colusa,2021-05-26,72,14961,25,3180,47,11106,0,675,32,1979,40,6819,32,8798,California
Colusa,2021-05-27,172,15133,17,3197,155,11261,0,675,55,1917,117,6936,55,8853,California
Colusa,2021-05-28,79,15212,25,3222,53,11314,1,676,40,1919,39,6975,41,8894,California
Colusa,2021-05-29,40,15252,18,3240,18,11332,4,680,29,1941,11,6986,33,8927,California
Colusa,2021-05-30,8,15260,1,3241,2,11334,5,685,1,1940,7,6993,6,8933,California
Colusa,2021-05-31,4,15264,0,3241,4,11338,0,685,1,1938,3,6996,1,8934,California
Colusa,2021-06-01,50,15314,16,3257,33,11371,1,686,26,1941,24,7020,27,8961,California
Colusa,2021-06-02,146,15460,20,3277,124,11495,2,688,51,1900,94,7114,53,9014,California
Colusa,2021-06-03,63,15523,20,3297,42,11537,1,689,26,1893,34,7148,27,9041,California
Colusa,2021-06-04,60,15583,19,3316,37,11574,4,693,21,1879,39,7187,25,9066,California
Colusa,2021-06-05,35,15618,16,3332,18,11592,1,694,17,1879,18,7205,18,9084,California
Colusa,2021-06-06,10,15628,5,3337,4,11596,1,695,5,1880,5,7210,6,9090,California
Colusa,2021-06-07,22,15650,6,3343,16,11612,0,695,10,1878,12,7222,10,9100,California
Colusa,2021-06-08,75,15725,21,3364,54,11666,0,695,29,1861,46,7268,29,9129,California
Colusa,2021-06-09,70,15795,39,3403,31,11697,0,695,28,1847,42,7310,28,9157,California
Colusa,2021-06-10,58,15853,23,3426,31,11728,4,699,14,1821,44,7354,18,9175,California
Colusa,2021-06-11,60,15913,33,3459,27,11755,0,699,29,1819,31,7385,29,9204,California
Colusa,2021-06-12,36,15949,22,3481,14,11769,0,699,10,1803,26,7411,10,9214,California
Colusa,2021-06-13,10,15959,3,3484,5,11774,2,701,2,1799,8,7419,4,9218,California
Colusa,2021-06-14,19,15978,9,3493,10,11784,0,701,7,1794,12,7431,7,9225,California
Colusa,2021-06-15,76,16054,36,3529,39,11823,1,702,19,1757,57,7488,20,9245,California
Colusa,2021-06-16,55,16109,15,3544,39,11862,1,703,15,1733,40,7528,16,9261,California
Colusa,2021-06-17,117,16226,10,3554,106,11968,1,704,17,1651,100,7628,18,9279,California
Colusa,2021-06-18,63,16289,32,3586,27,11995,4,708,25,1642,38,7666,29,9308,California
Colusa,2021-06-19,26,16315,21,3607,4,11999,1,709,6,1629,20,7686,7,9315,California
Colusa,2021-06-20,10,16325,7,3614,3,12002,0,709,8,1635,2,7688,8,9323,California
Colusa,2021-06-21,20,16345,3,3617,16,12018,1,710,8,1632,12,7700,9,9332,California
Colusa,2021-06-22,69,16414,30,3647,34,12052,5,715,30,1629,38,7738,35,9367,California
Colusa,2021-06-23,50,16464,27,3674,22,12074,1,716,21,1622,29,7767,22,9389,California
Colusa,2021-06-24,60,16524,26,3700,32,12106,2,718,21,1606,39,7806,23,9412,California
Colusa,2021-06-25,42,16566,16,3716,26,12132,0,718,25,1614,17,7823,25,9437,California
Colusa,2021-06-26,7,16573,6,3722,1,12133,0,718,1,1609,6,7829,1,9438,California
Contra Costa,2020-12-15,19,19,19,19,0,0,0,0,19,19,0,0,19,19,California
Contra Costa,2020-12-16,523,542,523,542,0,0,0,0,523,542,0,0,523,542,California
Contra Costa,2020-12-17,1047,1589,1047,1589,0,0,0,0,1047,1589,0,0,1047,1589,California
Contra Costa,2020-12-18,1752,3341,1750,3339,2,2,0,0,1752,3341,0,0,1752,3341,California
Contra Costa,2020-12-19,1112,4453,1111,4450,1,3,0,0,1112,4453,0,0,1112,4453,California
Contra Costa,2020-12-20,596,5049,595,5045,1,4,0,0,596,5049,0,0,596,5049,California
Contra Costa,2020-12-21,1665,6714,1662,6707,3,7,0,0,1665,6714,0,0,1665,6714,California
Contra Costa,2020-12-22,1674,8388,1567,8274,107,114,0,0,1674,8388,0,0,1674,8388,California
Contra Costa,2020-12-23,1619,10007,1368,9642,251,365,0,0,1619,10007,0,0,1619,10007,California
Contra Costa,2020-12-24,655,10662,334,9976,321,686,0,0,655,10662,0,0,655,10662,California
Contra Costa,2020-12-25,41,10703,19,9995,22,708,0,0,41,10703,0,0,41,10703,California
Contra Costa,2020-12-26,649,11352,135,10130,514,1222,0,0,649,11352,0,0,649,11352,California
Contra Costa,2020-12-27,242,11594,87,10217,155,1377,0,0,242,11594,0,0,242,11594,California
Contra Costa,2020-12-28,1848,13442,873,11090,975,2352,0,0,1848,13442,0,0,1848,13442,California
Contra Costa,2020-12-29,1844,15286,826,11916,1018,3370,0,0,1844,15286,0,0,1844,15286,California
Contra Costa,2020-12-30,2409,17695,1219,13135,1190,4560,0,0,2407,17692,2,2,2408,17694,California
Contra Costa,2020-12-31,926,18621,310,13445,616,5176,0,0,925,18617,0,2,925,18619,California
Contra Costa,2021-01-01,66,18687,24,13469,42,5218,0,0,66,18683,0,2,66,18685,California
Contra Costa,2021-01-02,346,19033,178,13647,168,5386,0,0,346,19029,0,2,346,19031,California
Contra Costa,2021-01-03,181,19214,122,13769,59,5445,0,0,180,19209,0,2,180,19211,California
Contra Costa,2021-01-04,1902,21116,1244,15013,658,6103,0,0,1882,21073,18,20,1882,21093,California
Contra Costa,2021-01-05,2114,23230,1263,16276,851,6954,0,0,1828,22617,285,305,1829,22922,California
Contra Costa,2021-01-06,3294,26524,2261,18537,1033,7987,0,0,2481,24295,807,1112,2485,25407,California
Contra Costa,2021-01-07,3113,29637,2077,20614,1036,9023,0,0,1799,24783,1311,2423,1799,27206,California
Contra Costa,2021-01-08,3413,33050,2406,23020,1007,10030,0,0,1767,24913,1641,4064,1771,28977,California
Contra Costa,2021-01-09,1592,34642,1139,24159,453,10483,0,0,734,24792,857,4921,736,29713,California
Contra Costa,2021-01-10,363,35005,288,24447,75,10558,0,0,150,24729,213,5134,150,29863,California
Contra Costa,2021-01-11,3855,38860,3158,27605,697,11255,0,0,2230,25337,1625,6759,2233,32096,California
Contra Costa,2021-01-12,3947,42807,2960,30565,987,12242,0,0,2597,26588,1349,8108,2600,34696,California
Contra Costa,2021-01-13,4767,47574,2965,33530,1802,14044,0,0,3797,29420,966,9074,3798,38494,California
Contra Costa,2021-01-14,4328,51902,1569,35099,2759,16803,0,0,3941,32974,387,9461,3941,42435,California
Contra Costa,2021-01-15,5358,57260,2470,37569,2888,19691,0,0,5029,37679,328,9789,5033,47468,California
Contra Costa,2021-01-16,1743,59003,565,38134,1178,20869,0,0,1666,39268,77,9866,1666,49134,California
Contra Costa,2021-01-17,1669,60672,984,39118,685,21554,0,0,1548,40698,121,9987,1551,50685,California
Contra Costa,2021-01-18,3223,63895,1276,40394,1947,23501,0,0,2589,42660,628,10615,2590,53275,California
Contra Costa,2021-01-19,7081,70976,3165,43559,3916,27417,0,0,6072,47733,1004,11619,6077,59352,California
Contra Costa,2021-01-20,6746,77722,4154,47713,2592,30009,0,0,5497,51990,1245,12864,5502,64854,California
Contra Costa,2021-01-21,7053,84775,3128,50841,3925,33934,0,0,6319,57589,728,13592,6327,71181,California
Contra Costa,2021-01-22,6435,91210,2737,53578,3698,37632,0,0,5570,62306,856,14448,5573,76754,California
Contra Costa,2021-01-23,2053,93263,360,53938,1693,39325,0,0,1789,63835,262,14710,1791,78545,California
Contra Costa,2021-01-24,1591,94854,219,54157,1372,40697,0,0,1442,65132,149,14859,1446,79991,California
Contra Costa,2021-01-25,6710,101564,3048,57205,3662,44359,0,0,5128,68684,1580,16439,5132,85123,California
Contra Costa,2021-01-26,8179,109743,4726,61931,3453,47812,0,0,6303,73124,1868,18307,6308,91431,California
Contra Costa,2021-01-27,8243,117986,5441,67372,2802,50614,0,0,6380,77657,1851,20158,6384,97815,California
Contra Costa,2021-01-28,7496,125482,4105,71477,3391,54005,0,0,5876,81923,1614,21772,5880,103695,California
Contra Costa,2021-01-29,7497,132979,3910,75387,3587,57592,0,0,6170,86773,1322,23094,6172,109867,California
Contra Costa,2021-01-30,2149,135128,646,76033,1503,59095,0,0,1747,88125,395,23489,1747,111614,California
Contra Costa,2021-01-31,667,135795,436,76469,231,59326,0,0,572,88605,92,23581,572,112186,California
Contra Costa,2021-02-01,5870,141665,4081,80550,1789,61115,0,0,3956,90658,1906,25487,3959,116145,California
Contra Costa,2021-02-02,7642,149307,5119,85669,2523,63638,0,0,5927,94873,1713,27200,5928,122073,California
Contra Costa,2021-02-03,8313,157620,5485,91154,2828,66466,0,0,5634,97840,2668,29868,5635,127708,California
Contra Costa,2021-02-04,7513,165133,3591,94745,3922,70388,0,0,5745,101823,1765,31633,5748,133456,California
Contra Costa,2021-02-05,8473,173606,4831,99576,3642,74030,0,0,5764,104885,2702,34335,5764,139220,California
Contra Costa,2021-02-06,3487,177093,2165,101741,1322,75352,0,0,2830,107060,656,34991,2831,142051,California
Contra Costa,2021-02-07,992,178085,719,102460,273,75625,0,0,606,107282,384,35375,606,142657,California
Contra Costa,2021-02-08,5888,183973,3501,105961,2387,78012,0,0,4385,110172,1496,36871,4386,147043,California
Contra Costa,2021-02-09,8703,192676,4802,110763,3901,81913,0,0,5780,113038,2915,39786,5781,152824,California
Contra Costa,2021-02-10,8701,201377,4675,115438,4026,85939,0,0,5385,115127,3300,43086,5389,158213,California
Contra Costa,2021-02-11,9396,210773,4246,119684,5150,91089,0,0,5292,116327,4097,47183,5297,163510,California
Contra Costa,2021-02-12,10177,220950,4667,124351,5510,96599,0,0,5497,117156,4672,51855,5501,169011,California
Contra Costa,2021-02-13,4929,225879,1384,125735,3545,100144,0,0,3429,119091,1496,53351,3431,172442,California
Contra Costa,2021-02-14,2109,227988,871,126606,1238,101382,0,0,1224,119432,883,54234,1224,173666,California
Contra Costa,2021-02-15,4507,232495,2496,129102,2011,103393,0,0,2349,119633,2149,56383,2350,176016,California
Contra Costa,2021-02-16,10475,242970,4946,134048,5529,108922,0,0,4664,118500,5803,62186,4670,180686,California
Contra Costa,2021-02-17,12371,255341,6194,140242,6177,115099,0,0,5657,117460,6699,68885,5659,186345,California
Contra Costa,2021-02-18,11570,266911,6007,146249,5563,120662,0,0,5354,116612,6204,75089,5356,191701,California
Contra Costa,2021-02-19,11569,278480,7218,153467,4351,125013,0,0,5227,115514,6327,81416,5229,196930,California
Contra Costa,2021-02-20,6567,285047,2978,156445,3589,128602,0,0,4624,118216,1926,83342,4628,201558,California
Contra Costa,2021-02-21,2340,287387,1759,158204,581,129183,0,0,1571,119019,768,84110,1571,203129,California
Contra Costa,2021-02-22,7762,295149,5244,163448,2518,131701,0,0,3568,118411,4179,88289,3571,206700,California
Contra Costa,2021-02-23,12254,307403,7533,170981,4721,136422,0,0,6166,118512,6073,94362,6174,212874,California
Contra Costa,2021-02-24,10746,318149,7888,178869,2858,139280,0,0,5219,118226,5508,99870,5222,218096,California
Contra Costa,2021-02-25,11906,330055,7556,186425,4350,143630,0,0,5530,117409,6354,106224,5537,223633,California
Contra Costa,2021-02-26,11120,341175,7023,193448,4097,147727,0,0,5512,117330,5593,111817,5514,229147,California
Contra Costa,2021-02-27,6904,348079,4446,197894,2458,150185,0,0,4331,119098,2565,114382,4333,233480,California
Contra Costa,2021-02-28,4336,352415,3596,201490,739,150924,1,1,3661,122089,672,115054,3663,237143,California
Contra Costa,2021-03-01,8681,361096,6578,208068,2097,153021,6,7,5348,124127,3318,118372,5356,242499,California
Contra Costa,2021-03-02,10692,371788,6843,214911,3848,156869,1,8,5729,124911,4947,123319,5731,248230,California
Contra Costa,2021-03-03,11410,383198,7176,222087,4233,161102,1,9,6435,126388,4960,128279,6437,254667,California
Contra Costa,2021-03-04,11997,395195,7177,229264,4818,165920,2,11,6247,126905,5732,134011,6249,260916,California
Contra Costa,2021-03-05,11509,406704,6916,236180,4586,170506,7,18,6618,128658,4873,138884,6626,267542,California
Contra Costa,2021-03-06,7513,414217,4209,240389,2993,173499,311,329,4919,131306,2580,141464,5228,272770,California
Contra Costa,2021-03-07,3856,418073,2465,242854,1328,174827,63,392,3168,133851,686,142150,3231,276001,California
Contra Costa,2021-03-08,8253,426326,3934,246788,4014,178841,305,697,5545,137010,2696,144846,5855,281856,California
Contra Costa,2021-03-09,11195,437521,5941,252729,4957,183798,297,994,5859,137844,5325,150171,6159,288015,California
Contra Costa,2021-03-10,12471,449992,6232,258961,4739,188537,1500,2494,5678,138230,6780,156951,7166,295181,California
Contra Costa,2021-03-11,12539,462531,6599,265560,5372,193909,568,3062,6396,139072,6120,163071,6962,302143,California
Contra Costa,2021-03-12,12686,475217,5228,270788,6890,200799,568,3630,6312,139595,6353,169424,6876,309019,California
Contra Costa,2021-03-13,7902,483119,3176,273964,4294,205093,432,4062,3112,138363,4770,174194,3538,312557,California
Contra Costa,2021-03-14,4445,487564,2634,276598,1327,206420,484,4546,1696,137802,2740,176934,2179,314736,California
Contra Costa,2021-03-15,9506,497070,5159,281757,3589,210009,758,5304,4703,138480,4782,181716,5460,320196,California
Contra Costa,2021-03-16,14412,511482,8587,290344,5416,215425,409,5713,7121,138742,7266,188982,7528,327724,California
Contra Costa,2021-03-17,15161,526643,10481,300825,4458,219883,222,5935,8485,140805,6649,195631,8712,336436,California
Contra Costa,2021-03-18,15519,542162,8665,309490,6373,226256,481,6416,8580,142963,6902,202533,9060,345496,California
Contra Costa,2021-03-19,15727,557889,9102,318592,5225,231481,1400,7816,8162,144982,7547,210080,9566,355062,California
Contra Costa,2021-03-20,10765,568654,6455,325047,3995,235476,315,8131,5093,144741,5648,215728,5407,360469,California
Contra Costa,2021-03-21,4587,573241,4014,329061,475,235951,98,8229,1785,143832,2791,218519,1882,362351,California
Contra Costa,2021-03-22,11703,584944,8816,337877,2627,238578,260,8489,6810,146023,4876,223395,7067,369418,California
Contra Costa,2021-03-23,15743,600687,10865,348742,4708,243286,170,8659,9055,148590,6659,230054,9226,378644,California
Contra Costa,2021-03-24,15098,615785,11767,360509,3117,246403,214,8873,9135,152012,5929,235983,9351,387995,California
Contra Costa,2021-03-25,15429,631214,12026,372535,3109,249512,294,9167,9428,155767,5963,241946,9718,397713,California
Contra Costa,2021-03-26,15128,646342,10856,383391,3869,253381,403,9570,8687,158438,6413,248359,9084,406797,California
Contra Costa,2021-03-27,10588,656930,6884,390275,3192,256573,512,10082,5619,159604,4957,253316,6123,412920,California
Contra Costa,2021-03-28,4248,661178,3031,393306,1165,257738,52,10134,1615,158650,2621,255937,1667,414587,California
Contra Costa,2021-03-29,10957,672135,8543,401849,2298,260036,116,10250,6953,161736,3986,259923,7072,421659,California
Contra Costa,2021-03-30,16843,688978,9213,411062,6270,266306,1360,11610,10377,167026,6443,266366,11733,433392,California
Contra Costa,2021-03-31,18093,707071,12656,423718,3991,270297,1446,13056,11362,173141,6683,273049,12798,446190,California
Contra Costa,2021-04-01,17629,724700,12299,436017,3938,274235,1392,14448,11413,179761,6180,279229,12800,458990,California
Contra Costa,2021-04-02,17542,742242,12903,448920,3607,277842,1032,15480,11615,186487,5915,285144,12641,471631,California
Contra Costa,2021-04-03,10889,753131,6501,455421,2837,280679,1551,17031,6209,189576,4666,289810,7755,479386,California
Contra Costa,2021-04-04,3357,756488,1330,456751,1426,282105,601,17632,848,188523,2501,292311,1448,480834,California
Contra Costa,2021-04-05,12142,768630,7912,464663,3245,285350,985,18617,6584,190549,5543,297854,7569,488403,California
Contra Costa,2021-04-06,17389,786019,12034,476697,3058,288408,2297,20914,9738,194950,7629,305483,12030,500433,California
Contra Costa,2021-04-07,18639,804658,12609,489306,3202,291610,2828,23742,10558,200310,8059,313542,13419,513852,California
Contra Costa,2021-04-08,18726,823384,12473,501779,3324,294934,2929,26671,10027,204585,8671,322213,12946,526798,California
Contra Costa,2021-04-09,18910,842294,12065,513844,4337,299271,2508,29179,10103,208411,8776,330989,12602,539400,California
Contra Costa,2021-04-10,10595,852889,3837,517681,2192,301463,4566,33745,3313,209013,7261,338250,7863,547263,California
Contra Costa,2021-04-11,3366,856255,2007,519688,694,302157,665,34410,1135,208587,2225,340475,1799,549062,California
Contra Costa,2021-04-12,12026,868281,7928,527616,3018,305175,1080,35490,5656,208976,6353,346828,6742,555804,California
Contra Costa,2021-04-13,17970,886251,11024,538640,6938,312113,8,35498,11984,215015,5958,352786,11997,567801,California
Contra Costa,2021-04-14,17787,904038,11176,549816,6610,318723,1,35499,9879,217016,7884,360670,9885,577686,California
Contra Costa,2021-04-15,17596,921634,10797,560613,6798,325521,1,35500,8156,215788,9410,370080,8182,585868,California
Contra Costa,2021-04-16,17016,938650,10594,571207,6421,331942,1,35501,7690,214189,9298,379378,7699,593567,California
Contra Costa,2021-04-17,11588,950238,6363,577570,5225,337167,0,35501,6258,215144,5310,384688,6265,599832,California
Contra Costa,2021-04-18,2913,953151,2281,579851,632,337799,0,35501,1845,215931,1058,385746,1845,601677,California
Contra Costa,2021-04-19,11519,964670,8596,588447,2923,340722,0,35501,3667,211779,7823,393569,3671,605348,California
Contra Costa,2021-04-20,17009,981679,11086,599533,5923,346645,0,35501,6436,207681,10541,404110,6443,611791,California
Contra Costa,2021-04-21,17824,999503,14572,614105,3251,349896,1,35502,6418,202749,11360,415470,6428,618219,California
Contra Costa,2021-04-22,17340,1016843,14048,628153,3290,353186,2,35504,6132,197722,11170,426640,6143,624362,California
Contra Costa,2021-04-23,17191,1034034,13679,641832,3511,356697,1,35505,5566,191711,11589,438229,5578,629940,California
Contra Costa,2021-04-24,10959,1044993,8443,650275,2515,359212,1,35506,4200,189181,6734,444963,4204,634144,California
Contra Costa,2021-04-25,3288,1048281,2217,652492,1069,360281,2,35508,2076,190052,1211,446174,2082,636226,California
Contra Costa,2021-04-26,10129,1058410,8448,660940,1657,361938,24,35532,3069,186119,7039,453213,3106,639332,California
Contra Costa,2021-04-27,14750,1073160,10779,671719,3793,365731,178,35710,4039,179661,10686,463899,4228,643560,California
Contra Costa,2021-04-28,14341,1087501,11183,682902,2872,368603,286,35996,3862,173373,10443,474342,4155,647715,California
Contra Costa,2021-04-29,13549,1101050,10501,693403,2879,371482,169,36165,3274,166578,10244,484586,3449,651164,California
Contra Costa,2021-04-30,13842,1114892,10902,704305,2683,374165,257,36422,3201,159430,10612,495198,3464,654628,California
Contra Costa,2021-05-01,8041,1122933,5847,710152,1871,376036,323,36745,1916,155572,6097,501295,2239,656867,California
Contra Costa,2021-05-02,2341,1125274,1592,711744,668,376704,81,36826,988,155301,1340,502635,1069,657936,California
Contra Costa,2021-05-03,9136,1134410,8017,719761,943,377647,176,37002,1928,150218,7190,509825,2107,660043,California
Contra Costa,2021-05-04,14203,1148613,12265,732026,1608,379255,330,37332,2308,140991,11865,521690,2638,662681,California
Contra Costa,2021-05-05,12649,1161262,10912,742938,1535,380790,202,37534,2445,133465,10174,531864,2648,665329,California
Contra Costa,2021-05-06,10364,1171626,8614,751552,1413,382203,337,37871,1962,127396,8376,540240,2307,667636,California
Contra Costa,2021-05-07,9700,1181326,7799,759351,1677,383880,224,38095,2239,122429,7426,547666,2459,670095,California
Contra Costa,2021-05-08,5413,1186739,4098,763449,1147,385027,168,38263,1307,119818,4090,551756,1479,671574,California
Contra Costa,2021-05-09,2145,1188884,1816,765265,270,385297,59,38322,450,118641,1688,553444,511,672085,California
Contra Costa,2021-05-10,4974,1193858,3984,769249,770,386067,220,38542,1333,116573,3619,557063,1551,673636,California
Contra Costa,2021-05-11,8890,1202748,4683,773932,3969,390036,238,38780,1781,111511,7089,564152,2027,675663,California
Contra Costa,2021-05-12,9285,1212033,4787,778719,4232,394268,266,39046,1595,105716,7662,571814,1867,677530,California
Contra Costa,2021-05-13,11765,1223798,7846,786565,3732,398000,187,39233,4204,102575,7534,579348,4393,681923,California
Contra Costa,2021-05-14,12245,1236043,8179,794744,3782,401782,284,39517,5003,100647,7213,586561,5285,687208,California
Contra Costa,2021-05-15,10023,1246066,7270,802014,2635,404417,118,39635,4412,99583,5596,592157,4532,691740,California
Contra Costa,2021-05-16,2628,1248694,2313,804327,264,404681,51,39686,1214,99439,1408,593565,1264,693004,California
Contra Costa,2021-05-17,7125,1255819,5751,810078,1197,405878,177,39863,3551,99614,3554,597119,3729,696733,California
Contra Costa,2021-05-18,10231,1266050,6988,817066,3025,408903,218,40081,4423,98480,5778,602897,4644,701377,California
Contra Costa,2021-05-19,8469,1274519,6844,823910,1429,410332,196,40277,3814,97857,4636,607533,4013,705390,California
Contra Costa,2021-05-20,7186,1281705,5669,829579,1330,411662,187,40464,3314,97515,3843,611376,3501,708891,California
Contra Costa,2021-05-21,7063,1288768,5406,834985,1445,413107,212,40676,3184,97056,3852,615228,3393,712284,California
Contra Costa,2021-05-22,5113,1293881,4041,839026,891,413998,181,40857,2485,97117,2603,617831,2664,714948,California
Contra Costa,2021-05-23,1277,1295158,851,839877,369,414367,57,40914,602,97109,666,618497,658,715606,California
Contra Costa,2021-05-24,4742,1299900,3925,843802,641,415008,176,41090,2227,97015,2501,620998,2407,718013,California
Contra Costa,2021-05-25,6270,1306170,5097,848899,922,415930,251,41341,2628,96269,3624,624622,2878,720891,California
Contra Costa,2021-05-26,5617,1311787,3603,852502,1825,417755,189,41530,1926,94714,3669,628291,2114,723005,California
Contra Costa,2021-05-27,3806,1315593,2692,855194,937,418692,177,41707,1600,94297,2190,630481,1773,724778,California
Contra Costa,2021-05-28,5347,1320940,3739,858933,1437,420129,171,41878,2221,93584,3101,633582,2388,727166,California
Contra Costa,2021-05-29,3271,1324211,2125,861058,1029,421158,117,41995,1611,93663,1649,635231,1728,728894,California
Contra Costa,2021-05-30,921,1325132,583,861641,310,421468,28,42023,340,93452,579,635810,368,729262,California
Contra Costa,2021-05-31,385,1325517,264,861905,109,421577,12,42035,127,93335,255,636065,138,729400,California
Contra Costa,2021-06-01,4793,1330310,3564,865469,1084,422661,145,42180,1656,92017,3119,639184,1801,731201,California
Contra Costa,2021-06-02,3423,1333733,2425,867894,853,423514,145,42325,1389,91527,2023,641207,1533,732734,California
Contra Costa,2021-06-03,5402,1339135,4500,872394,787,424301,115,42440,1406,89059,3989,645196,1521,734255,California
Contra Costa,2021-06-04,6358,1345493,5330,877724,890,425191,138,42578,1575,86004,4765,649961,1710,735965,California
Contra Costa,2021-06-05,5200,1350693,4410,882134,678,425869,112,42690,1073,83072,4115,654076,1183,737148,California
Contra Costa,2021-06-06,1350,1352043,1178,883312,142,426011,30,42720,317,82391,1028,655104,347,737495,California
Contra Costa,2021-06-07,4914,1356957,4322,887634,492,426503,100,42820,1342,80273,3561,658665,1443,738938,California
Contra Costa,2021-06-08,6088,1363045,5250,892884,715,427218,123,42943,1421,77167,4651,663316,1545,740483,California
Contra Costa,2021-06-09,4845,1367890,4128,897012,570,427788,147,43090,1240,74970,3585,666901,1388,741871,California
Contra Costa,2021-06-10,4767,1372657,4004,901016,597,428385,166,43256,1219,72823,3532,670433,1385,743256,California
Contra Costa,2021-06-11,4835,1377492,3958,904974,678,429063,199,43455,1272,70745,3548,673981,1470,744726,California
Contra Costa,2021-06-12,3159,1380651,2677,907651,415,429478,67,43522,716,69094,2432,676413,781,745507,California
Contra Costa,2021-06-13,1136,1381787,848,908499,180,429658,108,43630,275,68623,854,677267,383,745890,California
Contra Costa,2021-06-14,3874,1385661,3274,911773,471,430129,129,43759,1113,67118,2744,680011,1239,747129,California
Contra Costa,2021-06-15,4167,1389828,3472,915245,534,430663,161,43920,1311,65743,2847,682858,1472,748601,California
Contra Costa,2021-06-16,3465,1393293,2821,918066,460,431123,184,44104,1211,64901,2235,685093,1393,749994,California
Contra Costa,2021-06-17,2758,1396051,2256,920322,376,431499,126,44230,1050,64373,1701,686794,1173,751167,California
Contra Costa,2021-06-18,3671,1399722,3023,923345,457,431956,191,44421,1324,63551,2335,689129,1513,752680,California
Contra Costa,2021-06-19,2021,1401743,1688,925033,229,432185,104,44525,576,62790,1442,690571,681,753361,California
Contra Costa,2021-06-20,784,1402527,657,925690,98,432283,29,44554,330,62698,450,691021,358,753719,California
Contra Costa,2021-06-21,1806,1404333,1378,927068,273,432556,155,44709,974,63001,824,691845,1127,754846,California
Contra Costa,2021-06-22,3031,1407364,2568,929636,322,432878,141,44850,1182,62487,1836,693681,1322,756168,California
Contra Costa,2021-06-23,2545,1409909,2118,931754,326,433204,101,44951,1023,62097,1514,695195,1124,757292,California
Contra Costa,2021-06-24,2260,1412169,1921,933675,226,433430,113,45064,897,61753,1353,696548,1009,758301,California
Contra Costa,2021-06-25,2626,1414795,2154,935829,344,433774,128,45192,1068,61398,1553,698101,1198,759499,California
Contra Costa,2021-06-26,1089,1415884,906,936735,126,433900,57,45249,322,61011,765,698866,378,759877,California
Del Norte,2020-12-21,23,23,23,23,0,0,0,0,23,23,0,0,23,23,California
Del Norte,2020-12-22,46,69,46,69,0,0,0,0,46,69,0,0,46,69,California
Del Norte,2020-12-23,59,128,48,117,11,11,0,0,57,126,0,0,57,126,California
Del Norte,2020-12-28,34,162,34,151,0,11,0,0,34,160,0,0,34,160,California
Del Norte,2020-12-29,4,166,4,155,0,11,0,0,4,164,0,0,4,164,California
Del Norte,2020-12-30,67,233,55,210,12,23,0,0,68,232,0,0,68,232,California
Del Norte,2020-12-31,16,249,13,223,3,26,0,0,16,248,0,0,16,248,California
Del Norte,2021-01-04,103,352,50,273,53,79,0,0,103,351,0,0,103,351,California
Del Norte,2021-01-05,32,384,0,273,32,111,0,0,32,383,0,0,32,383,California
Del Norte,2021-01-06,77,461,18,291,59,170,0,0,77,460,0,0,77,460,California
Del Norte,2021-01-07,21,482,1,292,20,190,0,0,21,481,0,0,21,481,California
Del Norte,2021-01-08,77,559,7,299,70,260,0,0,77,558,0,0,77,558,California
Del Norte,2021-01-11,40,599,21,320,19,279,0,0,18,555,22,22,19,577,California
Del Norte,2021-01-12,52,651,33,353,19,298,0,0,31,565,21,43,31,608,California
Del Norte,2021-01-13,86,737,40,393,46,344,0,0,53,585,33,76,53,661,California
Del Norte,2021-01-14,53,790,14,407,39,383,0,0,47,626,6,82,47,708,California
Del Norte,2021-01-15,107,897,18,425,89,472,0,0,95,709,12,94,95,803,California
Del Norte,2021-01-17,1,898,1,426,0,472,0,0,1,710,0,94,1,804,California
Del Norte,2021-01-18,2,900,0,426,2,474,0,0,2,712,0,94,2,806,California
Del Norte,2021-01-19,119,1019,56,482,63,537,0,0,77,747,42,136,77,883,California
Del Norte,2021-01-20,160,1179,85,567,75,612,0,0,97,781,63,199,97,980,California
Del Norte,2021-01-21,43,1222,40,607,3,615,0,0,32,802,11,210,32,1012,California
Del Norte,2021-01-22,19,1241,17,624,2,617,0,0,12,807,7,217,12,1024,California
Del Norte,2021-01-23,1,1242,0,624,1,618,0,0,1,808,0,217,1,1025,California
Del Norte,2021-01-24,1,1243,0,624,1,619,0,0,1,809,0,217,1,1026,California
Del Norte,2021-01-25,101,1344,83,707,18,637,0,0,56,820,45,262,56,1082,California
Del Norte,2021-01-26,18,1362,11,718,7,644,0,0,7,816,11,273,7,1089,California
Del Norte,2021-01-27,64,1426,21,739,43,687,0,0,61,874,3,276,61,1150,California
Del Norte,2021-01-28,293,1719,20,759,273,960,0,0,288,1157,5,281,288,1438,California
Del Norte,2021-01-29,64,1783,23,782,41,1001,0,0,44,1181,20,301,44,1482,California
Del Norte,2021-01-30,8,1791,1,783,7,1008,0,0,8,1189,0,301,8,1490,California
Del Norte,2021-02-01,41,1832,1,784,40,1048,0,0,26,1200,15,316,26,1516,California
Del Norte,2021-02-02,142,1974,35,819,107,1155,0,0,73,1206,68,384,74,1590,California
Del Norte,2021-02-03,129,2103,42,861,87,1242,0,0,74,1225,55,439,74,1664,California
Del Norte,2021-02-04,70,2173,28,889,42,1284,0,0,41,1236,30,469,41,1705,California
Del Norte,2021-02-05,184,2357,22,911,162,1446,0,0,119,1291,64,533,119,1824,California
Del Norte,2021-02-06,311,2668,5,916,306,1752,0,0,311,1602,0,533,311,2135,California
Del Norte,2021-02-07,2,2670,1,917,1,1753,0,0,2,1604,0,533,2,2137,California
Del Norte,2021-02-08,35,2705,1,918,34,1787,0,0,31,1631,4,537,31,2168,California
Del Norte,2021-02-09,8,2713,5,923,3,1790,0,0,2,1627,6,543,2,2170,California
Del Norte,2021-02-10,143,2856,20,943,123,1913,0,0,86,1657,56,599,86,2256,California
Del Norte,2021-02-11,178,3034,59,1002,119,2032,0,0,64,1607,114,713,64,2320,California
Del Norte,2021-02-12,122,3156,14,1016,108,2140,0,0,68,1621,54,767,68,2388,California
Del Norte,2021-02-13,2,3158,1,1017,1,2141,0,0,2,1623,0,767,2,2390,California
Del Norte,2021-02-14,3,3161,1,1018,2,2143,0,0,2,1624,1,768,2,2392,California
Del Norte,2021-02-15,5,3166,0,1018,5,2148,0,0,3,1625,2,770,3,2395,California
Del Norte,2021-02-16,132,3298,1,1019,131,2279,0,0,13,1519,119,889,13,2408,California
Del Norte,2021-02-17,93,3391,20,1039,73,2352,0,0,25,1477,67,956,25,2433,California
Del Norte,2021-02-18,77,3468,24,1063,53,2405,0,0,51,1502,26,982,51,2484,California
Del Norte,2021-02-19,43,3511,17,1080,26,2431,0,0,33,1525,10,992,33,2517,California
Del Norte,2021-02-20,9,3520,6,1086,3,2434,0,0,6,1528,3,995,6,2523,California
Del Norte,2021-02-22,2,3522,0,1086,2,2436,0,0,2,1530,0,995,2,2525,California
Del Norte,2021-02-23,107,3629,89,1175,18,2454,0,0,31,1486,75,1070,31,2556,California
Del Norte,2021-02-24,155,3784,100,1275,55,2509,0,0,80,1491,75,1145,80,2636,California
Del Norte,2021-02-25,479,4263,131,1406,348,2857,0,0,214,1442,263,1408,214,2850,California
Del Norte,2021-02-26,213,4476,177,1583,36,2893,0,0,166,1561,47,1455,166,3016,California
Del Norte,2021-02-27,150,4626,144,1727,5,2898,1,1,141,1694,9,1464,142,3158,California
Del Norte,2021-02-28,4,4630,1,1728,3,2901,0,1,3,1696,1,1465,3,3161,California
Del Norte,2021-03-01,28,4658,2,1730,26,2927,0,1,4,1677,23,1488,4,3165,California
Del Norte,2021-03-02,222,4880,142,1872,80,3007,0,1,188,1831,34,1522,188,3353,California
Del Norte,2021-03-03,176,5056,107,1979,69,3076,0,1,134,1923,42,1564,134,3487,California
Del Norte,2021-03-04,120,5176,83,2062,37,3113,0,1,91,1986,28,1592,91,3578,California
Del Norte,2021-03-05,122,5298,11,2073,111,3224,0,1,74,2012,48,1640,74,3652,California
Del Norte,2021-03-06,465,5763,77,2150,339,3563,49,50,163,1880,302,1942,170,3822,California
Del Norte,2021-03-07,2,5765,1,2151,1,3564,0,50,1,1880,1,1943,1,3823,California
Del Norte,2021-03-08,29,5794,1,2152,26,3590,2,52,6,1866,22,1965,8,3831,California
Del Norte,2021-03-09,194,5988,113,2265,78,3668,3,55,183,2041,11,1976,186,4017,California
Del Norte,2021-03-10,235,6223,96,2361,111,3779,28,83,134,2102,101,2077,162,4179,California
Del Norte,2021-03-11,151,6374,55,2416,91,3870,5,88,103,2162,48,2125,108,4287,California
Del Norte,2021-03-12,177,6551,88,2504,89,3959,0,88,124,2233,53,2178,124,4411,California
Del Norte,2021-03-13,94,6645,93,2597,1,3960,0,88,91,2321,3,2181,91,4502,California
Del Norte,2021-03-14,1,6646,0,2597,1,3961,0,88,1,2321,1,2182,1,4503,California
Del Norte,2021-03-15,38,6684,0,2597,38,3999,0,88,34,2351,4,2186,34,4537,California
Del Norte,2021-03-16,282,6966,135,2732,147,4146,0,88,261,2591,21,2207,261,4798,California
Del Norte,2021-03-17,284,7250,95,2827,187,4333,2,90,170,2649,114,2321,172,4970,California
Del Norte,2021-03-18,284,7534,107,2934,175,4508,2,92,149,2666,134,2455,151,5121,California
Del Norte,2021-03-19,270,7804,160,3094,104,4612,6,98,92,2586,178,2633,98,5219,California
Del Norte,2021-03-20,157,7961,154,3248,3,4615,0,98,15,2459,142,2775,15,5234,California
Del Norte,2021-03-21,4,7965,2,3250,2,4617,0,98,2,2459,2,2777,2,5236,California
Del Norte,2021-03-22,43,8008,3,3253,39,4656,1,99,39,2496,3,2780,40,5276,California
Del Norte,2021-03-23,335,8343,164,3417,153,4809,18,117,164,2508,169,2949,181,5457,California
Del Norte,2021-03-24,397,8740,107,3524,250,5059,40,157,229,2609,168,3117,269,5726,California
Del Norte,2021-03-25,193,8933,88,3612,105,5164,0,157,85,2587,107,3224,85,5811,California
Del Norte,2021-03-26,234,9167,113,3725,121,5285,0,157,197,2747,37,3261,197,6008,California
Del Norte,2021-03-27,107,9274,86,3811,4,5289,17,174,17,2691,90,3351,34,6042,California
Del Norte,2021-03-28,4,9278,2,3813,2,5291,0,174,1,2689,3,3354,1,6043,California
Del Norte,2021-03-29,57,9335,6,3819,34,5325,17,191,32,2713,25,3379,49,6092,California
Del Norte,2021-03-30,338,9673,119,3938,208,5533,11,202,126,2638,212,3591,137,6229,California
Del Norte,2021-03-31,356,10029,101,4039,238,5771,17,219,200,2701,154,3745,217,6446,California
Del Norte,2021-04-01,164,10193,58,4097,72,5843,34,253,69,2710,94,3839,103,6549,California
Del Norte,2021-04-02,232,10425,78,4175,105,5948,49,302,49,2626,183,4022,99,6648,California
Del Norte,2021-04-03,108,10533,83,4258,2,5950,23,325,5,2552,102,4124,28,6676,California
Del Norte,2021-04-04,4,10537,0,4258,0,5950,4,329,0,2552,4,4128,4,6680,California
Del Norte,2021-04-05,47,10584,5,4263,38,5988,4,333,40,2589,7,4135,44,6724,California
Del Norte,2021-04-06,381,10965,120,4383,223,6211,38,371,146,2543,231,4366,185,6909,California
Del Norte,2021-04-07,438,11403,115,4498,261,6472,62,433,289,2746,149,4515,352,7261,California
Del Norte,2021-04-08,229,11632,54,4552,106,6578,69,502,105,2796,124,4639,174,7435,California
Del Norte,2021-04-09,207,11839,47,4599,83,6661,77,579,100,2865,106,4745,175,7610,California
Del Norte,2021-04-10,47,11886,26,4625,4,6665,17,596,27,2889,20,4765,44,7654,California
Del Norte,2021-04-11,12,11898,3,4628,2,6667,7,603,2,2888,10,4775,9,7663,California
Del Norte,2021-04-12,27,11925,1,4629,9,6676,17,620,1,2881,25,4800,18,7681,California
Del Norte,2021-04-13,299,12224,50,4679,249,6925,0,620,155,2892,144,4944,155,7836,California
Del Norte,2021-04-14,331,12555,23,4702,308,7233,0,620,139,2844,192,5136,144,7980,California
Del Norte,2021-04-15,164,12719,31,4733,133,7366,0,620,45,2771,119,5255,46,8026,California
Del Norte,2021-04-16,162,12881,40,4773,122,7488,0,620,60,2730,102,5357,61,8087,California
Del Norte,2021-04-17,108,12989,76,4849,32,7520,0,620,102,2826,6,5363,102,8189,California
Del Norte,2021-04-18,6,12995,5,4854,1,7521,0,620,5,2830,1,5364,5,8194,California
Del Norte,2021-04-19,51,13046,6,4860,45,7566,0,620,9,2797,42,5406,9,8203,California
Del Norte,2021-04-20,209,13255,40,4900,169,7735,0,620,74,2736,135,5541,74,8277,California
Del Norte,2021-04-21,293,13548,23,4923,270,8005,0,620,68,2582,225,5766,71,8348,California
Del Norte,2021-04-22,116,13664,16,4939,100,8105,0,620,63,2592,53,5819,63,8411,California
Del Norte,2021-04-23,155,13819,22,4961,133,8238,0,620,41,2519,114,5933,41,8452,California
Del Norte,2021-04-24,25,13844,14,4975,11,8249,0,620,20,2534,5,5938,20,8472,California
Del Norte,2021-04-25,2,13846,0,4975,2,8251,0,620,2,2536,0,5938,2,8474,California
Del Norte,2021-04-26,31,13877,0,4975,31,8282,0,620,9,2523,22,5960,9,8483,California
Del Norte,2021-04-27,181,14058,21,4996,155,8437,5,625,50,2448,131,6091,56,8539,California
Del Norte,2021-04-28,351,14409,100,5096,246,8683,5,630,63,2230,287,6378,69,8608,California
Del Norte,2021-04-29,93,14502,6,5102,83,8766,4,634,26,2193,67,6445,30,8638,California
Del Norte,2021-04-30,87,14589,7,5109,70,8836,10,644,47,2210,40,6485,57,8695,California
Del Norte,2021-05-01,7,14596,2,5111,5,8841,0,644,5,2213,2,6487,5,8700,California
Del Norte,2021-05-02,8,14604,0,5111,8,8849,0,644,8,2221,0,6487,8,8708,California
Del Norte,2021-05-03,40,14644,3,5114,34,8883,3,647,2,2189,37,6524,5,8713,California
Del Norte,2021-05-04,222,14866,36,5150,181,9064,5,652,47,2066,175,6699,52,8765,California
Del Norte,2021-05-05,234,15100,20,5170,206,9270,8,660,59,1959,174,6873,67,8832,California
Del Norte,2021-05-06,113,15213,26,5196,74,9344,13,673,26,1911,87,6960,39,8871,California
Del Norte,2021-05-07,151,15364,28,5224,119,9463,4,677,31,1826,120,7080,35,8906,California
Del Norte,2021-05-08,65,15429,55,5279,8,9471,2,679,7,1777,58,7138,9,8915,California
Del Norte,2021-05-09,10,15439,4,5283,3,9474,3,682,2,1774,8,7146,5,8920,California
Del Norte,2021-05-10,24,15463,3,5286,17,9491,4,686,14,1782,10,7156,18,8938,California
Del Norte,2021-05-11,177,15640,50,5336,125,9616,2,688,34,1675,143,7299,36,8974,California
Del Norte,2021-05-12,150,15790,23,5359,117,9733,10,698,27,1590,122,7421,37,9011,California
Del Norte,2021-05-13,69,15859,31,5390,37,9770,1,699,39,1600,30,7451,40,9051,California
Del Norte,2021-05-14,76,15935,26,5416,49,9819,1,700,41,1607,35,7486,42,9093,California
Del Norte,2021-05-15,96,16031,53,5469,37,9856,6,706,53,1623,43,7529,59,9152,California
Del Norte,2021-05-16,11,16042,0,5469,11,9867,0,706,11,1634,0,7529,11,9163,California
Del Norte,2021-05-17,26,16068,3,5472,20,9887,3,709,15,1641,11,7540,18,9181,California
Del Norte,2021-05-18,129,16197,69,5541,60,9947,0,709,81,1674,48,7588,81,9262,California
Del Norte,2021-05-19,97,16294,14,5555,66,10013,17,726,35,1663,62,7650,51,9313,California
Del Norte,2021-05-20,101,16395,33,5588,65,10078,3,729,41,1648,59,7709,44,9357,California
Del Norte,2021-05-21,81,16476,34,5622,44,10122,3,732,44,1658,37,7746,47,9404,California
Del Norte,2021-05-22,24,16500,8,5630,16,10138,0,732,11,1657,12,7758,11,9415,California
Del Norte,2021-05-23,14,16514,5,5635,9,10147,0,732,7,1657,7,7765,7,9422,California
Del Norte,2021-05-24,25,16539,9,5644,16,10163,0,732,16,1664,9,7774,16,9438,California
Del Norte,2021-05-25,46,16585,5,5649,35,10198,6,738,16,1659,27,7801,22,9460,California
Del Norte,2021-05-26,117,16702,36,5685,74,10272,7,745,54,1658,62,7863,61,9521,California
Del Norte,2021-05-27,72,16774,27,5712,41,10313,4,749,34,1658,38,7901,38,9559,California
Del Norte,2021-05-28,52,16826,7,5719,37,10350,8,757,8,1630,44,7945,16,9575,California
Del Norte,2021-05-29,8,16834,0,5719,4,10354,4,761,3,1632,5,7950,7,9582,California
Del Norte,2021-05-30,6,16840,0,5719,6,10360,0,761,1,1628,5,7955,1,9583,California
Del Norte,2021-05-31,4,16844,2,5721,2,10362,0,761,3,1630,1,7956,3,9586,California
Del Norte,2021-06-01,52,16896,6,5727,39,10401,7,768,11,1607,41,7997,18,9604,California
Del Norte,2021-06-02,84,16980,11,5738,68,10469,5,773,19,1566,65,8062,24,9628,California
Del Norte,2021-06-03,61,17041,36,5774,23,10492,2,775,27,1561,34,8096,29,9657,California
Del Norte,2021-06-04,71,17112,25,5799,41,10533,5,780,20,1535,51,8147,25,9682,California
Del Norte,2021-06-05,1,17113,0,5799,1,10534,0,780,0,1534,1,8148,0,9682,California
Del Norte,2021-06-06,10,17123,4,5803,4,10538,2,782,7,1540,3,8151,9,9691,California
Del Norte,2021-06-07,40,17163,9,5812,26,10564,5,787,15,1535,25,8176,20,9711,California
Del Norte,2021-06-08,112,17275,81,5893,26,10590,5,792,33,1494,79,8255,38,9749,California
Del Norte,2021-06-09,58,17333,11,5904,40,10630,7,799,16,1475,42,8297,23,9772,California
Del Norte,2021-06-10,57,17390,27,5931,23,10653,7,806,12,1450,44,8341,19,9791,California
Del Norte,2021-06-11,59,17449,23,5954,27,10680,9,815,13,1426,46,8387,22,9813,California
Del Norte,2021-06-12,17,17466,3,5957,11,10691,3,818,2,1416,15,8402,5,9818,California
Del Norte,2021-06-13,61,17527,43,6000,13,10704,5,823,13,1386,48,8450,18,9836,California
Del Norte,2021-06-14,37,17564,15,6015,18,10722,4,827,15,1384,21,8471,19,9855,California
Del Norte,2021-06-15,38,17602,9,6024,21,10743,8,835,5,1364,33,8504,13,9868,California
Del Norte,2021-06-16,99,17701,38,6062,50,10793,11,846,22,1320,77,8581,33,9901,California
Del Norte,2021-06-17,31,17732,13,6075,15,10808,3,849,7,1306,24,8605,10,9911,California
Del Norte,2021-06-18,48,17780,22,6097,21,10829,5,854,19,1301,29,8634,24,9935,California
Del Norte,2021-06-19,11,17791,0,6097,7,10836,4,858,3,1300,8,8642,7,9942,California
Del Norte,2021-06-20,13,17804,9,6106,4,10840,0,858,8,1303,5,8647,8,9950,California
Del Norte,2021-06-21,24,17828,9,6115,10,10850,5,863,10,1304,14,8661,15,9965,California
Del Norte,2021-06-22,38,17866,9,6124,18,10868,11,874,14,1305,24,8685,25,9990,California
Del Norte,2021-06-23,67,17933,32,6156,30,10898,5,879,31,1305,36,8721,36,10026,California
Del Norte,2021-06-24,42,17975,27,6183,10,10908,5,884,17,1302,25,8746,22,10048,California
Del Norte,2021-06-25,26,18001,12,6195,12,10920,2,886,13,1304,13,8759,15,10063,California
Del Norte,2021-06-26,4,18005,0,6195,4,10924,0,886,1,1302,3,8762,1,10064,California
El Dorado,2020-12-15,12,12,12,12,0,0,0,0,12,12,0,0,12,12,California
El Dorado,2020-12-16,40,52,40,52,0,0,0,0,40,52,0,0,40,52,California
El Dorado,2020-12-17,33,85,33,85,0,0,0,0,33,85,0,0,33,85,California
El Dorado,2020-12-18,262,347,262,347,0,0,0,0,262,347,0,0,262,347,California
El Dorado,2020-12-19,118,465,118,465,0,0,0,0,118,465,0,0,118,465,California
El Dorado,2020-12-20,87,552,87,552,0,0,0,0,87,552,0,0,87,552,California
El Dorado,2020-12-21,311,863,310,862,1,1,0,0,311,863,0,0,311,863,California
El Dorado,2020-12-22,239,1102,215,1077,24,25,0,0,239,1102,0,0,239,1102,California
El Dorado,2020-12-23,190,1292,141,1218,49,74,0,0,190,1292,0,0,190,1292,California
El Dorado,2020-12-24,86,1378,65,1283,21,95,0,0,86,1378,0,0,86,1378,California
El Dorado,2020-12-25,8,1386,8,1291,0,95,0,0,8,1386,0,0,8,1386,California
El Dorado,2020-12-26,45,1431,27,1318,18,113,0,0,45,1431,0,0,45,1431,California
El Dorado,2020-12-27,38,1469,34,1352,4,117,0,0,38,1469,0,0,38,1469,California
El Dorado,2020-12-28,218,1687,169,1521,49,166,0,0,218,1687,0,0,218,1687,California
El Dorado,2020-12-29,462,2149,145,1666,317,483,0,0,462,2149,0,0,462,2149,California
El Dorado,2020-12-30,510,2659,139,1805,371,854,0,0,510,2659,0,0,510,2659,California
El Dorado,2020-12-31,110,2769,70,1875,40,894,0,0,110,2769,0,0,110,2769,California
El Dorado,2021-01-01,7,2776,4,1879,3,897,0,0,7,2776,0,0,7,2776,California
El Dorado,2021-01-02,153,2929,141,2020,12,909,0,0,153,2929,0,0,153,2929,California
El Dorado,2021-01-03,94,3023,18,2038,76,985,0,0,94,3023,0,0,94,3023,California
El Dorado,2021-01-04,192,3215,61,2099,131,1116,0,0,192,3215,0,0,192,3215,California
El Dorado,2021-01-05,230,3445,74,2173,156,1272,0,0,212,3409,18,18,212,3427,California
El Dorado,2021-01-06,243,3688,168,2341,75,1347,0,0,177,3521,65,83,177,3604,California
El Dorado,2021-01-07,338,4026,138,2479,200,1547,0,0,260,3703,78,161,260,3864,California
El Dorado,2021-01-08,992,5018,512,2991,480,2027,0,0,766,4244,226,387,767,4631,California
El Dorado,2021-01-09,198,5216,160,3151,38,2065,0,0,127,4300,71,458,127,4758,California
El Dorado,2021-01-10,180,5396,131,3282,49,2114,0,0,109,4339,71,529,110,4868,California
El Dorado,2021-01-11,661,6057,295,3577,366,2480,0,0,460,4600,200,729,461,5329,California
El Dorado,2021-01-12,810,6867,426,4003,384,2864,0,0,559,4908,251,980,559,5888,California
El Dorado,2021-01-13,705,7572,300,4303,405,3269,0,0,541,5285,164,1144,541,6429,California
El Dorado,2021-01-14,796,8368,221,4524,575,3844,0,0,701,5891,95,1239,701,7130,California
El Dorado,2021-01-15,797,9165,190,4714,607,4451,0,0,723,6540,74,1313,723,7853,California
El Dorado,2021-01-16,173,9338,102,4816,71,4522,0,0,146,6659,27,1340,146,7999,California
El Dorado,2021-01-17,107,9445,50,4866,57,4579,0,0,89,6730,18,1358,89,8088,California
El Dorado,2021-01-18,427,9872,143,5009,284,4863,0,0,353,7009,74,1432,353,8441,California
El Dorado,2021-01-19,753,10625,451,5460,302,5165,0,0,602,7461,151,1583,603,9044,California
El Dorado,2021-01-20,1014,11639,691,6151,323,5488,0,0,900,8248,113,1696,900,9944,California
El Dorado,2021-01-21,1270,12909,682,6833,588,6076,0,0,1062,9143,167,1863,1062,11006,California
El Dorado,2021-01-22,1244,14153,843,7676,401,6477,0,0,1183,10266,60,1923,1183,12189,California
El Dorado,2021-01-23,880,15033,622,8298,258,6735,0,0,764,10914,116,2039,764,12953,California
El Dorado,2021-01-24,128,15161,78,8376,50,6785,0,0,108,11002,20,2059,108,13061,California
El Dorado,2021-01-25,698,15859,292,8668,406,7191,0,0,610,11524,88,2147,610,13671,California
El Dorado,2021-01-26,685,16544,370,9038,315,7506,0,0,577,11993,108,2255,577,14248,California
El Dorado,2021-01-27,995,17539,392,9430,603,8109,0,0,656,12309,340,2595,656,14904,California
El Dorado,2021-01-28,1111,18650,454,9884,657,8766,0,0,749,12696,362,2957,749,15653,California
El Dorado,2021-01-29,1045,19695,557,10441,488,9254,0,0,753,13159,291,3248,754,16407,California
El Dorado,2021-01-30,839,20534,293,10734,546,9800,0,0,742,13805,96,3344,742,17149,California
El Dorado,2021-01-31,234,20768,211,10945,23,9823,0,0,183,13937,51,3395,183,17332,California
El Dorado,2021-02-01,801,21569,369,11314,432,10255,0,0,652,14440,149,3544,652,17984,California
El Dorado,2021-02-02,851,22420,369,11683,482,10737,0,0,685,14959,166,3710,685,18669,California
El Dorado,2021-02-03,906,23326,477,12160,429,11166,0,0,693,15439,213,3923,693,19362,California
El Dorado,2021-02-04,1252,24578,707,12867,545,11711,0,0,869,15927,381,4304,869,20231,California
El Dorado,2021-02-05,1501,26079,606,13473,895,12606,0,0,866,16195,598,4902,866,21097,California
El Dorado,2021-02-06,639,26718,334,13807,305,12911,0,0,532,16621,107,5009,533,21630,California
El Dorado,2021-02-07,262,26980,180,13987,82,12993,0,0,196,16751,66,5075,196,21826,California
El Dorado,2021-02-08,882,27862,418,14405,464,13457,0,0,606,17081,276,5351,606,22432,California
El Dorado,2021-02-09,978,28840,549,14954,429,13886,0,0,545,17193,433,5784,545,22977,California
El Dorado,2021-02-10,1269,30109,743,15697,526,14412,0,0,669,17263,599,6383,669,23646,California
El Dorado,2021-02-11,2168,32277,897,16594,1271,15683,0,0,755,16609,1410,7793,756,24402,California
El Dorado,2021-02-12,1583,33860,831,17425,752,16435,0,0,675,16378,907,8700,676,25078,California
El Dorado,2021-02-13,984,34844,673,18098,311,16746,0,0,436,16269,545,9245,436,25514,California
El Dorado,2021-02-14,492,35336,157,18255,335,17081,0,0,400,16577,92,9337,400,25914,California
El Dorado,2021-02-15,1179,36515,386,18641,793,17874,0,0,819,17040,360,9697,823,26737,California
El Dorado,2021-02-16,1207,37722,529,19170,678,18552,0,0,669,17173,537,10234,670,27407,California
El Dorado,2021-02-17,957,38679,423,19593,534,19086,0,0,464,17146,493,10727,466,27873,California
El Dorado,2021-02-18,2110,40789,1031,20624,1079,20165,0,0,1072,17181,1037,11764,1072,28945,California
El Dorado,2021-02-19,1227,42016,657,21281,570,20735,0,0,687,17329,539,12303,687,29632,California
El Dorado,2021-02-20,953,42969,460,21741,493,21228,0,0,681,17744,266,12569,681,30313,California
El Dorado,2021-02-21,293,43262,235,21976,58,21286,0,0,105,17661,188,12757,105,30418,California
El Dorado,2021-02-22,885,44147,445,22421,440,21726,0,0,277,17331,607,13364,277,30695,California
El Dorado,2021-02-23,862,45009,482,22903,380,22106,0,0,352,17174,509,13873,352,31047,California
El Dorado,2021-02-24,1040,46049,447,23350,593,22699,0,0,436,17006,604,14477,436,31483,California
El Dorado,2021-02-25,1922,47971,1150,24500,772,23471,0,0,698,16491,1217,15694,702,32185,California
El Dorado,2021-02-26,2405,50376,1505,26005,900,24371,0,0,1619,17327,783,16477,1619,33804,California
El Dorado,2021-02-27,1690,52066,448,26453,1242,25613,0,0,1241,18122,446,16923,1241,35045,California
El Dorado,2021-02-28,666,52732,230,26683,436,26049,0,0,498,18453,168,17091,499,35544,California
El Dorado,2021-03-01,1164,53896,468,27151,694,26743,2,2,643,18578,520,17611,645,36189,California
El Dorado,2021-03-02,939,54835,273,27424,665,27408,1,3,492,18627,445,18056,494,36683,California
El Dorado,2021-03-03,1711,56546,470,27894,1241,28649,0,3,1165,19255,539,18595,1167,37850,California
El Dorado,2021-03-04,2522,59068,1550,29444,972,29621,0,3,1200,19138,1318,19913,1201,39051,California
El Dorado,2021-03-05,1591,60659,432,29876,1154,30775,5,8,1053,19664,532,20445,1058,40109,California
El Dorado,2021-03-06,742,61401,216,30092,491,31266,35,43,392,19742,349,20794,427,40536,California
El Dorado,2021-03-07,411,61812,200,30292,192,31458,19,62,245,19842,164,20958,264,40800,California
El Dorado,2021-03-08,1335,63147,371,30663,891,32349,73,135,863,20308,469,21427,935,41735,California
El Dorado,2021-03-09,992,64139,231,30894,692,33041,69,204,589,20578,388,21815,658,42393,California
El Dorado,2021-03-10,958,65097,349,31243,553,33594,56,260,552,20785,400,22215,607,43000,California
El Dorado,2021-03-11,3034,68131,1839,33082,1011,34605,184,444,1291,20535,1722,23937,1472,44472,California
El Dorado,2021-03-12,1802,69933,626,33708,933,35538,243,687,748,20490,1036,24973,991,45463,California
El Dorado,2021-03-13,1071,71004,347,34055,441,35979,283,970,371,20444,697,25670,651,46114,California
El Dorado,2021-03-14,798,71802,207,34262,480,36459,111,1081,276,20309,522,26192,387,46501,California
El Dorado,2021-03-15,1397,73199,304,34566,968,37427,125,1206,608,20258,785,26977,734,47235,California
El Dorado,2021-03-16,1226,74425,417,34983,665,38092,144,1350,563,20308,658,27635,708,47943,California
El Dorado,2021-03-17,1149,75574,362,35345,691,38783,96,1446,749,20752,399,28034,843,48786,California
El Dorado,2021-03-18,3016,78590,1785,37130,1186,39969,45,1491,1983,21755,1025,29059,2028,50814,California
El Dorado,2021-03-19,1126,79716,365,37495,610,40579,151,1642,628,22036,497,29556,778,51592,California
El Dorado,2021-03-20,950,80666,270,37765,664,41243,16,1658,367,21848,571,30127,383,51975,California
El Dorado,2021-03-21,1032,81698,424,38189,603,41846,5,1663,920,22663,110,30237,925,52900,California
El Dorado,2021-03-22,1514,83212,494,38683,938,42784,82,1745,1190,23616,319,30556,1272,54172,California
El Dorado,2021-03-23,1159,84371,458,39141,606,43390,95,1840,735,24034,412,30968,830,55002,California
El Dorado,2021-03-24,1463,85834,628,39769,642,44032,193,2033,661,24113,775,31743,854,55856,California
El Dorado,2021-03-25,2523,88357,1690,41459,729,44761,104,2137,1374,24450,1142,32885,1479,57335,California
El Dorado,2021-03-26,1829,90186,698,42157,1021,45782,110,2247,930,24615,876,33761,1041,58376,California
El Dorado,2021-03-27,1327,91513,189,42346,1133,46915,5,2252,319,23937,1002,34763,324,58700,California
El Dorado,2021-03-28,639,92152,183,42529,446,47361,10,2262,168,23648,467,35230,178,58878,California
El Dorado,2021-03-29,1319,93471,434,42963,869,48230,16,2278,822,23992,494,35724,838,59716,California
El Dorado,2021-03-30,1366,94837,416,43379,857,49087,93,2371,680,24085,678,36402,771,60487,California
El Dorado,2021-03-31,1570,96407,587,43966,918,50005,65,2436,692,23964,875,37277,754,61241,California
El Dorado,2021-04-01,3250,99657,1776,45742,1391,51396,83,2519,1542,23886,1704,38981,1626,62867,California
El Dorado,2021-04-02,1900,101557,565,46307,1238,52634,97,2616,749,23587,1145,40126,846,63713,California
El Dorado,2021-04-03,753,102310,298,46605,334,52968,121,2737,232,23421,518,40644,352,64065,California
El Dorado,2021-04-04,273,102583,85,46690,140,53108,48,2785,98,23393,174,40818,146,64211,California
El Dorado,2021-04-05,1423,104006,423,47113,906,54014,94,2879,592,23253,825,41643,685,64896,California
El Dorado,2021-04-06,1414,105420,525,47638,670,54684,219,3098,451,22962,958,42601,667,65563,California
El Dorado,2021-04-07,1592,107012,559,48197,583,55267,450,3548,560,22940,1029,43630,1007,66570,California
El Dorado,2021-04-08,2694,109706,1729,49926,729,55996,236,3784,1113,22716,1572,45202,1348,67918,California
El Dorado,2021-04-09,1448,111154,459,50385,768,56764,221,4005,576,22640,869,46071,793,68711,California
El Dorado,2021-04-10,826,111980,227,50612,487,57251,112,4117,477,22882,346,46417,588,69299,California
El Dorado,2021-04-11,704,112684,454,51066,234,57485,16,4133,208,22611,495,46912,224,69523,California
El Dorado,2021-04-12,1289,113973,503,51569,637,58122,149,4282,564,22605,718,47630,712,70235,California
El Dorado,2021-04-13,1122,115095,610,52179,512,58634,0,4282,507,22501,611,48241,507,70742,California
El Dorado,2021-04-14,1100,116195,466,52645,633,59267,1,4283,379,22174,707,48948,380,71122,California
El Dorado,2021-04-15,2526,118721,1696,54341,830,60097,0,4283,962,21578,1559,50507,963,72085,California
El Dorado,2021-04-16,1472,120193,522,54863,950,61047,0,4283,608,21327,860,51367,609,72694,California
El Dorado,2021-04-17,798,120991,202,55065,596,61643,0,4283,497,21527,298,51665,498,73192,California
El Dorado,2021-04-18,1070,122061,119,55184,951,62594,0,4283,425,21308,644,52309,425,73617,California
El Dorado,2021-04-19,1738,123799,444,55628,1294,63888,0,4283,697,20970,1035,53344,697,74314,California
El Dorado,2021-04-20,1148,124947,393,56021,755,64643,0,4283,478,20784,665,54009,479,74793,California
El Dorado,2021-04-21,1236,126183,535,56556,697,65340,4,4287,636,20830,592,54601,638,75431,California
El Dorado,2021-04-22,2581,128764,1713,58269,868,66208,0,4287,1074,20402,1503,56104,1075,76506,California
El Dorado,2021-04-23,1432,130196,518,58787,914,67122,0,4287,726,20426,703,56807,727,77233,California
El Dorado,2021-04-24,974,131170,521,59308,453,67575,0,4287,738,20930,234,57041,738,77971,California
El Dorado,2021-04-25,657,131827,449,59757,208,67783,0,4287,469,21211,188,57229,469,78440,California
El Dorado,2021-04-26,1203,133030,492,60249,694,68477,17,4304,568,21165,630,57859,584,79024,California
El Dorado,2021-04-27,1136,134166,431,60680,667,69144,38,4342,509,21092,620,58479,547,79571,California
El Dorado,2021-04-28,1086,135252,374,61054,672,69816,40,4382,442,20931,643,59122,482,80053,California
El Dorado,2021-04-29,2007,137259,1379,62433,596,70412,32,4414,599,20157,1405,60527,631,80684,California
El Dorado,2021-04-30,2152,139411,1364,63797,747,71159,41,4455,1376,20811,762,61289,1416,82100,California
El Dorado,2021-05-01,620,140031,285,64082,307,71466,28,4483,277,20780,336,61625,305,82405,California
El Dorado,2021-05-02,301,140332,214,64296,58,71524,29,4512,100,20710,198,61823,128,82533,California
El Dorado,2021-05-03,826,141158,403,64699,373,71897,50,4562,281,20501,541,62364,332,82865,California
El Dorado,2021-05-04,911,142069,460,65159,391,72288,60,4622,326,20306,581,62945,386,83251,California
El Dorado,2021-05-05,904,142973,451,65610,379,72667,74,4696,436,20350,466,63411,510,83761,California
El Dorado,2021-05-06,1142,144115,504,66114,590,73257,48,4744,488,20234,648,64059,532,84293,California
El Dorado,2021-05-07,995,145110,389,66503,547,73804,59,4803,406,20109,589,64648,464,84757,California
El Dorado,2021-05-08,488,145598,153,66656,298,74102,37,4840,186,20032,300,64948,223,84980,California
El Dorado,2021-05-09,232,145830,93,66749,112,74214,27,4867,104,20036,127,65075,131,85111,California
El Dorado,2021-05-10,828,146658,276,67025,494,74708,58,4925,240,19754,578,65653,296,85407,California
El Dorado,2021-05-11,696,147354,309,67334,325,75033,62,4987,283,19690,410,66063,346,85753,California
El Dorado,2021-05-12,653,148007,345,67679,267,75300,41,5028,249,19577,404,66467,291,86044,California
El Dorado,2021-05-13,1265,149272,798,68477,427,75727,40,5068,470,19297,789,67256,509,86553,California
El Dorado,2021-05-14,1412,150684,814,69291,514,76241,84,5152,670,19314,737,67993,754,87307,California
El Dorado,2021-05-15,906,151590,560,69851,290,76531,56,5208,320,19104,586,68579,376,87683,California
El Dorado,2021-05-16,667,152257,464,70315,177,76708,26,5234,234,18931,433,69012,260,87943,California
El Dorado,2021-05-17,1579,153836,670,70985,860,77568,49,5283,561,18526,1014,70026,609,88552,California
El Dorado,2021-05-18,1030,154866,517,71502,459,78027,54,5337,439,18429,590,70616,493,89045,California
El Dorado,2021-05-19,817,155683,332,71834,433,78460,52,5389,309,18288,501,71117,360,89405,California
El Dorado,2021-05-20,1182,156865,658,72492,449,78909,75,5464,440,18062,739,71856,513,89918,California
El Dorado,2021-05-21,2338,159203,1747,74239,548,79457,43,5507,811,17393,1523,73379,854,90772,California
El Dorado,2021-05-22,707,159910,206,74445,465,79922,36,5543,222,17167,484,73863,258,91030,California
El Dorado,2021-05-23,308,160218,134,74579,145,80067,29,5572,94,17078,212,74075,123,91153,California
El Dorado,2021-05-24,879,161097,452,75031,358,80425,69,5641,304,16878,571,74646,371,91524,California
El Dorado,2021-05-25,608,161705,255,75286,317,80742,36,5677,223,16754,382,75028,258,91782,California
El Dorado,2021-05-26,811,162516,398,75684,389,81131,24,5701,279,16527,530,75558,303,92085,California
El Dorado,2021-05-27,621,163137,244,75928,342,81473,35,5736,310,16561,310,75868,344,92429,California
El Dorado,2021-05-28,730,163867,256,76184,410,81883,64,5800,307,16512,420,76288,371,92800,California
El Dorado,2021-05-29,390,164257,111,76295,263,82146,16,5816,171,16480,219,76507,187,92987,California
El Dorado,2021-05-30,173,164430,101,76396,58,82204,14,5830,81,16484,91,76598,95,93082,California
El Dorado,2021-05-31,37,164467,12,76408,14,82218,11,5841,8,16474,29,76627,19,93101,California
El Dorado,2021-06-01,674,165141,289,76697,346,82564,39,5880,230,16302,441,77068,269,93370,California
El Dorado,2021-06-02,630,165771,299,76996,281,82845,50,5930,259,16241,370,77438,309,93679,California
El Dorado,2021-06-03,727,166498,338,77334,346,83191,43,5973,172,15901,555,77993,215,93894,California
El Dorado,2021-06-04,885,167383,527,77861,324,83515,34,6007,185,15422,698,78691,219,94113,California
El Dorado,2021-06-05,388,167771,224,78085,152,83667,12,6019,84,15215,303,78994,96,94209,California
El Dorado,2021-06-06,278,168049,193,78278,69,83736,16,6035,50,15053,227,79221,65,94274,California
El Dorado,2021-06-07,783,168832,485,78763,258,83994,40,6075,170,14657,606,79827,210,94484,California
El Dorado,2021-06-08,631,169463,382,79145,216,84210,33,6108,129,14319,499,80326,161,94645,California
El Dorado,2021-06-09,464,169927,277,79422,161,84371,26,6134,111,14103,353,80679,137,94782,California
El Dorado,2021-06-10,587,170514,366,79788,190,84561,31,6165,162,13873,423,81102,193,94975,California
El Dorado,2021-06-11,657,171171,393,80181,220,84781,44,6209,130,13521,526,81628,174,95149,California
El Dorado,2021-06-12,260,171431,153,80334,88,84869,19,6228,61,13403,198,81826,80,95229,California
El Dorado,2021-06-13,162,171593,90,80424,54,84923,18,6246,34,13328,127,81953,52,95281,California
El Dorado,2021-06-14,508,172101,357,80781,121,85044,30,6276,133,13116,375,82328,163,95444,California
El Dorado,2021-06-15,447,172548,237,81018,173,85217,37,6313,126,12961,318,82646,163,95607,California
El Dorado,2021-06-16,505,173053,355,81373,109,85326,41,6354,131,12760,373,83019,172,95779,California
El Dorado,2021-06-17,437,173490,267,81640,137,85463,33,6387,139,12636,297,83316,173,95952,California
El Dorado,2021-06-18,394,173884,251,81891,109,85572,34,6421,118,12513,275,83591,152,96104,California
El Dorado,2021-06-19,247,174131,154,82045,80,85652,13,6434,91,12462,155,83746,104,96208,California
El Dorado,2021-06-20,123,174254,89,82134,28,85680,6,6440,52,12449,71,83817,58,96266,California
El Dorado,2021-06-21,316,174570,162,82296,129,85809,25,6465,122,12404,192,84009,147,96413,California
El Dorado,2021-06-22,393,174963,256,82552,114,85923,23,6488,132,12299,260,84269,155,96568,California
El Dorado,2021-06-23,422,175385,291,82843,109,86032,22,6510,139,12179,281,84550,161,96729,California
El Dorado,2021-06-24,390,175775,241,83084,135,86167,14,6524,145,12093,245,84795,159,96888,California
El Dorado,2021-06-25,348,176123,213,83297,99,86266,36,6560,142,12070,201,84996,178,97066,California
El Dorado,2021-06-26,139,176262,84,83381,42,86308,13,6573,44,12033,94,85090,57,97123,California
Fresno,2020-12-15,2,2,2,2,0,0,0,0,2,2,0,0,2,2,California
Fresno,2020-12-16,124,126,124,126,0,0,0,0,124,126,0,0,124,126,California
Fresno,2020-12-17,123,249,123,249,0,0,0,0,123,249,0,0,123,249,California
Fresno,2020-12-18,350,599,350,599,0,0,0,0,350,599,0,0,350,599,California
Fresno,2020-12-19,161,760,161,760,0,0,0,0,161,760,0,0,161,760,California
Fresno,2020-12-20,256,1016,254,1014,2,2,0,0,256,1016,0,0,256,1016,California
Fresno,2020-12-21,930,1946,928,1942,2,4,0,0,959,1975,0,0,959,1975,California
Fresno,2020-12-22,909,2855,877,2819,32,36,0,0,913,2888,0,0,913,2888,California
Fresno,2020-12-23,1089,3944,1046,3865,43,79,0,0,1090,3978,0,0,1090,3978,California
Fresno,2020-12-24,590,4534,564,4429,26,105,0,0,590,4568,0,0,590,4568,California
Fresno,2020-12-25,3,4537,1,4430,2,107,0,0,3,4571,0,0,3,4571,California
Fresno,2020-12-26,723,5260,714,5144,9,116,0,0,723,5294,0,0,723,5294,California
Fresno,2020-12-27,306,5566,210,5354,96,212,0,0,306,5600,0,0,306,5600,California
Fresno,2020-12-28,1094,6660,800,6154,294,506,0,0,1095,6695,0,0,1095,6695,California
Fresno,2020-12-29,1767,8427,1000,7154,767,1273,0,0,1765,8459,1,1,1765,8460,California
Fresno,2020-12-30,985,9412,445,7599,540,1813,0,0,985,9444,0,1,985,9445,California
Fresno,2020-12-31,929,10341,310,7909,619,2432,0,0,928,10372,0,1,928,10373,California
Fresno,2021-01-01,10,10351,3,7912,7,2439,0,0,10,10382,0,1,10,10383,California
Fresno,2021-01-02,1026,11377,712,8624,314,2753,0,0,1026,11408,0,1,1026,11409,California
Fresno,2021-01-03,156,11533,130,8754,26,2779,0,0,156,11564,0,1,156,11565,California
Fresno,2021-01-04,623,12156,376,9130,247,3026,0,0,623,12187,0,1,623,12188,California
Fresno,2021-01-05,785,12941,312,9442,473,3499,0,0,711,12824,74,75,711,12899,California
Fresno,2021-01-06,991,13932,348,9790,643,4142,0,0,817,13467,174,249,817,13716,California
Fresno,2021-01-07,1899,15831,917,10707,982,5124,0,0,1644,14859,255,504,1647,15363,California
Fresno,2021-01-08,1794,17625,615,11322,1179,6303,0,0,1428,15924,364,868,1429,16792,California
Fresno,2021-01-09,637,18262,390,11712,247,6550,0,0,359,16005,278,1146,359,17151,California
Fresno,2021-01-10,518,18780,488,12200,30,6580,0,0,204,15895,314,1460,204,17355,California
Fresno,2021-01-11,2227,21007,1810,14010,417,6997,0,0,1532,16736,695,2155,1536,18891,California
Fresno,2021-01-12,2535,23542,1830,15840,705,7702,0,0,1682,17565,855,3010,1684,20575,California
Fresno,2021-01-13,3569,27111,2439,18279,1130,8832,0,0,2714,19426,856,3866,2717,23292,California
Fresno,2021-01-14,4157,31268,2196,20475,1961,10793,0,0,3685,22640,471,4337,3685,26977,California
Fresno,2021-01-15,3678,34946,2540,23015,1138,11931,0,0,3319,25604,359,4696,3323,30300,California
Fresno,2021-01-16,3164,38110,2317,25332,847,12778,0,0,2694,27830,470,5166,2696,32996,California
Fresno,2021-01-17,979,39089,557,25889,422,13200,0,0,779,28409,200,5366,779,33775,California
Fresno,2021-01-18,3090,42179,2377,28266,713,13913,0,0,2434,30191,654,6020,2436,36211,California
Fresno,2021-01-19,4419,46598,2623,30889,1796,15709,0,0,3700,33176,719,6739,3704,39915,California
Fresno,2021-01-20,3042,49640,1218,32107,1824,17533,0,0,2725,35589,315,7054,2728,42643,California
Fresno,2021-01-21,4406,54046,2041,34148,2365,19898,0,0,4045,39302,338,7392,4051,46694,California
Fresno,2021-01-22,3329,57375,1354,35502,1975,21873,0,0,2939,41868,374,7766,2940,49634,California
Fresno,2021-01-23,3065,60440,1981,37483,1084,22957,0,0,2342,43493,722,8488,2347,51981,California
Fresno,2021-01-24,558,60998,377,37860,181,23138,0,0,351,43639,207,8695,353,52334,California
Fresno,2021-01-25,2450,63448,867,38727,1583,24721,0,0,1872,44936,578,9273,1875,54209,California
Fresno,2021-01-26,2095,65543,593,39320,1502,26223,0,0,1329,45502,764,10037,1330,55539,California
Fresno,2021-01-27,2308,67851,1135,40455,1173,27396,0,0,1725,46649,581,10618,1728,57267,California
Fresno,2021-01-28,4556,72407,3044,43499,1512,28908,0,0,3478,49056,1074,11692,3481,60748,California
Fresno,2021-01-29,1680,74087,950,44449,730,29638,0,0,1377,50135,299,11991,1378,62126,California
Fresno,2021-01-30,1452,75539,546,44995,906,30544,0,0,1035,50753,417,12408,1035,63161,California
Fresno,2021-01-31,226,75765,215,45210,11,30555,0,0,72,50671,154,12562,72,63233,California
Fresno,2021-02-01,3360,79125,1663,46873,1697,32252,0,0,1781,50884,1578,14140,1791,65024,California
Fresno,2021-02-02,2735,81860,552,47425,2183,34435,0,0,1586,51352,1134,15274,1602,66626,California
Fresno,2021-02-03,3575,85435,2110,49535,1465,35900,0,0,1553,50893,2013,17287,1554,68180,California
Fresno,2021-02-04,4215,89650,1908,51443,2307,38207,0,0,1931,50575,2254,19541,1936,70116,California
Fresno,2021-02-05,5369,95019,2745,54188,2624,40831,0,0,2315,49845,3049,22590,2319,72435,California
Fresno,2021-02-06,2939,97958,2046,56234,893,41724,0,0,967,48850,1963,24553,968,73403,California
Fresno,2021-02-07,469,98427,287,56521,182,41906,0,0,272,48926,196,24749,272,73675,California
Fresno,2021-02-08,4291,102718,2299,58820,1992,43898,0,0,1808,48273,2470,27219,1817,75492,California
Fresno,2021-02-09,5361,108079,2093,60913,3268,47166,0,0,3133,49263,2152,29371,3142,78634,California
Fresno,2021-02-10,3914,111993,1239,62152,2675,49841,0,0,1997,49408,1864,31235,2009,80643,California
Fresno,2021-02-11,6469,118462,2093,64245,4376,54217,0,0,3351,49666,3099,34334,3357,84000,California
Fresno,2021-02-12,5431,123893,1388,65633,4043,58260,0,0,2740,49745,2673,37007,2752,86752,California
Fresno,2021-02-13,3770,127663,1570,67203,2200,60460,0,0,2089,50170,1670,38677,2095,88847,California
Fresno,2021-02-14,1578,129241,286,67489,1292,61752,0,0,848,50292,729,39406,851,89698,California
Fresno,2021-02-15,2909,132150,271,67760,2638,64390,0,0,1802,50995,1103,40509,1806,91504,California
Fresno,2021-02-16,6728,138878,2415,70175,4313,68703,0,0,4255,52802,2456,42965,4263,95767,California
Fresno,2021-02-17,5364,144242,2474,72649,2890,71593,0,0,2992,53472,2327,45292,2997,98764,California
Fresno,2021-02-18,6911,151153,2920,75569,3991,75584,0,0,2595,51805,4273,49565,2606,101370,California
Fresno,2021-02-19,3946,155099,1110,76679,2836,78420,0,0,1838,51554,2096,51661,1845,103215,California
Fresno,2021-02-20,4551,159650,2501,79180,2050,80470,0,0,3060,53135,1485,53146,3066,106281,California
Fresno,2021-02-21,194,159844,175,79355,19,80489,0,0,130,53215,50,53196,130,106411,California
Fresno,2021-02-22,2255,162099,1005,80360,1250,81739,0,0,1238,53448,1007,54203,1240,107651,California
Fresno,2021-02-23,4695,166794,2265,82625,2430,84169,0,0,3814,56395,869,55072,3816,111467,California
Fresno,2021-02-24,4218,171012,1503,84128,2715,86884,0,0,3464,59118,743,55815,3466,114933,California
Fresno,2021-02-25,8724,179736,3749,87877,4975,91859,0,0,7223,64915,1437,57252,7234,122167,California
Fresno,2021-02-26,9058,188794,3712,91589,5346,97205,0,0,7732,71352,1301,58553,7738,129905,California
Fresno,2021-02-27,7302,196096,3167,94756,4134,101339,1,1,6584,77240,703,59256,6591,136496,California
Fresno,2021-02-28,1664,197760,539,95295,1125,102464,0,1,1570,78730,81,59337,1571,138067,California
Fresno,2021-03-01,5117,202877,1326,96621,3791,106255,0,1,3695,81026,1406,60743,3702,141769,California
Fresno,2021-03-02,9892,212769,3393,100014,6499,112754,0,1,8500,88186,1368,62111,8528,150297,California
Fresno,2021-03-03,7082,219851,1786,101800,5295,118049,1,2,6061,93354,1008,63119,6176,156473,California
Fresno,2021-03-04,10473,230324,4130,105930,6343,124392,0,2,8721,100360,1724,64843,8730,165203,California
Fresno,2021-03-05,9376,239700,3642,109572,5732,130124,2,4,8070,107334,1173,66016,8147,173350,California
Fresno,2021-03-06,7021,246721,3955,113527,2948,133072,118,122,6021,112486,992,67008,6144,179494,California
Fresno,2021-03-07,1496,248217,682,114209,777,133849,37,159,1266,113563,227,67235,1304,180798,California
Fresno,2021-03-08,5343,253560,2058,116267,3134,136983,151,310,4048,116492,1283,68518,4212,185010,California
Fresno,2021-03-09,8671,262231,3805,120072,4594,141577,272,582,4663,117475,3987,72505,4970,189980,California
Fresno,2021-03-10,6929,269160,2879,122951,3660,145237,390,972,5412,121777,1508,74013,5810,195790,California
Fresno,2021-03-11,11641,280801,4599,127550,6491,151728,551,1523,6326,123443,5289,79302,6955,202745,California
Fresno,2021-03-12,12098,292899,5150,132700,6521,158249,427,1950,9091,130114,2987,82289,9658,212403,California
Fresno,2021-03-13,8361,301260,4068,136768,3280,161529,1013,2963,4044,130952,4296,86585,5134,217537,California
Fresno,2021-03-14,1778,303038,482,137250,1007,162536,289,3252,670,130814,1097,87682,959,218496,California
Fresno,2021-03-15,7156,310194,3184,140434,3795,166331,177,3429,4946,133941,2195,89877,5322,223818,California
Fresno,2021-03-16,10246,320440,4548,144982,5304,171635,394,3823,5430,135079,4784,94661,5922,229740,California
Fresno,2021-03-17,8751,329191,4001,148983,4048,175683,702,4525,5919,139295,2809,97470,7025,236765,California
Fresno,2021-03-18,12560,341751,6798,155781,5085,180768,677,5202,7047,142045,5463,102933,8213,244978,California
Fresno,2021-03-19,11287,353038,5961,161742,4706,185474,620,5822,6925,145634,4332,107265,7921,252899,California
Fresno,2021-03-20,7646,360684,4617,166359,2704,188178,325,6147,3779,146219,3837,111102,4422,257321,California
Fresno,2021-03-21,1860,362544,1270,167629,213,188391,377,6524,1020,146785,832,111934,1398,258719,California
Fresno,2021-03-22,5712,368256,2934,170563,2182,190573,596,7120,3826,149577,1868,113802,4660,263379,California
Fresno,2021-03-23,10656,378912,5329,175892,4827,195400,500,7620,5123,150132,5510,119312,6065,269444,California
Fresno,2021-03-24,8896,387808,3847,179739,4216,199616,833,8453,4980,152120,3879,123191,5867,275311,California
Fresno,2021-03-25,12233,400041,5688,185427,5741,205357,804,9257,4755,150331,7429,130620,5640,280951,California
Fresno,2021-03-26,12253,412294,5469,190896,6138,211495,646,9903,4446,147700,7748,138368,5117,286068,California
Fresno,2021-03-27,10145,422439,4858,195754,4199,215694,1088,10991,2971,144630,7135,145503,4065,290133,California
Fresno,2021-03-28,3422,425861,1323,197077,1407,217101,692,11683,1115,144583,2299,147802,2252,292385,California
Fresno,2021-03-29,6004,431865,2018,199095,3447,220548,539,12222,2898,144957,3077,150879,3451,295836,California
Fresno,2021-03-30,11019,442884,4275,203370,5845,226393,899,13121,3829,142528,7158,158037,4729,300565,California
Fresno,2021-03-31,9736,452620,3395,206765,5343,231736,998,14119,3670,141169,6021,164058,4662,305227,California
Fresno,2021-04-01,12250,464870,4221,210986,7158,238894,871,14990,4060,137969,8086,172144,4886,310113,California
Fresno,2021-04-02,12117,476987,4638,215624,6692,245586,787,15777,4276,135359,7677,179821,5067,315180,California
Fresno,2021-04-03,6427,483414,3533,219157,2630,248216,264,16041,2143,133538,4265,184086,2444,317624,California
Fresno,2021-04-04,1499,484913,538,219695,916,249132,45,16086,544,133183,945,185031,590,318214,California
Fresno,2021-04-05,8349,493262,4478,224173,3068,252200,803,16889,2446,130614,5887,190918,3318,321532,California
Fresno,2021-04-06,9646,502908,4035,228208,4418,256618,1193,18082,3544,129305,6062,196980,4753,326285,California
Fresno,2021-04-07,10652,513560,5516,233724,3917,260535,1219,19301,3543,127027,7064,204044,4786,331071,California
Fresno,2021-04-08,10989,524549,5179,238903,4645,265180,1165,20466,3449,124190,7490,211534,4653,335724,California
Fresno,2021-04-09,11623,536172,5348,244251,4870,270050,1405,21871,3647,121334,7927,219461,5071,340795,California
Fresno,2021-04-10,7934,544106,5173,249424,2232,272282,529,22400,3684,121314,4231,223692,4211,345006,California
Fresno,2021-04-11,1400,545506,936,250360,372,272654,92,22492,448,120908,947,224639,541,345547,California
Fresno,2021-04-12,7571,553077,4092,254452,2545,275199,934,23426,2412,119125,5127,229766,3344,348891,California
Fresno,2021-04-13,9040,562117,4315,258767,4654,279853,71,23497,3521,117329,5480,235246,3684,352575,California
Fresno,2021-04-14,9762,571879,5810,264577,3951,283804,1,23498,3788,115235,5930,241176,3836,356411,California
Fresno,2021-04-15,8525,580404,4242,268819,4280,288084,3,23501,3196,113137,5300,246476,3202,359613,California
Fresno,2021-04-16,9635,590039,4676,273495,4957,293041,2,23503,3915,111381,5678,252154,3922,363535,California
Fresno,2021-04-17,5661,595700,3780,277275,1881,294922,0,23503,2689,111123,2949,255103,2691,366226,California
Fresno,2021-04-18,1150,596850,676,277951,474,295396,0,23503,516,111010,629,255732,516,366742,California
Fresno,2021-04-19,5742,602592,3175,281126,2564,297960,3,23506,2258,109830,3444,259176,2264,369006,California
Fresno,2021-04-20,7221,609813,3689,284815,3523,301483,9,23515,2696,108035,4500,263676,2705,371711,California
Fresno,2021-04-21,6863,616676,3997,288812,2857,304340,9,23524,2862,106949,3960,267636,2874,374585,California
Fresno,2021-04-22,6575,623251,3349,292161,3225,307565,1,23525,2416,105270,4099,271735,2420,377005,California
Fresno,2021-04-23,7341,630592,4038,296199,3286,310851,17,23542,2801,103624,4452,276187,2806,379811,California
Fresno,2021-04-24,4174,634766,2491,298690,1683,312534,0,23542,1917,103297,2244,278431,1917,381728,California
Fresno,2021-04-25,1370,636136,551,299241,816,313350,3,23545,685,103307,679,279110,689,382417,California
Fresno,2021-04-26,4315,640451,2214,301455,2056,315406,45,23590,1823,102715,2460,281570,1868,384285,California
Fresno,2021-04-27,4934,645385,2531,303986,2277,317683,126,23716,1939,101808,2972,284542,2065,386350,California
Fresno,2021-04-28,4918,650303,2809,306795,1979,319662,130,23846,2066,101177,2828,287370,2197,388547,California
Fresno,2021-04-29,4912,655215,2759,309554,2013,321675,140,23986,1880,100192,3003,290373,2018,390565,California
Fresno,2021-04-30,5526,660741,3386,312940,2006,323681,134,24120,2218,99266,3277,293650,2351,392916,California
Fresno,2021-05-01,4198,664939,3465,316405,593,324274,140,24260,1236,97697,2943,296593,1374,394290,California
Fresno,2021-05-02,1252,666191,776,317181,425,324699,51,24311,616,97739,624,297217,666,394956,California
Fresno,2021-05-03,4046,670237,2700,319881,1155,325854,191,24502,1312,96531,2706,299923,1498,396454,California
Fresno,2021-05-04,4950,675187,2615,322496,2183,328037,152,24654,1579,94921,3343,303266,1733,398187,California
Fresno,2021-05-05,5362,680549,3405,325901,1729,329766,228,24882,1692,93195,3643,306909,1917,400104,California
Fresno,2021-05-06,4494,685043,2899,328800,1490,331256,105,24987,1563,91965,2899,309808,1669,401773,California
Fresno,2021-05-07,5083,690126,3357,332157,1559,332815,167,25154,1576,90222,3483,313291,1740,403513,California
Fresno,2021-05-08,4053,694179,2643,334800,1262,334077,148,25302,1249,88839,2781,316072,1398,404911,California
Fresno,2021-05-09,721,694900,393,335193,285,334362,43,25345,349,88865,366,316438,392,405303,California
Fresno,2021-05-10,2979,697879,1590,336783,1248,335610,141,25486,932,87902,2036,318474,1073,406376,California
Fresno,2021-05-11,3893,701772,2074,338857,1722,337332,97,25583,1256,86632,2623,321097,1353,407729,California
Fresno,2021-05-12,4150,705922,2711,341568,1275,338607,164,25747,1406,85484,2718,323815,1570,409299,California
Fresno,2021-05-13,4175,710097,2440,344008,1630,340237,105,25852,1848,85151,2287,326102,1954,411253,California
Fresno,2021-05-14,5109,715206,3074,347082,1851,342088,184,26036,2153,84566,2923,329025,2338,413591,California
Fresno,2021-05-15,3621,718827,2713,349795,777,342865,131,26167,1846,84778,1764,330789,1976,415567,California
Fresno,2021-05-16,1574,720401,1075,350870,465,343330,34,26201,911,85067,657,331446,946,416513,California
Fresno,2021-05-17,4182,724583,2823,353693,1196,344526,163,26364,2220,85515,1933,333379,2381,418894,California
Fresno,2021-05-18,4132,728715,2554,356247,1422,345948,156,26520,2083,85726,2025,335404,2236,421130,California
Fresno,2021-05-19,4355,733070,2765,359012,1413,347361,177,26697,2055,85681,2276,337680,2231,423361,California
Fresno,2021-05-20,4120,737190,2461,361473,1471,348832,188,26885,1877,85518,2226,339906,2063,425424,California
Fresno,2021-05-21,4573,741763,2980,364453,1498,350330,95,26980,2028,85125,2514,342420,2121,427545,California
Fresno,2021-05-22,3942,745705,2927,367380,842,351172,173,27153,2265,85902,1660,344080,2437,429982,California
Fresno,2021-05-23,954,746659,623,368003,301,351473,30,27183,467,85922,477,344557,497,430479,California
Fresno,2021-05-24,3306,749965,2099,370102,1092,352565,115,27298,1530,85815,1752,346309,1645,432124,California
Fresno,2021-05-25,3207,753172,1925,372027,1156,353721,126,27424,1341,85429,1852,348161,1466,433590,California
Fresno,2021-05-26,3255,756427,2150,374177,998,354719,107,27531,1576,85452,1658,349819,1681,435271,California
Fresno,2021-05-27,3144,759571,1910,376087,1127,355846,107,27638,1307,85055,1812,351631,1415,436686,California
Fresno,2021-05-28,3429,763000,2210,378297,1124,356970,95,27733,1862,85466,1547,353178,1958,438644,California
Fresno,2021-05-29,2274,765274,1655,379952,549,357519,70,27803,1188,85649,1076,354254,1259,439903,California
Fresno,2021-05-30,887,766161,535,380487,317,357836,35,27838,410,85634,460,354714,445,440348,California
Fresno,2021-05-31,318,766479,160,380647,146,357982,12,27850,134,85599,179,354893,144,440492,California
Fresno,2021-06-01,3021,769500,1817,382464,1107,359089,97,27947,1142,84981,1856,356749,1238,441730,California
Fresno,2021-06-02,2666,772166,1721,384185,855,359944,90,28037,1060,84557,1576,358325,1152,442882,California
Fresno,2021-06-03,2950,775116,2023,386208,824,360768,103,28140,1103,83937,1824,360149,1204,444086,California
Fresno,2021-06-04,3243,778359,2351,388559,791,361559,101,28241,1070,82960,2149,362298,1172,445258,California
Fresno,2021-06-05,3110,781469,2295,390854,694,362253,121,28362,1223,82443,1859,364157,1342,446600,California
Fresno,2021-06-06,1169,782638,929,391783,202,362455,38,28400,342,82001,822,364979,380,446980,California
Fresno,2021-06-07,3085,785723,2425,394208,568,363023,92,28492,882,80793,2181,367160,973,447953,California
Fresno,2021-06-08,2756,788479,2031,396239,643,363666,82,28574,804,79739,1939,369099,885,448838,California
Fresno,2021-06-09,2934,791413,2192,398431,652,364318,90,28664,963,78839,1952,371051,1052,449890,California
Fresno,2021-06-10,2652,794065,1927,400358,655,364973,70,28734,915,78106,1717,372768,984,450874,California
Fresno,2021-06-11,3130,797195,2192,402550,828,365801,110,28844,1157,77437,1936,374704,1267,452141,California
Fresno,2021-06-12,2902,800097,2293,404843,443,366244,166,29010,776,76260,2114,376818,937,453078,California
Fresno,2021-06-13,709,800806,459,405302,233,366477,17,29027,193,75959,511,377329,210,453288,California
Fresno,2021-06-14,2494,803300,1813,407115,552,367029,129,29156,938,75487,1537,378866,1065,454353,California
Fresno,2021-06-15,2369,805669,1703,408818,590,367619,76,29232,929,75070,1421,380287,1004,455357,California
Fresno,2021-06-16,2632,808301,1893,410711,625,368244,114,29346,1035,74632,1585,381872,1147,456504,California
Fresno,2021-06-17,2248,810549,1576,412287,581,368825,91,29437,946,74378,1289,383161,1035,457539,California
Fresno,2021-06-18,2993,813542,2148,414435,727,369552,118,29555,1184,73890,1791,384952,1303,458842,California
Fresno,2021-06-19,1689,815231,1246,415681,366,369918,77,29632,583,73446,1102,386054,658,459500,California
Fresno,2021-06-20,497,815728,351,416032,135,370053,11,29643,190,73345,302,386356,201,459701,California
Fresno,2021-06-21,1621,817349,1083,417115,474,370527,64,29707,933,73668,674,387030,997,460698,California
Fresno,2021-06-22,2172,819521,1504,418619,559,371086,109,29816,1008,73632,1150,388180,1114,461812,California
Fresno,2021-06-23,2035,821556,1462,420081,507,371593,66,29882,1003,73684,1015,389195,1067,462879,California
Fresno,2021-06-24,1964,823520,1385,421466,503,372096,76,29958,874,73557,1076,390271,949,463828,California
Fresno,2021-06-25,2024,825544,1426,422892,521,372617,77,30035,963,73553,1044,391315,1040,464868,California
Fresno,2021-06-26,1398,826942,1096,423988,202,372819,100,30135,473,73206,920,392235,573,465441,California
Glenn,2020-12-17,1,1,1,1,0,0,0,0,1,1,0,0,1,1,California
Glenn,2020-12-19,1,2,1,2,0,0,0,0,1,2,0,0,1,2,California
Glenn,2020-12-20,1,3,1,3,0,0,0,0,1,3,0,0,1,3,California
Glenn,2020-12-21,12,15,12,15,0,0,0,0,12,15,0,0,12,15,California
Glenn,2020-12-22,59,74,59,74,0,0,0,0,59,74,0,0,59,74,California
Glenn,2020-12-23,28,102,28,102,0,0,0,0,28,102,0,0,28,102,California
Glenn,2020-12-24,9,111,9,111,0,0,0,0,9,111,0,0,9,111,California
Glenn,2020-12-26,2,113,2,113,0,0,0,0,2,113,0,0,2,113,California
Glenn,2020-12-27,4,117,4,117,0,0,0,0,4,117,0,0,4,117,California
Glenn,2020-12-28,21,138,21,138,0,0,0,0,21,138,0,0,21,138,California
Glenn,2020-12-29,82,220,82,220,0,0,0,0,82,220,0,0,82,220,California
Glenn,2020-12-30,129,349,106,326,23,23,0,0,129,349,0,0,129,349,California
Glenn,2020-12-31,38,387,9,335,29,52,0,0,38,387,0,0,38,387,California
Glenn,2021-01-02,3,390,3,338,0,52,0,0,3,390,0,0,3,390,California
Glenn,2021-01-04,7,397,5,343,2,54,0,0,7,397,0,0,7,397,California
Glenn,2021-01-05,9,406,8,351,1,55,0,0,9,406,0,0,9,406,California
Glenn,2021-01-06,60,466,8,359,52,107,0,0,60,466,0,0,60,466,California
Glenn,2021-01-07,67,533,12,371,55,162,0,0,65,529,2,2,65,531,California
Glenn,2021-01-08,12,545,9,380,3,165,0,0,12,541,0,2,12,543,California
Glenn,2021-01-10,1,546,1,381,0,165,0,0,0,540,1,3,0,543,California
Glenn,2021-01-11,30,576,30,411,0,165,0,0,12,534,18,21,12,555,California
Glenn,2021-01-12,42,618,37,448,5,170,0,0,14,520,28,49,14,569,California
Glenn,2021-01-13,221,839,158,606,63,233,0,0,176,651,45,94,176,745,California
Glenn,2021-01-14,119,958,30,636,89,322,0,0,109,750,10,104,109,854,California
Glenn,2021-01-15,40,998,33,669,7,329,0,0,35,780,5,109,35,889,California
Glenn,2021-01-16,33,1031,14,683,19,348,0,0,23,793,10,119,23,912,California
Glenn,2021-01-17,4,1035,2,685,2,350,0,0,2,793,2,121,2,914,California
Glenn,2021-01-18,17,1052,16,701,1,351,0,0,9,794,8,129,9,923,California
Glenn,2021-01-19,30,1082,20,721,10,361,0,0,13,790,17,146,13,936,California
Glenn,2021-01-20,163,1245,94,815,69,430,0,0,82,791,81,227,82,1018,California
Glenn,2021-01-21,124,1369,98,913,26,456,0,0,30,727,94,321,30,1048,California
Glenn,2021-01-22,338,1707,64,977,274,730,0,0,331,1051,7,328,331,1379,California
Glenn,2021-01-23,16,1723,9,986,7,737,0,0,13,1061,3,331,13,1392,California
Glenn,2021-01-24,2,1725,2,988,0,737,0,0,2,1063,0,331,2,1394,California
Glenn,2021-01-25,27,1752,9,997,18,755,0,0,24,1084,3,334,24,1418,California
Glenn,2021-01-26,30,1782,14,1011,16,771,0,0,24,1102,6,340,24,1442,California
Glenn,2021-01-27,190,1972,13,1024,177,948,0,0,168,1248,22,362,168,1610,California
Glenn,2021-01-28,147,2119,8,1032,139,1087,0,0,117,1335,30,392,117,1727,California
Glenn,2021-01-29,296,2415,12,1044,284,1371,0,0,282,1603,14,406,282,2009,California
Glenn,2021-01-30,4,2419,0,1044,4,1375,0,0,4,1607,0,406,4,2013,California
Glenn,2021-01-31,1,2420,0,1044,1,1376,0,0,1,1608,0,406,1,2014,California
Glenn,2021-02-01,31,2451,11,1055,20,1396,0,0,19,1615,12,418,19,2033,California
Glenn,2021-02-02,31,2482,16,1071,15,1411,0,0,21,1626,10,428,21,2054,California
Glenn,2021-02-03,281,2763,127,1198,154,1565,0,0,135,1616,146,574,136,2190,California
Glenn,2021-02-04,85,2848,18,1216,67,1632,0,0,28,1587,57,631,28,2218,California
Glenn,2021-02-05,319,3167,24,1240,295,1927,0,0,299,1866,20,651,299,2517,California
Glenn,2021-02-06,14,3181,2,1242,12,1939,0,0,13,1878,1,652,13,2530,California
Glenn,2021-02-07,2,3183,2,1244,0,1939,0,0,2,1880,0,652,2,2532,California
Glenn,2021-02-08,21,3204,17,1261,4,1943,0,0,4,1867,17,669,4,2536,California
Glenn,2021-02-09,49,3253,20,1281,29,1972,0,0,36,1890,13,682,36,2572,California
Glenn,2021-02-10,137,3390,19,1300,118,2090,0,0,66,1885,71,753,66,2638,California
Glenn,2021-02-11,235,3625,134,1434,101,2191,0,0,153,1955,83,836,153,2791,California
Glenn,2021-02-12,419,4044,99,1533,320,2511,0,0,354,2244,65,901,354,3145,California
Glenn,2021-02-13,37,4081,9,1542,28,2539,0,0,17,2241,20,921,17,3162,California
Glenn,2021-02-14,1,4082,0,1542,1,2540,0,0,1,2242,0,921,1,3163,California
Glenn,2021-02-15,9,4091,0,1542,9,2549,0,0,8,2249,1,922,8,3171,California
Glenn,2021-02-16,40,4131,9,1551,31,2580,0,0,22,2253,18,940,22,3193,California
Glenn,2021-02-17,380,4511,14,1565,366,2946,0,0,302,2477,78,1018,302,3495,California
Glenn,2021-02-18,134,4645,99,1664,35,2981,0,0,110,2563,24,1042,110,3605,California
Glenn,2021-02-19,303,4948,17,1681,286,3267,0,0,29,2318,274,1316,29,3634,California
Glenn,2021-02-20,9,4957,0,1681,9,3276,0,0,1,2311,8,1324,1,3635,California
Glenn,2021-02-21,1,4958,1,1682,0,3276,0,0,1,2312,0,1324,1,3636,California
Glenn,2021-02-22,33,4991,14,1696,19,3295,0,0,16,2311,17,1341,16,3652,California
Glenn,2021-02-23,41,5032,10,1706,31,3326,0,0,29,2328,12,1353,29,3681,California
Glenn,2021-02-24,255,5287,48,1754,207,3533,0,0,47,2167,208,1561,47,3728,California
Glenn,2021-02-25,233,5520,119,1873,114,3647,0,0,120,2174,113,1674,120,3848,California
Glenn,2021-02-26,304,5824,24,1897,280,3927,0,0,20,1911,283,1957,20,3868,California
Glenn,2021-02-27,16,5840,6,1903,10,3937,0,0,6,1908,9,1966,6,3874,California
Glenn,2021-02-28,6,5846,3,1906,3,3940,0,0,3,1909,2,1968,3,3877,California
Glenn,2021-03-01,28,5874,6,1912,22,3962,0,0,12,1905,16,1984,12,3889,California
Glenn,2021-03-02,35,5909,7,1919,28,3990,0,0,17,1904,18,2002,17,3906,California
Glenn,2021-03-03,191,6100,37,1956,154,4144,0,0,100,1915,89,2091,100,4006,California
Glenn,2021-03-04,521,6621,175,2131,346,4490,0,0,374,2142,147,2238,374,4380,California
Glenn,2021-03-05,357,6978,49,2180,308,4798,0,0,35,1855,322,2560,35,4415,California
Glenn,2021-03-06,28,7006,4,2184,23,4821,1,1,11,1850,17,2577,12,4427,California
Glenn,2021-03-07,5,7011,0,2184,5,4826,0,1,3,1852,1,2578,3,4430,California
Glenn,2021-03-08,20,7031,2,2186,17,4843,1,2,18,1869,2,2580,19,4449,California
Glenn,2021-03-09,82,7113,12,2198,67,4910,3,5,54,1897,28,2608,56,4505,California
Glenn,2021-03-10,172,7285,69,2267,101,5011,2,7,94,1915,78,2686,96,4601,California
Glenn,2021-03-11,582,7867,168,2435,391,5402,23,30,453,2262,129,2815,476,5077,California
Glenn,2021-03-12,420,8287,14,2449,343,5745,63,93,41,1987,379,3194,104,5181,California
Glenn,2021-03-13,13,8300,1,2450,4,5749,8,101,1,1984,12,3206,9,5190,California
Glenn,2021-03-14,3,8303,1,2451,2,5751,0,101,1,1983,2,3208,1,5191,California
Glenn,2021-03-15,76,8379,15,2466,56,5807,5,106,61,2034,15,3223,66,5257,California
Glenn,2021-03-16,109,8488,34,2500,65,5872,10,116,69,2073,40,3263,79,5336,California
Glenn,2021-03-17,417,8905,98,2598,312,6184,7,123,116,1893,301,3564,121,5457,California
Glenn,2021-03-18,522,9427,216,2814,50,6234,256,379,144,1914,378,3942,399,5856,California
Glenn,2021-03-19,96,9523,16,2830,74,6308,6,385,75,1975,20,3962,81,5937,California
Glenn,2021-03-20,133,9656,2,2832,130,6438,1,386,130,2103,3,3965,131,6068,California
Glenn,2021-03-21,6,9662,5,2837,0,6438,1,387,3,2105,2,3967,4,6072,California
Glenn,2021-03-22,123,9785,54,2891,61,6499,8,395,103,2198,18,3985,111,6183,California
Glenn,2021-03-23,179,9964,67,2958,61,6560,51,446,104,2280,73,4058,155,6338,California
Glenn,2021-03-24,208,10172,100,3058,103,6663,5,451,134,2347,72,4130,139,6477,California
Glenn,2021-03-25,471,10643,230,3288,147,6810,94,545,343,2657,127,4257,437,6914,California
Glenn,2021-03-26,238,10881,37,3325,165,6975,36,581,187,2829,51,4308,223,7137,California
Glenn,2021-03-27,168,11049,22,3347,140,7115,6,587,154,2975,14,4322,160,7297,California
Glenn,2021-03-28,15,11064,10,3357,5,7120,0,587,10,2980,5,4327,10,7307,California
Glenn,2021-03-29,61,11125,20,3377,38,7158,3,590,47,3016,14,4341,50,7357,California
Glenn,2021-03-30,76,11201,43,3420,32,7190,1,591,44,3031,30,4371,45,7402,California
Glenn,2021-03-31,124,11325,35,3455,88,7278,1,592,54,3017,69,4440,55,7457,California
Glenn,2021-04-01,655,11980,187,3642,459,7737,9,601,243,2860,409,4849,252,7709,California
Glenn,2021-04-02,170,12150,26,3668,132,7869,12,613,133,2968,37,4886,145,7854,California
Glenn,2021-04-03,95,12245,4,3672,84,7953,7,620,84,3048,11,4897,91,7945,California
Glenn,2021-04-04,9,12254,3,3675,4,7957,2,622,5,3051,4,4901,7,7952,California
Glenn,2021-04-05,67,12321,26,3701,28,7985,13,635,30,3057,37,4938,43,7995,California
Glenn,2021-04-06,145,12466,52,3753,53,8038,40,675,37,3026,107,5045,76,8071,California
Glenn,2021-04-07,161,12627,47,3800,60,8098,54,729,75,3069,86,5131,129,8200,California
Glenn,2021-04-08,640,13267,188,3988,418,8516,34,763,138,2741,500,5631,172,8372,California
Glenn,2021-04-09,158,13425,55,4043,86,8602,17,780,100,2799,58,5689,116,8488,California
Glenn,2021-04-10,76,13501,1,4044,60,8662,15,795,58,2855,17,5706,73,8561,California
Glenn,2021-04-11,17,13518,8,4052,4,8666,5,800,7,2857,10,5716,12,8573,California
Glenn,2021-04-12,116,13634,26,4078,61,8727,29,829,21,2812,95,5811,50,8623,California
Glenn,2021-04-13,118,13752,63,4141,55,8782,0,829,30,2754,88,5899,30,8653,California
Glenn,2021-04-14,123,13875,47,4188,76,8858,0,829,68,2767,55,5954,68,8721,California
Glenn,2021-04-15,365,14240,276,4464,89,8947,0,829,124,2651,240,6194,124,8845,California
Glenn,2021-04-16,169,14409,42,4506,127,9074,0,829,79,2640,90,6284,79,8924,California
Glenn,2021-04-17,168,14577,17,4523,151,9225,0,829,29,2538,131,6415,29,8953,California
Glenn,2021-04-18,19,14596,6,4529,13,9238,0,829,15,2549,4,6419,15,8968,California
Glenn,2021-04-19,83,14679,17,4546,66,9304,0,829,22,2511,60,6479,22,8990,California
Glenn,2021-04-20,132,14811,88,4634,44,9348,0,829,53,2485,79,6558,53,9043,California
Glenn,2021-04-21,430,15241,327,4961,103,9451,0,829,290,2635,140,6698,290,9333,California
Glenn,2021-04-22,214,15455,54,5015,160,9611,0,829,38,2498,175,6873,38,9371,California
Glenn,2021-04-23,191,15646,36,5051,155,9766,0,829,49,2406,141,7014,49,9420,California
Glenn,2021-04-24,180,15826,32,5083,148,9914,0,829,30,2287,149,7163,30,9450,California
Glenn,2021-04-25,30,15856,18,5101,12,9926,0,829,22,2301,8,7171,22,9472,California
Glenn,2021-04-26,50,15906,14,5115,36,9962,0,829,19,2289,31,7202,19,9491,California
Glenn,2021-04-27,65,15971,50,5165,10,9972,5,834,33,2294,32,7234,37,9528,California
Glenn,2021-04-28,263,16234,184,5349,68,10040,11,845,132,2307,130,7364,143,9671,California
Glenn,2021-04-29,186,16420,27,5376,157,10197,2,847,40,2203,146,7510,42,9713,California
Glenn,2021-04-30,163,16583,42,5418,119,10316,2,849,40,2122,123,7633,42,9755,California
Glenn,2021-05-01,108,16691,13,5431,94,10410,1,850,26,2067,82,7715,27,9782,California
Glenn,2021-05-02,30,16721,12,5443,9,10419,9,859,15,2076,15,7730,24,9806,California
Glenn,2021-05-03,39,16760,24,5467,14,10433,1,860,14,2066,25,7755,15,9821,California
Glenn,2021-05-04,60,16820,36,5503,19,10452,5,865,28,2067,32,7787,33,9854,California
Glenn,2021-05-05,128,16948,40,5543,77,10529,11,876,52,2054,76,7863,63,9917,California
Glenn,2021-05-06,111,17059,41,5584,65,10594,5,881,40,2028,71,7934,45,9962,California
Glenn,2021-05-07,122,17181,36,5620,77,10671,9,890,30,1976,91,8025,39,10001,California
Glenn,2021-05-08,65,17246,12,5632,49,10720,4,894,21,1958,43,8068,25,10026,California
Glenn,2021-05-09,17,17263,11,5643,6,10726,0,894,11,1963,6,8074,11,10037,California
Glenn,2021-05-10,37,17300,15,5658,17,10743,5,899,13,1957,24,8098,18,10055,California
Glenn,2021-05-11,80,17380,55,5713,16,10759,9,908,16,1918,64,8162,25,10080,California
Glenn,2021-05-12,335,17715,252,5965,69,10828,14,922,50,1697,285,8447,64,10144,California
Glenn,2021-05-13,159,17874,60,6025,80,10908,19,941,65,1687,94,8541,84,10228,California
Glenn,2021-05-14,106,17980,25,6050,76,10984,5,946,35,1656,71,8612,40,10268,California
Glenn,2021-05-15,67,18047,40,6090,24,11008,3,949,32,1656,34,8646,34,10302,California
Glenn,2021-05-16,31,18078,18,6108,13,11021,0,949,9,1643,22,8668,9,10311,California
Glenn,2021-05-17,86,18164,61,6169,21,11042,4,953,60,1681,26,8694,64,10375,California
Glenn,2021-05-18,67,18231,50,6219,13,11055,4,957,21,1660,46,8740,25,10400,California
Glenn,2021-05-19,199,18430,118,6337,69,11124,12,969,73,1619,125,8865,84,10484,California
Glenn,2021-05-20,120,18550,79,6416,39,11163,2,971,80,1661,40,8905,82,10566,California
Glenn,2021-05-21,70,18620,26,6442,43,11206,1,972,28,1648,42,8947,29,10595,California
Glenn,2021-05-22,56,18676,24,6466,32,11238,0,972,29,1650,27,8974,29,10624,California
Glenn,2021-05-23,29,18705,16,6482,13,11251,0,972,12,1646,16,8990,12,10636,California
Glenn,2021-05-24,30,18735,11,6493,15,11266,4,976,11,1643,18,9008,15,10651,California
Glenn,2021-05-25,47,18782,36,6529,9,11275,2,978,24,1646,23,9031,26,10677,California
Glenn,2021-05-26,75,18857,16,6545,55,11330,4,982,27,1629,48,9079,31,10708,California
Glenn,2021-05-27,100,18957,62,6607,37,11367,1,983,46,1624,52,9131,47,10755,California
Glenn,2021-05-28,62,19019,19,6626,36,11403,7,990,32,1633,30,9161,39,10794,California
Glenn,2021-05-29,48,19067,11,6637,33,11436,4,994,21,1631,27,9188,25,10819,California
Glenn,2021-05-30,21,19088,13,6650,8,11444,0,994,8,1627,12,9200,8,10827,California
Glenn,2021-05-31,4,19092,0,6650,4,11448,0,994,0,1623,4,9204,0,10827,California
Glenn,2021-06-01,56,19148,31,6681,22,11470,3,997,24,1618,32,9236,27,10854,California
Glenn,2021-06-02,98,19246,49,6730,46,11516,3,1000,39,1601,59,9295,42,10896,California
Glenn,2021-06-03,76,19322,43,6773,26,11542,7,1007,18,1570,56,9351,25,10921,California
Glenn,2021-06-04,76,19398,36,6809,37,11579,3,1010,41,1579,35,9386,44,10965,California
Glenn,2021-06-05,55,19453,30,6839,22,11601,3,1013,17,1561,38,9424,20,10985,California
Glenn,2021-06-06,31,19484,28,6867,2,11603,1,1014,15,1562,15,9439,16,11001,California
Glenn,2021-06-07,68,19552,59,6926,7,11610,2,1016,13,1523,54,9493,15,11016,California
Glenn,2021-06-08,35,19587,19,6945,11,11621,5,1021,16,1525,19,9512,21,11037,California
Glenn,2021-06-09,64,19651,36,6981,21,11642,7,1028,31,1530,33,9545,38,11075,California
Glenn,2021-06-10,117,19768,86,7067,25,11667,6,1034,34,1487,83,9628,40,11115,California
Glenn,2021-06-11,87,19855,56,7123,28,11695,3,1037,24,1451,63,9691,27,11142,California
Glenn,2021-06-12,35,19890,19,7142,13,11708,3,1040,13,1445,22,9713,16,11158,California
Glenn,2021-06-13,11,19901,11,7153,0,11708,0,1040,5,1444,6,9719,5,11163,California
Glenn,2021-06-14,40,19941,27,7180,10,11718,3,1043,16,1440,23,9742,19,11182,California
Glenn,2021-06-15,48,19989,33,7213,14,11732,1,1044,24,1441,24,9766,25,11207,California
Glenn,2021-06-16,87,20076,52,7265,34,11766,1,1045,58,1473,27,9793,59,11266,California
Glenn,2021-06-17,61,20137,36,7301,21,11787,4,1049,7,1430,54,9847,11,11277,California
Glenn,2021-06-18,81,20218,45,7346,15,11802,21,1070,26,1422,55,9902,47,11324,California
Glenn,2021-06-19,43,20261,22,7368,21,11823,0,1070,24,1427,19,9921,24,11348,California
Glenn,2021-06-20,14,20275,10,7378,4,11827,0,1070,3,1419,11,9932,3,11351,California
Glenn,2021-06-21,25,20300,17,7395,6,11833,2,1072,18,1432,7,9939,20,11371,California
Glenn,2021-06-22,45,20345,30,7425,13,11846,2,1074,21,1432,23,9962,23,11394,California
Glenn,2021-06-23,54,20399,37,7462,14,11860,3,1077,29,1439,25,9987,32,11426,California
Glenn,2021-06-24,43,20442,27,7489,12,11872,4,1081,17,1434,26,10013,21,11447,California
Glenn,2021-06-25,55,20497,45,7534,9,11881,1,1082,23,1426,32,10045,24,11471,California
Glenn,2021-06-26,23,20520,10,7544,13,11894,0,1082,8,1419,15,10060,8,11479,California
Humboldt,2020-12-15,2,2,2,2,0,0,0,0,2,2,0,0,2,2,California
Humboldt,2020-12-16,16,18,16,18,0,0,0,0,16,18,0,0,16,18,California
Humboldt,2020-12-17,117,135,117,135,0,0,0,0,117,135,0,0,117,135,California
Humboldt,2020-12-18,177,312,177,312,0,0,0,0,177,312,0,0,177,312,California
Humboldt,2020-12-19,10,322,10,322,0,0,0,0,10,322,0,0,10,322,California
Humboldt,2020-12-20,28,350,28,350,0,0,0,0,28,350,0,0,28,350,California
Humboldt,2020-12-21,167,517,167,517,0,0,0,0,167,517,0,0,167,517,California
Humboldt,2020-12-22,335,852,335,852,0,0,0,0,335,852,0,0,335,852,California
Humboldt,2020-12-23,322,1174,264,1116,58,58,0,0,324,1176,0,0,324,1176,California
Humboldt,2020-12-24,25,1199,2,1118,23,81,0,0,25,1201,0,0,25,1201,California
Humboldt,2020-12-25,2,1201,2,1120,0,81,0,0,2,1203,0,0,2,1203,California
Humboldt,2020-12-26,6,1207,5,1125,1,82,0,0,6,1209,0,0,6,1209,California
Humboldt,2020-12-28,207,1414,149,1274,58,140,0,0,207,1416,0,0,207,1416,California
Humboldt,2020-12-29,184,1598,123,1397,61,201,0,0,185,1601,0,0,185,1601,California
Humboldt,2020-12-30,232,1830,127,1524,105,306,0,0,232,1833,0,0,232,1833,California
Humboldt,2020-12-31,246,2076,81,1605,165,471,0,0,246,2079,0,0,246,2079,California
Humboldt,2021-01-01,3,2079,2,1607,1,472,0,0,3,2082,0,0,3,2082,California
Humboldt,2021-01-02,40,2119,2,1609,38,510,0,0,40,2122,0,0,40,2122,California
Humboldt,2021-01-04,219,2338,142,1751,77,587,0,0,220,2342,0,0,220,2342,California
Humboldt,2021-01-05,133,2471,21,1772,112,699,0,0,133,2474,1,1,133,2475,California
Humboldt,2021-01-06,314,2785,214,1986,100,799,0,0,241,2654,61,62,241,2716,California
Humboldt,2021-01-07,435,3220,323,2309,112,911,0,0,318,2872,100,162,318,3034,California
Humboldt,2021-01-08,426,3646,286,2595,140,1051,0,0,287,3026,133,295,287,3321,California
Humboldt,2021-01-09,68,3714,44,2639,24,1075,0,0,65,3089,3,298,66,3387,California
Humboldt,2021-01-10,84,3798,84,2723,0,1075,0,0,4,3013,80,378,4,3391,California
Humboldt,2021-01-11,292,4090,281,3004,11,1086,0,0,71,2867,217,595,71,3462,California
Humboldt,2021-01-12,503,4593,339,3343,164,1250,0,0,286,2958,195,790,286,3748,California
Humboldt,2021-01-13,500,5093,281,3624,219,1469,0,0,321,3104,176,966,322,4070,California
Humboldt,2021-01-14,550,5643,167,3791,383,1852,0,0,494,3543,56,1022,495,4565,California
Humboldt,2021-01-15,371,6014,28,3819,343,2195,0,0,354,3880,17,1039,354,4919,California
Humboldt,2021-01-16,169,6183,6,3825,163,2358,0,0,168,4047,1,1040,168,5087,California
Humboldt,2021-01-17,7,6190,4,3829,3,2361,0,0,7,4054,0,1040,7,5094,California
Humboldt,2021-01-18,305,6495,270,4099,35,2396,0,0,151,4051,154,1194,151,5245,California
Humboldt,2021-01-19,658,7153,399,4498,259,2655,0,0,528,4455,124,1318,528,5773,California
Humboldt,2021-01-20,918,8071,389,4887,529,3184,0,0,754,5055,156,1474,756,6529,California
Humboldt,2021-01-21,973,9044,260,5147,713,3897,0,0,930,5942,43,1517,930,7459,California
Humboldt,2021-01-22,689,9733,381,5528,308,4205,0,0,679,6612,10,1527,680,8139,California
Humboldt,2021-01-23,928,10661,283,5811,645,4850,0,0,919,7523,9,1536,920,9059,California
Humboldt,2021-01-24,229,10890,1,5812,228,5078,0,0,228,7750,1,1537,228,9287,California
Humboldt,2021-01-25,351,11241,234,6046,117,5195,0,0,154,7707,197,1734,154,9441,California
Humboldt,2021-01-26,544,11785,149,6195,395,5590,0,0,480,8123,64,1798,480,9921,California
Humboldt,2021-01-27,1272,13057,584,6779,688,6278,0,0,1200,9261,64,1862,1202,11123,California
Humboldt,2021-01-28,1462,14519,635,7414,827,7105,0,0,1321,10446,138,2000,1323,12446,California
Humboldt,2021-01-29,1164,15683,547,7961,617,7722,0,0,695,10672,469,2469,695,13141,California
Humboldt,2021-01-30,1029,16712,470,8431,559,8281,0,0,984,11612,45,2514,985,14126,California
Humboldt,2021-01-31,317,17029,315,8746,2,8283,0,0,316,11927,1,2515,316,14442,California
Humboldt,2021-02-01,336,17365,192,8938,144,8427,0,0,185,11961,151,2666,185,14627,California
Humboldt,2021-02-02,454,17819,79,9017,375,8802,0,0,349,12210,102,2768,351,14978,California
Humboldt,2021-02-03,676,18495,267,9284,409,9211,0,0,521,12576,155,2923,521,15499,California
Humboldt,2021-02-04,652,19147,260,9544,392,9603,0,0,444,12815,205,3128,444,15943,California
Humboldt,2021-02-05,813,19960,95,9639,718,10321,0,0,625,13252,188,3316,625,16568,California
Humboldt,2021-02-06,1082,21042,469,10108,613,10934,0,0,1036,14244,45,3361,1037,17605,California
Humboldt,2021-02-07,379,21421,8,10116,371,11305,0,0,374,14615,4,3365,375,17980,California
Humboldt,2021-02-08,338,21759,147,10263,191,11496,0,0,180,14638,157,3522,180,18160,California
Humboldt,2021-02-09,504,22263,228,10491,276,11772,0,0,177,14488,327,3849,177,18337,California
Humboldt,2021-02-10,564,22827,371,10862,193,11965,0,0,233,14395,326,4175,233,18570,California
Humboldt,2021-02-11,1320,24147,397,11259,923,12888,0,0,494,14068,823,4998,496,19066,California
Humboldt,2021-02-12,1169,25316,748,12007,421,13309,0,0,712,14323,457,5455,712,19778,California
Humboldt,2021-02-13,1552,26868,601,12608,951,14260,0,0,925,14624,625,6080,926,20704,California
Humboldt,2021-02-14,114,26982,5,12613,109,14369,0,0,110,14731,3,6083,110,20814,California
Humboldt,2021-02-15,294,27276,81,12694,213,14582,0,0,193,14824,100,6183,193,21007,California
Humboldt,2021-02-16,548,27824,123,12817,425,15007,0,0,252,14782,296,6479,254,21261,California
Humboldt,2021-02-17,454,28278,282,13099,172,15179,0,0,133,14595,320,6799,133,21394,California
Humboldt,2021-02-18,1027,29305,603,13702,424,15603,0,0,276,14122,749,7548,276,21670,California
Humboldt,2021-02-19,482,29787,434,14136,48,15651,0,0,92,13828,386,7934,92,21762,California
Humboldt,2021-02-20,1729,31516,1027,15163,702,16353,0,0,481,13067,1245,9179,484,22246,California
Humboldt,2021-02-21,479,31995,471,15634,8,16361,0,0,179,12947,300,9479,180,22426,California
Humboldt,2021-02-22,138,32133,94,15728,44,16405,0,0,29,12869,107,9586,29,22455,California
Humboldt,2021-02-23,182,32315,71,15799,111,16516,0,0,44,12777,136,9722,44,22499,California
Humboldt,2021-02-24,1216,33531,742,16541,474,16990,0,0,586,12735,628,10350,586,23085,California
Humboldt,2021-02-25,838,34369,319,16860,519,17509,0,0,232,12363,604,10954,232,23317,California
Humboldt,2021-02-26,2153,36522,108,16968,2045,19554,0,0,441,11099,1706,12660,442,23759,California
Humboldt,2021-02-27,1713,38235,1091,18059,622,20176,0,0,853,11098,858,13518,857,24616,California
Humboldt,2021-02-28,126,38361,11,18070,115,20291,0,0,118,11209,7,13525,118,24734,California
Humboldt,2021-03-01,262,38623,47,18117,215,20506,0,0,188,11323,74,13599,188,24922,California
Humboldt,2021-03-02,305,38928,51,18168,254,20760,0,0,166,11350,139,13738,166,25088,California
Humboldt,2021-03-03,1672,40600,1105,19273,567,21327,0,0,1222,12130,443,14181,1223,26311,California
Humboldt,2021-03-04,925,41525,114,19387,811,22138,0,0,300,11807,625,14806,302,26613,California
Humboldt,2021-03-05,948,42473,189,19576,748,22886,11,11,389,11651,556,15362,400,27013,California
Humboldt,2021-03-06,1798,44271,936,20512,813,23699,49,60,797,11497,1000,16362,846,27859,California
Humboldt,2021-03-07,368,44639,296,20808,54,23753,18,78,158,11463,210,16572,176,28035,California
Humboldt,2021-03-08,276,44915,6,20814,191,23944,79,157,180,11627,95,16667,259,28294,California
Humboldt,2021-03-09,501,45416,206,21020,147,24091,148,305,245,11765,254,16921,392,28686,California
Humboldt,2021-03-10,693,46109,468,21488,70,24161,155,460,420,12066,272,17193,573,29259,California
Humboldt,2021-03-11,1484,47593,461,21949,923,25084,100,560,652,11990,827,18020,751,30010,California
Humboldt,2021-03-12,1752,49345,1085,23034,445,25529,222,782,1054,12579,690,18710,1279,31289,California
Humboldt,2021-03-13,1585,50930,1037,24071,497,26026,51,833,671,12392,908,19618,721,32010,California
Humboldt,2021-03-14,143,51073,19,24090,116,26142,8,841,29,12315,114,19732,37,32047,California
Humboldt,2021-03-15,279,51352,51,24141,206,26348,22,863,60,12178,219,19951,82,32129,California
Humboldt,2021-03-16,638,51990,201,24342,176,26524,261,1124,262,12324,375,20326,521,32650,California
Humboldt,2021-03-17,732,52722,395,24737,229,26753,108,1232,340,12381,391,20717,448,33098,California
Humboldt,2021-03-18,1740,54462,1165,25902,532,27285,43,1275,1038,12764,698,21415,1081,34179,California
Humboldt,2021-03-19,1077,55539,61,25963,700,27985,316,1591,441,12886,634,22049,756,34935,California
Humboldt,2021-03-20,1384,56923,757,26720,613,28598,14,1605,424,12367,958,23007,439,35374,California
Humboldt,2021-03-21,252,57175,34,26754,189,28787,29,1634,207,12557,45,23052,235,35609,California
Humboldt,2021-03-22,119,57294,15,26769,54,28841,50,1684,62,12614,55,23107,112,35721,California
Humboldt,2021-03-23,414,57708,42,26811,329,29170,43,1727,320,12885,92,23199,363,36084,California
Humboldt,2021-03-24,1414,59122,389,27200,978,30148,47,1774,1038,13601,368,23567,1084,37168,California
Humboldt,2021-03-25,1844,60966,1214,28414,566,30714,64,1838,948,13718,894,24461,1011,38179,California
Humboldt,2021-03-26,2044,63010,440,28854,1546,32260,58,1896,1596,14929,442,24903,1653,39832,California
Humboldt,2021-03-27,2089,65099,1494,30348,421,32681,174,2070,1114,15246,971,25874,1288,41120,California
Humboldt,2021-03-28,268,65367,82,30430,114,32795,72,2142,81,15214,186,26060,154,41274,California
Humboldt,2021-03-29,467,65834,124,30554,247,33042,96,2238,197,15237,269,26329,292,41566,California
Humboldt,2021-03-30,947,66781,303,30857,530,33572,114,2352,561,15530,381,26710,674,42240,California
Humboldt,2021-03-31,1869,68650,522,31379,1249,34821,98,2450,1411,16586,454,27164,1510,43750,California
Humboldt,2021-04-01,2120,70770,710,32089,1317,36138,93,2543,1481,17529,631,27795,1574,45324,California
Humboldt,2021-04-02,1728,72498,1112,33201,510,36648,106,2649,622,17157,1100,28895,728,46052,California
Humboldt,2021-04-03,1669,74167,1508,34709,146,36794,15,2664,671,16855,988,29883,686,46738,California
Humboldt,2021-04-04,485,74652,372,35081,104,36898,9,2673,404,17188,80,29963,413,47151,California
Humboldt,2021-04-05,780,75432,465,35546,267,37165,48,2721,444,17347,333,30296,492,47643,California
Humboldt,2021-04-06,848,76280,319,35865,395,37560,134,2855,590,17817,252,30548,722,48365,California
Humboldt,2021-04-07,1501,77781,1067,36932,292,37852,142,2997,994,18449,504,31052,1136,49501,California
Humboldt,2021-04-08,1754,79535,1097,38029,498,38350,159,3156,744,18344,1008,32060,903,50404,California
Humboldt,2021-04-09,1445,80980,440,38469,850,39200,155,3311,1155,19358,289,32349,1303,51707,California
Humboldt,2021-04-10,942,81922,138,38607,629,39829,175,3486,742,20075,198,32547,915,52622,California
Humboldt,2021-04-11,646,82568,138,38745,36,39865,472,3958,129,20157,517,33064,599,53221,California
Humboldt,2021-04-12,442,83010,230,38975,85,39950,127,4085,281,20405,160,33224,408,53629,California
Humboldt,2021-04-13,593,83603,324,39299,264,40214,5,4090,556,20931,34,33258,560,54189,California
Humboldt,2021-04-14,1449,85052,1046,40345,403,40617,0,4090,1332,22147,116,33374,1332,55521,California
Humboldt,2021-04-15,1834,86886,1203,41548,627,41244,4,4094,1260,22854,555,33929,1262,56783,California
Humboldt,2021-04-16,1141,88027,522,42070,619,41863,0,4094,556,22828,582,34511,556,57339,California
Humboldt,2021-04-17,1861,89888,1538,43608,323,42186,0,4094,1055,23083,800,35311,1055,58394,California
Humboldt,2021-04-18,670,90558,354,43962,315,42501,1,4095,85,22589,579,35890,85,58479,California
Humboldt,2021-04-19,208,90766,86,44048,122,42623,0,4095,92,22567,114,36004,92,58571,California
Humboldt,2021-04-20,508,91274,139,44187,369,42992,0,4095,252,22564,255,36259,252,58823,California
Humboldt,2021-04-21,1126,92400,392,44579,734,43726,0,4095,457,22362,660,36919,458,59281,California
Humboldt,2021-04-22,900,93300,538,45117,361,44087,1,4096,457,22379,440,37359,457,59738,California
Humboldt,2021-04-23,2195,95495,312,45429,1883,45970,0,4096,340,20868,1851,39210,340,60078,California
Humboldt,2021-04-24,1097,96592,884,46313,208,46178,5,4101,366,20511,728,39938,371,60449,California
Humboldt,2021-04-25,376,96968,241,46554,135,46313,0,4101,194,20525,180,40118,194,60643,California
Humboldt,2021-04-26,389,97357,272,46826,113,46426,4,4105,109,20358,278,40396,111,60754,California
Humboldt,2021-04-27,777,98134,278,47104,470,46896,29,4134,155,19922,620,41016,184,60938,California
Humboldt,2021-04-28,1603,99737,842,47946,716,47612,45,4179,417,19201,1183,42199,462,61400,California
Humboldt,2021-04-29,1788,101525,634,48580,1116,48728,38,4217,300,18056,1483,43682,338,61738,California
Humboldt,2021-04-30,1302,102827,436,49016,832,49560,34,4251,204,17201,1091,44773,236,61974,California
Humboldt,2021-05-01,481,103308,385,49401,74,49634,22,4273,299,17341,181,44954,321,62295,California
Humboldt,2021-05-02,232,103540,185,49586,38,49672,9,4282,117,17353,114,45068,126,62421,California
Humboldt,2021-05-03,618,104158,375,49961,219,49891,24,4306,102,16966,514,45582,127,62548,California
Humboldt,2021-05-04,871,105029,522,50483,303,50194,46,4352,262,16667,606,46188,307,62855,California
Humboldt,2021-05-05,1739,106768,1115,51598,566,50760,58,4410,185,15362,1546,47734,241,63096,California
Humboldt,2021-05-06,1692,108460,1075,52673,365,51125,252,4662,138,14201,1551,49285,390,63486,California
Humboldt,2021-05-07,1438,109898,315,52988,1063,52188,60,4722,238,13300,1197,50482,296,63782,California
Humboldt,2021-05-08,743,110641,147,53135,573,52761,23,4745,90,12762,651,51133,113,63895,California
Humboldt,2021-05-09,907,111548,855,53990,42,52803,10,4755,47,11959,860,51993,57,63952,California
Humboldt,2021-05-10,218,111766,37,54027,142,52945,39,4794,82,11944,136,52129,121,64073,California
Humboldt,2021-05-11,535,112301,183,54210,279,53224,73,4867,204,11891,330,52459,277,64350,California
Humboldt,2021-05-12,622,112923,142,54352,434,53658,46,4913,227,11769,394,52853,272,64622,California
Humboldt,2021-05-13,629,113552,302,54654,300,53958,27,4940,290,11749,337,53190,317,64939,California
Humboldt,2021-05-14,712,114264,142,54796,466,54424,104,5044,233,11609,476,53666,336,65275,California
Humboldt,2021-05-15,786,115050,643,55439,134,54558,9,5053,212,11257,573,54239,221,65496,California
Humboldt,2021-05-16,122,115172,54,55493,64,54622,4,5057,68,11275,54,54293,72,65568,California
Humboldt,2021-05-17,410,115582,215,55708,172,54794,23,5080,225,11339,183,54476,247,65815,California
Humboldt,2021-05-18,665,116247,327,56035,309,55103,29,5109,362,11428,302,54778,391,66206,California
Humboldt,2021-05-19,994,117241,550,56585,401,55504,43,5152,345,11169,645,55423,386,66592,California
Humboldt,2021-05-20,828,118069,607,57192,208,55712,13,5165,594,11546,231,55654,608,67200,California
Humboldt,2021-05-21,877,118946,291,57483,525,56237,61,5226,350,11430,527,56181,411,67611,California
Humboldt,2021-05-22,413,119359,319,57802,86,56323,8,5234,146,11319,265,56446,154,67765,California
Humboldt,2021-05-23,393,119752,323,58125,67,56390,3,5237,75,11079,318,56764,78,67843,California
Humboldt,2021-05-24,338,120090,175,58300,134,56524,29,5266,183,11137,154,56918,212,68055,California
Humboldt,2021-05-25,532,120622,339,58639,169,56693,24,5290,290,11212,239,57157,314,68369,California
Humboldt,2021-05-26,648,121270,310,58949,314,57007,24,5314,309,11207,338,57495,333,68702,California
Humboldt,2021-05-27,465,121735,247,59196,181,57188,37,5351,276,11331,189,57684,313,69015,California
Humboldt,2021-05-28,410,122145,193,59389,170,57358,47,5398,169,11307,240,57924,216,69231,California
Humboldt,2021-05-29,172,122317,103,59492,66,57424,3,5401,91,11320,81,58005,94,69325,California
Humboldt,2021-05-30,104,122421,45,59537,54,57478,5,5406,49,11320,54,58059,54,69379,California
Humboldt,2021-05-31,72,122493,26,59563,40,57518,6,5412,48,11350,23,58082,53,69432,California
Humboldt,2021-06-01,459,122952,266,59829,178,57696,15,5427,183,11272,276,58358,198,69630,California
Humboldt,2021-06-02,532,123484,250,60079,228,57924,54,5481,236,11270,290,58648,288,69918,California
Humboldt,2021-06-03,391,123875,226,60305,143,58067,22,5503,85,11099,278,58926,107,70025,California
Humboldt,2021-06-04,507,124382,317,60622,166,58233,24,5527,133,10925,330,59256,156,70181,California
Humboldt,2021-06-05,409,124791,314,60936,50,58283,45,5572,206,11028,148,59404,251,70432,California
Humboldt,2021-06-06,169,124960,117,61053,43,58326,9,5581,68,11009,96,59500,77,70509,California
Humboldt,2021-06-07,354,125314,216,61269,114,58440,24,5605,111,10902,242,59742,135,70644,California
Humboldt,2021-06-08,522,125836,303,61572,190,58630,29,5634,152,10714,368,60110,180,70824,California
Humboldt,2021-06-09,397,126233,203,61775,147,58777,47,5681,123,10612,272,60382,170,70994,California
Humboldt,2021-06-10,563,126796,445,62220,91,58868,27,5708,93,10264,466,60848,118,71112,California
Humboldt,2021-06-11,438,127234,246,62466,164,59032,28,5736,100,10055,337,61185,128,71240,California
Humboldt,2021-06-12,178,127412,131,62597,47,59079,0,5736,49,9976,128,61313,49,71289,California
Humboldt,2021-06-13,214,127626,146,62743,43,59122,25,5761,92,9972,120,61433,116,71405,California
Humboldt,2021-06-14,419,128045,254,62997,138,59260,27,5788,115,9811,303,61736,142,71547,California
Humboldt,2021-06-15,545,128590,370,63367,147,59407,28,5816,154,9607,385,62121,181,71728,California
Humboldt,2021-06-16,483,129073,322,63689,114,59521,47,5863,140,9460,334,62455,187,71915,California
Humboldt,2021-06-17,396,129469,259,63948,91,59612,46,5909,98,9306,298,62753,144,72059,California
Humboldt,2021-06-18,398,129867,227,64175,142,59754,29,5938,127,9196,265,63018,155,72214,California
Humboldt,2021-06-19,202,130069,136,64311,45,59799,21,5959,87,9189,114,63132,107,72321,California
Humboldt,2021-06-20,80,130149,36,64347,30,59829,14,5973,33,9191,45,63177,47,72368,California
Humboldt,2021-06-21,152,130301,71,64418,54,59883,27,6000,53,9172,99,63276,80,72448,California
Humboldt,2021-06-22,348,130649,219,64637,110,59993,19,6019,144,9132,203,63479,163,72611,California
Humboldt,2021-06-23,351,131000,248,64885,74,60067,29,6048,106,9027,238,63717,133,72744,California
Humboldt,2021-06-24,198,131198,103,64988,48,60115,47,6095,84,9046,110,63827,129,72873,California
Humboldt,2021-06-25,253,131451,144,65132,94,60209,15,6110,104,9018,147,63974,119,72992,California
Humboldt,2021-06-26,174,131625,143,65275,12,60221,19,6129,42,8947,132,64106,61,73053,California
Imperial,2020-12-16,1,1,1,1,0,0,0,0,1,1,0,0,1,1,California
Imperial,2020-12-17,4,5,4,5,0,0,0,0,4,5,0,0,4,5,California
Imperial,2020-12-18,12,17,12,17,0,0,0,0,12,17,0,0,12,17,California
Imperial,2020-12-20,3,20,3,20,0,0,0,0,3,20,0,0,3,20,California
Imperial,2020-12-21,185,205,185,205,0,0,0,0,185,205,0,0,185,205,California
Imperial,2020-12-22,240,445,238,443,2,2,0,0,240,445,0,0,240,445,California
Imperial,2020-12-23,212,657,211,654,1,3,0,0,211,656,0,0,211,656,California
Imperial,2020-12-24,7,664,7,661,0,3,0,0,7,663,0,0,7,663,California
Imperial,2020-12-26,3,667,1,662,2,5,0,0,3,666,0,0,3,666,California
Imperial,2020-12-27,62,729,0,662,62,67,0,0,62,728,0,0,62,728,California
Imperial,2020-12-28,216,945,115,777,101,168,0,0,216,944,0,0,216,944,California
Imperial,2020-12-29,190,1135,37,814,153,321,0,0,190,1134,0,0,190,1134,California
Imperial,2020-12-30,367,1502,51,865,316,637,0,0,367,1501,0,0,367,1501,California
Imperial,2020-12-31,199,1701,28,893,171,808,0,0,199,1700,0,0,199,1700,California
Imperial,2021-01-01,47,1748,5,898,42,850,0,0,47,1747,0,0,47,1747,California
Imperial,2021-01-02,5,1753,0,898,5,855,0,0,5,1752,0,0,5,1752,California
Imperial,2021-01-03,90,1843,0,898,90,945,0,0,90,1842,0,0,90,1842,California
Imperial,2021-01-04,87,1930,7,905,80,1025,0,0,87,1929,0,0,87,1929,California
Imperial,2021-01-05,173,2103,14,919,159,1184,0,0,173,2102,0,0,173,2102,California
Imperial,2021-01-06,192,2295,26,945,166,1350,0,0,191,2292,1,1,191,2293,California
Imperial,2021-01-07,330,2625,12,957,318,1668,0,0,325,2612,5,6,325,2618,California
Imperial,2021-01-08,194,2819,51,1008,143,1811,0,0,185,2788,9,15,185,2803,California
Imperial,2021-01-09,24,2843,21,1029,3,1814,0,0,24,2812,0,15,24,2827,California
Imperial,2021-01-10,4,2847,1,1030,3,1817,0,0,3,2814,1,16,3,2830,California
Imperial,2021-01-11,403,3250,243,1273,160,1977,0,0,176,2763,227,243,176,3006,California
Imperial,2021-01-12,412,3662,304,1577,108,2085,0,0,150,2652,261,504,150,3156,California
Imperial,2021-01-13,386,4048,135,1712,251,2336,0,0,284,2834,102,606,284,3440,California
Imperial,2021-01-14,268,4316,151,1863,117,2453,0,0,262,3091,5,611,262,3702,California
Imperial,2021-01-15,247,4563,182,2045,65,2518,0,0,239,3322,8,619,239,3941,California
Imperial,2021-01-16,94,4657,74,2119,20,2538,0,0,93,3414,1,620,93,4034,California
Imperial,2021-01-17,18,4675,5,2124,13,2551,0,0,17,3430,1,621,17,4051,California
Imperial,2021-01-18,1070,5745,398,2522,672,3223,0,0,972,4305,98,719,973,5024,California
Imperial,2021-01-19,171,5916,128,2650,43,3266,0,0,124,4382,47,766,124,5148,California
Imperial,2021-01-20,300,6216,198,2848,102,3368,0,0,261,4604,39,805,261,5409,California
Imperial,2021-01-21,436,6652,185,3033,251,3619,0,0,414,4996,22,827,414,5823,California
Imperial,2021-01-22,476,7128,188,3221,288,3907,0,0,467,5454,9,836,467,6290,California
Imperial,2021-01-23,1064,8192,292,3513,772,4679,0,0,1062,6514,2,838,1062,7352,California
Imperial,2021-01-24,24,8216,2,3515,22,4701,0,0,24,6538,0,838,24,7376,California
Imperial,2021-01-25,224,8440,10,3525,214,4915,0,0,41,6398,181,1019,41,7417,California
Imperial,2021-01-26,376,8816,181,3706,195,5110,0,0,232,6488,143,1162,233,7650,California
Imperial,2021-01-27,588,9404,163,3869,425,5535,0,0,254,6408,334,1496,254,7904,California
Imperial,2021-01-28,654,10058,165,4034,489,6024,0,0,544,6842,110,1606,544,8448,California
Imperial,2021-01-29,446,10504,298,4332,148,6172,0,0,397,7190,49,1655,397,8845,California
Imperial,2021-01-30,83,10587,40,4372,43,6215,0,0,66,7239,17,1672,66,8911,California
Imperial,2021-01-31,27,10614,4,4376,23,6238,0,0,26,7264,1,1673,26,8937,California
Imperial,2021-02-01,464,11078,67,4443,397,6635,0,0,251,7304,211,1884,251,9188,California
Imperial,2021-02-02,745,11823,63,4506,682,7317,0,0,563,7685,182,2066,563,9751,California
Imperial,2021-02-03,493,12316,52,4558,441,7758,0,0,296,7785,196,2262,296,10047,California
Imperial,2021-02-04,1778,14094,1220,5778,558,8316,0,0,1460,8928,317,2579,1460,11507,California
Imperial,2021-02-05,455,14549,254,6032,201,8517,0,0,218,8910,238,2817,220,11727,California
Imperial,2021-02-06,890,15439,849,6881,41,8558,0,0,854,9726,38,2855,854,12581,California
Imperial,2021-02-07,49,15488,17,6898,32,8590,0,0,45,9767,4,2859,45,12626,California
Imperial,2021-02-08,274,15762,45,6943,229,8819,0,0,206,9905,68,2927,206,12832,California
Imperial,2021-02-09,489,16251,152,7095,337,9156,0,0,322,10063,167,3094,325,13157,California
Imperial,2021-02-10,479,16730,59,7154,420,9576,0,0,111,9809,368,3462,114,13271,California
Imperial,2021-02-11,1083,17813,387,7541,696,10272,0,0,180,9094,898,4360,183,13454,California
Imperial,2021-02-12,2179,19992,1436,8977,743,11015,0,0,1823,10564,359,4719,1829,15283,California
Imperial,2021-02-13,81,20073,28,9005,53,11068,0,0,63,10608,21,4740,65,15348,California
Imperial,2021-02-14,49,20122,34,9039,15,11083,0,0,46,10651,3,4743,46,15394,California
Imperial,2021-02-15,145,20267,37,9076,108,11191,0,0,127,10763,18,4761,130,15524,California
Imperial,2021-02-16,520,20787,264,9340,256,11447,0,0,302,10851,218,4979,306,15830,California
Imperial,2021-02-17,460,21247,303,9643,157,11604,0,0,104,10604,356,5335,109,15939,California
Imperial,2021-02-18,677,21924,327,9970,350,11954,0,0,156,10250,520,5855,166,16105,California
Imperial,2021-02-19,793,22717,401,10371,392,12346,0,0,209,9878,583,6438,211,16316,California
Imperial,2021-02-20,1061,23778,208,10579,853,13199,0,0,336,9501,723,7161,346,16662,California
Imperial,2021-02-21,601,24379,569,11148,32,13231,0,0,592,10088,8,7169,595,17257,California
Imperial,2021-02-22,826,25205,583,11731,243,13474,0,0,767,10801,59,7228,772,18029,California
Imperial,2021-02-23,1027,26232,434,12165,593,14067,0,0,945,11678,81,7309,958,18987,California
Imperial,2021-02-24,752,26984,316,12481,436,14503,0,0,635,12212,115,7424,649,19636,California
Imperial,2021-02-25,902,27886,369,12850,533,15036,0,0,504,12342,397,7821,527,20163,California
Imperial,2021-02-26,2342,30228,1381,14231,961,15997,0,0,1830,13683,511,8332,1852,22015,California
Imperial,2021-02-27,994,31222,906,15137,88,16085,0,0,237,13182,758,9090,257,22272,California
Imperial,2021-02-28,94,31316,75,15212,19,16104,0,0,74,13247,20,9110,85,22357,California
Imperial,2021-03-01,558,31874,331,15543,224,16328,3,3,474,13654,81,9191,488,22845,California
Imperial,2021-03-02,748,32622,271,15814,476,16804,1,4,410,13742,336,9527,424,23269,California
Imperial,2021-03-03,973,33595,67,15881,905,17709,1,5,578,13958,391,9918,607,23876,California
Imperial,2021-03-04,810,34405,122,16003,687,18396,1,6,519,14238,289,10207,569,24445,California
Imperial,2021-03-05,3140,37545,2240,18243,900,19296,0,6,1756,14638,1388,11595,1788,26233,California
Imperial,2021-03-06,742,38287,253,18496,489,19785,0,6,675,15274,64,11659,700,26933,California
Imperial,2021-03-07,125,38412,70,18566,55,19840,0,6,73,15321,51,11710,98,27031,California
Imperial,2021-03-08,470,38882,359,18925,76,19916,35,41,378,15676,92,11802,447,27478,California
Imperial,2021-03-09,713,39595,322,19247,143,20059,248,289,415,16043,298,12100,665,28143,California
Imperial,2021-03-10,722,40317,332,19579,284,20343,106,395,336,16113,385,12485,455,28598,California
Imperial,2021-03-11,1832,42149,493,20072,1148,21491,191,586,1206,16910,622,13107,1419,30017,California
Imperial,2021-03-12,4887,47036,3467,23539,1211,22702,209,795,3128,18516,1753,14860,3359,33376,California
Imperial,2021-03-13,1218,48254,100,23639,884,23586,234,1029,881,19322,334,15194,1140,34516,California
Imperial,2021-03-14,203,48457,48,23687,141,23727,14,1043,145,19439,58,15252,175,34691,California
Imperial,2021-03-15,715,49172,239,23926,218,23945,258,1301,391,19785,322,15574,668,35359,California
Imperial,2021-03-16,1155,50327,307,24233,379,24324,469,1770,558,20247,595,16169,1057,36416,California
Imperial,2021-03-17,1637,51964,706,24939,792,25116,139,1909,1031,20827,599,16768,1179,37595,California
Imperial,2021-03-18,1839,53803,1215,26154,564,25680,60,1969,1276,21610,559,17327,1342,38937,California
Imperial,2021-03-19,3828,57631,2794,28948,1031,26711,3,1972,1932,21660,1888,19215,1938,40875,California
Imperial,2021-03-20,1792,59423,560,29508,1225,27936,7,1979,1333,22553,453,19668,1346,42221,California
Imperial,2021-03-21,272,59695,84,29592,183,28119,5,1984,165,22624,107,19775,178,42399,California
Imperial,2021-03-22,1072,60767,360,29952,705,28824,7,1991,625,22817,445,20220,638,43037,California
Imperial,2021-03-23,1500,62267,512,30464,982,29806,6,1997,928,23188,568,20788,939,43976,California
Imperial,2021-03-24,2156,64423,582,31046,1148,30954,426,2423,1160,23784,993,21781,1589,45565,California
Imperial,2021-03-25,3224,67647,715,31761,889,31843,1620,4043,1201,24580,2017,23798,2813,48378,California
Imperial,2021-03-26,3206,70853,1190,32951,1038,32881,978,5021,911,24191,2283,26081,1894,50272,California
Imperial,2021-03-27,633,71486,285,33236,291,33172,57,5078,446,24512,184,26265,505,50777,California
Imperial,2021-03-28,220,71706,57,33293,161,33333,2,5080,177,24651,41,26306,180,50957,California
Imperial,2021-03-29,1493,73199,364,33657,404,33737,725,5805,328,24544,1162,27468,1055,52012,California
Imperial,2021-03-30,2107,75306,694,34351,597,34334,816,6621,687,24626,1418,28886,1500,53512,California
Imperial,2021-03-31,1546,76852,728,35079,812,35146,6,6627,1021,25130,522,29408,1026,54538,California
Imperial,2021-04-01,2076,78928,432,35511,1399,36545,245,6872,881,25067,1189,30597,1126,55664,California
Imperial,2021-04-02,1973,80901,484,35995,1412,37957,77,6949,1338,25854,629,31226,1416,57080,California
Imperial,2021-04-03,1531,82432,434,36429,1017,38974,80,7029,706,25820,822,32048,788,57868,California
Imperial,2021-04-04,88,82520,44,36473,27,39001,17,7046,24,25798,64,32112,42,57910,California
Imperial,2021-04-05,3409,85929,2319,38792,925,39926,165,7211,807,24185,2592,34704,979,58889,California
Imperial,2021-04-06,1327,87256,537,39329,600,40526,190,7401,688,24432,634,35338,881,59770,California
Imperial,2021-04-07,2172,89428,561,39890,1235,41761,376,7777,1561,25752,615,35953,1935,61705,California
Imperial,2021-04-08,2228,91656,1087,40977,843,42604,298,8075,1076,25977,1147,37100,1372,63077,California
Imperial,2021-04-09,3228,94884,1670,42647,938,43542,620,8695,1520,26414,1700,38800,2137,65214,California
Imperial,2021-04-10,1314,96198,191,42838,849,44391,274,8969,230,25836,1081,39881,503,65717,California
Imperial,2021-04-11,225,96423,36,42874,157,44548,32,9001,78,25802,147,40028,113,65830,California
Imperial,2021-04-12,1455,97878,778,43652,456,45004,221,9222,825,26225,624,40652,1047,66877,California
Imperial,2021-04-13,2944,100822,1903,45555,1039,46043,2,9224,2048,27386,892,41544,2053,68930,California
Imperial,2021-04-14,2047,102869,954,46509,1093,47136,0,9224,1401,28152,640,42184,1406,70336,California
Imperial,2021-04-15,2009,104878,924,47433,1085,48221,0,9224,1371,28896,633,42817,1377,71713,California
Imperial,2021-04-16,3455,108333,1799,49232,1656,49877,0,9224,2160,29778,1281,44098,2163,73876,California
Imperial,2021-04-17,1828,110161,939,50171,887,50764,2,9226,1419,30796,404,44502,1422,75298,California
Imperial,2021-04-18,273,110434,85,50256,188,50952,0,9226,98,30724,173,44675,101,75399,California
Imperial,2021-04-19,852,111286,271,50527,581,51533,0,9226,474,30828,375,45050,479,75878,California
Imperial,2021-04-20,1347,112633,551,51078,796,52329,0,9226,760,31005,586,45636,763,76641,California
Imperial,2021-04-21,1434,114067,377,51455,1056,53385,1,9227,841,31260,586,46222,841,77482,California
Imperial,2021-04-22,2378,116445,828,52283,1550,54935,0,9227,1658,32216,704,46926,1660,79142,California
Imperial,2021-04-23,2832,119277,551,52834,2281,57216,0,9227,1104,31628,1696,48622,1108,80250,California
Imperial,2021-04-24,550,119827,324,53158,226,57442,0,9227,199,31479,348,48970,199,80449,California
Imperial,2021-04-25,272,120099,102,53260,170,57612,0,9227,140,31489,130,49100,140,80589,California
Imperial,2021-04-26,1235,121334,483,53743,748,58360,4,9231,711,31686,518,49618,715,81304,California
Imperial,2021-04-27,1124,122458,371,54114,744,59104,9,9240,557,31692,561,50179,567,81871,California
Imperial,2021-04-28,1507,123965,655,54769,823,59927,29,9269,690,31600,811,50990,719,82590,California
Imperial,2021-04-29,1844,125809,866,55635,932,60859,46,9315,820,31455,1013,52003,868,83458,California
Imperial,2021-04-30,3288,129097,1689,57324,1565,62424,34,9349,1585,31384,1690,53693,1619,85077,California
Imperial,2021-05-01,327,129424,126,57450,198,62622,3,9352,162,31387,164,53857,167,85244,California
Imperial,2021-05-02,88,129512,29,57479,57,62679,2,9354,51,31404,37,53894,54,85298,California
Imperial,2021-05-03,1645,131157,545,58024,1051,63730,49,9403,372,30564,1260,55154,420,85718,California
Imperial,2021-05-04,1765,132922,965,58989,773,64503,27,9430,545,29924,1212,56366,572,86290,California
Imperial,2021-05-05,1518,134440,905,59894,593,65096,20,9450,450,29339,1056,57422,471,86761,California
Imperial,2021-05-06,1718,136158,1139,61033,537,65633,42,9492,542,28755,1170,58592,586,87347,California
Imperial,2021-05-07,2593,138751,1451,62484,1097,66730,45,9537,863,27956,1710,60302,911,88258,California
Imperial,2021-05-08,801,139552,649,63133,143,66873,9,9546,198,27567,596,60898,207,88465,California
Imperial,2021-05-09,102,139654,70,63203,31,66904,1,9547,31,27531,68,60966,32,88497,California
Imperial,2021-05-10,1180,140834,302,63505,754,67658,124,9671,360,27201,812,61778,482,88979,California
Imperial,2021-05-11,1477,142311,475,63980,983,68641,19,9690,497,26750,972,62750,521,89500,California
Imperial,2021-05-12,876,143187,280,64260,557,69198,39,9729,319,26556,552,63302,358,89858,California
Imperial,2021-05-13,1869,145056,1252,65512,545,69743,72,9801,823,26414,1036,64338,894,90752,California
Imperial,2021-05-14,1763,146819,972,66484,732,70475,59,9860,1162,27046,589,64927,1221,91973,California
Imperial,2021-05-15,1234,148053,479,66963,733,71208,22,9882,472,26785,756,65683,495,92468,California
Imperial,2021-05-16,127,148180,86,67049,37,71245,4,9886,53,26769,73,65756,57,92525,California
Imperial,2021-05-17,1979,150159,723,67772,1205,72450,51,9937,690,26228,1282,67038,741,93266,California
Imperial,2021-05-18,1715,151874,893,68665,748,73198,74,10011,941,26476,768,67806,1016,94282,California
Imperial,2021-05-19,1304,153178,622,69287,613,73811,69,10080,610,26469,685,68491,678,94960,California
Imperial,2021-05-20,1661,154839,1012,70299,583,74394,66,10146,743,26371,907,69398,809,95769,California
Imperial,2021-05-21,1922,156761,1235,71534,624,75018,63,10209,970,26464,940,70338,1033,96802,California
Imperial,2021-05-22,295,157056,191,71725,86,75104,18,10227,151,26495,138,70476,169,96971,California
Imperial,2021-05-23,93,157149,34,71759,50,75154,9,10236,32,26477,59,70535,41,97012,California
Imperial,2021-05-24,1277,158426,625,72384,594,75748,58,10294,529,26322,741,71276,586,97598,California
Imperial,2021-05-25,1481,159907,481,72865,966,76714,34,10328,543,25972,928,72204,578,98176,California
Imperial,2021-05-26,1055,160962,551,73416,454,77168,50,10378,464,25897,588,72792,513,98689,California
Imperial,2021-05-27,1324,162286,731,74147,523,77691,70,10448,652,25952,667,73459,722,99411,California
Imperial,2021-05-28,1025,163311,592,74739,361,78052,72,10520,376,25762,639,74098,449,99860,California
Imperial,2021-05-29,223,163534,123,74862,94,78146,6,10526,112,25769,111,74209,118,99978,California
Imperial,2021-05-30,97,163631,29,74891,66,78212,2,10528,66,25806,31,74240,68,100046,California
Imperial,2021-05-31,79,163710,20,74911,53,78265,6,10534,36,25805,43,74283,42,100088,California
Imperial,2021-06-01,1181,164891,548,75459,568,78833,65,10599,467,25630,707,74990,532,100620,California
Imperial,2021-06-02,1085,165976,597,76056,397,79230,91,10690,549,25741,527,75517,638,101258,California
Imperial,2021-06-03,1247,167223,736,76792,416,79646,95,10785,590,25776,650,76167,685,101943,California
Imperial,2021-06-04,2350,169573,1710,78502,538,80184,102,10887,984,25507,1354,77521,1085,103028,California
Imperial,2021-06-05,364,169937,232,78734,117,80301,15,10902,173,25508,187,77708,188,103216,California
Imperial,2021-06-06,79,170016,46,78780,21,80322,12,10914,44,25529,35,77743,56,103272,California
Imperial,2021-06-07,1004,171020,655,79435,284,80606,65,10979,482,25557,519,78262,547,103819,California
Imperial,2021-06-08,1339,172359,1017,80452,266,80872,56,11035,541,25360,794,79056,597,104416,California
Imperial,2021-06-09,1057,173416,769,81221,231,81103,57,11092,486,25339,564,79620,543,104959,California
Imperial,2021-06-10,1126,174542,772,81993,310,81413,44,11136,439,25138,683,80303,482,105441,California
Imperial,2021-06-11,1619,176161,1181,83174,395,81808,43,11179,707,24989,899,81202,750,106191,California
Imperial,2021-06-12,237,176398,123,83297,103,81911,11,11190,98,24960,138,81340,109,106300,California
Imperial,2021-06-13,83,176481,21,83318,60,81971,2,11192,52,24985,30,81370,55,106355,California
Imperial,2021-06-14,865,177346,611,83929,212,82183,42,11234,372,24910,489,81859,414,106769,California
Imperial,2021-06-15,999,178345,735,84664,235,82418,29,11263,446,24839,547,82406,476,107245,California
Imperial,2021-06-16,909,179254,616,85280,248,82666,45,11308,447,24874,458,82864,493,107738,California
Imperial,2021-06-17,1017,180271,750,86030,226,82892,41,11349,453,24807,559,83423,492,108230,California
Imperial,2021-06-18,1053,181324,753,86783,246,83138,54,11403,654,25125,389,83812,707,108937,California
Imperial,2021-06-19,270,181594,187,86970,78,83216,5,11408,144,25149,125,83937,149,109086,California
Imperial,2021-06-20,63,181657,30,87000,29,83245,4,11412,24,25138,39,83976,28,109114,California
Imperial,2021-06-21,652,182309,388,87388,226,83471,38,11450,394,25320,252,84228,434,109548,California
Imperial,2021-06-22,1070,183379,758,88146,269,83740,43,11493,591,25484,471,84699,635,110183,California
Imperial,2021-06-23,1007,184386,700,88846,255,83995,52,11545,542,25621,456,85155,593,110776,California
Imperial,2021-06-24,825,185211,564,89410,223,84218,38,11583,405,25649,415,85570,443,111219,California
Imperial,2021-06-25,1186,186397,895,90305,239,84457,52,11635,486,25499,688,86258,538,111757,California
Imperial,2021-06-26,152,186549,109,90414,41,84498,2,11637,51,25452,100,86358,53,111810,California
Inyo,2020-12-19,85,85,85,85,0,0,0,0,85,85,0,0,85,85,California
Inyo,2020-12-20,58,143,58,143,0,0,0,0,58,143,0,0,58,143,California
Inyo,2020-12-21,88,231,85,228,3,3,0,0,88,231,0,0,88,231,California
Inyo,2020-12-22,105,336,105,333,0,3,0,0,105,336,0,0,105,336,California
Inyo,2020-12-23,70,406,67,400,3,6,0,0,70,406,0,0,70,406,California
Inyo,2020-12-24,15,421,15,415,0,6,0,0,15,421,0,0,15,421,California
Inyo,2020-12-25,1,422,0,415,1,7,0,0,1,422,0,0,1,422,California
Inyo,2020-12-26,74,496,74,489,0,7,0,0,74,496,0,0,74,496,California
Inyo,2020-12-28,49,545,37,526,12,19,0,0,49,545,0,0,49,545,California
Inyo,2020-12-29,19,564,19,545,0,19,0,0,19,564,0,0,19,564,California
Inyo,2020-12-30,56,620,54,599,2,21,0,0,56,620,0,0,56,620,California
Inyo,2020-12-31,29,649,0,599,29,50,0,0,29,649,0,0,29,649,California
Inyo,2021-01-01,1,650,0,599,1,51,0,0,1,650,0,0,1,650,California
Inyo,2021-01-03,1,651,0,599,1,52,0,0,1,651,0,0,1,651,California
Inyo,2021-01-04,4,655,1,600,3,55,0,0,4,655,0,0,4,655,California
Inyo,2021-01-05,34,689,0,600,34,89,0,0,34,689,0,0,34,689,California
Inyo,2021-01-06,68,757,0,600,68,157,0,0,68,757,0,0,68,757,California
Inyo,2021-01-07,31,788,1,601,30,187,0,0,31,788,0,0,31,788,California
Inyo,2021-01-08,9,797,8,609,1,188,0,0,4,788,5,5,5,793,California
Inyo,2021-01-09,87,884,86,695,1,189,0,0,1,703,86,91,1,794,California
Inyo,2021-01-10,52,936,52,747,0,189,0,0,0,651,52,143,0,794,California
Inyo,2021-01-11,97,1033,82,829,15,204,0,0,16,586,81,224,16,810,California
Inyo,2021-01-12,138,1171,117,946,21,225,0,0,28,504,110,334,28,838,California
Inyo,2021-01-13,86,1257,68,1014,18,243,0,0,21,461,65,399,22,860,California
Inyo,2021-01-14,59,1316,13,1027,46,289,0,0,49,500,10,409,49,909,California
Inyo,2021-01-15,163,1479,28,1055,135,424,0,0,163,663,0,409,163,1072,California
Inyo,2021-01-16,74,1553,73,1128,1,425,0,0,1,591,73,482,1,1073,California
Inyo,2021-01-18,59,1612,37,1165,22,447,0,0,19,570,40,522,19,1092,California
Inyo,2021-01-19,115,1727,73,1238,42,489,0,0,98,651,17,539,98,1190,California
Inyo,2021-01-20,149,1876,72,1310,77,566,0,0,94,690,55,594,94,1284,California
Inyo,2021-01-21,120,1996,57,1367,63,629,0,0,119,808,1,595,119,1403,California
Inyo,2021-01-22,62,2058,0,1367,62,691,0,0,61,868,1,596,61,1464,California
Inyo,2021-01-23,52,2110,51,1418,1,692,0,0,52,920,0,596,52,1516,California
Inyo,2021-01-25,49,2159,6,1424,43,735,0,0,37,945,12,608,37,1553,California
Inyo,2021-01-26,135,2294,54,1478,81,816,0,0,129,1068,6,614,129,1682,California
Inyo,2021-01-27,24,2318,2,1480,22,838,0,0,23,1090,1,615,23,1705,California
Inyo,2021-01-28,92,2410,2,1482,90,928,0,0,63,1124,29,644,63,1768,California
Inyo,2021-01-29,25,2435,3,1485,22,950,0,0,23,1145,2,646,23,1791,California
Inyo,2021-01-30,11,2446,1,1486,10,960,0,0,11,1156,0,646,11,1802,California
Inyo,2021-01-31,32,2478,4,1490,28,988,0,0,4,1132,28,674,4,1806,California
Inyo,2021-02-01,11,2489,9,1499,2,990,0,0,1,1123,10,684,1,1807,California
Inyo,2021-02-02,130,2619,14,1513,116,1106,0,0,104,1201,26,710,104,1911,California
Inyo,2021-02-03,118,2737,0,1513,118,1224,0,0,74,1231,44,754,74,1985,California
Inyo,2021-02-04,151,2888,33,1546,118,1342,0,0,91,1263,60,814,92,2077,California
Inyo,2021-02-05,118,3006,62,1608,56,1398,0,0,116,1377,2,816,116,2193,California
Inyo,2021-02-06,4,3010,2,1610,2,1400,0,0,3,1379,1,817,3,2196,California
Inyo,2021-02-07,4,3014,2,1612,2,1402,0,0,4,1383,0,817,4,2200,California
Inyo,2021-02-08,117,3131,7,1619,110,1512,0,0,97,1460,20,837,97,2297,California
Inyo,2021-02-09,201,3332,52,1671,149,1661,0,0,128,1515,73,910,128,2425,California
Inyo,2021-02-10,141,3473,17,1688,124,1785,0,0,107,1588,34,944,107,2532,California
Inyo,2021-02-11,222,3695,57,1745,165,1950,0,0,126,1618,96,1040,126,2658,California
Inyo,2021-02-12,302,3997,52,1797,250,2200,0,0,168,1652,134,1174,168,2826,California
Inyo,2021-02-13,59,4056,54,1851,5,2205,0,0,8,1609,51,1225,8,2834,California
Inyo,2021-02-14,2,4058,0,1851,2,2207,0,0,2,1611,0,1225,2,2836,California
Inyo,2021-02-15,29,4087,9,1860,20,2227,0,0,5,1592,24,1249,5,2841,California
Inyo,2021-02-16,181,4268,52,1912,129,2356,0,0,92,1596,88,1337,92,2933,California
Inyo,2021-02-17,38,4306,4,1916,34,2390,0,0,8,1574,30,1367,8,2941,California
Inyo,2021-02-18,122,4428,6,1922,116,2506,0,0,79,1610,43,1410,79,3020,California
Inyo,2021-02-19,52,4480,4,1926,48,2554,0,0,9,1576,43,1453,9,3029,California
Inyo,2021-02-20,514,4994,509,2435,5,2559,0,0,511,2084,3,1456,511,3540,California
Inyo,2021-02-21,443,5437,443,2878,0,2559,0,0,443,2527,0,1456,443,3983,California
Inyo,2021-02-22,61,5498,19,2897,42,2601,0,0,27,2520,34,1490,27,4010,California
Inyo,2021-02-23,198,5696,19,2916,179,2780,0,0,94,2511,103,1593,94,4104,California
Inyo,2021-02-24,118,5814,0,2916,118,2898,0,0,57,2507,61,1654,57,4161,California
Inyo,2021-02-25,132,5946,5,2921,127,3025,0,0,62,2499,70,1724,62,4223,California
Inyo,2021-02-26,105,6051,61,2982,44,3069,0,0,20,2434,85,1809,20,4243,California
Inyo,2021-02-27,14,6065,3,2985,11,3080,0,0,2,2424,12,1821,2,4245,California
Inyo,2021-02-28,3,6068,1,2986,2,3082,0,0,2,2425,1,1822,2,4247,California
Inyo,2021-03-01,19,6087,2,2988,17,3099,0,0,17,2440,2,1824,17,4264,California
Inyo,2021-03-02,197,6284,1,2989,196,3295,0,0,112,2467,85,1909,112,4376,California
Inyo,2021-03-03,86,6370,3,2992,83,3378,0,0,42,2465,44,1953,42,4418,California
Inyo,2021-03-04,127,6497,3,2995,124,3502,0,0,45,2429,81,2034,45,4463,California
Inyo,2021-03-05,144,6641,57,3052,87,3589,0,0,40,2365,104,2138,40,4503,California
Inyo,2021-03-06,30,6671,1,3053,29,3618,0,0,29,2393,1,2139,29,4532,California
Inyo,2021-03-07,7,6678,4,3057,3,3621,0,0,5,2396,2,2141,5,4537,California
Inyo,2021-03-08,184,6862,5,3062,179,3800,0,0,91,2394,93,2234,91,4628,California
Inyo,2021-03-09,191,7053,3,3065,188,3988,0,0,74,2351,117,2351,74,4702,California
Inyo,2021-03-10,71,7124,8,3073,62,4050,1,1,30,2341,41,2392,31,4733,California
Inyo,2021-03-11,205,7329,1,3074,199,4249,5,6,74,2289,131,2523,79,4812,California
Inyo,2021-03-12,176,7505,4,3078,166,4415,6,12,77,2273,99,2622,83,4895,California
Inyo,2021-03-13,585,8090,550,3628,25,4440,10,22,70,1839,514,3136,80,4975,California
Inyo,2021-03-14,441,8531,440,4068,1,4441,0,22,4,1407,436,3572,4,4979,California
Inyo,2021-03-15,51,8582,15,4083,34,4475,2,24,30,1418,21,3593,32,5011,California
Inyo,2021-03-16,164,8746,4,4087,154,4629,6,30,64,1389,99,3692,70,5081,California
Inyo,2021-03-17,108,8854,3,4090,98,4727,7,37,92,1472,16,3708,99,5180,California
Inyo,2021-03-18,185,9039,16,4106,162,4889,7,44,104,1502,81,3789,111,5291,California
Inyo,2021-03-19,46,9085,4,4110,38,4927,4,48,36,1532,10,3799,40,5331,California
Inyo,2021-03-20,20,9105,1,4111,10,4937,9,57,1,1523,19,3818,10,5341,California
Inyo,2021-03-22,59,9164,3,4114,51,4988,5,62,39,1547,20,3838,44,5385,California
Inyo,2021-03-23,195,9359,4,4118,187,5175,4,66,105,1566,90,3928,109,5494,California
Inyo,2021-03-24,141,9500,3,4121,133,5308,5,71,86,1602,55,3983,91,5585,California
Inyo,2021-03-25,331,9831,110,4231,218,5526,3,74,265,1804,66,4049,268,5853,California
Inyo,2021-03-26,92,9923,3,4234,85,5611,4,78,71,1858,21,4070,75,5928,California
Inyo,2021-03-27,54,9977,46,4280,5,5616,3,81,48,1903,6,4076,51,5979,California
Inyo,2021-03-28,4,9981,1,4281,2,5618,1,82,1,1902,3,4079,2,5981,California
Inyo,2021-03-29,109,10090,2,4283,102,5720,5,87,82,1963,26,4105,87,6068,California
Inyo,2021-03-30,221,10311,2,4285,214,5934,5,92,109,1965,112,4217,114,6182,California
Inyo,2021-03-31,150,10461,4,4289,141,6075,5,97,108,2036,42,4259,113,6295,California
Inyo,2021-04-01,166,10627,3,4292,162,6237,1,98,117,2105,49,4308,118,6413,California
Inyo,2021-04-02,80,10707,1,4293,77,6314,2,100,50,2127,30,4338,52,6465,California
Inyo,2021-04-03,92,10799,46,4339,32,6346,14,114,4,2058,86,4424,17,6482,California
Inyo,2021-04-04,5,10804,4,4343,0,6346,1,115,1,2056,4,4428,2,6484,California
Inyo,2021-04-05,117,10921,1,4344,112,6458,4,119,29,2001,88,4516,33,6517,California
Inyo,2021-04-06,237,11158,5,4349,169,6627,63,182,105,2037,132,4648,168,6685,California
Inyo,2021-04-07,205,11363,2,4351,76,6703,127,309,48,2054,158,4806,175,6860,California
Inyo,2021-04-08,181,11544,15,4366,149,6852,17,326,81,2052,100,4906,98,6958,California
Inyo,2021-04-09,125,11669,7,4373,95,6947,23,349,37,2025,87,4993,60,7018,California
Inyo,2021-04-10,42,11711,1,4374,24,6971,17,366,3,2006,39,5032,20,7038,California
Inyo,2021-04-11,1,11712,0,4374,1,6972,0,366,1,2007,0,5032,1,7039,California
Inyo,2021-04-12,79,11791,0,4374,74,7046,5,371,41,2015,38,5070,46,7085,California
Inyo,2021-04-13,124,11915,5,4379,116,7162,3,374,64,2023,59,5129,67,7152,California
Inyo,2021-04-14,130,12045,2,4381,128,7290,0,374,45,1983,85,5214,45,7197,California
Inyo,2021-04-15,275,12320,117,4498,158,7448,0,374,79,1866,196,5410,79,7276,California
Inyo,2021-04-16,47,12367,5,4503,42,7490,0,374,19,1857,28,5438,19,7295,California
Inyo,2021-04-17,2,12369,1,4504,1,7491,0,374,1,1857,1,5439,1,7296,California
Inyo,2021-04-19,132,12501,45,4549,87,7578,0,374,45,1815,87,5526,45,7341,California
Inyo,2021-04-20,163,12664,2,4551,161,7739,0,374,79,1810,84,5610,79,7420,California
Inyo,2021-04-21,114,12778,5,4556,109,7848,0,374,33,1762,81,5691,33,7453,California
Inyo,2021-04-22,196,12974,1,4557,195,8043,0,374,51,1668,145,5836,51,7504,California
Inyo,2021-04-23,95,13069,4,4561,91,8134,0,374,22,1617,73,5909,22,7526,California
Inyo,2021-04-24,309,13378,308,4869,1,8135,0,374,305,1918,4,5913,305,7831,California
Inyo,2021-04-25,135,13513,134,5003,1,8136,0,374,135,2053,0,5913,135,7966,California
Inyo,2021-04-26,93,13606,2,5005,90,8226,1,375,11,1984,81,5994,12,7978,California
Inyo,2021-04-27,183,13789,6,5011,172,8398,5,380,47,1900,136,6130,52,8030,California
Inyo,2021-04-28,121,13910,2,5013,117,8515,2,382,20,1821,101,6231,22,8052,California
Inyo,2021-04-29,172,14082,56,5069,116,8631,0,382,77,1804,94,6325,77,8129,California
Inyo,2021-04-30,83,14165,5,5074,77,8708,1,383,23,1768,60,6385,24,8153,California
Inyo,2021-05-01,12,14177,3,5077,9,8717,0,383,10,1776,2,6387,10,8163,California
Inyo,2021-05-02,7,14184,3,5080,2,8719,2,385,4,1779,3,6390,6,8169,California
Inyo,2021-05-03,39,14223,1,5081,34,8753,4,389,6,1756,33,6423,10,8179,California
Inyo,2021-05-04,123,14346,2,5083,117,8870,4,393,19,1675,104,6527,23,8202,California
Inyo,2021-05-05,36,14382,0,5083,34,8904,2,395,11,1663,25,6552,13,8215,California
Inyo,2021-05-06,93,14475,4,5087,81,8985,8,403,13,1604,80,6632,21,8236,California
Inyo,2021-05-07,49,14524,4,5091,37,9022,8,411,24,1612,24,6656,32,8268,California
Inyo,2021-05-08,11,14535,2,5093,4,9026,5,416,4,1614,7,6663,9,8277,California
Inyo,2021-05-09,1,14536,0,5093,1,9027,0,416,0,1613,1,6664,0,8277,California
Inyo,2021-05-10,70,14606,1,5094,67,9094,2,418,32,1609,39,6703,35,8312,California
Inyo,2021-05-11,88,14694,1,5095,84,9178,3,421,20,1564,68,6771,23,8335,California
Inyo,2021-05-12,43,14737,2,5097,39,9217,2,423,11,1545,32,6803,13,8348,California
Inyo,2021-05-13,76,14813,1,5098,74,9291,1,424,13,1496,63,6866,14,8362,California
Inyo,2021-05-14,28,14841,5,5103,18,9309,5,429,14,1501,14,6880,19,8381,California
Inyo,2021-05-15,379,15220,366,5469,11,9320,2,431,85,1294,294,7174,87,8468,California
Inyo,2021-05-16,200,15420,200,5669,0,9320,0,431,73,1240,127,7301,73,8541,California
Inyo,2021-05-17,63,15483,3,5672,56,9376,4,435,18,1218,44,7345,22,8563,California
Inyo,2021-05-18,83,15566,2,5674,80,9456,1,436,17,1170,66,7411,18,8581,California
Inyo,2021-05-19,48,15614,2,5676,41,9497,5,441,14,1155,34,7445,19,8600,California
Inyo,2021-05-20,146,15760,83,5759,62,9559,1,442,37,1083,110,7555,38,8638,California
Inyo,2021-05-21,49,15809,18,5777,26,9585,5,447,19,1077,30,7585,24,8662,California
Inyo,2021-05-22,26,15835,16,5793,7,9592,3,450,19,1092,7,7592,22,8684,California
Inyo,2021-05-23,2,15837,1,5794,0,9592,1,451,0,1091,2,7594,1,8685,California
Inyo,2021-05-24,33,15870,6,5800,24,9616,3,454,13,1087,20,7614,16,8701,California
Inyo,2021-05-25,83,15953,39,5839,42,9658,2,456,48,1102,35,7649,50,8751,California
Inyo,2021-05-26,43,15996,16,5855,25,9683,2,458,20,1102,22,7671,22,8773,California
Inyo,2021-05-27,39,16035,10,5865,21,9704,8,466,12,1096,26,7697,20,8793,California
Inyo,2021-05-28,26,16061,6,5871,15,9719,5,471,8,1091,18,7715,13,8806,California
Inyo,2021-05-29,16,16077,5,5876,11,9730,0,471,7,1089,9,7724,7,8813,California
Inyo,2021-05-30,2,16079,0,5876,2,9732,0,471,0,1087,2,7726,0,8813,California
Inyo,2021-06-01,55,16134,16,5892,33,9765,6,477,23,1084,32,7758,29,8842,California
Inyo,2021-06-02,11,16145,9,5901,1,9766,1,478,9,1092,2,7760,10,8852,California
Inyo,2021-06-03,25,16170,0,5901,18,9784,7,485,1,1076,24,7784,8,8860,California
Inyo,2021-06-04,32,16202,6,5907,22,9806,4,489,12,1072,20,7804,16,8876,California
Inyo,2021-06-05,17,16219,8,5915,8,9814,1,490,4,1064,13,7817,5,8881,California
Inyo,2021-06-06,1,16220,1,5916,0,9814,0,490,1,1065,0,7817,1,8882,California
Inyo,2021-06-07,51,16271,15,5931,33,9847,3,493,5,1027,46,7863,8,8890,California
Inyo,2021-06-08,53,16324,25,5956,25,9872,3,496,26,1029,27,7890,29,8919,California
Inyo,2021-06-09,111,16435,95,6051,14,9886,2,498,14,948,97,7987,16,8935,California
Inyo,2021-06-10,53,16488,39,6090,9,9895,5,503,15,930,38,8025,20,8955,California
Inyo,2021-06-11,44,16532,23,6113,19,9914,2,505,17,922,27,8052,19,8974,California
Inyo,2021-06-12,15,16547,8,6121,6,9920,1,506,5,918,10,8062,6,8980,California
Inyo,2021-06-13,1,16548,0,6121,1,9921,0,506,0,917,1,8063,0,8980,California
Inyo,2021-06-14,60,16608,28,6149,29,9950,3,509,8,876,52,8115,11,8991,California
Inyo,2021-06-15,53,16661,40,6189,9,9959,4,513,10,847,43,8158,14,9005,California
Inyo,2021-06-16,34,16695,20,6209,14,9973,0,513,7,827,27,8185,7,9012,California
Inyo,2021-06-17,23,16718,13,6222,6,9979,4,517,5,819,17,8202,9,9021,California
Inyo,2021-06-18,14,16732,5,6227,6,9985,3,520,2,812,12,8214,5,9026,California
Inyo,2021-06-19,20,16752,6,6233,13,9998,1,521,7,807,13,8227,8,9034,California
Inyo,2021-06-21,29,16781,8,6241,18,10016,3,524,13,807,16,8243,16,9050,California
Inyo,2021-06-22,37,16818,31,6272,5,10021,1,525,19,809,18,8261,20,9070,California
Inyo,2021-06-23,11,16829,6,6278,5,10026,0,525,1,800,10,8271,1,9071,California
Inyo,2021-06-24,4,16833,1,6279,3,10029,0,525,2,800,2,8273,2,9073,California
Inyo,2021-06-25,14,16847,3,6282,10,10039,1,526,11,809,3,8276,12,9085,California
Kern,2020-12-15,1,1,1,1,0,0,0,0,1,1,0,0,1,1,California
Kern,2020-12-16,19,20,19,20,0,0,0,0,19,20,0,0,19,20,California
Kern,2020-12-17,164,184,164,184,0,0,0,0,164,184,0,0,164,184,California
Kern,2020-12-18,325,509,325,509,0,0,0,0,325,509,0,0,325,509,California
Kern,2020-12-19,99,608,99,608,0,0,0,0,100,609,0,0,100,609,California
Kern,2020-12-20,62,670,62,670,0,0,0,0,62,671,0,0,62,671,California
Kern,2020-12-21,674,1344,673,1343,1,1,0,0,674,1345,0,0,674,1345,California
Kern,2020-12-22,533,1877,530,1873,3,4,0,0,533,1878,0,0,533,1878,California
Kern,2020-12-23,558,2435,420,2293,138,142,0,0,558,2436,0,0,558,2436,California
Kern,2020-12-24,123,2558,44,2337,79,221,0,0,123,2559,0,0,123,2559,California
Kern,2020-12-25,1,2559,1,2338,0,221,0,0,1,2560,0,0,1,2560,California
Kern,2020-12-26,34,2593,2,2340,32,253,0,0,34,2594,0,0,34,2594,California
Kern,2020-12-27,35,2628,3,2343,32,285,0,0,35,2629,0,0,35,2629,California
Kern,2020-12-28,831,3459,666,3009,165,450,0,0,831,3460,0,0,831,3460,California
Kern,2020-12-29,744,4203,451,3460,293,743,0,0,743,4202,1,1,743,4203,California
Kern,2020-12-30,1207,5410,914,4374,293,1036,0,0,1207,5409,0,1,1207,5410,California
Kern,2020-12-31,276,5686,99,4473,177,1213,0,0,276,5685,0,1,276,5686,California
Kern,2021-01-01,18,5704,9,4482,9,1222,0,0,18,5703,0,1,18,5704,California
Kern,2021-01-02,79,5783,18,4500,61,1283,0,0,79,5782,0,1,79,5783,California
Kern,2021-01-03,23,5806,4,4504,19,1302,0,0,23,5805,0,1,23,5806,California
Kern,2021-01-04,555,6361,361,4865,194,1496,0,0,555,6360,0,1,555,6361,California
Kern,2021-01-05,1134,7495,740,5605,394,1890,0,0,1122,7470,12,13,1122,7483,California
Kern,2021-01-06,1166,8661,450,6055,716,2606,0,0,1136,8576,30,43,1136,8619,California
Kern,2021-01-07,1414,10075,491,6546,923,3529,0,0,1244,9651,169,212,1244,9863,California
Kern,2021-01-08,1630,11705,771,7317,859,4388,0,0,1329,10679,302,514,1330,11193,California
Kern,2021-01-09,229,11934,79,7396,150,4538,0,0,193,10836,36,550,193,11386,California
Kern,2021-01-10,195,12129,149,7545,46,4584,0,0,154,10949,41,591,154,11540,California
Kern,2021-01-11,1562,13691,989,8534,573,5157,0,0,1003,11393,559,1150,1003,12543,California
Kern,2021-01-12,1878,15569,817,9351,1061,6218,0,0,1361,12237,517,1667,1361,13904,California
Kern,2021-01-13,1861,17430,877,10228,984,7202,0,0,1437,13250,424,2091,1437,15341,California
Kern,2021-01-14,2201,19631,652,10880,1549,8751,0,0,2155,15359,46,2137,2155,17496,California
Kern,2021-01-15,2727,22358,861,11741,1866,10617,0,0,2630,17895,95,2232,2631,20127,California
Kern,2021-01-16,675,23033,213,11954,462,11079,0,0,640,18500,35,2267,640,20767,California
Kern,2021-01-17,74,23107,7,11961,67,11146,0,0,72,18570,2,2269,72,20839,California
Kern,2021-01-18,1646,24753,657,12618,989,12135,0,0,1480,19884,166,2435,1480,22319,California
Kern,2021-01-19,1869,26622,1034,13652,835,12970,0,0,1401,20818,468,2903,1402,23721,California
Kern,2021-01-20,2629,29251,1685,15337,944,13914,0,0,1923,22042,701,3604,1925,25646,California
Kern,2021-01-21,2138,31389,874,16211,1264,15178,0,0,1941,23787,196,3800,1941,27587,California
Kern,2021-01-22,2732,34121,1310,17521,1422,16600,0,0,2451,25958,280,4080,2451,30038,California
Kern,2021-01-23,1252,35373,544,18065,708,17308,0,0,1205,27116,47,4127,1205,31243,California
Kern,2021-01-24,155,35528,12,18077,143,17451,0,0,149,27259,6,4133,149,31392,California
Kern,2021-01-25,2385,37913,1083,19160,1302,18753,0,0,1900,28676,484,4617,1901,33293,California
Kern,2021-01-26,2790,40703,1131,20291,1659,20412,0,0,1928,29743,861,5478,1928,35221,California
Kern,2021-01-27,3560,44263,1898,22189,1662,22074,0,0,2860,31906,697,6175,2860,38081,California
Kern,2021-01-28,2895,47158,1360,23549,1535,23609,0,0,2462,33943,428,6603,2465,40546,California
Kern,2021-01-29,3802,50960,1804,25353,1998,25607,0,0,3251,36646,548,7151,3251,43797,California
Kern,2021-01-30,1335,52295,500,25853,835,26442,0,0,1283,37879,50,7201,1283,45080,California
Kern,2021-01-31,403,52698,276,26129,127,26569,0,0,268,38012,135,7336,268,45348,California
Kern,2021-02-01,2590,55288,978,27107,1612,28181,0,0,1875,39176,712,8048,1876,47224,California
Kern,2021-02-02,2766,58054,803,27910,1963,30144,0,0,2059,40529,707,8755,2060,49284,California
Kern,2021-02-03,3693,61747,1557,29467,2136,32280,0,0,2716,42275,970,9725,2716,52000,California
Kern,2021-02-04,3818,65565,1454,30921,2364,34644,0,0,2593,43653,1215,10940,2593,54593,California
Kern,2021-02-05,4869,70434,1989,32910,2880,37524,0,0,3103,45009,1747,12687,3103,57696,California
Kern,2021-02-06,1742,72176,771,33681,971,38495,0,0,1513,46296,226,12913,1513,59209,California
Kern,2021-02-07,283,72459,150,33831,133,38628,0,0,265,46545,16,12929,265,59474,California
Kern,2021-02-08,2568,75027,789,34620,1779,40407,0,0,1258,46512,1292,14221,1259,60733,California
Kern,2021-02-09,3039,78066,979,35599,2060,42467,0,0,1462,46406,1568,15789,1462,62195,California
Kern,2021-02-10,3824,81890,1672,37271,2152,44619,0,0,1894,46387,1914,17703,1895,64090,California
Kern,2021-02-11,4294,86184,1542,38813,2752,47371,0,0,2234,46576,2047,19750,2236,66326,California
Kern,2021-02-12,5000,91184,1909,40722,3091,50462,0,0,2487,46564,2499,22249,2487,68813,California
Kern,2021-02-13,2019,93203,736,41458,1283,51745,0,0,1162,46871,855,23104,1162,69975,California
Kern,2021-02-14,353,93556,12,41470,341,52086,0,0,271,47061,81,23185,271,70246,California
Kern,2021-02-15,2761,96317,904,42374,1857,53943,0,0,1221,46750,1532,24717,1221,71467,California
Kern,2021-02-16,2959,99276,721,43095,2238,56181,0,0,1655,47111,1295,26012,1656,73123,California
Kern,2021-02-17,4091,103367,2089,45184,2002,58183,0,0,1929,46885,2156,28168,1930,75053,California
Kern,2021-02-18,3784,107151,1501,46685,2283,60466,0,0,1625,46362,2148,30316,1625,76678,California
Kern,2021-02-19,4207,111358,1922,48607,2285,62751,0,0,1740,45642,2460,32776,1740,78418,California
Kern,2021-02-20,2606,113964,972,49579,1634,64385,0,0,1361,45762,1241,34017,1361,79779,California
Kern,2021-02-21,272,114236,166,49745,106,64491,0,0,91,45675,179,34196,92,79871,California
Kern,2021-02-22,2677,116913,1156,50901,1521,66012,0,0,1437,45878,1234,35430,1437,81308,California
Kern,2021-02-23,3586,120499,1133,52034,2453,68465,0,0,1989,46273,1595,37025,1990,83298,California
Kern,2021-02-24,5217,125716,2292,54326,2925,71390,0,0,3106,47273,2106,39131,3106,86404,California
Kern,2021-02-25,5390,131106,2459,56785,2931,74321,0,0,3197,48296,2174,41305,3197,89601,California
Kern,2021-02-26,6938,138044,3542,60327,3396,77717,0,0,4370,50106,2562,43867,4372,93973,California
Kern,2021-02-27,3958,142002,1983,62310,1975,79692,0,0,2614,51385,1335,45202,2614,96587,California
Kern,2021-02-28,918,142920,503,62813,414,80106,1,1,696,51862,220,45422,697,97284,California
Kern,2021-03-01,4023,146943,1827,64640,2192,82298,4,5,2703,53259,1310,46732,2707,99991,California
Kern,2021-03-02,4496,151439,1417,66057,3075,85373,4,9,2961,54697,1524,48256,2962,102953,California
Kern,2021-03-03,6005,157444,2847,68904,3156,88529,2,11,3889,56486,2101,50357,3890,106843,California
Kern,2021-03-04,5704,163148,2282,71186,3417,91946,5,16,3699,58199,1989,52346,3702,110545,California
Kern,2021-03-05,6663,169811,2880,74066,3764,95710,19,35,4204,59973,2449,54795,4223,114768,California
Kern,2021-03-06,4761,174572,1931,75997,2722,98432,108,143,3481,62289,1273,56068,3589,118357,California
Kern,2021-03-07,2062,176634,1592,77589,413,98845,57,200,1861,64008,199,56267,1918,120275,California
Kern,2021-03-08,2911,179545,925,78514,1763,100608,223,423,1528,64377,1380,57647,1749,122024,California
Kern,2021-03-09,3749,183294,815,79329,2544,103152,390,813,2341,65704,1399,59046,2726,124750,California
Kern,2021-03-10,6168,189462,2571,81900,2520,105672,1077,1890,3608,67843,2544,61590,4683,129433,California
Kern,2021-03-11,6347,195809,2445,84345,2873,108545,1029,2919,3777,70084,2560,64150,4801,134234,California
Kern,2021-03-12,7863,203672,3083,87428,3425,111970,1355,4274,4326,72229,3524,67674,5669,139903,California
Kern,2021-03-13,4684,208356,2535,89963,1811,113781,338,4612,3256,74396,1421,69095,3588,143491,California
Kern,2021-03-14,2313,210669,1535,91498,535,114316,243,4855,1789,75901,524,69619,2029,145520,California
Kern,2021-03-15,4282,214951,1109,92607,2461,116777,712,5567,2201,76739,2068,71687,2906,148426,California
Kern,2021-03-16,4449,219400,1020,93627,2893,119670,536,6103,2424,77681,2012,73699,2954,151380,California
Kern,2021-03-17,7475,226875,4090,97717,2834,122504,551,6654,4496,79760,2967,76666,5046,156426,California
Kern,2021-03-18,7323,234198,3716,101433,3018,125522,589,7243,4443,81929,2859,79525,5028,161454,California
Kern,2021-03-19,9030,243228,5015,106448,3355,128877,660,7903,4736,83044,4275,83800,5390,166844,California
Kern,2021-03-20,6196,249424,3834,110282,2188,131065,174,8077,3923,84882,2260,86060,4098,170942,California
Kern,2021-03-21,3058,252482,1935,112217,239,131304,884,8961,1851,86416,1200,87260,2734,173676,California
Kern,2021-03-22,3997,256479,1570,113787,2069,133373,358,9319,1939,86672,2041,89301,2297,175973,California
Kern,2021-03-23,4756,261235,1680,115467,2875,136248,201,9520,2489,87120,2238,91539,2686,178659,California
Kern,2021-03-24,7196,268431,3681,119148,3038,139286,477,9997,3657,87730,3521,95060,4131,182790,California
Kern,2021-03-25,6800,275231,3011,122159,3456,142742,333,10330,3225,87728,3557,98617,3555,186345,California
Kern,2021-03-26,9889,285120,4424,126583,4207,146949,1258,11588,4728,88573,5140,103757,5985,192330,California
Kern,2021-03-27,5719,290839,3998,130581,1592,148541,129,11717,3452,89888,2265,106022,3580,195910,California
Kern,2021-03-28,4691,295530,4199,134780,478,149019,14,11731,2957,91127,1732,107754,2971,198881,California
Kern,2021-03-29,4265,299795,1683,136463,2304,151323,278,12009,2614,92378,1638,109392,2889,201770,California
Kern,2021-03-30,5612,305407,1878,138341,3347,154670,387,12396,3069,93291,2539,111931,3452,205222,California
Kern,2021-03-31,8433,313840,4556,142897,3229,157899,648,13044,4317,94157,4098,116029,4964,210186,California
Kern,2021-04-01,7924,321764,3884,146781,3738,161637,302,13346,4234,95028,3661,119690,4532,214718,California
Kern,2021-04-02,8466,330230,4461,151242,3395,165032,610,13956,4222,95626,4225,123915,4823,219541,California
Kern,2021-04-03,6005,336235,3673,154915,2148,167180,184,14140,2659,95129,3337,127252,2840,222381,California
Kern,2021-04-04,1341,337576,874,155789,382,167562,85,14225,477,94828,861,128113,560,222941,California
Kern,2021-04-05,5376,342952,2221,158010,2381,169943,774,14999,2900,96009,2464,130577,3645,226586,California
Kern,2021-04-06,7145,350097,2481,160491,3284,173227,1380,16379,3566,97399,3553,134130,4943,231529,California
Kern,2021-04-07,9396,359493,5481,165972,2950,176177,965,17344,4575,98136,4801,138931,5538,237067,California
Kern,2021-04-08,8680,368173,4809,170781,2957,179134,914,18258,3727,97839,4926,143857,4629,241696,California
Kern,2021-04-09,10295,378468,5152,175933,4149,183283,994,19252,4366,97295,5901,149758,5357,247053,California
Kern,2021-04-10,6605,385073,3467,179400,1889,185172,1249,20501,2142,96228,4452,154210,3385,250438,California
Kern,2021-04-11,3934,389007,2921,182321,369,185541,644,21145,1275,95496,2644,156854,1912,252350,California
Kern,2021-04-12,4426,393433,995,183316,2456,187997,975,22120,1588,95243,2814,159668,2561,254911,California
Kern,2021-04-13,4323,397756,1425,184741,2872,190869,26,22146,2130,95221,2177,161845,2155,257066,California
Kern,2021-04-14,6118,403874,3011,187752,3085,193954,22,22168,3016,95175,3083,164928,3037,260103,California
Kern,2021-04-15,5324,409198,2500,190252,2821,196775,3,22171,2522,94915,2785,167713,2525,262628,California
Kern,2021-04-16,7326,416524,3475,193727,3850,200625,1,22172,3000,93622,4297,172010,3004,265632,California
Kern,2021-04-17,6008,422532,3941,197668,2067,202692,0,22172,2150,91934,3840,175850,2152,267784,California
Kern,2021-04-18,3899,426431,3655,201323,244,202936,0,22172,969,89982,2921,178771,969,268753,California
Kern,2021-04-19,3864,430295,1743,203066,2119,205055,2,22174,1444,89028,2398,181169,1444,270197,California
Kern,2021-04-20,4485,434780,1671,204737,2812,207867,2,22176,1720,88006,2743,183912,1721,271918,California
Kern,2021-04-21,6025,440805,3267,208004,2753,210620,5,22181,2211,86431,3789,187701,2214,274132,California
Kern,2021-04-22,4888,445693,2391,210395,2497,213117,0,22181,1744,85056,3120,190821,1745,275877,California
Kern,2021-04-23,6223,451916,3089,213484,3133,216250,1,22182,1952,82781,4230,195051,1955,277832,California
Kern,2021-04-24,4025,455941,2808,216292,1206,217456,11,22193,1450,81688,2555,197606,1462,279294,California
Kern,2021-04-25,1404,457345,1116,217408,288,217744,0,22193,827,81944,571,198177,827,280121,California
Kern,2021-04-26,3907,461252,1867,219275,1989,219733,51,22244,1082,80263,2816,200993,1135,281256,California
Kern,2021-04-27,4839,466091,2367,221642,2364,222097,108,22352,1494,78532,3330,204323,1599,282855,California
Kern,2021-04-28,6424,472515,3827,225469,2473,224570,124,22476,1874,75997,4530,208853,1995,284850,California
Kern,2021-04-29,5627,478142,3164,228633,2364,226934,99,22575,1690,73872,3915,212768,1790,286640,California
Kern,2021-04-30,5710,483852,3231,231864,2320,229254,159,22734,1682,71700,4012,216780,1840,288480,California
Kern,2021-05-01,2724,486576,1930,233794,735,229989,59,22793,1087,71219,1626,218406,1145,289625,California
Kern,2021-05-02,1897,488473,1607,235401,268,230257,22,22815,696,70743,1194,219600,718,290343,California
Kern,2021-05-03,2554,491027,1033,236434,1387,231644,134,22949,787,69913,1752,221352,922,291265,California
Kern,2021-05-04,3726,494753,1356,237790,2261,233905,109,23058,1315,68940,2395,223747,1422,292687,California
Kern,2021-05-05,4230,498983,2202,239992,1876,235781,152,23210,1406,67689,2807,226554,1556,294243,California
Kern,2021-05-06,3650,502633,1683,241675,1821,237602,146,23356,1144,66496,2479,229033,1286,295529,California
Kern,2021-05-07,4646,507279,2332,244007,2138,239740,176,23532,1309,64676,3304,232337,1484,297013,California
Kern,2021-05-08,2944,510223,1852,245859,976,240716,116,23648,915,63691,2014,234351,1029,298042,California
Kern,2021-05-09,1354,511577,1179,247038,145,240861,30,23678,442,63260,903,235254,472,298514,California
Kern,2021-05-10,2299,513876,914,247952,1282,242143,103,23781,683,62447,1597,236851,784,299298,California
Kern,2021-05-11,2730,516606,985,248937,1619,243762,126,23907,988,61832,1730,238581,1115,300413,California
Kern,2021-05-12,3652,520258,1478,250415,2023,245785,151,24058,1144,60633,2492,241073,1293,301706,California
Kern,2021-05-13,3531,523789,1865,252280,1512,247297,154,24212,1640,60546,1877,242950,1790,303496,California
Kern,2021-05-14,4334,528123,2571,254851,1540,248837,223,24435,1989,60432,2325,245275,2211,305707,California
Kern,2021-05-15,2943,531066,1919,256770,936,249773,88,24523,1565,60722,1362,246637,1652,307359,California
Kern,2021-05-16,1617,532683,1387,258157,190,249963,40,24563,938,61027,673,247310,978,308337,California
Kern,2021-05-17,2333,535016,1008,259165,1178,251141,147,24710,1177,61207,1143,248453,1323,309660,California
Kern,2021-05-18,3219,538235,1502,260667,1584,252725,133,24843,1621,61378,1580,250033,1751,311411,California
Kern,2021-05-19,3836,542071,2393,263060,1314,254039,129,24972,1784,61249,2039,252072,1910,313321,California
Kern,2021-05-20,3116,545187,1696,264756,1277,255316,143,25115,1400,61095,1695,253767,1541,314862,California
Kern,2021-05-21,3648,548835,2209,266965,1304,256620,135,25250,1812,61231,1811,255578,1947,316809,California
Kern,2021-05-22,2956,551791,2302,269267,605,257225,49,25299,1397,61127,1547,257125,1443,318252,California
Kern,2021-05-23,1291,553082,1096,270363,169,257394,26,25325,671,61211,612,257737,696,318948,California
Kern,2021-05-24,1894,554976,821,271184,959,258353,114,25439,893,61222,995,258732,1006,319954,California
Kern,2021-05-25,2406,557382,1115,272299,1202,259555,89,25528,1110,61138,1282,260014,1198,321152,California
Kern,2021-05-26,2792,560174,1615,273914,1074,260629,103,25631,1194,60851,1582,261596,1295,322447,California
Kern,2021-05-27,2408,562582,1236,275150,1069,261698,103,25734,1257,61081,1129,262725,1359,323806,California
Kern,2021-05-28,2732,565314,1388,276538,1233,262931,111,25845,1263,60998,1455,264180,1372,325178,California
Kern,2021-05-29,1906,567220,1264,277802,594,263525,48,25893,930,61014,962,265142,978,326156,California
Kern,2021-05-30,862,568082,705,278507,138,263663,19,25912,433,61043,422,265564,451,326607,California
Kern,2021-05-31,132,568214,41,278548,80,263743,11,25923,46,61016,83,265647,56,326663,California
Kern,2021-06-01,2288,570502,950,279498,1267,265010,71,25994,967,60748,1305,266952,1037,327700,California
Kern,2021-06-02,2250,572752,1303,280801,841,265851,106,26100,941,60497,1298,268250,1047,328747,California
Kern,2021-06-03,2376,575128,1339,282140,882,266733,155,26255,859,60004,1506,269756,1013,329760,California
Kern,2021-06-04,2954,578082,1915,284055,929,267662,110,26365,860,58897,2076,271832,969,330729,California
Kern,2021-06-05,2527,580609,2041,286096,452,268114,34,26399,786,57986,1731,273563,820,331549,California
Kern,2021-06-06,1225,581834,1120,287216,82,268196,23,26422,400,57589,820,274383,423,331972,California
Kern,2021-06-07,1801,583635,1120,288336,586,268782,95,26517,673,57240,1115,275498,766,332738,California
Kern,2021-06-08,2123,585758,1235,289571,816,269598,72,26589,649,56505,1455,276953,720,333458,California
Kern,2021-06-09,2628,588386,1845,291416,694,270292,89,26678,824,55627,1790,278743,912,334370,California
Kern,2021-06-10,2233,590619,1382,292798,752,271044,99,26777,783,55068,1439,280182,880,335250,California
Kern,2021-06-11,2828,593447,1906,294704,831,271875,91,26868,1048,54440,1768,281950,1140,336390,California
Kern,2021-06-12,1791,595238,1332,296036,409,272284,50,26918,534,53772,1252,283202,584,336974,California
Kern,2021-06-13,918,596156,801,296837,110,272394,7,26925,264,53393,651,283853,272,337246,California
Kern,2021-06-14,1858,598014,1132,297969,629,273023,97,27022,640,52921,1207,285060,735,337981,California
Kern,2021-06-15,2113,600127,1180,299149,855,273878,78,27100,819,52532,1286,286346,897,338878,California
Kern,2021-06-16,2074,602201,1369,300518,628,274506,77,27177,822,52194,1236,287582,898,339776,California
Kern,2021-06-17,1864,604065,1161,301679,589,275095,114,27291,902,52258,953,288535,1017,340793,California
Kern,2021-06-18,2187,606252,1376,303055,693,275788,118,27409,918,52042,1251,289786,1035,341828,California
Kern,2021-06-19,1229,607481,881,303936,316,276104,32,27441,521,51897,698,290484,553,342381,California
Kern,2021-06-20,711,608192,589,304525,103,276207,19,27460,267,51739,444,290928,286,342667,California
Kern,2021-06-21,1241,609433,665,305190,499,276706,77,27537,671,51923,562,291490,746,343413,California
Kern,2021-06-22,1654,611087,881,306071,698,277404,75,27612,674,51703,969,292459,749,344162,California
Kern,2021-06-23,1701,612788,1082,307153,542,277946,77,27689,745,51586,937,293396,820,344982,California
Kern,2021-06-24,1569,614357,963,308116,517,278463,89,27778,663,51438,899,294295,751,345733,California
Kern,2021-06-25,1719,616076,1078,309194,569,279032,72,27850,810,51421,897,295192,880,346613,California
Kern,2021-06-26,976,617052,790,309984,170,279202,16,27866,397,51256,577,295769,412,347025,California
Kings,2020-12-16,1,1,1,1,0,0,0,0,1,1,0,0,1,1,California
Kings,2020-12-17,8,9,8,9,0,0,0,0,8,9,0,0,8,9,California
Kings,2020-12-18,12,21,12,21,0,0,0,0,12,21,0,0,12,21,California
Kings,2020-12-19,12,33,12,33,0,0,0,0,12,33,0,0,12,33,California
Kings,2020-12-20,13,46,13,46,0,0,0,0,13,46,0,0,13,46,California
Kings,2020-12-21,156,202,156,202,0,0,0,0,268,314,0,0,268,314,California
Kings,2020-12-22,141,343,141,343,0,0,0,0,138,452,0,0,138,452,California
Kings,2020-12-23,136,479,123,466,13,13,0,0,137,589,0,0,137,589,California
Kings,2020-12-24,11,490,9,475,2,15,0,0,11,600,0,0,11,600,California
Kings,2020-12-26,7,497,4,479,3,18,0,0,7,607,0,0,7,607,California
Kings,2020-12-27,4,501,4,483,0,18,0,0,4,611,0,0,4,611,California
Kings,2020-12-28,131,632,103,586,28,46,0,0,132,743,0,0,132,743,California
Kings,2020-12-29,84,716,56,642,28,74,0,0,85,828,0,0,85,828,California
Kings,2020-12-30,150,866,109,751,41,115,0,0,150,978,0,0,150,978,California
Kings,2020-12-31,45,911,6,757,39,154,0,0,45,1023,0,0,45,1023,California
Kings,2021-01-01,1,912,0,757,1,155,0,0,1,1024,0,0,1,1024,California
Kings,2021-01-02,12,924,10,767,2,157,0,0,12,1036,0,0,12,1036,California
Kings,2021-01-04,111,1035,41,808,70,227,0,0,111,1147,0,0,111,1147,California
Kings,2021-01-05,195,1230,39,847,156,383,0,0,195,1342,0,0,195,1342,California
Kings,2021-01-06,278,1508,179,1026,99,482,0,0,275,1614,3,3,275,1617,California
Kings,2021-01-07,182,1690,83,1109,99,581,0,0,174,1780,8,11,174,1791,California
Kings,2021-01-08,249,1939,54,1163,195,776,0,0,229,1989,20,31,229,2020,California
Kings,2021-01-09,63,2002,9,1172,54,830,0,0,55,2036,8,39,55,2075,California
Kings,2021-01-10,15,2017,3,1175,12,842,0,0,12,2045,3,42,12,2087,California
Kings,2021-01-11,517,2534,353,1528,164,1006,0,0,276,2081,241,283,277,2364,California
Kings,2021-01-12,347,2881,251,1779,96,1102,0,0,214,2165,130,413,214,2578,California
Kings,2021-01-13,421,3302,274,2053,147,1249,0,0,330,2404,91,504,330,2908,California
Kings,2021-01-14,210,3512,30,2083,180,1429,0,0,200,2584,21,525,201,3109,California
Kings,2021-01-15,417,3929,30,2113,387,1816,0,0,405,2977,12,537,405,3514,California
Kings,2021-01-16,28,3957,9,2122,19,1835,0,0,27,3003,1,538,27,3541,California
Kings,2021-01-17,12,3969,9,2131,3,1838,0,0,10,3011,2,540,10,3551,California
Kings,2021-01-18,173,4142,41,2172,132,1970,0,0,147,3132,26,566,147,3698,California
Kings,2021-01-19,382,4524,162,2334,220,2190,0,0,252,3254,130,696,252,3950,California
Kings,2021-01-20,238,4762,146,2480,92,2282,0,0,128,3277,105,801,128,4078,California
Kings,2021-01-21,213,4975,57,2537,156,2438,0,0,196,3454,19,820,196,4274,California
Kings,2021-01-22,105,5080,17,2554,88,2526,0,0,104,3553,5,825,104,4378,California
Kings,2021-01-23,26,5106,14,2568,12,2538,0,0,19,3565,7,832,19,4397,California
Kings,2021-01-24,4,5110,4,2572,0,2538,0,0,2,3565,2,834,2,4399,California
Kings,2021-01-25,150,5260,50,2622,100,2638,0,0,92,3599,58,892,92,4491,California
Kings,2021-01-26,156,5416,35,2657,121,2759,0,0,114,3671,42,934,114,4605,California
Kings,2021-01-27,329,5745,36,2693,293,3052,0,0,252,3847,76,1010,252,4857,California
Kings,2021-01-28,332,6077,46,2739,286,3338,0,0,276,4067,56,1066,276,5133,California
Kings,2021-01-29,111,6188,27,2766,84,3422,0,0,94,4144,17,1083,94,5227,California
Kings,2021-01-30,1568,7756,31,2797,1537,4959,0,0,1565,5708,3,1086,1567,6794,California
Kings,2021-01-31,1,7757,1,2798,0,4959,0,0,1,5709,0,1086,1,6795,California
Kings,2021-02-01,223,7980,69,2867,154,5113,0,0,92,5672,129,1215,92,6887,California
Kings,2021-02-02,247,8227,16,2883,231,5344,0,0,95,5616,151,1366,95,6982,California
Kings,2021-02-03,403,8630,194,3077,209,5553,0,0,244,5702,158,1524,244,7226,California
Kings,2021-02-04,436,9066,102,3179,334,5887,0,0,228,5723,207,1731,228,7454,California
Kings,2021-02-05,337,9403,57,3236,280,6167,0,0,177,5743,157,1888,177,7631,California
Kings,2021-02-06,61,9464,10,3246,51,6218,0,0,28,5738,33,1921,28,7659,California
Kings,2021-02-07,6,9470,4,3250,2,6220,0,0,3,5738,3,1924,3,7662,California
Kings,2021-02-08,175,9645,29,3279,146,6366,0,0,68,5699,107,2031,68,7730,California
Kings,2021-02-09,256,9901,59,3338,197,6563,0,0,112,5669,142,2173,112,7842,California
Kings,2021-02-10,374,10275,113,3451,261,6824,0,0,256,5807,118,2291,256,8098,California
Kings,2021-02-11,480,10755,66,3517,414,7238,0,0,359,6046,120,2411,359,8457,California
Kings,2021-02-12,627,11382,36,3553,591,7829,0,0,350,6120,276,2687,350,8807,California
Kings,2021-02-13,231,11613,7,3560,224,8053,0,0,204,6297,27,2714,204,9011,California
Kings,2021-02-14,103,11716,4,3564,99,8152,0,0,95,6384,8,2722,95,9106,California
Kings,2021-02-15,248,11964,5,3569,243,8395,0,0,138,6413,109,2831,138,9244,California
Kings,2021-02-16,589,12553,33,3602,556,8951,0,0,350,6526,238,3069,351,9595,California
Kings,2021-02-17,439,12992,24,3626,415,9366,0,0,300,6689,139,3208,302,9897,California
Kings,2021-02-18,344,13336,22,3648,322,9688,0,0,212,6770,131,3339,212,10109,California
Kings,2021-02-19,210,13546,24,3672,186,9874,0,0,129,6821,78,3417,129,10238,California
Kings,2021-02-20,171,13717,40,3712,131,10005,0,0,134,6918,37,3454,134,10372,California
Kings,2021-02-21,3,13720,2,3714,1,10006,0,0,3,6921,0,3454,3,10375,California
Kings,2021-02-22,122,13842,20,3734,102,10108,0,0,57,6913,65,3519,57,10432,California
Kings,2021-02-23,435,14277,70,3804,365,10473,0,0,315,7108,120,3639,315,10747,California
Kings,2021-02-24,738,15015,156,3960,582,11055,0,0,523,7416,215,3854,523,11270,California
Kings,2021-02-25,818,15833,132,4092,686,11741,0,0,592,7784,224,4078,592,11862,California
Kings,2021-02-26,851,16684,136,4228,715,12456,0,0,774,8481,77,4155,774,12636,California
Kings,2021-02-27,1519,18203,65,4293,1454,13910,0,0,582,8127,936,5091,582,13218,California
Kings,2021-02-28,1207,19410,598,4891,609,14519,0,0,675,8274,529,5620,676,13894,California
Kings,2021-03-01,294,19704,90,4981,204,14723,0,0,223,8426,71,5691,223,14117,California
Kings,2021-03-02,590,20294,258,5239,332,15055,0,0,516,8870,74,5765,518,14635,California
Kings,2021-03-03,754,21048,326,5565,428,15483,0,0,530,9178,222,5987,530,15165,California
Kings,2021-03-04,833,21881,356,5921,477,15960,0,0,704,9754,129,6116,705,15870,California
Kings,2021-03-05,1190,23071,369,6290,812,16772,9,9,1039,10654,151,6267,1051,16921,California
Kings,2021-03-06,518,23589,187,6477,318,17090,13,22,488,11125,30,6297,501,17422,California
Kings,2021-03-07,364,23953,223,6700,137,17227,4,26,355,11475,9,6306,359,17781,California
Kings,2021-03-08,382,24335,98,6798,231,17458,53,79,265,11675,117,6423,317,18098,California
Kings,2021-03-09,685,25020,387,7185,243,17701,55,134,577,12201,107,6530,633,18731,California
Kings,2021-03-10,741,25761,233,7418,403,18104,105,239,535,12636,204,6734,639,19370,California
Kings,2021-03-11,1200,26961,430,7848,654,18758,116,355,753,13061,445,7179,870,20240,California
Kings,2021-03-12,1511,28472,447,8295,970,19728,94,449,982,13612,527,7706,1078,21318,California
Kings,2021-03-13,682,29154,334,8629,306,20034,42,491,558,14090,124,7830,602,21920,California
Kings,2021-03-14,674,29828,101,8730,184,20218,389,880,200,14205,474,8304,589,22509,California
Kings,2021-03-15,712,30540,266,8996,327,20545,119,999,469,14554,242,8546,591,23100,California
Kings,2021-03-16,1165,31705,478,9474,624,21169,63,1062,750,14952,415,8961,813,23913,California
Kings,2021-03-17,1109,32814,419,9893,628,21797,62,1124,780,15473,329,9290,850,24763,California
Kings,2021-03-18,1129,33943,474,10367,432,22229,223,1347,748,16067,379,9669,973,25736,California
Kings,2021-03-19,972,34915,468,10835,417,22646,87,1434,725,16648,246,9915,827,26563,California
Kings,2021-03-20,641,35556,256,11091,354,23000,31,1465,464,16977,174,10089,503,27066,California
Kings,2021-03-21,1422,36978,1090,12181,320,23320,12,1477,863,17293,559,10648,875,27941,California
Kings,2021-03-22,452,37430,201,12382,165,23485,86,1563,268,17468,183,10831,358,28299,California
Kings,2021-03-23,1045,38475,506,12888,475,23960,64,1627,550,17592,493,11324,617,28916,California
Kings,2021-03-24,1090,39565,486,13374,581,24541,23,1650,498,17525,590,11914,523,29439,California
Kings,2021-03-25,1050,40615,472,13846,551,25092,27,1677,445,17393,603,12517,471,29910,California
Kings,2021-03-26,1404,42019,380,14226,937,26029,87,1764,514,17108,885,13402,600,30510,California
Kings,2021-03-27,643,42662,259,14485,372,26401,12,1776,155,16789,486,13888,167,30677,California
Kings,2021-03-28,673,43335,602,15087,64,26465,7,1783,403,16942,270,14158,423,31100,California
Kings,2021-03-29,470,43805,212,15299,197,26662,61,1844,257,17048,211,14369,317,31417,California
Kings,2021-03-30,868,44673,475,15774,354,27016,39,1883,429,17077,438,14807,467,31884,California
Kings,2021-03-31,824,45497,415,16189,336,27352,73,1956,418,17170,398,15205,491,32375,California
Kings,2021-04-01,914,46411,489,16678,335,27687,90,2046,355,17063,552,15757,445,32820,California
Kings,2021-04-02,1116,47527,455,17133,535,28222,126,2172,394,16866,716,16473,519,33339,California
Kings,2021-04-03,495,48022,348,17481,138,28360,9,2181,170,16727,319,16792,180,33519,California
Kings,2021-04-04,156,48178,82,17563,68,28428,6,2187,42,16662,113,16905,48,33567,California
Kings,2021-04-05,1062,49240,327,17890,480,28908,255,2442,239,16333,822,17727,493,34060,California
Kings,2021-04-06,1258,50498,493,18383,452,29360,313,2755,285,15960,970,18697,597,34657,California
Kings,2021-04-07,1372,51870,655,19038,531,29891,186,2941,337,15451,1032,19729,523,35180,California
Kings,2021-04-08,1629,53499,636,19674,740,30631,253,3194,374,14830,1248,20977,627,35807,California
Kings,2021-04-09,1189,54688,545,20219,464,31095,180,3374,235,14290,952,21929,412,36219,California
Kings,2021-04-10,596,55284,333,20552,161,31256,102,3476,175,14147,419,22348,276,36495,California
Kings,2021-04-11,355,55639,76,20628,272,31528,7,3483,196,14193,157,22505,203,36698,California
Kings,2021-04-12,709,56348,314,20942,192,31720,203,3686,193,14075,514,23019,396,37094,California
Kings,2021-04-13,917,57265,527,21469,390,32110,0,3686,293,13751,622,23641,298,37392,California
Kings,2021-04-14,1050,58315,579,22048,471,32581,0,3686,379,13460,671,24312,380,37772,California
Kings,2021-04-15,1063,59378,524,22572,538,33119,1,3687,453,13307,607,24919,454,38226,California
Kings,2021-04-16,797,60175,365,22937,432,33551,0,3687,263,13039,532,25451,264,38490,California
Kings,2021-04-17,460,60635,245,23182,215,33766,0,3687,188,12956,271,25722,188,38678,California
Kings,2021-04-18,572,61207,246,23428,326,34092,0,3687,45,12474,527,26249,45,38723,California
Kings,2021-04-19,608,61815,366,23794,242,34334,0,3687,295,12459,310,26559,295,39018,California
Kings,2021-04-20,753,62568,461,24255,292,34626,0,3687,240,12187,512,27071,240,39258,California
Kings,2021-04-21,689,63257,351,24606,338,34964,0,3687,241,11988,440,27511,241,39499,California
Kings,2021-04-22,572,63829,291,24897,281,35245,0,3687,209,11838,360,27871,210,39709,California
Kings,2021-04-23,678,64507,299,25196,379,35624,0,3687,330,11824,344,28215,330,40039,California
Kings,2021-04-24,247,64754,179,25375,67,35691,1,3688,119,11817,127,28342,120,40159,California
Kings,2021-04-25,203,64957,183,25558,20,35711,0,3688,166,11946,37,28379,166,40325,California
Kings,2021-04-26,325,65282,176,25734,146,35857,3,3691,201,12027,123,28502,204,40529,California
Kings,2021-04-27,432,65714,195,25929,218,36075,19,3710,184,11984,246,28748,203,40732,California
Kings,2021-04-28,523,66237,263,26192,240,36315,20,3730,270,12021,253,29001,290,41022,California
Kings,2021-04-29,302,66539,125,26317,165,36480,12,3742,141,12016,158,29159,153,41175,California
Kings,2021-04-30,371,66910,168,26485,186,36666,17,3759,154,11974,213,29372,171,41346,California
Kings,2021-05-01,227,67137,166,26651,51,36717,10,3769,72,11902,154,29526,82,41428,California
Kings,2021-05-02,169,67306,147,26798,22,36739,0,3769,127,11987,42,29568,127,41555,California
Kings,2021-05-03,473,67779,251,27049,209,36948,13,3782,121,11770,351,29919,134,41689,California
Kings,2021-05-04,527,68306,270,27319,237,37185,20,3802,163,11590,363,30282,183,41872,California
Kings,2021-05-05,565,68871,299,27618,246,37431,20,3822,143,11331,422,30704,163,42035,California
Kings,2021-05-06,569,69440,290,27908,256,37687,23,3845,130,11047,437,31141,153,42188,California
Kings,2021-05-07,369,69809,212,28120,143,37830,14,3859,149,10992,218,31359,163,42351,California
Kings,2021-05-08,244,70053,179,28299,53,37883,12,3871,85,10930,158,31517,96,42447,California
Kings,2021-05-09,191,70244,63,28362,128,38011,0,3871,40,10819,151,31668,40,42487,California
Kings,2021-05-10,347,70591,270,28632,67,38078,10,3881,114,10711,231,31899,123,42610,California
Kings,2021-05-11,384,70975,239,28871,116,38194,29,3910,116,10589,268,32167,146,42756,California
Kings,2021-05-12,401,71376,163,29034,224,38418,14,3924,164,10532,235,32402,178,42934,California
Kings,2021-05-13,410,71786,167,29201,235,38653,8,3932,168,10467,241,32643,176,43110,California
Kings,2021-05-14,463,72249,317,29518,115,38768,31,3963,239,10514,223,32866,270,43380,California
Kings,2021-05-15,350,72599,250,29768,82,38850,18,3981,191,10564,159,33025,209,43589,California
Kings,2021-05-16,247,72846,221,29989,25,38875,1,3982,75,10468,172,33197,76,43665,California
Kings,2021-05-17,407,73253,323,30312,67,38942,17,3999,210,10499,196,33393,227,43892,California
Kings,2021-05-18,400,73653,283,30595,104,39046,13,4012,229,10571,171,33564,243,44135,California
Kings,2021-05-19,573,74226,280,30875,271,39317,22,4034,226,10474,345,33909,248,44383,California
Kings,2021-05-20,449,74675,235,31110,187,39504,27,4061,258,10569,191,34100,286,44669,California
Kings,2021-05-21,517,75192,262,31372,244,39748,11,4072,263,10593,250,34350,274,44943,California
Kings,2021-05-22,307,75499,247,31619,48,39796,12,4084,219,10738,86,34436,231,45174,California
Kings,2021-05-23,232,75731,223,31842,9,39805,0,4084,106,10718,126,34562,106,45280,California
Kings,2021-05-24,260,75991,174,32016,71,39876,15,4099,123,10719,137,34699,138,45418,California
Kings,2021-05-25,406,76397,269,32285,104,39980,33,4132,236,10820,168,34867,269,45687,California
Kings,2021-05-26,303,76700,123,32408,163,40143,17,4149,120,10775,182,35049,137,45824,California
Kings,2021-05-27,327,77027,176,32584,133,40276,18,4167,179,10827,145,35194,197,46021,California
Kings,2021-05-28,287,77314,140,32724,129,40405,18,4185,132,10825,152,35346,150,46171,California
Kings,2021-05-29,173,77487,100,32824,62,40467,11,4196,86,10836,86,35432,97,46268,California
Kings,2021-05-30,130,77617,113,32937,15,40482,2,4198,69,10846,61,35493,71,46339,California
Kings,2021-05-31,42,77659,23,32960,16,40498,3,4201,15,10837,27,35520,18,46357,California
Kings,2021-06-01,318,77977,187,33147,115,40613,16,4217,118,10774,196,35716,133,46490,California
Kings,2021-06-02,276,78253,125,33272,144,40757,7,4224,85,10678,188,35904,92,46582,California
Kings,2021-06-03,224,78477,126,33398,87,40844,11,4235,70,10613,146,36050,81,46663,California
Kings,2021-06-04,429,78906,285,33683,130,40974,14,4249,156,10514,269,36319,170,46833,California
Kings,2021-06-05,255,79161,221,33904,27,41001,7,4256,62,10403,180,36499,69,46902,California
Kings,2021-06-06,162,79323,154,34058,3,41004,5,4261,81,10412,77,36576,86,46988,California
Kings,2021-06-07,291,79614,222,34280,55,41059,14,4275,94,10322,197,36773,107,47095,California
Kings,2021-06-08,311,79925,240,34520,51,41110,20,4295,79,10190,231,37004,99,47194,California
Kings,2021-06-09,396,80321,261,34781,126,41236,9,4304,117,10040,276,37280,126,47320,California
Kings,2021-06-10,336,80657,219,35000,104,41340,13,4317,80,9877,256,37536,93,47413,California
Kings,2021-06-11,372,81029,281,35281,88,41428,3,4320,143,9799,224,37760,146,47559,California
Kings,2021-06-12,269,81298,221,35502,44,41472,4,4324,69,9688,184,37944,73,47632,California
Kings,2021-06-13,128,81426,119,35621,8,41480,1,4325,34,9630,93,38037,35,47667,California
Kings,2021-06-14,239,81665,173,35794,46,41526,20,4345,98,9607,141,38178,118,47785,California
Kings,2021-06-15,255,81920,180,35974,64,41590,11,4356,88,9540,166,38344,99,47884,California
Kings,2021-06-16,253,82173,129,36103,116,41706,8,4364,91,9485,155,38499,100,47984,California
Kings,2021-06-17,208,82381,111,36214,87,41793,10,4374,81,9449,127,38626,91,48075,California
Kings,2021-06-18,252,82633,173,36387,70,41863,9,4383,118,9442,134,38760,127,48202,California
Kings,2021-06-19,101,82734,69,36456,27,41890,5,4388,40,9426,61,38821,45,48247,California
Kings,2021-06-20,83,82817,68,36524,9,41899,6,4394,28,9405,55,38876,34,48281,California
Kings,2021-06-21,181,82998,97,36621,53,41952,31,4425,96,9447,85,38961,127,48408,California
Kings,2021-06-22,199,83197,128,36749,63,42015,8,4433,82,9420,117,39078,90,48498,California
Kings,2021-06-23,199,83396,94,36843,90,42105,15,4448,86,9409,112,39190,101,48599,California
Kings,2021-06-24,145,83541,68,36911,72,42177,5,4453,56,9382,88,39278,61,48660,California
Kings,2021-06-25,302,83843,217,37128,76,42253,9,4462,150,9390,151,39429,159,48819,California
Kings,2021-06-26,54,83897,32,37160,18,42271,4,4466,21,9382,33,39462,25,48844,California
Lake,2020-12-17,4,4,4,4,0,0,0,0,4,4,0,0,4,4,California
Lake,2020-12-18,51,55,51,55,0,0,0,0,51,55,0,0,51,55,California
Lake,2020-12-19,3,58,3,58,0,0,0,0,3,58,0,0,3,58,California
Lake,2020-12-20,6,64,6,64,0,0,0,0,6,64,0,0,6,64,California
Lake,2020-12-21,87,151,87,151,0,0,0,0,87,151,0,0,87,151,California
Lake,2020-12-22,63,214,60,211,3,3,0,0,63,214,0,0,63,214,California
Lake,2020-12-23,124,338,115,326,9,12,0,0,124,338,0,0,124,338,California
Lake,2020-12-24,2,340,0,326,2,14,0,0,2,340,0,0,2,340,California
Lake,2020-12-26,2,342,2,328,0,14,0,0,2,342,0,0,2,342,California
Lake,2020-12-27,2,344,2,330,0,14,0,0,2,344,0,0,2,344,California
Lake,2020-12-28,52,396,43,373,9,23,0,0,52,396,0,0,52,396,California
Lake,2020-12-29,50,446,45,418,5,28,0,0,50,446,0,0,50,446,California
Lake,2020-12-30,129,575,121,539,8,36,0,0,129,575,0,0,129,575,California
Lake,2020-12-31,67,642,64,603,3,39,0,0,67,642,0,0,67,642,California
Lake,2021-01-01,3,645,0,603,3,42,0,0,3,645,0,0,3,645,California
Lake,2021-01-02,2,647,1,604,1,43,0,0,2,647,0,0,2,647,California
Lake,2021-01-04,88,735,21,625,67,110,0,0,88,735,0,0,88,735,California
Lake,2021-01-05,120,855,59,684,61,171,0,0,118,851,2,2,118,853,California
Lake,2021-01-06,103,958,64,748,39,210,0,0,101,950,2,4,101,954,California
Lake,2021-01-07,109,1067,85,833,24,234,0,0,100,1041,9,13,100,1054,California
Lake,2021-01-08,156,1223,127,960,29,263,0,0,104,1093,52,65,104,1158,California
Lake,2021-01-09,63,1286,61,1021,2,265,0,0,59,1148,4,69,59,1217,California
Lake,2021-01-10,3,1289,3,1024,0,265,0,0,0,1145,3,72,0,1217,California
Lake,2021-01-11,189,1478,150,1174,39,304,0,0,109,1174,80,152,109,1326,California
Lake,2021-01-12,81,1559,48,1222,33,337,0,0,57,1207,24,176,57,1383,California
Lake,2021-01-13,169,1728,114,1336,55,392,0,0,110,1258,59,235,110,1493,California
Lake,2021-01-14,151,1879,48,1384,103,495,0,0,129,1365,22,257,129,1622,California
Lake,2021-01-15,221,2100,95,1479,126,621,0,0,193,1530,28,285,193,1815,California
Lake,2021-01-16,136,2236,83,1562,53,674,0,0,134,1662,2,287,134,1949,California
Lake,2021-01-17,18,2254,6,1568,12,686,0,0,12,1668,6,293,12,1961,California
Lake,2021-01-18,245,2499,226,1794,19,705,0,0,125,1673,120,413,125,2086,California
Lake,2021-01-19,317,2816,120,1914,197,902,0,0,271,1899,46,459,272,2358,California
Lake,2021-01-20,426,3242,82,1996,344,1246,0,0,361,2196,64,523,361,2719,California
Lake,2021-01-21,439,3681,49,2045,390,1636,0,0,404,2565,35,558,404,3123,California
Lake,2021-01-22,322,4003,47,2092,275,1911,0,0,285,2813,37,595,285,3408,California
Lake,2021-01-23,127,4130,6,2098,121,2032,0,0,126,2938,1,596,126,3534,California
Lake,2021-01-24,5,4135,2,2100,3,2035,0,0,5,2943,0,596,5,3539,California
Lake,2021-01-25,259,4394,96,2196,163,2198,0,0,177,3038,82,678,177,3716,California
Lake,2021-01-26,434,4828,36,2232,398,2596,0,0,410,3424,24,702,410,4126,California
Lake,2021-01-27,362,5190,40,2272,322,2918,0,0,335,3733,27,729,336,4462,California
Lake,2021-01-28,498,5688,160,2432,338,3256,0,0,369,3973,129,858,369,4831,California
Lake,2021-01-29,653,6341,101,2533,552,3808,0,0,578,4476,75,933,578,5409,California
Lake,2021-01-30,557,6898,43,2576,514,4322,0,0,551,5021,6,939,551,5960,California
Lake,2021-01-31,14,6912,8,2584,6,4328,0,0,12,5031,2,941,12,5972,California
Lake,2021-02-01,180,7092,18,2602,162,4490,0,0,166,5183,14,955,166,6138,California
Lake,2021-02-02,565,7657,153,2755,412,4902,0,0,397,5412,168,1123,397,6535,California
Lake,2021-02-03,445,8102,33,2788,412,5314,0,0,341,5649,104,1227,341,6876,California
Lake,2021-02-04,121,8223,70,2858,51,5365,0,0,71,5670,50,1277,71,6947,California
Lake,2021-02-05,383,8606,73,2931,310,5675,0,0,288,5865,93,1370,288,7235,California
Lake,2021-02-06,278,8884,44,2975,234,5909,0,0,264,6115,14,1384,264,7499,California
Lake,2021-02-07,2,8886,1,2976,1,5910,0,0,2,6117,0,1384,2,7501,California
Lake,2021-02-08,278,9164,206,3182,72,5982,0,0,159,6157,119,1503,159,7660,California
Lake,2021-02-09,346,9510,25,3207,321,6303,0,0,301,6414,44,1547,301,7961,California
Lake,2021-02-10,354,9864,54,3261,300,6603,0,0,273,6606,81,1628,273,8234,California
Lake,2021-02-11,179,10043,18,3279,161,6764,0,0,59,6545,120,1748,59,8293,California
Lake,2021-02-12,377,10420,29,3308,348,7112,0,0,286,6741,90,1838,286,8579,California
Lake,2021-02-13,252,10672,8,3316,244,7356,0,0,239,6967,13,1851,239,8818,California
Lake,2021-02-14,21,10693,5,3321,16,7372,0,0,7,6960,14,1865,7,8825,California
Lake,2021-02-15,172,10865,13,3334,159,7531,0,0,8,6805,163,2028,8,8833,California
Lake,2021-02-16,429,11294,23,3357,406,7937,0,0,178,6732,251,2279,178,9011,California
Lake,2021-02-17,353,11647,56,3413,297,8234,0,0,72,6524,280,2559,72,9083,California
Lake,2021-02-18,461,12108,71,3484,390,8624,0,0,115,6294,345,2904,115,9198,California
Lake,2021-02-19,433,12541,28,3512,405,9029,0,0,94,6049,339,3243,94,9292,California
Lake,2021-02-20,295,12836,61,3573,234,9263,0,0,251,6257,43,3286,251,9543,California
Lake,2021-02-21,6,12842,6,3579,0,9263,0,0,0,6251,6,3292,0,9543,California
Lake,2021-02-22,141,12983,23,3602,118,9381,0,0,42,6194,99,3391,42,9585,California
Lake,2021-02-23,215,13198,15,3617,200,9581,0,0,28,6035,187,3578,28,9613,California
Lake,2021-02-24,1009,14207,429,4046,580,10161,0,0,468,5963,540,4118,468,10081,California
Lake,2021-02-25,761,14968,496,4542,265,10426,0,0,500,6205,258,4376,500,10581,California
Lake,2021-02-26,1019,15987,323,4865,696,11122,0,0,364,5918,651,5027,364,10945,California
Lake,2021-02-27,410,16397,97,4962,313,11435,0,0,327,6163,82,5109,327,11272,California
Lake,2021-02-28,21,16418,12,4974,9,11444,0,0,12,6166,9,5118,12,11284,California
Lake,2021-03-01,597,17015,55,5029,542,11986,0,0,444,6457,153,5271,444,11728,California
Lake,2021-03-02,747,17762,18,5047,729,12715,0,0,288,6287,458,5729,288,12016,California
Lake,2021-03-03,370,18132,196,5243,174,12889,0,0,147,6211,223,5952,147,12163,California
Lake,2021-03-04,578,18710,506,5749,72,12961,0,0,562,6757,16,5968,562,12725,California
Lake,2021-03-05,1046,19756,52,5801,994,13955,0,0,186,6087,856,6824,186,12911,California
Lake,2021-03-06,35,19791,9,5810,25,13980,1,1,22,6097,13,6837,23,12934,California
Lake,2021-03-07,8,19799,6,5816,2,13982,0,1,5,6099,3,6840,5,12939,California
Lake,2021-03-08,342,20141,267,6083,65,14047,10,11,300,6367,42,6882,310,13249,California
Lake,2021-03-09,931,21072,44,6127,870,14917,17,28,407,6269,523,7405,425,13674,California
Lake,2021-03-10,205,21277,60,6187,131,15048,14,42,134,6347,71,7476,149,13823,California
Lake,2021-03-11,587,21864,49,6236,64,15112,474,516,47,6328,540,8016,521,14344,California
Lake,2021-03-12,852,22716,203,6439,624,15736,25,541,361,6225,489,8505,386,14730,California
Lake,2021-03-13,282,22998,22,6461,24,15760,236,777,19,6217,262,8767,254,14984,California
Lake,2021-03-14,11,23009,2,6463,9,15769,0,777,7,6220,4,8771,7,14991,California
Lake,2021-03-15,642,23651,13,6476,611,16380,18,795,481,6558,161,8932,499,15490,California
Lake,2021-03-16,1117,24768,836,7312,264,16644,17,812,378,6217,735,9667,394,15884,California
Lake,2021-03-17,249,25017,122,7434,105,16749,22,834,92,6174,157,9824,114,15998,California
Lake,2021-03-18,751,25768,377,7811,337,17086,37,871,356,6174,392,10216,392,16390,California
Lake,2021-03-19,586,26354,317,8128,249,17335,20,891,476,6561,109,10325,496,16886,California
Lake,2021-03-20,249,26603,9,8137,237,17572,3,894,31,6379,216,10541,34,16920,California
Lake,2021-03-21,15,26618,10,8147,4,17576,1,895,10,6385,5,10546,11,16931,California
Lake,2021-03-22,337,26955,256,8403,67,17643,14,909,250,6562,87,10633,264,17195,California
Lake,2021-03-23,429,27384,21,8424,394,18037,14,923,363,6874,65,10698,377,17572,California
Lake,2021-03-24,423,27807,62,8486,353,18390,8,931,326,7113,96,10794,335,17907,California
Lake,2021-03-25,675,28482,483,8969,185,18575,7,938,174,6792,501,11295,180,18087,California
Lake,2021-03-26,67,28549,32,9001,34,18609,1,939,31,6788,36,11331,32,18119,California
Lake,2021-03-27,309,28858,7,9008,299,18908,3,942,17,6518,290,11621,20,18139,California
Lake,2021-03-28,17,28875,8,9016,9,18917,0,942,9,6519,8,11629,9,18148,California
Lake,2021-03-29,987,29862,286,9302,699,19616,2,944,202,5940,783,12412,204,18352,California
Lake,2021-03-30,465,30327,314,9616,149,19765,2,946,366,6210,98,12510,368,18720,California
Lake,2021-03-31,615,30942,60,9676,555,20320,0,946,433,6470,173,12683,433,19153,California
Lake,2021-04-01,449,31391,234,9910,203,20523,12,958,187,6411,258,12941,199,19352,California
Lake,2021-04-02,223,31614,41,9951,154,20677,28,986,97,6410,126,13067,125,19477,California
Lake,2021-04-03,33,31647,6,9957,24,20701,3,989,13,6406,20,13087,16,19493,California
Lake,2021-04-04,20,31667,11,9968,7,20708,2,991,15,6418,5,13092,17,19510,California
Lake,2021-04-05,644,32311,71,10039,553,21261,20,1011,402,6600,239,13331,421,19931,California
Lake,2021-04-06,480,32791,17,10056,437,21698,26,1037,308,6763,171,13502,334,20265,California
Lake,2021-04-07,524,33315,57,10113,415,22113,52,1089,354,7001,168,13670,406,20671,California
Lake,2021-04-08,605,33920,493,10606,46,22159,66,1155,104,6673,498,14168,170,20841,California
Lake,2021-04-09,281,34201,39,10645,173,22332,69,1224,48,6559,230,14398,116,20957,California
Lake,2021-04-10,256,34457,15,10660,15,22347,226,1450,11,6551,245,14643,237,21194,California
Lake,2021-04-11,21,34478,16,10676,3,22350,2,1452,7,6546,14,14657,9,21203,California
Lake,2021-04-12,1083,35561,233,10909,816,23166,34,1486,244,5986,838,15495,278,21481,California
Lake,2021-04-13,181,35742,110,11019,71,23237,0,1486,54,5913,127,15622,54,21535,California
Lake,2021-04-14,620,36362,38,11057,582,23819,0,1486,554,6401,66,15688,554,22089,California
Lake,2021-04-15,646,37008,192,11249,454,24273,0,1486,332,6419,314,16002,332,22421,California
Lake,2021-04-16,267,37275,31,11280,236,24509,0,1486,76,6305,190,16192,76,22497,California
Lake,2021-04-17,42,37317,12,11292,30,24539,0,1486,32,6327,10,16202,32,22529,California
Lake,2021-04-18,9,37326,6,11298,3,24542,0,1486,0,6318,9,16211,0,22529,California
Lake,2021-04-19,298,37624,39,11337,259,24801,0,1486,247,6514,51,16262,247,22776,California
Lake,2021-04-20,695,38319,281,11618,414,25215,0,1486,95,6011,599,16861,96,22872,California
Lake,2021-04-21,532,38851,62,11680,470,25685,0,1486,197,5873,335,17196,197,23069,California
Lake,2021-04-22,471,39322,51,11731,420,26105,0,1486,323,6049,147,17343,323,23392,California
Lake,2021-04-23,120,39442,62,11793,58,26163,0,1486,72,6074,47,17390,72,23464,California
Lake,2021-04-24,55,39497,9,11802,46,26209,0,1486,41,6101,14,17404,41,23505,California
Lake,2021-04-25,37,39534,20,11822,17,26226,0,1486,25,6114,12,17416,25,23530,California
Lake,2021-04-26,294,39828,82,11904,211,26437,1,1487,89,5999,205,17621,90,23620,California
Lake,2021-04-27,250,40078,25,11929,207,26644,18,1505,87,5941,163,17784,105,23725,California
Lake,2021-04-28,512,40590,51,11980,446,27090,15,1520,91,5627,419,18203,105,23830,California
Lake,2021-04-29,208,40798,81,12061,111,27201,16,1536,109,5652,99,18302,124,23954,California
Lake,2021-04-30,288,41086,44,12105,213,27414,31,1567,147,5689,141,18443,178,24132,California
Lake,2021-05-01,49,41135,27,12132,20,27434,2,1569,34,5711,14,18457,36,24168,California
Lake,2021-05-02,18,41153,9,12141,8,27442,1,1570,9,5712,9,18466,10,24178,California
Lake,2021-05-03,412,41565,30,12171,347,27789,35,1605,66,5468,345,18811,101,24279,California
Lake,2021-05-04,404,41969,217,12388,139,27928,48,1653,124,5361,279,19090,172,24451,California
Lake,2021-05-05,629,42598,44,12432,573,28501,12,1665,84,4914,542,19632,95,24546,California
Lake,2021-05-06,142,42740,19,12451,94,28595,29,1694,72,4944,70,19702,100,24646,California
Lake,2021-05-07,166,42906,29,12480,117,28712,20,1714,102,5004,62,19764,122,24768,California
Lake,2021-05-08,44,42950,9,12489,35,28747,0,1714,37,5034,7,19771,37,24805,California
Lake,2021-05-09,17,42967,2,12491,10,28757,5,1719,10,5042,7,19778,15,24820,California
Lake,2021-05-10,245,43212,11,12502,206,28963,28,1747,59,4944,185,19963,87,24907,California
Lake,2021-05-11,194,43406,25,12527,152,29115,17,1764,115,4998,79,20042,133,25040,California
Lake,2021-05-12,542,43948,33,12560,489,29604,20,1784,56,4587,486,20528,75,25115,California
Lake,2021-05-13,318,44266,69,12629,235,29839,14,1798,72,4429,244,20772,86,25201,California
Lake,2021-05-14,268,44534,83,12712,167,30006,18,1816,163,4506,103,20875,180,25381,California
Lake,2021-05-15,45,44579,19,12731,23,30029,3,1819,28,4520,17,20892,31,25412,California
Lake,2021-05-16,33,44612,19,12750,13,30042,1,1820,18,4524,15,20907,19,25431,California
Lake,2021-05-17,315,44927,44,12794,256,30298,15,1835,82,4391,230,21137,97,25528,California
Lake,2021-05-18,299,45226,65,12859,215,30513,19,1854,171,4454,127,21264,190,25718,California
Lake,2021-05-19,313,45539,57,12916,241,30754,15,1869,88,4333,224,21488,103,25821,California
Lake,2021-05-20,236,45775,60,12976,165,30919,11,1880,93,4294,143,21631,104,25925,California
Lake,2021-05-21,274,46049,51,13027,199,31118,24,1904,114,4274,158,21789,138,26063,California
Lake,2021-05-22,97,46146,53,13080,41,31159,3,1907,48,4276,49,21838,51,26114,California
Lake,2021-05-23,58,46204,28,13108,29,31188,1,1908,30,4279,28,21866,31,26145,California
Lake,2021-05-24,158,46362,36,13144,108,31296,14,1922,72,4279,86,21952,86,26231,California
Lake,2021-05-25,205,46567,58,13202,136,31432,11,1933,75,4236,129,22081,86,26317,California
Lake,2021-05-26,151,46718,44,13246,96,31528,11,1944,54,4206,95,22176,65,26382,California
Lake,2021-05-27,175,46893,49,13295,112,31640,14,1958,61,4168,113,22289,75,26457,California
Lake,2021-05-28,222,47115,21,13316,163,31803,38,1996,50,4086,169,22458,87,26544,California
Lake,2021-05-29,37,47152,10,13326,21,31824,6,2002,14,4083,23,22481,20,26564,California
Lake,2021-05-30,22,47174,6,13332,14,31838,2,2004,12,4087,10,22491,14,26578,California
Lake,2021-05-31,63,47237,21,13353,40,31878,2,2006,53,4132,10,22501,55,26633,California
Lake,2021-06-01,199,47436,40,13393,150,32028,9,2015,69,4081,129,22630,78,26711,California
Lake,2021-06-02,133,47569,46,13439,75,32103,12,2027,53,4066,80,22710,65,26776,California
Lake,2021-06-03,179,47748,51,13490,109,32212,19,2046,77,4060,102,22812,96,26872,California
Lake,2021-06-04,183,47931,53,13543,115,32327,15,2061,45,3984,136,22948,60,26932,California
Lake,2021-06-05,92,48023,57,13600,27,32354,8,2069,56,4012,36,22984,64,26996,California
Lake,2021-06-06,67,48090,37,13637,30,32384,0,2069,23,3991,44,23028,23,27019,California
Lake,2021-06-07,88,48178,28,13665,52,32436,8,2077,30,3972,57,23085,38,27057,California
Lake,2021-06-08,179,48357,68,13733,99,32535,12,2089,67,3939,112,23197,79,27136,California
Lake,2021-06-09,172,48529,43,13776,125,32660,4,2093,37,3847,133,23330,41,27177,California
Lake,2021-06-10,127,48656,62,13838,52,32712,13,2106,50,3833,77,23407,63,27240,California
Lake,2021-06-11,208,48864,67,13905,118,32830,23,2129,48,3746,158,23565,71,27311,California
Lake,2021-06-12,66,48930,38,13943,22,32852,6,2135,34,3754,32,23597,40,27351,California
Lake,2021-06-13,29,48959,16,13959,13,32865,0,2135,14,3753,15,23612,14,27365,California
Lake,2021-06-14,179,49138,87,14046,79,32944,13,2148,50,3688,128,23740,63,27428,California
Lake,2021-06-15,244,49382,65,14111,162,33106,17,2165,78,3617,166,23906,95,27523,California
Lake,2021-06-16,163,49545,57,14168,91,33197,15,2180,55,3580,107,24013,70,27593,California
Lake,2021-06-17,179,49724,86,14254,83,33280,10,2190,80,3572,98,24111,90,27683,California
Lake,2021-06-18,135,49859,38,14292,88,33368,9,2199,53,3552,82,24193,62,27745,California
Lake,2021-06-19,67,49926,25,14317,42,33410,0,2199,34,3553,33,24226,34,27779,California
Lake,2021-06-20,22,49948,8,14325,12,33422,2,2201,11,3555,11,24237,13,27792,California
Lake,2021-06-21,67,50015,17,14342,43,33465,7,2208,29,3553,38,24275,36,27828,California
Lake,2021-06-22,135,50150,51,14393,74,33539,10,2218,62,3553,72,24347,72,27900,California
Lake,2021-06-23,135,50285,64,14457,56,33595,15,2233,77,3587,58,24405,92,27992,California
Lake,2021-06-24,139,50424,91,14548,34,33629,14,2247,48,3560,89,24494,62,28054,California
Lake,2021-06-25,127,50551,58,14606,60,33689,9,2256,64,3571,62,24556,73,28127,California
Lake,2021-06-26,44,50595,34,14640,10,33699,0,2256,6,3539,38,24594,6,28133,California
Lassen,2020-12-16,8,8,8,8,0,0,0,0,8,8,0,0,8,8,California
Lassen,2020-12-17,6,14,6,14,0,0,0,0,6,14,0,0,6,14,California
Lassen,2020-12-18,1,15,1,15,0,0,0,0,1,15,0,0,1,15,California
Lassen,2020-12-19,5,20,5,20,0,0,0,0,5,20,0,0,5,20,California
Lassen,2020-12-20,2,22,2,22,0,0,0,0,2,22,0,0,2,22,California
Lassen,2020-12-21,11,33,11,33,0,0,0,0,11,33,0,0,11,33,California
Lassen,2020-12-22,23,56,23,56,0,0,0,0,23,56,0,0,23,56,California
Lassen,2020-12-23,6,62,6,62,0,0,0,0,6,62,0,0,6,62,California
Lassen,2020-12-24,10,72,10,72,0,0,0,0,10,72,0,0,10,72,California
Lassen,2020-12-28,3,75,2,74,1,1,0,0,3,75,0,0,3,75,California
Lassen,2020-12-29,35,110,35,109,0,1,0,0,35,110,0,0,35,110,California
Lassen,2020-12-30,36,146,35,144,1,2,0,0,36,146,0,0,36,146,California
Lassen,2020-12-31,49,195,42,186,7,9,0,0,49,195,0,0,49,195,California
Lassen,2021-01-02,1,196,0,186,1,10,0,0,1,196,0,0,1,196,California
Lassen,2021-01-04,15,211,2,188,13,23,0,0,15,211,0,0,15,211,California
Lassen,2021-01-05,193,404,52,240,141,164,0,0,193,404,0,0,193,404,California
Lassen,2021-01-06,95,499,44,284,51,215,0,0,87,484,8,8,88,492,California
Lassen,2021-01-07,43,542,7,291,36,251,0,0,37,515,6,14,37,529,California
Lassen,2021-01-08,50,592,2,293,48,299,0,0,50,565,0,14,50,579,California
Lassen,2021-01-09,12,604,6,299,6,305,0,0,12,577,0,14,12,591,California
Lassen,2021-01-11,27,631,5,304,22,327,0,0,27,604,0,14,27,618,California
Lassen,2021-01-12,49,680,29,333,20,347,0,0,30,615,19,33,30,648,California
Lassen,2021-01-13,160,840,18,351,142,489,0,0,146,747,14,47,146,794,California
Lassen,2021-01-14,163,1003,18,369,145,634,0,0,151,886,12,59,151,945,California
Lassen,2021-01-15,33,1036,6,375,27,661,0,0,33,919,0,59,33,978,California
Lassen,2021-01-16,34,1070,33,408,1,662,0,0,34,953,0,59,34,1012,California
Lassen,2021-01-17,1,1071,0,408,1,663,0,0,1,954,0,59,1,1013,California
Lassen,2021-01-18,5,1076,2,410,3,666,0,0,4,957,1,60,4,1017,California
Lassen,2021-01-19,186,1262,36,446,150,816,0,0,158,1087,28,88,158,1175,California
Lassen,2021-01-20,189,1451,101,547,88,904,0,0,106,1125,68,156,106,1281,California
Lassen,2021-01-21,145,1596,93,640,52,956,0,0,121,1228,18,174,121,1402,California
Lassen,2021-01-22,31,1627,18,658,13,969,0,0,21,1239,10,184,21,1423,California
Lassen,2021-01-23,2,1629,0,658,2,971,0,0,2,1241,0,184,2,1425,California
Lassen,2021-01-24,1,1630,0,658,1,972,0,0,1,1242,0,184,1,1426,California
Lassen,2021-01-25,12,1642,1,659,11,983,0,0,11,1252,1,185,11,1437,California
Lassen,2021-01-26,126,1768,12,671,114,1097,0,0,122,1370,4,189,122,1559,California
Lassen,2021-01-27,90,1858,37,708,53,1150,0,0,72,1424,18,207,72,1631,California
Lassen,2021-01-28,86,1944,16,724,70,1220,0,0,85,1508,1,208,85,1716,California
Lassen,2021-01-29,23,1967,7,731,16,1236,0,0,22,1529,1,209,22,1738,California
Lassen,2021-02-01,61,2028,4,735,57,1293,0,0,36,1540,25,234,36,1774,California
Lassen,2021-02-02,177,2205,12,747,165,1458,0,0,44,1451,133,367,44,1818,California
Lassen,2021-02-03,97,2302,21,768,76,1534,0,0,50,1454,47,414,50,1868,California
Lassen,2021-02-04,112,2414,15,783,97,1631,0,0,63,1468,49,463,63,1931,California
Lassen,2021-02-05,66,2480,12,795,54,1685,0,0,24,1450,42,505,24,1955,California
Lassen,2021-02-06,69,2549,34,829,35,1720,0,0,36,1454,32,537,36,1991,California
Lassen,2021-02-07,3,2552,3,832,0,1720,0,0,3,1457,0,537,3,1994,California
Lassen,2021-02-08,44,2596,4,836,40,1760,0,0,18,1449,26,563,18,2012,California
Lassen,2021-02-09,128,2724,7,843,121,1881,0,0,49,1419,79,642,49,2061,California
Lassen,2021-02-10,184,2908,22,865,162,2043,0,0,76,1387,108,750,76,2137,California
Lassen,2021-02-11,183,3091,16,881,167,2210,0,0,79,1363,103,853,79,2216,California
Lassen,2021-02-12,44,3135,11,892,33,2243,0,0,16,1351,28,881,16,2232,California
Lassen,2021-02-13,11,3146,3,895,8,2251,0,0,9,1358,2,883,9,2241,California
Lassen,2021-02-14,13,3159,0,895,13,2264,0,0,12,1369,1,884,12,2253,California
Lassen,2021-02-15,22,3181,3,898,19,2283,0,0,17,1382,4,888,17,2270,California
Lassen,2021-02-16,193,3374,4,902,189,2472,0,0,31,1253,160,1048,31,2301,California
Lassen,2021-02-17,183,3557,94,996,89,2561,0,0,10,1090,173,1221,10,2311,California
Lassen,2021-02-18,80,3637,23,1019,57,2618,0,0,19,1048,61,1282,19,2330,California
Lassen,2021-02-19,83,3720,62,1081,21,2639,0,0,19,1003,64,1346,19,2349,California
Lassen,2021-02-20,8,3728,0,1081,8,2647,0,0,6,1007,2,1348,6,2355,California
Lassen,2021-02-21,22,3750,2,1083,20,2667,0,0,18,1021,4,1352,18,2373,California
Lassen,2021-02-22,24,3774,10,1093,14,2681,0,0,6,1009,18,1370,6,2379,California
Lassen,2021-02-23,154,3928,10,1103,144,2825,0,0,43,941,111,1481,43,2422,California
Lassen,2021-02-24,166,4094,16,1119,150,2975,0,0,107,990,58,1539,107,2529,California
Lassen,2021-02-25,158,4252,21,1140,137,3112,0,0,99,1030,59,1598,99,2628,California
Lassen,2021-02-26,74,4326,16,1156,58,3170,0,0,37,1030,37,1635,37,2665,California
Lassen,2021-02-27,8,4334,7,1163,1,3171,0,0,3,1028,5,1640,3,2668,California
Lassen,2021-02-28,7,4341,2,1165,5,3176,0,0,3,1027,4,1644,3,2671,California
Lassen,2021-03-01,42,4383,4,1169,38,3214,0,0,8,1002,33,1677,8,2679,California
Lassen,2021-03-02,108,4491,8,1177,100,3314,0,0,81,1057,26,1703,81,2760,California
Lassen,2021-03-03,169,4660,11,1188,158,3472,0,0,113,1114,56,1759,113,2873,California
Lassen,2021-03-04,149,4809,17,1205,132,3604,0,0,98,1162,50,1809,98,2971,California
Lassen,2021-03-05,49,4858,7,1212,18,3622,24,24,11,1159,38,1847,35,3006,California
Lassen,2021-03-06,55,4913,4,1216,29,3651,22,46,5,1136,50,1897,27,3033,California
Lassen,2021-03-07,58,4971,3,1219,0,3651,55,101,3,1139,55,1952,58,3091,California
Lassen,2021-03-08,88,5059,2,1221,7,3658,79,180,3,1136,85,2037,82,3173,California
Lassen,2021-03-09,137,5196,11,1232,109,3767,17,197,89,1194,48,2085,106,3279,California
Lassen,2021-03-10,175,5371,10,1242,163,3930,2,199,79,1180,95,2180,81,3360,California
Lassen,2021-03-11,185,5556,16,1258,162,4092,7,206,113,1231,69,2249,120,3480,California
Lassen,2021-03-12,34,5590,17,1275,13,4105,4,210,12,1225,22,2271,16,3496,California
Lassen,2021-03-13,48,5638,0,1275,2,4107,46,256,1,1224,47,2318,46,3542,California
Lassen,2021-03-14,14,5652,2,1277,11,4118,1,257,2,1215,12,2330,3,3545,California
Lassen,2021-03-15,34,5686,3,1280,31,4149,0,257,16,1213,18,2348,16,3561,California
Lassen,2021-03-16,93,5779,2,1282,85,4234,6,263,74,1274,19,2367,80,3641,California
Lassen,2021-03-17,1082,6861,9,1291,1068,5302,5,268,1063,2323,19,2386,1068,4709,California
Lassen,2021-03-18,94,6955,9,1300,84,5386,1,269,81,2392,13,2399,82,4791,California
Lassen,2021-03-19,18,6973,11,1311,3,5389,4,273,7,2392,11,2410,11,4802,California
Lassen,2021-03-20,30,7003,3,1314,24,5413,3,276,23,2411,7,2417,26,4828,California
Lassen,2021-03-21,34,7037,1,1315,33,5446,0,276,14,2406,19,2436,14,4842,California
Lassen,2021-03-22,59,7096,1,1316,58,5504,0,276,56,2459,3,2439,56,4898,California
Lassen,2021-03-23,120,7216,11,1327,108,5612,1,277,67,2474,53,2492,68,4966,California
Lassen,2021-03-24,213,7429,13,1340,199,5811,1,278,106,2476,105,2597,107,5073,California
Lassen,2021-03-25,155,7584,23,1363,132,5943,0,278,72,2465,83,2680,72,5145,California
Lassen,2021-03-26,78,7662,13,1376,26,5969,39,317,19,2464,58,2738,57,5202,California
Lassen,2021-03-27,21,7683,4,1380,1,5970,16,333,3,2465,18,2756,19,5221,California
Lassen,2021-03-28,17,7700,4,1384,4,5974,9,342,2,2461,15,2771,11,5232,California
Lassen,2021-03-29,53,7753,0,1384,28,6002,25,367,20,2474,32,2803,45,5277,California
Lassen,2021-03-30,200,7953,10,1394,164,6166,26,393,52,2404,148,2951,78,5355,California
Lassen,2021-03-31,147,8100,12,1406,113,6279,22,415,62,2404,84,3035,84,5439,California
Lassen,2021-04-01,166,8266,15,1421,131,6410,20,435,48,2355,117,3152,68,5507,California
Lassen,2021-04-02,30,8296,4,1425,3,6413,23,458,2,2352,28,3180,25,5532,California
Lassen,2021-04-03,12,8308,0,1425,2,6415,10,468,0,2350,12,3192,10,5542,California
Lassen,2021-04-04,7,8315,2,1427,0,6415,5,473,1,2350,6,3198,6,5548,California
Lassen,2021-04-05,22,8337,4,1431,11,6426,7,480,11,2357,11,3209,18,5566,California
Lassen,2021-04-06,183,8520,8,1439,145,6571,30,510,53,2310,130,3339,83,5649,California
Lassen,2021-04-07,135,8655,6,1445,92,6663,37,547,32,2278,103,3442,71,5720,California
Lassen,2021-04-08,169,8824,9,1454,104,6767,56,603,32,2233,133,3575,88,5808,California
Lassen,2021-04-09,51,8875,6,1460,10,6777,35,638,8,2233,42,3617,42,5850,California
Lassen,2021-04-10,10,8885,0,1460,2,6779,8,646,0,2232,9,3626,8,5858,California
Lassen,2021-04-11,6,8891,2,1462,1,6780,3,649,3,2235,3,3629,6,5864,California
Lassen,2021-04-12,32,8923,4,1466,15,6795,13,662,4,2224,28,3657,17,5881,California
Lassen,2021-04-13,129,9052,6,1472,123,6918,0,662,40,2176,88,3745,40,5921,California
Lassen,2021-04-14,989,10041,16,1488,973,7891,0,662,51,1290,937,4682,51,5972,California
Lassen,2021-04-15,147,10188,14,1502,133,8024,0,662,19,1181,128,4810,19,5991,California
Lassen,2021-04-16,14,10202,5,1507,9,8033,0,662,6,1179,8,4818,6,5997,California
Lassen,2021-04-17,25,10227,3,1510,22,8055,0,662,4,1162,21,4839,4,6001,California
Lassen,2021-04-18,5,10232,2,1512,3,8058,0,662,2,1161,3,4842,2,6003,California
Lassen,2021-04-19,35,10267,0,1512,35,8093,0,662,18,1162,17,4859,18,6021,California
Lassen,2021-04-20,137,10404,7,1519,130,8223,0,662,51,1127,86,4945,51,6072,California
Lassen,2021-04-21,167,10571,10,1529,156,8379,1,663,34,1031,131,5076,35,6107,California
Lassen,2021-04-22,104,10675,16,1545,88,8467,0,663,34,995,70,5146,34,6141,California
Lassen,2021-04-23,27,10702,1,1546,26,8493,0,663,21,1010,6,5152,21,6162,California
Lassen,2021-04-24,9,10711,5,1551,4,8497,0,663,3,1007,6,5158,3,6165,California
Lassen,2021-04-25,5,10716,0,1551,4,8501,1,664,3,1009,2,5160,4,6169,California
Lassen,2021-04-26,44,10760,2,1553,38,8539,4,668,9,988,34,5194,13,6182,California
Lassen,2021-04-27,122,10882,9,1562,110,8649,3,671,69,1007,53,5247,72,6254,California
Lassen,2021-04-28,82,10964,7,1569,73,8722,2,673,29,985,53,5300,31,6285,California
Lassen,2021-04-29,69,11033,7,1576,59,8781,3,676,24,968,44,5344,27,6312,California
Lassen,2021-04-30,15,11048,8,1584,4,8785,3,679,6,968,9,5353,9,6321,California
Lassen,2021-05-01,5,11053,0,1584,4,8789,1,680,4,972,1,5354,5,6326,California
Lassen,2021-05-02,11,11064,7,1591,4,8793,0,680,7,975,4,5358,7,6333,California
Lassen,2021-05-03,18,11082,2,1593,10,8803,6,686,3,969,15,5373,9,6342,California
Lassen,2021-05-04,73,11155,5,1598,60,8863,8,694,21,946,52,5425,29,6371,California
Lassen,2021-05-05,83,11238,4,1602,67,8930,12,706,26,928,56,5481,38,6409,California
Lassen,2021-05-06,84,11322,21,1623,41,8971,22,728,25,916,59,5540,47,6456,California
Lassen,2021-05-07,49,11371,33,1656,11,8982,5,733,41,954,8,5548,46,6502,California
Lassen,2021-05-08,11,11382,0,1656,5,8987,6,739,4,957,7,5555,10,6512,California
Lassen,2021-05-09,3,11385,1,1657,0,8987,2,741,0,956,3,5558,2,6514,California
Lassen,2021-05-10,12,11397,1,1658,8,8995,3,744,6,959,6,5564,9,6523,California
Lassen,2021-05-11,75,11472,1,1659,63,9058,11,755,21,937,54,5618,32,6555,California
Lassen,2021-05-12,45,11517,5,1664,34,9092,6,761,15,928,30,5648,21,6576,California
Lassen,2021-05-13,39,11556,11,1675,23,9115,5,766,13,920,26,5674,18,6594,California
Lassen,2021-05-14,22,11578,4,1679,10,9125,8,774,11,928,11,5685,19,6613,California
Lassen,2021-05-15,16,11594,2,1681,4,9129,10,784,4,930,12,5697,14,6627,California
Lassen,2021-05-16,7,11601,2,1683,3,9132,2,786,2,930,4,5701,4,6631,California
Lassen,2021-05-17,36,11637,4,1687,20,9152,12,798,10,926,26,5727,22,6653,California
Lassen,2021-05-18,95,11732,11,1698,71,9223,13,811,31,906,64,5791,44,6697,California
Lassen,2021-05-19,61,11793,4,1702,46,9269,11,822,9,874,51,5842,19,6716,California
Lassen,2021-05-20,35,11828,8,1710,18,9287,9,831,11,870,24,5866,20,6736,California
Lassen,2021-05-21,67,11895,33,1743,20,9307,14,845,35,887,32,5898,49,6785,California
Lassen,2021-05-22,17,11912,2,1745,7,9314,8,853,7,892,10,5908,15,6800,California
Lassen,2021-05-23,6,11918,4,1749,1,9315,1,854,0,887,6,5914,1,6801,California
Lassen,2021-05-24,12,11930,1,1750,9,9324,2,856,4,886,7,5921,6,6807,California
Lassen,2021-05-25,101,12031,6,1756,86,9410,9,865,34,862,67,5988,43,6850,California
Lassen,2021-05-26,59,12090,1,1757,42,9452,16,881,11,841,48,6036,27,6877,California
Lassen,2021-05-27,45,12135,18,1775,21,9473,6,887,14,831,30,6066,20,6897,California
Lassen,2021-05-28,75,12210,49,1824,18,9491,8,895,31,826,44,6110,39,6936,California
Lassen,2021-05-29,15,12225,1,1825,12,9503,2,897,8,829,7,6117,10,6946,California
Lassen,2021-05-30,2,12227,0,1825,1,9504,1,898,1,830,1,6118,2,6948,California
Lassen,2021-05-31,7,12234,0,1825,6,9510,1,899,1,826,6,6124,2,6950,California
Lassen,2021-06-01,45,12279,2,1827,36,9546,7,906,15,818,30,6154,22,6972,California
Lassen,2021-06-02,59,12338,2,1829,41,9587,16,922,15,806,43,6197,31,7003,California
Lassen,2021-06-03,31,12369,6,1835,15,9602,10,932,8,801,23,6220,18,7021,California
Lassen,2021-06-04,39,12408,2,1837,25,9627,12,944,13,800,26,6246,25,7046,California
Lassen,2021-06-05,14,12422,3,1840,7,9634,4,948,4,798,10,6256,8,7054,California
Lassen,2021-06-06,5,12427,0,1840,2,9636,3,951,1,798,4,6260,4,7058,California
Lassen,2021-06-07,19,12446,0,1840,10,9646,9,960,3,794,16,6276,12,7070,California
Lassen,2021-06-08,40,12486,6,1846,30,9676,4,964,14,786,26,6302,18,7088,California
Lassen,2021-06-09,19,12505,2,1848,15,9691,2,966,7,784,11,6313,9,7097,California
Lassen,2021-06-10,24,12529,10,1858,12,9703,2,968,12,786,12,6325,14,7111,California
Lassen,2021-06-11,43,12572,29,1887,13,9716,1,969,11,767,32,6357,13,7124,California
Lassen,2021-06-12,6,12578,2,1889,4,9720,0,969,2,765,4,6361,2,7126,California
Lassen,2021-06-13,3,12581,2,1891,1,9721,0,969,1,764,2,6363,1,7127,California
Lassen,2021-06-14,9,12590,1,1892,6,9727,2,971,3,764,5,6368,5,7132,California
Lassen,2021-06-15,51,12641,5,1897,40,9767,6,977,15,749,36,6404,21,7153,California
Lassen,2021-06-16,12,12653,1,1898,6,9773,5,982,7,756,5,6409,12,7165,California
Lassen,2021-06-17,24,12677,12,1910,8,9781,4,986,10,756,14,6423,14,7179,California
Lassen,2021-06-18,51,12728,21,1931,21,9802,9,995,12,737,39,6462,20,7199,California
Lassen,2021-06-19,13,12741,1,1932,10,9812,2,997,5,736,8,6470,7,7206,California
Lassen,2021-06-20,7,12748,3,1935,3,9815,1,998,6,742,1,6471,7,7213,California
Lassen,2021-06-21,15,12763,0,1935,12,9827,3,1001,5,740,10,6481,8,7221,California
Lassen,2021-06-22,37,12800,1,1936,35,9862,1,1002,19,742,18,6499,20,7241,California
Lassen,2021-06-23,18,12818,2,1938,12,9874,4,1006,5,738,13,6512,9,7250,California
Lassen,2021-06-24,26,12844,5,1943,14,9888,7,1013,13,745,13,6525,20,7270,California
Lassen,2021-06-25,22,12866,3,1946,19,9907,0,1013,12,747,10,6535,12,7282,California
Lassen,2021-06-26,1,12867,0,1946,1,9908,0,1013,1,748,0,6535,1,7283,California
Los Angeles,2020-12-15,399,399,399,399,0,0,0,0,399,399,0,0,399,399,California
Los Angeles,2020-12-16,3589,3988,3589,3988,0,0,0,0,3589,3988,0,0,3589,3988,California
Los Angeles,2020-12-17,10428,14416,10428,14416,0,0,0,0,10429,14417,0,0,10429,14417,California
Los Angeles,2020-12-18,14804,29220,14779,29195,25,25,0,0,14803,29220,0,0,14803,29220,California
Los Angeles,2020-12-19,7315,36535,7306,36501,9,34,0,0,7317,36537,0,0,7317,36537,California
Los Angeles,2020-12-20,4672,41207,4662,41163,10,44,0,0,4674,41211,0,0,4674,41211,California
Los Angeles,2020-12-21,13792,54999,13775,54938,17,61,0,0,13792,55002,1,1,13792,55003,California
Los Angeles,2020-12-22,11609,66608,11216,66154,393,454,0,0,11608,66608,2,3,11608,66611,California
Los Angeles,2020-12-23,12023,78631,10242,76396,1781,2235,0,0,12024,78632,0,3,12024,78635,California
Los Angeles,2020-12-24,7070,85701,4278,80674,2792,5027,0,0,7072,85704,0,3,7072,85707,California
Los Angeles,2020-12-25,530,86231,423,81097,107,5134,0,0,531,86235,0,3,531,86238,California
Los Angeles,2020-12-26,2550,88781,2197,83294,353,5487,0,0,2549,88782,2,5,2549,88787,California
Los Angeles,2020-12-27,1787,90568,1046,84340,741,6228,0,0,1787,90569,0,5,1787,90574,California
Los Angeles,2020-12-28,10395,100963,6444,90784,3951,10179,0,0,10392,100960,1,6,10392,100966,California
Los Angeles,2020-12-29,11690,112653,6131,96915,5559,15738,0,0,11690,112649,1,7,11690,112656,California
Los Angeles,2020-12-30,14967,127620,8135,105050,6832,22570,0,0,14966,127615,0,7,14966,127622,California
Los Angeles,2020-12-31,8016,135636,2779,107829,5237,27807,0,0,8011,135622,4,11,8011,135633,California
Los Angeles,2021-01-01,1098,136734,325,108154,773,28580,0,0,1096,136716,2,13,1096,136729,California
Los Angeles,2021-01-02,4509,141243,1684,109838,2825,31405,0,0,4508,141224,0,13,4508,141237,California
Los Angeles,2021-01-03,973,142216,230,110068,743,32148,0,0,971,142193,2,15,971,142208,California
Los Angeles,2021-01-04,12811,155027,4910,114978,7901,40049,0,0,12796,154987,2,17,12796,155004,California
Los Angeles,2021-01-05,16156,171183,7137,122115,9019,49068,0,0,14205,167279,1922,1939,14214,169218,California
Los Angeles,2021-01-06,22819,194002,12133,134248,10686,59754,0,0,17124,178786,5627,7566,17134,186352,California
Los Angeles,2021-01-07,29720,223722,16025,150273,13695,73449,0,0,18928,186986,10744,18310,18944,205296,California
Los Angeles,2021-01-08,33319,257041,18011,168284,15308,88757,0,0,20996,195698,12295,30605,21007,226303,California
Los Angeles,2021-01-09,12466,269507,7114,175398,5352,94109,0,0,7574,198391,4889,35494,7582,233885,California
Los Angeles,2021-01-10,4722,274229,3659,179057,1063,95172,0,0,1976,197622,2746,38240,1977,235862,California
Los Angeles,2021-01-11,25981,300210,16337,195394,9644,104816,0,0,14983,201632,10984,49224,14994,250856,California
Los Angeles,2021-01-12,29505,329715,16263,211657,13242,118058,0,0,19287,210731,10201,59425,19300,270156,California
Los Angeles,2021-01-13,29488,359203,15728,227385,13760,131818,0,0,20459,222185,9012,68437,20466,290622,California
Los Angeles,2021-01-14,29455,388658,12764,240149,16691,148509,0,0,23883,240527,5554,73991,23896,314518,California
Los Angeles,2021-01-15,34127,422785,12444,252593,21683,170192,0,0,30512,267461,3588,77579,30522,345040,California
Los Angeles,2021-01-16,17732,440517,5011,257604,12721,182913,0,0,15933,281611,1790,79369,15940,360980,California
Los Angeles,2021-01-17,5271,445788,2356,259960,2915,185828,0,0,5011,286365,259,79628,5013,365993,California
Los Angeles,2021-01-18,15768,461556,10159,270119,5609,191437,0,0,11016,292646,4739,84367,11020,377013,California
Los Angeles,2021-01-19,38845,500401,20699,290818,18146,209583,0,0,30974,315806,7829,92196,30989,408002,California
Los Angeles,2021-01-20,46763,547164,24296,315114,22467,232050,0,0,39208,347506,7521,99717,39221,447223,California
Los Angeles,2021-01-21,49243,596407,22566,337680,26677,258727,0,0,44891,388135,4279,103996,44908,492131,California
Los Angeles,2021-01-22,48679,645086,22501,360181,26178,284905,0,0,45168,429857,3461,107457,45183,537314,California
Los Angeles,2021-01-23,34351,679437,15812,375993,18539,303444,0,0,32255,460062,2064,109521,32269,569583,California
Los Angeles,2021-01-24,15762,695199,12186,388179,3576,307020,0,0,15201,474713,553,110074,15204,584787,California
Los Angeles,2021-01-25,39741,734940,16714,404893,23027,330047,0,0,31044,497110,8663,118737,31060,615847,California
Los Angeles,2021-01-26,49913,784853,24721,429614,25192,355239,0,0,41561,530379,8313,127050,41582,657429,California
Los Angeles,2021-01-27,51169,836022,25926,455540,25243,380482,0,0,41668,562720,9354,136404,41695,699124,California
Los Angeles,2021-01-28,49238,885260,23504,479044,25734,406216,0,0,40652,594926,8462,144866,40668,739792,California
Los Angeles,2021-01-29,50034,935294,25709,504753,24325,430541,0,0,39782,624833,9891,154757,39798,779590,California
Los Angeles,2021-01-30,30402,965696,15566,520319,14836,445377,0,0,26060,646641,4258,159015,26066,805656,California
Los Angeles,2021-01-31,13003,978699,10214,530533,2789,448166,0,0,12084,657825,904,159919,12088,817744,California
Los Angeles,2021-02-01,38878,1017577,16446,546979,22432,470598,0,0,28139,675283,10693,170612,28151,845895,California
Los Angeles,2021-02-02,45103,1062680,18123,565102,26980,497578,0,0,32756,695742,12303,182915,32762,878657,California
Los Angeles,2021-02-03,52693,1115373,19707,584809,32986,530564,0,0,37635,718580,14808,197723,37646,916303,California
Los Angeles,2021-02-04,57656,1173029,20816,605625,36840,567404,0,0,39383,740022,17956,215679,39398,955701,California
Los Angeles,2021-02-05,61986,1235015,21253,626878,40733,608137,0,0,39708,757921,21823,237502,39722,995423,California
Los Angeles,2021-02-06,35790,1270805,13443,640321,22347,630484,0,0,27240,776714,8470,245972,27263,1022686,California
Los Angeles,2021-02-07,11008,1281813,8513,648834,2495,632979,0,0,8589,782908,2402,248374,8596,1031282,California
Los Angeles,2021-02-08,47323,1329136,21824,670658,25499,658478,0,0,30904,797543,16275,264649,30910,1062192,California
Los Angeles,2021-02-09,56239,1385375,24787,695445,31452,689930,0,0,28519,798442,27632,292281,28531,1090723,California
Los Angeles,2021-02-10,67550,1452925,29563,725008,37987,727917,0,0,30873,793055,36278,328559,30891,1121614,California
Los Angeles,2021-02-11,58859,1511784,31413,756421,27446,755363,0,0,28305,791288,30082,358641,28315,1149929,California
Los Angeles,2021-02-12,60539,1572323,30131,786552,30408,785771,0,0,26363,783887,33787,392428,26386,1176315,California
Los Angeles,2021-02-13,34177,1606500,19971,806523,14206,799977,0,0,15526,780918,18550,410978,15581,1191896,California
Los Angeles,2021-02-14,22028,1628528,15044,821567,6984,806961,0,0,8835,776636,13126,424104,8844,1200740,California
Los Angeles,2021-02-15,33241,1661769,16128,837695,17113,824074,0,0,18193,779871,14975,439079,18210,1218950,California
Los Angeles,2021-02-16,64680,1726449,32878,870573,31802,855876,0,0,29930,775180,34638,473717,29947,1248897,California
Los Angeles,2021-02-17,65399,1791848,34878,905451,30521,886397,0,0,26539,763080,38654,512371,26554,1275451,California
Los Angeles,2021-02-18,69174,1861022,35158,940609,34016,920413,0,0,28774,751676,40199,552570,28795,1304246,California
Los Angeles,2021-02-19,58925,1919947,36344,976953,22581,942994,0,0,28787,750465,30018,582588,28807,1333053,California
Los Angeles,2021-02-20,33289,1953236,24253,1001206,9036,952030,0,0,16035,749334,17194,599782,16063,1349116,California
Los Angeles,2021-02-21,22408,1975644,20716,1021922,1692,953722,0,0,11187,749374,11155,610937,11195,1360311,California
Los Angeles,2021-02-22,35105,2010749,25536,1047458,9569,963291,0,0,18092,750562,16926,627863,18114,1378425,California
Los Angeles,2021-02-23,55481,2066230,23926,1071384,31555,994846,0,0,21710,738656,33645,661508,21739,1400164,California
Los Angeles,2021-02-24,65370,2131600,29118,1100502,36252,1031098,0,0,28183,729879,36997,698505,28220,1428384,California
Los Angeles,2021-02-25,74563,2206163,34118,1134620,40445,1071543,0,0,38426,732388,35953,734458,38462,1466846,California
Los Angeles,2021-02-26,84214,2290377,38984,1173604,45230,1116773,0,0,47237,742941,36732,771190,47285,1514131,California
Los Angeles,2021-02-27,60677,2351054,26744,1200348,33924,1150697,9,9,30970,744425,29532,800722,31016,1545147,California
Los Angeles,2021-02-28,27066,2378120,18653,1219001,8410,1159107,3,12,18976,755442,7979,808701,18996,1564143,California
Los Angeles,2021-03-01,57579,2435699,32670,1251671,24867,1183974,42,54,34552,767259,22812,831513,34629,1598772,California
Los Angeles,2021-03-02,78400,2514099,38028,1289699,40364,1224338,8,62,49452,787968,28787,860300,49496,1648268,California
Los Angeles,2021-03-03,86316,2600415,44260,1333959,42037,1266375,19,81,54685,811271,31437,891737,54740,1703008,California
Los Angeles,2021-03-04,92063,2692478,47175,1381134,44871,1311246,17,98,58266,835990,33604,925341,58323,1761331,California
Los Angeles,2021-03-05,90797,2783275,44780,1425914,45983,1357229,34,132,60660,866833,29921,955262,60764,1822095,California
Los Angeles,2021-03-06,67605,2850880,34491,1460405,31283,1388512,1831,1963,43546,888317,23908,979170,45392,1867487,California
Los Angeles,2021-03-07,27397,2878277,20860,1481265,5697,1394209,840,2803,21182,904166,6181,985351,22030,1889517,California
Los Angeles,2021-03-08,54601,2932878,29541,1510806,23090,1417299,1970,4773,41262,934190,13218,998569,43242,1932759,California
Los Angeles,2021-03-09,81971,3014849,39109,1549915,39572,1456871,3290,8063,52221,960110,29591,1028160,55511,1988270,California
Los Angeles,2021-03-10,83606,3098455,41182,1591097,37527,1494398,4897,12960,52893,987346,30520,1058680,57756,2046026,California
Los Angeles,2021-03-11,93730,3192185,46095,1637192,40896,1535294,6739,19699,54896,1010315,38630,1097310,61599,2107625,California
Los Angeles,2021-03-12,99816,3292001,45249,1682441,40634,1575928,13933,33632,58255,1041116,41337,1138647,72138,2179763,California
Los Angeles,2021-03-13,75996,3367997,35888,1718329,28116,1604044,11992,45624,45307,1067805,30568,1169215,57257,2237020,California
Los Angeles,2021-03-14,39242,3407239,26373,1744702,10312,1614356,2557,48181,24028,1079236,15139,1184354,26570,2263590,California
Los Angeles,2021-03-15,75659,3482898,37181,1781883,33014,1647370,5464,53645,45792,1100802,29663,1214017,51229,2314819,California
Los Angeles,2021-03-16,100550,3583448,44239,1826122,50426,1697796,5885,59530,65142,1136600,35186,1249203,70984,2385803,California
Los Angeles,2021-03-17,98181,3681629,44903,1871025,44952,1742748,8326,67856,65831,1178484,32125,1281328,74009,2459812,California
Los Angeles,2021-03-18,103677,3785306,49803,1920828,48285,1791033,5589,73445,65587,1211871,37773,1319101,71160,2530972,California
Los Angeles,2021-03-19,109937,3895243,57544,1978372,47601,1838634,4792,78237,67735,1242432,41913,1361014,72474,2603446,California
Los Angeles,2021-03-20,76689,3971932,37901,2016273,34188,1872822,4600,82837,51994,1274511,24498,1385512,56577,2660023,California
Los Angeles,2021-03-21,34927,4006859,26018,2042291,8002,1880824,907,83744,22347,1285313,12450,1397962,23252,2683275,California
Los Angeles,2021-03-22,71436,4078295,42106,2084397,27157,1907981,2173,85917,50074,1316483,21073,1419035,52243,2735518,California
Los Angeles,2021-03-23,97128,4175423,52760,2137157,41122,1949103,3246,89163,58616,1340102,38229,1457264,61848,2797366,California
Los Angeles,2021-03-24,105547,4280970,56130,2193287,46245,1995348,3172,92335,60555,1359170,44646,1501910,63714,2861080,California
Los Angeles,2021-03-25,111409,4392379,59881,2253168,47619,2042967,3909,96244,62279,1376541,48800,1550710,66171,2927251,California
Los Angeles,2021-03-26,115794,4508173,63498,2316666,48052,2091019,4244,100488,63716,1392704,51765,1602475,67928,2995179,California
Los Angeles,2021-03-27,83799,4591972,44113,2360779,37547,2128566,2139,102627,42671,1396675,40841,1643316,44812,3039991,California
Los Angeles,2021-03-28,42294,4634266,28695,2389474,13014,2141580,585,103212,20065,1395232,22095,1665411,20652,3060643,California
Los Angeles,2021-03-29,83446,4717712,47030,2436504,34643,2176223,1773,104985,46155,1406103,37058,1702469,47929,3108572,California
Los Angeles,2021-03-30,109569,4827281,52453,2488957,51174,2227397,5942,110927,56933,1416562,52379,1754848,62838,3171410,California
Los Angeles,2021-03-31,123197,4950478,62327,2551284,52019,2279416,8851,119778,68394,1439278,54467,1809315,77183,3248593,California
Los Angeles,2021-04-01,134164,5084642,62955,2614239,55745,2335161,15464,135242,71599,1464073,62178,1871493,86973,3335566,California
Los Angeles,2021-04-02,133133,5217775,59606,2673845,57941,2393102,15586,150828,70447,1487728,62325,1933818,85980,3421546,California
Los Angeles,2021-04-03,98916,5316691,45332,2719177,39918,2433020,13666,164494,48681,1499973,50028,1983846,62273,3483819,California
Los Angeles,2021-04-04,39309,5356000,20587,2739764,12074,2445094,6648,171142,16368,1500102,22844,2006690,22973,3506792,California
Los Angeles,2021-04-05,94430,5450430,44747,2784511,39349,2484443,10334,181476,44430,1505020,49772,2056462,54690,3561482,California
Los Angeles,2021-04-06,121811,5572241,57468,2841979,43974,2528417,20369,201845,55706,1515129,65833,2122295,75942,3637424,California
Los Angeles,2021-04-07,121314,5693555,55274,2897253,44774,2573191,21266,223111,54547,1524320,66482,2188777,75673,3713097,California
Los Angeles,2021-04-08,133879,5827434,59001,2956254,50629,2623820,24249,247360,60085,1535035,73445,2262222,84160,3797257,California
Los Angeles,2021-04-09,132779,5960213,57660,3013914,50982,2674802,24137,271497,56694,1539945,75743,2337965,80653,3877910,California
Los Angeles,2021-04-10,102150,6062363,43164,3057078,34752,2709554,24234,295731,37387,1536925,64501,2402466,61481,3939391,California
Los Angeles,2021-04-11,41982,6104345,22696,3079774,9882,2719436,9404,305135,14442,1533260,27447,2429913,23782,3963173,California
Los Angeles,2021-04-12,79784,6184129,38993,3118767,34317,2753753,6474,311609,32586,1525294,46963,2476876,38997,4002170,California
Los Angeles,2021-04-13,118579,6302708,59805,3178572,58339,2812092,435,312044,62674,1532785,55626,2532502,63117,4065287,California
Los Angeles,2021-04-14,120391,6423099,60267,3238839,59990,2872082,134,312178,65204,1543236,54886,2587388,65337,4130624,California
Los Angeles,2021-04-15,131721,6554820,71240,3310079,60283,2932365,198,312376,75286,1562479,56112,2643500,75355,4205979,California
Los Angeles,2021-04-16,131903,6686723,69680,3379759,62077,2994442,146,312522,69478,1569977,62062,2705562,69560,4275539,California
Los Angeles,2021-04-17,99666,6786389,52168,3431927,47468,3041910,30,312552,57043,1584675,42370,2747932,57068,4332607,California
Los Angeles,2021-04-18,35764,6822153,24157,3456084,11606,3053516,1,312553,19576,1588169,16091,2764023,19585,4352192,California
Los Angeles,2021-04-19,77361,6899514,40544,3496628,36800,3090316,17,312570,34727,1580515,42410,2806433,34756,4386948,California
Los Angeles,2021-04-20,105869,7005383,52506,3549134,53333,3143649,30,312600,52349,1579666,53235,2859668,52386,4439334,California
Los Angeles,2021-04-21,114862,7120245,56286,3605420,58385,3202034,191,312791,50989,1567367,63484,2923152,51185,4490519,California
Los Angeles,2021-04-22,118680,7238925,61704,3667124,56943,3258977,33,312824,52325,1553743,65995,2989147,52371,4542890,California
Los Angeles,2021-04-23,118269,7357194,65023,3732147,53225,3312202,21,312845,56420,1548682,61510,3050657,56449,4599339,California
Los Angeles,2021-04-24,90421,7447615,57453,3789600,32926,3345128,42,312887,50467,1559500,39704,3090361,50522,4649861,California
Los Angeles,2021-04-25,37992,7485607,25161,3814761,12825,3357953,6,312893,20447,1562536,17417,3107778,20453,4670314,California
Los Angeles,2021-04-26,79100,7564707,41256,3856017,37333,3395286,511,313404,39015,1562218,39843,3147621,39525,4709839,California
Los Angeles,2021-04-27,95428,7660135,45962,3901979,47465,3442751,2001,315405,37031,1543144,58096,3205717,39022,4748861,California
Los Angeles,2021-04-28,87938,7748073,42645,3944624,43190,3485941,2103,317508,34819,1527311,52749,3258466,36916,4785777,California
Los Angeles,2021-04-29,94554,7842627,47333,3991957,45009,3530950,2212,319720,34268,1503919,59866,3318332,36474,4822251,California
Los Angeles,2021-04-30,102500,7945127,50811,4042768,49233,3580183,2456,322176,37731,1479791,64301,3382633,40173,4862424,California
Los Angeles,2021-05-01,75729,8020856,42359,4085127,31851,3612034,1519,323695,28548,1463010,46844,3429477,30063,4892487,California
Los Angeles,2021-05-02,28066,8048922,18019,4103146,9307,3621341,740,324435,10172,1456151,17769,3447246,10910,4903397,California
Los Angeles,2021-05-03,62554,8111476,30378,4133524,29938,3651279,2238,326673,22744,1441583,39532,3486778,24964,4928361,California
Los Angeles,2021-05-04,88595,8200071,49393,4182917,36904,3688183,2298,328971,27667,1410928,60605,3547383,29950,4958311,California
Los Angeles,2021-05-05,91549,8291620,53613,4236530,35544,3723727,2392,331363,25424,1372983,65750,3613133,27805,4986116,California
Los Angeles,2021-05-06,98157,8389777,59196,4295726,36444,3760171,2517,333880,23353,1324436,74403,3687536,25856,5011972,California
Los Angeles,2021-05-07,98400,8488177,58269,4353995,37755,3797926,2376,336256,27157,1283085,70861,3758397,29510,5041482,California
Los Angeles,2021-05-08,66020,8554197,43453,4397448,20815,3818741,1752,338008,18033,1255216,47650,3806047,19781,5061263,California
Los Angeles,2021-05-09,24456,8578653,18788,4416236,4928,3823669,740,338748,6160,1243916,18192,3824239,6892,5068155,California
Los Angeles,2021-05-10,50162,8628815,26581,4442817,21694,3845363,1887,340635,15130,1226133,34792,3859031,17009,5085164,California
Los Angeles,2021-05-11,71483,8700298,38986,4481803,30347,3875710,2150,342785,18750,1194561,52453,3911484,20881,5106045,California
Los Angeles,2021-05-12,72620,8772918,39781,4521584,30517,3906227,2322,345107,20442,1165442,51857,3963341,22738,5128783,California
Los Angeles,2021-05-13,78387,8851305,47264,4568848,29390,3935617,1733,346840,27954,1145086,50030,4013371,29674,5158457,California
Los Angeles,2021-05-14,89720,8941025,57126,4625974,30712,3966329,1882,348722,33851,1125299,55509,4068880,35722,5194179,California
Los Angeles,2021-05-15,75545,9016570,52869,4678843,21169,3987498,1507,350229,29122,1109783,46132,4115012,30616,5224795,California
Los Angeles,2021-05-16,30928,9047498,24505,4703348,5807,3993305,616,350845,12248,1104063,18579,4133591,12859,5237654,California
Los Angeles,2021-05-17,61997,9109495,40148,4743496,20063,4013368,1786,352631,24884,1093844,36862,4170453,26643,5264297,California
Los Angeles,2021-05-18,65258,9174753,38633,4782129,24792,4038160,1833,354464,25674,1082010,39307,4209760,27473,5291770,California
Los Angeles,2021-05-19,67530,9242283,40695,4822824,24995,4063155,1840,356304,28750,1074074,38508,4248268,30572,5322342,California
Los Angeles,2021-05-20,66592,9308875,37292,4860116,27220,4090375,2080,358384,25185,1060310,41021,4289289,27257,5349599,California
Los Angeles,2021-05-21,70098,9378973,42502,4902618,25518,4115893,2078,360462,27164,1046996,42541,4331830,29227,5378826,California
Los Angeles,2021-05-22,57211,9436184,37290,4939908,18270,4134163,1651,362113,23249,1038158,33724,4365554,24886,5403712,California
Los Angeles,2021-05-23,24218,9460402,16870,4956778,6505,4140668,843,362956,10671,1036251,13417,4378971,11510,5415222,California
Los Angeles,2021-05-24,49023,9509425,27088,4983866,20079,4160747,1856,364812,18552,1026409,30234,4409205,20392,5435614,California
Los Angeles,2021-05-25,49807,9559232,28819,5012685,19218,4179965,1770,366582,19146,1016916,30403,4439608,20910,5456524,California
Los Angeles,2021-05-26,47177,9606409,26676,5039361,18663,4198628,1838,368420,19716,1011313,27039,4466647,21436,5477960,California
Los Angeles,2021-05-27,45456,9651865,25422,5064783,18199,4216827,1835,370255,18838,1005598,26373,4493020,20658,5498618,California
Los Angeles,2021-05-28,52330,9704195,29638,5094421,20794,4237621,1898,372153,23257,1001987,28756,4521776,25145,5523763,California
Los Angeles,2021-05-29,30478,9734673,17607,5112028,11827,4249448,1044,373197,14145,1001020,16145,4537921,15178,5538941,California
Los Angeles,2021-05-30,12467,9747140,8173,5120201,3561,4253009,733,373930,5780,1000895,6632,4544553,6507,5545448,California
Los Angeles,2021-05-31,6040,9753180,3737,5123938,1997,4255006,306,374236,1727,998670,4255,4548808,2030,5547478,California
Los Angeles,2021-06-01,46238,9799418,25897,5149835,18770,4273776,1571,375807,17061,988446,28831,4577639,18607,5566085,California
Los Angeles,2021-06-02,38561,9837979,22260,5172095,14852,4288628,1449,377256,15103,981796,23177,4600816,16527,5582612,California
Los Angeles,2021-06-03,42752,9880731,28304,5200399,12888,4301516,1560,378816,14683,970239,27784,4628600,16227,5598839,California
Los Angeles,2021-06-04,52329,9933060,35355,5235754,15298,4316814,1676,380492,16595,953111,35376,4663976,18248,5617087,California
Los Angeles,2021-06-05,42409,9975469,30414,5266168,10620,4327434,1375,381867,12529,937306,29694,4693670,13889,5630976,California
Los Angeles,2021-06-06,14652,9990121,12087,5278255,1829,4329263,736,382603,3929,931311,10655,4704325,4660,5635636,California
Los Angeles,2021-06-07,36853,10026974,26306,5304561,9099,4338362,1448,384051,11746,919582,24907,4729232,13178,5648814,California
Los Angeles,2021-06-08,38303,10065277,26380,5330941,10335,4348697,1588,385639,12772,908697,25231,4754463,14346,5663160,California
Los Angeles,2021-06-09,39765,10105042,28074,5359015,10175,4358872,1516,387155,11694,894069,27816,4782279,13188,5676348,California
Los Angeles,2021-06-10,36526,10141568,25280,5384295,9644,4368516,1602,388757,11490,882337,24807,4807086,13075,5689423,California
Los Angeles,2021-06-11,41101,10182669,28169,5412464,11277,4379793,1655,390412,13426,870029,27375,4834461,15067,5704490,California
Los Angeles,2021-06-12,33295,10215964,23956,5436420,8119,4387912,1220,391632,10293,858694,22836,4857297,11501,5715991,California
Los Angeles,2021-06-13,11488,10227452,8223,5444643,2629,4390541,636,392268,2639,853179,8784,4866081,3269,5719260,California
Los Angeles,2021-06-14,32464,10259916,23325,5467968,7767,4398308,1372,393640,11360,844979,20915,4886996,12715,5731975,California
Los Angeles,2021-06-15,33719,10293635,22644,5490612,9397,4407705,1678,395318,11735,836730,21636,4908632,13387,5745362,California
Los Angeles,2021-06-16,32154,10325789,22232,5512844,8207,4415912,1715,397033,11278,829067,20650,4929282,12987,5758349,California
Los Angeles,2021-06-17,28375,10354164,19148,5531992,7872,4423784,1355,398388,10541,823369,17581,4946863,11883,5770232,California
Los Angeles,2021-06-18,33751,10387915,23328,5555320,8844,4432628,1579,399967,12101,815743,21288,4968151,13662,5783894,California
Los Angeles,2021-06-19,21309,10409224,14442,5569762,5750,4438378,1117,401084,8168,812143,12869,4981020,9269,5793163,California
Los Angeles,2021-06-20,8431,10417655,5933,5575695,2008,4440386,490,401574,3062,810396,5295,4986315,3548,5796711,California
Los Angeles,2021-06-21,18371,10436026,11432,5587127,5868,4446254,1071,402645,10027,813253,8229,4994544,11086,5807797,California
Los Angeles,2021-06-22,25049,10461075,17057,5604184,6859,4453113,1133,403778,9871,809242,15011,5009555,11000,5818797,California
Los Angeles,2021-06-23,23872,10484947,16623,5620807,6216,4459329,1033,404811,9760,806081,13946,5023501,10785,5829582,California
Los Angeles,2021-06-24,23341,10508288,16371,5637178,5837,4465166,1133,405944,9110,802281,14009,5037510,10209,5839791,California
Los Angeles,2021-06-25,27081,10535369,19125,5656303,6779,4471945,1177,407121,11148,798843,15745,5053255,12307,5852098,California
Los Angeles,2021-06-26,13708,10549077,9757,5666060,3420,4475365,531,407652,5530,796786,8107,5061362,6050,5858148,California
Madera,2020-12-16,22,22,22,22,0,0,0,0,22,22,0,0,22,22,California
Madera,2020-12-17,12,34,12,34,0,0,0,0,12,34,0,0,12,34,California
Madera,2020-12-18,60,94,60,94,0,0,0,0,60,94,0,0,60,94,California
Madera,2020-12-19,5,99,5,99,0,0,0,0,5,99,0,0,5,99,California
Madera,2020-12-20,14,113,14,113,0,0,0,0,14,113,0,0,14,113,California
Madera,2020-12-21,59,172,59,172,0,0,0,0,59,172,0,0,59,172,California
Madera,2020-12-22,97,269,95,267,2,2,0,0,97,269,0,0,97,269,California
Madera,2020-12-23,67,336,67,334,0,2,0,0,67,336,0,0,67,336,California
Madera,2020-12-24,45,381,40,374,5,7,0,0,45,381,0,0,45,381,California
Madera,2020-12-26,27,408,26,400,1,8,0,0,27,408,0,0,27,408,California
Madera,2020-12-27,30,438,12,412,18,26,0,0,30,438,0,0,30,438,California
Madera,2020-12-28,107,545,36,448,71,97,0,0,107,545,0,0,107,545,California
Madera,2020-12-29,175,720,37,485,138,235,0,0,175,720,0,0,175,720,California
Madera,2020-12-30,224,944,88,573,136,371,0,0,224,944,0,0,224,944,California
Madera,2020-12-31,202,1146,80,653,122,493,0,0,202,1146,0,0,202,1146,California
Madera,2021-01-01,2,1148,1,654,1,494,0,0,2,1148,0,0,2,1148,California
Madera,2021-01-02,89,1237,33,687,56,550,0,0,89,1237,0,0,89,1237,California
Madera,2021-01-03,4,1241,4,691,0,550,0,0,4,1241,0,0,4,1241,California
Madera,2021-01-04,130,1371,66,757,64,614,0,0,130,1371,0,0,130,1371,California
Madera,2021-01-05,280,1651,143,900,137,751,0,0,276,1643,4,4,276,1647,California
Madera,2021-01-06,184,1835,27,927,157,908,0,0,164,1787,20,24,164,1811,California
Madera,2021-01-07,401,2236,117,1044,284,1192,0,0,378,2143,23,47,379,2190,California
Madera,2021-01-08,419,2655,72,1116,347,1539,0,0,364,2454,54,101,365,2555,California
Madera,2021-01-09,37,2692,14,1130,23,1562,0,0,28,2473,9,110,28,2583,California
Madera,2021-01-10,17,2709,14,1144,3,1565,0,0,5,2466,12,122,5,2588,California
Madera,2021-01-11,239,2948,191,1335,48,1613,0,0,198,2623,41,163,198,2786,California
Madera,2021-01-12,389,3337,157,1492,232,1845,0,0,285,2804,104,267,285,3071,California
Madera,2021-01-13,182,3519,91,1583,91,1936,0,0,126,2875,56,323,127,3198,California
Madera,2021-01-14,555,4074,83,1666,472,2408,0,0,521,3362,34,357,521,3719,California
Madera,2021-01-15,599,4673,160,1826,439,2847,0,0,578,3919,21,378,578,4297,California
Madera,2021-01-16,383,5056,49,1875,334,3181,0,0,355,4246,28,406,355,4652,California
Madera,2021-01-17,334,5390,15,1890,319,3500,0,0,330,4572,4,410,330,4982,California
Madera,2021-01-18,77,5467,61,1951,16,3516,0,0,58,4612,18,428,58,5040,California
Madera,2021-01-19,568,6035,134,2085,434,3950,0,0,541,5127,27,455,542,5582,California
Madera,2021-01-20,238,6273,81,2166,157,4107,0,0,209,5308,28,483,209,5791,California
Madera,2021-01-21,242,6515,133,2299,109,4216,0,0,208,5484,32,515,208,5999,California
Madera,2021-01-22,258,6773,83,2382,175,4391,0,0,242,5710,16,531,242,6241,California
Madera,2021-01-23,101,6874,53,2435,48,4439,0,0,77,5763,24,555,77,6318,California
Madera,2021-01-24,100,6974,81,2516,19,4458,0,0,78,5819,22,577,78,6396,California
Madera,2021-01-25,270,7244,127,2643,143,4601,0,0,146,5841,124,701,146,6542,California
Madera,2021-01-26,493,7737,190,2833,303,4904,0,0,301,5952,191,892,302,6844,California
Madera,2021-01-27,744,8481,63,2896,681,5585,0,0,607,6424,137,1029,609,7453,California
Madera,2021-01-28,550,9031,111,3007,439,6024,0,0,444,6763,106,1135,445,7898,California
Madera,2021-01-29,468,9499,93,3100,375,6399,0,0,413,7121,55,1190,413,8311,California
Madera,2021-01-30,503,10002,16,3116,487,6886,0,0,449,7516,54,1244,449,8760,California
Madera,2021-01-31,8,10010,5,3121,3,6889,0,0,7,7522,1,1245,7,8767,California
Madera,2021-02-01,331,10341,146,3267,185,7074,0,0,205,7601,126,1371,205,8972,California
Madera,2021-02-02,253,10594,89,3356,164,7238,0,0,160,7670,92,1463,161,9133,California
Madera,2021-02-03,596,11190,460,3816,136,7374,0,0,477,8031,117,1580,478,9611,California
Madera,2021-02-04,398,11588,126,3942,272,7646,0,0,117,7869,280,1860,118,9729,California
Madera,2021-02-05,978,12566,299,4241,679,8325,0,0,371,7640,601,2461,372,10101,California
Madera,2021-02-06,361,12927,326,4567,35,8360,0,0,320,7920,40,2501,320,10421,California
Madera,2021-02-07,35,12962,7,4574,28,8388,0,0,30,7945,5,2506,30,10451,California
Madera,2021-02-08,383,13345,307,4881,76,8464,0,0,268,8099,114,2620,268,10719,California
Madera,2021-02-09,482,13827,117,4998,365,8829,0,0,198,8017,281,2901,199,10918,California
Madera,2021-02-10,433,14260,149,5147,284,9113,0,0,326,8238,106,3007,327,11245,California
Madera,2021-02-11,935,15195,306,5453,629,9742,0,0,402,8109,532,3539,403,11648,California
Madera,2021-02-12,847,16042,120,5573,727,10469,0,0,313,7897,528,4067,316,11964,California
Madera,2021-02-13,484,16526,45,5618,439,10908,0,0,136,7689,347,4414,139,12103,California
Madera,2021-02-14,400,16926,74,5692,326,11234,0,0,134,7558,266,4680,135,12238,California
Madera,2021-02-15,246,17172,100,5792,146,11380,0,0,175,7663,70,4750,175,12413,California
Madera,2021-02-16,779,17951,184,5976,595,11975,0,0,227,7341,550,5300,228,12641,California
Madera,2021-02-17,613,18564,275,6251,338,12313,0,0,341,7419,265,5565,343,12984,California
Madera,2021-02-18,1302,19866,540,6791,762,13075,0,0,1122,8362,180,5745,1123,14107,California
Madera,2021-02-19,862,20728,546,7337,316,13391,0,0,718,8937,144,5889,719,14826,California
Madera,2021-02-20,1072,21800,980,8317,92,13483,0,0,999,9865,72,5961,1000,15826,California
Madera,2021-02-21,965,22765,822,9139,143,13626,0,0,960,10820,5,5966,960,16786,California
Madera,2021-02-22,915,23680,837,9976,78,13704,0,0,859,11623,56,6022,859,17645,California
Madera,2021-02-23,736,24416,464,10440,272,13976,0,0,522,11932,213,6235,522,18167,California
Madera,2021-02-24,911,25327,300,10740,611,14587,0,0,381,11784,529,6764,381,18548,California
Madera,2021-02-25,1034,26361,317,11057,717,15304,0,0,600,11952,432,7196,600,19148,California
Madera,2021-02-26,1094,27455,198,11255,896,16200,0,0,712,12284,380,7576,712,19860,California
Madera,2021-02-27,925,28380,293,11548,632,16832,0,0,495,12356,427,8003,499,20359,California
Madera,2021-02-28,193,28573,30,11578,163,16995,0,0,187,12537,6,8009,187,20546,California
Madera,2021-03-01,378,28951,119,11697,259,17254,0,0,195,12551,181,8190,195,20741,California
Madera,2021-03-02,742,29693,350,12047,392,17646,0,0,627,13068,113,8303,630,21371,California
Madera,2021-03-03,1357,31050,728,12775,629,18275,0,0,951,13642,403,8706,977,22348,California
Madera,2021-03-04,1204,32254,526,13301,678,18953,0,0,951,14342,254,8960,954,23302,California
Madera,2021-03-05,1361,33615,420,13721,928,19881,13,13,1079,15165,280,9240,1103,24405,California
Madera,2021-03-06,817,34432,635,14356,150,20031,32,45,499,15380,317,9557,532,24937,California
Madera,2021-03-07,154,34586,27,14383,105,20136,22,67,105,15458,49,9606,127,25064,California
Madera,2021-03-08,603,35189,336,14719,208,20344,59,126,310,15536,293,9899,371,25435,California
Madera,2021-03-09,597,35786,296,15015,267,20611,34,160,408,15799,187,10086,450,25885,California
Madera,2021-03-10,1191,36977,558,15573,553,21164,80,240,755,16204,431,10517,836,26721,California
Madera,2021-03-11,1683,38660,867,16440,488,21652,328,568,770,16403,911,11428,1110,27831,California
Madera,2021-03-12,1583,40243,820,17260,608,22260,155,723,801,16608,780,12208,985,28816,California
Madera,2021-03-13,1889,42132,1328,18588,362,22622,199,922,818,16575,1067,13275,1034,29850,California
Madera,2021-03-14,584,42716,449,19037,103,22725,32,954,293,16612,288,13563,325,30175,California
Madera,2021-03-15,741,43457,225,19262,470,23195,46,1000,511,16973,227,13790,588,30763,California
Madera,2021-03-16,931,44388,528,19790,356,23551,47,1047,741,17591,187,13977,805,31568,California
Madera,2021-03-17,1463,45851,980,20770,420,23971,63,1110,907,18105,547,14524,1061,32629,California
Madera,2021-03-18,1956,47807,687,21457,1205,25176,64,1174,971,18251,979,15503,1125,33754,California
Madera,2021-03-19,1586,49393,591,22048,913,26089,82,1256,1031,18892,551,16054,1192,34946,California
Madera,2021-03-20,1182,50575,776,22824,353,26442,53,1309,596,19021,585,16639,714,35660,California
Madera,2021-03-21,1101,51676,899,23723,157,26599,45,1354,380,18729,718,17357,426,36086,California
Madera,2021-03-22,1360,53036,854,24577,440,27039,66,1420,682,18849,675,18032,795,36881,California
Madera,2021-03-23,1432,54468,877,25454,464,27503,91,1511,681,18955,749,18781,855,37736,California
Madera,2021-03-24,948,55416,509,25963,408,27911,31,1542,615,19276,330,19111,651,38387,California
Madera,2021-03-25,1167,56583,527,26490,616,28527,24,1566,643,19442,514,19625,680,39067,California
Madera,2021-03-26,1521,58104,577,27067,812,29339,132,1698,712,19485,805,20430,848,39915,California
Madera,2021-03-27,927,59031,605,27672,297,29636,25,1723,415,19418,508,20938,441,40356,California
Madera,2021-03-28,435,59466,151,27823,224,29860,60,1783,202,19540,232,21170,354,40710,California
Madera,2021-03-29,682,60148,178,28001,475,30335,29,1812,489,19873,189,21359,522,41232,California
Madera,2021-03-30,1069,61217,605,28606,435,30770,29,1841,478,19794,588,21947,509,41741,California
Madera,2021-03-31,1400,62617,542,29148,721,31491,137,1978,424,19386,970,22917,562,42303,California
Madera,2021-04-01,1385,64002,626,29774,708,32199,51,2029,481,19022,894,23811,530,42833,California
Madera,2021-04-02,1607,65609,461,30235,1087,33286,59,2088,479,18444,1117,24928,539,43372,California
Madera,2021-04-03,962,66571,763,30998,179,33465,20,2108,392,18297,568,25496,421,43793,California
Madera,2021-04-04,187,66758,65,31063,120,33585,2,2110,86,18285,101,25597,89,43882,California
Madera,2021-04-05,735,67493,252,31315,424,34009,59,2169,338,18301,395,25992,411,44293,California
Madera,2021-04-06,1702,69195,886,32201,462,34471,354,2523,528,18012,1172,27164,883,45176,California
Madera,2021-04-07,1227,70422,382,32583,695,35166,150,2673,423,17789,801,27965,578,45754,California
Madera,2021-04-08,1726,72148,669,33252,798,35964,259,2932,555,17445,1164,29129,820,46574,California
Madera,2021-04-09,1652,73800,695,33947,808,36772,149,3081,947,17844,700,29829,1099,47673,California
Madera,2021-04-10,978,74778,686,34633,224,36996,68,3149,711,18356,268,30097,780,48453,California
Madera,2021-04-11,813,75591,658,35291,76,37072,79,3228,288,18200,521,30618,365,48818,California
Madera,2021-04-12,817,76408,295,35586,447,37519,75,3303,316,18091,501,31119,392,49210,California
Madera,2021-04-13,1248,77656,616,36202,590,38109,42,3345,726,18349,520,31639,778,49988,California
Madera,2021-04-14,1399,79055,867,37069,532,38641,0,3345,576,18109,822,32461,582,50570,California
Madera,2021-04-15,1170,80225,509,37578,660,39301,1,3346,422,17797,736,33197,424,50994,California
Madera,2021-04-16,1361,81586,546,38124,815,40116,0,3346,385,17222,962,34159,387,51381,California
Madera,2021-04-17,1295,82881,1091,39215,204,40320,0,3346,775,17479,518,34677,775,52156,California
Madera,2021-04-18,259,83140,219,39434,40,40360,0,3346,89,17401,167,34844,89,52245,California
Madera,2021-04-19,818,83958,245,39679,572,40932,1,3347,285,17159,527,35371,285,52530,California
Madera,2021-04-20,905,84863,456,40135,449,41381,0,3347,236,16732,665,36036,238,52768,California
Madera,2021-04-21,884,85747,477,40612,407,41788,0,3347,296,16443,587,36623,298,53066,California
Madera,2021-04-22,1100,86847,533,41145,567,42355,0,3347,378,16104,718,37341,379,53445,California
Madera,2021-04-23,970,87817,317,41462,653,43008,0,3347,339,15817,626,37967,339,53784,California
Madera,2021-04-24,708,88525,466,41928,242,43250,0,3347,247,15608,457,38424,248,54032,California
Madera,2021-04-25,264,88789,160,42088,101,43351,3,3350,117,15586,143,38567,121,54153,California
Madera,2021-04-26,560,89349,106,42194,448,43799,6,3356,132,15299,425,38992,138,54291,California
Madera,2021-04-27,626,89975,280,42474,321,44120,25,3381,315,15330,310,39302,341,54632,California
Madera,2021-04-28,507,90482,205,42679,283,44403,19,3400,246,15335,259,39561,264,54896,California
Madera,2021-04-29,552,91034,250,42929,275,44678,27,3427,258,15334,287,39848,286,55182,California
Madera,2021-04-30,943,91977,511,43440,416,45094,16,3443,275,14963,662,40510,291,55473,California
Madera,2021-05-01,968,92945,870,44310,85,45179,13,3456,389,14787,578,41088,402,55875,California
Madera,2021-05-02,401,93346,353,44663,43,45222,5,3461,146,14683,255,41343,151,56026,California
Madera,2021-05-03,500,93846,198,44861,262,45484,40,3501,101,14428,396,41739,141,56167,California
Madera,2021-05-04,910,94756,439,45300,427,45911,44,3545,216,13994,694,42433,260,56427,California
Madera,2021-05-05,1024,95780,490,45790,474,46385,60,3605,280,13592,742,43175,340,56767,California
Madera,2021-05-06,710,96490,260,46050,418,46803,32,3637,166,13251,539,43714,198,56965,California
Madera,2021-05-07,813,97303,283,46333,509,47312,21,3658,197,12858,610,44324,217,57182,California
Madera,2021-05-08,975,98278,762,47095,202,47514,11,3669,187,12269,787,45111,198,57380,California
Madera,2021-05-09,146,98424,20,47115,115,47629,11,3680,35,12205,110,45221,46,57426,California
Madera,2021-05-10,361,98785,75,47190,274,47903,12,3692,101,12059,259,45480,113,57539,California
Madera,2021-05-11,539,99324,186,47376,344,48247,9,3701,173,11877,364,45844,182,57721,California
Madera,2021-05-12,504,99828,228,47604,240,48487,36,3737,125,11661,377,46221,161,57882,California
Madera,2021-05-13,508,100336,309,47913,167,48654,32,3769,175,11538,330,46551,207,58089,California
Madera,2021-05-14,537,100873,270,48183,243,48897,24,3793,233,11494,301,46852,257,58346,California
Madera,2021-05-15,560,101433,476,48659,76,48973,8,3801,362,11668,196,47048,370,58716,California
Madera,2021-05-16,258,101691,190,48849,36,49009,32,3833,107,11656,151,47199,139,58855,California
Madera,2021-05-17,451,102142,189,49038,234,49243,28,3861,202,11640,246,47445,230,59085,California
Madera,2021-05-18,549,102691,366,49404,159,49402,24,3885,287,11693,258,47703,311,59396,California
Madera,2021-05-19,487,103178,224,49628,241,49643,22,3907,216,11662,269,47972,238,59634,California
Madera,2021-05-20,592,103770,270,49898,284,49927,38,3945,231,11577,354,48326,269,59903,California
Madera,2021-05-21,503,104273,193,50091,283,50210,27,3972,191,11488,307,48633,218,60121,California
Madera,2021-05-22,901,105174,815,50906,74,50284,12,3984,529,11658,371,49004,541,60662,California
Madera,2021-05-23,267,105441,240,51146,17,50301,10,3994,143,11688,123,49127,153,60815,California
Madera,2021-05-24,308,105749,140,51286,127,50428,41,4035,122,11666,185,49312,163,60978,California
Madera,2021-05-25,381,106130,169,51455,180,50608,32,4067,151,11621,228,49540,183,61161,California
Madera,2021-05-26,446,106576,260,51715,164,50772,22,4089,237,11674,206,49746,259,61420,California
Madera,2021-05-27,374,106950,136,51851,200,50972,38,4127,128,11598,242,49988,166,61586,California
Madera,2021-05-28,446,107396,171,52022,247,51219,28,4155,172,11526,272,50260,200,61786,California
Madera,2021-05-29,308,107704,217,52239,73,51292,18,4173,167,11570,141,50401,185,61971,California
Madera,2021-05-30,61,107765,26,52265,31,51323,4,4177,28,11570,32,50433,32,62003,California
Madera,2021-05-31,26,107791,9,52274,13,51336,4,4181,11,11570,15,50448,15,62018,California
Madera,2021-06-01,288,108079,143,52417,122,51458,23,4204,106,11519,180,50628,129,62147,California
Madera,2021-06-02,396,108475,126,52543,247,51705,23,4227,117,11381,278,50906,140,62287,California
Madera,2021-06-03,281,108756,149,52692,117,51822,15,4242,90,11295,191,51097,105,62392,California
Madera,2021-06-04,376,109132,241,52933,124,51946,11,4253,148,11227,227,51324,159,62551,California
Madera,2021-06-05,514,109646,389,53322,112,52058,13,4266,151,11033,358,51682,164,62715,California
Madera,2021-06-06,135,109781,115,53437,13,52071,7,4273,38,10981,97,51779,45,62760,California
Madera,2021-06-07,250,110031,155,53592,74,52145,21,4294,44,10840,206,51985,65,62825,California
Madera,2021-06-08,388,110419,273,53865,94,52239,21,4315,96,10665,292,52277,117,62942,California
Madera,2021-06-09,371,110790,236,54101,109,52348,26,4341,142,10605,228,52505,168,63110,California
Madera,2021-06-10,339,111129,196,54297,127,52475,16,4357,116,10516,221,52726,132,63242,California
Madera,2021-06-11,377,111506,218,54515,127,52602,32,4389,169,10508,207,52933,199,63441,California
Madera,2021-06-12,570,112076,501,55016,54,52656,15,4404,91,10135,479,53412,106,63547,California
Madera,2021-06-13,192,112268,158,55174,29,52685,5,4409,52,10053,139,53551,57,63604,California
Madera,2021-06-14,227,112495,163,55337,41,52726,23,4432,89,10030,135,53686,112,63716,California
Madera,2021-06-15,359,112854,248,55585,78,52804,33,4465,155,10015,203,53889,188,63904,California
Madera,2021-06-16,328,113182,252,55837,62,52866,14,4479,119,9944,204,54093,133,64037,California
Madera,2021-06-17,264,113446,131,55968,124,52990,9,4488,98,9886,165,54258,107,64144,California
Madera,2021-06-18,273,113719,174,56142,75,53065,24,4512,116,9869,156,54414,139,64283,California
Madera,2021-06-19,246,113965,199,56341,39,53104,8,4520,80,9791,166,54580,88,64371,California
Madera,2021-06-20,55,114020,45,56386,3,53107,7,4527,27,9797,28,54608,34,64405,California
Madera,2021-06-21,164,114184,79,56465,60,53167,25,4552,73,9804,91,54699,98,64503,California
Madera,2021-06-22,236,114420,159,56624,58,53225,19,4571,116,9821,118,54817,135,64638,California
Madera,2021-06-23,262,114682,188,56812,65,53290,9,4580,139,9846,123,54940,148,64786,California
Madera,2021-06-24,200,114882,98,56910,82,53372,20,4600,74,9815,125,55065,94,64880,California
Madera,2021-06-25,254,115136,166,57076,65,53437,23,4623,98,9783,153,55218,121,65001,California
Madera,2021-06-26,125,115261,93,57169,21,53458,11,4634,50,9769,75,55293,61,65062,California
Marin,2020-12-15,2,2,2,2,0,0,0,0,2,2,0,0,2,2,California
Marin,2020-12-16,108,110,108,110,0,0,0,0,108,110,0,0,108,110,California
Marin,2020-12-17,274,384,274,384,0,0,0,0,274,384,0,0,274,384,California
Marin,2020-12-18,390,774,390,774,0,0,0,0,390,774,0,0,390,774,California
Marin,2020-12-19,348,1122,347,1121,1,1,0,0,348,1122,0,0,348,1122,California
Marin,2020-12-20,167,1289,166,1287,1,2,0,0,167,1289,0,0,167,1289,California
Marin,2020-12-21,237,1526,234,1521,3,5,0,0,237,1526,0,0,237,1526,California
Marin,2020-12-22,522,2048,318,1839,204,209,0,0,522,2048,0,0,522,2048,California
Marin,2020-12-23,731,2779,316,2155,415,624,0,0,731,2779,0,0,731,2779,California
Marin,2020-12-24,359,3138,160,2315,199,823,0,0,359,3138,0,0,359,3138,California
Marin,2020-12-25,27,3165,0,2315,27,850,0,0,27,3165,0,0,27,3165,California
Marin,2020-12-26,144,3309,95,2410,49,899,0,0,144,3309,0,0,144,3309,California
Marin,2020-12-27,91,3400,54,2464,37,936,0,0,91,3400,0,0,91,3400,California
Marin,2020-12-28,407,3807,99,2563,308,1244,0,0,407,3807,0,0,407,3807,California
Marin,2020-12-29,399,4206,88,2651,311,1555,0,0,399,4206,0,0,399,4206,California
Marin,2020-12-30,630,4836,390,3041,240,1795,0,0,630,4836,0,0,630,4836,California
Marin,2020-12-31,201,5037,35,3076,166,1961,0,0,200,5035,1,1,200,5036,California
Marin,2021-01-01,30,5067,14,3090,16,1977,0,0,30,5065,0,1,30,5066,California
Marin,2021-01-02,112,5179,106,3196,6,1983,0,0,112,5177,0,1,112,5178,California
Marin,2021-01-03,49,5228,31,3227,18,2001,0,0,45,5222,0,1,45,5223,California
Marin,2021-01-04,297,5525,193,3420,104,2105,0,0,296,5517,1,2,296,5519,California
Marin,2021-01-05,367,5892,219,3639,148,2253,0,0,324,5798,43,45,324,5843,California
Marin,2021-01-06,821,6713,320,3959,501,2754,0,0,639,6255,182,227,639,6482,California
Marin,2021-01-07,889,7602,502,4461,387,3141,0,0,530,6426,359,586,530,7012,California
Marin,2021-01-08,976,8578,517,4978,459,3600,0,0,587,6625,388,974,587,7599,California
Marin,2021-01-09,617,9195,222,5200,395,3995,0,0,487,6982,130,1104,487,8086,California
Marin,2021-01-10,131,9326,102,5302,29,4024,0,0,57,6965,74,1178,57,8143,California
Marin,2021-01-11,470,9796,326,5628,144,4168,0,0,249,6995,221,1399,251,8394,California
Marin,2021-01-12,938,10734,544,6172,394,4562,0,0,568,7197,366,1765,568,8962,California
Marin,2021-01-13,1171,11905,496,6668,675,5237,0,0,936,7898,235,2000,936,9898,California
Marin,2021-01-14,1077,12982,324,6992,753,5990,0,0,925,8673,150,2150,925,10823,California
Marin,2021-01-15,1165,14147,357,7349,808,6798,0,0,1033,9577,131,2281,1035,11858,California
Marin,2021-01-16,1127,15274,917,8266,210,7008,0,0,1051,10552,76,2357,1051,12909,California
Marin,2021-01-17,1228,16502,1109,9375,119,7127,0,0,1199,11726,28,2385,1202,14111,California
Marin,2021-01-18,365,16867,160,9535,205,7332,0,0,315,11991,50,2435,315,14426,California
Marin,2021-01-19,1153,18020,911,10446,242,7574,0,0,982,12803,170,2605,982,15408,California
Marin,2021-01-20,1796,19816,1210,11656,586,8160,0,0,1060,13140,724,3329,1061,16469,California
Marin,2021-01-21,1699,21515,1067,12723,632,8792,0,0,1340,14126,356,3685,1342,17811,California
Marin,2021-01-22,1713,23228,1092,13815,621,9413,0,0,1539,15492,174,3859,1540,19351,California
Marin,2021-01-23,1854,25082,1348,15163,506,9919,0,0,1765,17169,88,3947,1765,21116,California
Marin,2021-01-24,617,25699,165,15328,452,10371,0,0,584,17720,33,3980,584,21700,California
Marin,2021-01-25,1129,26828,230,15558,899,11270,0,0,693,17978,436,4416,694,22394,California
Marin,2021-01-26,1522,28350,784,16342,738,12008,0,0,1144,18745,377,4793,1144,23538,California
Marin,2021-01-27,1731,30081,891,17233,840,12848,0,0,1361,19739,368,5161,1362,24900,California
Marin,2021-01-28,2092,32173,1074,18307,1018,13866,0,0,1825,21299,266,5427,1826,26726,California
Marin,2021-01-29,2211,34384,1438,19745,773,14639,0,0,2013,23127,186,5613,2014,28740,California
Marin,2021-01-30,1719,36103,906,20651,813,15452,0,0,1640,24688,79,5692,1640,30380,California
Marin,2021-01-31,459,36562,322,20973,137,15589,0,0,432,25093,27,5719,432,30812,California
Marin,2021-02-01,1101,37663,416,21389,685,16274,0,0,901,25796,199,5918,902,31714,California
Marin,2021-02-02,1428,39091,498,21887,930,17204,0,0,762,25903,655,6573,762,32476,California
Marin,2021-02-03,1783,40874,425,22312,1358,18562,0,0,1274,26669,508,7081,1274,33750,California
Marin,2021-02-04,1536,42410,506,22818,1030,19592,0,0,927,26991,605,7686,927,34677,California
Marin,2021-02-05,2179,44589,676,23494,1503,21095,0,0,1337,27490,838,8524,1337,36014,California
Marin,2021-02-06,1429,46018,850,24344,579,21674,0,0,603,27268,825,9349,603,36617,California
Marin,2021-02-07,1294,47312,1009,25353,285,21959,0,0,496,26967,797,10146,496,37113,California
Marin,2021-02-08,1532,48844,758,26111,774,22733,0,0,731,26900,798,10944,731,37844,California
Marin,2021-02-09,1789,50633,1128,27239,661,23394,0,0,843,26797,946,11890,843,38687,California
Marin,2021-02-10,2356,52989,1502,28741,854,24248,0,0,1228,26900,1126,13016,1229,39916,California
Marin,2021-02-11,2885,55874,1653,30394,1232,25480,0,0,1455,26933,1425,14441,1458,41374,California
Marin,2021-02-12,3086,58960,1549,31943,1537,27017,0,0,1570,26991,1513,15954,1571,42945,California
Marin,2021-02-13,2345,61305,1247,33190,1098,28115,0,0,1126,26900,1217,17171,1126,44071,California
Marin,2021-02-14,819,62124,306,33496,513,28628,0,0,725,27532,94,17265,726,44797,California
Marin,2021-02-15,1230,63354,359,33855,871,29499,0,0,845,27994,384,17649,846,45643,California
Marin,2021-02-16,2477,65831,1063,34918,1414,30913,0,0,1510,28538,966,18615,1510,47153,California
Marin,2021-02-17,2115,67946,951,35869,1164,32077,0,0,1097,28620,1016,19631,1098,48251,California
Marin,2021-02-18,2433,70379,1590,37459,843,32920,0,0,1065,28320,1365,20996,1065,49316,California
Marin,2021-02-19,2796,73175,2181,39640,615,33535,0,0,1245,28029,1537,22533,1246,50562,California
Marin,2021-02-20,2631,75806,2159,41799,472,34007,0,0,1256,27919,1368,23901,1258,51820,California
Marin,2021-02-21,1330,77136,1129,42928,201,34208,0,0,944,28481,382,24283,944,52764,California
Marin,2021-02-22,1870,79006,1434,44362,436,34644,0,0,1237,29088,630,24913,1237,54001,California
Marin,2021-02-23,2911,81917,1681,46043,1230,35874,0,0,1952,30095,946,25859,1953,55954,California
Marin,2021-02-24,3547,85464,1635,47678,1912,37786,0,0,2269,31095,1270,27129,2270,58224,California
Marin,2021-02-25,4101,89565,1938,49616,2163,39949,0,0,2898,32801,1194,28323,2900,61124,California
Marin,2021-02-26,3682,93247,2006,51622,1676,41625,0,0,2654,34440,1016,29339,2655,63779,California
Marin,2021-02-27,2744,95991,1616,53238,1128,42753,0,0,1899,35501,840,30179,1901,65680,California
Marin,2021-02-28,1648,97639,930,54168,718,43471,0,0,1296,36448,349,30528,1296,66976,California
Marin,2021-03-01,2699,100338,1674,55842,1024,44495,1,1,1821,37401,869,31397,1822,68798,California
Marin,2021-03-02,2536,102874,1690,57532,845,45340,1,2,1735,38341,797,32194,1737,70535,California
Marin,2021-03-03,4353,107227,2426,59958,1923,47263,4,6,2817,39632,1530,33724,2821,73356,California
Marin,2021-03-04,3403,110630,1671,61629,1731,48994,1,7,2379,40999,1017,34741,2384,75740,California
Marin,2021-03-05,3085,113715,1179,62808,1894,50888,12,19,1806,41543,1274,36015,1818,77558,California
Marin,2021-03-06,3238,116953,2321,65129,839,51727,78,97,2661,43710,572,36587,2739,80297,California
Marin,2021-03-07,1398,118351,1174,66303,200,51927,24,121,1000,44341,393,36980,1024,81321,California
Marin,2021-03-08,1904,120255,1392,67695,395,52322,117,238,1427,45412,473,37453,1544,82865,California
Marin,2021-03-09,2239,122494,1343,69038,785,53107,111,349,1553,46391,683,38136,1662,84527,California
Marin,2021-03-10,4474,126968,2511,71549,1670,54777,293,642,3220,48654,1249,39385,3512,88039,California
Marin,2021-03-11,4600,131568,1892,73441,2571,57348,137,779,3295,50788,1298,40683,3432,91471,California
Marin,2021-03-12,4010,135578,1554,74995,2099,59447,357,1136,1565,50276,2433,43116,1921,93392,California
Marin,2021-03-13,4113,139691,2868,77863,1171,60618,74,1210,2391,51016,1720,44836,2460,95852,California
Marin,2021-03-14,2282,141973,1104,78967,1060,61678,118,1328,699,50250,1581,46417,815,96667,California
Marin,2021-03-15,3265,145238,1783,80750,1433,63111,49,1377,1219,49483,2035,48452,1268,97935,California
Marin,2021-03-16,4305,149543,2324,83074,1618,64729,363,1740,1465,48473,2836,51288,1826,99761,California
Marin,2021-03-17,4226,153769,2291,85365,1882,66611,53,1793,2066,48444,2147,53435,2118,101879,California
Marin,2021-03-18,4511,158280,2283,87648,2153,68764,75,1868,2143,48309,2350,55785,2215,104094,California
Marin,2021-03-19,4499,162779,2311,89959,1967,70731,221,2089,2331,48701,2157,57942,2549,106643,California
Marin,2021-03-20,3604,166383,2001,91960,1488,72219,115,2204,1933,49088,1662,59604,2049,108692,California
Marin,2021-03-21,1557,167940,1156,93116,378,72597,23,2227,814,49185,740,60344,837,109529,California
Marin,2021-03-22,2514,170454,2168,95284,178,72775,168,2395,921,48687,1587,61931,1089,110618,California
Marin,2021-03-23,4322,174776,2267,97551,1926,74701,129,2524,1932,48366,2382,64313,2061,112679,California
Marin,2021-03-24,4467,179243,2909,100460,1443,76144,115,2639,1818,47661,2636,66949,1931,114610,California
Marin,2021-03-25,4666,183909,2844,103304,1750,77894,72,2711,2251,47581,2401,69350,2321,116931,California
Marin,2021-03-26,4325,188234,2354,105658,1757,79651,214,2925,2403,48291,1907,71257,2617,119548,California
Marin,2021-03-27,3714,191948,2663,108321,1032,80683,19,2944,1145,46896,2558,73815,1163,120711,California
Marin,2021-03-28,2386,194334,1722,110043,658,81341,6,2950,842,46207,1537,75352,848,121559,California
Marin,2021-03-29,2700,197034,2103,112146,571,81912,26,2976,1139,45814,1558,76910,1165,122724,California
Marin,2021-03-30,4678,201712,3655,115801,989,82901,34,3010,2956,47085,1719,78629,2990,125714,California
Marin,2021-03-31,5849,207561,4142,119943,1658,84559,49,3059,2555,46407,3283,81912,2605,128319,California
Marin,2021-04-01,4465,212026,2292,122235,1915,86474,258,3317,2116,46444,2336,84248,2373,130692,California
Marin,2021-04-02,3753,215779,1864,124099,1518,87992,371,3688,2013,47087,1732,85980,2375,133067,California
Marin,2021-04-03,3866,219645,2521,126620,966,88958,379,4067,1460,46534,2394,88374,1841,134908,California
Marin,2021-04-04,1654,221299,1242,127862,210,89168,202,4269,1201,47486,451,88825,1403,136311,California
Marin,2021-04-05,2222,223521,1541,129403,306,89474,375,4644,1272,48186,945,89770,1645,137956,California
Marin,2021-04-06,3996,227517,2125,131528,1318,90792,553,5197,2219,49185,1771,91541,2770,140726,California
Marin,2021-04-07,3999,231516,2017,133545,1334,92126,648,5845,1464,48771,2525,94066,2111,142837,California
Marin,2021-04-08,5070,236586,1979,135524,2478,94604,613,6458,2309,48935,2748,96814,2912,145749,California
Marin,2021-04-09,4004,240590,1567,137091,1708,96312,729,7187,1327,48315,2673,99487,2053,147802,California
Marin,2021-04-10,3227,243817,1487,138578,1306,97618,434,7621,1450,48432,1763,101250,1880,149682,California
Marin,2021-04-11,1068,244885,813,139391,92,97710,163,7784,477,48482,589,101839,639,150321,California
Marin,2021-04-12,1759,246644,1249,140640,347,98057,163,7947,919,48729,836,102675,1083,151404,California
Marin,2021-04-13,3798,250442,2331,142971,1460,99517,7,7954,1381,47711,2406,105081,1388,152792,California
Marin,2021-04-14,4271,254713,2556,145527,1712,101229,3,7957,1748,46962,2498,107579,1749,154541,California
Marin,2021-04-15,5645,260358,3981,149508,1664,102893,0,7957,3229,47791,2401,109980,3230,157771,California
Marin,2021-04-16,4302,264660,2257,151765,2042,104935,3,7960,2090,47689,2196,112176,2094,159865,California
Marin,2021-04-17,3580,268240,2176,153941,1404,106339,0,7960,1788,47693,1785,113961,1789,161654,California
Marin,2021-04-18,3239,271479,3138,157079,101,106440,0,7960,2553,49563,683,114644,2553,164207,California
Marin,2021-04-19,2068,273547,1889,158968,178,106618,1,7961,1157,49818,904,115548,1159,165366,California
Marin,2021-04-20,3791,277338,2637,161605,1154,107772,0,7961,1480,48998,2301,117849,1481,166847,California
Marin,2021-04-21,4152,281490,3064,164669,1085,108857,3,7964,1401,47669,2731,120580,1402,168249,California
Marin,2021-04-22,4293,285783,3274,167943,1019,109876,0,7964,1503,46397,2779,123359,1507,169756,California
Marin,2021-04-23,3296,289079,1858,169801,1438,111314,0,7964,1255,45624,2029,125388,1256,171012,California
Marin,2021-04-24,2529,291608,1687,171488,841,112155,1,7965,925,44959,1592,126980,927,171939,California
Marin,2021-04-25,1384,292992,1264,172752,120,112275,0,7965,304,44192,1071,128051,304,172243,California
Marin,2021-04-26,1667,294659,1429,174181,235,112510,3,7968,409,43351,1255,129306,414,172657,California
Marin,2021-04-27,3084,297743,2224,176405,809,113319,51,8019,1006,42335,2069,131375,1053,173710,California
Marin,2021-04-28,2351,300094,1625,178030,675,113994,51,8070,741,41520,1606,132981,791,174501,California
Marin,2021-04-29,2943,303037,2020,180050,860,114854,63,8133,820,40292,2112,135093,884,175385,California
Marin,2021-04-30,1990,305027,1292,181342,611,115465,87,8220,705,39808,1276,136369,792,176177,California
Marin,2021-05-01,1840,306867,1026,182368,791,116256,23,8243,547,39093,1284,137653,569,176746,California
Marin,2021-05-02,730,307597,590,182958,111,116367,29,8272,201,38799,523,138176,229,176975,California
Marin,2021-05-03,1225,308822,999,183957,170,116537,56,8328,265,38164,955,139131,320,177295,California
Marin,2021-05-04,2965,311787,1996,185953,877,117414,92,8420,480,36260,2476,141607,572,177867,California
Marin,2021-05-05,2790,314577,2029,187982,635,118049,126,8546,453,34508,2330,143937,578,178445,California
Marin,2021-05-06,3275,317852,2538,190520,648,118697,89,8635,428,32185,2837,146774,514,178959,California
Marin,2021-05-07,2056,319908,1551,192071,419,119116,86,8721,384,30987,1665,148439,467,179426,California
Marin,2021-05-08,2507,322415,1900,193971,485,119601,122,8843,349,29309,2150,150589,472,179898,California
Marin,2021-05-09,989,323404,899,194870,71,119672,19,8862,112,28567,874,151463,132,180030,California
Marin,2021-05-10,1419,324823,1158,196028,191,119863,70,8932,204,27630,1210,152673,273,180303,California
Marin,2021-05-11,2343,327166,1868,197896,419,120282,56,8988,304,25952,2037,154710,359,180662,California
Marin,2021-05-12,1859,329025,1461,199357,329,120611,69,9057,298,24762,1555,156265,365,181027,California
Marin,2021-05-13,2684,331709,2295,201652,335,120946,54,9111,1416,24971,1260,157525,1469,182496,California
Marin,2021-05-14,2204,333913,1450,203102,654,121600,100,9211,882,24637,1315,158840,981,183477,California
Marin,2021-05-15,2762,336675,2280,205382,402,122002,80,9291,1676,25309,1084,159924,1756,185233,California
Marin,2021-05-16,1726,338401,1665,207047,53,122055,8,9299,1398,26390,325,160249,1406,186639,California
Marin,2021-05-17,2143,340544,1991,209038,109,122164,43,9342,1703,27703,433,160682,1746,188385,California
Marin,2021-05-18,1538,342082,1192,210230,291,122455,55,9397,794,27813,737,161419,847,189232,California
Marin,2021-05-19,1569,343651,1241,211471,257,122712,71,9468,771,27861,792,162211,840,190072,California
Marin,2021-05-20,1832,345483,1493,212964,253,122965,86,9554,749,27622,1075,163286,836,190908,California
Marin,2021-05-21,1474,346957,845,213809,580,123545,49,9603,438,27080,1029,164315,487,191395,California
Marin,2021-05-22,1432,348389,1084,214893,290,123835,58,9661,962,27634,466,164781,1020,192415,California
Marin,2021-05-23,477,348866,423,215316,42,123877,12,9673,218,27609,256,165037,231,192646,California
Marin,2021-05-24,674,349540,499,215815,135,124012,40,9713,352,27681,319,165356,391,193037,California
Marin,2021-05-25,1005,350545,627,216442,332,124344,46,9759,316,27359,681,166037,359,193396,California
Marin,2021-05-26,724,351269,492,216934,182,124526,50,9809,260,27209,460,166497,310,193706,California
Marin,2021-05-27,1036,352305,666,217600,291,124817,79,9888,343,26941,690,167187,422,194128,California
Marin,2021-05-28,1108,353413,720,218320,308,125125,80,9968,327,26569,777,167964,405,194533,California
Marin,2021-05-29,378,353791,221,218541,147,125272,10,9978,208,26617,170,168134,218,194751,California
Marin,2021-05-30,97,353888,57,218598,35,125307,5,9983,56,26638,40,168174,61,194812,California
Marin,2021-05-31,27,353915,13,218611,13,125320,1,9984,14,26640,13,168187,15,194827,California
Marin,2021-06-01,760,354675,553,219164,162,125482,45,10029,320,26567,437,168624,364,195191,California
Marin,2021-06-02,626,355301,475,219639,99,125581,52,10081,217,26429,405,169029,267,195458,California
Marin,2021-06-03,1500,356801,1327,220966,114,125695,59,10140,230,25451,1267,170296,289,195747,California
Marin,2021-06-04,1036,357837,860,221826,142,125837,34,10174,188,24829,842,171138,220,195967,California
Marin,2021-06-05,1927,359764,1710,223536,169,126006,48,10222,318,23592,1603,172741,366,196333,California
Marin,2021-06-06,1410,361174,1361,224897,15,126021,34,10256,154,22525,1255,173996,188,196521,California
Marin,2021-06-07,1940,363114,1823,226720,67,126088,50,10306,238,21116,1696,175692,287,196808,California
Marin,2021-06-08,980,364094,871,227591,68,126156,41,10347,232,20648,741,176433,273,197081,California
Marin,2021-06-09,743,364837,667,228258,66,126222,10,10357,136,20188,606,177039,146,197227,California
Marin,2021-06-10,883,365720,772,229030,60,126282,51,10408,181,19722,698,177737,232,197459,California
Marin,2021-06-11,683,366403,573,229603,78,126360,32,10440,141,19353,542,178279,173,197632,California
Marin,2021-06-12,922,367325,792,230395,89,126449,41,10481,153,18781,766,179045,194,197826,California
Marin,2021-06-13,416,367741,385,230780,20,126469,11,10492,66,18511,347,179392,77,197903,California
Marin,2021-06-14,866,368607,739,231519,80,126549,47,10539,209,18113,653,180045,255,198158,California
Marin,2021-06-15,537,369144,427,231946,84,126633,26,10565,169,17941,367,180412,195,198353,California
Marin,2021-06-16,496,369640,406,232352,44,126677,46,10611,161,17818,329,180741,206,198559,California
Marin,2021-06-17,558,370198,480,232832,47,126724,31,10642,193,17678,363,181104,223,198782,California
Marin,2021-06-18,487,370685,377,233209,75,126799,35,10677,170,17572,310,181414,204,198986,California
Marin,2021-06-19,367,371052,296,233505,37,126836,34,10711,146,17531,219,181633,178,199164,California
Marin,2021-06-20,113,371165,88,233593,14,126850,11,10722,47,17523,66,181699,58,199222,California
Marin,2021-06-21,349,371514,248,233841,46,126896,55,10777,139,17508,209,181908,194,199416,California
Marin,2021-06-22,451,371965,351,234192,69,126965,31,10808,139,17369,309,182217,170,199586,California
Marin,2021-06-23,355,372320,295,234487,28,126993,32,10840,120,17286,235,182452,152,199738,California
Marin,2021-06-24,394,372714,303,234790,41,127034,50,10890,133,17210,257,182709,181,199919,California
Marin,2021-06-25,366,373080,269,235059,58,127092,39,10929,171,17227,193,182902,210,200129,California
Marin,2021-06-26,265,373345,223,235282,14,127106,28,10957,92,17174,173,183075,120,200249,California
Mariposa,2020-12-17,37,37,37,37,0,0,0,0,39,39,0,0,39,39,California
Mariposa,2020-12-18,55,92,55,92,0,0,0,0,56,95,0,0,56,95,California
Mariposa,2020-12-20,2,94,2,94,0,0,0,0,2,97,0,0,2,97,California
Mariposa,2020-12-21,49,143,49,143,0,0,0,0,53,150,0,0,53,150,California
Mariposa,2020-12-22,5,148,5,148,0,0,0,0,5,155,0,0,5,155,California
Mariposa,2020-12-23,16,164,16,164,0,0,0,0,16,171,0,0,16,171,California
Mariposa,2020-12-24,1,165,0,164,1,1,0,0,0,171,1,1,1,172,California
Mariposa,2020-12-26,1,166,1,165,0,1,0,0,1,172,0,1,1,173,California
Mariposa,2020-12-27,1,167,0,165,1,2,0,0,1,173,0,1,1,174,California
Mariposa,2020-12-28,6,173,3,168,3,5,0,0,6,179,0,1,6,180,California
Mariposa,2020-12-29,33,206,3,171,30,35,0,0,33,212,0,1,33,213,California
Mariposa,2020-12-30,26,232,4,175,22,57,0,0,26,238,0,1,26,239,California
Mariposa,2020-12-31,17,249,0,175,17,74,0,0,17,255,0,1,17,256,California
Mariposa,2021-01-02,1,250,1,176,0,74,0,0,1,256,0,1,1,257,California
Mariposa,2021-01-04,9,259,2,178,7,81,0,0,9,265,0,1,9,266,California
Mariposa,2021-01-05,24,283,14,192,10,91,0,0,14,269,10,11,14,280,California
Mariposa,2021-01-06,6,289,3,195,3,94,0,0,3,269,3,14,3,283,California
Mariposa,2021-01-07,50,339,45,240,5,99,0,0,5,229,45,59,5,288,California
Mariposa,2021-01-08,108,447,79,319,29,128,0,0,33,187,75,134,33,321,California
Mariposa,2021-01-09,1,448,0,319,1,129,0,0,1,188,0,134,1,322,California
Mariposa,2021-01-11,31,479,10,329,21,150,0,0,23,203,8,142,23,345,California
Mariposa,2021-01-12,19,498,4,333,15,165,0,0,15,214,4,146,15,360,California
Mariposa,2021-01-13,21,519,4,337,17,182,0,0,18,229,3,149,18,378,California
Mariposa,2021-01-14,74,593,7,344,67,249,0,0,68,291,6,155,68,446,California
Mariposa,2021-01-15,68,661,27,371,41,290,0,0,58,339,10,165,58,504,California
Mariposa,2021-01-16,14,675,2,373,12,302,0,0,13,351,1,166,13,517,California
Mariposa,2021-01-17,3,678,1,374,2,304,0,0,2,352,1,167,2,519,California
Mariposa,2021-01-18,4,682,3,377,1,305,0,0,2,352,2,169,2,521,California
Mariposa,2021-01-19,8,690,4,381,4,309,0,0,5,355,2,171,5,526,California
Mariposa,2021-01-20,23,713,1,382,22,331,0,0,22,376,1,172,22,548,California
Mariposa,2021-01-21,66,779,8,390,58,389,0,0,62,434,4,176,62,610,California
Mariposa,2021-01-22,56,835,3,393,53,442,0,0,56,490,0,176,56,666,California
Mariposa,2021-01-23,116,951,2,395,114,556,0,0,114,602,2,178,114,780,California
Mariposa,2021-01-24,2,953,2,397,0,556,0,0,2,604,0,178,2,782,California
Mariposa,2021-01-25,5,958,1,398,4,560,0,0,1,601,4,182,1,783,California
Mariposa,2021-01-26,37,995,4,402,33,593,0,0,5,578,32,214,9,792,California
Mariposa,2021-01-27,26,1021,2,404,24,617,0,0,13,579,12,226,13,805,California
Mariposa,2021-01-28,127,1148,3,407,124,741,0,0,114,681,12,238,114,919,California
Mariposa,2021-01-29,83,1231,22,429,61,802,0,0,82,762,1,239,82,1001,California
Mariposa,2021-01-30,9,1240,1,430,8,810,0,0,8,769,1,240,8,1009,California
Mariposa,2021-01-31,1,1241,0,430,1,811,0,0,1,770,0,240,1,1010,California
Mariposa,2021-02-01,90,1331,32,462,58,869,0,0,69,818,21,261,69,1079,California
Mariposa,2021-02-02,15,1346,3,465,12,881,0,0,9,821,6,267,9,1088,California
Mariposa,2021-02-03,20,1366,1,466,19,900,0,0,13,828,6,273,13,1101,California
Mariposa,2021-02-04,98,1464,8,474,90,990,0,0,93,918,4,277,94,1195,California
Mariposa,2021-02-05,192,1656,5,479,187,1177,0,0,166,1058,26,303,166,1361,California
Mariposa,2021-02-06,11,1667,4,483,7,1184,0,0,10,1067,1,304,10,1371,California
Mariposa,2021-02-07,1,1668,0,483,1,1185,0,0,1,1068,0,304,1,1372,California
Mariposa,2021-02-08,42,1710,2,485,40,1225,0,0,23,1072,19,323,23,1395,California
Mariposa,2021-02-09,43,1753,25,510,18,1243,0,0,37,1103,6,329,37,1432,California
Mariposa,2021-02-10,28,1781,5,515,23,1266,0,0,17,1116,10,339,23,1455,California
Mariposa,2021-02-11,374,2155,5,520,369,1635,0,0,359,1463,15,354,362,1817,California
Mariposa,2021-02-12,184,2339,8,528,176,1811,0,0,140,1559,44,398,140,1957,California
Mariposa,2021-02-13,11,2350,3,531,8,1819,0,0,9,1566,2,400,9,1966,California
Mariposa,2021-02-14,8,2358,4,535,4,1823,0,0,5,1568,3,403,5,1971,California
Mariposa,2021-02-15,9,2367,3,538,6,1829,0,0,7,1573,2,405,7,1978,California
Mariposa,2021-02-16,59,2426,35,573,24,1853,0,0,35,1585,24,429,36,2014,California
Mariposa,2021-02-17,37,2463,9,582,28,1881,0,0,27,1604,9,438,28,2042,California
Mariposa,2021-02-18,58,2521,7,589,51,1932,0,0,20,1586,38,476,20,2062,California
Mariposa,2021-02-19,82,2603,3,592,79,2011,0,0,75,1655,7,483,76,2138,California
Mariposa,2021-02-20,255,2858,4,596,251,2262,0,0,223,1848,30,513,223,2361,California
Mariposa,2021-02-21,237,3095,4,600,233,2495,0,0,235,2082,1,514,235,2596,California
Mariposa,2021-02-22,24,3119,9,609,15,2510,0,0,21,2100,3,517,21,2617,California
Mariposa,2021-02-23,43,3162,37,646,6,2516,0,0,25,2107,18,535,25,2642,California
Mariposa,2021-02-24,21,3183,3,649,18,2534,0,0,8,2103,12,547,8,2650,California
Mariposa,2021-02-25,18,3201,9,658,9,2543,0,0,12,2109,6,553,12,2662,California
Mariposa,2021-02-26,421,3622,7,665,414,2957,0,0,354,2404,67,620,362,3024,California
Mariposa,2021-02-27,172,3794,7,672,165,3122,0,0,161,2554,11,631,161,3185,California
Mariposa,2021-02-28,2,3796,1,673,1,3123,0,0,0,2552,2,633,0,3185,California
Mariposa,2021-03-01,85,3881,26,699,59,3182,0,0,17,2503,67,700,18,3203,California
Mariposa,2021-03-02,21,3902,14,713,7,3189,0,0,11,2505,9,709,11,3214,California
Mariposa,2021-03-03,72,3974,6,719,66,3255,0,0,66,2566,6,715,67,3281,California
Mariposa,2021-03-04,40,4014,9,728,31,3286,0,0,19,2565,21,736,20,3301,California
Mariposa,2021-03-05,61,4075,9,737,52,3338,0,0,39,2590,22,758,47,3348,California
Mariposa,2021-03-06,17,4092,7,744,10,3348,0,0,7,2588,10,768,8,3356,California
Mariposa,2021-03-07,1,4093,1,745,0,3348,0,0,0,2587,1,769,0,3356,California
Mariposa,2021-03-08,39,4132,4,749,24,3372,11,11,9,2577,30,799,20,3376,California
Mariposa,2021-03-09,45,4177,18,767,17,3389,10,21,14,2570,31,830,24,3400,California
Mariposa,2021-03-10,34,4211,12,779,12,3401,10,31,10,2566,24,854,20,3420,California
Mariposa,2021-03-11,471,4682,6,785,446,3847,19,50,225,2569,245,1099,248,3668,California
Mariposa,2021-03-12,254,4936,8,793,218,4065,28,78,110,2564,144,1243,139,3807,California
Mariposa,2021-03-13,34,4970,6,799,13,4078,15,93,12,2568,22,1265,26,3833,California
Mariposa,2021-03-14,17,4987,2,801,4,4082,11,104,3,2568,14,1279,14,3847,California
Mariposa,2021-03-15,77,5064,8,809,31,4113,38,142,31,2591,46,1325,69,3916,California
Mariposa,2021-03-16,82,5146,33,842,14,4127,35,177,24,2592,58,1383,59,3975,California
Mariposa,2021-03-17,72,5218,10,852,54,4181,8,185,51,2631,20,1403,59,4034,California
Mariposa,2021-03-18,67,5285,17,869,40,4221,10,195,42,2658,25,1428,52,4086,California
Mariposa,2021-03-19,340,5625,11,880,324,4545,5,200,303,2929,37,1465,308,4394,California
Mariposa,2021-03-20,426,6051,6,886,418,4963,2,202,46,2598,380,1845,49,4443,California
Mariposa,2021-03-21,15,6066,9,895,5,4968,1,203,10,2605,4,1849,11,4454,California
Mariposa,2021-03-22,38,6104,8,903,22,4990,8,211,25,2627,13,1862,35,4489,California
Mariposa,2021-03-23,55,6159,35,938,10,5000,10,221,34,2650,21,1883,44,4533,California
Mariposa,2021-03-24,57,6216,6,944,49,5049,2,223,52,2699,5,1888,54,4587,California
Mariposa,2021-03-25,76,6292,15,959,53,5102,8,231,54,2741,20,1908,62,4649,California
Mariposa,2021-03-26,489,6781,9,968,479,5581,1,232,252,2757,237,2145,253,4902,California
Mariposa,2021-03-27,224,7005,9,977,215,5796,0,232,89,2713,135,2280,91,4993,California
Mariposa,2021-03-28,5,7010,0,977,2,5798,3,235,1,2713,4,2284,4,4997,California
Mariposa,2021-03-29,19,7029,6,983,13,5811,0,235,12,2718,7,2291,12,5009,California
Mariposa,2021-03-30,36,7065,13,996,7,5818,16,251,13,2724,23,2314,29,5038,California
Mariposa,2021-03-31,89,7154,16,1012,66,5884,7,258,68,2778,21,2335,75,5113,California
Mariposa,2021-04-01,54,7208,11,1023,35,5919,8,266,35,2802,19,2354,43,5156,California
Mariposa,2021-04-02,348,7556,13,1036,333,6252,2,268,306,3069,41,2395,308,5464,California
Mariposa,2021-04-03,11,7567,8,1044,3,6255,0,268,6,3070,5,2400,6,5470,California
Mariposa,2021-04-04,2,7569,1,1045,0,6255,1,269,0,3069,2,2402,1,5471,California
Mariposa,2021-04-05,33,7602,22,1067,7,6262,4,273,16,3072,17,2419,20,5491,California
Mariposa,2021-04-06,43,7645,21,1088,6,6268,16,289,13,3072,29,2448,29,5520,California
Mariposa,2021-04-07,98,7743,6,1094,73,6341,19,308,28,3049,70,2518,47,5567,California
Mariposa,2021-04-08,280,8023,16,1110,245,6586,19,327,145,3081,133,2651,165,5732,California
Mariposa,2021-04-09,39,8062,9,1119,15,6601,15,342,11,3079,28,2679,26,5758,California
Mariposa,2021-04-10,202,8264,4,1123,188,6789,10,352,187,3262,13,2692,196,5954,California
Mariposa,2021-04-11,124,8388,4,1127,118,6907,2,354,57,3255,67,2759,60,6014,California
Mariposa,2021-04-12,43,8431,14,1141,27,6934,2,356,14,3242,29,2788,16,6030,California
Mariposa,2021-04-13,53,8484,46,1187,7,6941,0,356,34,3257,19,2807,34,6064,California
Mariposa,2021-04-14,113,8597,9,1196,104,7045,0,356,58,3261,54,2861,58,6122,California
Mariposa,2021-04-15,57,8654,16,1212,41,7086,0,356,41,3289,13,2874,41,6163,California
Mariposa,2021-04-16,381,9035,11,1223,370,7456,0,356,106,3120,275,3149,106,6269,California
Mariposa,2021-04-17,11,9046,7,1230,4,7460,0,356,8,3125,3,3152,8,6277,California
Mariposa,2021-04-18,7,9053,0,1230,7,7467,0,356,3,3124,4,3156,3,6280,California
Mariposa,2021-04-19,58,9111,26,1256,32,7499,0,356,30,3128,26,3182,30,6310,California
Mariposa,2021-04-20,61,9172,48,1304,13,7512,0,356,37,3143,22,3204,37,6347,California
Mariposa,2021-04-21,92,9264,14,1318,78,7590,0,356,43,3138,48,3252,43,6390,California
Mariposa,2021-04-22,51,9315,11,1329,40,7630,0,356,38,3164,12,3264,38,6428,California
Mariposa,2021-04-23,315,9630,70,1399,245,7875,0,356,144,3139,171,3435,146,6574,California
Mariposa,2021-04-24,106,9736,10,1409,96,7971,0,356,43,3120,62,3497,43,6617,California
Mariposa,2021-04-26,17,9753,12,1421,5,7976,0,356,6,3115,11,3508,6,6623,California
Mariposa,2021-04-27,34,9787,17,1438,15,7991,2,358,15,3117,16,3524,18,6641,California
Mariposa,2021-04-28,73,9860,13,1451,53,8044,7,365,27,3105,46,3570,34,6675,California
Mariposa,2021-04-29,84,9944,12,1463,71,8115,1,366,79,3180,5,3575,80,6755,California
Mariposa,2021-04-30,210,10154,5,1468,200,8315,5,371,62,3099,148,3723,67,6822,California
Mariposa,2021-05-01,3,10157,2,1470,1,8316,0,371,1,3098,2,3725,1,6823,California
Mariposa,2021-05-02,3,10160,2,1472,0,8316,1,372,0,3096,3,3728,1,6824,California
Mariposa,2021-05-03,15,10175,11,1483,3,8319,1,373,6,3094,9,3737,7,6831,California
Mariposa,2021-05-04,50,10225,31,1514,15,8334,4,377,37,3122,13,3750,41,6872,California
Mariposa,2021-05-05,57,10282,9,1523,46,8380,2,379,18,3103,39,3789,20,6892,California
Mariposa,2021-05-06,56,10338,36,1559,15,8395,5,384,39,3130,17,3806,44,6936,California
Mariposa,2021-05-07,28,10366,8,1567,17,8412,3,387,13,3131,15,3821,16,6952,California
Mariposa,2021-05-08,282,10648,7,1574,275,8687,0,387,33,2917,249,4070,35,6987,California
Mariposa,2021-05-09,2,10650,1,1575,1,8688,0,387,0,2915,2,4072,0,6987,California
Mariposa,2021-05-10,20,10670,9,1584,9,8697,2,389,5,2907,15,4087,7,6994,California
Mariposa,2021-05-11,28,10698,18,1602,10,8707,0,389,21,2922,6,4093,21,7015,California
Mariposa,2021-05-12,67,10765,4,1606,58,8765,5,394,6,2872,61,4154,11,7026,California
Mariposa,2021-05-13,48,10813,8,1614,38,8803,2,396,13,2852,35,4189,15,7041,California
Mariposa,2021-05-14,250,11063,122,1736,121,8924,7,403,118,2845,132,4321,125,7166,California
Mariposa,2021-05-15,19,11082,9,1745,8,8932,2,405,11,2851,6,4327,12,7178,California
Mariposa,2021-05-16,3,11085,1,1746,1,8933,1,406,1,2851,2,4329,2,7180,California
Mariposa,2021-05-17,18,11103,7,1753,7,8940,4,410,7,2850,11,4340,10,7190,California
Mariposa,2021-05-18,63,11166,43,1796,15,8955,5,415,46,2885,16,4356,51,7241,California
Mariposa,2021-05-19,71,11237,32,1828,38,8993,1,416,52,2920,18,4374,53,7294,California
Mariposa,2021-05-20,33,11270,18,1846,13,9006,2,418,12,2913,21,4395,14,7308,California
Mariposa,2021-05-21,93,11363,8,1854,83,9089,2,420,43,2910,48,4443,45,7353,California
Mariposa,2021-05-22,48,11411,6,1860,41,9130,1,421,17,2897,31,4474,18,7371,California
Mariposa,2021-05-23,4,11415,2,1862,1,9131,1,422,2,2898,2,4476,3,7374,California
Mariposa,2021-05-24,14,11429,8,1870,4,9135,2,424,9,2904,5,4481,11,7385,California
Mariposa,2021-05-25,26,11455,16,1886,10,9145,0,424,18,2914,8,4489,18,7403,California
Mariposa,2021-05-26,35,11490,4,1890,27,9172,4,428,28,2939,7,4496,32,7435,California
Mariposa,2021-05-27,120,11610,64,1954,55,9227,1,429,62,2944,58,4554,63,7498,California
Mariposa,2021-05-28,66,11676,6,1960,56,9283,4,433,24,2930,42,4596,28,7526,California
Mariposa,2021-05-29,8,11684,2,1962,5,9288,1,434,3,2931,3,4599,4,7530,California
Mariposa,2021-05-30,1,11685,0,1962,0,9288,1,435,0,2931,1,4600,1,7531,California
Mariposa,2021-05-31,2,11687,0,1962,1,9289,1,436,0,2930,2,4602,1,7532,California
Mariposa,2021-06-01,14,11701,3,1965,11,9300,0,436,5,2926,9,4611,5,7537,California
Mariposa,2021-06-02,26,11727,14,1979,7,9307,5,441,6,2918,19,4630,11,7548,California
Mariposa,2021-06-03,20,11747,10,1989,7,9314,3,444,7,2915,13,4643,10,7558,California
Mariposa,2021-06-04,91,11838,80,2069,9,9323,2,446,27,2881,62,4705,28,7586,California
Mariposa,2021-06-05,30,11868,4,2073,24,9347,2,448,7,2867,23,4728,9,7595,California
Mariposa,2021-06-06,4,11872,3,2076,0,9347,1,449,1,2866,3,4731,2,7597,California
Mariposa,2021-06-07,10,11882,5,2081,5,9352,0,449,4,2865,5,4736,4,7601,California
Mariposa,2021-06-08,45,11927,34,2115,9,9361,2,451,13,2848,32,4768,15,7616,California
Mariposa,2021-06-09,28,11955,21,2136,2,9363,5,456,6,2837,22,4790,11,7627,California
Mariposa,2021-06-10,16,11971,8,2144,5,9368,3,459,6,2837,10,4800,10,7637,California
Mariposa,2021-06-11,43,12014,12,2156,23,9391,8,467,9,2820,34,4834,17,7654,California
Mariposa,2021-06-12,17,12031,11,2167,5,9396,1,468,3,2809,14,4848,3,7657,California
Mariposa,2021-06-13,1,12032,0,2167,0,9396,1,469,0,2809,1,4849,1,7658,California
Mariposa,2021-06-14,12,12044,4,2171,7,9403,1,470,5,2808,7,4856,6,7664,California
Mariposa,2021-06-15,23,12067,11,2182,11,9414,1,471,6,2798,17,4873,7,7671,California
Mariposa,2021-06-16,28,12095,12,2194,15,9429,1,472,7,2785,21,4894,8,7679,California
Mariposa,2021-06-17,11,12106,6,2200,5,9434,0,472,4,2782,7,4901,4,7683,California
Mariposa,2021-06-18,66,12172,49,2249,16,9450,1,473,32,2782,33,4934,33,7716,California
Mariposa,2021-06-19,18,12190,5,2254,13,9463,0,473,6,2776,12,4946,6,7722,California
Mariposa,2021-06-21,11,12201,4,2258,7,9470,0,473,7,2780,3,4949,7,7729,California
Mariposa,2021-06-22,23,12224,9,2267,11,9481,3,476,13,2786,10,4959,16,7745,California
Mariposa,2021-06-23,4,12228,1,2268,2,9483,1,477,3,2789,1,4960,4,7749,California
Mariposa,2021-06-24,5,12233,1,2269,4,9487,0,477,2,2788,3,4963,2,7751,California
Mariposa,2021-06-25,1,12234,0,2269,1,9488,0,477,1,2789,0,4963,1,7752,California
Mendocino,2020-12-17,70,70,70,70,0,0,0,0,70,70,0,0,70,70,California
Mendocino,2020-12-18,85,155,84,154,1,1,0,0,84,154,0,0,84,154,California
Mendocino,2020-12-19,4,159,4,158,0,1,0,0,4,158,0,0,4,158,California
Mendocino,2020-12-20,7,166,7,165,0,1,0,0,7,165,0,0,7,165,California
Mendocino,2020-12-21,238,404,238,403,0,1,0,0,77,242,0,0,77,242,California
Mendocino,2020-12-22,253,657,192,595,61,62,0,0,253,495,0,0,253,495,California
Mendocino,2020-12-23,272,929,48,643,224,286,0,0,271,766,0,0,271,766,California
Mendocino,2020-12-24,50,979,8,651,42,328,0,0,50,816,0,0,50,816,California
Mendocino,2020-12-25,1,980,0,651,1,329,0,0,1,817,0,0,1,817,California
Mendocino,2020-12-26,2,982,2,653,0,329,0,0,2,819,0,0,2,819,California
Mendocino,2020-12-27,1,983,0,653,1,330,0,0,1,820,0,0,1,820,California
Mendocino,2020-12-28,74,1057,9,662,65,395,0,0,74,894,0,0,74,894,California
Mendocino,2020-12-29,122,1179,61,723,61,456,0,0,122,1016,0,0,122,1016,California
Mendocino,2020-12-30,123,1302,69,792,54,510,0,0,123,1139,0,0,123,1139,California
Mendocino,2020-12-31,132,1434,97,889,35,545,0,0,132,1271,0,0,132,1271,California
Mendocino,2021-01-01,10,1444,7,896,3,548,0,0,10,1281,0,0,10,1281,California
Mendocino,2021-01-04,837,2281,18,914,819,1367,0,0,837,2118,0,0,837,2118,California
Mendocino,2021-01-05,71,2352,36,950,35,1402,0,0,58,2163,13,13,58,2176,California
Mendocino,2021-01-06,157,2509,135,1085,22,1424,0,0,147,2300,10,23,147,2323,California
Mendocino,2021-01-07,362,2871,239,1324,123,1547,0,0,299,2536,63,86,299,2622,California
Mendocino,2021-01-08,95,2966,82,1406,13,1560,0,0,41,2524,54,140,42,2664,California
Mendocino,2021-01-09,10,2976,6,1412,4,1564,0,0,8,2530,2,142,8,2672,California
Mendocino,2021-01-10,9,2985,8,1420,1,1565,0,0,2,2525,7,149,2,2674,California
Mendocino,2021-01-11,103,3088,93,1513,10,1575,0,0,45,2513,57,206,45,2719,California
Mendocino,2021-01-12,389,3477,379,1892,10,1585,0,0,272,2668,117,323,272,2991,California
Mendocino,2021-01-13,496,3973,149,2041,347,1932,0,0,451,3077,43,366,452,3443,California
Mendocino,2021-01-14,654,4627,20,2061,634,2566,0,0,645,3713,9,375,645,4088,California
Mendocino,2021-01-15,1875,6502,864,2925,1011,3577,0,0,1870,5579,5,380,1871,5959,California
Mendocino,2021-01-16,791,7293,48,2973,743,4320,0,0,789,6366,2,382,789,6748,California
Mendocino,2021-01-17,554,7847,1,2974,553,4873,0,0,553,6918,1,383,553,7301,California
Mendocino,2021-01-18,488,8335,463,3437,25,4898,0,0,475,7380,13,396,475,7776,California
Mendocino,2021-01-19,335,8670,149,3586,186,5084,0,0,158,7361,177,573,158,7934,California
Mendocino,2021-01-20,556,9226,408,3994,148,5232,0,0,449,7706,105,678,450,8384,California
Mendocino,2021-01-21,540,9766,226,4220,314,5546,0,0,353,7873,186,864,353,8737,California
Mendocino,2021-01-22,150,9916,59,4279,91,5637,0,0,110,7943,40,904,110,8847,California
Mendocino,2021-01-23,157,10073,85,4364,72,5709,0,0,151,8088,6,910,151,8998,California
Mendocino,2021-01-24,5,10078,3,4367,2,5711,0,0,5,8093,0,910,5,9003,California
Mendocino,2021-01-25,192,10270,18,4385,174,5885,0,0,122,8145,70,980,122,9125,California
Mendocino,2021-01-26,155,10425,54,4439,101,5986,0,0,95,8180,60,1040,95,9220,California
Mendocino,2021-01-27,443,10868,373,4812,70,6056,0,0,177,8098,259,1299,177,9397,California
Mendocino,2021-01-28,602,11470,538,5350,64,6120,0,0,505,8507,96,1395,505,9902,California
Mendocino,2021-01-29,391,11861,351,5701,40,6160,0,0,362,8841,29,1424,363,10265,California
Mendocino,2021-01-30,50,11911,31,5732,19,6179,0,0,43,8877,7,1431,43,10308,California
Mendocino,2021-01-31,275,12186,2,5734,273,6452,0,0,4,8610,271,1702,4,10312,California
Mendocino,2021-02-01,382,12568,54,5788,328,6780,0,0,60,8348,322,2024,60,10372,California
Mendocino,2021-02-02,744,13312,523,6311,221,7001,0,0,382,8368,362,2386,382,10754,California
Mendocino,2021-02-03,395,13707,209,6520,186,7187,0,0,224,8423,169,2555,224,10978,California
Mendocino,2021-02-04,629,14336,534,7054,95,7282,0,0,502,8798,127,2682,502,11480,California
Mendocino,2021-02-05,1306,15642,1217,8271,89,7371,0,0,587,8668,717,3399,587,12067,California
Mendocino,2021-02-06,559,16201,159,8430,400,7771,0,0,544,9197,15,3414,544,12611,California
Mendocino,2021-02-07,34,16235,30,8460,4,7775,0,0,34,9231,0,3414,34,12645,California
Mendocino,2021-02-08,751,16986,718,9178,33,7808,0,0,287,9054,464,3878,287,12932,California
Mendocino,2021-02-09,141,17127,58,9236,83,7891,0,0,89,9091,52,3930,89,13021,California
Mendocino,2021-02-10,1489,18616,924,10160,565,8456,0,0,741,9091,741,4671,741,13762,California
Mendocino,2021-02-11,1213,19829,209,10369,1004,9460,0,0,301,8480,912,5583,301,14063,California
Mendocino,2021-02-12,1460,21289,163,10532,1297,10757,0,0,658,8337,801,6384,658,14721,California
Mendocino,2021-02-13,505,21794,14,10546,491,11248,0,0,104,8046,400,6784,109,14830,California
Mendocino,2021-02-14,693,22487,3,10549,690,11938,0,0,134,7621,559,7343,134,14964,California
Mendocino,2021-02-15,334,22821,43,10592,291,12229,0,0,175,7638,158,7501,175,15139,California
Mendocino,2021-02-16,200,23021,50,10642,150,12379,0,0,129,7696,71,7572,129,15268,California
Mendocino,2021-02-17,1358,24379,1195,11837,163,12542,0,0,879,8098,477,8049,879,16147,California
Mendocino,2021-02-18,1804,26183,658,12495,1146,13688,0,0,1224,8744,578,8627,1224,17371,California
Mendocino,2021-02-19,751,26934,146,12641,605,14293,0,0,611,9216,140,8767,612,17983,California
Mendocino,2021-02-20,576,27510,550,13191,26,14319,0,0,545,9732,29,8796,545,18528,California
Mendocino,2021-02-21,324,27834,6,13197,318,14637,0,0,312,10033,11,8807,312,18840,California
Mendocino,2021-02-22,161,27995,29,13226,132,14769,0,0,69,10012,90,8897,69,18909,California
Mendocino,2021-02-23,860,28855,846,14072,14,14783,0,0,645,10444,213,9110,645,19554,California
Mendocino,2021-02-24,1847,30702,1765,15837,82,14865,0,0,1432,11468,410,9520,1434,20988,California
Mendocino,2021-02-25,1713,32415,537,16374,1176,16041,0,0,1289,12334,423,9943,1289,22277,California
Mendocino,2021-02-26,1417,33832,750,17124,667,16708,0,0,1049,13018,365,10308,1049,23326,California
Mendocino,2021-02-27,201,34033,152,17276,49,16757,0,0,77,12972,123,10431,77,23403,California
Mendocino,2021-02-28,36,34069,14,17290,22,16779,0,0,24,12984,12,10443,24,23427,California
Mendocino,2021-03-01,592,34661,548,17838,44,16823,0,0,551,13497,38,10481,551,23978,California
Mendocino,2021-03-02,75,34736,28,17866,47,16870,0,0,42,13507,32,10513,42,24020,California
Mendocino,2021-03-03,2036,36772,1334,19200,702,17572,0,0,1386,14245,648,11161,1386,25406,California
Mendocino,2021-03-04,1853,38625,152,19352,1701,19273,0,0,1632,15661,218,11379,1634,27040,California
Mendocino,2021-03-05,478,39103,417,19769,52,19325,9,9,372,15940,102,11481,381,27421,California
Mendocino,2021-03-06,248,39351,23,19792,198,19523,27,36,204,16128,43,11524,231,27652,California
Mendocino,2021-03-07,524,39875,26,19818,478,20001,20,56,137,15898,386,11910,156,27808,California
Mendocino,2021-03-08,123,39998,28,19846,58,20059,37,93,64,15942,57,11967,101,27909,California
Mendocino,2021-03-09,940,40938,598,20444,301,20360,41,134,832,16707,108,12075,873,28782,California
Mendocino,2021-03-10,1147,42085,984,21428,98,20458,65,199,268,16169,874,12949,336,29118,California
Mendocino,2021-03-11,840,42925,623,22051,162,20620,55,254,399,16185,438,13387,454,29572,California
Mendocino,2021-03-12,2064,44989,1053,23104,899,21519,112,366,1234,16707,824,14211,1346,30918,California
Mendocino,2021-03-13,704,45693,569,23673,77,21596,58,424,107,16279,593,14804,165,31083,California
Mendocino,2021-03-14,105,45798,3,23676,95,21691,7,431,12,16209,89,14893,19,31102,California
Mendocino,2021-03-15,600,46398,51,23727,490,22181,59,490,208,16086,389,15282,266,31368,California
Mendocino,2021-03-16,585,46983,389,24116,150,22331,46,536,119,15787,464,15746,165,31533,California
Mendocino,2021-03-17,1584,48567,1379,25495,56,22387,149,685,218,14802,1359,17105,374,31907,California
Mendocino,2021-03-18,1310,49877,248,25743,1024,23411,38,723,279,14095,1023,18128,316,32223,California
Mendocino,2021-03-19,1777,51654,856,26599,860,24271,61,784,332,13051,1439,19567,395,32618,California
Mendocino,2021-03-20,70,51724,10,26609,39,24310,21,805,12,13026,58,19625,33,32651,California
Mendocino,2021-03-21,8,51732,1,26610,2,24312,5,810,3,13029,5,19630,8,32659,California
Mendocino,2021-03-22,656,52388,612,27222,15,24327,29,839,145,12695,507,20137,173,32832,California
Mendocino,2021-03-23,165,52553,34,27256,101,24428,30,869,114,12788,51,20188,144,32976,California
Mendocino,2021-03-24,917,53470,842,28098,28,24456,47,916,112,12144,803,20991,159,33135,California
Mendocino,2021-03-25,2017,55487,54,28152,1943,26399,20,936,176,10503,1835,22826,194,33329,California
Mendocino,2021-03-26,547,56034,395,28547,126,26525,26,962,114,10210,432,23258,139,33468,California
Mendocino,2021-03-27,162,56196,31,28578,119,26644,12,974,84,10228,77,23335,95,33563,California
Mendocino,2021-03-28,27,56223,7,28585,16,26660,4,978,5,10216,21,23356,9,33572,California
Mendocino,2021-03-29,191,56414,98,28683,49,26709,44,1022,96,10261,95,23451,140,33712,California
Mendocino,2021-03-30,718,57132,633,29316,48,26757,37,1059,107,9796,609,24060,144,33856,California
Mendocino,2021-03-31,918,58050,281,29597,576,27333,61,1120,153,9248,762,24822,214,34070,California
Mendocino,2021-04-01,1752,59802,425,30022,1246,28579,81,1201,383,8353,1358,26180,463,34533,California
Mendocino,2021-04-02,1310,61112,1078,31100,159,28738,73,1274,160,7439,1147,27327,233,34766,California
Mendocino,2021-04-03,712,61824,12,31112,679,29417,21,1295,87,6927,620,27947,108,34874,California
Mendocino,2021-04-04,71,61895,35,31147,30,29447,6,1301,55,6972,16,27963,61,34935,California
Mendocino,2021-04-05,213,62108,141,31288,48,29495,24,1325,127,7034,86,28049,148,35083,California
Mendocino,2021-04-06,401,62509,124,31412,182,29677,95,1420,108,6944,293,28342,203,35286,California
Mendocino,2021-04-07,492,63001,180,31592,65,29742,247,1667,118,6936,371,28713,363,35649,California
Mendocino,2021-04-08,1500,64501,921,32513,464,30206,115,1782,1007,7572,487,29200,1123,36772,California
Mendocino,2021-04-09,760,65261,428,32941,171,30377,161,1943,397,7767,363,29563,558,37330,California
Mendocino,2021-04-10,405,65666,92,33033,267,30644,46,1989,99,7606,306,29869,145,37475,California
Mendocino,2021-04-11,122,65788,47,33080,19,30663,56,2045,59,7658,63,29932,115,37590,California
Mendocino,2021-04-12,622,66410,514,33594,48,30711,60,2105,408,7912,214,30146,468,38058,California
Mendocino,2021-04-13,292,66702,229,33823,63,30774,0,2105,224,8068,68,30214,224,38282,California
Mendocino,2021-04-14,525,67227,430,34253,95,30869,0,2105,422,8387,103,30317,422,38704,California
Mendocino,2021-04-15,662,67889,328,34581,334,31203,0,2105,387,8504,270,30587,387,39091,California
Mendocino,2021-04-16,129,68018,55,34636,73,31276,1,2106,80,8536,48,30635,80,39171,California
Mendocino,2021-04-17,195,68213,12,34648,183,31459,0,2106,68,8479,125,30760,68,39239,California
Mendocino,2021-04-18,17,68230,9,34657,8,31467,0,2106,9,8482,6,30766,9,39248,California
Mendocino,2021-04-19,541,68771,516,35173,24,31491,1,2107,430,8803,110,30876,431,39679,California
Mendocino,2021-04-20,429,69200,296,35469,133,31624,0,2107,269,8913,159,31035,269,39948,California
Mendocino,2021-04-21,198,69398,135,35604,62,31686,1,2108,118,8953,78,31113,118,40066,California
Mendocino,2021-04-22,486,69884,316,35920,169,31855,1,2109,312,9095,170,31283,312,40378,California
Mendocino,2021-04-23,862,70746,704,36624,158,32013,0,2109,702,9640,157,31440,702,41080,California
Mendocino,2021-04-24,110,70856,16,36640,94,32107,0,2109,103,9736,7,31447,103,41183,California
Mendocino,2021-04-25,58,70914,34,36674,20,32127,4,2113,18,9719,39,31486,22,41205,California
Mendocino,2021-04-26,310,71224,238,36912,67,32194,5,2118,203,9821,106,31592,208,41413,California
Mendocino,2021-04-27,208,71432,91,37003,90,32284,27,2145,95,9830,112,31704,121,41534,California
Mendocino,2021-04-28,223,71655,147,37150,57,32341,19,2164,127,9881,96,31800,147,41681,California
Mendocino,2021-04-29,1147,72802,842,37992,290,32631,15,2179,113,8980,1029,32829,128,41809,California
Mendocino,2021-04-30,610,73412,385,38377,215,32846,10,2189,231,8843,378,33207,241,42050,California
Mendocino,2021-05-01,480,73892,435,38812,37,32883,8,2197,374,9120,105,33312,382,42432,California
Mendocino,2021-05-02,56,73948,46,38858,7,32890,3,2200,9,9085,47,33359,12,42444,California
Mendocino,2021-05-03,148,74096,85,38943,41,32931,22,2222,43,9047,103,33462,65,42509,California
Mendocino,2021-05-04,379,74475,253,39196,93,33024,33,2255,141,8983,238,33700,174,42683,California
Mendocino,2021-05-05,878,75353,790,39986,73,33097,15,2270,223,8566,654,34354,237,42920,California
Mendocino,2021-05-06,632,75985,382,40368,228,33325,22,2292,155,8268,475,34829,177,43097,California
Mendocino,2021-05-07,190,76175,36,40404,129,33454,25,2317,122,8347,67,34896,146,43243,California
Mendocino,2021-05-08,126,76301,5,40409,120,33574,1,2318,110,8443,15,34911,111,43354,California
Mendocino,2021-05-09,22,76323,7,40416,14,33588,1,2319,5,8432,17,34928,6,43360,California
Mendocino,2021-05-10,244,76567,161,40577,78,33666,5,2324,151,8495,93,35021,156,43516,California
Mendocino,2021-05-11,281,76848,144,40721,119,33785,18,2342,130,8491,150,35171,146,43662,California
Mendocino,2021-05-12,143,76991,81,40802,54,33839,8,2350,44,8446,97,35268,52,43714,California
Mendocino,2021-05-13,1236,78227,1122,41924,97,33936,17,2367,323,7873,913,36181,340,44054,California
Mendocino,2021-05-14,726,78953,496,42420,167,34103,63,2430,250,7715,471,36652,313,44367,California
Mendocino,2021-05-15,85,79038,29,42449,52,34155,4,2434,40,7714,45,36697,44,44411,California
Mendocino,2021-05-16,117,79155,104,42553,11,34166,2,2436,99,7799,17,36714,102,44513,California
Mendocino,2021-05-17,177,79332,84,42637,77,34243,16,2452,101,7840,76,36790,117,44630,California
Mendocino,2021-05-18,245,79577,118,42755,99,34342,28,2480,108,7839,136,36926,135,44765,California
Mendocino,2021-05-19,327,79904,191,42946,115,34457,21,2501,242,8019,83,37009,263,45028,California
Mendocino,2021-05-20,297,80201,116,43062,139,34596,42,2543,105,7977,189,37198,147,45175,California
Mendocino,2021-05-21,655,80856,476,43538,164,34760,15,2558,507,8352,147,37345,522,45697,California
Mendocino,2021-05-22,787,81643,676,44214,103,34863,8,2566,241,8056,545,37890,249,45946,California
Mendocino,2021-05-23,29,81672,12,44226,10,34873,7,2573,15,8063,14,37904,21,45967,California
Mendocino,2021-05-24,129,81801,45,44271,63,34936,21,2594,61,8078,67,37971,82,46049,California
Mendocino,2021-05-25,296,82097,177,44448,89,35025,30,2624,135,8082,160,38131,164,46213,California
Mendocino,2021-05-26,324,82421,244,44692,68,35093,12,2636,131,8033,192,38323,143,46356,California
Mendocino,2021-05-27,245,82666,112,44804,111,35204,22,2658,101,8013,142,38465,122,46478,California
Mendocino,2021-05-28,236,82902,97,44901,126,35330,13,2671,151,8094,83,38548,164,46642,California
Mendocino,2021-05-29,48,82950,17,44918,26,35356,5,2676,24,8099,24,38572,29,46671,California
Mendocino,2021-05-30,15,82965,2,44920,12,35368,1,2677,10,8105,5,38577,11,46682,California
Mendocino,2021-05-31,6,82971,0,44920,5,35373,1,2678,2,8105,3,38580,3,46685,California
Mendocino,2021-06-01,313,83284,105,45025,199,35572,9,2687,84,7969,229,38809,93,46778,California
Mendocino,2021-06-02,155,83439,58,45083,89,35661,8,2695,54,7932,99,38908,62,46840,California
Mendocino,2021-06-03,558,83997,457,45540,92,35753,9,2704,123,7636,428,39336,132,46972,California
Mendocino,2021-06-04,322,84319,195,45735,104,35857,23,2727,86,7510,235,39571,109,47081,California
Mendocino,2021-06-05,225,84544,92,45827,115,35972,18,2745,72,7449,151,39722,90,47171,California
Mendocino,2021-06-06,63,84607,58,45885,2,35974,3,2748,2,7393,61,39783,5,47176,California
Mendocino,2021-06-07,148,84755,71,45956,65,36039,12,2760,59,7375,89,39872,71,47247,California
Mendocino,2021-06-08,231,84986,131,46087,87,36126,13,2773,98,7358,128,40000,111,47358,California
Mendocino,2021-06-09,312,85298,249,46336,53,36179,10,2783,108,7273,203,40203,118,47476,California
Mendocino,2021-06-10,132,85430,71,46407,45,36224,16,2799,59,7275,73,40276,75,47551,California
Mendocino,2021-06-11,720,86150,563,46970,130,36354,27,2826,107,6798,611,40887,134,47685,California
Mendocino,2021-06-12,78,86228,53,47023,19,36373,6,2832,28,6783,49,40936,34,47719,California
Mendocino,2021-06-13,29,86257,16,47039,11,36384,2,2834,15,6787,13,40949,17,47736,California
Mendocino,2021-06-14,131,86388,60,47099,52,36436,19,2853,48,6771,82,41031,66,47802,California
Mendocino,2021-06-15,260,86648,167,47266,74,36510,19,2872,83,6696,177,41208,102,47904,California
Mendocino,2021-06-16,270,86918,168,47434,80,36590,22,2894,66,6582,202,41410,88,47992,California
Mendocino,2021-06-17,169,87087,89,47523,64,36654,16,2910,55,6540,113,41523,71,48063,California
Mendocino,2021-06-18,265,87352,123,47646,112,36766,30,2940,74,6453,190,41713,103,48166,California
Mendocino,2021-06-19,75,87427,43,47689,25,36791,7,2947,17,6419,58,41771,24,48190,California
Mendocino,2021-06-20,12,87439,4,47693,4,36795,4,2951,7,6425,5,41776,11,48201,California
Mendocino,2021-06-21,97,87536,31,47724,55,36850,11,2962,43,6427,51,41827,53,48254,California
Mendocino,2021-06-22,133,87669,86,47810,34,36884,13,2975,56,6421,75,41902,69,48323,California
Mendocino,2021-06-23,176,87845,124,47934,33,36917,19,2994,62,6388,114,42016,81,48404,California
Mendocino,2021-06-24,173,88018,107,48041,52,36969,14,3008,66,6362,106,42122,80,48484,California
Mendocino,2021-06-25,113,88131,65,48106,36,37005,12,3020,52,6365,61,42183,64,48548,California
Mendocino,2021-06-26,18,88149,10,48116,4,37009,4,3024,8,6367,10,42193,12,48560,California
Merced,2020-12-16,3,3,3,3,0,0,0,0,3,3,0,0,3,3,California
Merced,2020-12-17,9,12,9,12,0,0,0,0,9,12,0,0,9,12,California
Merced,2020-12-18,146,158,146,158,0,0,0,0,146,158,0,0,146,158,California
Merced,2020-12-19,39,197,39,197,0,0,0,0,39,197,0,0,39,197,California
Merced,2020-12-20,18,215,18,215,0,0,0,0,18,215,0,0,18,215,California
Merced,2020-12-21,125,340,122,337,3,3,0,0,125,340,0,0,125,340,California
Merced,2020-12-22,152,492,152,489,0,3,0,0,152,492,0,0,152,492,California
Merced,2020-12-23,254,746,248,737,6,9,0,0,254,746,0,0,254,746,California
Merced,2020-12-24,72,818,72,809,0,9,0,0,72,818,0,0,72,818,California
Merced,2020-12-25,4,822,4,813,0,9,0,0,4,822,0,0,4,822,California
Merced,2020-12-26,6,828,3,816,3,12,0,0,6,828,0,0,6,828,California
Merced,2020-12-27,12,840,11,827,1,13,0,0,12,840,0,0,12,840,California
Merced,2020-12-28,121,961,96,923,25,38,0,0,121,961,0,0,121,961,California
Merced,2020-12-29,194,1155,123,1046,71,109,0,0,194,1155,0,0,194,1155,California
Merced,2020-12-30,217,1372,90,1136,127,236,0,0,217,1372,0,0,217,1372,California
Merced,2020-12-31,103,1475,34,1170,69,305,0,0,103,1475,0,0,103,1475,California
Merced,2021-01-01,5,1480,1,1171,4,309,0,0,5,1480,0,0,5,1480,California
Merced,2021-01-02,129,1609,118,1289,11,320,0,0,129,1609,0,0,129,1609,California
Merced,2021-01-03,9,1618,5,1294,4,324,0,0,9,1618,0,0,9,1618,California
Merced,2021-01-04,83,1701,43,1337,40,364,0,0,83,1701,0,0,83,1701,California
Merced,2021-01-05,327,2028,232,1569,95,459,0,0,321,2018,6,6,323,2024,California
Merced,2021-01-06,259,2287,106,1675,153,612,0,0,253,2265,6,12,253,2277,California
Merced,2021-01-07,187,2474,83,1758,104,716,0,0,175,2427,13,25,175,2452,California
Merced,2021-01-08,528,3002,394,2152,134,850,0,0,375,2650,152,177,375,2827,California
Merced,2021-01-09,23,3025,10,2162,13,863,0,0,17,2661,6,183,17,2844,California
Merced,2021-01-10,11,3036,7,2169,4,867,0,0,7,2664,4,187,7,2851,California
Merced,2021-01-11,230,3266,171,2340,59,926,0,0,102,2640,128,315,104,2955,California
Merced,2021-01-12,297,3563,172,2512,125,1051,0,0,247,2836,51,366,247,3202,California
Merced,2021-01-13,391,3954,177,2689,214,1265,0,0,237,2922,154,520,240,3442,California
Merced,2021-01-14,327,4281,204,2893,123,1388,0,0,160,2917,166,686,161,3603,California
Merced,2021-01-15,588,4869,132,3025,456,1844,0,0,549,3429,40,726,552,4155,California
Merced,2021-01-16,213,5082,129,3154,84,1928,0,0,196,3608,17,743,196,4351,California
Merced,2021-01-17,50,5132,12,3166,38,1966,0,0,49,3656,1,744,49,4400,California
Merced,2021-01-18,266,5398,127,3293,139,2105,0,0,243,3880,23,767,247,4647,California
Merced,2021-01-19,713,6111,589,3882,124,2229,0,0,540,4254,173,940,547,5194,California
Merced,2021-01-20,572,6683,467,4349,105,2334,0,0,515,4715,57,997,518,5712,California
Merced,2021-01-21,1018,7701,650,4999,368,2702,0,0,918,5536,100,1097,921,6633,California
Merced,2021-01-22,1315,9016,694,5693,621,3323,0,0,1287,6808,27,1124,1299,7932,California
Merced,2021-01-23,324,9340,197,5890,127,3450,0,0,217,6918,107,1231,217,8149,California
Merced,2021-01-24,37,9377,15,5905,22,3472,0,0,28,6938,8,1239,28,8177,California
Merced,2021-01-25,731,10108,242,6147,489,3961,0,0,669,7547,61,1300,670,8847,California
Merced,2021-01-26,933,11041,487,6634,446,4407,0,0,676,7995,229,1529,677,9524,California
Merced,2021-01-27,988,12029,588,7222,400,4807,0,0,816,8642,170,1699,817,10341,California
Merced,2021-01-28,1141,13170,595,7817,546,5353,0,0,1017,9538,123,1822,1019,11360,California
Merced,2021-01-29,850,14020,319,8136,531,5884,0,0,596,9895,242,2064,599,11959,California
Merced,2021-01-30,263,14283,28,8164,235,6119,0,0,246,10124,17,2081,246,12205,California
Merced,2021-01-31,47,14330,11,8175,36,6155,0,0,46,10169,1,2082,46,12251,California
Merced,2021-02-01,379,14709,51,8226,328,6483,0,0,327,10446,51,2133,328,12579,California
Merced,2021-02-02,308,15017,182,8408,126,6609,0,0,179,10501,126,2259,181,12760,California
Merced,2021-02-03,350,15367,72,8480,278,6887,0,0,169,10488,182,2441,169,12929,California
Merced,2021-02-04,374,15741,148,8628,226,7113,0,0,241,10598,132,2573,242,13171,California
Merced,2021-02-05,515,16256,173,8801,342,7455,0,0,273,10633,240,2813,275,13446,California
Merced,2021-02-06,391,16647,220,9021,171,7626,0,0,246,10739,142,2955,248,13694,California
Merced,2021-02-07,21,16668,13,9034,8,7634,0,0,14,10746,7,2962,14,13708,California
Merced,2021-02-08,283,16951,198,9232,85,7719,0,0,171,10808,110,3072,172,13880,California
Merced,2021-02-09,1219,18170,955,10187,264,7983,0,0,771,11141,440,3512,773,14653,California
Merced,2021-02-10,1873,20043,1437,11624,436,8419,0,0,1277,11832,586,4098,1277,15930,California
Merced,2021-02-11,2514,22557,2014,13638,500,8919,0,0,1819,12969,683,4781,1820,17750,California
Merced,2021-02-12,1726,24283,1023,14661,703,9622,0,0,750,12764,958,5739,753,18503,California
Merced,2021-02-13,363,24646,208,14869,155,9777,0,0,264,12935,95,5834,266,18769,California
Merced,2021-02-14,117,24763,26,14895,91,9868,0,0,95,13009,22,5856,96,18865,California
Merced,2021-02-15,275,25038,42,14937,233,10101,0,0,169,13080,99,5955,170,19035,California
Merced,2021-02-16,1220,26258,847,15784,373,10474,0,0,834,13553,367,6322,840,19875,California
Merced,2021-02-17,1890,28148,1644,17428,246,10720,0,0,1315,14318,559,6881,1324,21199,California
Merced,2021-02-18,1222,29370,825,18253,397,11117,0,0,405,13932,796,7677,410,21609,California
Merced,2021-02-19,1268,30638,418,18671,850,11967,0,0,537,13747,725,8402,540,22149,California
Merced,2021-02-20,280,30918,33,18704,247,12214,0,0,141,13752,137,8539,142,22291,California
Merced,2021-02-21,77,30995,62,18766,15,12229,0,0,30,13738,45,8584,31,22322,California
Merced,2021-02-22,834,31829,296,19062,538,12767,0,0,480,13869,352,8936,483,22805,California
Merced,2021-02-23,1090,32919,423,19485,667,13434,0,0,639,14067,445,9381,643,23448,California
Merced,2021-02-24,825,33744,306,19791,519,13953,0,0,451,14157,364,9745,454,23902,California
Merced,2021-02-25,1779,35523,884,20675,895,14848,0,0,1316,15023,459,10204,1325,25227,California
Merced,2021-02-26,2164,37687,1385,22060,779,15627,0,0,1739,16352,416,10620,1745,26972,California
Merced,2021-02-27,2616,40303,1186,23246,1430,17057,0,0,2327,18393,287,10907,2328,29300,California
Merced,2021-02-28,314,40617,75,23321,238,17295,1,1,255,18595,55,10962,257,29557,California
Merced,2021-03-01,1145,41762,284,23605,860,18155,1,2,779,19027,356,11318,788,30345,California
Merced,2021-03-02,1760,43522,912,24517,847,19002,1,3,1363,20007,388,11706,1368,31713,California
Merced,2021-03-03,2241,45763,1740,26257,500,19502,1,4,1474,20737,748,12454,1478,33191,California
Merced,2021-03-04,2904,48667,2280,28537,622,20124,2,6,1919,21699,967,13421,1929,35120,California
Merced,2021-03-05,2078,50745,1198,29735,856,20980,24,30,1531,22725,532,13953,1558,36678,California
Merced,2021-03-06,1169,51914,664,30399,483,21463,22,52,908,23400,260,14213,935,37613,California
Merced,2021-03-07,230,52144,66,30465,139,21602,25,77,201,23597,29,14242,226,37839,California
Merced,2021-03-08,1411,53555,812,31277,534,22136,65,142,1192,24637,218,14460,1258,39097,California
Merced,2021-03-09,1758,55313,1025,32302,625,22761,108,250,1102,25201,648,15108,1212,40309,California
Merced,2021-03-10,2745,58058,1888,34190,657,23418,200,450,1627,25934,1103,16211,1836,42145,California
Merced,2021-03-11,1980,60038,715,34905,1064,24482,201,651,1225,26646,738,16949,1450,43595,California
Merced,2021-03-12,2237,62275,907,35812,1059,25541,271,922,1490,27679,742,17691,1775,45370,California
Merced,2021-03-13,1024,63299,318,36130,466,26007,240,1162,710,28323,306,17997,950,46320,California
Merced,2021-03-14,250,63549,137,36267,83,26090,30,1192,150,28404,99,18096,180,46500,California
Merced,2021-03-15,1534,65083,499,36766,779,26869,256,1448,1009,29151,517,18613,1264,47764,California
Merced,2021-03-16,1475,66558,718,37484,530,27399,227,1675,978,29874,485,19098,1208,48972,California
Merced,2021-03-17,2003,68561,1082,38566,740,28139,181,1856,1531,31127,462,19560,1715,50687,California
Merced,2021-03-18,2135,70696,1262,39828,725,28864,148,2004,1394,31958,726,20286,1557,52244,California
Merced,2021-03-19,2681,73377,1464,41292,1022,29886,195,2199,1393,32267,1278,21564,1587,53831,California
Merced,2021-03-20,2455,75832,1528,42820,532,30418,395,2594,959,32137,1491,23055,1361,55192,California
Merced,2021-03-21,560,76392,344,43164,202,30620,14,2608,438,32470,121,23176,454,55646,California
Merced,2021-03-22,1270,77662,635,43799,559,31179,76,2684,888,33067,373,23549,970,56616,California
Merced,2021-03-23,1895,79557,1158,44957,671,31850,66,2750,1363,34013,524,24073,1470,58086,California
Merced,2021-03-24,1484,81041,936,45893,513,32363,35,2785,994,34565,483,24556,1035,59121,California
Merced,2021-03-25,3347,84388,2293,48186,1031,33394,23,2808,2096,35453,1238,25794,2126,61247,California
Merced,2021-03-26,1959,86347,1102,49288,821,34215,36,2844,893,35344,1051,26845,942,62189,California
Merced,2021-03-27,3581,89928,1915,51203,1243,35458,423,3267,1553,35316,2013,28858,1985,64174,California
Merced,2021-03-28,522,90450,215,51418,300,35758,7,3274,213,35232,306,29164,222,64396,California
Merced,2021-03-29,1844,92294,784,52202,891,36649,169,3443,674,34921,1161,30325,850,65246,California
Merced,2021-03-30,2168,94462,810,53012,1299,37948,59,3502,996,34819,1166,31491,1064,66310,California
Merced,2021-03-31,2163,96625,1411,54423,711,38659,41,3543,958,34634,1187,32678,1002,67312,California
Merced,2021-04-01,2362,98987,1056,55479,1176,39835,130,3673,1057,34532,1291,33969,1189,68501,California
Merced,2021-04-02,2353,101340,643,56122,1303,41138,407,4080,786,34189,1549,35518,1206,69707,California
Merced,2021-04-03,1090,102430,600,56722,471,41609,19,4099,661,34459,419,35937,689,70396,California
Merced,2021-04-04,373,102803,143,56865,226,41835,4,4103,143,34379,229,36166,149,70545,California
Merced,2021-04-05,1282,104085,610,57475,459,42294,213,4316,402,34140,872,37038,633,71178,California
Merced,2021-04-06,2434,106519,900,58375,704,42998,830,5146,878,34315,1551,38589,1726,72904,California
Merced,2021-04-07,1682,108201,900,59275,674,43672,108,5254,576,33931,1087,39676,703,73607,California
Merced,2021-04-08,2478,110679,1333,60608,928,44600,217,5471,986,33673,1459,41135,1201,74808,California
Merced,2021-04-09,1709,112388,479,61087,652,45252,578,6049,558,33690,1131,42266,1148,75956,California
Merced,2021-04-10,984,113372,371,61458,425,45677,188,6237,175,33250,803,43069,363,76319,California
Merced,2021-04-11,488,113860,281,61739,72,45749,135,6372,147,33194,339,43408,283,76602,California
Merced,2021-04-12,1516,115376,992,62731,400,46149,124,6496,867,33580,609,44017,995,77597,California
Merced,2021-04-13,2055,117431,1469,64200,584,46733,2,6498,934,33502,1027,45044,949,78546,California
Merced,2021-04-14,2239,119670,1395,65595,844,47577,0,6498,1043,33496,1062,46106,1056,79602,California
Merced,2021-04-15,3038,122708,1989,67584,1049,48626,0,6498,939,32597,1863,47969,964,80566,California
Merced,2021-04-16,2392,125100,1169,68753,1223,49849,0,6498,958,32238,1330,49299,971,81537,California
Merced,2021-04-17,2109,127209,1450,70203,658,50507,1,6499,664,31494,1437,50736,693,82230,California
Merced,2021-04-18,478,127687,252,70455,226,50733,0,6499,191,31429,259,50995,194,82424,California
Merced,2021-04-19,1352,129039,753,71208,599,51332,0,6499,706,31595,547,51542,713,83137,California
Merced,2021-04-20,1491,130530,744,71952,747,52079,0,6499,787,31767,632,52174,804,83941,California
Merced,2021-04-21,1541,132071,930,72882,611,52690,0,6499,774,31898,653,52827,784,84725,California
Merced,2021-04-22,1642,133713,747,73629,895,53585,0,6499,768,31899,783,53610,784,85509,California
Merced,2021-04-23,1666,135379,690,74319,976,54561,0,6499,895,32075,723,54333,899,86408,California
Merced,2021-04-24,878,136257,703,75022,175,54736,0,6499,551,32308,322,54655,555,86963,California
Merced,2021-04-25,332,136589,192,75214,140,54876,0,6499,192,32368,136,54791,196,87159,California
Merced,2021-04-26,1235,137824,534,75748,701,55577,0,6499,634,32447,564,55355,643,87802,California
Merced,2021-04-27,1797,139621,901,76649,884,56461,12,6511,717,32170,1010,56365,733,88535,California
Merced,2021-04-28,1384,141005,684,77333,692,57153,8,6519,787,32398,572,56937,800,89335,California
Merced,2021-04-29,1468,142473,645,77978,798,57951,25,6544,698,32367,760,57697,729,90064,California
Merced,2021-04-30,1474,143947,621,78599,809,58760,44,6588,754,32455,713,58410,801,90865,California
Merced,2021-05-01,564,144511,242,78841,318,59078,4,6592,264,32427,295,58705,267,91132,California
Merced,2021-05-02,299,144810,122,78963,162,59240,15,6607,125,32402,173,58878,148,91280,California
Merced,2021-05-03,854,145664,557,79520,226,59466,71,6678,307,32240,543,59421,381,91661,California
Merced,2021-05-04,1028,146692,547,80067,429,59895,52,6730,376,32026,646,60067,432,92093,California
Merced,2021-05-05,1393,148085,892,80959,425,60320,76,6806,613,31950,767,60834,691,92784,California
Merced,2021-05-06,927,149012,484,81443,393,60713,50,6856,303,31688,617,61451,355,93139,California
Merced,2021-05-07,1142,150154,497,81940,603,61316,42,6898,431,31462,705,62156,479,93618,California
Merced,2021-05-08,400,150554,203,82143,161,61477,36,6934,184,31467,215,62371,220,93838,California
Merced,2021-05-09,213,150767,106,82249,100,61577,7,6941,101,31464,111,62482,108,93946,California
Merced,2021-05-10,700,151467,357,82606,306,61883,37,6978,191,31186,507,62989,229,94175,California
Merced,2021-05-11,1152,152619,684,83290,411,62294,57,7035,446,30988,701,63690,503,94678,California
Merced,2021-05-12,1092,153711,623,83913,427,62721,42,7077,378,30698,711,64401,421,95099,California
Merced,2021-05-13,887,154598,479,84392,366,63087,42,7119,372,30602,510,64911,414,95513,California
Merced,2021-05-14,1035,155633,624,85016,371,63458,40,7159,542,30698,487,65398,583,96096,California
Merced,2021-05-15,763,156396,577,85593,167,63625,19,7178,450,30868,301,65699,471,96567,California
Merced,2021-05-16,350,156746,234,85827,108,63733,8,7186,198,30925,150,65849,207,96774,California
Merced,2021-05-17,1100,157846,715,86542,355,64088,30,7216,540,30943,553,66402,571,97345,California
Merced,2021-05-18,1283,159129,857,87399,395,64483,31,7247,727,31153,549,66951,759,98104,California
Merced,2021-05-19,1115,160244,758,88157,350,64833,7,7254,625,31303,487,67438,637,98741,California
Merced,2021-05-20,1059,161303,560,88717,443,65276,56,7310,408,31120,649,68087,466,99207,California
Merced,2021-05-21,1196,162499,687,89404,481,65757,28,7338,495,30955,690,68777,525,99732,California
Merced,2021-05-22,756,163255,544,89948,199,65956,13,7351,454,31125,300,69077,470,100202,California
Merced,2021-05-23,339,163594,238,90186,88,66044,13,7364,225,31250,113,69190,238,100440,California
Merced,2021-05-24,603,164197,252,90438,321,66365,30,7394,227,31138,371,69561,259,100699,California
Merced,2021-05-25,770,164967,435,90873,301,66666,34,7428,403,31211,363,69924,436,101135,California
Merced,2021-05-26,990,165957,558,91431,399,67065,33,7461,414,31085,574,70498,448,101583,California
Merced,2021-05-27,926,166883,653,92084,239,67304,34,7495,568,31334,354,70852,603,102186,California
Merced,2021-05-28,766,167649,348,92432,372,67676,46,7541,336,31295,421,71273,382,102568,California
Merced,2021-05-29,392,168041,272,92704,112,67788,8,7549,172,31259,217,71490,181,102749,California
Merced,2021-05-30,215,168256,146,92850,58,67846,11,7560,135,31325,80,71570,146,102895,California
Merced,2021-05-31,111,168367,25,92875,80,67926,6,7566,32,31287,77,71647,39,102934,California
Merced,2021-06-01,865,169232,542,93417,291,68217,32,7598,351,31161,509,72156,383,103317,California
Merced,2021-06-02,747,169979,485,93902,236,68453,26,7624,367,31181,373,72529,393,103710,California
Merced,2021-06-03,759,170738,482,94384,243,68696,34,7658,337,31135,416,72945,370,104080,California
Merced,2021-06-04,791,171529,450,94834,319,69015,22,7680,328,31030,457,73402,352,104432,California
Merced,2021-06-05,494,172023,389,95223,94,69109,11,7691,184,30920,305,73707,195,104627,California
Merced,2021-06-06,225,172248,189,95412,30,69139,6,7697,85,30871,140,73847,91,104718,California
Merced,2021-06-07,659,172907,527,95939,119,69258,13,7710,196,30619,463,74310,211,104929,California
Merced,2021-06-08,860,173767,638,96577,198,69456,24,7734,276,30339,580,74890,300,105229,California
Merced,2021-06-09,783,174550,647,97224,121,69577,15,7749,239,30058,535,75425,254,105483,California
Merced,2021-06-10,646,175196,446,97670,180,69757,20,7769,269,29977,370,75795,289,105772,California
Merced,2021-06-11,568,175764,358,98028,195,69952,15,7784,237,29903,328,76123,254,106026,California
Merced,2021-06-12,548,176312,443,98471,82,70034,23,7807,167,29713,380,76503,190,106216,California
Merced,2021-06-13,256,176568,134,98605,117,70151,5,7812,68,29598,188,76691,73,106289,California
Merced,2021-06-14,547,177115,358,98963,156,70307,33,7845,256,29599,289,76980,290,106579,California
Merced,2021-06-15,786,177901,557,99520,202,70509,27,7872,271,29391,507,77487,299,106878,California
Merced,2021-06-16,668,178569,447,99967,199,70708,22,7894,320,29395,338,77825,342,107220,California
Merced,2021-06-17,733,179302,557,100524,145,70853,31,7925,235,29171,490,78315,266,107486,California
Merced,2021-06-18,757,180059,496,101020,231,71084,30,7955,384,29219,366,78681,414,107900,California
Merced,2021-06-19,363,180422,249,101269,87,71171,27,7982,196,29277,165,78846,223,108123,California
Merced,2021-06-20,238,180660,184,101453,46,71217,8,7990,140,29328,97,78943,148,108271,California
Merced,2021-06-21,317,180977,191,101644,116,71333,10,8000,197,29416,119,79062,207,108478,California
Merced,2021-06-22,502,181479,348,101992,136,71469,18,8018,249,29431,253,79315,268,108746,California
Merced,2021-06-23,271,181750,115,102107,147,71616,9,8027,138,29450,129,79444,148,108894,California
Merced,2021-06-24,136,181886,82,102189,47,71663,7,8034,53,29428,82,79526,60,108954,California
Merced,2021-06-25,177,182063,93,102282,69,71732,15,8049,93,29455,81,79607,108,109062,California
Merced,2021-06-26,84,182147,58,102340,22,71754,4,8053,37,29451,45,79652,41,109103,California
Modoc,2020-12-16,1,1,1,1,0,0,0,0,1,1,0,0,1,1,California
Modoc,2020-12-21,99,100,99,100,0,0,0,0,99,100,0,0,99,100,California
Modoc,2020-12-22,14,114,14,114,0,0,0,0,14,114,0,0,14,114,California
Modoc,2020-12-23,4,118,4,118,0,0,0,0,4,118,0,0,4,118,California
Modoc,2020-12-24,1,119,1,119,0,0,0,0,1,119,0,0,1,119,California
Modoc,2020-12-28,2,121,2,121,0,0,0,0,2,121,0,0,2,121,California
Modoc,2020-12-29,10,131,1,122,9,9,0,0,10,131,0,0,10,131,California
Modoc,2020-12-30,7,138,0,122,7,16,0,0,7,138,0,0,7,138,California
Modoc,2021-01-02,3,141,1,123,2,18,0,0,3,141,0,0,3,141,California
Modoc,2021-01-04,8,149,0,123,8,26,0,0,8,149,0,0,8,149,California
Modoc,2021-01-05,3,152,2,125,1,27,0,0,3,152,0,0,3,152,California
Modoc,2021-01-06,3,155,2,127,1,28,0,0,2,153,1,1,2,154,California
Modoc,2021-01-07,72,227,0,127,72,100,0,0,72,225,0,1,72,226,California
Modoc,2021-01-08,105,332,0,127,105,205,0,0,105,330,0,1,105,331,California
Modoc,2021-01-10,1,333,1,128,0,205,0,0,0,329,1,2,0,331,California
Modoc,2021-01-11,90,423,81,209,9,214,0,0,19,277,71,73,19,350,California
Modoc,2021-01-12,94,517,25,234,69,283,0,0,68,319,26,99,68,418,California
Modoc,2021-01-13,24,541,4,238,20,303,0,0,22,339,2,101,22,440,California
Modoc,2021-01-14,129,670,6,244,123,426,0,0,124,458,5,106,124,564,California
Modoc,2021-01-15,6,676,1,245,5,431,0,0,6,464,0,106,6,570,California
Modoc,2021-01-16,2,678,1,246,1,432,0,0,2,466,0,106,2,572,California
Modoc,2021-01-18,3,681,1,247,2,434,0,0,3,469,0,106,3,575,California
Modoc,2021-01-19,5,686,3,250,2,436,0,0,3,470,2,108,3,578,California
Modoc,2021-01-20,11,697,1,251,10,446,0,0,11,481,0,108,11,589,California
Modoc,2021-01-21,157,854,2,253,155,601,0,0,157,638,0,108,157,746,California
Modoc,2021-01-22,2,856,0,253,2,603,0,0,2,640,0,108,2,748,California
Modoc,2021-01-25,11,867,0,253,11,614,0,0,11,651,0,108,11,759,California
Modoc,2021-01-26,65,932,1,254,64,678,0,0,65,716,0,108,65,824,California
Modoc,2021-01-27,42,974,3,257,39,717,0,0,26,726,16,124,26,850,California
Modoc,2021-01-28,146,1120,2,259,144,861,0,0,145,870,1,125,145,995,California
Modoc,2021-01-29,3,1123,1,260,2,863,0,0,3,873,0,125,3,998,California
Modoc,2021-02-01,26,1149,13,273,13,876,0,0,12,871,14,139,12,1010,California
Modoc,2021-02-02,170,1319,2,275,168,1044,0,0,167,1035,3,142,167,1177,California
Modoc,2021-02-03,18,1337,13,288,5,1049,0,0,11,1039,7,149,11,1188,California
Modoc,2021-02-04,155,1492,4,292,151,1200,0,0,27,938,128,277,27,1215,California
Modoc,2021-02-05,2,1494,2,294,0,1200,0,0,1,938,1,278,1,1216,California
Modoc,2021-02-08,9,1503,2,296,7,1207,0,0,8,945,1,279,8,1224,California
Modoc,2021-02-09,197,1700,13,309,184,1391,0,0,65,878,132,411,65,1289,California
Modoc,2021-02-10,5,1705,2,311,3,1394,0,0,4,881,1,412,4,1293,California
Modoc,2021-02-11,201,1906,3,314,198,1592,0,0,83,846,118,530,83,1376,California
Modoc,2021-02-12,4,1910,0,314,4,1596,0,0,2,846,2,532,2,1378,California
Modoc,2021-02-13,2,1912,0,314,2,1598,0,0,1,846,1,533,1,1379,California
Modoc,2021-02-16,147,2059,6,320,141,1739,0,0,141,981,6,539,141,1520,California
Modoc,2021-02-17,25,2084,2,322,23,1762,0,0,12,980,13,552,12,1532,California
Modoc,2021-02-18,187,2271,2,324,185,1947,0,0,23,842,163,715,25,1557,California
Modoc,2021-02-19,3,2274,3,327,0,1947,0,0,2,843,1,716,2,1559,California
Modoc,2021-02-20,1,2275,1,328,0,1947,0,0,0,842,1,717,0,1559,California
Modoc,2021-02-22,17,2292,9,337,8,1955,0,0,3,831,14,731,3,1562,California
Modoc,2021-02-23,20,2312,2,339,18,1973,0,0,1,813,19,750,1,1563,California
Modoc,2021-02-24,91,2403,1,340,90,2063,0,0,31,784,60,810,31,1594,California
Modoc,2021-02-25,169,2572,0,340,169,2232,0,0,12,639,157,967,12,1606,California
Modoc,2021-02-26,3,2575,0,340,3,2235,0,0,1,638,2,969,1,1607,California
Modoc,2021-02-27,4,2579,4,344,0,2235,0,0,2,638,2,971,2,1609,California
Modoc,2021-03-01,6,2585,0,344,6,2241,0,0,1,635,4,975,1,1610,California
Modoc,2021-03-02,193,2778,12,356,181,2422,0,0,26,494,167,1142,26,1636,California
Modoc,2021-03-03,12,2790,6,362,6,2428,0,0,2,486,10,1152,2,1638,California
Modoc,2021-03-04,174,2964,2,364,172,2600,0,0,147,606,27,1179,147,1785,California
Modoc,2021-03-05,3,2967,3,367,0,2600,0,0,2,607,1,1180,2,1787,California
Modoc,2021-03-06,11,2978,0,367,1,2601,10,10,1,608,10,1190,11,1798,California
Modoc,2021-03-07,8,2986,2,369,0,2601,6,16,2,610,6,1196,8,1806,California
Modoc,2021-03-08,8,2994,1,370,3,2604,4,20,1,609,6,1202,5,1811,California
Modoc,2021-03-09,127,3121,10,380,108,2712,9,29,61,613,66,1268,70,1881,California
Modoc,2021-03-10,9,3130,3,383,2,2714,4,33,4,616,5,1273,8,1889,California
Modoc,2021-03-11,207,3337,0,383,99,2813,108,141,22,561,185,1458,130,2019,California
Modoc,2021-03-12,10,3347,1,384,4,2817,5,146,4,564,6,1464,9,2028,California
Modoc,2021-03-13,4,3351,0,384,1,2818,3,149,1,565,3,1467,4,2032,California
Modoc,2021-03-15,12,3363,1,385,10,2828,1,150,10,574,2,1469,11,2043,California
Modoc,2021-03-16,173,3536,1,386,168,2996,4,154,42,488,131,1600,45,2088,California
Modoc,2021-03-17,10,3546,1,387,4,3000,5,159,2,487,8,1608,7,2095,California
Modoc,2021-03-18,66,3612,2,389,57,3057,7,166,34,496,32,1640,41,2136,California
Modoc,2021-03-19,5,3617,0,389,0,3057,5,171,0,496,5,1645,5,2141,California
Modoc,2021-03-20,5,3622,2,391,0,3057,3,174,0,494,5,1650,3,2144,California
Modoc,2021-03-21,3,3625,1,392,0,3057,2,176,1,495,2,1652,3,2147,California
Modoc,2021-03-22,17,3642,1,393,11,3068,5,181,12,507,5,1657,17,2164,California
Modoc,2021-03-23,37,3679,7,400,27,3095,3,184,28,529,9,1666,31,2195,California
Modoc,2021-03-24,29,3708,1,401,18,3113,10,194,1,512,28,1694,11,2206,California
Modoc,2021-03-25,77,3785,1,402,74,3187,2,196,45,527,32,1726,47,2253,California
Modoc,2021-03-26,7,3792,2,404,2,3189,3,199,2,527,5,1731,5,2258,California
Modoc,2021-03-27,2,3794,0,404,1,3190,1,200,1,528,1,1732,2,2260,California
Modoc,2021-03-28,2,3796,1,405,0,3190,1,201,0,527,2,1734,1,2261,California
Modoc,2021-03-29,14,3810,1,406,5,3195,8,209,5,531,9,1743,13,2274,California
Modoc,2021-03-30,54,3864,9,415,38,3233,7,216,20,524,34,1777,27,2301,California
Modoc,2021-03-31,10,3874,3,418,3,3236,4,220,4,526,6,1783,8,2309,California
Modoc,2021-04-01,167,4041,2,420,160,3396,5,225,32,428,135,1918,37,2346,California
Modoc,2021-04-02,5,4046,0,420,2,3398,3,228,1,429,3,1921,4,2350,California
Modoc,2021-04-03,5,4051,2,422,0,3398,3,231,2,431,2,1923,4,2354,California
Modoc,2021-04-05,9,4060,0,422,9,3407,0,231,9,440,0,1923,9,2363,California
Modoc,2021-04-06,24,4084,5,427,9,3416,10,241,6,438,18,1941,16,2379,California
Modoc,2021-04-07,12,4096,1,428,4,3420,7,248,3,439,9,1950,10,2389,California
Modoc,2021-04-08,95,4191,1,429,92,3512,2,250,26,398,69,2019,28,2417,California
Modoc,2021-04-09,11,4202,2,431,6,3518,3,253,2,393,9,2028,4,2421,California
Modoc,2021-04-10,5,4207,0,431,1,3519,4,257,0,392,5,2033,4,2425,California
Modoc,2021-04-11,2,4209,2,433,0,3519,0,257,1,392,1,2034,1,2426,California
Modoc,2021-04-12,14,4223,0,433,10,3529,4,261,1,386,11,2045,5,2431,California
Modoc,2021-04-13,30,4253,29,462,1,3530,0,261,21,398,9,2054,21,2452,California
Modoc,2021-04-14,2,4255,2,464,0,3530,0,261,1,398,1,2055,1,2453,California
Modoc,2021-04-15,100,4355,0,464,100,3630,0,261,27,353,72,2127,27,2480,California
Modoc,2021-04-16,4,4359,4,468,0,3630,0,261,3,355,1,2128,3,2483,California
Modoc,2021-04-17,2,4361,2,470,0,3630,0,261,2,357,0,2128,2,2485,California
Modoc,2021-04-18,1,4362,0,470,1,3631,0,261,1,358,0,2128,1,2486,California
Modoc,2021-04-19,7,4369,0,470,7,3638,0,261,2,355,5,2133,2,2488,California
Modoc,2021-04-20,26,4395,2,472,24,3662,0,261,8,345,18,2151,8,2496,California
Modoc,2021-04-21,3,4398,3,475,0,3662,0,261,1,344,2,2153,1,2497,California
Modoc,2021-04-22,95,4493,1,476,94,3756,0,261,38,325,57,2210,38,2535,California
Modoc,2021-04-23,4,4497,0,476,4,3760,0,261,3,327,1,2211,3,2538,California
Modoc,2021-04-24,2,4499,0,476,1,3761,1,262,1,328,1,2212,2,2540,California
Modoc,2021-04-25,1,4500,1,477,0,3761,0,262,1,329,0,2212,1,2541,California
Modoc,2021-04-26,7,4507,0,477,7,3768,0,262,2,326,5,2217,2,2543,California
Modoc,2021-04-27,5,4512,4,481,0,3768,1,263,0,322,5,2222,1,2544,California
Modoc,2021-04-28,7,4519,1,482,5,3773,1,264,2,320,5,2227,3,2547,California
Modoc,2021-04-29,63,4582,2,484,61,3834,0,264,22,301,41,2268,22,2569,California
Modoc,2021-04-30,4,4586,3,487,1,3835,0,264,2,301,2,2270,2,2571,California
Modoc,2021-05-01,1,4587,1,488,0,3835,0,264,0,300,1,2271,0,2571,California
Modoc,2021-05-02,4,4591,3,491,1,3836,0,264,3,302,1,2272,3,2574,California
Modoc,2021-05-03,11,4602,0,491,10,3846,1,265,1,294,10,2282,2,2576,California
Modoc,2021-05-04,11,4613,3,494,6,3852,2,267,5,295,6,2288,7,2583,California
Modoc,2021-05-05,27,4640,24,518,2,3854,1,268,8,285,19,2307,9,2592,California
Modoc,2021-05-06,54,4694,3,521,49,3903,2,270,21,275,33,2340,23,2615,California
Modoc,2021-05-07,8,4702,3,524,3,3906,2,272,2,273,6,2346,4,2619,California
Modoc,2021-05-08,3,4705,2,526,0,3906,1,273,1,273,2,2348,2,2621,California
Modoc,2021-05-09,1,4706,1,527,0,3906,0,273,0,272,1,2349,0,2621,California
Modoc,2021-05-10,2,4708,0,527,1,3907,1,274,1,273,1,2350,2,2623,California
Modoc,2021-05-11,3,4711,2,529,0,3907,1,275,0,271,3,2353,1,2624,California
Modoc,2021-05-12,2,4713,0,529,0,3907,2,277,0,271,2,2355,2,2626,California
Modoc,2021-05-13,42,4755,0,529,38,3945,4,281,14,261,28,2383,18,2644,California
Modoc,2021-05-14,8,4763,3,532,0,3945,5,286,3,264,5,2388,8,2652,California
Modoc,2021-05-15,4,4767,3,535,1,3946,0,286,4,268,0,2388,4,2656,California
Modoc,2021-05-16,3,4770,1,536,2,3948,0,286,1,267,2,2390,1,2657,California
Modoc,2021-05-17,5,4775,3,539,2,3950,0,286,4,270,1,2391,4,2661,California
Modoc,2021-05-18,23,4798,12,551,9,3959,2,288,14,277,9,2400,16,2677,California
Modoc,2021-05-19,9,4807,2,553,3,3962,4,292,5,282,4,2404,9,2686,California
Modoc,2021-05-20,59,4866,3,556,47,4009,9,301,8,248,51,2455,17,2703,California
Modoc,2021-05-21,6,4872,4,560,1,4010,1,302,1,245,5,2460,2,2705,California
Modoc,2021-05-22,2,4874,2,562,0,4010,0,302,1,245,1,2461,1,2706,California
Modoc,2021-05-23,2,4876,2,564,0,4010,0,302,0,243,2,2463,0,2706,California
Modoc,2021-05-24,4,4880,1,565,1,4011,2,304,2,245,2,2465,4,2710,California
Modoc,2021-05-25,2,4882,1,566,1,4012,0,304,1,245,1,2466,1,2711,California
Modoc,2021-05-26,35,4917,32,598,3,4015,0,304,25,261,10,2476,26,2737,California
Modoc,2021-05-27,28,4945,1,599,22,4037,5,309,6,250,22,2498,11,2748,California
Modoc,2021-05-28,8,4953,1,600,4,4041,3,312,3,251,5,2503,6,2754,California
Modoc,2021-05-29,1,4954,1,601,0,4041,0,312,0,250,1,2504,0,2754,California
Modoc,2021-06-01,7,4961,0,601,6,4047,1,313,2,248,5,2509,3,2757,California
Modoc,2021-06-02,7,4968,0,601,5,4052,2,315,4,251,3,2512,6,2763,California
Modoc,2021-06-03,25,4993,1,602,22,4074,2,317,4,236,21,2533,6,2769,California
Modoc,2021-06-04,5,4998,3,605,1,4075,1,318,0,232,5,2538,1,2770,California
Modoc,2021-06-05,1,4999,0,605,1,4076,0,318,0,231,1,2539,0,2770,California
Modoc,2021-06-07,4,5003,4,609,0,4076,0,318,1,229,3,2542,1,2771,California
Modoc,2021-06-08,26,5029,7,616,18,4094,1,319,19,242,7,2549,20,2791,California
Modoc,2021-06-09,3,5032,2,618,1,4095,0,319,2,243,1,2550,2,2793,California
Modoc,2021-06-10,21,5053,1,619,19,4114,1,320,7,237,14,2564,8,2801,California
Modoc,2021-06-11,5,5058,3,622,1,4115,1,321,2,237,3,2567,3,2804,California
Modoc,2021-06-12,2,5060,1,623,1,4116,0,321,0,235,2,2569,0,2804,California
Modoc,2021-06-14,4,5064,0,623,2,4118,2,323,0,233,4,2573,2,2806,California
Modoc,2021-06-15,6,5070,0,623,4,4122,2,325,3,235,3,2576,5,2811,California
Modoc,2021-06-16,41,5111,25,648,11,4133,5,330,22,245,19,2595,29,2840,California
Modoc,2021-06-17,46,5157,20,668,25,4158,1,331,27,254,19,2614,28,2868,California
Modoc,2021-06-18,3,5160,0,668,1,4159,2,333,1,255,2,2616,3,2871,California
Modoc,2021-06-19,3,5163,0,668,1,4160,2,335,1,256,2,2618,3,2874,California
Modoc,2021-06-21,1,5164,0,668,1,4161,0,335,1,257,0,2618,1,2875,California
Modoc,2021-06-22,7,5171,0,668,7,4168,0,335,5,260,2,2620,5,2880,California
Modoc,2021-06-23,4,5175,0,668,3,4171,1,336,1,259,3,2623,2,2882,California
Modoc,2021-06-24,31,5206,14,682,14,4185,3,339,22,275,9,2632,25,2907,California
Modoc,2021-06-25,7,5213,0,682,5,4190,2,341,2,274,5,2637,4,2911,California
Mono,2020-12-18,1,1,1,1,0,0,0,0,1,1,0,0,1,1,California
Mono,2020-12-19,5,6,5,6,0,0,0,0,5,6,0,0,5,6,California
Mono,2020-12-20,7,13,7,13,0,0,0,0,7,13,0,0,7,13,California
Mono,2020-12-21,24,37,17,30,7,7,0,0,24,37,0,0,24,37,California
Mono,2020-12-22,66,103,65,95,1,8,0,0,66,103,0,0,66,103,California
Mono,2020-12-23,71,174,43,138,28,36,0,0,71,174,0,0,71,174,California
Mono,2020-12-24,3,177,1,139,2,38,0,0,3,177,0,0,3,177,California
Mono,2020-12-26,3,180,3,142,0,38,0,0,3,180,0,0,3,180,California
Mono,2020-12-27,1,181,0,142,1,39,0,0,1,181,0,0,1,181,California
Mono,2020-12-28,94,275,63,205,31,70,0,0,94,275,0,0,94,275,California
Mono,2020-12-29,29,304,29,234,0,70,0,0,29,304,0,0,29,304,California
Mono,2020-12-30,77,381,36,270,41,111,0,0,77,381,0,0,77,381,California
Mono,2020-12-31,4,385,1,271,3,114,0,0,4,385,0,0,4,385,California
Mono,2021-01-01,4,389,4,275,0,114,0,0,4,389,0,0,4,389,California
Mono,2021-01-02,2,391,2,277,0,114,0,0,2,391,0,0,2,391,California
Mono,2021-01-04,2,393,0,277,2,116,0,0,2,393,0,0,2,393,California
Mono,2021-01-05,45,438,2,279,43,159,0,0,44,436,1,1,44,437,California
Mono,2021-01-06,44,482,0,279,44,203,0,0,44,480,0,1,44,481,California
Mono,2021-01-07,55,537,3,282,52,255,0,0,53,532,2,3,54,535,California
Mono,2021-01-08,2,539,1,283,1,256,0,0,1,532,1,4,1,536,California
Mono,2021-01-09,4,543,4,287,0,256,0,0,0,528,4,8,0,536,California
Mono,2021-01-10,5,548,5,292,0,256,0,0,0,523,5,13,0,536,California
Mono,2021-01-11,8,556,5,297,3,259,0,0,4,523,4,17,4,540,California
Mono,2021-01-12,283,839,75,372,208,467,0,0,219,679,63,80,219,759,California
Mono,2021-01-13,234,1073,73,445,161,628,0,0,179,803,55,135,179,938,California
Mono,2021-01-14,74,1147,72,517,2,630,0,0,73,875,1,136,73,1011,California
Mono,2021-01-15,65,1212,3,520,62,692,0,0,65,940,0,136,65,1076,California
Mono,2021-01-16,4,1216,3,523,1,693,0,0,1,938,3,139,1,1077,California
Mono,2021-01-18,64,1280,55,578,9,702,0,0,2,878,62,201,2,1079,California
Mono,2021-01-19,211,1491,208,786,3,705,0,0,173,1014,38,239,174,1253,California
Mono,2021-01-20,234,1725,200,986,34,739,0,0,172,1124,62,301,172,1425,California
Mono,2021-01-21,4,1729,4,990,0,739,0,0,4,1128,0,301,4,1429,California
Mono,2021-01-22,4,1733,0,990,4,743,0,0,4,1132,0,301,4,1433,California
Mono,2021-01-23,591,2324,591,1581,0,743,0,0,590,1721,1,302,590,2023,California
Mono,2021-01-24,1,2325,0,1581,1,744,0,0,0,1720,1,303,0,2023,California
Mono,2021-01-25,200,2525,162,1743,38,782,0,0,161,1842,39,342,161,2184,California
Mono,2021-01-26,501,3026,499,2242,2,784,0,0,495,2331,6,348,495,2679,California
Mono,2021-01-27,4,3030,0,2242,4,788,0,0,4,2335,0,348,4,2683,California
Mono,2021-01-28,6,3036,2,2244,4,792,0,0,2,2333,4,352,2,2685,California
Mono,2021-01-30,199,3235,197,2441,2,794,0,0,198,2530,1,353,198,2883,California
Mono,2021-01-31,242,3477,137,2578,105,899,0,0,138,2564,104,457,138,3021,California
Mono,2021-02-01,27,3504,27,2605,0,899,0,0,0,2537,27,484,0,3021,California
Mono,2021-02-02,5,3509,0,2605,5,904,0,0,2,2536,3,487,2,3023,California
Mono,2021-02-03,4,3513,2,2607,2,906,0,0,2,2536,2,489,2,3025,California
Mono,2021-02-04,214,3727,159,2766,55,961,0,0,91,2506,121,610,91,3116,California
Mono,2021-02-05,612,4339,606,3372,6,967,0,0,609,3112,3,613,609,3725,California
Mono,2021-02-06,135,4474,134,3506,1,968,0,0,134,3245,1,614,134,3859,California
Mono,2021-02-07,2,4476,0,3506,2,970,0,0,2,3247,0,614,2,3861,California
Mono,2021-02-08,172,4648,172,3678,0,970,0,0,15,3106,156,770,15,3876,California
Mono,2021-02-09,230,4878,6,3684,224,1194,0,0,14,2904,216,986,14,3890,California
Mono,2021-02-10,541,5419,187,3871,354,1548,0,0,198,2760,343,1329,199,4089,California
Mono,2021-02-11,8,5427,5,3876,3,1551,0,0,3,2758,5,1334,3,4092,California
Mono,2021-02-12,89,5516,21,3897,68,1619,0,0,27,2723,62,1396,27,4119,California
Mono,2021-02-13,584,6100,584,4481,0,1619,0,0,24,2188,559,1955,24,4143,California
Mono,2021-02-15,167,6267,165,4646,2,1621,0,0,2,2027,163,2118,2,4145,California
Mono,2021-02-16,519,6786,515,5161,4,1625,0,0,45,1602,471,2589,46,4191,California
Mono,2021-02-17,6,6792,1,5162,5,1630,0,0,2,1600,4,2593,2,4193,California
Mono,2021-02-18,4,6796,2,5164,2,1632,0,0,3,1602,1,2594,3,4196,California
Mono,2021-02-19,55,6851,54,5218,1,1633,0,0,55,1657,0,2594,55,4251,California
Mono,2021-02-20,4,6855,4,5222,0,1633,0,0,4,1661,0,2594,4,4255,California
Mono,2021-02-21,6,6861,6,5228,0,1633,0,0,4,1663,2,2596,4,4259,California
Mono,2021-02-22,282,7143,281,5509,1,1634,0,0,24,1430,257,2853,24,4283,California
Mono,2021-02-23,138,7281,118,5627,20,1654,0,0,23,1338,115,2968,23,4306,California
Mono,2021-02-24,11,7292,3,5630,8,1662,0,0,4,1335,7,2975,4,4310,California
Mono,2021-02-25,5,7297,2,5632,3,1665,0,0,3,1337,1,2976,3,4313,California
Mono,2021-02-26,595,7892,593,6225,2,1667,0,0,21,785,573,3549,21,4334,California
Mono,2021-02-27,138,8030,134,6359,4,1671,0,0,4,657,132,3681,4,4338,California
Mono,2021-02-28,1,8031,0,6359,0,1671,1,1,0,657,1,3682,1,4339,California
Mono,2021-03-01,3,8034,2,6361,1,1672,0,1,2,659,0,3682,2,4341,California
Mono,2021-03-02,6,8040,4,6365,2,1674,0,1,4,661,2,3684,4,4345,California
Mono,2021-03-03,114,8154,3,6368,111,1785,0,1,110,768,3,3687,110,4455,California
Mono,2021-03-04,6,8160,2,6370,4,1789,0,1,3,768,3,3690,3,4458,California
Mono,2021-03-05,38,8198,28,6398,10,1799,0,1,14,758,24,3714,14,4472,California
Mono,2021-03-06,506,8704,18,6416,488,2287,0,1,497,1249,7,3721,498,4970,California
Mono,2021-03-07,1,8705,0,6416,1,2288,0,1,0,1248,1,3722,0,4970,California
Mono,2021-03-08,532,9237,11,6427,518,2806,3,4,522,1763,10,3732,525,5495,California
Mono,2021-03-09,6,9243,2,6429,3,2809,1,5,3,1765,2,3734,4,5499,California
Mono,2021-03-10,287,9530,91,6520,193,3002,3,8,8,1500,276,4010,11,5510,California
Mono,2021-03-11,10,9540,0,6520,1,3003,9,17,0,1499,10,4020,9,5519,California
Mono,2021-03-12,6,9546,1,6521,1,3004,4,21,0,1497,6,4026,4,5523,California
Mono,2021-03-13,820,10366,384,6905,436,3440,0,21,812,2301,8,4034,812,6335,California
Mono,2021-03-14,5,10371,5,6910,0,3440,0,21,1,2298,4,4038,1,6336,California
Mono,2021-03-15,31,10402,23,6933,3,3443,5,26,14,2301,16,4054,19,6355,California
Mono,2021-03-16,16,10418,6,6939,4,3447,6,32,8,2307,8,4062,14,6369,California
Mono,2021-03-17,33,10451,5,6944,20,3467,8,40,21,2324,12,4074,29,6398,California
Mono,2021-03-18,21,10472,2,6946,11,3478,8,48,8,2327,13,4087,16,6414,California
Mono,2021-03-19,21,10493,1,6947,17,3495,3,51,17,2344,3,4090,20,6434,California
Mono,2021-03-20,5,10498,3,6950,1,3496,1,52,4,2348,1,4091,5,6439,California
Mono,2021-03-21,1,10499,1,6951,0,3496,0,52,1,2349,0,4091,1,6440,California
Mono,2021-03-22,11,10510,0,6951,6,3502,5,57,5,2353,6,4097,10,6450,California
Mono,2021-03-23,43,10553,6,6957,32,3534,5,62,17,2349,26,4123,22,6472,California
Mono,2021-03-24,14,10567,1,6958,8,3542,5,67,5,2351,9,4132,11,6483,California
Mono,2021-03-25,19,10586,3,6961,12,3554,4,71,12,2360,7,4139,16,6499,California
Mono,2021-03-26,19,10605,3,6964,11,3565,5,76,10,2367,8,4147,15,6514,California
Mono,2021-03-27,352,10957,349,7313,3,3568,0,76,325,2665,27,4174,325,6839,California
Mono,2021-03-29,10,10967,3,7316,6,3574,1,77,8,2672,2,4176,9,6848,California
Mono,2021-03-30,12,10979,0,7316,8,3582,4,81,7,2678,5,4181,11,6859,California
Mono,2021-03-31,135,11114,7,7323,127,3709,1,82,23,2591,111,4292,24,6883,California
Mono,2021-04-01,9,11123,0,7323,8,3717,1,83,4,2591,5,4297,5,6888,California
Mono,2021-04-02,18,11141,2,7325,16,3733,0,83,7,2587,11,4308,7,6895,California
Mono,2021-04-03,863,12004,371,7696,492,4225,0,83,48,1823,812,5120,48,6943,California
Mono,2021-04-04,1,12005,1,7697,0,4225,0,83,0,1822,1,5121,0,6943,California
Mono,2021-04-05,529,12534,18,7715,510,4735,1,84,35,1365,493,5614,36,6979,California
Mono,2021-04-06,19,12553,1,7716,5,4740,13,97,1,1361,18,5632,14,6993,California
Mono,2021-04-07,23,12576,2,7718,2,4742,19,116,2,1361,21,5653,21,7014,California
Mono,2021-04-08,26,12602,4,7722,3,4745,19,135,6,1366,20,5673,25,7039,California
Mono,2021-04-09,38,12640,4,7726,5,4750,29,164,8,1373,30,5703,37,7076,California
Mono,2021-04-10,451,13091,2,7728,442,5192,7,171,30,989,421,6124,37,7113,California
Mono,2021-04-11,1,13092,1,7729,0,5192,0,171,0,988,1,6125,0,7113,California
Mono,2021-04-12,6,13098,0,7729,3,5195,3,174,3,991,3,6128,6,7119,California
Mono,2021-04-13,20,13118,3,7732,16,5211,1,175,14,1000,6,6134,15,7134,California
Mono,2021-04-14,26,13144,2,7734,24,5235,0,175,8,990,18,6152,8,7142,California
Mono,2021-04-15,18,13162,4,7738,14,5249,0,175,10,992,8,6160,10,7152,California
Mono,2021-04-16,18,13180,1,7739,17,5266,0,175,7,988,11,6171,7,7159,California
Mono,2021-04-17,52,13232,2,7741,50,5316,0,175,45,1026,7,6178,45,7204,California
Mono,2021-04-18,1,13233,0,7741,1,5317,0,175,1,1027,0,6178,1,7205,California
Mono,2021-04-19,536,13769,328,8069,208,5525,0,175,202,897,332,6510,202,7407,California
Mono,2021-04-20,15,13784,2,8071,13,5538,0,175,10,902,5,6515,10,7417,California
Mono,2021-04-21,7,13791,0,8071,7,5545,0,175,2,899,5,6520,2,7419,California
Mono,2021-04-22,25,13816,11,8082,14,5559,0,175,11,896,14,6534,11,7430,California
Mono,2021-04-23,22,13838,2,8084,20,5579,0,175,12,898,10,6544,12,7442,California
Mono,2021-04-24,35,13873,21,8105,14,5593,0,175,20,903,15,6559,20,7462,California
Mono,2021-04-25,3,13876,2,8107,1,5594,0,175,3,906,0,6559,3,7465,California
Mono,2021-04-26,12,13888,2,8109,10,5604,0,175,3,900,9,6568,3,7468,California
Mono,2021-04-27,67,13955,41,8150,19,5623,7,182,51,942,16,6584,58,7526,California
Mono,2021-04-28,62,14017,40,8190,18,5641,4,186,48,982,12,6596,52,7578,California
Mono,2021-04-29,10,14027,3,8193,4,5645,3,189,3,981,7,6603,6,7584,California
Mono,2021-04-30,17,14044,3,8196,11,5656,3,192,8,983,9,6612,11,7595,California
Mono,2021-05-01,109,14153,5,8201,104,5760,0,192,96,1067,12,6624,96,7691,California
Mono,2021-05-02,1,14154,1,8202,0,5760,0,192,1,1068,0,6624,1,7692,California
Mono,2021-05-03,2,14156,1,8203,1,5761,0,192,1,1068,1,6625,1,7693,California
Mono,2021-05-04,20,14176,1,8204,13,5774,6,198,10,1074,10,6635,16,7709,California
Mono,2021-05-05,52,14228,8,8212,40,5814,4,202,45,1116,7,6642,49,7758,California
Mono,2021-05-06,16,14244,4,8216,11,5825,1,203,10,1121,6,6648,11,7769,California
Mono,2021-05-07,29,14273,22,8238,7,5832,0,203,25,1142,4,6652,25,7794,California
Mono,2021-05-08,53,14326,7,8245,46,5878,0,203,24,1137,29,6681,24,7818,California
Mono,2021-05-09,1,14327,1,8246,0,5878,0,203,0,1137,0,6681,0,7818,California
Mono,2021-05-10,18,14345,1,8247,13,5891,4,207,9,1141,9,6690,13,7831,California
Mono,2021-05-11,15,14360,2,8249,10,5901,3,210,5,1139,10,6700,8,7839,California
Mono,2021-05-12,12,14372,0,8249,11,5912,1,211,4,1136,8,6708,5,7844,California
Mono,2021-05-13,46,14418,31,8280,14,5926,1,212,37,1165,9,6717,38,7882,California
Mono,2021-05-14,11,14429,1,8281,9,5935,1,213,6,1167,5,6722,7,7889,California
Mono,2021-05-15,65,14494,24,8305,34,5969,7,220,18,1145,47,6769,25,7914,California
Mono,2021-05-16,6,14500,4,8309,1,5970,1,221,2,1144,4,6773,3,7917,California
Mono,2021-05-17,249,14749,34,8343,208,6178,7,228,54,1012,194,6967,62,7979,California
Mono,2021-05-18,134,14883,110,8453,23,6201,1,229,87,1054,47,7014,89,8068,California
Mono,2021-05-19,119,15002,112,8565,2,6203,5,234,76,1092,43,7057,81,8149,California
Mono,2021-05-20,71,15073,56,8621,10,6213,5,239,54,1134,17,7074,59,8208,California
Mono,2021-05-21,23,15096,4,8625,16,6229,3,242,10,1134,13,7087,13,8221,California
Mono,2021-05-22,21,15117,11,8636,8,6237,2,244,15,1145,6,7093,17,8238,California
Mono,2021-05-23,2,15119,0,8636,2,6239,0,244,1,1145,1,7094,1,8239,California
Mono,2021-05-24,16,15135,2,8638,13,6252,1,245,9,1149,7,7101,11,8250,California
Mono,2021-05-25,14,15149,5,8643,9,6261,0,245,7,1149,7,7108,7,8257,California
Mono,2021-05-26,18,15167,2,8645,15,6276,1,246,7,1146,11,7119,8,8265,California
Mono,2021-05-27,9,15176,0,8645,9,6285,0,246,6,1150,2,7121,6,8271,California
Mono,2021-05-28,41,15217,28,8673,13,6298,0,246,10,1129,31,7152,10,8281,California
Mono,2021-05-29,129,15346,27,8700,99,6397,3,249,32,1067,97,7249,35,8316,California
Mono,2021-06-01,16,15362,7,8707,9,6406,0,249,9,1069,7,7256,9,8325,California
Mono,2021-06-02,48,15410,4,8711,44,6450,0,249,11,1043,37,7293,11,8336,California
Mono,2021-06-03,11,15421,1,8712,7,6457,3,252,1,1037,10,7303,4,8340,California
Mono,2021-06-04,12,15433,1,8713,10,6467,1,253,3,1032,9,7312,4,8344,California
Mono,2021-06-05,44,15477,23,8736,21,6488,0,253,5,998,39,7351,5,8349,California
Mono,2021-06-06,1,15478,0,8736,1,6489,0,253,0,997,1,7352,0,8349,California
Mono,2021-06-07,99,15577,87,8823,8,6497,4,257,12,926,87,7439,16,8365,California
Mono,2021-06-08,113,15690,103,8926,8,6505,2,259,12,839,101,7540,14,8379,California
Mono,2021-06-09,7,15697,2,8928,5,6510,0,259,1,834,6,7546,1,8380,California
Mono,2021-06-10,6,15703,0,8928,4,6514,2,261,2,834,4,7550,4,8384,California
Mono,2021-06-11,73,15776,62,8990,6,6520,5,266,6,778,67,7617,11,8395,California
Mono,2021-06-12,1,15777,1,8991,0,6520,0,266,0,777,1,7618,0,8395,California
Mono,2021-06-13,1,15778,0,8991,1,6521,0,266,1,778,0,7618,1,8396,California
Mono,2021-06-14,63,15841,29,9020,28,6549,6,272,20,761,43,7661,26,8422,California
Mono,2021-06-15,7,15848,4,9024,3,6552,0,272,3,760,4,7665,3,8425,California
Mono,2021-06-16,13,15861,4,9028,9,6561,0,272,5,757,8,7673,5,8430,California
Mono,2021-06-17,6,15867,1,9029,3,6564,2,274,2,757,4,7677,4,8434,California
Mono,2021-06-18,5,15872,3,9032,1,6565,1,275,1,756,3,7680,2,8436,California
Mono,2021-06-19,3,15875,3,9035,0,6565,0,275,3,759,0,7680,3,8439,California
Mono,2021-06-20,1,15876,0,9035,1,6566,0,275,0,758,1,7681,0,8439,California
Mono,2021-06-21,14,15890,2,9037,10,6576,2,277,3,753,10,7691,5,8444,California
Mono,2021-06-22,12,15902,2,9039,9,6585,1,278,4,751,7,7698,5,8449,California
Mono,2021-06-23,12,15914,0,9039,6,6591,6,284,2,750,10,7708,9,8458,California
Mono,2021-06-24,7,15921,0,9039,5,6596,2,286,2,749,5,7713,4,8462,California
Mono,2021-06-25,32,15953,22,9061,10,6606,0,286,7,731,25,7738,7,8469,California
Monterey,2020-12-16,6,6,6,6,0,0,0,0,6,6,0,0,6,6,California
Monterey,2020-12-17,87,93,87,93,0,0,0,0,87,93,0,0,87,93,California
Monterey,2020-12-18,488,581,488,581,0,0,0,0,488,581,0,0,488,581,California
Monterey,2020-12-19,581,1162,580,1161,1,1,0,0,580,1161,0,0,580,1161,California
Monterey,2020-12-20,422,1584,422,1583,0,1,0,0,422,1583,0,0,422,1583,California
Monterey,2020-12-21,725,2309,725,2308,0,1,0,0,725,2308,0,0,725,2308,California
Monterey,2020-12-22,536,2845,523,2831,13,14,0,0,536,2844,0,0,536,2844,California
Monterey,2020-12-23,441,3286,265,3096,176,190,0,0,441,3285,0,0,441,3285,California
Monterey,2020-12-24,85,3371,11,3107,74,264,0,0,85,3370,0,0,85,3370,California
Monterey,2020-12-25,6,3377,0,3107,6,270,0,0,6,3376,0,0,6,3376,California
Monterey,2020-12-26,92,3469,5,3112,87,357,0,0,92,3468,0,0,92,3468,California
Monterey,2020-12-27,6,3475,3,3115,3,360,0,0,6,3474,0,0,6,3474,California
Monterey,2020-12-28,477,3952,25,3140,452,812,0,0,477,3951,0,0,477,3951,California
Monterey,2020-12-29,900,4852,167,3307,733,1545,0,0,900,4851,0,0,900,4851,California
Monterey,2020-12-30,567,5419,97,3404,470,2015,0,0,567,5418,0,0,567,5418,California
Monterey,2020-12-31,33,5452,11,3415,22,2037,0,0,33,5451,0,0,33,5451,California
Monterey,2021-01-01,13,5465,3,3418,10,2047,0,0,13,5464,0,0,13,5464,California
Monterey,2021-01-02,137,5602,134,3552,3,2050,0,0,137,5601,0,0,137,5601,California
Monterey,2021-01-03,30,5632,29,3581,1,2051,0,0,30,5631,0,0,30,5631,California
Monterey,2021-01-04,412,6044,19,3600,393,2444,0,0,412,6043,0,0,412,6043,California
Monterey,2021-01-05,758,6802,330,3930,428,2872,0,0,744,6773,14,14,744,6787,California
Monterey,2021-01-06,662,7464,175,4105,487,3359,0,0,638,7387,24,38,638,7425,California
Monterey,2021-01-07,753,8217,577,4682,176,3535,0,0,425,7486,326,364,425,7850,California
Monterey,2021-01-08,1094,9311,738,5420,356,3891,0,0,395,7182,699,1063,395,8245,California
Monterey,2021-01-09,963,10274,933,6353,30,3921,0,0,311,6843,650,1713,311,8556,California
Monterey,2021-01-10,272,10546,270,6623,2,3923,0,0,8,6587,264,1977,8,8564,California
Monterey,2021-01-11,1069,11615,987,7610,82,4005,0,0,365,6248,704,2681,365,8929,California
Monterey,2021-01-12,474,12089,395,8005,79,4084,0,0,210,6194,264,2945,210,9139,California
Monterey,2021-01-13,1222,13311,595,8600,627,4711,0,0,1176,7324,46,2991,1176,10315,California
Monterey,2021-01-14,1125,14436,171,8771,954,5665,0,0,1104,8411,21,3012,1108,11423,California
Monterey,2021-01-15,1053,15489,46,8817,1007,6672,0,0,1041,9440,12,3024,1041,12464,California
Monterey,2021-01-16,364,15853,300,9117,64,6736,0,0,359,9794,5,3029,359,12823,California
Monterey,2021-01-17,313,16166,293,9410,20,6756,0,0,301,10083,12,3041,301,13124,California
Monterey,2021-01-18,398,16564,48,9458,350,7106,0,0,376,10437,22,3063,376,13500,California
Monterey,2021-01-19,582,17146,397,9855,185,7291,0,0,422,10701,158,3221,422,13922,California
Monterey,2021-01-20,543,17689,269,10124,274,7565,0,0,334,10826,209,3430,334,14256,California
Monterey,2021-01-21,849,18538,93,10217,756,8321,0,0,739,11459,110,3540,743,14999,California
Monterey,2021-01-22,1064,19602,196,10413,868,9189,0,0,1023,12441,41,3581,1023,16022,California
Monterey,2021-01-23,244,19846,175,10588,69,9258,0,0,120,12440,123,3704,122,16144,California
Monterey,2021-01-24,61,19907,38,10626,23,9281,0,0,27,12433,34,3738,27,16171,California
Monterey,2021-01-25,801,20708,176,10802,625,9906,0,0,175,11989,619,4357,175,16346,California
Monterey,2021-01-26,951,21659,232,11034,719,10625,0,0,251,11540,700,5057,251,16597,California
Monterey,2021-01-27,849,22508,296,11330,553,11178,0,0,369,11429,480,5537,369,16966,California
Monterey,2021-01-28,2032,24540,741,12071,1291,12469,0,0,1688,12775,344,5881,1690,18656,California
Monterey,2021-01-29,1279,25819,713,12784,566,13035,0,0,1161,13820,117,5998,1162,19818,California
Monterey,2021-01-30,464,26283,295,13079,169,13204,0,0,208,13772,256,6254,208,20026,California
Monterey,2021-01-31,496,26779,74,13153,422,13626,0,0,485,14247,11,6265,486,20512,California
Monterey,2021-02-01,1648,28427,1133,14286,515,14141,0,0,1081,14762,566,6831,1081,21593,California
Monterey,2021-02-02,2186,30613,477,14763,1709,15850,0,0,1574,15725,611,7442,1574,23167,California
Monterey,2021-02-03,2342,32955,1049,15812,1293,17143,0,0,1565,16517,773,8215,1565,24732,California
Monterey,2021-02-04,2818,35773,2101,17913,717,17860,0,0,2504,18711,310,8525,2504,27236,California
Monterey,2021-02-05,3675,39448,2828,20741,847,18707,0,0,3233,21507,437,8962,3233,30469,California
Monterey,2021-02-06,1099,40547,379,21120,720,19427,0,0,754,21919,342,9304,754,31223,California
Monterey,2021-02-07,317,40864,272,21392,45,19472,0,0,97,21796,220,9524,97,31320,California
Monterey,2021-02-08,520,41384,291,21683,229,19701,0,0,430,22136,90,9614,430,31750,California
Monterey,2021-02-09,876,42260,682,22365,194,19895,0,0,564,22390,312,9926,566,32316,California
Monterey,2021-02-10,2089,44349,1108,23473,981,20876,0,0,1236,22775,853,10779,1238,33554,California
Monterey,2021-02-11,2518,46867,976,24449,1542,22418,0,0,1555,23371,961,11740,1557,35111,California
Monterey,2021-02-12,2619,49486,444,24893,2175,24593,0,0,1531,23816,1087,12827,1532,36643,California
Monterey,2021-02-13,1074,50560,50,24943,1024,25617,0,0,985,24713,88,12915,985,37628,California
Monterey,2021-02-14,598,51158,74,25017,524,26141,0,0,525,25165,73,12988,525,38153,California
Monterey,2021-02-15,1387,52545,167,25184,1220,27361,0,0,991,25763,394,13382,992,39145,California
Monterey,2021-02-16,1097,53642,248,25432,849,28210,0,0,871,26408,226,13608,871,40016,California
Monterey,2021-02-17,1965,55607,1177,26609,788,28998,0,0,1652,27750,312,13920,1654,41670,California
Monterey,2021-02-18,2239,57846,1181,27790,1058,30056,0,0,910,27347,1315,15235,912,42582,California
Monterey,2021-02-19,2947,60793,1539,29329,1408,31464,0,0,1345,27093,1601,16836,1347,43929,California
Monterey,2021-02-20,1016,61809,613,29942,403,31867,0,0,957,27993,58,16894,958,44887,California
Monterey,2021-02-21,1254,63063,1226,31168,28,31895,0,0,1183,29108,69,16963,1184,46071,California
Monterey,2021-02-22,1002,64065,853,32021,149,32044,0,0,645,29398,355,17318,645,46716,California
Monterey,2021-02-23,972,65037,625,32646,347,32391,0,0,306,29040,665,17983,307,47023,California
Monterey,2021-02-24,2472,67509,1317,33963,1155,33546,0,0,1855,30284,612,18595,1856,48879,California
Monterey,2021-02-25,4414,71923,2420,36383,1994,35540,0,0,1476,28831,2931,21526,1478,50357,California
Monterey,2021-02-26,5298,77221,3087,39470,2211,37751,0,0,2629,28795,2666,24192,2630,52987,California
Monterey,2021-02-27,1025,78246,187,39657,838,38589,0,0,816,29407,204,24396,816,53803,California
Monterey,2021-02-28,1534,79780,85,39742,1448,40037,1,1,1067,30013,462,24858,1068,54871,California
Monterey,2021-03-01,1295,81075,143,39885,1149,41186,3,4,753,30233,536,25394,756,55627,California
Monterey,2021-03-02,2815,83890,1732,41617,1083,42269,0,4,1953,31328,858,26252,1953,57580,California
Monterey,2021-03-03,3219,87109,1246,42863,1973,44242,0,4,1280,30673,1936,28188,1281,58861,California
Monterey,2021-03-04,4577,91686,1474,44337,3103,47345,0,4,2947,31997,1625,29813,2949,61810,California
Monterey,2021-03-05,3676,95362,1621,45958,1777,49122,278,282,3003,34606,672,30485,3281,65091,California
Monterey,2021-03-06,5065,100427,1070,47028,3691,52813,304,586,4160,38167,902,31387,4463,69554,California
Monterey,2021-03-07,521,100948,107,47135,168,52981,246,832,232,38354,289,31676,476,70030,California
Monterey,2021-03-08,1673,102621,329,47464,956,53937,388,1220,1127,39320,546,32222,1512,71542,California
Monterey,2021-03-09,1990,104611,699,48163,1016,54953,275,1495,1487,40578,502,32724,1760,73302,California
Monterey,2021-03-10,3183,107794,1029,49192,1666,56619,488,1983,1467,40820,1710,34434,1952,75254,California
Monterey,2021-03-11,4169,111963,1412,50604,2382,59001,375,2358,2395,41823,1767,36201,2770,78024,California
Monterey,2021-03-12,4423,116386,2044,52648,2244,61245,135,2493,2727,42991,1693,37894,2861,80885,California
Monterey,2021-03-13,5307,121693,961,53609,3999,65244,347,2840,3983,45998,1323,39217,4330,85215,California
Monterey,2021-03-14,2162,123855,1331,54940,806,66050,25,2865,572,45016,1579,40796,597,85812,California
Monterey,2021-03-15,3987,127842,1273,56213,2411,68461,303,3168,2277,45891,1706,42502,2581,88393,California
Monterey,2021-03-16,3548,131390,593,56806,2564,71025,391,3559,2118,46968,1428,43930,2505,90898,California
Monterey,2021-03-17,5815,137205,2360,59166,3198,74223,257,3816,4204,49829,1605,45535,4466,95364,California
Monterey,2021-03-18,4469,141674,2168,61334,2132,76355,169,3985,3106,51783,1358,46893,3312,98676,California
Monterey,2021-03-19,5505,147179,2576,63910,2783,79138,146,4131,4220,54869,1280,48173,4366,103042,California
Monterey,2021-03-20,3371,150550,424,64334,2254,81392,693,4824,2282,56759,1085,49258,2975,106017,California
Monterey,2021-03-21,643,151193,216,64550,418,81810,9,4833,571,57268,70,49328,579,106596,California
Monterey,2021-03-22,2500,153693,1443,65993,994,82804,63,4896,2286,59404,211,49539,2347,108943,California
Monterey,2021-03-23,4024,157717,2357,68350,1624,84428,43,4939,2556,60540,1463,51002,2599,111542,California
Monterey,2021-03-24,5121,162838,2120,70470,2682,87110,319,5258,3746,63231,1370,52372,4061,115603,California
Monterey,2021-03-25,5335,168173,1232,71702,3744,90854,359,5617,2690,63644,2637,55009,3050,118653,California
Monterey,2021-03-26,5445,173618,2610,74312,2757,93611,78,5695,2788,63866,2646,57655,2868,121521,California
Monterey,2021-03-27,4854,178472,1453,75765,3146,96757,255,5950,3127,65526,1724,59379,3384,124905,California
Monterey,2021-03-28,1128,179600,347,76112,772,97529,9,5959,633,65680,488,59867,642,125547,California
Monterey,2021-03-29,3237,182837,1422,77534,1801,99330,14,5973,2011,66492,1218,61085,2030,127577,California
Monterey,2021-03-30,4522,187359,2142,79676,2334,101664,46,6019,2777,67584,1734,62819,2826,130403,California
Monterey,2021-03-31,5435,192794,2422,82098,2216,103880,797,6816,3449,69838,1983,64802,4237,134640,California
Monterey,2021-04-01,6148,198942,2059,84157,3676,107556,413,7229,3109,70330,3024,67826,3516,138156,California
Monterey,2021-04-02,4710,203652,2189,86346,2457,110013,64,7293,3167,72023,1541,69367,3234,141390,California
Monterey,2021-04-03,5942,209594,1119,87465,3777,113790,1046,8339,1233,69594,4700,74067,2271,143661,California
Monterey,2021-04-04,769,210363,157,87622,597,114387,15,8354,497,69836,272,74339,514,144175,California
Monterey,2021-04-05,4038,214401,2495,90117,1306,115693,237,8591,1504,69046,2529,76868,1739,145914,California
Monterey,2021-04-06,3447,217848,1353,91470,1621,117314,473,9064,1184,68441,2259,79127,1654,147568,California
Monterey,2021-04-07,5651,223499,1392,92862,3741,121055,518,9582,2710,68734,2930,82057,3223,150791,California
Monterey,2021-04-08,6694,230193,3513,96375,2370,123425,811,10393,3303,69462,3387,85444,4115,154906,California
Monterey,2021-04-09,5766,235959,3434,99809,1691,125116,641,11034,2292,68920,3471,88915,2929,157835,California
Monterey,2021-04-10,10293,246252,4962,104771,3125,128241,2206,13240,4996,70833,5285,94200,7198,165033,California
Monterey,2021-04-11,5515,251767,4336,109107,570,128811,609,13849,4464,74855,1045,95245,5067,170100,California
Monterey,2021-04-12,4150,255917,1882,110989,1952,130763,316,14165,958,73075,3053,98298,1273,171373,California
Monterey,2021-04-13,3228,259145,744,111733,2478,133241,6,14171,1552,72977,1658,99956,1560,172933,California
Monterey,2021-04-14,6849,265994,3184,114917,3662,136903,3,14174,1863,69880,4964,104920,1867,174800,California
Monterey,2021-04-15,5921,271915,3910,118827,2011,138914,0,14174,3886,71763,2004,106924,3887,178687,California
Monterey,2021-04-16,4852,276767,2405,121232,2434,141348,13,14187,2216,71371,2622,109546,2230,180917,California
Monterey,2021-04-17,5859,282626,1400,122632,4459,145807,0,14187,3798,73125,2045,111591,3799,184716,California
Monterey,2021-04-18,883,283509,291,122923,592,146399,0,14187,257,72760,622,112213,257,184973,California
Monterey,2021-04-19,3621,287130,1156,124079,2465,148864,0,14187,1648,72448,1960,114173,1648,186621,California
Monterey,2021-04-20,3841,290971,1544,125623,2297,151161,0,14187,1524,71679,2294,116467,1525,188146,California
Monterey,2021-04-21,6079,297050,3271,128894,2808,153969,0,14187,2934,71509,3106,119573,2936,191082,California
Monterey,2021-04-22,4895,301945,1067,129961,3828,157797,0,14187,1996,70650,2855,122428,1996,193078,California
Monterey,2021-04-23,5740,307685,2705,132666,3034,160831,1,14188,2260,69457,3459,125887,2266,195344,California
Monterey,2021-04-24,4286,311971,582,133248,3704,164535,0,14188,1545,68278,2724,128611,1545,196889,California
Monterey,2021-04-25,1246,313217,607,133855,639,165174,0,14188,787,68616,449,129060,787,197676,California
Monterey,2021-04-26,3783,317000,2240,136095,1526,166700,17,14205,983,66842,2774,131834,1000,198676,California
Monterey,2021-04-27,2881,319881,943,137038,1798,168498,140,14345,1221,66546,1656,133490,1360,200036,California
Monterey,2021-04-28,3648,323529,1392,138430,2104,170602,152,14497,2239,67537,1395,134885,2386,202422,California
Monterey,2021-04-29,4546,328075,2433,140863,2037,172639,76,14573,1661,66403,2872,137757,1738,204160,California
Monterey,2021-04-30,3247,331322,1685,142548,1487,174126,75,14648,832,64902,2406,140163,905,205065,California
Monterey,2021-05-01,5642,336964,4235,146783,1367,175493,40,14688,684,60687,4937,145100,722,205787,California
Monterey,2021-05-02,4347,341311,3921,150704,399,175892,27,14715,301,56983,4032,149132,328,206115,California
Monterey,2021-05-03,2543,343854,1564,152268,865,176757,114,14829,582,55728,1951,151083,696,206811,California
Monterey,2021-05-04,1818,345672,620,152888,1108,177865,90,14919,655,55325,1149,152232,746,207557,California
Monterey,2021-05-05,3378,349050,1240,154128,2052,179917,86,15005,1070,54184,2298,154530,1157,208714,California
Monterey,2021-05-06,4205,353255,2775,156903,1213,181130,217,15222,1112,52434,3078,157608,1328,210042,California
Monterey,2021-05-07,1966,355221,952,157855,916,182046,98,15320,704,51981,1254,158862,801,210843,California
Monterey,2021-05-08,2713,357934,1484,159339,906,182952,323,15643,962,51526,1739,160601,1284,212127,California
Monterey,2021-05-09,393,358327,113,159452,253,183205,27,15670,128,51417,264,160865,155,212282,California
Monterey,2021-05-10,2821,361148,2080,161532,694,183899,47,15717,522,49699,2289,163154,571,212853,California
Monterey,2021-05-11,1859,363007,945,162477,836,184735,78,15795,752,49435,1095,164249,831,213684,California
Monterey,2021-05-12,3914,366921,2063,164540,1768,186503,83,15878,866,47351,3034,167283,950,214634,California
Monterey,2021-05-13,2666,369587,1590,166130,1022,187525,54,15932,1521,47790,1134,168417,1573,216207,California
Monterey,2021-05-14,1860,371447,574,166704,1186,188711,100,16032,731,47501,1120,169537,831,217038,California
Monterey,2021-05-15,3385,374832,824,167528,2296,191007,265,16297,954,46298,2418,171955,1215,218253,California
Monterey,2021-05-16,980,375812,629,168157,280,191287,71,16368,282,45958,692,172647,352,218605,California
Monterey,2021-05-17,2235,378047,1335,169492,823,192110,77,16445,1059,45930,1164,173811,1136,219741,California
Monterey,2021-05-18,1727,379774,662,170154,1021,193131,44,16489,782,45822,936,174747,828,220569,California
Monterey,2021-05-19,3602,383376,2335,172489,1177,194308,90,16579,1914,46146,1682,176429,2006,222575,California
Monterey,2021-05-20,2737,386113,937,173426,1690,195998,110,16689,896,45328,1827,178256,1009,223584,California
Monterey,2021-05-21,3262,389375,1312,174738,1859,197857,91,16780,1001,44172,2247,180503,1091,224675,California
Monterey,2021-05-22,2122,391497,724,175462,1118,198975,280,17060,799,43936,1313,181816,1077,225752,California
Monterey,2021-05-23,858,392355,504,175966,338,199313,16,17076,487,44073,366,182182,503,226255,California
Monterey,2021-05-24,1730,394085,555,176521,1113,200426,62,17138,573,43556,1153,183335,636,226891,California
Monterey,2021-05-25,1414,395499,530,177051,814,201240,70,17208,550,43326,850,184185,620,227511,California
Monterey,2021-05-26,2651,398150,1015,178066,1580,202820,56,17264,1000,42746,1637,185822,1057,228568,California
Monterey,2021-05-27,2481,400631,1360,179426,1065,203885,56,17320,891,42120,1574,187396,948,229516,California
Monterey,2021-05-28,1737,402368,576,180002,1101,204986,60,17380,746,41947,980,188376,807,230323,California
Monterey,2021-05-29,986,403354,634,180636,319,205305,33,17413,398,41798,581,188957,432,230755,California
Monterey,2021-05-30,379,403733,163,180799,202,205507,14,17427,141,41716,237,189194,155,230910,California
Monterey,2021-05-31,186,403919,33,180832,144,205651,9,17436,53,41646,132,189326,62,230972,California
Monterey,2021-06-01,1705,405624,907,181739,666,206317,132,17568,524,41135,1163,190489,652,231624,California
Monterey,2021-06-02,1669,407293,963,182702,657,206974,49,17617,692,40904,972,191461,741,232365,California
Monterey,2021-06-03,2204,409497,1410,184112,759,207733,35,17652,508,39760,1686,193147,542,232907,California
Monterey,2021-06-04,1324,410821,682,184794,609,208342,33,17685,528,39533,788,193935,561,233468,California
Monterey,2021-06-05,2166,412987,847,185641,699,209041,620,18305,470,38934,1681,195616,1082,234550,California
Monterey,2021-06-06,492,413479,404,186045,79,209120,9,18314,250,38951,241,195857,258,234808,California
Monterey,2021-06-07,934,414413,485,186530,403,209523,46,18360,359,38790,564,196421,403,235211,California
Monterey,2021-06-08,1143,415556,701,187231,418,209941,24,18384,412,38506,719,197140,435,235646,California
Monterey,2021-06-09,2894,418450,2169,189400,599,210540,126,18510,634,37009,2256,199396,759,236405,California
Monterey,2021-06-10,1474,419924,888,190288,527,211067,59,18569,529,36657,938,200334,586,236991,California
Monterey,2021-06-11,1384,421308,752,191040,556,211623,76,18645,503,36360,874,201208,577,237568,California
Monterey,2021-06-12,741,422049,503,191543,223,211846,15,18660,348,36332,391,201599,363,237931,California
Monterey,2021-06-13,589,422638,457,192000,120,211966,12,18672,120,35998,466,202065,132,238063,California
Monterey,2021-06-14,1390,424028,996,192996,360,212326,34,18706,363,35374,1021,203086,397,238460,California
Monterey,2021-06-15,1132,425160,560,193556,449,212775,123,18829,396,35166,727,203813,519,238979,California
Monterey,2021-06-16,1559,426719,1089,194645,438,213213,32,18861,395,34437,1156,204969,427,239406,California
Monterey,2021-06-17,1167,427886,674,195319,339,213552,154,19015,422,34271,741,205710,575,239981,California
Monterey,2021-06-18,1195,429081,724,196043,443,213995,28,19043,531,34172,658,206368,559,240540,California
Monterey,2021-06-19,1302,430383,1007,197050,265,214260,30,19073,489,33886,805,207173,519,241059,California
Monterey,2021-06-20,234,430617,156,197206,70,214330,8,19081,80,33821,154,207327,89,241148,California
Monterey,2021-06-21,673,431290,367,197573,271,214601,35,19116,384,33955,284,207611,418,241566,California
Monterey,2021-06-22,1503,432793,961,198534,353,214954,189,19305,487,33622,1004,208615,671,242237,California
Monterey,2021-06-23,1070,433863,715,199249,321,215275,34,19339,433,33460,628,209243,466,242703,California
Monterey,2021-06-24,846,434709,515,199764,312,215587,19,19358,411,33458,432,209675,430,243133,California
Monterey,2021-06-25,938,435647,595,200359,327,215914,16,19374,430,33400,503,210178,445,243578,California
Monterey,2021-06-26,443,436090,331,200690,104,216018,8,19382,249,33464,192,210370,256,243834,California
Napa,2020-12-16,12,12,12,12,0,0,0,0,12,12,0,0,12,12,California
Napa,2020-12-17,46,58,46,58,0,0,0,0,46,58,0,0,46,58,California
Napa,2020-12-18,105,163,105,163,0,0,0,0,105,163,0,0,105,163,California
Napa,2020-12-19,222,385,222,385,0,0,0,0,222,385,0,0,222,385,California
Napa,2020-12-20,190,575,190,575,0,0,0,0,190,575,0,0,190,575,California
Napa,2020-12-21,313,888,313,888,0,0,0,0,314,889,0,0,314,889,California
Napa,2020-12-22,339,1227,330,1218,9,9,0,0,339,1228,0,0,339,1228,California
Napa,2020-12-23,435,1662,323,1541,112,121,0,0,435,1663,0,0,435,1663,California
Napa,2020-12-24,140,1802,78,1619,62,183,0,0,140,1803,0,0,140,1803,California
Napa,2020-12-25,1,1803,1,1620,0,183,0,0,1,1804,0,0,1,1804,California
Napa,2020-12-26,39,1842,11,1631,28,211,0,0,39,1843,0,0,39,1843,California
Napa,2020-12-27,32,1874,16,1647,16,227,0,0,32,1875,0,0,32,1875,California
Napa,2020-12-28,252,2126,185,1832,67,294,0,0,279,2154,0,0,279,2154,California
Napa,2020-12-29,273,2399,215,2047,58,352,0,0,306,2460,0,0,306,2460,California
Napa,2020-12-30,628,3027,480,2527,148,500,0,0,636,3096,0,0,636,3096,California
Napa,2020-12-31,458,3485,369,2896,89,589,0,0,458,3554,0,0,458,3554,California
Napa,2021-01-01,1,3486,1,2897,0,589,0,0,1,3555,0,0,1,3555,California
Napa,2021-01-02,96,3582,91,2988,5,594,0,0,96,3651,0,0,96,3651,California
Napa,2021-01-03,14,3596,12,3000,2,596,0,0,9,3660,0,0,9,3660,California
Napa,2021-01-04,105,3701,63,3063,42,638,0,0,105,3765,0,0,105,3765,California
Napa,2021-01-05,163,3864,86,3149,77,715,0,0,146,3887,24,24,146,3911,California
Napa,2021-01-06,462,4326,116,3265,346,1061,0,0,397,4221,63,87,397,4308,California
Napa,2021-01-07,498,4824,236,3501,262,1323,0,0,394,4512,103,190,394,4702,California
Napa,2021-01-08,444,5268,228,3729,216,1539,0,0,260,4589,183,373,260,4962,California
Napa,2021-01-09,329,5597,304,4033,25,1564,0,0,191,4642,138,511,191,5153,California
Napa,2021-01-10,186,5783,103,4136,83,1647,0,0,109,4674,77,588,109,5262,California
Napa,2021-01-11,878,6661,425,4561,453,2100,0,0,506,4809,373,961,508,5770,California
Napa,2021-01-12,1329,7990,380,4941,949,3049,0,0,1006,5492,323,1284,1006,6776,California
Napa,2021-01-13,1317,9307,268,5209,1049,4098,0,0,1153,6483,163,1447,1154,7930,California
Napa,2021-01-14,1052,10359,169,5378,883,4981,0,0,935,7303,115,1562,935,8865,California
Napa,2021-01-15,1467,11826,384,5762,1083,6064,0,0,1320,8469,155,1717,1321,10186,California
Napa,2021-01-16,360,12186,132,5894,228,6292,0,0,342,8793,18,1735,342,10528,California
Napa,2021-01-17,343,12529,179,6073,164,6456,0,0,333,9116,10,1745,333,10861,California
Napa,2021-01-18,1078,13607,196,6269,882,7338,0,0,987,10012,91,1836,987,11848,California
Napa,2021-01-19,1005,14612,403,6672,602,7940,0,0,765,10538,239,2075,765,12613,California
Napa,2021-01-20,834,15446,189,6861,645,8585,0,0,646,10999,186,2261,647,13260,California
Napa,2021-01-21,1338,16784,377,7238,961,9546,0,0,1085,11833,252,2513,1086,14346,California
Napa,2021-01-22,1547,18331,411,7649,1136,10682,0,0,1220,12728,326,2839,1221,15567,California
Napa,2021-01-23,397,18728,318,7967,79,10761,0,0,336,13003,61,2900,336,15903,California
Napa,2021-01-24,268,18996,189,8156,79,10840,0,0,210,13155,58,2958,210,16113,California
Napa,2021-01-25,1524,20520,232,8388,1292,12132,0,0,1433,14497,91,3049,1433,17546,California
Napa,2021-01-26,878,21398,285,8673,593,12725,0,0,783,15186,95,3144,784,18330,California
Napa,2021-01-27,632,22030,222,8895,410,13135,0,0,471,15496,162,3306,472,18802,California
Napa,2021-01-28,390,22420,175,9070,215,13350,0,0,198,15504,190,3496,198,19000,California
Napa,2021-01-29,265,22685,66,9136,199,13549,0,0,168,15575,97,3593,168,19168,California
Napa,2021-01-30,820,23505,709,9845,111,13660,0,0,650,16055,170,3763,650,19818,California
Napa,2021-01-31,693,24198,661,10506,32,13692,0,0,668,16698,25,3788,668,20486,California
Napa,2021-02-01,324,24522,114,10620,210,13902,0,0,166,16706,158,3946,166,20652,California
Napa,2021-02-02,616,25138,283,10903,333,14235,0,0,304,16701,309,4255,304,20956,California
Napa,2021-02-03,747,25885,310,11213,437,14672,0,0,432,16819,314,4569,432,21388,California
Napa,2021-02-04,792,26677,372,11585,420,15092,0,0,442,16913,348,4917,442,21830,California
Napa,2021-02-05,713,27390,311,11896,402,15494,0,0,342,16884,371,5288,342,22172,California
Napa,2021-02-06,438,27828,145,12041,293,15787,0,0,333,17112,105,5393,333,22505,California
Napa,2021-02-07,179,28007,166,12207,13,15800,0,0,71,17075,108,5501,71,22576,California
Napa,2021-02-08,838,28845,191,12398,647,16447,0,0,278,16795,558,6059,278,22854,California
Napa,2021-02-09,1091,29936,452,12850,639,17086,0,0,445,16595,645,6704,445,23299,California
Napa,2021-02-10,1739,31675,195,13045,1544,18630,0,0,453,15766,1283,7987,454,23753,California
Napa,2021-02-11,1506,33181,198,13243,1308,19938,0,0,407,15087,1086,9073,407,24160,California
Napa,2021-02-12,2197,35378,866,14109,1331,21269,0,0,728,14351,1464,10537,728,24888,California
Napa,2021-02-13,511,35889,56,14165,455,21724,0,0,319,14478,192,10729,319,25207,California
Napa,2021-02-14,356,36245,89,14254,267,21991,0,0,192,14506,164,10893,192,25399,California
Napa,2021-02-15,879,37124,183,14437,696,22687,0,0,223,14075,654,11547,223,25622,California
Napa,2021-02-16,1296,38420,600,15037,696,23383,0,0,618,14017,676,12223,618,26240,California
Napa,2021-02-17,1055,39475,533,15570,522,23905,0,0,482,13929,571,12794,483,26723,California
Napa,2021-02-18,1908,41383,486,16056,1422,25327,0,0,662,13348,1243,14037,662,27385,California
Napa,2021-02-19,1504,42887,594,16650,910,26237,0,0,681,13208,821,14858,681,28066,California
Napa,2021-02-20,870,43757,636,17286,234,26471,0,0,283,12904,587,15445,283,28349,California
Napa,2021-02-21,888,44645,819,18105,69,26540,0,0,193,12402,695,16140,193,28542,California
Napa,2021-02-22,474,45119,198,18303,276,26816,0,0,146,12220,328,16468,146,28688,California
Napa,2021-02-23,1156,46275,314,18617,842,27658,0,0,328,11720,828,17296,328,29016,California
Napa,2021-02-24,1190,47465,660,19277,530,28188,0,0,597,11726,591,17887,597,29613,California
Napa,2021-02-25,2597,50062,1252,20529,1345,29533,0,0,1877,12884,719,18606,1877,31490,California
Napa,2021-02-26,1553,51615,551,21080,1002,30535,0,0,619,12571,932,19538,619,32109,California
Napa,2021-02-27,1189,52804,425,21505,764,31299,0,0,932,13248,255,19793,932,33041,California
Napa,2021-02-28,725,53529,605,22110,120,31419,0,0,608,13741,115,19908,608,33649,California
Napa,2021-03-01,1176,54705,882,22992,294,31713,0,0,897,14361,277,20185,897,34546,California
Napa,2021-03-02,1506,56211,1049,24041,457,32170,0,0,1159,15174,346,20531,1159,35705,California
Napa,2021-03-03,1573,57784,695,24736,878,33048,0,0,1383,16368,189,20720,1383,37088,California
Napa,2021-03-04,1721,59505,790,25526,931,33979,0,0,1479,17608,239,20959,1479,38567,California
Napa,2021-03-05,1906,61411,790,26316,1112,35091,4,4,1483,18675,420,21379,1487,40054,California
Napa,2021-03-06,657,62068,288,26604,338,35429,31,35,544,19139,111,21490,575,40629,California
Napa,2021-03-07,534,62602,322,26926,196,35625,16,51,382,19386,151,21641,398,41027,California
Napa,2021-03-08,716,63318,336,27262,327,35952,53,104,538,19802,175,21816,591,41618,California
Napa,2021-03-09,1689,65007,607,27869,1036,36988,46,150,1249,20661,436,22252,1295,42913,California
Napa,2021-03-10,1500,66507,925,28794,481,37469,94,244,800,20856,696,22948,891,43804,California
Napa,2021-03-11,1885,68392,1064,29858,689,38158,132,376,989,21080,896,23844,1120,44924,California
Napa,2021-03-12,1517,69909,921,30779,501,38659,95,471,807,21275,707,24551,902,45826,California
Napa,2021-03-13,1179,71088,311,31090,843,39502,25,496,834,21791,343,24894,859,46685,California
Napa,2021-03-14,617,71705,334,31424,134,39636,149,645,207,21737,409,25303,355,47040,California
Napa,2021-03-15,959,72664,412,31836,479,40115,68,713,481,21810,476,25779,549,47589,California
Napa,2021-03-16,1857,74521,394,32230,1336,41451,127,840,1382,22849,471,26250,1510,49099,California
Napa,2021-03-17,2530,77051,1861,34091,490,41941,179,1019,1600,23699,929,27179,1779,50878,California
Napa,2021-03-18,2148,79199,955,35046,1182,43123,11,1030,1287,24139,858,28037,1298,52176,California
Napa,2021-03-19,1462,80661,889,35935,545,43668,28,1058,696,24100,763,28800,724,52900,California
Napa,2021-03-20,1011,81672,530,36465,328,43996,153,1211,389,24021,621,29421,542,53442,California
Napa,2021-03-21,724,82396,699,37164,22,44018,3,1214,232,23766,490,29911,235,53677,California
Napa,2021-03-22,1301,83697,1122,38286,167,44185,12,1226,437,23356,859,30770,449,54126,California
Napa,2021-03-23,1897,85594,1200,39486,680,44865,17,1243,1009,23498,884,31654,1026,55152,California
Napa,2021-03-24,1712,87306,947,40433,756,45621,9,1252,817,23429,894,32548,825,55977,California
Napa,2021-03-25,1935,89241,1059,41492,822,46443,54,1306,772,23098,1157,33705,826,56803,California
Napa,2021-03-26,1312,90553,839,42331,467,46910,6,1312,587,22972,719,34424,593,57396,California
Napa,2021-03-27,953,91506,434,42765,492,47402,27,1339,294,22634,659,35083,321,57717,California
Napa,2021-03-28,493,91999,382,43147,104,47506,7,1346,180,22511,311,35394,188,57905,California
Napa,2021-03-29,1202,93201,876,44023,321,47827,5,1351,729,22774,471,35865,734,58639,California
Napa,2021-03-30,2801,96002,934,44957,1862,49689,5,1356,1980,23937,822,36687,1985,60624,California
Napa,2021-03-31,1975,97977,963,45920,943,50632,69,1425,799,23630,1173,37860,866,61490,California
Napa,2021-04-01,1760,99737,848,46768,795,51427,117,1542,482,22957,1271,39131,598,62088,California
Napa,2021-04-02,1872,101609,844,47612,886,52313,142,1684,477,22183,1392,40523,618,62706,California
Napa,2021-04-03,639,102248,372,47984,208,52521,59,1743,213,22029,425,40948,271,62977,California
Napa,2021-04-04,359,102607,145,48129,155,52676,59,1802,123,21976,235,41183,182,63159,California
Napa,2021-04-05,1276,103883,758,48887,299,52975,219,2021,572,22065,702,41885,791,63950,California
Napa,2021-04-06,2269,106152,566,49453,1444,54419,259,2280,527,21111,1739,43624,785,64735,California
Napa,2021-04-07,1752,107904,708,50161,822,55241,222,2502,531,20647,1215,44839,751,65486,California
Napa,2021-04-08,1870,109774,1071,51232,423,55664,376,2878,965,21088,899,45738,1340,66826,California
Napa,2021-04-09,1549,111323,927,52159,317,55981,305,3183,678,21202,868,46606,982,67808,California
Napa,2021-04-10,1051,112374,353,52512,595,56576,103,3286,246,20747,804,47410,349,68157,California
Napa,2021-04-11,386,112760,300,52812,63,56639,23,3309,157,20698,229,47639,180,68337,California
Napa,2021-04-12,796,113556,302,53114,369,57008,125,3434,292,20609,502,48141,413,68750,California
Napa,2021-04-13,2594,116150,870,53984,1724,58732,0,3434,945,19911,1643,49784,945,69695,California
Napa,2021-04-14,2160,118310,1017,55001,1143,59875,0,3434,1052,19863,1100,50884,1052,70747,California
Napa,2021-04-15,2096,120406,537,55538,1559,61434,0,3434,903,19580,1186,52070,903,71650,California
Napa,2021-04-16,3010,123416,1641,57179,1369,62803,0,3434,2276,21127,729,52799,2276,73926,California
Napa,2021-04-17,1166,124582,274,57453,892,63695,0,3434,861,21684,304,53103,861,74787,California
Napa,2021-04-18,285,124867,190,57643,95,63790,0,3434,124,21647,161,53264,124,74911,California
Napa,2021-04-19,631,125498,342,57985,289,64079,0,3434,277,21571,353,53617,277,75188,California
Napa,2021-04-20,3068,128566,2089,60074,979,65058,0,3434,2084,22674,982,54599,2085,77273,California
Napa,2021-04-21,2972,131538,2196,62270,776,65834,0,3434,1880,23469,1086,55685,1881,79154,California
Napa,2021-04-22,1828,133366,1293,63563,535,66369,0,3434,860,23365,964,56649,860,80014,California
Napa,2021-04-23,1654,135020,1271,64834,381,66750,2,3436,1166,24047,484,57133,1166,81180,California
Napa,2021-04-24,574,135594,323,65157,251,67001,0,3436,298,24072,273,57406,298,81478,California
Napa,2021-04-25,247,135841,189,65346,58,67059,0,3436,127,24080,119,57525,127,81605,California
Napa,2021-04-26,550,136391,282,65628,268,67327,0,3436,283,24101,262,57787,283,81888,California
Napa,2021-04-27,1788,138179,469,66097,1307,68634,12,3448,594,23517,1190,58977,606,82494,California
Napa,2021-04-28,1021,139200,473,66570,531,69165,17,3465,350,23215,669,59646,367,82861,California
Napa,2021-04-29,732,139932,364,66934,349,69514,19,3484,269,23046,456,60102,287,83148,California
Napa,2021-04-30,620,140552,311,67245,245,69759,64,3548,258,23006,361,60463,321,83469,California
Napa,2021-05-01,331,140883,272,67517,48,69807,11,3559,122,22930,209,60672,133,83602,California
Napa,2021-05-02,239,141122,194,67711,39,69846,6,3565,101,22900,137,60809,107,83709,California
Napa,2021-05-03,636,141758,498,68209,103,69949,35,3600,111,22526,521,61330,147,83856,California
Napa,2021-05-04,1144,142902,730,68939,302,70251,112,3712,307,22112,833,62163,419,84275,California
Napa,2021-05-05,1043,143945,705,69644,300,70551,38,3750,265,21640,775,62938,303,84578,California
Napa,2021-05-06,724,144669,321,69965,380,70931,23,3773,374,21697,341,63279,398,84976,California
Napa,2021-05-07,1567,146236,1336,71301,168,71099,63,3836,326,20867,1218,64497,388,85364,California
Napa,2021-05-08,258,146494,166,71467,81,71180,11,3847,87,20795,170,64667,98,85462,California
Napa,2021-05-09,120,146614,88,71555,32,71212,0,3847,59,20793,61,64728,59,85521,California
Napa,2021-05-10,429,147043,147,71702,263,71475,19,3866,109,20602,319,65047,128,85649,California
Napa,2021-05-11,2195,149238,1808,73510,362,71837,25,3891,386,19210,1803,66850,411,86060,California
Napa,2021-05-12,2217,151455,1387,74897,773,72610,57,3948,312,17679,1899,68749,368,86428,California
Napa,2021-05-13,1968,153423,1253,76150,675,73285,40,3988,866,17491,1095,69844,907,87335,California
Napa,2021-05-14,1968,155391,1188,77338,694,73979,86,4074,533,16684,1427,71271,620,87955,California
Napa,2021-05-15,1073,156464,364,77702,697,74676,12,4086,256,16139,814,72085,269,88224,California
Napa,2021-05-16,244,156708,164,77866,78,74754,2,4088,73,16043,171,72256,75,88299,California
Napa,2021-05-17,892,157600,347,78213,515,75269,30,4118,306,15856,524,72780,337,88636,California
Napa,2021-05-18,1076,158676,552,78765,467,75736,57,4175,510,15862,561,73341,567,89203,California
Napa,2021-05-19,971,159647,570,79335,371,76107,30,4205,507,15937,461,73802,536,89739,California
Napa,2021-05-20,661,160308,436,79771,194,76301,31,4236,381,16071,278,74080,412,90151,California
Napa,2021-05-21,527,160835,265,80036,230,76531,32,4268,218,16014,307,74387,250,90401,California
Napa,2021-05-22,461,161296,274,80310,178,76709,9,4277,191,15945,270,74657,201,90602,California
Napa,2021-05-23,401,161697,355,80665,35,76744,11,4288,295,16145,106,74763,306,90908,California
Napa,2021-05-24,382,162079,186,80851,176,76920,20,4308,153,16091,227,74990,173,91081,California
Napa,2021-05-25,434,162513,178,81029,185,77105,71,4379,146,16020,287,75277,216,91297,California
Napa,2021-05-26,560,163073,362,81391,174,77279,24,4403,320,16127,237,75514,344,91641,California
Napa,2021-05-27,396,163469,169,81560,199,77478,28,4431,149,16057,247,75761,177,91818,California
Napa,2021-05-28,404,163873,209,81769,171,77649,24,4455,167,16013,233,75994,189,92007,California
Napa,2021-05-29,128,164001,79,81848,45,77694,4,4459,74,16038,53,76047,78,92085,California
Napa,2021-05-30,98,164099,61,81909,32,77726,5,4464,28,16003,68,76115,33,92118,California
Napa,2021-05-31,51,164150,17,81926,28,77754,6,4470,9,15976,42,76157,15,92133,California
Napa,2021-06-01,604,164754,314,82240,266,78020,24,4494,260,15921,338,76495,283,92416,California
Napa,2021-06-02,415,165169,246,82486,147,78167,22,4516,191,15911,222,76717,212,92628,California
Napa,2021-06-03,757,165926,463,82949,269,78436,25,4541,130,15440,624,77341,153,92781,California
Napa,2021-06-04,784,166710,603,83552,144,78580,37,4578,146,14987,636,77977,183,92964,California
Napa,2021-06-05,309,167019,250,83802,47,78627,12,4590,70,14832,237,78214,82,93046,California
Napa,2021-06-06,145,167164,126,83928,18,78645,1,4591,44,14777,100,78314,45,93091,California
Napa,2021-06-07,394,167558,286,84214,80,78725,28,4619,92,14595,302,78616,120,93211,California
Napa,2021-06-08,620,168178,492,84706,111,78836,17,4636,274,14543,343,78959,291,93502,California
Napa,2021-06-09,554,168732,450,85156,89,78925,15,4651,95,14195,458,79417,110,93612,California
Napa,2021-06-10,511,169243,416,85572,63,78988,32,4683,109,13934,402,79819,141,93753,California
Napa,2021-06-11,410,169653,267,85839,119,79107,24,4707,118,13785,291,80110,142,93895,California
Napa,2021-06-12,205,169858,173,86012,27,79134,5,4712,42,13670,162,80272,47,93942,California
Napa,2021-06-13,286,170144,273,86285,8,79142,5,4717,26,13441,260,80532,31,93973,California
Napa,2021-06-14,482,170626,338,86623,118,79260,26,4743,93,13172,385,80917,116,94089,California
Napa,2021-06-15,377,171003,277,86900,87,79347,13,4756,184,13178,191,81108,197,94286,California
Napa,2021-06-16,261,171264,165,87065,81,79428,15,4771,85,13106,172,81280,100,94386,California
Napa,2021-06-17,390,171654,322,87387,60,79488,8,4779,70,12864,320,81600,78,94464,California
Napa,2021-06-18,267,171921,173,87560,83,79571,11,4790,91,12792,174,81774,102,94566,California
Napa,2021-06-19,111,172032,77,87637,23,79594,11,4801,47,12788,62,81836,58,94624,California
Napa,2021-06-20,54,172086,42,87679,9,79603,3,4804,19,12775,35,81871,22,94646,California
Napa,2021-06-21,157,172243,73,87752,65,79668,19,4823,75,12787,82,81953,94,94740,California
Napa,2021-06-22,378,172621,299,88051,65,79733,14,4837,111,12647,265,82218,125,94865,California
Napa,2021-06-23,338,172959,265,88316,52,79785,21,4858,108,12548,227,82445,128,94993,California
Napa,2021-06-24,167,173126,116,88432,46,79831,5,4863,72,12532,93,82538,77,95070,California
Napa,2021-06-25,228,173354,151,88583,64,79895,13,4876,108,12538,114,82652,120,95190,California
Napa,2021-06-26,68,173422,55,88638,11,79906,2,4878,32,12536,36,82688,34,95224,California
Nevada,2020-12-16,3,3,3,3,0,0,0,0,3,3,0,0,3,3,California
Nevada,2020-12-17,7,10,7,10,0,0,0,0,7,10,0,0,7,10,California
Nevada,2020-12-18,56,66,56,66,0,0,0,0,56,66,0,0,56,66,California
Nevada,2020-12-19,55,121,55,121,0,0,0,0,55,121,0,0,55,121,California
Nevada,2020-12-20,12,133,12,133,0,0,0,0,12,133,0,0,12,133,California
Nevada,2020-12-21,69,202,69,202,0,0,0,0,69,202,0,0,69,202,California
Nevada,2020-12-22,90,292,88,290,2,2,0,0,90,292,0,0,90,292,California
Nevada,2020-12-23,233,525,202,492,31,33,0,0,233,525,0,0,233,525,California
Nevada,2020-12-24,13,538,11,503,2,35,0,0,13,538,0,0,13,538,California
Nevada,2020-12-25,3,541,3,506,0,35,0,0,3,541,0,0,3,541,California
Nevada,2020-12-26,6,547,4,510,2,37,0,0,6,547,0,0,6,547,California
Nevada,2020-12-27,89,636,89,599,0,37,0,0,89,636,0,0,89,636,California
Nevada,2020-12-28,170,806,93,692,77,114,0,0,170,806,0,0,170,806,California
Nevada,2020-12-29,99,905,73,765,26,140,0,0,99,905,0,0,99,905,California
Nevada,2020-12-30,86,991,66,831,20,160,0,0,86,991,0,0,86,991,California
Nevada,2020-12-31,39,1030,9,840,30,190,0,0,39,1030,0,0,39,1030,California
Nevada,2021-01-01,3,1033,0,840,3,193,0,0,3,1033,0,0,3,1033,California
Nevada,2021-01-02,1,1034,1,841,0,193,0,0,1,1034,0,0,1,1034,California
Nevada,2021-01-03,130,1164,125,966,5,198,0,0,130,1164,0,0,130,1164,California
Nevada,2021-01-04,72,1236,47,1013,25,223,0,0,72,1236,0,0,72,1236,California
Nevada,2021-01-05,274,1510,133,1146,141,364,0,0,273,1508,1,1,273,1509,California
Nevada,2021-01-06,90,1600,42,1188,48,412,0,0,82,1582,8,9,82,1591,California
Nevada,2021-01-07,216,1816,44,1232,172,584,0,0,208,1784,7,16,209,1800,California
Nevada,2021-01-08,220,2036,128,1360,92,676,0,0,164,1893,56,72,165,1965,California
Nevada,2021-01-09,63,2099,56,1416,7,683,0,0,14,1858,49,121,14,1979,California
Nevada,2021-01-10,18,2117,9,1425,9,692,0,0,10,1860,8,129,10,1989,California
Nevada,2021-01-11,186,2303,131,1556,55,747,0,0,58,1790,128,257,58,2047,California
Nevada,2021-01-12,600,2903,453,2009,147,894,0,0,533,2256,67,324,533,2580,California
Nevada,2021-01-13,262,3165,148,2157,114,1008,0,0,128,2250,134,458,128,2708,California
Nevada,2021-01-14,238,3403,127,2284,111,1119,0,0,221,2455,16,474,221,2929,California
Nevada,2021-01-15,400,3803,173,2457,227,1346,0,0,299,2653,101,575,299,3228,California
Nevada,2021-01-16,296,4099,15,2472,281,1627,0,0,292,2941,4,579,292,3520,California
Nevada,2021-01-17,37,4136,33,2505,4,1631,0,0,35,2974,2,581,35,3555,California
Nevada,2021-01-18,154,4290,44,2549,110,1741,0,0,142,3104,12,593,142,3697,California
Nevada,2021-01-19,248,4538,88,2637,160,1901,0,0,228,3312,20,613,228,3925,California
Nevada,2021-01-20,275,4813,165,2802,110,2011,0,0,261,3559,14,627,261,4186,California
Nevada,2021-01-21,342,5155,207,3009,135,2146,0,0,328,3873,14,641,328,4514,California
Nevada,2021-01-22,377,5532,236,3245,141,2287,0,0,346,4188,31,672,346,4860,California
Nevada,2021-01-23,182,5714,107,3352,75,2362,0,0,182,4370,0,672,182,5042,California
Nevada,2021-01-24,106,5820,98,3450,8,2370,0,0,67,4398,39,711,67,5109,California
Nevada,2021-01-25,264,6084,135,3585,129,2499,0,0,203,4540,61,772,203,5312,California
Nevada,2021-01-26,408,6492,144,3729,264,2763,0,0,303,4738,105,877,303,5615,California
Nevada,2021-01-27,426,6918,252,3981,174,2937,0,0,401,5114,25,902,401,6016,California
Nevada,2021-01-28,479,7397,326,4307,153,3090,0,0,435,5506,43,945,435,6451,California
Nevada,2021-01-29,607,8004,393,4700,214,3304,0,0,579,6059,27,972,580,7031,California
Nevada,2021-01-30,234,8238,105,4805,129,3433,0,0,231,6287,3,975,231,7262,California
Nevada,2021-01-31,103,8341,86,4891,17,3450,0,0,99,6384,3,978,100,7362,California
Nevada,2021-02-01,293,8634,70,4961,223,3673,0,0,279,6649,14,992,279,7641,California
Nevada,2021-02-02,530,9164,186,5147,344,4017,0,0,331,6781,199,1191,331,7972,California
Nevada,2021-02-03,819,9983,575,5722,244,4261,0,0,764,7491,54,1245,764,8736,California
Nevada,2021-02-04,740,10723,392,6114,348,4609,0,0,489,7730,250,1495,489,9225,California
Nevada,2021-02-05,652,11375,369,6483,283,4892,0,0,462,8004,188,1683,462,9687,California
Nevada,2021-02-06,270,11645,82,6565,188,5080,0,0,242,8218,28,1711,242,9929,California
Nevada,2021-02-07,246,11891,192,6757,54,5134,0,0,192,8356,54,1765,192,10121,California
Nevada,2021-02-08,652,12543,405,7162,247,5381,0,0,551,8806,101,1866,551,10672,California
Nevada,2021-02-09,606,13149,339,7501,267,5648,0,0,463,9126,143,2009,463,11135,California
Nevada,2021-02-10,654,13803,326,7827,328,5976,0,0,422,9317,232,2241,423,11558,California
Nevada,2021-02-11,887,14690,514,8341,373,6349,0,0,553,9538,332,2573,553,12111,California
Nevada,2021-02-12,954,15644,444,8785,510,6859,0,0,628,9843,323,2896,628,12739,California
Nevada,2021-02-13,611,16255,240,9025,371,7230,0,0,390,10017,217,3113,391,13130,California
Nevada,2021-02-14,235,16490,121,9146,114,7344,0,0,206,10194,29,3142,206,13336,California
Nevada,2021-02-15,712,17202,438,9584,274,7618,0,0,537,10556,175,3317,537,13873,California
Nevada,2021-02-16,625,17827,201,9785,424,8042,0,0,455,10842,169,3486,455,14328,California
Nevada,2021-02-17,1193,19020,770,10555,423,8465,0,0,856,11361,337,3823,856,15184,California
Nevada,2021-02-18,1020,20040,555,11110,465,8930,0,0,602,11548,415,4238,602,15786,California
Nevada,2021-02-19,1026,21066,634,11744,392,9322,0,0,659,11843,365,4603,660,16446,California
Nevada,2021-02-20,302,21368,108,11852,194,9516,0,0,176,11894,125,4728,176,16622,California
Nevada,2021-02-21,92,21460,85,11937,7,9523,0,0,7,11819,82,4810,7,16629,California
Nevada,2021-02-22,499,21959,332,12269,167,9690,0,0,353,12027,145,4955,353,16982,California
Nevada,2021-02-23,495,22454,242,12511,253,9943,0,0,221,11978,271,5226,222,17204,California
Nevada,2021-02-24,479,22933,242,12753,237,10180,0,0,253,12009,226,5452,257,17461,California
Nevada,2021-02-25,870,23803,470,13223,400,10580,0,0,436,12013,432,5884,436,17897,California
Nevada,2021-02-26,1246,25049,886,14109,360,10940,0,0,415,11600,828,6712,415,18312,California
Nevada,2021-02-27,360,25409,112,14221,248,11188,0,0,190,11620,170,6882,190,18502,California
Nevada,2021-02-28,274,25683,160,14381,114,11302,0,0,126,11599,147,7029,126,18628,California
Nevada,2021-03-01,840,26523,437,14818,403,11705,0,0,368,11498,469,7498,368,18996,California
Nevada,2021-03-02,742,27265,292,15110,450,12155,0,0,511,11783,226,7724,511,19507,California
Nevada,2021-03-03,992,28257,509,15619,482,12637,1,1,518,11831,472,8196,520,20027,California
Nevada,2021-03-04,1112,29369,622,16241,490,13127,0,1,468,11659,640,8836,468,20495,California
Nevada,2021-03-05,843,30212,477,16718,356,13483,10,11,377,11582,464,9300,387,20882,California
Nevada,2021-03-06,364,30576,121,16839,216,13699,27,38,149,11542,215,9515,175,21057,California
Nevada,2021-03-07,210,30786,109,16948,82,13781,19,57,70,11491,140,9655,89,21146,California
Nevada,2021-03-08,829,31615,559,17507,224,14005,46,103,375,11460,453,10108,422,21568,California
Nevada,2021-03-09,793,32408,403,17910,340,14345,50,153,466,11650,325,10433,515,22083,California
Nevada,2021-03-10,1007,33415,648,18558,303,14648,56,209,341,11386,660,11093,396,22479,California
Nevada,2021-03-11,1108,34523,726,19284,357,15005,25,234,551,11413,549,11642,576,23055,California
Nevada,2021-03-12,1209,35732,728,20012,451,15456,30,264,512,11260,693,12335,540,23595,California
Nevada,2021-03-13,301,36033,57,20069,239,15695,5,269,122,11209,177,12512,126,23721,California
Nevada,2021-03-14,157,36190,20,20089,132,15827,5,274,33,11123,124,12636,38,23759,California
Nevada,2021-03-15,854,37044,464,20553,378,16205,12,286,360,11005,490,13126,372,24131,California
Nevada,2021-03-16,1000,38044,468,21021,470,16675,62,348,637,11342,361,13487,698,24829,California
Nevada,2021-03-17,1025,39069,454,21475,561,17236,10,358,584,11499,438,13925,595,25424,California
Nevada,2021-03-18,982,40051,532,22007,427,17663,23,381,478,11499,500,14425,500,25924,California
Nevada,2021-03-19,762,40813,440,22447,285,17948,37,418,355,11488,403,14828,392,26316,California
Nevada,2021-03-20,823,41636,93,22540,303,18251,427,845,228,11550,589,15417,651,26967,California
Nevada,2021-03-21,59,41695,32,22572,26,18277,1,846,40,11573,18,15435,41,27008,California
Nevada,2021-03-22,803,42498,519,23091,279,18556,5,851,533,11844,267,15702,538,27546,California
Nevada,2021-03-23,864,43362,391,23482,446,19002,27,878,620,12250,241,15943,647,28193,California
Nevada,2021-03-24,1023,44385,543,24025,473,19475,7,885,639,12517,378,16321,645,28838,California
Nevada,2021-03-25,913,45298,463,24488,425,19900,25,910,495,12620,416,16737,519,29357,California
Nevada,2021-03-26,1149,46447,441,24929,669,20569,39,949,822,13156,324,17061,860,30217,California
Nevada,2021-03-27,570,47017,72,25001,482,21051,16,965,387,13377,182,17243,403,30620,California
Nevada,2021-03-28,176,47193,52,25053,111,21162,13,978,38,13293,135,17378,51,30671,California
Nevada,2021-03-29,825,48018,503,25556,300,21462,22,1000,374,13240,448,17826,395,31066,California
Nevada,2021-03-30,1058,49076,482,26038,542,22004,34,1034,487,13198,563,18389,521,31587,California
Nevada,2021-03-31,1181,50257,661,26699,503,22507,17,1051,670,13382,502,18891,686,32273,California
Nevada,2021-04-01,1245,51502,724,27423,468,22975,53,1104,551,13301,684,19575,603,32876,California
Nevada,2021-04-02,1295,52797,664,28087,595,23570,36,1140,763,13572,528,20103,799,33675,California
Nevada,2021-04-03,288,53085,86,28173,162,23732,40,1180,81,13487,206,20309,121,33796,California
Nevada,2021-04-04,129,53214,42,28215,80,23812,7,1187,77,13519,52,20361,84,33880,California
Nevada,2021-04-05,937,54151,615,28830,302,24114,20,1207,621,13848,311,20672,640,34520,California
Nevada,2021-04-06,1075,55226,666,29496,265,24379,144,1351,434,13791,634,21306,577,35097,California
Nevada,2021-04-07,1147,56373,819,30315,245,24624,83,1434,608,13949,532,21838,690,35787,California
Nevada,2021-04-08,1279,57652,891,31206,305,24929,83,1517,707,14171,568,22406,790,36577,California
Nevada,2021-04-09,1250,58902,849,32055,333,25262,68,1585,845,14680,403,22809,912,37489,California
Nevada,2021-04-10,282,59184,78,32133,128,25390,76,1661,114,14703,167,22976,190,37679,California
Nevada,2021-04-11,106,59290,34,32167,66,25456,6,1667,41,14685,65,23041,47,37726,California
Nevada,2021-04-12,749,60039,542,32709,190,25646,17,1684,318,14594,426,23467,335,38061,California
Nevada,2021-04-13,891,60930,355,33064,536,26182,0,1684,472,14651,415,23882,472,38533,California
Nevada,2021-04-14,1057,61987,568,33632,489,26671,0,1684,538,14678,511,24393,538,39071,California
Nevada,2021-04-15,1082,63069,710,34342,372,27043,0,1684,626,14860,444,24837,626,39697,California
Nevada,2021-04-16,899,63968,693,35035,206,27249,0,1684,519,15001,378,25215,519,40216,California
Nevada,2021-04-17,201,64169,55,35090,146,27395,0,1684,86,14974,113,25328,86,40302,California
Nevada,2021-04-18,189,64358,21,35111,168,27563,0,1684,103,14991,86,25414,103,40405,California
Nevada,2021-04-19,755,65113,483,35594,272,27835,0,1684,308,14862,437,25851,308,40713,California
Nevada,2021-04-20,829,65942,328,35922,501,28336,0,1684,312,14664,510,26361,312,41025,California
Nevada,2021-04-21,932,66874,519,36441,413,28749,0,1684,271,14284,651,27012,271,41296,California
Nevada,2021-04-22,1003,67877,630,37071,373,29122,0,1684,340,13973,652,27664,341,41637,California
Nevada,2021-04-23,1232,69109,552,37623,680,29802,0,1684,396,13545,824,28488,396,42033,California
Nevada,2021-04-24,517,69626,70,37693,447,30249,0,1684,167,13364,348,28836,167,42200,California
Nevada,2021-04-25,113,69739,60,37753,48,30297,5,1689,50,13356,62,28898,54,42254,California
Nevada,2021-04-26,746,70485,561,38314,177,30474,8,1697,220,13068,516,29414,228,42482,California
Nevada,2021-04-27,817,71302,380,38694,432,30906,5,1702,410,13084,399,29813,415,42897,California
Nevada,2021-04-28,990,72292,580,39274,405,31311,5,1707,387,12878,598,30411,392,43289,California
Nevada,2021-04-29,1014,73306,706,39980,304,31615,4,1711,278,12426,734,31145,282,43571,California
Nevada,2021-04-30,1230,74536,727,40707,494,32109,9,1720,207,11621,1021,32166,216,43787,California
Nevada,2021-05-01,144,74680,60,40767,80,32189,4,1724,63,11609,79,32245,67,43854,California
Nevada,2021-05-02,58,74738,32,40799,22,32211,4,1728,20,11595,38,32283,24,43878,California
Nevada,2021-05-03,610,75348,405,41204,186,32397,19,1747,179,11365,427,32710,197,44075,California
Nevada,2021-05-04,591,75939,172,41376,401,32798,18,1765,336,11468,251,32961,354,44429,California
Nevada,2021-05-05,737,76676,381,41757,342,33140,14,1779,324,11402,404,33365,338,44767,California
Nevada,2021-05-06,804,77480,565,42322,228,33368,11,1790,196,11010,599,33964,207,44974,California
Nevada,2021-05-07,886,78366,487,42809,364,33732,35,1825,198,10559,684,34648,233,45207,California
Nevada,2021-05-08,171,78537,19,42828,132,33864,20,1845,79,10567,91,34739,99,45306,California
Nevada,2021-05-09,45,78582,8,42836,35,33899,2,1847,22,10568,23,34762,24,45330,California
Nevada,2021-05-10,391,78973,248,43084,119,34018,24,1871,76,10354,314,35076,100,45430,California
Nevada,2021-05-11,518,79491,156,43240,349,34367,13,1884,133,10123,377,35453,146,45576,California
Nevada,2021-05-12,543,80034,237,43477,295,34662,11,1895,156,9911,379,35832,167,45743,California
Nevada,2021-05-13,835,80869,552,44029,273,34935,10,1905,429,9952,398,36230,439,46182,California
Nevada,2021-05-14,786,81655,581,44610,187,35122,18,1923,440,10068,342,36572,458,46640,California
Nevada,2021-05-15,187,81842,87,44697,92,35214,8,1931,87,10064,99,36671,95,46735,California
Nevada,2021-05-16,160,82002,54,44751,106,35320,0,1931,56,10016,104,36775,56,46791,California
Nevada,2021-05-17,494,82496,316,45067,148,35468,30,1961,210,9983,273,37048,240,47031,California
Nevada,2021-05-18,418,82914,255,45322,159,35627,4,1965,222,10016,194,37242,227,47258,California
Nevada,2021-05-19,491,83405,355,45677,131,35758,5,1970,257,10053,225,37467,262,47520,California
Nevada,2021-05-20,607,84012,351,46028,244,36002,12,1982,216,9895,386,37853,228,47748,California
Nevada,2021-05-21,508,84520,327,46355,171,36173,10,1992,223,9846,282,38135,233,47981,California
Nevada,2021-05-22,244,84764,34,46389,157,36330,53,2045,93,9841,151,38286,146,48127,California
Nevada,2021-05-23,50,84814,18,46407,32,36362,0,2045,17,9826,32,38318,17,48144,California
Nevada,2021-05-24,309,85123,219,46626,79,36441,11,2056,106,9743,200,38518,117,48261,California
Nevada,2021-05-25,342,85465,82,46708,248,36689,12,2068,83,9584,254,38772,95,48356,California
Nevada,2021-05-26,453,85918,197,46905,246,36935,10,2078,135,9418,311,39083,145,48501,California
Nevada,2021-05-27,421,86339,225,47130,174,37109,22,2100,179,9380,239,39322,201,48702,California
Nevada,2021-05-28,345,86684,212,47342,111,37220,22,2122,191,9443,151,39473,214,48916,California
Nevada,2021-05-29,67,86751,12,47354,55,37275,0,2122,42,9460,25,39498,42,48958,California
Nevada,2021-05-30,37,86788,20,47374,15,37290,2,2124,25,9475,12,39510,27,48985,California
Nevada,2021-05-31,6,86794,4,47378,0,37290,2,2126,2,9475,4,39514,4,48989,California
Nevada,2021-06-01,421,87215,128,47506,276,37566,17,2143,102,9284,310,39824,119,49108,California
Nevada,2021-06-02,402,87617,165,47671,230,37796,7,2150,101,9099,293,40117,108,49216,California
Nevada,2021-06-03,558,88175,402,48073,151,37947,5,2155,99,8749,454,40571,104,49320,California
Nevada,2021-06-04,543,88718,434,48507,105,38052,4,2159,108,8430,431,41002,112,49432,California
Nevada,2021-06-05,173,88891,70,48577,101,38153,2,2161,67,8394,105,41107,69,49501,California
Nevada,2021-06-06,53,88944,40,48617,13,38166,0,2161,11,8363,42,41149,11,49512,California
Nevada,2021-06-07,267,89211,195,48812,42,38208,30,2191,60,8251,202,41351,90,49602,California
Nevada,2021-06-08,287,89498,188,49000,85,38293,14,2205,65,8117,213,41564,79,49681,California
Nevada,2021-06-09,326,89824,217,49217,102,38395,7,2212,81,7965,240,41804,88,49769,California
Nevada,2021-06-10,275,90099,179,49396,88,38483,8,2220,74,7852,194,41998,81,49850,California
Nevada,2021-06-11,326,90425,233,49629,74,38557,19,2239,75,7697,248,42246,93,49943,California
Nevada,2021-06-12,91,90516,53,49682,33,38590,5,2244,26,7663,65,42311,31,49974,California
Nevada,2021-06-13,32,90548,17,49699,14,38604,1,2245,6,7644,26,42337,7,49981,California
Nevada,2021-06-14,189,90737,135,49834,43,38647,11,2256,50,7572,133,42470,61,50042,California
Nevada,2021-06-15,169,90906,95,49929,66,38713,8,2264,63,7541,102,42572,71,50113,California
Nevada,2021-06-16,237,91143,133,50062,96,38809,8,2272,69,7457,161,42733,77,50190,California
Nevada,2021-06-17,222,91365,131,50193,78,38887,13,2285,39,7327,182,42915,52,50242,California
Nevada,2021-06-18,219,91584,150,50343,51,38938,18,2303,67,7262,150,43065,85,50327,California
Nevada,2021-06-19,68,91652,33,50376,30,38968,5,2308,29,7257,39,43104,34,50361,California
Nevada,2021-06-20,27,91679,20,50396,7,38975,0,2308,8,7247,18,43122,8,50369,California
Nevada,2021-06-21,108,91787,48,50444,53,39028,7,2315,51,7254,51,43173,58,50427,California
Nevada,2021-06-22,162,91949,97,50541,53,39081,12,2327,64,7238,92,43265,76,50503,California
Nevada,2021-06-23,210,92159,137,50678,43,39124,30,2357,85,7232,120,43385,114,50617,California
Nevada,2021-06-24,174,92333,113,50791,44,39168,17,2374,58,7197,110,43495,75,50692,California
Nevada,2021-06-25,202,92535,139,50930,42,39210,21,2395,76,7168,126,43621,97,50789,California
Nevada,2021-06-26,62,92597,48,50978,13,39223,1,2396,18,7143,44,43665,19,50808,California
Orange,2020-12-15,16,16,16,16,0,0,0,0,16,16,0,0,16,16,California
Orange,2020-12-16,396,412,396,412,0,0,0,0,396,412,0,0,396,412,California
Orange,2020-12-17,3762,4174,3762,4174,0,0,0,0,3761,4173,0,0,3761,4173,California
Orange,2020-12-18,5123,9297,5115,9289,8,8,0,0,5121,9293,1,1,5121,9294,California
Orange,2020-12-19,2245,11542,2238,11527,7,15,0,0,2244,11537,0,1,2244,11538,California
Orange,2020-12-20,2001,13543,1998,13525,3,18,0,0,2002,13539,0,1,2002,13540,California
Orange,2020-12-21,4268,17811,4262,17787,6,24,0,0,4268,17807,0,1,4268,17808,California
Orange,2020-12-22,3999,21810,3963,21750,36,60,0,0,3999,21806,0,1,3999,21807,California
Orange,2020-12-23,3606,25416,3237,24987,369,429,0,0,3608,25414,0,1,3608,25415,California
Orange,2020-12-24,1389,26805,1088,26075,301,730,0,0,1389,26803,0,1,1389,26804,California
Orange,2020-12-25,21,26826,16,26091,5,735,0,0,21,26824,0,1,21,26825,California
Orange,2020-12-26,997,27823,424,26515,573,1308,0,0,997,27821,0,1,997,27822,California
Orange,2020-12-27,585,28408,276,26791,309,1617,0,0,585,28406,0,1,585,28407,California
Orange,2020-12-28,3631,32039,2636,29427,995,2612,0,0,3631,32037,0,1,3631,32038,California
Orange,2020-12-29,3527,35566,2506,31933,1021,3633,0,0,3526,35562,1,2,3526,35564,California
Orange,2020-12-30,5143,40709,3554,35487,1589,5222,0,0,5143,40705,0,2,5143,40707,California
Orange,2020-12-31,1534,42243,821,36308,713,5935,0,0,1531,42233,3,5,1531,42238,California
Orange,2021-01-01,696,42939,379,36687,317,6252,0,0,694,42925,2,7,694,42932,California
Orange,2021-01-02,1369,44308,845,37532,524,6776,0,0,1366,44289,2,9,1366,44298,California
Orange,2021-01-03,589,44897,323,37855,266,7042,0,0,589,44878,0,9,589,44887,California
Orange,2021-01-04,2778,47675,1573,39428,1205,8247,0,0,2779,47656,1,10,2779,47666,California
Orange,2021-01-05,3554,51229,2318,41746,1236,9483,0,0,3140,50388,411,421,3143,50809,California
Orange,2021-01-06,5049,56278,3480,45226,1569,11052,0,0,3669,52689,1368,1789,3669,54478,California
Orange,2021-01-07,9359,65637,5219,50445,4140,15192,0,0,5740,54830,3604,5393,5745,60223,California
Orange,2021-01-08,9495,75132,5313,55758,4182,19374,0,0,5692,56733,3792,9185,5695,65918,California
Orange,2021-01-09,5043,80175,1755,57513,3288,22662,0,0,3756,59202,1287,10472,3756,69674,California
Orange,2021-01-10,4261,84436,1050,58563,3211,25873,0,0,3378,61702,882,11354,3382,73056,California
Orange,2021-01-11,9520,93956,4938,63501,4582,30455,0,0,5877,63936,3647,15001,5881,78937,California
Orange,2021-01-12,9008,102964,4851,68352,4157,34612,0,0,5522,65976,3484,18485,5524,84461,California
Orange,2021-01-13,10362,113326,4951,73303,5411,40023,0,0,7137,69898,3222,21707,7144,91605,California
Orange,2021-01-14,10136,123462,3818,77121,6318,46341,0,0,8536,76842,1598,23305,8542,100147,California
Orange,2021-01-15,10328,133790,2675,79796,7653,53994,0,0,9437,85386,899,24204,9443,109590,California
Orange,2021-01-16,8837,142627,2118,81914,6719,60713,0,0,8433,93423,401,24605,8438,118028,California
Orange,2021-01-17,8266,150893,1517,83431,6749,67462,0,0,8111,101389,155,24760,8121,126149,California
Orange,2021-01-18,9798,160691,4449,87880,5349,72811,0,0,7529,106649,2272,27032,7532,133681,California
Orange,2021-01-19,7620,168311,5484,93364,2136,74947,0,0,4976,108984,2643,29675,4978,138659,California
Orange,2021-01-20,8533,176844,5960,99324,2573,77520,0,0,5456,111373,3076,32751,5465,144124,California
Orange,2021-01-21,11187,188031,4948,104272,6239,83759,0,0,10348,120896,836,33587,10359,154483,California
Orange,2021-01-22,13898,201929,5169,109441,8729,92488,0,0,13023,133061,866,34453,13031,167514,California
Orange,2021-01-23,13306,215235,6218,115659,7088,99576,0,0,12362,144492,941,35394,12372,179886,California
Orange,2021-01-24,9950,225185,4302,119961,5648,105224,0,0,9597,153745,348,35742,9601,189487,California
Orange,2021-01-25,10523,235708,5883,125844,4640,109864,0,0,7775,158787,2738,38480,7780,197267,California
Orange,2021-01-26,11979,247687,7719,133563,4260,114124,0,0,9789,166393,2186,40666,9792,207059,California
Orange,2021-01-27,13649,261336,8024,141587,5625,119749,0,0,10892,174545,2746,43412,10898,217957,California
Orange,2021-01-28,13273,274609,7263,148850,6010,125759,0,0,11345,183987,1912,45324,11354,229311,California
Orange,2021-01-29,13815,288424,8456,157306,5359,131118,0,0,10865,191924,2931,48255,10868,240179,California
Orange,2021-01-30,13227,301651,4523,161829,8704,139822,0,0,12433,203584,777,49032,12437,252616,California
Orange,2021-01-31,13863,315514,4930,166759,8933,148755,0,0,13397,216530,459,49491,13405,266021,California
Orange,2021-02-01,15053,330567,6543,173302,8510,157265,0,0,12529,226570,2497,51988,12537,278558,California
Orange,2021-02-02,15245,345812,8027,181329,7218,164483,0,0,12736,236841,2471,54459,12742,291300,California
Orange,2021-02-03,16830,362642,12488,193817,4342,168825,0,0,13832,247762,2917,57376,13838,305138,California
Orange,2021-02-04,20159,382801,13113,206930,7046,175871,0,0,14999,257642,5127,62503,15007,320145,California
Orange,2021-02-05,21023,403824,12079,219009,8944,184815,0,0,14610,265897,6366,68869,14621,334766,California
Orange,2021-02-06,16528,420352,10858,229867,5670,190485,0,0,11227,272060,5285,74154,11448,346214,California
Orange,2021-02-07,11609,431961,8120,237987,3489,193974,0,0,7608,275855,3984,78138,7779,353993,California
Orange,2021-02-08,15237,447198,8732,246719,6505,200479,0,0,9112,278877,6095,84233,9117,363110,California
Orange,2021-02-09,17922,465120,12149,258868,5773,206252,0,0,10800,282645,7046,91279,10814,373924,California
Orange,2021-02-10,21127,486247,11241,270109,9886,216138,0,0,12788,287213,8243,99522,12811,386735,California
Orange,2021-02-11,22445,508692,11619,281728,10826,226964,0,0,12492,289915,9814,109336,12516,399251,California
Orange,2021-02-12,25208,533900,12124,293852,13084,240048,0,0,14785,294368,10353,119689,14806,414057,California
Orange,2021-02-13,22150,556050,11993,305845,10157,250205,0,0,11156,295351,10830,130519,11813,425870,California
Orange,2021-02-14,16314,572364,6641,312486,9673,259878,0,0,9627,298329,6657,137176,9635,435505,California
Orange,2021-02-15,17500,589864,7524,320010,9976,269854,0,0,9021,298939,8433,145609,9043,444548,California
Orange,2021-02-16,20212,610076,9133,329143,11079,280933,0,0,10857,300537,9299,154908,10897,455445,California
Orange,2021-02-17,18210,628286,9539,338682,8671,289604,0,0,9288,301032,8862,163770,9357,464802,California
Orange,2021-02-18,15292,643578,10007,348689,5285,294889,0,0,6896,299624,8338,172108,6930,471732,California
Orange,2021-02-19,18407,661985,10999,359688,7408,302297,0,0,6961,295224,11387,183495,6987,478719,California
Orange,2021-02-20,7646,669631,5690,365378,1956,304253,0,0,3831,295296,3788,187283,3860,482579,California
Orange,2021-02-21,4694,674325,3990,369368,704,304957,0,0,972,292598,3678,190961,980,483559,California
Orange,2021-02-22,9838,684163,8000,377368,1838,306795,0,0,3981,290784,5821,196782,4007,487566,California
Orange,2021-02-23,13642,697805,7474,384842,6168,312963,0,0,3631,284520,9938,206720,3674,491240,California
Orange,2021-02-24,21420,719225,12934,397776,8486,321449,0,0,5458,274155,15892,222612,5527,496767,California
Orange,2021-02-25,23051,742276,12462,410238,10589,332038,0,0,8119,267474,14853,237465,8172,504939,California
Orange,2021-02-26,28278,770554,14313,424551,13965,346003,0,0,11437,262275,16704,254169,11505,516444,California
Orange,2021-02-27,25335,795889,10321,434872,15011,361014,3,3,7401,251930,17810,271979,7465,523909,California
Orange,2021-02-28,19282,815171,7485,442357,11797,372811,0,3,4898,242625,14246,286225,4941,528850,California
Orange,2021-03-01,18922,834093,8660,451017,10244,383055,18,21,7370,238622,11437,297662,7434,536284,California
Orange,2021-03-02,19655,853748,9494,460511,10157,393212,4,25,9587,238268,10007,307669,9653,545937,California
Orange,2021-03-03,21369,875117,10147,470658,11217,404429,5,30,11506,240068,9775,317444,11575,557512,California
Orange,2021-03-04,22904,898021,13154,483812,9736,414165,14,44,11823,240929,11035,328479,11896,569408,California
Orange,2021-03-05,21476,919497,11185,494997,10242,424407,49,93,13115,245879,8314,336793,13264,582672,California
Orange,2021-03-06,24448,943945,13429,508426,10143,434550,876,969,12899,248207,11497,348290,13825,596497,California
Orange,2021-03-07,15456,959401,8676,517102,6364,440914,416,1385,9000,251261,6414,354704,9468,605965,California
Orange,2021-03-08,17046,976447,7891,524993,7842,448756,1313,2698,10896,257447,6079,360783,12265,618230,California
Orange,2021-03-09,21329,997776,9871,534864,8990,457746,2468,5166,12559,263771,8726,369509,15050,633280,California
Orange,2021-03-10,25028,1022804,12286,547150,9280,467026,3462,8628,12601,267500,12358,381867,16087,649367,California
Orange,2021-03-11,29356,1052160,15896,563046,9202,476228,4258,12886,13553,269630,15696,397563,17826,667193,California
Orange,2021-03-12,29625,1081785,14411,577457,11330,487558,3884,16770,14832,273686,14698,412261,18754,685947,California
Orange,2021-03-13,28001,1109786,10295,587752,13746,501304,3960,20730,14137,277990,13801,426062,18105,704052,California
Orange,2021-03-14,18995,1128781,8256,596008,8188,509492,2551,23281,11836,285256,7123,433185,14389,718441,California
Orange,2021-03-15,23301,1152082,10284,606292,12249,521741,768,24049,14487,291800,8719,441904,15263,733704,California
Orange,2021-03-16,26665,1178747,11300,617592,15091,536832,274,24323,17194,299910,9384,451288,17494,751198,California
Orange,2021-03-17,27558,1206305,13714,631306,13281,550113,563,24886,19579,312162,7891,459179,20143,771341,California
Orange,2021-03-18,28122,1234427,14187,645493,13632,563745,303,25189,21753,327938,6296,465475,22072,793413,California
Orange,2021-03-19,33883,1268310,18644,664137,14785,578530,454,25643,25080,344801,8686,474161,25549,818962,California
Orange,2021-03-20,25957,1294267,13673,677810,12078,590608,206,25849,22088,363309,3796,477957,22304,841266,California
Orange,2021-03-21,18732,1312999,10864,688674,7121,597729,747,26596,15808,376981,2886,480843,16558,857824,California
Orange,2021-03-22,22964,1335963,11933,700607,10708,608437,323,26919,19278,393014,3581,484424,19614,877438,California
Orange,2021-03-23,26325,1362288,13760,714367,11919,620356,646,27565,20824,409078,5414,489838,21478,898916,California
Orange,2021-03-24,29405,1391693,16468,730835,12007,632363,930,28495,22034,424785,7263,497101,22970,921886,California
Orange,2021-03-25,32680,1424373,17375,748210,14587,646950,718,29213,24294,441522,8279,505380,25016,946902,California
Orange,2021-03-26,35100,1459473,18236,766446,15996,662946,868,30081,24903,457235,10070,515450,25783,972685,California
Orange,2021-03-27,28633,1488106,13720,780166,14597,677543,316,30397,19810,468643,8721,524171,20129,992814,California
Orange,2021-03-28,24981,1513087,12990,793156,11923,689466,68,30465,18627,481078,6267,530438,18702,1011516,California
Orange,2021-03-29,26708,1539795,12249,805405,13890,703356,569,31034,17841,490741,8752,539190,18415,1029931,California
Orange,2021-03-30,31047,1570842,14052,819457,16357,719713,638,31672,20449,501327,10501,549691,21087,1051018,California
Orange,2021-03-31,37359,1608201,19596,839053,17042,736755,721,32393,23704,512235,13519,563210,24427,1075445,California
Orange,2021-04-01,40878,1649079,21457,860510,17473,754228,1948,34341,26241,525960,14450,577660,28175,1103620,California
Orange,2021-04-02,40417,1689496,20393,880903,18165,772393,1859,36200,22734,533000,17560,595220,24600,1128220,California
Orange,2021-04-03,30491,1719987,15787,896690,12928,785321,1776,37976,14365,533102,16032,611252,16134,1144354,California
Orange,2021-04-04,18514,1738501,10745,907435,6996,792317,773,38749,8164,531749,10286,621538,8933,1153287,California
Orange,2021-04-05,30251,1768752,14144,921579,12680,804997,3427,42176,13848,532711,16306,637844,17268,1170555,California
Orange,2021-04-06,33646,1802398,15752,937331,14436,819433,3458,45634,14429,531463,19113,656957,17865,1188420,California
Orange,2021-04-07,36434,1838832,20249,957580,11526,830959,4659,50293,16038,531827,20296,677253,20660,1209080,California
Orange,2021-04-08,39488,1878320,21829,979409,12097,843056,5562,55855,19104,536198,20261,697514,24632,1233712,California
Orange,2021-04-09,41358,1919678,24060,1003469,12003,855059,5295,61150,18251,536718,22995,720509,23515,1257227,California
Orange,2021-04-10,34841,1954519,18382,1021851,12157,867216,4302,65452,14422,535102,20318,740827,18702,1275929,California
Orange,2021-04-11,25854,1980373,14645,1036496,7918,875134,3291,68743,9913,532404,15882,756709,13184,1289113,California
Orange,2021-04-12,30846,2011219,15574,1052070,11620,886754,3652,72395,12126,529527,18637,775346,15760,1304873,California
Orange,2021-04-13,32863,2044082,18505,1070575,14288,901042,70,72465,15303,527427,17476,792822,15376,1320249,California
Orange,2021-04-14,35065,2079147,20572,1091147,14457,915499,36,72501,15247,523024,19698,812520,15295,1335544,California
Orange,2021-04-15,40919,2120066,24921,1116068,15983,931482,15,72516,19046,520338,21743,834263,19057,1354601,California
Orange,2021-04-16,42133,2162199,24780,1140848,17323,948805,30,72546,19054,516494,22939,857202,19095,1373696,California
Orange,2021-04-17,30682,2192881,17401,1158249,13274,962079,7,72553,13475,512923,17059,874261,13488,1387184,California
Orange,2021-04-18,22297,2215178,13601,1171850,8696,970775,0,72553,8882,508468,13343,887604,8888,1396072,California
Orange,2021-04-19,33087,2248265,18288,1190138,14795,985570,4,72557,15227,505952,17753,905357,15237,1411309,California
Orange,2021-04-20,36625,2284890,19367,1209505,17251,1002821,7,72564,18235,505904,18296,923653,18248,1429557,California
Orange,2021-04-21,42495,2327385,24906,1234411,17580,1020401,9,72573,20178,503956,22139,945792,20191,1449748,California
Orange,2021-04-22,40140,2367525,21490,1255901,18640,1039041,10,72583,16732,497446,23260,969052,16750,1466498,California
Orange,2021-04-23,41095,2408620,21587,1277488,19500,1058541,8,72591,18408,493309,22562,991614,18425,1484923,California
Orange,2021-04-24,32131,2440751,16832,1294320,15267,1073808,32,72623,13493,488291,18546,1010160,13528,1498451,California
Orange,2021-04-25,23010,2463761,12993,1307313,10002,1083810,15,72638,9830,485033,13110,1023270,9852,1508303,California
Orange,2021-04-26,29298,2493059,14535,1321848,14564,1098374,199,72837,12694,481446,16483,1039753,12896,1521199,California
Orange,2021-04-27,31561,2524620,14964,1336812,15965,1114339,632,73469,11961,474624,19422,1059175,12600,1533799,California
Orange,2021-04-28,31449,2556069,15970,1352782,14594,1128933,885,74354,12637,469469,18676,1077851,13521,1547320,California
Orange,2021-04-29,32506,2588575,17957,1370739,13580,1142513,969,75323,11577,461201,20807,1098658,12539,1559859,California
Orange,2021-04-30,30424,2618999,17537,1388276,11940,1154453,947,76270,13004,457838,17304,1115962,13941,1573800,California
Orange,2021-05-01,22989,2641988,15739,1404015,6261,1160714,989,77259,8783,453515,14087,1130049,9764,1583564,California
Orange,2021-05-02,15448,2657436,10292,1414307,4511,1165225,645,77904,5382,449540,9996,1140045,6021,1589585,California
Orange,2021-05-03,20699,2678135,12644,1426951,7292,1172517,763,78667,6507,442708,14101,1154146,7269,1596854,California
Orange,2021-05-04,24206,2702341,14000,1440951,9286,1181803,920,79587,8269,436062,15822,1169968,9176,1606030,California
Orange,2021-05-05,25452,2727793,14453,1455404,10102,1191905,897,80484,8190,428026,17123,1187091,9087,1615117,California
Orange,2021-05-06,26877,2754670,16398,1471802,9478,1201383,1001,81485,7394,417067,19347,1206438,8388,1623505,California
Orange,2021-05-07,29363,2784033,17775,1489577,10534,1211917,1054,82539,8172,405318,20969,1227407,9220,1632725,California
Orange,2021-05-08,19156,2803189,12812,1502389,5543,1217460,801,83340,5545,398176,13479,1240886,6337,1639062,California
Orange,2021-05-09,11140,2814329,8503,1510892,2262,1219722,375,83715,2807,393074,8284,1249170,3182,1642244,California
Orange,2021-05-10,19509,2833838,12021,1522913,6706,1226428,782,84497,4309,383061,15105,1264275,5092,1647336,California
Orange,2021-05-11,22726,2856564,12847,1535760,9141,1235569,738,85235,5382,371938,17236,1281511,6113,1653449,California
Orange,2021-05-12,24094,2880658,14990,1550750,8267,1243836,837,86072,6541,361898,17416,1298927,7376,1660825,California
Orange,2021-05-13,22118,2902776,13714,1564464,7795,1251631,609,86681,8140,356783,13865,1312792,8750,1669575,California
Orange,2021-05-14,26831,2929607,17748,1582212,8231,1259862,852,87533,10439,351797,16248,1329040,11262,1680837,California
Orange,2021-05-15,20443,2950050,14759,1596971,5134,1264996,550,88083,8277,348523,12094,1341134,8820,1689657,California
Orange,2021-05-16,15552,2965602,12821,1609792,2392,1267388,339,88422,6682,346732,8810,1349944,7019,1696676,California
Orange,2021-05-17,19555,2985157,12841,1622633,6013,1273401,701,89123,6888,341709,12599,1362543,7576,1704252,California
Orange,2021-05-18,20606,3005763,12011,1634644,7925,1281326,670,89793,7993,337847,12518,1375061,8656,1712908,California
Orange,2021-05-19,22541,3028304,12901,1647545,8967,1290293,673,90466,7684,331459,14736,1389797,8348,1721256,California
Orange,2021-05-20,22577,3050881,13243,1660788,8666,1298959,668,91134,7716,325091,14750,1404547,8382,1729638,California
Orange,2021-05-21,25606,3076487,14660,1675448,10220,1309179,726,91860,8263,316846,17229,1421776,8984,1738622,California
Orange,2021-05-22,18293,3094780,12176,1687624,5570,1314749,547,92407,6949,313089,11253,1433029,7496,1746118,California
Orange,2021-05-23,10018,3104798,6923,1694547,2822,1317571,273,92680,3505,310398,6468,1439497,3777,1749895,California
Orange,2021-05-24,15676,3120474,9318,1703865,5735,1323306,623,93303,5789,307009,9794,1449291,6405,1756300,California
Orange,2021-05-25,15647,3136121,9212,1713077,5910,1329216,525,93828,5565,303123,9971,1459262,6085,1762385,California
Orange,2021-05-26,15261,3151382,8564,1721641,6196,1335412,501,94329,5622,299689,9547,1468809,6113,1768498,California
Orange,2021-05-27,14415,3165797,8678,1730319,5193,1340605,544,94873,6301,298488,8038,1476847,6837,1775335,California
Orange,2021-05-28,16821,3182618,9916,1740235,6276,1346881,629,95502,7371,297122,9355,1486202,7989,1783324,California
Orange,2021-05-29,8991,3191609,5264,1745499,3368,1350249,359,95861,4064,296669,4870,1491072,4417,1787741,California
Orange,2021-05-30,5987,3197596,3888,1749387,1822,1352071,277,96138,2141,295272,3810,1494882,2413,1790154,California
Orange,2021-05-31,1697,3199293,1052,1750439,598,1352669,47,96185,521,294682,1157,1496039,567,1790721,California
Orange,2021-06-01,13394,3212687,7779,1758218,5125,1357794,490,96675,4981,291840,8305,1504344,5463,1796184,California
Orange,2021-06-02,13013,3225700,8061,1766279,4534,1362328,418,97093,4451,288290,8412,1512756,4862,1801046,California
Orange,2021-06-03,12891,3238591,8904,1775183,3533,1365861,454,97547,4399,284709,8430,1521186,4849,1805895,California
Orange,2021-06-04,17145,3255736,12158,1787341,4408,1370269,579,98126,5239,278704,11820,1533006,5815,1811710,California
Orange,2021-06-05,12916,3268652,9746,1797087,2789,1373058,381,98507,3831,273884,9028,1542034,4208,1815918,California
Orange,2021-06-06,5338,3273990,4535,1801622,603,1373661,200,98707,1818,272404,3498,1545532,2018,1817936,California
Orange,2021-06-07,10773,3284763,7616,1809238,2693,1376354,464,99171,3316,268793,7384,1552916,3773,1821709,California
Orange,2021-06-08,12184,3296947,8774,1818012,2901,1379255,509,99680,3770,264750,8323,1561239,4280,1825989,California
Orange,2021-06-09,11733,3308680,8120,1826132,3156,1382411,457,100137,3292,260139,8355,1569594,3744,1829733,California
Orange,2021-06-10,11577,3320257,8423,1834555,2692,1385103,462,100599,3395,255869,8122,1577716,3852,1833585,California
Orange,2021-06-11,13273,3333530,9329,1843884,3446,1388549,498,101097,4281,251742,8902,1586618,4775,1838360,California
Orange,2021-06-12,9794,3343324,7499,1851383,1979,1390528,316,101413,3015,248348,6725,1593343,3331,1841691,California
Orange,2021-06-13,4043,3347367,2944,1854327,937,1391465,162,101575,1017,246535,2993,1596336,1180,1842871,California
Orange,2021-06-14,9844,3357211,7180,1861507,2206,1393671,458,102033,3262,243723,6530,1602866,3718,1846589,California
Orange,2021-06-15,10182,3367393,7333,1868840,2417,1396088,432,102465,3563,241169,6545,1609411,3991,1850580,California
Orange,2021-06-16,9558,3376951,6870,1875710,2222,1398310,466,102931,3274,238679,6225,1615636,3735,1854315,California
Orange,2021-06-17,9317,3386268,7040,1882750,1913,1400223,364,103295,3317,236421,5939,1621575,3681,1857996,California
Orange,2021-06-18,11052,3397320,8044,1890794,2527,1402750,481,103776,3845,233614,7130,1628705,4323,1862319,California
Orange,2021-06-19,6305,3403625,4705,1895499,1361,1404111,239,104015,2609,232819,3646,1632351,2851,1865170,California
Orange,2021-06-20,3073,3406698,2385,1897884,595,1404706,93,104108,1040,231932,2020,1634371,1133,1866303,California
Orange,2021-06-21,6602,3413300,4541,1902425,1631,1406337,430,104538,3555,232901,3017,1637388,3986,1870289,California
Orange,2021-06-22,7683,3420983,5680,1908105,1653,1407990,350,104888,2925,231486,4691,1642079,3276,1873565,California
Orange,2021-06-23,7296,3428279,5481,1913586,1514,1409504,301,105189,2958,230451,4292,1646371,3257,1876822,California
Orange,2021-06-24,7026,3435305,5276,1918862,1398,1410902,352,105541,2976,229764,4014,1650385,3327,1880149,California
Orange,2021-06-25,8291,3443596,6046,1924908,1887,1412789,358,105899,3218,228306,5028,1655413,3570,1883719,California
Orange,2021-06-26,3452,3447048,2505,1927413,820,1413609,127,106026,1393,227794,2033,1657446,1521,1885240,California
Placer,2020-12-15,29,29,29,29,0,0,0,0,29,29,0,0,29,29,California
Placer,2020-12-16,56,85,56,85,0,0,0,0,56,85,0,0,56,85,California
Placer,2020-12-17,148,233,148,233,0,0,0,0,148,233,0,0,148,233,California
Placer,2020-12-18,429,662,429,662,0,0,0,0,429,662,0,0,429,662,California
Placer,2020-12-19,253,915,253,915,0,0,0,0,253,915,0,0,253,915,California
Placer,2020-12-20,234,1149,234,1149,0,0,0,0,234,1149,0,0,234,1149,California
Placer,2020-12-21,498,1647,496,1645,2,2,0,0,498,1647,0,0,498,1647,California
Placer,2020-12-22,678,2325,671,2316,7,9,0,0,678,2325,0,0,678,2325,California
Placer,2020-12-23,757,3082,668,2984,89,98,0,0,757,3082,0,0,757,3082,California
Placer,2020-12-24,405,3487,351,3335,54,152,0,0,405,3487,0,0,405,3487,California
Placer,2020-12-26,159,3646,114,3449,45,197,0,0,159,3646,0,0,159,3646,California
Placer,2020-12-27,184,3830,162,3611,22,219,0,0,184,3830,0,0,184,3830,California
Placer,2020-12-28,669,4499,541,4152,128,347,0,0,669,4499,0,0,669,4499,California
Placer,2020-12-29,769,5268,517,4669,252,599,0,0,769,5268,0,0,769,5268,California
Placer,2020-12-30,733,6001,457,5126,276,875,0,0,731,5999,0,0,731,5999,California
Placer,2020-12-31,541,6542,354,5480,187,1062,0,0,541,6540,0,0,541,6540,California
Placer,2021-01-01,16,6558,12,5492,4,1066,0,0,16,6556,0,0,16,6556,California
Placer,2021-01-02,187,6745,154,5646,33,1099,0,0,187,6743,0,0,187,6743,California
Placer,2021-01-03,154,6899,79,5725,75,1174,0,0,154,6897,0,0,154,6897,California
Placer,2021-01-04,621,7520,179,5904,442,1616,0,0,621,7518,0,0,621,7518,California
Placer,2021-01-05,733,8253,160,6064,573,2189,0,0,644,8075,88,88,645,8163,California
Placer,2021-01-06,765,9018,249,6313,516,2705,0,0,613,8536,152,240,613,8776,California
Placer,2021-01-07,990,10008,369,6682,621,3326,0,0,763,9072,227,467,763,9539,California
Placer,2021-01-08,1187,11195,530,7212,657,3983,0,0,796,9480,388,855,796,10335,California
Placer,2021-01-09,454,11649,321,7533,133,4116,0,0,237,9501,216,1071,237,10572,California
Placer,2021-01-10,331,11980,187,7720,144,4260,0,0,163,9496,168,1239,163,10735,California
Placer,2021-01-11,1438,13418,814,8534,624,4884,0,0,844,9747,594,1833,845,11580,California
Placer,2021-01-12,1675,15093,893,9427,782,5666,0,0,1062,10198,612,2445,1063,12643,California
Placer,2021-01-13,1653,16746,833,10260,820,6486,0,0,1221,10992,430,2875,1224,13867,California
Placer,2021-01-14,1804,18550,668,10928,1136,7622,0,0,1440,12072,361,3236,1441,15308,California
Placer,2021-01-15,1942,20492,722,11650,1220,8842,0,0,1590,13312,351,3587,1591,16899,California
Placer,2021-01-16,1477,21969,718,12368,759,9601,0,0,1355,14546,122,3709,1356,18255,California
Placer,2021-01-17,570,22539,399,12767,171,9772,0,0,432,14840,138,3847,432,18687,California
Placer,2021-01-18,997,23536,557,13324,440,10212,0,0,755,15354,242,4089,756,19443,California
Placer,2021-01-19,2635,26171,1969,15293,666,10878,0,0,2176,17072,459,4548,2177,21620,California
Placer,2021-01-20,2290,28461,1712,17005,578,11456,0,0,1955,18693,335,4883,1956,23576,California
Placer,2021-01-21,2588,31049,1132,18137,1456,12912,0,0,2186,20479,401,5284,2187,25763,California
Placer,2021-01-22,2371,33420,649,18786,1722,14634,0,0,2197,22505,172,5456,2198,27961,California
Placer,2021-01-23,1203,34623,387,19173,816,15450,0,0,1045,23392,158,5614,1045,29006,California
Placer,2021-01-24,504,35127,259,19432,245,15695,0,0,432,23753,72,5686,433,29439,California
Placer,2021-01-25,1686,36813,807,20239,879,16574,0,0,1391,24850,295,5981,1392,30831,California
Placer,2021-01-26,1880,38693,1042,21281,838,17412,0,0,1613,26196,267,6248,1613,32444,California
Placer,2021-01-27,1864,40557,1168,22449,696,18108,0,0,1611,27557,251,6499,1612,34056,California
Placer,2021-01-28,1814,42371,1126,23575,688,18796,0,0,1562,28869,250,6749,1562,35618,California
Placer,2021-01-29,1919,44290,1181,24756,738,19534,0,0,1720,30392,198,6947,1721,37339,California
Placer,2021-01-30,1750,46040,976,25732,774,20308,0,0,1629,31901,120,7067,1629,38968,California
Placer,2021-01-31,787,46827,626,26358,161,20469,0,0,717,32549,70,7137,718,39686,California
Placer,2021-02-01,2090,48917,1105,27463,985,21454,0,0,1773,34006,316,7453,1773,41459,California
Placer,2021-02-02,2417,51334,1554,29017,863,22317,0,0,1909,35410,505,7958,1909,43368,California
Placer,2021-02-03,2934,54268,1887,30904,1047,23364,0,0,2307,37094,623,8581,2307,45675,California
Placer,2021-02-04,2783,57051,1192,32096,1591,24955,0,0,1944,38204,835,9416,1945,47620,California
Placer,2021-02-05,2755,59806,1227,33323,1528,26483,0,0,1405,38264,1345,10761,1405,49025,California
Placer,2021-02-06,1975,61781,1334,34657,641,27124,0,0,1425,39139,550,11311,1425,50450,California
Placer,2021-02-07,1223,63004,911,35568,312,27436,0,0,936,39789,286,11597,936,51386,California
Placer,2021-02-08,3319,66323,1778,37346,1541,28977,0,0,1954,40386,1358,12955,1955,53341,California
Placer,2021-02-09,3574,69897,2187,39533,1387,30364,0,0,1653,40121,1918,14873,1653,54994,California
Placer,2021-02-10,3783,73680,2215,41748,1568,31932,0,0,1762,39868,2017,16890,1764,56758,California
Placer,2021-02-11,3731,77411,1921,43669,1810,33742,0,0,1584,39320,2133,19023,1585,58343,California
Placer,2021-02-12,2873,80284,1341,45010,1532,35274,0,0,1674,39833,1162,20185,1675,60018,California
Placer,2021-02-13,2540,82824,1473,46483,1067,36341,0,0,1892,41077,648,20833,1892,61910,California
Placer,2021-02-14,1092,83916,685,47168,407,36748,0,0,740,41467,350,21183,740,62650,California
Placer,2021-02-15,2255,86171,1044,48212,1211,37959,0,0,1547,42307,708,21891,1548,64198,California
Placer,2021-02-16,3601,89772,1798,50010,1803,39762,0,0,1598,41912,1994,23885,1599,65797,California
Placer,2021-02-17,3565,93337,1981,51991,1584,41346,0,0,1517,41386,2044,25929,1518,67315,California
Placer,2021-02-18,3845,97182,2076,54067,1769,43115,0,0,1636,40824,2199,28128,1637,68952,California
Placer,2021-02-19,3650,100832,1958,56025,1692,44807,0,0,1361,39901,2285,30413,1362,70314,California
Placer,2021-02-20,2078,102910,1307,57332,771,45578,0,0,939,39712,1131,31544,942,71256,California
Placer,2021-02-21,1017,103927,753,58085,264,45842,0,0,286,39271,728,32272,287,71543,California
Placer,2021-02-22,2526,106453,1764,59849,762,46604,0,0,608,37962,1917,34189,608,72151,California
Placer,2021-02-23,2647,109100,1613,61462,1034,47638,0,0,899,37114,1747,35936,899,73050,California
Placer,2021-02-24,3339,112439,1198,62660,2141,49779,0,0,1811,37409,1518,37454,1813,74863,California
Placer,2021-02-25,3741,116180,1549,64209,2192,51971,0,0,2047,37773,1686,39140,2050,76913,California
Placer,2021-02-26,4277,120457,2455,66664,1822,53793,0,0,2481,38463,1792,40932,2482,79395,California
Placer,2021-02-27,2919,123376,1538,68202,1381,55174,0,0,1500,38551,1414,42346,1502,80897,California
Placer,2021-02-28,1593,124969,875,69077,717,55891,1,1,734,38432,854,43200,735,81632,California
Placer,2021-03-01,3209,128178,2135,71212,1074,56965,0,1,1637,38504,1565,44765,1637,83269,California
Placer,2021-03-02,2921,131099,1802,73014,1119,58084,0,1,1904,39401,1007,45772,1904,85173,California
Placer,2021-03-03,3395,134494,1480,74494,1914,59998,1,2,1857,39729,1531,47303,1859,87032,California
Placer,2021-03-04,3640,138134,1463,75957,2177,62175,0,2,1897,39896,1731,49034,1898,88930,California
Placer,2021-03-05,3014,141148,1034,76991,1959,64134,21,23,1811,40528,1200,50234,1832,90762,California
Placer,2021-03-06,2444,143592,1513,78504,836,64970,95,118,941,40069,1495,51729,1036,91798,California
Placer,2021-03-07,1325,144917,774,79278,511,65481,40,158,548,39883,774,52503,588,92386,California
Placer,2021-03-08,2921,147838,1834,81112,974,66455,113,271,1654,40385,1265,53768,1767,94153,California
Placer,2021-03-09,3218,151056,1713,82825,1414,67869,91,362,1848,40957,1367,55135,1939,96092,California
Placer,2021-03-10,3318,154374,1340,84165,1871,69740,107,469,1728,41207,1584,56719,1834,97926,California
Placer,2021-03-11,3672,158046,1670,85835,1877,71617,125,594,1754,41181,1907,58626,1881,99807,California
Placer,2021-03-12,3702,161748,1495,87330,1426,73043,781,1375,1246,40765,2445,61071,2029,101836,California
Placer,2021-03-13,2137,163885,751,88081,1264,74307,122,1497,1110,40973,1024,62095,1232,103068,California
Placer,2021-03-14,1653,165538,681,88762,821,75128,151,1648,894,41259,759,62854,1045,104113,California
Placer,2021-03-15,3228,168766,1554,90316,1544,76672,130,1778,1776,41717,1449,64303,1907,106020,California
Placer,2021-03-16,3624,172390,1949,92265,1541,78213,134,1912,2313,42864,1300,65603,2447,108467,California
Placer,2021-03-17,3471,175861,1748,94013,1619,79832,104,2016,2232,43965,1236,66839,2337,110804,California
Placer,2021-03-18,4128,179989,2342,96355,1747,81579,39,2055,2868,45618,1253,68092,2906,113710,California
Placer,2021-03-19,3469,183458,2078,98433,1123,82702,268,2323,2162,46747,1298,69390,2427,116137,California
Placer,2021-03-20,2166,185624,910,99343,1157,83859,99,2422,1309,47302,852,70242,1407,117544,California
Placer,2021-03-21,1270,186894,585,99928,675,84534,10,2432,886,47817,381,70623,896,118440,California
Placer,2021-03-22,3318,190212,2122,102050,1104,85638,92,2524,2158,48911,1156,71779,2250,120690,California
Placer,2021-03-23,3595,193807,2124,104174,1381,87019,90,2614,2570,50552,1020,72799,2661,123351,California
Placer,2021-03-24,3809,197616,2008,106182,1703,88722,98,2712,1919,50703,1867,74666,2018,125369,California
Placer,2021-03-25,3868,201484,1870,108052,1898,90620,100,2812,1729,50403,2128,76794,1828,127197,California
Placer,2021-03-26,3795,205279,1677,109729,1886,92506,232,3044,1522,49899,2258,79052,1754,128951,California
Placer,2021-03-27,1612,206891,481,110210,1110,93616,21,3065,609,49532,996,80048,629,129580,California
Placer,2021-03-28,1116,208007,530,110740,576,94192,10,3075,303,49037,808,80856,313,129893,California
Placer,2021-03-29,3584,211591,1999,112739,1549,95741,36,3111,1730,48961,1845,82701,1769,131662,California
Placer,2021-03-30,3985,215576,2099,114838,1842,97583,44,3155,2077,49187,1894,84595,2120,133782,California
Placer,2021-03-31,4121,219697,1838,116676,2209,99792,74,3229,1689,48524,2425,87020,1762,135544,California
Placer,2021-04-01,3004,222701,1446,118122,1510,101302,48,3277,1669,48912,1329,88349,1717,137261,California
Placer,2021-04-02,2849,225550,1455,119577,1327,102629,67,3344,1596,49328,1246,89595,1662,138923,California
Placer,2021-04-03,1868,227418,998,120575,741,103370,129,3473,896,49387,964,90559,1023,139946,California
Placer,2021-04-04,716,228134,367,120942,296,103666,53,3526,287,49302,425,90984,340,140286,California
Placer,2021-04-05,3024,231158,1913,122855,924,104590,187,3713,1755,49979,1264,92248,1941,142227,California
Placer,2021-04-06,4320,235478,2497,125352,1520,106110,303,4016,1536,49041,2776,95024,1838,144065,California
Placer,2021-04-07,4574,240052,2608,127960,1501,107611,465,4481,2088,49111,2479,97503,2549,146614,California
Placer,2021-04-08,4743,244795,2616,130576,1581,109192,546,5027,1586,48098,3144,100647,2131,148745,California
Placer,2021-04-09,4155,248950,2281,132857,1249,110441,625,5652,1246,47071,2900,103547,1873,150618,California
Placer,2021-04-10,2049,250999,886,133743,980,111421,183,5835,881,46969,1165,104712,1063,151681,California
Placer,2021-04-11,1363,252362,535,134278,795,112216,33,5868,458,46558,901,105613,490,152171,California
Placer,2021-04-12,4136,256498,2663,136941,1086,113302,387,6255,2475,47769,1651,107264,2862,155033,California
Placer,2021-04-13,4371,260869,3006,139947,1364,114666,1,6256,2189,47783,2177,109441,2191,157224,California
Placer,2021-04-14,4182,265051,2597,142544,1584,116250,1,6257,1862,47336,2309,111750,1862,159086,California
Placer,2021-04-15,4528,269579,2520,145064,2007,118257,1,6258,2360,47538,2159,113909,2361,161447,California
Placer,2021-04-16,3711,273290,2201,147265,1510,119767,0,6258,1450,46733,2255,116164,1450,162897,California
Placer,2021-04-17,2442,275732,853,148118,1589,121356,0,6258,1527,47352,909,117073,1528,164425,California
Placer,2021-04-18,1233,276965,298,148416,935,122291,0,6258,437,46995,794,117867,437,164862,California
Placer,2021-04-19,2969,279934,1828,150244,1141,123432,0,6258,1168,46369,1796,119663,1170,166032,California
Placer,2021-04-20,3912,283846,2560,152804,1352,124784,0,6258,2449,47364,1454,121117,2449,168481,California
Placer,2021-04-21,3818,287664,2535,155339,1282,126066,1,6259,2481,48513,1333,122450,2482,170963,California
Placer,2021-04-22,3738,291402,2332,157671,1406,127472,0,6259,1789,48358,1944,124394,1789,172752,California
Placer,2021-04-23,3583,294985,2381,160052,1201,128673,1,6260,1405,47593,2171,126565,1406,174158,California
Placer,2021-04-24,2085,297070,1268,161320,816,129489,1,6261,1214,47945,862,127427,1214,175372,California
Placer,2021-04-25,908,297978,500,161820,408,129897,0,6261,557,48151,351,127778,557,175929,California
Placer,2021-04-26,2514,300492,1360,163180,1130,131027,24,6285,1212,48094,1293,129071,1236,177165,California
Placer,2021-04-27,2796,303288,1479,164659,1268,132295,49,6334,1587,48526,1205,130276,1637,178802,California
Placer,2021-04-28,3062,306350,1916,166575,1110,133405,36,6370,1617,48745,1435,131711,1654,180456,California
Placer,2021-04-29,3446,309796,2247,168822,1145,134550,54,6424,1454,48267,1986,133697,1508,181964,California
Placer,2021-04-30,3035,312831,1845,170667,1141,135691,49,6473,1221,47729,1808,135505,1270,183234,California
Placer,2021-05-01,1339,314170,935,171602,379,136070,25,6498,613,47646,720,136225,637,183871,California
Placer,2021-05-02,734,314904,571,172173,141,136211,22,6520,330,47596,402,136627,352,184223,California
Placer,2021-05-03,1620,316524,999,173172,554,136765,67,6587,442,46929,1175,137802,508,184731,California
Placer,2021-05-04,2367,318891,1357,174529,844,137609,166,6753,880,46495,1480,139282,1046,185777,California
Placer,2021-05-05,3731,322622,2538,177067,1088,138697,105,6858,976,44830,2746,142028,1081,186858,California
Placer,2021-05-06,3114,325736,1910,178977,1128,139825,76,6934,818,43455,2269,144297,894,187752,California
Placer,2021-05-07,2840,328576,1916,180893,831,140656,93,7027,801,42322,2027,146324,894,188646,California
Placer,2021-05-08,1363,329939,735,181628,585,141241,43,7070,405,41811,957,147281,446,189092,California
Placer,2021-05-09,450,330389,220,181848,209,141450,21,7091,208,41798,242,147523,229,189321,California
Placer,2021-05-10,1926,332315,1029,182877,801,142251,96,7187,425,40823,1496,149019,521,189842,California
Placer,2021-05-11,3035,335350,2197,185074,720,142971,118,7305,654,39224,2371,151390,772,190614,California
Placer,2021-05-12,2880,338230,1998,187072,825,143796,57,7362,679,37768,2194,153584,738,191352,California
Placer,2021-05-13,2874,341104,1856,188928,970,144766,48,7410,1014,36971,1858,155442,1061,192413,California
Placer,2021-05-14,2850,343954,1874,190802,840,145606,136,7546,1375,37016,1460,156902,1505,193918,California
Placer,2021-05-15,2095,346049,1360,192162,711,146317,24,7570,929,36809,1160,158062,953,194871,California
Placer,2021-05-16,1016,347065,530,192692,467,146784,19,7589,344,36502,670,158732,363,195234,California
Placer,2021-05-17,2364,349429,1574,194266,714,147498,76,7665,1021,36260,1339,160071,1097,196331,California
Placer,2021-05-18,2501,351930,1677,195943,744,148242,80,7745,1119,36080,1378,161449,1198,197529,California
Placer,2021-05-19,2541,354471,1594,197537,901,149143,46,7791,873,35336,1663,163112,919,198448,California
Placer,2021-05-20,2543,357014,1650,199187,845,149988,48,7839,864,34578,1670,164782,912,199360,California
Placer,2021-05-21,2447,359461,1530,200717,772,150760,145,7984,1055,34392,1384,166166,1198,200558,California
Placer,2021-05-22,1606,361067,1055,201772,509,151269,42,8026,759,34351,842,167008,801,201359,California
Placer,2021-05-23,622,361689,355,202127,252,151521,15,8041,279,34303,343,167351,295,201654,California
Placer,2021-05-24,1520,363209,773,202900,608,152129,139,8180,451,33826,1067,168418,590,202244,California
Placer,2021-05-25,1795,365004,943,203843,752,152881,100,8280,639,33416,1149,169567,739,202983,California
Placer,2021-05-26,1582,366586,905,204748,638,153519,39,8319,609,33097,968,170535,649,203632,California
Placer,2021-05-27,1466,368052,722,205470,699,154218,45,8364,662,33010,794,171329,707,204339,California
Placer,2021-05-28,1704,369756,858,206328,749,154967,97,8461,728,32864,971,172300,825,205164,California
Placer,2021-05-29,749,370505,404,206732,314,155281,31,8492,377,32903,368,172668,407,205571,California
Placer,2021-05-30,342,370847,229,206961,99,155380,14,8506,210,32996,131,172799,224,205795,California
Placer,2021-05-31,148,370995,70,207031,61,155441,17,8523,31,32927,116,172915,47,205842,California
Placer,2021-06-01,1675,372670,882,207913,720,156161,73,8596,590,32511,1079,173994,663,206505,California
Placer,2021-06-02,1504,374174,760,208673,676,156837,68,8664,488,32052,1015,175009,556,207061,California
Placer,2021-06-03,1701,375875,1028,209701,615,157452,58,8722,430,31273,1266,176275,487,207548,California
Placer,2021-06-04,1856,377731,1315,211016,487,157939,54,8776,453,30384,1394,177669,505,208053,California
Placer,2021-06-05,1083,378814,767,211783,275,158214,41,8817,268,29882,811,178480,309,208362,California
Placer,2021-06-06,484,379298,345,212128,122,158336,17,8834,123,29662,360,178840,140,208502,California
Placer,2021-06-07,1054,380352,719,212847,263,158599,72,8906,225,29131,826,179666,295,208797,California
Placer,2021-06-08,1719,382071,1307,214154,363,158962,49,8955,426,28315,1290,180956,474,209271,California
Placer,2021-06-09,1166,383237,848,215002,265,159227,53,9008,259,27724,904,181860,313,209584,California
Placer,2021-06-10,1246,384483,854,215856,316,159543,76,9084,306,27167,937,182797,380,209964,California
Placer,2021-06-11,1490,385973,1072,216928,359,159902,59,9143,342,26424,1143,183940,400,210364,California
Placer,2021-06-12,1011,386984,752,217680,233,160135,26,9169,220,25881,789,184729,246,210610,California
Placer,2021-06-13,393,387377,302,217982,80,160215,11,9180,93,25686,299,185028,104,210714,California
Placer,2021-06-14,775,388152,529,218511,201,160416,45,9225,223,25406,547,185575,267,210981,California
Placer,2021-06-15,1286,389438,860,219371,364,160780,62,9287,425,25035,857,186432,486,211467,California
Placer,2021-06-16,1031,390469,745,220116,231,161011,55,9342,334,24727,696,187128,388,211855,California
Placer,2021-06-17,880,391349,607,220723,235,161246,38,9380,277,24443,599,187727,315,212170,California
Placer,2021-06-18,1153,392502,764,221487,300,161546,89,9469,379,24138,773,188500,468,212638,California
Placer,2021-06-19,604,393106,434,221921,136,161682,34,9503,234,24039,366,188866,267,212905,California
Placer,2021-06-20,281,393387,231,222152,43,161725,7,9510,106,23978,173,189039,112,213017,California
Placer,2021-06-21,493,393880,289,222441,167,161892,37,9547,234,23990,259,189298,271,213288,California
Placer,2021-06-22,885,394765,624,223065,208,162100,53,9600,268,23701,610,189908,321,213609,California
Placer,2021-06-23,839,395604,608,223673,184,162284,47,9647,385,23680,453,190361,432,214041,California
Placer,2021-06-24,807,396411,505,224178,255,162539,47,9694,301,23524,504,190865,348,214389,California
Placer,2021-06-25,922,397333,651,224829,218,162757,53,9747,377,23415,539,191404,430,214819,California
Placer,2021-06-26,364,397697,252,225081,84,162841,28,9775,141,23363,221,191625,169,214988,California
Plumas,2020-12-18,3,3,3,3,0,0,0,0,3,3,0,0,3,3,California
Plumas,2020-12-19,1,4,1,4,0,0,0,0,1,4,0,0,1,4,California
Plumas,2020-12-21,45,49,45,49,0,0,0,0,45,49,0,0,45,49,California
Plumas,2020-12-22,92,141,92,141,0,0,0,0,92,141,0,0,92,141,California
Plumas,2020-12-23,50,191,50,191,0,0,0,0,50,191,0,0,50,191,California
Plumas,2020-12-24,6,197,6,197,0,0,0,0,6,197,0,0,6,197,California
Plumas,2020-12-28,8,205,0,197,8,8,0,0,8,205,0,0,8,205,California
Plumas,2020-12-29,32,237,22,219,10,18,0,0,32,237,0,0,32,237,California
Plumas,2020-12-30,23,260,1,220,22,40,0,0,23,260,0,0,23,260,California
Plumas,2020-12-31,4,264,1,221,3,43,0,0,4,264,0,0,4,264,California
Plumas,2021-01-01,1,265,0,221,1,44,0,0,1,265,0,0,1,265,California
Plumas,2021-01-02,1,266,0,221,1,45,0,0,1,266,0,0,1,266,California
Plumas,2021-01-04,10,276,4,225,6,51,0,0,10,276,0,0,10,276,California
Plumas,2021-01-05,22,298,2,227,20,71,0,0,22,298,0,0,22,298,California
Plumas,2021-01-06,123,421,5,232,118,189,0,0,123,421,0,0,123,421,California
Plumas,2021-01-07,53,474,2,234,51,240,0,0,52,472,1,1,52,473,California
Plumas,2021-01-08,11,485,4,238,7,247,0,0,8,477,3,4,8,481,California
Plumas,2021-01-09,2,487,2,240,0,247,0,0,1,477,1,5,1,482,California
Plumas,2021-01-11,58,545,50,290,8,255,0,0,11,441,47,52,11,493,California
Plumas,2021-01-12,155,700,86,376,69,324,0,0,71,428,84,136,71,564,California
Plumas,2021-01-13,55,755,50,426,5,329,0,0,9,391,46,182,9,573,California
Plumas,2021-01-14,97,852,14,440,83,412,0,0,92,478,5,187,92,665,California
Plumas,2021-01-15,62,914,7,447,55,467,0,0,60,536,2,189,60,725,California
Plumas,2021-01-16,58,972,1,448,57,524,0,0,58,594,0,189,58,783,California
Plumas,2021-01-18,2,974,1,449,1,525,0,0,2,596,0,189,2,785,California
Plumas,2021-01-19,36,1010,5,454,31,556,0,0,32,624,4,193,32,817,California
Plumas,2021-01-20,121,1131,3,457,118,674,0,0,119,741,2,195,119,936,California
Plumas,2021-01-21,112,1243,2,459,110,784,0,0,112,853,0,195,112,1048,California
Plumas,2021-01-22,5,1248,1,460,4,788,0,0,5,858,0,195,5,1053,California
Plumas,2021-01-23,93,1341,2,462,91,879,0,0,93,951,0,195,93,1146,California
Plumas,2021-01-24,1,1342,1,463,0,879,0,0,1,952,0,195,1,1147,California
Plumas,2021-01-25,10,1352,7,470,3,882,0,0,7,956,3,198,7,1154,California
Plumas,2021-01-26,59,1411,2,472,57,939,0,0,51,999,8,206,51,1205,California
Plumas,2021-01-27,26,1437,20,492,6,945,0,0,6,985,20,226,6,1211,California
Plumas,2021-01-28,24,1461,0,492,24,969,0,0,22,1005,2,228,22,1233,California
Plumas,2021-01-29,9,1470,3,495,6,975,0,0,8,1012,1,229,8,1241,California
Plumas,2021-01-30,11,1481,4,499,7,982,0,0,9,1019,2,231,9,1250,California
Plumas,2021-01-31,3,1484,3,502,0,982,0,0,3,1022,0,231,3,1253,California
Plumas,2021-02-01,19,1503,3,505,16,998,0,0,11,1025,8,239,11,1264,California
Plumas,2021-02-02,24,1527,4,509,20,1018,0,0,4,1009,20,259,4,1268,California
Plumas,2021-02-03,128,1655,8,517,120,1138,0,0,13,908,114,373,13,1281,California
Plumas,2021-02-04,102,1757,8,525,94,1232,0,0,23,852,79,452,23,1304,California
Plumas,2021-02-05,24,1781,11,536,13,1245,0,0,9,846,15,467,9,1313,California
Plumas,2021-02-06,8,1789,1,537,7,1252,0,0,8,854,0,467,8,1321,California
Plumas,2021-02-08,16,1805,7,544,9,1261,0,0,4,846,12,479,4,1325,California
Plumas,2021-02-09,172,1977,2,546,170,1431,0,0,112,898,60,539,112,1437,California
Plumas,2021-02-10,87,2064,9,555,78,1509,0,0,79,970,8,547,80,1517,California
Plumas,2021-02-11,320,2384,6,561,314,1823,0,0,261,1172,59,606,261,1778,California
Plumas,2021-02-12,124,2508,4,565,120,1943,0,0,119,1286,5,611,119,1897,California
Plumas,2021-02-13,75,2583,5,570,70,2013,0,0,15,1241,60,671,15,1912,California
Plumas,2021-02-14,8,2591,5,575,3,2016,0,0,8,1249,0,671,8,1920,California
Plumas,2021-02-15,26,2617,5,580,21,2037,0,0,23,1269,3,674,23,1943,California
Plumas,2021-02-16,77,2694,4,584,73,2110,0,0,14,1220,63,737,14,1957,California
Plumas,2021-02-17,136,2830,5,589,131,2241,0,0,12,1108,124,861,12,1969,California
Plumas,2021-02-18,130,2960,6,595,124,2365,0,0,21,1021,109,970,22,1991,California
Plumas,2021-02-19,43,3003,6,601,37,2402,0,0,7,992,36,1006,7,1998,California
Plumas,2021-02-20,105,3108,7,608,98,2500,0,0,13,913,92,1098,13,2011,California
Plumas,2021-02-21,6,3114,5,613,1,2501,0,0,2,911,4,1102,2,2013,California
Plumas,2021-02-22,4,3118,2,615,2,2503,0,0,1,909,3,1105,1,2014,California
Plumas,2021-02-23,24,3142,5,620,19,2522,0,0,17,919,7,1112,17,2031,California
Plumas,2021-02-24,459,3601,8,628,451,2973,0,0,446,1352,13,1125,446,2477,California
Plumas,2021-02-25,234,3835,12,640,222,3195,0,0,169,1456,65,1190,169,2646,California
Plumas,2021-02-26,268,4103,9,649,259,3454,0,0,260,1709,8,1198,261,2907,California
Plumas,2021-02-27,41,4144,4,653,37,3491,0,0,34,1736,7,1205,34,2941,California
Plumas,2021-02-28,1,4145,0,653,1,3492,0,0,1,1737,0,1205,1,2942,California
Plumas,2021-03-01,20,4165,6,659,14,3506,0,0,12,1742,7,1212,12,2954,California
Plumas,2021-03-02,10,4175,0,659,10,3516,0,0,7,1747,2,1214,7,2961,California
Plumas,2021-03-03,155,4330,11,670,144,3660,0,0,138,1868,17,1231,138,3099,California
Plumas,2021-03-04,253,4583,9,679,244,3904,0,0,231,2077,22,1253,231,3330,California
Plumas,2021-03-05,399,4982,6,685,388,4292,5,5,388,2459,11,1264,393,3723,California
Plumas,2021-03-06,19,5001,2,687,9,4301,8,13,3,2454,16,1280,11,3734,California
Plumas,2021-03-07,13,5014,2,689,2,4303,9,22,3,2456,10,1290,12,3746,California
Plumas,2021-03-08,30,5044,3,692,3,4306,24,46,3,2457,27,1317,28,3774,California
Plumas,2021-03-09,133,5177,2,694,116,4422,15,61,18,2375,115,1432,33,3807,California
Plumas,2021-03-10,253,5430,3,697,236,4658,14,75,107,2351,145,1577,121,3928,California
Plumas,2021-03-11,177,5607,8,705,164,4822,5,80,142,2463,35,1612,147,4075,California
Plumas,2021-03-12,594,6201,4,709,303,5125,287,367,22,2200,572,2184,309,4384,California
Plumas,2021-03-13,28,6229,5,714,12,5137,11,378,7,2197,21,2205,18,4402,California
Plumas,2021-03-14,12,6241,3,717,4,5141,5,383,1,2193,10,2215,6,4408,California
Plumas,2021-03-15,32,6273,1,718,24,5165,7,390,6,2180,26,2241,13,4421,California
Plumas,2021-03-16,61,6334,3,721,57,5222,1,391,49,2219,11,2252,50,4471,California
Plumas,2021-03-17,76,6410,10,731,65,5287,1,392,59,2263,16,2268,60,4531,California
Plumas,2021-03-18,62,6472,7,738,39,5326,16,408,14,2245,48,2316,30,4561,California
Plumas,2021-03-19,165,6637,7,745,156,5482,2,410,155,2395,8,2324,158,4719,California
Plumas,2021-03-20,698,7335,4,749,693,6175,1,411,676,3052,20,2344,677,5396,California
Plumas,2021-03-21,2,7337,1,750,1,6176,0,411,1,3053,0,2344,1,5397,California
Plumas,2021-03-22,182,7519,2,752,180,6356,0,411,175,3221,7,2351,175,5572,California
Plumas,2021-03-23,28,7547,2,754,26,6382,0,411,14,3221,14,2365,14,5586,California
Plumas,2021-03-24,655,8202,6,760,648,7030,1,412,222,3013,432,2797,224,5810,California
Plumas,2021-03-25,307,8509,7,767,298,7328,2,414,163,3032,144,2941,163,5973,California
Plumas,2021-03-26,315,8824,9,776,306,7634,0,414,46,2810,268,3209,46,6019,California
Plumas,2021-03-27,13,8837,1,777,11,7645,1,415,3,2804,10,3219,4,6023,California
Plumas,2021-03-28,5,8842,3,780,1,7646,1,416,3,2806,2,3221,4,6027,California
Plumas,2021-03-29,12,8854,4,784,7,7653,1,417,4,2803,8,3229,5,6032,California
Plumas,2021-03-30,152,9006,3,787,148,7801,1,418,25,2702,127,3356,26,6058,California
Plumas,2021-03-31,296,9302,4,791,291,8092,1,419,271,2949,25,3381,272,6330,California
Plumas,2021-04-01,308,9610,12,803,295,8387,1,420,66,2776,239,3620,66,6396,California
Plumas,2021-04-02,377,9987,5,808,371,8758,1,421,31,2474,334,3954,32,6428,California
Plumas,2021-04-03,16,10003,3,811,5,8763,8,429,3,2472,13,3967,11,6439,California
Plumas,2021-04-04,3,10006,1,812,1,8764,1,430,0,2470,3,3970,1,6440,California
Plumas,2021-04-05,12,10018,4,816,7,8771,1,431,4,2468,7,3977,5,6445,California
Plumas,2021-04-06,120,10138,6,822,88,8859,26,457,13,2400,107,4084,39,6484,California
Plumas,2021-04-07,283,10421,8,830,99,8958,176,633,29,2351,254,4338,205,6689,California
Plumas,2021-04-08,150,10571,4,834,131,9089,15,648,35,2286,114,4452,49,6738,California
Plumas,2021-04-09,51,10622,10,844,24,9113,17,665,18,2287,33,4485,34,6772,California
Plumas,2021-04-10,25,10647,2,846,6,9119,17,682,5,2289,20,4505,22,6794,California
Plumas,2021-04-11,4,10651,3,849,0,9119,1,683,3,2292,1,4506,4,6798,California
Plumas,2021-04-12,13,10664,5,854,5,9124,3,686,7,2297,5,4511,10,6808,California
Plumas,2021-04-13,211,10875,5,859,206,9330,0,686,141,2368,70,4581,141,6949,California
Plumas,2021-04-14,111,10986,8,867,103,9433,0,686,56,2370,54,4635,56,7005,California
Plumas,2021-04-15,53,11039,2,869,51,9484,0,686,33,2384,19,4654,33,7038,California
Plumas,2021-04-16,142,11181,2,871,140,9624,0,686,2,2246,140,4794,2,7040,California
Plumas,2021-04-17,670,11851,2,873,668,10292,0,686,18,1615,649,5443,18,7058,California
Plumas,2021-04-18,4,11855,3,876,1,10293,0,686,1,1613,3,5446,1,7059,California
Plumas,2021-04-19,38,11893,3,879,35,10328,0,686,5,1585,33,5479,5,7064,California
Plumas,2021-04-20,42,11935,5,884,37,10365,0,686,26,1596,15,5494,26,7090,California
Plumas,2021-04-21,311,12246,5,889,305,10670,1,687,18,1321,293,5787,18,7108,California
Plumas,2021-04-22,273,12519,8,897,265,10935,0,687,125,1298,148,5935,125,7233,California
Plumas,2021-04-23,73,12592,6,903,67,11002,0,687,16,1257,57,5992,16,7249,California
Plumas,2021-04-24,171,12763,5,908,166,11168,0,687,144,1375,26,6018,144,7393,California
Plumas,2021-04-26,30,12793,4,912,26,11194,0,687,8,1362,21,6039,8,7401,California
Plumas,2021-04-27,90,12883,3,915,87,11281,0,687,53,1378,37,6076,53,7454,California
Plumas,2021-04-28,286,13169,4,919,282,11563,0,687,38,1170,246,6322,38,7492,California
Plumas,2021-04-29,172,13341,69,988,103,11666,0,687,118,1234,54,6376,118,7610,California
Plumas,2021-04-30,21,13362,10,998,11,11677,0,687,5,1223,16,6392,5,7615,California
Plumas,2021-05-01,7,13369,1,999,5,11682,1,688,1,1221,4,6396,2,7617,California
Plumas,2021-05-02,3,13372,3,1002,0,11682,0,688,1,1220,2,6398,1,7618,California
Plumas,2021-05-03,20,13392,7,1009,7,11689,6,694,6,1220,12,6410,12,7630,California
Plumas,2021-05-04,32,13424,5,1014,21,11710,6,700,19,1233,12,6422,25,7655,California
Plumas,2021-05-05,49,13473,6,1020,42,11752,1,701,22,1229,27,6449,23,7678,California
Plumas,2021-05-06,57,13530,2,1022,50,11802,5,706,15,1207,42,6491,20,7698,California
Plumas,2021-05-07,22,13552,5,1027,16,11818,1,707,8,1202,14,6505,9,7707,California
Plumas,2021-05-08,6,13558,0,1027,4,11822,2,709,4,1206,2,6507,6,7713,California
Plumas,2021-05-10,51,13609,1,1028,27,11849,23,732,23,1224,28,6535,46,7759,California
Plumas,2021-05-11,163,13772,3,1031,141,11990,19,751,12,1104,151,6686,31,7790,California
Plumas,2021-05-12,99,13871,2,1033,89,12079,8,759,37,1088,61,6747,45,7835,California
Plumas,2021-05-13,34,13905,3,1036,29,12108,2,761,12,1080,22,6769,14,7849,California
Plumas,2021-05-14,20,13925,4,1040,11,12119,5,766,10,1085,10,6779,15,7864,California
Plumas,2021-05-15,10,13935,4,1044,4,12123,2,768,4,1085,6,6785,6,7870,California
Plumas,2021-05-16,2,13937,1,1045,1,12124,0,768,1,1085,1,6786,1,7871,California
Plumas,2021-05-17,13,13950,0,1045,4,12128,9,777,4,1089,9,6795,13,7884,California
Plumas,2021-05-18,42,13992,7,1052,34,12162,1,778,22,1092,20,6815,23,7907,California
Plumas,2021-05-19,47,14039,3,1055,30,12192,14,792,12,1084,35,6850,27,7934,California
Plumas,2021-05-20,188,14227,135,1190,42,12234,11,803,79,1066,108,6958,90,8024,California
Plumas,2021-05-21,28,14255,7,1197,14,12248,7,810,13,1071,15,6973,20,8044,California
Plumas,2021-05-22,136,14391,1,1198,135,12383,0,810,6,949,128,7101,6,8050,California
Plumas,2021-05-23,1,14392,1,1199,0,12383,0,810,0,948,1,7102,0,8050,California
Plumas,2021-05-24,51,14443,37,1236,13,12396,1,811,41,981,9,7111,42,8092,California
Plumas,2021-05-25,65,14508,3,1239,61,12457,1,812,14,945,51,7162,15,8107,California
Plumas,2021-05-26,41,14549,7,1246,27,12484,7,819,17,946,23,7185,24,8131,California
Plumas,2021-05-27,99,14648,25,1271,61,12545,13,832,40,941,58,7243,53,8184,California
Plumas,2021-05-28,43,14691,15,1286,26,12571,2,834,23,947,19,7262,25,8209,California
Plumas,2021-05-29,8,14699,0,1286,8,12579,0,834,6,952,2,7264,7,8216,California
Plumas,2021-05-30,1,14700,0,1286,1,12580,0,834,0,952,0,7264,0,8216,California
Plumas,2021-05-31,7,14707,0,1286,4,12584,3,837,0,950,5,7269,3,8219,California
Plumas,2021-06-01,32,14739,7,1293,20,12604,5,842,9,942,23,7292,15,8234,California
Plumas,2021-06-02,57,14796,6,1299,31,12635,20,862,10,925,47,7339,30,8264,California
Plumas,2021-06-03,59,14855,17,1316,33,12668,9,871,27,929,32,7371,36,8300,California
Plumas,2021-06-04,15,14870,3,1319,11,12679,1,872,8,933,5,7376,9,8309,California
Plumas,2021-06-05,7,14877,3,1322,4,12683,0,872,2,930,5,7381,2,8311,California
Plumas,2021-06-06,2,14879,1,1323,1,12684,0,872,0,928,2,7383,0,8311,California
Plumas,2021-06-07,37,14916,5,1328,25,12709,7,879,9,916,28,7411,16,8327,California
Plumas,2021-06-08,28,14944,9,1337,17,12726,2,881,6,902,22,7433,8,8335,California
Plumas,2021-06-09,42,14986,5,1342,34,12760,3,884,9,881,33,7466,12,8347,California
Plumas,2021-06-10,32,15018,15,1357,13,12773,4,888,10,873,22,7488,14,8361,California
Plumas,2021-06-11,24,15042,13,1370,9,12782,2,890,8,867,16,7504,10,8371,California
Plumas,2021-06-12,10,15052,2,1372,7,12789,1,891,5,868,5,7509,6,8377,California
Plumas,2021-06-13,3,15055,1,1373,2,12791,0,891,3,871,0,7509,3,8380,California
Plumas,2021-06-14,97,15152,88,1461,6,12797,3,894,13,803,84,7593,16,8396,California
Plumas,2021-06-15,27,15179,7,1468,18,12815,2,896,9,796,18,7611,11,8407,California
Plumas,2021-06-16,33,15212,11,1479,13,12828,9,905,9,790,24,7635,18,8425,California
Plumas,2021-06-17,49,15261,30,1509,15,12843,4,909,11,768,37,7672,15,8440,California
Plumas,2021-06-18,39,15300,18,1527,14,12857,7,916,13,762,26,7698,20,8460,California
Plumas,2021-06-19,9,15309,2,1529,7,12864,0,916,2,757,7,7705,2,8462,California
Plumas,2021-06-21,9,15318,4,1533,4,12868,1,917,5,759,4,7709,6,8468,California
Plumas,2021-06-22,28,15346,11,1544,15,12883,2,919,9,751,19,7728,11,8479,California
Plumas,2021-06-23,27,15373,15,1559,9,12892,3,922,15,757,12,7740,18,8497,California
Plumas,2021-06-24,28,15401,18,1577,7,12899,3,925,14,760,13,7753,16,8513,California
Plumas,2021-06-25,18,15419,7,1584,9,12908,2,927,4,754,12,7765,6,8519,California
Riverside,2020-12-15,7,7,7,7,0,0,0,0,7,7,0,0,7,7,California
Riverside,2020-12-16,96,103,96,103,0,0,0,0,96,103,0,0,96,103,California
Riverside,2020-12-17,833,936,833,936,0,0,0,0,833,936,0,0,833,936,California
Riverside,2020-12-18,1777,2713,1776,2712,1,1,0,0,1777,2713,0,0,1777,2713,California
Riverside,2020-12-19,1056,3769,1053,3765,3,4,0,0,1054,3766,1,1,1054,3767,California
Riverside,2020-12-20,1114,4883,1113,4878,1,5,0,0,1114,4880,0,1,1114,4881,California
Riverside,2020-12-21,2339,7222,2337,7215,2,7,0,0,2339,7219,0,1,2339,7220,California
Riverside,2020-12-22,2294,9516,2247,9462,47,54,0,0,2293,9512,0,1,2293,9513,California
Riverside,2020-12-23,2166,11682,1822,11284,344,398,0,0,2167,11679,0,1,2167,11680,California
Riverside,2020-12-24,856,12538,653,11937,203,601,0,0,856,12535,0,1,856,12536,California
Riverside,2020-12-25,41,12579,18,11955,23,624,0,0,40,12575,0,1,40,12576,California
Riverside,2020-12-26,490,13069,270,12225,220,844,0,0,490,13065,0,1,490,13066,California
Riverside,2020-12-27,398,13467,268,12493,130,974,0,0,397,13461,1,2,397,13463,California
Riverside,2020-12-28,1717,15184,1198,13691,519,1493,0,0,1717,15178,0,2,1717,15180,California
Riverside,2020-12-29,1809,16993,1026,14717,783,2276,0,0,1809,16987,0,2,1809,16989,California
Riverside,2020-12-30,2650,19643,1725,16442,925,3201,0,0,2648,19634,1,3,2648,19637,California
Riverside,2020-12-31,1080,20723,422,16864,658,3859,0,0,1081,20714,1,4,1081,20718,California
Riverside,2021-01-01,131,20854,57,16921,74,3933,0,0,131,20845,0,4,131,20849,California
Riverside,2021-01-02,894,21748,707,17628,187,4120,0,0,894,21739,0,4,894,21743,California
Riverside,2021-01-03,358,22106,304,17932,54,4174,0,0,357,22096,0,4,357,22100,California
Riverside,2021-01-04,1302,23408,809,18741,493,4667,0,0,1301,23397,0,4,1301,23401,California
Riverside,2021-01-05,2060,25468,1415,20156,645,5312,0,0,1936,25216,117,121,1936,25337,California
Riverside,2021-01-06,2593,28061,1157,21313,1436,6748,0,0,2252,27133,335,456,2252,27589,California
Riverside,2021-01-07,2883,30944,1885,23198,998,7746,0,0,1770,27799,1106,1562,1772,29361,California
Riverside,2021-01-08,4119,35063,2975,26173,1144,8890,0,0,2264,28213,1850,3412,2264,31625,California
Riverside,2021-01-09,2135,37198,876,27049,1259,10149,0,0,1758,29596,375,3787,1758,33383,California
Riverside,2021-01-10,1697,38895,750,27799,947,11096,0,0,1082,30063,615,4402,1082,34465,California
Riverside,2021-01-11,4616,43511,3155,30954,1461,12557,0,0,2839,31127,1775,6177,2839,37304,California
Riverside,2021-01-12,3521,47032,2780,33734,741,13298,0,0,1808,31230,1708,7885,1811,39115,California
Riverside,2021-01-13,4583,51615,3001,36735,1582,14880,0,0,2937,32525,1642,9527,2937,42052,California
Riverside,2021-01-14,5773,57388,2046,38781,3727,18607,0,0,5142,37040,629,10156,5144,47196,California
Riverside,2021-01-15,6282,63670,2104,40885,4178,22785,0,0,5947,42655,333,10489,5948,53144,California
Riverside,2021-01-16,3720,67390,1034,41919,2686,25471,0,0,3458,45852,262,10751,3459,56603,California
Riverside,2021-01-17,3663,71053,604,42523,3059,28530,0,0,3454,49099,207,10958,3454,60057,California
Riverside,2021-01-18,3866,74919,2108,44631,1758,30288,0,0,2816,50866,1050,12008,2817,62874,California
Riverside,2021-01-19,7542,82461,2689,47320,4853,35141,0,0,6397,56123,1145,13153,6402,69276,California
Riverside,2021-01-20,8381,90842,3178,50498,5203,40344,0,0,6691,61145,1675,14828,6697,75973,California
Riverside,2021-01-21,8521,99363,3535,54033,4986,45330,0,0,7845,68314,677,15505,7846,83819,California
Riverside,2021-01-22,8951,108314,3044,57077,5907,51237,0,0,8479,76325,470,15975,8481,92300,California
Riverside,2021-01-23,6072,114386,2355,59432,3717,54954,0,0,5263,80781,808,16783,5264,97564,California
Riverside,2021-01-24,3120,117506,1436,60868,1684,56638,0,0,2895,83455,222,17005,2896,100460,California
Riverside,2021-01-25,8026,125532,4593,65461,3433,60071,0,0,6861,89156,1162,18167,6863,107323,California
Riverside,2021-01-26,9230,134762,5717,71178,3513,63584,0,0,7699,95328,1528,19695,7700,115023,California
Riverside,2021-01-27,11127,145889,6427,77605,4700,68284,0,0,9487,103184,1634,21329,9490,124513,California
Riverside,2021-01-28,11741,157630,6828,84433,4913,73197,0,0,10541,112536,1192,22521,10544,135057,California
Riverside,2021-01-29,12104,169734,7313,91746,4791,77988,0,0,10708,121877,1372,23893,10713,145770,California
Riverside,2021-01-30,9199,178933,4628,96374,4571,82559,0,0,8697,130077,498,24391,8698,154468,California
Riverside,2021-01-31,5194,184127,4226,100600,968,83527,0,0,5053,134995,140,24531,5058,159526,California
Riverside,2021-02-01,11150,195277,6822,107422,4328,87855,0,0,9239,142334,1904,26435,9243,168769,California
Riverside,2021-02-02,9680,204957,4877,112299,4803,92658,0,0,8169,149009,1500,27935,8175,176944,California
Riverside,2021-02-03,12444,217401,5211,117510,7233,99891,0,0,9991,156562,2443,30378,9996,186940,California
Riverside,2021-02-04,13762,231163,6063,123573,7699,107590,0,0,11620,166056,2133,32511,11627,198567,California
Riverside,2021-02-05,14646,245809,5542,129115,9104,116694,0,0,11408,174243,3229,35740,11416,209983,California
Riverside,2021-02-06,7353,253162,4278,133393,3075,119769,0,0,5687,178275,1659,37399,5691,215674,California
Riverside,2021-02-07,2226,255388,814,134207,1412,121181,0,0,1888,179834,336,37735,1895,217569,California
Riverside,2021-02-08,12600,267988,5589,139796,7011,128192,0,0,10227,187719,2356,40091,10241,227810,California
Riverside,2021-02-09,9800,277788,4560,144356,5240,133432,0,0,7778,193505,2013,42104,7799,235609,California
Riverside,2021-02-10,12269,290057,7020,151376,5249,138681,0,0,9013,199294,3243,45347,9032,244641,California
Riverside,2021-02-11,16887,306944,9101,160477,7786,146467,0,0,12238,206942,4627,49974,12275,256916,California
Riverside,2021-02-12,18046,324990,10930,171407,7116,153583,0,0,12969,214907,5032,55006,12997,269913,California
Riverside,2021-02-13,6423,331413,2164,173571,4259,157842,0,0,3114,214758,3294,58300,3145,273058,California
Riverside,2021-02-14,5031,336444,1180,174751,3851,161693,0,0,2255,214254,2772,61072,2268,275326,California
Riverside,2021-02-15,10015,346459,5120,179871,4895,166588,0,0,5524,215314,4481,65553,5541,280867,California
Riverside,2021-02-16,16336,362795,10203,190074,6133,172721,0,0,9395,217804,6931,72484,9421,290288,California
Riverside,2021-02-17,15322,378117,8394,198468,6928,179649,0,0,7597,217747,7709,80193,7652,297940,California
Riverside,2021-02-18,15749,393866,9039,207507,6710,186359,0,0,8093,218251,7632,87825,8136,306076,California
Riverside,2021-02-19,15492,409358,8302,215809,7190,193549,0,0,7308,217425,8162,95987,7336,313412,California
Riverside,2021-02-20,8465,417823,4540,220349,3925,197474,0,0,2249,213485,6199,102186,2259,315671,California
Riverside,2021-02-21,4414,422237,3896,224245,518,197992,0,0,1258,211615,3139,105325,1269,316940,California
Riverside,2021-02-22,12470,434707,7833,232078,4637,202629,0,0,5151,209474,7303,112628,5162,322102,California
Riverside,2021-02-23,11382,446089,7723,239801,3659,206288,0,0,5544,209240,5808,118436,5574,327676,California
Riverside,2021-02-24,14952,461041,8134,247935,6818,213106,0,0,6345,207073,8568,127004,6401,334077,California
Riverside,2021-02-25,17619,478660,7496,255431,10123,223229,0,0,8161,205873,9431,136435,8231,342308,California
Riverside,2021-02-26,18949,497609,6849,262280,12100,235329,0,0,9448,205947,9441,145876,9515,351823,California
Riverside,2021-02-27,12196,509805,5646,267926,6550,241879,0,0,5805,205450,6359,152235,5862,357685,California
Riverside,2021-02-28,4999,514804,3288,271214,1711,243590,0,0,2482,205459,2504,154739,2513,360198,California
Riverside,2021-03-01,14500,529304,6178,277392,8316,251906,6,6,8519,208098,5939,160678,8578,368776,California
Riverside,2021-03-02,15545,544849,7597,284989,7947,259853,1,7,9093,210817,6427,167105,9146,377922,California
Riverside,2021-03-03,17267,562116,8551,293540,8716,268569,0,7,7520,208801,9696,176801,7680,385602,California
Riverside,2021-03-04,19013,581129,7561,301101,11447,280016,5,12,9056,208146,9912,186713,9257,394859,California
Riverside,2021-03-05,19143,600272,7700,308801,11397,291413,46,58,9451,208321,9641,196354,9816,404675,California
Riverside,2021-03-06,9635,609907,5103,313904,4050,295463,482,540,4776,208783,4845,201199,5307,409982,California
Riverside,2021-03-07,4324,614231,2790,316694,1143,296606,391,931,2024,208941,2290,203489,2448,412430,California
Riverside,2021-03-08,12130,626361,4835,321529,6884,303490,411,1342,5411,208146,6697,210186,5902,418332,California
Riverside,2021-03-09,15000,641361,7012,328541,7479,310969,509,1851,5949,205730,9028,219214,6612,424944,California
Riverside,2021-03-10,16149,657510,8668,337209,6548,317517,933,2784,6259,203263,9845,229059,7378,432322,California
Riverside,2021-03-11,19583,677093,9589,346798,8123,325640,1871,4655,7649,201116,11896,240955,9749,442071,California
Riverside,2021-03-12,21364,698457,8004,354802,8600,334240,4760,9415,7079,199046,14244,255199,12174,454245,California
Riverside,2021-03-13,8618,707075,2580,357382,4809,339049,1229,10644,4393,200571,4202,259401,5727,459972,California
Riverside,2021-03-14,4838,711913,1660,359042,1803,340852,1375,12019,2120,201371,2703,262104,3503,463475,California
Riverside,2021-03-15,18804,730717,7925,366967,9207,350059,1672,13691,9210,202824,9547,271651,11000,474475,California
Riverside,2021-03-16,21131,751848,10287,377254,10029,360088,815,14506,11456,205573,9636,281287,12385,486860,California
Riverside,2021-03-17,21572,773420,11075,388329,9436,369524,1061,15567,12899,210970,8633,289920,14030,500890,California
Riverside,2021-03-18,22943,796363,11995,400324,9273,378797,1675,17242,12664,215100,10226,300146,14356,515246,California
Riverside,2021-03-19,24310,820673,12769,413093,10567,389364,974,18216,14149,220490,10103,310249,15493,530739,California
Riverside,2021-03-20,10872,831545,6940,420033,2726,392090,1206,19422,6927,224725,3911,314160,8146,538885,California
Riverside,2021-03-21,3921,835466,3028,423061,615,392705,278,19700,2603,226314,1298,315458,2887,541772,California
Riverside,2021-03-22,16792,852258,10012,433073,6226,398931,554,20254,10653,231443,6080,321538,11209,552981,California
Riverside,2021-03-23,18775,871033,10608,443681,7744,406675,423,20677,11982,237141,6733,328271,12431,565412,California
Riverside,2021-03-24,18889,889922,10523,454204,8244,414919,122,20799,12911,244274,5925,334196,13058,578470,California
Riverside,2021-03-25,21281,911203,11728,465932,9366,424285,187,20986,14183,251638,7023,341219,14387,592857,California
Riverside,2021-03-26,24287,935490,11995,477927,12119,436404,173,21159,15060,257768,9119,350338,15249,608106,California
Riverside,2021-03-27,9387,944877,4907,482834,3426,439830,1054,22213,4841,259150,4519,354857,5901,614007,California
Riverside,2021-03-28,4809,949686,3154,485988,1562,441392,93,22306,2857,260164,1939,356796,2953,616960,California
Riverside,2021-03-29,17734,967420,8473,494461,9136,450528,125,22431,10952,264527,6735,363531,11098,628058,California
Riverside,2021-03-30,18450,985870,9606,504067,8634,459162,210,22641,11735,269805,6672,370203,11950,640008,California
Riverside,2021-03-31,18256,1004126,8485,512552,9445,468607,326,22967,11397,274732,6808,377011,11735,651743,California
Riverside,2021-04-01,25720,1029846,12559,525111,12359,480966,802,23769,16512,282917,9133,386144,17318,669061,California
Riverside,2021-04-02,26270,1056116,14119,539230,11166,492132,985,24754,16410,290740,9796,395940,17619,686680,California
Riverside,2021-04-03,9458,1065574,5995,545225,2849,494981,614,25368,6081,294077,3357,399297,6694,693374,California
Riverside,2021-04-04,3439,1069013,2079,547304,1093,496074,267,25635,1720,294357,1708,401005,1988,695362,California
Riverside,2021-04-05,18589,1087602,9505,556809,7202,503276,1882,27517,9977,297653,8569,409574,11865,707227,California
Riverside,2021-04-06,23929,1111531,12434,569243,9322,512598,2173,29690,13334,302609,10543,420117,15499,722726,California
Riverside,2021-04-07,25041,1136572,13478,582721,9024,521622,2539,32229,13916,307991,11073,431190,16455,739181,California
Riverside,2021-04-08,27651,1164223,15258,597979,9362,530984,3031,35260,16844,317117,10735,441925,19861,759042,California
Riverside,2021-04-09,26530,1190753,15581,613560,8431,539415,2518,37778,16137,325463,10341,452266,18687,777729,California
Riverside,2021-04-10,12158,1202911,6810,620370,3926,543341,1422,39200,5327,325421,6786,459052,6744,784473,California
Riverside,2021-04-11,4697,1207608,2791,623161,1264,544605,642,39842,2202,325787,2483,461535,2849,787322,California
Riverside,2021-04-12,20291,1227899,9041,632202,8588,553193,2662,42504,10150,328504,10101,471636,12818,800140,California
Riverside,2021-04-13,20265,1248164,11340,643542,8897,562090,28,42532,11609,331533,8616,480252,11645,811785,California
Riverside,2021-04-14,22495,1270659,12408,655950,10072,572162,15,42547,11020,331185,11405,491657,11057,822842,California
Riverside,2021-04-15,22286,1292945,12615,668565,9663,581825,8,42555,11773,332538,10439,502096,11792,834634,California
Riverside,2021-04-16,25410,1318355,14676,683241,10728,592553,6,42561,11819,330844,13532,515628,11838,846472,California
Riverside,2021-04-17,10007,1328362,6601,689842,3406,595959,0,42561,5034,330941,4947,520575,5044,851516,California
Riverside,2021-04-18,4214,1332576,3137,692979,1070,597029,7,42568,1957,330675,2239,522814,1973,853489,California
Riverside,2021-04-19,19759,1352335,11742,704721,8014,605043,3,42571,7113,325210,12594,535408,7129,860618,California
Riverside,2021-04-20,19571,1371906,10546,715267,9016,614059,9,42580,7987,321679,11534,546942,8003,868621,California
Riverside,2021-04-21,20884,1392790,12351,727618,8523,622582,10,42590,8403,317696,12406,559348,8423,877044,California
Riverside,2021-04-22,23877,1416667,14103,741721,9770,632352,4,42594,8931,311768,14874,574222,8946,885990,California
Riverside,2021-04-23,23841,1440508,14167,755888,9660,642012,14,42608,9349,306722,14431,588653,9385,895375,California
Riverside,2021-04-24,10540,1451048,7326,763214,3205,645217,9,42617,4831,305894,5671,594324,4843,900218,California
Riverside,2021-04-25,4258,1455306,2828,766042,1423,646640,7,42624,2203,306069,2037,596361,2212,902430,California
Riverside,2021-04-26,17392,1472698,10942,776984,6391,653031,59,42683,5931,300660,11415,607776,6006,908436,California
Riverside,2021-04-27,18619,1491317,10700,787684,7713,660744,206,42889,6492,295286,12080,619856,6706,915142,California
Riverside,2021-04-28,16903,1508220,9226,796910,7412,668156,265,43154,5751,290224,11088,630944,6026,921168,California
Riverside,2021-04-29,19143,1527363,11815,808725,6977,675133,351,43505,5571,282641,13504,644448,5921,927089,California
Riverside,2021-04-30,20314,1547677,11846,820571,8080,683213,388,43893,6651,276074,13607,658055,7040,934129,California
Riverside,2021-05-01,6885,1554562,4940,825511,1761,684974,184,44077,2363,274129,4493,662548,2548,936677,California
Riverside,2021-05-02,3389,1557951,2214,827725,966,685940,209,44286,1086,273146,2285,664833,1302,937979,California
Riverside,2021-05-03,18064,1576015,11089,838814,6479,692419,496,44782,4171,263986,13826,678659,4666,942645,California
Riverside,2021-05-04,17762,1593777,11381,850195,5917,698336,464,45246,5006,256781,12687,691346,5482,948127,California
Riverside,2021-05-05,16361,1610138,9436,859631,6551,704887,374,45620,4729,250334,11571,702917,5124,953251,California
Riverside,2021-05-06,18347,1628485,10444,870075,7487,712374,416,46036,4714,241949,13554,716471,5169,958420,California
Riverside,2021-05-07,20770,1649255,11875,881950,8449,720823,446,46482,5528,232766,15160,731631,5977,964397,California
Riverside,2021-05-08,7095,1656350,4722,886672,2110,722933,263,46745,2648,231273,4412,736043,2919,967316,California
Riverside,2021-05-09,2495,1658845,1697,888369,645,723578,153,46898,925,230798,1561,737604,1086,968402,California
Riverside,2021-05-10,10151,1668996,5207,893576,4550,728128,394,47292,2866,226828,7235,744839,3265,971667,California
Riverside,2021-05-11,14345,1683341,8751,902327,5067,733195,527,47819,4011,221130,10252,755091,4554,976221,California
Riverside,2021-05-12,13063,1696404,6724,909051,6006,739201,333,48152,3934,216321,9076,764167,4267,980488,California
Riverside,2021-05-13,15244,1711648,9326,918377,5636,744837,282,48434,5410,212245,9781,773948,5705,986193,California
Riverside,2021-05-14,18233,1729881,11550,929927,5887,750724,796,49230,7092,209065,11067,785015,7887,994080,California
Riverside,2021-05-15,9881,1739762,7120,937047,2363,753087,398,49628,5085,209781,4767,789782,5483,999563,California
Riverside,2021-05-16,3712,1743474,2754,939801,840,753927,118,49746,1861,209920,1838,791620,1977,1001540,California
Riverside,2021-05-17,11811,1755285,7598,947399,3858,757785,355,50101,5084,208668,6695,798315,5443,1006983,California
Riverside,2021-05-18,15256,1770541,9475,956874,5422,763207,359,50460,6161,206141,9048,807363,6521,1013504,California
Riverside,2021-05-19,12230,1782771,7734,964608,4251,767458,245,50705,5898,206007,6281,813644,6147,1019651,California
Riverside,2021-05-20,11922,1794693,7482,972090,4181,771639,259,50964,5296,204989,6577,820221,5559,1025210,California
Riverside,2021-05-21,14466,1809159,8911,981001,5231,776870,324,51288,6051,203019,8347,828568,6377,1031587,California
Riverside,2021-05-22,7217,1816376,4883,985884,2137,779007,197,51485,3855,203748,3325,831893,4054,1035641,California
Riverside,2021-05-23,2750,1819126,1836,987720,837,779844,77,51562,1288,203665,1447,833340,1364,1037005,California
Riverside,2021-05-24,8887,1828013,5814,993534,2761,782605,312,51874,3969,203063,4883,838223,4281,1041286,California
Riverside,2021-05-25,9736,1837749,5796,999330,3668,786273,272,52146,3878,201399,5818,844041,4154,1045440,California
Riverside,2021-05-26,8932,1846681,5534,1004864,3066,789339,332,52478,3904,200662,4978,849019,4241,1049681,California
Riverside,2021-05-27,8559,1855240,5122,1009986,3200,792539,237,52715,3875,200145,4633,853652,4116,1053797,California
Riverside,2021-05-28,10777,1866017,6523,1016509,3940,796479,314,53029,4966,199683,5749,859401,5287,1059084,California
Riverside,2021-05-29,5019,1871036,3417,1019926,1478,797957,124,53153,2792,200395,2206,861607,2918,1062002,California
Riverside,2021-05-30,1962,1872998,1417,1021343,477,798434,68,53221,1013,200534,942,862549,1081,1063083,California
Riverside,2021-05-31,880,1873878,501,1021844,346,798780,33,53254,338,200368,537,863086,371,1063454,California
Riverside,2021-06-01,9173,1883051,5663,1027507,3272,802052,238,53492,3443,198370,5678,868764,3680,1067134,California
Riverside,2021-06-02,7134,1890185,4348,1031855,2509,804561,277,53769,2736,197031,4354,873118,3015,1070149,California
Riverside,2021-06-03,7961,1898146,5300,1037155,2390,806951,271,54040,2730,194837,5191,878309,2997,1073146,California
Riverside,2021-06-04,10721,1908867,7638,1044793,2824,809775,259,54299,3715,191858,6955,885264,3976,1077122,California
Riverside,2021-06-05,6938,1915805,5119,1049912,1272,811047,547,54846,2168,189830,4746,890010,2718,1079840,California
Riverside,2021-06-06,2196,1918001,1865,1051777,280,811327,51,54897,672,189037,1517,891527,724,1080564,California
Riverside,2021-06-07,6902,1924903,5227,1057004,1444,812771,231,55128,2251,186901,4621,896148,2485,1083049,California
Riverside,2021-06-08,9059,1933962,6566,1063570,2219,814990,274,55402,2956,184086,6047,902195,3232,1086281,California
Riverside,2021-06-09,7725,1941687,5628,1069198,1802,816792,295,55697,2352,181403,5328,907523,2645,1088926,California
Riverside,2021-06-10,7569,1949256,5334,1074532,2001,818793,234,55931,2358,178816,5183,912706,2596,1091522,California
Riverside,2021-06-11,8864,1958120,6005,1080537,2568,821361,291,56222,2991,176286,5812,918518,3282,1094804,California
Riverside,2021-06-12,5327,1963447,3939,1084476,1260,822621,128,56350,1658,174440,3638,922156,1792,1096596,California
Riverside,2021-06-13,1789,1965236,1329,1085805,416,823037,44,56394,495,173697,1282,923438,539,1097135,California
Riverside,2021-06-14,6342,1971578,4539,1090344,1499,824536,304,56698,2086,171863,4220,927658,2386,1099521,California
Riverside,2021-06-15,7145,1978723,4895,1095239,1942,826478,308,57006,2718,170515,4379,932037,3031,1102552,California
Riverside,2021-06-16,6831,1985554,4717,1099956,1806,828284,308,57314,2430,168894,4358,936395,2737,1105289,California
Riverside,2021-06-17,6497,1992051,4583,1104539,1676,829960,238,57552,2493,167660,3971,940366,2737,1108026,California
Riverside,2021-06-18,8210,2000261,5952,1110491,1987,831947,271,57823,3394,166561,4769,945135,3670,1111696,California
Riverside,2021-06-19,4276,2004537,3282,1113773,839,832786,155,57978,1787,166044,2462,947597,1945,1113641,California
Riverside,2021-06-20,1503,2006040,1143,1114916,324,833110,36,58014,576,165741,916,948513,613,1114254,California
Riverside,2021-06-21,4254,2010294,2823,1117739,1161,834271,270,58284,2212,166200,2023,950536,2482,1116736,California
Riverside,2021-06-22,6289,2016583,4454,1122193,1589,835860,246,58530,2699,165599,3551,954087,2950,1119686,California
Riverside,2021-06-23,5463,2022046,3875,1126068,1338,837198,250,58780,2553,165527,2875,956962,2803,1122489,California
Riverside,2021-06-24,5268,2027314,3609,1129677,1430,838628,229,59009,2315,165155,2917,959879,2545,1125034,California
Riverside,2021-06-25,6631,2033945,4796,1134473,1575,840203,260,59269,2867,164554,3732,963611,3131,1128165,California
Riverside,2021-06-26,2327,2036272,1742,1136215,493,840696,92,59361,947,164227,1366,964977,1039,1129204,California
Sacramento,2020-12-15,315,315,315,315,0,0,0,0,315,315,0,0,315,315,California
Sacramento,2020-12-16,646,961,646,961,0,0,0,0,646,961,0,0,646,961,California
Sacramento,2020-12-17,704,1665,704,1665,0,0,0,0,704,1665,0,0,704,1665,California
Sacramento,2020-12-18,1114,2779,1114,2779,0,0,0,0,1115,2780,0,0,1115,2780,California
Sacramento,2020-12-19,613,3392,613,3392,0,0,0,0,613,3393,0,0,613,3393,California
Sacramento,2020-12-20,632,4024,632,4024,0,0,0,0,632,4025,0,0,632,4025,California
Sacramento,2020-12-21,1675,5699,1675,5699,0,0,0,0,1676,5701,0,0,1676,5701,California
Sacramento,2020-12-22,2111,7810,2075,7774,36,36,0,0,2111,7812,0,0,2111,7812,California
Sacramento,2020-12-23,2266,10076,2092,9866,174,210,0,0,2266,10078,0,0,2266,10078,California
Sacramento,2020-12-24,1044,11120,832,10698,212,422,0,0,1044,11122,0,0,1044,11122,California
Sacramento,2020-12-25,2,11122,1,10699,1,423,0,0,2,11124,0,0,2,11124,California
Sacramento,2020-12-26,511,11633,292,10991,219,642,0,0,511,11635,0,0,511,11635,California
Sacramento,2020-12-27,357,11990,251,11242,106,748,0,0,357,11992,0,0,357,11992,California
Sacramento,2020-12-28,1928,13918,1341,12583,587,1335,0,0,1927,13918,1,1,1927,13919,California
Sacramento,2020-12-29,1974,15892,1203,13786,771,2106,0,0,1974,15892,0,1,1974,15893,California
Sacramento,2020-12-30,2562,18454,1458,15244,1104,3210,0,0,2563,18455,0,1,2563,18456,California
Sacramento,2020-12-31,1234,19688,696,15940,538,3748,0,0,1235,19690,0,1,1235,19691,California
Sacramento,2021-01-01,82,19770,70,16010,12,3760,0,0,82,19772,0,1,82,19773,California
Sacramento,2021-01-02,575,20345,369,16379,206,3966,0,0,575,20347,0,1,575,20348,California
Sacramento,2021-01-03,413,20758,224,16603,189,4155,0,0,413,20760,0,1,413,20761,California
Sacramento,2021-01-04,1948,22706,837,17440,1111,5266,0,0,1946,22705,1,2,1946,22707,California
Sacramento,2021-01-05,2218,24924,994,18434,1224,6490,0,0,1854,24202,364,366,1861,24568,California
Sacramento,2021-01-06,2732,27656,1617,20051,1115,7605,0,0,1936,25345,793,1159,1936,26504,California
Sacramento,2021-01-07,2849,30505,1511,21562,1338,8943,0,0,1921,26341,925,2084,1921,28425,California
Sacramento,2021-01-08,3297,33802,2084,23646,1213,10156,0,0,2179,27407,1114,3198,2180,30605,California
Sacramento,2021-01-09,1297,35099,803,24449,494,10650,0,0,900,27912,395,3593,900,31505,California
Sacramento,2021-01-10,1255,36354,713,25162,542,11192,0,0,784,28227,470,4063,785,32290,California
Sacramento,2021-01-11,4364,40718,2963,28125,1401,12593,0,0,2421,28718,1942,6005,2433,34723,California
Sacramento,2021-01-12,4664,45382,3274,31399,1390,13983,0,0,2622,29304,2041,8046,2627,37350,California
Sacramento,2021-01-13,3851,49233,2226,33625,1625,15608,0,0,2430,30316,1420,9466,2432,39782,California
Sacramento,2021-01-14,4636,53869,2337,35962,2299,17907,0,0,3714,33111,919,10385,3714,43496,California
Sacramento,2021-01-15,4468,58337,2266,38228,2202,20109,0,0,3745,36134,723,11108,3746,47242,California
Sacramento,2021-01-16,2094,60431,1286,39514,808,20917,0,0,1873,37787,220,11328,1873,49115,California
Sacramento,2021-01-17,1687,62118,987,40501,700,21617,0,0,1501,39105,186,11514,1504,50619,California
Sacramento,2021-01-18,2831,64949,1731,42232,1100,22717,0,0,2237,40750,593,12107,2238,52857,California
Sacramento,2021-01-19,4997,69946,3038,45270,1959,24676,0,0,3753,43261,1244,13351,3755,56612,California
Sacramento,2021-01-20,4852,74798,2869,48139,1983,26659,0,0,3615,45643,1239,14590,3621,60233,California
Sacramento,2021-01-21,5233,80031,3007,51146,2226,28885,0,0,4262,48942,965,15555,4264,64497,California
Sacramento,2021-01-22,5032,85063,2687,53833,2345,31230,0,0,4730,53372,301,15856,4731,69228,California
Sacramento,2021-01-23,3871,88934,1561,55394,2310,33540,0,0,3408,56317,463,16319,3408,72636,California
Sacramento,2021-01-24,1629,90563,1014,56408,615,34155,0,0,1385,57459,244,16563,1386,74022,California
Sacramento,2021-01-25,4424,94987,2166,58574,2258,36413,0,0,2945,58927,1479,18042,2947,76969,California
Sacramento,2021-01-26,4766,99753,2164,60738,2602,39015,0,0,3555,61275,1209,19251,3557,80526,California
Sacramento,2021-01-27,5859,105612,3044,63782,2815,41830,0,0,4233,63889,1621,20872,4235,84761,California
Sacramento,2021-01-28,5412,111024,2734,66516,2678,44508,0,0,4306,67091,1105,21977,4307,89068,California
Sacramento,2021-01-29,5431,116455,2939,69455,2492,47000,0,0,4400,70468,1023,23000,4400,93468,California
Sacramento,2021-01-30,4886,121341,2205,71660,2681,49681,0,0,4453,74491,430,23430,4453,97921,California
Sacramento,2021-01-31,2339,123680,2038,73698,301,49982,0,0,2059,76274,278,23708,2061,99982,California
Sacramento,2021-02-01,5966,129646,3038,76736,2928,52910,0,0,4273,78860,1687,25395,4273,104255,California
Sacramento,2021-02-02,7030,136676,3788,80524,3242,56152,0,0,4865,81582,2145,27540,4867,109122,California
Sacramento,2021-02-03,7174,143850,3619,84143,3555,59707,0,0,5297,85013,1868,29408,5299,114421,California
Sacramento,2021-02-04,7788,151638,3680,87823,4108,63815,0,0,5532,88297,2248,31656,5532,119953,California
Sacramento,2021-02-05,7894,159532,4501,92324,3393,67208,0,0,4936,90303,2935,34591,4941,124894,California
Sacramento,2021-02-06,8498,168030,3498,95822,5000,72208,0,0,7136,96081,1360,35951,7138,132032,California
Sacramento,2021-02-07,4095,172125,2203,98025,1892,74100,0,0,2888,97769,1202,37153,2890,134922,California
Sacramento,2021-02-08,6269,178394,3256,101281,3013,77113,0,0,3918,99341,2346,39499,3918,138840,California
Sacramento,2021-02-09,6798,185192,3570,104851,3228,80341,0,0,3997,100548,2792,42291,3999,142839,California
Sacramento,2021-02-10,7759,192951,4249,109100,3510,83851,0,0,4573,101953,3172,45463,4577,147416,California
Sacramento,2021-02-11,9635,202586,5740,114840,3895,87746,0,0,5532,103399,4088,49551,5534,152950,California
Sacramento,2021-02-12,10755,213341,4182,119022,6573,94319,0,0,6446,105602,4246,53797,6449,159399,California
Sacramento,2021-02-13,7750,221091,3011,122033,4739,99058,0,0,6145,110147,1601,55398,6146,165545,California
Sacramento,2021-02-14,3246,224337,1995,124028,1251,100309,0,0,2117,111142,1127,56525,2122,167667,California
Sacramento,2021-02-15,6035,230372,2056,126084,3979,104288,0,0,4189,113494,1840,58365,4192,171859,California
Sacramento,2021-02-16,9296,239668,4231,130315,5065,109353,0,0,5341,114892,3948,62313,5346,177205,California
Sacramento,2021-02-17,8902,248570,5015,135330,3887,113240,0,0,5161,116326,3730,66043,5164,182369,California
Sacramento,2021-02-18,9636,258206,5774,141104,3862,117102,0,0,5746,118196,3880,69923,5750,188119,California
Sacramento,2021-02-19,10113,268319,6196,147300,3917,121019,0,0,5977,120055,4126,74049,5985,194104,California
Sacramento,2021-02-20,7899,276218,5809,153109,2090,123109,0,0,4755,121677,3136,77185,4758,198862,California
Sacramento,2021-02-21,3098,279316,2452,155561,646,123755,0,0,1096,120777,1996,79181,1096,199958,California
Sacramento,2021-02-22,6323,285639,3825,159386,2498,126253,0,0,2777,120023,3535,82716,2781,202739,California
Sacramento,2021-02-23,7282,292921,4517,163903,2765,129018,0,0,3551,119864,3714,86430,3555,206294,California
Sacramento,2021-02-24,9867,302788,5426,169329,4441,133459,0,0,5401,120821,4450,90880,5407,211701,California
Sacramento,2021-02-25,11310,314098,6480,175809,4830,138289,0,0,6652,122836,4642,95522,6657,218358,California
Sacramento,2021-02-26,14468,328566,6819,182628,7649,145938,0,0,9917,128242,4518,100040,9924,228282,California
Sacramento,2021-02-27,11144,339710,6886,189514,4255,150193,3,3,8238,133603,2880,102920,8241,236523,California
Sacramento,2021-02-28,6221,345931,2345,191859,3876,154069,0,3,3123,133645,3084,106004,3126,239649,California
Sacramento,2021-03-01,8639,354570,3632,195491,5005,159074,2,5,4704,134442,3912,109916,4709,244358,California
Sacramento,2021-03-02,9353,363923,4051,199542,5301,164375,1,6,5736,136585,3598,113514,5741,250099,California
Sacramento,2021-03-03,11153,375076,5093,204635,6057,170432,3,9,6698,138854,4434,117948,6703,256802,California
Sacramento,2021-03-04,13504,388580,6219,210854,7281,177713,4,13,7508,140409,5964,123912,7519,264321,California
Sacramento,2021-03-05,10681,399261,4937,215791,5714,183427,30,43,7091,143964,3567,127479,7122,271443,California
Sacramento,2021-03-06,8153,407414,3128,218919,4903,188330,122,165,4150,144246,3989,131468,4271,275714,California
Sacramento,2021-03-07,7635,415049,2224,221143,5321,193651,90,255,3764,144232,3866,135334,3852,279566,California
Sacramento,2021-03-08,9140,424189,4270,225413,4644,198295,226,481,5975,147280,3151,138485,6199,285765,California
Sacramento,2021-03-09,9670,433859,4584,229997,4792,203087,294,775,5561,149044,4091,142576,5855,291620,California
Sacramento,2021-03-10,11836,445695,7527,237524,3951,207038,358,1133,6910,151431,4887,147463,7274,298894,California
Sacramento,2021-03-11,15115,460810,10023,247547,4262,211300,830,1963,8959,155104,6112,153575,9785,308679,California
Sacramento,2021-03-12,18102,478912,8354,255901,8880,220180,868,2831,8874,155675,9176,162751,9747,318426,California
Sacramento,2021-03-13,13051,491963,3583,259484,9038,229218,430,3261,7861,158783,5178,167929,8286,326712,California
Sacramento,2021-03-14,8406,500369,3473,262957,4299,233517,634,3895,4431,159895,3951,171880,5063,331775,California
Sacramento,2021-03-15,12265,512634,4880,267837,6722,240239,663,4558,7061,162442,5178,177058,7725,339500,California
Sacramento,2021-03-16,14097,526731,6258,274095,7185,247424,654,5212,8672,166373,5388,182446,9319,348819,California
Sacramento,2021-03-17,13865,540596,6672,280767,6557,253981,636,5848,8828,170828,5011,187457,9466,358285,California
Sacramento,2021-03-18,15833,556429,8335,289102,6894,260875,604,6452,10049,175729,5750,193207,10651,368936,California
Sacramento,2021-03-19,15717,572146,8021,297123,6304,267179,1392,7844,7929,177283,7759,200966,9313,378249,California
Sacramento,2021-03-20,12980,585126,7564,304687,5073,272252,343,8187,8076,180830,4873,205839,8420,386669,California
Sacramento,2021-03-21,5632,590758,2783,307470,2809,275061,40,8227,4886,185028,732,206571,4930,391599,California
Sacramento,2021-03-22,9474,600232,4876,312346,3745,278806,853,9080,6268,188970,3177,209748,7119,398718,California
Sacramento,2021-03-23,11475,611707,6849,319195,3820,282626,806,9886,7357,193058,4074,213822,8162,406880,California
Sacramento,2021-03-24,11947,623654,7297,326492,4020,286646,630,10516,6767,195358,5099,218921,7399,414279,California
Sacramento,2021-03-25,14248,637902,8375,334867,5032,291678,841,11357,8552,199096,5649,224570,9387,423666,California
Sacramento,2021-03-26,18353,656255,8955,343822,8887,300565,511,11868,9182,199689,9103,233673,9696,433362,California
Sacramento,2021-03-27,9739,665994,3584,347406,5864,306429,291,12159,5113,200495,4593,238266,5399,438761,California
Sacramento,2021-03-28,6548,672542,3232,350638,3067,309496,249,12408,2705,199621,3832,242098,2958,441719,California
Sacramento,2021-03-29,11058,683600,5908,356546,4760,314256,390,12798,4953,198889,6075,248173,5343,447062,California
Sacramento,2021-03-30,11951,695551,6105,362651,5428,319684,418,13216,6039,199458,5886,254059,6455,453517,California
Sacramento,2021-03-31,13512,709063,7872,370523,5229,324913,411,13627,5591,197560,7894,261953,5996,459513,California
Sacramento,2021-04-01,17521,726584,10476,380999,6789,331702,256,13883,7367,195078,10109,272062,7627,467140,California
Sacramento,2021-04-02,17216,743800,9727,390726,6747,338449,742,14625,9042,196720,8142,280204,9784,476924,California
Sacramento,2021-04-03,10471,754271,6237,396963,3685,342134,549,15174,6420,199663,4021,284225,6964,483888,California
Sacramento,2021-04-04,3731,758002,1532,398495,1993,344127,206,15380,1453,199045,2272,286497,1654,485542,California
Sacramento,2021-04-05,12085,770087,7570,406065,3673,347800,842,16222,5389,198611,6659,293156,6225,491767,California
Sacramento,2021-04-06,15712,785799,8885,414950,5481,353281,1346,17568,6941,198154,8738,301894,8281,500048,California
Sacramento,2021-04-07,14937,800736,8054,423004,5264,358545,1619,19187,7193,199251,7702,309596,8799,508847,California
Sacramento,2021-04-08,15155,815891,6811,429815,5341,363886,3003,22190,6035,199184,9086,318682,9019,517866,California
Sacramento,2021-04-09,18384,834275,9384,439199,6769,370655,2231,24421,7468,197998,10874,329556,9688,527554,California
Sacramento,2021-04-10,12915,847190,3851,443050,7842,378497,1222,25643,5360,197028,7526,337082,6556,534110,California
Sacramento,2021-04-11,10818,858008,4370,447420,6221,384718,227,25870,3862,194184,6931,344013,4087,538197,California
Sacramento,2021-04-12,13034,871042,5072,452492,6070,390788,1892,27762,4961,193014,8007,352020,6837,545034,California
Sacramento,2021-04-13,16346,887388,9985,462477,6356,397144,5,27767,7598,191906,8715,360735,7607,552641,California
Sacramento,2021-04-14,15064,902452,8014,470491,7048,404192,2,27769,5930,188740,9102,369837,5936,558577,California
Sacramento,2021-04-15,16471,918923,8461,478952,8007,412199,3,27772,6675,185664,9757,379594,6681,565258,California
Sacramento,2021-04-16,17589,936512,9718,488670,7871,420070,0,27772,7965,184053,9580,389174,7969,573227,California
Sacramento,2021-04-17,15416,951928,6181,494851,9235,429305,0,27772,11159,190983,4234,393408,11164,584391,California
Sacramento,2021-04-18,8651,960579,3256,498107,5395,434700,0,27772,3884,190120,4748,398156,3885,588276,California
Sacramento,2021-04-19,10672,971251,5764,503871,4903,439603,5,27777,4716,188915,5929,404085,4724,593000,California
Sacramento,2021-04-20,11555,982806,7125,510996,4426,444029,4,27781,6070,189536,5457,409542,6078,599078,California
Sacramento,2021-04-21,12300,995106,7360,518356,4938,448967,2,27783,6605,190478,5667,415209,6609,605687,California
Sacramento,2021-04-22,15250,1010356,10266,528622,4980,453947,4,27787,6998,189266,8216,423425,7004,612691,California
Sacramento,2021-04-23,16289,1026645,10345,538967,5944,459891,0,27787,7548,188114,8702,432127,7550,620241,California
Sacramento,2021-04-24,11372,1038017,7008,545975,4363,464254,1,27788,5968,188716,5368,437495,5970,626211,California
Sacramento,2021-04-25,8007,1046024,4475,550450,3532,467786,0,27788,4165,189054,3828,441323,4166,630377,California
Sacramento,2021-04-26,10837,1056861,6831,557281,3982,471768,24,27812,5153,188578,5653,446976,5177,635554,California
Sacramento,2021-04-27,12270,1069131,8079,565360,4036,475804,155,27967,6034,188571,6201,453177,6194,641748,California
Sacramento,2021-04-28,10785,1079916,6111,571471,4469,480273,205,28172,5959,189945,4795,457972,6169,647917,California
Sacramento,2021-04-29,11178,1091094,7587,579058,3288,483561,303,28475,6136,191383,5004,462976,6442,654359,California
Sacramento,2021-04-30,12746,1103840,8079,587137,4404,487965,263,28738,6033,191017,6663,469639,6297,660656,California
Sacramento,2021-05-01,7612,1111452,5478,592615,1958,489923,176,28914,2779,189174,4796,474435,2953,663609,California
Sacramento,2021-05-02,5010,1116462,4312,596927,547,490470,151,29065,2230,188800,2753,477188,2379,665988,California
Sacramento,2021-05-03,9143,1125605,7307,604234,1554,492024,282,29347,3972,187903,5147,482335,4250,670238,California
Sacramento,2021-05-04,9684,1135289,5947,610181,3427,495451,310,29657,3853,186279,5786,488121,4162,674400,California
Sacramento,2021-05-05,11365,1146654,6236,616417,4668,500119,461,30118,4648,184710,6671,494792,5102,679502,California
Sacramento,2021-05-06,11434,1158088,6392,622809,4734,504853,308,30426,4686,183276,6424,501216,4990,684492,California
Sacramento,2021-05-07,10775,1168863,6288,629097,4116,508969,371,30797,4543,182012,6179,507395,4915,689407,California
Sacramento,2021-05-08,8469,1177332,4002,633099,4237,513206,230,31027,2778,179363,5649,513044,3000,692407,California
Sacramento,2021-05-09,3286,1180618,1791,634890,1382,514588,113,31140,1207,178615,2068,515112,1320,693727,California
Sacramento,2021-05-10,8231,1188849,3869,638759,4090,518678,272,31412,1997,174684,6202,521314,2271,695998,California
Sacramento,2021-05-11,8638,1197487,5463,644222,2916,521594,259,31671,3010,172358,5595,526909,3269,699267,California
Sacramento,2021-05-12,8738,1206225,5286,649508,3195,524789,257,31928,2955,169820,5748,532657,3210,702477,California
Sacramento,2021-05-13,11962,1218187,7702,657210,3984,528773,276,32204,4534,167244,7386,540043,4810,707287,California
Sacramento,2021-05-14,12431,1230618,7076,664286,5067,533840,288,32492,5046,165250,7328,547371,5334,712621,California
Sacramento,2021-05-15,13234,1243852,8021,672307,5067,538907,146,32638,5869,163931,7330,554701,6011,718632,California
Sacramento,2021-05-16,7956,1251808,4203,676510,3640,542547,113,32751,2186,160485,5747,560448,2301,720933,California
Sacramento,2021-05-17,10461,1262269,6379,682889,3791,546338,291,33042,3911,158177,6513,566961,4205,725138,California
Sacramento,2021-05-18,9886,1272155,6209,689098,3466,549804,211,33253,3705,155958,6140,573101,3921,729059,California
Sacramento,2021-05-19,9801,1281956,6245,695343,3292,553096,264,33517,4414,155297,5345,578446,4684,733743,California
Sacramento,2021-05-20,10221,1292177,6739,702082,3222,556318,260,33777,3802,152993,6367,584813,4063,737806,California
Sacramento,2021-05-21,10726,1302903,6807,708889,3596,559914,323,34100,4446,151529,6239,591052,4775,742581,California
Sacramento,2021-05-22,7435,1310338,4598,713487,2665,562579,172,34272,3338,150975,4067,595119,3513,746094,California
Sacramento,2021-05-23,4325,1314663,3013,716500,1209,563788,103,34375,1958,150690,2347,597466,2062,748156,California
Sacramento,2021-05-24,7813,1322476,4718,721218,2765,566553,330,34705,2482,148216,5284,602750,2810,750966,California
Sacramento,2021-05-25,6707,1329183,3875,725093,2540,569093,292,34997,2379,146584,4302,607052,2670,753636,California
Sacramento,2021-05-26,8556,1337739,4722,729815,3499,572592,335,35332,2807,144023,5698,612750,3137,756773,California
Sacramento,2021-05-27,6685,1344424,3639,733454,2806,575398,240,35572,2948,143516,3695,616445,3188,759961,California
Sacramento,2021-05-28,8268,1352692,4581,738035,3313,578711,374,35946,3458,142578,4770,621215,3832,763793,California
Sacramento,2021-05-29,4410,1357102,2683,740718,1571,580282,156,36102,2218,142784,2168,623383,2374,766167,California
Sacramento,2021-05-30,1673,1358775,1057,741775,577,580859,39,36141,744,142646,922,624305,784,766951,California
Sacramento,2021-05-31,881,1359656,440,742215,428,581287,13,36154,311,142401,569,624874,324,767275,California
Sacramento,2021-06-01,6973,1366629,4181,746396,2585,583872,207,36361,2534,140741,4398,629272,2738,770013,California
Sacramento,2021-06-02,6102,1372731,3347,749743,2541,586413,214,36575,2262,139420,3795,633067,2474,772487,California
Sacramento,2021-06-03,7446,1380177,5064,754807,2198,588611,184,36759,2136,136467,5270,638337,2317,774804,California
Sacramento,2021-06-04,7060,1387237,4515,759322,2334,590945,211,36970,2207,134063,4822,643159,2418,777222,California
Sacramento,2021-06-05,6212,1393449,4552,763874,1519,592464,141,37111,1753,131526,4430,647589,1893,779115,California
Sacramento,2021-06-06,2379,1395828,1867,765741,454,592918,58,37169,769,130750,1604,649193,828,779943,California
Sacramento,2021-06-07,5541,1401369,3876,769617,1484,594402,181,37350,1539,128490,3976,653169,1716,781659,California
Sacramento,2021-06-08,5389,1406758,3677,773294,1532,595934,180,37530,1722,126753,3641,656810,1904,783563,California
Sacramento,2021-06-09,6164,1412922,4275,777569,1704,597638,185,37715,1623,124071,4489,661299,1807,785370,California
Sacramento,2021-06-10,5412,1418334,3460,781029,1740,599378,212,37927,1680,122281,3682,664981,1892,787262,California
Sacramento,2021-06-11,7552,1425886,5213,786242,2145,601523,194,38121,2056,119066,5463,670444,2248,789510,California
Sacramento,2021-06-12,4732,1430618,3061,789303,1553,603076,118,38239,1287,117051,3422,673866,1407,790917,California
Sacramento,2021-06-13,1927,1432545,1418,790721,467,603543,42,38281,400,115977,1515,675381,441,791358,California
Sacramento,2021-06-14,4302,1436847,2786,793507,1355,604898,161,38442,1339,114530,2945,678326,1498,792856,California
Sacramento,2021-06-15,4921,1441768,2962,796469,1736,606634,223,38665,1722,113290,3184,681510,1944,794800,California
Sacramento,2021-06-16,4479,1446247,3011,799480,1248,607882,220,38885,1558,112165,2895,684405,1770,796570,California
Sacramento,2021-06-17,4069,1450316,2645,802125,1259,609141,165,39050,1399,111087,2637,687042,1559,798129,California
Sacramento,2021-06-18,5125,1455441,3348,805473,1536,610677,241,39291,1740,109706,3361,690403,1980,800109,California
Sacramento,2021-06-19,3316,1458757,2253,807726,919,611596,144,39435,1187,108924,2112,692515,1330,801439,California
Sacramento,2021-06-20,1226,1459983,908,808634,291,611887,27,39462,559,108852,658,693173,586,802025,California
Sacramento,2021-06-21,2518,1462501,1332,809966,1026,612913,160,39622,1235,108976,1269,694442,1393,803418,California
Sacramento,2021-06-22,3907,1466408,2697,812663,1018,613931,192,39814,1540,108361,2342,696784,1727,805145,California
Sacramento,2021-06-23,4055,1470463,2800,815463,1048,614979,207,40021,1513,107555,2522,699306,1716,806861,California
Sacramento,2021-06-24,3433,1473896,2242,817705,1000,615979,191,40212,1357,107048,2054,701360,1547,808408,California
Sacramento,2021-06-25,4129,1478025,2800,820505,1121,617100,208,40420,1665,106472,2446,703806,1870,810278,California
Sacramento,2021-06-26,2051,1480076,1463,821968,484,617584,104,40524,764,106063,1276,705082,867,811145,California
San Benito,2020-12-16,29,29,29,29,0,0,0,0,29,29,0,0,29,29,California
San Benito,2020-12-17,48,77,48,77,0,0,0,0,48,77,0,0,48,77,California
San Benito,2020-12-18,72,149,72,149,0,0,0,0,72,149,0,0,72,149,California
San Benito,2020-12-19,48,197,48,197,0,0,0,0,48,197,0,0,48,197,California
San Benito,2020-12-20,23,220,23,220,0,0,0,0,23,220,0,0,23,220,California
San Benito,2020-12-21,77,297,77,297,0,0,0,0,77,297,0,0,77,297,California
San Benito,2020-12-22,101,398,101,398,0,0,0,0,101,398,0,0,101,398,California
San Benito,2020-12-23,86,484,74,472,12,12,0,0,86,484,0,0,86,484,California
San Benito,2020-12-24,13,497,5,477,8,20,0,0,13,497,0,0,13,497,California
San Benito,2020-12-25,4,501,4,481,0,20,0,0,4,501,0,0,4,501,California
San Benito,2020-12-26,13,514,4,485,9,29,0,0,13,514,0,0,13,514,California
San Benito,2020-12-27,8,522,7,492,1,30,0,0,8,522,0,0,8,522,California
San Benito,2020-12-28,67,589,36,528,31,61,0,0,67,589,0,0,67,589,California
San Benito,2020-12-29,49,638,21,549,28,89,0,0,49,638,0,0,49,638,California
San Benito,2020-12-30,60,698,38,587,22,111,0,0,60,698,0,0,60,698,California
San Benito,2020-12-31,19,717,2,589,17,128,0,0,19,717,0,0,19,717,California
San Benito,2021-01-02,24,741,23,612,1,129,0,0,24,741,0,0,24,741,California
San Benito,2021-01-03,4,745,2,614,2,131,0,0,3,744,0,0,3,744,California
San Benito,2021-01-04,61,806,23,637,38,169,0,0,61,805,0,0,61,805,California
San Benito,2021-01-05,117,923,37,674,80,249,0,0,114,916,3,3,114,919,California
San Benito,2021-01-06,102,1025,43,717,59,308,0,0,87,988,15,18,87,1006,California
San Benito,2021-01-07,106,1131,68,785,38,346,0,0,54,990,52,70,54,1060,California
San Benito,2021-01-08,182,1313,90,875,92,438,0,0,117,1042,65,135,117,1177,California
San Benito,2021-01-09,44,1357,31,906,13,451,0,0,30,1058,14,149,30,1207,California
San Benito,2021-01-10,17,1374,15,921,2,453,0,0,5,1051,12,161,5,1212,California
San Benito,2021-01-11,172,1546,107,1028,65,518,0,0,72,1023,100,261,72,1284,California
San Benito,2021-01-12,161,1707,57,1085,104,622,0,0,121,1104,40,301,121,1405,California
San Benito,2021-01-13,240,1947,69,1154,171,793,0,0,189,1242,51,352,189,1594,California
San Benito,2021-01-14,131,2078,24,1178,107,900,0,0,112,1335,19,371,112,1706,California
San Benito,2021-01-15,216,2294,21,1199,195,1095,0,0,202,1523,14,385,202,1908,California
San Benito,2021-01-16,26,2320,9,1208,17,1112,0,0,20,1537,6,391,20,1928,California
San Benito,2021-01-17,12,2332,5,1213,7,1119,0,0,9,1543,3,394,9,1937,California
San Benito,2021-01-18,37,2369,23,1236,14,1133,0,0,22,1550,15,409,22,1959,California
San Benito,2021-01-19,186,2555,80,1316,106,1239,0,0,148,1660,38,447,148,2107,California
San Benito,2021-01-20,331,2886,96,1412,235,1474,0,0,284,1898,46,493,284,2391,California
San Benito,2021-01-21,146,3032,33,1445,113,1587,0,0,120,1992,26,519,120,2511,California
San Benito,2021-01-22,237,3269,19,1464,218,1805,0,0,227,2209,10,529,227,2738,California
San Benito,2021-01-23,31,3300,17,1481,14,1819,0,0,13,2204,18,547,13,2751,California
San Benito,2021-01-24,29,3329,3,1484,26,1845,0,0,25,2225,4,551,25,2776,California
San Benito,2021-01-25,72,3401,24,1508,48,1893,0,0,24,2201,48,599,24,2800,California
San Benito,2021-01-26,138,3539,41,1549,97,1990,0,0,86,2235,52,651,86,2886,California
San Benito,2021-01-27,231,3770,70,1619,161,2151,0,0,191,2386,40,691,191,3077,California
San Benito,2021-01-28,153,3923,32,1651,121,2272,0,0,121,2476,31,722,121,3198,California
San Benito,2021-01-29,295,4218,35,1686,260,2532,0,0,270,2722,24,746,270,3468,California
San Benito,2021-01-30,52,4270,33,1719,19,2551,0,0,29,2728,23,769,29,3497,California
San Benito,2021-01-31,16,4286,5,1724,11,2562,0,0,11,2734,5,774,11,3508,California
San Benito,2021-02-01,136,4422,28,1752,108,2670,0,0,92,2782,44,818,92,3600,California
San Benito,2021-02-02,229,4651,49,1801,180,2850,0,0,139,2831,90,908,139,3739,California
San Benito,2021-02-03,339,4990,42,1843,297,3147,0,0,272,3036,67,975,272,4011,California
San Benito,2021-02-04,166,5156,24,1867,142,3289,0,0,120,3110,46,1021,120,4131,California
San Benito,2021-02-05,293,5449,41,1908,252,3541,0,0,230,3277,63,1084,230,4361,California
San Benito,2021-02-06,50,5499,9,1917,41,3582,0,0,33,3293,17,1101,33,4394,California
San Benito,2021-02-07,17,5516,8,1925,9,3591,0,0,15,3306,2,1103,15,4409,California
San Benito,2021-02-08,140,5656,17,1942,123,3714,0,0,94,3354,46,1149,94,4503,California
San Benito,2021-02-09,326,5982,64,2006,262,3976,0,0,194,3416,132,1281,194,4697,California
San Benito,2021-02-10,323,6305,90,2096,233,4209,0,0,113,3320,209,1490,113,4810,California
San Benito,2021-02-11,299,6604,33,2129,266,4475,0,0,201,3423,98,1588,201,5011,California
San Benito,2021-02-12,414,7018,32,2161,382,4857,0,0,209,3428,204,1792,209,5220,California
San Benito,2021-02-13,56,7074,7,2168,49,4906,0,0,44,3460,12,1804,44,5264,California
San Benito,2021-02-14,40,7114,5,2173,35,4941,0,0,30,3480,10,1814,30,5294,California
San Benito,2021-02-15,105,7219,9,2182,96,5037,0,0,94,3563,11,1825,94,5388,California
San Benito,2021-02-16,207,7426,12,2194,195,5232,0,0,101,3559,106,1931,102,5490,California
San Benito,2021-02-17,327,7753,29,2223,298,5530,0,0,278,3788,49,1980,278,5768,California
San Benito,2021-02-18,294,8047,38,2261,256,5786,0,0,73,3640,221,2201,73,5841,California
San Benito,2021-02-19,343,8390,47,2308,296,6082,0,0,178,3653,165,2366,178,6019,California
San Benito,2021-02-20,45,8435,25,2333,20,6102,0,0,35,3678,10,2376,35,6054,California
San Benito,2021-02-21,23,8458,8,2341,15,6117,0,0,14,3683,9,2385,14,6068,California
San Benito,2021-02-22,134,8592,36,2377,98,6215,0,0,100,3750,33,2418,100,6168,California
San Benito,2021-02-23,379,8971,94,2471,285,6500,0,0,262,3895,117,2535,262,6430,California
San Benito,2021-02-24,381,9352,68,2539,313,6813,0,0,243,4000,138,2673,243,6673,California
San Benito,2021-02-25,393,9745,64,2603,329,7142,0,0,271,4147,124,2797,271,6944,California
San Benito,2021-02-26,654,10399,76,2679,578,7720,0,0,404,4301,250,3047,404,7348,California
San Benito,2021-02-27,105,10504,41,2720,64,7784,0,0,86,4368,19,3066,86,7434,California
San Benito,2021-02-28,254,10758,30,2750,224,8008,0,0,243,4600,11,3077,243,7677,California
San Benito,2021-03-01,233,10991,61,2811,172,8180,0,0,162,4690,72,3149,162,7839,California
San Benito,2021-03-02,287,11278,97,2908,190,8370,0,0,214,4831,73,3222,214,8053,California
San Benito,2021-03-03,406,11684,66,2974,340,8710,0,0,227,4881,177,3399,227,8280,California
San Benito,2021-03-04,616,12300,126,3100,475,9185,15,15,430,5128,186,3585,433,8713,California
San Benito,2021-03-05,582,12882,306,3406,264,9449,12,27,373,5306,207,3792,385,9098,California
San Benito,2021-03-06,193,13075,69,3475,110,9559,14,41,140,5407,53,3845,154,9252,California
San Benito,2021-03-07,648,13723,603,4078,22,9581,23,64,615,6012,33,3878,638,9890,California
San Benito,2021-03-08,290,14013,66,4144,177,9758,47,111,167,6103,123,4001,214,10104,California
San Benito,2021-03-09,423,14436,83,4227,241,9999,99,210,137,6027,285,4286,209,10313,California
San Benito,2021-03-10,403,14839,114,4341,194,10193,95,305,232,6183,171,4457,327,10640,California
San Benito,2021-03-11,475,15314,124,4465,198,10391,153,458,211,6283,264,4721,364,11004,California
San Benito,2021-03-12,523,15837,124,4589,302,10693,97,555,233,6326,288,5009,331,11335,California
San Benito,2021-03-13,200,16037,99,4688,83,10776,18,573,126,6399,71,5080,144,11479,California
San Benito,2021-03-14,233,16270,40,4728,173,10949,20,593,180,6547,52,5132,200,11679,California
San Benito,2021-03-15,324,16594,100,4828,205,11154,19,612,191,6624,133,5265,210,11889,California
San Benito,2021-03-16,499,17093,218,5046,250,11404,31,643,351,6857,148,5413,381,12270,California
San Benito,2021-03-17,791,17884,479,5525,290,11694,22,665,561,7206,226,5639,575,12845,California
San Benito,2021-03-18,790,18674,528,6053,206,11900,56,721,574,7613,214,5853,621,13466,California
San Benito,2021-03-19,777,19451,403,6456,350,12250,24,745,575,8009,202,6055,598,14064,California
San Benito,2021-03-20,245,19696,149,6605,83,12333,13,758,186,8149,59,6114,199,14263,California
San Benito,2021-03-21,108,19804,56,6661,47,12380,5,763,80,8206,28,6142,85,14348,California
San Benito,2021-03-22,353,20157,173,6834,155,12535,25,788,222,8322,131,6273,247,14595,California
San Benito,2021-03-23,477,20634,199,7033,268,12803,10,798,210,8274,267,6540,219,14814,California
San Benito,2021-03-24,575,21209,304,7337,264,13067,7,805,353,8413,221,6761,360,15174,California
San Benito,2021-03-25,742,21951,442,7779,296,13363,4,809,440,8559,298,7059,444,15618,California
San Benito,2021-03-26,1020,22971,520,8299,495,13858,5,814,337,8219,682,7741,342,15960,California
San Benito,2021-03-27,338,23309,189,8488,117,13975,32,846,219,8352,118,7859,251,16211,California
San Benito,2021-03-28,735,24044,609,9097,121,14096,5,851,130,7882,605,8464,135,16346,California
San Benito,2021-03-29,344,24388,108,9205,216,14312,20,871,143,7843,201,8665,162,16508,California
San Benito,2021-03-30,578,24966,274,9479,211,14523,93,964,294,7946,284,8949,387,16895,California
San Benito,2021-03-31,596,25562,367,9846,205,14728,24,988,342,8061,251,9200,366,17261,California
San Benito,2021-04-01,952,26514,383,10229,530,15258,39,1027,562,8267,389,9589,595,17856,California
San Benito,2021-04-02,541,27055,262,10491,143,15401,136,1163,264,8391,276,9865,400,18256,California
San Benito,2021-04-03,254,27309,87,10578,103,15504,64,1227,75,8351,178,10043,138,18394,California
San Benito,2021-04-04,143,27452,108,10686,30,15534,5,1232,106,8425,37,10080,111,18505,California
San Benito,2021-04-05,354,27806,169,10855,141,15675,44,1276,143,8400,211,10291,186,18691,California
San Benito,2021-04-06,466,28272,162,11017,127,15802,177,1453,161,8432,305,10596,337,19028,California
San Benito,2021-04-07,943,29215,525,11542,227,16029,191,1644,264,8210,677,11273,455,19483,California
San Benito,2021-04-08,871,30086,439,11981,178,16207,254,1898,233,8060,637,11910,487,19970,California
San Benito,2021-04-09,853,30939,505,12486,256,16463,92,1990,297,7894,555,12465,389,20359,California
San Benito,2021-04-10,341,31280,206,12692,77,16540,58,2048,192,7995,149,12614,250,20609,California
San Benito,2021-04-11,480,31760,273,12965,172,16712,35,2083,270,8068,210,12824,283,20892,California
San Benito,2021-04-12,530,32290,286,13251,132,16844,112,2195,278,8203,251,13075,386,21278,California
San Benito,2021-04-13,759,33049,294,13545,442,17286,23,2218,526,8521,232,13307,550,21828,California
San Benito,2021-04-14,832,33881,655,14200,177,17463,0,2218,395,8485,431,13738,395,22223,California
San Benito,2021-04-15,945,34826,735,14935,209,17672,1,2219,474,8491,470,14208,476,22699,California
San Benito,2021-04-16,711,35537,371,15306,331,18003,9,2228,301,8395,407,14615,311,23010,California
San Benito,2021-04-17,322,35859,226,15532,96,18099,0,2228,129,8329,195,14810,129,23139,California
San Benito,2021-04-18,506,36365,425,15957,81,18180,0,2228,247,8319,259,15069,249,23388,California
San Benito,2021-04-19,744,37109,594,16551,150,18330,0,2228,420,8419,322,15391,422,23810,California
San Benito,2021-04-20,786,37895,415,16966,369,18699,2,2230,494,8627,287,15678,495,24305,California
San Benito,2021-04-21,965,38860,714,17680,251,18950,0,2230,521,8719,429,16107,521,24826,California
San Benito,2021-04-22,898,39758,694,18374,204,19154,0,2230,564,8957,326,16433,564,25390,California
San Benito,2021-04-23,643,40401,407,18781,235,19389,1,2231,342,9047,252,16685,342,25732,California
San Benito,2021-04-24,362,40763,202,18983,160,19549,0,2231,166,9057,156,16841,166,25898,California
San Benito,2021-04-25,205,40968,128,19111,77,19626,0,2231,95,9060,92,16933,95,25993,California
San Benito,2021-04-26,493,41461,391,19502,102,19728,0,2231,258,9144,174,17107,258,26251,California
San Benito,2021-04-27,560,42021,286,19788,267,19995,7,2238,408,9417,142,17249,415,26666,California
San Benito,2021-04-28,555,42576,393,20181,154,20149,8,2246,391,9656,159,17408,398,27064,California
San Benito,2021-04-29,633,43209,234,20415,389,20538,10,2256,255,9560,378,17786,282,27346,California
San Benito,2021-04-30,381,43590,214,20629,160,20698,7,2263,205,9598,174,17960,212,27558,California
San Benito,2021-05-01,196,43786,143,20772,44,20742,9,2272,66,9544,129,18089,75,27633,California
San Benito,2021-05-02,189,43975,160,20932,25,20767,4,2276,57,9473,132,18221,61,27694,California
San Benito,2021-05-03,359,44334,282,21214,67,20834,10,2286,87,9300,272,18493,99,27793,California
San Benito,2021-05-04,410,44744,252,21466,150,20984,8,2294,149,9197,259,18752,156,27949,California
San Benito,2021-05-05,610,45354,430,21896,164,21148,16,2310,217,9040,390,19142,233,28182,California
San Benito,2021-05-06,625,45979,498,22394,112,21260,15,2325,224,8882,397,19539,239,28421,California
San Benito,2021-05-07,455,46434,290,22684,155,21415,10,2335,175,8790,278,19817,186,28607,California
San Benito,2021-05-08,280,46714,228,22912,47,21462,5,2340,156,8827,124,19941,161,28768,California
San Benito,2021-05-09,108,46822,83,22995,22,21484,3,2343,48,8818,60,20001,51,28819,California
San Benito,2021-05-10,411,47233,323,23318,64,21548,24,2367,53,8538,358,20359,78,28897,California
San Benito,2021-05-11,835,48068,423,23741,396,21944,16,2383,192,8106,641,21000,209,29106,California
San Benito,2021-05-12,515,48583,411,24152,91,22035,13,2396,123,7852,391,21391,137,29243,California
San Benito,2021-05-13,731,49314,625,24777,89,22124,17,2413,207,7554,521,21912,223,29466,California
San Benito,2021-05-14,599,49913,442,25219,150,22274,7,2420,228,7420,369,22281,235,29701,California
San Benito,2021-05-15,227,50140,171,25390,50,22324,6,2426,126,7451,101,22382,132,29833,California
San Benito,2021-05-16,170,50310,142,25532,26,22350,2,2428,93,7469,77,22459,95,29928,California
San Benito,2021-05-17,378,50688,307,25839,62,22412,9,2437,170,7442,206,22665,179,30107,California
San Benito,2021-05-18,673,51361,353,26192,315,22727,5,2442,210,7195,463,23128,216,30323,California
San Benito,2021-05-19,570,51931,419,26611,143,22870,8,2450,230,7093,340,23468,238,30561,California
San Benito,2021-05-20,591,52522,468,27079,112,22982,11,2461,315,7144,275,23743,326,30887,California
San Benito,2021-05-21,463,52985,272,27351,175,23157,16,2477,212,7123,249,23992,228,31115,California
San Benito,2021-05-22,292,53277,220,27571,67,23224,5,2482,178,7195,112,24104,184,31299,California
San Benito,2021-05-23,98,53375,60,27631,34,23258,4,2486,35,7170,63,24167,38,31337,California
San Benito,2021-05-24,306,53681,258,27889,41,23299,7,2493,192,7255,114,24281,199,31536,California
San Benito,2021-05-25,523,54204,238,28127,278,23577,7,2500,166,7073,355,24636,173,31709,California
San Benito,2021-05-26,313,54517,196,28323,110,23687,7,2507,125,7017,187,24823,131,31840,California
San Benito,2021-05-27,408,54925,312,28635,73,23760,23,2530,151,6937,257,25080,177,32017,California
San Benito,2021-05-28,282,55207,175,28810,100,23860,7,2537,107,6877,174,25254,114,32131,California
San Benito,2021-05-29,146,55353,124,28934,20,23880,2,2539,61,6855,85,25339,63,32194,California
San Benito,2021-05-30,269,55622,253,29187,16,23896,0,2539,90,6767,178,25517,90,32284,California
San Benito,2021-05-31,100,55722,87,29274,11,23907,2,2541,43,6756,56,25573,45,32329,California
San Benito,2021-06-01,267,55989,120,29394,121,24028,26,2567,85,6685,181,25754,110,32439,California
San Benito,2021-06-02,320,56309,242,29636,76,24104,2,2569,108,6585,211,25965,111,32550,California
San Benito,2021-06-03,334,56643,284,29920,43,24147,7,2576,98,6456,234,26199,105,32655,California
San Benito,2021-06-04,270,56913,202,30122,68,24215,0,2576,86,6359,183,26382,86,32741,California
San Benito,2021-06-05,93,57006,74,30196,18,24233,1,2577,20,6308,72,26454,21,32762,California
San Benito,2021-06-06,58,57064,48,30244,7,24240,3,2580,15,6283,43,26497,18,32780,California
San Benito,2021-06-07,337,57401,297,30541,35,24275,5,2585,87,6127,248,26745,92,32872,California
San Benito,2021-06-08,307,57708,215,30756,77,24352,15,2600,94,6024,212,26957,109,32981,California
San Benito,2021-06-09,239,57947,188,30944,43,24395,8,2608,70,5933,169,27126,78,33059,California
San Benito,2021-06-10,358,58305,330,31274,21,24416,7,2615,73,5731,282,27408,80,33139,California
San Benito,2021-06-11,267,58572,226,31500,21,24437,20,2635,91,5667,175,27583,111,33250,California
San Benito,2021-06-12,159,58731,145,31645,10,24447,4,2639,52,5631,92,27675,56,33306,California
San Benito,2021-06-13,52,58783,40,31685,10,24457,2,2641,16,5620,29,27704,18,33324,California
San Benito,2021-06-14,178,58961,150,31835,24,24481,4,2645,60,5566,117,27821,63,33387,California
San Benito,2021-06-15,218,59179,125,31960,87,24568,6,2651,77,5511,139,27960,84,33471,California
San Benito,2021-06-16,212,59391,170,32130,29,24597,13,2664,72,5457,139,28099,85,33556,California
San Benito,2021-06-17,252,59643,208,32338,17,24614,27,2691,78,5389,174,28273,106,33662,California
San Benito,2021-06-18,157,59800,100,32438,50,24664,7,2698,64,5367,93,28366,71,33733,California
San Benito,2021-06-19,115,59915,109,32547,6,24670,0,2698,48,5348,67,28433,48,33781,California
San Benito,2021-06-20,38,59953,36,32583,2,24672,0,2698,18,5346,20,28453,18,33799,California
San Benito,2021-06-21,111,60064,81,32664,15,24687,15,2713,59,5368,51,28504,73,33872,California
San Benito,2021-06-22,194,60258,124,32788,58,24745,12,2725,74,5334,119,28623,85,33957,California
San Benito,2021-06-23,150,60408,112,32900,27,24772,11,2736,62,5319,88,28711,73,34030,California
San Benito,2021-06-24,183,60591,157,33057,15,24787,11,2747,79,5306,103,28814,90,34120,California
San Benito,2021-06-25,148,60739,118,33175,28,24815,2,2749,65,5291,83,28897,68,34188,California
San Benito,2021-06-26,25,60764,12,33187,12,24827,1,2750,8,5283,17,28914,9,34197,California
San Bernardino,2020-12-15,13,13,13,13,0,0,0,0,13,13,0,0,13,13,California
San Bernardino,2020-12-16,113,126,113,126,0,0,0,0,113,126,0,0,113,126,California
San Bernardino,2020-12-17,2375,2501,2375,2501,0,0,0,0,2375,2501,0,0,2375,2501,California
San Bernardino,2020-12-18,3172,5673,3169,5670,3,3,0,0,3173,5674,0,0,3173,5674,California
San Bernardino,2020-12-19,1076,6749,1075,6745,1,4,0,0,1077,6751,0,0,1077,6751,California
San Bernardino,2020-12-20,1181,7930,1178,7923,3,7,0,0,1181,7932,0,0,1181,7932,California
San Bernardino,2020-12-21,2461,10391,2455,10378,6,13,0,0,2461,10393,0,0,2461,10393,California
San Bernardino,2020-12-22,2282,12673,2153,12531,129,142,0,0,2283,12676,0,0,2283,12676,California
San Bernardino,2020-12-23,2675,15348,1467,13998,1208,1350,0,0,2673,15349,0,0,2673,15349,California
San Bernardino,2020-12-24,1161,16509,582,14580,579,1929,0,0,1162,16510,1,1,1162,16511,California
San Bernardino,2020-12-25,76,16585,15,14595,61,1990,0,0,76,16586,0,1,76,16587,California
San Bernardino,2020-12-26,466,17051,255,14850,211,2201,0,0,466,17052,0,1,466,17053,California
San Bernardino,2020-12-27,351,17402,164,15014,187,2388,0,0,350,17401,1,2,350,17403,California
San Bernardino,2020-12-28,1588,18990,717,15731,871,3259,0,0,1589,18990,0,2,1589,18992,California
San Bernardino,2020-12-29,2230,21220,1048,16779,1182,4441,0,0,2230,21220,0,2,2230,21222,California
San Bernardino,2020-12-30,2915,24135,1461,18240,1454,5895,0,0,2915,24135,0,2,2915,24137,California
San Bernardino,2020-12-31,1379,25514,441,18681,938,6833,0,0,1377,25512,0,2,1377,25514,California
San Bernardino,2021-01-01,288,25802,152,18833,136,6969,0,0,287,25799,0,2,287,25801,California
San Bernardino,2021-01-02,485,26287,345,19178,140,7109,0,0,485,26284,0,2,485,26286,California
San Bernardino,2021-01-03,142,26429,88,19266,54,7163,0,0,142,26426,0,2,142,26428,California
San Bernardino,2021-01-04,2142,28571,1293,20559,849,8012,0,0,2141,28567,0,2,2141,28569,California
San Bernardino,2021-01-05,2345,30916,1462,22021,883,8895,0,0,2233,30690,110,112,2233,30802,California
San Bernardino,2021-01-06,3460,34376,2359,24380,1101,9996,0,0,2961,33159,493,605,2962,33764,California
San Bernardino,2021-01-07,5447,39823,4514,28894,933,10929,0,0,2488,32707,2940,3545,2488,36252,California
San Bernardino,2021-01-08,5382,45205,4455,33349,927,11856,0,0,2291,31912,3087,6632,2292,38544,California
San Bernardino,2021-01-09,1407,46612,1101,34450,306,12162,0,0,907,32319,500,7132,907,39451,California
San Bernardino,2021-01-10,1027,47639,599,35049,428,12590,0,0,577,32446,450,7582,577,40028,California
San Bernardino,2021-01-11,4989,52628,4076,39125,913,13503,0,0,2773,33006,2213,9795,2773,42801,California
San Bernardino,2021-01-12,4246,56874,3224,42349,1022,14525,0,0,2519,33800,1725,11520,2519,45320,California
San Bernardino,2021-01-13,4593,61467,2856,45205,1737,16262,0,0,3367,35954,1214,12734,3368,48688,California
San Bernardino,2021-01-14,4872,66339,2880,48085,1992,18254,0,0,4285,39656,583,13317,4285,52973,California
San Bernardino,2021-01-15,6003,72342,2964,51049,3039,21293,0,0,5602,44870,391,13708,5605,58578,California
San Bernardino,2021-01-16,2276,74618,1294,52343,982,22275,0,0,2132,46858,144,13852,2132,60710,California
San Bernardino,2021-01-17,1192,75810,508,52851,684,22959,0,0,1109,47886,82,13934,1110,61820,California
San Bernardino,2021-01-18,4288,80098,2649,55500,1639,24598,0,0,3659,50919,628,14562,3661,65481,California
San Bernardino,2021-01-19,6354,86452,3715,59215,2639,27237,0,0,5260,55089,1092,15654,5262,70743,California
San Bernardino,2021-01-20,6908,93360,3791,63006,3117,30354,0,0,4936,58065,1962,17616,4938,75681,California
San Bernardino,2021-01-21,6034,99394,3096,66102,2938,33292,0,0,4903,61850,1121,18737,4906,80587,California
San Bernardino,2021-01-22,6581,105975,3070,69172,3511,36803,0,0,5853,66978,726,19463,5854,86441,California
San Bernardino,2021-01-23,3139,109114,1900,71072,1239,38042,0,0,2735,69310,403,19866,2735,89176,California
San Bernardino,2021-01-24,1209,110323,462,71534,747,38789,0,0,1105,70311,104,19970,1105,90281,California
San Bernardino,2021-01-25,6921,117244,3414,74948,3507,42296,0,0,5061,73519,1856,21826,5064,95345,California
San Bernardino,2021-01-26,7111,124355,3544,78492,3567,45863,0,0,5005,76421,2105,23931,5007,100352,California
San Bernardino,2021-01-27,8557,132912,4141,82633,4416,50279,0,0,5727,79327,2821,26752,5727,106079,California
San Bernardino,2021-01-28,8647,141559,4086,86719,4561,54840,0,0,6305,83295,2337,29089,6305,112384,California
San Bernardino,2021-01-29,8231,149790,3757,90476,4474,59314,0,0,6241,87563,1974,31063,6242,118626,California
San Bernardino,2021-01-30,3102,152892,1885,92361,1217,60531,0,0,2810,90083,291,31354,2811,121437,California
San Bernardino,2021-01-31,929,153821,484,92845,445,60976,0,0,871,90897,57,31411,871,122308,California
San Bernardino,2021-02-01,7624,161445,4253,97098,3371,64347,0,0,4963,93204,2657,34068,4964,127272,California
San Bernardino,2021-02-02,10544,171989,3683,100781,6861,71208,0,0,8447,99560,2093,36161,8449,135721,California
San Bernardino,2021-02-03,9087,181076,4165,104946,4922,76130,0,0,6562,103606,2517,38678,6563,142284,California
San Bernardino,2021-02-04,10604,191680,5213,110159,5391,81521,0,0,7478,107970,3115,41793,7479,149763,California
San Bernardino,2021-02-05,11119,202799,5956,116115,5163,86684,0,0,7541,111946,3566,45359,7542,157305,California
San Bernardino,2021-02-06,5294,208093,2225,118340,3069,89753,0,0,3653,113985,1617,46976,3656,160961,California
San Bernardino,2021-02-07,852,208945,493,118833,359,90112,0,0,476,114089,373,47349,477,161438,California
San Bernardino,2021-02-08,7313,216258,3893,122726,3420,93532,0,0,5626,118029,1686,49035,5626,167064,California
San Bernardino,2021-02-09,10161,226419,5907,128633,4254,97786,0,0,6844,121561,3316,52351,6848,173912,California
San Bernardino,2021-02-10,12171,238590,6486,135119,5685,103471,0,0,8009,125420,4151,56502,8010,181922,California
San Bernardino,2021-02-11,12537,251127,7181,142300,5356,108827,0,0,7969,128852,4541,61043,7973,189895,California
San Bernardino,2021-02-12,10584,261711,5996,148296,4588,113415,0,0,5780,129852,4783,65826,5783,195678,California
San Bernardino,2021-02-13,6116,267827,4073,152369,2043,115458,0,0,3832,131421,2268,68094,3837,199515,California
San Bernardino,2021-02-14,1571,269398,663,153032,908,116366,0,0,881,131620,683,68777,882,200397,California
San Bernardino,2021-02-15,5518,274916,3019,156051,2499,118865,0,0,3080,132275,2425,71202,3080,203477,California
San Bernardino,2021-02-16,12700,287616,7422,163473,5278,124143,0,0,7993,135578,4694,75896,7997,211474,California
San Bernardino,2021-02-17,11894,299510,6515,169988,5379,129522,0,0,7172,138053,4702,80598,7177,218651,California
San Bernardino,2021-02-18,12549,312059,7624,177612,4925,134447,0,0,7733,140988,4800,85398,7735,226386,California
San Bernardino,2021-02-19,11659,323718,5978,183590,5681,140128,0,0,6898,143147,4741,90139,6900,233286,California
San Bernardino,2021-02-20,4542,328260,3480,187070,1062,141190,0,0,2049,142713,2486,92625,2052,235338,California
San Bernardino,2021-02-21,1152,329412,689,187759,463,141653,0,0,403,142369,749,93374,405,235743,California
San Bernardino,2021-02-22,8708,338120,5369,193128,3339,144992,0,0,4056,141786,4640,98014,4057,239800,California
San Bernardino,2021-02-23,9516,347636,5779,198907,3737,148729,0,0,4838,141978,4652,102666,4844,244644,California
San Bernardino,2021-02-24,12530,360166,7200,206107,5330,154059,0,0,6191,141856,6319,108985,6197,250841,California
San Bernardino,2021-02-25,13158,373324,6301,212408,6857,160916,0,0,7660,144039,5481,114466,7664,258505,California
San Bernardino,2021-02-26,13728,387052,6391,218799,7337,168253,0,0,7648,145679,6016,120482,7656,266161,California
San Bernardino,2021-02-27,6705,393757,3750,222549,2954,171207,1,1,4821,148632,1873,122355,4826,270987,California
San Bernardino,2021-02-28,1784,395541,746,223295,1038,172245,0,1,1144,149146,632,122987,1146,272133,California
San Bernardino,2021-03-01,8506,404047,4386,227681,4116,176361,4,5,3867,148416,4612,127599,3882,276015,California
San Bernardino,2021-03-02,13927,417974,5575,233256,8352,184713,0,5,6551,147634,7343,134942,6561,282576,California
San Bernardino,2021-03-03,13149,431123,6695,239951,6450,191163,4,9,6204,146929,6922,141864,6217,288793,California
San Bernardino,2021-03-04,13998,445121,6942,246893,7055,198218,1,10,6069,145100,7907,149771,6078,294871,California
San Bernardino,2021-03-05,14492,459613,7573,254466,6917,205135,2,12,7061,144787,7397,157168,7084,301955,California
San Bernardino,2021-03-06,9751,469364,5472,259938,4055,209190,224,236,4551,144378,5182,162350,4773,306728,California
San Bernardino,2021-03-07,1688,471052,1021,260959,595,209785,72,308,1062,144891,624,162974,1137,307865,California
San Bernardino,2021-03-08,8139,479191,3601,264560,4367,214152,171,479,3614,144166,4515,167489,3790,311655,California
San Bernardino,2021-03-09,13124,492315,7498,272058,5375,219527,251,730,5293,141894,7818,175307,5546,317201,California
San Bernardino,2021-03-10,14240,506555,7869,279927,5816,225343,555,1285,6365,140969,7848,183155,6923,324124,California
San Bernardino,2021-03-11,15683,522238,7263,287190,6814,232157,1606,2891,7394,141699,8267,191422,8997,333121,California
San Bernardino,2021-03-12,15624,537862,6962,294152,6612,238769,2050,4941,7365,142932,8227,199649,9460,342581,California
San Bernardino,2021-03-13,8409,546271,4581,298733,3312,242081,516,5457,4980,145012,3418,203067,5498,348079,California
San Bernardino,2021-03-14,3302,549573,1672,300405,1047,243128,583,6040,1843,145982,1452,204519,2422,350501,California
San Bernardino,2021-03-15,11441,561014,5402,305807,4005,247133,2034,8074,5464,147513,5962,210481,7493,357994,California
San Bernardino,2021-03-16,16270,577284,8054,313861,7274,254407,942,9016,9895,152010,6347,216828,10844,368838,California
San Bernardino,2021-03-17,17492,594776,8694,322555,8048,262455,750,9766,10583,156455,6889,223717,11334,380172,California
San Bernardino,2021-03-18,16763,611539,8297,330852,8079,270534,387,10153,9909,159923,6826,230543,10294,390466,California
San Bernardino,2021-03-19,17110,628649,8494,339346,8019,278553,597,10750,9811,163111,7271,237814,10459,400925,California
San Bernardino,2021-03-20,9512,638161,5986,345332,2928,281481,598,11348,5629,165477,3855,241669,6221,407146,California
San Bernardino,2021-03-21,2834,640995,2302,347634,481,281962,51,11399,2266,167239,555,242224,2317,409463,California
San Bernardino,2021-03-22,9735,650730,4599,352233,4699,286661,437,11836,7054,172070,2660,244884,7491,416954,California
San Bernardino,2021-03-23,15653,666383,8883,361116,6150,292811,620,12456,9662,176382,5968,250852,10280,427234,California
San Bernardino,2021-03-24,15223,681606,7834,368950,7083,299894,306,12762,10044,181593,5140,255992,10351,437585,California
San Bernardino,2021-03-25,17111,698717,8378,377328,8428,308322,305,13067,10795,186423,6264,262256,11094,448679,California
San Bernardino,2021-03-26,18240,716957,8674,386002,8796,317118,770,13837,10887,190760,7322,269578,11659,460338,California
San Bernardino,2021-03-27,10881,727838,7021,393023,3105,320223,755,14592,6187,193028,4672,274250,6940,467278,California
San Bernardino,2021-03-28,3646,731484,2560,395583,972,321195,114,14706,2524,194554,1112,275362,2638,469916,California
San Bernardino,2021-03-29,11820,743304,6140,401723,5278,326473,402,15108,7969,199093,3831,279193,8370,478286,California
San Bernardino,2021-03-30,17027,760331,9502,411225,6806,333279,719,15827,10529,203872,6459,285652,11238,489524,California
San Bernardino,2021-03-31,16640,776971,9369,420594,6629,339908,642,16469,10876,209657,5730,291382,11515,501039,California
San Bernardino,2021-04-01,19874,796845,10488,431082,7960,347868,1426,17895,12732,216713,7093,298475,14149,515188,California
San Bernardino,2021-04-02,18938,815783,9548,440630,8094,355962,1296,19191,11421,221984,7487,305962,12758,527946,California
San Bernardino,2021-04-03,11180,826963,6992,447622,3043,359005,1145,20336,6077,224113,5083,311045,7212,535158,California
San Bernardino,2021-04-04,2510,829473,1514,449136,746,359751,250,20586,1260,224381,1242,312287,1510,536668,California
San Bernardino,2021-04-05,11862,841335,5312,454448,4773,364524,1777,22363,6035,226383,5803,318090,7805,544473,California
San Bernardino,2021-04-06,19872,861207,11179,465627,6565,371089,2128,24491,10481,229637,9344,327434,12598,557071,California
San Bernardino,2021-04-07,21191,882398,11378,477005,7311,378400,2502,26993,11518,234001,9640,337074,14004,571075,California
San Bernardino,2021-04-08,22108,904506,11338,488343,8133,386533,2637,29630,12107,238763,9971,347045,14733,585808,California
San Bernardino,2021-04-09,21989,926495,11181,499524,8178,394711,2630,32260,11926,243279,10024,357069,14540,600348,California
San Bernardino,2021-04-10,15737,942232,8145,507669,3868,398579,3724,35984,7809,246892,7904,364973,11517,611865,California
San Bernardino,2021-04-11,4451,946683,2590,510259,893,399472,968,36952,2043,247494,2402,367375,3004,614869,California
San Bernardino,2021-04-12,13529,960212,6245,516504,5612,405084,1672,38624,6403,248463,7101,374476,8070,622939,California
San Bernardino,2021-04-13,19482,979694,11107,527611,8356,413440,19,38643,11190,251414,8261,382737,11212,634151,California
San Bernardino,2021-04-14,19546,999240,10446,538057,9097,422537,3,38646,11018,253948,8490,391227,11024,645175,California
San Bernardino,2021-04-15,20630,1019870,11530,549587,9094,431631,6,38652,10932,255229,9658,400885,10939,656114,California
San Bernardino,2021-04-16,18897,1038767,10704,560291,8192,439823,1,38653,9259,254898,9591,410476,9260,665374,California
San Bernardino,2021-04-17,12072,1050839,7959,568250,4113,443936,0,38653,6312,255495,5715,416191,6312,671686,California
San Bernardino,2021-04-18,3232,1054071,2306,570556,926,444862,0,38653,1390,255056,1829,418020,1390,673076,California
San Bernardino,2021-04-19,12711,1066782,6790,577346,5921,450783,0,38653,4921,252217,7765,425785,4926,678002,California
San Bernardino,2021-04-20,18281,1085063,10363,587709,7915,458698,3,38656,8264,250501,9985,435770,8269,686271,California
San Bernardino,2021-04-21,19092,1104155,11219,598928,7871,466569,2,38658,8322,248124,10704,446474,8327,694598,California
San Bernardino,2021-04-22,19665,1123820,11392,610320,8269,474838,4,38662,7965,244452,11644,458118,7972,702570,California
San Bernardino,2021-04-23,18944,1142764,10993,621313,7950,482788,1,38663,8237,242041,10651,468769,8240,710810,California
San Bernardino,2021-04-24,12861,1155625,9485,630798,3374,486162,2,38665,6909,243015,5937,474706,6911,717721,California
San Bernardino,2021-04-25,3419,1159044,2235,633033,1184,487346,0,38665,1679,242972,1724,476430,1681,719402,California
San Bernardino,2021-04-26,11360,1170404,6212,639245,5058,492404,90,38755,4830,241403,6490,482920,4921,724323,California
San Bernardino,2021-04-27,16750,1187154,10169,649414,6370,498774,211,38966,6885,238678,9821,492741,7096,731419,California
San Bernardino,2021-04-28,15092,1202246,9081,658495,5733,504507,278,39244,5464,234809,9602,502343,5733,737152,California
San Bernardino,2021-04-29,16611,1218857,9694,668189,6649,511156,268,39512,5572,229645,11001,513344,5837,742989,California
San Bernardino,2021-04-30,16871,1235728,10748,678937,5842,516998,281,39793,6266,225625,10565,523909,6545,749534,California
San Bernardino,2021-05-01,10776,1246504,8425,687362,2037,519035,314,40107,3730,222625,7040,530949,4040,753574,California
San Bernardino,2021-05-02,2945,1249449,2129,689491,685,519720,131,40238,1050,221920,1885,532834,1180,754754,California
San Bernardino,2021-05-03,10056,1259505,5784,695275,3868,523588,404,40642,2905,218089,7140,539974,3309,758063,California
San Bernardino,2021-05-04,16050,1275555,9850,705125,5743,529331,457,41099,4684,211905,11322,551296,5138,763201,California
San Bernardino,2021-05-05,15740,1291295,9202,714327,6125,535456,413,41512,4452,205526,11239,562535,4860,768061,California
San Bernardino,2021-05-06,16073,1307368,9262,723589,6397,541853,414,41926,4397,198702,11634,574169,4810,772871,California
San Bernardino,2021-05-07,15699,1323067,8870,732459,6451,548304,378,42304,4671,192775,10972,585141,5045,777916,California
San Bernardino,2021-05-08,9584,1332651,6431,738890,2886,551190,267,42571,3300,190091,6251,591392,3567,781483,California
San Bernardino,2021-05-09,2076,1334727,1374,740264,612,551802,90,42661,832,189776,1237,592629,922,782405,California
San Bernardino,2021-05-10,7679,1342406,3557,743821,3804,555606,318,42979,2366,187191,5266,597895,2681,785086,California
San Bernardino,2021-05-11,12592,1354998,7082,750903,5151,560757,359,43338,4035,183073,8513,606408,4395,789481,California
San Bernardino,2021-05-12,12829,1367827,7025,757928,5489,566246,315,43653,3651,177909,9129,615537,3965,793446,California
San Bernardino,2021-05-13,13486,1381313,8189,766117,4946,571192,351,44004,5274,175361,8166,623703,5618,799064,California
San Bernardino,2021-05-14,13974,1395287,9345,775462,4291,575483,338,44342,5800,173379,8120,631823,6138,805202,California
San Bernardino,2021-05-15,11415,1406702,8501,783963,2726,578209,188,44530,4641,171460,6742,638565,4823,810025,California
San Bernardino,2021-05-16,3110,1409812,2371,786334,677,578886,62,44592,1550,171531,1541,640106,1612,811637,California
San Bernardino,2021-05-17,10087,1419899,6806,793140,2988,581874,293,44885,4490,170748,5562,645668,4779,816416,California
San Bernardino,2021-05-18,13768,1433667,9152,802292,4368,586242,248,45133,6174,169599,7567,653235,6418,822834,California
San Bernardino,2021-05-19,11545,1445212,7221,809513,3944,590186,380,45513,5209,168882,6301,659536,5584,828418,California
San Bernardino,2021-05-20,11613,1456825,6952,816465,4344,594530,317,45830,5023,167674,6548,666084,5340,833758,California
San Bernardino,2021-05-21,12606,1469431,8345,824810,3879,598409,382,46212,5339,166178,7213,673297,5717,839475,California
San Bernardino,2021-05-22,8919,1478350,6684,831494,2027,600436,208,46420,4265,166041,4606,677903,4469,843944,California
San Bernardino,2021-05-23,2431,1480781,1545,833039,794,601230,92,46512,1126,165964,1294,679197,1217,845161,California
San Bernardino,2021-05-24,6964,1487745,4460,837499,2199,603429,305,46817,3087,165534,3821,683018,3391,848552,California
San Bernardino,2021-05-25,9326,1497071,5720,843219,3351,606780,255,47072,4098,164692,5192,688210,4350,852902,California
San Bernardino,2021-05-26,8232,1505303,5230,848449,2753,609533,249,47321,3729,164204,4460,692670,3972,856874,California
San Bernardino,2021-05-27,7657,1512960,4658,853107,2762,612295,237,47558,3443,163710,4174,696844,3680,860554,California
San Bernardino,2021-05-28,8799,1521759,5465,858572,3054,615349,280,47838,4359,163952,4394,701238,4636,865190,California
San Bernardino,2021-05-29,5044,1526803,3362,861934,1563,616912,119,47957,2552,164149,2473,703711,2670,867860,California
San Bernardino,2021-05-30,1745,1528548,1235,863169,431,617343,79,48036,848,164185,890,704601,926,868786,California
San Bernardino,2021-05-31,892,1529440,566,863735,310,617653,16,48052,315,163945,572,705173,332,869118,California
San Bernardino,2021-06-01,8644,1538084,5554,869289,2844,620497,246,48298,3361,162323,5226,710399,3604,872722,California
San Bernardino,2021-06-02,6837,1544921,4300,873589,2296,622793,241,48539,2881,161518,3923,714322,3118,875840,California
San Bernardino,2021-06-03,7960,1552881,5369,878958,2392,625185,199,48738,2699,159179,5237,719559,2898,878738,California
San Bernardino,2021-06-04,9118,1561999,6161,885119,2666,627851,291,49029,3129,156657,5941,725500,3419,882157,California
San Bernardino,2021-06-05,6546,1568545,4999,890118,1421,629272,126,49155,2247,154751,4276,729776,2370,884527,California
San Bernardino,2021-06-06,2025,1570570,1686,891804,275,629547,64,49219,665,154129,1351,731127,729,885256,California
San Bernardino,2021-06-07,6280,1576850,4883,896687,1183,630730,214,49433,1957,151998,4300,735427,2169,887425,California
San Bernardino,2021-06-08,8406,1585256,6105,902792,2086,632816,215,49648,2594,149054,5748,741175,2804,890229,California
San Bernardino,2021-06-09,6968,1592224,4958,907750,1827,634643,183,49831,2249,146817,4670,745845,2433,892662,California
San Bernardino,2021-06-10,7060,1599284,4992,912742,1868,636511,200,50031,2213,144429,4800,750645,2412,895074,California
San Bernardino,2021-06-11,8042,1607326,5629,918371,2186,638697,227,50258,2905,142469,5090,755735,3130,898204,California
San Bernardino,2021-06-12,5884,1613210,4635,923006,1128,639825,121,50379,1712,140154,4150,759885,1835,900039,California
San Bernardino,2021-06-13,1483,1614693,1053,924059,359,640184,71,50450,401,139547,1078,760963,471,900510,California
San Bernardino,2021-06-14,4911,1619604,3539,927598,1152,641336,220,50670,1788,138458,3095,764058,2006,902516,California
San Bernardino,2021-06-15,7145,1626749,5054,932652,1847,643183,244,50914,2543,136689,4551,768609,2782,905298,California
San Bernardino,2021-06-16,6336,1633085,4516,937168,1609,644792,211,51125,2323,135258,3966,772575,2535,907833,California
San Bernardino,2021-06-17,5626,1638711,3955,941123,1511,646303,160,51285,2191,134210,3398,775973,2350,910183,California
San Bernardino,2021-06-18,6869,1645580,4615,945738,2016,648319,238,51523,2585,132784,4247,780220,2821,913004,California
San Bernardino,2021-06-19,4054,1649634,3030,948768,895,649214,129,51652,1746,132373,2284,782504,1873,914877,California
San Bernardino,2021-06-20,1463,1651097,1124,949892,279,649493,60,51712,585,132147,871,783375,645,915522,California
San Bernardino,2021-06-21,3557,1654654,2304,952196,1028,650521,225,51937,1992,132815,1547,784922,2215,917737,California
San Bernardino,2021-06-22,5656,1660310,3860,956056,1583,652104,213,52150,2270,131943,3357,788279,2485,920222,California
San Bernardino,2021-06-23,4992,1665302,3550,959606,1256,653360,186,52336,2098,131356,2867,791146,2280,922502,California
San Bernardino,2021-06-24,4747,1670049,3292,962898,1254,654614,201,52537,2025,130885,2692,793838,2221,924723,California
San Bernardino,2021-06-25,5522,1675571,3949,966847,1382,655996,191,52728,2409,130394,3089,796927,2598,927321,California
San Bernardino,2021-06-26,2367,1677938,1924,968771,400,656396,43,52771,1013,130108,1341,798268,1055,928376,California
San Diego,2020-12-15,119,119,119,119,0,0,0,0,119,119,0,0,119,119,California
San Diego,2020-12-16,1074,1193,1074,1193,0,0,0,0,1074,1193,0,0,1074,1193,California
San Diego,2020-12-17,2324,3517,2324,3517,0,0,0,0,2324,3517,0,0,2324,3517,California
San Diego,2020-12-18,3606,7123,3605,7122,1,1,0,0,3606,7123,0,0,3606,7123,California
San Diego,2020-12-19,2268,9391,2268,9390,0,1,0,0,2268,9391,0,0,2268,9391,California
San Diego,2020-12-20,1149,10540,1148,10538,1,2,0,0,1149,10540,0,0,1149,10540,California
San Diego,2020-12-21,3458,13998,3456,13994,2,4,0,0,3458,13998,0,0,3458,13998,California
San Diego,2020-12-22,4017,18015,3381,17375,636,640,0,0,4017,18015,0,0,4017,18015,California
San Diego,2020-12-23,3157,21172,1957,19332,1200,1840,0,0,3157,21172,0,0,3157,21172,California
San Diego,2020-12-24,2703,23875,2189,21521,514,2354,0,0,2703,23875,0,0,2703,23875,California
San Diego,2020-12-25,857,24732,856,22377,1,2355,0,0,857,24732,0,0,857,24732,California
San Diego,2020-12-26,3198,27930,2128,24505,1070,3425,0,0,3198,27930,0,0,3198,27930,California
San Diego,2020-12-27,2479,30409,1594,26099,885,4310,0,0,2478,30407,1,1,2478,30408,California
San Diego,2020-12-28,5829,36238,4156,30255,1673,5983,0,0,5829,36236,0,1,5829,36237,California
San Diego,2020-12-29,5494,41732,2941,33196,2553,8536,0,0,5494,41730,0,1,5494,41731,California
San Diego,2020-12-30,5846,47578,3047,36243,2799,11335,0,0,5846,47576,0,1,5846,47577,California
San Diego,2020-12-31,2964,50542,1025,37268,1939,13274,0,0,2964,50540,0,1,2964,50541,California
San Diego,2021-01-01,992,51534,442,37710,550,13824,0,0,992,51532,0,1,992,51533,California
San Diego,2021-01-02,3666,55200,1287,38997,2379,16203,0,0,3666,55198,0,1,3666,55199,California
San Diego,2021-01-03,833,56033,621,39618,212,16415,0,0,832,56030,0,1,832,56031,California
San Diego,2021-01-04,3640,59673,2018,41636,1622,18037,0,0,3634,59664,0,1,3634,59665,California
San Diego,2021-01-05,4294,63967,2142,43778,2152,20189,0,0,3711,62807,580,581,3723,63388,California
San Diego,2021-01-06,4831,68798,2246,46024,2585,22774,0,0,3636,65273,1174,1755,3640,67028,California
San Diego,2021-01-07,5545,74343,2929,48953,2616,25390,0,0,3431,66603,2109,3864,3439,70467,California
San Diego,2021-01-08,7791,82134,4887,53840,2904,28294,0,0,4057,66959,3718,7582,4074,74541,California
San Diego,2021-01-09,3416,85550,1906,55746,1510,29804,0,0,1892,67348,1514,9096,1903,76444,California
San Diego,2021-01-10,1845,87395,1276,57022,569,30373,0,0,756,67037,1077,10173,766,77210,California
San Diego,2021-01-11,10189,97584,5792,62814,4397,34770,0,0,6704,70281,3478,13651,6722,83932,California
San Diego,2021-01-12,10995,108579,5254,68068,5741,40511,0,0,7653,74711,3333,16984,7763,91695,California
San Diego,2021-01-13,11289,119868,4987,73055,6302,46813,0,0,8772,81003,2506,19490,8798,100493,California
San Diego,2021-01-14,11953,131821,4512,77567,7441,54254,0,0,9830,88752,2116,21606,9865,110358,California
San Diego,2021-01-15,14784,146605,5231,82798,9553,63807,0,0,12186,98415,2580,24186,12243,122601,California
San Diego,2021-01-16,10530,157135,3549,86347,6981,70788,0,0,9099,106119,1427,25613,9131,131732,California
San Diego,2021-01-17,8469,165604,2430,88777,6039,76827,0,0,7643,112955,826,26439,7662,139394,California
San Diego,2021-01-18,12657,178261,6216,94993,6441,83268,0,0,9848,120089,2778,29217,9912,149306,California
San Diego,2021-01-19,14407,192668,5627,100620,8780,92048,0,0,11313,128580,3085,32302,11576,160882,California
San Diego,2021-01-20,18064,210732,6327,106947,11737,103785,0,0,14767,140253,3277,35579,14950,175832,California
San Diego,2021-01-21,17025,227757,5740,112687,11285,115070,0,0,15658,154698,1358,36937,15803,191635,California
San Diego,2021-01-22,17194,244951,4576,117263,12618,127688,0,0,15197,167997,1984,38921,15283,206918,California
San Diego,2021-01-23,14058,259009,5201,122464,8857,136545,0,0,11796,177604,2251,41172,11858,218776,California
San Diego,2021-01-24,11568,270577,3248,125712,8320,144865,0,0,10606,187293,960,42132,10649,229425,California
San Diego,2021-01-25,11975,282552,5664,131376,6311,151176,0,0,9002,193488,2964,45096,9159,238584,California
San Diego,2021-01-26,14953,297505,7813,139189,7140,158316,0,0,11570,201868,3381,48477,11761,250345,California
San Diego,2021-01-27,20157,317662,7829,147018,12328,170644,0,0,17170,216206,2978,51455,17316,267661,California
San Diego,2021-01-28,20891,338553,7588,154606,13303,183947,0,0,18647,232708,2233,53688,18735,286396,California
San Diego,2021-01-29,19236,357789,6328,160934,12908,196855,0,0,16805,247144,2421,56109,16857,303253,California
San Diego,2021-01-30,15450,373239,3530,164464,11920,208775,0,0,12811,257428,2630,58739,12914,316167,California
San Diego,2021-01-31,14493,387732,5703,170167,8790,217565,0,0,14146,271263,343,59082,14178,330345,California
San Diego,2021-02-01,20479,408211,7493,177660,12986,230551,0,0,16991,284855,3475,62557,17067,347412,California
San Diego,2021-02-02,22484,430695,8281,185941,14203,244754,0,0,19253,301047,3223,65780,19415,366827,California
San Diego,2021-02-03,27207,457902,11699,197640,15508,260262,0,0,22982,320007,4206,69986,23166,389993,California
San Diego,2021-02-04,23805,481707,9805,207445,14000,274262,0,0,19256,335008,4534,74520,19535,409528,California
San Diego,2021-02-05,24231,505938,8594,216039,15637,289899,0,0,17820,346896,6386,80906,18274,427802,California
San Diego,2021-02-06,20390,526328,8443,224482,11947,301846,0,0,17180,361090,3207,84113,17401,445203,California
San Diego,2021-02-07,11901,538229,5311,229793,6590,308436,0,0,10053,369557,1838,85951,10305,455508,California
San Diego,2021-02-08,19787,558016,8418,238211,11369,319805,0,0,12426,375307,7350,93301,13100,468608,California
San Diego,2021-02-09,20138,578154,8236,246447,11902,331707,0,0,12967,382177,7150,100451,14020,482628,California
San Diego,2021-02-10,22606,600760,9264,255711,13342,345049,0,0,13630,388231,8925,109376,14979,497607,California
San Diego,2021-02-11,23461,624221,10078,265789,13383,358432,0,0,12553,391562,10882,120258,14213,511820,California
San Diego,2021-02-12,23257,647478,7275,273064,15982,374414,0,0,11537,393642,11702,131960,13782,525602,California
San Diego,2021-02-13,19728,667206,8950,282014,10778,385192,0,0,10735,396556,8986,140946,11900,537502,California
San Diego,2021-02-14,11017,678223,7325,289339,3692,388884,0,0,6130,399294,4883,145829,7621,545123,California
San Diego,2021-02-15,14966,693189,7560,296899,7406,396290,0,0,7583,402554,7361,153190,10621,555744,California
San Diego,2021-02-16,18984,712173,11079,307978,7905,404195,0,0,9031,404578,9942,163132,11966,567710,California
San Diego,2021-02-17,22955,735128,10729,318707,12226,416421,0,0,7849,400326,15093,178225,10841,578551,California
San Diego,2021-02-18,23265,758393,11898,330605,11367,427788,0,0,7628,396348,15626,193851,11648,590199,California
San Diego,2021-02-19,15616,774009,10850,341455,4766,432554,0,0,6361,395404,9236,203087,8292,598491,California
San Diego,2021-02-20,10001,784010,6241,347696,3760,436314,0,0,5619,398510,4380,207467,7486,605977,California
San Diego,2021-02-21,11416,795426,10012,357708,1404,437718,0,0,5027,398641,6384,213851,6515,612492,California
San Diego,2021-02-22,12199,807625,10400,368108,1799,439517,0,0,5582,399226,6612,220463,7197,619689,California
San Diego,2021-02-23,25202,832827,14094,382202,11108,450625,0,0,9223,398295,15969,236432,15038,634727,California
San Diego,2021-02-24,28452,861279,12581,394783,15871,466496,0,0,6624,390432,21808,258240,13945,648672,California
San Diego,2021-02-25,32495,893774,14407,409190,18088,484584,0,0,9784,385815,22689,280929,18072,666744,California
San Diego,2021-02-26,32676,926450,12128,421318,20548,505132,0,0,11671,383511,20974,301903,18670,685414,California
San Diego,2021-02-27,20705,947155,9358,430676,11347,516479,0,0,11096,389171,9603,311506,15263,700677,California
San Diego,2021-02-28,14913,962068,9748,440424,5165,521644,0,0,9252,395483,5660,317166,11972,712649,California
San Diego,2021-03-01,23893,985961,14075,454499,9817,531461,1,1,14496,404458,9317,326483,18292,730941,California
San Diego,2021-03-02,25794,1011755,13889,468388,11905,543366,0,1,12551,410381,13231,339714,19154,750095,California
San Diego,2021-03-03,33515,1045270,15772,484160,17740,561106,3,4,13824,411375,19666,359380,20660,770755,California
San Diego,2021-03-04,27840,1073110,13880,498040,13960,575066,0,4,12388,414969,15431,374811,19025,789780,California
San Diego,2021-03-05,28466,1101576,14662,512702,13724,588790,80,84,13294,419774,15144,389955,19949,809729,California
San Diego,2021-03-06,23034,1124610,9405,522107,12932,601722,697,781,10166,422375,12854,402809,15455,825184,California
San Diego,2021-03-07,17926,1142536,9127,531234,8231,609953,568,1349,6810,422214,11104,413913,10943,836127,California
San Diego,2021-03-08,22704,1165240,11041,542275,10757,620710,906,2255,11266,427728,11417,425330,16931,853058,California
San Diego,2021-03-09,25417,1190657,11701,553976,11965,632675,1751,4006,9950,427837,15450,440780,15559,868617,California
San Diego,2021-03-10,25074,1215731,10506,564482,12184,644859,2384,6390,9917,428979,15141,455921,16283,884900,California
San Diego,2021-03-11,28070,1243801,10782,575264,13768,658627,3520,9910,9781,427908,18264,474185,17193,902093,California
San Diego,2021-03-12,26861,1270662,9404,584668,14362,672989,3095,13005,9826,427412,17022,491207,16526,918619,California
San Diego,2021-03-13,25875,1296537,7193,591861,16924,689913,1758,14763,10009,427406,15861,507068,15855,934474,California
San Diego,2021-03-14,13679,1310216,5406,597267,7539,697452,734,15497,4761,426257,8909,515977,7760,942234,California
San Diego,2021-03-15,21758,1331974,10026,607293,10950,708402,782,16279,8957,426250,12783,528760,12776,955010,California
San Diego,2021-03-16,29532,1361506,15473,622766,13647,722049,412,16691,15594,431304,13914,542674,18968,973978,California
San Diego,2021-03-17,26086,1387592,12134,634900,13235,735284,717,17408,16668,441311,9401,552075,19408,993386,California
San Diego,2021-03-18,31102,1418694,17496,652396,12687,747971,919,18327,16938,446529,14129,566204,19347,1012733,California
San Diego,2021-03-19,30079,1448773,14255,666651,14773,762744,1051,19378,19276,457256,10783,576987,21510,1034243,California
San Diego,2021-03-20,27572,1476345,8392,675043,17406,780150,1774,21152,21274,475096,6287,583274,24127,1058370,California
San Diego,2021-03-21,16255,1492600,11856,686899,3704,783854,695,21847,7636,476134,8605,591879,9643,1068013,California
San Diego,2021-03-22,22382,1514982,13050,699949,9046,792900,286,22133,14259,485317,8109,599988,17292,1085305,California
San Diego,2021-03-23,25700,1540682,13472,713421,11942,804842,286,22419,17020,495977,8666,608654,19326,1104631,California
San Diego,2021-03-24,29271,1569953,19562,732983,9320,814162,389,22808,16976,503078,12282,620936,19383,1124014,California
San Diego,2021-03-25,30109,1600062,18127,751110,11300,825462,682,23490,17875,511519,12213,633149,20654,1144668,California
San Diego,2021-03-26,31824,1631886,17796,768906,13513,838975,515,24005,17376,517782,14423,647572,20686,1165354,California
San Diego,2021-03-27,25352,1657238,11037,779943,13935,852910,380,24385,15606,526283,9728,657300,18229,1183583,California
San Diego,2021-03-28,14983,1672221,9178,789121,5747,858657,58,24443,9231,531291,5745,663045,10753,1194336,California
San Diego,2021-03-29,26559,1698780,12826,801947,13103,871760,630,25073,16351,540505,10197,673242,19411,1213747,California
San Diego,2021-03-30,33046,1731826,17792,819739,14464,886224,790,25863,21885,553847,11148,684390,24490,1238237,California
San Diego,2021-03-31,30268,1762094,18672,838411,10888,897112,708,26571,20527,566463,9722,694112,22338,1260575,California
San Diego,2021-04-01,34104,1796198,19907,858318,12720,909832,1477,28048,23111,581393,10971,705083,25901,1286476,California
San Diego,2021-04-02,35589,1831787,20593,878911,12220,922052,2776,30824,23992,598011,11577,716660,28195,1314671,California
San Diego,2021-04-03,30718,1862505,14401,893312,11703,933755,4614,35438,19578,612272,11125,727785,25386,1340057,California
San Diego,2021-04-04,8985,1871490,5158,898470,2908,936663,919,36357,4776,613939,4203,731988,5870,1345927,California
San Diego,2021-04-05,29603,1901093,15323,913793,11595,948258,2685,39042,19212,627928,10374,742362,24363,1370290,California
San Diego,2021-04-06,38517,1939610,20271,934064,12349,960607,5897,44939,22145,641722,16352,758714,30146,1400436,California
San Diego,2021-04-07,35608,1975218,21852,955916,9209,969816,4547,49486,20155,652198,15428,774142,25904,1426340,California
San Diego,2021-04-08,34981,2010199,21241,977157,9611,979427,4129,53615,21127,666178,13833,787975,27813,1454153,California
San Diego,2021-04-09,38110,2048309,22736,999893,10218,989645,5156,58771,20578,677734,17469,805444,29025,1483178,California
San Diego,2021-04-10,28945,2077254,11704,1011597,13251,1002896,3990,62761,14925,685650,14009,819453,21925,1505103,California
San Diego,2021-04-11,16134,2093388,9980,1021577,3859,1006755,2295,65056,7136,689084,8993,828446,12427,1517530,California
San Diego,2021-04-12,30608,2123996,12837,1034414,13497,1020252,4274,69330,16982,700388,13610,842056,24914,1542444,California
San Diego,2021-04-13,36890,2160886,17681,1052095,19174,1039426,35,69365,24463,715304,12406,854462,27322,1569766,California
San Diego,2021-04-14,32828,2193714,18807,1070902,14008,1053434,13,69378,17663,722150,15151,869613,21997,1591763,California
San Diego,2021-04-15,39253,2232967,20334,1091236,18913,1072347,6,69384,23747,733277,15481,885094,26608,1618371,California
San Diego,2021-04-16,33560,2266527,18455,1109691,15102,1087449,3,69387,19378,740909,14123,899217,21755,1640126,California
San Diego,2021-04-17,27846,2294373,13523,1123214,14323,1101772,0,69387,12297,740809,15455,914672,15355,1655481,California
San Diego,2021-04-18,14627,2309000,9083,1132297,5541,1107313,3,69390,6781,742713,7833,922505,9737,1665218,California
San Diego,2021-04-19,26551,2335551,13568,1145865,12982,1120295,1,69391,12449,742799,14083,936588,14169,1679387,California
San Diego,2021-04-20,39603,2375154,18389,1164254,21212,1141507,2,69393,20192,746558,19388,955976,23147,1702534,California
San Diego,2021-04-21,36381,2411535,21991,1186245,14390,1155897,0,69393,17775,748822,18566,974542,20830,1723364,California
San Diego,2021-04-22,44910,2456445,23292,1209537,21614,1177511,4,69397,22437,751871,22432,996974,25481,1748845,California
San Diego,2021-04-23,42694,2499139,26505,1236042,16187,1193698,2,69399,15963,744323,26696,1023670,19148,1767993,California
San Diego,2021-04-24,34894,2534033,18889,1254931,15990,1209688,15,69414,15561,743778,19295,1042965,18750,1786743,California
San Diego,2021-04-25,12631,2546664,7667,1262598,4964,1214652,0,69414,5888,744295,6731,1049696,7248,1793991,California
San Diego,2021-04-26,33408,2580072,16789,1279387,16480,1231132,139,69553,11705,738856,21680,1071376,16241,1810232,California
San Diego,2021-04-27,44784,2624856,24657,1304044,19573,1250705,554,70107,19744,737217,24996,1096372,23357,1833589,California
San Diego,2021-04-28,38464,2663320,22813,1326857,14976,1265681,675,70782,17423,736561,20999,1117371,20343,1853932,California
San Diego,2021-04-29,38297,2701617,24446,1351303,13194,1278875,657,71439,15561,731787,22698,1140069,17924,1871856,California
San Diego,2021-04-30,38254,2739871,23234,1374537,13939,1292814,1081,72520,15036,726572,23178,1163247,17963,1889819,California
San Diego,2021-05-01,24206,2764077,10666,1385203,12902,1305716,638,73158,9501,724170,14696,1177943,12294,1902113,California
San Diego,2021-05-02,10603,2774680,7427,1392630,2594,1308310,582,73740,3226,720937,7373,1185316,4140,1906253,California
San Diego,2021-05-03,25183,2799863,12378,1405008,11655,1319965,1150,74890,9248,716241,15912,1201228,11216,1917469,California
San Diego,2021-05-04,32030,2831893,17818,1422826,12933,1332898,1279,76169,11561,709736,20441,1221669,13936,1931405,California
San Diego,2021-05-05,27973,2859866,17223,1440049,9471,1342369,1279,77448,10654,705326,17296,1238965,12886,1944291,California
San Diego,2021-05-06,28521,2888387,18955,1459004,8654,1351023,912,78360,10764,701721,17727,1256692,14122,1958413,California
San Diego,2021-05-07,29708,2918095,19456,1478460,9212,1360235,1040,79400,11015,696334,18658,1275350,13271,1971684,California
San Diego,2021-05-08,23088,2941183,11101,1489561,11244,1371479,743,80143,7253,689957,15808,1291158,9431,1981115,California
San Diego,2021-05-09,7521,2948704,5663,1495224,1452,1372931,406,80549,2572,688413,4943,1296101,3399,1984514,California
San Diego,2021-05-10,21749,2970453,8650,1503874,12279,1385210,820,81369,5869,680532,15850,1311951,7969,1992483,California
San Diego,2021-05-11,28777,2999230,12213,1516087,15747,1400957,817,82186,10091,674506,18657,1330608,12631,2005114,California
San Diego,2021-05-12,23086,3022316,12627,1528714,9587,1410544,872,83058,8309,670067,14749,1345357,10310,2015424,California
San Diego,2021-05-13,31416,3053732,19052,1547766,11725,1422269,639,83697,13013,667966,18345,1363702,16244,2031668,California
San Diego,2021-05-14,30841,3084573,19783,1567549,10221,1432490,837,84534,13972,668027,16828,1380530,16889,2048557,California
San Diego,2021-05-15,26111,3110684,16420,1583969,8869,1441359,822,85356,10771,665305,15284,1395814,12562,2061119,California
San Diego,2021-05-16,13535,3124219,10201,1594170,2772,1444131,562,85918,6692,666121,6830,1402644,7646,2068765,California
San Diego,2021-05-17,21344,3145563,12929,1607099,7671,1451802,744,86662,8802,664035,12504,1415148,10418,2079183,California
San Diego,2021-05-18,34202,3179765,19374,1626473,13965,1465767,863,87525,13258,658678,20911,1436059,15554,2094737,California
San Diego,2021-05-19,28361,3208126,17786,1644259,9795,1475562,780,88305,11942,656136,16387,1452446,13845,2108582,California
San Diego,2021-05-20,34757,3242883,19212,1663471,14727,1490289,818,89123,11636,647047,23089,1475535,14000,2122582,California
San Diego,2021-05-21,26974,3269857,17135,1680606,8852,1499141,987,90110,10820,643971,16122,1491657,13046,2135628,California
San Diego,2021-05-22,21493,3291350,12382,1692988,7865,1507006,1246,91356,8968,642803,12502,1504159,11334,2146962,California
San Diego,2021-05-23,7328,3298678,5225,1698213,1795,1508801,308,91664,3457,643104,3847,1508006,4148,2151110,California
San Diego,2021-05-24,17822,3316500,9096,1707309,6818,1515619,1908,93572,6392,640852,11412,1519418,9160,2160270,California
San Diego,2021-05-25,24196,3340696,13089,1720398,9268,1524887,1839,95411,8426,636535,15741,1535159,11424,2171694,California
San Diego,2021-05-26,19115,3359811,10592,1730990,6514,1531401,2009,97420,6573,633468,12511,1547670,9444,2181138,California
San Diego,2021-05-27,20609,3380420,11942,1742932,6276,1537677,2391,99811,6923,630222,13666,1561336,10420,2191558,California
San Diego,2021-05-28,21245,3401665,13183,1756115,7354,1545031,708,100519,8351,627546,12874,1574210,10198,2201756,California
San Diego,2021-05-29,11968,3413633,7562,1763677,3917,1548948,489,101008,5140,626874,6815,1581025,6143,2207899,California
San Diego,2021-05-30,4668,3418301,3189,1766866,1101,1550049,378,101386,2002,626823,2660,1583685,2609,2210508,California
San Diego,2021-05-31,2586,3420887,1744,1768610,671,1550720,171,101557,849,626239,1730,1585415,1146,2211654,California
San Diego,2021-06-01,21238,3442125,11314,1779924,8295,1559015,1629,103186,5741,619076,15471,1600886,8308,2219962,California
San Diego,2021-06-02,16999,3459124,8745,1788669,6181,1565196,2073,105259,5420,615736,11553,1612439,8213,2228175,California
San Diego,2021-06-03,19179,3478303,11986,1800655,5394,1570590,1799,107058,5167,609752,13991,1626430,8007,2236182,California
San Diego,2021-06-04,19792,3498095,13821,1814476,5356,1575946,615,107673,5724,603947,14038,1640468,8233,2244415,California
San Diego,2021-06-05,15741,3513836,11965,1826441,2994,1578940,782,108455,4459,598894,11265,1651733,6212,2250627,California
San Diego,2021-06-06,5584,3519420,4515,1830956,758,1579698,311,108766,1597,597632,3976,1655709,2714,2253341,California
San Diego,2021-06-07,12759,3532179,8007,1838963,3403,1583101,1349,110115,3551,594082,9190,1664899,5640,2258981,California
San Diego,2021-06-08,20452,3552631,14448,1853411,4118,1587219,1886,112001,4993,586566,15446,1680345,7930,2266911,California
San Diego,2021-06-09,17018,3569649,11331,1864742,3738,1590957,1949,113950,4369,581206,12634,1692979,7274,2274185,California
San Diego,2021-06-10,17851,3587500,11845,1876587,3929,1594886,2077,116027,4384,575303,13440,1706419,7537,2281722,California
San Diego,2021-06-11,15773,3603273,10049,1886636,4377,1599263,1347,117374,4321,570473,11422,1717841,6592,2288314,California
San Diego,2021-06-12,10977,3614250,8412,1895048,2143,1601406,422,117796,3171,566913,7787,1725628,4227,2292541,California
San Diego,2021-06-13,4148,3618398,3101,1898149,842,1602248,205,118001,1018,565407,3124,1728752,1618,2294159,California
San Diego,2021-06-14,12611,3631009,7566,1905715,2854,1605102,2191,120192,3574,562802,9023,1737775,6418,2300577,California
San Diego,2021-06-15,17885,3648894,10240,1915955,4210,1609312,3435,123627,4731,558739,13144,1750919,9081,2309658,California
San Diego,2021-06-16,13953,3662847,8866,1924821,2772,1612084,2315,125942,4470,556840,9469,1760388,7570,2317228,California
San Diego,2021-06-17,14696,3677543,8442,1933263,3418,1615502,2836,128778,4146,553935,10538,1770926,7633,2324861,California
San Diego,2021-06-18,14121,3691664,8732,1941995,3564,1619066,1825,130603,4424,551291,9687,1780613,7043,2331904,California
San Diego,2021-06-19,7533,3699197,5560,1947555,1513,1620579,460,131063,2761,550288,4752,1785365,3749,2335653,California
San Diego,2021-06-20,3101,3702298,2251,1949806,650,1621229,200,131263,1155,549919,1941,1787306,1572,2337225,California
San Diego,2021-06-21,9111,3711409,5147,1954953,2425,1623654,1539,132802,3898,550689,5206,1792512,5976,2343201,California
San Diego,2021-06-22,11275,3722684,7547,1962500,2581,1626235,1147,133949,4442,550135,6827,1799339,6273,2349474,California
San Diego,2021-06-23,10745,3733429,7029,1969529,2289,1628524,1427,135376,4415,550294,6320,1805659,6479,2355953,California
San Diego,2021-06-24,9901,3743330,6438,1975967,2711,1631235,752,136128,3985,549728,5910,1811569,5344,2361297,California
San Diego,2021-06-25,10250,3753580,7162,1983129,2509,1633744,579,136707,3965,548601,6277,1817846,5150,2366447,California
San Diego,2021-06-26,3238,3756818,2614,1985743,357,1634101,267,136974,1273,548408,1963,1819809,1770,2368217,California
San Francisco,2020-12-15,6,6,6,6,0,0,0,0,6,6,0,0,6,6,California
San Francisco,2020-12-16,232,238,232,238,0,0,0,0,232,238,0,0,232,238,California
San Francisco,2020-12-17,414,652,414,652,0,0,0,0,414,652,0,0,414,652,California
San Francisco,2020-12-18,907,1559,906,1558,1,1,0,0,907,1559,0,0,907,1559,California
San Francisco,2020-12-19,605,2164,605,2163,0,1,0,0,605,2164,0,0,605,2164,California
San Francisco,2020-12-20,481,2645,481,2644,0,1,0,0,481,2645,0,0,481,2645,California
San Francisco,2020-12-21,1162,3807,1162,3806,0,1,0,0,1162,3807,0,0,1162,3807,California
San Francisco,2020-12-22,1396,5203,1362,5168,34,35,0,0,1396,5203,0,0,1396,5203,California
San Francisco,2020-12-23,1351,6554,1053,6221,298,333,0,0,1351,6554,0,0,1351,6554,California
San Francisco,2020-12-24,843,7397,505,6726,338,671,0,0,843,7397,0,0,843,7397,California
San Francisco,2020-12-25,37,7434,31,6757,6,677,0,0,37,7434,0,0,37,7434,California
San Francisco,2020-12-26,248,7682,153,6910,95,772,0,0,248,7682,0,0,248,7682,California
San Francisco,2020-12-27,274,7956,60,6970,214,986,0,0,274,7956,0,0,274,7956,California
San Francisco,2020-12-28,1278,9234,692,7662,586,1572,0,0,1278,9234,0,0,1278,9234,California
San Francisco,2020-12-29,1262,10496,632,8294,630,2202,0,0,1262,10496,0,0,1262,10496,California
San Francisco,2020-12-30,1487,11983,781,9075,706,2908,0,0,1487,11983,0,0,1487,11983,California
San Francisco,2020-12-31,977,12960,415,9490,562,3470,0,0,976,12959,0,0,976,12959,California
San Francisco,2021-01-01,104,13064,77,9567,27,3497,0,0,104,13063,0,0,104,13063,California
San Francisco,2021-01-02,336,13400,301,9868,35,3532,0,0,336,13399,0,0,336,13399,California
San Francisco,2021-01-03,299,13699,105,9973,194,3726,0,0,298,13696,1,1,298,13697,California
San Francisco,2021-01-04,1844,15543,1357,11330,487,4213,0,0,1841,15534,3,4,1841,15538,California
San Francisco,2021-01-05,2241,17784,1422,12752,819,5032,0,0,2202,17699,39,43,2204,17742,California
San Francisco,2021-01-06,1875,19659,1162,13914,713,5745,0,0,1606,19039,267,310,1607,19349,California
San Francisco,2021-01-07,2075,21734,1210,15124,865,6610,0,0,1601,20169,471,781,1601,20950,California
San Francisco,2021-01-08,2335,24069,1643,16767,692,7302,0,0,1474,20787,856,1637,1474,22424,California
San Francisco,2021-01-09,1396,25465,899,17666,497,7799,0,0,887,21167,509,2146,889,23313,California
San Francisco,2021-01-10,919,26384,541,18207,378,8177,0,0,460,21169,458,2604,460,23773,California
San Francisco,2021-01-11,2512,28896,1871,20078,641,8818,0,0,1407,21470,1106,3710,1407,25180,California
San Francisco,2021-01-12,3095,31991,2060,22138,1035,9853,0,0,1900,22178,1194,4904,1902,27082,California
San Francisco,2021-01-13,2844,34835,1613,23751,1231,11084,0,0,2006,23346,838,5742,2006,29088,California
San Francisco,2021-01-14,2459,37294,1109,24860,1350,12434,0,0,1893,24673,566,6308,1893,30981,California
San Francisco,2021-01-15,2772,40066,1162,26022,1610,14044,0,0,2369,26643,401,6709,2371,33352,California
San Francisco,2021-01-16,2271,42337,971,26993,1300,15344,0,0,2102,28578,169,6878,2104,35456,California
San Francisco,2021-01-17,1945,44282,540,27533,1405,16749,0,0,1725,30083,220,7098,1725,37181,California
San Francisco,2021-01-18,1389,45671,603,28136,786,17535,0,0,1119,30934,269,7367,1120,38301,California
San Francisco,2021-01-19,2601,48272,1482,29618,1119,18654,0,0,1845,32023,756,8123,1845,40146,California
San Francisco,2021-01-20,2778,51050,1131,30749,1647,20301,0,0,2019,33287,756,8879,2020,42166,California
San Francisco,2021-01-21,3357,54407,951,31700,2406,22707,0,0,2518,34967,838,9717,2518,44684,California
San Francisco,2021-01-22,3227,57634,657,32357,2570,25277,0,0,2779,37300,446,10163,2779,47463,California
San Francisco,2021-01-23,3117,60751,611,32968,2506,27783,0,0,2748,39681,368,10531,2749,50212,California
San Francisco,2021-01-24,2433,63184,363,33331,2070,29853,0,0,2199,41650,230,10761,2199,52411,California
San Francisco,2021-01-25,4646,67830,1836,35167,2810,32663,0,0,3055,43118,1588,12349,3056,55467,California
San Francisco,2021-01-26,4757,72587,2182,37349,2575,35238,0,0,3107,44580,1647,13996,3109,58576,California
San Francisco,2021-01-27,4382,76969,1983,39332,2399,37637,0,0,3073,46346,1307,15303,3073,61649,California
San Francisco,2021-01-28,3801,80770,1580,40912,2221,39858,0,0,2629,47811,1165,16468,2630,64279,California
San Francisco,2021-01-29,4770,85540,1697,42609,3073,42931,0,0,3475,49998,1288,17756,3475,67754,California
San Francisco,2021-01-30,3811,89351,1847,44456,1964,44895,0,0,3350,52892,460,18216,3354,71108,California
San Francisco,2021-01-31,2361,91712,821,45277,1540,46435,0,0,2209,54951,151,18367,2210,73318,California
San Francisco,2021-02-01,4006,95718,1716,46993,2290,48725,0,0,2924,56794,1082,19449,2925,76243,California
San Francisco,2021-02-02,4565,100283,1820,48813,2745,51470,0,0,2954,58143,1605,21054,2954,79197,California
San Francisco,2021-02-03,5120,105403,2401,51214,2719,54189,0,0,3795,60616,1323,22377,3796,82993,California
San Francisco,2021-02-04,5067,110470,2443,53657,2624,56813,0,0,3887,63325,1178,23555,3887,86880,California
San Francisco,2021-02-05,6002,116472,3239,56896,2763,59576,0,0,4648,66622,1352,24907,4649,91529,California
San Francisco,2021-02-06,5510,121982,3690,60586,1820,61396,0,0,4606,70328,902,25809,4608,96137,California
San Francisco,2021-02-07,4365,126347,3211,63797,1154,62550,0,0,3782,73534,580,26389,3786,99923,California
San Francisco,2021-02-08,6774,133121,4656,68453,2118,64668,0,0,5540,77859,1218,27607,5543,105466,California
San Francisco,2021-02-09,5965,139086,4015,72468,1950,66618,0,0,4412,80711,1562,29169,4414,109880,California
San Francisco,2021-02-10,6932,146018,4204,76672,2728,69346,0,0,5104,83996,1823,30992,5108,114988,California
San Francisco,2021-02-11,6755,152773,4004,80676,2751,72097,0,0,4916,87081,1834,32826,4919,119907,California
San Francisco,2021-02-12,5368,158141,2693,83369,2675,74772,0,0,3500,88711,1870,34696,3500,123407,California
San Francisco,2021-02-13,4414,162555,2585,85954,1829,76601,0,0,3068,90436,1346,36042,3071,126478,California
San Francisco,2021-02-14,3438,165993,2254,88208,1184,77785,0,0,2305,91611,1132,37174,2307,128785,California
San Francisco,2021-02-15,2798,168791,1517,89725,1281,79066,0,0,1686,92188,1109,38283,1686,130471,California
San Francisco,2021-02-16,5144,173935,2830,92555,2314,81380,0,0,3007,93072,2130,40413,3014,133485,California
San Francisco,2021-02-17,5378,179313,2638,95193,2740,84120,0,0,2965,93638,2402,42815,2968,136453,California
San Francisco,2021-02-18,5421,184734,2650,97843,2771,86891,0,0,2804,93834,2614,45429,2810,139263,California
San Francisco,2021-02-19,5691,190425,2674,100517,3017,89908,0,0,2954,94058,2731,48160,2955,142218,California
San Francisco,2021-02-20,4629,195054,2242,102759,2387,92295,0,0,1736,92913,2883,51043,1738,143956,California
San Francisco,2021-02-21,2914,197968,1540,104299,1374,93669,0,0,1299,92607,1606,52649,1300,145256,California
San Francisco,2021-02-22,5195,203163,3238,107537,1957,95626,0,0,2614,92653,2571,55220,2617,147873,California
San Francisco,2021-02-23,5616,208779,3199,110736,2417,98043,0,0,2869,92782,2740,57960,2869,150742,California
San Francisco,2021-02-24,9144,217923,5174,115910,3970,102013,0,0,4885,93424,4246,62206,4888,155630,California
San Francisco,2021-02-25,10068,227991,7032,122942,3036,105049,0,0,6467,96295,3598,65804,6469,162099,California
San Francisco,2021-02-26,12383,240374,8038,130980,4345,109394,0,0,7313,98540,5069,70873,7314,169413,California
San Francisco,2021-02-27,9417,249791,6061,137041,3355,112749,1,1,4694,98526,4710,75583,4696,174109,California
San Francisco,2021-02-28,7920,257711,5659,142700,2261,115010,0,1,3868,98348,4047,79630,3869,177978,California
San Francisco,2021-03-01,11409,269120,7697,150397,3707,118717,5,6,5561,98094,5822,85452,5568,183546,California
San Francisco,2021-03-02,10038,279158,6760,157157,3278,121995,0,6,5674,99416,4353,89805,5675,189221,California
San Francisco,2021-03-03,11407,290565,6658,163815,4748,126743,1,7,6258,100542,5136,94941,6262,195483,California
San Francisco,2021-03-04,8811,299376,5531,169346,3280,130023,0,7,4971,101684,3831,98772,4973,200456,California
San Francisco,2021-03-05,9255,308631,5663,175009,3588,133611,4,11,5800,104048,3441,102213,5805,206261,California
San Francisco,2021-03-06,7234,315865,4693,179702,2332,135943,209,220,4538,106083,2709,104922,4744,211005,California
San Francisco,2021-03-07,5417,321282,4224,183926,1133,137076,60,280,3119,106951,2311,107233,3179,214184,California
San Francisco,2021-03-08,7551,328833,5483,189409,1879,138955,189,469,5960,111476,1623,108856,6148,220332,California
San Francisco,2021-03-09,8347,337180,5530,194939,2440,141395,377,846,6088,115672,2264,111120,6460,226792,California
San Francisco,2021-03-10,11261,348441,6616,201555,4141,145536,504,1350,7043,119023,4195,115315,7546,234338,California
San Francisco,2021-03-11,10127,358568,6389,207944,2767,148303,971,2321,6635,123145,3474,118789,7596,241934,California
San Francisco,2021-03-12,10893,369461,6357,214301,3186,151489,1350,3671,6059,125734,4813,123602,7402,249336,California
San Francisco,2021-03-13,6756,376217,3947,218248,1726,153215,1083,4754,4189,128447,2557,126159,5270,254606,California
San Francisco,2021-03-14,7584,383801,4934,223182,2404,155619,246,5000,3973,129072,3593,129752,4218,258824,California
San Francisco,2021-03-15,12124,395925,9273,232455,1905,157524,946,5946,8395,134686,3713,133465,9327,268151,California
San Francisco,2021-03-16,12270,408195,8342,240797,3449,160973,479,6425,8814,140548,3433,136898,9295,277446,California
San Francisco,2021-03-17,13610,421805,8454,249251,4525,165498,631,7056,9755,147103,3825,140723,10380,287826,California
San Francisco,2021-03-18,10289,432094,7046,256297,2617,168115,626,7682,5868,149193,4396,145119,6486,294312,California
San Francisco,2021-03-19,12589,444683,9232,265529,2884,170999,473,8155,6589,150274,5972,151091,7053,301365,California
San Francisco,2021-03-20,8951,453634,6590,272119,1894,172893,467,8622,5195,152215,3724,154815,5665,307030,California
San Francisco,2021-03-21,6698,460332,6139,278258,420,173313,139,8761,3770,153211,2911,157726,3907,310937,California
San Francisco,2021-03-22,9993,470325,6961,285219,2193,175506,839,9600,5167,154408,4801,162527,5998,316935,California
San Francisco,2021-03-23,11397,481722,7587,292806,3160,178666,650,10250,6348,156379,5019,167546,6990,323925,California
San Francisco,2021-03-24,12412,494134,9511,302317,2363,181029,538,10788,6173,156884,6197,173743,6702,330627,California
San Francisco,2021-03-25,12010,506144,8767,311084,2676,183705,567,11355,5827,157164,6110,179853,6390,337017,California
San Francisco,2021-03-26,12056,518200,8355,319439,3466,187171,235,11590,5844,157061,6177,186030,6074,343091,California
San Francisco,2021-03-27,8885,527085,5908,325347,2626,189797,351,11941,3812,156174,5049,191079,4162,347253,California
San Francisco,2021-03-28,6675,533760,5327,330674,1306,191103,42,11983,2976,155516,3673,194752,3015,350268,California
San Francisco,2021-03-29,11652,545412,8018,338692,3450,194553,184,12167,4821,153719,6800,201552,5003,355271,California
San Francisco,2021-03-30,11693,557105,7320,346012,4083,198636,290,12457,5511,153365,6155,207707,5801,361072,California
San Francisco,2021-03-31,12324,569429,8196,354208,3828,202464,300,12757,4916,151200,7374,215081,5209,366281,California
San Francisco,2021-04-01,14024,583453,7444,361652,4881,207345,1699,14456,6036,150962,7948,223029,7710,373991,California
San Francisco,2021-04-02,14889,598342,6576,368228,6423,213768,1890,16346,6946,151865,7919,230948,8822,382813,California
San Francisco,2021-04-03,10615,608957,4928,373156,3861,217629,1826,18172,4800,152689,5795,236743,6619,389432,California
San Francisco,2021-04-04,9057,618014,4806,377962,2593,220222,1658,19830,3574,152452,5464,242207,5227,394659,California
San Francisco,2021-04-05,16101,634115,9841,387803,4367,224589,1893,21723,6277,150820,9793,252000,8161,402820,California
San Francisco,2021-04-06,16155,650270,9545,397348,4540,229129,2070,23793,6281,149314,9845,261845,8339,411159,California
San Francisco,2021-04-07,16897,667167,10051,407399,4605,233734,2241,26034,7002,148669,9869,271714,9224,420383,California
San Francisco,2021-04-08,14247,681414,6781,414180,3033,236767,4433,30467,4635,148131,9574,281288,9036,429419,California
San Francisco,2021-04-09,15888,697302,7684,421864,4840,241607,3364,33831,6623,148864,9231,290519,9964,439383,California
San Francisco,2021-04-10,13356,710658,5713,427577,5885,247492,1758,35589,7107,151491,6223,296742,8850,448233,California
San Francisco,2021-04-11,10073,720731,7548,435125,1347,248839,1178,36767,5207,153017,4852,301594,6378,454611,California
San Francisco,2021-04-12,10654,731385,6918,442043,2582,251421,1154,37921,4877,153288,5752,307346,6023,460634,California
San Francisco,2021-04-13,10870,742255,7367,449410,3491,254912,12,37933,5473,153408,5370,312716,5490,466124,California
San Francisco,2021-04-14,13390,755645,8065,457475,5324,260236,1,37934,6355,152771,6995,319711,6358,472482,California
San Francisco,2021-04-15,13874,769519,9611,467086,4262,264498,1,37935,8067,155070,5774,325485,8073,480555,California
San Francisco,2021-04-16,13045,782564,8769,475855,4232,268730,44,37979,7610,157325,5404,330889,7659,488214,California
San Francisco,2021-04-17,10248,792812,7380,483235,2867,271597,1,37980,7235,161570,2995,333884,7240,495454,California
San Francisco,2021-04-18,6933,799745,5369,488604,1562,273159,2,37982,4302,163265,2611,336495,4306,499760,California
San Francisco,2021-04-19,11089,810834,8310,496914,2774,275933,5,37987,7087,166384,3984,340479,7103,506863,California
San Francisco,2021-04-20,13089,823923,7893,504807,5194,281127,2,37989,8909,171145,4151,344630,8912,515775,California
San Francisco,2021-04-21,11904,835827,8744,513551,3155,284282,5,37994,7222,173724,4653,349283,7232,523007,California
San Francisco,2021-04-22,11065,846892,8272,521823,2792,287074,1,37995,6355,175408,4679,353962,6363,529370,California
San Francisco,2021-04-23,10923,857815,6404,528227,4519,291593,0,37995,6477,177478,4416,358378,6486,535856,California
San Francisco,2021-04-24,7967,865782,5475,533702,2492,294085,0,37995,4709,178959,3237,361615,4718,540574,California
San Francisco,2021-04-25,5043,870825,4335,538037,702,294787,6,38001,2948,179836,2082,363697,2959,543533,California
San Francisco,2021-04-26,8525,879350,6075,544112,2438,297225,12,38013,4247,179862,4249,367946,4275,547808,California
San Francisco,2021-04-27,8981,888331,6108,550220,2703,299928,170,38183,4487,180061,4468,372414,4667,552475,California
San Francisco,2021-04-28,9961,898292,6974,557194,2796,302724,191,38374,5231,180791,4699,377113,5429,557904,California
San Francisco,2021-04-29,9801,908093,5831,563025,3776,306500,194,38568,4821,180867,4953,382066,5029,562933,California
San Francisco,2021-04-30,11336,919429,5605,568630,5528,312028,203,38771,4229,178245,7061,389127,4439,567372,California
San Francisco,2021-05-01,6997,926426,3595,572225,3287,315315,115,38886,1702,174803,5260,394387,1818,569190,California
San Francisco,2021-05-02,5333,931759,3090,575315,2145,317460,98,38984,975,171532,4348,398735,1077,570267,California
San Francisco,2021-05-03,9700,941459,6607,581922,2929,320389,164,39148,2441,166918,7227,405962,2613,572880,California
San Francisco,2021-05-04,9840,951299,6431,588353,3158,323547,251,39399,2383,162133,7424,413386,2639,575519,California
San Francisco,2021-05-05,9263,960562,6567,594920,2383,325930,313,39712,2273,157781,6942,420328,2590,578109,California
San Francisco,2021-05-06,10967,971529,8781,603701,1714,327644,472,40184,1906,151134,9027,429355,2380,580489,California
San Francisco,2021-05-07,10325,981854,6672,610373,3380,331024,273,40457,1679,144465,8619,437974,1950,582439,California
San Francisco,2021-05-08,8898,990752,4051,614424,4717,335741,130,40587,1096,137923,7769,445743,1227,583666,California
San Francisco,2021-05-09,6743,997495,5854,620278,806,336547,83,40670,1086,133452,5634,451377,1163,584829,California
San Francisco,2021-05-10,7382,1004877,5319,625597,1808,338355,255,40925,1006,128368,6344,457721,1260,586089,California
San Francisco,2021-05-11,8147,1013024,6021,631618,1907,340262,219,41144,1490,123455,6621,464342,1708,587797,California
San Francisco,2021-05-12,8376,1021400,6143,637761,1776,342038,457,41601,1488,118541,6855,471197,1941,589738,California
San Francisco,2021-05-13,11374,1032774,8373,646134,2775,344813,226,41827,4168,115767,7176,478373,4402,594140,California
San Francisco,2021-05-14,9563,1042337,6811,652945,2581,347394,171,41998,2974,112364,6559,484932,3156,597296,California
San Francisco,2021-05-15,8124,1050461,6432,659377,1636,349030,56,42054,3195,110714,4913,489845,3263,600559,California
San Francisco,2021-05-16,5286,1055747,4448,663825,779,349809,59,42113,2013,109534,3253,493098,2073,602632,California
San Francisco,2021-05-17,7396,1063143,5514,669339,1717,351526,165,42278,2380,107087,4995,498093,2548,605180,California
San Francisco,2021-05-18,8761,1071904,5017,674356,3568,355094,176,42454,1831,102211,6883,504976,2007,607187,California
San Francisco,2021-05-19,7488,1079392,5543,679899,1711,356805,234,42688,2166,99315,5294,510270,2398,609585,California
San Francisco,2021-05-20,6139,1085531,4125,684024,1763,358568,251,42939,1494,96448,4607,514877,1740,611325,California
San Francisco,2021-05-21,7190,1092721,4070,688094,2934,361502,186,43125,1573,92632,5570,520447,1754,613079,California
San Francisco,2021-05-22,4804,1097525,3619,691713,1094,362596,91,43216,2180,92298,2604,523051,2270,615349,California
San Francisco,2021-05-23,1940,1099465,1486,693199,380,362976,74,43290,851,92145,1079,524130,926,616275,California
San Francisco,2021-05-24,4227,1103692,2998,696197,1066,364042,163,43453,1236,90581,2965,527095,1401,617676,California
San Francisco,2021-05-25,3694,1107386,2400,698597,1071,365113,223,43676,1030,89184,2645,529740,1248,618924,California
San Francisco,2021-05-26,3964,1111350,2554,701151,1264,366377,146,43822,1048,87487,2891,532631,1194,620118,California
San Francisco,2021-05-27,3713,1115063,2141,703292,1396,367773,176,43998,1162,86285,2539,535170,1337,621455,California
San Francisco,2021-05-28,3778,1118841,2154,705446,1463,369236,161,44159,1313,85321,2437,537607,1473,622928,California
San Francisco,2021-05-29,2024,1120865,1458,706904,464,369700,102,44261,781,84976,1222,538829,877,623805,California
San Francisco,2021-05-30,962,1121827,687,707591,238,369938,37,44298,389,84833,569,539398,426,624231,California
San Francisco,2021-05-31,258,1122085,209,707800,42,369980,7,44305,85,84754,171,539569,92,624323,California
San Francisco,2021-06-01,3567,1125652,2158,709958,1222,371202,187,44492,1057,83501,2494,542063,1241,625564,California
San Francisco,2021-06-02,2455,1128107,1774,711732,557,371759,124,44616,807,82792,1635,543698,926,626490,California
San Francisco,2021-06-03,3952,1132059,2712,714444,1037,372796,203,44819,914,80884,3020,546718,1112,627602,California
San Francisco,2021-06-04,5721,1137780,4848,719292,737,373533,136,44955,1244,77817,4442,551160,1375,628977,California
San Francisco,2021-06-05,3703,1141483,3126,722418,429,373962,148,45103,867,76004,2824,553984,1011,629988,California
San Francisco,2021-06-06,2332,1143815,2182,724600,112,374074,38,45141,392,74501,1933,555917,430,630418,California
San Francisco,2021-06-07,3631,1147446,3009,727609,488,374562,134,45275,859,72739,2753,558670,991,631409,California
San Francisco,2021-06-08,2827,1150273,2223,729832,438,375000,166,45441,797,71683,2013,560683,957,632366,California
San Francisco,2021-06-09,2314,1152587,1853,731685,325,375325,136,45577,649,70817,1649,562332,783,633149,California
San Francisco,2021-06-10,2493,1155080,1906,733591,398,375723,189,45766,749,70023,1732,564064,938,634087,California
San Francisco,2021-06-11,3151,1158231,2486,736077,500,376223,165,45931,925,68910,2201,566265,1088,635175,California
San Francisco,2021-06-12,3037,1161268,2636,738713,275,376498,126,46057,721,67453,2302,568567,845,636020,California
San Francisco,2021-06-13,918,1162186,797,739510,74,376572,47,46104,217,67023,693,569260,263,636283,California
San Francisco,2021-06-14,2516,1164702,2034,741544,331,376903,151,46255,826,66319,1679,570939,975,637258,California
San Francisco,2021-06-15,1895,1166597,1469,743013,293,377196,133,46388,664,65894,1222,572161,797,638055,California
San Francisco,2021-06-16,1844,1168441,1390,744403,260,377456,194,46582,634,65522,1193,573354,821,638876,California
San Francisco,2021-06-17,1974,1170415,1523,745926,255,377711,196,46778,647,65048,1312,574666,838,639714,California
San Francisco,2021-06-18,2328,1172743,1731,747657,423,378134,174,46952,746,64396,1568,576234,916,640630,California
San Francisco,2021-06-19,1405,1174148,1183,748840,112,378246,110,47062,431,63974,960,577194,538,641168,California
San Francisco,2021-06-20,626,1174774,536,749376,55,378301,35,47097,256,63901,364,577558,291,641459,California
San Francisco,2021-06-21,1155,1175929,861,750237,183,378484,111,47208,601,64067,544,578102,710,642169,California
San Francisco,2021-06-22,1576,1177505,1239,751476,228,378712,109,47317,549,63706,1013,579115,652,642821,California
San Francisco,2021-06-23,1477,1178982,1164,752640,174,378886,139,47456,589,63551,876,579991,721,643542,California
San Francisco,2021-06-24,1521,1180503,1120,753760,233,379119,168,47624,505,63222,997,580988,668,644210,California
San Francisco,2021-06-25,1783,1182286,1446,755206,236,379355,101,47725,642,62843,1120,582108,741,644951,California
San Francisco,2021-06-26,974,1183260,898,756104,37,379392,39,47764,328,62568,641,582749,366,645317,California
San Joaquin,2020-12-15,14,14,14,14,0,0,0,0,14,14,0,0,14,14,California
San Joaquin,2020-12-16,310,324,310,324,0,0,0,0,310,324,0,0,310,324,California
San Joaquin,2020-12-17,322,646,322,646,0,0,0,0,322,646,0,0,322,646,California
San Joaquin,2020-12-18,536,1182,532,1178,4,4,0,0,536,1182,0,0,536,1182,California
San Joaquin,2020-12-19,190,1372,190,1368,0,4,0,0,190,1372,0,0,190,1372,California
San Joaquin,2020-12-20,116,1488,114,1482,2,6,0,0,116,1488,0,0,116,1488,California
San Joaquin,2020-12-21,494,1982,493,1975,1,7,0,0,494,1982,0,0,494,1982,California
San Joaquin,2020-12-22,977,2959,856,2831,121,128,0,0,976,2958,0,0,976,2958,California
San Joaquin,2020-12-23,977,3936,920,3751,57,185,0,0,975,3933,2,2,977,3935,California
San Joaquin,2020-12-24,215,4151,187,3938,28,213,0,0,214,4147,1,3,215,4150,California
San Joaquin,2020-12-25,15,4166,15,3953,0,213,0,0,15,4162,0,3,15,4165,California
San Joaquin,2020-12-26,103,4269,31,3984,72,285,0,0,103,4265,0,3,103,4268,California
San Joaquin,2020-12-27,44,4313,31,4015,13,298,0,0,44,4309,0,3,44,4312,California
San Joaquin,2020-12-28,625,4938,423,4438,202,500,0,0,625,4934,0,3,625,4937,California
San Joaquin,2020-12-29,796,5734,666,5104,130,630,0,0,796,5730,0,3,796,5733,California
San Joaquin,2020-12-30,1013,6747,720,5824,293,923,0,0,1011,6741,2,5,1013,6746,California
San Joaquin,2020-12-31,454,7201,203,6027,251,1174,0,0,454,7195,1,6,455,7201,California
San Joaquin,2021-01-01,23,7224,13,6040,10,1184,0,0,23,7218,0,6,23,7224,California
San Joaquin,2021-01-02,266,7490,243,6283,23,1207,0,0,266,7484,0,6,266,7490,California
San Joaquin,2021-01-03,37,7527,20,6303,17,1224,0,0,36,7519,1,7,36,7526,California
San Joaquin,2021-01-04,479,8006,340,6643,139,1363,0,0,477,7995,1,8,477,8003,California
San Joaquin,2021-01-05,986,8992,651,7294,335,1698,0,0,814,8675,172,180,852,8855,California
San Joaquin,2021-01-06,1228,10220,714,8008,514,2212,0,0,922,9300,301,481,926,9781,California
San Joaquin,2021-01-07,1086,11306,687,8695,399,2611,0,0,786,9791,297,778,788,10569,California
San Joaquin,2021-01-08,1209,12515,827,9522,382,2993,0,0,713,10013,495,1273,717,11286,California
San Joaquin,2021-01-09,380,12895,301,9823,79,3072,0,0,246,10127,134,1407,248,11534,California
San Joaquin,2021-01-10,224,13119,116,9939,108,3180,0,0,171,10246,52,1459,171,11705,California
San Joaquin,2021-01-11,1534,14653,1326,11265,208,3388,0,0,867,10515,666,2125,935,12640,California
San Joaquin,2021-01-12,1485,16138,1067,12332,418,3806,0,0,702,10510,779,2904,774,13414,California
San Joaquin,2021-01-13,1540,17678,900,13232,640,4446,0,0,960,10899,578,3482,967,14381,California
San Joaquin,2021-01-14,1761,19439,974,14206,787,5233,0,0,1413,12004,327,3809,1432,15813,California
San Joaquin,2021-01-15,1544,20983,548,14754,996,6229,0,0,1306,13109,223,4032,1328,17141,California
San Joaquin,2021-01-16,1135,22118,182,14936,953,7182,0,0,1102,14180,32,4064,1103,18244,California
San Joaquin,2021-01-17,1628,23746,138,15074,1490,8672,0,0,1585,15724,43,4107,1587,19831,California
San Joaquin,2021-01-18,742,24488,239,15313,503,9175,0,0,620,16227,118,4225,621,20452,California
San Joaquin,2021-01-19,1881,26369,902,16215,979,10154,0,0,1197,16753,679,4904,1205,21657,California
San Joaquin,2021-01-20,2095,28464,1287,17502,808,10962,0,0,1446,17564,642,5546,1453,23110,California
San Joaquin,2021-01-21,1982,30446,895,18397,1087,12049,0,0,1585,18768,390,5936,1594,24704,California
San Joaquin,2021-01-22,1960,32406,896,19293,1064,13113,0,0,1818,20451,137,6073,1820,26524,California
San Joaquin,2021-01-23,892,33298,391,19684,501,13614,0,0,606,20774,285,6358,608,27132,California
San Joaquin,2021-01-24,355,33653,137,19821,218,13832,0,0,332,21086,20,6378,332,27464,California
San Joaquin,2021-01-25,2003,35656,1147,20968,856,14688,0,0,1432,21953,568,6946,1435,28899,California
San Joaquin,2021-01-26,2153,37809,1111,22079,1042,15730,0,0,1530,22876,616,7562,1539,30438,California
San Joaquin,2021-01-27,1742,39551,771,22850,971,16701,0,0,1239,23625,498,8060,1247,31685,California
San Joaquin,2021-01-28,2057,41608,777,23627,1280,17981,0,0,1393,24369,660,8720,1404,33089,California
San Joaquin,2021-01-29,2167,43775,1052,24679,1115,19096,0,0,1815,25848,346,9066,1825,34914,California
San Joaquin,2021-01-30,2171,45946,349,25028,1822,20918,0,0,1990,27662,180,9246,1994,36908,California
San Joaquin,2021-01-31,1551,47497,172,25200,1379,22297,0,0,1484,29083,66,9312,1487,38395,California
San Joaquin,2021-02-01,2479,49976,1291,26491,1188,23485,0,0,1713,30035,766,10078,1718,40113,California
San Joaquin,2021-02-02,2589,52565,1156,27647,1433,24918,0,0,1976,31464,552,10630,1981,42094,California
San Joaquin,2021-02-03,3085,55650,1218,28865,1867,26785,0,0,2210,32819,867,11497,2222,44316,California
San Joaquin,2021-02-04,3547,59197,1813,30678,1734,28519,0,0,2645,34576,896,12393,2653,46969,California
San Joaquin,2021-02-05,3162,62359,1787,32465,1375,29894,0,0,2329,36101,820,13213,2345,49314,California
San Joaquin,2021-02-06,1084,63443,738,33203,346,30240,0,0,936,36893,145,13358,937,50251,California
San Joaquin,2021-02-07,619,64062,490,33693,129,30369,0,0,414,37108,200,13558,415,50666,California
San Joaquin,2021-02-08,1780,65842,1026,34719,754,31123,0,0,1436,38229,321,13879,1442,52108,California
San Joaquin,2021-02-09,2117,67959,1141,35860,976,32099,0,0,1570,39325,477,14356,1573,53681,California
San Joaquin,2021-02-10,2581,70540,1248,37108,1333,33432,0,0,1350,39468,1209,15565,1352,55033,California
San Joaquin,2021-02-11,2906,73446,1462,38570,1444,34876,0,0,1676,39955,1197,16762,1684,56717,California
San Joaquin,2021-02-12,2834,76280,1127,39697,1707,36583,0,0,1603,40359,1206,17968,1610,58327,California
San Joaquin,2021-02-13,2130,78410,405,40102,1725,38308,0,0,856,39963,1259,19227,863,59190,California
San Joaquin,2021-02-14,1913,80323,263,40365,1650,39958,0,0,696,39475,1185,20412,697,59887,California
San Joaquin,2021-02-15,2001,82324,840,41205,1161,41119,0,0,1202,39913,768,21180,1206,61093,California
San Joaquin,2021-02-16,3187,85511,1387,42592,1800,42919,0,0,1755,40267,1416,22596,1770,62863,California
San Joaquin,2021-02-17,3291,88802,1269,43861,2022,44941,0,0,1870,40738,1406,24002,1877,64740,California
San Joaquin,2021-02-18,3361,92163,1384,45245,1977,46918,0,0,1909,41240,1415,25417,1917,66657,California
San Joaquin,2021-02-19,4294,96457,2430,47675,1864,48782,0,0,2392,41792,1848,27265,2400,69057,California
San Joaquin,2021-02-20,1579,98036,680,48355,899,49681,0,0,1067,42356,510,27775,1074,70131,California
San Joaquin,2021-02-21,678,98714,514,48869,164,49845,0,0,427,42538,248,28023,430,70561,California
San Joaquin,2021-02-22,3563,102277,2514,51383,1049,50894,0,0,2542,44096,992,29015,2550,73111,California
San Joaquin,2021-02-23,4343,106620,2644,54027,1699,52593,0,0,2658,45123,1650,30665,2677,75788,California
San Joaquin,2021-02-24,5782,112402,3441,57468,2341,54934,0,0,4144,47667,1611,32276,4155,79943,California
San Joaquin,2021-02-25,6386,118788,3950,61418,2436,57370,0,0,4100,49554,2240,34516,4127,84070,California
San Joaquin,2021-02-26,5521,124309,2859,64277,2662,60032,0,0,3782,51649,1702,36218,3797,87867,California
San Joaquin,2021-02-27,5488,129797,1633,65910,3855,63887,0,0,2642,51526,2784,39002,2661,90528,California
San Joaquin,2021-02-28,3115,132912,1127,67037,1988,65875,0,0,2051,52546,1035,40037,2055,92583,California
San Joaquin,2021-03-01,4262,137174,1830,68867,2429,68304,3,3,2335,53009,1907,41944,2370,94953,California
San Joaquin,2021-03-02,4237,141411,1689,70556,2548,70852,0,3,2651,54163,1563,43507,2717,97670,California
San Joaquin,2021-03-03,5829,147240,3459,74015,2368,73220,2,5,4191,56755,1612,45119,4204,101874,California
San Joaquin,2021-03-04,5728,152968,2274,76289,3451,76671,3,8,3736,58526,1975,47094,3746,105620,California
San Joaquin,2021-03-05,4507,157475,1903,78192,2599,79270,5,13,3109,60274,1381,48475,3129,108749,California
San Joaquin,2021-03-06,3325,160800,2188,80380,1007,80277,130,143,2735,62558,586,49061,2870,111619,California
San Joaquin,2021-03-07,1225,162025,567,80947,610,80887,48,191,937,63260,270,49331,972,112591,California
San Joaquin,2021-03-08,3149,165174,1266,82213,1759,82646,124,315,2094,64471,1043,50374,2254,114845,California
San Joaquin,2021-03-09,4173,169347,1863,84076,2181,84827,129,444,2670,65808,1484,51858,2821,117666,California
San Joaquin,2021-03-10,4878,174225,2525,86601,2211,87038,142,586,3434,67966,1428,53286,3586,121252,California
San Joaquin,2021-03-11,5191,179416,2446,89047,2141,89179,604,1190,2939,69287,2237,55523,3558,124810,California
San Joaquin,2021-03-12,6571,185987,3228,92275,3007,92186,336,1526,4157,71416,2386,57909,4515,129325,California
San Joaquin,2021-03-13,3233,189220,1510,93785,1598,93784,125,1651,2322,72971,902,58811,2457,131782,California
San Joaquin,2021-03-14,2173,191393,678,94463,1190,94974,305,1956,1025,73167,1141,59952,1337,133119,California
San Joaquin,2021-03-15,6128,197521,3510,97973,2212,97186,406,2362,3178,73864,2914,62866,3611,136730,California
San Joaquin,2021-03-16,6906,204427,3919,101892,2731,99917,256,2618,4061,75373,2819,65685,4328,141058,California
San Joaquin,2021-03-17,7926,212353,4722,106614,3133,103050,71,2689,4366,76322,3513,69198,4462,145520,California
San Joaquin,2021-03-18,7716,220069,4534,111148,2675,105725,507,3196,3824,76816,3845,73043,4339,149859,California
San Joaquin,2021-03-19,8002,228071,4685,115833,2776,108501,541,3737,4841,79127,3136,76179,5447,155306,California
San Joaquin,2021-03-20,3700,231771,2142,117975,1316,109817,242,3979,1823,79360,1851,78030,2084,157390,California
San Joaquin,2021-03-21,2128,233899,1510,119485,411,110228,207,4186,1160,79845,954,78984,1439,158829,California
San Joaquin,2021-03-22,4083,237982,2083,121568,1585,111813,415,4601,2443,81092,1623,80607,2870,161699,California
San Joaquin,2021-03-23,5477,243459,2685,124253,2625,114438,167,4768,3784,83389,1668,82275,3965,165664,California
San Joaquin,2021-03-24,6918,250377,4270,128523,2560,116998,88,4856,3067,82749,3808,86083,3168,168832,California
San Joaquin,2021-03-25,5668,256045,3351,131874,2272,119270,45,4901,3382,83924,2260,88343,3435,172267,California
San Joaquin,2021-03-26,6270,262315,2595,134469,3523,122793,152,5053,3297,84455,2945,91288,3476,175743,California
San Joaquin,2021-03-27,4677,266992,2627,137096,1976,124769,74,5127,1799,83489,2851,94139,1885,177628,California
San Joaquin,2021-03-28,2738,269730,1821,138917,892,125661,25,5152,1266,83436,1452,95591,1399,179027,California
San Joaquin,2021-03-29,4130,273860,2197,141114,1910,127571,23,5175,2086,83543,2028,97619,2135,181162,California
San Joaquin,2021-03-30,6333,280193,3176,144290,3064,130635,93,5268,3509,84381,2792,100411,3630,184792,California
San Joaquin,2021-03-31,6737,286930,4185,148475,2492,133127,60,5328,3438,84645,3271,103682,3535,188327,California
San Joaquin,2021-04-01,6528,293458,3001,151476,3436,136563,91,5419,2912,84131,3587,107269,3073,191400,California
San Joaquin,2021-04-02,6430,299888,2889,154365,3046,139609,495,5914,2568,83397,3834,111103,3100,194500,California
San Joaquin,2021-04-03,4209,304097,2389,156754,1494,141103,326,6240,2011,83572,2180,113283,2355,196855,California
San Joaquin,2021-04-04,2292,306389,1371,158125,716,141819,205,6445,1547,84610,734,114017,1772,198627,California
San Joaquin,2021-04-05,4832,311221,2845,160970,1749,143568,238,6683,2685,85414,2133,116150,2937,201564,California
San Joaquin,2021-04-06,7161,318382,4553,165523,2329,145897,279,6962,3422,85432,3705,119855,3723,205287,California
San Joaquin,2021-04-07,8441,326823,4573,170096,2277,148174,1591,8553,3559,85748,4859,124714,5175,210462,California
San Joaquin,2021-04-08,8870,335693,4756,174852,1974,150148,2140,10693,3361,85782,5478,130192,5512,215974,California
San Joaquin,2021-04-09,9036,344729,4391,179243,3080,153228,1565,12258,3329,85033,5679,135871,4930,220904,California
San Joaquin,2021-04-10,5261,349990,1666,180909,1687,154915,1908,14166,1791,85280,3457,139328,3704,224608,California
San Joaquin,2021-04-11,4300,354290,1770,182679,1363,156278,1167,15333,1972,86107,2315,141643,3142,227750,California
San Joaquin,2021-04-12,6160,360450,2506,185185,2103,158381,1551,16884,2432,86414,3700,145343,4007,231757,California
San Joaquin,2021-04-13,7641,368091,4401,189586,3231,161612,9,16893,4672,88194,2941,148284,4721,236478,California
San Joaquin,2021-04-14,7710,375801,3913,193499,3795,165407,2,16895,4638,89835,3046,151330,4687,241165,California
San Joaquin,2021-04-15,8007,383808,4756,198255,3251,168658,0,16895,4425,90779,3538,154868,4482,245647,California
San Joaquin,2021-04-16,7895,391703,4288,202543,3604,172262,3,16898,4763,92483,3098,157966,4802,250449,California
San Joaquin,2021-04-17,5200,396903,2822,205365,2376,174638,2,16900,3687,94697,1500,159466,3714,254163,California
San Joaquin,2021-04-18,2499,399402,1394,206759,1105,175743,0,16900,1322,94873,1161,160627,1337,255500,California
San Joaquin,2021-04-19,5287,404689,2820,209579,2467,178210,0,16900,2758,95185,2493,163120,2805,258305,California
San Joaquin,2021-04-20,6307,410996,3312,212891,2995,181205,0,16900,2950,94847,3324,166444,2986,261291,California
San Joaquin,2021-04-21,5750,416746,3166,216057,2584,183789,0,16900,2925,95046,2764,169208,2963,264254,California
San Joaquin,2021-04-22,5390,422136,3162,219219,2226,186015,2,16902,3057,95866,2298,171506,3118,267372,California
San Joaquin,2021-04-23,6034,428170,2861,222080,3172,189187,1,16903,3778,97446,2231,173737,3811,271183,California
San Joaquin,2021-04-24,5274,433444,3630,225710,1642,190829,2,16905,3432,99083,1814,175551,3451,274634,California
San Joaquin,2021-04-25,3079,436523,2593,228303,486,191315,0,16905,2044,100125,1010,176561,2052,276686,California
San Joaquin,2021-04-26,4153,440676,2670,230973,1479,192794,4,16909,2155,100352,1981,178542,2208,278894,California
San Joaquin,2021-04-27,4729,445405,2681,233654,1986,194780,62,16971,1973,99691,2729,181271,2068,280962,California
San Joaquin,2021-04-28,5728,451133,3394,237048,2255,197035,79,17050,2766,99669,2927,184198,2905,283867,California
San Joaquin,2021-04-29,5040,456173,2920,239968,2063,199098,57,17107,2517,99796,2493,186691,2620,286487,California
San Joaquin,2021-04-30,5100,461273,2464,242432,2569,201667,67,17174,2587,100001,2492,189183,2697,289184,California
San Joaquin,2021-05-01,3373,464646,1923,244355,1392,203059,58,17232,2145,101007,1218,190401,2224,291408,California
San Joaquin,2021-05-02,2306,466952,1601,245956,648,203707,57,17289,1168,101106,1134,191535,1233,292641,California
San Joaquin,2021-05-03,3389,470341,2265,248221,1044,204751,80,17369,1398,100636,1974,193509,1504,294145,California
San Joaquin,2021-05-04,4970,475311,3327,251548,1486,206237,157,17526,1801,99482,3146,196655,1992,296137,California
San Joaquin,2021-05-05,5197,480508,3566,255114,1468,207705,163,17689,2306,99111,2859,199514,2488,298625,California
San Joaquin,2021-05-06,4722,485230,3146,258260,1446,209151,130,17819,2045,98645,2660,202174,2194,300819,California
San Joaquin,2021-05-07,5185,490415,2984,261244,2049,211200,152,17971,1928,97502,3234,205408,2091,302910,California
San Joaquin,2021-05-08,3283,493698,2112,263356,1070,212270,101,18072,1214,96773,2053,207461,1324,304234,California
San Joaquin,2021-05-09,1496,495194,849,264205,577,212847,70,18142,602,96560,891,208352,678,304912,California
San Joaquin,2021-05-10,2856,498050,1483,265688,1248,214095,125,18267,935,95721,1904,210256,1065,305977,California
San Joaquin,2021-05-11,4252,502302,2223,267911,1907,216002,122,18389,1356,94352,2879,213135,1510,307487,California
San Joaquin,2021-05-12,4453,506755,2109,270020,2219,218221,125,18514,1475,93005,2959,216094,1612,309099,California
San Joaquin,2021-05-13,4791,511546,2790,272810,1911,220132,90,18604,1872,92080,2903,218997,1978,311077,California
San Joaquin,2021-05-14,5786,517332,3444,276254,2233,222365,109,18713,2445,91329,3313,222310,2562,313639,California
San Joaquin,2021-05-15,5244,522576,3120,279374,2043,224408,81,18794,1649,89500,3564,225874,1735,315374,California
San Joaquin,2021-05-16,3580,526156,2807,282181,724,225132,49,18843,1445,88880,2122,227996,1502,316876,California
San Joaquin,2021-05-17,4154,530310,2488,284669,1569,226701,97,18940,1801,88452,2336,230332,1908,318784,California
San Joaquin,2021-05-18,3986,534296,2297,286966,1570,228271,119,19059,1894,88389,2075,232407,2012,320796,California
San Joaquin,2021-05-19,4773,539069,2779,289745,1859,230130,135,19194,2102,87994,2640,235047,2245,323041,California
San Joaquin,2021-05-20,3986,543055,2382,292127,1500,231630,104,19298,1792,87723,2171,237218,1900,324941,California
San Joaquin,2021-05-21,5074,548129,2982,295109,1970,233600,122,19420,2361,87532,2684,239902,2493,327434,California
San Joaquin,2021-05-22,4053,552182,2541,297650,1418,235018,94,19514,1814,87226,2226,242128,1920,329354,California
San Joaquin,2021-05-23,2479,554661,2025,299675,410,235428,44,19558,1453,87712,1015,243143,1501,330855,California
San Joaquin,2021-05-24,2976,557637,1700,301375,1183,236611,93,19651,1385,87620,1575,244718,1483,332338,California
San Joaquin,2021-05-25,3120,560757,1942,303317,1028,237639,150,19801,1475,87617,1627,246345,1624,333962,California
San Joaquin,2021-05-26,3903,564660,2403,305720,1425,239064,75,19876,1630,87069,2256,248601,1708,335670,California
San Joaquin,2021-05-27,3128,567788,1703,307423,1340,240404,85,19961,1342,86730,1770,250371,1431,337101,California
San Joaquin,2021-05-28,3122,570910,1667,309090,1364,241768,91,20052,1479,86689,1619,251990,1578,338679,California
San Joaquin,2021-05-29,2150,573060,1188,310278,926,242694,36,20088,969,86521,1177,253167,1009,339688,California
San Joaquin,2021-05-30,975,574035,522,310800,427,243121,26,20114,409,86399,560,253727,438,340126,California
San Joaquin,2021-05-31,621,574656,259,311059,355,243476,7,20121,238,86265,379,254106,245,340371,California
San Joaquin,2021-06-01,2459,577115,1485,312544,877,244353,97,20218,1173,86265,1277,255383,1277,341648,California
San Joaquin,2021-06-02,2727,579842,1616,314160,1057,245410,54,20272,1153,85917,1558,256941,1210,342858,California
San Joaquin,2021-06-03,2842,582684,1752,315912,1033,246443,57,20329,1095,85343,1731,258672,1157,344015,California
San Joaquin,2021-06-04,3140,585824,1929,317841,1104,247547,107,20436,1092,84519,2021,260693,1197,345212,California
San Joaquin,2021-06-05,2374,588198,1822,319663,495,248042,57,20493,1115,84529,1167,261860,1177,346389,California
San Joaquin,2021-06-06,1098,589296,884,320547,177,248219,37,20530,453,84393,626,262486,490,346879,California
San Joaquin,2021-06-07,2824,592120,2097,322644,686,248905,41,20571,984,83594,1833,264319,1034,347913,California
San Joaquin,2021-06-08,2766,594886,2097,324741,624,249529,45,20616,875,82642,1875,266194,923,348836,California
San Joaquin,2021-06-09,2843,597729,1979,326720,820,250349,44,20660,960,81782,1865,268059,1005,349841,California
San Joaquin,2021-06-10,2662,600391,1933,328653,662,251011,67,20727,1004,81204,1653,269712,1075,350916,California
San Joaquin,2021-06-11,2949,603340,2036,330689,796,251807,117,20844,973,80327,1967,271679,1090,352006,California
San Joaquin,2021-06-12,1855,605195,1396,332085,428,252235,31,20875,630,79790,1219,272898,682,352688,California
San Joaquin,2021-06-13,1049,606244,810,332895,191,252426,48,20923,484,79763,561,273459,534,353222,California
San Joaquin,2021-06-14,2212,608456,1488,334383,652,253078,72,20995,981,79596,1222,274681,1055,354277,California
San Joaquin,2021-06-15,2241,610697,1496,335879,667,253745,78,21073,872,79192,1357,276038,953,355230,California
San Joaquin,2021-06-16,2608,613305,1844,337723,682,254427,82,21155,904,78491,1688,277726,987,356217,California
San Joaquin,2021-06-17,2581,615886,1836,339559,688,255115,57,21212,879,77740,1688,279414,937,357154,California
San Joaquin,2021-06-18,2755,618641,1805,341364,875,255990,75,21287,1143,77357,1602,281016,1219,358373,California
San Joaquin,2021-06-19,1384,620025,859,342223,266,256256,259,21546,491,77222,886,281902,751,359124,California
San Joaquin,2021-06-20,632,620657,494,342717,112,256368,26,21572,280,77180,347,282249,305,359429,California
San Joaquin,2021-06-21,1615,622272,956,343673,551,256919,108,21680,828,77335,781,283030,936,360365,California
San Joaquin,2021-06-22,1864,624136,1237,344910,559,257478,68,21748,810,77168,1044,284074,877,361242,California
San Joaquin,2021-06-23,992,625128,607,345517,353,257831,32,21780,406,77028,580,284654,440,361682,California
San Joaquin,2021-06-24,450,625578,280,345797,144,257975,26,21806,235,77080,214,284868,266,361948,California
San Joaquin,2021-06-25,506,626084,284,346081,200,258175,22,21828,254,77110,247,285115,277,362225,California
San Joaquin,2021-06-26,336,626420,204,346285,117,258292,15,21843,178,77148,156,285271,194,362419,California
San Luis Obispo,2020-12-16,4,4,4,4,0,0,0,0,4,4,0,0,4,4,California
San Luis Obispo,2020-12-17,196,200,196,200,0,0,0,0,196,200,0,0,196,200,California
San Luis Obispo,2020-12-18,224,424,224,424,0,0,0,0,224,424,0,0,224,424,California
San Luis Obispo,2020-12-19,164,588,164,588,0,0,0,0,164,588,0,0,164,588,California
San Luis Obispo,2020-12-20,215,803,215,803,0,0,0,0,215,803,0,0,215,803,California
San Luis Obispo,2020-12-21,550,1353,549,1352,1,1,0,0,550,1353,0,0,550,1353,California
San Luis Obispo,2020-12-22,309,1662,305,1657,4,5,0,0,309,1662,0,0,309,1662,California
San Luis Obispo,2020-12-23,681,2343,367,2024,314,319,0,0,681,2343,0,0,681,2343,California
San Luis Obispo,2020-12-24,194,2537,19,2043,175,494,0,0,194,2537,0,0,194,2537,California
San Luis Obispo,2020-12-25,2,2539,1,2044,1,495,0,0,2,2539,0,0,2,2539,California
San Luis Obispo,2020-12-26,89,2628,12,2056,77,572,0,0,89,2628,0,0,89,2628,California
San Luis Obispo,2020-12-27,76,2704,0,2056,76,648,0,0,76,2704,0,0,76,2704,California
San Luis Obispo,2020-12-28,878,3582,429,2485,449,1097,0,0,878,3582,0,0,878,3582,California
San Luis Obispo,2020-12-29,904,4486,505,2990,399,1496,0,0,904,4486,0,0,904,4486,California
San Luis Obispo,2020-12-30,1173,5659,680,3670,493,1989,0,0,1173,5659,0,0,1173,5659,California
San Luis Obispo,2020-12-31,109,5768,4,3674,105,2094,0,0,109,5768,0,0,109,5768,California
San Luis Obispo,2021-01-01,17,5785,10,3684,7,2101,0,0,17,5785,0,0,17,5785,California
San Luis Obispo,2021-01-02,34,5819,8,3692,26,2127,0,0,34,5819,0,0,34,5819,California
San Luis Obispo,2021-01-03,17,5836,6,3698,11,2138,0,0,17,5836,0,0,17,5836,California
San Luis Obispo,2021-01-04,680,6516,524,4222,156,2294,0,0,680,6516,0,0,680,6516,California
San Luis Obispo,2021-01-05,973,7489,755,4977,218,2512,0,0,970,7483,3,3,970,7486,California
San Luis Obispo,2021-01-06,728,8217,481,5458,247,2759,0,0,720,8196,7,10,720,8206,California
San Luis Obispo,2021-01-07,1124,9341,947,6405,177,2936,0,0,681,8434,443,453,681,8887,California
San Luis Obispo,2021-01-08,883,10224,804,7209,79,3015,0,0,514,8580,368,821,514,9401,California
San Luis Obispo,2021-01-09,205,10429,195,7404,10,3025,0,0,28,8431,177,998,28,9429,California
San Luis Obispo,2021-01-10,12,10441,8,7412,4,3029,0,0,8,8435,4,1002,8,9437,California
San Luis Obispo,2021-01-11,560,11001,509,7921,51,3080,0,0,298,8472,261,1263,298,9735,California
San Luis Obispo,2021-01-12,600,11601,382,8303,218,3298,0,0,319,8510,281,1544,319,10054,California
San Luis Obispo,2021-01-13,887,12488,259,8562,628,3926,0,0,650,8925,235,1779,650,10704,California
San Luis Obispo,2021-01-14,728,13216,239,8801,489,4415,0,0,606,9418,113,1892,606,11310,California
San Luis Obispo,2021-01-15,734,13950,293,9094,441,4856,0,0,555,9799,174,2066,555,11865,California
San Luis Obispo,2021-01-16,101,14051,81,9175,20,4876,0,0,96,9890,5,2071,96,11961,California
San Luis Obispo,2021-01-17,63,14114,56,9231,7,4883,0,0,63,9953,0,2071,63,12024,California
San Luis Obispo,2021-01-18,1371,15485,390,9621,981,5864,0,0,1108,10798,263,2334,1108,13132,California
San Luis Obispo,2021-01-19,1582,17067,416,10037,1166,7030,0,0,1173,11563,409,2743,1174,14306,California
San Luis Obispo,2021-01-20,1893,18960,602,10639,1291,8321,0,0,1300,12273,591,3334,1301,15607,California
San Luis Obispo,2021-01-21,1580,20540,470,11109,1110,9431,0,0,1208,13114,368,3702,1209,16816,California
San Luis Obispo,2021-01-22,1525,22065,509,11618,1016,10447,0,0,1208,14007,315,4017,1208,18024,California
San Luis Obispo,2021-01-23,311,22376,292,11910,19,10466,0,0,295,14286,16,4033,295,18319,California
San Luis Obispo,2021-01-24,443,22819,235,12145,208,10674,0,0,437,14716,7,4040,437,18756,California
San Luis Obispo,2021-01-25,2075,24894,602,12747,1473,12147,0,0,1245,15131,830,4870,1245,20001,California
San Luis Obispo,2021-01-26,2002,26896,703,13450,1299,13446,0,0,1140,15409,862,5732,1140,21141,California
San Luis Obispo,2021-01-27,1609,28505,280,13730,1329,14775,0,0,1150,16100,459,6191,1150,22291,California
San Luis Obispo,2021-01-28,1494,29999,342,14072,1152,15927,0,0,1230,17068,262,6453,1230,23521,California
San Luis Obispo,2021-01-29,1747,31746,689,14761,1058,16985,0,0,1458,18237,289,6742,1458,24979,California
San Luis Obispo,2021-01-30,41,31787,19,14780,22,17007,0,0,29,18255,11,6753,29,25008,California
San Luis Obispo,2021-01-31,233,32020,19,14799,214,17221,0,0,231,18484,2,6755,231,25239,California
San Luis Obispo,2021-02-01,1714,33734,743,15542,971,18192,0,0,1408,19587,305,7060,1408,26647,California
San Luis Obispo,2021-02-02,1901,35635,680,16222,1221,19413,0,0,1526,20739,375,7435,1527,28174,California
San Luis Obispo,2021-02-03,1714,37349,730,16952,984,20397,0,0,1299,21623,415,7850,1299,29473,California
San Luis Obispo,2021-02-04,1665,39014,802,17754,863,21260,0,0,1098,22154,567,8417,1098,30571,California
San Luis Obispo,2021-02-05,1607,40621,717,18471,890,22150,0,0,1062,22671,546,8963,1063,31634,California
San Luis Obispo,2021-02-06,179,40800,108,18579,71,22221,0,0,99,22690,80,9043,99,31733,California
San Luis Obispo,2021-02-07,123,40923,78,18657,45,22266,0,0,72,22712,51,9094,73,31806,California
San Luis Obispo,2021-02-08,866,41789,474,19131,392,22658,0,0,502,22851,363,9457,502,32308,California
San Luis Obispo,2021-02-09,1128,42917,448,19579,680,23338,0,0,546,22828,576,10033,553,32861,California
San Luis Obispo,2021-02-10,1443,44360,493,20072,950,24288,0,0,528,22446,913,10946,531,33392,California
San Luis Obispo,2021-02-11,1336,45696,846,20918,490,24778,0,0,659,22430,675,11621,659,34051,California
San Luis Obispo,2021-02-12,783,46479,362,21280,421,25199,0,0,416,22479,367,11988,416,34467,California
San Luis Obispo,2021-02-13,396,46875,131,21411,265,25464,0,0,288,22660,107,12095,288,34755,California
San Luis Obispo,2021-02-14,323,47198,44,21455,279,25743,0,0,284,22906,39,12134,285,35040,California
San Luis Obispo,2021-02-15,730,47928,139,21594,591,26334,0,0,475,23127,254,12388,475,35515,California
San Luis Obispo,2021-02-16,2975,50903,1199,22793,1776,28110,0,0,1365,22882,1610,13998,1365,36880,California
San Luis Obispo,2021-02-17,2792,53695,1245,24038,1547,29657,0,0,1028,22155,1755,15753,1028,37908,California
San Luis Obispo,2021-02-18,2837,56532,1468,25506,1369,31026,0,0,1137,21602,1691,17444,1138,39046,California
San Luis Obispo,2021-02-19,1473,58005,1351,26857,122,31148,0,0,1140,22411,331,17775,1140,40186,California
San Luis Obispo,2021-02-20,257,58262,83,26940,174,31322,0,0,219,22592,38,17813,219,40405,California
San Luis Obispo,2021-02-21,57,58319,53,26993,4,31326,0,0,32,22599,25,17838,32,40437,California
San Luis Obispo,2021-02-22,2421,60740,1871,28864,550,31876,0,0,1472,23124,948,18786,1473,41910,California
San Luis Obispo,2021-02-23,1862,62602,1747,30611,115,31991,0,0,1366,23996,495,19281,1367,43277,California
San Luis Obispo,2021-02-24,2647,65249,1301,31912,1346,33337,0,0,835,23022,1809,21090,835,44112,California
San Luis Obispo,2021-02-25,2132,67381,1243,33155,889,34226,0,0,1208,23314,917,22007,1209,45321,California
San Luis Obispo,2021-02-26,2651,70032,1150,34305,1501,35727,0,0,1330,23333,1311,23318,1330,46651,California
San Luis Obispo,2021-02-27,583,70615,354,34659,229,35956,0,0,527,23804,56,23374,527,47178,California
San Luis Obispo,2021-02-28,591,71206,67,34726,524,36480,0,0,164,23543,425,23799,164,47342,California
San Luis Obispo,2021-03-01,3010,74216,1879,36605,1129,37609,2,2,2078,24692,932,24731,2081,49423,California
San Luis Obispo,2021-03-02,3054,77270,1913,38518,1141,38750,0,2,1892,25428,1157,25888,1893,51316,California
San Luis Obispo,2021-03-03,2349,79619,342,38860,2007,40757,0,2,853,24792,1490,27378,854,52170,California
San Luis Obispo,2021-03-04,2204,81823,1163,40023,1041,41798,0,2,1186,24965,1015,28393,1188,53358,California
San Luis Obispo,2021-03-05,2305,84128,1021,41044,1214,43012,70,72,1298,25340,993,29386,1368,54726,California
San Luis Obispo,2021-03-06,841,84969,312,41356,421,43433,108,180,618,25837,223,29609,720,55446,California
San Luis Obispo,2021-03-07,203,85172,34,41390,85,43518,84,264,74,25867,128,29737,158,55604,California
San Luis Obispo,2021-03-08,2737,87909,758,42148,1661,45179,318,582,1541,26535,1191,30928,1859,57463,California
San Luis Obispo,2021-03-09,2964,90873,974,43122,1742,46921,248,830,1532,26888,1428,32356,1781,59244,California
San Luis Obispo,2021-03-10,3199,94072,1241,44363,1676,48597,282,1112,1816,27607,1379,33735,2098,61342,California
San Luis Obispo,2021-03-11,3351,97423,1322,45685,1706,50303,323,1435,1810,28212,1529,35264,2134,63476,California
San Luis Obispo,2021-03-12,3222,100645,1239,46924,1643,51946,340,1775,1624,28587,1591,36855,1966,65442,California
San Luis Obispo,2021-03-13,909,101554,262,47186,538,52484,109,1884,539,28865,369,37224,647,66089,California
San Luis Obispo,2021-03-14,516,102070,54,47240,351,52835,111,1995,134,28730,380,37604,245,66334,California
San Luis Obispo,2021-03-15,3071,105141,1104,48344,1866,54701,101,2096,1531,28828,1537,39141,1635,67969,California
San Luis Obispo,2021-03-16,2860,108001,1511,49855,1239,55940,110,2206,1441,28966,1412,40553,1550,69519,California
San Luis Obispo,2021-03-17,3459,111460,1449,51304,1748,57688,262,2468,2007,29795,1439,41992,2268,71787,California
San Luis Obispo,2021-03-18,2826,114286,1449,52753,1163,58851,214,2682,1351,29891,1468,43460,1564,73351,California
San Luis Obispo,2021-03-19,2600,116886,1573,54326,705,59556,322,3004,964,29552,1627,45087,1288,74639,California
San Luis Obispo,2021-03-20,840,117726,501,54827,302,59858,37,3041,385,29520,454,45541,422,75061,California
San Luis Obispo,2021-03-21,189,117915,45,54872,140,59998,4,3045,159,29653,29,45570,162,75223,California
San Luis Obispo,2021-03-22,2764,120679,1174,56046,1542,61540,48,3093,1930,30801,830,46400,1978,77201,California
San Luis Obispo,2021-03-23,3348,124027,2227,58273,1092,62632,29,3122,2226,31939,1117,47517,2255,79456,California
San Luis Obispo,2021-03-24,3571,127598,2186,60459,1300,63932,85,3207,2661,33780,904,48421,2745,82201,California
San Luis Obispo,2021-03-25,3707,131305,2325,62784,1370,65302,12,3219,2654,35397,1048,49469,2665,84866,California
San Luis Obispo,2021-03-26,3257,134562,1802,64586,1022,66324,433,3652,1824,36226,1428,50897,2257,87123,California
San Luis Obispo,2021-03-27,1005,135567,508,65094,406,66730,91,3743,452,36218,551,51448,543,87666,California
San Luis Obispo,2021-03-28,621,136188,155,65249,410,67140,56,3799,418,36491,202,51650,475,88141,California
San Luis Obispo,2021-03-29,2629,138817,1323,66572,1173,68313,133,3932,1680,37371,934,52584,1814,89955,California
San Luis Obispo,2021-03-30,3534,142351,1938,68510,1455,69768,141,4073,2344,38672,1183,53767,2484,92439,California
San Luis Obispo,2021-03-31,3893,146244,2476,70986,1269,71037,148,4221,2503,39943,1379,55146,2650,95089,California
San Luis Obispo,2021-04-01,3901,150145,2471,73457,1312,72349,118,4339,2721,41615,1165,56311,2837,97926,California
San Luis Obispo,2021-04-02,1759,151904,691,74148,753,73102,315,4654,955,42082,801,57112,1268,99194,California
San Luis Obispo,2021-04-03,1112,153016,556,74704,429,73531,127,4781,494,42089,614,57726,621,99815,California
San Luis Obispo,2021-04-04,389,153405,134,74838,215,73746,40,4821,241,42222,148,57874,281,100096,California
San Luis Obispo,2021-04-05,3639,157044,1940,76778,1586,75332,113,4934,2038,42775,1597,59471,2150,102246,California
San Luis Obispo,2021-04-06,4165,161209,2202,78980,1639,76971,324,5258,1978,42899,2178,61649,2302,104548,California
San Luis Obispo,2021-04-07,4309,165518,2346,81326,1596,78567,367,5625,2471,43911,1823,63472,2835,107383,California
San Luis Obispo,2021-04-08,4001,169519,2195,83521,1398,79965,408,6033,2139,44605,1853,65325,2547,109930,California
San Luis Obispo,2021-04-09,3688,173207,1754,85275,1173,81138,761,6794,1506,44696,2170,67495,2261,112191,California
San Luis Obispo,2021-04-10,1699,174906,570,85845,460,81598,669,7463,500,44665,1196,68691,1165,113356,California
San Luis Obispo,2021-04-11,317,175223,64,85909,186,81784,67,7530,126,44669,189,68880,193,113549,California
San Luis Obispo,2021-04-12,3426,178649,1720,87629,1544,83328,162,7692,1419,44244,2005,70885,1580,115129,California
San Luis Obispo,2021-04-13,3704,182353,2146,89775,1557,84885,1,7693,1988,44522,1712,72597,1990,117119,California
San Luis Obispo,2021-04-14,3616,185969,2064,91839,1547,86432,5,7698,1768,44463,1831,74428,1772,118891,California
San Luis Obispo,2021-04-15,3791,189760,2469,94308,1321,87753,1,7699,2038,44771,1732,76160,2040,120931,California
San Luis Obispo,2021-04-16,3685,193445,2248,96556,1433,89186,4,7703,1779,44655,1897,78057,1781,122712,California
San Luis Obispo,2021-04-17,1095,194540,433,96989,660,89846,2,7705,711,44985,383,78440,713,123425,California
San Luis Obispo,2021-04-18,328,194868,104,97093,223,90069,1,7706,115,44891,209,78649,115,123540,California
San Luis Obispo,2021-04-19,3212,198080,1354,98447,1820,91889,38,7744,1102,43928,2104,80753,1141,124681,California
San Luis Obispo,2021-04-20,3660,201740,2033,100480,1627,93516,0,7744,1349,42977,2300,83053,1349,126030,California
San Luis Obispo,2021-04-21,4007,205747,1849,102329,2158,95674,0,7744,1607,42208,2379,85432,1610,127640,California
San Luis Obispo,2021-04-22,4619,210366,2078,104407,2541,98215,0,7744,1431,40472,3169,88601,1433,129073,California
San Luis Obispo,2021-04-23,1440,211806,835,105242,601,98816,4,7748,721,40483,715,89316,726,129799,California
San Luis Obispo,2021-04-24,1083,212889,439,105681,625,99441,19,7767,509,40430,581,89897,528,130327,California
San Luis Obispo,2021-04-25,517,213406,163,105844,354,99795,0,7767,113,40143,400,90297,113,130440,California
San Luis Obispo,2021-04-26,1085,214491,397,106241,670,100465,18,7785,398,39883,675,90972,415,130855,California
San Luis Obispo,2021-04-27,3924,218415,1990,108231,1855,102320,79,7864,1534,39113,2382,93354,1612,132467,California
San Luis Obispo,2021-04-28,3819,222234,2106,110337,1641,103961,72,7936,1347,38072,2460,95814,1419,133886,California
San Luis Obispo,2021-04-29,3729,225963,2127,112464,1535,105496,67,8003,1255,36938,2457,98271,1323,135209,California
San Luis Obispo,2021-04-30,3001,228964,1685,114149,1242,106738,74,8077,923,35873,2060,100331,995,136204,California
San Luis Obispo,2021-05-01,478,229442,164,114313,279,107017,35,8112,103,35639,371,100702,137,136341,California
San Luis Obispo,2021-05-02,172,229614,53,114366,99,107116,20,8132,43,35573,129,100831,63,136404,California
San Luis Obispo,2021-05-03,892,230506,287,114653,494,107610,111,8243,223,35238,667,101498,332,136736,California
San Luis Obispo,2021-05-04,2970,233476,1917,116570,982,108592,71,8314,874,34091,2089,103587,942,137678,California
San Luis Obispo,2021-05-05,2851,236327,1872,118442,913,109505,66,8380,677,32673,2162,105749,744,138422,California
San Luis Obispo,2021-05-06,2843,239170,1913,120355,866,110371,64,8444,725,31363,2099,107848,789,139211,California
San Luis Obispo,2021-05-07,2365,241535,1774,122129,523,110894,68,8512,600,30287,1745,109593,669,139880,California
San Luis Obispo,2021-05-08,606,242141,343,122472,239,111133,24,8536,204,30132,383,109976,228,140108,California
San Luis Obispo,2021-05-09,166,242307,43,122515,104,111237,19,8555,46,30078,119,110095,65,140173,California
San Luis Obispo,2021-05-10,731,243038,158,122673,521,111758,52,8607,156,29714,570,110665,206,140379,California
San Luis Obispo,2021-05-11,1215,244253,597,123270,543,112301,75,8682,382,29344,827,111492,457,140836,California
San Luis Obispo,2021-05-12,2506,246759,1609,124879,814,113115,83,8765,695,28328,1794,113286,778,141614,California
San Luis Obispo,2021-05-13,1184,247943,716,125595,406,113521,62,8827,488,28187,690,113976,549,142163,California
San Luis Obispo,2021-05-14,2260,250203,1641,127236,567,114088,52,8879,930,27856,1312,115288,981,143144,California
San Luis Obispo,2021-05-15,990,251193,456,127692,500,114588,34,8913,465,27834,522,115810,500,143644,California
San Luis Obispo,2021-05-16,310,251503,166,127858,138,114726,6,8919,176,27883,133,115943,182,143826,California
San Luis Obispo,2021-05-17,1686,253189,976,128834,650,115376,60,8979,666,27598,1011,116954,726,144552,California
San Luis Obispo,2021-05-18,1905,255094,1160,129994,713,116089,32,9011,721,27174,1178,118132,754,145306,California
San Luis Obispo,2021-05-19,1459,256553,626,130620,770,116859,63,9074,407,26597,1046,119178,469,145775,California
San Luis Obispo,2021-05-20,1149,257702,499,131119,613,117472,37,9111,340,26176,798,119976,377,146152,California
San Luis Obispo,2021-05-21,1106,258808,573,131692,492,117964,41,9152,510,26141,586,120562,551,146703,California
San Luis Obispo,2021-05-22,682,259490,325,132017,334,118298,23,9175,339,26167,336,120898,362,147065,California
San Luis Obispo,2021-05-23,147,259637,69,132086,72,118370,6,9181,52,26131,94,120992,58,147123,California
San Luis Obispo,2021-05-24,562,260199,262,132348,266,118636,34,9215,200,26005,360,121352,234,147357,California
San Luis Obispo,2021-05-25,881,261080,429,132777,425,119061,27,9242,346,25850,527,121879,372,147729,California
San Luis Obispo,2021-05-26,2145,263225,995,133772,1095,120156,55,9297,666,25098,1472,123351,720,148449,California
San Luis Obispo,2021-05-27,1877,265102,666,134438,1179,121335,32,9329,490,24237,1382,124733,521,148970,California
San Luis Obispo,2021-05-28,911,266013,463,134901,427,121762,21,9350,479,24307,430,125163,500,149470,California
San Luis Obispo,2021-05-29,377,266390,153,135054,213,121975,11,9361,208,24359,168,125331,220,149690,California
San Luis Obispo,2021-05-30,89,266479,36,135090,45,122020,8,9369,34,24346,54,125385,41,149731,California
San Luis Obispo,2021-05-31,41,266520,5,135095,23,122043,13,9382,16,24350,24,125409,28,149759,California
San Luis Obispo,2021-06-01,753,267273,325,135420,398,122441,30,9412,268,24167,481,125890,298,150057,California
San Luis Obispo,2021-06-02,639,267912,288,135708,311,122752,40,9452,187,23947,446,126336,226,150283,California
San Luis Obispo,2021-06-03,915,268827,454,136162,430,123182,31,9483,251,23568,661,126997,282,150565,California
San Luis Obispo,2021-06-04,2478,271305,1521,137683,917,124099,40,9523,702,22545,1763,128760,740,151305,California
San Luis Obispo,2021-06-05,662,271967,288,137971,353,124452,21,9544,317,22539,344,129104,338,151643,California
San Luis Obispo,2021-06-06,185,272152,132,138103,44,124496,9,9553,46,22455,139,129243,55,151698,California
San Luis Obispo,2021-06-07,546,272698,359,138462,149,124645,38,9591,155,22259,389,129632,193,151891,California
San Luis Obispo,2021-06-08,808,273506,525,138987,242,124887,41,9632,244,21984,560,130192,285,152176,California
San Luis Obispo,2021-06-09,637,274143,354,139341,252,125139,31,9663,185,21750,450,130642,216,152392,California
San Luis Obispo,2021-06-10,757,274900,365,139706,353,125492,39,9702,223,21480,532,131174,262,152654,California
San Luis Obispo,2021-06-11,938,275838,541,140247,361,125853,36,9738,340,21263,594,131768,377,153031,California
San Luis Obispo,2021-06-12,394,276232,270,140517,121,125974,3,9741,168,21209,225,131993,171,153202,California
San Luis Obispo,2021-06-13,159,276391,91,140608,65,126039,3,9744,42,21137,117,132110,45,153247,California
San Luis Obispo,2021-06-14,455,276846,298,140906,126,126165,31,9775,129,20972,323,132433,158,153405,California
San Luis Obispo,2021-06-15,638,277484,397,141303,203,126368,38,9813,236,20847,398,132831,273,153678,California
San Luis Obispo,2021-06-16,614,278098,361,141664,222,126590,31,9844,177,20624,430,133261,207,153885,California
San Luis Obispo,2021-06-17,598,278696,341,142005,231,126821,26,9870,197,20447,400,133661,223,154108,California
San Luis Obispo,2021-06-18,788,279484,505,142510,237,127058,46,9916,278,20266,506,134167,325,154433,California
San Luis Obispo,2021-06-19,266,279750,151,142661,101,127159,14,9930,100,20216,164,134331,114,154547,California
San Luis Obispo,2021-06-20,109,279859,72,142733,29,127188,8,9938,44,20204,64,134395,52,154599,California
San Luis Obispo,2021-06-21,350,280209,221,142954,103,127291,26,9964,155,20192,193,134588,181,154780,California
San Luis Obispo,2021-06-22,614,280823,360,143314,223,127514,31,9995,275,20161,337,134925,306,155086,California
San Luis Obispo,2021-06-23,496,281319,272,143586,203,127717,21,10016,239,20164,257,135182,260,155346,California
San Luis Obispo,2021-06-24,463,281782,262,143848,175,127892,26,10042,203,20137,256,135438,229,155575,California
San Luis Obispo,2021-06-25,525,282307,212,144060,292,128184,21,10063,210,20057,309,135747,229,155804,California
San Luis Obispo,2021-06-26,151,282458,95,144155,55,128239,1,10064,73,20053,78,135825,74,155878,California
San Mateo,2020-12-15,27,27,27,27,0,0,0,0,27,27,0,0,27,27,California
San Mateo,2020-12-16,112,139,112,139,0,0,0,0,112,139,0,0,112,139,California
San Mateo,2020-12-17,174,313,174,313,0,0,0,0,174,313,0,0,174,313,California
San Mateo,2020-12-18,775,1088,773,1086,2,2,0,0,775,1088,0,0,775,1088,California
San Mateo,2020-12-19,519,1607,519,1605,0,2,0,0,519,1607,0,0,519,1607,California
San Mateo,2020-12-20,508,2115,507,2112,1,3,0,0,508,2115,0,0,508,2115,California
San Mateo,2020-12-21,1147,3262,1146,3258,1,4,0,0,1147,3262,0,0,1147,3262,California
San Mateo,2020-12-22,1517,4779,1509,4767,8,12,0,0,1516,4777,1,1,1516,4778,California
San Mateo,2020-12-23,1571,6350,1380,6147,191,203,0,0,1571,6348,0,1,1571,6349,California
San Mateo,2020-12-24,869,7219,611,6758,258,461,0,0,869,7217,0,1,869,7218,California
San Mateo,2020-12-25,114,7333,110,6868,4,465,0,0,114,7331,0,1,114,7332,California
San Mateo,2020-12-26,563,7896,418,7286,145,610,0,0,563,7894,0,1,563,7895,California
San Mateo,2020-12-27,304,8200,173,7459,131,741,0,0,304,8198,0,1,304,8199,California
San Mateo,2020-12-28,1060,9260,710,8169,350,1091,0,0,1060,9258,0,1,1060,9259,California
San Mateo,2020-12-29,1139,10399,715,8884,424,1515,0,0,1139,10397,0,1,1139,10398,California
San Mateo,2020-12-30,1269,11668,764,9648,505,2020,0,0,1269,11666,0,1,1269,11667,California
San Mateo,2020-12-31,713,12381,230,9878,483,2503,0,0,712,12377,1,2,712,12379,California
San Mateo,2021-01-01,114,12495,78,9956,36,2539,0,0,114,12491,0,2,114,12493,California
San Mateo,2021-01-02,403,12898,273,10229,130,2669,0,0,403,12894,0,2,403,12896,California
San Mateo,2021-01-03,284,13182,209,10438,75,2744,0,0,281,13172,3,5,281,13177,California
San Mateo,2021-01-04,1054,14236,681,11119,373,3117,0,0,1054,14226,0,5,1054,14231,California
San Mateo,2021-01-05,1217,15453,716,11835,501,3618,0,0,1183,15376,34,39,1184,15415,California
San Mateo,2021-01-06,1461,16914,959,12794,502,4120,0,0,1267,16453,191,230,1268,16683,California
San Mateo,2021-01-07,1464,18378,817,13611,647,4767,0,0,1153,17302,304,534,1153,17836,California
San Mateo,2021-01-08,1857,20235,1202,14813,655,5422,0,0,1141,17734,709,1243,1141,18977,California
San Mateo,2021-01-09,1184,21419,783,15596,401,5823,0,0,719,17988,465,1708,719,19696,California
San Mateo,2021-01-10,709,22128,579,16175,130,5953,0,0,268,17815,441,2149,268,19964,California
San Mateo,2021-01-11,2614,24742,1507,17682,1107,7060,0,0,1536,18275,1078,3227,1538,21502,California
San Mateo,2021-01-12,3455,28197,1939,19621,1516,8576,0,0,2231,19296,1215,4442,2236,23738,California
San Mateo,2021-01-13,3420,31617,1673,21294,1747,10323,0,0,2369,20616,1051,5493,2371,26109,California
San Mateo,2021-01-14,3802,35419,1610,22904,2192,12515,0,0,3099,23017,703,6196,3104,29213,California
San Mateo,2021-01-15,4354,39773,1738,24642,2616,15131,0,0,3803,26274,548,6744,3805,33018,California
San Mateo,2021-01-16,3089,42862,771,25413,2318,17449,0,0,2758,28704,329,7073,2759,35777,California
San Mateo,2021-01-17,1315,44177,303,25716,1012,18461,0,0,1111,29611,204,7277,1111,36888,California
San Mateo,2021-01-18,1372,45549,543,26259,829,19290,0,0,991,30224,378,7655,991,37879,California
San Mateo,2021-01-19,2810,48359,1799,28058,1011,20301,0,0,2006,31429,801,8456,2006,39885,California
San Mateo,2021-01-20,2817,51176,1553,29611,1264,21565,0,0,1967,32550,847,9303,1968,41853,California
San Mateo,2021-01-21,2888,54064,1309,30920,1579,23144,0,0,2297,34261,589,9892,2300,44153,California
San Mateo,2021-01-22,2834,56898,1145,32065,1689,24833,0,0,2526,36483,305,10197,2527,46680,California
San Mateo,2021-01-23,2897,59795,1688,33753,1209,26042,0,0,2528,38643,369,10566,2529,49209,California
San Mateo,2021-01-24,1519,61314,376,34129,1143,27185,0,0,1208,39542,310,10876,1209,50418,California
San Mateo,2021-01-25,4434,65748,3152,37281,1282,28467,0,0,3525,42165,906,11782,3529,53947,California
San Mateo,2021-01-26,4352,70100,3007,40288,1345,29812,0,0,3417,44650,933,12715,3418,57365,California
San Mateo,2021-01-27,2832,72932,1478,41766,1354,31166,0,0,1822,45469,1004,13719,1823,59188,California
San Mateo,2021-01-28,2830,75762,1368,43134,1462,32628,0,0,1972,46598,843,14562,1972,61160,California
San Mateo,2021-01-29,3025,78787,1355,44489,1670,34298,0,0,2175,47927,848,15410,2177,63337,California
San Mateo,2021-01-30,3419,82206,1489,45978,1930,36228,0,0,2952,50414,466,15876,2953,66290,California
San Mateo,2021-01-31,1693,83899,900,46878,793,37021,0,0,1529,51781,162,16038,1529,67819,California
San Mateo,2021-02-01,2966,86865,1370,48248,1596,38617,0,0,2235,53290,727,16765,2236,70055,California
San Mateo,2021-02-02,3254,90119,1750,49998,1504,40121,0,0,2210,54459,1041,17806,2210,72265,California
San Mateo,2021-02-03,5033,95152,2078,52076,2955,43076,0,0,3882,57194,1148,18954,3883,76148,California
San Mateo,2021-02-04,6251,101403,2510,54586,3741,46817,0,0,4967,60886,1279,20233,4971,81119,California
San Mateo,2021-02-05,6842,108245,2555,57141,4287,51104,0,0,5006,64074,1818,22051,5006,86125,California
San Mateo,2021-02-06,3287,111532,1913,59054,1374,52478,0,0,2629,66048,657,22708,2631,88756,California
San Mateo,2021-02-07,1901,113433,1343,60397,558,53036,0,0,1710,67567,191,22899,1710,90466,California
San Mateo,2021-02-08,5303,118736,2265,62662,3038,56074,0,0,3127,68583,2111,25010,3127,93593,California
San Mateo,2021-02-09,6196,124932,3215,65877,2981,59055,0,0,3336,69065,2854,27864,3336,96929,California
San Mateo,2021-02-10,6541,131473,3287,69164,3254,62309,0,0,3440,69417,3088,30952,3440,100369,California
San Mateo,2021-02-11,7108,138581,3601,72765,3507,65816,0,0,3816,69952,3283,34235,3818,104187,California
San Mateo,2021-02-12,6688,145269,2999,75764,3689,69505,0,0,4732,72734,1952,36187,4734,108921,California
San Mateo,2021-02-13,6141,151410,4028,79792,2113,71618,0,0,2648,71894,3488,39675,2648,111569,California
San Mateo,2021-02-14,4656,156066,3029,82821,1627,73245,0,0,1988,71221,2662,42337,1989,113558,California
San Mateo,2021-02-15,3178,159244,1460,84281,1718,74963,0,0,1794,71638,1378,43715,1795,115353,California
San Mateo,2021-02-16,7190,166434,1904,86185,5286,80249,0,0,5294,75040,1894,45609,5296,120649,California
San Mateo,2021-02-17,7116,173550,1985,88170,5131,85380,0,0,5051,78032,2060,47669,5052,125701,California
San Mateo,2021-02-18,6729,180279,4631,92801,2098,87478,0,0,4459,80228,2266,49935,4462,130163,California
San Mateo,2021-02-19,7868,188147,5623,98424,2245,89723,0,0,5823,84013,2038,51973,5823,135986,California
San Mateo,2021-02-20,3808,191955,2463,100887,1345,91068,0,0,2343,84900,1457,53430,2344,138330,California
San Mateo,2021-02-21,2674,194629,1808,102695,866,91934,0,0,1592,85418,1075,54505,1593,139923,California
San Mateo,2021-02-22,4499,199128,3261,105956,1238,93172,0,0,2833,86592,1660,56165,2834,142757,California
San Mateo,2021-02-23,4418,203546,3158,109114,1260,94432,0,0,2575,87333,1834,57999,2575,145332,California
San Mateo,2021-02-24,7390,210936,3328,112442,4062,98494,0,0,4899,89751,2482,60481,4900,150232,California
San Mateo,2021-02-25,9317,220253,4149,116591,5168,103662,0,0,6142,92736,3158,63639,6143,156375,California
San Mateo,2021-02-26,10073,230326,3890,120481,6183,109845,0,0,6975,96632,3083,66722,6979,163354,California
San Mateo,2021-02-27,6910,237236,3569,124050,3340,113185,1,1,3763,97262,3140,69862,3770,167124,California
San Mateo,2021-02-28,4466,241702,2756,126806,1710,114895,0,1,2683,98171,1775,71637,2684,169808,California
San Mateo,2021-03-01,6051,247753,3813,130619,2234,117129,4,5,2991,98123,3045,74682,2997,172805,California
San Mateo,2021-03-02,6291,254044,4466,135085,1824,118953,1,6,3618,99078,2665,77347,3620,176425,California
San Mateo,2021-03-03,8548,262592,4039,139124,4507,123460,2,8,3706,97957,4829,82176,3708,180133,California
San Mateo,2021-03-04,8574,271166,4021,143145,4549,128009,4,12,3876,97163,4676,86852,3882,184015,California
San Mateo,2021-03-05,9401,280567,6259,149404,3138,131147,4,16,6587,100965,2792,89644,6594,190609,California
San Mateo,2021-03-06,8004,288571,5565,154969,2263,133410,176,192,5868,104885,2124,91768,6044,196653,California
San Mateo,2021-03-07,3631,292202,2456,157425,1104,134514,71,263,2140,105611,1487,93255,2213,198866,California
San Mateo,2021-03-08,4556,296758,2576,160001,1760,136274,220,483,3329,107938,1220,94475,3547,202413,California
San Mateo,2021-03-09,5354,302112,2871,162872,2207,138481,276,759,3729,110326,1613,96088,4001,206414,California
San Mateo,2021-03-10,7279,309391,2956,165828,4037,142518,286,1045,4838,113023,2425,98513,5122,211536,California
San Mateo,2021-03-11,9197,318588,5765,171593,3039,145557,393,1438,3736,111720,5428,103941,4125,215661,California
San Mateo,2021-03-12,10654,329242,6708,178301,3558,149115,388,1826,3597,108668,7036,110977,3984,219645,California
San Mateo,2021-03-13,8254,337496,3535,181836,3084,152199,1635,3461,3984,110021,4254,115231,5607,225252,California
San Mateo,2021-03-14,5033,342529,3397,185233,1527,153726,109,3570,2659,110423,2366,117597,2768,228020,California
San Mateo,2021-03-15,7245,349774,4677,189910,2389,156115,179,3749,3803,110971,3435,121032,3983,232003,California
San Mateo,2021-03-16,12028,361802,4435,194345,7468,163583,125,3874,4842,108774,7167,128199,4970,236973,California
San Mateo,2021-03-17,10986,372788,4481,198826,6359,169942,146,4020,4967,107899,5990,134189,5115,242088,California
San Mateo,2021-03-18,7420,380208,4162,202988,3067,173009,191,4211,4411,109498,3001,137190,4600,246688,California
San Mateo,2021-03-19,7602,387810,4907,207895,2022,175031,673,4884,3654,109888,3937,141127,4327,251015,California
San Mateo,2021-03-20,8423,396233,6556,214451,1532,176563,335,5219,5370,112559,3034,144161,5705,256720,California
San Mateo,2021-03-21,4289,400522,3250,217701,806,177369,233,5452,2294,113099,1984,146145,2524,259244,California
San Mateo,2021-03-22,5392,405914,3674,221375,1293,178662,425,5877,2846,113838,2531,148676,3270,262514,California
San Mateo,2021-03-23,9964,415878,4590,225965,5175,183837,199,6076,4498,113101,5434,154110,4697,267211,California
San Mateo,2021-03-24,9601,425479,5548,231513,3907,187744,146,6222,4109,111938,5415,159525,4252,271463,California
San Mateo,2021-03-25,10204,435683,5017,236530,4918,192662,269,6491,4458,111026,5641,165166,4729,276192,California
San Mateo,2021-03-26,11350,447033,7794,244324,3388,196050,168,6659,4335,108557,6972,172138,4503,280695,California
San Mateo,2021-03-27,10606,457639,8109,252433,2386,198436,111,6770,4672,107424,5915,178053,4782,285477,California
San Mateo,2021-03-28,4301,461940,2783,255216,1405,199841,113,6883,1995,107240,2296,180349,2112,287589,California
San Mateo,2021-03-29,6119,468059,3795,259011,2068,201909,256,7139,2740,106876,3360,183709,2996,290585,California
San Mateo,2021-03-30,7216,475275,4105,263116,2957,204866,154,7293,3884,107597,3317,187026,4038,294623,California
San Mateo,2021-03-31,7369,482644,4650,267766,2577,207443,142,7435,3873,108134,3478,190504,4015,298638,California
San Mateo,2021-04-01,10702,493346,5282,273048,4202,211645,1218,8653,5737,110170,4914,195418,6950,305588,California
San Mateo,2021-04-02,10973,504319,5243,278291,4130,215775,1600,10253,5769,112350,5180,200598,7360,312948,California
San Mateo,2021-04-03,10036,514355,5785,284076,2477,218252,1774,12027,5112,114320,4914,205512,6884,319832,California
San Mateo,2021-04-04,5472,519827,2636,286712,1578,219830,1258,13285,1708,113535,3748,209260,2963,322795,California
San Mateo,2021-04-05,9068,528895,4827,291539,2496,222326,1745,15030,3877,113980,5173,214433,5618,328413,California
San Mateo,2021-04-06,13286,542181,8295,299834,3131,225457,1860,16890,7568,117710,5702,220135,9432,337845,California
San Mateo,2021-04-07,11528,553709,5347,305181,4482,229939,1699,18589,4892,117678,6615,226750,6583,344428,California
San Mateo,2021-04-08,10274,563983,5119,310300,2538,232477,2617,21206,4548,119122,5706,232456,7150,351578,California
San Mateo,2021-04-09,11453,575436,5582,315882,3370,235847,2501,23707,5134,120433,6315,238771,7626,359204,California
San Mateo,2021-04-10,11315,586751,5756,321638,4112,239959,1447,25154,4679,119948,6604,245375,6119,365323,California
San Mateo,2021-04-11,6658,593409,3308,324946,879,240838,2471,27625,2317,120396,4334,249709,4782,370105,California
San Mateo,2021-04-12,7435,600844,4532,329478,1923,242761,980,28605,3579,121116,3834,253543,4554,374659,California
San Mateo,2021-04-13,8302,609146,5166,334644,3125,245886,11,28616,4385,121610,3904,257447,4398,379057,California
San Mateo,2021-04-14,8438,617584,5441,340085,2996,248882,1,28617,4310,121820,4109,261556,4319,383376,California
San Mateo,2021-04-15,11303,628887,7497,347582,3804,252686,2,28619,7359,125266,3917,265473,7363,390739,California
San Mateo,2021-04-16,10156,639043,6970,354552,3170,255856,16,28635,6417,127990,3715,269188,6439,397178,California
San Mateo,2021-04-17,9867,648910,6569,361121,3296,259152,2,28637,6238,130620,3617,272805,6247,403425,California
San Mateo,2021-04-18,5737,654647,2870,363991,2867,262019,0,28637,3852,132608,1870,274675,3858,407283,California
San Mateo,2021-04-19,8528,663175,5544,369535,2984,265003,0,28637,5533,135174,2979,277654,5545,412828,California
San Mateo,2021-04-20,10843,674018,6208,375743,4634,269637,1,28638,6936,138240,3882,281536,6948,419776,California
San Mateo,2021-04-21,9891,683909,6872,382615,3017,272654,2,28640,6125,140629,3744,285280,6133,425909,California
San Mateo,2021-04-22,10168,694077,6912,389527,3255,275909,1,28641,5680,141863,4452,289732,5686,431595,California
San Mateo,2021-04-23,10002,704079,6707,396234,3295,279204,0,28641,5610,143128,4363,294095,5628,437223,California
San Mateo,2021-04-24,11301,715380,8053,404287,3248,282452,0,28641,5820,143500,5458,299553,5830,443053,California
San Mateo,2021-04-25,5560,720940,3880,408167,1678,284130,2,28643,3953,145877,1591,301144,3968,447021,California
San Mateo,2021-04-26,6904,727844,5010,413177,1886,286016,8,28651,4000,147007,2890,304034,4020,451041,California
San Mateo,2021-04-27,11617,739461,8207,421384,3255,289271,155,28806,4760,145109,6823,310857,4925,455966,California
San Mateo,2021-04-28,8207,747668,4776,426160,3226,292497,205,29011,4376,145882,3815,314672,4588,460554,California
San Mateo,2021-04-29,8449,756117,4077,430237,4199,296696,173,29184,3831,145314,4589,319261,4021,464575,California
San Mateo,2021-04-30,8463,764580,5367,435604,2942,299638,154,29338,3630,144313,4804,324065,3803,468378,California
San Mateo,2021-05-01,6217,770797,4152,439756,1947,301585,118,29456,2691,143627,3508,327573,2822,471200,California
San Mateo,2021-05-02,3193,773990,1752,441508,1371,302956,70,29526,1153,142824,2031,329604,1228,472428,California
San Mateo,2021-05-03,6092,780082,4540,446048,1407,304363,145,29671,1852,140593,4229,333833,1998,474426,California
San Mateo,2021-05-04,7687,787769,5307,451355,2208,306571,172,29843,2547,138206,5125,338958,2738,477164,California
San Mateo,2021-05-05,7180,794949,4763,456118,2258,308829,159,30002,2456,136130,4694,343652,2618,479782,California
San Mateo,2021-05-06,8929,803878,7040,463158,1714,310543,175,30177,1791,130982,7118,350770,1970,481752,California
San Mateo,2021-05-07,8420,812298,6066,469224,2069,312612,285,30462,1865,126615,6530,357300,2163,483915,California
San Mateo,2021-05-08,7017,819315,4387,473611,2391,315003,239,30701,1926,123706,5078,362378,2169,486084,California
San Mateo,2021-05-09,3155,822470,2460,476071,621,315624,74,30775,944,122525,2200,364578,1019,487103,California
San Mateo,2021-05-10,4805,827275,3498,479569,1137,316761,170,30945,743,119395,4052,368630,922,488025,California
San Mateo,2021-05-11,7252,834527,5547,485116,1576,318337,129,31074,1713,115718,5521,374151,1844,489869,California
San Mateo,2021-05-12,7070,841597,5149,490265,1706,320043,215,31289,1431,111742,5625,379776,1649,491518,California
San Mateo,2021-05-13,9766,851363,7348,497613,2321,322364,97,31386,3419,108960,6312,386088,3530,495048,California
San Mateo,2021-05-14,8569,859932,6348,503961,2106,324470,115,31501,2575,105682,5974,392062,2696,497744,California
San Mateo,2021-05-15,10634,870566,8333,512294,2199,326669,102,31603,4703,104590,5918,397980,4826,502570,California
San Mateo,2021-05-16,7280,877846,5201,517495,2008,328677,71,31674,2267,101936,4993,402973,2339,504909,California
San Mateo,2021-05-17,7210,885056,5126,522621,1975,330652,109,31783,2131,99118,5062,408035,2244,507153,California
San Mateo,2021-05-18,8555,893611,5919,528540,2538,333190,98,31881,3059,96910,5371,413406,3163,510316,California
San Mateo,2021-05-19,7925,901536,5909,534449,1894,335084,122,32003,3554,96265,4324,417730,3679,513995,California
San Mateo,2021-05-20,5765,907301,3591,538040,2040,337124,134,32137,2169,95000,3570,421300,2305,516300,California
San Mateo,2021-05-21,7026,914327,4780,542820,2101,339225,145,32282,1870,91880,5135,426435,2015,518315,California
San Mateo,2021-05-22,6345,920672,4315,547135,1963,341188,67,32349,2621,90865,3705,430140,2690,521005,California
San Mateo,2021-05-23,3071,923743,1740,548875,1242,342430,89,32438,1161,90217,1898,432038,1250,522255,California
San Mateo,2021-05-24,3667,927410,2441,551316,1077,343507,149,32587,1223,89163,2424,434462,1370,523625,California
San Mateo,2021-05-25,4785,932195,3015,554331,1590,345097,180,32767,1576,87735,3187,437649,1759,525384,California
San Mateo,2021-05-26,5721,937916,3079,557410,2524,347621,118,32885,1780,85714,3919,441568,1898,527282,California
San Mateo,2021-05-27,3775,941691,2203,559613,1473,349094,99,32984,1198,84455,2552,444120,1293,528575,California
San Mateo,2021-05-28,3519,945210,2205,561818,1229,350323,85,33069,1309,83678,2170,446290,1393,529968,California
San Mateo,2021-05-29,3227,948437,2281,564099,895,351218,51,33120,1231,82991,1968,448258,1281,531249,California
San Mateo,2021-05-30,1627,950064,1098,565197,468,351686,61,33181,638,82710,980,449238,699,531948,California
San Mateo,2021-05-31,437,950501,274,565471,155,351841,8,33189,159,82601,276,449514,167,532115,California
San Mateo,2021-06-01,3340,953841,1975,567446,1269,353110,96,33285,955,81279,2372,451886,1050,533165,California
San Mateo,2021-06-02,2773,956614,1838,569284,857,353967,78,33363,1057,80712,1700,453586,1133,534298,California
San Mateo,2021-06-03,3815,960429,2997,572281,705,354672,113,33476,832,78684,2969,456555,941,535239,California
San Mateo,2021-06-04,4129,964558,3183,575464,851,355523,95,33571,1119,76895,2990,459545,1201,536440,California
San Mateo,2021-06-05,5144,969702,4494,579958,550,356073,100,33671,957,73797,4155,463700,1057,537497,California
San Mateo,2021-06-06,2499,972201,2061,582019,377,356450,61,33732,470,72316,2008,465708,527,538024,California
San Mateo,2021-06-07,3114,975315,2610,584629,424,356874,80,33812,700,70687,2407,468115,778,538802,California
San Mateo,2021-06-08,4073,979388,3444,588073,525,357399,104,33916,967,68688,3071,471186,1072,539874,California
San Mateo,2021-06-09,4142,983530,3568,591641,504,357903,70,33986,619,65865,3510,474696,687,540561,California
San Mateo,2021-06-10,2959,986489,2390,594031,453,358356,116,34102,751,64540,2192,476888,867,541428,California
San Mateo,2021-06-11,2847,989336,2285,596316,451,358807,111,34213,908,63631,1928,478816,1019,542447,California
San Mateo,2021-06-12,3145,992481,2804,599120,260,359067,81,34294,773,62128,2357,481173,854,543301,California
San Mateo,2021-06-13,1404,993885,1054,600174,287,359354,63,34357,346,61494,1043,482216,409,543710,California
San Mateo,2021-06-14,2424,996309,2095,602269,246,359600,83,34440,690,60564,1703,483919,773,544483,California
San Mateo,2021-06-15,2262,998571,1797,604066,345,359945,120,34560,682,59803,1562,485481,801,545284,California
San Mateo,2021-06-16,2443,1001014,2025,606091,261,360206,157,34717,703,58961,1697,487178,855,546139,California
San Mateo,2021-06-17,1944,1002958,1606,607697,250,360456,88,34805,688,58531,1206,488384,776,546915,California
San Mateo,2021-06-18,2126,1005084,1786,609483,263,360719,77,34882,618,57733,1489,489873,691,547606,California
San Mateo,2021-06-19,1778,1006862,1560,611043,159,360878,59,34941,587,57259,1119,490992,645,548251,California
San Mateo,2021-06-20,769,1007631,698,611741,60,360938,11,34952,286,57107,449,491441,297,548548,California
San Mateo,2021-06-21,1238,1008869,926,612667,239,361177,73,35025,599,57148,633,492074,674,549222,California
San Mateo,2021-06-22,1589,1010458,1286,613953,208,361385,95,35120,597,56864,975,493049,691,549913,California
San Mateo,2021-06-23,1839,1012297,1562,615515,175,361560,102,35222,617,56394,1189,494238,719,550632,California
San Mateo,2021-06-24,1382,1013679,1052,616567,232,361792,98,35320,484,56092,881,495119,579,551211,California
San Mateo,2021-06-25,1647,1015326,1374,617941,204,361996,69,35389,608,55741,1028,496147,677,551888,California
San Mateo,2021-06-26,817,1016143,661,618602,103,362099,53,35442,312,55607,499,496646,365,552253,California
Santa Barbara,2020-12-15,2,2,2,2,0,0,0,0,2,2,0,0,2,2,California
Santa Barbara,2020-12-16,2,4,2,4,0,0,0,0,2,4,0,0,2,4,California
Santa Barbara,2020-12-17,56,60,56,60,0,0,0,0,56,60,0,0,56,60,California
Santa Barbara,2020-12-18,382,442,381,441,1,1,0,0,382,442,0,0,382,442,California
Santa Barbara,2020-12-19,325,767,325,766,0,1,0,0,325,767,0,0,325,767,California
Santa Barbara,2020-12-20,236,1003,236,1002,0,1,0,0,236,1003,0,0,236,1003,California
Santa Barbara,2020-12-21,656,1659,654,1656,2,3,0,0,656,1659,0,0,656,1659,California
Santa Barbara,2020-12-22,247,1906,245,1901,2,5,0,0,247,1906,0,0,247,1906,California
Santa Barbara,2020-12-23,325,2231,207,2108,118,123,0,0,325,2231,0,0,325,2231,California
Santa Barbara,2020-12-24,88,2319,40,2148,48,171,0,0,88,2319,0,0,88,2319,California
Santa Barbara,2020-12-26,326,2645,66,2214,260,431,0,0,326,2645,0,0,326,2645,California
Santa Barbara,2020-12-27,62,2707,1,2215,61,492,0,0,62,2707,0,0,62,2707,California
Santa Barbara,2020-12-28,357,3064,224,2439,133,625,0,0,357,3064,0,0,357,3064,California
Santa Barbara,2020-12-29,561,3625,358,2797,203,828,0,0,561,3625,0,0,561,3625,California
Santa Barbara,2020-12-30,582,4207,399,3196,183,1011,0,0,582,4207,0,0,582,4207,California
Santa Barbara,2020-12-31,242,4449,114,3310,128,1139,0,0,242,4449,0,0,242,4449,California
Santa Barbara,2021-01-01,117,4566,111,3421,6,1145,0,0,117,4566,0,0,117,4566,California
Santa Barbara,2021-01-02,598,5164,232,3653,366,1511,0,0,598,5164,0,0,598,5164,California
Santa Barbara,2021-01-03,23,5187,15,3668,8,1519,0,0,23,5187,0,0,23,5187,California
Santa Barbara,2021-01-04,306,5493,243,3911,63,1582,0,0,305,5492,0,0,305,5492,California
Santa Barbara,2021-01-05,756,6249,380,4291,376,1958,0,0,728,6192,28,28,728,6220,California
Santa Barbara,2021-01-06,658,6907,276,4567,382,2340,0,0,597,6729,60,88,597,6817,California
Santa Barbara,2021-01-07,1032,7939,709,5276,323,2663,0,0,528,6757,500,588,528,7345,California
Santa Barbara,2021-01-08,1209,9148,849,6125,360,3023,0,0,714,6976,495,1083,714,8059,California
Santa Barbara,2021-01-09,565,9713,293,6418,272,3295,0,0,319,7049,246,1329,319,8378,California
Santa Barbara,2021-01-10,64,9777,51,6469,13,3308,0,0,47,7079,17,1346,47,8425,California
Santa Barbara,2021-01-11,846,10623,677,7146,169,3477,0,0,618,7470,227,1573,618,9043,California
Santa Barbara,2021-01-12,1445,12068,648,7794,797,4274,0,0,1285,8595,160,1733,1285,10328,California
Santa Barbara,2021-01-13,1222,13290,270,8064,952,5226,0,0,1095,9563,127,1860,1095,11423,California
Santa Barbara,2021-01-14,1257,14547,139,8203,1118,6344,0,0,1201,10710,55,1915,1202,12625,California
Santa Barbara,2021-01-15,1804,16351,421,8624,1383,7727,0,0,1721,12350,81,1996,1721,14346,California
Santa Barbara,2021-01-16,1279,17630,203,8827,1076,8803,0,0,1239,13550,39,2035,1239,15585,California
Santa Barbara,2021-01-17,126,17756,23,8850,103,8906,0,0,123,13670,3,2038,123,15708,California
Santa Barbara,2021-01-18,1153,18909,419,9269,734,9640,0,0,968,14453,185,2223,968,16676,California
Santa Barbara,2021-01-19,1643,20552,570,9839,1073,10713,0,0,1363,15539,277,2500,1363,18039,California
Santa Barbara,2021-01-20,2118,22670,550,10389,1568,12281,0,0,1759,16940,358,2858,1759,19798,California
Santa Barbara,2021-01-21,3205,25875,1923,12312,1282,13563,0,0,3045,19826,160,3018,3046,22844,California
Santa Barbara,2021-01-22,2940,28815,1783,14095,1157,14720,0,0,2777,22444,160,3178,2778,25622,California
Santa Barbara,2021-01-23,1735,30550,1104,15199,631,15351,0,0,1219,23148,515,3693,1219,26841,California
Santa Barbara,2021-01-24,847,31397,750,15949,97,15448,0,0,836,23974,10,3703,836,27677,California
Santa Barbara,2021-01-25,1239,32636,492,16441,747,16195,0,0,1003,24741,236,3939,1003,28680,California
Santa Barbara,2021-01-26,2052,34688,466,16907,1586,17781,0,0,1667,26025,383,4322,1667,30347,California
Santa Barbara,2021-01-27,1173,35861,402,17309,771,18552,0,0,911,26677,261,4583,913,31260,California
Santa Barbara,2021-01-28,899,36760,296,17605,603,19155,0,0,683,27148,212,4795,683,31943,California
Santa Barbara,2021-01-29,1352,38112,531,18136,821,19976,0,0,988,27778,360,5155,990,32933,California
Santa Barbara,2021-01-30,1907,40019,1419,19555,488,20464,0,0,1490,28854,414,5569,1490,34423,California
Santa Barbara,2021-01-31,1457,41476,1213,20768,244,20708,0,0,1418,30233,39,5608,1418,35841,California
Santa Barbara,2021-02-01,953,42429,526,21294,427,21135,0,0,553,30386,400,6008,553,36394,California
Santa Barbara,2021-02-02,1811,44240,683,21977,1128,22263,0,0,1042,30661,767,6775,1042,37436,California
Santa Barbara,2021-02-03,1963,46203,1084,23061,879,23142,0,0,1514,31736,439,7214,1514,38950,California
Santa Barbara,2021-02-04,2802,49005,1875,24936,927,24069,0,0,2501,33942,295,7509,2501,41451,California
Santa Barbara,2021-02-05,2926,51931,2078,27014,848,24917,0,0,2281,35581,642,8151,2281,43732,California
Santa Barbara,2021-02-06,1201,53132,338,27352,863,25780,0,0,791,35962,410,8561,791,44523,California
Santa Barbara,2021-02-07,311,53443,268,27620,43,25823,0,0,272,36197,37,8598,272,44795,California
Santa Barbara,2021-02-08,955,54398,311,27931,644,26467,0,0,665,36572,290,8888,665,45460,California
Santa Barbara,2021-02-09,2449,56847,315,28246,2134,28601,0,0,1122,36377,1317,10205,1122,46582,California
Santa Barbara,2021-02-10,2779,59626,1503,29749,1276,29877,0,0,775,35161,1992,12197,776,47358,California
Santa Barbara,2021-02-11,4209,63835,2819,32568,1390,31267,0,0,633,32230,3564,15761,633,47991,California
Santa Barbara,2021-02-12,3319,67154,949,33517,2370,33637,0,0,774,30467,2539,18300,776,48767,California
Santa Barbara,2021-02-13,1242,68396,344,33861,898,34535,0,0,565,30357,675,18975,565,49332,California
Santa Barbara,2021-02-14,335,68731,37,33898,298,34833,0,0,288,30599,47,19022,289,49621,California
Santa Barbara,2021-02-15,979,69710,345,34243,634,35467,0,0,498,30620,478,19500,499,50120,California
Santa Barbara,2021-02-16,2122,71832,405,34648,1717,37184,0,0,725,29952,1393,20893,725,50845,California
Santa Barbara,2021-02-17,1448,73280,326,34974,1122,38306,0,0,522,29555,922,21815,525,51370,California
Santa Barbara,2021-02-18,3273,76553,2666,37640,607,38913,0,0,1527,29374,1709,23524,1528,52898,California
Santa Barbara,2021-02-19,3601,80154,2643,40283,958,39871,0,0,2327,30431,1271,24795,2328,55226,California
Santa Barbara,2021-02-20,2268,82422,1474,41757,794,40665,0,0,1707,31588,551,25346,1708,56934,California
Santa Barbara,2021-02-21,138,82560,109,41866,29,40694,0,0,62,31576,74,25420,62,56996,California
Santa Barbara,2021-02-22,941,83501,249,42115,692,41386,0,0,274,31185,665,26085,274,57270,California
Santa Barbara,2021-02-23,3192,86693,1047,43162,2145,43531,0,0,425,28848,2763,28848,426,57696,California
Santa Barbara,2021-02-24,3221,89914,1100,44262,2121,45652,0,0,725,27087,2486,31334,725,58421,California
Santa Barbara,2021-02-25,3467,93381,1924,46186,1543,47195,0,0,992,25616,2467,33801,996,59417,California
Santa Barbara,2021-02-26,3683,97064,2182,48368,1501,48696,0,0,1984,25912,1689,35490,1985,61402,California
Santa Barbara,2021-02-27,1545,98609,566,48934,979,49675,0,0,862,26100,679,36169,867,62269,California
Santa Barbara,2021-02-28,1096,99705,223,49157,873,50548,0,0,896,26804,194,36363,898,63167,California
Santa Barbara,2021-03-01,1669,101374,488,49645,1179,51727,2,2,1107,27369,545,36908,1110,64277,California
Santa Barbara,2021-03-02,2671,104045,426,50071,2245,53972,0,2,2165,29043,493,37401,2167,66444,California
Santa Barbara,2021-03-03,4654,108699,2109,52180,2543,56515,2,4,4051,32509,592,37993,4058,70502,California
Santa Barbara,2021-03-04,3444,112143,2292,54472,1152,57667,0,4,2876,34828,559,38552,2878,73380,California
Santa Barbara,2021-03-05,3832,115975,2172,56644,1601,59268,59,63,3100,37261,727,39279,3160,76540,California
Santa Barbara,2021-03-06,2442,118417,732,57376,1491,60759,219,282,1675,38390,762,40041,1891,78431,California
Santa Barbara,2021-03-07,566,118983,123,57499,311,61070,132,414,383,38724,182,40223,516,78947,California
Santa Barbara,2021-03-08,1586,120569,383,57882,860,61930,343,757,800,39088,779,41002,1143,80090,California
Santa Barbara,2021-03-09,2801,123370,347,58229,1685,63615,769,1526,743,38543,2055,43057,1510,81600,California
Santa Barbara,2021-03-10,2774,126144,555,58784,1166,64781,1053,2579,1044,38914,1725,44782,2096,83696,California
Santa Barbara,2021-03-11,5596,131740,3038,61822,1442,66223,1116,3695,2286,39014,3295,48077,3395,87091,California
Santa Barbara,2021-03-12,3707,135447,2112,63934,1161,67384,434,4129,2182,40110,1517,49594,2613,89704,California
Santa Barbara,2021-03-13,3503,138950,1940,65874,1356,68740,207,4336,2697,42211,803,50397,2904,92608,California
Santa Barbara,2021-03-14,813,139763,395,66269,361,69101,57,4393,488,42434,324,50721,547,93155,California
Santa Barbara,2021-03-15,2122,141885,700,66969,1131,70232,291,4684,1274,43156,841,51562,1563,94718,California
Santa Barbara,2021-03-16,3737,145622,1185,68154,2209,72441,343,5027,2741,45250,991,52553,3085,97803,California
Santa Barbara,2021-03-17,3328,148950,980,69134,1944,74385,404,5431,2334,46993,991,53544,2734,100537,California
Santa Barbara,2021-03-18,5240,154190,2802,71936,2236,76621,202,5633,4011,49993,1213,54757,4213,104750,California
Santa Barbara,2021-03-19,4458,158648,2777,74713,1347,77968,334,5967,3061,51994,1393,56150,3394,108144,California
Santa Barbara,2021-03-20,2193,160841,841,75554,1335,79303,17,5984,1337,52497,853,57003,1356,109500,California
Santa Barbara,2021-03-21,1172,162013,385,75939,757,80060,30,6014,842,53043,327,57330,873,110373,California
Santa Barbara,2021-03-22,2788,164801,1922,77861,822,80882,44,6058,2223,54755,556,57886,2268,112641,California
Santa Barbara,2021-03-23,4469,169270,2254,80115,2114,82996,101,6159,3694,57784,765,58651,3794,116435,California
Santa Barbara,2021-03-24,5431,174701,3157,83272,1520,84516,754,6913,2973,59073,2434,61085,3723,120158,California
Santa Barbara,2021-03-25,5569,180270,3275,86547,2100,86616,194,7107,2785,59286,2766,63851,2979,123137,California
Santa Barbara,2021-03-26,5099,185369,3229,89776,1572,88188,298,7405,2243,58989,2839,66690,2542,125679,California
Santa Barbara,2021-03-27,2965,188334,1225,91001,1697,89885,43,7448,1623,59315,1338,68028,1664,127343,California
Santa Barbara,2021-03-28,2793,191127,1659,92660,1106,90991,28,7476,1903,60361,886,68914,1932,129275,California
Santa Barbara,2021-03-29,4045,195172,2086,94746,1889,92880,70,7546,3225,62840,816,69730,3295,132570,California
Santa Barbara,2021-03-30,6803,201975,3511,98257,3141,96021,151,7697,4532,65264,2256,71986,4680,137250,California
Santa Barbara,2021-03-31,8684,210659,5527,103784,3090,99111,67,7764,5032,66733,3630,75616,5099,142349,California
Santa Barbara,2021-04-01,7060,217719,5214,108998,1585,100696,261,8025,4174,68304,2863,78479,4434,146783,California
Santa Barbara,2021-04-02,6658,224377,4562,113560,1501,102197,595,8620,3423,69094,3227,81706,4017,150800,California
Santa Barbara,2021-04-03,3816,228193,2111,115671,1634,103831,71,8691,2517,70388,1292,82998,2586,153386,California
Santa Barbara,2021-04-04,904,229097,446,116117,417,104248,41,8732,500,70527,402,83400,541,153927,California
Santa Barbara,2021-04-05,3482,232579,2298,118415,925,105173,259,8991,2178,71669,1295,84695,2437,156364,California
Santa Barbara,2021-04-06,5495,238074,2838,121253,2116,107289,541,9532,3360,73449,2119,86814,3899,160263,California
Santa Barbara,2021-04-07,6027,244101,3290,124543,2194,109483,543,10075,4089,76151,1929,88743,4631,164894,California
Santa Barbara,2021-04-08,7429,251530,5048,129591,651,110134,1730,11805,3428,77312,3993,92736,5154,170048,California
Santa Barbara,2021-04-09,7344,258874,4887,134478,1095,111229,1362,13167,3308,77949,4026,96762,4663,174711,California
Santa Barbara,2021-04-10,6721,265595,4657,139135,1446,112675,618,13785,4570,80993,2142,98904,5186,179897,California
Santa Barbara,2021-04-11,2682,268277,1967,141102,413,113088,302,14087,1857,82328,819,99723,2154,182051,California
Santa Barbara,2021-04-12,4431,272708,2849,143951,1026,114114,556,14643,1917,82294,2506,102229,2472,184523,California
Santa Barbara,2021-04-13,6388,279096,4190,148141,2192,116306,6,14649,2663,81242,3720,105949,2668,187191,California
Santa Barbara,2021-04-14,6813,285909,4423,152564,2388,118694,2,14651,4242,82927,2560,108509,4245,191436,California
Santa Barbara,2021-04-15,7019,292928,4113,156677,2905,121599,1,14652,3808,83538,3199,111708,3810,195246,California
Santa Barbara,2021-04-16,6433,299361,3778,160455,2644,124243,11,14663,4427,85989,1986,113694,4437,199683,California
Santa Barbara,2021-04-17,5367,304728,3888,164343,1479,125722,0,14663,4132,88901,1220,114914,4132,203815,California
Santa Barbara,2021-04-18,2197,306925,1535,165878,662,126384,0,14663,389,87489,1802,116716,390,204205,California
Santa Barbara,2021-04-19,3278,310203,2261,168139,1011,127395,6,14669,1045,86316,2225,118941,1052,205257,California
Santa Barbara,2021-04-20,5978,316181,4003,172142,1974,129369,1,14670,1693,83740,4269,123210,1693,206950,California
Santa Barbara,2021-04-21,5567,321748,3682,175824,1885,131254,0,14670,1783,81759,3766,126976,1785,208735,California
Santa Barbara,2021-04-22,5135,326883,2590,178414,2544,133798,1,14671,1476,79597,3641,130617,1479,210214,California
Santa Barbara,2021-04-23,5629,332512,3899,182313,1730,135528,0,14671,1993,77969,3621,134238,1993,212207,California
Santa Barbara,2021-04-24,4427,336939,2873,185186,1549,137077,5,14676,1634,76835,2774,137012,1640,213847,California
Santa Barbara,2021-04-25,1843,338782,1183,186369,660,137737,0,14676,498,75997,1336,138348,498,214345,California
Santa Barbara,2021-04-26,3257,342039,1990,188359,1246,138983,21,14697,562,73893,2688,141036,584,214929,California
Santa Barbara,2021-04-27,3986,346025,2192,190551,1692,140675,102,14799,1175,72369,2801,143837,1277,216206,California
Santa Barbara,2021-04-28,4930,350955,2877,193428,1937,142612,116,14915,1401,70378,3512,147349,1521,217727,California
Santa Barbara,2021-04-29,5276,356231,3818,197246,1231,143843,227,15142,1436,68216,3823,151172,1661,219388,California
Santa Barbara,2021-04-30,4967,361198,3712,200958,1091,144934,164,15306,1409,66248,3540,154712,1572,220960,California
Santa Barbara,2021-05-01,5254,366452,4056,205014,1164,146098,34,15340,894,62834,4344,159056,930,221890,California
Santa Barbara,2021-05-02,1134,367586,668,205682,338,146436,128,15468,307,62443,826,159882,435,222325,California
Santa Barbara,2021-05-03,2203,369789,1476,207158,589,147025,138,15606,441,61264,1755,161637,576,222901,California
Santa Barbara,2021-05-04,3318,373107,1692,208850,1554,148579,72,15678,1150,60331,2154,163791,1221,224122,California
Santa Barbara,2021-05-05,5456,378563,3684,212534,1625,150204,147,15825,633,56304,4809,168600,782,224904,California
Santa Barbara,2021-05-06,5079,383642,3930,216464,1045,151249,104,15929,969,53283,4094,172694,1073,225977,California
Santa Barbara,2021-05-07,4663,388305,3645,220109,838,152087,180,16109,997,50806,3651,176345,1174,227151,California
Santa Barbara,2021-05-08,4307,392612,3193,223302,1016,153103,98,16207,908,48427,3386,179731,1007,228158,California
Santa Barbara,2021-05-09,700,393312,110,223412,550,153653,40,16247,462,48693,237,179968,503,228661,California
Santa Barbara,2021-05-10,1361,394673,658,224070,619,154272,84,16331,376,48169,983,180951,459,229120,California
Santa Barbara,2021-05-11,1935,396608,839,224909,800,155072,296,16627,444,47425,1481,182432,737,229857,California
Santa Barbara,2021-05-12,2078,398686,741,225650,1113,156185,224,16851,522,46627,1544,183976,746,230603,California
Santa Barbara,2021-05-13,3892,402578,2789,228439,907,157092,196,17047,1235,45413,2645,186621,1431,232034,California
Santa Barbara,2021-05-14,4153,406731,2528,230967,1531,158623,94,17141,1617,44602,2521,189142,1710,233744,California
Santa Barbara,2021-05-15,3525,410256,2564,233531,942,159565,19,17160,1844,44797,1669,190811,1864,235608,California
Santa Barbara,2021-05-16,1137,411393,521,234052,501,160066,115,17275,528,44837,603,191414,643,236251,California
Santa Barbara,2021-05-17,1642,413035,936,234988,643,160709,63,17338,863,44989,773,192187,925,237176,California
Santa Barbara,2021-05-18,1856,414891,1159,236147,601,161310,96,17434,973,45192,867,193054,1070,238246,California
Santa Barbara,2021-05-19,1770,416661,975,237122,754,162064,41,17475,806,45083,955,194009,846,239092,California
Santa Barbara,2021-05-20,1749,418410,950,238072,680,162744,119,17594,877,45220,860,194869,997,240089,California
Santa Barbara,2021-05-21,3462,421872,2342,240414,1066,163810,54,17648,1257,44342,2190,197059,1312,241401,California
Santa Barbara,2021-05-22,2468,424340,1705,242119,719,164529,44,17692,1396,44719,1064,198123,1441,242842,California
Santa Barbara,2021-05-23,762,425102,337,242456,395,164924,30,17722,412,44812,349,198472,442,243284,California
Santa Barbara,2021-05-24,1010,426112,590,243046,357,165281,63,17785,487,44844,518,198990,550,243834,California
Santa Barbara,2021-05-25,1404,427516,568,243614,767,166048,69,17854,460,44435,938,199928,529,244363,California
Santa Barbara,2021-05-26,3011,430527,1709,245323,1180,167228,122,17976,838,43236,2158,202086,959,245322,California
Santa Barbara,2021-05-27,1948,432475,1207,246530,599,167827,142,18118,821,43080,1120,203206,964,246286,California
Santa Barbara,2021-05-28,1504,433979,697,247227,655,168482,152,18270,614,42959,887,204093,766,247052,California
Santa Barbara,2021-05-29,901,434880,318,247545,546,169028,37,18307,361,42820,537,204630,398,247450,California
Santa Barbara,2021-05-30,499,435379,179,247724,222,169250,98,18405,184,42788,313,204943,281,247731,California
Santa Barbara,2021-05-31,96,435475,43,247767,43,169293,10,18415,23,42748,72,205015,32,247763,California
Santa Barbara,2021-06-01,1134,436609,592,248359,483,169776,59,18474,442,42563,686,205701,501,248264,California
Santa Barbara,2021-06-02,983,437592,585,248944,315,170091,83,18557,427,42520,552,206253,509,248773,California
Santa Barbara,2021-06-03,2054,439646,1544,250488,453,170544,57,18614,614,41755,1433,207686,668,249441,California
Santa Barbara,2021-06-04,1456,441102,669,251157,647,171191,140,18754,487,41418,960,208646,623,250064,California
Santa Barbara,2021-06-05,2924,444026,2212,253369,660,171851,52,18806,493,39542,2420,211066,544,250608,California
Santa Barbara,2021-06-06,913,444939,482,253851,412,172263,19,18825,228,39107,682,211748,247,250855,California
Santa Barbara,2021-06-07,1165,446104,832,254683,282,172545,51,18876,298,38592,864,212612,349,251204,California
Santa Barbara,2021-06-08,1114,447218,714,255397,368,172913,32,18908,293,38101,815,213427,324,251528,California
Santa Barbara,2021-06-09,1018,448236,693,256090,240,173153,85,18993,314,37799,701,214128,399,251927,California
Santa Barbara,2021-06-10,2385,450621,2071,258161,243,173396,71,19064,521,36530,1861,215989,592,252519,California
Santa Barbara,2021-06-11,1310,451931,606,258767,600,173996,104,19168,392,36115,911,216900,496,253015,California
Santa Barbara,2021-06-12,891,452822,601,259368,267,174263,23,19191,236,35726,647,217547,258,253273,California
Santa Barbara,2021-06-13,483,453305,295,259663,91,174354,97,19288,125,35592,356,217903,222,253495,California
Santa Barbara,2021-06-14,1254,454559,856,260519,322,174676,76,19364,335,35092,911,218814,411,253906,California
Santa Barbara,2021-06-15,1144,455703,754,261273,355,175031,35,19399,396,34782,741,219555,431,254337,California
Santa Barbara,2021-06-16,931,456634,646,261919,238,175269,47,19446,352,34606,573,220128,397,254734,California
Santa Barbara,2021-06-17,1873,458507,1542,263461,242,175511,89,19535,621,34068,1248,221376,710,255444,California
Santa Barbara,2021-06-18,1107,459614,713,264174,295,175806,99,19634,361,33786,742,222118,460,255904,California
Santa Barbara,2021-06-19,540,460154,363,264537,145,175951,32,19666,250,33781,287,222405,282,256186,California
Santa Barbara,2021-06-20,370,460524,212,264749,148,176099,10,19676,153,33727,216,222621,162,256348,California
Santa Barbara,2021-06-21,528,461052,264,265013,211,176310,53,19729,275,33807,248,222869,328,256676,California
Santa Barbara,2021-06-22,764,461816,494,265507,239,176549,31,19760,299,33675,461,223330,329,257005,California
Santa Barbara,2021-06-23,777,462593,563,266070,182,176731,32,19792,333,33600,439,223769,364,257369,California
Santa Barbara,2021-06-24,1354,463947,1147,267217,149,176880,58,19850,580,33469,767,224536,636,258005,California
Santa Barbara,2021-06-25,898,464845,596,267813,249,177129,53,19903,432,33490,463,224999,484,258489,California
Santa Barbara,2021-06-26,359,465204,256,268069,76,177205,27,19930,138,33434,221,225220,165,258654,California
Santa Clara,2020-12-15,71,71,71,71,0,0,0,0,71,71,0,0,71,71,California
Santa Clara,2020-12-16,151,222,151,222,0,0,0,0,151,222,0,0,151,222,California
Santa Clara,2020-12-17,406,628,406,628,0,0,0,0,406,628,0,0,406,628,California
Santa Clara,2020-12-18,1754,2382,1754,2382,0,0,0,0,1754,2382,0,0,1754,2382,California
Santa Clara,2020-12-19,2074,4456,2074,4456,0,0,0,0,2073,4455,0,0,2073,4455,California
Santa Clara,2020-12-20,1899,6355,1898,6354,1,1,0,0,1896,6351,0,0,1896,6351,California
Santa Clara,2020-12-21,2678,9033,2678,9032,0,1,0,0,2676,9026,1,1,2676,9027,California
Santa Clara,2020-12-22,3124,12157,3117,12149,7,8,0,0,3119,12143,2,3,3119,12146,California
Santa Clara,2020-12-23,3272,15429,3083,15232,189,197,0,0,3269,15411,1,4,3269,15415,California
Santa Clara,2020-12-24,1888,17317,1697,16929,191,388,0,0,1882,17291,2,6,1882,17297,California
Santa Clara,2020-12-25,346,17663,345,17274,1,389,0,0,346,17637,0,6,346,17643,California
Santa Clara,2020-12-26,1273,18936,1038,18312,235,624,0,0,1272,18909,0,6,1272,18915,California
Santa Clara,2020-12-27,657,19593,514,18826,143,767,0,0,657,19566,0,6,657,19572,California
Santa Clara,2020-12-28,2350,21943,1741,20567,609,1376,0,0,2350,21916,0,6,2350,21922,California
Santa Clara,2020-12-29,2372,24315,1507,22074,865,2241,0,0,2370,24286,0,6,2370,24292,California
Santa Clara,2020-12-30,2997,27312,1896,23970,1101,3342,0,0,2994,27277,3,9,2994,27286,California
Santa Clara,2020-12-31,1232,28544,396,24366,836,4178,0,0,1231,28507,1,10,1231,28517,California
Santa Clara,2021-01-01,148,28692,14,24380,134,4312,0,0,147,28653,1,11,147,28664,California
Santa Clara,2021-01-02,1094,29786,820,25200,274,4586,0,0,1094,29747,0,11,1094,29758,California
Santa Clara,2021-01-03,588,30374,371,25571,217,4803,0,0,583,30327,3,14,583,30341,California
Santa Clara,2021-01-04,2482,32856,1679,27250,803,5606,0,0,2479,32806,0,14,2479,32820,California
Santa Clara,2021-01-05,3095,35951,2029,29279,1066,6672,0,0,2904,35526,190,204,2910,35730,California
Santa Clara,2021-01-06,3363,39314,1991,31270,1372,8044,0,0,2755,37680,603,807,2757,38487,California
Santa Clara,2021-01-07,4234,43548,2573,33843,1661,9705,0,0,3147,39757,1076,1883,3153,41640,California
Santa Clara,2021-01-08,5882,49430,3851,37694,2031,11736,0,0,3767,41417,2107,3990,3767,45407,California
Santa Clara,2021-01-09,3035,52465,1916,39610,1119,12855,0,0,1713,41814,1319,5309,1716,47123,California
Santa Clara,2021-01-10,1973,54438,1523,41133,450,13305,0,0,755,41353,1216,6525,755,47878,California
Santa Clara,2021-01-11,5992,60430,3786,44919,2206,15511,0,0,3399,42167,2590,9115,3404,51282,California
Santa Clara,2021-01-12,6909,67339,3504,48423,3405,18916,0,0,4569,44412,2325,11440,4570,55852,California
Santa Clara,2021-01-13,7473,74812,3139,51562,4334,23250,0,0,5219,47384,2250,13690,5222,61074,California
Santa Clara,2021-01-14,8310,83122,2866,54428,5444,28694,0,0,6509,52103,1792,15482,6511,67585,California
Santa Clara,2021-01-15,9562,92684,2768,57196,6794,35488,0,0,8161,58872,1397,16879,8166,75751,California
Santa Clara,2021-01-16,4354,97038,1255,58451,3099,38587,0,0,3496,61514,854,17733,3496,79247,California
Santa Clara,2021-01-17,3240,100278,615,59066,2625,41212,0,0,2731,63739,506,18239,2731,81978,California
Santa Clara,2021-01-18,5123,105401,1178,60244,3945,45157,0,0,4558,67733,565,18804,4559,86537,California
Santa Clara,2021-01-19,8518,113919,2701,62945,5817,50974,0,0,6819,72860,1695,20499,6822,93359,California
Santa Clara,2021-01-20,8156,122075,4157,67102,3999,54973,0,0,6599,77907,1552,22051,6599,99958,California
Santa Clara,2021-01-21,8785,130860,3818,70920,4967,59940,0,0,7562,84253,1218,23269,7564,107522,California
Santa Clara,2021-01-22,8683,139543,3259,74179,5424,65364,0,0,8104,91785,575,23844,8107,115629,California
Santa Clara,2021-01-23,3806,143349,1685,75864,2121,67485,0,0,2839,93658,967,24811,2840,118469,California
Santa Clara,2021-01-24,2849,146198,1429,77293,1420,68905,0,0,2355,95523,490,25301,2355,120824,California
Santa Clara,2021-01-25,8404,154602,3804,81097,4600,73505,0,0,6319,99767,2077,27378,6321,127145,California
Santa Clara,2021-01-26,8325,162927,3790,84887,4535,78040,0,0,6174,103803,2141,29519,6177,133322,California
Santa Clara,2021-01-27,8819,171746,3887,88774,4932,82972,0,0,6874,108754,1924,31443,6875,140197,California
Santa Clara,2021-01-28,9543,181289,3827,92601,5716,88688,0,0,7550,114337,1972,33415,7555,147752,California
Santa Clara,2021-01-29,9612,190901,3970,96571,5642,94330,0,0,7411,119559,2190,35605,7412,155164,California
Santa Clara,2021-01-30,4211,195112,2092,98663,2119,96449,0,0,2988,121334,1214,36819,2989,158153,California
Santa Clara,2021-01-31,2200,197312,1320,99983,880,97329,0,0,1596,122333,597,37416,1596,159749,California
Santa Clara,2021-02-01,7880,205192,3514,103497,4366,101695,0,0,6170,126803,1702,39118,6172,165921,California
Santa Clara,2021-02-02,8657,213849,2901,106398,5756,107451,0,0,6621,131398,2029,41147,6624,172545,California
Santa Clara,2021-02-03,9279,223128,3505,109903,5774,113225,0,0,6973,136078,2299,43446,6979,179524,California
Santa Clara,2021-02-04,11025,234153,4170,114073,6855,120080,0,0,8711,142488,2305,45751,8715,188239,California
Santa Clara,2021-02-05,11988,246141,4379,118452,7609,127689,0,0,8507,147530,3466,49217,8508,196747,California
Santa Clara,2021-02-06,5224,251365,2840,121292,2384,130073,0,0,4041,150395,1178,50395,4043,200790,California
Santa Clara,2021-02-07,3486,254851,2356,123648,1130,131203,0,0,3029,152970,455,50850,3030,203820,California
Santa Clara,2021-02-08,10071,264922,3524,127172,6547,137750,0,0,7332,157576,2727,53577,7333,211153,California
Santa Clara,2021-02-09,11225,276147,3834,131006,7391,145141,0,0,7697,161764,3513,57090,7701,218854,California
Santa Clara,2021-02-10,12767,288914,4955,135961,7812,152953,0,0,6866,162748,5886,62976,6870,225724,California
Santa Clara,2021-02-11,13638,302552,4773,140734,8865,161818,0,0,7722,164574,5898,68874,7724,233448,California
Santa Clara,2021-02-12,14681,317233,4535,145269,10146,171964,0,0,7031,163979,7628,76502,7033,240481,California
Santa Clara,2021-02-13,6149,323382,1489,146758,4660,176624,0,0,2238,162316,3903,80405,2240,242721,California
Santa Clara,2021-02-14,4648,328030,1156,147914,3492,180116,0,0,1477,160627,3168,83573,1479,244200,California
Santa Clara,2021-02-15,6310,334340,2821,150735,3489,183605,0,0,2726,159777,3577,87150,2727,246927,California
Santa Clara,2021-02-16,13879,348219,4022,154757,9857,193462,0,0,6963,159842,6900,94050,6965,253892,California
Santa Clara,2021-02-17,14139,362358,5537,160294,8602,202064,0,0,7042,159812,7078,101128,7048,260940,California
Santa Clara,2021-02-18,14287,376645,8416,168710,5871,207935,0,0,7270,160111,6975,108103,7274,268214,California
Santa Clara,2021-02-19,14961,391606,9611,178321,5350,213285,0,0,8696,162566,6248,114351,8703,276917,California
Santa Clara,2021-02-20,6984,398590,5220,183541,1764,215049,0,0,3757,163107,3217,117568,3758,280675,California
Santa Clara,2021-02-21,3403,401993,2528,186069,875,215924,0,0,1262,162239,2132,119700,1264,281939,California
Santa Clara,2021-02-22,10373,412366,6198,192267,4175,220099,0,0,4824,161528,5537,125237,4826,286765,California
Santa Clara,2021-02-23,12049,424415,7792,200059,4257,224356,0,0,6808,163115,5225,130462,6812,293577,California
Santa Clara,2021-02-24,14302,438717,9232,209291,5070,229426,0,0,8838,166507,5446,135908,8838,302415,California
Santa Clara,2021-02-25,15055,453772,9596,218887,5459,234885,0,0,8190,167864,6840,142748,8197,310612,California
Santa Clara,2021-02-26,14997,468769,8692,227579,6305,241190,0,0,8168,169239,6800,149548,8175,318787,California
Santa Clara,2021-02-27,8302,477071,5723,233302,2578,243768,1,1,4628,170211,3664,153212,4636,323423,California
Santa Clara,2021-02-28,5377,482448,3674,236976,1703,245471,0,1,2667,170182,2697,155909,2668,326091,California
Santa Clara,2021-03-01,14540,496988,8362,245338,6172,251643,6,7,9004,173676,5516,161425,9010,335101,California
Santa Clara,2021-03-02,16137,513125,9555,254893,6581,258224,1,8,10289,178146,5822,167247,10292,345393,California
Santa Clara,2021-03-03,18670,531795,9243,264136,9423,267647,4,12,11612,182746,7020,174267,11620,357013,California
Santa Clara,2021-03-04,16562,548357,9013,273149,7546,275193,3,15,9641,185558,6835,181102,9647,366660,California
Santa Clara,2021-03-05,16631,564988,9255,282404,7250,282443,126,141,9229,187539,7380,188482,9361,376021,California
Santa Clara,2021-03-06,9440,574428,6314,288718,2675,285118,451,592,7079,192722,2349,190831,7532,383553,California
Santa Clara,2021-03-07,6826,581254,4473,293191,2107,287225,246,838,5436,197020,1381,192212,5679,389232,California
Santa Clara,2021-03-08,12927,594181,6741,299932,5614,292839,572,1410,8288,201258,4621,196833,8859,398091,California
Santa Clara,2021-03-09,15314,609495,6526,306458,7459,300298,1329,2739,6900,201088,8393,205226,8223,406314,California
Santa Clara,2021-03-10,15198,624693,6625,313083,6457,306755,2116,4855,6240,200489,8927,214153,8328,414642,California
Santa Clara,2021-03-11,17140,641833,7790,320873,7844,314599,1506,6361,6079,197030,11027,225180,7568,422210,California
Santa Clara,2021-03-12,17744,659577,9124,329997,7050,321649,1570,7931,5956,192789,11743,236923,7502,429712,California
Santa Clara,2021-03-13,10865,670442,6298,336295,3064,324713,1503,9434,4841,193107,6002,242925,6320,436032,California
Santa Clara,2021-03-14,6540,676982,3400,339695,1833,326546,1307,10741,3171,194223,3350,246275,4466,440498,California
Santa Clara,2021-03-15,12846,689828,6561,346256,6007,332553,278,11019,5964,193609,6856,253131,6242,446740,California
Santa Clara,2021-03-16,18331,708159,10357,356613,7766,340319,208,11227,8890,193292,9413,262544,9096,455836,California
Santa Clara,2021-03-17,20105,728264,11432,368045,8505,348824,168,11395,10383,194169,9669,272213,10546,466382,California
Santa Clara,2021-03-18,19313,747577,9067,377112,9087,357911,1159,12554,9140,194338,10118,282331,10287,476669,California
Santa Clara,2021-03-19,19541,767118,10081,387193,8454,366365,1006,13560,10035,195926,9442,291773,11030,487699,California
Santa Clara,2021-03-20,11598,778716,6397,393590,4369,370734,832,14392,6744,198676,4824,296597,7574,495273,California
Santa Clara,2021-03-21,8363,787079,3837,397427,3132,373866,1394,15786,5351,202409,2996,299593,6729,502002,California
Santa Clara,2021-03-22,16542,803621,9220,406647,6969,380835,353,16139,9184,204612,7330,306923,9533,511535,California
Santa Clara,2021-03-23,19482,823103,12369,419016,6587,387422,526,16665,11287,208279,8142,315065,11809,523344,California
Santa Clara,2021-03-24,22800,845903,14632,433648,7750,395172,418,17083,14701,215345,8054,323119,15120,538464,California
Santa Clara,2021-03-25,23087,868990,13202,446850,8892,404064,993,18076,14855,223013,8164,331283,15832,554296,California
Santa Clara,2021-03-26,22108,891098,14052,460902,7667,411731,389,18465,13618,228562,8451,339734,14000,568296,California
Santa Clara,2021-03-27,15764,906862,10489,471391,4505,416236,770,19235,8467,230545,7249,346983,9232,577528,California
Santa Clara,2021-03-28,12079,918941,8372,479763,2989,419225,718,19953,6483,232171,5568,352551,7194,584722,California
Santa Clara,2021-03-29,20687,939628,12631,492394,7332,426557,724,20677,11206,234657,9436,361987,11922,596644,California
Santa Clara,2021-03-30,25773,965401,15279,507673,8542,435099,1952,22629,16225,243315,9503,371490,18161,614805,California
Santa Clara,2021-03-31,20618,986019,11926,519599,7556,442655,1136,23765,12633,249130,7938,379428,13753,628558,California
Santa Clara,2021-04-01,32011,1018030,19882,539481,9042,451697,3087,26852,20231,260708,11705,391133,23283,651841,California
Santa Clara,2021-04-02,25364,1043394,14388,553869,8791,460488,2185,29037,16575,270709,8743,399876,18744,670585,California
Santa Clara,2021-04-03,15372,1058766,9314,563183,3522,464010,2536,31573,8504,274885,6846,406722,11022,681607,California
Santa Clara,2021-04-04,7652,1066418,4045,567228,2435,466445,1172,32745,3967,276338,3673,410395,5126,686733,California
Santa Clara,2021-04-05,21963,1088381,14605,581833,4885,471330,2473,35218,14361,285587,7573,417968,16822,703555,California
Santa Clara,2021-04-06,29761,1118142,16355,598188,7909,479239,5497,40715,17825,296992,11885,429853,23290,726845,California
Santa Clara,2021-04-07,31033,1149175,16010,614198,8506,487745,6517,47232,18926,310349,12047,441900,25404,752249,California
Santa Clara,2021-04-08,30151,1179326,16447,630645,6063,493808,7641,54873,16408,320688,13664,455564,24003,776252,California
Santa Clara,2021-04-09,28235,1207561,13982,644627,6953,500761,7300,62173,14416,328606,13750,469314,21668,797920,California
Santa Clara,2021-04-10,21597,1229158,12472,657099,3808,504569,5317,67490,11550,335410,10009,479323,16813,814733,California
Santa Clara,2021-04-11,16098,1245256,9650,666749,2663,507232,3785,71275,8329,339765,7734,487057,12089,826822,California
Santa Clara,2021-04-12,27135,1272391,19072,685821,5592,512824,2471,73746,18467,352083,8607,495664,20925,847747,California
Santa Clara,2021-04-13,34670,1307061,27255,713076,7385,520209,30,73776,26700,370941,7895,503559,26753,874500,California
Santa Clara,2021-04-14,37208,1344269,28198,741274,9007,529216,3,73779,26384,386616,10751,514310,26426,900926,California
Santa Clara,2021-04-15,44666,1388935,34566,775840,10095,539311,5,73784,34341,410783,10206,524516,34373,935299,California
Santa Clara,2021-04-16,38831,1427766,26577,802417,12251,551562,3,73787,27760,427583,10989,535505,27789,963088,California
Santa Clara,2021-04-17,22290,1450056,15226,817643,7062,558624,2,73789,15292,435962,6935,542440,15314,978402,California
Santa Clara,2021-04-18,16914,1466970,11112,828755,5802,564426,0,73789,10579,440253,6301,548741,10592,988994,California
Santa Clara,2021-04-19,29152,1496122,21036,849791,8115,572541,1,73790,17406,446027,11669,560410,17443,1006437,California
Santa Clara,2021-04-20,37928,1534050,23295,873086,14631,587172,2,73792,23084,454428,14725,575135,23126,1029563,California
Santa Clara,2021-04-21,38051,1572101,22458,895544,15591,602763,2,73794,24915,466359,13028,588163,24959,1054522,California
Santa Clara,2021-04-22,37899,1610000,25404,920948,12494,615257,1,73795,17862,464364,19935,608098,17940,1072462,California
Santa Clara,2021-04-23,32744,1642744,20124,941072,12619,627876,1,73796,15332,462452,17306,625404,15394,1087856,California
Santa Clara,2021-04-24,21203,1663947,15483,956555,5719,633595,1,73797,12045,465446,9083,634487,12077,1099933,California
Santa Clara,2021-04-25,13601,1677548,9833,966388,3762,637357,6,73803,8682,469283,4876,639363,8713,1108646,California
Santa Clara,2021-04-26,25481,1703029,19674,986062,5748,643105,59,73862,10604,465196,14778,654141,10691,1119337,California
Santa Clara,2021-04-27,27971,1731000,19942,1006004,7642,650747,387,74249,12200,462159,15678,669819,12641,1131978,California
Santa Clara,2021-04-28,26554,1757554,19768,1025772,6348,657095,438,74687,11267,458738,15200,685019,11779,1143757,California
Santa Clara,2021-04-29,24501,1782055,17982,1043754,6120,663215,399,75086,9213,453228,15205,700224,9695,1153452,California
Santa Clara,2021-04-30,23666,1805721,16327,1060081,6970,670185,369,75455,10122,450363,13448,713672,10583,1164035,California
Santa Clara,2021-05-01,17494,1823215,14502,1074583,2733,672918,259,75714,5502,444228,11939,725611,5804,1169839,California
Santa Clara,2021-05-02,11298,1834513,9374,1083957,1691,674609,233,75947,3488,440204,7766,733377,3742,1173581,California
Santa Clara,2021-05-03,22866,1857379,19371,1103328,3065,677674,430,76377,5136,428163,17652,751029,5611,1179192,California
Santa Clara,2021-05-04,31137,1888516,24468,1127796,6128,683802,541,76918,5557,408840,25471,776500,6148,1185340,California
Santa Clara,2021-05-05,32766,1921282,25016,1152812,7205,691007,545,77463,5535,387817,27131,803631,6108,1191448,California
Santa Clara,2021-05-06,35941,1957223,30012,1182824,5459,696466,470,77933,4790,362084,31016,834647,5283,1196731,California
Santa Clara,2021-05-07,32897,1990120,26485,1209309,5923,702389,489,78422,4703,339265,28060,862707,5241,1201972,California
Santa Clara,2021-05-08,17197,2007317,14102,1223411,2671,705060,424,78846,3742,330083,13364,876071,4182,1206154,California
Santa Clara,2021-05-09,10566,2017883,9195,1232606,1185,706245,186,79032,2333,324420,8195,884266,2532,1208686,California
Santa Clara,2021-05-10,21127,2039010,16964,1249570,3760,710005,403,79435,2711,309222,18333,902599,3135,1211821,California
Santa Clara,2021-05-11,22874,2061884,17313,1266883,5116,715121,445,79880,4139,295168,18644,921243,4590,1216411,California
Santa Clara,2021-05-12,21529,2083413,15865,1282748,5142,720263,522,80402,4283,282831,17149,938392,4812,1221223,California
Santa Clara,2021-05-13,28300,2111713,22934,1305682,5064,725327,302,80704,11247,277422,16966,955358,11557,1232780,California
Santa Clara,2021-05-14,27845,2139558,19460,1325142,7998,733325,387,81091,9562,269196,18188,973546,9962,1242742,California
Santa Clara,2021-05-15,20982,2160540,16876,1342018,3825,737150,281,81372,8129,264847,12767,986313,8418,1251160,California
Santa Clara,2021-05-16,16408,2176948,13416,1355434,2816,739966,176,81548,5358,259418,10966,997279,5537,1256697,California
Santa Clara,2021-05-17,20392,2197340,16046,1371480,3981,743947,365,81913,6830,253130,13485,1010764,7197,1263894,California
Santa Clara,2021-05-18,26148,2223488,16717,1388197,9016,752963,415,82328,7144,241825,18865,1029629,7560,1271454,California
Santa Clara,2021-05-19,24584,2248072,14378,1402575,9783,762746,423,82751,7282,232348,17189,1046818,7712,1279166,California
Santa Clara,2021-05-20,18510,2266582,12179,1414754,5881,768627,450,83201,6084,226541,12337,1059155,6530,1285696,California
Santa Clara,2021-05-21,22314,2288896,14833,1429587,6984,775611,497,83698,7368,219584,14836,1073991,7879,1293575,California
Santa Clara,2021-05-22,12912,2301808,9776,1439363,2785,778396,351,84049,5630,218353,7217,1081208,5986,1299561,California
Santa Clara,2021-05-23,8359,2310167,6218,1445581,1939,780335,202,84251,3336,216917,4976,1086184,3540,1303101,California
Santa Clara,2021-05-24,10891,2321058,7856,1453437,2586,782921,449,84700,3771,214081,7057,1093241,4221,1307322,California
Santa Clara,2021-05-25,11481,2332539,7948,1461385,3114,786035,419,85119,4396,211885,7009,1100250,4813,1312135,California
Santa Clara,2021-05-26,10422,2342961,6762,1468147,3323,789358,337,85456,3958,209817,6357,1106607,4289,1316424,California
Santa Clara,2021-05-27,9398,2352359,6000,1474147,2925,792283,473,85929,3505,207964,5825,1112432,3972,1320396,California
Santa Clara,2021-05-28,10875,2363234,7052,1481199,3396,795679,427,86356,4427,206438,6382,1118814,4856,1325252,California
Santa Clara,2021-05-29,6337,2369571,4321,1485520,1736,797415,280,86636,2700,205820,3594,1122408,2976,1328228,California
Santa Clara,2021-05-30,3816,2373387,2861,1488381,746,798161,209,86845,1792,205825,1995,1124403,2000,1330228,California
Santa Clara,2021-05-31,1097,2374484,628,1489009,360,798521,109,86954,439,205722,651,1125054,548,1330776,California
Santa Clara,2021-06-01,9075,2383559,6378,1495387,2315,800836,382,87336,3014,203132,5985,1131039,3395,1334171,California
Santa Clara,2021-06-02,7686,2391245,5522,1500909,1813,802649,351,87687,2896,201636,4734,1135773,3238,1337409,California
Santa Clara,2021-06-03,12220,2403465,10111,1511020,1740,804389,369,88056,2629,195104,9533,1145306,3001,1340410,California
Santa Clara,2021-06-04,13587,2417052,11373,1522393,1898,806287,316,88372,3288,188465,10236,1155542,3597,1344007,California
Santa Clara,2021-06-05,10443,2427495,8978,1531371,1205,807492,260,88632,2190,182711,8202,1163744,2448,1346455,California
Santa Clara,2021-06-06,6893,2434388,6143,1537514,596,808088,154,88786,1334,178693,5505,1169249,1487,1347942,California
Santa Clara,2021-06-07,9885,2444273,8332,1545846,1308,809396,245,89031,2286,173660,7561,1176810,2528,1350470,California
Santa Clara,2021-06-08,9144,2453417,7466,1553312,1407,810803,271,89302,2450,169742,6636,1183446,2718,1353188,California
Santa Clara,2021-06-09,9503,2462920,7934,1561246,1317,812120,252,89554,2267,165082,7174,1190620,2514,1355702,California
Santa Clara,2021-06-10,8316,2471236,6904,1568150,1087,813207,325,89879,2250,161641,6014,1196634,2573,1358275,California
Santa Clara,2021-06-11,10204,2481440,8665,1576815,1260,814467,279,90158,2511,156790,7641,1204275,2790,1361065,California
Santa Clara,2021-06-12,7172,2488612,5973,1582788,1033,815500,166,90324,1708,153246,5418,1209693,1874,1362939,California
Santa Clara,2021-06-13,3724,2492336,3009,1585797,604,816104,111,90435,862,151379,2840,1212533,973,1363912,California
Santa Clara,2021-06-14,5943,2498279,4811,1590608,908,817012,224,90659,1934,149562,3975,1216508,2158,1366070,California
Santa Clara,2021-06-15,7351,2505630,5957,1596565,1094,818106,300,90959,2075,146712,5227,1221735,2377,1368447,California
Santa Clara,2021-06-16,6348,2511978,5135,1601700,903,819009,310,91269,2087,144896,4214,1225949,2398,1370845,California
Santa Clara,2021-06-17,5355,2517333,4337,1606037,773,819782,245,91514,1837,143527,3447,1229396,2078,1372923,California
Santa Clara,2021-06-18,5430,2522763,4382,1610419,879,820661,169,91683,1789,141925,3559,1232955,1957,1374880,California
Santa Clara,2021-06-19,4519,2527282,3615,1614034,702,821363,202,91885,1287,140218,3196,1236151,1489,1376369,California
Santa Clara,2021-06-20,2139,2529421,1756,1615790,319,821682,64,91949,683,139525,1440,1237591,747,1377116,California
Santa Clara,2021-06-21,3675,2533096,2761,1618551,686,822368,228,92177,1794,139698,1848,1239439,2021,1379137,California
Santa Clara,2021-06-22,5041,2538137,4015,1622566,805,823173,221,92398,1693,138300,3310,1242749,1912,1381049,California
Santa Clara,2021-06-23,4461,2542598,3500,1626066,756,823929,205,92603,1593,137262,2834,1245583,1796,1382845,California
Santa Clara,2021-06-24,4280,2546878,3311,1629377,772,824701,197,92800,1577,136385,2651,1248234,1774,1384619,California
Santa Clara,2021-06-25,5376,2552254,4379,1633756,788,825489,209,93009,1830,134926,3494,1251728,2035,1386654,California
Santa Clara,2021-06-26,2683,2554937,2018,1635774,537,826026,128,93137,891,134173,1770,1253498,1017,1387671,California
Santa Cruz,2020-12-15,2,2,2,2,0,0,0,0,2,2,0,0,2,2,California
Santa Cruz,2020-12-16,57,59,57,59,0,0,0,0,57,59,0,0,57,59,California
Santa Cruz,2020-12-17,389,448,389,448,0,0,0,0,389,448,0,0,389,448,California
Santa Cruz,2020-12-18,466,914,466,914,0,0,0,0,466,914,0,0,466,914,California
Santa Cruz,2020-12-19,182,1096,181,1095,1,1,0,0,182,1096,0,0,182,1096,California
Santa Cruz,2020-12-20,93,1189,93,1188,0,1,0,0,93,1189,0,0,93,1189,California
Santa Cruz,2020-12-21,437,1626,436,1624,1,2,0,0,437,1626,0,0,437,1626,California
Santa Cruz,2020-12-22,424,2050,423,2047,1,3,0,0,424,2050,0,0,424,2050,California
Santa Cruz,2020-12-23,369,2419,325,2372,44,47,0,0,369,2419,0,0,369,2419,California
Santa Cruz,2020-12-24,125,2544,49,2421,76,123,0,0,125,2544,0,0,125,2544,California
Santa Cruz,2020-12-25,10,2554,10,2431,0,123,0,0,10,2554,0,0,10,2554,California
Santa Cruz,2020-12-26,65,2619,46,2477,19,142,0,0,65,2619,0,0,65,2619,California
Santa Cruz,2020-12-27,32,2651,27,2504,5,147,0,0,32,2651,0,0,32,2651,California
Santa Cruz,2020-12-28,483,3134,108,2612,375,522,0,0,483,3134,0,0,483,3134,California
Santa Cruz,2020-12-29,797,3931,369,2981,428,950,0,0,797,3931,0,0,797,3931,California
Santa Cruz,2020-12-30,357,4288,165,3146,192,1142,0,0,357,4288,0,0,357,4288,California
Santa Cruz,2020-12-31,312,4600,11,3157,301,1443,0,0,312,4600,0,0,312,4600,California
Santa Cruz,2021-01-01,33,4633,1,3158,32,1475,0,0,33,4633,0,0,33,4633,California
Santa Cruz,2021-01-02,69,4702,55,3213,14,1489,0,0,69,4702,0,0,69,4702,California
Santa Cruz,2021-01-03,15,4717,7,3220,8,1497,0,0,15,4717,0,0,15,4717,California
Santa Cruz,2021-01-04,281,4998,123,3343,158,1655,0,0,279,4996,0,0,279,4996,California
Santa Cruz,2021-01-05,570,5568,434,3777,136,1791,0,0,268,4962,302,302,268,5264,California
Santa Cruz,2021-01-06,801,6369,669,4446,132,1923,0,0,463,5088,337,639,463,5727,California
Santa Cruz,2021-01-07,537,6906,210,4656,327,2250,0,0,384,5320,153,792,385,6112,California
Santa Cruz,2021-01-08,941,7847,566,5222,375,2625,0,0,492,5364,449,1241,493,6605,California
Santa Cruz,2021-01-09,466,8313,125,5347,341,2966,0,0,410,5718,56,1297,410,7015,California
Santa Cruz,2021-01-10,79,8392,70,5417,9,2975,0,0,20,5679,59,1356,20,7035,California
Santa Cruz,2021-01-11,728,9120,592,6009,136,3111,0,0,193,5338,535,1891,194,7229,California
Santa Cruz,2021-01-12,733,9853,530,6539,203,3314,0,0,490,5585,243,2134,490,7719,California
Santa Cruz,2021-01-13,532,10385,234,6773,298,3612,0,0,445,5946,84,2218,445,8164,California
Santa Cruz,2021-01-14,563,10948,104,6877,459,4071,0,0,496,6375,67,2285,496,8660,California
Santa Cruz,2021-01-15,1465,12413,79,6956,1386,5457,0,0,1399,7711,65,2350,1401,10061,California
Santa Cruz,2021-01-16,424,12837,53,7009,371,5828,0,0,405,8097,19,2369,405,10466,California
Santa Cruz,2021-01-17,297,13134,41,7050,256,6084,0,0,272,8344,25,2394,272,10738,California
Santa Cruz,2021-01-18,1015,14149,104,7154,911,6995,0,0,953,9235,62,2456,953,11691,California
Santa Cruz,2021-01-19,1629,15778,526,7680,1103,8098,0,0,1276,10161,351,2807,1277,12968,California
Santa Cruz,2021-01-20,1254,17032,185,7865,1069,9167,0,0,1053,11016,198,3005,1053,14021,California
Santa Cruz,2021-01-21,1725,18757,199,8064,1526,10693,0,0,1617,12527,108,3113,1619,15640,California
Santa Cruz,2021-01-22,1808,20565,526,8590,1282,11975,0,0,1705,14133,100,3213,1706,17346,California
Santa Cruz,2021-01-23,404,20969,148,8738,256,12231,0,0,345,14420,58,3271,345,17691,California
Santa Cruz,2021-01-24,113,21082,20,8758,93,12324,0,0,96,14499,17,3288,96,17787,California
Santa Cruz,2021-01-25,1069,22151,364,9122,705,13029,0,0,558,14546,511,3799,558,18345,California
Santa Cruz,2021-01-26,1701,23852,252,9374,1449,14478,0,0,1187,15219,514,4313,1187,19532,California
Santa Cruz,2021-01-27,1685,25537,461,9835,1224,15702,0,0,1295,16126,388,4701,1295,20827,California
Santa Cruz,2021-01-28,1773,27310,295,10130,1478,17180,0,0,1495,17344,278,4979,1496,22323,California
Santa Cruz,2021-01-29,1754,29064,493,10623,1261,18441,0,0,1620,18831,133,5112,1620,23943,California
Santa Cruz,2021-01-30,1078,30142,310,10933,768,19209,0,0,942,19637,136,5248,942,24885,California
Santa Cruz,2021-01-31,223,30365,111,11044,112,19321,0,0,209,19832,14,5262,209,25094,California
Santa Cruz,2021-02-01,1232,31597,756,11800,476,19797,0,0,825,20250,407,5669,825,25919,California
Santa Cruz,2021-02-02,1021,32618,131,11931,890,20687,0,0,865,20961,154,5823,865,26784,California
Santa Cruz,2021-02-03,2250,34868,965,12896,1285,21972,0,0,1934,22583,312,6135,1934,28718,California
Santa Cruz,2021-02-04,1863,36731,772,13668,1091,23063,0,0,1520,23761,342,6477,1520,30238,California
Santa Cruz,2021-02-05,3173,39904,791,14459,2382,25445,0,0,2851,26291,321,6798,2851,33089,California
Santa Cruz,2021-02-06,2587,42491,161,14620,2426,27871,0,0,2242,28188,345,7143,2242,35331,California
Santa Cruz,2021-02-07,919,43410,124,14744,795,28666,0,0,901,29071,18,7161,901,36232,California
Santa Cruz,2021-02-08,719,44129,202,14946,517,29183,0,0,518,29389,200,7361,518,36750,California
Santa Cruz,2021-02-09,2374,46503,1056,16002,1318,30501,0,0,2108,31231,266,7627,2108,38858,California
Santa Cruz,2021-02-10,2220,48723,578,16580,1642,32143,0,0,1513,32049,696,8323,1514,40372,California
Santa Cruz,2021-02-11,1867,50590,319,16899,1548,33691,0,0,1336,32856,529,8852,1336,41708,California
Santa Cruz,2021-02-12,3251,53841,423,17322,2828,36519,0,0,1828,33273,1414,10266,1831,43539,California
Santa Cruz,2021-02-13,1723,55564,124,17446,1599,38118,0,0,1310,34170,413,10679,1310,44849,California
Santa Cruz,2021-02-14,1408,56972,68,17514,1340,39458,0,0,1146,35054,262,10941,1146,45995,California
Santa Cruz,2021-02-15,1587,58559,285,17799,1302,40760,0,0,569,34606,1018,11959,570,46565,California
Santa Cruz,2021-02-16,1714,60273,215,18014,1499,42259,0,0,541,33996,1151,13110,541,47106,California
Santa Cruz,2021-02-17,2940,63213,985,18999,1955,44214,0,0,1223,33518,1704,14814,1226,48332,California
Santa Cruz,2021-02-18,2904,66117,644,19643,2260,46474,0,0,1235,33088,1665,16479,1235,49567,California
Santa Cruz,2021-02-19,3296,69413,1158,20801,2138,48612,0,0,2021,33837,1272,17751,2021,51588,California
Santa Cruz,2021-02-20,2410,71823,1515,22316,895,49507,0,0,1903,35234,507,18258,1904,53492,California
Santa Cruz,2021-02-21,847,72670,376,22692,471,49978,0,0,716,35821,129,18387,716,54208,California
Santa Cruz,2021-02-22,1271,73941,978,23670,293,50271,0,0,540,35632,729,19116,540,54748,California
Santa Cruz,2021-02-23,2101,76042,939,24609,1162,51433,0,0,712,34956,1388,20504,712,55460,California
Santa Cruz,2021-02-24,3205,79247,1672,26281,1533,52966,0,0,1213,34182,1987,22491,1213,56673,California
Santa Cruz,2021-02-25,3283,82530,1450,27731,1833,54799,0,0,1810,34530,1464,23955,1812,58485,California
Santa Cruz,2021-02-26,2759,85289,773,28504,1986,56785,0,0,1571,34920,1183,25138,1573,60058,California
Santa Cruz,2021-02-27,2663,87952,940,29444,1723,58508,0,0,1856,35971,805,25943,1856,61914,California
Santa Cruz,2021-02-28,1316,89268,375,29819,941,59449,0,0,1089,36836,224,26167,1089,63003,California
Santa Cruz,2021-03-01,1918,91186,1262,31081,656,60105,0,0,732,36384,1184,27351,732,63735,California
Santa Cruz,2021-03-02,1570,92756,376,31457,1194,61299,0,0,891,36600,678,28029,894,64629,California
Santa Cruz,2021-03-03,2383,95139,648,32105,1735,63034,0,0,1309,36838,1071,29100,1309,65938,California
Santa Cruz,2021-03-04,3023,98162,1421,33526,1601,64635,1,1,2030,37888,982,30082,2032,67970,California
Santa Cruz,2021-03-05,2650,100812,503,34029,2129,66764,18,19,1160,37579,1487,31569,1178,69148,California
Santa Cruz,2021-03-06,3883,104695,1351,35380,2427,69191,105,124,2168,38136,1715,33284,2272,71420,California
Santa Cruz,2021-03-07,1351,106046,129,35509,1149,70340,73,197,561,37982,788,34072,634,72054,California
Santa Cruz,2021-03-08,1103,107149,225,35734,746,71086,132,329,663,38335,440,34512,793,72847,California
Santa Cruz,2021-03-09,1819,108968,274,36008,1393,72479,152,481,722,38115,1094,35606,874,73721,California
Santa Cruz,2021-03-10,3906,112874,2103,38111,1653,74132,150,631,2012,38386,1892,37498,2163,75884,California
Santa Cruz,2021-03-11,2841,115715,1231,39342,1435,75567,175,806,1562,38848,1278,38776,1740,77624,California
Santa Cruz,2021-03-12,2803,118518,895,40237,1612,77179,296,1102,926,38195,1873,40649,1220,78844,California
Santa Cruz,2021-03-13,2354,120872,1351,41588,959,78138,44,1146,1190,38269,1161,41810,1235,80079,California
Santa Cruz,2021-03-14,914,121786,219,41807,682,78820,13,1159,438,38245,474,42284,450,80529,California
Santa Cruz,2021-03-15,1375,123161,483,42290,855,79675,37,1196,588,38088,783,43067,626,81155,California
Santa Cruz,2021-03-16,2390,125551,1147,43437,1199,80874,44,1240,1387,38519,998,44065,1429,82584,California
Santa Cruz,2021-03-17,4083,129634,2427,45864,1645,82519,11,1251,2703,39862,1373,45438,2716,85300,California
Santa Cruz,2021-03-18,3959,133593,2135,47999,1704,84223,120,1371,2137,40300,1819,47257,2257,87557,California
Santa Cruz,2021-03-19,3477,137070,1379,49378,1872,86095,226,1597,1831,40716,1641,48898,2057,89614,California
Santa Cruz,2021-03-20,2249,139319,1650,51028,532,86627,67,1664,1102,40739,1146,50044,1169,90783,California
Santa Cruz,2021-03-21,884,140203,477,51505,279,86906,128,1792,472,40931,409,50453,601,91384,California
Santa Cruz,2021-03-22,1452,141655,889,52394,540,87446,23,1815,1011,41529,437,50890,1035,92419,California
Santa Cruz,2021-03-23,2641,144296,1487,53881,1103,88549,51,1866,1766,42474,872,51762,1817,94236,California
Santa Cruz,2021-03-24,3159,147455,2139,56020,999,89548,21,1887,2101,43543,1052,52814,2121,96357,California
Santa Cruz,2021-03-25,2688,150143,1350,57370,1301,90849,37,1924,1363,43625,1318,54132,1400,97757,California
Santa Cruz,2021-03-26,3179,153322,1841,59211,1310,92159,28,1952,2161,44802,1011,55143,2188,99945,California
Santa Cruz,2021-03-27,3259,156581,2027,61238,1205,93364,27,1979,1516,44614,1732,56875,1544,101489,California
Santa Cruz,2021-03-28,943,157524,584,61822,345,93709,14,1993,496,44681,443,57318,510,101999,California
Santa Cruz,2021-03-29,2028,159552,899,62721,1061,94770,68,2061,1284,45293,740,58058,1352,103351,California
Santa Cruz,2021-03-30,2755,162307,829,63550,1762,96532,164,2225,1743,46190,1009,59067,1906,105257,California
Santa Cruz,2021-03-31,4220,166527,2853,66403,1317,97849,50,2275,2224,46473,1991,61058,2274,107531,California
Santa Cruz,2021-04-01,4099,170626,2189,68592,1801,99650,109,2384,2082,46654,2010,63068,2191,109722,California
Santa Cruz,2021-04-02,3333,173959,1438,70030,1714,101364,181,2565,1907,47320,1422,64490,2088,111810,California
Santa Cruz,2021-04-03,2283,176242,1245,71275,901,102265,137,2702,891,46957,1390,65880,1027,112837,California
Santa Cruz,2021-04-04,945,177187,494,71769,395,102660,56,2758,553,47173,392,66272,608,113445,California
Santa Cruz,2021-04-05,2293,179480,803,72572,1322,103982,168,2926,1418,47886,874,67146,1587,115032,California
Santa Cruz,2021-04-06,3444,182924,1679,74251,1382,105364,383,3309,1989,48808,1444,68590,2366,117398,California
Santa Cruz,2021-04-07,4228,187152,1672,75923,2185,107549,371,3680,1823,48599,2402,70992,2193,119591,California
Santa Cruz,2021-04-08,4334,191486,2378,78301,1430,108979,526,4206,2555,49908,1770,72762,3079,122670,California
Santa Cruz,2021-04-09,3762,195248,1531,79832,1821,110800,410,4616,2115,50794,1640,74402,2526,125196,California
Santa Cruz,2021-04-10,2303,197551,1106,80938,937,111737,260,4876,1088,50929,1211,75613,1346,126542,California
Santa Cruz,2021-04-11,1017,198568,535,81473,387,112124,95,4971,496,50998,521,76134,590,127132,California
Santa Cruz,2021-04-12,2351,200919,841,82314,1084,113208,426,5397,1124,51335,1213,77347,1550,128682,California
Santa Cruz,2021-04-13,2981,203900,1484,83798,1495,114703,2,5399,1675,51715,1297,78644,1677,130359,California
Santa Cruz,2021-04-14,4784,208684,2306,86104,2478,117181,0,5399,2310,51563,2464,81108,2312,132671,California
Santa Cruz,2021-04-15,5140,213824,3258,89362,1882,119063,0,5399,3214,52867,1912,83020,3216,135887,California
Santa Cruz,2021-04-16,4638,218462,2571,91933,2065,121128,2,5401,2507,53256,2122,85142,2511,138398,California
Santa Cruz,2021-04-17,2294,220756,919,92852,1375,122503,0,5401,1509,53983,782,85924,1509,139907,California
Santa Cruz,2021-04-18,1109,221865,552,93404,556,123059,1,5402,606,54090,500,86424,607,140514,California
Santa Cruz,2021-04-19,2615,224480,1541,94945,1073,124132,1,5403,1621,54720,991,87415,1621,142135,California
Santa Cruz,2021-04-20,3304,227784,1771,96716,1533,125665,0,5403,1870,55168,1422,88837,1870,144005,California
Santa Cruz,2021-04-21,4447,232231,2989,99705,1458,127123,0,5403,2408,55557,2020,90857,2409,146414,California
Santa Cruz,2021-04-22,4409,236640,2988,102693,1421,128544,0,5403,2465,56089,1934,92791,2466,148880,California
Santa Cruz,2021-04-23,3265,239905,1782,104475,1482,130026,1,5404,1416,55667,1839,94630,1417,150297,California
Santa Cruz,2021-04-24,2270,242175,1092,105567,1175,131201,3,5407,697,54805,1562,96192,700,150997,California
Santa Cruz,2021-04-25,1101,243276,707,106274,381,131582,13,5420,457,54638,635,96827,468,151465,California
Santa Cruz,2021-04-26,2169,245445,1078,107352,1074,132656,17,5437,908,54315,1249,98076,926,152391,California
Santa Cruz,2021-04-27,3045,248490,1007,108359,1956,134612,82,5519,1522,54404,1515,99591,1604,153995,California
Santa Cruz,2021-04-28,3541,252031,1978,110337,1486,136098,77,5596,1870,54690,1658,101249,1944,155939,California
Santa Cruz,2021-04-29,3837,255868,2564,112901,1210,137308,63,5659,1357,53643,2470,103719,1423,157362,California
Santa Cruz,2021-04-30,2420,258288,1229,114130,1148,138456,43,5702,1024,53323,1388,105107,1068,158430,California
Santa Cruz,2021-05-01,1322,259610,1050,115180,239,138695,33,5735,608,53255,710,105817,642,159072,California
Santa Cruz,2021-05-02,659,260269,466,115646,167,138862,26,5761,216,53055,443,106260,243,159315,California
Santa Cruz,2021-05-03,1943,262212,1004,116650,872,139734,67,5828,659,52509,1273,107533,727,160042,California
Santa Cruz,2021-05-04,2760,264972,1619,118269,1070,140804,71,5899,886,51593,1871,109404,955,160997,California
Santa Cruz,2021-05-05,2839,267811,1433,119702,1326,142130,80,5979,753,50388,2043,111447,838,161835,California
Santa Cruz,2021-05-06,3936,271747,2516,122218,1199,143329,221,6200,893,48474,3025,114472,1111,162946,California
Santa Cruz,2021-05-07,2817,274564,1304,123522,1430,144759,83,6283,441,46630,2370,116842,526,163472,California
Santa Cruz,2021-05-08,1438,276002,753,124275,657,145416,28,6311,398,46018,1040,117882,428,163900,California
Santa Cruz,2021-05-09,537,276539,341,124616,173,145589,23,6334,160,45826,375,118257,183,164083,California
Santa Cruz,2021-05-10,2124,278663,1283,125899,775,146364,66,6400,413,44603,1702,119959,479,164562,California
Santa Cruz,2021-05-11,2439,281102,1390,127289,961,147325,88,6488,653,43562,1781,121740,740,165302,California
Santa Cruz,2021-05-12,3264,284366,1427,128716,1756,149081,81,6569,577,41544,2677,124417,659,165961,California
Santa Cruz,2021-05-13,3977,288343,2699,131415,1184,150265,94,6663,1426,40520,2546,126963,1522,167483,California
Santa Cruz,2021-05-14,3077,291420,1708,133123,1329,151594,40,6703,1207,39908,1862,128825,1250,168733,California
Santa Cruz,2021-05-15,2300,293720,1331,134454,957,152551,12,6715,1115,39853,1182,130007,1127,169860,California
Santa Cruz,2021-05-16,811,294531,436,134890,353,152904,22,6737,254,39574,556,130563,277,170137,California
Santa Cruz,2021-05-17,1582,296113,827,135717,684,153588,71,6808,556,39176,1025,131588,627,170764,California
Santa Cruz,2021-05-18,2381,298494,1475,137192,882,154470,24,6832,1152,39130,1222,132810,1176,171940,California
Santa Cruz,2021-05-19,3160,301654,1904,139096,1219,155689,37,6869,1332,38681,1818,134628,1369,173309,California
Santa Cruz,2021-05-20,3461,305115,2489,141585,824,156513,148,7017,1615,38603,1841,136469,1763,175072,California
Santa Cruz,2021-05-21,1797,306912,926,142511,781,157294,90,7107,614,38130,1177,137646,704,175776,California
Santa Cruz,2021-05-22,1748,308660,1354,143865,383,157677,11,7118,613,37624,1131,138777,625,176401,California
Santa Cruz,2021-05-23,488,309148,276,144141,193,157870,19,7137,153,37465,331,139108,172,176573,California
Santa Cruz,2021-05-24,1208,310356,702,144843,427,158297,79,7216,315,36974,885,139993,394,176967,California
Santa Cruz,2021-05-25,2311,312667,1326,146169,940,159237,45,7261,483,35821,1681,141674,528,177495,California
Santa Cruz,2021-05-26,1784,314451,842,147011,897,160134,45,7306,490,35078,1278,142952,535,178030,California
Santa Cruz,2021-05-27,1354,315805,740,147751,509,160643,105,7411,461,34758,886,143838,566,178596,California
Santa Cruz,2021-05-28,866,316671,389,148140,447,161090,30,7441,378,34688,479,144317,409,179005,California
Santa Cruz,2021-05-29,596,317267,337,148477,247,161337,12,7453,318,34742,276,144593,330,179335,California
Santa Cruz,2021-05-30,247,317514,124,148601,109,161446,14,7467,95,34701,149,144742,108,179443,California
Santa Cruz,2021-05-31,146,317660,64,148665,81,161527,1,7468,45,34647,100,144842,46,179489,California
Santa Cruz,2021-06-01,970,318630,601,149266,356,161883,13,7481,353,34397,615,145457,365,179854,California
Santa Cruz,2021-06-02,933,319563,552,149818,339,162222,42,7523,354,34219,574,146031,396,180250,California
Santa Cruz,2021-06-03,2318,321881,1560,151378,720,162942,38,7561,542,33033,1766,147797,580,180830,California
Santa Cruz,2021-06-04,1080,322961,744,152122,301,163243,35,7596,250,32496,823,148620,286,181116,California
Santa Cruz,2021-06-05,1084,324045,884,153006,195,163438,5,7601,190,31801,890,149510,195,181311,California
Santa Cruz,2021-06-06,416,324461,307,153313,92,163530,17,7618,112,31629,301,149811,129,181440,California
Santa Cruz,2021-06-07,867,325328,646,153959,190,163720,31,7649,231,31256,635,150446,262,181702,California
Santa Cruz,2021-06-08,1526,326854,1227,155186,274,163994,25,7674,318,30397,1203,151649,344,182046,California
Santa Cruz,2021-06-09,1476,328330,1162,156348,297,164291,17,7691,292,29530,1177,152826,310,182356,California
Santa Cruz,2021-06-10,2023,330353,1664,158012,287,164578,72,7763,363,28307,1655,154481,432,182788,California
Santa Cruz,2021-06-11,841,331194,524,158536,282,164860,35,7798,292,28089,543,155024,325,183113,California
Santa Cruz,2021-06-12,980,332174,862,159398,112,164972,6,7804,170,27458,807,155831,176,183289,California
Santa Cruz,2021-06-13,205,332379,138,159536,46,165018,21,7825,32,27338,173,156004,53,183342,California
Santa Cruz,2021-06-14,583,332962,383,159919,164,165182,36,7861,171,27135,409,156413,206,183548,California
Santa Cruz,2021-06-15,976,333938,726,160645,227,165409,23,7884,347,26880,626,157039,371,183919,California
Santa Cruz,2021-06-16,848,334786,630,161275,183,165592,35,7919,275,26620,569,157608,309,184228,California
Santa Cruz,2021-06-17,821,335607,643,161918,139,165731,39,7958,306,26452,512,158120,344,184572,California
Santa Cruz,2021-06-18,651,336258,404,162322,216,165947,31,7989,294,26424,353,158473,325,184897,California
Santa Cruz,2021-06-19,338,336596,268,162590,64,166011,6,7995,120,26335,215,158688,126,185023,California
Santa Cruz,2021-06-20,162,336758,116,162706,28,166039,18,8013,68,26327,94,158782,86,185109,California
Santa Cruz,2021-06-21,369,337127,263,162969,85,166124,21,8034,190,26359,177,158959,209,185318,California
Santa Cruz,2021-06-22,702,337829,503,163472,169,166293,30,8064,271,26231,430,159389,302,185620,California
Santa Cruz,2021-06-23,410,338239,293,163765,108,166401,9,8073,199,26232,205,159594,206,185826,California
Santa Cruz,2021-06-24,512,338751,373,164138,107,166508,32,8105,203,26159,307,159901,234,186060,California
Santa Cruz,2021-06-25,467,339218,306,164444,141,166649,20,8125,214,26144,249,160150,234,186294,California
Santa Cruz,2021-06-26,160,339378,115,164559,36,166685,9,8134,64,26122,95,160245,73,186367,California
Shasta,2020-12-16,131,131,131,131,0,0,0,0,131,131,0,0,131,131,California
Shasta,2020-12-17,421,552,421,552,0,0,0,0,421,552,0,0,421,552,California
Shasta,2020-12-18,166,718,166,718,0,0,0,0,166,718,0,0,166,718,California
Shasta,2020-12-19,1,719,1,719,0,0,0,0,1,719,0,0,1,719,California
Shasta,2020-12-21,79,798,79,798,0,0,0,0,79,798,0,0,79,798,California
Shasta,2020-12-22,193,991,188,986,5,5,0,0,193,991,0,0,193,991,California
Shasta,2020-12-23,173,1164,169,1155,4,9,0,0,173,1164,0,0,173,1164,California
Shasta,2020-12-24,19,1183,19,1174,0,9,0,0,19,1183,0,0,19,1183,California
Shasta,2020-12-26,4,1187,1,1175,3,12,0,0,4,1187,0,0,4,1187,California
Shasta,2020-12-27,1,1188,0,1175,1,13,0,0,1,1188,0,0,1,1188,California
Shasta,2020-12-28,40,1228,31,1206,9,22,0,0,40,1228,0,0,40,1228,California
Shasta,2020-12-29,186,1414,185,1391,1,23,0,0,186,1414,0,0,186,1414,California
Shasta,2020-12-30,177,1591,167,1558,10,33,0,0,177,1591,0,0,177,1591,California
Shasta,2020-12-31,83,1674,2,1560,81,114,0,0,83,1674,0,0,83,1674,California
Shasta,2021-01-02,2,1676,0,1560,2,116,0,0,2,1676,0,0,2,1676,California
Shasta,2021-01-03,1,1677,1,1561,0,116,0,0,1,1677,0,0,1,1677,California
Shasta,2021-01-04,373,2050,307,1868,66,182,0,0,374,2051,0,0,374,2051,California
Shasta,2021-01-05,337,2387,314,2182,23,205,0,0,255,2224,82,82,255,2306,California
Shasta,2021-01-06,466,2853,395,2577,71,276,0,0,203,2165,262,344,203,2509,California
Shasta,2021-01-07,125,2978,37,2614,88,364,0,0,103,2246,22,366,103,2612,California
Shasta,2021-01-08,524,3502,447,3061,77,441,0,0,316,2354,208,574,316,2928,California
Shasta,2021-01-09,73,3575,64,3125,9,450,0,0,71,2423,2,576,71,2999,California
Shasta,2021-01-10,5,3580,0,3125,5,455,0,0,3,2426,2,578,5,3004,California
Shasta,2021-01-11,409,3989,186,3311,223,678,0,0,373,2763,36,614,373,3377,California
Shasta,2021-01-12,490,4479,332,3643,158,836,0,0,314,2902,176,790,315,3692,California
Shasta,2021-01-13,604,5083,270,3913,334,1170,0,0,432,3163,171,961,432,4124,California
Shasta,2021-01-14,503,5586,52,3965,451,1621,0,0,485,3630,18,979,485,4609,California
Shasta,2021-01-15,689,6275,135,4100,554,2175,0,0,687,4315,2,981,687,5296,California
Shasta,2021-01-16,897,7172,53,4153,844,3019,0,0,894,5206,3,984,894,6190,California
Shasta,2021-01-17,27,7199,6,4159,21,3040,0,0,23,5225,4,988,23,6213,California
Shasta,2021-01-18,598,7797,129,4288,469,3509,0,0,590,5807,8,996,590,6803,California
Shasta,2021-01-19,1064,8861,401,4689,663,4172,0,0,916,6575,148,1144,916,7719,California
Shasta,2021-01-20,677,9538,409,5098,268,4440,0,0,491,6885,181,1325,491,8210,California
Shasta,2021-01-21,634,10172,280,5378,354,4794,0,0,611,7473,23,1348,611,8821,California
Shasta,2021-01-22,451,10623,177,5555,274,5068,0,0,445,7912,6,1354,445,9266,California
Shasta,2021-01-23,68,10691,5,5560,63,5131,0,0,67,7978,1,1355,67,9333,California
Shasta,2021-01-24,26,10717,3,5563,23,5154,0,0,25,8002,1,1356,25,9358,California
Shasta,2021-01-25,747,11464,488,6051,259,5413,0,0,460,8176,286,1642,460,9818,California
Shasta,2021-01-26,713,12177,333,6384,380,5793,0,0,479,8423,232,1874,479,10297,California
Shasta,2021-01-27,463,12640,181,6565,282,6075,0,0,413,8787,49,1923,413,10710,California
Shasta,2021-01-28,892,13532,579,7144,313,6388,0,0,670,9235,222,2145,670,11380,California
Shasta,2021-01-29,833,14365,329,7473,504,6892,0,0,644,9691,189,2334,645,12025,California
Shasta,2021-01-30,615,14980,14,7487,601,7493,0,0,605,10286,10,2344,605,12630,California
Shasta,2021-01-31,27,15007,4,7491,23,7516,0,0,25,10309,2,2346,25,12655,California
Shasta,2021-02-01,532,15539,148,7639,384,7900,0,0,387,10551,145,2491,387,13042,California
Shasta,2021-02-02,992,16531,501,8140,491,8391,0,0,899,11359,91,2582,899,13941,California
Shasta,2021-02-03,725,17256,213,8353,512,8903,0,0,490,11614,235,2817,490,14431,California
Shasta,2021-02-04,1103,18359,676,9029,427,9330,0,0,909,12330,193,3010,909,15340,California
Shasta,2021-02-05,1264,19623,167,9196,1097,10427,0,0,1056,13179,207,3217,1056,16396,California
Shasta,2021-02-06,1745,21368,41,9237,1704,12131,0,0,1722,14878,23,3240,1722,18118,California
Shasta,2021-02-07,25,21393,3,9240,22,12153,0,0,23,14899,2,3242,23,18141,California
Shasta,2021-02-08,601,21994,169,9409,432,12585,0,0,309,14916,292,3534,309,18450,California
Shasta,2021-02-09,1130,23124,658,10067,472,13057,0,0,735,15257,395,3929,736,19186,California
Shasta,2021-02-10,1126,24250,787,10854,339,13396,0,0,599,15329,527,4456,599,19785,California
Shasta,2021-02-11,894,25144,187,11041,707,14103,0,0,370,15180,519,4975,370,20155,California
Shasta,2021-02-12,1798,26942,1214,12255,584,14687,0,0,1240,15862,558,5533,1240,21395,California
Shasta,2021-02-13,1382,28324,374,12629,1008,15695,0,0,569,15618,814,6347,570,21965,California
Shasta,2021-02-14,149,28473,5,12634,144,15839,0,0,124,15717,25,6372,124,22089,California
Shasta,2021-02-15,380,28853,92,12726,288,16127,0,0,211,15759,169,6541,211,22300,California
Shasta,2021-02-16,1202,30055,523,13249,679,16806,0,0,427,15412,774,7315,427,22727,California
Shasta,2021-02-17,1036,31091,437,13686,599,17405,0,0,412,15200,624,7939,412,23139,California
Shasta,2021-02-18,954,32045,471,14157,483,17888,0,0,460,15167,494,8433,461,23600,California
Shasta,2021-02-19,1337,33382,946,15103,391,18279,0,0,870,15570,467,8900,870,24470,California
Shasta,2021-02-20,802,34184,91,15194,711,18990,0,0,304,15376,498,9398,304,24774,California
Shasta,2021-02-21,32,34216,3,15197,29,19019,0,0,10,15364,22,9420,10,24784,California
Shasta,2021-02-22,433,34649,79,15276,354,19373,0,0,181,15294,251,9671,181,24965,California
Shasta,2021-02-23,912,35561,471,15747,441,19814,0,0,328,15038,584,10255,328,25293,California
Shasta,2021-02-24,892,36453,509,16256,383,20197,0,0,274,14695,617,10872,274,25567,California
Shasta,2021-02-25,519,36972,163,16419,356,20553,0,0,163,14503,355,11227,163,25730,California
Shasta,2021-02-26,797,37769,98,16517,699,21252,0,0,337,14381,459,11686,337,26067,California
Shasta,2021-02-27,829,38598,27,16544,802,22054,0,0,189,13933,637,12323,189,26256,California
Shasta,2021-02-28,176,38774,4,16548,172,22226,0,0,127,14011,49,12372,127,26383,California
Shasta,2021-03-01,589,39363,61,16609,528,22754,0,0,298,14019,290,12662,298,26681,California
Shasta,2021-03-02,1030,40393,474,17083,556,23310,0,0,338,13667,690,13352,338,27019,California
Shasta,2021-03-03,680,41073,175,17258,505,23815,0,0,247,13481,433,13785,247,27266,California
Shasta,2021-03-04,3038,44111,2421,19679,617,24432,0,0,1734,13915,1301,15086,1735,29001,California
Shasta,2021-03-05,1560,45671,162,19841,1369,25801,29,29,787,13957,774,15860,816,29817,California
Shasta,2021-03-06,2743,48414,385,20226,2311,28112,47,76,855,12973,1886,17746,902,30719,California
Shasta,2021-03-07,93,48507,4,20230,57,28169,32,108,39,12990,54,17800,71,30790,California
Shasta,2021-03-08,571,49078,48,20278,384,28553,139,247,157,12874,412,18212,296,31086,California
Shasta,2021-03-09,1256,50334,596,20874,482,29035,178,425,696,13188,559,18771,873,31959,California
Shasta,2021-03-10,805,51139,258,21132,345,29380,202,627,142,12868,662,19433,342,32301,California
Shasta,2021-03-11,1560,52699,472,21604,817,30197,271,898,943,13468,614,20047,1214,33515,California
Shasta,2021-03-12,1562,54261,847,22451,466,30663,249,1147,412,12978,1149,21196,659,34174,California
Shasta,2021-03-13,759,55020,425,22876,233,30896,101,1248,475,13269,283,21479,574,34748,California
Shasta,2021-03-14,1017,56037,8,22884,986,31882,23,1271,878,14033,139,21618,903,35651,California
Shasta,2021-03-15,497,56534,36,22920,361,32243,100,1371,209,14053,288,21906,308,35959,California
Shasta,2021-03-16,1143,57677,150,23070,926,33169,67,1438,858,14693,285,22191,925,36884,California
Shasta,2021-03-17,739,58416,191,23261,490,33659,58,1496,398,14816,333,22524,456,37340,California
Shasta,2021-03-18,1548,59964,589,23850,855,34514,104,1600,1117,15610,427,22951,1221,38561,California
Shasta,2021-03-19,647,60611,198,24048,393,34907,56,1656,412,15844,234,23185,468,39029,California
Shasta,2021-03-20,749,61360,490,24538,245,35152,14,1670,600,16309,149,23334,614,39643,California
Shasta,2021-03-21,312,61672,297,24835,4,35156,11,1681,285,16579,26,23360,296,39939,California
Shasta,2021-03-22,347,62019,37,24872,274,35430,36,1717,199,16667,147,23507,235,40174,California
Shasta,2021-03-23,1312,63331,653,25525,600,36030,59,1776,759,16937,548,24055,818,40992,California
Shasta,2021-03-24,609,63940,155,25680,416,36446,38,1814,365,17097,243,24298,403,41395,California
Shasta,2021-03-25,1134,65074,451,26131,662,37108,21,1835,823,17633,309,24607,845,42240,California
Shasta,2021-03-26,1838,66912,1404,27535,404,37512,30,1865,1477,18780,361,24968,1508,43748,California
Shasta,2021-03-27,1595,68507,406,27941,317,37829,872,2737,577,19209,1016,25984,1445,45193,California
Shasta,2021-03-28,408,68915,301,28242,97,37926,10,2747,302,19417,104,26088,312,45505,California
Shasta,2021-03-29,425,69340,41,28283,372,38298,12,2759,169,19343,255,26343,181,45686,California
Shasta,2021-03-30,1250,70590,770,29053,463,38761,17,2776,626,19365,621,26964,643,46329,California
Shasta,2021-03-31,620,71210,207,29260,407,39168,6,2782,383,19521,233,27197,389,46718,California
Shasta,2021-04-01,897,72107,247,29507,637,39805,13,2795,575,19789,320,27517,588,47306,California
Shasta,2021-04-02,757,72864,199,29706,503,40308,55,2850,412,19913,343,27860,467,47773,California
Shasta,2021-04-03,513,73377,361,30067,133,40441,19,2869,388,20195,125,27985,407,48180,California
Shasta,2021-04-04,292,73669,175,30242,96,40537,21,2890,218,20360,74,28059,239,48419,California
Shasta,2021-04-05,444,74113,68,30310,312,40849,64,2954,252,20484,192,28251,316,48735,California
Shasta,2021-04-06,1172,75285,487,30797,507,41356,178,3132,540,20574,627,28878,717,49452,California
Shasta,2021-04-07,664,75949,216,31013,283,41639,165,3297,260,20597,400,29278,423,49875,California
Shasta,2021-04-08,1155,77104,264,31277,734,42373,157,3454,222,20045,930,30208,378,50253,California
Shasta,2021-04-09,2601,79705,2078,33355,309,42682,214,3668,2017,21695,577,30785,2227,52480,California
Shasta,2021-04-10,884,80589,596,33951,157,42839,131,3799,269,21479,614,31399,398,52878,California
Shasta,2021-04-11,1251,81840,398,34349,833,43672,20,3819,144,20540,1103,32502,164,53042,California
Shasta,2021-04-12,342,82182,7,34356,271,43943,64,3883,98,20458,243,32745,161,53203,California
Shasta,2021-04-13,1278,83460,368,34724,908,44851,2,3885,339,19864,934,33679,340,53543,California
Shasta,2021-04-14,593,84053,142,34866,449,45300,2,3887,220,19714,372,34051,222,53765,California
Shasta,2021-04-15,1086,85139,258,35124,827,46127,1,3888,301,19236,779,34830,301,54066,California
Shasta,2021-04-16,2360,87499,1859,36983,501,46628,0,3888,950,18778,1408,36238,950,55016,California
Shasta,2021-04-17,648,88147,417,37400,231,46859,0,3888,193,18517,455,36693,194,55210,California
Shasta,2021-04-18,270,88417,244,37644,26,46885,0,3888,35,18319,233,36926,35,55245,California
Shasta,2021-04-19,387,88804,29,37673,358,47243,0,3888,168,18268,219,37145,168,55413,California
Shasta,2021-04-20,1030,89834,266,37939,764,48007,0,3888,385,18010,643,37788,385,55798,California
Shasta,2021-04-21,625,90459,229,38168,396,48403,0,3888,317,18019,308,38096,317,56115,California
Shasta,2021-04-22,971,91430,285,38453,686,49089,0,3888,301,17652,668,38764,301,56416,California
Shasta,2021-04-23,669,92099,263,38716,406,49495,0,3888,339,17662,329,39093,339,56755,California
Shasta,2021-04-24,602,92701,359,39075,242,49737,1,3889,109,17280,491,39584,109,56864,California
Shasta,2021-04-25,210,92911,180,39255,29,49766,1,3890,36,17143,174,39758,37,56901,California
Shasta,2021-04-26,506,93417,57,39312,444,50210,5,3895,356,17355,148,39906,360,57261,California
Shasta,2021-04-27,552,93969,183,39495,329,50539,40,3935,303,17449,246,40152,340,57601,California
Shasta,2021-04-28,583,94552,165,39660,385,50924,33,3968,250,17398,333,40485,282,57883,California
Shasta,2021-04-29,785,95337,121,39781,640,51564,24,3992,180,16998,604,41089,204,58087,California
Shasta,2021-04-30,2274,97611,1847,41628,396,51960,31,4023,271,15298,2002,43091,302,58389,California
Shasta,2021-05-01,231,97842,20,41648,135,52095,76,4099,103,15349,128,43219,179,58568,California
Shasta,2021-05-02,47,97889,17,41665,17,52112,13,4112,20,15355,27,43246,33,58601,California
Shasta,2021-05-03,355,98244,96,41761,233,52345,26,4138,114,15255,240,43486,140,58741,California
Shasta,2021-05-04,537,98781,200,41961,298,52643,39,4177,253,15266,281,43767,292,59033,California
Shasta,2021-05-05,452,99233,153,42114,281,52924,18,4195,207,15246,245,44012,225,59258,California
Shasta,2021-05-06,696,99929,266,42380,390,53314,40,4235,299,15195,388,44400,337,59595,California
Shasta,2021-05-07,1123,101052,741,43121,342,53656,40,4275,305,14723,817,45217,345,59940,California
Shasta,2021-05-08,176,101228,85,43206,80,53736,11,4286,104,14765,72,45289,114,60054,California
Shasta,2021-05-09,66,101294,15,43221,46,53782,5,4291,35,14774,31,45320,40,60094,California
Shasta,2021-05-10,257,101551,21,43242,187,53969,49,4340,111,14788,144,45464,158,60252,California
Shasta,2021-05-11,523,102074,161,43403,211,54180,151,4491,183,14783,339,45803,334,60586,California
Shasta,2021-05-12,398,102472,146,43549,228,54408,24,4515,133,14676,264,46067,157,60743,California
Shasta,2021-05-13,579,103051,239,43788,323,54731,17,4532,224,14564,353,46420,241,60984,California
Shasta,2021-05-14,648,103699,275,44063,347,55078,26,4558,298,14540,349,46769,325,61309,California
Shasta,2021-05-15,400,104099,130,44193,165,55243,105,4663,168,14581,231,47000,272,61581,California
Shasta,2021-05-16,222,104321,155,44348,57,55300,10,4673,163,14695,59,47059,173,61754,California
Shasta,2021-05-17,539,104860,245,44593,234,55534,60,4733,283,14783,255,47314,343,62097,California
Shasta,2021-05-18,617,105477,294,44887,298,55832,25,4758,325,14840,293,47607,350,62447,California
Shasta,2021-05-19,591,106068,280,45167,243,56075,68,4826,281,14883,306,47913,349,62796,California
Shasta,2021-05-20,582,106650,266,45433,297,56372,19,4845,277,14875,303,48216,295,63091,California
Shasta,2021-05-21,657,107307,301,45734,337,56709,19,4864,331,14902,323,48539,350,63441,California
Shasta,2021-05-22,235,107542,133,45867,94,56803,8,4872,144,14967,88,48627,153,63594,California
Shasta,2021-05-23,114,107656,49,45916,56,56859,9,4881,69,15000,45,48672,78,63672,California
Shasta,2021-05-24,545,108201,170,46086,343,57202,32,4913,191,14870,353,49025,223,63895,California
Shasta,2021-05-25,466,108667,199,46285,222,57424,45,4958,159,14770,303,49328,203,64098,California
Shasta,2021-05-26,372,109039,147,46432,200,57624,25,4983,148,14720,223,49551,173,64271,California
Shasta,2021-05-27,422,109461,154,46586,259,57883,9,4992,155,14620,264,49815,164,64435,California
Shasta,2021-05-28,444,109905,198,46784,217,58100,29,5021,207,14622,234,50049,236,64671,California
Shasta,2021-05-29,225,110130,63,46847,131,58231,31,5052,88,14602,137,50186,117,64788,California
Shasta,2021-05-30,88,110218,51,46898,35,58266,2,5054,59,14634,29,50215,61,64849,California
Shasta,2021-05-31,35,110253,8,46906,26,58292,1,5055,11,14623,23,50238,12,64861,California
Shasta,2021-06-01,532,110785,156,47062,230,58522,146,5201,137,14519,388,50626,284,65145,California
Shasta,2021-06-02,294,111079,119,47181,166,58688,9,5210,120,14476,172,50798,129,65274,California
Shasta,2021-06-03,366,111445,154,47335,203,58891,9,5219,116,14352,249,51047,125,65399,California
Shasta,2021-06-04,576,112021,285,47620,263,59154,28,5247,201,14207,374,51421,229,65628,California
Shasta,2021-06-05,259,112280,154,47774,88,59242,17,5264,77,14121,181,51602,95,65723,California
Shasta,2021-06-06,163,112443,128,47902,33,59275,2,5266,48,14056,115,51717,50,65773,California
Shasta,2021-06-07,403,112846,234,48136,152,59427,17,5283,110,13891,292,52009,127,65900,California
Shasta,2021-06-08,506,113352,298,48434,162,59589,46,5329,151,13736,351,52360,196,66096,California
Shasta,2021-06-09,485,113837,274,48708,123,59712,88,5417,111,13563,371,52731,198,66294,California
Shasta,2021-06-10,417,114254,252,48960,140,59852,25,5442,125,13427,286,53017,150,66444,California
Shasta,2021-06-11,456,114710,255,49215,165,60017,36,5478,126,13260,328,53345,161,66605,California
Shasta,2021-06-12,213,114923,140,49355,67,60084,6,5484,79,13212,133,53478,85,66690,California
Shasta,2021-06-13,89,115012,55,49410,32,60116,2,5486,25,13175,64,53542,27,66717,California
Shasta,2021-06-14,288,115300,157,49567,112,60228,19,5505,83,13073,204,53746,102,66819,California
Shasta,2021-06-15,462,115762,233,49800,111,60339,118,5623,163,13054,294,54040,275,67094,California
Shasta,2021-06-16,258,116020,150,49950,96,60435,12,5635,82,12976,172,54212,94,67188,California
Shasta,2021-06-17,292,116312,125,50075,131,60566,36,5671,107,12935,184,54396,143,67331,California
Shasta,2021-06-18,357,116669,226,50301,110,60676,21,5692,151,12902,205,54601,172,67503,California
Shasta,2021-06-19,116,116785,75,50376,39,60715,2,5694,52,12893,63,54664,54,67557,California
Shasta,2021-06-20,59,116844,37,50413,19,60734,3,5697,23,12883,36,54700,26,67583,California
Shasta,2021-06-21,209,117053,72,50485,108,60842,29,5726,85,12874,123,54823,114,67697,California
Shasta,2021-06-22,370,117423,138,50623,82,60924,150,5876,93,12838,269,55092,233,67930,California
Shasta,2021-06-23,217,117640,131,50754,72,60996,14,5890,93,12822,123,55215,107,68037,California
Shasta,2021-06-24,229,117869,135,50889,77,61073,17,5907,92,12796,135,55350,109,68146,California
Shasta,2021-06-25,288,118157,206,51095,69,61142,13,5920,118,12756,170,55520,130,68276,California
Shasta,2021-06-26,58,118215,38,51133,12,61154,8,5928,20,12746,38,55558,28,68304,California
Sierra,2020-12-18,1,1,1,1,0,0,0,0,1,1,0,0,1,1,California
Sierra,2020-12-21,2,3,2,3,0,0,0,0,2,3,0,0,2,3,California
Sierra,2020-12-22,12,15,12,15,0,0,0,0,12,15,0,0,12,15,California
Sierra,2020-12-23,4,19,4,19,0,0,0,0,4,19,0,0,4,19,California
Sierra,2020-12-28,1,20,0,19,1,1,0,0,1,20,0,0,1,20,California
Sierra,2020-12-29,49,69,7,26,42,43,0,0,49,69,0,0,49,69,California
Sierra,2020-12-30,2,71,0,26,2,45,0,0,2,71,0,0,2,71,California
Sierra,2020-12-31,13,84,0,26,13,58,0,0,13,84,0,0,13,84,California
Sierra,2021-01-01,1,85,1,27,0,58,0,0,1,85,0,0,1,85,California
Sierra,2021-01-05,63,148,2,29,61,119,0,0,63,148,0,0,63,148,California
Sierra,2021-01-06,1,149,1,30,0,119,0,0,1,149,0,0,1,149,California
Sierra,2021-01-07,21,170,1,31,20,139,0,0,20,168,1,1,20,169,California
Sierra,2021-01-08,1,171,1,32,0,139,0,0,1,169,0,1,1,170,California
Sierra,2021-01-11,3,174,3,35,0,139,0,0,0,166,3,4,0,170,California
Sierra,2021-01-12,39,213,12,47,27,166,0,0,27,181,12,16,27,197,California
Sierra,2021-01-13,4,217,3,50,1,167,0,0,1,179,3,19,1,198,California
Sierra,2021-01-14,35,252,2,52,33,200,0,0,35,214,0,19,35,233,California
Sierra,2021-01-15,3,255,1,53,2,202,0,0,3,217,0,19,3,236,California
Sierra,2021-01-18,3,258,0,53,3,205,0,0,3,220,0,19,3,239,California
Sierra,2021-01-19,31,289,0,53,31,236,0,0,31,251,0,19,31,270,California
Sierra,2021-01-20,1,290,1,54,0,236,0,0,1,252,0,19,1,271,California
Sierra,2021-01-21,52,342,0,54,52,288,0,0,52,304,0,19,52,323,California
Sierra,2021-01-22,2,344,0,54,2,290,0,0,2,306,0,19,2,325,California
Sierra,2021-01-23,2,346,0,54,2,292,0,0,2,308,0,19,2,327,California
Sierra,2021-01-25,1,347,1,55,0,292,0,0,1,309,0,19,1,328,California
Sierra,2021-01-26,62,409,1,56,61,353,0,0,24,295,38,57,24,352,California
Sierra,2021-01-27,4,413,4,60,0,353,0,0,0,291,4,61,0,352,California
Sierra,2021-01-28,53,466,0,60,53,406,0,0,43,324,10,71,43,395,California
Sierra,2021-01-29,2,468,0,60,2,408,0,0,2,326,0,71,2,397,California
Sierra,2021-01-30,3,471,3,63,0,408,0,0,2,327,1,72,2,399,California
Sierra,2021-02-01,1,472,0,63,1,409,0,0,0,326,1,73,0,399,California
Sierra,2021-02-02,57,529,1,64,56,465,0,0,18,305,39,112,18,417,California
Sierra,2021-02-03,6,535,5,69,1,466,0,0,5,309,1,113,5,422,California
Sierra,2021-02-04,102,637,5,74,97,563,0,0,53,313,49,162,53,475,California
Sierra,2021-02-05,6,643,4,78,2,565,0,0,5,317,1,163,5,480,California
Sierra,2021-02-09,51,694,0,78,51,616,0,0,48,362,3,166,48,528,California
Sierra,2021-02-10,5,699,2,80,3,619,0,0,4,365,1,167,4,532,California
Sierra,2021-02-11,195,894,1,81,194,813,0,0,134,438,61,228,134,666,California
Sierra,2021-02-12,20,914,0,81,20,833,0,0,20,458,0,228,20,686,California
Sierra,2021-02-13,1,915,1,82,0,833,0,0,1,459,0,228,1,687,California
Sierra,2021-02-15,3,918,3,85,0,833,0,0,0,456,3,231,0,687,California
Sierra,2021-02-16,43,961,1,86,42,875,0,0,10,433,33,264,10,697,California
Sierra,2021-02-17,4,965,0,86,4,879,0,0,1,431,3,267,1,698,California
Sierra,2021-02-18,139,1104,0,86,139,1018,0,0,90,472,49,316,90,788,California
Sierra,2021-02-19,2,1106,1,87,1,1019,0,0,1,472,1,317,1,789,California
Sierra,2021-02-20,2,1108,2,89,0,1019,0,0,0,470,2,319,0,789,California
Sierra,2021-02-22,1,1109,1,90,0,1019,0,0,1,471,0,319,1,790,California
Sierra,2021-02-23,4,1113,0,90,4,1023,0,0,4,475,0,319,4,794,California
Sierra,2021-02-24,3,1116,2,92,1,1024,0,0,3,478,0,319,3,797,California
Sierra,2021-02-25,124,1240,2,94,122,1146,0,0,58,471,65,384,58,855,California
Sierra,2021-02-26,11,1251,6,100,5,1151,0,0,4,468,7,391,4,859,California
Sierra,2021-02-27,2,1253,2,102,0,1151,0,0,0,466,2,393,0,859,California
Sierra,2021-03-01,2,1255,2,104,0,1151,0,0,0,464,2,395,0,859,California
Sierra,2021-03-02,56,1311,0,104,56,1207,0,0,38,484,18,413,38,897,California
Sierra,2021-03-03,2,1313,2,106,0,1207,0,0,1,484,1,414,1,898,California
Sierra,2021-03-04,108,1421,0,106,108,1315,0,0,60,496,48,462,60,958,California
Sierra,2021-03-05,13,1434,1,107,12,1327,0,0,11,505,2,464,11,969,California
Sierra,2021-03-07,1,1435,1,108,0,1327,0,0,0,504,1,465,0,969,California
Sierra,2021-03-08,2,1437,2,110,0,1327,0,0,2,506,0,465,2,971,California
Sierra,2021-03-09,56,1493,0,110,56,1383,0,0,12,474,44,509,12,983,California
Sierra,2021-03-10,6,1499,0,110,6,1389,0,0,4,476,2,511,4,987,California
Sierra,2021-03-11,173,1672,0,110,173,1562,0,0,41,385,132,643,41,1028,California
Sierra,2021-03-12,20,1692,1,111,19,1581,0,0,0,365,20,663,0,1028,California
Sierra,2021-03-13,27,1719,0,111,27,1608,0,0,27,392,0,663,27,1055,California
Sierra,2021-03-14,1,1720,0,111,0,1608,1,1,0,392,1,664,1,1056,California
Sierra,2021-03-15,2,1722,1,112,0,1608,1,2,0,391,2,666,1,1057,California
Sierra,2021-03-16,35,1757,0,112,34,1642,1,3,22,401,13,679,23,1080,California
Sierra,2021-03-17,3,1760,2,114,1,1643,0,3,0,398,3,682,0,1080,California
Sierra,2021-03-18,157,1917,0,114,157,1800,0,3,65,371,92,774,65,1145,California
Sierra,2021-03-19,4,1921,2,116,2,1802,0,3,1,369,3,777,1,1146,California
Sierra,2021-03-20,1,1922,0,116,1,1803,0,3,1,370,0,777,1,1147,California
Sierra,2021-03-23,22,1944,0,116,22,1825,0,3,13,374,9,786,13,1160,California
Sierra,2021-03-24,3,1947,1,117,2,1827,0,3,1,373,2,788,1,1161,California
Sierra,2021-03-25,99,2046,1,118,98,1925,0,3,50,374,49,837,50,1211,California
Sierra,2021-03-26,12,2058,1,119,11,1936,0,3,8,378,4,841,8,1219,California
Sierra,2021-03-27,1,2059,0,119,1,1937,0,3,0,377,1,842,0,1219,California
Sierra,2021-03-29,1,2060,1,120,0,1937,0,3,0,376,1,843,0,1219,California
Sierra,2021-03-30,54,2114,1,121,53,1990,0,3,22,366,32,875,22,1241,California
Sierra,2021-03-31,8,2122,0,121,8,1998,0,3,8,374,0,875,8,1249,California
Sierra,2021-04-01,63,2185,1,122,62,2060,0,3,5,323,56,931,5,1254,California
Sierra,2021-04-02,3,2188,2,124,1,2061,0,3,2,324,1,932,2,1256,California
Sierra,2021-04-04,1,2189,0,124,1,2062,0,3,0,324,0,932,0,1256,California
Sierra,2021-04-06,11,2200,0,124,11,2073,0,3,1,315,10,942,1,1257,California
Sierra,2021-04-07,14,2214,3,127,6,2079,5,8,3,313,10,952,8,1265,California
Sierra,2021-04-08,53,2267,2,129,51,2130,0,8,16,292,37,989,16,1281,California
Sierra,2021-04-09,2,2269,2,131,0,2130,0,8,1,292,1,990,1,1282,California
Sierra,2021-04-10,27,2296,0,131,27,2157,0,8,0,265,27,1017,0,1282,California
Sierra,2021-04-13,43,2339,0,131,43,2200,0,8,5,232,38,1055,5,1287,California
Sierra,2021-04-14,1,2340,0,131,1,2201,0,8,1,233,0,1055,1,1288,California
Sierra,2021-04-15,48,2388,1,132,47,2248,0,8,2,189,46,1101,2,1290,California
Sierra,2021-04-17,2,2390,1,133,1,2249,0,8,1,189,1,1102,1,1291,California
Sierra,2021-04-18,1,2391,0,133,1,2250,0,8,0,189,0,1102,0,1291,California
Sierra,2021-04-19,1,2392,1,134,0,2250,0,8,0,188,1,1103,0,1291,California
Sierra,2021-04-20,34,2426,1,135,33,2283,0,8,7,168,27,1130,7,1298,California
Sierra,2021-04-21,2,2428,1,136,1,2284,0,8,1,168,1,1131,1,1299,California
Sierra,2021-04-22,64,2492,1,137,63,2347,0,8,5,115,58,1189,5,1304,California
Sierra,2021-04-23,14,2506,0,137,14,2361,0,8,5,111,9,1198,5,1309,California
Sierra,2021-04-24,4,2510,0,137,4,2365,0,8,4,115,0,1198,4,1313,California
Sierra,2021-04-27,27,2537,0,137,27,2392,0,8,4,96,23,1221,4,1317,California
Sierra,2021-04-28,10,2547,2,139,8,2400,0,8,1,88,9,1230,1,1318,California
Sierra,2021-04-29,20,2567,2,141,18,2418,0,8,14,96,6,1236,14,1332,California
Sierra,2021-04-30,4,2571,2,143,2,2420,0,8,2,96,2,1238,2,1334,California
Sierra,2021-05-01,1,2572,0,143,1,2421,0,8,0,96,0,1238,0,1334,California
Sierra,2021-05-03,1,2573,1,144,0,2421,0,8,1,97,0,1238,1,1335,California
Sierra,2021-05-04,1,2574,0,144,1,2422,0,8,0,96,1,1239,0,1335,California
Sierra,2021-05-05,22,2596,0,144,22,2444,0,8,7,88,15,1254,7,1342,California
Sierra,2021-05-06,1,2597,1,145,0,2444,0,8,0,87,1,1255,0,1342,California
Sierra,2021-05-07,1,2598,1,146,0,2444,0,8,1,88,0,1255,1,1343,California
Sierra,2021-05-08,1,2599,0,146,0,2444,1,9,0,88,1,1256,1,1344,California
Sierra,2021-05-11,11,2610,0,146,4,2448,7,16,0,84,11,1267,7,1351,California
Sierra,2021-05-12,11,2621,1,147,10,2458,0,16,8,89,3,1270,8,1359,California
Sierra,2021-05-13,3,2624,2,149,1,2459,0,16,2,90,1,1271,2,1361,California
Sierra,2021-05-14,3,2627,1,150,2,2461,0,16,3,93,0,1271,3,1364,California
Sierra,2021-05-17,1,2628,1,151,0,2461,0,16,1,94,0,1271,1,1365,California
Sierra,2021-05-18,2,2630,0,151,1,2462,1,17,0,93,2,1273,1,1366,California
Sierra,2021-05-19,5,2635,2,153,3,2465,0,17,1,90,4,1277,1,1367,California
Sierra,2021-05-20,9,2644,8,161,0,2465,1,18,8,98,1,1278,9,1376,California
Sierra,2021-05-21,5,2649,2,163,3,2468,0,18,1,95,4,1282,1,1377,California
Sierra,2021-05-22,5,2654,0,163,5,2473,0,18,1,92,4,1286,1,1378,California
Sierra,2021-05-23,1,2655,0,163,1,2474,0,18,1,93,0,1286,1,1379,California
Sierra,2021-05-24,3,2658,1,164,2,2476,0,18,2,94,1,1287,2,1381,California
Sierra,2021-05-25,3,2661,0,164,3,2479,0,18,1,93,2,1289,1,1382,California
Sierra,2021-05-26,8,2669,0,164,8,2487,0,18,4,93,4,1293,4,1386,California
Sierra,2021-05-27,9,2678,1,165,7,2494,1,19,2,89,7,1300,3,1389,California
Sierra,2021-05-28,4,2682,2,167,2,2496,0,19,2,89,2,1302,2,1391,California
Sierra,2021-05-29,2,2684,0,167,2,2498,0,19,2,91,0,1302,2,1393,California
Sierra,2021-05-30,1,2685,1,168,0,2498,0,19,1,92,0,1302,1,1394,California
Sierra,2021-06-01,1,2686,0,168,1,2499,0,19,0,91,1,1303,0,1394,California
Sierra,2021-06-02,23,2709,0,168,21,2520,2,21,0,71,22,1325,2,1396,California
Sierra,2021-06-03,3,2712,2,170,1,2521,0,21,0,68,3,1328,0,1396,California
Sierra,2021-06-04,2,2714,2,172,0,2521,0,21,1,68,1,1329,1,1397,California
Sierra,2021-06-08,1,2715,1,173,0,2521,0,21,1,69,0,1329,1,1398,California
Sierra,2021-06-09,8,2723,1,174,5,2526,2,23,0,63,8,1337,2,1400,California
Sierra,2021-06-10,8,2731,8,182,0,2526,0,23,4,63,4,1341,4,1404,California
Sierra,2021-06-11,3,2734,1,183,2,2528,0,23,0,60,3,1344,0,1404,California
Sierra,2021-06-12,1,2735,1,184,0,2528,0,23,1,61,0,1344,1,1405,California
Sierra,2021-06-13,1,2736,1,185,0,2528,0,23,0,60,1,1345,0,1405,California
Sierra,2021-06-14,6,2742,4,189,1,2529,1,24,2,59,4,1349,3,1408,California
Sierra,2021-06-15,2,2744,1,190,1,2530,0,24,1,60,0,1349,1,1409,California
Sierra,2021-06-16,3,2747,0,190,3,2533,0,24,2,61,1,1350,2,1411,California
Sierra,2021-06-17,4,2751,2,192,1,2534,1,25,2,62,2,1352,3,1414,California
Sierra,2021-06-18,2,2753,1,193,0,2534,1,26,0,61,2,1354,1,1415,California
Sierra,2021-06-21,1,2754,0,193,1,2535,0,26,0,60,1,1355,0,1415,California
Sierra,2021-06-22,5,2759,3,196,2,2537,0,26,3,61,2,1357,3,1418,California
Sierra,2021-06-23,6,2765,0,196,6,2543,0,26,2,59,4,1361,2,1420,California
Sierra,2021-06-24,6,2771,0,196,2,2545,4,30,1,59,5,1366,5,1425,California
Siskiyou,2020-12-16,2,2,2,2,0,0,0,0,2,2,0,0,2,2,California
Siskiyou,2020-12-17,4,6,4,6,0,0,0,0,4,6,0,0,4,6,California
Siskiyou,2020-12-18,2,8,2,8,0,0,0,0,2,8,0,0,2,8,California
Siskiyou,2020-12-19,4,12,4,12,0,0,0,0,4,12,0,0,4,12,California
Siskiyou,2020-12-20,1,13,1,13,0,0,0,0,1,13,0,0,1,13,California
Siskiyou,2020-12-21,132,145,132,145,0,0,0,0,132,145,0,0,132,145,California
Siskiyou,2020-12-22,159,304,159,304,0,0,0,0,159,304,0,0,159,304,California
Siskiyou,2020-12-23,142,446,142,446,0,0,0,0,142,446,0,0,142,446,California
Siskiyou,2020-12-24,5,451,5,451,0,0,0,0,5,451,0,0,5,451,California
Siskiyou,2020-12-26,2,453,0,451,2,2,0,0,2,453,0,0,2,453,California
Siskiyou,2020-12-27,2,455,0,451,2,4,0,0,2,455,0,0,2,455,California
Siskiyou,2020-12-28,3,458,1,452,2,6,0,0,3,458,0,0,3,458,California
Siskiyou,2020-12-29,6,464,2,454,4,10,0,0,6,464,0,0,6,464,California
Siskiyou,2020-12-30,100,564,3,457,97,107,0,0,100,564,0,0,100,564,California
Siskiyou,2020-12-31,12,576,0,457,12,119,0,0,12,576,0,0,12,576,California
Siskiyou,2021-01-02,1,577,1,458,0,119,0,0,1,577,0,0,1,577,California
Siskiyou,2021-01-03,1,578,0,458,1,120,0,0,1,578,0,0,1,578,California
Siskiyou,2021-01-04,130,708,3,461,127,247,0,0,130,708,0,0,130,708,California
Siskiyou,2021-01-05,118,826,4,465,114,361,0,0,116,823,2,2,117,825,California
Siskiyou,2021-01-06,59,885,6,471,53,414,0,0,55,874,4,6,55,880,California
Siskiyou,2021-01-07,178,1063,4,475,174,588,0,0,177,1050,1,7,177,1057,California
Siskiyou,2021-01-08,41,1104,3,478,38,626,0,0,39,1087,2,9,39,1096,California
Siskiyou,2021-01-09,3,1107,3,481,0,626,0,0,1,1086,2,11,1,1097,California
Siskiyou,2021-01-11,226,1333,65,546,161,787,0,0,163,1186,63,74,163,1260,California
Siskiyou,2021-01-12,324,1657,274,820,50,837,0,0,91,1045,233,307,92,1352,California
Siskiyou,2021-01-13,158,1815,137,957,21,858,0,0,23,933,135,442,23,1375,California
Siskiyou,2021-01-14,36,1851,1,958,35,893,0,0,35,967,1,443,35,1410,California
Siskiyou,2021-01-15,55,1906,3,961,52,945,0,0,55,1022,0,443,55,1465,California
Siskiyou,2021-01-16,7,1913,2,963,5,950,0,0,7,1029,0,443,7,1472,California
Siskiyou,2021-01-17,1,1914,1,964,0,950,0,0,0,1028,1,444,0,1472,California
Siskiyou,2021-01-18,75,1989,3,967,72,1022,0,0,73,1099,2,446,73,1545,California
Siskiyou,2021-01-19,41,2030,1,968,40,1062,0,0,40,1138,1,447,40,1585,California
Siskiyou,2021-01-20,68,2098,35,1003,33,1095,0,0,64,1198,4,451,64,1649,California
Siskiyou,2021-01-21,68,2166,1,1004,67,1162,0,0,68,1266,0,451,68,1717,California
Siskiyou,2021-01-22,1343,3509,1175,2179,168,1330,0,0,1343,2609,0,451,1343,3060,California
Siskiyou,2021-01-23,6,3515,2,2181,4,1334,0,0,3,2609,3,454,3,3063,California
Siskiyou,2021-01-25,208,3723,8,2189,200,1534,0,0,204,2809,4,458,204,3267,California
Siskiyou,2021-01-26,158,3881,4,2193,154,1688,0,0,149,2949,9,467,149,3416,California
Siskiyou,2021-01-27,202,4083,2,2195,200,1888,0,0,138,3024,63,530,138,3554,California
Siskiyou,2021-01-28,260,4343,118,2313,142,2030,0,0,235,3240,19,549,235,3789,California
Siskiyou,2021-01-29,272,4615,3,2316,269,2299,0,0,253,3474,19,568,253,4042,California
Siskiyou,2021-01-30,6,4621,5,2321,1,2300,0,0,6,3480,0,568,6,4048,California
Siskiyou,2021-02-01,215,4836,3,2324,212,2512,0,0,114,3493,101,669,114,4162,California
Siskiyou,2021-02-02,318,5154,45,2369,273,2785,0,0,165,3505,153,822,165,4327,California
Siskiyou,2021-02-03,334,5488,1,2370,333,3118,0,0,265,3701,69,891,265,4592,California
Siskiyou,2021-02-04,368,5856,7,2377,361,3479,0,0,227,3787,141,1032,227,4819,California
Siskiyou,2021-02-05,545,6401,4,2381,541,4020,0,0,370,3982,175,1207,370,5189,California
Siskiyou,2021-02-06,15,6416,0,2381,15,4035,0,0,15,3997,0,1207,15,5204,California
Siskiyou,2021-02-07,2,6418,1,2382,1,4036,0,0,2,3999,0,1207,2,5206,California
Siskiyou,2021-02-08,243,6661,4,2386,239,4275,0,0,217,4190,26,1233,217,5423,California
Siskiyou,2021-02-09,248,6909,4,2390,244,4519,0,0,195,4332,53,1286,195,5618,California
Siskiyou,2021-02-10,390,7299,41,2431,349,4868,0,0,320,4583,69,1355,320,5938,California
Siskiyou,2021-02-11,215,7514,1,2432,214,5082,0,0,185,4738,30,1385,185,6123,California
Siskiyou,2021-02-12,1706,9220,1200,3632,506,5588,0,0,500,4032,1206,2591,500,6623,California
Siskiyou,2021-02-13,36,9256,2,3634,34,5622,0,0,31,4058,5,2596,31,6654,California
Siskiyou,2021-02-14,6,9262,2,3636,4,5626,0,0,6,4064,0,2596,6,6660,California
Siskiyou,2021-02-15,105,9367,8,3644,97,5723,0,0,103,4165,2,2598,103,6763,California
Siskiyou,2021-02-16,136,9503,2,3646,134,5857,0,0,100,4229,36,2634,100,6863,California
Siskiyou,2021-02-17,298,9801,16,3662,282,6139,0,0,261,4453,37,2671,261,7124,California
Siskiyou,2021-02-18,270,10071,88,3750,182,6321,0,0,128,4439,142,2813,128,7252,California
Siskiyou,2021-02-19,96,10167,34,3784,62,6383,0,0,35,4415,59,2872,35,7287,California
Siskiyou,2021-02-20,23,10190,5,3789,18,6401,0,0,16,4426,7,2879,18,7305,California
Siskiyou,2021-02-21,1,10191,1,3790,0,6401,0,0,1,4427,0,2879,1,7306,California
Siskiyou,2021-02-22,207,10398,2,3792,205,6606,0,0,75,4370,132,3011,75,7381,California
Siskiyou,2021-02-23,346,10744,15,3807,331,6937,0,0,194,4412,152,3163,194,7575,California
Siskiyou,2021-02-24,172,10916,5,3812,167,7104,0,0,49,4338,123,3286,49,7624,California
Siskiyou,2021-02-25,312,11228,25,3837,287,7391,0,0,157,4341,154,3440,157,7781,California
Siskiyou,2021-02-26,674,11902,11,3848,663,8054,0,0,369,4405,305,3745,369,8150,California
Siskiyou,2021-02-27,32,11934,5,3853,27,8081,0,0,28,4429,4,3749,28,8178,California
Siskiyou,2021-02-28,4,11938,4,3857,0,8081,0,0,3,4431,1,3750,3,8181,California
Siskiyou,2021-03-01,291,12229,6,3863,285,8366,0,0,50,4240,241,3991,50,8231,California
Siskiyou,2021-03-02,211,12440,1,3864,210,8576,0,0,70,4169,141,4132,70,8301,California
Siskiyou,2021-03-03,350,12790,12,3876,338,8914,0,0,155,4129,195,4327,155,8456,California
Siskiyou,2021-03-04,827,13617,622,4498,205,9119,0,0,646,4594,181,4508,646,9102,California
Siskiyou,2021-03-05,347,13964,6,4504,330,9449,11,11,105,4471,239,4747,116,9218,California
Siskiyou,2021-03-06,43,14007,3,4507,33,9482,7,18,28,4491,15,4762,35,9253,California
Siskiyou,2021-03-07,12,14019,4,4511,0,9482,8,26,2,4491,10,4772,10,9263,California
Siskiyou,2021-03-08,367,14386,28,4539,304,9786,35,61,67,4293,300,5072,102,9365,California
Siskiyou,2021-03-09,176,14562,2,4541,120,9906,54,115,43,4257,133,5205,97,9462,California
Siskiyou,2021-03-10,222,14784,7,4548,185,10091,30,145,26,4117,196,5401,56,9518,California
Siskiyou,2021-03-11,492,15276,205,4753,240,10331,47,192,282,4237,209,5610,329,9847,California
Siskiyou,2021-03-12,653,15929,141,4894,473,10804,39,231,184,3992,467,6077,222,10069,California
Siskiyou,2021-03-13,427,16356,379,5273,25,10829,23,254,379,4346,48,6125,402,10471,California
Siskiyou,2021-03-14,19,16375,0,5273,3,10832,16,270,1,4345,18,6143,17,10488,California
Siskiyou,2021-03-15,498,16873,258,5531,176,11008,64,334,322,4555,176,6319,386,10874,California
Siskiyou,2021-03-16,258,17131,34,5565,207,11215,17,351,141,4597,116,6435,158,11032,California
Siskiyou,2021-03-17,202,17333,9,5574,185,11400,8,359,34,4471,168,6603,42,11074,California
Siskiyou,2021-03-18,927,18260,789,6363,126,11526,12,371,809,5174,118,6721,821,11895,California
Siskiyou,2021-03-19,68,18328,10,6373,45,11571,13,384,19,5157,49,6770,32,11927,California
Siskiyou,2021-03-20,30,18358,7,6380,18,11589,5,389,6,5144,24,6794,11,11938,California
Siskiyou,2021-03-21,10,18368,4,6384,1,11590,5,394,4,5147,6,6800,9,11947,California
Siskiyou,2021-03-22,208,18576,21,6405,165,11755,22,416,145,5254,60,6860,167,12114,California
Siskiyou,2021-03-23,194,18770,19,6424,166,11921,9,425,141,5350,53,6913,149,12263,California
Siskiyou,2021-03-24,143,18913,48,6472,95,12016,0,425,116,5439,27,6940,116,12379,California
Siskiyou,2021-03-25,572,19485,320,6792,249,12265,3,428,400,5670,172,7112,403,12782,California
Siskiyou,2021-03-26,305,19790,35,6827,270,12535,0,428,104,5575,199,7311,104,12886,California
Siskiyou,2021-03-27,38,19828,5,6832,28,12563,5,433,10,5562,28,7339,15,12901,California
Siskiyou,2021-03-28,8,19836,7,6839,1,12564,0,433,5,5564,3,7342,5,12906,California
Siskiyou,2021-03-29,95,19931,10,6849,83,12647,2,435,45,5561,50,7392,47,12953,California
Siskiyou,2021-03-30,101,20032,6,6855,94,12741,1,436,40,5541,61,7453,41,12994,California
Siskiyou,2021-03-31,191,20223,21,6876,167,12908,3,439,48,5453,140,7593,52,13046,California
Siskiyou,2021-04-01,830,21053,671,7547,159,13067,0,439,214,5051,616,8209,214,13260,California
Siskiyou,2021-04-02,347,21400,197,7744,146,13213,4,443,66,4842,279,8488,70,13330,California
Siskiyou,2021-04-03,26,21426,5,7749,14,13227,7,450,5,4833,21,8509,12,13342,California
Siskiyou,2021-04-04,1,21427,0,7749,1,13228,0,450,1,4834,0,8509,1,13343,California
Siskiyou,2021-04-05,438,21865,331,8080,81,13309,26,476,27,4477,410,8919,53,13396,California
Siskiyou,2021-04-06,219,22084,37,8117,129,13438,53,529,126,4564,91,9010,178,13574,California
Siskiyou,2021-04-07,116,22200,11,8128,63,13501,42,571,65,4621,51,9061,108,13682,California
Siskiyou,2021-04-08,354,22554,187,8315,126,13627,41,612,64,4436,290,9351,105,13787,California
Siskiyou,2021-04-09,546,23100,377,8692,131,13758,38,650,84,4098,461,9812,123,13910,California
Siskiyou,2021-04-10,46,23146,6,8698,3,13761,37,687,7,4103,39,9851,44,13954,California
Siskiyou,2021-04-11,8,23154,5,8703,1,13762,2,689,2,4101,6,9857,4,13958,California
Siskiyou,2021-04-12,128,23282,24,8727,103,13865,1,690,48,4070,80,9937,49,14007,California
Siskiyou,2021-04-13,208,23490,37,8764,170,14035,1,691,82,4027,126,10063,83,14090,California
Siskiyou,2021-04-14,156,23646,64,8828,92,14127,0,691,84,4041,70,10133,84,14174,California
Siskiyou,2021-04-15,1116,24762,957,9785,159,14286,0,691,437,3800,679,10812,438,14612,California
Siskiyou,2021-04-16,308,25070,214,9999,94,14380,0,691,270,4033,37,10849,270,14882,California
Siskiyou,2021-04-17,11,25081,8,10007,3,14383,0,691,7,4036,4,10853,7,14889,California
Siskiyou,2021-04-18,5,25086,3,10010,2,14385,0,691,1,4033,4,10857,1,14890,California
Siskiyou,2021-04-19,129,25215,24,10034,105,14490,0,691,47,3998,82,10939,47,14937,California
Siskiyou,2021-04-20,236,25451,5,10039,231,14721,0,691,94,3951,141,11080,94,15031,California
Siskiyou,2021-04-21,96,25547,10,10049,86,14807,0,691,27,3909,69,11149,27,15058,California
Siskiyou,2021-04-22,414,25961,301,10350,113,14920,0,691,50,3595,364,11513,50,15108,California
Siskiyou,2021-04-23,181,26142,15,10365,166,15086,0,691,159,3733,21,11534,159,15267,California
Siskiyou,2021-04-24,28,26170,4,10369,24,15110,0,691,20,3745,8,11542,20,15287,California
Siskiyou,2021-04-25,2,26172,0,10369,2,15112,0,691,2,3747,0,11542,2,15289,California
Siskiyou,2021-04-26,101,26273,5,10374,91,15203,5,696,25,3701,76,11618,30,15319,California
Siskiyou,2021-04-27,114,26387,5,10379,107,15310,2,698,87,3765,25,11643,89,15408,California
Siskiyou,2021-04-28,111,26498,8,10387,95,15405,8,706,53,3768,58,11701,61,15469,California
Siskiyou,2021-04-29,149,26647,16,10403,132,15537,1,707,30,3680,119,11820,31,15500,California
Siskiyou,2021-04-30,102,26749,20,10423,81,15618,1,708,45,3671,54,11874,45,15545,California
Siskiyou,2021-05-01,11,26760,7,10430,1,15619,3,711,7,3677,4,11878,10,15555,California
Siskiyou,2021-05-02,11,26771,5,10435,6,15625,0,711,9,3684,2,11880,9,15564,California
Siskiyou,2021-05-03,110,26881,23,10458,85,15710,2,713,47,3670,63,11943,49,15613,California
Siskiyou,2021-05-04,122,27003,7,10465,113,15823,2,715,60,3671,61,12004,62,15675,California
Siskiyou,2021-05-05,114,27117,20,10485,85,15908,9,724,39,3645,74,12078,48,15723,California
Siskiyou,2021-05-06,366,27483,296,10781,64,15972,6,730,190,3665,176,12254,196,15919,California
Siskiyou,2021-05-07,307,27790,219,11000,83,16055,5,735,31,3426,275,12529,36,15955,California
Siskiyou,2021-05-08,25,27815,4,11004,20,16075,1,736,18,3438,7,12536,19,15974,California
Siskiyou,2021-05-09,1,27816,0,11004,1,16076,0,736,0,3437,1,12537,0,15974,California
Siskiyou,2021-05-10,98,27914,67,11071,30,16106,1,737,21,3382,77,12614,22,15996,California
Siskiyou,2021-05-11,87,28001,8,11079,74,16180,5,742,51,3402,36,12650,56,16052,California
Siskiyou,2021-05-12,56,28057,4,11083,48,16228,4,746,16,3382,40,12690,20,16072,California
Siskiyou,2021-05-13,83,28140,35,11118,39,16267,9,755,38,3384,45,12735,47,16119,California
Siskiyou,2021-05-14,176,28316,82,11200,93,16360,1,756,108,3426,67,12802,109,16228,California
Siskiyou,2021-05-15,43,28359,13,11213,28,16388,2,758,36,3458,6,12808,38,16266,California
Siskiyou,2021-05-16,6,28365,2,11215,4,16392,0,758,4,3460,2,12810,4,16270,California
Siskiyou,2021-05-17,66,28431,2,11217,41,16433,23,781,11,3439,55,12865,34,16304,California
Siskiyou,2021-05-18,220,28651,83,11300,133,16566,4,785,123,3470,96,12961,127,16431,California
Siskiyou,2021-05-19,156,28807,96,11396,59,16625,1,786,124,3563,32,12993,125,16556,California
Siskiyou,2021-05-20,532,29339,429,11825,101,16726,2,788,236,3507,294,13287,238,16794,California
Siskiyou,2021-05-21,197,29536,95,11920,102,16828,0,788,109,3529,87,13374,109,16903,California
Siskiyou,2021-05-22,41,29577,19,11939,22,16850,0,788,26,3540,15,13389,26,16929,California
Siskiyou,2021-05-23,4,29581,3,11942,1,16851,0,788,2,3540,2,13391,2,16931,California
Siskiyou,2021-05-24,18,29599,3,11945,15,16866,0,788,5,3533,12,13403,5,16936,California
Siskiyou,2021-05-25,157,29756,16,11961,121,16987,20,808,50,3498,105,13508,70,17006,California
Siskiyou,2021-05-26,76,29832,19,11980,57,17044,0,808,41,3504,35,13543,41,17047,California
Siskiyou,2021-05-27,133,29965,94,12074,37,17081,2,810,57,3487,76,13619,59,17106,California
Siskiyou,2021-05-28,156,30121,60,12134,95,17176,1,811,104,3541,51,13670,105,17211,California
Siskiyou,2021-05-29,16,30137,9,12143,4,17180,3,814,5,3538,11,13681,8,17219,California
Siskiyou,2021-05-31,2,30139,1,12144,0,17180,1,815,1,3539,1,13682,2,17221,California
Siskiyou,2021-06-01,86,30225,20,12164,66,17246,0,815,29,3512,56,13738,29,17250,California
Siskiyou,2021-06-02,122,30347,33,12197,89,17335,0,815,45,3480,77,13815,45,17295,California
Siskiyou,2021-06-03,156,30503,109,12306,42,17377,5,820,40,3409,116,13931,45,17340,California
Siskiyou,2021-06-04,99,30602,76,12382,23,17400,0,820,20,3350,79,14010,20,17360,California
Siskiyou,2021-06-05,37,30639,17,12399,19,17419,1,821,15,3344,22,14032,16,17376,California
Siskiyou,2021-06-06,3,30642,2,12401,0,17419,1,822,0,3342,3,14035,1,17377,California
Siskiyou,2021-06-07,38,30680,4,12405,30,17449,4,826,26,3360,12,14047,30,17407,California
Siskiyou,2021-06-08,207,30887,92,12497,112,17561,3,829,62,3285,140,14187,65,17472,California
Siskiyou,2021-06-09,113,31000,84,12581,28,17589,1,830,31,3235,82,14269,32,17504,California
Siskiyou,2021-06-10,177,31177,145,12726,31,17620,1,831,77,3213,100,14369,78,17582,California
Siskiyou,2021-06-11,110,31287,58,12784,45,17665,7,838,22,3175,67,14436,29,17611,California
Siskiyou,2021-06-12,29,31316,6,12790,23,17688,0,838,9,3164,20,14456,9,17620,California
Siskiyou,2021-06-13,24,31340,16,12806,8,17696,0,838,2,3144,22,14478,2,17622,California
Siskiyou,2021-06-14,24,31364,4,12810,16,17712,4,842,11,3145,13,14491,14,17636,California
Siskiyou,2021-06-15,88,31452,21,12831,54,17766,13,855,33,3136,55,14546,46,17682,California
Siskiyou,2021-06-16,102,31554,23,12854,77,17843,2,857,49,3134,53,14599,51,17733,California
Siskiyou,2021-06-17,185,31739,142,12996,31,17874,12,869,39,3040,145,14744,51,17784,California
Siskiyou,2021-06-18,99,31838,64,13060,27,17901,8,877,20,2989,79,14823,28,17812,California
Siskiyou,2021-06-19,26,31864,17,13077,9,17910,0,877,12,2987,14,14837,12,17824,California
Siskiyou,2021-06-20,2,31866,1,13078,0,17910,1,878,1,2988,1,14838,2,17826,California
Siskiyou,2021-06-21,37,31903,3,13081,33,17943,1,879,27,3006,10,14848,28,17854,California
Siskiyou,2021-06-22,65,31968,24,13105,37,17980,4,883,32,3009,33,14881,36,17890,California
Siskiyou,2021-06-23,52,32020,7,13112,41,18021,4,887,11,2984,40,14921,15,17905,California
Siskiyou,2021-06-24,92,32112,52,13164,31,18052,9,896,47,2995,45,14966,56,17961,California
Siskiyou,2021-06-25,94,32206,59,13223,35,18087,0,896,63,3027,31,14997,63,18024,California
Siskiyou,2021-06-26,4,32210,1,13224,3,18090,0,896,2,3027,2,14999,2,18026,California
Solano,2020-12-15,4,4,4,4,0,0,0,0,4,4,0,0,4,4,California
Solano,2020-12-16,70,74,70,74,0,0,0,0,70,74,0,0,70,74,California
Solano,2020-12-17,171,245,171,245,0,0,0,0,171,245,0,0,171,245,California
Solano,2020-12-18,479,724,478,723,1,1,0,0,479,724,0,0,479,724,California
Solano,2020-12-19,521,1245,521,1244,0,1,0,0,521,1245,0,0,521,1245,California
Solano,2020-12-20,357,1602,355,1599,2,3,0,0,357,1602,0,0,357,1602,California
Solano,2020-12-21,574,2176,572,2171,2,5,0,0,574,2176,0,0,574,2176,California
Solano,2020-12-22,663,2839,630,2801,33,38,0,0,663,2839,0,0,663,2839,California
Solano,2020-12-23,865,3704,774,3575,91,129,0,0,864,3702,1,1,864,3703,California
Solano,2020-12-24,425,4129,171,3746,254,383,0,0,425,4127,0,1,425,4128,California
Solano,2020-12-25,10,4139,2,3748,8,391,0,0,10,4137,0,1,10,4138,California
Solano,2020-12-26,175,4314,48,3796,127,518,0,0,175,4312,0,1,175,4313,California
Solano,2020-12-27,106,4420,29,3825,77,595,0,0,106,4418,0,1,106,4419,California
Solano,2020-12-28,877,5297,430,4255,447,1042,0,0,877,5295,0,1,877,5296,California
Solano,2020-12-29,910,6207,376,4631,534,1576,0,0,910,6205,0,1,910,6206,California
Solano,2020-12-30,1243,7450,607,5238,636,2212,0,0,1243,7448,0,1,1243,7449,California
Solano,2020-12-31,545,7995,141,5379,404,2616,0,0,545,7993,0,1,545,7994,California
Solano,2021-01-01,14,8009,13,5392,1,2617,0,0,14,8007,0,1,14,8008,California
Solano,2021-01-02,218,8227,170,5562,48,2665,0,0,218,8225,0,1,218,8226,California
Solano,2021-01-03,57,8284,41,5603,16,2681,0,0,51,8276,0,1,51,8277,California
Solano,2021-01-04,452,8736,244,5847,208,2889,0,0,443,8717,2,3,443,8720,California
Solano,2021-01-05,735,9471,381,6228,354,3243,0,0,574,9135,156,159,574,9294,California
Solano,2021-01-06,848,10319,438,6666,410,3653,0,0,576,9441,270,429,576,9870,California
Solano,2021-01-07,1070,11389,686,7352,384,4037,0,0,592,9558,476,905,593,10463,California
Solano,2021-01-08,1152,12541,784,8136,368,4405,0,0,549,9524,585,1490,551,11014,California
Solano,2021-01-09,885,13426,762,8898,123,4528,0,0,427,9496,455,1945,427,11441,California
Solano,2021-01-10,253,13679,192,9090,61,4589,0,0,152,9547,101,2046,152,11593,California
Solano,2021-01-11,1337,15016,1124,10214,213,4802,0,0,818,9846,519,2565,818,12411,California
Solano,2021-01-12,1583,16599,1181,11395,402,5204,0,0,1026,10317,556,3121,1027,13438,California
Solano,2021-01-13,1470,18069,1006,12401,464,5668,0,0,1211,11271,257,3378,1211,14649,California
Solano,2021-01-14,1895,19964,817,13218,1078,6746,0,0,1578,12533,316,3694,1578,16227,California
Solano,2021-01-15,1726,21690,1066,14284,660,7406,0,0,1425,13657,301,3995,1425,17652,California
Solano,2021-01-16,1296,22986,906,15190,390,7796,0,0,1122,14605,174,4169,1122,18774,California
Solano,2021-01-17,1055,24041,758,15948,297,8093,0,0,1034,15619,21,4190,1035,19809,California
Solano,2021-01-18,1433,25474,857,16805,576,8669,0,0,1313,16812,120,4310,1313,21122,California
Solano,2021-01-19,1665,27139,1347,18152,318,8987,0,0,1391,17930,273,4583,1391,22513,California
Solano,2021-01-20,2052,29191,1422,19574,630,9617,0,0,1565,19011,484,5067,1565,24078,California
Solano,2021-01-21,3209,32400,1025,20599,2184,11801,0,0,2852,21508,357,5424,2854,26932,California
Solano,2021-01-22,1789,34189,852,21451,937,12738,0,0,1591,22902,198,5622,1592,28524,California
Solano,2021-01-23,746,34935,244,21695,502,13240,0,0,535,23226,212,5834,536,29060,California
Solano,2021-01-24,410,35345,64,21759,346,13586,0,0,342,23500,68,5902,342,29402,California
Solano,2021-01-25,1677,37022,632,22391,1045,14631,0,0,1117,24059,559,6461,1118,30520,California
Solano,2021-01-26,1807,38829,749,23140,1058,15689,0,0,1162,24577,645,7106,1163,31683,California
Solano,2021-01-27,1813,40642,722,23862,1091,16780,0,0,1197,25162,612,7718,1197,32880,California
Solano,2021-01-28,1977,42619,713,24575,1264,18044,0,0,1379,25945,597,8315,1380,34260,California
Solano,2021-01-29,1722,44341,780,25355,942,18986,0,0,1356,26938,363,8678,1356,35616,California
Solano,2021-01-30,937,45278,437,25792,500,19486,0,0,609,27220,328,9006,610,36226,California
Solano,2021-01-31,268,45546,176,25968,92,19578,0,0,174,27301,93,9099,174,36400,California
Solano,2021-02-01,1558,47104,1031,26999,527,20105,0,0,772,27290,783,9882,772,37172,California
Solano,2021-02-02,3385,50489,1103,28102,2282,22387,0,0,2566,29042,814,10696,2566,39738,California
Solano,2021-02-03,2279,52768,1315,29417,964,23351,0,0,1173,29112,1103,11799,1173,40911,California
Solano,2021-02-04,1812,54580,903,30320,909,24260,0,0,1081,29467,726,12525,1081,41992,California
Solano,2021-02-05,3120,57700,1424,31744,1696,25956,0,0,2108,30570,1005,13530,2108,44100,California
Solano,2021-02-06,3077,60777,1171,32915,1906,27862,0,0,2258,32013,815,14345,2258,46358,California
Solano,2021-02-07,846,61623,781,33696,65,27927,0,0,235,31638,610,14955,235,46593,California
Solano,2021-02-08,1773,63396,1244,34940,529,28456,0,0,724,31315,1047,16002,724,47317,California
Solano,2021-02-09,1958,65354,1492,36432,466,28922,0,0,702,30762,1255,17257,702,48019,California
Solano,2021-02-10,2288,67642,1506,37938,782,29704,0,0,836,30147,1451,18708,836,48855,California
Solano,2021-02-11,2543,70185,1500,39438,1043,30747,0,0,1203,30021,1329,20037,1203,50058,California
Solano,2021-02-12,4278,74463,1637,41075,2641,33388,0,0,2917,31586,1353,21390,2918,52976,California
Solano,2021-02-13,2892,77355,247,41322,2645,36033,0,0,2477,33651,412,21802,2477,55453,California
Solano,2021-02-14,732,78087,204,41526,528,36561,0,0,406,33734,324,22126,407,55860,California
Solano,2021-02-15,1277,79364,267,41793,1010,37571,0,0,654,33765,623,22749,654,56514,California
Solano,2021-02-16,2578,81942,1392,43185,1186,38757,0,0,1678,34545,899,23648,1679,58193,California
Solano,2021-02-17,3266,85208,1458,44643,1808,40565,0,0,2209,35702,1054,24702,2211,60404,California
Solano,2021-02-18,2914,88122,850,45493,2064,42629,0,0,860,34515,2047,26749,860,61264,California
Solano,2021-02-19,2478,90600,1461,46954,1017,43646,0,0,1181,34407,1291,28040,1183,62447,California
Solano,2021-02-20,2748,93348,393,47347,2355,46001,0,0,2228,36115,520,28560,2228,64675,California
Solano,2021-02-21,2331,95679,2005,49352,326,46327,0,0,2001,37791,325,28885,2001,66676,California
Solano,2021-02-22,1816,97495,1065,50417,751,47078,0,0,944,37867,869,29754,945,67621,California
Solano,2021-02-23,2956,100451,1148,51565,1808,48886,0,0,2004,38922,949,30703,2004,69625,California
Solano,2021-02-24,2539,102990,1270,52835,1269,50155,0,0,1412,39211,1124,31827,1413,71038,California
Solano,2021-02-25,2643,105633,1569,54404,1074,51229,0,0,1457,39487,1181,33008,1457,72495,California
Solano,2021-02-26,3547,109180,2274,56678,1273,52502,0,0,2099,40143,1443,34451,2099,74594,California
Solano,2021-02-27,3985,113165,1537,58215,2447,54949,1,1,3222,42611,755,35206,3223,77817,California
Solano,2021-02-28,1948,115113,1571,59786,376,55325,1,2,1618,43903,327,35533,1619,79436,California
Solano,2021-03-01,2747,117860,1222,61008,1524,56849,1,3,2071,45305,670,36203,2072,81508,California
Solano,2021-03-02,2307,120167,1407,62415,900,57749,0,3,1292,45583,1014,37217,1292,82800,California
Solano,2021-03-03,2267,122434,1275,63690,992,58741,0,3,1403,46132,855,38072,1404,84204,California
Solano,2021-03-04,4425,126859,3433,67123,990,59731,2,5,3167,48056,1248,39320,3172,87376,California
Solano,2021-03-05,4956,131815,1682,68805,3269,63000,5,10,3970,51056,975,40295,3975,91351,California
Solano,2021-03-06,3863,135678,836,69641,2988,65988,39,49,2649,52541,1203,41498,2688,94039,California
Solano,2021-03-07,3579,139257,763,70404,2806,68794,10,59,1954,52894,1612,43110,1965,96004,California
Solano,2021-03-08,2157,141414,1353,71757,535,69329,269,328,1620,54252,529,43639,1887,97891,California
Solano,2021-03-09,3244,144658,1576,73333,1613,70942,55,383,2334,55729,908,44547,2385,100276,California
Solano,2021-03-10,2431,147089,1763,75096,582,71524,86,469,1275,55938,1151,45698,1360,101636,California
Solano,2021-03-11,6045,153134,1764,76860,4027,75551,254,723,4985,60122,1056,46754,5240,106876,California
Solano,2021-03-12,6053,159187,1581,78441,4293,79844,179,902,3170,60593,2877,49631,3348,110224,California
Solano,2021-03-13,4609,163796,807,79248,3717,83561,85,987,2235,60549,2367,51998,2323,112547,California
Solano,2021-03-14,4022,167818,3137,82385,430,83991,455,1442,1556,60096,2461,54459,2008,114555,California
Solano,2021-03-15,4035,171853,2462,84847,1245,85236,328,1770,2518,61432,1508,55967,2844,117399,California
Solano,2021-03-16,3098,174951,1325,86172,1538,86774,235,2005,1570,61713,1523,57490,1804,119203,California
Solano,2021-03-17,6512,181463,1685,87857,4732,91506,95,2100,4949,65197,1560,59050,5044,124247,California
Solano,2021-03-18,5219,186682,1856,89713,3325,94831,38,2138,3748,67521,1463,60513,3787,128034,California
Solano,2021-03-19,3589,190271,2652,92365,862,95693,75,2213,1635,67287,1945,62458,1711,129745,California
Solano,2021-03-20,5589,195860,1681,94046,3853,99546,55,2268,2633,67029,2946,65404,2688,132433,California
Solano,2021-03-21,1695,197555,1587,95633,83,99629,25,2293,376,66113,1315,66719,399,132832,California
Solano,2021-03-22,2706,200261,2053,97686,602,100231,51,2344,1572,66605,1128,67847,1620,134452,California
Solano,2021-03-23,3559,203820,1681,99367,1834,102065,44,2388,1396,65887,2157,70004,1439,135891,California
Solano,2021-03-24,2842,206662,1775,101142,1032,103097,35,2423,1361,65807,1474,71478,1394,137285,California
Solano,2021-03-25,4891,211553,4004,105146,852,103949,35,2458,2275,65506,2611,74089,2310,139595,California
Solano,2021-03-26,3246,214799,2107,107253,1102,105051,37,2495,1742,65791,1494,75583,1779,141374,California
Solano,2021-03-27,4222,219021,1162,108415,3020,108071,40,2535,1661,64935,2555,78138,1699,143073,California
Solano,2021-03-28,1424,220445,1112,109527,294,108365,18,2553,539,64611,881,79019,557,143630,California
Solano,2021-03-29,3540,223985,2046,111573,1478,109843,16,2569,1549,64199,1978,80997,1566,145196,California
Solano,2021-03-30,3055,227040,2023,113596,940,110783,92,2661,1904,65044,1150,82147,1995,147191,California
Solano,2021-03-31,3155,230195,2147,115743,847,111630,161,2822,1846,65741,1306,83453,2003,149194,California
Solano,2021-04-01,5574,235769,2113,117856,3308,114938,153,2975,3517,67367,2044,85497,3670,152864,California
Solano,2021-04-02,6630,242399,2235,120091,4226,119164,169,3144,2552,66024,4062,89559,2719,155583,California
Solano,2021-04-03,1531,243930,970,121061,408,119572,153,3297,568,65783,961,90520,720,156303,California
Solano,2021-04-04,781,244711,288,121349,193,119765,300,3597,241,65788,536,91056,541,156844,California
Solano,2021-04-05,3012,247723,2060,123409,744,120509,208,3805,1518,66020,1492,92548,1724,158568,California
Solano,2021-04-06,6067,253790,1641,125050,3938,124447,488,4293,1640,63728,4418,96966,2126,160694,California
Solano,2021-04-07,5989,259779,4640,129690,947,125394,402,4695,3404,64967,2565,99531,3804,164498,California
Solano,2021-04-08,6501,266280,1802,131492,3826,129220,873,5568,1809,62978,4662,104193,2673,167171,California
Solano,2021-04-09,6321,272601,1665,133157,3805,133025,851,6419,1526,60580,4769,108962,2371,169542,California
Solano,2021-04-10,1754,274355,965,134122,452,133477,337,6756,809,60781,943,109905,1144,170686,California
Solano,2021-04-11,1238,275593,772,134894,335,133812,131,6887,641,60959,594,110499,772,171458,California
Solano,2021-04-12,3298,278891,1702,136596,1232,135044,364,7251,1351,60730,1941,112440,1712,173170,California
Solano,2021-04-13,2571,281462,1115,137711,1455,136499,1,7252,1338,60840,1229,113669,1339,174509,California
Solano,2021-04-14,6544,288006,1967,139678,4577,141076,0,7252,1853,58011,4683,118352,1854,176363,California
Solano,2021-04-15,5740,293746,2170,141848,3569,144645,1,7253,1746,55778,3980,122332,1747,178110,California
Solano,2021-04-16,3712,297458,2599,144447,1111,145756,2,7255,2300,56676,1404,123736,2302,180412,California
Solano,2021-04-17,3288,300746,1072,145519,2216,147972,0,7255,1123,55648,2153,125889,1125,181537,California
Solano,2021-04-18,1052,301798,657,146176,395,148367,0,7255,546,55689,505,126394,546,182083,California
Solano,2021-04-19,2158,303956,1172,147348,986,149353,0,7255,1170,55879,982,127376,1172,183255,California
Solano,2021-04-20,3074,307030,1883,149231,1191,150544,0,7255,1700,56211,1368,128744,1700,184955,California
Solano,2021-04-21,3892,310922,2407,151638,1485,152029,0,7255,2039,56406,1844,130588,2039,186994,California
Solano,2021-04-22,3045,313967,1525,153163,1520,153549,0,7255,1806,56977,1235,131823,1806,188800,California
Solano,2021-04-23,4215,318182,2138,155301,2077,155626,0,7255,2536,57841,1674,133497,2538,191338,California
Solano,2021-04-24,3891,322073,2344,157645,1545,157171,2,7257,2583,59204,1222,134719,2585,193923,California
Solano,2021-04-25,1430,323503,1116,158761,314,157485,0,7257,1130,60041,293,135012,1130,195053,California
Solano,2021-04-26,2615,326118,1701,160462,910,158395,4,7261,1445,60334,1157,136169,1450,196503,California
Solano,2021-04-27,2603,328721,1309,161771,1264,159659,30,7291,1475,60723,1117,137286,1506,198009,California
Solano,2021-04-28,6069,334790,5017,166788,1006,160665,46,7337,3794,62304,2260,139546,3841,201850,California
Solano,2021-04-29,4572,339362,1474,168262,3063,163728,35,7372,2065,61907,2497,142043,2100,203950,California
Solano,2021-04-30,4163,343525,2223,170485,1800,165528,140,7512,1938,61775,2210,144253,2078,206028,California
Solano,2021-05-01,2186,345711,1684,172169,302,165830,200,7712,1299,62393,881,145134,1499,207527,California
Solano,2021-05-02,1200,346911,941,173110,234,166064,25,7737,661,62545,534,145668,686,208213,California
Solano,2021-05-03,1467,348378,1019,174129,361,166425,87,7824,604,62377,860,146528,692,208905,California
Solano,2021-05-04,1826,350204,1071,175200,689,167114,66,7890,822,62263,1002,147530,888,209793,California
Solano,2021-05-05,2287,352491,1442,176642,732,167846,113,8003,1102,62295,1181,148711,1213,211006,California
Solano,2021-05-06,1996,354487,1195,177837,592,168438,209,8212,726,61964,1258,149969,927,211933,California
Solano,2021-05-07,2831,357318,1972,179809,739,169177,120,8332,983,61225,1840,151809,1101,213034,California
Solano,2021-05-08,1479,358797,936,180745,427,169604,116,8448,571,61008,904,152713,687,213721,California
Solano,2021-05-09,453,359250,276,181021,166,169770,11,8459,176,60922,274,152987,188,213909,California
Solano,2021-05-10,1370,360620,644,181665,619,170389,107,8566,389,60441,976,153963,495,214404,California
Solano,2021-05-11,2339,362959,1210,182875,1040,171429,89,8655,680,59556,1654,155617,769,215173,California
Solano,2021-05-12,2190,365149,1265,184140,750,172179,175,8830,727,59008,1448,157065,900,216073,California
Solano,2021-05-13,3077,368226,2120,186260,745,172924,212,9042,1628,59403,1445,158510,1840,217913,California
Solano,2021-05-14,2495,370721,1702,187962,671,173595,122,9164,1056,59150,1431,159941,1178,219091,California
Solano,2021-05-15,3414,374135,2763,190725,566,174161,85,9249,1302,58436,2100,162041,1386,220477,California
Solano,2021-05-16,1539,375674,1141,191866,365,174526,33,9282,276,57485,1259,163300,308,220785,California
Solano,2021-05-17,2458,378132,1412,193278,959,175485,87,9369,864,56858,1574,164874,947,221732,California
Solano,2021-05-18,2938,381070,1633,194911,1216,176701,89,9458,1462,56946,1463,166337,1551,223283,California
Solano,2021-05-19,5515,386585,3954,198865,1429,178130,132,9590,2095,55762,3411,169748,2227,225510,California
Solano,2021-05-20,2619,389204,1582,200447,974,179104,63,9653,943,55101,1667,171415,1006,226516,California
Solano,2021-05-21,3554,392758,1867,202314,1618,180722,69,9722,1366,54357,2179,173594,1435,227951,California
Solano,2021-05-22,2738,395496,2109,204423,535,181257,94,9816,1151,54021,1580,175174,1244,229195,California
Solano,2021-05-23,1411,396907,1165,205588,221,181478,25,9841,756,54150,652,175826,781,229976,California
Solano,2021-05-24,1889,398796,1095,206683,721,182199,73,9914,640,53620,1242,177068,712,230688,California
Solano,2021-05-25,1619,400415,820,207503,741,182940,58,9972,579,53224,1032,178100,636,231324,California
Solano,2021-05-26,1895,402310,1088,208591,750,183690,57,10029,708,52808,1182,179282,766,232090,California
Solano,2021-05-27,2129,404439,942,209533,1112,184802,75,10104,875,52514,1243,180525,949,233039,California
Solano,2021-05-28,2018,406457,1024,210557,938,185740,56,10160,759,52079,1251,181776,816,233855,California
Solano,2021-05-29,655,407112,324,210881,300,186040,31,10191,302,52061,350,182126,332,234187,California
Solano,2021-05-30,323,407435,155,211036,143,186183,25,10216,114,51994,206,182332,139,234326,California
Solano,2021-05-31,130,407565,20,211056,101,186284,9,10225,26,51925,104,182436,35,234361,California
Solano,2021-06-01,1828,409393,1173,212229,576,186860,79,10304,721,51624,1102,183538,801,235162,California
Solano,2021-06-02,1825,411218,1286,213515,473,187333,66,10370,924,51717,894,184432,987,236149,California
Solano,2021-06-03,2190,413408,1729,215244,378,187711,83,10453,704,51025,1480,185912,788,236937,California
Solano,2021-06-04,1652,415060,1146,216390,440,188151,66,10519,503,50449,1145,187057,569,237506,California
Solano,2021-06-05,1422,416482,1028,217418,343,188494,51,10570,471,50026,945,188002,522,238028,California
Solano,2021-06-06,671,417153,551,217969,87,188581,33,10603,360,50109,310,188312,393,238421,California
Solano,2021-06-07,1242,418395,949,218918,230,188811,63,10666,411,49756,827,189139,474,238895,California
Solano,2021-06-08,1831,420226,1322,220240,475,189286,34,10700,487,48938,1339,190478,521,239416,California
Solano,2021-06-09,2101,422327,1788,222028,251,189537,62,10762,674,48252,1421,191899,735,240151,California
Solano,2021-06-10,1219,423546,848,222876,305,189842,66,10828,390,47887,821,192720,456,240607,California
Solano,2021-06-11,1599,425145,1271,224147,262,190104,66,10894,588,47534,1006,193726,653,241260,California
Solano,2021-06-12,1200,426345,921,225068,218,190322,61,10955,207,46816,986,194712,268,241528,California
Solano,2021-06-13,607,426952,517,225585,81,190403,9,10964,110,46438,497,195209,119,241647,California
Solano,2021-06-14,1313,428265,930,226515,349,190752,34,10998,279,45723,1026,196235,311,241958,California
Solano,2021-06-15,1466,429731,931,227446,484,191236,51,11049,610,45535,849,197084,661,242619,California
Solano,2021-06-16,1159,430890,769,228215,321,191557,69,11118,394,45237,760,197844,462,243081,California
Solano,2021-06-17,1218,432108,930,229145,219,191776,69,11187,432,44969,768,198612,500,243581,California
Solano,2021-06-18,1179,433287,875,230020,237,192013,67,11254,441,44744,733,199345,508,244089,California
Solano,2021-06-19,427,433714,300,230320,100,192113,27,11281,162,44672,261,199606,189,244278,California
Solano,2021-06-20,183,433897,140,230460,36,192149,7,11288,85,44666,98,199704,92,244370,California
Solano,2021-06-21,630,434527,406,230866,162,192311,62,11350,395,44889,234,199938,457,244827,California
Solano,2021-06-22,1148,435675,867,231733,236,192547,45,11395,421,44632,723,200661,466,245293,California
Solano,2021-06-23,1299,436974,1054,232787,174,192721,71,11466,450,44308,844,201505,520,245813,California
Solano,2021-06-24,885,437859,677,233464,146,192867,62,11528,377,44242,505,202010,439,246252,California
Solano,2021-06-25,993,438852,686,234150,241,193108,66,11594,449,44229,528,202538,515,246767,California
Solano,2021-06-26,393,439245,307,234457,64,193172,22,11616,137,44133,255,202793,159,246926,California
Sonoma,2020-12-15,4,4,4,4,0,0,0,0,4,4,0,0,4,4,California
Sonoma,2020-12-16,27,31,27,31,0,0,0,0,27,31,0,0,27,31,California
Sonoma,2020-12-17,111,142,111,142,0,0,0,0,111,142,0,0,111,142,California
Sonoma,2020-12-18,436,578,436,578,0,0,0,0,436,578,0,0,436,578,California
Sonoma,2020-12-19,112,690,111,689,1,1,0,0,112,690,0,0,112,690,California
Sonoma,2020-12-20,176,866,176,865,0,1,0,0,176,866,0,0,176,866,California
Sonoma,2020-12-21,911,1777,909,1774,2,3,0,0,910,1776,0,0,910,1776,California
Sonoma,2020-12-22,1356,3133,1265,3039,91,94,0,0,1356,3132,0,0,1356,3132,California
Sonoma,2020-12-23,1606,4739,1229,4268,377,471,0,0,1607,4739,0,0,1607,4739,California
Sonoma,2020-12-24,307,5046,102,4370,205,676,0,0,307,5046,0,0,307,5046,California
Sonoma,2020-12-25,8,5054,2,4372,6,682,0,0,8,5054,0,0,8,5054,California
Sonoma,2020-12-26,268,5322,257,4629,11,693,0,0,268,5322,0,0,268,5322,California
Sonoma,2020-12-27,94,5416,80,4709,14,707,0,0,94,5416,0,0,94,5416,California
Sonoma,2020-12-28,981,6397,547,5256,434,1141,0,0,954,6370,0,0,954,6370,California
Sonoma,2020-12-29,1135,7532,781,6037,354,1495,0,0,1101,7471,0,0,1101,7471,California
Sonoma,2020-12-30,1095,8627,481,6518,614,2109,0,0,1087,8558,0,0,1087,8558,California
Sonoma,2020-12-31,520,9147,71,6589,449,2558,0,0,521,9079,0,0,521,9079,California
Sonoma,2021-01-01,171,9318,81,6670,90,2648,0,0,171,9250,0,0,171,9250,California
Sonoma,2021-01-02,139,9457,130,6800,9,2657,0,0,139,9389,0,0,139,9389,California
Sonoma,2021-01-03,25,9482,10,6810,15,2672,0,0,25,9414,0,0,25,9414,California
Sonoma,2021-01-04,343,9825,107,6917,236,2908,0,0,342,9756,0,0,342,9756,California
Sonoma,2021-01-05,436,10261,102,7019,334,3242,0,0,410,10150,16,16,410,10166,California
Sonoma,2021-01-06,951,11212,432,7451,519,3761,0,0,836,10877,109,125,836,11002,California
Sonoma,2021-01-07,1034,12246,536,7987,498,4259,0,0,859,11562,174,299,859,11861,California
Sonoma,2021-01-08,1795,14041,1233,9220,562,4821,0,0,1311,12391,482,781,1311,13172,California
Sonoma,2021-01-09,642,14683,402,9622,240,5061,0,0,594,12937,48,829,594,13766,California
Sonoma,2021-01-10,471,15154,460,10082,11,5072,0,0,277,13020,194,1023,277,14043,California
Sonoma,2021-01-11,1389,16543,1241,11323,148,5220,0,0,415,12466,969,1992,415,14458,California
Sonoma,2021-01-12,1551,18094,1294,12617,257,5477,0,0,401,11719,1148,3140,401,14859,California
Sonoma,2021-01-13,2053,20147,1370,13987,683,6160,0,0,1186,12042,864,4004,1187,16046,California
Sonoma,2021-01-14,1542,21689,808,14795,734,6894,0,0,1313,13126,229,4233,1313,17359,California
Sonoma,2021-01-15,1564,23253,632,15427,932,7826,0,0,1340,14254,214,4447,1342,18701,California
Sonoma,2021-01-16,1152,24405,617,16044,535,8361,0,0,905,14916,243,4690,905,19606,California
Sonoma,2021-01-17,680,25085,557,16601,123,8484,0,0,600,15436,80,4770,600,20206,California
Sonoma,2021-01-18,1111,26196,940,17541,171,8655,0,0,621,15568,490,5260,622,20828,California
Sonoma,2021-01-19,2104,28300,1005,18546,1099,9754,0,0,1389,16245,713,5973,1390,22218,California
Sonoma,2021-01-20,2117,30417,640,19186,1477,11231,0,0,1445,17029,662,6635,1446,23664,California
Sonoma,2021-01-21,2290,32707,647,19833,1643,12874,0,0,2063,18868,225,6860,2064,25728,California
Sonoma,2021-01-22,2768,35475,1055,20888,1713,14587,0,0,2617,21335,150,7010,2617,28345,California
Sonoma,2021-01-23,771,36246,596,21484,175,14762,0,0,660,21885,110,7120,660,29005,California
Sonoma,2021-01-24,849,37095,714,22198,135,14897,0,0,831,22698,18,7138,831,29836,California
Sonoma,2021-01-25,2183,39278,520,22718,1663,16560,0,0,1692,23899,491,7629,1692,31528,California
Sonoma,2021-01-26,2062,41340,309,23027,1753,18313,0,0,1595,25028,466,8095,1595,33123,California
Sonoma,2021-01-27,3744,45084,1279,24306,2465,20778,0,0,3162,27612,580,8675,3164,36287,California
Sonoma,2021-01-28,4138,49222,1843,26149,2295,23073,0,0,3455,30389,680,9355,3457,39744,California
Sonoma,2021-01-29,3019,52241,1421,27570,1598,24671,0,0,2171,31716,846,10201,2173,41917,California
Sonoma,2021-01-30,2601,54842,2404,29974,197,24868,0,0,2252,33621,348,10549,2253,44170,California
Sonoma,2021-01-31,800,55642,685,30659,115,24983,0,0,569,33960,230,10779,569,44739,California
Sonoma,2021-02-01,2501,58143,862,31521,1639,26622,0,0,2114,35691,383,11162,2114,46853,California
Sonoma,2021-02-02,3615,61758,1402,32923,2213,28835,0,0,3027,38133,585,11747,3027,49880,California
Sonoma,2021-02-03,4073,65831,1334,34257,2739,31574,0,0,3124,40312,945,12692,3124,53004,California
Sonoma,2021-02-04,4246,70077,1744,36001,2502,34076,0,0,3447,42963,797,13489,3448,56452,California
Sonoma,2021-02-05,4859,74936,1760,37761,3099,37175,0,0,3804,45718,1050,14539,3805,60257,California
Sonoma,2021-02-06,2670,77606,2301,40062,369,37544,0,0,2129,47307,540,15079,2129,62386,California
Sonoma,2021-02-07,1553,79159,1415,41477,138,37682,0,0,1292,48338,261,15340,1292,63678,California
Sonoma,2021-02-08,3287,82446,1043,42520,2244,39926,0,0,2685,50423,600,15940,2685,66363,California
Sonoma,2021-02-09,3595,86041,1712,44232,1883,41809,0,0,3110,53051,483,16423,3111,69474,California
Sonoma,2021-02-10,4593,90634,2509,46741,2084,43893,0,0,3570,55605,1017,17440,3571,73045,California
Sonoma,2021-02-11,5635,96269,3043,49784,2592,46485,0,0,4430,58833,1202,18642,4430,77475,California
Sonoma,2021-02-12,5962,102231,3280,53064,2682,49167,0,0,4508,61896,1449,20091,4512,81987,California
Sonoma,2021-02-13,2016,104247,1163,54227,853,50020,0,0,1209,62301,804,20895,1209,83196,California
Sonoma,2021-02-14,2331,106578,1827,56054,504,50524,0,0,1581,63136,746,21641,1581,84777,California
Sonoma,2021-02-15,2150,108728,792,56846,1358,51882,0,0,1605,64196,545,22186,1605,86382,California
Sonoma,2021-02-16,4983,113711,2122,58968,2861,54743,0,0,3706,66631,1273,23459,3708,90090,California
Sonoma,2021-02-17,5641,119352,2932,61900,2709,57452,0,0,3593,68188,2038,25497,3595,93685,California
Sonoma,2021-02-18,6986,126338,3162,65062,3824,61276,0,0,4027,69276,2941,28438,4029,97714,California
Sonoma,2021-02-19,5620,131958,1717,66779,3903,65179,0,0,3483,70632,2129,30567,3485,101199,California
Sonoma,2021-02-20,3149,135107,2851,69630,298,65477,0,0,1228,69947,1913,32480,1228,102427,California
Sonoma,2021-02-21,551,135658,437,70067,114,65591,0,0,148,69698,397,32877,148,102575,California
Sonoma,2021-02-22,2964,138622,1405,71472,1559,67150,0,0,1228,69200,1726,34603,1228,103803,California
Sonoma,2021-02-23,3460,142082,2126,73598,1334,68484,0,0,1622,68991,1831,36434,1622,105425,California
Sonoma,2021-02-24,5727,147809,2575,76173,3152,71636,0,0,2932,69138,2786,39220,2933,108358,California
Sonoma,2021-02-25,6017,153826,2359,78532,3658,75294,0,0,3226,69597,2767,41987,3226,111584,California
Sonoma,2021-02-26,6646,160472,2932,81464,3714,79008,0,0,4215,71390,2422,44409,4215,115799,California
Sonoma,2021-02-27,4232,164704,1961,83425,2271,81279,0,0,2842,72845,1387,45796,2842,118641,California
Sonoma,2021-02-28,2504,167208,1853,85278,650,81929,1,1,761,71874,1733,47529,762,119403,California
Sonoma,2021-03-01,4139,171347,1321,86599,2817,84746,1,2,2166,72084,1958,49487,2168,121571,California
Sonoma,2021-03-02,4422,175769,1525,88124,2895,87641,2,4,2551,72777,1860,51347,2553,124124,California
Sonoma,2021-03-03,5093,180862,2646,90770,2447,90088,0,4,2339,72376,2740,54087,2339,126463,California
Sonoma,2021-03-04,5981,186843,2689,93459,3292,93380,0,4,2591,71591,3376,57463,2591,129054,California
Sonoma,2021-03-05,6511,193354,2871,96330,3625,97005,15,19,2747,70609,3745,61208,2763,131817,California
Sonoma,2021-03-06,2808,196162,1230,97560,1441,98446,137,156,1929,71803,871,62079,2065,133882,California
Sonoma,2021-03-07,1737,197899,1401,98961,300,98746,36,192,402,70909,1332,63411,438,134320,California
Sonoma,2021-03-08,4089,201988,666,99627,3248,101994,175,367,2394,71794,1682,65093,2567,136887,California
Sonoma,2021-03-09,5624,207612,3099,102726,2257,104251,268,635,2714,71865,2898,67991,2969,139856,California
Sonoma,2021-03-10,6056,213668,3220,105946,2486,106737,350,985,2443,71059,3597,71588,2791,142647,California
Sonoma,2021-03-11,7570,221238,3031,108977,3715,110452,824,1809,2565,69456,4989,76577,3386,146033,California
Sonoma,2021-03-12,7435,228673,2273,111250,3798,114250,1364,3173,2066,67538,5343,81920,3425,149458,California
Sonoma,2021-03-13,3456,232129,1713,112963,1504,115754,239,3412,2019,68356,1435,83355,2253,151711,California
Sonoma,2021-03-14,1403,233532,391,113354,869,116623,143,3555,852,68803,548,83903,995,152706,California
Sonoma,2021-03-15,5258,238790,1522,114876,3349,119972,387,3942,2178,68303,3063,86966,2563,155269,California
Sonoma,2021-03-16,6330,245120,2272,117148,3827,123799,231,4173,2905,68019,3418,90384,3134,158403,California
Sonoma,2021-03-17,6803,251923,3549,120697,3075,126874,179,4352,3293,67995,3494,93878,3470,161873,California
Sonoma,2021-03-18,7162,259085,2955,123652,3591,130465,616,4968,3126,67709,4023,97901,3737,165610,California
Sonoma,2021-03-19,7530,266615,3263,126915,4036,134501,231,5199,3058,66552,4450,102351,3293,168903,California
Sonoma,2021-03-20,3732,270347,1761,128676,1147,135648,824,6023,2020,67687,1704,104055,2839,171742,California
Sonoma,2021-03-21,1400,271747,613,129289,752,136400,35,6058,1211,68750,183,104238,1246,172988,California
Sonoma,2021-03-22,4577,276324,3118,132407,1359,137759,100,6158,3331,70941,1240,105478,3431,176419,California
Sonoma,2021-03-23,5876,282200,3639,136046,2163,139922,74,6232,4427,74005,1438,106916,4502,180921,California
Sonoma,2021-03-24,6844,289044,4285,140331,2484,142406,75,6307,4166,75588,2656,109572,4239,185160,California
Sonoma,2021-03-25,7142,296186,4203,144534,2827,145233,112,6419,4292,77172,2822,112394,4406,189566,California
Sonoma,2021-03-26,7476,303662,3478,148012,3903,149136,95,6514,3818,77453,3631,116025,3912,193478,California
Sonoma,2021-03-27,3873,307535,1518,149530,1993,151129,362,6876,999,75951,2860,118885,1358,194836,California
Sonoma,2021-03-28,1518,309053,953,150483,537,151666,28,6904,800,76063,714,119599,826,195662,California
Sonoma,2021-03-29,2981,312034,1111,151594,1837,153503,33,6937,1541,76206,1431,121030,1574,197236,California
Sonoma,2021-03-30,5910,317944,3231,154825,2616,156119,63,7000,3092,76552,2809,123839,3155,200391,California
Sonoma,2021-03-31,5648,323592,3418,158243,2013,158132,217,7217,3248,77632,2385,126224,3465,203856,California
Sonoma,2021-04-01,6965,330557,4076,162319,2544,160676,345,7562,3781,78591,3157,129381,4116,207972,California
Sonoma,2021-04-02,5976,336533,3579,165898,2287,162963,110,7672,3579,79893,2386,131767,3688,211660,California
Sonoma,2021-04-03,3663,340196,1825,167723,1610,164573,228,7900,1601,79671,2047,133814,1825,213485,California
Sonoma,2021-04-04,1067,341263,693,168416,283,164856,91,7991,648,79996,414,134228,739,214224,California
Sonoma,2021-04-05,4450,345713,662,169078,3441,168297,347,8338,1672,79245,2770,136998,2019,216243,California
Sonoma,2021-04-06,6936,352649,3513,172591,3012,171309,411,8749,4029,80792,2891,139889,4438,220681,California
Sonoma,2021-04-07,6860,359509,3872,176463,2140,173449,848,9597,3338,81465,3505,143394,4178,224859,California
Sonoma,2021-04-08,7681,367190,4152,180615,2752,176201,777,10374,4202,82973,3466,146860,4974,229833,California
Sonoma,2021-04-09,6872,374062,3835,184450,2145,178346,892,11266,3532,84064,3326,150186,4417,234250,California
Sonoma,2021-04-10,3925,377987,1709,186159,1653,179999,563,11829,1155,83018,2757,152943,1711,235961,California
Sonoma,2021-04-11,1292,379279,613,186772,597,180596,82,11911,440,82690,850,153793,522,236483,California
Sonoma,2021-04-12,4971,384250,2069,188841,2415,183011,487,12398,1854,81921,3103,156896,2334,238817,California
Sonoma,2021-04-13,7948,392198,4679,193520,3265,186276,4,12402,3055,80100,4879,161775,3058,241875,California
Sonoma,2021-04-14,6710,398908,3790,197310,2899,189175,21,12423,2582,78588,4113,165888,2601,244476,California
Sonoma,2021-04-15,7555,406463,4287,201597,3268,192443,0,12423,3675,78401,3863,169751,3676,248152,California
Sonoma,2021-04-16,6937,413400,3466,205063,3469,195912,2,12425,3919,79316,3007,172758,3922,252074,California
Sonoma,2021-04-17,3542,416942,1830,206893,1712,197624,0,12425,1693,79179,1831,174589,1694,253768,California
Sonoma,2021-04-18,1413,418355,1012,207905,401,198025,0,12425,542,78851,870,175459,542,254310,California
Sonoma,2021-04-19,3443,421798,1894,209799,1548,199573,1,12426,1530,78475,1907,177366,1531,255841,California
Sonoma,2021-04-20,6402,428200,3536,213335,2865,202438,1,12427,2389,76868,3999,181365,2392,258233,California
Sonoma,2021-04-21,6822,435022,4353,217688,2467,204905,2,12429,3123,76315,3677,185042,3124,261357,California
Sonoma,2021-04-22,6470,441492,4519,222207,1950,206855,1,12430,2628,75121,3822,188864,2628,263985,California
Sonoma,2021-04-23,7568,449060,4670,226877,2891,209746,7,12437,3694,74963,3860,192724,3702,267687,California
Sonoma,2021-04-24,2786,451846,1515,228392,1257,211003,14,12451,1548,75292,1233,193957,1562,269249,California
Sonoma,2021-04-25,1086,452932,789,229181,297,211300,0,12451,431,75071,652,194609,431,269680,California
Sonoma,2021-04-26,2988,455920,1432,230613,1528,212828,28,12479,1645,75409,1335,195944,1673,271353,California
Sonoma,2021-04-27,5531,461451,3736,234349,1671,214499,124,12603,2247,74507,3272,199216,2370,273723,California
Sonoma,2021-04-28,4925,466376,3237,237586,1488,215987,200,12803,2113,74020,2795,202011,2308,276031,California
Sonoma,2021-04-29,5100,471476,3597,241183,1359,217346,144,12947,1922,72920,3166,205177,2066,278097,California
Sonoma,2021-04-30,5563,477039,3633,244816,1634,218980,296,13243,1831,71330,3716,208893,2126,280223,California
Sonoma,2021-05-01,2515,479554,1784,246600,625,219605,106,13349,1247,71420,1258,210151,1348,281571,California
Sonoma,2021-05-02,871,480425,650,247250,170,219775,51,13400,554,71709,317,210468,606,282177,California
Sonoma,2021-05-03,3253,483678,1682,248932,1426,221201,145,13545,1071,70754,2169,212637,1214,283391,California
Sonoma,2021-05-04,4611,488289,2412,251344,2021,223222,178,13723,1466,69271,3122,215759,1639,285030,California
Sonoma,2021-05-05,3716,492005,2188,253532,1334,224556,194,13917,1325,68413,2375,218134,1517,286547,California
Sonoma,2021-05-06,4596,496601,2423,255955,2046,226602,127,14044,1313,66629,3221,221355,1437,287984,California
Sonoma,2021-05-07,3644,500245,2328,258283,1193,227795,123,14167,1101,65323,2530,223885,1224,289208,California
Sonoma,2021-05-08,1923,502168,1292,259575,539,228334,92,14259,681,64867,1229,225114,773,289981,California
Sonoma,2021-05-09,500,502668,286,259861,173,228507,41,14300,159,64731,336,225450,200,290181,California
Sonoma,2021-05-10,2363,505031,1040,260901,1190,229697,133,14433,297,63110,2048,227498,427,290608,California
Sonoma,2021-05-11,3602,508633,1940,262841,1539,231236,123,14556,882,61413,2702,230200,1005,291613,California
Sonoma,2021-05-12,4079,512712,2499,265340,1428,232664,152,14708,852,59201,3215,233415,1003,292616,California
Sonoma,2021-05-13,4964,517676,2837,268177,1997,234661,130,14838,1658,57694,3293,236708,1786,294402,California
Sonoma,2021-05-14,5850,523526,3609,271786,2104,236765,137,14975,2217,56431,3618,240326,2355,296757,California
Sonoma,2021-05-15,2987,526513,2200,273986,724,237489,63,15038,1871,57257,1108,241434,1934,298691,California
Sonoma,2021-05-16,1352,527865,1134,275120,159,237648,59,15097,997,57963,350,241784,1056,299747,California
Sonoma,2021-05-17,2443,530308,1816,276936,532,238180,95,15192,887,57392,1551,243335,980,300727,California
Sonoma,2021-05-18,4333,534641,2858,279794,1366,239546,109,15301,1462,56110,2852,246187,1570,302297,California
Sonoma,2021-05-19,3871,538512,2416,282210,1340,240886,115,15416,1492,55354,2363,248550,1607,303904,California
Sonoma,2021-05-20,3424,541936,2244,284454,1086,241972,94,15510,1337,54705,2074,250624,1425,305329,California
Sonoma,2021-05-21,4261,546197,2395,286849,1737,243709,129,15639,1506,53593,2732,253356,1620,306949,California
Sonoma,2021-05-22,2339,548536,1282,288131,1017,244726,40,15679,665,52636,1662,255018,705,307654,California
Sonoma,2021-05-23,1500,550036,1219,289350,263,244989,18,15697,773,52706,721,255739,791,308445,California
Sonoma,2021-05-24,2016,552052,1255,290605,629,245618,132,15829,661,52172,1327,257066,793,309238,California
Sonoma,2021-05-25,2941,554993,1798,292403,1055,246673,88,15917,740,50811,2187,259253,826,310064,California
Sonoma,2021-05-26,2482,557475,1729,294132,642,247315,111,16028,996,50443,1472,260725,1104,311168,California
Sonoma,2021-05-27,2079,559554,1139,295271,843,248158,97,16125,688,49844,1382,262107,783,311951,California
Sonoma,2021-05-28,2182,561736,1126,296397,963,249121,93,16218,620,49006,1551,263658,713,312664,California
Sonoma,2021-05-29,1348,563084,920,297317,360,249481,68,16286,641,49018,697,264355,709,313373,California
Sonoma,2021-05-30,345,563429,212,297529,122,249603,11,16297,137,48962,203,264558,147,313520,California
Sonoma,2021-05-31,70,563499,26,297555,43,249646,1,16298,17,48927,53,264611,18,313538,California
Sonoma,2021-06-01,1939,565438,1109,298664,754,250400,76,16374,699,48471,1227,265838,771,314309,California
Sonoma,2021-06-02,1582,567020,971,299635,496,250896,115,16489,655,48318,922,266760,769,315078,California
Sonoma,2021-06-03,2004,569024,1381,301016,544,251440,79,16568,440,47281,1555,268315,518,315596,California
Sonoma,2021-06-04,2711,571735,2208,303224,396,251836,107,16675,516,45717,2186,270501,622,316218,California
Sonoma,2021-06-05,1818,573553,1492,304716,295,252131,31,16706,275,44486,1537,272038,306,316524,California
Sonoma,2021-06-06,1012,574565,936,305652,67,252198,9,16715,143,43772,866,272904,152,316676,California
Sonoma,2021-06-07,1478,576043,1237,306889,186,252384,55,16770,328,43010,1142,274046,380,317056,California
Sonoma,2021-06-08,1894,577937,1522,308411,326,252710,46,16816,534,42240,1348,275394,578,317634,California
Sonoma,2021-06-09,1643,579580,1355,309766,226,252936,62,16878,386,41445,1243,276637,448,318082,California
Sonoma,2021-06-10,1834,581414,1507,311273,223,253159,104,16982,557,40840,1264,277901,659,318741,California
Sonoma,2021-06-11,1995,583409,1632,312905,272,253431,91,17073,540,40023,1448,279349,631,319372,California
Sonoma,2021-06-12,1127,584536,890,313795,191,253622,46,17119,352,39654,768,280117,399,319771,California
Sonoma,2021-06-13,553,585089,465,314260,70,253692,18,17137,105,39329,448,280565,123,319894,California
Sonoma,2021-06-14,949,586038,677,314937,212,253904,60,17197,344,39135,597,281162,403,320297,California
Sonoma,2021-06-15,1849,587887,1380,316317,361,254265,108,17305,609,38620,1231,282393,716,321013,California
Sonoma,2021-06-16,1571,589458,1209,317526,261,254526,101,17406,501,38156,1064,283457,600,321613,California
Sonoma,2021-06-17,1035,590493,784,318310,172,254698,79,17485,407,38018,623,284080,485,322098,California
Sonoma,2021-06-18,1064,591557,770,319080,193,254891,101,17586,450,37961,605,284685,548,322646,California
Sonoma,2021-06-19,831,592388,687,319767,106,254997,38,17624,274,37718,554,285239,311,322957,California
Sonoma,2021-06-20,243,592631,199,319966,37,255034,7,17631,83,37651,157,285396,90,323047,California
Sonoma,2021-06-21,538,593169,306,320272,154,255188,78,17709,255,37711,272,285668,332,323379,California
Sonoma,2021-06-22,1241,594410,982,321254,169,255357,90,17799,579,37720,657,286325,666,324045,California
Sonoma,2021-06-23,1216,595626,938,322192,194,255551,84,17883,480,37554,730,287055,564,324609,California
Sonoma,2021-06-24,939,596565,628,322820,213,255764,98,17981,413,37546,518,287573,510,325119,California
Sonoma,2021-06-25,1166,597731,906,323726,179,255943,81,18062,508,37495,638,288211,587,325706,California
Sonoma,2021-06-26,587,598318,433,324159,84,256027,70,18132,292,37563,293,288504,361,326067,California
Stanislaus,2020-12-15,5,5,5,5,0,0,0,0,5,5,0,0,5,5,California
Stanislaus,2020-12-16,38,43,38,43,0,0,0,0,38,43,0,0,38,43,California
Stanislaus,2020-12-17,74,117,74,117,0,0,0,0,74,117,0,0,74,117,California
Stanislaus,2020-12-18,343,460,337,454,6,6,0,0,343,460,0,0,343,460,California
Stanislaus,2020-12-19,134,594,134,588,0,6,0,0,134,594,0,0,134,594,California
Stanislaus,2020-12-20,87,681,87,675,0,6,0,0,87,681,0,0,87,681,California
Stanislaus,2020-12-21,999,1680,998,1673,1,7,0,0,998,1679,1,1,999,1680,California
Stanislaus,2020-12-22,796,2476,784,2457,12,19,0,0,796,2475,0,1,796,2476,California
Stanislaus,2020-12-23,450,2926,431,2888,19,38,0,0,449,2924,1,2,450,2926,California
Stanislaus,2020-12-24,98,3024,89,2977,9,47,0,0,98,3022,0,2,98,3024,California
Stanislaus,2020-12-26,53,3077,9,2986,44,91,0,0,53,3075,0,2,53,3077,California
Stanislaus,2020-12-27,11,3088,6,2992,5,96,0,0,11,3086,0,2,11,3088,California
Stanislaus,2020-12-28,490,3578,396,3388,94,190,0,0,490,3576,0,2,490,3578,California
Stanislaus,2020-12-29,500,4078,415,3803,85,275,0,0,500,4076,0,2,500,4078,California
Stanislaus,2020-12-30,538,4616,281,4084,257,532,0,0,537,4612,1,3,537,4615,California
Stanislaus,2020-12-31,282,4898,158,4242,124,656,0,0,282,4894,0,3,282,4897,California
Stanislaus,2021-01-01,16,4914,7,4249,9,665,0,0,16,4910,0,3,16,4913,California
Stanislaus,2021-01-02,34,4948,26,4275,8,673,0,0,34,4944,0,3,34,4947,California
Stanislaus,2021-01-03,90,5038,87,4362,3,676,0,0,90,5034,0,3,90,5037,California
Stanislaus,2021-01-04,232,5270,152,4514,80,756,0,0,232,5266,0,3,232,5269,California
Stanislaus,2021-01-05,844,6114,349,4863,495,1251,0,0,818,6067,25,28,826,6095,California
Stanislaus,2021-01-06,1010,7124,605,5468,405,1656,0,0,932,6930,75,103,938,7033,California
Stanislaus,2021-01-07,1083,8207,705,6173,378,2034,0,0,889,7634,189,292,893,7926,California
Stanislaus,2021-01-08,1282,9489,723,6896,559,2593,0,0,934,8230,345,637,941,8867,California
Stanislaus,2021-01-09,288,9777,143,7039,145,2738,0,0,198,8338,90,727,198,9065,California
Stanislaus,2021-01-10,49,9826,22,7061,27,2765,0,0,29,8347,20,747,29,9094,California
Stanislaus,2021-01-11,1503,11329,1218,8279,285,3050,0,0,574,8017,923,1670,593,9687,California
Stanislaus,2021-01-12,1479,12808,867,9146,612,3662,0,0,830,8219,645,2315,847,10534,California
Stanislaus,2021-01-13,1453,14261,692,9838,761,4423,0,0,1123,9028,329,2644,1138,11672,California
Stanislaus,2021-01-14,2249,16510,289,10127,1960,6383,0,0,2059,10986,187,2831,2145,13817,California
Stanislaus,2021-01-15,2834,19344,1164,11291,1670,8053,0,0,2665,13579,165,2996,2758,16575,California
Stanislaus,2021-01-16,474,19818,50,11341,424,8477,0,0,455,14018,18,3014,457,17032,California
Stanislaus,2021-01-17,244,20062,202,11543,42,8519,0,0,237,14249,6,3020,237,17269,California
Stanislaus,2021-01-18,2190,22252,1023,12566,1167,9686,0,0,1789,15726,396,3416,1873,19142,California
Stanislaus,2021-01-19,1256,23508,724,13290,532,10218,0,0,806,16087,446,3862,807,19949,California
Stanislaus,2021-01-20,1013,24521,490,13780,523,10741,0,0,716,16508,295,4157,716,20665,California
Stanislaus,2021-01-21,3699,28220,2980,16760,719,11460,0,0,3350,19639,345,4502,3476,24141,California
Stanislaus,2021-01-22,1101,29321,311,17071,790,12250,0,0,1056,20657,41,4543,1059,25200,California
Stanislaus,2021-01-23,360,29681,43,17114,317,12567,0,0,301,20901,58,4601,302,25502,California
Stanislaus,2021-01-24,301,29982,98,17212,203,12770,0,0,235,21072,66,4667,237,25739,California
Stanislaus,2021-01-25,3165,33147,229,17441,2936,15706,0,0,2814,23741,315,4982,2984,28723,California
Stanislaus,2021-01-26,1738,34885,749,18190,989,16695,0,0,1290,24616,441,5423,1316,30039,California
Stanislaus,2021-01-27,1904,36789,1059,19249,845,17540,0,0,1188,25141,667,6090,1192,31231,California
Stanislaus,2021-01-28,2218,39007,1516,20765,702,18242,0,0,1711,26430,497,6587,1786,33017,California
Stanislaus,2021-01-29,2459,41466,1205,21970,1254,19496,0,0,1913,27902,499,7086,1971,34988,California
Stanislaus,2021-01-30,297,41763,133,22103,164,19660,0,0,230,28076,56,7142,230,35218,California
Stanislaus,2021-01-31,370,42133,315,22418,55,19715,0,0,354,28418,13,7155,355,35573,California
Stanislaus,2021-02-01,1299,43432,584,23002,715,20430,0,0,936,29007,349,7504,938,36511,California
Stanislaus,2021-02-02,1215,44647,347,23349,868,21298,0,0,774,29355,431,7935,779,37290,California
Stanislaus,2021-02-03,2626,47273,1239,24588,1387,22685,0,0,1920,30591,701,8636,1937,39227,California
Stanislaus,2021-02-04,2101,49374,714,25302,1387,24072,0,0,1579,31671,510,9146,1590,40817,California
Stanislaus,2021-02-05,2860,52234,1474,26776,1386,25458,0,0,1592,32078,1201,10347,1608,42425,California
Stanislaus,2021-02-06,885,53119,299,27075,586,26044,0,0,693,32583,190,10537,695,43120,California
Stanislaus,2021-02-07,232,53351,207,27282,25,26069,0,0,43,32441,186,10723,44,43164,California
Stanislaus,2021-02-08,2049,55400,1341,28623,708,26777,0,0,1102,32667,905,11628,1131,44295,California
Stanislaus,2021-02-09,1852,57252,787,29410,1065,27842,0,0,1047,32951,776,12404,1060,45355,California
Stanislaus,2021-02-10,1947,59199,535,29945,1412,29254,0,0,1016,33066,905,13309,1020,46375,California
Stanislaus,2021-02-11,5413,64612,3278,33223,2135,31389,0,0,1220,30361,3943,17252,1238,47613,California
Stanislaus,2021-02-12,3312,67924,919,34142,2393,33782,0,0,1450,30057,1771,19023,1467,49080,California
Stanislaus,2021-02-13,1363,69287,656,34798,707,34489,0,0,986,30678,370,19393,991,50071,California
Stanislaus,2021-02-14,424,69711,171,34969,253,34742,0,0,352,30960,70,19463,352,50423,California
Stanislaus,2021-02-15,1824,71535,233,35202,1591,36333,0,0,582,30428,1122,20585,590,51013,California
Stanislaus,2021-02-16,1366,72901,424,35626,942,37275,0,0,577,30235,777,21362,584,51597,California
Stanislaus,2021-02-17,2767,75668,1698,37324,1069,38344,0,0,1905,31318,854,22216,1937,53534,California
Stanislaus,2021-02-18,3378,79046,1909,39233,1469,39813,0,0,1767,31626,1513,23729,1821,55355,California
Stanislaus,2021-02-19,2783,81829,1085,40318,1698,41511,0,0,1518,31955,1216,24945,1545,56900,California
Stanislaus,2021-02-20,756,82585,385,40703,371,41882,0,0,473,32170,263,25208,478,57378,California
Stanislaus,2021-02-21,912,83497,697,41400,215,42097,0,0,542,32383,344,25552,557,57935,California
Stanislaus,2021-02-22,2357,85854,1703,43103,654,42751,0,0,1632,33318,704,26256,1639,59574,California
Stanislaus,2021-02-23,3750,89604,678,43781,3072,45823,0,0,1723,33221,1847,28103,1750,61324,California
Stanislaus,2021-02-24,4198,93802,2864,46645,1334,47157,0,0,3114,35288,1059,29162,3126,64450,California
Stanislaus,2021-02-25,3968,97770,2725,49370,1243,48400,0,0,3152,37654,796,29958,3162,67612,California
Stanislaus,2021-02-26,4228,101998,1220,50590,3008,51408,0,0,2832,39175,1335,31293,2856,70468,California
Stanislaus,2021-02-27,2098,104096,711,51301,1386,52794,1,1,1863,40834,206,31499,1865,72333,California
Stanislaus,2021-02-28,830,104926,263,51564,567,53361,0,1,777,41571,41,31540,778,73111,California
Stanislaus,2021-03-01,3086,108012,1649,53213,1432,54793,5,6,1644,41861,1393,32933,1683,74794,California
Stanislaus,2021-03-02,2403,110415,1429,54642,973,55766,1,7,1657,42797,730,33663,1666,76460,California
Stanislaus,2021-03-03,3725,114140,2239,56881,1482,57248,4,11,2904,44906,803,34466,2912,79372,California
Stanislaus,2021-03-04,5460,119600,3116,59997,2328,59576,16,27,4190,47888,1229,35695,4211,83583,California
Stanislaus,2021-03-05,4095,123695,1126,61123,2953,62529,16,43,3089,50021,975,36670,3108,86691,California
Stanislaus,2021-03-06,3595,127290,2239,63362,1263,63792,93,136,2737,52001,854,37524,2834,89525,California
Stanislaus,2021-03-07,856,128146,390,63752,430,64222,36,172,666,52519,185,37709,703,90228,California
Stanislaus,2021-03-08,2012,130158,871,64623,1052,65274,89,261,1336,53292,656,38365,1429,91657,California
Stanislaus,2021-03-09,2647,132805,1004,65627,1551,66825,92,353,1636,54043,997,39362,1748,93405,California
Stanislaus,2021-03-10,5510,138315,2698,68325,2585,69410,227,580,3741,56308,1743,41105,4008,97413,California
Stanislaus,2021-03-11,6132,144447,3345,71670,2311,71721,476,1056,4127,59104,1823,42928,4619,102032,California
Stanislaus,2021-03-12,6261,150708,1357,73027,2975,74696,1929,2985,2926,60669,3305,46233,4870,106902,California
Stanislaus,2021-03-13,3706,154414,2316,75343,1319,76015,71,3056,2811,62684,886,47119,2901,109803,California
Stanislaus,2021-03-14,994,155408,594,75937,347,76362,53,3109,490,62727,501,47620,544,110347,California
Stanislaus,2021-03-15,3801,159209,1984,77921,1455,77817,362,3471,1647,62688,2057,49677,2018,112365,California
Stanislaus,2021-03-16,5088,164297,2499,80420,2152,79969,437,3908,3651,65366,1414,51091,4092,116457,California
Stanislaus,2021-03-17,4890,169187,2906,83326,1806,81775,178,4086,2939,66581,1914,53005,3129,119586,California
Stanislaus,2021-03-18,5536,174723,3453,86779,2013,83788,70,4156,3020,67318,2361,55366,3098,122684,California
Stanislaus,2021-03-19,6027,180750,1582,88361,2922,86710,1523,5679,3191,69233,2794,58160,4709,127393,California
Stanislaus,2021-03-20,3875,184625,3037,91398,770,87480,68,5747,3378,72207,473,58633,3447,130840,California
Stanislaus,2021-03-21,1015,185640,907,92305,42,87522,66,5813,768,72801,240,58873,834,131674,California
Stanislaus,2021-03-22,3007,188647,1392,93697,889,88411,726,6539,1404,73363,1572,60445,2134,133808,California
Stanislaus,2021-03-23,4103,192750,2096,95793,1748,90159,259,6798,2951,75464,1133,61578,3234,137042,California
Stanislaus,2021-03-24,4682,197432,3264,99057,1340,91499,78,6876,2744,76405,1889,63467,2830,139872,California
Stanislaus,2021-03-25,4394,201826,2983,102040,1394,92893,17,6893,1949,76010,2366,65833,1971,141843,California
Stanislaus,2021-03-26,4917,206743,1400,103440,3443,96336,74,6967,2520,76255,2363,68196,2608,144451,California
Stanislaus,2021-03-27,4430,211173,2758,106198,1588,97924,84,7051,1393,74722,3019,71215,1486,145937,California
Stanislaus,2021-03-28,1114,212287,443,106641,563,98487,108,7159,320,74379,780,71995,437,146374,California
Stanislaus,2021-03-29,3155,215442,1834,108475,1282,99769,39,7198,2145,75571,1000,72995,2192,148566,California
Stanislaus,2021-03-30,3839,219281,2072,110547,1741,101510,26,7224,2371,76528,1457,74452,2414,150980,California
Stanislaus,2021-03-31,5571,224852,3860,114407,1590,103100,121,7345,2893,76901,2656,77108,3029,154009,California
Stanislaus,2021-04-01,5891,230743,3852,118259,1940,105040,99,7444,2736,76633,3128,80236,2860,156869,California
Stanislaus,2021-04-02,5160,235903,1219,119478,3773,108813,168,7612,2356,76465,2710,82946,2542,159411,California
Stanislaus,2021-04-03,4682,240585,3432,122910,1214,110027,36,7648,2250,76361,2420,85366,2316,161727,California
Stanislaus,2021-04-04,1326,241911,475,123385,821,110848,30,7678,649,76379,668,86034,686,162413,California
Stanislaus,2021-04-05,3747,245658,2551,125936,937,111785,259,7937,2429,77771,1308,87342,2700,165113,California
Stanislaus,2021-04-06,5939,251597,4224,130160,1430,113215,285,8222,3207,78562,2716,90058,3507,168620,California
Stanislaus,2021-04-07,6496,258093,3651,133811,2410,115625,435,8657,2898,78343,3579,93637,3360,171980,California
Stanislaus,2021-04-08,5866,263959,3417,137228,2004,117629,445,9102,2892,78751,2945,96582,3353,175333,California
Stanislaus,2021-04-09,4982,268941,2164,139392,2439,120068,379,9481,2273,78746,2680,99262,2675,178008,California
Stanislaus,2021-04-10,6513,275454,3997,143389,877,120945,1639,11120,1995,77889,4492,103754,3635,181643,California
Stanislaus,2021-04-11,1529,276983,855,144244,541,121486,133,11253,664,77833,862,104616,806,182449,California
Stanislaus,2021-04-12,3776,280759,2116,146360,1211,122697,449,11702,1949,78461,1795,106411,2423,184872,California
Stanislaus,2021-04-13,5388,286147,3495,149855,1879,124576,14,11716,2967,79083,2372,108783,2994,187866,California
Stanislaus,2021-04-14,4810,290957,3333,153188,1475,126051,2,11718,2340,79017,2430,111213,2364,190230,California
Stanislaus,2021-04-15,5541,296498,3383,156571,2155,128206,3,11721,3248,80060,2239,113452,3282,193512,California
Stanislaus,2021-04-16,4461,300959,1056,157627,3404,131610,1,11722,1858,79385,2548,116000,1873,195385,California
Stanislaus,2021-04-17,3172,304131,2132,159759,1040,132650,0,11722,1838,79908,1320,117320,1843,197228,California
Stanislaus,2021-04-18,543,304674,225,159984,316,132966,2,11724,412,80199,124,117444,415,197643,California
Stanislaus,2021-04-19,3608,308282,2457,162441,1149,134115,2,11726,1653,79960,1913,119357,1674,199317,California
Stanislaus,2021-04-20,4076,312358,2432,164873,1644,135759,0,11726,1742,79428,2293,121650,1761,201078,California
Stanislaus,2021-04-21,3911,316269,2568,167441,1342,137101,1,11727,1586,78775,2273,123923,1620,202698,California
Stanislaus,2021-04-22,4069,320338,2419,169860,1650,138751,0,11727,1615,78001,2405,126328,1631,204329,California
Stanislaus,2021-04-23,3727,324065,852,170712,2874,141625,1,11728,1525,77440,2105,128433,1544,205873,California
Stanislaus,2021-04-24,3872,327937,2949,173661,923,142548,0,11728,1853,77303,2001,130434,1864,207737,California
Stanislaus,2021-04-25,939,328876,483,174144,456,143004,0,11728,688,77750,245,130679,692,208429,California
Stanislaus,2021-04-26,3600,332476,2400,176544,1194,144198,6,11734,1123,76458,2450,133129,1158,209587,California
Stanislaus,2021-04-27,4223,336699,2837,179381,1338,145536,48,11782,1225,74789,2964,136093,1295,210882,California
Stanislaus,2021-04-28,4468,341167,3072,182453,1334,146870,62,11844,1902,74239,2544,138637,1994,212876,California
Stanislaus,2021-04-29,3881,345048,2359,184812,1474,148344,48,11892,1510,73476,2347,140984,1584,214460,California
Stanislaus,2021-04-30,4741,349789,2101,186913,2556,150900,84,11976,1848,72577,2869,143853,1970,216430,California
Stanislaus,2021-05-01,2722,352511,1932,188845,749,151649,41,12017,1020,71956,1693,145546,1072,217502,California
Stanislaus,2021-05-02,1086,353597,622,189467,425,152074,39,12056,522,71969,558,146104,571,218073,California
Stanislaus,2021-05-03,2553,356150,1990,191457,492,152566,71,12127,970,71459,1567,147671,1057,219130,California
Stanislaus,2021-05-04,3681,359831,2521,193978,1066,153632,94,12221,1155,70213,2512,150183,1266,220396,California
Stanislaus,2021-05-05,3330,363161,2182,196160,1073,154705,75,12296,1150,69287,2160,152343,1234,221630,California
Stanislaus,2021-05-06,3626,366787,2720,198880,782,155487,124,12420,1096,68016,2505,154848,1234,222864,California
Stanislaus,2021-05-07,2506,369293,961,199841,1383,156870,162,12582,1045,67776,1450,156298,1210,224074,California
Stanislaus,2021-05-08,1966,371259,1350,201191,583,157453,33,12615,715,67297,1234,157532,755,224829,California
Stanislaus,2021-05-09,714,371973,342,201533,346,157799,26,12641,309,67230,403,157935,336,225165,California
Stanislaus,2021-05-10,1791,373764,1141,202674,553,158352,97,12738,482,66514,1298,159233,582,225747,California
Stanislaus,2021-05-11,2499,376263,1550,204224,789,159141,160,12898,740,65674,1747,160980,907,226654,California
Stanislaus,2021-05-12,2380,378643,1353,205577,918,160059,109,13007,941,65303,1424,162404,1053,227707,California
Stanislaus,2021-05-13,2074,380717,1187,206764,769,160828,118,13125,955,65269,1110,163514,1076,228783,California
Stanislaus,2021-05-14,2748,383465,1231,207995,1378,162206,139,13264,1296,65275,1432,164946,1438,230221,California
Stanislaus,2021-05-15,2490,385955,1773,209768,667,162873,50,13314,1207,65269,1273,166219,1267,231488,California
Stanislaus,2021-05-16,1026,386981,669,210437,349,163222,8,13322,560,65378,463,166682,572,232060,California
Stanislaus,2021-05-17,2044,389025,1379,211816,584,163806,81,13403,1000,65429,1038,167720,1089,233149,California
Stanislaus,2021-05-18,2279,391304,1563,213379,602,164408,114,13517,1189,65654,1079,168799,1304,234453,California
Stanislaus,2021-05-19,3116,394420,2142,215521,820,165228,154,13671,1400,65507,1704,170503,1557,236010,California
Stanislaus,2021-05-20,2215,396635,1191,216712,920,166148,104,13775,903,65218,1301,171804,1012,237022,California
Stanislaus,2021-05-21,2483,399118,1214,217926,1171,167319,98,13873,1022,64899,1444,173248,1125,238147,California
Stanislaus,2021-05-22,1999,401117,1205,219131,725,168044,69,13942,870,64717,1122,174370,940,239087,California
Stanislaus,2021-05-23,1047,402164,680,219811,352,168396,15,13957,500,64690,542,174912,515,239602,California
Stanislaus,2021-05-24,1745,403909,1190,221001,476,168872,79,14036,676,64385,1066,175978,761,240363,California
Stanislaus,2021-05-25,1803,405712,1232,222233,470,169342,101,14137,864,64418,935,176913,968,241331,California
Stanislaus,2021-05-26,2019,407731,1259,223492,708,170050,52,14189,962,64383,1049,177962,1014,242345,California
Stanislaus,2021-05-27,1775,409506,973,224465,723,170773,79,14268,656,64009,1109,179071,735,243080,California
Stanislaus,2021-05-28,2159,411665,1017,225482,1058,171831,84,14352,953,63845,1201,180272,1037,244117,California
Stanislaus,2021-05-29,1314,412979,846,226328,427,172258,41,14393,612,63802,698,180970,655,244772,California
Stanislaus,2021-05-30,455,413434,273,226601,148,172406,34,14427,213,63811,238,181208,247,245019,California
Stanislaus,2021-05-31,259,413693,122,226723,130,172536,7,14434,97,63754,161,181369,104,245123,California
Stanislaus,2021-06-01,1676,415369,1047,227770,576,173112,53,14487,661,63462,1009,182378,717,245840,California
Stanislaus,2021-06-02,1792,417161,1140,228910,583,173695,69,14556,777,63306,1005,183383,849,246689,California
Stanislaus,2021-06-03,1387,418548,821,229731,519,174214,47,14603,553,63087,821,184204,602,247291,California
Stanislaus,2021-06-04,1901,420449,1139,230870,692,174906,70,14673,724,62718,1167,185371,798,248089,California
Stanislaus,2021-06-05,1375,421824,1051,231921,298,175204,26,14699,476,62328,893,186264,503,248592,California
Stanislaus,2021-06-06,505,422329,413,232334,83,175287,9,14708,204,62241,301,186565,214,248806,California
Stanislaus,2021-06-07,1590,423919,1216,233550,329,175616,45,14753,601,61906,980,187545,645,249451,California
Stanislaus,2021-06-08,1898,425817,1422,234972,402,176018,74,14827,691,61477,1194,188739,765,250216,California
Stanislaus,2021-06-09,1836,427653,1299,236271,455,176473,82,14909,624,60976,1208,189947,707,250923,California
Stanislaus,2021-06-10,1466,429119,925,237196,480,176953,61,14970,616,60815,840,190787,679,251602,California
Stanislaus,2021-06-11,1466,430585,874,238070,541,177494,51,15021,546,60509,905,191692,599,252201,California
Stanislaus,2021-06-12,1017,431602,739,238809,255,177749,23,15044,377,60279,633,192325,403,252604,California
Stanislaus,2021-06-13,536,432138,395,239204,135,177884,6,15050,176,60106,357,192682,184,252788,California
Stanislaus,2021-06-14,1341,433479,953,240157,366,178250,22,15072,520,59836,813,193495,543,253331,California
Stanislaus,2021-06-15,1569,435048,1130,241287,396,178646,43,15115,537,59390,1028,194523,582,253913,California
Stanislaus,2021-06-16,1917,436965,1379,242666,472,179118,66,15181,769,59080,1145,195668,835,254748,California
Stanislaus,2021-06-17,1131,438096,714,243380,373,179491,44,15225,526,59052,600,196268,572,255320,California
Stanislaus,2021-06-18,1292,439388,777,244157,436,179927,79,15304,515,58877,771,197039,596,255916,California
Stanislaus,2021-06-19,850,440238,623,244780,182,180109,45,15349,371,58819,475,197514,417,256333,California
Stanislaus,2021-06-20,304,440542,212,244992,86,180195,6,15355,141,58803,163,197677,147,256480,California
Stanislaus,2021-06-21,936,441478,535,245527,276,180471,125,15480,477,58953,454,198131,604,257084,California
Stanislaus,2021-06-22,1177,442655,858,246385,260,180731,59,15539,488,58821,682,198813,550,257634,California
Stanislaus,2021-06-23,633,443288,332,246717,263,180994,38,15577,280,58787,352,199165,318,257952,California
Stanislaus,2021-06-24,255,443543,153,246870,94,181088,8,15585,119,58782,135,199300,130,258082,California
Stanislaus,2021-06-25,367,443910,229,247099,118,181206,20,15605,139,58714,227,199527,159,258241,California
Stanislaus,2021-06-26,216,444126,157,247256,54,181260,5,15610,82,58668,134,199661,88,258329,California
Sutter,2020-12-15,1,1,1,1,0,0,0,0,1,1,0,0,1,1,California
Sutter,2020-12-16,4,5,4,5,0,0,0,0,4,5,0,0,4,5,California
Sutter,2020-12-17,3,8,3,8,0,0,0,0,3,8,0,0,3,8,California
Sutter,2020-12-18,21,29,21,29,0,0,0,0,21,29,0,0,21,29,California
Sutter,2020-12-19,45,74,45,74,0,0,0,0,45,74,0,0,45,74,California
Sutter,2020-12-20,43,117,43,117,0,0,0,0,43,117,0,0,43,117,California
Sutter,2020-12-21,99,216,99,216,0,0,0,0,99,216,0,0,99,216,California
Sutter,2020-12-22,172,388,172,388,0,0,0,0,172,388,0,0,172,388,California
Sutter,2020-12-23,115,503,110,498,5,5,0,0,115,503,0,0,115,503,California
Sutter,2020-12-24,17,520,11,509,6,11,0,0,17,520,0,0,17,520,California
Sutter,2020-12-26,38,558,34,543,4,15,0,0,38,558,0,0,38,558,California
Sutter,2020-12-27,24,582,23,566,1,16,0,0,24,582,0,0,24,582,California
Sutter,2020-12-28,83,665,55,621,28,44,0,0,83,665,0,0,83,665,California
Sutter,2020-12-29,101,766,14,635,87,131,0,0,101,766,0,0,101,766,California
Sutter,2020-12-30,136,902,33,668,103,234,0,0,136,902,0,0,136,902,California
Sutter,2020-12-31,70,972,6,674,64,298,0,0,70,972,0,0,70,972,California
Sutter,2021-01-01,3,975,3,677,0,298,0,0,3,975,0,0,3,975,California
Sutter,2021-01-02,131,1106,129,806,2,300,0,0,131,1106,0,0,131,1106,California
Sutter,2021-01-03,1,1107,0,806,1,301,0,0,1,1107,0,0,1,1107,California
Sutter,2021-01-04,247,1354,138,944,109,410,0,0,247,1354,0,0,247,1354,California
Sutter,2021-01-05,99,1453,56,1000,43,453,0,0,96,1447,3,3,96,1450,California
Sutter,2021-01-06,205,1658,50,1050,155,608,0,0,200,1642,5,8,200,1650,California
Sutter,2021-01-07,253,1911,153,1203,100,708,0,0,243,1876,9,17,243,1893,California
Sutter,2021-01-08,150,2061,40,1243,110,818,0,0,133,1992,17,34,133,2026,California
Sutter,2021-01-09,46,2107,43,1286,3,821,0,0,5,1956,41,75,5,2031,California
Sutter,2021-01-10,394,2501,37,1323,357,1178,0,0,356,2275,37,112,356,2387,California
Sutter,2021-01-11,132,2633,115,1438,17,1195,0,0,25,2193,107,219,25,2412,California
Sutter,2021-01-12,202,2835,165,1603,37,1232,0,0,58,2107,144,363,58,2470,California
Sutter,2021-01-13,162,2997,99,1702,63,1295,0,0,72,2090,89,452,72,2542,California
Sutter,2021-01-14,147,3144,51,1753,96,1391,0,0,127,2197,20,472,127,2669,California
Sutter,2021-01-15,436,3580,131,1884,305,1696,0,0,422,2605,14,486,422,3091,California
Sutter,2021-01-16,384,3964,41,1925,343,2039,0,0,353,2928,30,516,353,3444,California
Sutter,2021-01-17,26,3990,24,1949,2,2041,0,0,10,2922,16,532,10,3454,California
Sutter,2021-01-18,118,4108,63,2012,55,2096,0,0,70,2944,48,580,70,3524,California
Sutter,2021-01-19,107,4215,42,2054,65,2161,0,0,83,3003,24,604,83,3607,California
Sutter,2021-01-20,271,4486,207,2261,64,2225,0,0,251,3234,20,624,251,3858,California
Sutter,2021-01-21,490,4976,319,2580,171,2396,0,0,472,3688,18,642,472,4330,California
Sutter,2021-01-22,241,5217,53,2633,188,2584,0,0,231,3910,9,651,231,4561,California
Sutter,2021-01-23,397,5614,39,2672,358,2942,0,0,371,4255,26,677,371,4932,California
Sutter,2021-01-24,16,5630,14,2686,2,2944,0,0,14,4267,2,679,14,4946,California
Sutter,2021-01-25,306,5936,196,2882,110,3054,0,0,149,4261,156,835,150,5096,California
Sutter,2021-01-26,248,6184,108,2990,140,3194,0,0,144,4302,103,938,144,5240,California
Sutter,2021-01-27,388,6572,256,3246,132,3326,0,0,321,4556,67,1005,321,5561,California
Sutter,2021-01-28,582,7154,358,3604,224,3550,0,0,409,4794,171,1176,409,5970,California
Sutter,2021-01-29,364,7518,88,3692,276,3826,0,0,242,4914,122,1298,242,6212,California
Sutter,2021-01-30,777,8295,38,3730,739,4565,0,0,766,5669,11,1309,766,6978,California
Sutter,2021-01-31,28,8323,27,3757,1,4566,0,0,28,5697,0,1309,28,7006,California
Sutter,2021-02-01,170,8493,53,3810,117,4683,0,0,137,5802,32,1341,137,7143,California
Sutter,2021-02-02,247,8740,27,3837,220,4903,0,0,213,5981,34,1375,213,7356,California
Sutter,2021-02-03,447,9187,40,3877,407,5310,0,0,211,5957,235,1610,211,7567,California
Sutter,2021-02-04,670,9857,366,4243,304,5614,0,0,620,6528,49,1659,620,8187,California
Sutter,2021-02-05,288,10145,32,4275,256,5870,0,0,135,6510,153,1812,135,8322,California
Sutter,2021-02-06,731,10876,28,4303,703,6573,0,0,709,7197,22,1834,709,9031,California
Sutter,2021-02-07,24,10900,20,4323,4,6577,0,0,20,7213,4,1838,20,9051,California
Sutter,2021-02-08,136,11036,31,4354,105,6682,0,0,98,7273,38,1876,98,9149,California
Sutter,2021-02-09,248,11284,45,4399,203,6885,0,0,187,7399,61,1937,187,9336,California
Sutter,2021-02-10,820,12104,382,4781,438,7323,0,0,178,6936,641,2578,178,9514,California
Sutter,2021-02-11,607,12711,274,5055,333,7656,0,0,347,7023,260,2838,347,9861,California
Sutter,2021-02-12,636,13347,68,5123,568,8224,0,0,311,7010,324,3162,311,10172,California
Sutter,2021-02-13,904,14251,48,5171,856,9080,0,0,788,7682,116,3278,788,10960,California
Sutter,2021-02-14,90,14341,25,5196,65,9145,0,0,79,7750,11,3289,79,11039,California
Sutter,2021-02-15,202,14543,72,5268,130,9275,0,0,123,7794,79,3368,123,11162,California
Sutter,2021-02-16,289,14832,44,5312,245,9520,0,0,204,7914,84,3452,204,11366,California
Sutter,2021-02-17,830,15662,431,5743,399,9919,0,0,134,7353,695,4147,134,11500,California
Sutter,2021-02-18,709,16371,57,5800,652,10571,0,0,493,7631,215,4362,493,11993,California
Sutter,2021-02-19,665,17036,377,6177,288,10859,0,0,461,7890,202,4564,461,12454,California
Sutter,2021-02-20,623,17659,56,6233,567,11426,0,0,517,8302,105,4669,517,12971,California
Sutter,2021-02-21,28,17687,27,6260,1,11427,0,0,7,8288,21,4690,7,12978,California
Sutter,2021-02-22,208,17895,123,6383,85,11512,0,0,85,8250,123,4813,85,13063,California
Sutter,2021-02-23,224,18119,34,6417,190,11702,0,0,97,8221,126,4939,97,13160,California
Sutter,2021-02-24,970,19089,350,6767,620,12322,0,0,194,7640,775,5714,194,13354,California
Sutter,2021-02-25,785,19874,497,7264,288,12610,0,0,604,8067,177,5891,604,13958,California
Sutter,2021-02-26,379,20253,61,7325,318,12928,0,0,158,8006,219,6110,158,14116,California
Sutter,2021-02-27,865,21118,46,7371,819,13747,0,0,711,8561,156,6266,711,14827,California
Sutter,2021-02-28,89,21207,43,7414,46,13793,0,0,68,8609,20,6286,68,14895,California
Sutter,2021-03-01,251,21458,63,7477,188,13981,0,0,153,8664,98,6384,153,15048,California
Sutter,2021-03-02,339,21797,59,7536,280,14261,0,0,162,8651,175,6559,162,15210,California
Sutter,2021-03-03,1401,23198,530,8066,871,15132,0,0,661,8578,734,7293,661,15871,California
Sutter,2021-03-04,1252,24450,863,8929,389,15521,0,0,945,9221,302,7595,945,16816,California
Sutter,2021-03-05,340,24790,80,9009,259,15780,1,1,207,9296,133,7728,208,17024,California
Sutter,2021-03-06,1025,25815,46,9055,974,16754,5,6,856,9990,167,7895,861,17885,California
Sutter,2021-03-07,66,25881,23,9078,42,16796,1,7,46,10017,20,7915,47,17932,California
Sutter,2021-03-08,228,26109,80,9158,136,16932,12,19,159,10119,69,7984,171,18103,California
Sutter,2021-03-09,389,26498,137,9295,240,17172,12,31,185,10112,204,8188,197,18300,California
Sutter,2021-03-10,1569,28067,681,9976,827,17999,61,92,522,9653,1042,9230,583,18883,California
Sutter,2021-03-11,891,28958,438,10414,434,18433,19,111,644,10072,244,9474,663,19546,California
Sutter,2021-03-12,678,29636,111,10525,387,18820,180,291,201,9977,474,9948,379,19925,California
Sutter,2021-03-13,989,30625,751,11276,220,19040,18,309,781,10569,206,10154,798,20723,California
Sutter,2021-03-14,131,30756,22,11298,98,19138,11,320,45,10539,86,10240,56,20779,California
Sutter,2021-03-15,322,31078,67,11365,206,19344,49,369,150,10568,170,10410,199,20978,California
Sutter,2021-03-16,391,31469,86,11451,258,19602,47,416,212,10647,179,10589,258,21236,California
Sutter,2021-03-17,1499,32968,562,12013,915,20517,22,438,308,9795,1181,11770,329,21565,California
Sutter,2021-03-18,974,33942,181,12194,589,21106,204,642,565,10158,404,12174,767,22332,California
Sutter,2021-03-19,463,34405,166,12360,268,21374,29,671,282,10290,179,12353,311,22643,California
Sutter,2021-03-20,951,35356,118,12478,822,22196,11,682,860,11071,90,12443,871,23514,California
Sutter,2021-03-21,68,35424,47,12525,18,22214,3,685,33,11072,35,12478,36,23550,California
Sutter,2021-03-22,288,35712,120,12645,142,22356,26,711,212,11235,75,12553,238,23788,California
Sutter,2021-03-23,378,36090,114,12759,231,22587,33,744,254,11398,123,12676,286,24074,California
Sutter,2021-03-24,1689,37779,774,13533,845,23432,70,814,314,10423,1359,14035,384,24458,California
Sutter,2021-03-25,1042,38821,679,14212,320,23752,43,857,368,10163,671,14706,411,24869,California
Sutter,2021-03-26,497,39318,175,14387,305,24057,17,874,295,10278,197,14903,312,25181,California
Sutter,2021-03-27,927,40245,62,14449,863,24920,2,876,813,10984,109,15012,815,25996,California
Sutter,2021-03-28,125,40370,72,14521,53,24973,0,876,77,11015,46,15058,77,26073,California
Sutter,2021-03-29,428,40798,144,14665,228,25201,56,932,224,11093,202,15260,280,26353,California
Sutter,2021-03-30,480,41278,161,14826,309,25510,10,942,317,11257,163,15423,327,26680,California
Sutter,2021-03-31,1258,42536,177,15003,1065,26575,16,958,443,10913,802,16225,458,27138,California
Sutter,2021-04-01,1387,43923,742,15745,460,27035,185,1143,430,10581,946,17171,614,27752,California
Sutter,2021-04-02,516,44439,101,15846,297,27332,118,1261,204,10589,310,17481,318,28070,California
Sutter,2021-04-03,908,45347,77,15923,209,27541,622,1883,122,10550,782,18263,743,28813,California
Sutter,2021-04-04,118,45465,22,15945,90,27631,6,1889,54,10546,64,18327,60,28873,California
Sutter,2021-04-05,370,45835,145,16090,188,27819,37,1926,177,10570,190,18517,214,29087,California
Sutter,2021-04-06,510,46345,198,16288,256,28075,56,1982,273,10664,235,18752,329,29416,California
Sutter,2021-04-07,1482,47827,887,17175,521,28596,74,2056,610,10486,862,19614,684,30100,California
Sutter,2021-04-08,1060,48887,583,17758,362,28958,115,2171,581,10706,473,20087,693,30793,California
Sutter,2021-04-09,569,49456,249,18007,255,29213,65,2236,237,10680,328,20415,302,31095,California
Sutter,2021-04-10,829,50285,111,18118,88,29301,630,2866,110,10697,714,21129,731,31826,California
Sutter,2021-04-11,120,50405,33,18151,40,29341,47,2913,38,10699,82,21211,84,31910,California
Sutter,2021-04-12,343,50748,93,18244,196,29537,54,2967,139,10690,202,21413,193,32103,California
Sutter,2021-04-13,432,51180,126,18370,306,29843,0,2967,215,10690,215,21628,215,32318,California
Sutter,2021-04-14,1330,52510,163,18533,1166,31009,1,2968,226,9821,1096,22724,227,32545,California
Sutter,2021-04-15,542,53052,173,18706,369,31378,0,2968,219,9721,319,23043,219,32764,California
Sutter,2021-04-16,408,53460,129,18835,279,31657,0,2968,189,9693,217,23260,189,32953,California
Sutter,2021-04-17,581,54041,82,18917,499,32156,0,2968,510,10133,70,23330,510,33463,California
Sutter,2021-04-18,93,54134,34,18951,59,32215,0,2968,59,10160,32,23362,59,33522,California
Sutter,2021-04-19,294,54428,113,19064,181,32396,0,2968,123,10114,169,23531,123,33645,California
Sutter,2021-04-20,465,54893,182,19246,283,32679,0,2968,224,10099,239,23770,224,33869,California
Sutter,2021-04-21,1314,56207,503,19749,811,33490,0,2968,514,9826,787,24557,514,34383,California
Sutter,2021-04-22,527,56734,194,19943,333,33823,0,2968,258,9818,266,24823,258,34641,California
Sutter,2021-04-23,439,57173,154,20097,285,34108,0,2968,200,9783,235,25058,200,34841,California
Sutter,2021-04-24,326,57499,107,20204,218,34326,1,2969,185,9828,140,25198,185,35026,California
Sutter,2021-04-25,158,57657,75,20279,83,34409,0,2969,86,9844,70,25268,86,35112,California
Sutter,2021-04-26,322,57979,106,20385,214,34623,2,2971,137,9800,183,25451,139,35251,California
Sutter,2021-04-27,560,58539,286,20671,270,34893,4,2975,256,9761,299,25750,260,35511,California
Sutter,2021-04-28,860,59399,386,21057,466,35359,8,2983,283,9482,570,26320,291,35802,California
Sutter,2021-04-29,805,60204,165,21222,639,35998,1,2984,324,9331,476,26796,325,36127,California
Sutter,2021-04-30,394,60598,143,21365,238,36236,13,2997,173,9298,218,27014,185,36312,California
Sutter,2021-05-01,300,60898,108,21473,151,36387,41,3038,129,9300,168,27182,170,36482,California
Sutter,2021-05-02,81,60979,54,21527,25,36412,2,3040,45,9311,36,27218,47,36529,California
Sutter,2021-05-03,218,61197,110,21637,99,36511,9,3049,89,9280,129,27347,98,36627,California
Sutter,2021-05-04,556,61753,253,21890,239,36750,64,3113,227,9244,326,27673,290,36917,California
Sutter,2021-05-05,566,62319,175,22065,383,37133,8,3121,164,9020,396,28069,172,37089,California
Sutter,2021-05-06,436,62755,234,22299,181,37314,21,3142,196,8997,239,28308,216,37305,California
Sutter,2021-05-07,426,63181,160,22459,244,37558,22,3164,164,8924,259,28567,186,37491,California
Sutter,2021-05-08,240,63421,94,22553,140,37698,6,3170,115,8920,125,28692,121,37612,California
Sutter,2021-05-09,107,63528,79,22632,23,37721,5,3175,62,8942,45,28737,67,37679,California
Sutter,2021-05-10,192,63720,44,22676,130,37851,18,3193,50,8870,140,28877,68,37747,California
Sutter,2021-05-11,472,64192,238,22914,213,38064,21,3214,191,8804,276,29153,210,37957,California
Sutter,2021-05-12,463,64655,261,23175,191,38255,11,3225,155,8666,304,29457,166,38123,California
Sutter,2021-05-13,489,65144,261,23436,206,38461,22,3247,189,8578,299,29756,211,38334,California
Sutter,2021-05-14,440,65584,188,23624,236,38697,16,3263,202,8563,233,29989,218,38552,California
Sutter,2021-05-15,851,66435,316,23940,504,39201,31,3294,311,8366,539,30528,342,38894,California
Sutter,2021-05-16,175,66610,118,24058,49,39250,8,3302,96,8392,78,30606,104,38998,California
Sutter,2021-05-17,288,66898,114,24172,160,39410,14,3316,147,8414,139,30745,161,39159,California
Sutter,2021-05-18,552,67450,312,24484,236,39646,4,3320,298,8465,251,30996,302,39461,California
Sutter,2021-05-19,462,67912,264,24748,191,39837,7,3327,222,8457,237,31233,229,39690,California
Sutter,2021-05-20,458,68370,238,24986,208,40045,12,3339,214,8443,240,31473,226,39916,California
Sutter,2021-05-21,487,68857,220,25206,255,40300,12,3351,210,8390,274,31747,221,40137,California
Sutter,2021-05-22,368,69225,204,25410,161,40461,3,3354,182,8393,181,31928,184,40321,California
Sutter,2021-05-23,191,69416,95,25505,87,40548,9,3363,92,8401,93,32021,101,40422,California
Sutter,2021-05-24,242,69658,91,25596,128,40676,23,3386,98,8381,141,32162,121,40543,California
Sutter,2021-05-25,399,70057,194,25790,192,40868,13,3399,163,8327,229,32391,175,40718,California
Sutter,2021-05-26,322,70379,158,25948,155,41023,9,3408,112,8243,205,32596,121,40839,California
Sutter,2021-05-27,434,70813,117,26065,298,41321,19,3427,122,8076,308,32904,141,40980,California
Sutter,2021-05-28,339,71152,163,26228,159,41480,17,3444,168,8095,166,33070,185,41165,California
Sutter,2021-05-29,253,71405,119,26347,119,41599,15,3459,131,8123,118,33188,146,41311,California
Sutter,2021-05-30,84,71489,61,26408,20,41619,3,3462,39,8121,44,33232,42,41353,California
Sutter,2021-05-31,19,71508,3,26411,13,41632,3,3465,6,8117,13,33245,9,41362,California
Sutter,2021-06-01,311,71819,133,26544,170,41802,8,3473,117,8049,193,33438,125,41487,California
Sutter,2021-06-02,280,72099,119,26663,155,41957,6,3479,97,7975,177,33615,103,41590,California
Sutter,2021-06-03,341,72440,222,26885,109,42066,10,3489,114,7878,221,33836,124,41714,California
Sutter,2021-06-04,341,72781,197,27082,137,42203,7,3496,118,7784,219,34055,125,41839,California
Sutter,2021-06-05,438,73219,368,27450,66,42269,4,3500,151,7657,282,34337,155,41994,California
Sutter,2021-06-06,140,73359,121,27571,16,42285,3,3503,46,7614,92,34429,49,42043,California
Sutter,2021-06-07,163,73522,105,27676,49,42334,9,3512,56,7573,106,34535,65,42108,California
Sutter,2021-06-08,364,73886,203,27879,149,42483,12,3524,156,7535,206,34741,168,42276,California
Sutter,2021-06-09,367,74253,234,28113,128,42611,5,3529,128,7431,237,34978,133,42409,California
Sutter,2021-06-10,383,74636,276,28389,97,42708,10,3539,150,7361,230,35208,160,42569,California
Sutter,2021-06-11,336,74972,214,28603,116,42824,6,3545,116,7266,216,35424,121,42690,California
Sutter,2021-06-12,243,75215,170,28773,58,42882,15,3560,69,7176,174,35598,84,42774,California
Sutter,2021-06-13,83,75298,65,28838,17,42899,1,3561,22,7139,60,35658,23,42797,California
Sutter,2021-06-14,190,75488,111,28949,68,42967,11,3572,74,7110,114,35772,85,42882,California
Sutter,2021-06-15,281,75769,151,29100,117,43084,13,3585,101,7046,178,35950,114,42996,California
Sutter,2021-06-16,221,75990,142,29242,70,43154,9,3594,106,7046,115,36065,115,43111,California
Sutter,2021-06-17,281,76271,171,29413,104,43258,6,3600,121,7015,158,36223,127,43238,California
Sutter,2021-06-18,264,76535,169,29582,80,43338,15,3615,93,6956,167,36390,108,43346,California
Sutter,2021-06-19,209,76744,140,29722,65,43403,4,3619,60,6873,147,36537,64,43410,California
Sutter,2021-06-20,70,76814,49,29771,19,43422,2,3621,31,6867,39,36576,33,43443,California
Sutter,2021-06-21,113,76927,54,29825,47,43469,12,3633,51,6870,60,36636,63,43506,California
Sutter,2021-06-22,221,77148,128,29953,90,43559,3,3636,86,6826,133,36769,89,43595,California
Sutter,2021-06-23,177,77325,108,30061,68,43627,1,3637,77,6804,100,36869,78,43673,California
Sutter,2021-06-24,222,77547,149,30210,64,43691,9,3646,92,6775,130,36999,101,43774,California
Sutter,2021-06-25,219,77766,142,30352,71,43762,6,3652,85,6736,130,37129,91,43865,California
Sutter,2021-06-26,127,77893,98,30450,25,43787,4,3656,35,6684,91,37220,39,43904,California
Tehama,2020-12-15,1,1,1,1,0,0,0,0,1,1,0,0,1,1,California
Tehama,2020-12-16,2,3,2,3,0,0,0,0,2,3,0,0,2,3,California
Tehama,2020-12-17,12,15,12,15,0,0,0,0,12,15,0,0,12,15,California
Tehama,2020-12-18,2,17,2,17,0,0,0,0,3,18,0,0,3,18,California
Tehama,2020-12-21,33,50,33,50,0,0,0,0,33,51,0,0,33,51,California
Tehama,2020-12-22,69,119,63,113,6,6,0,0,69,120,0,0,69,120,California
Tehama,2020-12-23,48,167,40,153,8,14,0,0,48,168,0,0,48,168,California
Tehama,2020-12-24,5,172,3,156,2,16,0,0,5,173,0,0,5,173,California
Tehama,2020-12-26,3,175,2,158,1,17,0,0,3,176,0,0,3,176,California
Tehama,2020-12-27,2,177,2,160,0,17,0,0,2,178,0,0,2,178,California
Tehama,2020-12-28,56,233,43,203,13,30,0,0,56,234,0,0,56,234,California
Tehama,2020-12-29,31,264,31,234,0,30,0,0,31,265,0,0,31,265,California
Tehama,2020-12-30,54,318,38,272,16,46,0,0,53,318,0,0,53,318,California
Tehama,2020-12-31,14,332,4,276,10,56,0,0,14,332,0,0,14,332,California
Tehama,2021-01-01,2,334,0,276,2,58,0,0,2,334,0,0,2,334,California
Tehama,2021-01-04,32,366,9,285,23,81,0,0,32,366,0,0,32,366,California
Tehama,2021-01-05,70,436,43,328,27,108,0,0,67,430,3,3,67,433,California
Tehama,2021-01-06,71,507,21,349,50,158,0,0,62,484,8,11,62,495,California
Tehama,2021-01-07,57,564,7,356,50,208,0,0,56,539,1,12,56,551,California
Tehama,2021-01-08,34,598,25,381,9,217,0,0,29,563,5,17,29,580,California
Tehama,2021-01-09,7,605,5,386,2,219,0,0,5,566,2,19,5,585,California
Tehama,2021-01-10,1,606,0,386,1,220,0,0,1,567,0,19,1,586,California
Tehama,2021-01-11,48,654,46,432,2,222,0,0,15,549,33,52,15,601,California
Tehama,2021-01-12,132,786,112,544,20,242,0,0,86,589,46,98,86,687,California
Tehama,2021-01-13,72,858,55,599,17,259,0,0,26,569,46,144,26,713,California
Tehama,2021-01-14,223,1081,50,649,173,432,0,0,221,788,2,146,221,934,California
Tehama,2021-01-15,250,1331,75,724,175,607,0,0,246,1030,4,150,246,1180,California
Tehama,2021-01-16,263,1594,19,743,244,851,0,0,260,1287,3,153,260,1440,California
Tehama,2021-01-17,6,1600,2,745,4,855,0,0,4,1289,2,155,4,1444,California
Tehama,2021-01-18,10,1610,6,751,4,859,0,0,5,1289,5,160,5,1449,California
Tehama,2021-01-19,292,1902,65,816,227,1086,0,0,237,1471,55,215,237,1686,California
Tehama,2021-01-20,302,2204,87,903,215,1301,0,0,252,1674,49,264,252,1938,California
Tehama,2021-01-21,214,2418,11,914,203,1504,0,0,204,1868,10,274,204,2142,California
Tehama,2021-01-22,223,2641,21,935,202,1706,0,0,220,2085,3,277,220,2362,California
Tehama,2021-01-23,257,2898,7,942,250,1956,0,0,256,2340,1,278,256,2618,California
Tehama,2021-01-24,1,2899,1,943,0,1956,0,0,1,2341,0,278,1,2619,California
Tehama,2021-01-25,33,2932,15,958,18,1974,0,0,15,2338,18,296,15,2634,California
Tehama,2021-01-26,323,3255,42,1000,281,2255,0,0,286,2587,37,333,286,2920,California
Tehama,2021-01-27,301,3556,21,1021,280,2535,0,0,281,2848,20,353,281,3201,California
Tehama,2021-01-28,343,3899,31,1052,312,2847,0,0,328,3161,15,368,328,3529,California
Tehama,2021-01-29,323,4222,20,1072,303,3150,0,0,305,3448,18,386,305,3834,California
Tehama,2021-01-30,102,4324,2,1074,100,3250,0,0,101,3548,1,387,101,3935,California
Tehama,2021-01-31,1,4325,0,1074,1,3251,0,0,1,3549,0,387,1,3936,California
Tehama,2021-02-01,78,4403,22,1096,56,3307,0,0,36,3543,42,429,36,3972,California
Tehama,2021-02-02,358,4761,64,1160,294,3601,0,0,260,3705,98,527,260,4232,California
Tehama,2021-02-03,400,5161,12,1172,388,3989,0,0,356,4017,44,571,356,4588,California
Tehama,2021-02-04,498,5659,99,1271,399,4388,0,0,417,4354,81,652,418,5006,California
Tehama,2021-02-05,181,5840,73,1344,108,4496,0,0,119,4411,62,714,119,5125,California
Tehama,2021-02-06,28,5868,14,1358,14,4510,0,0,16,4415,12,726,16,5141,California
Tehama,2021-02-07,5,5873,4,1362,1,4511,0,0,2,4414,3,729,2,5143,California
Tehama,2021-02-08,35,5908,13,1375,22,4533,0,0,26,4431,9,738,26,5169,California
Tehama,2021-02-09,78,5986,34,1409,44,4577,0,0,44,4441,34,772,44,5213,California
Tehama,2021-02-10,233,6219,63,1472,170,4747,0,0,158,4524,75,847,158,5371,California
Tehama,2021-02-11,220,6439,15,1487,205,4952,0,0,82,4470,136,983,82,5453,California
Tehama,2021-02-12,364,6803,66,1553,298,5250,0,0,172,4450,192,1175,172,5625,California
Tehama,2021-02-13,384,7187,14,1567,370,5620,0,0,145,4356,239,1414,145,5770,California
Tehama,2021-02-14,38,7225,2,1569,36,5656,0,0,36,4390,2,1416,36,5806,California
Tehama,2021-02-15,53,7278,10,1579,43,5699,0,0,47,4431,6,1422,47,5853,California
Tehama,2021-02-16,245,7523,16,1595,229,5928,0,0,62,4310,183,1605,62,5915,California
Tehama,2021-02-17,281,7804,12,1607,269,6197,0,0,53,4135,228,1833,53,5968,California
Tehama,2021-02-18,371,8175,32,1639,339,6536,0,0,145,4054,226,2059,145,6113,California
Tehama,2021-02-19,214,8389,18,1657,196,6732,0,0,43,3926,171,2230,43,6156,California
Tehama,2021-02-20,271,8660,7,1664,264,6996,0,0,27,3709,244,2474,27,6183,California
Tehama,2021-02-21,1,8661,1,1665,0,6996,0,0,1,3710,0,2474,1,6184,California
Tehama,2021-02-22,40,8701,16,1681,24,7020,0,0,27,3724,13,2487,27,6211,California
Tehama,2021-02-23,47,8748,20,1701,27,7047,0,0,26,3729,21,2508,26,6237,California
Tehama,2021-02-24,303,9051,13,1714,290,7337,0,0,29,3484,274,2782,29,6266,California
Tehama,2021-02-25,380,9431,60,1774,320,7657,0,0,40,3184,340,3122,40,6306,California
Tehama,2021-02-26,461,9892,19,1793,442,8099,0,0,71,2865,390,3512,71,6377,California
Tehama,2021-02-27,294,10186,5,1798,289,8388,0,0,34,2639,260,3772,34,6411,California
Tehama,2021-02-28,23,10209,2,1800,21,8409,0,0,20,2656,3,3775,20,6431,California
Tehama,2021-03-01,67,10276,8,1808,59,8468,0,0,33,2655,34,3809,33,6464,California
Tehama,2021-03-02,151,10427,18,1826,133,8601,0,0,30,2564,121,3930,30,6494,California
Tehama,2021-03-03,166,10593,32,1858,134,8735,0,0,50,2498,116,4046,50,6544,California
Tehama,2021-03-04,656,11249,36,1894,620,9355,0,0,224,2297,425,4471,224,6768,California
Tehama,2021-03-05,404,11653,20,1914,384,9739,0,0,215,2324,188,4659,215,6983,California
Tehama,2021-03-06,303,11956,15,1929,288,10027,0,0,80,2183,222,4881,81,7064,California
Tehama,2021-03-07,5,11961,1,1930,4,10031,0,0,3,2185,1,4882,3,7067,California
Tehama,2021-03-08,57,12018,12,1942,30,10061,15,15,26,2196,30,4912,41,7108,California
Tehama,2021-03-09,367,12385,8,1950,340,10401,19,34,312,2472,55,4967,331,7439,California
Tehama,2021-03-10,355,12740,17,1967,317,10718,21,55,73,2285,281,5248,94,7533,California
Tehama,2021-03-11,493,13233,18,1985,426,11144,49,104,345,2531,148,5396,394,7927,California
Tehama,2021-03-12,306,13539,20,2005,221,11365,65,169,178,2647,127,5523,243,8170,California
Tehama,2021-03-13,48,13587,8,2013,34,11399,6,175,6,2617,42,5565,12,8182,California
Tehama,2021-03-14,53,13640,3,2016,40,11439,10,185,9,2592,44,5609,19,8201,California
Tehama,2021-03-15,154,13794,22,2038,112,11551,20,205,84,2626,70,5679,104,8305,California
Tehama,2021-03-16,418,14212,14,2052,366,11917,38,243,315,2877,102,5781,353,8658,California
Tehama,2021-03-17,434,14646,22,2074,380,12297,32,275,351,3179,81,5862,383,9041,California
Tehama,2021-03-18,486,15132,26,2100,436,12733,24,299,308,3335,176,6038,332,9373,California
Tehama,2021-03-19,318,15450,22,2122,283,13016,13,312,276,3582,42,6080,289,9662,California
Tehama,2021-03-20,41,15491,8,2130,31,13047,2,314,29,3601,12,6092,31,9693,California
Tehama,2021-03-21,12,15503,5,2135,7,13054,0,314,12,3613,0,6092,12,9705,California
Tehama,2021-03-22,92,15595,8,2143,67,13121,17,331,51,3640,41,6133,68,9773,California
Tehama,2021-03-23,88,15683,28,2171,54,13175,6,337,70,3698,18,6151,76,9849,California
Tehama,2021-03-24,86,15769,16,2187,68,13243,2,339,55,3724,31,6182,57,9906,California
Tehama,2021-03-25,526,16295,356,2543,157,13400,13,352,473,4158,52,6234,486,10392,California
Tehama,2021-03-26,515,16810,404,2947,99,13499,12,364,435,4528,77,6311,447,10839,California
Tehama,2021-03-27,458,17268,362,3309,71,13570,25,389,389,4874,68,6379,414,11253,California
Tehama,2021-03-28,31,17299,10,3319,21,13591,0,389,19,4881,12,6391,19,11272,California
Tehama,2021-03-29,124,17423,31,3350,92,13683,1,390,78,4913,46,6437,78,11350,California
Tehama,2021-03-30,371,17794,221,3571,148,13831,2,392,252,5048,119,6556,254,11604,California
Tehama,2021-03-31,400,18194,298,3869,99,13930,3,395,327,5305,72,6628,329,11933,California
Tehama,2021-04-01,527,18721,247,4116,274,14204,6,401,394,5573,132,6760,400,12333,California
Tehama,2021-04-02,458,19179,215,4331,237,14441,6,407,272,5664,186,6946,277,12610,California
Tehama,2021-04-03,62,19241,4,4335,53,14494,5,412,31,5669,31,6977,36,12646,California
Tehama,2021-04-04,35,19276,7,4342,27,14521,1,413,23,5681,12,6989,24,12670,California
Tehama,2021-04-05,117,19393,21,4363,69,14590,27,440,61,5713,56,7045,88,12758,California
Tehama,2021-04-06,492,19885,109,4472,332,14922,51,491,137,5546,355,7400,188,12946,California
Tehama,2021-04-07,416,20301,283,4755,90,15012,43,534,303,5779,112,7512,345,13291,California
Tehama,2021-04-08,606,20907,175,4930,391,15403,40,574,230,5674,375,7887,270,13561,California
Tehama,2021-04-09,430,21337,193,5123,204,15607,33,607,215,5708,214,8101,248,13809,California
Tehama,2021-04-10,79,21416,9,5132,38,15645,32,639,40,5741,39,8140,72,13881,California
Tehama,2021-04-11,33,21449,7,5139,15,15660,11,650,8,5735,25,8165,19,13900,California
Tehama,2021-04-12,112,21561,6,5145,87,15747,19,669,40,5722,72,8237,59,13959,California
Tehama,2021-04-13,390,21951,66,5211,324,16071,0,669,67,5466,323,8560,67,14026,California
Tehama,2021-04-14,407,22358,53,5264,354,16425,0,669,50,5161,355,8915,50,14076,California
Tehama,2021-04-15,516,22874,193,5457,323,16748,0,669,80,4806,435,9350,80,14156,California
Tehama,2021-04-16,599,23473,343,5800,256,17004,0,669,76,4359,523,9873,76,14232,California
Tehama,2021-04-17,349,23822,269,6069,80,17084,0,669,41,4094,307,10180,42,14274,California
Tehama,2021-04-18,17,23839,3,6072,14,17098,0,669,14,4105,3,10183,14,14288,California
Tehama,2021-04-19,96,23935,7,6079,89,17187,0,669,41,4091,55,10238,41,14329,California
Tehama,2021-04-20,528,24463,435,6514,93,17280,0,669,153,3874,372,10610,155,14484,California
Tehama,2021-04-21,513,24976,434,6948,79,17359,0,669,171,3705,340,10950,171,14655,California
Tehama,2021-04-22,526,25502,366,7314,160,17519,0,669,157,3496,366,11316,157,14812,California
Tehama,2021-04-23,451,25953,350,7664,101,17620,0,669,202,3451,248,11564,203,15015,California
Tehama,2021-04-24,104,26057,18,7682,86,17706,0,669,27,3401,77,11641,27,15042,California
Tehama,2021-04-25,29,26086,18,7700,11,17717,0,669,9,3391,19,11660,9,15051,California
Tehama,2021-04-26,86,26172,12,7712,74,17791,0,669,47,3399,39,11699,47,15098,California
Tehama,2021-04-27,256,26428,208,7920,47,17838,1,670,95,3334,161,11860,96,15194,California
Tehama,2021-04-28,404,26832,324,8244,63,17901,17,687,71,3089,333,12193,88,15282,California
Tehama,2021-04-29,358,27190,173,8417,179,18080,6,693,71,2880,286,12479,77,15359,California
Tehama,2021-04-30,326,27516,240,8657,80,18160,6,699,113,2786,213,12692,119,15478,California
Tehama,2021-05-01,74,27590,4,8661,67,18227,3,702,16,2747,58,12750,19,15497,California
Tehama,2021-05-02,46,27636,24,8685,10,18237,12,714,26,2765,20,12770,38,15535,California
Tehama,2021-05-03,117,27753,40,8725,69,18306,8,722,62,2780,55,12825,70,15605,California
Tehama,2021-05-04,163,27916,59,8784,97,18403,7,729,70,2764,93,12918,77,15682,California
Tehama,2021-05-05,93,28009,24,8808,59,18462,10,739,44,2769,49,12967,54,15736,California
Tehama,2021-05-06,166,28175,91,8899,60,18522,15,754,100,2818,66,13033,115,15851,California
Tehama,2021-05-07,174,28349,73,8972,90,18612,11,765,48,2753,124,13157,59,15910,California
Tehama,2021-05-08,50,28399,6,8978,43,18655,1,766,14,2732,36,13193,15,15925,California
Tehama,2021-05-09,16,28415,4,8982,12,18667,0,766,6,2728,10,13203,6,15931,California
Tehama,2021-05-10,78,28493,7,8989,65,18732,6,772,38,2732,39,13242,43,15974,California
Tehama,2021-05-11,174,28667,115,9104,49,18781,10,782,36,2640,138,13380,46,16020,California
Tehama,2021-05-12,212,28879,133,9237,68,18849,11,793,47,2533,165,13545,58,16078,California
Tehama,2021-05-13,246,29125,167,9404,71,18920,8,801,112,2520,133,13678,120,16198,California
Tehama,2021-05-14,246,29371,133,9537,92,19012,21,822,57,2410,188,13866,78,16276,California
Tehama,2021-05-15,224,29595,135,9672,54,19066,35,857,161,2544,62,13928,196,16472,California
Tehama,2021-05-16,27,29622,7,9679,17,19083,3,860,15,2550,12,13940,18,16490,California
Tehama,2021-05-17,111,29733,30,9709,66,19149,15,875,52,2559,58,13998,67,16557,California
Tehama,2021-05-18,149,29882,77,9786,57,19206,15,890,46,2519,101,14099,61,16618,California
Tehama,2021-05-19,125,30007,53,9839,62,19268,10,900,38,2480,87,14186,48,16666,California
Tehama,2021-05-20,325,30332,234,10073,68,19336,23,923,222,2623,102,14288,245,16911,California
Tehama,2021-05-21,220,30552,99,10172,108,19444,13,936,78,2574,140,14428,91,17002,California
Tehama,2021-05-22,64,30616,31,10203,29,19473,4,940,36,2586,28,14456,40,17042,California
Tehama,2021-05-23,48,30664,23,10226,14,19487,11,951,12,2573,36,14492,23,17065,California
Tehama,2021-05-24,99,30763,31,10257,60,19547,8,959,34,2550,65,14557,42,17107,California
Tehama,2021-05-25,76,30839,19,10276,49,19596,8,967,46,2574,29,14586,53,17160,California
Tehama,2021-05-26,78,30917,29,10305,46,19642,3,970,50,2600,27,14613,53,17213,California
Tehama,2021-05-27,151,31068,95,10400,52,19694,4,974,49,2553,100,14713,53,17266,California
Tehama,2021-05-28,133,31201,36,10436,90,19784,7,981,62,2552,70,14783,69,17335,California
Tehama,2021-05-29,52,31253,8,10444,39,19823,5,986,33,2571,19,14802,38,17373,California
Tehama,2021-05-30,11,31264,2,10446,8,19831,1,987,2,2565,9,14811,3,17376,California
Tehama,2021-05-31,17,31281,2,10448,14,19845,1,988,5,2559,12,14823,6,17382,California
Tehama,2021-06-01,95,31376,18,10466,60,19905,17,1005,31,2543,64,14887,48,17430,California
Tehama,2021-06-02,87,31463,30,10496,52,19957,5,1010,31,2523,56,14943,36,17466,California
Tehama,2021-06-03,134,31597,100,10596,23,19980,11,1021,28,2456,106,15049,39,17505,California
Tehama,2021-06-04,135,31732,35,10631,86,20066,14,1035,59,2452,75,15124,71,17576,California
Tehama,2021-06-05,157,31889,127,10758,22,20088,8,1043,31,2366,125,15249,39,17615,California
Tehama,2021-06-06,14,31903,7,10765,1,20089,6,1049,2,2362,11,15260,7,17622,California
Tehama,2021-06-07,66,31969,26,10791,38,20127,2,1051,16,2330,50,15310,18,17640,California
Tehama,2021-06-08,100,32069,33,10824,58,20185,9,1060,36,2311,64,15374,45,17685,California
Tehama,2021-06-09,85,32154,42,10866,41,20226,2,1062,43,2314,42,15416,45,17730,California
Tehama,2021-06-10,259,32413,209,11075,40,20266,10,1072,38,2142,220,15636,48,17778,California
Tehama,2021-06-11,141,32554,64,11139,68,20334,9,1081,51,2115,87,15723,60,17838,California
Tehama,2021-06-12,60,32614,37,11176,23,20357,0,1081,23,2101,37,15760,23,17861,California
Tehama,2021-06-13,22,32636,6,11182,10,20367,6,1087,5,2095,17,15777,11,17872,California
Tehama,2021-06-14,88,32724,14,11196,68,20435,6,1093,26,2065,62,15839,32,17904,California
Tehama,2021-06-15,89,32813,39,11235,39,20474,11,1104,33,2054,55,15894,44,17948,California
Tehama,2021-06-16,90,32903,60,11295,27,20501,3,1107,47,2061,43,15937,50,17998,California
Tehama,2021-06-17,148,33051,105,11400,28,20529,15,1122,84,2097,62,15999,98,18096,California
Tehama,2021-06-18,98,33149,39,11439,45,20574,14,1136,31,2075,67,16066,45,18141,California
Tehama,2021-06-19,38,33187,13,11452,20,20594,5,1141,17,2076,21,16087,22,18163,California
Tehama,2021-06-20,13,33200,3,11455,9,20603,1,1142,4,2072,9,16096,5,18168,California
Tehama,2021-06-21,55,33255,11,11466,37,20640,7,1149,18,2060,37,16133,25,18193,California
Tehama,2021-06-22,77,33332,23,11489,41,20681,13,1162,31,2059,45,16178,44,18237,California
Tehama,2021-06-23,90,33422,54,11543,32,20713,4,1166,45,2063,44,16222,48,18285,California
Tehama,2021-06-24,81,33503,41,11584,32,20745,8,1174,45,2080,36,16258,53,18338,California
Tehama,2021-06-25,104,33607,49,11633,48,20793,7,1181,47,2077,57,16315,54,18392,California
Tehama,2021-06-26,20,33627,9,11642,11,20804,0,1181,12,2081,8,16323,12,18404,California
Trinity,2020-12-17,4,4,4,4,0,0,0,0,4,4,0,0,4,4,California
Trinity,2020-12-18,2,6,2,6,0,0,0,0,2,6,0,0,2,6,California
Trinity,2020-12-21,38,44,38,44,0,0,0,0,38,44,0,0,38,44,California
Trinity,2020-12-22,4,48,4,48,0,0,0,0,4,48,0,0,4,48,California
Trinity,2020-12-23,6,54,5,53,1,1,0,0,6,54,0,0,6,54,California
Trinity,2020-12-28,31,85,31,84,0,1,0,0,31,85,0,0,31,85,California
Trinity,2020-12-29,8,93,7,91,1,2,0,0,8,93,0,0,8,93,California
Trinity,2020-12-30,10,103,8,99,2,4,0,0,10,103,0,0,10,103,California
Trinity,2020-12-31,2,105,1,100,1,5,0,0,2,105,0,0,2,105,California
Trinity,2021-01-04,28,133,0,100,28,33,0,0,27,132,0,0,27,132,California
Trinity,2021-01-05,3,136,1,101,2,35,0,0,3,135,0,0,3,135,California
Trinity,2021-01-06,24,160,4,105,20,55,0,0,20,151,4,4,20,155,California
Trinity,2021-01-08,49,209,2,107,47,102,0,0,48,197,2,6,48,203,California
Trinity,2021-01-11,41,250,38,145,3,105,0,0,4,164,37,43,4,207,California
Trinity,2021-01-12,9,259,6,151,3,108,0,0,4,163,5,48,4,211,California
Trinity,2021-01-13,7,266,4,155,3,111,0,0,4,164,3,51,4,215,California
Trinity,2021-01-14,4,270,1,156,3,114,0,0,4,168,0,51,4,219,California
Trinity,2021-01-15,4,274,0,156,4,118,0,0,4,172,0,51,4,223,California
Trinity,2021-01-16,4,278,0,156,4,122,0,0,4,176,0,51,4,227,California
Trinity,2021-01-18,31,309,31,187,0,122,0,0,0,145,31,82,0,227,California
Trinity,2021-01-19,35,344,14,201,21,143,0,0,21,152,14,96,21,248,California
Trinity,2021-01-20,20,364,3,204,17,160,0,0,17,166,3,99,17,265,California
Trinity,2021-01-21,17,381,7,211,10,170,0,0,17,183,0,99,17,282,California
Trinity,2021-01-22,5,386,1,212,4,174,0,0,5,188,0,99,5,287,California
Trinity,2021-01-23,7,393,3,215,4,178,0,0,7,195,0,99,7,294,California
Trinity,2021-01-25,14,407,1,216,13,191,0,0,13,207,1,100,13,307,California
Trinity,2021-01-26,10,417,1,217,9,200,0,0,9,215,1,101,9,316,California
Trinity,2021-01-27,12,429,0,217,12,212,0,0,12,227,0,101,12,328,California
Trinity,2021-01-28,13,442,3,220,10,222,0,0,10,234,3,104,10,338,California
Trinity,2021-01-29,2,444,0,220,2,224,0,0,1,234,1,105,1,339,California
Trinity,2021-01-30,12,456,11,231,1,225,0,0,12,246,0,105,12,351,California
Trinity,2021-02-01,2,458,1,232,1,226,0,0,1,246,1,106,1,352,California
Trinity,2021-02-02,15,473,3,235,12,238,0,0,14,259,1,107,14,366,California
Trinity,2021-02-03,7,480,1,236,6,244,0,0,4,260,3,110,4,370,California
Trinity,2021-02-04,42,522,32,268,10,254,0,0,35,288,7,117,35,405,California
Trinity,2021-02-05,354,876,0,268,354,608,0,0,323,580,31,148,323,728,California
Trinity,2021-02-06,210,1086,5,273,205,813,0,0,203,776,7,155,203,931,California
Trinity,2021-02-07,1,1087,0,273,1,814,0,0,1,777,0,155,1,932,California
Trinity,2021-02-08,27,1114,0,273,27,841,0,0,16,782,11,166,16,948,California
Trinity,2021-02-09,27,1141,2,275,25,866,0,0,11,777,16,182,11,959,California
Trinity,2021-02-10,122,1263,10,285,112,978,0,0,102,859,20,202,102,1061,California
Trinity,2021-02-11,339,1602,2,287,337,1315,0,0,332,1184,7,209,332,1393,California
Trinity,2021-02-12,18,1620,10,297,8,1323,0,0,14,1194,4,213,14,1407,California
Trinity,2021-02-13,13,1633,6,303,7,1330,0,0,6,1193,7,220,6,1413,California
Trinity,2021-02-14,2,1635,2,305,0,1330,0,0,2,1195,0,220,2,1415,California
Trinity,2021-02-15,47,1682,0,305,47,1377,0,0,47,1242,0,220,47,1462,California
Trinity,2021-02-16,4,1686,1,306,3,1380,0,0,2,1242,2,222,2,1464,California
Trinity,2021-02-17,94,1780,2,308,92,1472,0,0,84,1316,10,232,84,1548,California
Trinity,2021-02-18,4,1784,0,308,4,1476,0,0,1,1314,3,235,1,1549,California
Trinity,2021-02-19,307,2091,2,310,305,1781,0,0,293,1593,14,249,293,1842,California
Trinity,2021-02-20,142,2233,14,324,128,1909,0,0,114,1679,28,277,114,1956,California
Trinity,2021-02-21,1,2234,1,325,0,1909,0,0,1,1680,0,277,1,1957,California
Trinity,2021-02-22,8,2242,0,325,8,1917,0,0,5,1682,3,280,5,1962,California
Trinity,2021-02-23,10,2252,3,328,7,1924,0,0,5,1682,5,285,5,1967,California
Trinity,2021-02-24,30,2282,8,336,22,1946,0,0,7,1666,23,308,7,1974,California
Trinity,2021-02-25,36,2318,23,359,13,1959,0,0,5,1640,31,339,5,1979,California
Trinity,2021-02-26,11,2329,1,360,10,1969,0,0,5,1639,6,345,5,1984,California
Trinity,2021-02-27,10,2339,8,368,2,1971,0,0,4,1637,6,351,4,1988,California
Trinity,2021-03-01,10,2349,0,368,10,1981,0,0,5,1637,5,356,5,1993,California
Trinity,2021-03-02,9,2358,3,371,6,1987,0,0,2,1632,7,363,2,1995,California
Trinity,2021-03-03,4,2362,0,371,4,1991,0,0,3,1634,1,364,3,1998,California
Trinity,2021-03-04,24,2386,19,390,5,1996,0,0,10,1630,14,378,10,2008,California
Trinity,2021-03-05,388,2774,1,391,387,2383,0,0,120,1486,264,642,120,2128,California
Trinity,2021-03-06,202,2976,7,398,195,2578,0,0,26,1336,176,818,26,2154,California
Trinity,2021-03-07,4,2980,3,401,1,2579,0,0,3,1338,1,819,3,2157,California
Trinity,2021-03-08,5,2985,1,402,3,2582,1,1,2,1338,3,822,3,2160,California
Trinity,2021-03-09,94,3079,0,402,92,2674,2,3,88,1422,6,828,90,2250,California
Trinity,2021-03-10,126,3205,3,405,120,2794,3,6,38,1375,88,916,41,2291,California
Trinity,2021-03-11,16,3221,4,409,10,2804,2,8,5,1371,11,927,7,2298,California
Trinity,2021-03-12,398,3619,5,414,387,3191,6,14,96,1171,302,1229,102,2400,California
Trinity,2021-03-13,13,3632,8,422,3,3194,2,16,8,1176,5,1234,10,2410,California
Trinity,2021-03-14,4,3636,1,423,3,3197,0,16,3,1178,1,1235,3,2413,California
Trinity,2021-03-15,67,3703,0,423,66,3263,1,17,14,1140,53,1288,15,2428,California
Trinity,2021-03-16,116,3819,7,430,109,3372,0,17,103,1230,13,1301,103,2531,California
Trinity,2021-03-17,100,3919,3,433,97,3469,0,17,26,1182,74,1375,26,2557,California
Trinity,2021-03-18,10,3929,2,435,5,3474,3,20,5,1185,5,1380,8,2565,California
Trinity,2021-03-19,460,4389,4,439,346,3820,110,130,34,903,426,1806,144,2709,California
Trinity,2021-03-20,105,4494,7,446,98,3918,0,130,70,939,34,1840,70,2779,California
Trinity,2021-03-21,4,4498,0,446,3,3921,1,131,3,942,1,1841,4,2783,California
Trinity,2021-03-22,2,4500,0,446,2,3923,0,131,2,944,0,1841,2,2785,California
Trinity,2021-03-23,95,4595,2,448,93,4016,0,131,77,1003,18,1859,77,2862,California
Trinity,2021-03-24,12,4607,1,449,11,4027,0,131,9,1009,3,1862,9,2871,California
Trinity,2021-03-25,111,4718,8,457,97,4124,6,137,85,1074,26,1888,91,2962,California
Trinity,2021-03-26,84,4802,8,465,76,4200,0,137,77,1144,7,1895,77,3039,California
Trinity,2021-03-27,20,4822,4,469,7,4207,9,146,9,1151,11,1906,18,3057,California
Trinity,2021-03-28,5,4827,3,472,2,4209,0,146,1,1148,4,1910,1,3058,California
Trinity,2021-03-29,6,4833,1,473,5,4214,0,146,2,1146,4,1914,2,3060,California
Trinity,2021-03-30,77,4910,5,478,72,4286,0,146,67,1203,10,1924,67,3127,California
Trinity,2021-03-31,56,4966,5,483,19,4305,32,178,21,1220,35,1959,52,3179,California
Trinity,2021-04-01,40,5006,10,493,19,4324,11,189,21,1233,19,1978,32,3211,California
Trinity,2021-04-02,249,5255,5,498,170,4494,74,263,77,1213,171,2149,151,3362,California
Trinity,2021-04-03,17,5272,12,510,5,4499,0,263,7,1210,10,2159,7,3369,California
Trinity,2021-04-04,10,5282,8,518,2,4501,0,263,8,1216,2,2161,8,3377,California
Trinity,2021-04-05,58,5340,6,524,51,4552,1,264,54,1267,4,2165,55,3432,California
Trinity,2021-04-06,117,5457,15,539,99,4651,3,267,28,1209,89,2254,31,3463,California
Trinity,2021-04-07,27,5484,12,551,10,4661,5,272,19,1225,8,2262,24,3487,California
Trinity,2021-04-08,89,5573,10,561,77,4738,2,274,52,1242,37,2299,54,3541,California
Trinity,2021-04-09,169,5742,20,581,145,4883,4,278,91,1259,78,2377,95,3636,California
Trinity,2021-04-10,11,5753,7,588,4,4887,0,278,10,1268,1,2378,10,3646,California
Trinity,2021-04-11,10,5763,5,593,3,4890,2,280,4,1268,6,2384,6,3652,California
Trinity,2021-04-12,77,5840,5,598,71,4961,1,281,64,1320,12,2396,64,3716,California
Trinity,2021-04-13,104,5944,5,603,99,5060,0,281,11,1238,93,2489,11,3727,California
Trinity,2021-04-14,10,5954,5,608,5,5065,0,281,6,1240,4,2493,6,3733,California
Trinity,2021-04-15,46,6000,11,619,35,5100,0,281,16,1227,29,2522,16,3749,California
Trinity,2021-04-16,151,6151,13,632,138,5238,0,281,78,1233,72,2594,78,3827,California
Trinity,2021-04-17,11,6162,5,637,6,5244,0,281,9,1240,2,2596,9,3836,California
Trinity,2021-04-18,3,6165,1,638,2,5246,0,281,0,1237,3,2599,0,3836,California
Trinity,2021-04-19,67,6232,2,640,65,5311,0,281,66,1302,1,2600,66,3902,California
Trinity,2021-04-20,94,6326,8,648,86,5397,0,281,21,1250,73,2673,21,3923,California
Trinity,2021-04-21,22,6348,9,657,13,5410,0,281,9,1246,13,2686,9,3932,California
Trinity,2021-04-22,92,6440,5,662,87,5497,0,281,14,1182,78,2764,14,3946,California
Trinity,2021-04-23,179,6619,6,668,173,5670,0,281,111,1225,68,2832,111,4057,California
Trinity,2021-04-24,23,6642,12,680,11,5681,0,281,6,1214,17,2849,6,4063,California
Trinity,2021-04-25,10,6652,9,689,1,5682,0,281,3,1211,6,2855,3,4066,California
Trinity,2021-04-26,48,6700,9,698,39,5721,0,281,40,1243,8,2863,40,4106,California
Trinity,2021-04-27,88,6788,11,709,77,5798,0,281,23,1201,65,2928,23,4129,California
Trinity,2021-04-28,33,6821,11,720,22,5820,0,281,12,1192,21,2949,12,4141,California
Trinity,2021-04-29,34,6855,13,733,21,5841,0,281,12,1182,22,2971,12,4153,California
Trinity,2021-04-30,27,6882,21,754,6,5847,0,281,8,1172,18,2989,8,4161,California
Trinity,2021-05-01,15,6897,8,762,2,5849,5,286,5,1172,10,2999,10,4171,California
Trinity,2021-05-02,8,6905,5,767,1,5850,2,288,2,1170,6,3005,4,4175,California
Trinity,2021-05-03,58,6963,13,780,44,5894,1,289,9,1132,48,3053,10,4185,California
Trinity,2021-05-04,23,6986,11,791,11,5905,1,290,8,1126,15,3068,9,4194,California
Trinity,2021-05-05,11,6997,7,798,4,5909,0,290,4,1123,7,3075,4,4198,California
Trinity,2021-05-06,73,7070,10,808,61,5970,2,292,16,1084,57,3132,18,4216,California
Trinity,2021-05-07,176,7246,12,820,130,6100,34,326,14,970,162,3294,48,4264,California
Trinity,2021-05-08,6,7252,2,822,4,6104,0,326,2,968,4,3298,2,4266,California
Trinity,2021-05-09,11,7263,8,830,3,6107,0,326,7,971,4,3302,7,4273,California
Trinity,2021-05-10,16,7279,6,836,9,6116,1,327,8,972,8,3310,9,4282,California
Trinity,2021-05-11,7,7286,3,839,4,6120,0,327,5,975,2,3312,5,4287,California
Trinity,2021-05-12,19,7305,16,855,2,6122,1,328,14,985,5,3317,15,4302,California
Trinity,2021-05-13,15,7320,10,865,4,6126,1,329,9,989,6,3323,10,4312,California
Trinity,2021-05-14,138,7458,19,884,91,6217,28,357,39,957,99,3422,67,4379,California
Trinity,2021-05-15,15,7473,10,894,4,6221,1,358,7,958,7,3429,8,4387,California
Trinity,2021-05-16,8,7481,6,900,2,6223,0,358,6,962,2,3431,6,4393,California
Trinity,2021-05-17,108,7589,20,920,86,6309,2,360,42,940,66,3497,44,4437,California
Trinity,2021-05-18,37,7626,7,927,29,6338,1,361,11,926,26,3523,12,4449,California
Trinity,2021-05-19,143,7769,17,944,97,6435,29,390,26,865,116,3639,55,4504,California
Trinity,2021-05-20,28,7797,21,965,4,6439,3,393,17,874,11,3650,20,4524,California
Trinity,2021-05-21,21,7818,12,977,9,6448,0,393,12,877,9,3659,12,4536,California
Trinity,2021-05-22,17,7835,14,991,3,6451,0,393,13,886,4,3663,13,4549,California
Trinity,2021-05-23,6,7841,4,995,2,6453,0,393,2,884,4,3667,2,4551,California
Trinity,2021-05-24,109,7950,12,1007,96,6549,1,394,8,793,100,3767,9,4560,California
Trinity,2021-05-25,39,7989,14,1021,25,6574,0,394,17,788,22,3789,17,4577,California
Trinity,2021-05-26,12,8001,6,1027,6,6580,0,394,4,784,8,3797,4,4581,California
Trinity,2021-05-27,30,8031,13,1040,12,6592,5,399,7,773,23,3820,12,4593,California
Trinity,2021-05-28,14,8045,10,1050,3,6595,1,400,7,774,7,3827,8,4601,California
Trinity,2021-05-29,10,8055,7,1057,2,6597,1,401,7,779,3,3830,8,4609,California
Trinity,2021-05-30,6,8061,5,1062,1,6598,0,401,0,773,6,3836,0,4609,California
Trinity,2021-05-31,4,8065,3,1065,1,6599,0,401,2,773,2,3838,2,4611,California
Trinity,2021-06-01,15,8080,8,1073,5,6604,2,403,4,769,10,3848,6,4617,California
Trinity,2021-06-02,24,8104,19,1092,3,6607,2,405,9,765,15,3863,11,4628,California
Trinity,2021-06-03,39,8143,13,1105,26,6633,0,405,13,752,26,3889,13,4641,California
Trinity,2021-06-04,45,8188,21,1126,16,6649,8,413,12,739,33,3922,20,4661,California
Trinity,2021-06-05,19,8207,18,1144,1,6650,0,413,13,746,6,3928,13,4674,California
Trinity,2021-06-06,9,8216,6,1150,2,6652,1,414,2,742,7,3935,3,4677,California
Trinity,2021-06-07,28,8244,19,1169,8,6660,1,415,12,739,16,3951,13,4690,California
Trinity,2021-06-08,14,8258,12,1181,1,6661,1,416,4,734,10,3961,5,4695,California
Trinity,2021-06-09,24,8282,14,1195,1,6662,9,425,5,729,19,3980,14,4709,California
Trinity,2021-06-10,20,8302,18,1213,2,6664,0,425,5,719,15,3995,5,4714,California
Trinity,2021-06-11,45,8347,10,1223,33,6697,2,427,14,704,31,4026,16,4730,California
Trinity,2021-06-12,9,8356,9,1232,0,6697,0,427,2,699,7,4033,2,4732,California
Trinity,2021-06-13,4,8360,4,1236,0,6697,0,427,1,697,3,4036,1,4733,California
Trinity,2021-06-14,43,8403,16,1252,27,6724,0,427,11,676,32,4068,11,4744,California
Trinity,2021-06-15,45,8448,21,1273,3,6727,21,448,9,669,36,4104,29,4773,California
Trinity,2021-06-16,10,8458,6,1279,4,6731,0,448,3,665,7,4111,3,4776,California
Trinity,2021-06-17,15,8473,13,1292,0,6731,2,450,5,663,9,4120,7,4783,California
Trinity,2021-06-18,15,8488,10,1302,3,6734,2,452,6,662,9,4129,8,4791,California
Trinity,2021-06-19,10,8498,10,1312,0,6734,0,452,2,656,8,4137,2,4793,California
Trinity,2021-06-20,3,8501,3,1315,0,6734,0,452,3,659,0,4137,3,4796,California
Trinity,2021-06-21,8,8509,6,1321,0,6734,2,454,5,663,3,4140,7,4803,California
Trinity,2021-06-22,33,8542,10,1331,13,6747,10,464,14,668,19,4159,24,4827,California
Trinity,2021-06-23,15,8557,8,1339,1,6748,6,470,2,663,13,4172,8,4835,California
Trinity,2021-06-24,24,8581,14,1353,4,6752,6,476,15,675,9,4181,21,4856,California
Trinity,2021-06-25,10,8591,10,1363,0,6752,0,476,6,677,4,4185,6,4862,California
Trinity,2021-06-26,15,8606,15,1378,0,6752,0,476,5,672,10,4195,5,4867,California
Tulare,2020-12-15,1,1,1,1,0,0,0,0,1,1,0,0,1,1,California
Tulare,2020-12-16,4,5,4,5,0,0,0,0,4,5,0,0,4,5,California
Tulare,2020-12-17,110,115,110,115,0,0,0,0,110,115,0,0,110,115,California
Tulare,2020-12-18,290,405,289,404,1,1,0,0,290,405,0,0,290,405,California
Tulare,2020-12-19,326,731,326,730,0,1,0,0,326,731,0,0,326,731,California
Tulare,2020-12-20,165,896,165,895,0,1,0,0,165,896,0,0,165,896,California
Tulare,2020-12-21,423,1319,423,1318,0,1,0,0,443,1339,0,0,443,1339,California
Tulare,2020-12-22,470,1789,468,1786,2,3,0,0,469,1808,0,0,469,1808,California
Tulare,2020-12-23,326,2115,318,2104,8,11,0,0,324,2132,0,0,324,2132,California
Tulare,2020-12-24,18,2133,16,2120,2,13,0,0,18,2150,0,0,18,2150,California
Tulare,2020-12-26,8,2141,7,2127,1,14,0,0,8,2158,0,0,8,2158,California
Tulare,2020-12-27,16,2157,12,2139,4,18,0,0,16,2174,0,0,16,2174,California
Tulare,2020-12-28,482,2639,469,2608,13,31,0,0,481,2655,0,0,481,2655,California
Tulare,2020-12-29,548,3187,478,3086,70,101,0,0,548,3203,0,0,548,3203,California
Tulare,2020-12-30,468,3655,424,3510,44,145,0,0,468,3671,0,0,468,3671,California
Tulare,2020-12-31,100,3755,22,3532,78,223,0,0,100,3771,0,0,100,3771,California
Tulare,2021-01-01,3,3758,1,3533,2,225,0,0,3,3774,0,0,3,3774,California
Tulare,2021-01-02,32,3790,19,3552,13,238,0,0,32,3806,0,0,32,3806,California
Tulare,2021-01-03,23,3813,9,3561,14,252,0,0,23,3829,0,0,23,3829,California
Tulare,2021-01-04,93,3906,16,3577,77,329,0,0,93,3922,0,0,93,3922,California
Tulare,2021-01-05,465,4371,279,3856,186,515,0,0,463,4383,2,2,463,4385,California
Tulare,2021-01-06,861,5232,631,4487,230,745,0,0,851,5224,10,12,851,5236,California
Tulare,2021-01-07,782,6014,585,5072,197,942,0,0,674,5790,108,120,674,5910,California
Tulare,2021-01-08,1280,7294,573,5645,707,1649,0,0,943,6397,336,456,943,6853,California
Tulare,2021-01-09,807,8101,204,5849,603,2252,0,0,619,6828,188,644,619,7472,California
Tulare,2021-01-10,51,8152,43,5892,8,2260,0,0,13,6803,38,682,13,7485,California
Tulare,2021-01-11,1274,9426,771,6663,503,2763,0,0,836,7201,438,1120,836,8321,California
Tulare,2021-01-12,1451,10877,504,7167,947,3710,0,0,1040,7832,410,1530,1041,9362,California
Tulare,2021-01-13,432,11309,200,7367,232,3942,0,0,357,8114,75,1605,357,9719,California
Tulare,2021-01-14,494,11803,143,7510,351,4293,0,0,468,8567,15,1620,468,10187,California
Tulare,2021-01-15,1651,13454,156,7666,1495,5788,0,0,1642,10200,9,1629,1642,11829,California
Tulare,2021-01-16,1924,15378,113,7779,1811,7599,0,0,1910,12096,14,1643,1910,13739,California
Tulare,2021-01-17,142,15520,122,7901,20,7619,0,0,132,12218,10,1653,132,13871,California
Tulare,2021-01-18,696,16216,660,8561,36,7655,0,0,296,12114,400,2053,296,14167,California
Tulare,2021-01-19,1017,17233,689,9250,328,7983,0,0,590,12277,427,2480,590,14757,California
Tulare,2021-01-20,2425,19658,615,9865,1810,9793,0,0,2012,13902,387,2867,2012,16769,California
Tulare,2021-01-21,1574,21232,184,10049,1390,11183,0,0,1548,15429,21,2888,1548,18317,California
Tulare,2021-01-22,1067,22299,191,10240,876,12059,0,0,1040,16443,26,2914,1040,19357,California
Tulare,2021-01-23,441,22740,157,10397,284,12343,0,0,420,16842,21,2935,420,19777,California
Tulare,2021-01-24,30,22770,27,10424,3,12346,0,0,28,16868,2,2937,28,19805,California
Tulare,2021-01-25,1352,24122,987,11411,365,12711,0,0,1299,18114,53,2990,1299,21104,California
Tulare,2021-01-26,1508,25630,1099,12510,409,13120,0,0,1170,18947,337,3327,1170,22274,California
Tulare,2021-01-27,1501,27131,1067,13577,434,13554,0,0,923,19293,577,3904,923,23197,California
Tulare,2021-01-28,1215,28346,776,14353,439,13993,0,0,816,19710,399,4303,816,24013,California
Tulare,2021-01-29,1129,29475,718,15071,411,14404,0,0,819,20219,310,4613,819,24832,California
Tulare,2021-01-30,1671,31146,1576,16647,95,14499,0,0,1646,21841,25,4638,1647,26479,California
Tulare,2021-01-31,65,31211,60,16707,5,14504,0,0,62,21900,3,4641,62,26541,California
Tulare,2021-02-01,1183,32394,910,17617,273,14777,0,0,822,22362,360,5001,822,27363,California
Tulare,2021-02-02,703,33097,350,17967,353,15130,0,0,460,22582,241,5242,461,27824,California
Tulare,2021-02-03,575,33672,243,18210,332,15462,0,0,330,22687,225,5467,330,28154,California
Tulare,2021-02-04,568,34240,170,18380,398,15860,0,0,280,22681,287,5754,281,28435,California
Tulare,2021-02-05,1243,35483,239,18619,1004,16864,0,0,406,22252,835,6589,406,28841,California
Tulare,2021-02-06,835,36318,155,18774,680,17544,0,0,207,21833,626,7215,207,29048,California
Tulare,2021-02-07,84,36402,71,18845,13,17557,0,0,23,21795,61,7276,23,29071,California
Tulare,2021-02-08,945,37347,328,19173,617,18174,0,0,239,21330,704,7980,239,29310,California
Tulare,2021-02-09,1416,38763,336,19509,1080,19254,0,0,341,20601,1070,9050,341,29651,California
Tulare,2021-02-10,2485,41248,1989,21498,496,19750,0,0,2080,22277,404,9454,2080,31731,California
Tulare,2021-02-11,1335,42583,373,21871,962,20712,0,0,910,22762,425,9879,910,32641,California
Tulare,2021-02-12,2788,45371,575,22446,2213,22925,0,0,1184,22350,1596,11475,1184,33825,California
Tulare,2021-02-13,2480,47851,159,22605,2321,25246,0,0,643,21160,1833,13308,643,34468,California
Tulare,2021-02-14,340,48191,40,22645,300,25546,0,0,303,21426,37,13345,303,34771,California
Tulare,2021-02-15,921,49112,295,22940,626,26172,0,0,661,21828,259,13604,661,35432,California
Tulare,2021-02-16,2838,51950,1595,24535,1243,27415,0,0,1074,21142,1762,15366,1076,36508,California
Tulare,2021-02-17,2703,54653,513,25048,2190,29605,0,0,455,19355,2243,17609,456,36964,California
Tulare,2021-02-18,2346,56999,452,25500,1894,31499,0,0,643,18303,1695,19304,643,37607,California
Tulare,2021-02-19,2332,59331,878,26378,1454,32953,0,0,963,17900,1367,20671,964,38571,California
Tulare,2021-02-20,2984,62315,1883,28261,1101,34054,0,0,1260,17444,1719,22390,1263,39834,California
Tulare,2021-02-21,97,62412,93,28354,4,34058,0,0,49,17446,47,22437,49,39883,California
Tulare,2021-02-22,1106,63518,700,29054,406,34464,0,0,210,16761,895,23332,210,40093,California
Tulare,2021-02-23,1963,65481,949,30003,1014,35478,0,0,1467,17734,494,23826,1467,41560,California
Tulare,2021-02-24,2489,67970,1550,31553,939,36417,0,0,2109,19465,379,24205,2110,43670,California
Tulare,2021-02-25,3520,71490,1989,33542,1531,37948,0,0,3103,22157,413,24618,3105,46775,California
Tulare,2021-02-26,3865,75355,1892,35434,1973,39921,0,0,3389,25072,474,25092,3389,50164,California
Tulare,2021-02-27,3006,78361,1496,36930,1510,41431,0,0,2872,27822,122,25214,2872,53036,California
Tulare,2021-02-28,1313,79674,1040,37970,273,41704,0,0,1291,29095,18,25232,1291,54327,California
Tulare,2021-03-01,1789,81463,807,38777,982,42686,0,0,1598,30504,189,25421,1598,55925,California
Tulare,2021-03-02,2821,84284,1270,40047,1551,44237,0,0,2642,32970,177,25598,2643,58568,California
Tulare,2021-03-03,4086,88370,2734,42781,1351,45588,1,1,2130,33152,1951,27549,2133,60701,California
Tulare,2021-03-04,2980,91350,1345,44126,1635,47223,0,1,2639,35455,336,27885,2639,63340,California
Tulare,2021-03-05,3503,94853,1758,45884,1730,48953,15,16,2983,37939,517,28402,3001,66341,California
Tulare,2021-03-06,3092,97945,1443,47327,1589,50542,60,76,2838,40584,251,28653,2896,69237,California
Tulare,2021-03-07,1141,99086,707,48034,413,50955,21,97,1099,41663,41,28694,1120,70357,California
Tulare,2021-03-08,1738,100824,1008,49042,561,51516,169,266,1405,42908,328,29022,1573,71930,California
Tulare,2021-03-09,3267,104091,2245,51287,874,52390,148,414,2853,45495,413,29435,3000,74930,California
Tulare,2021-03-10,2978,107069,1402,52689,1401,53791,175,589,2572,47844,396,29831,2745,77675,California
Tulare,2021-03-11,4241,111310,1998,54687,1939,55730,304,893,3294,50495,947,30778,3598,81273,California
Tulare,2021-03-12,4416,115726,2432,57119,1632,57362,352,1245,3127,52692,1281,32059,3478,84751,California
Tulare,2021-03-13,4154,119880,1945,59064,2104,59466,105,1350,3199,55047,949,33008,3304,88055,California
Tulare,2021-03-14,1860,121740,987,60051,653,60119,220,1570,1334,56073,525,33533,1551,89606,California
Tulare,2021-03-15,2753,124493,1632,61683,1006,61125,115,1685,1973,57388,776,34309,2091,91697,California
Tulare,2021-03-16,3440,127933,2120,63803,1243,62368,77,1762,1879,57790,1557,35866,1959,93656,California
Tulare,2021-03-17,4086,132019,2668,66471,1342,63710,76,1838,2333,58459,1747,37613,2416,96072,California
Tulare,2021-03-18,4672,136691,3411,69882,1189,64899,72,1910,2468,58809,2194,39807,2544,98616,California
Tulare,2021-03-19,5121,141812,3379,73261,1547,66446,195,2105,2737,59379,2364,42171,2934,101550,California
Tulare,2021-03-20,4493,146305,2799,76060,1322,67768,372,2477,2068,59405,2417,44588,2443,103993,California
Tulare,2021-03-21,2012,148317,1723,77783,263,68031,26,2503,1066,59554,942,45530,1091,105084,California
Tulare,2021-03-22,2581,150898,1792,79575,677,68708,112,2615,1698,60490,877,46407,1813,106897,California
Tulare,2021-03-23,3798,154696,2197,81772,1549,70257,52,2667,2088,60937,1700,48107,2147,109044,California
Tulare,2021-03-24,3199,157895,1985,83757,1173,71430,41,2708,1719,61225,1472,49579,1760,110804,California
Tulare,2021-03-25,3480,161375,1811,85568,1495,72925,174,2882,1673,61275,1799,51378,1849,112653,California
Tulare,2021-03-26,5263,166638,3136,88704,2015,74940,112,2994,2545,61232,2700,54078,2657,115310,California
Tulare,2021-03-27,3539,170177,1814,90518,1627,76567,98,3092,989,59775,2543,56621,1086,116396,California
Tulare,2021-03-28,1475,171652,1070,91588,374,76941,31,3123,673,59689,800,57421,714,117110,California
Tulare,2021-03-29,2888,174540,1673,93261,1108,78049,107,3230,1227,59369,1656,59077,1336,118446,California
Tulare,2021-03-30,4925,179465,2788,96049,1906,79955,231,3461,1498,57674,3416,62493,1721,120167,California
Tulare,2021-03-31,3973,183438,2343,98392,1515,81470,115,3576,1555,56935,2410,64903,1671,121838,California
Tulare,2021-04-01,4539,187977,2454,100846,2012,83482,73,3649,1557,55594,2972,67875,1631,123469,California
Tulare,2021-04-02,5357,193334,3059,103905,2182,85664,116,3765,1549,53469,3791,71666,1666,125135,California
Tulare,2021-04-03,3629,196963,2094,105999,1160,86824,375,4140,834,51919,2757,74423,1207,126342,California
Tulare,2021-04-04,1634,198597,1147,107146,480,87304,7,4147,358,51012,1272,75695,365,126707,California
Tulare,2021-04-05,3358,201955,2345,109491,745,88049,268,4415,851,49638,2494,78189,1120,127827,California
Tulare,2021-04-06,3439,205394,1470,110961,1472,89521,497,4912,893,48492,2538,80727,1392,129219,California
Tulare,2021-04-07,3904,209298,1838,112799,1626,91147,440,5352,1172,47374,2721,83448,1603,130822,California
Tulare,2021-04-08,4798,214096,2627,115426,1712,92859,459,5811,1517,46078,3268,86716,1972,132794,California
Tulare,2021-04-09,4846,218942,2996,118422,1413,94272,437,6248,1818,45314,3020,89736,2256,135050,California
Tulare,2021-04-10,3842,222784,2071,120493,1451,95723,320,6568,931,43659,2902,92638,1247,136297,California
Tulare,2021-04-11,1590,224374,1051,121544,465,96188,74,6642,490,43126,1097,93735,564,136861,California
Tulare,2021-04-12,3423,227797,2135,123679,692,96880,596,7238,1071,42452,2342,96077,1668,138529,California
Tulare,2021-04-13,2412,230209,1593,125272,810,97690,9,7247,902,41867,1498,97575,913,139442,California
Tulare,2021-04-14,2880,233089,1702,126974,1178,98868,0,7247,911,40814,1964,99539,911,140353,California
Tulare,2021-04-15,3318,236407,2166,129140,1152,100020,0,7247,1471,40451,1834,101373,1471,141824,California
Tulare,2021-04-16,3723,240130,2249,131389,1474,101494,0,7247,1491,39723,2219,103592,1491,143315,California
Tulare,2021-04-17,2252,242382,1325,132714,927,102421,0,7247,1195,39868,1051,104643,1196,144511,California
Tulare,2021-04-18,1576,243958,1238,133952,338,102759,0,7247,829,39951,746,105389,829,145340,California
Tulare,2021-04-19,2181,246139,1266,135218,914,103673,1,7248,898,39572,1278,106667,899,146239,California
Tulare,2021-04-20,2422,248561,1388,136606,1034,104707,0,7248,1006,39178,1400,108067,1006,147245,California
Tulare,2021-04-21,2322,250883,1440,138046,882,105589,0,7248,841,38580,1440,109507,842,148087,California
Tulare,2021-04-22,2168,253051,1232,139278,936,106525,0,7248,740,37911,1409,110916,740,148827,California
Tulare,2021-04-23,2636,255687,1629,140907,1006,107531,1,7249,1028,37344,1596,112512,1029,149856,California
Tulare,2021-04-24,1643,257330,1053,141960,588,108119,2,7251,852,37412,786,113298,854,150710,California
Tulare,2021-04-25,695,258025,522,142482,173,108292,0,7251,266,37249,429,113727,266,150976,California
Tulare,2021-04-26,1556,259581,946,143428,591,108883,19,7270,656,37029,893,114620,673,151649,California
Tulare,2021-04-27,1701,261282,708,144136,955,109838,38,7308,729,36828,967,115587,766,152415,California
Tulare,2021-04-28,1749,263031,1005,145141,702,110540,42,7350,696,36517,1048,116635,737,153152,California
Tulare,2021-04-29,2039,265070,1229,146370,772,111312,38,7388,794,36114,1233,117868,830,153982,California
Tulare,2021-04-30,2465,267535,1800,148170,615,111927,50,7438,910,35526,1547,119415,959,154941,California
Tulare,2021-05-01,1423,268958,1218,149388,193,112120,12,7450,733,35591,680,120095,745,155686,California
Tulare,2021-05-02,589,269547,500,149888,72,112192,17,7467,187,35396,398,120493,203,155889,California
Tulare,2021-05-03,1622,271169,1095,150983,402,112594,125,7592,349,34604,1266,121759,474,156363,California
Tulare,2021-05-04,1570,272739,841,151824,659,113253,70,7662,631,34373,929,122688,698,157061,California
Tulare,2021-05-05,1314,274053,653,152477,572,113825,89,7751,451,34061,852,123540,540,157601,California
Tulare,2021-05-06,1989,276042,1344,153821,596,114421,49,7800,602,33333,1379,124919,651,158252,California
Tulare,2021-05-07,1854,277896,1262,155083,524,114945,68,7868,526,32606,1320,126239,593,158845,California
Tulare,2021-05-08,1242,279138,816,155899,401,115346,25,7893,533,32463,701,126940,558,159403,California
Tulare,2021-05-09,594,279732,471,156370,102,115448,21,7914,114,32124,475,127415,136,159539,California
Tulare,2021-05-10,1025,280757,591,156961,368,115816,66,7980,309,31787,712,128127,375,159914,California
Tulare,2021-05-11,1318,282075,701,157662,538,116354,79,8059,547,31649,764,128891,626,160540,California
Tulare,2021-05-12,1602,283677,1038,158700,506,116860,58,8117,432,30983,1155,130046,489,161029,California
Tulare,2021-05-13,1581,285258,1015,159715,528,117388,38,8155,722,30887,855,130901,759,161788,California
Tulare,2021-05-14,1975,287233,1283,160998,630,118018,62,8217,894,30775,1068,131969,956,162744,California
Tulare,2021-05-15,1569,288802,885,161883,637,118655,47,8264,665,30585,896,132865,706,163450,California
Tulare,2021-05-16,698,289500,557,162440,129,118784,12,8276,324,30549,372,133237,336,163786,California
Tulare,2021-05-17,1566,291066,982,163422,511,119295,73,8349,744,30551,815,134052,817,164603,California
Tulare,2021-05-18,1582,292648,856,164278,673,119968,53,8402,781,30586,797,134849,832,165435,California
Tulare,2021-05-19,1478,294126,954,165232,490,120458,34,8436,755,30660,715,135564,789,166224,California
Tulare,2021-05-20,1580,295706,1064,166296,429,120887,87,8523,750,30671,826,136390,837,167061,California
Tulare,2021-05-21,1948,297654,1421,167717,485,121372,42,8565,1059,30891,881,137271,1101,168162,California
Tulare,2021-05-22,1607,299261,1142,168859,442,121814,23,8588,601,30518,998,138269,625,168787,California
Tulare,2021-05-23,411,299672,326,169185,75,121889,10,8598,207,30533,202,138471,217,169004,California
Tulare,2021-05-24,933,300605,575,169760,298,122187,60,8658,415,30492,516,138987,475,169479,California
Tulare,2021-05-25,1181,301786,701,170461,448,122635,32,8690,503,30355,672,139659,535,170014,California
Tulare,2021-05-26,880,302666,485,170946,353,122988,42,8732,391,30302,485,140144,432,170446,California
Tulare,2021-05-27,1271,303937,805,171751,435,123423,31,8763,585,30237,683,140827,618,171064,California
Tulare,2021-05-28,1185,305122,658,172409,478,123901,49,8812,621,30348,558,141385,669,171733,California
Tulare,2021-05-29,875,305997,646,173055,209,124110,20,8832,496,30487,377,141762,516,172249,California
Tulare,2021-05-30,284,306281,205,173260,71,124181,8,8840,162,30537,120,141882,170,172419,California
Tulare,2021-05-31,131,306412,51,173311,69,124250,11,8851,55,30528,75,141957,66,172485,California
Tulare,2021-06-01,1054,307466,626,173937,397,124647,31,8882,380,30272,666,142623,410,172895,California
Tulare,2021-06-02,797,308263,468,174405,296,124943,33,8915,355,30227,431,143054,386,173281,California
Tulare,2021-06-03,1139,309402,810,175215,273,125216,56,8971,390,29943,729,143783,445,173726,California
Tulare,2021-06-04,1164,310566,827,176042,305,125521,32,9003,358,29531,802,144585,390,174116,California
Tulare,2021-06-05,878,311444,695,176737,168,125689,15,9018,294,29258,582,145167,309,174425,California
Tulare,2021-06-06,419,311863,356,177093,45,125734,18,9036,139,29136,279,145446,157,174582,California
Tulare,2021-06-07,874,312737,687,177780,153,125887,34,9070,273,28845,598,146044,307,174889,California
Tulare,2021-06-08,1045,313782,772,178552,213,126100,60,9130,350,28564,691,146735,410,175299,California
Tulare,2021-06-09,1078,314860,755,179307,287,126387,36,9166,341,28207,732,147467,375,175674,California
Tulare,2021-06-10,1097,315957,880,180187,181,126568,36,9202,383,27913,712,148179,418,176092,California
Tulare,2021-06-11,1230,317187,882,181069,313,126881,35,9237,381,27490,839,149018,416,176508,California
Tulare,2021-06-12,947,318134,733,181802,203,127084,11,9248,328,27216,613,149631,339,176847,California
Tulare,2021-06-13,310,318444,222,182024,85,127169,3,9251,90,27090,219,149850,93,176940,California
Tulare,2021-06-14,767,319211,562,182586,179,127348,26,9277,292,26938,470,150320,318,177258,California
Tulare,2021-06-15,983,320194,665,183251,288,127636,30,9307,434,26860,542,150862,464,177722,California
Tulare,2021-06-16,851,321045,577,183828,224,127860,50,9357,374,26811,474,151336,425,178147,California
Tulare,2021-06-17,1023,322068,752,184580,241,128101,30,9387,409,26639,611,151947,439,178586,California
Tulare,2021-06-18,986,323054,693,185273,257,128358,36,9423,373,26436,611,152558,408,178994,California
Tulare,2021-06-19,850,323904,679,185952,158,128516,13,9436,390,26383,456,153014,403,179397,California
Tulare,2021-06-20,249,324153,186,186138,55,128571,8,9444,74,26291,175,153189,83,179480,California
Tulare,2021-06-21,513,324666,336,186474,147,128718,30,9474,301,26411,211,153400,331,179811,California
Tulare,2021-06-22,743,325409,509,186983,210,128928,24,9498,340,26378,397,153797,364,180175,California
Tulare,2021-06-23,727,326136,495,187478,206,129134,26,9524,394,26469,329,154126,420,180595,California
Tulare,2021-06-24,815,326951,616,188094,150,129284,49,9573,402,26510,410,154536,451,181046,California
Tulare,2021-06-25,824,327775,538,188632,266,129550,20,9593,428,26566,392,154928,448,181494,California
Tulare,2021-06-26,531,328306,398,189030,125,129675,8,9601,251,26547,278,155206,259,181753,California
Tuolumne,2020-12-16,47,47,47,47,0,0,0,0,47,47,0,0,47,47,California
Tuolumne,2020-12-17,18,65,18,65,0,0,0,0,18,65,0,0,18,65,California
Tuolumne,2020-12-18,101,166,100,165,1,1,0,0,101,166,0,0,101,166,California
Tuolumne,2020-12-19,5,171,5,170,0,1,0,0,5,171,0,0,5,171,California
Tuolumne,2020-12-20,2,173,2,172,0,1,0,0,2,173,0,0,2,173,California
Tuolumne,2020-12-21,115,288,101,273,14,15,0,0,115,288,0,0,115,288,California
Tuolumne,2020-12-22,172,460,172,445,0,15,0,0,172,460,0,0,172,460,California
Tuolumne,2020-12-23,185,645,183,628,2,17,0,0,185,645,0,0,185,645,California
Tuolumne,2020-12-25,1,646,1,629,0,17,0,0,1,646,0,0,1,646,California
Tuolumne,2020-12-26,2,648,2,631,0,17,0,0,2,648,0,0,2,648,California
Tuolumne,2020-12-28,76,724,74,705,2,19,0,0,76,724,0,0,76,724,California
Tuolumne,2020-12-29,103,827,39,744,64,83,0,0,103,827,0,0,103,827,California
Tuolumne,2020-12-30,77,904,22,766,55,138,0,0,77,904,0,0,77,904,California
Tuolumne,2020-12-31,27,931,20,786,7,145,0,0,27,931,0,0,27,931,California
Tuolumne,2021-01-01,6,937,5,791,1,146,0,0,6,937,0,0,6,937,California
Tuolumne,2021-01-02,119,1056,116,907,3,149,0,0,119,1056,0,0,119,1056,California
Tuolumne,2021-01-03,2,1058,2,909,0,149,0,0,2,1058,0,0,2,1058,California
Tuolumne,2021-01-04,69,1127,26,935,43,192,0,0,69,1127,0,0,69,1127,California
Tuolumne,2021-01-05,93,1220,27,962,66,258,0,0,90,1215,3,3,91,1218,California
Tuolumne,2021-01-06,131,1351,72,1034,59,317,0,0,67,1218,64,67,67,1285,California
Tuolumne,2021-01-07,120,1471,64,1098,56,373,0,0,64,1226,56,123,64,1349,California
Tuolumne,2021-01-08,106,1577,82,1180,24,397,0,0,27,1177,78,201,29,1378,California
Tuolumne,2021-01-09,2,1579,0,1180,2,399,0,0,2,1179,0,201,2,1380,California
Tuolumne,2021-01-10,3,1582,1,1181,2,401,0,0,3,1182,0,201,3,1383,California
Tuolumne,2021-01-11,117,1699,91,1272,26,427,0,0,35,1135,82,283,35,1418,California
Tuolumne,2021-01-12,102,1801,86,1358,16,443,0,0,18,1069,84,367,18,1436,California
Tuolumne,2021-01-13,231,2032,125,1483,106,549,0,0,182,1203,49,416,183,1619,California
Tuolumne,2021-01-14,148,2180,108,1591,40,589,0,0,43,1142,104,520,43,1662,California
Tuolumne,2021-01-15,475,2655,73,1664,402,991,0,0,412,1493,62,582,413,2075,California
Tuolumne,2021-01-16,7,2662,3,1667,4,995,0,0,6,1498,1,583,6,2081,California
Tuolumne,2021-01-17,8,2670,4,1671,4,999,0,0,8,1506,0,583,8,2089,California
Tuolumne,2021-01-18,46,2716,38,1709,8,1007,0,0,9,1479,36,619,9,2098,California
Tuolumne,2021-01-19,478,3194,74,1783,404,1411,0,0,432,1865,46,665,432,2530,California
Tuolumne,2021-01-20,76,3270,58,1841,18,1429,0,0,24,1838,51,716,24,2554,California
Tuolumne,2021-01-21,58,3328,24,1865,34,1463,0,0,42,1864,16,732,42,2596,California
Tuolumne,2021-01-22,170,3498,17,1882,153,1616,0,0,162,2018,8,740,162,2758,California
Tuolumne,2021-01-23,651,4149,132,2014,519,2135,0,0,543,2467,108,848,557,3315,California
Tuolumne,2021-01-24,523,4672,2,2016,521,2656,0,0,519,2985,4,852,522,3837,California
Tuolumne,2021-01-25,51,4723,28,2044,23,2679,0,0,25,2985,26,878,26,3863,California
Tuolumne,2021-01-26,81,4804,68,2112,13,2692,0,0,40,2985,41,919,41,3904,California
Tuolumne,2021-01-27,60,4864,4,2116,56,2748,0,0,8,2942,51,970,8,3912,California
Tuolumne,2021-01-28,26,4890,6,2122,20,2768,0,0,17,2950,9,979,17,3929,California
Tuolumne,2021-01-29,71,4961,6,2128,65,2833,0,0,32,2943,39,1018,32,3961,California
Tuolumne,2021-01-30,713,5674,554,2682,159,2992,0,0,689,3626,24,1042,707,4668,California
Tuolumne,2021-01-31,9,5683,2,2684,7,2999,0,0,6,3629,3,1045,6,4674,California
Tuolumne,2021-02-01,27,5710,7,2691,20,3019,0,0,24,3650,3,1048,24,4698,California
Tuolumne,2021-02-02,653,6363,46,2737,607,3626,0,0,640,4280,10,1058,640,5338,California
Tuolumne,2021-02-03,240,6603,112,2849,128,3754,0,0,88,4216,152,1210,88,5426,California
Tuolumne,2021-02-04,123,6726,13,2862,110,3864,0,0,61,4215,62,1272,61,5487,California
Tuolumne,2021-02-05,100,6826,13,2875,87,3951,0,0,36,4188,63,1335,36,5523,California
Tuolumne,2021-02-06,859,7685,583,3458,276,4227,0,0,849,5034,10,1345,856,6379,California
Tuolumne,2021-02-07,8,7693,4,3462,4,4231,0,0,4,5034,4,1349,4,6383,California
Tuolumne,2021-02-08,92,7785,41,3503,51,4282,0,0,68,5078,24,1373,68,6451,California
Tuolumne,2021-02-09,863,8648,51,3554,812,5094,0,0,821,5857,42,1415,821,7272,California
Tuolumne,2021-02-10,94,8742,18,3572,76,5170,0,0,31,5827,61,1476,31,7303,California
Tuolumne,2021-02-11,144,8886,68,3640,76,5246,0,0,78,5839,66,1542,78,7381,California
Tuolumne,2021-02-12,650,9536,20,3660,630,5876,0,0,209,5608,440,1982,209,7590,California
Tuolumne,2021-02-13,155,9691,44,3704,111,5987,0,0,121,5696,33,2015,121,7711,California
Tuolumne,2021-02-14,152,9843,14,3718,138,6125,0,0,151,5846,1,2016,151,7862,California
Tuolumne,2021-02-15,187,10030,11,3729,176,6301,0,0,178,6015,9,2025,178,8040,California
Tuolumne,2021-02-16,530,10560,18,3747,512,6813,0,0,122,5735,404,2429,124,8164,California
Tuolumne,2021-02-17,111,10671,63,3810,48,6861,0,0,61,5747,49,2478,61,8225,California
Tuolumne,2021-02-18,686,11357,27,3837,659,7520,0,0,634,6330,52,2530,635,8860,California
Tuolumne,2021-02-19,146,11503,25,3862,121,7641,0,0,46,6276,100,2630,46,8906,California
Tuolumne,2021-02-20,907,12410,342,4204,565,8206,0,0,383,6155,508,3138,387,9293,California
Tuolumne,2021-02-21,983,13393,42,4246,941,9147,0,0,471,6123,508,3646,476,9769,California
Tuolumne,2021-02-22,80,13473,58,4304,22,9169,0,0,46,6136,33,3679,46,9815,California
Tuolumne,2021-02-23,49,13522,25,4329,24,9193,0,0,25,6139,23,3702,26,9841,California
Tuolumne,2021-02-24,105,13627,58,4387,47,9240,0,0,41,6119,63,3765,43,9884,California
Tuolumne,2021-02-25,1054,14681,35,4422,1019,10259,0,0,1021,7108,33,3798,1022,10906,California
Tuolumne,2021-02-26,152,14833,12,4434,140,10399,0,0,126,7209,26,3824,127,11033,California
Tuolumne,2021-02-27,956,15789,580,5014,376,10775,0,0,245,6770,692,4516,253,11286,California
Tuolumne,2021-02-28,56,15845,4,5018,52,10827,0,0,52,6819,3,4519,52,11338,California
Tuolumne,2021-03-01,119,15964,22,5040,96,10923,1,1,78,6859,40,4559,80,11418,California
Tuolumne,2021-03-02,710,16674,75,5115,635,11558,0,1,107,6363,603,5162,107,11525,California
Tuolumne,2021-03-03,95,16769,21,5136,74,11632,0,1,66,6401,28,5190,66,11591,California
Tuolumne,2021-03-04,1175,17944,77,5213,1098,12730,0,1,1107,7441,67,5257,1107,12698,California
Tuolumne,2021-03-05,90,18034,9,5222,81,12811,0,1,51,7456,38,5295,53,12751,California
Tuolumne,2021-03-06,1061,19095,606,5828,453,13264,2,3,198,6812,855,6150,211,12962,California
Tuolumne,2021-03-07,42,19137,13,5841,14,13278,15,18,19,6823,23,6173,34,12996,California
Tuolumne,2021-03-08,197,19334,90,5931,100,13378,7,25,140,6912,57,6230,146,13142,California
Tuolumne,2021-03-09,872,20206,19,5950,842,14220,11,36,65,6189,801,7031,78,13220,California
Tuolumne,2021-03-10,95,20301,17,5967,67,14287,11,47,54,6213,41,7072,65,13285,California
Tuolumne,2021-03-11,1303,21604,43,6010,1254,15541,6,53,1257,7433,46,7118,1266,14551,California
Tuolumne,2021-03-12,312,21916,43,6053,254,15795,15,68,189,7519,121,7239,207,14758,California
Tuolumne,2021-03-13,118,22034,12,6065,106,15901,0,68,84,7571,33,7272,85,14843,California
Tuolumne,2021-03-14,148,22182,10,6075,129,16030,9,77,7,7451,141,7413,21,14864,California
Tuolumne,2021-03-15,302,22484,82,6157,217,16247,3,80,104,7369,197,7610,115,14979,California
Tuolumne,2021-03-16,809,23293,42,6199,756,17003,11,91,671,7916,137,7747,684,15663,California
Tuolumne,2021-03-17,156,23449,34,6233,109,17112,13,104,80,7933,75,7822,92,15755,California
Tuolumne,2021-03-18,952,24401,28,6261,911,18023,13,117,317,7633,630,8452,330,16085,California
Tuolumne,2021-03-19,138,24539,20,6281,88,18111,30,147,75,7676,62,8514,105,16190,California
Tuolumne,2021-03-20,93,24632,8,6289,75,18186,10,157,39,7671,53,8567,48,16238,California
Tuolumne,2021-03-21,837,25469,393,6682,434,18620,10,167,37,6938,785,9352,52,16290,California
Tuolumne,2021-03-22,163,25632,73,6755,71,18691,19,186,95,6987,67,9419,116,16406,California
Tuolumne,2021-03-23,715,26347,639,7394,62,18753,14,200,675,7636,39,9458,688,17094,California
Tuolumne,2021-03-24,112,26459,22,7416,72,18825,18,218,78,7699,33,9491,96,17190,California
Tuolumne,2021-03-25,1301,27760,24,7440,1274,20099,3,221,327,7058,971,10462,330,17520,California
Tuolumne,2021-03-26,280,28040,19,7459,237,20336,24,245,119,7053,149,10611,144,17664,California
Tuolumne,2021-03-27,581,28621,54,7513,527,20863,0,245,315,7109,262,10873,318,17982,California
Tuolumne,2021-03-28,48,28669,7,7520,41,20904,0,245,8,7079,39,10912,9,17991,California
Tuolumne,2021-03-29,206,28875,83,7603,123,21027,0,245,109,7094,94,11006,109,18100,California
Tuolumne,2021-03-30,168,29043,12,7615,155,21182,1,246,122,7173,45,11051,124,18224,California
Tuolumne,2021-03-31,97,29140,14,7629,81,21263,2,248,40,7160,55,11106,42,18266,California
Tuolumne,2021-04-01,1252,30392,30,7659,1222,22485,0,248,228,6368,1021,12127,229,18495,California
Tuolumne,2021-04-02,171,30563,12,7671,133,22618,26,274,93,6412,75,12202,119,18614,California
Tuolumne,2021-04-03,429,30992,35,7706,392,23010,2,276,239,6466,187,12389,241,18855,California
Tuolumne,2021-04-04,34,31026,4,7710,30,23040,0,276,21,6476,11,12400,21,18876,California
Tuolumne,2021-04-05,131,31157,19,7729,105,23145,7,283,58,6468,73,12473,65,18941,California
Tuolumne,2021-04-06,653,31810,517,8246,109,23254,27,310,517,6878,135,12608,545,19486,California
Tuolumne,2021-04-07,128,31938,37,8283,75,23329,16,326,50,6866,78,12686,66,19552,California
Tuolumne,2021-04-08,1451,33389,35,8318,1401,24730,15,341,250,5935,1196,13882,265,19817,California
Tuolumne,2021-04-09,278,33667,43,8361,190,24920,45,386,132,5970,146,14028,181,19998,California
Tuolumne,2021-04-10,56,33723,2,8363,34,24954,20,406,23,5981,32,14060,43,20041,California
Tuolumne,2021-04-11,18,33741,3,8366,12,24966,3,409,12,5990,6,14066,15,20056,California
Tuolumne,2021-04-12,172,33913,66,8432,101,25067,5,414,89,6007,78,14144,95,20151,California
Tuolumne,2021-04-13,789,34702,35,8467,754,25821,0,414,171,5569,609,14753,171,20322,California
Tuolumne,2021-04-14,158,34860,31,8498,127,25948,0,414,79,5574,75,14828,80,20402,California
Tuolumne,2021-04-15,346,35206,22,8520,324,26272,0,414,61,5357,278,15106,61,20463,California
Tuolumne,2021-04-16,260,35466,55,8575,205,26477,0,414,142,5392,109,15215,144,20607,California
Tuolumne,2021-04-17,44,35510,6,8581,38,26515,0,414,28,5404,16,15231,28,20635,California
Tuolumne,2021-04-18,11,35521,3,8584,8,26523,0,414,6,5406,5,15236,7,20642,California
Tuolumne,2021-04-19,177,35698,79,8663,98,26621,0,414,98,5429,77,15313,100,20742,California
Tuolumne,2021-04-20,712,36410,617,9280,95,26716,0,414,74,4873,630,15943,74,20816,California
Tuolumne,2021-04-21,121,36531,26,9306,95,26811,0,414,63,4884,52,15995,63,20879,California
Tuolumne,2021-04-22,711,37242,46,9352,665,27476,0,414,429,5041,273,16268,430,21309,California
Tuolumne,2021-04-23,179,37421,31,9383,148,27624,0,414,81,5031,92,16360,82,21391,California
Tuolumne,2021-04-24,79,37500,18,9401,61,27685,0,414,50,5052,29,16389,50,21441,California
Tuolumne,2021-04-25,26,37526,10,9411,16,27701,0,414,23,5072,3,16392,23,21464,California
Tuolumne,2021-04-26,158,37684,56,9467,102,27803,0,414,74,5064,83,16475,75,21539,California
Tuolumne,2021-04-27,143,37827,23,9490,113,27916,7,421,65,5062,75,16550,73,21612,California
Tuolumne,2021-04-28,119,37946,24,9514,84,28000,11,432,63,5081,55,16605,74,21686,California
Tuolumne,2021-04-29,282,38228,19,9533,255,28255,8,440,55,4921,223,16828,63,21749,California
Tuolumne,2021-04-30,373,38601,26,9559,335,28590,12,452,73,4713,296,17124,88,21837,California
Tuolumne,2021-05-01,25,38626,7,9566,13,28603,5,457,16,4725,9,17133,21,21858,California
Tuolumne,2021-05-02,26,38652,3,9569,21,28624,2,459,19,4739,7,17140,21,21879,California
Tuolumne,2021-05-03,111,38763,15,9584,91,28715,5,464,37,4709,72,17212,42,21921,California
Tuolumne,2021-05-04,708,39471,601,10185,102,28817,5,469,213,4433,493,17705,217,22138,California
Tuolumne,2021-05-05,110,39581,26,10211,78,28895,6,475,58,4448,49,17754,64,22202,California
Tuolumne,2021-05-06,290,39871,13,10224,261,29156,16,491,42,4262,243,17997,57,22259,California
Tuolumne,2021-05-07,329,40200,26,10250,295,29451,8,499,63,4075,265,18262,78,22337,California
Tuolumne,2021-05-08,51,40251,8,10258,39,29490,4,503,33,4094,18,18280,37,22374,California
Tuolumne,2021-05-09,17,40268,2,10260,13,29503,2,505,3,4085,14,18294,5,22379,California
Tuolumne,2021-05-10,112,40380,44,10304,63,29566,5,510,31,4042,80,18374,37,22416,California
Tuolumne,2021-05-11,202,40582,62,10366,128,29694,12,522,54,3961,147,18521,66,22482,California
Tuolumne,2021-05-12,132,40714,21,10387,107,29801,4,526,50,3933,82,18603,54,22536,California
Tuolumne,2021-05-13,116,40830,18,10405,90,29891,8,534,72,3968,44,18647,79,22615,California
Tuolumne,2021-05-14,206,41036,76,10481,119,30010,11,545,106,3987,98,18745,117,22732,California
Tuolumne,2021-05-15,58,41094,15,10496,36,30046,7,552,19,3975,39,18784,27,22759,California
Tuolumne,2021-05-16,27,41121,9,10505,16,30062,2,554,13,3976,14,18798,15,22774,California
Tuolumne,2021-05-17,110,41231,30,10535,77,30139,3,557,47,3964,63,18861,51,22825,California
Tuolumne,2021-05-18,181,41412,57,10592,77,30216,47,604,60,3951,120,18981,107,22932,California
Tuolumne,2021-05-19,118,41530,20,10612,65,30281,33,637,46,3959,71,19052,79,23011,California
Tuolumne,2021-05-20,411,41941,21,10633,383,30664,7,644,53,3663,356,19408,60,23071,California
Tuolumne,2021-05-21,200,42141,94,10727,101,30765,5,649,119,3708,79,19487,124,23195,California
Tuolumne,2021-05-22,58,42199,18,10745,34,30799,6,655,25,3706,32,19519,30,23225,California
Tuolumne,2021-05-23,27,42226,7,10752,19,30818,1,656,10,3700,17,19536,11,23236,California
Tuolumne,2021-05-24,137,42363,43,10795,88,30906,6,662,52,3674,84,19620,58,23294,California
Tuolumne,2021-05-25,296,42659,222,11017,68,30974,6,668,111,3607,184,19804,117,23411,California
Tuolumne,2021-05-26,89,42748,25,11042,63,31037,1,669,39,3597,50,19854,40,23451,California
Tuolumne,2021-05-27,76,42824,15,11057,59,31096,2,671,32,3588,43,19897,34,23485,California
Tuolumne,2021-05-28,111,42935,52,11109,58,31154,1,672,64,3608,45,19942,65,23550,California
Tuolumne,2021-05-29,38,42973,7,11116,25,31179,6,678,17,3610,21,19963,23,23573,California
Tuolumne,2021-05-30,18,42991,1,11117,14,31193,3,681,4,3603,14,19977,7,23580,California
Tuolumne,2021-05-31,10,43001,2,11119,7,31200,1,682,2,3598,8,19985,3,23583,California
Tuolumne,2021-06-01,77,43078,21,11140,52,31252,4,686,24,3574,52,20037,28,23611,California
Tuolumne,2021-06-02,73,43151,8,11148,57,31309,8,694,24,3557,49,20086,32,23643,California
Tuolumne,2021-06-03,75,43226,25,11173,35,31344,15,709,23,3545,50,20136,38,23681,California
Tuolumne,2021-06-04,131,43357,62,11235,66,31410,3,712,38,3495,91,20227,41,23722,California
Tuolumne,2021-06-05,41,43398,11,11246,28,31438,2,714,16,3488,25,20252,18,23740,California
Tuolumne,2021-06-06,19,43417,5,11251,7,31445,7,721,5,3486,14,20266,12,23752,California
Tuolumne,2021-06-07,59,43476,14,11265,37,31482,8,729,26,3487,33,20299,34,23786,California
Tuolumne,2021-06-08,74,43550,22,11287,51,31533,1,730,28,3472,44,20343,29,23815,California
Tuolumne,2021-06-09,87,43637,45,11332,32,31565,10,740,40,3476,46,20389,50,23865,California
Tuolumne,2021-06-10,97,43734,14,11346,76,31641,7,747,26,3438,71,20460,33,23898,California
Tuolumne,2021-06-11,101,43835,47,11393,51,31692,3,750,25,3391,75,20535,28,23926,California
Tuolumne,2021-06-12,62,43897,20,11413,26,31718,16,766,18,3383,42,20577,34,23960,California
Tuolumne,2021-06-13,17,43914,2,11415,10,31728,5,771,3,3377,14,20591,8,23968,California
Tuolumne,2021-06-14,100,44014,33,11448,63,31791,4,775,52,3385,48,20639,56,24024,California
Tuolumne,2021-06-15,130,44144,82,11530,39,31830,9,784,21,3308,107,20746,30,24054,California
Tuolumne,2021-06-16,96,44240,47,11577,46,31876,3,787,54,3324,41,20787,57,24111,California
Tuolumne,2021-06-17,45,44285,10,11587,34,31910,1,788,17,3314,28,20815,18,24129,California
Tuolumne,2021-06-18,170,44455,95,11682,61,31971,14,802,60,3278,109,20924,73,24202,California
Tuolumne,2021-06-19,26,44481,9,11691,14,31985,3,805,10,3275,16,20940,13,24215,California
Tuolumne,2021-06-20,13,44494,2,11693,11,31996,0,805,10,3282,3,20943,10,24225,California
Tuolumne,2021-06-21,40,44534,4,11697,35,32031,1,806,21,3285,19,20962,22,24247,California
Tuolumne,2021-06-22,42,44576,9,11706,33,32064,0,806,20,3284,21,20983,20,24267,California
Tuolumne,2021-06-23,48,44624,4,11710,26,32090,18,824,23,3300,25,21008,41,24308,California
Tuolumne,2021-06-24,26,44650,7,11717,16,32106,3,827,12,3303,14,21022,17,24325,California
Tuolumne,2021-06-25,15,44665,3,11720,11,32117,1,828,9,3307,6,21028,10,24335,California
Tuolumne,2021-06-26,7,44672,3,11723,4,32121,0,828,5,3310,2,21030,5,24340,California
Ventura,2020-12-15,5,5,5,5,0,0,0,0,5,5,0,0,5,5,California
Ventura,2020-12-16,75,80,75,80,0,0,0,0,75,80,0,0,75,80,California
Ventura,2020-12-17,314,394,314,394,0,0,0,0,314,394,0,0,314,394,California
Ventura,2020-12-18,1598,1992,1598,1992,0,0,0,0,1598,1992,0,0,1598,1992,California
Ventura,2020-12-19,986,2978,985,2977,1,1,0,0,986,2978,0,0,986,2978,California
Ventura,2020-12-20,459,3437,459,3436,0,1,0,0,459,3437,0,0,459,3437,California
Ventura,2020-12-21,1518,4955,1518,4954,0,1,0,0,1518,4955,0,0,1518,4955,California
Ventura,2020-12-22,1159,6114,1153,6107,6,7,0,0,1159,6114,0,0,1159,6114,California
Ventura,2020-12-23,1087,7201,1037,7144,50,57,0,0,1087,7201,0,0,1087,7201,California
Ventura,2020-12-24,479,7680,379,7523,100,157,0,0,479,7680,0,0,479,7680,California
Ventura,2020-12-25,12,7692,7,7530,5,162,0,0,12,7692,0,0,12,7692,California
Ventura,2020-12-26,112,7804,91,7621,21,183,0,0,112,7804,0,0,112,7804,California
Ventura,2020-12-27,59,7863,27,7648,32,215,0,0,59,7863,0,0,59,7863,California
Ventura,2020-12-28,1092,8955,949,8597,143,358,0,0,1092,8955,0,0,1092,8955,California
Ventura,2020-12-29,1185,10140,775,9372,410,768,0,0,1184,10139,0,0,1184,10139,California
Ventura,2020-12-30,1999,12139,1531,10903,468,1236,0,0,1999,12138,0,0,1999,12138,California
Ventura,2020-12-31,486,12625,164,11067,322,1558,0,0,481,12614,5,5,481,12619,California
Ventura,2021-01-01,38,12663,15,11082,23,1581,0,0,38,12652,0,5,38,12657,California
Ventura,2021-01-02,177,12840,81,11163,96,1677,0,0,177,12829,0,5,177,12834,California
Ventura,2021-01-03,19,12859,8,11171,11,1688,0,0,19,12848,0,5,19,12853,California
Ventura,2021-01-04,1031,13890,493,11664,538,2226,0,0,1029,13877,0,5,1029,13882,California
Ventura,2021-01-05,1380,15270,783,12447,597,2823,0,0,1268,15036,109,114,1268,15150,California
Ventura,2021-01-06,2073,17343,1188,13635,885,3708,0,0,1572,16118,492,606,1574,16724,California
Ventura,2021-01-07,2082,19425,1332,14967,750,4458,0,0,1039,16120,1038,1644,1040,17764,California
Ventura,2021-01-08,2199,21624,1475,16442,724,5182,0,0,905,15735,1292,2936,907,18671,California
Ventura,2021-01-09,724,22348,503,16945,221,5403,0,0,318,15647,406,3342,318,18989,California
Ventura,2021-01-10,344,22692,327,17272,17,5420,0,0,129,15561,215,3557,129,19118,California
Ventura,2021-01-11,2457,25149,1492,18764,965,6385,0,0,1503,16114,954,4511,1507,20625,California
Ventura,2021-01-12,3057,28206,1617,20381,1440,7825,0,0,1937,16931,1120,5631,1937,22562,California
Ventura,2021-01-13,2945,31151,1434,21815,1511,9336,0,0,2035,18060,907,6538,2036,24598,California
Ventura,2021-01-14,2791,33942,1106,22921,1685,11021,0,0,2328,19927,462,7000,2329,26927,California
Ventura,2021-01-15,2895,36837,967,23888,1928,12949,0,0,2681,22395,214,7214,2682,29609,California
Ventura,2021-01-16,490,37327,188,24076,302,13251,0,0,410,22725,80,7294,410,30019,California
Ventura,2021-01-17,267,37594,139,24215,128,13379,0,0,260,22979,6,7300,260,30279,California
Ventura,2021-01-18,2217,39811,1665,25880,552,13931,0,0,1667,24098,549,7849,1668,31947,California
Ventura,2021-01-19,3060,42871,2131,28011,929,14860,0,0,2150,25341,910,8759,2153,34100,California
Ventura,2021-01-20,4140,47011,3174,31185,966,15826,0,0,3074,27353,1063,9822,3075,37175,California
Ventura,2021-01-21,3884,50895,2703,33888,1181,17007,0,0,3202,29883,674,10496,3204,40379,California
Ventura,2021-01-22,3642,54537,2505,36393,1137,18144,0,0,3475,33191,167,10663,3475,43854,California
Ventura,2021-01-23,1192,55729,651,37044,541,18685,0,0,1091,34184,100,10763,1093,44947,California
Ventura,2021-01-24,456,56185,135,37179,321,19006,0,0,443,34614,13,10776,443,45390,California
Ventura,2021-01-25,3172,59357,2036,39215,1136,20142,0,0,2611,36666,560,11336,2612,48002,California
Ventura,2021-01-26,3735,63092,2213,41428,1522,21664,0,0,2724,38384,1007,12343,2725,50727,California
Ventura,2021-01-27,3507,66599,1569,42997,1938,23602,0,0,2752,40387,751,13094,2754,53481,California
Ventura,2021-01-28,3910,70509,2007,45004,1903,25505,0,0,3283,43062,611,13705,3286,56767,California
Ventura,2021-01-29,4305,74814,2540,47544,1765,27270,0,0,3794,46359,497,14202,3794,60561,California
Ventura,2021-01-30,3051,77865,1963,49507,1088,28358,0,0,2878,49069,169,14371,2879,63440,California
Ventura,2021-01-31,839,78704,447,49954,392,28750,0,0,751,49733,87,14458,751,64191,California
Ventura,2021-02-01,3997,82701,2125,52079,1872,30622,0,0,3211,52168,778,15236,3213,67404,California
Ventura,2021-02-02,4446,87147,2385,54464,2061,32683,0,0,3418,54565,1024,16260,3421,70825,California
Ventura,2021-02-03,4483,91630,2093,56557,2390,35073,0,0,3455,56999,1023,17283,3457,74282,California
Ventura,2021-02-04,4827,96457,2309,58866,2518,37591,0,0,3543,59270,1276,18559,3547,77829,California
Ventura,2021-02-05,4917,101374,2387,61253,2530,40121,0,0,3376,61122,1527,20086,3379,81208,California
Ventura,2021-02-06,2862,104236,1522,62775,1340,41461,0,0,2455,63171,406,20492,2455,83663,California
Ventura,2021-02-07,745,104981,245,63020,500,41961,0,0,620,63667,125,20617,621,84284,California
Ventura,2021-02-08,3524,108505,1633,64653,1891,43852,0,0,2436,65021,1083,21700,2437,86721,California
Ventura,2021-02-09,4753,113258,1978,66631,2775,46627,0,0,2483,65240,2267,23967,2486,89207,California
Ventura,2021-02-10,4770,118028,2254,68885,2516,49143,0,0,2406,65297,2350,26317,2407,91614,California
Ventura,2021-02-11,4727,122755,1884,70769,2843,51986,0,0,2481,65543,2238,28555,2484,94098,California
Ventura,2021-02-12,6393,129148,2693,73462,3700,55686,0,0,3266,65689,3120,31675,3266,97364,California
Ventura,2021-02-13,3332,132480,1846,75308,1486,57172,0,0,1859,66081,1469,33144,1861,99225,California
Ventura,2021-02-14,1230,133710,126,75434,1104,58276,0,0,1011,66876,218,33362,1013,100238,California
Ventura,2021-02-15,4032,137742,1827,77261,2205,60481,0,0,2130,67109,1899,35261,2132,102370,California
Ventura,2021-02-16,5595,143337,2740,80001,2855,63336,0,0,3030,67585,2555,37816,3031,105401,California
Ventura,2021-02-17,5347,148684,1937,81938,3410,66746,0,0,3354,68956,1983,39799,3354,108755,California
Ventura,2021-02-18,5814,154498,1842,83780,3972,70718,0,0,3650,70457,2149,41948,3650,112405,California
Ventura,2021-02-19,6492,160990,3783,87563,2709,73427,0,0,3011,69999,3475,45423,3017,115422,California
Ventura,2021-02-20,4963,165953,3185,90748,1778,75205,0,0,2773,70597,2179,47602,2777,118199,California
Ventura,2021-02-21,1116,167069,823,91571,293,75498,0,0,457,70400,654,48256,457,118656,California
Ventura,2021-02-22,5439,172508,2429,94000,3010,78508,0,0,3476,71925,1953,50209,3478,122134,California
Ventura,2021-02-23,5999,178507,2982,96982,3017,81525,0,0,3426,72802,2553,52762,3430,125564,California
Ventura,2021-02-24,7098,185605,2620,99602,4478,86003,0,0,4260,74243,2821,55583,4262,129826,California
Ventura,2021-02-25,7627,193232,2580,102182,5047,91050,0,0,4588,75811,3025,58608,4593,134419,California
Ventura,2021-02-26,9475,202707,2782,104964,6693,97743,0,0,6169,78703,3281,61889,6173,140592,California
Ventura,2021-02-27,10626,213333,5299,110263,5327,103070,0,0,7971,84047,2637,64526,7981,148573,California
Ventura,2021-02-28,2581,215914,1647,111910,933,104003,1,1,2101,85677,472,64998,2102,150675,California
Ventura,2021-03-01,7172,223086,2855,114765,4314,108317,3,4,4759,88059,2393,67391,4775,155450,California
Ventura,2021-03-02,7745,230831,4050,118815,3693,112010,2,6,5426,91178,2308,69699,5427,160877,California
Ventura,2021-03-03,8719,239550,3934,122749,4782,116792,3,9,6135,94757,2563,72262,6142,167019,California
Ventura,2021-03-04,8320,247870,3885,126634,4435,121227,0,9,5603,97665,2700,74962,5608,172627,California
Ventura,2021-03-05,10109,257979,4818,131452,5280,126507,11,20,7189,101975,2903,77865,7213,179840,California
Ventura,2021-03-06,7806,265785,4406,135858,3246,129753,154,174,5816,105967,1982,79847,5974,185814,California
Ventura,2021-03-07,1669,267454,619,136477,949,130702,101,275,1249,106899,420,80267,1352,187166,California
Ventura,2021-03-08,6863,274317,3446,139923,3261,133963,156,431,4745,109695,2109,82376,4905,192071,California
Ventura,2021-03-09,6898,281215,3035,142958,3663,137626,200,631,3995,111008,2888,85264,4201,196272,California
Ventura,2021-03-10,7055,288270,3022,145980,3791,141417,242,873,4702,113614,2338,87602,4944,201216,California
Ventura,2021-03-11,6587,294857,2908,148888,3362,144779,317,1190,3589,114539,2980,90582,3905,205121,California
Ventura,2021-03-12,8764,303621,3062,151950,4858,149637,844,2034,4284,115205,4460,95042,5126,210247,California
Ventura,2021-03-13,7318,310939,2512,154462,3960,153597,846,2880,4353,117447,2955,97997,5197,215444,California
Ventura,2021-03-14,2146,313085,490,154952,1160,154757,496,3376,725,117250,1419,99416,1222,216666,California
Ventura,2021-03-15,7131,320216,2059,157011,3724,158481,1348,4724,3167,117823,3937,103353,4510,221176,California
Ventura,2021-03-16,8194,328410,2470,159481,4610,163091,1114,5838,4242,119238,3939,107292,5354,226530,California
Ventura,2021-03-17,7745,336155,2808,162289,4588,167679,349,6187,4713,121290,3011,110303,5063,231593,California
Ventura,2021-03-18,7608,343763,3307,165596,4148,171827,153,6340,5004,123857,2590,112893,5157,236750,California
Ventura,2021-03-19,8707,352470,3833,169429,4761,176588,113,6453,5292,125871,3389,116282,5403,242153,California
Ventura,2021-03-20,8918,361388,5956,175385,2938,179526,24,6477,4640,126283,4254,120536,4666,246819,California
Ventura,2021-03-21,2812,364200,1531,176916,909,180435,372,6849,1323,126499,1475,122011,1691,248510,California
Ventura,2021-03-22,7465,371665,3735,180651,3628,184063,102,6951,4929,129016,2516,124527,5033,253543,California
Ventura,2021-03-23,8299,379964,3959,184610,4266,188329,74,7025,4669,130157,3600,128127,4741,258284,California
Ventura,2021-03-24,8969,388933,3437,188047,5454,193783,78,7103,4491,130284,4446,132573,4573,262857,California
Ventura,2021-03-25,8881,397814,3933,191980,4844,198627,104,7207,4502,130531,4358,136931,4605,267462,California
Ventura,2021-03-26,9994,407808,3385,195365,5955,204582,654,7861,4030,129280,5932,142863,4681,272143,California
Ventura,2021-03-27,8799,416607,3950,199315,4806,209388,43,7904,2436,125437,6323,149186,2480,274623,California
Ventura,2021-03-28,2551,419158,1432,200747,1110,210498,9,7913,1379,125659,1166,150352,1388,276011,California
Ventura,2021-03-29,8668,427826,4331,205078,4291,214789,46,7959,4288,125645,4348,154700,4334,280345,California
Ventura,2021-03-30,9040,436866,4482,209560,4427,219216,131,8090,4406,125564,4618,159318,4537,284882,California
Ventura,2021-03-31,10874,447740,4881,214441,5364,224580,629,8719,4707,124758,6139,165457,5333,290215,California
Ventura,2021-04-01,10951,458691,5313,219754,4749,229329,889,9608,5529,125795,5376,170833,6413,296628,California
Ventura,2021-04-02,11877,470568,4668,224422,5862,235191,1347,10955,5700,126699,6144,176977,7048,303676,California
Ventura,2021-04-03,8164,478732,4039,228461,2946,238137,1179,12134,3446,126611,4706,181683,4618,308294,California
Ventura,2021-04-04,1721,480453,963,229424,623,238760,135,12269,1148,127328,566,182249,1283,309577,California
Ventura,2021-04-05,9477,489930,4880,234304,3476,242236,1121,13390,4838,128659,4625,186874,5956,315533,California
Ventura,2021-04-06,11025,500955,5586,239890,3941,246177,1498,14888,5667,130493,5329,192203,7163,322696,California
Ventura,2021-04-07,11533,512488,5421,245311,4598,250775,1514,16402,5277,131041,6236,198439,6784,329480,California
Ventura,2021-04-08,10511,522999,5303,250614,4221,254996,987,17389,5245,132024,5240,203679,6223,335703,California
Ventura,2021-04-09,11400,534399,4400,255014,5269,260265,1731,19120,4993,132358,6382,210061,6716,342419,California
Ventura,2021-04-10,9886,544285,4176,259190,3537,263802,2173,21293,3068,130794,6800,216861,5236,347655,California
Ventura,2021-04-11,2453,546738,862,260052,1015,264817,576,21869,687,130300,1755,218616,1261,348916,California
Ventura,2021-04-12,9127,555865,4538,264590,3753,268570,836,22705,3825,129673,5282,223898,4655,353571,California
Ventura,2021-04-13,8975,564840,4576,269166,4393,272963,6,22711,3798,128339,5138,229036,3804,357375,California
Ventura,2021-04-14,8907,573747,4151,273317,4741,277704,15,22726,3416,126326,5450,234486,3437,360812,California
Ventura,2021-04-15,9536,583283,4613,277930,4896,282600,27,22753,4111,125078,5387,239873,4139,364951,California
Ventura,2021-04-16,10362,593645,4578,282508,5782,288382,2,22755,4884,124517,5452,245325,4891,369842,California
Ventura,2021-04-17,9063,602708,5410,287918,3639,292021,14,22769,5283,126052,3762,249087,5297,375139,California
Ventura,2021-04-18,2243,604951,1107,289025,1136,293157,0,22769,970,125758,1265,250352,971,376110,California
Ventura,2021-04-19,8171,613122,4874,293899,3294,296451,3,22772,4695,127007,3450,253802,4699,380809,California
Ventura,2021-04-20,9591,622713,5103,299002,4483,300934,5,22777,4523,126494,5041,258843,4528,385337,California
Ventura,2021-04-21,9226,631939,4810,303812,4411,305345,5,22782,4415,126123,4791,263634,4420,389757,California
Ventura,2021-04-22,10199,642138,5577,309389,4621,309966,1,22783,4533,125013,5646,269280,4536,394293,California
Ventura,2021-04-23,11045,653183,5511,314900,5533,315499,1,22784,5490,124980,5525,274805,5492,399785,California
Ventura,2021-04-24,10577,663760,5914,320814,4663,320162,0,22784,6212,126846,4347,279152,6213,405998,California
Ventura,2021-04-25,2492,666252,1720,322534,772,320934,0,22784,1160,126678,1328,280480,1160,407158,California
Ventura,2021-04-26,8027,674279,4612,327146,3348,324282,67,22851,3340,125422,4658,285138,3402,410560,California
Ventura,2021-04-27,9224,683503,5151,332297,3845,328127,228,23079,3477,123399,5727,290865,3704,414264,California
Ventura,2021-04-28,8441,691944,4896,337193,3224,331351,321,23400,3312,121931,5102,295967,3634,417898,California
Ventura,2021-04-29,7962,699906,4295,341488,3403,334754,264,23664,2833,119926,5101,301068,3096,420994,California
Ventura,2021-04-30,9536,709442,5511,346999,3750,338504,275,23939,3930,118551,5570,306638,4195,425189,California
Ventura,2021-05-01,5154,714596,3644,350643,1404,339908,106,24045,2044,117614,3084,309722,2147,427336,California
Ventura,2021-05-02,2137,716733,1431,352074,615,340523,91,24136,1034,117643,1097,310819,1126,428462,California
Ventura,2021-05-03,6325,723058,3890,355964,2154,342677,281,24417,1982,115584,4322,315141,2263,430725,California
Ventura,2021-05-04,6460,729518,3381,359345,2781,345458,298,24715,2327,114092,4118,319259,2626,433351,California
Ventura,2021-05-05,5481,734999,3071,362416,2150,347608,260,24975,1957,112809,3494,322753,2211,435562,California
Ventura,2021-05-06,6245,741244,3222,365638,2754,350362,269,25244,1996,110847,4228,326981,2266,437828,California
Ventura,2021-05-07,6920,748164,3470,369108,3175,353537,275,25519,2357,108944,4534,331515,2631,440459,California
Ventura,2021-05-08,5412,753576,4210,373318,1044,354581,158,25677,1218,106138,4180,335695,1374,441833,California
Ventura,2021-05-09,1129,754705,822,374140,261,354842,46,25723,428,105918,693,336388,473,442306,California
Ventura,2021-05-10,6161,760866,4107,378247,1844,356686,210,25933,1391,102762,4756,341144,1600,443906,California
Ventura,2021-05-11,5354,766220,3302,381549,1828,358514,224,26157,1503,100649,3839,344983,1726,445632,California
Ventura,2021-05-12,5065,771285,2986,384535,1859,360373,220,26377,1534,98888,3515,348498,1754,447386,California
Ventura,2021-05-13,6354,777639,3846,388381,2301,362674,207,26584,2269,97298,4069,352567,2479,449865,California
Ventura,2021-05-14,7506,785145,4656,393037,2637,365311,213,26797,2836,95692,4651,357218,3045,452910,California
Ventura,2021-05-15,6751,791896,5389,398426,1274,366585,88,26885,2802,94659,3923,361141,2890,455800,California
Ventura,2021-05-16,2196,794092,1704,400130,440,367025,52,26937,1033,94586,1158,362299,1085,456885,California
Ventura,2021-05-17,5897,799989,3561,403691,2122,369147,214,27151,2406,93732,3473,365772,2619,459504,California
Ventura,2021-05-18,5423,805412,3168,406859,2075,371222,180,27331,2131,92769,3273,369045,2310,461814,California
Ventura,2021-05-19,5842,811254,3527,410386,2104,373326,211,27542,2365,91892,3449,372494,2572,464386,California
Ventura,2021-05-20,5490,816744,3045,413431,2286,375612,159,27701,2126,90839,3334,375828,2281,466667,California
Ventura,2021-05-21,7930,824674,4468,417899,3286,378898,176,27877,2562,88243,5335,381163,2739,469406,California
Ventura,2021-05-22,5653,830327,2892,420791,2686,381584,75,27952,1765,86205,3878,385041,1840,471246,California
Ventura,2021-05-23,1984,832311,1520,422311,392,381976,72,28024,734,85771,1240,386281,806,472052,California
Ventura,2021-05-24,4550,836861,2472,424783,1910,383886,168,28192,1453,84311,3078,389359,1618,473670,California
Ventura,2021-05-25,4297,841158,2230,427013,1915,385801,152,28344,1417,83017,2862,392221,1568,475238,California
Ventura,2021-05-26,4280,845438,2281,429294,1835,387636,164,28508,1646,82213,2614,394835,1810,477048,California
Ventura,2021-05-27,3872,849310,1911,431205,1833,389469,128,28636,1379,81239,2480,397315,1506,478554,California
Ventura,2021-05-28,4568,853878,2480,433685,1894,391363,194,28830,1980,80838,2570,399885,2169,480723,California
Ventura,2021-05-29,2159,856037,1350,435035,742,392105,67,28897,1054,80865,1094,400979,1121,481844,California
Ventura,2021-05-30,911,856948,583,435618,275,392380,53,28950,357,80724,551,401530,410,482254,California
Ventura,2021-05-31,258,857206,138,435756,111,392491,9,28959,61,80597,197,401727,70,482324,California
Ventura,2021-06-01,4003,861209,2276,438032,1561,394052,166,29125,1285,79351,2697,404424,1451,483775,California
Ventura,2021-06-02,2965,864174,1631,439663,1198,395250,136,29261,1005,78548,1944,406368,1141,484916,California
Ventura,2021-06-03,3242,867416,2005,441668,1082,396332,155,29416,883,77238,2347,408715,1037,485953,California
Ventura,2021-06-04,4594,872010,3023,444691,1410,397742,161,29577,1418,75654,3162,411877,1578,487531,California
Ventura,2021-06-05,3812,875822,3183,447874,566,398308,63,29640,1155,74228,2644,414521,1218,488749,California
Ventura,2021-06-06,1249,877071,1067,448941,137,398445,45,29685,285,73603,954,415475,329,489078,California
Ventura,2021-06-07,3169,880240,2355,451296,704,399149,110,29795,948,72454,2206,417681,1057,490135,California
Ventura,2021-06-08,3020,883260,1993,453289,894,400043,133,29928,880,71339,2128,419809,1013,491148,California
Ventura,2021-06-09,2943,886203,2050,455339,787,400830,106,30034,762,70037,2169,421978,867,492015,California
Ventura,2021-06-10,3028,889231,2117,457456,809,401639,102,30136,808,68737,2208,424186,908,492923,California
Ventura,2021-06-11,3467,892698,2380,459836,949,402588,138,30274,979,67373,2478,426664,1114,494037,California
Ventura,2021-06-12,2164,894862,1697,461533,421,403009,46,30320,518,66300,1637,428301,564,494601,California
Ventura,2021-06-13,1014,895876,777,462310,173,403182,64,30384,238,65829,775,429076,304,494905,California
Ventura,2021-06-14,2647,898523,1809,464119,709,403891,129,30513,815,64952,1820,430896,943,495848,California
Ventura,2021-06-15,2436,900959,1571,465690,755,404646,110,30623,849,64335,1574,432470,957,496805,California
Ventura,2021-06-16,2485,903444,1823,467513,556,405202,106,30729,827,63628,1639,434109,932,497737,California
Ventura,2021-06-17,2216,905660,1557,469070,563,405765,96,30825,820,63156,1388,435497,916,498653,California
Ventura,2021-06-18,2960,908620,2087,471157,749,406514,124,30949,974,62281,1972,437469,1097,499750,California
Ventura,2021-06-19,1373,909993,1064,472221,284,406798,25,30974,522,61988,840,438309,547,500297,California
Ventura,2021-06-20,693,910686,538,472759,114,406912,41,31015,262,61863,428,438737,303,500600,California
Ventura,2021-06-21,1687,912373,1082,473841,488,407400,117,31132,839,61980,838,439575,955,501555,California
Ventura,2021-06-22,1963,914336,1380,475221,486,407886,97,31229,733,61591,1218,440793,829,502384,California
Ventura,2021-06-23,1768,916104,1215,476436,450,408336,103,31332,733,61400,1026,441819,835,503219,California
Ventura,2021-06-24,1790,917894,1185,477621,496,408832,109,31441,711,61152,1068,442887,820,504039,California
Ventura,2021-06-25,2396,920290,1602,479223,622,409454,172,31613,866,60669,1521,444408,1038,505077,California
Ventura,2021-06-26,1103,921393,871,480094,177,409631,55,31668,396,60417,703,445111,451,505528,California
Yolo,2020-12-15,39,39,39,39,0,0,0,0,39,39,0,0,39,39,California
Yolo,2020-12-16,79,118,79,118,0,0,0,0,79,118,0,0,79,118,California
Yolo,2020-12-17,104,222,104,222,0,0,0,0,104,222,0,0,104,222,California
Yolo,2020-12-18,234,456,234,456,0,0,0,0,234,456,0,0,234,456,California
Yolo,2020-12-19,88,544,88,544,0,0,0,0,88,544,0,0,88,544,California
Yolo,2020-12-20,101,645,101,645,0,0,0,0,101,645,0,0,101,645,California
Yolo,2020-12-21,255,900,255,900,0,0,0,0,255,900,0,0,255,900,California
Yolo,2020-12-22,385,1285,384,1284,1,1,0,0,385,1285,0,0,385,1285,California
Yolo,2020-12-23,438,1723,418,1702,20,21,0,0,438,1723,0,0,438,1723,California
Yolo,2020-12-24,153,1876,97,1799,56,77,0,0,153,1876,0,0,153,1876,California
Yolo,2020-12-25,1,1877,1,1800,0,77,0,0,1,1877,0,0,1,1877,California
Yolo,2020-12-26,75,1952,25,1825,50,127,0,0,75,1952,0,0,75,1952,California
Yolo,2020-12-27,46,1998,19,1844,27,154,0,0,46,1998,0,0,46,1998,California
Yolo,2020-12-28,404,2402,233,2077,171,325,0,0,404,2402,0,0,404,2402,California
Yolo,2020-12-29,494,2896,269,2346,225,550,0,0,494,2896,0,0,494,2896,California
Yolo,2020-12-30,626,3522,256,2602,370,920,0,0,626,3522,0,0,626,3522,California
Yolo,2020-12-31,184,3706,94,2696,90,1010,0,0,184,3706,0,0,184,3706,California
Yolo,2021-01-01,58,3764,56,2752,2,1012,0,0,58,3764,0,0,58,3764,California
Yolo,2021-01-02,70,3834,27,2779,43,1055,0,0,70,3834,0,0,70,3834,California
Yolo,2021-01-03,44,3878,19,2798,25,1080,0,0,44,3878,0,0,44,3878,California
Yolo,2021-01-04,193,4071,41,2839,152,1232,0,0,193,4071,0,0,193,4071,California
Yolo,2021-01-05,618,4689,236,3075,382,1614,0,0,555,4563,63,63,555,4626,California
Yolo,2021-01-06,486,5175,185,3260,301,1915,0,0,347,4771,139,202,347,4973,California
Yolo,2021-01-07,713,5888,236,3496,477,2392,0,0,519,5097,193,395,519,5492,California
Yolo,2021-01-08,634,6522,313,3809,321,2713,0,0,408,5280,225,620,408,5900,California
Yolo,2021-01-09,411,6933,71,3880,340,3053,0,0,365,5599,46,666,365,6265,California
Yolo,2021-01-10,394,7327,80,3960,314,3367,0,0,324,5853,70,736,324,6589,California
Yolo,2021-01-11,564,7891,328,4288,236,3603,0,0,290,5871,274,1010,292,6881,California
Yolo,2021-01-12,567,8458,445,4733,122,3725,0,0,196,5697,371,1381,197,7078,California
Yolo,2021-01-13,776,9234,314,5047,462,4187,0,0,522,5965,254,1635,522,7600,California
Yolo,2021-01-14,381,9615,183,5230,198,4385,0,0,277,6138,104,1739,277,7877,California
Yolo,2021-01-15,632,10247,323,5553,309,4694,0,0,551,6609,81,1820,552,8429,California
Yolo,2021-01-16,745,10992,96,5649,649,5343,0,0,714,7292,31,1851,714,9143,California
Yolo,2021-01-17,192,11184,121,5770,71,5414,0,0,185,7470,7,1858,185,9328,California
Yolo,2021-01-18,484,11668,305,6075,179,5593,0,0,333,7652,151,2009,333,9661,California
Yolo,2021-01-19,559,12227,372,6447,187,5780,0,0,382,7857,177,2186,382,10043,California
Yolo,2021-01-20,663,12890,383,6830,280,6060,0,0,475,8145,187,2373,475,10518,California
Yolo,2021-01-21,649,13539,384,7214,265,6325,0,0,460,8416,189,2562,460,10978,California
Yolo,2021-01-22,756,14295,254,7468,502,6827,0,0,639,8940,115,2677,639,11617,California
Yolo,2021-01-23,624,14919,125,7593,499,7326,0,0,575,9466,49,2726,575,12192,California
Yolo,2021-01-24,208,15127,123,7716,85,7411,0,0,167,9592,41,2767,167,12359,California
Yolo,2021-01-25,737,15864,159,7875,578,7989,0,0,513,9881,224,2991,513,12872,California
Yolo,2021-01-26,829,16693,326,8201,503,8492,0,0,434,9920,395,3386,434,13306,California
Yolo,2021-01-27,683,17376,230,8431,453,8945,0,0,399,10035,284,3670,399,13705,California
Yolo,2021-01-28,1053,18429,567,8998,486,9431,0,0,927,10837,125,3795,927,14632,California
Yolo,2021-01-29,918,19347,267,9265,651,10082,0,0,833,11586,84,3879,833,15465,California
Yolo,2021-01-30,1530,20877,923,10188,607,10689,0,0,1410,12882,114,3993,1410,16875,California
Yolo,2021-01-31,240,21117,202,10390,38,10727,0,0,211,13065,28,4021,211,17086,California
Yolo,2021-02-01,856,21973,365,10755,491,11218,0,0,619,13450,234,4255,619,17705,California
Yolo,2021-02-02,1354,23327,756,11511,598,11816,0,0,935,13967,419,4674,936,18641,California
Yolo,2021-02-03,1531,24858,399,11910,1132,12948,0,0,1188,14815,340,5014,1188,19829,California
Yolo,2021-02-04,1809,26667,285,12195,1524,14472,0,0,1255,15528,543,5557,1256,21085,California
Yolo,2021-02-05,1613,28280,916,13111,697,15169,0,0,1208,16333,404,5961,1209,22294,California
Yolo,2021-02-06,1926,30206,1255,14366,671,15840,0,0,1563,17534,363,6324,1564,23858,California
Yolo,2021-02-07,523,30729,252,14618,271,16111,0,0,172,17356,350,6674,172,24030,California
Yolo,2021-02-08,952,31681,335,14953,617,16728,0,0,605,17618,343,7017,605,24635,California
Yolo,2021-02-09,860,32541,386,15339,474,17202,0,0,573,17904,287,7304,573,25208,California
Yolo,2021-02-10,1478,34019,483,15822,995,18197,0,0,831,18090,647,7951,833,26041,California
Yolo,2021-02-11,1581,35600,808,16630,773,18970,0,0,1186,18881,395,8346,1186,27227,California
Yolo,2021-02-12,1935,37535,761,17391,1174,20144,0,0,1451,19853,480,8826,1452,28679,California
Yolo,2021-02-13,2060,39595,714,18105,1346,21490,0,0,1385,20563,675,9501,1385,30064,California
Yolo,2021-02-14,574,40169,155,18260,419,21909,0,0,447,20884,126,9627,447,30511,California
Yolo,2021-02-15,534,40703,192,18452,342,22251,0,0,265,20881,269,9896,266,30777,California
Yolo,2021-02-16,1138,41841,427,18879,711,22962,0,0,811,21366,327,10223,812,31589,California
Yolo,2021-02-17,1393,43234,702,19581,691,23653,0,0,991,21955,402,10625,991,32580,California
Yolo,2021-02-18,2501,45735,818,20399,1683,25336,0,0,1723,22902,777,11402,1724,34304,California
Yolo,2021-02-19,1761,47496,754,21153,1007,26343,0,0,1133,23409,626,12028,1133,35437,California
Yolo,2021-02-20,2463,49959,957,22110,1506,27849,0,0,1372,23697,1085,13113,1373,36810,California
Yolo,2021-02-21,293,50252,231,22341,62,27911,0,0,80,23565,212,13325,80,36890,California
Yolo,2021-02-22,1374,51626,600,22941,774,28685,0,0,695,23582,678,14003,695,37585,California
Yolo,2021-02-23,1148,52774,856,23797,292,28977,0,0,442,23320,704,14707,442,38027,California
Yolo,2021-02-24,2098,54872,597,24394,1501,30478,0,0,1385,23994,711,15418,1385,39412,California
Yolo,2021-02-25,1398,56270,495,24889,903,31381,0,0,922,24441,475,15893,922,40334,California
Yolo,2021-02-26,2655,58925,1044,25933,1611,32992,0,0,1386,24561,1266,17159,1386,41720,California
Yolo,2021-02-27,1690,60615,781,26714,909,33901,0,0,1235,25341,455,17614,1235,42955,California
Yolo,2021-02-28,1825,62440,1524,28238,301,34202,0,0,709,24937,1114,18728,710,43665,California
Yolo,2021-03-01,1149,63589,378,28616,771,34973,0,0,693,25176,454,19182,693,44358,California
Yolo,2021-03-02,1485,65074,703,29319,782,35755,0,0,951,25593,534,19716,951,45309,California
Yolo,2021-03-03,1876,66950,650,29969,1226,36981,0,0,849,25417,1025,20741,849,46158,California
Yolo,2021-03-04,2933,69883,1470,31439,1463,38444,0,0,1566,25619,1364,22105,1566,47724,California
Yolo,2021-03-05,2368,72251,1411,32850,946,39390,11,11,1473,26209,894,22999,1484,49208,California
Yolo,2021-03-06,1491,73742,1136,33986,326,39716,29,40,850,26450,638,23637,879,50087,California
Yolo,2021-03-07,918,74660,680,34666,224,39940,14,54,782,27110,136,23773,796,50883,California
Yolo,2021-03-08,1104,75764,494,35160,567,40507,43,97,773,27597,330,24103,817,51700,California
Yolo,2021-03-09,1279,77043,691,35851,525,41032,63,160,784,27951,493,24596,847,52547,California
Yolo,2021-03-10,1825,78868,1061,36912,472,41504,292,452,758,27932,1062,25658,1043,53590,California
Yolo,2021-03-11,2353,81221,1603,38515,684,42188,66,518,1610,28867,742,26400,1677,55267,California
Yolo,2021-03-12,2923,84144,1360,39875,1482,43670,81,599,1378,28790,1537,27937,1460,56727,California
Yolo,2021-03-13,1850,85994,735,40610,939,44609,176,775,1003,29125,844,28781,1179,57906,California
Yolo,2021-03-14,1016,87010,213,40823,652,45261,151,926,525,29305,490,29271,670,58576,California
Yolo,2021-03-15,1322,88332,767,41590,376,45637,179,1105,709,29578,611,29882,884,59460,California
Yolo,2021-03-16,1884,90216,724,42314,1088,46725,72,1177,1116,29998,768,30650,1188,60648,California
Yolo,2021-03-17,2528,92744,988,43302,1467,48192,73,1250,1733,31043,792,31442,1837,62485,California
Yolo,2021-03-18,3044,95788,1040,44342,1778,49970,226,1476,1260,30749,1780,33222,1486,63971,California
Yolo,2021-03-19,2105,97893,877,45219,1159,51129,69,1545,1086,30891,1013,34235,1155,65126,California
Yolo,2021-03-20,2780,100673,821,46040,1917,53046,42,1587,1096,30353,1678,35913,1140,66266,California
Yolo,2021-03-21,317,100990,215,46255,94,53140,8,1595,209,30463,107,36020,217,66483,California
Yolo,2021-03-22,1409,102399,496,46751,855,53995,58,1653,922,30958,484,36504,979,67462,California
Yolo,2021-03-23,1762,104161,950,47701,755,54750,57,1710,1084,31421,677,37181,1140,68602,California
Yolo,2021-03-24,2884,107045,1408,49109,1426,56176,50,1760,1399,31399,1472,38653,1450,70052,California
Yolo,2021-03-25,2558,109603,1422,50531,1107,57283,29,1789,1260,31401,1287,39940,1289,71341,California
Yolo,2021-03-26,2412,112015,1265,51796,1127,58410,20,1809,1026,31067,1379,41319,1045,72386,California
Yolo,2021-03-27,1660,113675,458,52254,1184,59594,18,1827,753,30932,906,42225,771,73157,California
Yolo,2021-03-28,1110,114785,866,53120,225,59819,19,1846,256,30356,850,43075,274,73431,California
Yolo,2021-03-29,2029,116814,824,53944,1175,60994,30,1876,965,30291,1060,44135,995,74426,California
Yolo,2021-03-30,2289,119103,1086,55030,1181,62175,22,1898,1170,30370,1114,45249,1193,75619,California
Yolo,2021-03-31,2356,121459,1227,56257,1092,63267,37,1935,1179,30410,1176,46425,1216,76835,California
Yolo,2021-04-01,3854,125313,1863,58120,1515,64782,476,2411,1609,30252,2242,48667,2084,78919,California
Yolo,2021-04-02,3405,128718,1526,59646,1733,66515,146,2557,2108,31215,1291,49958,2254,81173,California
Yolo,2021-04-03,1826,130544,1104,60750,501,67016,221,2778,807,31225,1018,50976,1028,82201,California
Yolo,2021-04-04,395,130939,157,60907,177,67193,61,2839,147,31185,248,51224,208,82409,California
Yolo,2021-04-05,1920,132859,737,61644,1083,68276,100,2939,1020,31411,895,52119,1121,83530,California
Yolo,2021-04-06,2589,135448,1318,62962,1101,69377,170,3109,1308,31617,1271,53390,1477,85007,California
Yolo,2021-04-07,2991,138439,1518,64480,1117,70494,356,3465,1922,32835,1064,54454,2282,87289,California
Yolo,2021-04-08,2429,140868,1008,65488,946,71440,475,3940,1030,32940,1396,55850,1501,88790,California
Yolo,2021-04-09,2598,143466,922,66410,1095,72535,581,4521,854,32626,1741,57591,1427,90217,California
Yolo,2021-04-10,1763,145229,830,67240,750,73285,183,4704,1041,33131,718,58309,1223,91440,California
Yolo,2021-04-11,895,146124,286,67526,565,73850,44,4748,369,33020,523,58832,412,91852,California
Yolo,2021-04-12,1773,147897,529,68055,1102,74952,142,4890,1099,33591,671,59503,1242,93094,California
Yolo,2021-04-13,1993,149890,920,68975,1073,76025,0,4890,1047,33693,945,60448,1047,94141,California
Yolo,2021-04-14,2803,152693,773,69748,2030,78055,0,4890,1381,33658,1416,61864,1381,95522,California
Yolo,2021-04-15,3350,156043,1139,70887,2211,80266,0,4890,2294,34902,1050,62914,2294,97816,California
Yolo,2021-04-16,3095,159138,1997,72884,1098,81364,0,4890,1980,35775,1107,64021,1980,99796,California
Yolo,2021-04-17,1626,160764,478,73362,1148,82512,0,4890,848,35848,775,64796,848,100644,California
Yolo,2021-04-18,648,161412,320,73682,328,82840,0,4890,363,35930,281,65077,363,101007,California
Yolo,2021-04-19,1691,163103,730,74412,960,83800,1,4891,781,35807,905,65982,782,101789,California
Yolo,2021-04-20,2057,165160,1058,75470,999,84799,0,4891,1091,35934,964,66946,1091,102880,California
Yolo,2021-04-21,2066,167226,1059,76529,1007,85806,0,4891,1114,36101,947,67893,1114,103994,California
Yolo,2021-04-22,1985,169211,914,77443,1071,86877,0,4891,981,36085,998,68891,982,104976,California
Yolo,2021-04-23,2649,171860,1561,79004,1088,87965,0,4891,1164,35775,1474,70365,1164,106140,California
Yolo,2021-04-24,1173,173033,647,79651,523,88488,3,4894,462,35537,703,71068,465,106605,California
Yolo,2021-04-25,951,173984,406,80057,545,89033,0,4894,728,36043,222,71290,728,107333,California
Yolo,2021-04-26,1244,175228,497,80554,744,89777,3,4897,528,35862,713,72003,532,107865,California
Yolo,2021-04-27,1561,176789,735,81289,807,90584,19,4916,609,35540,952,72955,630,108495,California
Yolo,2021-04-28,2068,178857,1028,82317,1013,91597,27,4943,750,35003,1314,74269,777,109272,California
Yolo,2021-04-29,1790,180647,854,83171,853,92450,83,5026,710,34718,1076,75345,791,110063,California
Yolo,2021-04-30,2037,182684,1020,84191,958,93408,59,5085,975,34696,1055,76400,1033,111096,California
Yolo,2021-05-01,1287,183971,997,85188,270,93678,20,5105,378,34186,908,77308,398,111494,California
Yolo,2021-05-02,522,184493,428,85616,71,93749,23,5128,324,34335,198,77506,347,111841,California
Yolo,2021-05-03,1121,185614,405,86021,682,94431,34,5162,300,33849,819,78325,333,112174,California
Yolo,2021-05-04,1472,187086,686,86707,761,95192,25,5187,510,33426,958,79283,535,112709,California
Yolo,2021-05-05,1589,188675,456,87163,1067,96259,66,5253,460,32830,1122,80405,526,113235,California
Yolo,2021-05-06,1525,190200,712,87875,731,96990,82,5335,500,32401,1011,81416,582,113817,California
Yolo,2021-05-07,2324,192524,1401,89276,872,97862,51,5386,466,31066,1850,83266,515,114332,California
Yolo,2021-05-08,852,193376,376,89652,420,98282,56,5442,322,30915,527,83793,376,114708,California
Yolo,2021-05-09,402,193778,171,89823,218,98500,13,5455,91,30709,310,84103,104,114812,California
Yolo,2021-05-10,908,194686,360,90183,503,99003,45,5500,154,30155,752,84855,198,115010,California
Yolo,2021-05-11,1177,195863,695,90878,460,99463,22,5522,293,29592,878,85733,315,115325,California
Yolo,2021-05-12,1584,197447,717,91595,834,100297,33,5555,308,28663,1273,87006,344,115669,California
Yolo,2021-05-13,2179,199626,859,92454,1265,101562,55,5610,646,27835,1529,88535,701,116370,California
Yolo,2021-05-14,2033,201659,1517,93971,485,102047,31,5641,1150,28136,880,89415,1181,117551,California
Yolo,2021-05-15,1278,202937,734,94705,497,102544,47,5688,661,28227,617,90032,708,118259,California
Yolo,2021-05-16,1449,204386,1238,95943,204,102748,7,5695,1012,28814,432,90464,1019,119278,California
Yolo,2021-05-17,1136,205522,445,96388,673,103421,18,5713,351,28402,781,91245,369,119647,California
Yolo,2021-05-18,1692,207214,1109,97497,561,103982,22,5735,912,28561,775,92020,934,120581,California
Yolo,2021-05-19,1007,208221,586,98083,382,104364,39,5774,483,28561,522,92542,522,121103,California
Yolo,2021-05-20,1097,209318,700,98783,371,104735,26,5800,380,28256,711,93253,406,121509,California
Yolo,2021-05-21,1440,210758,931,99714,482,105217,27,5827,361,27569,1073,94326,386,121895,California
Yolo,2021-05-22,824,211582,540,100254,276,105493,8,5835,282,27324,536,94862,291,122186,California
Yolo,2021-05-23,615,212197,164,100418,435,105928,16,5851,106,26939,508,95370,123,122309,California
Yolo,2021-05-24,707,212904,349,100767,338,106266,20,5871,220,26696,484,95854,241,122550,California
Yolo,2021-05-25,882,213786,510,101277,349,106615,23,5894,340,26523,536,96390,363,122913,California
Yolo,2021-05-26,822,214608,272,101549,517,107132,33,5927,252,26242,566,96956,285,123198,California
Yolo,2021-05-27,761,215369,382,101931,328,107460,51,5978,305,26146,452,97408,356,123554,California
Yolo,2021-05-28,878,216247,400,102331,449,107909,29,6007,377,26054,497,97905,405,123959,California
Yolo,2021-05-29,599,216846,347,102678,216,108125,36,6043,271,26033,326,98231,305,124264,California
Yolo,2021-05-30,135,216981,70,102748,58,108183,7,6050,54,26015,79,98310,61,124325,California
Yolo,2021-05-31,68,217049,19,102767,47,108230,2,6052,16,25980,52,98362,17,124342,California
Yolo,2021-06-01,757,217806,327,103094,405,108635,25,6077,246,25746,505,98867,271,124613,California
Yolo,2021-06-02,763,218569,306,103400,436,109071,21,6098,235,25477,525,99392,256,124869,California
Yolo,2021-06-03,930,219499,592,103992,314,109385,24,6122,216,25006,711,100103,240,125109,California
Yolo,2021-06-04,1495,220994,1216,105208,256,109641,23,6145,381,24299,1110,101213,403,125512,California
Yolo,2021-06-05,718,221712,547,105755,154,109795,17,6162,148,23894,570,101783,165,125677,California
Yolo,2021-06-06,1109,222821,1045,106800,57,109852,7,6169,157,23107,951,102734,164,125841,California
Yolo,2021-06-07,516,223337,271,107071,226,110078,19,6188,149,22912,363,103097,168,126009,California
Yolo,2021-06-08,1044,224381,814,107885,212,110290,18,6206,200,22287,843,103940,218,126227,California
Yolo,2021-06-09,792,225173,492,108377,269,110559,31,6237,260,22048,529,104469,290,126517,California
Yolo,2021-06-10,571,225744,361,108738,177,110736,33,6270,167,21846,402,104871,200,126717,California
Yolo,2021-06-11,654,226398,447,109185,183,110919,24,6294,195,21608,457,105328,219,126936,California
Yolo,2021-06-12,482,226880,278,109463,179,111098,25,6319,146,21445,334,105662,171,127107,California
Yolo,2021-06-13,155,227035,116,109579,38,111136,1,6320,63,21419,91,105753,65,127172,California
Yolo,2021-06-14,410,227445,253,109832,124,111260,33,6353,132,21308,277,106030,166,127338,California
Yolo,2021-06-15,773,228218,399,110231,348,111608,26,6379,302,21168,468,106498,328,127666,California
Yolo,2021-06-16,472,228690,239,110470,191,111799,42,6421,166,21070,304,106802,206,127872,California
Yolo,2021-06-17,496,229186,316,110786,125,111924,55,6476,172,20975,322,107124,227,128099,California
Yolo,2021-06-18,548,229734,391,111177,135,112059,22,6498,208,20867,337,107461,229,128328,California
Yolo,2021-06-19,319,230053,205,111382,98,112157,16,6514,115,20794,204,107665,131,128459,California
Yolo,2021-06-20,114,230167,74,111456,36,112193,4,6518,62,20811,50,107715,67,128526,California
Yolo,2021-06-21,198,230365,88,111544,98,112291,12,6530,111,20848,86,107801,123,128649,California
Yolo,2021-06-22,522,230887,296,111840,209,112500,17,6547,244,20833,276,108077,261,128910,California
Yolo,2021-06-23,364,231251,205,112045,143,112643,16,6563,145,20778,216,108293,161,129071,California
Yolo,2021-06-24,379,231630,241,112286,101,112744,37,6600,165,20767,213,108506,202,129273,California
Yolo,2021-06-25,536,232166,379,112665,114,112858,43,6643,187,20649,348,108854,230,129503,California
Yolo,2021-06-26,198,232364,126,112791,56,112914,16,6659,78,20623,120,108974,94,129597,California
Yuba,2020-12-16,4,4,4,4,0,0,0,0,4,4,0,0,4,4,California
Yuba,2020-12-17,4,8,4,8,0,0,0,0,4,8,0,0,4,8,California
Yuba,2020-12-18,8,16,8,16,0,0,0,0,8,16,0,0,8,16,California
Yuba,2020-12-19,12,28,12,28,0,0,0,0,12,28,0,0,12,28,California
Yuba,2020-12-20,19,47,19,47,0,0,0,0,19,47,0,0,19,47,California
Yuba,2020-12-21,41,88,41,88,0,0,0,0,41,88,0,0,41,88,California
Yuba,2020-12-22,86,174,86,174,0,0,0,0,86,174,0,0,86,174,California
Yuba,2020-12-23,65,239,63,237,2,2,0,0,65,239,0,0,65,239,California
Yuba,2020-12-24,20,259,10,247,10,12,0,0,20,259,0,0,20,259,California
Yuba,2020-12-25,1,260,1,248,0,12,0,0,1,260,0,0,1,260,California
Yuba,2020-12-26,13,273,12,260,1,13,0,0,13,273,0,0,13,273,California
Yuba,2020-12-27,15,288,15,275,0,13,0,0,15,288,0,0,15,288,California
Yuba,2020-12-28,51,339,35,310,16,29,0,0,51,339,0,0,51,339,California
Yuba,2020-12-29,75,414,10,320,65,94,0,0,75,414,0,0,75,414,California
Yuba,2020-12-30,63,477,20,340,43,137,0,0,63,477,0,0,63,477,California
Yuba,2020-12-31,40,517,7,347,33,170,0,0,40,517,0,0,40,517,California
Yuba,2021-01-02,23,540,22,369,1,171,0,0,23,540,0,0,23,540,California
Yuba,2021-01-03,10,550,6,375,4,175,0,0,10,550,0,0,10,550,California
Yuba,2021-01-04,92,642,23,398,69,244,0,0,92,642,0,0,92,642,California
Yuba,2021-01-05,71,713,39,437,32,276,0,0,70,711,1,1,70,712,California
Yuba,2021-01-06,154,867,76,513,78,354,0,0,148,853,6,7,148,860,California
Yuba,2021-01-07,74,941,19,532,55,409,0,0,71,920,4,11,71,931,California
Yuba,2021-01-08,73,1014,24,556,49,458,0,0,66,979,7,18,66,997,California
Yuba,2021-01-09,19,1033,16,572,3,461,0,0,11,982,8,26,11,1008,California
Yuba,2021-01-10,117,1150,22,594,95,556,0,0,95,1055,22,48,95,1103,California
Yuba,2021-01-11,73,1223,50,644,23,579,0,0,33,1048,40,88,33,1136,California
Yuba,2021-01-12,109,1332,79,723,30,609,0,0,44,1027,65,153,44,1180,California
Yuba,2021-01-13,119,1451,72,795,47,656,0,0,54,1017,64,217,54,1234,California
Yuba,2021-01-14,113,1564,43,838,70,726,0,0,101,1106,12,229,101,1335,California
Yuba,2021-01-15,203,1767,85,923,118,844,0,0,193,1289,10,239,193,1528,California
Yuba,2021-01-16,186,1953,21,944,165,1009,0,0,174,1450,13,252,174,1702,California
Yuba,2021-01-17,13,1966,9,953,4,1013,0,0,7,1451,6,258,7,1709,California
Yuba,2021-01-18,61,2027,32,985,29,1042,0,0,36,1462,25,283,36,1745,California
Yuba,2021-01-19,80,2107,30,1015,50,1092,0,0,65,1512,15,298,65,1810,California
Yuba,2021-01-20,135,2242,88,1103,47,1139,0,0,112,1601,23,321,112,1922,California
Yuba,2021-01-21,221,2463,103,1206,118,1257,0,0,211,1802,10,331,211,2133,California
Yuba,2021-01-22,106,2569,6,1212,100,1357,0,0,97,1890,9,340,97,2230,California
Yuba,2021-01-23,199,2768,7,1219,192,1549,0,0,197,2085,2,342,197,2427,California
Yuba,2021-01-24,10,2778,7,1226,3,1552,0,0,8,2091,2,344,8,2435,California
Yuba,2021-01-25,86,2864,30,1256,56,1608,0,0,53,2112,32,376,53,2488,California
Yuba,2021-01-26,150,3014,41,1297,109,1717,0,0,91,2144,59,435,91,2579,California
Yuba,2021-01-27,185,3199,129,1426,56,1773,0,0,117,2193,68,503,117,2696,California
Yuba,2021-01-28,227,3426,89,1515,138,1911,0,0,176,2318,51,554,176,2872,California
Yuba,2021-01-29,150,3576,46,1561,104,2015,0,0,111,2390,39,593,111,2983,California
Yuba,2021-01-30,409,3985,23,1584,386,2401,0,0,398,2777,11,604,398,3381,California
Yuba,2021-01-31,18,4003,12,1596,6,2407,0,0,16,2791,2,606,16,3397,California
Yuba,2021-02-01,154,4157,74,1670,80,2487,0,0,130,2899,23,629,131,3528,California
Yuba,2021-02-02,128,4285,23,1693,105,2592,0,0,104,2979,24,653,104,3632,California
Yuba,2021-02-03,228,4513,30,1723,198,2790,0,0,116,2984,111,764,116,3748,California
Yuba,2021-02-04,297,4810,120,1843,177,2967,0,0,252,3191,45,809,252,4000,California
Yuba,2021-02-05,147,4957,32,1875,115,3082,0,0,71,3186,76,885,71,4071,California
Yuba,2021-02-06,451,5408,26,1901,425,3507,0,0,443,3621,8,893,443,4514,California
Yuba,2021-02-07,20,5428,13,1914,7,3514,0,0,16,3633,4,897,16,4530,California
Yuba,2021-02-08,97,5525,34,1948,63,3577,0,0,65,3666,32,929,65,4595,California
Yuba,2021-02-09,155,5680,56,2004,99,3676,0,0,85,3681,70,999,85,4680,California
Yuba,2021-02-10,360,6040,175,2179,185,3861,0,0,120,3563,238,1237,120,4800,California
Yuba,2021-02-11,405,6445,68,2247,337,4198,0,0,303,3766,100,1337,303,5103,California
Yuba,2021-02-12,269,6714,28,2275,241,4439,0,0,152,3801,117,1454,152,5255,California
Yuba,2021-02-13,437,7151,36,2311,401,4840,0,0,387,4138,50,1504,387,5642,California
Yuba,2021-02-14,52,7203,10,2321,42,4882,0,0,47,4180,5,1509,47,5689,California
Yuba,2021-02-15,89,7292,36,2357,53,4935,0,0,69,4229,20,1529,69,5758,California
Yuba,2021-02-16,202,7494,54,2411,148,5083,0,0,143,4314,58,1587,143,5901,California
Yuba,2021-02-17,376,7870,156,2567,220,5303,0,0,99,4137,276,1863,99,6000,California
Yuba,2021-02-18,322,8192,48,2615,274,5577,0,0,195,4205,127,1990,195,6195,California
Yuba,2021-02-19,227,8419,82,2697,145,5722,0,0,142,4262,85,2075,142,6337,California
Yuba,2021-02-20,393,8812,31,2728,362,6084,0,0,338,4545,55,2130,338,6675,California
Yuba,2021-02-21,17,8829,14,2742,3,6087,0,0,7,4542,10,2140,7,6682,California
Yuba,2021-02-22,128,8957,79,2821,49,6136,0,0,39,4493,88,2228,39,6721,California
Yuba,2021-02-23,116,9073,25,2846,91,6227,0,0,48,4475,67,2295,49,6770,California
Yuba,2021-02-24,484,9557,137,2983,347,6574,0,0,108,4207,376,2671,108,6878,California
Yuba,2021-02-25,346,9903,140,3123,206,6780,0,0,216,4293,130,2801,216,7094,California
Yuba,2021-02-26,261,10164,69,3192,192,6972,0,0,145,4324,114,2915,145,7239,California
Yuba,2021-02-27,473,10637,47,3239,426,7398,0,0,385,4623,86,3001,385,7624,California
Yuba,2021-02-28,72,10709,23,3262,49,7447,0,0,48,4647,24,3025,48,7672,California
Yuba,2021-03-01,161,10870,42,3304,119,7566,0,0,81,4649,79,3104,81,7753,California
Yuba,2021-03-02,160,11030,36,3340,124,7690,0,0,80,4649,80,3184,80,7833,California
Yuba,2021-03-03,629,11659,160,3500,469,8159,0,0,201,4423,427,3611,201,8034,California
Yuba,2021-03-04,470,12129,273,3773,197,8356,0,0,327,4608,142,3753,327,8361,California
Yuba,2021-03-05,323,12452,61,3834,261,8617,1,1,255,4796,68,3821,256,8617,California
Yuba,2021-03-06,475,12927,35,3869,436,9053,4,5,368,5062,106,3927,372,8989,California
Yuba,2021-03-07,51,12978,28,3897,22,9075,1,6,36,5084,15,3942,37,9026,California
Yuba,2021-03-08,158,13136,48,3945,94,9169,16,22,99,5140,59,4001,115,9141,California
Yuba,2021-03-09,178,13314,47,3992,111,9280,20,42,84,5150,94,4095,104,9245,California
Yuba,2021-03-10,737,14051,235,4227,472,9752,30,72,234,4911,503,4598,264,9509,California
Yuba,2021-03-11,436,14487,196,4423,228,9980,12,84,293,5073,143,4741,305,9814,California
Yuba,2021-03-12,463,14950,87,4510,323,10303,53,137,151,4965,312,5053,204,10018,California
Yuba,2021-03-13,457,15407,338,4848,104,10407,15,152,359,5242,97,5150,374,10392,California
Yuba,2021-03-14,107,15514,21,4869,76,10483,10,162,46,5239,59,5209,56,10448,California
Yuba,2021-03-15,193,15707,50,4919,127,10610,16,178,98,5258,95,5304,114,10562,California
Yuba,2021-03-16,296,16003,72,4991,200,10810,24,202,184,5355,111,5415,208,10770,California
Yuba,2021-03-17,748,16751,164,5155,553,11363,31,233,197,5035,548,5963,228,10998,California
Yuba,2021-03-18,588,17339,161,5316,314,11677,113,346,357,5273,231,6194,469,11467,California
Yuba,2021-03-19,333,17672,120,5436,159,11836,54,400,187,5368,145,6339,240,11707,California
Yuba,2021-03-20,553,18225,80,5516,455,12291,18,418,473,5780,79,6418,491,12198,California
Yuba,2021-03-21,61,18286,36,5552,25,12316,0,418,48,5815,13,6431,48,12246,California
Yuba,2021-03-22,191,18477,70,5622,114,12430,7,425,149,5929,42,6473,156,12402,California
Yuba,2021-03-23,264,18741,79,5701,159,12589,26,451,178,6049,84,6557,204,12606,California
Yuba,2021-03-24,772,19513,255,5956,436,13025,81,532,187,5734,583,7140,268,12874,California
Yuba,2021-03-25,507,20020,270,6226,215,13240,22,554,254,5757,253,7393,276,13150,California
Yuba,2021-03-26,399,20419,144,6370,226,13466,29,583,226,5840,172,7565,255,13405,California
Yuba,2021-03-27,460,20879,28,6398,429,13895,3,586,405,6193,54,7619,407,13812,California
Yuba,2021-03-28,101,20980,42,6440,55,13950,4,590,34,6164,67,7686,38,13850,California
Yuba,2021-03-29,296,21276,86,6526,178,14128,32,622,179,6258,117,7803,211,14061,California
Yuba,2021-03-30,274,21550,69,6595,197,14325,8,630,189,6370,85,7888,197,14258,California
Yuba,2021-03-31,677,22227,115,6710,550,14875,12,642,244,6195,431,8319,256,14514,California
Yuba,2021-04-01,627,22854,290,7000,307,15182,30,672,292,6182,335,8654,322,14836,California
Yuba,2021-04-02,502,23356,95,7095,324,15506,83,755,185,6133,316,8970,267,15103,California
Yuba,2021-04-03,654,24010,55,7150,117,15623,482,1237,87,6136,566,9536,569,15672,California
Yuba,2021-04-04,59,24069,10,7160,42,15665,7,1244,32,6148,27,9563,39,15711,California
Yuba,2021-04-05,245,24314,79,7239,145,15810,21,1265,124,6173,119,9682,144,15855,California
Yuba,2021-04-06,358,24672,115,7354,182,15992,61,1326,173,6222,184,9866,233,16088,California
Yuba,2021-04-07,787,25459,407,7761,327,16319,53,1379,359,6208,425,10291,411,16499,California
Yuba,2021-04-08,753,26212,291,8052,197,16516,265,1644,282,6284,470,10761,546,17045,California
Yuba,2021-04-09,406,26618,173,8225,166,16682,67,1711,171,6288,234,10995,238,17283,California
Yuba,2021-04-10,594,27212,72,8297,74,16756,448,2159,71,6285,521,11516,518,17801,California
Yuba,2021-04-11,102,27314,24,8321,66,16822,12,2171,43,6282,58,11574,55,17856,California
Yuba,2021-04-12,212,27526,45,8366,137,16959,30,2201,80,6260,131,11705,109,17965,California
Yuba,2021-04-13,400,27926,104,8470,296,17255,0,2201,203,6267,196,11901,203,18168,California
Yuba,2021-04-14,715,28641,109,8579,606,17861,0,2201,128,5809,586,12487,128,18296,California
Yuba,2021-04-15,346,28987,135,8714,211,18072,0,2201,150,5763,196,12683,150,18446,California
Yuba,2021-04-16,342,29329,100,8814,242,18314,0,2201,181,5785,159,12842,181,18627,California
Yuba,2021-04-17,406,29735,60,8874,346,18660,0,2201,334,6048,71,12913,334,18961,California
Yuba,2021-04-18,64,29799,19,8893,45,18705,0,2201,32,6049,31,12944,32,18993,California
Yuba,2021-04-19,247,30046,102,8995,145,18850,0,2201,104,6010,143,13087,104,19097,California
Yuba,2021-04-20,341,30387,103,9098,238,19088,0,2201,187,6047,151,13238,188,19285,California
Yuba,2021-04-21,741,31128,322,9420,419,19507,0,2201,321,5948,420,13658,321,19606,California
Yuba,2021-04-22,376,31504,153,9573,223,19730,0,2201,208,5988,168,13826,208,19814,California
Yuba,2021-04-23,363,31867,127,9700,236,19966,0,2201,174,5975,187,14013,174,19988,California
Yuba,2021-04-24,217,32084,69,9769,148,20114,0,2201,123,6004,94,14107,123,20111,California
Yuba,2021-04-25,72,32156,30,9799,42,20156,0,2201,35,6002,37,14144,35,20146,California
Yuba,2021-04-26,248,32404,66,9865,178,20334,4,2205,113,5984,135,14279,117,20263,California
Yuba,2021-04-27,489,32893,172,10037,307,20641,10,2215,243,5993,244,14523,253,20516,California
Yuba,2021-04-28,450,33343,189,10226,256,20897,5,2220,155,5864,289,14812,160,20676,California
Yuba,2021-04-29,453,33796,89,10315,363,21260,1,2221,162,5737,290,15102,163,20839,California
Yuba,2021-04-30,346,34142,108,10423,208,21468,30,2251,151,5725,193,15295,181,21020,California
Yuba,2021-05-01,207,34349,91,10514,97,21565,19,2270,93,5724,113,15408,112,21132,California
Yuba,2021-05-02,70,34419,39,10553,27,21592,4,2274,38,5734,32,15440,42,21174,California
Yuba,2021-05-03,164,34583,65,10618,90,21682,9,2283,51,5683,111,15551,60,21234,California
Yuba,2021-05-04,339,34922,107,10725,211,21893,21,2304,149,5663,190,15741,170,21404,California
Yuba,2021-05-05,333,35255,95,10820,231,22124,7,2311,117,5571,216,15957,124,21528,California
Yuba,2021-05-06,303,35558,126,10946,139,22263,38,2349,102,5513,198,16155,140,21668,California
Yuba,2021-05-07,360,35918,99,11045,233,22496,28,2377,117,5415,242,16397,144,21812,California
Yuba,2021-05-08,129,36047,56,11101,70,22566,3,2380,55,5399,74,16471,58,21870,California
Yuba,2021-05-09,54,36101,24,11125,27,22593,3,2383,33,5414,21,16492,36,21906,California
Yuba,2021-05-10,174,36275,57,11182,99,22692,18,2401,54,5367,119,16611,72,21978,California
Yuba,2021-05-11,387,36662,176,11358,197,22889,14,2415,141,5277,244,16855,154,22132,California
Yuba,2021-05-12,277,36939,147,11505,122,23011,8,2423,104,5216,173,17028,112,22244,California
Yuba,2021-05-13,364,37303,196,11701,125,23136,43,2466,111,5120,250,17278,154,22398,California
Yuba,2021-05-14,366,37669,138,11839,208,23344,20,2486,152,5077,214,17492,171,22569,California
Yuba,2021-05-15,435,38104,112,11951,302,23646,21,2507,112,4888,321,17813,132,22701,California
Yuba,2021-05-16,148,38252,53,12004,86,23732,9,2516,92,4934,55,17868,101,22802,California
Yuba,2021-05-17,218,38470,91,12095,107,23839,20,2536,91,4920,125,17993,111,22913,California
Yuba,2021-05-18,393,38863,162,12257,222,24061,9,2545,165,4866,228,18221,174,23087,California
Yuba,2021-05-19,260,39123,144,12401,110,24171,6,2551,128,4868,132,18353,134,23221,California
Yuba,2021-05-20,433,39556,305,12706,116,24287,12,2563,259,4966,173,18526,271,23492,California
Yuba,2021-05-21,517,40073,271,12977,238,24525,8,2571,306,5071,209,18735,314,23806,California
Yuba,2021-05-22,225,40298,120,13097,96,24621,9,2580,92,5039,133,18868,101,23907,California
Yuba,2021-05-23,73,40371,41,13138,30,24651,2,2582,37,5043,35,18903,39,23946,California
Yuba,2021-05-24,162,40533,54,13192,91,24742,17,2599,47,4994,114,19017,65,24011,California
Yuba,2021-05-25,317,40850,110,13302,190,24932,17,2616,113,4921,202,19219,129,24140,California
Yuba,2021-05-26,230,41080,98,13400,116,25048,16,2632,83,4874,146,19365,99,24239,California
Yuba,2021-05-27,245,41325,76,13476,158,25206,11,2643,96,4835,146,19511,107,24346,California
Yuba,2021-05-28,248,41573,111,13587,130,25336,7,2650,118,4832,128,19639,125,24471,California
Yuba,2021-05-29,163,41736,67,13654,74,25410,22,2672,87,4866,75,19714,109,24580,California
Yuba,2021-05-30,51,41787,21,13675,25,25435,5,2677,20,4860,31,19745,25,24605,California
Yuba,2021-05-31,31,41818,3,13678,21,25456,7,2684,11,4858,20,19765,18,24623,California
Yuba,2021-06-01,246,42064,107,13785,132,25588,7,2691,83,4788,159,19924,89,24712,California
Yuba,2021-06-02,201,42265,82,13867,112,25700,7,2698,61,4718,139,20063,69,24781,California
Yuba,2021-06-03,179,42444,105,13972,68,25768,6,2704,65,4676,113,20176,71,24852,California
Yuba,2021-06-04,242,42686,120,14092,113,25881,9,2713,80,4603,162,20338,89,24941,California
Yuba,2021-06-05,198,42884,149,14241,43,25924,6,2719,88,4588,109,20447,94,25035,California
Yuba,2021-06-06,106,42990,90,14331,13,25937,3,2722,20,4526,85,20532,23,25058,California
Yuba,2021-06-07,118,43108,50,14381,52,25989,16,2738,38,4500,80,20612,54,25112,California
Yuba,2021-06-08,243,43351,113,14494,123,26112,7,2745,70,4406,171,20783,77,25189,California
Yuba,2021-06-09,171,43522,104,14598,61,26173,6,2751,74,4390,96,20879,80,25269,California
Yuba,2021-06-10,377,43899,302,14900,66,26239,9,2760,93,4210,282,21161,102,25371,California
Yuba,2021-06-11,329,44228,235,15135,82,26321,12,2772,66,4026,263,21424,79,25450,California
Yuba,2021-06-12,132,44360,89,15224,37,26358,6,2778,37,3974,95,21519,43,25493,California
Yuba,2021-06-13,47,44407,22,15246,22,26380,3,2781,13,3956,34,21553,16,25509,California
Yuba,2021-06-14,111,44518,53,15299,48,26428,10,2791,30,3916,80,21633,40,25549,California
Yuba,2021-06-15,240,44758,98,15397,134,26562,8,2799,89,3864,149,21782,97,25646,California
Yuba,2021-06-16,153,44911,91,15488,51,26613,11,2810,72,3869,78,21860,83,25729,California
Yuba,2021-06-17,194,45105,113,15601,69,26682,12,2822,83,3853,111,21971,95,25824,California
Yuba,2021-06-18,223,45328,111,15712,90,26772,22,2844,70,3794,151,22122,92,25916,California
Yuba,2021-06-19,140,45468,71,15783,62,26834,7,2851,37,3735,103,22225,44,25960,California
Yuba,2021-06-20,33,45501,19,15802,11,26845,3,2854,13,3731,20,22245,16,25976,California
Yuba,2021-06-21,86,45587,38,15840,39,26884,9,2863,41,3739,41,22286,49,26025,California
Yuba,2021-06-22,172,45759,73,15913,89,26973,10,2873,69,3716,102,22388,79,26104,California
Yuba,2021-06-23,113,45872,65,15978,43,27016,5,2878,48,3704,65,22453,53,26157,California
Yuba,2021-06-24,130,46002,81,16059,43,27059,6,2884,53,3686,77,22530,59,26216,California
Yuba,2021-06-25,149,46151,81,16140,62,27121,6,2890,69,3681,80,22610,75,26291,California
Yuba,2021-06-26,90,46241,68,16208,20,27141,2,2892,13,3619,77,22687,15,26306,California
