county,administered_date,total_doses,cumulative_total_doses,pfizer_doses,cumulative_pfizer_doses,moderna_doses,cumulative_moderna_doses,jj_doses,cumulative_jj_doses,partially_vaccinated,total_partially_vaccinated,fully_vaccinated,cumulative_fully_vaccinated,at_least_one_dose,cumulative_at_least_one_dose,california_flag
All CA Counties,2020-12-15,1126,1126,1126,1126,0,0,0,0,1126,1126,0,0,1126,1126,
All CA Counties,2020-12-16,8230,9356,8230,9356,0,0,0,0,8230,9356,0,0,8230,9356,
All CA Counties,2020-12-17,25820,35176,25820,35176,0,0,0,0,25856,35212,0,0,25856,35212,
All CA Counties,2020-12-18,43921,79097,43843,79019,78,78,0,0,43971,79182,1,1,43971,79183,
All CA Counties,2020-12-19,25364,104461,25344,104363,20,98,0,0,25362,104542,2,3,25362,104545,
All CA Counties,2020-12-20,18924,123385,18899,123262,25,123,0,0,18923,123464,1,4,18923,123468,
All CA Counties,2020-12-21,49498,172883,49415,172677,83,206,0,0,49537,172999,2,6,49537,173005,
All CA Counties,2020-12-22,49855,222738,47716,220393,2139,2345,0,0,49855,222854,0,6,49855,222860,
All CA Counties,2020-12-23,50088,272826,41409,261802,8679,11024,0,0,50084,272938,0,6,50084,272944,
All CA Counties,2020-12-24,23937,296763,16267,278069,7670,18694,0,0,23933,296869,2,8,23933,296877,
All CA Counties,2020-12-25,2302,299065,1984,280053,318,19012,0,0,2301,299169,1,9,2301,299178,
All CA Counties,2020-12-26,14559,313624,9394,289447,5165,24177,0,0,14557,313725,1,10,14557,313735,
All CA Counties,2020-12-27,9321,322945,5537,294984,3784,27961,0,0,9320,323045,0,10,9320,323055,
All CA Counties,2020-12-28,45468,368413,29147,324131,16321,44282,0,0,45465,368508,2,12,45465,368520,
All CA Counties,2020-12-29,50837,419250,28449,352580,22388,66670,0,0,50832,419337,3,15,50832,419352,
All CA Counties,2020-12-30,62660,481910,35496,388076,27164,93834,0,0,62653,481988,2,17,62653,482005,
All CA Counties,2020-12-31,29051,510961,10711,398787,18340,112174,0,0,29045,511029,4,21,29045,511050,
All CA Counties,2021-01-01,3574,514535,1584,400371,1990,114164,0,0,3571,514599,1,22,3571,514621,
All CA Counties,2021-01-02,18304,532839,10144,410515,8160,122324,0,0,18303,532902,0,22,18303,532924,
All CA Counties,2021-01-03,6064,538903,3435,413950,2629,124953,0,0,6038,538928,12,34,6038,538962,
All CA Counties,2021-01-04,43136,582039,21814,435764,21322,146275,0,0,43053,581932,49,83,43053,582015,
All CA Counties,2021-01-05,55978,638017,29532,465296,26446,172721,0,0,50552,627155,5360,5443,50583,632598,
All CA Counties,2021-01-06,72650,710667,40271,505567,32379,205100,0,0,57361,669442,15103,20546,57390,689988,
All CA Counties,2021-01-07,91110,801777,51763,557330,39347,244447,0,0,60799,700145,30164,50710,60867,750855,
All CA Counties,2021-01-08,105922,907699,64002,621332,41920,286367,0,0,64852,724128,40940,91650,64923,815778,
All CA Counties,2021-01-09,43499,951198,25035,646367,18464,304831,0,0,27440,735559,16038,107688,27469,843247,
All CA Counties,2021-01-10,23988,975186,14643,661010,9345,314176,0,0,12904,737413,11068,118756,12922,856169,
All CA Counties,2021-01-11,102904,1078090,68308,729318,34596,348772,0,0,59921,754457,42949,161705,59993,916162,
All CA Counties,2021-01-12,111864,1189954,66108,795426,45756,394528,0,0,71135,785088,40660,202365,71291,987453,
All CA Counties,2021-01-13,117956,1307910,61159,856585,56797,451325,0,0,84481,836271,33387,235752,84570,1072023,
All CA Counties,2021-01-14,122245,1430155,49031,905616,73214,524539,0,0,102919,920100,19217,254969,103046,1175069,
All CA Counties,2021-01-15,141129,1571284,52363,957979,88766,613305,0,0,125885,1031015,15138,270107,126053,1301122,
All CA Counties,2021-01-16,80229,1651513,27557,985536,52672,665977,0,0,72566,1095983,7640,277747,72608,1373730,
All CA Counties,2021-01-17,48032,1699545,16696,1002232,31336,697313,0,0,44434,1136858,3592,281339,44467,1418197,
All CA Counties,2021-01-18,87622,1787167,45606,1047838,42016,739329,0,0,68385,1186209,19163,300502,68514,1486711,
All CA Counties,2021-01-19,140374,1927541,73002,1120840,67372,806701,0,0,109487,1265237,30800,331302,109828,1596539,
All CA Counties,2021-01-20,157343,2084884,79765,1200605,77578,884279,0,0,124460,1357198,32718,364020,124679,1721218,
All CA Counties,2021-01-21,171271,2256155,75926,1276531,95345,979624,0,0,152501,1491415,18572,382592,152789,1874007,
All CA Counties,2021-01-22,168163,2424318,68741,1345272,99422,1079046,0,0,153874,1631245,14168,396760,153998,2028005,
All CA Counties,2021-01-23,110614,2534932,49225,1394497,61389,1140435,0,0,98219,1717204,12340,409100,98299,2126304,
All CA Counties,2021-01-24,60686,2595618,29284,1423781,31402,1171837,0,0,56031,1768645,4627,413727,56068,2182372,
All CA Counties,2021-01-25,142884,2738502,64409,1488190,78475,1250312,0,0,108548,1843402,34232,447959,108989,2291361,
All CA Counties,2021-01-26,166103,2904605,81582,1569772,84521,1334833,0,0,129200,1936111,36759,484718,129468,2420829,
All CA Counties,2021-01-27,177313,3081918,86621,1656393,90692,1425525,0,0,138842,2036998,38091,522809,138978,2559807,
All CA Counties,2021-01-28,185240,3267158,85008,1741401,100232,1525757,0,0,151712,2155646,33228,556037,151876,2711683,
All CA Counties,2021-01-29,181314,3448472,87020,1828421,94294,1620051,0,0,147364,2269755,33393,589430,147502,2859185,
All CA Counties,2021-01-30,121589,3570061,53966,1882387,67623,1687674,0,0,107451,2363349,13992,603422,107586,2966771,
All CA Counties,2021-01-31,69657,3639718,39432,1921819,30225,1717899,0,0,63667,2421141,5919,609341,63711,3030482,
All CA Counties,2021-02-01,156722,3796440,71840,1993659,84882,1802781,0,0,118869,2502516,37718,647059,119093,3149575,
All CA Counties,2021-02-02,182751,3979191,78328,2071987,104423,1907204,0,0,137354,2594999,45138,692197,137621,3287196,
All CA Counties,2021-02-03,208089,4187280,93690,2165677,114399,2021603,0,0,154861,2697307,52774,744971,155082,3442278,
All CA Counties,2021-02-04,225479,4412759,98776,2264453,126703,2148306,0,0,165498,2803657,59457,804428,165807,3608085,
All CA Counties,2021-02-05,243886,4656645,105696,2370149,138190,2286496,0,0,166107,2893282,77030,881458,166655,3774740,
All CA Counties,2021-02-06,153637,4810282,74134,2444283,79503,2365999,0,0,119322,2978904,34155,915613,119777,3894517,
All CA Counties,2021-02-07,65528,4875810,42185,2486468,23343,2389342,0,0,49248,3012413,16200,931813,49709,3944226,
All CA Counties,2021-02-08,178533,5054343,87505,2573973,91028,2480370,0,0,117959,3070907,60169,991982,118663,4062889,
All CA Counties,2021-02-09,208290,5262633,100796,2674769,107494,2587864,0,0,124947,3113950,83019,1075001,126062,4188951,
All CA Counties,2021-02-10,245522,5508155,118788,2793557,126734,2714598,0,0,137020,3144626,107751,1182752,138427,4327378,
All CA Counties,2021-02-11,259616,5767771,128744,2922301,130872,2845470,0,0,142319,3172421,116312,1299064,144107,4471485,
All CA Counties,2021-02-12,268656,6036427,117853,3040154,150803,2996273,0,0,145228,3197216,122745,1421809,147540,4619025,
All CA Counties,2021-02-13,164787,6201214,75844,3115998,88943,3085216,0,0,91234,3217241,73171,1494980,93196,4712221,
All CA Counties,2021-02-14,94069,6295283,46638,3162636,47431,3132647,0,0,50883,3226667,43059,1538039,52485,4764706,
All CA Counties,2021-02-15,139773,6435056,61548,3224184,78225,3210872,0,0,77458,3245237,62010,1600049,80580,4845286,
All CA Counties,2021-02-16,245061,6680117,116551,3340735,128510,3339382,0,0,131615,3266961,113137,1713186,134861,4980147,
All CA Counties,2021-02-17,253995,6934112,126492,3467227,127503,3466885,0,0,127166,3271034,126387,1839573,130460,5110607,
All CA Counties,2021-02-18,266621,7200733,139311,3606538,127310,3594195,0,0,129288,3267921,136698,1976271,133585,5244192,
All CA Counties,2021-02-19,248455,7449188,144324,3750862,104131,3698326,0,0,129375,3280964,118676,2094947,131719,5375911,
All CA Counties,2021-02-20,149179,7598367,95857,3846719,53322,3751648,0,0,82501,3299032,66477,2161424,84545,5460456,
All CA Counties,2021-02-21,67875,7666242,54592,3901311,13283,3764931,0,0,33886,3300469,33834,2195258,35271,5495727,
All CA Counties,2021-02-22,160797,7827039,107859,4009170,52938,3817869,0,0,81967,3305636,78564,2273822,83731,5579458,
All CA Counties,2021-02-23,218447,8045486,115505,4124675,102942,3920811,0,0,102570,3298866,115417,2389239,108647,5688105,
All CA Counties,2021-02-24,278239,8323725,140551,4265226,137688,4058499,0,0,134355,3297609,143384,2532623,142127,5830232,
All CA Counties,2021-02-25,310884,8634609,153127,4418353,157757,4216256,0,0,163234,3322553,147119,2679742,172063,6002295,
All CA Counties,2021-02-26,345429,8980038,161584,4579937,183845,4400101,0,0,193267,3371967,151397,2831139,200811,6203106,
All CA Counties,2021-02-27,243545,9223583,115886,4695823,127654,4527755,5,5,137949,3409475,105108,2936247,142616,6345722,
All CA Counties,2021-02-28,127728,9351311,76066,4771889,51661,4579416,1,6,75819,3436608,51643,2987890,78776,6424498,
All CA Counties,2021-03-01,232063,9583374,122950,4894839,109101,4688517,12,18,134544,3478300,97013,3084903,138705,6563203,
All CA Counties,2021-03-02,261328,9844702,127782,5022621,133537,4822054,9,27,158420,3541406,102490,3187393,165596,6728799,
All CA Counties,2021-03-03,306456,10151158,151889,5174510,154546,4976600,21,48,173160,3589293,132715,3320108,180602,6909401,
All CA Counties,2021-03-04,311072,10462230,157693,5332203,153308,5129908,71,119,182879,3651712,127601,3447709,190020,7099421,
All CA Counties,2021-03-05,292481,10754711,144619,5476822,146815,5276723,1047,1166,181913,3732132,109911,3557620,190331,7289752,
All CA Counties,2021-03-06,225714,10980425,117113,5593935,101207,5377930,7394,8560,141479,3801988,83903,3641523,153759,7443511,
All CA Counties,2021-03-07,119391,11099816,73473,5667408,42024,5419954,3894,12454,76003,3842468,43249,3684772,83729,7527240,
All CA Counties,2021-03-08,200962,11300778,97087,5764495,94572,5514526,9303,21757,130965,3918044,69735,3754507,145311,7672551,
All CA Counties,2021-03-09,250595,11551373,107944,5872439,127470,5641996,15181,36938,137130,3961499,113118,3867625,156573,7829124,
All CA Counties,2021-03-10,292566,11843939,145376,6017815,125792,5767788,21398,58336,157907,4011035,134173,4001798,183709,8012833,
All CA Counties,2021-03-11,343396,12187335,164064,6181879,150551,5918339,28781,87117,176659,4055024,166052,4167850,210041,8222874,
All CA Counties,2021-03-12,339517,12526852,152340,6334219,147364,6065703,39813,126930,164920,4090121,174051,4341901,209148,8432022,
All CA Counties,2021-03-13,238233,12765085,108574,6442793,102000,6167703,27659,154589,127319,4139119,110611,4452512,159609,8591631,
All CA Counties,2021-03-14,132707,12897792,74682,6517475,43747,6211450,14278,168867,72565,4168376,59951,4512463,89208,8680839,
All CA Counties,2021-03-15,280943,13178735,133803,6651278,127224,6338674,19916,188783,154566,4220664,125831,4638294,178119,8858958,
All CA Counties,2021-03-16,356245,13534980,169382,6820660,170283,6508957,16580,205363,210080,4305135,145545,4783839,230016,9088974,
All CA Counties,2021-03-17,358786,13893766,180932,7001592,160899,6669856,16955,222318,221949,4410635,136238,4920077,241738,9330712,
All CA Counties,2021-03-18,328519,14222285,170228,7171820,142852,6812708,15439,237757,196062,4492721,131686,5051763,213772,9544484,
All CA Counties,2021-03-19,339637,14561922,180249,7352069,141857,6954565,17531,255288,199345,4571989,139617,5191380,218885,9763369,
All CA Counties,2021-03-20,220261,14782183,110356,7462425,98195,7052760,11710,266998,145926,4657179,73904,5265284,159094,9922463,
All CA Counties,2021-03-21,137791,14919974,94413,7556838,36114,7088874,7264,274262,90237,4708852,47345,5312629,99018,10021481,
All CA Counties,2021-03-22,263905,15183879,154114,7710952,99175,7188049,10616,284878,176582,4812625,86788,5399417,190561,10212042,
All CA Counties,2021-03-23,343246,15527125,189598,7900550,143645,7331694,10003,294881,225254,4933726,117266,5516683,238367,10450409,
All CA Counties,2021-03-24,369880,15897005,213157,8113707,145337,7477031,11386,306267,222944,5026178,146078,5662761,238530,10688939,
All CA Counties,2021-03-25,390538,16287543,214947,8328654,163016,7640047,12575,318842,228558,5113275,160990,5823751,248087,10937026,
All CA Counties,2021-03-26,405566,16693109,214284,8542938,176560,7816607,14722,333564,227641,5188194,177018,6000769,251937,11188963,
All CA Counties,2021-03-27,289627,16982736,152375,8695313,126918,7943525,10334,343898,148368,5213352,140657,6141426,165815,11354778,
All CA Counties,2021-03-28,160672,17143408,103260,8798573,54628,7998153,2784,346682,88698,5235608,71737,6213163,93993,11448771,
All CA Counties,2021-03-29,289087,17432495,157223,8955796,124024,8122177,7840,354522,169081,5297139,119460,6332623,180991,11629762,
All CA Counties,2021-03-30,355046,17787541,179783,9135579,161586,8283763,13677,368199,222581,5405282,131966,6464589,240109,11869871,
All CA Counties,2021-03-31,216752,18004293,122802,9258381,81386,8365149,12564,380763,121912,5447983,94398,6558987,137099,12006970,
All CA and Non-CA Counties,2020-12-15,1133,1133,1133,1133,0,0,0,0,1133,1133,0,0,1133,1133,
All CA and Non-CA Counties,2020-12-16,8363,9496,8363,9496,0,0,0,0,8363,9496,0,0,8363,9496,
All CA and Non-CA Counties,2020-12-17,27389,36885,27389,36885,0,0,0,0,27389,36885,0,0,27389,36885,
All CA and Non-CA Counties,2020-12-18,46370,83255,46288,83173,82,82,0,0,46369,83253,1,1,46369,83254,
All CA and Non-CA Counties,2020-12-19,26370,109625,26349,109522,21,103,0,0,26368,109619,2,3,26368,109622,
All CA and Non-CA Counties,2020-12-20,19574,129199,19548,129070,26,129,0,0,19573,129191,1,4,19573,129195,
All CA and Non-CA Counties,2020-12-21,51635,180834,51552,180622,83,212,0,0,51632,180821,2,6,51632,180827,
All CA and Non-CA Counties,2020-12-22,51813,232647,49641,230263,2172,2384,0,0,51813,232634,0,6,51813,232640,
All CA and Non-CA Counties,2020-12-23,51514,284161,42722,272985,8792,11176,0,0,51510,284144,0,6,51510,284150,
All CA and Non-CA Counties,2020-12-24,24746,308907,16882,289867,7864,19040,0,0,24742,308884,2,8,24742,308892,
All CA and Non-CA Counties,2020-12-25,2335,311242,2013,291880,322,19362,0,0,2334,311217,1,9,2334,311226,
All CA and Non-CA Counties,2020-12-26,14869,326111,9599,301479,5270,24632,0,0,14867,326083,1,10,14867,326093,
All CA and Non-CA Counties,2020-12-27,9511,335622,5609,307088,3902,28534,0,0,9510,335593,0,10,9510,335603,
All CA and Non-CA Counties,2020-12-28,46871,382493,30033,337121,16838,45372,0,0,46868,382459,2,12,46868,382471,
All CA and Non-CA Counties,2020-12-29,52302,434795,29390,366511,22912,68284,0,0,52297,434753,3,15,52297,434768,
All CA and Non-CA Counties,2020-12-30,64573,499368,36748,403259,27825,96109,0,0,64567,499318,2,17,64567,499335,
All CA and Non-CA Counties,2020-12-31,30122,529490,11301,414560,18821,114930,0,0,30115,529429,4,21,30115,529450,
All CA and Non-CA Counties,2021-01-01,3679,533169,1605,416165,2074,117004,0,0,3676,533104,1,22,3676,533126,
All CA and Non-CA Counties,2021-01-02,18547,551716,10280,426445,8267,125271,0,0,18545,551648,1,23,18545,551671,
All CA and Non-CA Counties,2021-01-03,6242,557958,3532,429977,2710,127981,0,0,6216,557852,12,35,6216,557887,
All CA and Non-CA Counties,2021-01-04,44267,602225,22320,452297,21947,149928,0,0,44178,601980,50,85,44178,602065,
All CA and Non-CA Counties,2021-01-05,57432,659657,30293,482590,27139,177067,0,0,51868,648383,5496,5581,51899,653964,
All CA and Non-CA Counties,2021-01-06,75228,734885,41807,524397,33421,210488,0,0,59263,691890,15786,21367,59293,713257,
All CA and Non-CA Counties,2021-01-07,95281,830166,54351,578748,40930,251418,0,0,63332,723499,31801,53168,63410,776667,
All CA and Non-CA Counties,2021-01-08,110210,940376,66712,645460,43498,294916,0,0,67394,748295,42677,95845,67473,844140,
All CA and Non-CA Counties,2021-01-09,44844,985220,25579,671039,19265,314181,0,0,28456,760416,16366,112211,28487,872627,
All CA and Non-CA Counties,2021-01-10,24283,1009503,14822,685861,9461,323642,0,0,13078,762323,11189,123400,13096,885723,
All CA and Non-CA Counties,2021-01-11,106171,1115674,70282,756143,35889,359531,0,0,61870,779999,44267,167667,61943,947666,
All CA and Non-CA Counties,2021-01-12,115649,1231323,68384,824527,47265,406796,0,0,73430,811443,42145,209812,73589,1021255,
All CA and Non-CA Counties,2021-01-13,121473,1352796,62921,887448,58552,465348,0,0,86875,863896,34516,244328,86969,1108224,
All CA and Non-CA Counties,2021-01-14,125928,1478724,50274,937722,75654,541002,0,0,105989,950189,19828,264156,106121,1214345,
All CA and Non-CA Counties,2021-01-15,145213,1623937,53301,991023,91912,632914,0,0,129525,1064308,15580,279736,129699,1344044,
All CA and Non-CA Counties,2021-01-16,82657,1706594,27908,1018931,54749,687663,0,0,74832,1131383,7799,287535,74874,1418918,
All CA and Non-CA Counties,2021-01-17,48489,1755083,16842,1035773,31647,719310,0,0,44835,1172604,3647,291182,44868,1463786,
All CA and Non-CA Counties,2021-01-18,88795,1843878,46413,1082186,42382,761692,0,0,69084,1222182,19636,310818,69214,1533000,
All CA and Non-CA Counties,2021-01-19,144392,1988270,74315,1156501,70077,831769,0,0,112659,1303538,31645,342463,113001,1646001,
All CA and Non-CA Counties,2021-01-20,161733,2150003,81176,1237677,80557,912326,0,0,127931,1398056,33634,376097,128152,1774153,
All CA and Non-CA Counties,2021-01-21,175336,2325339,76962,1314639,98374,1010700,0,0,156049,1535320,19076,395173,156340,1930493,
All CA and Non-CA Counties,2021-01-22,172764,2498103,69784,1384423,102980,1113680,0,0,158070,1678949,14567,409740,158196,2088689,
All CA and Non-CA Counties,2021-01-23,112871,2610974,49556,1433979,63315,1176995,0,0,100307,1766828,12508,422248,100387,2189076,
All CA and Non-CA Counties,2021-01-24,61397,2672371,29624,1463603,31773,1208768,0,0,56660,1818815,4710,426958,56697,2245773,
All CA and Non-CA Counties,2021-01-25,147340,2819711,66365,1529968,80975,1289743,0,0,112170,1896355,35078,462036,112618,2358391,
All CA and Non-CA Counties,2021-01-26,172348,2992059,84838,1614806,87510,1377253,0,0,134647,1993703,37579,499615,134927,2493318,
All CA and Non-CA Counties,2021-01-27,182298,3174357,89608,1704414,92690,1469943,0,0,143284,2098470,38655,538270,143422,2636740,
All CA and Non-CA Counties,2021-01-28,190516,3364873,88140,1792554,102376,1572319,0,0,156502,2221401,33735,572005,156666,2793406,
All CA and Non-CA Counties,2021-01-29,186081,3550954,90125,1882679,95956,1668275,0,0,151430,2338865,34104,606109,151568,2944974,
All CA and Non-CA Counties,2021-01-30,125781,3676735,56479,1939158,69302,1737577,0,0,111431,2436222,14209,620318,111566,3056540,
All CA and Non-CA Counties,2021-01-31,73121,3749856,42608,1981766,30513,1768090,0,0,67052,2497323,5998,626316,67099,3123639,
All CA and Non-CA Counties,2021-02-01,162568,3912424,74797,2056563,87771,1855861,0,0,124059,2583234,38374,664690,124285,3247924,
All CA and Non-CA Counties,2021-02-02,190095,4102519,81127,2137690,108968,1964829,0,0,143994,2681668,45831,710521,144265,3392189,
All CA and Non-CA Counties,2021-02-03,216030,4318549,96531,2234221,119499,2084328,0,0,161988,2790301,53578,764099,162211,3554400,
All CA and Non-CA Counties,2021-02-04,232713,4551262,101562,2335783,131151,2215479,0,0,171794,2902023,60384,824483,172106,3726506,
All CA and Non-CA Counties,2021-02-05,250479,4801741,107864,2443647,142615,2358094,0,0,171712,2996257,78026,902509,172260,3898766,
All CA and Non-CA Counties,2021-02-06,157991,4959732,76336,2519983,81655,2439749,0,0,123247,3085383,34578,937087,123704,4022470,
All CA and Non-CA Counties,2021-02-07,68399,5028131,44604,2564587,23795,2463544,0,0,52039,3121606,16280,953367,52503,4074973,
All CA and Non-CA Counties,2021-02-08,184390,5212521,91319,2655906,93071,2556615,0,0,122707,3183757,61263,1014630,123414,4198387,
All CA and Non-CA Counties,2021-02-09,213069,5425590,103104,2759010,109965,2666580,0,0,128409,3228974,84321,1098951,129538,4327925,
All CA and Non-CA Counties,2021-02-10,251458,5677048,121006,2880016,130452,2797032,0,0,140589,3260909,110110,1209061,142045,4469970,
All CA and Non-CA Counties,2021-02-11,264494,5941542,130912,3010928,133582,2930614,0,0,145995,3291204,117507,1326568,147802,4617772,
All CA and Non-CA Counties,2021-02-12,273298,6214840,119493,3130421,153805,3084419,0,0,148211,3317335,124400,1450968,150531,4768303,
All CA and Non-CA Counties,2021-02-13,167044,6381884,76474,3206895,90570,3174989,0,0,93038,3338727,73619,1524587,95011,4863314,
All CA and Non-CA Counties,2021-02-14,95535,6477419,47103,3253998,48432,3223421,0,0,52070,3349102,43333,1567920,53708,4917022,
All CA and Non-CA Counties,2021-02-15,142328,6619747,63141,3317139,79187,3302608,0,0,78646,3367548,63359,1631279,81805,4998827,
All CA and Non-CA Counties,2021-02-16,251485,6871232,119517,3436656,131968,3434576,0,0,134169,3387977,117001,1748280,137430,5136257,
All CA and Non-CA Counties,2021-02-17,259788,7131020,129361,3566017,130427,3565003,0,0,128924,3389787,130414,1878694,132224,5268481,
All CA and Non-CA Counties,2021-02-18,272773,7403793,142931,3708948,129842,3694845,0,0,131110,3384187,141014,2019708,135414,5403895,
All CA and Non-CA Counties,2021-02-19,253792,7657585,148034,3856982,105758,3800603,0,0,131342,3395831,122046,2141754,133690,5537585,
All CA and Non-CA Counties,2021-02-20,152380,7809965,98539,3955521,53841,3854444,0,0,83647,3412996,68528,2210282,85693,5623278,
All CA and Non-CA Counties,2021-02-21,69685,7879650,56195,4011716,13490,3867934,0,0,34499,3413849,35031,2245313,35884,5659162,
All CA and Non-CA Counties,2021-02-22,163535,8043185,109778,4121494,53757,3921691,0,0,82951,3418252,80319,2325632,84722,5743884,
All CA and Non-CA Counties,2021-02-23,223576,8266761,118073,4239567,105503,4027194,0,0,104159,3409544,118954,2444586,110246,5854130,
All CA and Non-CA Counties,2021-02-24,283612,8550373,143232,4382799,140380,4167574,0,0,135945,3406103,147164,2591750,143723,5997853,
All CA and Non-CA Counties,2021-02-25,316745,8867118,155732,4538531,161013,4328587,0,0,165371,3429489,150824,2742574,174210,6172063,
All CA and Non-CA Counties,2021-02-26,351552,9218670,164673,4703204,186879,4515466,0,0,195846,3478021,154863,2897437,203395,6375458,
All CA and Non-CA Counties,2021-02-27,248158,9466828,118198,4821402,129954,4645420,6,6,139254,3513543,108403,3005840,143925,6519383,
All CA and Non-CA Counties,2021-02-28,130461,9597289,78149,4899551,52311,4697731,1,7,76918,3540148,53273,3059113,79878,6599261,
All CA and Non-CA Counties,2021-03-01,236709,9833998,126030,5025581,110667,4808398,12,19,135805,3579738,100388,3159501,139978,6739239,
All CA and Non-CA Counties,2021-03-02,267472,10101470,129850,5155431,137613,4946011,9,28,160230,3640407,106828,3266329,167497,6906736,
All CA and Non-CA Counties,2021-03-03,313378,10414848,154220,5309651,159136,5105147,22,50,175029,3685114,137774,3404103,182481,7089217,
All CA and Non-CA Counties,2021-03-04,317345,10732193,160187,5469838,157086,5262233,72,122,184938,3745415,131799,3535902,192100,7281317,
All CA and Non-CA Counties,2021-03-05,296977,11029170,146560,5616398,149354,5411587,1063,1185,184236,3826008,112091,3647993,192684,7474001,
All CA and Non-CA Counties,2021-03-06,230030,11259200,118944,5735342,103520,5515107,7566,8751,143646,3896138,86048,3734041,156178,7630179,
All CA and Non-CA Counties,2021-03-07,121068,11380268,74533,5809875,42575,5557682,3960,12711,77040,3937106,43889,3777930,84857,7715036,
All CA and Non-CA Counties,2021-03-08,203898,11584166,98810,5908685,95525,5653207,9563,22274,133102,4014309,70506,3848436,147709,7862745,
All CA and Non-CA Counties,2021-03-09,254464,11838630,109625,6018310,129319,5782526,15520,37794,139301,4058602,114812,3963248,159105,8021850,
All CA and Non-CA Counties,2021-03-10,296501,12135131,147076,6165386,127497,5910023,21928,59722,160192,4109365,135816,4099064,186579,8208429,
All CA and Non-CA Counties,2021-03-11,349145,12484276,166796,6332182,152806,6062829,29543,89265,179639,4154369,168820,4267884,213824,8422253,
All CA and Non-CA Counties,2021-03-12,344802,12829078,155141,6487323,149049,6211878,40612,129877,167802,4190850,176448,4444332,212929,8635182,
All CA and Non-CA Counties,2021-03-13,241424,13070502,110328,6597651,102849,6314727,28247,158124,129383,4241383,111733,4556065,162266,8797448,
All CA and Non-CA Counties,2021-03-14,134589,13205091,75705,6673356,44234,6358961,14650,172774,73750,4271510,60648,4616713,90775,8888223,
All CA and Non-CA Counties,2021-03-15,284867,13489958,135573,6808929,128946,6487907,20348,193122,157041,4325316,127274,4743987,181080,9069303,
All CA and Non-CA Counties,2021-03-16,363085,13853043,172766,6981695,173337,6661244,16982,210104,214212,4411659,148250,4892237,234593,9303896,
All CA and Non-CA Counties,2021-03-17,365878,14218921,184758,7166453,163736,6824980,17384,227488,226381,4519382,138894,5031131,246617,9550513,
All CA and Non-CA Counties,2021-03-18,335133,14554054,173783,7340236,145379,6970359,15971,243459,200263,4603851,134089,5165220,218558,9769071,
All CA and Non-CA Counties,2021-03-19,345707,14899761,183626,7523862,144010,7114369,18071,261530,203235,4685460,141791,5307011,223400,9992471,
All CA and Non-CA Counties,2021-03-20,223734,15123495,112565,7636427,99356,7213725,11813,273343,148798,4773036,74496,5381507,162072,10154543,
All CA and Non-CA Counties,2021-03-21,139791,15263286,95768,7732195,36648,7250373,7375,280718,91804,4825958,47777,5429284,100699,10255242,
All CA and Non-CA Counties,2021-03-22,267253,15530539,155985,7888180,100534,7350907,10734,291452,178879,4931105,87834,5517118,192981,10448223,
All CA and Non-CA Counties,2021-03-23,349607,15880146,192784,8080964,146555,7497462,10268,301720,229829,5055277,119040,5636158,243212,10691435,
All CA and Non-CA Counties,2021-03-24,377144,16257290,216689,8297653,148627,7646089,11828,313548,228551,5152139,147723,5783881,244585,10936020,
All CA and Non-CA Counties,2021-03-25,398703,16655993,218499,8516152,167083,7813172,13121,326669,234807,5244146,162892,5946773,254899,11190919,
All CA and Non-CA Counties,2021-03-26,412409,17068402,217848,8734000,179631,7992803,14930,341599,232536,5322268,178947,6125720,257069,11447988,
All CA and Non-CA Counties,2021-03-27,294459,17362861,155163,8889163,128894,8121697,10402,352001,151748,5349461,142101,6267821,169294,11617282,
All CA and Non-CA Counties,2021-03-28,163593,17526454,104801,8993964,55935,8177632,2857,354858,90658,5372807,72691,6340512,96037,11713319,
All CA and Non-CA Counties,2021-03-29,294107,17820561,159515,9153479,126470,8304102,8122,362980,172339,5436148,121218,6461730,184559,11897878,
All CA and Non-CA Counties,2021-03-30,361590,18182151,183108,9336587,164323,8468425,14159,377139,226870,5547027,134206,6595936,245085,12142963,
All CA and Non-CA Counties,2021-03-31,219596,18401747,124438,9461025,82094,8550519,13064,390203,123391,5590387,95759,6691695,139119,12282082,
Outside California,2020-12-15,7,7,7,7,0,0,0,0,7,7,0,0,7,7,Not in California
Outside California,2020-12-16,133,140,133,140,0,0,0,0,133,140,0,0,133,140,Not in California
Outside California,2020-12-17,1532,1672,1532,1672,0,0,0,0,1532,1672,0,0,1532,1672,Not in California
Outside California,2020-12-18,2397,4069,2393,4065,4,4,0,0,2396,4068,0,0,2396,4068,Not in California
Outside California,2020-12-19,1006,5075,1005,5070,1,5,0,0,1006,5074,0,0,1006,5074,Not in California
Outside California,2020-12-20,650,5725,649,5719,1,6,0,0,650,5724,0,0,650,5724,Not in California
Outside California,2020-12-21,2096,7821,2096,7815,0,6,0,0,2095,7819,0,0,2095,7819,Not in California
Outside California,2020-12-22,1958,9779,1925,9740,33,39,0,0,1958,9777,0,0,1958,9777,Not in California
Outside California,2020-12-23,1426,11205,1313,11053,113,152,0,0,1426,11203,0,0,1426,11203,Not in California
Outside California,2020-12-24,809,12014,615,11668,194,346,0,0,809,12012,0,0,809,12012,Not in California
Outside California,2020-12-25,33,12047,29,11697,4,350,0,0,33,12045,0,0,33,12045,Not in California
Outside California,2020-12-26,309,12356,204,11901,105,455,0,0,309,12354,0,0,309,12354,Not in California
Outside California,2020-12-27,190,12546,72,11973,118,573,0,0,190,12544,0,0,190,12544,Not in California
Outside California,2020-12-28,1400,13946,883,12856,517,1090,0,0,1400,13944,0,0,1400,13944,Not in California
Outside California,2020-12-29,1462,15408,938,13794,524,1614,0,0,1462,15406,0,0,1462,15406,Not in California
Outside California,2020-12-30,1858,17266,1197,14991,661,2275,0,0,1859,17265,0,0,1859,17265,Not in California
Outside California,2020-12-31,1069,18335,590,15581,479,2754,0,0,1070,18335,0,0,1070,18335,Not in California
Outside California,2021-01-01,105,18440,21,15602,84,2838,0,0,105,18440,0,0,105,18440,Not in California
Outside California,2021-01-02,241,18681,136,15738,105,2943,0,0,240,18679,1,1,240,18680,Not in California
Outside California,2021-01-03,177,18858,97,15835,80,3023,0,0,177,18856,0,1,177,18857,Not in California
Outside California,2021-01-04,1128,19986,504,16339,624,3647,0,0,1122,19977,1,2,1122,19979,Not in California
Outside California,2021-01-05,1450,21436,761,17100,689,4336,0,0,1312,21153,136,138,1312,21291,Not in California
Outside California,2021-01-06,2571,24007,1533,18633,1038,5374,0,0,1895,22366,683,821,1896,23187,Not in California
Outside California,2021-01-07,4101,28108,2520,21153,1581,6955,0,0,2463,23202,1637,2458,2473,25660,Not in California
Outside California,2021-01-08,4288,32396,2710,23863,1578,8533,0,0,2541,24014,1737,4195,2549,28209,Not in California
Outside California,2021-01-09,1341,33737,542,24405,799,9332,0,0,1011,24699,328,4523,1013,29222,Not in California
Outside California,2021-01-10,294,34031,179,24584,115,9447,0,0,173,24751,121,4644,173,29395,Not in California
Outside California,2021-01-11,3248,37279,1955,26539,1293,10740,0,0,1931,25365,1318,5962,1932,31327,Not in California
Outside California,2021-01-12,3776,41055,2268,28807,1508,12248,0,0,2287,26170,1484,7446,2289,33616,Not in California
Outside California,2021-01-13,3506,44561,1751,30558,1755,14003,0,0,2382,27428,1129,8575,2387,36003,Not in California
Outside California,2021-01-14,3681,48242,1241,31799,2440,16443,0,0,3068,29890,611,9186,3073,39076,Not in California
Outside California,2021-01-15,4080,52322,935,32734,3145,19588,0,0,3635,33089,442,9628,3641,42717,Not in California
Outside California,2021-01-16,2420,54742,343,33077,2077,21665,0,0,2259,35190,158,9786,2259,44976,Not in California
Outside California,2021-01-17,454,55196,143,33220,311,21976,0,0,398,35533,55,9841,398,45374,Not in California
Outside California,2021-01-18,1115,56311,749,33969,366,22342,0,0,643,35706,471,10312,644,46018,Not in California
Outside California,2021-01-19,3993,60304,1288,35257,2705,25047,0,0,3149,38012,844,11156,3150,49168,Not in California
Outside California,2021-01-20,4310,64614,1331,36588,2979,28026,0,0,3443,40593,864,12020,3445,52613,Not in California
Outside California,2021-01-21,4004,68618,978,37566,3026,31052,0,0,3485,43577,504,12524,3488,56101,Not in California
Outside California,2021-01-22,4558,73176,1006,38572,3552,34604,0,0,4154,47334,399,12923,4156,60257,Not in California
Outside California,2021-01-23,2244,75420,324,38896,1920,36524,0,0,2075,49241,168,13091,2075,62332,Not in California
Outside California,2021-01-24,709,76129,338,39234,371,36895,0,0,626,49784,83,13174,626,62958,Not in California
Outside California,2021-01-25,4436,80565,1938,41172,2498,39393,0,0,3604,52551,844,14018,3611,66569,Not in California
Outside California,2021-01-26,6149,86714,3160,44332,2989,42382,0,0,5349,57092,819,14837,5360,71929,Not in California
Outside California,2021-01-27,4966,91680,2968,47300,1998,44380,0,0,4424,60955,563,15400,4426,76355,Not in California
Outside California,2021-01-28,5110,96790,2969,50269,2141,46521,0,0,4679,65187,447,15847,4679,81034,Not in California
Outside California,2021-01-29,4604,101394,2943,53212,1661,48182,0,0,3899,68377,709,16556,3899,84933,Not in California
Outside California,2021-01-30,4179,105573,2504,55716,1675,49857,0,0,3965,72127,215,16771,3965,88898,Not in California
Outside California,2021-01-31,3444,109017,3157,58873,287,50144,0,0,3366,75419,77,16848,3369,92267,Not in California
Outside California,2021-02-01,5809,114826,2921,61794,2888,53032,0,0,5168,79950,639,17487,5170,97437,Not in California
Outside California,2021-02-02,7269,122095,2725,64519,4544,57576,0,0,6572,85839,687,18174,6576,104013,Not in California
Outside California,2021-02-03,7887,129982,2790,67309,5097,62673,0,0,7084,92133,792,18966,7086,111099,Not in California
Outside California,2021-02-04,7164,137146,2723,70032,4441,67114,0,0,6229,97445,920,19886,6232,117331,Not in California
Outside California,2021-02-05,6578,143724,2159,72191,4419,71533,0,0,5591,102046,990,20876,5591,122922,Not in California
Outside California,2021-02-06,4336,148060,2188,74379,2148,73681,0,0,3910,105541,417,21293,3912,126834,Not in California
Outside California,2021-02-07,2859,150919,2409,76788,450,74131,0,0,2783,108251,76,21369,2786,129620,Not in California
Outside California,2021-02-08,5797,156716,3757,80545,2040,76171,0,0,4728,111931,1051,22420,4731,134351,Not in California
Outside California,2021-02-09,4758,161474,2288,82833,2470,78641,0,0,3457,114116,1286,23706,3471,137822,Not in California
Outside California,2021-02-10,5896,167370,2183,85016,3713,82354,0,0,3555,115387,2333,26039,3604,141426,Not in California
Outside California,2021-02-11,4778,172148,2071,87087,2707,85061,0,0,3626,117889,1143,27182,3645,145071,Not in California
Outside California,2021-02-12,4592,176740,1600,88687,2992,88053,0,0,2962,119238,1621,28803,2970,148041,Not in California
Outside California,2021-02-13,2245,178985,626,89313,1619,89672,0,0,1789,120591,447,29250,1800,149841,Not in California
Outside California,2021-02-14,1458,180443,464,89777,994,90666,0,0,1181,121535,273,29523,1217,151058,Not in California
Outside California,2021-02-15,2509,182952,1554,91331,955,91621,0,0,1155,121390,1337,30860,1192,152250,Not in California
Outside California,2021-02-16,6300,189252,2851,94182,3449,95070,0,0,2510,120132,3783,34643,2525,154775,Not in California
Outside California,2021-02-17,5780,195032,2858,97040,2922,97992,0,0,1750,117866,4022,38665,1756,156531,Not in California
Outside California,2021-02-18,6034,201066,3508,100548,2526,100518,0,0,1798,115448,4223,42888,1805,158336,Not in California
Outside California,2021-02-19,5121,206187,3499,104047,1622,102140,0,0,1900,114134,3218,46106,1904,160240,Not in California
Outside California,2021-02-20,3184,209371,2676,106723,508,102648,0,0,1135,113224,2047,48153,1137,161377,Not in California
Outside California,2021-02-21,1790,211161,1583,108306,207,102855,0,0,603,112643,1184,49337,603,161980,Not in California
Outside California,2021-02-22,2728,213889,1909,110215,819,103674,0,0,976,111874,1752,51089,983,162963,Not in California
Outside California,2021-02-23,5058,218947,2509,112724,2549,106223,0,0,1568,109966,3486,54575,1578,164541,Not in California
Outside California,2021-02-24,5317,224264,2633,115357,2684,108907,0,0,1564,107789,3747,58322,1570,166111,Not in California
Outside California,2021-02-25,5778,230042,2536,117893,3242,112149,0,0,2106,106252,3653,61975,2116,168227,Not in California
Outside California,2021-02-26,6079,236121,3066,120959,3013,115162,0,0,2547,105351,3453,65428,2552,170779,Not in California
Outside California,2021-02-27,4587,240708,2299,123258,2287,117449,1,1,1285,103353,3287,68715,1289,172068,Not in California
Outside California,2021-02-28,2693,243401,2060,125318,633,118082,0,1,1067,102797,1625,70340,1069,173137,Not in California
Outside California,2021-03-01,4593,247994,3047,128365,1546,119628,0,1,1227,100680,3356,73696,1239,174376,Not in California
Outside California,2021-03-02,6123,254117,2062,130427,4061,123689,0,1,1795,98234,4332,78028,1886,176262,Not in California
Outside California,2021-03-03,6903,261020,2321,132748,4581,128270,1,2,1845,95033,5056,83084,1855,178117,Not in California
Outside California,2021-03-04,6216,267236,2440,135188,3775,132045,1,3,2034,92922,4166,87250,2055,180172,Not in California
Outside California,2021-03-05,4317,271553,1879,137067,2422,134467,16,19,2147,92926,2173,89423,2177,182349,Not in California
Outside California,2021-03-06,4113,275666,1787,138854,2193,136660,133,152,2013,93055,2096,91519,2225,184574,Not in California
Outside California,2021-03-07,1604,277270,1029,139883,523,137183,52,204,981,93490,623,92142,1058,185632,Not in California
Outside California,2021-03-08,2710,279980,1626,141509,873,138056,211,415,1987,94996,694,92836,2200,187832,Not in California
Outside California,2021-03-09,3690,283670,1566,143075,1840,139896,284,699,2081,95778,1605,94441,2387,190219,Not in California
Outside California,2021-03-10,3760,287430,1582,144657,1701,141597,477,1176,2170,96896,1583,96024,2701,192920,Not in California
Outside California,2021-03-11,5596,293026,2656,147313,2243,143840,697,1873,2900,97839,2695,98719,3638,196558,Not in California
Outside California,2021-03-12,5166,298192,2735,150048,1662,145502,769,2642,2831,99208,2329,101048,3698,200256,Not in California
Outside California,2021-03-13,3085,301277,1723,151771,826,146328,536,3178,2019,100706,1062,102110,2560,202816,Not in California
Outside California,2021-03-14,1762,303039,963,152734,452,146780,347,3525,1103,101507,659,102769,1460,204276,Not in California
Outside California,2021-03-15,3660,306699,1617,154351,1631,148411,412,3937,2249,102817,1405,104174,2715,206991,Not in California
Outside California,2021-03-16,6530,313229,3186,157537,2946,151357,398,4335,3852,104435,2675,106849,4293,211284,Not in California
Outside California,2021-03-17,6841,320070,3671,161208,2744,154101,426,4761,4194,106430,2643,109492,4638,215922,Not in California
Outside California,2021-03-18,6436,326506,3478,164686,2428,156529,530,5291,4038,108662,2389,111881,4621,220543,Not in California
Outside California,2021-03-19,5920,332426,3291,167977,2090,158619,539,5830,3747,110865,2168,114049,4371,224914,Not in California
Outside California,2021-03-20,3321,335747,2133,170110,1085,159704,103,5933,2735,113128,578,114627,2841,227755,Not in California
Outside California,2021-03-21,1830,337577,1261,171371,470,160174,99,6032,1415,114231,414,115041,1517,229272,Not in California
Outside California,2021-03-22,3116,340693,1726,173097,1279,161453,111,6143,2090,115413,1021,116062,2203,231475,Not in California
Outside California,2021-03-23,6131,346824,3030,176127,2837,164290,264,6407,4357,118277,1762,117824,4626,236101,Not in California
Outside California,2021-03-24,6978,353802,3347,179474,3192,167482,439,6846,5342,122440,1624,119448,5787,241888,Not in California
Outside California,2021-03-25,7865,361667,3375,182849,3951,171433,539,7385,5971,127086,1880,121328,6526,248414,Not in California
Outside California,2021-03-26,6521,368188,3373,186222,2946,174379,202,7587,4633,130080,1870,123198,4864,253278,Not in California
Outside California,2021-03-27,4558,372746,2644,188866,1849,176228,65,7652,3149,131922,1401,124599,3243,256521,Not in California
Outside California,2021-03-28,2600,375346,1345,190211,1187,177415,68,7720,1681,132769,913,125512,1760,258281,Not in California
Outside California,2021-03-29,4624,379970,2047,192258,2299,179714,278,7998,2931,134312,1689,127201,3232,261513,Not in California
Outside California,2021-03-30,6178,386148,3120,195378,2583,182297,475,8473,3997,136820,2166,129367,4674,266187,Not in California
Outside California,2021-03-31,2843,388991,1636,197014,707,183004,500,8973,1479,137480,1360,130727,2020,268207,Not in California
Unknown,2020-12-17,37,37,37,37,0,0,0,0,1,1,0,0,1,1,Not in California
Unknown,2020-12-18,52,89,52,89,0,0,0,0,2,3,0,0,2,3,Not in California
Unknown,2020-12-21,41,130,41,130,0,0,0,0,0,3,0,0,0,3,Not in California
Unknown,2020-12-26,1,131,1,131,0,0,0,0,1,4,0,0,1,4,Not in California
Unknown,2020-12-28,3,134,3,134,0,0,0,0,3,7,0,0,3,7,Not in California
Unknown,2020-12-29,3,137,3,137,0,0,0,0,3,10,0,0,3,10,Not in California
Unknown,2020-12-30,55,192,55,192,0,0,0,0,55,65,0,0,55,65,Not in California
Unknown,2020-12-31,2,194,0,192,2,2,0,0,0,65,0,0,0,65,Not in California
Unknown,2021-01-02,2,196,0,192,2,4,0,0,2,67,0,0,2,67,Not in California
Unknown,2021-01-03,1,197,0,192,1,5,0,0,1,68,0,0,1,68,Not in California
Unknown,2021-01-04,3,200,2,194,1,6,0,0,3,71,0,0,3,71,Not in California
Unknown,2021-01-05,4,204,0,194,4,10,0,0,4,75,0,0,4,75,Not in California
Unknown,2021-01-06,7,211,3,197,4,14,0,0,7,82,0,0,7,82,Not in California
Unknown,2021-01-07,70,281,68,265,2,16,0,0,70,152,0,0,70,152,Not in California
Unknown,2021-01-09,4,285,2,267,2,18,0,0,5,157,0,0,5,157,Not in California
Unknown,2021-01-10,1,286,0,267,1,19,0,0,1,158,0,0,1,158,Not in California
Unknown,2021-01-11,19,305,19,286,0,19,0,0,18,176,0,0,18,176,Not in California
Unknown,2021-01-12,9,314,8,294,1,20,0,0,8,184,1,1,9,185,Not in California
Unknown,2021-01-13,11,325,11,305,0,20,0,0,12,196,0,1,12,197,Not in California
Unknown,2021-01-14,2,327,2,307,0,20,0,0,2,198,0,1,2,199,Not in California
Unknown,2021-01-15,4,331,3,310,1,21,0,0,5,203,0,1,5,204,Not in California
Unknown,2021-01-16,8,339,8,318,0,21,0,0,7,209,1,2,7,211,Not in California
Unknown,2021-01-17,3,342,3,321,0,21,0,0,3,212,0,2,3,214,Not in California
Unknown,2021-01-18,58,400,58,379,0,21,0,0,56,266,2,4,56,270,Not in California
Unknown,2021-01-19,25,425,25,404,0,21,0,0,23,288,1,5,23,293,Not in California
Unknown,2021-01-20,80,505,80,484,0,21,0,0,28,264,52,57,28,321,Not in California
Unknown,2021-01-21,61,566,58,542,3,24,0,0,63,327,0,57,63,384,Not in California
Unknown,2021-01-22,43,609,37,579,6,30,0,0,42,369,0,57,42,426,Not in California
Unknown,2021-01-23,13,622,7,586,6,36,0,0,13,382,0,57,13,439,Not in California
Unknown,2021-01-24,2,624,2,588,0,36,0,0,3,385,0,57,3,442,Not in California
Unknown,2021-01-25,20,644,18,606,2,38,0,0,18,401,2,59,18,460,Not in California
Unknown,2021-01-26,96,740,96,702,0,38,0,0,98,499,1,60,99,559,Not in California
Unknown,2021-01-27,19,759,19,721,0,38,0,0,18,516,1,61,18,577,Not in California
Unknown,2021-01-28,166,925,163,884,3,41,0,0,111,567,60,121,111,688,Not in California
Unknown,2021-01-29,163,1088,162,1046,1,42,0,0,167,732,2,123,167,855,Not in California
Unknown,2021-01-30,13,1101,9,1055,4,46,0,0,15,745,2,125,15,870,Not in California
Unknown,2021-01-31,20,1121,19,1074,1,47,0,0,19,762,2,127,19,889,Not in California
Unknown,2021-02-01,37,1158,36,1110,1,48,0,0,22,767,17,144,22,911,Not in California
Unknown,2021-02-02,75,1233,74,1184,1,49,0,0,68,829,6,150,68,979,Not in California
Unknown,2021-02-03,54,1287,51,1235,3,52,0,0,43,860,12,162,43,1022,Not in California
Unknown,2021-02-04,70,1357,63,1298,7,59,0,0,67,920,7,169,67,1089,Not in California
Unknown,2021-02-05,15,1372,9,1307,6,65,0,0,14,928,6,175,14,1103,Not in California
Unknown,2021-02-06,18,1390,14,1321,4,69,0,0,15,937,6,181,15,1118,Not in California
Unknown,2021-02-07,12,1402,10,1331,2,71,0,0,8,941,4,185,8,1126,Not in California
Unknown,2021-02-08,60,1462,57,1388,3,74,0,0,20,918,43,228,20,1146,Not in California
Unknown,2021-02-09,21,1483,20,1408,1,75,0,0,5,907,16,244,5,1151,Not in California
Unknown,2021-02-10,40,1523,35,1443,5,80,0,0,14,895,26,270,14,1165,Not in California
Unknown,2021-02-11,100,1623,97,1540,3,83,0,0,50,893,52,322,50,1215,Not in California
Unknown,2021-02-12,50,1673,40,1580,10,93,0,0,21,880,34,356,21,1236,Not in California
Unknown,2021-02-13,12,1685,4,1584,8,101,0,0,15,894,1,357,15,1251,Not in California
Unknown,2021-02-14,8,1693,1,1585,7,108,0,0,6,899,1,358,6,1257,Not in California
Unknown,2021-02-15,46,1739,39,1624,7,115,0,0,33,920,12,370,33,1290,Not in California
Unknown,2021-02-16,124,1863,115,1739,9,124,0,0,44,883,81,451,44,1334,Not in California
Unknown,2021-02-17,13,1876,11,1750,2,126,0,0,8,886,5,456,8,1342,Not in California
Unknown,2021-02-18,118,1994,112,1862,6,132,0,0,24,817,93,549,24,1366,Not in California
Unknown,2021-02-19,216,2210,211,2073,5,137,0,0,67,732,152,701,67,1433,Not in California
Unknown,2021-02-20,17,2227,6,2079,11,148,0,0,11,739,4,705,11,1444,Not in California
Unknown,2021-02-21,20,2247,20,2099,0,148,0,0,10,736,13,718,10,1454,Not in California
Unknown,2021-02-22,10,2257,10,2109,0,148,0,0,8,741,3,721,8,1462,Not in California
Unknown,2021-02-23,71,2328,59,2168,12,160,0,0,21,711,51,772,21,1483,Not in California
Unknown,2021-02-24,56,2384,48,2216,8,168,0,0,26,704,33,805,26,1509,Not in California
Unknown,2021-02-25,83,2467,69,2285,14,182,0,0,31,683,52,857,31,1540,Not in California
Unknown,2021-02-26,44,2511,23,2308,21,203,0,0,32,702,13,870,32,1572,Not in California
Unknown,2021-02-27,26,2537,13,2321,13,216,0,0,20,714,8,878,20,1592,Not in California
Unknown,2021-02-28,40,2577,23,2344,17,233,0,0,32,742,5,883,33,1625,Not in California
Unknown,2021-03-01,53,2630,33,2377,20,253,0,0,34,757,19,902,34,1659,Not in California
Unknown,2021-03-02,21,2651,6,2383,15,268,0,0,15,766,6,908,15,1674,Not in California
Unknown,2021-03-03,19,2670,10,2393,9,277,0,0,24,787,3,911,24,1698,Not in California
Unknown,2021-03-04,57,2727,54,2447,3,280,0,0,25,780,32,943,25,1723,Not in California
Unknown,2021-03-05,179,2906,62,2509,117,397,0,0,176,949,7,950,176,1899,Not in California
Unknown,2021-03-06,203,3109,44,2553,120,517,39,39,154,1094,49,999,194,2093,Not in California
Unknown,2021-03-07,73,3182,31,2584,28,545,14,53,56,1147,17,1016,70,2163,Not in California
Unknown,2021-03-08,226,3408,97,2681,80,625,49,102,150,1268,77,1093,198,2361,Not in California
Unknown,2021-03-09,179,3587,115,2796,9,634,55,157,90,1324,89,1182,145,2506,Not in California
Unknown,2021-03-10,175,3762,118,2914,4,638,53,210,115,1433,60,1242,169,2675,Not in California
Unknown,2021-03-11,153,3915,76,2990,12,650,65,275,80,1505,73,1315,145,2820,Not in California
Unknown,2021-03-12,119,4034,66,3056,23,673,30,305,51,1520,68,1383,83,2903,Not in California
Unknown,2021-03-13,106,4140,31,3087,23,696,52,357,45,1557,60,1443,97,3000,Not in California
Unknown,2021-03-14,120,4260,60,3147,35,731,25,382,82,1626,38,1481,107,3107,Not in California
Unknown,2021-03-15,264,4524,153,3300,91,822,20,402,226,1834,38,1519,246,3353,Not in California
Unknown,2021-03-16,310,4834,198,3498,108,930,4,406,280,2088,30,1549,284,3637,Not in California
Unknown,2021-03-17,251,5085,155,3653,93,1023,3,409,238,2316,13,1562,241,3878,Not in California
Unknown,2021-03-18,178,5263,77,3730,99,1122,2,411,163,2467,14,1576,165,4043,Not in California
Unknown,2021-03-19,150,5413,86,3816,63,1185,1,412,143,2605,6,1582,144,4187,Not in California
Unknown,2021-03-20,152,5565,76,3892,76,1261,0,412,137,2728,14,1596,137,4324,Not in California
Unknown,2021-03-21,170,5735,94,3986,64,1325,12,424,152,2874,18,1614,164,4488,Not in California
Unknown,2021-03-22,232,5967,145,4131,80,1405,7,431,207,3066,25,1639,217,4705,Not in California
Unknown,2021-03-23,230,6197,156,4287,73,1478,1,432,218,3273,12,1651,219,4924,Not in California
Unknown,2021-03-24,286,6483,185,4472,98,1576,3,435,265,3520,21,1672,268,5192,Not in California
Unknown,2021-03-25,300,6783,177,4649,116,1692,7,442,278,3784,22,1694,286,5478,Not in California
Unknown,2021-03-26,322,7105,191,4840,125,1817,6,448,262,3993,59,1753,268,5746,Not in California
Unknown,2021-03-27,274,7379,144,4984,127,1944,3,451,231,4186,43,1796,236,5982,Not in California
Unknown,2021-03-28,321,7700,196,5180,120,2064,5,456,279,4429,41,1837,284,6266,Not in California
Unknown,2021-03-29,396,8096,245,5425,147,2211,4,460,327,4696,69,1906,336,6602,Not in California
Unknown,2021-03-30,366,8462,205,5630,154,2365,7,467,292,4924,74,1980,302,6904,Not in California
Unknown,2021-03-31,1,8463,0,5630,1,2366,0,467,0,4923,1,1981,0,6904,Not in California
Alameda,2020-12-15,36,36,36,36,0,0,0,0,36,36,0,0,36,36,California
Alameda,2020-12-16,201,237,201,237,0,0,0,0,201,237,0,0,201,237,California
Alameda,2020-12-17,445,682,445,682,0,0,0,0,445,682,0,0,445,682,California
Alameda,2020-12-18,1792,2474,1791,2473,1,1,0,0,1792,2474,0,0,1792,2474,California
Alameda,2020-12-19,1462,3936,1462,3935,0,1,0,0,1463,3937,0,0,1463,3937,California
Alameda,2020-12-20,1179,5115,1178,5113,1,2,0,0,1178,5114,1,1,1178,5115,California
Alameda,2020-12-21,1846,6961,1845,6958,1,3,0,0,1845,6959,0,1,1845,6960,California
Alameda,2020-12-22,2082,9043,2031,8989,51,54,0,0,2082,9041,0,1,2082,9042,California
Alameda,2020-12-23,1895,10938,1639,10628,256,310,0,0,1895,10936,0,1,1895,10937,California
Alameda,2020-12-24,1215,12153,757,11385,458,768,0,0,1215,12151,0,1,1215,12152,California
Alameda,2020-12-25,160,12313,124,11509,36,804,0,0,160,12311,0,1,160,12312,California
Alameda,2020-12-26,853,13166,312,11821,541,1345,0,0,853,13164,0,1,853,13165,California
Alameda,2020-12-27,499,13665,256,12077,243,1588,0,0,499,13663,0,1,499,13664,California
Alameda,2020-12-28,1855,15520,929,13006,926,2514,0,0,1855,15518,0,1,1855,15519,California
Alameda,2020-12-29,2421,17941,1022,14028,1399,3913,0,0,2420,17938,0,1,2420,17939,California
Alameda,2020-12-30,3103,21044,1338,15366,1765,5678,0,0,3103,21041,0,1,3103,21042,California
Alameda,2020-12-31,1781,22825,436,15802,1345,7023,0,0,1781,22822,0,1,1781,22823,California
Alameda,2021-01-01,167,22992,68,15870,99,7122,0,0,167,22989,0,1,167,22990,California
Alameda,2021-01-02,714,23706,518,16388,196,7318,0,0,713,23702,0,1,713,23703,California
Alameda,2021-01-03,339,24045,218,16606,121,7439,0,0,336,24035,3,4,336,24039,California
Alameda,2021-01-04,1644,25689,942,17548,702,8141,0,0,1632,25656,11,15,1632,25671,California
Alameda,2021-01-05,2192,27881,1257,18805,935,9076,0,0,1954,27374,236,251,1954,27625,California
Alameda,2021-01-06,3245,31126,1782,20587,1463,10539,0,0,2415,28962,828,1079,2416,30041,California
Alameda,2021-01-07,3751,34877,2110,22697,1641,12180,0,0,2629,30485,1113,2192,2636,32677,California
Alameda,2021-01-08,4731,39608,2702,25399,2029,14209,0,0,3099,31960,1627,3819,3102,35779,California
Alameda,2021-01-09,2032,41640,1390,26789,642,14851,0,0,1174,32276,859,4678,1175,36954,California
Alameda,2021-01-10,1033,42673,815,27604,218,15069,0,0,422,32086,612,5290,422,37376,California
Alameda,2021-01-11,4463,47136,3332,30936,1131,16200,0,0,2779,33187,1684,6974,2785,40161,California
Alameda,2021-01-12,4751,51887,3188,34124,1563,17763,0,0,3391,35222,1360,8334,3395,43556,California
Alameda,2021-01-13,5004,56891,2647,36771,2357,20120,0,0,3831,37890,1169,9503,3837,47393,California
Alameda,2021-01-14,5589,62480,2724,39495,2865,22985,0,0,4717,41747,863,10366,4720,52113,California
Alameda,2021-01-15,5813,68293,2408,41903,3405,26390,0,0,4998,45941,808,11174,5002,57115,California
Alameda,2021-01-16,3120,71413,1477,43380,1643,28033,0,0,2815,48451,305,11479,2815,59930,California
Alameda,2021-01-17,1870,73283,1076,44456,794,28827,0,0,1664,49909,206,11685,1664,61594,California
Alameda,2021-01-18,3234,76517,2090,46546,1144,29971,0,0,2616,51916,614,12299,2621,64215,California
Alameda,2021-01-19,5510,82027,3337,49883,2173,32144,0,0,4320,55055,1188,13487,4327,68542,California
Alameda,2021-01-20,6592,88619,4023,53906,2569,34713,0,0,5301,59081,1279,14766,5305,73847,California
Alameda,2021-01-21,7675,96294,3374,57280,4301,39014,0,0,6864,65142,805,15571,6866,80713,California
Alameda,2021-01-22,6901,103195,2047,59327,4854,43868,0,0,5742,69734,1152,16723,5744,86457,California
Alameda,2021-01-23,3268,106463,939,60266,2329,46197,0,0,2718,71905,549,17272,2720,89177,California
Alameda,2021-01-24,2080,108543,678,60944,1402,47599,0,0,1785,73399,291,17563,1785,90962,California
Alameda,2021-01-25,5161,113704,1959,62903,3202,50801,0,0,3606,75462,1549,19112,3612,94574,California
Alameda,2021-01-26,7209,120913,2271,65174,4938,55739,0,0,5345,78953,1854,20966,5345,99919,California
Alameda,2021-01-27,6640,127553,2052,67226,4588,60327,0,0,4816,81955,1814,22780,4816,104735,California
Alameda,2021-01-28,7815,135368,2494,69720,5321,65648,0,0,5615,85389,2182,24962,5616,110351,California
Alameda,2021-01-29,7812,143180,3100,72820,4712,70360,0,0,6047,89682,1754,26716,6047,116398,California
Alameda,2021-01-30,3239,146419,1501,74321,1738,72098,0,0,2699,91845,537,27253,2700,119098,California
Alameda,2021-01-31,2138,148557,1196,75517,942,73040,0,0,1665,93054,457,27710,1666,120764,California
Alameda,2021-02-01,5915,154472,3331,78848,2584,75624,0,0,4296,95740,1612,29322,4298,125062,California
Alameda,2021-02-02,7417,161889,4222,83070,3195,78819,0,0,4646,97623,2763,32085,4646,129708,California
Alameda,2021-02-03,7056,168945,3732,86802,3324,82143,0,0,4387,99348,2665,34750,4390,134098,California
Alameda,2021-02-04,9451,178396,4123,90925,5328,87471,0,0,6427,102770,3008,37758,6430,140528,California
Alameda,2021-02-05,10307,188703,5379,96304,4928,92399,0,0,6452,105379,3847,41605,6456,146984,California
Alameda,2021-02-06,7003,195706,4430,100734,2573,94972,0,0,5886,110147,1119,42724,5887,152871,California
Alameda,2021-02-07,3574,199280,2887,103621,687,95659,0,0,2645,111867,926,43650,2646,155517,California
Alameda,2021-02-08,8074,207354,5771,109392,2303,97962,0,0,5543,114891,2520,46170,5544,161061,California
Alameda,2021-02-09,9671,217025,5845,115237,3826,101788,0,0,6041,117309,3624,49794,6042,167103,California
Alameda,2021-02-10,11417,228442,6769,122006,4648,106436,0,0,6613,119140,4788,54582,6619,173722,California
Alameda,2021-02-11,13814,242256,7877,129883,5937,112373,0,0,8374,122091,5427,60009,8378,182100,California
Alameda,2021-02-12,12448,254704,5661,135544,6787,119160,0,0,7704,125061,4735,64744,7705,189805,California
Alameda,2021-02-13,7779,262483,4045,139589,3734,122894,0,0,5828,128943,1949,66693,5831,195636,California
Alameda,2021-02-14,4029,266512,2540,142129,1489,124383,0,0,2871,130661,1155,67848,2873,198509,California
Alameda,2021-02-15,5680,272192,3213,145342,2467,126850,0,0,3687,132358,1991,69839,3688,202197,California
Alameda,2021-02-16,12449,284641,6907,152249,5542,132392,0,0,9282,138484,3159,72998,9285,211482,California
Alameda,2021-02-17,14036,298677,8298,160547,5738,138130,0,0,10437,145340,3582,76580,10438,221920,California
Alameda,2021-02-18,15730,314407,9974,170521,5756,143886,0,0,11436,152486,4291,80871,11437,233357,California
Alameda,2021-02-19,17439,331846,11329,181850,6110,149996,0,0,11600,158260,5826,86697,11600,244957,California
Alameda,2021-02-20,11745,343591,9504,191354,2241,152237,0,0,9054,164627,2689,89386,9056,254013,California
Alameda,2021-02-21,6111,349702,5184,196538,927,153164,0,0,3680,165883,2424,91810,3680,257693,California
Alameda,2021-02-22,10610,360312,7827,204365,2783,155947,0,0,6722,168742,3873,95683,6732,264425,California
Alameda,2021-02-23,12652,372964,7675,212040,4977,160924,0,0,7880,171863,4766,100449,7887,272312,California
Alameda,2021-02-24,14542,387506,8150,220190,6392,167316,0,0,9448,176244,5073,105522,9454,281766,California
Alameda,2021-02-25,15466,402972,9053,229243,6413,173729,0,0,9831,180479,5607,111129,9842,291608,California
Alameda,2021-02-26,17980,420952,10575,239818,7405,181134,0,0,11635,185816,6303,117432,11640,303248,California
Alameda,2021-02-27,14634,435586,10765,250583,3869,185003,0,0,9064,189335,5548,122980,9067,312315,California
Alameda,2021-02-28,9129,444715,7699,258282,1430,186433,0,0,6077,192381,3033,126013,6079,318394,California
Alameda,2021-03-01,13136,457851,9138,267420,3998,190431,0,0,8156,195597,4943,130956,8159,326553,California
Alameda,2021-03-02,13584,471435,9473,276893,4111,194542,0,0,8748,199534,4819,135775,8756,335309,California
Alameda,2021-03-03,13961,485396,9079,285972,4882,199424,0,0,9430,204459,4506,140281,9431,344740,California
Alameda,2021-03-04,15429,500825,9685,295657,5744,205168,0,0,9504,208083,5892,146173,9516,354256,California
Alameda,2021-03-05,13969,514794,8747,304404,5218,210386,4,4,9377,212914,4559,150732,9390,363646,California
Alameda,2021-03-06,13359,528153,9627,314031,3481,213867,251,255,8817,217487,4507,155239,9080,372726,California
Alameda,2021-03-07,9279,537432,8063,322094,1139,215006,77,332,6575,221459,2682,157921,6654,379380,California
Alameda,2021-03-08,11358,548790,7040,329134,4019,219025,299,631,8558,227571,2754,160675,8866,388246,California
Alameda,2021-03-09,11127,559917,6794,335928,3900,222925,433,1064,6247,229407,4850,165525,6686,394932,California
Alameda,2021-03-10,16176,576093,10974,346902,4665,227590,537,1601,7281,228347,8878,174403,7818,402750,California
Alameda,2021-03-11,18934,595027,10969,357871,6506,234096,1459,3060,6505,223911,12405,186808,7969,410719,California
Alameda,2021-03-12,18904,613931,11109,368980,6527,240623,1268,4328,6644,219591,12240,199048,7920,418639,California
Alameda,2021-03-13,13728,627659,8781,377761,4004,244627,943,5271,4535,215911,9160,208208,5480,424119,California
Alameda,2021-03-14,10157,637816,7620,385381,1760,246387,777,6048,4509,215557,5636,213844,5282,429401,California
Alameda,2021-03-15,14380,652196,9333,394714,4521,250908,526,6574,6487,214702,7866,221710,7011,436412,California
Alameda,2021-03-16,17251,669447,11120,405834,5584,256492,547,7121,7708,213473,9488,231198,8259,444671,California
Alameda,2021-03-17,17007,686454,9636,415470,6710,263202,661,7782,8013,213183,8969,240167,8679,453350,California
Alameda,2021-03-18,15816,702270,8668,424138,6349,269551,799,8581,7121,212436,8673,248840,7926,461276,California
Alameda,2021-03-19,16428,718698,9039,433177,5994,275545,1395,9976,6602,210650,9793,258633,8007,469283,California
Alameda,2021-03-20,10820,729518,7210,440387,2954,278499,656,10632,4673,209855,6127,264760,5332,474615,California
Alameda,2021-03-21,8775,738293,6798,447185,1441,279940,536,11168,3717,209060,5049,269809,4254,478869,California
Alameda,2021-03-22,15058,753351,10092,457277,3988,283928,978,12146,7409,209831,7629,277438,8400,487269,California
Alameda,2021-03-23,19013,772364,11510,468787,6721,290649,782,12928,10741,213145,8236,285674,11550,498819,California
Alameda,2021-03-24,18770,791134,11364,480151,6450,297099,956,13884,8644,212952,10076,295750,9883,508702,California
Alameda,2021-03-25,20019,811153,11156,491307,7615,304714,1248,15132,9551,214053,10415,306165,11516,520218,California
Alameda,2021-03-26,20540,831693,12222,503529,6832,311546,1486,16618,8913,213738,11591,317756,11276,531494,California
Alameda,2021-03-27,17982,849675,12157,515686,4884,316430,941,17559,7723,212599,10215,327971,9076,540570,California
Alameda,2021-03-28,10452,860127,8438,524124,1811,318241,203,17762,3874,210173,6566,334537,4140,544710,California
Alameda,2021-03-29,14638,874765,9292,533416,4418,322659,928,18690,6416,209416,8191,342728,7434,552144,California
Alameda,2021-03-30,17983,892748,9437,542853,7051,329710,1495,20185,10772,214553,7191,349919,12328,564472,California
Alameda,2021-03-31,13354,906102,7142,549995,4713,334423,1499,21684,6633,216138,6707,356626,8292,572764,California
Alpine,2020-12-18,2,2,2,2,0,0,0,0,2,2,0,0,2,2,California
Alpine,2020-12-19,2,4,2,4,0,0,0,0,2,4,0,0,2,4,California
Alpine,2020-12-21,2,6,2,6,0,0,0,0,2,6,0,0,2,6,California
Alpine,2020-12-30,15,21,0,6,15,15,0,0,15,21,0,0,15,21,California
Alpine,2020-12-31,1,22,0,6,1,16,0,0,1,22,0,0,1,22,California
Alpine,2021-01-01,1,23,0,6,1,17,0,0,1,23,0,0,1,23,California
Alpine,2021-01-02,1,24,1,7,0,17,0,0,1,24,0,0,1,24,California
Alpine,2021-01-04,10,34,0,7,10,27,0,0,10,34,0,0,10,34,California
Alpine,2021-01-05,9,43,1,8,8,35,0,0,9,43,0,0,9,43,California
Alpine,2021-01-06,31,74,0,8,31,66,0,0,31,74,0,0,31,74,California
Alpine,2021-01-07,8,82,0,8,8,74,0,0,8,82,0,0,8,82,California
Alpine,2021-01-08,4,86,2,10,2,76,0,0,2,82,2,2,2,84,California
Alpine,2021-01-09,2,88,2,12,0,76,0,0,0,80,2,4,0,84,California
Alpine,2021-01-11,32,120,1,13,31,107,0,0,31,110,1,5,31,115,California
Alpine,2021-01-13,35,155,0,13,35,142,0,0,35,145,0,5,35,150,California
Alpine,2021-01-14,2,157,0,13,2,144,0,0,2,147,0,5,2,152,California
Alpine,2021-01-15,1,158,0,13,1,145,0,0,1,148,0,5,1,153,California
Alpine,2021-01-20,21,179,0,13,21,166,0,0,21,169,0,5,21,174,California
Alpine,2021-01-21,3,182,0,13,3,169,0,0,3,172,0,5,3,177,California
Alpine,2021-01-22,32,214,0,13,32,201,0,0,32,204,0,5,32,209,California
Alpine,2021-01-23,1,215,1,14,0,201,0,0,0,203,1,6,0,209,California
Alpine,2021-01-25,16,231,0,14,16,217,0,0,16,219,0,6,16,225,California
Alpine,2021-01-27,1,232,1,15,0,217,0,0,0,218,1,7,0,225,California
Alpine,2021-01-28,12,244,0,15,12,229,0,0,11,228,1,8,11,236,California
Alpine,2021-01-29,1,245,0,15,1,230,0,0,1,229,0,8,1,237,California
Alpine,2021-02-01,26,271,0,15,26,256,0,0,7,217,19,27,7,244,California
Alpine,2021-02-03,34,305,0,15,34,290,0,0,10,203,24,51,10,254,California
Alpine,2021-02-04,9,314,0,15,9,299,0,0,4,202,5,56,4,258,California
Alpine,2021-02-05,31,345,0,15,31,330,0,0,12,195,19,75,12,270,California
Alpine,2021-02-06,1,346,1,16,0,330,0,0,1,196,0,75,1,271,California
Alpine,2021-02-07,1,347,1,17,0,330,0,0,1,197,0,75,1,272,California
Alpine,2021-02-08,32,379,0,17,32,362,0,0,4,173,28,103,4,276,California
Alpine,2021-02-10,34,413,0,17,34,396,0,0,0,139,34,137,0,276,California
Alpine,2021-02-11,8,421,0,17,8,404,0,0,5,141,3,140,5,281,California
Alpine,2021-02-12,1,422,0,17,1,405,0,0,0,140,1,141,0,281,California
Alpine,2021-02-17,24,446,1,18,23,428,0,0,4,124,20,161,4,285,California
Alpine,2021-02-18,4,450,0,18,4,432,0,0,1,122,3,164,1,286,California
Alpine,2021-02-19,34,484,1,19,33,465,0,0,2,92,32,196,2,288,California
Alpine,2021-02-22,28,512,0,19,28,493,0,0,9,82,19,215,9,297,California
Alpine,2021-02-25,17,529,1,20,16,509,0,0,6,77,11,226,6,303,California
Alpine,2021-02-26,29,558,1,21,28,537,0,0,28,104,1,227,28,331,California
Alpine,2021-03-01,35,593,0,21,35,572,0,0,25,119,10,237,25,356,California
Alpine,2021-03-02,1,594,1,22,0,572,0,0,0,118,1,238,0,356,California
Alpine,2021-03-03,30,624,1,23,29,601,0,0,18,124,12,250,18,374,California
Alpine,2021-03-04,13,637,1,24,12,613,0,0,12,135,1,251,12,386,California
Alpine,2021-03-05,30,667,0,24,30,643,0,0,22,149,8,259,22,408,California
Alpine,2021-03-08,28,695,0,24,28,671,0,0,26,173,2,261,26,434,California
Alpine,2021-03-09,1,696,0,24,1,672,0,0,1,174,0,261,1,435,California
Alpine,2021-03-10,76,772,1,25,75,747,0,0,75,248,1,262,75,510,California
Alpine,2021-03-11,37,809,0,25,37,784,0,0,32,276,4,266,32,542,California
Alpine,2021-03-12,22,831,0,25,22,806,0,0,19,292,3,269,19,561,California
Alpine,2021-03-15,20,851,0,25,20,826,0,0,19,310,1,270,19,580,California
Alpine,2021-03-17,22,873,0,25,21,847,1,1,18,325,4,274,19,599,California
Alpine,2021-03-18,38,911,1,26,37,884,0,1,36,359,2,276,36,635,California
Alpine,2021-03-19,3,914,2,28,1,885,0,1,2,360,1,277,2,637,California
Alpine,2021-03-22,25,939,0,28,25,910,0,1,15,365,10,287,15,652,California
Alpine,2021-03-24,19,958,0,28,19,929,0,1,9,364,10,297,9,661,California
Alpine,2021-03-25,39,997,1,29,37,966,1,2,32,390,7,304,33,694,California
Alpine,2021-03-29,19,1016,0,29,18,984,1,3,2,376,17,321,3,697,California
Alpine,2021-03-31,1,1017,0,29,1,985,0,3,0,375,1,322,0,697,California
Amador,2020-12-16,2,2,2,2,0,0,0,0,2,2,0,0,2,2,California
Amador,2020-12-17,5,7,5,7,0,0,0,0,5,7,0,0,5,7,California
Amador,2020-12-18,44,51,44,51,0,0,0,0,44,51,0,0,44,51,California
Amador,2020-12-19,17,68,17,68,0,0,0,0,17,68,0,0,17,68,California
Amador,2020-12-20,4,72,4,72,0,0,0,0,4,72,0,0,4,72,California
Amador,2020-12-21,33,105,33,105,0,0,0,0,33,105,0,0,33,105,California
Amador,2020-12-22,35,140,34,139,1,1,0,0,35,140,0,0,35,140,California
Amador,2020-12-23,39,179,38,177,1,2,0,0,39,179,0,0,39,179,California
Amador,2020-12-24,5,184,3,180,2,4,0,0,5,184,0,0,5,184,California
Amador,2020-12-26,6,190,5,185,1,5,0,0,6,190,0,0,6,190,California
Amador,2020-12-27,1,191,0,185,1,6,0,0,1,191,0,0,1,191,California
Amador,2020-12-28,31,222,27,212,4,10,0,0,31,222,0,0,31,222,California
Amador,2020-12-29,26,248,19,231,7,17,0,0,26,248,0,0,26,248,California
Amador,2020-12-30,121,369,75,306,46,63,0,0,121,369,0,0,121,369,California
Amador,2020-12-31,192,561,167,473,25,88,0,0,192,561,0,0,192,561,California
Amador,2021-01-01,1,562,0,473,1,89,0,0,1,562,0,0,1,562,California
Amador,2021-01-02,56,618,56,529,0,89,0,0,56,618,0,0,56,618,California
Amador,2021-01-03,65,683,17,546,48,137,0,0,65,683,0,0,65,683,California
Amador,2021-01-04,125,808,1,547,124,261,0,0,124,806,1,1,124,807,California
Amador,2021-01-05,33,841,3,550,30,291,0,0,32,837,1,2,32,839,California
Amador,2021-01-06,38,879,10,560,28,319,0,0,34,867,4,6,34,873,California
Amador,2021-01-07,226,1105,68,628,158,477,0,0,214,1069,12,18,214,1087,California
Amador,2021-01-08,84,1189,70,698,14,491,0,0,40,1066,44,62,41,1128,California
Amador,2021-01-09,11,1200,11,709,0,491,0,0,2,1059,9,71,2,1130,California
Amador,2021-01-10,7,1207,5,714,2,493,0,0,3,1058,4,75,3,1133,California
Amador,2021-01-11,124,1331,44,758,80,573,0,0,89,1112,35,110,89,1222,California
Amador,2021-01-12,62,1393,48,806,14,587,0,0,39,1128,23,133,39,1261,California
Amador,2021-01-13,39,1432,25,831,14,601,0,0,26,1141,13,146,26,1287,California
Amador,2021-01-14,146,1578,20,851,126,727,0,0,136,1267,10,156,136,1423,California
Amador,2021-01-15,56,1634,23,874,33,760,0,0,49,1309,7,163,49,1472,California
Amador,2021-01-16,19,1653,12,886,7,767,0,0,13,1317,6,169,14,1486,California
Amador,2021-01-17,25,1678,5,891,20,787,0,0,25,1342,0,169,25,1511,California
Amador,2021-01-18,31,1709,27,918,4,791,0,0,9,1329,22,191,9,1520,California
Amador,2021-01-19,120,1829,96,1014,24,815,0,0,77,1363,43,234,77,1597,California
Amador,2021-01-20,181,2010,32,1046,149,964,0,0,166,1515,14,248,166,1763,California
Amador,2021-01-21,252,2262,221,1267,31,995,0,0,143,1549,109,357,143,1906,California
Amador,2021-01-22,133,2395,71,1338,62,1057,0,0,127,1670,6,363,127,2033,California
Amador,2021-01-23,52,2447,32,1370,20,1077,0,0,50,1718,2,365,50,2083,California
Amador,2021-01-24,28,2475,12,1382,16,1093,0,0,25,1740,3,368,25,2108,California
Amador,2021-01-25,56,2531,28,1410,28,1121,0,0,39,1762,17,385,39,2147,California
Amador,2021-01-26,241,2772,16,1426,225,1346,0,0,231,1983,10,395,231,2378,California
Amador,2021-01-27,296,3068,29,1455,267,1613,0,0,249,2188,45,440,250,2628,California
Amador,2021-01-28,343,3411,73,1528,270,1883,0,0,282,2410,61,501,283,2911,California
Amador,2021-01-29,96,3507,30,1558,66,1949,0,0,81,2476,15,516,81,2992,California
Amador,2021-01-30,166,3673,32,1590,134,2083,0,0,161,2632,5,521,161,3153,California
Amador,2021-01-31,32,3705,28,1618,4,2087,0,0,31,2662,1,522,31,3184,California
Amador,2021-02-01,62,3767,23,1641,39,2126,0,0,35,2670,27,549,35,3219,California
Amador,2021-02-02,216,3983,65,1706,151,2277,0,0,128,2713,85,634,128,3347,California
Amador,2021-02-03,140,4123,37,1743,103,2380,0,0,91,2756,48,682,91,3438,California
Amador,2021-02-04,247,4370,70,1813,177,2557,0,0,163,2837,84,766,165,3603,California
Amador,2021-02-05,326,4696,60,1873,266,2823,0,0,311,3133,15,781,311,3914,California
Amador,2021-02-06,101,4797,81,1954,20,2843,0,0,97,3226,4,785,97,4011,California
Amador,2021-02-07,38,4835,35,1989,3,2846,0,0,35,3258,3,788,35,4046,California
Amador,2021-02-08,91,4926,63,2052,28,2874,0,0,73,3313,18,806,73,4119,California
Amador,2021-02-09,171,5097,82,2134,89,2963,0,0,108,3358,63,869,108,4227,California
Amador,2021-02-10,717,5814,77,2211,640,3603,0,0,685,4011,32,901,685,4912,California
Amador,2021-02-11,307,6121,120,2331,187,3790,0,0,202,4109,104,1005,202,5114,California
Amador,2021-02-12,325,6446,118,2449,207,3997,0,0,252,4288,73,1078,252,5366,California
Amador,2021-02-13,163,6609,78,2527,85,4082,0,0,137,4399,26,1104,137,5503,California
Amador,2021-02-14,123,6732,54,2581,69,4151,0,0,106,4488,17,1121,106,5609,California
Amador,2021-02-15,183,6915,60,2641,123,4274,0,0,166,4638,16,1137,166,5775,California
Amador,2021-02-16,408,7323,52,2693,356,4630,0,0,369,4969,39,1176,370,6145,California
Amador,2021-02-17,263,7586,83,2776,180,4810,0,0,167,5040,96,1272,167,6312,California
Amador,2021-02-18,400,7986,99,2875,301,5111,0,0,339,5319,61,1333,340,6652,California
Amador,2021-02-19,190,8176,73,2948,117,5228,0,0,108,5346,82,1415,109,6761,California
Amador,2021-02-20,91,8267,27,2975,64,5292,0,0,63,5381,28,1443,63,6824,California
Amador,2021-02-21,46,8313,35,3010,11,5303,0,0,17,5369,29,1472,17,6841,California
Amador,2021-02-22,64,8377,25,3035,39,5342,0,0,33,5372,30,1502,33,6874,California
Amador,2021-02-23,315,8692,57,3092,258,5600,0,0,139,5338,176,1678,142,7016,California
Amador,2021-02-24,394,9086,53,3145,341,5941,0,0,266,5480,124,1802,266,7282,California
Amador,2021-02-25,509,9595,108,3253,401,6342,0,0,280,5533,227,2029,280,7562,California
Amador,2021-02-26,600,10195,75,3328,525,6867,0,0,501,5937,98,2127,502,8064,California
Amador,2021-02-27,287,10482,92,3420,195,7062,0,0,100,5856,186,2313,105,8169,California
Amador,2021-02-28,101,10583,52,3472,49,7111,0,0,56,5870,45,2358,59,8228,California
Amador,2021-03-01,190,10773,70,3542,120,7231,0,0,125,5931,65,2423,126,8354,California
Amador,2021-03-02,385,11158,62,3604,323,7554,0,0,333,6214,52,2475,335,8689,California
Amador,2021-03-03,236,11394,78,3682,158,7712,0,0,162,6303,74,2549,163,8852,California
Amador,2021-03-04,482,11876,114,3796,368,8080,0,0,380,6583,102,2651,382,9234,California
Amador,2021-03-05,489,12365,63,3859,426,8506,0,0,279,6655,209,2860,281,9515,California
Amador,2021-03-06,89,12454,39,3898,49,8555,1,1,48,6663,41,2901,49,9564,California
Amador,2021-03-07,61,12515,44,3942,17,8572,0,1,18,6638,43,2944,18,9582,California
Amador,2021-03-08,146,12661,71,4013,74,8646,1,2,85,6664,61,3005,87,9669,California
Amador,2021-03-09,379,13040,46,4059,333,8979,0,2,318,6924,58,3063,318,9987,California
Amador,2021-03-10,514,13554,78,4137,435,9414,1,3,245,6902,269,3332,247,10234,California
Amador,2021-03-11,475,14029,115,4252,351,9765,9,12,330,7102,142,3474,342,10576,California
Amador,2021-03-12,551,14580,67,4319,478,10243,6,18,310,7209,240,3714,347,10923,California
Amador,2021-03-13,84,14664,13,4332,64,10307,7,25,28,7210,56,3770,57,10980,California
Amador,2021-03-14,64,14728,20,4352,42,10349,2,27,21,7191,43,3813,24,11004,California
Amador,2021-03-15,186,14914,22,4374,151,10500,13,40,56,7134,130,3943,73,11077,California
Amador,2021-03-16,459,15373,58,4432,393,10893,8,48,195,7076,261,4204,203,11280,California
Amador,2021-03-17,188,15561,38,4470,147,11040,3,51,116,7125,72,4276,121,11401,California
Amador,2021-03-18,452,16013,85,4555,364,11404,3,54,235,7153,216,4492,244,11645,California
Amador,2021-03-19,531,16544,47,4602,468,11872,16,70,391,7426,138,4630,411,12056,California
Amador,2021-03-20,78,16622,37,4639,41,11913,0,70,29,7408,48,4678,30,12086,California
Amador,2021-03-21,45,16667,35,4674,9,11922,1,71,27,7421,17,4695,30,12116,California
Amador,2021-03-22,117,16784,35,4709,53,11975,29,100,49,7432,67,4762,78,12194,California
Amador,2021-03-23,438,17222,49,4758,381,12356,8,108,280,7564,156,4918,288,12482,California
Amador,2021-03-24,340,17562,33,4791,54,12410,253,361,34,7544,305,5223,285,12767,California
Amador,2021-03-25,602,18164,84,4875,513,12923,5,366,390,7733,209,5432,398,13165,California
Amador,2021-03-26,734,18898,38,4913,690,13613,6,372,287,7592,446,5878,305,13470,California
Amador,2021-03-27,86,18984,14,4927,71,13684,1,373,27,7564,58,5936,30,13500,California
Amador,2021-03-28,67,19051,14,4941,51,13735,2,375,11,7521,56,5992,13,13513,California
Amador,2021-03-29,180,19231,27,4968,152,13887,1,376,79,7510,97,6089,86,13599,California
Amador,2021-03-30,126,19357,21,4989,105,13992,0,376,66,7516,60,6149,66,13665,California
Amador,2021-03-31,76,19433,46,5035,26,14018,4,380,22,7492,54,6203,30,13695,California
Butte,2020-12-16,3,3,3,3,0,0,0,0,3,3,0,0,3,3,California
Butte,2020-12-17,20,23,20,23,0,0,0,0,20,23,0,0,20,23,California
Butte,2020-12-18,50,73,50,73,0,0,0,0,50,73,0,0,50,73,California
Butte,2020-12-19,7,80,7,80,0,0,0,0,7,80,0,0,7,80,California
Butte,2020-12-20,10,90,10,90,0,0,0,0,10,90,0,0,10,90,California
Butte,2020-12-21,633,723,633,723,0,0,0,0,633,723,0,0,633,723,California
Butte,2020-12-22,618,1341,616,1339,2,2,0,0,618,1341,0,0,618,1341,California
Butte,2020-12-23,870,2211,854,2193,16,18,0,0,870,2211,0,0,870,2211,California
Butte,2020-12-24,160,2371,157,2350,3,21,0,0,160,2371,0,0,160,2371,California
Butte,2020-12-26,93,2464,91,2441,2,23,0,0,93,2464,0,0,93,2464,California
Butte,2020-12-27,35,2499,34,2475,1,24,0,0,35,2499,0,0,35,2499,California
Butte,2020-12-28,280,2779,274,2749,6,30,0,0,280,2779,0,0,280,2779,California
Butte,2020-12-29,204,2983,180,2929,24,54,0,0,204,2983,0,0,204,2983,California
Butte,2020-12-30,498,3481,289,3218,209,263,0,0,498,3481,0,0,498,3481,California
Butte,2020-12-31,210,3691,18,3236,192,455,0,0,210,3691,0,0,210,3691,California
Butte,2021-01-01,7,3698,1,3237,6,461,0,0,7,3698,0,0,7,3698,California
Butte,2021-01-02,37,3735,36,3273,1,462,0,0,37,3735,0,0,37,3735,California
Butte,2021-01-03,4,3739,1,3274,3,465,0,0,4,3739,0,0,4,3739,California
Butte,2021-01-04,206,3945,173,3447,33,498,0,0,206,3945,0,0,206,3945,California
Butte,2021-01-05,194,4139,151,3598,43,541,0,0,193,4137,1,1,193,4138,California
Butte,2021-01-06,623,4762,396,3994,227,768,0,0,619,4752,4,5,619,4757,California
Butte,2021-01-07,761,5523,369,4363,392,1160,0,0,742,5475,19,24,742,5499,California
Butte,2021-01-08,570,6093,529,4892,41,1201,0,0,524,5953,46,70,524,6023,California
Butte,2021-01-09,12,6105,7,4899,5,1206,0,0,7,5955,5,75,7,6030,California
Butte,2021-01-10,19,6124,5,4904,14,1220,0,0,14,5964,5,80,14,6044,California
Butte,2021-01-11,987,7111,951,5855,36,1256,0,0,358,5696,629,709,361,6405,California
Butte,2021-01-12,697,7808,652,6507,45,1301,0,0,274,5547,423,1132,274,6679,California
Butte,2021-01-13,1446,9254,955,7462,491,1792,0,0,611,5325,835,1967,613,7292,California
Butte,2021-01-14,1637,10891,898,8360,739,2531,0,0,1440,6569,196,2163,1440,8732,California
Butte,2021-01-15,1169,12060,926,9286,243,2774,0,0,1059,7517,111,2274,1059,9791,California
Butte,2021-01-16,584,12644,300,9586,284,3058,0,0,539,8011,45,2319,539,10330,California
Butte,2021-01-17,239,12883,64,9650,175,3233,0,0,202,8176,37,2356,202,10532,California
Butte,2021-01-18,343,13226,302,9952,41,3274,0,0,275,8384,67,2423,275,10807,California
Butte,2021-01-19,489,13715,426,10378,63,3337,0,0,216,8330,273,2696,219,11026,California
Butte,2021-01-20,1346,15061,664,11042,682,4019,0,0,1046,9076,300,2996,1046,12072,California
Butte,2021-01-21,1475,16536,867,11909,608,4627,0,0,1369,10340,105,3101,1369,13441,California
Butte,2021-01-22,988,17524,333,12242,655,5282,0,0,935,11222,53,3154,935,14376,California
Butte,2021-01-23,123,17647,82,12324,41,5323,0,0,98,11295,25,3179,98,14474,California
Butte,2021-01-24,8,17655,6,12330,2,5325,0,0,8,11303,0,3179,8,14482,California
Butte,2021-01-25,650,18305,334,12664,316,5641,0,0,488,11629,162,3341,488,14970,California
Butte,2021-01-26,1459,19764,376,13040,1083,6724,0,0,1322,12815,137,3478,1323,16293,California
Butte,2021-01-27,2075,21839,704,13744,1371,8095,0,0,1360,13460,715,4193,1360,17653,California
Butte,2021-01-28,2255,24094,259,14003,1996,10091,0,0,1947,15100,307,4500,1947,19600,California
Butte,2021-01-29,1672,25766,487,14490,1185,11276,0,0,1292,16014,378,4878,1292,20892,California
Butte,2021-01-30,32,25798,10,14500,22,11298,0,0,29,16040,3,4881,29,20921,California
Butte,2021-01-31,16,25814,14,14514,2,11300,0,0,15,16054,1,4882,15,20936,California
Butte,2021-02-01,1738,27552,404,14918,1334,12634,0,0,1353,17025,383,5265,1354,22290,California
Butte,2021-02-02,1930,29482,362,15280,1568,14202,0,0,1626,18347,304,5569,1626,23916,California
Butte,2021-02-03,2730,32212,772,16052,1958,16160,0,0,1839,19297,889,6458,1839,25755,California
Butte,2021-02-04,2955,35167,325,16377,2630,18790,0,0,2399,21142,554,7012,2399,28154,California
Butte,2021-02-05,1167,36334,661,17038,506,19296,0,0,540,21055,627,7639,540,28694,California
Butte,2021-02-06,142,36476,102,17140,40,19336,0,0,60,21033,82,7721,60,28754,California
Butte,2021-02-07,39,36515,35,17175,4,19340,0,0,15,21024,24,7745,15,28769,California
Butte,2021-02-08,691,37206,540,17715,151,19491,0,0,241,20815,450,8195,241,29010,California
Butte,2021-02-09,950,38156,456,18171,494,19985,0,0,723,21311,227,8422,723,29733,California
Butte,2021-02-10,1706,39862,1190,19361,516,20501,0,0,697,21000,1008,9430,697,30430,California
Butte,2021-02-11,2199,42061,1351,20712,848,21349,0,0,1005,20812,1194,10624,1006,31436,California
Butte,2021-02-12,859,42920,298,21010,561,21910,0,0,312,20578,546,11170,312,31748,California
Butte,2021-02-13,246,43166,45,21055,201,22111,0,0,145,20621,102,11272,145,31893,California
Butte,2021-02-14,160,43326,11,21066,149,22260,0,0,155,20771,5,11277,155,32048,California
Butte,2021-02-15,258,43584,47,21113,211,22471,0,0,196,20905,62,11339,196,32244,California
Butte,2021-02-16,734,44318,433,21546,301,22772,0,0,278,20727,456,11795,278,32522,California
Butte,2021-02-17,1506,45824,843,22389,663,23435,0,0,833,20888,672,12467,833,33355,California
Butte,2021-02-18,1547,47371,754,23143,793,24228,0,0,743,20827,804,13271,743,34098,California
Butte,2021-02-19,1167,48538,389,23532,778,25006,0,0,404,20473,758,14029,404,34502,California
Butte,2021-02-20,477,49015,33,23565,444,25450,0,0,122,20241,354,14383,122,34624,California
Butte,2021-02-21,14,49029,12,23577,2,25452,0,0,10,20247,4,14387,10,34634,California
Butte,2021-02-22,1488,50517,293,23870,1195,26647,0,0,388,19536,1099,15486,388,35022,California
Butte,2021-02-23,1626,52143,300,24170,1326,27973,0,0,465,18845,1156,16642,465,35487,California
Butte,2021-02-24,2112,54255,594,24764,1518,29491,0,0,727,18194,1378,18020,727,36214,California
Butte,2021-02-25,2070,56325,578,25342,1492,30983,0,0,666,17460,1401,19421,667,36881,California
Butte,2021-02-26,921,57246,317,25659,604,31587,0,0,399,17340,519,19940,399,37280,California
Butte,2021-02-27,231,57477,43,25702,188,31775,0,0,184,17479,45,19985,184,37464,California
Butte,2021-02-28,141,57618,19,25721,122,31897,0,0,131,17600,10,19995,131,37595,California
Butte,2021-03-01,1525,59143,175,25896,1350,33247,0,0,321,16719,1203,21198,322,37917,California
Butte,2021-03-02,1662,60805,191,26087,1471,34718,0,0,300,15660,1359,22557,300,38217,California
Butte,2021-03-03,2600,63405,813,26900,1787,36505,0,0,442,13946,2157,24714,443,38660,California
Butte,2021-03-04,3001,66406,660,27560,2341,38846,0,0,601,12148,2399,27113,601,39261,California
Butte,2021-03-05,1298,67704,599,28159,698,39544,1,1,698,12248,599,27712,699,39960,California
Butte,2021-03-06,198,67902,30,28189,147,39691,21,22,144,12360,53,27765,165,40125,California
Butte,2021-03-07,61,67963,9,28198,35,39726,17,39,32,12380,29,27794,49,40174,California
Butte,2021-03-08,1228,69191,131,28329,1029,40755,68,107,1078,13379,148,27942,1147,41321,California
Butte,2021-03-09,1868,71059,278,28607,1487,42242,103,210,1381,14377,486,28428,1484,42805,California
Butte,2021-03-10,2216,73275,934,29541,1234,43476,48,258,1541,15296,670,29098,1589,44394,California
Butte,2021-03-11,2692,75967,1270,30811,1314,44790,108,366,1897,16517,785,29883,2006,46400,California
Butte,2021-03-12,952,76919,285,31096,398,45188,269,635,329,16496,618,30501,597,46997,California
Butte,2021-03-13,191,77110,54,31150,92,45280,45,680,59,16468,132,30633,104,47101,California
Butte,2021-03-14,120,77230,14,31164,65,45345,41,721,20,16429,100,30733,61,47162,California
Butte,2021-03-15,1672,78902,348,31512,1052,46397,272,993,1106,17244,563,31296,1378,48540,California
Butte,2021-03-16,1607,80509,411,31923,1124,47521,72,1065,1071,17853,534,31830,1143,49683,California
Butte,2021-03-17,1873,82382,1332,33255,466,47987,75,1140,1082,18224,786,32616,1157,50840,California
Butte,2021-03-18,1518,83900,1205,34460,199,48186,114,1254,880,18583,635,33251,994,51834,California
Butte,2021-03-19,540,84440,242,34702,228,48414,70,1324,254,18627,281,33532,325,52159,California
Butte,2021-03-20,159,84599,30,34732,114,48528,15,1339,75,18634,83,33615,90,52249,California
Butte,2021-03-21,64,84663,29,34761,6,48534,29,1368,22,18643,42,33657,51,52300,California
Butte,2021-03-22,1434,86097,335,35096,1010,49544,89,1457,1176,19654,255,33912,1266,53566,California
Butte,2021-03-23,1748,87845,448,35544,1194,50738,106,1563,1417,20848,328,34240,1522,55088,California
Butte,2021-03-24,2090,89935,1126,36670,851,51589,113,1676,1572,22020,514,34754,1686,56774,California
Butte,2021-03-25,1398,91333,1110,37780,195,51784,93,1769,933,22584,463,35217,1027,57801,California
Butte,2021-03-26,1154,92487,394,38174,523,52307,237,2006,516,22713,630,35847,759,58560,California
Butte,2021-03-27,308,92795,76,38250,208,52515,24,2030,133,22700,173,36020,160,58720,California
Butte,2021-03-28,211,93006,36,38286,169,52684,6,2036,87,22671,121,36141,92,58812,California
Butte,2021-03-29,1683,94689,350,38636,1265,53949,68,2104,1268,23596,411,36552,1336,60148,California
Butte,2021-03-30,947,95636,426,39062,434,54383,87,2191,436,23616,506,37058,526,60674,California
Butte,2021-03-31,1280,96916,1110,40172,131,54514,39,2230,776,23936,502,37560,822,61496,California
Calaveras,2020-12-16,5,5,5,5,0,0,0,0,5,5,0,0,5,5,California
Calaveras,2020-12-17,3,8,3,8,0,0,0,0,3,8,0,0,3,8,California
Calaveras,2020-12-18,38,46,38,46,0,0,0,0,38,46,0,0,38,46,California
Calaveras,2020-12-19,3,49,3,49,0,0,0,0,3,49,0,0,3,49,California
Calaveras,2020-12-20,3,52,3,52,0,0,0,0,3,52,0,0,3,52,California
Calaveras,2020-12-21,55,107,48,100,7,7,0,0,55,107,0,0,55,107,California
Calaveras,2020-12-22,81,188,77,177,4,11,0,0,82,189,0,0,82,189,California
Calaveras,2020-12-23,77,265,75,252,2,13,0,0,86,275,0,0,86,275,California
Calaveras,2020-12-24,2,267,2,254,0,13,0,0,2,277,0,0,2,277,California
Calaveras,2020-12-26,3,270,3,257,0,13,0,0,3,280,0,0,3,280,California
Calaveras,2020-12-28,22,292,18,275,4,17,0,0,21,300,1,1,21,301,California
Calaveras,2020-12-29,166,458,147,422,19,36,0,0,166,466,0,1,166,467,California
Calaveras,2020-12-30,94,552,82,504,12,48,0,0,94,560,0,1,94,561,California
Calaveras,2020-12-31,36,588,26,530,10,58,0,0,36,596,0,1,36,597,California
Calaveras,2021-01-02,11,599,11,541,0,58,0,0,11,607,0,1,11,608,California
Calaveras,2021-01-03,8,607,3,544,5,63,0,0,8,615,0,1,8,616,California
Calaveras,2021-01-04,33,640,5,549,28,91,0,0,33,648,0,1,33,649,California
Calaveras,2021-01-05,39,679,9,558,30,121,0,0,38,683,3,4,38,687,California
Calaveras,2021-01-06,109,788,30,588,79,200,0,0,99,772,10,14,99,786,California
Calaveras,2021-01-07,108,896,27,615,81,281,0,0,95,856,12,26,96,882,California
Calaveras,2021-01-08,68,964,37,652,31,312,0,0,46,881,22,48,47,929,California
Calaveras,2021-01-09,6,970,6,658,0,312,0,0,2,879,4,52,2,931,California
Calaveras,2021-01-10,2,972,0,658,2,314,0,0,2,881,0,52,2,933,California
Calaveras,2021-01-11,63,1035,58,716,5,319,0,0,28,875,34,86,28,961,California
Calaveras,2021-01-12,87,1122,54,770,33,352,0,0,54,896,33,119,54,1015,California
Calaveras,2021-01-13,107,1229,43,813,64,416,0,0,74,938,33,152,75,1090,California
Calaveras,2021-01-14,137,1366,41,854,96,512,0,0,102,1006,34,186,102,1192,California
Calaveras,2021-01-15,112,1478,51,905,61,573,0,0,85,1065,27,213,86,1278,California
Calaveras,2021-01-16,13,1491,2,907,11,584,0,0,12,1076,1,214,12,1290,California
Calaveras,2021-01-17,10,1501,1,908,9,593,0,0,10,1086,0,214,10,1300,California
Calaveras,2021-01-18,132,1633,20,928,112,705,0,0,119,1195,13,227,122,1422,California
Calaveras,2021-01-19,200,1833,172,1100,28,733,0,0,60,1117,138,365,60,1482,California
Calaveras,2021-01-20,392,2225,79,1179,313,1046,0,0,308,1350,83,448,316,1798,California
Calaveras,2021-01-21,462,2687,40,1219,422,1468,0,0,435,1764,27,475,441,2239,California
Calaveras,2021-01-22,433,3120,23,1242,410,1878,0,0,423,2184,10,485,430,2669,California
Calaveras,2021-01-23,23,3143,10,1252,13,1891,0,0,19,2199,4,489,19,2688,California
Calaveras,2021-01-24,15,3158,9,1261,6,1897,0,0,13,2210,2,491,13,2701,California
Calaveras,2021-01-25,122,3280,7,1268,115,2012,0,0,117,2322,5,496,117,2818,California
Calaveras,2021-01-26,47,3327,17,1285,30,2042,0,0,37,2349,10,506,37,2855,California
Calaveras,2021-01-27,160,3487,44,1329,116,2158,0,0,133,2456,26,532,133,2988,California
Calaveras,2021-01-28,164,3651,21,1350,143,2301,0,0,140,2575,24,556,143,3131,California
Calaveras,2021-01-29,443,4094,34,1384,409,2710,0,0,423,2985,20,576,430,3561,California
Calaveras,2021-01-30,27,4121,10,1394,17,2727,0,0,26,3011,0,576,26,3587,California
Calaveras,2021-01-31,5,4126,2,1396,3,2730,0,0,4,3014,1,577,4,3591,California
Calaveras,2021-02-01,55,4181,41,1437,14,2744,0,0,36,3031,19,596,36,3627,California
Calaveras,2021-02-02,110,4291,25,1462,85,2829,0,0,71,3064,39,635,72,3699,California
Calaveras,2021-02-03,442,4733,43,1505,399,3228,0,0,358,3340,83,718,359,4058,California
Calaveras,2021-02-04,380,5113,24,1529,356,3584,0,0,296,3554,82,800,296,4354,California
Calaveras,2021-02-05,80,5193,22,1551,58,3642,0,0,41,3558,39,839,43,4397,California
Calaveras,2021-02-06,22,5215,13,1564,9,3651,0,0,22,3580,0,839,22,4419,California
Calaveras,2021-02-07,4,5219,1,1565,3,3654,0,0,2,3580,2,841,2,4421,California
Calaveras,2021-02-08,35,5254,18,1583,17,3671,0,0,27,3601,7,848,28,4449,California
Calaveras,2021-02-09,210,5464,93,1676,117,3788,0,0,147,3691,57,905,147,4596,California
Calaveras,2021-02-10,507,5971,28,1704,479,4267,0,0,441,4067,66,971,442,5038,California
Calaveras,2021-02-11,580,6551,75,1779,505,4772,0,0,473,4436,105,1076,474,5512,California
Calaveras,2021-02-12,565,7116,323,2102,242,5014,0,0,492,4857,72,1148,493,6005,California
Calaveras,2021-02-13,192,7308,37,2139,155,5169,0,0,177,5019,15,1163,177,6182,California
Calaveras,2021-02-14,215,7523,73,2212,142,5311,0,0,201,5206,14,1177,201,6383,California
Calaveras,2021-02-15,375,7898,20,2232,355,5666,0,0,257,5349,115,1292,258,6641,California
Calaveras,2021-02-16,298,8196,174,2406,124,5790,0,0,243,5537,55,1347,243,6884,California
Calaveras,2021-02-17,518,8714,35,2441,483,6273,0,0,207,5441,304,1651,208,7092,California
Calaveras,2021-02-18,492,9206,88,2529,404,6677,0,0,97,5152,386,2037,97,7189,California
Calaveras,2021-02-19,441,9647,44,2573,397,7074,0,0,99,4918,333,2370,99,7288,California
Calaveras,2021-02-20,60,9707,15,2588,45,7119,0,0,48,4954,12,2382,48,7336,California
Calaveras,2021-02-21,21,9728,12,2600,9,7128,0,0,18,4969,3,2385,18,7354,California
Calaveras,2021-02-22,65,9793,39,2639,26,7154,0,0,34,4972,31,2416,34,7388,California
Calaveras,2021-02-23,149,9942,67,2706,82,7236,0,0,100,5025,49,2465,102,7490,California
Calaveras,2021-02-24,90,10032,45,2751,45,7281,0,0,63,5061,27,2492,63,7553,California
Calaveras,2021-02-25,474,10506,99,2850,375,7656,0,0,321,5232,150,2642,321,7874,California
Calaveras,2021-02-26,667,11173,44,2894,623,8279,0,0,364,5307,290,2932,365,8239,California
Calaveras,2021-02-27,206,11379,21,2915,185,8464,0,0,182,5465,24,2956,182,8421,California
Calaveras,2021-02-28,99,11478,14,2929,85,8549,0,0,93,5553,6,2962,94,8515,California
Calaveras,2021-03-01,192,11670,59,2988,133,8682,0,0,145,5652,46,3008,145,8660,California
Calaveras,2021-03-02,243,11913,92,3080,151,8833,0,0,200,5812,41,3049,201,8861,California
Calaveras,2021-03-03,481,12394,97,3177,384,9217,0,0,188,5711,290,3339,189,9050,California
Calaveras,2021-03-04,655,13049,60,3237,595,9812,0,0,331,5726,320,3659,335,9385,California
Calaveras,2021-03-05,444,13493,269,3506,170,9982,5,5,122,5540,320,3979,134,9519,California
Calaveras,2021-03-06,135,13628,42,3548,87,10069,6,11,100,5612,35,4014,107,9626,California
Calaveras,2021-03-07,75,13703,32,3580,35,10104,8,19,30,5608,44,4058,40,9666,California
Calaveras,2021-03-08,124,13827,22,3602,95,10199,7,26,92,5678,32,4090,102,9768,California
Calaveras,2021-03-09,383,14210,153,3755,225,10424,5,31,38,5379,342,4432,43,9811,California
Calaveras,2021-03-10,407,14617,29,3784,376,10800,2,33,42,5060,363,4795,44,9855,California
Calaveras,2021-03-11,834,15451,406,4190,416,11216,12,45,406,5052,426,5221,418,10273,California
Calaveras,2021-03-12,351,15802,216,4406,126,11342,9,54,226,5210,124,5345,282,10555,California
Calaveras,2021-03-13,89,15891,17,4423,67,11409,5,59,25,5208,64,5409,62,10617,California
Calaveras,2021-03-14,88,15979,10,4433,77,11486,1,60,8,5146,79,5488,17,10634,California
Calaveras,2021-03-15,328,16307,45,4478,257,11743,26,86,49,4949,277,5765,80,10714,California
Calaveras,2021-03-16,716,17023,577,5055,119,11862,20,106,564,5384,150,5915,585,11299,California
Calaveras,2021-03-17,272,17295,45,5100,215,12077,12,118,47,5220,224,6139,60,11359,California
Calaveras,2021-03-18,649,17944,565,5665,69,12146,15,133,543,5673,106,6245,559,11918,California
Calaveras,2021-03-19,226,18170,44,5709,110,12256,72,205,54,5630,168,6413,125,12043,California
Calaveras,2021-03-20,62,18232,17,5726,45,12301,0,205,19,5607,43,6456,20,12063,California
Calaveras,2021-03-21,47,18279,30,5756,6,12307,11,216,12,5596,35,6491,24,12087,California
Calaveras,2021-03-22,81,18360,36,5792,24,12331,21,237,26,5588,55,6546,47,12134,California
Calaveras,2021-03-23,302,18662,218,6010,74,12405,10,247,127,5556,169,6715,137,12271,California
Calaveras,2021-03-24,131,18793,45,6055,76,12481,10,257,50,5535,81,6796,60,12331,California
Calaveras,2021-03-25,736,19529,100,6155,634,13115,2,259,447,5700,285,7081,450,12781,California
Calaveras,2021-03-26,420,19949,24,6179,390,13505,6,265,118,5530,299,7380,129,12910,California
Calaveras,2021-03-27,208,20157,18,6197,186,13691,4,269,32,5397,173,7553,40,12950,California
Calaveras,2021-03-28,107,20264,7,6204,98,13789,2,271,6,5306,100,7653,9,12959,California
Calaveras,2021-03-29,173,20437,20,6224,151,13940,2,273,59,5258,113,7766,65,13024,California
Calaveras,2021-03-30,537,20974,31,6255,491,14431,15,288,372,5483,163,7929,388,13412,California
Calaveras,2021-03-31,207,21181,87,6342,110,14541,10,298,90,5468,116,8045,101,13513,California
Colusa,2020-12-18,1,1,1,1,0,0,0,0,1,1,0,0,1,1,California
Colusa,2020-12-21,2,3,2,3,0,0,0,0,2,3,0,0,2,3,California
Colusa,2020-12-22,10,13,10,13,0,0,0,0,10,13,0,0,10,13,California
Colusa,2020-12-23,10,23,10,23,0,0,0,0,10,23,0,0,10,23,California
Colusa,2020-12-24,2,25,1,24,1,1,0,0,2,25,0,0,2,25,California
Colusa,2020-12-27,1,26,1,25,0,1,0,0,1,26,0,0,1,26,California
Colusa,2020-12-28,7,33,3,28,4,5,0,0,7,33,0,0,7,33,California
Colusa,2020-12-29,11,44,7,35,4,9,0,0,11,44,0,0,11,44,California
Colusa,2020-12-30,50,94,13,48,37,46,0,0,50,94,0,0,50,94,California
Colusa,2020-12-31,18,112,1,49,17,63,0,0,18,112,0,0,18,112,California
Colusa,2021-01-04,5,117,0,49,5,68,0,0,5,117,0,0,5,117,California
Colusa,2021-01-05,68,185,1,50,67,135,0,0,68,185,0,0,68,185,California
Colusa,2021-01-06,15,200,9,59,6,141,0,0,15,200,0,0,15,200,California
Colusa,2021-01-07,37,237,4,63,33,174,0,0,36,235,1,1,36,236,California
Colusa,2021-01-08,9,246,7,70,2,176,0,0,8,242,1,2,8,244,California
Colusa,2021-01-09,3,249,1,71,2,178,0,0,3,245,0,2,3,247,California
Colusa,2021-01-10,1,250,0,71,1,179,0,0,1,246,0,2,1,248,California
Colusa,2021-01-11,12,262,6,77,6,185,0,0,7,248,5,7,7,255,California
Colusa,2021-01-12,11,273,9,86,2,187,0,0,6,249,5,12,6,261,California
Colusa,2021-01-13,21,294,13,99,8,195,0,0,13,254,8,20,13,274,California
Colusa,2021-01-14,35,329,28,127,7,202,0,0,33,285,2,22,33,307,California
Colusa,2021-01-15,43,372,5,132,38,240,0,0,41,324,2,24,41,348,California
Colusa,2021-01-16,12,384,1,133,11,251,0,0,11,334,1,25,11,359,California
Colusa,2021-01-17,3,387,2,135,1,252,0,0,2,335,1,26,2,361,California
Colusa,2021-01-18,4,391,0,135,4,256,0,0,4,339,0,26,4,365,California
Colusa,2021-01-19,9,400,8,143,1,257,0,0,5,340,4,30,5,370,California
Colusa,2021-01-20,114,514,101,244,13,270,0,0,101,428,13,43,101,471,California
Colusa,2021-01-21,56,570,41,285,15,285,0,0,55,482,1,44,55,526,California
Colusa,2021-01-22,39,609,17,302,22,307,0,0,34,511,5,49,34,560,California
Colusa,2021-01-23,36,645,6,308,30,337,0,0,36,547,0,49,36,596,California
Colusa,2021-01-25,7,652,0,308,7,344,0,0,7,554,0,49,7,603,California
Colusa,2021-01-26,9,661,5,313,4,348,0,0,5,555,4,53,5,608,California
Colusa,2021-01-27,107,768,31,344,76,424,0,0,105,658,2,55,105,713,California
Colusa,2021-01-28,78,846,45,389,33,457,0,0,72,724,6,61,72,785,California
Colusa,2021-01-29,40,886,6,395,34,491,0,0,39,762,1,62,39,824,California
Colusa,2021-01-30,27,913,4,399,23,514,0,0,27,789,0,62,27,851,California
Colusa,2021-01-31,7,920,7,406,0,514,0,0,7,796,0,62,7,858,California
Colusa,2021-02-01,27,947,10,416,17,531,0,0,22,813,5,67,22,880,California
Colusa,2021-02-02,42,989,8,424,34,565,0,0,36,843,6,73,36,916,California
Colusa,2021-02-03,70,1059,10,434,60,625,0,0,59,891,11,84,59,975,California
Colusa,2021-02-04,143,1202,81,515,62,687,0,0,116,980,27,111,116,1091,California
Colusa,2021-02-05,33,1235,8,523,25,712,0,0,30,1007,3,114,30,1121,California
Colusa,2021-02-06,287,1522,8,531,279,991,0,0,275,1271,11,125,275,1396,California
Colusa,2021-02-07,2,1524,1,532,1,992,0,0,0,1269,2,127,0,1396,California
Colusa,2021-02-08,40,1564,5,537,35,1027,0,0,37,1303,3,130,37,1433,California
Colusa,2021-02-09,232,1796,14,551,218,1245,0,0,176,1423,56,186,176,1609,California
Colusa,2021-02-10,115,1911,41,592,74,1319,0,0,71,1451,44,230,72,1681,California
Colusa,2021-02-11,97,2008,36,628,61,1380,0,0,72,1498,25,255,72,1753,California
Colusa,2021-02-12,119,2127,9,637,110,1490,0,0,79,1536,41,296,79,1832,California
Colusa,2021-02-13,60,2187,9,646,51,1541,0,0,52,1580,8,304,52,1884,California
Colusa,2021-02-14,20,2207,8,654,12,1553,0,0,14,1589,5,309,14,1898,California
Colusa,2021-02-15,46,2253,10,664,36,1589,0,0,39,1621,7,316,39,1937,California
Colusa,2021-02-16,67,2320,4,668,63,1652,0,0,66,1686,1,317,66,2003,California
Colusa,2021-02-17,206,2526,143,811,63,1715,0,0,60,1600,146,463,60,2063,California
Colusa,2021-02-18,138,2664,36,847,102,1817,0,0,114,1690,24,487,114,2177,California
Colusa,2021-02-19,155,2819,19,866,136,1953,0,0,129,1793,26,513,129,2306,California
Colusa,2021-02-20,26,2845,5,871,21,1974,0,0,9,1786,17,530,10,2316,California
Colusa,2021-02-21,1,2846,1,872,0,1974,0,0,0,1785,1,531,0,2316,California
Colusa,2021-02-22,42,2888,25,897,17,1991,0,0,28,1799,14,545,28,2344,California
Colusa,2021-02-23,19,2907,4,901,15,2006,0,0,16,1812,3,548,16,2360,California
Colusa,2021-02-24,299,3206,54,955,245,2251,0,0,157,1827,142,690,157,2517,California
Colusa,2021-02-25,98,3304,53,1008,45,2296,0,0,63,1855,35,725,63,2580,California
Colusa,2021-02-26,97,3401,13,1021,84,2380,0,0,58,1874,39,764,58,2638,California
Colusa,2021-02-27,55,3456,4,1025,51,2431,0,0,40,1899,15,779,40,2678,California
Colusa,2021-02-28,26,3482,14,1039,12,2443,0,0,17,1907,9,788,17,2695,California
Colusa,2021-03-01,45,3527,15,1054,30,2473,0,0,28,1918,17,805,28,2723,California
Colusa,2021-03-02,47,3574,13,1067,34,2507,0,0,23,1918,23,828,23,2746,California
Colusa,2021-03-03,218,3792,37,1104,181,2688,0,0,162,2024,56,884,162,2908,California
Colusa,2021-03-04,135,3927,57,1161,78,2766,0,0,78,2045,57,941,78,2986,California
Colusa,2021-03-05,91,4018,19,1180,63,2829,9,9,45,2053,46,987,54,3040,California
Colusa,2021-03-06,246,4264,10,1190,236,3065,0,9,32,1871,214,1201,32,3072,California
Colusa,2021-03-07,8,4272,5,1195,3,3068,0,9,6,1875,2,1203,6,3078,California
Colusa,2021-03-08,84,4356,17,1212,30,3098,37,46,37,1901,47,1250,73,3151,California
Colusa,2021-03-09,262,4618,63,1275,180,3278,19,65,78,1814,184,1434,97,3248,California
Colusa,2021-03-10,241,4859,34,1309,193,3471,14,79,179,1946,61,1495,193,3441,California
Colusa,2021-03-11,400,5259,54,1363,324,3795,22,101,316,2200,84,1579,338,3779,California
Colusa,2021-03-12,91,5350,14,1377,65,3860,12,113,17,2156,74,1653,30,3809,California
Colusa,2021-03-13,55,5405,14,1391,34,3894,7,120,17,2142,38,1691,24,3833,California
Colusa,2021-03-14,11,5416,0,1391,9,3903,2,122,4,2141,7,1698,6,3839,California
Colusa,2021-03-15,69,5485,27,1418,35,3938,7,129,16,2111,53,1751,23,3862,California
Colusa,2021-03-16,267,5752,15,1433,205,4143,47,176,158,2207,109,1860,205,4067,California
Colusa,2021-03-17,165,5917,45,1478,120,4263,0,176,81,2204,84,1944,81,4148,California
Colusa,2021-03-18,284,6201,28,1506,188,4451,68,244,169,2326,115,2059,237,4385,California
Colusa,2021-03-19,57,6258,14,1520,42,4493,1,245,43,2356,14,2073,44,4429,California
Colusa,2021-03-20,36,6294,6,1526,29,4522,1,246,27,2375,9,2082,28,4457,California
Colusa,2021-03-21,6,6300,5,1531,1,4523,0,246,4,2377,2,2084,4,4461,California
Colusa,2021-03-22,59,6359,9,1540,42,4565,8,254,38,2402,21,2105,46,4507,California
Colusa,2021-03-23,74,6433,16,1556,56,4621,2,256,48,2427,25,2130,50,4557,California
Colusa,2021-03-24,330,6763,55,1611,272,4893,3,259,72,2244,257,2387,74,4631,California
Colusa,2021-03-25,102,6865,54,1665,43,4936,5,264,48,2243,54,2441,53,4684,California
Colusa,2021-03-26,220,7085,43,1708,174,5110,3,267,172,2374,48,2489,179,4863,California
Colusa,2021-03-27,63,7148,5,1713,58,5168,0,267,25,2361,38,2527,25,4888,California
Colusa,2021-03-28,16,7164,7,1720,9,5177,0,267,8,2361,8,2535,8,4896,California
Colusa,2021-03-29,68,7232,19,1739,44,5221,5,272,29,2356,39,2574,34,4930,California
Colusa,2021-03-30,88,7320,19,1758,67,5288,2,274,62,2394,26,2600,64,4994,California
Colusa,2021-03-31,70,7390,7,1765,63,5351,0,274,50,2424,20,2620,50,5044,California
Contra Costa,2020-12-15,19,19,19,19,0,0,0,0,19,19,0,0,19,19,California
Contra Costa,2020-12-16,522,541,522,541,0,0,0,0,522,541,0,0,522,541,California
Contra Costa,2020-12-17,906,1447,906,1447,0,0,0,0,906,1447,0,0,906,1447,California
Contra Costa,2020-12-18,1592,3039,1591,3038,1,1,0,0,1592,3039,0,0,1592,3039,California
Contra Costa,2020-12-19,1105,4144,1104,4142,1,2,0,0,1105,4144,0,0,1105,4144,California
Contra Costa,2020-12-20,582,4726,581,4723,1,3,0,0,582,4726,0,0,582,4726,California
Contra Costa,2020-12-21,1656,6382,1654,6377,2,5,0,0,1656,6382,0,0,1656,6382,California
Contra Costa,2020-12-22,1665,8047,1558,7935,107,112,0,0,1665,8047,0,0,1665,8047,California
Contra Costa,2020-12-23,1568,9615,1323,9258,245,357,0,0,1568,9615,0,0,1568,9615,California
Contra Costa,2020-12-24,649,10264,333,9591,316,673,0,0,649,10264,0,0,649,10264,California
Contra Costa,2020-12-25,38,10302,16,9607,22,695,0,0,38,10302,0,0,38,10302,California
Contra Costa,2020-12-26,643,10945,133,9740,510,1205,0,0,643,10945,0,0,643,10945,California
Contra Costa,2020-12-27,238,11183,84,9824,154,1359,0,0,238,11183,0,0,238,11183,California
Contra Costa,2020-12-28,1818,13001,855,10679,963,2322,0,0,1818,13001,0,0,1818,13001,California
Contra Costa,2020-12-29,1829,14830,824,11503,1005,3327,0,0,1829,14830,0,0,1829,14830,California
Contra Costa,2020-12-30,2393,17223,1211,12714,1182,4509,0,0,2392,17222,0,0,2392,17222,California
Contra Costa,2020-12-31,909,18132,306,13020,603,5112,0,0,908,18130,0,0,908,18130,California
Contra Costa,2021-01-01,57,18189,23,13043,34,5146,0,0,57,18187,0,0,57,18187,California
Contra Costa,2021-01-02,332,18521,170,13213,162,5308,0,0,332,18519,0,0,332,18519,California
Contra Costa,2021-01-03,173,18694,115,13328,58,5366,0,0,172,18691,0,0,172,18691,California
Contra Costa,2021-01-04,1906,20600,1247,14575,659,6025,0,0,1886,20559,18,18,1886,20577,California
Contra Costa,2021-01-05,2094,22694,1253,15828,841,6866,0,0,1836,22139,257,275,1837,22414,California
Contra Costa,2021-01-06,3266,25960,2242,18070,1024,7890,0,0,2507,23895,753,1028,2509,24923,California
Contra Costa,2021-01-07,3085,29045,2053,20123,1032,8922,0,0,1873,24562,1209,2237,1876,26799,California
Contra Costa,2021-01-08,3359,32404,2376,22499,983,9905,0,0,1804,24820,1549,3786,1807,28606,California
Contra Costa,2021-01-09,1581,33985,1130,23629,451,10356,0,0,753,24747,827,4613,754,29360,California
Contra Costa,2021-01-10,361,34346,286,23915,75,10431,0,0,152,24690,209,4822,152,29512,California
Contra Costa,2021-01-11,3815,38161,3101,27016,714,11145,0,0,2222,25321,1593,6415,2224,31736,California
Contra Costa,2021-01-12,3893,42054,2923,29939,970,12115,0,0,2575,26578,1319,7734,2576,34312,California
Contra Costa,2021-01-13,4657,46711,2873,32812,1784,13899,0,0,3733,29393,920,8654,3735,38047,California
Contra Costa,2021-01-14,4294,51005,1556,34368,2738,16637,0,0,3907,32913,387,9041,3907,41954,California
Contra Costa,2021-01-15,5331,56336,2473,36841,2858,19495,0,0,5005,37597,325,9366,5009,46963,California
Contra Costa,2021-01-16,1713,58049,554,37395,1159,20654,0,0,1637,39158,76,9442,1637,48600,California
Contra Costa,2021-01-17,1645,59694,983,38378,662,21316,0,0,1519,40553,126,9568,1521,50121,California
Contra Costa,2021-01-18,3205,62899,1257,39635,1948,23264,0,0,2576,42508,623,10191,2578,52699,California
Contra Costa,2021-01-19,7058,69957,3155,42790,3903,27167,0,0,6060,47579,995,11186,6066,58765,California
Contra Costa,2021-01-20,6579,76536,4030,46820,2549,29716,0,0,5352,51715,1222,12408,5358,64123,California
Contra Costa,2021-01-21,6958,83494,3089,49909,3869,33585,0,0,6239,57244,714,13122,6243,70366,California
Contra Costa,2021-01-22,6341,89835,2693,52602,3648,37233,0,0,5483,61880,849,13971,5485,75851,California
Contra Costa,2021-01-23,2016,91851,356,52958,1660,38893,0,0,1763,63394,251,14222,1765,77616,California
Contra Costa,2021-01-24,1576,93427,213,53171,1363,40256,0,0,1431,64684,145,14367,1435,79051,California
Contra Costa,2021-01-25,6613,100040,3001,56172,3612,43868,0,0,5055,68187,1557,15924,5060,84111,California
Contra Costa,2021-01-26,8051,108091,4661,60833,3390,47258,0,0,6223,72592,1821,17745,6226,90337,California
Contra Costa,2021-01-27,8215,116306,5488,66321,2727,49985,0,0,6328,77125,1797,19542,6330,96667,California
Contra Costa,2021-01-28,7356,123662,4043,70364,3313,53298,0,0,5780,81337,1570,21112,5782,102449,California
Contra Costa,2021-01-29,7425,131087,3876,74240,3549,56847,0,0,6124,86165,1298,22410,6126,108575,California
Contra Costa,2021-01-30,2043,133130,558,74798,1485,58332,0,0,1719,87567,317,22727,1719,110294,California
Contra Costa,2021-01-31,744,133874,526,75324,218,58550,0,0,570,87969,168,22895,570,110864,California
Contra Costa,2021-02-01,5513,139387,3759,79083,1754,60304,0,0,3882,90231,1625,24520,3887,114751,California
Contra Costa,2021-02-02,7746,147133,5275,84358,2471,62775,0,0,5898,94284,1846,26366,5899,120650,California
Contra Costa,2021-02-03,8266,155399,5469,89827,2797,65572,0,0,5639,97305,2619,28985,5640,126290,California
Contra Costa,2021-02-04,7438,162837,3525,93352,3913,69485,0,0,5724,101320,1711,30696,5726,132016,California
Contra Costa,2021-02-05,8418,171255,4825,98177,3593,73078,0,0,5726,104360,2686,33382,5726,137742,California
Contra Costa,2021-02-06,3457,174712,2147,100324,1310,74388,0,0,2809,106523,647,34029,2810,140552,California
Contra Costa,2021-02-07,980,175692,712,101036,268,74656,0,0,604,106752,375,34404,604,141156,California
Contra Costa,2021-02-08,5802,181494,3442,104478,2360,77016,0,0,4322,109600,1475,35879,4323,145479,California
Contra Costa,2021-02-09,8619,190113,4763,109241,3856,80872,0,0,5751,112488,2863,38742,5751,151230,California
Contra Costa,2021-02-10,8571,198684,4619,113860,3952,84824,0,0,5391,114714,3168,41910,5394,156624,California
Contra Costa,2021-02-11,9183,207867,4192,118052,4991,89815,0,0,5234,116006,3943,45853,5235,161859,California
Contra Costa,2021-02-12,10037,217904,4603,122655,5434,95249,0,0,5452,116882,4580,50433,5456,167315,California
Contra Costa,2021-02-13,4841,222745,1347,124002,3494,98743,0,0,3380,118804,1458,51891,3380,170695,California
Contra Costa,2021-02-14,2067,224812,855,124857,1212,99955,0,0,1212,119162,854,52745,1212,171907,California
Contra Costa,2021-02-15,4414,229226,2452,127309,1962,101917,0,0,2331,119419,2077,54822,2334,174241,California
Contra Costa,2021-02-16,10382,239608,4887,132196,5495,107412,0,0,4629,118307,5746,60568,4634,178875,California
Contra Costa,2021-02-17,12201,251809,6093,138289,6108,113520,0,0,5577,117276,6610,67178,5579,184454,California
Contra Costa,2021-02-18,11411,263220,5954,144243,5457,118977,0,0,5291,116458,6111,73289,5293,189747,California
Contra Costa,2021-02-19,11382,274602,7096,151339,4286,123263,0,0,5166,115424,6201,79490,5167,194914,California
Contra Costa,2021-02-20,6461,281063,2908,154247,3553,126816,0,0,4582,118142,1864,81354,4582,199496,California
Contra Costa,2021-02-21,1749,282812,1204,155451,545,127361,0,0,1055,118505,693,82047,1056,200552,California
Contra Costa,2021-02-22,7502,290314,5068,160519,2434,129795,0,0,3479,117970,4015,86062,3480,204032,California
Contra Costa,2021-02-23,11835,302149,7225,167744,4610,134405,0,0,5885,117922,5936,91998,5888,209920,California
Contra Costa,2021-02-24,10440,312589,7660,175404,2780,137185,0,0,5043,117587,5381,97379,5046,214966,California
Contra Costa,2021-02-25,11404,323993,7165,182569,4239,141424,0,0,5172,116552,6212,103591,5177,220143,California
Contra Costa,2021-02-26,10630,334623,6723,189292,3907,145331,0,0,5247,116438,5368,108959,5254,225397,California
Contra Costa,2021-02-27,6578,341201,4197,193489,2381,147712,0,0,4080,118028,2492,111451,4082,229479,California
Contra Costa,2021-02-28,3774,344975,3121,196610,653,148365,0,0,3182,120622,590,112041,3184,232663,California
Contra Costa,2021-03-01,8021,352996,6027,202637,1994,150359,0,0,4926,122467,3083,115124,4928,237591,California
Contra Costa,2021-03-02,9941,362937,6202,208839,3737,154096,2,2,5117,122775,4813,119937,5121,242712,California
Contra Costa,2021-03-03,10137,373074,6322,215161,3815,157911,0,2,5378,123412,4742,124679,5379,248091,California
Contra Costa,2021-03-04,10776,383850,6234,221395,4542,162453,0,2,5245,123146,5513,130192,5247,253338,California
Contra Costa,2021-03-05,9795,393645,5716,227111,4074,166527,5,7,5248,123868,4534,134726,5256,258594,California
Contra Costa,2021-03-06,6951,400596,3947,231058,2712,169239,292,299,4450,126120,2491,137217,4743,263337,California
Contra Costa,2021-03-07,3550,404146,2234,233292,1259,170498,57,356,2890,128410,658,137875,2948,266285,California
Contra Costa,2021-03-08,7885,412031,3680,236972,3932,174430,273,629,5266,131350,2606,140481,5546,271831,California
Contra Costa,2021-03-09,10064,422095,4916,241888,4847,179277,301,930,4952,131499,5108,145589,5257,277088,California
Contra Costa,2021-03-10,11766,433861,5883,247771,4466,183743,1417,2347,5288,131738,6470,152059,6709,283797,California
Contra Costa,2021-03-11,11913,445774,6247,254018,5219,188962,447,2794,6094,132479,5804,157863,6545,290342,California
Contra Costa,2021-03-12,11079,456853,4585,258603,6171,195133,323,3117,5697,133134,5370,163233,6025,296367,California
Contra Costa,2021-03-13,6920,463773,2758,261361,3802,198935,360,3477,2755,132097,4151,167384,3114,299481,California
Contra Costa,2021-03-14,4010,467783,2411,263772,1140,200075,459,3936,1953,132457,2051,169435,2411,301892,California
Contra Costa,2021-03-15,9270,477053,5017,268789,3512,203587,741,4677,4687,133318,4571,174006,5432,307324,California
Contra Costa,2021-03-16,14118,491171,8359,277148,5361,208948,398,5075,7158,133936,6941,180947,7559,314883,California
Contra Costa,2021-03-17,14339,505510,9803,286951,4335,213283,201,5276,8129,136088,6191,187138,8343,323226,California
Contra Costa,2021-03-18,13332,518842,7301,294252,5628,218911,403,5679,7544,138280,5767,192905,7959,331185,California
Contra Costa,2021-03-19,12254,531096,7268,301520,3922,222833,1064,6743,6331,139781,5911,198816,7412,338597,California
Contra Costa,2021-03-20,6891,537987,4034,305554,2627,225460,230,6973,3525,140187,3354,202170,3760,342357,California
Contra Costa,2021-03-21,4331,542318,3757,309311,481,225941,93,7066,2069,140092,2259,204429,2164,344521,California
Contra Costa,2021-03-22,11295,553613,8491,317802,2570,228511,234,7300,6909,142877,4377,208806,7162,351683,California
Contra Costa,2021-03-23,15197,568810,10379,328181,4649,233160,169,7469,9204,146307,5973,214779,9403,361086,California
Contra Costa,2021-03-24,14599,583409,11330,339511,3064,236224,205,7674,9031,150244,5546,220325,9483,370569,California
Contra Costa,2021-03-25,14851,598260,11528,351039,3077,239301,246,7920,9165,154575,5653,225978,9984,380553,California
Contra Costa,2021-03-26,14569,612829,10368,361407,3811,243112,390,8310,8565,158142,5983,231961,9550,390103,California
Contra Costa,2021-03-27,10130,622959,6518,367925,3125,246237,487,8797,5552,159719,4567,236528,6144,396247,California
Contra Costa,2021-03-28,4055,627014,2862,370787,1135,247372,58,8855,1725,159193,2323,238851,1797,398044,California
Contra Costa,2021-03-29,10576,637590,8250,379037,2222,249594,104,8959,6902,162582,3662,242513,7051,405095,California
Contra Costa,2021-03-30,15870,653460,8688,387725,5948,255542,1234,10193,10506,169061,5351,247864,11830,416925,California
Contra Costa,2021-03-31,14274,667734,10556,398281,2405,257947,1313,11506,9379,174976,4880,252744,10795,427720,California
Del Norte,2020-12-19,1,1,1,1,0,0,0,0,1,1,0,0,1,1,California
Del Norte,2020-12-21,23,24,23,24,0,0,0,0,23,24,0,0,23,24,California
Del Norte,2020-12-22,46,70,46,70,0,0,0,0,46,70,0,0,46,70,California
Del Norte,2020-12-23,58,128,48,118,10,10,0,0,57,127,0,0,57,127,California
Del Norte,2020-12-28,34,162,34,152,0,10,0,0,34,161,0,0,34,161,California
Del Norte,2020-12-29,4,166,4,156,0,10,0,0,4,165,0,0,4,165,California
Del Norte,2020-12-30,67,233,55,211,12,22,0,0,68,233,0,0,68,233,California
Del Norte,2020-12-31,16,249,13,224,3,25,0,0,16,249,0,0,16,249,California
Del Norte,2021-01-04,102,351,49,273,53,78,0,0,102,351,0,0,102,351,California
Del Norte,2021-01-05,33,384,0,273,33,111,0,0,33,384,0,0,33,384,California
Del Norte,2021-01-06,78,462,18,291,60,171,0,0,78,462,0,0,78,462,California
Del Norte,2021-01-07,21,483,1,292,20,191,0,0,21,483,0,0,21,483,California
Del Norte,2021-01-08,77,560,7,299,70,261,0,0,77,560,0,0,77,560,California
Del Norte,2021-01-09,1,561,1,300,0,261,0,0,0,559,1,1,0,560,California
Del Norte,2021-01-11,40,601,21,321,19,280,0,0,18,556,22,23,19,579,California
Del Norte,2021-01-12,50,651,32,353,18,298,0,0,29,564,21,44,29,608,California
Del Norte,2021-01-13,85,736,40,393,45,343,0,0,52,583,33,77,52,660,California
Del Norte,2021-01-14,52,788,14,407,38,381,0,0,46,623,6,83,46,706,California
Del Norte,2021-01-15,107,895,18,425,89,470,0,0,95,706,12,95,95,801,California
Del Norte,2021-01-17,1,896,1,426,0,470,0,0,1,707,0,95,1,802,California
Del Norte,2021-01-18,2,898,0,426,2,472,0,0,2,709,0,95,2,804,California
Del Norte,2021-01-19,119,1017,56,482,63,535,0,0,77,744,42,137,77,881,California
Del Norte,2021-01-20,157,1174,83,565,74,609,0,0,96,779,61,198,96,977,California
Del Norte,2021-01-21,43,1217,40,605,3,612,0,0,32,800,11,209,32,1009,California
Del Norte,2021-01-22,19,1236,16,621,3,615,0,0,12,805,7,216,12,1021,California
Del Norte,2021-01-23,1,1237,0,621,1,616,0,0,1,806,0,216,1,1022,California
Del Norte,2021-01-24,1,1238,0,621,1,617,0,0,1,807,0,216,1,1023,California
Del Norte,2021-01-25,97,1335,79,700,18,635,0,0,53,816,44,260,53,1076,California
Del Norte,2021-01-26,18,1353,11,711,7,642,0,0,7,812,11,271,7,1083,California
Del Norte,2021-01-27,62,1415,21,732,41,683,0,0,59,868,3,274,59,1142,California
Del Norte,2021-01-28,291,1706,20,752,271,954,0,0,287,1151,4,278,287,1429,California
Del Norte,2021-01-29,50,1756,19,771,31,985,0,0,41,1183,9,287,41,1470,California
Del Norte,2021-01-30,8,1764,1,772,7,992,0,0,8,1191,0,287,8,1478,California
Del Norte,2021-02-01,41,1805,1,773,40,1032,0,0,26,1202,15,302,26,1504,California
Del Norte,2021-02-02,142,1947,34,807,108,1140,0,0,73,1207,68,370,73,1577,California
Del Norte,2021-02-03,126,2073,40,847,86,1226,0,0,71,1223,55,425,71,1648,California
Del Norte,2021-02-04,71,2144,29,876,42,1268,0,0,42,1236,29,454,42,1690,California
Del Norte,2021-02-05,134,2278,22,898,112,1380,0,0,103,1309,30,484,103,1793,California
Del Norte,2021-02-06,305,2583,7,905,298,1678,0,0,305,1614,0,484,305,2098,California
Del Norte,2021-02-07,4,2587,3,908,1,1679,0,0,4,1618,0,484,4,2102,California
Del Norte,2021-02-08,36,2623,1,909,35,1714,0,0,32,1646,4,488,32,2134,California
Del Norte,2021-02-09,8,2631,5,914,3,1717,0,0,2,1642,6,494,2,2136,California
Del Norte,2021-02-10,143,2774,20,934,123,1840,0,0,86,1672,56,550,86,2222,California
Del Norte,2021-02-11,175,2949,58,992,117,1957,0,0,63,1623,112,662,63,2285,California
Del Norte,2021-02-12,120,3069,14,1006,106,2063,0,0,66,1635,54,716,66,2351,California
Del Norte,2021-02-13,2,3071,1,1007,1,2064,0,0,2,1637,0,716,2,2353,California
Del Norte,2021-02-14,3,3074,1,1008,2,2066,0,0,2,1638,1,717,2,2355,California
Del Norte,2021-02-15,4,3078,0,1008,4,2070,0,0,2,1638,2,719,2,2357,California
Del Norte,2021-02-16,132,3210,1,1009,131,2201,0,0,13,1532,119,838,13,2370,California
Del Norte,2021-02-17,90,3300,19,1028,71,2272,0,0,23,1488,67,905,23,2393,California
Del Norte,2021-02-18,76,3376,24,1052,52,2324,0,0,50,1512,26,931,50,2443,California
Del Norte,2021-02-19,45,3421,18,1070,27,2351,0,0,35,1537,10,941,35,2478,California
Del Norte,2021-02-20,8,3429,5,1075,3,2354,0,0,6,1541,2,943,6,2484,California
Del Norte,2021-02-22,2,3431,0,1075,2,2356,0,0,2,1543,0,943,2,2486,California
Del Norte,2021-02-23,101,3532,83,1158,18,2374,0,0,30,1502,71,1014,30,2516,California
Del Norte,2021-02-24,152,3684,98,1256,54,2428,0,0,79,1508,73,1087,79,2595,California
Del Norte,2021-02-25,465,4149,129,1385,336,2764,0,0,207,1457,258,1345,207,2802,California
Del Norte,2021-02-26,201,4350,165,1550,36,2800,0,0,155,1566,46,1391,155,2957,California
Del Norte,2021-02-27,154,4504,146,1696,8,2808,0,0,144,1700,10,1401,144,3101,California
Del Norte,2021-02-28,6,4510,3,1699,3,2811,0,0,3,1700,3,1404,3,3104,California
Del Norte,2021-03-01,28,4538,2,1701,26,2837,0,0,5,1682,23,1427,5,3109,California
Del Norte,2021-03-02,210,4748,140,1841,70,2907,0,0,178,1828,32,1459,178,3287,California
Del Norte,2021-03-03,152,4900,90,1931,62,2969,0,0,112,1900,40,1499,112,3399,California
Del Norte,2021-03-04,120,5020,83,2014,37,3006,0,0,90,1961,29,1528,90,3489,California
Del Norte,2021-03-05,90,5110,8,2022,82,3088,0,0,42,1955,48,1576,42,3531,California
Del Norte,2021-03-06,427,5537,80,2102,297,3385,50,50,154,1843,273,1849,161,3692,California
Del Norte,2021-03-07,3,5540,2,2104,1,3386,0,50,2,1844,1,1850,2,3694,California
Del Norte,2021-03-08,27,5567,1,2105,24,3410,2,52,4,1827,23,1873,6,3700,California
Del Norte,2021-03-09,171,5738,95,2200,72,3482,4,56,160,1980,11,1884,164,3864,California
Del Norte,2021-03-10,129,5867,11,2211,92,3574,26,82,46,1969,83,1967,72,3936,California
Del Norte,2021-03-11,142,6009,49,2260,91,3665,2,84,97,2023,45,2012,99,4035,California
Del Norte,2021-03-12,160,6169,90,2350,70,3735,0,84,115,2093,45,2057,115,4150,California
Del Norte,2021-03-13,93,6262,91,2441,2,3737,0,84,89,2178,4,2061,89,4239,California
Del Norte,2021-03-14,1,6263,0,2441,0,3737,1,85,0,2178,1,2062,1,4240,California
Del Norte,2021-03-15,40,6303,0,2441,39,3776,1,86,35,2209,5,2067,36,4276,California
Del Norte,2021-03-16,260,6563,129,2570,129,3905,2,88,238,2427,22,2089,240,4516,California
Del Norte,2021-03-17,269,6832,88,2658,180,4085,1,89,166,2491,103,2192,167,4683,California
Del Norte,2021-03-18,258,7090,107,2765,148,4233,3,92,133,2503,124,2316,136,4819,California
Del Norte,2021-03-19,185,7275,111,2876,68,4301,6,98,62,2448,123,2439,68,4887,California
Del Norte,2021-03-20,150,7425,148,3024,2,4303,0,98,11,2320,139,2578,11,4898,California
Del Norte,2021-03-21,4,7429,1,3025,3,4306,0,98,2,2320,2,2580,2,4900,California
Del Norte,2021-03-22,46,7475,6,3031,39,4345,1,99,43,2361,3,2583,44,4944,California
Del Norte,2021-03-23,324,7799,163,3194,143,4488,18,117,155,2367,167,2750,173,5117,California
Del Norte,2021-03-24,313,8112,110,3304,200,4688,3,120,197,2452,116,2866,201,5318,California
Del Norte,2021-03-25,191,8303,89,3393,102,4790,0,120,87,2436,103,2969,87,5405,California
Del Norte,2021-03-26,215,8518,110,3503,105,4895,0,120,181,2583,34,3003,181,5586,California
Del Norte,2021-03-27,106,8624,86,3589,6,4901,14,134,19,2529,87,3090,33,5619,California
Del Norte,2021-03-28,5,8629,2,3591,3,4904,0,134,1,2526,4,3094,1,5620,California
Del Norte,2021-03-29,55,8684,7,3598,34,4938,14,148,33,2551,22,3116,47,5667,California
Del Norte,2021-03-30,285,8969,116,3714,163,5101,6,154,107,2506,178,3294,133,5800,California
Del Norte,2021-03-31,63,9032,1,3715,62,5163,0,154,57,2557,6,3300,57,5857,California
El Dorado,2020-12-15,12,12,12,12,0,0,0,0,12,12,0,0,12,12,California
El Dorado,2020-12-16,40,52,40,52,0,0,0,0,40,52,0,0,40,52,California
El Dorado,2020-12-17,31,83,31,83,0,0,0,0,31,83,0,0,31,83,California
El Dorado,2020-12-18,235,318,235,318,0,0,0,0,235,318,0,0,235,318,California
El Dorado,2020-12-19,116,434,116,434,0,0,0,0,116,434,0,0,116,434,California
El Dorado,2020-12-20,84,518,84,518,0,0,0,0,84,518,0,0,84,518,California
El Dorado,2020-12-21,304,822,303,821,1,1,0,0,304,822,0,0,304,822,California
El Dorado,2020-12-22,239,1061,215,1036,24,25,0,0,239,1061,0,0,239,1061,California
El Dorado,2020-12-23,189,1250,139,1175,50,75,0,0,189,1250,0,0,189,1250,California
El Dorado,2020-12-24,87,1337,65,1240,22,97,0,0,87,1337,0,0,87,1337,California
El Dorado,2020-12-25,8,1345,8,1248,0,97,0,0,8,1345,0,0,8,1345,California
El Dorado,2020-12-26,43,1388,25,1273,18,115,0,0,43,1388,0,0,43,1388,California
El Dorado,2020-12-27,37,1425,33,1306,4,119,0,0,37,1425,0,0,37,1425,California
El Dorado,2020-12-28,215,1640,170,1476,45,164,0,0,215,1640,0,0,215,1640,California
El Dorado,2020-12-29,452,2092,138,1614,314,478,0,0,452,2092,0,0,452,2092,California
El Dorado,2020-12-30,504,2596,135,1749,369,847,0,0,504,2596,0,0,504,2596,California
El Dorado,2020-12-31,108,2704,68,1817,40,887,0,0,108,2704,0,0,108,2704,California
El Dorado,2021-01-01,7,2711,4,1821,3,890,0,0,7,2711,0,0,7,2711,California
El Dorado,2021-01-02,148,2859,137,1958,11,901,0,0,148,2859,0,0,148,2859,California
El Dorado,2021-01-03,89,2948,16,1974,73,974,0,0,89,2948,0,0,89,2948,California
El Dorado,2021-01-04,190,3138,62,2036,128,1102,0,0,190,3138,0,0,190,3138,California
El Dorado,2021-01-05,200,3338,46,2082,154,1256,0,0,184,3306,16,16,184,3322,California
El Dorado,2021-01-06,259,3597,187,2269,72,1328,0,0,196,3439,63,79,196,3518,California
El Dorado,2021-01-07,326,3923,134,2403,192,1520,0,0,255,3623,71,150,255,3773,California
El Dorado,2021-01-08,971,4894,500,2903,471,1991,0,0,769,4191,202,352,770,4543,California
El Dorado,2021-01-09,191,5085,155,3058,36,2027,0,0,123,4246,68,420,123,4666,California
El Dorado,2021-01-10,180,5265,129,3187,51,2078,0,0,111,4288,69,489,111,4777,California
El Dorado,2021-01-11,653,5918,290,3477,363,2441,0,0,458,4552,194,683,458,5235,California
El Dorado,2021-01-12,693,6611,419,3896,274,2715,0,0,445,4749,248,931,445,5680,California
El Dorado,2021-01-13,692,7303,295,4191,397,3112,0,0,533,5124,159,1090,534,6214,California
El Dorado,2021-01-14,673,7976,218,4409,455,3567,0,0,577,5605,96,1186,577,6791,California
El Dorado,2021-01-15,667,8643,181,4590,486,4053,0,0,595,6128,72,1258,595,7386,California
El Dorado,2021-01-16,171,8814,104,4694,67,4120,0,0,144,6245,27,1285,144,7530,California
El Dorado,2021-01-17,96,8910,44,4738,52,4172,0,0,80,6309,16,1301,80,7610,California
El Dorado,2021-01-18,416,9326,138,4876,278,4450,0,0,348,6589,68,1369,348,7958,California
El Dorado,2021-01-19,632,9958,345,5221,287,4737,0,0,484,6925,148,1517,484,8442,California
El Dorado,2021-01-20,1006,10964,684,5905,322,5059,0,0,894,7708,111,1628,894,9336,California
El Dorado,2021-01-21,1140,12104,562,6467,578,5637,0,0,934,8478,164,1792,934,10270,California
El Dorado,2021-01-22,1091,13195,704,7171,387,6024,0,0,1040,9468,50,1842,1040,11310,California
El Dorado,2021-01-23,737,13932,618,7789,119,6143,0,0,627,9985,110,1952,627,11937,California
El Dorado,2021-01-24,125,14057,75,7864,50,6193,0,0,107,10074,18,1970,107,12044,California
El Dorado,2021-01-25,603,14660,199,8063,404,6597,0,0,516,10503,87,2057,516,12560,California
El Dorado,2021-01-26,666,15326,357,8420,309,6906,0,0,566,10970,100,2157,567,13127,California
El Dorado,2021-01-27,921,16247,327,8747,594,7500,0,0,588,11224,334,2491,588,13715,California
El Dorado,2021-01-28,1096,17343,449,9196,647,8147,0,0,737,11602,359,2850,737,14452,California
El Dorado,2021-01-29,964,18307,489,9685,475,8622,0,0,735,12109,228,3078,735,15187,California
El Dorado,2021-01-30,610,18917,359,10044,251,8873,0,0,451,12401,159,3237,451,15638,California
El Dorado,2021-01-31,206,19123,185,10229,21,8894,0,0,176,12547,30,3267,176,15814,California
El Dorado,2021-02-01,787,19910,367,10596,420,9314,0,0,642,13045,144,3411,642,16456,California
El Dorado,2021-02-02,816,20726,361,10957,455,9769,0,0,660,13550,155,3566,660,17116,California
El Dorado,2021-02-03,890,21616,476,11433,414,10183,0,0,680,14020,210,3776,680,17796,California
El Dorado,2021-02-04,1266,22882,722,12155,544,10727,0,0,874,14502,392,4168,874,18670,California
El Dorado,2021-02-05,1476,24358,596,12751,880,11607,0,0,868,14795,575,4743,868,19538,California
El Dorado,2021-02-06,639,24997,334,13085,305,11912,0,0,532,15221,107,4850,533,20071,California
El Dorado,2021-02-07,255,25252,176,13261,79,11991,0,0,190,15346,65,4915,190,20261,California
El Dorado,2021-02-08,875,26127,415,13676,460,12451,0,0,604,15679,271,5186,604,20865,California
El Dorado,2021-02-09,886,27013,484,14160,402,12853,0,0,468,15729,418,5604,468,21333,California
El Dorado,2021-02-10,1213,28226,725,14885,488,13341,0,0,625,15767,587,6191,625,21958,California
El Dorado,2021-02-11,2047,30273,872,15757,1175,14516,0,0,904,15530,1142,7333,905,22863,California
El Dorado,2021-02-12,1482,31755,824,16581,658,15174,0,0,657,15362,825,8158,657,23520,California
El Dorado,2021-02-13,964,32719,670,17251,294,15468,0,0,421,15243,540,8698,421,23941,California
El Dorado,2021-02-14,472,33191,151,17402,321,15789,0,0,390,15551,82,8780,390,24331,California
El Dorado,2021-02-15,1125,34316,385,17787,740,16529,0,0,780,15989,345,9125,783,25114,California
El Dorado,2021-02-16,1150,35466,524,18311,626,17155,0,0,646,16132,504,9629,647,25761,California
El Dorado,2021-02-17,848,36314,374,18685,474,17629,0,0,395,16077,453,10082,398,26159,California
El Dorado,2021-02-18,2062,38376,1007,19692,1055,18684,0,0,1343,16703,718,10800,1344,27503,California
El Dorado,2021-02-19,1153,39529,600,20292,553,19237,0,0,645,16841,508,11308,646,28149,California
El Dorado,2021-02-20,919,40448,431,20723,488,19725,0,0,672,17271,242,11550,672,28821,California
El Dorado,2021-02-21,276,40724,222,20945,54,19779,0,0,96,17187,180,11730,96,28917,California
El Dorado,2021-02-22,855,41579,436,21381,419,20198,0,0,274,16881,580,12310,274,29191,California
El Dorado,2021-02-23,739,42318,465,21846,274,20472,0,0,316,16774,423,12733,316,29507,California
El Dorado,2021-02-24,905,43223,439,22285,466,20938,0,0,367,16604,538,13271,368,29875,California
El Dorado,2021-02-25,1491,44714,859,23144,632,21570,0,0,624,16370,860,14131,626,30501,California
El Dorado,2021-02-26,2226,46940,1459,24603,767,22337,0,0,1531,17206,695,14826,1531,32032,California
El Dorado,2021-02-27,1612,48552,413,25016,1199,23536,0,0,1176,17949,433,15259,1176,33208,California
El Dorado,2021-02-28,555,49107,199,25215,356,23892,0,0,406,18206,149,15408,406,33614,California
El Dorado,2021-03-01,1056,50163,442,25657,614,24506,0,0,567,18285,488,15896,567,34181,California
El Dorado,2021-03-02,853,51016,264,25921,589,25095,0,0,436,18307,415,16311,437,34618,California
El Dorado,2021-03-03,1449,52465,412,26333,1037,26132,0,0,998,18862,445,16756,1000,35618,California
El Dorado,2021-03-04,2180,54645,1374,27707,806,26938,0,0,965,18615,1213,17969,966,36584,California
El Dorado,2021-03-05,1219,55864,259,27966,955,27893,5,5,755,18916,460,18429,761,37345,California
El Dorado,2021-03-06,606,56470,191,28157,385,28278,30,35,316,18972,290,18719,346,37691,California
El Dorado,2021-03-07,401,56871,199,28356,181,28459,21,56,240,19074,159,18878,261,37952,California
El Dorado,2021-03-08,1246,58117,367,28723,812,29271,67,123,790,19478,455,19333,859,38811,California
El Dorado,2021-03-09,897,59014,225,28948,609,29880,63,186,547,19741,348,19681,611,39422,California
El Dorado,2021-03-10,772,59786,330,29278,420,30300,22,208,466,19925,304,19985,488,39910,California
El Dorado,2021-03-11,2769,62555,1779,31057,821,31121,169,377,1230,19791,1532,21517,1398,41308,California
El Dorado,2021-03-12,1459,64014,604,31661,623,31744,232,609,544,19662,911,22428,782,42090,California
El Dorado,2021-03-13,926,64940,345,32006,325,32069,256,865,336,19664,588,23016,590,42680,California
El Dorado,2021-03-14,663,65603,201,32207,357,32426,105,970,240,19587,423,23439,346,43026,California
El Dorado,2021-03-15,1273,66876,300,32507,850,33276,123,1093,515,19471,755,24194,639,43665,California
El Dorado,2021-03-16,1127,68003,385,32892,603,33879,139,1232,499,19485,624,24818,638,44303,California
El Dorado,2021-03-17,964,68967,315,33207,556,34435,93,1325,600,19815,364,25182,694,44997,California
El Dorado,2021-03-18,1922,70889,973,34180,908,35343,41,1366,1184,20308,733,25915,1226,46223,California
El Dorado,2021-03-19,830,71719,269,34449,436,35779,125,1491,430,20463,400,26315,555,46778,California
El Dorado,2021-03-20,745,72464,178,34627,554,36333,13,1504,258,20258,476,26791,271,47049,California
El Dorado,2021-03-21,929,73393,379,35006,543,36876,7,1511,839,21016,89,26880,847,47896,California
El Dorado,2021-03-22,1394,74787,447,35453,866,37742,81,1592,1101,21910,290,27170,1184,49080,California
El Dorado,2021-03-23,1026,75813,437,35890,499,38241,90,1682,648,22280,369,27539,739,49819,California
El Dorado,2021-03-24,1266,77079,588,36478,486,38727,192,1874,577,22376,682,28221,778,50597,California
El Dorado,2021-03-25,2261,79340,1571,38049,587,39314,103,1977,1259,22838,999,29220,1461,52058,California
El Dorado,2021-03-26,1616,80956,642,38691,868,40182,106,2083,827,23127,778,29998,1067,53125,California
El Dorado,2021-03-27,1240,82196,163,38854,1073,41255,4,2087,291,22489,943,30941,305,53430,California
El Dorado,2021-03-28,561,82757,171,39025,379,41634,11,2098,165,22272,394,31335,177,53607,California
El Dorado,2021-03-29,1151,83908,428,39453,710,42344,13,2111,716,22573,432,31767,733,54340,California
El Dorado,2021-03-30,1126,85034,399,39852,651,42995,76,2187,547,22628,576,32343,631,54971,California
El Dorado,2021-03-31,627,85661,434,40286,142,43137,51,2238,213,22497,412,32755,281,55252,California
Fresno,2020-12-15,1,1,1,1,0,0,0,0,1,1,0,0,1,1,California
Fresno,2020-12-16,120,121,120,121,0,0,0,0,120,121,0,0,120,121,California
Fresno,2020-12-17,119,240,119,240,0,0,0,0,119,240,0,0,119,240,California
Fresno,2020-12-18,344,584,344,584,0,0,0,0,344,584,0,0,344,584,California
Fresno,2020-12-19,157,741,157,741,0,0,0,0,157,741,0,0,157,741,California
Fresno,2020-12-20,255,996,254,995,1,1,0,0,255,996,0,0,255,996,California
Fresno,2020-12-21,926,1922,925,1920,1,2,0,0,958,1954,0,0,958,1954,California
Fresno,2020-12-22,900,2822,872,2792,28,30,0,0,904,2858,0,0,904,2858,California
Fresno,2020-12-23,1080,3902,1051,3843,29,59,0,0,1081,3939,0,0,1081,3939,California
Fresno,2020-12-24,578,4480,563,4406,15,74,0,0,578,4517,0,0,578,4517,California
Fresno,2020-12-25,3,4483,2,4408,1,75,0,0,3,4520,0,0,3,4520,California
Fresno,2020-12-26,720,5203,712,5120,8,83,0,0,720,5240,0,0,720,5240,California
Fresno,2020-12-27,299,5502,204,5324,95,178,0,0,299,5539,0,0,299,5539,California
Fresno,2020-12-28,1055,6557,772,6096,283,461,0,0,1055,6594,0,0,1055,6594,California
Fresno,2020-12-29,1775,8332,1038,7134,737,1198,0,0,1773,8366,1,1,1773,8367,California
Fresno,2020-12-30,970,9302,473,7607,497,1695,0,0,970,9336,0,1,970,9337,California
Fresno,2020-12-31,892,10194,311,7918,581,2276,0,0,891,10227,0,1,891,10228,California
Fresno,2021-01-01,9,10203,3,7921,6,2282,0,0,9,10236,0,1,9,10237,California
Fresno,2021-01-02,1028,11231,716,8637,312,2594,0,0,1028,11264,0,1,1028,11265,California
Fresno,2021-01-03,152,11383,128,8765,24,2618,0,0,152,11416,0,1,152,11417,California
Fresno,2021-01-04,606,11989,372,9137,234,2852,0,0,606,12022,0,1,606,12023,California
Fresno,2021-01-05,775,12764,311,9448,464,3316,0,0,701,12649,74,75,701,12724,California
Fresno,2021-01-06,965,13729,342,9790,623,3939,0,0,793,13270,172,247,793,13517,California
Fresno,2021-01-07,1872,15601,913,10703,959,4898,0,0,1620,14639,252,499,1621,15138,California
Fresno,2021-01-08,1767,17368,614,11317,1153,6051,0,0,1402,15679,363,862,1403,16541,California
Fresno,2021-01-09,628,17996,387,11704,241,6292,0,0,354,15759,274,1136,354,16895,California
Fresno,2021-01-10,513,18509,485,12189,28,6320,0,0,199,15644,314,1450,199,17094,California
Fresno,2021-01-11,2132,20641,1729,13918,403,6723,0,0,1440,16395,692,2142,1443,18537,California
Fresno,2021-01-12,2501,23142,1810,15728,691,7414,0,0,1655,17204,848,2990,1657,20194,California
Fresno,2021-01-13,3526,26668,2422,18150,1104,8518,0,0,2667,19014,859,3849,2669,22863,California
Fresno,2021-01-14,4127,30795,2205,20355,1922,10440,0,0,3654,22195,473,4322,3654,26517,California
Fresno,2021-01-15,3616,34411,2522,22877,1094,11534,0,0,3259,25099,357,4679,3261,29778,California
Fresno,2021-01-16,3133,37544,2293,25170,840,12374,0,0,2672,27311,461,5140,2673,32451,California
Fresno,2021-01-17,978,38522,555,25725,423,12797,0,0,778,27889,200,5340,778,33229,California
Fresno,2021-01-18,3071,41593,2363,28088,708,13505,0,0,2411,29644,658,5998,2413,35642,California
Fresno,2021-01-19,4288,45881,2529,30617,1759,15264,0,0,3648,32660,640,6638,3656,39298,California
Fresno,2021-01-20,2979,48860,1184,31801,1795,17059,0,0,2692,35066,288,6926,2694,41992,California
Fresno,2021-01-21,4324,53184,2001,33802,2323,19382,0,0,3979,38722,328,7254,3984,45976,California
Fresno,2021-01-22,3292,56476,1340,35142,1952,21334,0,0,2907,41261,369,7623,2908,48884,California
Fresno,2021-01-23,3032,59508,1957,37099,1075,22409,0,0,2309,42856,723,8346,2318,51202,California
Fresno,2021-01-24,550,60058,373,37472,177,22586,0,0,347,43003,203,8549,350,51552,California
Fresno,2021-01-25,2321,62379,857,38329,1464,24050,0,0,1837,44363,484,9033,1844,53396,California
Fresno,2021-01-26,2007,64386,578,38907,1429,25479,0,0,1299,44959,706,9739,1302,54698,California
Fresno,2021-01-27,2233,66619,1155,40062,1078,26557,0,0,1721,46170,512,10251,1723,56421,California
Fresno,2021-01-28,4446,71065,3021,43083,1425,27982,0,0,3442,48614,1001,11252,3445,59866,California
Fresno,2021-01-29,1691,72756,983,44066,708,28690,0,0,1394,49716,293,11545,1395,61261,California
Fresno,2021-01-30,1413,74169,527,44593,886,29576,0,0,1003,50309,410,11955,1003,62264,California
Fresno,2021-01-31,228,74397,219,44812,9,29585,0,0,74,50229,154,12109,74,62338,California
Fresno,2021-02-01,3318,77715,1655,46467,1663,31248,0,0,1726,50466,1591,13700,1828,64166,California
Fresno,2021-02-02,2710,80425,544,47011,2166,33414,0,0,1542,50919,1155,14855,1608,65774,California
Fresno,2021-02-03,3483,83908,2040,49051,1443,34857,0,0,1526,50508,1938,16793,1527,67301,California
Fresno,2021-02-04,4191,88099,1901,50952,2290,37147,0,0,1927,50206,2234,19027,1932,69233,California
Fresno,2021-02-05,5120,93219,2599,53551,2521,39668,0,0,2110,49315,3003,22030,2112,71345,California
Fresno,2021-02-06,2921,96140,2037,55588,884,40552,0,0,961,48322,1956,23986,963,72308,California
Fresno,2021-02-07,459,96599,285,55873,174,40726,0,0,270,48404,188,24174,270,72578,California
Fresno,2021-02-08,4276,100875,2301,58174,1975,42701,0,0,1814,47788,2439,26613,1823,74401,California
Fresno,2021-02-09,5329,106204,2089,60263,3240,45941,0,0,3129,48799,2126,28739,3137,77538,California
Fresno,2021-02-10,3663,109867,1227,61490,2436,48377,0,0,1965,49125,1645,30384,1971,79509,California
Fresno,2021-02-11,6344,116211,2087,63577,4257,52634,0,0,3366,49529,2966,33350,3370,82879,California
Fresno,2021-02-12,5347,121558,1373,64950,3974,56608,0,0,2751,49706,2580,35930,2757,85636,California
Fresno,2021-02-13,3715,125273,1544,66494,2171,58779,0,0,2070,50146,1633,37563,2073,87709,California
Fresno,2021-02-14,1555,126828,282,66776,1273,60052,0,0,845,50283,709,38272,846,88555,California
Fresno,2021-02-15,2864,129692,270,67046,2594,62646,0,0,1763,50952,1097,39369,1766,90321,California
Fresno,2021-02-16,6612,136304,2388,69434,4224,66870,0,0,4212,52785,2384,41753,4217,94538,California
Fresno,2021-02-17,5297,141601,2440,71874,2857,69727,0,0,2965,53475,2287,44040,2977,97515,California
Fresno,2021-02-18,6800,148401,2908,74782,3892,73619,0,0,2575,51887,4175,48215,2587,100102,California
Fresno,2021-02-19,3801,152202,1104,75886,2697,76316,0,0,1837,51774,1953,50168,1840,101942,California
Fresno,2021-02-20,4527,156729,2493,78379,2034,78350,0,0,3068,53394,1453,51621,3073,105015,California
Fresno,2021-02-21,179,156908,163,78542,16,78366,0,0,127,53480,41,51662,127,105142,California
Fresno,2021-02-22,2167,159075,958,79500,1209,79575,0,0,1196,53721,962,52624,1203,106345,California
Fresno,2021-02-23,3809,162884,1435,80935,2374,81949,0,0,2960,55844,843,53467,2966,109311,California
Fresno,2021-02-24,4092,166976,1492,82427,2600,84549,0,0,3357,58477,727,54194,3360,112671,California
Fresno,2021-02-25,7380,174356,2462,84889,4918,89467,0,0,5995,63102,1376,55570,6001,118672,California
Fresno,2021-02-26,8117,182473,2978,87867,5139,94606,0,0,6862,68734,1234,56804,6866,125538,California
Fresno,2021-02-27,6233,188706,2170,90037,4063,98669,0,0,5558,73633,667,57471,5566,131104,California
Fresno,2021-02-28,1625,190331,525,90562,1100,99769,0,0,1529,75089,86,57557,1542,132646,California
Fresno,2021-03-01,4718,195049,1238,91800,3480,103249,0,0,3462,77313,1245,58802,3469,136115,California
Fresno,2021-03-02,8185,203234,2241,94041,5944,109193,0,0,6868,82913,1293,60095,6893,143008,California
Fresno,2021-03-03,5884,209118,1372,95413,4512,113705,0,0,4914,86963,958,61053,5008,148016,California
Fresno,2021-03-04,8001,217119,2268,97681,5733,119438,0,0,6521,92037,1457,62510,6531,154547,California
Fresno,2021-03-05,7036,224155,2579,100260,4456,123894,1,1,6095,97360,810,63320,6133,160680,California
Fresno,2021-03-06,6012,230167,3251,103511,2649,126543,112,113,5096,101662,911,64231,5213,165893,California
Fresno,2021-03-07,1310,231477,536,104047,740,127283,34,147,1089,102565,221,64452,1124,167017,California
Fresno,2021-03-08,4548,236025,1698,105745,2718,130001,132,279,3417,105002,1127,65579,3564,170581,California
Fresno,2021-03-09,6583,242608,2213,107958,4106,134107,264,543,3729,106193,2843,68422,4034,174615,California
Fresno,2021-03-10,5916,248524,2353,110311,3203,137310,360,903,4563,109783,1343,69765,4933,179548,California
Fresno,2021-03-11,10268,258792,3969,114280,5784,143094,515,1418,5575,111286,4663,74428,6166,185714,California
Fresno,2021-03-12,9849,268641,4210,118490,5256,148350,383,1801,7367,116716,2470,76898,7900,193614,California
Fresno,2021-03-13,6802,275443,3626,122116,2277,150627,899,2700,3207,117326,3580,80478,4190,197804,California
Fresno,2021-03-14,1219,276662,383,122499,567,151194,269,2969,492,117365,723,81201,762,198566,California
Fresno,2021-03-15,6618,283280,2825,125324,3631,154825,162,3131,4518,120154,2091,83292,4880,203446,California
Fresno,2021-03-16,9827,293107,4315,129639,5142,159967,370,3501,6028,122880,3775,87067,6501,209947,California
Fresno,2021-03-17,7713,300820,3581,133220,3600,163567,532,4033,5176,126453,2519,89586,6092,216039,California
Fresno,2021-03-18,10236,311056,5651,138871,4039,167606,546,4579,6615,130384,3590,93176,7521,223560,California
Fresno,2021-03-19,9022,320078,4661,143532,3915,171521,446,5025,5987,134075,3013,96189,6704,230264,California
Fresno,2021-03-20,5173,325251,2950,146482,2026,173547,197,5222,3065,135428,2103,98292,3456,233720,California
Fresno,2021-03-21,1723,326974,1173,147655,188,173735,362,5584,934,135944,785,99077,1301,235021,California
Fresno,2021-03-22,5493,332467,2800,150455,2103,175838,590,6174,3671,138651,1794,100871,4501,239522,California
Fresno,2021-03-23,10393,342860,5172,155627,4796,180634,425,6599,6044,141281,4315,105186,6945,246467,California
Fresno,2021-03-24,8279,351139,3451,159078,4033,184667,795,7394,4608,143209,3646,108832,5574,252041,California
Fresno,2021-03-25,11300,362439,5306,164384,5359,190026,635,8029,5944,144772,5323,114155,6886,258927,California
Fresno,2021-03-26,10866,373305,5149,169533,5144,195170,573,8602,5066,144716,5754,119909,5698,264625,California
Fresno,2021-03-27,9126,382431,4033,173566,4102,199272,991,9593,2870,142460,6227,126136,3971,268596,California
Fresno,2021-03-28,2755,385186,1158,174724,1379,200651,218,9811,1315,142824,1434,127570,1798,270394,California
Fresno,2021-03-29,5552,390738,1861,176585,3210,203861,481,10292,2766,143345,2758,130328,3279,273673,California
Fresno,2021-03-30,8777,399515,3750,180335,4361,208222,666,10958,4077,143465,4682,135010,4802,278475,California
Fresno,2021-03-31,3267,402782,1483,181818,1283,209505,501,11459,1599,143973,1653,136663,2161,280636,California
Glenn,2020-12-17,1,1,1,1,0,0,0,0,1,1,0,0,1,1,California
Glenn,2020-12-19,1,2,1,2,0,0,0,0,1,2,0,0,1,2,California
Glenn,2020-12-20,1,3,1,3,0,0,0,0,1,3,0,0,1,3,California
Glenn,2020-12-21,11,14,11,14,0,0,0,0,11,14,0,0,11,14,California
Glenn,2020-12-22,59,73,59,73,0,0,0,0,59,73,0,0,59,73,California
Glenn,2020-12-23,26,99,26,99,0,0,0,0,26,99,0,0,26,99,California
Glenn,2020-12-24,9,108,9,108,0,0,0,0,9,108,0,0,9,108,California
Glenn,2020-12-26,2,110,2,110,0,0,0,0,2,110,0,0,2,110,California
Glenn,2020-12-27,4,114,4,114,0,0,0,0,4,114,0,0,4,114,California
Glenn,2020-12-28,20,134,20,134,0,0,0,0,20,134,0,0,20,134,California
Glenn,2020-12-29,82,216,82,216,0,0,0,0,82,216,0,0,82,216,California
Glenn,2020-12-30,129,345,107,323,22,22,0,0,129,345,0,0,129,345,California
Glenn,2020-12-31,38,383,9,332,29,51,0,0,38,383,0,0,38,383,California
Glenn,2021-01-02,2,385,2,334,0,51,0,0,2,385,0,0,2,385,California
Glenn,2021-01-04,7,392,5,339,2,53,0,0,7,392,0,0,7,392,California
Glenn,2021-01-05,9,401,8,347,1,54,0,0,9,401,0,0,9,401,California
Glenn,2021-01-06,61,462,9,356,52,106,0,0,61,462,0,0,61,462,California
Glenn,2021-01-07,66,528,12,368,54,160,0,0,64,524,2,2,64,526,California
Glenn,2021-01-08,11,539,9,377,2,162,0,0,11,535,0,2,11,537,California
Glenn,2021-01-10,1,540,1,378,0,162,0,0,0,534,1,3,0,537,California
Glenn,2021-01-11,30,570,30,408,0,162,0,0,12,528,18,21,12,549,California
Glenn,2021-01-12,42,612,37,445,5,167,0,0,14,514,28,49,14,563,California
Glenn,2021-01-13,153,765,88,533,65,232,0,0,110,581,43,92,110,673,California
Glenn,2021-01-14,183,948,95,628,88,320,0,0,173,744,10,102,173,846,California
Glenn,2021-01-15,42,990,34,662,8,328,0,0,37,776,5,107,37,883,California
Glenn,2021-01-16,34,1024,14,676,20,348,0,0,24,790,10,117,24,907,California
Glenn,2021-01-17,4,1028,2,678,2,350,0,0,2,790,2,119,2,909,California
Glenn,2021-01-18,17,1045,16,694,1,351,0,0,9,791,8,127,9,918,California
Glenn,2021-01-19,28,1073,18,712,10,361,0,0,12,787,16,143,12,930,California
Glenn,2021-01-20,162,1235,93,805,69,430,0,0,81,787,81,224,81,1011,California
Glenn,2021-01-21,124,1359,98,903,26,456,0,0,29,721,95,319,29,1040,California
Glenn,2021-01-22,336,1695,63,966,273,729,0,0,329,1043,7,326,329,1369,California
Glenn,2021-01-23,14,1709,7,973,7,736,0,0,12,1053,2,328,12,1381,California
Glenn,2021-01-24,1,1710,1,974,0,736,0,0,1,1054,0,328,1,1382,California
Glenn,2021-01-25,27,1737,9,983,18,754,0,0,24,1075,3,331,24,1406,California
Glenn,2021-01-26,29,1766,13,996,16,770,0,0,23,1092,6,337,23,1429,California
Glenn,2021-01-27,188,1954,14,1010,174,944,0,0,166,1236,22,359,166,1595,California
Glenn,2021-01-28,145,2099,8,1018,137,1081,0,0,115,1321,30,389,115,1710,California
Glenn,2021-01-29,296,2395,11,1029,285,1366,0,0,282,1589,14,403,282,1992,California
Glenn,2021-01-30,4,2399,0,1029,4,1370,0,0,4,1593,0,403,4,1996,California
Glenn,2021-01-31,1,2400,0,1029,1,1371,0,0,1,1594,0,403,1,1997,California
Glenn,2021-02-01,29,2429,10,1039,19,1390,0,0,17,1599,12,415,17,2014,California
Glenn,2021-02-02,27,2456,12,1051,15,1405,0,0,18,1608,9,424,18,2032,California
Glenn,2021-02-03,206,2662,58,1109,148,1553,0,0,111,1624,95,519,111,2143,California
Glenn,2021-02-04,149,2811,84,1193,65,1618,0,0,45,1565,104,623,45,2188,California
Glenn,2021-02-05,320,3131,24,1217,296,1914,0,0,301,1847,19,642,301,2489,California
Glenn,2021-02-06,15,3146,2,1219,13,1927,0,0,14,1860,1,643,14,2503,California
Glenn,2021-02-07,1,3147,1,1220,0,1927,0,0,1,1861,0,643,1,2504,California
Glenn,2021-02-08,21,3168,17,1237,4,1931,0,0,4,1848,17,660,4,2508,California
Glenn,2021-02-09,48,3216,19,1256,29,1960,0,0,36,1872,12,672,36,2544,California
Glenn,2021-02-10,138,3354,19,1275,119,2079,0,0,64,1862,74,746,64,2608,California
Glenn,2021-02-11,233,3587,134,1409,99,2178,0,0,151,1931,82,828,151,2759,California
Glenn,2021-02-12,422,4009,100,1509,322,2500,0,0,358,2225,64,892,358,3117,California
Glenn,2021-02-13,33,4042,7,1516,26,2526,0,0,15,2222,18,910,15,3132,California
Glenn,2021-02-14,1,4043,0,1516,1,2527,0,0,1,2223,0,910,1,3133,California
Glenn,2021-02-15,8,4051,0,1516,8,2535,0,0,8,2231,0,910,8,3141,California
Glenn,2021-02-16,39,4090,9,1525,30,2565,0,0,21,2234,18,928,21,3162,California
Glenn,2021-02-17,381,4471,15,1540,366,2931,0,0,303,2459,78,1006,303,3465,California
Glenn,2021-02-18,138,4609,103,1643,35,2966,0,0,114,2549,24,1030,114,3579,California
Glenn,2021-02-19,302,4911,16,1659,286,3252,0,0,29,2305,273,1303,29,3608,California
Glenn,2021-02-20,8,4919,0,1659,8,3260,0,0,0,2297,8,1311,0,3608,California
Glenn,2021-02-22,32,4951,13,1672,19,3279,0,0,16,2297,16,1327,16,3624,California
Glenn,2021-02-23,40,4991,10,1682,30,3309,0,0,28,2313,12,1339,28,3652,California
Glenn,2021-02-24,223,5214,16,1698,207,3516,0,0,49,2188,174,1513,49,3701,California
Glenn,2021-02-25,262,5476,147,1845,115,3631,0,0,119,2164,143,1656,119,3820,California
Glenn,2021-02-26,304,5780,24,1869,280,3911,0,0,20,1901,283,1939,20,3840,California
Glenn,2021-02-27,14,5794,5,1874,9,3920,0,0,5,1898,8,1947,5,3845,California
Glenn,2021-02-28,5,5799,2,1876,3,3923,0,0,3,1900,1,1948,3,3848,California
Glenn,2021-03-01,29,5828,6,1882,23,3946,0,0,12,1895,17,1965,12,3860,California
Glenn,2021-03-02,36,5864,7,1889,29,3975,0,0,17,1893,19,1984,17,3877,California
Glenn,2021-03-03,180,6044,25,1914,155,4130,0,0,88,1891,90,2074,88,3965,California
Glenn,2021-03-04,479,6523,179,2093,300,4430,0,0,334,2080,145,2219,334,4299,California
Glenn,2021-03-05,330,6853,45,2138,285,4715,0,0,33,1816,297,2516,33,4332,California
Glenn,2021-03-06,28,6881,4,2142,23,4738,1,1,11,1811,17,2533,12,4344,California
Glenn,2021-03-07,5,6886,0,2142,5,4743,0,1,3,1813,1,2534,3,4347,California
Glenn,2021-03-08,21,6907,2,2144,18,4761,1,2,19,1831,2,2536,20,4367,California
Glenn,2021-03-09,70,6977,10,2154,57,4818,3,5,46,1856,24,2560,49,4416,California
Glenn,2021-03-10,165,7142,68,2222,95,4913,2,7,91,1875,74,2634,93,4509,California
Glenn,2021-03-11,504,7646,168,2390,322,5235,14,21,381,2147,123,2757,395,4904,California
Glenn,2021-03-12,398,8044,12,2402,336,5571,50,71,35,1869,363,3120,85,4989,California
Glenn,2021-03-13,10,8054,1,2403,1,5572,8,79,0,1867,10,3130,8,4997,California
Glenn,2021-03-14,3,8057,1,2404,2,5574,0,79,2,1868,1,3131,2,4999,California
Glenn,2021-03-15,73,8130,16,2420,53,5627,4,83,59,1917,14,3145,63,5062,California
Glenn,2021-03-16,101,8231,30,2450,61,5688,10,93,59,1944,42,3187,69,5131,California
Glenn,2021-03-17,415,8646,98,2548,311,5999,6,99,113,1760,302,3489,118,5249,California
Glenn,2021-03-18,458,9104,192,2740,43,6042,223,322,123,1771,335,3824,346,5595,California
Glenn,2021-03-19,81,9185,14,2754,63,6105,4,326,63,1821,17,3841,67,5662,California
Glenn,2021-03-20,74,9259,2,2756,72,6177,0,326,73,1893,1,3842,73,5735,California
Glenn,2021-03-21,7,9266,6,2762,0,6177,1,327,4,1896,2,3844,5,5740,California
Glenn,2021-03-22,116,9382,52,2814,55,6232,9,336,95,1981,19,3863,104,5844,California
Glenn,2021-03-23,154,9536,66,2880,50,6282,38,374,94,2054,59,3922,132,5976,California
Glenn,2021-03-24,195,9731,90,2970,100,6382,5,379,133,2131,61,3983,138,6114,California
Glenn,2021-03-25,458,10189,230,3200,135,6517,93,472,328,2423,129,4112,421,6535,California
Glenn,2021-03-26,220,10409,34,3234,149,6666,37,509,168,2578,52,4164,207,6742,California
Glenn,2021-03-27,149,10558,21,3255,124,6790,4,513,139,2711,10,4174,143,6885,California
Glenn,2021-03-28,14,10572,9,3264,5,6795,0,513,10,2717,4,4178,10,6895,California
Glenn,2021-03-29,55,10627,19,3283,33,6828,3,516,41,2747,14,4192,44,6939,California
Glenn,2021-03-30,69,10696,37,3320,31,6859,1,517,41,2762,27,4219,42,6981,California
Glenn,2021-03-31,101,10797,24,3344,77,6936,0,517,39,2739,62,4281,39,7020,California
Humboldt,2020-12-15,2,2,2,2,0,0,0,0,2,2,0,0,2,2,California
Humboldt,2020-12-16,15,17,15,17,0,0,0,0,15,17,0,0,15,17,California
Humboldt,2020-12-17,115,132,115,132,0,0,0,0,115,132,0,0,115,132,California
Humboldt,2020-12-18,171,303,171,303,0,0,0,0,171,303,0,0,171,303,California
Humboldt,2020-12-19,10,313,10,313,0,0,0,0,10,313,0,0,10,313,California
Humboldt,2020-12-20,28,341,28,341,0,0,0,0,28,341,0,0,28,341,California
Humboldt,2020-12-21,165,506,165,506,0,0,0,0,165,506,0,0,165,506,California
Humboldt,2020-12-22,288,794,288,794,0,0,0,0,288,794,0,0,288,794,California
Humboldt,2020-12-23,301,1095,253,1047,48,48,0,0,302,1096,0,0,302,1096,California
Humboldt,2020-12-24,25,1120,2,1049,23,71,0,0,25,1121,0,0,25,1121,California
Humboldt,2020-12-25,2,1122,2,1051,0,71,0,0,2,1123,0,0,2,1123,California
Humboldt,2020-12-26,7,1129,6,1057,1,72,0,0,7,1130,0,0,7,1130,California
Humboldt,2020-12-27,1,1130,0,1057,1,73,0,0,1,1131,0,0,1,1131,California
Humboldt,2020-12-28,152,1282,143,1200,9,82,0,0,152,1283,0,0,152,1283,California
Humboldt,2020-12-29,163,1445,121,1321,42,124,0,0,163,1446,0,0,163,1446,California
Humboldt,2020-12-30,221,1666,122,1443,99,223,0,0,221,1667,0,0,221,1667,California
Humboldt,2020-12-31,242,1908,80,1523,162,385,0,0,242,1909,0,0,242,1909,California
Humboldt,2021-01-01,1,1909,1,1524,0,385,0,0,1,1910,0,0,1,1910,California
Humboldt,2021-01-02,38,1947,1,1525,37,422,0,0,38,1948,0,0,38,1948,California
Humboldt,2021-01-04,214,2161,141,1666,73,495,0,0,215,2163,0,0,215,2163,California
Humboldt,2021-01-05,125,2286,17,1683,108,603,0,0,125,2288,0,0,125,2288,California
Humboldt,2021-01-06,299,2585,202,1885,97,700,0,0,228,2456,60,60,228,2516,California
Humboldt,2021-01-07,385,2970,272,2157,113,813,0,0,302,2677,81,141,302,2818,California
Humboldt,2021-01-08,417,3387,279,2436,138,951,0,0,285,2834,128,269,285,3103,California
Humboldt,2021-01-09,69,3456,45,2481,24,975,0,0,66,2898,3,272,67,3170,California
Humboldt,2021-01-10,84,3540,84,2565,0,975,0,0,4,2822,80,352,4,3174,California
Humboldt,2021-01-11,285,3825,274,2839,11,986,0,0,76,2693,205,557,76,3250,California
Humboldt,2021-01-12,478,4303,315,3154,163,1149,0,0,301,2839,155,712,301,3551,California
Humboldt,2021-01-13,473,4776,271,3425,202,1351,0,0,297,2964,173,885,298,3849,California
Humboldt,2021-01-14,517,5293,161,3586,356,1707,0,0,461,3370,56,941,462,4311,California
Humboldt,2021-01-15,373,5666,40,3626,333,2040,0,0,355,3708,17,958,355,4666,California
Humboldt,2021-01-16,169,5835,6,3632,163,2203,0,0,168,3875,1,959,168,4834,California
Humboldt,2021-01-17,4,5839,3,3635,1,2204,0,0,4,3879,0,959,4,4838,California
Humboldt,2021-01-18,272,6111,237,3872,35,2239,0,0,125,3857,147,1106,125,4963,California
Humboldt,2021-01-19,618,6729,372,4244,246,2485,0,0,492,4229,120,1226,492,5455,California
Humboldt,2021-01-20,874,7603,363,4607,511,2996,0,0,762,4882,111,1337,764,6219,California
Humboldt,2021-01-21,958,8561,261,4868,697,3693,0,0,918,5759,41,1378,918,7137,California
Humboldt,2021-01-22,676,9237,377,5245,299,3992,0,0,668,6419,8,1386,668,7805,California
Humboldt,2021-01-23,725,9962,250,5495,475,4467,0,0,719,7133,6,1392,720,8525,California
Humboldt,2021-01-24,224,10186,1,5496,223,4690,0,0,224,7357,0,1392,224,8749,California
Humboldt,2021-01-25,297,10483,227,5723,70,4760,0,0,144,7348,153,1545,144,8893,California
Humboldt,2021-01-26,514,10997,132,5855,382,5142,0,0,471,7776,43,1588,471,9364,California
Humboldt,2021-01-27,1252,12249,585,6440,667,5809,0,0,1188,8907,57,1645,1188,10552,California
Humboldt,2021-01-28,1438,13687,622,7062,816,6625,0,0,1304,10082,131,1776,1306,11858,California
Humboldt,2021-01-29,1123,14810,539,7601,584,7209,0,0,708,10375,415,2191,708,12566,California
Humboldt,2021-01-30,966,15776,455,8056,511,7720,0,0,958,11325,8,2199,958,13524,California
Humboldt,2021-01-31,307,16083,306,8362,1,7721,0,0,305,11628,2,2201,305,13829,California
Humboldt,2021-02-01,320,16403,180,8542,140,7861,0,0,184,11677,135,2336,184,14013,California
Humboldt,2021-02-02,427,16830,60,8602,367,8228,0,0,332,11916,95,2431,334,14347,California
Humboldt,2021-02-03,641,17471,257,8859,384,8612,0,0,493,12261,148,2579,493,14840,California
Humboldt,2021-02-04,635,18106,261,9120,374,8986,0,0,440,12508,193,2772,440,15280,California
Humboldt,2021-02-05,810,18916,96,9216,714,9700,0,0,629,12956,181,2953,629,15909,California
Humboldt,2021-02-06,963,19879,353,9569,610,10310,0,0,944,13883,17,2970,944,16853,California
Humboldt,2021-02-07,378,20257,7,9576,371,10681,0,0,375,14255,3,2973,375,17228,California
Humboldt,2021-02-08,294,20551,113,9689,181,10862,0,0,173,14308,120,3093,173,17401,California
Humboldt,2021-02-09,482,21033,208,9897,274,11136,0,0,173,14172,309,3402,173,17574,California
Humboldt,2021-02-10,558,21591,368,10265,190,11326,0,0,231,14081,322,3724,231,17805,California
Humboldt,2021-02-11,1285,22876,389,10654,896,12222,0,0,505,13809,777,4501,505,18310,California
Humboldt,2021-02-12,1136,24012,731,11385,405,12627,0,0,700,14073,436,4937,700,19010,California
Humboldt,2021-02-13,1427,25439,483,11868,944,13571,0,0,858,14366,566,5503,859,19869,California
Humboldt,2021-02-14,115,25554,6,11874,109,13680,0,0,112,14476,2,5505,112,19981,California
Humboldt,2021-02-15,288,25842,74,11948,214,13894,0,0,195,14579,93,5598,196,20177,California
Humboldt,2021-02-16,521,26363,108,12056,413,14307,0,0,247,14553,274,5872,248,20425,California
Humboldt,2021-02-17,439,26802,271,12327,168,14475,0,0,137,14388,302,6174,137,20562,California
Humboldt,2021-02-18,968,27770,600,12927,368,14843,0,0,228,13877,739,6913,228,20790,California
Humboldt,2021-02-19,479,28249,437,13364,42,14885,0,0,93,13587,383,7296,93,20883,California
Humboldt,2021-02-20,1487,29736,889,14253,598,15483,0,0,404,12912,1081,8377,406,21289,California
Humboldt,2021-02-21,476,30212,468,14721,8,15491,0,0,190,12816,286,8663,190,21479,California
Humboldt,2021-02-22,111,30323,79,14800,32,15523,0,0,26,12759,83,8746,26,21505,California
Humboldt,2021-02-23,163,30486,63,14863,100,15623,0,0,41,12680,120,8866,41,21546,California
Humboldt,2021-02-24,1143,31629,685,15548,458,16081,0,0,570,12678,572,9438,570,22116,California
Humboldt,2021-02-25,831,32460,323,15871,508,16589,0,0,231,12311,598,10036,231,22347,California
Humboldt,2021-02-26,2135,34595,107,15978,2028,18617,0,0,454,11089,1676,11712,454,22801,California
Humboldt,2021-02-27,1450,36045,883,16861,567,19184,0,0,833,11309,615,12327,835,23636,California
Humboldt,2021-02-28,125,36170,13,16874,112,19296,0,0,118,11420,7,12334,118,23754,California
Humboldt,2021-03-01,246,36416,45,16919,201,19497,0,0,173,11520,73,12407,173,23927,California
Humboldt,2021-03-02,269,36685,41,16960,228,19725,0,0,152,11555,117,12524,152,24079,California
Humboldt,2021-03-03,1510,38195,1030,17990,480,20205,0,0,1102,12256,402,12926,1103,25182,California
Humboldt,2021-03-04,862,39057,99,18089,763,20968,0,0,257,11909,605,13531,258,25440,California
Humboldt,2021-03-05,910,39967,170,18259,730,21698,10,10,357,11727,549,14080,367,25807,California
Humboldt,2021-03-06,1579,41546,733,18992,797,22495,49,59,697,11594,881,14961,748,26555,California
Humboldt,2021-03-07,358,41904,297,19289,45,22540,16,75,154,11561,203,15164,170,26725,California
Humboldt,2021-03-08,222,42126,19,19308,132,22672,71,146,135,11680,87,15251,206,26931,California
Humboldt,2021-03-09,431,42557,194,19502,111,22783,126,272,210,11796,220,15471,336,27267,California
Humboldt,2021-03-10,604,43161,426,19928,67,22850,111,383,379,12063,224,15695,491,27758,California
Humboldt,2021-03-11,1262,44423,403,20331,763,23613,96,479,483,11865,776,16471,578,28336,California
Humboldt,2021-03-12,1558,45981,1004,21335,354,23967,200,679,975,12467,575,17046,1177,29513,California
Humboldt,2021-03-13,1370,47351,930,22265,396,24363,44,723,640,12426,725,17771,684,30197,California
Humboldt,2021-03-14,92,47443,14,22279,71,24434,7,730,19,12379,73,17844,26,30223,California
Humboldt,2021-03-15,276,47719,50,22329,205,24639,21,751,59,12242,217,18061,80,30303,California
Humboldt,2021-03-16,625,48344,204,22533,172,24811,249,1000,269,12403,356,18417,517,30820,California
Humboldt,2021-03-17,683,49027,359,22892,223,25034,101,1101,322,12466,360,18777,423,31243,California
Humboldt,2021-03-18,1267,50294,821,23713,415,25449,31,1132,732,12698,531,19308,763,32006,California
Humboldt,2021-03-19,923,51217,56,23769,562,26011,305,1437,349,12780,572,19880,654,32660,California
Humboldt,2021-03-20,957,52174,576,24345,370,26381,11,1448,268,12375,688,20568,283,32943,California
Humboldt,2021-03-21,246,52420,34,24379,184,26565,28,1476,199,12555,47,20615,227,33170,California
Humboldt,2021-03-22,119,52539,24,24403,50,26615,45,1521,68,12618,50,20665,113,33283,California
Humboldt,2021-03-23,411,52950,54,24457,317,26932,40,1561,325,12898,85,20750,365,33648,California
Humboldt,2021-03-24,1313,54263,332,24789,937,27869,44,1605,995,13643,314,21064,1059,34707,California
Humboldt,2021-03-25,1713,55976,1140,25929,512,28381,61,1666,853,13703,856,21920,916,35623,California
Humboldt,2021-03-26,1924,57900,399,26328,1470,29851,55,1721,1515,14874,405,22325,1576,37199,California
Humboldt,2021-03-27,1193,59093,834,27162,285,30136,74,1795,499,14757,693,23018,576,37775,California
Humboldt,2021-03-28,256,59349,76,27238,113,30249,67,1862,79,14726,177,23195,146,37921,California
Humboldt,2021-03-29,453,59802,122,27360,241,30490,90,1952,190,14744,262,23457,280,38201,California
Humboldt,2021-03-30,797,60599,235,27595,502,30992,60,2012,481,14976,314,23771,546,38747,California
Humboldt,2021-03-31,614,61213,222,27817,389,31381,3,2015,468,15321,146,23917,491,39238,California
Imperial,2020-12-16,1,1,1,1,0,0,0,0,1,1,0,0,1,1,California
Imperial,2020-12-17,4,5,4,5,0,0,0,0,4,5,0,0,4,5,California
Imperial,2020-12-18,11,16,11,16,0,0,0,0,11,16,0,0,11,16,California
Imperial,2020-12-20,2,18,2,18,0,0,0,0,2,18,0,0,2,18,California
Imperial,2020-12-21,186,204,186,204,0,0,0,0,186,204,0,0,186,204,California
Imperial,2020-12-22,242,446,240,444,2,2,0,0,242,446,0,0,242,446,California
Imperial,2020-12-23,212,658,211,655,1,3,0,0,211,657,0,0,211,657,California
Imperial,2020-12-24,5,663,5,660,0,3,0,0,5,662,0,0,5,662,California
Imperial,2020-12-26,1,664,0,660,1,4,0,0,1,663,0,0,1,663,California
Imperial,2020-12-27,62,726,0,660,62,66,0,0,62,725,0,0,62,725,California
Imperial,2020-12-28,215,941,114,774,101,167,0,0,215,940,0,0,215,940,California
Imperial,2020-12-29,188,1129,35,809,153,320,0,0,188,1128,0,0,188,1128,California
Imperial,2020-12-30,366,1495,49,858,317,637,0,0,366,1494,0,0,366,1494,California
Imperial,2020-12-31,200,1695,26,884,174,811,0,0,200,1694,0,0,200,1694,California
Imperial,2021-01-01,5,1700,5,889,0,811,0,0,5,1699,0,0,5,1699,California
Imperial,2021-01-02,4,1704,0,889,4,815,0,0,4,1703,0,0,4,1703,California
Imperial,2021-01-03,90,1794,0,889,90,905,0,0,90,1793,0,0,90,1793,California
Imperial,2021-01-04,84,1878,4,893,80,985,0,0,84,1877,0,0,84,1877,California
Imperial,2021-01-05,172,2050,13,906,159,1144,0,0,172,2049,0,0,172,2049,California
Imperial,2021-01-06,190,2240,25,931,165,1309,0,0,189,2237,1,1,189,2238,California
Imperial,2021-01-07,319,2559,9,940,310,1619,0,0,316,2550,3,4,316,2554,California
Imperial,2021-01-08,190,2749,50,990,140,1759,0,0,181,2722,9,13,181,2735,California
Imperial,2021-01-09,24,2773,21,1011,3,1762,0,0,24,2746,0,13,24,2759,California
Imperial,2021-01-10,1,2774,0,1011,1,1763,0,0,1,2747,0,13,1,2760,California
Imperial,2021-01-11,401,3175,243,1254,158,1921,0,0,172,2690,229,242,172,2932,California
Imperial,2021-01-12,404,3579,301,1555,103,2024,0,0,142,2571,261,503,142,3074,California
Imperial,2021-01-13,382,3961,132,1687,250,2274,0,0,283,2755,99,602,283,3357,California
Imperial,2021-01-14,260,4221,152,1839,108,2382,0,0,253,3002,6,608,253,3610,California
Imperial,2021-01-15,240,4461,182,2021,58,2440,0,0,233,3228,7,615,233,3843,California
Imperial,2021-01-16,77,4538,71,2092,6,2446,0,0,77,3305,0,615,77,3920,California
Imperial,2021-01-17,9,4547,2,2094,7,2453,0,0,9,3314,0,615,9,3929,California
Imperial,2021-01-18,1061,5608,402,2496,659,3112,0,0,963,4180,98,713,964,4893,California
Imperial,2021-01-19,165,5773,128,2624,37,3149,0,0,118,4251,47,760,118,5011,California
Imperial,2021-01-20,291,6064,193,2817,98,3247,0,0,254,4468,37,797,254,5265,California
Imperial,2021-01-21,415,6479,183,3000,232,3479,0,0,395,4843,20,817,395,5660,California
Imperial,2021-01-22,460,6939,189,3189,271,3750,0,0,451,5285,9,826,451,6111,California
Imperial,2021-01-23,1042,7981,290,3479,752,4502,0,0,1041,6325,1,827,1041,7152,California
Imperial,2021-01-24,11,7992,3,3482,8,4510,0,0,11,6336,0,827,11,7163,California
Imperial,2021-01-25,216,8208,6,3488,210,4720,0,0,36,6193,179,1006,36,7199,California
Imperial,2021-01-26,359,8567,184,3672,175,4895,0,0,216,6267,143,1149,217,7416,California
Imperial,2021-01-27,573,9140,163,3835,410,5305,0,0,239,6172,334,1483,239,7655,California
Imperial,2021-01-28,632,9772,158,3993,474,5779,0,0,524,6588,108,1591,524,8179,California
Imperial,2021-01-29,420,10192,294,4287,126,5905,0,0,370,6908,50,1641,370,8549,California
Imperial,2021-01-30,51,10243,26,4313,25,5930,0,0,34,6925,17,1658,34,8583,California
Imperial,2021-01-31,14,10257,6,4319,8,5938,0,0,13,6937,1,1659,13,8596,California
Imperial,2021-02-01,421,10678,55,4374,366,6304,0,0,211,6939,209,1868,211,8807,California
Imperial,2021-02-02,681,11359,54,4428,627,6931,0,0,500,7258,181,2049,500,9307,California
Imperial,2021-02-03,458,11817,48,4476,410,7341,0,0,266,7333,191,2240,266,9573,California
Imperial,2021-02-04,1731,13548,1206,5682,525,7866,0,0,1416,8436,314,2554,1417,10990,California
Imperial,2021-02-05,390,13938,242,5924,148,8014,0,0,155,8359,232,2786,155,11145,California
Imperial,2021-02-06,863,14801,839,6763,24,8038,0,0,826,9149,36,2822,826,11971,California
Imperial,2021-02-07,25,14826,12,6775,13,8051,0,0,24,9172,1,2823,24,11995,California
Imperial,2021-02-08,252,15078,43,6818,209,8260,0,0,184,9288,68,2891,184,12179,California
Imperial,2021-02-09,464,15542,144,6962,320,8580,0,0,307,9438,157,3048,307,12486,California
Imperial,2021-02-10,383,15925,51,7013,332,8912,0,0,95,9245,288,3336,95,12581,California
Imperial,2021-02-11,461,16386,261,7274,200,9112,0,0,92,8968,369,3705,92,12673,California
Imperial,2021-02-12,2118,18504,1404,8678,714,9826,0,0,1764,10380,353,4058,1765,14438,California
Imperial,2021-02-13,45,18549,18,8696,27,9853,0,0,36,10408,9,4067,37,14475,California
Imperial,2021-02-14,24,18573,12,8708,12,9865,0,0,22,10428,2,4069,22,14497,California
Imperial,2021-02-15,33,18606,11,8719,22,9887,0,0,24,10443,9,4078,24,14521,California
Imperial,2021-02-16,518,19124,271,8990,247,10134,0,0,299,10523,219,4297,299,14820,California
Imperial,2021-02-17,440,19564,286,9276,154,10288,0,0,85,10253,355,4652,85,14905,California
Imperial,2021-02-18,652,20216,312,9588,340,10628,0,0,147,9896,504,5156,147,15052,California
Imperial,2021-02-19,768,20984,381,9969,387,11015,0,0,196,9521,571,5727,196,15248,California
Imperial,2021-02-20,1044,22028,196,10165,848,11863,0,0,330,9140,713,6440,332,15580,California
Imperial,2021-02-21,581,22609,547,10712,34,11897,0,0,573,9705,8,6448,573,16153,California
Imperial,2021-02-22,807,23416,567,11279,240,12137,0,0,757,10412,50,6498,757,16910,California
Imperial,2021-02-23,937,24353,380,11659,557,12694,0,0,881,11238,56,6554,882,17792,California
Imperial,2021-02-24,700,25053,292,11951,408,13102,0,0,601,11742,98,6652,602,18394,California
Imperial,2021-02-25,817,25870,344,12295,473,13575,0,0,451,11833,365,7017,456,18850,California
Imperial,2021-02-26,1744,27614,1373,13668,371,13946,0,0,1572,13235,170,7187,1572,20422,California
Imperial,2021-02-27,915,28529,866,14534,49,13995,0,0,176,12672,739,7926,176,20598,California
Imperial,2021-02-28,78,28607,69,14603,9,14004,0,0,68,12730,10,7936,68,20666,California
Imperial,2021-03-01,513,29120,311,14914,202,14206,0,0,451,13122,61,7997,453,21119,California
Imperial,2021-03-02,687,29807,265,15179,422,14628,0,0,399,13237,288,8285,403,21522,California
Imperial,2021-03-03,917,30724,48,15227,868,15496,1,1,547,13429,367,8652,559,22081,California
Imperial,2021-03-04,744,31468,93,15320,651,16147,0,1,483,13682,259,8911,512,22593,California
Imperial,2021-03-05,2535,34003,1927,17247,608,16755,0,1,1249,13649,1283,10194,1250,23843,California
Imperial,2021-03-06,681,34684,234,17481,447,17202,0,1,641,14259,36,10230,646,24489,California
Imperial,2021-03-07,76,34760,43,17524,32,17234,1,2,55,14295,21,10251,57,24546,California
Imperial,2021-03-08,399,35159,323,17847,44,17278,32,34,351,14630,48,10299,383,24929,California
Imperial,2021-03-09,693,35852,315,18162,133,17411,245,279,406,14998,287,10586,655,25584,California
Imperial,2021-03-10,663,36515,306,18468,254,17665,103,382,301,15044,362,10948,408,25992,California
Imperial,2021-03-11,1703,38218,435,18903,1078,18743,190,572,1101,15746,602,11550,1304,27296,California
Imperial,2021-03-12,3554,41772,2435,21338,935,19678,184,756,1969,16318,1582,13132,2154,29450,California
Imperial,2021-03-13,997,42769,90,21428,688,20366,219,975,722,16990,273,13405,945,30395,California
Imperial,2021-03-14,124,42893,29,21457,84,20450,11,986,98,17074,26,13431,110,30505,California
Imperial,2021-03-15,673,43566,219,21676,199,20649,255,1241,379,17417,293,13724,636,31141,California
Imperial,2021-03-16,1055,44621,275,21951,339,20988,441,1682,529,17863,525,14249,971,32112,California
Imperial,2021-03-17,1525,46146,658,22609,732,21720,135,1817,945,18370,576,14825,1083,33195,California
Imperial,2021-03-18,1511,47657,1013,23622,439,22159,59,1876,1070,19062,440,15265,1132,34327,California
Imperial,2021-03-19,2879,50536,2173,25795,702,22861,4,1880,1217,18627,1658,16923,1223,35550,California
Imperial,2021-03-20,635,51171,377,26172,253,23114,5,1885,336,18679,297,17220,349,35899,California
Imperial,2021-03-21,220,51391,37,26209,180,23294,3,1888,160,18786,60,17280,167,36066,California
Imperial,2021-03-22,1023,52414,316,26525,700,23994,7,1895,609,19001,413,17693,628,36694,California
Imperial,2021-03-23,1396,53810,408,26933,982,24976,6,1901,883,19389,511,18204,899,37593,California
Imperial,2021-03-24,1895,55705,538,27471,946,25922,411,2312,951,19828,942,19146,1381,38974,California
Imperial,2021-03-25,2200,57905,498,27969,699,26621,1003,3315,822,20278,1377,20523,1827,40801,California
Imperial,2021-03-26,1925,59830,736,28705,581,27202,608,3923,691,20355,1230,21753,1307,42108,California
Imperial,2021-03-27,526,60356,263,28968,215,27417,48,3971,372,20624,151,21904,420,42528,California
Imperial,2021-03-28,208,60564,51,29019,153,27570,4,3975,172,20763,36,21940,175,42703,California
Imperial,2021-03-29,818,61382,316,29335,308,27878,194,4169,243,20629,573,22513,439,43142,California
Imperial,2021-03-30,1297,62679,670,30005,497,28375,130,4299,585,20643,712,23225,726,43868,California
Imperial,2021-03-31,631,63310,283,30288,346,28721,2,4301,515,21046,114,23339,517,44385,California
Inyo,2020-12-19,85,85,85,85,0,0,0,0,85,85,0,0,85,85,California
Inyo,2020-12-20,58,143,58,143,0,0,0,0,58,143,0,0,58,143,California
Inyo,2020-12-21,88,231,85,228,3,3,0,0,88,231,0,0,88,231,California
Inyo,2020-12-22,104,335,104,332,0,3,0,0,104,335,0,0,104,335,California
Inyo,2020-12-23,71,406,68,400,3,6,0,0,71,406,0,0,71,406,California
Inyo,2020-12-24,16,422,16,416,0,6,0,0,16,422,0,0,16,422,California
Inyo,2020-12-25,1,423,0,416,1,7,0,0,1,423,0,0,1,423,California
Inyo,2020-12-26,74,497,74,490,0,7,0,0,74,497,0,0,74,497,California
Inyo,2020-12-28,48,545,36,526,12,19,0,0,48,545,0,0,48,545,California
Inyo,2020-12-29,20,565,20,546,0,19,0,0,20,565,0,0,20,565,California
Inyo,2020-12-30,56,621,54,600,2,21,0,0,56,621,0,0,56,621,California
Inyo,2020-12-31,29,650,0,600,29,50,0,0,29,650,0,0,29,650,California
Inyo,2021-01-01,1,651,0,600,1,51,0,0,1,651,0,0,1,651,California
Inyo,2021-01-03,1,652,0,600,1,52,0,0,1,652,0,0,1,652,California
Inyo,2021-01-04,1,653,1,601,0,52,0,0,1,653,0,0,1,653,California
Inyo,2021-01-05,34,687,0,601,34,86,0,0,34,687,0,0,34,687,California
Inyo,2021-01-06,68,755,0,601,68,154,0,0,68,755,0,0,68,755,California
Inyo,2021-01-07,31,786,1,602,30,184,0,0,31,786,0,0,31,786,California
Inyo,2021-01-08,9,795,8,610,1,185,0,0,4,786,5,5,5,791,California
Inyo,2021-01-09,87,882,86,696,1,186,0,0,1,701,86,91,1,792,California
Inyo,2021-01-10,52,934,52,748,0,186,0,0,0,649,52,143,0,792,California
Inyo,2021-01-11,97,1031,82,830,15,201,0,0,16,584,81,224,16,808,California
Inyo,2021-01-12,139,1170,117,947,22,223,0,0,29,503,110,334,29,837,California
Inyo,2021-01-13,87,1257,69,1016,18,241,0,0,21,459,66,400,22,859,California
Inyo,2021-01-14,59,1316,13,1029,46,287,0,0,49,498,10,410,49,908,California
Inyo,2021-01-15,162,1478,28,1057,134,421,0,0,162,660,0,410,162,1070,California
Inyo,2021-01-16,74,1552,73,1130,1,422,0,0,1,588,73,483,1,1071,California
Inyo,2021-01-18,58,1610,36,1166,22,444,0,0,19,568,39,522,19,1090,California
Inyo,2021-01-19,116,1726,73,1239,43,487,0,0,100,652,16,538,100,1190,California
Inyo,2021-01-20,141,1867,66,1305,75,562,0,0,88,687,53,591,88,1278,California
Inyo,2021-01-21,120,1987,57,1362,63,625,0,0,119,805,1,592,119,1397,California
Inyo,2021-01-22,62,2049,0,1362,62,687,0,0,61,865,1,593,61,1458,California
Inyo,2021-01-23,53,2102,53,1415,0,687,0,0,53,918,0,593,53,1511,California
Inyo,2021-01-25,49,2151,6,1421,43,730,0,0,37,943,12,605,37,1548,California
Inyo,2021-01-26,133,2284,51,1472,82,812,0,0,127,1064,6,611,127,1675,California
Inyo,2021-01-27,23,2307,2,1474,21,833,0,0,22,1085,1,612,22,1697,California
Inyo,2021-01-28,93,2400,2,1476,91,924,0,0,64,1120,29,641,64,1761,California
Inyo,2021-01-29,24,2424,3,1479,21,945,0,0,22,1140,2,643,22,1783,California
Inyo,2021-01-30,11,2435,1,1480,10,955,0,0,11,1151,0,643,11,1794,California
Inyo,2021-01-31,32,2467,4,1484,28,983,0,0,4,1127,28,671,4,1798,California
Inyo,2021-02-01,12,2479,9,1493,3,986,0,0,2,1119,10,681,2,1800,California
Inyo,2021-02-02,130,2609,14,1507,116,1102,0,0,104,1197,26,707,104,1904,California
Inyo,2021-02-03,115,2724,0,1507,115,1217,0,0,73,1228,42,749,73,1977,California
Inyo,2021-02-04,149,2873,31,1538,118,1335,0,0,90,1259,59,808,90,2067,California
Inyo,2021-02-05,118,2991,62,1600,56,1391,0,0,116,1373,2,810,116,2183,California
Inyo,2021-02-06,3,2994,1,1601,2,1393,0,0,2,1374,1,811,2,2185,California
Inyo,2021-02-07,3,2997,1,1602,2,1395,0,0,3,1377,0,811,3,2188,California
Inyo,2021-02-08,117,3114,7,1609,110,1505,0,0,97,1454,20,831,97,2285,California
Inyo,2021-02-09,193,3307,51,1660,142,1647,0,0,122,1505,71,902,122,2407,California
Inyo,2021-02-10,147,3454,16,1676,131,1778,0,0,115,1588,32,934,115,2522,California
Inyo,2021-02-11,218,3672,55,1731,163,1941,0,0,125,1620,93,1027,125,2647,California
Inyo,2021-02-12,302,3974,56,1787,246,2187,0,0,171,1660,131,1158,171,2818,California
Inyo,2021-02-13,60,4034,56,1843,4,2191,0,0,7,1614,53,1211,7,2825,California
Inyo,2021-02-14,1,4035,0,1843,1,2192,0,0,1,1615,0,1211,1,2826,California
Inyo,2021-02-15,29,4064,9,1852,20,2212,0,0,5,1596,24,1235,5,2831,California
Inyo,2021-02-16,180,4244,50,1902,130,2342,0,0,94,1604,86,1321,94,2925,California
Inyo,2021-02-17,37,4281,4,1906,33,2375,0,0,7,1581,30,1351,7,2932,California
Inyo,2021-02-18,119,4400,5,1911,114,2489,0,0,76,1614,43,1394,76,3008,California
Inyo,2021-02-19,52,4452,4,1915,48,2537,0,0,9,1580,43,1437,9,3017,California
Inyo,2021-02-20,502,4954,498,2413,4,2541,0,0,501,2080,1,1438,501,3518,California
Inyo,2021-02-21,267,5221,267,2680,0,2541,0,0,267,2347,0,1438,267,3785,California
Inyo,2021-02-22,60,5281,18,2698,42,2583,0,0,26,2339,34,1472,26,3811,California
Inyo,2021-02-23,196,5477,19,2717,177,2760,0,0,93,2330,102,1574,93,3904,California
Inyo,2021-02-24,116,5593,1,2718,115,2875,0,0,58,2330,58,1632,58,3962,California
Inyo,2021-02-25,130,5723,3,2721,127,3002,0,0,62,2324,68,1700,62,4024,California
Inyo,2021-02-26,104,5827,61,2782,43,3045,0,0,20,2260,84,1784,20,4044,California
Inyo,2021-02-27,14,5841,3,2785,11,3056,0,0,3,2252,11,1795,3,4047,California
Inyo,2021-02-28,2,5843,1,2786,1,3057,0,0,1,2252,1,1796,1,4048,California
Inyo,2021-03-01,23,5866,3,2789,20,3077,0,0,20,2269,3,1799,20,4068,California
Inyo,2021-03-02,188,6054,0,2789,188,3265,0,0,106,2293,82,1881,106,4174,California
Inyo,2021-03-03,82,6136,3,2792,79,3344,0,0,39,2289,43,1924,39,4213,California
Inyo,2021-03-04,122,6258,4,2796,118,3462,0,0,41,2249,81,2005,41,4254,California
Inyo,2021-03-05,148,6406,62,2858,86,3548,0,0,43,2188,104,2109,43,4297,California
Inyo,2021-03-06,29,6435,2,2860,27,3575,0,0,27,2213,2,2111,27,4324,California
Inyo,2021-03-07,7,6442,4,2864,3,3578,0,0,5,2216,2,2113,5,4329,California
Inyo,2021-03-08,173,6615,5,2869,168,3746,0,0,83,2209,90,2203,83,4412,California
Inyo,2021-03-09,179,6794,3,2872,176,3922,0,0,63,2156,116,2319,63,4475,California
Inyo,2021-03-10,68,6862,9,2881,58,3980,1,1,25,2139,43,2362,26,4501,California
Inyo,2021-03-11,181,7043,2,2883,173,4153,6,7,64,2092,116,2478,69,4570,California
Inyo,2021-03-12,100,7143,4,2887,91,4244,5,12,28,2053,72,2550,33,4603,California
Inyo,2021-03-13,562,7705,530,3417,23,4267,9,21,73,1646,489,3039,82,4685,California
Inyo,2021-03-14,431,8136,429,3846,2,4269,0,21,168,1552,262,3301,168,4853,California
Inyo,2021-03-15,51,8187,15,3861,34,4303,2,23,29,1561,22,3323,31,4884,California
Inyo,2021-03-16,157,8344,4,3865,148,4451,5,28,58,1525,99,3422,63,4947,California
Inyo,2021-03-17,92,8436,3,3868,82,4533,7,35,78,1596,14,3436,85,5032,California
Inyo,2021-03-18,165,8601,16,3884,143,4676,6,41,93,1623,72,3508,99,5131,California
Inyo,2021-03-19,27,8628,5,3889,18,4694,4,45,17,1634,10,3518,21,5152,California
Inyo,2021-03-20,22,8650,1,3890,12,4706,9,54,3,1627,19,3537,12,5164,California
Inyo,2021-03-22,50,8700,3,3893,42,4748,5,59,29,1640,21,3558,34,5198,California
Inyo,2021-03-23,189,8889,7,3900,178,4926,4,63,101,1657,88,3646,105,5303,California
Inyo,2021-03-24,134,9023,5,3905,125,5051,4,67,82,1691,52,3698,86,5389,California
Inyo,2021-03-25,331,9354,106,4011,222,5273,3,70,267,1898,64,3762,271,5660,California
Inyo,2021-03-26,92,9446,5,4016,83,5356,4,74,71,1953,20,3782,75,5735,California
Inyo,2021-03-27,53,9499,42,4058,8,5364,3,77,47,1997,6,3788,50,5785,California
Inyo,2021-03-28,3,9502,2,4060,1,5365,0,77,2,1998,1,3789,2,5787,California
Inyo,2021-03-29,103,9605,3,4063,94,5459,6,83,77,2056,25,3814,83,5870,California
Inyo,2021-03-30,210,9815,3,4066,202,5661,5,88,106,2065,104,3918,113,5983,California
Inyo,2021-03-31,37,9852,2,4068,34,5695,1,89,15,2060,22,3940,17,6000,California
Kern,2020-12-15,1,1,1,1,0,0,0,0,1,1,0,0,1,1,California
Kern,2020-12-16,18,19,18,19,0,0,0,0,18,19,0,0,18,19,California
Kern,2020-12-17,164,183,164,183,0,0,0,0,164,183,0,0,164,183,California
Kern,2020-12-18,317,500,317,500,0,0,0,0,317,500,0,0,317,500,California
Kern,2020-12-19,100,600,100,600,0,0,0,0,100,600,0,0,100,600,California
Kern,2020-12-20,61,661,61,661,0,0,0,0,61,661,0,0,61,661,California
Kern,2020-12-21,670,1331,670,1331,0,0,0,0,670,1331,0,0,670,1331,California
Kern,2020-12-22,531,1862,528,1859,3,3,0,0,531,1862,0,0,531,1862,California
Kern,2020-12-23,556,2418,417,2276,139,142,0,0,556,2418,0,0,556,2418,California
Kern,2020-12-24,122,2540,43,2319,79,221,0,0,122,2540,0,0,122,2540,California
Kern,2020-12-25,1,2541,1,2320,0,221,0,0,1,2541,0,0,1,2541,California
Kern,2020-12-26,35,2576,1,2321,34,255,0,0,35,2576,0,0,35,2576,California
Kern,2020-12-27,35,2611,3,2324,32,287,0,0,35,2611,0,0,35,2611,California
Kern,2020-12-28,826,3437,662,2986,164,451,0,0,826,3437,0,0,826,3437,California
Kern,2020-12-29,745,4182,452,3438,293,744,0,0,745,4182,0,0,745,4182,California
Kern,2020-12-30,1200,5382,909,4347,291,1035,0,0,1200,5382,0,0,1200,5382,California
Kern,2020-12-31,277,5659,98,4445,179,1214,0,0,277,5659,0,0,277,5659,California
Kern,2021-01-01,9,5668,6,4451,3,1217,0,0,9,5668,0,0,9,5668,California
Kern,2021-01-02,76,5744,17,4468,59,1276,0,0,76,5744,0,0,76,5744,California
Kern,2021-01-03,23,5767,4,4472,19,1295,0,0,23,5767,0,0,23,5767,California
Kern,2021-01-04,554,6321,360,4832,194,1489,0,0,554,6321,0,0,554,6321,California
Kern,2021-01-05,1129,7450,735,5567,394,1883,0,0,1117,7426,12,12,1117,7438,California
Kern,2021-01-06,1163,8613,452,6019,711,2594,0,0,1133,8529,30,42,1133,8571,California
Kern,2021-01-07,1402,10015,494,6513,908,3502,0,0,1233,9594,168,210,1233,9804,California
Kern,2021-01-08,1626,11641,766,7279,860,4362,0,0,1330,10627,298,508,1331,11135,California
Kern,2021-01-09,226,11867,76,7355,150,4512,0,0,192,10785,34,542,192,11327,California
Kern,2021-01-10,190,12057,145,7500,45,4557,0,0,149,10893,41,583,149,11476,California
Kern,2021-01-11,1549,13606,981,8481,568,5125,0,0,997,11338,552,1135,997,12473,California
Kern,2021-01-12,1869,15475,811,9292,1058,6183,0,0,1358,12185,511,1646,1358,13831,California
Kern,2021-01-13,1855,17330,867,10159,988,7171,0,0,1432,13194,423,2069,1432,15263,California
Kern,2021-01-14,2177,19507,643,10802,1534,8705,0,0,2131,15279,47,2116,2132,17395,California
Kern,2021-01-15,2701,22208,858,11660,1843,10548,0,0,2604,17789,95,2211,2605,20000,California
Kern,2021-01-16,666,22874,210,11870,456,11004,0,0,632,18387,34,2245,632,20632,California
Kern,2021-01-17,73,22947,7,11877,66,11070,0,0,71,18456,2,2247,71,20703,California
Kern,2021-01-18,1646,24593,659,12536,987,12057,0,0,1476,19762,170,2417,1476,22179,California
Kern,2021-01-19,1846,26439,1029,13565,817,12874,0,0,1379,20675,467,2884,1380,23559,California
Kern,2021-01-20,2439,28878,1505,15070,934,13808,0,0,1815,21873,619,3503,1817,25376,California
Kern,2021-01-21,2153,31031,918,15988,1235,15043,0,0,1960,23641,192,3695,1960,27336,California
Kern,2021-01-22,2700,33731,1289,17277,1411,16454,0,0,2425,25792,274,3969,2425,29761,California
Kern,2021-01-23,1245,34976,531,17808,714,17168,0,0,1199,26945,46,4015,1199,30960,California
Kern,2021-01-24,160,35136,19,17827,141,17309,0,0,155,27095,5,4020,155,31115,California
Kern,2021-01-25,2376,37512,1081,18908,1295,18604,0,0,1892,28506,483,4503,1894,33009,California
Kern,2021-01-26,2732,40244,1109,20017,1623,20227,0,0,1882,29540,849,5352,1883,34892,California
Kern,2021-01-27,3548,43792,1894,21911,1654,21881,0,0,2850,31693,697,6049,2850,37742,California
Kern,2021-01-28,2838,46630,1343,23254,1495,23376,0,0,2411,33681,424,6473,2412,40154,California
Kern,2021-01-29,3747,50377,1788,25042,1959,25335,0,0,3208,36353,536,7009,3208,43362,California
Kern,2021-01-30,1323,51700,495,25537,828,26163,0,0,1276,37584,45,7054,1276,44638,California
Kern,2021-01-31,400,52100,274,25811,126,26289,0,0,267,37718,133,7187,267,44905,California
Kern,2021-02-01,2406,54506,817,26628,1589,27878,0,0,1856,39028,547,7734,1857,46762,California
Kern,2021-02-02,2910,57416,975,27603,1935,29813,0,0,2053,40225,857,8591,2054,48816,California
Kern,2021-02-03,3655,61071,1549,29152,2106,31919,0,0,2687,41953,960,9551,2688,51504,California
Kern,2021-02-04,3785,64856,1444,30596,2341,34260,0,0,2572,43324,1202,10753,2573,54077,California
Kern,2021-02-05,4840,69696,1990,32586,2850,37110,0,0,3083,44670,1738,12491,3084,57161,California
Kern,2021-02-06,1733,71429,762,33348,971,38081,0,0,1513,45966,217,12708,1513,58674,California
Kern,2021-02-07,281,71710,149,33497,132,38213,0,0,267,46221,12,12720,267,58941,California
Kern,2021-02-08,2564,74274,788,34285,1776,39989,0,0,1261,46197,1285,14005,1261,60202,California
Kern,2021-02-09,3019,77293,985,35270,2034,42023,0,0,1465,46115,1547,15552,1465,61667,California
Kern,2021-02-10,3733,81026,1649,36919,2084,44107,0,0,1891,46182,1825,17377,1892,63559,California
Kern,2021-02-11,4263,85289,1539,38458,2724,46831,0,0,2230,46392,2020,19397,2230,65789,California
Kern,2021-02-12,4941,90230,1868,40326,3073,49904,0,0,2467,46400,2459,21856,2467,68256,California
Kern,2021-02-13,1985,92215,701,41027,1284,51188,0,0,1158,46733,825,22681,1158,69414,California
Kern,2021-02-14,352,92567,13,41040,339,51527,0,0,271,46924,80,22761,271,69685,California
Kern,2021-02-15,2718,95285,883,41923,1835,53362,0,0,1198,46610,1512,24273,1198,70883,California
Kern,2021-02-16,2940,98225,718,42641,2222,55584,0,0,1659,46998,1271,25544,1659,72542,California
Kern,2021-02-17,4058,102283,2071,44712,1987,57571,0,0,1933,46812,2120,27664,1934,74476,California
Kern,2021-02-18,3727,106010,1468,46180,2259,59830,0,0,1610,46317,2105,29769,1610,76086,California
Kern,2021-02-19,4172,110182,1902,48082,2270,62100,0,0,1734,45618,2433,32202,1734,77820,California
Kern,2021-02-20,2535,112717,954,49036,1581,63681,0,0,1304,45696,1227,33429,1305,79125,California
Kern,2021-02-21,223,112940,118,49154,105,63786,0,0,77,45629,144,33573,77,79202,California
Kern,2021-02-22,2638,115578,1136,50290,1502,65288,0,0,1432,45860,1201,34774,1432,80634,California
Kern,2021-02-23,3512,119090,1111,51401,2401,67689,0,0,1970,46290,1540,36314,1970,82604,California
Kern,2021-02-24,5111,124201,2264,53665,2847,70536,0,0,3032,47247,2075,38389,3032,85636,California
Kern,2021-02-25,5302,129503,2441,56106,2861,73397,0,0,3143,48250,2140,40529,3143,88779,California
Kern,2021-02-26,6763,136266,3476,59582,3287,76684,0,0,4310,50113,2447,42976,4310,93089,California
Kern,2021-02-27,3806,140072,1858,61440,1948,78632,0,0,2499,51316,1299,44275,2502,95591,California
Kern,2021-02-28,909,140981,500,61940,409,79041,0,0,692,51793,215,44490,692,96283,California
Kern,2021-03-01,3892,144873,1795,63735,2097,81138,0,0,2626,53158,1262,45752,2627,98910,California
Kern,2021-03-02,4275,149148,1350,65085,2924,84062,1,1,2789,54469,1478,47230,2789,101699,California
Kern,2021-03-03,5573,154721,2638,67723,2934,86996,1,2,3522,55954,2038,49268,3523,105222,California
Kern,2021-03-04,5058,159779,1979,69702,3077,90073,2,4,3361,57633,1685,50953,3364,108586,California
Kern,2021-03-05,6003,165782,2630,72332,3356,93429,17,21,3830,59316,2164,53117,3847,112433,California
Kern,2021-03-06,4279,170061,1864,74196,2321,95750,94,115,3177,61496,1096,54213,3276,115709,California
Kern,2021-03-07,2017,172078,1576,75772,393,96143,48,163,1829,63186,187,54400,1877,117586,California
Kern,2021-03-08,2653,174731,826,76598,1624,97767,203,366,1369,63475,1281,55681,1570,119156,California
Kern,2021-03-09,3382,178113,735,77333,2322,100089,325,691,2052,64525,1326,57007,2376,121532,California
Kern,2021-03-10,5575,183688,2376,79709,2285,102374,914,1605,3218,66312,2346,59353,4133,125665,California
Kern,2021-03-11,5654,189342,2147,81856,2716,105090,791,2396,3394,68245,2252,61605,4185,129850,California
Kern,2021-03-12,6414,195756,2550,84406,3029,108119,835,3231,3715,70102,2691,64296,4548,134398,California
Kern,2021-03-13,3984,199740,2130,86536,1530,109649,324,3555,2721,71888,1259,65555,3045,137443,California
Kern,2021-03-14,2077,201817,1379,87915,465,110114,233,3788,1648,73341,427,65982,1880,139323,California
Kern,2021-03-15,4027,205844,1008,88923,2363,112477,656,4444,2066,74113,1951,67933,2723,142046,California
Kern,2021-03-16,4189,210033,968,89891,2713,115190,508,4952,2233,74907,1945,69878,2739,144785,California
Kern,2021-03-17,6782,216815,3598,93489,2727,117917,457,5409,4094,76782,2676,72554,4551,149336,California
Kern,2021-03-18,6249,223064,3147,96636,2577,120494,525,5934,3712,78501,2518,75072,4237,153573,California
Kern,2021-03-19,7503,230567,4335,100971,2638,123132,530,6464,3907,79360,3580,78652,4439,158012,California
Kern,2021-03-20,3930,234497,2357,103328,1455,124587,118,6582,2556,80673,1368,80020,2681,160693,California
Kern,2021-03-21,2824,237321,1691,105019,262,124849,871,7453,1649,82024,1170,81190,2521,163214,California
Kern,2021-03-22,3814,241135,1519,106538,1981,126830,314,7767,1884,82300,1924,83114,2200,165414,California
Kern,2021-03-23,4407,245542,1522,108060,2718,129548,167,7934,2400,82909,1977,85091,2586,168000,California
Kern,2021-03-24,6870,252412,3484,111544,2934,132482,452,8386,3621,83765,3234,88325,4090,172090,California
Kern,2021-03-25,6424,258836,2767,114311,3346,135828,311,8697,3214,84106,3195,91520,3536,175626,California
Kern,2021-03-26,8818,267654,4099,118410,3678,139506,1041,9738,4326,85029,4472,95992,5395,181021,California
Kern,2021-03-27,5309,272963,3632,122042,1559,141065,118,9856,3250,86360,2049,98041,3380,184401,California
Kern,2021-03-28,4096,277059,3626,125668,460,141525,10,9866,2566,87421,1525,99566,2586,186987,California
Kern,2021-03-29,3999,281058,1559,127227,2167,143692,273,10139,2509,88740,1478,101044,2797,189784,California
Kern,2021-03-30,4849,285907,1663,128890,2904,146596,282,10421,2906,90035,1935,102979,3230,193014,California
Kern,2021-03-31,4553,290460,2281,131171,1856,148452,416,10837,2379,90690,2169,105148,2824,195838,California
Kings,2020-12-16,1,1,1,1,0,0,0,0,1,1,0,0,1,1,California
Kings,2020-12-17,8,9,8,9,0,0,0,0,8,9,0,0,8,9,California
Kings,2020-12-18,12,21,12,21,0,0,0,0,12,21,0,0,12,21,California
Kings,2020-12-19,11,32,11,32,0,0,0,0,11,32,0,0,11,32,California
Kings,2020-12-20,13,45,13,45,0,0,0,0,13,45,0,0,13,45,California
Kings,2020-12-21,154,199,154,199,0,0,0,0,271,316,0,0,271,316,California
Kings,2020-12-22,143,342,143,342,0,0,0,0,140,456,0,0,140,456,California
Kings,2020-12-23,134,476,122,464,12,12,0,0,135,591,0,0,135,591,California
Kings,2020-12-24,11,487,9,473,2,14,0,0,11,602,0,0,11,602,California
Kings,2020-12-26,7,494,4,477,3,17,0,0,7,609,0,0,7,609,California
Kings,2020-12-27,4,498,4,481,0,17,0,0,4,613,0,0,4,613,California
Kings,2020-12-28,131,629,103,584,28,45,0,0,132,745,0,0,132,745,California
Kings,2020-12-29,78,707,51,635,27,72,0,0,79,824,0,0,79,824,California
Kings,2020-12-30,147,854,108,743,39,111,0,0,147,971,0,0,147,971,California
Kings,2020-12-31,43,897,6,749,37,148,0,0,43,1014,0,0,43,1014,California
Kings,2021-01-01,1,898,0,749,1,149,0,0,1,1015,0,0,1,1015,California
Kings,2021-01-02,10,908,9,758,1,150,0,0,10,1025,0,0,10,1025,California
Kings,2021-01-04,112,1020,41,799,71,221,0,0,112,1137,0,0,112,1137,California
Kings,2021-01-05,197,1217,39,838,158,379,0,0,197,1334,0,0,197,1334,California
Kings,2021-01-06,275,1492,178,1016,97,476,0,0,272,1603,3,3,272,1606,California
Kings,2021-01-07,179,1671,82,1098,97,573,0,0,171,1766,8,11,171,1777,California
Kings,2021-01-08,247,1918,54,1152,193,766,0,0,228,1975,19,30,228,2005,California
Kings,2021-01-09,63,1981,9,1161,54,820,0,0,55,2022,8,38,55,2060,California
Kings,2021-01-10,15,1996,3,1164,12,832,0,0,12,2031,3,41,12,2072,California
Kings,2021-01-11,518,2514,356,1520,162,994,0,0,274,2062,244,285,275,2347,California
Kings,2021-01-12,352,2866,255,1775,97,1091,0,0,218,2149,131,416,218,2565,California
Kings,2021-01-13,413,3279,266,2041,147,1238,0,0,322,2380,91,507,322,2887,California
Kings,2021-01-14,210,3489,31,2072,179,1417,0,0,200,2560,21,528,201,3088,California
Kings,2021-01-15,415,3904,28,2100,387,1804,0,0,403,2951,12,540,403,3491,California
Kings,2021-01-16,31,3935,12,2112,19,1823,0,0,30,2980,1,541,30,3521,California
Kings,2021-01-17,8,3943,5,2117,3,1826,0,0,6,2984,2,543,6,3527,California
Kings,2021-01-18,172,4115,40,2157,132,1958,0,0,146,3104,26,569,146,3673,California
Kings,2021-01-19,376,4491,158,2315,218,2176,0,0,248,3224,128,697,248,3921,California
Kings,2021-01-20,224,4715,135,2450,89,2265,0,0,119,3242,101,798,119,4040,California
Kings,2021-01-21,185,4900,32,2482,153,2418,0,0,171,3397,16,814,171,4211,California
Kings,2021-01-22,126,5026,39,2521,87,2505,0,0,125,3517,5,819,125,4336,California
Kings,2021-01-23,26,5052,14,2535,12,2517,0,0,20,3531,6,825,20,4356,California
Kings,2021-01-24,3,5055,3,2538,0,2517,0,0,1,3530,2,827,1,4357,California
Kings,2021-01-25,123,5178,25,2563,98,2615,0,0,90,3587,33,860,90,4447,California
Kings,2021-01-26,153,5331,34,2597,119,2734,0,0,114,3662,39,899,114,4561,California
Kings,2021-01-27,316,5647,34,2631,282,3016,0,0,246,3839,69,968,246,4807,California
Kings,2021-01-28,323,5970,47,2678,276,3292,0,0,269,4054,54,1022,269,5076,California
Kings,2021-01-29,85,6055,26,2704,59,3351,0,0,68,4105,17,1039,68,5144,California
Kings,2021-01-30,1539,7594,31,2735,1508,4859,0,0,1537,5641,2,1041,1538,6682,California
Kings,2021-02-01,197,7791,63,2798,134,4993,0,0,70,5586,125,1166,70,6752,California
Kings,2021-02-02,223,8014,13,2811,210,5203,0,0,80,5524,142,1308,80,6832,California
Kings,2021-02-03,352,8366,193,3004,159,5362,0,0,198,5569,153,1461,198,7030,California
Kings,2021-02-04,392,8758,98,3102,294,5656,0,0,196,5569,196,1657,196,7226,California
Kings,2021-02-05,254,9012,12,3114,242,5898,0,0,101,5518,152,1809,101,7327,California
Kings,2021-02-06,58,9070,10,3124,48,5946,0,0,26,5512,32,1841,26,7353,California
Kings,2021-02-07,5,9075,3,3127,2,5948,0,0,3,5513,2,1843,3,7356,California
Kings,2021-02-08,171,9246,29,3156,142,6090,0,0,70,5482,101,1944,70,7426,California
Kings,2021-02-09,252,9498,57,3213,195,6285,0,0,109,5450,141,2085,109,7535,California
Kings,2021-02-10,286,9784,113,3326,173,6458,0,0,175,5514,111,2196,175,7710,California
Kings,2021-02-11,416,10200,64,3390,352,6810,0,0,304,5707,111,2307,304,8014,California
Kings,2021-02-12,608,10808,36,3426,572,7382,0,0,344,5787,264,2571,344,8358,California
Kings,2021-02-13,102,10910,6,3432,96,7478,0,0,77,5839,25,2596,77,8435,California
Kings,2021-02-14,103,11013,5,3437,98,7576,0,0,96,5928,7,2603,96,8531,California
Kings,2021-02-15,245,11258,4,3441,241,7817,0,0,137,5958,107,2710,137,8668,California
Kings,2021-02-16,482,11740,32,3473,450,8267,0,0,249,5975,232,2942,249,8917,California
Kings,2021-02-17,377,12117,22,3495,355,8622,0,0,241,6080,136,3078,241,9158,California
Kings,2021-02-18,153,12270,22,3517,131,8753,0,0,99,6125,54,3132,99,9257,California
Kings,2021-02-19,157,12427,22,3539,135,8888,0,0,101,6173,53,3185,101,9358,California
Kings,2021-02-20,170,12597,41,3580,129,9017,0,0,133,6269,37,3222,133,9491,California
Kings,2021-02-21,1,12598,0,3580,1,9018,0,0,1,6270,0,3222,1,9492,California
Kings,2021-02-22,106,12704,17,3597,89,9107,0,0,47,6258,59,3281,47,9539,California
Kings,2021-02-23,289,12993,71,3668,218,9325,0,0,172,6313,117,3398,172,9711,California
Kings,2021-02-24,589,13582,153,3821,436,9761,0,0,378,6480,211,3609,378,10089,California
Kings,2021-02-25,660,14242,110,3931,550,10311,0,0,443,6708,215,3824,443,10532,California
Kings,2021-02-26,652,14894,130,4061,522,10833,0,0,590,7237,61,3885,590,11122,California
Kings,2021-02-27,1495,16389,60,4121,1435,12268,0,0,568,6881,926,4811,570,11692,California
Kings,2021-02-28,1164,17553,591,4712,573,12841,0,0,668,7054,495,5306,668,12360,California
Kings,2021-03-01,257,17810,78,4790,179,13020,0,0,213,7223,44,5350,213,12573,California
Kings,2021-03-02,459,18269,202,4992,257,13277,0,0,411,7586,48,5398,411,12984,California
Kings,2021-03-03,571,18840,285,5277,286,13563,0,0,396,7808,174,5572,396,13380,California
Kings,2021-03-04,664,19504,319,5596,345,13908,0,0,572,8288,92,5664,572,13952,California
Kings,2021-03-05,924,20428,322,5918,593,14501,9,9,808,8990,116,5780,818,14770,California
Kings,2021-03-06,503,20931,187,6105,303,14804,13,22,473,9447,30,5810,487,15257,California
Kings,2021-03-07,299,21230,162,6267,133,14937,4,26,291,9734,8,5818,295,15552,California
Kings,2021-03-08,323,21553,85,6352,189,15126,49,75,220,9899,103,5921,268,15820,California
Kings,2021-03-09,417,21970,145,6497,219,15345,53,128,315,10166,102,6023,369,16189,California
Kings,2021-03-10,408,22378,107,6604,257,15602,44,172,286,10375,120,6143,329,16518,California
Kings,2021-03-11,911,23289,267,6871,538,16140,106,278,552,10680,356,6499,661,17179,California
Kings,2021-03-12,1171,24460,355,7226,731,16871,85,363,814,11225,356,6855,901,18080,California
Kings,2021-03-13,601,25061,331,7557,228,17099,42,405,515,11698,86,6941,559,18639,California
Kings,2021-03-14,588,25649,77,7634,137,17236,374,779,168,11821,420,7361,543,19182,California
Kings,2021-03-15,587,26236,171,7805,302,17538,114,893,355,12060,232,7593,471,19653,California
Kings,2021-03-16,1035,27271,434,8239,537,18075,64,957,694,12481,338,7931,759,20412,California
Kings,2021-03-17,1019,28290,370,8609,590,18665,59,1016,721,12971,298,8229,788,21200,California
Kings,2021-03-18,936,29226,406,9015,349,19014,181,1197,663,13544,273,8502,846,22046,California
Kings,2021-03-19,810,30036,402,9417,343,19357,65,1262,636,14080,174,8676,710,22756,California
Kings,2021-03-20,491,30527,212,9629,254,19611,25,1287,361,14345,127,8803,392,23148,California
Kings,2021-03-21,1365,31892,1084,10713,269,19880,12,1299,811,14615,554,9357,824,23972,California
Kings,2021-03-22,454,32346,209,10922,165,20045,80,1379,279,14803,175,9532,363,24335,California
Kings,2021-03-23,872,33218,482,11404,332,20377,58,1437,561,15116,309,9841,622,24957,California
Kings,2021-03-24,892,34110,457,11861,411,20788,24,1461,497,15246,394,10235,524,25481,California
Kings,2021-03-25,851,34961,416,12277,410,21198,25,1486,428,15278,421,10656,453,25934,California
Kings,2021-03-26,1276,36237,376,12653,813,22011,87,1573,523,15142,748,11404,612,26546,California
Kings,2021-03-27,617,36854,246,12899,357,22368,14,1587,170,14883,446,11850,187,26733,California
Kings,2021-03-28,503,37357,439,13338,63,22431,1,1588,336,15061,167,12017,345,27078,California
Kings,2021-03-29,423,37780,180,13518,185,22616,58,1646,237,15174,184,12201,297,27375,California
Kings,2021-03-30,713,38493,401,13919,275,22891,37,1683,455,15411,257,12458,494,27869,California
Kings,2021-03-31,265,38758,120,14039,107,22998,38,1721,149,15488,114,12572,191,28060,California
Lake,2020-12-17,4,4,4,4,0,0,0,0,4,4,0,0,4,4,California
Lake,2020-12-18,51,55,51,55,0,0,0,0,51,55,0,0,51,55,California
Lake,2020-12-19,3,58,3,58,0,0,0,0,3,58,0,0,3,58,California
Lake,2020-12-20,6,64,6,64,0,0,0,0,6,64,0,0,6,64,California
Lake,2020-12-21,50,114,50,114,0,0,0,0,50,114,0,0,50,114,California
Lake,2020-12-22,63,177,60,174,3,3,0,0,63,177,0,0,63,177,California
Lake,2020-12-23,91,268,83,257,8,11,0,0,91,268,0,0,91,268,California
Lake,2020-12-24,2,270,0,257,2,13,0,0,2,270,0,0,2,270,California
Lake,2020-12-26,2,272,2,259,0,13,0,0,2,272,0,0,2,272,California
Lake,2020-12-27,2,274,2,261,0,13,0,0,2,274,0,0,2,274,California
Lake,2020-12-28,52,326,43,304,9,22,0,0,52,326,0,0,52,326,California
Lake,2020-12-29,14,340,9,313,5,27,0,0,14,340,0,0,14,340,California
Lake,2020-12-30,89,429,82,395,7,34,0,0,89,429,0,0,89,429,California
Lake,2020-12-31,67,496,64,459,3,37,0,0,67,496,0,0,67,496,California
Lake,2021-01-01,1,497,0,459,1,38,0,0,1,497,0,0,1,497,California
Lake,2021-01-02,2,499,1,460,1,39,0,0,2,499,0,0,2,499,California
Lake,2021-01-04,65,564,1,461,64,103,0,0,65,564,0,0,65,564,California
Lake,2021-01-05,80,644,59,520,21,124,0,0,78,640,2,2,78,642,California
Lake,2021-01-06,83,727,65,585,18,142,0,0,81,719,2,4,81,723,California
Lake,2021-01-07,69,796,49,634,20,162,0,0,65,780,4,8,65,788,California
Lake,2021-01-08,143,939,124,758,19,181,0,0,91,819,52,60,91,879,California
Lake,2021-01-09,62,1001,60,818,2,183,0,0,58,873,4,64,58,937,California
Lake,2021-01-10,3,1004,3,821,0,183,0,0,0,870,3,67,0,937,California
Lake,2021-01-11,161,1165,119,940,42,225,0,0,113,935,48,115,113,1050,California
Lake,2021-01-12,79,1244,48,988,31,256,0,0,55,966,24,139,55,1105,California
Lake,2021-01-13,126,1370,74,1062,52,308,0,0,96,1032,30,169,96,1201,California
Lake,2021-01-14,136,1506,35,1097,101,409,0,0,115,1126,21,190,115,1316,California
Lake,2021-01-15,216,1722,93,1190,123,532,0,0,189,1288,27,217,189,1505,California
Lake,2021-01-16,135,1857,83,1273,52,584,0,0,133,1419,2,219,133,1638,California
Lake,2021-01-17,18,1875,6,1279,12,596,0,0,12,1425,6,225,12,1650,California
Lake,2021-01-18,244,2119,224,1503,20,616,0,0,126,1433,118,343,126,1776,California
Lake,2021-01-19,277,2396,84,1587,193,809,0,0,263,1683,14,357,264,2040,California
Lake,2021-01-20,385,2781,44,1631,341,1150,0,0,356,2010,29,386,356,2396,California
Lake,2021-01-21,316,3097,48,1679,268,1418,0,0,283,2260,33,419,283,2679,California
Lake,2021-01-22,318,3415,45,1724,273,1691,0,0,282,2506,36,455,282,2961,California
Lake,2021-01-23,122,3537,5,1729,117,1808,0,0,121,2626,1,456,121,3082,California
Lake,2021-01-24,4,3541,1,1730,3,1811,0,0,4,2630,0,456,4,3086,California
Lake,2021-01-25,235,3776,73,1803,162,1973,0,0,177,2749,58,514,177,3263,California
Lake,2021-01-26,425,4201,35,1838,390,2363,0,0,402,3128,23,537,402,3665,California
Lake,2021-01-27,357,4558,39,1877,318,2681,0,0,331,3433,26,563,331,3996,California
Lake,2021-01-28,467,5025,130,2007,337,3018,0,0,366,3698,101,664,366,4362,California
Lake,2021-01-29,636,5661,82,2089,554,3572,0,0,576,4214,60,724,576,4938,California
Lake,2021-01-30,557,6218,45,2134,512,4084,0,0,550,4758,7,731,551,5489,California
Lake,2021-01-31,13,6231,8,2142,5,4089,0,0,12,4769,1,732,12,5501,California
Lake,2021-02-01,176,6407,17,2159,159,4248,0,0,165,4923,11,743,165,5666,California
Lake,2021-02-02,538,6945,154,2313,384,4632,0,0,401,5187,137,880,401,6067,California
Lake,2021-02-03,422,7367,26,2339,396,5028,0,0,348,5461,74,954,348,6415,California
Lake,2021-02-04,100,7467,55,2394,45,5073,0,0,71,5503,29,983,71,6486,California
Lake,2021-02-05,368,7835,68,2462,300,5373,0,0,288,5713,78,1061,288,6774,California
Lake,2021-02-06,282,8117,43,2505,239,5612,0,0,270,5971,12,1073,270,7044,California
Lake,2021-02-07,2,8119,1,2506,1,5613,0,0,2,5973,0,1073,2,7046,California
Lake,2021-02-08,275,8394,206,2712,69,5682,0,0,157,6012,118,1191,157,7203,California
Lake,2021-02-09,340,8734,21,2733,319,6001,0,0,301,6274,39,1230,301,7504,California
Lake,2021-02-10,351,9085,53,2786,298,6299,0,0,274,6471,77,1307,274,7778,California
Lake,2021-02-11,172,9257,19,2805,153,6452,0,0,60,6419,112,1419,60,7838,California
Lake,2021-02-12,372,9629,29,2834,343,6795,0,0,285,6617,87,1506,285,8123,California
Lake,2021-02-13,253,9882,8,2842,245,7040,0,0,242,6848,11,1517,242,8365,California
Lake,2021-02-14,21,9903,4,2846,17,7057,0,0,8,6843,13,1530,8,8373,California
Lake,2021-02-15,171,10074,12,2858,159,7216,0,0,7,6687,163,1693,7,8380,California
Lake,2021-02-16,413,10487,19,2877,394,7610,0,0,171,6616,242,1935,171,8551,California
Lake,2021-02-17,351,10838,54,2931,297,7907,0,0,73,6412,277,2212,73,8624,California
Lake,2021-02-18,450,11288,68,2999,382,8289,0,0,116,6194,334,2546,116,8740,California
Lake,2021-02-19,414,11702,26,3025,388,8677,0,0,92,5964,322,2868,92,8832,California
Lake,2021-02-20,289,11991,58,3083,231,8908,0,0,247,6169,42,2910,247,9079,California
Lake,2021-02-21,6,11997,6,3089,0,8908,0,0,0,6163,6,2916,0,9079,California
Lake,2021-02-22,136,12133,22,3111,114,9022,0,0,41,6109,95,3011,41,9120,California
Lake,2021-02-23,210,12343,13,3124,197,9219,0,0,25,5949,185,3196,25,9145,California
Lake,2021-02-24,953,13296,376,3500,577,9796,0,0,417,5830,536,3732,417,9562,California
Lake,2021-02-25,722,14018,457,3957,265,10061,0,0,471,6052,249,3981,471,10033,California
Lake,2021-02-26,994,15012,307,4264,687,10748,0,0,347,5756,643,4624,347,10380,California
Lake,2021-02-27,398,15410,95,4359,303,11051,0,0,316,5990,82,4706,316,10696,California
Lake,2021-02-28,18,15428,12,4371,6,11057,0,0,10,5992,8,4714,10,10706,California
Lake,2021-03-01,593,16021,53,4424,540,11597,0,0,441,6281,152,4866,441,11147,California
Lake,2021-03-02,753,16774,17,4441,736,12333,0,0,289,6106,464,5330,289,11436,California
Lake,2021-03-03,350,17124,192,4633,158,12491,0,0,128,6012,222,5552,128,11564,California
Lake,2021-03-04,543,17667,474,5107,69,12560,0,0,530,6529,13,5565,530,12094,California
Lake,2021-03-05,816,18483,29,5136,787,13347,0,0,117,5950,696,6261,117,12211,California
Lake,2021-03-06,38,18521,10,5146,27,13374,1,1,23,5959,15,6276,24,12235,California
Lake,2021-03-07,7,18528,5,5151,2,13376,0,1,3,5958,4,6280,3,12238,California
Lake,2021-03-08,310,18838,243,5394,58,13434,9,10,272,6201,38,6318,281,12519,California
Lake,2021-03-09,894,19732,29,5423,852,14286,13,23,377,6075,516,6834,390,12909,California
Lake,2021-03-10,198,19930,60,5483,131,14417,7,30,137,6158,61,6895,144,13053,California
Lake,2021-03-11,554,20484,50,5533,62,14479,442,472,52,6150,502,7397,494,13547,California
Lake,2021-03-12,829,21313,183,5716,622,15101,24,496,336,6019,491,7888,360,13907,California
Lake,2021-03-13,189,21502,19,5735,18,15119,152,648,17,6017,170,8058,168,14075,California
Lake,2021-03-14,14,21516,3,5738,10,15129,1,649,8,6020,6,8064,9,14084,California
Lake,2021-03-15,586,22102,12,5750,554,15683,20,669,427,6308,159,8223,447,14531,California
Lake,2021-03-16,1072,23174,813,6563,242,15925,17,686,423,6102,646,8869,440,14971,California
Lake,2021-03-17,235,23409,117,6680,100,16025,18,704,81,6047,154,9023,99,15070,California
Lake,2021-03-18,658,24067,338,7018,287,16312,33,737,297,6016,360,9383,329,15399,California
Lake,2021-03-19,395,24462,172,7190,212,16524,11,748,311,6255,83,9466,322,15721,California
Lake,2021-03-20,73,24535,11,7201,60,16584,2,750,21,6227,51,9517,23,15744,California
Lake,2021-03-21,19,24554,14,7215,4,16588,1,751,12,6233,7,9524,13,15757,California
Lake,2021-03-22,310,24864,231,7446,65,16653,14,765,225,6387,85,9609,239,15996,California
Lake,2021-03-23,407,25271,20,7466,373,17026,14,779,346,6687,60,9669,360,16356,California
Lake,2021-03-24,422,25693,68,7534,347,17373,7,786,326,6928,94,9763,335,16691,California
Lake,2021-03-25,613,26306,440,7974,168,17541,5,791,167,6656,445,10208,173,16864,California
Lake,2021-03-26,78,26384,39,8013,38,17579,1,792,55,6689,23,10231,56,16920,California
Lake,2021-03-27,299,26683,10,8023,286,17865,3,795,22,6440,275,10506,26,16946,California
Lake,2021-03-28,14,26697,5,8028,8,17873,1,796,6,6439,8,10514,7,16953,California
Lake,2021-03-29,877,27574,243,8271,632,18505,2,798,193,5954,682,11196,197,17150,California
Lake,2021-03-30,424,27998,302,8573,119,18624,3,801,357,6247,67,11263,360,17510,California
Lake,2021-03-31,304,28302,15,8588,289,18913,0,801,253,6454,51,11314,258,17768,California
Lassen,2020-12-16,8,8,8,8,0,0,0,0,8,8,0,0,8,8,California
Lassen,2020-12-17,6,14,6,14,0,0,0,0,6,14,0,0,6,14,California
Lassen,2020-12-18,1,15,1,15,0,0,0,0,1,15,0,0,1,15,California
Lassen,2020-12-19,5,20,5,20,0,0,0,0,5,20,0,0,5,20,California
Lassen,2020-12-20,2,22,2,22,0,0,0,0,2,22,0,0,2,22,California
Lassen,2020-12-21,11,33,11,33,0,0,0,0,11,33,0,0,11,33,California
Lassen,2020-12-22,23,56,23,56,0,0,0,0,23,56,0,0,23,56,California
Lassen,2020-12-23,6,62,6,62,0,0,0,0,6,62,0,0,6,62,California
Lassen,2020-12-24,11,73,11,73,0,0,0,0,11,73,0,0,11,73,California
Lassen,2020-12-28,3,76,2,75,1,1,0,0,3,76,0,0,3,76,California
Lassen,2020-12-29,35,111,35,110,0,1,0,0,35,111,0,0,35,111,California
Lassen,2020-12-30,37,148,36,146,1,2,0,0,37,148,0,0,37,148,California
Lassen,2020-12-31,51,199,42,188,9,11,0,0,51,199,0,0,51,199,California
Lassen,2021-01-02,1,200,0,188,1,12,0,0,1,200,0,0,1,200,California
Lassen,2021-01-04,15,215,1,189,14,26,0,0,15,215,0,0,15,215,California
Lassen,2021-01-05,194,409,53,242,141,167,0,0,194,409,0,0,194,409,California
Lassen,2021-01-06,94,503,42,284,52,219,0,0,86,488,8,8,87,496,California
Lassen,2021-01-07,43,546,7,291,36,255,0,0,37,519,6,14,37,533,California
Lassen,2021-01-08,50,596,2,293,48,303,0,0,50,569,0,14,50,583,California
Lassen,2021-01-09,12,608,6,299,6,309,0,0,12,581,0,14,12,595,California
Lassen,2021-01-11,27,635,5,304,22,331,0,0,27,608,0,14,27,622,California
Lassen,2021-01-12,50,685,30,334,20,351,0,0,31,620,19,33,31,653,California
Lassen,2021-01-13,161,846,18,352,143,494,0,0,146,751,15,48,146,799,California
Lassen,2021-01-14,161,1007,18,370,143,637,0,0,149,888,12,60,149,948,California
Lassen,2021-01-15,33,1040,6,376,27,664,0,0,33,921,0,60,33,981,California
Lassen,2021-01-16,34,1074,33,409,1,665,0,0,34,955,0,60,34,1015,California
Lassen,2021-01-17,1,1075,0,409,1,666,0,0,1,956,0,60,1,1016,California
Lassen,2021-01-18,5,1080,2,411,3,669,0,0,4,959,1,61,4,1020,California
Lassen,2021-01-19,186,1266,36,447,150,819,0,0,158,1089,28,89,158,1178,California
Lassen,2021-01-20,187,1453,100,547,87,906,0,0,103,1123,69,158,103,1281,California
Lassen,2021-01-21,145,1598,94,641,51,957,0,0,120,1225,18,176,120,1401,California
Lassen,2021-01-22,32,1630,19,660,13,970,0,0,22,1237,10,186,22,1423,California
Lassen,2021-01-23,1,1631,0,660,1,971,0,0,1,1238,0,186,1,1424,California
Lassen,2021-01-24,1,1632,0,660,1,972,0,0,1,1239,0,186,1,1425,California
Lassen,2021-01-25,11,1643,0,660,11,983,0,0,11,1250,0,186,11,1436,California
Lassen,2021-01-26,126,1769,12,672,114,1097,0,0,122,1368,4,190,122,1558,California
Lassen,2021-01-27,80,1849,28,700,52,1149,0,0,64,1416,16,206,64,1622,California
Lassen,2021-01-28,85,1934,14,714,71,1220,0,0,84,1499,1,207,84,1706,California
Lassen,2021-01-29,23,1957,7,721,16,1236,0,0,22,1520,1,208,22,1728,California
Lassen,2021-02-01,63,2020,4,725,59,1295,0,0,36,1529,27,235,36,1764,California
Lassen,2021-02-02,177,2197,11,736,166,1461,0,0,43,1438,134,369,43,1807,California
Lassen,2021-02-03,99,2296,22,758,77,1538,0,0,54,1447,45,414,54,1861,California
Lassen,2021-02-04,112,2408,15,773,97,1635,0,0,63,1461,49,463,63,1924,California
Lassen,2021-02-05,65,2473,12,785,53,1688,0,0,23,1442,42,505,23,1947,California
Lassen,2021-02-06,70,2543,35,820,35,1723,0,0,37,1447,32,537,37,1984,California
Lassen,2021-02-07,1,2544,1,821,0,1723,0,0,1,1448,0,537,1,1985,California
Lassen,2021-02-08,45,2589,6,827,39,1762,0,0,20,1443,25,562,20,2005,California
Lassen,2021-02-09,128,2717,8,835,120,1882,0,0,49,1413,79,641,49,2054,California
Lassen,2021-02-10,181,2898,20,855,161,2043,0,0,74,1381,106,747,74,2128,California
Lassen,2021-02-11,181,3079,16,871,165,2208,0,0,80,1361,100,847,80,2208,California
Lassen,2021-02-12,45,3124,13,884,32,2240,0,0,16,1348,29,876,16,2224,California
Lassen,2021-02-13,13,3137,5,889,8,2248,0,0,11,1357,2,878,11,2235,California
Lassen,2021-02-14,13,3150,0,889,13,2261,0,0,12,1368,1,879,12,2247,California
Lassen,2021-02-15,22,3172,3,892,19,2280,0,0,18,1382,4,883,18,2265,California
Lassen,2021-02-16,193,3365,4,896,189,2469,0,0,31,1253,160,1043,31,2296,California
Lassen,2021-02-17,185,3550,95,991,90,2559,0,0,11,1090,174,1217,11,2307,California
Lassen,2021-02-18,81,3631,23,1014,58,2617,0,0,23,1055,58,1275,23,2330,California
Lassen,2021-02-19,82,3713,61,1075,21,2638,0,0,18,1009,64,1339,18,2348,California
Lassen,2021-02-20,7,3720,0,1075,7,2645,0,0,5,1012,2,1341,5,2353,California
Lassen,2021-02-21,18,3738,1,1076,17,2662,0,0,14,1022,4,1345,14,2367,California
Lassen,2021-02-22,23,3761,8,1084,15,2677,0,0,5,1009,18,1363,5,2372,California
Lassen,2021-02-23,152,3913,9,1093,143,2820,0,0,40,937,112,1475,40,2412,California
Lassen,2021-02-24,165,4078,16,1109,149,2969,0,0,107,987,57,1532,107,2519,California
Lassen,2021-02-25,158,4236,21,1130,137,3106,0,0,102,1033,56,1588,102,2621,California
Lassen,2021-02-26,70,4306,13,1143,57,3163,0,0,33,1029,37,1625,33,2654,California
Lassen,2021-02-27,8,4314,7,1150,1,3164,0,0,4,1029,4,1629,4,2658,California
Lassen,2021-02-28,6,4320,1,1151,5,3169,0,0,3,1029,3,1632,3,2661,California
Lassen,2021-03-01,40,4360,5,1156,35,3204,0,0,7,1003,33,1665,7,2668,California
Lassen,2021-03-02,104,4464,6,1162,98,3302,0,0,79,1057,25,1690,79,2747,California
Lassen,2021-03-03,161,4625,13,1175,148,3450,0,0,103,1102,58,1748,103,2850,California
Lassen,2021-03-04,142,4767,15,1190,127,3577,0,0,93,1147,48,1796,93,2943,California
Lassen,2021-03-05,45,4812,6,1196,19,3596,20,20,12,1146,33,1829,32,2975,California
Lassen,2021-03-06,54,4866,5,1201,31,3627,18,38,5,1120,49,1878,23,2998,California
Lassen,2021-03-07,55,4921,1,1202,0,3627,54,92,0,1119,55,1933,54,3052,California
Lassen,2021-03-08,88,5009,2,1204,9,3636,77,169,4,1117,83,2016,81,3133,California
Lassen,2021-03-09,126,5135,11,1215,98,3734,17,186,78,1164,48,2064,95,3228,California
Lassen,2021-03-10,149,5284,8,1223,140,3874,1,187,66,1149,83,2147,68,3296,California
Lassen,2021-03-11,173,5457,16,1239,148,4022,9,196,99,1186,71,2218,108,3404,California
Lassen,2021-03-12,33,5490,15,1254,11,4033,7,203,11,1182,22,2240,18,3422,California
Lassen,2021-03-13,45,5535,0,1254,2,4035,43,246,2,1183,43,2283,44,3466,California
Lassen,2021-03-14,7,5542,1,1255,5,4040,1,247,0,1177,7,2290,1,3467,California
Lassen,2021-03-15,36,5578,2,1257,31,4071,3,250,17,1178,18,2308,19,3486,California
Lassen,2021-03-16,87,5665,3,1260,78,4149,6,256,70,1237,17,2325,76,3562,California
Lassen,2021-03-17,918,6583,9,1269,904,5053,5,261,899,2123,18,2343,904,4466,California
Lassen,2021-03-18,80,6663,9,1278,70,5123,1,262,66,2176,14,2357,67,4533,California
Lassen,2021-03-19,15,6678,8,1286,3,5126,4,266,8,2181,7,2364,12,4545,California
Lassen,2021-03-20,8,6686,1,1287,4,5130,3,269,3,2182,5,2369,6,4551,California
Lassen,2021-03-21,33,6719,3,1290,29,5159,1,270,15,2181,17,2386,16,4567,California
Lassen,2021-03-22,49,6768,0,1290,48,5207,1,271,45,2223,4,2390,46,4613,California
Lassen,2021-03-23,95,6863,5,1295,89,5296,1,272,53,2235,42,2432,54,4667,California
Lassen,2021-03-24,205,7068,11,1306,194,5490,0,272,99,2230,105,2537,100,4767,California
Lassen,2021-03-25,154,7222,21,1327,133,5623,0,272,69,2214,85,2622,69,4836,California
Lassen,2021-03-26,74,7296,12,1339,24,5647,38,310,15,2209,58,2680,53,4889,California
Lassen,2021-03-27,19,7315,1,1340,2,5649,16,326,2,2210,17,2697,18,4907,California
Lassen,2021-03-28,21,7336,4,1344,6,5655,11,337,7,2214,14,2711,18,4925,California
Lassen,2021-03-29,47,7383,0,1344,24,5679,23,360,17,2224,30,2741,40,4965,California
Lassen,2021-03-30,195,7578,11,1355,161,5840,23,383,49,2156,144,2885,76,5041,California
Lassen,2021-03-31,18,7596,8,1363,10,5850,0,383,14,2166,4,2889,14,5055,California
Los Angeles,2020-12-15,391,391,391,391,0,0,0,0,391,391,0,0,391,391,California
Los Angeles,2020-12-16,3360,3751,3360,3751,0,0,0,0,3360,3751,0,0,3360,3751,California
Los Angeles,2020-12-17,10220,13971,10220,13971,0,0,0,0,10221,13972,0,0,10221,13972,California
Los Angeles,2020-12-18,14485,28456,14463,28434,22,22,0,0,14486,28458,0,0,14486,28458,California
Los Angeles,2020-12-19,7213,35669,7207,35641,6,28,0,0,7214,35672,0,0,7214,35672,California
Los Angeles,2020-12-20,4575,40244,4567,40208,8,36,0,0,4576,40248,0,0,4576,40248,California
Los Angeles,2020-12-21,13647,53891,13636,53844,11,47,0,0,13648,53895,1,1,13648,53896,California
Los Angeles,2020-12-22,11479,65370,11102,64946,377,424,0,0,11481,65376,0,1,11481,65377,California
Los Angeles,2020-12-23,11856,77226,10099,75045,1757,2181,0,0,11857,77233,0,1,11857,77234,California
Los Angeles,2020-12-24,7001,84227,4240,79285,2761,4942,0,0,7004,84237,0,1,7004,84238,California
Los Angeles,2020-12-25,521,84748,416,79701,105,5047,0,0,521,84758,0,1,521,84759,California
Los Angeles,2020-12-26,2521,87269,2178,81879,343,5390,0,0,2521,87278,1,2,2521,87280,California
Los Angeles,2020-12-27,1749,89018,1023,82902,726,6116,0,0,1749,89027,0,2,1749,89029,California
Los Angeles,2020-12-28,10239,99257,6345,89247,3894,10010,0,0,10237,99264,0,2,10237,99266,California
Los Angeles,2020-12-29,11497,110754,6046,95293,5451,15461,0,0,11499,110763,0,2,11499,110765,California
Los Angeles,2020-12-30,14806,125560,8073,103366,6733,22194,0,0,14805,125568,0,2,14805,125570,California
Los Angeles,2020-12-31,7849,133409,2739,106105,5110,27304,0,0,7847,133414,1,3,7847,133417,California
Los Angeles,2021-01-01,902,134311,234,106339,668,27972,0,0,902,134316,0,3,902,134319,California
Los Angeles,2021-01-02,4414,138725,1639,107978,2775,30747,0,0,4414,138730,0,3,4414,138733,California
Los Angeles,2021-01-03,911,139636,200,108178,711,31458,0,0,910,139639,1,4,910,139643,California
Los Angeles,2021-01-04,12618,152254,4830,113008,7788,39246,0,0,12603,152239,3,7,12603,152246,California
Los Angeles,2021-01-05,15945,168199,7047,120055,8898,48144,0,0,14040,164410,1872,1879,14043,166289,California
Los Angeles,2021-01-06,22379,190578,12016,132071,10363,58507,0,0,16808,175726,5501,7380,16817,183106,California
Los Angeles,2021-01-07,29299,219877,15757,147828,13542,72049,0,0,18829,184148,10425,17805,18847,201953,California
Los Angeles,2021-01-08,32954,252831,17835,165663,15119,87168,0,0,20778,192796,12151,29956,20799,222752,California
Los Angeles,2021-01-09,12316,265147,7044,172707,5272,92440,0,0,7454,195397,4861,34817,7462,230214,California
Los Angeles,2021-01-10,4641,269788,3628,176335,1013,93453,0,0,1910,194580,2731,37548,1914,232128,California
Los Angeles,2021-01-11,25649,295437,16179,192514,9470,102923,0,0,14749,198446,10892,48440,14758,246886,California
Los Angeles,2021-01-12,28955,324392,16000,208514,12955,115878,0,0,18882,207276,10056,58496,18886,265772,California
Los Angeles,2021-01-13,29054,353446,15576,224090,13478,129356,0,0,20133,218512,8904,67400,20140,285912,California
Los Angeles,2021-01-14,29046,382492,12670,236760,16376,145732,0,0,23568,236628,5462,72862,23578,309490,California
Los Angeles,2021-01-15,33549,416041,12287,249047,21262,166994,0,0,30002,263118,3522,76384,30012,339502,California
Los Angeles,2021-01-16,17119,433160,4947,253994,12172,179166,0,0,15344,276699,1766,78150,15347,354849,California
Los Angeles,2021-01-17,5167,438327,2283,256277,2884,182050,0,0,4922,281378,245,78395,4924,359773,California
Los Angeles,2021-01-18,15493,453820,9997,266274,5496,187546,0,0,10795,287489,4687,83082,10798,370571,California
Los Angeles,2021-01-19,38302,492122,20460,286734,17842,205388,0,0,30551,310351,7711,90793,30573,401144,California
Los Angeles,2021-01-20,45420,537542,23668,310402,21752,227140,0,0,37948,340865,7442,98235,37956,439100,California
Los Angeles,2021-01-21,48364,585906,22298,332700,26066,253206,0,0,44117,380806,4186,102421,44127,483227,California
Los Angeles,2021-01-22,47545,633451,22213,354913,25332,278538,0,0,44139,421586,3365,105786,44145,527372,California
Los Angeles,2021-01-23,33741,667192,15632,370545,18109,296647,0,0,31734,451348,1978,107764,31740,559112,California
Los Angeles,2021-01-24,15662,682854,12158,382703,3504,300151,0,0,15116,465929,539,108303,15120,574232,California
Los Angeles,2021-01-25,38402,721256,16304,399007,22098,322249,0,0,29993,487593,8373,116676,30037,604269,California
Los Angeles,2021-01-26,48839,770095,24240,423247,24599,346848,0,0,40755,520320,8054,124730,40781,645050,California
Los Angeles,2021-01-27,48070,818165,25648,448895,22422,369270,0,0,38984,550361,8954,133684,38995,684045,California
Los Angeles,2021-01-28,48167,866332,22915,471810,25252,394522,0,0,39882,582076,8173,141857,39888,723933,California
Los Angeles,2021-01-29,48924,915256,25232,497042,23692,418214,0,0,38962,611438,9612,151469,38974,762907,California
Los Angeles,2021-01-30,29816,945072,15294,512336,14522,432736,0,0,25726,633154,4017,155486,25733,788640,California
Los Angeles,2021-01-31,12927,957999,10314,522650,2613,435349,0,0,12011,644264,904,156390,12014,800654,California
Los Angeles,2021-02-01,37661,995660,15984,538634,21677,457026,0,0,27474,661591,10159,166549,27486,828140,California
Los Angeles,2021-02-02,43912,1039572,17764,556398,26148,483174,0,0,31811,681339,12066,178615,31814,859954,California
Los Angeles,2021-02-03,51749,1091321,19364,575762,32385,515559,0,0,37153,704128,14369,192984,37158,897112,California
Los Angeles,2021-02-04,56999,1148320,20591,596353,36408,551967,0,0,38995,725431,17697,210681,39000,936112,California
Los Angeles,2021-02-05,60733,1209053,20847,617200,39886,591853,0,0,39010,743134,21310,231991,39013,975125,California
Los Angeles,2021-02-06,35283,1244336,13206,630406,22077,613930,0,0,26929,761799,8282,240273,26947,1002072,California
Los Angeles,2021-02-07,10733,1255069,8323,638729,2410,616340,0,0,8380,767846,2338,242611,8385,1010457,California
Los Angeles,2021-02-08,46522,1301591,21368,660097,25154,641494,0,0,30484,782420,15913,258524,30487,1040944,California
Los Angeles,2021-02-09,55524,1357115,24519,684616,31005,672499,0,0,28335,783626,27136,285660,28342,1069286,California
Los Angeles,2021-02-10,66703,1423818,29325,713941,37378,709877,0,0,30980,779247,35364,321024,30985,1100271,California
Los Angeles,2021-02-11,57748,1481566,30768,744709,26980,736857,0,0,27921,777778,29394,350418,27925,1128196,California
Los Angeles,2021-02-12,59326,1540892,29696,774405,29630,766487,0,0,25879,770553,33119,383537,25894,1154090,California
Los Angeles,2021-02-13,33682,1574574,19556,793961,14126,780613,0,0,15712,768402,17898,401435,15747,1169837,California
Los Angeles,2021-02-14,21845,1596419,14970,808931,6875,787488,0,0,8786,764191,13005,414440,8794,1178631,California
Los Angeles,2021-02-15,32197,1628616,15769,824700,16428,803916,0,0,17663,767372,14486,428926,17667,1196298,California
Los Angeles,2021-02-16,63627,1692243,32333,857033,31294,835210,0,0,29858,763553,33692,462618,29873,1226171,California
Los Angeles,2021-02-17,63667,1755910,34109,891142,29558,864768,0,0,26352,752756,37157,499775,26360,1252531,California
Los Angeles,2021-02-18,67727,1823637,34450,925592,33277,898045,0,0,28495,742247,39014,538789,28505,1281036,California
Los Angeles,2021-02-19,56811,1880448,34946,960538,21865,919910,0,0,28346,742247,28371,567160,28371,1309407,California
Los Angeles,2021-02-20,31774,1912222,23652,984190,8122,928032,0,0,15530,741571,16211,583371,15535,1324942,California
Los Angeles,2021-02-21,15546,1927768,13932,998122,1614,929646,0,0,8106,742257,7421,590792,8107,1333049,California
Los Angeles,2021-02-22,33756,1961524,24573,1022695,9183,938829,0,0,17577,743740,16116,606908,17599,1350648,California
Los Angeles,2021-02-23,53124,2014648,22599,1045294,30525,969354,0,0,21048,732826,31985,638893,21071,1371719,California
Los Angeles,2021-02-24,63641,2078289,27877,1073171,35764,1005118,0,0,28157,725655,35344,674237,28173,1399892,California
Los Angeles,2021-02-25,72415,2150704,33271,1106442,39144,1044262,0,0,38112,729616,34169,708406,38130,1438022,California
Los Angeles,2021-02-26,82010,2232714,38190,1144632,43820,1088082,0,0,47045,741922,34759,743165,47065,1485087,California
Los Angeles,2021-02-27,58151,2290865,24693,1169325,33457,1121539,1,1,29792,743508,28228,771393,29814,1514901,California
Los Angeles,2021-02-28,26554,2317419,18371,1187696,8183,1129722,0,1,18769,754554,7729,779122,18775,1533676,California
Los Angeles,2021-03-01,54560,2371979,30496,1218192,24057,1153779,7,8,33063,766263,21380,800502,33089,1566765,California
Los Angeles,2021-03-02,69254,2441233,30562,1248754,38691,1192470,1,9,42359,781854,26783,827285,42374,1609139,California
Los Angeles,2021-03-03,78230,2519463,39210,1287964,39018,1231488,2,11,48571,800966,29505,856790,48617,1657756,California
Los Angeles,2021-03-04,83060,2602523,44052,1332016,39002,1270490,6,17,53123,824349,29763,886553,53146,1710902,California
Los Angeles,2021-03-05,77136,2679659,38344,1370360,38772,1309262,20,37,52770,852967,24207,910760,52825,1763727,California
Los Angeles,2021-03-06,58359,2738018,30168,1400528,26435,1335697,1756,1793,38367,873242,19870,930630,40145,1803872,California
Los Angeles,2021-03-07,23806,2761824,18747,1419275,4296,1339993,763,2556,18857,887936,4933,935563,19627,1823499,California
Los Angeles,2021-03-08,48600,2810424,25596,1444871,21252,1361245,1752,4308,36693,914560,11832,947395,38456,1861955,California
Los Angeles,2021-03-09,65402,2875826,24861,1469732,37283,1398528,3258,7566,38913,930365,26378,973773,42183,1904138,California
Los Angeles,2021-03-10,74017,2949843,35945,1505677,33572,1432100,4500,12066,45849,952680,28037,1001810,50352,1954490,California
Los Angeles,2021-03-11,84236,3034079,40633,1546310,37686,1469786,5917,17983,48378,971259,35723,1037533,54302,2008792,California
Los Angeles,2021-03-12,83275,3117354,37969,1584279,32631,1502417,12675,30658,47909,996605,35241,1072774,60587,2069379,California
Los Angeles,2021-03-13,61699,3179053,30515,1614794,20013,1522430,11171,41829,35659,1017478,25966,1098740,46839,2116218,California
Los Angeles,2021-03-14,32604,3211657,23117,1637911,7160,1529590,2327,44156,22487,1032239,10077,1108817,24838,2141056,California
Los Angeles,2021-03-15,71677,3283334,34616,1672527,31817,1561407,5244,49400,43770,1053499,27765,1136582,49025,2190081,California
Los Angeles,2021-03-16,93403,3376737,41449,1713976,46550,1607957,5404,54804,60391,1086452,32854,1169436,65807,2255888,California
Los Angeles,2021-03-17,88065,3464802,40871,1754847,39599,1647556,7595,62399,58681,1123509,29235,1198671,66292,2322180,California
Los Angeles,2021-03-18,81155,3545957,39924,1794771,36617,1684173,4614,67013,50337,1147844,30630,1229301,54965,2377145,California
Los Angeles,2021-03-19,89472,3635429,47226,1841997,38784,1722957,3462,70475,55775,1173588,33516,1262817,59260,2436405,California
Los Angeles,2021-03-20,56200,3691629,23813,1865810,29114,1752071,3273,73748,40321,1201409,15766,1278583,43587,2479992,California
Los Angeles,2021-03-21,32182,3723811,23581,1889391,7802,1759873,799,74547,21186,1212463,10933,1289516,21987,2501979,California
Los Angeles,2021-03-22,66843,3790654,39691,1929082,25212,1785085,1940,76487,47700,1243175,18976,1308492,49688,2551667,California
Los Angeles,2021-03-23,91007,3881661,49432,1978514,38681,1823766,2894,79381,60588,1276571,30221,1338713,63617,2615284,California
Los Angeles,2021-03-24,98121,3979782,52776,2031290,42532,1866298,2813,82194,58651,1298983,39238,1377951,61650,2676934,California
Los Angeles,2021-03-25,102595,4082377,54405,2085695,44760,1911058,3430,85624,59063,1318616,43318,1421269,62951,2739885,California
Los Angeles,2021-03-26,106163,4188540,56779,2142474,45365,1956423,4019,89643,61162,1340439,44817,1466086,66640,2806525,California
Los Angeles,2021-03-27,76675,4265215,39250,2181724,35327,1991750,2098,91741,40210,1347654,36282,1502368,43497,2850022,California
Los Angeles,2021-03-28,40315,4305530,26975,2208699,12759,2004509,581,92322,20555,1349217,19715,1522083,21278,2871300,California
Los Angeles,2021-03-29,76563,4382093,44275,2252974,30745,2035254,1543,93865,44637,1364030,31814,1553897,46627,2917927,California
Los Angeles,2021-03-30,96343,4478436,44925,2297899,46103,2081357,5315,99180,60062,1393808,36143,1590040,65921,2983848,California
Los Angeles,2021-03-31,54959,4533395,27836,2325735,21872,2103229,5251,104431,29195,1403041,25605,1615645,34838,3018686,California
Madera,2020-12-16,22,22,22,22,0,0,0,0,22,22,0,0,22,22,California
Madera,2020-12-17,12,34,12,34,0,0,0,0,12,34,0,0,12,34,California
Madera,2020-12-18,61,95,61,95,0,0,0,0,61,95,0,0,61,95,California
Madera,2020-12-19,6,101,6,101,0,0,0,0,6,101,0,0,6,101,California
Madera,2020-12-20,14,115,14,115,0,0,0,0,14,115,0,0,14,115,California
Madera,2020-12-21,61,176,61,176,0,0,0,0,61,176,0,0,61,176,California
Madera,2020-12-22,98,274,96,272,2,2,0,0,98,274,0,0,98,274,California
Madera,2020-12-23,68,342,68,340,0,2,0,0,68,342,0,0,68,342,California
Madera,2020-12-24,44,386,39,379,5,7,0,0,44,386,0,0,44,386,California
Madera,2020-12-26,28,414,26,405,2,9,0,0,28,414,0,0,28,414,California
Madera,2020-12-27,31,445,12,417,19,28,0,0,31,445,0,0,31,445,California
Madera,2020-12-28,107,552,36,453,71,99,0,0,107,552,0,0,107,552,California
Madera,2020-12-29,170,722,36,489,134,233,0,0,170,722,0,0,170,722,California
Madera,2020-12-30,216,938,85,574,131,364,0,0,216,938,0,0,216,938,California
Madera,2020-12-31,203,1141,80,654,123,487,0,0,203,1141,0,0,203,1141,California
Madera,2021-01-02,76,1217,21,675,55,542,0,0,76,1217,0,0,76,1217,California
Madera,2021-01-03,5,1222,5,680,0,542,0,0,5,1222,0,0,5,1222,California
Madera,2021-01-04,129,1351,64,744,65,607,0,0,129,1351,0,0,129,1351,California
Madera,2021-01-05,274,1625,138,882,136,743,0,0,269,1615,5,5,269,1620,California
Madera,2021-01-06,185,1810,27,909,158,901,0,0,165,1760,20,25,165,1785,California
Madera,2021-01-07,340,2150,56,965,284,1185,0,0,319,2058,21,46,319,2104,California
Madera,2021-01-08,413,2563,70,1035,343,1528,0,0,358,2363,54,100,359,2463,California
Madera,2021-01-09,37,2600,14,1049,23,1551,0,0,28,2382,9,109,28,2491,California
Madera,2021-01-10,18,2618,15,1064,3,1554,0,0,5,2374,13,122,5,2496,California
Madera,2021-01-11,225,2843,177,1241,48,1602,0,0,183,2515,42,164,183,2679,California
Madera,2021-01-12,394,3237,160,1401,234,1836,0,0,286,2693,108,272,286,2965,California
Madera,2021-01-13,181,3418,90,1491,91,1927,0,0,125,2762,56,328,125,3090,California
Madera,2021-01-14,555,3973,80,1571,475,2402,0,0,522,3251,33,361,522,3612,California
Madera,2021-01-15,593,4566,159,1730,434,2836,0,0,573,3804,20,381,573,4185,California
Madera,2021-01-16,374,4940,46,1776,328,3164,0,0,345,4120,29,410,345,4530,California
Madera,2021-01-17,327,5267,7,1783,320,3484,0,0,322,4438,5,415,323,4853,California
Madera,2021-01-18,74,5341,58,1841,16,3500,0,0,55,4475,18,433,55,4908,California
Madera,2021-01-19,558,5899,128,1969,430,3930,0,0,531,4980,27,460,532,5440,California
Madera,2021-01-20,235,6134,79,2048,156,4086,0,0,208,5162,26,486,208,5648,California
Madera,2021-01-21,236,6370,125,2173,111,4197,0,0,202,5332,32,518,202,5850,California
Madera,2021-01-22,255,6625,83,2256,172,4369,0,0,242,5561,13,531,242,6092,California
Madera,2021-01-23,101,6726,52,2308,49,4418,0,0,77,5615,24,555,78,6170,California
Madera,2021-01-24,100,6826,81,2389,19,4437,0,0,76,5667,24,579,76,6246,California
Madera,2021-01-25,253,7079,121,2510,132,4569,0,0,141,5696,112,691,141,6387,California
Madera,2021-01-26,479,7558,188,2698,291,4860,0,0,292,5804,186,877,294,6681,California
Madera,2021-01-27,734,8292,62,2760,672,5532,0,0,598,6267,136,1013,599,7280,California
Madera,2021-01-28,537,8829,101,2861,436,5968,0,0,433,6596,104,1117,433,7713,California
Madera,2021-01-29,468,9297,95,2956,373,6341,0,0,411,6950,57,1174,411,8124,California
Madera,2021-01-30,507,9804,15,2971,492,6833,0,0,453,7349,54,1228,453,8577,California
Madera,2021-01-31,9,9813,6,2977,3,6836,0,0,8,7356,1,1229,8,8585,California
Madera,2021-02-01,257,10070,71,3048,186,7022,0,0,199,7498,58,1287,200,8785,California
Madera,2021-02-02,247,10317,84,3132,163,7185,0,0,159,7570,87,1374,159,8944,California
Madera,2021-02-03,588,10905,453,3585,135,7320,0,0,474,7933,112,1486,475,9419,California
Madera,2021-02-04,386,11291,121,3706,265,7585,0,0,112,7773,273,1759,113,9532,California
Madera,2021-02-05,967,12258,295,4001,672,8257,0,0,361,7534,601,2360,362,9894,California
Madera,2021-02-06,355,12613,322,4323,33,8290,0,0,318,7816,36,2396,318,10212,California
Madera,2021-02-07,36,12649,7,4330,29,8319,0,0,31,7842,5,2401,31,10243,California
Madera,2021-02-08,377,13026,303,4633,74,8393,0,0,266,7998,110,2511,266,10509,California
Madera,2021-02-09,475,13501,116,4749,359,8752,0,0,195,7917,277,2788,196,10705,California
Madera,2021-02-10,425,13926,152,4901,273,9025,0,0,324,8140,101,2889,324,11029,California
Madera,2021-02-11,924,14850,299,5200,625,9650,0,0,397,8014,525,3414,399,11428,California
Madera,2021-02-12,840,15690,119,5319,721,10371,0,0,303,7792,531,3945,309,11737,California
Madera,2021-02-13,477,16167,45,5364,432,10803,0,0,137,7592,339,4284,139,11876,California
Madera,2021-02-14,398,16565,75,5439,323,11126,0,0,102,7434,295,4579,137,12013,California
Madera,2021-02-15,231,16796,92,5531,139,11265,0,0,149,7520,82,4661,168,12181,California
Madera,2021-02-16,771,17567,184,5715,587,11852,0,0,227,7208,542,5203,230,12411,California
Madera,2021-02-17,603,18170,267,5982,336,12188,0,0,333,7278,265,5468,335,12746,California
Madera,2021-02-18,1282,19452,527,6509,755,12943,0,0,1110,8217,172,5640,1111,13857,California
Madera,2021-02-19,860,20312,547,7056,313,13256,0,0,712,8788,148,5788,719,14576,California
Madera,2021-02-20,1072,21384,978,8034,94,13350,0,0,999,9717,71,5859,1000,15576,California
Madera,2021-02-21,952,22336,816,8850,136,13486,0,0,946,10657,6,5865,946,16522,California
Madera,2021-02-22,905,23241,831,9681,74,13560,0,0,851,11454,54,5919,851,17373,California
Madera,2021-02-23,766,24007,498,10179,268,13828,0,0,548,11786,217,6136,549,17922,California
Madera,2021-02-24,904,24911,301,10480,603,14431,0,0,374,11630,530,6666,374,18296,California
Madera,2021-02-25,1019,25930,308,10788,711,15142,0,0,588,11788,430,7096,588,18884,California
Madera,2021-02-26,1067,26997,188,10976,879,16021,0,0,690,12107,375,7471,694,19578,California
Madera,2021-02-27,864,27861,243,11219,621,16642,0,0,413,12107,448,7919,448,20026,California
Madera,2021-02-28,188,28049,30,11249,158,16800,0,0,182,12283,6,7925,182,20208,California
Madera,2021-03-01,362,28411,113,11362,249,17049,0,0,186,12295,175,8100,187,20395,California
Madera,2021-03-02,633,29044,266,11628,367,17416,0,0,520,12705,112,8212,522,20917,California
Madera,2021-03-03,1187,30231,666,12294,521,17937,0,0,796,13132,388,8600,815,21732,California
Madera,2021-03-04,1105,31336,467,12761,638,18575,0,0,860,13757,244,8844,869,22601,California
Madera,2021-03-05,1204,32540,388,13149,804,19379,12,12,950,14473,252,9096,968,23569,California
Madera,2021-03-06,674,33214,500,13649,144,19523,30,42,453,14736,221,9317,484,24053,California
Madera,2021-03-07,153,33367,26,13675,105,19628,22,64,103,14811,50,9367,125,24178,California
Madera,2021-03-08,564,33931,314,13989,195,19823,55,119,284,14872,280,9647,341,24519,California
Madera,2021-03-09,423,34354,153,14142,234,20057,36,155,259,15011,163,9810,302,24821,California
Madera,2021-03-10,1061,35415,490,14632,521,20578,50,205,669,15342,389,10199,720,25541,California
Madera,2021-03-11,1548,36963,772,15404,464,21042,312,517,681,15481,866,11065,1005,26546,California
Madera,2021-03-12,1387,38350,727,16131,521,21563,139,656,666,15596,718,11783,833,27379,California
Madera,2021-03-13,1696,40046,1238,17369,270,21833,188,844,671,15451,1023,12806,878,28257,California
Madera,2021-03-14,527,40573,441,17810,53,21886,33,877,274,15507,252,13058,308,28565,California
Madera,2021-03-15,718,41291,214,18024,460,22346,44,921,499,15865,218,13276,576,29141,California
Madera,2021-03-16,802,42093,418,18442,337,22683,47,968,627,16385,173,13449,693,29834,California
Madera,2021-03-17,1353,43446,900,19342,408,23091,45,1013,827,16831,517,13966,963,30797,California
Madera,2021-03-18,1574,45020,556,19898,968,24059,50,1063,764,16909,807,14773,885,31682,California
Madera,2021-03-19,1278,46298,510,20408,706,24765,62,1125,813,17379,463,15236,933,32615,California
Madera,2021-03-20,860,47158,626,21034,204,24969,30,1155,409,17410,450,15686,481,33096,California
Madera,2021-03-21,1039,48197,855,21889,139,25108,45,1200,344,17108,692,16378,390,33486,California
Madera,2021-03-22,1309,49506,840,22729,403,25511,66,1266,632,17183,669,17047,744,34230,California
Madera,2021-03-23,1364,50870,823,23552,441,25952,100,1366,698,17401,664,17711,882,35112,California
Madera,2021-03-24,875,51745,466,24018,380,26332,29,1395,577,17731,297,18008,627,35739,California
Madera,2021-03-25,1071,52816,473,24491,579,26911,19,1414,611,17952,451,18459,672,36411,California
Madera,2021-03-26,1366,54182,506,24997,731,27642,129,1543,658,18040,705,19164,793,37204,California
Madera,2021-03-27,828,55010,525,25522,281,27923,22,1565,378,18009,444,19608,413,37617,California
Madera,2021-03-28,372,55382,132,25654,217,28140,23,1588,223,18160,148,19756,299,37916,California
Madera,2021-03-29,657,56039,169,25823,459,28599,29,1617,476,18492,178,19934,510,38426,California
Madera,2021-03-30,952,56991,544,26367,384,28983,24,1641,526,18626,425,20359,559,38985,California
Madera,2021-03-31,713,57704,245,26612,416,29399,52,1693,206,18426,504,20863,304,39289,California
Marin,2020-12-15,2,2,2,2,0,0,0,0,2,2,0,0,2,2,California
Marin,2020-12-16,107,109,107,109,0,0,0,0,107,109,0,0,107,109,California
Marin,2020-12-17,259,368,259,368,0,0,0,0,259,368,0,0,259,368,California
Marin,2020-12-18,372,740,372,740,0,0,0,0,372,740,0,0,372,740,California
Marin,2020-12-19,348,1088,347,1087,1,1,0,0,348,1088,0,0,348,1088,California
Marin,2020-12-20,167,1255,166,1253,1,2,0,0,167,1255,0,0,167,1255,California
Marin,2020-12-21,239,1494,236,1489,3,5,0,0,239,1494,0,0,239,1494,California
Marin,2020-12-22,520,2014,317,1806,203,208,0,0,520,2014,0,0,520,2014,California
Marin,2020-12-23,731,2745,323,2129,408,616,0,0,731,2745,0,0,731,2745,California
Marin,2020-12-24,356,3101,160,2289,196,812,0,0,356,3101,0,0,356,3101,California
Marin,2020-12-25,27,3128,0,2289,27,839,0,0,27,3128,0,0,27,3128,California
Marin,2020-12-26,140,3268,92,2381,48,887,0,0,140,3268,0,0,140,3268,California
Marin,2020-12-27,93,3361,56,2437,37,924,0,0,93,3361,0,0,93,3361,California
Marin,2020-12-28,408,3769,99,2536,309,1233,0,0,408,3769,0,0,408,3769,California
Marin,2020-12-29,397,4166,86,2622,311,1544,0,0,397,4166,0,0,397,4166,California
Marin,2020-12-30,624,4790,387,3009,237,1781,0,0,624,4790,0,0,624,4790,California
Marin,2020-12-31,200,4990,33,3042,167,1948,0,0,200,4990,0,0,200,4990,California
Marin,2021-01-01,9,4999,5,3047,4,1952,0,0,9,4999,0,0,9,4999,California
Marin,2021-01-02,105,5104,99,3146,6,1958,0,0,105,5104,0,0,105,5104,California
Marin,2021-01-03,55,5159,37,3183,18,1976,0,0,52,5156,0,0,52,5156,California
Marin,2021-01-04,286,5445,185,3368,101,2077,0,0,285,5440,1,1,285,5441,California
Marin,2021-01-05,366,5811,223,3591,143,2220,0,0,323,5720,43,44,323,5764,California
Marin,2021-01-06,822,6633,316,3907,506,2726,0,0,645,6189,176,220,645,6409,California
Marin,2021-01-07,893,7526,502,4409,391,3117,0,0,545,6386,348,568,545,6954,California
Marin,2021-01-08,966,8492,509,4918,457,3574,0,0,593,6607,372,940,593,7547,California
Marin,2021-01-09,618,9110,222,5140,396,3970,0,0,488,6965,130,1070,488,8035,California
Marin,2021-01-10,126,9236,97,5237,29,3999,0,0,51,6941,75,1145,51,8086,California
Marin,2021-01-11,466,9702,325,5562,141,4140,0,0,251,6977,215,1360,251,8337,California
Marin,2021-01-12,940,10642,541,6103,399,4539,0,0,567,7174,370,1730,567,8904,California
Marin,2021-01-13,1175,11817,496,6599,679,5218,0,0,936,7871,239,1969,936,9840,California
Marin,2021-01-14,1072,12889,325,6924,747,5965,0,0,919,8639,151,2120,919,10759,California
Marin,2021-01-15,1150,14039,354,7278,796,6761,0,0,1020,9531,129,2249,1021,11780,California
Marin,2021-01-16,1111,15150,907,8185,204,6965,0,0,1037,10494,74,2323,1037,12817,California
Marin,2021-01-17,1237,16387,1117,9302,120,7085,0,0,1209,11679,27,2350,1212,14029,California
Marin,2021-01-18,360,16747,160,9462,200,7285,0,0,309,11937,51,2401,309,14338,California
Marin,2021-01-19,1145,17892,907,10369,238,7523,0,0,977,12747,167,2568,977,15315,California
Marin,2021-01-20,1781,19673,1207,11576,574,8097,0,0,1052,13082,718,3286,1053,16368,California
Marin,2021-01-21,1684,21357,1065,12641,619,8716,0,0,1332,14068,349,3635,1335,17703,California
Marin,2021-01-22,1687,23044,1079,13720,608,9324,0,0,1522,15425,165,3800,1522,19225,California
Marin,2021-01-23,1850,24894,1348,15068,502,9826,0,0,1766,17107,84,3884,1766,20991,California
Marin,2021-01-24,611,25505,163,15231,448,10274,0,0,579,17654,32,3916,579,21570,California
Marin,2021-01-25,1114,26619,224,15455,890,11164,0,0,684,17911,430,4346,687,22257,California
Marin,2021-01-26,1497,28116,776,16231,721,11885,0,0,1120,18655,376,4722,1120,23377,California
Marin,2021-01-27,1685,29801,863,17094,822,12707,0,0,1334,19642,348,5070,1335,24712,California
Marin,2021-01-28,2050,31851,1043,18137,1007,13714,0,0,1783,21160,266,5336,1784,26496,California
Marin,2021-01-29,2183,34034,1433,19570,750,14464,0,0,1988,22965,184,5520,1989,28485,California
Marin,2021-01-30,1714,35748,895,20465,819,15283,0,0,1637,24526,77,5597,1638,30123,California
Marin,2021-01-31,452,36200,316,20781,136,15419,0,0,427,24928,25,5622,427,30550,California
Marin,2021-02-01,1084,37284,418,21199,666,16085,0,0,885,25614,199,5821,885,31435,California
Marin,2021-02-02,1346,38630,457,21656,889,16974,0,0,721,25720,615,6436,721,32156,California
Marin,2021-02-03,1760,40390,415,22071,1345,18319,0,0,1238,26437,521,6957,1238,33394,California
Marin,2021-02-04,1533,41923,510,22581,1023,19342,0,0,931,26769,599,7556,931,34325,California
Marin,2021-02-05,2161,44084,671,23252,1490,20832,0,0,1323,27259,834,8390,1324,35649,California
Marin,2021-02-06,1423,45507,852,24104,571,21403,0,0,599,27035,823,9213,599,36248,California
Marin,2021-02-07,1289,46796,1005,25109,284,21687,0,0,487,26721,801,10014,487,36735,California
Marin,2021-02-08,1521,48317,754,25863,767,22454,0,0,728,26658,791,10805,728,37463,California
Marin,2021-02-09,1771,50088,1117,26980,654,23108,0,0,823,26534,947,11752,823,38286,California
Marin,2021-02-10,2330,52418,1490,28470,840,23948,0,0,1217,26641,1111,12863,1218,39504,California
Marin,2021-02-11,2855,55273,1638,30108,1217,25165,0,0,1447,26687,1403,14266,1449,40953,California
Marin,2021-02-12,3051,58324,1539,31647,1512,26677,0,0,1554,26746,1495,15761,1554,42507,California
Marin,2021-02-13,2342,60666,1242,32889,1100,27777,0,0,1132,26670,1208,16969,1132,43639,California
Marin,2021-02-14,805,61471,298,33187,507,28284,0,0,716,27297,89,17058,716,44355,California
Marin,2021-02-15,1208,62679,355,33542,853,29137,0,0,831,27751,377,17435,831,45186,California
Marin,2021-02-16,2458,65137,1053,34595,1405,30542,0,0,1500,28294,957,18392,1500,46686,California
Marin,2021-02-17,2077,67214,926,35521,1151,31693,0,0,1087,28393,989,19381,1088,47774,California
Marin,2021-02-18,2387,69601,1548,37069,839,32532,0,0,1058,28124,1328,20709,1059,48833,California
Marin,2021-02-19,2742,72343,2149,39218,593,33125,0,0,1212,27818,1519,22228,1213,50046,California
Marin,2021-02-20,2568,74911,2113,41331,455,33580,0,0,1225,27703,1340,23568,1225,51271,California
Marin,2021-02-21,1252,76163,1062,42393,190,33770,0,0,891,28236,358,23926,891,52162,California
Marin,2021-02-22,1788,77951,1377,43770,411,34181,0,0,1201,28851,586,24512,1201,53363,California
Marin,2021-02-23,2822,80773,1606,45376,1216,35397,0,0,1902,29842,911,25423,1902,55265,California
Marin,2021-02-24,3464,84237,1588,46964,1876,37273,0,0,2228,30841,1229,26652,2228,57493,California
Marin,2021-02-25,3893,88130,1797,48761,2096,39369,0,0,2731,32419,1154,27806,2732,60225,California
Marin,2021-02-26,3468,91598,1871,50632,1597,40966,0,0,2526,34014,931,28737,2526,62751,California
Marin,2021-02-27,2610,94208,1495,52127,1115,42081,0,0,1775,34957,833,29570,1776,64527,California
Marin,2021-02-28,1376,95584,917,53044,459,42540,0,0,1043,35669,331,29901,1043,65570,California
Marin,2021-03-01,2424,98008,1494,54538,930,43470,0,0,1625,36501,793,30694,1625,67195,California
Marin,2021-03-02,2396,100404,1570,56108,825,44295,1,1,1663,37435,731,31425,1665,68860,California
Marin,2021-03-03,3922,104326,2154,58262,1768,46063,0,1,2521,38561,1397,32822,2523,71383,California
Marin,2021-03-04,2891,107217,1368,59630,1523,47586,0,1,2080,39842,805,33627,2086,73469,California
Marin,2021-03-05,2552,109769,813,60443,1727,49313,12,13,1497,40302,1054,34681,1514,74983,California
Marin,2021-03-06,2453,112222,1685,62128,692,50005,76,89,1971,41877,472,35153,2047,77030,California
Marin,2021-03-07,1362,113584,1151,63279,188,50193,23,112,979,42498,381,35534,1002,78032,California
Marin,2021-03-08,1521,115105,1056,64335,370,50563,95,207,1080,43238,439,35973,1179,79211,California
Marin,2021-03-09,2036,117141,1192,65527,735,51298,109,316,1385,44081,651,36624,1494,80705,California
Marin,2021-03-10,4208,121349,2382,67909,1534,52832,292,608,2990,46147,1217,37841,3283,83988,California
Marin,2021-03-11,4329,125678,1734,69643,2462,55294,133,741,3077,48111,1245,39086,3209,87197,California
Marin,2021-03-12,3697,129375,1435,71078,1925,57219,337,1078,1438,47634,2249,41335,1772,88969,California
Marin,2021-03-13,3865,133240,2751,73829,1056,58275,58,1136,2308,48449,1549,42884,2364,91333,California
Marin,2021-03-14,2109,135349,1061,74890,940,59215,108,1244,698,47847,1410,44294,808,92141,California
Marin,2021-03-15,3228,138577,1761,76651,1416,60631,51,1295,1228,47130,1995,46289,1278,93419,California
Marin,2021-03-16,4271,142848,2288,78939,1619,62250,364,1659,1509,46243,2759,49048,1872,95291,California
Marin,2021-03-17,3952,146800,2160,81099,1750,64000,42,1701,1901,46146,2041,51089,1944,97235,California
Marin,2021-03-18,3675,150475,1824,82923,1804,65804,47,1748,1892,46313,1771,52860,1938,99173,California
Marin,2021-03-19,3107,153582,1699,84622,1293,67097,115,1863,1697,46722,1403,54263,1812,100985,California
Marin,2021-03-20,2659,156241,1380,86002,1209,68306,70,1933,1627,47395,1024,55287,1697,102682,California
Marin,2021-03-21,1495,157736,1102,87104,368,68674,25,1958,772,47471,721,56008,797,103479,California
Marin,2021-03-22,2466,160202,2113,89217,182,68856,171,2129,1021,47231,1440,57448,1200,104679,California
Marin,2021-03-23,4189,164391,2173,91390,1893,70749,123,2252,1914,47021,2270,59718,2060,106739,California
Marin,2021-03-24,4368,168759,2854,94244,1410,72159,104,2356,1804,46507,2556,62274,2042,108781,California
Marin,2021-03-25,4519,173278,2741,96985,1710,73869,68,2424,2210,46670,2296,64570,2459,111240,California
Marin,2021-03-26,4199,177477,2247,99232,1740,75609,212,2636,2369,47660,1811,66381,2801,114041,California
Marin,2021-03-27,3586,181063,2558,101790,1012,76621,16,2652,1119,46842,2461,68842,1643,115684,California
Marin,2021-03-28,2327,183390,1679,103469,642,77263,6,2658,1072,46673,1250,70092,1081,116765,California
Marin,2021-03-29,2509,185899,1922,105391,562,77825,25,2683,1314,46827,1193,71285,1347,118112,California
Marin,2021-03-30,4435,190334,3419,108810,982,78807,34,2717,2954,48348,1478,72763,2999,121111,California
Marin,2021-03-31,3729,194063,2911,111721,788,79595,30,2747,1445,47594,2279,75042,1525,122636,California
Mariposa,2020-12-17,2,2,2,2,0,0,0,0,38,38,0,0,38,38,California
Mariposa,2020-12-18,5,7,5,7,0,0,0,0,56,94,0,0,56,94,California
Mariposa,2020-12-20,2,9,2,9,0,0,0,0,2,96,0,0,2,96,California
Mariposa,2020-12-21,3,12,3,12,0,0,0,0,45,141,0,0,45,141,California
Mariposa,2020-12-22,2,14,2,14,0,0,0,0,2,143,0,0,2,143,California
Mariposa,2020-12-23,10,24,10,24,0,0,0,0,1,144,0,0,1,144,California
Mariposa,2020-12-24,1,25,0,24,1,1,0,0,0,144,0,0,0,144,California
Mariposa,2020-12-26,1,26,1,25,0,1,0,0,1,145,0,0,1,145,California
Mariposa,2020-12-27,1,27,0,25,1,2,0,0,1,146,0,0,1,146,California
Mariposa,2020-12-28,3,30,1,26,2,4,0,0,3,149,0,0,3,149,California
Mariposa,2020-12-29,33,63,1,27,32,36,0,0,33,182,0,0,33,182,California
Mariposa,2020-12-30,21,84,0,27,21,57,0,0,20,202,0,0,20,202,California
Mariposa,2020-12-31,22,106,0,27,22,79,0,0,22,224,0,0,22,224,California
Mariposa,2021-01-04,9,115,1,28,8,87,0,0,9,233,0,0,9,233,California
Mariposa,2021-01-05,24,139,14,42,10,97,0,0,12,235,10,10,12,245,California
Mariposa,2021-01-06,5,144,3,45,2,99,0,0,2,234,3,13,2,247,California
Mariposa,2021-01-07,49,193,47,92,2,101,0,0,2,189,47,60,2,249,California
Mariposa,2021-01-08,109,302,81,173,28,129,0,0,33,146,76,136,33,282,California
Mariposa,2021-01-09,1,303,0,173,1,130,0,0,1,147,0,136,1,283,California
Mariposa,2021-01-11,24,327,3,176,21,151,0,0,22,167,2,138,22,305,California
Mariposa,2021-01-12,21,348,3,179,18,169,0,0,18,182,3,141,18,323,California
Mariposa,2021-01-13,22,370,1,180,21,190,0,0,21,202,1,142,21,344,California
Mariposa,2021-01-14,94,464,1,181,93,283,0,0,94,296,0,142,94,438,California
Mariposa,2021-01-15,46,510,1,182,45,328,0,0,45,340,1,143,45,483,California
Mariposa,2021-01-16,19,529,2,184,17,345,0,0,18,357,1,144,18,501,California
Mariposa,2021-01-17,2,531,0,184,2,347,0,0,2,359,0,144,2,503,California
Mariposa,2021-01-18,2,533,2,186,0,347,0,0,1,359,1,145,1,504,California
Mariposa,2021-01-19,1,534,0,186,1,348,0,0,1,360,0,145,1,505,California
Mariposa,2021-01-20,26,560,0,186,26,374,0,0,25,385,0,145,25,530,California
Mariposa,2021-01-21,87,647,1,187,86,460,0,0,87,472,0,145,87,617,California
Mariposa,2021-01-22,77,724,1,188,76,536,0,0,77,549,0,145,77,694,California
Mariposa,2021-01-23,125,849,0,188,125,661,0,0,124,673,0,145,124,818,California
Mariposa,2021-01-25,3,852,1,189,2,663,0,0,0,670,3,148,0,818,California
Mariposa,2021-01-26,32,884,2,191,30,693,0,0,3,648,29,177,7,825,California
Mariposa,2021-01-27,34,918,1,192,33,726,0,0,26,666,8,185,26,851,California
Mariposa,2021-01-28,147,1065,2,194,145,871,0,0,133,785,14,199,133,984,California
Mariposa,2021-01-29,58,1123,0,194,58,929,0,0,58,843,0,199,58,1042,California
Mariposa,2021-01-30,3,1126,1,195,2,931,0,0,2,844,1,200,2,1044,California
Mariposa,2021-01-31,1,1127,0,195,1,932,0,0,1,845,0,200,1,1045,California
Mariposa,2021-02-01,55,1182,0,195,55,987,0,0,48,886,7,207,48,1093,California
Mariposa,2021-02-02,8,1190,0,195,8,995,0,0,2,882,6,213,2,1095,California
Mariposa,2021-02-03,26,1216,1,196,25,1020,0,0,22,900,4,217,22,1117,California
Mariposa,2021-02-04,115,1331,7,203,108,1128,0,0,108,1005,4,221,109,1226,California
Mariposa,2021-02-05,239,1570,4,207,235,1363,0,0,217,1200,22,243,217,1443,California
Mariposa,2021-02-06,2,1572,1,208,1,1364,0,0,1,1200,1,244,1,1444,California
Mariposa,2021-02-08,39,1611,1,209,38,1402,0,0,20,1201,19,263,20,1464,California
Mariposa,2021-02-09,10,1621,3,212,7,1409,0,0,5,1201,5,268,5,1469,California
Mariposa,2021-02-10,17,1638,1,213,16,1425,0,0,9,1208,8,276,15,1484,California
Mariposa,2021-02-11,378,2016,4,217,374,1799,0,0,334,1535,42,318,369,1853,California
Mariposa,2021-02-12,177,2193,1,218,176,1975,0,0,115,1606,62,380,133,1986,California
Mariposa,2021-02-13,5,2198,3,221,2,1977,0,0,4,1609,1,381,4,1990,California
Mariposa,2021-02-14,5,2203,2,223,3,1980,0,0,3,1611,2,383,4,1994,California
Mariposa,2021-02-15,8,2211,2,225,6,1986,0,0,7,1617,1,384,7,2001,California
Mariposa,2021-02-16,19,2230,2,227,17,2003,0,0,8,1624,11,395,18,2019,California
Mariposa,2021-02-17,20,2250,2,229,18,2021,0,0,9,1630,10,405,16,2035,California
Mariposa,2021-02-18,56,2306,3,232,53,2074,0,0,13,1600,43,448,13,2048,California
Mariposa,2021-02-19,74,2380,0,232,74,2148,0,0,33,1632,41,489,73,2121,California
Mariposa,2021-02-20,254,2634,4,236,250,2398,0,0,169,1769,85,574,222,2343,California
Mariposa,2021-02-21,231,2865,2,238,229,2627,0,0,230,1998,1,575,230,2573,California
Mariposa,2021-02-22,15,2880,2,240,13,2640,0,0,15,2013,0,575,15,2588,California
Mariposa,2021-02-23,6,2886,3,243,3,2643,0,0,4,2016,2,577,5,2593,California
Mariposa,2021-02-24,18,2904,1,244,17,2660,0,0,2,2002,16,593,2,2595,California
Mariposa,2021-02-25,6,2910,3,247,3,2663,0,0,3,2002,3,596,3,2598,California
Mariposa,2021-02-26,410,3320,3,250,407,3070,0,0,251,2198,159,755,355,2953,California
Mariposa,2021-02-27,153,3473,3,253,150,3220,0,0,149,2344,4,759,150,3103,California
Mariposa,2021-02-28,2,3475,1,254,1,3221,0,0,0,2342,2,761,0,3103,California
Mariposa,2021-03-01,55,3530,2,256,53,3274,0,0,7,2301,48,809,7,3110,California
Mariposa,2021-03-02,6,3536,5,261,1,3275,0,0,3,2301,3,812,3,3113,California
Mariposa,2021-03-03,65,3601,1,262,64,3339,0,0,63,2362,2,814,63,3176,California
Mariposa,2021-03-04,15,3616,5,267,10,3349,0,0,5,2360,10,824,8,3184,California
Mariposa,2021-03-05,38,3654,6,273,32,3381,0,0,27,2384,11,835,35,3219,California
Mariposa,2021-03-06,4,3658,1,274,3,3384,0,0,4,2388,0,835,4,3223,California
Mariposa,2021-03-08,36,3694,2,276,23,3407,11,11,7,2377,29,864,18,3241,California
Mariposa,2021-03-09,24,3718,2,278,11,3418,11,22,9,2382,15,879,20,3261,California
Mariposa,2021-03-10,15,3733,3,281,3,3421,9,31,3,2382,12,891,12,3273,California
Mariposa,2021-03-11,455,4188,5,286,432,3853,18,49,172,2340,282,1173,240,3513,California
Mariposa,2021-03-12,241,4429,2,288,211,4064,28,77,96,2328,145,1318,133,3646,California
Mariposa,2021-03-13,23,4452,3,291,5,4069,15,92,4,2329,19,1337,20,3666,California
Mariposa,2021-03-14,14,4466,0,291,3,4072,11,103,2,2330,12,1349,13,3679,California
Mariposa,2021-03-15,72,4538,5,296,29,4101,38,141,28,2352,44,1393,66,3745,California
Mariposa,2021-03-16,44,4582,5,301,5,4106,34,175,7,2356,37,1430,41,3786,California
Mariposa,2021-03-17,51,4633,4,305,42,4148,5,180,43,2398,8,1438,50,3836,California
Mariposa,2021-03-18,44,4677,4,309,31,4179,9,189,32,2427,12,1450,41,3877,California
Mariposa,2021-03-19,327,5004,3,312,314,4493,10,199,294,2698,33,1483,304,4181,California
Mariposa,2021-03-20,418,5422,3,315,414,4907,1,200,44,2371,374,1857,47,4228,California
Mariposa,2021-03-21,8,5430,7,322,0,4907,1,201,5,2374,3,1860,6,4234,California
Mariposa,2021-03-22,35,5465,5,327,19,4926,11,212,21,2394,14,1874,34,4268,California
Mariposa,2021-03-23,19,5484,4,331,2,4928,13,225,1,2390,18,1892,14,4282,California
Mariposa,2021-03-24,9,5493,1,332,6,4934,2,227,7,2397,2,1894,9,4291,California
Mariposa,2021-03-25,7,5500,5,337,2,4936,0,227,3,2396,4,1898,3,4294,California
Mariposa,2021-03-26,42,5542,9,346,31,4967,2,229,27,2410,15,1913,29,4323,California
Mariposa,2021-03-27,8,5550,3,349,5,4972,0,229,2,2407,6,1919,3,4326,California
Mariposa,2021-03-28,2,5552,0,349,1,4973,1,230,0,2406,2,1921,1,4327,California
Mariposa,2021-03-29,13,5565,2,351,11,4984,0,230,7,2407,6,1927,7,4334,California
Mariposa,2021-03-30,2,5567,0,351,2,4986,0,230,0,2405,2,1929,0,4334,California
Mariposa,2021-03-31,11,5578,3,354,8,4994,0,230,2,2398,9,1938,2,4336,California
Mendocino,2020-12-17,70,70,70,70,0,0,0,0,70,70,0,0,70,70,California
Mendocino,2020-12-18,86,156,85,155,1,1,0,0,85,155,0,0,85,155,California
Mendocino,2020-12-19,3,159,3,158,0,1,0,0,3,158,0,0,3,158,California
Mendocino,2020-12-20,7,166,7,165,0,1,0,0,7,165,0,0,7,165,California
Mendocino,2020-12-21,245,411,245,410,0,1,0,0,76,241,0,0,76,241,California
Mendocino,2020-12-22,248,659,188,598,60,61,0,0,248,489,0,0,248,489,California
Mendocino,2020-12-23,272,931,48,646,224,285,0,0,271,760,0,0,271,760,California
Mendocino,2020-12-24,49,980,8,654,41,326,0,0,49,809,0,0,49,809,California
Mendocino,2020-12-25,1,981,0,654,1,327,0,0,1,810,0,0,1,810,California
Mendocino,2020-12-26,2,983,2,656,0,327,0,0,2,812,0,0,2,812,California
Mendocino,2020-12-27,1,984,0,656,1,328,0,0,1,813,0,0,1,813,California
Mendocino,2020-12-28,73,1057,8,664,65,393,0,0,73,886,0,0,73,886,California
Mendocino,2020-12-29,120,1177,60,724,60,453,0,0,120,1006,0,0,120,1006,California
Mendocino,2020-12-30,120,1297,66,790,54,507,0,0,120,1126,0,0,120,1126,California
Mendocino,2020-12-31,130,1427,95,885,35,542,0,0,130,1256,0,0,130,1256,California
Mendocino,2021-01-01,4,1431,2,887,2,544,0,0,4,1260,0,0,4,1260,California
Mendocino,2021-01-02,1,1432,1,888,0,544,0,0,1,1261,0,0,1,1261,California
Mendocino,2021-01-04,837,2269,15,903,822,1366,0,0,837,2098,0,0,837,2098,California
Mendocino,2021-01-05,71,2340,35,938,36,1402,0,0,58,2143,13,13,58,2156,California
Mendocino,2021-01-06,150,2490,129,1067,21,1423,0,0,140,2273,10,23,140,2296,California
Mendocino,2021-01-07,356,2846,237,1304,119,1542,0,0,293,2503,63,86,293,2589,California
Mendocino,2021-01-08,95,2941,82,1386,13,1555,0,0,41,2491,54,140,42,2631,California
Mendocino,2021-01-09,8,2949,4,1390,4,1559,0,0,6,2495,2,142,6,2637,California
Mendocino,2021-01-10,8,2957,8,1398,0,1559,0,0,1,2489,7,149,1,2638,California
Mendocino,2021-01-11,99,3056,90,1488,9,1568,0,0,41,2473,57,206,41,2679,California
Mendocino,2021-01-12,387,3443,376,1864,11,1579,0,0,272,2630,115,321,272,2951,California
Mendocino,2021-01-13,479,3922,144,2008,335,1914,0,0,439,3032,38,359,440,3391,California
Mendocino,2021-01-14,633,4555,20,2028,613,2527,0,0,624,3647,9,368,624,4015,California
Mendocino,2021-01-15,1852,6407,859,2887,993,3520,0,0,1847,5490,5,373,1848,5863,California
Mendocino,2021-01-16,792,7199,51,2938,741,4261,0,0,790,6278,2,375,790,6653,California
Mendocino,2021-01-17,553,7752,1,2939,552,4813,0,0,552,6829,1,376,552,7205,California
Mendocino,2021-01-18,488,8240,463,3402,25,4838,0,0,476,7293,12,388,476,7681,California
Mendocino,2021-01-19,328,8568,146,3548,182,5020,0,0,153,7271,175,563,153,7834,California
Mendocino,2021-01-20,549,9117,402,3950,147,5167,0,0,445,7614,102,665,445,8279,California
Mendocino,2021-01-21,525,9642,219,4169,306,5473,0,0,342,7774,182,847,342,8621,California
Mendocino,2021-01-22,147,9789,58,4227,89,5562,0,0,108,7843,39,886,108,8729,California
Mendocino,2021-01-23,155,9944,83,4310,72,5634,0,0,149,7986,6,892,149,8878,California
Mendocino,2021-01-24,5,9949,3,4313,2,5636,0,0,5,7991,0,892,5,8883,California
Mendocino,2021-01-25,189,10138,15,4328,174,5810,0,0,121,8044,68,960,121,9004,California
Mendocino,2021-01-26,155,10293,57,4385,98,5908,0,0,95,8079,60,1020,95,9099,California
Mendocino,2021-01-27,426,10719,358,4743,68,5976,0,0,172,8001,250,1270,172,9271,California
Mendocino,2021-01-28,548,11267,513,5256,35,6011,0,0,459,8371,89,1359,459,9730,California
Mendocino,2021-01-29,388,11655,348,5604,40,6051,0,0,359,8702,29,1388,360,10090,California
Mendocino,2021-01-30,45,11700,27,5631,18,6069,0,0,41,8739,4,1392,41,10131,California
Mendocino,2021-01-31,275,11975,2,5633,273,6342,0,0,3,8470,272,1664,3,10134,California
Mendocino,2021-02-01,372,12347,48,5681,324,6666,0,0,53,8204,319,1983,53,10187,California
Mendocino,2021-02-02,684,13031,501,6182,183,6849,0,0,326,8172,358,2341,326,10513,California
Mendocino,2021-02-03,386,13417,203,6385,183,7032,0,0,219,8226,165,2506,219,10732,California
Mendocino,2021-02-04,586,14003,528,6913,58,7090,0,0,463,8566,123,2629,463,11195,California
Mendocino,2021-02-05,1306,15309,1216,8129,90,7180,0,0,590,8442,714,3343,590,11785,California
Mendocino,2021-02-06,557,15866,157,8286,400,7580,0,0,542,8969,15,3358,542,12327,California
Mendocino,2021-02-07,29,15895,25,8311,4,7584,0,0,29,8998,0,3358,29,12356,California
Mendocino,2021-02-08,744,16639,714,9025,30,7614,0,0,282,8818,462,3820,282,12638,California
Mendocino,2021-02-09,102,16741,58,9083,44,7658,0,0,50,8816,52,3872,50,12688,California
Mendocino,2021-02-10,1474,18215,922,10005,552,8210,0,0,742,8832,726,4598,742,13430,California
Mendocino,2021-02-11,1070,19285,206,10211,864,9074,0,0,232,8226,838,5436,232,13662,California
Mendocino,2021-02-12,989,20274,155,10366,834,9908,0,0,227,7693,761,6197,228,13890,California
Mendocino,2021-02-13,492,20766,12,10378,480,10388,0,0,99,7404,393,6590,104,13994,California
Mendocino,2021-02-14,695,21461,1,10379,694,11082,0,0,135,6979,560,7150,135,14129,California
Mendocino,2021-02-15,204,21665,40,10419,164,11246,0,0,167,7109,37,7187,167,14296,California
Mendocino,2021-02-16,195,21860,49,10468,146,11392,0,0,128,7170,67,7254,128,14424,California
Mendocino,2021-02-17,1347,23207,1186,11654,161,11553,0,0,874,7574,471,7725,875,15299,California
Mendocino,2021-02-18,1075,24282,640,12294,435,11988,0,0,544,7587,531,8256,544,15843,California
Mendocino,2021-02-19,701,24983,146,12440,555,12543,0,0,562,8010,139,8395,562,16405,California
Mendocino,2021-02-20,567,25550,541,12981,26,12569,0,0,538,8521,27,8422,538,16943,California
Mendocino,2021-02-21,22,25572,4,12985,18,12587,0,0,11,8521,11,8433,11,16954,California
Mendocino,2021-02-22,161,25733,30,13015,131,12718,0,0,71,8502,90,8523,71,17025,California
Mendocino,2021-02-23,660,26393,646,13661,14,12732,0,0,610,9063,49,8572,610,17635,California
Mendocino,2021-02-24,1813,28206,1731,15392,82,12814,0,0,1407,10067,403,8975,1407,19042,California
Mendocino,2021-02-25,1236,29442,535,15927,701,13515,0,0,877,10585,359,9334,877,19919,California
Mendocino,2021-02-26,1387,30829,745,16672,642,14157,0,0,1024,11248,361,9695,1024,20943,California
Mendocino,2021-02-27,195,31024,150,16822,45,14202,0,0,73,11201,120,9815,73,21016,California
Mendocino,2021-02-28,38,31062,16,16838,22,14224,0,0,26,11215,12,9827,26,21042,California
Mendocino,2021-03-01,568,31630,524,17362,44,14268,0,0,531,11709,37,9864,531,21573,California
Mendocino,2021-03-02,68,31698,24,17386,44,14312,0,0,39,11720,28,9892,39,21612,California
Mendocino,2021-03-03,1601,33299,1250,18636,351,14663,0,0,981,12083,618,10510,981,22593,California
Mendocino,2021-03-04,1283,34582,146,18782,1137,15800,0,0,1144,13091,137,10647,1145,23738,California
Mendocino,2021-03-05,176,34758,116,18898,51,15851,9,9,101,13128,73,10720,110,23848,California
Mendocino,2021-03-06,240,34998,18,18916,199,16050,23,32,203,13317,37,10757,226,24074,California
Mendocino,2021-03-07,485,35483,6,18922,459,16509,20,52,103,13058,381,11138,122,24196,California
Mendocino,2021-03-08,128,35611,33,18955,59,16568,36,88,69,13105,58,11196,105,24301,California
Mendocino,2021-03-09,425,36036,216,19171,178,16746,31,119,341,13393,84,11280,372,24673,California
Mendocino,2021-03-10,1003,37039,929,20100,67,16813,7,126,270,12942,730,12010,279,24952,California
Mendocino,2021-03-11,772,37811,563,20663,155,16968,54,180,357,12943,410,12420,411,25363,California
Mendocino,2021-03-12,1240,39051,976,21639,170,17138,94,274,987,13772,252,12672,1081,26444,California
Mendocino,2021-03-13,569,39620,491,22130,28,17166,50,324,81,13419,484,13156,131,26575,California
Mendocino,2021-03-14,64,39684,3,22133,54,17220,7,331,6,13375,57,13213,13,26588,California
Mendocino,2021-03-15,600,40284,55,22188,489,17709,56,387,214,13261,384,13597,270,26858,California
Mendocino,2021-03-16,559,40843,364,22552,152,17861,43,430,134,13015,424,14021,178,27036,California
Mendocino,2021-03-17,1476,42319,1286,23838,53,17914,137,567,200,12091,1275,15296,351,27387,California
Mendocino,2021-03-18,411,42730,175,24013,200,18114,36,603,154,12028,254,15550,191,27578,California
Mendocino,2021-03-19,1658,44388,832,24845,778,18892,48,651,325,11078,1328,16878,378,27956,California
Mendocino,2021-03-20,62,44450,10,24855,32,18924,20,671,16,11068,46,16924,36,27992,California
Mendocino,2021-03-21,11,44461,2,24857,4,18928,5,676,3,11069,8,16932,9,28001,California
Mendocino,2021-03-22,614,45075,572,25429,15,18943,27,703,146,10777,466,17398,174,28175,California
Mendocino,2021-03-23,168,45243,34,25463,104,19047,30,733,117,10873,51,17449,147,28322,California
Mendocino,2021-03-24,902,46145,824,26287,32,19079,46,779,120,10320,781,18230,228,28550,California
Mendocino,2021-03-25,1258,47403,58,26345,1183,20262,17,796,165,9416,1092,19322,188,28738,California
Mendocino,2021-03-26,506,47909,368,26713,118,20380,20,816,337,9607,167,19489,358,29096,California
Mendocino,2021-03-27,144,48053,14,26727,120,20500,10,826,89,9653,54,19543,100,29196,California
Mendocino,2021-03-28,31,48084,9,26736,18,20518,4,830,8,9643,22,19565,12,29208,California
Mendocino,2021-03-29,166,48250,79,26815,45,20563,42,872,73,9666,93,19658,116,29324,California
Mendocino,2021-03-30,623,48873,560,27375,38,20601,25,897,388,9847,232,19890,413,29737,California
Mendocino,2021-03-31,371,49244,33,27408,293,20894,45,942,203,9929,166,20056,248,29985,California
Merced,2020-12-16,3,3,3,3,0,0,0,0,3,3,0,0,3,3,California
Merced,2020-12-17,6,9,6,9,0,0,0,0,6,9,0,0,6,9,California
Merced,2020-12-18,144,153,144,153,0,0,0,0,144,153,0,0,144,153,California
Merced,2020-12-19,38,191,38,191,0,0,0,0,38,191,0,0,38,191,California
Merced,2020-12-20,18,209,17,208,1,1,0,0,18,209,0,0,18,209,California
Merced,2020-12-21,129,338,126,334,3,4,0,0,129,338,0,0,129,338,California
Merced,2020-12-22,162,500,162,496,0,4,0,0,162,500,0,0,162,500,California
Merced,2020-12-23,304,804,289,785,15,19,0,0,304,804,0,0,304,804,California
Merced,2020-12-24,70,874,70,855,0,19,0,0,70,874,0,0,70,874,California
Merced,2020-12-25,5,879,5,860,0,19,0,0,5,879,0,0,5,879,California
Merced,2020-12-26,7,886,4,864,3,22,0,0,7,886,0,0,7,886,California
Merced,2020-12-27,12,898,11,875,1,23,0,0,12,898,0,0,12,898,California
Merced,2020-12-28,125,1023,100,975,25,48,0,0,125,1023,0,0,125,1023,California
Merced,2020-12-29,188,1211,134,1109,54,102,0,0,188,1211,0,0,188,1211,California
Merced,2020-12-30,239,1450,93,1202,146,248,0,0,238,1449,0,0,238,1449,California
Merced,2020-12-31,127,1577,39,1241,88,336,0,0,124,1573,0,0,124,1573,California
Merced,2021-01-02,127,1704,116,1357,11,347,0,0,128,1701,0,0,128,1701,California
Merced,2021-01-03,9,1713,5,1362,4,351,0,0,9,1710,0,0,9,1710,California
Merced,2021-01-04,83,1796,40,1402,43,394,0,0,83,1793,0,0,83,1793,California
Merced,2021-01-05,319,2115,230,1632,89,483,0,0,321,2110,5,5,322,2115,California
Merced,2021-01-06,273,2388,98,1730,175,658,0,0,267,2371,6,11,267,2382,California
Merced,2021-01-07,192,2580,80,1810,112,770,0,0,191,2550,12,23,191,2573,California
Merced,2021-01-08,543,3123,400,2210,143,913,0,0,398,2798,150,173,398,2971,California
Merced,2021-01-09,24,3147,11,2221,13,926,0,0,18,2810,6,179,18,2989,California
Merced,2021-01-10,10,3157,6,2227,4,930,0,0,6,2812,4,183,6,2995,California
Merced,2021-01-11,244,3401,170,2397,74,1004,0,0,117,2805,125,308,118,3113,California
Merced,2021-01-12,312,3713,163,2560,149,1153,0,0,258,3006,57,365,258,3371,California
Merced,2021-01-13,451,4164,233,2793,218,1371,0,0,237,3037,208,573,239,3610,California
Merced,2021-01-14,355,4519,214,3007,141,1512,0,0,184,3053,170,743,186,3796,California
Merced,2021-01-15,684,5203,147,3154,537,2049,0,0,661,3677,39,782,663,4459,California
Merced,2021-01-16,240,5443,153,3307,87,2136,0,0,235,3907,5,787,235,4694,California
Merced,2021-01-17,48,5491,11,3318,37,2173,0,0,47,3953,1,788,47,4741,California
Merced,2021-01-18,331,5822,154,3472,177,2350,0,0,309,4243,22,810,312,5053,California
Merced,2021-01-19,736,6558,583,4055,153,2503,0,0,554,4619,182,992,558,5611,California
Merced,2021-01-20,595,7153,488,4543,107,2610,0,0,531,5088,64,1056,533,6144,California
Merced,2021-01-21,1058,8211,688,5231,370,2980,0,0,959,5950,100,1156,962,7106,California
Merced,2021-01-22,1394,9605,713,5944,681,3661,0,0,1371,7307,25,1181,1382,8488,California
Merced,2021-01-23,309,9914,184,6128,125,3786,0,0,205,7407,105,1286,205,8693,California
Merced,2021-01-24,34,9948,16,6144,18,3804,0,0,24,7422,9,1295,24,8717,California
Merced,2021-01-25,781,10729,269,6413,512,4316,0,0,705,8068,59,1354,705,9422,California
Merced,2021-01-26,944,11673,480,6893,464,4780,0,0,688,8549,209,1563,690,10112,California
Merced,2021-01-27,1031,12704,584,7477,447,5227,0,0,842,9230,162,1725,843,10955,California
Merced,2021-01-28,1204,13908,587,8064,617,5844,0,0,1045,10141,135,1860,1046,12001,California
Merced,2021-01-29,912,14820,339,8403,573,6417,0,0,656,10557,243,2103,659,12660,California
Merced,2021-01-30,286,15106,25,8428,261,6678,0,0,271,10813,15,2118,271,12931,California
Merced,2021-01-31,48,15154,12,8440,36,6714,0,0,45,10855,3,2121,45,12976,California
Merced,2021-02-01,373,15527,51,8491,322,7036,0,0,324,11130,49,2170,324,13300,California
Merced,2021-02-02,302,15829,184,8675,118,7154,0,0,182,11195,118,2288,183,13483,California
Merced,2021-02-03,403,16232,73,8748,330,7484,0,0,206,11204,197,2485,206,13689,California
Merced,2021-02-04,433,16665,158,8906,275,7759,0,0,279,11333,151,2636,280,13969,California
Merced,2021-02-05,629,17294,216,9122,413,8172,0,0,327,11372,289,2925,328,14297,California
Merced,2021-02-06,442,17736,248,9370,194,8366,0,0,271,11474,169,3094,271,14568,California
Merced,2021-02-07,19,17755,12,9382,7,8373,0,0,12,11479,7,3101,12,14580,California
Merced,2021-02-08,327,18082,222,9604,105,8478,0,0,187,11530,137,3238,188,14768,California
Merced,2021-02-09,1278,19360,960,10564,318,8796,0,0,805,11880,456,3694,806,15574,California
Merced,2021-02-10,1923,21283,1439,12003,484,9280,0,0,1337,12638,579,4273,1337,16911,California
Merced,2021-02-11,2619,23902,2049,14052,570,9850,0,0,1863,13751,750,5023,1863,18774,California
Merced,2021-02-12,1892,25794,1063,15115,829,10679,0,0,836,13544,1043,6066,836,19610,California
Merced,2021-02-13,367,26161,206,15321,161,10840,0,0,273,13724,94,6160,274,19884,California
Merced,2021-02-14,117,26278,27,15348,90,10930,0,0,92,13794,25,6185,95,19979,California
Merced,2021-02-15,272,26550,39,15387,233,11163,0,0,167,13862,100,6285,168,20147,California
Merced,2021-02-16,1292,27842,866,16253,426,11589,0,0,783,14239,491,6776,868,21015,California
Merced,2021-02-17,1949,29791,1681,17934,268,11857,0,0,1355,15032,582,7358,1375,22390,California
Merced,2021-02-18,1316,31107,851,18785,465,12322,0,0,444,14643,847,8205,458,22848,California
Merced,2021-02-19,1311,32418,427,19212,884,13206,0,0,555,14461,750,8955,568,23416,California
Merced,2021-02-20,276,32694,32,19244,244,13450,0,0,142,14472,131,9086,142,23558,California
Merced,2021-02-21,75,32769,60,19304,15,13465,0,0,26,14453,49,9135,30,23588,California
Merced,2021-02-22,918,33687,367,19671,551,14016,0,0,569,14674,348,9483,569,24157,California
Merced,2021-02-23,1184,34871,488,20159,696,14712,0,0,692,14922,488,9971,736,24893,California
Merced,2021-02-24,850,35721,298,20457,552,15264,0,0,462,15009,380,10351,467,25360,California
Merced,2021-02-25,1815,37536,851,21308,964,16228,0,0,1335,15883,465,10816,1339,26699,California
Merced,2021-02-26,2355,39891,1505,22813,850,17078,0,0,1915,17363,440,11256,1920,28619,California
Merced,2021-02-27,2594,42485,1006,23819,1587,18665,1,1,2284,19339,311,11567,2287,30906,California
Merced,2021-02-28,322,42807,67,23886,255,18920,0,1,274,19568,46,11613,275,31181,California
Merced,2021-03-01,1200,44007,285,24171,915,19835,0,1,854,20081,341,11954,854,32035,California
Merced,2021-03-02,1800,45807,919,25090,881,20716,0,1,1397,21092,386,12340,1397,33432,California
Merced,2021-03-03,2321,48128,1799,26889,521,21237,1,2,1536,21870,761,13101,1539,34971,California
Merced,2021-03-04,3086,51214,2436,29325,648,21885,2,4,2174,23071,975,14076,2176,37147,California
Merced,2021-03-05,2420,53634,1514,30839,883,22768,23,27,1804,24316,599,14675,1844,38991,California
Merced,2021-03-06,1014,54648,492,31331,502,23270,20,47,739,24802,274,14949,760,39751,California
Merced,2021-03-07,252,54900,56,31387,172,23442,24,71,223,25020,29,14978,247,39998,California
Merced,2021-03-08,1222,56122,607,31994,551,23993,64,135,1011,25885,210,15188,1075,41073,California
Merced,2021-03-09,1659,57781,957,32951,590,24583,112,247,1042,26431,611,15799,1157,42230,California
Merced,2021-03-10,2921,60702,2023,34974,684,25267,214,461,1798,27335,1111,16910,2015,44245,California
Merced,2021-03-11,1925,62627,640,35614,1085,26352,200,661,1353,28329,566,17476,1560,45805,California
Merced,2021-03-12,2403,65030,1071,36685,1080,27432,252,913,1619,29453,780,18256,1904,47709,California
Merced,2021-03-13,673,65703,318,37003,118,27550,237,1150,355,29741,316,18572,604,48313,California
Merced,2021-03-14,171,65874,99,37102,42,27592,30,1180,100,29801,71,18643,131,48444,California
Merced,2021-03-15,1548,67422,512,37614,770,28362,266,1446,1011,30558,526,19169,1283,49727,California
Merced,2021-03-16,1538,68960,780,38394,535,28897,223,1669,1045,31342,483,19652,1267,50994,California
Merced,2021-03-17,2209,71169,1267,39661,763,29660,179,1848,1742,32806,461,20113,1925,52919,California
Merced,2021-03-18,1958,73127,1098,40759,706,30366,154,2002,1326,33679,621,20734,1494,54413,California
Merced,2021-03-19,2952,76079,1686,42445,1071,31437,195,2197,1559,34057,1380,22114,1758,56171,California
Merced,2021-03-20,1825,77904,1215,43660,516,31953,94,2291,1149,34631,671,22785,1245,57416,California
Merced,2021-03-21,674,78578,341,44001,318,32271,15,2306,555,35085,118,22903,572,57988,California
Merced,2021-03-22,1125,79703,486,44487,555,32826,84,2390,736,35528,379,23282,822,58810,California
Merced,2021-03-23,1834,81537,1160,45647,612,33438,62,2452,1374,36507,459,23741,1438,60248,California
Merced,2021-03-24,1324,82861,839,46486,442,33880,43,2495,981,37200,333,24074,1026,61274,California
Merced,2021-03-25,3171,86032,2180,48666,974,34854,17,2512,2049,38153,1116,25190,2069,63343,California
Merced,2021-03-26,1747,87779,995,49661,740,35594,12,2524,811,38053,926,26116,826,64169,California
Merced,2021-03-27,2107,89886,999,50660,1046,36640,62,2586,793,37603,1307,27423,857,65026,California
Merced,2021-03-28,454,90340,206,50866,242,36882,6,2592,215,37589,239,27662,225,65251,California
Merced,2021-03-29,1397,91737,444,51310,715,37597,238,2830,475,37397,918,28580,726,65977,California
Merced,2021-03-30,1707,93444,727,52037,959,38556,21,2851,658,37041,1044,29624,688,66665,California
Merced,2021-03-31,963,94407,679,52716,278,38834,6,2857,353,36800,605,30229,364,67029,California
Modoc,2020-12-16,1,1,1,1,0,0,0,0,1,1,0,0,1,1,California
Modoc,2020-12-21,100,101,100,101,0,0,0,0,100,101,0,0,100,101,California
Modoc,2020-12-22,14,115,14,115,0,0,0,0,14,115,0,0,14,115,California
Modoc,2020-12-23,4,119,4,119,0,0,0,0,4,119,0,0,4,119,California
Modoc,2020-12-24,1,120,1,120,0,0,0,0,1,120,0,0,1,120,California
Modoc,2020-12-28,2,122,2,122,0,0,0,0,2,122,0,0,2,122,California
Modoc,2020-12-29,10,132,1,123,9,9,0,0,10,132,0,0,10,132,California
Modoc,2020-12-30,7,139,0,123,7,16,0,0,7,139,0,0,7,139,California
Modoc,2021-01-02,2,141,0,123,2,18,0,0,2,141,0,0,2,141,California
Modoc,2021-01-04,8,149,0,123,8,26,0,0,8,149,0,0,8,149,California
Modoc,2021-01-05,2,151,1,124,1,27,0,0,2,151,0,0,2,151,California
Modoc,2021-01-06,3,154,2,126,1,28,0,0,2,152,1,1,2,153,California
Modoc,2021-01-07,72,226,0,126,72,100,0,0,72,224,0,1,72,225,California
Modoc,2021-01-08,105,331,0,126,105,205,0,0,105,329,0,1,105,330,California
Modoc,2021-01-10,1,332,1,127,0,205,0,0,0,328,1,2,0,330,California
Modoc,2021-01-11,92,424,82,209,10,215,0,0,19,274,73,75,19,349,California
Modoc,2021-01-12,94,518,25,234,69,284,0,0,68,316,26,101,68,417,California
Modoc,2021-01-13,24,542,4,238,20,304,0,0,22,336,2,103,22,439,California
Modoc,2021-01-14,129,671,6,244,123,427,0,0,124,455,5,108,124,563,California
Modoc,2021-01-15,6,677,1,245,5,432,0,0,6,461,0,108,6,569,California
Modoc,2021-01-16,1,678,1,246,0,432,0,0,1,462,0,108,1,570,California
Modoc,2021-01-18,1,679,1,247,0,432,0,0,1,463,0,108,1,571,California
Modoc,2021-01-19,5,684,3,250,2,434,0,0,3,464,2,110,3,574,California
Modoc,2021-01-20,11,695,1,251,10,444,0,0,11,475,0,110,11,585,California
Modoc,2021-01-21,158,853,2,253,156,600,0,0,158,633,0,110,158,743,California
Modoc,2021-01-22,2,855,0,253,2,602,0,0,2,635,0,110,2,745,California
Modoc,2021-01-25,12,867,1,254,11,613,0,0,12,647,0,110,12,757,California
Modoc,2021-01-26,65,932,1,255,64,677,0,0,65,712,0,110,65,822,California
Modoc,2021-01-27,41,973,2,257,39,716,0,0,25,721,16,126,25,847,California
Modoc,2021-01-28,144,1117,1,258,143,859,0,0,144,865,0,126,144,991,California
Modoc,2021-01-29,3,1120,1,259,2,861,0,0,3,868,0,126,3,994,California
Modoc,2021-02-01,24,1144,11,270,13,874,0,0,11,866,13,139,11,1005,California
Modoc,2021-02-02,170,1314,2,272,168,1042,0,0,167,1030,3,142,167,1172,California
Modoc,2021-02-03,19,1333,13,285,6,1048,0,0,12,1035,7,149,12,1184,California
Modoc,2021-02-04,155,1488,4,289,151,1199,0,0,27,934,128,277,27,1211,California
Modoc,2021-02-05,4,1492,3,292,1,1200,0,0,3,936,1,278,3,1214,California
Modoc,2021-02-08,9,1501,2,294,7,1207,0,0,8,943,1,279,8,1222,California
Modoc,2021-02-09,197,1698,12,306,185,1392,0,0,65,876,132,411,65,1287,California
Modoc,2021-02-10,5,1703,2,308,3,1395,0,0,4,879,1,412,4,1291,California
Modoc,2021-02-11,201,1904,3,311,198,1593,0,0,83,844,118,530,83,1374,California
Modoc,2021-02-12,5,1909,1,312,4,1597,0,0,3,845,2,532,3,1377,California
Modoc,2021-02-13,1,1910,0,312,1,1598,0,0,1,846,0,532,1,1378,California
Modoc,2021-02-16,148,2058,6,318,142,1740,0,0,144,986,4,536,144,1522,California
Modoc,2021-02-17,23,2081,1,319,22,1762,0,0,11,985,12,548,11,1533,California
Modoc,2021-02-18,189,2270,2,321,187,1949,0,0,26,849,162,710,26,1559,California
Modoc,2021-02-19,3,2273,2,323,1,1950,0,0,2,850,1,711,2,1561,California
Modoc,2021-02-20,1,2274,1,324,0,1950,0,0,1,851,0,711,1,1562,California
Modoc,2021-02-22,17,2291,9,333,8,1958,0,0,4,842,13,724,4,1566,California
Modoc,2021-02-23,23,2314,4,337,19,1977,0,0,3,825,20,744,3,1569,California
Modoc,2021-02-24,90,2404,1,338,89,2066,0,0,30,795,60,804,30,1599,California
Modoc,2021-02-25,169,2573,1,339,168,2234,0,0,13,652,156,960,13,1612,California
Modoc,2021-02-26,3,2576,0,339,3,2237,0,0,1,651,2,962,1,1613,California
Modoc,2021-02-27,5,2581,5,344,0,2237,0,0,2,650,3,965,2,1615,California
Modoc,2021-03-01,4,2585,0,344,4,2241,0,0,0,646,4,969,0,1615,California
Modoc,2021-03-02,188,2773,12,356,176,2417,0,0,23,504,165,1134,23,1638,California
Modoc,2021-03-03,12,2785,6,362,6,2423,0,0,2,496,10,1144,2,1640,California
Modoc,2021-03-04,155,2940,2,364,153,2576,0,0,130,601,25,1169,130,1770,California
Modoc,2021-03-05,3,2943,2,366,1,2577,0,0,1,600,2,1171,1,1771,California
Modoc,2021-03-06,10,2953,0,366,0,2577,10,10,0,600,10,1181,10,1781,California
Modoc,2021-03-07,6,2959,1,367,0,2577,5,15,1,601,5,1186,6,1787,California
Modoc,2021-03-08,6,2965,0,367,2,2579,4,19,0,599,6,1192,4,1791,California
Modoc,2021-03-09,121,3086,9,376,104,2683,8,27,57,600,64,1256,65,1856,California
Modoc,2021-03-10,6,3092,3,379,2,2685,1,28,4,603,2,1258,5,1861,California
Modoc,2021-03-11,164,3256,0,379,79,2764,85,113,15,554,149,1407,100,1961,California
Modoc,2021-03-12,7,3263,0,379,4,2768,3,116,4,558,3,1410,7,1968,California
Modoc,2021-03-13,5,3268,0,379,2,2770,3,119,2,560,3,1413,5,1973,California
Modoc,2021-03-14,1,3269,0,379,0,2770,1,120,0,560,1,1414,1,1974,California
Modoc,2021-03-15,11,3280,1,380,9,2779,1,121,10,570,1,1415,11,1985,California
Modoc,2021-03-16,148,3428,1,381,145,2924,2,123,33,490,115,1530,35,2020,California
Modoc,2021-03-17,13,3441,2,383,4,2928,7,130,2,488,11,1541,9,2029,California
Modoc,2021-03-18,58,3499,3,386,50,2978,5,135,28,491,30,1571,33,2062,California
Modoc,2021-03-19,3,3502,0,386,2,2980,1,136,0,489,3,1574,1,2063,California
Modoc,2021-03-20,4,3506,1,387,0,2980,3,139,0,488,4,1578,3,2066,California
Modoc,2021-03-21,4,3510,1,388,1,2981,2,141,2,490,2,1580,4,2070,California
Modoc,2021-03-22,16,3526,1,389,9,2990,6,147,10,500,6,1586,16,2086,California
Modoc,2021-03-23,32,3558,3,392,27,3017,2,149,25,520,7,1593,27,2113,California
Modoc,2021-03-24,28,3586,1,393,18,3035,9,158,2,505,26,1619,11,2124,California
Modoc,2021-03-25,61,3647,2,395,57,3092,2,160,29,504,32,1651,31,2155,California
Modoc,2021-03-26,6,3653,2,397,1,3093,3,163,1,503,5,1656,4,2159,California
Modoc,2021-03-27,2,3655,0,397,1,3094,1,164,1,504,1,1657,2,2161,California
Modoc,2021-03-29,12,3667,0,397,4,3098,8,172,4,508,8,1665,12,2173,California
Modoc,2021-03-30,54,3721,9,406,39,3137,6,178,21,505,33,1698,30,2203,California
Modoc,2021-03-31,4,3725,2,408,2,3139,0,178,2,505,2,1700,2,2205,California
Mono,2020-12-18,1,1,1,1,0,0,0,0,1,1,0,0,1,1,California
Mono,2020-12-19,5,6,5,6,0,0,0,0,5,6,0,0,5,6,California
Mono,2020-12-20,7,13,7,13,0,0,0,0,7,13,0,0,7,13,California
Mono,2020-12-21,23,36,16,29,7,7,0,0,23,36,0,0,23,36,California
Mono,2020-12-22,66,102,65,94,1,8,0,0,66,102,0,0,66,102,California
Mono,2020-12-23,70,172,42,136,28,36,0,0,70,172,0,0,70,172,California
Mono,2020-12-24,3,175,1,137,2,38,0,0,3,175,0,0,3,175,California
Mono,2020-12-26,3,178,3,140,0,38,0,0,3,178,0,0,3,178,California
Mono,2020-12-28,94,272,63,203,31,69,0,0,94,272,0,0,94,272,California
Mono,2020-12-29,29,301,29,232,0,69,0,0,29,301,0,0,29,301,California
Mono,2020-12-30,76,377,35,267,41,110,0,0,76,377,0,0,76,377,California
Mono,2020-12-31,4,381,1,268,3,113,0,0,4,381,0,0,4,381,California
Mono,2021-01-01,1,382,1,269,0,113,0,0,1,382,0,0,1,382,California
Mono,2021-01-04,1,383,0,269,1,114,0,0,1,383,0,0,1,383,California
Mono,2021-01-05,45,428,2,271,43,157,0,0,44,426,1,1,44,427,California
Mono,2021-01-06,44,472,0,271,44,201,0,0,44,470,0,1,44,471,California
Mono,2021-01-07,56,528,4,275,52,253,0,0,55,524,1,2,55,526,California
Mono,2021-01-08,2,530,1,276,1,254,0,0,1,524,1,3,1,527,California
Mono,2021-01-09,4,534,4,280,0,254,0,0,0,520,4,7,0,527,California
Mono,2021-01-10,5,539,5,285,0,254,0,0,0,515,5,12,0,527,California
Mono,2021-01-11,7,546,4,289,3,257,0,0,4,516,3,15,4,531,California
Mono,2021-01-12,283,829,76,365,207,464,0,0,218,670,64,79,218,749,California
Mono,2021-01-13,235,1064,74,439,161,625,0,0,180,795,55,134,180,929,California
Mono,2021-01-14,75,1139,73,512,2,627,0,0,75,870,0,134,75,1004,California
Mono,2021-01-15,60,1199,2,514,58,685,0,0,60,930,0,134,60,1064,California
Mono,2021-01-16,4,1203,3,517,1,686,0,0,1,928,3,137,1,1065,California
Mono,2021-01-18,63,1266,54,571,9,695,0,0,2,869,61,198,2,1067,California
Mono,2021-01-19,209,1475,207,778,2,697,0,0,172,1004,37,235,172,1239,California
Mono,2021-01-20,233,1708,203,981,30,727,0,0,172,1115,61,296,172,1411,California
Mono,2021-01-21,3,1711,3,984,0,727,0,0,3,1118,0,296,3,1414,California
Mono,2021-01-22,4,1715,0,984,4,731,0,0,4,1122,0,296,4,1418,California
Mono,2021-01-23,601,2316,601,1585,0,731,0,0,601,1723,0,296,601,2019,California
Mono,2021-01-25,208,2524,170,1755,38,769,0,0,170,1857,38,334,172,2191,California
Mono,2021-01-26,512,3036,510,2265,2,771,0,0,508,2361,4,338,508,2699,California
Mono,2021-01-27,5,3041,1,2266,4,775,0,0,5,2366,0,338,5,2704,California
Mono,2021-01-28,6,3047,2,2268,4,779,0,0,2,2364,4,342,2,2706,California
Mono,2021-01-30,201,3248,199,2467,2,781,0,0,201,2565,0,342,201,2907,California
Mono,2021-01-31,242,3490,137,2604,105,886,0,0,138,2601,104,446,140,3047,California
Mono,2021-02-01,29,3519,28,2632,1,887,0,0,0,2573,28,474,0,3047,California
Mono,2021-02-02,5,3524,0,2632,5,892,0,0,2,2572,3,477,2,3049,California
Mono,2021-02-03,4,3528,1,2633,3,895,0,0,2,2572,2,479,2,3051,California
Mono,2021-02-04,213,3741,160,2793,53,948,0,0,90,2539,123,602,90,3141,California
Mono,2021-02-05,625,4366,619,3412,6,954,0,0,622,3158,3,605,622,3763,California
Mono,2021-02-06,140,4506,139,3551,1,955,0,0,139,3296,1,606,139,3902,California
Mono,2021-02-07,2,4508,0,3551,2,957,0,0,2,3298,0,606,2,3904,California
Mono,2021-02-08,172,4680,172,3723,0,957,0,0,16,3158,156,762,16,3920,California
Mono,2021-02-09,227,4907,5,3728,222,1179,0,0,15,2961,212,974,15,3935,California
Mono,2021-02-10,533,5440,187,3915,346,1525,0,0,191,2810,342,1316,191,4126,California
Mono,2021-02-11,6,5446,4,3919,2,1527,0,0,1,2806,5,1321,1,4127,California
Mono,2021-02-12,82,5528,17,3936,65,1592,0,0,24,2772,58,1379,24,4151,California
Mono,2021-02-13,593,6121,593,4529,0,1592,0,0,26,2231,567,1946,26,4177,California
Mono,2021-02-15,171,6292,169,4698,2,1594,0,0,4,2068,167,2113,4,4181,California
Mono,2021-02-16,531,6823,528,5226,3,1597,0,0,47,1632,483,2596,47,4228,California
Mono,2021-02-17,5,6828,2,5228,3,1600,0,0,2,1631,3,2599,2,4230,California
Mono,2021-02-18,1,6829,1,5229,0,1600,0,0,1,1632,0,2599,1,4231,California
Mono,2021-02-19,53,6882,52,5281,1,1601,0,0,53,1685,0,2599,53,4284,California
Mono,2021-02-20,4,6886,4,5285,0,1601,0,0,4,1689,0,2599,4,4288,California
Mono,2021-02-21,3,6889,3,5288,0,1601,0,0,3,1692,0,2599,3,4291,California
Mono,2021-02-22,284,7173,283,5571,1,1602,0,0,23,1455,260,2859,23,4314,California
Mono,2021-02-23,134,7307,115,5686,19,1621,0,0,21,1363,113,2972,21,4335,California
Mono,2021-02-24,6,7313,1,5687,5,1626,0,0,1,1359,5,2977,1,4336,California
Mono,2021-02-25,6,7319,3,5690,3,1629,0,0,3,1361,1,2978,3,4339,California
Mono,2021-02-26,603,7922,603,6293,0,1629,0,0,20,798,583,3561,20,4359,California
Mono,2021-02-27,142,8064,138,6431,4,1633,0,0,4,666,136,3697,4,4363,California
Mono,2021-02-28,2,8066,2,6433,0,1633,0,0,1,667,0,3697,1,4364,California
Mono,2021-03-02,6,8072,4,6437,2,1635,0,0,4,669,2,3699,4,4368,California
Mono,2021-03-03,82,8154,2,6439,80,1715,0,0,79,746,2,3701,79,4447,California
Mono,2021-03-04,6,8160,0,6439,6,1721,0,0,4,748,2,3703,4,4451,California
Mono,2021-03-05,30,8190,25,6464,5,1726,0,0,10,738,20,3723,10,4461,California
Mono,2021-03-06,322,8512,13,6477,309,2035,0,0,318,1053,3,3726,318,4779,California
Mono,2021-03-07,1,8513,0,6477,1,2036,0,0,0,1052,1,3727,0,4779,California
Mono,2021-03-08,453,8966,15,6492,435,2471,3,3,444,1490,9,3736,447,5226,California
Mono,2021-03-09,8,8974,3,6495,4,2475,1,4,5,1494,2,3738,6,5232,California
Mono,2021-03-10,285,9259,93,6588,191,2666,1,5,12,1234,273,4011,13,5245,California
Mono,2021-03-11,12,9271,0,6588,3,2669,9,14,2,1235,10,4021,11,5256,California
Mono,2021-03-12,9,9280,2,6590,2,2671,5,19,0,1231,9,4030,5,5261,California
Mono,2021-03-13,706,9986,335,6925,370,3041,1,20,697,1920,9,4039,698,5959,California
Mono,2021-03-14,4,9990,4,6929,0,3041,0,20,1,1918,3,4042,1,5960,California
Mono,2021-03-15,25,10015,20,6949,2,3043,3,23,12,1920,13,4055,15,5975,California
Mono,2021-03-16,17,10032,7,6956,4,3047,6,29,9,1927,8,4063,15,5990,California
Mono,2021-03-17,21,10053,4,6960,14,3061,3,32,16,1941,5,4068,19,6009,California
Mono,2021-03-18,18,10071,3,6963,8,3069,7,39,8,1946,10,4078,15,6024,California
Mono,2021-03-19,16,10087,1,6964,12,3081,3,42,13,1959,3,4081,16,6040,California
Mono,2021-03-20,3,10090,2,6966,0,3081,1,43,2,1961,1,4082,3,6043,California
Mono,2021-03-21,1,10091,1,6967,0,3081,0,43,1,1962,0,4082,1,6044,California
Mono,2021-03-22,13,10104,1,6968,6,3087,6,49,6,1967,7,4089,12,6056,California
Mono,2021-03-23,40,10144,5,6973,29,3116,6,55,17,1967,23,4112,23,6079,California
Mono,2021-03-24,13,10157,3,6976,6,3122,4,59,8,1974,5,4117,12,6091,California
Mono,2021-03-25,15,10172,1,6977,10,3132,4,63,9,1981,6,4123,13,6104,California
Mono,2021-03-26,19,10191,6,6983,8,3140,5,68,12,1991,7,4130,17,6121,California
Mono,2021-03-27,320,10511,315,7298,5,3145,0,68,296,2264,24,4154,297,6418,California
Mono,2021-03-28,3,10514,2,7300,1,3146,0,68,3,2267,0,4154,3,6421,California
Mono,2021-03-29,9,10523,5,7305,3,3149,1,69,6,2271,3,4157,7,6428,California
Mono,2021-03-30,19,10542,3,7308,12,3161,4,73,13,2282,6,4163,17,6445,California
Mono,2021-03-31,94,10636,6,7314,88,3249,0,73,31,2251,62,4225,31,6476,California
Monterey,2020-12-16,4,4,4,4,0,0,0,0,4,4,0,0,4,4,California
Monterey,2020-12-17,81,85,81,85,0,0,0,0,81,85,0,0,81,85,California
Monterey,2020-12-18,481,566,481,566,0,0,0,0,481,566,0,0,481,566,California
Monterey,2020-12-19,579,1145,579,1145,0,0,0,0,579,1145,0,0,579,1145,California
Monterey,2020-12-20,422,1567,422,1567,0,0,0,0,422,1567,0,0,422,1567,California
Monterey,2020-12-21,721,2288,721,2288,0,0,0,0,721,2288,0,0,721,2288,California
Monterey,2020-12-22,537,2825,524,2812,13,13,0,0,537,2825,0,0,537,2825,California
Monterey,2020-12-23,433,3258,257,3069,176,189,0,0,433,3258,0,0,433,3258,California
Monterey,2020-12-24,82,3340,9,3078,73,262,0,0,82,3340,0,0,82,3340,California
Monterey,2020-12-25,6,3346,0,3078,6,268,0,0,6,3346,0,0,6,3346,California
Monterey,2020-12-26,92,3438,5,3083,87,355,0,0,92,3438,0,0,92,3438,California
Monterey,2020-12-27,6,3444,3,3086,3,358,0,0,6,3444,0,0,6,3444,California
Monterey,2020-12-28,478,3922,26,3112,452,810,0,0,478,3922,0,0,478,3922,California
Monterey,2020-12-29,901,4823,168,3280,733,1543,0,0,901,4823,0,0,901,4823,California
Monterey,2020-12-30,567,5390,97,3377,470,2013,0,0,567,5390,0,0,567,5390,California
Monterey,2020-12-31,34,5424,10,3387,24,2037,0,0,34,5424,0,0,34,5424,California
Monterey,2021-01-01,11,5435,2,3389,9,2046,0,0,11,5435,0,0,11,5435,California
Monterey,2021-01-02,136,5571,133,3522,3,2049,0,0,136,5571,0,0,136,5571,California
Monterey,2021-01-03,30,5601,29,3551,1,2050,0,0,30,5601,0,0,30,5601,California
Monterey,2021-01-04,412,6013,18,3569,394,2444,0,0,412,6013,0,0,412,6013,California
Monterey,2021-01-05,752,6765,326,3895,426,2870,0,0,738,6737,14,14,738,6751,California
Monterey,2021-01-06,654,7419,172,4067,482,3352,0,0,632,7347,22,36,632,7383,California
Monterey,2021-01-07,740,8159,569,4636,171,3523,0,0,418,7445,320,356,418,7801,California
Monterey,2021-01-08,1089,9248,736,5372,353,3876,0,0,395,7146,694,1050,395,8196,California
Monterey,2021-01-09,963,10211,935,6307,28,3904,0,0,313,6809,650,1700,313,8509,California
Monterey,2021-01-10,273,10484,270,6577,3,3907,0,0,7,6550,266,1966,7,8516,California
Monterey,2021-01-11,1061,11545,983,7560,78,3985,0,0,360,6209,701,2667,360,8876,California
Monterey,2021-01-12,462,12007,387,7947,75,4060,0,0,202,6151,260,2927,202,9078,California
Monterey,2021-01-13,1221,13228,592,8539,629,4689,0,0,1176,7282,45,2972,1176,10254,California
Monterey,2021-01-14,1045,14273,92,8631,953,5642,0,0,1027,8294,18,2990,1030,11284,California
Monterey,2021-01-15,1029,15302,39,8670,990,6632,0,0,1018,9301,11,3001,1018,12302,California
Monterey,2021-01-16,366,15668,300,8970,66,6698,0,0,360,9655,6,3007,360,12662,California
Monterey,2021-01-17,313,15981,291,9261,22,6720,0,0,300,9942,13,3020,300,12962,California
Monterey,2021-01-18,402,16383,50,9311,352,7072,0,0,380,10300,22,3042,380,13342,California
Monterey,2021-01-19,572,16955,394,9705,178,7250,0,0,415,10560,155,3197,415,13757,California
Monterey,2021-01-20,528,17483,266,9971,262,7512,0,0,325,10682,203,3400,325,14082,California
Monterey,2021-01-21,840,18323,92,10063,748,8260,0,0,731,11308,109,3509,735,14817,California
Monterey,2021-01-22,1047,19370,191,10254,856,9116,0,0,1008,12277,39,3548,1008,15825,California
Monterey,2021-01-23,236,19606,171,10425,65,9181,0,0,114,12270,121,3669,114,15939,California
Monterey,2021-01-24,58,19664,38,10463,20,9201,0,0,23,12258,35,3704,23,15962,California
Monterey,2021-01-25,779,20443,172,10635,607,9808,0,0,152,11792,620,4324,154,16116,California
Monterey,2021-01-26,918,21361,219,10854,699,10507,0,0,228,11330,690,5014,228,16344,California
Monterey,2021-01-27,856,22217,305,11159,551,11058,0,0,375,11224,481,5495,375,16719,California
Monterey,2021-01-28,2007,24224,737,11896,1270,12328,0,0,1667,12551,340,5835,1667,18386,California
Monterey,2021-01-29,1226,25450,706,12602,520,12848,0,0,1113,13553,112,5947,1114,19500,California
Monterey,2021-01-30,428,25878,281,12883,147,12995,0,0,180,13485,248,6195,180,19680,California
Monterey,2021-01-31,497,26375,74,12957,423,13418,0,0,484,13957,13,6208,485,20165,California
Monterey,2021-02-01,1656,28031,1145,14102,511,13929,0,0,1093,14488,562,6770,1093,21258,California
Monterey,2021-02-02,2141,30172,451,14553,1690,15619,0,0,1537,15421,604,7374,1537,22795,California
Monterey,2021-02-03,2324,32496,1047,15600,1277,16896,0,0,1551,16202,771,8145,1552,24347,California
Monterey,2021-02-04,2696,35192,2017,17617,679,17575,0,0,2437,18382,257,8402,2437,26784,California
Monterey,2021-02-05,3639,38831,2823,20440,816,18391,0,0,3209,21166,425,8827,3209,29993,California
Monterey,2021-02-06,1093,39924,380,20820,713,19104,0,0,750,21574,342,9169,750,30743,California
Monterey,2021-02-07,315,40239,272,21092,43,19147,0,0,94,21447,221,9390,94,30837,California
Monterey,2021-02-08,513,40752,287,21379,226,19373,0,0,430,21794,83,9473,430,31267,California
Monterey,2021-02-09,860,41612,681,22060,179,19552,0,0,550,22036,310,9783,552,31819,California
Monterey,2021-02-10,2010,43622,1040,23100,970,20522,0,0,1158,22342,852,10635,1158,32977,California
Monterey,2021-02-11,2490,46112,964,24064,1526,22048,0,0,1536,22939,952,11587,1549,34526,California
Monterey,2021-02-12,2584,48696,423,24487,2161,24209,0,0,1522,23401,1061,12648,1523,36049,California
Monterey,2021-02-13,1059,49755,44,24531,1015,25224,0,0,971,24284,88,12736,971,37020,California
Monterey,2021-02-14,585,50340,72,24603,513,25737,0,0,512,24723,73,12809,512,37532,California
Monterey,2021-02-15,1344,51684,139,24742,1205,26942,0,0,974,25328,369,13178,974,38506,California
Monterey,2021-02-16,1090,52774,245,24987,845,27787,0,0,869,25977,221,13399,870,39376,California
Monterey,2021-02-17,1902,54676,1139,26126,763,28550,0,0,1612,27302,288,13687,1613,40989,California
Monterey,2021-02-18,2199,56875,1164,27290,1035,29585,0,0,890,26902,1299,14986,899,41888,California
Monterey,2021-02-19,2926,59801,1533,28823,1393,30978,0,0,1341,26659,1584,16570,1341,43229,California
Monterey,2021-02-20,1000,60801,609,29432,391,31369,0,0,948,27556,51,16621,948,44177,California
Monterey,2021-02-21,1214,62015,1186,30618,28,31397,0,0,1163,28669,50,16671,1163,45340,California
Monterey,2021-02-22,935,62950,805,31423,130,31527,0,0,633,29001,301,16972,633,45973,California
Monterey,2021-02-23,948,63898,619,32042,329,31856,0,0,304,28661,644,17616,304,46277,California
Monterey,2021-02-24,2396,66294,1254,33296,1142,32998,0,0,1788,29847,604,18220,1790,48067,California
Monterey,2021-02-25,4301,70595,2379,35675,1922,34920,0,0,1413,28397,2884,21104,1434,49501,California
Monterey,2021-02-26,5219,75814,3086,38761,2133,37053,0,0,2595,28381,2620,23724,2604,52105,California
Monterey,2021-02-27,981,76795,170,38931,811,37864,0,0,794,28992,183,23907,794,52899,California
Monterey,2021-02-28,1520,78315,79,39010,1441,39305,0,0,1060,29596,456,24363,1060,53959,California
Monterey,2021-03-01,1268,79583,137,39147,1131,40436,0,0,739,29808,527,24890,739,54698,California
Monterey,2021-03-02,2696,82279,1707,40854,989,41425,0,0,1857,30831,834,25724,1857,56555,California
Monterey,2021-03-03,3006,85285,1205,42059,1801,43226,0,0,1135,30140,1868,27592,1177,57732,California
Monterey,2021-03-04,4425,89710,1410,43469,3015,46241,0,0,2931,31593,1490,29082,2943,60675,California
Monterey,2021-03-05,3054,92764,1315,44784,1482,47723,257,257,2456,33712,596,29678,2715,63390,California
Monterey,2021-03-06,4082,96846,621,45405,3223,50946,238,495,3251,36373,829,30507,3490,66880,California
Monterey,2021-03-07,498,97344,110,45515,162,51108,226,721,229,36560,268,30775,455,67335,California
Monterey,2021-03-08,1531,98875,316,45831,890,51998,325,1046,1053,37464,478,31253,1382,68717,California
Monterey,2021-03-09,1880,100755,686,46517,931,52929,263,1309,1404,38656,476,31729,1668,70385,California
Monterey,2021-03-10,2766,103521,860,47377,1491,54420,415,1724,1301,38919,1461,33190,1724,72109,California
Monterey,2021-03-11,3975,107496,1388,48765,2238,56658,349,2073,2259,39818,1710,34900,2609,74718,California
Monterey,2021-03-12,3745,111241,1814,50579,1837,58495,94,2167,2291,40750,1452,36352,2384,77102,California
Monterey,2021-03-13,3746,114987,940,51519,2465,60960,341,2508,2717,42783,1029,37381,3062,80164,California
Monterey,2021-03-14,1728,116715,1292,52811,412,61372,24,2532,381,41850,1339,38720,406,80570,California
Monterey,2021-03-15,3876,120591,1258,54069,2334,63706,284,2816,2204,42670,1669,40389,2489,83059,California
Monterey,2021-03-16,3386,123977,557,54626,2472,66178,357,3173,1999,43640,1386,41775,2356,85415,California
Monterey,2021-03-17,5503,129480,2244,56870,3014,69192,245,3418,3992,46378,1505,43280,4243,89658,California
Monterey,2021-03-18,3597,133077,1815,58685,1647,70839,135,3553,2466,47894,1126,44406,2642,92300,California
Monterey,2021-03-19,4348,137425,2204,60889,2025,72864,119,3672,3258,50187,1085,45491,3378,95678,California
Monterey,2021-03-20,2168,139593,354,61243,1394,74258,420,4092,1482,51408,681,46172,1902,97580,California
Monterey,2021-03-21,593,140186,193,61436,383,74641,17,4109,525,51883,67,46239,542,98122,California
Monterey,2021-03-22,2397,142583,1403,62839,935,75576,59,4168,2201,53952,191,46430,2260,100382,California
Monterey,2021-03-23,3908,146491,2329,65168,1536,77112,43,4211,2473,55041,1427,47857,2516,102898,California
Monterey,2021-03-24,4837,151328,2026,67194,2516,79628,295,4506,3544,57595,1286,49143,3840,106738,California
Monterey,2021-03-25,5050,156378,1204,68398,3493,83121,353,4859,2549,58013,2491,51634,2909,109647,California
Monterey,2021-03-26,5119,161497,2463,70861,2590,85711,66,4925,2788,58627,2323,53957,2937,112584,California
Monterey,2021-03-27,3740,165237,1355,72216,2234,87945,151,5076,2192,59805,1546,55503,2724,115308,California
Monterey,2021-03-28,1041,166278,334,72550,699,88644,8,5084,608,59992,430,55933,617,115925,California
Monterey,2021-03-29,3152,169430,1425,73975,1710,90354,17,5101,1941,60754,1204,57137,1966,117891,California
Monterey,2021-03-30,4349,173779,2080,76055,2242,92596,27,5128,2678,61808,1662,58799,2716,120607,California
Monterey,2021-03-31,2825,176604,1908,77963,526,93122,391,5519,2113,63610,711,59510,2513,123120,California
Napa,2020-12-16,12,12,12,12,0,0,0,0,12,12,0,0,12,12,California
Napa,2020-12-17,44,56,44,56,0,0,0,0,44,56,0,0,44,56,California
Napa,2020-12-18,103,159,103,159,0,0,0,0,103,159,0,0,103,159,California
Napa,2020-12-19,221,380,221,380,0,0,0,0,221,380,0,0,221,380,California
Napa,2020-12-20,190,570,190,570,0,0,0,0,190,570,0,0,190,570,California
Napa,2020-12-21,307,877,307,877,0,0,0,0,308,878,0,0,308,878,California
Napa,2020-12-22,336,1213,327,1204,9,9,0,0,336,1214,0,0,336,1214,California
Napa,2020-12-23,428,1641,319,1523,109,118,0,0,428,1642,0,0,428,1642,California
Napa,2020-12-24,138,1779,77,1600,61,179,0,0,138,1780,0,0,138,1780,California
Napa,2020-12-25,1,1780,1,1601,0,179,0,0,1,1781,0,0,1,1781,California
Napa,2020-12-26,39,1819,11,1612,28,207,0,0,39,1820,0,0,39,1820,California
Napa,2020-12-27,32,1851,16,1628,16,223,0,0,32,1852,0,0,32,1852,California
Napa,2020-12-28,249,2100,184,1812,65,288,0,0,277,2129,0,0,277,2129,California
Napa,2020-12-29,271,2371,213,2025,58,346,0,0,305,2434,0,0,305,2434,California
Napa,2020-12-30,635,3006,490,2515,145,491,0,0,643,3077,0,0,643,3077,California
Napa,2020-12-31,466,3472,378,2893,88,579,0,0,466,3543,0,0,466,3543,California
Napa,2021-01-01,1,3473,1,2894,0,579,0,0,1,3544,0,0,1,3544,California
Napa,2021-01-02,100,3573,95,2989,5,584,0,0,100,3644,0,0,100,3644,California
Napa,2021-01-03,12,3585,10,2999,2,586,0,0,9,3653,0,0,9,3653,California
Napa,2021-01-04,105,3690,62,3061,43,629,0,0,105,3758,0,0,105,3758,California
Napa,2021-01-05,152,3842,85,3146,67,696,0,0,135,3869,24,24,135,3893,California
Napa,2021-01-06,455,4297,114,3260,341,1037,0,0,391,4198,62,86,391,4284,California
Napa,2021-01-07,484,4781,223,3483,261,1298,0,0,384,4483,99,185,384,4668,California
Napa,2021-01-08,441,5222,226,3709,215,1513,0,0,263,4568,178,363,263,4931,California
Napa,2021-01-09,305,5527,279,3988,26,1539,0,0,167,4597,138,501,167,5098,California
Napa,2021-01-10,185,5712,101,4089,84,1623,0,0,110,4632,75,576,110,5208,California
Napa,2021-01-11,875,6587,417,4506,458,2081,0,0,508,4772,368,944,508,5716,California
Napa,2021-01-12,1301,7888,371,4877,930,3011,0,0,986,5443,315,1259,986,6702,California
Napa,2021-01-13,1299,9187,260,5137,1039,4050,0,0,1140,6426,158,1417,1141,7843,California
Napa,2021-01-14,1050,10237,174,5311,876,4926,0,0,932,7242,116,1533,932,8775,California
Napa,2021-01-15,1450,11687,381,5692,1069,5995,0,0,1300,8385,158,1691,1301,10076,California
Napa,2021-01-16,357,12044,137,5829,220,6215,0,0,339,8706,18,1709,339,10415,California
Napa,2021-01-17,339,12383,176,6005,163,6378,0,0,330,9027,9,1718,330,10745,California
Napa,2021-01-18,1076,13459,194,6199,882,7260,0,0,984,9919,92,1810,984,11729,California
Napa,2021-01-19,1009,14468,404,6603,605,7865,0,0,769,10450,239,2049,770,12499,California
Napa,2021-01-20,823,15291,183,6786,640,8505,0,0,643,10915,178,2227,643,13142,California
Napa,2021-01-21,1338,16629,381,7167,957,9462,0,0,1078,11734,259,2486,1078,14220,California
Napa,2021-01-22,1500,18129,416,7583,1084,10546,0,0,1168,12572,331,2817,1169,15389,California
Napa,2021-01-23,395,18524,315,7898,80,10626,0,0,334,12845,61,2878,334,15723,California
Napa,2021-01-24,274,18798,198,8096,76,10702,0,0,216,13003,58,2936,216,15939,California
Napa,2021-01-25,1517,20315,230,8326,1287,11989,0,0,1428,14342,89,3025,1428,17367,California
Napa,2021-01-26,868,21183,277,8603,591,12580,0,0,774,15023,94,3119,775,18142,California
Napa,2021-01-27,621,21804,218,8821,403,12983,0,0,465,15333,155,3274,465,18607,California
Napa,2021-01-28,375,22179,164,8985,211,13194,0,0,195,15349,179,3453,195,18802,California
Napa,2021-01-29,252,22431,64,9049,188,13382,0,0,157,15411,95,3548,157,18959,California
Napa,2021-01-30,789,23220,680,9729,109,13491,0,0,646,15914,143,3691,646,19605,California
Napa,2021-01-31,653,23873,623,10352,30,13521,0,0,627,16515,26,3717,627,20232,California
Napa,2021-02-01,313,24186,110,10462,203,13724,0,0,160,16523,152,3869,160,20392,California
Napa,2021-02-02,584,24770,276,10738,308,14032,0,0,286,16513,296,4165,286,20678,California
Napa,2021-02-03,730,25500,310,11048,420,14452,0,0,424,16631,306,4471,424,21102,California
Napa,2021-02-04,786,26286,371,11419,415,14867,0,0,441,16730,342,4813,441,21543,California
Napa,2021-02-05,704,26990,314,11733,390,15257,0,0,337,16700,367,5180,337,21880,California
Napa,2021-02-06,430,27420,142,11875,288,15545,0,0,325,16920,105,5285,325,22205,California
Napa,2021-02-07,179,27599,166,12041,13,15558,0,0,75,16891,104,5389,75,22280,California
Napa,2021-02-08,835,28434,188,12229,647,16205,0,0,270,16599,563,5952,271,22551,California
Napa,2021-02-09,1073,29507,439,12668,634,16839,0,0,434,16394,639,6591,434,22985,California
Napa,2021-02-10,1676,31183,190,12858,1486,18325,0,0,448,15617,1225,7816,448,23433,California
Napa,2021-02-11,1498,32681,194,13052,1304,19629,0,0,414,14957,1075,8891,415,23848,California
Napa,2021-02-12,2156,34837,840,13892,1316,20945,0,0,722,14248,1431,10322,722,24570,California
Napa,2021-02-13,490,35327,51,13943,439,21384,0,0,313,14384,177,10499,313,24883,California
Napa,2021-02-14,321,35648,58,14001,263,21647,0,0,161,14385,160,10659,161,25044,California
Napa,2021-02-15,881,36529,188,14189,693,22340,0,0,225,13956,654,11313,225,25269,California
Napa,2021-02-16,1291,37820,598,14787,693,23033,0,0,617,13900,673,11986,617,25886,California
Napa,2021-02-17,1039,38859,525,15312,514,23547,0,0,470,13803,568,12554,471,26357,California
Napa,2021-02-18,1895,40754,481,15793,1414,24961,0,0,663,13236,1230,13784,663,27020,California
Napa,2021-02-19,1427,42181,583,16376,844,25805,0,0,674,13158,752,14536,674,27694,California
Napa,2021-02-20,820,43001,588,16964,232,26037,0,0,278,12894,542,15078,278,27972,California
Napa,2021-02-21,795,43796,734,17698,61,26098,0,0,196,12491,599,15677,196,28168,California
Napa,2021-02-22,438,44234,184,17882,254,26352,0,0,137,12327,301,15978,137,28305,California
Napa,2021-02-23,1095,45329,295,18177,800,27152,0,0,304,11840,791,16769,304,28609,California
Napa,2021-02-24,1150,46479,627,18804,523,27675,0,0,568,11829,580,17349,569,29178,California
Napa,2021-02-25,2499,48978,1204,20008,1295,28970,0,0,1792,12917,705,18054,1793,30971,California
Napa,2021-02-26,1482,50460,514,20522,968,29938,0,0,577,12591,903,18957,577,31548,California
Napa,2021-02-27,1046,51506,356,20878,690,30628,0,0,796,13140,247,19204,796,32344,California
Napa,2021-02-28,561,52067,459,21337,102,30730,0,0,458,13498,100,19304,458,32802,California
Napa,2021-03-01,1092,53159,811,22148,281,31011,0,0,830,14067,261,19565,830,33632,California
Napa,2021-03-02,1458,54617,1011,23159,447,31458,0,0,1125,14861,332,19897,1126,34758,California
Napa,2021-03-03,1384,56001,637,23796,747,32205,0,0,1218,15915,165,20062,1219,35977,California
Napa,2021-03-04,1530,57531,646,24442,884,33089,0,0,1316,17020,212,20274,1317,37294,California
Napa,2021-03-05,1751,59282,692,25134,1054,34143,5,5,1361,17999,388,20662,1367,38661,California
Napa,2021-03-06,583,59865,251,25385,303,34446,29,34,481,18408,101,20763,510,39171,California
Napa,2021-03-07,473,60338,275,25660,182,34628,16,50,363,18678,109,20872,379,39550,California
Napa,2021-03-08,671,61009,313,25973,318,34946,40,90,509,19067,160,21032,549,40099,California
Napa,2021-03-09,1576,62585,571,26544,962,35908,43,133,1154,19846,419,21451,1198,41297,California
Napa,2021-03-10,1425,64010,893,27437,436,36344,96,229,724,19969,698,22149,821,42118,California
Napa,2021-03-11,1780,65790,1035,28472,633,36977,112,341,896,20094,883,23032,1008,43126,California
Napa,2021-03-12,1384,67174,851,29323,451,37428,82,423,740,20275,643,23675,824,43950,California
Napa,2021-03-13,1048,68222,280,29603,744,38172,24,447,784,20820,264,23939,809,44759,California
Napa,2021-03-14,542,68764,310,29913,92,38264,140,587,206,20831,335,24274,346,45105,California
Napa,2021-03-15,934,69698,395,30308,470,38734,69,656,470,20908,462,24736,539,45644,California
Napa,2021-03-16,1716,71414,388,30696,1203,39937,125,781,1259,21839,454,25190,1385,47029,California
Napa,2021-03-17,2214,73628,1637,32333,437,40374,140,921,1402,22569,812,26002,1542,48571,California
Napa,2021-03-18,1598,75226,691,33024,897,41271,10,931,974,22931,622,26624,984,49555,California
Napa,2021-03-19,1118,76344,646,33670,452,41723,20,951,572,22979,544,27168,592,50147,California
Napa,2021-03-20,756,77100,345,34015,262,41985,149,1100,323,23018,433,27601,472,50619,California
Napa,2021-03-21,693,77793,667,34682,24,42009,2,1102,347,23023,344,27945,349,50968,California
Napa,2021-03-22,1052,78845,875,35557,166,42175,11,1113,457,22902,593,28538,472,51440,California
Napa,2021-03-23,1474,80319,817,36374,644,42819,13,1126,982,23410,490,29028,998,52438,California
Napa,2021-03-24,1678,81997,926,37300,744,43563,8,1134,810,23395,866,29894,851,53289,California
Napa,2021-03-25,1537,83534,1046,38346,483,44046,8,1142,729,23441,808,30702,854,54143,California
Napa,2021-03-26,1221,84755,788,39134,428,44474,5,1147,536,23365,681,31383,605,54748,California
Napa,2021-03-27,863,85618,421,39555,415,44889,27,1174,295,23152,568,31951,355,55103,California
Napa,2021-03-28,470,86088,363,39918,101,44990,6,1180,171,23031,299,32250,178,55281,California
Napa,2021-03-29,1140,87228,840,40758,293,45283,7,1187,693,23295,445,32695,709,55990,California
Napa,2021-03-30,1536,88764,891,41649,640,45923,5,1192,877,23541,658,33353,904,56894,California
Napa,2021-03-31,753,89517,662,42311,34,45957,57,1249,260,23373,491,33844,323,57217,California
Nevada,2020-12-16,3,3,3,3,0,0,0,0,3,3,0,0,3,3,California
Nevada,2020-12-17,6,9,6,9,0,0,0,0,6,9,0,0,6,9,California
Nevada,2020-12-18,51,60,51,60,0,0,0,0,51,60,0,0,51,60,California
Nevada,2020-12-19,55,115,55,115,0,0,0,0,55,115,0,0,55,115,California
Nevada,2020-12-20,12,127,12,127,0,0,0,0,12,127,0,0,12,127,California
Nevada,2020-12-21,69,196,69,196,0,0,0,0,69,196,0,0,69,196,California
Nevada,2020-12-22,91,287,89,285,2,2,0,0,91,287,0,0,91,287,California
Nevada,2020-12-23,234,521,202,487,32,34,0,0,234,521,0,0,234,521,California
Nevada,2020-12-24,15,536,12,499,3,37,0,0,15,536,0,0,15,536,California
Nevada,2020-12-25,2,538,2,501,0,37,0,0,2,538,0,0,2,538,California
Nevada,2020-12-26,5,543,3,504,2,39,0,0,5,543,0,0,5,543,California
Nevada,2020-12-27,88,631,88,592,0,39,0,0,88,631,0,0,88,631,California
Nevada,2020-12-28,170,801,93,685,77,116,0,0,170,801,0,0,170,801,California
Nevada,2020-12-29,101,902,75,760,26,142,0,0,101,902,0,0,101,902,California
Nevada,2020-12-30,85,987,66,826,19,161,0,0,85,987,0,0,85,987,California
Nevada,2020-12-31,39,1026,9,835,30,191,0,0,39,1026,0,0,39,1026,California
Nevada,2021-01-01,1,1027,0,835,1,192,0,0,1,1027,0,0,1,1027,California
Nevada,2021-01-02,1,1028,1,836,0,192,0,0,1,1028,0,0,1,1028,California
Nevada,2021-01-03,128,1156,126,962,2,194,0,0,128,1156,0,0,128,1156,California
Nevada,2021-01-04,71,1227,47,1009,24,218,0,0,71,1227,0,0,71,1227,California
Nevada,2021-01-05,272,1499,130,1139,142,360,0,0,271,1497,1,1,271,1498,California
Nevada,2021-01-06,93,1592,44,1183,49,409,0,0,85,1574,8,9,85,1583,California
Nevada,2021-01-07,217,1809,43,1226,174,583,0,0,209,1778,6,15,210,1793,California
Nevada,2021-01-08,221,2030,127,1353,94,677,0,0,170,1897,51,66,170,1963,California
Nevada,2021-01-09,63,2093,56,1409,7,684,0,0,15,1864,48,114,15,1978,California
Nevada,2021-01-10,17,2110,9,1418,8,692,0,0,9,1865,8,122,9,1987,California
Nevada,2021-01-11,183,2293,130,1548,53,745,0,0,56,1794,127,249,56,2043,California
Nevada,2021-01-12,606,2899,458,2006,148,893,0,0,538,2264,68,317,538,2581,California
Nevada,2021-01-13,257,3156,144,2150,113,1006,0,0,122,2251,135,452,122,2703,California
Nevada,2021-01-14,229,3385,123,2273,106,1112,0,0,211,2445,17,469,211,2914,California
Nevada,2021-01-15,394,3779,170,2443,224,1336,0,0,296,2643,98,567,296,3210,California
Nevada,2021-01-16,292,4071,13,2456,279,1615,0,0,289,2929,3,570,289,3499,California
Nevada,2021-01-17,36,4107,32,2488,4,1619,0,0,33,2959,3,573,33,3532,California
Nevada,2021-01-18,148,4255,40,2528,108,1727,0,0,138,3087,10,583,138,3670,California
Nevada,2021-01-19,232,4487,83,2611,149,1876,0,0,213,3281,19,602,213,3883,California
Nevada,2021-01-20,258,4745,152,2763,106,1982,0,0,245,3513,13,615,245,4128,California
Nevada,2021-01-21,336,5081,207,2970,129,2111,0,0,323,3823,13,628,323,4451,California
Nevada,2021-01-22,341,5422,209,3179,132,2243,0,0,310,4102,31,659,310,4761,California
Nevada,2021-01-23,172,5594,104,3283,68,2311,0,0,172,4274,0,659,172,4933,California
Nevada,2021-01-24,105,5699,98,3381,7,2318,0,0,66,4301,39,698,66,4999,California
Nevada,2021-01-25,264,5963,136,3517,128,2446,0,0,203,4443,61,759,203,5202,California
Nevada,2021-01-26,397,6360,141,3658,256,2702,0,0,295,4636,102,861,295,5497,California
Nevada,2021-01-27,406,6766,240,3898,166,2868,0,0,382,4994,24,885,382,5879,California
Nevada,2021-01-28,458,7224,311,4209,147,3015,0,0,417,5370,41,926,417,6296,California
Nevada,2021-01-29,593,7817,391,4600,202,3217,0,0,571,5920,22,948,572,6868,California
Nevada,2021-01-30,231,8048,103,4703,128,3345,0,0,228,6145,3,951,228,7096,California
Nevada,2021-01-31,101,8149,85,4788,16,3361,0,0,101,6246,0,951,101,7197,California
Nevada,2021-02-01,292,8441,71,4859,221,3582,0,0,278,6510,14,965,278,7475,California
Nevada,2021-02-02,515,8956,171,5030,344,3926,0,0,321,6637,194,1159,321,7796,California
Nevada,2021-02-03,805,9761,566,5596,239,4165,0,0,752,7337,52,1211,752,8548,California
Nevada,2021-02-04,748,10509,400,5996,348,4513,0,0,500,7590,247,1458,500,9048,California
Nevada,2021-02-05,644,11153,363,6359,281,4794,0,0,455,7858,187,1645,455,9503,California
Nevada,2021-02-06,273,11426,85,6444,188,4982,0,0,246,8077,27,1672,246,9749,California
Nevada,2021-02-07,245,11671,189,6633,56,5038,0,0,191,8214,54,1726,191,9940,California
Nevada,2021-02-08,648,12319,409,7042,239,5277,0,0,550,8666,98,1824,550,10490,California
Nevada,2021-02-09,604,12923,339,7381,265,5542,0,0,466,8994,138,1962,466,10956,California
Nevada,2021-02-10,642,13565,321,7702,321,5863,0,0,414,9181,228,2190,415,11371,California
Nevada,2021-02-11,866,14431,505,8207,361,6224,0,0,538,9392,327,2517,538,11909,California
Nevada,2021-02-12,920,15351,431,8638,489,6713,0,0,608,9689,311,2828,608,12517,California
Nevada,2021-02-13,587,15938,232,8870,355,7068,0,0,385,9877,198,3026,386,12903,California
Nevada,2021-02-14,224,16162,117,8987,107,7175,0,0,194,10042,30,3056,195,13098,California
Nevada,2021-02-15,711,16873,444,9431,267,7442,0,0,544,10419,167,3223,544,13642,California
Nevada,2021-02-16,614,17487,199,9630,415,7857,0,0,455,10716,158,3381,455,14097,California
Nevada,2021-02-17,1178,18665,761,10391,417,8274,0,0,864,11266,314,3695,864,14961,California
Nevada,2021-02-18,998,19663,550,10941,448,8722,0,0,600,11470,396,4091,600,15561,California
Nevada,2021-02-19,991,20654,630,11571,361,9083,0,0,639,11757,352,4443,639,16200,California
Nevada,2021-02-20,290,20944,101,11672,189,9272,0,0,170,11808,119,4562,170,16370,California
Nevada,2021-02-21,88,21032,83,11755,5,9277,0,0,11,11742,77,4639,11,16381,California
Nevada,2021-02-22,494,21526,329,12084,165,9442,0,0,348,11945,145,4784,348,16729,California
Nevada,2021-02-23,445,21971,200,12284,245,9687,0,0,205,11913,237,5021,205,16934,California
Nevada,2021-02-24,476,22447,240,12524,236,9923,0,0,252,11943,224,5245,254,17188,California
Nevada,2021-02-25,845,23292,462,12986,383,10306,0,0,416,11932,427,5672,416,17604,California
Nevada,2021-02-26,1227,24519,885,13871,342,10648,0,0,411,11529,814,6486,411,18015,California
Nevada,2021-02-27,345,24864,110,13981,235,10883,0,0,173,11531,172,6658,174,18189,California
Nevada,2021-02-28,256,25120,144,14125,112,10995,0,0,120,11515,136,6794,120,18309,California
Nevada,2021-03-01,805,25925,421,14546,384,11379,0,0,341,11393,463,7257,341,18650,California
Nevada,2021-03-02,684,26609,255,14801,429,11808,0,0,470,11653,211,7468,471,19121,California
Nevada,2021-03-03,898,27507,478,15279,420,12228,0,0,437,11630,460,7928,437,19558,California
Nevada,2021-03-04,1077,28584,605,15884,472,12700,0,0,445,11446,629,8557,445,20003,California
Nevada,2021-03-05,749,29333,406,16290,333,13033,10,10,330,11369,417,8974,340,20343,California
Nevada,2021-03-06,332,29665,113,16403,193,13226,26,36,122,11307,210,9184,148,20491,California
Nevada,2021-03-07,204,29869,108,16511,76,13302,20,56,62,11247,141,9325,81,20572,California
Nevada,2021-03-08,786,30655,532,17043,211,13513,43,99,343,11192,442,9767,387,20959,California
Nevada,2021-03-09,638,31293,302,17345,290,13803,46,145,350,11300,287,10054,395,21354,California
Nevada,2021-03-10,897,32190,581,17926,279,14082,37,182,286,11016,608,10662,324,21678,California
Nevada,2021-03-11,1035,33225,663,18589,345,14427,27,209,497,11007,533,11195,524,22202,California
Nevada,2021-03-12,1024,34249,661,19250,329,14756,34,243,415,10849,608,11803,450,22652,California
Nevada,2021-03-13,221,34470,54,19304,160,14916,7,250,97,10831,123,11926,105,22757,California
Nevada,2021-03-14,99,34569,19,19323,77,14993,3,253,23,10781,76,12002,26,22783,California
Nevada,2021-03-15,819,35388,439,19762,370,15363,10,263,333,10640,484,12486,343,23126,California
Nevada,2021-03-16,943,36331,434,20196,455,15818,54,317,604,10960,338,12824,658,23784,California
Nevada,2021-03-17,983,37314,424,20620,549,16367,10,327,553,11096,427,13251,563,24347,California
Nevada,2021-03-18,822,38136,453,21073,348,16715,21,348,396,11092,422,13673,418,24765,California
Nevada,2021-03-19,564,38700,333,21406,201,16916,30,378,250,11058,314,13987,280,25045,California
Nevada,2021-03-20,528,39228,82,21488,172,17088,274,652,142,11091,381,14368,414,25459,California
Nevada,2021-03-21,65,39293,33,21521,31,17119,1,653,46,11120,18,14386,47,25506,California
Nevada,2021-03-22,765,40058,488,22009,273,17392,4,657,513,11387,250,14636,517,26023,California
Nevada,2021-03-23,825,40883,381,22390,419,17811,25,682,622,11835,200,14836,648,26671,California
Nevada,2021-03-24,965,41848,520,22910,437,18248,8,690,604,12090,357,15193,612,27283,California
Nevada,2021-03-25,862,42710,430,23340,410,18658,22,712,475,12202,387,15580,499,27782,California
Nevada,2021-03-26,1065,43775,406,23746,629,19287,30,742,768,12711,295,15875,804,28586,California
Nevada,2021-03-27,539,44314,66,23812,458,19745,15,757,372,12935,166,16041,390,28976,California
Nevada,2021-03-28,168,44482,49,23861,108,19853,11,768,41,12861,126,16167,52,29028,California
Nevada,2021-03-29,787,45269,478,24339,285,20138,24,792,368,12837,417,16584,393,29421,California
Nevada,2021-03-30,1024,46293,461,24800,531,20669,32,824,543,12938,476,17060,577,29998,California
Nevada,2021-03-31,544,46837,296,25096,243,20912,5,829,312,13030,227,17287,319,30317,California
Orange,2020-12-15,16,16,16,16,0,0,0,0,16,16,0,0,16,16,California
Orange,2020-12-16,365,381,365,381,0,0,0,0,365,381,0,0,365,381,California
Orange,2020-12-17,3695,4076,3695,4076,0,0,0,0,3694,4075,0,0,3694,4075,California
Orange,2020-12-18,4998,9074,4991,9067,7,7,0,0,4996,9071,0,0,4996,9071,California
Orange,2020-12-19,2191,11265,2184,11251,7,14,0,0,2190,11261,0,0,2190,11261,California
Orange,2020-12-20,1956,13221,1956,13207,0,14,0,0,1957,13218,0,0,1957,13218,California
Orange,2020-12-21,4204,17425,4198,17405,6,20,0,0,4204,17422,0,0,4204,17422,California
Orange,2020-12-22,3949,21374,3916,21321,33,53,0,0,3949,21371,0,0,3949,21371,California
Orange,2020-12-23,3519,24893,3170,24491,349,402,0,0,3521,24892,0,0,3521,24892,California
Orange,2020-12-24,1364,26257,1066,25557,298,700,0,0,1364,26256,0,0,1364,26256,California
Orange,2020-12-25,14,26271,10,25567,4,704,0,0,14,26270,0,0,14,26270,California
Orange,2020-12-26,1052,27323,422,25989,630,1334,0,0,1052,27322,0,0,1052,27322,California
Orange,2020-12-27,581,27904,274,26263,307,1641,0,0,581,27903,0,0,581,27903,California
Orange,2020-12-28,3524,31428,2563,28826,961,2602,0,0,3524,31427,0,0,3524,31427,California
Orange,2020-12-29,3545,34973,2559,31385,986,3588,0,0,3545,34972,0,0,3545,34972,California
Orange,2020-12-30,5098,40071,3548,34933,1550,5138,0,0,5098,40070,0,0,5098,40070,California
Orange,2020-12-31,1452,41523,757,35690,695,5833,0,0,1452,41522,0,0,1452,41522,California
Orange,2021-01-01,421,41944,235,35925,186,6019,0,0,420,41941,1,1,420,41942,California
Orange,2021-01-02,1402,43346,897,36822,505,6524,0,0,1402,43343,0,1,1402,43344,California
Orange,2021-01-03,560,43906,309,37131,251,6775,0,0,560,43903,0,1,560,43904,California
Orange,2021-01-04,2683,46589,1552,38683,1131,7906,0,0,2684,46586,1,2,2684,46588,California
Orange,2021-01-05,3487,50076,2283,40966,1204,9110,0,0,3076,49261,404,406,3079,49667,California
Orange,2021-01-06,4948,55024,3440,44406,1508,10618,0,0,3590,51506,1345,1751,3590,53257,California
Orange,2021-01-07,9183,64207,5114,49520,4069,14687,0,0,5643,53628,3527,5278,5649,58906,California
Orange,2021-01-08,9332,73539,5210,54730,4122,18809,0,0,5612,55533,3710,8988,5615,64521,California
Orange,2021-01-09,4963,78502,1725,56455,3238,22047,0,0,3689,57950,1273,10261,3690,68211,California
Orange,2021-01-10,4223,82725,1033,57488,3190,25237,0,0,3348,60428,874,11135,3352,71563,California
Orange,2021-01-11,9337,92062,4859,62347,4478,29715,0,0,5742,62573,3598,14733,5743,77306,California
Orange,2021-01-12,8699,100761,4674,67021,4025,33740,0,0,5265,64407,3431,18164,5265,82571,California
Orange,2021-01-13,10121,110882,4836,71857,5285,39025,0,0,6962,68221,3156,21320,6970,89541,California
Orange,2021-01-14,9857,120739,3745,75602,6112,45137,0,0,8285,74941,1570,22890,8290,97831,California
Orange,2021-01-15,10044,130783,2590,78192,7454,52591,0,0,9172,83239,879,23769,9177,107008,California
Orange,2021-01-16,8603,139386,2079,80271,6524,59115,0,0,8223,91086,380,24149,8227,115235,California
Orange,2021-01-17,8139,147525,1488,81759,6651,65766,0,0,7996,98947,142,24291,8003,123238,California
Orange,2021-01-18,9718,157243,4446,86205,5272,71038,0,0,7485,104198,2236,26527,7487,130725,California
Orange,2021-01-19,7417,164660,5377,91582,2040,73078,0,0,4801,106386,2617,29144,4805,135530,California
Orange,2021-01-20,8214,172874,5781,97363,2433,75511,0,0,5165,108508,3049,32193,5171,140701,California
Orange,2021-01-21,10794,183668,4786,102149,6008,81519,0,0,10005,117734,788,32981,10014,150715,California
Orange,2021-01-22,13504,197172,5061,107210,8443,89962,0,0,12685,129615,811,33792,12692,163407,California
Orange,2021-01-23,13086,210258,6168,113378,6918,96880,0,0,12123,140782,961,34753,12128,175535,California
Orange,2021-01-24,9787,220045,4275,117653,5512,102392,0,0,9473,149950,312,35065,9480,185015,California
Orange,2021-01-25,10370,230415,5816,123469,4554,106946,0,0,7676,154994,2686,37751,7730,192745,California
Orange,2021-01-26,11712,242127,7658,131127,4054,111000,0,0,9590,162466,2119,39870,9591,202336,California
Orange,2021-01-27,13316,255443,7953,139080,5363,116363,0,0,10671,170506,2634,42504,10674,213010,California
Orange,2021-01-28,12951,268394,7144,146224,5807,122170,0,0,11118,179811,1819,44323,11124,224134,California
Orange,2021-01-29,13507,281901,8371,154595,5136,127306,0,0,10686,187690,2811,47134,10690,234824,California
Orange,2021-01-30,12875,294776,4426,159021,8449,135755,0,0,12156,199141,706,47840,12157,246981,California
Orange,2021-01-31,13705,308481,4946,163967,8759,144514,0,0,13291,212023,411,48251,13293,260274,California
Orange,2021-02-01,13874,322355,5695,169662,8179,152693,0,0,11937,222043,1921,50172,11941,272215,California
Orange,2021-02-02,15301,337656,8333,177995,6968,159661,0,0,12593,232041,2598,52770,12596,284811,California
Orange,2021-02-03,16651,354307,12528,190523,4123,163784,0,0,13673,242816,2902,55672,13677,298488,California
Orange,2021-02-04,19650,373957,12823,203346,6827,170611,0,0,14615,252431,5004,60676,14619,313107,California
Orange,2021-02-05,20642,394599,11953,215299,8689,179300,0,0,14450,260729,6155,66831,14453,327560,California
Orange,2021-02-06,16276,410875,10763,226062,5513,184813,0,0,11047,266780,5214,72045,11265,338825,California
Orange,2021-02-07,11499,422374,8075,234137,3424,188237,0,0,7532,270527,3954,75999,7701,346526,California
Orange,2021-02-08,14756,437130,8471,242608,6285,194522,0,0,8825,273450,5904,81903,8827,355353,California
Orange,2021-02-09,17509,454639,11947,254555,5562,200084,0,0,10706,277429,6731,88634,10710,366063,California
Orange,2021-02-10,20813,475452,11111,265666,9702,209786,0,0,12684,282084,8036,96670,12691,378754,California
Orange,2021-02-11,21876,497328,11318,276984,10558,220344,0,0,12361,285092,9375,106045,12383,391137,California
Orange,2021-02-12,24646,521974,11876,288860,12770,233114,0,0,14609,289722,9987,116032,14617,405754,California
Orange,2021-02-13,21617,543591,11580,300440,10037,243151,0,0,11130,291214,10285,126317,11777,417531,California
Orange,2021-02-14,16128,559719,6565,307005,9563,252714,0,0,9527,294164,6580,132897,9530,427061,California
Orange,2021-02-15,17077,576796,7368,314373,9709,262423,0,0,8871,294876,8168,141065,8880,435941,California
Orange,2021-02-16,19850,596646,8939,323312,10911,273334,0,0,10752,296587,9065,150130,10776,446717,California
Orange,2021-02-17,17596,614242,9170,332482,8426,281760,0,0,9154,297369,8404,158534,9186,455903,California
Orange,2021-02-18,14594,628836,9582,342064,5012,286772,0,0,6779,296384,7774,166308,6789,462692,California
Orange,2021-02-19,17644,646480,10692,352756,6952,293724,0,0,6924,292639,10678,176986,6933,469625,California
Orange,2021-02-20,7172,653652,5380,358136,1792,295516,0,0,3561,292615,3595,180581,3571,473196,California
Orange,2021-02-21,4116,657768,3446,361582,670,296186,0,0,730,289981,3365,183946,731,473927,California
Orange,2021-02-22,9414,667182,7693,369275,1721,297907,0,0,3837,288284,5555,189501,3858,477785,California
Orange,2021-02-23,13079,680261,7107,376382,5972,303879,0,0,3574,282413,9459,198960,3588,481373,California
Orange,2021-02-24,20803,701064,12554,388936,8249,312128,0,0,5348,272382,15400,214360,5369,486742,California
Orange,2021-02-25,22322,723386,12044,400980,10278,322406,0,0,8004,266143,14267,228627,8028,494770,California
Orange,2021-02-26,27431,750817,13910,414890,13521,335927,0,0,11120,261072,16219,244846,11148,505918,California
Orange,2021-02-27,24810,775627,10030,424920,14779,350706,1,1,7267,250897,17460,262306,7285,513203,California
Orange,2021-02-28,18867,794494,7272,432192,11595,362301,0,1,4813,241752,13980,276286,4835,518038,California
Orange,2021-03-01,18092,812586,8270,440462,9820,372121,2,3,6981,237708,11060,287346,7016,525054,California
Orange,2021-03-02,14410,826996,7046,447508,7363,379484,1,4,8496,240355,5884,293230,8531,533585,California
Orange,2021-03-03,18609,845605,8795,456303,9813,389297,1,5,9568,240964,8981,302211,9590,543175,California
Orange,2021-03-04,19641,865246,11847,468150,7783,397080,11,16,10205,241799,9406,311617,10241,553416,California
Orange,2021-03-05,17551,882797,9440,477590,8068,405148,43,59,10801,245972,6728,318345,10901,564317,California
Orange,2021-03-06,18164,900961,10180,487770,7167,412315,817,876,9540,247761,8596,326941,10385,574702,California
Orange,2021-03-07,14058,915019,8051,495821,5644,417959,363,1239,8203,250528,5823,332764,8590,583292,California
Orange,2021-03-08,15466,930485,7138,502959,7158,425117,1170,2409,10022,256336,5414,338178,11222,594514,California
Orange,2021-03-09,19333,949818,8351,511310,8592,433709,2390,4799,11120,261684,8175,346353,13523,608037,California
Orange,2021-03-10,21233,971051,10496,521806,7785,441494,2952,7751,10700,264851,10494,356847,13661,621698,California
Orange,2021-03-11,27177,998228,14540,536346,8814,450308,3823,11574,12419,266514,14709,371556,16372,638070,California
Orange,2021-03-12,24937,1023165,12066,548412,9629,459937,3242,14816,12371,269634,12517,384073,15637,653707,California
Orange,2021-03-13,19448,1042613,7269,555681,9480,469417,2699,17515,9592,272113,9833,393906,12312,666019,California
Orange,2021-03-14,16305,1058918,7287,562968,6578,475995,2440,19955,10380,279051,5899,399805,12837,678856,California
Orange,2021-03-15,22621,1081539,9760,572728,12087,488082,774,20729,14293,285837,8296,408101,15082,693938,California
Orange,2021-03-16,26046,1107585,10868,583596,14922,503004,256,20985,16899,293925,9088,417189,17176,711114,California
Orange,2021-03-17,26457,1134042,13174,596770,12800,515804,483,21468,18840,305694,7572,424761,19341,730455,California
Orange,2021-03-18,21913,1155955,10895,607665,10864,526668,154,21622,16984,317960,4886,429647,17152,747607,California
Orange,2021-03-19,28164,1184119,15362,623027,12449,539117,353,21975,20954,332160,7131,436778,21331,768938,California
Orange,2021-03-20,20676,1204795,10970,633997,9544,548661,162,22137,17894,347485,2740,439518,18065,787003,California
Orange,2021-03-21,18082,1222877,10464,644461,6890,555551,728,22865,15407,360969,2658,442176,16142,803145,California
Orange,2021-03-22,22329,1245206,11521,655982,10494,566045,314,23179,18935,376897,3340,445516,19268,822413,California
Orange,2021-03-23,25571,1270777,13267,669249,11674,577719,630,23809,20579,393188,4933,450449,21224,843637,California
Orange,2021-03-24,28349,1299126,15798,685047,11687,589406,864,24673,21820,409417,6472,456921,22701,866338,California
Orange,2021-03-25,30859,1329985,16065,701112,14154,603560,640,25313,23850,426994,6953,463874,24530,890868,California
Orange,2021-03-26,33509,1363494,17069,718181,15617,619177,823,26136,24547,443565,8888,472762,25459,916327,California
Orange,2021-03-27,27399,1390893,12924,731105,14166,633343,309,26445,19863,456323,7477,480239,20235,936562,California
Orange,2021-03-28,24030,1414923,12491,743596,11473,644816,66,26511,18156,468742,5837,486076,18256,954818,California
Orange,2021-03-29,25426,1440349,11447,755043,13454,658270,525,27036,17444,478874,7927,494003,18059,972877,California
Orange,2021-03-30,28452,1468801,12580,767623,15563,673833,309,27345,20512,491905,7899,501902,20930,993807,California
Orange,2021-03-31,19592,1488393,9781,777404,9597,683430,214,27559,13161,499248,6397,508299,13740,1007547,California
Placer,2020-12-15,29,29,29,29,0,0,0,0,29,29,0,0,29,29,California
Placer,2020-12-16,52,81,52,81,0,0,0,0,52,81,0,0,52,81,California
Placer,2020-12-17,141,222,141,222,0,0,0,0,141,222,0,0,141,222,California
Placer,2020-12-18,331,553,331,553,0,0,0,0,331,553,0,0,331,553,California
Placer,2020-12-19,248,801,248,801,0,0,0,0,248,801,0,0,248,801,California
Placer,2020-12-20,233,1034,233,1034,0,0,0,0,233,1034,0,0,233,1034,California
Placer,2020-12-21,495,1529,494,1528,1,1,0,0,495,1529,0,0,495,1529,California
Placer,2020-12-22,676,2205,670,2198,6,7,0,0,676,2205,0,0,676,2205,California
Placer,2020-12-23,741,2946,656,2854,85,92,0,0,741,2946,0,0,741,2946,California
Placer,2020-12-24,396,3342,345,3199,51,143,0,0,396,3342,0,0,396,3342,California
Placer,2020-12-26,159,3501,114,3313,45,188,0,0,159,3501,0,0,159,3501,California
Placer,2020-12-27,187,3688,163,3476,24,212,0,0,187,3688,0,0,187,3688,California
Placer,2020-12-28,665,4353,539,4015,126,338,0,0,665,4353,0,0,665,4353,California
Placer,2020-12-29,762,5115,514,4529,248,586,0,0,762,5115,0,0,762,5115,California
Placer,2020-12-30,727,5842,450,4979,277,863,0,0,725,5840,0,0,725,5840,California
Placer,2020-12-31,530,6372,344,5323,186,1049,0,0,530,6370,0,0,530,6370,California
Placer,2021-01-01,14,6386,10,5333,4,1053,0,0,14,6384,0,0,14,6384,California
Placer,2021-01-02,184,6570,152,5485,32,1085,0,0,184,6568,0,0,184,6568,California
Placer,2021-01-03,153,6723,78,5563,75,1160,0,0,153,6721,0,0,153,6721,California
Placer,2021-01-04,615,7338,176,5739,439,1599,0,0,615,7336,0,0,615,7336,California
Placer,2021-01-05,713,8051,156,5895,557,2156,0,0,631,7886,81,81,631,7967,California
Placer,2021-01-06,754,8805,242,6137,512,2668,0,0,614,8360,140,221,614,8581,California
Placer,2021-01-07,979,9784,364,6501,615,3283,0,0,776,8935,203,424,778,9359,California
Placer,2021-01-08,1180,10964,525,7026,655,3938,0,0,853,9464,324,748,853,10212,California
Placer,2021-01-09,446,11410,318,7344,128,4066,0,0,231,9481,214,962,231,10443,California
Placer,2021-01-10,326,11736,184,7528,142,4208,0,0,162,9479,164,1126,162,10605,California
Placer,2021-01-11,1424,13160,808,8336,616,4824,0,0,834,9724,590,1716,835,11440,California
Placer,2021-01-12,1637,14797,868,9204,769,5593,0,0,1032,10152,605,2321,1033,12473,California
Placer,2021-01-13,1625,16422,818,10022,807,6400,0,0,1209,10950,414,2735,1212,13685,California
Placer,2021-01-14,1734,18156,649,10671,1085,7485,0,0,1378,11976,353,3088,1379,15064,California
Placer,2021-01-15,1905,20061,721,11392,1184,8669,0,0,1552,13180,352,3440,1556,16620,California
Placer,2021-01-16,1472,21533,722,12114,750,9419,0,0,1350,14409,122,3562,1351,17971,California
Placer,2021-01-17,561,22094,395,12509,166,9585,0,0,429,14706,132,3694,429,18400,California
Placer,2021-01-18,977,23071,540,13049,437,10022,0,0,748,15226,229,3923,749,19149,California
Placer,2021-01-19,2555,25626,1948,14997,607,10629,0,0,2106,16884,449,4372,2107,21256,California
Placer,2021-01-20,2240,27866,1690,16687,550,11179,0,0,1912,18469,328,4700,1913,23169,California
Placer,2021-01-21,2522,30388,1112,17799,1410,12589,0,0,2127,20203,394,5094,2128,25297,California
Placer,2021-01-22,2269,32657,588,18387,1681,14270,0,0,2093,22125,174,5268,2096,27393,California
Placer,2021-01-23,1186,33843,378,18765,808,15078,0,0,1031,23001,155,5423,1031,28424,California
Placer,2021-01-24,507,34350,266,19031,241,15319,0,0,432,23359,75,5498,433,28857,California
Placer,2021-01-25,1643,35993,796,19827,847,16166,0,0,1362,24441,281,5779,1363,30220,California
Placer,2021-01-26,1827,37820,1025,20852,802,16968,0,0,1565,25744,262,6041,1565,31785,California
Placer,2021-01-27,1814,39634,1158,22010,656,17624,0,0,1573,27078,239,6280,1573,33358,California
Placer,2021-01-28,1773,41407,1106,23116,667,18291,0,0,1531,28367,242,6522,1531,34889,California
Placer,2021-01-29,1840,43247,1156,24272,684,18975,0,0,1653,29836,186,6708,1655,36544,California
Placer,2021-01-30,1718,44965,968,25240,750,19725,0,0,1601,31321,116,6824,1601,38145,California
Placer,2021-01-31,780,45745,623,25863,157,19882,0,0,709,31961,70,6894,710,38855,California
Placer,2021-02-01,2058,47803,1088,26951,970,20852,0,0,1750,33405,306,7200,1750,40605,California
Placer,2021-02-02,2363,50166,1542,28493,821,21673,0,0,1883,34810,478,7678,1883,42488,California
Placer,2021-02-03,2899,53065,1869,30362,1030,22703,0,0,2286,36487,609,8287,2286,44774,California
Placer,2021-02-04,2746,55811,1175,31537,1571,24274,0,0,1927,37598,817,9104,1928,46702,California
Placer,2021-02-05,2720,58531,1204,32741,1516,25790,0,0,1391,37666,1323,10427,1391,48093,California
Placer,2021-02-06,1924,60455,1289,34030,635,26425,0,0,1378,38498,546,10973,1378,49471,California
Placer,2021-02-07,1217,61672,908,34938,309,26734,0,0,939,39161,277,11250,940,50411,California
Placer,2021-02-08,3295,64967,1764,36702,1531,28265,0,0,1973,39820,1314,12564,1973,52384,California
Placer,2021-02-09,3527,68494,2163,38865,1364,29629,0,0,1622,39538,1904,14468,1622,54006,California
Placer,2021-02-10,3730,72224,2183,41048,1547,31176,0,0,1743,39299,1984,16452,1745,55751,California
Placer,2021-02-11,3606,75830,1889,42937,1717,32893,0,0,1574,38850,2024,18476,1575,57326,California
Placer,2021-02-12,2737,78567,1313,44250,1424,34317,0,0,1660,39449,1061,19537,1660,58986,California
Placer,2021-02-13,2535,81102,1495,45745,1040,35357,0,0,1883,40680,652,20189,1883,60869,California
Placer,2021-02-14,1072,82174,679,46424,393,35750,0,0,731,41073,338,20527,731,61600,California
Placer,2021-02-15,2143,84317,1036,47460,1107,36857,0,0,1490,41911,653,21180,1491,63091,California
Placer,2021-02-16,3522,87839,1789,49249,1733,38590,0,0,1583,41566,1930,23110,1585,64676,California
Placer,2021-02-17,3441,91280,1958,51207,1483,40073,0,0,1450,41028,1988,25098,1450,66126,California
Placer,2021-02-18,3595,94875,1950,53157,1645,41718,0,0,1502,40446,2084,27182,1502,67628,California
Placer,2021-02-19,3523,98398,1891,55048,1632,43350,0,0,1310,39547,2210,29392,1311,68939,California
Placer,2021-02-20,1945,100343,1212,56260,733,44083,0,0,861,39332,1079,30471,864,69803,California
Placer,2021-02-21,949,101292,726,56986,223,44306,0,0,261,38909,685,31156,262,70065,California
Placer,2021-02-22,2474,103766,1750,58736,724,45030,0,0,588,37613,1884,33040,588,70653,California
Placer,2021-02-23,2479,106245,1548,60284,931,45961,0,0,868,36873,1608,34648,868,71521,California
Placer,2021-02-24,3182,109427,1151,61435,2031,47992,0,0,1751,37203,1423,36071,1753,73274,California
Placer,2021-02-25,3381,112808,1385,62820,1996,49988,0,0,1776,37385,1599,37670,1781,75055,California
Placer,2021-02-26,4005,116813,2368,65188,1637,51625,0,0,2307,38000,1693,39363,2308,77363,California
Placer,2021-02-27,2777,119590,1465,66653,1312,52937,0,0,1441,38112,1330,40693,1442,78805,California
Placer,2021-02-28,1379,120969,792,67445,587,53524,0,0,572,37883,801,41494,572,79377,California
Placer,2021-03-01,2939,123908,1975,69420,964,54488,0,0,1498,37946,1436,42930,1499,80876,California
Placer,2021-03-02,2788,126696,1751,71171,1037,55525,0,0,1832,38832,950,43880,1836,82712,California
Placer,2021-03-03,2972,129668,1290,72461,1682,57207,0,0,1573,39011,1394,45274,1573,84285,California
Placer,2021-03-04,3159,132827,1202,73663,1957,59164,0,0,1618,39099,1530,46804,1618,85903,California
Placer,2021-03-05,2572,135399,802,74465,1749,60913,21,21,1493,39540,1074,47878,1515,87418,California
Placer,2021-03-06,2218,137617,1387,75852,760,61673,71,92,789,38978,1424,49302,862,88280,California
Placer,2021-03-07,1259,138876,745,76597,480,62153,34,126,502,38760,754,50056,536,88816,California
Placer,2021-03-08,2695,141571,1712,78309,880,63033,103,229,1490,39151,1203,51259,1594,90410,California
Placer,2021-03-09,2997,144568,1600,79909,1304,64337,93,322,1674,39599,1320,52579,1768,92178,California
Placer,2021-03-10,3006,147574,1221,81130,1704,66041,81,403,1496,39670,1505,54084,1576,93754,California
Placer,2021-03-11,3287,150861,1463,82593,1705,67746,119,522,1517,39545,1764,55848,1639,95393,California
Placer,2021-03-12,3246,154107,1369,83962,1168,68914,709,1231,1048,39110,2194,58042,1759,97152,California
Placer,2021-03-13,1881,155988,700,84662,1071,69985,110,1341,1052,39446,826,58868,1162,98314,California
Placer,2021-03-14,1472,157460,661,85323,681,70666,130,1471,838,39781,632,59500,967,99281,California
Placer,2021-03-15,3021,160481,1453,86776,1440,72106,128,1599,1631,40160,1382,60882,1761,101042,California
Placer,2021-03-16,3403,163884,1808,88584,1459,73565,136,1735,2150,41203,1243,62125,2286,103328,California
Placer,2021-03-17,3161,167045,1599,90183,1469,75034,93,1828,2009,42159,1148,63273,2104,105432,California
Placer,2021-03-18,3009,170054,1672,91855,1302,76336,35,1863,2149,43486,857,64130,2184,107616,California
Placer,2021-03-19,2774,172828,1692,93547,861,77197,221,2084,1708,44355,1060,65190,1929,109545,California
Placer,2021-03-20,1442,174270,641,94188,745,77942,56,2140,856,44684,584,65774,913,110458,California
Placer,2021-03-21,1201,175471,571,94759,623,78565,7,2147,918,45328,281,66055,925,111383,California
Placer,2021-03-22,3096,178567,1993,96752,1003,79568,100,2247,2035,46411,1058,67113,2141,113524,California
Placer,2021-03-23,3321,181888,1970,98722,1264,80832,87,2334,2354,47890,962,68075,2441,115965,California
Placer,2021-03-24,3561,185449,1902,100624,1563,82395,96,2430,1826,48130,1722,69797,1962,117927,California
Placer,2021-03-25,3625,189074,1734,102358,1799,84194,92,2522,1636,47955,1980,71777,1805,119732,California
Placer,2021-03-26,3581,192655,1612,103970,1749,85943,220,2742,1527,47784,2045,73822,1874,121606,California
Placer,2021-03-27,1540,194195,437,104407,1082,87025,21,2763,646,47583,890,74712,689,122295,California
Placer,2021-03-28,1020,195215,470,104877,539,87564,11,2774,352,47280,666,75378,363,122658,California
Placer,2021-03-29,3263,198478,1837,106714,1397,88961,29,2803,1565,47201,1685,77063,1606,124264,California
Placer,2021-03-30,3640,202118,1921,108635,1678,90639,41,2844,1889,47411,1740,78803,1950,126214,California
Placer,2021-03-31,2060,204178,1094,109729,917,91556,49,2893,859,47184,1197,80000,970,127184,California
Plumas,2020-12-18,4,4,4,4,0,0,0,0,4,4,0,0,4,4,California
Plumas,2020-12-19,1,5,1,5,0,0,0,0,1,5,0,0,1,5,California
Plumas,2020-12-21,45,50,45,50,0,0,0,0,45,50,0,0,45,50,California
Plumas,2020-12-22,92,142,92,142,0,0,0,0,92,142,0,0,92,142,California
Plumas,2020-12-23,50,192,50,192,0,0,0,0,50,192,0,0,50,192,California
Plumas,2020-12-24,6,198,6,198,0,0,0,0,6,198,0,0,6,198,California
Plumas,2020-12-28,8,206,0,198,8,8,0,0,8,206,0,0,8,206,California
Plumas,2020-12-29,32,238,22,220,10,18,0,0,32,238,0,0,32,238,California
Plumas,2020-12-30,22,260,1,221,21,39,0,0,22,260,0,0,22,260,California
Plumas,2020-12-31,4,264,1,222,3,42,0,0,4,264,0,0,4,264,California
Plumas,2021-01-04,9,273,3,225,6,48,0,0,9,273,0,0,9,273,California
Plumas,2021-01-05,23,296,2,227,21,69,0,0,22,295,0,0,22,295,California
Plumas,2021-01-06,125,421,6,233,119,188,0,0,125,420,0,0,125,420,California
Plumas,2021-01-07,55,476,2,235,53,241,0,0,54,473,1,1,54,474,California
Plumas,2021-01-08,12,488,5,240,7,248,0,0,8,477,4,5,8,482,California
Plumas,2021-01-09,2,490,2,242,0,248,0,0,1,477,1,6,1,483,California
Plumas,2021-01-11,59,549,50,292,9,257,0,0,12,442,47,53,12,495,California
Plumas,2021-01-12,154,703,86,378,68,325,0,0,70,428,84,137,70,565,California
Plumas,2021-01-13,55,758,50,428,5,330,0,0,9,391,46,183,9,574,California
Plumas,2021-01-14,96,854,14,442,82,412,0,0,91,477,5,188,91,665,California
Plumas,2021-01-15,62,916,7,449,55,467,0,0,60,535,2,190,60,725,California
Plumas,2021-01-16,58,974,1,450,57,524,0,0,58,593,0,190,58,783,California
Plumas,2021-01-18,3,977,2,452,1,525,0,0,3,596,0,190,3,786,California
Plumas,2021-01-19,37,1014,6,458,31,556,0,0,33,625,4,194,33,819,California
Plumas,2021-01-20,121,1135,3,461,118,674,0,0,119,742,2,196,119,938,California
Plumas,2021-01-21,112,1247,2,463,110,784,0,0,112,854,0,196,112,1050,California
Plumas,2021-01-22,3,1250,0,463,3,787,0,0,3,857,0,196,3,1053,California
Plumas,2021-01-23,92,1342,1,464,91,878,0,0,92,949,0,196,92,1145,California
Plumas,2021-01-24,1,1343,1,465,0,878,0,0,1,950,0,196,1,1146,California
Plumas,2021-01-25,8,1351,5,470,3,881,0,0,5,952,3,199,5,1151,California
Plumas,2021-01-26,60,1411,2,472,58,939,0,0,52,996,8,207,52,1203,California
Plumas,2021-01-27,25,1436,20,492,5,944,0,0,5,981,20,227,5,1208,California
Plumas,2021-01-28,23,1459,0,492,23,967,0,0,21,1000,2,229,21,1229,California
Plumas,2021-01-29,7,1466,2,494,5,972,0,0,6,1005,1,230,6,1235,California
Plumas,2021-01-30,7,1473,4,498,3,975,0,0,6,1010,1,231,6,1241,California
Plumas,2021-01-31,3,1476,3,501,0,975,0,0,3,1013,0,231,3,1244,California
Plumas,2021-02-01,15,1491,2,503,13,988,0,0,7,1012,8,239,7,1251,California
Plumas,2021-02-02,20,1511,1,504,19,1007,0,0,1,994,19,258,1,1252,California
Plumas,2021-02-03,126,1637,5,509,121,1128,0,0,12,893,113,371,12,1264,California
Plumas,2021-02-04,102,1739,8,517,94,1222,0,0,23,837,79,450,23,1287,California
Plumas,2021-02-05,25,1764,11,528,14,1236,0,0,9,830,16,466,9,1296,California
Plumas,2021-02-06,8,1772,1,529,7,1243,0,0,8,838,0,466,8,1304,California
Plumas,2021-02-08,17,1789,9,538,8,1251,0,0,4,829,13,479,4,1308,California
Plumas,2021-02-09,170,1959,1,539,169,1420,0,0,111,881,59,538,111,1419,California
Plumas,2021-02-10,91,2050,8,547,83,1503,0,0,83,956,8,546,83,1502,California
Plumas,2021-02-11,321,2371,6,553,315,1818,0,0,262,1159,59,605,262,1764,California
Plumas,2021-02-12,121,2492,3,556,118,1936,0,0,117,1272,4,609,117,1881,California
Plumas,2021-02-13,72,2564,3,559,69,2005,0,0,13,1226,59,668,13,1894,California
Plumas,2021-02-14,7,2571,4,563,3,2008,0,0,7,1233,0,668,7,1901,California
Plumas,2021-02-15,25,2596,3,566,22,2030,0,0,24,1256,1,669,24,1925,California
Plumas,2021-02-16,74,2670,4,570,70,2100,0,0,13,1208,61,730,13,1938,California
Plumas,2021-02-17,136,2806,5,575,131,2231,0,0,11,1094,125,855,11,1949,California
Plumas,2021-02-18,126,2932,6,581,120,2351,0,0,18,1004,108,963,18,1967,California
Plumas,2021-02-19,39,2971,3,584,36,2387,0,0,5,975,34,997,5,1972,California
Plumas,2021-02-20,103,3074,6,590,97,2484,0,0,11,894,92,1089,11,1983,California
Plumas,2021-02-21,6,3080,5,595,1,2485,0,0,2,892,4,1093,2,1985,California
Plumas,2021-02-22,3,3083,1,596,2,2487,0,0,0,889,3,1096,0,1985,California
Plumas,2021-02-23,20,3103,3,599,17,2504,0,0,13,895,7,1103,13,1998,California
Plumas,2021-02-24,453,3556,5,604,448,2952,0,0,443,1328,10,1113,443,2441,California
Plumas,2021-02-25,226,3782,7,611,219,3171,0,0,166,1434,60,1173,166,2607,California
Plumas,2021-02-26,259,4041,5,616,254,3425,0,0,255,1685,4,1177,255,2862,California
Plumas,2021-02-27,42,4083,6,622,36,3461,0,0,34,1711,8,1185,34,2896,California
Plumas,2021-02-28,1,4084,0,622,1,3462,0,0,1,1712,0,1185,1,2897,California
Plumas,2021-03-01,11,4095,4,626,7,3469,0,0,7,1715,4,1189,7,2904,California
Plumas,2021-03-02,9,4104,0,626,9,3478,0,0,6,1718,3,1192,6,2910,California
Plumas,2021-03-03,137,4241,8,634,129,3607,0,0,124,1829,13,1205,124,3034,California
Plumas,2021-03-04,212,4453,8,642,204,3811,0,0,192,2001,20,1225,192,3226,California
Plumas,2021-03-05,370,4823,5,647,359,4170,6,6,360,2357,10,1235,366,3592,California
Plumas,2021-03-06,16,4839,1,648,7,4177,8,14,3,2355,13,1248,11,3603,California
Plumas,2021-03-07,10,4849,1,649,1,4178,8,22,1,2355,9,1257,9,3612,California
Plumas,2021-03-08,33,4882,6,655,3,4181,24,46,6,2358,27,1284,30,3642,California
Plumas,2021-03-09,130,5012,2,657,115,4296,13,59,17,2275,113,1397,30,3672,California
Plumas,2021-03-10,199,5211,2,659,195,4491,2,61,75,2228,124,1521,77,3749,California
Plumas,2021-03-11,157,5368,5,664,147,4638,5,66,122,2320,35,1556,127,3876,California
Plumas,2021-03-12,526,5894,3,667,276,4914,247,313,17,2075,509,2065,264,4140,California
Plumas,2021-03-13,21,5915,5,672,4,4918,12,325,3,2073,18,2083,16,4156,California
Plumas,2021-03-14,11,5926,2,674,4,4922,5,330,2,2071,9,2092,7,4163,California
Plumas,2021-03-15,30,5956,1,675,23,4945,6,336,5,2057,25,2117,11,4174,California
Plumas,2021-03-16,28,5984,3,678,24,4969,1,337,18,2066,10,2127,19,4193,California
Plumas,2021-03-17,80,6064,13,691,66,5035,1,338,67,2121,13,2140,68,4261,California
Plumas,2021-03-18,50,6114,5,696,30,5065,15,353,7,2100,43,2183,22,4283,California
Plumas,2021-03-19,126,6240,1,697,124,5189,1,354,120,2217,5,2188,122,4405,California
Plumas,2021-03-20,16,6256,4,701,11,5200,1,355,10,2222,6,2194,11,4416,California
Plumas,2021-03-21,2,6258,2,703,0,5200,0,355,2,2224,0,2194,2,4418,California
Plumas,2021-03-22,160,6418,4,707,156,5356,0,355,153,2370,7,2201,153,4571,California
Plumas,2021-03-23,25,6443,1,708,24,5380,0,355,13,2371,12,2213,13,4584,California
Plumas,2021-03-24,606,7049,7,715,598,5978,1,356,179,2124,427,2640,180,4764,California
Plumas,2021-03-25,186,7235,6,721,178,6156,2,358,47,2032,139,2779,47,4811,California
Plumas,2021-03-26,312,7547,8,729,303,6459,1,359,46,1814,266,3045,48,4859,California
Plumas,2021-03-27,12,7559,1,730,10,6469,1,360,4,1811,8,3053,5,4864,California
Plumas,2021-03-28,3,7562,1,731,1,6470,1,361,1,1811,2,3055,2,4866,California
Plumas,2021-03-29,16,7578,5,736,9,6479,2,363,4,1805,12,3067,6,4872,California
Plumas,2021-03-30,147,7725,3,739,143,6622,1,364,23,1714,124,3191,33,4905,California
Plumas,2021-03-31,243,7968,4,743,239,6861,0,364,232,1935,11,3202,232,5137,California
Riverside,2020-12-15,4,4,4,4,0,0,0,0,4,4,0,0,4,4,California
Riverside,2020-12-16,65,69,65,69,0,0,0,0,65,69,0,0,65,69,California
Riverside,2020-12-17,803,872,803,872,0,0,0,0,803,872,0,0,803,872,California
Riverside,2020-12-18,1723,2595,1721,2593,2,2,0,0,1723,2595,0,0,1723,2595,California
Riverside,2020-12-19,1021,3616,1019,3612,2,4,0,0,1019,3613,1,1,1019,3614,California
Riverside,2020-12-20,1078,4694,1078,4690,0,4,0,0,1078,4691,0,1,1078,4692,California
Riverside,2020-12-21,2270,6964,2268,6958,2,6,0,0,2270,6961,0,1,2270,6962,California
Riverside,2020-12-22,2245,9209,2206,9164,39,45,0,0,2244,9205,0,1,2244,9206,California
Riverside,2020-12-23,2119,11328,1783,10947,336,381,0,0,2120,11325,0,1,2120,11326,California
Riverside,2020-12-24,826,12154,623,11570,203,584,0,0,826,12151,0,1,826,12152,California
Riverside,2020-12-25,28,12182,5,11575,23,607,0,0,28,12179,0,1,28,12180,California
Riverside,2020-12-26,402,12584,258,11833,144,751,0,0,402,12581,0,1,402,12582,California
Riverside,2020-12-27,362,12946,244,12077,118,869,0,0,362,12943,0,1,362,12944,California
Riverside,2020-12-28,1619,14565,1123,13200,496,1365,0,0,1619,14562,0,1,1619,14563,California
Riverside,2020-12-29,1735,16300,970,14170,765,2130,0,0,1735,16297,0,1,1735,16298,California
Riverside,2020-12-30,2563,18863,1678,15848,885,3015,0,0,2562,18859,0,1,2562,18860,California
Riverside,2020-12-31,1019,19882,395,16243,624,3639,0,0,1021,19880,0,1,1021,19881,California
Riverside,2021-01-01,97,19979,35,16278,62,3701,0,0,97,19977,0,1,97,19978,California
Riverside,2021-01-02,824,20803,689,16967,135,3836,0,0,824,20801,0,1,824,20802,California
Riverside,2021-01-03,344,21147,298,17265,46,3882,0,0,343,21144,0,1,343,21145,California
Riverside,2021-01-04,1253,22400,793,18058,460,4342,0,0,1253,22397,0,1,1253,22398,California
Riverside,2021-01-05,1979,24379,1361,19419,618,4960,0,0,1882,24188,91,92,1882,24280,California
Riverside,2021-01-06,2460,26839,1096,20515,1364,6324,0,0,2154,26041,302,394,2155,26435,California
Riverside,2021-01-07,2751,29590,1809,22324,942,7266,0,0,1692,26684,1055,1449,1698,28133,California
Riverside,2021-01-08,4010,33600,2926,25250,1084,8350,0,0,2208,27095,1798,3247,2209,30342,California
Riverside,2021-01-09,2075,35675,846,26096,1229,9579,0,0,1730,28482,343,3590,1730,32072,California
Riverside,2021-01-10,1660,37335,732,26828,928,10507,0,0,1057,28936,603,4193,1057,33129,California
Riverside,2021-01-11,4492,41827,3089,29917,1403,11910,0,0,2767,29982,1723,5916,2769,35898,California
Riverside,2021-01-12,3387,45214,2715,32632,672,12582,0,0,1706,30013,1676,7592,1707,37605,California
Riverside,2021-01-13,4373,49587,2866,35498,1507,14089,0,0,2775,31193,1595,9187,2775,40380,California
Riverside,2021-01-14,5428,55015,1857,37355,3571,17660,0,0,4844,35453,584,9771,4844,45224,California
Riverside,2021-01-15,6126,61141,2092,39447,4034,21694,0,0,5837,41003,288,10059,5838,51062,California
Riverside,2021-01-16,3613,64754,1015,40462,2598,24292,0,0,3367,44125,246,10305,3368,54430,California
Riverside,2021-01-17,3600,68354,579,41041,3021,27313,0,0,3405,47336,194,10499,3405,57835,California
Riverside,2021-01-18,3698,72052,2002,43043,1696,29009,0,0,2695,49028,1003,11502,2695,60530,California
Riverside,2021-01-19,7383,79435,2632,45675,4751,33760,0,0,6268,54184,1115,12617,6271,66801,California
Riverside,2021-01-20,7945,87380,2860,48535,5085,38845,0,0,6468,59186,1468,14085,6470,73271,California
Riverside,2021-01-21,8203,95583,3363,51898,4840,43685,0,0,7589,66159,616,14701,7589,80860,California
Riverside,2021-01-22,8672,104255,2964,54862,5708,49393,0,0,8243,73975,428,15129,8244,89104,California
Riverside,2021-01-23,5926,110181,2394,57256,3532,52925,0,0,5200,78450,726,15855,5201,94305,California
Riverside,2021-01-24,3039,113220,1431,58687,1608,54533,0,0,2828,81070,209,16064,2829,97134,California
Riverside,2021-01-25,7856,121076,4533,63220,3323,57856,0,0,6734,86691,1120,17184,6741,103875,California
Riverside,2021-01-26,9072,130148,5721,68941,3351,61207,0,0,7565,92757,1505,18689,7571,111446,California
Riverside,2021-01-27,10497,140645,6182,75123,4315,65522,0,0,8997,100259,1497,20186,8999,120445,California
Riverside,2021-01-28,11383,152028,6709,81832,4674,70196,0,0,10232,109350,1143,21329,10234,130679,California
Riverside,2021-01-29,11834,163862,7224,89056,4610,74806,0,0,10470,118488,1337,22666,10475,141154,California
Riverside,2021-01-30,9030,172892,4599,93655,4431,79237,0,0,8582,126626,446,23112,8584,149738,California
Riverside,2021-01-31,5164,178056,4262,97917,902,80139,0,0,5037,131542,124,23236,5040,154778,California
Riverside,2021-02-01,10814,188870,6685,104602,4129,84268,0,0,9045,138827,1764,25000,9049,163827,California
Riverside,2021-02-02,9394,198264,4774,109376,4620,88888,0,0,7921,145285,1466,26466,7924,171751,California
Riverside,2021-02-03,12017,210281,4984,114360,7033,95921,0,0,9792,152863,2214,28680,9792,181543,California
Riverside,2021-02-04,13542,223823,6066,120426,7476,103397,0,0,11457,162251,2078,30758,11466,193009,California
Riverside,2021-02-05,14312,238135,5400,125826,8912,112309,0,0,11293,170539,3012,33770,11300,204309,California
Riverside,2021-02-06,7252,245387,4279,130105,2973,115282,0,0,5626,174548,1620,35390,5629,209938,California
Riverside,2021-02-07,2204,247591,812,130917,1392,116674,0,0,1893,176131,311,35701,1894,211832,California
Riverside,2021-02-08,12459,260050,5533,136450,6926,123600,0,0,10186,184066,2255,37956,10190,222022,California
Riverside,2021-02-09,9651,269701,4517,140967,5134,128734,0,0,7745,189919,1898,39854,7751,229773,California
Riverside,2021-02-10,12023,281724,6995,147962,5028,133762,0,0,8928,195769,3086,42940,8936,238709,California
Riverside,2021-02-11,16492,298216,9026,156988,7466,141228,0,0,12149,203608,4324,47264,12163,250872,California
Riverside,2021-02-12,17638,315854,10818,167806,6820,148048,0,0,12807,211635,4792,52056,12819,263691,California
Riverside,2021-02-13,6310,322164,2115,169921,4195,152243,0,0,3077,211518,3217,55273,3100,266791,California
Riverside,2021-02-14,4947,327111,1146,171067,3801,156044,0,0,2195,210966,2748,58021,2196,268987,California
Riverside,2021-02-15,9794,336905,4985,176052,4809,160853,0,0,5400,211985,4388,62409,5407,274394,California
Riverside,2021-02-16,16145,353050,10160,186212,5985,166838,0,0,9304,214473,6833,69242,9321,283715,California
Riverside,2021-02-17,14965,368015,8179,194391,6786,173624,0,0,7548,214622,7406,76648,7555,291270,California
Riverside,2021-02-18,15399,383414,8879,203270,6520,180144,0,0,7998,215247,7384,84032,8009,299279,California
Riverside,2021-02-19,15195,398609,8173,211443,7022,187166,0,0,7181,214446,7996,92028,7195,306474,California
Riverside,2021-02-20,7914,406523,4126,215569,3788,190954,0,0,2053,210655,5847,97875,2056,308530,California
Riverside,2021-02-21,3318,409841,2816,218385,502,191456,0,0,1029,209404,2280,100155,1029,309559,California
Riverside,2021-02-22,12199,422040,7617,226002,4582,196038,0,0,5045,207310,7144,107299,5050,314609,California
Riverside,2021-02-23,11046,433086,7538,233540,3508,199546,0,0,5422,207138,5601,112900,5429,320038,California
Riverside,2021-02-24,14680,447766,8025,241565,6655,206201,0,0,6384,205301,8255,121155,6418,326456,California
Riverside,2021-02-25,17052,464818,7262,248827,9790,215991,0,0,7926,204157,9106,130261,7962,334418,California
Riverside,2021-02-26,18168,482986,6679,255506,11489,227480,0,0,9066,204210,9049,139310,9102,343520,California
Riverside,2021-02-27,11266,494252,4893,260399,6373,233853,0,0,5645,204299,5589,144899,5678,349198,California
Riverside,2021-02-28,4628,498880,3004,263403,1624,235477,0,0,2416,204522,2202,147101,2425,351623,California
Riverside,2021-03-01,14083,512963,6020,269423,8062,243539,1,1,8306,207143,5749,152850,8370,359993,California
Riverside,2021-03-02,14689,527652,7214,276637,7474,251013,1,2,8705,209933,5954,158804,8744,368737,California
Riverside,2021-03-03,16114,543766,7892,284529,8222,259235,0,2,6774,207545,9296,168100,6908,375645,California
Riverside,2021-03-04,15165,558931,5597,290126,9564,268799,4,6,7363,207292,7762,175862,7509,383154,California
Riverside,2021-03-05,14968,573899,6200,296326,8734,277533,34,40,7677,208032,7249,183111,7989,391143,California
Riverside,2021-03-06,8099,581998,4194,300520,3472,281005,433,473,4158,208725,3928,187039,4621,395764,California
Riverside,2021-03-07,3922,585920,2634,303154,916,281921,372,845,1859,208912,2055,189094,2242,398006,California
Riverside,2021-03-08,9324,595244,3973,307127,4986,286907,365,1210,3973,207951,5339,194433,4378,402384,California
Riverside,2021-03-09,12398,607642,5798,312925,6152,293059,448,1658,5001,206132,7383,201816,5564,407948,California
Riverside,2021-03-10,12625,620267,6378,319303,5457,298516,790,2448,5002,204465,7591,209407,5924,413872,California
Riverside,2021-03-11,16095,636362,7916,327219,6718,305234,1461,3909,6266,202568,9799,219206,7902,421774,California
Riverside,2021-03-12,17451,653813,6630,333849,6819,312053,4002,7911,5705,200814,11723,230929,9969,431743,California
Riverside,2021-03-13,6742,660555,1931,335780,3737,315790,1074,8985,3576,202399,3152,234081,4737,436480,California
Riverside,2021-03-14,3649,664204,1244,337024,1161,316951,1244,10229,1613,203228,2029,236110,2858,439338,California
Riverside,2021-03-15,17905,682109,7596,344620,8697,325648,1612,11841,8597,204255,9275,245385,10302,449640,California
Riverside,2021-03-16,20241,702350,9700,354320,9704,335352,837,12678,10813,206603,9375,254760,11723,461363,California
Riverside,2021-03-17,20011,722361,10371,364691,8623,343975,1017,13695,11721,211142,8262,263022,12801,474164,California
Riverside,2021-03-18,18429,740790,9650,374341,7285,351260,1494,15189,9927,214113,8463,271485,11434,485598,California
Riverside,2021-03-19,20002,760792,10877,385218,8226,359486,899,16088,11607,218418,8358,279843,12663,498261,California
Riverside,2021-03-20,7904,768696,4851,390069,2081,361567,972,17060,4980,221469,2904,282747,5955,504216,California
Riverside,2021-03-21,3494,772190,2727,392796,533,362100,234,17294,2375,222974,1109,283856,2614,506830,California
Riverside,2021-03-22,16049,788239,9577,402373,5936,368036,536,17830,10152,227808,5860,289716,10694,517524,California
Riverside,2021-03-23,17911,806150,10100,412473,7405,375441,406,18236,11487,233363,6372,296088,11927,529451,California
Riverside,2021-03-24,17864,824014,9856,422329,7878,383319,130,18366,12318,240327,5508,301596,12472,541923,California
Riverside,2021-03-25,20133,844147,11007,433336,8948,392267,178,18544,13572,247701,6506,308102,13880,555803,California
Riverside,2021-03-26,22895,867042,11126,444462,11649,403916,120,18664,14265,253676,8549,316651,14524,570327,California
Riverside,2021-03-27,8488,875530,4200,448662,3264,407180,1024,19688,4240,254760,4231,320882,5315,575642,California
Riverside,2021-03-28,4461,879991,2865,451527,1509,408689,87,19775,2664,255753,1790,322672,2783,578425,California
Riverside,2021-03-29,14696,894687,7312,458839,7270,415959,114,19889,9406,260110,5261,327933,9618,588043,California
Riverside,2021-03-30,15057,909744,7130,465969,7734,423693,193,20082,9704,264737,5322,333255,9949,597992,California
Riverside,2021-03-31,10307,920051,4314,470283,5777,429470,216,20298,6601,267943,3672,336927,6878,604870,California
Sacramento,2020-12-15,314,314,314,314,0,0,0,0,314,314,0,0,314,314,California
Sacramento,2020-12-16,645,959,645,959,0,0,0,0,645,959,0,0,645,959,California
Sacramento,2020-12-17,648,1607,648,1607,0,0,0,0,648,1607,0,0,648,1607,California
Sacramento,2020-12-18,971,2578,968,2575,3,3,0,0,971,2578,0,0,971,2578,California
Sacramento,2020-12-19,615,3193,615,3190,0,3,0,0,615,3193,0,0,615,3193,California
Sacramento,2020-12-20,633,3826,633,3823,0,3,0,0,633,3826,0,0,633,3826,California
Sacramento,2020-12-21,1672,5498,1671,5494,1,4,0,0,1673,5499,0,0,1673,5499,California
Sacramento,2020-12-22,2095,7593,2064,7558,31,35,0,0,2095,7594,0,0,2095,7594,California
Sacramento,2020-12-23,2238,9831,2075,9633,163,198,0,0,2238,9832,0,0,2238,9832,California
Sacramento,2020-12-24,1044,10875,832,10465,212,410,0,0,1043,10874,1,1,1043,10875,California
Sacramento,2020-12-25,1,10876,0,10465,1,411,0,0,1,10875,0,1,1,10876,California
Sacramento,2020-12-26,508,11384,291,10756,217,628,0,0,508,11383,0,1,508,11384,California
Sacramento,2020-12-27,349,11733,247,11003,102,730,0,0,349,11732,0,1,349,11733,California
Sacramento,2020-12-28,1899,13632,1321,12324,578,1308,0,0,1898,13629,1,2,1898,13631,California
Sacramento,2020-12-29,1943,15575,1185,13509,758,2066,0,0,1943,15572,0,2,1943,15574,California
Sacramento,2020-12-30,2556,18131,1462,14971,1094,3160,0,0,2557,18129,0,2,2557,18131,California
Sacramento,2020-12-31,1216,19347,690,15661,526,3686,0,0,1216,19345,0,2,1216,19347,California
Sacramento,2021-01-01,69,19416,60,15721,9,3695,0,0,69,19414,0,2,69,19416,California
Sacramento,2021-01-02,566,19982,362,16083,204,3899,0,0,566,19980,0,2,566,19982,California
Sacramento,2021-01-03,409,20391,221,16304,188,4087,0,0,409,20389,0,2,409,20391,California
Sacramento,2021-01-04,1964,22355,848,17152,1116,5203,0,0,1960,22346,3,5,1960,22351,California
Sacramento,2021-01-05,2197,24552,988,18140,1209,6412,0,0,1850,23848,348,353,1850,24201,California
Sacramento,2021-01-06,2728,27280,1630,19770,1098,7510,0,0,1952,25027,773,1126,1952,26153,California
Sacramento,2021-01-07,2820,30100,1506,21276,1314,8824,0,0,1956,26122,862,1988,1957,28110,California
Sacramento,2021-01-08,3278,33378,2087,23363,1191,10015,0,0,2245,27338,1030,3018,2246,30356,California
Sacramento,2021-01-09,1287,34665,800,24163,487,10502,0,0,897,27847,388,3406,897,31253,California
Sacramento,2021-01-10,1242,35907,711,24874,531,11033,0,0,771,28149,470,3876,772,32025,California
Sacramento,2021-01-11,4324,40231,2939,27813,1385,12418,0,0,2405,28637,1918,5794,2406,34431,California
Sacramento,2021-01-12,4396,44627,3021,30834,1375,13793,0,0,2438,29118,1957,7751,2438,36869,California
Sacramento,2021-01-13,3764,48391,2160,32994,1604,15397,0,0,2352,30060,1411,9162,2353,39222,California
Sacramento,2021-01-14,4568,52959,2346,35340,2222,17619,0,0,3650,32796,914,10076,3650,42872,California
Sacramento,2021-01-15,4391,57350,2269,37609,2122,19741,0,0,3664,35738,725,10801,3667,46539,California
Sacramento,2021-01-16,2091,59441,1293,38902,798,20539,0,0,1874,37395,217,11018,1874,48413,California
Sacramento,2021-01-17,1633,61074,952,39854,681,21220,0,0,1456,38676,177,11195,1458,49871,California
Sacramento,2021-01-18,2846,63920,1762,41616,1084,22304,0,0,2323,40477,523,11718,2324,52195,California
Sacramento,2021-01-19,4597,68517,3050,44666,1547,23851,0,0,3336,42558,1261,12979,3342,55537,California
Sacramento,2021-01-20,4749,73266,2812,47478,1937,25788,0,0,3546,44902,1205,14184,3549,59086,California
Sacramento,2021-01-21,5168,78434,2982,50460,2186,27974,0,0,4205,48151,957,15141,4206,63292,California
Sacramento,2021-01-22,4957,83391,2637,53097,2320,30294,0,0,4653,52502,302,15443,4653,67945,California
Sacramento,2021-01-23,3721,87112,1556,54653,2165,32459,0,0,3267,55315,454,15897,3267,71212,California
Sacramento,2021-01-24,1550,88662,973,55626,577,33036,0,0,1313,56391,237,16134,1313,72525,California
Sacramento,2021-01-25,4335,92997,2110,57736,2225,35261,0,0,2919,57899,1416,17550,2924,75449,California
Sacramento,2021-01-26,4672,97669,2127,59863,2545,37806,0,0,3471,60175,1199,18749,3475,78924,California
Sacramento,2021-01-27,5781,103450,3042,62905,2739,40545,0,0,4180,62760,1597,20346,4182,83106,California
Sacramento,2021-01-28,5328,108778,2700,65605,2628,43173,0,0,4244,65922,1083,21429,4245,87351,California
Sacramento,2021-01-29,5353,114131,2927,68532,2426,45599,0,0,4337,69252,1010,22439,4340,91691,California
Sacramento,2021-01-30,4479,118610,2185,70717,2294,47893,0,0,4050,72873,429,22868,4050,95741,California
Sacramento,2021-01-31,2282,120892,1994,72711,288,48181,0,0,2001,74597,278,23146,2002,97743,California
Sacramento,2021-02-01,5881,126773,3001,75712,2880,51061,0,0,4231,77181,1648,24794,4232,101975,California
Sacramento,2021-02-02,6806,133579,3738,79450,3068,54129,0,0,4749,79881,2050,26844,4750,106725,California
Sacramento,2021-02-03,7037,140616,3539,82989,3498,57627,0,0,5188,83231,1840,28684,5190,111915,California
Sacramento,2021-02-04,7663,148279,3618,86607,4045,61672,0,0,5468,86514,2185,30869,5468,117383,California
Sacramento,2021-02-05,7694,155973,4354,90961,3340,65012,0,0,4796,88435,2877,33746,4798,122181,California
Sacramento,2021-02-06,8382,164355,3426,94387,4956,69968,0,0,7057,94170,1323,35069,7058,129239,California
Sacramento,2021-02-07,3999,168354,2121,96508,1878,71846,0,0,2781,95741,1211,36280,2782,132021,California
Sacramento,2021-02-08,6146,174500,3186,99694,2960,74806,0,0,3863,97326,2279,38559,3864,135885,California
Sacramento,2021-02-09,6706,181206,3511,103205,3195,78001,0,0,3921,98467,2780,41339,3921,139806,California
Sacramento,2021-02-10,7563,188769,4172,107377,3391,81392,0,0,4477,99872,3074,44413,4479,144285,California
Sacramento,2021-02-11,8591,197360,4944,112321,3647,85039,0,0,4670,100635,3908,48321,4671,148956,California
Sacramento,2021-02-12,10292,207652,4122,116443,6170,91209,0,0,6237,102853,4021,52342,6239,155195,California
Sacramento,2021-02-13,7515,215167,2972,119415,4543,95752,0,0,5943,107226,1570,53912,5943,161138,California
Sacramento,2021-02-14,3005,218172,1894,121309,1111,96863,0,0,1992,108213,1010,54922,1997,163135,California
Sacramento,2021-02-15,5663,223835,2019,123328,3644,100507,0,0,3903,110368,1753,56675,3908,167043,California
Sacramento,2021-02-16,8812,232647,4188,127516,4624,105131,0,0,5259,112086,3546,60221,5264,172307,California
Sacramento,2021-02-17,8638,241285,4967,132483,3671,108802,0,0,5032,113526,3596,63817,5036,177343,California
Sacramento,2021-02-18,8733,250018,5008,137491,3725,112527,0,0,5005,114813,3721,67538,5008,182351,California
Sacramento,2021-02-19,9967,259985,6118,143609,3849,116376,0,0,5888,116640,4065,71603,5892,188243,California
Sacramento,2021-02-20,7272,267257,5327,148936,1945,118321,0,0,4237,117850,3028,74631,4238,192481,California
Sacramento,2021-02-21,2750,270007,2187,151123,563,118884,0,0,931,116970,1813,76444,933,193414,California
Sacramento,2021-02-22,6106,276113,3705,154828,2401,121285,0,0,2635,116147,3464,79908,2641,196055,California
Sacramento,2021-02-23,6860,282973,4375,159203,2485,123770,0,0,3413,116128,3434,83342,3415,199470,California
Sacramento,2021-02-24,9236,292209,5228,164431,4008,127778,0,0,5044,117003,4174,87516,5049,204519,California
Sacramento,2021-02-25,9583,301792,5283,169714,4300,132078,0,0,5235,117902,4337,91853,5236,209755,California
Sacramento,2021-02-26,13345,315137,6382,176096,6963,139041,0,0,9191,122971,4125,95978,9194,218949,California
Sacramento,2021-02-27,10494,325631,6503,182599,3991,143032,0,0,7714,127923,2765,98743,7717,226666,California
Sacramento,2021-02-28,5410,331041,2113,184712,3297,146329,0,0,2490,127511,2907,101650,2495,229161,California
Sacramento,2021-03-01,7715,338756,3372,188084,4343,150672,0,0,4081,127981,3615,105265,4085,233246,California
Sacramento,2021-03-02,8595,347351,3926,192010,4668,155340,1,1,5337,130078,3246,108511,5343,238589,California
Sacramento,2021-03-03,9384,356735,4581,196591,4801,160141,2,3,5449,131610,3919,112430,5451,244040,California
Sacramento,2021-03-04,10073,366808,4373,200964,5697,165838,3,6,5506,132582,4543,116973,5515,249555,California
Sacramento,2021-03-05,8229,375037,3676,204640,4525,170363,28,34,5027,134457,3180,120153,5055,254610,California
Sacramento,2021-03-06,7081,382118,2781,207421,4180,174543,120,154,3582,134683,3480,123633,3706,258316,California
Sacramento,2021-03-07,7387,389505,2132,209553,5172,179715,83,237,3573,134528,3810,127443,3655,261971,California
Sacramento,2021-03-08,8387,397892,3933,213486,4250,183965,204,441,5365,137088,3012,130455,5572,267543,California
Sacramento,2021-03-09,9152,407044,4356,217842,4539,188504,257,698,5214,138634,3925,134380,5471,273014,California
Sacramento,2021-03-10,10720,417764,7250,225092,3184,191688,286,984,6058,140336,4644,139024,6346,279360,California
Sacramento,2021-03-11,12791,430555,8254,233346,3826,195514,711,1695,7454,143184,5316,144340,8164,287524,California
Sacramento,2021-03-12,15527,446082,7438,240784,7331,202845,758,2453,7047,142559,8452,152792,7827,295351,California
Sacramento,2021-03-13,12072,458154,3468,244252,8206,211051,398,2851,7650,146214,4411,157203,8066,303417,California
Sacramento,2021-03-14,7514,465668,3256,247508,3638,214689,620,3471,4094,147525,3402,160605,4713,308130,California
Sacramento,2021-03-15,11311,476979,4749,252257,5905,220594,657,4128,6513,149922,4780,165385,7177,315307,California
Sacramento,2021-03-16,13450,490429,6069,258326,6751,227345,630,4758,8209,153545,5217,170602,8840,324147,California
Sacramento,2021-03-17,12421,502850,6187,264513,5655,233000,579,5337,7909,157552,4485,175087,8492,332639,California
Sacramento,2021-03-18,10677,513527,5121,269634,5103,238103,453,5790,6887,161128,3764,178851,7340,339979,California
Sacramento,2021-03-19,11772,525299,6038,275672,4670,242773,1064,6854,5562,161570,6189,185040,6631,346610,California
Sacramento,2021-03-20,8472,533771,5239,280911,3036,245809,197,7051,5280,163874,3175,188215,5479,352089,California
Sacramento,2021-03-21,5467,539238,2690,283601,2737,248546,40,7091,4836,168134,624,188839,4884,356973,California
Sacramento,2021-03-22,8936,548174,4636,288237,3555,252101,745,7836,6018,172003,2902,191741,6771,363744,California
Sacramento,2021-03-23,10755,558929,6504,294741,3482,255583,769,8605,6880,175833,3837,195578,7667,371411,California
Sacramento,2021-03-24,11048,569977,6991,301732,3472,259055,585,9190,6359,178183,4660,200238,7010,378421,California
Sacramento,2021-03-25,11673,581650,6395,308127,4489,263544,789,9979,6709,180931,4937,205175,7685,386106,California
Sacramento,2021-03-26,16474,598124,7767,315894,8222,271766,485,10464,7904,181712,8526,213701,9307,395413,California
Sacramento,2021-03-27,8720,606844,2879,318773,5561,277327,280,10744,4441,182404,4253,217954,4945,400358,California
Sacramento,2021-03-28,6245,613089,3073,321846,2927,280254,245,10989,2943,182324,3298,221252,3218,403576,California
Sacramento,2021-03-29,10227,623316,5650,327496,4389,284643,188,11177,5033,182447,5172,226424,5295,408871,California
Sacramento,2021-03-30,10581,633897,5501,332997,4869,289512,211,11388,5518,183179,5048,231472,5780,414651,California
Sacramento,2021-03-31,8435,642332,5470,338467,2758,292270,207,11595,2875,181064,5549,237021,3434,418085,California
San Benito,2020-12-16,2,2,2,2,0,0,0,0,2,2,0,0,2,2,California
San Benito,2020-12-17,9,11,9,11,0,0,0,0,9,11,0,0,9,11,California
San Benito,2020-12-18,34,45,34,45,0,0,0,0,34,45,0,0,34,45,California
San Benito,2020-12-19,48,93,48,93,0,0,0,0,48,93,0,0,48,93,California
San Benito,2020-12-20,22,115,21,114,1,1,0,0,22,115,0,0,22,115,California
San Benito,2020-12-21,47,162,47,161,0,1,0,0,47,162,0,0,47,162,California
San Benito,2020-12-22,59,221,59,220,0,1,0,0,59,221,0,0,59,221,California
San Benito,2020-12-23,48,269,36,256,12,13,0,0,48,269,0,0,48,269,California
San Benito,2020-12-24,12,281,4,260,8,21,0,0,12,281,0,0,12,281,California
San Benito,2020-12-25,4,285,4,264,0,21,0,0,4,285,0,0,4,285,California
San Benito,2020-12-26,13,298,4,268,9,30,0,0,13,298,0,0,13,298,California
San Benito,2020-12-27,8,306,7,275,1,31,0,0,8,306,0,0,8,306,California
San Benito,2020-12-28,63,369,36,311,27,58,0,0,63,369,0,0,63,369,California
San Benito,2020-12-29,49,418,20,331,29,87,0,0,49,418,0,0,49,418,California
San Benito,2020-12-30,59,477,36,367,23,110,0,0,59,477,0,0,59,477,California
San Benito,2020-12-31,19,496,2,369,17,127,0,0,19,496,0,0,19,496,California
San Benito,2021-01-02,25,521,24,393,1,128,0,0,25,521,0,0,25,521,California
San Benito,2021-01-03,3,524,1,394,2,130,0,0,3,524,0,0,3,524,California
San Benito,2021-01-04,62,586,23,417,39,169,0,0,62,586,0,0,62,586,California
San Benito,2021-01-05,118,704,36,453,82,251,0,0,115,698,3,3,115,701,California
San Benito,2021-01-06,95,799,40,493,55,306,0,0,81,765,14,17,81,782,California
San Benito,2021-01-07,78,877,42,535,36,342,0,0,51,789,27,44,51,833,California
San Benito,2021-01-08,129,1006,66,601,63,405,0,0,87,834,42,86,87,920,California
San Benito,2021-01-09,44,1050,32,633,12,417,0,0,29,848,15,101,29,949,California
San Benito,2021-01-10,16,1066,14,647,2,419,0,0,5,842,11,112,5,954,California
San Benito,2021-01-11,97,1163,54,701,43,462,0,0,49,843,48,160,49,1003,California
San Benito,2021-01-12,154,1317,51,752,103,565,0,0,119,927,35,195,119,1122,California
San Benito,2021-01-13,187,1504,33,785,154,719,0,0,162,1064,25,220,162,1284,California
San Benito,2021-01-14,116,1620,27,812,89,808,0,0,97,1142,19,239,97,1381,California
San Benito,2021-01-15,213,1833,21,833,192,1000,0,0,199,1327,14,253,199,1580,California
San Benito,2021-01-16,29,1862,10,843,19,1019,0,0,23,1344,6,259,23,1603,California
San Benito,2021-01-17,10,1872,5,848,5,1024,0,0,7,1348,3,262,7,1610,California
San Benito,2021-01-18,38,1910,24,872,14,1038,0,0,22,1354,16,278,22,1632,California
San Benito,2021-01-19,150,2060,63,935,87,1125,0,0,124,1452,26,304,124,1756,California
San Benito,2021-01-20,260,2320,80,1015,180,1305,0,0,215,1623,44,348,215,1971,California
San Benito,2021-01-21,123,2443,30,1045,93,1398,0,0,99,1698,24,372,99,2070,California
San Benito,2021-01-22,232,2675,20,1065,212,1610,0,0,221,1908,11,383,221,2291,California
San Benito,2021-01-23,32,2707,18,1083,14,1624,0,0,14,1904,18,401,14,2305,California
San Benito,2021-01-24,11,2718,3,1086,8,1632,0,0,7,1907,4,405,7,2312,California
San Benito,2021-01-25,67,2785,25,1111,42,1674,0,0,22,1884,45,450,22,2334,California
San Benito,2021-01-26,135,2920,41,1152,94,1768,0,0,82,1913,53,503,82,2416,California
San Benito,2021-01-27,231,3151,69,1221,162,1930,0,0,190,2062,41,544,190,2606,California
San Benito,2021-01-28,152,3303,30,1251,122,2052,0,0,121,2153,30,574,121,2727,California
San Benito,2021-01-29,286,3589,32,1283,254,2306,0,0,262,2392,23,597,262,2989,California
San Benito,2021-01-30,45,3634,27,1310,18,2324,0,0,26,2399,19,616,26,3015,California
San Benito,2021-01-31,22,3656,10,1320,12,2336,0,0,12,2402,9,625,12,3027,California
San Benito,2021-02-01,133,3789,29,1349,104,2440,0,0,87,2443,46,671,87,3114,California
San Benito,2021-02-02,223,4012,48,1397,175,2615,0,0,133,2486,90,761,133,3247,California
San Benito,2021-02-03,333,4345,41,1438,292,2907,0,0,269,2691,64,825,269,3516,California
San Benito,2021-02-04,159,4504,24,1462,135,3042,0,0,116,2764,43,868,116,3632,California
San Benito,2021-02-05,291,4795,40,1502,251,3293,0,0,229,2931,62,930,229,3861,California
San Benito,2021-02-06,50,4845,10,1512,40,3333,0,0,34,2949,16,946,34,3895,California
San Benito,2021-02-07,14,4859,6,1518,8,3341,0,0,13,2961,1,947,13,3908,California
San Benito,2021-02-08,132,4991,15,1533,117,3458,0,0,87,3003,45,992,87,3995,California
San Benito,2021-02-09,324,5315,63,1596,261,3719,0,0,193,3065,131,1123,193,4188,California
San Benito,2021-02-10,321,5636,89,1685,232,3951,0,0,125,2995,195,1318,125,4313,California
San Benito,2021-02-11,286,5922,29,1714,257,4208,0,0,191,3091,95,1413,191,4504,California
San Benito,2021-02-12,412,6334,30,1744,382,4590,0,0,208,3096,203,1616,208,4712,California
San Benito,2021-02-13,60,6394,9,1753,51,4641,0,0,45,3126,15,1631,45,4757,California
San Benito,2021-02-14,40,6434,5,1758,35,4676,0,0,30,3146,10,1641,30,4787,California
San Benito,2021-02-15,106,6540,9,1767,97,4773,0,0,95,3230,11,1652,95,4882,California
San Benito,2021-02-16,206,6746,12,1779,194,4967,0,0,107,3237,100,1752,107,4989,California
San Benito,2021-02-17,319,7065,30,1809,289,5256,0,0,271,3460,48,1800,271,5260,California
San Benito,2021-02-18,293,7358,38,1847,255,5511,0,0,71,3309,222,2022,71,5331,California
San Benito,2021-02-19,317,7675,40,1887,277,5788,0,0,151,3294,166,2188,151,5482,California
San Benito,2021-02-20,44,7719,26,1913,18,5806,0,0,35,3320,9,2197,35,5517,California
San Benito,2021-02-21,26,7745,11,1924,15,5821,0,0,16,3327,9,2206,16,5533,California
San Benito,2021-02-22,126,7871,33,1957,93,5914,0,0,94,3389,32,2238,94,5627,California
San Benito,2021-02-23,368,8239,90,2047,278,6192,0,0,236,3514,132,2370,257,5884,California
San Benito,2021-02-24,368,8607,61,2108,307,6499,0,0,231,3608,137,2507,231,6115,California
San Benito,2021-02-25,390,8997,63,2171,327,6826,0,0,268,3753,123,2630,268,6383,California
San Benito,2021-02-26,631,9628,70,2241,561,7387,0,0,390,3902,241,2871,390,6773,California
San Benito,2021-02-27,96,9724,34,2275,62,7449,0,0,81,3968,15,2886,81,6854,California
San Benito,2021-02-28,229,9953,19,2294,210,7659,0,0,221,4181,8,2894,221,7075,California
San Benito,2021-03-01,221,10174,58,2352,163,7822,0,0,153,4265,69,2963,153,7228,California
San Benito,2021-03-02,251,10425,73,2425,178,8000,0,0,185,4384,66,3029,185,7413,California
San Benito,2021-03-03,370,10795,48,2473,322,8322,0,0,197,4410,171,3200,197,7610,California
San Benito,2021-03-04,538,11333,113,2586,410,8732,15,15,361,4603,177,3377,370,7980,California
San Benito,2021-03-05,545,11878,287,2873,243,8975,15,30,340,4754,204,3581,355,8335,California
San Benito,2021-03-06,172,12050,63,2936,96,9071,13,43,126,4847,46,3627,139,8474,California
San Benito,2021-03-07,612,12662,571,3507,18,9089,23,66,578,5414,34,3661,601,9075,California
San Benito,2021-03-08,260,12922,63,3570,171,9260,26,92,158,5497,102,3763,185,9260,California
San Benito,2021-03-09,254,13176,77,3647,113,9373,64,156,123,5555,130,3893,188,9448,California
San Benito,2021-03-10,371,13547,103,3750,178,9551,90,246,208,5689,163,4056,297,9745,California
San Benito,2021-03-11,397,13944,100,3850,194,9745,103,349,186,5767,211,4267,289,10034,California
San Benito,2021-03-12,461,14405,118,3968,276,10021,67,416,219,5814,240,4507,287,10321,California
San Benito,2021-03-13,174,14579,96,4064,63,10084,15,431,109,5876,62,4569,124,10445,California
San Benito,2021-03-14,205,14784,40,4104,145,10229,20,451,166,6024,38,4607,186,10631,California
San Benito,2021-03-15,310,15094,95,4199,196,10425,19,470,182,6097,128,4735,201,10832,California
San Benito,2021-03-16,457,15551,203,4402,223,10648,31,501,313,6298,144,4879,345,11177,California
San Benito,2021-03-17,649,16200,455,4857,181,10829,13,514,523,6711,123,5002,536,11713,California
San Benito,2021-03-18,583,16783,446,5303,99,10928,38,552,472,7111,110,5112,510,12223,California
San Benito,2021-03-19,653,17436,353,5656,279,11207,21,573,497,7473,156,5268,518,12741,California
San Benito,2021-03-20,193,17629,130,5786,53,11260,10,583,150,7590,43,5311,160,12901,California
San Benito,2021-03-21,105,17734,53,5839,47,11307,5,588,78,7646,27,5338,83,12984,California
San Benito,2021-03-22,321,18055,166,6005,130,11437,25,613,223,7796,98,5436,248,13232,California
San Benito,2021-03-23,449,18504,196,6201,250,11687,3,616,218,7788,231,5667,223,13455,California
San Benito,2021-03-24,529,19033,288,6489,234,11921,7,623,344,7955,185,5852,352,13807,California
San Benito,2021-03-25,688,19721,403,6892,281,12202,4,627,402,8081,284,6136,410,14217,California
San Benito,2021-03-26,795,20516,327,7219,466,12668,2,629,300,7895,494,6630,308,14525,California
San Benito,2021-03-27,264,20780,176,7395,86,12754,2,631,178,7991,85,6715,181,14706,California
San Benito,2021-03-28,635,21415,564,7959,68,12822,3,634,119,7620,516,7231,145,14851,California
San Benito,2021-03-29,322,21737,101,8060,202,13024,19,653,131,7583,191,7422,154,15005,California
San Benito,2021-03-30,460,22197,243,8303,196,13220,21,674,254,7662,206,7628,285,15290,California
San Benito,2021-03-31,284,22481,193,8496,75,13295,16,690,165,7730,118,7746,186,15476,California
San Bernardino,2020-12-15,12,12,12,12,0,0,0,0,12,12,0,0,12,12,California
San Bernardino,2020-12-16,108,120,108,120,0,0,0,0,108,120,0,0,108,120,California
San Bernardino,2020-12-17,2343,2463,2343,2463,0,0,0,0,2343,2463,0,0,2343,2463,California
San Bernardino,2020-12-18,3140,5603,3137,5600,3,3,0,0,3141,5604,0,0,3141,5604,California
San Bernardino,2020-12-19,1068,6671,1067,6667,1,4,0,0,1069,6673,0,0,1069,6673,California
San Bernardino,2020-12-20,1171,7842,1170,7837,1,5,0,0,1172,7845,0,0,1172,7845,California
San Bernardino,2020-12-21,2455,10297,2450,10287,5,10,0,0,2455,10300,0,0,2455,10300,California
San Bernardino,2020-12-22,2270,12567,2147,12434,123,133,0,0,2271,12571,0,0,2271,12571,California
San Bernardino,2020-12-23,2645,15212,1451,13885,1194,1327,0,0,2644,15215,0,0,2644,15215,California
San Bernardino,2020-12-24,1160,16372,587,14472,573,1900,0,0,1162,16377,0,0,1162,16377,California
San Bernardino,2020-12-25,75,16447,14,14486,61,1961,0,0,75,16452,0,0,75,16452,California
San Bernardino,2020-12-26,461,16908,253,14739,208,2169,0,0,461,16913,0,0,461,16913,California
San Bernardino,2020-12-27,344,17252,161,14900,183,2352,0,0,344,17257,0,0,344,17257,California
San Bernardino,2020-12-28,1559,18811,709,15609,850,3202,0,0,1560,18817,0,0,1560,18817,California
San Bernardino,2020-12-29,2209,21020,1042,16651,1167,4369,0,0,2207,21022,2,2,2207,21024,California
San Bernardino,2020-12-30,2889,23909,1459,18110,1430,5799,0,0,2890,23912,0,2,2890,23914,California
San Bernardino,2020-12-31,1352,25261,440,18550,912,6711,0,0,1350,25262,0,2,1350,25264,California
San Bernardino,2021-01-01,272,25533,148,18698,124,6835,0,0,271,25533,0,2,271,25535,California
San Bernardino,2021-01-02,475,26008,339,19037,136,6971,0,0,475,26008,0,2,475,26010,California
San Bernardino,2021-01-03,135,26143,86,19123,49,7020,0,0,135,26143,0,2,135,26145,California
San Bernardino,2021-01-04,2115,28258,1288,20411,827,7847,0,0,2114,28257,0,2,2114,28259,California
San Bernardino,2021-01-05,2330,30588,1459,21870,871,8718,0,0,2216,30364,109,111,2216,30475,California
San Bernardino,2021-01-06,3417,34005,2349,24219,1068,9786,0,0,2929,32814,482,593,2932,33407,California
San Bernardino,2021-01-07,5375,39380,4483,28702,892,10678,0,0,2456,32372,2900,3493,2458,35865,California
San Bernardino,2021-01-08,5349,44729,4437,33139,912,11590,0,0,2273,31577,3070,6563,2275,38140,California
San Bernardino,2021-01-09,1395,46124,1098,34237,297,11887,0,0,900,31982,495,7058,900,39040,California
San Bernardino,2021-01-10,1022,47146,600,34837,422,12309,0,0,574,32108,448,7506,574,39614,California
San Bernardino,2021-01-11,4981,52127,4085,38922,896,13205,0,0,2762,32654,2216,9722,2762,42376,California
San Bernardino,2021-01-12,4223,56350,3223,42145,1000,14205,0,0,2508,33448,1714,11436,2508,44884,California
San Bernardino,2021-01-13,4540,60890,2844,44989,1696,15901,0,0,3314,35551,1213,12649,3316,48200,California
San Bernardino,2021-01-14,4737,65627,2776,47765,1961,17862,0,0,4159,39136,574,13223,4159,52359,California
San Bernardino,2021-01-15,5946,71573,2962,50727,2984,20846,0,0,5551,44304,385,13608,5553,57912,California
San Bernardino,2021-01-16,2253,73826,1292,52019,961,21807,0,0,2112,46275,141,13749,2112,60024,California
San Bernardino,2021-01-17,1187,75013,514,52533,673,22480,0,0,1099,47288,87,13836,1100,61124,California
San Bernardino,2021-01-18,4268,79281,2638,55171,1630,24110,0,0,3649,50320,618,14454,3650,64774,California
San Bernardino,2021-01-19,6288,85569,3703,58874,2585,26695,0,0,5198,54433,1088,15542,5201,69975,California
San Bernardino,2021-01-20,6799,92368,3729,62603,3070,29765,0,0,4871,57385,1921,17463,4873,74848,California
San Bernardino,2021-01-21,5991,98359,3087,65690,2904,32669,0,0,4868,61141,1113,18576,4869,79717,California
San Bernardino,2021-01-22,6503,104862,3038,68728,3465,36134,0,0,5776,66194,726,19302,5779,85496,California
San Bernardino,2021-01-23,3099,107961,1887,70615,1212,37346,0,0,2710,68516,388,19690,2710,88206,California
San Bernardino,2021-01-24,1187,109148,460,71075,727,38073,0,0,1088,69505,99,19789,1088,89294,California
San Bernardino,2021-01-25,6862,116010,3394,74469,3468,41541,0,0,5020,72693,1840,21629,5028,94322,California
San Bernardino,2021-01-26,7076,123086,3554,78023,3522,45063,0,0,5000,75618,2076,23705,5001,99323,California
San Bernardino,2021-01-27,8232,131318,4103,82126,4129,49192,0,0,5542,78480,2680,26385,5542,104865,California
San Bernardino,2021-01-28,8533,139851,4051,86177,4482,53674,0,0,6230,82411,2299,28684,6230,111095,California
San Bernardino,2021-01-29,8114,147965,3733,89910,4381,58055,0,0,6174,86659,1927,30611,6175,117270,California
San Bernardino,2021-01-30,3066,151031,1894,91804,1172,59227,0,0,2787,89168,278,30889,2787,120057,California
San Bernardino,2021-01-31,918,151949,488,92292,430,59657,0,0,864,89979,53,30942,864,120921,California
San Bernardino,2021-02-01,7505,159454,4215,96507,3290,62947,0,0,4892,92265,2610,33552,4896,125817,California
San Bernardino,2021-02-02,10352,169806,3645,100152,6707,69654,0,0,8307,98532,2041,35593,8308,134125,California
San Bernardino,2021-02-03,8952,178758,4145,104297,4807,74461,0,0,6485,102558,2460,38053,6486,140611,California
San Bernardino,2021-02-04,10564,189322,5289,109586,5275,79736,0,0,7504,107013,3050,41103,7505,148116,California
San Bernardino,2021-02-05,10928,200250,5909,115495,5019,84755,0,0,7416,110928,3502,44605,7417,155533,California
San Bernardino,2021-02-06,5249,205499,2213,117708,3036,87791,0,0,3613,112934,1611,46216,3617,159150,California
San Bernardino,2021-02-07,846,206345,496,118204,350,88141,0,0,475,113042,368,46584,476,159626,California
San Bernardino,2021-02-08,7256,213601,3867,122071,3389,91530,0,0,5606,116999,1649,48233,5606,165232,California
San Bernardino,2021-02-09,9872,223473,5814,127885,4058,95588,0,0,6664,120460,3205,51438,6666,171898,California
San Bernardino,2021-02-10,11986,235459,6534,134419,5452,101040,0,0,7827,124139,4149,55587,7828,179726,California
San Bernardino,2021-02-11,12194,247653,7043,141462,5151,106191,0,0,7794,127560,4377,59964,7798,187524,California
San Bernardino,2021-02-12,10320,257973,5924,147386,4396,110587,0,0,5671,128594,4637,64601,5671,193195,California
San Bernardino,2021-02-13,5994,263967,3979,151365,2015,112602,0,0,3768,130156,2211,66812,3773,196968,California
San Bernardino,2021-02-14,1539,265506,642,152007,897,113499,0,0,867,130360,664,67476,868,197836,California
San Bernardino,2021-02-15,5468,270974,3011,155018,2457,115956,0,0,3070,131047,2383,69859,3070,200906,California
San Bernardino,2021-02-16,12563,283537,7390,162408,5173,121129,0,0,7962,134419,4590,74449,7962,208868,California
San Bernardino,2021-02-17,11744,295281,6462,168870,5282,126411,0,0,7133,136957,4597,79046,7135,216003,California
San Bernardino,2021-02-18,12373,307654,7566,176436,4807,131218,0,0,7649,139898,4709,83755,7650,223653,California
San Bernardino,2021-02-19,11445,319099,5911,182347,5534,136752,0,0,6762,141996,4665,88420,6763,230416,California
San Bernardino,2021-02-20,4494,323593,3446,185793,1048,137800,0,0,2053,141609,2440,90860,2053,232469,California
San Bernardino,2021-02-21,905,324498,445,186238,460,138260,0,0,273,141252,630,91490,273,232742,California
San Bernardino,2021-02-22,8456,332954,5167,191405,3289,141549,0,0,4030,140866,4418,95908,4032,236774,California
San Bernardino,2021-02-23,8766,341720,5190,196595,3576,145125,0,0,4529,141186,4209,100117,4529,241303,California
San Bernardino,2021-02-24,11970,353690,6852,203447,5118,150243,0,0,6078,141401,5868,105985,6083,247386,California
San Bernardino,2021-02-25,12791,366481,6240,209687,6551,156794,0,0,7389,143411,5384,111369,7394,254780,California
San Bernardino,2021-02-26,13153,379634,6304,215991,6849,163643,0,0,7440,145191,5661,117030,7441,262221,California
San Bernardino,2021-02-27,6551,386185,3653,219644,2898,166541,0,0,4756,148161,1786,118816,4756,266977,California
San Bernardino,2021-02-28,1736,387921,725,220369,1011,167552,0,0,1142,148715,589,119405,1143,268120,California
San Bernardino,2021-03-01,8181,396102,4153,224522,4028,171580,0,0,3820,148202,4343,123748,3830,271950,California
San Bernardino,2021-03-02,13399,409501,5310,229832,8089,179669,0,0,6377,147584,6997,130745,6379,278329,California
San Bernardino,2021-03-03,12131,421632,6134,235966,5995,185664,2,2,5561,146597,6553,137298,5566,283895,California
San Bernardino,2021-03-04,11767,433399,6139,242105,5627,191291,1,3,5392,145636,6357,143655,5396,289291,California
San Bernardino,2021-03-05,11806,445205,5981,248086,5824,197115,1,4,6114,146115,5665,149320,6144,295435,California
San Bernardino,2021-03-06,7647,452852,4167,252253,3275,200390,205,209,3644,145978,3988,153308,3851,299286,California
San Bernardino,2021-03-07,1477,454329,910,253163,510,200900,57,266,946,146452,529,153837,1003,300289,California
San Bernardino,2021-03-08,6913,461242,2978,256141,3800,204700,135,401,3337,146355,3572,157409,3475,303764,California
San Bernardino,2021-03-09,11729,472971,6429,262570,5075,209775,225,626,4637,144140,7085,164494,4870,308634,California
San Bernardino,2021-03-10,12411,485382,7069,269639,4973,214748,369,995,5692,143517,6693,171187,6070,314704,California
San Bernardino,2021-03-11,12890,498272,6025,275664,6118,220866,747,1742,6544,144486,6327,177514,7296,322000,California
San Bernardino,2021-03-12,13190,511462,6023,281687,5370,226236,1797,3539,6275,145709,6893,184407,8116,330116,California
San Bernardino,2021-03-13,7327,518789,4090,285777,2777,229013,460,3999,4345,147537,2977,187384,4805,334921,California
San Bernardino,2021-03-14,2643,521432,1371,287148,731,229744,541,4540,1565,148569,1072,188456,2104,337025,California
San Bernardino,2021-03-15,11062,532494,5237,292385,3911,233655,1914,6454,5422,150274,5633,194089,7338,344363,California
San Bernardino,2021-03-16,15687,548181,7742,300127,7050,240705,895,7349,9526,154564,6136,200225,10426,354789,California
San Bernardino,2021-03-17,15991,564172,8209,308336,7084,247789,698,8047,9564,158426,6415,206640,10277,365066,California
San Bernardino,2021-03-18,12846,577018,6045,314381,6477,254266,324,8371,7390,160708,5434,212074,7716,372782,California
San Bernardino,2021-03-19,14254,591272,7330,321711,6413,260679,511,8882,7963,162955,6272,218346,8519,381301,California
San Bernardino,2021-03-20,7153,598425,4488,326199,2158,262837,507,9389,4118,164570,3010,221356,4625,385926,California
San Bernardino,2021-03-21,2676,601101,2179,328378,452,263289,45,9434,2157,166266,507,221863,2203,388129,California
San Bernardino,2021-03-22,9412,610513,4447,332825,4564,267853,401,9835,6841,170959,2555,224418,7248,395377,California
San Bernardino,2021-03-23,14928,625441,8474,341299,5882,273735,572,10407,9308,175246,5604,230022,9891,405268,California
San Bernardino,2021-03-24,14382,639823,7413,348712,6716,280451,253,10660,9648,180472,4703,234725,9929,415197,California
San Bernardino,2021-03-25,16229,656052,7965,356677,8000,288451,264,10924,10295,185241,5888,240613,10657,425854,California
San Bernardino,2021-03-26,17141,673193,8051,364728,8350,296801,740,11664,10462,189959,6656,247269,11374,437228,California
San Bernardino,2021-03-27,9809,683002,6013,370741,3046,299847,750,12414,5598,192426,4200,251469,6667,443895,California
San Bernardino,2021-03-28,3407,686409,2393,373134,906,300753,108,12522,2393,193926,1008,252477,2508,446403,California
San Bernardino,2021-03-29,10724,697133,5558,378692,4787,305540,379,12901,7171,197980,3542,256019,7596,453999,California
San Bernardino,2021-03-30,15394,712527,8432,387124,6273,311813,689,13590,9901,203174,5466,261485,10660,464659,California
San Bernardino,2021-03-31,7977,720504,3862,390986,3698,315511,417,14007,5538,206720,2429,263914,5975,470634,California
San Diego,2020-12-15,119,119,119,119,0,0,0,0,119,119,0,0,119,119,California
San Diego,2020-12-16,1101,1220,1101,1220,0,0,0,0,1101,1220,0,0,1101,1220,California
San Diego,2020-12-17,2346,3566,2346,3566,0,0,0,0,2346,3566,0,0,2346,3566,California
San Diego,2020-12-18,3673,7239,3672,7238,1,1,0,0,3673,7239,0,0,3673,7239,California
San Diego,2020-12-19,2311,9550,2311,9549,0,1,0,0,2311,9550,0,0,2311,9550,California
San Diego,2020-12-20,1187,10737,1185,10734,2,3,0,0,1187,10737,0,0,1187,10737,California
San Diego,2020-12-21,3518,14255,3517,14251,1,4,0,0,3518,14255,0,0,3518,14255,California
San Diego,2020-12-22,4051,18306,3408,17659,643,647,0,0,4051,18306,0,0,4051,18306,California
San Diego,2020-12-23,3176,21482,1976,19635,1200,1847,0,0,3176,21482,0,0,3176,21482,California
San Diego,2020-12-24,2723,24205,2208,21843,515,2362,0,0,2723,24205,0,0,2723,24205,California
San Diego,2020-12-25,868,25073,867,22710,1,2363,0,0,867,25071,1,1,867,25072,California
San Diego,2020-12-26,3256,28329,2139,24849,1117,3480,0,0,3255,28326,0,1,3255,28327,California
San Diego,2020-12-27,2476,30805,1612,26461,864,4344,0,0,2475,30801,0,1,2475,30802,California
San Diego,2020-12-28,5856,36661,4184,30645,1672,6016,0,0,5856,36657,0,1,5856,36658,California
San Diego,2020-12-29,5536,42197,2972,33617,2564,8580,0,0,5535,42192,0,1,5535,42193,California
San Diego,2020-12-30,5893,48090,3073,36690,2820,11400,0,0,5893,48085,0,1,5893,48086,California
San Diego,2020-12-31,2936,51026,995,37685,1941,13341,0,0,2935,51019,1,2,2935,51021,California
San Diego,2021-01-01,993,52019,439,38124,554,13895,0,0,992,52011,0,2,992,52013,California
San Diego,2021-01-02,3746,55765,1309,39433,2437,16332,0,0,3746,55757,0,2,3746,55759,California
San Diego,2021-01-03,855,56620,631,40064,224,16556,0,0,854,56611,0,2,854,56613,California
San Diego,2021-01-04,3685,60305,2036,42100,1649,18205,0,0,3677,60287,1,3,3677,60290,California
San Diego,2021-01-05,4280,64585,2094,44194,2186,20391,0,0,3662,63349,614,617,3676,63966,California
San Diego,2021-01-06,4910,69495,2286,46480,2624,23015,0,0,3677,65819,1211,1828,3681,67647,California
San Diego,2021-01-07,5546,75041,2974,49454,2572,25587,0,0,3394,67073,2145,3973,3399,71046,California
San Diego,2021-01-08,7686,82727,4958,54412,2728,28315,0,0,3895,67210,3774,7747,3911,74957,California
San Diego,2021-01-09,2919,85646,1549,55961,1370,29685,0,0,1751,67813,1157,8904,1760,76717,California
San Diego,2021-01-10,1854,87500,1295,57256,559,30244,0,0,750,67479,1092,9996,758,77475,California
San Diego,2021-01-11,10320,97820,5850,63106,4470,34714,0,0,6797,70773,3516,13512,6810,84285,California
San Diego,2021-01-12,11170,108990,5307,68413,5863,40577,0,0,7801,75327,3360,16872,7914,92199,California
San Diego,2021-01-13,11494,120484,5016,73429,6478,47055,0,0,8950,81765,2531,19403,8969,101168,California
San Diego,2021-01-14,12342,132826,4733,78162,7609,54664,0,0,10184,89824,2149,21552,10208,111376,California
San Diego,2021-01-15,15029,147855,5274,83436,9755,64419,0,0,12414,99669,2596,24148,12441,123817,California
San Diego,2021-01-16,10781,158636,3581,87017,7200,71619,0,0,9340,107597,1436,25584,9364,133181,California
San Diego,2021-01-17,8699,167335,2483,89500,6216,77835,0,0,7866,114643,833,26417,7879,141060,California
San Diego,2021-01-18,12470,179805,5902,95402,6568,84403,0,0,9666,121573,2765,29182,9695,150755,California
San Diego,2021-01-19,14738,194543,5777,101179,8961,93364,0,0,11630,130351,3094,32276,11872,162627,California
San Diego,2021-01-20,18343,212886,6367,107546,11976,105340,0,0,15064,142314,3260,35536,15223,177850,California
San Diego,2021-01-21,17427,230313,5883,113429,11544,116884,0,0,16047,157128,1369,36905,16183,194033,California
San Diego,2021-01-22,17631,247944,4727,118156,12904,129788,0,0,15605,170789,2012,38917,15673,209706,California
San Diego,2021-01-23,14462,262406,5257,123413,9205,138993,0,0,12129,180629,2320,41237,12160,221866,California
San Diego,2021-01-24,11846,274252,3258,126671,8588,147581,0,0,10903,190604,942,42179,10917,232783,California
San Diego,2021-01-25,12123,286375,5690,132361,6433,154014,0,0,9133,196883,2982,45161,9261,242044,California
San Diego,2021-01-26,14564,300939,7301,139662,7263,161277,0,0,11300,205095,3259,48420,11471,253515,California
San Diego,2021-01-27,20269,321208,7638,147300,12631,173908,0,0,17220,219380,3035,51455,17320,270835,California
San Diego,2021-01-28,20915,342123,7229,154529,13686,187594,0,0,18656,235862,2249,53704,18731,289566,California
San Diego,2021-01-29,19404,361527,6132,160661,13272,200866,0,0,16989,250484,2405,56109,17027,306593,California
San Diego,2021-01-30,15687,377214,3458,164119,12229,213095,0,0,13010,260924,2668,58777,13108,319701,California
San Diego,2021-01-31,14454,391668,5397,169516,9057,222152,0,0,14101,274699,350,59127,14125,333826,California
San Diego,2021-02-01,20063,411731,6729,176245,13334,235486,0,0,16880,288481,3170,62297,16952,350778,California
San Diego,2021-02-02,22502,434233,7980,184225,14522,250008,0,0,18965,304090,3526,65823,19135,369913,California
San Diego,2021-02-03,26460,460693,10685,194910,15775,265783,0,0,22296,322415,4146,69969,22471,392384,California
San Diego,2021-02-04,23492,484185,9248,204158,14244,280027,0,0,18818,336835,4656,74625,19076,411460,California
San Diego,2021-02-05,24722,508907,8850,213008,15872,295899,0,0,18175,348983,6523,81148,18671,430131,California
San Diego,2021-02-06,20503,529410,8353,221361,12150,308049,0,0,17321,363331,3174,84322,17522,447653,California
San Diego,2021-02-07,11259,540669,4675,226036,6584,314633,0,0,9370,371109,1870,86192,9648,457301,California
San Diego,2021-02-08,19390,560059,7975,234011,11415,326048,0,0,11977,376363,7394,93586,12648,469949,California
San Diego,2021-02-09,19721,579780,7768,241779,11953,338001,0,0,12516,382758,7185,100771,13580,483529,California
San Diego,2021-02-10,22242,602022,8906,250685,13336,351337,0,0,13126,388137,9088,109859,14467,497996,California
San Diego,2021-02-11,22994,625016,9822,260507,13172,364509,0,0,11937,390703,11031,120890,13597,511593,California
San Diego,2021-02-12,23292,648308,6943,267450,16349,380858,0,0,11391,392432,11882,132772,13611,525204,California
San Diego,2021-02-13,19447,667755,8410,275860,11037,391895,0,0,10273,394756,9164,141936,11488,536692,California
San Diego,2021-02-14,10490,678245,6729,282589,3761,395656,0,0,5789,397383,4698,146634,7325,544017,California
San Diego,2021-02-15,14845,693090,7339,289928,7506,403162,0,0,7605,400804,7222,153856,10643,554660,California
San Diego,2021-02-16,18488,711578,10597,300525,7891,411053,0,0,8810,402980,9664,163520,11840,566500,California
San Diego,2021-02-17,22453,734031,10004,310529,12449,423502,0,0,7649,398984,14793,178313,10797,577297,California
San Diego,2021-02-18,22950,756981,11612,322141,11338,434840,0,0,7493,395178,15449,193762,11643,588940,California
San Diego,2021-02-19,15839,772820,10857,332998,4982,439822,0,0,6671,394900,9149,202911,8871,597811,California
San Diego,2021-02-20,9918,782738,6271,339269,3647,443469,0,0,5682,398296,4234,207145,7630,605441,California
San Diego,2021-02-21,10230,792968,8986,348255,1244,444713,0,0,4935,399223,5271,212416,6198,611639,California
San Diego,2021-02-22,12173,805141,10327,358582,1846,446559,0,0,6342,401414,5826,218242,8017,619656,California
San Diego,2021-02-23,25060,830201,13840,372422,11220,457779,0,0,9885,402011,15168,233410,15765,635421,California
San Diego,2021-02-24,28618,858819,12412,384834,16206,473985,0,0,7708,396285,20893,254303,15167,650588,California
San Diego,2021-02-25,32676,891495,14302,399136,18374,492359,0,0,10580,393270,22076,276379,19061,669649,California
San Diego,2021-02-26,33209,924704,12092,411228,21117,513476,0,0,12001,391166,21179,297558,19075,688724,California
San Diego,2021-02-27,20830,945534,9262,420490,11568,525044,0,0,11217,397091,9608,307166,15533,704257,California
San Diego,2021-02-28,14483,960017,9191,429681,5292,530336,0,0,9716,404911,4767,311933,12587,716844,California
San Diego,2021-03-01,23572,983589,13670,443351,9902,540238,0,0,14965,415304,8531,320464,18924,735768,California
San Diego,2021-03-02,25108,1008697,13389,456740,11719,551957,0,0,12639,422415,12461,332925,19572,755340,California
San Diego,2021-03-03,33381,1042078,15391,472131,17987,569944,3,3,14454,424969,18915,351840,21469,776809,California
San Diego,2021-03-04,27915,1069993,13744,485875,14170,584114,1,4,12930,429694,14966,366806,19691,796500,California
San Diego,2021-03-05,28369,1098362,14413,500288,13874,597988,82,86,13823,435868,14533,381339,20707,817207,California
San Diego,2021-03-06,22916,1121278,9307,509595,12906,610894,703,789,10721,439887,12187,393526,16206,833413,California
San Diego,2021-03-07,17852,1139130,9006,518601,8279,619173,567,1356,8344,443085,9502,403028,12700,846113,California
San Diego,2021-03-08,22037,1161167,10310,528911,10881,630054,846,2202,10604,447984,11421,414449,16320,862433,California
San Diego,2021-03-09,25237,1186404,11566,540477,11940,641994,1731,3933,11704,451930,13520,427969,17466,879899,California
San Diego,2021-03-10,25130,1211534,10698,551175,12074,654068,2358,6291,11547,456457,13574,441543,18101,898000,California
San Diego,2021-03-11,28238,1239772,10824,561999,13921,667989,3493,9784,11388,458576,16836,458379,18955,916955,California
San Diego,2021-03-12,25613,1265385,8752,570751,13879,681868,2982,12766,9274,457993,16325,474704,15742,932697,California
San Diego,2021-03-13,24284,1289669,6635,577386,16108,697976,1541,14307,9153,457724,15124,489828,14855,947552,California
San Diego,2021-03-14,11978,1301647,4558,581944,6718,704694,702,15009,3892,456530,8077,497905,6883,954435,California
San Diego,2021-03-15,21815,1323462,10101,592045,10944,715638,770,15779,10822,460277,10980,508885,14727,969162,California
San Diego,2021-03-16,29756,1353218,15692,607737,13674,729312,390,16169,17963,469942,11775,520660,21440,990602,California
San Diego,2021-03-17,25991,1379209,12082,619819,13229,742541,680,16849,17208,481172,8771,529431,20001,1010603,California
San Diego,2021-03-18,30881,1410090,17489,637308,12524,755065,868,17717,20077,493010,10787,540218,22625,1033228,California
San Diego,2021-03-19,29766,1439856,14116,651424,14679,769744,971,18688,19638,504806,10112,550330,21908,1055136,California
San Diego,2021-03-20,27286,1467142,8097,659521,17400,787144,1789,20477,21718,523887,5553,555883,24634,1079770,California
San Diego,2021-03-21,16437,1483579,11973,671494,3750,790894,714,21191,10443,530460,5983,561866,12556,1092326,California
San Diego,2021-03-22,22374,1505953,13087,684581,9046,799940,241,21432,16139,543431,6225,568091,19196,1111522,California
San Diego,2021-03-23,25631,1531584,13446,698027,11926,811866,259,21691,19490,559117,6127,574218,21813,1133335,California
San Diego,2021-03-24,29064,1560648,19383,717410,9332,821198,349,22040,19855,572247,9197,583415,22327,1155662,California
San Diego,2021-03-25,29488,1590136,17675,735085,11178,832376,635,22675,19354,584249,10120,593535,22122,1177784,California
San Diego,2021-03-26,31045,1621181,17251,752336,13283,845659,511,23186,18631,594101,12387,605922,22239,1200023,California
San Diego,2021-03-27,24270,1645451,10752,763088,13124,858783,394,23580,14822,602139,9434,615356,17472,1217495,California
San Diego,2021-03-28,14724,1660175,9086,772174,5580,864363,58,23638,9053,607043,5664,621020,10568,1228063,California
San Diego,2021-03-29,25520,1685695,12359,784533,12562,876925,599,24237,17809,620277,7703,628723,20937,1249000,California
San Diego,2021-03-30,30332,1716027,16299,800832,13361,890286,672,24909,21387,635193,8934,637657,23850,1272850,California
San Diego,2021-03-31,9927,1725954,7211,808043,2510,892796,206,25115,6907,639423,3017,640674,7247,1280097,California
San Francisco,2020-12-15,8,8,8,8,0,0,0,0,8,8,0,0,8,8,California
San Francisco,2020-12-16,230,238,230,238,0,0,0,0,230,238,0,0,230,238,California
San Francisco,2020-12-17,397,635,397,635,0,0,0,0,397,635,0,0,397,635,California
San Francisco,2020-12-18,884,1519,884,1519,0,0,0,0,884,1519,0,0,884,1519,California
San Francisco,2020-12-19,600,2119,600,2119,0,0,0,0,600,2119,0,0,600,2119,California
San Francisco,2020-12-20,484,2603,484,2603,0,0,0,0,484,2603,0,0,484,2603,California
San Francisco,2020-12-21,1161,3764,1161,3764,0,0,0,0,1161,3764,0,0,1161,3764,California
San Francisco,2020-12-22,1401,5165,1367,5131,34,34,0,0,1401,5165,0,0,1401,5165,California
San Francisco,2020-12-23,1318,6483,1030,6161,288,322,0,0,1318,6483,0,0,1318,6483,California
San Francisco,2020-12-24,837,7320,503,6664,334,656,0,0,837,7320,0,0,837,7320,California
San Francisco,2020-12-25,30,7350,25,6689,5,661,0,0,30,7350,0,0,30,7350,California
San Francisco,2020-12-26,242,7592,148,6837,94,755,0,0,242,7592,0,0,242,7592,California
San Francisco,2020-12-27,274,7866,61,6898,213,968,0,0,274,7866,0,0,274,7866,California
San Francisco,2020-12-28,1264,9130,680,7578,584,1552,0,0,1264,9130,0,0,1264,9130,California
San Francisco,2020-12-29,1247,10377,621,8199,626,2178,0,0,1247,10377,0,0,1247,10377,California
San Francisco,2020-12-30,1472,11849,770,8969,702,2880,0,0,1472,11849,0,0,1472,11849,California
San Francisco,2020-12-31,961,12810,409,9378,552,3432,0,0,961,12810,0,0,961,12810,California
San Francisco,2021-01-01,66,12876,58,9436,8,3440,0,0,66,12876,0,0,66,12876,California
San Francisco,2021-01-02,331,13207,299,9735,32,3472,0,0,331,13207,0,0,331,13207,California
San Francisco,2021-01-03,294,13501,100,9835,194,3666,0,0,293,13499,1,1,293,13500,California
San Francisco,2021-01-04,1835,15336,1356,11191,479,4145,0,0,1832,15328,3,4,1832,15332,California
San Francisco,2021-01-05,2231,17567,1414,12605,817,4962,0,0,2197,17492,34,38,2198,17530,California
San Francisco,2021-01-06,1870,19437,1164,13769,706,5668,0,0,1606,18837,262,300,1607,19137,California
San Francisco,2021-01-07,2048,21485,1187,14956,861,6529,0,0,1601,19994,444,744,1601,20738,California
San Francisco,2021-01-08,2320,23805,1627,16583,693,7222,0,0,1488,20655,827,1571,1488,22226,California
San Francisco,2021-01-09,1396,25201,900,17483,496,7718,0,0,886,21034,510,2081,889,23115,California
San Francisco,2021-01-10,919,26120,540,18023,379,8097,0,0,465,21046,453,2534,465,23580,California
San Francisco,2021-01-11,2466,28586,1833,19856,633,8730,0,0,1400,21379,1067,3601,1400,24980,California
San Francisco,2021-01-12,3089,31675,2059,21915,1030,9760,0,0,1894,22079,1195,4796,1895,26875,California
San Francisco,2021-01-13,2819,34494,1608,23523,1211,10971,0,0,1998,23256,821,5617,1998,28873,California
San Francisco,2021-01-14,2399,36893,1067,24590,1332,12303,0,0,1860,24578,539,6156,1861,30734,California
San Francisco,2021-01-15,2751,39644,1172,25762,1579,13882,0,0,2337,26506,412,6568,2340,33074,California
San Francisco,2021-01-16,2262,41906,982,26744,1280,15162,0,0,2082,28408,180,6748,2082,35156,California
San Francisco,2021-01-17,1918,43824,527,27271,1391,16553,0,0,1706,29902,212,6960,1706,36862,California
San Francisco,2021-01-18,1383,45207,600,27871,783,17336,0,0,1109,30742,273,7233,1113,37975,California
San Francisco,2021-01-19,2556,47763,1464,29335,1092,18428,0,0,1821,31831,735,7968,1824,39799,California
San Francisco,2021-01-20,2677,50440,1069,30404,1608,20036,0,0,1943,33043,731,8699,1943,41742,California
San Francisco,2021-01-21,3274,53714,924,31328,2350,22386,0,0,2452,34675,820,9519,2452,44194,California
San Francisco,2021-01-22,3167,56881,631,31959,2536,24922,0,0,2719,36948,446,9965,2719,46913,California
San Francisco,2021-01-23,3091,59972,606,32565,2485,27407,0,0,2726,39311,364,10329,2727,49640,California
San Francisco,2021-01-24,2420,62392,359,32924,2061,29468,0,0,2190,41276,225,10554,2190,51830,California
San Francisco,2021-01-25,4561,66953,1770,34694,2791,32259,0,0,3020,42764,1539,12093,3027,54857,California
San Francisco,2021-01-26,4632,71585,2114,36808,2518,34777,0,0,3057,44254,1573,13666,3063,57920,California
San Francisco,2021-01-27,4423,76008,2082,38890,2341,37118,0,0,3071,45978,1347,15013,3071,60991,California
San Francisco,2021-01-28,3747,79755,1552,40442,2195,39313,0,0,2576,47389,1165,16178,2576,63567,California
San Francisco,2021-01-29,4692,84447,1660,42102,3032,42345,0,0,3435,49574,1250,17428,3435,67002,California
San Francisco,2021-01-30,3721,88168,1794,43896,1927,44272,0,0,3320,52495,400,17828,3321,70323,California
San Francisco,2021-01-31,2394,90562,869,44765,1525,45797,0,0,2186,54477,206,18034,2188,72511,California
San Francisco,2021-02-01,3755,94317,1502,46267,2253,48050,0,0,2864,56453,891,18925,2867,75378,California
San Francisco,2021-02-02,4636,98953,1956,48223,2680,50730,0,0,2872,57567,1758,20683,2872,78250,California
San Francisco,2021-02-03,5048,104001,2362,50585,2686,53416,0,0,3751,60023,1295,21978,3751,82001,California
San Francisco,2021-02-04,5009,109010,2428,53013,2581,55997,0,0,3854,62724,1153,23131,3854,85855,California
San Francisco,2021-02-05,5906,114916,3185,56198,2721,58718,0,0,4583,65989,1320,24451,4585,90440,California
San Francisco,2021-02-06,5445,120361,3644,59842,1801,60519,0,0,4545,69638,896,25347,4545,94985,California
San Francisco,2021-02-07,4302,124663,3171,63013,1131,61650,0,0,3733,72805,568,25915,3735,98720,California
San Francisco,2021-02-08,6680,131343,4601,67614,2079,63729,0,0,5477,77097,1185,27100,5477,104197,California
San Francisco,2021-02-09,5905,137248,3984,71598,1921,65650,0,0,4359,79913,1543,28643,4359,108556,California
San Francisco,2021-02-10,6799,144047,4154,75752,2645,68295,0,0,5055,83233,1736,30379,5056,113612,California
San Francisco,2021-02-11,6649,150696,3937,79689,2712,71007,0,0,4846,86279,1801,32180,4847,118459,California
San Francisco,2021-02-12,5294,155990,2657,82346,2637,73644,0,0,3478,87942,1815,33995,3478,121937,California
San Francisco,2021-02-13,4272,160262,2485,84831,1787,75431,0,0,2948,89570,1322,35317,2950,124887,California
San Francisco,2021-02-14,3416,163678,2240,87071,1176,76607,0,0,2299,90754,1116,36433,2300,127187,California
San Francisco,2021-02-15,2751,166429,1490,88561,1261,77868,0,0,1668,91342,1082,37515,1670,128857,California
San Francisco,2021-02-16,4976,171405,2731,91292,2245,80113,0,0,2970,92319,1999,39514,2976,131833,California
San Francisco,2021-02-17,5414,176819,2701,93993,2713,82826,0,0,2986,92884,2421,41935,2986,134819,California
San Francisco,2021-02-18,5366,182185,2634,96627,2732,85558,0,0,2831,93181,2535,44470,2832,137651,California
San Francisco,2021-02-19,5620,187805,2639,99266,2981,88539,0,0,2928,93425,2684,47154,2928,140579,California
San Francisco,2021-02-20,4506,192311,2169,101435,2337,90876,0,0,1703,92335,2794,49948,1704,142283,California
San Francisco,2021-02-21,2697,195008,1338,102773,1359,92235,0,0,1124,91890,1569,51517,1124,143407,California
San Francisco,2021-02-22,5065,200073,3150,105923,1915,94150,0,0,2538,91909,2521,54038,2540,145947,California
San Francisco,2021-02-23,5424,205497,3079,109002,2345,96495,0,0,2770,92031,2649,56687,2771,148718,California
San Francisco,2021-02-24,8956,214453,5074,114076,3882,100377,0,0,4783,92652,4163,60850,4784,153502,California
San Francisco,2021-02-25,9736,224189,6851,120927,2885,103262,0,0,6291,95499,3445,64295,6292,159794,California
San Francisco,2021-02-26,11820,236009,7716,128643,4104,107366,0,0,6991,97664,4827,69122,6992,166786,California
San Francisco,2021-02-27,8812,244821,5620,134263,3191,110557,1,1,4454,97772,4349,73471,4457,171243,California
San Francisco,2021-02-28,7660,252481,5490,139753,2170,112727,0,1,3825,97765,3833,77304,3826,175069,California
San Francisco,2021-03-01,10496,262977,7095,146848,3401,116128,0,1,5097,97483,5381,82685,5099,180168,California
San Francisco,2021-03-02,8707,271684,5549,152397,3158,119286,0,1,5055,98893,3646,86331,5056,185224,California
San Francisco,2021-03-03,10280,281964,5986,158383,4294,123580,0,1,5436,99493,4836,91167,5436,190660,California
San Francisco,2021-03-04,7851,289815,5161,163544,2690,126270,0,1,4359,100367,3485,94652,4359,195019,California
San Francisco,2021-03-05,7762,297577,4816,168360,2943,129213,3,4,4845,102313,2905,97557,4851,199870,California
San Francisco,2021-03-06,6780,304357,4371,172731,2200,131413,209,213,4243,104216,2548,100105,4451,204321,California
San Francisco,2021-03-07,5077,309434,3945,176676,1071,132484,61,274,2844,104876,2246,102351,2906,207227,California
San Francisco,2021-03-08,6984,316418,5065,181741,1757,134241,162,436,5475,108973,1542,103893,5639,212866,California
San Francisco,2021-03-09,6616,323034,3824,185565,2413,136654,379,815,4514,111754,2110,106003,4891,217757,California
San Francisco,2021-03-10,10079,333113,5726,191291,3871,140525,482,1297,6175,114525,3889,109892,6660,224417,California
San Francisco,2021-03-11,9279,342392,5761,197052,2695,143220,823,2120,6097,118273,3170,113062,6918,231335,California
San Francisco,2021-03-12,9366,351758,5438,202490,2894,146114,1034,3154,5303,120574,4038,117100,6339,237674,California
San Francisco,2021-03-13,5924,357682,3554,206044,1412,147526,958,4112,3725,123063,2195,119295,4684,242358,California
San Francisco,2021-03-14,7247,364929,4713,210757,2301,149827,233,4345,3927,123912,3311,122606,4160,246518,California
San Francisco,2021-03-15,11916,376845,9013,219770,1970,151797,933,5278,8268,129475,3637,126243,9200,255718,California
San Francisco,2021-03-16,12005,388850,8178,227948,3371,155168,456,5734,8762,135461,3229,129472,9215,264933,California
San Francisco,2021-03-17,12812,401662,8017,235965,4257,159425,538,6272,9251,141711,3541,133013,9791,274724,California
San Francisco,2021-03-18,8719,410381,5977,241942,2226,161651,516,6788,4904,143333,3798,136811,5420,280144,California
San Francisco,2021-03-19,10453,420834,7761,249703,2331,163982,361,7149,5618,144497,4816,141627,5980,286124,California
San Francisco,2021-03-20,5859,426693,4292,253995,1295,165277,272,7421,3632,146193,2212,143839,3908,290032,California
San Francisco,2021-03-21,6211,432904,5640,259635,439,165716,132,7553,3553,147229,2650,146489,3686,293718,California
San Francisco,2021-03-22,9658,442562,6801,266436,2037,167753,820,8373,5118,148648,4518,151007,5937,299655,California
San Francisco,2021-03-23,11190,453752,7388,273824,3163,170916,639,9012,6842,151819,4320,155327,7491,307146,California
San Francisco,2021-03-24,12101,465853,9173,282997,2397,173313,531,9543,6357,153041,5714,161041,6936,314082,California
San Francisco,2021-03-25,11607,477460,8434,291431,2657,175970,516,10059,5940,153928,5612,166653,6499,320581,California
San Francisco,2021-03-26,11603,489063,8002,299433,3381,179351,220,10279,6127,154910,5451,172104,6433,327014,California
San Francisco,2021-03-27,8124,497187,5611,305044,2299,181650,214,10493,3644,154371,4467,176571,3928,330942,California
San Francisco,2021-03-28,6361,503548,5037,310081,1284,182934,40,10533,3049,154173,3295,179866,3097,334039,California
San Francisco,2021-03-29,11148,514696,7657,317738,3305,186239,186,10719,5061,153401,6068,185934,5296,339335,California
San Francisco,2021-03-30,11008,525704,6773,324511,3954,190193,281,11000,6748,156229,4241,190175,7069,346404,California
San Francisco,2021-03-31,8402,534106,5315,329826,2849,193042,238,11238,3804,155832,4577,194752,4180,350584,California
San Joaquin,2020-12-15,12,12,12,12,0,0,0,0,12,12,0,0,12,12,California
San Joaquin,2020-12-16,436,448,436,448,0,0,0,0,436,448,0,0,436,448,California
San Joaquin,2020-12-17,386,834,386,834,0,0,0,0,386,834,0,0,386,834,California
San Joaquin,2020-12-18,574,1408,549,1383,25,25,0,0,574,1408,0,0,574,1408,California
San Joaquin,2020-12-19,201,1609,201,1584,0,25,0,0,201,1609,0,0,201,1609,California
San Joaquin,2020-12-20,112,1721,112,1696,0,25,0,0,112,1721,0,0,112,1721,California
San Joaquin,2020-12-21,556,2277,551,2247,5,30,0,0,556,2277,0,0,556,2277,California
San Joaquin,2020-12-22,1054,3331,895,3142,159,189,0,0,1053,3330,0,0,1053,3330,California
San Joaquin,2020-12-23,1023,4354,956,4098,67,256,0,0,1021,4351,0,0,1021,4351,California
San Joaquin,2020-12-24,221,4575,193,4291,28,284,0,0,220,4571,0,0,220,4571,California
San Joaquin,2020-12-25,14,4589,14,4305,0,284,0,0,14,4585,0,0,14,4585,California
San Joaquin,2020-12-26,100,4689,28,4333,72,356,0,0,100,4685,0,0,100,4685,California
San Joaquin,2020-12-27,40,4729,29,4362,11,367,0,0,40,4725,0,0,40,4725,California
San Joaquin,2020-12-28,646,5375,440,4802,206,573,0,0,646,5371,0,0,646,5371,California
San Joaquin,2020-12-29,874,6249,738,5540,136,709,0,0,874,6245,0,0,874,6245,California
San Joaquin,2020-12-30,1047,7296,742,6282,305,1014,0,0,1046,7291,0,0,1046,7291,California
San Joaquin,2020-12-31,449,7745,200,6482,249,1263,0,0,450,7741,0,0,450,7741,California
San Joaquin,2021-01-01,16,7761,10,6492,6,1269,0,0,16,7757,0,0,16,7757,California
San Joaquin,2021-01-02,249,8010,227,6719,22,1291,0,0,248,8005,0,0,248,8005,California
San Joaquin,2021-01-03,35,8045,18,6737,17,1308,0,0,34,8038,1,1,34,8039,California
San Joaquin,2021-01-04,484,8529,341,7078,143,1451,0,0,481,8519,0,1,481,8520,California
San Joaquin,2021-01-05,1019,9548,711,7789,308,1759,0,0,848,9198,172,173,851,9371,California
San Joaquin,2021-01-06,1303,10851,784,8573,519,2278,0,0,938,9780,360,533,942,10313,California
San Joaquin,2021-01-07,1129,11980,718,9291,411,2689,0,0,805,10267,320,853,807,11120,California
San Joaquin,2021-01-08,1338,13318,948,10239,390,3079,0,0,806,10546,528,1381,807,11927,California
San Joaquin,2021-01-09,373,13691,298,10537,75,3154,0,0,245,10663,128,1509,245,12172,California
San Joaquin,2021-01-10,217,13908,111,10648,106,3260,0,0,167,10780,50,1559,167,12339,California
San Joaquin,2021-01-11,1566,15474,1358,12006,208,3468,0,0,921,11062,644,2203,926,13265,California
San Joaquin,2021-01-12,1520,16994,1082,13088,438,3906,0,0,759,11071,759,2962,768,14033,California
San Joaquin,2021-01-13,1480,18474,843,13931,637,4543,0,0,959,11511,522,3484,962,14995,California
San Joaquin,2021-01-14,1586,20060,903,14834,683,5226,0,0,1221,12404,334,3818,1227,16222,California
San Joaquin,2021-01-15,1573,21633,681,15515,892,6118,0,0,1325,13504,227,4045,1327,17549,California
San Joaquin,2021-01-16,1174,22807,193,15708,981,7099,0,0,1149,14628,25,4070,1149,18698,California
San Joaquin,2021-01-17,1648,24455,125,15833,1523,8622,0,0,1619,16220,29,4099,1621,20319,California
San Joaquin,2021-01-18,720,25175,239,16072,481,9103,0,0,598,16700,118,4217,598,20917,California
San Joaquin,2021-01-19,1887,27062,897,16969,990,10093,0,0,1180,17181,704,4921,1185,22102,California
San Joaquin,2021-01-20,2138,29200,1315,18284,823,10916,0,0,1461,17972,676,5597,1467,23569,California
San Joaquin,2021-01-21,2004,31204,937,19221,1067,11983,0,0,1582,19143,417,6014,1588,25157,California
San Joaquin,2021-01-22,1982,33186,967,20188,1015,12998,0,0,1836,20840,143,6157,1840,26997,California
San Joaquin,2021-01-23,933,34119,401,20589,532,13530,0,0,661,21233,270,6427,663,27660,California
San Joaquin,2021-01-24,338,34457,129,20718,209,13739,0,0,317,21531,19,6446,317,27977,California
San Joaquin,2021-01-25,2011,36468,1173,21891,838,14577,0,0,1436,22397,574,7020,1440,29417,California
San Joaquin,2021-01-26,2198,38666,1161,23052,1037,15614,0,0,1558,23322,637,7657,1562,30979,California
San Joaquin,2021-01-27,1815,40481,819,23871,996,16610,0,0,1306,24127,506,8163,1311,32290,California
San Joaquin,2021-01-28,2144,42625,850,24721,1294,17904,0,0,1464,24916,678,8841,1467,33757,California
San Joaquin,2021-01-29,2270,44895,1142,25863,1128,19032,0,0,1891,26440,374,9215,1898,35655,California
San Joaquin,2021-01-30,2385,47280,333,26196,2052,21084,0,0,2205,28486,161,9376,2207,37862,California
San Joaquin,2021-01-31,1573,48853,181,26377,1392,22476,0,0,1496,29921,62,9438,1497,39359,California
San Joaquin,2021-02-01,2638,51491,1416,27793,1222,23698,0,0,1864,31017,769,10207,1865,41224,California
San Joaquin,2021-02-02,2707,54198,1244,29037,1463,25161,0,0,2077,32476,622,10829,2081,43305,California
San Joaquin,2021-02-03,3191,57389,1308,30345,1883,27044,0,0,2302,33899,884,11713,2307,45612,California
San Joaquin,2021-02-04,3558,60947,1810,32155,1748,28792,0,0,2744,35838,808,12521,2747,48359,California
San Joaquin,2021-02-05,3369,64316,1961,34116,1408,30200,0,0,2500,37475,866,13387,2503,50862,California
San Joaquin,2021-02-06,1131,65447,789,34905,342,30542,0,0,960,38268,169,13556,962,51824,California
San Joaquin,2021-02-07,612,66059,486,35391,126,30668,0,0,417,38497,188,13744,417,52241,California
San Joaquin,2021-02-08,1771,67830,1080,36471,691,31359,0,0,1469,39665,305,14049,1473,53714,California
San Joaquin,2021-02-09,2096,69926,1181,37652,915,32274,0,0,1639,40853,454,14503,1642,55356,California
San Joaquin,2021-02-10,2663,72589,1309,38961,1354,33628,0,0,1404,41025,1232,15735,1404,56760,California
San Joaquin,2021-02-11,2959,75548,1565,40526,1394,35022,0,0,1798,41688,1140,16875,1803,58563,California
San Joaquin,2021-02-12,2851,78399,1202,41728,1649,36671,0,0,1695,42238,1149,18024,1699,60262,California
San Joaquin,2021-02-13,2130,80529,404,42132,1726,38397,0,0,853,41831,1268,19292,861,61123,California
San Joaquin,2021-02-14,1889,82418,257,42389,1632,40029,0,0,684,41324,1192,20484,685,61808,California
San Joaquin,2021-02-15,1958,84376,823,43212,1135,41164,0,0,1186,41765,750,21234,1191,62999,California
San Joaquin,2021-02-16,3180,87556,1447,44659,1733,42897,0,0,1726,42055,1443,22677,1733,64732,California
San Joaquin,2021-02-17,3394,90950,1366,46025,2028,44925,0,0,1932,42543,1448,24125,1936,66668,California
San Joaquin,2021-02-18,3521,94471,1501,47526,2020,46945,0,0,2017,43086,1482,25607,2025,68693,California
San Joaquin,2021-02-19,4678,99149,2773,50299,1905,48850,0,0,2813,44071,1829,27436,2814,71507,California
San Joaquin,2021-02-20,1654,100803,638,50937,1016,49866,0,0,1145,44710,506,27942,1145,72652,California
San Joaquin,2021-02-21,609,101412,449,51386,160,50026,0,0,394,44890,215,28157,395,73047,California
San Joaquin,2021-02-22,4093,105505,3015,54401,1078,51104,0,0,3060,46948,1007,29164,3065,76112,California
San Joaquin,2021-02-23,4882,110387,3274,57675,1608,52712,0,0,3278,48662,1581,30745,3295,79407,California
San Joaquin,2021-02-24,6724,117111,4298,61973,2426,55138,0,0,5016,52005,1687,32432,5030,84437,California
San Joaquin,2021-02-25,7177,124288,4789,66762,2388,57526,0,0,4881,54630,2271,34703,4896,89333,California
San Joaquin,2021-02-26,6033,130321,3376,70138,2657,60183,0,0,4260,57161,1741,36444,4272,93605,California
San Joaquin,2021-02-27,5595,135916,1609,71747,3986,64169,0,0,2641,56900,2919,39363,2658,96263,California
San Joaquin,2021-02-28,3019,138935,1091,72838,1928,66097,0,0,1985,57870,1022,40385,1992,98255,California
San Joaquin,2021-03-01,4190,143125,1824,74662,2366,68463,0,0,2272,58248,1902,42287,2280,100535,California
San Joaquin,2021-03-02,4178,147303,1681,76343,2497,70960,0,0,2569,59294,1595,43882,2641,103176,California
San Joaquin,2021-03-03,6070,153373,3869,80212,2199,73159,2,2,4440,62131,1610,45492,4447,107623,California
San Joaquin,2021-03-04,5185,158558,2410,82622,2774,75933,1,3,3119,63289,1971,47463,3129,110752,California
San Joaquin,2021-03-05,4352,162910,1907,84529,2443,78376,2,5,2949,64858,1389,48852,2958,113710,California
San Joaquin,2021-03-06,3483,166393,2398,86927,963,79339,122,127,2900,67316,577,49429,3035,116745,California
San Joaquin,2021-03-07,1209,167602,545,87472,623,79962,41,168,939,68028,254,49683,966,117711,California
San Joaquin,2021-03-08,2960,170562,1198,88670,1659,81621,103,271,2001,69189,952,50635,2113,119824,California
San Joaquin,2021-03-09,4256,174818,1884,90554,2251,83872,121,392,2711,70497,1529,52164,2837,122661,California
San Joaquin,2021-03-10,5041,179859,2644,93198,2272,86144,125,517,3573,72744,1451,53615,3698,126359,California
San Joaquin,2021-03-11,5218,185077,2485,95683,2154,88298,579,1096,2887,73899,2317,55932,3472,129831,California
San Joaquin,2021-03-12,6618,191695,3491,99174,2850,91148,277,1373,3912,75509,2686,58618,4296,134127,California
San Joaquin,2021-03-13,3015,194710,1532,100706,1363,92511,120,1493,2128,76955,880,59498,2326,136453,California
San Joaquin,2021-03-14,1829,196539,584,101290,950,93461,295,1788,939,77308,886,60384,1239,137692,California
San Joaquin,2021-03-15,6590,203129,4034,105324,2159,95620,397,2185,3253,77664,3320,63704,3676,141368,California
San Joaquin,2021-03-16,7685,210814,4709,110033,2730,98350,246,2431,4311,78870,3365,67069,4571,145939,California
San Joaquin,2021-03-17,8931,219745,5794,115827,3065,101415,72,2503,4686,79416,4226,71295,4772,150711,California
San Joaquin,2021-03-18,8431,228176,5342,121169,2593,104008,496,2999,3882,79280,4516,75811,4380,155091,California
San Joaquin,2021-03-19,8333,236509,5014,126183,2786,106794,533,3532,4801,81145,3514,79325,5379,160470,California
San Joaquin,2021-03-20,3509,240018,1947,128130,1342,108136,220,3752,1738,81371,1754,81079,1980,162450,California
San Joaquin,2021-03-21,2309,242327,1667,129797,430,108566,212,3964,1386,82118,919,81998,1666,164116,California
San Joaquin,2021-03-22,4322,246649,2327,132124,1584,110150,411,4375,2723,83673,1588,83586,3143,167259,California
San Joaquin,2021-03-23,5491,252140,2861,134985,2469,112619,161,4536,3858,86082,1618,85204,4027,171286,California
San Joaquin,2021-03-24,7268,259408,4620,139605,2563,115182,85,4621,3127,85192,4123,89327,3233,174519,California
San Joaquin,2021-03-25,5342,264750,3017,142622,2288,117470,37,4658,3228,86386,2095,91422,3289,177808,California
San Joaquin,2021-03-26,5430,270180,1814,144436,3566,121036,50,4708,2614,86318,2784,94206,2716,180524,California
San Joaquin,2021-03-27,4794,274974,2631,147067,2124,123160,39,4747,1884,85386,2892,97098,1960,182484,California
San Joaquin,2021-03-28,2645,277619,1717,148784,901,124061,27,4774,1291,85461,1340,98438,1415,183899,California
San Joaquin,2021-03-29,3847,281466,2137,150921,1684,125745,26,4800,2046,85798,1785,100223,2122,186021,California
San Joaquin,2021-03-30,5304,286770,2563,153484,2708,128453,33,4833,2876,86329,2414,102637,2945,188966,California
San Joaquin,2021-03-31,3069,289839,1717,155201,1323,129776,29,4862,1690,86693,1371,104008,1735,190701,California
San Luis Obispo,2020-12-16,4,4,4,4,0,0,0,0,4,4,0,0,4,4,California
San Luis Obispo,2020-12-17,196,200,196,200,0,0,0,0,196,200,0,0,196,200,California
San Luis Obispo,2020-12-18,223,423,223,423,0,0,0,0,223,423,0,0,223,423,California
San Luis Obispo,2020-12-19,164,587,164,587,0,0,0,0,164,587,0,0,164,587,California
San Luis Obispo,2020-12-20,215,802,215,802,0,0,0,0,215,802,0,0,215,802,California
San Luis Obispo,2020-12-21,552,1354,552,1354,0,0,0,0,552,1354,0,0,552,1354,California
San Luis Obispo,2020-12-22,307,1661,303,1657,4,4,0,0,307,1661,0,0,307,1661,California
San Luis Obispo,2020-12-23,683,2344,370,2027,313,317,0,0,683,2344,0,0,683,2344,California
San Luis Obispo,2020-12-24,195,2539,19,2046,176,493,0,0,195,2539,0,0,195,2539,California
San Luis Obispo,2020-12-25,2,2541,1,2047,1,494,0,0,2,2541,0,0,2,2541,California
San Luis Obispo,2020-12-26,90,2631,12,2059,78,572,0,0,90,2631,0,0,90,2631,California
San Luis Obispo,2020-12-27,75,2706,0,2059,75,647,0,0,75,2706,0,0,75,2706,California
San Luis Obispo,2020-12-28,878,3584,431,2490,447,1094,0,0,878,3584,0,0,878,3584,California
San Luis Obispo,2020-12-29,903,4487,502,2992,401,1495,0,0,903,4487,0,0,903,4487,California
San Luis Obispo,2020-12-30,1175,5662,682,3674,493,1988,0,0,1175,5662,0,0,1175,5662,California
San Luis Obispo,2020-12-31,106,5768,4,3678,102,2090,0,0,106,5768,0,0,106,5768,California
San Luis Obispo,2021-01-01,11,5779,7,3685,4,2094,0,0,11,5779,0,0,11,5779,California
San Luis Obispo,2021-01-02,31,5810,7,3692,24,2118,0,0,31,5810,0,0,31,5810,California
San Luis Obispo,2021-01-03,16,5826,6,3698,10,2128,0,0,16,5826,0,0,16,5826,California
San Luis Obispo,2021-01-04,675,6501,525,4223,150,2278,0,0,675,6501,0,0,675,6501,California
San Luis Obispo,2021-01-05,978,7479,760,4983,218,2496,0,0,976,7475,2,2,976,7477,California
San Luis Obispo,2021-01-06,727,8206,482,5465,245,2741,0,0,719,8187,7,9,719,8196,California
San Luis Obispo,2021-01-07,1129,9335,950,6415,179,2920,0,0,687,8432,442,451,687,8883,California
San Luis Obispo,2021-01-08,881,10216,805,7220,76,2996,0,0,511,8575,369,820,512,9395,California
San Luis Obispo,2021-01-09,206,10422,198,7418,8,3004,0,0,28,8425,178,998,28,9423,California
San Luis Obispo,2021-01-10,11,10433,7,7425,4,3008,0,0,7,8428,4,1002,7,9430,California
San Luis Obispo,2021-01-11,526,10959,476,7901,50,3058,0,0,264,8431,261,1263,264,9694,California
San Luis Obispo,2021-01-12,598,11557,380,8281,218,3276,0,0,320,8473,278,1541,320,10014,California
San Luis Obispo,2021-01-13,881,12438,254,8535,627,3903,0,0,642,8878,237,1778,642,10656,California
San Luis Obispo,2021-01-14,729,13167,241,8776,488,4391,0,0,604,9370,112,1890,604,11260,California
San Luis Obispo,2021-01-15,735,13902,292,9068,443,4834,0,0,557,9754,173,2063,557,11817,California
San Luis Obispo,2021-01-16,99,14001,81,9149,18,4852,0,0,94,9843,5,2068,94,11911,California
San Luis Obispo,2021-01-17,66,14067,60,9209,6,4858,0,0,66,9909,0,2068,66,11977,California
San Luis Obispo,2021-01-18,1372,15439,389,9598,983,5841,0,0,1110,10757,262,2330,1110,13087,California
San Luis Obispo,2021-01-19,1584,17023,419,10017,1165,7006,0,0,1176,11525,408,2738,1176,14263,California
San Luis Obispo,2021-01-20,1882,18905,598,10615,1284,8290,0,0,1292,12230,588,3326,1293,15556,California
San Luis Obispo,2021-01-21,1568,20473,466,11081,1102,9392,0,0,1196,13057,369,3695,1196,16752,California
San Luis Obispo,2021-01-22,1516,21989,508,11589,1008,10400,0,0,1201,13945,313,4008,1201,17953,California
San Luis Obispo,2021-01-23,309,22298,292,11881,17,10417,0,0,294,14224,15,4023,294,18247,California
San Luis Obispo,2021-01-24,243,22541,238,12119,5,10422,0,0,238,14456,6,4029,238,18485,California
San Luis Obispo,2021-01-25,2069,24610,605,12724,1464,11886,0,0,1241,14871,828,4857,1243,19728,California
San Luis Obispo,2021-01-26,1998,26608,702,13426,1296,13182,0,0,1131,15137,865,5722,1131,20859,California
San Luis Obispo,2021-01-27,1609,28217,277,13703,1332,14514,0,0,1146,15820,463,6185,1146,22005,California
San Luis Obispo,2021-01-28,1475,29692,336,14039,1139,15653,0,0,1213,16772,261,6446,1213,23218,California
San Luis Obispo,2021-01-29,1724,31416,676,14715,1048,16701,0,0,1442,17932,282,6728,1442,24660,California
San Luis Obispo,2021-01-30,35,31451,16,14731,19,16720,0,0,25,17948,9,6737,25,24685,California
San Luis Obispo,2021-01-31,25,31476,20,14751,5,16725,0,0,22,17967,3,6740,22,24707,California
San Luis Obispo,2021-02-01,1648,33124,699,15450,949,17674,0,0,1380,19079,268,7008,1380,26087,California
San Luis Obispo,2021-02-02,1888,35012,672,16122,1216,18890,0,0,1511,20214,376,7384,1511,27598,California
San Luis Obispo,2021-02-03,1697,36709,726,16848,971,19861,0,0,1286,21089,411,7795,1286,28884,California
San Luis Obispo,2021-02-04,1654,38363,800,17648,854,20715,0,0,1088,21612,565,8360,1088,29972,California
San Luis Obispo,2021-02-05,1591,39954,719,18367,872,21587,0,0,1047,22115,545,8905,1048,31020,California
San Luis Obispo,2021-02-06,158,40112,92,18459,66,21653,0,0,94,22145,64,8969,94,31114,California
San Luis Obispo,2021-02-07,142,40254,97,18556,45,21698,0,0,73,22149,69,9038,73,31187,California
San Luis Obispo,2021-02-08,849,41103,463,19019,386,22084,0,0,490,22281,358,9396,490,31677,California
San Luis Obispo,2021-02-09,1118,42221,445,19464,673,22757,0,0,537,22249,576,9972,544,32221,California
San Luis Obispo,2021-02-10,1425,43646,487,19951,938,23695,0,0,521,21872,901,10873,524,32745,California
San Luis Obispo,2021-02-11,1326,44972,839,20790,487,24182,0,0,653,21855,670,11543,653,33398,California
San Luis Obispo,2021-02-12,776,45748,357,21147,419,24601,0,0,410,21899,366,11909,410,33808,California
San Luis Obispo,2021-02-13,385,46133,124,21271,261,24862,0,0,278,22071,106,12015,278,34086,California
San Luis Obispo,2021-02-14,308,46441,42,21313,266,25128,0,0,271,22305,37,12052,271,34357,California
San Luis Obispo,2021-02-15,708,47149,133,21446,575,25703,0,0,455,22510,250,12302,455,34812,California
San Luis Obispo,2021-02-16,2955,50104,1189,22635,1766,27469,0,0,1350,22264,1596,13898,1350,36162,California
San Luis Obispo,2021-02-17,2760,52864,1223,23858,1537,29006,0,0,1025,21561,1728,15626,1025,37187,California
San Luis Obispo,2021-02-18,2808,55672,1442,25300,1366,30372,0,0,1124,21008,1677,17303,1124,38311,California
San Luis Obispo,2021-02-19,1436,57108,1318,26618,118,30490,0,0,1113,21800,322,17625,1114,39425,California
San Luis Obispo,2021-02-20,253,57361,84,26702,169,30659,0,0,217,21981,36,17661,217,39642,California
San Luis Obispo,2021-02-21,44,57405,41,26743,3,30662,0,0,28,21993,16,17677,28,39670,California
San Luis Obispo,2021-02-22,2397,59802,1850,28593,547,31209,0,0,1463,22522,934,18611,1463,41133,California
San Luis Obispo,2021-02-23,1852,61654,1739,30332,113,31322,0,0,1366,23404,484,19095,1366,42499,California
San Luis Obispo,2021-02-24,2635,64289,1294,31626,1341,32663,0,0,832,22435,1801,20896,832,43331,California
San Luis Obispo,2021-02-25,2118,66407,1238,32864,880,33543,0,0,1199,22722,913,21809,1200,44531,California
San Luis Obispo,2021-02-26,2606,69013,1128,33992,1478,35021,0,0,1310,22741,1291,23100,1310,45841,California
San Luis Obispo,2021-02-27,568,69581,344,34336,224,35245,0,0,521,23215,47,23147,521,46362,California
San Luis Obispo,2021-02-28,196,69777,73,34409,123,35368,0,0,165,23353,27,23174,165,46527,California
San Luis Obispo,2021-03-01,2886,72663,1784,36193,1101,36469,1,1,1980,24430,906,24080,1983,48510,California
San Luis Obispo,2021-03-02,2737,75400,1686,37879,1051,37520,0,1,1654,25004,1081,25161,1655,50165,California
San Luis Obispo,2021-03-03,2063,77463,291,38170,1772,39292,0,1,689,24323,1371,26532,690,50855,California
San Luis Obispo,2021-03-04,1970,79433,1006,39176,964,40256,0,1,1021,24400,947,27479,1024,51879,California
San Luis Obispo,2021-03-05,2097,81530,888,40064,1140,41396,69,70,1150,24679,940,28419,1219,53098,California
San Luis Obispo,2021-03-06,804,82334,303,40367,405,41801,96,166,601,25167,203,28622,691,53789,California
San Luis Obispo,2021-03-07,205,82539,35,40402,91,41892,79,245,81,25205,123,28745,161,53950,California
San Luis Obispo,2021-03-08,2496,85035,724,41126,1472,43364,300,545,1346,25706,1149,29894,1650,55600,California
San Luis Obispo,2021-03-09,2714,87749,894,42020,1577,44941,243,788,1349,25936,1362,31256,1592,57192,California
San Luis Obispo,2021-03-10,2602,90351,985,43005,1437,46378,180,968,1387,26289,1214,32470,1567,58759,California
San Luis Obispo,2021-03-11,2633,92984,1108,44113,1246,47624,279,1247,1417,26772,1212,33682,1695,60454,California
San Luis Obispo,2021-03-12,2657,95641,1172,45285,1227,48851,258,1505,1299,26978,1353,35035,1559,62013,California
San Luis Obispo,2021-03-13,561,96202,227,45512,223,49074,111,1616,344,27215,217,35252,454,62467,California
San Luis Obispo,2021-03-14,319,96521,41,45553,171,49245,107,1723,77,27158,241,35493,184,62651,California
San Luis Obispo,2021-03-15,2753,99274,1047,46600,1615,50860,91,1814,1284,27068,1466,36959,1376,64027,California
San Luis Obispo,2021-03-16,2590,101864,1436,48036,1055,51915,99,1913,1252,27086,1333,38292,1351,65378,California
San Luis Obispo,2021-03-17,3002,104866,1345,49381,1425,53340,232,2145,1655,27630,1343,39635,1887,67265,California
San Luis Obispo,2021-03-18,2275,107141,1255,50636,843,54183,177,2322,963,27460,1311,40946,1141,68406,California
San Luis Obispo,2021-03-19,2189,109330,1360,51996,523,54706,306,2628,710,27002,1478,42424,1020,69426,California
San Luis Obispo,2021-03-20,714,110044,463,52459,217,54923,34,2662,312,26947,401,42825,346,69772,California
San Luis Obispo,2021-03-21,184,110228,49,52508,132,55055,3,2665,157,27080,27,42852,160,69932,California
San Luis Obispo,2021-03-22,2519,112747,1146,53654,1336,56391,37,2702,1718,28067,800,43652,1787,71719,California
San Luis Obispo,2021-03-23,3267,116014,2166,55820,1088,57479,13,2715,2178,29229,1086,44738,2248,73967,California
San Luis Obispo,2021-03-24,3320,119334,2039,57859,1210,58689,71,2786,2481,30995,835,45573,2601,76568,California
San Luis Obispo,2021-03-25,3529,122863,2257,60116,1262,59951,10,2796,2524,32602,1005,46578,2612,79180,California
San Luis Obispo,2021-03-26,3090,125953,1731,61847,936,60887,423,3219,1723,33445,1364,47942,2207,81387,California
San Luis Obispo,2021-03-27,967,126920,500,62347,388,61275,79,3298,451,33462,516,48458,533,81920,California
San Luis Obispo,2021-03-28,446,127366,155,62502,237,61512,54,3352,242,33555,204,48662,297,82217,California
San Luis Obispo,2021-03-29,2535,129901,1235,63737,1171,62683,129,3481,1619,34451,906,49568,1802,84019,California
San Luis Obispo,2021-03-30,3312,133213,1853,65590,1338,64021,121,3602,2218,35774,1091,50659,2414,86433,California
San Luis Obispo,2021-03-31,557,133770,199,65789,340,64361,18,3620,388,36023,168,50827,417,86850,California
San Mateo,2020-12-15,25,25,25,25,0,0,0,0,25,25,0,0,25,25,California
San Mateo,2020-12-16,105,130,105,130,0,0,0,0,105,130,0,0,105,130,California
San Mateo,2020-12-17,179,309,179,309,0,0,0,0,179,309,0,0,179,309,California
San Mateo,2020-12-18,768,1077,766,1075,2,2,0,0,767,1075,1,1,767,1076,California
San Mateo,2020-12-19,525,1602,525,1600,0,2,0,0,525,1600,0,1,525,1601,California
San Mateo,2020-12-20,513,2115,512,2112,1,3,0,0,513,2113,0,1,513,2114,California
San Mateo,2020-12-21,1155,3270,1155,3267,0,3,0,0,1155,3268,0,1,1155,3269,California
San Mateo,2020-12-22,1509,4779,1502,4769,7,10,0,0,1509,4777,0,1,1509,4778,California
San Mateo,2020-12-23,1561,6340,1375,6144,186,196,0,0,1561,6338,0,1,1561,6339,California
San Mateo,2020-12-24,859,7199,603,6747,256,452,0,0,859,7197,0,1,859,7198,California
San Mateo,2020-12-25,112,7311,108,6855,4,456,0,0,112,7309,0,1,112,7310,California
San Mateo,2020-12-26,554,7865,411,7266,143,599,0,0,554,7863,0,1,554,7864,California
San Mateo,2020-12-27,297,8162,168,7434,129,728,0,0,297,8160,0,1,297,8161,California
San Mateo,2020-12-28,1038,9200,693,8127,345,1073,0,0,1038,9198,0,1,1038,9199,California
San Mateo,2020-12-29,1122,10322,704,8831,418,1491,0,0,1122,10320,0,1,1122,10321,California
San Mateo,2020-12-30,1259,11581,757,9588,502,1993,0,0,1258,11577,1,2,1258,11579,California
San Mateo,2020-12-31,705,12286,222,9810,483,2476,0,0,704,12280,1,3,704,12283,California
San Mateo,2021-01-01,35,12321,30,9840,5,2481,0,0,35,12315,0,3,35,12318,California
San Mateo,2021-01-02,395,12716,266,10106,129,2610,0,0,395,12710,0,3,395,12713,California
San Mateo,2021-01-03,281,12997,206,10312,75,2685,0,0,277,12983,4,7,277,12990,California
San Mateo,2021-01-04,1049,14046,676,10988,373,3058,0,0,1048,14030,1,8,1048,14038,California
San Mateo,2021-01-05,1182,15228,694,11682,488,3546,0,0,1154,15157,28,36,1155,15193,California
San Mateo,2021-01-06,1440,16668,948,12630,492,4038,0,0,1259,16238,178,214,1259,16452,California
San Mateo,2021-01-07,1421,18089,775,13405,646,4684,0,0,1143,17112,271,485,1145,17597,California
San Mateo,2021-01-08,1814,19903,1169,14574,645,5329,0,0,1130,17563,680,1165,1131,18728,California
San Mateo,2021-01-09,1188,21091,787,15361,401,5730,0,0,740,17855,448,1613,740,19468,California
San Mateo,2021-01-10,680,21771,552,15913,128,5858,0,0,257,17689,423,2036,257,19725,California
San Mateo,2021-01-11,2410,24181,1305,17218,1105,6963,0,0,1501,18282,910,2946,1503,21228,California
San Mateo,2021-01-12,3275,27456,1763,18981,1512,8475,0,0,2090,19191,1185,4131,2094,23322,California
San Mateo,2021-01-13,3462,30918,1745,20726,1717,10192,0,0,2436,20603,1026,5157,2438,25760,California
San Mateo,2021-01-14,3758,34676,1566,22292,2192,12384,0,0,3085,23021,672,5829,3090,28850,California
San Mateo,2021-01-15,4378,39054,1806,24098,2572,14956,0,0,3795,26240,581,6410,3800,32650,California
San Mateo,2021-01-16,3128,42182,820,24918,2308,17264,0,0,2773,28659,355,6765,2774,35424,California
San Mateo,2021-01-17,1316,43498,308,25226,1008,18272,0,0,1112,29567,204,6969,1112,36536,California
San Mateo,2021-01-18,1394,44892,556,25782,838,19110,0,0,990,30161,402,7371,996,37532,California
San Mateo,2021-01-19,2776,47668,1766,27548,1010,20120,0,0,1998,31387,777,8148,2003,39535,California
San Mateo,2021-01-20,2638,50306,1391,28939,1247,21367,0,0,1804,32363,829,8977,1805,41340,California
San Mateo,2021-01-21,2803,53109,1279,30218,1524,22891,0,0,2225,34016,577,9554,2230,43570,California
San Mateo,2021-01-22,2836,55945,1179,31397,1657,24548,0,0,2491,36164,343,9897,2491,46061,California
San Mateo,2021-01-23,2884,58829,1689,33086,1195,25743,0,0,2524,38329,360,10257,2525,48586,California
San Mateo,2021-01-24,1581,60410,397,33483,1184,26927,0,0,1252,39255,326,10583,1252,49838,California
San Mateo,2021-01-25,4393,64803,3115,36598,1278,28205,0,0,3533,41934,857,11440,3536,53374,California
San Mateo,2021-01-26,4294,69097,2994,39592,1300,29505,0,0,3378,44397,915,12355,3378,56752,California
San Mateo,2021-01-27,2747,71844,1433,41025,1314,30819,0,0,1778,45210,965,13320,1778,58530,California
San Mateo,2021-01-28,2790,74634,1357,42382,1433,32252,0,0,1936,46311,835,14155,1936,60466,California
San Mateo,2021-01-29,2903,77537,1270,43652,1633,33885,0,0,2132,47675,768,14923,2132,62598,California
San Mateo,2021-01-30,3229,80766,1334,44986,1895,35780,0,0,2911,50270,317,15240,2912,65510,California
San Mateo,2021-01-31,1908,82674,1125,46111,783,36563,0,0,1519,51406,384,15624,1520,67030,California
San Mateo,2021-02-01,2907,85581,1333,47444,1574,38137,0,0,2207,52920,696,16320,2210,69240,California
San Mateo,2021-02-02,3143,88724,1721,49165,1422,39559,0,0,2138,54054,1004,17324,2138,71378,California
San Mateo,2021-02-03,4863,93587,1937,51102,2926,42485,0,0,3816,56827,1044,18368,3817,75195,California
San Mateo,2021-02-04,6272,99859,2584,53686,3688,46173,0,0,4917,60397,1349,19717,4919,80114,California
San Mateo,2021-02-05,6767,106626,2546,56232,4221,50394,0,0,4949,63547,1800,21517,4950,85064,California
San Mateo,2021-02-06,3286,109912,1920,58152,1366,51760,0,0,2633,65528,653,22170,2634,87698,California
San Mateo,2021-02-07,1889,111801,1332,59484,557,52317,0,0,1703,67045,186,22356,1703,89401,California
San Mateo,2021-02-08,5260,117061,2234,61718,3026,55343,0,0,3085,68018,2112,24468,3085,92486,California
San Mateo,2021-02-09,6159,123220,3211,64929,2948,58291,0,0,3323,68509,2832,27300,3323,95809,California
San Mateo,2021-02-10,6498,129718,3282,68211,3216,61507,0,0,3544,69108,2945,30245,3544,99353,California
San Mateo,2021-02-11,6994,136712,3562,71773,3432,64939,0,0,3786,69696,3200,33445,3788,103141,California
San Mateo,2021-02-12,6575,143287,2949,74722,3626,68565,0,0,4677,72481,1893,35338,4678,107819,California
San Mateo,2021-02-13,6073,149360,3980,78702,2093,70658,0,0,2634,71678,3437,38775,2634,110453,California
San Mateo,2021-02-14,4619,153979,3013,81715,1606,72264,0,0,1965,70993,2651,41426,1966,112419,California
San Mateo,2021-02-15,3143,157122,1450,83165,1693,73957,0,0,1774,71403,1366,42792,1776,114195,California
San Mateo,2021-02-16,7118,164240,1856,85021,5262,79219,0,0,5274,74833,1844,44636,5274,119469,California
San Mateo,2021-02-17,7017,171257,1915,86936,5102,84321,0,0,5035,77892,1977,46613,5036,124505,California
San Mateo,2021-02-18,6651,177908,4619,91555,2032,86353,0,0,4421,80089,2225,48838,4422,128927,California
San Mateo,2021-02-19,7767,185675,5583,97138,2184,88537,0,0,5791,83907,1973,50811,5791,134718,California
San Mateo,2021-02-20,3712,189387,2396,99534,1316,89853,0,0,2294,84789,1412,52223,2294,137012,California
San Mateo,2021-02-21,2233,191620,1385,100919,848,90701,0,0,1225,85009,1005,53228,1225,138237,California
San Mateo,2021-02-22,4356,195976,3148,104067,1208,91909,0,0,2738,86138,1612,54840,2741,140978,California
San Mateo,2021-02-23,4210,200186,2982,107049,1228,93137,0,0,2422,86777,1785,56625,2424,143402,California
San Mateo,2021-02-24,7268,207454,3270,110319,3998,97135,0,0,4838,89193,2424,59049,4840,148242,California
San Mateo,2021-02-25,8930,216384,3977,114296,4953,102088,0,0,5895,92068,3021,62070,5896,154138,California
San Mateo,2021-02-26,9597,225981,3664,117960,5933,108021,0,0,6700,95882,2887,64957,6701,160839,California
San Mateo,2021-02-27,6615,232596,3398,121358,3217,111238,0,0,3572,96422,3038,67995,3578,164417,California
San Mateo,2021-02-28,4080,236676,2471,123829,1609,112847,0,0,2531,97409,1546,69541,2533,166950,California
San Mateo,2021-03-01,5581,242257,3505,127334,2076,114923,0,0,2768,97372,2805,72346,2768,169718,California
San Mateo,2021-03-02,5582,247839,3873,131207,1709,116632,0,0,3206,98212,2366,74712,3206,172924,California
San Mateo,2021-03-03,7644,255483,3558,134765,4086,120718,0,0,3124,96825,4512,79224,3125,176049,California
San Mateo,2021-03-04,7502,262985,3574,138339,3926,124644,2,2,3284,95910,4207,83431,3292,179341,California
San Mateo,2021-03-05,8093,271078,5580,143919,2511,127155,2,4,5839,99518,2240,85671,5848,185189,California
San Mateo,2021-03-06,7588,278666,5298,149217,2126,129281,164,168,5585,103275,1994,87665,5751,190940,California
San Mateo,2021-03-07,3424,282090,2277,151494,1075,130356,72,240,1962,103850,1459,89124,2034,192974,California
San Mateo,2021-03-08,4288,286378,2409,153903,1705,132061,174,414,3144,106033,1139,90263,3322,196296,California
San Mateo,2021-03-09,4453,290831,2075,155978,2098,134159,280,694,2914,107698,1529,91792,3194,199490,California
San Mateo,2021-03-10,6659,297490,2555,158533,3831,137990,273,967,4319,109965,2329,94121,4596,204086,California
San Mateo,2021-03-11,7302,304792,4100,162633,2864,140854,338,1305,3398,109809,3895,98016,3739,207825,California
San Mateo,2021-03-12,8185,312977,4687,167320,3222,144076,276,1581,3185,108286,4988,103004,3465,211290,California
San Mateo,2021-03-13,7333,320310,3152,170472,2641,146717,1540,3121,3617,109727,3713,106717,5154,216444,California
San Mateo,2021-03-14,4648,324958,3232,173704,1317,148034,99,3220,2848,110878,1796,108513,2947,219391,California
San Mateo,2021-03-15,7033,331991,4521,178225,2343,150377,169,3389,3789,111599,3237,111750,3958,223349,California
San Mateo,2021-03-16,10855,342846,4360,182585,6365,156742,130,3519,4825,110540,6017,117767,4958,228307,California
San Mateo,2021-03-17,9675,352521,4244,186829,5311,162053,120,3639,4713,110439,4942,122709,4841,233148,California
San Mateo,2021-03-18,6184,358705,3470,190299,2543,164596,171,3810,3570,111571,2612,125321,3744,236892,California
San Mateo,2021-03-19,6125,364830,4140,194439,1511,166107,474,4284,3021,111971,3098,128419,3498,240390,California
San Mateo,2021-03-20,6243,371073,4972,199411,1040,167147,231,4515,4351,114675,1880,130299,4584,244974,California
San Mateo,2021-03-21,4026,375099,3025,202436,770,167917,231,4746,2298,115481,1719,132018,2525,247499,California
San Mateo,2021-03-22,5256,380355,3549,205985,1288,169205,419,5165,2938,116536,2305,134323,3360,250859,California
San Mateo,2021-03-23,9746,390101,4444,210429,5106,174311,196,5361,4735,116500,4987,139310,4951,255810,California
San Mateo,2021-03-24,9441,399542,5396,215825,3901,178212,144,5505,4248,115881,5144,144454,4525,260335,California
San Mateo,2021-03-25,9640,409182,4575,220400,4813,183025,252,5757,4221,115082,5330,149784,4531,264866,California
San Mateo,2021-03-26,10897,420079,7475,227875,3255,186280,167,5924,4387,113269,6482,156266,4669,269535,California
San Mateo,2021-03-27,10146,430225,7760,235635,2285,188565,101,6025,4486,112298,5640,161906,4669,274204,California
San Mateo,2021-03-28,4123,434348,2668,238303,1344,189909,111,6136,2046,112398,2071,163977,2171,276375,California
San Mateo,2021-03-29,5937,440285,3636,241939,2041,191950,260,6396,2822,112406,3101,167078,3109,279484,California
San Mateo,2021-03-30,6735,447020,3759,245698,2819,194769,157,6553,4283,114461,2437,169515,4492,283976,California
San Mateo,2021-03-31,4376,451396,2774,248472,1510,196279,92,6645,2590,115417,1781,171296,2737,286713,California
Santa Barbara,2020-12-15,2,2,2,2,0,0,0,0,2,2,0,0,2,2,California
Santa Barbara,2020-12-16,2,4,2,4,0,0,0,0,2,4,0,0,2,4,California
Santa Barbara,2020-12-17,51,55,51,55,0,0,0,0,51,55,0,0,51,55,California
Santa Barbara,2020-12-18,377,432,376,431,1,1,0,0,377,432,0,0,377,432,California
Santa Barbara,2020-12-19,325,757,325,756,0,1,0,0,325,757,0,0,325,757,California
Santa Barbara,2020-12-20,234,991,234,990,0,1,0,0,234,991,0,0,234,991,California
Santa Barbara,2020-12-21,649,1640,647,1637,2,3,0,0,649,1640,0,0,649,1640,California
Santa Barbara,2020-12-22,243,1883,241,1878,2,5,0,0,243,1883,0,0,243,1883,California
Santa Barbara,2020-12-23,320,2203,202,2080,118,123,0,0,320,2203,0,0,320,2203,California
Santa Barbara,2020-12-24,87,2290,40,2120,47,170,0,0,87,2290,0,0,87,2290,California
Santa Barbara,2020-12-26,328,2618,67,2187,261,431,0,0,328,2618,0,0,328,2618,California
Santa Barbara,2020-12-27,62,2680,1,2188,61,492,0,0,62,2680,0,0,62,2680,California
Santa Barbara,2020-12-28,352,3032,218,2406,134,626,0,0,352,3032,0,0,352,3032,California
Santa Barbara,2020-12-29,550,3582,358,2764,192,818,0,0,550,3582,0,0,550,3582,California
Santa Barbara,2020-12-30,582,4164,402,3166,180,998,0,0,582,4164,0,0,582,4164,California
Santa Barbara,2020-12-31,238,4402,112,3278,126,1124,0,0,238,4402,0,0,238,4402,California
Santa Barbara,2021-01-01,107,4509,106,3384,1,1125,0,0,107,4509,0,0,107,4509,California
Santa Barbara,2021-01-02,587,5096,224,3608,363,1488,0,0,587,5096,0,0,587,5096,California
Santa Barbara,2021-01-03,23,5119,15,3623,8,1496,0,0,23,5119,0,0,23,5119,California
Santa Barbara,2021-01-04,304,5423,243,3866,61,1557,0,0,303,5422,0,0,303,5422,California
Santa Barbara,2021-01-05,748,6171,376,4242,372,1929,0,0,722,6118,26,26,722,6144,California
Santa Barbara,2021-01-06,656,6827,273,4515,383,2312,0,0,598,6659,57,83,598,6742,California
Santa Barbara,2021-01-07,1028,7855,706,5221,322,2634,0,0,524,6683,500,583,524,7266,California
Santa Barbara,2021-01-08,1201,9056,839,6060,362,2996,0,0,708,6898,493,1076,708,7974,California
Santa Barbara,2021-01-09,568,9624,293,6353,275,3271,0,0,323,6976,245,1321,323,8297,California
Santa Barbara,2021-01-10,65,9689,51,6404,14,3285,0,0,49,7009,16,1337,49,8346,California
Santa Barbara,2021-01-11,839,10528,668,7072,171,3456,0,0,615,7401,223,1560,615,8961,California
Santa Barbara,2021-01-12,1428,11956,634,7706,794,4250,0,0,1271,8515,157,1717,1271,10232,California
Santa Barbara,2021-01-13,1229,13185,280,7986,949,5199,0,0,1104,9494,125,1842,1104,11336,California
Santa Barbara,2021-01-14,1244,14429,133,8119,1111,6310,0,0,1190,10631,53,1895,1190,12526,California
Santa Barbara,2021-01-15,1791,16220,413,8532,1378,7688,0,0,1712,12265,78,1973,1712,14238,California
Santa Barbara,2021-01-16,1269,17489,199,8731,1070,8758,0,0,1231,13459,37,2010,1231,15469,California
Santa Barbara,2021-01-17,125,17614,21,8752,104,8862,0,0,121,13576,4,2014,121,15590,California
Santa Barbara,2021-01-18,1150,18764,416,9168,734,9596,0,0,966,14359,183,2197,966,16556,California
Santa Barbara,2021-01-19,1637,20401,565,9733,1072,10668,0,0,1359,15441,277,2474,1359,17915,California
Santa Barbara,2021-01-20,1984,22385,441,10174,1543,12211,0,0,1695,16848,288,2762,1695,19610,California
Santa Barbara,2021-01-21,3083,25468,1813,11987,1270,13481,0,0,2932,19630,151,2913,2933,22543,California
Santa Barbara,2021-01-22,2989,28457,1848,13835,1141,14622,0,0,2844,22332,142,3055,2844,25387,California
Santa Barbara,2021-01-23,1732,30189,1107,14942,625,15247,0,0,1222,23045,509,3564,1222,26609,California
Santa Barbara,2021-01-24,845,31034,754,15696,91,15338,0,0,837,23874,8,3572,837,27446,California
Santa Barbara,2021-01-25,1232,32266,492,16188,740,16078,0,0,995,24632,237,3809,995,28441,California
Santa Barbara,2021-01-26,2033,34299,458,16646,1575,17653,0,0,1649,25900,382,4191,1650,30091,California
Santa Barbara,2021-01-27,1154,35453,399,17045,755,18408,0,0,899,26545,254,4445,899,30990,California
Santa Barbara,2021-01-28,890,36343,293,17338,597,19005,0,0,680,27018,207,4652,680,31670,California
Santa Barbara,2021-01-29,1327,37670,533,17871,794,19799,0,0,975,27645,350,5002,977,32647,California
Santa Barbara,2021-01-30,1894,39564,1422,19293,472,20271,0,0,1491,28736,400,5402,1491,34138,California
Santa Barbara,2021-01-31,1458,41022,1221,20514,237,20508,0,0,1418,30114,40,5442,1418,35556,California
Santa Barbara,2021-02-01,931,41953,516,21030,415,20923,0,0,544,30272,386,5828,544,36100,California
Santa Barbara,2021-02-02,1808,43761,692,21722,1116,22039,0,0,1036,30539,769,6597,1036,37136,California
Santa Barbara,2021-02-03,1943,45704,1077,22799,866,22905,0,0,1500,31605,434,7031,1500,38636,California
Santa Barbara,2021-02-04,2775,48479,1859,24658,916,23821,0,0,2481,33797,289,7320,2481,41117,California
Santa Barbara,2021-02-05,2900,51379,2057,26715,843,24664,0,0,2259,35416,640,7960,2259,43376,California
Santa Barbara,2021-02-06,1200,52579,337,27052,863,25527,0,0,794,35804,406,8366,794,44170,California
Santa Barbara,2021-02-07,300,52879,262,27314,38,25565,0,0,265,36035,34,8400,265,44435,California
Santa Barbara,2021-02-08,952,53831,307,27621,645,26210,0,0,666,36415,286,8686,666,45101,California
Santa Barbara,2021-02-09,2432,56263,312,27933,2120,28330,0,0,1119,36230,1304,9990,1119,46220,California
Santa Barbara,2021-02-10,2753,59016,1495,29428,1258,29588,0,0,798,35079,1949,11939,798,47018,California
Santa Barbara,2021-02-11,4174,63190,2802,32230,1372,30960,0,0,618,32146,3551,15490,618,47636,California
Santa Barbara,2021-02-12,3298,66488,945,33175,2353,33313,0,0,769,30391,2524,18014,769,48405,California
Santa Barbara,2021-02-13,1233,67721,337,33512,896,34209,0,0,561,30283,669,18683,561,48966,California
Santa Barbara,2021-02-14,331,68052,33,33545,298,34507,0,0,285,30522,46,18729,285,49251,California
Santa Barbara,2021-02-15,951,69003,335,33880,616,35123,0,0,485,30545,462,19191,485,49736,California
Santa Barbara,2021-02-16,2112,71115,396,34276,1716,36839,0,0,721,29877,1389,20580,721,50457,California
Santa Barbara,2021-02-17,1425,72540,317,34593,1108,37947,0,0,512,29478,911,21491,512,50969,California
Santa Barbara,2021-02-18,3249,75789,2646,37239,603,38550,0,0,1517,29297,1698,23189,1517,52486,California
Santa Barbara,2021-02-19,3600,79389,2649,39888,951,39501,0,0,2333,30365,1265,24454,2333,54819,California
Santa Barbara,2021-02-20,2219,81608,1428,41316,791,40292,0,0,1669,31494,541,24995,1670,56489,California
Santa Barbara,2021-02-21,103,81711,77,41393,26,40318,0,0,51,31493,52,25047,51,56540,California
Santa Barbara,2021-02-22,906,82617,229,41622,677,40995,0,0,252,31098,647,25694,252,56792,California
Santa Barbara,2021-02-23,3178,85795,1042,42664,2136,43131,0,0,422,28766,2754,28448,422,57214,California
Santa Barbara,2021-02-24,3158,88953,1080,43744,2078,45209,0,0,710,27036,2440,30888,710,57924,California
Santa Barbara,2021-02-25,3451,92404,1917,45661,1534,46743,0,0,986,25564,2458,33346,986,58910,California
Santa Barbara,2021-02-26,3632,96036,2168,47829,1464,48207,0,0,1977,25892,1650,34996,1978,60888,California
Santa Barbara,2021-02-27,1517,97553,561,48390,956,49163,0,0,840,26063,672,35668,843,61731,California
Santa Barbara,2021-02-28,1071,98624,215,48605,856,50019,0,0,883,26762,185,35853,884,62615,California
Santa Barbara,2021-03-01,1580,100204,458,49063,1122,51141,0,0,1068,27323,509,36362,1070,63685,California
Santa Barbara,2021-03-02,2479,102683,388,49451,2091,53232,0,0,2011,28874,460,36822,2011,65696,California
Santa Barbara,2021-03-03,4448,107131,2067,51518,2379,55611,2,2,3881,32204,557,37379,3887,69583,California
Santa Barbara,2021-03-04,3348,110479,2249,53767,1099,56710,0,2,2811,34485,531,37910,2812,72395,California
Santa Barbara,2021-03-05,3739,114218,2153,55920,1530,58240,56,58,3043,36894,691,38601,3100,75495,California
Santa Barbara,2021-03-06,2367,116585,703,56623,1465,59705,199,257,1627,37981,738,39339,1825,77320,California
Santa Barbara,2021-03-07,544,117129,123,56746,305,60010,116,373,381,38316,163,39502,498,77818,California
Santa Barbara,2021-03-08,1515,118644,368,57114,835,60845,312,685,768,38653,743,40245,1080,78898,California
Santa Barbara,2021-03-09,2666,121310,325,57439,1630,62475,711,1396,682,38065,1980,42225,1392,80290,California
Santa Barbara,2021-03-10,2425,123735,414,57853,1108,63583,903,2299,863,38275,1556,43781,1766,82056,California
Santa Barbara,2021-03-11,5287,129022,2934,60787,1328,64911,1025,3324,2133,38286,3147,46928,3158,85214,California
Santa Barbara,2021-03-12,2965,131987,1793,62580,828,65739,344,3668,1820,39309,1142,48070,2165,87379,California
Santa Barbara,2021-03-13,2705,134692,1492,64072,1070,66809,143,3811,2180,41110,524,48594,2325,89704,California
Santa Barbara,2021-03-14,493,135185,241,64313,198,67007,54,3865,287,41245,206,48800,341,90045,California
Santa Barbara,2021-03-15,2038,137223,667,64980,1109,68116,262,4127,1234,41942,800,49600,1497,91542,California
Santa Barbara,2021-03-16,3538,140761,1132,66112,2070,70186,336,4463,2562,43868,972,50572,2898,94440,California
Santa Barbara,2021-03-17,3121,143882,881,66993,1842,72028,398,4861,2173,45494,946,51518,2572,97012,California
Santa Barbara,2021-03-18,3533,147415,2204,69197,1173,73201,156,5017,2494,47116,1030,52548,2652,99664,California
Santa Barbara,2021-03-19,3348,150763,1998,71195,1034,74235,316,5333,2168,48425,1177,53725,2486,102150,California
Santa Barbara,2021-03-20,1551,152314,672,71867,872,75107,7,5340,973,48828,577,54302,980,103130,California
Santa Barbara,2021-03-21,1132,153446,368,72235,734,75841,30,5370,812,49354,317,54619,843,103973,California
Santa Barbara,2021-03-22,2716,156162,1858,74093,812,76653,46,5416,2169,51032,541,55160,2219,106192,California
Santa Barbara,2021-03-23,4295,160457,2205,76298,1996,78649,94,5510,3546,53931,742,55902,3641,109833,California
Santa Barbara,2021-03-24,5220,165677,3036,79334,1460,80109,724,6234,2816,55083,2387,58289,3539,113372,California
Santa Barbara,2021-03-25,5389,171066,3210,82544,2018,82127,161,6395,2674,55219,2702,60991,2838,116210,California
Santa Barbara,2021-03-26,5005,176071,3163,85707,1547,83674,295,6690,2185,54895,2806,63797,2482,118692,California
Santa Barbara,2021-03-27,2866,178937,1207,86914,1620,85294,39,6729,1576,55233,1284,65081,1622,120314,California
Santa Barbara,2021-03-28,2670,181607,1585,88499,1057,86351,28,6757,1804,56204,863,65944,1834,122148,California
Santa Barbara,2021-03-29,3861,185468,2016,90515,1787,88138,58,6815,3144,58700,714,66658,3210,125358,California
Santa Barbara,2021-03-30,6381,191849,3282,93797,3049,91187,50,6865,4286,60959,2085,68743,4344,129702,California
Santa Barbara,2021-03-31,4452,196301,3017,96814,1416,92603,19,6884,2270,61178,2172,70915,2391,132093,California
Santa Clara,2020-12-15,63,63,63,63,0,0,0,0,63,63,0,0,63,63,California
Santa Clara,2020-12-16,132,195,132,195,0,0,0,0,132,195,0,0,132,195,California
Santa Clara,2020-12-17,453,648,453,648,0,0,0,0,453,648,0,0,453,648,California
Santa Clara,2020-12-18,1720,2368,1720,2368,0,0,0,0,1720,2368,0,0,1720,2368,California
Santa Clara,2020-12-19,2110,4478,2110,4478,0,0,0,0,2108,4475,1,1,2108,4476,California
Santa Clara,2020-12-20,1874,6352,1868,6346,6,6,0,0,1871,6346,0,1,1871,6347,California
Santa Clara,2020-12-21,2646,8998,2646,8992,0,6,0,0,2643,8988,1,2,2643,8990,California
Santa Clara,2020-12-22,3104,12102,3095,12087,9,15,0,0,3102,12090,0,2,3102,12092,California
Santa Clara,2020-12-23,3232,15334,3047,15134,185,200,0,0,3230,15320,0,2,3230,15322,California
Santa Clara,2020-12-24,1887,17221,1698,16832,189,389,0,0,1881,17200,1,3,1881,17203,California
Santa Clara,2020-12-25,337,17558,336,17168,1,390,0,0,337,17537,0,3,337,17540,California
Santa Clara,2020-12-26,1257,18815,1026,18194,231,621,0,0,1256,18793,0,3,1256,18796,California
Santa Clara,2020-12-27,635,19450,498,18692,137,758,0,0,635,19428,0,3,635,19431,California
Santa Clara,2020-12-28,2322,21772,1720,20412,602,1360,0,0,2322,21750,0,3,2322,21753,California
Santa Clara,2020-12-29,2321,24093,1458,21870,863,2223,0,0,2319,24069,0,3,2319,24072,California
Santa Clara,2020-12-30,2970,27063,1882,23752,1088,3311,0,0,2970,27039,0,3,2970,27042,California
Santa Clara,2020-12-31,1200,28263,385,24137,815,4126,0,0,1199,28237,1,4,1199,28241,California
Santa Clara,2021-01-01,132,28395,5,24142,127,4253,0,0,132,28369,0,4,132,28373,California
Santa Clara,2021-01-02,1081,29476,811,24953,270,4523,0,0,1081,29450,0,4,1081,29454,California
Santa Clara,2021-01-03,583,30059,367,25320,216,4739,0,0,581,30029,2,6,581,30035,California
Santa Clara,2021-01-04,2473,32532,1669,26989,804,5543,0,0,2470,32498,1,7,2470,32505,California
Santa Clara,2021-01-05,3051,35583,1995,28984,1056,6599,0,0,2866,35183,184,191,2869,35374,California
Santa Clara,2021-01-06,3299,38882,1941,30925,1358,7957,0,0,2732,37351,564,755,2732,38106,California
Santa Clara,2021-01-07,4128,43010,2469,33394,1659,9616,0,0,3102,39444,1016,1771,3109,41215,California
Santa Clara,2021-01-08,5850,48860,3827,37221,2023,11639,0,0,3791,41181,2054,3825,3791,45006,California
Santa Clara,2021-01-09,2985,51845,1877,39098,1108,12747,0,0,1710,41621,1275,5100,1715,46721,California
Santa Clara,2021-01-10,1865,53710,1423,40521,442,13189,0,0,727,41211,1137,6237,727,47448,California
Santa Clara,2021-01-11,5594,59304,3403,43924,2191,15380,0,0,3276,42174,2318,8555,3281,50729,California
Santa Clara,2021-01-12,6666,65970,3277,47201,3389,18769,0,0,4491,44498,2175,10730,4499,55228,California
Santa Clara,2021-01-13,7389,73359,3056,50257,4333,23102,0,0,5218,47561,2168,12898,5231,60459,California
Santa Clara,2021-01-14,8146,81505,2706,52963,5440,28542,0,0,6488,52403,1655,14553,6497,66956,California
Santa Clara,2021-01-15,9570,91075,2929,55892,6641,35183,0,0,8110,59074,1456,16009,8127,75083,California
Santa Clara,2021-01-16,4441,95516,1309,57201,3132,38315,0,0,3543,61726,895,16904,3547,78630,California
Santa Clara,2021-01-17,3234,98750,613,57814,2621,40936,0,0,2731,63956,501,17405,2731,81361,California
Santa Clara,2021-01-18,5208,103958,1252,59066,3956,44892,0,0,4563,67876,645,18050,4565,85926,California
Santa Clara,2021-01-19,8397,112355,2619,61685,5778,50670,0,0,6752,72993,1643,19693,6760,92686,California
Santa Clara,2021-01-20,7947,120302,3999,65684,3948,54618,0,0,6427,77904,1517,21210,6428,99114,California
Santa Clara,2021-01-21,8471,128773,3626,69310,4845,59463,0,0,7327,84091,1141,22351,7328,106442,California
Santa Clara,2021-01-22,8658,137431,3277,72587,5381,64844,0,0,8013,91462,644,22995,8015,114457,California
Santa Clara,2021-01-23,3778,141209,1683,74270,2095,66939,0,0,2823,93330,955,23950,2823,117280,California
Santa Clara,2021-01-24,2886,144095,1469,75739,1417,68356,0,0,2353,95151,532,24482,2353,119633,California
Santa Clara,2021-01-25,8302,152397,3728,79467,4574,72930,0,0,6293,99458,2003,26485,6310,125943,California
Santa Clara,2021-01-26,8170,160567,3763,83230,4407,77337,0,0,6029,103365,2130,28615,6037,131980,California
Santa Clara,2021-01-27,8529,169096,3744,86974,4785,82122,0,0,6673,108201,1838,30453,6674,138654,California
Santa Clara,2021-01-28,9373,178469,3783,90757,5590,87712,0,0,7408,113672,1941,32394,7412,146066,California
Santa Clara,2021-01-29,9443,187912,3884,94641,5559,93271,0,0,7330,118899,2103,34497,7330,153396,California
Santa Clara,2021-01-30,3900,191812,1799,96440,2101,95372,0,0,2956,120914,942,35439,2957,156353,California
Santa Clara,2021-01-31,2566,194378,1700,98140,866,96238,0,0,1576,121508,983,36422,1577,157930,California
Santa Clara,2021-02-01,7789,202167,3456,101596,4333,100571,0,0,6118,125965,1663,38085,6120,164050,California
Santa Clara,2021-02-02,7988,210155,2851,104447,5137,105708,0,0,6011,130006,1973,40058,6014,170064,California
Santa Clara,2021-02-03,9120,219275,3469,107916,5651,111359,0,0,6866,134628,2249,42307,6871,176935,California
Santa Clara,2021-02-04,10493,229768,4115,112031,6378,117737,0,0,8259,140663,2227,44534,8262,185197,California
Santa Clara,2021-02-05,11875,241643,4324,116355,7551,125288,0,0,8430,145665,3429,47963,8431,193628,California
Santa Clara,2021-02-06,5102,246745,2792,119147,2310,127598,0,0,3989,148544,1110,49073,3989,197617,California
Santa Clara,2021-02-07,3466,250211,2348,121495,1118,128716,0,0,3022,151124,442,49515,3022,200639,California
Santa Clara,2021-02-08,9985,260196,3478,124973,6507,135223,0,0,7264,155684,2706,52221,7266,207905,California
Santa Clara,2021-02-09,10731,270927,3801,128774,6930,142153,0,0,7273,159510,3449,55670,7275,215180,California
Santa Clara,2021-02-10,12615,283542,4894,133668,7721,149874,0,0,6897,160704,5706,61376,6900,222080,California
Santa Clara,2021-02-11,13151,296693,4629,138297,8522,158396,0,0,7424,162415,5715,67091,7426,229506,California
Santa Clara,2021-02-12,14542,311235,4473,142770,10069,168465,0,0,7042,161974,7484,74575,7043,236549,California
Santa Clara,2021-02-13,6073,317308,1441,144211,4632,173097,0,0,2217,160340,3852,78427,2218,238767,California
Santa Clara,2021-02-14,4628,321936,1141,145352,3487,176584,0,0,1493,158699,3134,81561,1493,240260,California
Santa Clara,2021-02-15,6221,328157,2778,148130,3443,180027,0,0,2678,157844,3537,85098,2682,242942,California
Santa Clara,2021-02-16,13543,341700,3991,152121,9552,189579,0,0,6725,157768,6801,91899,6725,249667,California
Santa Clara,2021-02-17,14000,355700,5488,157609,8512,198091,0,0,7021,157829,6965,98864,7026,256693,California
Santa Clara,2021-02-18,13624,369324,8339,165948,5285,203376,0,0,6990,158207,6613,105477,6991,263684,California
Santa Clara,2021-02-19,14689,384013,9530,175478,5159,208535,0,0,8527,160591,6144,111621,8528,272212,California
Santa Clara,2021-02-20,6815,390828,5098,180576,1717,210252,0,0,3689,161163,3117,114738,3689,275901,California
Santa Clara,2021-02-21,3228,394056,2412,182988,816,211068,0,0,1168,160280,2053,116791,1170,277071,California
Santa Clara,2021-02-22,10089,404145,6042,189030,4047,215115,0,0,4754,159711,5324,122115,4755,281826,California
Santa Clara,2021-02-23,11734,415879,7682,196712,4052,219167,0,0,6667,161336,5057,127172,6682,288508,California
Santa Clara,2021-02-24,13991,429870,9074,205786,4917,224084,0,0,8702,164769,5272,132444,8705,297213,California
Santa Clara,2021-02-25,13957,443827,9195,214981,4762,228846,0,0,7619,166070,6320,138764,7621,304834,California
Santa Clara,2021-02-26,14475,458302,8372,223353,6103,234949,0,0,7958,167544,6492,145256,7966,312800,California
Santa Clara,2021-02-27,8048,466350,5508,228861,2540,237489,0,0,4466,168444,3574,148830,4474,317274,California
Santa Clara,2021-02-28,4683,471033,3064,231925,1619,239108,0,0,2185,168139,2490,151320,2185,319459,California
Santa Clara,2021-03-01,13993,485026,7947,239872,6045,245153,1,1,8670,171504,5308,156628,8673,328132,California
Santa Clara,2021-03-02,13582,498608,8191,248063,5391,250544,0,1,9133,176216,4425,161053,9137,337269,California
Santa Clara,2021-03-03,16955,515563,8310,256373,8644,259188,1,2,10292,179892,6623,167676,10299,347568,California
Santa Clara,2021-03-04,14159,529722,7859,264232,6298,265486,2,4,8043,181855,6083,173759,8046,355614,California
Santa Clara,2021-03-05,14495,544217,8424,272656,5948,271434,123,127,7623,182768,6848,180607,7761,363375,California
Santa Clara,2021-03-06,8893,553110,5981,278637,2465,273899,447,574,6666,187671,2212,182819,7115,370490,California
Santa Clara,2021-03-07,6426,559536,4156,282793,2047,275946,223,797,5109,191697,1309,184128,5335,375825,California
Santa Clara,2021-03-08,12449,571985,6465,289258,5513,281459,471,1268,7956,195657,4471,188599,8431,384256,California
Santa Clara,2021-03-09,11974,583959,5242,294500,5595,287054,1137,2405,5689,196215,6271,194870,6829,391085,California
Santa Clara,2021-03-10,14399,598358,6259,300759,6367,293421,1773,4178,5872,195356,8504,203374,7645,398730,California
Santa Clara,2021-03-11,15498,613856,7234,307993,7041,300462,1223,5401,5269,191643,10205,213579,6492,405222,California
Santa Clara,2021-03-12,15510,629366,8002,315995,6352,306814,1156,6557,5287,187903,10192,223771,6452,411674,California
Santa Clara,2021-03-13,9637,639003,5624,321619,2626,309440,1387,7944,4294,188259,5324,229095,5680,417354,California
Santa Clara,2021-03-14,6061,645064,3232,324851,1569,311009,1260,9204,2959,189385,3091,232186,4217,421571,California
Santa Clara,2021-03-15,12732,657796,6458,331309,5999,317008,275,9479,5964,188886,6741,238927,6242,427813,California
Santa Clara,2021-03-16,17319,675115,10245,341554,6862,323870,212,9691,8385,188578,8907,247834,8599,436412,California
Santa Clara,2021-03-17,18868,693983,10685,352239,8009,331879,174,9865,9616,189167,9204,257038,9793,446205,California
Santa Clara,2021-03-18,15015,708998,7322,359561,6796,338675,897,10762,6857,188805,8117,265155,7755,453960,California
Santa Clara,2021-03-19,14320,723318,7430,366991,6106,344781,784,11546,7620,190547,6663,271818,8405,462365,California
Santa Clara,2021-03-20,8373,731691,4689,371680,3177,347958,507,12053,5176,193050,3180,274998,5683,468048,California
Santa Clara,2021-03-21,8158,739849,3701,375381,3101,351059,1356,13409,5503,197266,2645,277643,6861,474909,California
Santa Clara,2021-03-22,16173,756022,9119,384500,6700,357759,354,13763,9335,200149,6819,284462,9702,484611,California
Santa Clara,2021-03-23,18632,774654,12216,396716,6195,363954,221,13984,11492,204764,7107,291569,11722,496333,California
Santa Clara,2021-03-24,21608,796262,14215,410931,7239,371193,154,14138,14309,212146,7265,298834,14647,510980,California
Santa Clara,2021-03-25,21007,817269,12742,423673,7518,378711,747,14885,13413,219297,7544,306378,14695,525675,California
Santa Clara,2021-03-26,20913,838182,13257,436930,7267,385978,389,15274,13262,225776,7624,314002,14103,539778,California
Santa Clara,2021-03-27,14291,852473,9616,446546,4170,390148,505,15779,7805,227953,6462,320464,8639,548417,California
Santa Clara,2021-03-28,10992,863465,7903,454449,2666,392814,423,16202,6348,230278,4625,325089,6950,555367,California
Santa Clara,2021-03-29,19570,883035,11921,466370,6920,399734,729,16931,10598,232768,8945,334034,11435,566802,California
Santa Clara,2021-03-30,22636,905671,14087,480457,7871,407605,678,17609,15259,241752,7353,341387,16337,583139,California
Santa Clara,2021-03-31,11920,917591,7372,487829,4025,411630,523,18132,8261,246997,3642,345029,8887,592026,California
Santa Cruz,2020-12-15,2,2,2,2,0,0,0,0,2,2,0,0,2,2,California
Santa Cruz,2020-12-16,57,59,57,59,0,0,0,0,57,59,0,0,57,59,California
Santa Cruz,2020-12-17,390,449,390,449,0,0,0,0,390,449,0,0,390,449,California
Santa Cruz,2020-12-18,466,915,466,915,0,0,0,0,466,915,0,0,466,915,California
Santa Cruz,2020-12-19,176,1091,175,1090,1,1,0,0,176,1091,0,0,176,1091,California
Santa Cruz,2020-12-20,95,1186,95,1185,0,1,0,0,95,1186,0,0,95,1186,California
Santa Cruz,2020-12-21,429,1615,429,1614,0,1,0,0,429,1615,0,0,429,1615,California
Santa Cruz,2020-12-22,423,2038,422,2036,1,2,0,0,423,2038,0,0,423,2038,California
Santa Cruz,2020-12-23,372,2410,330,2366,42,44,0,0,372,2410,0,0,372,2410,California
Santa Cruz,2020-12-24,126,2536,51,2417,75,119,0,0,126,2536,0,0,126,2536,California
Santa Cruz,2020-12-25,11,2547,11,2428,0,119,0,0,11,2547,0,0,11,2547,California
Santa Cruz,2020-12-26,64,2611,45,2473,19,138,0,0,64,2611,0,0,64,2611,California
Santa Cruz,2020-12-27,32,2643,27,2500,5,143,0,0,32,2643,0,0,32,2643,California
Santa Cruz,2020-12-28,482,3125,107,2607,375,518,0,0,482,3125,0,0,482,3125,California
Santa Cruz,2020-12-29,794,3919,367,2974,427,945,0,0,794,3919,0,0,794,3919,California
Santa Cruz,2020-12-30,357,4276,165,3139,192,1137,0,0,357,4276,0,0,357,4276,California
Santa Cruz,2020-12-31,314,4590,11,3150,303,1440,0,0,314,4590,0,0,314,4590,California
Santa Cruz,2021-01-01,32,4622,0,3150,32,1472,0,0,32,4622,0,0,32,4622,California
Santa Cruz,2021-01-02,70,4692,56,3206,14,1486,0,0,70,4692,0,0,70,4692,California
Santa Cruz,2021-01-03,15,4707,7,3213,8,1494,0,0,15,4707,0,0,15,4707,California
Santa Cruz,2021-01-04,280,4987,123,3336,157,1651,0,0,278,4984,1,1,278,4985,California
Santa Cruz,2021-01-05,565,5552,428,3764,137,1788,0,0,263,4945,302,303,263,5248,California
Santa Cruz,2021-01-06,804,6356,670,4434,134,1922,0,0,466,5074,337,640,466,5714,California
Santa Cruz,2021-01-07,538,6894,210,4644,328,2250,0,0,387,5311,151,791,388,6102,California
Santa Cruz,2021-01-08,935,7829,562,5206,373,2623,0,0,486,5350,448,1239,487,6589,California
Santa Cruz,2021-01-09,462,8291,121,5327,341,2964,0,0,410,5708,52,1291,410,6999,California
Santa Cruz,2021-01-10,72,8363,62,5389,10,2974,0,0,18,5672,54,1345,18,7017,California
Santa Cruz,2021-01-11,716,9079,582,5971,134,3108,0,0,192,5340,524,1869,192,7209,California
Santa Cruz,2021-01-12,733,9812,529,6500,204,3312,0,0,491,5589,242,2111,491,7700,California
Santa Cruz,2021-01-13,521,10333,227,6727,294,3606,0,0,436,5944,82,2193,437,8137,California
Santa Cruz,2021-01-14,543,10876,93,6820,450,4056,0,0,484,6369,59,2252,484,8621,California
Santa Cruz,2021-01-15,1467,12343,91,6911,1376,5432,0,0,1392,7688,74,2326,1393,10014,California
Santa Cruz,2021-01-16,435,12778,63,6974,372,5804,0,0,408,8069,27,2353,408,10422,California
Santa Cruz,2021-01-17,284,13062,31,7005,253,6057,0,0,266,8317,18,2371,266,10688,California
Santa Cruz,2021-01-18,1025,14087,113,7118,912,6969,0,0,956,9204,69,2440,956,11644,California
Santa Cruz,2021-01-19,1622,15709,522,7640,1100,8069,0,0,1270,10125,350,2790,1271,12915,California
Santa Cruz,2021-01-20,1231,16940,182,7822,1049,9118,0,0,1036,10969,192,2982,1036,13951,California
Santa Cruz,2021-01-21,1699,18639,197,8019,1502,10620,0,0,1594,12459,105,3087,1595,15546,California
Santa Cruz,2021-01-22,1798,20437,535,8554,1263,11883,0,0,1694,14053,101,3188,1695,17241,California
Santa Cruz,2021-01-23,401,20838,144,8698,257,12140,0,0,342,14337,58,3246,342,17583,California
Santa Cruz,2021-01-24,116,20954,21,8719,95,12235,0,0,97,14415,19,3265,97,17680,California
Santa Cruz,2021-01-25,1058,22012,360,9079,698,12933,0,0,550,14459,508,3773,552,18232,California
Santa Cruz,2021-01-26,1676,23688,247,9326,1429,14362,0,0,1164,15112,512,4285,1165,19397,California
Santa Cruz,2021-01-27,1639,25327,445,9771,1194,15556,0,0,1256,15986,382,4667,1256,20653,California
Santa Cruz,2021-01-28,1743,27070,289,10060,1454,17010,0,0,1470,17185,272,4939,1471,22124,California
Santa Cruz,2021-01-29,1732,28802,486,10546,1246,18256,0,0,1603,18660,128,5067,1603,23727,California
Santa Cruz,2021-01-30,1053,29855,301,10847,752,19008,0,0,926,19459,127,5194,926,24653,California
Santa Cruz,2021-01-31,229,30084,124,10971,105,19113,0,0,204,19638,25,5219,204,24857,California
Santa Cruz,2021-02-01,1226,31310,757,11728,469,19582,0,0,819,20051,407,5626,820,25677,California
Santa Cruz,2021-02-02,1008,32318,130,11858,878,20460,0,0,854,20752,153,5779,854,26531,California
Santa Cruz,2021-02-03,2197,34515,943,12801,1254,21714,0,0,1889,22337,304,6083,1889,28420,California
Santa Cruz,2021-02-04,1827,36342,772,13573,1055,22769,0,0,1491,23493,335,6418,1491,29911,California
Santa Cruz,2021-02-05,3164,39506,791,14364,2373,25142,0,0,2843,26017,319,6737,2843,32754,California
Santa Cruz,2021-02-06,2579,42085,164,14528,2415,27557,0,0,2231,27900,348,7085,2231,34985,California
Santa Cruz,2021-02-07,909,42994,121,14649,788,28345,0,0,892,28775,17,7102,892,35877,California
Santa Cruz,2021-02-08,717,43711,203,14852,514,28859,0,0,518,29095,198,7300,518,36395,California
Santa Cruz,2021-02-09,2375,46086,1052,15904,1323,30182,0,0,2112,30948,259,7559,2112,38507,California
Santa Cruz,2021-02-10,2190,48276,578,16482,1612,31794,0,0,1498,31759,689,8248,1500,40007,California
Santa Cruz,2021-02-11,1840,50116,312,16794,1528,33322,0,0,1319,32559,519,8767,1319,41326,California
Santa Cruz,2021-02-12,3198,53314,424,17218,2774,36096,0,0,1793,32957,1397,10164,1795,43121,California
Santa Cruz,2021-02-13,1706,55020,122,17340,1584,37680,0,0,1293,33837,413,10577,1293,44414,California
Santa Cruz,2021-02-14,1389,56409,72,17412,1317,38997,0,0,1126,34700,263,10840,1126,45540,California
Santa Cruz,2021-02-15,1580,57989,277,17689,1303,40300,0,0,561,34243,1019,11859,562,46102,California
Santa Cruz,2021-02-16,1689,59678,199,17888,1490,41790,0,0,534,33642,1135,12994,534,46636,California
Santa Cruz,2021-02-17,2928,62606,979,18867,1949,43739,0,0,1235,33200,1680,14674,1238,47874,California
Santa Cruz,2021-02-18,2881,65487,638,19505,2243,45982,0,0,1234,32790,1644,16318,1234,49108,California
Santa Cruz,2021-02-19,3261,68748,1148,20653,2113,48095,0,0,2011,33552,1249,17567,2011,51119,California
Santa Cruz,2021-02-20,2377,71125,1497,22150,880,48975,0,0,1887,34949,490,18057,1887,53006,California
Santa Cruz,2021-02-21,795,71920,331,22481,464,49439,0,0,692,35540,101,18158,692,53698,California
Santa Cruz,2021-02-22,1243,73163,960,23441,283,49722,0,0,537,35373,704,18862,537,54235,California
Santa Cruz,2021-02-23,2104,75267,941,24382,1163,50885,0,0,720,34713,1383,20245,723,54958,California
Santa Cruz,2021-02-24,3173,78440,1652,26034,1521,52406,0,0,1216,33978,1953,22198,1218,56176,California
Santa Cruz,2021-02-25,3227,81667,1427,27461,1800,54206,0,0,1773,34307,1447,23645,1776,57952,California
Santa Cruz,2021-02-26,2700,84367,761,28222,1939,56145,0,0,1537,34684,1160,24805,1537,59489,California
Santa Cruz,2021-02-27,2644,87011,936,29158,1708,57853,0,0,1845,35733,798,25603,1847,61336,California
Santa Cruz,2021-02-28,1294,88305,360,29518,934,58787,0,0,1083,36608,208,25811,1083,62419,California
Santa Cruz,2021-03-01,1810,90115,1249,30767,561,59348,0,0,677,36155,1130,26941,677,63096,California
Santa Cruz,2021-03-02,1482,91597,336,31103,1146,60494,0,0,817,36312,663,27604,820,63916,California
Santa Cruz,2021-03-03,2216,93813,583,31686,1633,62127,0,0,1176,36451,1037,28641,1176,65092,California
Santa Cruz,2021-03-04,2758,96571,1359,33045,1398,63525,1,1,1825,37353,924,29565,1826,66918,California
Santa Cruz,2021-03-05,2406,98977,464,33509,1924,65449,18,19,942,36856,1462,31027,965,67883,California
Santa Cruz,2021-03-06,3728,102705,1296,34805,2332,67781,100,119,2028,37288,1700,32727,2132,70015,California
Santa Cruz,2021-03-07,1349,104054,134,34939,1139,68920,76,195,559,37135,789,33516,636,70651,California
Santa Cruz,2021-03-08,1002,105056,230,35169,686,69606,86,281,617,37463,384,33900,712,71363,California
Santa Cruz,2021-03-09,1654,106710,209,35378,1297,70903,148,429,649,37260,1000,34900,797,72160,California
Santa Cruz,2021-03-10,3701,110411,1994,37372,1577,72480,130,559,1844,37386,1853,36753,1979,74139,California
Santa Cruz,2021-03-11,2588,112999,1092,38464,1347,73827,149,708,1383,37717,1202,37955,1533,75672,California
Santa Cruz,2021-03-12,2513,115512,842,39306,1421,75248,250,958,828,37113,1683,39638,1079,76751,California
Santa Cruz,2021-03-13,2031,117543,1276,40582,712,75960,43,1001,1012,37150,1019,40657,1056,77807,California
Santa Cruz,2021-03-14,729,118272,157,40739,558,76518,14,1015,352,37141,375,41032,366,78173,California
Santa Cruz,2021-03-15,1336,119608,477,41216,823,77341,36,1051,572,36988,762,41794,609,78782,California
Santa Cruz,2021-03-16,2315,121923,1087,42303,1185,78526,43,1094,1338,37396,974,42768,1382,80164,California
Santa Cruz,2021-03-17,3763,125686,2166,44469,1585,80111,12,1106,2415,38483,1343,44111,2430,82594,California
Santa Cruz,2021-03-18,3168,128854,1724,46193,1341,81452,103,1209,1595,38610,1572,45683,1699,84293,California
Santa Cruz,2021-03-19,2445,131299,1090,47283,1142,82594,213,1422,1289,38960,1152,46835,1502,85795,California
Santa Cruz,2021-03-20,1471,132770,1084,48367,356,82950,31,1453,752,39027,716,47551,783,86578,California
Santa Cruz,2021-03-21,817,133587,433,48800,268,83218,116,1569,437,39202,379,47930,554,87132,California
Santa Cruz,2021-03-22,1382,134969,857,49657,504,83722,21,1590,959,39763,419,48349,980,88112,California
Santa Cruz,2021-03-23,2562,137531,1433,51090,1084,84806,45,1635,1734,40716,826,49175,1779,89891,California
Santa Cruz,2021-03-24,2957,140488,1952,53042,983,85789,22,1657,1949,41684,1004,50179,1972,91863,California
Santa Cruz,2021-03-25,2567,143055,1285,54327,1247,87036,35,1692,1333,41834,1225,51404,1375,93238,California
Santa Cruz,2021-03-26,2965,146020,1772,56099,1164,88200,29,1721,2010,42932,951,52355,2049,95287,California
Santa Cruz,2021-03-27,2978,148998,1915,58014,1052,89252,11,1732,1350,42692,1619,53974,1379,96666,California
Santa Cruz,2021-03-28,866,149864,564,58578,289,89541,13,1745,462,42770,401,54375,479,97145,California
Santa Cruz,2021-03-29,1884,151748,856,59434,970,90511,58,1803,1197,43347,682,55057,1259,98404,California
Santa Cruz,2021-03-30,2540,154288,732,60166,1678,92189,130,1933,1643,44253,896,55953,1802,100206,California
Santa Cruz,2021-03-31,2453,156741,1512,61678,920,93109,21,1954,1240,44360,1209,57162,1316,101522,California
Shasta,2020-12-16,131,131,131,131,0,0,0,0,131,131,0,0,131,131,California
Shasta,2020-12-17,418,549,418,549,0,0,0,0,418,549,0,0,418,549,California
Shasta,2020-12-18,168,717,168,717,0,0,0,0,168,717,0,0,168,717,California
Shasta,2020-12-19,1,718,1,718,0,0,0,0,1,718,0,0,1,718,California
Shasta,2020-12-21,78,796,78,796,0,0,0,0,78,796,0,0,78,796,California
Shasta,2020-12-22,191,987,186,982,5,5,0,0,191,987,0,0,191,987,California
Shasta,2020-12-23,174,1161,170,1152,4,9,0,0,174,1161,0,0,174,1161,California
Shasta,2020-12-24,18,1179,18,1170,0,9,0,0,18,1179,0,0,18,1179,California
Shasta,2020-12-26,4,1183,1,1171,3,12,0,0,4,1183,0,0,4,1183,California
Shasta,2020-12-27,1,1184,0,1171,1,13,0,0,1,1184,0,0,1,1184,California
Shasta,2020-12-28,40,1224,31,1202,9,22,0,0,40,1224,0,0,40,1224,California
Shasta,2020-12-29,186,1410,185,1387,1,23,0,0,186,1410,0,0,186,1410,California
Shasta,2020-12-30,177,1587,167,1554,10,33,0,0,177,1587,0,0,177,1587,California
Shasta,2020-12-31,82,1669,2,1556,80,113,0,0,82,1669,0,0,82,1669,California
Shasta,2021-01-02,2,1671,0,1556,2,115,0,0,2,1671,0,0,2,1671,California
Shasta,2021-01-03,1,1672,1,1557,0,115,0,0,1,1672,0,0,1,1672,California
Shasta,2021-01-04,347,2019,306,1863,41,156,0,0,348,2020,0,0,348,2020,California
Shasta,2021-01-05,335,2354,314,2177,21,177,0,0,254,2193,81,81,254,2274,California
Shasta,2021-01-06,438,2792,396,2573,42,219,0,0,175,2106,262,343,175,2449,California
Shasta,2021-01-07,116,2908,35,2608,81,300,0,0,95,2180,21,364,95,2544,California
Shasta,2021-01-08,506,3414,446,3054,60,360,0,0,297,2268,209,573,297,2841,California
Shasta,2021-01-09,72,3486,63,3117,9,369,0,0,70,2336,2,575,70,2911,California
Shasta,2021-01-10,5,3491,0,3117,5,374,0,0,4,2340,1,576,5,2916,California
Shasta,2021-01-11,352,3843,185,3302,167,541,0,0,317,2622,35,611,317,3233,California
Shasta,2021-01-12,451,4294,327,3629,124,665,0,0,277,2725,174,785,277,3510,California
Shasta,2021-01-13,541,4835,268,3897,273,938,0,0,371,2926,170,955,371,3881,California
Shasta,2021-01-14,444,5279,48,3945,396,1334,0,0,427,3336,17,972,427,4308,California
Shasta,2021-01-15,635,5914,135,4080,500,1834,0,0,633,3967,2,974,633,4941,California
Shasta,2021-01-16,900,6814,56,4136,844,2678,0,0,897,4861,3,977,897,5838,California
Shasta,2021-01-17,26,6840,6,4142,20,2698,0,0,22,4879,4,981,22,5860,California
Shasta,2021-01-18,599,7439,130,4272,469,3167,0,0,591,5462,8,989,591,6451,California
Shasta,2021-01-19,1019,8458,397,4669,622,3789,0,0,871,6185,148,1137,871,7322,California
Shasta,2021-01-20,668,9126,407,5076,261,4050,0,0,486,6493,178,1315,486,7808,California
Shasta,2021-01-21,630,9756,278,5354,352,4402,0,0,607,7077,23,1338,607,8415,California
Shasta,2021-01-22,445,10201,170,5524,275,4677,0,0,439,7510,6,1344,439,8854,California
Shasta,2021-01-23,69,10270,5,5529,64,4741,0,0,68,7577,1,1345,68,8922,California
Shasta,2021-01-24,26,10296,2,5531,24,4765,0,0,25,7601,1,1346,25,8947,California
Shasta,2021-01-25,752,11048,492,6023,260,5025,0,0,466,7782,285,1631,466,9413,California
Shasta,2021-01-26,709,11757,333,6356,376,5401,0,0,476,8027,231,1862,476,9889,California
Shasta,2021-01-27,460,12217,181,6537,279,5680,0,0,411,8389,49,1911,411,10300,California
Shasta,2021-01-28,853,13070,577,7114,276,5956,0,0,631,8798,222,2133,631,10931,California
Shasta,2021-01-29,829,13899,329,7443,500,6456,0,0,640,9250,189,2322,641,11572,California
Shasta,2021-01-30,614,14513,15,7458,599,7055,0,0,605,9846,9,2331,605,12177,California
Shasta,2021-01-31,28,14541,4,7462,24,7079,0,0,26,9870,2,2333,26,12203,California
Shasta,2021-02-01,502,15043,142,7604,360,7439,0,0,382,10132,120,2453,382,12585,California
Shasta,2021-02-02,953,15996,495,8099,458,7897,0,0,863,10906,89,2542,863,13448,California
Shasta,2021-02-03,657,16653,209,8308,448,8345,0,0,462,11173,195,2737,462,13910,California
Shasta,2021-02-04,1055,17708,658,8966,397,8742,0,0,866,11850,189,2926,866,14776,California
Shasta,2021-02-05,1212,18920,163,9129,1049,9791,0,0,1023,12685,188,3114,1023,15799,California
Shasta,2021-02-06,1725,20645,43,9172,1682,11473,0,0,1701,14362,24,3138,1701,17500,California
Shasta,2021-02-07,25,20670,2,9174,23,11496,0,0,23,14383,2,3140,23,17523,California
Shasta,2021-02-08,543,21213,169,9343,374,11870,0,0,305,14450,238,3378,305,17828,California
Shasta,2021-02-09,1026,22239,649,9992,377,12247,0,0,676,14776,350,3728,676,18504,California
Shasta,2021-02-10,1083,23322,782,10774,301,12548,0,0,592,14878,491,4219,593,19097,California
Shasta,2021-02-11,787,24109,189,10963,598,13146,0,0,306,14708,476,4695,306,19403,California
Shasta,2021-02-12,1658,25767,1139,12102,519,13665,0,0,1167,15384,491,5186,1167,20570,California
Shasta,2021-02-13,1382,27149,368,12470,1014,14679,0,0,569,15141,814,6000,571,21141,California
Shasta,2021-02-14,149,27298,4,12474,145,14824,0,0,124,15240,25,6025,124,21265,California
Shasta,2021-02-15,385,27683,94,12568,291,15115,0,0,217,15289,168,6193,217,21482,California
Shasta,2021-02-16,1083,28766,513,13081,570,15685,0,0,317,14841,765,6958,317,21799,California
Shasta,2021-02-17,981,29747,435,13516,546,16231,0,0,369,14598,612,7570,369,22168,California
Shasta,2021-02-18,870,30617,439,13955,431,16662,0,0,418,14564,452,8022,418,22586,California
Shasta,2021-02-19,1051,31668,660,14615,391,17053,0,0,610,14733,441,8463,610,23196,California
Shasta,2021-02-20,757,32425,88,14703,669,17722,0,0,295,14566,462,8925,295,23491,California
Shasta,2021-02-21,34,32459,4,14707,30,17752,0,0,10,14553,23,8948,10,23501,California
Shasta,2021-02-22,343,32802,68,14775,275,18027,0,0,100,14410,243,9191,100,23601,California
Shasta,2021-02-23,801,33603,466,15241,335,18362,0,0,216,14041,585,9776,216,23817,California
Shasta,2021-02-24,882,34485,501,15742,381,18743,0,0,270,13701,610,10386,270,24087,California
Shasta,2021-02-25,467,34952,155,15897,312,19055,0,0,154,13544,311,10697,154,24241,California
Shasta,2021-02-26,784,35736,88,15985,696,19751,0,0,324,13410,458,11155,324,24565,California
Shasta,2021-02-27,813,36549,32,16017,781,20532,0,0,187,12974,624,11779,188,24753,California
Shasta,2021-02-28,181,36730,5,16022,176,20708,0,0,132,13057,49,11828,132,24885,California
Shasta,2021-03-01,564,37294,64,16086,500,21208,0,0,272,13038,291,12119,272,25157,California
Shasta,2021-03-02,929,38223,466,16552,463,21671,0,0,264,12639,663,12782,264,25421,California
Shasta,2021-03-03,559,38782,122,16674,437,22108,0,0,170,12420,389,13171,170,25591,California
Shasta,2021-03-04,1030,39812,499,17173,531,22639,0,0,638,12667,391,13562,638,26229,California
Shasta,2021-03-05,943,40755,154,17327,762,23401,27,27,299,12351,642,14204,326,26555,California
Shasta,2021-03-06,818,41573,382,17709,392,23793,44,71,191,11960,626,14830,235,26790,California
Shasta,2021-03-07,92,41665,5,17714,57,23850,30,101,40,11978,52,14882,70,26860,California
Shasta,2021-03-08,550,42215,53,17767,359,24209,138,239,140,11849,407,15289,278,27138,California
Shasta,2021-03-09,552,42767,49,17816,342,24551,161,400,207,11872,345,15634,368,27506,California
Shasta,2021-03-10,658,43425,243,18059,330,24881,85,485,133,11565,524,16158,217,27723,California
Shasta,2021-03-11,937,44362,157,18216,579,25460,201,686,597,12023,340,16498,798,28521,California
Shasta,2021-03-12,616,44978,117,18333,317,25777,182,868,245,12080,370,16868,427,28948,California
Shasta,2021-03-13,665,45643,410,18743,164,25941,91,959,473,12452,192,17060,564,29512,California
Shasta,2021-03-14,278,45921,12,18755,243,26184,23,982,196,12589,82,17142,219,29731,California
Shasta,2021-03-15,483,46404,37,18792,346,26530,100,1082,199,12605,282,17424,298,30029,California
Shasta,2021-03-16,966,47370,144,18936,758,27288,64,1146,695,13093,271,17695,759,30788,California
Shasta,2021-03-17,645,48015,181,19117,415,27703,49,1195,366,13238,270,17965,415,31203,California
Shasta,2021-03-18,868,48883,208,19325,566,28269,94,1289,624,13718,241,18206,721,31924,California
Shasta,2021-03-19,506,49389,148,19473,310,28579,48,1337,323,13908,182,18388,372,32296,California
Shasta,2021-03-20,601,49990,446,19919,144,28723,11,1348,512,14342,89,18477,523,32819,California
Shasta,2021-03-21,293,50283,281,20200,3,28726,9,1357,270,14599,23,18500,280,33099,California
Shasta,2021-03-22,325,50608,48,20248,248,28974,29,1386,180,14665,143,18643,209,33308,California
Shasta,2021-03-23,787,51395,156,20404,572,29546,59,1445,602,15146,180,18823,661,33969,California
Shasta,2021-03-24,507,51902,158,20562,314,29860,35,1480,373,15421,133,18956,408,34377,California
Shasta,2021-03-25,727,52629,169,20731,541,30401,17,1497,588,15892,137,19093,608,34985,California
Shasta,2021-03-26,669,53298,249,20980,389,30790,31,1528,322,15904,346,19439,358,35343,California
Shasta,2021-03-27,1533,54831,386,21366,313,31103,834,2362,550,16308,980,20419,1384,36727,California
Shasta,2021-03-28,395,55226,292,21658,93,31196,10,2372,293,16510,101,20520,303,37030,California
Shasta,2021-03-29,409,55635,53,21711,345,31541,11,2383,153,16421,254,20774,165,37195,California
Shasta,2021-03-30,517,56152,177,21888,332,31873,8,2391,313,16543,201,20975,323,37518,California
Shasta,2021-03-31,272,56424,67,21955,205,32078,0,2391,145,16581,126,21101,164,37682,California
Sierra,2020-12-18,1,1,1,1,0,0,0,0,1,1,0,0,1,1,California
Sierra,2020-12-21,2,3,2,3,0,0,0,0,2,3,0,0,2,3,California
Sierra,2020-12-22,12,15,12,15,0,0,0,0,12,15,0,0,12,15,California
Sierra,2020-12-23,4,19,4,19,0,0,0,0,4,19,0,0,4,19,California
Sierra,2020-12-28,1,20,0,19,1,1,0,0,1,20,0,0,1,20,California
Sierra,2020-12-29,49,69,7,26,42,43,0,0,49,69,0,0,49,69,California
Sierra,2020-12-30,2,71,0,26,2,45,0,0,2,71,0,0,2,71,California
Sierra,2020-12-31,12,83,0,26,12,57,0,0,12,83,0,0,12,83,California
Sierra,2021-01-05,67,150,3,29,64,121,0,0,67,150,0,0,67,150,California
Sierra,2021-01-06,1,151,1,30,0,121,0,0,1,151,0,0,1,151,California
Sierra,2021-01-07,20,171,1,31,19,140,0,0,19,169,1,1,19,170,California
Sierra,2021-01-08,1,172,1,32,0,140,0,0,1,170,0,1,1,171,California
Sierra,2021-01-11,3,175,3,35,0,140,0,0,0,167,3,4,0,171,California
Sierra,2021-01-12,40,215,12,47,28,168,0,0,28,183,12,16,28,199,California
Sierra,2021-01-13,4,219,3,50,1,169,0,0,1,181,3,19,1,200,California
Sierra,2021-01-14,35,254,2,52,33,202,0,0,35,216,0,19,35,235,California
Sierra,2021-01-15,2,256,1,53,1,203,0,0,2,218,0,19,2,237,California
Sierra,2021-01-18,2,258,0,53,2,205,0,0,2,220,0,19,2,239,California
Sierra,2021-01-19,32,290,0,53,32,237,0,0,32,252,0,19,32,271,California
Sierra,2021-01-20,1,291,1,54,0,237,0,0,1,253,0,19,1,272,California
Sierra,2021-01-21,55,346,0,54,55,292,0,0,55,308,0,19,55,327,California
Sierra,2021-01-22,1,347,0,54,1,293,0,0,1,309,0,19,1,328,California
Sierra,2021-01-23,2,349,0,54,2,295,0,0,2,311,0,19,2,330,California
Sierra,2021-01-26,64,413,1,55,63,358,0,0,26,299,38,57,26,356,California
Sierra,2021-01-27,4,417,4,59,0,358,0,0,0,295,4,61,0,356,California
Sierra,2021-01-28,53,470,0,59,53,411,0,0,44,330,9,70,44,400,California
Sierra,2021-01-29,1,471,0,59,1,412,0,0,1,331,0,70,1,401,California
Sierra,2021-01-30,3,474,3,62,0,412,0,0,2,332,1,71,2,403,California
Sierra,2021-02-01,1,475,0,62,1,413,0,0,0,331,1,72,0,403,California
Sierra,2021-02-02,58,533,0,62,58,471,0,0,18,309,40,112,18,421,California
Sierra,2021-02-03,6,539,5,67,1,472,0,0,5,313,1,113,5,426,California
Sierra,2021-02-04,106,645,6,73,100,572,0,0,57,321,49,162,57,483,California
Sierra,2021-02-05,5,650,3,76,2,574,0,0,4,324,1,163,4,487,California
Sierra,2021-02-09,54,704,1,77,53,627,0,0,52,374,2,165,52,539,California
Sierra,2021-02-10,5,709,2,79,3,630,0,0,4,377,1,166,4,543,California
Sierra,2021-02-11,198,907,1,80,197,827,0,0,135,449,63,229,135,678,California
Sierra,2021-02-12,20,927,0,80,20,847,0,0,20,469,0,229,20,698,California
Sierra,2021-02-14,1,928,0,80,1,848,0,0,1,470,0,229,1,699,California
Sierra,2021-02-15,1,929,1,81,0,848,0,0,0,469,1,230,0,699,California
Sierra,2021-02-16,43,972,0,81,43,891,0,0,10,446,33,263,10,709,California
Sierra,2021-02-17,3,975,0,81,3,894,0,0,1,445,2,265,1,710,California
Sierra,2021-02-18,146,1121,0,81,146,1040,0,0,94,487,52,317,94,804,California
Sierra,2021-02-19,1,1122,1,82,0,1040,0,0,1,488,0,317,1,805,California
Sierra,2021-02-20,2,1124,2,84,0,1040,0,0,0,486,2,319,0,805,California
Sierra,2021-02-22,2,1126,2,86,0,1040,0,0,1,486,1,320,1,806,California
Sierra,2021-02-23,4,1130,0,86,4,1044,0,0,4,490,0,320,4,810,California
Sierra,2021-02-24,2,1132,1,87,1,1045,0,0,1,490,1,321,1,811,California
Sierra,2021-02-25,126,1258,1,88,125,1170,0,0,59,482,67,388,59,870,California
Sierra,2021-02-26,9,1267,6,94,3,1173,0,0,4,481,5,393,4,874,California
Sierra,2021-02-27,2,1269,2,96,0,1173,0,0,0,479,2,395,0,874,California
Sierra,2021-03-01,2,1271,1,97,1,1174,0,0,1,479,1,396,1,875,California
Sierra,2021-03-02,51,1322,0,97,51,1225,0,0,32,492,19,415,32,907,California
Sierra,2021-03-03,2,1324,2,99,0,1225,0,0,1,492,1,416,1,908,California
Sierra,2021-03-04,100,1424,2,101,98,1323,0,0,49,490,51,467,49,957,California
Sierra,2021-03-05,12,1436,0,101,12,1335,0,0,10,498,2,469,10,967,California
Sierra,2021-03-08,3,1439,2,103,0,1335,1,1,2,500,1,470,3,970,California
Sierra,2021-03-09,54,1493,1,104,53,1388,0,1,11,468,43,513,11,981,California
Sierra,2021-03-10,5,1498,0,104,5,1393,0,1,3,469,2,515,3,984,California
Sierra,2021-03-11,148,1646,0,104,148,1541,0,1,27,375,121,636,27,1011,California
Sierra,2021-03-12,20,1666,1,105,19,1560,0,1,0,355,20,656,0,1011,California
Sierra,2021-03-13,13,1679,0,105,13,1573,0,1,13,368,0,656,13,1024,California
Sierra,2021-03-14,2,1681,1,106,0,1573,1,2,0,367,2,658,1,1025,California
Sierra,2021-03-15,2,1683,1,107,1,1574,0,2,1,367,1,659,1,1026,California
Sierra,2021-03-16,22,1705,1,108,20,1594,1,3,10,366,12,671,11,1037,California
Sierra,2021-03-17,2,1707,0,108,2,1596,0,3,0,364,2,673,0,1037,California
Sierra,2021-03-18,122,1829,0,108,121,1717,1,4,35,314,86,759,36,1073,California
Sierra,2021-03-19,1,1830,1,109,0,1717,0,4,1,315,0,759,1,1074,California
Sierra,2021-03-23,14,1844,0,109,14,1731,0,4,5,311,9,768,5,1079,California
Sierra,2021-03-24,4,1848,1,110,3,1734,0,4,2,311,2,770,2,1081,California
Sierra,2021-03-25,80,1928,2,112,78,1812,0,4,34,299,46,816,34,1115,California
Sierra,2021-03-26,12,1940,1,113,11,1823,0,4,9,305,3,819,9,1124,California
Sierra,2021-03-27,1,1941,0,113,1,1824,0,4,0,304,1,820,0,1124,California
Sierra,2021-03-29,2,1943,1,114,1,1825,0,4,0,302,2,822,0,1124,California
Sierra,2021-03-30,46,1989,0,114,46,1871,0,4,13,287,33,855,18,1142,California
Sierra,2021-03-31,10,1999,0,114,10,1881,0,4,9,295,1,856,9,1151,California
Siskiyou,2020-12-16,2,2,2,2,0,0,0,0,2,2,0,0,2,2,California
Siskiyou,2020-12-17,4,6,4,6,0,0,0,0,4,6,0,0,4,6,California
Siskiyou,2020-12-18,3,9,3,9,0,0,0,0,3,9,0,0,3,9,California
Siskiyou,2020-12-19,4,13,4,13,0,0,0,0,4,13,0,0,4,13,California
Siskiyou,2020-12-20,1,14,1,14,0,0,0,0,1,14,0,0,1,14,California
Siskiyou,2020-12-21,132,146,132,146,0,0,0,0,132,146,0,0,132,146,California
Siskiyou,2020-12-22,159,305,159,305,0,0,0,0,159,305,0,0,159,305,California
Siskiyou,2020-12-23,142,447,142,447,0,0,0,0,142,447,0,0,142,447,California
Siskiyou,2020-12-24,5,452,5,452,0,0,0,0,5,452,0,0,5,452,California
Siskiyou,2020-12-26,2,454,0,452,2,2,0,0,2,454,0,0,2,454,California
Siskiyou,2020-12-27,2,456,0,452,2,4,0,0,2,456,0,0,2,456,California
Siskiyou,2020-12-28,2,458,0,452,2,6,0,0,2,458,0,0,2,458,California
Siskiyou,2020-12-29,6,464,2,454,4,10,0,0,6,464,0,0,6,464,California
Siskiyou,2020-12-30,98,562,3,457,95,105,0,0,98,562,0,0,98,562,California
Siskiyou,2020-12-31,12,574,0,457,12,117,0,0,12,574,0,0,12,574,California
Siskiyou,2021-01-02,1,575,1,458,0,117,0,0,1,575,0,0,1,575,California
Siskiyou,2021-01-03,1,576,0,458,1,118,0,0,1,576,0,0,1,576,California
Siskiyou,2021-01-04,130,706,3,461,127,245,0,0,130,706,0,0,130,706,California
Siskiyou,2021-01-05,117,823,4,465,113,358,0,0,116,821,1,1,116,822,California
Siskiyou,2021-01-06,59,882,6,471,53,411,0,0,55,872,4,5,55,877,California
Siskiyou,2021-01-07,174,1056,2,473,172,583,0,0,173,1044,1,6,173,1050,California
Siskiyou,2021-01-08,42,1098,4,477,38,621,0,0,39,1080,3,9,39,1089,California
Siskiyou,2021-01-09,2,1100,2,479,0,621,0,0,0,1078,2,11,0,1089,California
Siskiyou,2021-01-11,226,1326,65,544,161,782,0,0,163,1178,63,74,163,1252,California
Siskiyou,2021-01-12,320,1646,273,817,47,829,0,0,87,1032,233,307,87,1339,California
Siskiyou,2021-01-13,157,1803,137,954,20,849,0,0,23,921,134,441,23,1362,California
Siskiyou,2021-01-14,27,1830,1,955,26,875,0,0,26,946,1,442,26,1388,California
Siskiyou,2021-01-15,35,1865,3,958,32,907,0,0,35,981,0,442,35,1423,California
Siskiyou,2021-01-16,7,1872,2,960,5,912,0,0,7,988,0,442,7,1430,California
Siskiyou,2021-01-18,75,1947,4,964,71,983,0,0,73,1059,2,444,73,1503,California
Siskiyou,2021-01-19,21,1968,1,965,20,1003,0,0,20,1078,1,445,20,1523,California
Siskiyou,2021-01-20,47,2015,35,1000,12,1015,0,0,43,1117,4,449,43,1566,California
Siskiyou,2021-01-21,42,2057,0,1000,42,1057,0,0,42,1159,0,449,42,1608,California
Siskiyou,2021-01-22,1333,3390,1181,2181,152,1209,0,0,1333,2492,0,449,1333,2941,California
Siskiyou,2021-01-23,7,3397,2,2183,5,1214,0,0,4,2493,3,452,4,2945,California
Siskiyou,2021-01-25,183,3580,8,2191,175,1389,0,0,179,2668,4,456,179,3124,California
Siskiyou,2021-01-26,150,3730,5,2196,145,1534,0,0,142,2802,8,464,142,3266,California
Siskiyou,2021-01-27,181,3911,0,2196,181,1715,0,0,127,2875,54,518,127,3393,California
Siskiyou,2021-01-28,231,4142,117,2313,114,1829,0,0,225,3094,6,524,225,3618,California
Siskiyou,2021-01-29,246,4388,1,2314,245,2074,0,0,244,3336,2,526,244,3862,California
Siskiyou,2021-01-30,3,4391,2,2316,1,2075,0,0,3,3339,0,526,3,3865,California
Siskiyou,2021-02-01,194,4585,3,2319,191,2266,0,0,104,3353,90,616,104,3969,California
Siskiyou,2021-02-02,288,4873,45,2364,243,2509,0,0,147,3359,141,757,147,4116,California
Siskiyou,2021-02-03,313,5186,1,2365,312,2821,0,0,264,3574,49,806,264,4380,California
Siskiyou,2021-02-04,319,5505,7,2372,312,3133,0,0,199,3653,120,926,199,4579,California
Siskiyou,2021-02-05,509,6014,4,2376,505,3638,0,0,345,3834,164,1090,345,4924,California
Siskiyou,2021-02-06,15,6029,0,2376,15,3653,0,0,15,3849,0,1090,15,4939,California
Siskiyou,2021-02-07,3,6032,2,2378,1,3654,0,0,3,3852,0,1090,3,4942,California
Siskiyou,2021-02-08,221,6253,5,2383,216,3870,0,0,216,4063,5,1095,216,5158,California
Siskiyou,2021-02-09,193,6446,2,2385,191,4061,0,0,160,4190,33,1128,160,5318,California
Siskiyou,2021-02-10,370,6816,40,2425,330,4391,0,0,317,4454,53,1181,317,5635,California
Siskiyou,2021-02-11,190,7006,0,2425,190,4581,0,0,174,4612,16,1197,174,5809,California
Siskiyou,2021-02-12,1695,8701,1205,3630,490,5071,0,0,500,3917,1195,2392,500,6309,California
Siskiyou,2021-02-13,36,8737,3,3633,33,5104,0,0,31,3943,5,2397,31,6340,California
Siskiyou,2021-02-14,5,8742,1,3634,4,5108,0,0,5,3948,0,2397,5,6345,California
Siskiyou,2021-02-15,105,8847,7,3641,98,5206,0,0,102,4047,3,2400,102,6447,California
Siskiyou,2021-02-16,113,8960,3,3644,110,5316,0,0,97,4128,16,2416,97,6544,California
Siskiyou,2021-02-17,188,9148,19,3663,169,5485,0,0,175,4290,13,2429,175,6719,California
Siskiyou,2021-02-18,222,9370,89,3752,133,5618,0,0,98,4264,124,2553,98,6817,California
Siskiyou,2021-02-19,65,9435,29,3781,36,5654,0,0,30,4259,35,2588,30,6847,California
Siskiyou,2021-02-20,23,9458,4,3785,19,5673,0,0,18,4272,5,2593,18,6865,California
Siskiyou,2021-02-21,2,9460,2,3787,0,5673,0,0,2,4274,0,2593,2,6867,California
Siskiyou,2021-02-22,125,9585,1,3788,124,5797,0,0,18,4185,107,2700,18,6885,California
Siskiyou,2021-02-23,194,9779,15,3803,179,5976,0,0,50,4091,144,2844,50,6935,California
Siskiyou,2021-02-24,146,9925,4,3807,142,6118,0,0,33,4011,113,2957,33,6968,California
Siskiyou,2021-02-25,300,10225,22,3829,278,6396,0,0,153,4017,147,3104,153,7121,California
Siskiyou,2021-02-26,668,10893,13,3842,655,7051,0,0,368,4085,300,3404,368,7489,California
Siskiyou,2021-02-27,31,10924,3,3845,28,7079,0,0,27,4108,4,3408,27,7516,California
Siskiyou,2021-02-28,4,10928,4,3849,0,7079,0,0,3,4110,1,3409,3,7519,California
Siskiyou,2021-03-01,279,11207,6,3855,273,7352,0,0,48,3927,231,3640,48,7567,California
Siskiyou,2021-03-02,189,11396,2,3857,187,7539,0,0,72,3882,117,3757,72,7639,California
Siskiyou,2021-03-03,333,11729,5,3862,328,7867,0,0,145,3839,188,3945,145,7784,California
Siskiyou,2021-03-04,663,12392,494,4356,169,8036,0,0,513,4202,150,4095,513,8297,California
Siskiyou,2021-03-05,292,12684,7,4363,274,8310,11,11,78,4077,214,4309,89,8386,California
Siskiyou,2021-03-06,35,12719,2,4365,29,8339,4,15,28,4102,7,4316,32,8418,California
Siskiyou,2021-03-07,10,12729,3,4368,0,8339,7,22,2,4103,8,4324,9,8427,California
Siskiyou,2021-03-08,347,13076,25,4393,289,8628,33,55,53,3895,294,4618,86,8513,California
Siskiyou,2021-03-09,136,13212,0,4393,97,8725,39,94,49,3896,87,4705,88,8601,California
Siskiyou,2021-03-10,194,13406,11,4404,177,8902,6,100,26,3760,168,4873,32,8633,California
Siskiyou,2021-03-11,440,13846,190,4594,209,9111,41,141,250,3864,187,5060,291,8924,California
Siskiyou,2021-03-12,533,14379,112,4706,386,9497,35,176,154,3676,377,5437,189,9113,California
Siskiyou,2021-03-13,347,14726,317,5023,8,9505,22,198,316,3983,31,5468,338,9451,California
Siskiyou,2021-03-14,21,14747,3,5026,3,9508,15,213,4,3985,17,5485,19,9470,California
Siskiyou,2021-03-15,438,15185,246,5272,175,9683,17,230,308,4180,130,5615,325,9795,California
Siskiyou,2021-03-16,260,15445,41,5313,202,9885,17,247,147,4231,113,5728,164,9959,California
Siskiyou,2021-03-17,197,15642,4,5317,184,10069,9,256,31,4105,166,5894,40,9999,California
Siskiyou,2021-03-18,779,16421,649,5966,118,10187,12,268,666,4670,113,6007,678,10677,California
Siskiyou,2021-03-19,46,16467,12,5978,22,10209,12,280,14,4664,32,6039,26,10703,California
Siskiyou,2021-03-20,29,16496,7,5985,18,10227,4,284,7,4654,21,6060,11,10714,California
Siskiyou,2021-03-21,9,16505,3,5988,1,10228,5,289,3,4656,6,6066,8,10722,California
Siskiyou,2021-03-22,199,16704,20,6008,157,10385,22,311,138,4758,58,6124,160,10882,California
Siskiyou,2021-03-23,166,16870,21,6029,136,10521,9,320,114,4829,52,6176,123,11005,California
Siskiyou,2021-03-24,142,17012,55,6084,87,10608,0,320,120,4927,22,6198,120,11125,California
Siskiyou,2021-03-25,529,17541,288,6372,239,10847,2,322,364,5130,165,6363,368,11493,California
Siskiyou,2021-03-26,300,17841,28,6400,271,11118,1,323,99,5030,200,6563,100,11593,California
Siskiyou,2021-03-27,33,17874,2,6402,27,11145,4,327,7,5015,26,6589,11,11604,California
Siskiyou,2021-03-28,3,17877,3,6405,0,11145,0,327,1,5014,2,6591,1,11605,California
Siskiyou,2021-03-29,107,17984,14,6419,91,11236,2,329,48,5014,50,6641,50,11655,California
Siskiyou,2021-03-30,89,18073,2,6421,85,11321,2,331,38,5003,51,6692,40,11695,California
Siskiyou,2021-03-31,100,18173,5,6426,94,11415,1,332,35,4975,64,6756,36,11731,California
Solano,2020-12-15,4,4,4,4,0,0,0,0,4,4,0,0,4,4,California
Solano,2020-12-16,71,75,71,75,0,0,0,0,71,75,0,0,71,75,California
Solano,2020-12-17,152,227,152,227,0,0,0,0,152,227,0,0,152,227,California
Solano,2020-12-18,450,677,449,676,1,1,0,0,450,677,0,0,450,677,California
Solano,2020-12-19,512,1189,512,1188,0,1,0,0,512,1189,0,0,512,1189,California
Solano,2020-12-20,354,1543,353,1541,1,2,0,0,354,1543,0,0,354,1543,California
Solano,2020-12-21,570,2113,568,2109,2,4,0,0,570,2113,0,0,570,2113,California
Solano,2020-12-22,663,2776,629,2738,34,38,0,0,663,2776,0,0,663,2776,California
Solano,2020-12-23,856,3632,770,3508,86,124,0,0,855,3631,0,0,855,3631,California
Solano,2020-12-24,420,4052,169,3677,251,375,0,0,420,4051,0,0,420,4051,California
Solano,2020-12-25,10,4062,2,3679,8,383,0,0,10,4061,0,0,10,4061,California
Solano,2020-12-26,175,4237,48,3727,127,510,0,0,175,4236,0,0,175,4236,California
Solano,2020-12-27,101,4338,28,3755,73,583,0,0,101,4337,0,0,101,4337,California
Solano,2020-12-28,858,5196,417,4172,441,1024,0,0,858,5195,0,0,858,5195,California
Solano,2020-12-29,886,6082,373,4545,513,1537,0,0,886,6081,0,0,886,6081,California
Solano,2020-12-30,1198,7280,595,5140,603,2140,0,0,1198,7279,0,0,1198,7279,California
Solano,2020-12-31,530,7810,130,5270,400,2540,0,0,530,7809,0,0,530,7809,California
Solano,2021-01-01,14,7824,12,5282,2,2542,0,0,14,7823,0,0,14,7823,California
Solano,2021-01-02,211,8035,163,5445,48,2590,0,0,211,8034,0,0,211,8034,California
Solano,2021-01-03,56,8091,39,5484,17,2607,0,0,51,8085,0,0,51,8085,California
Solano,2021-01-04,450,8541,247,5731,203,2810,0,0,440,8522,3,3,440,8525,California
Solano,2021-01-05,695,9236,376,6107,319,3129,0,0,541,8914,149,152,541,9066,California
Solano,2021-01-06,819,10055,434,6541,385,3514,0,0,558,9213,259,411,558,9624,California
Solano,2021-01-07,1050,11105,697,7238,353,3867,0,0,593,9352,455,866,594,10218,California
Solano,2021-01-08,1129,12234,776,8014,353,4220,0,0,536,9315,575,1441,538,10756,California
Solano,2021-01-09,885,13119,763,8777,122,4342,0,0,429,9291,453,1894,429,11185,California
Solano,2021-01-10,250,13369,191,8968,59,4401,0,0,150,9341,100,1994,150,11335,California
Solano,2021-01-11,1315,14684,1103,10071,212,4613,0,0,803,9633,512,2506,804,12139,California
Solano,2021-01-12,1542,16226,1158,11229,384,4997,0,0,996,10085,545,3051,997,13136,California
Solano,2021-01-13,1420,17646,995,12224,425,5422,0,0,1163,10993,255,3306,1163,14299,California
Solano,2021-01-14,1832,19478,793,13017,1039,6461,0,0,1518,12198,313,3619,1518,15817,California
Solano,2021-01-15,1675,21153,1059,14076,616,7077,0,0,1380,13283,295,3914,1380,17197,California
Solano,2021-01-16,1294,22447,907,14983,387,7464,0,0,1114,14217,180,4094,1114,18311,California
Solano,2021-01-17,1027,23474,747,15730,280,7744,0,0,1010,15210,17,4111,1010,19321,California
Solano,2021-01-18,1410,24884,859,16589,551,8295,0,0,1297,16395,113,4224,1298,20619,California
Solano,2021-01-19,1643,26527,1332,17921,311,8606,0,0,1370,17493,272,4496,1370,21989,California
Solano,2021-01-20,2022,28549,1414,19335,608,9214,0,0,1541,18556,478,4974,1541,23530,California
Solano,2021-01-21,3074,31623,988,20323,2086,11300,0,0,2739,20961,334,5308,2739,26269,California
Solano,2021-01-22,1739,33362,835,21158,904,12204,0,0,1550,22322,189,5497,1550,27819,California
Solano,2021-01-23,727,34089,236,21394,491,12695,0,0,524,22643,204,5701,525,28344,California
Solano,2021-01-24,374,34463,59,21453,315,13010,0,0,310,22889,64,5765,310,28654,California
Solano,2021-01-25,1605,36068,622,22075,983,13993,0,0,1056,23399,549,6314,1059,29713,California
Solano,2021-01-26,1672,37740,739,22814,933,14926,0,0,1046,23822,625,6939,1048,30761,California
Solano,2021-01-27,1757,39497,727,23541,1030,15956,0,0,1173,24424,571,7510,1173,31934,California
Solano,2021-01-28,1833,41330,711,24252,1122,17078,0,0,1233,25060,598,8108,1234,33168,California
Solano,2021-01-29,1633,42963,781,25033,852,17930,0,0,1276,25984,355,8463,1279,34447,California
Solano,2021-01-30,707,43670,217,25250,490,18420,0,0,552,26381,155,8618,552,34999,California
Solano,2021-01-31,477,44147,397,25647,80,18500,0,0,216,26337,261,8879,217,35216,California
Solano,2021-02-01,1469,45616,970,26617,499,18999,0,0,738,26347,728,9607,738,35954,California
Solano,2021-02-02,2731,48347,1060,27677,1671,20670,0,0,1943,27504,786,10393,1943,37897,California
Solano,2021-02-03,2216,50563,1295,28972,921,21591,0,0,1149,27593,1064,11457,1153,39050,California
Solano,2021-02-04,1754,52317,902,29874,852,22443,0,0,1041,27927,707,12164,1041,40091,California
Solano,2021-02-05,3044,55361,1406,31280,1638,24081,0,0,2044,28985,992,13156,2050,42141,California
Solano,2021-02-06,3002,58363,1162,32442,1840,25921,0,0,2197,30381,801,13957,2197,44338,California
Solano,2021-02-07,851,59214,789,33231,62,25983,0,0,237,30004,614,14571,237,44575,California
Solano,2021-02-08,1694,60908,1228,34459,466,26449,0,0,659,29631,1032,15603,659,45234,California
Solano,2021-02-09,1875,62783,1465,35924,410,26859,0,0,661,29079,1213,16816,661,45895,California
Solano,2021-02-10,2236,65019,1492,37416,744,27603,0,0,819,28485,1413,18229,819,46714,California
Solano,2021-02-11,2377,67396,1441,38857,936,28539,0,0,1116,28352,1249,19478,1116,47830,California
Solano,2021-02-12,4014,71410,1542,40399,2472,31011,0,0,2712,29771,1295,20773,2714,50544,California
Solano,2021-02-13,2796,74206,233,40632,2563,33574,0,0,2421,31821,372,21145,2422,52966,California
Solano,2021-02-14,685,74891,201,40833,484,34058,0,0,411,31960,272,21417,411,53377,California
Solano,2021-02-15,1246,76137,291,41124,955,35013,0,0,628,31971,618,22035,629,54006,California
Solano,2021-02-16,2359,78496,1205,42329,1154,36167,0,0,1599,32811,759,22794,1599,55605,California
Solano,2021-02-17,2526,81022,1214,43543,1312,37479,0,0,1738,33765,785,23579,1739,57344,California
Solano,2021-02-18,2533,83555,686,44229,1847,39326,0,0,789,32819,1735,25314,789,58133,California
Solano,2021-02-19,2178,85733,1245,45474,933,40259,0,0,1100,32846,1075,26389,1102,59235,California
Solano,2021-02-20,2523,88256,376,45850,2147,42406,0,0,2065,34451,460,26849,2065,61300,California
Solano,2021-02-21,2091,90347,1817,47667,274,42680,0,0,1812,35987,277,27126,1813,63113,California
Solano,2021-02-22,1550,91897,900,48567,650,43330,0,0,803,36047,744,27870,804,63917,California
Solano,2021-02-23,2266,94163,985,49552,1281,44611,0,0,1422,36626,843,28713,1422,65339,California
Solano,2021-02-24,2304,96467,1123,50675,1181,45792,0,0,1289,36901,1014,29727,1289,66628,California
Solano,2021-02-25,2246,98713,1334,52009,912,46704,0,0,1231,37125,1008,30735,1232,67860,California
Solano,2021-02-26,2444,101157,1353,53362,1091,47795,0,0,1225,37134,1216,31951,1225,69085,California
Solano,2021-02-27,3607,104764,1364,54726,2243,50038,0,0,2922,39380,678,32629,2924,72009,California
Solano,2021-02-28,1349,106113,1038,55764,311,50349,0,0,1084,40202,262,32891,1084,73093,California
Solano,2021-03-01,2089,108202,1035,56799,1054,51403,0,0,1491,41101,593,33484,1492,74585,California
Solano,2021-03-02,1879,110081,1196,57995,683,52086,0,0,1183,41589,696,34180,1184,75769,California
Solano,2021-03-03,1827,111908,1007,59002,820,52906,0,0,1080,41929,740,34920,1080,76849,California
Solano,2021-03-04,3028,114936,2199,61201,827,53733,2,2,2107,43121,918,35838,2110,78959,California
Solano,2021-03-05,3633,118569,1190,62391,2440,56173,3,5,2875,45243,758,36596,2880,81839,California
Solano,2021-03-06,3460,122029,698,63089,2722,58895,40,45,2371,46572,1082,37678,2411,84250,California
Solano,2021-03-07,3452,125481,730,63819,2710,61605,12,57,1907,46957,1535,39213,1920,86170,California
Solano,2021-03-08,1559,127040,792,64611,500,62105,267,324,1074,47815,484,39697,1342,87512,California
Solano,2021-03-09,2616,129656,1305,65916,1258,63363,53,377,1816,48882,800,40497,1867,89379,California
Solano,2021-03-10,2131,131787,1530,67446,511,63874,90,467,1047,48939,1080,41577,1137,90516,California
Solano,2021-03-11,5267,137054,1367,68813,3663,67537,237,704,4350,52612,915,42492,4588,95104,California
Solano,2021-03-12,5331,142385,1314,70127,3934,71471,83,787,2839,53049,2487,44979,2924,98028,California
Solano,2021-03-13,3968,146353,754,70881,3133,74604,81,868,1972,53116,1990,46969,2057,100085,California
Solano,2021-03-14,3586,149939,2816,73697,324,74928,446,1314,1513,53013,2070,49039,1967,102052,California
Solano,2021-03-15,3248,153187,1754,75451,1177,76105,317,1631,1920,53925,1325,50364,2237,104289,California
Solano,2021-03-16,2806,155993,1121,76572,1456,77561,229,1860,1422,54195,1380,51744,1650,105939,California
Solano,2021-03-17,5328,161321,1418,77990,3821,81382,89,1949,4060,57082,1263,53007,4150,110089,California
Solano,2021-03-18,4107,165428,1378,79368,2695,84077,34,1983,3054,59127,1045,54052,3090,113179,California
Solano,2021-03-19,1852,167280,1239,80607,556,84633,57,2040,998,59336,849,54901,1058,114237,California
Solano,2021-03-20,4097,171377,1086,81693,2969,87602,42,2082,2160,59616,1931,56832,2211,116448,California
Solano,2021-03-21,1627,173004,1539,83232,71,87673,17,2099,840,59687,785,57617,856,117304,California
Solano,2021-03-22,2021,175025,1475,84707,498,88171,48,2147,1110,59952,905,58522,1170,118474,California
Solano,2021-03-23,2842,177867,1511,86218,1285,89456,46,2193,1340,59855,1496,60018,1399,119873,California
Solano,2021-03-24,2628,180495,1622,87840,969,90425,37,2230,1278,59910,1345,61363,1400,121273,California
Solano,2021-03-25,4370,184865,3595,91435,743,91168,32,2262,1977,60347,2389,63752,2826,124099,California
Solano,2021-03-26,2701,187566,1653,93088,1012,92180,36,2298,1464,60884,1231,64983,1768,125867,California
Solano,2021-03-27,3819,191385,1135,94223,2647,94827,37,2335,1618,60508,2193,67176,1817,127684,California
Solano,2021-03-28,1325,192710,1079,95302,228,95055,18,2353,546,60308,776,67952,576,128260,California
Solano,2021-03-29,2553,195263,1427,96729,1109,96164,17,2370,1436,60681,1113,69065,1486,129746,California
Solano,2021-03-30,2521,197784,1719,98448,718,96882,84,2454,1536,61333,983,70048,1635,131381,California
Solano,2021-03-31,1635,199419,1254,99702,267,97149,114,2568,925,61675,708,70756,1050,132431,California
Sonoma,2020-12-15,4,4,4,4,0,0,0,0,4,4,0,0,4,4,California
Sonoma,2020-12-16,29,33,29,33,0,0,0,0,29,33,0,0,29,33,California
Sonoma,2020-12-17,101,134,101,134,0,0,0,0,101,134,0,0,101,134,California
Sonoma,2020-12-18,419,553,419,553,0,0,0,0,419,553,0,0,419,553,California
Sonoma,2020-12-19,110,663,109,662,1,1,0,0,110,663,0,0,110,663,California
Sonoma,2020-12-20,175,838,175,837,0,1,0,0,175,838,0,0,175,838,California
Sonoma,2020-12-21,912,1750,910,1747,2,3,0,0,911,1749,0,0,911,1749,California
Sonoma,2020-12-22,1365,3115,1273,3020,92,95,0,0,1365,3114,0,0,1365,3114,California
Sonoma,2020-12-23,1603,4718,1227,4247,376,471,0,0,1604,4718,0,0,1604,4718,California
Sonoma,2020-12-24,306,5024,101,4348,205,676,0,0,306,5024,0,0,306,5024,California
Sonoma,2020-12-25,8,5032,2,4350,6,682,0,0,8,5032,0,0,8,5032,California
Sonoma,2020-12-26,266,5298,255,4605,11,693,0,0,266,5298,0,0,266,5298,California
Sonoma,2020-12-27,93,5391,80,4685,13,706,0,0,93,5391,0,0,93,5391,California
Sonoma,2020-12-28,989,6380,553,5238,436,1142,0,0,961,6352,0,0,961,6352,California
Sonoma,2020-12-29,1133,7513,779,6017,354,1496,0,0,1099,7451,0,0,1099,7451,California
Sonoma,2020-12-30,1094,8607,479,6496,615,2111,0,0,1086,8537,0,0,1086,8537,California
Sonoma,2020-12-31,515,9122,70,6566,445,2556,0,0,516,9053,0,0,516,9053,California
Sonoma,2021-01-01,10,9132,6,6572,4,2560,0,0,10,9063,0,0,10,9063,California
Sonoma,2021-01-02,132,9264,125,6697,7,2567,0,0,132,9195,0,0,132,9195,California
Sonoma,2021-01-03,23,9287,9,6706,14,2581,0,0,23,9218,0,0,23,9218,California
Sonoma,2021-01-04,341,9628,104,6810,237,2818,0,0,340,9558,0,0,340,9558,California
Sonoma,2021-01-05,438,10066,102,6912,336,3154,0,0,414,9957,15,15,414,9972,California
Sonoma,2021-01-06,949,11015,434,7346,515,3669,0,0,835,10685,107,122,835,10807,California
Sonoma,2021-01-07,1014,12029,523,7869,491,4160,0,0,845,11362,168,290,845,11652,California
Sonoma,2021-01-08,1782,13811,1228,9097,554,4714,0,0,1312,12206,468,758,1312,12964,California
Sonoma,2021-01-09,655,14466,420,9517,235,4949,0,0,607,12765,48,806,607,13571,California
Sonoma,2021-01-10,470,14936,459,9976,11,4960,0,0,278,12851,192,998,278,13849,California
Sonoma,2021-01-11,1381,16317,1236,11212,145,5105,0,0,411,12296,966,1964,411,14260,California
Sonoma,2021-01-12,1547,17864,1295,12507,252,5357,0,0,393,11537,1152,3116,393,14653,California
Sonoma,2021-01-13,2062,19926,1421,13928,641,5998,0,0,1199,11876,860,3976,1199,15852,California
Sonoma,2021-01-14,1525,21451,804,14732,721,6719,0,0,1294,12939,231,4207,1294,17146,California
Sonoma,2021-01-15,1560,23011,633,15365,927,7646,0,0,1340,14069,211,4418,1341,18487,California
Sonoma,2021-01-16,1134,24145,606,15971,528,8174,0,0,885,14709,245,4663,885,19372,California
Sonoma,2021-01-17,665,24810,549,16520,116,8290,0,0,586,15216,79,4742,586,19958,California
Sonoma,2021-01-18,1100,25910,931,17451,169,8459,0,0,610,15337,490,5232,611,20569,California
Sonoma,2021-01-19,2093,28003,1008,18459,1085,9544,0,0,1384,16015,707,5939,1385,21954,California
Sonoma,2021-01-20,2058,30061,618,19077,1440,10984,0,0,1402,16771,647,6586,1403,23357,California
Sonoma,2021-01-21,2211,32272,612,19689,1599,12583,0,0,1988,18540,220,6806,1989,25346,California
Sonoma,2021-01-22,2704,34976,1028,20717,1676,14259,0,0,2555,20947,148,6954,2555,27901,California
Sonoma,2021-01-23,761,35737,592,21309,169,14428,0,0,654,21495,106,7060,654,28555,California
Sonoma,2021-01-24,770,36507,638,21947,132,14560,0,0,755,22235,15,7075,755,29310,California
Sonoma,2021-01-25,2159,38666,516,22463,1643,16203,0,0,1672,23420,487,7562,1672,30982,California
Sonoma,2021-01-26,1989,40655,295,22758,1694,17897,0,0,1537,24506,451,8013,1537,32519,California
Sonoma,2021-01-27,3656,44311,1243,24001,2413,20310,0,0,3087,27028,567,8580,3089,35608,California
Sonoma,2021-01-28,4097,48408,1834,25835,2263,22573,0,0,3438,29812,656,9236,3440,39048,California
Sonoma,2021-01-29,2947,51355,1394,27229,1553,24126,0,0,2121,31110,824,10060,2122,41170,California
Sonoma,2021-01-30,2577,53932,2393,29622,184,24310,0,0,2224,32984,353,10413,2227,43397,California
Sonoma,2021-01-31,775,54707,664,30286,111,24421,0,0,578,33366,196,10609,578,43975,California
Sonoma,2021-02-01,2489,57196,868,31154,1621,26042,0,0,2092,35066,394,11003,2094,46069,California
Sonoma,2021-02-02,3431,60627,1364,32518,2067,28109,0,0,2864,37365,565,11568,2864,48933,California
Sonoma,2021-02-03,4019,64646,1317,33835,2702,30811,0,0,3098,39545,919,12487,3099,52032,California
Sonoma,2021-02-04,4126,68772,1655,35490,2471,33282,0,0,3384,42188,741,13228,3384,55416,California
Sonoma,2021-02-05,4792,73564,1732,37222,3060,36342,0,0,3783,44967,1005,14233,3784,59200,California
Sonoma,2021-02-06,2630,76194,2270,39492,360,36702,0,0,2079,46496,550,14783,2079,61279,California
Sonoma,2021-02-07,1533,77727,1397,40889,136,36838,0,0,1285,47534,247,15030,1285,62564,California
Sonoma,2021-02-08,3233,80960,1022,41911,2211,39049,0,0,2660,49623,571,15601,2660,65224,California
Sonoma,2021-02-09,3538,84498,1690,43601,1848,40897,0,0,3063,52214,473,16074,3064,68288,California
Sonoma,2021-02-10,4396,88894,2354,45955,2042,42939,0,0,3372,54569,1018,17092,3373,71661,California
Sonoma,2021-02-11,5316,94210,2790,48745,2526,45465,0,0,4147,57550,1166,18258,4147,75808,California
Sonoma,2021-02-12,5630,99840,2964,51709,2666,48131,0,0,4226,60375,1402,19660,4227,80035,California
Sonoma,2021-02-13,1975,101815,1153,52862,822,48953,0,0,1205,60813,767,20427,1205,81240,California
Sonoma,2021-02-14,2298,104113,1808,54670,490,49443,0,0,1659,61834,638,21065,1659,82899,California
Sonoma,2021-02-15,2099,106212,762,55432,1337,50780,0,0,1591,62917,508,21573,1591,84490,California
Sonoma,2021-02-16,4592,110804,2032,57464,2560,53340,0,0,3347,65021,1243,22816,3347,87837,California
Sonoma,2021-02-17,5270,116074,2848,60312,2422,55762,0,0,3336,66435,1925,24741,3339,91176,California
Sonoma,2021-02-18,6716,122790,2947,63259,3769,59531,0,0,3848,67421,2862,27603,3848,95024,California
Sonoma,2021-02-19,5380,128170,1656,64915,3724,63255,0,0,3314,68674,2061,29664,3314,98338,California
Sonoma,2021-02-20,3092,131262,2823,67738,269,63524,0,0,1220,68027,1867,31531,1220,99558,California
Sonoma,2021-02-21,442,131704,343,68081,99,63623,0,0,120,67829,318,31849,120,99678,California
Sonoma,2021-02-22,2700,134404,1346,69427,1354,64977,0,0,1044,67221,1652,33501,1044,100722,California
Sonoma,2021-02-23,3067,137471,2051,71478,1016,65993,0,0,1364,66885,1701,35202,1365,102087,California
Sonoma,2021-02-24,5417,142888,2503,73981,2914,68907,0,0,2718,66912,2693,37895,2720,104807,California
Sonoma,2021-02-25,5595,148483,2213,76194,3382,72289,0,0,2960,67257,2615,40510,2960,107767,California
Sonoma,2021-02-26,5965,154448,2739,78933,3226,75515,0,0,3705,68708,2254,42764,3705,111472,California
Sonoma,2021-02-27,4012,158460,1889,80822,2123,77638,0,0,2688,70075,1322,44086,2689,114161,California
Sonoma,2021-02-28,2219,160679,1738,82560,481,78119,0,0,598,69056,1617,45703,598,114759,California
Sonoma,2021-03-01,3613,164292,1101,83661,2512,80631,0,0,1769,68989,1837,47540,1770,116529,California
Sonoma,2021-03-02,4172,168464,1449,85110,2723,83354,0,0,2461,69748,1702,49242,2461,118990,California
Sonoma,2021-03-03,4269,172733,2233,87343,2036,85390,0,0,1857,69200,2405,51647,1857,120847,California
Sonoma,2021-03-04,4888,177621,2243,89586,2645,88035,0,0,1994,68312,2882,54529,1994,122841,California
Sonoma,2021-03-05,5163,182784,2215,91801,2933,90968,15,15,2052,67286,3098,57627,2072,124913,California
Sonoma,2021-03-06,2558,185342,1129,92930,1309,92277,120,135,1729,68309,825,58452,1848,126761,California
Sonoma,2021-03-07,1706,187048,1426,94356,248,92525,32,167,354,67344,1351,59803,386,127147,California
Sonoma,2021-03-08,3822,190870,646,95002,3009,95534,167,334,2168,68035,1644,61447,2335,129482,California
Sonoma,2021-03-09,5357,196227,2959,97961,2150,97684,248,582,2643,68216,2710,64157,2891,132373,California
Sonoma,2021-03-10,5806,202033,3119,101080,2384,100068,303,885,2343,67414,3448,67605,2646,135019,California
Sonoma,2021-03-11,7216,209249,2874,103954,3563,103631,779,1664,2557,66102,4650,72255,3338,138357,California
Sonoma,2021-03-12,6948,216197,2132,106086,3548,107179,1268,2932,1987,64413,4944,77199,3255,141612,California
Sonoma,2021-03-13,2950,219147,1451,107537,1275,108454,224,3156,1700,65087,1248,78447,1922,143534,California
Sonoma,2021-03-14,1163,220310,288,107825,735,109189,140,3296,752,65570,408,78855,891,144425,California
Sonoma,2021-03-15,5144,225454,1456,109281,3315,112504,373,3669,2173,65153,2963,81818,2546,146971,California
Sonoma,2021-03-16,6216,231670,2222,111503,3771,116275,223,3892,3149,65465,3060,84878,3372,150343,California
Sonoma,2021-03-17,6387,238057,3380,114883,2840,119115,167,4059,3269,65792,3109,87987,3436,153779,California
Sonoma,2021-03-18,5773,243830,2413,117296,2862,121977,498,4557,2665,65850,3103,91090,3161,156940,California
Sonoma,2021-03-19,5366,249196,2300,119596,2879,124856,187,4744,2425,65541,2923,94013,2614,159554,California
Sonoma,2021-03-20,2743,251939,1343,120939,742,125598,658,5402,1479,66417,1261,95274,2137,161691,California
Sonoma,2021-03-21,1348,253287,587,121526,727,126325,34,5436,1185,67475,162,95436,1220,162911,California
Sonoma,2021-03-22,4413,257700,3008,124534,1304,127629,101,5537,3480,70139,932,96368,3596,166507,California
Sonoma,2021-03-23,5611,263311,3473,128007,2064,129693,74,5611,4513,73638,1095,97463,4594,171101,California
Sonoma,2021-03-24,6471,269782,4148,132155,2249,131942,74,5685,4071,75527,2383,99846,4272,175373,California
Sonoma,2021-03-25,6794,276576,4055,136210,2637,134579,102,5787,4211,77371,2564,102410,4408,179781,California
Sonoma,2021-03-26,6976,283552,3276,139486,3615,138194,85,5872,3780,78282,3182,105592,4093,183874,California
Sonoma,2021-03-27,3804,287356,1486,140972,1968,140162,350,6222,1109,77135,2687,108279,1540,185414,California
Sonoma,2021-03-28,1453,288809,893,141865,535,140697,25,6247,913,77534,539,108818,938,186352,California
Sonoma,2021-03-29,2788,291597,1075,142940,1681,142378,32,6279,1596,77988,1187,110005,1641,187993,California
Sonoma,2021-03-30,5155,296752,3024,145964,2073,144451,58,6337,2907,78728,2245,112250,2985,190978,California
Sonoma,2021-03-31,3122,299874,2188,148152,753,145204,181,6518,1630,79100,1486,113736,1858,192836,California
Stanislaus,2020-12-15,2,2,2,2,0,0,0,0,2,2,0,0,2,2,California
Stanislaus,2020-12-16,37,39,37,39,0,0,0,0,37,39,0,0,37,39,California
Stanislaus,2020-12-17,73,112,73,112,0,0,0,0,73,112,0,0,73,112,California
Stanislaus,2020-12-18,431,543,424,536,7,7,0,0,431,543,0,0,431,543,California
Stanislaus,2020-12-19,192,735,192,728,0,7,0,0,192,735,0,0,192,735,California
Stanislaus,2020-12-20,125,860,125,853,0,7,0,0,125,860,0,0,125,860,California
Stanislaus,2020-12-21,1125,1985,1122,1975,3,10,0,0,1124,1984,0,0,1124,1984,California
Stanislaus,2020-12-22,846,2831,834,2809,12,22,0,0,846,2830,0,0,846,2830,California
Stanislaus,2020-12-23,461,3292,444,3253,17,39,0,0,460,3290,0,0,460,3290,California
Stanislaus,2020-12-24,99,3391,90,3343,9,48,0,0,99,3389,0,0,99,3389,California
Stanislaus,2020-12-26,48,3439,6,3349,42,90,0,0,48,3437,0,0,48,3437,California
Stanislaus,2020-12-27,10,3449,5,3354,5,95,0,0,10,3447,0,0,10,3447,California
Stanislaus,2020-12-28,499,3948,403,3757,96,191,0,0,499,3946,0,0,499,3946,California
Stanislaus,2020-12-29,504,4452,429,4186,75,266,0,0,504,4450,0,0,504,4450,California
Stanislaus,2020-12-30,539,4991,283,4469,256,522,0,0,539,4988,1,1,539,4989,California
Stanislaus,2020-12-31,315,5306,172,4641,143,665,0,0,317,5305,0,1,317,5306,California
Stanislaus,2021-01-01,8,5314,1,4642,7,672,0,0,8,5313,0,1,8,5314,California
Stanislaus,2021-01-02,30,5344,23,4665,7,679,0,0,30,5343,0,1,30,5344,California
Stanislaus,2021-01-03,88,5432,85,4750,3,682,0,0,88,5431,0,1,88,5432,California
Stanislaus,2021-01-04,114,5546,31,4781,83,765,0,0,117,5548,0,1,117,5549,California
Stanislaus,2021-01-05,849,6395,334,5115,515,1280,0,0,826,6359,16,17,827,6376,California
Stanislaus,2021-01-06,976,7371,545,5660,431,1711,0,0,902,7198,64,81,903,7279,California
Stanislaus,2021-01-07,1087,8458,696,6356,391,2102,0,0,962,8049,112,193,963,8242,California
Stanislaus,2021-01-08,1316,9774,754,7110,562,2664,0,0,946,8634,365,558,950,9192,California
Stanislaus,2021-01-09,288,10062,144,7254,144,2808,0,0,196,8738,92,650,196,9388,California
Stanislaus,2021-01-10,46,10108,19,7273,27,2835,0,0,29,8750,17,667,29,9417,California
Stanislaus,2021-01-11,1544,11652,1260,8533,284,3119,0,0,601,8424,940,1607,614,10031,California
Stanislaus,2021-01-12,1487,13139,888,9421,599,3718,0,0,832,8609,651,2258,836,10867,California
Stanislaus,2021-01-13,1439,14578,675,10096,764,4482,0,0,1114,9407,324,2582,1122,11989,California
Stanislaus,2021-01-14,2212,16790,279,10375,1933,6415,0,0,2062,11375,148,2730,2116,14105,California
Stanislaus,2021-01-15,2882,19672,1150,11525,1732,8147,0,0,2725,14032,135,2865,2792,16897,California
Stanislaus,2021-01-16,571,20243,51,11576,520,8667,0,0,555,14574,15,2880,557,17454,California
Stanislaus,2021-01-17,244,20487,201,11777,43,8710,0,0,238,14806,6,2886,238,17692,California
Stanislaus,2021-01-18,2173,22660,1020,12797,1153,9863,0,0,1803,16303,367,3253,1864,19556,California
Stanislaus,2021-01-19,1266,23926,740,13537,526,10389,0,0,805,16651,458,3711,806,20362,California
Stanislaus,2021-01-20,994,24920,479,14016,515,10904,0,0,703,17064,290,4001,703,21065,California
Stanislaus,2021-01-21,3676,28596,2958,16974,718,11622,0,0,3358,20193,316,4317,3445,24510,California
Stanislaus,2021-01-22,1092,29688,305,17279,787,12409,0,0,1046,21200,43,4360,1050,25560,California
Stanislaus,2021-01-23,350,30038,38,17317,312,12721,0,0,296,21446,54,4414,300,25860,California
Stanislaus,2021-01-24,288,30326,99,17416,189,12910,0,0,222,21604,66,4480,224,26084,California
Stanislaus,2021-01-25,3139,33465,218,17634,2921,15831,0,0,2843,24276,297,4777,2969,29053,California
Stanislaus,2021-01-26,1730,35195,738,18372,992,16823,0,0,1312,25189,413,5190,1326,30379,California
Stanislaus,2021-01-27,1833,37028,970,19342,863,17686,0,0,1177,25718,649,5839,1178,31557,California
Stanislaus,2021-01-28,2245,39273,1495,20837,750,18436,0,0,1762,27056,471,6310,1809,33366,California
Stanislaus,2021-01-29,2484,41757,1197,22034,1287,19723,0,0,1954,28568,483,6793,1995,35361,California
Stanislaus,2021-01-30,298,42055,118,22152,180,19903,0,0,248,28764,52,6845,248,35609,California
Stanislaus,2021-01-31,366,42421,314,22466,52,19955,0,0,363,29115,12,6857,363,35972,California
Stanislaus,2021-02-01,1270,43691,540,23006,730,20685,0,0,935,29724,327,7184,936,36908,California
Stanislaus,2021-02-02,1257,44948,369,23375,888,21573,0,0,804,30080,453,7637,809,37717,California
Stanislaus,2021-02-03,2526,47474,1080,24455,1446,23019,0,0,1847,31258,675,8312,1853,39570,California
Stanislaus,2021-02-04,2108,49582,721,25176,1387,24406,0,0,1594,32348,509,8821,1599,41169,California
Stanislaus,2021-02-05,2851,52433,1456,26632,1395,25801,0,0,1615,32777,1190,10011,1619,42788,California
Stanislaus,2021-02-06,1012,53445,290,26922,722,26523,0,0,822,33411,189,10200,823,43611,California
Stanislaus,2021-02-07,210,53655,186,27108,24,26547,0,0,40,33283,169,10369,41,43652,California
Stanislaus,2021-02-08,2022,55677,1310,28418,712,27259,0,0,1118,33526,878,11247,1121,44773,California
Stanislaus,2021-02-09,1867,57544,789,29207,1078,28337,0,0,1102,33862,769,12016,1105,45878,California
Stanislaus,2021-02-10,1981,59525,563,29770,1418,29755,0,0,1072,34042,894,12910,1074,46952,California
Stanislaus,2021-02-11,5545,65070,3414,33184,2131,31886,0,0,1421,31503,3965,16875,1426,48378,California
Stanislaus,2021-02-12,3536,68606,1098,34282,2438,34324,0,0,1672,31361,1817,18692,1675,50053,California
Stanislaus,2021-02-13,1545,70151,756,35038,789,35113,0,0,1101,32016,450,19142,1105,51158,California
Stanislaus,2021-02-14,423,70574,170,35208,253,35366,0,0,357,32309,65,19207,358,51516,California
Stanislaus,2021-02-15,1839,72413,251,35459,1588,36954,0,0,629,31834,1113,20320,638,52154,California
Stanislaus,2021-02-16,1387,73800,420,35879,967,37921,0,0,598,31668,784,21104,618,52772,California
Stanislaus,2021-02-17,2752,76552,1670,37549,1082,39003,0,0,1969,32872,787,21891,1991,54763,California
Stanislaus,2021-02-18,3392,79944,1884,39433,1508,40511,0,0,1792,33191,1532,23423,1851,56614,California
Stanislaus,2021-02-19,2770,82714,1034,40467,1736,42247,0,0,1569,33592,1176,24599,1577,58191,California
Stanislaus,2021-02-20,757,83471,368,40835,389,42636,0,0,497,33841,251,24850,500,58691,California
Stanislaus,2021-02-21,798,84269,589,41424,209,42845,0,0,360,33885,424,25274,468,59159,California
Stanislaus,2021-02-22,2297,86566,1598,43022,699,43544,0,0,1588,34792,683,25957,1590,60749,California
Stanislaus,2021-02-23,3713,90279,679,43701,3034,46578,0,0,1754,34732,1834,27791,1774,62523,California
Stanislaus,2021-02-24,4158,94437,2805,46506,1353,47931,0,0,2988,36739,1156,28947,3163,65686,California
Stanislaus,2021-02-25,3932,98369,2642,49148,1290,49221,0,0,2960,38916,958,29905,3135,68821,California
Stanislaus,2021-02-26,4237,102606,1211,50359,3026,52247,0,0,2666,40262,1533,31438,2879,71700,California
Stanislaus,2021-02-27,2201,104807,684,51043,1516,53763,1,1,1787,41819,388,31826,1945,73645,California
Stanislaus,2021-02-28,802,105609,253,51296,549,54312,0,1,743,42518,54,31880,753,74398,California
Stanislaus,2021-03-01,3075,108684,1597,52893,1478,55790,0,1,1662,42795,1394,33274,1671,76069,California
Stanislaus,2021-03-02,2420,111104,1438,54331,982,56772,0,1,1675,43739,736,34010,1680,77749,California
Stanislaus,2021-03-03,3654,114758,2189,56520,1462,58234,3,4,2801,45703,840,34850,2804,80553,California
Stanislaus,2021-03-04,5514,120272,3206,59726,2290,60524,18,22,4164,48555,1333,36183,4185,84738,California
Stanislaus,2021-03-05,4196,124468,1306,61032,2874,63398,16,38,3066,50530,1115,37298,3090,87828,California
Stanislaus,2021-03-06,3713,128181,2250,63282,1375,64773,88,126,2691,52299,1019,38317,2788,90616,California
Stanislaus,2021-03-07,835,129016,380,63662,419,65192,36,162,646,52798,184,38501,683,91299,California
Stanislaus,2021-03-08,1989,131005,901,64563,1009,66201,79,241,1268,53434,713,39214,1349,92648,California
Stanislaus,2021-03-09,2736,133741,1050,65613,1597,67798,89,330,1708,54222,1016,40230,1804,94452,California
Stanislaus,2021-03-10,5485,139226,2653,68266,2615,70413,217,547,3754,56488,1713,41943,3979,98431,California
Stanislaus,2021-03-11,6186,145412,3324,71590,2393,72806,469,1016,4166,59287,1857,43800,4656,103087,California
Stanislaus,2021-03-12,6149,151561,1326,72916,2919,75725,1904,2920,2780,60698,3349,47149,4760,107847,California
Stanislaus,2021-03-13,3602,155163,2231,75147,1305,77030,66,2986,2692,62613,896,48045,2811,110658,California
Stanislaus,2021-03-14,818,155981,517,75664,250,77280,51,3037,411,62679,405,48450,471,111129,California
Stanislaus,2021-03-15,3847,159828,1967,77631,1502,78782,378,3415,1658,62693,2095,50545,2109,113238,California
Stanislaus,2021-03-16,5076,164904,2459,80090,2176,80958,441,3856,3638,65359,1418,51963,4084,117322,California
Stanislaus,2021-03-17,5099,170003,3054,83144,1865,82823,180,4036,3151,66792,1929,53892,3362,120684,California
Stanislaus,2021-03-18,5733,175736,3506,86650,2155,84978,72,4108,3302,67888,2292,56184,3388,124072,California
Stanislaus,2021-03-19,6326,182062,1709,88359,3101,88079,1516,5624,3488,70094,2805,58989,5011,129083,California
Stanislaus,2021-03-20,3720,185782,2721,91080,947,89026,52,5676,3325,73087,388,59377,3381,132464,California
Stanislaus,2021-03-21,992,186774,886,91966,45,89071,61,5737,755,73675,231,59608,819,133283,California
Stanislaus,2021-03-22,3030,189804,1393,93359,914,89985,723,6460,1419,74224,1597,61205,2146,135429,California
Stanislaus,2021-03-23,4074,193878,2077,95436,1756,91741,241,6701,2951,76328,1104,62309,3208,138637,California
Stanislaus,2021-03-24,4659,198537,3261,98697,1330,93071,68,6769,2767,77342,1850,64159,2864,141501,California
Stanislaus,2021-03-25,4576,203113,3102,101799,1457,94528,17,6786,2105,77094,2397,66556,2149,143650,California
Stanislaus,2021-03-26,4852,207965,1398,103197,3387,97915,67,6853,2501,77359,2319,68875,2584,146234,California
Stanislaus,2021-03-27,4293,212258,2686,105883,1581,99496,26,6879,1293,75721,2982,71857,1344,147578,California
Stanislaus,2021-03-28,1152,213410,434,106317,537,100033,181,7060,333,75437,813,72670,529,148107,California
Stanislaus,2021-03-29,3114,216524,1799,108116,1277,101310,38,7098,2148,76692,956,73626,2211,150318,California
Stanislaus,2021-03-30,3664,220188,2012,110128,1626,102936,26,7124,2246,77574,1410,75036,2292,152610,California
Stanislaus,2021-03-31,3997,224185,2918,113046,967,103903,112,7236,2056,77864,1928,76964,2218,154828,California
Sutter,2020-12-15,1,1,1,1,0,0,0,0,1,1,0,0,1,1,California
Sutter,2020-12-16,4,5,4,5,0,0,0,0,4,5,0,0,4,5,California
Sutter,2020-12-17,2,7,2,7,0,0,0,0,2,7,0,0,2,7,California
Sutter,2020-12-18,20,27,20,27,0,0,0,0,20,27,0,0,20,27,California
Sutter,2020-12-19,44,71,44,71,0,0,0,0,44,71,0,0,44,71,California
Sutter,2020-12-20,42,113,42,113,0,0,0,0,42,113,0,0,42,113,California
Sutter,2020-12-21,101,214,101,214,0,0,0,0,101,214,0,0,101,214,California
Sutter,2020-12-22,174,388,174,388,0,0,0,0,174,388,0,0,174,388,California
Sutter,2020-12-23,114,502,110,498,4,4,0,0,114,502,0,0,114,502,California
Sutter,2020-12-24,17,519,11,509,6,10,0,0,17,519,0,0,17,519,California
Sutter,2020-12-26,39,558,35,544,4,14,0,0,39,558,0,0,39,558,California
Sutter,2020-12-27,24,582,23,567,1,15,0,0,24,582,0,0,24,582,California
Sutter,2020-12-28,83,665,55,622,28,43,0,0,83,665,0,0,83,665,California
Sutter,2020-12-29,101,766,14,636,87,130,0,0,101,766,0,0,101,766,California
Sutter,2020-12-30,136,902,33,669,103,233,0,0,136,902,0,0,136,902,California
Sutter,2020-12-31,70,972,6,675,64,297,0,0,70,972,0,0,70,972,California
Sutter,2021-01-01,3,975,3,678,0,297,0,0,3,975,0,0,3,975,California
Sutter,2021-01-02,135,1110,133,811,2,299,0,0,135,1110,0,0,135,1110,California
Sutter,2021-01-03,1,1111,0,811,1,300,0,0,1,1111,0,0,1,1111,California
Sutter,2021-01-04,248,1359,140,951,108,408,0,0,248,1359,0,0,248,1359,California
Sutter,2021-01-05,99,1458,56,1007,43,451,0,0,97,1454,2,2,97,1456,California
Sutter,2021-01-06,206,1664,52,1059,154,605,0,0,201,1650,5,7,201,1657,California
Sutter,2021-01-07,250,1914,150,1209,100,705,0,0,241,1883,8,15,241,1898,California
Sutter,2021-01-08,146,2060,40,1249,106,811,0,0,129,1995,17,32,129,2027,California
Sutter,2021-01-09,44,2104,43,1292,1,812,0,0,3,1957,41,73,3,2030,California
Sutter,2021-01-10,402,2506,37,1329,365,1177,0,0,364,2284,37,110,364,2394,California
Sutter,2021-01-11,133,2639,115,1444,18,1195,0,0,26,2203,107,217,26,2420,California
Sutter,2021-01-12,202,2841,165,1609,37,1232,0,0,57,2115,145,362,57,2477,California
Sutter,2021-01-13,157,2998,95,1704,62,1294,0,0,70,2098,87,449,70,2547,California
Sutter,2021-01-14,145,3143,50,1754,95,1389,0,0,125,2203,20,469,125,2672,California
Sutter,2021-01-15,434,3577,131,1885,303,1692,0,0,419,2607,15,484,419,3091,California
Sutter,2021-01-16,390,3967,42,1927,348,2040,0,0,358,2934,31,515,358,3449,California
Sutter,2021-01-17,25,3992,23,1950,2,2042,0,0,9,2927,16,531,9,3458,California
Sutter,2021-01-18,116,4108,61,2011,55,2097,0,0,69,2949,47,578,69,3527,California
Sutter,2021-01-19,100,4208,40,2051,60,2157,0,0,76,3001,24,602,76,3603,California
Sutter,2021-01-20,256,4464,191,2242,65,2222,0,0,236,3217,20,622,236,3839,California
Sutter,2021-01-21,433,4897,264,2506,169,2391,0,0,414,3612,19,641,414,4253,California
Sutter,2021-01-22,267,5164,82,2588,185,2576,0,0,258,3861,9,650,258,4511,California
Sutter,2021-01-23,396,5560,40,2628,356,2932,0,0,370,4205,26,676,370,4881,California
Sutter,2021-01-24,17,5577,14,2642,3,2935,0,0,15,4218,2,678,15,4896,California
Sutter,2021-01-25,302,5879,196,2838,106,3041,0,0,149,4215,152,830,149,5045,California
Sutter,2021-01-26,242,6121,102,2940,140,3181,0,0,145,4265,96,926,146,5191,California
Sutter,2021-01-27,385,6506,254,3194,131,3312,0,0,319,4518,66,992,319,5510,California
Sutter,2021-01-28,523,7029,300,3494,223,3535,0,0,393,4781,130,1122,393,5903,California
Sutter,2021-01-29,418,7447,146,3640,272,3807,0,0,252,4867,166,1288,252,6155,California
Sutter,2021-01-30,780,8227,39,3679,741,4548,0,0,769,5625,11,1299,769,6924,California
Sutter,2021-01-31,27,8254,27,3706,0,4548,0,0,27,5652,0,1299,27,6951,California
Sutter,2021-02-01,162,8416,47,3753,115,4663,0,0,131,5752,31,1330,131,7082,California
Sutter,2021-02-02,240,8656,25,3778,215,4878,0,0,210,5932,30,1360,210,7292,California
Sutter,2021-02-03,443,9099,36,3814,407,5285,0,0,211,5911,232,1592,211,7503,California
Sutter,2021-02-04,667,9766,366,4180,301,5586,0,0,617,6478,50,1642,617,8120,California
Sutter,2021-02-05,281,10047,31,4211,250,5836,0,0,133,6463,148,1790,133,8253,California
Sutter,2021-02-06,732,10779,27,4238,705,6541,0,0,714,7158,19,1809,714,8967,California
Sutter,2021-02-07,22,10801,19,4257,3,6544,0,0,19,7174,3,1812,19,8986,California
Sutter,2021-02-08,132,10933,27,4284,105,6649,0,0,96,7234,36,1848,96,9082,California
Sutter,2021-02-09,249,11182,47,4331,202,6851,0,0,185,7355,64,1912,185,9267,California
Sutter,2021-02-10,799,11981,379,4710,420,7271,0,0,172,6901,626,2538,172,9439,California
Sutter,2021-02-11,601,12582,270,4980,331,7602,0,0,375,7050,226,2764,375,9814,California
Sutter,2021-02-12,624,13206,66,5046,558,8160,0,0,308,7042,316,3080,308,10122,California
Sutter,2021-02-13,901,14107,48,5094,853,9013,0,0,784,7710,116,3196,784,10906,California
Sutter,2021-02-14,87,14194,24,5118,63,9076,0,0,77,7777,10,3206,77,10983,California
Sutter,2021-02-15,198,14392,71,5189,127,9203,0,0,123,7825,75,3281,123,11106,California
Sutter,2021-02-16,283,14675,43,5232,240,9443,0,0,200,7943,82,3363,200,11306,California
Sutter,2021-02-17,829,15504,435,5667,394,9837,0,0,127,7368,702,4065,127,11433,California
Sutter,2021-02-18,702,16206,50,5717,652,10489,0,0,493,7653,208,4273,493,11926,California
Sutter,2021-02-19,663,16869,381,6098,282,10771,0,0,463,7918,198,4471,463,12389,California
Sutter,2021-02-20,621,17490,55,6153,566,11337,0,0,518,8333,103,4574,518,12907,California
Sutter,2021-02-21,29,17519,24,6177,5,11342,0,0,8,8320,21,4595,8,12915,California
Sutter,2021-02-22,199,17718,115,6292,84,11426,0,0,86,8293,113,4708,86,13001,California
Sutter,2021-02-23,217,17935,31,6323,186,11612,0,0,94,8264,123,4831,94,13095,California
Sutter,2021-02-24,957,18892,348,6671,609,12221,0,0,190,7688,766,5597,190,13285,California
Sutter,2021-02-25,771,19663,492,7163,279,12500,0,0,596,8112,172,5769,596,13881,California
Sutter,2021-02-26,365,20028,60,7223,305,12805,0,0,152,8053,211,5980,152,14033,California
Sutter,2021-02-27,858,20886,44,7267,814,13619,0,0,700,8594,159,6139,700,14733,California
Sutter,2021-02-28,83,20969,38,7305,45,13664,0,0,66,8643,17,6156,66,14799,California
Sutter,2021-03-01,243,21212,60,7365,183,13847,0,0,147,8694,96,6252,147,14946,California
Sutter,2021-03-02,333,21545,57,7422,276,14123,0,0,160,8682,172,6424,160,15106,California
Sutter,2021-03-03,1362,22907,506,7928,856,14979,0,0,622,8570,734,7158,622,15728,California
Sutter,2021-03-04,1232,24139,845,8773,387,15366,0,0,941,9227,286,7444,943,16671,California
Sutter,2021-03-05,317,24456,72,8845,244,15610,1,1,181,9274,135,7579,182,16853,California
Sutter,2021-03-06,595,25051,44,8889,547,16157,4,5,452,9587,143,7722,456,17309,California
Sutter,2021-03-07,62,25113,23,8912,38,16195,1,6,42,9610,20,7742,43,17352,California
Sutter,2021-03-08,201,25314,69,8981,120,16315,12,18,134,9690,66,7808,146,17498,California
Sutter,2021-03-09,380,25694,131,9112,236,16551,13,31,176,9676,203,8011,189,17687,California
Sutter,2021-03-10,1522,27216,653,9765,817,17368,52,83,479,9167,1040,9051,531,18218,California
Sutter,2021-03-11,837,28053,400,10165,421,17789,16,99,603,9555,231,9282,619,18837,California
Sutter,2021-03-12,483,28536,80,10245,335,18124,68,167,163,9467,319,9601,231,19068,California
Sutter,2021-03-13,908,29444,707,10952,184,18308,17,184,738,10054,168,9769,755,19823,California
Sutter,2021-03-14,85,29529,22,10974,52,18360,11,195,34,10048,51,9820,45,19868,California
Sutter,2021-03-15,309,29838,68,11042,194,18554,47,242,143,10073,165,9985,190,20058,California
Sutter,2021-03-16,333,30171,84,11126,203,18757,46,288,171,10129,161,10146,217,20275,California
Sutter,2021-03-17,1454,31625,551,11677,880,19637,23,311,281,9268,1165,11311,304,20579,California
Sutter,2021-03-18,734,32359,118,11795,456,20093,160,471,417,9529,315,11626,576,21155,California
Sutter,2021-03-19,317,32676,106,11901,194,20287,17,488,187,9606,127,11753,204,21359,California
Sutter,2021-03-20,862,33538,92,11993,764,21051,6,494,795,10342,66,11819,802,22161,California
Sutter,2021-03-21,70,33608,47,12040,19,21070,4,498,38,10352,32,11851,42,22203,California
Sutter,2021-03-22,283,33891,118,12158,139,21209,26,524,205,10505,78,11929,231,22434,California
Sutter,2021-03-23,339,34230,126,12284,181,21390,32,556,233,10664,106,12035,265,22699,California
Sutter,2021-03-24,1626,35856,724,13008,830,22220,72,628,312,9743,1305,13340,384,23083,California
Sutter,2021-03-25,981,36837,660,13668,280,22500,41,669,326,9459,652,13992,368,23451,California
Sutter,2021-03-26,472,37309,184,13852,270,22770,18,687,279,9570,191,14183,302,23753,California
Sutter,2021-03-27,861,38170,64,13916,794,23564,3,690,762,10237,98,14281,765,24518,California
Sutter,2021-03-28,123,38293,72,13988,51,23615,0,690,77,10269,45,14326,77,24595,California
Sutter,2021-03-29,397,38690,139,14127,209,23824,49,739,211,10345,185,14511,261,24856,California
Sutter,2021-03-30,383,39073,104,14231,272,24096,7,746,253,10476,129,14640,260,25116,California
Sutter,2021-03-31,348,39421,56,14287,281,24377,11,757,262,10666,86,14726,276,25392,California
Tehama,2020-12-15,1,1,1,1,0,0,0,0,1,1,0,0,1,1,California
Tehama,2020-12-16,2,3,2,3,0,0,0,0,2,3,0,0,2,3,California
Tehama,2020-12-17,12,15,12,15,0,0,0,0,12,15,0,0,12,15,California
Tehama,2020-12-18,2,17,2,17,0,0,0,0,3,18,0,0,3,18,California
Tehama,2020-12-21,33,50,33,50,0,0,0,0,33,51,0,0,33,51,California
Tehama,2020-12-22,68,118,62,112,6,6,0,0,68,119,0,0,68,119,California
Tehama,2020-12-23,48,166,40,152,8,14,0,0,48,167,0,0,48,167,California
Tehama,2020-12-24,5,171,3,155,2,16,0,0,5,172,0,0,5,172,California
Tehama,2020-12-26,3,174,2,157,1,17,0,0,3,175,0,0,3,175,California
Tehama,2020-12-27,2,176,2,159,0,17,0,0,2,177,0,0,2,177,California
Tehama,2020-12-28,56,232,43,202,13,30,0,0,56,233,0,0,56,233,California
Tehama,2020-12-29,31,263,31,233,0,30,0,0,31,264,0,0,31,264,California
Tehama,2020-12-30,54,317,38,271,16,46,0,0,53,317,0,0,53,317,California
Tehama,2020-12-31,14,331,4,275,10,56,0,0,14,331,0,0,14,331,California
Tehama,2021-01-01,2,333,0,275,2,58,0,0,2,333,0,0,2,333,California
Tehama,2021-01-04,31,364,8,283,23,81,0,0,31,364,0,0,31,364,California
Tehama,2021-01-05,71,435,44,327,27,108,0,0,68,429,3,3,68,432,California
Tehama,2021-01-06,70,505,21,348,49,157,0,0,61,482,8,11,61,493,California
Tehama,2021-01-07,57,562,7,355,50,207,0,0,56,537,1,12,56,549,California
Tehama,2021-01-08,30,592,24,379,6,213,0,0,25,557,5,17,25,574,California
Tehama,2021-01-09,7,599,5,384,2,215,0,0,5,560,2,19,5,579,California
Tehama,2021-01-10,1,600,0,384,1,216,0,0,1,561,0,19,1,580,California
Tehama,2021-01-11,47,647,46,430,1,217,0,0,14,542,33,52,14,594,California
Tehama,2021-01-12,115,762,95,525,20,237,0,0,70,567,45,97,70,664,California
Tehama,2021-01-13,72,834,55,580,17,254,0,0,26,547,46,143,26,690,California
Tehama,2021-01-14,226,1060,51,631,175,429,0,0,224,769,2,145,224,914,California
Tehama,2021-01-15,246,1306,74,705,172,601,0,0,242,1007,4,149,242,1156,California
Tehama,2021-01-16,274,1580,27,732,247,848,0,0,271,1275,3,152,271,1427,California
Tehama,2021-01-17,13,1593,9,741,4,852,0,0,11,1284,2,154,11,1438,California
Tehama,2021-01-18,10,1603,6,747,4,856,0,0,5,1284,5,159,5,1443,California
Tehama,2021-01-19,289,1892,61,808,228,1084,0,0,234,1463,55,214,234,1677,California
Tehama,2021-01-20,303,2195,88,896,215,1299,0,0,252,1665,50,264,252,1929,California
Tehama,2021-01-21,214,2409,11,907,203,1502,0,0,204,1859,10,274,204,2133,California
Tehama,2021-01-22,214,2623,12,919,202,1704,0,0,211,2067,3,277,211,2344,California
Tehama,2021-01-23,263,2886,10,929,253,1957,0,0,261,2327,2,279,262,2606,California
Tehama,2021-01-25,30,2916,13,942,17,1974,0,0,13,2323,17,296,13,2619,California
Tehama,2021-01-26,325,3241,41,983,284,2258,0,0,287,2573,38,334,288,2907,California
Tehama,2021-01-27,299,3540,21,1004,278,2536,0,0,279,2832,20,354,279,3186,California
Tehama,2021-01-28,337,3877,28,1032,309,2845,0,0,322,3139,15,369,322,3508,California
Tehama,2021-01-29,320,4197,18,1050,302,3147,0,0,303,3425,17,386,303,3811,California
Tehama,2021-01-30,102,4299,2,1052,100,3247,0,0,101,3525,1,387,101,3912,California
Tehama,2021-01-31,1,4300,0,1052,1,3248,0,0,1,3526,0,387,1,3913,California
Tehama,2021-02-01,78,4378,23,1075,55,3303,0,0,37,3522,41,428,37,3950,California
Tehama,2021-02-02,329,4707,63,1138,266,3569,0,0,233,3662,93,521,233,4183,California
Tehama,2021-02-03,361,5068,12,1150,349,3918,0,0,317,3935,44,565,317,4500,California
Tehama,2021-02-04,447,5515,99,1249,348,4266,0,0,369,4226,78,643,369,4869,California
Tehama,2021-02-05,160,5675,73,1322,87,4353,0,0,101,4268,59,702,101,4970,California
Tehama,2021-02-06,29,5704,13,1335,16,4369,0,0,17,4273,12,714,17,4987,California
Tehama,2021-02-07,5,5709,4,1339,1,4370,0,0,2,4272,3,717,2,4989,California
Tehama,2021-02-08,35,5744,14,1353,21,4391,0,0,27,4291,8,725,27,5016,California
Tehama,2021-02-09,76,5820,33,1386,43,4434,0,0,42,4299,34,759,42,5058,California
Tehama,2021-02-10,232,6052,61,1447,171,4605,0,0,157,4381,75,834,157,5215,California
Tehama,2021-02-11,219,6271,14,1461,205,4810,0,0,79,4322,138,972,79,5294,California
Tehama,2021-02-12,346,6617,49,1510,297,5107,0,0,165,4306,181,1153,165,5459,California
Tehama,2021-02-13,390,7007,13,1523,377,5484,0,0,149,4214,241,1394,149,5608,California
Tehama,2021-02-14,34,7041,0,1523,34,5518,0,0,33,4246,1,1395,33,5641,California
Tehama,2021-02-15,52,7093,10,1533,42,5560,0,0,46,4286,6,1401,46,5687,California
Tehama,2021-02-16,240,7333,15,1548,225,5785,0,0,57,4160,183,1584,57,5744,California
Tehama,2021-02-17,291,7624,21,1569,270,6055,0,0,65,3999,226,1810,65,5809,California
Tehama,2021-02-18,363,7987,36,1605,327,6382,0,0,139,3914,224,2034,139,5948,California
Tehama,2021-02-19,216,8203,19,1624,197,6579,0,0,46,3790,170,2204,46,5994,California
Tehama,2021-02-20,273,8476,6,1630,267,6846,0,0,26,3570,246,2450,26,6020,California
Tehama,2021-02-21,1,8477,1,1631,0,6846,0,0,1,3571,0,2450,1,6021,California
Tehama,2021-02-22,38,8515,14,1645,24,6870,0,0,25,3583,13,2463,25,6046,California
Tehama,2021-02-23,45,8560,18,1663,27,6897,0,0,25,3588,20,2483,25,6071,California
Tehama,2021-02-24,298,8858,12,1675,286,7183,0,0,25,3340,273,2756,25,6096,California
Tehama,2021-02-25,379,9237,63,1738,316,7499,0,0,39,3039,340,3096,39,6135,California
Tehama,2021-02-26,453,9690,19,1757,434,7933,0,0,69,2724,384,3480,69,6204,California
Tehama,2021-02-27,296,9986,6,1763,290,8223,0,0,35,2498,261,3741,35,6239,California
Tehama,2021-02-28,24,10010,3,1766,21,8244,0,0,21,2516,3,3744,21,6260,California
Tehama,2021-03-01,62,10072,8,1774,54,8298,0,0,28,2510,34,3778,28,6288,California
Tehama,2021-03-02,99,10171,17,1791,82,8380,0,0,26,2463,73,3851,26,6314,California
Tehama,2021-03-03,96,10267,28,1819,68,8448,0,0,37,2441,59,3910,37,6351,California
Tehama,2021-03-04,528,10795,21,1840,507,8955,0,0,195,2309,327,4237,195,6546,California
Tehama,2021-03-05,344,11139,21,1861,323,9278,0,0,189,2344,154,4391,189,6735,California
Tehama,2021-03-06,284,11423,16,1877,268,9546,0,0,74,2210,209,4600,75,6810,California
Tehama,2021-03-07,8,11431,2,1879,6,9552,0,0,6,2214,2,4602,6,6816,California
Tehama,2021-03-08,53,11484,10,1889,30,9582,13,13,25,2225,27,4629,38,6854,California
Tehama,2021-03-09,286,11770,5,1894,262,9844,19,32,234,2426,52,4681,253,7107,California
Tehama,2021-03-10,310,12080,14,1908,292,10136,4,36,64,2249,245,4926,68,7175,California
Tehama,2021-03-11,438,12518,22,1930,381,10517,35,71,312,2470,126,5052,347,7522,California
Tehama,2021-03-12,231,12749,13,1943,171,10688,47,118,151,2588,80,5132,198,7720,California
Tehama,2021-03-13,28,12777,9,1952,13,10701,6,124,6,2578,22,5154,12,7732,California
Tehama,2021-03-14,29,12806,2,1954,16,10717,11,135,3,2566,26,5180,14,7746,California
Tehama,2021-03-15,155,12961,22,1976,108,10825,25,160,82,2600,73,5253,107,7853,California
Tehama,2021-03-16,362,13323,15,1991,312,11137,35,195,269,2812,92,5345,304,8157,California
Tehama,2021-03-17,395,13718,31,2022,333,11470,31,226,313,3076,80,5425,344,8501,California
Tehama,2021-03-18,440,14158,26,2048,390,11860,24,250,276,3214,162,5587,300,8801,California
Tehama,2021-03-19,274,14432,15,2063,247,12107,12,262,235,3422,39,5626,247,9048,California
Tehama,2021-03-20,30,14462,10,2073,19,12126,1,263,24,3441,6,5632,25,9073,California
Tehama,2021-03-21,13,14475,7,2080,6,12132,0,263,13,3454,0,5632,13,9086,California
Tehama,2021-03-22,91,14566,8,2088,68,12200,15,278,53,3484,38,5670,68,9154,California
Tehama,2021-03-23,88,14654,25,2113,54,12254,9,287,66,3538,21,5691,75,9229,California
Tehama,2021-03-24,93,14747,21,2134,68,12322,4,291,62,3573,31,5722,66,9295,California
Tehama,2021-03-25,449,15196,291,2425,147,12469,11,302,403,3942,46,5768,415,9710,California
Tehama,2021-03-26,466,15662,357,2782,96,12565,13,315,387,4265,79,5847,402,10112,California
Tehama,2021-03-27,427,16089,340,3122,66,12631,21,336,365,4589,62,5909,386,10498,California
Tehama,2021-03-28,36,16125,15,3137,21,12652,0,336,23,4599,13,5922,23,10521,California
Tehama,2021-03-29,119,16244,32,3169,87,12739,0,336,77,4636,41,5963,78,10599,California
Tehama,2021-03-30,341,16585,195,3364,145,12884,1,337,229,4764,112,6075,240,10839,California
Tehama,2021-03-31,268,16853,204,3568,63,12947,1,338,212,4924,55,6130,215,11054,California
Trinity,2020-12-17,4,4,4,4,0,0,0,0,4,4,0,0,4,4,California
Trinity,2020-12-18,2,6,2,6,0,0,0,0,2,6,0,0,2,6,California
Trinity,2020-12-21,38,44,38,44,0,0,0,0,38,44,0,0,38,44,California
Trinity,2020-12-22,5,49,5,49,0,0,0,0,5,49,0,0,5,49,California
Trinity,2020-12-23,5,54,5,54,0,0,0,0,5,54,0,0,5,54,California
Trinity,2020-12-28,30,84,30,84,0,0,0,0,30,84,0,0,30,84,California
Trinity,2020-12-29,8,92,7,91,1,1,0,0,8,92,0,0,8,92,California
Trinity,2020-12-30,10,102,8,99,2,3,0,0,10,102,0,0,10,102,California
Trinity,2020-12-31,2,104,1,100,1,4,0,0,2,104,0,0,2,104,California
Trinity,2021-01-04,27,131,1,101,26,30,0,0,26,130,0,0,26,130,California
Trinity,2021-01-05,2,133,1,102,1,31,0,0,2,132,0,0,2,132,California
Trinity,2021-01-06,23,156,4,106,19,50,0,0,19,147,4,4,19,151,California
Trinity,2021-01-08,49,205,2,108,47,97,0,0,47,192,2,6,47,198,California
Trinity,2021-01-11,40,245,39,147,1,98,0,0,2,156,38,44,2,200,California
Trinity,2021-01-12,8,253,6,153,2,100,0,0,3,154,5,49,3,203,California
Trinity,2021-01-13,7,260,4,157,3,103,0,0,4,155,3,52,4,207,California
Trinity,2021-01-14,3,263,1,158,2,105,0,0,3,158,0,52,3,210,California
Trinity,2021-01-16,4,267,0,158,4,109,0,0,4,162,0,52,4,214,California
Trinity,2021-01-18,31,298,31,189,0,109,0,0,1,133,30,82,1,215,California
Trinity,2021-01-19,31,329,14,203,17,126,0,0,17,136,14,96,17,232,California
Trinity,2021-01-20,19,348,3,206,16,142,0,0,17,151,2,98,17,249,California
Trinity,2021-01-21,16,364,6,212,10,152,0,0,16,167,0,98,16,265,California
Trinity,2021-01-22,4,368,0,212,4,156,0,0,4,171,0,98,4,269,California
Trinity,2021-01-23,6,374,2,214,4,160,0,0,6,177,0,98,6,275,California
Trinity,2021-01-25,14,388,1,215,13,173,0,0,13,189,1,99,13,288,California
Trinity,2021-01-26,10,398,1,216,9,182,0,0,9,197,1,100,9,297,California
Trinity,2021-01-27,12,410,0,216,12,194,0,0,12,209,0,100,12,309,California
Trinity,2021-01-28,13,423,3,219,10,204,0,0,10,216,3,103,10,319,California
Trinity,2021-01-29,3,426,1,220,2,206,0,0,2,217,1,104,2,321,California
Trinity,2021-01-30,13,439,11,231,2,208,0,0,13,230,0,104,13,334,California
Trinity,2021-01-31,1,440,1,232,0,208,0,0,1,231,0,104,1,335,California
Trinity,2021-02-01,2,442,1,233,1,209,0,0,1,231,1,105,1,336,California
Trinity,2021-02-02,13,455,3,236,10,219,0,0,13,244,0,105,13,349,California
Trinity,2021-02-03,6,461,1,237,5,224,0,0,3,244,3,108,3,352,California
Trinity,2021-02-04,36,497,32,269,4,228,0,0,34,276,2,110,34,386,California
Trinity,2021-02-05,348,845,0,269,348,576,0,0,318,564,30,140,318,704,California
Trinity,2021-02-06,208,1053,3,272,205,781,0,0,201,758,7,147,201,905,California
Trinity,2021-02-08,24,1077,1,273,23,804,0,0,16,766,8,155,16,921,California
Trinity,2021-02-09,21,1098,2,275,19,823,0,0,6,757,15,170,6,927,California
Trinity,2021-02-10,122,1220,9,284,113,936,0,0,103,841,19,189,103,1030,California
Trinity,2021-02-11,302,1522,2,286,300,1236,0,0,296,1131,6,195,296,1326,California
Trinity,2021-02-12,9,1531,6,292,3,1239,0,0,9,1140,0,195,9,1335,California
Trinity,2021-02-13,11,1542,4,296,7,1246,0,0,5,1139,6,201,5,1340,California
Trinity,2021-02-14,2,1544,2,298,0,1246,0,0,2,1141,0,201,2,1342,California
Trinity,2021-02-15,47,1591,0,298,47,1293,0,0,47,1188,0,201,47,1389,California
Trinity,2021-02-16,7,1598,2,300,5,1298,0,0,3,1188,4,205,4,1393,California
Trinity,2021-02-17,94,1692,2,302,92,1390,0,0,84,1262,10,215,84,1477,California
Trinity,2021-02-18,4,1696,0,302,4,1394,0,0,1,1260,3,218,1,1478,California
Trinity,2021-02-19,211,1907,2,304,209,1603,0,0,198,1445,13,231,198,1676,California
Trinity,2021-02-20,141,2048,13,317,128,1731,0,0,114,1532,27,258,114,1790,California
Trinity,2021-02-22,3,2051,0,317,3,1734,0,0,0,1529,3,261,0,1790,California
Trinity,2021-02-23,8,2059,4,321,4,1738,0,0,3,1527,5,266,3,1793,California
Trinity,2021-02-24,28,2087,8,329,20,1758,0,0,7,1513,21,287,7,1800,California
Trinity,2021-02-25,36,2123,23,352,13,1771,0,0,5,1487,31,318,5,1805,California
Trinity,2021-02-26,11,2134,1,353,10,1781,0,0,5,1486,6,324,5,1810,California
Trinity,2021-02-27,8,2142,5,358,3,1784,0,0,5,1488,3,327,5,1815,California
Trinity,2021-02-28,1,2143,1,359,0,1784,0,0,1,1489,0,327,1,1816,California
Trinity,2021-03-01,8,2151,0,359,8,1792,0,0,5,1491,3,330,5,1821,California
Trinity,2021-03-02,9,2160,4,363,5,1797,0,0,1,1484,8,338,1,1822,California
Trinity,2021-03-03,5,2165,0,363,5,1802,0,0,4,1487,1,339,4,1826,California
Trinity,2021-03-04,15,2180,10,373,5,1807,0,0,13,1498,2,341,13,1839,California
Trinity,2021-03-05,282,2462,1,374,280,2087,1,1,33,1285,247,588,34,1873,California
Trinity,2021-03-06,186,2648,7,381,179,2266,0,1,21,1141,165,753,21,1894,California
Trinity,2021-03-07,3,2651,3,384,0,2266,0,1,2,1142,1,754,2,1896,California
Trinity,2021-03-08,5,2656,0,384,3,2269,2,3,2,1143,3,757,4,1900,California
Trinity,2021-03-09,95,2751,1,385,91,2360,3,6,90,1231,5,762,93,1993,California
Trinity,2021-03-10,128,2879,6,391,121,2481,1,7,41,1186,87,849,42,2035,California
Trinity,2021-03-11,12,2891,4,395,5,2486,3,10,7,1191,5,854,10,2045,California
Trinity,2021-03-12,325,3216,4,399,316,2802,5,15,61,993,264,1118,66,2111,California
Trinity,2021-03-13,10,3226,7,406,2,2804,1,16,7,998,3,1121,8,2119,California
Trinity,2021-03-15,67,3293,0,406,66,2870,1,17,14,960,53,1174,15,2134,California
Trinity,2021-03-16,112,3405,7,413,105,2975,0,17,99,1046,13,1187,99,2233,California
Trinity,2021-03-17,105,3510,4,417,101,3076,0,17,30,1001,75,1262,30,2263,California
Trinity,2021-03-18,11,3521,5,422,5,3081,1,18,8,1007,3,1265,9,2272,California
Trinity,2021-03-19,356,3877,5,427,246,3327,105,123,31,818,325,1590,136,2408,California
Trinity,2021-03-20,61,3938,8,435,53,3380,0,123,38,833,23,1613,38,2446,California
Trinity,2021-03-21,5,3943,1,436,2,3382,2,125,2,834,3,1616,4,2450,California
Trinity,2021-03-22,4,3947,2,438,2,3384,0,125,4,838,0,1616,4,2454,California
Trinity,2021-03-23,96,4043,1,439,95,3479,0,125,78,898,18,1634,78,2532,California
Trinity,2021-03-24,11,4054,2,441,9,3488,0,125,11,909,0,1634,11,2543,California
Trinity,2021-03-25,106,4160,6,447,93,3581,7,132,83,976,23,1657,90,2633,California
Trinity,2021-03-26,12,4172,1,448,11,3592,0,132,6,976,6,1663,6,2639,California
Trinity,2021-03-27,17,4189,6,454,2,3594,9,141,4,976,13,1676,13,2652,California
Trinity,2021-03-28,8,4197,5,459,3,3597,0,141,3,974,5,1681,3,2655,California
Trinity,2021-03-29,6,4203,0,459,6,3603,0,141,3,974,3,1684,3,2658,California
Trinity,2021-03-30,77,4280,5,464,72,3675,0,141,69,1035,8,1692,69,2727,California
Trinity,2021-03-31,18,4298,3,467,12,3687,3,144,13,1046,5,1697,16,2743,California
Tulare,2020-12-16,4,4,4,4,0,0,0,0,4,4,0,0,4,4,California
Tulare,2020-12-17,110,114,110,114,0,0,0,0,110,114,0,0,110,114,California
Tulare,2020-12-18,291,405,291,405,0,0,0,0,291,405,0,0,291,405,California
Tulare,2020-12-19,327,732,327,732,0,0,0,0,327,732,0,0,327,732,California
Tulare,2020-12-20,167,899,167,899,0,0,0,0,167,899,0,0,167,899,California
Tulare,2020-12-21,422,1321,422,1321,0,0,0,0,442,1341,0,0,442,1341,California
Tulare,2020-12-22,469,1790,467,1788,2,2,0,0,468,1809,0,0,468,1809,California
Tulare,2020-12-23,330,2120,322,2110,8,10,0,0,328,2137,0,0,328,2137,California
Tulare,2020-12-24,18,2138,16,2126,2,12,0,0,18,2155,0,0,18,2155,California
Tulare,2020-12-26,8,2146,7,2133,1,13,0,0,8,2163,0,0,8,2163,California
Tulare,2020-12-27,16,2162,12,2145,4,17,0,0,16,2179,0,0,16,2179,California
Tulare,2020-12-28,484,2646,472,2617,12,29,0,0,483,2662,0,0,483,2662,California
Tulare,2020-12-29,545,3191,477,3094,68,97,0,0,545,3207,0,0,545,3207,California
Tulare,2020-12-30,472,3663,435,3529,37,134,0,0,472,3679,0,0,472,3679,California
Tulare,2020-12-31,95,3758,22,3551,73,207,0,0,95,3774,0,0,95,3774,California
Tulare,2021-01-01,1,3759,0,3551,1,208,0,0,1,3775,0,0,1,3775,California
Tulare,2021-01-02,27,3786,18,3569,9,217,0,0,27,3802,0,0,27,3802,California
Tulare,2021-01-03,22,3808,9,3578,13,230,0,0,22,3824,0,0,22,3824,California
Tulare,2021-01-04,92,3900,16,3594,76,306,0,0,92,3916,0,0,92,3916,California
Tulare,2021-01-05,462,4362,279,3873,183,489,0,0,460,4374,2,2,460,4376,California
Tulare,2021-01-06,863,5225,636,4509,227,716,0,0,853,5217,10,12,853,5229,California
Tulare,2021-01-07,782,6007,582,5091,200,916,0,0,676,5787,106,118,676,5905,California
Tulare,2021-01-08,1264,7271,575,5666,689,1605,0,0,926,6376,337,455,926,6831,California
Tulare,2021-01-09,739,8010,203,5869,536,2141,0,0,552,6741,187,642,552,7383,California
Tulare,2021-01-10,49,8059,43,5912,6,2147,0,0,10,6712,39,681,10,7393,California
Tulare,2021-01-11,1203,9262,765,6677,438,2585,0,0,768,7045,435,1116,768,8161,California
Tulare,2021-01-12,1396,10658,486,7163,910,3495,0,0,990,7630,406,1522,991,9152,California
Tulare,2021-01-13,452,11110,227,7390,225,3720,0,0,377,7932,75,1597,377,9529,California
Tulare,2021-01-14,491,11601,141,7531,350,4070,0,0,465,8382,15,1612,465,9994,California
Tulare,2021-01-15,1605,13206,148,7679,1457,5527,0,0,1596,9969,9,1621,1596,11590,California
Tulare,2021-01-16,1872,15078,113,7792,1759,7286,0,0,1859,11815,13,1634,1859,13449,California
Tulare,2021-01-17,140,15218,121,7913,19,7305,0,0,129,11933,11,1645,129,13578,California
Tulare,2021-01-18,696,15914,663,8576,33,7338,0,0,295,11827,401,2046,295,13873,California
Tulare,2021-01-19,1004,16918,681,9257,323,7661,0,0,577,11977,427,2473,577,14450,California
Tulare,2021-01-20,2370,19288,560,9817,1810,9471,0,0,1988,13583,382,2855,1988,16438,California
Tulare,2021-01-21,1503,20791,149,9966,1354,10825,0,0,1477,15039,21,2876,1477,17915,California
Tulare,2021-01-22,1048,21839,185,10151,863,11688,0,0,1024,16040,23,2899,1024,18939,California
Tulare,2021-01-23,438,22277,157,10308,281,11969,0,0,416,16434,22,2921,416,19355,California
Tulare,2021-01-24,30,22307,27,10335,3,11972,0,0,27,16458,3,2924,27,19382,California
Tulare,2021-01-25,1318,23625,972,11307,346,12318,0,0,1290,17720,28,2952,1290,20672,California
Tulare,2021-01-26,1499,25124,1100,12407,399,12717,0,0,1175,18572,323,3275,1175,21847,California
Tulare,2021-01-27,1458,26582,1071,13478,387,13104,0,0,878,18870,580,3855,878,22725,California
Tulare,2021-01-28,1192,27774,764,14242,428,13532,0,0,800,19278,392,4247,800,23525,California
Tulare,2021-01-29,1126,28900,718,14960,408,13940,0,0,818,19788,308,4555,818,24343,California
Tulare,2021-01-30,1672,30572,1582,16542,90,14030,0,0,1649,21415,23,4578,1650,25993,California
Tulare,2021-01-31,50,30622,47,16589,3,14033,0,0,48,21461,2,4580,48,26041,California
Tulare,2021-02-01,1165,31787,902,17491,263,14296,0,0,816,21929,348,4928,816,26857,California
Tulare,2021-02-02,674,32461,328,17819,346,14642,0,0,445,22147,227,5155,445,27302,California
Tulare,2021-02-03,605,33066,282,18101,323,14965,0,0,332,22208,271,5426,332,27634,California
Tulare,2021-02-04,551,33617,165,18266,386,15351,0,0,264,22186,287,5713,265,27899,California
Tulare,2021-02-05,1226,34843,229,18495,997,16348,0,0,414,21790,810,6523,414,28313,California
Tulare,2021-02-06,836,35679,152,18647,684,17032,0,0,272,21500,562,7085,272,28585,California
Tulare,2021-02-07,76,35755,64,18711,12,17044,0,0,23,21470,53,7138,23,28608,California
Tulare,2021-02-08,947,36702,335,19046,612,17656,0,0,308,21142,636,7774,308,28916,California
Tulare,2021-02-09,1401,38103,323,19369,1078,18734,0,0,358,20461,1039,8813,358,29274,California
Tulare,2021-02-10,2451,40554,1984,21353,467,19201,0,0,2069,22151,379,9192,2069,31343,California
Tulare,2021-02-11,1303,41857,375,21728,928,20129,0,0,923,22694,380,9572,923,32266,California
Tulare,2021-02-12,2778,44635,579,22307,2199,22328,0,0,1224,22372,1547,11119,1225,33491,California
Tulare,2021-02-13,2447,47082,157,22464,2290,24618,0,0,666,21260,1778,12897,666,34157,California
Tulare,2021-02-14,328,47410,36,22500,292,24910,0,0,295,21522,33,12930,295,34452,California
Tulare,2021-02-15,913,48323,292,22792,621,25531,0,0,657,21924,255,13185,657,35109,California
Tulare,2021-02-16,2817,51140,1603,24395,1214,26745,0,0,1070,21247,1747,14932,1070,36179,California
Tulare,2021-02-17,2697,53837,513,24908,2184,28929,0,0,466,19488,2226,17158,467,36646,California
Tulare,2021-02-18,2275,56112,437,25345,1838,30767,0,0,616,18453,1651,18809,616,37262,California
Tulare,2021-02-19,2284,58396,847,26192,1437,32204,0,0,940,18051,1342,20151,940,38202,California
Tulare,2021-02-20,2974,61370,1876,28068,1098,33302,0,0,1252,17586,1717,21868,1252,39454,California
Tulare,2021-02-21,65,61435,61,28129,4,33306,0,0,41,17603,24,21892,41,39495,California
Tulare,2021-02-22,1106,62541,699,28828,407,33713,0,0,222,16942,883,22775,222,39717,California
Tulare,2021-02-23,1928,64469,929,29757,999,34712,0,0,1442,17899,485,23260,1442,41159,California
Tulare,2021-02-24,2438,66907,1537,31294,901,35613,0,0,2060,19583,377,23637,2061,43220,California
Tulare,2021-02-25,3400,70307,1881,33175,1519,37132,0,0,2982,22152,413,24050,2982,46202,California
Tulare,2021-02-26,3765,74072,1865,35040,1900,39032,0,0,3332,25054,430,24480,3332,49534,California
Tulare,2021-02-27,2850,76922,1390,36430,1460,40492,0,0,2721,27656,119,24599,2721,52255,California
Tulare,2021-02-28,1301,78223,1032,37462,269,40761,0,0,1281,28920,17,24616,1281,53536,California
Tulare,2021-03-01,1696,79919,762,38224,934,41695,0,0,1520,30265,175,24791,1520,55056,California
Tulare,2021-03-02,2584,82503,1150,39374,1434,43129,0,0,2421,32529,159,24950,2423,57479,California
Tulare,2021-03-03,3624,86127,2438,41812,1186,44315,0,0,1699,32308,1924,26874,1703,59182,California
Tulare,2021-03-04,2799,88926,1272,43084,1527,45842,0,0,2486,34486,309,27183,2487,61669,California
Tulare,2021-03-05,3119,92045,1606,44690,1500,47342,13,13,2658,36703,457,27640,2674,64343,California
Tulare,2021-03-06,2898,94943,1350,46040,1492,48834,56,69,2657,39176,238,27878,2711,67054,California
Tulare,2021-03-07,1073,96016,667,46707,388,49222,18,87,1036,40193,37,27915,1054,68108,California
Tulare,2021-03-08,1436,97452,802,47509,475,49697,159,246,1154,41225,281,28196,1313,69421,California
Tulare,2021-03-09,2183,99635,1234,48743,803,50500,146,392,1840,42869,343,28539,1987,71408,California
Tulare,2021-03-10,2260,101895,1079,49822,1068,51568,113,505,1945,44621,305,28844,2057,73465,California
Tulare,2021-03-11,3677,105572,1721,51543,1728,53296,228,733,2833,46845,838,29682,3062,76527,California
Tulare,2021-03-12,3698,109270,2028,53571,1408,54704,262,995,2671,48766,1014,30696,2935,79462,California
Tulare,2021-03-13,3447,112717,1626,55197,1712,56416,109,1104,2705,50841,739,31435,2814,82276,California
Tulare,2021-03-14,1579,114296,882,56079,479,56895,218,1322,1193,51868,384,31819,1411,83687,California
Tulare,2021-03-15,2577,116873,1480,57559,979,57874,118,1440,1815,53041,761,32580,1934,85621,California
Tulare,2021-03-16,3305,120178,2021,59580,1207,59081,77,1517,1790,53402,1511,34091,1872,87493,California
Tulare,2021-03-17,3654,123832,2397,61977,1191,60272,66,1583,2019,53863,1630,35721,2091,89584,California
Tulare,2021-03-18,3956,127788,2955,64932,936,61208,65,1648,2102,54183,1848,37569,2168,91752,California
Tulare,2021-03-19,4206,131994,2695,67627,1344,62552,167,1815,2213,54588,1979,39548,2384,94136,California
Tulare,2021-03-20,2995,134989,1789,69416,949,63501,257,2072,1373,54605,1616,41164,1633,95769,California
Tulare,2021-03-21,1810,136799,1544,70960,240,63741,26,2098,925,54674,882,42046,951,96720,California
Tulare,2021-03-22,2406,139205,1669,72629,628,64369,109,2207,1593,55573,805,42851,1704,98424,California
Tulare,2021-03-23,3527,142732,1985,74614,1497,65866,45,2252,1957,56021,1561,44412,2009,100433,California
Tulare,2021-03-24,2994,145726,1822,76436,1129,66995,43,2295,1796,56674,1192,45604,1845,102278,California
Tulare,2021-03-25,2982,148708,1523,77959,1377,68372,82,2377,1421,56636,1555,47159,1517,103795,California
Tulare,2021-03-26,4874,153582,2892,80851,1877,70249,105,2482,2348,56608,2509,49668,2481,106276,California
Tulare,2021-03-27,3327,156909,1655,82506,1576,71825,96,2578,921,55262,2399,52067,1053,107329,California
Tulare,2021-03-28,1379,158288,1005,83511,367,72192,7,2585,662,55224,715,52782,677,108006,California
Tulare,2021-03-29,2746,161034,1556,85067,1083,73275,107,2692,1305,55228,1436,54218,1440,109446,California
Tulare,2021-03-30,4025,165059,2471,87538,1405,74680,149,2841,2036,55445,1984,56202,2201,111647,California
Tulare,2021-03-31,1572,166631,944,88482,572,75252,56,2897,723,55397,847,57049,799,112446,California
Tuolumne,2020-12-16,46,46,46,46,0,0,0,0,46,46,0,0,46,46,California
Tuolumne,2020-12-17,22,68,22,68,0,0,0,0,22,68,0,0,22,68,California
Tuolumne,2020-12-18,174,242,173,241,1,1,0,0,174,242,0,0,174,242,California
Tuolumne,2020-12-19,7,249,7,248,0,1,0,0,7,249,0,0,7,249,California
Tuolumne,2020-12-20,1,250,1,249,0,1,0,0,1,250,0,0,1,250,California
Tuolumne,2020-12-21,115,365,101,350,14,15,0,0,115,365,0,0,115,365,California
Tuolumne,2020-12-22,169,534,169,519,0,15,0,0,169,534,0,0,169,534,California
Tuolumne,2020-12-23,192,726,190,709,2,17,0,0,192,726,0,0,192,726,California
Tuolumne,2020-12-26,3,729,3,712,0,17,0,0,3,729,0,0,3,729,California
Tuolumne,2020-12-28,78,807,77,789,1,18,0,0,78,807,0,0,78,807,California
Tuolumne,2020-12-29,111,918,40,829,71,89,0,0,111,918,0,0,111,918,California
Tuolumne,2020-12-30,81,999,22,851,59,148,0,0,81,999,0,0,81,999,California
Tuolumne,2020-12-31,27,1026,20,871,7,155,0,0,27,1026,0,0,27,1026,California
Tuolumne,2021-01-01,6,1032,5,876,1,156,0,0,6,1032,0,0,6,1032,California
Tuolumne,2021-01-02,118,1150,115,991,3,159,0,0,118,1150,0,0,118,1150,California
Tuolumne,2021-01-03,3,1153,2,993,1,160,0,0,3,1153,0,0,3,1153,California
Tuolumne,2021-01-04,70,1223,27,1020,43,203,0,0,70,1223,0,0,70,1223,California
Tuolumne,2021-01-05,95,1318,26,1046,69,272,0,0,93,1314,2,2,93,1316,California
Tuolumne,2021-01-06,112,1430,52,1098,60,332,0,0,68,1338,44,46,68,1384,California
Tuolumne,2021-01-07,119,1549,61,1159,58,390,0,0,65,1349,54,100,65,1449,California
Tuolumne,2021-01-08,177,1726,152,1311,25,415,0,0,27,1229,149,249,29,1478,California
Tuolumne,2021-01-09,1,1727,0,1311,1,416,0,0,1,1230,0,249,1,1479,California
Tuolumne,2021-01-10,3,1730,1,1312,2,418,0,0,3,1233,0,249,3,1482,California
Tuolumne,2021-01-11,117,1847,90,1402,27,445,0,0,34,1184,83,332,34,1516,California
Tuolumne,2021-01-12,102,1949,86,1488,16,461,0,0,17,1117,85,417,18,1534,California
Tuolumne,2021-01-13,239,2188,129,1617,110,571,0,0,184,1247,55,472,185,1719,California
Tuolumne,2021-01-14,129,2317,92,1709,37,608,0,0,42,1203,86,558,42,1761,California
Tuolumne,2021-01-15,476,2793,71,1780,405,1013,0,0,414,1557,61,619,415,2176,California
Tuolumne,2021-01-16,6,2799,2,1782,4,1017,0,0,5,1561,1,620,5,2181,California
Tuolumne,2021-01-17,4,2803,1,1783,3,1020,0,0,4,1565,0,620,4,2185,California
Tuolumne,2021-01-18,46,2849,38,1821,8,1028,0,0,8,1536,37,657,8,2193,California
Tuolumne,2021-01-19,472,3321,70,1891,402,1430,0,0,429,1922,43,700,429,2622,California
Tuolumne,2021-01-20,77,3398,60,1951,17,1447,0,0,24,1893,53,753,24,2646,California
Tuolumne,2021-01-21,57,3455,22,1973,35,1482,0,0,41,1919,16,769,42,2688,California
Tuolumne,2021-01-22,180,3635,13,1986,167,1649,0,0,174,2087,6,775,174,2862,California
Tuolumne,2021-01-23,666,4301,146,2132,520,2169,0,0,553,2537,113,888,563,3425,California
Tuolumne,2021-01-24,526,4827,1,2133,525,2694,0,0,522,3057,3,891,523,3948,California
Tuolumne,2021-01-25,48,4875,27,2160,21,2715,0,0,22,3054,26,917,23,3971,California
Tuolumne,2021-01-26,80,4955,68,2228,12,2727,0,0,40,3055,40,957,41,4012,California
Tuolumne,2021-01-27,61,5016,4,2232,57,2784,0,0,7,3010,53,1010,8,4020,California
Tuolumne,2021-01-28,27,5043,7,2239,20,2804,0,0,18,3019,9,1019,18,4038,California
Tuolumne,2021-01-29,71,5114,7,2246,64,2868,0,0,33,3014,38,1057,33,4071,California
Tuolumne,2021-01-30,711,5825,554,2800,157,3025,0,0,691,3698,20,1077,704,4775,California
Tuolumne,2021-01-31,8,5833,2,2802,6,3031,0,0,5,3700,3,1080,5,4780,California
Tuolumne,2021-02-01,25,5858,6,2808,19,3050,0,0,22,3719,3,1083,22,4802,California
Tuolumne,2021-02-02,649,6507,36,2844,613,3663,0,0,639,4349,9,1092,639,5441,California
Tuolumne,2021-02-03,239,6746,108,2952,131,3794,0,0,85,4280,154,1246,85,5526,California
Tuolumne,2021-02-04,127,6873,14,2966,113,3907,0,0,66,4283,63,1309,66,5592,California
Tuolumne,2021-02-05,102,6975,14,2980,88,3995,0,0,37,4257,63,1372,37,5629,California
Tuolumne,2021-02-06,851,7826,579,3559,272,4267,0,0,850,5106,1,1373,850,6479,California
Tuolumne,2021-02-07,7,7833,4,3563,3,4270,0,0,3,5105,4,1377,3,6482,California
Tuolumne,2021-02-08,90,7923,39,3602,51,4321,0,0,67,5149,23,1400,67,6549,California
Tuolumne,2021-02-09,865,8788,47,3649,818,5139,0,0,829,5942,36,1436,829,7378,California
Tuolumne,2021-02-10,91,8879,13,3662,78,5217,0,0,29,5911,60,1496,29,7407,California
Tuolumne,2021-02-11,138,9017,65,3727,73,5290,0,0,75,5923,63,1559,75,7482,California
Tuolumne,2021-02-12,643,9660,12,3739,631,5921,0,0,204,5689,439,1998,205,7687,California
Tuolumne,2021-02-13,146,9806,41,3780,105,6026,0,0,115,5779,25,2023,115,7802,California
Tuolumne,2021-02-14,147,9953,12,3792,135,6161,0,0,146,5924,1,2024,146,7948,California
Tuolumne,2021-02-15,182,10135,10,3802,172,6333,0,0,172,6087,10,2034,173,8121,California
Tuolumne,2021-02-16,525,10660,18,3820,507,6840,0,0,123,5812,400,2434,125,8246,California
Tuolumne,2021-02-17,109,10769,62,3882,47,6887,0,0,63,5830,45,2479,63,8309,California
Tuolumne,2021-02-18,682,11451,22,3904,660,7547,0,0,633,6414,49,2528,633,8942,California
Tuolumne,2021-02-19,133,11584,21,3925,112,7659,0,0,43,6367,90,2618,43,8985,California
Tuolumne,2021-02-20,908,12492,343,4268,565,8224,0,0,388,6248,508,3126,389,9374,California
Tuolumne,2021-02-21,978,13470,32,4300,946,9170,0,0,473,6219,502,3628,473,9847,California
Tuolumne,2021-02-22,76,13546,54,4354,22,9192,0,0,46,6235,30,3658,46,9893,California
Tuolumne,2021-02-23,41,13587,21,4375,20,9212,0,0,22,6239,18,3676,22,9915,California
Tuolumne,2021-02-24,92,13679,60,4435,32,9244,0,0,39,6233,51,3727,45,9960,California
Tuolumne,2021-02-25,1044,14723,29,4464,1015,10259,0,0,1015,7219,29,3756,1015,10975,California
Tuolumne,2021-02-26,144,14867,10,4474,134,10393,0,0,119,7314,25,3781,120,11095,California
Tuolumne,2021-02-27,950,15817,576,5050,374,10767,0,0,247,6872,689,4470,247,11342,California
Tuolumne,2021-02-28,53,15870,4,5054,49,10816,0,0,51,6922,1,4471,51,11393,California
Tuolumne,2021-03-01,104,15974,21,5075,83,10899,0,0,71,6963,32,4503,73,11466,California
Tuolumne,2021-03-02,706,16680,72,5147,634,11533,0,0,105,6467,601,5104,105,11571,California
Tuolumne,2021-03-03,81,16761,22,5169,59,11592,0,0,55,6498,25,5129,56,11627,California
Tuolumne,2021-03-04,1144,17905,67,5236,1077,12669,0,0,1085,7524,59,5188,1085,12712,California
Tuolumne,2021-03-05,76,17981,9,5245,67,12736,0,0,44,7539,30,5218,45,12757,California
Tuolumne,2021-03-06,1041,19022,603,5848,436,13172,2,2,191,6884,849,6067,194,12951,California
Tuolumne,2021-03-07,35,19057,11,5859,11,13183,13,15,13,6889,22,6089,27,12978,California
Tuolumne,2021-03-08,200,19257,89,5948,104,13287,7,22,141,6981,59,6148,151,13129,California
Tuolumne,2021-03-09,880,20137,16,5964,854,14141,10,32,79,6270,800,6948,89,13218,California
Tuolumne,2021-03-10,95,20232,16,5980,69,14210,10,42,54,6294,40,6988,64,13282,California
Tuolumne,2021-03-11,1262,21494,33,6013,1225,15435,4,46,1221,7483,39,7027,1228,14510,California
Tuolumne,2021-03-12,268,21762,33,6046,220,15655,15,61,121,7513,145,7172,175,14685,California
Tuolumne,2021-03-13,60,21822,12,6058,48,15703,0,61,18,7512,42,7214,41,14726,California
Tuolumne,2021-03-14,83,21905,8,6066,66,15769,9,70,2,7447,81,7295,16,14742,California
Tuolumne,2021-03-15,303,22208,78,6144,223,15992,2,72,108,7373,194,7489,120,14862,California
Tuolumne,2021-03-16,795,23003,39,6183,745,16737,11,83,660,7911,134,7623,672,15534,California
Tuolumne,2021-03-17,140,23143,30,6213,97,16834,13,96,63,7910,77,7700,76,15610,California
Tuolumne,2021-03-18,937,24080,21,6234,899,17733,17,113,304,7599,633,8333,322,15932,California
Tuolumne,2021-03-19,121,24201,14,6248,75,17808,32,145,60,7632,59,8392,92,16024,California
Tuolumne,2021-03-20,69,24270,5,6253,56,17864,8,153,29,7630,40,8432,38,16062,California
Tuolumne,2021-03-21,837,25107,393,6646,435,18299,9,162,44,6891,792,9224,53,16115,California
Tuolumne,2021-03-22,165,25272,72,6718,74,18373,19,181,97,6939,68,9292,116,16231,California
Tuolumne,2021-03-23,725,25997,636,7354,76,18449,13,194,692,7611,33,9325,705,16936,California
Tuolumne,2021-03-24,112,26109,21,7375,73,18522,18,212,79,7677,31,9356,97,17033,California
Tuolumne,2021-03-25,1264,27373,17,7392,1244,19766,3,215,316,7049,947,10303,319,17352,California
Tuolumne,2021-03-26,268,27641,13,7405,232,19998,23,238,112,7048,136,10439,135,17487,California
Tuolumne,2021-03-27,563,28204,49,7454,514,20512,0,238,306,7098,257,10696,307,17794,California
Tuolumne,2021-03-28,47,28251,6,7460,41,20553,0,238,10,7073,37,10733,12,17806,California
Tuolumne,2021-03-29,278,28529,71,7531,207,20760,0,238,178,7171,81,10814,179,17985,California
Tuolumne,2021-03-30,167,28696,12,7543,155,20915,0,238,126,7256,41,10855,126,18111,California
Tuolumne,2021-03-31,24,28720,9,7552,14,20929,1,239,16,7265,8,10863,17,18128,California
Ventura,2020-12-15,5,5,5,5,0,0,0,0,5,5,0,0,5,5,California
Ventura,2020-12-16,70,75,70,75,0,0,0,0,70,75,0,0,70,75,California
Ventura,2020-12-17,249,324,249,324,0,0,0,0,249,324,0,0,249,324,California
Ventura,2020-12-18,1409,1733,1409,1733,0,0,0,0,1409,1733,0,0,1409,1733,California
Ventura,2020-12-19,913,2646,913,2646,0,0,0,0,913,2646,0,0,913,2646,California
Ventura,2020-12-20,430,3076,430,3076,0,0,0,0,430,3076,0,0,430,3076,California
Ventura,2020-12-21,1465,4541,1465,4541,0,0,0,0,1465,4541,0,0,1465,4541,California
Ventura,2020-12-22,1102,5643,1098,5639,4,4,0,0,1102,5643,0,0,1102,5643,California
Ventura,2020-12-23,1025,6668,979,6618,46,50,0,0,1025,6668,0,0,1025,6668,California
Ventura,2020-12-24,476,7144,379,6997,97,147,0,0,476,7144,0,0,476,7144,California
Ventura,2020-12-25,11,7155,7,7004,4,151,0,0,11,7155,0,0,11,7155,California
Ventura,2020-12-26,107,7262,86,7090,21,172,0,0,107,7262,0,0,107,7262,California
Ventura,2020-12-27,58,7320,27,7117,31,203,0,0,58,7320,0,0,58,7320,California
Ventura,2020-12-28,1067,8387,929,8046,138,341,0,0,1067,8387,0,0,1067,8387,California
Ventura,2020-12-29,1165,9552,762,8808,403,744,0,0,1165,9552,0,0,1165,9552,California
Ventura,2020-12-30,1985,11537,1518,10326,467,1211,0,0,1985,11537,0,0,1985,11537,California
Ventura,2020-12-31,473,12010,162,10488,311,1522,0,0,473,12010,0,0,473,12010,California
Ventura,2021-01-01,14,12024,4,10492,10,1532,0,0,14,12024,0,0,14,12024,California
Ventura,2021-01-02,170,12194,78,10570,92,1624,0,0,170,12194,0,0,170,12194,California
Ventura,2021-01-03,15,12209,8,10578,7,1631,0,0,15,12209,0,0,15,12209,California
Ventura,2021-01-04,1076,13285,547,11125,529,2160,0,0,1074,13282,1,1,1074,13283,California
Ventura,2021-01-05,1371,14656,777,11902,594,2754,0,0,1331,14573,40,41,1331,14614,California
Ventura,2021-01-06,2046,16702,1174,13076,872,3626,0,0,1617,15772,420,461,1619,16233,California
Ventura,2021-01-07,2065,18767,1325,14401,740,4366,0,0,1182,16074,881,1342,1183,17416,California
Ventura,2021-01-08,2193,20960,1474,15875,719,5085,0,0,901,15686,1290,2632,902,18318,California
Ventura,2021-01-09,724,21684,503,16378,221,5306,0,0,320,15602,404,3036,320,18638,California
Ventura,2021-01-10,336,22020,324,16702,12,5318,0,0,122,15510,214,3250,122,18760,California
Ventura,2021-01-11,2447,24467,1486,18188,961,6279,0,0,1496,16057,951,4201,1498,20258,California
Ventura,2021-01-12,3027,27494,1601,19789,1426,7705,0,0,2004,17038,1023,5224,2004,22262,California
Ventura,2021-01-13,2926,30420,1422,21211,1504,9209,0,0,2043,18201,881,6105,2044,24306,California
Ventura,2021-01-14,2728,33148,1057,22268,1671,10880,0,0,2284,20043,443,6548,2285,26591,California
Ventura,2021-01-15,2869,36017,959,23227,1910,12790,0,0,2659,22494,210,6758,2661,29252,California
Ventura,2021-01-16,487,36504,189,23416,298,13088,0,0,405,22817,82,6840,405,29657,California
Ventura,2021-01-17,265,36769,139,23555,126,13214,0,0,259,23070,6,6846,259,29916,California
Ventura,2021-01-18,2206,38975,1660,25215,546,13760,0,0,1657,24179,549,7395,1658,31574,California
Ventura,2021-01-19,3025,42000,2114,27329,911,14671,0,0,2133,25424,892,8287,2137,33711,California
Ventura,2021-01-20,4047,46047,3100,30429,947,15618,0,0,3011,27403,1033,9320,3012,36723,California
Ventura,2021-01-21,3831,49878,2667,33096,1164,16782,0,0,3163,29901,665,9985,3163,39886,California
Ventura,2021-01-22,3592,53470,2467,35563,1125,17907,0,0,3430,33170,162,10147,3431,43317,California
Ventura,2021-01-23,1178,54648,644,36207,534,18441,0,0,1078,34151,99,10246,1080,44397,California
Ventura,2021-01-24,449,55097,133,36340,316,18757,0,0,436,34574,13,10259,436,44833,California
Ventura,2021-01-25,3133,58230,2020,38360,1113,19870,0,0,2588,36620,544,10803,2590,47423,California
Ventura,2021-01-26,3674,61904,2173,40533,1501,21371,0,0,2683,38314,990,11793,2684,50107,California
Ventura,2021-01-27,3433,65337,1540,42073,1893,23264,0,0,2695,40274,735,12528,2695,52802,California
Ventura,2021-01-28,3838,69175,1975,44048,1863,25127,0,0,3232,42917,590,13118,3233,56035,California
Ventura,2021-01-29,4228,73403,2502,46550,1726,26853,0,0,3736,46172,481,13599,3736,59771,California
Ventura,2021-01-30,3020,76423,1951,48501,1069,27922,0,0,2853,48862,164,13763,2854,62625,California
Ventura,2021-01-31,827,77250,445,48946,382,28304,0,0,743,49521,84,13847,743,63368,California
Ventura,2021-02-01,3915,81165,2104,51050,1811,30115,0,0,3155,51920,758,14605,3157,66525,California
Ventura,2021-02-02,4390,85555,2364,53414,2026,32141,0,0,3369,54273,1017,15622,3370,69895,California
Ventura,2021-02-03,4443,89998,2086,55500,2357,34498,0,0,3435,56705,1003,16625,3435,73330,California
Ventura,2021-02-04,4746,94744,2271,57771,2475,36973,0,0,3508,58982,1231,17856,3508,76838,California
Ventura,2021-02-05,4809,99553,2306,60077,2503,39476,0,0,3322,60832,1474,19330,3324,80162,California
Ventura,2021-02-06,2819,102372,1510,61587,1309,40785,0,0,2421,62855,398,19728,2421,82583,California
Ventura,2021-02-07,706,103078,240,61827,466,41251,0,0,578,63306,128,19856,579,83162,California
Ventura,2021-02-08,3478,106556,1619,63446,1859,43110,0,0,2414,64660,1060,20916,2414,85576,California
Ventura,2021-02-09,4704,111260,1970,65416,2734,45844,0,0,2463,64886,2240,23156,2466,88042,California
Ventura,2021-02-10,4670,115930,2218,67634,2452,48296,0,0,2376,64979,2284,25440,2377,90419,California
Ventura,2021-02-11,4627,120557,1851,69485,2776,51072,0,0,2427,65215,2193,27633,2429,92848,California
Ventura,2021-02-12,6277,126834,2642,72127,3635,54707,0,0,3206,65352,3069,30702,3206,96054,California
Ventura,2021-02-13,3273,130107,1820,73947,1453,56160,0,0,1827,65739,1442,32144,1829,97883,California
Ventura,2021-02-14,1216,131323,121,74068,1095,57255,0,0,1002,66528,214,32358,1003,98886,California
Ventura,2021-02-15,3972,135295,1787,75855,2185,59440,0,0,2107,66772,1863,34221,2107,100993,California
Ventura,2021-02-16,5515,140810,2696,78551,2819,62259,0,0,3010,67283,2500,36721,3011,104004,California
Ventura,2021-02-17,5215,146025,1911,80462,3304,65563,0,0,3267,68610,1940,38661,3267,107271,California
Ventura,2021-02-18,5743,151768,1817,82279,3926,69489,0,0,3619,70112,2117,40778,3619,110890,California
Ventura,2021-02-19,6416,158184,3752,86031,2664,72153,0,0,2986,69681,3425,44203,2994,113884,California
Ventura,2021-02-20,4898,163082,3144,89175,1754,73907,0,0,2754,70296,2140,46343,2755,116639,California
Ventura,2021-02-21,986,164068,704,89879,282,74189,0,0,415,70144,567,46910,415,117054,California
Ventura,2021-02-22,5325,169393,2378,92257,2947,77136,0,0,3443,71713,1874,48784,3443,120497,California
Ventura,2021-02-23,5922,175315,2955,95212,2967,80103,0,0,3423,72657,2482,51266,3426,123923,California
Ventura,2021-02-24,6934,182249,2587,97799,4347,84450,0,0,4205,74147,2715,53981,4205,128128,California
Ventura,2021-02-25,7462,189711,2563,100362,4899,89349,0,0,4561,75822,2889,56870,4564,132692,California
Ventura,2021-02-26,9300,199011,2765,103127,6535,95884,0,0,6157,78860,3123,59993,6161,138853,California
Ventura,2021-02-27,9974,208985,5262,108389,4712,100596,0,0,7379,83665,2581,62574,7386,146239,California
Ventura,2021-02-28,2554,211539,1626,110015,927,101523,1,1,2098,85310,453,63027,2098,148337,California
Ventura,2021-03-01,6887,218426,2781,112796,4106,105629,0,1,4595,87634,2283,65310,4607,152944,California
Ventura,2021-03-02,7339,225765,3917,116713,3421,109050,1,2,5131,90565,2202,67512,5133,158077,California
Ventura,2021-03-03,8337,234102,3864,120577,4473,113523,0,2,5934,94115,2390,69902,5940,164017,California
Ventura,2021-03-04,7820,241922,3811,124388,4009,117532,0,2,5348,97003,2462,72364,5350,169367,California
Ventura,2021-03-05,9109,251031,4664,129052,4434,121966,11,13,6515,100958,2580,74944,6535,175902,California
Ventura,2021-03-06,5240,256271,2993,132045,2095,124061,152,165,3816,103507,1422,76366,3971,179873,California
Ventura,2021-03-07,1580,257851,602,132647,876,124937,102,267,1168,104365,412,76778,1270,181143,California
Ventura,2021-03-08,6472,264323,3301,135948,3040,127977,131,398,4439,106908,2028,78806,4571,185714,California
Ventura,2021-03-09,6345,270668,2742,138690,3411,131388,192,590,3541,107851,2793,81599,3736,189450,California
Ventura,2021-03-10,6417,277085,2900,141590,3305,134693,212,802,4199,110050,2213,83812,4412,193862,California
Ventura,2021-03-11,5984,283069,2792,144382,2992,137685,200,1002,3269,110813,2708,86520,3471,197333,California
Ventura,2021-03-12,7397,290466,2905,147287,3698,141383,794,1796,3619,111468,3766,90286,4421,201754,California
Ventura,2021-03-13,6032,296498,2348,149635,2895,144278,789,2585,3500,113231,2527,92813,4290,206044,California
Ventura,2021-03-14,1696,298194,367,150002,861,145139,468,3053,559,113125,1135,93948,1029,207073,California
Ventura,2021-03-15,6758,304952,1998,152000,3468,148607,1292,4345,2896,113470,3847,97795,4192,211265,California
Ventura,2021-03-16,7765,312717,2424,154424,4258,152865,1083,5428,3916,114629,3839,101634,4998,216263,California
Ventura,2021-03-17,7092,319809,2678,157102,4068,156933,346,5774,4205,116310,2870,104504,4551,220814,California
Ventura,2021-03-18,5663,325472,2419,159521,3123,160056,121,5895,3626,118032,2026,106530,3748,224562,California
Ventura,2021-03-19,6370,331842,2717,162238,3572,163628,81,5976,3964,119679,2397,108927,4044,228606,California
Ventura,2021-03-20,5819,337661,3701,165939,2096,165724,22,5998,2361,118623,3442,112369,2386,230992,California
Ventura,2021-03-21,2712,340373,1465,167404,877,166601,370,6368,1267,118818,1442,113811,1637,232629,California
Ventura,2021-03-22,7180,347553,3607,171011,3468,170069,105,6473,4733,121224,2435,116246,4841,237470,California
Ventura,2021-03-23,7997,355550,3807,174818,4142,174211,48,6521,4576,122448,3404,119650,4628,242098,California
Ventura,2021-03-24,8659,364209,3336,178154,5261,179472,62,6583,4292,122466,4340,123990,4358,246456,California
Ventura,2021-03-25,8527,372736,3813,181967,4652,184124,62,6645,4295,122630,4208,128198,4372,250828,California
Ventura,2021-03-26,9469,382205,3259,185226,5565,189689,645,7290,3666,121182,5782,133980,4334,255162,California
Ventura,2021-03-27,8004,390209,3857,189083,4129,193818,18,7308,2384,118458,5606,139586,2882,258044,California
Ventura,2021-03-28,2444,392653,1371,190454,1065,194883,8,7316,1342,118714,1101,140687,1357,259401,California
Ventura,2021-03-29,8141,400794,4135,194589,3966,198849,40,7356,3999,118740,4122,144809,4148,263549,California
Ventura,2021-03-30,8579,409373,4231,198820,4235,203084,113,7469,4415,119201,4155,148964,4616,268165,California
Ventura,2021-03-31,5036,414409,2287,201107,2652,205736,97,7566,1713,117760,3312,152276,1871,270036,California
Yolo,2020-12-15,39,39,39,39,0,0,0,0,39,39,0,0,39,39,California
Yolo,2020-12-16,78,117,78,117,0,0,0,0,78,117,0,0,78,117,California
Yolo,2020-12-17,101,218,101,218,0,0,0,0,101,218,0,0,101,218,California
Yolo,2020-12-18,207,425,207,425,0,0,0,0,207,425,0,0,207,425,California
Yolo,2020-12-19,85,510,85,510,0,0,0,0,85,510,0,0,85,510,California
Yolo,2020-12-20,100,610,100,610,0,0,0,0,100,610,0,0,100,610,California
Yolo,2020-12-21,252,862,252,862,0,0,0,0,252,862,0,0,252,862,California
Yolo,2020-12-22,386,1248,385,1247,1,1,0,0,386,1248,0,0,386,1248,California
Yolo,2020-12-23,432,1680,413,1660,19,20,0,0,432,1680,0,0,432,1680,California
Yolo,2020-12-24,151,1831,94,1754,57,77,0,0,151,1831,0,0,151,1831,California
Yolo,2020-12-25,1,1832,1,1755,0,77,0,0,1,1832,0,0,1,1832,California
Yolo,2020-12-26,76,1908,25,1780,51,128,0,0,76,1908,0,0,76,1908,California
Yolo,2020-12-27,46,1954,19,1799,27,155,0,0,46,1954,0,0,46,1954,California
Yolo,2020-12-28,343,2297,176,1975,167,322,0,0,343,2297,0,0,343,2297,California
Yolo,2020-12-29,483,2780,268,2243,215,537,0,0,483,2780,0,0,483,2780,California
Yolo,2020-12-30,625,3405,257,2500,368,905,0,0,625,3405,0,0,625,3405,California
Yolo,2020-12-31,183,3588,94,2594,89,994,0,0,183,3588,0,0,183,3588,California
Yolo,2021-01-01,55,3643,54,2648,1,995,0,0,55,3643,0,0,55,3643,California
Yolo,2021-01-02,68,3711,25,2673,43,1038,0,0,68,3711,0,0,68,3711,California
Yolo,2021-01-03,44,3755,19,2692,25,1063,0,0,44,3755,0,0,44,3755,California
Yolo,2021-01-04,195,3950,44,2736,151,1214,0,0,195,3950,0,0,195,3950,California
Yolo,2021-01-05,610,4560,236,2972,374,1588,0,0,550,4440,60,60,550,4500,California
Yolo,2021-01-06,477,5037,181,3153,296,1884,0,0,346,4655,131,191,346,4846,California
Yolo,2021-01-07,706,5743,232,3385,474,2358,0,0,520,4990,185,376,520,5366,California
Yolo,2021-01-08,628,6371,308,3693,320,2678,0,0,413,5189,214,590,413,5779,California
Yolo,2021-01-09,405,6776,67,3760,338,3016,0,0,360,5504,45,635,360,6139,California
Yolo,2021-01-10,392,7168,79,3839,313,3329,0,0,323,5758,69,704,323,6462,California
Yolo,2021-01-11,559,7727,324,4163,235,3564,0,0,290,5779,269,973,290,6752,California
Yolo,2021-01-12,476,8203,359,4522,117,3681,0,0,171,5646,305,1278,172,6924,California
Yolo,2021-01-13,761,8964,308,4830,453,4134,0,0,513,5911,248,1526,513,7437,California
Yolo,2021-01-14,378,9342,183,5013,195,4329,0,0,272,6077,106,1632,272,7709,California
Yolo,2021-01-15,618,9960,318,5331,300,4629,0,0,542,6543,76,1708,542,8251,California
Yolo,2021-01-16,738,10698,96,5427,642,5271,0,0,706,7217,32,1740,706,8957,California
Yolo,2021-01-17,184,10882,116,5543,68,5339,0,0,177,7387,7,1747,177,9134,California
Yolo,2021-01-18,477,11359,304,5847,173,5512,0,0,378,7666,99,1846,378,9512,California
Yolo,2021-01-19,540,11899,370,6217,170,5682,0,0,365,7856,175,2021,365,9877,California
Yolo,2021-01-20,652,12551,378,6595,274,5956,0,0,469,8143,182,2203,469,10346,California
Yolo,2021-01-21,641,13192,381,6976,260,6216,0,0,453,8408,188,2391,453,10799,California
Yolo,2021-01-22,745,13937,249,7225,496,6712,0,0,628,8921,115,2506,628,11427,California
Yolo,2021-01-23,616,14553,124,7349,492,7204,0,0,568,9441,48,2554,568,11995,California
Yolo,2021-01-24,205,14758,122,7471,83,7287,0,0,165,9566,40,2594,165,12160,California
Yolo,2021-01-25,726,15484,150,7621,576,7863,0,0,512,9864,214,2808,512,12672,California
Yolo,2021-01-26,810,16294,327,7948,483,8346,0,0,425,9904,385,3193,425,13097,California
Yolo,2021-01-27,556,16850,221,8169,335,8681,0,0,383,10114,173,3366,383,13480,California
Yolo,2021-01-28,1047,17897,565,8734,482,9163,0,0,923,10914,123,3489,923,14403,California
Yolo,2021-01-29,863,18760,261,8995,602,9765,0,0,780,11612,83,3572,781,15184,California
Yolo,2021-01-30,1519,20279,921,9916,598,10363,0,0,1412,12923,101,3673,1412,16596,California
Yolo,2021-01-31,251,20530,212,10128,39,10402,0,0,216,13105,34,3707,216,16812,California
Yolo,2021-02-01,842,21372,356,10484,486,10888,0,0,611,13488,228,3935,611,17423,California
Yolo,2021-02-02,1321,22693,748,11232,573,11461,0,0,930,14028,391,4326,931,18354,California
Yolo,2021-02-03,1517,24210,393,11625,1124,12585,0,0,1187,14891,327,4653,1190,19544,California
Yolo,2021-02-04,1782,25992,278,11903,1504,14089,0,0,1236,15592,535,5188,1236,20780,California
Yolo,2021-02-05,1586,27578,895,12798,691,14780,0,0,1184,16379,400,5588,1187,21967,California
Yolo,2021-02-06,1922,29500,1251,14049,671,15451,0,0,1563,17584,359,5947,1564,23531,California
Yolo,2021-02-07,515,30015,247,14296,268,15719,0,0,169,17408,345,6292,169,23700,California
Yolo,2021-02-08,954,30969,330,14626,624,16343,0,0,612,17681,339,6631,612,24312,California
Yolo,2021-02-09,850,31819,381,15007,469,16812,0,0,575,17981,275,6906,575,24887,California
Yolo,2021-02-10,1427,33246,468,15475,959,17771,0,0,797,18150,629,7535,798,25685,California
Yolo,2021-02-11,1523,34769,768,16243,755,18526,0,0,1149,18925,374,7909,1149,26834,California
Yolo,2021-02-12,1903,36672,744,16987,1159,19685,0,0,1438,19901,462,8371,1438,28272,California
Yolo,2021-02-13,2049,38721,713,17700,1336,21021,0,0,1385,20622,664,9035,1385,29657,California
Yolo,2021-02-14,564,39285,151,17851,413,21434,0,0,441,20940,123,9158,441,30098,California
Yolo,2021-02-15,520,39805,188,18039,332,21766,0,0,259,20939,261,9419,260,30358,California
Yolo,2021-02-16,1114,40919,422,18461,692,22458,0,0,812,21450,302,9721,813,31171,California
Yolo,2021-02-17,1374,42293,697,19158,677,23135,0,0,989,22053,386,10107,989,32160,California
Yolo,2021-02-18,2431,44724,750,19908,1681,24816,0,0,1672,22968,757,10864,1672,33832,California
Yolo,2021-02-19,1723,46447,739,20647,984,25800,0,0,1111,23470,611,11475,1113,34945,California
Yolo,2021-02-20,2450,48897,946,21593,1504,27304,0,0,1377,23779,1068,12543,1377,36322,California
Yolo,2021-02-21,276,49173,223,21816,53,27357,0,0,70,23644,205,12748,70,36392,California
Yolo,2021-02-22,1360,50533,597,22413,763,28120,0,0,695,23676,664,13412,696,37088,California
Yolo,2021-02-23,1116,51649,837,23250,279,28399,0,0,439,23439,676,14088,439,37527,California
Yolo,2021-02-24,2061,53710,589,23839,1472,29871,0,0,1358,24095,702,14790,1358,38885,California
Yolo,2021-02-25,1327,55037,435,24274,892,30763,0,0,864,24496,463,15253,864,39749,California
Yolo,2021-02-26,2506,57543,964,25238,1542,32305,0,0,1321,24636,1181,16434,1321,41070,California
Yolo,2021-02-27,1635,59178,767,26005,868,33173,0,0,1187,25375,448,16882,1187,42257,California
Yolo,2021-02-28,1773,60951,1499,27504,274,33447,0,0,678,24959,1094,17976,678,42935,California
Yolo,2021-03-01,1063,62014,346,27850,717,34164,0,0,637,25173,424,18400,638,43573,California
Yolo,2021-03-02,1401,63415,664,28514,737,34901,0,0,887,25546,514,18914,887,44460,California
Yolo,2021-03-03,1721,65136,575,29089,1146,36047,0,0,753,25333,966,19880,753,45213,California
Yolo,2021-03-04,2568,67704,1277,30366,1291,37338,0,0,1384,25535,1182,21062,1384,46597,California
Yolo,2021-03-05,2072,69776,1219,31585,842,38180,11,11,1223,25924,848,21910,1237,47834,California
Yolo,2021-03-06,1370,71146,1063,32648,283,38463,24,35,753,26086,615,22525,777,48611,California
Yolo,2021-03-07,862,72008,636,33284,214,38677,12,47,730,26697,132,22657,743,49354,California
Yolo,2021-03-08,977,72985,454,33738,480,39157,43,90,704,27174,270,22927,747,50101,California
Yolo,2021-03-09,1121,74106,595,34333,469,39626,57,147,740,27592,379,23306,797,50898,California
Yolo,2021-03-10,1602,75708,947,35280,392,40018,263,410,657,27567,943,24249,918,51816,California
Yolo,2021-03-11,2133,77841,1393,36673,674,40692,66,476,1435,28371,697,24946,1501,53317,California
Yolo,2021-03-12,2481,80322,1148,37821,1264,41956,69,545,1115,28196,1357,26303,1182,54499,California
Yolo,2021-03-13,1709,82031,659,38480,879,42835,171,716,916,28494,790,27093,1088,55587,California
Yolo,2021-03-14,650,82681,188,38668,319,43154,143,859,382,28752,267,27360,525,56112,California
Yolo,2021-03-15,1280,83961,754,39422,353,43507,173,1032,671,28989,606,27966,843,56955,California
Yolo,2021-03-16,1837,85798,709,40131,1057,44564,71,1103,1080,29385,756,28722,1152,58107,California
Yolo,2021-03-17,2340,88138,941,41072,1331,45895,68,1171,1611,30339,725,29447,1679,59786,California
Yolo,2021-03-18,2509,90647,731,41803,1564,47459,214,1385,970,29987,1537,30984,1185,60971,California
Yolo,2021-03-19,1375,92022,634,42437,696,48155,45,1430,775,30213,594,31578,820,61791,California
Yolo,2021-03-20,2126,94148,574,43011,1526,49681,26,1456,658,29433,1465,33043,685,62476,California
Yolo,2021-03-21,309,94457,220,43231,83,49764,6,1462,223,29577,85,33128,229,62705,California
Yolo,2021-03-22,1335,95792,457,43688,827,50591,51,1513,863,30023,470,33598,916,63621,California
Yolo,2021-03-23,1694,97486,923,44611,710,51301,61,1574,1037,30465,657,34255,1099,64720,California
Yolo,2021-03-24,2756,100242,1351,45962,1355,52656,50,1624,1367,30508,1379,35634,1422,66142,California
Yolo,2021-03-25,2349,102591,1236,47198,1080,53736,33,1657,1130,30486,1215,36849,1193,67335,California
Yolo,2021-03-26,2294,104885,1161,48359,1112,54848,21,1678,993,30296,1294,38143,1104,68439,California
Yolo,2021-03-27,1607,106492,440,48799,1149,55997,18,1696,747,30250,858,39001,812,69251,California
Yolo,2021-03-28,1058,107550,819,49618,222,56219,17,1713,271,29771,782,39783,303,69554,California
Yolo,2021-03-29,1895,109445,773,50391,1107,57326,15,1728,933,29771,959,40742,959,70513,California
Yolo,2021-03-30,1930,111375,793,51184,1117,58443,20,1748,1087,30046,837,41579,1112,71625,California
Yolo,2021-03-31,1402,112777,578,51762,817,59260,7,1755,683,30027,718,42297,699,72324,California
Yuba,2020-12-16,4,4,4,4,0,0,0,0,4,4,0,0,4,4,California
Yuba,2020-12-17,4,8,4,8,0,0,0,0,4,8,0,0,4,8,California
Yuba,2020-12-18,8,16,8,16,0,0,0,0,8,16,0,0,8,16,California
Yuba,2020-12-19,12,28,12,28,0,0,0,0,12,28,0,0,12,28,California
Yuba,2020-12-20,20,48,20,48,0,0,0,0,20,48,0,0,20,48,California
Yuba,2020-12-21,40,88,40,88,0,0,0,0,40,88,0,0,40,88,California
Yuba,2020-12-22,86,174,86,174,0,0,0,0,86,174,0,0,86,174,California
Yuba,2020-12-23,64,238,62,236,2,2,0,0,64,238,0,0,64,238,California
Yuba,2020-12-24,20,258,10,246,10,12,0,0,20,258,0,0,20,258,California
Yuba,2020-12-26,15,273,13,259,2,14,0,0,15,273,0,0,15,273,California
Yuba,2020-12-27,15,288,15,274,0,14,0,0,15,288,0,0,15,288,California
Yuba,2020-12-28,51,339,35,309,16,30,0,0,51,339,0,0,51,339,California
Yuba,2020-12-29,77,416,10,319,67,97,0,0,77,416,0,0,77,416,California
Yuba,2020-12-30,64,480,21,340,43,140,0,0,64,480,0,0,64,480,California
Yuba,2020-12-31,36,516,6,346,30,170,0,0,36,516,0,0,36,516,California
Yuba,2021-01-02,22,538,21,367,1,171,0,0,22,538,0,0,22,538,California
Yuba,2021-01-03,10,548,6,373,4,175,0,0,10,548,0,0,10,548,California
Yuba,2021-01-04,91,639,21,394,70,245,0,0,91,639,0,0,91,639,California
Yuba,2021-01-05,67,706,36,430,31,276,0,0,66,704,1,1,66,705,California
Yuba,2021-01-06,150,856,74,504,76,352,0,0,144,842,6,7,144,849,California
Yuba,2021-01-07,75,931,20,524,55,407,0,0,72,910,4,11,72,921,California
Yuba,2021-01-08,73,1004,24,548,49,456,0,0,66,969,7,18,66,987,California
Yuba,2021-01-09,19,1023,16,564,3,459,0,0,11,972,8,26,11,998,California
Yuba,2021-01-10,116,1139,22,586,94,553,0,0,94,1044,22,48,94,1092,California
Yuba,2021-01-11,72,1211,49,635,23,576,0,0,32,1036,40,88,32,1124,California
Yuba,2021-01-12,109,1320,79,714,30,606,0,0,44,1015,65,153,44,1168,California
Yuba,2021-01-13,119,1439,72,786,47,653,0,0,54,1005,64,217,54,1222,California
Yuba,2021-01-14,109,1548,43,829,66,719,0,0,97,1090,12,229,97,1319,California
Yuba,2021-01-15,201,1749,85,914,116,835,0,0,190,1269,11,240,190,1509,California
Yuba,2021-01-16,184,1933,21,935,163,998,0,0,172,1428,13,253,172,1681,California
Yuba,2021-01-17,13,1946,9,944,4,1002,0,0,7,1429,6,259,7,1688,California
Yuba,2021-01-18,60,2006,32,976,28,1030,0,0,35,1439,25,284,35,1723,California
Yuba,2021-01-19,81,2087,29,1005,52,1082,0,0,66,1490,15,299,66,1789,California
Yuba,2021-01-20,132,2219,86,1091,46,1128,0,0,109,1576,23,322,109,1898,California
Yuba,2021-01-21,213,2432,96,1187,117,1245,0,0,204,1771,9,331,204,2102,California
Yuba,2021-01-22,104,2536,6,1193,98,1343,0,0,95,1857,9,340,95,2197,California
Yuba,2021-01-23,201,2737,7,1200,194,1537,0,0,198,2052,3,343,198,2395,California
Yuba,2021-01-24,8,2745,6,1206,2,1539,0,0,6,2056,2,345,6,2401,California
Yuba,2021-01-25,83,2828,28,1234,55,1594,0,0,52,2078,30,375,52,2453,California
Yuba,2021-01-26,146,2974,38,1272,108,1702,0,0,91,2114,55,430,91,2544,California
Yuba,2021-01-27,181,3155,128,1400,53,1755,0,0,114,2161,67,497,114,2658,California
Yuba,2021-01-28,211,3366,78,1478,133,1888,0,0,171,2292,40,537,171,2829,California
Yuba,2021-01-29,154,3520,54,1532,100,1988,0,0,108,2354,46,583,108,2937,California
Yuba,2021-01-30,410,3930,23,1555,387,2375,0,0,399,2742,11,594,399,3336,California
Yuba,2021-01-31,17,3947,12,1567,5,2380,0,0,15,2755,2,596,15,3351,California
Yuba,2021-02-01,149,4096,72,1639,77,2457,0,0,129,2865,19,615,129,3480,California
Yuba,2021-02-02,122,4218,22,1661,100,2557,0,0,100,2943,22,637,100,3580,California
Yuba,2021-02-03,225,4443,29,1690,196,2753,0,0,112,2943,112,749,112,3692,California
Yuba,2021-02-04,295,4738,122,1812,173,2926,0,0,253,3154,42,791,253,3945,California
Yuba,2021-02-05,147,4885,31,1843,116,3042,0,0,71,3149,76,867,71,4016,California
Yuba,2021-02-06,448,5333,25,1868,423,3465,0,0,440,3581,8,875,440,4456,California
Yuba,2021-02-07,18,5351,11,1879,7,3472,0,0,15,3593,3,878,15,4471,California
Yuba,2021-02-08,97,5448,35,1914,62,3534,0,0,67,3630,30,908,67,4538,California
Yuba,2021-02-09,152,5600,54,1968,98,3632,0,0,85,3648,67,975,85,4623,California
Yuba,2021-02-10,346,5946,172,2140,174,3806,0,0,114,3531,231,1206,114,4737,California
Yuba,2021-02-11,399,6345,62,2202,337,4143,0,0,303,3740,94,1300,303,5040,California
Yuba,2021-02-12,262,6607,26,2228,236,4379,0,0,150,3778,112,1412,150,5190,California
Yuba,2021-02-13,439,7046,35,2263,404,4783,0,0,391,4121,48,1460,391,5581,California
Yuba,2021-02-14,53,7099,11,2274,42,4825,0,0,49,4166,4,1464,49,5630,California
Yuba,2021-02-15,91,7190,38,2312,53,4878,0,0,71,4217,20,1484,71,5701,California
Yuba,2021-02-16,196,7386,47,2359,149,5027,0,0,137,4295,59,1543,137,5838,California
Yuba,2021-02-17,369,7755,155,2514,214,5241,0,0,96,4118,273,1816,96,5934,California
Yuba,2021-02-18,306,8061,32,2546,274,5515,0,0,181,4174,125,1941,181,6115,California
Yuba,2021-02-19,212,8273,76,2622,136,5651,0,0,130,4222,82,2023,130,6245,California
Yuba,2021-02-20,380,8653,29,2651,351,6002,0,0,328,4498,52,2075,328,6573,California
Yuba,2021-02-21,17,8670,15,2666,2,6004,0,0,7,4495,10,2085,7,6580,California
Yuba,2021-02-22,126,8796,79,2745,47,6051,0,0,39,4448,86,2171,39,6619,California
Yuba,2021-02-23,112,8908,24,2769,88,6139,0,0,45,4427,66,2237,45,6664,California
Yuba,2021-02-24,473,9381,136,2905,337,6476,0,0,100,4154,373,2610,100,6764,California
Yuba,2021-02-25,322,9703,127,3032,195,6671,0,0,197,4226,125,2735,197,6961,California
Yuba,2021-02-26,249,9952,64,3096,185,6856,0,0,136,4251,111,2846,136,7097,California
Yuba,2021-02-27,467,10419,43,3139,424,7280,0,0,383,4551,83,2929,383,7480,California
Yuba,2021-02-28,66,10485,24,3163,42,7322,0,0,45,4575,21,2950,45,7525,California
Yuba,2021-03-01,151,10636,39,3202,112,7434,0,0,76,4577,74,3024,76,7601,California
Yuba,2021-03-02,150,10786,35,3237,115,7549,0,0,75,4577,75,3099,75,7676,California
Yuba,2021-03-03,612,11398,152,3389,460,8009,0,0,196,4358,415,3514,196,7872,California
Yuba,2021-03-04,461,11859,271,3660,190,8199,0,0,323,4544,137,3651,323,8195,California
Yuba,2021-03-05,284,12143,48,3708,235,8434,1,1,225,4711,59,3710,226,8421,California
Yuba,2021-03-06,273,12416,28,3736,239,8673,6,7,172,4788,101,3811,178,8599,California
Yuba,2021-03-07,50,12466,28,3764,22,8695,0,7,34,4806,16,3827,34,8633,California
Yuba,2021-03-08,158,12624,55,3819,89,8784,14,21,100,4862,58,3885,114,8747,California
Yuba,2021-03-09,172,12796,47,3866,106,8890,19,40,81,4871,91,3976,100,8847,California
Yuba,2021-03-10,705,13501,222,4088,467,9357,16,56,216,4615,488,4464,232,9079,California
Yuba,2021-03-11,385,13886,167,4255,207,9564,11,67,257,4755,128,4592,268,9347,California
Yuba,2021-03-12,385,14271,57,4312,281,9845,47,114,108,4634,277,4869,156,9503,California
Yuba,2021-03-13,442,14713,337,4649,92,9937,13,127,367,4939,75,4944,380,9883,California
Yuba,2021-03-14,82,14795,19,4668,53,9990,10,137,41,4949,41,4985,51,9934,California
Yuba,2021-03-15,186,14981,47,4715,121,10111,18,155,91,4963,95,5080,109,10043,California
Yuba,2021-03-16,235,15216,72,4787,141,10252,22,177,137,5025,97,5177,159,10202,California
Yuba,2021-03-17,694,15910,147,4934,518,10770,29,206,160,4682,532,5709,189,10391,California
Yuba,2021-03-18,435,16345,110,5044,235,11005,90,296,262,4862,173,5882,353,10744,California
Yuba,2021-03-19,245,16590,90,5134,118,11123,37,333,135,4924,110,5992,172,10916,California
Yuba,2021-03-20,460,17050,57,5191,396,11519,7,340,407,5286,52,6044,414,11330,California
Yuba,2021-03-21,62,17112,39,5230,23,11542,0,340,48,5320,14,6058,48,11378,California
Yuba,2021-03-22,178,17290,69,5299,102,11644,7,347,137,5423,41,6099,144,11522,California
Yuba,2021-03-23,206,17496,69,5368,115,11759,22,369,138,5516,67,6166,160,11682,California
Yuba,2021-03-24,717,18213,243,5611,405,12164,69,438,172,5214,543,6709,241,11923,California
Yuba,2021-03-25,453,18666,258,5869,170,12334,25,463,211,5208,242,6951,236,12159,California
Yuba,2021-03-26,352,19018,128,5997,203,12537,21,484,207,5294,144,7095,230,12389,California
Yuba,2021-03-27,444,19462,22,6019,421,12958,1,485,394,5641,50,7145,397,12786,California
Yuba,2021-03-28,94,19556,38,6057,53,13011,3,488,35,5620,59,7204,38,12824,California
Yuba,2021-03-29,281,19837,86,6143,167,13178,28,516,173,5713,108,7312,201,13025,California
Yuba,2021-03-30,236,20073,52,6195,177,13355,7,523,167,5817,69,7381,173,13198,California
Yuba,2021-03-31,186,20259,52,6247,133,13488,1,524,136,5904,50,7431,137,13335,California
