county,administered_date,total_doses,cumulative_total_doses,pfizer_doses,cumulative_pfizer_doses,moderna_doses,cumulative_moderna_doses,jj_doses,cumulative_jj_doses,partially_vaccinated,total_partially_vaccinated,fully_vaccinated,cumulative_fully_vaccinated,at_least_one_dose,cumulative_at_least_one_dose,california_flag
All CA Counties,2020-12-15,1152,1152,1152,1152,0,0,0,0,1152,1152,0,0,1152,1152,
All CA Counties,2020-12-16,8448,9600,8448,9600,0,0,0,0,8448,9600,0,0,8448,9600,
All CA Counties,2020-12-17,26504,36104,26504,36104,0,0,0,0,26506,36106,0,0,26506,36106,
All CA Counties,2020-12-18,45191,81295,45134,81238,57,57,0,0,45191,81296,1,1,45191,81297,
All CA Counties,2020-12-19,25484,106779,25457,106695,27,84,0,0,25483,106778,1,2,25483,106780,
All CA Counties,2020-12-20,19110,125889,19081,125776,29,113,0,0,19109,125886,1,3,19109,125889,
All CA Counties,2020-12-21,49748,175637,49657,175433,91,204,0,0,49749,175633,3,6,49750,175639,
All CA Counties,2020-12-22,50068,225705,47933,223366,2135,2339,0,0,50062,225691,4,10,50062,225701,
All CA Counties,2020-12-23,50624,276329,41814,265180,8810,11149,0,0,50619,276309,4,14,50622,276323,
All CA Counties,2020-12-24,24092,300421,16347,281527,7745,18894,0,0,24087,300393,5,19,24089,300412,
All CA Counties,2020-12-25,2350,302771,2025,283552,325,19219,0,0,2350,302743,0,19,2350,302762,
All CA Counties,2020-12-26,14622,317393,9468,293020,5154,24373,0,0,14620,317361,2,21,14620,317382,
All CA Counties,2020-12-27,9459,326852,5605,298625,3854,28227,0,0,9456,326814,3,24,9456,326838,
All CA Counties,2020-12-28,46044,372896,29486,328111,16558,44785,0,0,46040,372851,3,27,46040,372878,
All CA Counties,2020-12-29,51284,424180,28585,356696,22699,67484,0,0,51279,424126,4,31,51279,424157,
All CA Counties,2020-12-30,63090,487270,35622,392318,27468,94952,0,0,63079,487200,8,39,63082,487239,
All CA Counties,2020-12-31,29545,516815,10924,403242,18621,113573,0,0,29526,516710,17,56,29527,516766,
All CA Counties,2021-01-01,4526,521341,2044,405286,2482,116055,0,0,4518,521221,7,63,4518,521284,
All CA Counties,2021-01-02,18513,539854,10241,415527,8272,124327,0,0,18511,539732,0,63,18511,539795,
All CA Counties,2021-01-03,6195,546049,3506,419033,2689,127016,0,0,6161,545880,13,76,6161,545956,
All CA Counties,2021-01-04,43664,589713,22076,441109,21588,148604,0,0,43515,589286,109,185,43515,589471,
All CA Counties,2021-01-05,56684,646397,29875,470984,26809,175413,0,0,51038,634833,5586,5771,51133,640604,
All CA Counties,2021-01-06,73540,719937,40585,511569,32955,208368,0,0,57837,677187,15522,21293,57876,698480,
All CA Counties,2021-01-07,92433,812370,52588,564157,39845,248213,0,0,60988,706957,31274,52567,61044,759524,
All CA Counties,2021-01-08,106975,919345,64244,628401,42731,290944,0,0,65231,730649,41603,94170,65295,824819,
All CA Counties,2021-01-09,44475,963820,25573,653974,18902,309846,0,0,27855,741939,16593,110763,27883,852702,
All CA Counties,2021-01-10,24361,988181,14875,668849,9486,319332,0,0,13110,743834,11234,121997,13129,865831,
All CA Counties,2021-01-11,104715,1092896,69658,738507,35057,354389,0,0,60759,760857,43910,165907,60933,926764,
All CA Counties,2021-01-12,113845,1206741,67396,805903,46449,400838,0,0,72532,792417,41210,207117,72770,999534,
All CA Counties,2021-01-13,119518,1326259,62027,867930,57491,458329,0,0,85560,844193,33870,240987,85646,1085180,
All CA Counties,2021-01-14,124195,1450454,49814,917744,74381,532710,0,0,104468,929214,19620,260607,104641,1189821,
All CA Counties,2021-01-15,142403,1592857,52068,969812,90335,623045,0,0,127154,1041435,15152,275759,127373,1317194,
All CA Counties,2021-01-16,80721,1673578,27456,997268,53265,676310,0,0,73092,1106983,7600,283359,73148,1390342,
All CA Counties,2021-01-17,48313,1721891,16900,1014168,31413,707723,0,0,44637,1148000,3665,287024,44682,1435024,
All CA Counties,2021-01-18,88382,1810273,46163,1060331,42219,749942,0,0,69015,1197896,19292,306316,69188,1504212,
All CA Counties,2021-01-19,142338,1952611,73807,1134138,68531,818473,0,0,111058,1278106,31183,337499,111393,1615605,
All CA Counties,2021-01-20,161167,2113778,82250,1216388,78917,897390,0,0,127386,1372205,33555,371054,127654,1743259,
All CA Counties,2021-01-21,174356,2288134,77278,1293666,97078,994468,0,0,155115,1508667,19017,390071,155479,1898738,
All CA Counties,2021-01-22,170479,2458613,69496,1363162,100983,1095451,0,0,156079,1650646,14257,404328,156236,2054974,
All CA Counties,2021-01-23,111847,2570460,49634,1412796,62213,1157664,0,0,99253,1737492,12535,416863,99381,2154355,
All CA Counties,2021-01-24,61084,2631544,29520,1442316,31564,1189228,0,0,56396,1789295,4657,421520,56460,2210815,
All CA Counties,2021-01-25,145563,2777107,65520,1507836,80043,1269271,0,0,110262,1864763,35167,456687,110635,2321450,
All CA Counties,2021-01-26,169721,2946828,83363,1591199,86358,1355629,0,0,131984,1959416,37598,494285,132251,2453701,
All CA Counties,2021-01-27,183372,3130200,88278,1679477,95094,1450723,0,0,143761,2064118,39278,533563,143980,2597681,
All CA Counties,2021-01-28,188973,3319173,87276,1766753,101697,1552420,0,0,154570,2184810,34107,567670,154799,2752480,
All CA Counties,2021-01-29,184687,3503860,88826,1855579,95861,1648281,0,0,149748,2300391,34350,602020,149931,2902411,
All CA Counties,2021-01-30,124309,3628169,56159,1911738,68150,1716431,0,0,108843,2394085,15294,617314,108988,3011399,
All CA Counties,2021-01-31,69672,3697841,39109,1950847,30563,1746994,0,0,64735,2453991,4887,622201,64793,3076192,
All CA Counties,2021-02-01,162583,3860424,76293,2027140,86290,1833284,0,0,121703,2535125,40705,662906,121839,3198031,
All CA Counties,2021-02-02,186090,4046514,78414,2105554,107676,1940960,0,0,141437,2632450,44361,707267,141686,3339717,
All CA Counties,2021-02-03,211849,4258363,96093,2201647,115756,2056716,0,0,157259,2735914,54088,761355,157552,3497269,
All CA Counties,2021-02-04,228512,4486875,100201,2301848,128311,2185027,0,0,167720,2843800,60246,821601,168132,3665401,
All CA Counties,2021-02-05,246873,4733748,106850,2408698,140023,2325050,0,0,167799,2933933,78264,899865,168397,3833798,
All CA Counties,2021-02-06,155445,4889193,75409,2484107,80036,2405086,0,0,120571,3020303,34702,934567,121072,3954870,
All CA Counties,2021-02-07,67372,4956565,43707,2527814,23665,2428751,0,0,50898,3055259,16392,950959,51348,4006218,
All CA Counties,2021-02-08,182073,5138638,89981,2617795,92092,2520843,0,0,120340,3115068,61290,1012249,121099,4127317,
All CA Counties,2021-02-09,211894,5350532,102602,2720397,109292,2630135,0,0,127107,3159010,84323,1096572,128265,4255582,
All CA Counties,2021-02-10,249183,5599715,120105,2840502,129078,2759213,0,0,138387,3188928,109973,1206545,139891,4395473,
All CA Counties,2021-02-11,266214,5865929,131892,2972394,134322,2893535,0,0,145550,3216777,119518,1326063,147367,4542840,
All CA Counties,2021-02-12,272975,6138904,119649,3092043,153326,3046861,0,0,147324,3241762,124758,1450821,149743,4692583,
All CA Counties,2021-02-13,166835,6305739,77444,3169487,89391,3136252,0,0,92085,3261431,74370,1525191,94039,4786622,
All CA Counties,2021-02-14,95443,6401182,47497,3216984,47946,3184198,0,0,51644,3270996,43625,1568816,53190,4839812,
All CA Counties,2021-02-15,142614,6543796,62558,3279542,80056,3264254,0,0,78811,3289508,63424,1632240,81936,4921748,
All CA Counties,2021-02-16,249524,6793320,118503,3398045,131021,3395275,0,0,133282,3310034,115856,1748096,136382,5058130,
All CA Counties,2021-02-17,259727,7053047,129345,3527390,130382,3525657,0,0,129113,3312307,130050,1878146,132323,5190453,
All CA Counties,2021-02-18,273653,7326700,142811,3670201,130842,3656499,0,0,132088,3307803,140826,2018972,136322,5326775,
All CA Counties,2021-02-19,254112,7580812,147392,3817593,106720,3763219,0,0,130811,3317908,122785,2141757,132890,5459665,
All CA Counties,2021-02-20,154199,7735011,98830,3916423,55369,3818588,0,0,84665,3335303,69252,2211009,86647,5546312,
All CA Counties,2021-02-21,83285,7818296,69017,3985440,14268,3832856,0,0,41759,3337341,41263,2252272,43301,5589613,
All CA Counties,2021-02-22,165489,7983785,110837,4096277,54652,3887508,0,0,82790,3339483,82360,2334632,84502,5674115,
All CA Counties,2021-02-23,227071,8210856,120191,4216468,106880,3994388,0,0,105683,3330402,120762,2455394,111681,5785796,
All CA Counties,2021-02-24,284648,8495504,144002,4360470,140646,4135034,0,0,135042,3324031,148962,2604356,142591,5928387,
All CA Counties,2021-02-25,323437,8818941,159610,4520080,163827,4298861,0,0,169323,3348516,153397,2757753,177882,6106269,
All CA Counties,2021-02-26,358139,9177080,167059,4687139,191080,4489941,0,0,199337,3397283,157854,2915607,206621,6312890,
All CA Counties,2021-02-27,254182,9431262,123844,4810983,130315,4620256,23,23,144262,3436716,109271,3024878,148704,6461594,
All CA Counties,2021-02-28,135606,9566868,81376,4892359,54219,4674475,11,34,79595,3463612,55552,3080430,82448,6544042,
All CA Counties,2021-03-01,245280,9812148,131004,5023363,114145,4788620,131,165,141186,3505680,103265,3183695,145333,6689375,
All CA Counties,2021-03-02,290539,10102687,146876,5170239,143634,4932254,29,194,175094,3572801,114896,3298591,182017,6871392,
All CA Counties,2021-03-03,335784,10438471,167344,5337583,168376,5100630,64,258,193928,3632961,141129,3439720,201289,7072681,
All CA Counties,2021-03-04,353497,10791968,178704,5516287,174698,5275328,95,353,207653,3702682,145061,3584781,214782,7287463,
All CA Counties,2021-03-05,341066,11133034,167704,5683991,172232,5447560,1130,1483,212253,3795351,127972,3712753,220641,7508104,
All CA Counties,2021-03-06,260079,11393113,133557,5817548,118664,5566224,7858,9341,161741,3871755,97901,3810654,174305,7682409,
All CA Counties,2021-03-07,128164,11521277,78721,5896269,45274,5611498,4169,13510,80325,3912277,47643,3858297,88165,7770574,
All CA Counties,2021-03-08,220988,11742265,107855,6004124,102611,5714109,10522,24032,144771,3996734,75793,3934090,160250,7930824,
All CA Counties,2021-03-09,292334,12034599,139770,6143894,136606,5850715,15958,39990,164089,4053081,127736,4061826,184083,8114907,
All CA Counties,2021-03-10,323490,12358089,161290,6305184,137679,5988394,24521,64511,175380,4109730,147409,4209235,204058,8318965,
All CA Counties,2021-03-11,377246,12735335,182394,6487578,161483,6149877,33369,97880,193826,4158683,182437,4391672,231390,8550355,
All CA Counties,2021-03-12,395869,13131204,176897,6664475,172637,6322514,46335,144215,194204,4202553,200813,4592485,244683,8795038,
All CA Counties,2021-03-13,284044,13415248,125024,6789499,127823,6450337,31197,175412,153415,4261238,130163,4722648,188848,8983886,
All CA Counties,2021-03-14,155194,13570442,83428,6872927,56648,6506985,15118,190530,78693,4281102,76197,4798845,96061,9079947,
All CA Counties,2021-03-15,291427,13861869,139387,7012314,131408,6638393,20632,211162,158446,4331376,132197,4931042,182471,9262418,
All CA Counties,2021-03-16,370997,14232866,174190,7186504,179439,6817832,17368,228530,214892,4411495,155332,5086374,235451,9497869,
All CA Counties,2021-03-17,385405,14618271,190940,7377444,175819,6993651,18646,247176,238656,4525444,145864,5232238,259813,9757682,
All CA Counties,2021-03-18,402474,15020745,205935,7583379,178215,7171866,18324,265500,238264,4621089,163069,5395307,258714,10016396,
All CA Counties,2021-03-19,411241,15431986,216164,7799543,173413,7345279,21664,287164,238209,4710994,172028,5567335,261933,10278329,
All CA Counties,2021-03-20,295660,15727646,155619,7955162,124125,7469404,15916,303080,186601,4806668,108343,5675678,204017,10482346,
All CA Counties,2021-03-21,143915,15871561,99503,8054665,36875,7506279,7537,310617,88305,4848681,55209,5730887,97222,10579568,
All CA Counties,2021-03-22,273693,16145254,159400,8214065,103059,7609338,11234,321851,177668,4945413,95209,5826096,191941,10771509,
All CA Counties,2021-03-23,357802,16503056,196976,8411041,149738,7759076,11088,332939,219429,5041088,137427,5963523,233102,11004611,
All CA Counties,2021-03-24,388166,16891222,222193,8633234,153431,7912507,12542,345481,225139,5119097,161756,6125279,239765,11244376,
All CA Counties,2021-03-25,418496,17309718,230547,8863781,173049,8085556,14900,360381,236769,5192545,180366,6305645,253814,11498190,
All CA Counties,2021-03-26,435616,17745334,232980,9096761,186515,8272071,16121,376502,234854,5246859,199501,6505146,253815,11752005,
All CA Counties,2021-03-27,313471,18058805,166765,9263526,134909,8406980,11797,388299,157590,5263473,155013,6660159,171627,11923632,
All CA Counties,2021-03-28,169490,18228295,109122,9372648,56778,8463758,3590,391889,88461,5277123,80564,6740723,94214,12017846,
All CA Counties,2021-03-29,310690,18538985,167238,9539886,134395,8598153,9057,400946,172637,5324080,137242,6877965,184199,12202045,
All CA Counties,2021-03-30,398972,18937957,202068,9741954,178650,8776803,18254,419200,224134,5394214,174007,7051972,244141,12446186,
All CA Counties,2021-03-31,426843,19364800,232222,9974176,172876,8949679,21745,440945,237246,5465704,188507,7240479,259997,12706183,
All CA Counties,2021-04-01,492871,19857671,252388,10226564,200080,9149759,40403,481348,271294,5558414,220097,7460576,312807,13018990,
All CA Counties,2021-04-02,474262,20331933,231249,10457813,199776,9349535,43237,524585,257421,5645110,215561,7676137,302257,13321247,
All CA Counties,2021-04-03,330076,20662009,168200,10626013,120334,9469869,41542,566127,164569,5687512,164817,7840954,207219,13528466,
All CA Counties,2021-04-04,132629,20794638,69189,10695202,44372,9514241,19068,585195,58061,5690538,74240,7915194,77266,13605732,
All CA Counties,2021-04-05,353814,21148452,182344,10877546,131633,9645874,39837,625032,173962,5727630,179120,8094314,216212,13821944,
All CA Counties,2021-04-06,458191,21606643,232209,11109755,160369,9806243,65613,690645,222044,5781986,235171,8329485,289527,14111471,
All CA Counties,2021-04-07,473008,22079651,245568,11355323,157327,9963570,70113,760758,230310,5841670,241695,8571180,301379,14412850,
All CA Counties,2021-04-08,500714,22580365,252513,11607836,163603,10127173,84598,845356,235582,5900134,263886,8835066,322350,14735200,
All CA Counties,2021-04-09,495895,23076260,247255,11855091,168555,10295728,80085,925441,228492,5945418,266274,9101340,311558,15046758,
All CA Counties,2021-04-10,368407,23444667,168663,12023754,125330,10421058,74414,999855,154571,5963981,213045,9314385,231608,15278366,
All CA Counties,2021-04-11,188082,23632749,105670,12129424,48294,10469352,34118,1033973,78127,5969448,109588,9423973,115055,15393421,
All CA Counties,2021-04-12,340945,23973694,175125,12304549,127566,10596918,38254,1072227,157972,5987247,181956,9605929,199755,15593176,
All CA Counties,2021-04-13,434254,24407948,243059,12547608,190232,10787150,963,1073190,242858,6043755,190339,9796268,246847,15840023,
All CA Counties,2021-04-14,454565,24862513,254843,12802451,199428,10986578,294,1073484,237053,6069377,216263,10012531,241885,16081908,
All CA Counties,2021-04-15,494889,25357402,288301,13090752,206296,11192874,292,1073776,277893,6134939,215471,10228002,281033,16362941,
All CA Counties,2021-04-16,479270,25836672,269710,13360462,209248,11402122,312,1074088,256202,6172211,221692,10449694,258964,16621905,
All CA Counties,2021-04-17,344952,26181624,193413,13553875,151474,11553596,65,1074153,196414,6224280,147601,10597295,199670,16821575,
All CA Counties,2021-04-18,155853,26337477,99004,13652879,56831,11610427,18,1074171,80302,6232569,75108,10672403,83397,16904972,
All CA Counties,2021-04-19,320746,26658223,184453,13837332,136194,11746621,99,1074270,152127,6219127,167653,10840056,154211,17059183,
All CA Counties,2021-04-20,409224,27067447,217802,14055134,191341,11937962,81,1074351,204073,6222550,204062,11044118,207485,17266668,
All CA Counties,2021-04-21,422855,27490302,239174,14294308,183412,12121374,269,1074620,203751,6212232,217622,11261740,207304,17473972,
All CA Counties,2021-04-22,446844,27937146,254588,14548896,192179,12313553,77,1074697,199441,6169030,245965,11507705,202763,17676735,
All CA Counties,2021-04-23,439364,28376510,249808,14798704,189467,12503020,89,1074786,199281,6133089,238637,11746342,202696,17879431,
All CA Counties,2021-04-24,325486,28701996,204936,15003640,120372,12623392,178,1074964,165324,6142673,159178,11905520,168762,18048193,
All CA Counties,2021-04-25,149768,28851764,98704,15102344,50996,12674388,68,1075032,80534,6155957,68750,11974270,82034,18130227,
All CA Counties,2021-04-26,300143,29151907,173417,15275761,125189,12799577,1537,1076569,131356,6125564,167769,12142039,137376,18267603,
All CA Counties,2021-04-27,368622,29520529,203269,15479030,158726,12958303,6627,1083196,148880,6065656,218562,12360601,158654,18426257,
All CA Counties,2021-04-28,352570,29873099,201774,15680804,142876,13101179,7920,1091116,145435,6015383,205994,12566595,155721,18581978,
All CA Counties,2021-04-29,362004,30235103,208148,15888952,145925,13247104,7931,1099047,132991,5930335,227805,12794400,142757,18724735,
All CA Counties,2021-04-30,374884,30609987,214585,16103537,151360,13398464,8939,1107986,142221,5852097,231343,13025743,153105,18877840,
All CA Counties,2021-05-01,247846,30857833,158414,16261951,83373,13481837,6059,1114045,89951,5793317,157014,13182757,98234,18976074,
All CA Counties,2021-05-02,116934,30974767,81719,16343670,31332,13513169,3883,1117928,40928,5762928,75594,13258351,45205,19021279,
All CA Counties,2021-05-03,253294,31228061,155529,16499199,89017,13602186,8748,1126676,77301,5674733,175110,13433461,86915,19108194,
All CA Counties,2021-05-04,326865,31554926,199031,16698230,118042,13720228,9792,1136468,97135,5554177,228647,13662108,108091,19216285,
All CA Counties,2021-05-05,330923,31885849,205364,16903594,115503,13835731,10056,1146524,93716,5422978,235956,13898064,104757,19321042,
All CA Counties,2021-05-06,348946,32234795,227421,17131015,110986,13946717,10539,1157063,88489,5265701,258795,14156859,101518,19422560,
All CA Counties,2021-05-07,348207,32583002,217852,17348867,120490,14067207,9865,1166928,94728,5119456,252071,14408930,105826,19528386,
All CA Counties,2021-05-08,225683,32808685,142889,17491756,75915,14143122,6879,1173807,61847,5026772,162874,14571804,70190,19598576,
All CA Counties,2021-05-09,93342,32902027,70358,17562114,20013,14163135,2971,1176778,25372,4987922,67636,14639440,28786,19627362,
All CA Counties,2021-05-10,202202,33104229,115140,17677254,79226,14242361,7836,1184614,50560,4896796,150816,14790256,59690,19687052,
All CA Counties,2021-05-11,265985,33370214,149132,17826386,108250,14350611,8603,1193217,70839,4783760,194197,14984453,81161,19768213,
All CA Counties,2021-05-12,267526,33637740,155489,17981875,102963,14453574,9074,1202291,75428,4678363,191051,15175504,85654,19853867,
All CA Counties,2021-05-13,311854,33949594,200578,18182453,103891,14557465,7385,1209676,118670,4615021,192040,15367544,128698,19982565,
All CA Counties,2021-05-14,333975,34283569,213564,18396017,111581,14669046,8830,1218506,131699,4556595,201039,15568583,142613,20125178,
All CA Counties,2021-05-15,276413,34559982,192782,18588799,77674,14746720,5957,1224463,113439,4514829,162110,15730693,120344,20245522,
All CA Counties,2021-05-16,136221,34696203,104493,18693292,28801,14775521,2927,1227390,55111,4492601,80660,15811353,58432,20303954,
All CA Counties,2021-05-17,238417,34934620,156768,18850060,74250,14849771,7399,1234789,95739,4454804,141791,15953144,103994,20407948,
All CA Counties,2021-05-18,279424,35214044,170150,19020210,101885,14951656,7389,1242178,110317,4405912,167991,16121135,119099,20527047,
All CA Counties,2021-05-19,273675,35487719,171044,19191254,95118,15046774,7513,1249691,114927,4371749,157710,16278845,123547,20650594,
All CA Counties,2021-05-20,260875,35748594,155716,19346970,97047,15143821,8112,1257803,101785,4325191,157965,16436810,111407,20762001,
All CA Counties,2021-05-21,280625,36029219,172731,19519701,99949,15243770,7945,1265748,108660,4272276,170723,16607533,117808,20879809,
All CA Counties,2021-05-22,202867,36232086,134430,19654131,62270,15306040,6167,1271915,86548,4250557,115534,16723067,93815,20973624,
All CA Counties,2021-05-23,86232,36318318,59954,19714085,23592,15329632,2686,1274601,37722,4243256,48102,16771169,40801,21014425,
All CA Counties,2021-05-24,166649,36484967,96638,19810723,61740,15391372,8271,1282872,63014,4212528,102844,16874013,72116,21086541,
All CA Counties,2021-05-25,188619,36673586,110925,19921648,69714,15461086,7980,1290852,72377,4178771,115228,16989241,81471,21168012,
All CA Counties,2021-05-26,183421,36857007,105672,20027320,69940,15531026,7809,1298661,72503,4149963,109836,17099077,81028,21249040,
All CA Counties,2021-05-27,171262,37028269,97974,20125294,64830,15595856,8458,1307119,70123,4129296,100301,17199378,79634,21328674,
All CA Counties,2021-05-28,187489,37215758,108373,20233667,72056,15667912,7060,1314179,81797,4114493,104762,17304140,89959,21418633,
All CA Counties,2021-05-29,106082,37321840,65169,20298836,37138,15705050,3775,1317954,50820,4114846,54736,17358876,55089,21473722,
All CA Counties,2021-05-30,46755,37368595,30853,20329689,13453,15718503,2449,1320403,20982,4112954,25541,17384417,23649,21497371,
All CA Counties,2021-05-31,19704,37388299,11609,20341298,7120,15725623,975,1321378,6469,4107421,13091,17397508,7558,21504929,
All CA Counties,2021-06-01,167121,37555420,97666,20438964,62447,15788070,7008,1328386,61970,4073083,104189,17501697,69851,21574780,
All CA Counties,2021-06-02,141765,37697185,83850,20522814,50849,15838919,7066,1335452,54914,4049740,85971,17587668,62628,21637408,
All CA Counties,2021-06-03,169827,37867012,116229,20639043,46609,15885528,6989,1342441,53650,3996019,115355,17703023,61634,21699042,
All CA Counties,2021-06-04,197821,38064833,139502,20778545,52208,15937736,6111,1348552,61645,3930435,135161,17838184,69577,21768619,
All CA Counties,2021-06-05,155960,38220793,117774,20896319,32647,15970383,5539,1354091,44830,3871370,110357,17948541,51292,21819911,
All CA Counties,2021-06-06,63035,38283828,53130,20949449,7718,15978101,2187,1356278,18444,3848487,44307,17992848,21424,21841335,
All CA Counties,2021-06-07,135563,38419391,99590,21049039,30124,16008225,5849,1362127,40939,3801933,94033,18086881,47479,21888814,
All CA Counties,2021-06-08,157068,38576459,114222,21163261,36173,16044398,6673,1368800,47711,3748855,108485,18195366,55407,21944221,
All CA Counties,2021-06-09,150853,38727312,109790,21273051,34353,16078751,6710,1375510,42058,3690517,108015,18303381,49677,21993898,
All CA Counties,2021-06-10,145585,38872897,105012,21378063,33371,16112122,7202,1382712,43109,3640082,101778,18405159,51343,22045241,
All CA Counties,2021-06-11,157355,39030252,110582,21488645,40129,16152251,6644,1389356,49239,3589604,107248,18512407,56770,22102011,
All CA Counties,2021-06-12,113671,39143923,86164,21574809,23839,16176090,3668,1393024,32572,3545913,80574,18592981,36883,22138894,
All CA Counties,2021-06-13,44066,39187989,32777,21607586,9268,16185358,2021,1395045,11290,3527073,32545,18625526,13705,22152599,
All CA Counties,2021-06-14,114283,39302272,81347,21688933,26244,16211602,6692,1401737,39166,3498994,74536,18700062,46457,22199056,
All CA Counties,2021-06-15,130927,39433199,88531,21777464,33708,16245310,8688,1410425,44054,3466566,86050,18786112,53622,22252678,
All CA Counties,2021-06-16,119255,39552454,84060,21861524,27641,16272951,7554,1417979,41335,3438986,77198,18863310,49618,22302296,
All CA Counties,2021-06-17,111327,39663781,77525,21939049,26495,16299446,7307,1425286,39634,3415558,70975,18934285,47547,22349843,
All CA Counties,2021-06-18,124735,39788516,86712,22025761,31151,16330597,6872,1432158,44911,3389093,78982,19013267,52517,22402360,
All CA Counties,2021-06-19,74310,39862826,54336,22080097,16353,16346950,3621,1435779,27833,3375167,45873,19059140,31947,22434307,
All CA Counties,2021-06-20,30365,39893191,22853,22102950,6179,16353129,1333,1437112,11458,3369464,18700,19077840,12997,22447304,
All CA Counties,2021-06-21,36860,39930051,21619,22124569,11003,16364132,4238,1441350,17110,3371470,19528,19097368,21534,22468838,
All CA and Non-CA Counties,2020-12-15,1160,1160,1160,1160,0,0,0,0,1160,1160,0,0,1160,1160,
All CA and Non-CA Counties,2020-12-16,8723,9883,8723,9883,0,0,0,0,8723,9883,0,0,8723,9883,
All CA and Non-CA Counties,2020-12-17,28111,37994,28111,37994,0,0,0,0,28111,37994,0,0,28111,37994,
All CA and Non-CA Counties,2020-12-18,47733,85727,47669,85663,64,64,0,0,47732,85725,1,1,47732,85726,
All CA and Non-CA Counties,2020-12-19,26523,112250,26496,112159,27,91,0,0,26522,112246,1,2,26522,112248,
All CA and Non-CA Counties,2020-12-20,19789,132039,19757,131916,32,123,0,0,19788,132033,1,3,19788,132036,
All CA and Non-CA Counties,2020-12-21,51939,183978,51845,183761,94,217,0,0,51936,183967,3,6,51937,183973,
All CA and Non-CA Counties,2020-12-22,52140,236118,49930,233691,2210,2427,0,0,52134,236097,4,10,52134,236107,
All CA and Non-CA Counties,2020-12-23,52160,288278,43205,276896,8955,11382,0,0,52154,288249,5,15,52157,288264,
All CA and Non-CA Counties,2020-12-24,24897,313175,16959,293855,7938,19320,0,0,24892,313138,5,20,24894,313158,
All CA and Non-CA Counties,2020-12-25,2384,315559,2054,295909,330,19650,0,0,2384,315522,0,20,2384,315542,
All CA and Non-CA Counties,2020-12-26,14931,330490,9676,305585,5255,24905,0,0,14929,330449,2,22,14929,330471,
All CA and Non-CA Counties,2020-12-27,9649,340139,5677,311262,3972,28877,0,0,9646,340092,3,25,9646,340117,
All CA and Non-CA Counties,2020-12-28,47457,387596,30385,341647,17072,45949,0,0,47453,387542,3,28,47453,387570,
All CA and Non-CA Counties,2020-12-29,52827,440423,29607,371254,23220,69169,0,0,52822,440360,4,32,52822,440392,
All CA and Non-CA Counties,2020-12-30,65030,505453,36906,408160,28124,97293,0,0,65019,505374,8,40,65022,505414,
All CA and Non-CA Counties,2020-12-31,30649,536102,11524,419684,19125,116418,0,0,30628,535985,18,58,30629,536043,
All CA and Non-CA Counties,2021-01-01,4641,540743,2070,421754,2571,118989,0,0,4633,540611,7,65,4633,540676,
All CA and Non-CA Counties,2021-01-02,18762,559505,10377,432131,8385,127374,0,0,18759,559369,1,66,18759,559435,
All CA and Non-CA Counties,2021-01-03,6367,565872,3597,435728,2770,130144,0,0,6333,565689,13,79,6333,565768,
All CA and Non-CA Counties,2021-01-04,44810,610682,22585,458313,22225,152369,0,0,44656,610235,110,189,44656,610424,
All CA and Non-CA Counties,2021-01-05,58237,668919,30699,489012,27538,179907,0,0,52397,656950,5778,5967,52493,662917,
All CA and Non-CA Counties,2021-01-06,76227,745146,42174,531186,34053,213960,0,0,59788,700522,16255,22222,59827,722744,
All CA and Non-CA Counties,2021-01-07,96646,841792,55189,586375,41457,255417,0,0,63544,731196,32928,55150,63602,786346,
All CA and Non-CA Counties,2021-01-08,111456,953248,67145,653520,44311,299728,0,0,67839,755635,43468,98618,67907,854253,
All CA and Non-CA Counties,2021-01-09,45775,999023,26106,679626,19669,319397,0,0,28827,767572,16920,115538,28857,883110,
All CA and Non-CA Counties,2021-01-10,24661,1023684,15062,694688,9599,328996,0,0,13287,769521,11357,126895,13306,896416,
All CA and Non-CA Counties,2021-01-11,108009,1131693,71681,766369,36328,365324,0,0,62715,787162,45248,172143,62889,959305,
All CA and Non-CA Counties,2021-01-12,117700,1249393,69710,836079,47990,413314,0,0,74835,819483,42757,214900,75078,1034383,
All CA and Non-CA Counties,2021-01-13,123194,1372587,63842,899921,59352,472666,0,0,88048,872564,35057,249957,88138,1122521,
All CA and Non-CA Counties,2021-01-14,127897,1500484,51094,951015,76803,549469,0,0,107524,960011,20253,270210,107700,1230221,
All CA and Non-CA Counties,2021-01-15,146602,1647086,53080,1004095,93522,642991,0,0,130874,1075486,15618,285828,131093,1361314,
All CA and Non-CA Counties,2021-01-16,83400,1730486,27850,1031945,55550,698541,0,0,75594,1143361,7775,293603,75650,1436964,
All CA and Non-CA Counties,2021-01-17,48822,1779308,17054,1048999,31768,730309,0,0,45097,1184789,3714,297317,45142,1482106,
All CA and Non-CA Counties,2021-01-18,89602,1868910,46943,1095942,42659,772968,0,0,69780,1234996,19746,317063,69953,1552059,
All CA and Non-CA Counties,2021-01-19,146455,2015365,75145,1171087,71310,844278,0,0,114275,1317527,32082,349145,114613,1666672,
All CA and Non-CA Counties,2021-01-20,165665,2181030,83738,1254825,81927,926205,0,0,130883,1414126,34553,383698,131152,1797824,
All CA and Non-CA Counties,2021-01-21,178615,2359645,78473,1333298,100142,1026347,0,0,158792,1553698,19584,403282,159156,1956980,
All CA and Non-CA Counties,2021-01-22,175071,2534716,70617,1403915,104454,1130801,0,0,160259,1699452,14664,417946,160418,2117398,
All CA and Non-CA Counties,2021-01-23,114094,2648810,49975,1453890,64119,1194920,0,0,101334,1788214,12701,430647,101463,2218861,
All CA and Non-CA Counties,2021-01-24,61657,2710467,29756,1483646,31901,1226821,0,0,56890,1840431,4737,435384,56954,2275815,
All CA and Non-CA Counties,2021-01-25,149988,2860455,67406,1551052,82582,1309403,0,0,113818,1918591,36032,471416,114192,2390007,
All CA and Non-CA Counties,2021-01-26,175491,3035946,86090,1637142,89401,1398804,0,0,136899,2017309,38455,509871,137173,2527180,
All CA and Non-CA Counties,2021-01-27,188101,3224047,90684,1727826,97417,1496221,0,0,147854,2125475,39909,549780,148075,2675255,
All CA and Non-CA Counties,2021-01-28,193886,3417933,89824,1817650,104062,1600283,0,0,158883,2249888,34699,584479,159112,2834367,
All CA and Non-CA Counties,2021-01-29,189339,3607272,91671,1909321,97668,1697951,0,0,153602,2368529,35145,619624,153786,2988153,
All CA and Non-CA Counties,2021-01-30,128401,3735673,58254,1967575,70147,1768098,0,0,112705,2465854,15526,635150,112851,3101004,
All CA and Non-CA Counties,2021-01-31,72341,3808014,41388,2008963,30953,1799051,0,0,67349,2528320,4942,640092,67408,3168412,
All CA and Non-CA Counties,2021-02-01,167962,3975976,78711,2087674,89251,1888302,0,0,126356,2613388,41424,681516,126492,3294904,
All CA and Non-CA Counties,2021-02-02,192558,4168534,80376,2168050,112182,2000484,0,0,147183,2715746,45076,726592,147434,3442338,
All CA and Non-CA Counties,2021-02-03,218959,4387493,97971,2266021,120988,2121472,0,0,163492,2824577,54958,781550,163789,3606127,
All CA and Non-CA Counties,2021-02-04,235067,4622560,102135,2368156,132932,2254404,0,0,173263,2937005,61248,842798,173676,3779803,
All CA and Non-CA Counties,2021-02-05,253417,4875977,108823,2476979,144594,2398998,0,0,173256,3031516,79345,922143,173856,3953659,
All CA and Non-CA Counties,2021-02-06,159436,5035413,77150,2554129,82286,2481284,0,0,124105,3120974,35151,957294,124609,4078268,
All CA and Non-CA Counties,2021-02-07,69184,5104597,45132,2599261,24052,2505336,0,0,52634,3157592,16468,973762,53086,4131354,
All CA and Non-CA Counties,2021-02-08,186593,5291190,92544,2691805,94049,2599385,0,0,123800,3219813,62339,1036101,124560,4255914,
All CA and Non-CA Counties,2021-02-09,215837,5507027,104202,2796007,111635,2711020,0,0,129750,3265124,85613,1121714,130924,4386838,
All CA and Non-CA Counties,2021-02-10,254469,5761496,121756,2917763,132713,2843733,0,0,141244,3295521,112394,1234108,142791,4529629,
All CA and Non-CA Counties,2021-02-11,270745,6032241,133872,3051635,136873,2980606,0,0,148758,3325283,120830,1354938,150592,4680221,
All CA and Non-CA Counties,2021-02-12,278107,6310348,121483,3173118,156624,3137230,0,0,150618,3351745,126583,1481521,153045,4833266,
All CA and Non-CA Counties,2021-02-13,169132,6479480,78086,3251204,91046,3228276,0,0,93827,3372614,74924,1556445,95793,4929059,
All CA and Non-CA Counties,2021-02-14,96708,6576188,47845,3299049,48863,3277139,0,0,52665,3382962,43865,1600310,54213,4983272,
All CA and Non-CA Counties,2021-02-15,145044,6721232,63988,3363037,81056,3358195,0,0,80008,3401456,64642,1664952,83136,5066408,
All CA and Non-CA Counties,2021-02-16,255656,6976888,121106,3484143,134550,3492745,0,0,135786,3420873,119473,1784425,138890,5205298,
All CA and Non-CA Counties,2021-02-17,265257,7242145,131938,3616081,133319,3626064,0,0,130866,3421133,133821,1918246,134081,5339379,
All CA and Non-CA Counties,2021-02-18,279686,7521831,146102,3762183,133584,3759648,0,0,134110,3414662,144815,2063061,138344,5477723,
All CA and Non-CA Counties,2021-02-19,259548,7781379,151080,3913263,108468,3868116,0,0,133200,3424119,125824,2188885,135281,5613004,
All CA and Non-CA Counties,2021-02-20,157183,7938562,101161,4014424,56022,3924138,0,0,85894,3440993,71003,2259888,87877,5700881,
All CA and Non-CA Counties,2021-02-21,85639,8024201,71151,4085575,14488,3938626,0,0,42576,3442317,42794,2302682,44118,5744999,
All CA and Non-CA Counties,2021-02-22,168765,8192966,113172,4198747,55593,3994219,0,0,84410,3444430,84013,2386695,86126,5831125,
All CA and Non-CA Counties,2021-02-23,232813,8425779,123339,4322086,109474,4103693,0,0,108001,3434264,124178,2510873,114012,5945137,
All CA and Non-CA Counties,2021-02-24,290785,8716564,147326,4469412,143459,4247152,0,0,137488,3426658,152646,2663519,145040,6090177,
All CA and Non-CA Counties,2021-02-25,330094,9046658,162915,4632327,167179,4414331,0,0,172396,3450666,156951,2820470,180959,6271136,
All CA and Non-CA Counties,2021-02-26,364744,9411402,170459,4802786,194285,4608616,0,0,202440,3499120,161271,2981741,209725,6480861,
All CA and Non-CA Counties,2021-02-27,259313,9670715,126278,4929064,133011,4741627,24,24,146148,3537211,112503,3094244,150594,6631455,
All CA and Non-CA Counties,2021-02-28,137711,9808426,82838,5011902,54861,4796488,12,36,80397,3563614,56850,3151094,83253,6714708,
All CA and Non-CA Counties,2021-03-01,249616,10058042,133550,5145452,115934,4912422,132,168,142541,3604073,106235,3257329,146694,6861402,
All CA and Non-CA Counties,2021-03-02,296974,10355016,149108,5294560,147837,5060259,29,197,177154,3668894,119258,3376587,184079,7045481,
All CA and Non-CA Counties,2021-03-03,343467,10698483,170224,5464784,173177,5233436,66,263,196612,3726759,146113,3522700,203978,7249459,
All CA and Non-CA Counties,2021-03-04,360070,11058553,181368,5646152,178601,5412037,101,364,209974,3794575,149295,3671995,217111,7466570,
All CA and Non-CA Counties,2021-03-05,346241,11404794,170261,5816413,174836,5586873,1144,1508,214986,3887566,130405,3802400,223396,7689966,
All CA and Non-CA Counties,2021-03-06,264624,11669418,135631,5952044,120977,5707850,8016,9524,164081,3964273,100105,3902505,176812,7866778,
All CA and Non-CA Counties,2021-03-07,129684,11799102,79684,6031728,45774,5753624,4226,13750,81271,4005227,48216,3950721,89170,7955948,
All CA and Non-CA Counties,2021-03-08,224084,12023186,109707,6141435,103628,5857252,10749,24499,146964,4091236,76667,4027388,162676,8118624,
All CA and Non-CA Counties,2021-03-09,296966,12320152,142171,6283606,138549,5995801,16246,40745,166849,4148762,129605,4156993,187131,8305755,
All CA and Non-CA Counties,2021-03-10,327787,12647939,163361,6446967,139422,6135223,25004,65749,178059,4206970,149019,4306012,207227,8512982,
All CA and Non-CA Counties,2021-03-11,383326,13031265,185500,6632467,163791,6299014,34035,99784,197112,4257089,185223,4491235,235342,8748324,
All CA and Non-CA Counties,2021-03-12,402278,13433543,180774,6813241,174468,6473482,47036,146820,197754,4302361,203662,4694897,248934,8997258,
All CA and Non-CA Counties,2021-03-13,287766,13721309,127190,6940431,128934,6602416,31642,178462,155964,4362876,131329,4826226,191844,9189102,
All CA and Non-CA Counties,2021-03-14,156953,13878262,84345,7024776,57160,6659576,15448,193910,79656,4383238,76993,4903219,97355,9286457,
All CA and Non-CA Counties,2021-03-15,295438,14173700,141498,7166274,132838,6792414,21102,215012,160587,4434263,134061,5037280,185086,9471543,
All CA and Non-CA Counties,2021-03-16,378492,14552192,178546,7344820,182185,6974599,17761,232773,219068,4515631,158648,5195928,240016,9711559,
All CA and Non-CA Counties,2021-03-17,393814,14946006,196395,7541215,178393,7152992,19026,251799,243720,4631683,149206,5345134,265258,9976817,
All CA and Non-CA Counties,2021-03-18,410771,15356777,211059,7752274,180845,7333837,18867,270666,243062,4729182,166556,5511690,264055,10240872,
All CA and Non-CA Counties,2021-03-19,418539,15775316,220499,7972773,175830,7509667,22210,292876,242571,4821069,174958,5686648,266845,10507717,
All CA and Non-CA Counties,2021-03-20,300389,16075705,158748,8131521,125635,7635302,16006,308882,190205,4919328,109453,5796101,207712,10715429,
All CA and Non-CA Counties,2021-03-21,145987,16221692,100925,8232446,37436,7672738,7626,316508,89960,4962670,55624,5851725,98966,10814395,
All CA and Non-CA Counties,2021-03-22,276966,16498658,161375,8393821,104265,7777003,11326,327834,179906,5060707,96233,5947958,194270,11008665,
All CA and Non-CA Counties,2021-03-23,363873,16862531,200062,8593883,152413,7929416,11398,339232,223541,5158859,139372,6087330,237524,11246189,
All CA and Non-CA Counties,2021-03-24,395490,17258021,225939,8819822,156564,8085980,12987,352219,230189,5240094,164023,6251353,245258,11491447,
All CA and Non-CA Counties,2021-03-25,426770,17684791,234386,9054208,176958,8262938,15426,367645,242782,5317832,182615,6433968,260353,11751800,
All CA and Non-CA Counties,2021-03-26,442293,18127084,236496,9290704,189494,8452432,16303,383948,239256,5374480,201750,6635718,258398,12010198,
All CA and Non-CA Counties,2021-03-27,319026,18446110,169877,9460581,137134,8589566,12015,395963,161078,5392737,157074,6792792,175331,12185529,
All CA and Non-CA Counties,2021-03-28,172574,18618684,110770,9571351,58053,8647619,3751,399714,90447,5407442,81656,6874448,96361,12281890,
All CA and Non-CA Counties,2021-03-29,315884,18934568,169545,9740896,136938,8784557,9401,409115,175614,5455508,139454,7013902,187520,12469410,
All CA and Non-CA Counties,2021-03-30,405862,19340430,205693,9946589,181350,8965907,18819,427934,228208,5527483,176812,7190714,248787,12718197,
All CA and Non-CA Counties,2021-03-31,433196,19773626,236004,10182593,174668,9140575,22524,450458,240620,5600150,191480,7382194,264147,12982344,
All CA and Non-CA Counties,2021-04-01,500387,20274013,256875,10439468,202459,9343034,41053,491511,275641,5694689,223257,7605451,317796,13300140,
All CA and Non-CA Counties,2021-04-02,482725,20756738,235744,10675212,202596,9545630,44385,535896,261793,5782819,219643,7825094,307773,13607913,
All CA and Non-CA Counties,2021-04-03,336343,21093081,171950,10847162,121695,9667325,42698,578594,167913,5826802,167735,7992829,211718,13819631,
All CA and Non-CA Counties,2021-04-04,134412,21227493,70066,10917228,45042,9712367,19304,597898,59037,5830232,75046,8067875,78476,13898107,
All CA and Non-CA Counties,2021-04-05,357969,21585462,184351,11101579,133111,9845478,40507,638405,175946,5867811,181285,8249160,218864,14116971,
All CA and Non-CA Counties,2021-04-06,465382,22050844,236084,11337663,162037,10007515,67261,705666,224937,5922420,239455,8488615,294064,14411035,
All CA and Non-CA Counties,2021-04-07,481245,22532089,250194,11587857,159238,10166753,71813,777479,233514,5981975,246719,8735334,306274,14717309,
All CA and Non-CA Counties,2021-04-08,508980,23041069,256860,11844717,165581,10332334,86539,864018,238876,6040702,268848,9004182,327575,15044884,
All CA and Non-CA Counties,2021-04-09,503463,23544532,251131,12095848,170288,10502622,82044,946062,231402,6086206,270920,9275102,316424,15361308,
All CA and Non-CA Counties,2021-04-10,374496,23919028,171646,12267494,126578,10629200,76272,1022334,156243,6103880,217454,9492556,235128,15596436,
All CA and Non-CA Counties,2021-04-11,190937,24109965,107234,12374728,48945,10678145,34758,1057092,79098,6109077,111468,9604024,116665,15713101,
All CA and Non-CA Counties,2021-04-12,345130,24455095,177468,12552196,128854,10806999,38808,1095900,159841,6126992,184262,9788286,202177,15915278,
All CA and Non-CA Counties,2021-04-13,440102,24895197,246786,12798982,192329,10999328,987,1096887,245883,6183731,193157,9981443,249896,16165174,
All CA and Non-CA Counties,2021-04-14,460021,25355218,258327,13057309,201396,11200724,298,1097185,240049,6209899,218717,10200160,244885,16410059,
All CA and Non-CA Counties,2021-04-15,501078,25856296,292203,13349512,208576,11409300,299,1097484,281229,6276003,218272,10418432,284376,16694435,
All CA and Non-CA Counties,2021-04-16,485205,26341501,273107,13622619,211779,11621079,319,1097803,259518,6313991,224301,10642733,262289,16956724,
All CA and Non-CA Counties,2021-04-17,350493,26691994,196897,13819516,153530,11774609,66,1097869,199629,6366961,149916,10792649,202886,17159610,
All CA and Non-CA Counties,2021-04-18,157982,26849976,100197,13919713,57766,11832375,19,1097888,81318,6375163,76216,10868865,84418,17244028,
All CA and Non-CA Counties,2021-04-19,324933,27174909,186463,14106176,138370,11970745,100,1097988,154286,6361870,169670,11038535,156377,17400405,
All CA and Non-CA Counties,2021-04-20,414653,27589562,220277,14326453,194295,12165040,81,1098069,206300,6364330,207255,11245790,209715,17610120,
All CA and Non-CA Counties,2021-04-21,429312,28018874,241880,14568333,187158,12352198,274,1098343,206070,6352220,221739,11467529,209629,17819749,
All CA and Non-CA Counties,2021-04-22,453636,28472510,258040,14826373,195516,12547714,80,1098423,201938,6307239,250245,11717774,205264,18025013,
All CA and Non-CA Counties,2021-04-23,445254,28917764,252803,15079176,192361,12740075,90,1098513,201718,6270301,242074,11959848,205136,18230149,
All CA and Non-CA Counties,2021-04-24,330149,29247913,207986,15287162,121980,12862055,183,1098696,167194,6278975,161966,12121814,170640,18400789,
All CA and Non-CA Counties,2021-04-25,151999,29399912,99962,15387124,51968,12914023,69,1098765,81718,6292404,69793,12191607,83222,18484011,
All CA and Non-CA Counties,2021-04-26,304294,29704206,175248,15562372,127481,13041504,1565,1100330,133236,6261658,170030,12361637,139284,18623295,
All CA and Non-CA Counties,2021-04-27,374321,30078527,205388,15767760,161935,13203439,6998,1107328,150867,6200413,222264,12583901,161019,18784314,
All CA and Non-CA Counties,2021-04-28,357443,30435970,203854,15971614,145273,13348712,8316,1115644,147351,6149503,208938,12792839,158028,18942342,
All CA and Non-CA Counties,2021-04-29,366866,30802836,210394,16182008,148107,13496819,8365,1124009,134821,6063705,230819,13023658,145021,19087363,
All CA and Non-CA Counties,2021-04-30,379811,31182647,216956,16398964,153487,13650306,9368,1133377,144089,5984721,234389,13258047,155405,19242768,
All CA and Non-CA Counties,2021-05-01,251029,31433676,160262,16559226,84279,13734585,6488,1139865,91261,5925820,158875,13416922,99974,19342742,
All CA and Non-CA Counties,2021-05-02,118804,31552480,82816,16642042,31982,13766567,4006,1143871,41767,5895366,76621,13493543,46167,19388909,
All CA and Non-CA Counties,2021-05-03,256198,31808678,157103,16799145,90059,13856626,9036,1152907,78425,5806808,176885,13670428,88327,19477236,
All CA and Non-CA Counties,2021-05-04,330805,32139483,201139,17000284,119430,13976056,10236,1163143,98446,5685384,231268,13901696,109844,19587080,
All CA and Non-CA Counties,2021-05-05,335356,32474839,207837,17208121,117092,14093148,10427,1173570,95330,5553361,238768,14140464,106745,19693825,
All CA and Non-CA Counties,2021-05-06,353420,32828259,230159,17438280,112378,14205526,10883,1184453,90046,5395073,261707,14402171,103419,19797244,
All CA and Non-CA Counties,2021-05-07,352843,33181102,220520,17658800,122069,14327595,10254,1194707,96326,5247789,255097,14657268,107813,19905057,
All CA and Non-CA Counties,2021-05-08,228886,33409988,145038,17803838,76716,14404311,7132,1201839,62900,5154273,165013,14822281,71497,19976554,
All CA and Non-CA Counties,2021-05-09,94717,33504705,71268,17875106,20352,14424663,3097,1204936,25962,5115357,68416,14890697,29500,20006054,
All CA and Non-CA Counties,2021-05-10,204754,33709459,116307,17991413,80278,14504941,8169,1213105,51470,5023841,152451,15043148,60935,20066989,
All CA and Non-CA Counties,2021-05-11,268968,33978427,150548,18141961,109515,14614456,8905,1222010,71961,4910371,196057,15239205,82587,20149576,
All CA and Non-CA Counties,2021-05-12,270716,34249143,157014,18298975,104301,14718757,9401,1231411,76696,4804652,192967,15432172,87248,20236824,
All CA and Non-CA Counties,2021-05-13,314975,34564118,202370,18501345,105009,14823766,7596,1239007,120044,4741153,193783,15625955,130284,20367108,
All CA and Non-CA Counties,2021-05-14,337486,34901604,215531,18716876,112886,14936652,9069,1248076,133275,4682617,202966,15828921,144430,20511538,
All CA and Non-CA Counties,2021-05-15,279048,35180652,194327,18911203,78620,15015272,6101,1254177,114568,4640628,163609,15992530,121620,20633158,
All CA and Non-CA Counties,2021-05-16,137849,35318501,105535,19016738,29317,15044589,2997,1257174,55849,4618322,81547,16074077,59241,20692399,
All CA and Non-CA Counties,2021-05-17,241468,35559969,158379,19175117,75453,15120042,7636,1264810,97056,4580349,143520,16217597,105547,20797946,
All CA and Non-CA Counties,2021-05-18,282671,35842640,171788,19346905,103179,15223221,7704,1272514,111778,4531460,169767,16387364,120878,20918824,
All CA and Non-CA Counties,2021-05-19,277012,36119652,172724,19519629,96507,15319728,7781,1280295,116394,4497170,159571,16546935,125281,21044105,
All CA and Non-CA Counties,2021-05-20,263987,36383639,157438,19677067,98200,15417928,8349,1288644,103202,4450582,159652,16706587,113064,21157169,
All CA and Non-CA Counties,2021-05-21,283826,36667465,174520,19851587,101109,15519037,8197,1296841,110041,4397490,172533,16879120,119441,21276610,
All CA and Non-CA Counties,2021-05-22,205651,36873116,136272,19987859,63009,15582046,6370,1303211,88064,4376230,116795,16995915,95535,21372145,
All CA and Non-CA Counties,2021-05-23,87757,36960873,60946,20048805,24047,15606093,2764,1305975,38478,4368996,48870,17044785,41636,21413781,
All CA and Non-CA Counties,2021-05-24,169010,37129883,97744,20146549,62647,15668740,8619,1314594,64034,4338303,104177,17148962,73484,21487265,
All CA and Non-CA Counties,2021-05-25,190997,37320880,112029,20258578,70652,15739392,8316,1322910,73398,4304553,116576,17265538,82826,21570091,
All CA and Non-CA Counties,2021-05-26,185792,37506672,106765,20365343,70866,15810258,8161,1331071,73501,4275730,111202,17376740,82379,21652470,
All CA and Non-CA Counties,2021-05-27,173433,37680105,99058,20464401,65629,15875887,8746,1339817,71129,4255195,101461,17478201,80926,21733396,
All CA and Non-CA Counties,2021-05-28,189907,37870012,109581,20573982,72913,15948800,7413,1347230,82887,4240515,106083,17584284,91403,21824799,
All CA and Non-CA Counties,2021-05-29,107741,37977753,66001,20639983,37610,15986410,4130,1351360,51530,4240988,55681,17639965,56154,21880953,
All CA and Non-CA Counties,2021-05-30,47674,38025427,31417,20671400,13683,16000093,2574,1353934,21446,4239233,25993,17665958,24238,21905191,
All CA and Non-CA Counties,2021-05-31,20125,38045552,11797,20683197,7316,16007409,1012,1354946,6649,4233688,13320,17679278,7775,21912966,
All CA and Non-CA Counties,2021-06-01,169262,38214814,98781,20781978,63165,16070574,7316,1362262,63017,4199615,105279,17784557,71206,21984172,
All CA and Non-CA Counties,2021-06-02,143858,38358672,84928,20866906,51521,16122095,7409,1369671,55923,4176549,87046,17871603,63980,22048152,
All CA and Non-CA Counties,2021-06-03,172001,38530673,117437,20984343,47263,16169358,7301,1376972,54659,4122991,116512,17988115,62954,22111106,
All CA and Non-CA Counties,2021-06-04,200386,38731059,140944,21125287,53015,16222373,6427,1383399,62780,4057433,136585,18124700,71027,22182133,
All CA and Non-CA Counties,2021-06-05,157699,38888758,118995,21244282,33003,16255376,5701,1389100,45653,3998442,111269,18235969,52278,22234411,
All CA and Non-CA Counties,2021-06-06,63979,38952737,53837,21298119,7871,16263247,2271,1391371,18905,3975623,44788,18280757,21969,22256380,
All CA and Non-CA Counties,2021-06-07,137489,39090226,100631,21398750,30679,16293926,6179,1397550,41766,3929127,95131,18375888,48635,22305015,
All CA and Non-CA Counties,2021-06-08,159137,39249363,115407,21514157,36716,16330642,7014,1404564,48519,3875942,109740,18485628,56555,22361570,
All CA and Non-CA Counties,2021-06-09,152829,39402192,110978,21625135,34860,16365502,6991,1411555,42883,3817564,109160,18594788,50782,22412352,
All CA and Non-CA Counties,2021-06-10,147519,39549711,106136,21731271,33874,16399376,7509,1419064,43946,3767182,102870,18697658,52488,22464840,
All CA and Non-CA Counties,2021-06-11,159523,39709234,111826,21843097,40728,16440104,6969,1426033,50175,3716741,108473,18806131,58032,22522872,
All CA and Non-CA Counties,2021-06-12,115243,39824477,87328,21930425,24122,16464226,3793,1429826,33197,3672859,81517,18887648,37635,22560507,
All CA and Non-CA Counties,2021-06-13,44992,39869469,33404,21963829,9470,16473696,2118,1431944,11693,3654000,33064,18920712,14205,22574712,
All CA and Non-CA Counties,2021-06-14,116014,39985483,82316,22046145,26713,16500409,6985,1438929,39909,3625973,75518,18996230,47491,22622203,
All CA and Non-CA Counties,2021-06-15,132645,40118128,89481,22135626,34208,16534617,8956,1447885,44822,3593636,86995,19083225,54658,22676861,
All CA and Non-CA Counties,2021-06-16,120880,40239008,85033,22220659,28078,16562695,7769,1455654,42138,3566260,78012,19161237,50636,22727497,
All CA and Non-CA Counties,2021-06-17,113081,40352089,78495,22299154,26949,16589644,7637,1463291,40445,3543034,71915,19233152,48689,22776186,
All CA and Non-CA Counties,2021-06-18,126633,40478722,87755,22386909,31570,16621214,7308,1470599,45722,3516734,80063,19313215,53763,22829949,
All CA and Non-CA Counties,2021-06-19,75336,40554058,55024,22441933,16607,16637821,3705,1474304,28370,3502944,46358,19359573,32568,22862517,
All CA and Non-CA Counties,2021-06-20,31170,40585228,23444,22465377,6341,16644162,1385,1475689,11950,3497474,19011,19378584,13541,22876058,
All CA and Non-CA Counties,2021-06-21,37546,40622774,21848,22487225,11188,16655350,4510,1480199,17369,3499587,19952,19398536,22065,22898123,
Outside California,2020-12-15,8,8,8,8,0,0,0,0,8,8,0,0,8,8,Not in California
Outside California,2020-12-16,275,283,275,283,0,0,0,0,275,283,0,0,275,283,Not in California
Outside California,2020-12-17,1605,1888,1605,1888,0,0,0,0,1605,1888,0,0,1605,1888,Not in California
Outside California,2020-12-18,2541,4429,2534,4422,7,7,0,0,2541,4429,0,0,2541,4429,Not in California
Outside California,2020-12-19,1039,5468,1039,5461,0,7,0,0,1039,5468,0,0,1039,5468,Not in California
Outside California,2020-12-20,679,6147,676,6137,3,10,0,0,679,6147,0,0,679,6147,Not in California
Outside California,2020-12-21,2187,8334,2184,8321,3,13,0,0,2187,8334,0,0,2187,8334,Not in California
Outside California,2020-12-22,2072,10406,1997,10318,75,88,0,0,2072,10406,0,0,2072,10406,Not in California
Outside California,2020-12-23,1536,11942,1391,11709,145,233,0,0,1535,11940,1,1,1535,11941,Not in California
Outside California,2020-12-24,805,12747,612,12321,193,426,0,0,805,12745,0,1,805,12746,Not in California
Outside California,2020-12-25,34,12781,29,12350,5,431,0,0,34,12779,0,1,34,12780,Not in California
Outside California,2020-12-26,309,13090,208,12558,101,532,0,0,309,13088,0,1,309,13089,Not in California
Outside California,2020-12-27,190,13280,72,12630,118,650,0,0,190,13278,0,1,190,13279,Not in California
Outside California,2020-12-28,1412,14692,898,13528,514,1164,0,0,1412,14690,0,1,1412,14691,Not in California
Outside California,2020-12-29,1542,16234,1021,14549,521,1685,0,0,1542,16232,0,1,1542,16233,Not in California
Outside California,2020-12-30,1886,18120,1230,15779,656,2341,0,0,1886,18118,0,1,1886,18119,Not in California
Outside California,2020-12-31,1103,19223,600,16379,503,2844,0,0,1102,19219,1,2,1102,19221,Not in California
Outside California,2021-01-01,115,19338,26,16405,89,2933,0,0,115,19334,0,2,115,19336,Not in California
Outside California,2021-01-02,248,19586,136,16541,112,3045,0,0,247,19580,1,3,247,19583,Not in California
Outside California,2021-01-03,172,19758,91,16632,81,3126,0,0,172,19752,0,3,172,19755,Not in California
Outside California,2021-01-04,1145,20903,508,17140,637,3763,0,0,1140,20891,1,4,1140,20895,Not in California
Outside California,2021-01-05,1553,22456,824,17964,729,4492,0,0,1359,22059,192,196,1360,22255,Not in California
Outside California,2021-01-06,2683,25139,1587,19551,1096,5588,0,0,1947,23273,733,929,1947,24202,Not in California
Outside California,2021-01-07,4146,29285,2534,22085,1612,7200,0,0,2490,24111,1654,2583,2492,26694,Not in California
Outside California,2021-01-08,4481,33766,2901,24986,1580,8780,0,0,2607,24857,1865,4448,2611,29305,Not in California
Outside California,2021-01-09,1299,35065,532,25518,767,9547,0,0,971,25503,327,4775,973,30278,Not in California
Outside California,2021-01-10,300,35365,187,25705,113,9660,0,0,177,25557,123,4898,177,30455,Not in California
Outside California,2021-01-11,3275,38640,2004,27709,1271,10931,0,0,1937,26156,1338,6236,1937,32392,Not in California
Outside California,2021-01-12,3848,42488,2308,30017,1540,12471,0,0,2298,26912,1546,7782,2302,34694,Not in California
Outside California,2021-01-13,3673,46161,1812,31829,1861,14332,0,0,2485,28214,1187,8969,2489,37183,Not in California
Outside California,2021-01-14,3700,49861,1278,33107,2422,16754,0,0,3054,30638,633,9602,3057,40240,Not in California
Outside California,2021-01-15,4194,54055,1008,34115,3186,19940,0,0,3715,33887,466,10068,3715,43955,Not in California
Outside California,2021-01-16,2675,56730,390,34505,2285,22225,0,0,2498,36210,175,10243,2498,46453,Not in California
Outside California,2021-01-17,507,57237,152,34657,355,22580,0,0,458,36619,49,10292,458,46911,Not in California
Outside California,2021-01-18,1210,58447,770,35427,440,23020,0,0,755,36920,454,10746,755,47666,Not in California
Outside California,2021-01-19,4112,62559,1333,36760,2779,25799,0,0,3213,39237,899,11645,3216,50882,Not in California
Outside California,2021-01-20,4444,67003,1434,38194,3010,28809,0,0,3494,41786,946,12591,3495,54377,Not in California
Outside California,2021-01-21,4240,71243,1178,39372,3062,31871,0,0,3657,44877,566,13157,3657,58034,Not in California
Outside California,2021-01-22,4582,75825,1116,40488,3466,35337,0,0,4170,48642,407,13564,4172,62206,Not in California
Outside California,2021-01-23,2239,78064,338,40826,1901,37238,0,0,2073,50550,166,13730,2074,64280,Not in California
Outside California,2021-01-24,571,78635,234,41060,337,37575,0,0,491,50961,80,13810,491,64771,Not in California
Outside California,2021-01-25,4419,83054,1882,42942,2537,40112,0,0,3552,53651,863,14673,3553,68324,Not in California
Outside California,2021-01-26,5756,88810,2713,45655,3043,43155,0,0,4898,57699,857,15530,4905,73229,Not in California
Outside California,2021-01-27,4722,93532,2399,48054,2323,45478,0,0,4088,61159,630,16160,4090,77319,Not in California
Outside California,2021-01-28,4840,98372,2477,50531,2363,47841,0,0,4296,64922,533,16693,4296,81615,Not in California
Outside California,2021-01-29,4551,102923,2744,53275,1807,49648,0,0,3749,67878,794,17487,3750,85365,Not in California
Outside California,2021-01-30,4087,107010,2092,55367,1995,51643,0,0,3854,71502,231,17718,3855,89220,Not in California
Outside California,2021-01-31,2668,109678,2278,57645,390,52033,0,0,2612,74060,55,17773,2613,91833,Not in California
Outside California,2021-02-01,5344,115022,2384,60029,2960,54993,0,0,4634,77993,701,18474,4634,96467,Not in California
Outside California,2021-02-02,6454,121476,1949,61978,4505,59498,0,0,5736,83020,711,19185,5738,102205,Not in California
Outside California,2021-02-03,7107,128583,1875,63853,5232,64730,0,0,6232,88388,868,20053,6236,108441,Not in California
Outside California,2021-02-04,6543,135126,1926,65779,4617,69347,0,0,5535,92926,998,21051,5536,113977,Not in California
Outside California,2021-02-05,6532,141658,1964,67743,4568,73915,0,0,5448,97298,1078,22129,5450,119427,Not in California
Outside California,2021-02-06,3988,145646,1738,69481,2250,76165,0,0,3533,100388,446,22575,3536,122963,Not in California
Outside California,2021-02-07,1811,147457,1424,70905,387,76552,0,0,1735,102049,76,22651,1737,124700,Not in California
Outside California,2021-02-08,4515,151972,2559,73464,1956,78508,0,0,3459,104463,1045,23696,3459,128159,Not in California
Outside California,2021-02-09,3942,155914,1599,75063,2343,80851,0,0,2643,105833,1289,24985,2659,130818,Not in California
Outside California,2021-02-10,5281,161195,1650,76713,3631,84482,0,0,2852,106307,2421,27406,2895,133713,Not in California
Outside California,2021-02-11,4518,165713,1968,78681,2550,87032,0,0,3206,108229,1301,28707,3223,136936,Not in California
Outside California,2021-02-12,5127,170840,1832,80513,3295,90327,0,0,3291,109705,1823,30530,3299,140235,Not in California
Outside California,2021-02-13,2293,173133,642,81155,1651,91978,0,0,1738,110901,554,31084,1750,141985,Not in California
Outside California,2021-02-14,1263,174396,347,81502,916,92894,0,0,1020,111684,239,31323,1022,143007,Not in California
Outside California,2021-02-15,2404,176800,1406,82908,998,93892,0,0,1174,111644,1217,32540,1177,144184,Not in California
Outside California,2021-02-16,6123,182923,2600,85508,3523,97415,0,0,2498,110532,3614,36154,2502,146686,Not in California
Outside California,2021-02-17,5527,188450,2592,88100,2935,100350,0,0,1751,108517,3771,39925,1756,148442,Not in California
Outside California,2021-02-18,6025,194475,3288,91388,2737,103087,0,0,2018,106550,3985,43910,2018,150460,Not in California
Outside California,2021-02-19,5310,199785,3567,94955,1743,104830,0,0,2357,105963,2946,46856,2359,152819,Not in California
Outside California,2021-02-20,2984,202769,2331,97286,653,105483,0,0,1229,105442,1751,48607,1230,154049,Not in California
Outside California,2021-02-21,2354,205123,2134,99420,220,105703,0,0,817,104728,1531,50138,817,154866,Not in California
Outside California,2021-02-22,3276,208399,2335,101755,941,106644,0,0,1620,104699,1653,51791,1624,156490,Not in California
Outside California,2021-02-23,5729,214128,3145,104900,2584,109228,0,0,2313,103616,3409,55200,2326,158816,Not in California
Outside California,2021-02-24,6128,220256,3322,108222,2806,112034,0,0,2438,102374,3683,58883,2441,161257,Not in California
Outside California,2021-02-25,6634,226890,3295,111517,3339,115373,0,0,3060,101895,3543,62426,3064,164321,Not in California
Outside California,2021-02-26,6586,233476,3392,114909,3194,118567,0,0,3096,101586,3406,65832,3097,167418,Not in California
Outside California,2021-02-27,5120,238596,2427,117336,2692,121259,1,1,1878,100237,3231,69063,1882,169300,Not in California
Outside California,2021-02-28,2098,240694,1456,118792,641,121900,1,2,797,99739,1298,70361,800,170100,Not in California
Outside California,2021-03-01,4324,245018,2544,121336,1779,123679,1,3,1349,98129,2965,73326,1355,171455,Not in California
Outside California,2021-03-02,6423,251441,2229,123565,4194,127873,0,3,2054,95828,4357,77683,2056,173511,Not in California
Outside California,2021-03-03,7679,259120,2879,126444,4798,132671,2,5,2681,93530,4984,82667,2686,176197,Not in California
Outside California,2021-03-04,6566,265686,2660,129104,3900,136571,6,11,2315,91619,4234,86901,2323,178520,Not in California
Outside California,2021-03-05,5163,270849,2553,131657,2596,139167,14,25,2722,91932,2431,89332,2744,181264,Not in California
Outside California,2021-03-06,4533,275382,2068,133725,2309,141476,156,181,2329,92224,2202,91534,2494,183758,Not in California
Outside California,2021-03-07,1520,276902,963,134688,500,141976,57,238,946,92656,573,92107,1005,184763,Not in California
Outside California,2021-03-08,3070,279972,1832,136520,1012,142988,226,464,2188,94223,853,92960,2420,187183,Not in California
Outside California,2021-03-09,4624,284596,2398,138918,1941,144929,285,749,2755,95398,1865,94825,3040,190223,Not in California
Outside California,2021-03-10,4293,288889,2070,140988,1742,146671,481,1230,2677,96956,1607,96432,3165,193388,Not in California
Outside California,2021-03-11,6060,294949,3102,144090,2306,148977,652,1882,3284,98122,2770,99202,3936,197324,Not in California
Outside California,2021-03-12,6373,301322,3849,147939,1828,150805,696,2578,3545,99545,2818,102020,4241,201565,Not in California
Outside California,2021-03-13,3714,305036,2166,150105,1107,151912,441,3019,2549,101379,1158,103178,2992,204557,Not in California
Outside California,2021-03-14,1756,306792,917,151022,510,152422,329,3348,963,101879,793,103971,1293,205850,Not in California
Outside California,2021-03-15,3995,310787,2107,153129,1420,153842,468,3816,2131,102624,1858,105829,2603,208453,Not in California
Outside California,2021-03-16,7473,318260,4353,157482,2731,156573,389,4205,4163,103865,3307,109136,4548,213001,Not in California
Outside California,2021-03-17,8385,326645,5449,162931,2557,159130,379,4584,5040,105945,3340,112476,5420,218421,Not in California
Outside California,2021-03-18,8278,334923,5115,168046,2620,161750,543,5127,4787,107793,3482,115958,5330,223751,Not in California
Outside California,2021-03-19,7286,342209,4329,172375,2411,164161,546,5673,4351,109766,2928,118886,4901,228652,Not in California
Outside California,2021-03-20,4716,346925,3122,175497,1504,165665,90,5763,3601,112353,1105,119991,3692,232344,Not in California
Outside California,2021-03-21,2065,348990,1420,176917,556,166221,89,5852,1649,113677,414,120405,1738,234082,Not in California
Outside California,2021-03-22,3252,352242,1969,178886,1192,167413,91,5943,2229,114980,1016,121421,2319,236401,Not in California
Outside California,2021-03-23,6058,358300,3085,181971,2668,170081,305,6248,4108,117457,1936,123357,4413,240814,Not in California
Outside California,2021-03-24,7312,365612,3745,185716,3122,173203,445,6693,5041,120677,2264,125621,5484,246298,Not in California
Outside California,2021-03-25,8259,373871,3834,189550,3899,177102,526,7219,6001,124958,2246,127867,6527,252825,Not in California
Outside California,2021-03-26,6660,380531,3510,193060,2973,180075,177,7396,4393,127285,2242,130109,4569,257394,Not in California
Outside California,2021-03-27,5534,386065,3102,196162,2217,182292,215,7611,3476,128925,2049,132158,3689,261083,Not in California
Outside California,2021-03-28,3077,389142,1646,197808,1270,183562,161,7772,1980,129975,1091,133249,2141,263224,Not in California
Outside California,2021-03-29,5175,394317,2300,200108,2531,186093,344,8116,2962,131073,2208,135457,3306,266530,Not in California
Outside California,2021-03-30,6875,401192,3619,203727,2691,188784,565,8681,4064,132908,2801,138258,4636,271166,Not in California
Outside California,2021-03-31,6334,407526,3772,207499,1783,190567,779,9460,3359,134075,2968,141226,4135,275301,Not in California
Outside California,2021-04-01,7502,415028,4477,211976,2375,192942,650,10110,4336,135895,3158,144384,4978,280279,Not in California
Outside California,2021-04-02,8435,423463,4485,216461,2811,195753,1139,11249,4362,137328,4064,148448,5497,285776,Not in California
Outside California,2021-04-03,6256,429719,3747,220208,1353,197106,1156,12405,3335,138906,2912,151360,4490,290266,Not in California
Outside California,2021-04-04,1776,431495,876,221084,664,197770,236,12641,970,139305,805,152165,1204,291470,Not in California
Outside California,2021-04-05,4142,435637,2004,223088,1469,199239,669,13310,1978,139791,2159,154324,2645,294115,Not in California
Outside California,2021-04-06,7182,442819,3871,226959,1664,200903,1647,14957,2887,140041,4280,158604,4530,298645,Not in California
Outside California,2021-04-07,8214,451033,4611,231570,1904,202807,1699,16656,3188,139901,5019,163623,4879,303524,Not in California
Outside California,2021-04-08,8244,459277,4335,235905,1973,204780,1936,18592,3282,140157,4952,168575,5208,308732,Not in California
Outside California,2021-04-09,7553,466830,3867,239772,1727,206507,1959,20551,2897,140367,4643,173218,4853,313585,Not in California
Outside California,2021-04-10,6085,472915,2980,242752,1248,207755,1857,22408,1671,139479,4406,177624,3518,317103,Not in California
Outside California,2021-04-11,2849,475764,1559,244311,650,208405,640,23048,968,139208,1878,179502,1607,318710,Not in California
Outside California,2021-04-12,4169,479933,2338,246649,1278,209683,553,23601,1863,139327,2296,181798,2415,321125,Not in California
Outside California,2021-04-13,5829,485762,3721,250370,2084,211767,24,23625,3018,139563,2806,184604,3042,324167,Not in California
Outside California,2021-04-14,5437,491199,3483,253853,1950,213717,4,23629,2993,140122,2438,187042,2997,327164,Not in California
Outside California,2021-04-15,6172,497371,3895,257748,2271,215988,6,23635,3327,140663,2793,189835,3334,330498,Not in California
Outside California,2021-04-16,5920,503291,3388,261136,2525,218513,7,23642,3308,141378,2602,192437,3317,333815,Not in California
Outside California,2021-04-17,5528,508819,3474,264610,2053,220566,1,23643,3210,142280,2308,194745,3210,337025,Not in California
Outside California,2021-04-18,2120,510939,1190,265800,929,221495,1,23644,1011,142193,1103,195848,1016,338041,Not in California
Outside California,2021-04-19,4173,515112,2007,267807,2165,223660,1,23645,2156,142348,2007,197855,2162,340203,Not in California
Outside California,2021-04-20,5419,520531,2472,270279,2947,226607,0,23645,2226,141393,3184,201039,2229,342432,Not in California
Outside California,2021-04-21,6431,526962,2696,272975,3730,230337,5,23650,2310,139609,4100,205139,2316,344748,Not in California
Outside California,2021-04-22,6780,533742,3447,276422,3330,233667,3,23653,2495,137837,4271,209410,2499,347247,Not in California
Outside California,2021-04-23,5873,539615,2989,279411,2883,236550,1,23654,2428,136838,3430,212840,2431,349678,Not in California
Outside California,2021-04-24,4640,544255,3034,282445,1601,238151,5,23659,1858,135927,2777,215617,1866,351544,Not in California
Outside California,2021-04-25,2221,546476,1254,283699,966,239117,1,23660,1179,136072,1038,216655,1183,352727,Not in California
Outside California,2021-04-26,4134,550610,1824,285523,2282,241399,28,23688,1874,135723,2251,218906,1902,354629,Not in California
Outside California,2021-04-27,5679,556289,2111,287634,3198,244597,370,24058,1979,134389,3690,222596,2356,356985,Not in California
Outside California,2021-04-28,4853,561142,2065,289699,2393,246990,395,24453,1911,133761,2929,225525,2301,359286,Not in California
Outside California,2021-04-29,4840,565982,2231,291930,2175,249165,434,24887,1819,133013,3001,228526,2253,361539,Not in California
Outside California,2021-04-30,4909,570891,2363,294293,2121,251286,425,25312,1858,132262,3037,231563,2286,363825,Not in California
Outside California,2021-05-01,3165,574056,1833,296126,903,252189,429,25741,1301,132140,1853,233416,1731,365556,Not in California
Outside California,2021-05-02,1862,575918,1094,297220,645,252834,123,25864,838,132080,1021,234437,961,366517,Not in California
Outside California,2021-05-03,2891,578809,1567,298787,1038,253872,286,26150,1120,131719,1767,236204,1406,367923,Not in California
Outside California,2021-05-04,3929,582738,2105,300892,1384,255256,440,26590,1310,130856,2611,238815,1748,369671,Not in California
Outside California,2021-05-05,4421,587159,2471,303363,1580,256836,370,26960,1608,130032,2805,241620,1981,371652,Not in California
Outside California,2021-05-06,4450,591609,2726,306089,1387,258223,337,27297,1551,129027,2893,244513,1888,373540,Not in California
Outside California,2021-05-07,4615,596224,2657,308746,1572,259795,386,27683,1589,127989,3013,247526,1975,375515,Not in California
Outside California,2021-05-08,3194,599418,2143,310889,800,260595,251,27934,1049,127155,2135,249661,1301,376816,Not in California
Outside California,2021-05-09,1360,600778,906,311795,332,260927,122,28056,583,127086,772,250433,703,377519,Not in California
Outside California,2021-05-10,2544,603322,1166,312961,1048,261975,330,28386,908,126696,1630,252063,1240,378759,Not in California
Outside California,2021-05-11,2974,606296,1412,314373,1263,263238,299,28685,1117,126258,1856,253919,1418,380177,Not in California
Outside California,2021-05-12,3182,609478,1521,315894,1335,264573,326,29011,1264,125934,1913,255832,1589,381766,Not in California
Outside California,2021-05-13,3110,612588,1787,317681,1117,265690,206,29217,1368,125772,1736,257568,1574,383340,Not in California
Outside California,2021-05-14,3498,616086,1957,319638,1303,266993,238,29455,1565,125652,1926,259494,1806,385146,Not in California
Outside California,2021-05-15,2627,618713,1539,321177,944,267937,144,29599,1124,125427,1496,260990,1271,386417,Not in California
Outside California,2021-05-16,1613,620326,1032,322209,512,268449,69,29668,728,125343,882,261872,798,387215,Not in California
Outside California,2021-05-17,3037,623363,1602,323811,1200,269649,235,29903,1312,125168,1721,263593,1546,388761,Not in California
Outside California,2021-05-18,3226,626589,1626,325437,1287,270936,313,30216,1447,125163,1768,265361,1763,390524,Not in California
Outside California,2021-05-19,3311,629900,1661,327098,1383,272319,267,30483,1455,125036,1848,267209,1721,392245,Not in California
Outside California,2021-05-20,3097,632997,1711,328809,1150,273469,236,30719,1409,125003,1681,268890,1648,393893,Not in California
Outside California,2021-05-21,3182,636179,1780,330589,1154,274623,248,30967,1372,124824,1799,270689,1620,395513,Not in California
Outside California,2021-05-22,2766,638945,1827,332416,737,275360,202,31169,1507,125281,1253,271942,1710,397223,Not in California
Outside California,2021-05-23,1518,640463,987,333403,453,275813,78,31247,750,125343,767,272709,829,398052,Not in California
Outside California,2021-05-24,2352,642815,1101,334504,904,276717,347,31594,1016,125378,1328,274037,1363,399415,Not in California
Outside California,2021-05-25,2362,645177,1098,335602,934,277651,330,31924,1014,125380,1340,275377,1342,400757,Not in California
Outside California,2021-05-26,2364,647541,1089,336691,924,278575,351,32275,994,125363,1363,276740,1346,402103,Not in California
Outside California,2021-05-27,2156,649697,1075,337766,795,279370,286,32561,1001,125497,1151,277891,1285,403388,Not in California
Outside California,2021-05-28,2397,652094,1197,338963,852,280222,348,32909,1078,125612,1312,279203,1427,404815,Not in California
Outside California,2021-05-29,1649,653743,823,339786,471,280693,355,33264,702,125726,943,280146,1057,405872,Not in California
Outside California,2021-05-30,915,654658,561,340347,230,280923,124,33388,462,125862,450,280596,586,406458,Not in California
Outside California,2021-05-31,420,655078,187,340534,196,281119,37,33425,180,125851,228,280824,217,406675,Not in California
Outside California,2021-06-01,2121,657199,1107,341641,712,281831,302,33727,1036,126108,1081,281905,1338,408013,Not in California
Outside California,2021-06-02,2086,659285,1075,342716,668,282499,343,34070,1006,126386,1071,282976,1349,409362,Not in California
Outside California,2021-06-03,2161,661446,1195,343911,654,283153,312,34382,1001,126546,1152,284128,1312,410674,Not in California
Outside California,2021-06-04,2542,663988,1428,345339,798,283951,316,34698,1123,126571,1413,285541,1438,412112,Not in California
Outside California,2021-06-05,1723,665711,1212,346551,350,284301,161,34859,810,126634,909,286450,972,413084,Not in California
Outside California,2021-06-06,922,666633,693,347244,148,284449,81,34940,453,126701,467,286917,534,413618,Not in California
Outside California,2021-06-07,1911,668544,1034,348278,548,284997,329,35269,819,126757,1091,288008,1147,414765,Not in California
Outside California,2021-06-08,2057,670601,1180,349458,539,285536,338,35607,804,126650,1248,289256,1141,415906,Not in California
Outside California,2021-06-09,1959,672560,1178,350636,500,286036,281,35888,817,126611,1136,290392,1097,417003,Not in California
Outside California,2021-06-10,1924,674484,1117,351753,500,286536,307,36195,832,126664,1087,291479,1140,418143,Not in California
Outside California,2021-06-11,2163,676647,1241,352994,598,287134,324,36519,933,126699,1223,292702,1258,419401,Not in California
Outside California,2021-06-12,1560,678207,1156,354150,279,287413,125,36644,617,126504,939,293641,744,420145,Not in California
Outside California,2021-06-13,918,679125,623,354773,198,287611,97,36741,401,126489,513,294154,498,420643,Not in California
Outside California,2021-06-14,1725,680850,964,355737,468,288079,293,37034,741,126543,978,295132,1032,421675,Not in California
Outside California,2021-06-15,1701,682551,940,356677,493,288572,268,37302,762,126639,934,296066,1030,422705,Not in California
Outside California,2021-06-16,1619,684170,970,357647,434,289006,215,37517,798,126839,813,296879,1013,423718,Not in California
Outside California,2021-06-17,1740,685910,962,358609,450,289456,328,37845,801,127032,937,297816,1130,424848,Not in California
Outside California,2021-06-18,1886,687796,1034,359643,416,289872,436,38281,806,127199,1074,298890,1241,426089,Not in California
Outside California,2021-06-19,1015,688811,679,360322,253,290125,83,38364,535,127341,476,299366,618,426707,Not in California
Outside California,2021-06-20,762,689573,553,360875,160,290285,49,38413,454,127538,306,299672,503,427210,Not in California
Outside California,2021-06-21,686,690259,229,361104,185,290470,272,38685,259,127645,424,300096,531,427741,Not in California
Unknown,2020-12-17,2,2,2,2,0,0,0,0,0,0,0,0,0,0,Not in California
Unknown,2020-12-18,1,3,1,3,0,0,0,0,0,0,0,0,0,0,Not in California
Unknown,2020-12-21,4,7,4,7,0,0,0,0,0,0,0,0,0,0,Not in California
Unknown,2020-12-28,1,8,1,8,0,0,0,0,1,1,0,0,1,1,Not in California
Unknown,2020-12-29,1,9,1,9,0,0,0,0,1,2,0,0,1,2,Not in California
Unknown,2020-12-30,54,63,54,63,0,0,0,0,54,56,0,0,54,56,Not in California
Unknown,2020-12-31,1,64,0,63,1,1,0,0,0,56,0,0,0,56,Not in California
Unknown,2021-01-02,1,65,0,63,1,2,0,0,1,57,0,0,1,57,Not in California
Unknown,2021-01-04,1,66,1,64,0,2,0,0,1,58,0,0,1,58,Not in California
Unknown,2021-01-06,4,70,2,66,2,4,0,0,4,62,0,0,4,62,Not in California
Unknown,2021-01-07,67,137,67,133,0,4,0,0,66,128,0,0,66,128,Not in California
Unknown,2021-01-09,1,138,1,134,0,4,0,0,1,129,0,0,1,129,Not in California
Unknown,2021-01-11,19,157,19,153,0,4,0,0,19,148,0,0,19,148,Not in California
Unknown,2021-01-12,7,164,6,159,1,5,0,0,5,153,1,1,6,154,Not in California
Unknown,2021-01-13,3,167,3,162,0,5,0,0,3,156,0,1,3,157,Not in California
Unknown,2021-01-14,2,169,2,164,0,5,0,0,2,158,0,1,2,159,Not in California
Unknown,2021-01-15,5,174,4,168,1,6,0,0,5,163,0,1,5,164,Not in California
Unknown,2021-01-16,4,178,4,172,0,6,0,0,4,167,0,1,4,168,Not in California
Unknown,2021-01-17,2,180,2,174,0,6,0,0,2,169,0,1,2,170,Not in California
Unknown,2021-01-18,10,190,10,184,0,6,0,0,10,179,0,1,10,180,Not in California
Unknown,2021-01-19,5,195,5,189,0,6,0,0,4,183,0,1,4,184,Not in California
Unknown,2021-01-20,54,249,54,243,0,6,0,0,3,134,52,53,3,187,Not in California
Unknown,2021-01-21,19,268,17,260,2,8,0,0,20,153,1,54,20,207,Not in California
Unknown,2021-01-22,10,278,5,265,5,13,0,0,10,163,0,54,10,217,Not in California
Unknown,2021-01-23,8,286,3,268,5,18,0,0,8,171,0,54,8,225,Not in California
Unknown,2021-01-24,2,288,2,270,0,18,0,0,3,174,0,54,3,228,Not in California
Unknown,2021-01-25,6,294,4,274,2,20,0,0,4,176,2,56,4,232,Not in California
Unknown,2021-01-26,14,308,14,288,0,20,0,0,17,193,0,56,17,249,Not in California
Unknown,2021-01-27,7,315,7,295,0,20,0,0,5,197,1,57,5,254,Not in California
Unknown,2021-01-28,73,388,71,366,2,22,0,0,17,155,59,116,17,271,Not in California
Unknown,2021-01-29,101,489,101,467,0,22,0,0,105,259,1,117,105,376,Not in California
Unknown,2021-01-30,5,494,3,470,2,24,0,0,8,266,1,118,8,384,Not in California
Unknown,2021-01-31,1,495,1,471,0,24,0,0,2,268,0,118,2,386,Not in California
Unknown,2021-02-01,35,530,34,505,1,25,0,0,19,269,18,136,19,405,Not in California
Unknown,2021-02-02,14,544,13,518,1,26,0,0,10,275,4,140,10,415,Not in California
Unknown,2021-02-03,3,547,3,521,0,26,0,0,1,274,2,142,1,416,Not in California
Unknown,2021-02-04,12,559,8,529,4,30,0,0,8,278,4,146,8,424,Not in California
Unknown,2021-02-05,12,571,9,538,3,33,0,0,9,284,3,149,9,433,Not in California
Unknown,2021-02-06,3,574,3,541,0,33,0,0,1,282,3,152,1,434,Not in California
Unknown,2021-02-07,1,575,1,542,0,33,0,0,1,283,0,152,1,435,Not in California
Unknown,2021-02-08,5,580,4,546,1,34,0,0,1,281,4,156,2,437,Not in California
Unknown,2021-02-09,1,581,1,547,0,34,0,0,0,280,1,157,0,437,Not in California
Unknown,2021-02-10,5,586,1,548,4,38,0,0,5,285,0,157,5,442,Not in California
Unknown,2021-02-11,13,599,12,560,1,39,0,0,2,276,11,168,2,444,Not in California
Unknown,2021-02-12,5,604,2,562,3,42,0,0,3,277,2,170,3,447,Not in California
Unknown,2021-02-13,4,608,0,562,4,46,0,0,4,281,0,170,4,451,Not in California
Unknown,2021-02-14,2,610,1,563,1,47,0,0,1,281,1,171,1,452,Not in California
Unknown,2021-02-15,26,636,24,587,2,49,0,0,23,303,1,172,23,475,Not in California
Unknown,2021-02-16,9,645,3,590,6,55,0,0,6,306,3,175,6,481,Not in California
Unknown,2021-02-17,3,648,1,591,2,57,0,0,2,308,0,175,2,483,Not in California
Unknown,2021-02-18,8,656,3,594,5,62,0,0,4,308,4,179,4,487,Not in California
Unknown,2021-02-19,126,782,121,715,5,67,0,0,32,247,93,272,32,519,Not in California
Unknown,2021-02-23,13,795,3,718,10,77,0,0,5,245,7,279,5,524,Not in California
Unknown,2021-02-24,9,804,2,720,7,84,0,0,8,252,1,280,8,532,Not in California
Unknown,2021-02-25,23,827,10,730,13,97,0,0,13,254,11,291,13,545,Not in California
Unknown,2021-02-26,19,846,8,738,11,108,0,0,7,250,11,302,7,552,Not in California
Unknown,2021-02-27,11,857,7,745,4,112,0,0,8,257,1,303,8,560,Not in California
Unknown,2021-02-28,7,864,6,751,1,113,0,0,5,262,0,303,5,565,Not in California
Unknown,2021-03-01,12,876,2,753,10,123,0,0,6,263,5,308,6,571,Not in California
Unknown,2021-03-02,12,888,3,756,9,132,0,0,6,264,5,313,6,577,Not in California
Unknown,2021-03-03,4,892,1,757,3,135,0,0,3,267,0,313,3,580,Not in California
Unknown,2021-03-04,7,899,4,761,3,138,0,0,6,273,0,313,6,586,Not in California
Unknown,2021-03-05,12,911,4,765,8,146,0,0,11,282,2,315,11,597,Not in California
Unknown,2021-03-06,12,923,6,771,4,150,2,2,11,293,2,317,13,610,Not in California
Unknown,2021-03-08,26,949,20,791,5,155,1,3,5,278,21,338,6,616,Not in California
Unknown,2021-03-09,8,957,3,794,2,157,3,6,5,282,4,342,8,624,Not in California
Unknown,2021-03-10,4,961,1,795,1,158,2,8,2,283,3,345,4,628,Not in California
Unknown,2021-03-11,20,981,4,799,2,160,14,22,2,283,16,361,16,644,Not in California
Unknown,2021-03-12,36,1017,28,827,3,163,5,27,5,262,31,392,10,654,Not in California
Unknown,2021-03-13,8,1025,0,827,4,167,4,31,0,258,8,400,4,658,Not in California
Unknown,2021-03-14,3,1028,0,827,2,169,1,32,0,256,3,403,1,659,Not in California
Unknown,2021-03-15,16,1044,4,831,10,179,2,34,10,262,6,409,12,671,Not in California
Unknown,2021-03-16,22,1066,3,834,15,194,4,38,13,270,9,418,17,688,Not in California
Unknown,2021-03-17,24,1090,6,840,17,211,1,39,24,293,2,420,25,713,Not in California
Unknown,2021-03-18,19,1109,9,849,10,221,0,39,11,299,5,425,11,724,Not in California
Unknown,2021-03-19,12,1121,6,855,6,227,0,39,11,308,2,427,11,735,Not in California
Unknown,2021-03-20,13,1134,7,862,6,233,0,39,3,306,5,432,3,738,Not in California
Unknown,2021-03-21,7,1141,2,864,5,238,0,39,6,311,1,433,6,744,Not in California
Unknown,2021-03-22,21,1162,6,870,14,252,1,40,9,313,8,441,10,754,Not in California
Unknown,2021-03-23,13,1175,1,871,7,259,5,45,4,313,9,450,9,763,Not in California
Unknown,2021-03-24,12,1187,1,872,11,270,0,45,9,319,3,453,9,772,Not in California
Unknown,2021-03-25,15,1202,5,877,10,280,0,45,12,328,3,456,12,784,Not in California
Unknown,2021-03-26,17,1219,6,883,6,286,5,50,9,335,7,463,14,798,Not in California
Unknown,2021-03-27,21,1240,10,893,8,294,3,53,12,338,12,475,15,813,Not in California
Unknown,2021-03-28,7,1247,2,895,5,299,0,53,6,343,1,476,6,819,Not in California
Unknown,2021-03-29,19,1266,7,902,12,311,0,53,15,354,4,480,15,834,Not in California
Unknown,2021-03-30,15,1281,6,908,9,320,0,53,10,360,4,484,10,844,Not in California
Unknown,2021-03-31,19,1300,10,918,9,329,0,53,15,370,5,489,15,859,Not in California
Unknown,2021-04-01,14,1314,10,928,4,333,0,53,11,379,2,491,11,870,Not in California
Unknown,2021-04-02,28,1342,10,938,9,342,9,62,10,380,18,509,19,889,Not in California
Unknown,2021-04-03,11,1353,3,941,8,350,0,62,9,383,6,515,9,898,Not in California
Unknown,2021-04-04,7,1360,1,942,6,356,0,62,6,388,1,516,6,904,Not in California
Unknown,2021-04-05,13,1373,3,945,9,365,1,63,6,389,6,522,7,911,Not in California
Unknown,2021-04-06,9,1382,4,949,4,369,1,64,6,392,4,526,7,918,Not in California
Unknown,2021-04-07,23,1405,15,964,7,376,1,65,16,403,5,531,16,934,Not in California
Unknown,2021-04-08,22,1427,12,976,5,381,5,70,12,410,10,541,17,951,Not in California
Unknown,2021-04-09,15,1442,9,985,6,387,0,70,13,420,3,544,13,964,Not in California
Unknown,2021-04-10,4,1446,3,988,0,387,1,71,1,419,3,547,2,966,Not in California
Unknown,2021-04-11,6,1452,5,993,1,388,0,71,3,420,2,549,3,969,Not in California
Unknown,2021-04-12,16,1468,5,998,10,398,1,72,6,417,10,559,7,976,Not in California
Unknown,2021-04-13,19,1487,6,1004,13,411,0,72,7,412,12,571,7,983,Not in California
Unknown,2021-04-14,19,1506,1,1005,18,429,0,72,3,399,16,587,3,986,Not in California
Unknown,2021-04-15,17,1523,7,1012,9,438,1,73,9,400,8,595,9,995,Not in California
Unknown,2021-04-16,15,1538,9,1021,6,444,0,73,8,401,7,602,8,1003,Not in California
Unknown,2021-04-17,13,1551,10,1031,3,447,0,73,5,400,7,609,6,1009,Not in California
Unknown,2021-04-18,9,1560,3,1034,6,453,0,73,5,400,5,614,5,1014,Not in California
Unknown,2021-04-19,14,1574,3,1037,11,464,0,73,3,394,10,624,4,1018,Not in California
Unknown,2021-04-20,10,1584,3,1040,7,471,0,73,1,386,9,633,1,1019,Not in California
Unknown,2021-04-21,26,1610,10,1050,16,487,0,73,9,378,17,650,9,1028,Not in California
Unknown,2021-04-22,12,1622,5,1055,7,494,0,73,2,371,9,659,2,1030,Not in California
Unknown,2021-04-23,17,1639,6,1061,11,505,0,73,9,373,7,666,9,1039,Not in California
Unknown,2021-04-24,23,1662,16,1077,7,512,0,73,12,374,11,677,12,1051,Not in California
Unknown,2021-04-25,10,1672,4,1081,6,518,0,73,5,374,5,682,5,1056,Not in California
Unknown,2021-04-26,17,1689,7,1088,10,528,0,73,6,370,10,692,6,1062,Not in California
Unknown,2021-04-27,20,1709,8,1096,11,539,1,74,8,367,12,704,9,1071,Not in California
Unknown,2021-04-28,20,1729,15,1111,4,543,1,75,5,358,15,719,6,1077,Not in California
Unknown,2021-04-29,22,1751,15,1126,7,550,0,75,11,356,13,732,11,1088,Not in California
Unknown,2021-04-30,18,1769,8,1134,6,556,4,79,10,361,9,741,14,1102,Not in California
Unknown,2021-05-01,18,1787,15,1149,3,559,0,79,9,362,8,749,9,1111,Not in California
Unknown,2021-05-02,8,1795,3,1152,5,564,0,79,1,357,6,755,1,1112,Not in California
Unknown,2021-05-03,13,1808,7,1159,4,568,2,81,4,355,8,763,6,1118,Not in California
Unknown,2021-05-04,11,1819,3,1162,4,572,4,85,1,350,10,773,5,1123,Not in California
Unknown,2021-05-05,12,1831,2,1164,9,581,1,86,6,350,7,780,7,1130,Not in California
Unknown,2021-05-06,24,1855,12,1176,5,586,7,93,6,344,19,799,13,1143,Not in California
Unknown,2021-05-07,21,1876,11,1187,7,593,3,96,9,343,13,812,12,1155,Not in California
Unknown,2021-05-08,9,1885,6,1193,1,594,2,98,4,345,4,816,6,1161,Not in California
Unknown,2021-05-09,15,1900,4,1197,7,601,4,102,7,348,8,824,11,1172,Not in California
Unknown,2021-05-10,8,1908,1,1198,4,605,3,105,2,348,5,829,5,1177,Not in California
Unknown,2021-05-11,9,1917,4,1202,2,607,3,108,5,352,4,833,8,1185,Not in California
Unknown,2021-05-12,8,1925,4,1206,3,610,1,109,4,354,3,836,5,1190,Not in California
Unknown,2021-05-13,11,1936,5,1211,1,611,5,114,6,359,7,843,12,1202,Not in California
Unknown,2021-05-14,13,1949,10,1221,2,613,1,115,11,369,1,844,11,1213,Not in California
Unknown,2021-05-15,8,1957,6,1227,2,615,0,115,5,371,3,847,5,1218,Not in California
Unknown,2021-05-16,15,1972,10,1237,4,619,1,116,10,377,5,852,11,1229,Not in California
Unknown,2021-05-17,14,1986,9,1246,3,622,2,118,5,376,8,860,7,1236,Not in California
Unknown,2021-05-18,21,2007,12,1258,7,629,2,120,14,384,8,868,16,1252,Not in California
Unknown,2021-05-19,26,2033,19,1277,6,635,1,121,12,384,13,881,13,1265,Not in California
Unknown,2021-05-20,15,2048,11,1288,3,638,1,122,8,387,6,887,9,1274,Not in California
Unknown,2021-05-21,19,2067,9,1297,6,644,4,126,9,389,11,898,13,1287,Not in California
Unknown,2021-05-22,18,2085,15,1312,2,646,1,127,9,391,8,906,10,1297,Not in California
Unknown,2021-05-23,7,2092,5,1317,2,648,0,127,6,396,1,907,6,1303,Not in California
Unknown,2021-05-24,9,2101,5,1322,3,651,1,128,4,396,5,912,5,1308,Not in California
Unknown,2021-05-25,16,2117,6,1328,4,655,6,134,7,401,8,920,13,1321,Not in California
Unknown,2021-05-26,7,2124,4,1332,2,657,1,135,4,403,3,923,5,1326,Not in California
Unknown,2021-05-27,15,2139,9,1341,4,661,2,137,5,401,9,932,7,1333,Not in California
Unknown,2021-05-28,21,2160,11,1352,5,666,5,142,12,409,9,941,17,1350,Not in California
Unknown,2021-05-29,10,2170,9,1361,1,667,0,142,8,415,2,943,8,1358,Not in California
Unknown,2021-05-30,4,2174,3,1364,0,667,1,143,2,416,2,945,3,1361,Not in California
Unknown,2021-05-31,1,2175,1,1365,0,667,0,143,0,415,1,946,0,1361,Not in California
Unknown,2021-06-01,20,2195,8,1373,6,673,6,149,11,423,9,955,17,1378,Not in California
Unknown,2021-06-02,7,2202,3,1376,4,677,0,149,3,422,4,959,3,1381,Not in California
Unknown,2021-06-03,13,2215,13,1389,0,677,0,149,8,425,5,964,8,1389,Not in California
Unknown,2021-06-04,23,2238,14,1403,9,686,0,149,12,426,11,975,12,1401,Not in California
Unknown,2021-06-05,16,2254,9,1412,6,692,1,150,13,437,3,978,14,1415,Not in California
Unknown,2021-06-06,22,2276,14,1426,5,697,3,153,8,434,14,992,11,1426,Not in California
Unknown,2021-06-07,15,2291,7,1433,7,704,1,154,8,436,7,999,9,1435,Not in California
Unknown,2021-06-08,12,2303,5,1438,4,708,3,157,4,436,7,1006,7,1442,Not in California
Unknown,2021-06-09,17,2320,10,1448,7,715,0,157,8,435,9,1015,8,1450,Not in California
Unknown,2021-06-10,10,2330,7,1455,3,718,0,157,5,435,5,1020,5,1455,Not in California
Unknown,2021-06-11,5,2335,3,1458,1,719,1,158,3,437,2,1022,4,1459,Not in California
Unknown,2021-06-12,12,2347,8,1466,4,723,0,158,8,441,4,1026,8,1467,Not in California
Unknown,2021-06-13,8,2355,4,1470,4,727,0,158,2,437,6,1032,2,1469,Not in California
Unknown,2021-06-14,6,2361,5,1475,1,728,0,158,2,435,4,1036,2,1471,Not in California
Unknown,2021-06-15,17,2378,10,1485,7,735,0,158,6,430,11,1047,6,1477,Not in California
Unknown,2021-06-16,6,2384,3,1488,3,738,0,158,5,434,1,1048,5,1482,Not in California
Unknown,2021-06-17,14,2398,8,1496,4,742,2,160,10,443,3,1051,12,1494,Not in California
Unknown,2021-06-18,12,2410,9,1505,3,745,0,160,5,441,7,1058,5,1499,Not in California
Unknown,2021-06-19,11,2421,9,1514,1,746,1,161,2,435,9,1067,3,1502,Not in California
Unknown,2021-06-20,43,2464,38,1552,2,748,3,164,38,471,5,1072,41,1543,Not in California
Alameda,2020-12-15,37,37,37,37,0,0,0,0,37,37,0,0,37,37,California
Alameda,2020-12-16,209,246,209,246,0,0,0,0,209,246,0,0,209,246,California
Alameda,2020-12-17,507,753,507,753,0,0,0,0,507,753,0,0,507,753,California
Alameda,2020-12-18,1888,2641,1887,2640,1,1,0,0,1888,2641,0,0,1888,2641,California
Alameda,2020-12-19,1414,4055,1414,4054,0,1,0,0,1414,4055,0,0,1414,4055,California
Alameda,2020-12-20,1166,5221,1165,5219,1,2,0,0,1165,5219,1,1,1165,5220,California
Alameda,2020-12-21,1824,7045,1822,7041,2,4,0,0,1823,7042,0,1,1823,7043,California
Alameda,2020-12-22,2073,9118,2020,9061,53,57,0,0,2072,9113,1,2,2072,9115,California
Alameda,2020-12-23,1904,11022,1651,10712,253,310,0,0,1903,11016,0,2,1903,11018,California
Alameda,2020-12-24,1204,12226,748,11460,456,766,0,0,1204,12220,0,2,1204,12222,California
Alameda,2020-12-25,158,12384,123,11583,35,801,0,0,158,12378,0,2,158,12380,California
Alameda,2020-12-26,844,13228,318,11901,526,1327,0,0,844,13222,0,2,844,13224,California
Alameda,2020-12-27,490,13718,253,12154,237,1564,0,0,490,13712,0,2,490,13714,California
Alameda,2020-12-28,1859,15577,956,13110,903,2467,0,0,1859,15571,0,2,1859,15573,California
Alameda,2020-12-29,2459,18036,1074,14184,1385,3852,0,0,2458,18029,0,2,2458,18031,California
Alameda,2020-12-30,3052,21088,1320,15504,1732,5584,0,0,3052,21081,0,2,3052,21083,California
Alameda,2020-12-31,1783,22871,446,15950,1337,6921,0,0,1781,22861,1,3,1781,22864,California
Alameda,2021-01-01,176,23047,73,16023,103,7024,0,0,174,23033,2,5,174,23038,California
Alameda,2021-01-02,724,23771,523,16546,201,7225,0,0,723,23756,0,5,723,23761,California
Alameda,2021-01-03,326,24097,213,16759,113,7338,0,0,323,24076,3,8,323,24084,California
Alameda,2021-01-04,1601,25698,909,17668,692,8030,0,0,1589,25654,11,19,1589,25673,California
Alameda,2021-01-05,2196,27894,1268,18936,928,8958,0,0,1942,27345,251,270,1942,27615,California
Alameda,2021-01-06,3236,31130,1797,20733,1439,10397,0,0,2365,28844,868,1138,2367,29982,California
Alameda,2021-01-07,3783,34913,2120,22853,1663,12060,0,0,2614,30303,1160,2298,2619,32601,California
Alameda,2021-01-08,4732,39645,2699,25552,2033,14093,0,0,3015,31612,1711,4009,3020,35621,California
Alameda,2021-01-09,2006,41651,1365,26917,641,14734,0,0,1155,31916,851,4860,1155,36776,California
Alameda,2021-01-10,1051,42702,832,27749,219,14953,0,0,423,31711,628,5488,423,37199,California
Alameda,2021-01-11,4638,47340,3510,31259,1128,16081,0,0,2845,32772,1791,7279,2852,40051,California
Alameda,2021-01-12,4835,52175,3254,34513,1581,17662,0,0,3455,34852,1378,8657,3458,43509,California
Alameda,2021-01-13,5007,57182,2648,37161,2359,20021,0,0,3817,37485,1186,9843,3819,47328,California
Alameda,2021-01-14,5618,62800,2787,39948,2831,22852,0,0,4724,41327,885,10728,4727,52055,California
Alameda,2021-01-15,5795,68595,2315,42263,3480,26332,0,0,5018,45579,770,11498,5022,57077,California
Alameda,2021-01-16,2963,71558,1388,43651,1575,27907,0,0,2699,48015,264,11762,2700,59777,California
Alameda,2021-01-17,1864,73422,1085,44736,779,28686,0,0,1658,49468,206,11968,1659,61436,California
Alameda,2021-01-18,3140,76562,2023,46759,1117,29803,0,0,2547,51430,587,12555,2549,63985,California
Alameda,2021-01-19,5478,82040,3298,50057,2180,31983,0,0,4288,54532,1188,13743,4290,68275,California
Alameda,2021-01-20,6739,88779,4078,54135,2661,34644,0,0,5450,58710,1276,15019,5454,73729,California
Alameda,2021-01-21,7789,96568,3428,57563,4361,39005,0,0,6944,64821,838,15857,6949,80678,California
Alameda,2021-01-22,6791,103359,2008,59571,4783,43788,0,0,5655,69350,1127,16984,5656,86334,California
Alameda,2021-01-23,3254,106613,946,60517,2308,46096,0,0,2706,71511,546,17530,2707,89041,California
Alameda,2021-01-24,2009,108622,656,61173,1353,47449,0,0,1740,72985,266,17796,1740,90781,California
Alameda,2021-01-25,5139,113761,1971,63144,3168,50617,0,0,3581,75017,1550,19346,3582,94363,California
Alameda,2021-01-26,7287,121048,2300,65444,4987,55604,0,0,5409,78557,1870,21216,5410,99773,California
Alameda,2021-01-27,6668,127716,2052,67496,4616,60220,0,0,4827,81555,1829,23045,4827,104600,California
Alameda,2021-01-28,7832,135548,2553,70049,5279,65499,0,0,5613,84967,2203,25248,5615,110215,California
Alameda,2021-01-29,7966,143514,3186,73235,4780,70279,0,0,6131,89277,1824,27072,6134,116349,California
Alameda,2021-01-30,3418,146932,1685,74920,1733,72012,0,0,2707,91279,705,27777,2707,119056,California
Alameda,2021-01-31,1908,148840,939,75859,969,72981,0,0,1670,92714,235,28012,1670,120726,California
Alameda,2021-02-01,6458,155298,3876,79735,2582,75563,0,0,4330,94926,2119,30131,4331,125057,California
Alameda,2021-02-02,7001,162299,3774,83509,3227,78790,0,0,4666,97267,2327,32458,4668,129725,California
Alameda,2021-02-03,7012,169311,3712,87221,3300,82090,0,0,4332,98933,2674,35132,4340,134065,California
Alameda,2021-02-04,9401,178712,4106,91327,5295,87385,0,0,6293,102142,3095,38227,6304,140369,California
Alameda,2021-02-05,10200,188912,5327,96654,4873,92258,0,0,6334,104628,3860,42087,6346,146715,California
Alameda,2021-02-06,6916,195828,4400,101054,2516,94774,0,0,5789,109290,1127,43214,5789,152504,California
Alameda,2021-02-07,3571,199399,2886,103940,685,95459,0,0,2630,110983,938,44152,2631,155135,California
Alameda,2021-02-08,8053,207452,5774,109714,2279,97738,0,0,5507,113957,2536,46688,5510,160645,California
Alameda,2021-02-09,9594,217046,5767,115481,3827,101565,0,0,5974,116323,3610,50298,5976,166621,California
Alameda,2021-02-10,11402,228448,6740,122221,4662,106227,0,0,6513,117968,4876,55174,6521,173142,California
Alameda,2021-02-11,13893,242341,8013,130234,5880,112107,0,0,8342,120784,5531,60705,8347,181489,California
Alameda,2021-02-12,12425,254766,5660,135894,6765,118872,0,0,7708,123797,4702,65407,7715,189204,California
Alameda,2021-02-13,7734,262500,4048,139942,3686,122558,0,0,5792,127653,1938,67345,5794,194998,California
Alameda,2021-02-14,4016,266516,2535,142477,1481,124039,0,0,2842,129328,1170,68515,2845,197843,California
Alameda,2021-02-15,5624,272140,3178,145655,2446,126485,0,0,3661,131030,1961,70476,3663,201506,California
Alameda,2021-02-16,12446,284586,6949,152604,5497,131982,0,0,9260,137124,3175,73651,9269,210775,California
Alameda,2021-02-17,14041,298627,8349,160953,5692,137674,0,0,10428,143958,3596,77247,10430,221205,California
Alameda,2021-02-18,15803,314430,10056,171009,5747,143421,0,0,11493,151158,4299,81546,11499,232704,California
Alameda,2021-02-19,17787,332217,11551,182560,6236,149657,0,0,11756,156910,6009,87555,11761,244465,California
Alameda,2021-02-20,11955,344172,9672,192232,2283,151940,0,0,9196,163358,2754,90309,9202,253667,California
Alameda,2021-02-21,7782,351954,6837,199069,945,152885,0,0,5286,166161,2484,92793,5287,258954,California
Alameda,2021-02-22,10898,362852,8041,207110,2857,155742,0,0,6859,169004,4025,96818,6868,265822,California
Alameda,2021-02-23,12915,375767,7874,214984,5041,160783,0,0,8048,172201,4857,101675,8054,273876,California
Alameda,2021-02-24,14762,390529,8281,223265,6481,167264,0,0,9551,176610,5148,106823,9557,283433,California
Alameda,2021-02-25,15898,406427,9216,232481,6682,173946,0,0,10058,180869,5809,112632,10068,293501,California
Alameda,2021-02-26,18526,424953,10788,243269,7738,181684,0,0,11767,185930,6712,119344,11773,305274,California
Alameda,2021-02-27,15083,440036,11138,254407,3943,185627,2,2,9330,189535,5730,125074,9335,314609,California
Alameda,2021-02-28,10057,450093,8387,262794,1669,187296,1,3,6498,192504,3531,128605,6500,321109,California
Alameda,2021-03-01,14006,464099,9678,272472,4317,191613,11,14,8552,195670,5406,134011,8572,329681,California
Alameda,2021-03-02,14924,479023,10750,283222,4173,195786,1,15,9773,200322,5130,139141,9782,339463,California
Alameda,2021-03-03,15709,494732,10301,293523,5405,201191,3,18,10761,206169,4922,144063,10769,350232,California
Alameda,2021-03-04,17329,512061,11160,304683,6167,207358,2,20,10944,210767,6348,150411,10946,361178,California
Alameda,2021-03-05,16141,528202,10611,315294,5520,212878,10,30,10921,216529,5176,155587,10938,372116,California
Alameda,2021-03-06,14491,542693,10252,325546,3974,216852,265,295,9608,221567,4836,160423,9874,381990,California
Alameda,2021-03-07,9734,552427,8510,334056,1140,217992,84,379,6953,225852,2754,163177,7039,389029,California
Alameda,2021-03-08,11887,564314,7440,341496,4070,222062,377,756,8890,232170,2947,166124,9265,398294,California
Alameda,2021-03-09,14610,578924,10293,351789,3888,225950,429,1185,7964,233949,6615,172739,8394,406688,California
Alameda,2021-03-10,17363,596287,12053,363842,4763,230713,547,1732,7827,232812,9507,182246,8370,415058,California
Alameda,2021-03-11,19665,615952,11544,375386,6416,237129,1705,3437,6652,228177,12983,195229,8348,423406,California
Alameda,2021-03-12,21261,637213,12493,387879,7071,244200,1697,5134,7307,223245,13924,209153,8992,432398,California
Alameda,2021-03-13,15974,653187,10276,398155,4695,248895,1003,6137,5026,218354,10913,220066,6022,438420,California
Alameda,2021-03-14,10841,664028,8008,406163,2056,250951,777,6914,3276,214855,7543,227609,4044,442464,California
Alameda,2021-03-15,14380,678408,9420,415583,4436,255387,524,7438,6187,213400,8163,235772,6708,449172,California
Alameda,2021-03-16,17110,695518,11144,426727,5434,260821,532,7970,7297,211468,9762,245534,7830,457002,California
Alameda,2021-03-17,17475,712993,9899,436626,6851,267672,725,8695,8091,210947,9335,254869,8814,465816,California
Alameda,2021-03-18,19100,732093,10413,447039,7794,275466,893,9588,8601,209977,10468,265337,9498,475314,California
Alameda,2021-03-19,19304,751397,10582,457621,6940,282406,1782,11370,7533,207559,11721,277058,9303,484617,California
Alameda,2021-03-20,15727,767124,10312,467933,4563,286969,852,12222,6295,205300,9399,286457,7140,491757,California
Alameda,2021-03-21,9177,776301,7211,475144,1410,288379,556,12778,3366,203422,5800,292257,3922,495679,California
Alameda,2021-03-22,14979,791280,10096,485240,3875,292254,1008,13786,6761,202995,8187,300444,7760,503439,California
Alameda,2021-03-23,19208,810488,11650,496890,6744,298998,814,14600,9714,204082,9444,309888,10531,513970,California
Alameda,2021-03-24,19218,829706,11638,508528,6556,305554,1024,15624,8366,202675,10787,320675,9380,523350,California
Alameda,2021-03-25,20477,850183,11354,519882,7712,313266,1411,17035,9321,202311,11085,331760,10721,534071,California
Alameda,2021-03-26,20878,871061,12594,532476,6718,319984,1566,18601,8370,199776,12459,344219,9924,543995,California
Alameda,2021-03-27,18301,889362,12485,544961,4863,324847,953,19554,7479,197422,10773,354992,8419,552414,California
Alameda,2021-03-28,10646,900008,8690,553651,1753,326600,203,19757,3439,193877,7189,362181,3644,556058,California
Alameda,2021-03-29,14657,914665,9391,563042,4271,330871,995,20752,5798,191848,8820,371001,6791,562849,California
Alameda,2021-03-30,18521,933186,9794,572836,7006,337877,1721,22473,9235,193543,9250,380251,10945,573794,California
Alameda,2021-03-31,19283,952469,10138,582974,7037,344914,2108,24581,8943,194272,10309,390560,11038,584832,California
Alameda,2021-04-01,23235,975704,9920,592894,7627,352541,5688,30269,10963,198673,12216,402776,16617,601449,California
Alameda,2021-04-02,24005,999709,9823,602717,8299,360840,5883,36152,11577,203710,12389,415165,17426,618875,California
Alameda,2021-04-03,20279,1019988,9763,612480,5653,366493,4863,41015,10234,208778,10019,425184,15087,633962,California
Alameda,2021-04-04,9927,1029915,3979,616459,2246,368739,3702,44717,3444,209455,6464,431648,7141,641103,California
Alameda,2021-04-05,17785,1047700,7483,623942,5483,374222,4819,49536,7244,210999,10516,442164,12060,653163,California
Alameda,2021-04-06,22123,1069823,10608,634550,5640,379862,5875,55411,10025,214814,12060,454224,15875,669038,California
Alameda,2021-04-07,22505,1092328,11524,646074,5503,385365,5478,60889,11377,220567,11084,465308,16837,685875,California
Alameda,2021-04-08,25492,1117820,11467,657541,6006,391371,8019,68908,10881,224913,14529,479837,18875,704750,California
Alameda,2021-04-09,23334,1141154,10626,668167,7459,398830,5249,74157,12034,230927,11263,491100,17277,722027,California
Alameda,2021-04-10,19300,1160454,7492,675659,5642,404472,6166,80323,8264,234327,11010,502110,14410,736437,California
Alameda,2021-04-11,11021,1171475,4834,680493,2228,406700,3959,84282,4517,236303,6485,508595,8461,744898,California
Alameda,2021-04-12,18118,1189593,11804,692297,4341,411041,1973,86255,10302,240794,7778,516373,12269,757167,California
Alameda,2021-04-13,23122,1212715,14722,707019,8339,419380,61,86316,17118,252031,5950,522323,17187,774354,California
Alameda,2021-04-14,23254,1235969,15296,722315,7956,427336,2,86318,15705,260236,7507,529830,15712,790066,California
Alameda,2021-04-15,24199,1260168,15462,737777,8733,436069,4,86322,16155,268425,7979,537809,16168,806234,California
Alameda,2021-04-16,24549,1284717,14473,752250,10070,446139,6,86328,15887,275730,8602,546411,15907,822141,California
Alameda,2021-04-17,21018,1305735,14541,766791,6475,452614,2,86330,14580,283933,6397,552808,14600,836741,California
Alameda,2021-04-18,10066,1315801,7737,774528,2329,454943,0,86330,7002,287910,3033,555841,7010,843751,California
Alameda,2021-04-19,15685,1331486,9759,784287,5925,460868,1,86331,9155,290590,6488,562329,9168,852919,California
Alameda,2021-04-20,18204,1349690,11129,795416,7073,467941,2,86333,10057,292591,8097,570426,10098,863017,California
Alameda,2021-04-21,19151,1368841,11188,806604,7952,475893,11,86344,11246,296033,7849,578275,11291,874308,California
Alameda,2021-04-22,21366,1390207,13752,820356,7609,483502,5,86349,11415,297587,9897,588172,11451,885759,California
Alameda,2021-04-23,21750,1411957,14047,834403,7699,491201,4,86353,12265,300457,9427,597599,12297,898056,California
Alameda,2021-04-24,18911,1430868,14372,848775,4531,495732,8,86361,10048,301703,8821,606420,10067,908123,California
Alameda,2021-04-25,8977,1439845,6992,855767,1984,497716,1,86362,5891,304545,3060,609480,5902,914025,California
Alameda,2021-04-26,14383,1454228,9959,865726,4398,502114,26,86388,8973,308177,5377,614857,9009,923034,California
Alameda,2021-04-27,16226,1470454,9604,875330,6254,508368,368,86756,7702,307797,8472,623329,8092,931126,California
Alameda,2021-04-28,16403,1486857,10358,885688,5579,513947,466,87222,6670,305245,9700,633029,7148,938274,California
Alameda,2021-04-29,17132,1503989,10247,895935,6553,520500,332,87554,6397,301313,10682,643711,6750,945024,California
Alameda,2021-04-30,19981,1523970,12506,908441,7134,527634,341,87895,8279,298354,11619,655330,8660,953684,California
Alameda,2021-05-01,13961,1537931,9344,917785,4408,532042,209,88104,5238,295143,8685,664015,5474,959158,California
Alameda,2021-05-02,7064,1544995,4933,922718,1961,534003,170,88274,2879,294033,4166,668181,3056,962214,California
Alameda,2021-05-03,14560,1559555,10961,933679,3280,537283,319,88593,2847,285575,11654,679835,3196,965410,California
Alameda,2021-05-04,18371,1577926,13189,946868,4819,542102,363,88956,3678,275023,14627,694462,4075,969485,California
Alameda,2021-05-05,18331,1596257,13331,960199,4491,546593,509,89465,3716,264711,14553,709015,4241,973726,California
Alameda,2021-05-06,18682,1614939,14116,974315,3871,550464,695,90160,3678,254170,14929,723944,4388,978114,California
Alameda,2021-05-07,19185,1634124,12890,987205,5883,556347,412,90572,4400,244284,14714,738658,4828,982942,California
Alameda,2021-05-08,16466,1650590,11260,998465,4995,561342,211,90783,3101,234288,13324,751982,3328,986270,California
Alameda,2021-05-09,8527,1659117,6981,1005446,1403,562745,143,90926,1432,228795,7073,759055,1580,987850,California
Alameda,2021-05-10,10115,1669232,6927,1012373,2865,565610,323,91249,2513,224072,7569,766624,2846,990696,California
Alameda,2021-05-11,15225,1684457,8201,1020574,6710,572320,314,91563,2808,214862,12368,778992,3158,993854,California
Alameda,2021-05-12,13322,1697779,8868,1029442,4012,576332,442,92005,2978,208018,10297,789289,3453,997307,California
Alameda,2021-05-13,17668,1715447,12673,1042115,4450,580782,545,92550,5662,202305,11957,801246,6244,1003551,California
Alameda,2021-05-14,20477,1735924,13873,1055988,6139,586921,465,93015,7031,196448,13368,814614,7511,1011062,California
Alameda,2021-05-15,17035,1752959,12383,1068371,4422,591343,230,93245,5745,191184,11242,825856,5978,1017040,California
Alameda,2021-05-16,8420,1761379,7197,1075568,1127,592470,96,93341,2803,188503,5585,831441,2904,1019944,California
Alameda,2021-05-17,13412,1774791,9996,1085564,2889,595359,527,93868,4208,184088,9165,840606,4750,1024694,California
Alameda,2021-05-18,14171,1788962,10309,1095873,3440,598799,422,94290,5022,180428,9106,849712,5446,1030140,California
Alameda,2021-05-19,14431,1803393,9899,1105772,4197,602996,335,94625,6005,178394,8375,858087,6341,1036481,California
Alameda,2021-05-20,13226,1816619,8713,1114485,3978,606974,535,95160,5817,177388,7359,865446,6353,1042834,California
Alameda,2021-05-21,15249,1831868,10022,1124507,4957,611931,270,95430,5186,172855,9995,875441,5462,1048296,California
Alameda,2021-05-22,10254,1842122,7412,1131919,2674,614605,168,95598,4137,171077,6086,881527,4308,1052604,California
Alameda,2021-05-23,4938,1847060,3757,1135676,1091,615696,90,95688,1619,169490,3299,884826,1712,1054316,California
Alameda,2021-05-24,6955,1854015,3945,1139621,2757,618453,253,95941,2648,168130,4266,889092,2906,1057222,California
Alameda,2021-05-25,7986,1862001,5165,1144786,2566,621019,255,96196,3592,167614,4359,893451,3843,1061065,California
Alameda,2021-05-26,8245,1870246,5159,1149945,2787,623806,299,96495,3633,166954,4587,898038,3927,1064992,California
Alameda,2021-05-27,8116,1878362,4860,1154805,2873,626679,383,96878,3414,166087,4659,902697,3792,1068784,California
Alameda,2021-05-28,8587,1886949,5025,1159830,3338,630017,224,97102,3653,165057,4909,907606,3879,1072663,California
Alameda,2021-05-29,4910,1891859,2958,1162788,1766,631783,186,97288,2544,165444,2345,909951,2732,1075395,California
Alameda,2021-05-30,2433,1894292,1592,1164380,752,632535,89,97377,975,165058,1450,911401,1064,1076459,California
Alameda,2021-05-31,1153,1895445,854,1165234,245,632780,54,97431,346,164666,792,912193,400,1076859,California
Alameda,2021-06-01,7093,1902538,4971,1170205,1880,634660,242,97673,3084,164010,3982,916175,3326,1080185,California
Alameda,2021-06-02,5795,1908333,3605,1173810,1967,636627,223,97896,2249,162960,3515,919690,2465,1082650,California
Alameda,2021-06-03,8446,1916779,6375,1180185,1791,638418,280,98176,2936,160699,5473,925163,3212,1085862,California
Alameda,2021-06-04,10416,1927195,7669,1187854,2505,640923,242,98418,2959,156485,7416,932579,3202,1089064,California
Alameda,2021-06-05,8031,1935226,5824,1193678,2044,642967,163,98581,1906,152461,6092,938671,2068,1091132,California
Alameda,2021-06-06,3628,1938854,3273,1196951,274,643241,81,98662,1080,151082,2540,941211,1161,1092293,California
Alameda,2021-06-07,5803,1944657,4225,1201176,1403,644644,175,98837,1784,149045,3997,945208,1960,1094253,California
Alameda,2021-06-08,7235,1951892,5776,1206952,1215,645859,244,99081,2123,146324,5087,950295,2366,1096619,California
Alameda,2021-06-09,7262,1959154,5937,1212889,1130,646989,195,99276,1699,142674,5540,955835,1890,1098509,California
Alameda,2021-06-10,7967,1967121,6669,1219558,995,647984,303,99579,2150,139331,5793,961628,2450,1100959,California
Alameda,2021-06-11,8004,1975125,6138,1225696,1643,649627,223,99802,2461,136502,5517,967145,2688,1103647,California
Alameda,2021-06-12,5475,1980600,4195,1229891,1093,650720,187,99989,1369,133980,4082,971227,1560,1105207,California
Alameda,2021-06-13,2234,1982834,1689,1231580,423,651143,122,100111,632,133141,1591,972818,752,1105959,California
Alameda,2021-06-14,4545,1987379,3422,1235002,914,652057,209,100320,1675,132175,2849,975667,1883,1107842,California
Alameda,2021-06-15,5997,1993376,4355,1239357,1362,653419,280,100600,1795,130084,4165,979832,2074,1109916,California
Alameda,2021-06-16,5139,1998515,4106,1243463,828,654247,205,100805,1527,128218,3595,983427,1729,1111645,California
Alameda,2021-06-17,5527,2004042,4473,1247936,825,655072,229,101034,1810,126574,3684,987111,2040,1113685,California
Alameda,2021-06-18,5887,2009929,4446,1252382,1191,656263,250,101284,1957,124874,3906,991017,2206,1115891,California
Alameda,2021-06-19,3407,2013336,2583,1254965,667,656930,157,101441,1037,123709,2358,993375,1193,1117084,California
Alameda,2021-06-20,1394,2014730,1160,1256125,188,657118,46,101487,518,123401,871,994246,563,1117647,California
Alameda,2021-06-21,1681,2016411,1041,1257166,513,657631,127,101614,740,123334,934,995180,867,1118514,California
Alpine,2020-12-18,2,2,2,2,0,0,0,0,2,2,0,0,2,2,California
Alpine,2020-12-19,2,4,2,4,0,0,0,0,2,4,0,0,2,4,California
Alpine,2020-12-21,1,5,1,5,0,0,0,0,1,5,0,0,1,5,California
Alpine,2020-12-30,14,19,0,5,14,14,0,0,14,19,0,0,14,19,California
Alpine,2020-12-31,1,20,0,5,1,15,0,0,1,20,0,0,1,20,California
Alpine,2021-01-01,1,21,0,5,1,16,0,0,1,21,0,0,1,21,California
Alpine,2021-01-02,1,22,1,6,0,16,0,0,1,22,0,0,1,22,California
Alpine,2021-01-04,10,32,0,6,10,26,0,0,10,32,0,0,10,32,California
Alpine,2021-01-05,8,40,0,6,8,34,0,0,8,40,0,0,8,40,California
Alpine,2021-01-06,31,71,0,6,31,65,0,0,31,71,0,0,31,71,California
Alpine,2021-01-07,8,79,0,6,8,73,0,0,8,79,0,0,8,79,California
Alpine,2021-01-08,4,83,2,8,2,75,0,0,2,79,2,2,2,81,California
Alpine,2021-01-09,2,85,2,10,0,75,0,0,0,77,2,4,0,81,California
Alpine,2021-01-11,32,117,1,11,31,106,0,0,31,107,1,5,31,112,California
Alpine,2021-01-13,35,152,0,11,35,141,0,0,35,142,0,5,35,147,California
Alpine,2021-01-14,1,153,0,11,1,142,0,0,1,143,0,5,1,148,California
Alpine,2021-01-15,1,154,0,11,1,143,0,0,1,144,0,5,1,149,California
Alpine,2021-01-20,21,175,0,11,21,164,0,0,21,165,0,5,21,170,California
Alpine,2021-01-21,1,176,0,11,1,165,0,0,1,166,0,5,1,171,California
Alpine,2021-01-22,33,209,0,11,33,198,0,0,33,199,0,5,33,204,California
Alpine,2021-01-23,1,210,1,12,0,198,0,0,0,198,1,6,0,204,California
Alpine,2021-01-25,16,226,0,12,16,214,0,0,16,214,0,6,16,220,California
Alpine,2021-01-28,1,227,0,12,1,215,0,0,0,213,1,7,0,220,California
Alpine,2021-01-29,1,228,0,12,1,216,0,0,1,214,0,7,1,221,California
Alpine,2021-02-01,25,253,0,12,25,241,0,0,7,203,18,25,7,228,California
Alpine,2021-02-03,34,287,0,12,34,275,0,0,10,189,24,49,10,238,California
Alpine,2021-02-04,8,295,0,12,8,283,0,0,3,187,5,54,3,241,California
Alpine,2021-02-05,30,325,0,12,30,313,0,0,11,179,19,73,11,252,California
Alpine,2021-02-08,32,357,0,12,32,345,0,0,4,155,28,101,4,256,California
Alpine,2021-02-10,34,391,0,12,34,379,0,0,0,121,34,135,0,256,California
Alpine,2021-02-11,6,397,0,12,6,385,0,0,3,121,3,138,3,259,California
Alpine,2021-02-12,1,398,0,12,1,386,0,0,0,120,1,139,0,259,California
Alpine,2021-02-17,23,421,0,12,23,409,0,0,3,103,20,159,3,262,California
Alpine,2021-02-18,2,423,0,12,2,411,0,0,1,103,1,160,1,263,California
Alpine,2021-02-19,34,457,1,13,33,444,0,0,2,73,32,192,2,265,California
Alpine,2021-02-22,27,484,0,13,27,471,0,0,8,62,19,211,8,273,California
Alpine,2021-02-25,5,489,0,13,5,476,0,0,5,67,0,211,5,278,California
Alpine,2021-02-26,30,519,1,14,29,505,0,0,29,95,1,212,29,307,California
Alpine,2021-02-27,1,520,0,14,1,506,0,0,1,96,0,212,1,308,California
Alpine,2021-03-01,36,556,0,14,36,542,0,0,26,112,10,222,26,334,California
Alpine,2021-03-03,29,585,0,14,29,571,0,0,18,119,11,233,18,352,California
Alpine,2021-03-04,11,596,1,15,10,581,0,0,11,130,0,233,11,363,California
Alpine,2021-03-05,29,625,0,15,29,610,0,0,22,145,7,240,22,385,California
Alpine,2021-03-08,31,656,0,15,31,641,0,0,29,172,2,242,29,414,California
Alpine,2021-03-10,73,729,0,15,73,714,0,0,73,245,0,242,73,487,California
Alpine,2021-03-11,35,764,0,15,35,749,0,0,31,272,4,246,31,518,California
Alpine,2021-03-12,19,783,0,15,19,768,0,0,17,287,2,248,17,535,California
Alpine,2021-03-15,20,803,0,15,20,788,0,0,19,305,1,249,19,554,California
Alpine,2021-03-17,23,826,0,15,22,810,1,1,19,321,4,253,20,574,California
Alpine,2021-03-18,35,861,0,15,35,845,0,1,34,354,1,254,34,608,California
Alpine,2021-03-19,2,863,1,16,1,846,0,1,1,354,1,255,1,609,California
Alpine,2021-03-22,24,887,0,16,24,870,0,1,15,360,9,264,15,624,California
Alpine,2021-03-24,19,906,0,16,19,889,0,1,8,357,11,275,8,632,California
Alpine,2021-03-25,35,941,1,17,33,922,1,2,27,378,7,282,28,660,California
Alpine,2021-03-27,1,942,0,17,1,923,0,2,0,377,1,283,0,660,California
Alpine,2021-03-28,1,943,1,18,0,923,0,2,1,378,0,283,1,661,California
Alpine,2021-03-29,19,962,0,18,18,941,1,3,2,364,17,300,3,664,California
Alpine,2021-04-01,18,980,0,18,18,959,0,3,8,362,10,310,8,672,California
Alpine,2021-04-02,100,1080,0,18,100,1059,0,3,45,353,54,364,45,717,California
Alpine,2021-04-05,3,1083,0,18,3,1062,0,3,0,350,3,367,0,717,California
Alpine,2021-04-06,2,1085,1,19,1,1063,0,3,1,350,1,368,1,718,California
Alpine,2021-04-07,117,1202,0,19,116,1179,1,4,30,295,86,454,31,749,California
Alpine,2021-04-08,35,1237,0,19,35,1214,0,4,10,280,25,479,10,759,California
Alpine,2021-04-09,2,1239,0,19,2,1216,0,4,2,282,0,479,2,761,California
Alpine,2021-04-14,47,1286,0,19,47,1263,0,4,10,255,37,516,10,771,California
Alpine,2021-04-15,35,1321,0,19,35,1298,0,4,3,226,32,548,3,774,California
Alpine,2021-04-19,1,1322,0,19,1,1299,0,4,1,227,0,548,1,775,California
Alpine,2021-04-21,31,1353,0,19,31,1330,0,4,15,226,16,564,15,790,California
Alpine,2021-04-22,24,1377,0,19,24,1354,0,4,1,204,23,587,1,791,California
Alpine,2021-04-25,1,1378,1,20,0,1354,0,4,0,203,1,588,0,791,California
Alpine,2021-04-27,1,1379,0,20,1,1355,0,4,1,204,0,588,1,792,California
Alpine,2021-04-28,36,1415,0,20,36,1391,0,4,6,180,30,618,6,798,California
Alpine,2021-04-29,6,1421,0,20,6,1397,0,4,0,174,6,624,0,798,California
Alpine,2021-04-30,2,1423,1,21,0,1397,1,5,1,175,1,625,2,800,California
Alpine,2021-05-02,1,1424,0,21,0,1397,1,6,0,175,1,626,1,801,California
Alpine,2021-05-05,17,1441,0,21,17,1414,0,6,4,166,13,639,4,805,California
Alpine,2021-05-06,8,1449,0,21,8,1422,0,6,0,158,8,647,0,805,California
Alpine,2021-05-07,1,1450,0,21,1,1423,0,6,0,157,1,648,0,805,California
Alpine,2021-05-10,1,1451,0,21,1,1424,0,6,1,158,0,648,1,806,California
Alpine,2021-05-12,1,1452,0,21,0,1424,1,7,0,158,1,649,1,807,California
Alpine,2021-05-13,3,1455,0,21,3,1427,0,7,0,155,3,652,0,807,California
Alpine,2021-05-17,2,1457,0,21,2,1429,0,7,1,155,1,653,1,808,California
Alpine,2021-05-18,1,1458,0,21,1,1430,0,7,1,156,0,653,1,809,California
Alpine,2021-05-19,15,1473,0,21,15,1445,0,7,0,141,15,668,0,809,California
Alpine,2021-05-21,1,1474,1,22,0,1445,0,7,0,140,1,669,0,809,California
Alpine,2021-05-25,1,1475,0,22,1,1446,0,7,0,139,1,670,0,809,California
Alpine,2021-05-27,2,1477,1,23,1,1447,0,7,2,141,0,670,2,811,California
Alpine,2021-05-28,2,1479,1,24,1,1448,0,7,2,143,0,670,2,813,California
Alpine,2021-05-29,1,1480,0,24,1,1449,0,7,1,144,0,670,1,814,California
Alpine,2021-06-02,8,1488,0,24,8,1457,0,7,1,138,7,677,1,815,California
Alpine,2021-06-04,1,1489,0,24,1,1458,0,7,1,139,0,677,1,816,California
Alpine,2021-06-07,1,1490,0,24,1,1459,0,7,0,138,1,678,0,816,California
Alpine,2021-06-10,1,1491,1,25,0,1459,0,7,1,139,0,678,1,817,California
Alpine,2021-06-15,1,1492,0,25,1,1460,0,7,0,138,1,679,0,817,California
Alpine,2021-06-18,1,1493,1,26,0,1460,0,7,0,137,1,680,0,817,California
Alpine,2021-06-19,1,1494,1,27,0,1460,0,7,0,136,1,681,0,817,California
Amador,2020-12-16,2,2,2,2,0,0,0,0,2,2,0,0,2,2,California
Amador,2020-12-17,5,7,5,7,0,0,0,0,5,7,0,0,5,7,California
Amador,2020-12-18,45,52,45,52,0,0,0,0,45,52,0,0,45,52,California
Amador,2020-12-19,16,68,16,68,0,0,0,0,16,68,0,0,16,68,California
Amador,2020-12-20,4,72,4,72,0,0,0,0,4,72,0,0,4,72,California
Amador,2020-12-21,30,102,30,102,0,0,0,0,30,102,0,0,30,102,California
Amador,2020-12-22,35,137,34,136,1,1,0,0,35,137,0,0,35,137,California
Amador,2020-12-23,40,177,39,175,1,2,0,0,40,177,0,0,40,177,California
Amador,2020-12-24,5,182,3,178,2,4,0,0,5,182,0,0,5,182,California
Amador,2020-12-26,5,187,4,182,1,5,0,0,5,187,0,0,5,187,California
Amador,2020-12-27,1,188,0,182,1,6,0,0,1,188,0,0,1,188,California
Amador,2020-12-28,31,219,27,209,4,10,0,0,31,219,0,0,31,219,California
Amador,2020-12-29,25,244,18,227,7,17,0,0,25,244,0,0,25,244,California
Amador,2020-12-30,122,366,76,303,46,63,0,0,122,366,0,0,122,366,California
Amador,2020-12-31,195,561,169,472,26,89,0,0,195,561,0,0,195,561,California
Amador,2021-01-01,2,563,0,472,2,91,0,0,2,563,0,0,2,563,California
Amador,2021-01-02,57,620,57,529,0,91,0,0,57,620,0,0,57,620,California
Amador,2021-01-03,66,686,17,546,49,140,0,0,66,686,0,0,66,686,California
Amador,2021-01-04,124,810,1,547,123,263,0,0,124,810,0,0,124,810,California
Amador,2021-01-05,34,844,3,550,31,294,0,0,32,841,2,2,33,843,California
Amador,2021-01-06,40,884,11,561,29,323,0,0,36,873,4,6,36,879,California
Amador,2021-01-07,228,1112,68,629,160,483,0,0,217,1079,11,17,217,1096,California
Amador,2021-01-08,84,1196,70,699,14,497,0,0,40,1076,44,61,41,1137,California
Amador,2021-01-09,11,1207,11,710,0,497,0,0,2,1069,9,70,2,1139,California
Amador,2021-01-10,6,1213,4,714,2,499,0,0,2,1067,4,74,2,1141,California
Amador,2021-01-11,124,1337,43,757,81,580,0,0,88,1120,36,110,89,1230,California
Amador,2021-01-12,66,1403,50,807,16,596,0,0,42,1138,24,134,42,1272,California
Amador,2021-01-13,40,1443,24,831,16,612,0,0,28,1154,12,146,28,1300,California
Amador,2021-01-14,149,1592,22,853,127,739,0,0,139,1284,10,156,140,1440,California
Amador,2021-01-15,61,1653,26,879,35,774,0,0,52,1327,9,165,52,1492,California
Amador,2021-01-16,17,1670,11,890,6,780,0,0,11,1333,6,171,12,1504,California
Amador,2021-01-17,26,1696,5,895,21,801,0,0,26,1359,0,171,26,1530,California
Amador,2021-01-18,30,1726,26,921,4,805,0,0,9,1347,21,192,9,1539,California
Amador,2021-01-19,124,1850,99,1020,25,830,0,0,81,1385,43,235,81,1620,California
Amador,2021-01-20,179,2029,30,1050,149,979,0,0,165,1537,13,248,165,1785,California
Amador,2021-01-21,259,2288,230,1280,29,1008,0,0,148,1575,111,359,149,1934,California
Amador,2021-01-22,135,2423,73,1353,62,1070,0,0,128,1696,7,366,128,2062,California
Amador,2021-01-23,54,2477,32,1385,22,1092,0,0,51,1744,3,369,51,2113,California
Amador,2021-01-24,28,2505,12,1397,16,1108,0,0,25,1766,3,372,25,2138,California
Amador,2021-01-25,59,2564,29,1426,30,1138,0,0,41,1789,18,390,41,2179,California
Amador,2021-01-26,243,2807,16,1442,227,1365,0,0,233,2012,10,400,233,2412,California
Amador,2021-01-27,302,3109,33,1475,269,1634,0,0,255,2223,45,445,256,2668,California
Amador,2021-01-28,370,3479,97,1572,273,1907,0,0,289,2432,81,526,290,2958,California
Amador,2021-01-29,99,3578,33,1605,66,1973,0,0,84,2501,15,541,84,3042,California
Amador,2021-01-30,169,3747,37,1642,132,2105,0,0,164,2660,5,546,164,3206,California
Amador,2021-01-31,33,3780,28,1670,5,2110,0,0,32,2691,1,547,32,3238,California
Amador,2021-02-01,66,3846,23,1693,43,2153,0,0,39,2703,27,574,39,3277,California
Amador,2021-02-02,214,4060,65,1758,149,2302,0,0,127,2746,84,658,127,3404,California
Amador,2021-02-03,139,4199,37,1795,102,2404,0,0,87,2782,51,709,87,3491,California
Amador,2021-02-04,249,4448,74,1869,175,2579,0,0,163,2861,86,795,165,3656,California
Amador,2021-02-05,334,4782,63,1932,271,2850,0,0,317,3161,17,812,317,3973,California
Amador,2021-02-06,98,4880,80,2012,18,2868,0,0,94,3251,4,816,94,4067,California
Amador,2021-02-07,39,4919,35,2047,4,2872,0,0,35,3283,4,820,36,4103,California
Amador,2021-02-08,91,5010,63,2110,28,2900,0,0,74,3340,17,837,74,4177,California
Amador,2021-02-09,173,5183,80,2190,93,2993,0,0,106,3379,67,904,106,4283,California
Amador,2021-02-10,980,6163,80,2270,900,3893,0,0,947,4293,33,937,947,5230,California
Amador,2021-02-11,306,6469,118,2388,188,4081,0,0,196,4381,108,1045,196,5426,California
Amador,2021-02-12,327,6796,120,2508,207,4288,0,0,254,4562,73,1118,254,5680,California
Amador,2021-02-13,165,6961,80,2588,85,4373,0,0,142,4681,23,1141,142,5822,California
Amador,2021-02-14,124,7085,54,2642,70,4443,0,0,106,4769,18,1159,106,5928,California
Amador,2021-02-15,188,7273,60,2702,128,4571,0,0,171,4924,16,1175,171,6099,California
Amador,2021-02-16,466,7739,53,2755,413,4984,0,0,427,5313,39,1214,428,6527,California
Amador,2021-02-17,264,8003,86,2841,178,5162,0,0,167,5383,97,1311,167,6694,California
Amador,2021-02-18,394,8397,97,2938,297,5459,0,0,332,5653,62,1373,332,7026,California
Amador,2021-02-19,191,8588,75,3013,116,5575,0,0,107,5676,84,1457,107,7133,California
Amador,2021-02-20,94,8682,32,3045,62,5637,0,0,65,5712,29,1486,65,7198,California
Amador,2021-02-21,45,8727,33,3078,12,5649,0,0,13,5694,31,1517,13,7211,California
Amador,2021-02-22,66,8793,26,3104,40,5689,0,0,33,5695,32,1549,33,7244,California
Amador,2021-02-23,322,9115,56,3160,266,5955,0,0,142,5658,179,1728,142,7386,California
Amador,2021-02-24,396,9511,59,3219,337,6292,0,0,264,5794,128,1856,264,7650,California
Amador,2021-02-25,528,10039,122,3341,406,6698,0,0,281,5829,246,2102,281,7931,California
Amador,2021-02-26,630,10669,80,3421,550,7248,0,0,514,6228,115,2217,514,8445,California
Amador,2021-02-27,294,10963,97,3518,197,7445,0,0,101,6139,192,2409,103,8548,California
Amador,2021-02-28,105,11068,54,3572,51,7496,0,0,60,6156,45,2454,62,8610,California
Amador,2021-03-01,199,11267,70,3642,129,7625,0,0,127,6212,72,2526,128,8738,California
Amador,2021-03-02,382,11649,61,3703,321,7946,0,0,335,6501,47,2573,336,9074,California
Amador,2021-03-03,242,11891,82,3785,160,8106,0,0,166,6593,75,2648,167,9241,California
Amador,2021-03-04,493,12384,112,3897,381,8487,0,0,394,6889,98,2746,394,9635,California
Amador,2021-03-05,512,12896,76,3973,436,8923,0,0,291,6963,219,2965,293,9928,California
Amador,2021-03-06,98,12994,46,4019,51,8974,1,1,56,6978,42,3007,57,9985,California
Amador,2021-03-07,66,13060,44,4063,22,8996,0,1,23,6958,43,3050,23,10008,California
Amador,2021-03-08,150,13210,69,4132,80,9076,1,2,90,6989,60,3110,91,10099,California
Amador,2021-03-09,373,13583,48,4180,325,9401,0,2,291,7203,78,3188,292,10391,California
Amador,2021-03-10,514,14097,77,4257,435,9836,2,4,111,6915,403,3591,115,10506,California
Amador,2021-03-11,473,14570,118,4375,344,10180,11,15,298,7053,174,3765,312,10818,California
Amador,2021-03-12,567,15137,66,4441,494,10674,7,22,340,7180,226,3991,353,11171,California
Amador,2021-03-13,116,15253,17,4458,92,10766,7,29,75,7226,41,4032,87,11258,California
Amador,2021-03-14,87,15340,17,4475,68,10834,2,31,21,7183,66,4098,23,11281,California
Amador,2021-03-15,182,15522,26,4501,149,10983,7,38,53,7115,129,4227,61,11342,California
Amador,2021-03-16,452,15974,54,4555,389,11372,9,47,139,6952,311,4538,148,11490,California
Amador,2021-03-17,385,16359,43,4598,339,11711,3,50,265,7100,120,4658,268,11758,California
Amador,2021-03-18,512,16871,102,4700,406,12117,4,54,255,7105,257,4915,262,12020,California
Amador,2021-03-19,542,17413,56,4756,469,12586,17,71,389,7364,151,5066,410,12430,California
Amador,2021-03-20,111,17524,47,4803,63,12649,1,72,46,7349,64,5130,49,12479,California
Amador,2021-03-21,51,17575,35,4838,15,12664,1,73,32,7366,18,5148,35,12514,California
Amador,2021-03-22,115,17690,34,4872,52,12716,29,102,49,7378,66,5214,78,12592,California
Amador,2021-03-23,437,18127,47,4919,383,13099,7,109,276,7502,160,5374,284,12876,California
Amador,2021-03-24,348,18475,40,4959,55,13154,253,362,38,7484,309,5683,291,13167,California
Amador,2021-03-25,609,19084,87,5046,515,13669,7,369,394,7671,214,5897,401,13568,California
Amador,2021-03-26,746,19830,43,5089,697,14366,6,375,285,7506,459,6356,294,13862,California
Amador,2021-03-27,87,19917,15,5104,70,14436,2,377,27,7477,60,6416,31,13893,California
Amador,2021-03-28,69,19986,15,5119,52,14488,2,379,12,7436,56,6472,15,13908,California
Amador,2021-03-29,182,20168,27,5146,154,14642,1,380,80,7423,100,6572,87,13995,California
Amador,2021-03-30,533,20701,25,5171,507,15149,1,381,291,7474,241,6813,292,14287,California
Amador,2021-03-31,201,20902,58,5229,138,15287,5,386,45,7369,155,6968,50,14337,California
Amador,2021-04-01,610,21512,85,5314,525,15812,0,386,261,7285,347,7315,263,14600,California
Amador,2021-04-02,607,22119,39,5353,555,16367,13,399,378,7450,228,7543,393,14993,California
Amador,2021-04-03,87,22206,25,5378,43,16410,19,418,21,7426,66,7609,42,15035,California
Amador,2021-04-04,38,22244,3,5381,29,16439,6,424,15,7424,23,7632,21,15056,California
Amador,2021-04-05,141,22385,50,5431,75,16514,16,440,48,7398,92,7724,66,15122,California
Amador,2021-04-06,503,22888,38,5469,447,16961,18,458,222,7359,279,8003,240,15362,California
Amador,2021-04-07,99,22987,33,5502,47,17008,19,477,43,7367,54,8057,62,15424,California
Amador,2021-04-08,494,23481,85,5587,388,17396,21,498,220,7336,273,8330,242,15666,California
Amador,2021-04-09,483,23964,22,5609,441,17837,20,518,215,7301,267,8597,232,15898,California
Amador,2021-04-10,51,24015,15,5624,27,17864,9,527,21,7301,30,8627,30,15928,California
Amador,2021-04-11,48,24063,24,5648,20,17884,4,531,22,7302,25,8652,26,15954,California
Amador,2021-04-12,98,24161,27,5675,62,17946,9,540,41,7295,57,8709,50,16004,California
Amador,2021-04-13,344,24505,47,5722,297,18243,0,540,65,7083,278,8987,66,16070,California
Amador,2021-04-14,283,24788,30,5752,253,18496,0,540,55,6914,225,9212,56,16126,California
Amador,2021-04-15,330,25118,75,5827,255,18751,0,540,67,6723,258,9470,67,16193,California
Amador,2021-04-16,483,25601,29,5856,454,19205,0,540,386,7013,96,9566,386,16579,California
Amador,2021-04-17,63,25664,36,5892,27,19232,0,540,27,7004,36,9602,27,16606,California
Amador,2021-04-18,30,25694,7,5899,23,19255,0,540,12,6999,18,9620,13,16619,California
Amador,2021-04-19,70,25764,28,5927,42,19297,0,540,30,6992,39,9659,32,16651,California
Amador,2021-04-20,437,26201,53,5980,384,19681,0,540,109,6782,321,9980,111,16762,California
Amador,2021-04-21,88,26289,33,6013,54,19735,1,541,43,6782,44,10024,44,16806,California
Amador,2021-04-22,492,26781,76,6089,415,20150,1,542,101,6500,384,10408,102,16908,California
Amador,2021-04-23,359,27140,46,6135,313,20463,0,542,285,6714,73,10481,287,17195,California
Amador,2021-04-24,49,27189,24,6159,25,20488,0,542,28,6722,20,10501,28,17223,California
Amador,2021-04-25,41,27230,19,6178,22,20510,0,542,29,6739,12,10513,29,17252,California
Amador,2021-04-26,91,27321,26,6204,64,20574,1,543,44,6740,46,10559,47,17299,California
Amador,2021-04-27,494,27815,40,6244,453,21027,1,544,87,6424,405,10964,89,17388,California
Amador,2021-04-28,68,27883,28,6272,36,21063,4,548,39,6438,29,10993,43,17431,California
Amador,2021-04-29,221,28104,69,6341,44,21107,108,656,65,6454,156,11149,172,17603,California
Amador,2021-04-30,336,28440,26,6367,306,21413,4,660,94,6311,242,11391,99,17702,California
Amador,2021-05-01,43,28483,15,6382,23,21436,5,665,22,6319,19,11410,27,17729,California
Amador,2021-05-02,28,28511,14,6396,11,21447,3,668,11,6317,17,11427,15,17744,California
Amador,2021-05-03,67,28578,33,6429,24,21471,10,678,27,6314,40,11467,37,17781,California
Amador,2021-05-04,464,29042,27,6456,430,21901,7,685,67,5991,397,11864,74,17855,California
Amador,2021-05-05,202,29244,152,6608,41,21942,9,694,161,6119,40,11904,168,18023,California
Amador,2021-05-06,108,29352,56,6664,47,21989,5,699,63,6144,43,11947,68,18091,California
Amador,2021-05-07,126,29478,28,6692,91,22080,7,706,67,6159,59,12006,74,18165,California
Amador,2021-05-08,41,29519,10,6702,28,22108,3,709,19,6159,22,12028,22,18187,California
Amador,2021-05-09,16,29535,1,6703,9,22117,6,715,4,6157,12,12040,10,18197,California
Amador,2021-05-10,59,29594,13,6716,43,22160,3,718,24,6149,35,12075,27,18224,California
Amador,2021-05-11,97,29691,31,6747,40,22200,26,744,44,6166,53,12128,70,18294,California
Amador,2021-05-12,68,29759,24,6771,41,22241,3,747,33,6167,35,12163,36,18330,California
Amador,2021-05-13,74,29833,41,6812,27,22268,6,753,37,6174,36,12199,43,18373,California
Amador,2021-05-14,396,30229,35,6847,357,22625,4,757,86,5956,310,12509,92,18465,California
Amador,2021-05-15,49,30278,19,6866,20,22645,10,767,23,5964,26,12535,34,18499,California
Amador,2021-05-16,37,30315,14,6880,23,22668,0,767,17,5961,20,12555,17,18516,California
Amador,2021-05-17,76,30391,23,6903,51,22719,2,769,35,5959,40,12595,38,18554,California
Amador,2021-05-18,246,30637,166,7069,45,22764,35,804,165,6079,80,12675,200,18754,California
Amador,2021-05-19,75,30712,25,7094,47,22811,3,807,35,6080,39,12714,40,18794,California
Amador,2021-05-20,85,30797,45,7139,36,22847,4,811,28,6056,56,12770,32,18826,California
Amador,2021-05-21,272,31069,29,7168,241,23088,2,813,39,5864,233,13003,41,18867,California
Amador,2021-05-22,46,31115,14,7182,27,23115,5,818,12,5848,34,13037,18,18885,California
Amador,2021-05-23,26,31141,4,7186,19,23134,3,821,5,5835,21,13058,8,18893,California
Amador,2021-05-24,90,31231,31,7217,47,23181,12,833,42,5841,48,13106,54,18947,California
Amador,2021-05-25,141,31372,89,7306,27,23208,25,858,82,5891,57,13163,107,19054,California
Amador,2021-05-26,204,31576,161,7467,36,23244,7,865,40,5774,163,13326,46,19100,California
Amador,2021-05-27,81,31657,36,7503,36,23280,9,874,30,5762,51,13377,39,19139,California
Amador,2021-05-28,69,31726,27,7530,38,23318,4,878,30,5757,39,13416,34,19173,California
Amador,2021-05-29,26,31752,2,7532,21,23339,3,881,10,5754,16,13432,13,19186,California
Amador,2021-05-30,19,31771,5,7537,8,23347,6,887,5,5751,14,13446,11,19197,California
Amador,2021-05-31,10,31781,0,7537,9,23356,1,888,2,5746,8,13454,3,19200,California
Amador,2021-06-01,93,31874,65,7602,23,23379,5,893,43,5745,49,13503,48,19248,California
Amador,2021-06-02,46,31920,16,7618,22,23401,8,901,16,5740,30,13533,25,19273,California
Amador,2021-06-03,58,31978,25,7643,28,23429,5,906,19,5726,38,13571,24,19297,California
Amador,2021-06-04,100,32078,20,7663,59,23488,21,927,23,5693,77,13648,44,19341,California
Amador,2021-06-05,38,32116,16,7679,19,23507,3,930,4,5666,34,13682,7,19348,California
Amador,2021-06-06,18,32134,8,7687,9,23516,1,931,8,5665,10,13692,9,19357,California
Amador,2021-06-07,45,32179,18,7705,22,23538,5,936,17,5659,28,13720,22,19379,California
Amador,2021-06-08,173,32352,138,7843,25,23563,10,946,54,5606,118,13838,65,19444,California
Amador,2021-06-09,48,32400,19,7862,20,23583,9,955,12,5591,36,13874,21,19465,California
Amador,2021-06-10,54,32454,22,7884,20,23603,12,967,19,5587,35,13909,31,19496,California
Amador,2021-06-11,57,32511,17,7901,35,23638,5,972,17,5569,40,13949,22,19518,California
Amador,2021-06-12,23,32534,10,7911,11,23649,2,974,8,5565,14,13963,10,19528,California
Amador,2021-06-13,9,32543,2,7913,6,23655,1,975,2,5561,7,13970,3,19531,California
Amador,2021-06-14,46,32589,23,7936,20,23675,3,978,13,5544,33,14003,16,19547,California
Amador,2021-06-15,43,32632,12,7948,19,23694,12,990,17,5547,26,14029,29,19576,California
Amador,2021-06-16,73,32705,33,7981,31,23725,9,999,34,5551,39,14068,43,19619,California
Amador,2021-06-17,47,32752,23,8004,20,23745,4,1003,27,5563,19,14087,31,19650,California
Amador,2021-06-18,156,32908,120,8124,29,23774,7,1010,62,5538,94,14181,69,19719,California
Amador,2021-06-19,31,32939,8,8132,15,23789,8,1018,11,5538,20,14201,20,19739,California
Amador,2021-06-20,8,32947,6,8138,1,23790,1,1019,6,5543,2,14203,7,19746,California
Amador,2021-06-21,32,32979,12,8150,17,23807,3,1022,16,5546,16,14219,19,19765,California
Butte,2020-12-16,3,3,3,3,0,0,0,0,3,3,0,0,3,3,California
Butte,2020-12-17,21,24,21,24,0,0,0,0,21,24,0,0,21,24,California
Butte,2020-12-18,53,77,53,77,0,0,0,0,53,77,0,0,53,77,California
Butte,2020-12-19,7,84,7,84,0,0,0,0,7,84,0,0,7,84,California
Butte,2020-12-20,10,94,10,94,0,0,0,0,10,94,0,0,10,94,California
Butte,2020-12-21,630,724,630,724,0,0,0,0,630,724,0,0,630,724,California
Butte,2020-12-22,618,1342,616,1340,2,2,0,0,618,1342,0,0,618,1342,California
Butte,2020-12-23,874,2216,858,2198,16,18,0,0,874,2216,0,0,874,2216,California
Butte,2020-12-24,158,2374,154,2352,4,22,0,0,158,2374,0,0,158,2374,California
Butte,2020-12-26,90,2464,88,2440,2,24,0,0,90,2464,0,0,90,2464,California
Butte,2020-12-27,35,2499,34,2474,1,25,0,0,35,2499,0,0,35,2499,California
Butte,2020-12-28,278,2777,272,2746,6,31,0,0,278,2777,0,0,278,2777,California
Butte,2020-12-29,202,2979,179,2925,23,54,0,0,202,2979,0,0,202,2979,California
Butte,2020-12-30,512,3491,290,3215,222,276,0,0,512,3491,0,0,512,3491,California
Butte,2020-12-31,213,3704,18,3233,195,471,0,0,213,3704,0,0,213,3704,California
Butte,2021-01-01,11,3715,3,3236,8,479,0,0,11,3715,0,0,11,3715,California
Butte,2021-01-02,40,3755,37,3273,3,482,0,0,40,3755,0,0,40,3755,California
Butte,2021-01-03,3,3758,0,3273,3,485,0,0,3,3758,0,0,3,3758,California
Butte,2021-01-04,209,3967,176,3449,33,518,0,0,209,3967,0,0,209,3967,California
Butte,2021-01-05,195,4162,152,3601,43,561,0,0,194,4160,1,1,194,4161,California
Butte,2021-01-06,624,4786,396,3997,228,789,0,0,619,4775,5,6,620,4781,California
Butte,2021-01-07,762,5548,369,4366,393,1182,0,0,742,5497,20,26,742,5523,California
Butte,2021-01-08,674,6222,533,4899,141,1323,0,0,625,6073,49,75,625,6148,California
Butte,2021-01-09,10,6232,7,4906,3,1326,0,0,5,6073,5,80,5,6153,California
Butte,2021-01-10,19,6251,5,4911,14,1340,0,0,14,6082,5,85,14,6167,California
Butte,2021-01-11,984,7235,949,5860,35,1375,0,0,356,5813,628,713,359,6526,California
Butte,2021-01-12,697,7932,653,6513,44,1419,0,0,275,5666,422,1135,275,6801,California
Butte,2021-01-13,1564,9496,1073,7586,491,1910,0,0,724,5553,839,1974,726,7527,California
Butte,2021-01-14,1637,11133,891,8477,746,2656,0,0,1440,6797,196,2170,1440,8967,California
Butte,2021-01-15,1055,12188,814,9291,241,2897,0,0,946,7634,109,2279,946,9913,California
Butte,2021-01-16,588,12776,301,9592,287,3184,0,0,544,8134,44,2323,544,10457,California
Butte,2021-01-17,237,13013,63,9655,174,3358,0,0,199,8295,38,2361,199,10656,California
Butte,2021-01-18,346,13359,304,9959,42,3400,0,0,279,8508,66,2427,279,10935,California
Butte,2021-01-19,491,13850,430,10389,61,3461,0,0,222,8461,269,2696,222,11157,California
Butte,2021-01-20,1374,15224,690,11079,684,4145,0,0,1071,9229,303,2999,1071,12228,California
Butte,2021-01-21,1478,16702,867,11946,611,4756,0,0,1371,10494,106,3105,1371,13599,California
Butte,2021-01-22,1141,17843,483,12429,658,5414,0,0,1087,11527,54,3159,1087,14686,California
Butte,2021-01-23,125,17968,85,12514,40,5454,0,0,100,11602,25,3184,100,14786,California
Butte,2021-01-24,8,17976,6,12520,2,5456,0,0,8,11610,0,3184,8,14794,California
Butte,2021-01-25,659,18635,339,12859,320,5776,0,0,495,11941,164,3348,495,15289,California
Butte,2021-01-26,1473,20108,377,13236,1096,6872,0,0,1337,13142,136,3484,1337,16626,California
Butte,2021-01-27,2104,22212,707,13943,1397,8269,0,0,1369,13777,734,4218,1369,17995,California
Butte,2021-01-28,2262,24474,256,14199,2006,10275,0,0,1950,15416,311,4529,1950,19945,California
Butte,2021-01-29,1692,26166,492,14691,1200,11475,0,0,1311,16347,380,4909,1311,21256,California
Butte,2021-01-30,28,26194,8,14699,20,11495,0,0,26,16371,2,4911,26,21282,California
Butte,2021-01-31,15,26209,13,14712,2,11497,0,0,14,16384,1,4912,14,21296,California
Butte,2021-02-01,1755,27964,407,15119,1348,12845,0,0,1361,17355,390,5302,1361,22657,California
Butte,2021-02-02,1938,29902,364,15483,1574,14419,0,0,1636,18689,303,5605,1637,24294,California
Butte,2021-02-03,2745,32647,779,16262,1966,16385,0,0,1849,19646,894,6499,1851,26145,California
Butte,2021-02-04,2959,35606,321,16583,2638,19023,0,0,2402,21493,555,7054,2402,28547,California
Butte,2021-02-05,1271,36877,666,17249,605,19628,0,0,550,21323,721,7775,551,29098,California
Butte,2021-02-06,145,37022,103,17352,42,19670,0,0,63,21304,82,7857,63,29161,California
Butte,2021-02-07,37,37059,33,17385,4,19674,0,0,14,21295,23,7880,14,29175,California
Butte,2021-02-08,700,37759,549,17934,151,19825,0,0,242,21079,458,8338,242,29417,California
Butte,2021-02-09,950,38709,459,18393,491,20316,0,0,721,21571,229,8567,721,30138,California
Butte,2021-02-10,1701,40410,1186,19579,515,20831,0,0,670,21213,1029,9596,671,30809,California
Butte,2021-02-11,2204,42614,1349,20928,855,21686,0,0,1006,21021,1198,10794,1006,31815,California
Butte,2021-02-12,1001,43615,435,21363,566,22252,0,0,327,20675,673,11467,327,32142,California
Butte,2021-02-13,245,43860,42,21405,203,22455,0,0,144,20718,101,11568,144,32286,California
Butte,2021-02-14,162,44022,8,21413,154,22609,0,0,159,20874,3,11571,159,32445,California
Butte,2021-02-15,262,44284,47,21460,215,22824,0,0,196,21004,66,11637,196,32641,California
Butte,2021-02-16,729,45013,433,21893,296,23120,0,0,276,20826,454,12091,276,32917,California
Butte,2021-02-17,1512,46525,846,22739,666,23786,0,0,839,20994,671,12762,839,33756,California
Butte,2021-02-18,1556,48081,756,23495,800,24586,0,0,750,20938,806,13568,750,34506,California
Butte,2021-02-19,1166,49247,388,23883,778,25364,0,0,399,20577,760,14328,399,34905,California
Butte,2021-02-20,476,49723,32,23915,444,25808,0,0,126,20354,349,14677,126,35031,California
Butte,2021-02-21,17,49740,15,23930,2,25810,0,0,13,20363,4,14681,13,35044,California
Butte,2021-02-22,1500,51240,293,24223,1207,27017,0,0,373,19612,1124,15805,373,35417,California
Butte,2021-02-23,1639,52879,295,24518,1344,28361,0,0,464,18907,1169,16974,464,35881,California
Butte,2021-02-24,2127,55006,594,25112,1533,29894,0,0,718,18224,1401,18375,718,36599,California
Butte,2021-02-25,2080,57086,577,25689,1503,31397,0,0,656,17463,1418,19793,657,37256,California
Butte,2021-02-26,919,58005,308,25997,611,32008,0,0,395,17338,520,20313,395,37651,California
Butte,2021-02-27,232,58237,45,26042,187,32195,0,0,184,17476,46,20359,184,37835,California
Butte,2021-02-28,141,58378,15,26057,126,32321,0,0,134,17603,7,20366,134,37969,California
Butte,2021-03-01,1637,60015,179,26236,1457,33778,1,1,333,16638,1299,21665,334,38303,California
Butte,2021-03-02,1750,61765,198,26434,1552,35330,0,1,305,15502,1441,23106,305,38608,California
Butte,2021-03-03,2791,64556,855,27289,1936,37266,0,1,482,13679,2305,25411,482,39090,California
Butte,2021-03-04,3155,67711,683,27972,2472,39738,0,1,628,11782,2525,27936,628,39718,California
Butte,2021-03-05,1352,69063,615,28587,736,40474,1,2,733,11901,615,28551,734,40452,California
Butte,2021-03-06,245,69308,23,28610,199,40673,23,25,186,12052,58,28609,209,40661,California
Butte,2021-03-07,54,69362,3,28613,34,40707,17,42,30,12075,24,28633,47,40708,California
Butte,2021-03-08,1268,70630,128,28741,1062,41769,78,120,1101,13090,164,28797,1179,41887,California
Butte,2021-03-09,1908,72538,283,29024,1523,43292,102,222,1414,14116,490,29287,1516,43403,California
Butte,2021-03-10,2316,74854,966,29990,1250,44542,100,322,1579,15063,732,30019,1679,45082,California
Butte,2021-03-11,2812,77666,1317,31307,1369,45911,126,448,1982,16352,819,30838,2108,47190,California
Butte,2021-03-12,1145,78811,332,31639,465,46376,348,796,355,16271,784,31622,703,47893,California
Butte,2021-03-13,267,79078,67,31706,139,46515,61,857,59,16182,208,31830,119,48012,California
Butte,2021-03-14,164,79242,16,31722,106,46621,42,899,21,16103,142,31972,63,48075,California
Butte,2021-03-15,1746,80988,360,32082,1090,47711,296,1195,1147,16955,591,32563,1443,49518,California
Butte,2021-03-16,1647,82635,412,32494,1156,48867,79,1274,1110,17610,533,33096,1188,50706,California
Butte,2021-03-17,1953,84588,1353,33847,519,49386,81,1355,1136,18017,809,33905,1216,51922,California
Butte,2021-03-18,1810,86398,1465,35312,218,49604,127,1482,1061,18461,743,34648,1187,53109,California
Butte,2021-03-19,691,87089,306,35618,301,49905,84,1566,342,18547,340,34988,426,53535,California
Butte,2021-03-20,205,87294,30,35648,160,50065,15,1581,97,18551,108,35096,112,53647,California
Butte,2021-03-21,58,87352,25,35673,4,50069,29,1610,13,18550,43,35139,42,53689,California
Butte,2021-03-22,1484,88836,353,36026,1037,51106,94,1704,1222,19606,260,35399,1316,55005,California
Butte,2021-03-23,1820,90656,488,36514,1219,52325,113,1817,1473,20849,343,35742,1586,56591,California
Butte,2021-03-24,2264,92920,1266,37780,872,53197,126,1943,1714,22143,545,36287,1839,58430,California
Butte,2021-03-25,1480,94400,1196,38976,192,53389,92,2035,1014,22787,462,36749,1106,59536,California
Butte,2021-03-26,1205,95605,437,39413,521,53910,247,2282,559,22955,638,37387,806,60342,California
Butte,2021-03-27,302,95907,83,39496,195,54105,24,2306,135,22948,164,37551,157,60499,California
Butte,2021-03-28,227,96134,44,39540,176,54281,7,2313,103,22936,121,37672,109,60608,California
Butte,2021-03-29,1761,97895,379,39919,1312,55593,70,2383,1342,23934,414,38086,1412,62020,California
Butte,2021-03-30,1028,98923,467,40386,471,56064,90,2473,485,23972,537,38623,575,62595,California
Butte,2021-03-31,1775,100698,1301,41687,407,56471,67,2540,1081,24433,687,39310,1148,63743,California
Butte,2021-04-01,3330,104028,2704,44391,498,56969,128,2668,2258,25755,1064,40374,2386,66129,California
Butte,2021-04-02,1002,105030,417,44808,464,57433,121,2789,565,26010,429,40803,684,66813,California
Butte,2021-04-03,342,105372,46,44854,224,57657,72,2861,163,26066,179,40982,235,67048,California
Butte,2021-04-04,191,105563,25,44879,143,57800,23,2884,113,26126,76,41058,136,67184,California
Butte,2021-04-05,1972,107535,421,45300,1380,59180,171,3055,595,25522,1368,42426,764,67948,California
Butte,2021-04-06,2209,109744,617,45917,1170,60350,422,3477,799,25340,1401,43827,1219,69167,California
Butte,2021-04-07,3033,112777,1317,47234,1324,61674,392,3869,714,24133,2313,46140,1106,70273,California
Butte,2021-04-08,2756,115533,1199,48433,1289,62963,268,4137,459,22567,2293,48433,727,71000,California
Butte,2021-04-09,1372,116905,352,48785,539,63502,481,4618,328,22331,1040,49473,804,71804,California
Butte,2021-04-10,225,117130,49,48834,75,63577,101,4719,100,22407,124,49597,200,72004,California
Butte,2021-04-11,104,117234,41,48875,53,63630,10,4729,81,22476,22,49619,91,72095,California
Butte,2021-04-12,1415,118649,315,49190,968,64598,132,4861,237,21667,1178,50797,369,72464,California
Butte,2021-04-13,1651,120300,570,49760,1075,65673,6,4867,344,20717,1300,52097,350,72814,California
Butte,2021-04-14,2854,123154,2359,52119,495,66168,0,4867,1332,20533,1517,53614,1333,74147,California
Butte,2021-04-15,637,123791,391,52510,246,66414,0,4867,483,20865,151,53765,483,74630,California
Butte,2021-04-16,815,124606,418,52928,397,66811,0,4867,481,21014,332,54097,481,75111,California
Butte,2021-04-17,342,124948,60,52988,282,67093,0,4867,238,21150,102,54199,238,75349,California
Butte,2021-04-18,46,124994,11,52999,35,67128,0,4867,40,21184,6,54205,40,75389,California
Butte,2021-04-19,1558,126552,378,53377,1180,68308,0,4867,427,20483,1128,55333,427,75816,California
Butte,2021-04-20,1986,128538,723,54100,1263,69571,0,4867,762,20031,1216,56549,764,76580,California
Butte,2021-04-21,2049,130587,1166,55266,883,70454,0,4867,465,18918,1578,58127,465,77045,California
Butte,2021-04-22,2221,132808,1939,57205,282,70736,0,4867,615,17931,1602,59729,615,77660,California
Butte,2021-04-23,933,133741,441,57646,492,71228,0,4867,480,17959,452,60181,480,78140,California
Butte,2021-04-24,346,134087,137,57783,209,71437,0,4867,191,17996,154,60335,191,78331,California
Butte,2021-04-25,173,134260,68,57851,105,71542,0,4867,64,17951,109,60444,64,78395,California
Butte,2021-04-26,1561,135821,454,58305,1101,72643,6,4873,403,17207,1153,61597,409,78804,California
Butte,2021-04-27,1018,136839,678,58983,313,72956,27,4900,585,17390,429,62026,612,79416,California
Butte,2021-04-28,1386,138225,935,59918,426,73382,25,4925,500,17033,882,62908,525,79941,California
Butte,2021-04-29,889,139114,541,60459,323,73705,25,4950,300,16775,583,63491,325,80266,California
Butte,2021-04-30,895,140009,389,60848,485,74190,21,4971,448,16803,440,63931,468,80734,California
Butte,2021-05-01,241,140250,64,60912,158,74348,19,4990,72,16725,168,64099,90,80824,California
Butte,2021-05-02,150,140400,62,60974,75,74423,13,5003,44,16676,106,64205,57,80881,California
Butte,2021-05-03,633,141033,256,61230,346,74769,31,5034,177,16438,446,64651,208,81089,California
Butte,2021-05-04,818,141851,316,61546,470,75239,32,5066,213,16083,599,65250,244,81333,California
Butte,2021-05-05,1339,143190,1090,62636,213,75452,36,5102,275,15336,1059,66309,312,81645,California
Butte,2021-05-06,934,144124,672,63308,225,75677,37,5139,358,15158,573,66882,395,82040,California
Butte,2021-05-07,559,144683,289,63597,234,75911,36,5175,285,15207,271,67153,320,82360,California
Butte,2021-05-08,167,144850,34,63631,124,76035,9,5184,87,15224,79,67232,96,82456,California
Butte,2021-05-09,92,144942,19,63650,70,76105,3,5187,49,15233,43,67275,52,82508,California
Butte,2021-05-10,515,145457,303,63953,169,76274,43,5230,212,15188,300,67575,255,82763,California
Butte,2021-05-11,869,146326,641,64594,169,76443,59,5289,277,14935,589,68164,336,83099,California
Butte,2021-05-12,764,147090,481,65075,237,76680,46,5335,342,14905,418,68582,388,83487,California
Butte,2021-05-13,912,148002,610,65685,240,76920,62,5397,333,14730,568,69150,393,83880,California
Butte,2021-05-14,826,148828,515,66200,281,77201,30,5427,358,14652,465,69615,387,84267,California
Butte,2021-05-15,479,149307,222,66422,225,77426,32,5459,222,14650,256,69871,254,84521,California
Butte,2021-05-16,167,149474,82,66504,67,77493,18,5477,98,14698,68,69939,116,84637,California
Butte,2021-05-17,754,150228,481,66985,224,77717,49,5526,325,14645,426,70365,373,85010,California
Butte,2021-05-18,1064,151292,732,67717,284,78001,48,5574,475,14585,583,70948,523,85533,California
Butte,2021-05-19,824,152116,533,68250,247,78248,44,5618,329,14467,490,71438,372,85905,California
Butte,2021-05-20,977,153093,652,68902,215,78463,110,5728,389,14381,584,72022,498,86403,California
Butte,2021-05-21,889,153982,542,69444,320,78783,27,5755,307,14135,579,72601,333,86736,California
Butte,2021-05-22,298,154280,137,69581,146,78929,15,5770,145,14144,150,72751,159,86895,California
Butte,2021-05-23,124,154404,75,69656,48,78977,1,5771,79,14179,45,72796,80,86975,California
Butte,2021-05-24,337,154741,152,69808,135,79112,50,5821,169,14231,166,72962,218,87193,California
Butte,2021-05-25,698,155439,446,70254,216,79328,36,5857,348,14272,343,73305,384,87577,California
Butte,2021-05-26,560,155999,179,70433,358,79686,23,5880,255,14253,297,73602,278,87855,California
Butte,2021-05-27,866,156865,622,71055,226,79912,18,5898,430,14271,431,74033,449,88304,California
Butte,2021-05-28,519,157384,141,71196,299,80211,79,5977,216,14266,300,74333,295,88599,California
Butte,2021-05-29,224,157608,116,71312,96,80307,12,5989,148,14350,76,74409,160,88759,California
Butte,2021-05-30,107,157715,56,71368,51,80358,0,5989,61,14365,46,74455,61,88820,California
Butte,2021-05-31,43,157758,23,71391,18,80376,2,5991,25,14374,18,74473,27,88847,California
Butte,2021-06-01,673,158431,425,71816,212,80588,36,6027,255,14250,415,74888,291,89138,California
Butte,2021-06-02,817,159248,566,72382,206,80794,45,6072,351,14183,462,75350,395,89533,California
Butte,2021-06-03,623,159871,420,72802,186,80980,17,6089,221,14022,399,75749,238,89771,California
Butte,2021-06-04,479,160350,273,73075,178,81158,28,6117,158,13894,314,76063,186,89957,California
Butte,2021-06-05,318,160668,205,73280,93,81251,20,6137,105,13808,211,76274,125,90082,California
Butte,2021-06-06,135,160803,100,73380,33,81284,2,6139,34,13744,100,76374,36,90118,California
Butte,2021-06-07,402,161205,256,73636,116,81400,30,6169,174,13721,227,76601,204,90322,California
Butte,2021-06-08,650,161855,469,74105,163,81563,18,6187,191,13483,448,77049,210,90532,California
Butte,2021-06-09,432,162287,296,74401,118,81681,18,6205,147,13369,279,77328,165,90697,California
Butte,2021-06-10,631,162918,450,74851,149,81830,32,6237,239,13248,390,77718,269,90966,California
Butte,2021-06-11,444,163362,264,75115,159,81989,21,6258,151,13128,292,78010,172,91138,California
Butte,2021-06-12,247,163609,149,75264,88,82077,10,6268,74,13040,172,78182,84,91222,California
Butte,2021-06-13,97,163706,64,75328,30,82107,3,6271,20,12986,77,78259,23,91245,California
Butte,2021-06-14,387,164093,231,75559,136,82243,20,6291,145,12911,241,78500,166,91411,California
Butte,2021-06-15,543,164636,381,75940,137,82380,25,6316,160,12719,377,78877,185,91596,California
Butte,2021-06-16,417,165053,256,76196,116,82496,45,6361,173,12694,242,79119,217,91813,California
Butte,2021-06-17,578,165631,431,76627,121,82617,26,6387,178,12499,399,79518,204,92017,California
Butte,2021-06-18,401,166032,202,76829,149,82766,50,6437,156,12459,243,79761,203,92220,California
Butte,2021-06-19,208,166240,153,76982,50,82816,5,6442,92,12440,116,79877,97,92317,California
Butte,2021-06-20,95,166335,69,77051,25,82841,1,6443,24,12394,71,79948,25,92342,California
Butte,2021-06-21,168,166503,104,77155,51,82892,13,6456,60,12360,107,80055,73,92415,California
Calaveras,2020-12-16,5,5,5,5,0,0,0,0,5,5,0,0,5,5,California
Calaveras,2020-12-17,3,8,3,8,0,0,0,0,3,8,0,0,3,8,California
Calaveras,2020-12-18,40,48,40,48,0,0,0,0,40,48,0,0,40,48,California
Calaveras,2020-12-19,3,51,3,51,0,0,0,0,3,51,0,0,3,51,California
Calaveras,2020-12-20,4,55,4,55,0,0,0,0,4,55,0,0,4,55,California
Calaveras,2020-12-21,54,109,47,102,7,7,0,0,54,109,0,0,54,109,California
Calaveras,2020-12-22,82,191,78,180,4,11,0,0,83,192,0,0,83,192,California
Calaveras,2020-12-23,76,267,74,254,2,13,0,0,76,268,0,0,76,268,California
Calaveras,2020-12-24,2,269,2,256,0,13,0,0,2,270,0,0,2,270,California
Calaveras,2020-12-26,4,273,3,259,1,14,0,0,4,274,0,0,4,274,California
Calaveras,2020-12-27,1,274,1,260,0,14,0,0,1,275,0,0,1,275,California
Calaveras,2020-12-28,22,296,17,277,5,19,0,0,21,295,1,1,21,296,California
Calaveras,2020-12-29,160,456,138,415,22,41,0,0,160,455,0,1,160,456,California
Calaveras,2020-12-30,93,549,81,496,12,53,0,0,93,548,0,1,93,549,California
Calaveras,2020-12-31,36,585,25,521,11,64,0,0,36,584,0,1,36,585,California
Calaveras,2021-01-02,11,596,11,532,0,64,0,0,11,595,0,1,11,596,California
Calaveras,2021-01-03,10,606,4,536,6,70,0,0,10,605,0,1,10,606,California
Calaveras,2021-01-04,33,639,5,541,28,98,0,0,33,638,0,1,33,639,California
Calaveras,2021-01-05,41,680,10,551,31,129,0,0,32,666,9,10,37,676,California
Calaveras,2021-01-06,107,787,30,581,77,206,0,0,97,753,10,20,97,773,California
Calaveras,2021-01-07,107,894,27,608,80,286,0,0,93,835,12,32,94,867,California
Calaveras,2021-01-08,70,964,39,647,31,317,0,0,46,859,24,56,48,915,California
Calaveras,2021-01-09,5,969,5,652,0,317,0,0,2,858,3,59,2,917,California
Calaveras,2021-01-10,2,971,0,652,2,319,0,0,2,860,0,59,2,919,California
Calaveras,2021-01-11,66,1037,60,712,6,325,0,0,27,851,38,97,29,948,California
Calaveras,2021-01-12,84,1121,52,764,32,357,0,0,51,870,33,130,52,1000,California
Calaveras,2021-01-13,108,1229,45,809,63,420,0,0,74,911,34,164,75,1075,California
Calaveras,2021-01-14,139,1368,44,853,95,515,0,0,106,986,32,196,107,1182,California
Calaveras,2021-01-15,92,1460,28,881,64,579,0,0,72,1038,20,216,72,1254,California
Calaveras,2021-01-16,13,1473,2,883,11,590,0,0,12,1049,1,217,12,1266,California
Calaveras,2021-01-17,10,1483,2,885,8,598,0,0,9,1057,1,218,9,1275,California
Calaveras,2021-01-18,131,1614,19,904,112,710,0,0,118,1165,13,231,121,1396,California
Calaveras,2021-01-19,208,1822,177,1081,31,741,0,0,70,1100,137,368,72,1468,California
Calaveras,2021-01-20,378,2200,82,1163,296,1037,0,0,287,1312,90,458,302,1770,California
Calaveras,2021-01-21,463,2663,40,1203,423,1460,0,0,424,1713,39,497,440,2210,California
Calaveras,2021-01-22,403,3066,24,1227,379,1839,0,0,390,2099,13,510,399,2609,California
Calaveras,2021-01-23,17,3083,8,1235,9,1848,0,0,16,2114,1,511,16,2625,California
Calaveras,2021-01-24,14,3097,8,1243,6,1854,0,0,12,2124,2,513,12,2637,California
Calaveras,2021-01-25,87,3184,8,1251,79,1933,0,0,81,2199,6,519,81,2718,California
Calaveras,2021-01-26,47,3231,15,1266,32,1965,0,0,38,2228,9,528,38,2756,California
Calaveras,2021-01-27,129,3360,45,1311,84,2049,0,0,100,2300,28,556,100,2856,California
Calaveras,2021-01-28,165,3525,25,1336,140,2189,0,0,139,2418,26,582,144,3000,California
Calaveras,2021-01-29,367,3892,12,1348,355,2544,0,0,334,2734,33,615,349,3349,California
Calaveras,2021-01-30,27,3919,10,1358,17,2561,0,0,25,2759,0,615,25,3374,California
Calaveras,2021-01-31,7,3926,4,1362,3,2564,0,0,6,2764,1,616,6,3380,California
Calaveras,2021-02-01,28,3954,12,1374,16,2580,0,0,19,2774,9,625,19,3399,California
Calaveras,2021-02-02,110,4064,23,1397,87,2667,0,0,71,2812,34,659,72,3471,California
Calaveras,2021-02-03,434,4498,44,1441,390,3057,0,0,349,3079,84,743,351,3822,California
Calaveras,2021-02-04,385,4883,26,1467,359,3416,0,0,300,3297,85,828,303,4125,California
Calaveras,2021-02-05,79,4962,22,1489,57,3473,0,0,41,3301,38,866,42,4167,California
Calaveras,2021-02-06,21,4983,12,1501,9,3482,0,0,21,3322,0,866,21,4188,California
Calaveras,2021-02-07,5,4988,1,1502,4,3486,0,0,2,3322,2,868,2,4190,California
Calaveras,2021-02-08,39,5027,18,1520,21,3507,0,0,31,3347,6,874,31,4221,California
Calaveras,2021-02-09,192,5219,77,1597,115,3622,0,0,130,3418,60,934,131,4352,California
Calaveras,2021-02-10,515,5734,31,1628,484,4106,0,0,441,3792,74,1008,448,4800,California
Calaveras,2021-02-11,585,6319,85,1713,500,4606,0,0,471,4161,111,1119,480,5280,California
Calaveras,2021-02-12,570,6889,325,2038,245,4851,0,0,489,4577,79,1198,495,5775,California
Calaveras,2021-02-13,200,7089,45,2083,155,5006,0,0,185,4747,15,1213,185,5960,California
Calaveras,2021-02-14,223,7312,71,2154,152,5158,0,0,207,4940,14,1227,207,6167,California
Calaveras,2021-02-15,382,7694,25,2179,357,5515,0,0,262,5085,117,1344,262,6429,California
Calaveras,2021-02-16,267,7961,143,2322,124,5639,0,0,230,5281,37,1381,233,6662,California
Calaveras,2021-02-17,511,8472,37,2359,474,6113,0,0,206,5201,290,1671,210,6872,California
Calaveras,2021-02-18,498,8970,91,2450,407,6520,0,0,95,4916,381,2052,96,6968,California
Calaveras,2021-02-19,439,9409,42,2492,397,6917,0,0,98,4685,329,2381,98,7066,California
Calaveras,2021-02-20,56,9465,15,2507,41,6958,0,0,47,4723,9,2390,47,7113,California
Calaveras,2021-02-21,25,9490,15,2522,10,6968,0,0,18,4735,6,2396,18,7131,California
Calaveras,2021-02-22,61,9551,37,2559,24,6992,0,0,32,4738,29,2425,32,7163,California
Calaveras,2021-02-23,128,9679,43,2602,85,7077,0,0,92,4795,36,2461,93,7256,California
Calaveras,2021-02-24,96,9775,47,2649,49,7126,0,0,66,4832,29,2490,66,7322,California
Calaveras,2021-02-25,552,10327,101,2750,451,7577,0,0,355,5002,191,2681,361,7683,California
Calaveras,2021-02-26,776,11103,45,2795,731,8308,0,0,411,5073,341,3022,412,8095,California
Calaveras,2021-02-27,204,11307,23,2818,181,8489,0,0,180,5229,24,3046,180,8275,California
Calaveras,2021-02-28,97,11404,15,2833,82,8571,0,0,91,5315,5,3051,91,8366,California
Calaveras,2021-03-01,239,11643,47,2880,192,8763,0,0,151,5384,83,3134,152,8518,California
Calaveras,2021-03-02,254,11897,100,2980,154,8917,0,0,206,5547,45,3179,208,8726,California
Calaveras,2021-03-03,559,12456,107,3087,452,9369,0,0,220,5434,333,3512,220,8946,California
Calaveras,2021-03-04,749,13205,72,3159,676,10045,1,1,353,5402,387,3899,355,9301,California
Calaveras,2021-03-05,455,13660,271,3430,180,10225,4,5,140,5241,305,4204,144,9445,California
Calaveras,2021-03-06,154,13814,41,3471,107,10332,6,11,114,5322,40,4244,121,9566,California
Calaveras,2021-03-07,76,13890,31,3502,38,10370,7,18,34,5321,42,4286,41,9607,California
Calaveras,2021-03-08,164,14054,28,3530,128,10498,8,26,129,5424,34,4320,137,9744,California
Calaveras,2021-03-09,361,14415,136,3666,219,10717,6,32,32,5139,323,4643,38,9782,California
Calaveras,2021-03-10,418,14833,30,3696,385,11102,3,35,59,4851,350,4993,62,9844,California
Calaveras,2021-03-11,852,15685,424,4120,415,11517,13,48,430,4885,411,5404,445,10289,California
Calaveras,2021-03-12,399,16084,212,4332,178,11695,9,57,322,5148,76,5480,339,10628,California
Calaveras,2021-03-13,178,16262,15,4347,155,11850,8,65,138,5260,39,5519,151,10779,California
Calaveras,2021-03-14,154,16416,11,4358,142,11992,1,66,16,5145,138,5657,23,10802,California
Calaveras,2021-03-15,330,16746,49,4407,256,12248,25,91,56,4957,273,5930,85,10887,California
Calaveras,2021-03-16,691,17437,554,4961,117,12365,20,111,545,5378,144,6074,565,11452,California
Calaveras,2021-03-17,280,17717,50,5011,216,12581,14,125,51,5220,224,6298,66,11518,California
Calaveras,2021-03-18,665,18382,569,5580,80,12661,16,141,548,5669,117,6415,566,12084,California
Calaveras,2021-03-19,234,18616,50,5630,110,12771,74,215,59,5629,171,6586,131,12215,California
Calaveras,2021-03-20,78,18694,22,5652,55,12826,1,216,21,5595,57,6643,23,12238,California
Calaveras,2021-03-21,46,18740,29,5681,6,12832,11,227,9,5580,36,6679,21,12259,California
Calaveras,2021-03-22,80,18820,36,5717,23,12855,21,248,25,5571,55,6734,46,12305,California
Calaveras,2021-03-23,296,19116,206,5923,80,12935,10,258,115,5527,169,6903,125,12430,California
Calaveras,2021-03-24,137,19253,53,5976,74,13009,10,268,44,5490,91,6994,54,12484,California
Calaveras,2021-03-25,745,19998,103,6079,638,13647,4,272,445,5648,291,7285,449,12933,California
Calaveras,2021-03-26,426,20424,27,6106,393,14040,6,278,87,5407,336,7621,95,13028,California
Calaveras,2021-03-27,210,20634,19,6125,187,14227,4,282,37,5280,170,7791,43,13071,California
Calaveras,2021-03-28,111,20745,11,6136,98,14325,2,284,8,5189,102,7893,11,13082,California
Calaveras,2021-03-29,179,20924,22,6158,154,14479,3,287,57,5131,119,8012,61,13143,California
Calaveras,2021-03-30,539,21463,26,6184,496,14975,17,304,360,5330,178,8190,377,13520,California
Calaveras,2021-03-31,324,21787,143,6327,171,15146,10,314,156,5329,168,8358,167,13687,California
Calaveras,2021-04-01,687,22474,445,6772,241,15387,1,315,187,5025,496,8854,192,13879,California
Calaveras,2021-04-02,391,22865,228,7000,155,15542,8,323,115,4879,270,9124,124,14003,California
Calaveras,2021-04-03,144,23009,33,7033,107,15649,4,327,40,4819,104,9228,44,14047,California
Calaveras,2021-04-04,82,23091,26,7059,56,15705,0,327,50,4837,32,9260,50,14097,California
Calaveras,2021-04-05,212,23303,81,7140,121,15826,10,337,100,4835,112,9372,110,14207,California
Calaveras,2021-04-06,654,23957,576,7716,64,15890,14,351,113,4425,537,9909,127,14334,California
Calaveras,2021-04-07,758,24715,660,8376,61,15951,37,388,620,4945,138,10047,658,14992,California
Calaveras,2021-04-08,947,25662,857,9233,69,16020,21,409,438,4899,506,10553,460,15452,California
Calaveras,2021-04-09,156,25818,59,9292,48,16068,49,458,58,4909,97,10650,107,15559,California
Calaveras,2021-04-10,193,26011,43,9335,131,16199,19,477,149,5035,43,10693,169,15728,California
Calaveras,2021-04-11,67,26078,45,9380,21,16220,1,478,49,5067,18,10711,50,15778,California
Calaveras,2021-04-12,103,26181,45,9425,40,16260,18,496,54,5091,49,10760,73,15851,California
Calaveras,2021-04-13,423,26604,368,9793,55,16315,0,496,365,5401,57,10817,367,16218,California
Calaveras,2021-04-14,182,26786,30,9823,152,16467,0,496,132,5484,50,10867,133,16351,California
Calaveras,2021-04-15,333,27119,282,10105,51,16518,0,496,247,5649,82,10949,247,16598,California
Calaveras,2021-04-16,103,27222,27,10132,76,16594,0,496,49,5649,49,10998,49,16647,California
Calaveras,2021-04-17,333,27555,128,10260,205,16799,0,496,291,5898,42,11040,291,16938,California
Calaveras,2021-04-18,18,27573,6,10266,12,16811,0,496,12,5904,6,11046,12,16950,California
Calaveras,2021-04-19,75,27648,26,10292,49,16860,0,496,45,5921,29,11075,46,16996,California
Calaveras,2021-04-20,261,27909,92,10384,169,17029,0,496,194,6050,65,11140,194,17190,California
Calaveras,2021-04-21,212,28121,143,10527,69,17098,0,496,80,6001,130,11270,81,17271,California
Calaveras,2021-04-22,544,28665,96,10623,448,17546,0,496,142,5746,399,11669,144,17415,California
Calaveras,2021-04-23,156,28821,78,10701,78,17624,0,496,64,5721,89,11758,64,17479,California
Calaveras,2021-04-24,172,28993,36,10737,136,17760,0,496,129,5809,42,11800,130,17609,California
Calaveras,2021-04-25,42,29035,28,10765,14,17774,0,496,21,5811,21,11821,23,17632,California
Calaveras,2021-04-26,116,29151,73,10838,43,17817,0,496,34,5764,82,11903,35,17667,California
Calaveras,2021-04-27,441,29592,73,10911,355,18172,13,509,57,5453,381,12284,70,17737,California
Calaveras,2021-04-28,648,30240,579,11490,38,18210,31,540,54,4953,592,12876,92,17829,California
Calaveras,2021-04-29,515,30755,443,11933,53,18263,19,559,73,4609,440,13316,96,17925,California
Calaveras,2021-04-30,151,30906,61,11994,85,18348,5,564,67,4604,83,13399,78,18003,California
Calaveras,2021-05-01,201,31107,110,12104,88,18436,3,567,134,4678,66,13465,140,18143,California
Calaveras,2021-05-02,51,31158,34,12138,16,18452,1,568,18,4667,31,13496,20,18163,California
Calaveras,2021-05-03,91,31249,67,12205,19,18471,5,573,29,4643,62,13558,38,18201,California
Calaveras,2021-05-04,416,31665,330,12535,49,18520,37,610,43,4352,372,13930,81,18282,California
Calaveras,2021-05-05,113,31778,58,12593,22,18542,33,643,49,4370,63,13993,81,18363,California
Calaveras,2021-05-06,255,32033,194,12787,37,18579,24,667,48,4237,206,14199,73,18436,California
Calaveras,2021-05-07,86,32119,22,12809,58,18637,6,673,56,4269,30,14229,62,18498,California
Calaveras,2021-05-08,291,32410,144,12953,145,18782,2,675,90,4163,198,14427,92,18590,California
Calaveras,2021-05-09,29,32439,12,12965,14,18796,3,678,13,4163,16,14443,16,18606,California
Calaveras,2021-05-10,56,32495,25,12990,30,18826,1,679,26,4163,28,14471,28,18634,California
Calaveras,2021-05-11,134,32629,88,13078,33,18859,13,692,94,4232,39,14510,108,18742,California
Calaveras,2021-05-12,168,32797,47,13125,121,18980,0,692,52,4169,115,14625,52,18794,California
Calaveras,2021-05-13,119,32916,65,13190,39,19019,15,707,63,4194,54,14679,79,18873,California
Calaveras,2021-05-14,149,33065,92,13282,54,19073,3,710,100,4249,48,14727,103,18976,California
Calaveras,2021-05-15,266,33331,93,13375,170,19243,3,713,105,4202,155,14882,108,19084,California
Calaveras,2021-05-16,29,33360,12,13387,17,19260,0,713,14,4202,15,14897,15,19099,California
Calaveras,2021-05-17,88,33448,41,13428,40,19300,7,720,46,4215,41,14938,54,19153,California
Calaveras,2021-05-18,226,33674,61,13489,143,19443,22,742,72,4156,153,15091,94,19247,California
Calaveras,2021-05-19,145,33819,59,13548,82,19525,4,746,70,4157,74,15165,75,19322,California
Calaveras,2021-05-20,203,34022,79,13627,99,19624,25,771,67,4115,133,15298,91,19413,California
Calaveras,2021-05-21,97,34119,55,13682,38,19662,4,775,58,4139,37,15335,61,19474,California
Calaveras,2021-05-22,301,34420,160,13842,141,19803,0,775,148,4135,152,15487,148,19622,California
Calaveras,2021-05-23,29,34449,14,13856,15,19818,0,775,13,4132,16,15503,13,19635,California
Calaveras,2021-05-24,74,34523,38,13894,20,19838,16,791,31,4137,43,15546,48,19683,California
Calaveras,2021-05-25,123,34646,48,13942,59,19897,16,807,57,4144,66,15612,73,19756,California
Calaveras,2021-05-26,121,34767,87,14029,30,19927,4,811,83,4193,37,15649,86,19842,California
Calaveras,2021-05-27,83,34850,43,14072,36,19963,4,815,27,4172,53,15702,32,19874,California
Calaveras,2021-05-28,82,34932,42,14114,36,19999,4,819,41,4176,41,15743,45,19919,California
Calaveras,2021-05-29,69,35001,23,14137,41,20040,5,824,33,4179,36,15779,39,19958,California
Calaveras,2021-05-30,36,35037,14,14151,17,20057,5,829,11,4170,25,15804,16,19974,California
Calaveras,2021-05-31,5,35042,0,14151,3,20060,2,831,0,4167,5,15809,2,19976,California
Calaveras,2021-06-01,144,35186,97,14248,41,20101,6,837,44,4117,100,15909,50,20026,California
Calaveras,2021-06-02,84,35270,54,14302,26,20127,4,841,36,4109,48,15957,40,20066,California
Calaveras,2021-06-03,93,35363,55,14357,31,20158,7,848,42,4111,49,16006,51,20117,California
Calaveras,2021-06-04,140,35503,94,14451,34,20192,12,860,37,4057,103,16109,49,20166,California
Calaveras,2021-06-05,84,35587,27,14478,55,20247,2,862,33,4042,50,16159,35,20201,California
Calaveras,2021-06-06,40,35627,28,14506,9,20256,3,865,21,4047,19,16178,24,20225,California
Calaveras,2021-06-07,61,35688,44,14550,9,20265,8,873,25,4045,35,16213,33,20258,California
Calaveras,2021-06-08,125,35813,79,14629,39,20304,7,880,57,4043,66,16279,64,20322,California
Calaveras,2021-06-09,93,35906,49,14678,38,20342,6,886,30,4018,63,16342,38,20360,California
Calaveras,2021-06-10,115,36021,57,14735,49,20391,9,895,41,3996,72,16414,50,20410,California
Calaveras,2021-06-11,103,36124,58,14793,40,20431,5,900,32,3962,71,16485,37,20447,California
Calaveras,2021-06-12,62,36186,36,14829,24,20455,2,902,19,3941,43,16528,22,20469,California
Calaveras,2021-06-13,31,36217,18,14847,9,20464,4,906,8,3930,23,16551,12,20481,California
Calaveras,2021-06-14,58,36275,39,14886,15,20479,4,910,22,3921,36,16587,27,20508,California
Calaveras,2021-06-15,91,36366,55,14941,27,20506,9,919,23,3887,67,16654,33,20541,California
Calaveras,2021-06-16,179,36545,138,15079,27,20533,14,933,39,3801,139,16793,53,20594,California
Calaveras,2021-06-17,58,36603,31,15110,23,20556,4,937,24,3798,31,16824,28,20622,California
Calaveras,2021-06-18,58,36661,40,15150,15,20571,3,940,24,3791,34,16858,27,20649,California
Calaveras,2021-06-19,63,36724,23,15173,26,20597,14,954,23,3788,40,16898,37,20686,California
Calaveras,2021-06-20,5,36729,2,15175,3,20600,0,954,2,3787,3,16901,2,20688,California
Calaveras,2021-06-21,8,36737,2,15177,4,20604,2,956,5,3791,3,16904,7,20695,California
Colusa,2020-12-18,1,1,1,1,0,0,0,0,1,1,0,0,1,1,California
Colusa,2020-12-21,2,3,2,3,0,0,0,0,2,3,0,0,2,3,California
Colusa,2020-12-22,10,13,10,13,0,0,0,0,10,13,0,0,10,13,California
Colusa,2020-12-23,10,23,10,23,0,0,0,0,10,23,0,0,10,23,California
Colusa,2020-12-24,2,25,1,24,1,1,0,0,2,25,0,0,2,25,California
Colusa,2020-12-27,1,26,1,25,0,1,0,0,1,26,0,0,1,26,California
Colusa,2020-12-28,7,33,3,28,4,5,0,0,7,33,0,0,7,33,California
Colusa,2020-12-29,10,43,7,35,3,8,0,0,10,43,0,0,10,43,California
Colusa,2020-12-30,51,94,14,49,37,45,0,0,51,94,0,0,51,94,California
Colusa,2020-12-31,18,112,1,50,17,62,0,0,18,112,0,0,18,112,California
Colusa,2021-01-04,4,116,0,50,4,66,0,0,4,116,0,0,4,116,California
Colusa,2021-01-05,67,183,1,51,66,132,0,0,67,183,0,0,67,183,California
Colusa,2021-01-06,15,198,9,60,6,138,0,0,15,198,0,0,15,198,California
Colusa,2021-01-07,39,237,5,65,34,172,0,0,38,235,1,1,38,236,California
Colusa,2021-01-08,9,246,7,72,2,174,0,0,8,242,1,2,8,244,California
Colusa,2021-01-09,2,248,1,73,1,175,0,0,2,244,0,2,2,246,California
Colusa,2021-01-10,1,249,0,73,1,176,0,0,1,245,0,2,1,247,California
Colusa,2021-01-11,12,261,6,79,6,182,0,0,7,247,5,7,7,254,California
Colusa,2021-01-12,11,272,9,88,2,184,0,0,6,248,5,12,6,260,California
Colusa,2021-01-13,20,292,13,101,7,191,0,0,12,252,8,20,12,272,California
Colusa,2021-01-14,34,326,28,129,6,197,0,0,32,282,2,22,32,304,California
Colusa,2021-01-15,44,370,5,134,39,236,0,0,42,322,2,24,42,346,California
Colusa,2021-01-16,12,382,1,135,11,247,0,0,11,332,1,25,11,357,California
Colusa,2021-01-17,2,384,1,136,1,248,0,0,2,334,0,25,2,359,California
Colusa,2021-01-18,4,388,0,136,4,252,0,0,4,338,0,25,4,363,California
Colusa,2021-01-19,9,397,8,144,1,253,0,0,5,339,4,29,5,368,California
Colusa,2021-01-20,113,510,101,245,12,265,0,0,99,424,14,43,99,467,California
Colusa,2021-01-21,59,569,44,289,15,280,0,0,58,481,1,44,58,525,California
Colusa,2021-01-22,34,603,17,306,17,297,0,0,29,505,5,49,29,554,California
Colusa,2021-01-23,35,638,6,312,29,326,0,0,35,540,0,49,35,589,California
Colusa,2021-01-25,7,645,0,312,7,333,0,0,7,547,0,49,7,596,California
Colusa,2021-01-26,8,653,5,317,3,336,0,0,5,549,3,52,5,601,California
Colusa,2021-01-27,109,762,31,348,78,414,0,0,107,654,2,54,107,708,California
Colusa,2021-01-28,82,844,47,395,35,449,0,0,74,720,8,62,74,782,California
Colusa,2021-01-29,38,882,6,401,32,481,0,0,37,756,1,63,37,819,California
Colusa,2021-01-30,27,909,4,405,23,504,0,0,27,783,0,63,27,846,California
Colusa,2021-01-31,7,916,7,412,0,504,0,0,7,790,0,63,7,853,California
Colusa,2021-02-01,27,943,10,422,17,521,0,0,22,807,5,68,22,875,California
Colusa,2021-02-02,44,987,9,431,35,556,0,0,37,837,7,75,37,912,California
Colusa,2021-02-03,70,1057,11,442,59,615,0,0,59,885,11,86,59,971,California
Colusa,2021-02-04,145,1202,82,524,63,678,0,0,117,974,28,114,117,1088,California
Colusa,2021-02-05,28,1230,8,532,20,698,0,0,25,996,3,117,25,1113,California
Colusa,2021-02-06,282,1512,9,541,273,971,0,0,271,1256,11,128,271,1384,California
Colusa,2021-02-07,2,1514,1,542,1,972,0,0,0,1254,2,130,0,1384,California
Colusa,2021-02-08,40,1554,5,547,35,1007,0,0,37,1288,3,133,37,1421,California
Colusa,2021-02-09,228,1782,14,561,214,1221,0,0,175,1410,53,186,175,1596,California
Colusa,2021-02-10,113,1895,41,602,72,1293,0,0,71,1439,42,228,71,1667,California
Colusa,2021-02-11,99,1994,37,639,62,1355,0,0,73,1486,26,254,73,1740,California
Colusa,2021-02-12,118,2112,9,648,109,1464,0,0,77,1521,42,296,77,1817,California
Colusa,2021-02-13,60,2172,8,656,52,1516,0,0,52,1565,8,304,52,1869,California
Colusa,2021-02-14,21,2193,8,664,13,1529,0,0,15,1574,6,310,15,1884,California
Colusa,2021-02-15,46,2239,10,674,36,1565,0,0,39,1606,7,317,39,1923,California
Colusa,2021-02-16,67,2306,4,678,63,1628,0,0,66,1671,1,318,66,1989,California
Colusa,2021-02-17,203,2509,143,821,60,1688,0,0,58,1584,145,463,58,2047,California
Colusa,2021-02-18,138,2647,36,857,102,1790,0,0,115,1676,23,486,115,2162,California
Colusa,2021-02-19,150,2797,19,876,131,1921,0,0,130,1786,20,506,130,2292,California
Colusa,2021-02-20,27,2824,5,881,22,1943,0,0,11,1781,16,522,11,2303,California
Colusa,2021-02-21,1,2825,1,882,0,1943,0,0,0,1780,1,523,0,2303,California
Colusa,2021-02-22,43,2868,26,908,17,1960,0,0,29,1795,14,537,29,2332,California
Colusa,2021-02-23,21,2889,6,914,15,1975,0,0,17,1808,4,541,17,2349,California
Colusa,2021-02-24,304,3193,55,969,249,2224,0,0,159,1822,145,686,159,2508,California
Colusa,2021-02-25,102,3295,54,1023,48,2272,0,0,66,1852,36,722,66,2574,California
Colusa,2021-02-26,95,3390,14,1037,81,2353,0,0,59,1875,36,758,59,2633,California
Colusa,2021-02-27,55,3445,4,1041,51,2404,0,0,40,1900,15,773,40,2673,California
Colusa,2021-02-28,27,3472,15,1056,12,2416,0,0,18,1909,9,782,18,2691,California
Colusa,2021-03-01,46,3518,15,1071,31,2447,0,0,29,1921,17,799,29,2720,California
Colusa,2021-03-02,46,3564,11,1082,35,2482,0,0,23,1921,23,822,23,2743,California
Colusa,2021-03-03,246,3810,46,1128,200,2682,0,0,189,2053,57,879,189,2932,California
Colusa,2021-03-04,140,3950,59,1187,81,2763,0,0,81,2075,59,938,81,3013,California
Colusa,2021-03-05,94,4044,25,1212,60,2823,9,9,53,2096,41,979,62,3075,California
Colusa,2021-03-06,272,4316,9,1221,263,3086,0,9,38,1900,234,1213,38,3113,California
Colusa,2021-03-07,8,4324,5,1226,3,3089,0,9,6,1904,2,1215,6,3119,California
Colusa,2021-03-08,90,4414,22,1248,33,3122,35,44,46,1941,44,1259,81,3200,California
Colusa,2021-03-09,274,4688,74,1322,177,3299,23,67,85,1860,189,1448,108,3308,California
Colusa,2021-03-10,288,4976,38,1360,214,3513,36,103,203,2014,85,1533,239,3547,California
Colusa,2021-03-11,416,5392,59,1419,336,3849,21,124,333,2283,83,1616,352,3899,California
Colusa,2021-03-12,109,5501,18,1437,79,3928,12,136,20,2226,89,1705,32,3931,California
Colusa,2021-03-13,58,5559,13,1450,36,3964,9,145,16,2209,42,1747,25,3956,California
Colusa,2021-03-14,21,5580,0,1450,19,3983,2,147,7,2205,13,1760,9,3965,California
Colusa,2021-03-15,72,5652,27,1477,37,4020,8,155,15,2171,57,1817,23,3988,California
Colusa,2021-03-16,296,5948,16,1493,234,4254,46,201,189,2299,107,1924,235,4223,California
Colusa,2021-03-17,192,6140,49,1542,143,4397,0,201,107,2321,85,2009,107,4330,California
Colusa,2021-03-18,324,6464,37,1579,217,4614,70,271,201,2470,123,2132,272,4602,California
Colusa,2021-03-19,79,6543,20,1599,57,4671,2,273,53,2499,26,2158,55,4657,California
Colusa,2021-03-20,49,6592,7,1606,41,4712,1,274,36,2523,13,2171,37,4694,California
Colusa,2021-03-21,6,6598,4,1610,2,4714,0,274,3,2523,3,2174,3,4697,California
Colusa,2021-03-22,63,6661,10,1620,44,4758,9,283,41,2551,22,2196,50,4747,California
Colusa,2021-03-23,81,6742,16,1636,63,4821,2,285,55,2582,26,2222,57,4804,California
Colusa,2021-03-24,341,7083,56,1692,279,5100,6,291,67,2380,274,2496,72,4876,California
Colusa,2021-03-25,107,7190,60,1752,42,5142,5,296,49,2376,58,2554,54,4930,California
Colusa,2021-03-26,297,7487,48,1800,245,5387,4,300,245,2573,52,2606,249,5179,California
Colusa,2021-03-27,63,7550,5,1805,58,5445,0,300,25,2560,38,2644,25,5204,California
Colusa,2021-03-28,16,7566,7,1812,9,5454,0,300,8,2560,8,2652,8,5212,California
Colusa,2021-03-29,73,7639,21,1833,46,5500,6,306,33,2559,40,2692,39,5251,California
Colusa,2021-03-30,149,7788,82,1915,65,5565,2,308,71,2554,78,2770,73,5324,California
Colusa,2021-03-31,234,8022,41,1956,193,5758,0,308,70,2461,163,2933,70,5394,California
Colusa,2021-04-01,438,8460,73,2029,310,6068,55,363,315,2708,122,3055,369,5763,California
Colusa,2021-04-02,82,8542,15,2044,53,6121,14,377,38,2716,44,3099,52,5815,California
Colusa,2021-04-03,60,8602,9,2053,28,6149,23,400,14,2706,46,3145,36,5851,California
Colusa,2021-04-04,18,8620,0,2053,8,6157,10,410,3,2704,15,3160,13,5864,California
Colusa,2021-04-05,97,8717,26,2079,55,6212,16,426,39,2701,58,3218,55,5919,California
Colusa,2021-04-06,130,8847,34,2113,45,6257,51,477,43,2708,87,3305,94,6013,California
Colusa,2021-04-07,358,9205,41,2154,294,6551,23,500,132,2638,226,3531,156,6169,California
Colusa,2021-04-08,422,9627,33,2187,363,6914,26,526,120,2485,299,3830,146,6315,California
Colusa,2021-04-09,77,9704,21,2208,32,6946,24,550,28,2488,49,3879,52,6367,California
Colusa,2021-04-10,45,9749,8,2216,16,6962,21,571,13,2490,32,3911,34,6401,California
Colusa,2021-04-11,17,9766,3,2219,12,6974,2,573,8,2491,9,3920,10,6411,California
Colusa,2021-04-12,31,9797,3,2222,28,7002,0,573,24,2508,7,3927,24,6435,California
Colusa,2021-04-13,279,10076,22,2244,257,7259,0,573,94,2418,184,4111,94,6529,California
Colusa,2021-04-14,93,10169,19,2263,74,7333,0,573,31,2387,62,4173,31,6560,California
Colusa,2021-04-15,326,10495,47,2310,279,7612,0,573,134,2329,192,4365,134,6694,California
Colusa,2021-04-16,80,10575,11,2321,69,7681,0,573,36,2322,43,4408,36,6730,California
Colusa,2021-04-17,52,10627,7,2328,45,7726,0,573,30,2330,22,4430,30,6760,California
Colusa,2021-04-18,9,10636,2,2330,7,7733,0,573,7,2335,2,4432,7,6767,California
Colusa,2021-04-19,62,10698,22,2352,40,7773,0,573,16,2305,46,4478,16,6783,California
Colusa,2021-04-20,180,10878,31,2383,149,7922,0,573,130,2385,50,4528,130,6913,California
Colusa,2021-04-21,171,11049,60,2443,111,8033,0,573,111,2436,60,4588,111,7024,California
Colusa,2021-04-22,418,11467,27,2470,390,8423,1,574,218,2455,199,4787,218,7242,California
Colusa,2021-04-23,92,11559,20,2490,72,8495,0,574,36,2435,56,4843,36,7278,California
Colusa,2021-04-24,240,11799,19,2509,220,8715,1,575,209,2613,31,4874,209,7487,California
Colusa,2021-04-25,12,11811,6,2515,6,8721,0,575,8,2617,4,4878,8,7495,California
Colusa,2021-04-26,25,11836,5,2520,19,8740,1,576,6,2605,18,4896,6,7501,California
Colusa,2021-04-27,94,11930,23,2543,67,8807,4,580,44,2603,50,4946,48,7549,California
Colusa,2021-04-28,189,12119,27,2570,159,8966,3,583,139,2696,49,4995,142,7691,California
Colusa,2021-04-29,320,12439,27,2597,289,9255,4,587,47,2476,271,5266,51,7742,California
Colusa,2021-04-30,64,12503,19,2616,45,9300,0,587,42,2496,22,5288,42,7784,California
Colusa,2021-05-01,19,12522,8,2624,8,9308,3,590,9,2498,10,5298,12,7796,California
Colusa,2021-05-02,4,12526,1,2625,2,9310,1,591,2,2499,2,5300,3,7799,California
Colusa,2021-05-03,31,12557,7,2632,24,9334,0,591,15,2498,16,5316,15,7814,California
Colusa,2021-05-04,94,12651,52,2684,41,9375,1,592,67,2539,27,5343,68,7882,California
Colusa,2021-05-05,79,12730,16,2700,62,9437,1,593,34,2529,45,5388,35,7917,California
Colusa,2021-05-06,253,12983,16,2716,235,9672,2,595,110,2498,143,5531,112,8029,California
Colusa,2021-05-07,66,13049,4,2720,58,9730,4,599,30,2496,36,5567,34,8063,California
Colusa,2021-05-08,19,13068,5,2725,14,9744,0,599,9,2495,10,5577,9,8072,California
Colusa,2021-05-09,13,13081,5,2730,5,9749,3,602,6,2497,7,5584,9,8081,California
Colusa,2021-05-10,15,13096,6,2736,9,9758,0,602,6,2494,9,5593,6,8087,California
Colusa,2021-05-11,92,13188,33,2769,59,9817,0,602,50,2502,42,5635,50,8137,California
Colusa,2021-05-12,72,13260,31,2800,37,9854,4,606,20,2474,52,5687,24,8161,California
Colusa,2021-05-13,243,13503,23,2823,219,10073,1,607,77,2386,166,5853,78,8239,California
Colusa,2021-05-14,85,13588,18,2841,52,10125,15,622,33,2383,51,5904,48,8287,California
Colusa,2021-05-15,37,13625,9,2850,26,10151,2,624,19,2386,18,5922,21,8308,California
Colusa,2021-05-16,22,13647,5,2855,10,10161,7,631,9,2389,13,5935,16,8324,California
Colusa,2021-05-17,24,13671,4,2859,18,10179,2,633,12,2391,12,5947,14,8338,California
Colusa,2021-05-18,99,13770,26,2885,71,10250,2,635,46,2386,53,6000,48,8386,California
Colusa,2021-05-19,220,13990,44,2929,156,10406,20,655,69,2324,151,6151,89,8475,California
Colusa,2021-05-20,283,14273,36,2965,243,10649,4,659,70,2185,213,6364,74,8549,California
Colusa,2021-05-21,70,14343,24,2989,44,10693,2,661,35,2187,35,6399,37,8586,California
Colusa,2021-05-22,219,14562,22,3011,196,10889,1,662,31,2031,188,6587,32,8618,California
Colusa,2021-05-23,18,14580,7,3018,7,10896,4,666,5,2027,13,6600,9,8627,California
Colusa,2021-05-24,26,14606,3,3021,18,10914,5,671,15,2036,11,6611,20,8647,California
Colusa,2021-05-25,135,14741,76,3097,57,10971,2,673,53,2009,82,6693,55,8702,California
Colusa,2021-05-26,72,14813,25,3122,47,11018,0,673,33,2003,39,6732,33,8735,California
Colusa,2021-05-27,170,14983,17,3139,153,11171,0,673,54,1941,116,6848,54,8789,California
Colusa,2021-05-28,79,15062,25,3164,53,11224,1,674,40,1943,39,6887,41,8830,California
Colusa,2021-05-29,40,15102,18,3182,18,11242,4,678,29,1965,11,6898,33,8863,California
Colusa,2021-05-30,8,15110,1,3183,2,11244,5,683,1,1964,7,6905,6,8869,California
Colusa,2021-05-31,4,15114,0,3183,4,11248,0,683,1,1962,3,6908,1,8870,California
Colusa,2021-06-01,50,15164,16,3199,33,11281,1,684,26,1965,24,6932,27,8897,California
Colusa,2021-06-02,146,15310,20,3219,124,11405,2,686,52,1926,93,7025,54,8951,California
Colusa,2021-06-03,61,15371,19,3238,41,11446,1,687,26,1921,32,7057,27,8978,California
Colusa,2021-06-04,58,15429,19,3257,37,11483,2,689,21,1907,37,7094,23,9001,California
Colusa,2021-06-05,35,15464,16,3273,18,11501,1,690,18,1909,17,7111,19,9020,California
Colusa,2021-06-06,9,15473,4,3277,4,11505,1,691,6,1913,3,7114,7,9027,California
Colusa,2021-06-07,22,15495,6,3283,16,11521,0,691,12,1915,10,7124,12,9039,California
Colusa,2021-06-08,74,15569,20,3303,54,11575,0,691,29,1899,45,7169,29,9068,California
Colusa,2021-06-09,69,15638,39,3342,30,11605,0,691,28,1886,41,7210,28,9096,California
Colusa,2021-06-10,57,15695,24,3366,31,11636,2,693,14,1859,43,7253,16,9112,California
Colusa,2021-06-11,60,15755,33,3399,27,11663,0,693,29,1857,31,7284,29,9141,California
Colusa,2021-06-12,36,15791,22,3421,14,11677,0,693,9,1839,27,7311,9,9150,California
Colusa,2021-06-13,10,15801,3,3424,5,11682,2,695,2,1835,8,7319,4,9154,California
Colusa,2021-06-14,19,15820,9,3433,10,11692,0,695,7,1830,12,7331,7,9161,California
Colusa,2021-06-15,77,15897,37,3470,39,11731,1,696,19,1792,58,7389,20,9181,California
Colusa,2021-06-16,55,15952,15,3485,39,11770,1,697,15,1768,40,7429,16,9197,California
Colusa,2021-06-17,116,16068,10,3495,105,11875,1,698,16,1685,100,7529,17,9214,California
Colusa,2021-06-18,63,16131,32,3527,27,11902,4,702,25,1676,38,7567,29,9243,California
Colusa,2021-06-19,26,16157,21,3548,4,11906,1,703,6,1663,20,7587,7,9250,California
Colusa,2021-06-20,8,16165,5,3553,3,11909,0,703,6,1667,2,7589,6,9256,California
Colusa,2021-06-21,16,16181,0,3553,16,11925,0,703,5,1661,11,7600,5,9261,California
Contra Costa,2020-12-15,18,18,18,18,0,0,0,0,18,18,0,0,18,18,California
Contra Costa,2020-12-16,525,543,525,543,0,0,0,0,525,543,0,0,525,543,California
Contra Costa,2020-12-17,1053,1596,1053,1596,0,0,0,0,1053,1596,0,0,1053,1596,California
Contra Costa,2020-12-18,1791,3387,1789,3385,2,2,0,0,1791,3387,0,0,1791,3387,California
Contra Costa,2020-12-19,1137,4524,1136,4521,1,3,0,0,1137,4524,0,0,1137,4524,California
Contra Costa,2020-12-20,611,5135,610,5131,1,4,0,0,611,5135,0,0,611,5135,California
Contra Costa,2020-12-21,1690,6825,1688,6819,2,6,0,0,1690,6825,0,0,1690,6825,California
Contra Costa,2020-12-22,1699,8524,1591,8410,108,114,0,0,1699,8524,0,0,1699,8524,California
Contra Costa,2020-12-23,1650,10174,1398,9808,252,366,0,0,1650,10174,0,0,1650,10174,California
Contra Costa,2020-12-24,671,10845,344,10152,327,693,0,0,671,10845,0,0,671,10845,California
Contra Costa,2020-12-25,44,10889,20,10172,24,717,0,0,44,10889,0,0,44,10889,California
Contra Costa,2020-12-26,668,11557,138,10310,530,1247,0,0,668,11557,0,0,668,11557,California
Contra Costa,2020-12-27,247,11804,88,10398,159,1406,0,0,247,11804,0,0,247,11804,California
Contra Costa,2020-12-28,1871,13675,879,11277,992,2398,0,0,1871,13675,0,0,1871,13675,California
Contra Costa,2020-12-29,1872,15547,828,12105,1044,3442,0,0,1872,15547,0,0,1872,15547,California
Contra Costa,2020-12-30,2459,18006,1228,13333,1231,4673,0,0,2457,18003,2,2,2458,18005,California
Contra Costa,2020-12-31,938,18944,310,13643,628,5301,0,0,937,18940,0,2,937,18942,California
Contra Costa,2021-01-01,68,19012,26,13669,42,5343,0,0,68,19008,0,2,68,19010,California
Contra Costa,2021-01-02,347,19359,179,13848,168,5511,0,0,347,19355,0,2,347,19357,California
Contra Costa,2021-01-03,190,19549,129,13977,61,5572,0,0,188,19543,0,2,188,19545,California
Contra Costa,2021-01-04,1925,21474,1254,15231,671,6243,0,0,1905,21430,18,20,1905,21450,California
Contra Costa,2021-01-05,2143,23617,1279,16510,864,7107,0,0,1854,22997,288,308,1855,23305,California
Contra Costa,2021-01-06,3342,26959,2289,18799,1053,8160,0,0,2510,24685,826,1134,2514,25819,California
Contra Costa,2021-01-07,3148,30107,2105,20904,1043,9203,0,0,1807,25154,1338,2472,1807,27626,California
Contra Costa,2021-01-08,3449,33556,2440,23344,1009,10212,0,0,1775,25263,1669,4141,1778,29404,California
Contra Costa,2021-01-09,1620,35176,1161,24505,459,10671,0,0,742,25130,877,5018,744,30148,California
Contra Costa,2021-01-10,375,35551,298,24803,77,10748,0,0,157,25069,218,5236,157,30305,California
Contra Costa,2021-01-11,3887,39438,3186,27989,701,11449,0,0,2235,25655,1652,6888,2238,32543,California
Contra Costa,2021-01-12,3978,43416,2983,30972,995,12444,0,0,2610,26901,1367,8255,2613,35156,California
Contra Costa,2021-01-13,4819,48235,2983,33955,1836,14280,0,0,3843,29773,972,9227,3844,39000,California
Contra Costa,2021-01-14,4392,52627,1591,35546,2801,17081,0,0,3994,33369,398,9625,3994,42994,California
Contra Costa,2021-01-15,5440,58067,2495,38041,2945,20026,0,0,5106,38146,333,9958,5110,48104,California
Contra Costa,2021-01-16,1786,59853,586,38627,1200,21226,0,0,1703,39766,83,10041,1703,49807,California
Contra Costa,2021-01-17,1686,61539,992,39619,694,21920,0,0,1565,41213,121,10162,1568,51375,California
Contra Costa,2021-01-18,3303,64842,1316,40935,1987,23907,0,0,2664,43244,634,10796,2665,54040,California
Contra Costa,2021-01-19,7146,71988,3208,44143,3938,27845,0,0,6132,48372,1009,11805,6137,60177,California
Contra Costa,2021-01-20,6825,78813,4206,48349,2619,30464,0,0,5569,52694,1252,13057,5574,65751,California
Contra Costa,2021-01-21,7119,85932,3150,51499,3969,34433,0,0,6377,58343,736,13793,6385,72136,California
Contra Costa,2021-01-22,6527,92459,2759,54258,3768,38201,0,0,5644,63116,874,14667,5647,77783,California
Contra Costa,2021-01-23,2101,94560,367,54625,1734,39935,0,0,1826,64671,273,14940,1828,79611,California
Contra Costa,2021-01-24,1635,96195,226,54851,1409,41344,0,0,1481,66002,154,15094,1485,81096,California
Contra Costa,2021-01-25,6788,102983,3068,57919,3720,45064,0,0,5179,69578,1607,16701,5183,86279,California
Contra Costa,2021-01-26,8260,111243,4762,62681,3498,48562,0,0,6368,74067,1884,18585,6373,92652,California
Contra Costa,2021-01-27,8353,119596,5482,68163,2871,51433,0,0,6458,78646,1883,20468,6462,99114,California
Contra Costa,2021-01-28,7609,127205,4127,72290,3482,54915,0,0,5957,82961,1646,22114,5961,105075,California
Contra Costa,2021-01-29,7586,134791,3946,76236,3640,58555,0,0,6241,87864,1340,23454,6243,111318,California
Contra Costa,2021-01-30,2193,136984,667,76903,1526,60081,0,0,1786,89250,400,23854,1786,113104,California
Contra Costa,2021-01-31,688,137672,454,77357,234,60315,0,0,591,89747,94,23948,591,113695,California
Contra Costa,2021-02-01,5942,143614,4126,81483,1816,62131,0,0,4015,91846,1919,25867,4018,117713,California
Contra Costa,2021-02-02,7699,151313,5152,86635,2547,64678,0,0,5978,96107,1720,27587,5981,123694,California
Contra Costa,2021-02-03,8449,159762,5566,92201,2883,67561,0,0,5738,99145,2701,30288,5739,129433,California
Contra Costa,2021-02-04,7660,167422,3635,95836,4025,71586,0,0,5876,103242,1782,32070,5879,135312,California
Contra Costa,2021-02-05,8607,176029,4895,100731,3712,75298,0,0,5885,106414,2715,34785,5887,141199,California
Contra Costa,2021-02-06,3567,179596,2202,102933,1365,76663,0,0,2901,108651,665,35450,2902,144101,California
Contra Costa,2021-02-07,1006,180602,728,103661,278,76941,0,0,612,108871,392,35842,612,144713,California
Contra Costa,2021-02-08,5981,186583,3557,107218,2424,79365,0,0,4445,111788,1529,37371,4446,149159,California
Contra Costa,2021-02-09,8830,195413,4887,112105,3943,83308,0,0,5884,114735,2938,40309,5885,155044,California
Contra Costa,2021-02-10,8804,204217,4748,116853,4056,87364,0,0,5442,116835,3347,43656,5447,160491,California
Contra Costa,2021-02-11,9523,213740,4295,121148,5228,92592,0,0,5368,118067,4149,47805,5381,165872,California
Contra Costa,2021-02-12,10242,223982,4678,125826,5564,98156,0,0,5525,118886,4709,52514,5528,171400,California
Contra Costa,2021-02-13,4966,228948,1396,127222,3570,101726,0,0,3457,120840,1505,54019,3459,174859,California
Contra Costa,2021-02-14,2131,231079,882,128104,1249,102975,0,0,1243,121197,886,54905,1243,176102,California
Contra Costa,2021-02-15,4536,235615,2494,130598,2042,105017,0,0,2367,121404,2161,57066,2368,178470,California
Contra Costa,2021-02-16,10561,246176,4976,135574,5585,110602,0,0,4713,120281,5840,62906,4717,183187,California
Contra Costa,2021-02-17,12491,258667,6267,141841,6224,116826,0,0,5744,119294,6732,69638,5745,188932,California
Contra Costa,2021-02-18,11655,270322,6060,147901,5595,122421,0,0,5389,118430,6255,75893,5391,194323,California
Contra Costa,2021-02-19,11647,281969,7268,155169,4379,126800,0,0,5284,117368,6348,82241,5286,199609,California
Contra Costa,2021-02-20,6648,288617,3019,158188,3629,130429,0,0,4684,120109,1947,84188,4688,204297,California
Contra Costa,2021-02-21,2378,290995,1775,159963,603,131032,0,0,1592,120916,785,84973,1592,205889,California
Contra Costa,2021-02-22,7881,298876,5325,165288,2556,133588,0,0,3635,120323,4231,89204,3638,209527,California
Contra Costa,2021-02-23,12386,311262,7632,172920,4754,138342,0,0,6237,120433,6135,95339,6245,215772,California
Contra Costa,2021-02-24,10926,322188,8038,180958,2888,141230,0,0,5307,120142,5600,100939,5309,221081,California
Contra Costa,2021-02-25,12092,334280,7668,188626,4424,145654,0,0,5615,119307,6456,107395,5621,226702,California
Contra Costa,2021-02-26,11314,345594,7156,195782,4158,149812,0,0,5618,119246,5681,113076,5620,232322,California
Contra Costa,2021-02-27,7043,352637,4550,200332,2493,152305,0,0,4413,121039,2622,115698,4415,236737,California
Contra Costa,2021-02-28,4432,357069,3680,204012,751,153056,1,1,3737,124086,692,116390,3739,240476,California
Contra Costa,2021-03-01,8796,365865,6669,210681,2121,155177,6,7,5433,126180,3347,119737,5441,245917,California
Contra Costa,2021-03-02,10861,376726,6968,217649,3892,159069,1,8,5820,126977,5025,124762,5822,251739,California
Contra Costa,2021-03-03,11600,388326,7308,224957,4291,163360,1,9,6553,128499,5033,129795,6555,258294,California
Contra Costa,2021-03-04,12223,400549,7301,232258,4921,168281,1,10,6341,128979,5863,135658,6343,264637,California
Contra Costa,2021-03-05,11737,412286,7031,239289,4699,172980,7,17,6740,130748,4979,140637,6748,271385,California
Contra Costa,2021-03-06,7653,419939,4281,243570,3057,176037,315,332,4985,133392,2653,143290,5297,276682,California
Contra Costa,2021-03-07,3950,423889,2512,246082,1375,177412,63,395,3246,135999,702,143992,3309,279991,California
Contra Costa,2021-03-08,8411,432300,3985,250067,4116,181528,310,705,5661,139237,2738,146730,5976,285967,California
Contra Costa,2021-03-09,11345,443645,6025,256092,5022,186550,298,1003,5946,140096,5388,152118,6247,292214,California
Contra Costa,2021-03-10,12696,456341,6391,262483,4792,191342,1513,2516,5793,140501,6890,159008,7295,299509,California
Contra Costa,2021-03-11,12735,469076,6690,269173,5474,196816,571,3087,6517,141392,6195,165203,7086,306595,California
Contra Costa,2021-03-12,12869,481945,5310,274483,6986,203802,573,3660,6414,141939,6437,171640,6984,313579,California
Contra Costa,2021-03-13,8035,489980,3240,277723,4362,208164,433,4093,3161,140675,4853,176493,3589,317168,California
Contra Costa,2021-03-14,4535,494515,2672,280395,1361,209525,502,4595,1738,140126,2788,179281,2239,319407,California
Contra Costa,2021-03-15,9656,504171,5255,285650,3630,213155,771,5366,4768,140797,4868,184149,5539,324946,California
Contra Costa,2021-03-16,14596,518767,8704,294354,5481,218636,411,5777,7196,141029,7374,191523,7606,332552,California
Contra Costa,2021-03-17,15359,534126,10629,304983,4506,223142,224,6001,8577,143080,6755,198278,8806,341358,California
Contra Costa,2021-03-18,15659,549785,8752,313735,6417,229559,490,6491,8628,145203,6994,205272,9117,350475,California
Contra Costa,2021-03-19,15935,565720,9222,322957,5276,234835,1437,7928,8228,147182,7689,212961,9668,360143,California
Contra Costa,2021-03-20,10911,576631,6547,329504,4047,238882,317,8245,5147,146905,5740,218701,5463,365606,California
Contra Costa,2021-03-21,4698,581329,4099,333603,501,239383,98,8343,1837,145989,2850,221551,1934,367540,California
Contra Costa,2021-03-22,11862,593191,8949,342552,2651,242034,262,8605,6883,148170,4962,226513,7143,374683,California
Contra Costa,2021-03-23,15936,609127,10992,353544,4771,246805,173,8778,9162,150761,6745,233258,9336,384019,California
Contra Costa,2021-03-24,15249,624376,11907,365451,3127,249932,215,8993,9200,154163,6015,239273,9417,393436,California
Contra Costa,2021-03-25,15607,639983,12191,377642,3123,253055,293,9286,9524,157929,6046,245319,9812,403248,California
Contra Costa,2021-03-26,15300,655283,11005,388647,3888,256943,407,9693,8774,160606,6498,251817,9175,412423,California
Contra Costa,2021-03-27,10753,666036,7010,395657,3224,260167,519,10212,5715,161806,5026,256843,6226,418649,California
Contra Costa,2021-03-28,4328,670364,3080,398737,1193,261360,55,10267,1659,160862,2658,259501,1714,420363,California
Contra Costa,2021-03-29,11100,681464,8660,407397,2322,263682,118,10385,7044,163990,4037,263538,7165,427528,California
Contra Costa,2021-03-30,17076,698540,9359,416756,6353,270035,1364,11749,10534,169361,6523,270061,11894,439422,California
Contra Costa,2021-03-31,18345,716885,12885,429641,4005,274040,1455,13204,11518,175546,6780,276841,12965,452387,California
Contra Costa,2021-04-01,17890,734775,12532,442173,3953,277993,1405,14609,11595,182281,6260,283101,12995,465382,California
Contra Costa,2021-04-02,17786,752561,13103,455276,3648,281641,1035,15644,11778,189094,5995,289096,12808,478190,California
Contra Costa,2021-04-03,11052,763613,6599,461875,2892,284533,1561,17205,6324,192260,4714,293810,7880,486070,California
Contra Costa,2021-04-04,3431,767044,1348,463223,1477,286010,606,17811,862,191166,2560,296370,1466,487536,California
Contra Costa,2021-04-05,12305,779349,8003,471226,3312,289322,990,18801,6653,193172,5637,302007,7643,495179,California
Contra Costa,2021-04-06,17582,796931,12191,483417,3086,292408,2305,21106,9849,197611,7711,309718,12150,507329,California
Contra Costa,2021-04-07,18829,815760,12769,496186,3222,295630,2838,23944,10682,203040,8125,317843,13554,520883,California
Contra Costa,2021-04-08,18949,834709,12627,508813,3380,299010,2942,26886,10147,207345,8774,326617,13079,533962,California
Contra Costa,2021-04-09,19162,853871,12211,521024,4425,303435,2526,29412,10251,211234,8880,335497,12769,546731,California
Contra Costa,2021-04-10,10717,864588,3868,524892,2225,305660,4624,34036,3337,211821,7359,342856,7946,554677,California
Contra Costa,2021-04-11,3449,868037,2052,526944,722,306382,675,34711,1162,211376,2281,345137,1836,556513,California
Contra Costa,2021-04-12,12182,880219,8026,534970,3066,309448,1090,35801,5710,211731,6452,351589,6807,563320,California
Contra Costa,2021-04-13,18188,898407,11172,546142,7008,316456,8,35809,12131,217847,6028,357617,12144,575464,California
Contra Costa,2021-04-14,17992,916399,11315,557457,6676,323132,1,35810,9995,219878,7971,365588,10002,585466,California
Contra Costa,2021-04-15,17771,934170,10918,568375,6852,329984,1,35811,8236,218634,9505,375093,8261,593727,California
Contra Costa,2021-04-16,17192,951362,10713,579088,6478,336462,1,35812,7748,216976,9415,384508,7757,601484,California
Contra Costa,2021-04-17,11721,963083,6458,585546,5263,341725,0,35812,6315,217911,5387,389895,6322,607806,California
Contra Costa,2021-04-18,2843,965926,2187,587733,656,342381,0,35812,1823,218724,1010,390905,1823,609629,California
Contra Costa,2021-04-19,11603,977529,8656,596389,2947,345328,0,35812,3666,214485,7908,398813,3669,613298,California
Contra Costa,2021-04-20,17032,994561,11049,607438,5983,351311,0,35812,6435,210361,10567,409380,6443,619741,California
Contra Costa,2021-04-21,17665,1012226,14415,621853,3249,354560,1,35813,6318,205386,11304,420684,6329,626070,California
Contra Costa,2021-04-22,17390,1029616,14100,635953,3288,357848,2,35815,6136,200315,11218,431902,6147,632217,California
Contra Costa,2021-04-23,17223,1046839,13697,649650,3526,361374,0,35815,5537,194213,11648,443550,5546,637763,California
Contra Costa,2021-04-24,11113,1057952,8570,658220,2542,363916,1,35816,4255,191639,6833,450383,4259,642022,California
Contra Costa,2021-04-25,3330,1061282,2232,660452,1096,365012,2,35818,2093,192503,1235,451618,2099,644121,California
Contra Costa,2021-04-26,10125,1071407,8435,668887,1666,366678,24,35842,3047,188529,7058,458676,3084,647205,California
Contra Costa,2021-04-27,14833,1086240,10814,679701,3841,370519,178,36020,4045,182000,10763,469439,4234,651439,California
Contra Costa,2021-04-28,14389,1100629,11206,690907,2895,373414,288,36308,3862,175667,10491,479930,4158,655597,California
Contra Costa,2021-04-29,13563,1114192,10503,701410,2889,376303,171,36479,3234,168777,10300,490230,3410,659007,California
Contra Costa,2021-04-30,13889,1128081,10964,712374,2665,378968,260,36739,3137,161458,10722,500952,3403,662410,California
Contra Costa,2021-05-01,8146,1136227,5917,718291,1905,380873,324,37063,1926,157518,6190,507142,2250,664660,California
Contra Costa,2021-05-02,2381,1138608,1616,719907,683,381556,82,37145,998,157227,1372,508514,1081,665741,California
Contra Costa,2021-05-03,9193,1147801,8077,727984,937,382493,179,37324,1939,152111,7237,515751,2121,667862,California
Contra Costa,2021-05-04,14219,1162020,12278,740262,1612,384105,329,37653,2290,142830,11900,527651,2619,670481,California
Contra Costa,2021-05-05,12669,1174689,10933,751195,1534,385639,202,37855,2422,135236,10219,537870,2625,673106,California
Contra Costa,2021-05-06,10391,1185080,8632,759827,1421,387060,338,38193,1949,129112,8418,546288,2294,675400,California
Contra Costa,2021-05-07,9738,1194818,7827,767654,1684,388744,227,38420,2227,124085,7477,553765,2450,677850,California
Contra Costa,2021-05-08,5369,1200187,4042,771696,1157,389901,170,38590,1250,121405,4104,557869,1424,679274,California
Contra Costa,2021-05-09,2140,1202327,1805,773501,276,390177,59,38649,460,120253,1673,559542,521,679795,California
Contra Costa,2021-05-10,4969,1207296,3973,777474,775,390952,221,38870,1341,118207,3606,563148,1560,681355,California
Contra Costa,2021-05-11,8853,1216149,4608,782082,4007,394959,238,39108,1742,113104,7090,570238,1987,683342,California
Contra Costa,2021-05-12,9342,1225491,4819,786901,4257,399216,266,39374,1674,107410,7640,577878,1946,685288,California
Contra Costa,2021-05-13,11825,1237316,7882,794783,3756,402972,187,39561,4236,104278,7560,585438,4428,689716,California
Contra Costa,2021-05-14,12260,1249576,8185,802968,3791,406763,284,39845,5067,102459,7169,592607,5350,695066,California
Contra Costa,2021-05-15,10089,1259665,7326,810294,2644,409407,119,39964,4433,101371,5642,598249,4554,699620,California
Contra Costa,2021-05-16,2464,1262129,2157,812451,261,409668,46,40010,1096,101150,1362,599611,1141,700761,California
Contra Costa,2021-05-17,7082,1269211,5709,818160,1200,410868,173,40183,3559,101381,3503,603114,3734,704495,California
Contra Costa,2021-05-18,10303,1279514,7044,825204,3039,413907,220,40403,4483,100298,5790,608904,4707,709202,California
Contra Costa,2021-05-19,8530,1288044,6894,832098,1440,415347,196,40599,3868,99722,4643,613547,4067,713269,California
Contra Costa,2021-05-20,7175,1295219,5661,837759,1328,416675,186,40785,3367,99494,3781,617328,3553,716822,California
Contra Costa,2021-05-21,7122,1302341,5457,843216,1451,418126,214,40999,3281,99171,3815,621143,3492,720314,California
Contra Costa,2021-05-22,5134,1307475,4056,847272,896,419022,182,41181,2499,99239,2611,623754,2679,722993,California
Contra Costa,2021-05-23,1223,1308698,800,848072,367,419389,56,41237,598,99274,618,624372,653,723646,California
Contra Costa,2021-05-24,4690,1313388,3884,851956,629,420018,177,41414,2202,99180,2476,626848,2382,726028,California
Contra Costa,2021-05-25,6296,1319684,5124,857080,920,420938,252,41666,2661,98474,3618,630466,2912,728940,California
Contra Costa,2021-05-26,5657,1325341,3634,860714,1834,422772,189,41855,1966,96959,3669,634135,2154,731094,California
Contra Costa,2021-05-27,3821,1329162,2700,863414,944,423716,177,42032,1635,96594,2172,636307,1807,732901,California
Contra Costa,2021-05-28,5390,1334552,3770,867184,1446,425162,174,42206,2265,95927,3102,639409,2435,735336,California
Contra Costa,2021-05-29,3300,1337852,2149,869333,1033,426195,118,42324,1668,96092,1622,641031,1787,737123,California
Contra Costa,2021-05-30,931,1338783,590,869923,313,426508,28,42352,363,95917,566,641597,391,737514,California
Contra Costa,2021-05-31,392,1339175,270,870193,109,426617,13,42365,127,95794,262,641859,139,737653,California
Contra Costa,2021-06-01,4808,1343983,3578,873771,1085,427702,145,42510,1721,94590,3070,644929,1866,739519,California
Contra Costa,2021-06-02,3433,1347416,2429,876200,858,428560,146,42656,1401,94116,2020,646949,1546,741065,California
Contra Costa,2021-06-03,5456,1352872,4549,880749,792,429352,115,42771,1462,91706,3987,650936,1577,742642,California
Contra Costa,2021-06-04,6431,1359303,5398,886147,895,430247,138,42909,1625,88676,4790,655726,1760,744402,California
Contra Costa,2021-06-05,5211,1364514,4421,890568,678,430925,112,43021,1115,85816,4085,659811,1225,745627,California
Contra Costa,2021-06-06,1353,1365867,1182,891750,142,431067,29,43050,381,85259,967,660778,410,746037,California
Contra Costa,2021-06-07,4954,1370821,4360,896110,494,431561,100,43150,1413,83243,3530,664308,1514,747551,California
Contra Costa,2021-06-08,6115,1376936,5277,901387,715,432276,123,43273,1446,80159,4654,668962,1570,749121,California
Contra Costa,2021-06-09,4865,1381801,4147,905534,570,432846,148,43421,1254,77970,3592,672554,1403,750524,California
Contra Costa,2021-06-10,4790,1386591,4024,909558,596,433442,170,43591,1241,75848,3533,676087,1411,751935,California
Contra Costa,2021-06-11,4862,1391453,3989,913547,673,434115,200,43791,1288,73776,3559,679646,1487,753422,California
Contra Costa,2021-06-12,3172,1394625,2692,916239,413,434528,67,43858,726,72132,2436,682082,792,754214,California
Contra Costa,2021-06-13,1145,1395770,855,917094,182,434710,108,43966,292,71686,846,682928,400,754614,California
Contra Costa,2021-06-14,3892,1399662,3287,920381,475,435185,130,44096,1143,70224,2732,685660,1270,755884,California
Contra Costa,2021-06-15,4190,1403852,3495,923876,533,435718,162,44258,1320,68845,2860,688520,1481,757365,California
Contra Costa,2021-06-16,3477,1407329,2836,926712,459,436177,182,44440,1221,68010,2236,690756,1401,758766,California
Contra Costa,2021-06-17,2759,1410088,2260,928972,373,436550,126,44566,1049,67479,1703,692459,1172,759938,California
Contra Costa,2021-06-18,3634,1413722,3027,931999,450,437000,157,44723,1320,66651,2303,694762,1475,761413,California
Contra Costa,2021-06-19,1999,1415721,1686,933685,230,437230,83,44806,567,65873,1429,696191,651,762064,California
Contra Costa,2021-06-20,780,1416501,653,934338,98,437328,29,44835,329,65782,448,696639,357,762421,California
Contra Costa,2021-06-21,1290,1417791,974,935312,195,437523,121,44956,637,65892,647,697286,757,763178,California
Del Norte,2020-12-21,22,22,22,22,0,0,0,0,22,22,0,0,22,22,California
Del Norte,2020-12-22,45,67,45,67,0,0,0,0,45,67,0,0,45,67,California
Del Norte,2020-12-23,59,126,48,115,11,11,0,0,57,124,0,0,57,124,California
Del Norte,2020-12-28,35,161,35,150,0,11,0,0,35,159,0,0,35,159,California
Del Norte,2020-12-29,4,165,4,154,0,11,0,0,4,163,0,0,4,163,California
Del Norte,2020-12-30,68,233,56,210,12,23,0,0,68,231,0,0,68,231,California
Del Norte,2020-12-31,16,249,13,223,3,26,0,0,16,247,0,0,16,247,California
Del Norte,2021-01-04,103,352,50,273,53,79,0,0,103,350,0,0,103,350,California
Del Norte,2021-01-05,31,383,0,273,31,110,0,0,31,381,0,0,31,381,California
Del Norte,2021-01-06,77,460,18,291,59,169,0,0,77,458,0,0,77,458,California
Del Norte,2021-01-07,21,481,1,292,20,189,0,0,21,479,0,0,21,479,California
Del Norte,2021-01-08,78,559,7,299,71,260,0,0,78,557,0,0,78,557,California
Del Norte,2021-01-11,39,598,20,319,19,279,0,0,18,555,21,21,19,576,California
Del Norte,2021-01-12,51,649,32,351,19,298,0,0,31,566,20,41,31,607,California
Del Norte,2021-01-13,84,733,40,391,44,342,0,0,51,584,33,74,51,658,California
Del Norte,2021-01-14,53,786,14,405,39,381,0,0,47,625,6,80,47,705,California
Del Norte,2021-01-15,107,893,18,423,89,470,0,0,95,708,12,92,95,800,California
Del Norte,2021-01-17,1,894,1,424,0,470,0,0,1,709,0,92,1,801,California
Del Norte,2021-01-18,2,896,0,424,2,472,0,0,2,711,0,92,2,803,California
Del Norte,2021-01-19,120,1016,57,481,63,535,0,0,77,745,43,135,77,880,California
Del Norte,2021-01-20,160,1176,85,566,75,610,0,0,97,779,63,198,97,977,California
Del Norte,2021-01-21,43,1219,40,606,3,613,0,0,32,800,11,209,32,1009,California
Del Norte,2021-01-22,19,1238,17,623,2,615,0,0,12,805,7,216,12,1021,California
Del Norte,2021-01-23,1,1239,0,623,1,616,0,0,1,806,0,216,1,1022,California
Del Norte,2021-01-24,1,1240,0,623,1,617,0,0,1,807,0,216,1,1023,California
Del Norte,2021-01-25,101,1341,83,706,18,635,0,0,56,818,45,261,56,1079,California
Del Norte,2021-01-26,18,1359,11,717,7,642,0,0,7,814,11,272,7,1086,California
Del Norte,2021-01-27,64,1423,21,738,43,685,0,0,61,872,3,275,61,1147,California
Del Norte,2021-01-28,293,1716,20,758,273,958,0,0,288,1155,5,280,288,1435,California
Del Norte,2021-01-29,62,1778,21,779,41,999,0,0,44,1181,18,298,44,1479,California
Del Norte,2021-01-30,8,1786,1,780,7,1006,0,0,8,1189,0,298,8,1487,California
Del Norte,2021-02-01,40,1826,1,781,39,1045,0,0,25,1199,15,313,25,1512,California
Del Norte,2021-02-02,141,1967,35,816,106,1151,0,0,73,1206,67,380,74,1586,California
Del Norte,2021-02-03,129,2096,42,858,87,1238,0,0,74,1225,55,435,74,1660,California
Del Norte,2021-02-04,69,2165,27,885,42,1280,0,0,40,1236,29,464,40,1700,California
Del Norte,2021-02-05,184,2349,22,907,162,1442,0,0,118,1289,65,529,118,1818,California
Del Norte,2021-02-06,309,2658,3,910,306,1748,0,0,309,1598,0,529,309,2127,California
Del Norte,2021-02-08,36,2694,1,911,35,1783,0,0,32,1626,4,533,32,2159,California
Del Norte,2021-02-09,8,2702,5,916,3,1786,0,0,2,1622,6,539,2,2161,California
Del Norte,2021-02-10,142,2844,20,936,122,1908,0,0,86,1653,55,594,86,2247,California
Del Norte,2021-02-11,176,3020,58,994,118,2026,0,0,63,1603,113,707,63,2310,California
Del Norte,2021-02-12,122,3142,14,1008,108,2134,0,0,68,1617,54,761,68,2378,California
Del Norte,2021-02-13,2,3144,1,1009,1,2135,0,0,2,1619,0,761,2,2380,California
Del Norte,2021-02-14,3,3147,1,1010,2,2137,0,0,2,1620,1,762,2,2382,California
Del Norte,2021-02-15,5,3152,0,1010,5,2142,0,0,3,1621,2,764,3,2385,California
Del Norte,2021-02-16,132,3284,1,1011,131,2273,0,0,13,1515,119,883,13,2398,California
Del Norte,2021-02-17,92,3376,19,1030,73,2346,0,0,24,1472,67,950,24,2422,California
Del Norte,2021-02-18,76,3452,24,1054,52,2398,0,0,50,1496,26,976,50,2472,California
Del Norte,2021-02-19,43,3495,17,1071,26,2424,0,0,33,1519,10,986,33,2505,California
Del Norte,2021-02-20,9,3504,6,1077,3,2427,0,0,6,1522,3,989,6,2511,California
Del Norte,2021-02-22,2,3506,0,1077,2,2429,0,0,2,1524,0,989,2,2513,California
Del Norte,2021-02-23,105,3611,88,1165,17,2446,0,0,29,1478,76,1065,30,2543,California
Del Norte,2021-02-24,155,3766,100,1265,55,2501,0,0,80,1483,75,1140,80,2623,California
Del Norte,2021-02-25,478,4244,131,1396,347,2848,0,0,213,1433,263,1403,213,2836,California
Del Norte,2021-02-26,211,4455,175,1571,36,2884,0,0,164,1550,47,1450,164,3000,California
Del Norte,2021-02-27,147,4602,141,1712,5,2889,1,1,140,1684,7,1457,141,3141,California
Del Norte,2021-02-28,3,4605,0,1712,3,2892,0,1,3,1687,0,1457,3,3144,California
Del Norte,2021-03-01,27,4632,2,1714,25,2917,0,1,4,1669,22,1479,4,3148,California
Del Norte,2021-03-02,223,4855,143,1857,80,2997,0,1,189,1824,34,1513,189,3337,California
Del Norte,2021-03-03,176,5031,107,1964,69,3066,0,1,134,1916,42,1555,134,3471,California
Del Norte,2021-03-04,119,5150,82,2046,37,3103,0,1,91,1980,27,1582,91,3562,California
Del Norte,2021-03-05,122,5272,11,2057,111,3214,0,1,74,2006,48,1630,74,3636,California
Del Norte,2021-03-06,464,5736,77,2134,338,3552,49,50,163,1875,301,1931,170,3806,California
Del Norte,2021-03-07,1,5737,1,2135,0,3552,0,50,1,1876,0,1931,1,3807,California
Del Norte,2021-03-08,30,5767,0,2135,28,3580,2,52,6,1861,23,1954,8,3815,California
Del Norte,2021-03-09,194,5961,113,2248,78,3658,3,55,183,2036,11,1965,186,4001,California
Del Norte,2021-03-10,234,6195,95,2343,111,3769,28,83,134,2098,100,2065,162,4163,California
Del Norte,2021-03-11,150,6345,55,2398,90,3859,5,88,102,2157,48,2113,107,4270,California
Del Norte,2021-03-12,178,6523,89,2487,89,3948,0,88,125,2229,53,2166,125,4395,California
Del Norte,2021-03-13,94,6617,93,2580,1,3949,0,88,91,2317,3,2169,91,4486,California
Del Norte,2021-03-14,1,6618,0,2580,1,3950,0,88,0,2316,1,2170,0,4486,California
Del Norte,2021-03-15,38,6656,0,2580,38,3988,0,88,34,2346,4,2174,34,4520,California
Del Norte,2021-03-16,280,6936,134,2714,146,4134,0,88,260,2586,20,2194,260,4780,California
Del Norte,2021-03-17,285,7221,95,2809,188,4322,2,90,171,2645,114,2308,173,4953,California
Del Norte,2021-03-18,284,7505,107,2916,175,4497,2,92,150,2664,133,2441,152,5105,California
Del Norte,2021-03-19,268,7773,158,3074,104,4601,6,98,92,2586,176,2617,98,5203,California
Del Norte,2021-03-20,157,7930,154,3228,3,4604,0,98,15,2459,142,2759,15,5218,California
Del Norte,2021-03-21,4,7934,2,3230,2,4606,0,98,2,2459,2,2761,2,5220,California
Del Norte,2021-03-22,42,7976,2,3232,39,4645,1,99,38,2495,3,2764,39,5259,California
Del Norte,2021-03-23,334,8310,165,3397,151,4796,18,117,163,2506,169,2933,180,5439,California
Del Norte,2021-03-24,395,8705,106,3503,249,5045,40,157,227,2605,168,3101,267,5706,California
Del Norte,2021-03-25,192,8897,88,3591,104,5149,0,157,85,2584,106,3207,85,5791,California
Del Norte,2021-03-26,232,9129,113,3704,119,5268,0,157,195,2742,37,3244,195,5986,California
Del Norte,2021-03-27,107,9236,86,3790,4,5272,17,174,17,2686,90,3334,34,6020,California
Del Norte,2021-03-28,4,9240,2,3792,2,5274,0,174,1,2684,3,3337,1,6021,California
Del Norte,2021-03-29,57,9297,6,3798,34,5308,17,191,32,2708,25,3362,49,6070,California
Del Norte,2021-03-30,338,9635,119,3917,208,5516,11,202,126,2633,212,3574,137,6207,California
Del Norte,2021-03-31,356,9991,101,4018,238,5754,17,219,200,2696,154,3728,217,6424,California
Del Norte,2021-04-01,164,10155,58,4076,72,5826,34,253,69,2705,94,3822,103,6527,California
Del Norte,2021-04-02,233,10388,79,4155,105,5931,49,302,49,2620,184,4006,99,6626,California
Del Norte,2021-04-03,108,10496,83,4238,2,5933,23,325,5,2546,102,4108,28,6654,California
Del Norte,2021-04-04,4,10500,0,4238,0,5933,4,329,0,2546,4,4112,4,6658,California
Del Norte,2021-04-05,45,10545,3,4241,38,5971,4,333,39,2583,6,4118,43,6701,California
Del Norte,2021-04-06,378,10923,119,4360,223,6194,36,369,145,2536,229,4347,182,6883,California
Del Norte,2021-04-07,437,11360,115,4475,261,6455,61,430,289,2739,148,4495,351,7234,California
Del Norte,2021-04-08,229,11589,54,4529,106,6561,69,499,105,2789,124,4619,174,7408,California
Del Norte,2021-04-09,207,11796,47,4576,83,6644,77,576,100,2858,106,4725,175,7583,California
Del Norte,2021-04-10,47,11843,26,4602,4,6648,17,593,27,2882,20,4745,44,7627,California
Del Norte,2021-04-11,10,11853,3,4605,0,6648,7,600,1,2881,9,4754,8,7635,California
Del Norte,2021-04-12,27,11880,1,4606,9,6657,17,617,1,2874,25,4779,18,7653,California
Del Norte,2021-04-13,297,12177,49,4655,248,6905,0,617,155,2887,142,4921,155,7808,California
Del Norte,2021-04-14,331,12508,23,4678,308,7213,0,617,139,2839,192,5113,144,7952,California
Del Norte,2021-04-15,164,12672,30,4708,134,7347,0,617,44,2764,120,5233,45,7997,California
Del Norte,2021-04-16,161,12833,39,4747,122,7469,0,617,59,2722,102,5335,60,8057,California
Del Norte,2021-04-17,108,12941,76,4823,32,7501,0,617,102,2818,6,5341,102,8159,California
Del Norte,2021-04-18,6,12947,5,4828,1,7502,0,617,5,2822,1,5342,5,8164,California
Del Norte,2021-04-19,50,12997,6,4834,44,7546,0,617,8,2788,42,5384,8,8172,California
Del Norte,2021-04-20,207,13204,40,4874,167,7713,0,617,73,2727,134,5518,73,8245,California
Del Norte,2021-04-21,290,13494,24,4898,266,7979,0,617,66,2572,224,5742,69,8314,California
Del Norte,2021-04-22,114,13608,15,4913,99,8078,0,617,62,2582,52,5794,62,8376,California
Del Norte,2021-04-23,151,13759,22,4935,129,8207,0,617,39,2509,112,5906,39,8415,California
Del Norte,2021-04-24,27,13786,15,4950,12,8219,0,617,22,2526,5,5911,22,8437,California
Del Norte,2021-04-25,2,13788,0,4950,2,8221,0,617,2,2528,0,5911,2,8439,California
Del Norte,2021-04-26,31,13819,0,4950,31,8252,0,617,9,2515,22,5933,9,8448,California
Del Norte,2021-04-27,180,13999,20,4970,155,8407,5,622,50,2441,130,6063,56,8504,California
Del Norte,2021-04-28,351,14350,100,5070,246,8653,5,627,63,2223,287,6350,69,8573,California
Del Norte,2021-04-29,93,14443,6,5076,83,8736,4,631,26,2186,67,6417,30,8603,California
Del Norte,2021-04-30,87,14530,7,5083,70,8806,10,641,47,2203,40,6457,57,8660,California
Del Norte,2021-05-01,7,14537,2,5085,5,8811,0,641,5,2206,2,6459,5,8665,California
Del Norte,2021-05-02,8,14545,0,5085,8,8819,0,641,8,2214,0,6459,8,8673,California
Del Norte,2021-05-03,40,14585,3,5088,34,8853,3,644,2,2182,37,6496,5,8678,California
Del Norte,2021-05-04,222,14807,36,5124,181,9034,5,649,47,2059,175,6671,52,8730,California
Del Norte,2021-05-05,235,15042,20,5144,207,9241,8,657,60,1953,174,6845,68,8798,California
Del Norte,2021-05-06,111,15153,25,5169,73,9314,13,670,25,1905,86,6931,38,8836,California
Del Norte,2021-05-07,150,15303,27,5196,119,9433,4,674,31,1821,119,7050,35,8871,California
Del Norte,2021-05-08,65,15368,55,5251,8,9441,2,676,7,1772,58,7108,9,8880,California
Del Norte,2021-05-09,9,15377,4,5255,2,9443,3,679,2,1770,7,7115,5,8885,California
Del Norte,2021-05-10,24,15401,3,5258,17,9460,4,683,14,1778,10,7125,18,8903,California
Del Norte,2021-05-11,173,15574,50,5308,121,9581,2,685,34,1675,139,7264,36,8939,California
Del Norte,2021-05-12,151,15725,24,5332,117,9698,10,695,27,1589,123,7387,37,8976,California
Del Norte,2021-05-13,68,15793,30,5362,37,9735,1,696,38,1598,30,7417,39,9015,California
Del Norte,2021-05-14,76,15869,26,5388,49,9784,1,697,41,1605,35,7452,42,9057,California
Del Norte,2021-05-15,97,15966,54,5442,37,9821,6,703,53,1620,44,7496,59,9116,California
Del Norte,2021-05-16,11,15977,0,5442,11,9832,0,703,11,1631,0,7496,11,9127,California
Del Norte,2021-05-17,26,16003,3,5445,20,9852,3,706,15,1638,11,7507,18,9145,California
Del Norte,2021-05-18,131,16134,71,5516,60,9912,0,706,83,1673,48,7555,83,9228,California
Del Norte,2021-05-19,97,16231,14,5530,66,9978,17,723,39,1670,58,7613,55,9283,California
Del Norte,2021-05-20,100,16331,33,5563,64,10042,3,726,41,1656,58,7671,44,9327,California
Del Norte,2021-05-21,81,16412,34,5597,44,10086,3,729,44,1666,37,7708,47,9374,California
Del Norte,2021-05-22,24,16436,8,5605,16,10102,0,729,11,1665,12,7720,11,9385,California
Del Norte,2021-05-23,14,16450,5,5610,9,10111,0,729,7,1665,7,7727,7,9392,California
Del Norte,2021-05-24,25,16475,9,5619,16,10127,0,729,16,1672,9,7736,16,9408,California
Del Norte,2021-05-25,44,16519,5,5624,33,10160,6,735,15,1667,26,7762,21,9429,California
Del Norte,2021-05-26,116,16635,36,5660,72,10232,8,743,52,1664,63,7825,60,9489,California
Del Norte,2021-05-27,73,16708,27,5687,42,10274,4,747,34,1663,39,7864,38,9527,California
Del Norte,2021-05-28,52,16760,7,5694,37,10311,8,755,8,1635,44,7908,16,9543,California
Del Norte,2021-05-29,8,16768,0,5694,4,10315,4,759,3,1637,5,7913,7,9550,California
Del Norte,2021-05-30,7,16775,1,5695,6,10321,0,759,2,1634,5,7918,2,9552,California
Del Norte,2021-05-31,4,16779,2,5697,2,10323,0,759,3,1636,1,7919,3,9555,California
Del Norte,2021-06-01,51,16830,6,5703,39,10362,6,765,11,1613,40,7959,17,9572,California
Del Norte,2021-06-02,84,16914,11,5714,68,10430,5,770,19,1572,65,8024,24,9596,California
Del Norte,2021-06-03,61,16975,36,5750,23,10453,2,772,27,1567,34,8058,29,9625,California
Del Norte,2021-06-04,70,17045,24,5774,41,10494,5,777,20,1542,50,8108,25,9650,California
Del Norte,2021-06-05,1,17046,0,5774,1,10495,0,777,0,1541,1,8109,0,9650,California
Del Norte,2021-06-06,11,17057,5,5779,4,10499,2,779,7,1546,4,8113,9,9659,California
Del Norte,2021-06-07,40,17097,9,5788,26,10525,5,784,15,1541,25,8138,20,9679,California
Del Norte,2021-06-08,112,17209,81,5869,26,10551,5,789,33,1500,79,8217,38,9717,California
Del Norte,2021-06-09,58,17267,11,5880,40,10591,7,796,17,1483,41,8258,24,9741,California
Del Norte,2021-06-10,57,17324,27,5907,23,10614,7,803,12,1458,44,8302,19,9760,California
Del Norte,2021-06-11,59,17383,23,5930,27,10641,9,812,14,1436,45,8347,23,9783,California
Del Norte,2021-06-12,17,17400,3,5933,11,10652,3,815,2,1426,15,8362,5,9788,California
Del Norte,2021-06-13,60,17460,43,5976,13,10665,4,819,13,1396,47,8409,17,9805,California
Del Norte,2021-06-14,37,17497,15,5991,18,10683,4,823,15,1393,22,8431,19,9824,California
Del Norte,2021-06-15,37,17534,9,6000,20,10703,8,831,4,1372,33,8464,12,9836,California
Del Norte,2021-06-16,90,17624,38,6038,45,10748,7,838,17,1323,73,8537,24,9860,California
Del Norte,2021-06-17,31,17655,13,6051,15,10763,3,841,7,1309,24,8561,10,9870,California
Del Norte,2021-06-18,48,17703,22,6073,21,10784,5,846,19,1304,29,8590,24,9894,California
Del Norte,2021-06-19,11,17714,0,6073,7,10791,4,850,3,1303,8,8598,7,9901,California
Del Norte,2021-06-20,11,17725,7,6080,4,10795,0,850,6,1304,5,8603,6,9907,California
Del Norte,2021-06-21,13,17738,5,6085,6,10801,2,852,6,1305,7,8610,8,9915,California
El Dorado,2020-12-15,12,12,12,12,0,0,0,0,12,12,0,0,12,12,California
El Dorado,2020-12-16,40,52,40,52,0,0,0,0,40,52,0,0,40,52,California
El Dorado,2020-12-17,31,83,31,83,0,0,0,0,31,83,0,0,31,83,California
El Dorado,2020-12-18,259,342,259,342,0,0,0,0,259,342,0,0,259,342,California
El Dorado,2020-12-19,121,463,121,463,0,0,0,0,121,463,0,0,121,463,California
El Dorado,2020-12-20,85,548,85,548,0,0,0,0,85,548,0,0,85,548,California
El Dorado,2020-12-21,312,860,311,859,1,1,0,0,312,860,0,0,312,860,California
El Dorado,2020-12-22,245,1105,221,1080,24,25,0,0,245,1105,0,0,245,1105,California
El Dorado,2020-12-23,194,1299,144,1224,50,75,0,0,194,1299,0,0,194,1299,California
El Dorado,2020-12-24,83,1382,63,1287,20,95,0,0,83,1382,0,0,83,1382,California
El Dorado,2020-12-25,8,1390,8,1295,0,95,0,0,8,1390,0,0,8,1390,California
El Dorado,2020-12-26,45,1435,27,1322,18,113,0,0,45,1435,0,0,45,1435,California
El Dorado,2020-12-27,38,1473,34,1356,4,117,0,0,38,1473,0,0,38,1473,California
El Dorado,2020-12-28,215,1688,165,1521,50,167,0,0,215,1688,0,0,215,1688,California
El Dorado,2020-12-29,463,2151,144,1665,319,486,0,0,463,2151,0,0,463,2151,California
El Dorado,2020-12-30,510,2661,139,1804,371,857,0,0,510,2661,0,0,510,2661,California
El Dorado,2020-12-31,109,2770,68,1872,41,898,0,0,109,2770,0,0,109,2770,California
El Dorado,2021-01-01,6,2776,4,1876,2,900,0,0,6,2776,0,0,6,2776,California
El Dorado,2021-01-02,154,2930,142,2018,12,912,0,0,154,2930,0,0,154,2930,California
El Dorado,2021-01-03,93,3023,17,2035,76,988,0,0,93,3023,0,0,93,3023,California
El Dorado,2021-01-04,190,3213,62,2097,128,1116,0,0,190,3213,0,0,190,3213,California
El Dorado,2021-01-05,230,3443,74,2171,156,1272,0,0,213,3409,17,17,213,3426,California
El Dorado,2021-01-06,240,3683,166,2337,74,1346,0,0,176,3522,63,80,176,3602,California
El Dorado,2021-01-07,334,4017,137,2474,197,1543,0,0,257,3702,77,157,257,3859,California
El Dorado,2021-01-08,982,4999,507,2981,475,2018,0,0,763,4246,219,376,763,4622,California
El Dorado,2021-01-09,194,5193,159,3140,35,2053,0,0,124,4300,70,446,124,4746,California
El Dorado,2021-01-10,184,5377,133,3273,51,2104,0,0,111,4339,73,519,112,4858,California
El Dorado,2021-01-11,663,6040,296,3569,367,2471,0,0,462,4602,200,719,463,5321,California
El Dorado,2021-01-12,809,6849,428,3997,381,2852,0,0,557,4907,252,971,557,5878,California
El Dorado,2021-01-13,710,7559,304,4301,406,3258,0,0,541,5279,169,1140,541,6419,California
El Dorado,2021-01-14,798,8357,221,4522,577,3835,0,0,704,5889,94,1234,704,7123,California
El Dorado,2021-01-15,799,9156,186,4708,613,4448,0,0,725,6540,74,1308,725,7848,California
El Dorado,2021-01-16,178,9334,104,4812,74,4522,0,0,151,6664,27,1335,151,7999,California
El Dorado,2021-01-17,106,9440,49,4861,57,4579,0,0,89,6736,17,1352,89,8088,California
El Dorado,2021-01-18,432,9872,147,5008,285,4864,0,0,361,7026,71,1423,361,8449,California
El Dorado,2021-01-19,752,10624,450,5458,302,5166,0,0,601,7477,151,1574,602,9051,California
El Dorado,2021-01-20,1013,11637,688,6146,325,5491,0,0,900,8265,112,1686,900,9951,California
El Dorado,2021-01-21,1272,12909,679,6825,593,6084,0,0,1066,9166,165,1851,1066,11017,California
El Dorado,2021-01-22,1230,14139,829,7654,401,6485,0,0,1175,10287,54,1905,1175,12192,California
El Dorado,2021-01-23,737,14876,610,8264,127,6612,0,0,625,10800,112,2017,625,12817,California
El Dorado,2021-01-24,128,15004,78,8342,50,6662,0,0,107,10886,21,2038,107,12924,California
El Dorado,2021-01-25,703,15707,292,8634,411,7073,0,0,614,11411,89,2127,614,13538,California
El Dorado,2021-01-26,694,16401,377,9011,317,7390,0,0,586,11889,108,2235,586,14124,California
El Dorado,2021-01-27,999,17400,397,9408,602,7992,0,0,657,12203,343,2578,657,14781,California
El Dorado,2021-01-28,1113,18513,454,9862,659,8651,0,0,750,12590,363,2941,750,15531,California
El Dorado,2021-01-29,1054,19567,558,10420,496,9147,0,0,762,13062,291,3232,763,16294,California
El Dorado,2021-01-30,555,20122,298,10718,257,9404,0,0,458,13424,96,3328,458,16752,California
El Dorado,2021-01-31,236,20358,212,10930,24,9428,0,0,185,13558,51,3379,185,16937,California
El Dorado,2021-02-01,803,21161,373,11303,430,9858,0,0,655,14065,148,3527,655,17592,California
El Dorado,2021-02-02,852,22013,373,11676,479,10337,0,0,686,14585,166,3693,686,18278,California
El Dorado,2021-02-03,911,22924,482,12158,429,10766,0,0,699,15072,212,3905,699,18977,California
El Dorado,2021-02-04,1264,24188,713,12871,551,11317,0,0,882,15574,380,4285,882,19859,California
El Dorado,2021-02-05,1504,25692,612,13483,892,12209,0,0,876,15861,591,4876,878,20737,California
El Dorado,2021-02-06,635,26327,333,13816,302,12511,0,0,530,16287,105,4981,531,21268,California
El Dorado,2021-02-07,260,26587,177,13993,83,12594,0,0,192,16411,68,5049,192,21460,California
El Dorado,2021-02-08,893,27480,425,14418,468,13062,0,0,614,16746,279,5328,614,22074,California
El Dorado,2021-02-09,975,28455,549,14967,426,13488,0,0,547,16865,428,5756,547,22621,California
El Dorado,2021-02-10,1265,29720,740,15707,525,14013,0,0,665,16931,599,6355,665,23286,California
El Dorado,2021-02-11,2163,31883,895,16602,1268,15281,0,0,761,16294,1399,7754,762,24048,California
El Dorado,2021-02-12,1581,33464,824,17426,757,16038,0,0,675,16065,905,8659,676,24724,California
El Dorado,2021-02-13,973,34437,660,18086,313,16351,0,0,439,15971,533,9192,439,25163,California
El Dorado,2021-02-14,493,34930,154,18240,339,16690,0,0,400,16278,93,9285,400,25563,California
El Dorado,2021-02-15,1186,36116,386,18626,800,17490,0,0,825,16746,361,9646,829,26392,California
El Dorado,2021-02-16,1213,37329,537,19163,676,18166,0,0,673,16881,539,10185,674,27066,California
El Dorado,2021-02-17,960,38289,425,19588,535,18701,0,0,466,16853,494,10679,466,27532,California
El Dorado,2021-02-18,2112,40401,1035,20623,1077,19778,0,0,1073,16888,1038,11717,1073,28605,California
El Dorado,2021-02-19,1234,41635,662,21285,572,20350,0,0,695,17045,538,12255,695,29300,California
El Dorado,2021-02-20,951,42586,454,21739,497,20847,0,0,680,17459,266,12521,680,29980,California
El Dorado,2021-02-21,291,42877,233,21972,58,20905,0,0,104,17376,187,12708,104,30084,California
El Dorado,2021-02-22,891,43768,448,22420,443,21348,0,0,279,17044,611,13319,279,30363,California
El Dorado,2021-02-23,871,44639,491,22911,380,21728,0,0,356,16887,513,13832,356,30719,California
El Dorado,2021-02-24,1042,45681,455,23366,587,22315,0,0,435,16715,607,14439,435,31154,California
El Dorado,2021-02-25,1934,47615,1164,24530,770,23085,0,0,698,16188,1229,15668,702,31856,California
El Dorado,2021-02-26,2426,50041,1511,26041,915,24000,0,0,1629,17023,794,16462,1629,33485,California
El Dorado,2021-02-27,1710,51751,444,26485,1266,25266,0,0,1258,17832,449,16911,1258,34743,California
El Dorado,2021-02-28,662,52413,224,26709,438,25704,0,0,497,18165,165,17076,498,35241,California
El Dorado,2021-03-01,1163,53576,467,27176,694,26398,2,2,643,18291,519,17595,645,35886,California
El Dorado,2021-03-02,940,54516,274,27450,665,27063,1,3,494,18343,444,18039,496,36382,California
El Dorado,2021-03-03,1714,56230,473,27923,1241,28304,0,3,1169,18976,538,18577,1171,37553,California
El Dorado,2021-03-04,2554,58784,1568,29491,986,29290,0,3,1218,18862,1333,19910,1219,38772,California
El Dorado,2021-03-05,1608,60392,441,29932,1162,30452,5,8,1068,19401,534,20444,1073,39845,California
El Dorado,2021-03-06,747,61139,219,30151,495,30947,33,41,395,19478,351,20795,428,40273,California
El Dorado,2021-03-07,418,61557,203,30354,197,31144,18,59,257,19594,159,20954,275,40548,California
El Dorado,2021-03-08,1361,62918,375,30729,913,32057,73,132,886,20080,472,21426,958,41506,California
El Dorado,2021-03-09,1000,63918,236,30965,695,32752,69,201,595,20354,390,21816,664,42170,California
El Dorado,2021-03-10,965,64883,349,31314,559,33311,57,258,557,20566,401,22217,613,42783,California
El Dorado,2021-03-11,3061,67944,1855,33169,1019,34330,187,445,1301,20313,1738,23955,1485,44268,California
El Dorado,2021-03-12,1814,69758,632,33801,931,35261,251,696,751,20270,1045,25000,1002,45270,California
El Dorado,2021-03-13,1082,70840,352,34153,445,35706,285,981,376,20226,702,25702,658,45928,California
El Dorado,2021-03-14,801,71641,205,34358,485,36191,111,1092,281,20098,520,26222,392,46320,California
El Dorado,2021-03-15,1419,73060,304,34662,985,37176,130,1222,615,20044,800,27022,746,47066,California
El Dorado,2021-03-16,1236,74296,425,35087,665,37841,146,1368,567,20093,665,27687,714,47780,California
El Dorado,2021-03-17,1167,75463,377,35464,689,38530,101,1469,757,20540,409,28096,856,48636,California
El Dorado,2021-03-18,3037,78500,1800,37264,1195,39725,42,1511,2004,21561,1025,29121,2046,50682,California
El Dorado,2021-03-19,1127,79627,359,37623,611,40336,157,1668,625,21841,501,29622,781,51463,California
El Dorado,2021-03-20,959,80586,266,37889,678,41014,15,1683,379,21667,568,30190,394,51857,California
El Dorado,2021-03-21,1044,81630,422,38311,617,41631,5,1688,931,22492,111,30301,936,52793,California
El Dorado,2021-03-22,1512,83142,490,38801,940,42571,82,1770,1192,23451,315,30616,1274,54067,California
El Dorado,2021-03-23,1162,84304,460,39261,606,43177,96,1866,742,23882,407,31023,838,54905,California
El Dorado,2021-03-24,1474,85778,638,39899,638,43815,198,2064,667,23967,780,31803,865,55770,California
El Dorado,2021-03-25,2538,88316,1704,41603,727,44542,107,2171,1386,24316,1145,32948,1494,57264,California
El Dorado,2021-03-26,1849,90165,715,42318,1020,45562,114,2285,934,24472,892,33840,1048,58312,California
El Dorado,2021-03-27,1343,91508,189,42507,1150,46712,4,2289,318,23775,1019,34859,322,58634,California
El Dorado,2021-03-28,646,92154,188,42695,447,47159,11,2300,166,23476,476,35335,177,58811,California
El Dorado,2021-03-29,1329,93483,438,43133,875,48034,16,2316,826,23818,500,35835,842,59653,California
El Dorado,2021-03-30,1387,94870,427,43560,861,48895,99,2415,688,23912,691,36526,785,60438,California
El Dorado,2021-03-31,1572,96442,585,44145,920,49815,67,2482,690,23787,880,37406,755,61193,California
El Dorado,2021-04-01,3260,99702,1783,45928,1394,51209,83,2565,1546,23707,1710,39116,1630,62823,California
El Dorado,2021-04-02,1909,101611,568,46496,1244,52453,97,2662,751,23403,1152,40268,848,63671,California
El Dorado,2021-04-03,759,102370,302,46798,337,52790,120,2782,231,23229,525,40793,351,64022,California
El Dorado,2021-04-04,274,102644,82,46880,144,52934,48,2830,97,23198,176,40969,145,64167,California
El Dorado,2021-04-05,1443,104087,426,47306,924,53858,93,2923,594,23041,843,41812,686,64853,California
El Dorado,2021-04-06,1428,105515,534,47840,674,54532,220,3143,453,22741,970,42782,670,65523,California
El Dorado,2021-04-07,1618,107133,574,48414,589,55121,455,3598,564,22706,1051,43833,1016,66539,California
El Dorado,2021-04-08,2726,109859,1754,50168,734,55855,238,3836,1124,22473,1594,45427,1361,67900,California
El Dorado,2021-04-09,1442,111301,451,50619,771,56626,220,4056,572,22394,867,46294,788,68688,California
El Dorado,2021-04-10,827,112128,224,50843,493,57119,110,4166,479,22637,345,46639,588,69276,California
El Dorado,2021-04-11,708,112836,455,51298,237,57356,16,4182,209,22364,498,47137,225,69501,California
El Dorado,2021-04-12,1302,114138,510,51808,642,57998,150,4332,570,22359,724,47861,719,70220,California
El Dorado,2021-04-13,1132,115270,619,52427,513,58511,0,4332,514,22259,614,48475,514,70734,California
El Dorado,2021-04-14,1101,116371,473,52900,627,59138,1,4333,377,21927,710,49185,378,71112,California
El Dorado,2021-04-15,2538,118909,1710,54610,828,59966,0,4333,970,21334,1564,50749,971,72083,California
El Dorado,2021-04-16,1489,120398,527,55137,962,60928,0,4333,611,21072,874,51623,612,72695,California
El Dorado,2021-04-17,816,121214,204,55341,612,61540,0,4333,502,21263,311,51934,502,73197,California
El Dorado,2021-04-18,1052,122266,89,55430,963,62503,0,4333,415,21042,636,52570,415,73612,California
El Dorado,2021-04-19,1744,124010,440,55870,1304,63807,0,4333,697,20701,1041,53611,700,74312,California
El Dorado,2021-04-20,1115,125125,366,56236,749,64556,0,4333,458,20508,653,54264,460,74772,California
El Dorado,2021-04-21,1169,126294,470,56706,695,65251,4,4337,597,20543,564,54828,599,75371,California
El Dorado,2021-04-22,2572,128866,1696,58402,876,66127,0,4337,1071,20116,1498,56326,1071,76442,California
El Dorado,2021-04-23,1417,130283,508,58910,909,67036,0,4337,726,20155,688,57014,727,77169,California
El Dorado,2021-04-24,973,131256,521,59431,452,67488,0,4337,739,20662,232,57246,739,77908,California
El Dorado,2021-04-25,658,131914,451,59882,207,67695,0,4337,472,20948,186,57432,472,78380,California
El Dorado,2021-04-26,1197,133111,482,60364,698,68393,17,4354,561,20893,632,58064,577,78957,California
El Dorado,2021-04-27,1128,134239,420,60784,670,69063,38,4392,502,20814,619,58683,540,79497,California
El Dorado,2021-04-28,1069,135308,358,61142,671,69734,40,4432,437,20660,631,59314,477,79974,California
El Dorado,2021-04-29,1992,137300,1366,62508,594,70328,32,4464,593,19889,1396,60710,625,80599,California
El Dorado,2021-04-30,2135,139435,1346,63854,748,71076,41,4505,1369,20544,754,61464,1409,82008,California
El Dorado,2021-05-01,615,140050,280,64134,307,71383,28,4533,277,20518,331,61795,305,82313,California
El Dorado,2021-05-02,301,140351,214,64348,58,71441,29,4562,99,20446,199,61994,127,82440,California
El Dorado,2021-05-03,829,141180,404,64752,374,71815,51,4613,279,20231,546,62540,331,82771,California
El Dorado,2021-05-04,887,142067,438,65190,389,72204,60,4673,313,20034,570,63110,373,83144,California
El Dorado,2021-05-05,882,142949,436,65626,372,72576,74,4747,420,20068,460,63570,494,83638,California
El Dorado,2021-05-06,1118,144067,485,66111,584,73160,49,4796,474,19949,638,64208,519,84157,California
El Dorado,2021-05-07,982,145049,378,66489,546,73706,58,4854,396,19816,586,64794,453,84610,California
El Dorado,2021-05-08,492,145541,155,66644,300,74006,37,4891,187,19737,303,65097,224,84834,California
El Dorado,2021-05-09,223,145764,84,66728,112,74118,27,4918,104,19750,118,65215,131,84965,California
El Dorado,2021-05-10,829,146593,269,66997,501,74619,59,4977,245,19477,575,65790,302,85267,California
El Dorado,2021-05-11,688,147281,301,67298,325,74944,62,5039,297,19449,388,66178,360,85627,California
El Dorado,2021-05-12,648,147929,343,67641,263,75207,42,5081,276,19396,372,66550,319,85946,California
El Dorado,2021-05-13,1262,149191,797,68438,425,75632,40,5121,477,19133,779,67329,516,86462,California
El Dorado,2021-05-14,1424,150615,828,69266,512,76144,84,5205,688,19175,731,68060,773,87235,California
El Dorado,2021-05-15,907,151522,557,69823,292,76436,58,5263,322,18970,585,68645,380,87615,California
El Dorado,2021-05-16,668,152190,463,70286,179,76615,26,5289,233,18794,435,69080,259,87874,California
El Dorado,2021-05-17,1582,153772,669,70955,864,77479,49,5338,567,18398,1011,70091,615,88489,California
El Dorado,2021-05-18,1032,154804,522,71477,455,77934,55,5393,448,18318,583,70674,503,88992,California
El Dorado,2021-05-19,817,155621,335,71812,429,78363,53,5446,316,18192,494,71168,368,89360,California
El Dorado,2021-05-20,1189,156810,665,72477,450,78813,74,5520,454,17987,732,71900,527,89887,California
El Dorado,2021-05-21,2340,159150,1750,74227,548,79361,42,5562,825,17343,1511,73411,867,90754,California
El Dorado,2021-05-22,705,159855,204,74431,465,79826,36,5598,228,17131,476,73887,264,91018,California
El Dorado,2021-05-23,289,160144,115,74546,145,79971,29,5627,93,17059,194,74081,122,91140,California
El Dorado,2021-05-24,885,161029,454,75000,362,80333,69,5696,312,16869,569,74650,379,91519,California
El Dorado,2021-05-25,609,161638,255,75255,318,80651,36,5732,232,16762,374,75024,267,91786,California
El Dorado,2021-05-26,807,162445,396,75651,387,81038,24,5756,284,16547,523,75547,308,92094,California
El Dorado,2021-05-27,625,163070,247,75898,343,81381,35,5791,318,16594,305,75852,352,92446,California
El Dorado,2021-05-28,731,163801,253,76151,414,81795,64,5855,309,16548,419,76271,373,92819,California
El Dorado,2021-05-29,384,164185,105,76256,263,82058,16,5871,168,16516,216,76487,184,93003,California
El Dorado,2021-05-30,173,164358,101,76357,58,82116,14,5885,84,16526,88,76575,98,93101,California
El Dorado,2021-05-31,36,164394,11,76368,14,82130,11,5896,8,16517,28,76603,19,93120,California
El Dorado,2021-06-01,683,165077,295,76663,349,82479,39,5935,235,16346,445,77048,274,93394,California
El Dorado,2021-06-02,629,165706,300,76963,279,82758,50,5985,263,16294,365,77413,313,93707,California
El Dorado,2021-06-03,728,166434,339,77302,346,83104,43,6028,183,15975,545,77958,226,93933,California
El Dorado,2021-06-04,890,167324,534,77836,322,83426,34,6062,189,15499,699,78657,223,94156,California
El Dorado,2021-06-05,390,167714,224,78060,154,83580,12,6074,84,15291,305,78962,97,94253,California
El Dorado,2021-06-06,277,167991,192,78252,69,83649,16,6090,51,15132,225,79187,66,94319,California
El Dorado,2021-06-07,789,168780,489,78741,260,83909,40,6130,173,14736,609,79796,213,94532,California
El Dorado,2021-06-08,633,169413,384,79125,215,84124,34,6164,131,14401,499,80295,164,94696,California
El Dorado,2021-06-09,463,169876,277,79402,161,84285,25,6189,110,14183,353,80648,135,94831,California
El Dorado,2021-06-10,592,170468,370,79772,191,84476,31,6220,162,13948,428,81076,193,95024,California
El Dorado,2021-06-11,660,171128,396,80168,220,84696,44,6264,131,13595,528,81604,175,95199,California
El Dorado,2021-06-12,260,171388,153,80321,88,84784,19,6283,61,13477,198,81802,80,95279,California
El Dorado,2021-06-13,162,171550,89,80410,55,84839,18,6301,35,13404,126,81928,53,95332,California
El Dorado,2021-06-14,516,172066,363,80773,123,84962,30,6331,137,13192,379,82307,167,95499,California
El Dorado,2021-06-15,446,172512,237,81010,172,85134,37,6368,124,13034,319,82626,161,95660,California
El Dorado,2021-06-16,508,173020,359,81369,107,85241,42,6410,132,12833,375,83001,174,95834,California
El Dorado,2021-06-17,433,173453,269,81638,135,85376,29,6439,141,12713,291,83292,171,96005,California
El Dorado,2021-06-18,393,173846,251,81889,108,85484,34,6473,117,12589,275,83567,151,96156,California
El Dorado,2021-06-19,229,174075,151,82040,64,85548,14,6487,90,12554,139,83706,104,96260,California
El Dorado,2021-06-20,122,174197,88,82128,28,85576,6,6493,52,12542,70,83776,58,96318,California
El Dorado,2021-06-21,205,174402,110,82238,83,85659,12,6505,74,12499,129,83905,86,96404,California
Fresno,2020-12-15,2,2,2,2,0,0,0,0,2,2,0,0,2,2,California
Fresno,2020-12-16,125,127,125,127,0,0,0,0,125,127,0,0,125,127,California
Fresno,2020-12-17,123,250,123,250,0,0,0,0,123,250,0,0,123,250,California
Fresno,2020-12-18,348,598,348,598,0,0,0,0,348,598,0,0,348,598,California
Fresno,2020-12-19,162,760,162,760,0,0,0,0,162,760,0,0,162,760,California
Fresno,2020-12-20,258,1018,256,1016,2,2,0,0,258,1018,0,0,258,1018,California
Fresno,2020-12-21,927,1945,925,1941,2,4,0,0,956,1974,0,0,956,1974,California
Fresno,2020-12-22,907,2852,876,2817,31,35,0,0,911,2885,0,0,911,2885,California
Fresno,2020-12-23,1085,3937,1044,3861,41,76,0,0,1086,3971,0,0,1086,3971,California
Fresno,2020-12-24,592,4529,566,4427,26,102,0,0,592,4563,0,0,592,4563,California
Fresno,2020-12-25,3,4532,1,4428,2,104,0,0,3,4566,0,0,3,4566,California
Fresno,2020-12-26,724,5256,715,5143,9,113,0,0,724,5290,0,0,724,5290,California
Fresno,2020-12-27,308,5564,209,5352,99,212,0,0,308,5598,0,0,308,5598,California
Fresno,2020-12-28,1097,6661,802,6154,295,507,0,0,1097,6695,0,0,1097,6695,California
Fresno,2020-12-29,1762,8423,999,7153,763,1270,0,0,1760,8454,1,1,1760,8455,California
Fresno,2020-12-30,985,9408,446,7599,539,1809,0,0,985,9439,0,1,985,9440,California
Fresno,2020-12-31,926,10334,309,7908,617,2426,0,0,925,10364,0,1,925,10365,California
Fresno,2021-01-01,9,10343,3,7911,6,2432,0,0,9,10373,0,1,9,10374,California
Fresno,2021-01-02,1025,11368,710,8621,315,2747,0,0,1025,11398,0,1,1025,11399,California
Fresno,2021-01-03,154,11522,128,8749,26,2773,0,0,154,11552,0,1,154,11553,California
Fresno,2021-01-04,627,12149,377,9126,250,3023,0,0,627,12179,0,1,627,12180,California
Fresno,2021-01-05,783,12932,310,9436,473,3496,0,0,710,12816,73,74,710,12890,California
Fresno,2021-01-06,982,13914,343,9779,639,4135,0,0,808,13450,174,248,808,13698,California
Fresno,2021-01-07,1901,15815,916,10695,985,5120,0,0,1646,14844,255,503,1649,15347,California
Fresno,2021-01-08,1786,17601,613,11308,1173,6293,0,0,1421,15903,363,866,1422,16769,California
Fresno,2021-01-09,642,18243,392,11700,250,6543,0,0,363,15987,279,1145,363,17132,California
Fresno,2021-01-10,517,18760,487,12187,30,6573,0,0,203,15876,314,1459,203,17335,California
Fresno,2021-01-11,2225,20985,1806,13993,419,6992,0,0,1530,16715,695,2154,1534,18869,California
Fresno,2021-01-12,2530,23515,1830,15823,700,7692,0,0,1677,17539,855,3009,1679,20548,California
Fresno,2021-01-13,3571,27086,2442,18265,1129,8821,0,0,2713,19396,859,3868,2716,23264,California
Fresno,2021-01-14,4146,31232,2185,20450,1961,10782,0,0,3673,22597,472,4340,3673,26937,California
Fresno,2021-01-15,3663,34895,2539,22989,1124,11906,0,0,3304,25546,359,4699,3308,30245,California
Fresno,2021-01-16,3141,38036,2309,25298,832,12738,0,0,2670,27748,470,5169,2672,32917,California
Fresno,2021-01-17,978,39014,557,25855,421,13159,0,0,778,28326,200,5369,778,33695,California
Fresno,2021-01-18,3089,42103,2377,28232,712,13871,0,0,2431,30103,656,6025,2433,36128,California
Fresno,2021-01-19,4406,46509,2625,30857,1781,15652,0,0,3686,33073,720,6745,3690,39818,California
Fresno,2021-01-20,3024,49533,1218,32075,1806,17458,0,0,2708,35470,314,7059,2711,42529,California
Fresno,2021-01-21,4394,53927,2038,34113,2356,19814,0,0,4036,39176,336,7395,4042,46571,California
Fresno,2021-01-22,3313,57240,1349,35462,1964,21778,0,0,2927,41734,370,7765,2928,49499,California
Fresno,2021-01-23,3057,60297,1978,37440,1079,22857,0,0,2335,43353,721,8486,2340,51839,California
Fresno,2021-01-24,560,60857,377,37817,183,23040,0,0,351,43497,209,8695,353,52192,California
Fresno,2021-01-25,2432,63289,861,38678,1571,24611,0,0,1855,44778,577,9272,1858,54050,California
Fresno,2021-01-26,2088,65377,598,39276,1490,26101,0,0,1326,45345,760,10032,1327,55377,California
Fresno,2021-01-27,2304,67681,1135,40411,1169,27270,0,0,1726,46497,577,10609,1729,57106,California
Fresno,2021-01-28,4556,72237,3053,43464,1503,28773,0,0,3482,48911,1071,11680,3485,60591,California
Fresno,2021-01-29,1676,73913,953,44417,723,29496,0,0,1374,49988,298,11978,1375,61966,California
Fresno,2021-01-30,1441,75354,544,44961,897,30393,0,0,1022,50591,419,12397,1022,62988,California
Fresno,2021-01-31,227,75581,216,45177,11,30404,0,0,73,50510,154,12551,73,63061,California
Fresno,2021-02-01,3344,78925,1663,46840,1681,32085,0,0,1781,50741,1562,14113,1793,64854,California
Fresno,2021-02-02,2744,81669,562,47402,2182,34267,0,0,1595,51218,1134,15247,1611,66465,California
Fresno,2021-02-03,3569,85238,2110,49512,1459,35726,0,0,1553,50765,2007,17254,1554,68019,California
Fresno,2021-02-04,4195,89433,1896,51408,2299,38025,0,0,1922,50450,2243,19497,1928,69947,California
Fresno,2021-02-05,5341,94774,2732,54140,2609,40634,0,0,2308,49737,3028,22525,2315,72262,California
Fresno,2021-02-06,2926,97700,2037,56177,889,41523,0,0,966,48753,1952,24477,968,73230,California
Fresno,2021-02-07,470,98170,288,56465,182,41705,0,0,274,48832,195,24672,274,73504,California
Fresno,2021-02-08,4274,102444,2282,58747,1992,43697,0,0,1804,48188,2457,27129,1813,75317,California
Fresno,2021-02-09,5320,107764,2089,60836,3231,46928,0,0,3108,49169,2137,29266,3118,78435,California
Fresno,2021-02-10,3883,111647,1230,62066,2653,49581,0,0,1968,49286,1863,31129,1980,80415,California
Fresno,2021-02-11,6434,118081,2080,64146,4354,53935,0,0,3336,49547,3080,34209,3341,83756,California
Fresno,2021-02-12,5388,123469,1387,65533,4001,57936,0,0,2720,49628,2649,36858,2730,86486,California
Fresno,2021-02-13,3737,127206,1560,67093,2177,60113,0,0,2081,50070,1644,38502,2086,88572,California
Fresno,2021-02-14,1561,128767,281,67374,1280,61393,0,0,835,50182,725,39227,837,89409,California
Fresno,2021-02-15,2890,131657,268,67642,2622,64015,0,0,1796,50892,1090,40317,1800,91209,California
Fresno,2021-02-16,6688,138345,2409,70051,4279,68294,0,0,4224,52675,2447,42764,4230,95439,California
Fresno,2021-02-17,5312,143657,2443,72494,2869,71163,0,0,2980,53369,2290,45054,2984,98423,California
Fresno,2021-02-18,6848,150505,2893,75387,3955,75118,0,0,2569,51710,4239,49293,2580,101003,California
Fresno,2021-02-19,3904,154409,1096,76483,2808,77926,0,0,1825,51471,2067,51360,1828,102831,California
Fresno,2021-02-20,4511,158920,2476,78959,2035,79961,0,0,3033,53038,1472,52832,3039,105870,California
Fresno,2021-02-21,188,159108,170,79129,18,79979,0,0,125,53114,49,52881,125,105995,California
Fresno,2021-02-22,2234,161342,996,80125,1238,81217,0,0,1235,53362,989,53870,1237,107232,California
Fresno,2021-02-23,4693,166035,2274,82399,2419,83636,0,0,3809,56302,871,54741,3811,111043,California
Fresno,2021-02-24,4202,170237,1506,83905,2696,86332,0,0,3440,58993,751,55492,3442,114485,California
Fresno,2021-02-25,8700,178937,3750,87655,4950,91282,0,0,7205,64778,1429,56921,7214,121699,California
Fresno,2021-02-26,9031,187968,3704,91359,5327,96609,0,0,7714,71205,1293,58214,7720,129419,California
Fresno,2021-02-27,7275,195243,3163,94522,4111,100720,1,1,6567,77084,693,58907,6572,135991,California
Fresno,2021-02-28,1647,196890,525,95047,1122,101842,0,1,1554,78559,80,58987,1555,137546,California
Fresno,2021-03-01,5099,201989,1327,96374,3772,105614,0,1,3695,80868,1390,60377,3699,141245,California
Fresno,2021-03-02,9857,211846,3391,99765,6466,112080,0,1,8467,87996,1366,61743,8494,149739,California
Fresno,2021-03-03,7012,218858,1758,101523,5253,117333,1,2,6010,93128,988,62731,6120,155859,California
Fresno,2021-03-04,10443,229301,4125,105648,6318,123651,0,2,8701,100123,1715,64446,8710,164569,California
Fresno,2021-03-05,9338,238639,3627,109275,5709,129360,2,4,8047,107084,1162,65608,8123,172692,California
Fresno,2021-03-06,7017,245656,3960,113235,2939,132299,118,122,6018,112235,990,66598,6141,178833,California
Fresno,2021-03-07,1490,247146,676,113911,776,133075,38,160,1261,113309,226,66824,1300,180133,California
Fresno,2021-03-08,5326,252472,2054,115965,3121,136196,151,311,4036,116229,1279,68103,4199,184332,California
Fresno,2021-03-09,8642,261114,3796,119761,4575,140771,271,582,4655,117227,3965,72068,4963,189295,California
Fresno,2021-03-10,6885,267999,2857,122618,3640,144411,388,970,5386,121519,1490,73558,5782,195077,California
Fresno,2021-03-11,11595,279594,4576,127194,6473,150884,546,1516,6314,123201,5255,78813,6937,202014,California
Fresno,2021-03-12,12028,291622,5135,132329,6466,157350,427,1943,9041,129840,2968,81781,9607,211621,California
Fresno,2021-03-13,8324,299946,4055,136384,3253,160603,1016,2959,4022,130673,4281,86062,5114,216735,California
Fresno,2021-03-14,1770,301716,480,136864,1000,161603,290,3249,668,130541,1090,87152,958,217693,California
Fresno,2021-03-15,7135,308851,3169,140033,3789,165392,177,3426,4929,133651,2192,89344,5302,222995,California
Fresno,2021-03-16,10221,319072,4547,144580,5283,170675,391,3817,5418,134785,4772,94116,5906,228901,California
Fresno,2021-03-17,8727,327799,3990,148570,4028,174703,709,4526,5907,139011,2797,96913,7023,235924,California
Fresno,2021-03-18,12470,340269,6727,155297,5069,179772,674,5200,6988,141728,5434,102347,8151,244075,California
Fresno,2021-03-19,11175,351444,5892,161189,4671,184443,612,5812,6843,145256,4301,106648,7829,251904,California
Fresno,2021-03-20,7611,359055,4594,165783,2690,187133,327,6139,3761,145837,3825,110473,4406,256310,California
Fresno,2021-03-21,1794,360849,1203,166986,212,187345,379,6518,971,146373,815,111288,1351,257661,California
Fresno,2021-03-22,5675,366524,2901,169887,2176,189521,598,7116,3796,149143,1863,113151,4633,262294,California
Fresno,2021-03-23,10581,377105,5257,175144,4816,194337,508,7624,5052,149641,5505,118656,6003,268297,California
Fresno,2021-03-24,8862,385967,3840,178984,4192,198529,830,8454,4972,151644,3853,122509,5856,274153,California
Fresno,2021-03-25,12209,398176,5689,184673,5706,204235,814,9268,4743,149870,7414,129923,5640,279793,California
Fresno,2021-03-26,12216,410392,5454,190127,6119,210354,643,9911,4440,147257,7721,137644,5108,284901,California
Fresno,2021-03-27,10046,420438,4777,194904,4183,214537,1086,10997,2961,144264,7046,144690,4053,288954,California
Fresno,2021-03-28,3426,423864,1320,196224,1409,215946,697,11694,1110,144211,2308,146998,2255,291209,California
Fresno,2021-03-29,5989,429853,2006,198230,3447,219393,536,12230,2889,144580,3071,150069,3440,294649,California
Fresno,2021-03-30,10988,440841,4268,202498,5826,225219,894,13124,3826,142170,7131,157200,4721,299370,California
Fresno,2021-03-31,9704,450545,3377,205875,5320,230539,1007,14131,3673,140857,5986,163186,4673,304043,California
Fresno,2021-04-01,12185,462730,4197,210072,7117,237656,871,15002,4035,137673,8046,171232,4862,308905,California
Fresno,2021-04-02,12066,474796,4626,214698,6660,244316,780,15782,4263,135083,7640,178872,5050,313955,California
Fresno,2021-04-03,6420,481216,3532,218230,2629,246945,259,16041,2150,133276,4251,183123,2444,316399,California
Fresno,2021-04-04,1505,482721,536,218766,924,247869,45,16086,547,132922,947,184070,593,316992,California
Fresno,2021-04-05,8331,491052,4472,223238,3053,250922,806,16892,2448,130379,5866,189936,3323,320315,California
Fresno,2021-04-06,9638,500690,4042,227280,4408,255330,1188,18080,3555,129096,6042,195978,4759,325074,California
Fresno,2021-04-07,10609,511299,5493,232773,3900,259230,1216,19296,3535,126844,7027,203005,4775,329849,California
Fresno,2021-04-08,10963,522262,5178,237951,4620,263850,1165,20461,3436,124009,7476,210481,4641,334490,California
Fresno,2021-04-09,11268,533530,5352,243303,4513,268363,1403,21864,3614,121438,7605,218086,5034,339524,California
Fresno,2021-04-10,7879,541409,5145,248448,2213,270576,521,22385,3672,121433,4196,222282,4191,343715,California
Fresno,2021-04-11,1389,542798,933,249381,365,270941,91,22476,446,121033,938,223220,538,344253,California
Fresno,2021-04-12,7501,550299,4040,253421,2533,273474,928,23404,2418,119324,5053,228273,3344,347597,California
Fresno,2021-04-13,9038,559337,4318,257739,4651,278125,69,23473,3528,117551,5471,233744,3698,351295,California
Fresno,2021-04-14,9726,569063,5801,263540,3924,282049,1,23474,3780,115478,5902,239646,3829,355124,California
Fresno,2021-04-15,8485,577548,4229,267769,4253,286302,3,23477,3218,113463,5238,244884,3223,358347,California
Fresno,2021-04-16,9599,587147,4675,272444,4922,291224,2,23479,3943,111801,5612,250496,3950,362297,California
Fresno,2021-04-17,5646,592793,3770,276214,1876,293100,0,23479,2694,111569,2928,253424,2696,364993,California
Fresno,2021-04-18,1039,593832,563,276777,476,293576,0,23479,477,111490,557,253981,478,365471,California
Fresno,2021-04-19,5606,599438,3050,279827,2553,296129,3,23482,2275,110481,3291,257272,2282,367753,California
Fresno,2021-04-20,6965,606403,3451,283278,3505,299634,9,23491,2651,108861,4289,261561,2669,370422,California
Fresno,2021-04-21,6394,612797,3540,286818,2845,302479,9,23500,2667,107851,3690,265251,2680,373102,California
Fresno,2021-04-22,6339,619136,3155,289973,3183,305662,1,23501,2311,106201,3967,269218,2317,375419,California
Fresno,2021-04-23,7108,626244,3825,293798,3266,308928,17,23518,2724,104637,4293,273511,2729,378148,California
Fresno,2021-04-24,4163,630407,2493,296291,1670,310598,0,23518,1917,104321,2233,275744,1917,380065,California
Fresno,2021-04-25,1371,631778,551,296842,817,311415,3,23521,684,104327,681,276425,687,380752,California
Fresno,2021-04-26,4239,636017,2139,298981,2055,313470,45,23566,1800,103764,2408,278833,1845,382597,California
Fresno,2021-04-27,4835,640852,2447,301428,2263,315733,125,23691,1896,102869,2915,281748,2020,384617,California
Fresno,2021-04-28,4772,645624,2667,304095,1975,317708,130,23821,1987,102225,2762,284510,2118,386735,California
Fresno,2021-04-29,4796,650420,2659,306754,2001,319709,136,23957,1812,101219,2952,287462,1946,388681,California
Fresno,2021-04-30,5420,655840,3291,310045,1997,321706,132,24089,2165,100291,3224,290686,2296,390977,California
Fresno,2021-05-01,4180,660020,3446,313491,596,322302,138,24227,1230,98726,2931,293617,1366,392343,California
Fresno,2021-05-02,1251,661271,773,314264,427,322729,51,24278,617,98771,622,294239,667,393010,California
Fresno,2021-05-03,4046,665317,2699,316963,1156,323885,191,24469,1307,97553,2711,296950,1493,394503,California
Fresno,2021-05-04,4835,670152,2501,319464,2182,326067,152,24621,1547,95994,3260,300210,1701,396204,California
Fresno,2021-05-05,5097,675249,3142,322606,1730,327797,225,24846,1588,94322,3482,303692,1810,398014,California
Fresno,2021-05-06,4126,679375,2546,325152,1477,329274,103,24949,1410,93149,2686,306378,1513,399527,California
Fresno,2021-05-07,5016,684391,3286,328438,1563,330837,167,25116,1552,91425,3440,309818,1716,401243,California
Fresno,2021-05-08,3903,688294,2491,330929,1264,332101,148,25264,1171,90036,2709,312527,1320,402563,California
Fresno,2021-05-09,672,688966,344,331273,285,332386,43,25307,333,90079,333,312860,376,402939,California
Fresno,2021-05-10,2967,691933,1581,332854,1245,333631,141,25448,925,89113,2032,314892,1066,404005,California
Fresno,2021-05-11,3746,695679,1927,334781,1726,335357,93,25541,1203,87878,2531,317423,1296,405301,California
Fresno,2021-05-12,3997,699676,2562,337343,1271,336628,164,25705,1453,86975,2520,319943,1617,406918,California
Fresno,2021-05-13,3845,703521,2129,339472,1613,338241,103,25808,1736,86744,2070,322013,1839,408757,California
Fresno,2021-05-14,5036,708557,3015,342487,1838,340079,183,25991,2146,86218,2857,324870,2331,411088,California
Fresno,2021-05-15,3580,712137,2673,345160,777,340856,130,26121,1816,86409,1754,326624,1945,413033,California
Fresno,2021-05-16,1449,713586,948,346108,467,341323,34,26155,814,86629,629,327253,849,413882,California
Fresno,2021-05-17,4171,717757,2823,348931,1189,342512,159,26314,2249,87142,1893,329146,2406,416288,California
Fresno,2021-05-18,4103,721860,2534,351465,1416,343928,153,26467,2095,87402,1985,331131,2245,418533,California
Fresno,2021-05-19,4336,726196,2762,354227,1400,345328,174,26641,2105,87472,2208,333339,2278,420811,California
Fresno,2021-05-20,4094,730290,2441,356668,1465,346793,188,26829,1911,87404,2165,335504,2097,422908,California
Fresno,2021-05-21,4562,734852,2982,359650,1487,348280,93,26922,2073,87110,2458,337962,2164,425072,California
Fresno,2021-05-22,3942,738794,2923,362573,844,349124,175,27097,2275,87907,1651,339613,2448,427520,California
Fresno,2021-05-23,907,739701,576,363149,301,349425,30,27127,466,87972,431,340044,496,428016,California
Fresno,2021-05-24,3221,742922,2022,365171,1085,350510,114,27241,1494,87876,1704,341748,1608,429624,California
Fresno,2021-05-25,3205,746127,1926,367097,1155,351665,124,27365,1369,87547,1822,343570,1493,431117,California
Fresno,2021-05-26,3243,749370,2142,369239,995,352660,106,27471,1655,87738,1568,345138,1759,432876,California
Fresno,2021-05-27,3135,752505,1910,371149,1118,353778,107,27578,1415,87566,1695,346833,1523,434399,California
Fresno,2021-05-28,3421,755926,2207,373356,1119,354897,95,27673,1894,88048,1508,348341,1990,436389,California
Fresno,2021-05-29,2284,758210,1664,375020,549,355446,71,27744,1257,88360,1017,349358,1329,437718,California
Fresno,2021-05-30,890,759100,535,375555,320,355766,35,27779,429,88380,444,349802,464,438182,California
Fresno,2021-05-31,318,759418,160,375715,146,355912,12,27791,136,88350,176,349978,146,438328,California
Fresno,2021-06-01,3010,762428,1811,377526,1104,357016,95,27886,1220,87899,1766,351744,1315,439643,California
Fresno,2021-06-02,2658,765086,1714,379240,854,357870,90,27976,1090,87542,1539,353283,1182,440825,California
Fresno,2021-06-03,2944,768030,2021,381261,821,358691,102,28078,1197,87114,1725,355008,1297,442122,California
Fresno,2021-06-04,3235,771265,2349,383610,786,359477,100,28178,1123,86250,2088,357096,1224,443346,California
Fresno,2021-06-05,3104,774369,2292,385902,692,360169,120,28298,1249,85787,1831,358927,1368,444714,California
Fresno,2021-06-06,1164,775533,926,386828,201,360370,37,28335,413,85491,746,359673,450,445164,California
Fresno,2021-06-07,3076,778609,2424,389252,563,360933,89,28424,896,84317,2159,361832,985,446149,California
Fresno,2021-06-08,2624,781233,1956,391208,600,361533,68,28492,814,83398,1801,363633,882,447031,California
Fresno,2021-06-09,2940,784173,2197,393405,653,362186,90,28582,976,82518,1946,365579,1066,448097,California
Fresno,2021-06-10,2641,786814,1919,395324,652,362838,70,28652,925,81816,1696,367275,994,449091,California
Fresno,2021-06-11,3132,789946,2199,397523,823,363661,110,28762,1168,81167,1927,369202,1278,450369,California
Fresno,2021-06-12,2893,792839,2286,399809,442,364103,165,28927,777,80001,2103,371305,937,451306,California
Fresno,2021-06-13,711,793550,460,400269,234,364337,17,28944,201,79714,505,371810,218,451524,California
Fresno,2021-06-14,2497,796047,1822,402091,547,364884,128,29072,967,79295,1512,373322,1093,452617,California
Fresno,2021-06-15,2369,798416,1702,403793,591,365475,76,29148,940,78897,1413,374735,1015,453632,California
Fresno,2021-06-16,2608,801024,1881,405674,614,366089,113,29261,1035,78482,1561,376296,1146,454778,California
Fresno,2021-06-17,2235,803259,1569,407243,575,366664,91,29352,945,78239,1277,377573,1034,455812,California
Fresno,2021-06-18,2958,806217,2119,409362,722,367386,117,29469,1200,77814,1743,379316,1318,457130,California
Fresno,2021-06-19,1690,807907,1249,410611,365,367751,76,29545,583,77368,1103,380419,657,457787,California
Fresno,2021-06-20,495,808402,349,410960,135,367886,11,29556,186,77261,304,380723,197,457984,California
Fresno,2021-06-21,851,809253,529,411489,266,368152,56,29612,477,77425,368,381091,532,458516,California
Glenn,2020-12-17,1,1,1,1,0,0,0,0,1,1,0,0,1,1,California
Glenn,2020-12-20,1,2,1,2,0,0,0,0,1,2,0,0,1,2,California
Glenn,2020-12-21,10,12,10,12,0,0,0,0,10,12,0,0,10,12,California
Glenn,2020-12-22,58,70,58,70,0,0,0,0,58,70,0,0,58,70,California
Glenn,2020-12-23,28,98,28,98,0,0,0,0,28,98,0,0,28,98,California
Glenn,2020-12-24,9,107,9,107,0,0,0,0,9,107,0,0,9,107,California
Glenn,2020-12-26,2,109,2,109,0,0,0,0,2,109,0,0,2,109,California
Glenn,2020-12-27,4,113,4,113,0,0,0,0,4,113,0,0,4,113,California
Glenn,2020-12-28,20,133,20,133,0,0,0,0,20,133,0,0,20,133,California
Glenn,2020-12-29,82,215,82,215,0,0,0,0,82,215,0,0,82,215,California
Glenn,2020-12-30,127,342,104,319,23,23,0,0,127,342,0,0,127,342,California
Glenn,2020-12-31,37,379,8,327,29,52,0,0,37,379,0,0,37,379,California
Glenn,2021-01-02,4,383,4,331,0,52,0,0,4,383,0,0,4,383,California
Glenn,2021-01-04,7,390,5,336,2,54,0,0,7,390,0,0,7,390,California
Glenn,2021-01-05,12,402,9,345,3,57,0,0,12,402,0,0,12,402,California
Glenn,2021-01-06,59,461,8,353,51,108,0,0,59,461,0,0,59,461,California
Glenn,2021-01-07,65,526,11,364,54,162,0,0,64,524,1,1,64,525,California
Glenn,2021-01-08,12,538,9,373,3,165,0,0,12,536,0,1,12,537,California
Glenn,2021-01-10,1,539,1,374,0,165,0,0,0,535,1,2,0,537,California
Glenn,2021-01-11,28,567,28,402,0,165,0,0,12,531,16,18,12,549,California
Glenn,2021-01-12,43,610,38,440,5,170,0,0,14,516,29,47,14,563,California
Glenn,2021-01-13,219,829,156,596,63,233,0,0,176,649,43,90,176,739,California
Glenn,2021-01-14,120,949,31,627,89,322,0,0,110,749,10,100,110,849,California
Glenn,2021-01-15,41,990,34,661,7,329,0,0,36,780,5,105,36,885,California
Glenn,2021-01-16,33,1023,14,675,19,348,0,0,23,793,10,115,23,908,California
Glenn,2021-01-17,5,1028,3,678,2,350,0,0,2,792,3,118,2,910,California
Glenn,2021-01-18,17,1045,16,694,1,351,0,0,9,793,8,126,9,919,California
Glenn,2021-01-19,30,1075,20,714,10,361,0,0,13,789,17,143,13,932,California
Glenn,2021-01-20,162,1237,93,807,69,430,0,0,82,791,80,223,82,1014,California
Glenn,2021-01-21,119,1356,93,900,26,456,0,0,29,730,90,313,29,1043,California
Glenn,2021-01-22,343,1699,64,964,279,735,0,0,336,1059,7,320,336,1379,California
Glenn,2021-01-23,16,1715,10,974,6,741,0,0,12,1067,4,324,12,1391,California
Glenn,2021-01-24,2,1717,2,976,0,741,0,0,2,1069,0,324,2,1393,California
Glenn,2021-01-25,27,1744,9,985,18,759,0,0,24,1090,3,327,24,1417,California
Glenn,2021-01-26,31,1775,15,1000,16,775,0,0,24,1107,7,334,24,1441,California
Glenn,2021-01-27,189,1964,12,1012,177,952,0,0,167,1252,22,356,167,1608,California
Glenn,2021-01-28,148,2112,8,1020,140,1092,0,0,118,1340,30,386,118,1726,California
Glenn,2021-01-29,300,2412,12,1032,288,1380,0,0,286,1612,14,400,286,2012,California
Glenn,2021-01-30,3,2415,0,1032,3,1383,0,0,3,1615,0,400,3,2015,California
Glenn,2021-01-31,1,2416,0,1032,1,1384,0,0,1,1616,0,400,1,2016,California
Glenn,2021-02-01,31,2447,11,1043,20,1404,0,0,19,1623,12,412,19,2035,California
Glenn,2021-02-02,31,2478,16,1059,15,1419,0,0,21,1634,10,422,21,2056,California
Glenn,2021-02-03,276,2754,126,1185,150,1569,0,0,131,1622,145,567,133,2189,California
Glenn,2021-02-04,84,2838,17,1202,67,1636,0,0,27,1594,57,624,29,2218,California
Glenn,2021-02-05,326,3164,25,1227,301,1937,0,0,305,1878,21,645,305,2523,California
Glenn,2021-02-06,18,3182,2,1229,16,1953,0,0,17,1894,1,646,17,2540,California
Glenn,2021-02-07,2,3184,2,1231,0,1953,0,0,2,1896,0,646,2,2542,California
Glenn,2021-02-08,20,3204,17,1248,3,1956,0,0,4,1884,16,662,4,2546,California
Glenn,2021-02-09,50,3254,19,1267,31,1987,0,0,35,1904,15,677,35,2581,California
Glenn,2021-02-10,136,3390,18,1285,118,2105,0,0,66,1900,70,747,66,2647,California
Glenn,2021-02-11,235,3625,134,1419,101,2206,0,0,152,1968,84,831,152,2799,California
Glenn,2021-02-12,417,4042,98,1517,319,2525,0,0,353,2257,64,895,353,3152,California
Glenn,2021-02-13,37,4079,9,1526,28,2553,0,0,17,2254,20,915,17,3169,California
Glenn,2021-02-14,1,4080,0,1526,1,2554,0,0,1,2255,0,915,1,3170,California
Glenn,2021-02-15,9,4089,0,1526,9,2563,0,0,8,2262,1,916,8,3178,California
Glenn,2021-02-16,39,4128,9,1535,30,2593,0,0,21,2265,18,934,21,3199,California
Glenn,2021-02-17,379,4507,13,1548,366,2959,0,0,303,2492,76,1010,303,3502,California
Glenn,2021-02-18,136,4643,101,1649,35,2994,0,0,112,2580,24,1034,112,3614,California
Glenn,2021-02-19,307,4950,16,1665,291,3285,0,0,28,2329,279,1313,28,3642,California
Glenn,2021-02-20,9,4959,0,1665,9,3294,0,0,1,2322,8,1321,1,3643,California
Glenn,2021-02-21,1,4960,1,1666,0,3294,0,0,1,2323,0,1321,1,3644,California
Glenn,2021-02-22,33,4993,14,1680,19,3313,0,0,16,2322,17,1338,16,3660,California
Glenn,2021-02-23,40,5033,10,1690,30,3343,0,0,28,2338,12,1350,28,3688,California
Glenn,2021-02-24,252,5285,49,1739,203,3546,0,0,45,2176,207,1557,45,3733,California
Glenn,2021-02-25,234,5519,120,1859,114,3660,0,0,120,2182,114,1671,120,3853,California
Glenn,2021-02-26,308,5827,23,1882,285,3945,0,0,20,1915,287,1958,20,3873,California
Glenn,2021-02-27,13,5840,4,1886,9,3954,0,0,5,1913,7,1965,5,3878,California
Glenn,2021-02-28,6,5846,3,1889,3,3957,0,0,3,1914,2,1967,3,3881,California
Glenn,2021-03-01,28,5874,6,1895,22,3979,0,0,12,1910,16,1983,12,3893,California
Glenn,2021-03-02,35,5909,8,1903,27,4006,0,0,17,1909,18,2001,17,3910,California
Glenn,2021-03-03,192,6101,38,1941,154,4160,0,0,101,1921,89,2090,101,4011,California
Glenn,2021-03-04,517,6618,175,2116,342,4502,0,0,370,2144,147,2237,370,4381,California
Glenn,2021-03-05,361,6979,47,2163,314,4816,0,0,34,1851,327,2564,34,4415,California
Glenn,2021-03-06,30,7009,3,2166,26,4842,1,1,9,1840,21,2585,10,4425,California
Glenn,2021-03-07,5,7014,0,2166,5,4847,0,1,3,1842,1,2586,3,4428,California
Glenn,2021-03-08,19,7033,2,2168,16,4863,1,2,17,1858,2,2588,18,4446,California
Glenn,2021-03-09,82,7115,11,2179,68,4931,3,5,53,1884,29,2617,55,4501,California
Glenn,2021-03-10,172,7287,69,2248,101,5032,2,7,95,1904,77,2694,97,4598,California
Glenn,2021-03-11,587,7874,169,2417,395,5427,23,30,457,2254,130,2824,480,5078,California
Glenn,2021-03-12,418,8292,13,2430,342,5769,63,93,41,1981,377,3201,104,5182,California
Glenn,2021-03-13,13,8305,1,2431,4,5773,8,101,1,1978,12,3213,9,5191,California
Glenn,2021-03-14,2,8307,1,2432,1,5774,0,101,0,1976,2,3215,0,5191,California
Glenn,2021-03-15,76,8383,15,2447,56,5830,5,106,61,2027,15,3230,66,5257,California
Glenn,2021-03-16,110,8493,34,2481,65,5895,11,117,69,2066,41,3271,80,5337,California
Glenn,2021-03-17,419,8912,100,2581,312,6207,7,124,117,1886,302,3573,122,5459,California
Glenn,2021-03-18,523,9435,217,2798,49,6256,257,381,143,1905,380,3953,399,5858,California
Glenn,2021-03-19,96,9531,16,2814,74,6330,6,387,75,1966,20,3973,81,5939,California
Glenn,2021-03-20,133,9664,2,2816,130,6460,1,388,130,2094,3,3976,131,6070,California
Glenn,2021-03-21,6,9670,5,2821,0,6460,1,389,3,2096,2,3978,4,6074,California
Glenn,2021-03-22,122,9792,54,2875,61,6521,7,396,103,2189,17,3995,110,6184,California
Glenn,2021-03-23,174,9966,66,2941,60,6581,48,444,103,2271,69,4064,151,6335,California
Glenn,2021-03-24,209,10175,102,3043,102,6683,5,449,134,2337,73,4137,139,6474,California
Glenn,2021-03-25,472,10647,229,3272,149,6832,94,543,346,2652,125,4262,440,6914,California
Glenn,2021-03-26,240,10887,36,3308,168,7000,36,579,190,2828,50,4312,226,7140,California
Glenn,2021-03-27,165,11052,18,3326,141,7141,6,585,154,2977,11,4323,160,7300,California
Glenn,2021-03-28,15,11067,10,3336,5,7146,0,585,10,2982,5,4328,10,7310,California
Glenn,2021-03-29,61,11128,20,3356,38,7184,3,588,47,3018,14,4342,50,7360,California
Glenn,2021-03-30,71,11199,40,3396,30,7214,1,589,42,3034,27,4369,43,7403,California
Glenn,2021-03-31,123,11322,35,3431,87,7301,1,590,54,3021,68,4437,55,7458,California
Glenn,2021-04-01,652,11974,186,3617,457,7758,9,599,244,2868,406,4843,253,7711,California
Glenn,2021-04-02,168,12142,26,3643,131,7889,11,610,133,2977,35,4878,144,7855,California
Glenn,2021-04-03,96,12238,4,3647,85,7974,7,617,85,3058,11,4889,92,7947,California
Glenn,2021-04-04,9,12247,3,3650,4,7978,2,619,5,3061,4,4893,7,7954,California
Glenn,2021-04-05,66,12313,25,3675,28,8006,13,632,29,3066,37,4930,42,7996,California
Glenn,2021-04-06,143,12456,52,3727,52,8058,39,671,36,3034,106,5036,74,8070,California
Glenn,2021-04-07,162,12618,48,3775,60,8118,54,725,75,3076,87,5123,129,8199,California
Glenn,2021-04-08,645,13263,190,3965,421,8539,34,759,137,2741,506,5629,171,8370,California
Glenn,2021-04-09,158,13421,56,4021,86,8625,16,775,101,2801,57,5686,117,8487,California
Glenn,2021-04-10,76,13497,1,4022,61,8686,14,789,59,2858,16,5702,73,8560,California
Glenn,2021-04-11,16,13513,8,4030,3,8689,5,794,7,2861,9,5711,12,8572,California
Glenn,2021-04-12,116,13629,25,4055,62,8751,29,823,21,2816,95,5806,50,8622,California
Glenn,2021-04-13,118,13747,63,4118,55,8806,0,823,30,2758,88,5894,30,8652,California
Glenn,2021-04-14,122,13869,45,4163,77,8883,0,823,69,2774,53,5947,69,8721,California
Glenn,2021-04-15,362,14231,276,4439,86,8969,0,823,122,2657,239,6186,122,8843,California
Glenn,2021-04-16,168,14399,42,4481,126,9095,0,823,79,2647,89,6275,79,8922,California
Glenn,2021-04-17,168,14567,16,4497,152,9247,0,823,29,2545,131,6406,29,8951,California
Glenn,2021-04-18,16,14583,3,4500,13,9260,0,823,13,2555,3,6409,13,8964,California
Glenn,2021-04-19,84,14667,17,4517,67,9327,0,823,23,2518,60,6469,23,8987,California
Glenn,2021-04-20,125,14792,80,4597,45,9372,0,823,52,2497,73,6542,52,9039,California
Glenn,2021-04-21,420,15212,319,4916,101,9473,0,823,287,2653,133,6675,289,9328,California
Glenn,2021-04-22,212,15424,48,4964,164,9637,0,823,33,2508,178,6853,33,9361,California
Glenn,2021-04-23,180,15604,24,4988,156,9793,0,823,41,2411,138,6991,41,9402,California
Glenn,2021-04-24,181,15785,32,5020,149,9942,0,823,31,2292,150,7141,31,9433,California
Glenn,2021-04-25,30,15815,18,5038,12,9954,0,823,22,2306,8,7149,22,9455,California
Glenn,2021-04-26,48,15863,12,5050,36,9990,0,823,19,2296,29,7178,19,9474,California
Glenn,2021-04-27,64,15927,49,5099,10,10000,5,828,32,2301,31,7209,36,9510,California
Glenn,2021-04-28,258,16185,178,5277,69,10069,11,839,129,2313,128,7337,140,9650,California
Glenn,2021-04-29,183,16368,23,5300,158,10227,2,841,36,2204,147,7484,38,9688,California
Glenn,2021-04-30,156,16524,34,5334,120,10347,2,843,37,2124,119,7603,39,9727,California
Glenn,2021-05-01,108,16632,13,5347,94,10441,1,844,25,2067,83,7686,26,9753,California
Glenn,2021-05-02,30,16662,12,5359,9,10450,9,853,15,2076,15,7701,24,9777,California
Glenn,2021-05-03,39,16701,24,5383,14,10464,1,854,14,2066,25,7726,15,9792,California
Glenn,2021-05-04,56,16757,32,5415,19,10483,5,859,28,2071,28,7754,33,9825,California
Glenn,2021-05-05,121,16878,34,5449,77,10560,10,869,51,2062,70,7824,61,9886,California
Glenn,2021-05-06,111,16989,41,5490,65,10625,5,874,41,2038,70,7894,46,9932,California
Glenn,2021-05-07,120,17109,33,5523,78,10703,9,883,30,1988,89,7983,39,9971,California
Glenn,2021-05-08,66,17175,12,5535,50,10753,4,887,21,1969,44,8027,25,9996,California
Glenn,2021-05-09,17,17192,11,5546,6,10759,0,887,13,1978,4,8031,13,10009,California
Glenn,2021-05-10,36,17228,14,5560,17,10776,5,892,13,1973,23,8054,18,10027,California
Glenn,2021-05-11,78,17306,55,5615,14,10790,9,901,16,1936,62,8116,25,10052,California
Glenn,2021-05-12,335,17641,252,5867,69,10859,14,915,54,1723,281,8397,68,10120,California
Glenn,2021-05-13,156,17797,60,5927,78,10937,18,933,69,1723,87,8484,87,10207,California
Glenn,2021-05-14,106,17903,25,5952,76,11013,5,938,39,1700,67,8551,44,10251,California
Glenn,2021-05-15,68,17971,40,5992,25,11038,3,941,35,1705,32,8583,37,10288,California
Glenn,2021-05-16,31,18002,18,6010,13,11051,0,941,9,1692,22,8605,9,10297,California
Glenn,2021-05-17,86,18088,61,6071,21,11072,4,945,60,1730,26,8631,64,10361,California
Glenn,2021-05-18,70,18158,49,6120,16,11088,5,950,22,1709,48,8679,27,10388,California
Glenn,2021-05-19,196,18354,116,6236,68,11156,12,962,74,1673,121,8800,85,10473,California
Glenn,2021-05-20,117,18471,75,6311,40,11196,2,964,82,1722,35,8835,84,10557,California
Glenn,2021-05-21,70,18541,26,6337,43,11239,1,965,30,1713,40,8875,31,10588,California
Glenn,2021-05-22,55,18596,24,6361,31,11270,0,965,28,1714,27,8902,28,10616,California
Glenn,2021-05-23,28,18624,15,6376,13,11283,0,965,12,1711,15,8917,12,10628,California
Glenn,2021-05-24,29,18653,10,6386,15,11298,4,969,10,1707,18,8935,14,10642,California
Glenn,2021-05-25,46,18699,35,6421,9,11307,2,971,23,1709,23,8958,25,10667,California
Glenn,2021-05-26,73,18772,14,6435,55,11362,4,975,25,1690,48,9006,29,10696,California
Glenn,2021-05-27,101,18873,62,6497,38,11400,1,976,47,1686,52,9058,48,10744,California
Glenn,2021-05-28,62,18935,18,6515,37,11437,7,983,32,1695,30,9088,39,10783,California
Glenn,2021-05-29,47,18982,11,6526,32,11469,4,987,21,1694,26,9114,25,10808,California
Glenn,2021-05-30,21,19003,13,6539,8,11477,0,987,8,1690,12,9126,8,10816,California
Glenn,2021-05-31,4,19007,0,6539,4,11481,0,987,0,1686,4,9130,0,10816,California
Glenn,2021-06-01,57,19064,32,6571,22,11503,3,990,25,1682,32,9162,28,10844,California
Glenn,2021-06-02,97,19161,48,6619,46,11549,3,993,38,1664,59,9221,41,10885,California
Glenn,2021-06-03,77,19238,43,6662,27,11576,7,1000,18,1632,57,9278,25,10910,California
Glenn,2021-06-04,78,19316,36,6698,37,11613,5,1005,41,1641,37,9315,46,10956,California
Glenn,2021-06-05,55,19371,30,6728,22,11635,3,1008,17,1623,38,9353,20,10976,California
Glenn,2021-06-06,31,19402,28,6756,2,11637,1,1009,15,1624,15,9368,16,10992,California
Glenn,2021-06-07,68,19470,59,6815,7,11644,2,1011,13,1585,54,9422,15,11007,California
Glenn,2021-06-08,35,19505,19,6834,11,11655,5,1016,16,1587,19,9441,21,11028,California
Glenn,2021-06-09,62,19567,34,6868,21,11676,7,1023,31,1594,31,9472,38,11066,California
Glenn,2021-06-10,116,19683,85,6953,25,11701,6,1029,34,1552,82,9554,40,11106,California
Glenn,2021-06-11,86,19769,56,7009,27,11728,3,1032,24,1517,62,9616,27,11133,California
Glenn,2021-06-12,35,19804,19,7028,13,11741,3,1035,13,1511,22,9638,16,11149,California
Glenn,2021-06-13,11,19815,11,7039,0,11741,0,1035,5,1510,6,9644,5,11154,California
Glenn,2021-06-14,40,19855,27,7066,10,11751,3,1038,17,1508,22,9666,20,11174,California
Glenn,2021-06-15,48,19903,33,7099,14,11765,1,1039,24,1509,24,9690,25,11199,California
Glenn,2021-06-16,84,19987,50,7149,33,11798,1,1040,57,1542,25,9715,58,11257,California
Glenn,2021-06-17,62,20049,36,7185,22,11820,4,1044,8,1500,54,9769,12,11269,California
Glenn,2021-06-18,82,20131,45,7230,16,11836,21,1065,28,1495,54,9823,49,11318,California
Glenn,2021-06-19,40,20171,20,7250,20,11856,0,1065,23,1501,17,9840,23,11341,California
Glenn,2021-06-20,15,20186,11,7261,4,11860,0,1065,4,1494,11,9851,4,11345,California
Glenn,2021-06-21,15,20201,7,7268,7,11867,1,1066,9,1498,6,9857,10,11355,California
Humboldt,2020-12-15,2,2,2,2,0,0,0,0,2,2,0,0,2,2,California
Humboldt,2020-12-16,16,18,16,18,0,0,0,0,16,18,0,0,16,18,California
Humboldt,2020-12-17,117,135,117,135,0,0,0,0,117,135,0,0,117,135,California
Humboldt,2020-12-18,177,312,177,312,0,0,0,0,177,312,0,0,177,312,California
Humboldt,2020-12-19,10,322,10,322,0,0,0,0,10,322,0,0,10,322,California
Humboldt,2020-12-20,27,349,27,349,0,0,0,0,27,349,0,0,27,349,California
Humboldt,2020-12-21,166,515,166,515,0,0,0,0,166,515,0,0,166,515,California
Humboldt,2020-12-22,335,850,335,850,0,0,0,0,335,850,0,0,335,850,California
Humboldt,2020-12-23,322,1172,264,1114,58,58,0,0,324,1174,0,0,324,1174,California
Humboldt,2020-12-24,25,1197,2,1116,23,81,0,0,25,1199,0,0,25,1199,California
Humboldt,2020-12-25,2,1199,2,1118,0,81,0,0,2,1201,0,0,2,1201,California
Humboldt,2020-12-26,6,1205,5,1123,1,82,0,0,6,1207,0,0,6,1207,California
Humboldt,2020-12-28,207,1412,149,1272,58,140,0,0,207,1414,0,0,207,1414,California
Humboldt,2020-12-29,183,1595,123,1395,60,200,0,0,184,1598,0,0,184,1598,California
Humboldt,2020-12-30,231,1826,126,1521,105,305,0,0,231,1829,0,0,231,1829,California
Humboldt,2020-12-31,246,2072,81,1602,165,470,0,0,246,2075,0,0,246,2075,California
Humboldt,2021-01-01,3,2075,2,1604,1,471,0,0,3,2078,0,0,3,2078,California
Humboldt,2021-01-02,40,2115,2,1606,38,509,0,0,40,2118,0,0,40,2118,California
Humboldt,2021-01-04,218,2333,142,1748,76,585,0,0,219,2337,0,0,219,2337,California
Humboldt,2021-01-05,133,2466,21,1769,112,697,0,0,133,2469,1,1,133,2470,California
Humboldt,2021-01-06,315,2781,215,1984,100,797,0,0,242,2650,61,62,242,2712,California
Humboldt,2021-01-07,435,3216,322,2306,113,910,0,0,318,2868,100,162,318,3030,California
Humboldt,2021-01-08,426,3642,287,2593,139,1049,0,0,287,3022,133,295,287,3317,California
Humboldt,2021-01-09,67,3709,43,2636,24,1073,0,0,65,3086,2,297,66,3383,California
Humboldt,2021-01-10,84,3793,84,2720,0,1073,0,0,4,3010,80,377,4,3387,California
Humboldt,2021-01-11,291,4084,280,3000,11,1084,0,0,71,2865,216,593,71,3458,California
Humboldt,2021-01-12,502,4586,339,3339,163,1247,0,0,285,2955,195,788,285,3743,California
Humboldt,2021-01-13,499,5085,280,3619,219,1466,0,0,320,3100,176,964,321,4064,California
Humboldt,2021-01-14,550,5635,167,3786,383,1849,0,0,494,3539,56,1020,495,4559,California
Humboldt,2021-01-15,367,6002,28,3814,339,2188,0,0,350,3872,17,1037,350,4909,California
Humboldt,2021-01-16,168,6170,5,3819,163,2351,0,0,167,4038,1,1038,167,5076,California
Humboldt,2021-01-17,5,6175,4,3823,1,2352,0,0,5,4043,0,1038,5,5081,California
Humboldt,2021-01-18,305,6480,270,4093,35,2387,0,0,151,4040,154,1192,151,5232,California
Humboldt,2021-01-19,656,7136,397,4490,259,2646,0,0,527,4444,123,1315,527,5759,California
Humboldt,2021-01-20,917,8053,388,4878,529,3175,0,0,754,5045,155,1470,756,6515,California
Humboldt,2021-01-21,970,9023,261,5139,709,3884,0,0,927,5929,43,1513,927,7442,California
Humboldt,2021-01-22,690,9713,382,5521,308,4192,0,0,680,6600,10,1523,681,8123,California
Humboldt,2021-01-23,928,10641,283,5804,645,4837,0,0,919,7511,9,1532,920,9043,California
Humboldt,2021-01-24,229,10870,1,5805,228,5065,0,0,228,7738,1,1533,228,9271,California
Humboldt,2021-01-25,351,11221,234,6039,117,5182,0,0,154,7695,197,1730,154,9425,California
Humboldt,2021-01-26,544,11765,149,6188,395,5577,0,0,480,8111,64,1794,480,9905,California
Humboldt,2021-01-27,1275,13040,586,6774,689,6266,0,0,1203,9252,64,1858,1205,11110,California
Humboldt,2021-01-28,1464,14504,637,7411,827,7093,0,0,1324,10441,137,1995,1326,12436,California
Humboldt,2021-01-29,1164,15668,547,7958,617,7710,0,0,694,10665,470,2465,694,13130,California
Humboldt,2021-01-30,989,16657,468,8426,521,8231,0,0,976,11629,13,2478,977,14107,California
Humboldt,2021-01-31,317,16974,315,8741,2,8233,0,0,316,11944,1,2479,316,14423,California
Humboldt,2021-02-01,340,17314,197,8938,143,8376,0,0,190,11985,150,2629,191,14614,California
Humboldt,2021-02-02,452,17766,79,9017,373,8749,0,0,347,12232,102,2731,349,14963,California
Humboldt,2021-02-03,675,18441,266,9283,409,9158,0,0,521,12599,154,2885,521,15484,California
Humboldt,2021-02-04,653,19094,260,9543,393,9551,0,0,444,12837,206,3091,444,15928,California
Humboldt,2021-02-05,812,19906,94,9637,718,10269,0,0,625,13275,187,3278,625,16553,California
Humboldt,2021-02-06,1076,20982,466,10103,610,10879,0,0,1031,14263,44,3322,1032,17585,California
Humboldt,2021-02-07,379,21361,8,10111,371,11250,0,0,374,14634,4,3326,375,17960,California
Humboldt,2021-02-08,337,21698,146,10257,191,11441,0,0,179,14656,157,3483,179,18139,California
Humboldt,2021-02-09,503,22201,228,10485,275,11716,0,0,178,14509,325,3808,178,18317,California
Humboldt,2021-02-10,563,22764,371,10856,192,11908,0,0,233,14417,325,4133,233,18550,California
Humboldt,2021-02-11,1318,24082,397,11253,921,12829,0,0,494,14092,821,4954,496,19046,California
Humboldt,2021-02-12,1158,25240,742,11995,416,13245,0,0,708,14350,450,5404,708,19754,California
Humboldt,2021-02-13,1542,26782,597,12592,945,14190,0,0,920,14651,620,6024,921,20675,California
Humboldt,2021-02-14,110,26892,4,12596,106,14296,0,0,107,14756,2,6026,107,20782,California
Humboldt,2021-02-15,294,27186,81,12677,213,14509,0,0,193,14849,100,6126,193,20975,California
Humboldt,2021-02-16,544,27730,121,12798,423,14932,0,0,250,14807,294,6420,252,21227,California
Humboldt,2021-02-17,449,28179,277,13075,172,15104,0,0,131,14621,317,6737,131,21358,California
Humboldt,2021-02-18,1021,29200,599,13674,422,15526,0,0,270,14142,749,7486,270,21628,California
Humboldt,2021-02-19,481,29681,436,14110,45,15571,0,0,89,13843,388,7874,89,21717,California
Humboldt,2021-02-20,1724,31405,1026,15136,698,16269,0,0,483,13091,1238,9112,486,22203,California
Humboldt,2021-02-21,480,31885,472,15608,8,16277,0,0,181,12974,299,9411,182,22385,California
Humboldt,2021-02-22,138,32023,94,15702,44,16321,0,0,29,12896,107,9518,29,22414,California
Humboldt,2021-02-23,181,32204,71,15773,110,16431,0,0,44,12805,135,9653,44,22458,California
Humboldt,2021-02-24,1213,33417,741,16514,472,16903,0,0,585,12763,627,10280,585,23043,California
Humboldt,2021-02-25,834,34251,318,16832,516,17419,0,0,231,12393,601,10881,231,23274,California
Humboldt,2021-02-26,2156,36407,108,16940,2048,19467,0,0,445,11134,1705,12586,446,23720,California
Humboldt,2021-02-27,1711,38118,1091,18031,620,20087,0,0,854,11137,855,13441,858,24578,California
Humboldt,2021-02-28,126,38244,11,18042,115,20202,0,0,118,11248,7,13448,118,24696,California
Humboldt,2021-03-01,260,38504,46,18088,214,20416,0,0,186,11360,74,13522,186,24882,California
Humboldt,2021-03-02,299,38803,49,18137,250,20666,0,0,162,11385,137,13659,162,25044,California
Humboldt,2021-03-03,1669,40472,1103,19240,566,21232,0,0,1221,12166,441,14100,1222,26266,California
Humboldt,2021-03-04,924,41396,114,19354,810,22042,0,0,298,11840,626,14726,300,26566,California
Humboldt,2021-03-05,948,42344,189,19543,748,22790,11,11,387,11680,558,15284,398,26964,California
Humboldt,2021-03-06,1796,44140,939,20482,808,23598,49,60,801,11536,994,16278,850,27814,California
Humboldt,2021-03-07,366,44506,294,20776,54,23652,18,78,158,11504,208,16486,176,27990,California
Humboldt,2021-03-08,277,44783,6,20782,192,23844,79,157,181,11669,95,16581,260,28250,California
Humboldt,2021-03-09,502,45285,207,20989,147,23991,148,305,246,11808,254,16835,393,28643,California
Humboldt,2021-03-10,692,45977,468,21457,70,24061,154,459,420,12109,271,17106,572,29215,California
Humboldt,2021-03-11,1478,47455,458,21915,920,24981,100,559,649,12033,824,17930,748,29963,California
Humboldt,2021-03-12,1750,49205,1085,23000,444,25425,221,780,1054,12623,688,18618,1278,31241,California
Humboldt,2021-03-13,1584,50789,1036,24036,497,25922,51,831,670,12435,908,19526,720,31961,California
Humboldt,2021-03-14,142,50931,19,24055,115,26037,8,839,30,12361,112,19638,38,31999,California
Humboldt,2021-03-15,279,51210,51,24106,205,26242,23,862,59,12223,220,19858,82,32081,California
Humboldt,2021-03-16,634,51844,200,24306,173,26415,261,1123,259,12367,374,20232,518,32599,California
Humboldt,2021-03-17,730,52574,393,24699,229,26644,108,1231,340,12426,389,20621,448,33047,California
Humboldt,2021-03-18,1739,54313,1169,25868,527,27171,43,1274,1042,12818,693,21314,1085,34132,California
Humboldt,2021-03-19,1074,55387,61,25929,698,27869,315,1589,441,12943,630,21944,755,34887,California
Humboldt,2021-03-20,1383,56770,756,26685,613,28482,14,1603,424,12425,957,22901,439,35326,California
Humboldt,2021-03-21,250,57020,33,26718,188,28670,29,1632,205,12613,45,22946,233,35559,California
Humboldt,2021-03-22,118,57138,15,26733,53,28723,50,1682,62,12671,54,23000,112,35671,California
Humboldt,2021-03-23,413,57551,41,26774,329,29052,43,1725,319,12941,92,23092,362,36033,California
Humboldt,2021-03-24,1411,58962,386,27160,978,30030,47,1772,1036,13656,367,23459,1082,37115,California
Humboldt,2021-03-25,1842,60804,1214,28374,565,30595,63,1835,946,13771,894,24353,1009,38124,California
Humboldt,2021-03-26,2040,62844,437,28811,1545,32140,58,1893,1594,14982,440,24793,1651,39775,California
Humboldt,2021-03-27,2083,64927,1499,30310,410,32550,174,2067,1104,15285,975,25768,1278,41053,California
Humboldt,2021-03-28,268,65195,82,30392,114,32664,72,2139,81,15253,186,25954,154,41207,California
Humboldt,2021-03-29,466,65661,124,30516,246,32910,96,2235,197,15277,268,26222,292,41499,California
Humboldt,2021-03-30,943,66604,303,30819,526,33436,114,2349,557,15566,381,26603,670,42169,California
Humboldt,2021-03-31,1870,68474,522,31341,1250,34686,98,2447,1410,16620,456,27059,1510,43679,California
Humboldt,2021-04-01,2117,70591,707,32048,1317,36003,93,2540,1482,17568,627,27686,1575,45254,California
Humboldt,2021-04-02,1721,72312,1112,33160,504,36507,105,2645,617,17192,1098,28784,722,45976,California
Humboldt,2021-04-03,1666,73978,1507,34667,145,36652,14,2659,671,16892,985,29769,685,46661,California
Humboldt,2021-04-04,484,74462,371,35038,104,36756,9,2668,403,17224,80,29849,412,47073,California
Humboldt,2021-04-05,780,75242,464,35502,268,37024,48,2716,443,17381,334,30183,491,47564,California
Humboldt,2021-04-06,846,76088,318,35820,394,37418,134,2850,589,17851,251,30434,721,48285,California
Humboldt,2021-04-07,1500,77588,1068,36888,291,37709,141,2991,994,18483,503,30937,1135,49420,California
Humboldt,2021-04-08,1754,79342,1098,37986,497,38206,159,3150,741,18372,1011,31948,900,50320,California
Humboldt,2021-04-09,1441,80783,440,38426,846,39052,155,3305,1152,19384,288,32236,1300,51620,California
Humboldt,2021-04-10,937,81720,138,38564,627,39679,172,3477,740,20099,195,32431,910,52530,California
Humboldt,2021-04-11,646,82366,138,38702,36,39715,472,3949,129,20181,517,32948,599,53129,California
Humboldt,2021-04-12,440,82806,229,38931,85,39800,126,4075,279,20426,160,33108,405,53534,California
Humboldt,2021-04-13,589,83395,325,39256,260,40060,4,4079,557,20957,29,33137,560,54094,California
Humboldt,2021-04-14,1446,84841,1045,40301,401,40461,0,4079,1333,22178,112,33249,1333,55427,California
Humboldt,2021-04-15,1831,86672,1201,41502,626,41087,4,4083,1259,22886,553,33802,1261,56688,California
Humboldt,2021-04-16,1135,87807,522,42024,613,41700,0,4083,550,22854,582,34384,550,57238,California
Humboldt,2021-04-17,1863,89670,1541,43565,322,42022,0,4083,1056,23110,801,35185,1057,58295,California
Humboldt,2021-04-18,667,90337,353,43918,313,42335,1,4084,83,22615,578,35763,83,58378,California
Humboldt,2021-04-19,200,90537,83,44001,117,42452,0,4084,85,22587,113,35876,85,58463,California
Humboldt,2021-04-20,492,91029,128,44129,364,42816,0,4084,242,22583,249,36125,245,58708,California
Humboldt,2021-04-21,1096,92125,384,44513,712,43528,0,4084,435,22367,652,36777,436,59144,California
Humboldt,2021-04-22,881,93006,528,45041,352,43880,1,4085,447,22383,431,37208,447,59591,California
Humboldt,2021-04-23,2166,95172,308,45349,1858,45738,0,4085,314,20849,1848,39056,314,59905,California
Humboldt,2021-04-24,1093,96265,882,46231,206,45944,5,4090,363,20490,727,39783,368,60273,California
Humboldt,2021-04-25,375,96640,240,46471,135,46079,0,4090,193,20503,180,39963,193,60466,California
Humboldt,2021-04-26,355,96995,251,46722,100,46179,4,4094,99,20350,254,40217,101,60567,California
Humboldt,2021-04-27,760,97755,263,46985,468,46647,29,4123,153,19927,605,40822,182,60749,California
Humboldt,2021-04-28,1548,99303,798,47783,705,47352,45,4168,401,19229,1144,41966,446,61195,California
Humboldt,2021-04-29,1743,101046,594,48377,1111,48463,38,4206,294,18116,1445,43411,332,61527,California
Humboldt,2021-04-30,1252,102298,395,48772,823,49286,34,4240,193,17288,1053,44464,225,61752,California
Humboldt,2021-05-01,468,102766,386,49158,60,49346,22,4262,290,17423,177,44641,312,62064,California
Humboldt,2021-05-02,232,102998,185,49343,38,49384,9,4271,117,17435,114,44755,126,62190,California
Humboldt,2021-05-03,615,103613,375,49718,216,49600,24,4295,100,17047,513,45268,125,62315,California
Humboldt,2021-05-04,822,104435,483,50201,293,49893,46,4341,253,16779,566,45834,298,62613,California
Humboldt,2021-05-05,1688,106123,1077,51278,554,50447,57,4398,178,15509,1503,47337,233,62846,California
Humboldt,2021-05-06,1690,107813,1073,52351,364,50811,253,4651,138,14351,1549,48886,391,63237,California
Humboldt,2021-05-07,1418,109231,302,52653,1056,51867,60,4711,237,13468,1178,50064,295,63532,California
Humboldt,2021-05-08,740,109971,146,52799,571,52438,23,4734,90,12932,649,50713,113,63645,California
Humboldt,2021-05-09,910,110881,858,53657,42,52480,10,4744,48,12128,862,51575,58,63703,California
Humboldt,2021-05-10,215,111096,35,53692,142,52622,38,4782,82,12115,133,51708,120,63823,California
Humboldt,2021-05-11,500,111596,148,53840,279,52901,73,4855,187,12062,313,52021,260,64083,California
Humboldt,2021-05-12,620,112216,141,53981,433,53334,46,4901,229,11946,390,52411,274,64357,California
Humboldt,2021-05-13,587,112803,290,54271,270,53604,27,4928,272,11932,313,52724,299,64656,California
Humboldt,2021-05-14,702,113505,141,54412,457,54061,104,5032,231,11798,468,53192,334,64990,California
Humboldt,2021-05-15,781,114286,641,55053,132,54193,8,5040,209,11444,571,53763,217,65207,California
Humboldt,2021-05-16,121,114407,54,55107,63,54256,4,5044,68,11463,53,53816,72,65279,California
Humboldt,2021-05-17,408,114815,215,55322,170,54426,23,5067,228,11535,178,53994,250,65529,California
Humboldt,2021-05-18,663,115478,324,55646,310,54736,29,5096,369,11639,294,54288,398,65927,California
Humboldt,2021-05-19,988,116466,549,56195,396,55132,43,5139,355,11406,629,54917,396,66323,California
Humboldt,2021-05-20,816,117282,606,56801,197,55329,13,5152,594,11795,219,55136,608,66931,California
Humboldt,2021-05-21,875,118157,288,57089,526,55855,61,5213,371,11723,504,55640,432,67363,California
Humboldt,2021-05-22,411,118568,318,57407,85,55940,8,5221,145,11612,264,55904,153,67516,California
Humboldt,2021-05-23,390,118958,323,57730,64,56004,3,5224,72,11369,318,56222,75,67591,California
Humboldt,2021-05-24,325,119283,171,57901,125,56129,29,5253,185,11444,139,56361,214,67805,California
Humboldt,2021-05-25,530,119813,339,58240,167,56296,24,5277,291,11523,236,56597,315,68120,California
Humboldt,2021-05-26,647,120460,311,58551,312,56608,24,5301,312,11525,334,56931,336,68456,California
Humboldt,2021-05-27,464,120924,246,58797,181,56789,37,5338,280,11658,184,57115,317,68773,California
Humboldt,2021-05-28,409,121333,192,58989,170,56959,47,5385,179,11655,229,57344,226,68999,California
Humboldt,2021-05-29,170,121503,101,59090,66,57025,3,5388,97,11682,73,57417,100,69099,California
Humboldt,2021-05-30,104,121607,45,59135,54,57079,5,5393,49,11682,54,57471,54,69153,California
Humboldt,2021-05-31,72,121679,26,59161,40,57119,6,5399,48,11712,23,57494,53,69206,California
Humboldt,2021-06-01,453,122132,264,59425,174,57293,15,5414,198,11670,255,57749,213,69419,California
Humboldt,2021-06-02,532,122664,249,59674,229,57522,54,5468,242,11680,284,58033,294,69713,California
Humboldt,2021-06-03,391,123055,226,59900,143,57665,22,5490,89,11517,274,58307,111,69824,California
Humboldt,2021-06-04,505,123560,315,60215,166,57831,24,5514,133,11345,328,58635,156,69980,California
Humboldt,2021-06-05,406,123966,311,60526,50,57881,45,5559,204,11447,147,58782,249,70229,California
Humboldt,2021-06-06,168,124134,116,60642,43,57924,9,5568,69,11431,94,58876,78,70307,California
Humboldt,2021-06-07,353,124487,216,60858,113,58037,24,5592,113,11329,239,59115,137,70444,California
Humboldt,2021-06-08,524,125011,305,61163,190,58227,29,5621,157,11149,366,59481,186,70630,California
Humboldt,2021-06-09,397,125408,203,61366,147,58374,47,5668,124,11049,271,59752,171,70801,California
Humboldt,2021-06-10,561,125969,444,61810,90,58464,27,5695,98,10713,459,60211,123,70924,California
Humboldt,2021-06-11,437,126406,246,62056,163,58627,28,5723,101,10507,335,60546,129,71053,California
Humboldt,2021-06-12,177,126583,130,62186,46,58673,1,5724,48,10428,128,60674,49,71102,California
Humboldt,2021-06-13,211,126794,142,62328,43,58716,26,5750,88,10420,122,60796,114,71216,California
Humboldt,2021-06-14,414,127208,253,62581,134,58850,27,5777,115,10263,298,61094,141,71357,California
Humboldt,2021-06-15,545,127753,370,62951,147,58997,28,5805,154,10059,385,61479,181,71538,California
Humboldt,2021-06-16,483,128236,322,63273,114,59111,47,5852,140,9912,334,61813,187,71725,California
Humboldt,2021-06-17,393,128629,258,63531,89,59200,46,5898,96,9757,297,62110,142,71867,California
Humboldt,2021-06-18,381,129010,214,63745,139,59339,28,5926,116,9641,259,62369,143,72010,California
Humboldt,2021-06-19,199,129209,135,63880,43,59382,21,5947,85,9633,113,62482,105,72115,California
Humboldt,2021-06-20,78,129287,36,63916,28,59410,14,5961,33,9637,43,62525,47,72162,California
Humboldt,2021-06-21,81,129368,17,63933,37,59447,27,5988,12,9607,69,62594,39,72201,California
Imperial,2020-12-16,1,1,1,1,0,0,0,0,1,1,0,0,1,1,California
Imperial,2020-12-17,4,5,4,5,0,0,0,0,4,5,0,0,4,5,California
Imperial,2020-12-18,12,17,12,17,0,0,0,0,12,17,0,0,12,17,California
Imperial,2020-12-20,3,20,3,20,0,0,0,0,3,20,0,0,3,20,California
Imperial,2020-12-21,185,205,185,205,0,0,0,0,185,205,0,0,185,205,California
Imperial,2020-12-22,240,445,238,443,2,2,0,0,240,445,0,0,240,445,California
Imperial,2020-12-23,212,657,211,654,1,3,0,0,211,656,0,0,211,656,California
Imperial,2020-12-24,7,664,7,661,0,3,0,0,7,663,0,0,7,663,California
Imperial,2020-12-26,4,668,2,663,2,5,0,0,4,667,0,0,4,667,California
Imperial,2020-12-27,62,730,0,663,62,67,0,0,62,729,0,0,62,729,California
Imperial,2020-12-28,216,946,115,778,101,168,0,0,216,945,0,0,216,945,California
Imperial,2020-12-29,192,1138,37,815,155,323,0,0,192,1137,0,0,192,1137,California
Imperial,2020-12-30,368,1506,51,866,317,640,0,0,368,1505,0,0,368,1505,California
Imperial,2020-12-31,200,1706,29,895,171,811,0,0,200,1705,0,0,200,1705,California
Imperial,2021-01-01,47,1753,5,900,42,853,0,0,47,1752,0,0,47,1752,California
Imperial,2021-01-02,5,1758,0,900,5,858,0,0,5,1757,0,0,5,1757,California
Imperial,2021-01-03,90,1848,0,900,90,948,0,0,90,1847,0,0,90,1847,California
Imperial,2021-01-04,89,1937,9,909,80,1028,0,0,89,1936,0,0,89,1936,California
Imperial,2021-01-05,172,2109,14,923,158,1186,0,0,172,2108,0,0,172,2108,California
Imperial,2021-01-06,193,2302,27,950,166,1352,0,0,192,2299,1,1,192,2300,California
Imperial,2021-01-07,332,2634,14,964,318,1670,0,0,327,2621,5,6,327,2627,California
Imperial,2021-01-08,195,2829,52,1016,143,1813,0,0,186,2798,9,15,186,2813,California
Imperial,2021-01-09,24,2853,21,1037,3,1816,0,0,24,2822,0,15,24,2837,California
Imperial,2021-01-10,7,2860,1,1038,6,1822,0,0,6,2827,1,16,6,2843,California
Imperial,2021-01-11,403,3263,243,1281,160,1982,0,0,176,2776,227,243,176,3019,California
Imperial,2021-01-12,418,3681,308,1589,110,2092,0,0,156,2671,261,504,156,3175,California
Imperial,2021-01-13,387,4068,135,1724,252,2344,0,0,285,2854,102,606,285,3460,California
Imperial,2021-01-14,268,4336,150,1874,118,2462,0,0,262,3111,5,611,262,3722,California
Imperial,2021-01-15,245,4581,182,2056,63,2525,0,0,237,3340,8,619,237,3959,California
Imperial,2021-01-16,95,4676,74,2130,21,2546,0,0,94,3433,1,620,94,4053,California
Imperial,2021-01-17,18,4694,5,2135,13,2559,0,0,17,3449,1,621,17,4070,California
Imperial,2021-01-18,1074,5768,400,2535,674,3233,0,0,976,4328,98,719,977,5047,California
Imperial,2021-01-19,176,5944,132,2667,44,3277,0,0,129,4410,47,766,129,5176,California
Imperial,2021-01-20,302,6246,199,2866,103,3380,0,0,263,4634,39,805,263,5439,California
Imperial,2021-01-21,465,6711,213,3079,252,3632,0,0,441,5051,24,829,441,5880,California
Imperial,2021-01-22,481,7192,193,3272,288,3920,0,0,472,5514,9,838,472,6352,California
Imperial,2021-01-23,1067,8259,293,3565,774,4694,0,0,1065,6577,2,840,1065,7417,California
Imperial,2021-01-24,24,8283,3,3568,21,4715,0,0,23,6599,1,841,23,7440,California
Imperial,2021-01-25,224,8507,10,3578,214,4929,0,0,40,6457,182,1023,40,7480,California
Imperial,2021-01-26,391,8898,187,3765,204,5133,0,0,245,6558,145,1168,246,7726,California
Imperial,2021-01-27,601,9499,171,3936,430,5563,0,0,265,6487,336,1504,265,7991,California
Imperial,2021-01-28,660,10159,170,4106,490,6053,0,0,549,6926,111,1615,550,8541,California
Imperial,2021-01-29,462,10621,309,4415,153,6206,0,0,412,7288,50,1665,412,8953,California
Imperial,2021-01-30,89,10710,43,4458,46,6252,0,0,72,7343,17,1682,72,9025,California
Imperial,2021-01-31,31,10741,8,4466,23,6275,0,0,30,7372,1,1683,30,9055,California
Imperial,2021-02-01,468,11209,70,4536,398,6673,0,0,256,7417,211,1894,256,9311,California
Imperial,2021-02-02,754,11963,69,4605,685,7358,0,0,568,7799,186,2080,568,9879,California
Imperial,2021-02-03,496,12459,52,4657,444,7802,0,0,300,7904,195,2275,300,10179,California
Imperial,2021-02-04,1786,14245,1232,5889,554,8356,0,0,1469,9057,316,2591,1469,11648,California
Imperial,2021-02-05,471,14716,256,6145,215,8571,0,0,235,9057,237,2828,237,11885,California
Imperial,2021-02-06,889,15605,849,6994,40,8611,0,0,854,9874,37,2865,854,12739,California
Imperial,2021-02-07,50,15655,17,7011,33,8644,0,0,46,9916,4,2869,46,12785,California
Imperial,2021-02-08,293,15948,62,7073,231,8875,0,0,225,10073,68,2937,225,13010,California
Imperial,2021-02-09,528,16476,181,7254,347,9222,0,0,356,10260,172,3109,359,13369,California
Imperial,2021-02-10,496,16972,69,7323,427,9649,0,0,127,10021,369,3478,130,13499,California
Imperial,2021-02-11,1095,18067,390,7713,705,10354,0,0,189,9312,901,4379,192,13691,California
Imperial,2021-02-12,2230,20297,1475,9188,755,11109,0,0,1868,10821,365,4744,1874,15565,California
Imperial,2021-02-13,82,20379,27,9215,55,11164,0,0,64,10865,21,4765,65,15630,California
Imperial,2021-02-14,50,20429,35,9250,15,11179,0,0,47,10909,3,4768,47,15677,California
Imperial,2021-02-15,171,20600,63,9313,108,11287,0,0,130,11001,41,4809,133,15810,California
Imperial,2021-02-16,541,21141,272,9585,269,11556,0,0,322,11108,219,5028,326,16136,California
Imperial,2021-02-17,466,21607,308,9893,158,11714,0,0,109,10865,357,5385,114,16250,California
Imperial,2021-02-18,691,22298,338,10231,353,12067,0,0,167,10519,523,5908,177,16427,California
Imperial,2021-02-19,805,23103,410,10641,395,12462,0,0,215,10147,589,6497,217,16644,California
Imperial,2021-02-20,1071,24174,215,10856,856,13318,0,0,343,9774,726,7223,353,16997,California
Imperial,2021-02-21,604,24778,572,11428,32,13350,0,0,594,10362,9,7232,597,17594,California
Imperial,2021-02-22,843,25621,597,12025,246,13596,0,0,781,11086,62,7294,786,18380,California
Imperial,2021-02-23,1054,26675,459,12484,595,14191,0,0,971,11987,83,7377,984,19364,California
Imperial,2021-02-24,783,27458,320,12804,463,14654,0,0,661,12541,121,7498,675,20039,California
Imperial,2021-02-25,935,28393,374,13178,561,15215,0,0,533,12697,401,7899,557,20596,California
Imperial,2021-02-26,2367,30760,1391,14569,976,16191,0,0,1848,14049,518,8417,1870,22466,California
Imperial,2021-02-27,998,31758,906,15475,92,16283,0,0,240,13550,759,9176,260,22726,California
Imperial,2021-02-28,97,31855,77,15552,20,16303,0,0,77,13618,20,9196,88,22814,California
Imperial,2021-03-01,581,32436,343,15895,235,16538,3,3,493,14041,84,9280,507,23321,California
Imperial,2021-03-02,767,33203,278,16173,488,17026,1,4,418,14126,347,9627,432,23753,California
Imperial,2021-03-03,980,34183,74,16247,905,17931,1,5,584,14346,393,10020,613,24366,California
Imperial,2021-03-04,834,35017,126,16373,707,18638,1,6,537,14639,294,10314,587,24953,California
Imperial,2021-03-05,3189,38206,2264,18637,925,19563,0,6,1781,15041,1411,11725,1813,26766,California
Imperial,2021-03-06,742,38948,253,18890,489,20052,0,6,677,15681,62,11787,702,27468,California
Imperial,2021-03-07,125,39073,71,18961,54,20106,0,6,73,15728,51,11838,98,27566,California
Imperial,2021-03-08,491,39564,378,19339,78,20184,35,41,382,16070,109,11947,451,28017,California
Imperial,2021-03-09,751,40315,354,19693,149,20333,248,289,433,16435,318,12265,683,28700,California
Imperial,2021-03-10,752,41067,354,20047,292,20625,106,395,350,16503,401,12666,469,29169,California
Imperial,2021-03-11,1855,42922,507,20554,1159,21784,189,584,1225,17314,625,13291,1436,30605,California
Imperial,2021-03-12,4908,47830,3511,24065,1195,22979,202,786,3119,18874,1783,15074,3343,33948,California
Imperial,2021-03-13,1220,49050,101,24166,885,23864,234,1020,882,19681,335,15409,1142,35090,California
Imperial,2021-03-14,208,49258,49,24215,143,24007,16,1036,146,19797,62,15471,178,35268,California
Imperial,2021-03-15,744,50002,255,24470,224,24231,265,1301,405,20149,337,15808,689,35957,California
Imperial,2021-03-16,1202,51204,324,24794,406,24637,472,1773,582,20615,618,16426,1084,37041,California
Imperial,2021-03-17,1664,52868,723,25517,801,25438,140,1913,1041,21190,615,17041,1190,38231,California
Imperial,2021-03-18,1887,54755,1249,26766,578,26016,60,1973,1318,22009,565,17606,1384,39615,California
Imperial,2021-03-19,3827,58582,2791,29557,1033,27049,3,1976,1931,22058,1888,19494,1937,41552,California
Imperial,2021-03-20,1803,60385,564,30121,1232,28281,7,1983,1340,22954,457,19951,1353,42905,California
Imperial,2021-03-21,272,60657,84,30205,183,28464,5,1988,165,23025,107,20058,178,43083,California
Imperial,2021-03-22,1109,61766,381,30586,718,29182,10,1998,641,23216,466,20524,657,43740,California
Imperial,2021-03-23,1555,63321,527,31113,1022,30204,6,2004,959,23594,592,21116,970,44710,California
Imperial,2021-03-24,2212,65533,597,31710,1189,31393,426,2430,1190,24194,1019,22135,1619,46329,California
Imperial,2021-03-25,3262,68795,729,32439,906,32299,1627,4057,1223,25003,2033,24168,2842,49171,California
Imperial,2021-03-26,3274,72069,1201,33640,1076,33375,997,5054,945,24633,2317,26485,1947,51118,California
Imperial,2021-03-27,644,72713,289,33929,299,33674,56,5110,455,24960,186,26671,513,51631,California
Imperial,2021-03-28,227,72940,61,33990,164,33838,2,5112,182,25102,43,26714,185,51816,California
Imperial,2021-03-29,1527,74467,391,34381,411,34249,725,5837,357,25019,1167,27881,1084,52900,California
Imperial,2021-03-30,2139,76606,714,35095,610,34859,815,6652,708,25110,1429,29310,1520,54420,California
Imperial,2021-03-31,1574,78180,748,35843,820,35679,6,6658,1044,25632,527,29837,1049,55469,California
Imperial,2021-04-01,2107,80287,449,36292,1413,37092,245,6903,896,25568,1205,31042,1141,56610,California
Imperial,2021-04-02,1999,82286,502,36794,1419,38511,78,6981,1352,26358,641,31683,1431,58041,California
Imperial,2021-04-03,1553,83839,451,37245,1022,39533,80,7061,724,26338,826,32509,806,58847,California
Imperial,2021-04-04,94,83933,50,37295,27,39560,17,7078,26,26314,68,32577,44,58891,California
Imperial,2021-04-05,3432,87365,2331,39626,936,40496,165,7243,814,24692,2608,35185,986,59877,California
Imperial,2021-04-06,1367,88732,563,40189,611,41107,193,7436,712,24950,650,35835,908,60785,California
Imperial,2021-04-07,2194,90926,571,40760,1245,42352,378,7814,1572,26272,626,36461,1948,62733,California
Imperial,2021-04-08,2256,93182,1104,41864,851,43203,301,8115,1086,26491,1166,37627,1385,64118,California
Imperial,2021-04-09,3267,96449,1684,43548,963,44166,620,8735,1545,26939,1714,39341,2162,66280,California
Imperial,2021-04-10,1339,97788,212,43760,853,45019,274,9009,254,26384,1082,40423,527,66807,California
Imperial,2021-04-11,230,98018,39,43799,159,45178,32,9041,83,26355,147,40570,118,66925,California
Imperial,2021-04-12,1485,99503,800,44599,462,45640,223,9264,847,26794,632,41202,1071,67996,California
Imperial,2021-04-13,2989,102492,1928,46527,1059,46699,2,9266,2072,27958,913,42115,2077,70073,California
Imperial,2021-04-14,2104,104596,993,47520,1111,47810,0,9266,1411,28688,686,42801,1416,71489,California
Imperial,2021-04-15,2031,106627,930,48450,1101,48911,0,9266,1383,29435,642,43443,1389,72878,California
Imperial,2021-04-16,3480,110107,1811,50261,1669,50580,0,9266,2178,30328,1288,44731,2181,75059,California
Imperial,2021-04-17,1838,111945,942,51203,894,51474,2,9268,1423,31345,410,45141,1427,76486,California
Imperial,2021-04-18,271,112216,81,51284,190,51664,0,9268,95,31269,174,45315,98,76584,California
Imperial,2021-04-19,879,113095,283,51567,596,52260,0,9268,483,31363,393,45708,487,77071,California
Imperial,2021-04-20,1359,114454,556,52123,803,53063,0,9268,760,31529,598,46306,764,77835,California
Imperial,2021-04-21,1425,115879,359,52482,1065,54128,1,9269,824,31759,594,46900,824,78659,California
Imperial,2021-04-22,2390,118269,833,53315,1557,55685,0,9269,1645,32677,729,47629,1647,80306,California
Imperial,2021-04-23,2863,121132,541,53856,2322,58007,0,9269,1108,32065,1724,49353,1112,81418,California
Imperial,2021-04-24,574,121706,342,54198,232,58239,0,9269,209,31912,362,49715,209,81627,California
Imperial,2021-04-25,280,121986,107,54305,173,58412,0,9269,142,31918,136,49851,142,81769,California
Imperial,2021-04-26,1266,123252,505,54810,757,59169,4,9273,720,32102,540,50391,724,82493,California
Imperial,2021-04-27,1174,124426,396,55206,768,59937,10,9283,582,32109,586,50977,593,83086,California
Imperial,2021-04-28,1518,125944,664,55870,825,60762,29,9312,688,32002,824,51801,717,83803,California
Imperial,2021-04-29,1864,127808,878,56748,938,61700,48,9360,825,31848,1028,52829,874,84677,California
Imperial,2021-04-30,3308,131116,1703,58451,1570,63270,35,9395,1596,31780,1699,54528,1631,86308,California
Imperial,2021-05-01,354,131470,153,58604,198,63468,3,9398,167,31766,186,54714,172,86480,California
Imperial,2021-05-02,91,131561,32,58636,57,63525,2,9400,51,31780,40,54754,54,86534,California
Imperial,2021-05-03,1680,133241,571,59207,1060,64585,49,9449,389,30939,1278,56032,437,86971,California
Imperial,2021-05-04,1785,135026,982,60189,776,65361,27,9476,549,30287,1228,57260,576,87547,California
Imperial,2021-05-05,1526,136552,909,61098,596,65957,21,9497,453,29701,1061,58321,475,88022,California
Imperial,2021-05-06,1748,138300,1149,62247,557,66514,42,9539,561,29125,1181,59502,605,88627,California
Imperial,2021-05-07,2632,140932,1471,63718,1116,67630,45,9584,868,28299,1742,61244,916,89543,California
Imperial,2021-05-08,798,141730,650,64368,139,67769,9,9593,195,27907,596,61840,204,89747,California
Imperial,2021-05-09,105,141835,71,64439,33,67802,1,9594,34,27874,68,61908,35,89782,California
Imperial,2021-05-10,1181,143016,306,64745,751,68553,124,9718,351,27525,823,62731,474,90256,California
Imperial,2021-05-11,1497,144513,484,65229,994,69547,19,9737,501,27062,988,63719,525,90781,California
Imperial,2021-05-12,865,145378,274,65503,552,70099,39,9776,306,26852,554,64273,344,91125,California
Imperial,2021-05-13,1886,147264,1258,66761,556,70655,72,9848,826,26697,1052,65325,897,92022,California
Imperial,2021-05-14,1779,149043,976,67737,743,71398,60,9908,1165,27320,602,65927,1225,93247,California
Imperial,2021-05-15,1251,150294,492,68229,737,72135,22,9930,477,27052,768,66695,500,93747,California
Imperial,2021-05-16,128,150422,87,68316,37,72172,4,9934,54,27037,73,66768,58,93805,California
Imperial,2021-05-17,1990,152412,731,69047,1208,73380,51,9985,691,26487,1292,68060,742,94547,California
Imperial,2021-05-18,1713,154125,907,69954,732,74112,74,10059,931,26717,776,68836,1006,95553,California
Imperial,2021-05-19,1309,155434,614,70568,625,74737,70,10129,613,26711,688,69524,682,96235,California
Imperial,2021-05-20,1631,157065,1017,71585,547,75284,67,10196,737,26633,882,70406,804,97039,California
Imperial,2021-05-21,1942,159007,1241,72826,637,75921,64,10260,975,26715,957,71363,1039,98078,California
Imperial,2021-05-22,300,159307,193,73019,90,76011,17,10277,153,26744,141,71504,170,98248,California
Imperial,2021-05-23,93,159400,35,73054,49,76060,9,10286,33,26728,58,71562,42,98290,California
Imperial,2021-05-24,1291,160691,636,73690,595,76655,60,10346,533,26569,751,72313,592,98882,California
Imperial,2021-05-25,1478,162169,492,74182,952,77607,34,10380,533,26202,935,73248,568,99450,California
Imperial,2021-05-26,1061,163230,557,74739,454,78061,50,10430,470,26134,588,73836,520,99970,California
Imperial,2021-05-27,1331,164561,736,75475,525,78586,70,10500,655,26189,670,74506,725,100695,California
Imperial,2021-05-28,1054,165615,605,76080,376,78962,73,10573,391,26001,653,75159,465,101160,California
Imperial,2021-05-29,230,165845,128,76208,96,79058,6,10579,119,26016,111,75270,126,101286,California
Imperial,2021-05-30,96,165941,29,76237,65,79123,2,10581,65,26052,31,75301,67,101353,California
Imperial,2021-05-31,80,166021,21,76258,53,79176,6,10587,37,26052,43,75344,43,101396,California
Imperial,2021-06-01,1195,167216,555,76813,574,79750,66,10653,473,25878,714,76058,540,101936,California
Imperial,2021-06-02,1100,168316,607,77420,402,80152,91,10744,566,26003,530,76588,655,102591,California
Imperial,2021-06-03,1267,169583,745,78165,427,80579,95,10839,599,26036,661,77249,694,103285,California
Imperial,2021-06-04,2228,171811,1591,79756,532,81111,105,10944,983,25888,1235,78484,1087,104372,California
Imperial,2021-06-05,370,172181,235,79991,120,81231,15,10959,178,25893,188,78672,193,104565,California
Imperial,2021-06-06,84,172265,47,80038,25,81256,12,10971,45,25911,39,78711,57,104622,California
Imperial,2021-06-07,1009,173274,655,80693,288,81544,66,11037,491,25953,515,79226,557,105179,California
Imperial,2021-06-08,1358,174632,1029,81722,271,81815,58,11095,552,25761,802,80028,610,105789,California
Imperial,2021-06-09,1064,175696,774,82496,233,82048,57,11152,495,25751,562,80590,552,106341,California
Imperial,2021-06-10,1124,176820,768,83264,312,82360,44,11196,439,25552,681,81271,482,106823,California
Imperial,2021-06-11,1629,178449,1184,84448,401,82761,44,11240,713,25405,904,82175,757,107580,California
Imperial,2021-06-12,242,178691,127,84575,104,82865,11,11251,103,25381,138,82313,114,107694,California
Imperial,2021-06-13,86,178777,25,84600,59,82924,2,11253,57,25412,29,82342,60,107754,California
Imperial,2021-06-14,870,179647,613,85213,213,83137,44,11297,377,25344,489,82831,421,108175,California
Imperial,2021-06-15,1015,180662,745,85958,240,83377,30,11327,459,25285,549,83380,490,108665,California
Imperial,2021-06-16,919,181581,626,86584,248,83625,45,11372,454,25324,461,83841,500,109165,California
Imperial,2021-06-17,1006,182587,738,87322,227,83852,41,11413,440,25242,561,84402,479,109644,California
Imperial,2021-06-18,1060,183647,758,88080,248,84100,54,11467,661,25567,389,84791,714,110358,California
Imperial,2021-06-19,227,183874,146,88226,76,84176,5,11472,119,25584,107,84898,124,110482,California
Imperial,2021-06-20,63,183937,30,88256,29,84205,4,11476,24,25573,39,84937,28,110510,California
Imperial,2021-06-21,498,184435,322,88578,140,84345,36,11512,289,25693,206,85143,326,110836,California
Inyo,2020-12-19,85,85,85,85,0,0,0,0,85,85,0,0,85,85,California
Inyo,2020-12-20,59,144,59,144,0,0,0,0,59,144,0,0,59,144,California
Inyo,2020-12-21,88,232,85,229,3,3,0,0,88,232,0,0,88,232,California
Inyo,2020-12-22,101,333,101,330,0,3,0,0,101,333,0,0,101,333,California
Inyo,2020-12-23,68,401,65,395,3,6,0,0,68,401,0,0,68,401,California
Inyo,2020-12-24,15,416,15,410,0,6,0,0,15,416,0,0,15,416,California
Inyo,2020-12-25,1,417,0,410,1,7,0,0,1,417,0,0,1,417,California
Inyo,2020-12-26,73,490,73,483,0,7,0,0,73,490,0,0,73,490,California
Inyo,2020-12-28,49,539,37,520,12,19,0,0,49,539,0,0,49,539,California
Inyo,2020-12-29,18,557,18,538,0,19,0,0,18,557,0,0,18,557,California
Inyo,2020-12-30,56,613,54,592,2,21,0,0,56,613,0,0,56,613,California
Inyo,2020-12-31,29,642,0,592,29,50,0,0,29,642,0,0,29,642,California
Inyo,2021-01-01,1,643,0,592,1,51,0,0,1,643,0,0,1,643,California
Inyo,2021-01-03,1,644,0,592,1,52,0,0,1,644,0,0,1,644,California
Inyo,2021-01-04,2,646,1,593,1,53,0,0,2,646,0,0,2,646,California
Inyo,2021-01-05,34,680,0,593,34,87,0,0,34,680,0,0,34,680,California
Inyo,2021-01-06,60,740,0,593,60,147,0,0,60,740,0,0,60,740,California
Inyo,2021-01-07,31,771,1,594,30,177,0,0,31,771,0,0,31,771,California
Inyo,2021-01-08,8,779,8,602,0,177,0,0,3,770,5,5,4,775,California
Inyo,2021-01-09,86,865,86,688,0,177,0,0,0,684,86,91,0,775,California
Inyo,2021-01-10,53,918,53,741,0,177,0,0,0,631,53,144,0,775,California
Inyo,2021-01-11,97,1015,82,823,15,192,0,0,16,566,81,225,16,791,California
Inyo,2021-01-12,133,1148,112,935,21,213,0,0,27,487,106,331,27,818,California
Inyo,2021-01-13,85,1233,67,1002,18,231,0,0,21,445,64,395,22,840,California
Inyo,2021-01-14,58,1291,13,1015,45,276,0,0,48,483,10,405,48,888,California
Inyo,2021-01-15,156,1447,28,1043,128,404,0,0,156,639,0,405,156,1044,California
Inyo,2021-01-16,72,1519,72,1115,0,404,0,0,0,567,72,477,0,1044,California
Inyo,2021-01-18,59,1578,37,1152,22,426,0,0,19,546,40,517,19,1063,California
Inyo,2021-01-19,108,1686,67,1219,41,467,0,0,92,622,16,533,92,1155,California
Inyo,2021-01-20,145,1831,68,1287,77,544,0,0,90,657,55,588,90,1245,California
Inyo,2021-01-21,117,1948,57,1344,60,604,0,0,116,772,1,589,116,1361,California
Inyo,2021-01-22,61,2009,0,1344,61,665,0,0,60,831,1,590,60,1421,California
Inyo,2021-01-23,44,2053,43,1387,1,666,0,0,44,875,0,590,44,1465,California
Inyo,2021-01-25,48,2101,4,1391,44,710,0,0,35,897,13,603,35,1500,California
Inyo,2021-01-26,128,2229,47,1438,81,791,0,0,122,1013,6,609,122,1622,California
Inyo,2021-01-27,24,2253,2,1440,22,813,0,0,23,1035,1,610,23,1645,California
Inyo,2021-01-28,90,2343,2,1442,88,901,0,0,61,1067,29,639,61,1706,California
Inyo,2021-01-29,24,2367,2,1444,22,923,0,0,22,1087,2,641,22,1728,California
Inyo,2021-01-30,10,2377,0,1444,10,933,0,0,10,1097,0,641,10,1738,California
Inyo,2021-01-31,23,2400,3,1447,20,953,0,0,4,1081,20,661,4,1742,California
Inyo,2021-02-01,10,2410,9,1456,1,954,0,0,0,1071,10,671,0,1742,California
Inyo,2021-02-02,130,2540,14,1470,116,1070,0,0,104,1149,26,697,104,1846,California
Inyo,2021-02-03,113,2653,0,1470,113,1183,0,0,72,1180,41,738,72,1918,California
Inyo,2021-02-04,146,2799,31,1501,115,1298,0,0,87,1209,59,797,88,2006,California
Inyo,2021-02-05,107,2906,51,1552,56,1354,0,0,105,1312,2,799,105,2111,California
Inyo,2021-02-06,2,2908,2,1554,0,1354,0,0,2,1314,0,799,2,2113,California
Inyo,2021-02-07,4,2912,2,1556,2,1356,0,0,4,1318,0,799,4,2117,California
Inyo,2021-02-08,113,3025,5,1561,108,1464,0,0,95,1395,18,817,95,2212,California
Inyo,2021-02-09,192,3217,50,1611,142,1606,0,0,124,1451,68,885,124,2336,California
Inyo,2021-02-10,140,3357,14,1625,126,1732,0,0,109,1529,31,916,109,2445,California
Inyo,2021-02-11,220,3577,56,1681,164,1896,0,0,126,1561,94,1010,126,2571,California
Inyo,2021-02-12,291,3868,50,1731,241,2137,0,0,166,1602,125,1135,166,2737,California
Inyo,2021-02-13,48,3916,44,1775,4,2141,0,0,6,1566,42,1177,6,2743,California
Inyo,2021-02-14,1,3917,0,1775,1,2142,0,0,1,1567,0,1177,1,2744,California
Inyo,2021-02-15,26,3943,7,1782,19,2161,0,0,5,1551,21,1198,5,2749,California
Inyo,2021-02-16,171,4114,43,1825,128,2289,0,0,90,1561,80,1278,90,2839,California
Inyo,2021-02-17,38,4152,4,1829,34,2323,0,0,8,1539,30,1308,8,2847,California
Inyo,2021-02-18,120,4272,6,1835,114,2437,0,0,80,1579,40,1348,80,2927,California
Inyo,2021-02-19,51,4323,4,1839,47,2484,0,0,9,1546,42,1390,9,2936,California
Inyo,2021-02-20,504,4827,499,2338,5,2489,0,0,502,2046,2,1392,502,3438,California
Inyo,2021-02-21,439,5266,439,2777,0,2489,0,0,439,2485,0,1392,439,3877,California
Inyo,2021-02-22,59,5325,17,2794,42,2531,0,0,25,2476,34,1426,25,3902,California
Inyo,2021-02-23,193,5518,17,2811,176,2707,0,0,91,2466,101,1527,91,3993,California
Inyo,2021-02-24,117,5635,0,2811,117,2824,0,0,57,2463,60,1587,57,4050,California
Inyo,2021-02-25,127,5762,2,2813,125,2949,0,0,61,2458,66,1653,61,4111,California
Inyo,2021-02-26,94,5856,50,2863,44,2993,0,0,20,2404,74,1727,20,4131,California
Inyo,2021-02-27,14,5870,3,2866,11,3004,0,0,2,2394,12,1739,2,4133,California
Inyo,2021-02-28,2,5872,1,2867,1,3005,0,0,1,2394,1,1740,1,4134,California
Inyo,2021-03-01,19,5891,2,2869,17,3022,0,0,17,2409,2,1742,17,4151,California
Inyo,2021-03-02,193,6084,0,2869,193,3215,0,0,108,2432,85,1827,108,4259,California
Inyo,2021-03-03,83,6167,2,2871,81,3296,0,0,40,2429,43,1870,40,4299,California
Inyo,2021-03-04,124,6291,2,2873,122,3418,0,0,44,2394,79,1949,44,4343,California
Inyo,2021-03-05,140,6431,54,2927,86,3504,0,0,39,2332,101,2050,39,4382,California
Inyo,2021-03-06,19,6450,1,2928,18,3522,0,0,19,2351,0,2050,19,4401,California
Inyo,2021-03-07,6,6456,3,2931,3,3525,0,0,4,2353,2,2052,4,4405,California
Inyo,2021-03-08,168,6624,5,2936,163,3688,0,0,78,2341,90,2142,78,4483,California
Inyo,2021-03-09,189,6813,2,2938,187,3875,0,0,73,2298,116,2258,73,4556,California
Inyo,2021-03-10,71,6884,7,2945,63,3938,1,1,30,2288,41,2299,31,4587,California
Inyo,2021-03-11,203,7087,1,2946,197,4135,5,6,73,2236,130,2429,78,4665,California
Inyo,2021-03-12,174,7261,3,2949,165,4300,6,12,75,2218,99,2528,81,4746,California
Inyo,2021-03-13,570,7831,538,3487,23,4323,9,21,62,1782,507,3035,71,4817,California
Inyo,2021-03-14,439,8270,438,3925,1,4324,0,21,5,1354,433,3468,5,4822,California
Inyo,2021-03-15,50,8320,14,3939,34,4358,2,23,30,1366,20,3488,32,4854,California
Inyo,2021-03-16,162,8482,3,3942,153,4511,6,29,63,1337,98,3586,69,4923,California
Inyo,2021-03-17,107,8589,2,3944,98,4609,7,36,92,1421,15,3601,99,5022,California
Inyo,2021-03-18,183,8772,15,3959,161,4770,7,43,102,1449,81,3682,109,5131,California
Inyo,2021-03-19,44,8816,3,3962,37,4807,4,47,35,1479,9,3691,39,5170,California
Inyo,2021-03-20,19,8835,1,3963,9,4816,9,56,0,1469,19,3710,9,5179,California
Inyo,2021-03-22,59,8894,3,3966,51,4867,5,61,39,1493,20,3730,44,5223,California
Inyo,2021-03-23,193,9087,3,3969,186,5053,4,65,105,1514,88,3818,109,5332,California
Inyo,2021-03-24,139,9226,2,3971,133,5186,4,69,86,1551,53,3871,90,5422,California
Inyo,2021-03-25,330,9556,108,4079,219,5405,3,72,265,1754,65,3936,268,5690,California
Inyo,2021-03-26,92,9648,3,4082,85,5490,4,76,71,1808,21,3957,75,5765,California
Inyo,2021-03-27,45,9693,37,4119,5,5495,3,79,39,1844,6,3963,42,5807,California
Inyo,2021-03-28,1,9694,0,4119,1,5496,0,79,1,1845,0,3963,1,5808,California
Inyo,2021-03-29,107,9801,2,4121,100,5596,5,84,80,1904,26,3989,85,5893,California
Inyo,2021-03-30,219,10020,1,4122,213,5809,5,89,110,1910,109,4098,115,6008,California
Inyo,2021-03-31,148,10168,3,4125,139,5948,6,95,106,1980,42,4140,112,6120,California
Inyo,2021-04-01,163,10331,2,4127,160,6108,1,96,116,2050,47,4187,117,6237,California
Inyo,2021-04-02,80,10411,1,4128,77,6185,2,98,49,2070,31,4218,51,6288,California
Inyo,2021-04-03,70,10481,36,4164,21,6206,13,111,2,2018,66,4284,14,6302,California
Inyo,2021-04-04,5,10486,4,4168,0,6206,1,112,1,2016,4,4288,2,6304,California
Inyo,2021-04-05,102,10588,1,4169,98,6304,3,115,29,1975,73,4361,32,6336,California
Inyo,2021-04-06,233,10821,3,4172,167,6471,63,178,102,2009,131,4492,165,6501,California
Inyo,2021-04-07,206,11027,2,4174,76,6547,128,306,47,2025,159,4651,175,6676,California
Inyo,2021-04-08,179,11206,15,4189,148,6695,16,322,81,2024,98,4749,97,6773,California
Inyo,2021-04-09,121,11327,4,4193,94,6789,23,345,35,1997,85,4834,58,6831,California
Inyo,2021-04-10,39,11366,1,4194,21,6810,17,362,3,1981,36,4870,20,6851,California
Inyo,2021-04-11,1,11367,0,4194,1,6811,0,362,1,1982,0,4870,1,6852,California
Inyo,2021-04-12,79,11446,0,4194,74,6885,5,367,41,1990,38,4908,46,6898,California
Inyo,2021-04-13,123,11569,5,4199,115,7000,3,370,63,1997,59,4967,66,6964,California
Inyo,2021-04-14,131,11700,2,4201,129,7129,0,370,46,1958,85,5052,46,7010,California
Inyo,2021-04-15,270,11970,115,4316,155,7284,0,370,77,1842,193,5245,77,7087,California
Inyo,2021-04-16,44,12014,3,4319,41,7325,0,370,16,1830,28,5273,16,7103,California
Inyo,2021-04-17,2,12016,1,4320,1,7326,0,370,1,1830,1,5274,1,7104,California
Inyo,2021-04-19,121,12137,36,4356,85,7411,0,370,43,1795,78,5352,43,7147,California
Inyo,2021-04-20,164,12301,2,4358,162,7573,0,370,80,1791,84,5436,80,7227,California
Inyo,2021-04-21,112,12413,3,4361,109,7682,0,370,32,1743,80,5516,32,7259,California
Inyo,2021-04-22,197,12610,1,4362,196,7878,0,370,51,1648,146,5662,51,7310,California
Inyo,2021-04-23,95,12705,4,4366,91,7969,0,370,22,1597,73,5735,22,7332,California
Inyo,2021-04-24,308,13013,307,4673,1,7970,0,370,305,1899,3,5738,305,7637,California
Inyo,2021-04-25,133,13146,132,4805,1,7971,0,370,133,2032,0,5738,133,7770,California
Inyo,2021-04-26,92,13238,2,4807,89,8060,1,371,11,1964,80,5818,12,7782,California
Inyo,2021-04-27,181,13419,5,4812,172,8232,4,375,47,1881,134,5952,51,7833,California
Inyo,2021-04-28,120,13539,2,4814,116,8348,2,377,20,1803,100,6052,22,7855,California
Inyo,2021-04-29,169,13708,55,4869,114,8462,0,377,76,1786,93,6145,76,7931,California
Inyo,2021-04-30,81,13789,4,4873,76,8538,1,378,23,1752,58,6203,24,7955,California
Inyo,2021-05-01,9,13798,2,4875,7,8545,0,378,7,1757,2,6205,7,7962,California
Inyo,2021-05-02,6,13804,2,4877,2,8547,2,380,4,1761,2,6207,6,7968,California
Inyo,2021-05-03,38,13842,1,4878,33,8580,4,384,5,1737,33,6240,9,7977,California
Inyo,2021-05-04,120,13962,2,4880,115,8695,3,387,19,1658,101,6341,22,7999,California
Inyo,2021-05-05,36,13998,0,4880,34,8729,2,389,11,1646,25,6366,13,8012,California
Inyo,2021-05-06,92,14090,3,4883,81,8810,8,397,13,1588,79,6445,21,8033,California
Inyo,2021-05-07,47,14137,2,4885,37,8847,8,405,24,1598,22,6467,32,8065,California
Inyo,2021-05-08,11,14148,2,4887,4,8851,5,410,4,1600,7,6474,9,8074,California
Inyo,2021-05-09,1,14149,0,4887,1,8852,0,410,0,1599,1,6475,0,8074,California
Inyo,2021-05-10,70,14219,1,4888,67,8919,2,412,32,1595,39,6514,35,8109,California
Inyo,2021-05-11,87,14306,1,4889,83,9002,3,415,20,1551,67,6581,23,8132,California
Inyo,2021-05-12,43,14349,1,4890,40,9042,2,417,11,1532,32,6613,13,8145,California
Inyo,2021-05-13,75,14424,1,4891,73,9115,1,418,12,1482,63,6676,13,8158,California
Inyo,2021-05-14,27,14451,5,4896,17,9132,5,423,14,1488,13,6689,19,8177,California
Inyo,2021-05-15,374,14825,362,5258,10,9142,2,425,82,1280,292,6981,84,8261,California
Inyo,2021-05-16,199,15024,199,5457,0,9142,0,425,72,1225,127,7108,72,8333,California
Inyo,2021-05-17,62,15086,3,5460,55,9197,4,429,18,1204,43,7151,22,8355,California
Inyo,2021-05-18,84,15170,2,5462,81,9278,1,430,17,1155,67,7218,18,8373,California
Inyo,2021-05-19,47,15217,2,5464,40,9318,5,435,13,1139,34,7252,18,8391,California
Inyo,2021-05-20,144,15361,81,5545,62,9380,1,436,36,1067,109,7361,37,8428,California
Inyo,2021-05-21,48,15409,18,5563,25,9405,5,441,19,1062,29,7390,24,8452,California
Inyo,2021-05-22,23,15432,13,5576,7,9412,3,444,17,1076,6,7396,20,8472,California
Inyo,2021-05-23,2,15434,1,5577,0,9412,1,445,0,1075,2,7398,1,8473,California
Inyo,2021-05-24,33,15467,6,5583,24,9436,3,448,13,1071,20,7418,16,8489,California
Inyo,2021-05-25,80,15547,38,5621,40,9476,2,450,45,1083,35,7453,47,8536,California
Inyo,2021-05-26,38,15585,10,5631,26,9502,2,452,15,1078,22,7475,17,8553,California
Inyo,2021-05-27,39,15624,10,5641,21,9523,8,460,12,1072,26,7501,20,8573,California
Inyo,2021-05-28,26,15650,6,5647,15,9538,5,465,8,1067,18,7519,13,8586,California
Inyo,2021-05-29,14,15664,5,5652,9,9547,0,465,7,1067,7,7526,7,8593,California
Inyo,2021-05-30,2,15666,0,5652,2,9549,0,465,0,1065,2,7528,0,8593,California
Inyo,2021-06-01,54,15720,16,5668,32,9581,6,471,23,1063,31,7559,29,8622,California
Inyo,2021-06-02,11,15731,9,5677,1,9582,1,472,10,1073,1,7560,11,8633,California
Inyo,2021-06-03,26,15757,0,5677,18,9600,8,480,1,1057,25,7585,9,8642,California
Inyo,2021-06-04,32,15789,6,5683,22,9622,4,484,12,1053,20,7605,16,8658,California
Inyo,2021-06-05,17,15806,8,5691,8,9630,1,485,4,1045,13,7618,5,8663,California
Inyo,2021-06-06,1,15807,1,5692,0,9630,0,485,1,1046,0,7618,1,8664,California
Inyo,2021-06-07,51,15858,15,5707,33,9663,3,488,5,1008,46,7664,8,8672,California
Inyo,2021-06-08,53,15911,25,5732,25,9688,3,491,26,1010,27,7691,29,8701,California
Inyo,2021-06-09,110,16021,94,5826,14,9702,2,493,14,930,96,7787,16,8717,California
Inyo,2021-06-10,54,16075,40,5866,9,9711,5,498,16,913,38,7825,21,8738,California
Inyo,2021-06-11,42,16117,23,5889,17,9728,2,500,16,905,26,7851,18,8756,California
Inyo,2021-06-12,14,16131,7,5896,6,9734,1,501,5,902,9,7860,6,8762,California
Inyo,2021-06-13,1,16132,0,5896,1,9735,0,501,0,901,1,7861,0,8762,California
Inyo,2021-06-14,58,16190,27,5923,28,9763,3,504,8,862,50,7911,11,8773,California
Inyo,2021-06-15,50,16240,37,5960,9,9772,4,508,8,832,42,7953,12,8785,California
Inyo,2021-06-16,31,16271,18,5978,13,9785,0,508,8,817,23,7976,8,8793,California
Inyo,2021-06-17,23,16294,13,5991,6,9791,4,512,5,809,17,7993,9,8802,California
Inyo,2021-06-18,14,16308,5,5996,6,9797,3,515,2,802,12,8005,5,8807,California
Inyo,2021-06-19,20,16328,6,6002,13,9810,1,516,7,797,13,8018,8,8815,California
Inyo,2021-06-21,26,16354,8,6010,15,9825,3,519,11,796,15,8033,14,8829,California
Kern,2020-12-15,1,1,1,1,0,0,0,0,1,1,0,0,1,1,California
Kern,2020-12-16,19,20,19,20,0,0,0,0,19,20,0,0,19,20,California
Kern,2020-12-17,162,182,162,182,0,0,0,0,162,182,0,0,162,182,California
Kern,2020-12-18,323,505,323,505,0,0,0,0,323,505,0,0,323,505,California
Kern,2020-12-19,99,604,99,604,0,0,0,0,99,604,0,0,99,604,California
Kern,2020-12-20,62,666,62,666,0,0,0,0,62,666,0,0,62,666,California
Kern,2020-12-21,673,1339,672,1338,1,1,0,0,673,1339,0,0,673,1339,California
Kern,2020-12-22,529,1868,527,1865,2,3,0,0,529,1868,0,0,529,1868,California
Kern,2020-12-23,554,2422,416,2281,138,141,0,0,554,2422,0,0,554,2422,California
Kern,2020-12-24,123,2545,44,2325,79,220,0,0,123,2545,0,0,123,2545,California
Kern,2020-12-25,1,2546,1,2326,0,220,0,0,1,2546,0,0,1,2546,California
Kern,2020-12-26,34,2580,2,2328,32,252,0,0,34,2580,0,0,34,2580,California
Kern,2020-12-27,35,2615,3,2331,32,284,0,0,35,2615,0,0,35,2615,California
Kern,2020-12-28,827,3442,662,2993,165,449,0,0,827,3442,0,0,827,3442,California
Kern,2020-12-29,743,4185,450,3443,293,742,0,0,742,4183,1,1,742,4184,California
Kern,2020-12-30,1206,5391,914,4357,292,1034,0,0,1206,5389,0,1,1206,5390,California
Kern,2020-12-31,276,5667,99,4456,177,1211,0,0,276,5665,0,1,276,5666,California
Kern,2021-01-01,17,5684,9,4465,8,1219,0,0,17,5682,0,1,17,5683,California
Kern,2021-01-02,79,5763,18,4483,61,1280,0,0,79,5761,0,1,79,5762,California
Kern,2021-01-03,23,5786,4,4487,19,1299,0,0,23,5784,0,1,23,5785,California
Kern,2021-01-04,556,6342,362,4849,194,1493,0,0,556,6340,0,1,556,6341,California
Kern,2021-01-05,1133,7475,738,5587,395,1888,0,0,1121,7449,12,13,1121,7462,California
Kern,2021-01-06,1163,8638,448,6035,715,2603,0,0,1133,8552,30,43,1133,8595,California
Kern,2021-01-07,1410,10048,489,6524,921,3524,0,0,1242,9627,167,210,1242,9837,California
Kern,2021-01-08,1625,11673,767,7291,858,4382,0,0,1327,10655,299,509,1327,11164,California
Kern,2021-01-09,228,11901,78,7369,150,4532,0,0,193,10813,35,544,193,11357,California
Kern,2021-01-10,194,12095,149,7518,45,4577,0,0,153,10925,41,585,153,11510,California
Kern,2021-01-11,1563,13658,991,8509,572,5149,0,0,1002,11366,561,1146,1002,12512,California
Kern,2021-01-12,1872,15530,813,9322,1059,6208,0,0,1358,12210,514,1660,1358,13870,California
Kern,2021-01-13,1859,17389,875,10197,984,7192,0,0,1437,13225,422,2082,1437,15307,California
Kern,2021-01-14,2196,19585,649,10846,1547,8739,0,0,2150,15329,46,2128,2150,17457,California
Kern,2021-01-15,2720,22305,857,11703,1863,10602,0,0,2624,17859,95,2223,2625,20082,California
Kern,2021-01-16,674,22979,212,11915,462,11064,0,0,639,18463,35,2258,639,20721,California
Kern,2021-01-17,74,23053,7,11922,67,11131,0,0,72,18533,2,2260,72,20793,California
Kern,2021-01-18,1643,24696,655,12577,988,12119,0,0,1478,19846,165,2425,1478,22271,California
Kern,2021-01-19,1858,26554,1034,13611,824,12943,0,0,1393,20775,465,2890,1394,23665,California
Kern,2021-01-20,2619,29173,1681,15292,938,13881,0,0,1915,21993,699,3589,1917,25582,California
Kern,2021-01-21,2116,31289,869,16161,1247,15128,0,0,1921,23720,194,3783,1921,27503,California
Kern,2021-01-22,2717,34006,1303,17464,1414,16542,0,0,2437,25878,279,4062,2437,29940,California
Kern,2021-01-23,1251,35257,543,18007,708,17250,0,0,1204,27035,47,4109,1204,31144,California
Kern,2021-01-24,151,35408,10,18017,141,17391,0,0,145,27174,6,4115,145,31289,California
Kern,2021-01-25,2383,37791,1082,19099,1301,18692,0,0,1898,28589,484,4599,1899,33188,California
Kern,2021-01-26,2775,40566,1129,20228,1646,20338,0,0,1914,29643,860,5459,1914,35102,California
Kern,2021-01-27,3554,44120,1895,22123,1659,21997,0,0,2857,31806,694,6153,2857,37959,California
Kern,2021-01-28,2881,47001,1359,23482,1522,23519,0,0,2451,33834,425,6578,2453,40412,California
Kern,2021-01-29,3798,50799,1802,25284,1996,25515,0,0,3246,36531,549,7127,3246,43658,California
Kern,2021-01-30,1336,52135,501,25785,835,26350,0,0,1284,37765,50,7177,1284,44942,California
Kern,2021-01-31,402,52537,276,26061,126,26476,0,0,267,37897,135,7312,267,45209,California
Kern,2021-02-01,2602,55139,989,27050,1613,28089,0,0,1889,39078,710,8022,1891,47100,California
Kern,2021-02-02,2759,57898,800,27850,1959,30048,0,0,2055,40430,704,8726,2056,49156,California
Kern,2021-02-03,3682,61580,1554,29404,2128,32176,0,0,2709,42174,966,9692,2710,51866,California
Kern,2021-02-04,3805,65385,1447,30851,2358,34534,0,0,2587,43555,1208,10900,2589,54455,California
Kern,2021-02-05,4860,70245,1988,32839,2872,37406,0,0,3098,44910,1743,12643,3098,57553,California
Kern,2021-02-06,1743,71988,770,33609,973,38379,0,0,1515,46201,225,12868,1516,59069,California
Kern,2021-02-07,282,72270,150,33759,132,38511,0,0,265,46451,15,12883,265,59334,California
Kern,2021-02-08,2564,74834,785,34544,1779,40290,0,0,1257,46420,1289,14172,1258,60592,California
Kern,2021-02-09,3038,77872,984,35528,2054,42344,0,0,1462,46314,1568,15740,1462,62054,California
Kern,2021-02-10,3800,81672,1663,37191,2137,44481,0,0,1882,46295,1902,17642,1883,63937,California
Kern,2021-02-11,4272,85944,1534,38725,2738,47219,0,0,2224,46486,2035,19677,2226,66163,California
Kern,2021-02-12,4974,90918,1894,40619,3080,50299,0,0,2475,46477,2485,22162,2476,68639,California
Kern,2021-02-13,2005,92923,726,41345,1279,51578,0,0,1157,46788,846,23008,1157,69796,California
Kern,2021-02-14,350,93273,12,41357,338,51916,0,0,268,46975,81,23089,268,70064,California
Kern,2021-02-15,2745,96018,899,42256,1846,53762,0,0,1214,46666,1523,24612,1214,71278,California
Kern,2021-02-16,2949,98967,714,42970,2235,55997,0,0,1657,47041,1283,25895,1658,72936,California
Kern,2021-02-17,4068,103035,2074,45044,1994,57991,0,0,1921,46822,2141,28036,1922,74858,California
Kern,2021-02-18,3754,106789,1485,46529,2269,60260,0,0,1625,46328,2119,30155,1625,76483,California
Kern,2021-02-19,4183,110972,1905,48434,2278,62538,0,0,1735,45622,2441,32596,1735,78218,California
Kern,2021-02-20,2581,113553,969,49403,1612,64150,0,0,1347,45739,1230,33826,1347,79565,California
Kern,2021-02-21,269,113822,163,49566,106,64256,0,0,89,45651,178,34004,90,79655,California
Kern,2021-02-22,2672,116494,1154,50720,1518,65774,0,0,1434,45853,1232,35236,1434,81089,California
Kern,2021-02-23,3582,120076,1133,51853,2449,68223,0,0,2002,46278,1578,36814,2003,83092,California
Kern,2021-02-24,5212,125288,2289,54142,2923,71146,0,0,3104,47279,2103,38917,3104,86196,California
Kern,2021-02-25,5383,130671,2460,56602,2923,74069,0,0,3199,48312,2166,41083,3199,89395,California
Kern,2021-02-26,6933,137604,3542,60144,3391,77460,0,0,4365,50118,2561,43644,4367,93762,California
Kern,2021-02-27,3946,141550,1976,62120,1970,79430,0,0,2607,51395,1330,44974,2607,96369,California
Kern,2021-02-28,916,142466,503,62623,412,79842,1,1,696,51874,218,45192,697,97066,California
Kern,2021-03-01,4018,146484,1826,64449,2188,82030,4,5,2701,53272,1307,46499,2705,99771,California
Kern,2021-03-02,4484,150968,1410,65859,3070,85100,4,9,2952,54704,1521,48020,2953,102724,California
Kern,2021-03-03,6003,156971,2845,68704,3156,88256,2,11,3889,56495,2099,50119,3890,106614,California
Kern,2021-03-04,5694,162665,2276,70980,3413,91669,5,16,3696,58212,1982,52101,3699,110313,California
Kern,2021-03-05,6644,169309,2870,73850,3755,95424,19,35,4193,59983,2441,54542,4212,114525,California
Kern,2021-03-06,4761,174070,1927,75777,2727,98151,107,142,3482,62300,1272,55814,3589,118114,California
Kern,2021-03-07,2066,176136,1596,77373,413,98564,57,199,1866,64024,199,56013,1923,120037,California
Kern,2021-03-08,2910,179046,926,78299,1761,100325,223,422,1529,64396,1378,57391,1750,121787,California
Kern,2021-03-09,3732,182778,807,79106,2539,102864,386,808,2334,65722,1390,58781,2716,124503,California
Kern,2021-03-10,6153,188931,2567,81673,2511,105375,1075,1883,3603,67865,2534,61315,4677,129180,California
Kern,2021-03-11,6335,195266,2438,84111,2868,108243,1029,2912,3769,70102,2556,63871,4793,133973,California
Kern,2021-03-12,7857,203123,3082,87193,3419,111662,1356,4268,4326,72254,3518,67389,5670,139643,California
Kern,2021-03-13,4679,207802,2535,89728,1806,113468,338,4606,3254,74422,1418,68807,3586,143229,California
Kern,2021-03-14,2312,210114,1535,91263,534,114002,243,4849,1788,75926,524,69331,2028,145257,California
Kern,2021-03-15,4270,214384,1104,92367,2454,116456,712,5561,2198,76770,2059,71390,2903,148160,California
Kern,2021-03-16,4436,218820,1013,93380,2886,119342,537,6098,2411,77700,2013,73403,2943,151103,California
Kern,2021-03-17,7462,226282,4086,97466,2826,122168,550,6648,4489,79777,2961,76364,5038,156141,California
Kern,2021-03-18,7277,233559,3681,101147,3009,125177,587,7235,4408,81920,2848,79212,4991,161132,California
Kern,2021-03-19,8994,242553,4991,106138,3344,128521,659,7894,4715,83027,4261,83473,5368,166500,California
Kern,2021-03-20,6185,248738,3830,109968,2181,130702,174,8068,3928,84886,2244,85717,4103,170603,California
Kern,2021-03-21,3058,251796,1938,111906,238,130940,882,8950,1851,86419,1199,86916,2732,173335,California
Kern,2021-03-22,3984,255780,1564,113470,2066,133006,354,9304,1931,86668,2036,88952,2285,175620,California
Kern,2021-03-23,4742,260522,1674,115144,2869,135875,199,9503,2483,87117,2230,91182,2679,178299,California
Kern,2021-03-24,7185,267707,3679,118823,3030,138905,476,9979,3652,87728,3515,94697,4126,182425,California
Kern,2021-03-25,6792,274499,3012,121835,3449,142354,331,10310,3221,87724,3553,98250,3549,185974,California
Kern,2021-03-26,9872,284371,4412,126247,4204,146558,1256,11566,4720,88569,5130,103380,5975,191949,California
Kern,2021-03-27,5714,290085,3998,130245,1587,148145,129,11695,3450,89887,2260,105640,3578,195527,California
Kern,2021-03-28,4697,294782,4205,134450,478,148623,14,11709,2958,91123,1736,107376,2972,198499,California
Kern,2021-03-29,4260,299042,1682,136132,2301,150924,277,11986,2610,92370,1637,109013,2884,201383,California
Kern,2021-03-30,5598,304640,1870,138002,3341,154265,387,12373,3058,93278,2533,111546,3441,204824,California
Kern,2021-03-31,8416,313056,4542,142544,3226,157491,648,13021,4305,94136,4094,115640,4952,209776,California
Kern,2021-04-01,7903,320959,3875,146419,3727,161218,301,13322,4225,95009,3649,119289,4522,214298,California
Kern,2021-04-02,8460,329419,4468,150887,3383,164601,609,13931,4224,95614,4219,123508,4824,219122,California
Kern,2021-04-03,6004,335423,3675,154562,2148,166749,181,14112,2660,95117,3335,126843,2838,221960,California
Kern,2021-04-04,1340,336763,873,155435,382,167131,85,14197,475,94814,862,127705,559,222519,California
Kern,2021-04-05,5374,342137,2221,157656,2378,169509,775,14972,2897,95994,2463,130168,3643,226162,California
Kern,2021-04-06,7124,349261,2469,160125,3278,172787,1377,16349,3561,97390,3540,133708,4936,231098,California
Kern,2021-04-07,9383,358644,5474,165599,2946,175733,963,17312,4568,98122,4797,138505,5529,236627,California
Kern,2021-04-08,8661,367305,4798,170397,2950,178683,913,18225,3727,97842,4908,143413,4628,241255,California
Kern,2021-04-09,10276,377581,5142,175539,4142,182825,992,19217,4354,97290,5895,149308,5343,246598,California
Kern,2021-04-10,6603,384184,3471,179010,1883,184708,1249,20466,2141,96222,4452,153760,3384,249982,California
Kern,2021-04-11,3933,388117,2923,181933,367,185075,643,21109,1274,95488,2644,156404,1910,251892,California
Kern,2021-04-12,4419,392536,993,182926,2452,187527,974,22083,1588,95240,2808,159212,2560,254452,California
Kern,2021-04-13,4302,396838,1413,184339,2863,190390,26,22109,2117,95212,2170,161382,2142,256594,California
Kern,2021-04-14,6103,402941,3008,187347,3073,193463,22,22131,3011,95171,3073,164455,3032,259626,California
Kern,2021-04-15,5316,408257,2497,189844,2816,196279,3,22134,2536,94947,2763,167218,2539,262165,California
Kern,2021-04-16,7318,415575,3470,193314,3847,200126,1,22135,3010,93680,4280,171498,3013,265178,California
Kern,2021-04-17,6003,421578,3936,197250,2067,202193,0,22135,2155,92004,3833,175331,2157,267335,California
Kern,2021-04-18,3847,425425,3604,200854,243,202436,0,22135,952,90075,2886,178217,957,268292,California
Kern,2021-04-19,3844,429269,1733,202587,2109,204545,2,22137,1435,89123,2387,180604,1435,269727,California
Kern,2021-04-20,4390,433659,1596,204183,2792,207337,2,22139,1673,88099,2700,183304,1676,271403,California
Kern,2021-04-21,5876,439535,3158,207341,2713,210050,5,22144,2146,86545,3705,187009,2151,273554,California
Kern,2021-04-22,4822,444357,2335,209676,2487,212537,0,22144,1720,85189,3078,190087,1722,275276,California
Kern,2021-04-23,6143,450500,3028,212704,3114,215651,1,22145,1914,82917,4189,194276,1917,277193,California
Kern,2021-04-24,4018,454518,2802,215506,1205,216856,11,22156,1448,81826,2551,196827,1460,278653,California
Kern,2021-04-25,1404,455922,1116,216622,288,217144,0,22156,827,82082,571,197398,827,279480,California
Kern,2021-04-26,3864,459786,1828,218450,1984,219128,52,22208,1064,80409,2791,200189,1118,280598,California
Kern,2021-04-27,4784,464570,2316,220766,2360,221488,108,22316,1465,78675,3304,203493,1570,282168,California
Kern,2021-04-28,6318,470888,3719,224485,2475,223963,124,22440,1804,76106,4494,207987,1925,284093,California
Kern,2021-04-29,5522,476410,3066,227551,2357,226320,99,22539,1627,73959,3874,211861,1727,285820,California
Kern,2021-04-30,5598,482008,3123,230674,2316,228636,159,22698,1615,71765,3967,215828,1773,287593,California
Kern,2021-05-01,2721,484729,1933,232607,729,229365,59,22757,1085,71284,1624,217452,1143,288736,California
Kern,2021-05-02,1892,486621,1604,234211,266,229631,22,22779,693,70808,1192,218644,716,289452,California
Kern,2021-05-03,2548,489169,1032,235243,1382,231013,134,22913,787,69984,1746,220390,922,290374,California
Kern,2021-05-04,3665,492834,1307,236550,2248,233261,110,23023,1290,69023,2359,222749,1398,291772,California
Kern,2021-05-05,4165,496999,2149,238699,1864,235125,152,23175,1381,67786,2768,225517,1531,293303,California
Kern,2021-05-06,3600,500599,1632,240331,1822,236947,146,23321,1138,66627,2439,227956,1280,294583,California
Kern,2021-05-07,4621,505220,2315,242646,2132,239079,174,23495,1301,64812,3289,231245,1474,296057,California
Kern,2021-05-08,2889,508109,1821,244467,953,240032,115,23610,890,63831,1984,233229,1003,297060,California
Kern,2021-05-09,1349,509458,1175,245642,145,240177,29,23639,449,63418,891,234120,478,297538,California
Kern,2021-05-10,2270,511728,886,246528,1281,241458,103,23742,674,62616,1577,235697,775,298313,California
Kern,2021-05-11,2643,514371,922,247450,1596,243054,125,23867,957,62025,1674,237371,1083,299396,California
Kern,2021-05-12,3635,518006,1466,248916,2016,245070,153,24020,1163,60882,2458,239829,1315,300711,California
Kern,2021-05-13,3496,521502,1830,250746,1513,246583,153,24173,1627,60802,1856,241685,1776,302487,California
Kern,2021-05-14,4294,525796,2536,253282,1534,248117,224,24397,1981,60713,2293,243978,2204,304691,California
Kern,2021-05-15,2918,528714,1893,255175,937,249054,88,24485,1546,60989,1357,245335,1633,306324,California
Kern,2021-05-16,1544,530258,1321,256496,183,249237,40,24525,880,61251,658,245993,920,307244,California
Kern,2021-05-17,2324,532582,1004,257500,1175,250412,145,24670,1185,61454,1126,247119,1329,308573,California
Kern,2021-05-18,3182,535764,1466,258966,1584,251996,132,24802,1625,61669,1540,248659,1755,310328,California
Kern,2021-05-19,3832,539596,2391,261357,1312,253308,129,24931,1844,61664,1975,250634,1970,312298,California
Kern,2021-05-20,3096,542692,1683,263040,1271,254579,142,25073,1427,61583,1648,252282,1567,313865,California
Kern,2021-05-21,3639,546331,2203,265243,1301,255880,135,25208,1864,61831,1751,254033,1999,315864,California
Kern,2021-05-22,2950,549281,2298,267541,604,256484,48,25256,1417,61772,1522,255555,1463,317327,California
Kern,2021-05-23,1262,550543,1067,268608,168,256652,27,25283,663,61870,591,256146,689,318016,California
Kern,2021-05-24,1849,552392,782,269390,954,257606,113,25396,869,61877,974,257120,981,318997,California
Kern,2021-05-25,2398,554790,1110,270500,1199,258805,89,25485,1124,61830,1260,258380,1213,320210,California
Kern,2021-05-26,2790,557580,1613,272113,1073,259878,104,25589,1206,61570,1568,259948,1308,321518,California
Kern,2021-05-27,2396,559976,1229,273342,1064,260942,103,25692,1259,61816,1115,261063,1361,322879,California
Kern,2021-05-28,2729,562705,1388,274730,1230,262172,111,25803,1267,61743,1449,262512,1376,324255,California
Kern,2021-05-29,1899,564604,1262,275992,591,262763,46,25849,931,61767,954,263466,978,325233,California
Kern,2021-05-30,860,565464,704,276696,137,262900,19,25868,436,61804,417,263883,454,325687,California
Kern,2021-05-31,132,565596,41,276737,80,262980,11,25879,46,61777,83,263966,56,325743,California
Kern,2021-06-01,2288,567884,950,277687,1267,264247,71,25950,1003,61581,1269,265235,1073,326816,California
Kern,2021-06-02,2242,570126,1294,278981,842,265089,106,26056,945,61346,1286,266521,1051,327867,California
Kern,2021-06-03,2369,572495,1333,280314,881,265970,155,26211,876,60894,1482,268003,1030,328897,California
Kern,2021-06-04,2949,575444,1912,282226,928,266898,109,26320,890,59851,2041,270044,998,329895,California
Kern,2021-06-05,2529,577973,2043,284269,452,267350,34,26354,809,58983,1711,271755,843,330738,California
Kern,2021-06-06,1213,579186,1108,285377,82,267432,23,26377,429,58656,779,272534,452,331190,California
Kern,2021-06-07,1799,580985,1119,286496,586,268018,94,26471,678,58319,1107,273641,770,331960,California
Kern,2021-06-08,2116,583101,1230,287726,816,268834,70,26541,675,57640,1423,275064,744,332704,California
Kern,2021-06-09,2607,585708,1831,289557,687,269521,89,26630,815,56765,1778,276842,903,333607,California
Kern,2021-06-10,2219,587927,1374,290931,746,270267,99,26729,782,56217,1427,278269,879,334486,California
Kern,2021-06-11,2825,590752,1905,292836,831,271098,89,26818,1051,55596,1762,280031,1141,335627,California
Kern,2021-06-12,1780,592532,1325,294161,407,271505,48,26866,531,54931,1244,281275,579,336206,California
Kern,2021-06-13,907,593439,790,294951,110,271615,7,26873,262,54559,642,281917,270,336476,California
Kern,2021-06-14,1834,595273,1122,296073,621,272236,91,26964,659,54143,1164,283081,748,337224,California
Kern,2021-06-15,2099,597372,1173,297246,852,273088,74,27038,817,53760,1274,284355,891,338115,California
Kern,2021-06-16,2037,599409,1333,298579,629,273717,75,27113,792,53397,1229,285584,866,338981,California
Kern,2021-06-17,1787,601196,1116,299695,563,274280,108,27221,868,53463,911,286495,977,339958,California
Kern,2021-06-18,2135,603331,1344,301039,678,274958,113,27334,888,53233,1230,287725,1000,340958,California
Kern,2021-06-19,1192,604523,856,301895,306,275264,30,27364,504,53089,678,288403,534,341492,California
Kern,2021-06-20,704,605227,585,302480,101,275365,18,27382,262,52927,442,288845,280,341772,California
Kern,2021-06-21,773,606000,382,302862,333,275698,58,27440,398,53011,371,289216,455,342227,California
Kings,2020-12-16,1,1,1,1,0,0,0,0,1,1,0,0,1,1,California
Kings,2020-12-17,8,9,8,9,0,0,0,0,8,9,0,0,8,9,California
Kings,2020-12-18,12,21,12,21,0,0,0,0,12,21,0,0,12,21,California
Kings,2020-12-19,12,33,12,33,0,0,0,0,12,33,0,0,12,33,California
Kings,2020-12-20,13,46,13,46,0,0,0,0,13,46,0,0,13,46,California
Kings,2020-12-21,157,203,157,203,0,0,0,0,269,315,0,0,269,315,California
Kings,2020-12-22,142,345,142,345,0,0,0,0,139,454,0,0,139,454,California
Kings,2020-12-23,137,482,123,468,14,14,0,0,138,592,0,0,138,592,California
Kings,2020-12-24,11,493,9,477,2,16,0,0,11,603,0,0,11,603,California
Kings,2020-12-26,7,500,4,481,3,19,0,0,7,610,0,0,7,610,California
Kings,2020-12-27,4,504,4,485,0,19,0,0,4,614,0,0,4,614,California
Kings,2020-12-28,131,635,103,588,28,47,0,0,132,746,0,0,132,746,California
Kings,2020-12-29,83,718,55,643,28,75,0,0,84,830,0,0,84,830,California
Kings,2020-12-30,152,870,111,754,41,116,0,0,152,982,0,0,152,982,California
Kings,2020-12-31,46,916,5,759,41,157,0,0,46,1028,0,0,46,1028,California
Kings,2021-01-01,1,917,0,759,1,158,0,0,1,1029,0,0,1,1029,California
Kings,2021-01-02,11,928,10,769,1,159,0,0,11,1040,0,0,11,1040,California
Kings,2021-01-03,1,929,1,770,0,159,0,0,1,1041,0,0,1,1041,California
Kings,2021-01-04,111,1040,41,811,70,229,0,0,111,1152,0,0,111,1152,California
Kings,2021-01-05,195,1235,40,851,155,384,0,0,195,1347,0,0,195,1347,California
Kings,2021-01-06,278,1513,181,1032,97,481,0,0,275,1619,3,3,275,1622,California
Kings,2021-01-07,182,1695,84,1116,98,579,0,0,174,1785,8,11,174,1796,California
Kings,2021-01-08,250,1945,57,1173,193,772,0,0,229,1993,21,32,229,2025,California
Kings,2021-01-09,63,2008,9,1182,54,826,0,0,55,2040,8,40,55,2080,California
Kings,2021-01-10,15,2023,3,1185,12,838,0,0,12,2049,3,43,12,2092,California
Kings,2021-01-11,516,2539,352,1537,164,1002,0,0,276,2086,240,283,277,2369,California
Kings,2021-01-12,348,2887,252,1789,96,1098,0,0,215,2171,130,413,215,2584,California
Kings,2021-01-13,417,3304,270,2059,147,1245,0,0,327,2408,90,503,327,2911,California
Kings,2021-01-14,211,3515,32,2091,179,1424,0,0,201,2589,21,524,202,3113,California
Kings,2021-01-15,420,3935,31,2122,389,1813,0,0,408,2985,12,536,408,3521,California
Kings,2021-01-16,27,3962,9,2131,18,1831,0,0,26,3010,1,537,26,3547,California
Kings,2021-01-17,11,3973,8,2139,3,1834,0,0,9,3017,2,539,9,3556,California
Kings,2021-01-18,174,4147,41,2180,133,1967,0,0,148,3139,26,565,148,3704,California
Kings,2021-01-19,384,4531,162,2342,222,2189,0,0,254,3263,130,695,254,3958,California
Kings,2021-01-20,239,4770,147,2489,92,2281,0,0,128,3285,106,801,128,4086,California
Kings,2021-01-21,212,4982,56,2545,156,2437,0,0,196,3463,18,819,196,4282,California
Kings,2021-01-22,108,5090,19,2564,89,2526,0,0,107,3565,5,824,107,4389,California
Kings,2021-01-23,27,5117,14,2578,13,2539,0,0,20,3578,7,831,20,4409,California
Kings,2021-01-24,4,5121,4,2582,0,2539,0,0,2,3578,2,833,2,4411,California
Kings,2021-01-25,133,5254,27,2609,106,2645,0,0,98,3641,35,868,98,4509,California
Kings,2021-01-26,156,5410,35,2644,121,2766,0,0,114,3713,42,910,114,4623,California
Kings,2021-01-27,332,5742,37,2681,295,3061,0,0,255,3892,76,986,255,4878,California
Kings,2021-01-28,336,6078,46,2727,290,3351,0,0,279,4114,57,1043,279,5157,California
Kings,2021-01-29,111,6189,27,2754,84,3435,0,0,94,4191,17,1060,94,5251,California
Kings,2021-01-30,1567,7756,21,2775,1546,4981,0,0,1564,5754,3,1063,1566,6817,California
Kings,2021-02-01,221,7977,65,2840,156,5137,0,0,92,5719,127,1190,92,6909,California
Kings,2021-02-02,246,8223,16,2856,230,5367,0,0,95,5664,150,1340,95,7004,California
Kings,2021-02-03,405,8628,195,3051,210,5577,0,0,247,5754,157,1497,247,7251,California
Kings,2021-02-04,426,9054,99,3150,327,5904,0,0,229,5787,196,1693,229,7480,California
Kings,2021-02-05,337,9391,55,3205,282,6186,0,0,176,5805,158,1851,176,7656,California
Kings,2021-02-06,61,9452,10,3215,51,6237,0,0,28,5800,33,1884,28,7684,California
Kings,2021-02-07,6,9458,4,3219,2,6239,0,0,3,5800,3,1887,3,7687,California
Kings,2021-02-08,173,9631,29,3248,144,6383,0,0,66,5759,107,1994,66,7753,California
Kings,2021-02-09,257,9888,59,3307,198,6581,0,0,113,5730,142,2136,113,7866,California
Kings,2021-02-10,378,10266,112,3419,266,6847,0,0,260,5872,118,2254,260,8126,California
Kings,2021-02-11,484,10750,65,3484,419,7266,0,0,365,6119,118,2372,365,8491,California
Kings,2021-02-12,633,11383,37,3521,596,7862,0,0,353,6193,279,2651,353,8844,California
Kings,2021-02-13,233,11616,7,3528,226,8088,0,0,207,6374,26,2677,207,9051,California
Kings,2021-02-14,103,11719,4,3532,99,8187,0,0,95,6461,8,2685,95,9146,California
Kings,2021-02-15,253,11972,5,3537,248,8435,0,0,138,6485,114,2799,138,9284,California
Kings,2021-02-16,591,12563,35,3572,556,8991,0,0,353,6602,237,3036,354,9638,California
Kings,2021-02-17,441,13004,26,3598,415,9406,0,0,302,6767,139,3175,304,9942,California
Kings,2021-02-18,350,13354,22,3620,328,9734,0,0,218,6853,132,3307,218,10160,California
Kings,2021-02-19,212,13566,25,3645,187,9921,0,0,132,6908,77,3384,132,10292,California
Kings,2021-02-20,165,13731,31,3676,134,10055,0,0,137,7017,28,3412,137,10429,California
Kings,2021-02-21,3,13734,2,3678,1,10056,0,0,3,7020,0,3412,3,10432,California
Kings,2021-02-22,128,13862,19,3697,109,10165,0,0,56,7004,72,3484,56,10488,California
Kings,2021-02-23,439,14301,72,3769,367,10532,0,0,319,7203,120,3604,319,10807,California
Kings,2021-02-24,741,15042,155,3924,586,11118,0,0,525,7512,216,3820,525,11332,California
Kings,2021-02-25,825,15867,136,4060,689,11807,0,0,598,7885,225,4045,598,11930,California
Kings,2021-02-26,852,16719,137,4197,715,12522,0,0,778,8589,74,4119,778,12708,California
Kings,2021-02-27,1532,18251,66,4263,1466,13988,0,0,586,8230,945,5064,586,13294,California
Kings,2021-02-28,1210,19461,602,4865,608,14596,0,0,679,8382,528,5592,680,13974,California
Kings,2021-03-01,295,19756,89,4954,206,14802,0,0,225,8537,70,5662,225,14199,California
Kings,2021-03-02,596,20352,260,5214,336,15138,0,0,523,8988,73,5735,524,14723,California
Kings,2021-03-03,758,21110,328,5542,430,15568,0,0,533,9299,223,5958,534,15257,California
Kings,2021-03-04,830,21940,360,5902,470,16038,0,0,700,9870,130,6088,701,15958,California
Kings,2021-03-05,1192,23132,367,6269,815,16853,10,10,1037,10767,155,6243,1052,17010,California
Kings,2021-03-06,521,23653,189,6458,319,17172,13,23,491,11241,30,6273,504,17514,California
Kings,2021-03-07,362,24015,221,6679,137,17309,4,27,354,11591,8,6281,358,17872,California
Kings,2021-03-08,382,24397,98,6777,231,17540,53,80,267,11796,115,6396,320,18192,California
Kings,2021-03-09,690,25087,391,7168,245,17785,54,134,579,12320,110,6506,634,18826,California
Kings,2021-03-10,689,25776,174,7342,408,18193,107,241,478,12695,209,6715,584,19410,California
Kings,2021-03-11,1206,26982,436,7778,653,18846,117,358,759,13127,445,7160,877,20287,California
Kings,2021-03-12,1518,28500,460,8238,966,19812,92,450,1006,13717,510,7670,1100,21387,California
Kings,2021-03-13,672,29172,326,8564,305,20117,41,491,547,14182,125,7795,590,21977,California
Kings,2021-03-14,679,29851,105,8669,185,20302,389,880,205,14302,474,8269,594,22571,California
Kings,2021-03-15,713,30564,267,8936,328,20630,118,998,473,14656,239,8508,593,23164,California
Kings,2021-03-16,1170,31734,479,9415,630,21260,61,1059,753,15054,417,8925,815,23979,California
Kings,2021-03-17,1118,32852,426,9841,631,21891,61,1120,789,15583,329,9254,858,24837,California
Kings,2021-03-18,1143,33995,480,10321,440,22331,223,1343,751,16169,390,9644,976,25813,California
Kings,2021-03-19,978,34973,468,10789,422,22753,88,1431,728,16751,249,9893,831,26644,California
Kings,2021-03-20,646,35619,257,11046,358,23111,31,1462,468,17082,176,10069,507,27151,California
Kings,2021-03-21,1422,37041,1090,12136,319,23430,13,1475,859,17391,563,10632,872,28023,California
Kings,2021-03-22,452,37493,201,12337,164,23594,87,1562,268,17567,183,10815,359,28382,California
Kings,2021-03-23,1012,38505,511,12848,438,24032,63,1625,553,17731,457,11272,621,29003,California
Kings,2021-03-24,1104,39609,489,13337,591,24623,24,1649,508,17672,594,11866,535,29538,California
Kings,2021-03-25,1061,40670,476,13813,556,25179,29,1678,450,17541,609,12475,478,30016,California
Kings,2021-03-26,1404,42074,383,14196,935,26114,86,1764,522,17273,877,13352,609,30625,California
Kings,2021-03-27,655,42729,267,14463,376,26490,12,1776,162,16956,491,13843,174,30799,California
Kings,2021-03-28,678,43407,607,15070,64,26554,7,1783,410,17118,268,14111,430,31229,California
Kings,2021-03-29,474,43881,216,15286,197,26751,61,1844,260,17226,212,14323,320,31549,California
Kings,2021-03-30,881,44762,480,15766,360,27111,41,1885,434,17254,446,14769,474,32023,California
Kings,2021-03-31,798,45560,394,16160,332,27443,72,1957,415,17366,375,15144,487,32510,California
Kings,2021-04-01,874,46434,473,16633,312,27755,89,2046,358,17303,510,15654,447,32957,California
Kings,2021-04-02,1052,47486,459,17092,467,28222,126,2172,392,17166,654,16308,517,33474,California
Kings,2021-04-03,490,47976,343,17435,138,28360,9,2181,170,17032,314,16622,180,33654,California
Kings,2021-04-04,160,48136,86,17521,68,28428,6,2187,42,16963,117,16739,48,33702,California
Kings,2021-04-05,1069,49205,336,17857,484,28912,249,2436,242,16627,826,17565,490,34192,California
Kings,2021-04-06,1218,50423,466,18323,442,29354,310,2746,286,16293,929,18494,595,34787,California
Kings,2021-04-07,1377,51800,660,18983,529,29883,188,2934,337,15781,1037,19531,525,35312,California
Kings,2021-04-08,1633,53433,639,19622,742,30625,252,3186,376,15159,1250,20781,628,35940,California
Kings,2021-04-09,1169,54602,543,20165,443,31068,183,3369,231,14633,936,21717,410,36350,California
Kings,2021-04-10,602,55204,333,20498,163,31231,106,3475,177,14492,423,22140,282,36632,California
Kings,2021-04-11,356,55560,74,20572,275,31506,7,3482,197,14539,157,22297,204,36836,California
Kings,2021-04-12,707,56267,311,20883,192,31698,204,3686,192,14422,513,22810,396,37232,California
Kings,2021-04-13,919,57186,525,21408,394,32092,0,3686,291,14091,626,23436,295,37527,California
Kings,2021-04-14,1060,58246,581,21989,479,32571,0,3686,383,13798,677,24113,384,37911,California
Kings,2021-04-15,1068,59314,527,22516,540,33111,1,3687,457,13647,609,24722,458,38369,California
Kings,2021-04-16,802,60116,368,22884,434,33545,0,3687,265,13378,535,25257,266,38635,California
Kings,2021-04-17,475,60591,260,23144,215,33760,0,3687,196,13297,277,25534,196,38831,California
Kings,2021-04-18,571,61162,246,23390,325,34085,0,3687,42,12810,529,26063,42,38873,California
Kings,2021-04-19,543,61705,303,23693,240,34325,0,3687,294,12857,247,26310,294,39167,California
Kings,2021-04-20,751,62456,455,24148,296,34621,0,3687,240,12587,510,26820,240,39407,California
Kings,2021-04-21,650,63106,307,24455,343,34964,0,3687,222,12390,420,27240,223,39630,California
Kings,2021-04-22,561,63667,280,24735,281,35245,0,3687,206,12246,352,27592,208,39838,California
Kings,2021-04-23,678,64345,292,25027,386,35631,0,3687,327,12226,347,27939,327,40165,California
Kings,2021-04-24,248,64593,180,25207,67,35698,1,3688,120,12220,127,28066,121,40286,California
Kings,2021-04-25,200,64793,181,25388,19,35717,0,3688,164,12348,36,28102,164,40450,California
Kings,2021-04-26,315,65108,169,25557,143,35860,3,3691,198,12433,116,28218,201,40651,California
Kings,2021-04-27,427,65535,188,25745,220,36080,19,3710,181,12389,244,28462,200,40851,California
Kings,2021-04-28,517,66052,258,26003,239,36319,20,3730,270,12432,247,28709,290,41141,California
Kings,2021-04-29,293,66345,113,26116,167,36486,13,3743,135,12425,155,28864,148,41289,California
Kings,2021-04-30,369,66714,163,26279,189,36675,17,3760,154,12385,211,29075,171,41460,California
Kings,2021-05-01,229,66943,166,26445,53,36728,10,3770,73,12313,155,29230,83,41543,California
Kings,2021-05-02,168,67111,146,26591,22,36750,0,3770,126,12397,42,29272,126,41669,California
Kings,2021-05-03,476,67587,253,26844,210,36960,13,3783,123,12181,352,29624,136,41805,California
Kings,2021-05-04,519,68106,262,27106,237,37197,20,3803,160,12003,358,29982,180,41985,California
Kings,2021-05-05,548,68654,283,27389,245,37442,20,3823,133,11742,414,30396,153,42138,California
Kings,2021-05-06,550,69204,270,27659,257,37699,23,3846,124,11465,424,30820,147,42285,California
Kings,2021-05-07,365,69569,210,27869,139,37838,16,3862,146,11410,217,31037,162,42447,California
Kings,2021-05-08,232,69801,166,28035,54,37892,12,3874,73,11336,158,31195,84,42531,California
Kings,2021-05-09,191,69992,61,28096,130,38022,0,3874,40,11225,151,31346,40,42571,California
Kings,2021-05-10,339,70331,262,28358,66,38088,11,3885,112,11121,226,31572,122,42693,California
Kings,2021-05-11,385,70716,238,28596,117,38205,30,3915,119,11005,266,31838,150,42843,California
Kings,2021-05-12,401,71117,163,28759,224,38429,14,3929,172,10964,227,32065,186,43029,California
Kings,2021-05-13,397,71514,147,28906,242,38671,8,3937,155,10885,242,32307,163,43192,California
Kings,2021-05-14,467,71981,318,29224,117,38788,32,3969,244,10939,222,32529,276,43468,California
Kings,2021-05-15,353,72334,250,29474,83,38871,20,3989,195,10996,158,32687,215,43683,California
Kings,2021-05-16,248,72582,222,29696,25,38896,1,3990,76,10901,172,32859,77,43760,California
Kings,2021-05-17,404,72986,321,30017,66,38962,17,4007,215,10945,188,33047,232,43992,California
Kings,2021-05-18,398,73384,278,30295,107,39069,13,4020,226,11013,172,33219,240,44232,California
Kings,2021-05-19,579,73963,283,30578,271,39340,25,4045,230,10921,347,33566,255,44487,California
Kings,2021-05-20,449,74412,235,30813,187,39527,27,4072,266,11032,183,33749,294,44781,California
Kings,2021-05-21,520,74932,263,31076,246,39773,11,4083,266,11059,250,33999,277,45058,California
Kings,2021-05-22,305,75237,246,31322,47,39820,12,4095,217,11202,86,34085,229,45287,California
Kings,2021-05-23,230,75467,222,31544,8,39828,0,4095,107,11186,123,34208,107,45394,California
Kings,2021-05-24,249,75716,166,31710,70,39898,13,4108,120,11190,129,34337,133,45527,California
Kings,2021-05-25,408,76124,269,31979,106,40004,33,4141,238,11293,168,34505,271,45798,California
Kings,2021-05-26,305,76429,125,32104,163,40167,17,4158,129,11264,175,34680,146,45944,California
Kings,2021-05-27,330,76759,180,32284,132,40299,18,4176,182,11319,145,34825,200,46144,California
Kings,2021-05-28,286,77045,140,32424,129,40428,17,4193,138,11329,145,34970,155,46299,California
Kings,2021-05-29,173,77218,99,32523,63,40491,11,4204,91,11350,81,35051,102,46401,California
Kings,2021-05-30,129,77347,112,32635,15,40506,2,4206,70,11363,59,35110,72,46473,California
Kings,2021-05-31,42,77389,23,32658,16,40522,3,4209,15,11354,27,35137,18,46491,California
Kings,2021-06-01,315,77704,186,32844,113,40635,16,4225,121,11300,190,35327,136,46627,California
Kings,2021-06-02,275,77979,125,32969,143,40778,7,4232,86,11207,186,35513,93,46720,California
Kings,2021-06-03,227,78206,126,33095,90,40868,11,4243,82,11165,135,35648,93,46813,California
Kings,2021-06-04,427,78633,282,33377,131,40999,14,4257,156,11068,267,35915,170,46983,California
Kings,2021-06-05,254,78887,221,33598,26,41025,7,4264,63,10960,178,36093,70,47053,California
Kings,2021-06-06,161,79048,153,33751,3,41028,5,4269,80,10968,77,36170,85,47138,California
Kings,2021-06-07,291,79339,220,33971,58,41086,13,4282,95,10880,196,36366,108,47246,California
Kings,2021-06-08,312,79651,240,34211,52,41138,20,4302,85,10759,226,36592,105,47351,California
Kings,2021-06-09,398,80049,265,34476,124,41262,9,4311,116,10605,279,36871,125,47476,California
Kings,2021-06-10,342,80391,223,34699,106,41368,13,4324,85,10446,257,37128,98,47574,California
Kings,2021-06-11,372,80763,282,34981,87,41455,3,4327,143,10368,224,37352,146,47720,California
Kings,2021-06-12,268,81031,220,35201,44,41499,4,4331,69,10258,183,37535,73,47793,California
Kings,2021-06-13,127,81158,118,35319,8,41507,1,4332,35,10203,91,37626,36,47829,California
Kings,2021-06-14,238,81396,172,35491,44,41551,22,4354,99,10185,139,37765,121,47950,California
Kings,2021-06-15,255,81651,182,35673,62,41613,11,4365,90,10122,164,37929,101,48051,California
Kings,2021-06-16,253,81904,130,35803,116,41729,7,4372,90,10064,156,38085,98,48149,California
Kings,2021-06-17,209,82113,112,35915,87,41816,10,4382,81,10027,128,38213,91,48240,California
Kings,2021-06-18,249,82362,175,36090,65,41881,9,4391,119,10025,130,38343,128,48368,California
Kings,2021-06-19,101,82463,69,36159,27,41908,5,4396,40,10009,61,38404,45,48413,California
Kings,2021-06-20,87,82550,70,36229,9,41917,8,4404,30,9990,57,38461,38,48451,California
Kings,2021-06-21,105,82655,51,36280,31,41948,23,4427,49,10007,55,38516,72,48523,California
Lake,2020-12-17,4,4,4,4,0,0,0,0,4,4,0,0,4,4,California
Lake,2020-12-18,49,53,49,53,0,0,0,0,49,53,0,0,49,53,California
Lake,2020-12-19,3,56,3,56,0,0,0,0,3,56,0,0,3,56,California
Lake,2020-12-20,6,62,6,62,0,0,0,0,6,62,0,0,6,62,California
Lake,2020-12-21,87,149,87,149,0,0,0,0,87,149,0,0,87,149,California
Lake,2020-12-22,63,212,60,209,3,3,0,0,63,212,0,0,63,212,California
Lake,2020-12-23,125,337,116,325,9,12,0,0,125,337,0,0,125,337,California
Lake,2020-12-24,2,339,0,325,2,14,0,0,2,339,0,0,2,339,California
Lake,2020-12-26,2,341,2,327,0,14,0,0,2,341,0,0,2,341,California
Lake,2020-12-27,2,343,2,329,0,14,0,0,2,343,0,0,2,343,California
Lake,2020-12-28,52,395,43,372,9,23,0,0,52,395,0,0,52,395,California
Lake,2020-12-29,53,448,48,420,5,28,0,0,53,448,0,0,53,448,California
Lake,2020-12-30,132,580,125,545,7,35,0,0,132,580,0,0,132,580,California
Lake,2020-12-31,67,647,64,609,3,38,0,0,67,647,0,0,67,647,California
Lake,2021-01-01,2,649,0,609,2,40,0,0,2,649,0,0,2,649,California
Lake,2021-01-02,2,651,1,610,1,41,0,0,2,651,0,0,2,651,California
Lake,2021-01-04,90,741,21,631,69,110,0,0,90,741,0,0,90,741,California
Lake,2021-01-05,120,861,59,690,61,171,0,0,118,857,2,2,118,859,California
Lake,2021-01-06,103,964,64,754,39,210,0,0,101,956,2,4,101,960,California
Lake,2021-01-07,109,1073,85,839,24,234,0,0,100,1047,9,13,100,1060,California
Lake,2021-01-08,163,1236,134,973,29,263,0,0,112,1108,51,64,112,1172,California
Lake,2021-01-09,63,1299,61,1034,2,265,0,0,59,1163,4,68,59,1231,California
Lake,2021-01-10,3,1302,3,1037,0,265,0,0,0,1160,3,71,0,1231,California
Lake,2021-01-11,187,1489,148,1185,39,304,0,0,109,1191,78,149,109,1340,California
Lake,2021-01-12,82,1571,49,1234,33,337,0,0,58,1225,24,173,58,1398,California
Lake,2021-01-13,172,1743,116,1350,56,393,0,0,111,1275,61,234,111,1509,California
Lake,2021-01-14,147,1890,48,1398,99,492,0,0,125,1378,22,256,125,1634,California
Lake,2021-01-15,217,2107,94,1492,123,615,0,0,188,1537,29,285,188,1822,California
Lake,2021-01-16,132,2239,82,1574,50,665,0,0,130,1665,2,287,130,1952,California
Lake,2021-01-17,13,2252,6,1580,7,672,0,0,7,1666,6,293,7,1959,California
Lake,2021-01-18,244,2496,228,1808,16,688,0,0,122,1666,122,415,122,2081,California
Lake,2021-01-19,319,2815,123,1931,196,884,0,0,270,1888,49,464,271,2352,California
Lake,2021-01-20,425,3240,82,2013,343,1227,0,0,360,2184,64,528,360,2712,California
Lake,2021-01-21,437,3677,46,2059,391,1618,0,0,401,2549,36,564,401,3113,California
Lake,2021-01-22,321,3998,48,2107,273,1891,0,0,285,2798,36,600,285,3398,California
Lake,2021-01-23,123,4121,6,2113,117,2008,0,0,122,2919,1,601,122,3520,California
Lake,2021-01-24,5,4126,2,2115,3,2011,0,0,5,2924,0,601,5,3525,California
Lake,2021-01-25,255,4381,92,2207,163,2174,0,0,173,3015,82,683,173,3698,California
Lake,2021-01-26,429,4810,32,2239,397,2571,0,0,405,3396,24,707,405,4103,California
Lake,2021-01-27,363,5173,39,2278,324,2895,0,0,336,3706,27,734,337,4440,California
Lake,2021-01-28,493,5666,159,2437,334,3229,0,0,364,3941,129,863,364,4804,California
Lake,2021-01-29,661,6327,108,2545,553,3782,0,0,577,4434,84,947,577,5381,California
Lake,2021-01-30,554,6881,39,2584,515,4297,0,0,548,4976,6,953,548,5929,California
Lake,2021-01-31,12,6893,7,2591,5,4302,0,0,10,4984,2,955,10,5939,California
Lake,2021-02-01,175,7068,15,2606,160,4462,0,0,161,5131,14,969,161,6100,California
Lake,2021-02-02,563,7631,153,2759,410,4872,0,0,396,5360,167,1136,396,6496,California
Lake,2021-02-03,443,8074,32,2791,411,5283,0,0,338,5593,105,1241,338,6834,California
Lake,2021-02-04,121,8195,70,2861,51,5334,0,0,71,5614,50,1291,71,6905,California
Lake,2021-02-05,381,8576,71,2932,310,5644,0,0,288,5811,91,1382,288,7193,California
Lake,2021-02-06,275,8851,39,2971,236,5880,0,0,263,6062,12,1394,263,7456,California
Lake,2021-02-07,3,8854,2,2973,1,5881,0,0,3,6065,0,1394,3,7459,California
Lake,2021-02-08,276,9130,207,3180,69,5950,0,0,158,6105,118,1512,158,7617,California
Lake,2021-02-09,344,9474,23,3203,321,6271,0,0,300,6362,43,1555,300,7917,California
Lake,2021-02-10,351,9825,49,3252,302,6573,0,0,271,6553,80,1635,271,8188,California
Lake,2021-02-11,173,9998,17,3269,156,6729,0,0,57,6494,116,1751,57,8245,California
Lake,2021-02-12,370,10368,28,3297,342,7071,0,0,284,6693,85,1836,284,8529,California
Lake,2021-02-13,254,10622,9,3306,245,7316,0,0,245,6929,9,1845,245,8774,California
Lake,2021-02-14,14,10636,4,3310,10,7326,0,0,5,6925,9,1854,5,8779,California
Lake,2021-02-15,162,10798,7,3317,155,7481,0,0,7,6778,154,2008,7,8786,California
Lake,2021-02-16,422,11220,20,3337,402,7883,0,0,176,6708,246,2254,176,8962,California
Lake,2021-02-17,348,11568,52,3389,296,8179,0,0,70,6501,277,2531,70,9032,California
Lake,2021-02-18,459,12027,70,3459,389,8568,0,0,115,6272,344,2875,115,9147,California
Lake,2021-02-19,425,12452,24,3483,401,8969,0,0,91,6029,334,3209,91,9238,California
Lake,2021-02-20,290,12742,56,3539,234,9203,0,0,250,6240,39,3248,250,9488,California
Lake,2021-02-21,5,12747,5,3544,0,9203,0,0,0,6235,5,3253,0,9488,California
Lake,2021-02-22,133,12880,16,3560,117,9320,0,0,39,6180,94,3347,39,9527,California
Lake,2021-02-23,216,13096,17,3577,199,9519,0,0,29,6022,187,3534,29,9556,California
Lake,2021-02-24,1011,14107,431,4008,580,10099,0,0,470,5952,540,4074,470,10026,California
Lake,2021-02-25,761,14868,498,4506,263,10362,0,0,501,6196,257,4331,501,10527,California
Lake,2021-02-26,1008,15876,316,4822,692,11054,0,0,360,5911,645,4976,360,10887,California
Lake,2021-02-27,407,16283,96,4918,311,11365,0,0,327,6159,79,5055,327,11214,California
Lake,2021-02-28,15,16298,8,4926,7,11372,0,0,10,6164,5,5060,10,11224,California
Lake,2021-03-01,593,16891,54,4980,539,11911,0,0,444,6459,149,5209,444,11668,California
Lake,2021-03-02,744,17635,17,4997,727,12638,0,0,288,6292,455,5664,288,11956,California
Lake,2021-03-03,365,18000,193,5190,172,12810,0,0,146,6219,219,5883,146,12102,California
Lake,2021-03-04,576,18576,504,5694,72,12882,0,0,559,6761,17,5900,559,12661,California
Lake,2021-03-05,1052,19628,52,5746,1000,13882,0,0,187,6087,861,6761,187,12848,California
Lake,2021-03-06,34,19662,9,5755,24,13906,1,1,21,6096,13,6774,22,12870,California
Lake,2021-03-07,6,19668,4,5759,2,13908,0,1,4,6098,2,6776,4,12874,California
Lake,2021-03-08,341,20009,267,6026,64,13972,10,11,300,6367,41,6817,310,13184,California
Lake,2021-03-09,927,20936,40,6066,869,14841,18,29,403,6266,523,7340,422,13606,California
Lake,2021-03-10,198,21134,55,6121,130,14971,13,42,132,6346,66,7406,146,13752,California
Lake,2021-03-11,589,21723,47,6168,65,15036,477,519,50,6334,539,7945,527,14279,California
Lake,2021-03-12,855,22578,202,6370,627,15663,26,545,360,6227,493,8438,386,14665,California
Lake,2021-03-13,275,22853,20,6390,19,15682,236,781,14,6216,260,8698,249,14914,California
Lake,2021-03-14,10,22863,1,6391,9,15691,0,781,6,6218,4,8702,6,14920,California
Lake,2021-03-15,639,23502,9,6400,612,16303,18,799,480,6557,159,8861,498,15418,California
Lake,2021-03-16,1123,24625,842,7242,264,16567,17,816,378,6210,741,9602,394,15812,California
Lake,2021-03-17,245,24870,122,7364,101,16668,22,838,88,6163,157,9759,110,15922,California
Lake,2021-03-18,748,25618,375,7739,337,17005,36,874,357,6167,388,10147,392,16314,California
Lake,2021-03-19,582,26200,311,8050,250,17255,21,895,479,6565,102,10249,500,16814,California
Lake,2021-03-20,248,26448,7,8057,238,17493,3,898,30,6382,216,10465,33,16847,California
Lake,2021-03-21,15,26463,9,8066,5,17498,1,899,11,6390,4,10469,12,16859,California
Lake,2021-03-22,337,26800,257,8323,65,17563,15,914,249,6566,88,10557,264,17123,California
Lake,2021-03-23,433,27233,20,8343,399,17962,14,928,366,6880,66,10623,380,17503,California
Lake,2021-03-24,420,27653,58,8401,354,18316,8,936,327,7124,92,10715,336,17839,California
Lake,2021-03-25,666,28319,477,8878,183,18499,6,942,168,6799,498,11213,173,18012,California
Lake,2021-03-26,64,28383,31,8909,32,18531,1,943,29,6794,35,11248,30,18042,California
Lake,2021-03-27,307,28690,6,8915,298,18829,3,946,16,6524,289,11537,19,18061,California
Lake,2021-03-28,14,28704,7,8922,7,18836,0,946,7,6524,7,11544,7,18068,California
Lake,2021-03-29,989,29693,287,9209,700,19536,2,948,204,5947,783,12327,206,18274,California
Lake,2021-03-30,467,30160,318,9527,147,19683,2,950,370,6223,96,12423,372,18646,California
Lake,2021-03-31,620,30780,59,9586,561,20244,0,950,437,6486,174,12597,437,19083,California
Lake,2021-04-01,451,31231,237,9823,202,20446,12,962,188,6427,259,12856,200,19283,California
Lake,2021-04-02,220,31451,37,9860,155,20601,28,990,95,6425,125,12981,123,19406,California
Lake,2021-04-03,31,31482,4,9864,24,20625,3,993,11,6419,20,13001,14,19420,California
Lake,2021-04-04,19,31501,11,9875,7,20632,1,994,15,6431,4,13005,16,19436,California
Lake,2021-04-05,648,32149,71,9946,557,21189,20,1014,408,6621,237,13242,427,19863,California
Lake,2021-04-06,474,32623,16,9962,433,21622,25,1039,305,6783,168,13410,330,20193,California
Lake,2021-04-07,523,33146,55,10017,416,22038,52,1091,352,7018,169,13579,404,20597,California
Lake,2021-04-08,606,33752,492,10509,48,22086,66,1157,103,6687,500,14079,169,20766,California
Lake,2021-04-09,279,34031,39,10548,172,22258,68,1225,47,6572,229,14308,114,20880,California
Lake,2021-04-10,251,34282,12,10560,12,22270,227,1452,9,6566,242,14550,236,21116,California
Lake,2021-04-11,20,34302,15,10575,3,22273,2,1454,6,6560,14,14564,8,21124,California
Lake,2021-04-12,1085,35387,234,10809,818,23091,33,1487,246,6001,838,15402,279,21403,California
Lake,2021-04-13,178,35565,107,10916,71,23162,0,1487,52,5927,126,15528,52,21455,California
Lake,2021-04-14,614,36179,34,10950,580,23742,0,1487,554,6421,60,15588,554,22009,California
Lake,2021-04-15,641,36820,190,11140,451,24193,0,1487,330,6440,311,15899,330,22339,California
Lake,2021-04-16,265,37085,25,11165,240,24433,0,1487,71,6318,193,16092,71,22410,California
Lake,2021-04-17,40,37125,9,11174,31,24464,0,1487,29,6336,11,16103,29,22439,California
Lake,2021-04-18,8,37133,5,11179,3,24467,0,1487,0,6328,8,16111,0,22439,California
Lake,2021-04-19,300,37433,41,11220,259,24726,0,1487,251,6530,49,16160,251,22690,California
Lake,2021-04-20,702,38135,283,11503,419,25145,0,1487,95,6020,606,16766,96,22786,California
Lake,2021-04-21,534,38669,63,11566,471,25616,0,1487,197,5881,337,17103,198,22984,California
Lake,2021-04-22,461,39130,45,11611,416,26032,0,1487,317,6055,143,17246,317,23301,California
Lake,2021-04-23,117,39247,58,11669,59,26091,0,1487,69,6077,47,17293,69,23370,California
Lake,2021-04-24,53,39300,8,11677,45,26136,0,1487,39,6102,14,17307,39,23409,California
Lake,2021-04-25,36,39336,19,11696,17,26153,0,1487,24,6114,12,17319,24,23433,California
Lake,2021-04-26,292,39628,82,11778,209,26362,1,1488,88,5999,204,17523,89,23522,California
Lake,2021-04-27,246,39874,23,11801,205,26567,18,1506,85,5941,161,17684,103,23625,California
Lake,2021-04-28,512,40386,47,11848,450,27017,15,1521,92,5629,418,18102,106,23731,California
Lake,2021-04-29,208,40594,81,11929,111,27128,16,1537,110,5656,98,18200,125,23856,California
Lake,2021-04-30,286,40880,43,11972,212,27340,31,1568,147,5695,139,18339,178,24034,California
Lake,2021-05-01,50,40930,28,12000,20,27360,2,1570,35,5718,14,18353,37,24071,California
Lake,2021-05-02,17,40947,8,12008,8,27368,1,1571,9,5720,8,18361,10,24081,California
Lake,2021-05-03,415,41362,28,12036,352,27720,35,1606,64,5469,350,18711,99,24180,California
Lake,2021-05-04,405,41767,217,12253,139,27859,49,1655,125,5364,279,18990,174,24354,California
Lake,2021-05-05,626,42393,40,12293,574,28433,12,1667,82,4916,541,19531,93,24447,California
Lake,2021-05-06,141,42534,19,12312,93,28526,29,1696,72,4947,69,19600,100,24547,California
Lake,2021-05-07,163,42697,25,12337,118,28644,20,1716,104,5015,56,19656,124,24671,California
Lake,2021-05-08,41,42738,5,12342,36,28680,0,1716,36,5046,5,19661,36,24707,California
Lake,2021-05-09,17,42755,2,12344,10,28690,5,1721,10,5054,7,19668,15,24722,California
Lake,2021-05-10,248,43003,12,12356,208,28898,28,1749,59,4953,188,19856,87,24809,California
Lake,2021-05-11,194,43197,25,12381,152,29050,17,1766,115,5007,79,19935,133,24942,California
Lake,2021-05-12,541,43738,31,12412,490,29540,20,1786,55,4595,486,20421,74,25016,California
Lake,2021-05-13,316,44054,69,12481,233,29773,14,1800,74,4443,240,20661,88,25104,California
Lake,2021-05-14,266,44320,81,12562,167,29940,18,1818,162,4520,102,20763,179,25283,California
Lake,2021-05-15,43,44363,17,12579,23,29963,3,1821,27,4534,16,20779,30,25313,California
Lake,2021-05-16,31,44394,18,12597,12,29975,1,1822,17,4538,14,20793,18,25331,California
Lake,2021-05-17,316,44710,42,12639,259,30234,15,1837,84,4408,229,21022,99,25430,California
Lake,2021-05-18,301,45011,65,12704,217,30451,19,1856,174,4475,126,21148,193,25623,California
Lake,2021-05-19,313,45324,57,12761,241,30692,15,1871,88,4354,224,21372,103,25726,California
Lake,2021-05-20,236,45560,60,12821,165,30857,11,1882,93,4315,143,21515,104,25830,California
Lake,2021-05-21,272,45832,51,12872,198,31055,23,1905,113,4294,157,21672,136,25966,California
Lake,2021-05-22,97,45929,55,12927,39,31094,3,1908,48,4296,49,21721,51,26017,California
Lake,2021-05-23,57,45986,28,12955,28,31122,1,1909,29,4298,28,21749,30,26047,California
Lake,2021-05-24,159,46145,37,12992,108,31230,14,1923,72,4297,87,21836,86,26133,California
Lake,2021-05-25,204,46349,56,13048,136,31366,12,1935,74,4254,129,21965,86,26219,California
Lake,2021-05-26,150,46499,43,13091,96,31462,11,1946,55,4227,93,22058,66,26285,California
Lake,2021-05-27,175,46674,48,13139,113,31575,14,1960,61,4189,113,22171,75,26360,California
Lake,2021-05-28,225,46899,21,13160,165,31740,39,1999,51,4107,171,22342,89,26449,California
Lake,2021-05-29,37,46936,10,13170,21,31761,6,2005,14,4104,23,22365,20,26469,California
Lake,2021-05-30,22,46958,6,13176,14,31775,2,2007,12,4108,10,22375,14,26483,California
Lake,2021-05-31,63,47021,21,13197,40,31815,2,2009,53,4153,10,22385,55,26538,California
Lake,2021-06-01,196,47217,36,13233,151,31966,9,2018,68,4103,127,22512,77,26615,California
Lake,2021-06-02,132,47349,45,13278,75,32041,12,2030,54,4091,78,22590,66,26681,California
Lake,2021-06-03,183,47532,55,13333,109,32150,19,2049,79,4085,104,22694,98,26779,California
Lake,2021-06-04,180,47712,51,13384,114,32264,15,2064,45,4012,133,22827,60,26839,California
Lake,2021-06-05,93,47805,57,13441,28,32292,8,2072,55,4037,38,22865,63,26902,California
Lake,2021-06-06,67,47872,37,13478,30,32322,0,2072,23,4016,44,22909,23,26925,California
Lake,2021-06-07,88,47960,28,13506,52,32374,8,2080,30,3997,57,22966,38,26963,California
Lake,2021-06-08,181,48141,68,13574,101,32475,12,2092,68,3964,113,23079,80,27043,California
Lake,2021-06-09,174,48315,43,13617,127,32602,4,2096,38,3872,134,23213,42,27085,California
Lake,2021-06-10,126,48441,62,13679,52,32654,12,2108,50,3858,76,23289,62,27147,California
Lake,2021-06-11,208,48649,67,13746,118,32772,23,2131,48,3771,158,23447,71,27218,California
Lake,2021-06-12,67,48716,39,13785,22,32794,6,2137,34,3778,33,23480,40,27258,California
Lake,2021-06-13,28,48744,15,13800,13,32807,0,2137,13,3776,15,23495,13,27271,California
Lake,2021-06-14,178,48922,86,13886,79,32886,13,2150,49,3710,128,23623,62,27333,California
Lake,2021-06-15,243,49165,65,13951,160,33046,18,2168,77,3639,166,23789,95,27428,California
Lake,2021-06-16,161,49326,58,14009,89,33135,14,2182,55,3603,105,23894,69,27497,California
Lake,2021-06-17,177,49503,87,14096,81,33216,9,2191,79,3594,97,23991,88,27585,California
Lake,2021-06-18,126,49629,36,14132,81,33297,9,2200,47,3571,79,24070,56,27641,California
Lake,2021-06-19,66,49695,25,14157,41,33338,0,2200,34,3573,32,24102,34,27675,California
Lake,2021-06-20,22,49717,8,14165,12,33350,2,2202,11,3575,11,24113,13,27688,California
Lake,2021-06-21,54,49771,14,14179,34,33384,6,2208,22,3571,32,24145,28,27716,California
Lassen,2020-12-16,3,3,3,3,0,0,0,0,3,3,0,0,3,3,California
Lassen,2020-12-17,1,4,1,4,0,0,0,0,1,4,0,0,1,4,California
Lassen,2020-12-18,1,5,1,5,0,0,0,0,1,5,0,0,1,5,California
Lassen,2020-12-19,5,10,5,10,0,0,0,0,5,10,0,0,5,10,California
Lassen,2020-12-20,2,12,2,12,0,0,0,0,2,12,0,0,2,12,California
Lassen,2020-12-21,11,23,11,23,0,0,0,0,11,23,0,0,11,23,California
Lassen,2020-12-22,18,41,18,41,0,0,0,0,18,41,0,0,18,41,California
Lassen,2020-12-23,4,45,4,45,0,0,0,0,4,45,0,0,4,45,California
Lassen,2020-12-24,3,48,3,48,0,0,0,0,3,48,0,0,3,48,California
Lassen,2020-12-28,2,50,1,49,1,1,0,0,2,50,0,0,2,50,California
Lassen,2020-12-29,34,84,34,83,0,1,0,0,34,84,0,0,34,84,California
Lassen,2020-12-30,25,109,24,107,1,2,0,0,25,109,0,0,25,109,California
Lassen,2020-12-31,49,158,42,149,7,9,0,0,49,158,0,0,49,158,California
Lassen,2021-01-02,1,159,0,149,1,10,0,0,1,159,0,0,1,159,California
Lassen,2021-01-04,14,173,2,151,12,22,0,0,14,173,0,0,14,173,California
Lassen,2021-01-05,189,362,51,202,138,160,0,0,189,362,0,0,189,362,California
Lassen,2021-01-06,86,448,34,236,52,212,0,0,82,441,4,4,83,445,California
Lassen,2021-01-07,37,485,1,237,36,248,0,0,36,476,1,5,36,481,California
Lassen,2021-01-08,49,534,2,239,47,295,0,0,49,525,0,5,49,530,California
Lassen,2021-01-09,12,546,6,245,6,301,0,0,12,537,0,5,12,542,California
Lassen,2021-01-11,26,572,5,250,21,322,0,0,26,563,0,5,26,568,California
Lassen,2021-01-12,45,617,25,275,20,342,0,0,29,576,16,21,29,597,California
Lassen,2021-01-13,155,772,13,288,142,484,0,0,144,709,11,32,144,741,California
Lassen,2021-01-14,151,923,10,298,141,625,0,0,146,850,5,37,146,887,California
Lassen,2021-01-15,19,942,2,300,17,642,0,0,19,869,0,37,19,906,California
Lassen,2021-01-16,34,976,33,333,1,643,0,0,34,903,0,37,34,940,California
Lassen,2021-01-17,1,977,0,333,1,644,0,0,1,904,0,37,1,941,California
Lassen,2021-01-18,3,980,2,335,1,645,0,0,2,905,1,38,2,943,California
Lassen,2021-01-19,180,1160,32,367,148,793,0,0,153,1031,27,65,153,1096,California
Lassen,2021-01-20,148,1308,87,454,61,854,0,0,76,1050,57,122,76,1172,California
Lassen,2021-01-21,129,1437,86,540,43,897,0,0,105,1137,18,140,105,1277,California
Lassen,2021-01-22,28,1465,15,555,13,910,0,0,18,1145,10,150,18,1295,California
Lassen,2021-01-24,1,1466,0,555,1,911,0,0,1,1146,0,150,1,1296,California
Lassen,2021-01-25,10,1476,1,556,9,920,0,0,9,1154,1,151,9,1305,California
Lassen,2021-01-26,105,1581,1,557,104,1024,0,0,104,1257,1,152,104,1409,California
Lassen,2021-01-27,54,1635,13,570,41,1065,0,0,39,1281,15,167,39,1448,California
Lassen,2021-01-28,73,1708,7,577,66,1131,0,0,72,1352,1,168,72,1520,California
Lassen,2021-01-29,10,1718,2,579,8,1139,0,0,9,1360,1,169,9,1529,California
Lassen,2021-02-01,45,1763,2,581,43,1182,0,0,22,1359,23,192,22,1551,California
Lassen,2021-02-02,165,1928,6,587,159,1341,0,0,34,1262,131,323,34,1585,California
Lassen,2021-02-03,85,2013,13,600,72,1413,0,0,40,1257,45,368,40,1625,California
Lassen,2021-02-04,100,2113,7,607,93,1506,0,0,52,1261,48,416,52,1677,California
Lassen,2021-02-05,49,2162,4,611,45,1551,0,0,12,1236,37,453,12,1689,California
Lassen,2021-02-06,68,2230,33,644,35,1586,0,0,35,1239,32,485,35,1724,California
Lassen,2021-02-07,1,2231,1,645,0,1586,0,0,1,1240,0,485,1,1725,California
Lassen,2021-02-08,37,2268,3,648,34,1620,0,0,12,1227,25,510,12,1737,California
Lassen,2021-02-09,116,2384,2,650,114,1734,0,0,42,1195,74,584,42,1779,California
Lassen,2021-02-10,147,2531,11,661,136,1870,0,0,42,1132,105,689,42,1821,California
Lassen,2021-02-11,147,2678,6,667,141,2011,0,0,53,1092,93,782,53,1874,California
Lassen,2021-02-12,25,2703,5,672,20,2031,0,0,10,1087,15,797,10,1884,California
Lassen,2021-02-13,9,2712,1,673,8,2039,0,0,7,1092,2,799,7,1891,California
Lassen,2021-02-14,12,2724,0,673,12,2051,0,0,11,1102,1,800,11,1902,California
Lassen,2021-02-15,18,2742,2,675,16,2067,0,0,15,1115,2,802,15,1917,California
Lassen,2021-02-16,180,2922,3,678,177,2244,0,0,20,977,158,960,20,1937,California
Lassen,2021-02-17,134,3056,71,749,63,2307,0,0,5,853,129,1089,5,1942,California
Lassen,2021-02-18,57,3113,9,758,48,2355,0,0,12,820,45,1134,12,1954,California
Lassen,2021-02-19,65,3178,50,808,15,2370,0,0,12,779,53,1187,12,1966,California
Lassen,2021-02-20,7,3185,0,808,7,2377,0,0,6,784,1,1188,6,1972,California
Lassen,2021-02-21,20,3205,0,808,20,2397,0,0,17,798,3,1191,17,1989,California
Lassen,2021-02-22,20,3225,10,818,10,2407,0,0,5,788,15,1206,5,1994,California
Lassen,2021-02-23,143,3368,6,824,137,2544,0,0,43,731,100,1306,43,2037,California
Lassen,2021-02-24,127,3495,7,831,120,2664,0,0,85,775,41,1347,85,2122,California
Lassen,2021-02-25,135,3630,13,844,122,2786,0,0,86,812,49,1396,86,2208,California
Lassen,2021-02-26,59,3689,10,854,49,2835,0,0,33,819,26,1422,33,2241,California
Lassen,2021-02-27,7,3696,7,861,0,2835,0,0,3,818,4,1426,3,2244,California
Lassen,2021-02-28,4,3700,1,862,3,2838,0,0,1,816,3,1429,1,2245,California
Lassen,2021-03-01,23,3723,1,863,22,2860,0,0,5,804,17,1446,5,2250,California
Lassen,2021-03-02,97,3820,5,868,92,2952,0,0,77,862,19,1465,77,2327,California
Lassen,2021-03-03,126,3946,4,872,122,3074,0,0,81,898,45,1510,81,2408,California
Lassen,2021-03-04,143,4089,13,885,130,3204,0,0,94,944,48,1558,94,2502,California
Lassen,2021-03-05,38,4127,1,886,13,3217,24,24,6,942,32,1590,30,2532,California
Lassen,2021-03-06,53,4180,2,888,29,3246,22,46,5,921,48,1638,27,2559,California
Lassen,2021-03-07,55,4235,0,888,0,3246,55,101,0,921,55,1693,55,2614,California
Lassen,2021-03-08,84,4319,2,890,4,3250,78,179,1,917,83,1776,79,2693,California
Lassen,2021-03-09,128,4447,4,894,107,3357,17,196,82,970,46,1822,99,2792,California
Lassen,2021-03-10,119,4566,4,898,114,3471,1,197,72,997,46,1868,73,2865,California
Lassen,2021-03-11,160,4726,8,906,146,3617,6,203,93,1032,64,1932,99,2964,California
Lassen,2021-03-12,15,4741,7,913,5,3622,3,206,3,1026,12,1944,6,2970,California
Lassen,2021-03-13,48,4789,0,913,2,3624,46,252,1,1025,47,1991,46,3016,California
Lassen,2021-03-14,11,4800,0,913,10,3634,1,253,1,1017,10,2001,2,3018,California
Lassen,2021-03-15,27,4827,2,915,25,3659,0,253,12,1014,15,2016,12,3030,California
Lassen,2021-03-16,86,4913,2,917,80,3739,4,257,72,1076,14,2030,76,3106,California
Lassen,2021-03-17,1082,5995,7,924,1071,4810,4,261,1066,2130,16,2046,1070,4176,California
Lassen,2021-03-18,81,6076,6,930,74,4884,1,262,74,2198,7,2053,75,4251,California
Lassen,2021-03-19,8,6084,3,933,3,4887,2,264,2,2196,6,2059,4,4255,California
Lassen,2021-03-20,15,6099,3,936,10,4897,2,266,9,2201,6,2065,11,4266,California
Lassen,2021-03-21,33,6132,0,936,33,4930,0,266,13,2195,19,2084,13,4279,California
Lassen,2021-03-22,37,6169,1,937,36,4966,0,266,34,2226,3,2087,34,4313,California
Lassen,2021-03-23,108,6277,5,942,103,5069,0,266,57,2232,51,2138,57,4370,California
Lassen,2021-03-24,163,6440,4,946,158,5227,1,267,82,2236,79,2217,83,4453,California
Lassen,2021-03-25,139,6579,13,959,126,5353,0,267,60,2217,79,2296,60,4513,California
Lassen,2021-03-26,67,6646,4,963,26,5379,37,304,13,2213,53,2349,49,4562,California
Lassen,2021-03-27,18,6664,2,965,1,5380,15,319,2,2214,16,2365,17,4579,California
Lassen,2021-03-28,11,6675,1,966,1,5381,9,328,1,2214,10,2375,10,4589,California
Lassen,2021-03-29,52,6727,0,966,27,5408,25,353,20,2228,31,2406,45,4634,California
Lassen,2021-03-30,159,6886,3,969,133,5541,23,376,49,2190,110,2516,72,4706,California
Lassen,2021-03-31,133,7019,6,975,107,5648,20,396,52,2182,80,2596,72,4778,California
Lassen,2021-04-01,146,7165,6,981,122,5770,18,414,41,2137,104,2700,59,4837,California
Lassen,2021-04-02,24,7189,3,984,2,5772,19,433,1,2134,23,2723,20,4857,California
Lassen,2021-04-03,12,7201,0,984,2,5774,10,443,0,2132,12,2735,10,4867,California
Lassen,2021-04-04,5,7206,1,985,0,5774,4,447,1,2133,4,2739,5,4872,California
Lassen,2021-04-05,15,7221,0,985,9,5783,6,453,8,2140,7,2746,14,4886,California
Lassen,2021-04-06,162,7383,5,990,128,5911,29,482,48,2103,114,2860,77,4963,California
Lassen,2021-04-07,119,7502,5,995,86,5997,28,510,32,2078,87,2947,62,5025,California
Lassen,2021-04-08,153,7655,7,1002,97,6094,49,559,25,2029,123,3070,74,5099,California
Lassen,2021-04-09,39,7694,4,1006,4,6098,31,590,7,2035,31,3101,37,5136,California
Lassen,2021-04-10,8,7702,0,1006,2,6100,6,596,0,2034,7,3108,6,5142,California
Lassen,2021-04-11,4,7706,0,1006,1,6101,3,599,1,2035,3,3111,4,5146,California
Lassen,2021-04-12,29,7735,4,1010,12,6113,13,612,4,2027,25,3136,17,5163,California
Lassen,2021-04-13,112,7847,2,1012,110,6223,0,612,23,1962,88,3224,23,5186,California
Lassen,2021-04-14,976,8823,4,1016,972,7195,0,612,47,1081,928,4152,47,5233,California
Lassen,2021-04-15,131,8954,9,1025,122,7317,0,612,13,976,118,4270,13,5246,California
Lassen,2021-04-16,9,8963,2,1027,7,7324,0,612,5,977,4,4274,5,5251,California
Lassen,2021-04-17,9,8972,2,1029,7,7331,0,612,3,974,6,4280,3,5254,California
Lassen,2021-04-18,4,8976,1,1030,3,7334,0,612,1,972,3,4283,1,5255,California
Lassen,2021-04-19,30,9006,0,1030,30,7364,0,612,15,973,15,4298,16,5271,California
Lassen,2021-04-20,123,9129,5,1035,118,7482,0,612,43,936,80,4378,43,5314,California
Lassen,2021-04-21,126,9255,3,1038,122,7604,1,613,29,871,95,4473,30,5344,California
Lassen,2021-04-22,93,9348,12,1050,81,7685,0,613,25,828,68,4541,25,5369,California
Lassen,2021-04-23,21,9369,0,1050,21,7706,0,613,18,843,3,4544,18,5387,California
Lassen,2021-04-24,9,9378,5,1055,4,7710,0,613,3,840,6,4550,3,5390,California
Lassen,2021-04-25,5,9383,0,1055,4,7714,1,614,3,842,2,4552,4,5394,California
Lassen,2021-04-26,40,9423,1,1056,35,7749,4,618,8,822,32,4584,12,5406,California
Lassen,2021-04-27,101,9524,4,1060,94,7843,3,621,50,824,51,4635,53,5459,California
Lassen,2021-04-28,78,9602,6,1066,70,7913,2,623,27,802,51,4686,29,5488,California
Lassen,2021-04-29,57,9659,5,1071,49,7962,3,626,20,789,36,4722,23,5511,California
Lassen,2021-04-30,12,9671,7,1078,2,7964,3,629,3,786,9,4731,6,5517,California
Lassen,2021-05-01,4,9675,0,1078,3,7967,1,630,3,789,1,4732,4,5521,California
Lassen,2021-05-02,6,9681,2,1080,4,7971,0,630,4,791,2,4734,4,5525,California
Lassen,2021-05-03,15,9696,2,1082,8,7979,5,635,2,785,13,4747,7,5532,California
Lassen,2021-05-04,66,9762,2,1084,58,8037,6,641,19,763,47,4794,25,5557,California
Lassen,2021-05-05,76,9838,3,1087,62,8099,11,652,23,745,52,4846,34,5591,California
Lassen,2021-05-06,65,9903,17,1104,26,8125,22,674,17,736,48,4894,39,5630,California
Lassen,2021-05-07,48,9951,32,1136,11,8136,5,679,41,775,7,4901,46,5676,California
Lassen,2021-05-08,10,9961,0,1136,5,8141,5,684,4,778,6,4907,9,5685,California
Lassen,2021-05-09,1,9962,0,1136,0,8141,1,685,0,778,1,4908,1,5686,California
Lassen,2021-05-10,11,9973,1,1137,6,8147,4,689,4,779,7,4915,8,5694,California
Lassen,2021-05-11,51,10024,0,1137,43,8190,8,697,16,768,35,4950,24,5718,California
Lassen,2021-05-12,40,10064,2,1139,33,8223,5,702,14,761,26,4976,19,5737,California
Lassen,2021-05-13,25,10089,6,1145,14,8237,5,707,8,757,17,4993,13,5750,California
Lassen,2021-05-14,20,10109,3,1148,9,8246,8,715,11,767,9,5002,19,5769,California
Lassen,2021-05-15,15,10124,2,1150,4,8250,9,724,4,769,11,5013,13,5782,California
Lassen,2021-05-16,7,10131,2,1152,3,8253,2,726,2,769,4,5017,4,5786,California
Lassen,2021-05-17,34,10165,3,1155,19,8272,12,738,10,767,24,5041,22,5808,California
Lassen,2021-05-18,79,10244,5,1160,62,8334,12,750,23,746,56,5097,35,5843,California
Lassen,2021-05-19,50,10294,1,1161,41,8375,8,758,6,716,43,5140,13,5856,California
Lassen,2021-05-20,29,10323,5,1166,15,8390,9,767,9,714,20,5160,18,5874,California
Lassen,2021-05-21,63,10386,29,1195,20,8410,14,781,34,733,29,5189,48,5922,California
Lassen,2021-05-22,16,10402,1,1196,7,8417,8,789,6,737,10,5199,14,5936,California
Lassen,2021-05-23,3,10405,1,1197,1,8418,1,790,0,735,3,5202,1,5937,California
Lassen,2021-05-24,12,10417,1,1198,9,8427,2,792,6,738,5,5207,8,5945,California
Lassen,2021-05-25,84,10501,6,1204,69,8496,9,801,31,725,53,5260,40,5985,California
Lassen,2021-05-26,55,10556,0,1204,40,8536,15,816,11,707,44,5304,26,6011,California
Lassen,2021-05-27,41,10597,16,1220,19,8555,6,822,12,697,28,5332,18,6029,California
Lassen,2021-05-28,72,10669,46,1266,18,8573,8,830,31,695,41,5373,39,6068,California
Lassen,2021-05-29,15,10684,1,1267,12,8585,2,832,9,700,6,5379,11,6079,California
Lassen,2021-05-30,2,10686,0,1267,1,8586,1,833,1,701,1,5380,2,6081,California
Lassen,2021-05-31,7,10693,0,1267,6,8592,1,834,1,697,6,5386,2,6083,California
Lassen,2021-06-01,43,10736,1,1268,36,8628,6,840,16,692,27,5413,22,6105,California
Lassen,2021-06-02,47,10783,2,1270,32,8660,13,853,11,681,35,5448,24,6129,California
Lassen,2021-06-03,18,10801,1,1271,8,8668,9,862,5,682,13,5461,14,6143,California
Lassen,2021-06-04,35,10836,1,1272,22,8690,12,874,11,681,24,5485,23,6166,California
Lassen,2021-06-05,13,10849,3,1275,7,8697,3,877,4,679,9,5494,7,6173,California
Lassen,2021-06-06,4,10853,0,1275,1,8698,3,880,1,680,3,5497,4,6177,California
Lassen,2021-06-07,17,10870,0,1275,9,8707,8,888,3,677,14,5511,11,6188,California
Lassen,2021-06-08,33,10903,3,1278,26,8733,4,892,14,676,19,5530,18,6206,California
Lassen,2021-06-09,18,10921,1,1279,15,8748,2,894,7,675,10,5540,9,6215,California
Lassen,2021-06-10,15,10936,8,1287,5,8753,2,896,8,678,7,5547,10,6225,California
Lassen,2021-06-11,39,10975,26,1313,13,8766,0,896,11,662,28,5575,12,6237,California
Lassen,2021-06-12,5,10980,1,1314,4,8770,0,896,1,659,4,5579,1,6238,California
Lassen,2021-06-13,3,10983,2,1316,1,8771,0,896,1,658,2,5581,1,6239,California
Lassen,2021-06-14,9,10992,1,1317,6,8777,2,898,3,658,5,5586,5,6244,California
Lassen,2021-06-15,47,11039,5,1322,37,8814,5,903,15,646,32,5618,20,6264,California
Lassen,2021-06-16,11,11050,1,1323,6,8820,4,907,7,653,4,5622,11,6275,California
Lassen,2021-06-17,21,11071,9,1332,8,8828,4,911,10,656,11,5633,14,6289,California
Lassen,2021-06-18,44,11115,18,1350,18,8846,8,919,9,638,35,5668,17,6306,California
Lassen,2021-06-19,12,11127,1,1351,10,8856,1,920,5,637,7,5675,6,6312,California
Lassen,2021-06-20,6,11133,2,1353,3,8859,1,921,5,642,1,5676,6,6318,California
Lassen,2021-06-21,6,11139,0,1353,5,8864,1,922,2,641,4,5680,3,6321,California
Los Angeles,2020-12-15,398,398,398,398,0,0,0,0,398,398,0,0,398,398,California
Los Angeles,2020-12-16,3591,3989,3591,3989,0,0,0,0,3591,3989,0,0,3591,3989,California
Los Angeles,2020-12-17,10427,14416,10427,14416,0,0,0,0,10428,14417,0,0,10428,14417,California
Los Angeles,2020-12-18,14820,29236,14797,29213,23,23,0,0,14819,29236,0,0,14819,29236,California
Los Angeles,2020-12-19,7316,36552,7306,36519,10,33,0,0,7319,36555,0,0,7319,36555,California
Los Angeles,2020-12-20,4678,41230,4668,41187,10,43,0,0,4680,41235,0,0,4680,41235,California
Los Angeles,2020-12-21,13787,55017,13770,54957,17,60,0,0,13787,55021,1,1,13787,55022,California
Los Angeles,2020-12-22,11589,66606,11195,66152,394,454,0,0,11588,66607,2,3,11588,66610,California
Los Angeles,2020-12-23,12009,78615,10227,76379,1782,2236,0,0,12010,78617,0,3,12010,78620,California
Los Angeles,2020-12-24,7066,85681,4285,80664,2781,5017,0,0,7069,85686,0,3,7069,85689,California
Los Angeles,2020-12-25,532,86213,425,81089,107,5124,0,0,533,86219,0,3,533,86222,California
Los Angeles,2020-12-26,2547,88760,2197,83286,350,5474,0,0,2546,88763,2,5,2546,88768,California
Los Angeles,2020-12-27,1782,90542,1042,84328,740,6214,0,0,1782,90545,0,5,1782,90550,California
Los Angeles,2020-12-28,10396,100938,6440,90768,3956,10170,0,0,10393,100937,1,6,10393,100943,California
Los Angeles,2020-12-29,11685,112623,6122,96890,5563,15733,0,0,11684,112620,1,7,11684,112627,California
Los Angeles,2020-12-30,14961,127584,8136,105026,6825,22558,0,0,14960,127580,0,7,14960,127587,California
Los Angeles,2020-12-31,8014,135598,2782,107808,5232,27790,0,0,8010,135587,3,10,8010,135597,California
Los Angeles,2021-01-01,1093,136691,320,108128,773,28563,0,0,1091,136676,2,12,1091,136688,California
Los Angeles,2021-01-02,4511,141202,1686,109814,2825,31388,0,0,4511,141187,0,12,4511,141199,California
Los Angeles,2021-01-03,977,142179,230,110044,747,32135,0,0,975,142160,2,14,975,142174,California
Los Angeles,2021-01-04,12799,154978,4910,114954,7889,40024,0,0,12773,154921,12,26,12773,154947,California
Los Angeles,2021-01-05,16169,171147,7139,122093,9030,49054,0,0,14219,167227,1920,1946,14226,169173,California
Los Angeles,2021-01-06,22839,193986,12147,134240,10692,59746,0,0,17129,178725,5641,7587,17139,186312,California
Los Angeles,2021-01-07,29658,223644,15976,150216,13682,73428,0,0,18902,186934,10709,18296,18918,205230,California
Los Angeles,2021-01-08,33327,256971,18008,168224,15319,88747,0,0,21006,195656,12294,30590,21016,226246,California
Los Angeles,2021-01-09,12479,269450,7126,175350,5353,94100,0,0,7577,198342,4899,35489,7585,233831,California
Los Angeles,2021-01-10,4716,274166,3656,179006,1060,95160,0,0,1970,197567,2746,38235,1971,235802,California
Los Angeles,2021-01-11,25980,300146,16333,195339,9647,104807,0,0,14987,201584,10981,49216,14998,250800,California
Los Angeles,2021-01-12,29523,329669,16271,211610,13252,118059,0,0,19336,210762,10171,59387,19349,270149,California
Los Angeles,2021-01-13,29487,359156,15709,227319,13778,131837,0,0,20477,222254,8992,68379,20484,290633,California
Los Angeles,2021-01-14,29452,388608,12774,240093,16678,148515,0,0,23884,240605,5546,73925,23897,314530,California
Los Angeles,2021-01-15,34117,422725,12435,252528,21682,170197,0,0,30506,267535,3585,77510,30515,345045,California
Los Angeles,2021-01-16,17746,440471,5017,257545,12729,182926,0,0,15944,281694,1793,79303,15952,360997,California
Los Angeles,2021-01-17,5282,445753,2358,259903,2924,185850,0,0,5024,286464,256,79559,5026,366023,California
Los Angeles,2021-01-18,15797,461550,10172,270075,5625,191475,0,0,11033,292750,4752,84311,11038,377061,California
Los Angeles,2021-01-19,38842,500392,20688,290763,18154,209629,0,0,30985,315935,7815,92126,31000,408061,California
Los Angeles,2021-01-20,46804,547196,24327,315090,22477,232106,0,0,39259,347696,7511,99637,39272,447333,California
Los Angeles,2021-01-21,49295,596491,22584,337674,26711,258817,0,0,44947,388382,4278,103915,44964,492297,California
Los Angeles,2021-01-22,48778,645269,22540,360214,26238,285055,0,0,45285,430242,3443,107358,45303,537600,California
Los Angeles,2021-01-23,34489,679758,15893,376107,18596,303651,0,0,32388,460578,2070,109428,32406,570006,California
Los Angeles,2021-01-24,15848,695606,12261,388368,3587,307238,0,0,15290,475322,549,109977,15293,585299,California
Los Angeles,2021-01-25,39857,735463,16834,405202,23023,330261,0,0,31152,497819,8672,118649,31169,616468,California
Los Angeles,2021-01-26,50234,785697,24993,430195,25241,355502,0,0,41935,531518,8261,126910,41960,658428,California
Los Angeles,2021-01-27,51694,837391,26327,456522,25367,380869,0,0,42208,564410,9342,136252,42234,700662,California
Los Angeles,2021-01-28,49750,887141,23896,480418,25854,406723,0,0,41170,597143,8456,144708,41189,741851,California
Los Angeles,2021-01-29,50322,937463,26020,506438,24302,431025,0,0,40138,627474,9824,154532,40155,782006,California
Los Angeles,2021-01-30,30843,968306,15983,522421,14860,445885,0,0,26500,649720,4260,158792,26506,808512,California
Los Angeles,2021-01-31,13542,981848,10738,533159,2804,448689,0,0,12630,661458,896,159688,12634,821146,California
Los Angeles,2021-02-01,39109,1020957,16771,549930,22338,471027,0,0,28474,679352,10593,170281,28487,849633,California
Los Angeles,2021-02-02,45243,1066200,18306,568236,26937,497964,0,0,32951,700066,12246,182527,32960,882593,California
Los Angeles,2021-02-03,52752,1118952,19856,588092,32896,530860,0,0,37726,723030,14780,197307,37744,920337,California
Los Angeles,2021-02-04,57678,1176630,20983,609075,36695,567555,0,0,39504,744706,17862,215169,39538,959875,California
Los Angeles,2021-02-05,62111,1238741,21433,630508,40678,608233,0,0,39901,762878,21760,236929,39932,999807,California
Los Angeles,2021-02-06,36164,1274905,13797,644305,22367,630600,0,0,27629,782075,8455,245384,27652,1027459,California
Los Angeles,2021-02-07,11314,1286219,8814,653119,2500,633100,0,0,8904,788593,2393,247777,8911,1036370,California
Los Angeles,2021-02-08,47889,1334108,22468,675587,25421,658521,0,0,31532,803917,16215,263992,31539,1067909,California
Los Angeles,2021-02-09,56340,1390448,24990,700577,31350,689871,0,0,28722,805123,27531,291523,28737,1096646,California
Los Angeles,2021-02-10,67405,1457853,29587,730164,37818,727689,0,0,30915,799958,36102,327625,30937,1127583,California
Los Angeles,2021-02-11,58780,1516633,31459,761623,27321,755010,0,0,28443,798532,29880,357505,28454,1156037,California
Los Angeles,2021-02-12,60310,1576943,30094,791717,30216,785226,0,0,26367,791372,33566,391071,26406,1182443,California
Los Angeles,2021-02-13,34010,1610953,19841,811558,14169,799395,0,0,15478,788464,18440,409511,15532,1197975,California
Los Angeles,2021-02-14,21913,1632866,14946,826504,6967,806362,0,0,8813,784250,13036,422547,8822,1206797,California
Los Angeles,2021-02-15,33248,1666114,16214,842718,17034,823396,0,0,18150,787387,15029,437576,18166,1224963,California
Los Angeles,2021-02-16,64853,1730967,33123,875841,31730,855126,0,0,29961,782577,34788,472364,29978,1254941,California
Los Angeles,2021-02-17,65622,1796589,35113,910954,30509,885635,0,0,26567,770307,38852,511216,26582,1281523,California
Los Angeles,2021-02-18,69324,1865913,35421,946375,33903,919538,0,0,28740,758676,40391,551607,28760,1310283,California
Los Angeles,2021-02-19,59165,1925078,36597,982972,22568,942106,0,0,28780,757205,30271,581878,28800,1339083,California
Los Angeles,2021-02-20,33546,1958624,24498,1007470,9048,951154,0,0,16024,755787,17467,599345,16049,1355132,California
Los Angeles,2021-02-21,22838,1981462,21133,1028603,1705,952859,0,0,11218,755457,11553,610898,11223,1366355,California
Los Angeles,2021-02-22,35274,2016736,25723,1054326,9551,962410,0,0,18112,756515,17076,627974,18134,1384489,California
Los Angeles,2021-02-23,55615,2072351,24142,1078468,31473,993883,0,0,21734,744525,33753,661727,21763,1406252,California
Los Angeles,2021-02-24,65658,2138009,29290,1107758,36368,1030251,0,0,28216,735521,37258,698985,28254,1434506,California
Los Angeles,2021-02-25,74842,2212851,34301,1142059,40541,1070792,0,0,38428,737747,36238,735223,38464,1472970,California
Los Angeles,2021-02-26,84452,2297303,39145,1181204,45307,1116099,0,0,47232,748047,36980,772203,47280,1520250,California
Los Angeles,2021-02-27,60980,2358283,26995,1208199,33978,1150077,7,7,30996,749278,29810,802013,31041,1551291,California
Los Angeles,2021-02-28,27371,2385654,18921,1227120,8447,1158524,3,10,19028,760093,8233,810246,19048,1570339,California
Los Angeles,2021-03-01,57987,2443641,33110,1260230,24837,1183361,40,50,34525,771441,23253,833499,34601,1604940,California
Los Angeles,2021-03-02,78441,2522082,38109,1298339,40326,1223687,6,56,49344,791881,28943,862442,49383,1654323,California
Los Angeles,2021-03-03,86224,2608306,44209,1342548,41998,1265685,17,73,54559,815017,31473,893915,54609,1708932,California
Los Angeles,2021-03-04,91880,2700186,47035,1389583,44830,1310515,15,88,58065,839515,33624,927539,58122,1767054,California
Los Angeles,2021-03-05,90882,2791068,44824,1434407,46025,1356540,33,121,60718,870384,29951,957490,60820,1827874,California
Los Angeles,2021-03-06,67676,2858744,34497,1468904,31347,1387887,1832,1953,43607,891922,23919,981409,45457,1873331,California
Los Angeles,2021-03-07,27401,2886145,20859,1489763,5704,1393591,838,2791,21189,907779,6178,987587,22035,1895366,California
Los Angeles,2021-03-08,54245,2940390,29154,1518917,23112,1416703,1979,4770,40939,937516,13191,1000778,42928,1938294,California
Los Angeles,2021-03-09,81794,3022184,38867,1557784,39627,1456330,3300,8070,52030,963237,29609,1030387,55330,1993624,California
Los Angeles,2021-03-10,83450,3105634,41040,1598824,37519,1493849,4891,12961,52756,990343,30508,1060895,57614,2051238,California
Los Angeles,2021-03-11,93172,3198806,45514,1644338,40912,1534761,6746,19707,54471,1013033,38491,1099386,61181,2112419,California
Los Angeles,2021-03-12,99356,3298162,44761,1689099,40661,1575422,13934,33641,57834,1043451,41304,1140690,71722,2184141,California
Los Angeles,2021-03-13,76037,3374199,35912,1725011,28144,1603566,11981,45622,45376,1070231,30540,1171230,57320,2241461,California
Los Angeles,2021-03-14,39277,3413476,26376,1751387,10342,1613908,2559,48181,24078,1081731,15122,1186352,26622,2268083,California
Los Angeles,2021-03-15,75405,3488881,36934,1788321,33012,1646920,5459,53640,45585,1103131,29621,1215973,51021,2319104,California
Los Angeles,2021-03-16,100215,3589096,43892,1832213,50434,1697354,5889,59529,64815,1138602,35189,1251162,70660,2389764,California
Los Angeles,2021-03-17,97708,3686804,44386,1876599,44986,1742340,8336,67865,65349,1180004,32139,1283301,73541,2463305,California
Los Angeles,2021-03-18,103168,3789972,49292,1925891,48290,1790630,5586,73451,65169,1213056,37688,1320989,70740,2534045,California
Los Angeles,2021-03-19,109485,3899457,57098,1982989,47601,1838231,4786,78237,67424,1243439,41778,1362767,72161,2606206,California
Los Angeles,2021-03-20,76711,3976168,37895,2020884,34226,1872457,4590,82827,52032,1275561,24484,1387251,56606,2662812,California
Los Angeles,2021-03-21,34767,4010935,25853,2046737,8012,1880469,902,83729,22253,1286328,12387,1399638,23154,2685966,California
Los Angeles,2021-03-22,71119,4082054,41800,2088537,27145,1907614,2174,85903,49817,1317290,21025,1420663,51987,2737953,California
Los Angeles,2021-03-23,96748,4178802,52353,2140890,41151,1948765,3244,89147,58469,1340989,38001,1458664,61700,2799653,California
Los Angeles,2021-03-24,105286,4284088,55856,2196746,46257,1995022,3173,92320,60444,1360090,44504,1503168,63605,2863258,California
Los Angeles,2021-03-25,111082,4395170,59529,2256275,47643,2042665,3910,96230,62282,1377785,48482,1551650,66177,2929435,California
Los Angeles,2021-03-26,115713,4510883,63410,2319685,48062,2090727,4241,100471,63662,1393908,51749,1603399,67872,2997307,California
Los Angeles,2021-03-27,83807,4594690,44121,2363806,37547,2128274,2139,102610,42669,1397857,40861,1644260,44810,3042117,California
Los Angeles,2021-03-28,42345,4637035,28722,2392528,13038,2141312,585,103195,20093,1396416,22121,1666381,20680,3062797,California
Los Angeles,2021-03-29,83291,4720326,46824,2439352,34694,2176006,1773,104968,46165,1407452,36904,1703285,47940,3110737,California
Los Angeles,2021-03-30,109221,4829547,52072,2491424,51201,2227207,5948,110916,56944,1418280,52029,1755314,62857,3173594,California
Los Angeles,2021-03-31,123029,4952576,62161,2553585,52018,2279225,8850,119766,68388,1441147,54310,1809624,77177,3250771,California
Los Angeles,2021-04-01,133861,5086437,62605,2616190,55773,2334998,15483,135249,71646,1466351,61844,1871468,87048,3337819,California
Los Angeles,2021-04-02,132714,5219151,59141,2675331,57965,2392963,15608,150857,70456,1490459,61905,1933373,86013,3423832,California
Los Angeles,2021-04-03,98996,5318147,45353,2720684,39964,2432927,13679,164536,48708,1502689,50086,1983459,62316,3486148,California
Los Angeles,2021-04-04,39322,5357469,20590,2741274,12080,2445007,6652,171188,16383,1502837,22845,2006304,22993,3509141,California
Los Angeles,2021-04-05,94324,5451793,44589,2785863,39395,2484402,10340,181528,44481,1507964,49623,2055927,54750,3563891,California
Los Angeles,2021-04-06,121647,5573440,57269,2843132,43998,2528400,20380,201908,55659,1518157,65718,2121645,75911,3639802,California
Los Angeles,2021-04-07,120825,5694265,54760,2897892,44776,2573176,21289,223197,54530,1527821,66017,2187662,75681,3715483,California
Los Angeles,2021-04-08,133633,5827898,58726,2956618,50653,2623829,24254,247451,60091,1538795,73200,2260862,84174,3799657,California
Los Angeles,2021-04-09,132491,5960389,57374,3013992,51001,2674830,24116,271567,56668,1543919,75493,2336355,80617,3880274,California
Los Angeles,2021-04-10,102096,6062485,43140,3057132,34729,2709559,24227,295794,37358,1540886,64478,2400833,61445,3941719,California
Los Angeles,2021-04-11,42010,6104495,22698,3079830,9864,2719423,9448,305242,14450,1537249,27470,2428303,23833,3965552,California
Los Angeles,2021-04-12,79540,6184035,38807,3118637,34302,2753725,6431,311673,32558,1529424,46754,2475057,38929,4004481,California
Los Angeles,2021-04-13,118310,6302345,59450,3178087,58423,2812148,437,312110,62438,1536713,55599,2530656,62888,4067369,California
Los Angeles,2021-04-14,120124,6422469,59988,3238075,60001,2872149,135,312245,65065,1547162,54767,2585423,65216,4132585,California
Los Angeles,2021-04-15,131371,6553840,70864,3308939,60311,2932460,196,312441,75186,1566554,55873,2641296,75265,4207850,California
Los Angeles,2021-04-16,131698,6685538,69488,3378427,62064,2994524,146,312587,69481,1574261,61866,2703162,69573,4277423,California
Los Angeles,2021-04-17,99637,6785175,52148,3430575,47459,3041983,30,312617,57054,1589015,42331,2745493,57085,4334508,California
Los Angeles,2021-04-18,34547,6819722,22918,3453493,11628,3053611,1,312618,18967,1592506,15491,2760984,18982,4353490,California
Los Angeles,2021-04-19,77131,6896853,40377,3493870,36736,3090347,18,312636,34653,1584971,42260,2803244,34725,4388215,California
Los Angeles,2021-04-20,103704,7000557,50517,3544387,53157,3143504,30,312666,51500,1584617,51937,2855181,51583,4439798,California
Los Angeles,2021-04-21,111317,7111874,53066,3597453,58062,3201566,189,312855,49337,1572553,61621,2916802,49557,4489355,California
Los Angeles,2021-04-22,116725,7228599,59825,3657278,56867,3258433,33,312888,51427,1559073,64952,2981754,51472,4540827,California
Los Angeles,2021-04-23,116221,7344820,63073,3720351,53127,3311560,21,312909,55466,1554134,60434,3042188,55495,4596322,California
Los Angeles,2021-04-24,90422,7435242,57468,3777819,32912,3344472,42,312951,50478,1564964,39703,3081891,50533,4646855,California
Los Angeles,2021-04-25,37995,7473237,25151,3802970,12838,3357310,6,312957,20435,1567966,17439,3099330,20441,4667296,California
Los Angeles,2021-04-26,78168,7551405,40367,3843337,37290,3394600,511,313468,38586,1567706,39356,3138686,39096,4706392,California
Los Angeles,2021-04-27,94458,7645863,45056,3888393,47396,3441996,2006,315474,36493,1548526,57668,3196354,38488,4744880,California
Los Angeles,2021-04-28,86533,7732396,41293,3929686,43145,3485141,2095,317569,34165,1532790,52019,3248373,36283,4781163,California
Los Angeles,2021-04-29,93131,7825527,45930,3975616,44982,3530123,2219,319788,33602,1509479,59126,3307499,35815,4816978,California
Los Angeles,2021-04-30,101370,7926897,49742,4025358,49170,3579293,2458,322246,37043,1485092,63876,3371375,39489,4856467,California
Los Angeles,2021-05-01,75551,8002448,42226,4067584,31807,3611100,1518,323764,28433,1468245,46795,3418170,29948,4886415,California
Los Angeles,2021-05-02,28082,8030530,18031,4085615,9310,3620410,741,324505,10188,1461401,17776,3435946,10932,4897347,California
Los Angeles,2021-05-03,62393,8092923,30211,4115826,29946,3650356,2236,326741,22598,1446687,39531,3475477,24817,4922164,California
Los Angeles,2021-05-04,87041,8179964,47837,4163663,36904,3687260,2300,329041,27345,1416938,59380,3534857,29631,4951795,California
Los Angeles,2021-05-05,90009,8269973,52098,4215761,35520,3722780,2391,331432,25001,1379667,64654,3599511,27383,4979178,California
Los Angeles,2021-05-06,96958,8366931,58042,4273803,36396,3759176,2520,333952,23054,1331704,73523,3673034,25560,5004738,California
Los Angeles,2021-05-07,97614,8464545,57544,4331347,37690,3796866,2380,336332,26879,1290575,70363,3743397,29234,5033972,California
Los Angeles,2021-05-08,65045,8529590,42633,4373980,20717,3817583,1695,338027,17683,1262916,47032,3790429,19373,5053345,California
Los Angeles,2021-05-09,23730,8553320,18066,4392046,4922,3822505,742,338769,6023,1252063,17610,3808039,6757,5060102,California
Los Angeles,2021-05-10,49463,8602783,25977,4418023,21599,3844104,1887,340656,15000,1234712,34230,3842269,16879,5076981,California
Los Angeles,2021-05-11,69691,8672474,37337,4455360,30218,3874322,2136,342792,18294,1203992,51130,3893399,20410,5097391,California
Los Angeles,2021-05-12,71151,8743625,38737,4494097,30133,3904455,2281,345073,20526,1176457,50318,3943717,22783,5120174,California
Los Angeles,2021-05-13,77145,8820770,46140,4540237,29279,3933734,1726,346799,27767,1156953,48985,3992702,29481,5149655,California
Los Angeles,2021-05-14,87376,8908146,55283,4595520,30257,3963991,1836,348635,32968,1137685,54064,4046766,34796,5184451,California
Los Angeles,2021-05-15,75082,8983228,52526,4648046,21046,3985037,1510,350145,28881,1122141,45923,4092689,30379,5214830,California
Los Angeles,2021-05-16,30547,9013775,24149,4672195,5788,3990825,610,350755,12009,1116315,18440,4111129,12614,5227444,California
Los Angeles,2021-05-17,61898,9075673,40065,4712260,20047,4010872,1786,352541,25158,1106738,36494,4147623,26917,5254361,California
Los Angeles,2021-05-18,64911,9140584,38279,4750539,24793,4035665,1839,354380,25783,1095467,38859,4186482,27588,5281949,California
Los Angeles,2021-05-19,67417,9208001,40644,4791183,24931,4060596,1842,356222,29353,1088845,37800,4224282,31178,5313127,California
Los Angeles,2021-05-20,66127,9274128,36889,4828072,27157,4087753,2081,358303,25570,1076306,40182,4264464,27643,5340770,California
Los Angeles,2021-05-21,69937,9344065,42397,4870469,25463,4113216,2077,360380,27688,1064176,41880,4306344,29750,5370520,California
Los Angeles,2021-05-22,57088,9401153,37203,4907672,18231,4131447,1654,362034,23188,1055341,33662,4340006,24827,5395347,California
Los Angeles,2021-05-23,23468,9424621,16153,4923825,6473,4137920,842,362876,10503,1053842,12841,4352847,11342,5406689,California
Los Angeles,2021-05-24,48376,9472997,26503,4950328,20021,4157941,1852,364728,18335,1044202,29813,4382660,20173,5426862,California
Los Angeles,2021-05-25,49699,9522696,28779,4979107,19151,4177092,1769,366497,19327,1035175,30118,4412778,21091,5447953,California
Los Angeles,2021-05-26,47023,9569719,26579,5005686,18607,4195699,1837,368334,19966,1030224,26638,4439416,21687,5469640,California
Los Angeles,2021-05-27,45444,9615163,25410,5031096,18203,4213902,1831,370165,19107,1025054,26094,4465510,20924,5490564,California
Los Angeles,2021-05-28,52176,9667339,29592,5060688,20688,4234590,1896,372061,23368,1021793,28514,4494024,25253,5515817,California
Los Angeles,2021-05-29,30374,9697713,17547,5078235,11784,4246374,1043,373104,14275,1021194,15908,4509932,15309,5531126,California
Los Angeles,2021-05-30,12477,9710190,8184,5086419,3562,4249936,731,373835,5928,1021352,6494,4516426,6652,5537778,California
Los Angeles,2021-05-31,6038,9716228,3734,5090153,1999,4251935,305,374140,1737,1019148,4243,4520669,2039,5539817,California
Los Angeles,2021-06-01,46111,9762339,25863,5116016,18676,4270611,1572,375712,17644,1010213,28127,4548796,19192,5559009,California
Los Angeles,2021-06-02,38419,9800758,22170,5138186,14799,4285410,1450,377162,15366,1004227,22775,4571571,16789,5575798,California
Los Angeles,2021-06-03,42702,9843460,28274,5166460,12872,4298282,1556,378718,15201,993732,27235,4598806,16740,5592538,California
Los Angeles,2021-06-04,52184,9895644,35252,5201712,15262,4313544,1670,380388,17367,978276,34472,4633278,19016,5611554,California
Los Angeles,2021-06-05,42374,9938018,30382,5232094,10618,4324162,1374,381762,12799,963050,29387,4662665,14161,5625715,California
Los Angeles,2021-06-06,14612,9952630,12057,5244151,1824,4325986,731,382493,4092,957415,10453,4673118,4818,5630533,California
Los Angeles,2021-06-07,36823,9989453,26290,5270441,9086,4335072,1447,383940,11839,945898,24788,4697906,13271,5643804,California
Los Angeles,2021-06-08,38263,10027716,26375,5296816,10321,4345393,1567,385507,13020,935519,24952,4722858,14573,5658377,California
Los Angeles,2021-06-09,39729,10067445,28064,5324880,10150,4355543,1515,387022,11782,921094,27701,4750559,13276,5671653,California
Los Angeles,2021-06-10,36462,10103907,25234,5350114,9634,4365177,1594,388616,11546,909522,24695,4775254,13123,5684776,California
Los Angeles,2021-06-11,40986,10144893,28091,5378205,11237,4376414,1658,390274,13502,897477,27191,4802445,15146,5699922,California
Los Angeles,2021-06-12,33095,10177988,23818,5402023,8063,4384477,1214,391488,10231,886207,22703,4825148,11433,5711355,California
Los Angeles,2021-06-13,11444,10189432,8182,5410205,2627,4387104,635,392123,2731,880919,8648,4833796,3360,5714715,California
Los Angeles,2021-06-14,32259,10221691,23185,5433390,7722,4394826,1352,393475,11533,873245,20543,4854339,12869,5727584,California
Los Angeles,2021-06-15,33595,10255286,22547,5455937,9368,4404194,1680,395155,11712,865079,21532,4875871,13366,5740950,California
Los Angeles,2021-06-16,32025,10287311,22156,5478093,8168,4412362,1701,396856,11241,857452,20563,4896434,12936,5753886,California
Los Angeles,2021-06-17,28121,10315432,19026,5497119,7756,4420118,1339,398195,10505,851910,17372,4913806,11830,5765716,California
Los Angeles,2021-06-18,33390,10348822,23076,5520195,8760,4428878,1554,399749,12013,844440,21020,4934826,13550,5779266,California
Los Angeles,2021-06-19,21049,10369871,14285,5534480,5670,4434548,1094,400843,8046,840826,12738,4947564,9124,5788390,California
Los Angeles,2021-06-20,8401,10378272,5911,5540391,2006,4436554,484,401327,3056,839092,5270,4952834,3536,5791926,California
Los Angeles,2021-06-21,8731,10387003,5039,5545430,2932,4439486,760,402087,4367,839901,4304,4957138,5113,5797039,California
Madera,2020-12-16,21,21,21,21,0,0,0,0,21,21,0,0,21,21,California
Madera,2020-12-17,12,33,12,33,0,0,0,0,12,33,0,0,12,33,California
Madera,2020-12-18,60,93,60,93,0,0,0,0,60,93,0,0,60,93,California
Madera,2020-12-19,5,98,5,98,0,0,0,0,5,98,0,0,5,98,California
Madera,2020-12-20,12,110,12,110,0,0,0,0,12,110,0,0,12,110,California
Madera,2020-12-21,59,169,59,169,0,0,0,0,59,169,0,0,59,169,California
Madera,2020-12-22,94,263,92,261,2,2,0,0,94,263,0,0,94,263,California
Madera,2020-12-23,67,330,67,328,0,2,0,0,67,330,0,0,67,330,California
Madera,2020-12-24,43,373,38,366,5,7,0,0,43,373,0,0,43,373,California
Madera,2020-12-26,27,400,26,392,1,8,0,0,27,400,0,0,27,400,California
Madera,2020-12-27,27,427,12,404,15,23,0,0,27,427,0,0,27,427,California
Madera,2020-12-28,107,534,36,440,71,94,0,0,107,534,0,0,107,534,California
Madera,2020-12-29,175,709,37,477,138,232,0,0,175,709,0,0,175,709,California
Madera,2020-12-30,224,933,87,564,137,369,0,0,224,933,0,0,224,933,California
Madera,2020-12-31,203,1136,80,644,123,492,0,0,203,1136,0,0,203,1136,California
Madera,2021-01-01,2,1138,1,645,1,493,0,0,2,1138,0,0,2,1138,California
Madera,2021-01-02,88,1226,33,678,55,548,0,0,88,1226,0,0,88,1226,California
Madera,2021-01-03,4,1230,4,682,0,548,0,0,4,1230,0,0,4,1230,California
Madera,2021-01-04,129,1359,66,748,63,611,0,0,129,1359,0,0,129,1359,California
Madera,2021-01-05,278,1637,143,891,135,746,0,0,274,1629,4,4,274,1633,California
Madera,2021-01-06,183,1820,26,917,157,903,0,0,164,1774,19,23,164,1797,California
Madera,2021-01-07,399,2219,117,1034,282,1185,0,0,376,2128,23,46,377,2174,California
Madera,2021-01-08,421,2640,71,1105,350,1535,0,0,366,2441,54,100,367,2541,California
Madera,2021-01-09,36,2676,14,1119,22,1557,0,0,27,2459,9,109,27,2568,California
Madera,2021-01-10,16,2692,13,1132,3,1560,0,0,5,2453,11,120,5,2573,California
Madera,2021-01-11,236,2928,189,1321,47,1607,0,0,195,2607,41,161,195,2768,California
Madera,2021-01-12,387,3315,155,1476,232,1839,0,0,285,2790,102,263,285,3053,California
Madera,2021-01-13,180,3495,90,1566,90,1929,0,0,126,2863,54,317,127,3180,California
Madera,2021-01-14,552,4047,80,1646,472,2401,0,0,520,3351,32,349,520,3700,California
Madera,2021-01-15,597,4644,156,1802,441,2842,0,0,576,3906,21,370,576,4276,California
Madera,2021-01-16,388,5032,49,1851,339,3181,0,0,360,4238,28,398,360,4636,California
Madera,2021-01-17,337,5369,15,1866,322,3503,0,0,333,4567,4,402,333,4969,California
Madera,2021-01-18,79,5448,63,1929,16,3519,0,0,60,4609,18,420,60,5029,California
Madera,2021-01-19,569,6017,131,2060,438,3957,0,0,543,5127,26,446,544,5573,California
Madera,2021-01-20,238,6255,81,2141,157,4114,0,0,209,5308,28,474,209,5782,California
Madera,2021-01-21,238,6493,128,2269,110,4224,0,0,204,5480,32,506,204,5986,California
Madera,2021-01-22,259,6752,82,2351,177,4401,0,0,243,5707,16,522,243,6229,California
Madera,2021-01-23,100,6852,54,2405,46,4447,0,0,76,5759,24,546,76,6305,California
Madera,2021-01-24,97,6949,81,2486,16,4463,0,0,78,5818,19,565,78,6383,California
Madera,2021-01-25,272,7221,126,2612,146,4609,0,0,148,5842,124,689,148,6531,California
Madera,2021-01-26,494,7715,188,2800,306,4915,0,0,302,5954,191,880,303,6834,California
Madera,2021-01-27,748,8463,63,2863,685,5600,0,0,610,6428,138,1018,612,7446,California
Madera,2021-01-28,550,9013,110,2973,440,6040,0,0,444,6767,106,1124,445,7891,California
Madera,2021-01-29,471,9484,94,3067,377,6417,0,0,416,7128,55,1179,416,8307,California
Madera,2021-01-30,505,9989,16,3083,489,6906,0,0,452,7527,53,1232,452,8759,California
Madera,2021-01-31,9,9998,6,3089,3,6909,0,0,8,7534,1,1233,8,8767,California
Madera,2021-02-01,334,10332,148,3237,186,7095,0,0,208,7616,126,1359,208,8975,California
Madera,2021-02-02,254,10586,89,3326,165,7260,0,0,161,7686,92,1451,162,9137,California
Madera,2021-02-03,598,11184,463,3789,135,7395,0,0,479,8049,117,1568,480,9617,California
Madera,2021-02-04,394,11578,126,3915,268,7663,0,0,117,7891,276,1844,118,9735,California
Madera,2021-02-05,983,12561,301,4216,682,8345,0,0,376,7667,601,2445,377,10112,California
Madera,2021-02-06,365,12926,331,4547,34,8379,0,0,325,7953,39,2484,325,10437,California
Madera,2021-02-07,34,12960,6,4553,28,8407,0,0,29,7977,5,2489,29,10466,California
Madera,2021-02-08,389,13349,313,4866,76,8483,0,0,273,8135,115,2604,273,10739,California
Madera,2021-02-09,485,13834,117,4983,368,8851,0,0,203,8060,279,2883,204,10943,California
Madera,2021-02-10,436,14270,150,5133,286,9137,0,0,332,8289,103,2986,332,11275,California
Madera,2021-02-11,936,15206,307,5440,629,9766,0,0,404,8164,530,3516,405,11680,California
Madera,2021-02-12,838,16044,114,5554,724,10490,0,0,312,7959,520,4036,315,11995,California
Madera,2021-02-13,488,16532,46,5600,442,10932,0,0,138,7751,349,4385,141,12136,California
Madera,2021-02-14,400,16932,74,5674,326,11258,0,0,136,7624,264,4649,137,12273,California
Madera,2021-02-15,246,17178,99,5773,147,11405,0,0,175,7729,70,4719,175,12448,California
Madera,2021-02-16,776,17954,177,5950,599,12004,0,0,229,7414,545,5264,230,12678,California
Madera,2021-02-17,616,18570,278,6228,338,12342,0,0,346,7499,263,5527,348,13026,California
Madera,2021-02-18,1302,19872,540,6768,762,13104,0,0,1121,8442,179,5706,1122,14148,California
Madera,2021-02-19,858,20730,540,7308,318,13422,0,0,714,9013,144,5850,715,14863,California
Madera,2021-02-20,1076,21806,987,8295,89,13511,0,0,1005,9949,70,5920,1006,15869,California
Madera,2021-02-21,965,22771,824,9119,141,13652,0,0,960,10904,5,5925,960,16829,California
Madera,2021-02-22,918,23689,839,9958,79,13731,0,0,860,11706,58,5983,860,17689,California
Madera,2021-02-23,735,24424,462,10420,273,14004,0,0,522,12016,212,6195,522,18211,California
Madera,2021-02-24,918,25342,303,10723,615,14619,0,0,385,11869,532,6727,385,18596,California
Madera,2021-02-25,1037,26379,314,11037,723,15342,0,0,602,12037,434,7161,602,19198,California
Madera,2021-02-26,1089,27468,199,11236,890,16232,0,0,703,12356,384,7545,703,19901,California
Madera,2021-02-27,934,28402,294,11530,640,16872,0,0,499,12426,432,7977,502,20403,California
Madera,2021-02-28,195,28597,28,11558,167,17039,0,0,190,12611,5,7982,190,20593,California
Madera,2021-03-01,381,28978,121,11679,260,17299,0,0,197,12626,182,8164,197,20790,California
Madera,2021-03-02,760,29738,349,12028,411,17710,0,0,647,13163,111,8275,648,21438,California
Madera,2021-03-03,1363,31101,733,12761,630,18340,0,0,954,13739,406,8681,982,22420,California
Madera,2021-03-04,1212,32313,531,13292,681,19021,0,0,957,14443,256,8937,960,23380,California
Madera,2021-03-05,1371,33684,421,13713,937,19958,13,13,1085,15268,284,9221,1109,24489,California
Madera,2021-03-06,826,34510,643,14356,151,20109,32,45,505,15486,320,9541,538,25027,California
Madera,2021-03-07,154,34664,26,14382,106,20215,22,67,105,15564,49,9590,127,25154,California
Madera,2021-03-08,604,35268,337,14719,208,20423,59,126,306,15633,298,9888,367,25521,California
Madera,2021-03-09,604,35872,298,15017,273,20696,33,159,414,15898,188,10076,453,25974,California
Madera,2021-03-10,1192,37064,558,15575,556,21252,78,237,760,16310,427,10503,839,26813,California
Madera,2021-03-11,1695,38759,876,16451,492,21744,327,564,775,16505,918,11421,1113,27926,California
Madera,2021-03-12,1583,40342,819,17270,613,22357,151,715,804,16714,776,12197,985,28911,California
Madera,2021-03-13,1892,42234,1336,18606,360,22717,196,911,820,16679,1069,13266,1034,29945,California
Madera,2021-03-14,588,42822,450,19056,105,22822,33,944,294,16715,291,13557,327,30272,California
Madera,2021-03-15,749,43571,233,19289,471,23293,45,989,516,17081,230,13787,596,30868,California
Madera,2021-03-16,938,44509,529,19818,362,23655,47,1036,748,17706,187,13974,812,31680,California
Madera,2021-03-17,1478,45987,983,20801,432,24087,63,1099,913,18220,556,14530,1070,32750,California
Madera,2021-03-18,1960,47947,684,21485,1211,25298,65,1164,977,18375,977,15507,1132,33882,California
Madera,2021-03-19,1598,49545,587,22072,928,26226,83,1247,1040,19025,554,16061,1204,35086,California
Madera,2021-03-20,1191,50736,781,22853,359,26585,51,1298,607,19166,582,16643,723,35809,California
Madera,2021-03-21,1114,51850,910,23763,155,26740,49,1347,386,18877,725,17368,436,36245,California
Madera,2021-03-22,1370,53220,863,24626,441,27181,66,1413,689,19002,678,18046,803,37048,California
Madera,2021-03-23,1427,54647,874,25500,468,27649,85,1498,681,19108,745,18791,851,37899,California
Madera,2021-03-24,954,55601,512,26012,410,28059,32,1530,611,19415,340,19131,647,38546,California
Madera,2021-03-25,1181,56782,533,26545,624,28683,24,1554,651,19583,520,19651,688,39234,California
Madera,2021-03-26,1524,58306,578,27123,811,29494,135,1689,721,19644,799,20450,860,40094,California
Madera,2021-03-27,935,59241,610,27733,302,29796,23,1712,418,19573,513,20963,442,40536,California
Madera,2021-03-28,439,59680,150,27883,229,30025,60,1772,205,19700,233,21196,360,40896,California
Madera,2021-03-29,695,60375,185,28068,480,30505,30,1802,499,20041,192,21388,533,41429,California
Madera,2021-03-30,1076,61451,607,28675,440,30945,29,1831,479,19956,594,21982,509,41938,California
Madera,2021-03-31,1396,62847,544,29219,723,31668,129,1960,426,19548,964,22946,556,42494,California
Madera,2021-04-01,1407,64254,627,29846,729,32397,51,2011,490,19180,907,23853,539,43033,California
Madera,2021-04-02,1610,65864,460,30306,1091,33488,59,2070,477,18595,1122,24975,537,43570,California
Madera,2021-04-03,964,66828,766,31072,179,33667,19,2089,393,18449,569,25544,423,43993,California
Madera,2021-04-04,186,67014,64,31136,120,33787,2,2091,85,18436,101,25645,88,44081,California
Madera,2021-04-05,737,67751,255,31391,424,34211,58,2149,341,18454,395,26040,413,44494,California
Madera,2021-04-06,1715,69466,892,32283,467,34678,356,2505,536,18169,1177,27217,892,45386,California
Madera,2021-04-07,1239,70705,389,32672,702,35380,148,2653,428,17942,808,28025,581,45967,California
Madera,2021-04-08,1734,72439,668,33340,801,36181,265,2918,558,17601,1169,29194,828,46795,California
Madera,2021-04-09,1645,74084,694,34034,805,36986,146,3064,947,18005,693,29887,1097,47892,California
Madera,2021-04-10,981,75065,687,34721,225,37211,69,3133,713,18519,269,30156,783,48675,California
Madera,2021-04-11,815,75880,662,35383,74,37285,79,3212,286,18356,526,30682,363,49038,California
Madera,2021-04-12,813,76693,290,35673,446,37731,77,3289,310,18241,503,31185,388,49426,California
Madera,2021-04-13,1255,77948,618,36291,594,38325,43,3332,729,18501,524,31709,784,50210,California
Madera,2021-04-14,1407,79355,866,37157,541,38866,0,3332,580,18261,826,32535,586,50796,California
Madera,2021-04-15,1186,80541,511,37668,674,39540,1,3333,428,17946,746,33281,431,51227,California
Madera,2021-04-16,1365,81906,542,38210,823,40363,0,3333,376,17347,977,34258,378,51605,California
Madera,2021-04-17,1304,83210,1095,39305,209,40572,0,3333,777,17599,525,34783,777,52382,California
Madera,2021-04-18,249,83459,210,39515,39,40611,0,3333,89,17530,158,34941,89,52471,California
Madera,2021-04-19,815,84274,242,39757,572,41183,1,3334,282,17285,527,35468,282,52753,California
Madera,2021-04-20,876,85150,431,40188,445,41628,0,3334,221,16858,652,36120,225,52978,California
Madera,2021-04-21,862,86012,458,40646,404,42032,0,3334,294,16587,567,36687,296,53274,California
Madera,2021-04-22,1080,87092,515,41161,565,42597,0,3334,373,16258,703,37390,374,53648,California
Madera,2021-04-23,969,88061,303,41464,666,43263,0,3334,335,15964,629,38019,335,53983,California
Madera,2021-04-24,715,88776,470,41934,245,43508,0,3334,251,15756,460,38479,252,54235,California
Madera,2021-04-25,265,89041,158,42092,104,43612,3,3337,117,15733,144,38623,121,54356,California
Madera,2021-04-26,557,89598,100,42192,451,44063,6,3343,129,15443,425,39048,135,54491,California
Madera,2021-04-27,622,90220,274,42466,323,44386,25,3368,315,15478,306,39354,341,54832,California
Madera,2021-04-28,504,90724,199,42665,286,44672,19,3387,245,15484,257,39611,263,55095,California
Madera,2021-04-29,556,91280,245,42910,283,44955,28,3415,260,15484,289,39900,289,55384,California
Madera,2021-04-30,937,92217,506,43416,414,45369,17,3432,271,15112,660,40560,288,55672,California
Madera,2021-05-01,969,93186,870,44286,85,45454,14,3446,389,14936,579,41139,403,56075,California
Madera,2021-05-02,399,93585,351,44637,43,45497,5,3451,146,14835,253,41392,152,56227,California
Madera,2021-05-03,497,94082,196,44833,261,45758,40,3491,100,14581,394,41786,140,56367,California
Madera,2021-05-04,904,94986,434,45267,426,46184,44,3535,212,14145,692,42478,256,56623,California
Madera,2021-05-05,1010,95996,478,45745,471,46655,61,3596,276,13750,732,43210,337,56960,California
Madera,2021-05-06,701,96697,246,45991,422,47077,33,3629,154,13395,542,43752,187,57147,California
Madera,2021-05-07,806,97503,277,46268,508,47585,21,3650,193,13001,607,44359,213,57360,California
Madera,2021-05-08,970,98473,758,47026,202,47787,10,3660,184,12410,785,45144,194,57554,California
Madera,2021-05-09,145,98618,20,47046,114,47901,11,3671,35,12347,109,45253,46,57600,California
Madera,2021-05-10,361,98979,74,47120,275,48176,12,3683,101,12201,259,45512,113,57713,California
Madera,2021-05-11,533,99512,182,47302,342,48518,9,3692,174,12027,357,45869,183,57896,California
Madera,2021-05-12,507,100019,230,47532,241,48759,36,3728,127,11812,378,46247,163,58059,California
Madera,2021-05-13,513,100532,309,47841,172,48931,32,3760,181,11695,330,46577,213,58272,California
Madera,2021-05-14,531,101063,267,48108,240,49171,24,3784,236,11663,292,46869,260,58532,California
Madera,2021-05-15,564,101627,479,48587,77,49248,8,3792,365,11839,197,47066,373,58905,California
Madera,2021-05-16,256,101883,187,48774,37,49285,32,3824,106,11827,150,47216,138,59043,California
Madera,2021-05-17,455,102338,192,48966,234,49519,29,3853,207,11819,245,47461,237,59280,California
Madera,2021-05-18,550,102888,368,49334,159,49678,23,3876,291,11878,255,47716,314,59594,California
Madera,2021-05-19,489,103377,224,49558,243,49921,22,3898,217,11847,270,47986,239,59833,California
Madera,2021-05-20,591,103968,270,49828,283,50204,38,3936,233,11766,352,48338,271,60104,California
Madera,2021-05-21,504,104472,192,50020,284,50488,28,3964,194,11683,305,48643,222,60326,California
Madera,2021-05-22,904,105376,819,50839,73,50561,12,3976,532,11856,371,49014,544,60870,California
Madera,2021-05-23,263,105639,236,51075,17,50578,10,3986,139,11882,123,49137,149,61019,California
Madera,2021-05-24,301,105940,135,51210,125,50703,41,4027,117,11857,183,49320,158,61177,California
Madera,2021-05-25,383,106323,169,51379,181,50884,33,4060,155,11819,226,49546,188,61365,California
Madera,2021-05-26,443,106766,258,51637,163,51047,22,4082,237,11875,203,49749,259,61624,California
Madera,2021-05-27,379,107145,136,51773,205,51252,38,4120,135,11808,240,49989,173,61797,California
Madera,2021-05-28,450,107595,173,51946,249,51501,28,4148,179,11746,269,50258,207,62004,California
Madera,2021-05-29,307,107902,216,52162,73,51574,18,4166,168,11793,139,50397,186,62190,California
Madera,2021-05-30,61,107963,27,52189,30,51604,4,4170,28,11793,32,50429,32,62222,California
Madera,2021-05-31,26,107989,9,52198,13,51617,4,4174,12,11795,14,50443,16,62238,California
Madera,2021-06-01,294,108283,149,52347,122,51739,23,4197,111,11748,181,50624,134,62372,California
Madera,2021-06-02,397,108680,127,52474,247,51986,23,4220,120,11615,276,50900,143,62515,California
Madera,2021-06-03,280,108960,149,52623,116,52102,15,4235,90,11530,190,51090,105,62620,California
Madera,2021-06-04,380,109340,244,52867,125,52227,11,4246,151,11464,228,51318,162,62782,California
Madera,2021-06-05,512,109852,386,53253,113,52340,13,4259,146,11262,361,51679,159,62941,California
Madera,2021-06-06,135,109987,115,53368,13,52353,7,4266,38,11210,97,51776,45,62986,California
Madera,2021-06-07,253,110240,158,53526,74,52427,21,4287,46,11070,207,51983,67,63053,California
Madera,2021-06-08,388,110628,274,53800,93,52520,21,4308,100,10903,288,52271,121,63174,California
Madera,2021-06-09,374,111002,237,54037,110,52630,27,4335,142,10841,231,52502,169,63343,California
Madera,2021-06-10,341,111343,196,54233,129,52759,16,4351,116,10750,223,52725,132,63475,California
Madera,2021-06-11,379,111722,219,54452,128,52887,32,4383,168,10738,210,52935,198,63673,California
Madera,2021-06-12,577,112299,507,54959,54,52941,16,4399,94,10365,483,53418,110,63783,California
Madera,2021-06-13,190,112489,156,55115,29,52970,5,4404,53,10287,136,53554,58,63841,California
Madera,2021-06-14,225,112714,161,55276,42,53012,22,4426,88,10263,134,53688,110,63951,California
Madera,2021-06-15,361,113075,250,55526,78,53090,33,4459,154,10245,205,53893,187,64138,California
Madera,2021-06-16,323,113398,248,55774,61,53151,14,4473,117,10175,201,54094,131,64269,California
Madera,2021-06-17,257,113655,128,55902,120,53271,9,4482,96,10120,160,54254,105,64374,California
Madera,2021-06-18,264,113919,169,56071,72,53343,23,4505,114,10107,149,54403,136,64510,California
Madera,2021-06-19,247,114166,200,56271,39,53382,8,4513,80,10028,167,54570,88,64598,California
Madera,2021-06-20,53,114219,43,56314,3,53385,7,4520,25,10032,28,54598,32,64630,California
Madera,2021-06-21,69,114288,29,56343,25,53410,15,4535,30,10039,38,54636,45,64675,California
Marin,2020-12-15,2,2,2,2,0,0,0,0,2,2,0,0,2,2,California
Marin,2020-12-16,110,112,110,112,0,0,0,0,110,112,0,0,110,112,California
Marin,2020-12-17,270,382,270,382,0,0,0,0,270,382,0,0,270,382,California
Marin,2020-12-18,387,769,387,769,0,0,0,0,387,769,0,0,387,769,California
Marin,2020-12-19,346,1115,345,1114,1,1,0,0,346,1115,0,0,346,1115,California
Marin,2020-12-20,165,1280,164,1278,1,2,0,0,165,1280,0,0,165,1280,California
Marin,2020-12-21,237,1517,234,1512,3,5,0,0,237,1517,0,0,237,1517,California
Marin,2020-12-22,519,2036,314,1826,205,210,0,0,519,2036,0,0,519,2036,California
Marin,2020-12-23,723,2759,312,2138,411,621,0,0,723,2759,0,0,723,2759,California
Marin,2020-12-24,355,3114,158,2296,197,818,0,0,355,3114,0,0,355,3114,California
Marin,2020-12-25,26,3140,0,2296,26,844,0,0,26,3140,0,0,26,3140,California
Marin,2020-12-26,144,3284,95,2391,49,893,0,0,144,3284,0,0,144,3284,California
Marin,2020-12-27,89,3373,53,2444,36,929,0,0,89,3373,0,0,89,3373,California
Marin,2020-12-28,405,3778,97,2541,308,1237,0,0,405,3778,0,0,405,3778,California
Marin,2020-12-29,399,4177,88,2629,311,1548,0,0,399,4177,0,0,399,4177,California
Marin,2020-12-30,629,4806,390,3019,239,1787,0,0,629,4806,0,0,629,4806,California
Marin,2020-12-31,199,5005,35,3054,164,1951,0,0,198,5003,1,1,198,5004,California
Marin,2021-01-01,29,5034,14,3068,15,1966,0,0,29,5032,0,1,29,5033,California
Marin,2021-01-02,110,5144,104,3172,6,1972,0,0,110,5142,0,1,110,5143,California
Marin,2021-01-03,49,5193,31,3203,18,1990,0,0,45,5187,0,1,45,5188,California
Marin,2021-01-04,296,5489,193,3396,103,2093,0,0,295,5481,1,2,295,5483,California
Marin,2021-01-05,365,5854,217,3613,148,2241,0,0,322,5760,43,45,322,5805,California
Marin,2021-01-06,820,6674,319,3932,501,2742,0,0,637,6214,183,228,637,6442,California
Marin,2021-01-07,881,7555,493,4425,388,3130,0,0,528,6389,353,581,528,6970,California
Marin,2021-01-08,965,8520,510,4935,455,3585,0,0,582,6589,382,963,582,7552,California
Marin,2021-01-09,621,9141,221,5156,400,3985,0,0,492,6952,129,1092,492,8044,California
Marin,2021-01-10,132,9273,103,5259,29,4014,0,0,57,6934,75,1167,57,8101,California
Marin,2021-01-11,470,9743,326,5585,144,4158,0,0,249,6964,221,1388,251,8352,California
Marin,2021-01-12,931,10674,537,6122,394,4552,0,0,566,7169,361,1749,566,8918,California
Marin,2021-01-13,1170,11844,493,6615,677,5229,0,0,937,7873,233,1982,937,9855,California
Marin,2021-01-14,1062,12906,315,6930,747,5976,0,0,913,8639,147,2129,913,10768,California
Marin,2021-01-15,1160,14066,351,7281,809,6785,0,0,1031,9544,128,2257,1033,11801,California
Marin,2021-01-16,1122,15188,914,8195,208,6993,0,0,1046,10514,76,2333,1046,12847,California
Marin,2021-01-17,1233,16421,1114,9309,119,7112,0,0,1204,11693,28,2361,1207,14054,California
Marin,2021-01-18,360,16781,159,9468,201,7313,0,0,311,11955,49,2410,311,14365,California
Marin,2021-01-19,1152,17933,908,10376,244,7557,0,0,979,12762,172,2582,979,15344,California
Marin,2021-01-20,1796,19729,1208,11584,588,8145,0,0,1065,13109,719,3301,1066,16410,California
Marin,2021-01-21,1683,21412,1063,12647,620,8765,0,0,1326,14083,354,3655,1328,17738,California
Marin,2021-01-22,1711,23123,1093,13740,618,9383,0,0,1539,15451,172,3827,1540,19278,California
Marin,2021-01-23,1856,24979,1353,15093,503,9886,0,0,1771,17137,85,3912,1771,21049,California
Marin,2021-01-24,614,25593,165,15258,449,10335,0,0,582,17687,32,3944,582,21631,California
Marin,2021-01-25,1121,26714,228,15486,893,11228,0,0,685,17937,436,4380,686,22317,California
Marin,2021-01-26,1520,28234,779,16265,741,11969,0,0,1141,18700,378,4758,1141,23458,California
Marin,2021-01-27,1720,29954,890,17155,830,12799,0,0,1355,19693,363,5121,1356,24814,California
Marin,2021-01-28,2079,32033,1069,18224,1010,13809,0,0,1816,21248,262,5383,1817,26631,California
Marin,2021-01-29,2208,34241,1436,19660,772,14581,0,0,2011,23075,185,5568,2012,28643,California
Marin,2021-01-30,1718,35959,907,20567,811,15392,0,0,1640,24638,78,5646,1641,30284,California
Marin,2021-01-31,461,36420,325,20892,136,15528,0,0,434,25045,27,5673,434,30718,California
Marin,2021-02-01,1093,37513,416,21308,677,16205,0,0,894,25742,198,5871,895,31613,California
Marin,2021-02-02,1411,38924,491,21799,920,17125,0,0,746,25834,654,6525,746,32359,California
Marin,2021-02-03,1787,40711,422,22221,1365,18490,0,0,1281,26611,504,7029,1281,33640,California
Marin,2021-02-04,1525,42236,501,22722,1024,19514,0,0,926,26943,595,7624,927,34567,California
Marin,2021-02-05,2170,44406,671,23393,1499,21013,0,0,1333,27444,833,8457,1334,35901,California
Marin,2021-02-06,1429,45835,846,24239,583,21596,0,0,604,27224,824,9281,604,36505,California
Marin,2021-02-07,1290,47125,1006,25245,284,21880,0,0,489,26913,800,10081,489,36994,California
Marin,2021-02-08,1534,48659,753,25998,781,22661,0,0,732,26847,799,10880,733,37727,California
Marin,2021-02-09,1782,50441,1123,27121,659,23320,0,0,837,26739,945,11825,837,38564,California
Marin,2021-02-10,2333,52774,1490,28611,843,24163,0,0,1213,26835,1118,12943,1214,39778,California
Marin,2021-02-11,2865,55639,1641,30252,1224,25387,0,0,1444,26867,1416,14359,1448,41226,California
Marin,2021-02-12,3053,58692,1531,31783,1522,26909,0,0,1549,26916,1501,15860,1550,42776,California
Marin,2021-02-13,2323,61015,1242,33025,1081,27990,0,0,1118,26831,1203,17063,1118,43894,California
Marin,2021-02-14,816,61831,302,33327,514,28504,0,0,723,27462,93,17156,724,44618,California
Marin,2021-02-15,1216,63047,355,33682,861,29365,0,0,839,27925,377,17533,840,45458,California
Marin,2021-02-16,2468,65515,1051,34733,1417,30782,0,0,1502,28462,965,18498,1502,46960,California
Marin,2021-02-17,2099,67614,941,35674,1158,31940,0,0,1082,28529,1015,19513,1082,48042,California
Marin,2021-02-18,2412,70026,1586,37260,826,32766,0,0,1055,28230,1354,20867,1055,49097,California
Marin,2021-02-19,2786,72812,2176,39436,610,33376,0,0,1237,27933,1535,22402,1238,50335,California
Marin,2021-02-20,2626,75438,2158,41594,468,33844,0,0,1256,27829,1362,23764,1258,51593,California
Marin,2021-02-21,1330,76768,1131,42725,199,34043,0,0,947,28397,379,24143,947,52540,California
Marin,2021-02-22,1851,78619,1424,44149,427,34470,0,0,1225,28999,623,24766,1225,53765,California
Marin,2021-02-23,2896,81515,1666,45815,1230,35700,0,0,1938,29993,945,25711,1939,55704,California
Marin,2021-02-24,3535,85050,1635,47450,1900,37600,0,0,2268,31003,1259,26970,2269,57973,California
Marin,2021-02-25,4080,89130,1928,49378,2152,39752,0,0,2883,32700,1188,28158,2885,60858,California
Marin,2021-02-26,3660,92790,1992,51370,1668,41420,0,0,2641,34335,1007,29165,2642,63500,California
Marin,2021-02-27,2730,95520,1611,52981,1119,42539,0,0,1888,35388,837,30002,1890,65390,California
Marin,2021-02-28,1647,97167,924,53905,723,43262,0,0,1303,36350,341,30343,1303,66693,California
Marin,2021-03-01,2680,99847,1668,55573,1011,44273,1,1,1805,37291,865,31208,1806,68499,California
Marin,2021-03-02,2518,102365,1690,57263,828,45101,0,1,1720,38218,794,32002,1721,70220,California
Marin,2021-03-03,4368,106733,2430,59693,1934,47035,4,5,2829,39518,1533,33535,2833,73053,California
Marin,2021-03-04,3392,110125,1662,61355,1729,48764,1,6,2375,40887,1010,34545,2379,75432,California
Marin,2021-03-05,3058,113183,1165,62520,1881,50645,12,18,1793,41432,1260,35805,1805,77237,California
Marin,2021-03-06,3231,116414,2321,64841,834,51479,76,94,2657,43597,569,36374,2734,79971,California
Marin,2021-03-07,1390,117804,1174,66015,192,51671,24,118,993,44222,392,36766,1017,80988,California
Marin,2021-03-08,1886,119690,1386,67401,384,52055,116,234,1410,45276,472,37238,1526,82514,California
Marin,2021-03-09,2220,121910,1339,68740,770,52825,111,345,1541,46250,676,37914,1650,84164,California
Marin,2021-03-10,4479,126389,2520,71260,1664,54489,295,640,3235,48542,1239,39153,3531,87695,California
Marin,2021-03-11,4595,130984,1886,73146,2575,57064,134,774,3295,50678,1293,40446,3429,91124,California
Marin,2021-03-12,3971,134955,1548,74694,2073,59137,350,1124,1558,50184,2402,42848,1908,93032,California
Marin,2021-03-13,4100,139055,2873,77567,1157,60294,70,1194,2382,50917,1714,44562,2447,95479,California
Marin,2021-03-14,2295,141350,1106,78673,1073,61367,116,1310,707,50152,1586,46148,821,96300,California
Marin,2021-03-15,3242,144592,1772,80445,1422,62789,48,1358,1203,49376,2027,48175,1251,97551,California
Marin,2021-03-16,4287,148879,2313,82758,1607,64396,367,1725,1451,48360,2832,51007,1816,99367,California
Marin,2021-03-17,4202,153081,2286,85044,1867,66263,49,1774,2046,48310,2144,53151,2094,101461,California
Marin,2021-03-18,4478,157559,2261,87305,2142,68405,75,1849,2125,48172,2335,55486,2197,103658,California
Marin,2021-03-19,4474,162033,2285,89590,1969,70374,220,2069,2329,48584,2134,57620,2546,106204,California
Marin,2021-03-20,3590,165623,1989,91579,1490,71864,111,2180,1930,48976,1650,59270,2042,108246,California
Marin,2021-03-21,1535,167158,1139,92718,374,72238,22,2202,791,49048,741,60011,813,109059,California
Marin,2021-03-22,2479,169637,2144,94862,169,72407,166,2368,896,48533,1577,61588,1062,110121,California
Marin,2021-03-23,4250,173887,2198,97060,1923,74330,129,2497,1867,48154,2375,63963,1996,112117,California
Marin,2021-03-24,4464,178351,2914,99974,1439,75769,111,2608,1809,47430,2642,66605,1918,114035,California
Marin,2021-03-25,4657,183008,2842,102816,1742,77511,73,2681,2253,47364,2390,68995,2324,116359,California
Marin,2021-03-26,4314,187322,2347,105163,1753,79264,214,2895,2403,48087,1895,70890,2618,118977,California
Marin,2021-03-27,3695,191017,2661,107824,1017,80281,17,2912,1133,46684,2552,73442,1149,120126,California
Marin,2021-03-28,2385,193402,1721,109545,658,80939,6,2918,833,45978,1545,74987,839,120965,California
Marin,2021-03-29,2687,196089,2098,111643,564,81503,25,2943,1138,45595,1546,76533,1163,122128,California
Marin,2021-03-30,4655,200744,3648,115291,974,82477,33,2976,2951,46877,1702,78235,2984,125112,California
Marin,2021-03-31,5849,206593,4150,119441,1649,84126,50,3026,2546,46182,3291,81526,2596,127708,California
Marin,2021-04-01,4451,211044,2287,121728,1912,86038,252,3278,2112,46218,2327,83853,2363,130071,California
Marin,2021-04-02,3732,214776,1859,123587,1503,87541,370,3648,1996,46848,1728,85581,2358,132429,California
Marin,2021-04-03,3856,218632,2515,126102,965,88506,376,4024,1459,46300,2385,87966,1837,134266,California
Marin,2021-04-04,1642,220274,1239,127341,202,88708,201,4225,1198,47257,442,88408,1399,135665,California
Marin,2021-04-05,2202,222476,1534,128875,294,89002,374,4599,1268,47968,929,89337,1640,137305,California
Marin,2021-04-06,3973,226449,2108,130983,1309,90311,556,5155,2208,48971,1759,91096,2762,140067,California
Marin,2021-04-07,3958,230407,1988,132971,1325,91636,645,5800,1431,48530,2517,93613,2076,142143,California
Marin,2021-04-08,5062,235469,1974,134945,2478,94114,610,6410,2307,48694,2743,96356,2907,145050,California
Marin,2021-04-09,3992,239461,1560,136505,1700,95814,732,7142,1320,48076,2667,99023,2049,147099,California
Marin,2021-04-10,3214,242675,1485,137990,1296,97110,433,7575,1449,48204,1750,100773,1878,148977,California
Marin,2021-04-11,1058,243733,807,138797,89,97199,162,7737,473,48255,583,101356,634,149611,California
Marin,2021-04-12,1732,245465,1235,140032,337,97536,160,7897,917,48521,812,102168,1078,150689,California
Marin,2021-04-13,3761,249226,2305,142337,1449,98985,7,7904,1391,47560,2359,104527,1398,152087,California
Marin,2021-04-14,4231,253457,2541,144878,1687,100672,3,7907,1731,46817,2475,107002,1732,153819,California
Marin,2021-04-15,5640,259097,3987,148865,1653,102325,0,7907,3234,47661,2391,109393,3235,157054,California
Marin,2021-04-16,4294,263391,2248,151113,2043,104368,3,7910,2091,47569,2187,111580,2095,159149,California
Marin,2021-04-17,3568,266959,2171,153284,1397,105765,0,7910,1783,47575,1778,113358,1784,160933,California
Marin,2021-04-18,3187,270146,3097,156381,90,105855,0,7910,2552,49495,632,113990,2552,163485,California
Marin,2021-04-19,2051,272197,1880,158261,170,106025,1,7911,1159,49771,885,114875,1161,164646,California
Marin,2021-04-20,3703,275900,2562,160823,1141,107166,0,7911,1475,49033,2220,117095,1482,166128,California
Marin,2021-04-21,4021,279921,2950,163773,1068,108234,3,7914,1362,47758,2642,119737,1367,167495,California
Marin,2021-04-22,4226,284147,3221,166994,1005,109239,0,7914,1486,46519,2729,122466,1490,168985,California
Marin,2021-04-23,3208,287355,1800,168794,1408,110647,0,7914,1217,45759,1978,124444,1218,170203,California
Marin,2021-04-24,2506,289861,1678,170472,828,111475,0,7914,912,45090,1581,126025,912,171115,California
Marin,2021-04-25,1374,291235,1260,171732,114,111589,0,7914,303,44331,1062,127087,303,171418,California
Marin,2021-04-26,1611,292846,1386,173118,222,111811,3,7917,385,43497,1223,128310,389,171807,California
Marin,2021-04-27,3040,295886,2198,175316,792,112603,50,7967,979,42470,2052,130362,1025,172832,California
Marin,2021-04-28,2304,298190,1586,176902,665,113268,53,8020,730,41680,1572,131934,782,173614,California
Marin,2021-04-29,2887,301077,1975,178877,850,114118,62,8082,793,40453,2083,134017,856,174470,California
Marin,2021-04-30,1952,303029,1275,180152,590,114708,87,8169,693,39983,1250,135267,780,175250,California
Marin,2021-05-01,1835,304864,1020,181172,792,115500,23,8192,545,39268,1282,136549,567,175817,California
Marin,2021-05-02,725,305589,583,181755,113,115613,29,8221,198,38973,521,137070,226,176043,California
Marin,2021-05-03,1204,306793,981,182736,166,115779,57,8278,251,38331,949,138019,307,176350,California
Marin,2021-05-04,2937,309730,1969,184705,876,116655,92,8370,476,36446,2453,140472,568,176918,California
Marin,2021-05-05,2730,312460,2004,186709,601,117256,125,8495,438,34723,2285,142757,562,177480,California
Marin,2021-05-06,3263,315723,2532,189241,643,117899,88,8583,427,32408,2827,145584,512,177992,California
Marin,2021-05-07,2033,317756,1539,190780,408,118307,86,8669,376,31217,1650,147234,459,178451,California
Marin,2021-05-08,2467,320223,1861,192641,484,118791,122,8791,339,29558,2120,149354,461,178912,California
Marin,2021-05-09,980,321203,896,193537,65,118856,19,8810,114,28829,863,150217,134,179046,California
Marin,2021-05-10,1402,322605,1148,194685,184,119040,70,8880,202,27905,1195,151412,271,179317,California
Marin,2021-05-11,2306,324911,1841,196526,409,119449,56,8936,294,26244,2010,153422,349,179666,California
Marin,2021-05-12,1845,326756,1457,197983,319,119768,69,9005,301,25073,1539,154961,368,180034,California
Marin,2021-05-13,2646,329402,2274,200257,318,120086,54,9059,1409,25305,1230,156191,1462,181496,California
Marin,2021-05-14,2199,331601,1447,201704,653,120739,99,9158,877,24964,1316,157507,975,182471,California
Marin,2021-05-15,2728,334329,2262,203966,386,121125,80,9238,1657,25631,1070,158577,1737,184208,California
Marin,2021-05-16,1644,335973,1591,205557,48,121173,5,9243,1332,26658,310,158887,1337,185545,California
Marin,2021-05-17,2132,338105,1984,207541,105,121278,43,9286,1705,27986,420,159307,1748,187293,California
Marin,2021-05-18,1527,339632,1184,208725,287,121565,56,9342,795,28109,726,160033,849,188142,California
Marin,2021-05-19,1536,341168,1244,209969,222,121787,70,9412,778,28203,752,160785,846,188988,California
Marin,2021-05-20,1810,342978,1484,211453,241,122028,85,9497,753,27993,1049,161834,839,189827,California
Marin,2021-05-21,1446,344424,841,212294,556,122584,49,9546,438,27479,1001,162835,487,190314,California
Marin,2021-05-22,1420,345844,1079,213373,284,122868,57,9603,958,28036,458,163293,1015,191329,California
Marin,2021-05-23,472,346316,418,213791,42,122910,12,9615,220,28019,250,163543,233,191562,California
Marin,2021-05-24,640,346956,489,214280,110,123020,41,9656,352,28126,285,163828,392,191954,California
Marin,2021-05-25,990,347946,623,214903,321,123341,46,9702,311,27809,672,164500,355,192309,California
Marin,2021-05-26,705,348651,481,215384,175,123516,49,9751,259,27675,442,164942,308,192617,California
Marin,2021-05-27,1028,349679,662,216046,287,123803,79,9830,344,27416,682,165624,423,193040,California
Marin,2021-05-28,1094,350773,712,216758,303,124106,79,9909,322,27047,768,166392,399,193439,California
Marin,2021-05-29,373,351146,215,216973,148,124254,10,9919,213,27110,160,166552,223,193662,California
Marin,2021-05-30,98,351244,57,217030,36,124290,5,9924,57,27132,40,166592,62,193724,California
Marin,2021-05-31,27,351271,13,217043,13,124303,1,9925,14,27134,13,166605,15,193739,California
Marin,2021-06-01,753,352024,549,217592,159,124462,45,9970,327,27081,424,167029,371,194110,California
Marin,2021-06-02,624,352648,476,218068,96,124558,52,10022,217,26945,403,167432,267,194377,California
Marin,2021-06-03,1491,354139,1320,219388,113,124671,58,10080,236,25987,1252,168684,294,194671,California
Marin,2021-06-04,1015,355154,856,220244,126,124797,33,10113,183,25374,827,169511,214,194885,California
Marin,2021-06-05,1921,357075,1706,221950,167,124964,48,10161,319,24146,1595,171106,367,195252,California
Marin,2021-06-06,1404,358479,1355,223305,15,124979,34,10195,200,23177,1203,172309,234,195486,California
Marin,2021-06-07,1941,360420,1823,225128,68,125047,50,10245,249,21788,1687,173996,298,195784,California
Marin,2021-06-08,980,361400,871,225999,68,125115,41,10286,234,21324,739,174735,275,196059,California
Marin,2021-06-09,744,362144,670,226669,65,125180,9,10295,137,20864,606,175341,146,196205,California
Marin,2021-06-10,881,363025,772,227441,60,125240,49,10344,181,20398,696,176037,230,196435,California
Marin,2021-06-11,680,363705,578,228019,70,125310,32,10376,140,20030,540,176577,172,196607,California
Marin,2021-06-12,922,364627,791,228810,90,125400,41,10417,156,19464,763,177340,197,196804,California
Marin,2021-06-13,413,365040,381,229191,20,125420,12,10429,67,19200,343,177683,79,196883,California
Marin,2021-06-14,866,365906,740,229931,79,125499,47,10476,213,18809,649,178332,258,197141,California
Marin,2021-06-15,536,366442,427,230358,84,125583,25,10501,169,18637,366,178698,194,197335,California
Marin,2021-06-16,481,366923,400,230758,37,125620,44,10545,159,18522,317,179015,202,197537,California
Marin,2021-06-17,553,367476,477,231235,45,125665,31,10576,192,18384,360,179375,222,197759,California
Marin,2021-06-18,476,367952,376,231611,68,125733,32,10608,169,18283,301,179676,200,197959,California
Marin,2021-06-19,356,368308,289,231900,34,125767,33,10641,142,18243,213,179889,173,198132,California
Marin,2021-06-20,112,368420,88,231988,13,125780,11,10652,47,18236,65,179954,58,198190,California
Marin,2021-06-21,261,368681,192,232180,29,125809,40,10692,97,18210,163,180117,137,198327,California
Mariposa,2020-12-17,38,38,38,38,0,0,0,0,40,40,0,0,40,40,California
Mariposa,2020-12-18,55,93,55,93,0,0,0,0,56,96,0,0,56,96,California
Mariposa,2020-12-20,2,95,2,95,0,0,0,0,2,98,0,0,2,98,California
Mariposa,2020-12-21,48,143,48,143,0,0,0,0,52,150,0,0,52,150,California
Mariposa,2020-12-22,6,149,6,149,0,0,0,0,6,156,0,0,6,156,California
Mariposa,2020-12-23,17,166,17,166,0,0,0,0,17,173,0,0,17,173,California
Mariposa,2020-12-24,1,167,0,166,1,1,0,0,0,173,1,1,1,174,California
Mariposa,2020-12-26,1,168,1,167,0,1,0,0,1,174,0,1,1,175,California
Mariposa,2020-12-27,1,169,0,167,1,2,0,0,1,175,0,1,1,176,California
Mariposa,2020-12-28,6,175,3,170,3,5,0,0,6,181,0,1,6,182,California
Mariposa,2020-12-29,33,208,3,173,30,35,0,0,33,214,0,1,33,215,California
Mariposa,2020-12-30,26,234,4,177,22,57,0,0,26,240,0,1,26,241,California
Mariposa,2020-12-31,17,251,0,177,17,74,0,0,17,257,0,1,17,258,California
Mariposa,2021-01-02,1,252,1,178,0,74,0,0,1,258,0,1,1,259,California
Mariposa,2021-01-04,11,263,2,180,9,83,0,0,11,269,0,1,11,270,California
Mariposa,2021-01-05,25,288,15,195,10,93,0,0,15,274,10,11,15,285,California
Mariposa,2021-01-06,8,296,5,200,3,96,0,0,5,276,3,14,5,290,California
Mariposa,2021-01-07,51,347,46,246,5,101,0,0,5,235,46,60,5,295,California
Mariposa,2021-01-08,108,455,78,324,30,131,0,0,34,195,74,134,34,329,California
Mariposa,2021-01-11,33,488,11,335,22,153,0,0,25,212,8,142,25,354,California
Mariposa,2021-01-12,19,507,4,339,15,168,0,0,15,223,4,146,15,369,California
Mariposa,2021-01-13,22,529,5,344,17,185,0,0,18,237,4,150,18,387,California
Mariposa,2021-01-14,75,604,7,351,68,253,0,0,69,300,6,156,69,456,California
Mariposa,2021-01-15,68,672,27,378,41,294,0,0,58,348,10,166,58,514,California
Mariposa,2021-01-16,14,686,2,380,12,306,0,0,13,360,1,167,13,527,California
Mariposa,2021-01-17,6,692,1,381,5,311,0,0,5,364,1,168,5,532,California
Mariposa,2021-01-18,5,697,4,385,1,312,0,0,3,365,2,170,3,535,California
Mariposa,2021-01-19,7,704,4,389,3,315,0,0,4,367,2,172,4,539,California
Mariposa,2021-01-20,23,727,1,390,22,337,0,0,22,388,1,173,22,561,California
Mariposa,2021-01-21,66,793,8,398,58,395,0,0,62,446,4,177,62,623,California
Mariposa,2021-01-22,58,851,5,403,53,448,0,0,58,504,0,177,58,681,California
Mariposa,2021-01-23,116,967,2,405,114,562,0,0,114,616,2,179,114,795,California
Mariposa,2021-01-24,2,969,2,407,0,562,0,0,2,618,0,179,2,797,California
Mariposa,2021-01-25,4,973,1,408,3,565,0,0,0,614,4,183,0,797,California
Mariposa,2021-01-26,40,1013,5,413,35,600,0,0,6,591,34,217,11,808,California
Mariposa,2021-01-27,26,1039,2,415,24,624,0,0,11,588,14,231,11,819,California
Mariposa,2021-01-28,127,1166,3,418,124,748,0,0,114,690,12,243,114,933,California
Mariposa,2021-01-29,83,1249,22,440,61,809,0,0,82,771,1,244,82,1015,California
Mariposa,2021-01-30,10,1259,1,441,9,818,0,0,9,779,1,245,9,1024,California
Mariposa,2021-02-01,91,1350,32,473,59,877,0,0,69,826,22,267,69,1093,California
Mariposa,2021-02-02,15,1365,3,476,12,889,0,0,9,829,6,273,9,1102,California
Mariposa,2021-02-03,22,1387,1,477,21,910,0,0,13,834,8,281,13,1115,California
Mariposa,2021-02-04,98,1485,8,485,90,1000,0,0,93,924,4,285,94,1209,California
Mariposa,2021-02-05,192,1677,5,490,187,1187,0,0,166,1064,26,311,166,1375,California
Mariposa,2021-02-06,11,1688,4,494,7,1194,0,0,10,1073,1,312,10,1385,California
Mariposa,2021-02-07,1,1689,0,494,1,1195,0,0,1,1074,0,312,1,1386,California
Mariposa,2021-02-08,42,1731,3,497,39,1234,0,0,22,1076,20,332,22,1408,California
Mariposa,2021-02-09,41,1772,24,521,17,1251,0,0,35,1105,6,338,35,1443,California
Mariposa,2021-02-10,30,1802,4,525,26,1277,0,0,18,1118,11,349,24,1467,California
Mariposa,2021-02-11,376,2178,5,530,371,1648,0,0,361,1467,15,364,364,1831,California
Mariposa,2021-02-12,187,2365,10,540,177,1825,0,0,140,1560,47,411,140,1971,California
Mariposa,2021-02-13,11,2376,3,543,8,1833,0,0,9,1567,2,413,9,1980,California
Mariposa,2021-02-14,12,2388,4,547,8,1841,0,0,6,1567,6,419,6,1986,California
Mariposa,2021-02-15,9,2397,3,550,6,1847,0,0,7,1572,2,421,7,1993,California
Mariposa,2021-02-16,59,2456,35,585,24,1871,0,0,35,1584,24,445,36,2029,California
Mariposa,2021-02-17,35,2491,8,593,27,1898,0,0,27,1605,7,452,28,2057,California
Mariposa,2021-02-18,60,2551,7,600,53,1951,0,0,23,1591,37,489,23,2080,California
Mariposa,2021-02-19,82,2633,3,603,79,2030,0,0,76,1661,6,495,76,2156,California
Mariposa,2021-02-20,259,2892,6,609,253,2283,0,0,227,1858,30,525,227,2383,California
Mariposa,2021-02-21,245,3137,5,614,240,2523,0,0,242,2098,2,527,242,2625,California
Mariposa,2021-02-22,25,3162,10,624,15,2538,0,0,21,2115,4,531,21,2646,California
Mariposa,2021-02-23,45,3207,38,662,7,2545,0,0,26,2122,19,550,26,2672,California
Mariposa,2021-02-24,21,3228,3,665,18,2563,0,0,8,2118,12,562,8,2680,California
Mariposa,2021-02-25,18,3246,9,674,9,2572,0,0,12,2124,6,568,12,2692,California
Mariposa,2021-02-26,430,3676,7,681,423,2995,0,0,370,2435,60,628,371,3063,California
Mariposa,2021-02-27,179,3855,5,686,174,3169,0,0,167,2590,12,640,167,3230,California
Mariposa,2021-02-28,1,3856,1,687,0,3169,0,0,0,2589,1,641,0,3230,California
Mariposa,2021-03-01,82,3938,26,713,56,3225,0,0,16,2540,65,706,16,3246,California
Mariposa,2021-03-02,19,3957,12,725,7,3232,0,0,11,2544,7,713,11,3257,California
Mariposa,2021-03-03,71,4028,5,730,66,3298,0,0,66,2606,5,718,67,3324,California
Mariposa,2021-03-04,41,4069,10,740,31,3329,0,0,20,2606,21,739,21,3345,California
Mariposa,2021-03-05,57,4126,8,748,49,3378,0,0,39,2633,18,757,45,3390,California
Mariposa,2021-03-06,19,4145,9,757,10,3388,0,0,9,2633,10,767,10,3400,California
Mariposa,2021-03-07,1,4146,1,758,0,3388,0,0,0,2632,1,768,0,3400,California
Mariposa,2021-03-08,41,4187,4,762,26,3414,11,11,11,2624,30,798,22,3422,California
Mariposa,2021-03-09,43,4230,17,779,16,3430,10,21,15,2621,28,826,25,3447,California
Mariposa,2021-03-10,33,4263,9,788,14,3444,10,31,10,2618,23,849,20,3467,California
Mariposa,2021-03-11,472,4735,7,795,445,3889,20,51,228,2626,243,1092,251,3718,California
Mariposa,2021-03-12,259,4994,8,803,224,4113,27,78,120,2633,139,1231,146,3864,California
Mariposa,2021-03-13,34,5028,8,811,11,4124,15,93,11,2635,23,1254,25,3889,California
Mariposa,2021-03-14,17,5045,2,813,4,4128,11,104,2,2633,15,1269,13,3902,California
Mariposa,2021-03-15,77,5122,8,821,31,4159,38,142,31,2656,46,1315,69,3971,California
Mariposa,2021-03-16,84,5206,34,855,15,4174,35,177,25,2657,59,1374,60,4031,California
Mariposa,2021-03-17,72,5278,9,864,55,4229,8,185,52,2697,19,1393,59,4090,California
Mariposa,2021-03-18,68,5346,15,879,44,4273,9,194,40,2718,28,1421,49,4139,California
Mariposa,2021-03-19,344,5690,12,891,325,4598,7,201,304,2990,40,1461,312,4451,California
Mariposa,2021-03-20,430,6120,4,895,424,5022,2,203,46,2655,384,1845,49,4500,California
Mariposa,2021-03-21,16,6136,8,903,7,5029,1,204,9,2659,6,1851,10,4510,California
Mariposa,2021-03-22,41,6177,10,913,23,5052,8,212,28,2684,13,1864,38,4548,California
Mariposa,2021-03-23,54,6231,34,947,10,5062,10,222,33,2706,21,1885,43,4591,California
Mariposa,2021-03-24,56,6287,5,952,49,5111,2,224,51,2754,5,1890,53,4644,California
Mariposa,2021-03-25,76,6363,15,967,53,5164,8,232,53,2794,21,1911,61,4705,California
Mariposa,2021-03-26,498,6861,9,976,488,5652,1,233,253,2803,245,2156,254,4959,California
Mariposa,2021-03-27,241,7102,10,986,231,5883,0,233,98,2760,143,2299,100,5059,California
Mariposa,2021-03-28,5,7107,0,986,2,5885,3,236,1,2760,4,2303,4,5063,California
Mariposa,2021-03-29,18,7125,5,991,13,5898,0,236,11,2764,7,2310,11,5074,California
Mariposa,2021-03-30,36,7161,13,1004,7,5905,16,252,13,2770,23,2333,29,5103,California
Mariposa,2021-03-31,92,7253,16,1020,68,5973,8,260,69,2824,23,2356,77,5180,California
Mariposa,2021-04-01,55,7308,12,1032,35,6008,8,268,35,2847,20,2376,43,5223,California
Mariposa,2021-04-02,353,7661,14,1046,336,6344,3,271,310,3118,42,2418,313,5536,California
Mariposa,2021-04-03,11,7672,8,1054,3,6347,0,271,6,3119,5,2423,6,5542,California
Mariposa,2021-04-04,2,7674,1,1055,0,6347,1,272,0,3118,2,2425,1,5543,California
Mariposa,2021-04-05,35,7709,22,1077,9,6356,4,276,16,3119,19,2444,20,5563,California
Mariposa,2021-04-06,45,7754,20,1097,9,6365,16,292,14,3119,30,2474,30,5593,California
Mariposa,2021-04-07,99,7853,7,1104,73,6438,19,311,29,3097,70,2544,48,5641,California
Mariposa,2021-04-08,286,8139,16,1120,251,6689,19,330,148,3129,136,2680,168,5809,California
Mariposa,2021-04-09,39,8178,9,1129,15,6704,15,345,10,3125,29,2709,25,5834,California
Mariposa,2021-04-10,204,8382,6,1135,188,6892,10,355,190,3312,12,2721,199,6033,California
Mariposa,2021-04-11,123,8505,3,1138,118,7010,2,357,58,3308,65,2786,61,6094,California
Mariposa,2021-04-12,42,8547,13,1151,27,7037,2,359,13,3294,29,2815,15,6109,California
Mariposa,2021-04-13,57,8604,49,1200,8,7045,0,359,35,3307,22,2837,35,6144,California
Mariposa,2021-04-14,114,8718,9,1209,105,7150,0,359,58,3310,55,2892,58,6202,California
Mariposa,2021-04-15,62,8780,19,1228,43,7193,0,359,47,3345,12,2904,47,6249,California
Mariposa,2021-04-16,383,9163,12,1240,371,7564,0,359,106,3174,277,3181,106,6355,California
Mariposa,2021-04-17,10,9173,6,1246,4,7568,0,359,7,3178,3,3184,7,6362,California
Mariposa,2021-04-18,7,9180,0,1246,7,7575,0,359,3,3177,4,3188,3,6365,California
Mariposa,2021-04-19,61,9241,28,1274,33,7608,0,359,33,3184,26,3214,33,6398,California
Mariposa,2021-04-20,61,9302,48,1322,13,7621,0,359,38,3201,21,3235,38,6436,California
Mariposa,2021-04-21,91,9393,14,1336,77,7698,0,359,42,3195,48,3283,42,6478,California
Mariposa,2021-04-22,50,9443,10,1346,40,7738,0,359,38,3222,11,3294,38,6516,California
Mariposa,2021-04-23,316,9759,71,1417,245,7983,0,359,144,3196,172,3466,146,6662,California
Mariposa,2021-04-24,110,9869,10,1427,100,8083,0,359,42,3171,67,3533,42,6704,California
Mariposa,2021-04-26,16,9885,11,1438,5,8088,0,359,5,3165,11,3544,5,6709,California
Mariposa,2021-04-27,33,9918,17,1455,14,8102,2,361,15,3167,15,3559,17,6726,California
Mariposa,2021-04-28,75,9993,14,1469,54,8156,7,368,27,3153,48,3607,34,6760,California
Mariposa,2021-04-29,84,10077,12,1481,71,8227,1,369,79,3228,5,3612,80,6840,California
Mariposa,2021-04-30,212,10289,4,1485,203,8430,5,374,62,3145,150,3762,67,6907,California
Mariposa,2021-05-01,5,10294,4,1489,1,8431,0,374,1,3142,4,3766,1,6908,California
Mariposa,2021-05-02,3,10297,2,1491,0,8431,1,375,0,3140,3,3769,1,6909,California
Mariposa,2021-05-03,15,10312,11,1502,3,8434,1,376,6,3138,9,3778,7,6916,California
Mariposa,2021-05-04,52,10364,32,1534,16,8450,4,380,37,3164,15,3793,41,6957,California
Mariposa,2021-05-05,57,10421,9,1543,46,8496,2,382,18,3145,39,3832,20,6977,California
Mariposa,2021-05-06,58,10479,38,1581,15,8511,5,387,39,3170,19,3851,44,7021,California
Mariposa,2021-05-07,28,10507,8,1589,17,8528,3,390,13,3171,15,3866,16,7037,California
Mariposa,2021-05-08,285,10792,8,1597,277,8805,0,390,32,2952,253,4119,34,7071,California
Mariposa,2021-05-09,3,10795,1,1598,2,8807,0,390,0,2949,3,4122,0,7071,California
Mariposa,2021-05-10,20,10815,9,1607,9,8816,2,392,4,2939,16,4138,6,7077,California
Mariposa,2021-05-11,28,10843,17,1624,10,8826,1,393,20,2953,7,4145,21,7098,California
Mariposa,2021-05-12,67,10910,4,1628,58,8884,5,398,6,2903,61,4206,11,7109,California
Mariposa,2021-05-13,49,10959,8,1636,39,8923,2,400,13,2882,36,4242,15,7124,California
Mariposa,2021-05-14,249,11208,121,1757,121,9044,7,407,117,2874,132,4374,124,7248,California
Mariposa,2021-05-15,19,11227,9,1766,8,9052,2,409,11,2880,6,4380,12,7260,California
Mariposa,2021-05-16,3,11230,1,1767,1,9053,1,410,1,2880,2,4382,2,7262,California
Mariposa,2021-05-17,18,11248,7,1774,7,9060,4,414,8,2881,10,4392,11,7273,California
Mariposa,2021-05-18,61,11309,41,1815,15,9075,5,419,44,2914,16,4408,49,7322,California
Mariposa,2021-05-19,70,11379,32,1847,37,9112,1,420,51,2948,18,4426,52,7374,California
Mariposa,2021-05-20,34,11413,18,1865,14,9126,2,422,13,2942,21,4447,15,7389,California
Mariposa,2021-05-21,93,11506,8,1873,83,9209,2,424,43,2939,48,4495,45,7434,California
Mariposa,2021-05-22,48,11554,7,1880,40,9249,1,425,18,2928,30,4525,19,7453,California
Mariposa,2021-05-23,3,11557,2,1882,0,9249,1,426,2,2930,1,4526,3,7456,California
Mariposa,2021-05-24,13,11570,7,1889,4,9253,2,428,8,2935,5,4531,10,7466,California
Mariposa,2021-05-25,26,11596,16,1905,10,9263,0,428,18,2945,8,4539,18,7484,California
Mariposa,2021-05-26,35,11631,4,1909,27,9290,4,432,28,2970,7,4546,32,7516,California
Mariposa,2021-05-27,119,11750,64,1973,55,9345,0,432,62,2975,57,4603,62,7578,California
Mariposa,2021-05-28,65,11815,5,1978,56,9401,4,436,24,2962,41,4644,28,7606,California
Mariposa,2021-05-29,7,11822,1,1979,5,9406,1,437,3,2964,2,4646,4,7610,California
Mariposa,2021-05-30,1,11823,0,1979,0,9406,1,438,0,2964,1,4647,1,7611,California
Mariposa,2021-05-31,2,11825,0,1979,1,9407,1,439,0,2963,2,4649,1,7612,California
Mariposa,2021-06-01,14,11839,3,1982,11,9418,0,439,5,2959,9,4658,5,7617,California
Mariposa,2021-06-02,26,11865,14,1996,7,9425,5,444,6,2951,19,4677,11,7628,California
Mariposa,2021-06-03,20,11885,10,2006,7,9432,3,447,7,2948,13,4690,10,7638,California
Mariposa,2021-06-04,90,11975,79,2085,9,9441,2,449,27,2915,61,4751,28,7666,California
Mariposa,2021-06-05,29,12004,3,2088,24,9465,2,451,7,2902,22,4773,9,7675,California
Mariposa,2021-06-06,4,12008,3,2091,0,9465,1,452,1,2901,3,4776,2,7677,California
Mariposa,2021-06-07,10,12018,5,2096,5,9470,0,452,4,2900,5,4781,4,7681,California
Mariposa,2021-06-08,45,12063,34,2130,10,9480,1,453,14,2884,31,4812,15,7696,California
Mariposa,2021-06-09,28,12091,21,2151,2,9482,5,458,6,2873,22,4834,11,7707,California
Mariposa,2021-06-10,16,12107,8,2159,5,9487,3,461,6,2873,10,4844,10,7717,California
Mariposa,2021-06-11,44,12151,13,2172,23,9510,8,469,10,2857,34,4878,18,7735,California
Mariposa,2021-06-12,17,12168,11,2183,5,9515,1,470,3,2846,14,4892,3,7738,California
Mariposa,2021-06-13,1,12169,0,2183,0,9515,1,471,0,2846,1,4893,1,7739,California
Mariposa,2021-06-14,11,12180,4,2187,6,9521,1,472,5,2846,6,4899,6,7745,California
Mariposa,2021-06-15,23,12203,11,2198,11,9532,1,473,6,2836,17,4916,7,7752,California
Mariposa,2021-06-16,25,12228,12,2210,12,9544,1,474,7,2826,18,4934,8,7760,California
Mariposa,2021-06-17,12,12240,6,2216,6,9550,0,474,4,2822,8,4942,4,7764,California
Mariposa,2021-06-18,66,12306,49,2265,16,9566,1,475,32,2822,33,4975,33,7797,California
Mariposa,2021-06-19,18,12324,5,2270,13,9579,0,475,6,2816,12,4987,6,7803,California
Mariposa,2021-06-21,10,12334,3,2273,7,9586,0,475,7,2821,2,4989,7,7810,California
Mendocino,2020-12-17,70,70,70,70,0,0,0,0,70,70,0,0,70,70,California
Mendocino,2020-12-18,84,154,83,153,1,1,0,0,83,153,0,0,83,153,California
Mendocino,2020-12-19,3,157,3,156,0,1,0,0,3,156,0,0,3,156,California
Mendocino,2020-12-20,7,164,7,163,0,1,0,0,7,163,0,0,7,163,California
Mendocino,2020-12-21,238,402,238,401,0,1,0,0,77,240,0,0,77,240,California
Mendocino,2020-12-22,254,656,193,594,61,62,0,0,254,494,0,0,254,494,California
Mendocino,2020-12-23,270,926,47,641,223,285,0,0,269,763,0,0,269,763,California
Mendocino,2020-12-24,47,973,8,649,39,324,0,0,47,810,0,0,47,810,California
Mendocino,2020-12-25,1,974,0,649,1,325,0,0,1,811,0,0,1,811,California
Mendocino,2020-12-26,2,976,2,651,0,325,0,0,2,813,0,0,2,813,California
Mendocino,2020-12-27,1,977,0,651,1,326,0,0,1,814,0,0,1,814,California
Mendocino,2020-12-28,73,1050,8,659,65,391,0,0,73,887,0,0,73,887,California
Mendocino,2020-12-29,119,1169,59,718,60,451,0,0,119,1006,0,0,119,1006,California
Mendocino,2020-12-30,119,1288,66,784,53,504,0,0,119,1125,0,0,119,1125,California
Mendocino,2020-12-31,132,1420,97,881,35,539,0,0,132,1257,0,0,132,1257,California
Mendocino,2021-01-01,10,1430,6,887,4,543,0,0,10,1267,0,0,10,1267,California
Mendocino,2021-01-04,838,2268,18,905,820,1363,0,0,838,2105,0,0,838,2105,California
Mendocino,2021-01-05,73,2341,36,941,37,1400,0,0,60,2152,13,13,60,2165,California
Mendocino,2021-01-06,156,2497,134,1075,22,1422,0,0,147,2290,9,22,147,2312,California
Mendocino,2021-01-07,364,2861,241,1316,123,1545,0,0,301,2528,63,85,301,2613,California
Mendocino,2021-01-08,93,2954,80,1396,13,1558,0,0,40,2516,53,138,41,2654,California
Mendocino,2021-01-09,10,2964,6,1402,4,1562,0,0,8,2522,2,140,8,2662,California
Mendocino,2021-01-10,9,2973,8,1410,1,1563,0,0,2,2517,7,147,2,2664,California
Mendocino,2021-01-11,102,3075,92,1502,10,1573,0,0,44,2504,57,204,44,2708,California
Mendocino,2021-01-12,389,3464,379,1881,10,1583,0,0,271,2657,118,322,271,2979,California
Mendocino,2021-01-13,495,3959,149,2030,346,1929,0,0,450,3065,43,365,451,3430,California
Mendocino,2021-01-14,653,4612,20,2050,633,2562,0,0,644,3700,9,374,644,4074,California
Mendocino,2021-01-15,1872,6484,862,2912,1010,3572,0,0,1869,5567,3,377,1870,5944,California
Mendocino,2021-01-16,794,7278,49,2961,745,4317,0,0,792,6357,2,379,792,6736,California
Mendocino,2021-01-17,556,7834,1,2962,555,4872,0,0,555,6911,1,380,555,7291,California
Mendocino,2021-01-18,487,8321,462,3424,25,4897,0,0,477,7378,10,390,477,7768,California
Mendocino,2021-01-19,330,8651,145,3569,185,5082,0,0,156,7360,174,564,156,7924,California
Mendocino,2021-01-20,557,9208,408,3977,149,5231,0,0,450,7706,105,669,451,8375,California
Mendocino,2021-01-21,536,9744,226,4203,310,5541,0,0,351,7873,184,853,351,8726,California
Mendocino,2021-01-22,152,9896,58,4261,94,5635,0,0,113,7947,39,892,113,8839,California
Mendocino,2021-01-23,157,10053,85,4346,72,5707,0,0,151,8092,6,898,151,8990,California
Mendocino,2021-01-24,4,10057,2,4348,2,5709,0,0,4,8096,0,898,4,8994,California
Mendocino,2021-01-25,191,10248,18,4366,173,5882,0,0,121,8147,70,968,121,9115,California
Mendocino,2021-01-26,152,10400,53,4419,99,5981,0,0,94,8183,58,1026,94,9209,California
Mendocino,2021-01-27,444,10844,373,4792,71,6052,0,0,177,8100,260,1286,177,9386,California
Mendocino,2021-01-28,594,11438,530,5322,64,6116,0,0,497,8501,96,1382,497,9883,California
Mendocino,2021-01-29,390,11828,351,5673,39,6155,0,0,361,8834,29,1411,362,10245,California
Mendocino,2021-01-30,50,11878,32,5705,18,6173,0,0,44,8872,6,1417,44,10289,California
Mendocino,2021-01-31,276,12154,2,5707,274,6447,0,0,4,8604,272,1689,4,10293,California
Mendocino,2021-02-01,383,12537,53,5760,330,6777,0,0,60,8341,323,2012,60,10353,California
Mendocino,2021-02-02,740,13277,522,6282,218,6995,0,0,380,8361,360,2372,380,10733,California
Mendocino,2021-02-03,396,13673,209,6491,187,7182,0,0,224,8415,170,2542,224,10957,California
Mendocino,2021-02-04,628,14301,533,7024,95,7277,0,0,502,8791,126,2668,502,11459,California
Mendocino,2021-02-05,1308,15609,1217,8241,91,7368,0,0,587,8659,719,3387,587,12046,California
Mendocino,2021-02-06,552,16161,152,8393,400,7768,0,0,537,9181,15,3402,537,12583,California
Mendocino,2021-02-07,33,16194,29,8422,4,7772,0,0,33,9214,0,3402,33,12616,California
Mendocino,2021-02-08,747,16941,715,9137,32,7804,0,0,283,9033,464,3866,283,12899,California
Mendocino,2021-02-09,140,17081,58,9195,82,7886,0,0,88,9069,52,3918,88,12987,California
Mendocino,2021-02-10,1489,18570,925,10120,564,8450,0,0,742,9071,740,4658,742,13729,California
Mendocino,2021-02-11,1212,19782,208,10328,1004,9454,0,0,301,8461,911,5569,301,14030,California
Mendocino,2021-02-12,1460,21242,160,10488,1300,10754,0,0,660,8322,799,6368,660,14690,California
Mendocino,2021-02-13,500,21742,16,10504,484,11238,0,0,101,8030,398,6766,106,14796,California
Mendocino,2021-02-14,699,22441,4,10508,695,11933,0,0,136,7603,563,7329,136,14932,California
Mendocino,2021-02-15,331,22772,42,10550,289,12222,0,0,173,7618,158,7487,173,15105,California
Mendocino,2021-02-16,197,22969,50,10600,147,12369,0,0,127,7675,70,7557,127,15232,California
Mendocino,2021-02-17,1353,24322,1189,11789,164,12533,0,0,875,8074,476,8033,875,16107,California
Mendocino,2021-02-18,1788,26110,646,12435,1142,13675,0,0,1222,8732,564,8597,1222,17329,California
Mendocino,2021-02-19,755,26865,146,12581,609,14284,0,0,613,9204,142,8739,614,17943,California
Mendocino,2021-02-20,582,27447,556,13137,26,14310,0,0,549,9722,31,8770,549,18492,California
Mendocino,2021-02-21,324,27771,6,13143,318,14628,0,0,312,10023,11,8781,312,18804,California
Mendocino,2021-02-22,161,27932,29,13172,132,14760,0,0,69,10002,90,8871,69,18873,California
Mendocino,2021-02-23,863,28795,850,14022,13,14773,0,0,648,10437,213,9084,648,19521,California
Mendocino,2021-02-24,1855,30650,1771,15793,84,14857,0,0,1438,11465,412,9496,1440,20961,California
Mendocino,2021-02-25,1711,32361,537,16330,1174,16031,0,0,1287,12329,423,9919,1287,22248,California
Mendocino,2021-02-26,1412,33773,748,17078,664,16695,0,0,1050,13020,359,10278,1050,23298,California
Mendocino,2021-02-27,196,33969,144,17222,52,16747,0,0,76,12977,119,10397,76,23374,California
Mendocino,2021-02-28,34,34003,12,17234,22,16769,0,0,24,12991,10,10407,24,23398,California
Mendocino,2021-03-01,594,34597,551,17785,43,16812,0,0,554,13508,37,10444,554,23952,California
Mendocino,2021-03-02,72,34669,26,17811,46,16858,0,0,39,13515,32,10476,39,23991,California
Mendocino,2021-03-03,2040,36709,1338,19149,702,17560,0,0,1387,14252,650,11126,1387,25378,California
Mendocino,2021-03-04,1850,38559,148,19297,1702,19262,0,0,1632,15671,215,11341,1634,27012,California
Mendocino,2021-03-05,475,39034,416,19713,50,19312,9,9,372,15953,99,11440,381,27393,California
Mendocino,2021-03-06,248,39282,24,19737,197,19509,27,36,203,16139,44,11484,230,27623,California
Mendocino,2021-03-07,506,39788,8,19745,478,19987,20,56,117,15887,388,11872,136,27759,California
Mendocino,2021-03-08,122,39910,28,19773,57,20044,37,93,63,15930,57,11929,100,27859,California
Mendocino,2021-03-09,934,40844,599,20372,295,20339,40,133,829,16694,105,12034,869,28728,California
Mendocino,2021-03-10,1146,41990,984,21356,98,20437,64,197,272,16164,869,12903,339,29067,California
Mendocino,2021-03-11,846,42836,627,21983,165,20602,54,251,401,16177,442,13345,455,29522,California
Mendocino,2021-03-12,2068,44904,1054,23037,900,21502,114,365,1237,16703,825,14170,1351,30873,California
Mendocino,2021-03-13,704,45608,570,23607,75,21577,59,424,104,16270,596,14766,163,31036,California
Mendocino,2021-03-14,106,45714,4,23611,95,21672,7,431,12,16199,90,14856,19,31055,California
Mendocino,2021-03-15,609,46323,51,23662,499,22171,59,490,217,16085,389,15245,275,31330,California
Mendocino,2021-03-16,582,46905,387,24049,149,22320,46,536,118,15787,462,15707,164,31494,California
Mendocino,2021-03-17,1589,48494,1388,25437,52,22372,149,685,217,14794,1366,17073,373,31867,California
Mendocino,2021-03-18,1309,49803,249,25686,1023,23395,37,722,278,14085,1023,18096,314,32181,California
Mendocino,2021-03-19,1776,51579,854,26540,863,24258,59,781,331,13037,1440,19536,392,32573,California
Mendocino,2021-03-20,68,51647,9,26549,39,24297,20,801,12,13013,56,19592,32,32605,California
Mendocino,2021-03-21,9,51656,1,26550,3,24300,5,806,4,13017,5,19597,9,32614,California
Mendocino,2021-03-22,661,52317,617,27167,15,24315,29,835,146,12680,511,20108,174,32788,California
Mendocino,2021-03-23,165,52482,35,27202,100,24415,30,865,115,12775,50,20158,145,32933,California
Mendocino,2021-03-24,915,53397,844,28046,24,24439,47,912,107,12123,806,20964,154,33087,California
Mendocino,2021-03-25,2015,55412,53,28099,1942,26381,20,932,176,10484,1833,22797,194,33281,California
Mendocino,2021-03-26,545,55957,395,28494,124,26505,26,958,113,10191,431,23228,138,33419,California
Mendocino,2021-03-27,146,56103,14,28508,120,26625,12,970,81,10219,64,23292,92,33511,California
Mendocino,2021-03-28,24,56127,5,28513,15,26640,4,974,4,10208,19,23311,8,33519,California
Mendocino,2021-03-29,191,56318,99,28612,48,26688,44,1018,97,10255,94,23405,141,33660,California
Mendocino,2021-03-30,715,57033,631,29243,47,26735,37,1055,104,9787,609,24014,141,33801,California
Mendocino,2021-03-31,918,57951,283,29526,574,27309,61,1116,153,9239,762,24776,214,34015,California
Mendocino,2021-04-01,1749,59700,419,29945,1249,28558,81,1197,379,8339,1359,26135,459,34474,California
Mendocino,2021-04-02,1309,61009,1077,31022,159,28717,73,1270,157,7420,1149,27284,230,34704,California
Mendocino,2021-04-03,709,61718,10,31032,678,29395,21,1291,87,6911,617,27901,108,34812,California
Mendocino,2021-04-04,71,61789,35,31067,30,29425,6,1297,55,6956,16,27917,61,34873,California
Mendocino,2021-04-05,208,61997,140,31207,44,29469,24,1321,123,7015,85,28002,144,35017,California
Mendocino,2021-04-06,395,62392,124,31331,177,29646,94,1415,108,6930,287,28289,202,35219,California
Mendocino,2021-04-07,490,62882,178,31509,65,29711,247,1662,114,6917,373,28662,360,35579,California
Mendocino,2021-04-08,1502,64384,924,32433,464,30175,114,1776,1009,7554,486,29148,1123,36702,California
Mendocino,2021-04-09,764,65148,429,32862,173,30348,162,1938,400,7752,364,29512,562,37264,California
Mendocino,2021-04-10,409,65557,92,32954,272,30620,45,1983,99,7586,310,29822,144,37408,California
Mendocino,2021-04-11,121,65678,47,33001,19,30639,55,2038,59,7638,62,29884,114,37522,California
Mendocino,2021-04-12,620,66298,514,33515,47,30686,59,2097,405,7887,215,30099,464,37986,California
Mendocino,2021-04-13,295,66593,232,33747,63,30749,0,2097,224,8040,71,30170,224,38210,California
Mendocino,2021-04-14,518,67111,428,34175,90,30839,0,2097,422,8366,96,30266,422,38632,California
Mendocino,2021-04-15,666,67777,332,34507,334,31173,0,2097,389,8483,272,30538,389,39021,California
Mendocino,2021-04-16,124,67901,53,34560,70,31243,1,2098,77,8514,46,30584,77,39098,California
Mendocino,2021-04-17,195,68096,12,34572,183,31426,0,2098,67,8455,126,30710,67,39165,California
Mendocino,2021-04-18,15,68111,7,34579,8,31434,0,2098,7,8456,6,30716,7,39172,California
Mendocino,2021-04-19,539,68650,516,35095,22,31456,1,2099,427,8773,111,30827,428,39600,California
Mendocino,2021-04-20,422,69072,292,35387,130,31586,0,2099,267,8886,154,30981,267,39867,California
Mendocino,2021-04-21,192,69264,135,35522,56,31642,1,2100,116,8929,74,31055,117,39984,California
Mendocino,2021-04-22,483,69747,312,35834,170,31812,1,2101,313,9076,166,31221,313,40297,California
Mendocino,2021-04-23,850,70597,702,36536,148,31960,0,2101,695,9619,152,31373,695,40992,California
Mendocino,2021-04-24,107,70704,14,36550,93,32053,0,2101,100,9712,7,31380,100,41092,California
Mendocino,2021-04-25,58,70762,35,36585,19,32072,4,2105,19,9697,38,31418,23,41115,California
Mendocino,2021-04-26,309,71071,240,36825,64,32136,5,2110,202,9798,106,31524,207,41322,California
Mendocino,2021-04-27,209,71280,92,36917,90,32226,27,2137,95,9806,113,31637,121,41443,California
Mendocino,2021-04-28,224,71504,150,37067,55,32281,19,2156,129,9860,95,31732,149,41592,California
Mendocino,2021-04-29,1149,72653,844,37911,290,32571,15,2171,111,8953,1033,32765,126,41718,California
Mendocino,2021-04-30,607,73260,383,38294,215,32786,9,2180,228,8812,378,33143,237,41955,California
Mendocino,2021-05-01,473,73733,432,38726,33,32819,8,2188,367,9082,105,33248,375,42330,California
Mendocino,2021-05-02,55,73788,45,38771,7,32826,3,2191,8,9046,47,33295,11,42341,California
Mendocino,2021-05-03,145,73933,85,38856,39,32865,21,2212,43,9010,100,33395,64,42405,California
Mendocino,2021-05-04,378,74311,253,39109,92,32957,33,2245,141,8947,237,33632,174,42579,California
Mendocino,2021-05-05,878,75189,792,39901,71,33028,15,2260,221,8526,656,34288,235,42814,California
Mendocino,2021-05-06,632,75821,383,40284,227,33255,22,2282,155,8228,475,34763,177,42991,California
Mendocino,2021-05-07,185,76006,33,40317,127,33382,25,2307,120,8308,64,34827,144,43135,California
Mendocino,2021-05-08,126,76132,4,40321,121,33503,1,2308,110,8404,15,34842,111,43246,California
Mendocino,2021-05-09,22,76154,6,40327,15,33518,1,2309,5,8393,17,34859,6,43252,California
Mendocino,2021-05-10,240,76394,159,40486,76,33594,5,2314,150,8458,90,34949,155,43407,California
Mendocino,2021-05-11,279,76673,142,40628,119,33713,18,2332,131,8458,147,35096,147,43554,California
Mendocino,2021-05-12,141,76814,80,40708,53,33766,8,2340,44,8415,95,35191,52,43606,California
Mendocino,2021-05-13,1233,78047,1125,41833,91,33857,17,2357,322,7843,911,36102,339,43945,California
Mendocino,2021-05-14,718,78765,491,42324,163,34020,64,2421,246,7686,467,36569,310,44255,California
Mendocino,2021-05-15,83,78848,29,42353,50,34070,4,2425,40,7687,43,36612,44,44299,California
Mendocino,2021-05-16,116,78964,103,42456,11,34081,2,2427,98,7771,17,36629,101,44400,California
Mendocino,2021-05-17,171,79135,85,42541,70,34151,16,2443,96,7808,75,36704,112,44512,California
Mendocino,2021-05-18,244,79379,118,42659,98,34249,28,2471,106,7804,137,36841,133,44645,California
Mendocino,2021-05-19,329,79708,193,42852,115,34364,21,2492,242,7982,85,36926,263,44908,California
Mendocino,2021-05-20,293,80001,116,42968,135,34499,42,2534,106,7946,184,37110,148,45056,California
Mendocino,2021-05-21,651,80652,472,43440,164,34663,15,2549,509,8329,141,37251,524,45580,California
Mendocino,2021-05-22,783,81435,673,44113,102,34765,8,2557,240,8035,542,37793,248,45828,California
Mendocino,2021-05-23,28,81463,11,44124,10,34775,7,2564,15,8043,13,37806,21,45849,California
Mendocino,2021-05-24,126,81589,43,44167,62,34837,21,2585,59,8057,66,37872,80,45929,California
Mendocino,2021-05-25,293,81882,176,44343,88,34925,29,2614,135,8063,157,38029,163,46092,California
Mendocino,2021-05-26,324,82206,245,44588,67,34992,12,2626,132,8016,191,38220,144,46236,California
Mendocino,2021-05-27,244,82450,112,44700,110,35102,22,2648,102,7999,140,38360,123,46359,California
Mendocino,2021-05-28,234,82684,96,44796,126,35228,12,2660,153,8085,79,38439,165,46524,California
Mendocino,2021-05-29,47,82731,16,44812,26,35254,5,2665,27,8097,20,38459,32,46556,California
Mendocino,2021-05-30,15,82746,2,44814,12,35266,1,2666,10,8103,5,38464,11,46567,California
Mendocino,2021-05-31,6,82752,0,44814,5,35271,1,2667,2,8103,3,38467,3,46570,California
Mendocino,2021-06-01,311,83063,104,44918,198,35469,9,2676,84,7969,227,38694,93,46663,California
Mendocino,2021-06-02,155,83218,58,44976,89,35558,8,2684,54,7933,98,38792,62,46725,California
Mendocino,2021-06-03,558,83776,459,45435,90,35648,9,2693,123,7637,428,39220,132,46857,California
Mendocino,2021-06-04,321,84097,195,45630,103,35751,23,2716,89,7517,232,39452,112,46969,California
Mendocino,2021-06-05,226,84323,92,45722,116,35867,18,2734,72,7455,152,39604,90,47059,California
Mendocino,2021-06-06,64,84387,58,45780,3,35870,3,2737,2,7398,62,39666,5,47064,California
Mendocino,2021-06-07,148,84535,72,45852,64,35934,12,2749,59,7380,89,39755,71,47135,California
Mendocino,2021-06-08,230,84765,131,45983,87,36021,12,2761,100,7367,125,39880,112,47247,California
Mendocino,2021-06-09,311,85076,249,46232,52,36073,10,2771,107,7281,203,40083,117,47364,California
Mendocino,2021-06-10,121,85197,67,46299,44,36117,10,2781,55,7280,66,40149,65,47429,California
Mendocino,2021-06-11,698,85895,545,46844,131,36248,22,2803,95,6796,601,40750,117,47546,California
Mendocino,2021-06-12,62,85957,40,46884,17,36265,5,2808,17,6774,44,40794,22,47568,California
Mendocino,2021-06-13,29,85986,16,46900,11,36276,2,2810,15,6778,13,40807,17,47585,California
Mendocino,2021-06-14,111,86097,48,46948,44,36320,19,2829,47,6780,63,40870,65,47650,California
Mendocino,2021-06-15,244,86341,152,47100,74,36394,18,2847,69,6692,175,41045,87,47737,California
Mendocino,2021-06-16,267,86608,166,47266,79,36473,22,2869,63,6575,202,41247,85,47822,California
Mendocino,2021-06-17,162,86770,83,47349,62,36535,17,2886,47,6525,114,41361,64,47886,California
Mendocino,2021-06-18,267,87037,124,47473,112,36647,31,2917,74,6437,192,41553,104,47990,California
Mendocino,2021-06-19,74,87111,42,47515,25,36672,7,2924,16,6402,58,41611,23,48013,California
Mendocino,2021-06-20,11,87122,3,47518,4,36676,4,2928,6,6407,5,41616,10,48023,California
Mendocino,2021-06-21,56,87178,22,47540,24,36700,10,2938,24,6411,29,41645,33,48056,California
Merced,2020-12-16,3,3,3,3,0,0,0,0,3,3,0,0,3,3,California
Merced,2020-12-17,8,11,8,11,0,0,0,0,8,11,0,0,8,11,California
Merced,2020-12-18,144,155,144,155,0,0,0,0,144,155,0,0,144,155,California
Merced,2020-12-19,37,192,37,192,0,0,0,0,37,192,0,0,37,192,California
Merced,2020-12-20,18,210,18,210,0,0,0,0,18,210,0,0,18,210,California
Merced,2020-12-21,123,333,120,330,3,3,0,0,123,333,0,0,123,333,California
Merced,2020-12-22,154,487,154,484,0,3,0,0,154,487,0,0,154,487,California
Merced,2020-12-23,252,739,246,730,6,9,0,0,252,739,0,0,252,739,California
Merced,2020-12-24,72,811,72,802,0,9,0,0,72,811,0,0,72,811,California
Merced,2020-12-25,4,815,4,806,0,9,0,0,4,815,0,0,4,815,California
Merced,2020-12-26,6,821,3,809,3,12,0,0,6,821,0,0,6,821,California
Merced,2020-12-27,12,833,11,820,1,13,0,0,12,833,0,0,12,833,California
Merced,2020-12-28,121,954,96,916,25,38,0,0,121,954,0,0,121,954,California
Merced,2020-12-29,179,1133,122,1038,57,95,0,0,179,1133,0,0,179,1133,California
Merced,2020-12-30,215,1348,88,1126,127,222,0,0,215,1348,0,0,215,1348,California
Merced,2020-12-31,102,1450,34,1160,68,290,0,0,102,1450,0,0,102,1450,California
Merced,2021-01-01,5,1455,1,1161,4,294,0,0,5,1455,0,0,5,1455,California
Merced,2021-01-02,129,1584,118,1279,11,305,0,0,129,1584,0,0,129,1584,California
Merced,2021-01-03,9,1593,5,1284,4,309,0,0,9,1593,0,0,9,1593,California
Merced,2021-01-04,84,1677,43,1327,41,350,0,0,84,1677,0,0,84,1677,California
Merced,2021-01-05,323,2000,233,1560,90,440,0,0,317,1990,6,6,319,1996,California
Merced,2021-01-06,256,2256,104,1664,152,592,0,0,251,2236,5,11,251,2247,California
Merced,2021-01-07,186,2442,83,1747,103,695,0,0,175,2399,12,23,175,2422,California
Merced,2021-01-08,529,2971,395,2142,134,829,0,0,375,2621,153,176,375,2797,California
Merced,2021-01-09,22,2993,9,2151,13,842,0,0,17,2633,5,181,17,2814,California
Merced,2021-01-10,11,3004,7,2158,4,846,0,0,7,2636,4,185,7,2821,California
Merced,2021-01-11,230,3234,171,2329,59,905,0,0,103,2614,127,312,105,2926,California
Merced,2021-01-12,291,3525,168,2497,123,1028,0,0,243,2808,49,361,243,3169,California
Merced,2021-01-13,380,3905,176,2673,204,1232,0,0,227,2885,153,514,230,3399,California
Merced,2021-01-14,326,4231,205,2878,121,1353,0,0,159,2879,166,680,160,3559,California
Merced,2021-01-15,583,4814,129,3007,454,1807,0,0,544,3386,40,720,547,4106,California
Merced,2021-01-16,211,5025,129,3136,82,1889,0,0,194,3563,17,737,194,4300,California
Merced,2021-01-17,50,5075,12,3148,38,1927,0,0,49,3611,1,738,49,4349,California
Merced,2021-01-18,265,5340,126,3274,139,2066,0,0,243,3836,22,760,247,4596,California
Merced,2021-01-19,713,6053,589,3863,124,2190,0,0,540,4210,173,933,547,5143,California
Merced,2021-01-20,572,6625,467,4330,105,2295,0,0,515,4671,57,990,518,5661,California
Merced,2021-01-21,1012,7637,652,4982,360,2655,0,0,912,5486,100,1090,915,6576,California
Merced,2021-01-22,1313,8950,694,5676,619,3274,0,0,1285,6756,27,1117,1297,7873,California
Merced,2021-01-23,323,9273,198,5874,125,3399,0,0,216,6865,107,1224,216,8089,California
Merced,2021-01-24,37,9310,15,5889,22,3421,0,0,28,6885,8,1232,28,8117,California
Merced,2021-01-25,729,10039,241,6130,488,3909,0,0,668,7494,60,1292,669,8786,California
Merced,2021-01-26,919,10958,487,6617,432,4341,0,0,675,7954,216,1508,676,9462,California
Merced,2021-01-27,986,11944,589,7206,397,4738,0,0,815,8600,169,1677,815,10277,California
Merced,2021-01-28,1142,13086,596,7802,546,5284,0,0,1018,9497,123,1800,1020,11297,California
Merced,2021-01-29,846,13932,317,8119,529,5813,0,0,594,9854,240,2040,597,11894,California
Merced,2021-01-30,261,14193,28,8147,233,6046,0,0,243,10079,18,2058,243,12137,California
Merced,2021-01-31,47,14240,11,8158,36,6082,0,0,46,10124,1,2059,46,12183,California
Merced,2021-02-01,380,14620,53,8211,327,6409,0,0,327,10400,52,2111,328,12511,California
Merced,2021-02-02,299,14919,179,8390,120,6529,0,0,178,10461,118,2229,179,12690,California
Merced,2021-02-03,350,15269,72,8462,278,6807,0,0,170,10450,181,2410,170,12860,California
Merced,2021-02-04,372,15641,147,8609,225,7032,0,0,239,10558,132,2542,240,13100,California
Merced,2021-02-05,511,16152,170,8779,341,7373,0,0,271,10593,238,2780,273,13373,California
Merced,2021-02-06,388,16540,217,8996,171,7544,0,0,244,10697,141,2921,245,13618,California
Merced,2021-02-07,20,16560,12,9008,8,7552,0,0,13,10703,7,2928,13,13631,California
Merced,2021-02-08,284,16844,199,9207,85,7637,0,0,171,10764,111,3039,172,13803,California
Merced,2021-02-09,1216,18060,955,10162,261,7898,0,0,772,11101,436,3475,773,14576,California
Merced,2021-02-10,1861,19921,1436,11598,425,8323,0,0,1276,11802,575,4050,1276,15852,California
Merced,2021-02-11,2506,22427,2013,13611,493,8816,0,0,1815,12938,679,4729,1815,17667,California
Merced,2021-02-12,1718,24145,1019,14630,699,9515,0,0,744,12729,956,5685,747,18414,California
Merced,2021-02-13,362,24507,209,14839,153,9668,0,0,264,12901,94,5779,266,18680,California
Merced,2021-02-14,117,24624,25,14864,92,9760,0,0,95,12975,22,5801,96,18776,California
Merced,2021-02-15,274,24898,42,14906,232,9992,0,0,168,13045,99,5900,169,18945,California
Merced,2021-02-16,1216,26114,843,15749,373,10365,0,0,833,13518,364,6264,837,19782,California
Merced,2021-02-17,1889,28003,1644,17393,245,10610,0,0,1313,14280,560,6824,1322,21104,California
Merced,2021-02-18,1216,29219,823,18216,393,11003,0,0,407,13902,788,7612,410,21514,California
Merced,2021-02-19,1261,30480,412,18628,849,11852,0,0,536,13721,719,8331,538,22052,California
Merced,2021-02-20,277,30757,30,18658,247,12099,0,0,139,13724,136,8467,139,22191,California
Merced,2021-02-21,74,30831,61,18719,13,12112,0,0,28,13708,44,8511,28,22219,California
Merced,2021-02-22,832,31663,296,19015,536,12648,0,0,481,13842,349,8860,483,22702,California
Merced,2021-02-23,1082,32745,421,19436,661,13309,0,0,639,14045,437,9297,640,23342,California
Merced,2021-02-24,825,33570,306,19742,519,13828,0,0,456,14142,360,9657,457,23799,California
Merced,2021-02-25,1776,35346,884,20626,892,14720,0,0,1319,15011,453,10110,1322,25121,California
Merced,2021-02-26,2160,37506,1382,22008,778,15498,0,0,1742,16344,410,10520,1743,26864,California
Merced,2021-02-27,2610,40116,1184,23192,1426,16924,0,0,2326,18387,283,10803,2326,29190,California
Merced,2021-02-28,312,40428,73,23265,238,17162,1,1,258,18595,50,10853,258,29448,California
Merced,2021-03-01,1129,41557,282,23547,846,18008,1,2,784,19045,335,11188,785,30233,California
Merced,2021-03-02,1757,43314,910,24457,846,18854,1,3,1363,20025,386,11574,1366,31599,California
Merced,2021-03-03,2240,45554,1739,26196,500,19354,1,4,1476,20758,745,12319,1478,33077,California
Merced,2021-03-04,2903,48457,2275,28471,626,19980,2,6,1926,21728,959,13278,1929,35006,California
Merced,2021-03-05,2077,50534,1198,29669,855,20835,24,30,1533,22757,529,13807,1558,36564,California
Merced,2021-03-06,1169,51703,664,30333,483,21318,22,52,913,23437,255,14062,935,37499,California
Merced,2021-03-07,229,51932,68,30401,137,21455,24,76,201,23634,28,14090,225,37724,California
Merced,2021-03-08,1406,53338,809,31210,532,21987,65,141,1190,24673,215,14305,1254,38978,California
Merced,2021-03-09,1697,55035,1004,32214,584,22571,109,250,1097,25286,593,14898,1206,40184,California
Merced,2021-03-10,2713,57748,1877,34091,635,23206,201,451,1634,26061,1064,15962,1839,42023,California
Merced,2021-03-11,1945,59693,699,34790,1045,24251,201,652,1226,26808,702,16664,1449,43472,California
Merced,2021-03-12,2220,61913,904,35694,1041,25292,275,927,1496,27871,719,17383,1782,45254,California
Merced,2021-03-13,1006,62919,307,36001,457,25749,242,1169,703,28522,295,17678,946,46200,California
Merced,2021-03-14,250,63169,137,36138,83,25832,30,1199,149,28601,100,17778,179,46379,California
Merced,2021-03-15,1526,64695,497,36635,772,26604,257,1456,1004,29347,514,18292,1260,47639,California
Merced,2021-03-16,1473,66168,718,37353,528,27132,227,1683,978,30070,483,18775,1206,48845,California
Merced,2021-03-17,1984,68152,1081,38434,726,27858,177,1860,1525,31325,449,19224,1704,50549,California
Merced,2021-03-18,2133,70285,1259,39693,726,28584,148,2008,1392,32153,726,19950,1554,52103,California
Merced,2021-03-19,2673,72958,1458,41151,1016,29600,199,2207,1384,32457,1279,21229,1583,53686,California
Merced,2021-03-20,2454,75412,1527,42678,532,30132,395,2602,964,32336,1485,22714,1364,55050,California
Merced,2021-03-21,557,75969,344,43022,201,30333,12,2614,437,32668,119,22833,451,55501,California
Merced,2021-03-22,1263,77232,630,43652,557,30890,76,2690,886,33264,368,23201,964,56465,California
Merced,2021-03-23,1888,79120,1158,44810,665,31555,65,2755,1401,34250,479,23680,1465,57930,California
Merced,2021-03-24,1481,80601,936,45746,510,32065,35,2790,997,34806,477,24157,1033,58963,California
Merced,2021-03-25,3337,83938,2287,48033,1026,33091,24,2814,2093,35695,1231,25388,2120,61083,California
Merced,2021-03-26,1948,85886,1095,49128,818,33909,35,2849,898,35592,1036,26424,933,62016,California
Merced,2021-03-27,3578,89464,1913,51041,1242,35151,423,3272,1560,35572,2004,28428,1984,64000,California
Merced,2021-03-28,526,89990,217,51258,301,35452,8,3280,215,35487,308,28736,223,64223,California
Merced,2021-03-29,1836,91826,783,52041,885,36337,168,3448,673,35177,1154,29890,844,65067,California
Merced,2021-03-30,2151,93977,805,52846,1287,37624,59,3507,989,35071,1156,31046,1050,66117,California
Merced,2021-03-31,2156,96133,1413,54259,702,38326,41,3548,950,34876,1188,32234,993,67110,California
Merced,2021-04-01,2353,98486,1054,55313,1169,39495,130,3678,1048,34762,1292,33526,1178,68288,California
Merced,2021-04-02,2341,100827,644,55957,1291,40786,406,4084,787,34420,1536,35062,1194,69482,California
Merced,2021-04-03,1090,101917,600,56557,471,41257,19,4103,669,34697,412,35474,689,70171,California
Merced,2021-04-04,368,102285,142,56699,224,41481,2,4105,141,34616,226,35700,145,70316,California
Merced,2021-04-05,1279,103564,611,57310,454,41935,214,4319,419,34396,852,36552,632,70948,California
Merced,2021-04-06,2421,105985,898,58208,694,42629,829,5148,891,34589,1525,38077,1718,72666,California
Merced,2021-04-07,1676,107661,899,59107,669,43298,108,5256,590,34221,1068,39145,700,73366,California
Merced,2021-04-08,2447,110108,1311,60418,920,44218,216,5472,961,33942,1454,40599,1175,74541,California
Merced,2021-04-09,1707,111815,476,60894,652,44870,579,6051,566,33966,1122,41721,1146,75687,California
Merced,2021-04-10,981,112796,370,61264,424,45294,187,6238,176,33528,799,42520,361,76048,California
Merced,2021-04-11,488,113284,283,61547,71,45365,134,6372,148,33473,338,42858,283,76331,California
Merced,2021-04-12,1510,114794,989,62536,394,45759,127,6499,868,33865,604,43462,996,77327,California
Merced,2021-04-13,2045,116839,1465,64001,578,46337,2,6501,938,33794,1015,44477,944,78271,California
Merced,2021-04-14,2181,119020,1345,65346,836,47173,0,6501,1006,33761,1041,45518,1008,79279,California
Merced,2021-04-15,3024,122044,1976,67322,1048,48221,0,6501,955,32887,1835,47353,961,80240,California
Merced,2021-04-16,2387,124431,1168,68490,1219,49440,0,6501,974,32547,1314,48667,974,81214,California
Merced,2021-04-17,2105,126536,1446,69936,658,50098,1,6502,687,31828,1410,50077,691,81905,California
Merced,2021-04-18,475,127011,250,70186,225,50323,0,6502,191,31763,256,50333,191,82096,California
Merced,2021-04-19,1335,128346,751,70937,584,50907,0,6502,705,31935,534,50867,706,82802,California
Merced,2021-04-20,1483,129829,743,71680,740,51647,0,6502,804,32132,608,51475,805,83607,California
Merced,2021-04-21,1508,131337,914,72594,594,52241,0,6502,764,32266,631,52106,765,84372,California
Merced,2021-04-22,1624,132961,744,73338,880,53121,0,6502,783,32291,759,52865,784,85156,California
Merced,2021-04-23,1658,134619,690,74028,968,54089,0,6502,891,32463,720,53585,892,86048,California
Merced,2021-04-24,880,135499,703,74731,177,54266,0,6502,554,32696,321,53906,554,86602,California
Merced,2021-04-25,329,135828,189,74920,140,54406,0,6502,194,32759,131,54037,194,86796,California
Merced,2021-04-26,1224,137052,535,75455,689,55095,0,6502,641,32852,550,54587,643,87439,California
Merced,2021-04-27,1776,138828,894,76349,870,55965,12,6514,710,32578,997,55584,723,88162,California
Merced,2021-04-28,1369,140197,680,77029,681,56646,8,6522,782,32807,562,56146,791,88953,California
Merced,2021-04-29,1456,141653,641,77670,790,57436,25,6547,697,32781,750,56896,724,89677,California
Merced,2021-04-30,1460,143113,617,78287,799,58235,44,6591,752,32877,701,57597,797,90474,California
Merced,2021-05-01,563,143676,242,78529,317,58552,4,6595,262,32846,296,57893,265,90739,California
Merced,2021-05-02,297,143973,121,78650,161,58713,15,6610,131,32829,165,58058,148,90887,California
Merced,2021-05-03,846,144819,554,79204,222,58935,70,6680,303,32665,539,58597,375,91262,California
Merced,2021-05-04,1017,145836,545,79749,420,59355,52,6732,374,32452,639,59236,426,91688,California
Merced,2021-05-05,1387,147223,888,80637,423,59778,76,6808,636,32426,739,59975,713,92401,California
Merced,2021-05-06,917,148140,479,81116,388,60166,50,6858,301,32169,608,60583,351,92752,California
Merced,2021-05-07,1143,149283,499,81615,602,60768,42,6900,436,31949,701,61284,481,93233,California
Merced,2021-05-08,399,149682,202,81817,160,60928,37,6937,184,31956,214,61498,221,93454,California
Merced,2021-05-09,211,149893,104,81921,100,61028,7,6944,100,31953,110,61608,107,93561,California
Merced,2021-05-10,696,150589,357,82278,302,61330,37,6981,190,31677,504,62112,228,93789,California
Merced,2021-05-11,1147,151736,681,82959,409,61739,57,7038,439,31470,703,62815,496,94285,California
Merced,2021-05-12,1079,152815,612,83571,425,62164,42,7080,372,31181,704,63519,415,94700,California
Merced,2021-05-13,860,153675,453,84024,364,62528,43,7123,346,31061,509,64028,389,95089,California
Merced,2021-05-14,1029,154704,619,84643,370,62898,40,7163,538,31154,485,64513,578,95667,California
Merced,2021-05-15,762,155466,575,85218,168,63066,19,7182,450,31324,300,64813,470,96137,California
Merced,2021-05-16,349,155815,234,85452,107,63173,8,7190,198,31382,149,64962,207,96344,California
Merced,2021-05-17,1092,156907,711,86163,351,63524,30,7220,537,31402,548,65510,568,96912,California
Merced,2021-05-18,1274,158181,850,87013,393,63917,31,7251,723,31611,545,66055,754,97666,California
Merced,2021-05-19,1109,159290,760,87773,342,64259,7,7258,632,31780,474,66529,643,98309,California
Merced,2021-05-20,1055,160345,556,88329,443,64702,56,7314,404,31593,649,67178,462,98771,California
Merced,2021-05-21,1183,161528,678,89007,477,65179,28,7342,490,31430,682,67860,519,99290,California
Merced,2021-05-22,752,162280,538,89545,201,65380,13,7355,449,31595,300,68160,465,99755,California
Merced,2021-05-23,333,162613,233,89778,88,65468,12,7367,222,31719,110,68270,234,99989,California
Merced,2021-05-24,595,163208,247,90025,318,65786,30,7397,226,31612,364,68634,257,100246,California
Merced,2021-05-25,763,163971,432,90457,297,66083,34,7431,403,31692,357,68991,437,100683,California
Merced,2021-05-26,978,164949,555,91012,390,66473,33,7464,407,31564,569,69560,441,101124,California
Merced,2021-05-27,925,165874,653,91665,239,66712,33,7497,570,31817,351,69911,604,101728,California
Merced,2021-05-28,767,166641,347,92012,373,67085,47,7544,335,31777,423,70334,383,102111,California
Merced,2021-05-29,392,167033,271,92283,113,67198,8,7552,172,31741,217,70551,181,102292,California
Merced,2021-05-30,215,167248,146,92429,58,67256,11,7563,135,31807,80,70631,146,102438,California
Merced,2021-05-31,110,167358,24,92453,80,67336,6,7569,31,31768,77,70708,38,102476,California
Merced,2021-06-01,791,168149,469,92922,290,67626,32,7601,340,31694,446,71154,372,102848,California
Merced,2021-06-02,740,168889,478,93400,236,67862,26,7627,366,31719,367,71521,392,103240,California
Merced,2021-06-03,750,169639,477,93877,240,68102,33,7660,333,31673,411,71932,365,103605,California
Merced,2021-06-04,790,170429,445,94322,323,68425,22,7682,331,31574,453,72385,354,103959,California
Merced,2021-06-05,493,170922,389,94711,94,68519,10,7692,182,31460,306,72691,192,104151,California
Merced,2021-06-06,224,171146,188,94899,30,68549,6,7698,84,31410,140,72831,90,104241,California
Merced,2021-06-07,651,171797,520,95419,119,68668,12,7710,195,31163,456,73287,209,104450,California
Merced,2021-06-08,856,172653,633,96052,199,68867,24,7734,275,30885,577,73864,299,104749,California
Merced,2021-06-09,785,173438,650,96702,120,68987,15,7749,236,30596,540,74404,251,105000,California
Merced,2021-06-10,642,174080,444,97146,179,69166,19,7768,268,30516,367,74771,287,105287,California
Merced,2021-06-11,563,174643,352,97498,196,69362,15,7783,236,30445,324,75095,253,105540,California
Merced,2021-06-12,456,175099,353,97851,80,69442,23,7806,157,30327,298,75393,180,105720,California
Merced,2021-06-13,255,175354,134,97985,116,69558,5,7811,68,30213,187,75580,73,105793,California
Merced,2021-06-14,547,175901,360,98345,154,69712,33,7844,259,30219,287,75867,293,106086,California
Merced,2021-06-15,785,176686,556,98901,202,69914,27,7871,271,30012,506,76373,299,106385,California
Merced,2021-06-16,650,177336,431,99332,197,70111,22,7893,311,30016,329,76702,333,106718,California
Merced,2021-06-17,726,178062,549,99881,146,70257,31,7924,232,29793,486,77188,263,106981,California
Merced,2021-06-18,748,178810,492,100373,231,70488,25,7949,380,29837,361,77549,405,107386,California
Merced,2021-06-19,363,179173,250,100623,87,70575,26,7975,197,29896,164,77713,223,107609,California
Merced,2021-06-20,237,179410,183,100806,46,70621,8,7983,139,29946,97,77810,147,107756,California
Merced,2021-06-21,108,179518,52,100858,48,70669,8,7991,58,29962,50,77860,66,107822,California
Modoc,2020-12-16,2,2,2,2,0,0,0,0,2,2,0,0,2,2,California
Modoc,2020-12-21,99,101,99,101,0,0,0,0,99,101,0,0,99,101,California
Modoc,2020-12-22,14,115,14,115,0,0,0,0,14,115,0,0,14,115,California
Modoc,2020-12-23,4,119,4,119,0,0,0,0,4,119,0,0,4,119,California
Modoc,2020-12-24,1,120,1,120,0,0,0,0,1,120,0,0,1,120,California
Modoc,2020-12-28,2,122,2,122,0,0,0,0,2,122,0,0,2,122,California
Modoc,2020-12-29,9,131,1,123,8,8,0,0,9,131,0,0,9,131,California
Modoc,2020-12-30,9,140,2,125,7,15,0,0,9,140,0,0,9,140,California
Modoc,2021-01-02,3,143,1,126,2,17,0,0,3,143,0,0,3,143,California
Modoc,2021-01-04,8,151,0,126,8,25,0,0,8,151,0,0,8,151,California
Modoc,2021-01-05,3,154,2,128,1,26,0,0,3,154,0,0,3,154,California
Modoc,2021-01-06,5,159,4,132,1,27,0,0,3,155,2,2,3,157,California
Modoc,2021-01-07,72,231,0,132,72,99,0,0,72,227,0,2,72,229,California
Modoc,2021-01-08,107,338,0,132,107,206,0,0,107,334,0,2,107,336,California
Modoc,2021-01-10,1,339,1,133,0,206,0,0,0,333,1,3,0,336,California
Modoc,2021-01-11,91,430,81,214,10,216,0,0,20,282,71,74,20,356,California
Modoc,2021-01-12,94,524,25,239,69,285,0,0,68,324,26,100,68,424,California
Modoc,2021-01-13,24,548,4,243,20,305,0,0,22,344,2,102,22,446,California
Modoc,2021-01-14,129,677,6,249,123,428,0,0,124,463,5,107,124,570,California
Modoc,2021-01-15,6,683,1,250,5,433,0,0,6,469,0,107,6,576,California
Modoc,2021-01-16,2,685,1,251,1,434,0,0,2,471,0,107,2,578,California
Modoc,2021-01-18,3,688,1,252,2,436,0,0,3,474,0,107,3,581,California
Modoc,2021-01-19,4,692,3,255,1,437,0,0,2,474,2,109,2,583,California
Modoc,2021-01-20,15,707,4,259,11,448,0,0,13,485,2,111,13,596,California
Modoc,2021-01-21,160,867,2,261,158,606,0,0,160,645,0,111,160,756,California
Modoc,2021-01-22,4,871,2,263,2,608,0,0,4,649,0,111,4,760,California
Modoc,2021-01-25,12,883,0,263,12,620,0,0,12,661,0,111,12,772,California
Modoc,2021-01-26,119,1002,2,265,117,737,0,0,119,780,0,111,119,891,California
Modoc,2021-01-27,47,1049,3,268,44,781,0,0,32,797,15,126,32,923,California
Modoc,2021-01-28,148,1197,4,272,144,925,0,0,147,943,1,127,147,1070,California
Modoc,2021-01-29,4,1201,1,273,3,928,0,0,4,947,0,127,4,1074,California
Modoc,2021-02-01,27,1228,13,286,14,942,0,0,13,946,14,141,13,1087,California
Modoc,2021-02-02,176,1404,2,288,174,1116,0,0,173,1116,3,144,173,1260,California
Modoc,2021-02-03,17,1421,12,300,5,1121,0,0,10,1119,7,151,10,1270,California
Modoc,2021-02-04,160,1581,3,303,157,1278,0,0,31,1021,129,280,31,1301,California
Modoc,2021-02-05,4,1585,2,305,2,1280,0,0,2,1021,2,282,2,1303,California
Modoc,2021-02-08,11,1596,1,306,10,1290,0,0,10,1030,1,283,10,1313,California
Modoc,2021-02-09,199,1795,11,317,188,1478,0,0,66,963,133,416,66,1379,California
Modoc,2021-02-10,6,1801,3,320,3,1481,0,0,4,965,2,418,4,1383,California
Modoc,2021-02-11,200,2001,2,322,198,1679,0,0,82,929,118,536,82,1465,California
Modoc,2021-02-12,9,2010,2,324,7,1686,0,0,3,926,6,542,3,1468,California
Modoc,2021-02-13,2,2012,0,324,2,1688,0,0,1,926,1,543,1,1469,California
Modoc,2021-02-16,147,2159,6,330,141,1829,0,0,141,1061,6,549,141,1610,California
Modoc,2021-02-17,25,2184,2,332,23,1852,0,0,11,1058,14,563,11,1621,California
Modoc,2021-02-18,191,2375,4,336,187,2039,0,0,22,914,168,731,24,1645,California
Modoc,2021-02-19,3,2378,3,339,0,2039,0,0,2,915,1,732,2,1647,California
Modoc,2021-02-20,1,2379,1,340,0,2039,0,0,0,914,1,733,0,1647,California
Modoc,2021-02-22,17,2396,9,349,8,2047,0,0,3,903,14,747,3,1650,California
Modoc,2021-02-23,89,2485,2,351,87,2134,0,0,15,844,74,821,15,1665,California
Modoc,2021-02-24,95,2580,2,353,93,2227,0,0,32,813,63,884,32,1697,California
Modoc,2021-02-25,172,2752,0,353,172,2399,0,0,13,667,159,1043,13,1710,California
Modoc,2021-02-26,2,2754,0,353,2,2401,0,0,1,667,1,1044,1,1711,California
Modoc,2021-02-27,2,2756,2,355,0,2401,0,0,2,669,0,1044,2,1713,California
Modoc,2021-03-01,6,2762,0,355,6,2407,0,0,0,664,5,1049,0,1713,California
Modoc,2021-03-02,198,2960,11,366,187,2594,0,0,26,518,172,1221,26,1739,California
Modoc,2021-03-03,12,2972,6,372,6,2600,0,0,2,510,10,1231,2,1741,California
Modoc,2021-03-04,174,3146,0,372,174,2774,0,0,146,628,28,1259,146,1887,California
Modoc,2021-03-05,2,3148,1,373,1,2775,0,0,1,628,1,1260,1,1888,California
Modoc,2021-03-06,11,3159,0,373,1,2776,10,10,1,629,10,1270,11,1899,California
Modoc,2021-03-07,8,3167,2,375,0,2776,6,16,2,631,6,1276,8,1907,California
Modoc,2021-03-08,8,3175,1,376,3,2779,4,20,1,630,6,1282,5,1912,California
Modoc,2021-03-09,127,3302,10,386,109,2888,8,28,61,633,66,1348,69,1981,California
Modoc,2021-03-10,9,3311,3,389,2,2890,4,32,4,636,5,1353,8,1989,California
Modoc,2021-03-11,209,3520,1,390,99,2989,109,141,23,582,186,1539,132,2121,California
Modoc,2021-03-12,10,3530,1,391,4,2993,5,146,4,585,6,1545,9,2130,California
Modoc,2021-03-13,4,3534,0,391,1,2994,3,149,1,586,3,1548,4,2134,California
Modoc,2021-03-15,14,3548,0,391,13,3007,1,150,12,597,2,1550,13,2147,California
Modoc,2021-03-16,173,3721,1,392,168,3175,4,154,42,511,131,1681,45,2192,California
Modoc,2021-03-17,12,3733,2,394,5,3180,5,159,3,510,9,1690,8,2200,California
Modoc,2021-03-18,67,3800,2,396,58,3238,7,166,36,522,31,1721,43,2243,California
Modoc,2021-03-19,5,3805,0,396,0,3238,5,171,0,522,5,1726,5,2248,California
Modoc,2021-03-20,5,3810,2,398,0,3238,3,174,0,520,5,1731,3,2251,California
Modoc,2021-03-21,3,3813,1,399,0,3238,2,176,1,521,2,1733,3,2254,California
Modoc,2021-03-22,17,3830,1,400,11,3249,5,181,12,533,5,1738,17,2271,California
Modoc,2021-03-23,66,3896,6,406,57,3306,3,184,43,556,23,1761,46,2317,California
Modoc,2021-03-24,29,3925,1,407,18,3324,10,194,1,539,28,1789,11,2328,California
Modoc,2021-03-25,79,4004,3,410,74,3398,2,196,47,556,32,1821,49,2377,California
Modoc,2021-03-26,7,4011,3,413,1,3399,3,199,2,556,5,1826,5,2382,California
Modoc,2021-03-27,2,4013,0,413,1,3400,1,200,1,557,1,1827,2,2384,California
Modoc,2021-03-29,15,4028,1,414,6,3406,8,208,6,562,9,1836,14,2398,California
Modoc,2021-03-30,53,4081,8,422,39,3445,6,214,20,555,33,1869,26,2424,California
Modoc,2021-03-31,10,4091,3,425,3,3448,4,218,4,557,6,1875,8,2432,California
Modoc,2021-04-01,169,4260,3,428,161,3609,5,223,34,461,135,2010,39,2471,California
Modoc,2021-04-02,5,4265,0,428,2,3611,3,226,1,462,3,2013,4,2475,California
Modoc,2021-04-03,3,4268,0,428,0,3611,3,229,0,462,2,2015,2,2477,California
Modoc,2021-04-05,10,4278,0,428,9,3620,1,230,9,471,1,2016,10,2487,California
Modoc,2021-04-06,23,4301,5,433,8,3628,10,240,5,468,18,2034,15,2502,California
Modoc,2021-04-07,12,4313,1,434,4,3632,7,247,3,469,9,2043,10,2512,California
Modoc,2021-04-08,94,4407,1,435,92,3724,1,248,26,428,68,2111,27,2539,California
Modoc,2021-04-09,11,4418,2,437,6,3730,3,251,2,423,9,2120,4,2543,California
Modoc,2021-04-10,5,4423,0,437,1,3731,4,255,0,422,5,2125,4,2547,California
Modoc,2021-04-11,2,4425,2,439,0,3731,0,255,1,422,1,2126,1,2548,California
Modoc,2021-04-12,14,4439,0,439,10,3741,4,259,1,416,11,2137,5,2553,California
Modoc,2021-04-13,33,4472,29,468,4,3745,0,259,22,427,11,2148,22,2575,California
Modoc,2021-04-14,3,4475,2,470,1,3746,0,259,1,426,2,2150,1,2576,California
Modoc,2021-04-15,102,4577,0,470,102,3848,0,259,29,382,73,2223,29,2605,California
Modoc,2021-04-16,6,4583,4,474,2,3850,0,259,5,386,1,2224,5,2610,California
Modoc,2021-04-17,2,4585,2,476,0,3850,0,259,2,388,0,2224,2,2612,California
Modoc,2021-04-18,1,4586,0,476,1,3851,0,259,1,389,0,2224,1,2613,California
Modoc,2021-04-19,7,4593,0,476,7,3858,0,259,2,386,5,2229,2,2615,California
Modoc,2021-04-20,48,4641,2,478,46,3904,0,259,12,362,36,2265,12,2627,California
Modoc,2021-04-21,3,4644,3,481,0,3904,0,259,1,361,2,2267,1,2628,California
Modoc,2021-04-22,97,4741,3,484,94,3998,0,259,38,340,59,2326,38,2666,California
Modoc,2021-04-23,3,4744,0,484,3,4001,0,259,3,343,0,2326,3,2669,California
Modoc,2021-04-24,2,4746,0,484,1,4002,1,260,1,344,1,2327,2,2671,California
Modoc,2021-04-25,1,4747,1,485,0,4002,0,260,1,345,0,2327,1,2672,California
Modoc,2021-04-26,8,4755,0,485,8,4010,0,260,2,341,6,2333,2,2674,California
Modoc,2021-04-27,6,4761,5,490,0,4010,1,261,1,338,5,2338,2,2676,California
Modoc,2021-04-28,6,4767,1,491,4,4014,1,262,2,337,4,2342,3,2679,California
Modoc,2021-04-29,65,4832,0,491,65,4079,0,262,20,312,45,2387,20,2699,California
Modoc,2021-04-30,3,4835,2,493,1,4080,0,262,1,311,2,2389,1,2700,California
Modoc,2021-05-02,4,4839,3,496,1,4081,0,262,3,313,1,2390,3,2703,California
Modoc,2021-05-03,15,4854,0,496,15,4096,0,262,6,310,9,2399,6,2709,California
Modoc,2021-05-04,8,4862,2,498,4,4100,2,264,3,310,5,2404,5,2714,California
Modoc,2021-05-05,28,4890,25,523,2,4102,1,265,8,299,20,2424,9,2723,California
Modoc,2021-05-06,55,4945,3,526,50,4152,2,267,21,288,34,2458,23,2746,California
Modoc,2021-05-07,8,4953,3,529,3,4155,2,269,2,286,6,2464,4,2750,California
Modoc,2021-05-08,3,4956,2,531,0,4155,1,270,1,286,2,2466,2,2752,California
Modoc,2021-05-09,1,4957,1,532,0,4155,0,270,0,285,1,2467,0,2752,California
Modoc,2021-05-10,2,4959,0,532,1,4156,1,271,1,286,1,2468,2,2754,California
Modoc,2021-05-11,3,4962,2,534,0,4156,1,272,0,284,3,2471,1,2755,California
Modoc,2021-05-12,3,4965,0,534,0,4156,3,275,0,284,3,2474,3,2758,California
Modoc,2021-05-13,44,5009,0,534,40,4196,4,279,14,272,30,2504,18,2776,California
Modoc,2021-05-14,8,5017,3,537,0,4196,5,284,3,275,5,2509,8,2784,California
Modoc,2021-05-15,4,5021,3,540,1,4197,0,284,4,279,0,2509,4,2788,California
Modoc,2021-05-16,2,5023,1,541,1,4198,0,284,0,277,2,2511,0,2788,California
Modoc,2021-05-17,6,5029,2,543,4,4202,0,284,3,277,3,2514,3,2791,California
Modoc,2021-05-18,28,5057,12,555,14,4216,2,286,13,277,15,2529,15,2806,California
Modoc,2021-05-19,8,5065,1,556,3,4219,4,290,4,281,4,2533,8,2814,California
Modoc,2021-05-20,57,5122,2,558,46,4265,9,299,8,249,49,2582,17,2831,California
Modoc,2021-05-21,4,5126,2,560,1,4266,1,300,1,248,3,2585,2,2833,California
Modoc,2021-05-22,2,5128,2,562,0,4266,0,300,1,248,1,2586,1,2834,California
Modoc,2021-05-23,2,5130,2,564,0,4266,0,300,0,246,2,2588,0,2834,California
Modoc,2021-05-24,4,5134,1,565,1,4267,2,302,2,248,2,2590,4,2838,California
Modoc,2021-05-25,1,5135,0,565,1,4268,0,302,1,249,0,2590,1,2839,California
Modoc,2021-05-26,34,5169,31,596,3,4271,0,302,24,264,10,2600,25,2864,California
Modoc,2021-05-27,31,5200,3,599,22,4293,6,308,8,255,23,2623,14,2878,California
Modoc,2021-05-28,8,5208,1,600,4,4297,3,311,3,256,5,2628,6,2884,California
Modoc,2021-05-29,1,5209,1,601,0,4297,0,311,0,255,1,2629,0,2884,California
Modoc,2021-06-01,7,5216,0,601,6,4303,1,312,2,253,5,2634,3,2887,California
Modoc,2021-06-02,13,5229,0,601,11,4314,2,314,5,252,8,2642,7,2894,California
Modoc,2021-06-03,24,5253,1,602,21,4335,2,316,4,238,20,2662,6,2900,California
Modoc,2021-06-04,5,5258,3,605,1,4336,1,317,0,234,5,2667,1,2901,California
Modoc,2021-06-07,3,5261,3,608,0,4336,0,317,1,233,2,2669,1,2902,California
Modoc,2021-06-08,24,5285,6,614,17,4353,1,318,18,246,6,2675,19,2921,California
Modoc,2021-06-09,3,5288,2,616,1,4354,0,318,2,247,1,2676,2,2923,California
Modoc,2021-06-10,21,5309,1,617,19,4373,1,319,7,241,14,2690,8,2931,California
Modoc,2021-06-11,2,5311,1,618,1,4374,0,319,2,243,0,2690,2,2933,California
Modoc,2021-06-12,1,5312,1,619,0,4374,0,319,0,242,1,2691,0,2933,California
Modoc,2021-06-14,4,5316,0,619,2,4376,2,321,0,240,4,2695,2,2935,California
Modoc,2021-06-15,6,5322,0,619,4,4380,2,323,3,242,3,2698,5,2940,California
Modoc,2021-06-16,41,5363,25,644,11,4391,5,328,22,252,19,2717,29,2969,California
Modoc,2021-06-17,48,5411,22,666,25,4416,1,329,27,259,21,2738,28,2997,California
Modoc,2021-06-18,5,5416,0,666,3,4419,2,331,3,262,2,2740,5,3002,California
Modoc,2021-06-19,4,5420,0,666,1,4420,3,334,1,263,3,2743,4,3006,California
Mono,2020-12-18,1,1,1,1,0,0,0,0,1,1,0,0,1,1,California
Mono,2020-12-19,5,6,5,6,0,0,0,0,5,6,0,0,5,6,California
Mono,2020-12-20,7,13,7,13,0,0,0,0,7,13,0,0,7,13,California
Mono,2020-12-21,24,37,17,30,7,7,0,0,24,37,0,0,24,37,California
Mono,2020-12-22,68,105,67,97,1,8,0,0,68,105,0,0,68,105,California
Mono,2020-12-23,73,178,45,142,28,36,0,0,73,178,0,0,73,178,California
Mono,2020-12-24,3,181,1,143,2,38,0,0,3,181,0,0,3,181,California
Mono,2020-12-26,4,185,4,147,0,38,0,0,4,185,0,0,4,185,California
Mono,2020-12-27,1,186,0,147,1,39,0,0,1,186,0,0,1,186,California
Mono,2020-12-28,93,279,62,209,31,70,0,0,93,279,0,0,93,279,California
Mono,2020-12-29,29,308,29,238,0,70,0,0,29,308,0,0,29,308,California
Mono,2020-12-30,77,385,36,274,41,111,0,0,77,385,0,0,77,385,California
Mono,2020-12-31,4,389,1,275,3,114,0,0,4,389,0,0,4,389,California
Mono,2021-01-01,4,393,4,279,0,114,0,0,4,393,0,0,4,393,California
Mono,2021-01-02,2,395,2,281,0,114,0,0,2,395,0,0,2,395,California
Mono,2021-01-04,2,397,0,281,2,116,0,0,2,397,0,0,2,397,California
Mono,2021-01-05,45,442,2,283,43,159,0,0,44,440,1,1,44,441,California
Mono,2021-01-06,52,494,0,283,52,211,0,0,52,492,0,1,52,493,California
Mono,2021-01-07,55,549,3,286,52,263,0,0,53,544,2,3,54,547,California
Mono,2021-01-08,3,552,1,287,2,265,0,0,2,545,1,4,2,549,California
Mono,2021-01-09,4,556,4,291,0,265,0,0,0,541,4,8,0,549,California
Mono,2021-01-10,5,561,5,296,0,265,0,0,0,536,5,13,0,549,California
Mono,2021-01-11,8,569,5,301,3,268,0,0,4,536,4,17,4,553,California
Mono,2021-01-12,286,855,78,379,208,476,0,0,220,691,65,82,220,773,California
Mono,2021-01-13,237,1092,74,453,163,639,0,0,181,816,56,138,181,954,California
Mono,2021-01-14,75,1167,72,525,3,642,0,0,74,889,1,139,74,1028,California
Mono,2021-01-15,71,1238,3,528,68,710,0,0,71,960,0,139,71,1099,California
Mono,2021-01-16,5,1243,4,532,1,711,0,0,1,957,4,143,1,1100,California
Mono,2021-01-18,63,1306,54,586,9,720,0,0,2,898,61,204,2,1102,California
Mono,2021-01-19,216,1522,213,799,3,723,0,0,177,1037,39,243,178,1280,California
Mono,2021-01-20,235,1757,202,1001,33,756,0,0,174,1150,61,304,174,1454,California
Mono,2021-01-21,7,1764,4,1005,3,759,0,0,7,1157,0,304,7,1461,California
Mono,2021-01-22,5,1769,0,1005,5,764,0,0,5,1162,0,304,5,1466,California
Mono,2021-01-23,600,2369,600,1605,0,764,0,0,599,1760,1,305,599,2065,California
Mono,2021-01-24,1,2370,0,1605,1,765,0,0,0,1759,1,306,0,2065,California
Mono,2021-01-25,203,2573,166,1771,37,802,0,0,165,1886,38,344,165,2230,California
Mono,2021-01-26,511,3084,509,2280,2,804,0,0,505,2385,6,350,505,2735,California
Mono,2021-01-27,5,3089,1,2281,4,808,0,0,5,2390,0,350,5,2740,California
Mono,2021-01-28,6,3095,2,2283,4,812,0,0,2,2388,4,354,2,2742,California
Mono,2021-01-30,200,3295,198,2481,2,814,0,0,199,2586,1,355,199,2941,California
Mono,2021-01-31,252,3547,139,2620,113,927,0,0,140,2614,112,467,140,3081,California
Mono,2021-02-01,27,3574,27,2647,0,927,0,0,0,2587,27,494,0,3081,California
Mono,2021-02-02,5,3579,0,2647,5,932,0,0,2,2586,3,497,2,3083,California
Mono,2021-02-03,6,3585,2,2649,4,936,0,0,3,2586,3,500,3,3086,California
Mono,2021-02-04,214,3799,158,2807,56,992,0,0,91,2556,121,621,91,3177,California
Mono,2021-02-05,624,4423,618,3425,6,998,0,0,621,3174,3,624,621,3798,California
Mono,2021-02-06,135,4558,134,3559,1,999,0,0,134,3307,1,625,134,3932,California
Mono,2021-02-07,2,4560,0,3559,2,1001,0,0,2,3309,0,625,2,3934,California
Mono,2021-02-08,175,4735,174,3733,1,1002,0,0,16,3167,158,783,16,3950,California
Mono,2021-02-09,229,4964,8,3741,221,1223,0,0,14,2966,215,998,14,3964,California
Mono,2021-02-10,539,5503,189,3930,350,1573,0,0,192,2812,347,1345,193,4157,California
Mono,2021-02-11,9,5512,5,3935,4,1577,0,0,3,2809,6,1351,3,4160,California
Mono,2021-02-12,94,5606,22,3957,72,1649,0,0,28,2771,66,1417,28,4188,California
Mono,2021-02-13,593,6199,593,4550,0,1649,0,0,26,2231,566,1983,26,4214,California
Mono,2021-02-15,168,6367,166,4716,2,1651,0,0,2,2069,164,2147,2,4216,California
Mono,2021-02-16,525,6892,520,5236,5,1656,0,0,47,1642,475,2622,48,4264,California
Mono,2021-02-17,6,6898,2,5238,4,1660,0,0,2,1640,4,2626,2,4266,California
Mono,2021-02-18,6,6904,2,5240,4,1664,0,0,2,1638,4,2630,2,4268,California
Mono,2021-02-19,54,6958,53,5293,1,1665,0,0,54,1692,0,2630,54,4322,California
Mono,2021-02-20,6,6964,6,5299,0,1665,0,0,6,1698,0,2630,6,4328,California
Mono,2021-02-21,9,6973,9,5308,0,1665,0,0,7,1703,2,2632,7,4335,California
Mono,2021-02-22,283,7256,282,5590,1,1666,0,0,24,1469,258,2890,24,4359,California
Mono,2021-02-23,142,7398,119,5709,23,1689,0,0,26,1379,116,3006,26,4385,California
Mono,2021-02-24,12,7410,3,5712,9,1698,0,0,4,1375,8,3014,4,4389,California
Mono,2021-02-25,5,7415,2,5714,3,1701,0,0,3,1377,1,3015,3,4392,California
Mono,2021-02-26,606,8021,604,6318,2,1703,0,0,20,812,585,3600,20,4412,California
Mono,2021-02-27,138,8159,134,6452,4,1707,0,0,4,684,132,3732,4,4416,California
Mono,2021-02-28,1,8160,0,6452,0,1707,1,1,0,684,1,3733,1,4417,California
Mono,2021-03-01,3,8163,2,6454,1,1708,0,1,2,686,0,3733,2,4419,California
Mono,2021-03-02,8,8171,4,6458,4,1712,0,1,6,690,2,3735,6,4425,California
Mono,2021-03-03,114,8285,3,6461,111,1823,0,1,110,797,3,3738,110,4535,California
Mono,2021-03-04,7,8292,2,6463,5,1828,0,1,3,796,4,3742,3,4538,California
Mono,2021-03-05,41,8333,30,6493,11,1839,0,1,14,783,27,3769,14,4552,California
Mono,2021-03-06,517,8850,18,6511,499,2338,0,1,508,1285,7,3776,509,5061,California
Mono,2021-03-07,1,8851,0,6511,1,2339,0,1,0,1284,1,3777,0,5061,California
Mono,2021-03-08,552,9403,11,6522,538,2877,3,4,541,1817,11,3788,544,5605,California
Mono,2021-03-09,6,9409,2,6524,3,2880,1,5,3,1819,2,3790,4,5609,California
Mono,2021-03-10,287,9696,92,6616,192,3072,3,8,9,1556,275,4065,12,5621,California
Mono,2021-03-11,10,9706,0,6616,1,3073,9,17,0,1555,10,4075,9,5630,California
Mono,2021-03-12,6,9712,1,6617,1,3074,4,21,0,1553,6,4081,4,5634,California
Mono,2021-03-13,840,10552,399,7016,440,3514,1,22,828,2370,12,4093,829,6463,California
Mono,2021-03-14,7,10559,7,7023,0,3514,0,22,1,2365,6,4099,1,6464,California
Mono,2021-03-15,31,10590,23,7046,3,3517,5,27,14,2368,16,4115,19,6483,California
Mono,2021-03-16,17,10607,6,7052,5,3522,6,33,8,2373,9,4124,14,6497,California
Mono,2021-03-17,32,10639,4,7056,20,3542,8,41,20,2389,12,4136,28,6525,California
Mono,2021-03-18,21,10660,2,7058,11,3553,8,49,9,2394,12,4148,17,6542,California
Mono,2021-03-19,21,10681,1,7059,17,3570,3,52,17,2411,3,4151,20,6562,California
Mono,2021-03-20,5,10686,3,7062,1,3571,1,53,4,2415,1,4152,5,6567,California
Mono,2021-03-22,11,10697,0,7062,6,3577,5,58,5,2419,6,4158,10,6577,California
Mono,2021-03-23,45,10742,6,7068,34,3611,5,63,17,2413,28,4186,22,6599,California
Mono,2021-03-24,14,10756,1,7069,8,3619,5,68,5,2415,9,4195,11,6610,California
Mono,2021-03-25,19,10775,3,7072,12,3631,4,72,13,2426,6,4201,17,6627,California
Mono,2021-03-26,19,10794,3,7075,11,3642,5,77,10,2433,8,4209,15,6642,California
Mono,2021-03-27,365,11159,362,7437,3,3645,0,77,339,2746,26,4235,339,6981,California
Mono,2021-03-29,11,11170,2,7439,8,3653,1,78,9,2754,2,4237,10,6991,California
Mono,2021-03-30,14,11184,0,7439,10,3663,4,82,7,2758,7,4244,11,7002,California
Mono,2021-03-31,136,11320,8,7447,127,3790,1,83,24,2672,111,4355,25,7027,California
Mono,2021-04-01,10,11330,0,7447,10,3800,0,83,6,2674,4,4359,6,7033,California
Mono,2021-04-02,18,11348,2,7449,16,3816,0,83,8,2672,10,4369,8,7041,California
Mono,2021-04-03,888,12236,383,7832,505,4321,0,83,50,1887,835,5204,50,7091,California
Mono,2021-04-04,1,12237,1,7833,0,4321,0,83,0,1886,1,5205,0,7091,California
Mono,2021-04-05,549,12786,19,7852,529,4850,1,84,35,1409,513,5718,36,7127,California
Mono,2021-04-06,20,12806,1,7853,6,4856,13,97,2,1406,18,5736,15,7142,California
Mono,2021-04-07,23,12829,2,7855,2,4858,19,116,2,1406,21,5757,21,7163,California
Mono,2021-04-08,26,12855,4,7859,3,4861,19,135,6,1411,20,5777,25,7188,California
Mono,2021-04-09,39,12894,6,7865,4,4865,29,164,9,1419,30,5807,38,7226,California
Mono,2021-04-10,457,13351,2,7867,448,5313,7,171,31,1031,426,6233,38,7264,California
Mono,2021-04-12,6,13357,0,7867,3,5316,3,174,3,1034,3,6236,6,7270,California
Mono,2021-04-13,21,13378,3,7870,17,5333,1,175,15,1044,6,6242,16,7286,California
Mono,2021-04-14,26,13404,2,7872,24,5357,0,175,8,1034,18,6260,8,7294,California
Mono,2021-04-15,21,13425,5,7877,16,5373,0,175,11,1035,10,6270,11,7305,California
Mono,2021-04-16,18,13443,1,7878,17,5390,0,175,7,1031,11,6281,7,7312,California
Mono,2021-04-17,52,13495,2,7880,50,5440,0,175,45,1069,7,6288,45,7357,California
Mono,2021-04-18,1,13496,0,7880,1,5441,0,175,1,1070,0,6288,1,7358,California
Mono,2021-04-19,551,14047,340,8220,211,5652,0,175,205,931,344,6632,205,7563,California
Mono,2021-04-20,14,14061,2,8222,12,5664,0,175,9,935,5,6637,9,7572,California
Mono,2021-04-21,8,14069,1,8223,7,5671,0,175,2,931,6,6643,2,7574,California
Mono,2021-04-22,25,14094,11,8234,14,5685,0,175,11,928,14,6657,11,7585,California
Mono,2021-04-23,22,14116,2,8236,20,5705,0,175,12,930,10,6667,12,7597,California
Mono,2021-04-24,36,14152,22,8258,14,5719,0,175,21,936,15,6682,21,7618,California
Mono,2021-04-25,5,14157,4,8262,1,5720,0,175,5,941,0,6682,5,7623,California
Mono,2021-04-26,14,14171,2,8264,12,5732,0,175,3,933,11,6693,3,7626,California
Mono,2021-04-27,68,14239,41,8305,19,5751,8,183,51,975,17,6710,59,7685,California
Mono,2021-04-28,64,14303,40,8345,19,5770,5,188,48,1014,14,6724,53,7738,California
Mono,2021-04-29,12,14315,3,8348,6,5776,3,191,3,1011,9,6733,6,7744,California
Mono,2021-04-30,19,14334,4,8352,12,5788,3,194,8,1011,11,6744,11,7755,California
Mono,2021-05-01,112,14446,5,8357,107,5895,0,194,99,1098,12,6756,99,7854,California
Mono,2021-05-02,2,14448,2,8359,0,5895,0,194,1,1098,1,6757,1,7855,California
Mono,2021-05-03,2,14450,1,8360,1,5896,0,194,1,1098,1,6758,1,7856,California
Mono,2021-05-04,20,14470,1,8361,14,5910,5,199,10,1103,10,6768,15,7871,California
Mono,2021-05-05,52,14522,8,8369,40,5950,4,203,45,1145,7,6775,49,7920,California
Mono,2021-05-06,15,14537,3,8372,11,5961,1,204,9,1149,6,6781,10,7930,California
Mono,2021-05-07,29,14566,22,8394,7,5968,0,204,25,1170,4,6785,25,7955,California
Mono,2021-05-08,53,14619,7,8401,46,6014,0,204,23,1163,30,6815,23,7978,California
Mono,2021-05-09,1,14620,1,8402,0,6014,0,204,0,1163,0,6815,0,7978,California
Mono,2021-05-10,17,14637,1,8403,12,6026,4,208,9,1168,8,6823,13,7991,California
Mono,2021-05-11,16,14653,2,8405,11,6037,3,211,5,1165,11,6834,8,7999,California
Mono,2021-05-12,12,14665,0,8405,11,6048,1,212,4,1162,8,6842,5,8004,California
Mono,2021-05-13,47,14712,31,8436,15,6063,1,213,38,1192,9,6851,39,8043,California
Mono,2021-05-14,10,14722,1,8437,8,6071,1,214,5,1193,5,6856,6,8049,California
Mono,2021-05-15,70,14792,28,8465,35,6106,7,221,20,1170,50,6906,27,8076,California
Mono,2021-05-16,6,14798,4,8469,1,6107,1,222,2,1169,4,6910,3,8079,California
Mono,2021-05-17,251,15049,34,8503,210,6317,7,229,54,1035,196,7106,62,8141,California
Mono,2021-05-18,133,15182,110,8613,22,6339,1,230,87,1078,46,7152,89,8230,California
Mono,2021-05-19,118,15300,112,8725,1,6340,5,235,75,1115,43,7195,80,8310,California
Mono,2021-05-20,71,15371,56,8781,10,6350,5,240,54,1157,17,7212,59,8369,California
Mono,2021-05-21,24,15395,4,8785,17,6367,3,243,10,1156,14,7226,13,8382,California
Mono,2021-05-22,21,15416,11,8796,8,6375,2,245,15,1167,6,7232,17,8399,California
Mono,2021-05-23,2,15418,0,8796,2,6377,0,245,1,1167,1,7233,1,8400,California
Mono,2021-05-24,15,15433,1,8797,13,6390,1,246,8,1170,7,7240,10,8410,California
Mono,2021-05-25,16,15449,5,8802,11,6401,0,246,9,1172,7,7247,9,8419,California
Mono,2021-05-26,18,15467,2,8804,15,6416,1,247,7,1169,11,7258,8,8427,California
Mono,2021-05-27,9,15476,0,8804,9,6425,0,247,6,1173,2,7260,6,8433,California
Mono,2021-05-28,41,15517,28,8832,13,6438,0,247,10,1152,31,7291,10,8443,California
Mono,2021-05-29,131,15648,27,8859,101,6539,3,250,31,1086,100,7391,34,8477,California
Mono,2021-06-01,15,15663,7,8866,8,6547,0,250,8,1087,7,7398,8,8485,California
Mono,2021-06-02,47,15710,3,8869,44,6591,0,250,10,1060,37,7435,10,8495,California
Mono,2021-06-03,10,15720,1,8870,7,6598,2,252,1,1054,9,7444,3,8498,California
Mono,2021-06-04,13,15733,2,8872,10,6608,1,253,4,1050,9,7453,5,8503,California
Mono,2021-06-05,43,15776,23,8895,20,6628,0,253,5,1017,38,7491,5,8508,California
Mono,2021-06-06,1,15777,0,8895,1,6629,0,253,0,1016,1,7492,0,8508,California
Mono,2021-06-07,99,15876,87,8982,8,6637,4,257,12,945,87,7579,16,8524,California
Mono,2021-06-08,111,15987,101,9083,8,6645,2,259,12,860,99,7678,14,8538,California
Mono,2021-06-09,8,15995,3,9086,5,6650,0,259,1,854,7,7685,1,8539,California
Mono,2021-06-10,6,16001,0,9086,4,6654,2,261,2,854,4,7689,4,8543,California
Mono,2021-06-11,74,16075,62,9148,7,6661,5,266,7,799,67,7756,12,8555,California
Mono,2021-06-12,1,16076,1,9149,0,6661,0,266,0,798,1,7757,0,8555,California
Mono,2021-06-13,1,16077,0,9149,1,6662,0,266,1,799,0,7757,1,8556,California
Mono,2021-06-14,64,16141,30,9179,28,6690,6,272,20,781,44,7801,26,8582,California
Mono,2021-06-15,8,16149,5,9184,3,6693,0,272,4,781,4,7805,4,8586,California
Mono,2021-06-16,15,16164,6,9190,9,6702,0,272,7,780,8,7813,7,8593,California
Mono,2021-06-17,6,16170,1,9191,3,6705,2,274,2,780,4,7817,4,8597,California
Mono,2021-06-18,5,16175,3,9194,1,6706,1,275,1,779,3,7820,2,8599,California
Mono,2021-06-19,3,16178,3,9197,0,6706,0,275,3,782,0,7820,3,8602,California
Mono,2021-06-20,1,16179,0,9197,1,6707,0,275,0,781,1,7821,0,8602,California
Mono,2021-06-21,12,16191,2,9199,9,6716,1,276,5,781,6,7827,6,8608,California
Monterey,2020-12-16,6,6,6,6,0,0,0,0,6,6,0,0,6,6,California
Monterey,2020-12-17,90,96,90,96,0,0,0,0,90,96,0,0,90,96,California
Monterey,2020-12-18,494,590,494,590,0,0,0,0,494,590,0,0,494,590,California
Monterey,2020-12-19,582,1172,581,1171,1,1,0,0,581,1171,0,0,581,1171,California
Monterey,2020-12-20,422,1594,422,1593,0,1,0,0,422,1593,0,0,422,1593,California
Monterey,2020-12-21,725,2319,725,2318,0,1,0,0,725,2318,0,0,725,2318,California
Monterey,2020-12-22,550,2869,537,2855,13,14,0,0,550,2868,0,0,550,2868,California
Monterey,2020-12-23,446,3315,268,3123,178,192,0,0,446,3314,0,0,446,3314,California
Monterey,2020-12-24,86,3401,10,3133,76,268,0,0,86,3400,0,0,86,3400,California
Monterey,2020-12-25,6,3407,0,3133,6,274,0,0,6,3406,0,0,6,3406,California
Monterey,2020-12-26,92,3499,5,3138,87,361,0,0,92,3498,0,0,92,3498,California
Monterey,2020-12-27,7,3506,4,3142,3,364,0,0,7,3505,0,0,7,3505,California
Monterey,2020-12-28,491,3997,26,3168,465,829,0,0,491,3996,0,0,491,3996,California
Monterey,2020-12-29,918,4915,173,3341,745,1574,0,0,918,4914,0,0,918,4914,California
Monterey,2020-12-30,576,5491,101,3442,475,2049,0,0,576,5490,0,0,576,5490,California
Monterey,2020-12-31,36,5527,11,3453,25,2074,0,0,36,5526,0,0,36,5526,California
Monterey,2021-01-01,13,5540,3,3456,10,2084,0,0,13,5539,0,0,13,5539,California
Monterey,2021-01-02,138,5678,135,3591,3,2087,0,0,138,5677,0,0,138,5677,California
Monterey,2021-01-03,31,5709,30,3621,1,2088,0,0,31,5708,0,0,31,5708,California
Monterey,2021-01-04,416,6125,20,3641,396,2484,0,0,416,6124,0,0,416,6124,California
Monterey,2021-01-05,768,6893,336,3977,432,2916,0,0,754,6864,14,14,754,6878,California
Monterey,2021-01-06,671,7564,180,4157,491,3407,0,0,647,7487,24,38,647,7525,California
Monterey,2021-01-07,764,8328,581,4738,183,3590,0,0,435,7595,327,365,435,7960,California
Monterey,2021-01-08,1119,9447,751,5489,368,3958,0,0,410,7296,709,1074,410,8370,California
Monterey,2021-01-09,979,10426,939,6428,40,3998,0,0,326,6971,651,1725,326,8696,California
Monterey,2021-01-10,275,10701,273,6701,2,4000,0,0,8,6712,267,1992,8,8704,California
Monterey,2021-01-11,1084,11785,994,7695,90,4090,0,0,375,6378,709,2701,375,9079,California
Monterey,2021-01-12,492,12277,405,8100,87,4177,0,0,225,6336,267,2968,225,9304,California
Monterey,2021-01-13,1234,13511,599,8699,635,4812,0,0,1189,7480,45,3013,1189,10493,California
Monterey,2021-01-14,1140,14651,171,8870,969,5781,0,0,1119,8582,21,3034,1123,11616,California
Monterey,2021-01-15,1086,15737,46,8916,1040,6821,0,0,1074,9644,12,3046,1074,12690,California
Monterey,2021-01-16,369,16106,303,9219,66,6887,0,0,364,10003,5,3051,364,13054,California
Monterey,2021-01-17,312,16418,293,9512,19,6906,0,0,299,10289,13,3064,299,13353,California
Monterey,2021-01-18,412,16830,51,9563,361,7267,0,0,389,10655,23,3087,389,13742,California
Monterey,2021-01-19,602,17432,406,9969,196,7463,0,0,436,10927,164,3251,436,14178,California
Monterey,2021-01-20,561,17993,274,10243,287,7750,0,0,347,11060,214,3465,347,14525,California
Monterey,2021-01-21,906,18899,96,10339,810,8560,0,0,794,11746,112,3577,798,15323,California
Monterey,2021-01-22,1102,20001,207,10546,895,9455,0,0,1061,12766,41,3618,1061,16384,California
Monterey,2021-01-23,250,20251,177,10723,73,9528,0,0,125,12769,124,3742,127,16511,California
Monterey,2021-01-24,60,20311,38,10761,22,9550,0,0,26,12761,34,3776,26,16537,California
Monterey,2021-01-25,850,21161,186,10947,664,10214,0,0,208,12334,635,4411,208,16745,California
Monterey,2021-01-26,996,22157,231,11178,765,10979,0,0,283,11904,713,5124,283,17028,California
Monterey,2021-01-27,916,23073,319,11497,597,11576,0,0,429,11846,487,5611,429,17457,California
Monterey,2021-01-28,2083,25156,750,12247,1333,12909,0,0,1733,13231,350,5961,1735,19192,California
Monterey,2021-01-29,1317,26473,722,12969,595,13504,0,0,1198,14312,118,6079,1199,20391,California
Monterey,2021-01-30,491,26964,302,13271,189,13693,0,0,231,14283,260,6339,231,20622,California
Monterey,2021-01-31,515,27479,87,13358,428,14121,0,0,504,14777,11,6350,505,21127,California
Monterey,2021-02-01,1681,29160,1163,14521,518,14639,0,0,1106,15309,574,6924,1106,22233,California
Monterey,2021-02-02,2203,31363,465,14986,1738,16377,0,0,1589,16285,613,7537,1589,23822,California
Monterey,2021-02-03,2409,33772,1094,16080,1315,17692,0,0,1623,17126,782,8319,1623,25445,California
Monterey,2021-02-04,2848,36620,2110,18190,738,18430,0,0,2530,19341,315,8634,2530,27975,California
Monterey,2021-02-05,3752,40372,2883,21073,869,19299,0,0,3302,22198,445,9079,3302,31277,California
Monterey,2021-02-06,1147,41519,383,21456,764,20063,0,0,791,22635,354,9433,791,32068,California
Monterey,2021-02-07,329,41848,269,21725,60,20123,0,0,110,22526,219,9652,110,32178,California
Monterey,2021-02-08,542,42390,293,22018,249,20372,0,0,441,22866,101,9753,441,32619,California
Monterey,2021-02-09,935,43325,714,22732,221,20593,0,0,618,23169,317,10070,620,33239,California
Monterey,2021-02-10,2151,45476,1121,23853,1030,21623,0,0,1284,23588,867,10937,1286,34525,California
Monterey,2021-02-11,2551,48027,977,24830,1574,23197,0,0,1577,24195,972,11909,1579,36104,California
Monterey,2021-02-12,2652,50679,436,25266,2216,25413,0,0,1547,24639,1104,13013,1548,37652,California
Monterey,2021-02-13,1108,51787,50,25316,1058,26471,0,0,1014,25560,93,13106,1014,38666,California
Monterey,2021-02-14,635,52422,74,25390,561,27032,0,0,563,26051,72,13178,563,39229,California
Monterey,2021-02-15,1405,53827,169,25559,1236,28268,0,0,1002,26653,401,13579,1003,40232,California
Monterey,2021-02-16,1120,54947,249,25808,871,29139,0,0,890,27313,230,13809,890,41122,California
Monterey,2021-02-17,2019,56966,1195,27003,824,29963,0,0,1682,28663,334,14143,1684,42806,California
Monterey,2021-02-18,2305,59271,1187,28190,1118,31081,0,0,931,28236,1360,15503,933,43739,California
Monterey,2021-02-19,3012,62283,1560,29750,1452,32533,0,0,1383,27993,1628,17131,1385,45124,California
Monterey,2021-02-20,1120,63403,694,30444,426,32959,0,0,1055,28985,64,17195,1056,46180,California
Monterey,2021-02-21,1290,64693,1254,31698,36,32995,0,0,1208,30114,80,17275,1209,47389,California
Monterey,2021-02-22,1075,65768,908,32606,167,33162,0,0,673,30387,400,17675,673,48062,California
Monterey,2021-02-23,1025,66793,636,33242,389,33551,0,0,320,30004,704,18379,321,48383,California
Monterey,2021-02-24,2556,69349,1360,34602,1196,34747,0,0,1870,31194,681,19060,1871,50254,California
Monterey,2021-02-25,4519,73868,2473,37075,2046,36793,0,0,1531,29746,2981,22041,1533,51787,California
Monterey,2021-02-26,5379,79247,3126,40201,2253,39046,0,0,2671,29714,2705,24746,2673,54460,California
Monterey,2021-02-27,1071,80318,203,40404,868,39914,0,0,840,30328,226,24972,840,55300,California
Monterey,2021-02-28,1565,81883,87,40491,1478,41392,0,0,1092,30952,468,25440,1092,56392,California
Monterey,2021-03-01,1339,83222,179,40670,1157,42549,3,3,769,31160,565,26005,773,57165,California
Monterey,2021-03-02,2880,86102,1750,42420,1130,43679,0,3,1996,32276,880,26885,1996,59161,California
Monterey,2021-03-03,3285,89387,1255,43675,2030,45709,0,3,1321,31637,1961,28846,1322,60483,California
Monterey,2021-03-04,4722,94109,1498,45173,3224,48933,0,3,3063,33048,1654,30500,3065,63548,California
Monterey,2021-03-05,3721,97830,1638,46811,1804,50737,279,282,3039,35685,681,31181,3318,66866,California
Monterey,2021-03-06,5246,103076,1185,47996,3752,54489,309,591,4307,39364,936,32117,4615,71481,California
Monterey,2021-03-07,534,103610,105,48101,177,54666,252,843,231,39542,303,32420,481,71962,California
Monterey,2021-03-08,1687,105297,330,48431,966,55632,391,1234,1130,40504,557,32977,1519,73481,California
Monterey,2021-03-09,2054,107351,698,49129,1081,56713,275,1509,1536,41796,517,33494,1809,75290,California
Monterey,2021-03-10,3301,110652,1052,50181,1757,58470,492,2001,1528,42047,1769,35263,2020,77310,California
Monterey,2021-03-11,4252,114904,1434,51615,2439,60909,379,2380,2436,43053,1809,37072,2815,80125,California
Monterey,2021-03-12,4498,119402,2071,53686,2271,63180,156,2536,2768,44248,1727,38799,2922,83047,California
Monterey,2021-03-13,5441,124843,1042,54728,4048,67228,351,2887,4044,47247,1396,40195,4395,87442,California
Monterey,2021-03-14,2208,127051,1364,56092,819,68047,25,2912,595,46264,1603,41798,620,88062,California
Monterey,2021-03-15,4032,131083,1289,57381,2452,70499,291,3203,2301,47130,1727,43525,2593,90655,California
Monterey,2021-03-16,3596,134679,600,57981,2620,73119,376,3579,2150,48209,1444,44969,2523,93178,California
Monterey,2021-03-17,6001,140680,2457,60438,3287,76406,257,3836,4363,51203,1631,46600,4625,97803,California
Monterey,2021-03-18,4588,145268,2242,62680,2175,78581,171,4007,3181,53190,1402,48002,3389,101192,California
Monterey,2021-03-19,5593,150861,2598,65278,2830,81411,165,4172,4260,56288,1327,49329,4425,105617,California
Monterey,2021-03-20,3404,154265,441,65719,2271,83682,692,4864,2301,58182,1099,50428,2993,108610,California
Monterey,2021-03-21,656,154921,216,65935,430,84112,10,4874,576,58690,77,50505,585,109195,California
Monterey,2021-03-22,2529,157450,1469,67404,997,85109,63,4937,2302,60830,223,50728,2363,111558,California
Monterey,2021-03-23,4116,161566,2431,69835,1642,86751,43,4980,2620,62003,1490,52218,2663,114221,California
Monterey,2021-03-24,5254,166820,2220,72055,2715,89466,319,5299,3864,64797,1386,53604,4180,118401,California
Monterey,2021-03-25,5392,172212,1252,73307,3778,93244,362,5661,2706,65190,2676,56280,3069,121470,California
Monterey,2021-03-26,5566,177778,2688,75995,2800,96044,78,5739,2875,65465,2680,58960,2955,124425,California
Monterey,2021-03-27,5060,182838,1586,77581,3215,99259,259,5998,3204,67077,1853,60813,3465,127890,California
Monterey,2021-03-28,1140,183978,358,77939,773,100032,9,6007,643,67238,491,61304,652,128542,California
Monterey,2021-03-29,3274,187252,1443,79382,1817,101849,14,6021,2037,68065,1229,62533,2056,130598,California
Monterey,2021-03-30,4612,191864,2156,81538,2401,104250,55,6076,2811,69144,1790,64323,2869,133467,California
Monterey,2021-03-31,5585,197449,2513,84051,2271,106521,801,6877,3548,71450,2034,66357,4340,137807,California
Monterey,2021-04-01,6311,203760,2112,86163,3785,110306,414,7291,3174,71910,3122,69479,3582,141389,California
Monterey,2021-04-02,4808,208568,2237,88400,2495,112801,76,7367,3215,73615,1590,71069,3295,144684,California
Monterey,2021-04-03,6025,214593,1151,89551,3814,116615,1060,8427,1255,71161,4761,75830,2307,146991,California
Monterey,2021-04-04,791,215384,178,89729,600,117215,13,8440,505,71396,286,76116,521,147512,California
Monterey,2021-04-05,4059,219443,2502,92231,1318,118533,239,8679,1505,70589,2549,78665,1742,149254,California
Monterey,2021-04-06,3560,223003,1389,93620,1687,120220,484,9163,1227,69967,2330,80995,1708,150962,California
Monterey,2021-04-07,5785,228788,1444,95064,3817,124037,524,9687,2739,70190,3035,84030,3258,154220,California
Monterey,2021-04-08,6884,235672,3625,98689,2423,126460,836,10523,3416,70981,3462,87492,4253,158473,California
Monterey,2021-04-09,5863,241535,3490,102179,1721,128181,652,11175,2344,70457,3516,91008,2992,161465,California
Monterey,2021-04-10,10384,251919,5027,107206,3149,131330,2208,13383,5063,72414,5309,96317,7266,168731,California
Monterey,2021-04-11,5605,257524,4408,111614,579,131909,618,14001,4540,76506,1059,97376,5151,173882,California
Monterey,2021-04-12,4228,261752,1911,113525,1977,133886,340,14341,976,74709,3113,100489,1316,175198,California
Monterey,2021-04-13,3303,265055,775,114300,2523,136409,5,14346,1589,74609,1696,102185,1596,176794,California
Monterey,2021-04-14,7060,272115,3292,117592,3765,140174,3,14349,1925,71425,5113,107298,1929,178723,California
Monterey,2021-04-15,6048,278163,3992,121584,2056,142230,0,14349,3934,73276,2085,109383,3936,182659,California
Monterey,2021-04-16,5106,283269,2621,124205,2475,144705,10,14359,2395,72985,2697,112080,2406,185065,California
Monterey,2021-04-17,5897,289166,1412,125617,4485,149190,0,14359,3822,74747,2061,114141,3823,188888,California
Monterey,2021-04-18,879,290045,271,125888,608,149798,0,14359,251,74374,624,114765,251,189139,California
Monterey,2021-04-19,3673,293718,1190,127078,2483,152281,0,14359,1676,74067,1987,116752,1680,190819,California
Monterey,2021-04-20,3987,297705,1676,128754,2311,154592,0,14359,1645,73402,2318,119070,1653,192472,California
Monterey,2021-04-21,6207,303912,3377,132131,2830,157422,0,14359,3018,73274,3152,122222,3024,195496,California
Monterey,2021-04-22,4931,308843,1089,133220,3842,161264,0,14359,2033,72457,2854,125076,2037,197533,California
Monterey,2021-04-23,5722,314565,2668,135888,3053,164317,1,14360,2267,71294,3436,128512,2273,199806,California
Monterey,2021-04-24,4365,318930,599,136487,3766,168083,0,14360,1563,70073,2784,131296,1563,201369,California
Monterey,2021-04-25,1267,320197,632,137119,635,168718,0,14360,805,70426,452,131748,805,202174,California
Monterey,2021-04-26,3785,323982,2232,139351,1536,170254,17,14377,1005,68693,2755,134503,1022,203196,California
Monterey,2021-04-27,2938,326920,966,140317,1833,172087,139,14516,1274,68445,1660,136163,1412,204608,California
Monterey,2021-04-28,3735,330655,1440,141757,2142,174229,153,14669,2309,69491,1411,137574,2457,207065,California
Monterey,2021-04-29,4661,335316,2526,144283,2057,176286,78,14747,1709,68339,2940,140514,1788,208853,California
Monterey,2021-04-30,3251,338567,1687,145970,1490,177776,74,14821,828,66826,2413,142927,900,209753,California
Monterey,2021-05-01,5688,344255,4288,150258,1359,179135,41,14862,696,62590,4971,147898,735,210488,California
Monterey,2021-05-02,4416,348671,3985,154243,404,179539,27,14889,311,58837,4091,151989,338,210826,California
Monterey,2021-05-03,2570,351241,1590,155833,864,180403,116,15005,602,57597,1958,153947,718,211544,California
Monterey,2021-05-04,1864,353105,651,156484,1120,181523,93,15098,659,57159,1191,155138,753,212297,California
Monterey,2021-05-05,3420,356525,1263,157747,2072,183595,85,15183,1082,56002,2325,157463,1168,213465,California
Monterey,2021-05-06,4254,360779,2793,160540,1239,184834,222,15405,1151,54287,3087,160550,1372,214837,California
Monterey,2021-05-07,2086,362865,1057,161597,927,185761,102,15507,707,53724,1371,161921,808,215645,California
Monterey,2021-05-08,2647,365512,1402,162999,923,186684,322,15829,943,53296,1692,163613,1264,216909,California
Monterey,2021-05-09,410,365922,127,163126,256,186940,27,15856,146,53206,263,163876,173,217082,California
Monterey,2021-05-10,2834,368756,2085,165211,699,187639,50,15906,527,51489,2296,166172,579,217661,California
Monterey,2021-05-11,1921,370677,991,166202,849,188488,81,15987,789,51241,1119,167291,871,218532,California
Monterey,2021-05-12,3986,374663,2093,168295,1807,190295,86,16073,876,49108,3096,170387,963,219495,California
Monterey,2021-05-13,2632,377295,1546,169841,1030,191325,56,16129,1511,49564,1109,171496,1565,221060,California
Monterey,2021-05-14,1853,379148,551,170392,1201,192526,101,16230,738,49297,1106,172602,839,221899,California
Monterey,2021-05-15,3411,382559,831,171223,2313,194839,267,16497,966,48094,2432,175034,1229,223128,California
Monterey,2021-05-16,927,383486,568,171791,285,195124,74,16571,235,47716,686,175720,308,223436,California
Monterey,2021-05-17,2225,385711,1318,173109,827,195951,80,16651,1043,47669,1170,176890,1123,224559,California
Monterey,2021-05-18,1830,387541,753,173862,1030,196981,47,16698,858,47613,963,177853,907,225466,California
Monterey,2021-05-19,3712,391253,2400,176262,1221,198202,91,16789,1969,47938,1736,179589,2061,227527,California
Monterey,2021-05-20,2874,394127,1050,177312,1714,199916,110,16899,983,47157,1877,181466,1096,228623,California
Monterey,2021-05-21,3319,397446,1344,178656,1878,201794,97,16996,1043,46033,2263,183729,1139,229762,California
Monterey,2021-05-22,2146,399592,743,179399,1122,202916,281,17277,810,45795,1327,185056,1089,230851,California
Monterey,2021-05-23,852,400444,496,179895,340,203256,16,17293,489,45943,357,185413,505,231356,California
Monterey,2021-05-24,1692,402136,512,180407,1120,204376,60,17353,544,45404,1144,186557,605,231961,California
Monterey,2021-05-25,1494,403630,576,180983,846,205222,72,17425,577,45155,899,187456,650,232611,California
Monterey,2021-05-26,2740,406370,1072,182055,1612,206834,56,17481,1039,44569,1683,189139,1097,233708,California
Monterey,2021-05-27,2539,408909,1388,183443,1092,207926,59,17540,912,43931,1610,190749,972,234680,California
Monterey,2021-05-28,1752,410661,585,184028,1107,209033,60,17600,770,43791,971,191720,831,235511,California
Monterey,2021-05-29,1000,411661,644,184672,323,209356,33,17633,424,43678,571,192291,458,235969,California
Monterey,2021-05-30,385,412046,166,184838,204,209560,15,17648,148,43605,236,192527,163,236132,California
Monterey,2021-05-31,187,412233,33,184871,145,209705,9,17657,54,43535,133,192660,63,236195,California
Monterey,2021-06-01,1757,413990,947,185818,674,210379,136,17793,559,43044,1182,193842,691,236886,California
Monterey,2021-06-02,1715,415705,991,186809,674,211053,50,17843,722,42828,988,194830,772,237658,California
Monterey,2021-06-03,2266,417971,1436,188245,793,211846,37,17880,576,41759,1681,196511,612,238270,California
Monterey,2021-06-04,1347,419318,706,188951,606,212452,35,17915,563,41581,776,197287,598,238868,California
Monterey,2021-06-05,2186,421504,862,189813,704,213156,620,18535,482,40987,1688,198975,1094,239962,California
Monterey,2021-06-06,523,422027,434,190247,80,213236,9,18544,321,41115,201,199176,329,240291,California
Monterey,2021-06-07,953,422980,506,190753,402,213638,45,18589,405,41026,537,199713,448,240739,California
Monterey,2021-06-08,1229,424209,785,191538,420,214058,24,18613,433,40697,785,200498,456,241195,California
Monterey,2021-06-09,2940,427149,2211,193749,603,214661,126,18739,649,39184,2287,202785,774,241969,California
Monterey,2021-06-10,1547,428696,966,194715,518,215179,63,18802,546,38797,994,203779,607,242576,California
Monterey,2021-06-11,1427,430123,775,195490,558,215737,94,18896,516,38501,904,204683,608,243184,California
Monterey,2021-06-12,750,430873,512,196002,223,215960,15,18911,351,38471,396,205079,366,243550,California
Monterey,2021-06-13,592,431465,458,196460,122,216082,12,18923,123,38140,466,205545,135,243685,California
Monterey,2021-06-14,1399,432864,1010,197470,355,216437,34,18957,402,37585,991,206536,436,244121,California
Monterey,2021-06-15,1180,434044,605,198075,451,216888,124,19081,414,37367,756,207292,538,244659,California
Monterey,2021-06-16,1594,435638,1144,199219,418,217306,32,19113,426,36664,1160,208452,457,245116,California
Monterey,2021-06-17,1201,436839,704,199923,342,217648,155,19268,440,36502,756,209208,594,245710,California
Monterey,2021-06-18,1204,438043,731,200654,448,218096,25,19293,535,36399,663,209871,560,246270,California
Monterey,2021-06-19,1305,439348,1008,201662,266,218362,31,19324,491,36115,806,210677,522,246792,California
Monterey,2021-06-20,233,439581,154,201816,70,218432,9,19333,79,36050,154,210831,89,246881,California
Monterey,2021-06-21,306,439887,190,202006,101,218533,15,19348,167,36096,135,210966,181,247062,California
Napa,2020-12-16,11,11,11,11,0,0,0,0,11,11,0,0,11,11,California
Napa,2020-12-17,47,58,47,58,0,0,0,0,47,58,0,0,47,58,California
Napa,2020-12-18,103,161,103,161,0,0,0,0,103,161,0,0,103,161,California
Napa,2020-12-19,224,385,224,385,0,0,0,0,224,385,0,0,224,385,California
Napa,2020-12-20,191,576,191,576,0,0,0,0,191,576,0,0,191,576,California
Napa,2020-12-21,319,895,319,895,0,0,0,0,320,896,0,0,320,896,California
Napa,2020-12-22,339,1234,330,1225,9,9,0,0,339,1235,0,0,339,1235,California
Napa,2020-12-23,446,1680,332,1557,114,123,0,0,446,1681,0,0,446,1681,California
Napa,2020-12-24,141,1821,79,1636,62,185,0,0,141,1822,0,0,141,1822,California
Napa,2020-12-25,1,1822,1,1637,0,185,0,0,1,1823,0,0,1,1823,California
Napa,2020-12-26,39,1861,11,1648,28,213,0,0,39,1862,0,0,39,1862,California
Napa,2020-12-27,32,1893,16,1664,16,229,0,0,32,1894,0,0,32,1894,California
Napa,2020-12-28,253,2146,186,1850,67,296,0,0,280,2174,0,0,280,2174,California
Napa,2020-12-29,273,2419,219,2069,54,350,0,0,306,2480,0,0,306,2480,California
Napa,2020-12-30,640,3059,488,2557,152,502,0,0,648,3128,0,0,648,3128,California
Napa,2020-12-31,457,3516,369,2926,88,590,0,0,457,3585,0,0,457,3585,California
Napa,2021-01-01,1,3517,1,2927,0,590,0,0,1,3586,0,0,1,3586,California
Napa,2021-01-02,97,3614,92,3019,5,595,0,0,97,3683,0,0,97,3683,California
Napa,2021-01-03,13,3627,11,3030,2,597,0,0,9,3692,0,0,9,3692,California
Napa,2021-01-04,108,3735,64,3094,44,641,0,0,108,3800,0,0,108,3800,California
Napa,2021-01-05,165,3900,87,3181,78,719,0,0,149,3926,23,23,149,3949,California
Napa,2021-01-06,467,4367,115,3296,352,1071,0,0,401,4263,64,87,401,4350,California
Napa,2021-01-07,511,4878,246,3542,265,1336,0,0,400,4553,110,197,400,4750,California
Napa,2021-01-08,440,5318,224,3766,216,1552,0,0,259,4632,180,377,259,5009,California
Napa,2021-01-09,330,5648,304,4070,26,1578,0,0,191,4684,139,516,191,5200,California
Napa,2021-01-10,185,5833,102,4172,83,1661,0,0,108,4715,77,593,108,5308,California
Napa,2021-01-11,891,6724,432,4604,459,2120,0,0,512,4849,380,973,514,5822,California
Napa,2021-01-12,1338,8062,384,4988,954,3074,0,0,1014,5539,324,1297,1014,6836,California
Napa,2021-01-13,1318,9380,268,5256,1050,4124,0,0,1152,6527,165,1462,1153,7989,California
Napa,2021-01-14,1058,10438,170,5426,888,5012,0,0,941,7353,115,1577,941,8930,California
Napa,2021-01-15,1471,11909,390,5816,1081,6093,0,0,1324,8523,155,1732,1325,10255,California
Napa,2021-01-16,360,12269,136,5952,224,6317,0,0,342,8847,18,1750,342,10597,California
Napa,2021-01-17,341,12610,177,6129,164,6481,0,0,331,9168,10,1760,331,10928,California
Napa,2021-01-18,1081,13691,194,6323,887,7368,0,0,990,10067,91,1851,990,11918,California
Napa,2021-01-19,1016,14707,414,6737,602,7970,0,0,769,10590,246,2097,769,12687,California
Napa,2021-01-20,839,15546,191,6928,648,8618,0,0,649,11052,188,2285,650,13337,California
Napa,2021-01-21,1323,16869,360,7288,963,9581,0,0,1069,11869,253,2538,1070,14407,California
Napa,2021-01-22,1548,18417,414,7702,1134,10715,0,0,1220,12763,327,2865,1221,15628,California
Napa,2021-01-23,401,18818,319,8021,82,10797,0,0,338,13038,63,2928,338,15966,California
Napa,2021-01-24,266,19084,186,8207,80,10877,0,0,207,13186,59,2987,207,16173,California
Napa,2021-01-25,1530,20614,229,8436,1301,12178,0,0,1440,14536,90,3077,1440,17613,California
Napa,2021-01-26,875,21489,283,8719,592,12770,0,0,781,15224,94,3171,782,18395,California
Napa,2021-01-27,635,22124,221,8940,414,13184,0,0,471,15531,165,3336,472,18867,California
Napa,2021-01-28,397,22521,178,9118,219,13403,0,0,201,15538,194,3530,201,19068,California
Napa,2021-01-29,264,22785,64,9182,200,13603,0,0,168,15610,96,3626,168,19236,California
Napa,2021-01-30,827,23612,714,9896,113,13716,0,0,657,16097,170,3796,657,19893,California
Napa,2021-01-31,698,24310,666,10562,32,13748,0,0,674,16747,24,3820,674,20567,California
Napa,2021-02-01,326,24636,111,10673,215,13963,0,0,167,16755,159,3979,167,20734,California
Napa,2021-02-02,614,25250,282,10955,332,14295,0,0,299,16742,312,4291,299,21033,California
Napa,2021-02-03,740,25990,307,11262,433,14728,0,0,424,16851,315,4606,424,21457,California
Napa,2021-02-04,790,26780,370,11632,420,15148,0,0,439,16941,349,4955,439,21896,California
Napa,2021-02-05,715,27495,309,11941,406,15554,0,0,341,16908,374,5329,341,22237,California
Napa,2021-02-06,436,27931,143,12084,293,15847,0,0,328,17128,108,5437,328,22565,California
Napa,2021-02-07,174,28105,160,12244,14,15861,0,0,66,17086,108,5545,66,22631,California
Napa,2021-02-08,840,28945,193,12437,647,16508,0,0,272,16792,566,6111,272,22903,California
Napa,2021-02-09,1089,30034,449,12886,640,17148,0,0,440,16584,648,6759,440,23343,California
Napa,2021-02-10,1739,31773,192,13078,1547,18695,0,0,455,15759,1281,8040,456,23799,California
Napa,2021-02-11,1487,33260,184,13262,1303,19998,0,0,403,15091,1071,9111,403,24202,California
Napa,2021-02-12,2150,35410,833,14095,1317,21315,0,0,712,14369,1434,10545,712,24914,California
Napa,2021-02-13,513,35923,55,14150,458,21773,0,0,325,14506,188,10733,325,25239,California
Napa,2021-02-14,330,36253,66,14216,264,22037,0,0,169,14514,161,10894,169,25408,California
Napa,2021-02-15,887,37140,182,14398,705,22742,0,0,230,14089,655,11549,230,25638,California
Napa,2021-02-16,1289,38429,598,14996,691,23433,0,0,617,14036,670,12219,617,26255,California
Napa,2021-02-17,1041,39470,526,15522,515,23948,0,0,474,13946,565,12784,475,26730,California
Napa,2021-02-18,1892,41362,474,15996,1418,25366,0,0,650,13357,1239,14023,650,27380,California
Napa,2021-02-19,1495,42857,591,16587,904,26270,0,0,678,13220,815,14838,678,28058,California
Napa,2021-02-20,873,43730,639,17226,234,26504,0,0,281,12909,592,15430,281,28339,California
Napa,2021-02-21,898,44628,827,18053,71,26575,0,0,195,12401,703,16133,195,28534,California
Napa,2021-02-22,476,45104,197,18250,279,26854,0,0,146,12217,330,16463,146,28680,California
Napa,2021-02-23,1152,46256,307,18557,845,27699,0,0,326,11717,826,17289,326,29006,California
Napa,2021-02-24,1158,47414,628,19185,530,28229,0,0,562,11685,594,17883,562,29568,California
Napa,2021-02-25,2592,50006,1244,20429,1348,29577,0,0,1875,12844,716,18599,1875,31443,California
Napa,2021-02-26,1548,51554,544,20973,1004,30581,0,0,615,12528,931,19530,615,32058,California
Napa,2021-02-27,1162,52716,425,21398,737,31318,0,0,903,13174,257,19787,903,32961,California
Napa,2021-02-28,725,53441,605,22003,120,31438,0,0,613,13677,110,19897,613,33574,California
Napa,2021-03-01,1174,54615,878,22881,296,31734,0,0,897,14298,276,20173,897,34471,California
Napa,2021-03-02,1508,56123,1051,23932,457,32191,0,0,1165,15121,342,20515,1165,35636,California
Napa,2021-03-03,1559,57682,688,24620,871,33062,0,0,1376,16315,182,20697,1376,37012,California
Napa,2021-03-04,1728,59410,797,25417,931,33993,0,0,1485,17560,240,20937,1485,38497,California
Napa,2021-03-05,1910,61320,783,26200,1123,35116,4,4,1495,18647,412,21349,1499,39996,California
Napa,2021-03-06,661,61981,290,26490,340,35456,31,35,548,19115,111,21460,579,40575,California
Napa,2021-03-07,502,62483,294,26784,193,35649,15,50,381,19391,120,21580,396,40971,California
Napa,2021-03-08,712,63195,335,27119,324,35973,53,103,537,19808,173,21753,590,41561,California
Napa,2021-03-09,1697,64892,614,27733,1037,37010,46,149,1253,20667,440,22193,1299,42860,California
Napa,2021-03-10,1506,66398,925,28658,487,37497,94,243,803,20863,698,22891,894,43754,California
Napa,2021-03-11,1887,68285,1067,29725,687,38184,133,376,994,21096,893,23784,1126,44880,California
Napa,2021-03-12,1510,69795,927,30652,491,38675,92,468,809,21298,698,24482,900,45780,California
Napa,2021-03-13,1181,70976,309,30961,848,39523,24,492,832,21807,347,24829,856,46636,California
Napa,2021-03-14,619,71595,337,31298,132,39655,150,642,205,21748,413,25242,354,46990,California
Napa,2021-03-15,968,72563,413,31711,485,40140,70,712,482,21816,484,25726,552,47542,California
Napa,2021-03-16,1847,74410,388,32099,1332,41472,127,839,1375,22850,469,26195,1503,49045,California
Napa,2021-03-17,2491,76901,1829,33928,484,41956,178,1017,1593,23724,897,27092,1771,50816,California
Napa,2021-03-18,2132,79033,941,34869,1178,43134,13,1030,1276,24160,853,27945,1289,52105,California
Napa,2021-03-19,1439,80472,876,35745,539,43673,24,1054,690,24128,746,28691,714,52819,California
Napa,2021-03-20,1012,81484,534,36279,325,43998,153,1207,386,24043,624,29315,539,53358,California
Napa,2021-03-21,712,82196,690,36969,20,44018,2,1209,217,23768,494,29809,219,53577,California
Napa,2021-03-22,1299,83495,1121,38090,167,44185,11,1220,437,23359,857,30666,448,54025,California
Napa,2021-03-23,1883,85378,1193,39283,674,44859,16,1236,992,23480,887,31553,1008,55033,California
Napa,2021-03-24,1700,87078,938,40221,753,45612,9,1245,811,23411,888,32441,819,55852,California
Napa,2021-03-25,1939,89017,1061,41282,824,46436,54,1299,769,23070,1164,33605,823,56675,California
Napa,2021-03-26,1318,90335,845,42127,468,46904,5,1304,590,22943,722,34327,595,57270,California
Napa,2021-03-27,929,91264,441,42568,461,47365,27,1331,300,22641,629,34956,327,57597,California
Napa,2021-03-28,489,91753,379,42947,103,47468,7,1338,179,22519,308,35264,186,57783,California
Napa,2021-03-29,1206,92959,878,43825,323,47791,5,1343,732,22783,473,35737,737,58520,California
Napa,2021-03-30,2809,95768,934,44759,1870,49661,5,1348,1980,23939,829,36566,1985,60505,California
Napa,2021-03-31,1987,97755,971,45730,947,50608,69,1417,809,23640,1175,37741,876,61381,California
Napa,2021-04-01,1759,99514,844,46574,799,51407,116,1533,485,22973,1267,39008,600,61981,California
Napa,2021-04-02,1882,101396,848,47422,892,52299,142,1675,481,22197,1398,40406,622,62603,California
Napa,2021-04-03,640,102036,371,47793,212,52511,57,1732,211,22036,428,40834,267,62870,California
Napa,2021-04-04,357,102393,145,47938,155,52666,57,1789,123,21983,233,41067,180,63050,California
Napa,2021-04-05,1274,103667,756,48694,298,52964,220,2009,569,22070,703,41770,790,63840,California
Napa,2021-04-06,2269,105936,563,49257,1444,54408,262,2271,528,21121,1738,43508,789,64629,California
Napa,2021-04-07,1762,107698,717,49974,823,55231,222,2493,537,20660,1218,44726,757,65386,California
Napa,2021-04-08,1863,109561,1066,51040,420,55651,377,2870,958,21095,899,45625,1334,66720,California
Napa,2021-04-09,1558,111119,935,51975,317,55968,306,3176,678,21200,878,46503,983,67703,California
Napa,2021-04-10,1038,112157,342,52317,594,56562,102,3278,237,20739,800,47303,339,68042,California
Napa,2021-04-11,384,112541,302,52619,60,56622,22,3300,160,20697,224,47527,182,68224,California
Napa,2021-04-12,793,113334,299,52918,369,56991,125,3425,292,20611,499,48026,413,68637,California
Napa,2021-04-13,2592,115926,868,53786,1724,58715,0,3425,945,19918,1642,49668,949,69586,California
Napa,2021-04-14,2142,118068,1008,54794,1134,59849,0,3425,1051,19887,1083,50751,1052,70638,California
Napa,2021-04-15,2059,120127,531,55325,1528,61377,0,3425,879,19593,1174,51925,880,71518,California
Napa,2021-04-16,3014,123141,1652,56977,1362,62739,0,3425,2294,21173,715,52640,2295,73813,California
Napa,2021-04-17,1146,124287,275,57252,871,63610,0,3425,842,21712,303,52943,842,74655,California
Napa,2021-04-18,269,124556,176,57428,93,63703,0,3425,119,21681,150,53093,119,74774,California
Napa,2021-04-19,616,125172,343,57771,273,63976,0,3425,270,21606,345,53438,270,75044,California
Napa,2021-04-20,3056,128228,2083,59854,973,64949,0,3425,2108,22770,946,54384,2110,77154,California
Napa,2021-04-21,2958,131186,2192,62046,766,65715,0,3425,1887,23597,1065,55449,1892,79046,California
Napa,2021-04-22,1774,132960,1248,63294,526,66241,0,3425,844,23516,925,56374,844,79890,California
Napa,2021-04-23,1644,134604,1260,64554,382,66623,2,3427,1163,24202,477,56851,1163,81053,California
Napa,2021-04-24,564,135168,316,64870,248,66871,0,3427,282,24205,279,57130,282,81335,California
Napa,2021-04-25,251,135419,192,65062,59,66930,0,3427,129,24213,121,57251,129,81464,California
Napa,2021-04-26,534,135953,281,65343,253,67183,0,3427,270,24224,259,57510,270,81734,California
Napa,2021-04-27,1778,137731,462,65805,1304,68487,12,3439,582,23626,1192,58702,594,82328,California
Napa,2021-04-28,1011,138742,464,66269,530,69017,17,3456,337,23308,672,59374,354,82682,California
Napa,2021-04-29,701,139443,348,66617,334,69351,19,3475,239,23112,453,59827,257,82939,California
Napa,2021-04-30,611,140054,308,66925,239,69590,64,3539,253,23071,357,60184,316,83255,California
Napa,2021-05-01,321,140375,265,67190,45,69635,11,3550,121,23003,200,60384,132,83387,California
Napa,2021-05-02,238,140613,194,67384,38,69673,6,3556,100,22972,137,60521,106,83493,California
Napa,2021-05-03,614,141227,491,67875,88,69761,35,3591,98,22594,512,61033,134,83627,California
Napa,2021-05-04,1132,142359,719,68594,302,70063,111,3702,302,22181,826,61859,413,84040,California
Napa,2021-05-05,1018,143377,686,69280,294,70357,38,3740,252,21708,763,62622,290,84330,California
Napa,2021-05-06,714,144091,315,69595,376,70733,23,3763,367,21761,338,62960,391,84721,California
Napa,2021-05-07,1443,145534,1219,70814,160,70893,64,3827,294,20991,1127,64087,357,85078,California
Napa,2021-05-08,252,145786,161,70975,80,70973,11,3838,87,20925,164,64251,98,85176,California
Napa,2021-05-09,109,145895,78,71053,31,71004,0,3838,52,20920,57,64308,52,85228,California
Napa,2021-05-10,415,146310,142,71195,254,71258,19,3857,102,20729,312,64620,121,85349,California
Napa,2021-05-11,2197,148507,1809,73004,363,71621,25,3882,372,19307,1819,66439,397,85746,California
Napa,2021-05-12,2214,150721,1389,74393,769,72390,56,3938,303,17760,1906,68345,359,86105,California
Napa,2021-05-13,1891,152612,1196,75589,654,73044,41,3979,819,17556,1065,69410,861,86966,California
Napa,2021-05-14,1923,154535,1154,76743,684,73728,85,4064,503,16732,1413,70823,589,87555,California
Napa,2021-05-15,1065,155600,358,77101,695,74423,12,4076,263,16209,799,71622,276,87831,California
Napa,2021-05-16,242,155842,162,77263,78,74501,2,4078,69,16107,173,71795,71,87902,California
Napa,2021-05-17,883,156725,351,77614,502,75003,30,4108,303,15923,518,72313,334,88236,California
Napa,2021-05-18,1052,157777,550,78164,445,75448,57,4165,505,15943,542,72855,562,88798,California
Napa,2021-05-19,938,158715,559,78723,349,75797,30,4195,508,16053,427,73282,537,89335,California
Napa,2021-05-20,641,159356,430,79153,180,75977,31,4226,389,16222,251,73533,420,89755,California
Napa,2021-05-21,507,159863,270,79423,205,76182,32,4258,215,16178,291,73824,247,90002,California
Napa,2021-05-22,460,160323,274,79697,177,76359,9,4267,191,16110,269,74093,201,90203,California
Napa,2021-05-23,395,160718,348,80045,36,76395,11,4278,296,16318,99,74192,307,90510,California
Napa,2021-05-24,359,161077,179,80224,160,76555,20,4298,149,16278,209,74401,169,90679,California
Napa,2021-05-25,417,161494,173,80397,173,76728,71,4369,144,16220,272,74673,214,90893,California
Napa,2021-05-26,547,162041,356,80753,165,76893,26,4395,319,16340,225,74898,345,91238,California
Napa,2021-05-27,373,162414,165,80918,180,77073,28,4423,144,16283,229,75127,172,91410,California
Napa,2021-05-28,395,162809,206,81124,165,77238,24,4447,164,16242,227,75354,186,91596,California
Napa,2021-05-29,129,162938,79,81203,46,77284,4,4451,74,16266,54,75408,78,91674,California
Napa,2021-05-30,99,163037,62,81265,32,77316,5,4456,32,16238,65,75473,37,91711,California
Napa,2021-05-31,42,163079,16,81281,19,77335,7,4463,9,16221,33,75506,16,91727,California
Napa,2021-06-01,595,163674,306,81587,265,77600,24,4487,265,16185,324,75830,288,92015,California
Napa,2021-06-02,415,164089,246,81833,147,77747,22,4509,202,16198,211,76041,224,92239,California
Napa,2021-06-03,736,164825,447,82280,264,78011,25,4534,175,15838,558,76599,198,92437,California
Napa,2021-06-04,782,165607,604,82884,140,78151,38,4572,171,15438,609,77208,209,92646,California
Napa,2021-06-05,310,165917,251,83135,47,78198,12,4584,79,15300,229,77437,91,92737,California
Napa,2021-06-06,142,166059,124,83259,18,78216,0,4584,47,15253,94,77531,47,92784,California
Napa,2021-06-07,399,166458,293,83552,78,78294,28,4612,96,15074,303,77834,124,92908,California
Napa,2021-06-08,616,167074,488,84040,111,78405,17,4629,270,15018,343,78177,287,93195,California
Napa,2021-06-09,552,167626,450,84490,87,78492,15,4644,93,14669,457,78634,108,93303,California
Napa,2021-06-10,509,168135,417,84907,62,78554,30,4674,109,14408,400,79034,139,93442,California
Napa,2021-06-11,404,168539,265,85172,117,78671,22,4696,119,14265,284,79318,141,93583,California
Napa,2021-06-12,204,168743,172,85344,27,78698,5,4701,42,14151,161,79479,47,93630,California
Napa,2021-06-13,281,169024,268,85612,8,78706,5,4706,24,13923,257,79736,29,93659,California
Napa,2021-06-14,464,169488,330,85942,108,78814,26,4732,92,13670,368,80104,115,93774,California
Napa,2021-06-15,373,169861,275,86217,85,78899,13,4745,186,13684,185,80289,199,93973,California
Napa,2021-06-16,252,170113,164,86381,75,78974,13,4758,81,13611,167,80456,94,94067,California
Napa,2021-06-17,394,170507,322,86703,64,79038,8,4766,71,13367,323,80779,79,94146,California
Napa,2021-06-18,236,170743,154,86857,72,79110,10,4776,78,13298,157,80936,88,94234,California
Napa,2021-06-19,108,170851,75,86932,23,79133,10,4786,45,13292,61,80997,55,94289,California
Napa,2021-06-20,57,170908,45,86977,9,79142,3,4789,21,13280,36,81033,24,94313,California
Napa,2021-06-21,110,171018,33,87010,63,79205,14,4803,48,13280,62,81095,62,94375,California
Nevada,2020-12-16,2,2,2,2,0,0,0,0,2,2,0,0,2,2,California
Nevada,2020-12-17,6,8,6,8,0,0,0,0,6,8,0,0,6,8,California
Nevada,2020-12-18,58,66,58,66,0,0,0,0,58,66,0,0,58,66,California
Nevada,2020-12-19,54,120,54,120,0,0,0,0,54,120,0,0,54,120,California
Nevada,2020-12-20,16,136,16,136,0,0,0,0,16,136,0,0,16,136,California
Nevada,2020-12-21,68,204,68,204,0,0,0,0,68,204,0,0,68,204,California
Nevada,2020-12-22,94,298,92,296,2,2,0,0,94,298,0,0,94,298,California
Nevada,2020-12-23,246,544,213,509,33,35,0,0,246,544,0,0,246,544,California
Nevada,2020-12-24,15,559,12,521,3,38,0,0,15,559,0,0,15,559,California
Nevada,2020-12-25,3,562,3,524,0,38,0,0,3,562,0,0,3,562,California
Nevada,2020-12-26,7,569,5,529,2,40,0,0,7,569,0,0,7,569,California
Nevada,2020-12-27,92,661,91,620,1,41,0,0,92,661,0,0,92,661,California
Nevada,2020-12-28,172,833,92,712,80,121,0,0,172,833,0,0,172,833,California
Nevada,2020-12-29,102,935,71,783,31,152,0,0,102,935,0,0,102,935,California
Nevada,2020-12-30,87,1022,65,848,22,174,0,0,87,1022,0,0,87,1022,California
Nevada,2020-12-31,44,1066,9,857,35,209,0,0,44,1066,0,0,44,1066,California
Nevada,2021-01-01,2,1068,0,857,2,211,0,0,2,1068,0,0,2,1068,California
Nevada,2021-01-02,2,1070,1,858,1,212,0,0,2,1070,0,0,2,1070,California
Nevada,2021-01-03,132,1202,127,985,5,217,0,0,132,1202,0,0,132,1202,California
Nevada,2021-01-04,73,1275,42,1027,31,248,0,0,73,1275,0,0,73,1275,California
Nevada,2021-01-05,285,1560,131,1158,154,402,0,0,284,1558,1,1,284,1559,California
Nevada,2021-01-06,94,1654,43,1201,51,453,0,0,87,1638,7,8,87,1646,California
Nevada,2021-01-07,223,1877,44,1245,179,632,0,0,214,1845,8,16,215,1861,California
Nevada,2021-01-08,235,2112,131,1376,104,736,0,0,176,1963,59,75,177,2038,California
Nevada,2021-01-09,62,2174,55,1431,7,743,0,0,14,1929,48,123,14,2052,California
Nevada,2021-01-10,22,2196,11,1442,11,754,0,0,12,1931,10,133,12,2064,California
Nevada,2021-01-11,197,2393,135,1577,62,816,0,0,67,1868,130,263,67,2131,California
Nevada,2021-01-12,605,2998,457,2034,148,964,0,0,535,2333,70,333,535,2666,California
Nevada,2021-01-13,275,3273,155,2189,120,1084,0,0,134,2326,141,474,134,2800,California
Nevada,2021-01-14,249,3522,126,2315,123,1207,0,0,231,2540,17,491,231,3031,California
Nevada,2021-01-15,413,3935,172,2487,241,1448,0,0,310,2747,103,594,310,3341,California
Nevada,2021-01-16,337,4272,19,2506,318,1766,0,0,331,3072,6,600,331,3672,California
Nevada,2021-01-17,45,4317,40,2546,5,1771,0,0,42,3111,3,603,42,3714,California
Nevada,2021-01-18,162,4479,48,2594,114,1885,0,0,149,3247,13,616,149,3863,California
Nevada,2021-01-19,264,4743,99,2693,165,2050,0,0,241,3465,23,639,241,4104,California
Nevada,2021-01-20,282,5025,166,2859,116,2166,0,0,267,3717,15,654,267,4371,California
Nevada,2021-01-21,350,5375,206,3065,144,2310,0,0,336,4039,14,668,336,4707,California
Nevada,2021-01-22,386,5761,235,3300,151,2461,0,0,353,4359,33,701,353,5060,California
Nevada,2021-01-23,192,5953,108,3408,84,2545,0,0,192,4551,0,701,192,5252,California
Nevada,2021-01-24,119,6072,107,3515,12,2557,0,0,79,4590,40,741,79,5331,California
Nevada,2021-01-25,263,6335,127,3642,136,2693,0,0,198,4723,65,806,198,5529,California
Nevada,2021-01-26,430,6765,152,3794,278,2971,0,0,322,4937,108,914,322,5851,California
Nevada,2021-01-27,452,7217,269,4063,183,3154,0,0,424,5333,28,942,424,6275,California
Nevada,2021-01-28,497,7714,336,4399,161,3315,0,0,446,5729,50,992,446,6721,California
Nevada,2021-01-29,631,8345,404,4803,227,3542,0,0,603,6306,27,1019,604,7325,California
Nevada,2021-01-30,267,8612,129,4932,138,3680,0,0,264,6567,3,1022,264,7589,California
Nevada,2021-01-31,114,8726,95,5027,19,3699,0,0,110,6675,3,1025,111,7700,California
Nevada,2021-02-01,292,9018,75,5102,217,3916,0,0,276,6935,16,1041,276,7976,California
Nevada,2021-02-02,549,9567,198,5300,351,4267,0,0,339,7064,210,1251,339,8315,California
Nevada,2021-02-03,825,10392,563,5863,262,4529,0,0,766,7772,58,1309,766,9081,California
Nevada,2021-02-04,784,11176,402,6265,382,4911,0,0,528,8045,255,1564,528,9609,California
Nevada,2021-02-05,709,11885,392,6657,317,5228,0,0,509,8356,198,1762,509,10118,California
Nevada,2021-02-06,293,12178,100,6757,193,5421,0,0,262,8587,31,1793,262,10380,California
Nevada,2021-02-07,319,12497,254,7011,65,5486,0,0,257,8782,62,1855,257,10637,California
Nevada,2021-02-08,705,13202,425,7436,280,5766,0,0,593,9263,112,1967,593,11230,California
Nevada,2021-02-09,646,13848,370,7806,276,6042,0,0,499,9615,147,2114,499,11729,California
Nevada,2021-02-10,685,14533,344,8150,341,6383,0,0,454,9839,231,2345,455,12184,California
Nevada,2021-02-11,934,15467,533,8683,401,6784,0,0,588,10082,345,2690,588,12772,California
Nevada,2021-02-12,1004,16471,462,9145,542,7326,0,0,670,10422,330,3020,670,13442,California
Nevada,2021-02-13,679,17150,272,9417,407,7733,0,0,424,10596,251,3271,425,13867,California
Nevada,2021-02-14,253,17403,137,9554,116,7849,0,0,214,10771,39,3310,214,14081,California
Nevada,2021-02-15,748,18151,455,10009,293,8142,0,0,576,11175,172,3482,576,14657,California
Nevada,2021-02-16,678,18829,235,10244,443,8585,0,0,498,11494,179,3661,498,15155,California
Nevada,2021-02-17,1236,20065,800,11044,436,9021,0,0,890,12038,346,4007,890,16045,California
Nevada,2021-02-18,1047,21112,580,11624,467,9488,0,0,622,12238,422,4429,622,16667,California
Nevada,2021-02-19,1045,22157,658,12282,387,9875,0,0,669,12534,374,4803,670,17337,California
Nevada,2021-02-20,331,22488,128,12410,203,10078,0,0,181,12566,149,4952,181,17518,California
Nevada,2021-02-21,107,22595,96,12506,11,10089,0,0,9,12480,95,5047,9,17527,California
Nevada,2021-02-22,513,23108,344,12850,169,10258,0,0,361,12690,151,5198,361,17888,California
Nevada,2021-02-23,522,23630,251,13101,271,10529,0,0,225,12622,294,5492,226,18114,California
Nevada,2021-02-24,504,24134,258,13359,246,10775,0,0,257,12638,245,5737,261,18375,California
Nevada,2021-02-25,898,25032,495,13854,403,11178,0,0,441,12624,455,6192,441,18816,California
Nevada,2021-02-26,1299,26331,897,14751,402,11580,0,0,455,12238,841,7033,455,19271,California
Nevada,2021-02-27,413,26744,129,14880,284,11864,0,0,216,12257,197,7230,216,19487,California
Nevada,2021-02-28,352,27096,217,15097,135,11999,0,0,146,12198,205,7435,146,19633,California
Nevada,2021-03-01,871,27967,459,15556,412,12411,0,0,389,12108,479,7914,389,20022,California
Nevada,2021-03-02,779,28746,317,15873,462,12873,0,0,528,12390,246,8160,528,20550,California
Nevada,2021-03-03,1032,29778,526,16399,505,13378,1,1,536,12435,493,8653,538,21088,California
Nevada,2021-03-04,1157,30935,641,17040,516,13894,0,1,483,12248,670,9323,483,21571,California
Nevada,2021-03-05,912,31847,517,17557,385,14279,10,11,404,12156,506,9829,414,21985,California
Nevada,2021-03-06,386,32233,135,17692,224,14503,27,38,151,12098,235,10064,177,22162,California
Nevada,2021-03-07,227,32460,118,17810,89,14592,20,58,73,12037,154,10218,93,22255,California
Nevada,2021-03-08,871,33331,578,18388,245,14837,48,106,386,11988,484,10702,435,22690,California
Nevada,2021-03-09,833,34164,426,18814,351,15188,56,162,468,12149,362,11064,523,23213,California
Nevada,2021-03-10,1042,35206,671,19485,313,15501,58,220,347,11864,689,11753,404,23617,California
Nevada,2021-03-11,1150,36356,743,20228,379,15880,28,248,553,11856,589,12342,581,24198,California
Nevada,2021-03-12,1246,37602,738,20966,475,16355,33,281,507,11660,735,13077,539,24737,California
Nevada,2021-03-13,311,37913,62,21028,243,16598,6,287,119,11593,190,13267,123,24860,California
Nevada,2021-03-14,165,38078,27,21055,132,16730,6,293,37,11508,128,13395,43,24903,California
Nevada,2021-03-15,883,38961,476,21531,395,17125,12,305,366,11373,513,13908,378,25281,California
Nevada,2021-03-16,1012,39973,469,22000,480,17605,63,368,647,11719,363,14271,709,25990,California
Nevada,2021-03-17,1030,41003,453,22453,567,18172,10,378,581,11865,446,14717,592,26582,California
Nevada,2021-03-18,1008,42011,547,23000,439,18611,22,400,488,11859,516,15233,510,27092,California
Nevada,2021-03-19,772,42783,454,23454,281,18892,37,437,373,11874,395,15628,410,27502,California
Nevada,2021-03-20,842,43625,96,23550,305,19197,441,878,231,11938,604,16232,668,28170,California
Nevada,2021-03-21,67,43692,34,23584,32,19229,1,879,47,11967,19,16251,48,28218,California
Nevada,2021-03-22,828,44520,533,24117,291,19520,4,883,549,12244,276,16527,553,28771,California
Nevada,2021-03-23,869,45389,403,24520,439,19959,27,910,625,12655,241,16768,652,29423,California
Nevada,2021-03-24,1039,46428,563,25083,469,20428,7,917,648,12926,383,17151,654,30077,California
Nevada,2021-03-25,931,47359,483,25566,421,20849,27,944,507,13037,422,17573,533,30610,California
Nevada,2021-03-26,1205,48564,473,26039,691,21540,41,985,842,13558,361,17934,882,31492,California
Nevada,2021-03-27,598,49162,73,26112,509,22049,16,1001,393,13762,205,18139,409,31901,California
Nevada,2021-03-28,201,49363,52,26164,136,22185,13,1014,41,13659,157,18296,54,31955,California
Nevada,2021-03-29,867,50230,520,26684,326,22511,21,1035,390,13595,474,18770,410,32365,California
Nevada,2021-03-30,1081,51311,486,27170,561,23072,34,1069,497,13550,576,19346,531,32896,California
Nevada,2021-03-31,1211,52522,671,27841,523,23595,17,1086,688,13740,514,19860,704,33600,California
Nevada,2021-04-01,1276,53798,738,28579,486,24081,52,1138,573,13670,694,20554,624,34224,California
Nevada,2021-04-02,1327,55125,666,29245,627,24708,34,1172,796,13974,526,21080,830,35054,California
Nevada,2021-04-03,306,55431,94,29339,177,24885,35,1207,90,13884,215,21295,125,35179,California
Nevada,2021-04-04,140,55571,46,29385,87,24972,7,1214,81,13913,59,21354,88,35267,California
Nevada,2021-04-05,966,56537,639,30024,305,25277,22,1236,633,14239,328,21682,654,35921,California
Nevada,2021-04-06,1099,57636,680,30704,273,25550,146,1382,455,14201,638,22320,600,36521,California
Nevada,2021-04-07,1177,58813,833,31537,255,25805,89,1471,636,14391,534,22854,724,37245,California
Nevada,2021-04-08,1320,60133,908,32445,321,26126,91,1562,723,14613,592,23446,814,38059,California
Nevada,2021-04-09,1287,61420,872,33317,340,26466,75,1637,855,15113,430,23876,930,38989,California
Nevada,2021-04-10,288,61708,85,33402,128,26594,75,1712,117,15135,170,24046,192,39181,California
Nevada,2021-04-11,106,61814,37,33439,64,26658,5,1717,40,15114,66,24112,45,39226,California
Nevada,2021-04-12,783,62597,561,34000,204,26862,18,1735,341,15036,437,24549,359,39585,California
Nevada,2021-04-13,908,63505,374,34374,534,27396,0,1735,470,15072,434,24983,470,40055,California
Nevada,2021-04-14,1084,64589,602,34976,482,27878,0,1735,543,15081,534,25517,543,40598,California
Nevada,2021-04-15,1112,65701,722,35698,390,28268,0,1735,632,15245,468,25985,632,41230,California
Nevada,2021-04-16,924,66625,712,36410,212,28480,0,1735,533,15389,389,26374,533,41763,California
Nevada,2021-04-17,198,66823,55,36465,143,28623,0,1735,82,15357,114,26488,82,41845,California
Nevada,2021-04-18,192,67015,21,36486,171,28794,0,1735,105,15375,87,26575,105,41950,California
Nevada,2021-04-19,795,67810,509,36995,286,29080,0,1735,326,15242,459,27034,326,42276,California
Nevada,2021-04-20,809,68619,319,37314,490,29570,0,1735,316,15076,486,27520,320,42596,California
Nevada,2021-04-21,930,69549,516,37830,414,29984,0,1735,290,14735,631,28151,290,42886,California
Nevada,2021-04-22,1013,70562,629,38459,384,30368,0,1735,343,14421,658,28809,344,43230,California
Nevada,2021-04-23,1238,71800,562,39021,676,31044,0,1735,403,14001,823,29632,403,43633,California
Nevada,2021-04-24,527,72327,76,39097,451,31495,0,1735,174,13824,351,29983,174,43807,California
Nevada,2021-04-25,126,72453,64,39161,57,31552,5,1740,59,13821,66,30049,63,43870,California
Nevada,2021-04-26,775,73228,590,39751,176,31728,9,1749,223,13511,542,30591,232,44102,California
Nevada,2021-04-27,842,74070,395,40146,442,32170,5,1754,423,13528,411,31002,428,44530,California
Nevada,2021-04-28,1007,75077,595,40741,407,32577,5,1759,387,13305,615,31617,392,44922,California
Nevada,2021-04-29,1040,76117,720,41461,316,32893,4,1763,299,12870,738,32355,303,45225,California
Nevada,2021-04-30,1276,77393,751,42212,515,33408,10,1773,219,12044,1055,33410,229,45454,California
Nevada,2021-05-01,155,77548,67,42279,85,33493,3,1776,69,12032,84,33494,72,45526,California
Nevada,2021-05-02,66,77614,33,42312,29,33522,4,1780,23,12016,43,33537,27,45553,California
Nevada,2021-05-03,629,78243,423,42735,188,33710,18,1798,189,11786,436,33973,206,45759,California
Nevada,2021-05-04,596,78839,177,42912,400,34110,19,1817,333,11879,259,34232,352,46111,California
Nevada,2021-05-05,755,79594,393,43305,347,34457,15,1832,325,11798,421,34653,340,46451,California
Nevada,2021-05-06,822,80416,569,43874,242,34699,11,1843,208,11412,605,35258,219,46670,California
Nevada,2021-05-07,893,81309,493,44367,364,35063,36,1879,196,10952,692,35950,232,46902,California
Nevada,2021-05-08,175,81484,22,44389,134,35197,19,1898,79,10955,95,36045,98,47000,California
Nevada,2021-05-09,43,81527,7,44396,34,35231,2,1900,19,10952,24,36069,21,47021,California
Nevada,2021-05-10,409,81936,262,44658,122,35353,25,1925,78,10725,330,36399,103,47124,California
Nevada,2021-05-11,512,82448,158,44816,336,35689,18,1943,132,10503,372,36771,150,47274,California
Nevada,2021-05-12,539,82987,245,45061,283,35972,11,1954,151,10285,380,37151,162,47436,California
Nevada,2021-05-13,855,83842,561,45622,284,36256,10,1964,437,10322,410,37561,447,47883,California
Nevada,2021-05-14,784,84626,584,46206,183,36439,17,1981,427,10413,353,37914,444,48327,California
Nevada,2021-05-15,185,84811,90,46296,89,36528,6,1987,88,10411,96,38010,94,48421,California
Nevada,2021-05-16,160,84971,52,46348,108,36636,0,1987,54,10359,106,38116,54,48475,California
Nevada,2021-05-17,505,85476,325,46673,148,36784,32,2019,215,10327,279,38395,247,48722,California
Nevada,2021-05-18,427,85903,256,46929,166,36950,5,2024,221,10349,204,38599,226,48948,California
Nevada,2021-05-19,501,86404,356,47285,140,37090,5,2029,255,10372,237,38836,260,49208,California
Nevada,2021-05-20,619,87023,362,47647,244,37334,13,2042,213,10197,401,39237,226,49434,California
Nevada,2021-05-21,522,87545,339,47986,172,37506,11,2053,227,10143,292,39529,238,49672,California
Nevada,2021-05-22,251,87796,39,48025,122,37628,90,2143,55,10092,196,39725,145,49817,California
Nevada,2021-05-23,51,87847,16,48041,35,37663,0,2143,16,10074,34,39759,16,49833,California
Nevada,2021-05-24,319,88166,223,48264,80,37743,16,2159,106,9986,210,39969,122,49955,California
Nevada,2021-05-25,349,88515,84,48348,251,37994,14,2173,87,9830,257,40226,101,50056,California
Nevada,2021-05-26,443,88958,193,48541,240,38234,10,2183,129,9662,307,40533,139,50195,California
Nevada,2021-05-27,445,89403,237,48778,187,38421,21,2204,186,9615,254,40787,207,50402,California
Nevada,2021-05-28,352,89755,218,48996,119,38540,15,2219,198,9677,151,40938,213,50615,California
Nevada,2021-05-29,68,89823,13,49009,55,38595,0,2219,40,9689,28,40966,40,50655,California
Nevada,2021-05-30,42,89865,19,49028,21,38616,2,2221,28,9705,14,40980,30,50685,California
Nevada,2021-05-31,6,89871,4,49032,0,38616,2,2223,2,9705,4,40984,4,50689,California
Nevada,2021-06-01,417,90288,127,49159,271,38887,19,2242,99,9514,309,41293,118,50807,California
Nevada,2021-06-02,404,90692,165,49324,232,39119,7,2249,105,9334,292,41585,112,50919,California
Nevada,2021-06-03,566,91258,405,49729,156,39275,5,2254,99,8976,462,42047,104,51023,California
Nevada,2021-06-04,537,91795,433,50162,100,39375,4,2258,108,8663,425,42472,112,51135,California
Nevada,2021-06-05,169,91964,68,50230,99,39474,2,2260,64,8625,104,42576,66,51201,California
Nevada,2021-06-06,56,92020,41,50271,15,39489,0,2260,15,8599,41,42617,15,51216,California
Nevada,2021-06-07,268,92288,193,50464,44,39533,31,2291,60,8487,203,42820,91,51307,California
Nevada,2021-06-08,284,92572,186,50650,86,39619,12,2303,64,8352,211,43031,76,51383,California
Nevada,2021-06-09,322,92894,215,50865,100,39719,7,2310,81,8204,236,43267,88,51471,California
Nevada,2021-06-10,280,93174,178,51043,93,39812,9,2319,75,8089,198,43465,83,51554,California
Nevada,2021-06-11,328,93502,235,51278,74,39886,19,2338,78,7938,247,43712,96,51650,California
Nevada,2021-06-12,92,93594,53,51331,34,39920,5,2343,27,7905,65,43777,32,51682,California
Nevada,2021-06-13,31,93625,16,51347,14,39934,1,2344,6,7887,25,43802,7,51689,California
Nevada,2021-06-14,192,93817,136,51483,45,39979,11,2355,51,7815,134,43936,62,51751,California
Nevada,2021-06-15,164,93981,92,51575,64,40043,8,2363,65,7792,96,44032,73,51824,California
Nevada,2021-06-16,239,94220,134,51709,97,40140,8,2371,77,7722,155,44187,85,51909,California
Nevada,2021-06-17,221,94441,134,51843,75,40215,12,2383,41,7596,179,44366,53,51962,California
Nevada,2021-06-18,221,94662,152,51995,51,40266,18,2401,69,7533,150,44516,87,52049,California
Nevada,2021-06-19,69,94731,32,52027,31,40297,6,2407,28,7526,41,44557,34,52083,California
Nevada,2021-06-20,27,94758,20,52047,7,40304,0,2407,8,7516,18,44575,8,52091,California
Nevada,2021-06-21,77,94835,43,52090,29,40333,5,2412,36,7522,35,44610,41,52132,California
Orange,2020-12-15,16,16,16,16,0,0,0,0,16,16,0,0,16,16,California
Orange,2020-12-16,393,409,393,409,0,0,0,0,393,409,0,0,393,409,California
Orange,2020-12-17,3754,4163,3754,4163,0,0,0,0,3753,4162,0,0,3753,4162,California
Orange,2020-12-18,5089,9252,5081,9244,8,8,0,0,5087,9248,1,1,5087,9249,California
Orange,2020-12-19,2240,11492,2233,11477,7,15,0,0,2239,11487,0,1,2239,11488,California
Orange,2020-12-20,1994,13486,1991,13468,3,18,0,0,1995,13482,0,1,1995,13483,California
Orange,2020-12-21,4272,17758,4266,17734,6,24,0,0,4272,17754,0,1,4272,17755,California
Orange,2020-12-22,3985,21743,3950,21684,35,59,0,0,3985,21739,0,1,3985,21740,California
Orange,2020-12-23,3593,25336,3229,24913,364,423,0,0,3594,25333,0,1,3594,25334,California
Orange,2020-12-24,1384,26720,1081,25994,303,726,0,0,1384,26717,0,1,1384,26718,California
Orange,2020-12-25,21,26741,16,26010,5,731,0,0,21,26738,0,1,21,26739,California
Orange,2020-12-26,991,27732,419,26429,572,1303,0,0,991,27729,0,1,991,27730,California
Orange,2020-12-27,584,28316,276,26705,308,1611,0,0,584,28313,0,1,584,28314,California
Orange,2020-12-28,3613,31929,2630,29335,983,2594,0,0,3613,31926,0,1,3613,31927,California
Orange,2020-12-29,3523,35452,2506,31841,1017,3611,0,0,3522,35447,1,2,3522,35449,California
Orange,2020-12-30,5127,40579,3537,35378,1590,5201,0,0,5127,40574,0,2,5127,40576,California
Orange,2020-12-31,1527,42106,816,36194,711,5912,0,0,1524,42095,3,5,1524,42100,California
Orange,2021-01-01,686,42792,376,36570,310,6222,0,0,684,42777,2,7,684,42784,California
Orange,2021-01-02,1362,44154,842,37412,520,6742,0,0,1361,44138,0,7,1361,44145,California
Orange,2021-01-03,588,44742,326,37738,262,7004,0,0,588,44726,0,7,588,44733,California
Orange,2021-01-04,2767,47509,1571,39309,1196,8200,0,0,2768,47493,1,8,2768,47501,California
Orange,2021-01-05,3543,51052,2307,41616,1236,9436,0,0,3129,50214,411,419,3132,50633,California
Orange,2021-01-06,5028,56080,3470,45086,1558,10994,0,0,3657,52512,1359,1778,3657,54290,California
Orange,2021-01-07,9332,65412,5206,50292,4126,15120,0,0,5725,54651,3592,5370,5731,60021,California
Orange,2021-01-08,9433,74845,5268,55560,4165,19285,0,0,5664,56561,3757,9127,5667,65688,California
Orange,2021-01-09,5041,79886,1750,57310,3291,22576,0,0,3756,59032,1285,10412,3756,69444,California
Orange,2021-01-10,4259,84145,1043,58353,3216,25792,0,0,3380,61538,878,11290,3384,72828,California
Orange,2021-01-11,9490,93635,4919,63272,4571,30363,0,0,5862,63773,3630,14920,5865,78693,California
Orange,2021-01-12,9008,102643,4845,68117,4163,34526,0,0,5526,65821,3480,18400,5528,84221,California
Orange,2021-01-13,10326,112969,4933,73050,5393,39919,0,0,7112,69729,3211,21611,7119,91340,California
Orange,2021-01-14,10094,123063,3803,76853,6291,46210,0,0,8496,76635,1596,23207,8502,99842,California
Orange,2021-01-15,10306,133369,2673,79526,7633,53843,0,0,9422,85172,891,24098,9428,109270,California
Orange,2021-01-16,8806,142175,2104,81630,6702,60545,0,0,8409,93191,395,24493,8414,117684,California
Orange,2021-01-17,8265,150440,1519,83149,6746,67291,0,0,8112,101160,153,24646,8122,125806,California
Orange,2021-01-18,9776,160216,4437,87586,5339,72630,0,0,7514,106416,2261,26907,7517,133323,California
Orange,2021-01-19,7590,167806,5473,93059,2117,74747,0,0,4943,108715,2646,29553,4945,138268,California
Orange,2021-01-20,8487,176293,5933,98992,2554,77301,0,0,5425,111088,3060,32613,5433,143701,California
Orange,2021-01-21,11161,187454,4940,103932,6221,83522,0,0,10326,120594,831,33444,10337,154038,California
Orange,2021-01-22,13890,201344,5177,109109,8713,92235,0,0,13012,132744,870,34314,13020,167058,California
Orange,2021-01-23,13310,214654,6235,115344,7075,99310,0,0,12369,144185,939,35253,12380,179438,California
Orange,2021-01-24,9984,224638,4319,119663,5665,104975,0,0,9632,153472,349,35602,9636,189074,California
Orange,2021-01-25,10474,235112,5860,125523,4614,109589,0,0,7741,158493,2725,38327,7746,196820,California
Orange,2021-01-26,11954,247066,7691,133214,4263,113852,0,0,9777,166101,2172,40499,9780,206600,California
Orange,2021-01-27,13637,260703,8025,141239,5612,119464,0,0,10885,174252,2740,43239,10891,217491,California
Orange,2021-01-28,13251,273954,7249,148488,6002,125466,0,0,11332,183690,1903,45142,11341,228832,California
Orange,2021-01-29,13844,287798,8511,156999,5333,130799,0,0,10908,191685,2917,48059,10912,239744,California
Orange,2021-01-30,13236,301034,4532,161531,8704,139503,0,0,12446,203362,773,48832,12450,252194,California
Orange,2021-01-31,13889,314923,4943,166474,8946,148449,0,0,13421,216329,462,49294,13429,265623,California
Orange,2021-02-01,15052,329975,6562,173036,8490,156939,0,0,12553,226417,2472,51766,12560,278183,California
Orange,2021-02-02,15241,345216,8033,181069,7208,164147,0,0,12754,236727,2451,54217,12761,290944,California
Orange,2021-02-03,16814,362030,12499,193568,4315,168462,0,0,13833,247676,2901,57118,13850,304794,California
Orange,2021-02-04,20101,382131,13108,206676,6993,175455,0,0,14979,257575,5088,62206,14987,319781,California
Orange,2021-02-05,20989,403120,12106,218782,8883,184338,0,0,14620,265885,6323,68529,14633,334414,California
Orange,2021-02-06,16553,419673,10901,229683,5652,189990,0,0,11261,272092,5277,73806,11484,345898,California
Orange,2021-02-07,11667,431340,8173,237856,3494,193484,0,0,7661,275936,3989,77795,7833,353731,California
Orange,2021-02-08,15207,446547,8740,246596,6467,199951,0,0,9130,279021,6049,83844,9134,362865,California
Orange,2021-02-09,17918,464465,12157,258753,5761,205712,0,0,10829,282850,7015,90859,10844,373709,California
Orange,2021-02-10,21085,485550,11241,269994,9844,215556,0,0,12824,287533,8166,99025,12849,386558,California
Orange,2021-02-11,22369,507919,11624,281618,10745,226301,0,0,12525,290373,9709,108734,12549,399107,California
Orange,2021-02-12,25076,532995,12071,293689,13005,239306,0,0,14733,294853,10275,119009,14755,413862,California
Orange,2021-02-13,22089,555084,11932,305621,10157,249463,0,0,11167,295912,10763,129772,11822,425684,California
Orange,2021-02-14,16274,571358,6595,312216,9679,259142,0,0,9623,298922,6621,136393,9631,435315,California
Orange,2021-02-15,17387,588745,7472,319688,9915,269057,0,0,8998,299598,8344,144737,9020,444335,California
Orange,2021-02-16,20099,608844,9049,328737,11050,280107,0,0,10836,301265,9209,153946,10876,455211,California
Orange,2021-02-17,18128,626972,9467,338204,8661,288768,0,0,9294,301852,8776,162722,9363,464574,California
Orange,2021-02-18,15150,642122,9929,348133,5221,293989,0,0,6848,300488,8245,170967,6881,471455,California
Orange,2021-02-19,18325,660447,10953,359086,7372,301361,0,0,6958,296162,11310,182277,6984,478439,California
Orange,2021-02-20,7615,668062,5674,364760,1941,303302,0,0,3819,296240,3770,186047,3848,482287,California
Orange,2021-02-21,4647,672709,3951,368711,696,303998,0,0,964,293573,3639,189686,972,483259,California
Orange,2021-02-22,9825,682534,8002,376713,1823,305821,0,0,3974,291758,5815,195501,4000,487259,California
Orange,2021-02-23,13607,696141,7466,384179,6141,311962,0,0,3606,285478,9929,205430,3649,490908,California
Orange,2021-02-24,21410,717551,12951,397130,8459,320421,0,0,5442,275089,15900,221330,5511,496419,California
Orange,2021-02-25,23048,740599,12453,409583,10595,331016,0,0,8101,268373,14870,236200,8154,504573,California
Orange,2021-02-26,28248,768847,14304,423887,13944,344960,0,0,11410,263149,16701,252901,11477,516050,California
Orange,2021-02-27,25346,794193,10331,434218,15012,359972,3,3,7380,252750,17843,270744,7444,523494,California
Orange,2021-02-28,19297,813490,7498,441716,11799,371771,0,3,4882,243398,14277,285021,4925,528419,California
Orange,2021-03-01,18921,832411,8646,450362,10259,382030,16,19,7356,239362,11454,296475,7418,535837,California
Orange,2021-03-02,19566,851977,9458,459820,10104,392134,4,23,9538,239005,9967,306442,9610,545447,California
Orange,2021-03-03,21334,873311,10170,469990,11159,403293,5,28,11456,240737,9792,316234,11524,556971,California
Orange,2021-03-04,22874,896185,13145,483135,9715,413008,14,42,11809,241596,11023,327257,11882,568853,California
Orange,2021-03-05,21408,917593,11159,494294,10200,423208,49,91,13087,246560,8274,335531,13238,582091,California
Orange,2021-03-06,24400,941993,13411,507705,10114,433322,875,966,12869,248881,11480,347011,13801,595892,California
Orange,2021-03-07,15453,957446,8670,516375,6367,439689,416,1382,9000,251938,6411,353422,9468,605360,California
Orange,2021-03-08,17047,974493,7891,524266,7827,447516,1329,2711,10893,258134,6084,359506,12280,617640,California
Orange,2021-03-09,21357,995850,9856,534122,9008,456524,2493,5204,12566,264471,8745,368251,15082,632722,California
Orange,2021-03-10,25069,1020919,12285,546407,9297,465821,3487,8691,12614,268209,12387,380638,16125,648847,California
Orange,2021-03-11,29269,1050188,15806,562213,9200,475021,4263,12954,13505,270332,15658,396296,17781,666628,California
Orange,2021-03-12,29605,1079793,14377,576590,11324,486345,3904,16858,14825,274416,14686,410982,18770,685398,California
Orange,2021-03-13,28015,1107808,10289,586879,13743,500088,3983,20841,14132,278722,13819,424801,18125,703523,California
Orange,2021-03-14,19023,1126831,8263,595142,8203,508291,2557,23398,11858,286007,7131,431932,14416,717939,California
Orange,2021-03-15,23292,1150123,10260,605402,12267,520558,765,24163,14488,292560,8710,440642,15263,733202,California
Orange,2021-03-16,26638,1176761,11271,616673,15094,535652,273,24436,17191,300688,9361,450003,17489,750691,California
Orange,2021-03-17,27499,1204260,13678,630351,13266,548918,555,24991,19545,312922,7867,457870,20101,770792,California
Orange,2021-03-18,27994,1232254,14082,644433,13613,562531,299,25290,21676,328667,6245,464115,21990,792782,California
Orange,2021-03-19,33726,1265980,18492,662925,14780,577311,454,25744,24984,345497,8624,472739,25454,818236,California
Orange,2021-03-20,25921,1291901,13640,676565,12073,589384,208,25952,22074,364012,3777,476516,22292,840528,California
Orange,2021-03-21,18630,1310531,10782,687347,7101,596485,747,26699,15758,377684,2836,479352,16508,857036,California
Orange,2021-03-22,22845,1333376,11842,699189,10683,607168,320,27019,19191,393659,3549,482901,19524,876560,California
Orange,2021-03-23,26125,1359501,13595,712784,11885,619053,645,27664,20696,409662,5346,488247,21349,897909,California
Orange,2021-03-24,29352,1388853,16431,729215,11991,631044,930,28594,22026,425395,7229,495476,22962,920871,California
Orange,2021-03-25,32611,1421464,17333,746548,14562,645606,716,29310,24250,442108,8257,503733,24970,945841,California
Orange,2021-03-26,35049,1456513,18208,764756,15968,661574,873,30183,24883,457834,10042,513775,25768,971609,California
Orange,2021-03-27,28577,1485090,13677,778433,14583,676157,317,30500,19799,469274,8679,522454,20119,991728,California
Orange,2021-03-28,24950,1510040,12967,791400,11915,688072,68,30568,18619,481719,6248,528702,18693,1010421,California
Orange,2021-03-29,26634,1536674,12210,803610,13856,701928,568,31136,17813,491393,8712,537414,18386,1028807,California
Orange,2021-03-30,30981,1567655,14024,817634,16324,718252,633,31769,20447,502039,10435,547849,21081,1049888,California
Orange,2021-03-31,37255,1604910,19557,837191,16980,735232,718,32487,23687,513006,13441,561290,24408,1074296,California
Orange,2021-04-01,40779,1645689,21404,858595,17440,752672,1935,34422,26235,526802,14360,575650,28156,1102452,California
Orange,2021-04-02,40282,1685971,20311,878906,18126,770798,1845,36267,22703,533898,17459,593109,24555,1127007,California
Orange,2021-04-03,30322,1716293,15765,894671,12792,783590,1765,38032,14287,534000,15943,609052,16045,1143052,California
Orange,2021-04-04,18495,1734788,10736,905407,6991,790581,768,38800,8151,532633,10282,619334,8915,1151967,California
Orange,2021-04-05,30160,1764948,14108,919515,12637,803218,3415,42215,13813,533603,16252,635586,17222,1169189,California
Orange,2021-04-06,33546,1798494,15695,935210,14408,817626,3443,45658,14375,532328,19071,654657,17796,1186985,California
Orange,2021-04-07,36343,1834837,20214,955424,11493,829119,4636,50294,16019,532722,20226,674883,20620,1207605,California
Orange,2021-04-08,39389,1874226,21778,977202,12065,841184,5546,55840,19067,537103,20200,695083,24581,1232186,California
Orange,2021-04-09,41274,1915500,24001,1001203,11981,853165,5292,61132,18219,537641,22942,718025,23480,1255666,California
Orange,2021-04-10,34769,1950269,18351,1019554,12128,865293,4290,65422,14398,536037,20270,738295,18666,1274332,California
Orange,2021-04-11,25822,1976091,14631,1034185,7915,873208,3276,68698,9914,533360,15850,754145,13173,1287505,California
Orange,2021-04-12,30777,2006868,15532,1049717,11600,884808,3645,72343,12100,530494,18593,772738,15727,1303232,California
Orange,2021-04-13,32781,2039649,18465,1068182,14247,899055,69,72412,15279,528422,17422,790160,15350,1318582,California
Orange,2021-04-14,34983,2074632,20525,1088707,14422,913477,36,72448,15226,524055,19644,809804,15277,1333859,California
Orange,2021-04-15,40844,2115476,24884,1113591,15947,929424,13,72461,19063,521471,21657,831461,19073,1352932,California
Orange,2021-04-16,41929,2157405,24627,1138218,17273,946697,29,72490,18946,517613,22847,854308,18989,1371921,California
Orange,2021-04-17,30548,2187953,17278,1155496,13263,959960,7,72497,13383,513988,17022,871330,13397,1385318,California
Orange,2021-04-18,21813,2209766,13168,1168664,8645,968605,0,72497,8618,509523,13130,884460,8665,1393983,California
Orange,2021-04-19,32768,2242534,18094,1186758,14670,983275,4,72501,15072,507067,17592,902052,15136,1409119,California
Orange,2021-04-20,35660,2278194,18512,1205270,17141,1000416,7,72508,17838,507230,17732,919784,17895,1427014,California
Orange,2021-04-21,40789,2318983,23504,1228774,17276,1017692,9,72517,19348,505282,21314,941098,19366,1446380,California
Orange,2021-04-22,39340,2358323,20781,1249555,18549,1036241,10,72527,16347,498798,22850,963948,16366,1462746,California
Orange,2021-04-23,40263,2398586,20852,1270407,19403,1055644,8,72535,17966,494608,22174,986122,17984,1480730,California
Orange,2021-04-24,32051,2430637,16760,1287167,15259,1070903,32,72567,13429,489545,18527,1004649,13464,1494194,California
Orange,2021-04-25,22988,2453625,12981,1300148,9992,1080895,15,72582,9825,486298,13094,1017743,9847,1504041,California
Orange,2021-04-26,28784,2482409,14086,1314234,14502,1095397,196,72778,12471,482774,16194,1033937,12670,1516711,California
Orange,2021-04-27,31255,2513664,14679,1328913,15945,1111342,631,73409,11832,475996,19248,1053185,12470,1529181,California
Orange,2021-04-28,30946,2544610,15505,1344418,14559,1125901,882,74291,12406,470881,18402,1071587,13287,1542468,California
Orange,2021-04-29,31961,2576571,17449,1361867,13550,1139451,962,75253,11348,462689,20495,1092082,12303,1554771,California
Orange,2021-04-30,29928,2606499,17076,1378943,11905,1151356,947,76200,12730,459271,17084,1109166,13666,1568437,California
Orange,2021-05-01,22904,2629403,15708,1394651,6210,1157566,986,77186,8763,454988,14024,1123190,9741,1578178,California
Orange,2021-05-02,15416,2644819,10269,1404920,4501,1162067,646,77832,5360,451005,9985,1133175,6002,1584180,California
Orange,2021-05-03,20630,2665449,12594,1417514,7276,1169343,760,78592,6480,444186,14057,1147232,7238,1591418,California
Orange,2021-05-04,23659,2689108,13514,1431028,9235,1178578,910,79502,8160,437856,15387,1162619,9057,1600475,California
Orange,2021-05-05,24777,2713885,13848,1444876,10032,1188610,897,80399,7999,430110,16642,1179261,8896,1609371,California
Orange,2021-05-06,26505,2740390,16063,1460939,9440,1198050,1002,81401,7281,419299,19086,1198347,8275,1617646,California
Orange,2021-05-07,29016,2769406,17466,1478405,10499,1208549,1051,82452,8153,407852,20645,1218992,9198,1626844,California
Orange,2021-05-08,18643,2788049,12374,1490779,5473,1214022,796,83248,5472,401067,13045,1232037,6260,1633104,California
Orange,2021-05-09,10981,2799030,8349,1499128,2261,1216283,371,83619,2867,396239,8066,1240103,3238,1636342,California
Orange,2021-05-10,19200,2818230,11743,1510871,6680,1222963,777,84396,4353,386619,14753,1254856,5133,1641475,California
Orange,2021-05-11,22084,2840314,12255,1523126,9101,1232064,728,85124,5363,376089,16615,1271471,6085,1647560,California
Orange,2021-05-12,23885,2864199,14825,1537951,8221,1240285,839,85963,6898,366967,16858,1288329,7736,1655296,California
Orange,2021-05-13,21829,2886028,13519,1551470,7704,1247989,606,86569,8203,362260,13516,1301845,8809,1664105,California
Orange,2021-05-14,26343,2912371,17376,1568846,8122,1256111,845,87414,10532,357937,15672,1317517,11349,1675454,California
Orange,2021-05-15,20032,2932403,14483,1583329,5000,1261111,549,87963,8136,354784,11830,1329347,8677,1684131,California
Orange,2021-05-16,15187,2947590,12483,1595812,2364,1263475,340,88303,6456,352902,8676,1338023,6794,1690925,California
Orange,2021-05-17,19384,2966974,12697,1608509,5987,1269462,700,89003,6919,348110,12398,1350421,7606,1698531,California
Orange,2021-05-18,20531,2987505,11966,1620475,7896,1277358,669,89672,8092,344518,12346,1362767,8754,1707285,California
Orange,2021-05-19,22502,3010007,12877,1633352,8955,1286313,670,90342,7946,338688,14438,1377205,8608,1715893,California
Orange,2021-05-20,22358,3032365,13101,1646453,8592,1294905,665,91007,7855,332813,14394,1391599,8519,1724412,California
Orange,2021-05-21,25423,3057788,14499,1660952,10199,1305104,725,91732,8467,325155,16846,1408445,9188,1733600,California
Orange,2021-05-22,18209,3075997,12109,1673061,5557,1310661,543,92275,6911,321402,11208,1419653,7455,1741055,California
Orange,2021-05-23,9775,3085772,6704,1679765,2797,1313458,274,92549,3455,318856,6276,1425929,3730,1744785,California
Orange,2021-05-24,15361,3101133,9028,1688793,5713,1319171,620,93169,5704,315603,9569,1435498,6316,1751101,California
Orange,2021-05-25,15611,3116744,9189,1697982,5902,1325073,520,93689,5634,311886,9866,1445364,6149,1757250,California
Orange,2021-05-26,15229,3131973,8539,1706521,6191,1331264,499,94188,5707,308652,9432,1454796,6198,1763448,California
Orange,2021-05-27,14388,3146361,8666,1715187,5177,1336441,545,94733,6399,307674,7916,1462712,6938,1770386,California
Orange,2021-05-28,16781,3163142,9901,1725088,6252,1342693,628,95361,7415,306434,9273,1471985,8033,1778419,California
Orange,2021-05-29,8949,3172091,5234,1730322,3357,1346050,358,95719,4130,306155,4763,1476748,4484,1782903,California
Orange,2021-05-30,5972,3178063,3879,1734201,1819,1347869,274,95993,2160,304810,3776,1480524,2431,1785334,California
Orange,2021-05-31,1692,3179755,1047,1735248,598,1348467,47,96040,545,304271,1130,1481654,591,1785925,California
Orange,2021-06-01,13371,3193126,7765,1743013,5116,1353583,490,96530,5160,301806,8107,1489761,5642,1791567,California
Orange,2021-06-02,12986,3206112,8049,1751062,4519,1358102,418,96948,4538,298455,8301,1498062,4950,1796517,California
Orange,2021-06-03,12857,3218969,8874,1759936,3529,1361631,454,97402,4502,295115,8292,1506354,4952,1801469,California
Orange,2021-06-04,16928,3235897,11967,1771903,4382,1366013,579,97981,5324,289495,11521,1517875,5901,1807370,California
Orange,2021-06-05,12886,3248783,9721,1781624,2784,1368797,381,98362,3979,285001,8852,1526727,4358,1811728,California
Orange,2021-06-06,5323,3254106,4523,1786147,599,1369396,201,98563,1937,283773,3366,1530093,2138,1813866,California
Orange,2021-06-07,10766,3264872,7616,1793763,2685,1372081,465,99028,3460,280457,7234,1537327,3918,1817784,California
Orange,2021-06-08,12164,3277036,8763,1802526,2894,1374975,507,99535,3809,276510,8265,1545592,4318,1822102,California
Orange,2021-06-09,11697,3288733,8095,1810621,3147,1378122,455,99990,3311,271970,8301,1553893,3761,1825863,California
Orange,2021-06-10,11559,3300292,8413,1819034,2687,1380809,459,100449,3428,267781,8071,1561964,3882,1829745,California
Orange,2021-06-11,13100,3313392,9189,1828223,3417,1384226,494,100943,4289,263837,8723,1570687,4779,1834524,California
Orange,2021-06-12,9749,3323141,7461,1835684,1972,1386198,316,101259,3021,260497,6677,1577364,3337,1837861,California
Orange,2021-06-13,4026,3327167,2929,1838613,935,1387133,162,101421,1048,258764,2945,1580309,1212,1839073,California
Orange,2021-06-14,9813,3336980,7150,1845763,2208,1389341,455,101876,3370,256197,6390,1586699,3823,1842896,California
Orange,2021-06-15,10160,3347140,7321,1853084,2413,1391754,426,102302,3576,253681,6514,1593213,3998,1846894,California
Orange,2021-06-16,9517,3356657,6843,1859927,2212,1393966,462,102764,3285,251251,6173,1599386,3743,1850637,California
Orange,2021-06-17,9207,3365864,6943,1866870,1908,1395874,356,103120,3265,248990,5881,1605267,3620,1854257,California
Orange,2021-06-18,10924,3376788,7943,1874813,2512,1398386,469,103589,3801,246209,7048,1612315,4267,1858524,California
Orange,2021-06-19,6223,3383011,4665,1879478,1330,1399716,228,103817,2573,245410,3603,1615918,2804,1861328,California
Orange,2021-06-20,3065,3386076,2369,1881847,598,1400314,98,103915,1043,244543,2008,1617926,1141,1862469,California
Orange,2021-06-21,2703,3388779,1730,1883577,688,1401002,285,104200,1248,244634,1442,1619368,1533,1864002,California
Placer,2020-12-15,29,29,29,29,0,0,0,0,29,29,0,0,29,29,California
Placer,2020-12-16,56,85,56,85,0,0,0,0,56,85,0,0,56,85,California
Placer,2020-12-17,149,234,149,234,0,0,0,0,149,234,0,0,149,234,California
Placer,2020-12-18,434,668,434,668,0,0,0,0,434,668,0,0,434,668,California
Placer,2020-12-19,254,922,254,922,0,0,0,0,254,922,0,0,254,922,California
Placer,2020-12-20,230,1152,230,1152,0,0,0,0,230,1152,0,0,230,1152,California
Placer,2020-12-21,508,1660,506,1658,2,2,0,0,508,1660,0,0,508,1660,California
Placer,2020-12-22,677,2337,671,2329,6,8,0,0,677,2337,0,0,677,2337,California
Placer,2020-12-23,756,3093,667,2996,89,97,0,0,756,3093,0,0,756,3093,California
Placer,2020-12-24,412,3505,360,3356,52,149,0,0,412,3505,0,0,412,3505,California
Placer,2020-12-26,166,3671,121,3477,45,194,0,0,166,3671,0,0,166,3671,California
Placer,2020-12-27,182,3853,161,3638,21,215,0,0,182,3853,0,0,182,3853,California
Placer,2020-12-28,677,4530,553,4191,124,339,0,0,677,4530,0,0,677,4530,California
Placer,2020-12-29,772,5302,525,4716,247,586,0,0,772,5302,0,0,772,5302,California
Placer,2020-12-30,735,6037,459,5175,276,862,0,0,734,6036,0,0,734,6036,California
Placer,2020-12-31,551,6588,366,5541,185,1047,0,0,551,6587,0,0,551,6587,California
Placer,2021-01-01,16,6604,12,5553,4,1051,0,0,16,6603,0,0,16,6603,California
Placer,2021-01-02,190,6794,158,5711,32,1083,0,0,190,6793,0,0,190,6793,California
Placer,2021-01-03,154,6948,77,5788,77,1160,0,0,154,6947,0,0,154,6947,California
Placer,2021-01-04,628,7576,187,5975,441,1601,0,0,628,7575,0,0,628,7575,California
Placer,2021-01-05,725,8301,160,6135,565,2166,0,0,637,8126,87,87,638,8213,California
Placer,2021-01-06,765,9066,245,6380,520,2686,0,0,615,8591,150,237,615,8828,California
Placer,2021-01-07,985,10051,371,6751,614,3300,0,0,757,9120,228,465,757,9585,California
Placer,2021-01-08,1186,11237,534,7285,652,3952,0,0,789,9515,394,859,789,10374,California
Placer,2021-01-09,459,11696,325,7610,134,4086,0,0,239,9535,219,1078,239,10613,California
Placer,2021-01-10,335,12031,186,7796,149,4235,0,0,167,9534,168,1246,167,10780,California
Placer,2021-01-11,1438,13469,815,8611,623,4858,0,0,841,9779,597,1843,842,11622,California
Placer,2021-01-12,1661,15130,873,9484,788,5646,0,0,1062,10243,598,2441,1062,12684,California
Placer,2021-01-13,1648,16778,828,10312,820,6466,0,0,1221,11042,425,2866,1224,13908,California
Placer,2021-01-14,1820,18598,695,11007,1125,7591,0,0,1434,12094,383,3249,1435,15343,California
Placer,2021-01-15,1940,20538,733,11740,1207,8798,0,0,1583,13322,356,3605,1584,16927,California
Placer,2021-01-16,1445,21983,716,12456,729,9527,0,0,1322,14522,123,3728,1323,18250,California
Placer,2021-01-17,579,22562,398,12854,181,9708,0,0,438,14819,141,3869,438,18688,California
Placer,2021-01-18,992,23554,555,13409,437,10145,0,0,748,15324,244,4113,749,19437,California
Placer,2021-01-19,2641,26195,1979,15388,662,10807,0,0,2185,17054,456,4569,2186,21623,California
Placer,2021-01-20,2312,28507,1730,17118,582,11389,0,0,1970,18683,342,4911,1971,23594,California
Placer,2021-01-21,2604,31111,1153,18271,1451,12840,0,0,2198,20478,404,5315,2199,25793,California
Placer,2021-01-22,2370,33481,655,18926,1715,14555,0,0,2194,22499,174,5489,2195,27988,California
Placer,2021-01-23,1187,34668,385,19311,802,15357,0,0,1027,23366,160,5649,1027,29015,California
Placer,2021-01-24,499,35167,251,19562,248,15605,0,0,428,23723,71,5720,428,29443,California
Placer,2021-01-25,1694,36861,817,20379,877,16482,0,0,1399,24828,295,6015,1400,30843,California
Placer,2021-01-26,1870,38731,1037,21416,833,17315,0,0,1603,26164,267,6282,1603,32446,California
Placer,2021-01-27,1831,40562,1149,22565,682,17997,0,0,1582,27500,247,6529,1583,34029,California
Placer,2021-01-28,1810,42372,1122,23687,688,18685,0,0,1564,28820,244,6773,1564,35593,California
Placer,2021-01-29,1897,44269,1172,24859,725,19410,0,0,1700,30325,196,6969,1701,37294,California
Placer,2021-01-30,1707,45976,958,25817,749,20159,0,0,1586,31791,120,7089,1586,38880,California
Placer,2021-01-31,781,46757,621,26438,160,20319,0,0,709,32429,72,7161,710,39590,California
Placer,2021-02-01,2092,48849,1094,27532,998,21317,0,0,1773,33884,318,7479,1773,41363,California
Placer,2021-02-02,2397,51246,1546,29078,851,22168,0,0,1900,35290,494,7973,1900,43263,California
Placer,2021-02-03,2938,54184,1902,30980,1036,23204,0,0,2308,36972,626,8599,2308,45571,California
Placer,2021-02-04,2737,56921,1183,32163,1554,24758,0,0,1905,38052,828,9427,1908,47479,California
Placer,2021-02-05,2698,59619,1210,33373,1488,26246,0,0,1358,38077,1335,10762,1360,48839,California
Placer,2021-02-06,1942,61561,1310,34683,632,26878,0,0,1395,38925,547,11309,1395,50234,California
Placer,2021-02-07,1162,62723,853,35536,309,27187,0,0,875,39514,286,11595,875,51109,California
Placer,2021-02-08,3289,66012,1762,37298,1527,28714,0,0,1918,40070,1364,12959,1920,53029,California
Placer,2021-02-09,3555,69567,2184,39482,1371,30085,0,0,1621,39760,1931,14890,1621,54650,California
Placer,2021-02-10,3755,73322,2205,41687,1550,31635,0,0,1736,39483,2016,16906,1739,56389,California
Placer,2021-02-11,3696,77018,1910,43597,1786,33421,0,0,1553,38907,2130,19036,1554,57943,California
Placer,2021-02-12,2835,79853,1325,44922,1510,34931,0,0,1651,39411,1148,20184,1652,59595,California
Placer,2021-02-13,2485,82338,1450,46372,1035,35966,0,0,1867,40660,618,20802,1867,61462,California
Placer,2021-02-14,1087,83425,675,47047,412,36378,0,0,736,41047,349,21151,736,62198,California
Placer,2021-02-15,2228,85653,1024,48071,1204,37582,0,0,1517,41855,711,21862,1519,63717,California
Placer,2021-02-16,3547,89200,1766,49837,1781,39363,0,0,1556,41430,1982,23844,1557,65274,California
Placer,2021-02-17,3534,92734,1954,51791,1580,40943,0,0,1497,40894,2033,25877,1497,66771,California
Placer,2021-02-18,3812,96546,2060,53851,1752,42695,0,0,1612,40317,2190,28067,1613,68384,California
Placer,2021-02-19,3624,100170,1929,55780,1695,44390,0,0,1349,39396,2271,30338,1350,69734,California
Placer,2021-02-20,2025,102195,1263,57043,762,45152,0,0,924,39229,1094,31432,927,70661,California
Placer,2021-02-21,1001,103196,735,57778,266,45418,0,0,290,38812,708,32140,291,70952,California
Placer,2021-02-22,2533,105729,1770,59548,763,46181,0,0,605,37489,1928,34068,605,71557,California
Placer,2021-02-23,2592,108321,1620,61168,972,47153,0,0,899,36696,1692,35760,899,72456,California
Placer,2021-02-24,3321,111642,1175,62343,2146,49299,0,0,1823,37031,1490,37250,1825,74281,California
Placer,2021-02-25,3727,115369,1529,63872,2198,51497,0,0,2052,37419,1667,38917,2055,76336,California
Placer,2021-02-26,4253,119622,2464,66336,1789,53286,0,0,2460,38091,1789,40706,2461,78797,California
Placer,2021-02-27,2876,122498,1527,67863,1349,54635,0,0,1483,38189,1387,42093,1485,80282,California
Placer,2021-02-28,1523,124021,827,68690,696,55331,0,0,722,38115,796,42889,722,81004,California
Placer,2021-03-01,3195,127216,2123,70813,1072,56403,0,0,1623,38174,1564,44453,1623,82627,California
Placer,2021-03-02,2889,130105,1784,72597,1105,57508,0,0,1893,39081,986,45439,1893,84520,California
Placer,2021-03-03,3373,133478,1476,74073,1897,59405,0,0,1843,39401,1524,46963,1844,86364,California
Placer,2021-03-04,3598,137076,1447,75520,2151,61556,0,0,1881,39577,1706,48669,1882,88246,California
Placer,2021-03-05,2953,140029,1008,76528,1925,63481,20,20,1788,40223,1162,49831,1808,90054,California
Placer,2021-03-06,2428,142457,1508,78036,823,64304,97,117,929,39758,1491,51322,1026,91080,California
Placer,2021-03-07,1325,143782,771,78807,514,64818,40,157,553,39582,769,52091,593,91673,California
Placer,2021-03-08,2881,146663,1815,80622,955,65773,111,268,1643,40100,1236,53327,1754,93427,California
Placer,2021-03-09,3173,149836,1700,82322,1389,67162,84,352,1845,40703,1326,54653,1929,95356,California
Placer,2021-03-10,3297,153133,1330,83652,1864,69026,103,455,1733,40981,1558,56211,1836,97192,California
Placer,2021-03-11,3636,156769,1652,85304,1857,70883,127,582,1750,40983,1877,58088,1879,99071,California
Placer,2021-03-12,3694,160463,1494,86798,1421,72304,779,1361,1262,40605,2421,60509,2043,101114,California
Placer,2021-03-13,2140,162603,750,87548,1267,73571,123,1484,1121,40833,1016,61525,1244,102358,California
Placer,2021-03-14,1662,164265,683,88231,826,74397,153,1637,901,41127,760,62285,1054,103412,California
Placer,2021-03-15,3225,167490,1553,89784,1542,75939,130,1767,1784,41605,1437,63722,1915,105327,California
Placer,2021-03-16,3602,171092,1945,91729,1522,77461,135,1902,2283,42717,1306,65028,2418,107745,California
Placer,2021-03-17,3501,174593,1769,93498,1628,79089,104,2006,2255,43834,1243,66271,2360,110105,California
Placer,2021-03-18,4107,178700,2341,95839,1727,80816,39,2045,2869,45510,1231,67502,2907,113012,California
Placer,2021-03-19,3459,182159,2074,97913,1119,81935,266,2311,2147,46617,1304,68806,2411,115423,California
Placer,2021-03-20,2185,184344,934,98847,1164,83099,87,2398,1341,47206,838,69644,1427,116850,California
Placer,2021-03-21,1268,185612,582,99429,676,83775,10,2408,881,47713,384,70028,891,117741,California
Placer,2021-03-22,3319,188931,2128,101557,1098,84873,93,2501,2153,48797,1162,71190,2246,119987,California
Placer,2021-03-23,3554,192485,2110,103667,1355,86228,89,2590,2536,50409,1013,72203,2625,122612,California
Placer,2021-03-24,3814,196299,1994,105661,1719,87947,101,2691,1928,50574,1866,74069,2031,124643,California
Placer,2021-03-25,3858,200157,1854,107515,1907,89854,97,2788,1721,50265,2126,76195,1817,126460,California
Placer,2021-03-26,3753,203910,1652,109167,1871,91725,230,3018,1503,49763,2235,78430,1733,128193,California
Placer,2021-03-27,1577,205487,470,109637,1088,92813,19,3037,606,49423,964,79394,624,128817,California
Placer,2021-03-28,1100,206587,534,110171,557,93370,9,3046,308,48953,787,80181,317,129134,California
Placer,2021-03-29,3565,210152,2002,112173,1526,94896,37,3083,1738,48912,1818,81999,1777,130911,California
Placer,2021-03-30,3985,214137,2108,114281,1833,96729,44,3127,2081,49146,1890,83889,2124,133035,California
Placer,2021-03-31,4108,218245,1836,116117,2196,98925,76,3203,1676,48472,2425,86314,1751,134786,California
Placer,2021-04-01,2972,221217,1436,117553,1487,100412,49,3252,1652,48859,1314,87628,1701,136487,California
Placer,2021-04-02,2836,224053,1477,119030,1293,101705,66,3318,1579,49252,1251,88879,1644,138131,California
Placer,2021-04-03,1839,225892,988,120018,723,102428,128,3446,886,49319,945,89824,1012,139143,California
Placer,2021-04-04,710,226602,361,120379,295,102723,54,3500,283,49233,423,90247,337,139480,California
Placer,2021-04-05,3009,229611,1902,122281,924,103647,183,3683,1747,49905,1257,91504,1929,141409,California
Placer,2021-04-06,4300,233911,2493,124774,1507,105154,300,3983,1518,48948,2774,94278,1817,143226,California
Placer,2021-04-07,4573,238484,2615,127389,1498,106652,460,4443,2068,48974,2498,96776,2524,145750,California
Placer,2021-04-08,4736,243220,2633,130022,1568,108220,535,4978,1583,47948,3142,99918,2116,147866,California
Placer,2021-04-09,4137,247357,2277,132299,1239,109459,621,5599,1240,46922,2889,102807,1863,149729,California
Placer,2021-04-10,2054,249411,903,133202,967,110426,184,5783,868,46790,1183,103990,1051,150780,California
Placer,2021-04-11,1369,250780,532,133734,807,111233,30,5813,457,46368,908,104898,486,151266,California
Placer,2021-04-12,4120,254900,2656,136390,1078,112311,386,6199,2462,47567,1649,106547,2848,154114,California
Placer,2021-04-13,4385,259285,3019,139409,1365,113676,1,6200,2223,47635,2157,108704,2225,156339,California
Placer,2021-04-14,4187,263472,2580,141989,1606,115282,1,6201,1876,47210,2301,111005,1876,158215,California
Placer,2021-04-15,4514,267986,2520,144509,1993,117275,1,6202,2369,47445,2135,113140,2370,160585,California
Placer,2021-04-16,3686,271672,2186,146695,1500,118775,0,6202,1436,46638,2244,115384,1437,162022,California
Placer,2021-04-17,2444,274116,850,147545,1594,120369,0,6202,1524,47247,915,116299,1524,163546,California
Placer,2021-04-18,1199,275315,261,147806,938,121307,0,6202,411,46872,786,117085,411,163957,California
Placer,2021-04-19,2961,278276,1820,149626,1141,122448,0,6202,1163,46243,1793,118878,1164,165121,California
Placer,2021-04-20,3843,282119,2489,152115,1354,123802,0,6202,2433,47277,1400,120278,2434,167555,California
Placer,2021-04-21,3665,285784,2395,154510,1269,125071,1,6203,2391,48398,1271,121549,2392,169947,California
Placer,2021-04-22,3666,289450,2275,156785,1391,126462,0,6203,1742,48219,1921,123470,1742,171689,California
Placer,2021-04-23,3512,292962,2321,159106,1190,127652,1,6204,1368,47451,2137,125607,1369,173058,California
Placer,2021-04-24,2083,295045,1267,160373,815,128467,1,6205,1209,47795,865,126472,1209,174267,California
Placer,2021-04-25,900,295945,499,160872,401,128868,0,6205,554,48003,346,126818,554,174821,California
Placer,2021-04-26,2480,298425,1323,162195,1134,130002,23,6228,1215,47985,1255,128073,1237,176058,California
Placer,2021-04-27,2735,301160,1433,163628,1252,131254,50,6278,1554,48413,1177,129250,1605,177663,California
Placer,2021-04-28,3007,304167,1888,165516,1083,132337,36,6314,1602,48657,1395,130645,1639,179302,California
Placer,2021-04-29,3373,307540,2195,167711,1125,133462,53,6367,1407,48157,1960,132605,1460,180762,California
Placer,2021-04-30,2969,310509,1800,169511,1120,134582,49,6416,1185,47613,1778,134383,1234,181996,California
Placer,2021-05-01,1325,311834,927,170438,371,134953,27,6443,596,47512,723,135106,622,182618,California
Placer,2021-05-02,731,312565,573,171011,136,135089,22,6465,333,47471,396,135502,355,182973,California
Placer,2021-05-03,1594,314159,978,171989,548,135637,68,6533,431,46809,1160,136662,498,183471,California
Placer,2021-05-04,2308,316467,1300,173289,845,136482,163,6696,868,46407,1433,138095,1031,184502,California
Placer,2021-05-05,3677,320144,2490,175779,1086,137568,101,6797,967,44772,2703,140798,1068,185570,California
Placer,2021-05-06,3079,323223,1890,177669,1111,138679,78,6875,799,43393,2256,143054,877,186447,California
Placer,2021-05-07,2811,326034,1900,179569,819,139498,92,6967,797,42279,2003,145057,889,187336,California
Placer,2021-05-08,1320,327354,709,180278,570,140068,41,7008,391,41781,928,145985,430,187766,California
Placer,2021-05-09,434,327788,203,180481,211,140279,20,7028,212,41791,222,146207,232,187998,California
Placer,2021-05-10,1917,329705,1024,181505,798,141077,95,7123,428,40830,1484,147691,523,188521,California
Placer,2021-05-11,2916,332621,2082,183587,720,141797,114,7237,615,39268,2291,149982,729,189250,California
Placer,2021-05-12,2889,335510,1996,185583,836,142633,57,7294,734,37913,2148,152130,793,190043,California
Placer,2021-05-13,2858,338368,1851,187434,959,143592,48,7342,1037,37178,1819,153949,1084,191127,California
Placer,2021-05-14,2830,341198,1866,189300,829,144421,135,7477,1403,37298,1412,155361,1532,192659,California
Placer,2021-05-15,2090,343288,1352,190652,714,145135,24,7501,929,37097,1154,156515,953,193612,California
Placer,2021-05-16,1014,344302,529,191181,466,145601,19,7520,350,36804,662,157177,369,193981,California
Placer,2021-05-17,2358,346660,1573,192754,712,146313,73,7593,1026,36575,1328,158505,1099,195080,California
Placer,2021-05-18,2486,349146,1678,194432,730,147043,78,7671,1132,36435,1350,159855,1210,196290,California
Placer,2021-05-19,2535,351681,1600,196032,890,147933,45,7716,893,35736,1637,161492,938,197228,California
Placer,2021-05-20,2533,354214,1642,197674,843,148776,48,7764,890,35039,1635,163127,938,198166,California
Placer,2021-05-21,2453,356667,1534,199208,772,149548,147,7911,1091,34920,1354,164481,1235,199401,California
Placer,2021-05-22,1601,358268,1058,200266,500,150048,43,7954,764,34895,832,165313,807,200208,California
Placer,2021-05-23,580,358848,332,200598,233,150281,15,7969,270,34872,309,165622,286,200494,California
Placer,2021-05-24,1481,360329,739,201337,608,150889,134,8103,428,34385,1049,166671,562,201056,California
Placer,2021-05-25,1781,362110,942,202279,743,151632,96,8199,648,34003,1126,167797,744,201800,California
Placer,2021-05-26,1578,363688,908,203187,629,152261,41,8240,617,33706,956,168753,659,202459,California
Placer,2021-05-27,1440,365128,713,203900,684,152945,43,8283,663,33643,769,169522,706,203165,California
Placer,2021-05-28,1699,366827,858,204758,743,153688,98,8381,737,33521,957,170479,835,204000,California
Placer,2021-05-29,740,367567,401,205159,308,153996,31,8412,381,33577,355,170834,411,204411,California
Placer,2021-05-30,336,367903,229,205388,93,154089,14,8426,216,33688,119,170953,230,204641,California
Placer,2021-05-31,146,368049,68,205456,61,154150,17,8443,29,33617,116,171069,45,204686,California
Placer,2021-06-01,1681,369730,884,206340,724,154874,73,8516,634,33282,1042,172111,707,205393,California
Placer,2021-06-02,1517,371247,766,207106,683,155557,68,8584,489,32812,1027,173138,557,205950,California
Placer,2021-06-03,1701,372948,1035,208141,607,156164,59,8643,433,32040,1263,174401,491,206441,California
Placer,2021-06-04,1878,374826,1333,209474,491,156655,54,8697,465,31153,1404,175805,517,206958,California
Placer,2021-06-05,1091,375917,776,210250,274,156929,41,8738,277,30661,810,176615,318,207276,California
Placer,2021-06-06,481,376398,344,210594,120,157049,17,8755,123,30444,357,176972,140,207416,California
Placer,2021-06-07,1053,377451,719,211313,262,157311,72,8827,228,29920,822,177794,298,207714,California
Placer,2021-06-08,1738,379189,1324,212637,365,157676,49,8876,437,29107,1298,179092,485,208199,California
Placer,2021-06-09,1176,380365,852,213489,270,157946,54,8930,266,28521,907,179999,321,208520,California
Placer,2021-06-10,1239,381604,860,214349,313,158259,66,8996,310,27969,926,180925,374,208894,California
Placer,2021-06-11,1484,383088,1068,215417,357,158616,59,9055,343,27234,1136,182061,401,209295,California
Placer,2021-06-12,1018,384106,757,216174,235,158851,26,9081,222,26688,794,182855,248,209543,California
Placer,2021-06-13,396,384502,305,216479,80,158931,11,9092,103,26510,292,183147,114,209657,California
Placer,2021-06-14,770,385272,526,217005,199,159130,45,9137,236,26260,530,183677,280,209937,California
Placer,2021-06-15,1298,386570,864,217869,372,159502,62,9199,442,25911,852,184529,503,210440,California
Placer,2021-06-16,1037,387607,751,218620,231,159733,55,9254,334,25597,702,185231,388,210828,California
Placer,2021-06-17,873,388480,606,219226,232,159965,35,9289,273,25309,596,185827,308,211136,California
Placer,2021-06-18,1161,389641,765,219991,304,160269,92,9381,381,25003,779,186606,473,211609,California
Placer,2021-06-19,606,390247,435,220426,137,160406,34,9415,235,24904,367,186973,268,211877,California
Placer,2021-06-20,275,390522,226,220652,42,160448,7,9422,103,24843,170,187143,109,211986,California
Placer,2021-06-21,211,390733,104,220756,92,160540,15,9437,85,24817,126,187269,100,212086,California
Plumas,2020-12-18,3,3,3,3,0,0,0,0,3,3,0,0,3,3,California
Plumas,2020-12-19,1,4,1,4,0,0,0,0,1,4,0,0,1,4,California
Plumas,2020-12-21,45,49,45,49,0,0,0,0,45,49,0,0,45,49,California
Plumas,2020-12-22,95,144,95,144,0,0,0,0,95,144,0,0,95,144,California
Plumas,2020-12-23,50,194,50,194,0,0,0,0,50,194,0,0,50,194,California
Plumas,2020-12-24,7,201,7,201,0,0,0,0,7,201,0,0,7,201,California
Plumas,2020-12-28,9,210,1,202,8,8,0,0,9,210,0,0,9,210,California
Plumas,2020-12-29,33,243,23,225,10,18,0,0,33,243,0,0,33,243,California
Plumas,2020-12-30,24,267,2,227,22,40,0,0,24,267,0,0,24,267,California
Plumas,2020-12-31,4,271,1,228,3,43,0,0,4,271,0,0,4,271,California
Plumas,2021-01-01,1,272,0,228,1,44,0,0,1,272,0,0,1,272,California
Plumas,2021-01-02,1,273,0,228,1,45,0,0,1,273,0,0,1,273,California
Plumas,2021-01-04,10,283,3,231,7,52,0,0,10,283,0,0,10,283,California
Plumas,2021-01-05,23,306,1,232,22,74,0,0,23,306,0,0,23,306,California
Plumas,2021-01-06,119,425,4,236,115,189,0,0,119,425,0,0,119,425,California
Plumas,2021-01-07,52,477,2,238,50,239,0,0,51,475,1,1,51,476,California
Plumas,2021-01-08,11,488,4,242,7,246,0,0,8,480,3,4,8,484,California
Plumas,2021-01-09,1,489,1,243,0,246,0,0,0,479,1,5,0,484,California
Plumas,2021-01-11,59,548,50,293,9,255,0,0,12,444,47,52,12,496,California
Plumas,2021-01-12,157,705,88,381,69,324,0,0,71,429,86,138,71,567,California
Plumas,2021-01-13,56,761,51,432,5,329,0,0,9,391,47,185,9,576,California
Plumas,2021-01-14,98,859,15,447,83,412,0,0,92,477,6,191,92,668,California
Plumas,2021-01-15,61,920,7,454,54,466,0,0,59,534,2,193,59,727,California
Plumas,2021-01-16,57,977,1,455,56,522,0,0,57,591,0,193,57,784,California
Plumas,2021-01-18,2,979,1,456,1,523,0,0,2,593,0,193,2,786,California
Plumas,2021-01-19,38,1017,6,462,32,555,0,0,33,621,5,198,33,819,California
Plumas,2021-01-20,140,1157,4,466,136,691,0,0,136,753,4,202,136,955,California
Plumas,2021-01-21,113,1270,2,468,111,802,0,0,113,866,0,202,113,1068,California
Plumas,2021-01-22,4,1274,1,469,3,805,0,0,4,870,0,202,4,1072,California
Plumas,2021-01-23,96,1370,2,471,94,899,0,0,96,966,0,202,96,1168,California
Plumas,2021-01-24,1,1371,1,472,0,899,0,0,1,967,0,202,1,1169,California
Plumas,2021-01-25,9,1380,6,478,3,902,0,0,7,972,2,204,7,1176,California
Plumas,2021-01-26,62,1442,2,480,60,962,0,0,54,1018,8,212,54,1230,California
Plumas,2021-01-27,27,1469,21,501,6,968,0,0,7,1005,20,232,7,1237,California
Plumas,2021-01-28,27,1496,2,503,25,993,0,0,25,1028,2,234,25,1262,California
Plumas,2021-01-29,8,1504,2,505,6,999,0,0,7,1034,1,235,7,1269,California
Plumas,2021-01-30,7,1511,3,508,4,1003,0,0,6,1039,1,236,6,1275,California
Plumas,2021-01-31,3,1514,3,511,0,1003,0,0,3,1042,0,236,3,1278,California
Plumas,2021-02-01,21,1535,3,514,18,1021,0,0,12,1045,9,245,12,1290,California
Plumas,2021-02-02,25,1560,4,518,21,1042,0,0,5,1030,20,265,5,1295,California
Plumas,2021-02-03,125,1685,8,526,117,1159,0,0,14,934,110,375,14,1309,California
Plumas,2021-02-04,102,1787,9,535,93,1252,0,0,23,878,79,454,23,1332,California
Plumas,2021-02-05,28,1815,13,548,15,1267,0,0,13,876,15,469,13,1345,California
Plumas,2021-02-06,8,1823,1,549,7,1274,0,0,8,884,0,469,8,1353,California
Plumas,2021-02-08,15,1838,5,554,10,1284,0,0,2,873,13,482,2,1355,California
Plumas,2021-02-09,173,2011,3,557,170,1454,0,0,112,924,61,543,112,1467,California
Plumas,2021-02-10,109,2120,8,565,101,1555,0,0,103,1022,6,549,104,1571,California
Plumas,2021-02-11,343,2463,5,570,338,1893,0,0,283,1245,60,609,283,1854,California
Plumas,2021-02-12,124,2587,4,574,120,2013,0,0,119,1359,5,614,119,1973,California
Plumas,2021-02-13,76,2663,7,581,69,2082,0,0,17,1317,59,673,17,1990,California
Plumas,2021-02-14,9,2672,5,586,4,2086,0,0,9,1326,0,673,9,1999,California
Plumas,2021-02-15,27,2699,5,591,22,2108,0,0,24,1347,3,676,24,2023,California
Plumas,2021-02-16,80,2779,5,596,75,2183,0,0,16,1299,64,740,16,2039,California
Plumas,2021-02-17,153,2932,5,601,148,2331,0,0,12,1170,141,881,12,2051,California
Plumas,2021-02-18,135,3067,8,609,127,2458,0,0,23,1082,112,993,24,2075,California
Plumas,2021-02-19,42,3109,6,615,36,2494,0,0,8,1056,34,1027,8,2083,California
Plumas,2021-02-20,106,3215,7,622,99,2593,0,0,13,976,93,1120,13,2096,California
Plumas,2021-02-21,5,3220,4,626,1,2594,0,0,2,975,3,1123,2,2098,California
Plumas,2021-02-22,5,3225,2,628,3,2597,0,0,1,972,4,1127,1,2099,California
Plumas,2021-02-23,27,3252,5,633,22,2619,0,0,17,979,10,1137,17,2116,California
Plumas,2021-02-24,478,3730,7,640,471,3090,0,0,465,1431,13,1150,465,2581,California
Plumas,2021-02-25,242,3972,13,653,229,3319,0,0,175,1539,67,1217,175,2756,California
Plumas,2021-02-26,267,4239,9,662,258,3577,0,0,257,1787,10,1227,258,3014,California
Plumas,2021-02-27,42,4281,4,666,38,3615,0,0,34,1813,8,1235,34,3048,California
Plumas,2021-02-28,4,4285,0,666,4,3619,0,0,4,1817,0,1235,4,3052,California
Plumas,2021-03-01,24,4309,5,671,19,3638,0,0,14,1822,9,1244,14,3066,California
Plumas,2021-03-02,11,4320,1,672,10,3648,0,0,7,1826,3,1247,7,3073,California
Plumas,2021-03-03,178,4498,9,681,169,3817,0,0,163,1974,15,1262,163,3236,California
Plumas,2021-03-04,250,4748,7,688,243,4060,0,0,230,2184,20,1282,230,3466,California
Plumas,2021-03-05,398,5146,5,693,388,4448,5,5,387,2565,11,1293,392,3858,California
Plumas,2021-03-06,21,5167,4,697,9,4457,8,13,3,2558,18,1311,11,3869,California
Plumas,2021-03-07,13,5180,2,699,2,4459,9,22,3,2560,10,1321,12,3881,California
Plumas,2021-03-08,33,5213,3,702,5,4464,25,47,5,2563,28,1349,31,3912,California
Plumas,2021-03-09,134,5347,4,706,115,4579,15,62,18,2480,116,1465,33,3945,California
Plumas,2021-03-10,300,5647,4,710,282,4861,14,76,110,2415,189,1654,124,4069,California
Plumas,2021-03-11,190,5837,10,720,175,5036,5,81,154,2538,36,1690,159,4228,California
Plumas,2021-03-12,597,6434,7,727,303,5339,287,368,25,2278,572,2262,312,4540,California
Plumas,2021-03-13,27,6461,5,732,11,5350,11,379,6,2274,21,2283,17,4557,California
Plumas,2021-03-14,13,6474,3,735,5,5355,5,384,1,2269,11,2294,6,4563,California
Plumas,2021-03-15,35,6509,2,737,26,5381,7,391,7,2255,28,2322,14,4577,California
Plumas,2021-03-16,62,6571,3,740,58,5439,1,392,49,2293,12,2334,50,4627,California
Plumas,2021-03-17,71,6642,7,747,63,5502,1,393,56,2336,14,2348,57,4684,California
Plumas,2021-03-18,62,6704,6,753,40,5542,16,409,12,2314,50,2398,28,4712,California
Plumas,2021-03-19,162,6866,4,757,156,5698,2,411,154,2465,6,2404,157,4869,California
Plumas,2021-03-20,712,7578,4,761,707,6405,1,412,690,3136,20,2424,691,5560,California
Plumas,2021-03-21,2,7580,1,762,1,6406,0,412,1,3137,0,2424,1,5561,California
Plumas,2021-03-22,202,7782,2,764,200,6606,0,412,195,3325,7,2431,195,5756,California
Plumas,2021-03-23,29,7811,2,766,26,6632,1,413,14,3325,15,2446,15,5771,California
Plumas,2021-03-24,695,8506,5,771,689,7321,1,414,237,3107,457,2903,239,6010,California
Plumas,2021-03-25,311,8817,8,779,301,7622,2,416,167,3130,144,3047,167,6177,California
Plumas,2021-03-26,315,9132,8,787,306,7928,1,417,46,2909,268,3315,47,6224,California
Plumas,2021-03-27,12,9144,1,788,10,7938,1,418,3,2904,9,3324,4,6228,California
Plumas,2021-03-28,9,9153,3,791,5,7943,1,419,4,2904,5,3329,5,6233,California
Plumas,2021-03-29,11,9164,3,794,7,7950,1,420,3,2900,8,3337,4,6237,California
Plumas,2021-03-30,184,9348,4,798,176,8126,4,424,27,2774,157,3494,31,6268,California
Plumas,2021-03-31,295,9643,3,801,290,8416,2,426,272,3025,23,3517,274,6542,California
Plumas,2021-04-01,311,9954,14,815,294,8710,3,429,63,2845,245,3762,65,6607,California
Plumas,2021-04-02,378,10332,3,818,371,9081,4,433,29,2541,337,4099,33,6640,California
Plumas,2021-04-03,13,10345,2,820,5,9086,6,439,2,2538,11,4110,8,6648,California
Plumas,2021-04-04,3,10348,1,821,1,9087,1,440,0,2536,3,4113,1,6649,California
Plumas,2021-04-05,16,10364,6,827,8,9095,2,442,4,2531,11,4124,6,6655,California
Plumas,2021-04-06,137,10501,7,834,103,9198,27,469,17,2455,120,4244,44,6699,California
Plumas,2021-04-07,293,10794,9,843,101,9299,183,652,29,2403,264,4508,212,6911,California
Plumas,2021-04-08,157,10951,3,846,134,9433,20,672,38,2341,119,4627,57,6968,California
Plumas,2021-04-09,49,11000,8,854,24,9457,17,689,17,2342,32,4659,33,7001,California
Plumas,2021-04-10,22,11022,1,855,4,9461,17,706,3,2343,19,4678,20,7021,California
Plumas,2021-04-11,4,11026,3,858,0,9461,1,707,3,2346,1,4679,4,7025,California
Plumas,2021-04-12,12,11038,4,862,5,9466,3,710,6,2349,6,4685,9,7034,California
Plumas,2021-04-13,222,11260,5,867,217,9683,0,710,156,2439,66,4751,156,7190,California
Plumas,2021-04-14,109,11369,6,873,103,9786,0,710,55,2441,53,4804,55,7245,California
Plumas,2021-04-15,55,11424,3,876,52,9838,0,710,35,2457,19,4823,35,7280,California
Plumas,2021-04-16,144,11568,3,879,141,9979,0,710,3,2319,141,4964,3,7283,California
Plumas,2021-04-17,685,12253,2,881,683,10662,0,710,19,1675,663,5627,19,7302,California
Plumas,2021-04-18,3,12256,3,884,0,10662,0,710,0,1672,3,5630,0,7302,California
Plumas,2021-04-19,38,12294,2,886,36,10698,0,710,5,1644,33,5663,5,7307,California
Plumas,2021-04-20,46,12340,5,891,41,10739,0,710,29,1657,16,5679,29,7336,California
Plumas,2021-04-21,341,12681,5,896,335,11074,1,711,16,1348,325,6004,16,7352,California
Plumas,2021-04-22,282,12963,7,903,275,11349,0,711,134,1334,148,6152,134,7486,California
Plumas,2021-04-23,72,13035,3,906,69,11418,0,711,16,1294,56,6208,16,7502,California
Plumas,2021-04-24,170,13205,4,910,166,11584,0,711,144,1413,25,6233,144,7646,California
Plumas,2021-04-26,30,13235,3,913,27,11611,0,711,8,1400,21,6254,8,7654,California
Plumas,2021-04-27,108,13343,4,917,104,11715,0,711,69,1430,39,6293,69,7723,California
Plumas,2021-04-28,288,13631,5,922,283,11998,0,711,38,1220,248,6541,38,7761,California
Plumas,2021-04-29,173,13804,68,990,105,12103,0,711,119,1285,54,6595,119,7880,California
Plumas,2021-04-30,20,13824,9,999,11,12114,0,711,5,1275,15,6610,5,7885,California
Plumas,2021-05-01,5,13829,1,1000,3,12117,1,712,1,1275,2,6612,2,7887,California
Plumas,2021-05-02,4,13833,4,1004,0,12117,0,712,2,1275,2,6614,2,7889,California
Plumas,2021-05-03,19,13852,5,1009,7,12124,7,719,5,1275,12,6626,12,7901,California
Plumas,2021-05-04,34,13886,5,1014,21,12145,8,727,19,1288,14,6640,27,7928,California
Plumas,2021-05-05,50,13936,3,1017,46,12191,1,728,24,1287,26,6666,25,7953,California
Plumas,2021-05-06,67,14003,1,1018,61,12252,5,733,21,1267,46,6712,26,7979,California
Plumas,2021-05-07,22,14025,5,1023,16,12268,1,734,8,1262,14,6726,9,7988,California
Plumas,2021-05-08,7,14032,0,1023,4,12272,3,737,4,1266,3,6729,7,7995,California
Plumas,2021-05-09,1,14033,0,1023,0,12272,1,738,0,1266,1,6730,1,7996,California
Plumas,2021-05-10,50,14083,0,1023,28,12300,22,760,24,1286,26,6756,46,8042,California
Plumas,2021-05-11,179,14262,2,1025,158,12458,19,779,15,1156,164,6920,34,8076,California
Plumas,2021-05-12,100,14362,1,1026,91,12549,8,787,36,1137,63,6983,44,8120,California
Plumas,2021-05-13,39,14401,3,1029,34,12583,2,789,14,1128,25,7008,16,8136,California
Plumas,2021-05-14,20,14421,3,1032,12,12595,5,794,9,1131,11,7019,14,8150,California
Plumas,2021-05-15,11,14432,4,1036,4,12599,3,797,4,1131,7,7026,7,8157,California
Plumas,2021-05-16,1,14433,1,1037,0,12599,0,797,1,1132,0,7026,1,8158,California
Plumas,2021-05-17,14,14447,0,1037,5,12604,9,806,4,1135,10,7036,13,8171,California
Plumas,2021-05-18,48,14495,8,1045,39,12643,1,807,26,1140,22,7058,27,8198,California
Plumas,2021-05-19,51,14546,4,1049,30,12673,17,824,13,1133,38,7096,31,8229,California
Plumas,2021-05-20,192,14738,136,1185,45,12718,11,835,80,1113,111,7207,91,8320,California
Plumas,2021-05-21,28,14766,7,1192,14,12732,7,842,13,1118,15,7222,20,8340,California
Plumas,2021-05-22,137,14903,2,1194,135,12867,0,842,7,997,128,7350,7,8347,California
Plumas,2021-05-23,2,14905,2,1196,0,12867,0,842,0,995,2,7352,0,8347,California
Plumas,2021-05-24,50,14955,36,1232,13,12880,1,843,41,1029,8,7360,42,8389,California
Plumas,2021-05-25,82,15037,3,1235,78,12958,1,844,17,982,65,7425,18,8407,California
Plumas,2021-05-26,42,15079,6,1241,28,12986,8,852,17,982,25,7450,25,8432,California
Plumas,2021-05-27,101,15180,25,1266,63,13049,13,865,41,977,59,7509,54,8486,California
Plumas,2021-05-28,41,15221,14,1280,25,13074,2,867,21,981,19,7528,23,8509,California
Plumas,2021-05-29,8,15229,0,1280,8,13082,0,867,6,986,2,7530,7,8516,California
Plumas,2021-05-30,1,15230,0,1280,1,13083,0,867,0,986,0,7530,0,8516,California
Plumas,2021-05-31,7,15237,0,1280,4,13087,3,870,0,984,5,7535,3,8519,California
Plumas,2021-06-01,34,15271,8,1288,20,13107,6,876,9,975,25,7560,16,8535,California
Plumas,2021-06-02,66,15337,5,1293,38,13145,23,899,12,956,54,7614,35,8570,California
Plumas,2021-06-03,67,15404,17,1310,40,13185,10,909,28,955,39,7653,38,8608,California
Plumas,2021-06-04,14,15418,3,1313,10,13195,1,910,8,959,5,7658,9,8617,California
Plumas,2021-06-05,7,15425,3,1316,4,13199,0,910,2,956,5,7663,2,8619,California
Plumas,2021-06-06,3,15428,1,1317,2,13201,0,910,0,953,3,7666,0,8619,California
Plumas,2021-06-07,38,15466,5,1322,25,13226,8,918,9,941,29,7695,17,8636,California
Plumas,2021-06-08,31,15497,9,1331,20,13246,2,920,8,928,23,7718,10,8646,California
Plumas,2021-06-09,42,15539,5,1336,34,13280,3,923,9,907,33,7751,12,8658,California
Plumas,2021-06-10,37,15576,15,1351,18,13298,4,927,14,902,23,7774,18,8676,California
Plumas,2021-06-11,25,15601,13,1364,9,13307,3,930,8,896,17,7791,11,8687,California
Plumas,2021-06-12,12,15613,4,1368,7,13314,1,931,6,897,6,7797,7,8694,California
Plumas,2021-06-13,3,15616,1,1369,2,13316,0,931,3,900,0,7797,3,8697,California
Plumas,2021-06-14,96,15712,88,1457,6,13322,2,933,13,832,83,7880,15,8712,California
Plumas,2021-06-15,30,15742,7,1464,21,13343,2,935,9,822,21,7901,11,8723,California
Plumas,2021-06-16,32,15774,11,1475,12,13355,9,944,8,815,24,7925,17,8740,California
Plumas,2021-06-17,50,15824,31,1506,15,13370,4,948,11,792,38,7963,15,8755,California
Plumas,2021-06-18,35,15859,15,1521,13,13383,7,955,12,787,23,7986,18,8773,California
Plumas,2021-06-19,9,15868,2,1523,7,13390,0,955,2,782,7,7993,2,8775,California
Plumas,2021-06-21,4,15872,2,1525,2,13392,0,955,3,784,1,7994,3,8778,California
Riverside,2020-12-15,7,7,7,7,0,0,0,0,7,7,0,0,7,7,California
Riverside,2020-12-16,94,101,94,101,0,0,0,0,94,101,0,0,94,101,California
Riverside,2020-12-17,834,935,834,935,0,0,0,0,834,935,0,0,834,935,California
Riverside,2020-12-18,1787,2722,1786,2721,1,1,0,0,1787,2722,0,0,1787,2722,California
Riverside,2020-12-19,1058,3780,1055,3776,3,4,0,0,1056,3777,1,1,1056,3778,California
Riverside,2020-12-20,1115,4895,1114,4890,1,5,0,0,1115,4892,0,1,1115,4893,California
Riverside,2020-12-21,2327,7222,2325,7215,2,7,0,0,2327,7219,0,1,2327,7220,California
Riverside,2020-12-22,2288,9510,2241,9456,47,54,0,0,2288,9507,0,1,2288,9508,California
Riverside,2020-12-23,2159,11669,1813,11269,346,400,0,0,2160,11667,0,1,2160,11668,California
Riverside,2020-12-24,845,12514,639,11908,206,606,0,0,845,12512,0,1,845,12513,California
Riverside,2020-12-25,42,12556,18,11926,24,630,0,0,41,12553,0,1,41,12554,California
Riverside,2020-12-26,491,13047,270,12196,221,851,0,0,491,13044,0,1,491,13045,California
Riverside,2020-12-27,399,13446,270,12466,129,980,0,0,398,13441,1,2,398,13443,California
Riverside,2020-12-28,1711,15157,1193,13659,518,1498,0,0,1711,15152,0,2,1711,15154,California
Riverside,2020-12-29,1812,16969,1028,14687,784,2282,0,0,1812,16964,0,2,1812,16966,California
Riverside,2020-12-30,2658,19627,1731,16418,927,3209,0,0,2657,19620,1,3,2657,19623,California
Riverside,2020-12-31,1076,20703,419,16837,657,3866,0,0,1077,20696,1,4,1077,20700,California
Riverside,2021-01-01,134,20837,58,16895,76,3942,0,0,134,20830,0,4,134,20834,California
Riverside,2021-01-02,893,21730,706,17601,187,4129,0,0,893,21723,0,4,893,21727,California
Riverside,2021-01-03,358,22088,304,17905,54,4183,0,0,357,22080,0,4,357,22084,California
Riverside,2021-01-04,1305,23393,810,18715,495,4678,0,0,1304,23384,0,4,1304,23388,California
Riverside,2021-01-05,2054,25447,1410,20125,644,5322,0,0,1931,25198,117,121,1931,25319,California
Riverside,2021-01-06,2580,28027,1150,21275,1430,6752,0,0,2240,27104,334,455,2240,27559,California
Riverside,2021-01-07,2884,30911,1884,23159,1000,7752,0,0,1773,27774,1104,1559,1774,29333,California
Riverside,2021-01-08,4134,35045,2987,26146,1147,8899,0,0,2271,28187,1858,3417,2271,31604,California
Riverside,2021-01-09,2138,37183,877,27023,1261,10160,0,0,1763,29577,373,3790,1763,33367,California
Riverside,2021-01-10,1698,38881,750,27773,948,11108,0,0,1082,30043,616,4406,1082,34449,California
Riverside,2021-01-11,4617,43498,3150,30923,1467,12575,0,0,2847,31122,1769,6175,2848,37297,California
Riverside,2021-01-12,3508,47006,2775,33698,733,13308,0,0,1799,31220,1704,7879,1802,39099,California
Riverside,2021-01-13,4571,51577,2990,36688,1581,14889,0,0,2936,32525,1631,9510,2936,42035,California
Riverside,2021-01-14,5751,57328,2044,38732,3707,18596,0,0,5134,37046,615,10125,5136,47171,California
Riverside,2021-01-15,6241,63569,2057,40789,4184,22780,0,0,5907,42622,332,10457,5908,53079,California
Riverside,2021-01-16,3718,67287,1039,41828,2679,25459,0,0,3454,45813,264,10721,3455,56534,California
Riverside,2021-01-17,3662,70949,606,42434,3056,28515,0,0,3452,49057,208,10929,3452,59986,California
Riverside,2021-01-18,3880,74829,2122,44556,1758,30273,0,0,2826,50830,1054,11983,2827,62813,California
Riverside,2021-01-19,7545,82374,2689,47245,4856,35129,0,0,6401,56092,1144,13127,6406,69219,California
Riverside,2021-01-20,8392,90766,3187,50432,5205,40334,0,0,6697,61115,1680,14807,6703,75922,California
Riverside,2021-01-21,8506,99272,3515,53947,4991,45325,0,0,7830,68270,676,15483,7831,83753,California
Riverside,2021-01-22,8951,108223,3034,56981,5917,51242,0,0,8477,76278,471,15954,8479,92232,California
Riverside,2021-01-23,6087,114310,2372,59353,3715,54957,0,0,5274,80743,811,16765,5276,97508,California
Riverside,2021-01-24,3128,117438,1440,60793,1688,56645,0,0,2904,83426,222,16987,2905,100413,California
Riverside,2021-01-25,8042,125480,4597,65390,3445,60090,0,0,6878,89145,1161,18148,6880,107293,California
Riverside,2021-01-26,9242,134722,5734,71124,3508,63598,0,0,7712,95331,1527,19675,7713,115006,California
Riverside,2021-01-27,11141,145863,6443,77567,4698,68296,0,0,9503,103205,1632,21307,9506,124512,California
Riverside,2021-01-28,11752,157615,6840,84407,4912,73208,0,0,10554,112571,1190,22497,10556,135068,California
Riverside,2021-01-29,12116,169731,7321,91728,4795,78003,0,0,10720,121925,1370,23867,10724,145792,California
Riverside,2021-01-30,9218,178949,4647,96375,4571,82574,0,0,8717,130145,498,24365,8718,154510,California
Riverside,2021-01-31,5218,184167,4248,100623,970,83544,0,0,5079,135091,138,24503,5084,159594,California
Riverside,2021-02-01,11157,195324,6828,107451,4329,87873,0,0,9245,142435,1905,26408,9249,168843,California
Riverside,2021-02-02,9673,204997,4882,112333,4791,92664,0,0,8168,149117,1495,27903,8177,177020,California
Riverside,2021-02-03,12412,217409,5194,117527,7218,99882,0,0,9974,156671,2429,30332,9983,187003,California
Riverside,2021-02-04,13720,231129,6045,123572,7675,107557,0,0,11577,166120,2135,32467,11584,198587,California
Riverside,2021-02-05,14581,245710,5506,129078,9075,116632,0,0,11395,174350,3177,35644,11407,209994,California
Riverside,2021-02-06,7360,253070,4288,133366,3072,119704,0,0,5692,178384,1662,37306,5696,215690,California
Riverside,2021-02-07,2234,255304,818,134184,1416,121120,0,0,1897,179952,335,37641,1903,217593,California
Riverside,2021-02-08,12611,267915,5593,139777,7018,128138,0,0,10228,187826,2368,40009,10242,227835,California
Riverside,2021-02-09,9758,277673,4546,144323,5212,133350,0,0,7752,193600,1999,42008,7773,235608,California
Riverside,2021-02-10,12246,289919,7012,151335,5234,138584,0,0,9002,199389,3233,45241,9022,244630,California
Riverside,2021-02-11,16825,306744,9081,160416,7744,146328,0,0,12220,207062,4584,49825,12257,256887,California
Riverside,2021-02-12,17931,324675,10839,171255,7092,153420,0,0,12905,215010,4985,54810,12933,269820,California
Riverside,2021-02-13,6373,331048,2137,173392,4236,157656,0,0,3099,214881,3259,58069,3130,272950,California
Riverside,2021-02-14,5002,336050,1167,174559,3835,161491,0,0,2244,214384,2754,60823,2257,275207,California
Riverside,2021-02-15,9935,345985,5060,179619,4875,166366,0,0,5494,215466,4429,65252,5511,280718,California
Riverside,2021-02-16,16285,362270,10187,189806,6098,172464,0,0,9350,217916,6926,72178,9376,290094,California
Riverside,2021-02-17,15260,377530,8363,198169,6897,179361,0,0,7582,217888,7665,79843,7637,297731,California
Riverside,2021-02-18,15717,393247,9027,207196,6690,186051,0,0,8090,218417,7605,87448,8134,305865,California
Riverside,2021-02-19,15473,408720,8288,215484,7185,193236,0,0,7307,217604,8148,95596,7335,313200,California
Riverside,2021-02-20,8426,417146,4530,220014,3896,197132,0,0,2237,213679,6172,101768,2247,315447,California
Riverside,2021-02-21,4422,421568,3903,223917,519,197651,0,0,1263,211809,3144,104912,1274,316721,California
Riverside,2021-02-22,12460,434028,7819,231736,4641,202292,0,0,5138,209651,7307,112219,5149,321870,California
Riverside,2021-02-23,11351,445379,7700,239436,3651,205943,0,0,5527,209410,5798,118017,5557,327427,California
Riverside,2021-02-24,14934,460313,8130,247566,6804,212747,0,0,6324,207218,8572,126589,6380,333807,California
Riverside,2021-02-25,17590,477903,7489,255055,10101,222848,0,0,8143,206008,9422,136011,8212,342019,California
Riverside,2021-02-26,18946,496849,6842,261897,12104,234952,0,0,9446,206081,9440,145451,9513,351532,California
Riverside,2021-02-27,12210,509059,5652,267549,6558,241510,0,0,5803,205566,6375,151826,5860,357392,California
Riverside,2021-02-28,5003,514062,3291,270840,1712,243222,0,0,2477,205560,2514,154340,2508,359900,California
Riverside,2021-03-01,14501,528563,6181,277021,8315,251537,5,5,8507,208171,5954,160294,8565,368465,California
Riverside,2021-03-02,15565,544128,7621,284642,7943,259480,1,6,9110,210901,6433,166727,9163,377628,California
Riverside,2021-03-03,17275,561403,8560,293202,8715,268195,0,6,7511,208859,9713,176440,7671,385299,California
Riverside,2021-03-04,19007,580410,7575,300777,11427,279622,5,11,9045,208190,9918,186358,9249,394548,California
Riverside,2021-03-05,19089,599499,7675,308452,11368,290990,46,57,9442,208401,9596,195954,9807,404355,California
Riverside,2021-03-06,9620,609119,5107,313559,4031,295021,482,539,4781,208887,4826,200780,5312,409667,California
Riverside,2021-03-07,4330,613449,2795,316354,1146,296167,389,928,2026,209040,2295,203075,2448,412115,California
Riverside,2021-03-08,12113,625562,4822,321176,6881,303048,410,1338,5421,208283,6670,209745,5913,418028,California
Riverside,2021-03-09,14961,640523,6988,328164,7466,310514,507,1845,5936,205880,9002,218747,6599,424627,California
Riverside,2021-03-10,16132,656655,8655,336819,6543,317057,934,2779,6263,203446,9825,228572,7391,432018,California
Riverside,2021-03-11,19546,676201,9572,346391,8102,325159,1872,4651,7646,201335,11864,240436,9753,441771,California
Riverside,2021-03-12,21299,697500,7949,354340,8577,333736,4773,9424,7060,199303,14199,254635,12167,453938,California
Riverside,2021-03-13,8618,706118,2573,356913,4808,338544,1237,10661,4391,200831,4204,258839,5732,459670,California
Riverside,2021-03-14,4805,710923,1638,358551,1795,340339,1372,12033,2104,201630,2687,261526,3486,463156,California
Riverside,2021-03-15,18802,729725,7920,366471,9214,349553,1668,13701,9224,203107,9533,271059,11010,474166,California
Riverside,2021-03-16,21088,750813,10264,376735,10011,359564,813,14514,11443,205871,9606,280665,12370,486536,California
Riverside,2021-03-17,21562,772375,11050,387785,9451,369015,1061,15575,12911,211301,8613,289278,14043,500579,California
Riverside,2021-03-18,22824,795199,11924,399709,9221,378236,1679,17254,12597,215420,10175,299453,14294,514873,California
Riverside,2021-03-19,24269,819468,12747,412456,10551,388787,971,18225,14125,220800,10086,309539,15466,530339,California
Riverside,2021-03-20,10844,830312,6920,419376,2717,391504,1207,19432,6912,225032,3900,313439,8132,538471,California
Riverside,2021-03-21,3849,834161,2994,422370,577,392081,278,19710,2574,226635,1255,314694,2858,541329,California
Riverside,2021-03-22,16718,850879,9974,432344,6191,398272,553,20263,10627,231785,6032,320726,11182,552511,California
Riverside,2021-03-23,18670,869549,10552,442896,7693,405965,425,20688,11921,237468,6689,327415,12372,564883,California
Riverside,2021-03-24,18823,888372,10502,453398,8198,414163,123,20811,12873,244592,5897,333312,13021,577904,California
Riverside,2021-03-25,21230,909602,11712,465110,9339,423502,179,20990,14159,251950,6997,340309,14355,592259,California
Riverside,2021-03-26,24225,933827,11988,477098,12085,435587,152,21142,15035,258068,9085,349394,15203,607462,California
Riverside,2021-03-27,9387,943214,4905,482003,3428,439015,1054,22196,4840,259448,4520,353914,5900,613362,California
Riverside,2021-03-28,4804,948018,3153,485156,1558,440573,93,22289,2852,260457,1939,355853,2948,616310,California
Riverside,2021-03-29,17702,965720,8448,493604,9130,449703,124,22413,10920,264793,6732,362585,11068,627378,California
Riverside,2021-03-30,18424,984144,9589,503193,8628,458331,207,22620,11724,270072,6657,369242,11936,639314,California
Riverside,2021-03-31,18225,1002369,8468,511661,9449,467780,308,22928,11391,274998,6784,376026,11710,651024,California
Riverside,2021-04-01,25686,1028055,12548,524209,12345,480125,793,23721,16505,283195,9104,385130,17301,668325,California
Riverside,2021-04-02,26241,1054296,14107,538316,11157,491282,977,24698,16399,291017,9778,394908,17600,685925,California
Riverside,2021-04-03,9435,1063731,5981,544297,2845,494127,609,25307,6068,294348,3346,398254,6677,692602,California
Riverside,2021-04-04,3420,1067151,2071,546368,1092,495219,257,25564,1725,294645,1686,399940,1983,694585,California
Riverside,2021-04-05,18545,1085696,9494,555862,7179,502398,1872,27436,9958,297938,8545,408485,11838,706423,California
Riverside,2021-04-06,23881,1109577,12404,568266,9316,511714,2161,29597,13308,302881,10520,419005,15463,721886,California
Riverside,2021-04-07,25002,1134579,13473,581739,8992,520706,2537,32134,13897,308259,11056,430061,16434,738320,California
Riverside,2021-04-08,27639,1162218,15260,596999,9351,530057,3028,35162,16861,317431,10705,440766,19877,758197,California
Riverside,2021-04-09,26481,1188699,15557,612556,8424,538481,2500,37662,16138,325806,10294,451060,18669,776866,California
Riverside,2021-04-10,12114,1200813,6778,619334,3920,542401,1416,39078,5303,325755,6765,457825,6714,783580,California
Riverside,2021-04-11,4678,1205491,2785,622119,1261,543662,632,39710,2207,326140,2459,460284,2844,786424,California
Riverside,2021-04-12,20280,1225771,9022,631141,8593,552255,2665,42375,10130,328833,10109,470393,12802,799226,California
Riverside,2021-04-13,20233,1246004,11322,642463,8883,561138,28,42403,11598,331872,8595,478988,11634,810860,California
Riverside,2021-04-14,22441,1268445,12364,654827,10062,571200,15,42418,11021,331583,11351,490339,11062,821922,California
Riverside,2021-04-15,22269,1290714,12612,667439,9649,580849,8,42426,11800,333006,10398,500737,11821,833743,California
Riverside,2021-04-16,25328,1316042,14651,682090,10671,591520,6,42432,11774,331309,13492,514229,11795,845538,California
Riverside,2021-04-17,9999,1326041,6600,688690,3399,594919,0,42432,5037,331425,4935,519164,5051,850589,California
Riverside,2021-04-18,3931,1329972,2858,691548,1066,595985,7,42439,1849,331227,2065,521229,1867,852456,California
Riverside,2021-04-19,19699,1349671,11703,703251,7993,603978,3,42442,7103,325803,12546,533775,7122,859578,California
Riverside,2021-04-20,19080,1368751,10072,713323,8999,612977,9,42451,7811,322444,11224,544999,7865,867443,California
Riverside,2021-04-21,19957,1388708,11497,724820,8450,621427,10,42461,8037,318676,11852,556851,8084,875527,California
Riverside,2021-04-22,23334,1412042,13627,738447,9703,631130,4,42465,8715,312867,14548,571399,8739,884266,California
Riverside,2021-04-23,23355,1435397,13749,752196,9592,640722,14,42479,9147,307900,14148,585547,9181,893447,California
Riverside,2021-04-24,10518,1445915,7304,759500,3211,643933,3,42482,4816,307057,5665,591212,4822,898269,California
Riverside,2021-04-25,4255,1450170,2829,762329,1425,645358,1,42483,2209,307242,2027,593239,2212,900481,California
Riverside,2021-04-26,17145,1467315,10724,773053,6375,651733,46,42529,5837,301878,11263,604502,5899,906380,California
Riverside,2021-04-27,18369,1485684,10479,783532,7692,659425,198,42727,6384,296530,11938,616440,6590,912970,California
Riverside,2021-04-28,16566,1502250,8905,792437,7400,666825,261,42988,5581,291464,10921,627361,5855,918825,California
Riverside,2021-04-29,18795,1521045,11493,803930,6956,673781,346,43334,5419,283916,13311,640672,5763,924588,California
Riverside,2021-04-30,19885,1540930,11489,815419,8014,681795,382,43716,6418,277306,13412,654084,6802,931390,California
Riverside,2021-05-01,6819,1547749,4896,820315,1751,683546,172,43888,2349,275385,4442,658526,2521,933911,California
Riverside,2021-05-02,3383,1551132,2207,822522,967,684513,209,44097,1081,274401,2285,660811,1301,935212,California
Riverside,2021-05-03,18020,1569152,11069,833591,6459,690972,492,44589,4159,265256,13795,674606,4650,939862,California
Riverside,2021-05-04,17353,1586505,10997,844588,5898,696870,458,45047,4885,258211,12400,687006,5355,945217,California
Riverside,2021-05-05,15866,1602371,8974,853562,6527,703397,365,45412,4565,251921,11240,698246,4950,950167,California
Riverside,2021-05-06,17851,1620222,9985,863547,7455,710852,411,45823,4500,243595,13276,711522,4950,955117,California
Riverside,2021-05-07,20410,1640632,11620,875167,8352,719204,438,46261,5368,234440,14964,726486,5809,960926,California
Riverside,2021-05-08,6942,1647574,4570,879737,2109,721313,263,46524,2587,232977,4321,730807,2858,963784,California
Riverside,2021-05-09,2323,1649897,1529,881266,640,721953,154,46678,850,232525,1464,732271,1012,964796,California
Riverside,2021-05-10,10098,1659995,5168,886434,4544,726497,386,47064,2867,228604,7179,739450,3258,968054,California
Riverside,2021-05-11,13910,1673905,8349,894783,5043,731540,518,47582,3809,222927,10019,749469,4342,972396,California
Riverside,2021-05-12,12907,1686812,6585,901368,5990,737530,332,47914,4054,218512,8801,758270,4386,976782,California
Riverside,2021-05-13,15022,1701834,9116,910484,5629,743159,277,48191,5380,214592,9590,767860,5670,982452,California
Riverside,2021-05-14,17793,1719627,11214,921698,5787,748946,792,48983,6935,211532,10788,778648,7728,990180,California
Riverside,2021-05-15,9687,1729314,6933,928631,2355,751301,399,49382,4952,212177,4706,783354,5351,995531,California
Riverside,2021-05-16,3509,1732823,2553,931184,839,752140,117,49499,1731,212259,1765,785119,1847,997378,California
Riverside,2021-05-17,11793,1744616,7592,938776,3854,755994,347,49846,5158,211165,6603,791722,5509,1002887,California
Riverside,2021-05-18,15076,1759692,9323,948099,5406,761400,347,50193,6121,208726,8908,800630,6469,1009356,California
Riverside,2021-05-19,12187,1771879,7718,955817,4235,765635,234,50427,6024,208875,6113,806743,6262,1015618,California
Riverside,2021-05-20,11868,1783747,7436,963253,4175,769810,257,50684,5394,208105,6425,813168,5655,1021273,California
Riverside,2021-05-21,14408,1798155,8900,972153,5183,774993,325,51009,6195,206477,8150,821318,6522,1027795,California
Riverside,2021-05-22,7180,1805335,4856,977009,2129,777122,195,51204,3846,207222,3298,824616,4043,1031838,California
Riverside,2021-05-23,2583,1807918,1669,978678,837,777959,77,51281,1262,207252,1308,825924,1338,1033176,California
Riverside,2021-05-24,8624,1816542,5566,984244,2749,780708,309,51590,3831,206634,4758,830682,4140,1037316,California
Riverside,2021-05-25,9693,1826235,5781,990025,3642,784350,270,51860,3946,205146,5708,836390,4220,1041536,California
Riverside,2021-05-26,8896,1835131,5518,995543,3049,787399,329,52189,4009,204652,4837,841227,4343,1045879,California
Riverside,2021-05-27,8533,1843664,5111,1000654,3187,790586,235,52424,4030,204468,4453,845680,4269,1050148,California
Riverside,2021-05-28,10688,1854352,6505,1007159,3872,794458,311,52735,5029,204218,5597,851277,5347,1055495,California
Riverside,2021-05-29,5006,1859358,3404,1010563,1478,795936,124,52859,2849,205059,2135,853412,2976,1058471,California
Riverside,2021-05-30,1964,1861322,1416,1011979,479,796415,69,52928,1077,205325,880,854292,1146,1059617,California
Riverside,2021-05-31,872,1862194,494,1012473,345,796760,33,52961,332,205155,535,854827,365,1059982,California
Riverside,2021-06-01,9125,1871319,5640,1018113,3251,800011,234,53195,3591,203495,5483,860310,3823,1063805,California
Riverside,2021-06-02,7112,1878431,4335,1022448,2498,802509,279,53474,2870,202446,4201,864511,3152,1066957,California
Riverside,2021-06-03,7938,1886369,5292,1027740,2376,804885,270,53744,2866,200545,5033,869544,3132,1070089,California
Riverside,2021-06-04,10606,1896975,7594,1035334,2758,807643,254,53998,3883,198011,6673,876217,4139,1074228,California
Riverside,2021-06-05,6918,1903893,5102,1040436,1269,808912,547,54545,2271,196208,4624,880841,2821,1077049,California
Riverside,2021-06-06,2191,1906084,1863,1042299,277,809189,51,54596,790,195656,1394,882235,842,1077891,California
Riverside,2021-06-07,6903,1912987,5236,1047535,1437,810626,230,54826,2277,193569,4596,886831,2509,1080400,California
Riverside,2021-06-08,9022,1922009,6555,1054090,2203,812829,264,55090,3039,190947,5929,892760,3307,1083707,California
Riverside,2021-06-09,7706,1929715,5608,1059698,1801,814630,297,55387,2371,188321,5292,898052,2666,1086373,California
Riverside,2021-06-10,7562,1937277,5332,1065030,2002,816632,228,55615,2385,185788,5149,903201,2616,1088989,California
Riverside,2021-06-11,8854,1946131,6003,1071033,2564,819196,287,55902,3017,183315,5778,908979,3305,1092294,California
Riverside,2021-06-12,5284,1951415,3902,1074935,1258,820454,124,56026,1639,181470,3615,912594,1770,1094064,California
Riverside,2021-06-13,1796,1953211,1341,1076276,413,820867,42,56068,541,180810,1243,913837,583,1094647,California
Riverside,2021-06-14,6410,1959621,4609,1080885,1501,822368,300,56368,2259,179251,4114,917951,2555,1097202,California
Riverside,2021-06-15,7181,1966802,4940,1085825,1935,824303,306,56674,2781,177989,4354,922305,3092,1100294,California
Riverside,2021-06-16,6759,1973561,4643,1090468,1811,826114,305,56979,2443,176464,4273,926578,2748,1103042,California
Riverside,2021-06-17,6501,1980062,4580,1095048,1685,827799,236,57215,2526,175289,3942,930520,2767,1105809,California
Riverside,2021-06-18,8094,1988156,5866,1100914,1970,829769,258,57473,3340,174184,4708,935228,3603,1109412,California
Riverside,2021-06-19,4231,1992387,3246,1104160,833,830602,152,57625,1787,173707,2418,937646,1941,1111353,California
Riverside,2021-06-20,1499,1993886,1144,1105304,324,830926,31,57656,580,173410,909,938555,612,1111965,California
Riverside,2021-06-21,2214,1996100,1285,1106589,735,831661,194,57850,954,173307,1250,939805,1147,1113112,California
Sacramento,2020-12-15,314,314,314,314,0,0,0,0,314,314,0,0,314,314,California
Sacramento,2020-12-16,646,960,646,960,0,0,0,0,646,960,0,0,646,960,California
Sacramento,2020-12-17,701,1661,701,1661,0,0,0,0,701,1661,0,0,701,1661,California
Sacramento,2020-12-18,1110,2771,1110,2771,0,0,0,0,1111,2772,0,0,1111,2772,California
Sacramento,2020-12-19,609,3380,609,3380,0,0,0,0,609,3381,0,0,609,3381,California
Sacramento,2020-12-20,638,4018,638,4018,0,0,0,0,638,4019,0,0,638,4019,California
Sacramento,2020-12-21,1668,5686,1668,5686,0,0,0,0,1669,5688,0,0,1669,5688,California
Sacramento,2020-12-22,2106,7792,2070,7756,36,36,0,0,2106,7794,0,0,2106,7794,California
Sacramento,2020-12-23,2247,10039,2074,9830,173,209,0,0,2247,10041,0,0,2247,10041,California
Sacramento,2020-12-24,1044,11083,830,10660,214,423,0,0,1044,11085,0,0,1044,11085,California
Sacramento,2020-12-25,2,11085,1,10661,1,424,0,0,2,11087,0,0,2,11087,California
Sacramento,2020-12-26,506,11591,288,10949,218,642,0,0,506,11593,0,0,506,11593,California
Sacramento,2020-12-27,356,11947,249,11198,107,749,0,0,356,11949,0,0,356,11949,California
Sacramento,2020-12-28,1896,13843,1317,12515,579,1328,0,0,1895,13843,1,1,1895,13844,California
Sacramento,2020-12-29,1970,15813,1205,13720,765,2093,0,0,1970,15813,0,1,1970,15814,California
Sacramento,2020-12-30,2552,18365,1455,15175,1097,3190,0,0,2553,18366,0,1,2553,18367,California
Sacramento,2020-12-31,1226,19591,688,15863,538,3728,0,0,1227,19593,0,1,1227,19594,California
Sacramento,2021-01-01,81,19672,70,15933,11,3739,0,0,81,19674,0,1,81,19675,California
Sacramento,2021-01-02,576,20248,370,16303,206,3945,0,0,576,20250,0,1,576,20251,California
Sacramento,2021-01-03,411,20659,224,16527,187,4132,0,0,411,20661,0,1,411,20662,California
Sacramento,2021-01-04,1935,22594,831,17358,1104,5236,0,0,1933,22593,1,2,1933,22595,California
Sacramento,2021-01-05,2212,24806,988,18346,1224,6460,0,0,1848,24084,364,366,1855,24450,California
Sacramento,2021-01-06,2724,27530,1616,19962,1108,7568,0,0,1929,25221,792,1158,1929,26379,California
Sacramento,2021-01-07,2837,30367,1513,21475,1324,8892,0,0,1908,26203,926,2084,1908,28287,California
Sacramento,2021-01-08,3287,33654,2084,23559,1203,10095,0,0,2172,27266,1111,3195,2174,30461,California
Sacramento,2021-01-09,1278,34932,799,24358,479,10574,0,0,886,27761,391,3586,886,31347,California
Sacramento,2021-01-10,1219,36151,712,25070,507,11081,0,0,751,28045,468,4054,752,32099,California
Sacramento,2021-01-11,4348,40499,2955,28025,1393,12474,0,0,2413,28536,1934,5988,2425,34524,California
Sacramento,2021-01-12,4595,45094,3213,31238,1382,13856,0,0,2609,29163,1986,7974,2613,37137,California
Sacramento,2021-01-13,3839,48933,2221,33459,1618,15474,0,0,2425,30176,1413,9387,2426,39563,California
Sacramento,2021-01-14,4621,53554,2325,35784,2296,17770,0,0,3712,32982,906,10293,3712,43275,California
Sacramento,2021-01-15,4440,57994,2255,38039,2185,19955,0,0,3726,35996,713,11006,3727,47002,California
Sacramento,2021-01-16,2087,60081,1288,39327,799,20754,0,0,1867,37644,219,11225,1867,48869,California
Sacramento,2021-01-17,1675,61756,984,40311,691,21445,0,0,1492,38956,183,11408,1495,50364,California
Sacramento,2021-01-18,2832,64588,1738,42049,1094,22539,0,0,2259,40644,572,11980,2260,52624,California
Sacramento,2021-01-19,4988,69576,3032,45081,1956,24495,0,0,3737,43132,1251,13231,3739,56363,California
Sacramento,2021-01-20,4833,74409,2855,47936,1978,26473,0,0,3607,45517,1228,14459,3613,59976,California
Sacramento,2021-01-21,5225,79634,3020,50956,2205,28678,0,0,4253,48806,966,15425,4255,64231,California
Sacramento,2021-01-22,5043,84677,2707,53663,2336,31014,0,0,4741,53247,301,15726,4742,68973,California
Sacramento,2021-01-23,3771,88448,1576,55239,2195,33209,0,0,3307,56090,464,16190,3307,72280,California
Sacramento,2021-01-24,1623,90071,1014,56253,609,33818,0,0,1380,57230,242,16432,1382,73662,California
Sacramento,2021-01-25,4401,94472,2159,58412,2242,36060,0,0,2936,58703,1465,17897,2938,76600,California
Sacramento,2021-01-26,4755,99227,2161,60573,2594,38654,0,0,3552,61056,1201,19098,3554,80154,California
Sacramento,2021-01-27,5862,105089,3051,63624,2811,41465,0,0,4238,63676,1620,20718,4240,84394,California
Sacramento,2021-01-28,5409,110498,2740,66364,2669,44134,0,0,4308,66885,1100,21818,4309,88703,California
Sacramento,2021-01-29,5419,115917,2940,69304,2479,46613,0,0,4395,70266,1015,22833,4396,93099,California
Sacramento,2021-01-30,4524,120441,2204,71508,2320,48933,0,0,4091,73927,430,23263,4091,97190,California
Sacramento,2021-01-31,2344,122785,2043,73551,301,49234,0,0,2064,75716,277,23540,2066,99256,California
Sacramento,2021-02-01,5955,128740,3041,76592,2914,52148,0,0,4266,78297,1685,25225,4266,103522,California
Sacramento,2021-02-02,7050,135790,3805,80397,3245,55393,0,0,4888,81047,2142,27367,4892,108414,California
Sacramento,2021-02-03,7157,142947,3610,84007,3547,58940,0,0,5292,84486,1856,29223,5295,113709,California
Sacramento,2021-02-04,7772,150719,3687,87694,4085,63025,0,0,5532,87789,2231,31454,5534,119243,California
Sacramento,2021-02-05,7870,158589,4489,92183,3381,66406,0,0,4930,89808,2917,34371,4936,124179,California
Sacramento,2021-02-06,8466,167055,3476,95659,4990,71396,0,0,7118,95582,1346,35717,7120,131299,California
Sacramento,2021-02-07,4067,171122,2205,97864,1862,73258,0,0,2893,97308,1169,36886,2895,134194,California
Sacramento,2021-02-08,6269,177391,3262,101126,3007,76265,0,0,3912,98868,2352,39238,3912,138106,California
Sacramento,2021-02-09,6785,184176,3553,104679,3232,79497,0,0,4012,100117,2764,42002,4013,142119,California
Sacramento,2021-02-10,7696,191872,4212,108891,3484,82981,0,0,4529,101497,3153,45155,4533,146652,California
Sacramento,2021-02-11,9607,201479,5742,114633,3865,86846,0,0,5509,102925,4083,49238,5511,152163,California
Sacramento,2021-02-12,10699,212178,4162,118795,6537,93383,0,0,6402,105095,4235,53473,6405,158568,California
Sacramento,2021-02-13,7688,219866,2994,121789,4694,98077,0,0,6092,109597,1591,55064,6093,164661,California
Sacramento,2021-02-14,3208,223074,1968,123757,1240,99317,0,0,2096,110588,1110,56174,2101,166762,California
Sacramento,2021-02-15,6000,229074,2055,125812,3945,103262,0,0,4170,112937,1824,57998,4173,170935,California
Sacramento,2021-02-16,9259,238333,4218,130030,5041,108303,0,0,5321,114331,3931,61929,5325,176260,California
Sacramento,2021-02-17,8853,247186,4996,135026,3857,112160,0,0,5146,115786,3696,65625,5151,181411,California
Sacramento,2021-02-18,9587,256773,5771,140797,3816,115976,0,0,5730,117673,3847,69472,5734,187145,California
Sacramento,2021-02-19,10085,266858,6186,146983,3899,119875,0,0,5981,119568,4093,73565,5988,193133,California
Sacramento,2021-02-20,7859,274717,5795,152778,2064,121939,0,0,4752,121222,3101,76666,4755,197888,California
Sacramento,2021-02-21,3070,277787,2431,155209,639,122578,0,0,1093,120344,1971,78637,1093,198981,California
Sacramento,2021-02-22,6316,284103,3818,159027,2498,125076,0,0,2784,119612,3520,82157,2788,201769,California
Sacramento,2021-02-23,7300,291403,4523,163550,2777,127853,0,0,3555,119443,3728,85885,3559,205328,California
Sacramento,2021-02-24,9848,301251,5426,168976,4422,132275,0,0,5390,120397,4442,90327,5396,210724,California
Sacramento,2021-02-25,11283,312534,6471,175447,4812,137087,0,0,6626,122383,4641,94968,6627,217351,California
Sacramento,2021-02-26,14434,326968,6809,182256,7625,144712,0,0,9898,127782,4505,99473,9904,227255,California
Sacramento,2021-02-27,11078,338046,6871,189127,4204,148916,3,3,8188,133109,2864,102337,8191,235446,California
Sacramento,2021-02-28,6196,344242,2327,191454,3869,152785,0,3,3105,133140,3077,105414,3108,238554,California
Sacramento,2021-03-01,8633,352875,3614,195068,5017,157802,2,5,4704,133941,3907,109321,4708,243262,California
Sacramento,2021-03-02,9325,362200,4053,199121,5271,163073,1,6,5718,136074,3589,112910,5722,248984,California
Sacramento,2021-03-03,11107,373307,5065,204186,6039,169112,3,9,6666,138325,4420,117330,6671,255655,California
Sacramento,2021-03-04,13486,386793,6193,210379,7289,176401,4,13,7496,139876,5956,123286,7507,263162,California
Sacramento,2021-03-05,10656,397449,4933,215312,5693,182094,30,43,7075,143421,3560,126846,7105,270267,California
Sacramento,2021-03-06,8121,405570,3114,218426,4885,186979,122,165,4120,143675,3987,130833,4241,274508,California
Sacramento,2021-03-07,7618,413188,2214,220640,5314,192293,90,255,3750,143650,3863,134696,3838,278346,California
Sacramento,2021-03-08,9137,422325,4280,224920,4633,196926,224,479,5969,146686,3155,137851,6191,284537,California
Sacramento,2021-03-09,9642,431967,4561,229481,4788,201714,293,772,5540,148435,4083,141934,5832,290369,California
Sacramento,2021-03-10,11782,443749,7529,237010,3899,205613,354,1126,6875,150800,4869,146803,7234,297603,California
Sacramento,2021-03-11,15053,458802,10008,247018,4221,209834,824,1950,8921,154449,6092,152895,9741,307344,California
Sacramento,2021-03-12,18083,476885,8363,255381,8857,218691,863,2813,8855,154998,9176,162071,9725,317069,California
Sacramento,2021-03-13,13035,489920,3581,258962,9023,227714,431,3244,7868,158136,5156,167227,8294,325363,California
Sacramento,2021-03-14,8409,498329,3482,262444,4305,232019,622,3866,4443,159257,3942,171169,5063,330426,California
Sacramento,2021-03-15,12235,510564,4880,267324,6706,238725,649,4515,7055,161808,5154,176323,7705,338131,California
Sacramento,2021-03-16,14023,524587,6214,273538,7156,245881,653,5168,8617,165702,5369,181692,9263,347394,California
Sacramento,2021-03-17,13820,538407,6648,280186,6537,252418,635,5803,8819,170182,4975,186667,9455,356849,California
Sacramento,2021-03-18,15683,554090,8216,288402,6872,259290,595,6398,9940,175006,5709,192376,10533,367382,California
Sacramento,2021-03-19,15648,569738,8004,296406,6269,265559,1375,7773,7904,176559,7718,200094,9271,376653,California
Sacramento,2021-03-20,12927,582665,7537,303943,5048,270607,342,8115,8040,180086,4857,204951,8384,385037,California
Sacramento,2021-03-21,5588,588253,2759,306702,2790,273397,39,8154,4853,184261,721,205672,4896,389933,California
Sacramento,2021-03-22,9382,597635,4803,311505,3728,277125,851,9005,6196,188149,3157,208829,7045,396978,California
Sacramento,2021-03-23,11350,608985,6750,318255,3796,280921,804,9809,7247,192138,4060,212889,8049,405027,California
Sacramento,2021-03-24,11874,620859,7264,325519,3980,284901,630,10439,6715,194407,5076,217965,7345,412372,California
Sacramento,2021-03-25,14169,635028,8339,333858,4993,289894,837,11276,8518,198150,5605,223570,9348,421720,California
Sacramento,2021-03-26,18311,653339,8939,342797,8860,298754,512,11788,9167,198755,9076,232646,9681,431401,California
Sacramento,2021-03-27,9686,663025,3579,346376,5820,304574,287,12075,5090,199565,4563,237209,5373,436774,California
Sacramento,2021-03-28,6531,669556,3218,349594,3063,307637,250,12325,2698,198694,3822,241031,2951,439725,California
Sacramento,2021-03-29,11062,680618,5902,355496,4768,312405,392,12717,4943,197939,6090,247121,5335,445060,California
Sacramento,2021-03-30,11852,692470,6066,361562,5382,317787,404,13121,5991,198499,5836,252957,6396,451456,California
Sacramento,2021-03-31,13445,705915,7856,369418,5181,322968,408,13529,5568,196620,7849,260806,5970,457426,California
Sacramento,2021-04-01,17469,723384,10476,379894,6757,329725,236,13765,7331,194100,10092,270898,7572,464998,California
Sacramento,2021-04-02,17139,740523,9700,389594,6698,336423,741,14506,9005,195743,8102,279000,9745,474743,California
Sacramento,2021-04-03,10452,750975,6243,395837,3660,340083,549,15055,6415,198696,4006,283006,6959,481702,California
Sacramento,2021-04-04,3724,754699,1536,397373,1987,342070,201,15256,1448,198070,2270,285276,1644,483346,California
Sacramento,2021-04-05,12043,766742,7565,404938,3646,345716,832,16088,5372,197634,6634,291910,6198,489544,California
Sacramento,2021-04-06,15638,782380,8848,413786,5450,351166,1340,17428,6913,197187,8693,300603,8246,497790,California
Sacramento,2021-04-07,14853,797233,8026,421812,5225,356391,1602,19030,7161,198288,7649,308252,8750,506540,California
Sacramento,2021-04-08,15053,812286,6773,428585,5299,361690,2981,22011,6006,198242,9012,317264,8966,515506,California
Sacramento,2021-04-09,18332,830618,9379,437964,6723,368413,2230,24241,7432,197035,10857,328121,9650,525156,California
Sacramento,2021-04-10,12882,843500,3836,441800,7827,376240,1219,25460,5352,196080,7500,335621,6545,531701,California
Sacramento,2021-04-11,10826,854326,4365,446165,6236,382476,225,25685,3869,193240,6932,342553,4092,535793,California
Sacramento,2021-04-12,13009,867335,5045,451210,6059,388535,1905,27590,4943,192069,8002,350555,6831,542624,California
Sacramento,2021-04-13,16273,883608,9956,461166,6312,394847,5,27595,7581,190999,8660,359215,7590,550214,California
Sacramento,2021-04-14,14993,898601,7983,469149,7008,401855,2,27597,5901,187843,9061,368276,5905,556119,California
Sacramento,2021-04-15,16411,915012,8433,477582,7975,409830,3,27600,6686,184848,9686,377962,6691,562810,California
Sacramento,2021-04-16,17542,932554,9707,487289,7835,417665,0,27600,7975,183303,9523,387485,7978,570788,California
Sacramento,2021-04-17,15372,947926,6169,493458,9203,426868,0,27600,11141,190242,4208,391693,11147,581935,California
Sacramento,2021-04-18,8461,956387,3072,496530,5389,432257,0,27600,3770,189342,4671,396364,3771,585706,California
Sacramento,2021-04-19,10604,966991,5732,502262,4867,437124,5,27605,4721,188213,5859,402223,4730,590436,California
Sacramento,2021-04-20,11142,978133,6773,509035,4366,441490,3,27608,5934,188975,5185,407408,5947,596383,California
Sacramento,2021-04-21,11525,989658,6672,515707,4851,446341,2,27610,6243,189970,5257,412665,6252,602635,California
Sacramento,2021-04-22,14834,1004492,9908,525615,4922,451263,4,27614,6821,188814,7983,420648,6827,609462,California
Sacramento,2021-04-23,15910,1020402,10008,535623,5902,457165,0,27614,7376,187694,8498,429146,7378,616840,California
Sacramento,2021-04-24,11326,1031728,7005,542628,4320,461485,1,27615,5928,188263,5361,434507,5930,622770,California
Sacramento,2021-04-25,8003,1039731,4475,547103,3528,465013,0,27615,4166,188608,3822,438329,4167,626937,California
Sacramento,2021-04-26,10591,1050322,6607,553710,3961,468974,23,27638,5003,188078,5556,443885,5026,631963,California
Sacramento,2021-04-27,12045,1062367,7903,561613,3989,472963,153,27791,5917,188055,6095,449980,6072,638035,California
Sacramento,2021-04-28,10483,1072850,5848,567461,4429,477392,206,27997,5818,189448,4635,454615,6028,644063,California
Sacramento,2021-04-29,10860,1083710,7302,574763,3254,480646,304,28301,5996,190922,4828,459443,6302,650365,California
Sacramento,2021-04-30,12465,1096175,7821,582584,4382,485028,262,28563,5873,190512,6546,465989,6136,656501,California
Sacramento,2021-05-01,7591,1103766,5475,588059,1941,486969,175,28738,2764,188658,4792,470781,2938,659439,California
Sacramento,2021-05-02,4997,1108763,4304,592363,542,487511,151,28889,2227,188291,2744,473525,2377,661816,California
Sacramento,2021-05-03,9113,1117876,7290,599653,1545,489056,278,29167,3969,187413,5121,478646,4243,666059,California
Sacramento,2021-05-04,9384,1127260,5709,605362,3364,492420,311,29478,3785,185951,5556,484202,4094,670153,California
Sacramento,2021-05-05,11066,1138326,5984,611346,4620,497040,462,29940,4513,184411,6508,490710,4968,675121,California
Sacramento,2021-05-06,11215,1149541,6207,617553,4700,501740,308,30248,4625,183079,6262,496972,4930,680051,California
Sacramento,2021-05-07,10619,1160160,6177,623730,4071,505811,371,30619,4466,181815,6102,503074,4838,684889,California
Sacramento,2021-05-08,8234,1168394,3813,627543,4192,510003,229,30848,2716,179274,5479,508553,2938,687827,California
Sacramento,2021-05-09,3146,1171540,1652,629195,1380,511383,114,30962,1172,178598,1962,510515,1286,689113,California
Sacramento,2021-05-10,8086,1179626,3738,632933,4077,515460,271,31233,1980,174776,6075,516590,2253,691366,California
Sacramento,2021-05-11,8285,1187911,5160,638093,2865,518325,260,31493,2890,172563,5363,521953,3150,694516,California
Sacramento,2021-05-12,8556,1196467,5150,643243,3152,521477,254,31747,3042,170378,5479,527432,3294,697810,California
Sacramento,2021-05-13,11674,1208141,7457,650700,3940,525417,277,32024,4462,167945,7171,534603,4738,702548,California
Sacramento,2021-05-14,12197,1220338,6903,657603,5004,530421,290,32314,5035,166163,7107,541710,5325,707873,California
Sacramento,2021-05-15,13089,1233427,7906,665509,5038,535459,145,32459,5798,164846,7256,548966,5939,713812,California
Sacramento,2021-05-16,7877,1241304,4132,669641,3632,539091,113,32572,2156,161419,5698,554664,2271,716083,California
Sacramento,2021-05-17,10391,1251695,6302,675943,3796,542887,293,32865,3969,159298,6386,561050,4265,720348,California
Sacramento,2021-05-18,9710,1261405,6089,682032,3410,546297,211,33076,3686,157218,5982,567032,3902,724250,California
Sacramento,2021-05-19,9753,1271158,6231,688263,3259,549556,263,33339,4519,156813,5193,572225,4788,729038,California
Sacramento,2021-05-20,10117,1281275,6670,694933,3186,552742,261,33600,3849,154708,6216,578441,4111,733149,California
Sacramento,2021-05-21,10670,1291945,6794,701727,3552,556294,324,33924,4553,153517,6074,584515,4883,738032,California
Sacramento,2021-05-22,7391,1299336,4584,706311,2635,558929,172,34096,3339,153010,4021,588536,3514,741546,California
Sacramento,2021-05-23,4179,1303515,2875,709186,1201,560130,103,34199,1928,152812,2232,590768,2034,743580,California
Sacramento,2021-05-24,7657,1311172,4574,713760,2753,562883,330,34529,2399,150324,5215,595983,2727,746307,California
Sacramento,2021-05-25,6661,1317833,3861,717621,2506,565389,294,34823,2384,148751,4249,600232,2676,748983,California
Sacramento,2021-05-26,8487,1326320,4698,722319,3459,568848,330,35153,2819,146280,5616,605848,3145,752128,California
Sacramento,2021-05-27,6660,1332980,3643,725962,2774,571622,243,35396,2967,145835,3655,609503,3210,755338,California
Sacramento,2021-05-28,8241,1341221,4579,730541,3292,574914,370,35766,3500,145002,4703,614206,3870,759208,California
Sacramento,2021-05-29,4382,1345603,2678,733219,1548,576462,156,35922,2233,145265,2126,616332,2389,761597,California
Sacramento,2021-05-30,1663,1347266,1050,734269,574,577036,39,35961,771,145191,885,617217,811,762408,California
Sacramento,2021-05-31,880,1348146,441,734710,426,577462,13,35974,312,144949,567,617784,325,762733,California
Sacramento,2021-06-01,6930,1355076,4174,738884,2549,580011,207,36181,2680,143624,4209,621993,2884,765617,California
Sacramento,2021-06-02,6081,1361157,3351,742235,2516,582527,214,36395,2320,142440,3716,625709,2532,768149,California
Sacramento,2021-06-03,7420,1368577,5056,747291,2181,584708,183,36578,2249,139739,5131,630840,2430,770579,California
Sacramento,2021-06-04,7006,1375583,4494,751785,2302,587010,210,36788,2272,137517,4704,635544,2482,773061,California
Sacramento,2021-06-05,6162,1381745,4533,756318,1490,588500,139,36927,1797,135115,4336,639880,1934,774995,California
Sacramento,2021-06-06,2348,1384093,1840,758158,452,588952,56,36983,795,134419,1547,641427,851,775846,California
Sacramento,2021-06-07,5543,1389636,3881,762039,1483,590435,179,37162,1602,132281,3915,645342,1777,777623,California
Sacramento,2021-06-08,5350,1394986,3666,765705,1506,591941,178,37340,1793,130723,3532,648874,1974,779597,California
Sacramento,2021-06-09,6134,1401120,4266,769971,1683,593624,185,37525,1617,128059,4465,653339,1801,781398,California
Sacramento,2021-06-10,5377,1406497,3456,773427,1724,595348,197,37722,1687,126301,3643,656982,1885,783283,California
Sacramento,2021-06-11,7526,1414023,5214,778641,2118,597466,194,37916,2064,123128,5429,662411,2256,785539,California
Sacramento,2021-06-12,4681,1418704,3039,781680,1524,598990,118,38034,1279,121143,3383,665794,1398,786937,California
Sacramento,2021-06-13,1906,1420610,1403,783083,463,599453,40,38074,418,120125,1476,667270,458,787395,California
Sacramento,2021-06-14,4302,1424912,2788,785871,1352,600805,162,38236,1406,118812,2879,670149,1566,788961,California
Sacramento,2021-06-15,4881,1429793,2949,788820,1710,602515,222,38458,1723,117614,3143,673292,1945,790906,California
Sacramento,2021-06-16,4461,1434254,2996,791816,1248,603763,217,38675,1576,116541,2859,676151,1786,792692,California
Sacramento,2021-06-17,4034,1438288,2629,794445,1239,605002,166,38841,1404,115507,2599,678750,1565,794257,California
Sacramento,2021-06-18,5122,1443410,3348,797793,1539,606541,235,39076,1755,114153,3343,682093,1989,796246,California
Sacramento,2021-06-19,3241,1446651,2247,800040,851,607392,143,39219,1167,113404,2058,684151,1309,797555,California
Sacramento,2021-06-20,1226,1447877,909,800949,290,607682,27,39246,557,113328,660,684811,584,798139,California
Sacramento,2021-06-21,1720,1449597,763,801712,824,608506,133,39379,720,113191,989,685800,852,798991,California
San Benito,2020-12-16,29,29,29,29,0,0,0,0,29,29,0,0,29,29,California
San Benito,2020-12-17,47,76,47,76,0,0,0,0,47,76,0,0,47,76,California
San Benito,2020-12-18,74,150,74,150,0,0,0,0,74,150,0,0,74,150,California
San Benito,2020-12-19,46,196,46,196,0,0,0,0,46,196,0,0,46,196,California
San Benito,2020-12-20,23,219,23,219,0,0,0,0,23,219,0,0,23,219,California
San Benito,2020-12-21,80,299,80,299,0,0,0,0,80,299,0,0,80,299,California
San Benito,2020-12-22,102,401,102,401,0,0,0,0,102,401,0,0,102,401,California
San Benito,2020-12-23,84,485,74,475,10,10,0,0,84,485,0,0,84,485,California
San Benito,2020-12-24,12,497,5,480,7,17,0,0,12,497,0,0,12,497,California
San Benito,2020-12-25,3,500,3,483,0,17,0,0,3,500,0,0,3,500,California
San Benito,2020-12-26,12,512,4,487,8,25,0,0,12,512,0,0,12,512,California
San Benito,2020-12-27,9,521,8,495,1,26,0,0,9,521,0,0,9,521,California
San Benito,2020-12-28,64,585,37,532,27,53,0,0,64,585,0,0,64,585,California
San Benito,2020-12-29,50,635,20,552,30,83,0,0,50,635,0,0,50,635,California
San Benito,2020-12-30,60,695,38,590,22,105,0,0,60,695,0,0,60,695,California
San Benito,2020-12-31,17,712,2,592,15,120,0,0,17,712,0,0,17,712,California
San Benito,2021-01-02,23,735,22,614,1,121,0,0,23,735,0,0,23,735,California
San Benito,2021-01-03,4,739,2,616,2,123,0,0,3,738,0,0,3,738,California
San Benito,2021-01-04,61,800,24,640,37,160,0,0,61,799,0,0,61,799,California
San Benito,2021-01-05,119,919,37,677,82,242,0,0,116,912,3,3,116,915,California
San Benito,2021-01-06,103,1022,43,720,60,302,0,0,87,983,16,19,87,1002,California
San Benito,2021-01-07,105,1127,67,787,38,340,0,0,53,984,52,71,53,1055,California
San Benito,2021-01-08,184,1311,89,876,95,435,0,0,120,1040,64,135,120,1175,California
San Benito,2021-01-09,44,1355,32,908,12,447,0,0,30,1056,14,149,30,1205,California
San Benito,2021-01-10,15,1370,13,921,2,449,0,0,5,1051,10,159,5,1210,California
San Benito,2021-01-11,176,1546,110,1031,66,515,0,0,73,1021,103,262,73,1283,California
San Benito,2021-01-12,162,1708,57,1088,105,620,0,0,122,1103,40,302,122,1405,California
San Benito,2021-01-13,242,1950,69,1157,173,793,0,0,192,1245,50,352,192,1597,California
San Benito,2021-01-14,135,2085,25,1182,110,903,0,0,115,1340,20,372,115,1712,California
San Benito,2021-01-15,217,2302,21,1203,196,1099,0,0,203,1529,14,386,203,1915,California
San Benito,2021-01-16,26,2328,8,1211,18,1117,0,0,21,1545,5,391,21,1936,California
San Benito,2021-01-17,11,2339,4,1215,7,1124,0,0,9,1552,2,393,9,1945,California
San Benito,2021-01-18,35,2374,22,1237,13,1137,0,0,20,1557,15,408,20,1965,California
San Benito,2021-01-19,171,2545,77,1314,94,1231,0,0,134,1654,37,445,134,2099,California
San Benito,2021-01-20,279,2824,98,1412,181,1412,0,0,233,1842,45,490,233,2332,California
San Benito,2021-01-21,127,2951,32,1444,95,1507,0,0,103,1921,24,514,103,2435,California
San Benito,2021-01-22,238,3189,19,1463,219,1726,0,0,228,2139,10,524,228,2663,California
San Benito,2021-01-23,28,3217,15,1478,13,1739,0,0,12,2135,16,540,12,2675,California
San Benito,2021-01-24,8,3225,3,1481,5,1744,0,0,4,2135,4,544,4,2679,California
San Benito,2021-01-25,65,3290,24,1505,41,1785,0,0,19,2108,46,590,19,2698,California
San Benito,2021-01-26,139,3429,41,1546,98,1883,0,0,86,2141,53,643,86,2784,California
San Benito,2021-01-27,232,3661,70,1616,162,2045,0,0,191,2291,41,684,191,2975,California
San Benito,2021-01-28,151,3812,31,1647,120,2165,0,0,123,2387,27,711,123,3098,California
San Benito,2021-01-29,298,4110,35,1682,263,2428,0,0,272,2634,25,736,272,3370,California
San Benito,2021-01-30,52,4162,33,1715,19,2447,0,0,28,2638,24,760,28,3398,California
San Benito,2021-01-31,15,4177,4,1719,11,2458,0,0,10,2643,5,765,10,3408,California
San Benito,2021-02-01,135,4312,28,1747,107,2565,0,0,93,2694,42,807,93,3501,California
San Benito,2021-02-02,229,4541,49,1796,180,2745,0,0,137,2739,92,899,137,3638,California
San Benito,2021-02-03,343,4884,44,1840,299,3044,0,0,274,2944,69,968,274,3912,California
San Benito,2021-02-04,168,5052,25,1865,143,3187,0,0,122,3020,46,1014,122,4034,California
San Benito,2021-02-05,303,5355,44,1909,259,3446,0,0,238,3193,65,1079,238,4272,California
San Benito,2021-02-06,49,5404,8,1917,41,3487,0,0,33,3210,16,1095,33,4305,California
San Benito,2021-02-07,18,5422,8,1925,10,3497,0,0,17,3226,1,1096,17,4322,California
San Benito,2021-02-08,140,5562,15,1940,125,3622,0,0,92,3270,48,1144,92,4414,California
San Benito,2021-02-09,327,5889,62,2002,265,3887,0,0,194,3331,133,1277,194,4608,California
San Benito,2021-02-10,324,6213,89,2091,235,4122,0,0,114,3236,209,1486,114,4722,California
San Benito,2021-02-11,301,6514,32,2123,269,4391,0,0,200,3335,101,1587,200,4922,California
San Benito,2021-02-12,421,6935,30,2153,391,4782,0,0,214,3343,206,1793,214,5136,California
San Benito,2021-02-13,58,6993,6,2159,52,4834,0,0,47,3379,11,1804,47,5183,California
San Benito,2021-02-14,41,7034,5,2164,36,4870,0,0,31,3400,10,1814,31,5214,California
San Benito,2021-02-15,109,7143,10,2174,99,4969,0,0,99,3489,10,1824,99,5313,California
San Benito,2021-02-16,212,7355,11,2185,201,5170,0,0,106,3490,106,1930,107,5420,California
San Benito,2021-02-17,333,7688,31,2216,302,5472,0,0,283,3723,50,1980,283,5703,California
San Benito,2021-02-18,294,7982,39,2255,255,5727,0,0,68,3565,226,2206,68,5771,California
San Benito,2021-02-19,354,8336,50,2305,304,6031,0,0,183,3577,171,2377,183,5954,California
San Benito,2021-02-20,47,8383,24,2329,23,6054,0,0,37,3604,10,2387,37,5991,California
San Benito,2021-02-21,24,8407,11,2340,13,6067,0,0,17,3614,7,2394,17,6008,California
San Benito,2021-02-22,132,8539,32,2372,100,6167,0,0,96,3675,35,2429,96,6104,California
San Benito,2021-02-23,376,8915,94,2466,282,6449,0,0,261,3821,115,2544,261,6365,California
San Benito,2021-02-24,387,9302,72,2538,315,6764,0,0,246,3926,141,2685,246,6611,California
San Benito,2021-02-25,399,9701,70,2608,329,7093,0,0,275,4075,126,2811,275,6886,California
San Benito,2021-02-26,662,10363,76,2684,586,7679,0,0,411,4235,251,3062,411,7297,California
San Benito,2021-02-27,113,10476,45,2729,68,7747,0,0,94,4310,19,3081,94,7391,California
San Benito,2021-02-28,254,10730,30,2759,224,7971,0,0,243,4542,11,3092,243,7634,California
San Benito,2021-03-01,233,10963,60,2819,173,8144,0,0,162,4632,72,3164,162,7796,California
San Benito,2021-03-02,287,11250,95,2914,192,8336,0,0,216,4777,71,3235,216,8012,California
San Benito,2021-03-03,409,11659,63,2977,346,8682,0,0,232,4834,175,3410,232,8244,California
San Benito,2021-03-04,622,12281,128,3105,479,9161,15,15,437,5090,185,3595,441,8685,California
San Benito,2021-03-05,596,12877,312,3417,272,9433,12,27,379,5266,215,3810,391,9076,California
San Benito,2021-03-06,207,13084,75,3492,118,9551,14,41,154,5381,53,3863,168,9244,California
San Benito,2021-03-07,644,13728,599,4091,22,9573,23,64,611,5982,33,3896,634,9878,California
San Benito,2021-03-08,292,14020,68,4159,177,9750,47,111,169,6075,123,4019,216,10094,California
San Benito,2021-03-09,431,14451,87,4246,245,9995,99,210,143,6003,287,4306,215,10309,California
San Benito,2021-03-10,413,14864,121,4367,196,10191,96,306,238,6162,175,4481,334,10643,California
San Benito,2021-03-11,477,15341,124,4491,198,10389,155,461,209,6258,268,4749,364,11007,California
San Benito,2021-03-12,529,15870,123,4614,310,10699,96,557,231,6290,296,5045,328,11335,California
San Benito,2021-03-13,203,16073,101,4715,83,10782,19,576,130,6369,70,5115,149,11484,California
San Benito,2021-03-14,232,16305,39,4754,173,10955,20,596,180,6518,51,5166,200,11684,California
San Benito,2021-03-15,325,16630,98,4852,208,11163,19,615,193,6598,132,5298,212,11896,California
San Benito,2021-03-16,507,17137,221,5073,254,11417,32,647,354,6829,153,5451,384,12280,California
San Benito,2021-03-17,803,17940,482,5555,299,11716,22,669,565,7174,234,5685,579,12859,California
San Benito,2021-03-18,791,18731,534,6089,204,11920,53,722,577,7582,213,5898,621,13480,California
San Benito,2021-03-19,778,19509,405,6494,349,12269,24,746,573,7973,205,6103,596,14076,California
San Benito,2021-03-20,247,19756,152,6646,84,12353,11,757,186,8109,61,6164,197,14273,California
San Benito,2021-03-21,111,19867,58,6704,49,12402,4,761,82,8166,29,6193,86,14359,California
San Benito,2021-03-22,357,20224,176,6880,156,12558,25,786,225,8284,132,6325,250,14609,California
San Benito,2021-03-23,481,20705,201,7081,270,12828,10,796,221,8254,260,6585,230,14839,California
San Benito,2021-03-24,589,21294,312,7393,270,13098,7,803,362,8397,226,6811,369,15208,California
San Benito,2021-03-25,752,22046,447,7840,301,13399,4,807,449,8551,299,7110,453,15661,California
San Benito,2021-03-26,1032,23078,532,8372,496,13895,4,811,342,8208,689,7799,346,16007,California
San Benito,2021-03-27,352,23430,199,8571,119,14014,34,845,223,8336,129,7928,257,16264,California
San Benito,2021-03-28,731,24161,603,9174,122,14136,6,851,133,7877,598,8526,139,16403,California
San Benito,2021-03-29,346,24507,110,9284,215,14351,21,872,143,7837,203,8729,163,16566,California
San Benito,2021-03-30,597,25104,285,9569,215,14566,97,969,303,7943,294,9023,400,16966,California
San Benito,2021-03-31,609,25713,377,9946,208,14774,24,993,346,8053,260,9283,370,17336,California
San Benito,2021-04-01,965,26678,387,10333,538,15312,40,1033,570,8263,394,9677,604,17940,California
San Benito,2021-04-02,545,27223,263,10596,146,15458,136,1169,270,8395,274,9951,406,18346,California
San Benito,2021-04-03,262,27485,88,10684,109,15567,65,1234,74,8346,188,10139,139,18485,California
San Benito,2021-04-04,144,27629,107,10791,31,15598,6,1240,105,8418,39,10178,111,18596,California
San Benito,2021-04-05,364,27993,174,10965,147,15745,43,1283,152,8400,212,10390,194,18790,California
San Benito,2021-04-06,467,28460,162,11127,124,15869,181,1464,159,8431,308,10698,339,19129,California
San Benito,2021-04-07,954,29414,528,11655,234,16103,192,1656,269,8209,683,11381,461,19590,California
San Benito,2021-04-08,868,30282,432,12087,181,16284,255,1911,226,8049,641,12022,481,20071,California
San Benito,2021-04-09,856,31138,505,12592,258,16542,93,2004,297,7881,558,12580,390,20461,California
San Benito,2021-04-10,362,31500,219,12811,80,16622,63,2067,203,7988,159,12739,266,20727,California
San Benito,2021-04-11,482,31982,276,13087,171,16793,35,2102,273,8066,209,12948,287,21014,California
San Benito,2021-04-12,543,32525,288,13375,136,16929,119,2221,281,8201,261,13209,396,21410,California
San Benito,2021-04-13,755,33280,294,13669,438,17367,23,2244,522,8515,232,13441,546,21956,California
San Benito,2021-04-14,854,34134,672,14341,182,17549,0,2244,403,8473,445,13886,403,22359,California
San Benito,2021-04-15,963,35097,748,15089,214,17763,1,2245,484,8481,478,14364,486,22845,California
San Benito,2021-04-16,714,35811,372,15461,330,18093,12,2257,302,8387,409,14773,315,23160,California
San Benito,2021-04-17,324,36135,227,15688,97,18190,0,2257,131,8323,195,14968,131,23291,California
San Benito,2021-04-18,505,36640,421,16109,84,18274,0,2257,245,8310,260,15228,247,23538,California
San Benito,2021-04-19,749,37389,601,16710,148,18422,0,2257,428,8419,320,15548,429,23967,California
San Benito,2021-04-20,796,38185,420,17130,374,18796,2,2259,502,8635,289,15837,505,24472,California
San Benito,2021-04-21,968,39153,707,17837,261,19057,0,2259,529,8739,425,16262,529,25001,California
San Benito,2021-04-22,909,40062,692,18529,217,19274,0,2259,573,8984,328,16590,573,25574,California
San Benito,2021-04-23,638,40700,401,18930,236,19510,1,2260,346,9086,244,16834,346,25920,California
San Benito,2021-04-24,362,41062,200,19130,162,19672,0,2260,169,9101,154,16988,169,26089,California
San Benito,2021-04-25,205,41267,127,19257,78,19750,0,2260,94,9102,93,17081,94,26183,California
San Benito,2021-04-26,498,41765,395,19652,103,19853,0,2260,263,9191,174,17255,263,26446,California
San Benito,2021-04-27,559,42324,284,19936,267,20120,8,2268,412,9474,137,17392,420,26866,California
San Benito,2021-04-28,558,42882,392,20328,157,20277,9,2277,395,9719,158,17550,403,27269,California
San Benito,2021-04-29,635,43517,237,20565,389,20666,9,2286,258,9626,377,17927,284,27553,California
San Benito,2021-04-30,379,43896,209,20774,162,20828,8,2294,205,9667,172,18099,213,27766,California
San Benito,2021-05-01,206,44102,150,20924,47,20875,9,2303,67,9605,138,18237,76,27842,California
San Benito,2021-05-02,195,44297,166,21090,25,20900,4,2307,58,9530,137,18374,62,27904,California
San Benito,2021-05-03,368,44665,288,21378,70,20970,10,2317,92,9358,276,18650,104,28008,California
San Benito,2021-05-04,405,45070,244,21622,153,21123,8,2325,150,9262,253,18903,157,28165,California
San Benito,2021-05-05,610,45680,426,22048,167,21290,17,2342,211,9094,396,19299,228,28393,California
San Benito,2021-05-06,623,46303,493,22541,114,21404,16,2358,224,8939,395,19694,240,28633,California
San Benito,2021-05-07,456,46759,287,22828,158,21562,11,2369,178,8853,276,19970,190,28823,California
San Benito,2021-05-08,278,47037,224,23052,48,21610,6,2375,155,8891,123,20093,161,28984,California
San Benito,2021-05-09,104,47141,78,23130,23,21633,3,2378,48,8886,56,20149,51,29035,California
San Benito,2021-05-10,422,47563,332,23462,66,21699,24,2402,53,8595,369,20518,78,29113,California
San Benito,2021-05-11,827,48390,415,23877,396,22095,16,2418,184,8155,641,21159,201,29314,California
San Benito,2021-05-12,497,48887,391,24268,93,22188,13,2431,116,7905,380,21539,130,29444,California
San Benito,2021-05-13,693,49580,591,24859,91,22279,11,2442,177,7579,513,22052,187,29631,California
San Benito,2021-05-14,596,50176,441,25300,148,22427,7,2449,231,7453,364,22416,238,29869,California
San Benito,2021-05-15,230,50406,172,25472,52,22479,6,2455,127,7483,103,22519,133,30002,California
San Benito,2021-05-16,170,50576,141,25613,27,22506,2,2457,93,7501,77,22596,95,30097,California
San Benito,2021-05-17,391,50967,314,25927,67,22573,10,2467,177,7476,212,22808,187,30284,California
San Benito,2021-05-18,685,51652,362,26289,318,22891,5,2472,214,7225,471,23279,220,30504,California
San Benito,2021-05-19,579,52231,418,26707,153,23044,8,2480,231,7116,348,23627,239,30743,California
San Benito,2021-05-20,599,52830,471,27178,117,23161,11,2491,315,7159,283,23910,326,31069,California
San Benito,2021-05-21,477,53307,280,27458,180,23341,17,2508,218,7137,257,24167,235,31304,California
San Benito,2021-05-22,300,53607,225,27683,70,23411,5,2513,183,7211,115,24282,189,31493,California
San Benito,2021-05-23,92,53699,54,27737,34,23445,4,2517,34,7190,58,24340,37,31530,California
San Benito,2021-05-24,303,54002,255,27992,41,23486,7,2524,187,7268,116,24456,194,31724,California
San Benito,2021-05-25,527,54529,242,28234,278,23764,7,2531,172,7094,353,24809,179,31903,California
San Benito,2021-05-26,314,54843,194,28428,113,23877,7,2538,131,7049,182,24991,137,32040,California
San Benito,2021-05-27,412,55255,315,28743,74,23951,23,2561,153,6969,259,25250,179,32219,California
San Benito,2021-05-28,292,55547,179,28922,106,24057,7,2568,112,6909,179,25429,119,32338,California
San Benito,2021-05-29,146,55693,124,29046,20,24077,2,2570,62,6889,84,25513,64,32402,California
San Benito,2021-05-30,268,55961,253,29299,15,24092,0,2570,93,6808,174,25687,93,32495,California
San Benito,2021-05-31,101,56062,88,29387,11,24103,2,2572,44,6798,56,25743,46,32541,California
San Benito,2021-06-01,269,56331,122,29509,121,24224,26,2598,99,6753,169,25912,124,32665,California
San Benito,2021-06-02,324,56655,245,29754,77,24301,2,2600,120,6673,203,26115,123,32788,California
San Benito,2021-06-03,340,56995,290,30044,44,24345,6,2606,134,6610,203,26318,140,32928,California
San Benito,2021-06-04,272,57267,202,30246,70,24415,0,2606,88,6515,183,26501,88,33016,California
San Benito,2021-06-05,92,57359,74,30320,17,24432,1,2607,19,6463,72,26573,20,33036,California
San Benito,2021-06-06,60,57419,49,30369,8,24440,3,2610,15,6436,45,26618,18,33054,California
San Benito,2021-06-07,336,57755,297,30666,34,24474,5,2615,87,6281,247,26865,92,33146,California
San Benito,2021-06-08,310,58065,218,30884,77,24551,15,2630,98,6183,211,27076,113,33259,California
San Benito,2021-06-09,243,58308,187,31071,48,24599,8,2638,72,6092,171,27247,80,33339,California
San Benito,2021-06-10,361,58669,331,31402,23,24622,7,2645,72,5885,286,27533,79,33418,California
San Benito,2021-06-11,255,58924,229,31631,21,24643,5,2650,92,5820,162,27695,97,33515,California
San Benito,2021-06-12,159,59083,145,31776,10,24653,4,2654,50,5780,94,27789,54,33569,California
San Benito,2021-06-13,51,59134,39,31815,10,24663,2,2656,16,5770,28,27817,18,33587,California
San Benito,2021-06-14,175,59309,148,31963,24,24687,3,2659,61,5721,113,27930,64,33651,California
San Benito,2021-06-15,221,59530,128,32091,87,24774,6,2665,76,5661,143,28073,83,33734,California
San Benito,2021-06-16,211,59741,169,32260,29,24803,13,2678,72,5608,138,28211,85,33819,California
San Benito,2021-06-17,253,59994,208,32468,17,24820,28,2706,78,5540,175,28386,107,33926,California
San Benito,2021-06-18,158,60152,101,32569,50,24870,7,2713,65,5519,93,28479,72,33998,California
San Benito,2021-06-19,115,60267,109,32678,6,24876,0,2713,48,5500,67,28546,48,34046,California
San Benito,2021-06-20,36,60303,35,32713,1,24877,0,2713,17,5498,19,28565,17,34063,California
San Benito,2021-06-21,66,60369,42,32755,11,24888,13,2726,30,5505,35,28600,42,34105,California
San Bernardino,2020-12-15,13,13,13,13,0,0,0,0,13,13,0,0,13,13,California
San Bernardino,2020-12-16,114,127,114,127,0,0,0,0,114,127,0,0,114,127,California
San Bernardino,2020-12-17,2379,2506,2379,2506,0,0,0,0,2379,2506,0,0,2379,2506,California
San Bernardino,2020-12-18,3174,5680,3171,5677,3,3,0,0,3175,5681,0,0,3175,5681,California
San Bernardino,2020-12-19,1083,6763,1082,6759,1,4,0,0,1084,6765,0,0,1084,6765,California
San Bernardino,2020-12-20,1178,7941,1175,7934,3,7,0,0,1178,7943,0,0,1178,7943,California
San Bernardino,2020-12-21,2473,10414,2467,10401,6,13,0,0,2473,10416,0,0,2473,10416,California
San Bernardino,2020-12-22,2288,12702,2158,12559,130,143,0,0,2288,12704,0,0,2288,12704,California
San Bernardino,2020-12-23,2692,15394,1482,14041,1210,1353,0,0,2691,15395,0,0,2691,15395,California
San Bernardino,2020-12-24,1174,16568,594,14635,580,1933,0,0,1174,16568,1,1,1174,16569,California
San Bernardino,2020-12-25,75,16643,15,14650,60,1993,0,0,75,16643,0,1,75,16644,California
San Bernardino,2020-12-26,465,17108,254,14904,211,2204,0,0,465,17108,0,1,465,17109,California
San Bernardino,2020-12-27,349,17457,163,15067,186,2390,0,0,348,17455,1,2,348,17457,California
San Bernardino,2020-12-28,1589,19046,720,15787,869,3259,0,0,1590,19045,0,2,1590,19047,California
San Bernardino,2020-12-29,2232,21278,1048,16835,1184,4443,0,0,2232,21277,0,2,2232,21279,California
San Bernardino,2020-12-30,2909,24187,1462,18297,1447,5890,0,0,2908,24185,0,2,2908,24187,California
San Bernardino,2020-12-31,1379,25566,443,18740,936,6826,0,0,1377,25562,0,2,1377,25564,California
San Bernardino,2021-01-01,288,25854,153,18893,135,6961,0,0,287,25849,0,2,287,25851,California
San Bernardino,2021-01-02,489,26343,346,19239,143,7104,0,0,489,26338,0,2,489,26340,California
San Bernardino,2021-01-03,139,26482,86,19325,53,7157,0,0,139,26477,0,2,139,26479,California
San Bernardino,2021-01-04,2147,28629,1300,20625,847,8004,0,0,2146,28623,0,2,2146,28625,California
San Bernardino,2021-01-05,2349,30978,1467,22092,882,8886,0,0,2238,30751,110,112,2238,30863,California
San Bernardino,2021-01-06,3474,34452,2371,24463,1103,9989,0,0,2972,33228,496,608,2973,33836,California
San Bernardino,2021-01-07,5459,39911,4526,28989,933,10922,0,0,2499,32786,2941,3549,2499,36335,California
San Bernardino,2021-01-08,5384,45295,4458,33447,926,11848,0,0,2290,31988,3089,6638,2291,38626,California
San Bernardino,2021-01-09,1406,46701,1100,34547,306,12154,0,0,905,32392,501,7139,905,39531,California
San Bernardino,2021-01-10,1024,47725,597,35144,427,12581,0,0,576,32520,448,7587,576,40107,California
San Bernardino,2021-01-11,4996,52721,4090,39234,906,13487,0,0,2770,33068,2222,9809,2770,42877,California
San Bernardino,2021-01-12,4253,56974,3223,42457,1030,14517,0,0,2517,33853,1732,11541,2517,45394,California
San Bernardino,2021-01-13,4625,61599,2881,45338,1744,16261,0,0,3381,36002,1233,12774,3382,48776,California
San Bernardino,2021-01-14,4880,66479,2883,48221,1997,18258,0,0,4284,39694,592,13366,4284,53060,California
San Bernardino,2021-01-15,6068,72547,3022,51243,3046,21304,0,0,5667,44971,393,13759,5670,58730,California
San Bernardino,2021-01-16,2278,74825,1296,52539,982,22286,0,0,2133,46959,145,13904,2133,60863,California
San Bernardino,2021-01-17,1189,76014,506,53045,683,22969,0,0,1106,47984,82,13986,1107,61970,California
San Bernardino,2021-01-18,4284,80298,2647,55692,1637,24606,0,0,3659,51020,625,14611,3661,65631,California
San Bernardino,2021-01-19,6366,86664,3729,59421,2637,27243,0,0,5267,55192,1097,15708,5269,70900,California
San Bernardino,2021-01-20,6911,93575,3794,63215,3117,30360,0,0,4941,58174,1961,17669,4943,75843,California
San Bernardino,2021-01-21,6048,99623,3112,66327,2936,33296,0,0,4918,61973,1122,18791,4921,80764,California
San Bernardino,2021-01-22,6587,106210,3081,69408,3506,36802,0,0,5859,67107,726,19517,5860,86624,California
San Bernardino,2021-01-23,3152,109362,1913,71321,1239,38041,0,0,2750,69458,401,19918,2752,89376,California
San Bernardino,2021-01-24,1212,110574,463,71784,749,38790,0,0,1107,70460,105,20023,1107,90483,California
San Bernardino,2021-01-25,6918,117492,3417,75201,3501,42291,0,0,5064,73676,1851,21874,5067,95550,California
San Bernardino,2021-01-26,7068,124560,3492,78693,3576,45867,0,0,4951,76511,2117,23991,4952,100502,California
San Bernardino,2021-01-27,8583,133143,4171,82864,4412,50279,0,0,5750,79436,2825,26816,5750,106252,California
San Bernardino,2021-01-28,8635,141778,4088,86952,4547,54826,0,0,6295,83396,2335,29151,6295,112547,California
San Bernardino,2021-01-29,8254,150032,3786,90738,4468,59294,0,0,6259,87675,1981,31132,6260,118807,California
San Bernardino,2021-01-30,3110,153142,1893,92631,1217,60511,0,0,2814,90196,294,31426,2815,121622,California
San Bernardino,2021-01-31,936,154078,489,93120,447,60958,0,0,878,91017,57,31483,878,122500,California
San Bernardino,2021-02-01,7619,161697,4259,97379,3360,64318,0,0,4974,93351,2642,34125,4976,127476,California
San Bernardino,2021-02-02,10529,172226,3669,101048,6860,71178,0,0,8447,99723,2078,36203,8450,135926,California
San Bernardino,2021-02-03,9075,181301,4167,105215,4908,76086,0,0,6553,103764,2515,38718,6556,142482,California
San Bernardino,2021-02-04,10549,191850,5180,110395,5369,81455,0,0,7440,108108,3098,41816,7442,149924,California
San Bernardino,2021-02-05,11154,203004,5989,116384,5165,86620,0,0,7546,112064,3596,45412,7552,157476,California
San Bernardino,2021-02-06,5315,208319,2232,118616,3083,89703,0,0,3675,114126,1616,47028,3678,161154,California
San Bernardino,2021-02-07,853,209172,498,119114,355,90058,0,0,476,114229,374,47402,477,161631,California
San Bernardino,2021-02-08,7337,216509,3913,123027,3424,93482,0,0,5653,118200,1683,49085,5654,167285,California
San Bernardino,2021-02-09,10206,226715,5941,128968,4265,97747,0,0,6884,121767,3320,52405,6887,174172,California
San Bernardino,2021-02-10,12157,238872,6492,135460,5665,103412,0,0,8018,125658,4131,56536,8022,182194,California
San Bernardino,2021-02-11,12525,251397,7187,142647,5338,108750,0,0,7974,129111,4525,61061,7978,190172,California
San Bernardino,2021-02-12,10536,261933,5981,148628,4555,113305,0,0,5759,130113,4760,65821,5762,195934,California
San Bernardino,2021-02-13,6088,268021,4050,152678,2038,115343,0,0,3823,131692,2249,68070,3828,199762,California
San Bernardino,2021-02-14,1567,269588,659,153337,908,116251,0,0,887,131907,673,68743,888,200650,California
San Bernardino,2021-02-15,5493,275081,3001,156338,2492,118743,0,0,3074,132573,2408,71151,3074,203724,California
San Bernardino,2021-02-16,12606,287687,7338,163676,5268,124011,0,0,7978,135940,4615,75766,7982,211706,California
San Bernardino,2021-02-17,11858,299545,6485,170161,5373,129384,0,0,7168,138443,4670,80436,7173,218879,California
San Bernardino,2021-02-18,12522,312067,7611,177772,4911,134295,0,0,7720,141378,4787,85223,7722,226601,California
San Bernardino,2021-02-19,11650,323717,5988,183760,5662,139957,0,0,6903,143556,4727,89950,6905,233506,California
San Bernardino,2021-02-20,4544,328261,3480,187240,1064,141021,0,0,2056,143132,2483,92433,2059,235565,California
San Bernardino,2021-02-21,1163,329424,702,187942,461,141482,0,0,415,142800,748,93181,416,235981,California
San Bernardino,2021-02-22,8711,338135,5366,193308,3345,144827,0,0,4061,142224,4638,97819,4062,240043,California
San Bernardino,2021-02-23,9220,347355,5480,198788,3740,148567,0,0,4664,142364,4530,102349,4670,244713,California
San Bernardino,2021-02-24,12529,359884,7204,205992,5325,153892,0,0,6196,142253,6313,108662,6202,250915,California
San Bernardino,2021-02-25,13180,373064,6328,212320,6852,160744,0,0,7684,144463,5478,114140,7688,258603,California
San Bernardino,2021-02-26,13735,386799,6406,218726,7329,168073,0,0,7668,146137,6003,120143,7677,266280,California
San Bernardino,2021-02-27,6710,393509,3760,222486,2949,171022,1,1,4828,149099,1871,122014,4833,271113,California
San Bernardino,2021-02-28,1789,395298,749,223235,1040,172062,0,1,1143,149606,638,122652,1145,272258,California
San Bernardino,2021-03-01,8511,403809,4387,227622,4120,176182,4,5,3868,148872,4617,127269,3883,276141,California
San Bernardino,2021-03-02,13944,417753,5577,233199,8367,184549,0,5,6565,148099,7348,134617,6575,282716,California
San Bernardino,2021-03-03,13152,430905,6703,239902,6446,190995,3,8,6224,147429,6906,141523,6236,288952,California
San Bernardino,2021-03-04,14049,444954,6973,246875,7075,198070,1,9,6103,145618,7923,149446,6112,295064,California
San Bernardino,2021-03-05,14512,459466,7583,254458,6927,204997,2,11,7077,145316,7402,156848,7100,302164,California
San Bernardino,2021-03-06,9788,469254,5482,259940,4081,209078,225,236,4570,144909,5200,162048,4793,306957,California
San Bernardino,2021-03-07,1689,470943,1027,260967,591,209669,71,307,1064,145424,623,162671,1138,308095,California
San Bernardino,2021-03-08,8159,479102,3610,264577,4378,214047,171,478,3634,144718,4516,167187,3810,311905,California
San Bernardino,2021-03-09,13139,492241,7500,272077,5387,219434,252,730,5296,142441,7828,175015,5551,317456,California
San Bernardino,2021-03-10,14277,506518,7879,279956,5842,225276,556,1286,6405,141561,7845,182860,6965,324421,California
San Bernardino,2021-03-11,15707,522225,7280,287236,6819,232095,1608,2894,7418,142319,8266,191126,9024,333445,California
San Bernardino,2021-03-12,15619,537844,6972,294208,6601,238696,2046,4940,7377,143576,8211,199337,9468,342913,California
San Bernardino,2021-03-13,8454,546298,4592,298800,3331,242027,531,5471,5001,145669,3442,202779,5535,348448,California
San Bernardino,2021-03-14,3325,549623,1689,300489,1052,243079,584,6055,1854,146639,1464,204243,2434,350882,California
San Bernardino,2021-03-15,11474,561097,5407,305896,4033,247112,2034,8089,5640,148489,5819,210062,7669,358551,California
San Bernardino,2021-03-16,16307,577404,8071,313967,7293,254405,943,9032,9950,153060,6329,216391,10900,369451,California
San Bernardino,2021-03-17,17516,594920,8717,322684,8052,262457,747,9779,10619,157549,6878,223269,11367,380818,California
San Bernardino,2021-03-18,16732,611652,8284,330968,8060,270517,388,10167,9884,160999,6820,230089,10270,391088,California
San Bernardino,2021-03-19,17063,628715,8459,339427,8003,278520,601,10768,9786,164188,7249,237338,10438,401526,California
San Bernardino,2021-03-20,9541,638256,6007,345434,2933,281453,601,11369,5646,166563,3868,241206,6243,407769,California
San Bernardino,2021-03-21,2823,641079,2298,347732,473,281926,52,11421,2266,168337,544,241750,2318,410087,California
San Bernardino,2021-03-22,9672,650751,4547,352279,4687,286613,438,11859,7009,173142,2642,244392,7447,417534,California
San Bernardino,2021-03-23,15583,666334,8832,361111,6128,292741,623,12482,9638,177480,5922,250314,10260,427794,California
San Bernardino,2021-03-24,15249,681583,7851,368962,7091,299832,307,12789,10070,182715,5143,255457,10378,438172,California
San Bernardino,2021-03-25,17145,698728,8395,377357,8444,308276,306,13095,10822,187566,6271,261728,11122,449294,California
San Bernardino,2021-03-26,18265,716993,8690,386047,8805,317081,770,13865,10913,191931,7320,269048,11685,460979,California
San Bernardino,2021-03-27,10923,727916,7040,393087,3123,320204,760,14625,6222,194232,4679,273727,6980,467959,California
San Bernardino,2021-03-28,3654,731570,2568,395655,972,321176,114,14739,2531,195764,1113,274840,2645,470604,California
San Bernardino,2021-03-29,11839,743409,6149,401804,5289,326465,401,15140,7983,200311,3837,278677,8384,478988,California
San Bernardino,2021-03-30,17048,760457,9509,411313,6822,333287,717,15857,10554,205117,6456,285133,11262,490250,California
San Bernardino,2021-03-31,16671,777128,9394,420707,6636,339923,641,16498,10901,210919,5737,290870,11539,501789,California
San Bernardino,2021-04-01,19919,797047,10520,431227,7968,347891,1431,17929,12768,218005,7104,297974,14190,515979,California
San Bernardino,2021-04-02,18978,816025,9567,440794,8117,356008,1294,19223,11465,223321,7484,305458,12800,528779,California
San Bernardino,2021-04-03,11215,827240,7009,447803,3061,359069,1145,20368,6101,225465,5095,310553,7239,536018,California
San Bernardino,2021-04-04,2521,829761,1517,449320,752,359821,252,20620,1271,225746,1242,311795,1523,537541,California
San Bernardino,2021-04-05,11892,841653,5332,454652,4784,364605,1776,22396,6046,227738,5823,317618,7815,545356,California
San Bernardino,2021-04-06,19892,861545,11198,465850,6569,371174,2125,24521,10491,230989,9354,326972,12605,557961,California
San Bernardino,2021-04-07,21245,882790,11409,477259,7335,378509,2501,27022,11538,235339,9675,336647,14025,571986,California
San Bernardino,2021-04-08,22157,904947,11372,488631,8148,386657,2637,29659,12141,240120,9987,346634,14768,586754,California
San Bernardino,2021-04-09,22011,926958,11205,499836,8177,394834,2629,32288,11941,244646,10030,356664,14556,601310,California
San Bernardino,2021-04-10,15821,942779,8193,508029,3887,398721,3741,36029,7848,248270,7949,364613,11573,612883,California
San Bernardino,2021-04-11,4478,947257,2604,510633,898,399619,976,37005,2048,248863,2424,367037,3017,615900,California
San Bernardino,2021-04-12,13577,960834,6267,516900,5640,405259,1670,38675,6433,249841,7120,374157,8098,623998,California
San Bernardino,2021-04-13,19552,980386,11149,528049,8384,413643,19,38694,11234,252809,8288,382445,11256,635254,California
San Bernardino,2021-04-14,19586,999972,10466,538515,9117,422760,3,38697,11046,255359,8505,390950,11055,646309,California
San Bernardino,2021-04-15,20676,1020648,11547,550062,9123,431883,6,38703,11002,256738,9634,400584,11013,657322,California
San Bernardino,2021-04-16,18966,1039614,10752,560814,8213,440096,1,38704,9323,256466,9597,410181,9325,666647,California
San Bernardino,2021-04-17,12116,1051730,7990,568804,4126,444222,0,38704,6347,257088,5727,415908,6349,672996,California
San Bernardino,2021-04-18,2968,1054698,2043,570847,925,445147,0,38704,1319,256770,1637,417545,1319,674315,California
San Bernardino,2021-04-19,12673,1067371,6766,577613,5907,451054,0,38704,4937,254006,7710,425255,4946,679261,California
San Bernardino,2021-04-20,17856,1085227,9941,587554,7912,458966,3,38707,8140,252488,9686,434941,8168,687429,California
San Bernardino,2021-04-21,18238,1103465,10402,597956,7833,466799,3,38710,7986,250298,10190,445131,8000,695429,California
San Bernardino,2021-04-22,19311,1122776,11018,608974,8289,475088,4,38714,7853,246752,11405,456536,7859,703288,California
San Bernardino,2021-04-23,18571,1141347,10618,619592,7952,483040,1,38715,8061,244358,10458,466994,8064,711352,California
San Bernardino,2021-04-24,12920,1154267,9522,629114,3396,486436,2,38717,6940,245337,5963,472957,6942,718294,California
San Bernardino,2021-04-25,3430,1157697,2245,631359,1185,487621,0,38717,1686,245297,1728,474685,1688,719982,California
San Bernardino,2021-04-26,11176,1168873,6015,637374,5071,492692,90,38807,4776,243806,6359,481044,4868,724850,California
San Bernardino,2021-04-27,16573,1185446,9976,647350,6386,499078,211,39018,6801,241090,9728,490772,7012,731862,California
San Bernardino,2021-04-28,14776,1200222,8762,656112,5737,504815,277,39295,5292,237193,9458,500230,5561,737423,California
San Bernardino,2021-04-29,16283,1216505,9357,665469,6658,511473,268,39563,5388,231989,10857,511087,5653,743076,California
San Bernardino,2021-04-30,16623,1233128,10485,675954,5857,517330,281,39844,6114,227913,10469,521556,6393,749469,California
San Bernardino,2021-05-01,10815,1243943,8457,684411,2042,519372,316,40160,3733,224883,7075,528631,4045,753514,California
San Bernardino,2021-05-02,2953,1246896,2131,686542,691,520063,131,40291,1055,224179,1889,530520,1185,754699,California
San Bernardino,2021-05-03,10073,1256969,5783,692325,3884,523947,406,40697,2894,220314,7165,537685,3300,757999,California
San Bernardino,2021-05-04,15779,1272748,9591,701916,5733,529680,455,41152,4607,214244,11129,548814,5059,763058,California
San Bernardino,2021-05-05,15389,1288137,8862,710778,6115,535795,412,41564,4334,207978,11007,559821,4741,767799,California
San Bernardino,2021-05-06,15844,1303981,9031,719809,6400,542195,413,41977,4300,201187,11503,571324,4712,772511,California
San Bernardino,2021-05-07,15520,1319501,8721,728530,6424,548619,375,42352,4645,195384,10819,582143,5016,777527,California
San Bernardino,2021-05-08,9309,1328810,6164,734694,2876,551495,269,42621,3169,192716,6106,588249,3438,780965,California
San Bernardino,2021-05-09,1835,1330645,1134,735828,612,552107,89,42710,734,192445,1094,589343,823,781788,California
San Bernardino,2021-05-10,7547,1338192,3447,739275,3784,555891,316,43026,2314,189883,5189,594532,2627,784415,California
San Bernardino,2021-05-11,12221,1350413,6731,746006,5138,561029,352,43378,3852,185759,8329,602861,4205,788620,California
San Bernardino,2021-05-12,12756,1363169,6941,752947,5500,566529,315,43693,3769,180902,8940,611801,4083,792703,California
San Bernardino,2021-05-13,13350,1376519,8053,761000,4950,571479,347,44040,5258,178455,8046,619847,5599,798302,California
San Bernardino,2021-05-14,13754,1390273,9151,770151,4270,575749,333,44373,5778,176644,7922,627769,6111,804413,California
San Bernardino,2021-05-15,11305,1401578,8383,778534,2734,578483,188,44561,4546,174647,6725,634494,4728,809141,California
San Bernardino,2021-05-16,2797,1404375,2064,780598,671,579154,62,44623,1309,174550,1468,635962,1371,810512,California
San Bernardino,2021-05-17,10086,1414461,6800,787398,2992,582146,294,44917,4545,173877,5508,641470,4835,815347,California
San Bernardino,2021-05-18,13489,1427950,8864,796262,4376,586522,249,45166,6072,172808,7386,648856,6317,821664,California
San Bernardino,2021-05-19,11562,1439512,7230,803492,3952,590474,380,45546,5361,172380,6165,655021,5737,827401,California
San Bernardino,2021-05-20,11569,1451081,6900,810392,4353,594827,316,45862,5175,171517,6354,661375,5491,832892,California
San Bernardino,2021-05-21,12667,1463748,8398,818790,3888,598715,381,46243,5523,170327,7090,668465,5900,838792,California
San Bernardino,2021-05-22,8924,1472672,6685,825475,2030,600745,209,46452,4282,170221,4593,673058,4487,843279,California
San Bernardino,2021-05-23,2310,1474982,1427,826902,790,601535,93,46545,1099,170210,1202,674260,1191,844470,California
San Bernardino,2021-05-24,6676,1481658,4175,831077,2198,603733,303,46848,2930,169751,3692,677952,3233,847703,California
San Bernardino,2021-05-25,9336,1490994,5728,836805,3350,607083,258,47106,4166,169037,5135,683087,4421,852124,California
San Bernardino,2021-05-26,8235,1499229,5229,842034,2756,609839,250,47356,3812,168714,4382,687469,4059,856183,California
San Bernardino,2021-05-27,7656,1506885,4656,846690,2764,612603,236,47592,3519,168373,4096,691565,3755,859938,California
San Bernardino,2021-05-28,8804,1515689,5481,852171,3043,615646,280,47872,4413,168716,4348,695913,4691,864629,California
San Bernardino,2021-05-29,5056,1520745,3366,855537,1572,617218,118,47990,2654,169104,2384,698297,2772,867401,California
San Bernardino,2021-05-30,1757,1522502,1238,856775,436,617654,83,48073,908,169251,843,699140,990,868391,California
San Bernardino,2021-05-31,895,1523397,568,857343,311,617965,16,48089,323,169023,568,699708,340,868731,California
San Bernardino,2021-06-01,8641,1532038,5555,862898,2840,620805,246,48335,3525,167732,5059,704767,3768,872499,California
San Bernardino,2021-06-02,6830,1538868,4291,867189,2299,623104,240,48575,2964,167099,3833,708600,3200,875699,California
San Bernardino,2021-06-03,7952,1546820,5359,872548,2397,625501,196,48771,2770,164908,5157,713757,2966,878665,California
San Bernardino,2021-06-04,9107,1555927,6157,878705,2655,628156,295,49066,3238,162617,5823,719580,3532,882197,California
San Bernardino,2021-06-05,6524,1562451,4980,883685,1419,629575,125,49191,2351,160939,4151,723731,2473,884670,California
San Bernardino,2021-06-06,2022,1564473,1685,885370,273,629848,64,49255,847,160684,1166,724897,911,885581,California
San Bernardino,2021-06-07,6264,1570737,4875,890245,1176,631024,213,49468,2008,158671,4232,729129,2219,887800,California
San Bernardino,2021-06-08,8419,1579156,6118,896363,2088,633112,213,49681,2747,156022,5605,734734,2956,890756,California
San Bernardino,2021-06-09,6975,1586131,4969,901332,1826,634938,180,49861,2278,153834,4647,739381,2459,893215,California
San Bernardino,2021-06-10,7056,1593187,4990,906322,1868,636806,198,50059,2248,151519,4760,744141,2445,895660,California
San Bernardino,2021-06-11,8090,1601277,5684,912006,2179,638985,227,50286,2927,149554,5117,749258,3152,898812,California
San Bernardino,2021-06-12,5863,1607140,4628,916634,1119,640104,116,50402,1723,147276,4119,753377,1841,900653,California
San Bernardino,2021-06-13,1481,1608621,1052,917686,359,640463,70,50472,425,146718,1052,754429,494,901147,California
San Bernardino,2021-06-14,4922,1613543,3549,921235,1151,641614,222,50694,1907,145857,2988,757417,2127,903274,California
San Bernardino,2021-06-15,7164,1620707,5072,926307,1848,643462,244,50938,2575,144131,4540,761957,2814,906088,California
San Bernardino,2021-06-16,6340,1627047,4519,930826,1610,645072,211,51149,2346,142739,3949,765906,2557,908645,California
San Bernardino,2021-06-17,5641,1632688,3966,934792,1515,646587,160,51309,2209,141712,3395,769301,2368,911013,California
San Bernardino,2021-06-18,6783,1639471,4576,939368,1969,648556,238,51547,2548,140297,4199,773500,2784,913797,California
San Bernardino,2021-06-19,4025,1643496,3012,942380,886,649442,127,51674,1751,139923,2250,775750,1876,915673,California
San Bernardino,2021-06-20,1447,1644943,1109,943489,279,649721,59,51733,577,139695,864,776614,636,916309,California
San Bernardino,2021-06-21,1886,1646829,1126,944615,603,650324,157,51890,1002,139979,873,777487,1157,917466,California
San Diego,2020-12-15,119,119,119,119,0,0,0,0,119,119,0,0,119,119,California
San Diego,2020-12-16,1073,1192,1073,1192,0,0,0,0,1073,1192,0,0,1073,1192,California
San Diego,2020-12-17,2321,3513,2321,3513,0,0,0,0,2321,3513,0,0,2321,3513,California
San Diego,2020-12-18,3604,7117,3603,7116,1,1,0,0,3604,7117,0,0,3604,7117,California
San Diego,2020-12-19,2266,9383,2266,9382,0,1,0,0,2266,9383,0,0,2266,9383,California
San Diego,2020-12-20,1147,10530,1146,10528,1,2,0,0,1147,10530,0,0,1147,10530,California
San Diego,2020-12-21,3456,13986,3454,13982,2,4,0,0,3456,13986,0,0,3456,13986,California
San Diego,2020-12-22,4020,18006,3386,17368,634,638,0,0,4020,18006,0,0,4020,18006,California
San Diego,2020-12-23,3150,21156,1954,19322,1196,1834,0,0,3150,21156,0,0,3150,21156,California
San Diego,2020-12-24,2701,23857,2187,21509,514,2348,0,0,2701,23857,0,0,2701,23857,California
San Diego,2020-12-25,857,24714,856,22365,1,2349,0,0,857,24714,0,0,857,24714,California
San Diego,2020-12-26,3194,27908,2126,24491,1068,3417,0,0,3194,27908,0,0,3194,27908,California
San Diego,2020-12-27,2478,30386,1594,26085,884,4301,0,0,2477,30384,1,1,2477,30385,California
San Diego,2020-12-28,5829,36215,4158,30243,1671,5972,0,0,5829,36213,0,1,5829,36214,California
San Diego,2020-12-29,5495,41710,2943,33186,2552,8524,0,0,5495,41708,0,1,5495,41709,California
San Diego,2020-12-30,5847,47557,3047,36233,2800,11324,0,0,5847,47555,0,1,5847,47556,California
San Diego,2020-12-31,2959,50516,1023,37256,1936,13260,0,0,2959,50514,0,1,2959,50515,California
San Diego,2021-01-01,991,51507,442,37698,549,13809,0,0,991,51505,0,1,991,51506,California
San Diego,2021-01-02,3666,55173,1287,38985,2379,16188,0,0,3666,55171,0,1,3666,55172,California
San Diego,2021-01-03,830,56003,621,39606,209,16397,0,0,829,56000,0,1,829,56001,California
San Diego,2021-01-04,3641,59644,2021,41627,1620,18017,0,0,3635,59635,0,1,3635,59636,California
San Diego,2021-01-05,4291,63935,2139,43766,2152,20169,0,0,3711,62781,577,578,3723,63359,California
San Diego,2021-01-06,4825,68760,2245,46011,2580,22749,0,0,3630,65241,1174,1752,3634,66993,California
San Diego,2021-01-07,5539,74299,2926,48937,2613,25362,0,0,3426,66567,2108,3860,3434,70427,California
San Diego,2021-01-08,7783,82082,4882,53819,2901,28263,0,0,4054,66925,3713,7573,4071,74498,California
San Diego,2021-01-09,3416,85498,1906,55725,1510,29773,0,0,1892,67315,1513,9086,1903,76401,California
San Diego,2021-01-10,1843,87341,1276,57001,567,30340,0,0,755,67004,1076,10162,765,77166,California
San Diego,2021-01-11,10186,97527,5790,62791,4396,34736,0,0,6703,70248,3476,13638,6720,83886,California
San Diego,2021-01-12,10995,108522,5254,68045,5741,40477,0,0,7651,74674,3335,16973,7761,91647,California
San Diego,2021-01-13,11280,119802,4984,73029,6296,46773,0,0,8766,80963,2503,19476,8792,100439,California
San Diego,2021-01-14,11952,131754,4514,77543,7438,54211,0,0,9830,88712,2115,21591,9864,110303,California
San Diego,2021-01-15,14781,146535,5228,82771,9553,63764,0,0,12185,98375,2578,24169,12241,122544,California
San Diego,2021-01-16,10524,157059,3546,86317,6978,70742,0,0,9094,106075,1426,25595,9126,131670,California
San Diego,2021-01-17,8470,165529,2429,88746,6041,76783,0,0,7646,112916,824,26419,7665,139335,California
San Diego,2021-01-18,12648,178177,6214,94960,6434,83217,0,0,9840,120042,2777,29196,9903,149238,California
San Diego,2021-01-19,14403,192580,5631,100591,8772,91989,0,0,11308,128530,3085,32281,11573,160811,California
San Diego,2021-01-20,18063,210643,6328,106919,11735,103724,0,0,14760,140191,3283,35564,14944,175755,California
San Diego,2021-01-21,17015,227658,5737,112656,11278,115002,0,0,15651,154631,1355,36919,15795,191550,California
San Diego,2021-01-22,17208,244866,4591,117247,12617,127619,0,0,15214,167950,1980,38899,15299,206849,California
San Diego,2021-01-23,14061,258927,5209,122456,8852,136471,0,0,11799,177560,2251,41150,11861,218710,California
San Diego,2021-01-24,11607,270534,3290,125746,8317,144788,0,0,10646,187290,959,42109,10689,229399,California
San Diego,2021-01-25,11979,282513,5674,131420,6305,151093,0,0,9008,193492,2963,45072,9165,238564,California
San Diego,2021-01-26,14956,297469,7819,139239,7137,158230,0,0,11573,201873,3381,48453,11762,250326,California
San Diego,2021-01-27,20158,317627,7832,147071,12326,170556,0,0,17170,216211,2979,51432,17317,267643,California
San Diego,2021-01-28,20891,338518,7593,154664,13298,183854,0,0,18648,232715,2232,53664,18736,286379,California
San Diego,2021-01-29,19310,357828,6404,161068,12906,196760,0,0,16882,247231,2418,56082,16934,303313,California
San Diego,2021-01-30,15516,373344,3602,164670,11914,208674,0,0,12881,257585,2626,58708,12980,316293,California
San Diego,2021-01-31,14531,387875,5743,170413,8788,217462,0,0,14185,271461,343,59051,14219,330512,California
San Diego,2021-02-01,20618,408493,7639,178052,12979,230441,0,0,17135,285202,3470,62521,17211,347723,California
San Diego,2021-02-02,22503,430996,8291,186343,14212,244653,0,0,19273,301416,3222,65743,19436,367159,California
San Diego,2021-02-03,27219,458215,11715,198058,15504,260157,0,0,22998,320396,4202,69945,23182,390341,California
San Diego,2021-02-04,23806,482021,9809,207867,13997,274154,0,0,19257,335398,4534,74479,19536,409877,California
San Diego,2021-02-05,24225,506246,8601,216468,15624,289778,0,0,17818,347286,6382,80861,18270,428147,California
San Diego,2021-02-06,20391,526637,8446,224914,11945,301723,0,0,17187,361493,3201,84062,17408,445555,California
San Diego,2021-02-07,11904,538541,5316,230230,6588,308311,0,0,10056,369963,1837,85899,10307,455862,California
San Diego,2021-02-08,19794,558335,8430,238660,11364,319675,0,0,12443,375740,7340,93239,13117,468979,California
San Diego,2021-02-09,20157,578492,8249,246909,11908,331583,0,0,12986,382627,7150,100389,14037,483016,California
San Diego,2021-02-10,22606,601098,9273,256182,13333,344916,0,0,13635,388695,8918,109307,14986,498002,California
San Diego,2021-02-11,23480,624578,10097,266279,13383,358299,0,0,12576,392054,10877,120184,14236,512238,California
San Diego,2021-02-12,23247,647825,7270,273549,15977,374276,0,0,11543,394152,11686,131870,13784,526022,California
San Diego,2021-02-13,19706,667531,8931,282480,10775,385051,0,0,10729,397076,8971,140841,11895,537917,California
San Diego,2021-02-14,10968,678499,7278,289758,3690,388741,0,0,6123,399849,4841,145682,7614,545531,California
San Diego,2021-02-15,14943,693442,7542,297300,7401,396142,0,0,7581,403124,7340,153022,10615,556146,California
San Diego,2021-02-16,18962,712404,11068,308368,7894,404036,0,0,9028,405165,9923,162945,11964,568110,California
San Diego,2021-02-17,22929,735333,10707,319075,12222,416258,0,0,7847,400932,15069,178014,10836,578946,California
San Diego,2021-02-18,23232,758565,11872,330947,11360,427618,0,0,7620,396970,15601,193615,11639,590585,California
San Diego,2021-02-19,15564,774129,10798,341745,4766,432384,0,0,6368,396092,9178,202793,8300,598885,California
San Diego,2021-02-20,9982,784111,6223,347968,3759,436143,0,0,5619,399213,4361,207154,7482,606367,California
San Diego,2021-02-21,11418,795529,10016,357984,1402,437545,0,0,5030,399348,6382,213536,6517,612884,California
San Diego,2021-02-22,12201,807730,10399,368383,1802,439347,0,0,5586,399937,6610,220146,7199,620083,California
San Diego,2021-02-23,25193,832923,14086,382469,11107,450454,0,0,9219,399010,15965,236111,15038,635121,California
San Diego,2021-02-24,28443,861366,12579,395048,15864,466318,0,0,6622,391153,21801,257912,13944,649065,California
San Diego,2021-02-25,32487,893853,14402,409450,18085,484403,0,0,9779,386534,22686,280598,18067,667132,California
San Diego,2021-02-26,32665,926518,12125,421575,20540,504943,0,0,11662,384225,20972,301570,18663,685795,California
San Diego,2021-02-27,20693,947211,9353,430928,11340,516283,0,0,11084,389878,9603,311173,15256,701051,California
San Diego,2021-02-28,14912,962123,9747,440675,5165,521448,0,0,9250,396186,5661,316834,11969,713020,California
San Diego,2021-03-01,23874,985997,14071,454746,9802,531250,1,1,14487,405163,9307,326141,18284,731304,California
San Diego,2021-03-02,25779,1011776,13879,468625,11900,543150,0,1,12542,411084,13225,339366,19146,750450,California
San Diego,2021-03-03,33493,1045269,15763,484388,17727,560877,3,4,13814,412075,19655,359021,20646,771096,California
San Diego,2021-03-04,27826,1073095,13879,498267,13947,574824,0,4,12379,415665,15426,374447,19016,790112,California
San Diego,2021-03-05,28445,1101540,14653,512920,13712,588536,80,84,13283,420469,15134,389581,19938,810050,California
San Diego,2021-03-06,23029,1124569,9400,522320,12932,601468,697,781,10162,423069,12854,402435,15454,825504,California
San Diego,2021-03-07,17915,1142484,9122,531442,8226,609694,567,1348,6806,422906,11097,413532,10934,836438,California
San Diego,2021-03-08,22696,1165180,11038,542480,10752,620446,906,2254,11259,428419,11416,424948,16929,853367,California
San Diego,2021-03-09,25402,1190582,11693,554173,11958,632404,1751,4005,9943,428529,15443,440391,15553,868920,California
San Diego,2021-03-10,25059,1215641,10500,564673,12175,644579,2384,6389,9907,429667,15136,455527,16274,885194,California
San Diego,2021-03-11,28052,1243693,10771,575444,13763,658342,3518,9907,9779,428606,18248,473775,17187,902381,California
San Diego,2021-03-12,26855,1270548,9402,584846,14360,672702,3093,13000,9823,428106,17020,490795,16520,918901,California
San Diego,2021-03-13,25866,1296414,7191,592037,16918,689620,1757,14757,10009,428106,15851,506646,15851,934752,California
San Diego,2021-03-14,13672,1310086,5402,597439,7537,697157,733,15490,4756,426953,8907,515553,7754,942506,California
San Diego,2021-03-15,21734,1331820,10015,607454,10936,708093,783,16273,8942,426938,12777,528330,12762,955268,California
San Diego,2021-03-16,29507,1361327,15459,622913,13638,721731,410,16683,15577,431978,13908,542238,18948,974216,California
San Diego,2021-03-17,26069,1387396,12130,635043,13223,734954,716,17399,16659,441983,9393,551631,19398,993614,California
San Diego,2021-03-18,31067,1418463,17468,652511,12682,747636,917,18316,16912,447183,14120,565751,19320,1012934,California
San Diego,2021-03-19,30059,1448522,14243,666754,14768,762404,1048,19364,19265,457903,10774,576525,21494,1034428,California
San Diego,2021-03-20,27561,1476083,8381,675135,17406,779810,1774,21138,21265,475737,6285,582810,24119,1058547,California
San Diego,2021-03-21,16242,1492325,11847,686982,3700,783510,695,21833,7627,476767,8601,591411,9631,1068178,California
San Diego,2021-03-22,22357,1514682,13027,700009,9045,792555,285,22118,14243,485938,8101,599512,17272,1085450,California
San Diego,2021-03-23,25665,1540347,13446,713455,11933,804488,286,22404,16998,496587,8653,608165,19302,1104752,California
San Diego,2021-03-24,29249,1569596,19549,733004,9313,813801,387,22791,16964,503684,12272,620437,19369,1124121,California
San Diego,2021-03-25,30082,1599678,18107,751111,11294,825095,681,23472,17862,512122,12199,632636,20637,1144758,California
San Diego,2021-03-26,31806,1631484,17777,768888,13514,838609,515,23987,17365,518383,14416,647052,20677,1165435,California
San Diego,2021-03-27,25343,1656827,11033,779921,13931,852540,379,24366,15606,526891,9719,656771,18227,1183662,California
San Diego,2021-03-28,14973,1671800,9168,789089,5747,858287,58,24424,9223,531892,5743,662514,10744,1194406,California
San Diego,2021-03-29,26536,1698336,12812,801901,13094,871381,630,25054,16340,541104,10185,672699,19397,1213803,California
San Diego,2021-03-30,33020,1731356,17781,819682,14448,885829,791,25845,21869,554439,11138,683837,24473,1238276,California
San Diego,2021-03-31,30240,1761596,18656,838338,10878,896707,706,26551,20511,567047,9711,693548,22319,1260595,California
San Diego,2021-04-01,34075,1795671,19891,858229,12712,909419,1472,28023,23097,581972,10955,704503,25880,1286475,California
San Diego,2021-04-02,35552,1831223,20567,878796,12215,921634,2770,30793,23976,598586,11557,716060,28171,1314646,California
San Diego,2021-04-03,30711,1861934,14397,893193,11700,933334,4614,35407,19573,612843,11123,727183,25380,1340026,California
San Diego,2021-04-04,8978,1870912,5156,898349,2904,936238,918,36325,4774,614513,4198,731381,5868,1345894,California
San Diego,2021-04-05,29550,1900462,15310,913659,11585,947823,2655,38980,19200,628499,10333,741714,24319,1370213,California
San Diego,2021-04-06,38491,1938953,20254,933913,12342,960165,5895,44875,22134,642292,16337,758051,30130,1400343,California
San Diego,2021-04-07,35569,1974522,21826,955739,9202,969367,4541,49416,20130,652750,15415,773466,25873,1426216,California
San Diego,2021-04-08,34938,2009460,21208,976947,9604,978971,4126,53542,21104,666721,13813,787279,27784,1454000,California
San Diego,2021-04-09,38091,2047551,22724,999671,10214,989185,5153,58695,20567,678272,17458,804737,29009,1483009,California
San Diego,2021-04-10,28924,2076475,11689,1011360,13248,1002433,3987,62682,14918,686192,13995,818732,21915,1504924,California
San Diego,2021-04-11,16126,2092601,9976,1021336,3855,1006288,2295,64977,7132,689625,8990,827722,12423,1517347,California
San Diego,2021-04-12,30592,2123193,12828,1034164,13490,1019778,4274,69251,16977,700932,13600,841322,24907,1542254,California
San Diego,2021-04-13,36872,2160065,17676,1051840,19161,1038939,35,69286,24454,715847,12396,853718,27311,1569565,California
San Diego,2021-04-14,32810,2192875,18792,1070632,14005,1052944,13,69299,17657,722701,15139,868857,21993,1591558,California
San Diego,2021-04-15,39219,2232094,20312,1090944,18902,1071846,5,69304,23758,733874,15438,884295,26611,1618169,California
San Diego,2021-04-16,33504,2265598,18439,1109383,15062,1086908,3,69307,19333,741474,14110,898405,21710,1639879,California
San Diego,2021-04-17,27812,2293410,13515,1122898,14297,1101205,0,69307,12268,741349,15449,913854,15324,1655203,California
San Diego,2021-04-18,14338,2307748,8806,1131704,5529,1106734,3,69310,6641,743255,7684,921538,9590,1664793,California
San Diego,2021-04-19,26491,2334239,13547,1145251,12943,1119677,1,69311,12414,743327,14057,935595,14129,1678922,California
San Diego,2021-04-20,38914,2373153,17745,1162996,21167,1140844,2,69313,19809,747004,19083,954678,22760,1701682,California
San Diego,2021-04-21,35162,2408315,20791,1183787,14371,1155215,0,69313,17115,749135,18011,972689,20142,1721824,California
San Diego,2021-04-22,44377,2452692,22780,1206567,21593,1176808,4,69317,22217,752260,22118,994807,25243,1747067,California
San Diego,2021-04-23,42040,2494732,25884,1232451,16154,1192962,2,69319,15665,744732,26343,1021150,18815,1765882,California
San Diego,2021-04-24,34755,2529487,18775,1251226,15965,1208927,15,69334,15497,744191,19220,1040370,18679,1784561,California
San Diego,2021-04-25,12623,2542110,7665,1258891,4958,1213885,0,69334,5881,744700,6730,1047100,7239,1791800,California
San Diego,2021-04-26,33123,2575233,16554,1275445,16430,1230315,139,69473,11591,739295,21512,1068612,16107,1807907,California
San Diego,2021-04-27,44505,2619738,24404,1299849,19547,1249862,554,70027,19579,737593,24884,1093496,23182,1831089,California
San Diego,2021-04-28,38073,2657811,22439,1322288,14960,1264822,674,70701,17186,736832,20849,1114345,20088,1851177,California
San Diego,2021-04-29,37920,2695731,24112,1346400,13151,1277973,657,71358,15322,731941,22562,1136907,17671,1868848,California
San Diego,2021-04-30,37899,2733630,22915,1369315,13903,1291876,1081,72439,14805,726593,23056,1159963,17708,1886556,California
San Diego,2021-05-01,24164,2757794,10649,1379964,12877,1304753,638,73077,9483,724186,14672,1174635,12265,1898821,California
San Diego,2021-05-02,10597,2768391,7423,1387387,2592,1307345,582,73659,3227,720959,7366,1182001,4139,1902960,California
San Diego,2021-05-03,25141,2793532,12367,1399754,11625,1318970,1149,74808,9237,716265,15882,1197883,11188,1914148,California
San Diego,2021-05-04,31673,2825205,17467,1417221,12928,1331898,1278,76086,11425,709833,20220,1218103,13788,1927936,California
San Diego,2021-05-05,27591,2852796,16852,1434073,9460,1341358,1279,77365,10579,705640,16990,1235093,12797,1940733,California
San Diego,2021-05-06,28212,2881008,18674,1452747,8626,1349984,912,78277,10717,702236,17467,1252560,14063,1954796,California
San Diego,2021-05-07,29544,2910552,19312,1472059,9193,1359177,1039,79316,10960,696890,18549,1271109,13203,1967999,California
San Diego,2021-05-08,22693,2933245,10709,1482768,11241,1370418,743,80059,7200,690791,15467,1286576,9368,1977367,California
San Diego,2021-05-09,7444,2940689,5586,1488354,1452,1371870,406,80465,2622,689421,4816,1291392,3446,1980813,California
San Diego,2021-05-10,21472,2962161,8394,1496748,12260,1384130,818,81283,5858,681780,15585,1306977,7944,1988757,California
San Diego,2021-05-11,28004,2990165,11484,1508232,15705,1399835,815,82098,9814,675885,18164,1325141,12269,2001026,California
San Diego,2021-05-12,22922,3013087,12469,1520701,9581,1409416,872,82970,8554,672090,14342,1339483,10547,2011573,California
San Diego,2021-05-13,31291,3044378,18945,1539646,11709,1421125,637,83607,13124,670315,18111,1357594,16336,2027909,California
San Diego,2021-05-14,30629,3075007,19592,1559238,10203,1431328,834,84441,13987,670604,16602,1374196,16891,2044800,California
San Diego,2021-05-15,26081,3101088,16407,1575645,8852,1440180,822,85263,10840,668006,15189,1389385,12591,2057391,California
San Diego,2021-05-16,13254,3114342,9966,1585611,2726,1442906,562,85825,6615,668933,6627,1396012,7554,2064945,California
San Diego,2021-05-17,21292,3135634,12923,1598534,7627,1450533,742,86567,8883,667043,12373,1408385,10483,2075428,California
San Diego,2021-05-18,34022,3169656,19230,1617764,13930,1464463,862,87429,13250,661842,20738,1429123,15537,2090965,California
San Diego,2021-05-19,28347,3198003,17781,1635545,9786,1474249,780,88209,12086,659591,16230,1445353,13979,2104944,California
San Diego,2021-05-20,34574,3232577,19107,1654652,14647,1488896,820,89029,11705,650801,22837,1468190,14047,2118991,California
San Diego,2021-05-21,26811,3259388,17130,1671782,8696,1497592,985,90014,10933,648088,15846,1484036,13133,2132124,California
San Diego,2021-05-22,21237,3280625,12243,1684025,7821,1505413,1173,91187,8841,646823,12374,1496410,11109,2143233,California
San Diego,2021-05-23,7188,3287813,5087,1689112,1793,1507206,308,91495,3431,647208,3733,1500143,4118,2147351,California
San Diego,2021-05-24,17577,3305390,8916,1698028,6757,1513963,1904,93399,6269,644933,11288,1511431,9013,2156364,California
San Diego,2021-05-25,24153,3329543,13097,1711125,9216,1523179,1840,95239,8480,640753,15644,1527075,11464,2167828,California
San Diego,2021-05-26,19099,3348642,10586,1721711,6504,1529683,2009,97248,6644,637837,12424,1539499,9508,2177336,California
San Diego,2021-05-27,20483,3369125,11930,1733641,6163,1535846,2390,99638,6909,634664,13555,1553054,10382,2187718,California
San Diego,2021-05-28,21188,3390313,13179,1746820,7300,1543146,709,100347,8422,632163,12747,1565801,10246,2197964,California
San Diego,2021-05-29,11953,3402266,7567,1754387,3896,1547042,490,100837,5188,631591,6752,1572553,6180,2204144,California
San Diego,2021-05-30,4664,3406930,3184,1757571,1102,1548144,378,101215,2030,631601,2629,1575182,2639,2206783,California
San Diego,2021-05-31,2584,3409514,1745,1759316,668,1548812,171,101386,858,631034,1721,1576903,1154,2207937,California
San Diego,2021-06-01,21214,3430728,11321,1770637,8263,1557075,1630,103016,5974,624344,15214,1592117,8524,2216461,California
San Diego,2021-06-02,17001,3447729,8748,1779385,6181,1563256,2072,105088,5512,621179,11462,1603579,8297,2224758,California
San Diego,2021-06-03,19164,3466893,11994,1791379,5370,1568626,1800,106888,5237,615345,13905,1617484,8071,2232829,California
San Diego,2021-06-04,19761,3486654,13820,1805199,5327,1573953,614,107502,5860,609823,13871,1631355,8349,2241178,California
San Diego,2021-06-05,15726,3502380,11960,1817159,2983,1576936,783,108285,4486,604818,11223,1642578,6218,2247396,California
San Diego,2021-06-06,5534,3507914,4512,1821671,711,1577647,311,108596,1726,603861,3797,1646375,2840,2250236,California
San Diego,2021-06-07,12739,3520653,8010,1829681,3380,1581027,1349,109945,3568,600346,9153,1655528,5638,2255874,California
San Diego,2021-06-08,20411,3541064,14435,1844116,4092,1585119,1884,111829,5073,593018,15325,1670853,7997,2263871,California
San Diego,2021-06-09,17015,3558079,11331,1855447,3735,1588854,1949,113778,4382,587680,12618,1683471,7280,2271151,California
San Diego,2021-06-10,17825,3575904,11844,1867291,3909,1592763,2072,115850,4389,581805,13410,1696881,7535,2278686,California
San Diego,2021-06-11,15747,3591651,10049,1877340,4350,1597113,1348,117198,4321,576985,11397,1708278,6577,2285263,California
San Diego,2021-06-12,10959,3602610,8409,1885749,2130,1599243,420,117618,3194,573486,7747,1716025,4248,2289511,California
San Diego,2021-06-13,4146,3606756,3100,1888849,841,1600084,205,117823,1042,572028,3098,1719123,1640,2291151,California
San Diego,2021-06-14,12596,3619352,7562,1896411,2843,1602927,2191,120014,3655,569590,8927,1728050,6489,2297640,California
San Diego,2021-06-15,17873,3637225,10233,1906644,4205,1607132,3435,123449,4733,565541,13129,1741179,9080,2306720,California
San Diego,2021-06-16,13918,3651143,8847,1915491,2765,1609897,2306,125755,4477,563665,9428,1750607,7552,2314272,California
San Diego,2021-06-17,14586,3665729,8426,1923917,3347,1613244,2813,128568,4112,560764,10463,1761070,7562,2321834,California
San Diego,2021-06-18,13954,3679683,8653,1932570,3486,1616730,1815,130383,4369,558149,9575,1770645,6960,2328794,California
San Diego,2021-06-19,7454,3687137,5518,1938088,1486,1618216,450,130833,2741,557156,4697,1775342,3704,2332498,California
San Diego,2021-06-20,3069,3690206,2230,1940318,646,1618862,193,131026,1148,556792,1917,1777259,1553,2334051,California
San Diego,2021-06-21,4363,3694569,2314,1942632,776,1619638,1273,132299,1880,557679,2478,1779737,3365,2337416,California
San Francisco,2020-12-15,8,8,8,8,0,0,0,0,8,8,0,0,8,8,California
San Francisco,2020-12-16,232,240,232,240,0,0,0,0,232,240,0,0,232,240,California
San Francisco,2020-12-17,417,657,417,657,0,0,0,0,417,657,0,0,417,657,California
San Francisco,2020-12-18,911,1568,910,1567,1,1,0,0,911,1568,0,0,911,1568,California
San Francisco,2020-12-19,609,2177,609,2176,0,1,0,0,609,2177,0,0,609,2177,California
San Francisco,2020-12-20,482,2659,482,2658,0,1,0,0,482,2659,0,0,482,2659,California
San Francisco,2020-12-21,1164,3823,1164,3822,0,1,0,0,1164,3823,0,0,1164,3823,California
San Francisco,2020-12-22,1411,5234,1376,5198,35,36,0,0,1411,5234,0,0,1411,5234,California
San Francisco,2020-12-23,1366,6600,1064,6262,302,338,0,0,1366,6600,0,0,1366,6600,California
San Francisco,2020-12-24,848,7448,506,6768,342,680,0,0,848,7448,0,0,848,7448,California
San Francisco,2020-12-25,37,7485,30,6798,7,687,0,0,37,7485,0,0,37,7485,California
San Francisco,2020-12-26,251,7736,154,6952,97,784,0,0,251,7736,0,0,251,7736,California
San Francisco,2020-12-27,273,8009,59,7011,214,998,0,0,273,8009,0,0,273,8009,California
San Francisco,2020-12-28,1285,9294,693,7704,592,1590,0,0,1285,9294,0,0,1285,9294,California
San Francisco,2020-12-29,1263,10557,630,8334,633,2223,0,0,1263,10557,0,0,1263,10557,California
San Francisco,2020-12-30,1492,12049,781,9115,711,2934,0,0,1492,12049,0,0,1492,12049,California
San Francisco,2020-12-31,984,13033,416,9531,568,3502,0,0,983,13032,0,0,983,13032,California
San Francisco,2021-01-01,104,13137,77,9608,27,3529,0,0,104,13136,0,0,104,13136,California
San Francisco,2021-01-02,342,13479,306,9914,36,3565,0,0,342,13478,0,0,342,13478,California
San Francisco,2021-01-03,300,13779,106,10020,194,3759,0,0,299,13776,1,1,299,13777,California
San Francisco,2021-01-04,1847,15626,1358,11378,489,4248,0,0,1844,15617,3,4,1844,15621,California
San Francisco,2021-01-05,2239,17865,1422,12800,817,5065,0,0,2200,17780,39,43,2202,17823,California
San Francisco,2021-01-06,1881,19746,1171,13971,710,5775,0,0,1609,19120,270,313,1610,19433,California
San Francisco,2021-01-07,2079,21825,1211,15182,868,6643,0,0,1603,20250,473,786,1603,21036,California
San Francisco,2021-01-08,2344,24169,1646,16828,698,7341,0,0,1478,20867,861,1647,1478,22514,California
San Francisco,2021-01-09,1404,25573,905,17733,499,7840,0,0,893,21251,511,2158,895,23409,California
San Francisco,2021-01-10,924,26497,542,18275,382,8222,0,0,465,21258,458,2616,465,23874,California
San Francisco,2021-01-11,2521,29018,1877,20152,644,8866,0,0,1414,21564,1108,3724,1414,25288,California
San Francisco,2021-01-12,3114,32132,2071,22223,1043,9909,0,0,1907,22266,1207,4931,1909,27197,California
San Francisco,2021-01-13,2858,34990,1623,23846,1235,11144,0,0,2011,23430,847,5778,2011,29208,California
San Francisco,2021-01-14,2464,37454,1115,24961,1349,12493,0,0,1895,24756,569,6347,1895,31103,California
San Francisco,2021-01-15,2770,40224,1162,26123,1608,14101,0,0,2369,26728,399,6746,2371,33474,California
San Francisco,2021-01-16,2277,42501,973,27096,1304,15405,0,0,2107,28667,170,6916,2109,35583,California
San Francisco,2021-01-17,1949,44450,537,27633,1412,16817,0,0,1730,30178,219,7135,1730,37313,California
San Francisco,2021-01-18,1396,45846,609,28242,787,17604,0,0,1127,31038,268,7403,1128,38441,California
San Francisco,2021-01-19,2602,48448,1480,29722,1122,18726,0,0,1847,32130,755,8158,1847,40288,California
San Francisco,2021-01-20,2793,51241,1140,30862,1653,20379,0,0,2028,33396,763,8921,2029,42317,California
San Francisco,2021-01-21,3357,54598,949,31811,2408,22787,0,0,2517,35074,839,9760,2517,44834,California
San Francisco,2021-01-22,3233,57831,654,32465,2579,25366,0,0,2783,37409,448,10208,2783,47617,California
San Francisco,2021-01-23,3124,60955,616,33081,2508,27874,0,0,2750,39787,373,10581,2751,50368,California
San Francisco,2021-01-24,2444,63399,367,33448,2077,29951,0,0,2209,41764,232,10813,2209,52577,California
San Francisco,2021-01-25,4663,68062,1843,35291,2820,32771,0,0,3065,43235,1595,12408,3066,55643,California
San Francisco,2021-01-26,4764,72826,2189,37480,2575,35346,0,0,3108,44692,1653,14061,3110,58753,California
San Francisco,2021-01-27,4399,77225,1992,39472,2407,37753,0,0,3087,46469,1310,15371,3087,61840,California
San Francisco,2021-01-28,3813,81038,1576,41048,2237,39990,0,0,2639,47941,1168,16539,2640,64480,California
San Francisco,2021-01-29,4780,85818,1698,42746,3082,43072,0,0,3482,50131,1292,17831,3482,67962,California
San Francisco,2021-01-30,3834,89652,1859,44605,1975,45047,0,0,3367,53036,466,18297,3371,71333,California
San Francisco,2021-01-31,2371,92023,827,45432,1544,46591,0,0,2219,55104,152,18449,2220,73553,California
San Francisco,2021-02-01,4004,96027,1712,47144,2292,48883,0,0,2924,56949,1080,19529,2925,76478,California
San Francisco,2021-02-02,4553,100580,1820,48964,2733,51616,0,0,2953,58308,1595,21124,2954,79432,California
San Francisco,2021-02-03,5095,105675,2392,51356,2703,54319,0,0,3777,60770,1316,22440,3778,83210,California
San Francisco,2021-02-04,5056,110731,2437,53793,2619,56938,0,0,3876,63471,1178,23618,3879,87089,California
San Francisco,2021-02-05,6050,116781,3278,57071,2772,59710,0,0,4688,66802,1360,24978,4691,91780,California
San Francisco,2021-02-06,5574,122355,3757,60828,1817,61527,0,0,4671,70577,899,25877,4674,96454,California
San Francisco,2021-02-07,4436,126791,3287,64115,1149,62676,0,0,3856,73859,577,26454,3859,100313,California
San Francisco,2021-02-08,6890,133681,4769,68884,2121,64797,0,0,5651,78290,1223,27677,5654,105967,California
San Francisco,2021-02-09,6049,139730,4094,72978,1955,66752,0,0,4479,81200,1570,29247,4480,110447,California
San Francisco,2021-02-10,6978,146708,4268,77246,2710,69462,0,0,5159,84552,1811,31058,5163,115610,California
San Francisco,2021-02-11,6812,153520,4061,81307,2751,72213,0,0,4974,87697,1833,32891,4978,120588,California
San Francisco,2021-02-12,5387,158907,2725,84032,2662,74875,0,0,3533,89376,1854,34745,3533,124121,California
San Francisco,2021-02-13,4434,163341,2605,86637,1829,76704,0,0,3083,91111,1351,36096,3086,127207,California
San Francisco,2021-02-14,3465,166806,2283,88920,1182,77886,0,0,2331,92311,1133,37229,2333,129540,California
San Francisco,2021-02-15,2786,169592,1511,90431,1275,79161,0,0,1675,92877,1109,38338,1675,131215,California
San Francisco,2021-02-16,5128,174720,2826,93257,2302,81463,0,0,2996,93755,2125,40463,3003,134218,California
San Francisco,2021-02-17,5352,180072,2614,95871,2738,84201,0,0,2966,94347,2376,42839,2968,137186,California
San Francisco,2021-02-18,5402,185474,2632,98503,2770,86971,0,0,2806,94567,2592,45431,2812,139998,California
San Francisco,2021-02-19,5694,191168,2672,101175,3022,89993,0,0,2955,94789,2734,48165,2956,142954,California
San Francisco,2021-02-20,4565,195733,2199,103374,2366,92359,0,0,1713,93661,2842,51007,1714,144668,California
San Francisco,2021-02-21,2908,198641,1535,104909,1373,93732,0,0,1291,93345,1608,52615,1292,145960,California
San Francisco,2021-02-22,5206,203847,3241,108150,1965,95697,0,0,2616,93384,2580,55195,2619,148579,California
San Francisco,2021-02-23,5635,209482,3215,111365,2420,98117,0,0,2879,93515,2749,57944,2880,151459,California
San Francisco,2021-02-24,9168,218650,5188,116553,3980,102097,0,0,4896,94154,4260,62204,4899,156358,California
San Francisco,2021-02-25,10085,228735,7048,123601,3037,105134,0,0,6477,97028,3605,65809,6479,162837,California
San Francisco,2021-02-26,12459,241194,8108,131709,4351,109485,0,0,7344,99261,5112,70921,7345,170182,California
San Francisco,2021-02-27,9497,250691,6132,137841,3363,112848,2,2,4713,99206,4770,75691,4715,174897,California
San Francisco,2021-02-28,8006,258697,5743,143584,2263,115111,0,2,3888,98981,4114,79805,3889,178786,California
San Francisco,2021-03-01,11529,270226,7806,151390,3718,118829,5,7,5585,98656,5917,85722,5592,184378,California
San Francisco,2021-03-02,10120,280346,6835,158225,3285,122114,0,7,5688,99924,4421,90143,5689,190067,California
San Francisco,2021-03-03,11478,291824,6734,164959,4743,126857,1,8,6266,101000,5194,95337,6270,196337,California
San Francisco,2021-03-04,8891,300715,5602,170561,3289,130146,0,8,4993,102109,3886,99223,4995,201332,California
San Francisco,2021-03-05,9305,310020,5705,176266,3596,133742,4,12,5813,104451,3476,102699,5818,207150,California
San Francisco,2021-03-06,7211,317231,4721,180987,2281,136023,209,221,4490,106415,2732,105431,4696,211846,California
San Francisco,2021-03-07,5459,322690,4264,185251,1135,137158,60,281,3132,107268,2339,107770,3192,215038,California
San Francisco,2021-03-08,7570,330260,5499,190750,1882,139040,189,470,5983,111821,1618,109388,6171,221209,California
San Francisco,2021-03-09,8367,338627,5541,196291,2451,141491,375,845,6104,116030,2265,111653,6474,227683,California
San Francisco,2021-03-10,11291,349918,6634,202925,4155,145646,502,1347,7078,119419,4191,115844,7580,235263,California
San Francisco,2021-03-11,10151,360069,6394,209319,2786,148432,971,2318,6664,123576,3469,119313,7626,242889,California
San Francisco,2021-03-12,10915,370984,6377,215696,3193,151625,1345,3663,6087,126196,4806,124119,7426,250315,California
San Francisco,2021-03-13,6763,377747,3953,219649,1728,153353,1082,4745,4195,128913,2558,126677,5275,255590,California
San Francisco,2021-03-14,7596,385343,4941,224590,2410,155763,245,4990,3984,129546,3594,130271,4227,259817,California
San Francisco,2021-03-15,12162,397505,9308,233898,1908,157671,946,5936,8430,135194,3715,133986,9363,269180,California
San Francisco,2021-03-16,12281,409786,8372,242270,3449,161120,460,6396,8838,141075,3420,137406,9301,278481,California
San Francisco,2021-03-17,13623,423409,8460,250730,4529,165649,634,7030,9761,147632,3832,141238,10389,288870,California
San Francisco,2021-03-18,10142,433551,6896,257626,2622,168271,624,7654,5735,149599,4384,145622,6351,295221,California
San Francisco,2021-03-19,12467,446018,9110,266736,2886,171157,471,8125,6469,150560,5971,151593,6932,302153,California
San Francisco,2021-03-20,8958,454976,6591,273327,1898,173055,469,8594,5195,152496,3731,155324,5667,307820,California
San Francisco,2021-03-21,6649,461625,6096,279423,417,173472,136,8730,3741,153480,2891,158215,3875,311695,California
San Francisco,2021-03-22,9922,471547,6892,286315,2181,175653,849,9579,5087,154598,4810,163025,5928,317623,California
San Francisco,2021-03-23,11329,482876,7518,293833,3156,178809,655,10234,6285,156516,5014,168039,6932,324555,California
San Francisco,2021-03-24,12444,495320,9537,303370,2368,181177,539,10773,6192,157029,6209,174248,6722,331277,California
San Francisco,2021-03-25,12031,507351,8790,312160,2675,183852,566,11339,5839,157310,6120,180368,6401,337678,California
San Francisco,2021-03-26,12068,519419,8370,320530,3464,187316,234,11573,5844,157194,6189,186557,6073,343751,California
San Francisco,2021-03-27,8826,528245,5921,326451,2554,189870,351,11924,3764,156268,5040,191597,4114,347865,California
San Francisco,2021-03-28,6689,534934,5337,331788,1310,191180,42,11966,2979,155602,3684,195281,3018,350883,California
San Francisco,2021-03-29,11674,546608,8047,339835,3442,194622,185,12151,4828,153798,6815,202096,5011,355894,California
San Francisco,2021-03-30,11701,558309,7332,347167,4078,198700,291,12442,5518,153450,6157,208253,5809,361703,California
San Francisco,2021-03-31,12335,570644,8218,355385,3817,202517,300,12742,4911,151265,7390,215643,5205,366908,California
San Francisco,2021-04-01,14036,584680,7454,362839,4878,207395,1704,14446,6022,150997,7974,223617,7706,374614,California
San Francisco,2021-04-02,14925,599605,6594,369433,6439,213834,1892,16338,6960,151896,7940,231557,8839,383453,California
San Francisco,2021-04-03,10629,610234,4932,374365,3863,217697,1834,18172,4856,152825,5753,237310,6682,390135,California
San Francisco,2021-04-04,9079,619313,4817,379182,2598,220295,1664,19836,3587,152597,5475,242785,5247,395382,California
San Francisco,2021-04-05,16113,635426,9875,389057,4344,224639,1894,21730,6266,150933,9816,252601,8152,403534,California
San Francisco,2021-04-06,16159,651585,9568,398625,4521,229160,2070,23800,6280,149422,9852,262453,8341,411875,California
San Francisco,2021-04-07,16946,668531,10080,408705,4618,233778,2248,26048,7021,148773,9899,272352,9250,421125,California
San Francisco,2021-04-08,14271,682802,6780,415485,3045,236823,4446,30494,4639,148234,9594,281946,9055,430180,California
San Francisco,2021-04-09,15929,698731,7701,423186,4851,241674,3377,33871,6627,148949,9269,291215,9984,440164,California
San Francisco,2021-04-10,13386,712117,5724,428910,5893,247567,1769,35640,7130,151603,6230,297445,8884,449048,California
San Francisco,2021-04-11,10089,722206,7557,436467,1350,248917,1182,36822,5223,153149,4852,302297,6398,455446,California
San Francisco,2021-04-12,10667,732873,6933,443400,2579,251496,1155,37977,4891,153436,5753,308050,6040,461486,California
San Francisco,2021-04-13,10901,743774,7394,450794,3495,254991,12,37989,5499,153576,5376,313426,5516,467002,California
San Francisco,2021-04-14,13417,757191,8093,458887,5323,260314,1,37990,6383,152969,6994,320420,6387,473389,California
San Francisco,2021-04-15,13912,771103,9640,468527,4271,264585,1,37991,8214,155524,5665,326085,8220,481609,California
San Francisco,2021-04-16,13093,784196,8800,477327,4249,268834,44,38035,7744,157998,5319,331404,7793,489402,California
San Francisco,2021-04-17,10257,794453,7409,484736,2847,271681,1,38036,7249,162267,2990,334394,7259,496661,California
San Francisco,2021-04-18,6679,801132,5114,489850,1563,273244,2,38038,4127,163865,2533,336927,4131,500792,California
San Francisco,2021-04-19,10972,812104,8242,498092,2725,275969,5,38043,7050,167028,3904,340831,7067,507859,California
San Francisco,2021-04-20,12454,824558,7303,505395,5149,281118,2,38045,8604,171812,3823,344654,8607,516466,California
San Francisco,2021-04-21,10667,835225,7628,513023,3034,284152,5,38050,6507,174196,4134,348788,6518,522984,California
San Francisco,2021-04-22,10520,845745,7783,520806,2736,286888,1,38051,6066,175844,4426,353214,6074,529058,California
San Francisco,2021-04-23,10397,856142,5960,526766,4437,291325,0,38051,6176,177837,4190,357404,6183,535241,California
San Francisco,2021-04-24,7976,864118,5491,532257,2485,293810,0,38051,4714,179319,3241,360645,4723,539964,California
San Francisco,2021-04-25,5056,869174,4350,536607,700,294510,6,38057,2958,180202,2086,362731,2969,542933,California
San Francisco,2021-04-26,8225,877399,5824,542431,2389,296899,12,38069,4089,180212,4107,366838,4117,547050,California
San Francisco,2021-04-27,8726,886125,5864,548295,2692,299591,170,38239,4352,180396,4348,371186,4532,551582,California
San Francisco,2021-04-28,9514,895639,6578,554873,2746,302337,190,38429,4978,181066,4505,375691,5175,556757,California
San Francisco,2021-04-29,9401,905040,5465,560338,3742,306079,194,38623,4615,181129,4760,380451,4823,561580,California
San Francisco,2021-04-30,10910,915950,5207,565545,5502,311581,201,38824,3987,178443,6878,387329,4192,565772,California
San Francisco,2021-05-01,6957,922907,3594,569139,3247,314828,116,38940,1705,175048,5217,392546,1822,567594,California
San Francisco,2021-05-02,5326,928233,3088,572227,2140,316968,98,39038,965,171765,4351,396897,1068,568662,California
San Francisco,2021-05-03,9704,937937,6617,578844,2923,319891,164,39202,2463,167188,7212,404109,2635,571297,California
San Francisco,2021-05-04,9399,947336,6017,584861,3131,323022,251,39453,2292,162662,7074,411183,2548,573845,California
San Francisco,2021-05-05,8792,956128,6145,591006,2336,325358,311,39764,2154,158540,6591,417774,2469,576314,California
San Francisco,2021-05-06,10767,966895,8605,599611,1689,327047,473,40237,1844,151970,8889,426663,2319,578633,California
San Francisco,2021-05-07,10132,977027,6496,606107,3364,330411,272,40509,1636,145407,8469,435132,1906,580539,California
San Francisco,2021-05-08,8391,985418,3577,609684,4684,335095,130,40639,972,139123,7387,442519,1103,581642,California
San Francisco,2021-05-09,6703,992121,5841,615525,779,335874,83,40722,1212,134944,5468,447987,1289,582931,California
San Francisco,2021-05-10,6999,999120,4967,620492,1780,337654,252,40974,1048,130319,5923,453910,1298,584229,California
San Francisco,2021-05-11,7416,1006536,5334,625826,1863,339517,219,41193,1449,126053,5933,459843,1667,585896,California
San Francisco,2021-05-12,8169,1014705,5969,631795,1743,341260,457,41650,1856,122080,6281,466124,2308,588204,California
San Francisco,2021-05-13,11092,1025797,8145,639940,2721,343981,226,41876,4192,119632,6872,472996,4424,592628,California
San Francisco,2021-05-14,9321,1035118,6599,646539,2549,346530,173,42049,3017,116558,6274,479270,3200,595828,California
San Francisco,2021-05-15,7951,1043069,6261,652800,1634,348164,56,42105,3114,114919,4821,484091,3182,599010,California
San Francisco,2021-05-16,4974,1048043,4192,656992,722,348886,60,42165,1843,113711,3111,487202,1903,600913,California
San Francisco,2021-05-17,7254,1055297,5402,662394,1687,350573,165,42330,2471,111587,4763,491965,2639,603552,California
San Francisco,2021-05-18,8711,1064008,4985,667379,3550,354123,176,42506,1972,107043,6692,498657,2148,605700,California
San Francisco,2021-05-19,7487,1071495,5544,672923,1709,355832,234,42740,2451,104718,5008,503665,2683,608383,California
San Francisco,2021-05-20,5961,1077456,4015,676938,1695,357527,251,42991,1644,102327,4281,507946,1890,610273,California
San Francisco,2021-05-21,7199,1084655,4074,681012,2939,360466,186,43177,1837,99030,5315,513261,2018,612291,California
San Francisco,2021-05-22,4792,1089447,3613,684625,1088,361554,91,43268,2180,98708,2592,515853,2270,614561,California
San Francisco,2021-05-23,1831,1091278,1393,686018,363,361917,75,43343,834,98630,987,516840,909,615470,California
San Francisco,2021-05-24,4047,1095325,2859,688877,1026,362943,162,43505,1197,97165,2825,519665,1360,616830,California
San Francisco,2021-05-25,3698,1099023,2410,691287,1066,364009,222,43727,1100,95902,2580,522245,1317,618147,California
San Francisco,2021-05-26,3940,1102963,2551,693838,1243,365252,146,43873,1142,94416,2774,525019,1288,619435,California
San Francisco,2021-05-27,3713,1106676,2146,695984,1390,366642,177,44050,1207,93304,2495,527514,1383,620818,California
San Francisco,2021-05-28,3775,1110451,2157,698141,1457,368099,161,44211,1350,92415,2399,529913,1510,622328,California
San Francisco,2021-05-29,2017,1112468,1459,699600,456,368555,102,44313,876,92267,1120,531033,972,623300,California
San Francisco,2021-05-30,965,1113433,693,700293,235,368790,37,44350,401,92145,560,531593,438,623738,California
San Francisco,2021-05-31,255,1113688,207,700500,41,368831,7,44357,85,92068,169,531762,92,623830,California
San Francisco,2021-06-01,3576,1117264,2159,702659,1229,370060,188,44545,1251,91196,2308,534070,1436,625266,California
San Francisco,2021-06-02,2432,1119696,1755,704414,554,370614,123,44668,896,90686,1524,535594,1014,626280,California
San Francisco,2021-06-03,3979,1123675,2730,707144,1044,371658,205,44873,1060,89045,2901,538495,1260,627540,California
San Francisco,2021-06-04,5717,1129392,4840,711984,741,372399,136,45009,1397,86286,4287,542782,1528,629068,California
San Francisco,2021-06-05,3698,1133090,3123,715107,427,372826,148,45157,958,84662,2726,545508,1102,630170,California
San Francisco,2021-06-06,2315,1135405,2166,717273,111,372937,38,45195,507,83405,1802,547310,545,630715,California
San Francisco,2021-06-07,3635,1139040,3011,720284,488,373425,136,45331,954,81829,2664,549974,1088,631803,California
San Francisco,2021-06-08,2830,1141870,2226,722510,437,373862,167,45498,844,80865,1969,551943,1005,632808,California
San Francisco,2021-06-09,2315,1144185,1853,724363,325,374187,137,45635,666,80033,1633,553576,801,633609,California
San Francisco,2021-06-10,2492,1146677,1907,726270,395,374582,190,45825,783,79309,1697,555273,973,634582,California
San Francisco,2021-06-11,3149,1149826,2489,728759,496,375078,164,45989,942,78229,2184,557457,1104,635686,California
San Francisco,2021-06-12,3028,1152854,2625,731384,274,375352,129,46118,716,76774,2298,559755,843,636529,California
San Francisco,2021-06-13,912,1153766,791,732175,74,375426,47,46165,233,76382,671,560426,279,636808,California
San Francisco,2021-06-14,2511,1156277,2036,734211,324,375750,151,46316,888,75807,1612,562038,1037,637845,California
San Francisco,2021-06-15,1897,1158174,1472,735683,292,376042,133,46449,674,75400,1214,563252,807,638652,California
San Francisco,2021-06-16,1811,1159985,1364,737047,256,376298,191,46640,634,75057,1161,564413,818,639470,California
San Francisco,2021-06-17,1973,1161958,1520,738567,257,376555,196,46836,654,74598,1304,565717,845,640315,California
San Francisco,2021-06-18,2328,1164286,1733,740300,421,376976,174,47010,753,73959,1562,567279,923,641238,California
San Francisco,2021-06-19,1392,1165678,1181,741481,102,377078,109,47119,426,73539,952,568231,532,641770,California
San Francisco,2021-06-20,624,1166302,536,742017,55,377133,33,47152,260,73474,358,568589,293,642063,California
San Francisco,2021-06-21,743,1167045,539,742556,123,377256,81,47233,367,73552,370,568959,448,642511,California
San Joaquin,2020-12-15,14,14,14,14,0,0,0,0,14,14,0,0,14,14,California
San Joaquin,2020-12-16,308,322,308,322,0,0,0,0,308,322,0,0,308,322,California
San Joaquin,2020-12-17,322,644,322,644,0,0,0,0,322,644,0,0,322,644,California
San Joaquin,2020-12-18,539,1183,535,1179,4,4,0,0,539,1183,0,0,539,1183,California
San Joaquin,2020-12-19,189,1372,189,1368,0,4,0,0,189,1372,0,0,189,1372,California
San Joaquin,2020-12-20,117,1489,115,1483,2,6,0,0,117,1489,0,0,117,1489,California
San Joaquin,2020-12-21,499,1988,498,1981,1,7,0,0,499,1988,0,0,499,1988,California
San Joaquin,2020-12-22,979,2967,858,2839,121,128,0,0,978,2966,0,0,978,2966,California
San Joaquin,2020-12-23,988,3955,931,3770,57,185,0,0,986,3952,2,2,988,3954,California
San Joaquin,2020-12-24,219,4174,190,3960,29,214,0,0,218,4170,1,3,219,4173,California
San Joaquin,2020-12-25,16,4190,16,3976,0,214,0,0,16,4186,0,3,16,4189,California
San Joaquin,2020-12-26,103,4293,31,4007,72,286,0,0,103,4289,0,3,103,4292,California
San Joaquin,2020-12-27,45,4338,32,4039,13,299,0,0,45,4334,0,3,45,4337,California
San Joaquin,2020-12-28,631,4969,426,4465,205,504,0,0,631,4965,0,3,631,4968,California
San Joaquin,2020-12-29,797,5766,667,5132,130,634,0,0,797,5762,0,3,797,5765,California
San Joaquin,2020-12-30,1014,6780,718,5850,296,930,0,0,1012,6774,2,5,1014,6779,California
San Joaquin,2020-12-31,459,7239,204,6054,255,1185,0,0,459,7233,1,6,460,7239,California
San Joaquin,2021-01-01,23,7262,13,6067,10,1195,0,0,23,7256,0,6,23,7262,California
San Joaquin,2021-01-02,268,7530,245,6312,23,1218,0,0,268,7524,0,6,268,7530,California
San Joaquin,2021-01-03,37,7567,20,6332,17,1235,0,0,36,7559,1,7,36,7566,California
San Joaquin,2021-01-04,482,8049,340,6672,142,1377,0,0,480,8038,1,8,480,8046,California
San Joaquin,2021-01-05,988,9037,653,7325,335,1712,0,0,817,8721,171,179,854,8900,California
San Joaquin,2021-01-06,1233,10270,714,8039,519,2231,0,0,928,9353,300,479,932,9832,California
San Joaquin,2021-01-07,1090,11360,689,8728,401,2632,0,0,790,9847,297,776,791,10623,California
San Joaquin,2021-01-08,1217,12577,829,9557,388,3020,0,0,719,10073,497,1273,723,11346,California
San Joaquin,2021-01-09,379,12956,300,9857,79,3099,0,0,247,10189,132,1405,248,11594,California
San Joaquin,2021-01-10,224,13180,116,9973,108,3207,0,0,171,10308,52,1457,171,11765,California
San Joaquin,2021-01-11,1538,14718,1328,11301,210,3417,0,0,871,10581,666,2123,939,12704,California
San Joaquin,2021-01-12,1491,16209,1073,12374,418,3835,0,0,701,10568,786,2909,773,13477,California
San Joaquin,2021-01-13,1547,17756,909,13283,638,4473,0,0,960,10949,584,3493,965,14442,California
San Joaquin,2021-01-14,1765,19521,976,14259,789,5262,0,0,1418,12058,326,3819,1435,15877,California
San Joaquin,2021-01-15,1549,21070,554,14813,995,6257,0,0,1307,13158,227,4046,1327,17204,California
San Joaquin,2021-01-16,1140,22210,181,14994,959,7216,0,0,1108,14235,31,4077,1108,18312,California
San Joaquin,2021-01-17,1630,23840,138,15132,1492,8708,0,0,1587,15781,43,4120,1589,19901,California
San Joaquin,2021-01-18,744,24584,240,15372,504,9212,0,0,622,16285,118,4238,622,20523,California
San Joaquin,2021-01-19,1886,26470,905,16277,981,10193,0,0,1202,16816,679,4917,1210,21733,California
San Joaquin,2021-01-20,2097,28567,1287,17564,810,11003,0,0,1448,17628,642,5559,1454,23187,California
San Joaquin,2021-01-21,1988,30555,902,18466,1086,12089,0,0,1589,18834,392,5951,1598,24785,California
San Joaquin,2021-01-22,1962,32517,899,19365,1063,13152,0,0,1821,20521,136,6087,1823,26608,California
San Joaquin,2021-01-23,901,33418,400,19765,501,13653,0,0,613,20849,287,6374,615,27223,California
San Joaquin,2021-01-24,355,33773,137,19902,218,13871,0,0,332,21161,20,6394,332,27555,California
San Joaquin,2021-01-25,2007,35780,1148,21050,859,14730,0,0,1433,22026,571,6965,1436,28991,California
San Joaquin,2021-01-26,2164,37944,1116,22166,1048,15778,0,0,1541,22957,616,7581,1547,30538,California
San Joaquin,2021-01-27,1751,39695,775,22941,976,16754,0,0,1246,23710,500,8081,1253,31791,California
San Joaquin,2021-01-28,2063,41758,778,23719,1285,18039,0,0,1398,24456,661,8742,1407,33198,California
San Joaquin,2021-01-29,2172,43930,1050,24769,1122,19161,0,0,1818,25936,348,9090,1828,35026,California
San Joaquin,2021-01-30,2178,46108,358,25127,1820,20981,0,0,1999,27759,178,9268,2001,37027,California
San Joaquin,2021-01-31,1558,47666,179,25306,1379,22360,0,0,1493,29189,64,9332,1494,38521,California
San Joaquin,2021-02-01,2525,50191,1332,26638,1193,23553,0,0,1758,30183,767,10099,1761,40282,California
San Joaquin,2021-02-02,2588,52779,1154,27792,1434,24987,0,0,1977,31613,551,10650,1981,42263,California
San Joaquin,2021-02-03,3082,55861,1212,29004,1870,26857,0,0,2209,32964,866,11516,2217,44480,California
San Joaquin,2021-02-04,3554,59415,1819,30823,1735,28592,0,0,2652,34728,896,12412,2660,47140,California
San Joaquin,2021-02-05,3178,62593,1807,32630,1371,29963,0,0,2345,36265,822,13234,2359,49499,California
San Joaquin,2021-02-06,1094,63687,746,33376,348,30311,0,0,947,37069,144,13378,948,50447,California
San Joaquin,2021-02-07,622,64309,493,33869,129,30440,0,0,418,37289,199,13577,419,50866,California
San Joaquin,2021-02-08,1797,66106,1042,34911,755,31195,0,0,1452,38425,322,13899,1458,52324,California
San Joaquin,2021-02-09,2138,68244,1163,36074,975,32170,0,0,1588,39536,480,14379,1591,53915,California
San Joaquin,2021-02-10,2590,70834,1254,37328,1336,33506,0,0,1358,39685,1210,15589,1359,55274,California
San Joaquin,2021-02-11,2930,73764,1489,38817,1441,34947,0,0,1706,40206,1192,16781,1713,56987,California
San Joaquin,2021-02-12,2837,76601,1135,39952,1702,36649,0,0,1608,40612,1207,17988,1613,58600,California
San Joaquin,2021-02-13,2120,78721,397,40349,1723,38372,0,0,852,40216,1254,19242,858,59458,California
San Joaquin,2021-02-14,1917,80638,263,40612,1654,40026,0,0,698,39728,1187,20429,699,60157,California
San Joaquin,2021-02-15,1985,82623,823,41435,1162,41188,0,0,1188,40153,767,21196,1192,61349,California
San Joaquin,2021-02-16,3175,85798,1381,42816,1794,42982,0,0,1753,40511,1406,22602,1764,63113,California
San Joaquin,2021-02-17,3297,89095,1272,44088,2025,45007,0,0,1876,40985,1407,24009,1881,64994,California
San Joaquin,2021-02-18,3367,92462,1392,45480,1975,46982,0,0,1923,41507,1407,25416,1929,66923,California
San Joaquin,2021-02-19,4285,96747,2423,47903,1862,48844,0,0,2396,42068,1835,27251,2396,69319,California
San Joaquin,2021-02-20,1565,98312,664,48567,901,49745,0,0,1063,42632,499,27750,1063,70382,California
San Joaquin,2021-02-21,681,98993,515,49082,166,49911,0,0,430,42816,248,27998,432,70814,California
San Joaquin,2021-02-22,3563,102556,2513,51595,1050,50961,0,0,2545,44376,989,28987,2549,73363,California
San Joaquin,2021-02-23,4331,106887,2632,54227,1699,52660,0,0,2662,45406,1638,30625,2668,76031,California
San Joaquin,2021-02-24,5787,112674,3437,57664,2350,55010,0,0,4156,47961,1605,32230,4160,80191,California
San Joaquin,2021-02-25,6397,119071,3960,61624,2437,57447,0,0,4126,49868,2229,34459,4136,84327,California
San Joaquin,2021-02-26,5539,124610,2868,64492,2671,60118,0,0,3799,51970,1704,36163,3806,88133,California
San Joaquin,2021-02-27,5496,130106,1638,66130,3858,63976,0,0,2658,51861,2779,38942,2670,90803,California
San Joaquin,2021-02-28,3120,133226,1130,67260,1990,65966,0,0,2055,52883,1036,39978,2058,92861,California
San Joaquin,2021-03-01,4152,137378,1830,69090,2319,68285,3,3,2353,53468,1780,41758,2365,95226,California
San Joaquin,2021-03-02,4240,141618,1688,70778,2552,70837,0,3,2662,54631,1554,43312,2717,97943,California
San Joaquin,2021-03-03,5838,147456,3466,74244,2370,73207,2,5,4210,57239,1603,44915,4211,102154,California
San Joaquin,2021-03-04,5737,153193,2277,76521,3457,76664,3,8,3750,59022,1971,46886,3754,105908,California
San Joaquin,2021-03-05,4514,157707,1909,78430,2600,79264,5,13,3128,60791,1369,48255,3138,109046,California
San Joaquin,2021-03-06,3321,161028,2184,80614,1007,80271,130,143,2734,63076,583,48838,2868,111914,California
San Joaquin,2021-03-07,1227,162255,565,81179,614,80885,48,191,940,63780,269,49107,973,112887,California
San Joaquin,2021-03-08,3152,165407,1261,82440,1767,82652,124,315,2145,65053,995,50102,2268,115155,California
San Joaquin,2021-03-09,4045,169452,1835,84275,2079,84731,131,446,2684,66532,1341,51443,2820,117975,California
San Joaquin,2021-03-10,4669,174121,2482,86757,2046,86777,141,587,3435,68890,1218,52661,3576,121551,California
San Joaquin,2021-03-11,4978,179099,2367,89124,2007,88784,604,1191,2950,70435,2013,54674,3558,125109,California
San Joaquin,2021-03-12,6318,185417,3156,92280,2824,91608,338,1529,4168,72825,2123,56797,4513,129622,California
San Joaquin,2021-03-13,3076,188493,1463,93743,1488,93096,125,1654,2289,74468,779,57576,2422,132044,California
San Joaquin,2021-03-14,2175,190668,681,94424,1191,94287,303,1957,1030,74667,1138,58714,1337,133381,California
San Joaquin,2021-03-15,6110,196778,3515,97939,2191,96478,404,2361,3190,75391,2883,61597,3607,136988,California
San Joaquin,2021-03-16,6881,203659,3915,101854,2708,99186,258,2619,4048,76896,2808,64405,4313,141301,California
San Joaquin,2021-03-17,7845,211504,4702,106556,3072,102258,71,2690,4359,77893,3441,67846,4438,145739,California
San Joaquin,2021-03-18,7678,219182,4516,111072,2655,104913,507,3197,3776,78328,3856,71702,4291,150030,California
San Joaquin,2021-03-19,7971,227153,4673,115745,2753,107666,545,3742,4809,80605,3137,74839,5414,155444,California
San Joaquin,2021-03-20,3713,230866,2146,117891,1324,108990,243,3985,1839,80852,1848,76687,2095,157539,California
San Joaquin,2021-03-21,2135,233001,1515,119406,413,109403,207,4192,1167,81344,954,77641,1446,158985,California
San Joaquin,2021-03-22,4000,237001,2050,121456,1534,110937,416,4608,2363,82509,1620,79261,2785,161770,California
San Joaquin,2021-03-23,5409,242410,2657,124113,2584,113521,168,4776,3723,84744,1662,80923,3897,165667,California
San Joaquin,2021-03-24,6872,249282,4260,128373,2522,116043,90,4866,3021,84054,3809,84732,3119,168786,California
San Joaquin,2021-03-25,5593,254875,3323,131696,2222,118265,48,4914,3306,85151,2263,86995,3360,172146,California
San Joaquin,2021-03-26,6222,261097,2577,134273,3493,121758,152,5066,3249,85628,2945,89940,3422,175568,California
San Joaquin,2021-03-27,4691,265788,2631,136904,1984,123742,76,5142,1810,84668,2856,92796,1896,177464,California
San Joaquin,2021-03-28,2745,268533,1816,138720,904,124646,25,5167,1268,84619,1457,94253,1408,178872,California
San Joaquin,2021-03-29,4071,272604,2202,140922,1845,126491,24,5191,2033,84669,2022,96275,2072,180944,California
San Joaquin,2021-03-30,6254,278858,3187,144109,2975,129466,92,5283,3441,85439,2783,99058,3553,184497,California
San Joaquin,2021-03-31,6643,285501,4182,148291,2400,131866,61,5344,3351,85611,3265,102323,3437,187934,California
San Joaquin,2021-04-01,6458,291959,2998,151289,3371,135237,89,5433,2853,85036,3579,105902,3004,190938,California
San Joaquin,2021-04-02,6376,298335,2895,154184,2987,138224,494,5927,2516,84244,3833,109735,3041,193979,California
San Joaquin,2021-04-03,4170,302505,2350,156534,1494,139718,326,6253,2014,84458,2139,111874,2353,196332,California
San Joaquin,2021-04-04,2300,304805,1372,157906,720,140438,208,6461,1547,85492,742,112616,1776,198108,California
San Joaquin,2021-04-05,4814,309619,2852,160758,1718,142156,244,6705,2655,86255,2145,114761,2908,201016,California
San Joaquin,2021-04-06,7099,316718,4559,165317,2262,144418,278,6983,3362,86207,3706,118467,3658,204674,California
San Joaquin,2021-04-07,8372,325090,4557,169874,2230,146648,1585,8568,3519,86494,4831,123298,5118,209792,California
San Joaquin,2021-04-08,8805,333895,4716,174590,1951,148599,2138,10706,3324,86505,5453,128751,5464,215256,California
San Joaquin,2021-04-09,8989,342884,4371,178961,3050,151649,1568,12274,3308,85743,5656,134407,4894,220150,California
San Joaquin,2021-04-10,5266,348150,1667,180628,1686,153335,1913,14187,1799,85998,3455,137862,3710,223860,California
San Joaquin,2021-04-11,4299,352449,1769,182397,1364,154699,1166,15353,1976,86824,2310,140172,3136,226996,California
San Joaquin,2021-04-12,6085,358534,2465,184862,2071,156770,1549,16902,2416,87148,3647,143819,3971,230967,California
San Joaquin,2021-04-13,7563,366097,4376,189238,3178,159948,9,16911,4661,88945,2879,146698,4676,235643,California
San Joaquin,2021-04-14,7652,373749,3896,193134,3754,163702,2,16913,4626,90583,3003,149701,4641,240284,California
San Joaquin,2021-04-15,7932,381681,4715,197849,3217,166919,0,16913,4455,91605,3443,153144,4465,244749,California
San Joaquin,2021-04-16,7827,389508,4254,202103,3570,170489,3,16916,4750,93322,3047,156191,4764,249513,California
San Joaquin,2021-04-17,5207,394715,2821,204924,2384,172873,2,16918,3696,95539,1499,157690,3716,253229,California
San Joaquin,2021-04-18,2504,397219,1396,206320,1108,173981,0,16918,1336,95731,1152,158842,1344,254573,California
San Joaquin,2021-04-19,5217,402436,2823,209143,2394,176375,0,16918,2778,96109,2412,161254,2790,257363,California
San Joaquin,2021-04-20,6266,408702,3312,212455,2954,179329,0,16918,2962,95809,3274,164528,2974,260337,California
San Joaquin,2021-04-21,5684,414386,3153,215608,2531,181860,0,16918,2938,96063,2692,167220,2946,263283,California
San Joaquin,2021-04-22,5334,419720,3159,218767,2173,184033,2,16920,3086,96950,2219,169439,3106,266389,California
San Joaquin,2021-04-23,5959,425679,2852,221619,3106,187139,1,16921,3764,98548,2174,171613,3772,270161,California
San Joaquin,2021-04-24,5290,430969,3640,225259,1648,188787,2,16923,3446,100186,1816,173429,3454,273615,California
San Joaquin,2021-04-25,3081,434050,2594,227853,487,189274,0,16923,2046,101228,1011,174440,2053,275668,California
San Joaquin,2021-04-26,4065,438115,2663,230516,1398,190672,4,16927,2170,101527,1882,176322,2181,277849,California
San Joaquin,2021-04-27,4644,442759,2680,233196,1902,192574,62,16989,1980,100935,2642,178964,2050,279899,California
San Joaquin,2021-04-28,5593,448352,3369,236565,2144,194718,80,17069,2775,101013,2788,181752,2866,282765,California
San Joaquin,2021-04-29,4927,453279,2884,239449,1986,196704,57,17126,2530,101236,2376,184128,2599,285364,California
San Joaquin,2021-04-30,4998,458277,2446,241895,2485,199189,67,17193,2586,101507,2393,186521,2664,288028,California
San Joaquin,2021-05-01,3361,461638,1920,243815,1383,200572,58,17251,2140,102508,1211,187732,2212,290240,California
San Joaquin,2021-05-02,2311,463949,1606,245421,648,201220,57,17308,1179,102618,1128,188860,1238,291478,California
San Joaquin,2021-05-03,3338,467287,2264,247685,1000,202220,74,17382,1407,102193,1914,190774,1489,292967,California
San Joaquin,2021-05-04,4867,472154,3305,250990,1406,203626,156,17538,1789,101091,3058,193832,1956,294923,California
San Joaquin,2021-05-05,5114,477268,3550,254540,1401,205027,163,17701,2290,100756,2795,196627,2460,297383,California
San Joaquin,2021-05-06,4680,481948,3136,257676,1414,206441,130,17831,2037,100310,2626,199253,2180,299563,California
San Joaquin,2021-05-07,5131,487079,2962,260638,2016,208457,153,17984,1914,99192,3195,202448,2077,301640,California
San Joaquin,2021-05-08,3284,490363,2111,262749,1071,209528,102,18086,1213,98461,2055,204503,1324,302964,California
San Joaquin,2021-05-09,1488,491851,852,263601,566,210094,70,18156,590,98232,895,205398,666,303630,California
San Joaquin,2021-05-10,2821,494672,1483,265084,1213,211307,125,18281,932,97423,1871,207269,1062,304692,California
San Joaquin,2021-05-11,4202,498874,2216,267300,1865,213172,121,18402,1344,96078,2842,210111,1497,306189,California
San Joaquin,2021-05-12,4402,503276,2103,269403,2174,215346,125,18527,1464,94761,2920,213031,1603,307792,California
San Joaquin,2021-05-13,4769,508045,2792,272195,1888,217234,89,18616,1863,93838,2890,215921,1967,309759,California
San Joaquin,2021-05-14,5760,513805,3430,275625,2221,219455,109,18725,2432,93088,3299,219220,2549,312308,California
San Joaquin,2021-05-15,5245,519050,3120,278745,2045,221500,80,18805,1650,91258,3564,222784,1734,314042,California
San Joaquin,2021-05-16,3571,522621,2793,281538,729,222229,49,18854,1434,90625,2124,224908,1491,315533,California
San Joaquin,2021-05-17,4143,526764,2478,284016,1568,223797,97,18951,1793,90191,2334,227242,1900,317433,California
San Joaquin,2021-05-18,3955,530719,2282,286298,1554,225351,119,19070,1886,90142,2053,229295,2004,319437,California
San Joaquin,2021-05-19,4768,535487,2768,289066,1865,227216,135,19205,2106,89761,2631,231926,2250,321687,California
San Joaquin,2021-05-20,3946,539433,2360,291426,1482,228698,104,19309,1775,89494,2150,234076,1883,323570,California
San Joaquin,2021-05-21,4959,544392,2885,294311,1951,230649,123,19432,2277,89250,2654,236730,2410,325980,California
San Joaquin,2021-05-22,4006,548398,2496,296807,1416,232065,94,19526,1796,88953,2197,238927,1900,327880,California
San Joaquin,2021-05-23,2390,550788,1937,298744,409,232474,44,19570,1408,89438,971,239898,1456,329336,California
San Joaquin,2021-05-24,2954,553742,1689,300433,1172,233646,93,19663,1375,89348,1563,241461,1473,330809,California
San Joaquin,2021-05-25,3095,556837,1925,302358,1020,234666,150,19813,1470,89360,1607,243068,1619,332428,California
San Joaquin,2021-05-26,3870,560707,2384,304742,1411,236077,75,19888,1619,88822,2237,245305,1699,334127,California
San Joaquin,2021-05-27,2920,563627,1497,306239,1339,237416,84,19972,1142,88290,1761,247066,1229,335356,California
San Joaquin,2021-05-28,3096,566723,1657,307896,1349,238765,90,20062,1468,88254,1604,248670,1568,336924,California
San Joaquin,2021-05-29,2149,568872,1191,309087,922,239687,36,20098,974,88098,1171,249841,1015,337939,California
San Joaquin,2021-05-30,974,569846,521,309608,427,240114,26,20124,410,87978,559,250400,439,338378,California
San Joaquin,2021-05-31,619,570465,259,309867,353,240467,7,20131,238,87846,377,250777,245,338623,California
San Joaquin,2021-06-01,2429,572894,1471,311338,863,241330,95,20226,1166,87860,1254,252031,1268,339891,California
San Joaquin,2021-06-02,2711,575605,1605,312943,1052,242382,54,20280,1151,87525,1543,253574,1208,341099,California
San Joaquin,2021-06-03,2817,578422,1741,314684,1021,243403,55,20335,1088,86959,1714,255288,1148,342247,California
San Joaquin,2021-06-04,3131,581553,1922,316606,1101,244504,108,20443,1093,86148,2011,257299,1200,343447,California
San Joaquin,2021-06-05,2333,583886,1787,318393,495,244999,51,20494,1084,86131,1157,258456,1140,344587,California
San Joaquin,2021-06-06,1068,584954,857,319250,177,245176,34,20528,434,85984,615,259071,468,345055,California
San Joaquin,2021-06-07,2798,587752,2078,321328,679,245855,41,20569,983,85210,1808,260879,1034,346089,California
San Joaquin,2021-06-08,2742,590494,2079,323407,619,246474,44,20613,871,84271,1857,262736,918,347007,California
San Joaquin,2021-06-09,2835,593329,1971,325378,820,247294,44,20657,955,83411,1862,264598,1002,348009,California
San Joaquin,2021-06-10,2632,595961,1909,327287,656,247950,67,20724,998,82849,1629,266227,1067,349076,California
San Joaquin,2021-06-11,2823,598784,1934,329221,782,248732,107,20831,958,82059,1856,268083,1066,350142,California
San Joaquin,2021-06-12,1825,600609,1365,330586,429,249161,31,20862,613,81506,1206,269289,653,350795,California
San Joaquin,2021-06-13,949,601558,716,331302,192,249353,41,20903,431,81466,514,269803,474,351269,California
San Joaquin,2021-06-14,2188,603746,1474,332776,642,249995,72,20975,972,81305,1207,271010,1046,352315,California
San Joaquin,2021-06-15,2238,605984,1492,334268,668,250663,78,21053,871,80904,1355,272365,954,353269,California
San Joaquin,2021-06-16,2474,608458,1713,335981,679,251342,82,21135,893,80314,1567,273932,977,354246,California
San Joaquin,2021-06-17,2385,610843,1640,337621,690,252032,55,21190,874,79748,1496,275428,930,355176,California
San Joaquin,2021-06-18,2626,613469,1689,339310,874,252906,63,21253,1032,79260,1585,277013,1097,356273,California
San Joaquin,2021-06-19,1375,614844,856,340166,267,253173,252,21505,487,79120,881,277894,741,357014,California
San Joaquin,2021-06-20,628,615472,491,340657,111,253284,26,21531,280,79082,343,278237,305,357319,California
San Joaquin,2021-06-21,710,616182,341,340998,305,253589,64,21595,344,79126,364,278601,408,357727,California
San Luis Obispo,2020-12-16,4,4,4,4,0,0,0,0,4,4,0,0,4,4,California
San Luis Obispo,2020-12-17,196,200,196,200,0,0,0,0,196,200,0,0,196,200,California
San Luis Obispo,2020-12-18,225,425,225,425,0,0,0,0,225,425,0,0,225,425,California
San Luis Obispo,2020-12-19,165,590,165,590,0,0,0,0,165,590,0,0,165,590,California
San Luis Obispo,2020-12-20,216,806,216,806,0,0,0,0,216,806,0,0,216,806,California
San Luis Obispo,2020-12-21,550,1356,549,1355,1,1,0,0,550,1356,0,0,550,1356,California
San Luis Obispo,2020-12-22,310,1666,306,1661,4,5,0,0,310,1666,0,0,310,1666,California
San Luis Obispo,2020-12-23,680,2346,366,2027,314,319,0,0,680,2346,0,0,680,2346,California
San Luis Obispo,2020-12-24,194,2540,19,2046,175,494,0,0,194,2540,0,0,194,2540,California
San Luis Obispo,2020-12-25,2,2542,1,2047,1,495,0,0,2,2542,0,0,2,2542,California
San Luis Obispo,2020-12-26,91,2633,13,2060,78,573,0,0,91,2633,0,0,91,2633,California
San Luis Obispo,2020-12-27,76,2709,0,2060,76,649,0,0,76,2709,0,0,76,2709,California
San Luis Obispo,2020-12-28,881,3590,432,2492,449,1098,0,0,881,3590,0,0,881,3590,California
San Luis Obispo,2020-12-29,904,4494,503,2995,401,1499,0,0,904,4494,0,0,904,4494,California
San Luis Obispo,2020-12-30,1173,5667,680,3675,493,1992,0,0,1173,5667,0,0,1173,5667,California
San Luis Obispo,2020-12-31,108,5775,4,3679,104,2096,0,0,108,5775,0,0,108,5775,California
San Luis Obispo,2021-01-01,16,5791,9,3688,7,2103,0,0,16,5791,0,0,16,5791,California
San Luis Obispo,2021-01-02,34,5825,8,3696,26,2129,0,0,34,5825,0,0,34,5825,California
San Luis Obispo,2021-01-03,17,5842,6,3702,11,2140,0,0,17,5842,0,0,17,5842,California
San Luis Obispo,2021-01-04,681,6523,524,4226,157,2297,0,0,681,6523,0,0,681,6523,California
San Luis Obispo,2021-01-05,975,7498,753,4979,222,2519,0,0,972,7492,3,3,972,7495,California
San Luis Obispo,2021-01-06,727,8225,480,5459,247,2766,0,0,719,8204,7,10,719,8214,California
San Luis Obispo,2021-01-07,1128,9353,950,6409,178,2944,0,0,684,8444,444,454,684,8898,California
San Luis Obispo,2021-01-08,882,10235,804,7213,78,3022,0,0,512,8587,369,823,512,9410,California
San Luis Obispo,2021-01-09,206,10441,196,7409,10,3032,0,0,28,8437,178,1001,28,9438,California
San Luis Obispo,2021-01-10,12,10453,8,7417,4,3036,0,0,8,8441,4,1005,8,9446,California
San Luis Obispo,2021-01-11,561,11014,510,7927,51,3087,0,0,299,8479,261,1266,299,9745,California
San Luis Obispo,2021-01-12,599,11613,382,8309,217,3304,0,0,319,8518,280,1546,319,10064,California
San Luis Obispo,2021-01-13,886,12499,258,8567,628,3932,0,0,649,8932,235,1781,649,10713,California
San Luis Obispo,2021-01-14,729,13228,239,8806,490,4422,0,0,607,9426,113,1894,607,11320,California
San Luis Obispo,2021-01-15,734,13962,292,9098,442,4864,0,0,555,9807,174,2068,555,11875,California
San Luis Obispo,2021-01-16,100,14062,81,9179,19,4883,0,0,94,9895,6,2074,94,11969,California
San Luis Obispo,2021-01-17,64,14126,57,9236,7,4890,0,0,64,9959,0,2074,64,12033,California
San Luis Obispo,2021-01-18,1373,15499,390,9626,983,5873,0,0,1108,10802,265,2339,1108,13141,California
San Luis Obispo,2021-01-19,1574,17073,415,10041,1159,7032,0,0,1167,11563,407,2746,1168,14309,California
San Luis Obispo,2021-01-20,1893,18966,602,10643,1291,8323,0,0,1300,12273,591,3337,1301,15610,California
San Luis Obispo,2021-01-21,1577,20543,470,11113,1107,9430,0,0,1205,13111,368,3705,1206,16816,California
San Luis Obispo,2021-01-22,1523,22066,508,11621,1015,10445,0,0,1207,14004,314,4019,1207,18023,California
San Luis Obispo,2021-01-23,318,22384,299,11920,19,10464,0,0,302,14290,16,4035,302,18325,California
San Luis Obispo,2021-01-24,251,22635,243,12163,8,10472,0,0,245,14529,6,4041,245,18570,California
San Luis Obispo,2021-01-25,2077,24712,602,12765,1475,11947,0,0,1247,14946,830,4871,1247,19817,California
San Luis Obispo,2021-01-26,2006,26718,701,13466,1305,13252,0,0,1142,15224,864,5735,1142,20959,California
San Luis Obispo,2021-01-27,1619,28337,294,13760,1325,14577,0,0,1162,15929,457,6192,1162,22121,California
San Luis Obispo,2021-01-28,1501,29838,343,14103,1158,15735,0,0,1235,16900,264,6456,1235,23356,California
San Luis Obispo,2021-01-29,1752,31590,688,14791,1064,16799,0,0,1464,18076,288,6744,1464,24820,California
San Luis Obispo,2021-01-30,39,31629,18,14809,21,16820,0,0,28,18094,10,6754,28,24848,California
San Luis Obispo,2021-01-31,29,31658,19,14828,10,16830,0,0,27,18119,2,6756,27,24875,California
San Luis Obispo,2021-02-01,1714,33372,744,15572,970,17800,0,0,1407,19220,306,7062,1407,26282,California
San Luis Obispo,2021-02-02,1901,35273,680,16252,1221,19021,0,0,1526,20372,375,7437,1527,27809,California
San Luis Obispo,2021-02-03,1720,36993,731,16983,989,20010,0,0,1303,21258,417,7854,1303,29112,California
San Luis Obispo,2021-02-04,1669,38662,803,17786,866,20876,0,0,1099,21787,570,8424,1099,30211,California
San Luis Obispo,2021-02-05,1607,40269,716,18502,891,21767,0,0,1063,22306,545,8969,1064,31275,California
San Luis Obispo,2021-02-06,178,40447,108,18610,70,21837,0,0,98,22324,80,9049,98,31373,California
San Luis Obispo,2021-02-07,124,40571,79,18689,45,21882,0,0,72,22345,52,9101,73,31446,California
San Luis Obispo,2021-02-08,863,41434,473,19162,390,22272,0,0,503,22489,359,9460,503,31949,California
San Luis Obispo,2021-02-09,1131,42565,450,19612,681,22953,0,0,547,22465,578,10038,554,32503,California
San Luis Obispo,2021-02-10,1443,44008,491,20103,952,23905,0,0,528,22083,913,10951,531,33034,California
San Luis Obispo,2021-02-11,1339,45347,849,20952,490,24395,0,0,659,22064,678,11629,659,33693,California
San Luis Obispo,2021-02-12,792,46139,369,21321,423,24818,0,0,419,22110,373,12002,419,34112,California
San Luis Obispo,2021-02-13,394,46533,131,21452,263,25081,0,0,286,22289,107,12109,286,34398,California
San Luis Obispo,2021-02-14,317,46850,41,21493,276,25357,0,0,281,22535,36,12145,282,34680,California
San Luis Obispo,2021-02-15,730,47580,140,21633,590,25947,0,0,476,22758,253,12398,476,35156,California
San Luis Obispo,2021-02-16,2973,50553,1198,22831,1775,27722,0,0,1365,22515,1608,14006,1365,36521,California
San Luis Obispo,2021-02-17,2789,53342,1253,24084,1536,29258,0,0,1028,21789,1754,15760,1028,37549,California
San Luis Obispo,2021-02-18,2825,56167,1460,25544,1365,30623,0,0,1132,21238,1684,17444,1133,38682,California
San Luis Obispo,2021-02-19,1468,57635,1347,26891,121,30744,0,0,1138,22048,328,17772,1138,39820,California
San Luis Obispo,2021-02-20,257,57892,81,26972,176,30920,0,0,219,22229,38,17810,219,40039,California
San Luis Obispo,2021-02-21,57,57949,53,27025,4,30924,0,0,32,22236,25,17835,32,40071,California
San Luis Obispo,2021-02-22,2423,60372,1873,28898,550,31474,0,0,1474,22763,948,18783,1475,41546,California
San Luis Obispo,2021-02-23,1861,62233,1746,30644,115,31589,0,0,1366,23636,494,19277,1367,42913,California
San Luis Obispo,2021-02-24,2643,64876,1301,31945,1342,32931,0,0,837,22670,1803,21080,837,43750,California
San Luis Obispo,2021-02-25,2137,67013,1244,33189,893,33824,0,0,1208,22956,923,22003,1209,44959,California
San Luis Obispo,2021-02-26,2654,69667,1151,34340,1503,35327,0,0,1329,22970,1315,23318,1329,46288,California
San Luis Obispo,2021-02-27,585,70252,355,34695,230,35557,0,0,530,23445,55,23373,530,46818,California
San Luis Obispo,2021-02-28,195,70447,67,34762,128,35685,0,0,161,23573,33,23406,161,46979,California
San Luis Obispo,2021-03-01,3017,73464,1883,36645,1132,36817,2,2,2083,24725,934,24340,2086,49065,California
San Luis Obispo,2021-03-02,3045,76509,1913,38558,1132,37949,0,2,1889,25464,1151,25491,1890,50955,California
San Luis Obispo,2021-03-03,2354,78863,344,38902,2010,39959,0,2,854,24826,1493,26984,855,51810,California
San Luis Obispo,2021-03-04,2201,81064,1164,40066,1037,40996,0,2,1186,25002,1012,27996,1188,52998,California
San Luis Obispo,2021-03-05,2308,83372,1023,41089,1215,42211,70,72,1299,25376,995,28991,1369,54367,California
San Luis Obispo,2021-03-06,844,84216,311,41400,425,42636,108,180,621,25876,223,29214,723,55090,California
San Luis Obispo,2021-03-07,202,84418,31,41431,85,42721,86,266,72,25905,129,29343,158,55248,California
San Luis Obispo,2021-03-08,2740,87158,758,42189,1665,44386,317,583,1542,26571,1193,30536,1859,57107,California
San Luis Obispo,2021-03-09,2957,90115,972,43161,1737,46123,248,831,1524,26915,1429,31965,1773,58880,California
San Luis Obispo,2021-03-10,3204,93319,1240,44401,1680,47803,284,1115,1817,27634,1382,33347,2101,60981,California
San Luis Obispo,2021-03-11,3298,96617,1272,45673,1704,49507,322,1437,1804,28276,1484,34831,2126,63107,California
San Luis Obispo,2021-03-12,3256,99873,1278,46951,1639,51146,339,1776,1621,28611,1629,36460,1964,65071,California
San Luis Obispo,2021-03-13,801,100674,263,47214,430,51576,108,1884,430,28779,370,36830,538,65609,California
San Luis Obispo,2021-03-14,513,101187,53,47267,350,51926,110,1994,134,28645,378,37208,244,65853,California
San Luis Obispo,2021-03-15,3065,104252,1104,48371,1862,53788,99,2093,1528,28741,1534,38742,1630,67483,California
San Luis Obispo,2021-03-16,2860,107112,1511,49882,1238,55026,111,2204,1438,28874,1415,40157,1548,69031,California
San Luis Obispo,2021-03-17,3456,110568,1448,51330,1745,56771,263,2467,2008,29707,1437,41594,2270,71301,California
San Luis Obispo,2021-03-18,2829,113397,1451,52781,1164,57935,214,2681,1354,29806,1468,43062,1567,72868,California
San Luis Obispo,2021-03-19,2604,116001,1575,54356,707,58642,322,3003,963,29461,1632,44694,1287,74155,California
San Luis Obispo,2021-03-20,842,116843,503,54859,302,58944,37,3040,386,29429,455,45149,423,74578,California
San Luis Obispo,2021-03-21,188,117031,45,54904,139,59083,4,3044,158,29561,29,45178,161,74739,California
San Luis Obispo,2021-03-22,2706,119737,1170,56074,1488,60571,48,3092,1872,30651,830,46008,1920,76659,California
San Luis Obispo,2021-03-23,3393,123130,2215,58289,1148,61719,30,3122,2273,31839,1115,47123,2303,78962,California
San Luis Obispo,2021-03-24,3576,126706,2189,60478,1301,63020,86,3208,2661,33676,909,48032,2746,81708,California
San Luis Obispo,2021-03-25,3702,130408,2322,62800,1368,64388,12,3220,2652,35293,1046,49078,2663,84371,California
San Luis Obispo,2021-03-26,3267,133675,1809,64609,1025,65413,433,3653,1830,36124,1432,50510,2263,86634,California
San Luis Obispo,2021-03-27,991,134666,504,65113,396,65809,91,3744,450,36126,539,51049,541,87175,California
San Luis Obispo,2021-03-28,450,135116,154,65267,240,66049,56,3800,248,36229,201,51250,304,87479,California
San Luis Obispo,2021-03-29,2631,137747,1321,66588,1177,67226,133,3933,1683,37113,933,52183,1817,89296,California
San Luis Obispo,2021-03-30,3530,141277,1938,68526,1451,68677,141,4074,2342,38414,1181,53364,2482,91778,California
San Luis Obispo,2021-03-31,3896,145173,2481,71007,1268,69945,147,4221,2507,39689,1378,54742,2653,94431,California
San Luis Obispo,2021-04-01,3899,149072,2469,73476,1312,71257,118,4339,2722,41364,1163,55905,2838,97269,California
San Luis Obispo,2021-04-02,1753,150825,686,74162,752,72009,315,4654,950,41825,801,56706,1262,98531,California
San Luis Obispo,2021-04-03,1114,151939,555,74717,432,72441,127,4781,493,41828,617,57323,620,99151,California
San Luis Obispo,2021-04-04,391,152330,135,74852,216,72657,40,4821,242,41961,149,57472,282,99433,California
San Luis Obispo,2021-04-05,3616,155946,1940,76792,1565,74222,111,4932,2017,42493,1595,59067,2127,101560,California
San Luis Obispo,2021-04-06,4143,160089,2190,78982,1627,75849,326,5258,1968,42619,2167,61234,2293,103853,California
San Luis Obispo,2021-04-07,4279,164368,2339,81321,1574,77423,366,5624,2453,43624,1811,63045,2816,106669,California
San Luis Obispo,2021-04-08,4020,168388,2201,83522,1412,78835,407,6031,2148,44317,1863,64908,2556,109225,California
San Luis Obispo,2021-04-09,3696,172084,1761,85283,1175,80010,760,6791,1514,44415,2170,67078,2268,111493,California
San Luis Obispo,2021-04-10,1599,173683,571,85854,357,80367,671,7462,498,44480,1100,68178,1165,112658,California
San Luis Obispo,2021-04-11,315,173998,62,85916,186,80553,67,7529,124,44482,189,68367,191,112849,California
San Luis Obispo,2021-04-12,3419,177417,1716,87632,1541,82094,162,7691,1421,44068,1996,70363,1582,114431,California
San Luis Obispo,2021-04-13,3701,181118,2144,89776,1556,83650,1,7692,1988,44350,1709,72072,1991,116422,California
San Luis Obispo,2021-04-14,3608,184726,2060,91836,1543,85193,5,7697,1770,44302,1821,73893,1773,118195,California
San Luis Obispo,2021-04-15,3746,188472,2433,94269,1312,86505,1,7698,2019,44617,1707,75600,2022,120217,California
San Luis Obispo,2021-04-16,3692,192164,2253,96522,1435,87940,4,7702,1780,44498,1903,77503,1784,122001,California
San Luis Obispo,2021-04-17,1097,193261,433,96955,662,88602,2,7704,713,44830,383,77886,715,122716,California
San Luis Obispo,2021-04-18,324,193585,101,97056,222,88824,1,7705,113,44736,207,78093,113,122829,California
San Luis Obispo,2021-04-19,3211,196796,1358,98414,1815,90639,38,7743,1102,43778,2105,80198,1147,123976,California
San Luis Obispo,2021-04-20,3638,200434,2022,100436,1616,92255,0,7743,1332,42816,2296,82494,1334,125310,California
San Luis Obispo,2021-04-21,3988,204422,1836,102272,2152,94407,0,7743,1585,42022,2383,84877,1589,126899,California
San Luis Obispo,2021-04-22,4597,209019,2070,104342,2527,96934,0,7743,1416,40277,3163,88040,1418,128317,California
San Luis Obispo,2021-04-23,1409,210428,821,105163,584,97518,4,7747,700,40277,705,88745,705,129022,California
San Luis Obispo,2021-04-24,1082,211510,439,105602,624,98142,19,7766,509,40225,580,89325,528,129550,California
San Luis Obispo,2021-04-25,348,211858,162,105764,186,98328,0,7766,112,40104,233,89558,112,129662,California
San Luis Obispo,2021-04-26,1083,212941,397,106161,669,98997,17,7783,395,39839,676,90234,411,130073,California
San Luis Obispo,2021-04-27,3929,216870,1989,108150,1860,100857,80,7863,1544,39085,2377,92611,1623,131696,California
San Luis Obispo,2021-04-28,3815,220685,2102,110252,1641,102498,72,7935,1364,38082,2439,95050,1436,133132,California
San Luis Obispo,2021-04-29,3723,224408,2124,112376,1533,104031,66,8001,1254,36950,2453,97503,1321,134453,California
San Luis Obispo,2021-04-30,2986,227394,1674,114050,1238,105269,74,8075,922,35898,2046,99549,994,135447,California
San Luis Obispo,2021-05-01,471,227865,162,114212,274,105543,35,8110,98,35661,369,99918,132,135579,California
San Luis Obispo,2021-05-02,174,228039,54,114266,100,105643,20,8130,43,35593,131,100049,63,135642,California
San Luis Obispo,2021-05-03,895,228934,288,114554,498,106141,109,8239,226,35259,667,100716,333,135975,California
San Luis Obispo,2021-05-04,2958,231892,1910,116464,977,107118,71,8310,871,34118,2080,102796,939,136914,California
San Luis Obispo,2021-05-05,2819,234711,1861,118325,892,108010,66,8376,683,32744,2124,104920,750,137664,California
San Luis Obispo,2021-05-06,2834,237545,1911,120236,860,108870,63,8439,724,31438,2093,107013,787,138451,California
San Luis Obispo,2021-05-07,2341,239886,1763,121999,511,109381,67,8506,608,30402,1712,108725,676,139127,California
San Luis Obispo,2021-05-08,567,240453,332,122331,211,109592,24,8530,192,30261,357,109082,216,139343,California
San Luis Obispo,2021-05-09,163,240616,40,122371,104,109696,19,8549,45,30208,117,109199,64,139407,California
San Luis Obispo,2021-05-10,728,241344,155,122526,522,110218,51,8600,154,29842,569,109768,203,139610,California
San Luis Obispo,2021-05-11,1185,242529,593,123119,517,110735,75,8675,360,29458,819,110587,435,140045,California
San Luis Obispo,2021-05-12,2451,244980,1605,124724,763,111498,83,8758,675,28457,1759,112346,758,140803,California
San Luis Obispo,2021-05-13,1145,246125,715,125439,368,111866,62,8820,476,28331,663,113009,537,141340,California
San Luis Obispo,2021-05-14,2241,248366,1637,127076,552,112418,52,8872,927,28013,1296,114305,978,142318,California
San Luis Obispo,2021-05-15,986,249352,454,127530,498,112916,34,8906,463,27990,521,114826,498,142816,California
San Luis Obispo,2021-05-16,307,249659,164,127694,137,113053,6,8912,174,28038,132,114958,180,142996,California
San Luis Obispo,2021-05-17,1687,251346,976,128670,651,113704,60,8972,668,27756,1010,115968,728,143724,California
San Luis Obispo,2021-05-18,1896,253242,1160,129830,706,114410,30,9002,725,27347,1165,117133,756,144480,California
San Luis Obispo,2021-05-19,1453,254695,625,130455,765,115175,63,9065,410,26782,1037,118170,472,144952,California
San Luis Obispo,2021-05-20,1143,255838,504,130959,602,115777,37,9102,344,26375,788,118958,381,145333,California
San Luis Obispo,2021-05-21,1077,256915,573,131532,463,116240,41,9143,507,26363,560,119518,548,145881,California
San Luis Obispo,2021-05-22,670,257585,325,131857,323,116563,22,9165,331,26384,332,119850,353,146234,California
San Luis Obispo,2021-05-23,146,257731,68,131925,72,116635,6,9171,51,26347,94,119944,57,146291,California
San Luis Obispo,2021-05-24,562,258293,262,132187,266,116901,34,9205,202,26225,358,120302,236,146527,California
San Luis Obispo,2021-05-25,875,259168,431,132618,417,117318,27,9232,349,26082,518,120820,375,146902,California
San Luis Obispo,2021-05-26,2144,261312,989,133607,1099,118417,56,9288,668,25335,1470,122290,723,147625,California
San Luis Obispo,2021-05-27,1878,263190,666,134273,1179,119596,33,9321,487,24468,1386,123676,519,148144,California
San Luis Obispo,2021-05-28,895,264085,465,134738,409,120005,21,9342,477,24550,416,124092,498,148642,California
San Luis Obispo,2021-05-29,376,264461,151,134889,214,120219,11,9353,212,24611,163,124255,224,148866,California
San Luis Obispo,2021-05-30,88,264549,35,134924,45,120264,8,9361,34,24599,53,124308,41,148907,California
San Luis Obispo,2021-05-31,41,264590,5,134929,23,120287,13,9374,16,24603,24,124332,28,148935,California
San Luis Obispo,2021-06-01,750,265340,326,135255,393,120680,31,9405,269,24426,477,124809,300,149235,California
San Luis Obispo,2021-06-02,632,265972,287,135542,304,120984,41,9446,186,24212,440,125249,226,149461,California
San Luis Obispo,2021-06-03,917,266889,453,135995,432,121416,32,9478,253,23836,661,125910,285,149746,California
San Luis Obispo,2021-06-04,2472,269361,1522,137517,910,122326,40,9518,701,22816,1759,127669,739,150485,California
San Luis Obispo,2021-06-05,659,270020,286,137803,352,122678,21,9539,322,22822,337,128006,343,150828,California
San Luis Obispo,2021-06-06,185,270205,132,137935,44,122722,9,9548,46,22738,139,128145,55,150883,California
San Luis Obispo,2021-06-07,549,270754,358,138293,150,122872,41,9589,156,22544,391,128536,197,151080,California
San Luis Obispo,2021-06-08,784,271538,526,138819,217,123089,41,9630,245,22295,535,129071,286,151366,California
San Luis Obispo,2021-06-09,621,272159,353,139172,237,123326,31,9661,185,22077,434,129505,216,151582,California
San Luis Obispo,2021-06-10,757,272916,365,139537,353,123679,39,9700,236,21833,519,130024,275,151857,California
San Luis Obispo,2021-06-11,927,273843,541,140078,350,124029,36,9736,345,21637,578,130602,382,152239,California
San Luis Obispo,2021-06-12,391,274234,267,140345,121,124150,3,9739,167,21584,223,130825,170,152409,California
San Luis Obispo,2021-06-13,159,274393,91,140436,65,124215,3,9742,42,21512,117,130942,45,152454,California
San Luis Obispo,2021-06-14,455,274848,298,140734,126,124341,31,9773,130,21349,322,131264,159,152613,California
San Luis Obispo,2021-06-15,638,275486,396,141130,204,124545,38,9811,237,21226,397,131661,274,152887,California
San Luis Obispo,2021-06-16,598,276084,361,141491,207,124752,30,9841,180,21024,411,132072,209,153096,California
San Luis Obispo,2021-06-17,597,276681,340,141831,232,124984,25,9866,199,20851,397,132469,224,153320,California
San Luis Obispo,2021-06-18,627,277308,363,142194,220,125204,44,9910,252,20775,372,132841,296,153616,California
San Luis Obispo,2021-06-19,225,277533,110,142304,101,125305,14,9924,85,20736,138,132979,99,153715,California
San Luis Obispo,2021-06-20,110,277643,72,142376,31,125336,7,9931,46,20726,63,133042,53,153768,California
San Luis Obispo,2021-06-21,216,277859,160,142536,51,125387,5,9936,87,20691,127,133169,92,153860,California
San Mateo,2020-12-15,27,27,27,27,0,0,0,0,27,27,0,0,27,27,California
San Mateo,2020-12-16,110,137,110,137,0,0,0,0,110,137,0,0,110,137,California
San Mateo,2020-12-17,171,308,171,308,0,0,0,0,171,308,0,0,171,308,California
San Mateo,2020-12-18,773,1081,771,1079,2,2,0,0,773,1081,0,0,773,1081,California
San Mateo,2020-12-19,504,1585,504,1583,0,2,0,0,504,1585,0,0,504,1585,California
San Mateo,2020-12-20,504,2089,503,2086,1,3,0,0,504,2089,0,0,504,2089,California
San Mateo,2020-12-21,1139,3228,1138,3224,1,4,0,0,1139,3228,0,0,1139,3228,California
San Mateo,2020-12-22,1513,4741,1505,4729,8,12,0,0,1512,4740,0,0,1512,4740,California
San Mateo,2020-12-23,1554,6295,1366,6095,188,200,0,0,1554,6294,0,0,1554,6294,California
San Mateo,2020-12-24,859,7154,607,6702,252,452,0,0,859,7153,0,0,859,7153,California
San Mateo,2020-12-25,117,7271,114,6816,3,455,0,0,117,7270,0,0,117,7270,California
San Mateo,2020-12-26,560,7831,417,7233,143,598,0,0,560,7830,0,0,560,7830,California
San Mateo,2020-12-27,307,8138,176,7409,131,729,0,0,307,8137,0,0,307,8137,California
San Mateo,2020-12-28,1050,9188,709,8118,341,1070,0,0,1050,9187,0,0,1050,9187,California
San Mateo,2020-12-29,1131,10319,714,8832,417,1487,0,0,1131,10318,0,0,1131,10318,California
San Mateo,2020-12-30,1265,11584,764,9596,501,1988,0,0,1265,11583,0,0,1265,11583,California
San Mateo,2020-12-31,710,12294,231,9827,479,2467,0,0,709,12291,1,1,709,12292,California
San Mateo,2021-01-01,112,12406,76,9903,36,2503,0,0,112,12403,0,1,112,12404,California
San Mateo,2021-01-02,394,12800,267,10170,127,2630,0,0,394,12797,0,1,394,12798,California
San Mateo,2021-01-03,285,13085,210,10380,75,2705,0,0,282,13076,3,4,282,13080,California
San Mateo,2021-01-04,1043,14128,673,11053,370,3075,0,0,1043,14119,0,4,1043,14123,California
San Mateo,2021-01-05,1212,15340,715,11768,497,3572,0,0,1180,15268,32,36,1181,15304,California
San Mateo,2021-01-06,1451,16791,955,12723,496,4068,0,0,1261,16343,187,223,1262,16566,California
San Mateo,2021-01-07,1455,18246,816,13539,639,4707,0,0,1148,17191,300,523,1148,17714,California
San Mateo,2021-01-08,1857,20103,1207,14746,650,5357,0,0,1146,17632,705,1228,1146,18860,California
San Mateo,2021-01-09,1172,21275,773,15519,399,5756,0,0,716,17892,456,1684,716,19576,California
San Mateo,2021-01-10,702,21977,576,16095,126,5882,0,0,262,17714,440,2124,262,19838,California
San Mateo,2021-01-11,2595,24572,1488,17583,1107,6989,0,0,1531,18182,1065,3189,1533,21371,California
San Mateo,2021-01-12,3439,28011,1927,19510,1512,8501,0,0,2220,19196,1210,4399,2224,23595,California
San Mateo,2021-01-13,3411,31422,1666,21176,1745,10246,0,0,2366,20519,1045,5444,2368,25963,California
San Mateo,2021-01-14,3792,35214,1604,22780,2188,12434,0,0,3099,22930,693,6137,3104,29067,California
San Mateo,2021-01-15,4340,39554,1731,24511,2609,15043,0,0,3792,26178,546,6683,3794,32861,California
San Mateo,2021-01-16,3094,42648,771,25282,2323,17366,0,0,2763,28612,330,7013,2764,35625,California
San Mateo,2021-01-17,1310,43958,308,25590,1002,18368,0,0,1101,29504,209,7222,1101,36726,California
San Mateo,2021-01-18,1359,45317,536,26126,823,19191,0,0,979,30106,377,7599,979,37705,California
San Mateo,2021-01-19,2795,48112,1793,27919,1002,20193,0,0,1991,31296,801,8400,1991,39696,California
San Mateo,2021-01-20,2798,50910,1548,29467,1250,21443,0,0,1948,32398,847,9247,1949,41645,California
San Mateo,2021-01-21,2855,53765,1294,30761,1561,23004,0,0,2269,34086,584,9831,2272,43917,California
San Mateo,2021-01-22,2811,56576,1148,31909,1663,24667,0,0,2518,36314,291,10122,2519,46436,California
San Mateo,2021-01-23,2871,59447,1674,33583,1197,25864,0,0,2510,38464,361,10483,2511,48947,California
San Mateo,2021-01-24,1505,60952,373,33956,1132,26996,0,0,1196,39353,308,10791,1197,50144,California
San Mateo,2021-01-25,4391,65343,3132,37088,1259,28255,0,0,3495,41959,893,11684,3499,53643,California
San Mateo,2021-01-26,4321,69664,3008,40096,1313,29568,0,0,3388,44417,931,12615,3389,57032,California
San Mateo,2021-01-27,2813,72477,1479,41575,1334,30902,0,0,1801,45213,1006,13621,1802,58834,California
San Mateo,2021-01-28,2805,75282,1359,42934,1446,32348,0,0,1946,46314,845,14466,1946,60780,California
San Mateo,2021-01-29,3007,78289,1369,44303,1638,33986,0,0,2152,47616,852,15318,2154,62934,California
San Mateo,2021-01-30,3491,81780,1488,45791,2003,35989,0,0,3032,50191,458,15776,3033,65967,California
San Mateo,2021-01-31,1675,83455,896,46687,779,36768,0,0,1513,51544,160,15936,1513,67480,California
San Mateo,2021-02-01,2932,86387,1358,48045,1574,38342,0,0,2214,53045,714,16650,2215,69695,California
San Mateo,2021-02-02,3204,89591,1733,49778,1471,39813,0,0,2170,54187,1030,17680,2172,71867,California
San Mateo,2021-02-03,5004,94595,2059,51837,2945,42758,0,0,3864,56915,1137,18817,3865,75732,California
San Mateo,2021-02-04,6184,100779,2505,54342,3679,46437,0,0,4905,60552,1274,20091,4911,80643,California
San Mateo,2021-02-05,6782,107561,2547,56889,4235,50672,0,0,4959,63706,1805,21896,4959,85602,California
San Mateo,2021-02-06,3267,110828,1913,58802,1354,52026,0,0,2607,65657,658,22554,2609,88211,California
San Mateo,2021-02-07,1886,112714,1345,60147,541,52567,0,0,1697,67165,189,22743,1697,89908,California
San Mateo,2021-02-08,5287,118001,2270,62417,3017,55584,0,0,3115,68172,2108,24851,3115,93023,California
San Mateo,2021-02-09,6148,124149,3204,65621,2944,58528,0,0,3314,68658,2828,27679,3314,96337,California
San Mateo,2021-02-10,6532,130681,3285,68906,3247,61775,0,0,3435,69008,3086,30765,3436,99773,California
San Mateo,2021-02-11,7041,137722,3582,72488,3459,65234,0,0,3795,69568,3237,34002,3797,103570,California
San Mateo,2021-02-12,6630,144352,2989,75477,3641,68875,0,0,4701,72349,1924,35926,4705,108275,California
San Mateo,2021-02-13,6106,150458,4029,79506,2077,70952,0,0,2630,71509,3471,39397,2631,110906,California
San Mateo,2021-02-14,4641,155099,3036,82542,1605,72557,0,0,1981,70837,2654,42051,1982,112888,California
San Mateo,2021-02-15,3127,158226,1439,83981,1688,74245,0,0,1763,71243,1358,43409,1764,114652,California
San Mateo,2021-02-16,7124,165350,1879,85860,5245,79490,0,0,5259,74641,1863,45272,5261,119913,California
San Mateo,2021-02-17,7052,172402,1935,87795,5117,84607,0,0,5024,77646,2021,47293,5026,124939,California
San Mateo,2021-02-18,6645,179047,4587,92382,2058,86665,0,0,4412,79832,2229,49522,4415,129354,California
San Mateo,2021-02-19,7782,186829,5597,97979,2185,88850,0,0,5766,83589,2009,51531,5766,135120,California
San Mateo,2021-02-20,3779,190608,2420,100399,1359,90209,0,0,2348,84513,1424,52955,2348,137468,California
San Mateo,2021-02-21,2620,193228,1784,102183,836,91045,0,0,1565,85031,1048,54003,1566,139034,California
San Mateo,2021-02-22,4445,197673,3239,105422,1206,92251,0,0,2814,86221,1625,55628,2815,141849,California
San Mateo,2021-02-23,4338,202011,3123,108545,1215,93466,0,0,2534,86960,1795,57423,2534,144383,California
San Mateo,2021-02-24,7354,209365,3309,111854,4045,97511,0,0,4884,89384,2461,59884,4885,149268,California
San Mateo,2021-02-25,9275,218640,4126,115980,5149,102660,0,0,6120,92367,3138,63022,6121,155389,California
San Mateo,2021-02-26,10004,228644,3857,119837,6147,108807,0,0,6934,96250,3055,66077,6938,162327,California
San Mateo,2021-02-27,6961,235605,3554,123391,3407,112214,0,0,3729,96761,3225,69302,3736,166063,California
San Mateo,2021-02-28,4429,240034,2740,126131,1689,113903,0,0,2660,97661,1761,71063,2661,168724,California
San Mateo,2021-03-01,5995,246029,3792,129923,2200,116103,3,3,2960,97606,3020,74083,2965,171689,California
San Mateo,2021-03-02,6200,252229,4415,134338,1784,117887,1,4,3567,98550,2625,76708,3569,175258,California
San Mateo,2021-03-03,8479,260708,3989,138327,4488,122375,2,6,3654,97394,4812,81520,3656,178914,California
San Mateo,2021-03-04,8518,269226,4003,142330,4512,126887,3,9,3830,96564,4665,86185,3835,182749,California
San Mateo,2021-03-05,9341,278567,6240,148570,3097,129984,4,13,6541,100332,2779,88964,6547,189296,California
San Mateo,2021-03-06,7960,286527,5555,154125,2230,132214,175,188,5840,104237,2109,91073,6014,195310,California
San Mateo,2021-03-07,3571,290098,2442,156567,1059,133273,70,258,2100,104942,1467,92540,2172,197482,California
San Mateo,2021-03-08,4492,294590,2545,159112,1729,135002,218,476,3284,107241,1201,93741,3500,200982,California
San Mateo,2021-03-09,5391,299981,2845,161957,2271,137273,275,751,3803,109740,1576,95317,4075,205057,California
San Mateo,2021-03-10,7204,307185,2912,164869,4006,141279,286,1037,4815,112466,2373,97690,5099,210156,California
San Mateo,2021-03-11,9099,316284,5725,170594,2985,144264,389,1426,3699,111182,5368,103058,4084,214240,California
San Mateo,2021-03-12,10560,326844,6677,177271,3499,147763,384,1810,3569,108163,6971,110029,3952,218192,California
San Mateo,2021-03-13,8225,335069,3488,180759,3103,150866,1634,3444,3992,109559,4220,114249,5616,223808,California
San Mateo,2021-03-14,4979,340048,3371,184130,1504,152370,104,3548,2641,109974,2330,116579,2745,226553,California
San Mateo,2021-03-15,7152,347200,4626,188756,2351,154721,175,3723,3742,110489,3403,119982,3918,230471,California
San Mateo,2021-03-16,11932,359132,4377,193133,7433,162154,122,3845,4785,108270,7128,127110,4909,235380,California
San Mateo,2021-03-17,10847,369979,4409,197542,6293,168447,145,3990,4854,107307,5963,133073,5000,240380,California
San Mateo,2021-03-18,7256,377235,4085,201627,2986,171433,185,4175,4286,108815,2962,136035,4470,244850,California
San Mateo,2021-03-19,7433,384668,4822,206449,1939,173372,672,4847,3553,109171,3869,139904,4225,249075,California
San Mateo,2021-03-20,8482,393150,6553,213002,1594,174966,335,5182,5421,111883,3043,142947,5755,254830,California
San Mateo,2021-03-21,4228,397378,3220,216222,781,175747,227,5409,2269,112428,1948,144895,2493,257323,California
San Mateo,2021-03-22,5239,402617,3580,219802,1242,176989,417,5826,2745,113111,2478,147373,3161,260484,California
San Mateo,2021-03-23,9797,412414,4481,224283,5123,182112,193,6019,4378,112294,5388,152761,4571,265055,California
San Mateo,2021-03-24,9481,421895,5461,229744,3878,185990,142,6161,4044,111113,5364,158125,4183,269238,California
San Mateo,2021-03-25,10151,432046,4950,234694,4891,190881,310,6471,4400,110180,5646,163771,4713,273951,California
San Mateo,2021-03-26,11261,443307,7767,242461,3326,194207,168,6639,4278,107686,6941,170712,4447,278398,California
San Mateo,2021-03-27,10611,453918,8151,250612,2356,196563,104,6743,4721,106639,5871,176583,4824,283222,California
San Mateo,2021-03-28,4247,458165,2764,253376,1373,197936,110,6853,1980,106474,2257,178840,2092,285314,California
San Mateo,2021-03-29,6012,464177,3740,257116,2019,199955,253,7106,2676,106087,3316,182156,2929,288243,California
San Mateo,2021-03-30,7138,471315,4062,261178,2923,202878,153,7259,3834,106787,3287,185443,3987,292230,California
San Mateo,2021-03-31,7273,478588,4591,265769,2538,205416,144,7403,3809,107294,3446,188889,3953,296183,California
San Mateo,2021-04-01,10611,489199,5243,271012,4162,209578,1206,8609,5702,109339,4859,193748,6904,303087,California
San Mateo,2021-04-02,10883,500082,5187,276199,4035,213613,1661,10270,5665,111461,5196,198944,7318,310405,California
San Mateo,2021-04-03,10022,510104,5720,281919,2465,216078,1837,12107,5075,113434,4938,203882,6911,317316,California
San Mateo,2021-04-04,5429,515533,2610,284529,1566,217644,1253,13360,1692,112655,3721,207603,2942,320258,California
San Mateo,2021-04-05,8935,524468,4758,289287,2452,220096,1725,15085,3822,113102,5095,212698,5542,325800,California
San Mateo,2021-04-06,13289,537757,8239,297526,3195,223291,1855,16940,7517,116722,5756,218454,9376,335176,California
San Mateo,2021-04-07,11375,549132,5242,302768,4446,227737,1687,18627,4821,116689,6533,224987,6500,341676,California
San Mateo,2021-04-08,10173,559305,5035,307803,2534,230271,2604,21231,4507,118139,5647,230634,7097,348773,California
San Mateo,2021-04-09,11351,570656,5536,313339,3334,233605,2481,23712,5094,119452,6254,236888,7567,356340,California
San Mateo,2021-04-10,11350,582006,5750,319089,4152,237757,1448,25160,4685,118945,6634,243522,6127,362467,California
San Mateo,2021-04-11,6673,588679,3293,322382,871,238628,2509,27669,2308,119400,4358,247880,4813,367280,California
San Mateo,2021-04-12,7330,596009,4458,326840,1891,240519,981,28650,3548,120165,3760,251640,4525,371805,California
San Mateo,2021-04-13,8237,604246,5126,331966,3100,243619,11,28661,4389,120730,3836,255476,4401,376206,California
San Mateo,2021-04-14,8397,612643,5459,337425,2937,246556,1,28662,4338,121035,4041,259517,4346,380552,California
San Mateo,2021-04-15,11255,623898,7476,344901,3777,250333,2,28664,7412,124634,3816,263333,7415,387967,California
San Mateo,2021-04-16,10020,633918,6920,351821,3084,253417,16,28680,6380,127419,3617,266950,6402,394369,California
San Mateo,2021-04-17,9924,643842,6604,358425,3318,256735,2,28682,6200,129914,3714,270664,6209,400578,California
San Mateo,2021-04-18,5489,649331,2625,361050,2864,259599,0,28682,3703,131851,1772,272436,3709,404287,California
San Mateo,2021-04-19,8371,657702,5459,366509,2912,262511,0,28682,5464,134434,2892,275328,5475,409762,California
San Mateo,2021-04-20,10345,668047,5778,372287,4566,267077,1,28683,6672,137467,3651,278979,6684,416446,California
San Mateo,2021-04-21,9050,677097,6113,378400,2935,270012,2,28685,5611,139669,3417,282396,5619,422065,California
San Mateo,2021-04-22,9694,686791,6494,384894,3199,273211,1,28686,5390,140800,4268,286664,5399,427464,California
San Mateo,2021-04-23,9473,696264,6258,391152,3215,276426,0,28686,5342,142054,4104,290768,5358,432822,California
San Mateo,2021-04-24,11309,707573,8047,399199,3262,279688,0,28686,5847,142471,5438,296206,5855,438677,California
San Mateo,2021-04-25,5539,713112,3848,403047,1689,281377,2,28688,3959,144875,1564,297770,3968,442645,California
San Mateo,2021-04-26,6651,719763,4806,407853,1837,283214,8,28696,3888,146034,2750,300520,3909,446554,California
San Mateo,2021-04-27,11366,731129,7994,415847,3217,286431,155,28851,4645,144150,6688,307208,4804,451358,California
San Mateo,2021-04-28,7865,738994,4492,420339,3168,289599,205,29056,4214,144936,3637,310845,4423,455781,California
San Mateo,2021-04-29,8098,747092,3744,424083,4182,293781,172,29228,3670,144391,4399,315244,3854,459635,California
San Mateo,2021-04-30,8050,755142,5061,429144,2836,296617,153,29381,3412,143361,4612,319856,3582,463217,California
San Mateo,2021-05-01,6165,761307,4133,433277,1915,298532,117,29498,2688,142719,3458,323314,2816,466033,California
San Mateo,2021-05-02,3188,764495,1739,435016,1379,299911,70,29568,1157,141930,2022,325336,1233,467266,California
San Mateo,2021-05-03,6014,770509,4484,439500,1386,301297,144,29712,1837,139744,4168,329504,1982,469248,California
San Mateo,2021-05-04,7338,777847,4997,444497,2168,303465,173,29885,2488,137580,4836,334340,2672,471920,California
San Mateo,2021-05-05,6907,784754,4528,449025,2221,305686,158,30043,2389,135641,4488,338828,2549,474469,California
San Mateo,2021-05-06,8664,793418,6765,455790,1722,307408,177,30220,1750,130677,6894,345722,1930,476399,California
San Mateo,2021-05-07,8209,801627,5867,461657,2055,309463,287,30507,1830,126452,6354,352076,2129,478528,California
San Mateo,2021-05-08,6641,808268,4008,465665,2393,311856,240,30747,1842,123752,4786,356862,2086,480614,California
San Mateo,2021-05-09,3138,811406,2440,468105,624,312480,74,30821,1063,122825,2065,358927,1138,481752,California
San Mateo,2021-05-10,4630,816036,3331,471436,1128,313608,171,30992,755,119894,3865,362792,934,482686,California
San Mateo,2021-05-11,6739,822775,5046,476482,1564,315172,129,31121,1738,116776,4987,367779,1869,484555,California
San Mateo,2021-05-12,6946,829721,5056,481538,1675,316847,215,31336,1800,113662,5131,372910,2017,486572,California
San Mateo,2021-05-13,9645,839366,7216,488754,2333,319180,96,31432,3568,111296,6043,378953,3677,490249,California
San Mateo,2021-05-14,8405,847771,6236,494990,2056,321236,113,31545,2712,108455,5675,384628,2834,493083,California
San Mateo,2021-05-15,10408,858179,8121,503111,2186,323422,101,31646,4566,107312,5830,390458,4687,497770,California
San Mateo,2021-05-16,7169,865348,5097,508208,2003,325425,69,31715,2184,104600,4966,395424,2254,500024,California
San Mateo,2021-05-17,7076,872424,5011,513219,1955,327380,110,31825,2150,101953,4911,400335,2264,502288,California
San Mateo,2021-05-18,8467,880891,5850,519069,2520,329900,97,31922,3111,99938,5229,405564,3214,505502,California
San Mateo,2021-05-19,7895,888786,5910,524979,1863,331763,122,32044,3711,99637,4136,409700,3835,509337,California
San Mateo,2021-05-20,5634,894420,3468,528447,2031,333794,135,32179,2263,98690,3347,413047,2400,511737,California
San Mateo,2021-05-21,6986,901406,4761,533208,2081,335875,144,32323,2039,95947,4926,417973,2183,513920,California
San Mateo,2021-05-22,6377,907783,4336,537544,1973,337848,68,32391,2637,94934,3720,421693,2707,516627,California
San Mateo,2021-05-23,3021,910804,1673,539217,1259,339107,89,32480,1175,94364,1834,423527,1264,517891,California
San Mateo,2021-05-24,3460,914264,2242,541459,1069,340176,149,32629,1123,93315,2319,425846,1270,519161,California
San Mateo,2021-05-25,4764,919028,3001,544460,1584,341760,179,32808,1593,91940,3150,428996,1775,520936,California
San Mateo,2021-05-26,5699,924727,3069,547529,2512,344272,118,32926,1813,90005,3866,432862,1931,522867,California
San Mateo,2021-05-27,3769,928496,2193,549722,1477,345749,99,33025,1239,88835,2505,435367,1335,524202,California
San Mateo,2021-05-28,3480,931976,2190,551912,1205,346954,85,33110,1331,88141,2109,437476,1415,525617,California
San Mateo,2021-05-29,3223,935199,2290,554202,881,347835,52,33162,1315,87625,1882,439358,1366,526983,California
San Mateo,2021-05-30,1634,936833,1099,555301,474,348309,61,33223,646,87353,979,440337,707,527690,California
San Mateo,2021-05-31,441,937274,277,555578,155,348464,9,33232,164,87251,275,440612,173,527863,California
San Mateo,2021-06-01,3320,940594,1970,557548,1253,349717,97,33329,1046,86132,2261,442873,1142,529005,California
San Mateo,2021-06-02,2763,943357,1830,559378,854,350571,79,33408,1113,85687,1635,444508,1190,530195,California
San Mateo,2021-06-03,3814,947171,2997,562375,702,351273,115,33523,879,83755,2922,447430,990,531185,California
San Mateo,2021-06-04,4114,951285,3166,565541,852,352125,96,33619,1185,82113,2910,450340,1268,532453,California
San Mateo,2021-06-05,5153,956438,4510,570051,544,352669,99,33718,1099,79287,4024,454364,1198,533651,California
San Mateo,2021-06-06,2493,958931,2053,572104,379,353048,61,33779,541,77954,1931,456295,598,534249,California
San Mateo,2021-06-07,3107,962038,2604,574708,420,353468,83,33862,789,76513,2311,458606,870,535119,California
San Mateo,2021-06-08,4077,966115,3442,578150,531,353999,104,33966,1008,74592,3034,461640,1113,536232,California
San Mateo,2021-06-09,4144,970259,3565,581715,508,354507,71,34037,628,71785,3504,465144,697,536929,California
San Mateo,2021-06-10,2974,973233,2408,584123,450,354957,116,34153,778,70496,2183,467327,894,537823,California
San Mateo,2021-06-11,2841,976074,2281,586404,448,355405,112,34265,917,69610,1915,469242,1029,538852,California
San Mateo,2021-06-12,3156,979230,2817,589221,259,355664,80,34345,775,68098,2368,471610,856,539708,California
San Mateo,2021-06-13,1429,980659,1079,590300,288,355952,62,34407,360,67463,1057,472667,422,540130,California
San Mateo,2021-06-14,2414,983073,2090,592390,242,356194,82,34489,785,66731,1599,474266,867,540997,California
San Mateo,2021-06-15,2245,985318,1785,594175,341,356535,119,34608,684,65990,1544,475810,803,541800,California
San Mateo,2021-06-16,2428,987746,2015,596190,262,356797,151,34759,712,65175,1673,477483,858,542658,California
San Mateo,2021-06-17,1953,989699,1623,597813,249,357046,81,34840,706,64764,1198,478681,787,543445,California
San Mateo,2021-06-18,2106,991805,1767,599580,263,357309,76,34916,617,63983,1470,480151,689,544134,California
San Mateo,2021-06-19,1785,993590,1569,601149,158,357467,58,34974,597,63520,1118,481269,655,544789,California
San Mateo,2021-06-20,768,994358,696,601845,61,357528,11,34985,290,63376,445,481714,301,545090,California
San Mateo,2021-06-21,731,995089,526,602371,153,357681,52,35037,301,63303,427,482141,354,545444,California
Santa Barbara,2020-12-15,2,2,2,2,0,0,0,0,2,2,0,0,2,2,California
Santa Barbara,2020-12-16,2,4,2,4,0,0,0,0,2,4,0,0,2,4,California
Santa Barbara,2020-12-17,56,60,56,60,0,0,0,0,56,60,0,0,56,60,California
Santa Barbara,2020-12-18,382,442,381,441,1,1,0,0,382,442,0,0,382,442,California
Santa Barbara,2020-12-19,325,767,325,766,0,1,0,0,325,767,0,0,325,767,California
Santa Barbara,2020-12-20,235,1002,235,1001,0,1,0,0,235,1002,0,0,235,1002,California
Santa Barbara,2020-12-21,655,1657,653,1654,2,3,0,0,655,1657,0,0,655,1657,California
Santa Barbara,2020-12-22,246,1903,244,1898,2,5,0,0,246,1903,0,0,246,1903,California
Santa Barbara,2020-12-23,324,2227,206,2104,118,123,0,0,324,2227,0,0,324,2227,California
Santa Barbara,2020-12-24,88,2315,40,2144,48,171,0,0,88,2315,0,0,88,2315,California
Santa Barbara,2020-12-26,325,2640,66,2210,259,430,0,0,325,2640,0,0,325,2640,California
Santa Barbara,2020-12-27,62,2702,1,2211,61,491,0,0,62,2702,0,0,62,2702,California
Santa Barbara,2020-12-28,357,3059,224,2435,133,624,0,0,357,3059,0,0,357,3059,California
Santa Barbara,2020-12-29,561,3620,359,2794,202,826,0,0,561,3620,0,0,561,3620,California
Santa Barbara,2020-12-30,581,4201,398,3192,183,1009,0,0,581,4201,0,0,581,4201,California
Santa Barbara,2020-12-31,242,4443,115,3307,127,1136,0,0,242,4443,0,0,242,4443,California
Santa Barbara,2021-01-01,117,4560,111,3418,6,1142,0,0,117,4560,0,0,117,4560,California
Santa Barbara,2021-01-02,598,5158,232,3650,366,1508,0,0,598,5158,0,0,598,5158,California
Santa Barbara,2021-01-03,23,5181,15,3665,8,1516,0,0,23,5181,0,0,23,5181,California
Santa Barbara,2021-01-04,305,5486,242,3907,63,1579,0,0,304,5485,0,0,304,5485,California
Santa Barbara,2021-01-05,754,6240,380,4287,374,1953,0,0,726,6183,28,28,726,6211,California
Santa Barbara,2021-01-06,657,6897,276,4563,381,2334,0,0,596,6719,60,88,596,6807,California
Santa Barbara,2021-01-07,1032,7929,709,5272,323,2657,0,0,528,6747,500,588,528,7335,California
Santa Barbara,2021-01-08,1204,9133,847,6119,357,3014,0,0,709,6961,495,1083,709,8044,California
Santa Barbara,2021-01-09,565,9698,293,6412,272,3286,0,0,319,7034,246,1329,319,8363,California
Santa Barbara,2021-01-10,64,9762,51,6463,13,3299,0,0,47,7064,17,1346,47,8410,California
Santa Barbara,2021-01-11,845,10607,677,7140,168,3467,0,0,617,7454,227,1573,617,9027,California
Santa Barbara,2021-01-12,1440,12047,645,7785,795,4262,0,0,1281,8576,159,1732,1281,10308,California
Santa Barbara,2021-01-13,1220,13267,269,8054,951,5213,0,0,1094,9544,126,1858,1094,11402,California
Santa Barbara,2021-01-14,1258,14525,139,8193,1119,6332,0,0,1202,10692,55,1913,1203,12605,California
Santa Barbara,2021-01-15,1812,16337,429,8622,1383,7715,0,0,1729,12340,81,1994,1729,14334,California
Santa Barbara,2021-01-16,1280,17617,203,8825,1077,8792,0,0,1240,13541,39,2033,1240,15574,California
Santa Barbara,2021-01-17,127,17744,24,8849,103,8895,0,0,124,13662,3,2036,124,15698,California
Santa Barbara,2021-01-18,1156,18900,420,9269,736,9631,0,0,970,14446,186,2222,970,16668,California
Santa Barbara,2021-01-19,1645,20545,571,9840,1074,10705,0,0,1364,15532,278,2500,1364,18032,California
Santa Barbara,2021-01-20,2115,22660,549,10389,1566,12271,0,0,1758,16934,356,2856,1758,19790,California
Santa Barbara,2021-01-21,3208,25868,1924,12313,1284,13555,0,0,3048,19823,160,3016,3049,22839,California
Santa Barbara,2021-01-22,2939,28807,1784,14097,1155,14710,0,0,2776,22440,160,3176,2777,25616,California
Santa Barbara,2021-01-23,1731,30538,1100,15197,631,15341,0,0,1215,23140,515,3691,1215,26831,California
Santa Barbara,2021-01-24,844,31382,752,15949,92,15433,0,0,834,23964,10,3701,834,27665,California
Santa Barbara,2021-01-25,1240,32622,495,16444,745,16178,0,0,1005,24734,235,3936,1005,28670,California
Santa Barbara,2021-01-26,2093,34715,509,16953,1584,17762,0,0,1710,26063,381,4317,1710,30380,California
Santa Barbara,2021-01-27,1173,35888,404,17357,769,18531,0,0,911,26715,261,4578,913,31293,California
Santa Barbara,2021-01-28,896,36784,297,17654,599,19130,0,0,683,27188,210,4788,683,31976,California
Santa Barbara,2021-01-29,1351,38135,531,18185,820,19950,0,0,988,27819,359,5147,990,32966,California
Santa Barbara,2021-01-30,1912,40047,1423,19608,489,20439,0,0,1495,28900,414,5561,1495,34461,California
Santa Barbara,2021-01-31,1456,41503,1216,20824,240,20679,0,0,1417,30278,39,5600,1417,35878,California
Santa Barbara,2021-02-01,957,42460,530,21354,427,21106,0,0,558,30437,399,5999,558,36436,California
Santa Barbara,2021-02-02,1815,44275,683,22037,1132,22238,0,0,1044,30714,769,6768,1046,37482,California
Santa Barbara,2021-02-03,1957,46232,1081,23118,876,23114,0,0,1511,31792,435,7203,1513,38995,California
Santa Barbara,2021-02-04,2791,49023,1869,24987,922,24036,0,0,2493,33993,292,7495,2493,41488,California
Santa Barbara,2021-02-05,2910,51933,2066,27053,844,24880,0,0,2261,35607,647,8142,2261,43749,California
Santa Barbara,2021-02-06,1202,53135,339,27392,863,25743,0,0,793,35991,409,8551,793,44542,California
Santa Barbara,2021-02-07,309,53444,267,27659,42,25785,0,0,271,36225,37,8588,271,44813,California
Santa Barbara,2021-02-08,956,54400,310,27969,646,26431,0,0,667,36603,289,8877,667,45480,California
Santa Barbara,2021-02-09,2436,56836,312,28281,2124,28555,0,0,1117,36410,1310,10187,1117,46597,California
Santa Barbara,2021-02-10,2764,59600,1497,29778,1267,29822,0,0,775,35205,1981,12168,776,47373,California
Santa Barbara,2021-02-11,4198,63798,2816,32594,1382,31204,0,0,632,32283,3554,15722,632,48005,California
Santa Barbara,2021-02-12,3307,67105,948,33542,2359,33563,0,0,778,30538,2523,18245,778,48783,California
Santa Barbara,2021-02-13,1232,68337,339,33881,893,34456,0,0,561,30430,669,18914,561,49344,California
Santa Barbara,2021-02-14,339,68676,43,33924,296,34752,0,0,290,30672,49,18963,291,49635,California
Santa Barbara,2021-02-15,970,69646,340,34264,630,35382,0,0,494,30694,473,19436,495,50130,California
Santa Barbara,2021-02-16,2169,71815,454,34718,1715,37097,0,0,729,29987,1436,20872,729,50859,California
Santa Barbara,2021-02-17,1441,73256,322,35040,1119,38216,0,0,521,29595,916,21788,524,51383,California
Santa Barbara,2021-02-18,3263,76519,2657,37697,606,38822,0,0,1525,29419,1702,23490,1526,52909,California
Santa Barbara,2021-02-19,3584,80103,2632,40329,952,39774,0,0,2319,30477,1262,24752,2320,55229,California
Santa Barbara,2021-02-20,2232,82335,1447,41776,785,40559,0,0,1671,31597,551,25303,1671,56900,California
Santa Barbara,2021-02-21,139,82474,110,41886,29,40588,0,0,62,31584,75,25378,62,56962,California
Santa Barbara,2021-02-22,935,83409,245,42131,690,41278,0,0,272,31195,661,26039,272,57234,California
Santa Barbara,2021-02-23,3198,86607,1050,43181,2148,43426,0,0,425,28852,2769,28808,426,57660,California
Santa Barbara,2021-02-24,3224,89831,1102,44283,2122,45548,0,0,723,27083,2492,31300,723,58383,California
Santa Barbara,2021-02-25,3467,93298,1922,46205,1545,47093,0,0,993,25614,2466,33766,997,59380,California
Santa Barbara,2021-02-26,3669,96967,2178,48383,1491,48584,0,0,1972,25898,1689,35455,1973,61353,California
Santa Barbara,2021-02-27,1541,98508,563,48946,978,49562,0,0,860,26086,677,36132,865,62218,California
Santa Barbara,2021-02-28,1088,99596,223,49169,865,50427,0,0,895,26796,187,36319,897,63115,California
Santa Barbara,2021-03-01,1660,101256,481,49650,1177,51604,2,2,1100,27356,543,36862,1103,64218,California
Santa Barbara,2021-03-02,2667,103923,422,50072,2245,53849,0,2,2164,29032,490,37352,2166,66384,California
Santa Barbara,2021-03-03,4654,108577,2102,52174,2550,56399,2,4,4053,32501,591,37943,4060,70444,California
Santa Barbara,2021-03-04,3438,112015,2289,54463,1149,57548,0,4,2873,34821,555,38498,2875,73319,California
Santa Barbara,2021-03-05,3825,115840,2168,56631,1598,59146,59,63,3095,37251,725,39223,3155,76474,California
Santa Barbara,2021-03-06,2438,118278,731,57362,1487,60633,220,283,1672,38379,761,39984,1889,78363,California
Santa Barbara,2021-03-07,565,118843,123,57485,312,60945,130,413,384,38714,180,40164,515,78878,California
Santa Barbara,2021-03-08,1579,120422,378,57863,858,61803,343,756,795,39074,778,40942,1138,80016,California
Santa Barbara,2021-03-09,2814,123236,353,58216,1688,63491,773,1529,742,38518,2069,43011,1513,81529,California
Santa Barbara,2021-03-10,2784,126020,556,58772,1166,64657,1062,2591,1047,38895,1731,44742,2108,83637,California
Santa Barbara,2021-03-11,5595,131615,3039,61811,1438,66095,1118,3709,2280,38985,3301,48043,3391,87028,California
Santa Barbara,2021-03-12,3699,135314,2105,63916,1161,67256,433,4142,2187,40098,1504,49547,2617,89645,California
Santa Barbara,2021-03-13,3500,138814,1939,65855,1353,68609,208,4350,2700,42208,798,50345,2908,92553,California
Santa Barbara,2021-03-14,808,139622,393,66248,360,68969,55,4405,486,42430,321,50666,543,93096,California
Santa Barbara,2021-03-15,2120,141742,700,66948,1128,70097,292,4697,1271,43150,841,51507,1561,94657,California
Santa Barbara,2021-03-16,3736,145478,1181,68129,2213,72310,342,5039,2744,45250,987,52494,3087,97744,California
Santa Barbara,2021-03-17,3331,148809,981,69110,1946,74256,404,5443,2337,46996,991,53485,2737,100481,California
Santa Barbara,2021-03-18,5235,154044,2800,71910,2233,76489,202,5645,4008,49995,1211,54696,4210,104691,California
Santa Barbara,2021-03-19,4448,158492,2772,74682,1343,77832,333,5978,3056,51995,1388,56084,3388,108079,California
Santa Barbara,2021-03-20,2190,160682,840,75522,1333,79165,17,5995,1337,52501,850,56934,1356,109435,California
Santa Barbara,2021-03-21,1172,161854,385,75907,756,79921,31,6026,842,53048,327,57261,874,110309,California
Santa Barbara,2021-03-22,2785,164639,1921,77828,820,80741,44,6070,2224,54765,552,57813,2269,112578,California
Santa Barbara,2021-03-23,4481,169120,2260,80088,2120,82861,101,6171,3707,57808,764,58577,3807,116385,California
Santa Barbara,2021-03-24,5423,174543,3152,83240,1515,84376,756,6927,2970,59100,2430,61007,3722,120107,California
Santa Barbara,2021-03-25,5570,180113,3274,86514,2102,86478,194,7121,2787,59317,2764,63771,2981,123088,California
Santa Barbara,2021-03-26,5096,185209,3230,89744,1567,88045,299,7420,2247,59033,2831,66602,2547,125635,California
Santa Barbara,2021-03-27,2965,188174,1228,90972,1694,89739,43,7463,1627,59367,1334,67936,1668,127303,California
Santa Barbara,2021-03-28,2784,190958,1658,92630,1098,90837,28,7491,1894,60404,886,68822,1923,129226,California
Santa Barbara,2021-03-29,4044,195002,2086,94716,1888,92725,70,7561,3230,62894,810,69632,3300,132526,California
Santa Barbara,2021-03-30,6806,201808,3510,98226,3145,95870,151,7712,4537,65325,2254,71886,4685,137211,California
Santa Barbara,2021-03-31,8707,210515,5542,103768,3099,98969,66,7778,5049,66804,3636,75522,5115,142326,California
Santa Barbara,2021-04-01,7062,217577,5220,108988,1581,100550,261,8039,4181,68385,2860,78382,4441,146767,California
Santa Barbara,2021-04-02,6660,224237,4569,113557,1497,102047,594,8633,3430,69186,3222,81604,4023,150790,California
Santa Barbara,2021-04-03,3814,228051,2115,115672,1631,103678,68,8701,2520,70485,1287,82891,2586,153376,California
Santa Barbara,2021-04-04,901,228952,444,116116,417,104095,40,8741,498,70622,401,83292,538,153914,California
Santa Barbara,2021-04-05,3472,232424,2296,118412,918,105013,258,8999,2174,71765,1289,84581,2432,156346,California
Santa Barbara,2021-04-06,5495,237919,2835,121247,2121,107134,539,9538,3365,73553,2114,86695,3902,160248,California
Santa Barbara,2021-04-07,6035,243954,3295,124542,2197,109331,543,10081,4095,76259,1931,88626,4637,164885,California
Santa Barbara,2021-04-08,7428,251382,5053,129595,646,109977,1729,11810,3434,77431,3987,92613,5159,170044,California
Santa Barbara,2021-04-09,7349,258731,4886,134481,1097,111074,1366,13176,3313,78077,4026,96639,4672,174716,California
Santa Barbara,2021-04-10,6734,265465,4674,139155,1445,112519,615,13791,4587,81140,2138,98777,5201,179917,California
Santa Barbara,2021-04-11,2688,268153,1973,141128,412,112931,303,14094,1862,82480,820,99597,2160,182077,California
Santa Barbara,2021-04-12,4424,272577,2848,143976,1022,113953,554,14648,1916,82448,2501,102098,2469,184546,California
Santa Barbara,2021-04-13,6396,278973,4195,148171,2195,116148,6,14654,2661,81384,3730,105828,2666,187212,California
Santa Barbara,2021-04-14,6825,285798,4432,152603,2391,118539,2,14656,4250,83073,2564,108392,4253,191465,California
Santa Barbara,2021-04-15,7038,292836,4131,156734,2906,121445,1,14657,3826,83702,3199,111591,3828,195293,California
Santa Barbara,2021-04-16,6444,299280,3792,160526,2641,124086,11,14668,4439,86166,1986,113577,4450,199743,California
Santa Barbara,2021-04-17,5373,304653,3901,164427,1472,125558,0,14668,4140,89088,1218,114795,4140,203883,California
Santa Barbara,2021-04-18,2183,306836,1521,165948,662,126220,0,14668,383,87679,1795,116590,386,204269,California
Santa Barbara,2021-04-19,3272,310108,2262,168210,1004,127224,6,14674,1040,86512,2224,118814,1057,205326,California
Santa Barbara,2021-04-20,5909,316017,3965,172175,1943,129167,1,14675,1671,83968,4222,123036,1678,207004,California
Santa Barbara,2021-04-21,5495,321512,3641,175816,1854,131021,0,14675,1745,81981,3736,126772,1749,208753,California
Santa Barbara,2021-04-22,5095,326607,2555,178371,2539,133560,1,14676,1456,79817,3623,130395,1459,210212,California
Santa Barbara,2021-04-23,5586,332193,3877,182248,1709,135269,0,14676,1962,78170,3609,134004,1962,212174,California
Santa Barbara,2021-04-24,4431,336624,2878,185126,1548,136817,5,14681,1634,77032,2778,136782,1640,213814,California
Santa Barbara,2021-04-25,1840,338464,1187,186313,653,137470,0,14681,498,76197,1333,138115,498,214312,California
Santa Barbara,2021-04-26,3247,341711,1977,188290,1249,138719,21,14702,560,74099,2680,140795,582,214894,California
Santa Barbara,2021-04-27,3970,345681,2172,190462,1695,140414,103,14805,1174,72590,2786,143581,1277,216171,California
Santa Barbara,2021-04-28,4919,350600,2868,193330,1934,142348,117,14922,1398,70603,3506,147087,1519,217690,California
Santa Barbara,2021-04-29,5258,355858,3804,197134,1227,143575,227,15149,1440,68466,3802,150889,1665,219355,California
Santa Barbara,2021-04-30,4951,360809,3699,200833,1088,144663,164,15313,1409,66512,3526,154415,1572,220927,California
Santa Barbara,2021-05-01,5271,366080,4079,204912,1158,145821,34,15347,894,63080,4362,158777,930,221857,California
Santa Barbara,2021-05-02,1135,367215,668,205580,339,146160,128,15475,308,62690,826,159603,436,222293,California
Santa Barbara,2021-05-03,2202,369417,1475,207055,588,146748,139,15614,439,61510,1756,161359,576,222869,California
Santa Barbara,2021-05-04,3297,372714,1669,208724,1556,148304,72,15686,1149,60595,2135,163494,1220,224089,California
Santa Barbara,2021-05-05,5439,378153,3675,212399,1617,149921,147,15833,623,56565,4802,168296,772,224861,California
Santa Barbara,2021-05-06,5054,383207,3916,216315,1034,150955,104,15937,961,53553,4077,172373,1065,225926,California
Santa Barbara,2021-05-07,4673,387880,3662,219977,831,151786,180,16117,998,51067,3661,176034,1175,227101,California
Santa Barbara,2021-05-08,4254,392134,3167,223144,989,152775,98,16215,889,48703,3352,179386,988,228089,California
Santa Barbara,2021-05-09,700,392834,111,223255,549,153324,40,16255,466,48977,233,179619,507,228596,California
Santa Barbara,2021-05-10,1325,394159,628,223883,614,153938,83,16338,363,48462,960,180579,445,229041,California
Santa Barbara,2021-05-11,1874,396033,787,224670,793,154731,294,16632,425,47737,1441,182020,716,229757,California
Santa Barbara,2021-05-12,2031,398064,738,225408,1069,155800,224,16856,515,46971,1505,183525,739,230496,California
Santa Barbara,2021-05-13,3876,401940,2787,228195,893,156693,196,17052,1241,45784,2624,186149,1437,231933,California
Santa Barbara,2021-05-14,4141,406081,2521,230716,1526,158219,94,17146,1624,44999,2502,188651,1717,233650,California
Santa Barbara,2021-05-15,3523,409604,2566,233282,938,159157,19,17165,1843,45193,1669,190320,1863,235513,California
Santa Barbara,2021-05-16,1067,410671,466,233748,486,159643,115,17280,468,45182,594,190914,583,236096,California
Santa Barbara,2021-05-17,1640,412311,934,234682,643,160286,63,17343,867,45344,767,191681,929,237025,California
Santa Barbara,2021-05-18,1844,414155,1163,235845,585,160871,96,17439,971,45555,857,192538,1068,238093,California
Santa Barbara,2021-05-19,1767,415922,975,236820,752,161623,40,17479,822,45479,937,193475,861,238954,California
Santa Barbara,2021-05-20,1720,417642,941,237761,661,162284,118,17597,866,45621,842,194317,984,239938,California
Santa Barbara,2021-05-21,3466,421108,2347,240108,1065,163349,54,17651,1275,44775,2176,196493,1330,241268,California
Santa Barbara,2021-05-22,2467,423575,1706,241814,717,164066,44,17695,1393,45146,1067,197560,1438,242706,California
Santa Barbara,2021-05-23,750,424325,328,242142,392,164458,30,17725,409,45245,340,197900,439,243145,California
Santa Barbara,2021-05-24,1004,425329,588,242730,353,164811,63,17788,483,45275,516,198416,546,243691,California
Santa Barbara,2021-05-25,1402,426731,569,243299,764,165575,69,17857,460,44868,936,199352,529,244220,California
Santa Barbara,2021-05-26,3008,429739,1710,245009,1177,166752,121,17978,834,43663,2159,201511,954,245174,California
Santa Barbara,2021-05-27,1955,431694,1213,246222,599,167351,143,18121,828,43515,1120,202631,972,246146,California
Santa Barbara,2021-05-28,1502,433196,696,246918,654,168005,152,18273,612,43393,887,203518,765,246911,California
Santa Barbara,2021-05-29,900,434096,317,247235,546,168551,37,18310,370,43273,527,204045,407,247318,California
Santa Barbara,2021-05-30,499,434595,179,247414,223,168774,97,18407,186,43244,311,204356,282,247600,California
Santa Barbara,2021-05-31,95,434690,43,247457,42,168816,10,18417,23,43205,71,204427,32,247632,California
Santa Barbara,2021-06-01,1127,435817,591,248048,478,169294,58,18475,461,43064,660,205087,519,248151,California
Santa Barbara,2021-06-02,982,436799,586,248634,313,169607,83,18558,433,43034,545,205632,515,248666,California
Santa Barbara,2021-06-03,2056,438855,1546,250180,453,170060,57,18615,618,42275,1432,207064,673,249339,California
Santa Barbara,2021-06-04,1453,440308,665,250845,647,170707,141,18756,485,41939,959,208023,623,249962,California
Santa Barbara,2021-06-05,2924,443232,2212,253057,660,171367,52,18808,500,40078,2412,210435,551,250513,California
Santa Barbara,2021-06-06,906,444138,478,253535,409,171776,19,18827,255,39704,648,211083,274,250787,California
Santa Barbara,2021-06-07,1160,445298,830,254365,282,172058,48,18875,303,39200,855,211938,351,251138,California
Santa Barbara,2021-06-08,1106,446404,714,255079,360,172418,32,18907,294,38718,807,212745,325,251463,California
Santa Barbara,2021-06-09,1024,447428,695,255774,245,172663,84,18991,330,38441,691,213436,414,251877,California
Santa Barbara,2021-06-10,2381,449809,2071,257845,239,172902,71,19062,527,37188,1851,215287,598,252475,California
Santa Barbara,2021-06-11,1304,451113,605,258450,595,173497,104,19166,389,36773,908,216195,493,252968,California
Santa Barbara,2021-06-12,880,451993,594,259044,263,173760,23,19189,231,36385,641,216836,253,253221,California
Santa Barbara,2021-06-13,481,452474,293,259337,91,173851,97,19286,124,36251,355,217191,221,253442,California
Santa Barbara,2021-06-14,1256,453730,857,260194,323,174174,76,19362,340,35760,907,218098,416,253858,California
Santa Barbara,2021-06-15,1128,454858,752,260946,341,174515,35,19397,395,35464,726,218824,430,254288,California
Santa Barbara,2021-06-16,925,455783,645,261591,233,174748,47,19444,352,35294,567,219391,397,254685,California
Santa Barbara,2021-06-17,1868,457651,1545,263136,234,174982,89,19533,620,34759,1244,220635,709,255394,California
Santa Barbara,2021-06-18,1094,458745,709,263845,288,175270,97,19630,357,34480,733,221368,454,255848,California
Santa Barbara,2021-06-19,539,459284,363,264208,144,175414,32,19662,250,34476,286,221654,282,256130,California
Santa Barbara,2021-06-20,364,459648,212,264420,142,175556,10,19672,151,34424,212,221866,160,256290,California
Santa Barbara,2021-06-21,242,459890,96,264516,114,175670,32,19704,92,34399,149,222015,124,256414,California
Santa Clara,2020-12-15,69,69,69,69,0,0,0,0,69,69,0,0,69,69,California
Santa Clara,2020-12-16,154,223,154,223,0,0,0,0,154,223,0,0,154,223,California
Santa Clara,2020-12-17,413,636,413,636,0,0,0,0,413,636,0,0,413,636,California
Santa Clara,2020-12-18,1765,2401,1765,2401,0,0,0,0,1765,2401,0,0,1765,2401,California
Santa Clara,2020-12-19,2097,4498,2097,4498,0,0,0,0,2096,4497,0,0,2096,4497,California
Santa Clara,2020-12-20,1907,6405,1906,6404,1,1,0,0,1904,6401,0,0,1904,6401,California
Santa Clara,2020-12-21,2679,9084,2679,9083,0,1,0,0,2677,9077,1,1,2677,9078,California
Santa Clara,2020-12-22,3129,12213,3122,12205,7,8,0,0,3126,12202,1,2,3126,12204,California
Santa Clara,2020-12-23,3298,15511,3103,15308,195,203,0,0,3297,15499,0,2,3297,15501,California
Santa Clara,2020-12-24,1904,17415,1708,17016,196,399,0,0,1898,17395,2,4,1898,17399,California
Santa Clara,2020-12-25,349,17764,348,17364,1,400,0,0,349,17744,0,4,349,17748,California
Santa Clara,2020-12-26,1280,19044,1042,18406,238,638,0,0,1279,19023,0,4,1279,19027,California
Santa Clara,2020-12-27,654,19698,511,18917,143,781,0,0,654,19677,0,4,654,19681,California
Santa Clara,2020-12-28,2365,22063,1743,20660,622,1403,0,0,2365,22042,0,4,2365,22046,California
Santa Clara,2020-12-29,2380,24443,1506,22166,874,2277,0,0,2380,24422,0,4,2380,24426,California
Santa Clara,2020-12-30,3011,27454,1899,24065,1112,3389,0,0,3009,27429,2,6,3009,27435,California
Santa Clara,2020-12-31,1236,28690,394,24459,842,4231,0,0,1235,28663,1,7,1235,28670,California
Santa Clara,2021-01-01,149,28839,13,24472,136,4367,0,0,148,28810,1,8,148,28818,California
Santa Clara,2021-01-02,1102,29941,825,25297,277,4644,0,0,1102,29912,0,8,1102,29920,California
Santa Clara,2021-01-03,588,30529,369,25666,219,4863,0,0,583,30492,3,11,583,30503,California
Santa Clara,2021-01-04,2494,33023,1684,27350,810,5673,0,0,2491,32983,0,11,2491,32994,California
Santa Clara,2021-01-05,3109,36132,2037,29387,1072,6745,0,0,2915,35711,193,204,2921,35915,California
Santa Clara,2021-01-06,3385,39517,2003,31390,1382,8127,0,0,2767,37867,613,817,2769,38684,California
Santa Clara,2021-01-07,4259,43776,2580,33970,1679,9806,0,0,3161,39947,1087,1904,3167,41851,California
Santa Clara,2021-01-08,5898,49674,3855,37825,2043,11849,0,0,3772,41600,2119,4023,3772,45623,California
Santa Clara,2021-01-09,3034,52708,1910,39735,1124,12973,0,0,1702,41976,1329,5352,1705,47328,California
Santa Clara,2021-01-10,1983,54691,1528,41263,455,13428,0,0,760,41514,1222,6574,760,48088,California
Santa Clara,2021-01-11,5996,60687,3790,45053,2206,15634,0,0,3396,42318,2597,9171,3401,51489,California
Santa Clara,2021-01-12,6905,67592,3496,48549,3409,19043,0,0,4572,44572,2319,11490,4573,56062,California
Santa Clara,2021-01-13,7493,75085,3137,51686,4356,23399,0,0,5239,47563,2250,13740,5241,61303,California
Santa Clara,2021-01-14,8336,83421,2867,54553,5469,28868,0,0,6531,52299,1797,15537,6533,67836,California
Santa Clara,2021-01-15,9616,93037,2774,57327,6842,35710,0,0,8206,59106,1404,16941,8211,76047,California
Santa Clara,2021-01-16,4365,97402,1261,58588,3104,38814,0,0,3504,61753,857,17798,3504,79551,California
Santa Clara,2021-01-17,3247,100649,608,59196,2639,41453,0,0,2744,63997,500,18298,2744,82295,California
Santa Clara,2021-01-18,5160,105809,1188,60384,3972,45425,0,0,4594,68026,566,18864,4595,86890,California
Santa Clara,2021-01-19,8563,114372,2707,63091,5856,51281,0,0,6863,73195,1697,20561,6866,93756,California
Santa Clara,2021-01-20,8179,122551,4164,67255,4015,55296,0,0,6617,78255,1557,22118,6617,100373,California
Santa Clara,2021-01-21,8825,131376,3834,71089,4991,60287,0,0,7599,84632,1224,23342,7601,107974,California
Santa Clara,2021-01-22,8715,140091,3255,74344,5460,65747,0,0,8131,92184,582,23924,8134,116108,California
Santa Clara,2021-01-23,3843,143934,1704,76048,2139,67886,0,0,2862,94067,980,24904,2863,118971,California
Santa Clara,2021-01-24,2861,146795,1427,77475,1434,69320,0,0,2371,95951,487,25391,2371,121342,California
Santa Clara,2021-01-25,8457,155252,3819,81294,4638,73958,0,0,6358,100220,2091,27482,6360,127702,California
Santa Clara,2021-01-26,8418,163670,3847,85141,4571,78529,0,0,6259,104332,2149,29631,6261,133963,California
Santa Clara,2021-01-27,8861,172531,3909,89050,4952,83481,0,0,6913,109317,1929,31560,6914,140877,California
Santa Clara,2021-01-28,9654,182185,3900,92950,5754,89235,0,0,7652,114993,1981,33541,7657,148534,California
Santa Clara,2021-01-29,9642,191827,3968,96918,5674,94909,0,0,7441,120249,2189,35730,7445,155979,California
Santa Clara,2021-01-30,4127,195954,2081,98999,2046,96955,0,0,2902,121935,1218,36948,2904,158883,California
Santa Clara,2021-01-31,2204,198158,1309,100308,895,97850,0,0,1600,122936,599,37547,1600,160483,California
Santa Clara,2021-02-01,7930,206088,3537,103845,4393,102243,0,0,6212,127440,1710,39257,6214,166697,California
Santa Clara,2021-02-02,8700,214788,2911,106756,5789,108032,0,0,6665,132083,2028,41285,6671,173368,California
Santa Clara,2021-02-03,9323,224111,3528,110284,5795,113827,0,0,7012,136801,2302,43587,7020,180388,California
Santa Clara,2021-02-04,11101,235212,4197,114481,6904,120731,0,0,8779,143277,2311,45898,8787,189175,California
Santa Clara,2021-02-05,12042,247254,4378,118859,7664,128395,0,0,8555,148364,3473,49371,8560,197735,California
Santa Clara,2021-02-06,5277,252531,2861,121720,2416,130811,0,0,4091,151275,1182,50553,4093,201828,California
Santa Clara,2021-02-07,3519,256050,2363,124083,1156,131967,0,0,3061,153880,457,51010,3062,204890,California
Santa Clara,2021-02-08,10125,266175,3548,127631,6577,138544,0,0,7389,158549,2722,53732,7391,212281,California
Santa Clara,2021-02-09,11254,277429,3850,131481,7404,145948,0,0,7730,162773,3510,57242,7734,220015,California
Santa Clara,2021-02-10,12739,290168,4972,136453,7767,153715,0,0,6881,163813,5846,63088,6886,226901,California
Santa Clara,2021-02-11,13714,303882,4810,141263,8904,162619,0,0,7795,165709,5904,68992,7800,234701,California
Santa Clara,2021-02-12,14745,318627,4527,145790,10218,172837,0,0,7087,165173,7637,76629,7101,241802,California
Santa Clara,2021-02-13,6138,324765,1481,147271,4657,177494,0,0,2241,163526,3890,80519,2243,244045,California
Santa Clara,2021-02-14,4651,329416,1158,148429,3493,180987,0,0,1495,161869,3154,83673,1497,245542,California
Santa Clara,2021-02-15,6326,335742,2810,151239,3516,184503,0,0,2736,161022,3583,87256,2736,248278,California
Santa Clara,2021-02-16,13923,349665,4069,155308,9854,194357,0,0,6975,161066,6933,94189,6977,255255,California
Santa Clara,2021-02-17,14182,363847,5553,160861,8629,202986,0,0,7077,161061,7088,101277,7083,262338,California
Santa Clara,2021-02-18,14407,378254,8517,169378,5890,208876,0,0,7331,161361,7035,108312,7335,269673,California
Santa Clara,2021-02-19,15029,393283,9629,179007,5400,214276,0,0,8755,163866,6257,114569,8762,278435,California
Santa Clara,2021-02-20,6976,400259,5223,184230,1753,216029,0,0,3755,164412,3210,117779,3756,282191,California
Santa Clara,2021-02-21,3415,403674,2526,186756,889,216918,0,0,1269,163546,2137,119916,1271,283462,California
Santa Clara,2021-02-22,10420,414094,6231,192987,4189,221107,0,0,4852,162843,5556,125472,4853,288315,California
Santa Clara,2021-02-23,12118,426212,7842,200829,4276,225383,0,0,6846,164437,5257,130729,6851,295166,California
Santa Clara,2021-02-24,14372,440584,9279,210108,5093,230476,0,0,8886,167854,5469,136198,8886,304052,California
Santa Clara,2021-02-25,15193,455777,9693,219801,5500,235976,0,0,8275,169244,6892,143090,8282,312334,California
Santa Clara,2021-02-26,15101,470878,8745,228546,6356,242332,0,0,8236,170650,6837,149927,8243,320577,California
Santa Clara,2021-02-27,8280,479158,5762,234308,2517,244849,1,1,4669,171727,3600,153527,4677,325254,California
Santa Clara,2021-02-28,5432,484590,3706,238014,1726,246575,0,1,2693,171693,2728,156255,2694,327948,California
Santa Clara,2021-03-01,14677,499267,8446,246460,6225,252800,6,7,9108,175259,5548,161803,9114,337062,California
Santa Clara,2021-03-02,16258,515525,9612,256072,6645,259445,1,8,10366,179762,5868,167671,10371,347433,California
Santa Clara,2021-03-03,18827,534352,9350,265422,9473,268918,4,12,11722,184424,7068,174739,11730,359163,California
Santa Clara,2021-03-04,16696,551048,9104,274526,7589,276507,3,15,9719,187254,6895,181634,9725,368888,California
Santa Clara,2021-03-05,16739,567787,9311,283837,7302,283809,126,141,9299,189267,7418,189052,9431,378319,California
Santa Clara,2021-03-06,9540,577327,6358,290195,2729,286538,453,594,7146,194485,2382,191434,7600,385919,California
Santa Clara,2021-03-07,6893,584220,4499,294694,2150,288688,244,838,5475,198794,1409,192843,5718,391637,California
Santa Clara,2021-03-08,13031,597251,6787,301481,5666,294354,578,1416,8364,203086,4649,197492,8941,400578,California
Santa Clara,2021-03-09,15310,612561,6569,308050,7401,301755,1340,2756,6842,202812,8449,205941,8175,408753,California
Santa Clara,2021-03-10,15227,627788,6643,314693,6457,308212,2127,4883,6249,202212,8950,214891,8350,417103,California
Santa Clara,2021-03-11,17216,645004,7821,322514,7882,316094,1513,6396,6112,198750,11072,225963,7610,424713,California
Santa Clara,2021-03-12,17867,662871,9160,331674,7126,323220,1581,7977,5999,194484,11823,237786,7557,432270,California
Santa Clara,2021-03-13,10829,673700,6278,337952,3046,326266,1505,9482,4776,194712,6029,243815,6257,438527,California
Santa Clara,2021-03-14,6581,680281,3404,341356,1864,328130,1313,10795,3184,195817,3380,247195,4485,443012,California
Santa Clara,2021-03-15,12928,693209,6603,347959,6046,334176,279,11074,6001,195196,6902,254097,6281,449293,California
Santa Clara,2021-03-16,18362,711571,10383,358342,7771,341947,208,11282,8885,194838,9449,263546,9091,458384,California
Santa Clara,2021-03-17,20146,731717,11426,369768,8551,350498,169,11451,10385,195678,9708,273254,10548,468932,California
Santa Clara,2021-03-18,19290,751007,9012,378780,9096,359594,1182,12633,9026,195671,10208,283462,10201,479133,California
Santa Clara,2021-03-19,19499,770506,10012,388792,8475,368069,1012,13645,9932,197099,9507,292969,10935,490068,California
Santa Clara,2021-03-20,11525,782031,6377,395169,4312,372381,836,14481,6686,199811,4808,297777,7520,497588,California
Santa Clara,2021-03-21,8388,790419,3806,398975,3175,375556,1407,15888,5351,203533,3022,300799,6744,504332,California
Santa Clara,2021-03-22,16482,806901,9217,408192,6909,382465,356,16244,9054,205537,7402,308201,9406,513738,California
Santa Clara,2021-03-23,19354,826255,12308,420500,6520,388985,526,16770,11108,208971,8196,316397,11630,525368,California
Santa Clara,2021-03-24,22747,849002,14662,435162,7667,396652,418,17188,14577,215840,8127,324524,14996,540364,California
Santa Clara,2021-03-25,23065,872067,13245,448407,8865,405517,955,18143,14798,223376,8201,332725,15737,556101,California
Santa Clara,2021-03-26,22089,894156,14047,462454,7648,413165,394,18537,13534,228780,8517,341242,13921,570022,California
Santa Clara,2021-03-27,15784,909940,10478,472932,4534,417699,772,19309,8419,230649,7317,348559,9186,579208,California
Santa Clara,2021-03-28,12156,922096,8422,481354,3019,420718,715,20024,6523,232276,5606,354165,7233,586441,California
Santa Clara,2021-03-29,20731,942827,12708,494062,7295,428013,728,20752,11172,234654,9515,363680,11893,598334,California
Santa Clara,2021-03-30,25850,968677,15351,509413,8540,436553,1959,22711,16237,243265,9568,373248,18179,616513,California
Santa Clara,2021-03-31,20647,989324,12008,521421,7503,444056,1136,23847,12622,249028,7979,381227,13742,630255,California
Santa Clara,2021-04-01,32017,1021341,19964,541385,8970,453026,3083,26930,20180,260493,11765,392992,23230,653485,California
Santa Clara,2021-04-02,25376,1046717,14504,555889,8737,461763,2135,29065,16605,270493,8726,401718,18726,672211,California
Santa Clara,2021-04-03,15391,1062108,9342,565231,3562,465325,2487,31552,8587,274769,6781,408499,11057,683268,California
Santa Clara,2021-04-04,7710,1069818,4079,569310,2454,467779,1177,32729,4002,276244,3697,412196,5172,688440,California
Santa Clara,2021-04-05,22062,1091880,14687,583997,4879,472658,2496,35225,14411,285515,7624,419820,16895,705335,California
Santa Clara,2021-04-06,29735,1121615,16422,600419,7804,480462,5509,40734,17885,297080,11798,431618,23363,728698,California
Santa Clara,2021-04-07,31129,1152744,16041,616460,8531,488993,6557,47291,18991,310507,12079,443697,25506,754204,California
Santa Clara,2021-04-08,30217,1182961,16526,632986,6026,495019,7665,54956,16462,320908,13679,457376,24080,778284,California
Santa Clara,2021-04-09,28312,1211273,14000,646986,6973,501992,7339,62295,14459,328876,13783,471159,21751,800035,California
Santa Clara,2021-04-10,21617,1232890,12503,659489,3774,505766,5340,67635,11576,335734,10005,481164,16863,816898,California
Santa Clara,2021-04-11,16109,1248999,9667,669156,2688,508454,3754,71389,8369,340128,7705,488869,12099,828997,California
Santa Clara,2021-04-12,27187,1276186,19095,688251,5615,514069,2477,73866,18509,352483,8616,497485,20971,849968,California
Santa Clara,2021-04-13,34565,1310751,27146,715397,7388,521457,31,73897,26611,371267,7878,505363,26662,876630,California
Santa Clara,2021-04-14,37110,1347861,28058,743455,9048,530505,4,73901,26322,386912,10716,516079,26361,902991,California
Santa Clara,2021-04-15,44614,1392475,34543,777998,10066,540571,5,73906,34404,411248,10095,526174,34431,937422,California
Santa Clara,2021-04-16,38767,1431242,26512,804510,12251,552822,4,73910,27788,428163,10900,537074,27815,965237,California
Santa Clara,2021-04-17,22162,1453404,15110,819620,7050,559872,2,73912,15274,436634,6828,543902,15299,980536,California
Santa Clara,2021-04-18,16576,1469980,10758,830378,5818,565690,0,73912,10346,440800,6197,550099,10363,990899,California
Santa Clara,2021-04-19,28984,1498964,20933,851311,8050,573740,1,73913,17350,446621,11564,561663,17385,1008284,California
Santa Clara,2021-04-20,37236,1536200,22607,873918,14627,588367,2,73915,22774,455077,14352,576015,22808,1031092,California
Santa Clara,2021-04-21,36992,1573192,21442,895360,15548,603915,2,73917,24442,467111,12458,588473,24492,1055584,California
Santa Clara,2021-04-22,37346,1610538,24902,920262,12443,616358,1,73918,17635,465204,19614,608087,17707,1073291,California
Santa Clara,2021-04-23,32179,1642717,19564,939826,12614,628972,1,73919,15063,463310,17012,625099,15118,1088409,California
Santa Clara,2021-04-24,21192,1663909,15515,955341,5676,634648,1,73920,11991,466207,9125,634224,12022,1100431,California
Santa Clara,2021-04-25,13648,1677557,9887,965228,3755,638403,6,73926,8691,470015,4913,639137,8721,1109152,California
Santa Clara,2021-04-26,25025,1702582,19290,984518,5676,644079,59,73985,10377,465925,14550,653687,10460,1119612,California
Santa Clara,2021-04-27,27594,1730176,19597,1004115,7614,651693,383,74368,12016,462883,15485,669172,12443,1132055,California
Santa Clara,2021-04-28,26065,1756241,19310,1023425,6316,658009,439,74807,11063,459526,14919,684091,11562,1143617,California
Santa Clara,2021-04-29,23980,1780221,17558,1040983,6023,664032,399,75206,8981,454053,14921,699012,9448,1153065,California
Santa Clara,2021-04-30,23086,1803307,15794,1056777,6926,670958,366,75572,9782,451063,13216,712228,10226,1163291,California
Santa Clara,2021-05-01,17515,1820822,14547,1071324,2707,673665,261,75833,5468,444839,11996,724224,5772,1169063,California
Santa Clara,2021-05-02,11321,1832143,9397,1080721,1691,675356,233,76066,3489,440795,7788,732012,3744,1172807,California
Santa Clara,2021-05-03,22891,1855034,19416,1100137,3041,678397,434,76500,5140,428733,17673,749685,5611,1178418,California
Santa Clara,2021-05-04,30533,1885567,23856,1123993,6133,684530,544,77044,5479,409849,24952,774637,6068,1184486,California
Santa Clara,2021-05-05,32136,1917703,24372,1148365,7216,691746,548,77592,5416,389215,26624,801261,5990,1190476,California
Santa Clara,2021-05-06,35446,1953149,29540,1177905,5433,697179,473,78065,4684,363764,30630,831891,5179,1195655,California
Santa Clara,2021-05-07,32596,1985745,26200,1204105,5904,703083,492,78557,4644,341124,27817,859708,5177,1200832,California
Santa Clara,2021-05-08,16503,2002248,13424,1217529,2656,705739,423,78980,3485,332119,12930,872638,3925,1204757,California
Santa Clara,2021-05-09,10500,2012748,9133,1226662,1180,706919,187,79167,2460,326777,8002,880640,2660,1207417,California
Santa Clara,2021-05-10,20859,2033607,16694,1243356,3757,710676,408,79575,2741,311909,18037,898677,3169,1210586,California
Santa Clara,2021-05-11,22185,2055792,16628,1259984,5113,715789,444,80019,4000,298263,18096,916773,4450,1215036,California
Santa Clara,2021-05-12,21376,2077168,15701,1275685,5149,720938,526,80545,4534,286581,16749,933522,5067,1220103,California
Santa Clara,2021-05-13,28078,2105246,22742,1298427,5030,725968,306,80851,11267,281433,16727,950249,11579,1231682,California
Santa Clara,2021-05-14,27754,2133000,19366,1317793,8001,733969,387,81238,9785,273743,17876,968125,10186,1241868,California
Santa Clara,2021-05-15,20931,2153931,16794,1334587,3855,737824,282,81520,8097,269380,12750,980875,8387,1250255,California
Santa Clara,2021-05-16,16132,2170063,13127,1347714,2828,740652,177,81697,5235,263978,10817,991692,5415,1255670,California
Santa Clara,2021-05-17,20216,2190279,15894,1363608,3958,744610,364,82061,6910,258020,13234,1004926,7276,1262946,California
Santa Clara,2021-05-18,26157,2216436,16682,1380290,9059,753669,416,82477,7313,247044,18706,1023632,7730,1270676,California
Santa Clara,2021-05-19,24636,2241072,14392,1394682,9821,763490,423,82900,7512,237973,17013,1040645,7942,1278618,California
Santa Clara,2021-05-20,18383,2259455,12061,1406743,5873,769363,449,83349,6199,232518,12099,1052744,6644,1285262,California
Santa Clara,2021-05-21,22318,2281773,14826,1421569,6995,776358,497,83846,7667,226154,14542,1067286,8178,1293440,California
Santa Clara,2021-05-22,12860,2294633,9737,1431306,2774,779132,349,84195,5619,224951,7176,1074462,5973,1299413,California
Santa Clara,2021-05-23,8152,2302785,6028,1437334,1923,781055,201,84396,3260,223574,4846,1079308,3469,1302882,California
Santa Clara,2021-05-24,10291,2313076,7290,1444624,2547,783602,454,84850,3552,220904,6677,1085985,4007,1306889,California
Santa Clara,2021-05-25,11491,2324567,7970,1452594,3102,786704,419,85269,4476,218856,6941,1092926,4893,1311782,California
Santa Clara,2021-05-26,10389,2334956,6738,1459332,3317,790021,334,85603,4009,216915,6278,1099204,4337,1316119,California
Santa Clara,2021-05-27,9378,2344334,6013,1465345,2893,792914,472,86075,3604,215278,5707,1104911,4070,1320189,California
Santa Clara,2021-05-28,10879,2355213,7066,1472411,3388,796302,425,86500,4501,213893,6313,1111224,4928,1325117,California
Santa Clara,2021-05-29,6298,2361511,4303,1476714,1713,798015,282,86782,2889,213690,3370,1114594,3167,1328284,California
Santa Clara,2021-05-30,3812,2365323,2867,1479581,735,798750,210,86992,1826,213767,1958,1116552,2035,1330319,California
Santa Clara,2021-05-31,1093,2366416,628,1480209,356,799106,109,87101,440,213669,647,1117199,549,1330868,California
Santa Clara,2021-06-01,9047,2375463,6368,1486577,2297,801403,382,87483,3282,211635,5696,1122895,3662,1334530,California
Santa Clara,2021-06-02,7647,2383110,5516,1492093,1779,803182,352,87835,2967,210320,4625,1127520,3310,1337840,California
Santa Clara,2021-06-03,12224,2395334,10121,1502214,1734,804916,369,88204,2770,204064,9398,1136918,3142,1340982,California
Santa Clara,2021-06-04,13586,2408920,11397,1513611,1873,806789,316,88520,3403,197655,10121,1147039,3712,1344694,California
Santa Clara,2021-06-05,10464,2419384,9010,1522621,1197,807986,257,88777,2230,191957,8183,1155222,2485,1347179,California
Santa Clara,2021-06-06,6861,2426245,6113,1528734,595,808581,153,88930,1411,188124,5396,1160618,1563,1348742,California
Santa Clara,2021-06-07,9916,2436161,8365,1537099,1310,809891,241,89171,2405,183292,7476,1168094,2644,1351386,California
Santa Clara,2021-06-08,9165,2445326,7497,1544596,1398,811289,270,89441,2502,179456,6604,1174698,2768,1354154,California
Santa Clara,2021-06-09,9476,2454802,7920,1552516,1305,812594,251,89692,2259,174805,7156,1181854,2505,1356659,California
Santa Clara,2021-06-10,8297,2463099,6894,1559410,1077,813671,326,90018,2274,171431,5971,1187825,2597,1359256,California
Santa Clara,2021-06-11,10191,2473290,8660,1568070,1252,814923,279,90297,2522,166612,7620,1195445,2801,1362057,California
Santa Clara,2021-06-12,7125,2480415,5937,1574007,1023,815946,165,90462,1694,163084,5387,1200832,1859,1363916,California
Santa Clara,2021-06-13,3653,2484068,2950,1576957,593,816539,110,90572,872,161306,2760,1203592,982,1364898,California
Santa Clara,2021-06-14,5921,2489989,4811,1581768,883,817422,227,90799,2108,159861,3780,1207372,2335,1367233,California
Santa Clara,2021-06-15,7354,2497343,5964,1587732,1088,818510,302,91101,2091,157039,5217,1212589,2395,1369628,California
Santa Clara,2021-06-16,6356,2503699,5147,1592879,898,819408,311,91412,2109,155259,4201,1216790,2421,1372049,California
Santa Clara,2021-06-17,5313,2509012,4327,1597206,745,820153,241,91653,1818,153892,3422,1220212,2055,1374104,California
Santa Clara,2021-06-18,5442,2514454,4393,1601599,872,821025,177,91830,1804,152314,3558,1223770,1980,1376084,California
Santa Clara,2021-06-19,4491,2518945,3592,1605191,701,821726,198,92028,1279,150614,3177,1226947,1477,1377561,California
Santa Clara,2021-06-20,2135,2521080,1753,1606944,318,822044,64,92092,683,149925,1436,1228383,747,1378308,California
Santa Clara,2021-06-21,2469,2523549,1808,1608752,456,822500,205,92297,1027,149734,1420,1229803,1229,1379537,California
Santa Cruz,2020-12-15,2,2,2,2,0,0,0,0,2,2,0,0,2,2,California
Santa Cruz,2020-12-16,55,57,55,57,0,0,0,0,55,57,0,0,55,57,California
Santa Cruz,2020-12-17,380,437,380,437,0,0,0,0,380,437,0,0,380,437,California
Santa Cruz,2020-12-18,445,882,445,882,0,0,0,0,445,882,0,0,445,882,California
Santa Cruz,2020-12-19,168,1050,167,1049,1,1,0,0,168,1050,0,0,168,1050,California
Santa Cruz,2020-12-20,89,1139,89,1138,0,1,0,0,89,1139,0,0,89,1139,California
Santa Cruz,2020-12-21,428,1567,427,1565,1,2,0,0,428,1567,0,0,428,1567,California
Santa Cruz,2020-12-22,400,1967,399,1964,1,3,0,0,400,1967,0,0,400,1967,California
Santa Cruz,2020-12-23,343,2310,305,2269,38,41,0,0,343,2310,0,0,343,2310,California
Santa Cruz,2020-12-24,117,2427,44,2313,73,114,0,0,117,2427,0,0,117,2427,California
Santa Cruz,2020-12-25,7,2434,7,2320,0,114,0,0,7,2434,0,0,7,2434,California
Santa Cruz,2020-12-26,59,2493,42,2362,17,131,0,0,59,2493,0,0,59,2493,California
Santa Cruz,2020-12-27,30,2523,25,2387,5,136,0,0,30,2523,0,0,30,2523,California
Santa Cruz,2020-12-28,460,2983,102,2489,358,494,0,0,460,2983,0,0,460,2983,California
Santa Cruz,2020-12-29,766,3749,357,2846,409,903,0,0,766,3749,0,0,766,3749,California
Santa Cruz,2020-12-30,331,4080,157,3003,174,1077,0,0,331,4080,0,0,331,4080,California
Santa Cruz,2020-12-31,303,4383,10,3013,293,1370,0,0,303,4383,0,0,303,4383,California
Santa Cruz,2021-01-01,33,4416,1,3014,32,1402,0,0,33,4416,0,0,33,4416,California
Santa Cruz,2021-01-02,63,4479,50,3064,13,1415,0,0,63,4479,0,0,63,4479,California
Santa Cruz,2021-01-03,14,4493,6,3070,8,1423,0,0,14,4493,0,0,14,4493,California
Santa Cruz,2021-01-04,271,4764,120,3190,151,1574,0,0,269,4762,0,0,269,4762,California
Santa Cruz,2021-01-05,549,5313,423,3613,126,1700,0,0,251,4715,298,298,251,5013,California
Santa Cruz,2021-01-06,776,6089,649,4262,127,1827,0,0,449,4838,326,624,449,5462,California
Santa Cruz,2021-01-07,509,6598,196,4458,313,2140,0,0,362,5054,147,771,363,5825,California
Santa Cruz,2021-01-08,893,7491,542,5000,351,2491,0,0,464,5090,429,1200,465,6290,California
Santa Cruz,2021-01-09,439,7930,113,5113,326,2817,0,0,391,5433,48,1248,391,6681,California
Santa Cruz,2021-01-10,68,7998,60,5173,8,2825,0,0,18,5401,50,1298,18,6699,California
Santa Cruz,2021-01-11,694,8692,569,5742,125,2950,0,0,177,5062,517,1815,178,6877,California
Santa Cruz,2021-01-12,693,9385,509,6251,184,3134,0,0,456,5281,237,2052,456,7333,California
Santa Cruz,2021-01-13,479,9864,219,6470,260,3394,0,0,399,5603,77,2129,399,7732,California
Santa Cruz,2021-01-14,504,10368,96,6566,408,3802,0,0,445,5989,59,2188,445,8177,California
Santa Cruz,2021-01-15,1390,11758,71,6637,1319,5121,0,0,1329,7259,61,2249,1331,9508,California
Santa Cruz,2021-01-16,403,12161,45,6682,358,5479,0,0,387,7630,16,2265,387,9895,California
Santa Cruz,2021-01-17,288,12449,40,6722,248,5727,0,0,264,7870,24,2289,264,10159,California
Santa Cruz,2021-01-18,968,13417,93,6815,875,6602,0,0,911,8724,57,2346,911,11070,California
Santa Cruz,2021-01-19,1581,14998,508,7323,1073,7675,0,0,1243,9632,336,2682,1244,12314,California
Santa Cruz,2021-01-20,1203,16201,166,7489,1037,8712,0,0,1012,10456,188,2870,1012,13326,California
Santa Cruz,2021-01-21,1628,17829,186,7675,1442,10154,0,0,1526,11882,102,2972,1528,14854,California
Santa Cruz,2021-01-22,1722,19551,504,8179,1218,11372,0,0,1620,13404,99,3071,1621,16475,California
Santa Cruz,2021-01-23,379,19930,132,8311,247,11619,0,0,327,13679,52,3123,327,16802,California
Santa Cruz,2021-01-24,104,20034,16,8327,88,11707,0,0,87,13749,17,3140,87,16889,California
Santa Cruz,2021-01-25,1003,21037,351,8678,652,12359,0,0,515,13776,488,3628,515,17404,California
Santa Cruz,2021-01-26,1615,22652,235,8913,1380,13739,0,0,1127,14415,488,4116,1127,18531,California
Santa Cruz,2021-01-27,1595,24247,430,9343,1165,14904,0,0,1223,15269,370,4486,1224,19755,California
Santa Cruz,2021-01-28,1683,25930,272,9615,1411,16315,0,0,1416,16419,267,4753,1417,21172,California
Santa Cruz,2021-01-29,1683,27613,474,10089,1209,17524,0,0,1561,17859,121,4874,1561,22733,California
Santa Cruz,2021-01-30,1043,28656,303,10392,740,18264,0,0,911,18638,132,5006,911,23644,California
Santa Cruz,2021-01-31,211,28867,108,10500,103,18367,0,0,197,18821,14,5020,197,23841,California
Santa Cruz,2021-02-01,1183,30050,730,11230,453,18820,0,0,796,19230,387,5407,796,24637,California
Santa Cruz,2021-02-02,932,30982,112,11342,820,19640,0,0,790,19880,140,5547,790,25427,California
Santa Cruz,2021-02-03,2130,33112,903,12245,1227,20867,0,0,1831,21415,296,5843,1831,27258,California
Santa Cruz,2021-02-04,1751,34863,729,12974,1022,21889,0,0,1426,22517,324,6167,1426,28684,California
Santa Cruz,2021-02-05,3019,37882,720,13694,2299,24188,0,0,2724,24947,294,6461,2724,31408,California
Santa Cruz,2021-02-06,2492,40374,138,13832,2354,26542,0,0,2163,26781,329,6790,2163,33571,California
Santa Cruz,2021-02-07,883,41257,118,13950,765,27307,0,0,866,27630,17,6807,866,34437,California
Santa Cruz,2021-02-08,650,41907,180,14130,470,27777,0,0,471,27923,178,6985,471,34908,California
Santa Cruz,2021-02-09,2267,44174,1017,15147,1250,29027,0,0,2019,29694,248,7233,2019,36927,California
Santa Cruz,2021-02-10,2059,46233,530,15677,1529,30556,0,0,1406,30459,642,7875,1407,38334,California
Santa Cruz,2021-02-11,1722,47955,281,15958,1441,31997,0,0,1254,31247,466,8341,1254,39588,California
Santa Cruz,2021-02-12,3048,51003,399,16357,2649,34646,0,0,1707,31624,1332,9673,1709,41297,California
Santa Cruz,2021-02-13,1636,52639,116,16473,1520,36166,0,0,1245,32478,391,10064,1245,42542,California
Santa Cruz,2021-02-14,1346,53985,66,16539,1280,37446,0,0,1093,33318,253,10317,1093,43635,California
Santa Cruz,2021-02-15,1505,55490,265,16804,1240,38686,0,0,522,32858,983,11300,523,44158,California
Santa Cruz,2021-02-16,1617,57107,193,16997,1424,40110,0,0,488,32239,1107,12407,488,44646,California
Santa Cruz,2021-02-17,2787,59894,926,17923,1861,41971,0,0,1134,31736,1640,14047,1137,45783,California
Santa Cruz,2021-02-18,2744,62638,594,18517,2150,44121,0,0,1173,31342,1567,15614,1173,46956,California
Santa Cruz,2021-02-19,3119,65757,1086,19603,2033,46154,0,0,1920,32066,1196,16810,1920,48876,California
Santa Cruz,2021-02-20,2260,68017,1413,21016,847,47001,0,0,1776,33358,484,17294,1776,50652,California
Santa Cruz,2021-02-21,801,68818,345,21361,456,47457,0,0,675,33909,124,17418,675,51327,California
Santa Cruz,2021-02-22,1140,69958,881,22242,259,47716,0,0,484,33739,654,18072,484,51811,California
Santa Cruz,2021-02-23,1991,71949,883,23125,1108,48824,0,0,665,33079,1325,19397,665,52476,California
Santa Cruz,2021-02-24,3054,75003,1592,24717,1462,50286,0,0,1152,32334,1897,21294,1152,53628,California
Santa Cruz,2021-02-25,3076,78079,1338,26055,1738,52024,0,0,1702,32672,1366,22660,1704,55332,California
Santa Cruz,2021-02-26,2605,80684,696,26751,1909,53933,0,0,1483,33039,1117,23777,1484,56816,California
Santa Cruz,2021-02-27,2553,83237,886,27637,1667,55600,0,0,1787,34062,764,24541,1787,58603,California
Santa Cruz,2021-02-28,1247,84484,350,27987,897,56497,0,0,1049,34916,195,24736,1049,59652,California
Santa Cruz,2021-03-01,1802,86286,1186,29173,616,57113,0,0,654,34423,1147,25883,654,60306,California
Santa Cruz,2021-03-02,1413,87699,324,29497,1089,58202,0,0,787,34588,625,26508,790,61096,California
Santa Cruz,2021-03-03,2219,89918,585,30082,1634,59836,0,0,1207,34786,1009,27517,1207,62303,California
Santa Cruz,2021-03-04,2792,92710,1344,31426,1447,61283,1,1,1867,35741,914,28431,1869,64172,California
Santa Cruz,2021-03-05,2513,95223,438,31864,2058,63341,17,18,1080,35408,1430,29861,1097,65269,California
Santa Cruz,2021-03-06,3614,98837,1192,33056,2323,65664,99,117,1965,35823,1649,31510,2064,67333,California
Santa Cruz,2021-03-07,1308,100145,115,33171,1124,66788,69,186,539,35663,768,32278,608,67941,California
Santa Cruz,2021-03-08,1031,101176,201,33372,703,67491,127,313,622,36001,409,32687,747,68688,California
Santa Cruz,2021-03-09,1657,102833,231,33603,1284,68775,142,455,643,35775,1011,33698,785,69473,California
Santa Cruz,2021-03-10,3703,106536,2045,35648,1521,70296,137,592,1929,36071,1772,35470,2068,71541,California
Santa Cruz,2021-03-11,2690,109226,1179,36827,1345,71641,166,758,1506,36563,1183,36653,1675,73216,California
Santa Cruz,2021-03-12,2603,111829,834,37661,1498,73139,271,1029,876,35986,1723,38376,1146,74362,California
Santa Cruz,2021-03-13,2156,113985,1247,38908,873,74012,36,1065,1104,36079,1049,39425,1142,75504,California
Santa Cruz,2021-03-14,838,114823,177,39085,648,74660,13,1078,405,36065,431,39856,417,75921,California
Santa Cruz,2021-03-15,1241,116064,438,39523,772,75432,31,1109,540,35940,697,40553,572,76493,California
Santa Cruz,2021-03-16,2165,118229,1026,40549,1098,76530,41,1150,1251,36322,909,41462,1291,77784,California
Santa Cruz,2021-03-17,3767,121996,2259,42808,1499,78029,9,1159,2475,37523,1286,42748,2487,80271,California
Santa Cruz,2021-03-18,3644,125640,1954,44762,1578,79607,112,1271,1933,37860,1708,44456,2045,82316,California
Santa Cruz,2021-03-19,3179,128819,1239,46001,1736,81343,204,1475,1651,38191,1524,45980,1855,84171,California
Santa Cruz,2021-03-20,2149,130968,1590,47591,494,81837,65,1540,1049,38206,1099,47079,1114,85285,California
Santa Cruz,2021-03-21,780,131748,414,48005,243,82080,123,1663,402,38356,376,47455,526,85811,California
Santa Cruz,2021-03-22,1252,133000,766,48771,464,82544,22,1685,880,38889,369,47824,902,86713,California
Santa Cruz,2021-03-23,2391,135391,1315,50086,1027,83571,49,1734,1586,39721,803,48627,1635,88348,California
Santa Cruz,2021-03-24,2893,138284,1968,52054,905,84476,20,1754,1900,40653,987,49614,1919,90267,California
Santa Cruz,2021-03-25,2487,140771,1250,53304,1205,85681,32,1786,1253,40708,1230,50844,1285,91552,California
Santa Cruz,2021-03-26,2920,143691,1687,54991,1208,86889,25,1811,2001,41821,912,51756,2025,93577,California
Santa Cruz,2021-03-27,2969,146660,1832,56823,1114,88003,23,1834,1400,41686,1559,53315,1424,95001,California
Santa Cruz,2021-03-28,868,147528,529,57352,325,88328,14,1848,445,41726,419,53734,459,95460,California
Santa Cruz,2021-03-29,1865,149393,808,58160,990,89318,67,1915,1182,42295,680,54414,1249,96709,California
Santa Cruz,2021-03-30,2497,151890,737,58897,1612,90930,148,2063,1607,43162,888,55302,1755,98464,California
Santa Cruz,2021-03-31,3943,155833,2688,61585,1212,92142,43,2106,2051,43367,1889,57191,2094,100558,California
Santa Cruz,2021-04-01,3784,159617,2050,63635,1629,93771,105,2211,1918,43531,1859,59050,2023,102581,California
Santa Cruz,2021-04-02,3100,162717,1311,64946,1624,95395,165,2376,1740,44079,1357,60407,1905,104486,California
Santa Cruz,2021-04-03,2111,164828,1167,66113,829,96224,115,2491,821,43726,1288,61695,935,105421,California
Santa Cruz,2021-04-04,886,165714,459,66572,373,96597,54,2545,520,43934,366,62061,574,105995,California
Santa Cruz,2021-04-05,2147,167861,716,67288,1271,97868,160,2705,1322,44593,824,62885,1483,107478,California
Santa Cruz,2021-04-06,3180,171041,1548,68836,1275,99143,357,3062,1856,45486,1314,64199,2207,109685,California
Santa Cruz,2021-04-07,3905,174946,1525,70361,2045,101188,335,3397,1675,45268,2227,66426,2009,111694,California
Santa Cruz,2021-04-08,4002,178948,2172,72533,1354,102542,476,3873,2354,46456,1640,68066,2828,114522,California
Santa Cruz,2021-04-09,3546,182494,1424,73957,1746,104288,376,4249,1996,47286,1543,69609,2373,116895,California
Santa Cruz,2021-04-10,2090,184584,985,74942,885,105173,220,4469,971,47361,1115,70724,1190,118085,California
Santa Cruz,2021-04-11,892,185476,444,75386,364,105537,84,4553,404,47361,488,71212,488,118573,California
Santa Cruz,2021-04-12,2165,187641,746,76132,1029,106566,390,4943,1045,47690,1106,72318,1435,120008,California
Santa Cruz,2021-04-13,2753,190394,1361,77493,1391,107957,1,4944,1570,48087,1174,73492,1571,121579,California
Santa Cruz,2021-04-14,4409,194803,2088,79581,2321,110278,0,4944,2152,47994,2247,75739,2154,123733,California
Santa Cruz,2021-04-15,4807,199610,3042,82623,1765,112043,0,4944,3075,49350,1719,77458,3075,126808,California
Santa Cruz,2021-04-16,4223,203833,2289,84912,1932,113975,2,4946,2307,49751,1909,79367,2310,129118,California
Santa Cruz,2021-04-17,2115,205948,830,85742,1285,115260,0,4946,1396,50432,716,80083,1397,130515,California
Santa Cruz,2021-04-18,983,206931,469,86211,513,115773,1,4947,558,50569,422,80505,559,131074,California
Santa Cruz,2021-04-19,2409,209340,1414,87625,994,116767,1,4948,1533,51229,873,81378,1533,132607,California
Santa Cruz,2021-04-20,2958,212298,1537,89162,1421,118188,0,4948,1731,51745,1216,82594,1732,134339,California
Santa Cruz,2021-04-21,3928,216226,2623,91785,1305,119493,0,4948,2115,52067,1795,84389,2117,136456,California
Santa Cruz,2021-04-22,4073,220299,2761,94546,1312,120805,0,4948,2293,52590,1771,86160,2294,138750,California
Santa Cruz,2021-04-23,2990,223289,1603,96149,1386,122191,1,4949,1305,52220,1675,87835,1305,140055,California
Santa Cruz,2021-04-24,2115,225404,1028,97177,1084,123275,3,4952,660,51437,1446,89281,663,140718,California
Santa Cruz,2021-04-25,1025,226429,649,97826,364,123639,12,4964,413,51257,604,89885,424,141142,California
Santa Cruz,2021-04-26,1967,228396,936,98762,1015,124654,16,4980,824,50965,1133,91018,841,141983,California
Santa Cruz,2021-04-27,2810,231206,881,99643,1849,126503,80,5060,1402,51045,1400,92418,1480,143463,California
Santa Cruz,2021-04-28,3259,234465,1797,101440,1388,127891,74,5134,1718,51304,1530,93948,1789,145252,California
Santa Cruz,2021-04-29,3543,238008,2354,103794,1130,129021,59,5193,1248,50325,2286,96234,1307,146559,California
Santa Cruz,2021-04-30,2246,240254,1128,104922,1076,130097,42,5235,959,50047,1280,97514,1002,147561,California
Santa Cruz,2021-05-01,1192,241446,944,105866,217,130314,31,5266,585,50059,604,98118,616,148177,California
Santa Cruz,2021-05-02,556,242002,385,106251,146,130460,25,5291,200,49929,356,98474,226,148403,California
Santa Cruz,2021-05-03,1808,243810,907,107158,838,131298,63,5354,627,49450,1170,99644,691,149094,California
Santa Cruz,2021-05-04,2525,246335,1452,108610,1007,132305,66,5420,838,48668,1684,101328,902,149996,California
Santa Cruz,2021-05-05,2599,248934,1269,109879,1251,133556,79,5499,689,47569,1871,103199,772,150768,California
Santa Cruz,2021-05-06,3668,252602,2328,112207,1129,134685,211,5710,826,45778,2825,106024,1034,151802,California
Santa Cruz,2021-05-07,2553,255155,1105,113312,1371,136056,77,5787,414,44138,2133,108157,493,152295,California
Santa Cruz,2021-05-08,1282,256437,625,113937,629,136685,28,5815,359,43602,923,109080,387,152682,California
Santa Cruz,2021-05-09,493,256930,310,114247,161,136846,22,5837,153,43439,338,109418,175,152857,California
Santa Cruz,2021-05-10,1956,258886,1152,115399,746,137592,58,5895,393,42335,1555,110973,451,153308,California
Santa Cruz,2021-05-11,2267,261153,1263,116662,921,138513,83,5978,621,41396,1642,112615,703,154011,California
Santa Cruz,2021-05-12,2984,264137,1237,117899,1671,140184,76,6054,537,39571,2439,115054,614,154625,California
Santa Cruz,2021-05-13,3746,267883,2507,120406,1149,141333,90,6144,1335,38591,2407,117461,1427,156052,California
Santa Cruz,2021-05-14,2809,270692,1514,121920,1258,142591,37,6181,1065,37957,1737,119198,1103,157155,California
Santa Cruz,2021-05-15,2193,272885,1274,123194,908,143499,11,6192,1075,37928,1115,120313,1086,158241,California
Santa Cruz,2021-05-16,686,273571,338,123532,329,143828,19,6211,207,37677,478,120791,227,158468,California
Santa Cruz,2021-05-17,1445,275016,724,124256,654,144482,67,6278,506,37312,938,121729,573,159041,California
Santa Cruz,2021-05-18,2170,277186,1317,125573,830,145312,23,6301,1065,37300,1100,122829,1088,160129,California
Santa Cruz,2021-05-19,2950,280136,1790,127363,1125,146437,35,6336,1291,36975,1651,124480,1326,161455,California
Santa Cruz,2021-05-20,3248,283384,2325,129688,777,147214,146,6482,1537,36953,1705,126185,1683,163138,California
Santa Cruz,2021-05-21,1681,285065,861,130549,739,147953,81,6563,592,36543,1083,127268,673,163811,California
Santa Cruz,2021-05-22,1686,286751,1303,131852,373,148326,10,6573,586,36044,1096,128364,597,164408,California
Santa Cruz,2021-05-23,443,287194,244,132096,180,148506,19,6592,140,35902,301,128665,159,164567,California
Santa Cruz,2021-05-24,1111,288305,635,132731,401,148907,75,6667,291,35456,812,129477,366,164933,California
Santa Cruz,2021-05-25,2187,290492,1258,133989,886,149793,43,6710,447,34349,1596,131073,489,165422,California
Santa Cruz,2021-05-26,1648,292140,764,134753,842,150635,42,6752,461,33676,1176,132249,503,165925,California
Santa Cruz,2021-05-27,1254,293394,681,135434,473,151108,100,6852,443,33414,805,133054,543,166468,California
Santa Cruz,2021-05-28,814,294208,358,135792,426,151534,30,6882,353,33345,453,133507,384,166852,California
Santa Cruz,2021-05-29,567,294775,320,136112,238,151772,9,6891,325,33439,241,133748,335,167187,California
Santa Cruz,2021-05-30,228,295003,113,136225,103,151875,12,6903,91,33407,134,133882,102,167289,California
Santa Cruz,2021-05-31,142,295145,61,136286,80,151955,1,6904,44,33355,97,133979,45,167334,California
Santa Cruz,2021-06-01,878,296023,542,136828,329,152284,7,6911,325,33136,551,134530,332,167666,California
Santa Cruz,2021-06-02,861,296884,506,137334,316,152600,39,6950,342,33003,514,135044,381,168047,California
Santa Cruz,2021-06-03,2189,299073,1485,138819,667,153267,37,6987,522,31905,1657,136701,559,168606,California
Santa Cruz,2021-06-04,1008,300081,687,139506,290,153557,31,7018,243,31422,758,137459,275,168881,California
Santa Cruz,2021-06-05,971,301052,788,140294,178,153735,5,7023,174,30807,794,138253,179,169060,California
Santa Cruz,2021-06-06,359,301411,256,140550,86,153821,17,7040,110,30688,246,138499,127,169187,California
Santa Cruz,2021-06-07,793,302204,583,141133,180,154001,30,7070,215,30356,577,139076,245,169432,California
Santa Cruz,2021-06-08,1395,303599,1112,142245,258,154259,25,7095,295,29580,1097,140173,321,169753,California
Santa Cruz,2021-06-09,1390,304989,1095,143340,278,154537,17,7112,274,28763,1109,141282,292,170045,California
Santa Cruz,2021-06-10,1910,306899,1567,144907,279,154816,64,7176,337,27593,1568,142850,398,170443,California
Santa Cruz,2021-06-11,794,307693,491,145398,272,155088,31,7207,276,27386,512,143362,305,170748,California
Santa Cruz,2021-06-12,955,308648,838,146236,111,155199,6,7213,161,26761,792,144154,167,170915,California
Santa Cruz,2021-06-13,188,308836,125,146361,44,155243,19,7232,28,26648,160,144314,47,170962,California
Santa Cruz,2021-06-14,542,309378,348,146709,161,155404,33,7265,161,26463,378,144692,193,171155,California
Santa Cruz,2021-06-15,884,310262,647,147356,219,155623,18,7283,319,26238,563,145255,338,171493,California
Santa Cruz,2021-06-16,747,311009,544,147900,171,155794,32,7315,222,25970,521,145776,253,171746,California
Santa Cruz,2021-06-17,754,311763,587,148487,132,155926,35,7350,282,25816,470,146246,316,172062,California
Santa Cruz,2021-06-18,597,312360,369,148856,199,156125,29,7379,262,25776,331,146577,291,172353,California
Santa Cruz,2021-06-19,317,312677,252,149108,61,156186,4,7383,114,25694,200,146777,118,172471,California
Santa Cruz,2021-06-20,158,312835,112,149220,28,156214,18,7401,68,25690,90,146867,86,172557,California
Santa Cruz,2021-06-21,200,313035,145,149365,46,156260,9,7410,88,25676,111,146978,97,172654,California
Shasta,2020-12-15,1,1,1,1,0,0,0,0,1,1,0,0,1,1,California
Shasta,2020-12-16,132,133,132,133,0,0,0,0,132,133,0,0,132,133,California
Shasta,2020-12-17,417,550,417,550,0,0,0,0,417,550,0,0,417,550,California
Shasta,2020-12-18,163,713,163,713,0,0,0,0,163,713,0,0,163,713,California
Shasta,2020-12-19,1,714,1,714,0,0,0,0,1,714,0,0,1,714,California
Shasta,2020-12-21,68,782,68,782,0,0,0,0,68,782,0,0,68,782,California
Shasta,2020-12-22,184,966,179,961,5,5,0,0,184,966,0,0,184,966,California
Shasta,2020-12-23,168,1134,164,1125,4,9,0,0,168,1134,0,0,168,1134,California
Shasta,2020-12-24,25,1159,25,1150,0,9,0,0,25,1159,0,0,25,1159,California
Shasta,2020-12-26,4,1163,1,1151,3,12,0,0,4,1163,0,0,4,1163,California
Shasta,2020-12-27,2,1165,1,1152,1,13,0,0,2,1165,0,0,2,1165,California
Shasta,2020-12-28,37,1202,28,1180,9,22,0,0,37,1202,0,0,37,1202,California
Shasta,2020-12-29,176,1378,175,1355,1,23,0,0,176,1378,0,0,176,1378,California
Shasta,2020-12-30,179,1557,171,1526,8,31,0,0,179,1557,0,0,179,1557,California
Shasta,2020-12-31,81,1638,2,1528,79,110,0,0,81,1638,0,0,81,1638,California
Shasta,2021-01-02,2,1640,0,1528,2,112,0,0,2,1640,0,0,2,1640,California
Shasta,2021-01-03,1,1641,1,1529,0,112,0,0,1,1641,0,0,1,1641,California
Shasta,2021-01-04,357,1998,299,1828,58,170,0,0,358,1999,0,0,358,1999,California
Shasta,2021-01-05,334,2332,312,2140,22,192,0,0,255,2175,79,79,255,2254,California
Shasta,2021-01-06,459,2791,389,2529,70,262,0,0,200,2116,259,338,200,2454,California
Shasta,2021-01-07,128,2919,43,2572,85,347,0,0,101,2190,27,365,101,2555,California
Shasta,2021-01-08,515,3434,440,3012,75,422,0,0,310,2295,205,570,310,2865,California
Shasta,2021-01-09,73,3507,64,3076,9,431,0,0,70,2362,3,573,70,2935,California
Shasta,2021-01-10,5,3512,0,3076,5,436,0,0,3,2365,2,575,5,2940,California
Shasta,2021-01-11,394,3906,179,3255,215,651,0,0,364,2699,30,605,364,3304,California
Shasta,2021-01-12,472,4378,315,3570,157,808,0,0,308,2843,164,769,308,3612,California
Shasta,2021-01-13,594,4972,268,3838,326,1134,0,0,425,3100,168,937,425,4037,California
Shasta,2021-01-14,491,5463,58,3896,433,1567,0,0,467,3543,24,961,467,4504,California
Shasta,2021-01-15,655,6118,136,4032,519,2086,0,0,654,4196,1,962,654,5158,California
Shasta,2021-01-16,885,7003,53,4085,832,2918,0,0,882,5075,3,965,882,6040,California
Shasta,2021-01-17,27,7030,6,4091,21,2939,0,0,23,5094,4,969,23,6063,California
Shasta,2021-01-18,596,7626,128,4219,468,3407,0,0,589,5676,7,976,589,6652,California
Shasta,2021-01-19,1050,8676,394,4613,656,4063,0,0,908,6442,142,1118,908,7560,California
Shasta,2021-01-20,665,9341,414,5027,251,4314,0,0,479,6740,181,1299,479,8039,California
Shasta,2021-01-21,617,9958,282,5309,335,4649,0,0,596,7315,21,1320,596,8635,California
Shasta,2021-01-22,428,10386,176,5485,252,4901,0,0,422,7731,6,1326,422,9057,California
Shasta,2021-01-23,57,10443,5,5490,52,4953,0,0,56,7786,1,1327,56,9113,California
Shasta,2021-01-24,23,10466,2,5492,21,4974,0,0,22,7807,1,1328,22,9135,California
Shasta,2021-01-25,735,11201,482,5974,253,5227,0,0,455,7983,279,1607,455,9590,California
Shasta,2021-01-26,692,11893,339,6313,353,5580,0,0,457,8207,233,1840,457,10047,California
Shasta,2021-01-27,449,12342,197,6510,252,5832,0,0,400,8559,48,1888,400,10447,California
Shasta,2021-01-28,860,13202,570,7080,290,6122,0,0,646,8991,214,2102,646,11093,California
Shasta,2021-01-29,803,14005,325,7405,478,6600,0,0,617,9423,186,2288,618,11711,California
Shasta,2021-01-30,602,14607,14,7419,588,7188,0,0,592,10005,10,2298,592,12303,California
Shasta,2021-01-31,27,14634,4,7423,23,7211,0,0,25,10028,2,2300,25,12328,California
Shasta,2021-02-01,532,15166,149,7572,383,7594,0,0,393,10282,139,2439,393,12721,California
Shasta,2021-02-02,978,16144,497,8069,481,8075,0,0,887,11080,89,2528,887,13608,California
Shasta,2021-02-03,691,16835,216,8285,475,8550,0,0,459,11307,232,2760,459,14067,California
Shasta,2021-02-04,1075,17910,683,8968,392,8942,0,0,887,12007,187,2947,887,14954,California
Shasta,2021-02-05,1249,19159,167,9135,1082,10024,0,0,1041,12841,207,3154,1041,15995,California
Shasta,2021-02-06,1724,20883,39,9174,1685,11709,0,0,1701,14519,23,3177,1701,17696,California
Shasta,2021-02-07,25,20908,3,9177,22,11731,0,0,23,14540,2,3179,23,17719,California
Shasta,2021-02-08,590,21498,168,9345,422,12153,0,0,307,14564,283,3462,307,18026,California
Shasta,2021-02-09,1114,22612,639,9984,475,12628,0,0,727,14905,387,3849,728,18754,California
Shasta,2021-02-10,1119,23731,797,10781,322,12950,0,0,598,14982,522,4371,599,19353,California
Shasta,2021-02-11,867,24598,184,10965,683,13633,0,0,353,14826,509,4880,353,19706,California
Shasta,2021-02-12,1750,26348,1200,12165,550,14183,0,0,1220,15516,530,5410,1220,20926,California
Shasta,2021-02-13,1344,27692,363,12528,981,15164,0,0,547,15266,798,6208,548,21474,California
Shasta,2021-02-14,146,27838,4,12532,142,15306,0,0,123,15366,23,6231,123,21597,California
Shasta,2021-02-15,376,28214,98,12630,278,15584,0,0,209,15408,167,6398,209,21806,California
Shasta,2021-02-16,1187,29401,513,13143,674,16258,0,0,420,15062,766,7164,420,22226,California
Shasta,2021-02-17,1031,30432,459,13602,572,16830,0,0,418,14867,613,7777,418,22644,California
Shasta,2021-02-18,938,31370,474,14076,464,17294,0,0,456,14842,482,8259,457,23101,California
Shasta,2021-02-19,1325,32695,945,15021,380,17674,0,0,869,15255,456,8715,869,23970,California
Shasta,2021-02-20,783,33478,88,15109,695,18369,0,0,295,15062,488,9203,295,24265,California
Shasta,2021-02-21,29,33507,3,15112,26,18395,0,0,9,15051,20,9223,9,24274,California
Shasta,2021-02-22,428,33935,79,15191,349,18744,0,0,181,14986,246,9469,181,24455,California
Shasta,2021-02-23,903,34838,466,15657,437,19181,0,0,323,14729,580,10049,323,24778,California
Shasta,2021-02-24,853,35691,499,16156,354,19535,0,0,265,14407,587,10636,265,25043,California
Shasta,2021-02-25,519,36210,188,16344,331,19866,0,0,174,14237,344,10980,174,25217,California
Shasta,2021-02-26,771,36981,103,16447,668,20534,0,0,337,14141,433,11413,337,25554,California
Shasta,2021-02-27,790,37771,26,16473,764,21298,0,0,185,13723,603,12016,185,25739,California
Shasta,2021-02-28,178,37949,4,16477,174,21472,0,0,129,13803,49,12065,129,25868,California
Shasta,2021-03-01,593,38542,59,16536,534,22006,0,0,298,13807,294,12359,298,26166,California
Shasta,2021-03-02,1019,39561,470,17006,549,22555,0,0,335,13459,683,13042,335,26501,California
Shasta,2021-03-03,675,40236,181,17187,494,23049,0,0,241,13266,434,13476,241,26742,California
Shasta,2021-03-04,2951,43187,2389,19576,562,23611,0,0,1705,13729,1243,14719,1706,28448,California
Shasta,2021-03-05,1534,44721,160,19736,1345,24956,29,29,777,13777,758,15477,806,29254,California
Shasta,2021-03-06,2687,47408,379,20115,2264,27220,44,73,844,12824,1841,17318,888,30142,California
Shasta,2021-03-07,92,47500,4,20119,56,27276,32,105,38,12840,54,17372,70,30212,California
Shasta,2021-03-08,565,48065,55,20174,373,27649,137,242,155,12724,408,17780,292,30504,California
Shasta,2021-03-09,1214,49279,589,20763,451,28100,174,416,660,13004,553,18333,833,31337,California
Shasta,2021-03-10,791,50070,254,21017,335,28435,202,618,141,12696,649,18982,341,31678,California
Shasta,2021-03-11,1505,51575,466,21483,783,29218,256,874,905,13260,597,19579,1161,32839,California
Shasta,2021-03-12,1536,53111,848,22331,447,29665,241,1115,399,12762,1136,20715,638,33477,California
Shasta,2021-03-13,747,53858,423,22754,225,29890,99,1214,473,13059,273,20988,570,34047,California
Shasta,2021-03-14,1002,54860,8,22762,972,30862,22,1236,866,13813,136,21124,890,34937,California
Shasta,2021-03-15,483,55343,39,22801,351,31213,93,1329,208,13838,275,21399,300,35237,California
Shasta,2021-03-16,1112,56455,143,22944,900,32113,69,1398,830,14455,282,21681,899,36136,California
Shasta,2021-03-17,706,57161,180,23124,467,32580,59,1457,369,14554,329,22010,428,36564,California
Shasta,2021-03-18,1513,58674,587,23711,825,33405,101,1558,1085,15316,424,22434,1186,37750,California
Shasta,2021-03-19,627,59301,204,23915,366,33771,57,1615,387,15521,239,22673,444,38194,California
Shasta,2021-03-20,728,60029,480,24395,237,34008,11,1626,588,15980,140,22813,599,38793,California
Shasta,2021-03-21,313,60342,298,24693,4,34012,11,1637,286,16251,26,22839,297,39090,California
Shasta,2021-03-22,336,60678,34,24727,267,34279,35,1672,194,16339,141,22980,229,39319,California
Shasta,2021-03-23,1306,61984,651,25378,596,34875,59,1731,760,16617,541,23521,819,40138,California
Shasta,2021-03-24,610,62594,164,25542,410,35285,36,1767,370,16784,239,23760,406,40544,California
Shasta,2021-03-25,1095,63689,414,25956,660,35945,21,1788,777,17267,316,24076,799,41343,California
Shasta,2021-03-26,1778,65467,1356,27312,392,36337,30,1818,1421,18362,357,24433,1452,42795,California
Shasta,2021-03-27,1522,66989,358,27670,304,36641,860,2678,522,18742,998,25431,1378,44173,California
Shasta,2021-03-28,399,67388,296,27966,93,36734,10,2688,298,18951,99,25530,308,44481,California
Shasta,2021-03-29,416,67804,40,28006,365,37099,11,2699,162,18871,253,25783,173,44654,California
Shasta,2021-03-30,1200,69004,742,28748,441,37540,17,2716,597,18885,600,26383,614,45268,California
Shasta,2021-03-31,611,69615,200,28948,404,37944,7,2723,368,19021,239,26622,375,45643,California
Shasta,2021-04-01,865,70480,226,29174,626,38570,13,2736,544,19259,319,26941,557,46200,California
Shasta,2021-04-02,715,71195,173,29347,489,39059,53,2789,383,19365,330,27271,436,46636,California
Shasta,2021-04-03,500,71695,358,29705,126,39185,16,2805,381,19643,119,27390,397,47033,California
Shasta,2021-04-04,286,71981,172,29877,94,39279,20,2825,213,19803,73,27463,233,47266,California
Shasta,2021-04-05,427,72408,66,29943,307,39586,54,2879,249,19928,178,27641,303,47569,California
Shasta,2021-04-06,1111,73519,479,30422,465,40051,167,3046,533,20054,573,28214,699,48268,California
Shasta,2021-04-07,623,74142,187,30609,280,40331,156,3202,234,20058,385,28599,389,48657,California
Shasta,2021-04-08,1116,75258,256,30865,704,41035,156,3358,202,19504,911,29510,357,49014,California
Shasta,2021-04-09,2548,77806,2043,32908,299,41334,206,3564,1982,21129,559,30069,2184,51198,California
Shasta,2021-04-10,859,78665,577,33485,154,41488,128,3692,256,20909,602,30671,382,51580,California
Shasta,2021-04-11,1233,79898,392,33877,821,42309,20,3712,139,19978,1090,31761,159,51739,California
Shasta,2021-04-12,332,80230,8,33885,265,42574,59,3771,94,19893,237,31998,152,51891,California
Shasta,2021-04-13,1243,81473,360,34245,881,43455,2,3773,336,19328,902,32900,337,52228,California
Shasta,2021-04-14,573,82046,149,34394,422,43877,2,3775,218,19194,354,33254,220,52448,California
Shasta,2021-04-15,1050,83096,249,34643,800,44677,1,3776,302,18753,743,33997,302,52750,California
Shasta,2021-04-16,2267,85363,1799,36442,468,45145,0,3776,929,18346,1336,35333,929,53679,California
Shasta,2021-04-17,606,85969,385,36827,221,45366,0,3776,178,18097,428,35761,179,53858,California
Shasta,2021-04-18,264,86233,238,37065,26,45392,0,3776,33,17901,229,35990,33,53891,California
Shasta,2021-04-19,371,86604,29,37094,342,45734,0,3776,158,17846,213,36203,158,54049,California
Shasta,2021-04-20,959,87563,209,37303,750,46484,0,3776,355,17599,602,36805,355,54404,California
Shasta,2021-04-21,569,88132,191,37494,378,46862,0,3776,296,17622,273,37078,296,54700,California
Shasta,2021-04-22,925,89057,255,37749,670,47532,0,3776,295,17289,628,37706,295,54995,California
Shasta,2021-04-23,616,89673,236,37985,380,47912,0,3776,314,17302,301,38007,314,55309,California
Shasta,2021-04-24,587,90260,353,38338,233,48145,1,3777,106,16929,479,38486,106,55415,California
Shasta,2021-04-25,206,90466,176,38514,29,48174,1,3778,36,16796,170,38656,37,55452,California
Shasta,2021-04-26,490,90956,52,38566,433,48607,5,3783,348,17008,140,38796,352,55804,California
Shasta,2021-04-27,524,91480,167,38733,320,48927,37,3820,294,17109,227,39023,328,56132,California
Shasta,2021-04-28,554,92034,133,38866,390,49317,31,3851,248,17081,306,39329,278,56410,California
Shasta,2021-04-29,743,92777,102,38968,619,49936,22,3873,176,16713,566,39895,198,56608,California
Shasta,2021-04-30,2216,94993,1799,40767,387,50323,30,3903,252,15032,1963,41858,282,56890,California
Shasta,2021-05-01,213,95206,19,40786,122,50445,72,3975,92,15075,121,41979,164,57054,California
Shasta,2021-05-02,44,95250,14,40800,17,50462,13,3988,19,15082,25,42004,32,57086,California
Shasta,2021-05-03,347,95597,94,40894,230,50692,23,4011,110,14979,236,42240,133,57219,California
Shasta,2021-05-04,515,96112,190,41084,288,50980,37,4048,247,14998,265,42505,284,57503,California
Shasta,2021-05-05,424,96536,137,41221,271,51251,16,4064,196,14982,228,42733,212,57715,California
Shasta,2021-05-06,676,97212,257,41478,385,51636,34,4098,285,14917,382,43115,317,58032,California
Shasta,2021-05-07,1085,98297,719,42197,328,51964,38,4136,294,14459,790,43905,332,58364,California
Shasta,2021-05-08,160,98457,79,42276,71,52035,10,4146,93,14494,67,43972,102,58466,California
Shasta,2021-05-09,63,98520,14,42290,44,52079,5,4151,33,14502,30,44002,38,58504,California
Shasta,2021-05-10,249,98769,20,42310,182,52261,47,4198,109,14518,137,44139,153,58657,California
Shasta,2021-05-11,490,99259,138,42448,207,52468,145,4343,178,14530,311,44450,323,58980,California
Shasta,2021-05-12,386,99645,140,42588,223,52691,23,4366,128,14424,257,44707,151,59131,California
Shasta,2021-05-13,575,100220,239,42827,322,53013,14,4380,222,14309,351,45058,236,59367,California
Shasta,2021-05-14,631,100851,266,43093,340,53353,25,4405,291,14288,339,45397,318,59685,California
Shasta,2021-05-15,373,101224,116,43209,158,53511,99,4504,153,14320,219,45616,251,59936,California
Shasta,2021-05-16,219,101443,154,43363,55,53566,10,4514,160,14431,59,45675,170,60106,California
Shasta,2021-05-17,523,101966,242,43605,223,53789,58,4572,278,14523,244,45919,336,60442,California
Shasta,2021-05-18,606,102572,292,43897,290,54079,24,4596,327,14595,279,46198,351,60793,California
Shasta,2021-05-19,578,103150,271,44168,240,54319,67,4663,279,14646,295,46493,346,61139,California
Shasta,2021-05-20,554,103704,246,44414,289,54608,19,4682,258,14629,293,46786,276,61415,California
Shasta,2021-05-21,630,104334,282,44696,329,54937,19,4701,338,14696,290,47076,357,61772,California
Shasta,2021-05-22,230,104564,129,44825,92,55029,9,4710,142,14761,86,47162,151,61923,California
Shasta,2021-05-23,109,104673,48,44873,55,55084,6,4716,68,14794,41,47203,74,61997,California
Shasta,2021-05-24,520,105193,160,45033,330,55414,30,4746,184,14673,335,47538,214,62211,California
Shasta,2021-05-25,458,105651,196,45229,217,55631,45,4791,158,14579,296,47834,202,62413,California
Shasta,2021-05-26,369,106020,142,45371,202,55833,25,4816,146,14528,222,48056,171,62584,California
Shasta,2021-05-27,409,106429,151,45522,249,56082,9,4825,155,14441,251,48307,164,62748,California
Shasta,2021-05-28,429,106858,194,45716,208,56290,27,4852,200,14442,226,48533,227,62975,California
Shasta,2021-05-29,219,107077,60,45776,128,56418,31,4883,90,14432,129,48662,119,63094,California
Shasta,2021-05-30,83,107160,48,45824,33,56451,2,4885,55,14461,28,48690,57,63151,California
Shasta,2021-05-31,34,107194,8,45832,25,56476,1,4886,11,14451,22,48712,12,63163,California
Shasta,2021-06-01,519,107713,152,45984,224,56700,143,5029,134,14351,378,49090,278,63441,California
Shasta,2021-06-02,289,108002,117,46101,163,56863,9,5038,119,14311,168,49258,128,63569,California
Shasta,2021-06-03,360,108362,155,46256,198,57061,7,5045,116,14191,243,49501,123,63692,California
Shasta,2021-06-04,556,108918,277,46533,253,57314,26,5071,197,14056,358,49859,223,63915,California
Shasta,2021-06-05,246,109164,142,46675,86,57400,18,5089,82,13994,163,50022,101,64016,California
Shasta,2021-06-06,159,109323,125,46800,32,57432,2,5091,47,13931,112,50134,49,64065,California
Shasta,2021-06-07,394,109717,230,47030,147,57579,17,5108,106,13767,287,50421,123,64188,California
Shasta,2021-06-08,495,110212,299,47329,152,57731,44,5152,145,13607,349,50770,189,64377,California
Shasta,2021-06-09,471,110683,267,47596,118,57849,86,5238,110,13444,358,51128,195,64572,California
Shasta,2021-06-10,403,111086,238,47834,140,57989,25,5263,126,13324,271,51399,151,64723,California
Shasta,2021-06-11,447,111533,249,48083,160,58149,38,5301,121,13158,324,51723,158,64881,California
Shasta,2021-06-12,205,111738,134,48217,65,58214,6,5307,73,13105,132,51855,79,64960,California
Shasta,2021-06-13,88,111826,55,48272,31,58245,2,5309,25,13069,63,51918,27,64987,California
Shasta,2021-06-14,277,112103,151,48423,109,58354,17,5326,80,12970,196,52114,97,65084,California
Shasta,2021-06-15,431,112534,214,48637,111,58465,106,5432,146,12936,280,52394,246,65330,California
Shasta,2021-06-16,255,112789,147,48784,95,58560,13,5445,82,12862,169,52563,95,65425,California
Shasta,2021-06-17,287,113076,122,48906,130,58690,35,5480,101,12813,185,52748,136,65561,California
Shasta,2021-06-18,347,113423,223,49129,105,58795,19,5499,146,12778,200,52948,165,65726,California
Shasta,2021-06-19,114,113537,74,49203,38,58833,2,5501,53,12773,60,53008,55,65781,California
Shasta,2021-06-20,54,113591,37,49240,15,58848,2,5503,19,12759,35,53043,21,65802,California
Shasta,2021-06-21,127,113718,50,49290,59,58907,18,5521,46,12742,81,53124,64,65866,California
Sierra,2020-12-18,1,1,1,1,0,0,0,0,1,1,0,0,1,1,California
Sierra,2020-12-21,2,3,2,3,0,0,0,0,2,3,0,0,2,3,California
Sierra,2020-12-22,12,15,12,15,0,0,0,0,12,15,0,0,12,15,California
Sierra,2020-12-23,4,19,4,19,0,0,0,0,4,19,0,0,4,19,California
Sierra,2020-12-28,1,20,0,19,1,1,0,0,1,20,0,0,1,20,California
Sierra,2020-12-29,49,69,7,26,42,43,0,0,49,69,0,0,49,69,California
Sierra,2020-12-30,2,71,0,26,2,45,0,0,2,71,0,0,2,71,California
Sierra,2020-12-31,13,84,0,26,13,58,0,0,13,84,0,0,13,84,California
Sierra,2021-01-01,1,85,1,27,0,58,0,0,1,85,0,0,1,85,California
Sierra,2021-01-05,64,149,2,29,62,120,0,0,64,149,0,0,64,149,California
Sierra,2021-01-06,1,150,1,30,0,120,0,0,1,150,0,0,1,150,California
Sierra,2021-01-07,20,170,1,31,19,139,0,0,19,168,1,1,19,169,California
Sierra,2021-01-11,3,173,3,34,0,139,0,0,0,165,3,4,0,169,California
Sierra,2021-01-12,38,211,12,46,26,165,0,0,26,179,12,16,26,195,California
Sierra,2021-01-13,3,214,3,49,0,165,0,0,0,176,3,19,0,195,California
Sierra,2021-01-14,35,249,2,51,33,198,0,0,35,211,0,19,35,230,California
Sierra,2021-01-15,3,252,1,52,2,200,0,0,3,214,0,19,3,233,California
Sierra,2021-01-18,3,255,0,52,3,203,0,0,3,217,0,19,3,236,California
Sierra,2021-01-19,35,290,0,52,35,238,0,0,35,252,0,19,35,271,California
Sierra,2021-01-21,53,343,0,52,53,291,0,0,53,305,0,19,53,324,California
Sierra,2021-01-22,2,345,0,52,2,293,0,0,2,307,0,19,2,326,California
Sierra,2021-01-23,2,347,0,52,2,295,0,0,2,309,0,19,2,328,California
Sierra,2021-01-25,1,348,1,53,0,295,0,0,1,310,0,19,1,329,California
Sierra,2021-01-26,62,410,1,54,61,356,0,0,24,296,38,57,24,353,California
Sierra,2021-01-27,4,414,4,58,0,356,0,0,0,292,4,61,0,353,California
Sierra,2021-01-28,53,467,0,58,53,409,0,0,43,325,10,71,43,396,California
Sierra,2021-01-29,1,468,0,58,1,410,0,0,1,326,0,71,1,397,California
Sierra,2021-01-30,2,470,2,60,0,410,0,0,2,328,0,71,2,399,California
Sierra,2021-02-01,1,471,0,60,1,411,0,0,0,327,1,72,0,399,California
Sierra,2021-02-02,60,531,1,61,59,470,0,0,22,311,38,110,22,421,California
Sierra,2021-02-03,5,536,5,66,0,470,0,0,5,316,0,110,5,426,California
Sierra,2021-02-04,99,635,2,68,97,567,0,0,50,317,49,159,50,476,California
Sierra,2021-02-05,5,640,3,71,2,569,0,0,4,320,1,160,4,480,California
Sierra,2021-02-09,56,696,0,71,56,625,0,0,52,368,4,164,52,532,California
Sierra,2021-02-10,2,698,0,71,2,627,0,0,2,370,0,164,2,534,California
Sierra,2021-02-11,194,892,1,72,193,820,0,0,134,444,60,224,134,668,California
Sierra,2021-02-12,20,912,0,72,20,840,0,0,20,464,0,224,20,688,California
Sierra,2021-02-15,2,914,2,74,0,840,0,0,0,462,2,226,0,688,California
Sierra,2021-02-16,47,961,1,75,46,886,0,0,10,435,37,263,10,698,California
Sierra,2021-02-17,4,965,0,75,4,890,0,0,1,433,3,266,1,699,California
Sierra,2021-02-18,144,1109,0,75,144,1034,0,0,94,477,50,316,94,793,California
Sierra,2021-02-19,1,1110,0,75,1,1035,0,0,0,476,1,317,0,793,California
Sierra,2021-02-20,3,1113,2,77,1,1036,0,0,1,475,2,319,1,794,California
Sierra,2021-02-23,5,1118,0,77,5,1041,0,0,5,480,0,319,5,799,California
Sierra,2021-02-24,1,1119,0,77,1,1042,0,0,1,481,0,319,1,800,California
Sierra,2021-02-25,124,1243,1,78,123,1165,0,0,59,476,64,383,59,859,California
Sierra,2021-02-26,11,1254,6,84,5,1170,0,0,4,473,7,390,4,863,California
Sierra,2021-03-01,1,1255,1,85,0,1170,0,0,0,472,1,391,0,863,California
Sierra,2021-03-02,60,1315,0,85,60,1230,0,0,40,492,20,411,40,903,California
Sierra,2021-03-03,1,1316,1,86,0,1230,0,0,0,491,1,412,0,903,California
Sierra,2021-03-04,108,1424,0,86,108,1338,0,0,60,503,48,460,60,963,California
Sierra,2021-03-05,12,1436,0,86,12,1350,0,0,10,511,2,462,10,973,California
Sierra,2021-03-08,1,1437,1,87,0,1350,0,0,1,512,0,462,1,974,California
Sierra,2021-03-09,59,1496,0,87,59,1409,0,0,11,475,48,510,11,985,California
Sierra,2021-03-10,6,1502,0,87,6,1415,0,0,4,477,2,512,4,989,California
Sierra,2021-03-11,176,1678,1,88,175,1590,0,0,44,389,132,644,44,1033,California
Sierra,2021-03-12,19,1697,0,88,19,1609,0,0,0,370,19,663,0,1033,California
Sierra,2021-03-13,27,1724,0,88,27,1636,0,0,27,397,0,663,27,1060,California
Sierra,2021-03-15,2,1726,0,88,0,1636,2,2,0,397,2,665,2,1062,California
Sierra,2021-03-16,37,1763,0,88,36,1672,1,3,22,405,15,680,23,1085,California
Sierra,2021-03-17,1,1764,0,88,1,1673,0,3,0,404,1,681,0,1085,California
Sierra,2021-03-18,161,1925,0,88,161,1834,0,3,65,373,96,777,65,1150,California
Sierra,2021-03-19,3,1928,1,89,2,1836,0,3,0,370,3,780,0,1150,California
Sierra,2021-03-20,2,1930,0,89,2,1838,0,3,1,370,1,781,1,1151,California
Sierra,2021-03-23,23,1953,0,89,23,1861,0,3,13,373,10,791,13,1164,California
Sierra,2021-03-24,2,1955,0,89,2,1863,0,3,1,373,1,792,1,1165,California
Sierra,2021-03-25,99,2054,1,90,98,1961,0,3,50,374,49,841,50,1215,California
Sierra,2021-03-26,11,2065,0,90,11,1972,0,3,8,379,3,844,8,1223,California
Sierra,2021-03-27,1,2066,0,90,1,1973,0,3,0,378,1,845,0,1223,California
Sierra,2021-03-29,1,2067,1,91,0,1973,0,3,0,377,1,846,0,1223,California
Sierra,2021-03-30,60,2127,0,91,60,2033,0,3,26,369,34,880,26,1249,California
Sierra,2021-03-31,8,2135,0,91,8,2041,0,3,8,377,0,880,8,1257,California
Sierra,2021-04-01,63,2198,1,92,62,2103,0,3,5,326,56,936,5,1262,California
Sierra,2021-04-02,2,2200,1,93,1,2104,0,3,2,328,0,936,2,1264,California
Sierra,2021-04-04,1,2201,0,93,1,2105,0,3,0,328,0,936,0,1264,California
Sierra,2021-04-06,11,2212,0,93,11,2116,0,3,1,319,10,946,1,1265,California
Sierra,2021-04-07,13,2225,2,95,6,2122,5,8,2,316,10,956,7,1272,California
Sierra,2021-04-08,52,2277,2,97,50,2172,0,8,16,296,36,992,16,1288,California
Sierra,2021-04-09,1,2278,1,98,0,2172,0,8,1,297,0,992,1,1289,California
Sierra,2021-04-10,27,2305,0,98,27,2199,0,8,0,270,27,1019,0,1289,California
Sierra,2021-04-12,1,2306,0,98,0,2199,1,9,0,270,1,1020,1,1290,California
Sierra,2021-04-13,45,2351,0,98,45,2244,0,9,5,235,40,1060,5,1295,California
Sierra,2021-04-14,1,2352,0,98,1,2245,0,9,1,236,0,1060,1,1296,California
Sierra,2021-04-15,49,2401,2,100,47,2292,0,9,2,191,47,1107,2,1298,California
Sierra,2021-04-17,2,2403,1,101,1,2293,0,9,1,191,1,1108,1,1299,California
Sierra,2021-04-18,1,2404,0,101,1,2294,0,9,0,191,0,1108,0,1299,California
Sierra,2021-04-19,1,2405,0,101,1,2295,0,9,1,192,0,1108,1,1300,California
Sierra,2021-04-20,34,2439,2,103,32,2327,0,9,6,170,28,1136,6,1306,California
Sierra,2021-04-21,2,2441,1,104,1,2328,0,9,1,170,1,1137,1,1307,California
Sierra,2021-04-22,64,2505,1,105,63,2391,0,9,5,117,58,1195,5,1312,California
Sierra,2021-04-23,12,2517,0,105,12,2403,0,9,4,113,8,1203,4,1316,California
Sierra,2021-04-24,4,2521,0,105,4,2407,0,9,4,117,0,1203,4,1320,California
Sierra,2021-04-26,1,2522,0,105,1,2408,0,9,1,118,0,1203,1,1321,California
Sierra,2021-04-27,31,2553,0,105,31,2439,0,9,4,95,27,1230,4,1325,California
Sierra,2021-04-28,10,2563,2,107,8,2447,0,9,2,89,8,1238,2,1327,California
Sierra,2021-04-29,20,2583,2,109,18,2465,0,9,14,97,6,1244,14,1341,California
Sierra,2021-04-30,3,2586,1,110,2,2467,0,9,1,96,2,1246,1,1342,California
Sierra,2021-05-01,1,2587,0,110,1,2468,0,9,0,96,0,1246,0,1342,California
Sierra,2021-05-03,1,2588,1,111,0,2468,0,9,1,97,0,1246,1,1343,California
Sierra,2021-05-04,3,2591,1,112,1,2469,1,10,1,97,2,1248,2,1345,California
Sierra,2021-05-05,23,2614,1,113,22,2491,0,10,8,90,15,1263,8,1353,California
Sierra,2021-05-06,1,2615,1,114,0,2491,0,10,0,89,1,1264,0,1353,California
Sierra,2021-05-08,1,2616,0,114,0,2491,1,11,0,89,1,1265,1,1354,California
Sierra,2021-05-11,11,2627,0,114,4,2495,7,18,0,85,11,1276,7,1361,California
Sierra,2021-05-12,12,2639,1,115,11,2506,0,18,9,91,3,1279,9,1370,California
Sierra,2021-05-13,3,2642,2,117,1,2507,0,18,2,92,1,1280,2,1372,California
Sierra,2021-05-14,3,2645,1,118,2,2509,0,18,3,95,0,1280,3,1375,California
Sierra,2021-05-15,1,2646,0,118,0,2509,1,19,0,95,1,1281,1,1376,California
Sierra,2021-05-17,1,2647,1,119,0,2509,0,19,1,96,0,1281,1,1377,California
Sierra,2021-05-18,1,2648,0,119,0,2509,1,20,0,96,1,1282,1,1378,California
Sierra,2021-05-19,7,2655,3,122,4,2513,0,20,2,93,5,1287,2,1380,California
Sierra,2021-05-20,9,2664,8,130,0,2513,1,21,8,101,1,1288,9,1389,California
Sierra,2021-05-21,3,2667,1,131,2,2515,0,21,1,100,2,1290,1,1390,California
Sierra,2021-05-22,4,2671,0,131,4,2519,0,21,0,96,4,1294,0,1390,California
Sierra,2021-05-23,1,2672,0,131,1,2520,0,21,1,97,0,1294,1,1391,California
Sierra,2021-05-24,3,2675,1,132,2,2522,0,21,2,98,1,1295,2,1393,California
Sierra,2021-05-25,4,2679,1,133,3,2525,0,21,1,96,3,1298,1,1394,California
Sierra,2021-05-26,8,2687,0,133,8,2533,0,21,4,96,4,1302,4,1398,California
Sierra,2021-05-27,9,2696,1,134,7,2540,1,22,2,92,7,1309,3,1401,California
Sierra,2021-05-28,3,2699,1,135,2,2542,0,22,2,93,1,1310,2,1403,California
Sierra,2021-05-29,2,2701,0,135,2,2544,0,22,2,95,0,1310,2,1405,California
Sierra,2021-05-30,1,2702,1,136,0,2544,0,22,1,96,0,1310,1,1406,California
Sierra,2021-06-01,1,2703,0,136,1,2545,0,22,0,95,1,1311,0,1406,California
Sierra,2021-06-02,23,2726,0,136,21,2566,2,24,0,75,22,1333,2,1408,California
Sierra,2021-06-03,3,2729,2,138,1,2567,0,24,0,72,3,1336,0,1408,California
Sierra,2021-06-04,2,2731,2,140,0,2567,0,24,1,72,1,1337,1,1409,California
Sierra,2021-06-08,1,2732,1,141,0,2567,0,24,1,73,0,1337,1,1410,California
Sierra,2021-06-09,9,2741,1,142,6,2573,2,26,0,66,9,1346,2,1412,California
Sierra,2021-06-10,8,2749,8,150,0,2573,0,26,4,66,4,1350,4,1416,California
Sierra,2021-06-11,3,2752,1,151,2,2575,0,26,0,63,3,1353,0,1416,California
Sierra,2021-06-12,1,2753,1,152,0,2575,0,26,1,64,0,1353,1,1417,California
Sierra,2021-06-13,1,2754,1,153,0,2575,0,26,0,63,1,1354,0,1417,California
Sierra,2021-06-14,6,2760,4,157,1,2576,1,27,2,62,4,1358,3,1420,California
Sierra,2021-06-15,1,2761,0,157,1,2577,0,27,0,62,0,1358,0,1420,California
Sierra,2021-06-16,6,2767,1,158,5,2582,0,27,2,60,4,1362,2,1422,California
Sierra,2021-06-17,5,2772,2,160,1,2583,2,29,2,61,3,1365,4,1426,California
Sierra,2021-06-18,2,2774,1,161,0,2583,1,30,0,60,2,1367,1,1427,California
Siskiyou,2020-12-16,2,2,2,2,0,0,0,0,2,2,0,0,2,2,California
Siskiyou,2020-12-17,4,6,4,6,0,0,0,0,4,6,0,0,4,6,California
Siskiyou,2020-12-18,2,8,2,8,0,0,0,0,2,8,0,0,2,8,California
Siskiyou,2020-12-19,4,12,4,12,0,0,0,0,4,12,0,0,4,12,California
Siskiyou,2020-12-20,1,13,1,13,0,0,0,0,1,13,0,0,1,13,California
Siskiyou,2020-12-21,131,144,131,144,0,0,0,0,131,144,0,0,131,144,California
Siskiyou,2020-12-22,158,302,158,302,0,0,0,0,158,302,0,0,158,302,California
Siskiyou,2020-12-23,142,444,142,444,0,0,0,0,142,444,0,0,142,444,California
Siskiyou,2020-12-24,5,449,5,449,0,0,0,0,5,449,0,0,5,449,California
Siskiyou,2020-12-26,2,451,0,449,2,2,0,0,2,451,0,0,2,451,California
Siskiyou,2020-12-27,2,453,0,449,2,4,0,0,2,453,0,0,2,453,California
Siskiyou,2020-12-28,4,457,2,451,2,6,0,0,4,457,0,0,4,457,California
Siskiyou,2020-12-29,6,463,2,453,4,10,0,0,6,463,0,0,6,463,California
Siskiyou,2020-12-30,100,563,3,456,97,107,0,0,100,563,0,0,100,563,California
Siskiyou,2020-12-31,12,575,0,456,12,119,0,0,12,575,0,0,12,575,California
Siskiyou,2021-01-02,1,576,1,457,0,119,0,0,1,576,0,0,1,576,California
Siskiyou,2021-01-03,1,577,0,457,1,120,0,0,1,577,0,0,1,577,California
Siskiyou,2021-01-04,130,707,3,460,127,247,0,0,130,707,0,0,130,707,California
Siskiyou,2021-01-05,119,826,4,464,115,362,0,0,117,823,2,2,118,825,California
Siskiyou,2021-01-06,60,886,7,471,53,415,0,0,56,875,4,6,56,881,California
Siskiyou,2021-01-07,176,1062,4,475,172,587,0,0,175,1049,1,7,175,1056,California
Siskiyou,2021-01-08,39,1101,3,478,36,623,0,0,37,1084,2,9,37,1093,California
Siskiyou,2021-01-09,3,1104,3,481,0,623,0,0,1,1083,2,11,1,1094,California
Siskiyou,2021-01-11,224,1328,64,545,160,783,0,0,162,1183,62,73,162,1256,California
Siskiyou,2021-01-12,324,1652,274,819,50,833,0,0,91,1042,233,306,92,1348,California
Siskiyou,2021-01-13,158,1810,137,956,21,854,0,0,24,932,134,440,24,1372,California
Siskiyou,2021-01-14,35,1845,1,957,34,888,0,0,34,965,1,441,34,1406,California
Siskiyou,2021-01-15,55,1900,3,960,52,940,0,0,55,1020,0,441,55,1461,California
Siskiyou,2021-01-16,7,1907,2,962,5,945,0,0,7,1027,0,441,7,1468,California
Siskiyou,2021-01-17,1,1908,1,963,0,945,0,0,0,1026,1,442,0,1468,California
Siskiyou,2021-01-18,76,1984,4,967,72,1017,0,0,73,1096,3,445,73,1541,California
Siskiyou,2021-01-19,41,2025,1,968,40,1057,0,0,40,1135,1,446,40,1581,California
Siskiyou,2021-01-20,68,2093,35,1003,33,1090,0,0,64,1195,4,450,64,1645,California
Siskiyou,2021-01-21,66,2159,1,1004,65,1155,0,0,66,1261,0,450,66,1711,California
Siskiyou,2021-01-22,1339,3498,1172,2176,167,1322,0,0,1339,2600,0,450,1339,3050,California
Siskiyou,2021-01-23,6,3504,2,2178,4,1326,0,0,3,2600,3,453,3,3053,California
Siskiyou,2021-01-25,208,3712,8,2186,200,1526,0,0,204,2800,4,457,204,3257,California
Siskiyou,2021-01-26,98,3810,3,2189,95,1621,0,0,89,2880,9,466,89,3346,California
Siskiyou,2021-01-27,198,4008,2,2191,196,1817,0,0,133,2949,64,530,133,3479,California
Siskiyou,2021-01-28,260,4268,118,2309,142,1959,0,0,235,3165,19,549,235,3714,California
Siskiyou,2021-01-29,272,4540,3,2312,269,2228,0,0,253,3399,19,568,253,3967,California
Siskiyou,2021-01-30,6,4546,5,2317,1,2229,0,0,6,3405,0,568,6,3973,California
Siskiyou,2021-02-01,214,4760,3,2320,211,2440,0,0,114,3419,100,668,114,4087,California
Siskiyou,2021-02-02,311,5071,45,2365,266,2706,0,0,158,3424,153,821,158,4245,California
Siskiyou,2021-02-03,335,5406,1,2366,334,3040,0,0,264,3617,71,892,264,4509,California
Siskiyou,2021-02-04,358,5764,7,2373,351,3391,0,0,220,3699,138,1030,220,4729,California
Siskiyou,2021-02-05,543,6307,4,2377,539,3930,0,0,369,3894,174,1204,369,5098,California
Siskiyou,2021-02-06,15,6322,0,2377,15,3945,0,0,15,3909,0,1204,15,5113,California
Siskiyou,2021-02-07,2,6324,1,2378,1,3946,0,0,2,3911,0,1204,2,5115,California
Siskiyou,2021-02-08,237,6561,4,2382,233,4179,0,0,212,4098,25,1229,212,5327,California
Siskiyou,2021-02-09,242,6803,2,2384,240,4419,0,0,189,4234,53,1282,189,5516,California
Siskiyou,2021-02-10,388,7191,41,2425,347,4766,0,0,318,4483,69,1351,318,5834,California
Siskiyou,2021-02-11,215,7406,1,2426,214,4980,0,0,186,4640,29,1380,186,6020,California
Siskiyou,2021-02-12,1701,9107,1197,3623,504,5484,0,0,498,3935,1203,2583,498,6518,California
Siskiyou,2021-02-13,37,9144,2,3625,35,5519,0,0,32,3962,5,2588,32,6550,California
Siskiyou,2021-02-14,6,9150,2,3627,4,5523,0,0,6,3968,0,2588,6,6556,California
Siskiyou,2021-02-15,98,9248,1,3628,97,5620,0,0,96,4062,2,2590,96,6652,California
Siskiyou,2021-02-16,136,9384,2,3630,134,5754,0,0,100,4126,36,2626,100,6752,California
Siskiyou,2021-02-17,284,9668,3,3633,281,6035,0,0,249,4340,35,2661,249,7001,California
Siskiyou,2021-02-18,269,9937,88,3721,181,6216,0,0,127,4325,142,2803,127,7128,California
Siskiyou,2021-02-19,95,10032,34,3755,61,6277,0,0,35,4302,58,2861,35,7163,California
Siskiyou,2021-02-20,23,10055,5,3760,18,6295,0,0,16,4313,7,2868,18,7181,California
Siskiyou,2021-02-21,1,10056,1,3761,0,6295,0,0,1,4314,0,2868,1,7182,California
Siskiyou,2021-02-22,208,10264,2,3763,206,6501,0,0,76,4258,132,3000,76,7258,California
Siskiyou,2021-02-23,269,10533,15,3778,254,6755,0,0,179,4347,90,3090,179,7437,California
Siskiyou,2021-02-24,171,10704,5,3783,166,6921,0,0,49,4274,122,3212,49,7486,California
Siskiyou,2021-02-25,298,11002,14,3797,284,7205,0,0,144,4265,153,3365,144,7630,California
Siskiyou,2021-02-26,668,11670,7,3804,661,7866,0,0,364,4325,304,3669,364,7994,California
Siskiyou,2021-02-27,32,11702,5,3809,27,7893,0,0,28,4349,4,3673,28,8022,California
Siskiyou,2021-02-28,3,11705,3,3812,0,7893,0,0,2,4350,1,3674,2,8024,California
Siskiyou,2021-03-01,290,11995,5,3817,285,8178,0,0,49,4158,241,3915,49,8073,California
Siskiyou,2021-03-02,203,12198,1,3818,202,8380,0,0,69,4093,134,4049,69,8142,California
Siskiyou,2021-03-03,347,12545,11,3829,336,8716,0,0,153,4052,194,4243,153,8295,California
Siskiyou,2021-03-04,817,13362,616,4445,201,8917,0,0,641,4517,176,4419,641,8936,California
Siskiyou,2021-03-05,347,13709,5,4450,331,9248,11,11,107,4398,237,4656,118,9054,California
Siskiyou,2021-03-06,42,13751,3,4453,32,9280,7,18,27,4417,15,4671,34,9088,California
Siskiyou,2021-03-07,11,13762,3,4456,0,9280,8,26,1,4416,10,4681,9,9097,California
Siskiyou,2021-03-08,358,14120,21,4477,303,9583,34,60,67,4226,291,4972,101,9198,California
Siskiyou,2021-03-09,175,14295,2,4479,118,9701,55,115,42,4190,133,5105,97,9295,California
Siskiyou,2021-03-10,217,14512,6,4485,182,9883,29,144,24,4050,193,5298,53,9348,California
Siskiyou,2021-03-11,491,15003,205,4690,240,10123,46,190,282,4170,208,5506,328,9676,California
Siskiyou,2021-03-12,653,15656,141,4831,473,10596,39,229,184,3926,467,5973,223,9899,California
Siskiyou,2021-03-13,428,16084,379,5210,26,10622,23,252,379,4279,49,6022,402,10301,California
Siskiyou,2021-03-14,20,16104,1,5211,3,10625,16,268,2,4279,18,6040,18,10319,California
Siskiyou,2021-03-15,494,16598,258,5469,173,10798,63,331,319,4486,175,6215,382,10701,California
Siskiyou,2021-03-16,258,16856,34,5503,208,11006,16,347,141,4527,116,6331,157,10858,California
Siskiyou,2021-03-17,200,17056,8,5511,184,11190,8,355,33,4401,167,6498,41,10899,California
Siskiyou,2021-03-18,920,17976,782,6293,126,11316,12,367,804,5101,116,6614,816,11715,California
Siskiyou,2021-03-19,62,18038,5,6298,44,11360,13,380,18,5088,44,6658,31,11746,California
Siskiyou,2021-03-20,29,18067,7,6305,18,11378,4,384,6,5075,23,6681,10,11756,California
Siskiyou,2021-03-21,9,18076,3,6308,1,11379,5,389,4,5079,5,6686,9,11765,California
Siskiyou,2021-03-22,207,18283,18,6326,166,11545,23,412,144,5186,60,6746,167,11932,California
Siskiyou,2021-03-23,160,18443,19,6345,132,11677,9,421,121,5276,39,6785,129,12061,California
Siskiyou,2021-03-24,142,18585,47,6392,95,11772,0,421,115,5364,27,6812,115,12176,California
Siskiyou,2021-03-25,560,19145,312,6704,245,12017,3,424,391,5589,169,6981,394,12570,California
Siskiyou,2021-03-26,302,19447,34,6738,268,12285,0,424,103,5495,197,7178,103,12673,California
Siskiyou,2021-03-27,38,19485,6,6744,27,12312,5,429,10,5482,28,7206,15,12688,California
Siskiyou,2021-03-28,7,19492,6,6750,1,12313,0,429,5,5485,2,7208,5,12693,California
Siskiyou,2021-03-29,93,19585,10,6760,81,12394,2,431,43,5480,50,7258,45,12738,California
Siskiyou,2021-03-30,102,19687,6,6766,95,12489,1,432,41,5461,61,7319,42,12780,California
Siskiyou,2021-03-31,175,19862,7,6773,165,12654,3,435,48,5388,125,7444,52,12832,California
Siskiyou,2021-04-01,824,20686,666,7439,158,12812,0,435,213,4990,611,8055,213,13045,California
Siskiyou,2021-04-02,347,21033,197,7636,146,12958,4,439,65,4779,280,8335,69,13114,California
Siskiyou,2021-04-03,26,21059,5,7641,14,12972,7,446,5,4770,21,8356,12,13126,California
Siskiyou,2021-04-04,2,21061,1,7642,1,12973,0,446,1,4770,1,8357,1,13127,California
Siskiyou,2021-04-05,437,21498,332,7974,80,13053,25,471,27,4413,409,8766,52,13179,California
Siskiyou,2021-04-06,218,21716,36,8010,129,13182,53,524,125,4499,91,8857,177,13356,California
Siskiyou,2021-04-07,114,21830,11,8021,62,13244,41,565,64,4555,50,8907,106,13462,California
Siskiyou,2021-04-08,340,22170,172,8193,125,13369,43,608,63,4384,277,9184,106,13568,California
Siskiyou,2021-04-09,546,22716,378,8571,130,13499,38,646,85,4048,460,9644,124,13692,California
Siskiyou,2021-04-10,46,22762,6,8577,3,13502,37,683,7,4053,39,9683,44,13736,California
Siskiyou,2021-04-11,6,22768,4,8581,1,13503,1,684,1,4050,5,9688,2,13738,California
Siskiyou,2021-04-12,126,22894,22,8603,103,13606,1,685,48,4021,78,9766,49,13787,California
Siskiyou,2021-04-13,204,23098,36,8639,167,13773,1,686,81,3980,123,9889,82,13869,California
Siskiyou,2021-04-14,156,23254,64,8703,92,13865,0,686,85,3996,69,9958,85,13954,California
Siskiyou,2021-04-15,1112,24366,954,9657,158,14023,0,686,434,3753,678,10636,435,14389,California
Siskiyou,2021-04-16,301,24667,210,9867,91,14114,0,686,268,3989,32,10668,268,14657,California
Siskiyou,2021-04-17,11,24678,8,9875,3,14117,0,686,6,3990,5,10673,6,14663,California
Siskiyou,2021-04-18,5,24683,3,9878,2,14119,0,686,1,3987,4,10677,1,14664,California
Siskiyou,2021-04-19,129,24812,24,9902,105,14224,0,686,46,3950,83,10760,46,14710,California
Siskiyou,2021-04-20,209,25021,4,9906,205,14429,0,686,88,3918,120,10880,88,14798,California
Siskiyou,2021-04-21,94,25115,10,9916,84,14513,0,686,25,3874,69,10949,25,14823,California
Siskiyou,2021-04-22,403,25518,293,10209,110,14623,0,686,48,3567,355,11304,48,14871,California
Siskiyou,2021-04-23,179,25697,14,10223,165,14788,0,686,157,3703,21,11325,157,15028,California
Siskiyou,2021-04-24,27,25724,4,10227,23,14811,0,686,20,3716,7,11332,20,15048,California
Siskiyou,2021-04-25,2,25726,0,10227,2,14813,0,686,2,3718,0,11332,2,15050,California
Siskiyou,2021-04-26,99,25825,5,10232,89,14902,5,691,25,3674,74,11406,30,15080,California
Siskiyou,2021-04-27,114,25939,4,10236,108,15010,2,693,86,3736,26,11432,88,15168,California
Siskiyou,2021-04-28,110,26049,7,10243,95,15105,8,701,53,3740,57,11489,61,15229,California
Siskiyou,2021-04-29,147,26196,15,10258,131,15236,1,702,30,3654,117,11606,31,15260,California
Siskiyou,2021-04-30,103,26299,22,10280,80,15316,1,703,44,3642,56,11662,44,15304,California
Siskiyou,2021-05-01,11,26310,7,10287,1,15317,3,706,7,3648,4,11666,10,15314,California
Siskiyou,2021-05-02,10,26320,4,10291,6,15323,0,706,8,3654,2,11668,8,15322,California
Siskiyou,2021-05-03,103,26423,23,10314,78,15401,2,708,42,3637,61,11729,44,15366,California
Siskiyou,2021-05-04,119,26542,6,10320,111,15512,2,710,60,3641,58,11787,62,15428,California
Siskiyou,2021-05-05,115,26657,19,10339,87,15599,9,719,39,3614,75,11862,48,15476,California
Siskiyou,2021-05-06,364,27021,295,10634,63,15662,6,725,190,3636,174,12036,196,15672,California
Siskiyou,2021-05-07,307,27328,219,10853,83,15745,5,730,31,3397,275,12311,36,15708,California
Siskiyou,2021-05-08,24,27352,3,10856,20,15765,1,731,18,3410,6,12317,19,15727,California
Siskiyou,2021-05-09,1,27353,0,10856,1,15766,0,731,0,3409,1,12318,0,15727,California
Siskiyou,2021-05-10,98,27451,67,10923,30,15796,1,732,22,3356,76,12394,23,15750,California
Siskiyou,2021-05-11,87,27538,8,10931,74,15870,5,737,51,3376,36,12430,56,15806,California
Siskiyou,2021-05-12,57,27595,4,10935,48,15918,5,742,16,3356,41,12471,21,15827,California
Siskiyou,2021-05-13,81,27676,34,10969,38,15956,9,751,37,3358,44,12515,46,15873,California
Siskiyou,2021-05-14,176,27852,82,11051,93,16049,1,752,108,3400,67,12582,109,15982,California
Siskiyou,2021-05-15,43,27895,13,11064,28,16077,2,754,36,3432,6,12588,38,16020,California
Siskiyou,2021-05-16,6,27901,2,11066,4,16081,0,754,4,3434,2,12590,4,16024,California
Siskiyou,2021-05-17,63,27964,2,11068,38,16119,23,777,11,3416,52,12642,34,16058,California
Siskiyou,2021-05-18,214,28178,82,11150,128,16247,4,781,123,3453,90,12732,127,16185,California
Siskiyou,2021-05-19,155,28333,97,11247,57,16304,1,782,125,3549,30,12762,126,16311,California
Siskiyou,2021-05-20,530,28863,427,11674,101,16405,2,784,236,3494,293,13055,238,16549,California
Siskiyou,2021-05-21,197,29060,95,11769,102,16507,0,784,109,3516,87,13142,109,16658,California
Siskiyou,2021-05-22,41,29101,19,11788,22,16529,0,784,26,3527,15,13157,26,16684,California
Siskiyou,2021-05-23,4,29105,3,11791,1,16530,0,784,2,3527,2,13159,2,16686,California
Siskiyou,2021-05-24,18,29123,3,11794,15,16545,0,784,5,3520,12,13171,5,16691,California
Siskiyou,2021-05-25,156,29279,16,11810,120,16665,20,804,50,3486,104,13275,70,16761,California
Siskiyou,2021-05-26,76,29355,19,11829,57,16722,0,804,41,3492,35,13310,41,16802,California
Siskiyou,2021-05-27,130,29485,92,11921,37,16759,1,805,55,3473,75,13385,56,16858,California
Siskiyou,2021-05-28,153,29638,58,11979,94,16853,1,806,102,3526,50,13435,103,16961,California
Siskiyou,2021-05-29,16,29654,9,11988,4,16857,3,809,5,3523,11,13446,8,16969,California
Siskiyou,2021-05-31,2,29656,1,11989,0,16857,1,810,1,3524,1,13447,2,16971,California
Siskiyou,2021-06-01,86,29742,20,12009,66,16923,0,810,29,3497,56,13503,29,17000,California
Siskiyou,2021-06-02,118,29860,35,12044,83,17006,0,810,44,3467,74,13577,44,17044,California
Siskiyou,2021-06-03,150,30010,103,12147,42,17048,5,815,34,3390,116,13693,39,17083,California
Siskiyou,2021-06-04,98,30108,76,12223,22,17070,0,815,19,3330,79,13772,19,17102,California
Siskiyou,2021-06-05,37,30145,17,12240,19,17089,1,816,16,3326,21,13793,17,17119,California
Siskiyou,2021-06-06,3,30148,2,12242,0,17089,1,817,0,3324,3,13796,1,17120,California
Siskiyou,2021-06-07,38,30186,4,12246,30,17119,4,821,26,3342,12,13808,30,17150,California
Siskiyou,2021-06-08,209,30395,92,12338,114,17233,3,824,65,3271,139,13947,68,17218,California
Siskiyou,2021-06-09,112,30507,83,12421,28,17261,1,825,30,3220,82,14029,31,17249,California
Siskiyou,2021-06-10,175,30682,143,12564,31,17292,1,826,77,3200,98,14127,78,17327,California
Siskiyou,2021-06-11,111,30793,59,12623,45,17337,7,833,23,3163,67,14194,30,17357,California
Siskiyou,2021-06-12,29,30822,6,12629,23,17360,0,833,9,3152,20,14214,9,17366,California
Siskiyou,2021-06-13,24,30846,16,12645,8,17368,0,833,2,3132,22,14236,2,17368,California
Siskiyou,2021-06-14,24,30870,4,12649,16,17384,4,837,11,3133,13,14249,14,17382,California
Siskiyou,2021-06-15,89,30959,22,12671,54,17438,13,850,33,3123,56,14305,46,17428,California
Siskiyou,2021-06-16,102,31061,23,12694,77,17515,2,852,49,3121,53,14358,51,17479,California
Siskiyou,2021-06-17,183,31244,140,12834,31,17546,12,864,39,3029,143,14501,51,17530,California
Siskiyou,2021-06-18,98,31342,63,12897,27,17573,8,872,21,2981,77,14578,29,17559,California
Siskiyou,2021-06-19,26,31368,17,12914,9,17582,0,872,12,2979,14,14592,12,17571,California
Siskiyou,2021-06-20,2,31370,1,12915,0,17582,1,873,1,2980,1,14593,2,17573,California
Siskiyou,2021-06-21,32,31402,2,12917,29,17611,1,874,23,2995,9,14602,24,17597,California
Solano,2020-12-15,4,4,4,4,0,0,0,0,4,4,0,0,4,4,California
Solano,2020-12-16,70,74,70,74,0,0,0,0,70,74,0,0,70,74,California
Solano,2020-12-17,168,242,168,242,0,0,0,0,168,242,0,0,168,242,California
Solano,2020-12-18,473,715,472,714,1,1,0,0,473,715,0,0,473,715,California
Solano,2020-12-19,520,1235,520,1234,0,1,0,0,520,1235,0,0,520,1235,California
Solano,2020-12-20,350,1585,348,1582,2,3,0,0,350,1585,0,0,350,1585,California
Solano,2020-12-21,577,2162,575,2157,2,5,0,0,577,2162,0,0,577,2162,California
Solano,2020-12-22,658,2820,626,2783,32,37,0,0,658,2820,0,0,658,2820,California
Solano,2020-12-23,854,3674,761,3544,93,130,0,0,853,3672,1,1,853,3673,California
Solano,2020-12-24,413,4087,163,3707,250,380,0,0,413,4085,0,1,413,4086,California
Solano,2020-12-25,9,4096,1,3708,8,388,0,0,9,4094,0,1,9,4095,California
Solano,2020-12-26,171,4267,45,3753,126,514,0,0,171,4265,0,1,171,4266,California
Solano,2020-12-27,107,4374,29,3782,78,592,0,0,107,4372,0,1,107,4373,California
Solano,2020-12-28,875,5249,424,4206,451,1043,0,0,875,5247,0,1,875,5248,California
Solano,2020-12-29,912,6161,373,4579,539,1582,0,0,912,6159,0,1,912,6160,California
Solano,2020-12-30,1233,7394,595,5174,638,2220,0,0,1233,7392,0,1,1233,7393,California
Solano,2020-12-31,542,7936,140,5314,402,2622,0,0,542,7934,0,1,542,7935,California
Solano,2021-01-01,15,7951,14,5328,1,2623,0,0,15,7949,0,1,15,7950,California
Solano,2021-01-02,214,8165,165,5493,49,2672,0,0,214,8163,0,1,214,8164,California
Solano,2021-01-03,57,8222,41,5534,16,2688,0,0,51,8214,0,1,51,8215,California
Solano,2021-01-04,447,8669,240,5774,207,2895,0,0,438,8650,2,3,438,8653,California
Solano,2021-01-05,726,9395,377,6151,349,3244,0,0,566,9061,155,158,566,9219,California
Solano,2021-01-06,842,10237,433,6584,409,3653,0,0,574,9369,266,424,574,9793,California
Solano,2021-01-07,1059,11296,671,7255,388,4041,0,0,592,9497,465,889,593,10386,California
Solano,2021-01-08,1146,12442,779,8034,367,4408,0,0,547,9465,581,1470,549,10935,California
Solano,2021-01-09,899,13341,768,8802,131,4539,0,0,440,9449,456,1926,440,11375,California
Solano,2021-01-10,262,13603,192,8994,70,4609,0,0,162,9511,100,2026,162,11537,California
Solano,2021-01-11,1340,14943,1124,10118,216,4825,0,0,821,9813,519,2545,821,12358,California
Solano,2021-01-12,1562,16505,1162,11280,400,5225,0,0,1021,10295,540,3085,1022,13380,California
Solano,2021-01-13,1472,17977,1003,12283,469,5694,0,0,1216,11257,254,3339,1216,14596,California
Solano,2021-01-14,1902,19879,810,13093,1092,6786,0,0,1592,12540,309,3648,1592,16188,California
Solano,2021-01-15,1713,21592,1058,14151,655,7441,0,0,1416,13659,297,3945,1416,17604,California
Solano,2021-01-16,1300,22892,909,15060,391,7832,0,0,1129,14617,171,4116,1129,18733,California
Solano,2021-01-17,1053,23945,758,15818,295,8127,0,0,1033,15631,20,4136,1034,19767,California
Solano,2021-01-18,1426,25371,855,16673,571,8698,0,0,1308,16822,118,4254,1309,21076,California
Solano,2021-01-19,1662,27033,1343,18016,319,9017,0,0,1395,17951,266,4520,1395,22471,California
Solano,2021-01-20,2057,29090,1430,19446,627,9644,0,0,1568,19033,486,5006,1568,24039,California
Solano,2021-01-21,3237,32327,1028,20474,2209,11853,0,0,2886,21569,351,5357,2887,26926,California
Solano,2021-01-22,1792,34119,853,21327,939,12792,0,0,1595,22969,196,5553,1596,28522,California
Solano,2021-01-23,736,34855,241,21568,495,13287,0,0,532,23297,205,5758,533,29055,California
Solano,2021-01-24,406,35261,63,21631,343,13630,0,0,336,23563,70,5828,336,29391,California
Solano,2021-01-25,1687,36948,633,22264,1054,14684,0,0,1125,24128,561,6389,1126,30517,California
Solano,2021-01-26,1815,38763,747,23011,1068,15752,0,0,1169,24652,646,7035,1170,31687,California
Solano,2021-01-27,1819,40582,728,23739,1091,16843,0,0,1200,25237,615,7650,1200,32887,California
Solano,2021-01-28,1961,42543,706,24445,1255,18098,0,0,1374,26026,586,8236,1375,34262,California
Solano,2021-01-29,1731,44274,792,25237,939,19037,0,0,1366,27030,362,8598,1366,35628,California
Solano,2021-01-30,943,45217,436,25673,507,19544,0,0,614,27316,329,8927,615,36243,California
Solano,2021-01-31,269,45486,180,25853,89,19633,0,0,173,27393,96,9023,173,36416,California
Solano,2021-02-01,1567,47053,1039,26892,528,20161,0,0,782,27395,781,9804,783,37199,California
Solano,2021-02-02,3382,50435,1093,27985,2289,22450,0,0,2571,29160,807,10611,2572,39771,California
Solano,2021-02-03,2278,52713,1315,29300,963,23413,0,0,1177,29240,1098,11709,1178,40949,California
Solano,2021-02-04,1819,54532,906,30206,913,24326,0,0,1081,29589,733,12442,1082,42031,California
Solano,2021-02-05,3127,57659,1419,31625,1708,26034,0,0,2116,30701,1004,13446,2116,44147,California
Solano,2021-02-06,3099,60758,1174,32799,1925,27959,0,0,2269,32144,826,14272,2269,46416,California
Solano,2021-02-07,855,61613,781,33580,74,28033,0,0,235,31760,619,14891,235,46651,California
Solano,2021-02-08,1769,63382,1235,34815,534,28567,0,0,723,31439,1044,15935,723,47374,California
Solano,2021-02-09,1954,65336,1494,36309,460,29027,0,0,694,30874,1259,17194,694,48068,California
Solano,2021-02-10,2278,67614,1501,37810,777,29804,0,0,825,30248,1452,18646,826,48894,California
Solano,2021-02-11,2534,70148,1493,39303,1041,30845,0,0,1193,30111,1330,19976,1193,50087,California
Solano,2021-02-12,4282,74430,1635,40938,2647,33492,0,0,2929,31694,1346,21322,2929,53016,California
Solano,2021-02-13,2872,77302,244,41182,2628,36120,0,0,2459,33744,409,21731,2459,55475,California
Solano,2021-02-14,727,78029,203,41385,524,36644,0,0,405,33830,320,22051,406,55881,California
Solano,2021-02-15,1265,79294,263,41648,1002,37646,0,0,648,33861,617,22668,648,56529,California
Solano,2021-02-16,2568,81862,1386,43034,1182,38828,0,0,1671,34637,896,23564,1672,58201,California
Solano,2021-02-17,3260,85122,1449,44483,1811,40639,0,0,2212,35805,1045,24609,2213,60414,California
Solano,2021-02-18,2921,88043,839,45322,2082,42721,0,0,853,34597,2062,26671,854,61268,California
Solano,2021-02-19,2484,90527,1455,46777,1029,43750,0,0,1174,34468,1305,27976,1176,62444,California
Solano,2021-02-20,2752,93279,387,47164,2365,46115,0,0,2239,36193,514,28490,2239,64683,California
Solano,2021-02-21,2333,95612,2012,49176,321,46436,0,0,2010,37884,319,28809,2010,66693,California
Solano,2021-02-22,1809,97421,1060,50236,749,47185,0,0,941,37961,865,29674,942,67635,California
Solano,2021-02-23,2974,100395,1147,51383,1827,49012,0,0,2022,39034,949,30623,2022,69657,California
Solano,2021-02-24,2548,102943,1266,52649,1282,50294,0,0,1414,39318,1131,31754,1415,71072,California
Solano,2021-02-25,2571,105514,1571,54220,1000,51294,0,0,1424,39600,1142,32896,1424,72496,California
Solano,2021-02-26,3546,109060,2271,56491,1275,52569,0,0,2100,40259,1441,34337,2100,74596,California
Solano,2021-02-27,4002,113062,1539,58030,2462,55031,1,1,3235,42736,759,35096,3236,77832,California
Solano,2021-02-28,1932,114994,1562,59592,369,55400,1,2,1607,44023,321,35417,1608,79440,California
Solano,2021-03-01,2747,117741,1226,60818,1520,56920,1,3,2075,45434,665,36082,2076,81516,California
Solano,2021-03-02,2300,120041,1411,62229,889,57809,0,3,1300,45735,999,37081,1300,82816,California
Solano,2021-03-03,2262,122303,1266,63495,996,58805,0,3,1397,46277,856,37937,1398,84214,California
Solano,2021-03-04,4389,126692,3436,66931,951,59756,2,5,3158,48219,1221,39158,3163,87377,California
Solano,2021-03-05,4966,131658,1688,68619,3273,63029,5,10,3988,51244,968,40126,3993,91370,California
Solano,2021-03-06,3876,135534,829,69448,3007,66036,40,50,2657,52734,1207,41333,2697,94067,California
Solano,2021-03-07,3613,139147,760,70208,2843,68879,10,60,1973,53091,1627,42960,1984,96051,California
Solano,2021-03-08,2146,141293,1354,71562,523,69402,269,329,1615,54450,523,43483,1882,97933,California
Solano,2021-03-09,3230,144523,1569,73131,1607,71009,54,383,2333,55937,896,44379,2383,100316,California
Solano,2021-03-10,2422,146945,1759,74890,578,71587,85,468,1274,56152,1143,45522,1358,101674,California
Solano,2021-03-11,6041,152986,1755,76645,4034,75621,252,720,4999,60366,1038,46560,5252,106926,California
Solano,2021-03-12,6057,159043,1567,78212,4312,79933,178,898,3170,60833,2881,49441,3348,110274,California
Solano,2021-03-13,4609,163652,812,79024,3716,83649,81,979,2250,60814,2352,51793,2333,112607,California
Solano,2021-03-14,4031,167683,3145,82169,416,84065,470,1449,1542,60339,2484,54277,2009,114616,California
Solano,2021-03-15,4032,171715,2461,84630,1239,85304,332,1781,2512,61670,1511,55788,2842,117458,California
Solano,2021-03-16,3071,174786,1313,85943,1524,86828,234,2015,1549,61934,1518,57306,1782,119240,California
Solano,2021-03-17,6517,181303,1674,87617,4748,91576,95,2110,4959,65433,1555,58861,5054,124294,California
Solano,2021-03-18,5240,186543,1850,89467,3350,94926,40,2150,3758,67758,1474,60335,3799,128093,California
Solano,2021-03-19,3585,190128,2644,92111,866,95792,75,2225,1628,67513,1949,62284,1704,129797,California
Solano,2021-03-20,5615,195743,1686,93797,3878,99670,51,2276,2651,67260,2955,65239,2702,132499,California
Solano,2021-03-21,1677,197420,1576,95373,76,99746,25,2301,367,66344,1306,66545,390,132889,California
Solano,2021-03-22,2690,200110,2046,97419,595,100341,49,2350,1556,66819,1127,67672,1602,134491,California
Solano,2021-03-23,3593,203703,1692,99111,1855,102196,46,2396,1400,66076,2188,69860,1445,135936,California
Solano,2021-03-24,2832,206535,1772,100883,1026,103222,34,2430,1356,65996,1468,71328,1388,137324,California
Solano,2021-03-25,4886,211421,4008,104891,843,104065,35,2465,2276,65701,2605,73933,2310,139634,California
Solano,2021-03-26,3253,214674,2121,107012,1094,105159,38,2503,1747,65991,1496,75429,1786,141420,California
Solano,2021-03-27,4221,218895,1150,108162,3034,108193,37,2540,1659,65129,2556,77985,1694,143114,California
Solano,2021-03-28,1426,220321,1117,109279,292,108485,17,2557,541,64806,881,78866,558,143672,California
Solano,2021-03-29,3535,223856,2048,111327,1469,109954,18,2575,1545,64393,1977,80843,1564,145236,California
Solano,2021-03-30,3055,226911,2019,113346,935,110889,101,2676,1898,65236,1155,81998,1998,147234,California
Solano,2021-03-31,3140,230051,2139,115485,843,111732,158,2834,1836,65925,1301,83299,1990,149224,California
Solano,2021-04-01,5571,235622,2112,117597,3308,115040,151,2985,3520,67558,2038,85337,3671,152895,California
Solano,2021-04-02,6638,242260,2222,119819,4250,119290,166,3151,2542,66184,4080,89417,2706,155601,California
Solano,2021-04-03,1527,243787,971,120790,404,119694,152,3303,565,65940,960,90377,716,156317,California
Solano,2021-04-04,779,244566,287,121077,188,119882,304,3607,237,65943,538,90915,541,156858,California
Solano,2021-04-05,2991,247557,2052,123129,730,120612,209,3816,1515,66191,1474,92389,1722,158580,California
Solano,2021-04-06,6099,253656,1639,124768,3974,124586,486,4302,1650,63885,4440,96829,2134,160714,California
Solano,2021-04-07,5993,259649,4638,129406,953,125539,402,4704,3418,65147,2556,99385,3818,164532,California
Solano,2021-04-08,6493,266142,1787,131193,3832,129371,874,5578,1804,63159,4659,104044,2671,167203,California
Solano,2021-04-09,6321,272463,1664,132857,3799,133170,858,6436,1522,60758,4776,108820,2375,169578,California
Solano,2021-04-10,1762,274225,971,133828,454,133624,337,6773,813,60959,948,109768,1149,170727,California
Solano,2021-04-11,1197,275422,770,134598,325,133949,102,6875,644,61155,550,110318,746,171473,California
Solano,2021-04-12,3285,278707,1702,136300,1218,135167,365,7240,1357,60951,1923,112241,1719,173192,California
Solano,2021-04-13,2546,281253,1107,137407,1438,136605,1,7241,1328,61065,1215,113456,1329,174521,California
Solano,2021-04-14,6546,287799,1960,139367,4586,141191,0,7241,1849,58226,4689,118145,1850,176371,California
Solano,2021-04-15,5748,293547,2166,141533,3581,144772,1,7242,1747,55988,3987,122132,1749,178120,California
Solano,2021-04-16,3711,297258,2615,144148,1094,145866,2,7244,2298,56883,1405,123537,2300,180420,California
Solano,2021-04-17,3282,300540,1066,145214,2216,148082,0,7244,1119,55851,2153,125690,1121,181541,California
Solano,2021-04-18,1000,301540,612,145826,388,148470,0,7244,526,55904,473,126163,526,182067,California
Solano,2021-04-19,2144,303684,1158,146984,986,149456,0,7244,1166,56100,972,127135,1168,183235,California
Solano,2021-04-20,3024,306708,1836,148820,1188,150644,0,7244,1674,56435,1344,128479,1679,184914,California
Solano,2021-04-21,3813,310521,2328,151148,1485,152129,0,7244,2010,56651,1794,130273,2010,186924,California
Solano,2021-04-22,3005,313526,1487,152635,1518,153647,0,7244,1791,57230,1212,131485,1791,188715,California
Solano,2021-04-23,4154,317680,2092,154727,2062,155709,0,7244,2510,58103,1638,133123,2511,191226,California
Solano,2021-04-24,3895,321575,2345,157072,1548,157257,2,7246,2586,59468,1223,134346,2588,193814,California
Solano,2021-04-25,1433,323008,1115,158187,318,157575,0,7246,1135,60312,291,134637,1135,194949,California
Solano,2021-04-26,2582,325590,1667,159854,911,158486,4,7250,1425,60597,1144,135781,1429,196378,California
Solano,2021-04-27,2584,328174,1282,161136,1272,159758,30,7280,1461,60977,1112,136893,1492,197870,California
Solano,2021-04-28,6056,334230,5006,166142,1004,160762,46,7326,3788,62555,2256,139149,3834,201704,California
Solano,2021-04-29,4543,338773,1443,167585,3066,163828,34,7360,2049,62151,2487,141636,2083,203787,California
Solano,2021-04-30,4113,342886,2179,169764,1793,165621,141,7501,1897,61989,2200,143836,2038,205825,California
Solano,2021-05-01,2181,345067,1679,171443,301,165922,201,7702,1292,62598,884,144720,1493,207318,California
Solano,2021-05-02,1210,346277,954,172397,230,166152,26,7728,670,62760,535,145255,697,208015,California
Solano,2021-05-03,1463,347740,1016,173413,360,166512,87,7815,598,62583,863,146118,686,208701,California
Solano,2021-05-04,1801,349541,1042,174455,693,167205,66,7881,810,62469,990,147108,876,209577,California
Solano,2021-05-05,2280,351821,1423,175878,742,167947,115,7996,1091,62488,1185,148293,1204,210781,California
Solano,2021-05-06,2003,353824,1193,177071,599,168546,211,8207,735,62171,1256,149549,939,211720,California
Solano,2021-05-07,2828,356652,1971,179042,739,169285,118,8325,980,61427,1840,151389,1096,212816,California
Solano,2021-05-08,1443,358095,901,179943,427,169712,115,8440,546,61195,893,152282,661,213477,California
Solano,2021-05-09,441,358536,264,180207,166,169878,11,8451,177,61123,261,152543,189,213666,California
Solano,2021-05-10,1328,359864,608,180815,614,170492,106,8557,391,60687,932,153475,496,214162,California
Solano,2021-05-11,2260,362124,1136,181951,1035,171527,89,8646,636,59793,1619,155094,725,214887,California
Solano,2021-05-12,2121,364245,1198,183149,747,172274,176,8822,698,59255,1409,156503,871,215758,California
Solano,2021-05-13,3033,367278,2077,185226,745,173019,211,9033,1601,59638,1429,157932,1812,217570,California
Solano,2021-05-14,2410,369688,1628,186854,661,173680,121,9154,1009,59376,1392,159324,1130,218700,California
Solano,2021-05-15,3393,373081,2747,189601,561,174241,85,9239,1288,58655,2093,161417,1372,220072,California
Solano,2021-05-16,1492,374573,1094,190695,366,174607,32,9271,246,57689,1243,162660,277,220349,California
Solano,2021-05-17,2443,377016,1392,192087,965,175572,86,9357,867,57082,1556,164216,949,221298,California
Solano,2021-05-18,2916,379932,1614,193701,1213,176785,89,9446,1459,57186,1444,165660,1548,222846,California
Solano,2021-05-19,5197,385129,3655,197356,1435,178220,107,9553,2007,56120,3180,168840,2114,224960,California
Solano,2021-05-20,2608,387737,1568,198924,976,179196,64,9617,952,55489,1647,170487,1016,225976,California
Solano,2021-05-21,3537,391274,1858,200782,1612,180808,67,9684,1387,54804,2139,172626,1454,227430,California
Solano,2021-05-22,2735,394009,2106,202888,535,181343,94,9778,1157,54484,1570,174196,1250,228680,California
Solano,2021-05-23,1381,395390,1138,204026,220,181563,23,9801,740,54610,638,174834,764,229444,California
Solano,2021-05-24,1830,397220,1035,205061,723,182286,72,9873,611,54079,1213,176047,682,230126,California
Solano,2021-05-25,1627,398847,817,205878,749,183035,61,9934,588,53696,1031,177078,648,230774,California
Solano,2021-05-26,1884,400731,1084,206962,745,183780,55,9989,710,53293,1169,178247,766,231540,California
Solano,2021-05-27,2143,402874,950,207912,1116,184896,77,10066,889,53015,1243,179490,965,232505,California
Solano,2021-05-28,2026,404900,1034,208946,936,185832,56,10122,767,52588,1251,180741,824,233329,California
Solano,2021-05-29,648,405548,320,209266,298,186130,30,10152,321,52613,325,181066,350,233679,California
Solano,2021-05-30,321,405869,153,209419,143,186273,25,10177,118,52556,200,181266,143,233822,California
Solano,2021-05-31,127,405996,18,209437,100,186373,9,10186,24,52486,103,181369,33,233855,California
Solano,2021-06-01,1832,407828,1178,210615,577,186950,77,10263,763,52263,1064,182433,841,234696,California
Solano,2021-06-02,1827,409655,1286,211901,476,187426,65,10328,956,52417,864,183297,1018,235714,California
Solano,2021-06-03,2073,411728,1603,213504,386,187812,84,10412,610,51655,1457,184754,695,236409,California
Solano,2021-06-04,1653,413381,1149,214653,440,188252,64,10476,551,51172,1098,185852,615,237024,California
Solano,2021-06-05,1405,414786,1012,215665,342,188594,51,10527,470,50764,929,186781,521,237545,California
Solano,2021-06-06,625,415411,513,216178,86,188680,26,10553,346,50858,278,187059,372,237917,California
Solano,2021-06-07,1231,416642,940,217118,228,188908,63,10616,410,50514,817,187876,473,238390,California
Solano,2021-06-08,1832,418474,1324,218442,474,189382,34,10650,499,49719,1328,189204,533,238923,California
Solano,2021-06-09,1675,420149,1364,219806,250,189632,61,10711,530,49169,1140,190344,590,239513,California
Solano,2021-06-10,1211,421360,839,220645,305,189937,67,10778,394,48821,809,191153,461,239974,California
Solano,2021-06-11,1362,422722,1032,221677,264,190201,66,10844,496,48519,863,192016,561,240535,California
Solano,2021-06-12,1200,423922,923,222600,217,190418,60,10904,208,47802,985,193001,268,240803,California
Solano,2021-06-13,607,424529,518,223118,80,190498,9,10913,118,47440,489,193490,127,240930,California
Solano,2021-06-14,1307,425836,925,224043,348,190846,34,10947,312,46797,987,194477,344,241274,California
Solano,2021-06-15,1475,427311,932,224975,492,191338,51,10998,612,46604,856,195333,663,241937,California
Solano,2021-06-16,1148,428459,765,225740,316,191654,67,11065,398,46323,745,196078,464,242401,California
Solano,2021-06-17,1224,429683,935,226675,221,191875,68,11133,439,46061,768,196846,506,242907,California
Solano,2021-06-18,1172,430855,871,227546,237,192112,64,11197,439,45836,728,197574,503,243410,California
Solano,2021-06-19,422,431277,295,227841,102,192214,25,11222,162,45767,256,197830,187,243597,California
Solano,2021-06-20,183,431460,139,227980,37,192251,7,11229,86,45764,96,197926,93,243690,California
Solano,2021-06-21,419,431879,245,228225,127,192378,47,11276,259,45912,158,198084,306,243996,California
Sonoma,2020-12-15,4,4,4,4,0,0,0,0,4,4,0,0,4,4,California
Sonoma,2020-12-16,27,31,27,31,0,0,0,0,27,31,0,0,27,31,California
Sonoma,2020-12-17,112,143,112,143,0,0,0,0,112,143,0,0,112,143,California
Sonoma,2020-12-18,440,583,440,583,0,0,0,0,440,583,0,0,440,583,California
Sonoma,2020-12-19,114,697,113,696,1,1,0,0,114,697,0,0,114,697,California
Sonoma,2020-12-20,177,874,177,873,0,1,0,0,177,874,0,0,177,874,California
Sonoma,2020-12-21,911,1785,909,1782,2,3,0,0,910,1784,0,0,910,1784,California
Sonoma,2020-12-22,1359,3144,1269,3051,90,93,0,0,1359,3143,0,0,1359,3143,California
Sonoma,2020-12-23,1607,4751,1233,4284,374,467,0,0,1608,4751,0,0,1608,4751,California
Sonoma,2020-12-24,313,5064,103,4387,210,677,0,0,313,5064,0,0,313,5064,California
Sonoma,2020-12-25,8,5072,1,4388,7,684,0,0,8,5072,0,0,8,5072,California
Sonoma,2020-12-26,265,5337,256,4644,9,693,0,0,265,5337,0,0,265,5337,California
Sonoma,2020-12-27,96,5433,81,4725,15,708,0,0,96,5433,0,0,96,5433,California
Sonoma,2020-12-28,980,6413,545,5270,435,1143,0,0,953,6386,0,0,953,6386,California
Sonoma,2020-12-29,1137,7550,783,6053,354,1497,0,0,1103,7489,0,0,1103,7489,California
Sonoma,2020-12-30,1088,8638,477,6530,611,2108,0,0,1080,8569,0,0,1080,8569,California
Sonoma,2020-12-31,523,9161,69,6599,454,2562,0,0,524,9093,0,0,524,9093,California
Sonoma,2021-01-01,130,9291,57,6656,73,2635,0,0,130,9223,0,0,130,9223,California
Sonoma,2021-01-02,135,9426,128,6784,7,2642,0,0,135,9358,0,0,135,9358,California
Sonoma,2021-01-03,25,9451,10,6794,15,2657,0,0,25,9383,0,0,25,9383,California
Sonoma,2021-01-04,340,9791,104,6898,236,2893,0,0,339,9722,0,0,339,9722,California
Sonoma,2021-01-05,431,10222,99,6997,332,3225,0,0,405,10111,16,16,405,10127,California
Sonoma,2021-01-06,946,11168,430,7427,516,3741,0,0,834,10839,106,122,834,10961,California
Sonoma,2021-01-07,1039,12207,543,7970,496,4237,0,0,860,11521,178,300,860,11821,California
Sonoma,2021-01-08,1806,14013,1244,9214,562,4799,0,0,1317,12351,487,787,1317,13138,California
Sonoma,2021-01-09,642,14655,403,9617,239,5038,0,0,595,12899,47,834,595,13733,California
Sonoma,2021-01-10,475,15130,463,10080,12,5050,0,0,277,12978,198,1032,277,14010,California
Sonoma,2021-01-11,1390,16520,1244,11324,146,5196,0,0,415,12423,970,2002,415,14425,California
Sonoma,2021-01-12,1546,18066,1292,12616,254,5450,0,0,395,11669,1149,3151,395,14820,California
Sonoma,2021-01-13,2050,20116,1371,13987,679,6129,0,0,1183,11989,864,4015,1184,16004,California
Sonoma,2021-01-14,1542,21658,807,14794,735,6864,0,0,1313,13073,229,4244,1313,17317,California
Sonoma,2021-01-15,1564,23222,628,15422,936,7800,0,0,1339,14199,215,4459,1341,18658,California
Sonoma,2021-01-16,1152,24374,619,16041,533,8333,0,0,905,14861,243,4702,905,19563,California
Sonoma,2021-01-17,675,25049,553,16594,122,8455,0,0,595,15376,80,4782,595,20158,California
Sonoma,2021-01-18,1104,26153,934,17528,170,8625,0,0,618,15509,486,5268,619,20777,California
Sonoma,2021-01-19,2098,28251,999,18527,1099,9724,0,0,1385,16184,711,5979,1386,22163,California
Sonoma,2021-01-20,2110,30361,632,19159,1478,11202,0,0,1438,16961,662,6641,1439,23602,California
Sonoma,2021-01-21,2303,32664,645,19804,1658,12860,0,0,2077,18815,224,6865,2078,25680,California
Sonoma,2021-01-22,2762,35426,1055,20859,1707,14567,0,0,2612,21278,149,7014,2612,28292,California
Sonoma,2021-01-23,766,36192,593,21452,173,14740,0,0,656,21825,109,7123,656,28948,California
Sonoma,2021-01-24,852,37044,719,22171,133,14873,0,0,834,22641,18,7141,834,29782,California
Sonoma,2021-01-25,2181,39225,518,22689,1663,16536,0,0,1689,23838,492,7633,1689,31471,California
Sonoma,2021-01-26,2063,41288,305,22994,1758,18294,0,0,1602,24980,460,8093,1602,33073,California
Sonoma,2021-01-27,3759,45047,1284,24278,2475,20769,0,0,3181,27587,576,8669,3183,36256,California
Sonoma,2021-01-28,4155,49202,1854,26132,2301,23070,0,0,3469,30375,683,9352,3471,39727,California
Sonoma,2021-01-29,3028,52230,1427,27559,1601,24671,0,0,2176,31703,850,10202,2178,41905,California
Sonoma,2021-01-30,2598,54828,2404,29963,194,24865,0,0,2250,33607,347,10549,2251,44156,California
Sonoma,2021-01-31,805,55633,690,30653,115,24980,0,0,577,33957,227,10776,577,44733,California
Sonoma,2021-02-01,2505,58138,862,31515,1643,26623,0,0,2118,35691,384,11160,2118,46851,California
Sonoma,2021-02-02,3613,61751,1403,32918,2210,28833,0,0,3031,38143,579,11739,3031,49882,California
Sonoma,2021-02-03,4065,65816,1337,34255,2728,31561,0,0,3122,40326,939,12678,3122,53004,California
Sonoma,2021-02-04,4227,70043,1728,35983,2499,34060,0,0,3427,42956,798,13476,3428,56432,California
Sonoma,2021-02-05,4838,74881,1754,37737,3084,37144,0,0,3801,45729,1032,14508,3805,60237,California
Sonoma,2021-02-06,2685,77566,2322,40059,363,37507,0,0,2149,47343,535,15043,2149,62386,California
Sonoma,2021-02-07,1557,79123,1420,41479,137,37644,0,0,1302,48390,255,15298,1302,63688,California
Sonoma,2021-02-08,3274,82397,1037,42516,2237,39881,0,0,2680,50477,593,15891,2680,66368,California
Sonoma,2021-02-09,3591,85988,1705,44221,1886,41767,0,0,3111,53111,478,16369,3112,69480,California
Sonoma,2021-02-10,4565,90553,2494,46715,2071,43838,0,0,3556,55665,1003,17372,3557,73037,California
Sonoma,2021-02-11,5612,96165,3038,49753,2574,46412,0,0,4419,58894,1190,18562,4419,77456,California
Sonoma,2021-02-12,5960,102125,3280,53033,2680,49092,0,0,4510,61962,1446,20008,4514,81970,California
Sonoma,2021-02-13,1994,104119,1159,54192,835,49927,0,0,1196,62363,795,20803,1196,83166,California
Sonoma,2021-02-14,2334,106453,1839,56031,495,50422,0,0,1591,63215,739,21542,1591,84757,California
Sonoma,2021-02-15,2141,108594,789,56820,1352,51774,0,0,1598,64270,543,22085,1598,86355,California
Sonoma,2021-02-16,4932,113526,2070,58890,2862,54636,0,0,3655,66654,1273,23358,3657,90012,California
Sonoma,2021-02-17,5640,119166,2930,61820,2710,57346,0,0,3595,68216,2036,25394,3598,93610,California
Sonoma,2021-02-18,7004,126170,3163,64983,3841,61187,0,0,4038,69305,2950,28344,4039,97649,California
Sonoma,2021-02-19,5585,131755,1682,66665,3903,65090,0,0,3452,70633,2126,30470,3454,101103,California
Sonoma,2021-02-20,3129,134884,2839,69504,290,65380,0,0,1216,69943,1906,32376,1216,102319,California
Sonoma,2021-02-21,535,135419,422,69926,113,65493,0,0,136,69686,393,32769,136,102455,California
Sonoma,2021-02-22,2963,138382,1404,71330,1559,67052,0,0,1229,69190,1725,34494,1229,103684,California
Sonoma,2021-02-23,3467,141849,2137,73467,1330,68382,0,0,1625,68978,1837,36331,1625,105309,California
Sonoma,2021-02-24,5762,147611,2602,76069,3160,71542,0,0,2959,69145,2793,39124,2960,108269,California
Sonoma,2021-02-25,6027,153638,2353,78422,3674,75216,0,0,3244,69630,2759,41883,3244,111513,California
Sonoma,2021-02-26,6669,160307,2947,81369,3722,78938,0,0,4236,71442,2424,44307,4236,115749,California
Sonoma,2021-02-27,4296,164603,1986,83355,2310,81248,0,0,2893,72935,1400,45707,2893,118642,California
Sonoma,2021-02-28,2510,167113,1858,85213,651,81899,1,1,753,71941,1748,47455,754,119396,California
Sonoma,2021-03-01,4140,171253,1312,86525,2827,84726,1,2,2171,72158,1956,49411,2173,121569,California
Sonoma,2021-03-02,4447,175700,1526,88051,2918,87644,3,5,2575,72873,1863,51274,2578,124147,California
Sonoma,2021-03-03,5086,180786,2651,90702,2435,90079,0,5,2338,72473,2738,54012,2338,126485,California
Sonoma,2021-03-04,5999,186785,2692,93394,3307,93386,0,5,2604,71696,3381,57393,2604,129089,California
Sonoma,2021-03-05,6518,193303,2881,96275,3622,97008,15,20,2742,70697,3757,61150,2758,131847,California
Sonoma,2021-03-06,2810,196113,1235,97510,1438,98446,137,157,1928,71886,875,62025,2064,133911,California
Sonoma,2021-03-07,1758,197871,1427,98937,295,98741,36,193,396,70959,1359,63384,432,134343,California
Sonoma,2021-03-08,4095,201966,661,99598,3258,101999,176,369,2404,71858,1679,65063,2578,136921,California
Sonoma,2021-03-09,5646,207612,3105,102703,2271,104270,270,639,2776,72032,2859,67922,3033,139954,California
Sonoma,2021-03-10,6044,213656,3202,105905,2491,106761,351,990,2434,71220,3595,71517,2783,142737,California
Sonoma,2021-03-11,7575,221231,3040,108945,3710,110471,825,1815,2570,69623,4990,76507,3393,146130,California
Sonoma,2021-03-12,7431,228662,2259,111204,3800,114271,1372,3187,2098,67778,5310,81817,3465,149595,California
Sonoma,2021-03-13,3433,232095,1694,112898,1497,115768,242,3429,2010,68604,1421,83238,2247,151842,California
Sonoma,2021-03-14,1377,233472,378,113276,857,116625,142,3571,842,69056,532,83770,984,152826,California
Sonoma,2021-03-15,5256,238728,1523,114799,3346,119971,387,3958,2174,68548,3067,86837,2559,155385,California
Sonoma,2021-03-16,6325,245053,2266,117065,3826,123797,233,4191,2906,68274,3411,90248,3137,158522,California
Sonoma,2021-03-17,6842,251895,3585,120650,3073,126870,184,4375,3297,68223,3530,93778,3479,162001,California
Sonoma,2021-03-18,7176,259071,2955,123605,3604,130474,617,4992,3124,67918,4041,97819,3736,165737,California
Sonoma,2021-03-19,7536,266607,3270,126875,4037,134511,229,5221,3054,66746,4460,102279,3288,169025,California
Sonoma,2021-03-20,3733,270340,1759,128634,1141,135652,833,6054,2017,67882,1709,103988,2845,171870,California
Sonoma,2021-03-21,1390,271730,598,129232,757,136409,35,6089,1206,68946,177,104165,1241,173111,California
Sonoma,2021-03-22,4590,276320,3125,132357,1364,137773,101,6190,3346,71155,1238,105403,3447,176558,California
Sonoma,2021-03-23,5882,282202,3644,136001,2165,139938,73,6263,4436,74228,1436,106839,4509,181067,California
Sonoma,2021-03-24,6867,289069,4313,140314,2481,142419,73,6336,4196,75845,2650,109489,4267,185334,California
Sonoma,2021-03-25,7159,296228,4215,144529,2833,145252,111,6447,4301,77430,2830,112319,4415,189749,California
Sonoma,2021-03-26,7479,303707,3480,148009,3907,149159,92,6539,3827,77721,3627,115946,3918,193667,California
Sonoma,2021-03-27,3922,307629,1514,149523,2039,151198,369,6908,1003,76182,2908,118854,1369,195036,California
Sonoma,2021-03-28,1513,309142,947,150470,538,151736,28,6936,801,76302,708,119562,828,195864,California
Sonoma,2021-03-29,2982,312124,1107,151577,1842,153578,33,6969,1534,76430,1439,121001,1567,197431,California
Sonoma,2021-03-30,5904,318028,3242,154819,2599,156177,63,7032,3065,76729,2829,123830,3128,200559,California
Sonoma,2021-03-31,5634,323662,3408,158227,2009,158186,217,7249,3255,77836,2365,126195,3472,204031,California
Sonoma,2021-04-01,6971,330633,4081,162308,2543,160729,347,7596,3777,78783,3167,129362,4114,208145,California
Sonoma,2021-04-02,5973,336606,3571,165879,2293,163022,109,7705,3588,80105,2374,131736,3696,211841,California
Sonoma,2021-04-03,3655,340261,1820,167699,1610,164632,225,7930,1607,79900,2035,133771,1830,213671,California
Sonoma,2021-04-04,1073,341334,698,168397,284,164916,91,8021,656,80235,412,134183,747,214418,California
Sonoma,2021-04-05,4454,345788,649,169046,3458,168374,347,8368,1670,79476,2776,136959,2017,216435,California
Sonoma,2021-04-06,6961,352749,3521,172567,3032,171406,408,8776,4047,81030,2899,139858,4453,220888,California
Sonoma,2021-04-07,6884,359633,3888,176455,2152,173558,844,9620,3355,81707,3513,143371,4190,225078,California
Sonoma,2021-04-08,7684,367317,4161,180616,2749,176307,774,10394,4215,83233,3458,146829,4984,230062,California
Sonoma,2021-04-09,6872,374189,3828,184444,2149,178456,895,11289,3539,84341,3319,150148,4427,234489,California
Sonoma,2021-04-10,3931,378120,1709,186153,1663,180119,559,11848,1160,83294,2759,152907,1712,236201,California
Sonoma,2021-04-11,1281,379401,608,186761,592,180711,81,11929,439,82973,841,153748,520,236721,California
Sonoma,2021-04-12,4985,384386,2073,188834,2425,183136,487,12416,1858,82197,3114,156862,2338,239059,California
Sonoma,2021-04-13,7943,392329,4672,193506,3267,186403,4,12420,3050,80370,4881,161743,3054,242113,California
Sonoma,2021-04-14,6682,399011,3808,197314,2853,189256,21,12441,2574,78870,4093,165836,2593,244706,California
Sonoma,2021-04-15,7511,406522,4288,201602,3223,192479,0,12441,3676,78729,3819,169655,3678,248384,California
Sonoma,2021-04-16,6886,413408,3462,205064,3422,195901,2,12443,3906,79670,2968,172623,3909,252293,California
Sonoma,2021-04-17,3514,416922,1825,206889,1689,197590,0,12443,1676,79527,1820,174443,1677,253970,California
Sonoma,2021-04-18,1293,418215,901,207790,392,197982,0,12443,459,79153,833,175276,459,254429,California
Sonoma,2021-04-19,3334,421549,1891,209681,1442,199424,1,12444,1459,78743,1870,177146,1460,255889,California
Sonoma,2021-04-20,6346,427895,3513,213194,2832,202256,1,12445,2363,77148,3970,181116,2375,258264,California
Sonoma,2021-04-21,6702,434597,4277,217471,2423,204679,2,12447,3084,76640,3596,184712,3088,261352,California
Sonoma,2021-04-22,6283,440880,4494,221965,1789,206468,0,12447,2526,75426,3740,188452,2526,263878,California
Sonoma,2021-04-23,7452,448332,4638,226603,2808,209276,6,12453,3641,75277,3797,192249,3648,267526,California
Sonoma,2021-04-24,2778,451110,1505,228108,1258,210534,15,12468,1547,75613,1226,193475,1562,269088,California
Sonoma,2021-04-25,1089,452199,794,228902,295,210829,0,12468,430,75387,656,194131,430,269518,California
Sonoma,2021-04-26,2936,455135,1406,230308,1502,212331,28,12496,1616,75719,1312,195443,1644,271162,California
Sonoma,2021-04-27,5501,460636,3735,234043,1642,213973,124,12620,2254,74861,3235,198678,2377,273539,California
Sonoma,2021-04-28,4915,465551,3241,237284,1476,215449,198,12818,2095,74347,2803,201481,2289,275828,California
Sonoma,2021-04-29,5113,470664,3600,240884,1368,216817,145,12963,1929,73249,3172,204653,2074,277902,California
Sonoma,2021-04-30,5469,476133,3630,244514,1544,218361,295,13258,1819,71728,3634,208287,2113,280015,California
Sonoma,2021-05-01,2489,478622,1788,246302,596,218957,105,13363,1237,71822,1244,209531,1338,281353,California
Sonoma,2021-05-02,871,479493,649,246951,171,219128,51,13414,554,72111,317,209848,606,281959,California
Sonoma,2021-05-03,3200,482693,1693,248644,1361,220489,146,13560,1057,71180,2132,211980,1201,283160,California
Sonoma,2021-05-04,4603,487296,2410,251054,2014,222503,179,13739,1455,69685,3124,215104,1629,284789,California
Sonoma,2021-05-05,3685,490981,2183,253237,1308,223811,194,13933,1313,68832,2358,217462,1505,286294,California
Sonoma,2021-05-06,4572,495553,2413,255650,2033,225844,126,14059,1299,67046,3208,220670,1422,287716,California
Sonoma,2021-05-07,3611,499164,2322,257972,1166,227010,123,14182,1089,65748,2510,223180,1212,288928,California
Sonoma,2021-05-08,1879,501043,1274,259246,513,227523,92,14274,669,65310,1199,224379,761,289689,California
Sonoma,2021-05-09,502,501545,289,259535,172,227695,41,14315,166,65185,332,224711,207,289896,California
Sonoma,2021-05-10,2321,503866,1041,260576,1147,228842,133,14448,290,63590,2015,226726,420,290316,California
Sonoma,2021-05-11,3560,507426,1914,262490,1522,230364,124,14572,923,62017,2620,229346,1047,291363,California
Sonoma,2021-05-12,4035,511461,2502,264992,1381,231745,152,14724,845,59837,3176,232522,996,292359,California
Sonoma,2021-05-13,4949,516410,2840,267832,1979,233724,130,14854,1661,58350,3276,235798,1789,294148,California
Sonoma,2021-05-14,5797,522207,3601,271433,2059,235783,137,14991,2204,57113,3579,239377,2342,296490,California
Sonoma,2021-05-15,2929,525136,2153,273586,714,236497,62,15053,1848,57950,1073,240450,1910,298400,California
Sonoma,2021-05-16,1308,526444,1091,274677,158,236655,59,15112,972,58649,332,240782,1031,299431,California
Sonoma,2021-05-17,2444,528888,1817,276494,532,237187,95,15207,899,58101,1540,242322,992,300423,California
Sonoma,2021-05-18,4337,533225,2862,279356,1366,238553,109,15316,1474,56839,2844,245166,1582,302005,California
Sonoma,2021-05-19,3757,536982,2417,281773,1225,239778,115,15431,1491,56195,2250,247416,1606,303611,California
Sonoma,2021-05-20,3385,540367,2251,284024,1039,240817,95,15526,1344,55600,2028,249444,1433,305044,California
Sonoma,2021-05-21,4217,544584,2399,286423,1688,242505,130,15656,1507,54534,2688,252132,1622,306666,California
Sonoma,2021-05-22,2345,546929,1287,287710,1019,243524,39,15695,674,53588,1659,253791,713,307379,California
Sonoma,2021-05-23,1483,548412,1214,288924,253,243777,16,15711,773,53673,704,254495,789,308168,California
Sonoma,2021-05-24,1968,550380,1249,290173,588,244365,131,15842,644,53153,1295,255790,775,308943,California
Sonoma,2021-05-25,2931,553311,1806,291979,1038,245403,87,15929,743,51809,2173,257963,829,309772,California
Sonoma,2021-05-26,2478,555789,1732,293711,637,246040,109,16038,997,51443,1469,259432,1103,310875,California
Sonoma,2021-05-27,2090,557879,1142,294853,851,246891,97,16135,700,50858,1380,260812,795,311670,California
Sonoma,2021-05-28,2149,560028,1129,295982,927,247818,93,16228,618,50050,1519,262331,711,312381,California
Sonoma,2021-05-29,1336,561364,914,296896,354,248172,68,16296,643,50079,682,263013,711,313092,California
Sonoma,2021-05-30,345,561709,211,297107,122,248294,12,16308,137,50024,203,263216,148,313240,California
Sonoma,2021-05-31,70,561779,26,297133,43,248337,1,16309,17,49989,53,263269,18,313258,California
Sonoma,2021-06-01,1940,563719,1114,298247,749,249086,77,16386,708,49551,1219,264488,781,314039,California
Sonoma,2021-06-02,1579,565298,970,299217,495,249581,114,16500,666,49422,908,265396,779,314818,California
Sonoma,2021-06-03,2000,567298,1392,300609,529,250110,79,16579,443,48395,1548,266944,521,315339,California
Sonoma,2021-06-04,2699,569997,2206,302815,386,250496,107,16686,523,46857,2167,269111,629,315968,California
Sonoma,2021-06-05,1819,571816,1495,304310,293,250789,31,16717,301,45677,1513,270624,333,316301,California
Sonoma,2021-06-06,1010,572826,934,305244,67,250856,9,16726,156,44991,851,271475,165,316466,California
Sonoma,2021-06-07,1472,574298,1243,306487,175,251031,54,16780,334,44246,1130,272605,385,316851,California
Sonoma,2021-06-08,1891,576189,1523,308010,322,251353,46,16826,530,43472,1349,273954,575,317426,California
Sonoma,2021-06-09,1635,577824,1355,309365,219,251572,61,16887,389,42689,1233,275187,450,317876,California
Sonoma,2021-06-10,1836,579660,1508,310873,223,251795,105,16992,563,42094,1261,276448,666,318542,California
Sonoma,2021-06-11,1982,581642,1629,312502,263,252058,90,17082,543,41295,1432,277880,633,319175,California
Sonoma,2021-06-12,1127,582769,890,313392,190,252248,47,17129,355,40933,765,278645,403,319578,California
Sonoma,2021-06-13,552,583321,464,313856,70,252318,18,17147,105,40609,447,279092,123,319701,California
Sonoma,2021-06-14,942,584263,676,314532,207,252525,59,17206,344,40421,591,279683,403,320104,California
Sonoma,2021-06-15,1835,586098,1380,315912,348,252873,107,17313,605,39911,1221,280904,711,320815,California
Sonoma,2021-06-16,1562,587660,1211,317123,251,253124,100,17413,506,39463,1052,281956,604,321419,California
Sonoma,2021-06-17,1028,588688,785,317908,168,253292,75,17488,407,39327,617,282573,481,321900,California
Sonoma,2021-06-18,1057,589745,772,318680,191,253483,94,17582,451,39273,596,283169,542,322442,California
Sonoma,2021-06-19,820,590565,681,319361,103,253586,36,17618,267,39025,550,283719,302,322744,California
Sonoma,2021-06-20,241,590806,197,319558,37,253623,7,17625,81,38956,157,283876,88,322832,California
Sonoma,2021-06-21,318,591124,180,319738,89,253712,49,17674,136,38967,173,284049,184,323016,California
Stanislaus,2020-12-15,5,5,5,5,0,0,0,0,5,5,0,0,5,5,California
Stanislaus,2020-12-16,36,41,36,41,0,0,0,0,36,41,0,0,36,41,California
Stanislaus,2020-12-17,74,115,74,115,0,0,0,0,74,115,0,0,74,115,California
Stanislaus,2020-12-18,342,457,336,451,6,6,0,0,342,457,0,0,342,457,California
Stanislaus,2020-12-19,130,587,130,581,0,6,0,0,130,587,0,0,130,587,California
Stanislaus,2020-12-20,87,674,87,668,0,6,0,0,87,674,0,0,87,674,California
Stanislaus,2020-12-21,997,1671,996,1664,1,7,0,0,996,1670,1,1,997,1671,California
Stanislaus,2020-12-22,793,2464,781,2445,12,19,0,0,793,2463,0,1,793,2464,California
Stanislaus,2020-12-23,447,2911,428,2873,19,38,0,0,446,2909,1,2,447,2911,California
Stanislaus,2020-12-24,96,3007,88,2961,8,46,0,0,96,3005,0,2,96,3007,California
Stanislaus,2020-12-26,53,3060,9,2970,44,90,0,0,53,3058,0,2,53,3060,California
Stanislaus,2020-12-27,11,3071,6,2976,5,95,0,0,11,3069,0,2,11,3071,California
Stanislaus,2020-12-28,487,3558,395,3371,92,187,0,0,487,3556,0,2,487,3558,California
Stanislaus,2020-12-29,494,4052,415,3786,79,266,0,0,494,4050,0,2,494,4052,California
Stanislaus,2020-12-30,534,4586,281,4067,253,519,0,0,533,4582,1,3,533,4585,California
Stanislaus,2020-12-31,277,4863,157,4224,120,639,0,0,277,4859,0,3,277,4862,California
Stanislaus,2021-01-01,16,4879,7,4231,9,648,0,0,16,4875,0,3,16,4878,California
Stanislaus,2021-01-02,33,4912,25,4256,8,656,0,0,33,4908,0,3,33,4911,California
Stanislaus,2021-01-03,90,5002,87,4343,3,659,0,0,90,4998,0,3,90,5001,California
Stanislaus,2021-01-04,230,5232,152,4495,78,737,0,0,230,5228,0,3,230,5231,California
Stanislaus,2021-01-05,841,6073,349,4844,492,1229,0,0,815,6026,25,28,823,6054,California
Stanislaus,2021-01-06,1003,7076,599,5443,404,1633,0,0,927,6886,73,101,933,6987,California
Stanislaus,2021-01-07,1079,8155,706,6149,373,2006,0,0,886,7587,188,289,889,7876,California
Stanislaus,2021-01-08,1272,9427,717,6866,555,2561,0,0,928,8180,341,630,934,8810,California
Stanislaus,2021-01-09,289,9716,141,7007,148,2709,0,0,201,8293,88,718,201,9011,California
Stanislaus,2021-01-10,47,9763,20,7027,27,2736,0,0,28,8302,19,737,28,9039,California
Stanislaus,2021-01-11,1498,11261,1214,8241,284,3020,0,0,572,7972,920,1657,590,9629,California
Stanislaus,2021-01-12,1476,12737,869,9110,607,3627,0,0,828,8170,644,2301,842,10471,California
Stanislaus,2021-01-13,1447,14184,688,9798,759,4386,0,0,1123,8982,323,2624,1135,11606,California
Stanislaus,2021-01-14,2246,16430,285,10083,1961,6347,0,0,2065,10948,178,2802,2144,13750,California
Stanislaus,2021-01-15,2821,19251,1155,11238,1666,8013,0,0,2662,13541,155,2957,2748,16498,California
Stanislaus,2021-01-16,473,19724,50,11288,423,8436,0,0,454,13979,18,2975,456,16954,California
Stanislaus,2021-01-17,243,19967,202,11490,41,8477,0,0,236,14209,6,2981,236,17190,California
Stanislaus,2021-01-18,2188,22155,1021,12511,1167,9644,0,0,1791,15687,392,3373,1870,19060,California
Stanislaus,2021-01-19,1255,23410,723,13234,532,10176,0,0,804,16045,447,3820,805,19865,California
Stanislaus,2021-01-20,1012,24422,489,13723,523,10699,0,0,717,16468,294,4114,717,20582,California
Stanislaus,2021-01-21,3694,28116,2979,16702,715,11414,0,0,3355,19605,335,4449,3472,24054,California
Stanislaus,2021-01-22,1099,29215,308,17010,791,12205,0,0,1055,20623,40,4489,1058,25112,California
Stanislaus,2021-01-23,356,29571,41,17051,315,12520,0,0,298,20865,57,4546,299,25411,California
Stanislaus,2021-01-24,303,29874,100,17151,203,12723,0,0,237,21038,66,4612,239,25650,California
Stanislaus,2021-01-25,3163,33037,228,17379,2935,15658,0,0,2822,23716,305,4917,2983,28633,California
Stanislaus,2021-01-26,1730,34767,749,18128,981,16639,0,0,1297,24604,426,5343,1314,29947,California
Stanislaus,2021-01-27,1894,36661,1053,19181,841,17480,0,0,1188,25137,657,6000,1190,31137,California
Stanislaus,2021-01-28,2211,38872,1515,20696,696,18176,0,0,1718,26435,484,6484,1782,32919,California
Stanislaus,2021-01-29,2455,41327,1202,21898,1253,19429,0,0,1918,27915,491,6975,1971,34890,California
Stanislaus,2021-01-30,295,41622,134,22032,161,19590,0,0,230,28091,54,7029,230,35120,California
Stanislaus,2021-01-31,368,41990,313,22345,55,19645,0,0,354,28434,11,7040,354,35474,California
Stanislaus,2021-02-01,1299,43289,586,22931,713,20358,0,0,940,29028,347,7387,941,36415,California
Stanislaus,2021-02-02,1210,44499,346,23277,864,21222,0,0,773,29379,425,7812,776,37191,California
Stanislaus,2021-02-03,2619,47118,1237,24514,1382,22604,0,0,1918,30617,696,8508,1934,39125,California
Stanislaus,2021-02-04,2092,49210,711,25225,1381,23985,0,0,1581,31709,496,9004,1588,40713,California
Stanislaus,2021-02-05,2851,52061,1468,26693,1383,25368,0,0,1593,32121,1194,10198,1606,42319,California
Stanislaus,2021-02-06,886,52947,299,26992,587,25955,0,0,693,32625,191,10389,695,43014,California
Stanislaus,2021-02-07,230,53177,205,27197,25,25980,0,0,41,32481,186,10575,42,43056,California
Stanislaus,2021-02-08,2042,55219,1338,28535,704,26684,0,0,1102,32712,898,11473,1129,44185,California
Stanislaus,2021-02-09,1845,57064,785,29320,1060,27744,0,0,1048,33000,771,12244,1059,45244,California
Stanislaus,2021-02-10,1941,59005,535,29855,1406,29150,0,0,1016,33117,901,13145,1018,46262,California
Stanislaus,2021-02-11,5407,64412,3274,33129,2133,31283,0,0,1229,30411,3942,17087,1236,47498,California
Stanislaus,2021-02-12,3302,67714,915,34044,2387,33670,0,0,1453,30109,1765,18852,1463,48961,California
Stanislaus,2021-02-13,1353,69067,650,34694,703,34373,0,0,983,30734,363,19215,988,49949,California
Stanislaus,2021-02-14,413,69480,164,34858,249,34622,0,0,347,31017,64,19279,347,50296,California
Stanislaus,2021-02-15,1815,71295,229,35087,1586,36208,0,0,577,30477,1121,20400,581,50877,California
Stanislaus,2021-02-16,1361,72656,422,35509,939,37147,0,0,578,30286,771,21171,580,51457,California
Stanislaus,2021-02-17,2766,75422,1695,37204,1071,38218,0,0,1924,31387,836,22007,1937,53394,California
Stanislaus,2021-02-18,3366,78788,1904,39108,1462,39680,0,0,1769,31697,1505,23512,1815,55209,California
Stanislaus,2021-02-19,2772,81560,1075,40183,1697,41377,0,0,1513,32023,1211,24723,1537,56746,California
Stanislaus,2021-02-20,751,82311,382,40565,369,41746,0,0,475,32243,256,24979,476,57222,California
Stanislaus,2021-02-21,907,83218,693,41258,214,41960,0,0,543,32459,339,25318,555,57777,California
Stanislaus,2021-02-22,2347,85565,1694,42952,653,42613,0,0,1630,33394,696,26014,1631,59408,California
Stanislaus,2021-02-23,3745,89310,679,43631,3066,45679,0,0,1738,33307,1837,27851,1750,61158,California
Stanislaus,2021-02-24,4185,93495,2855,46486,1330,47009,0,0,3114,35377,1047,28898,3117,64275,California
Stanislaus,2021-02-25,3959,97454,2719,49205,1240,48249,0,0,3152,37745,787,29685,3155,67430,California
Stanislaus,2021-02-26,4215,101669,1210,50415,3005,51254,0,0,2833,39266,1325,31010,2846,70276,California
Stanislaus,2021-02-27,2092,103761,712,51127,1379,52633,1,1,1859,40923,204,31214,1861,72137,California
Stanislaus,2021-02-28,826,104587,260,51387,566,53199,0,1,775,41660,39,31253,776,72913,California
Stanislaus,2021-03-01,2794,107381,1644,53031,1146,54345,4,5,1637,42202,1112,32365,1654,74567,California
Stanislaus,2021-03-02,2397,109778,1426,54457,970,55315,1,6,1659,43142,722,33087,1662,76229,California
Stanislaus,2021-03-03,3716,113494,2232,56689,1480,56795,4,10,2903,45253,795,33882,2906,79135,California
Stanislaus,2021-03-04,5440,118934,3107,59796,2317,59112,16,26,4186,48232,1219,35101,4198,83333,California
Stanislaus,2021-03-05,4085,123019,1120,60916,2949,62061,16,42,3087,50364,970,36071,3102,86435,California
Stanislaus,2021-03-06,3581,126600,2231,63147,1257,63318,93,135,2726,52334,851,36922,2821,89256,California
Stanislaus,2021-03-07,854,127454,387,63534,431,63749,36,171,666,52853,183,37105,702,89958,California
Stanislaus,2021-03-08,1992,129446,862,64396,1041,64790,89,260,1326,53622,646,37751,1415,91373,California
Stanislaus,2021-03-09,2178,131624,902,65298,1184,65974,92,352,1629,54811,537,38288,1726,93099,California
Stanislaus,2021-03-10,5070,136694,2503,67801,2341,68315,226,578,3732,57465,1317,39605,3971,97070,California
Stanislaus,2021-03-11,5713,142407,3140,70941,2097,70412,476,1054,4113,60634,1425,41030,4594,101664,California
Stanislaus,2021-03-12,5773,148180,1228,72169,2619,73031,1926,2980,2910,62632,2835,43865,4833,106497,California
Stanislaus,2021-03-13,3400,151580,2181,74350,1148,74179,71,3051,2699,64715,694,44559,2777,109274,California
Stanislaus,2021-03-14,986,152566,593,74943,341,74520,52,3103,486,64758,497,45056,540,109814,California
Stanislaus,2021-03-15,3687,156253,1973,76916,1353,75873,361,3464,1604,64744,1986,47042,1972,111786,California
Stanislaus,2021-03-16,4974,161227,2464,79380,2075,77948,435,3899,3558,67342,1393,48435,3991,115777,California
Stanislaus,2021-03-17,4721,165948,2849,82229,1694,79642,178,4077,2873,68587,1811,50246,3056,118833,California
Stanislaus,2021-03-18,5429,171377,3422,85651,1940,81582,67,4144,2931,69247,2343,52589,3003,121836,California
Stanislaus,2021-03-19,5920,177297,1539,87190,2862,84444,1519,5663,3105,71093,2773,55362,4619,126455,California
Stanislaus,2021-03-20,3866,181163,3033,90223,765,85209,68,5731,3372,74064,470,55832,3441,129896,California
Stanislaus,2021-03-21,1012,182175,907,91130,41,85250,64,5795,768,74659,237,56069,832,130728,California
Stanislaus,2021-03-22,2815,184990,1323,92453,768,86018,724,6519,1231,75063,1554,57623,1958,132686,California
Stanislaus,2021-03-23,3936,188926,2020,94473,1658,87676,258,6777,2800,77022,1118,58741,3077,135763,California
Stanislaus,2021-03-24,4571,193497,3221,97694,1272,88948,78,6855,2642,77864,1881,60622,2723,138486,California
Stanislaus,2021-03-25,4251,197748,2925,100619,1312,90260,14,6869,1818,77344,2354,62976,1834,140320,California
Stanislaus,2021-03-26,4763,202511,1334,101953,3355,93615,74,6943,2387,77476,2342,65318,2474,142794,California
Stanislaus,2021-03-27,4404,206915,2746,104699,1574,95189,84,7027,1378,75938,3008,68326,1470,144264,California
Stanislaus,2021-03-28,1105,208020,438,105137,559,95748,108,7135,318,75596,774,69100,432,144696,California
Stanislaus,2021-03-29,2969,210989,1822,106959,1108,96856,39,7174,1978,76638,981,70081,2023,146719,California
Stanislaus,2021-03-30,3678,214667,2063,109022,1589,98445,26,7200,2228,77459,1439,71520,2260,148979,California
Stanislaus,2021-03-31,5439,220106,3852,112874,1468,99913,119,7319,2783,77730,2635,74155,2906,151885,California
Stanislaus,2021-04-01,5735,225841,3842,116716,1803,101716,90,7409,2626,77374,3082,77237,2726,154611,California
Stanislaus,2021-04-02,5020,230861,1209,117925,3656,105372,155,7564,2242,77097,2685,79922,2408,157019,California
Stanislaus,2021-04-03,4547,235408,3305,121230,1206,106578,36,7600,2245,77099,2292,82214,2294,159313,California
Stanislaus,2021-04-04,1330,236738,474,121704,826,107404,30,7630,652,77116,669,82883,686,159999,California
Stanislaus,2021-04-05,3635,240373,2530,124234,856,108260,249,7879,2359,78463,1266,84149,2613,162612,California
Stanislaus,2021-04-06,5752,246125,4174,128408,1303,109563,275,8154,3077,79161,2660,86809,3358,165970,California
Stanislaus,2021-04-07,6354,252479,3598,132006,2327,111890,429,8583,2829,78920,3507,90316,3266,169236,California
Stanislaus,2021-04-08,5689,258168,3329,135335,1925,113815,435,9018,2777,79246,2888,93204,3214,172450,California
Stanislaus,2021-04-09,4820,262988,2103,137438,2342,116157,375,9393,2182,79204,2613,95817,2571,175021,California
Stanislaus,2021-04-10,6502,269490,3990,141428,874,117031,1638,11031,1999,78358,4477,100294,3631,178652,California
Stanislaus,2021-04-11,1520,271010,850,142278,539,117570,131,11162,669,78311,848,101142,801,179453,California
Stanislaus,2021-04-12,3595,274605,2046,144324,1105,118675,444,11606,1875,78941,1698,102840,2328,181781,California
Stanislaus,2021-04-13,5200,279805,3422,147746,1764,120439,14,11620,2918,79628,2239,105079,2926,184707,California
Stanislaus,2021-04-14,4693,284498,3285,151031,1406,121845,2,11622,2295,79568,2362,107441,2302,187009,California
Stanislaus,2021-04-15,5389,289887,3320,154351,2066,123911,3,11625,3231,80689,2114,109555,3235,190244,California
Stanislaus,2021-04-16,4326,294213,990,155341,3335,127246,1,11626,1817,80046,2463,112018,1820,192064,California
Stanislaus,2021-04-17,3164,297377,2127,157468,1037,128283,0,11626,1839,80576,1312,113330,1842,193906,California
Stanislaus,2021-04-18,539,297916,222,157690,315,128598,2,11628,412,80871,120,113450,415,194321,California
Stanislaus,2021-04-19,3463,301379,2449,160139,1012,129610,2,11630,1640,80730,1788,115238,1647,195968,California
Stanislaus,2021-04-20,3970,305349,2412,162551,1558,131168,0,11630,1733,80258,2207,117445,1735,197703,California
Stanislaus,2021-04-21,3829,309178,2556,165107,1272,132440,1,11631,1593,79663,2195,119640,1600,199303,California
Stanislaus,2021-04-22,3959,313137,2412,167519,1547,133987,0,11631,1580,78915,2332,121972,1584,200887,California
Stanislaus,2021-04-23,3593,316730,841,168360,2751,136738,1,11632,1466,78355,2034,124006,1474,202361,California
Stanislaus,2021-04-24,3794,320524,2941,171301,853,137591,0,11632,1796,78176,1980,125986,1801,204162,California
Stanislaus,2021-04-25,937,321461,481,171782,456,138047,0,11632,688,78625,243,126229,692,204854,California
Stanislaus,2021-04-26,3362,324823,2360,174142,996,139043,6,11638,1052,77400,2288,128517,1063,205917,California
Stanislaus,2021-04-27,4036,328859,2801,176943,1187,140230,48,11686,1173,75789,2836,131353,1225,207142,California
Stanislaus,2021-04-28,4266,333125,3028,179971,1176,141406,62,11748,1842,75298,2404,133757,1913,209055,California
Stanislaus,2021-04-29,3634,336759,2257,182228,1329,142735,48,11796,1447,74630,2173,135930,1505,210560,California
Stanislaus,2021-04-30,4512,341271,2046,184274,2381,145116,85,11881,1783,73792,2714,138644,1876,212436,California
Stanislaus,2021-05-01,2714,343985,1928,186202,745,145861,41,11922,1019,73174,1686,140330,1068,213504,California
Stanislaus,2021-05-02,1080,345065,616,186818,426,146287,38,11960,523,73190,551,140881,567,214071,California
Stanislaus,2021-05-03,2417,347482,1928,188746,416,146703,73,12033,911,72684,1493,142374,987,215058,California
Stanislaus,2021-05-04,3470,350952,2469,191215,911,147614,90,12123,1064,71454,2393,144767,1163,216221,California
Stanislaus,2021-05-05,3197,354149,2137,193352,985,148599,75,12198,1088,70531,2089,146856,1166,217387,California
Stanislaus,2021-05-06,3518,357667,2695,196047,699,149298,124,12322,1056,69278,2439,149295,1186,218573,California
Stanislaus,2021-05-07,2321,359988,885,196932,1273,150571,163,12485,946,69026,1363,150658,1111,219684,California
Stanislaus,2021-05-08,1960,361948,1344,198276,583,151154,33,12518,715,68553,1228,151886,755,220439,California
Stanislaus,2021-05-09,714,362662,343,198619,345,151499,26,12544,308,68484,404,152290,335,220774,California
Stanislaus,2021-05-10,1687,364349,1142,199761,449,151948,96,12640,455,67817,1220,153510,553,221327,California
Stanislaus,2021-05-11,2374,366723,1502,201263,714,152662,158,12798,678,66974,1684,155194,841,222168,California
Stanislaus,2021-05-12,2273,368996,1329,202592,835,153497,109,12907,902,66631,1357,156551,1014,223182,California
Stanislaus,2021-05-13,2005,371001,1154,203746,734,154231,117,13024,913,66581,1083,157634,1033,224215,California
Stanislaus,2021-05-14,2616,373617,1161,204907,1317,155548,138,13162,1205,66533,1392,159026,1344,225559,California
Stanislaus,2021-05-15,2481,376098,1767,206674,664,156212,50,13212,1204,66529,1267,160293,1263,226822,California
Stanislaus,2021-05-16,1025,377123,667,207341,350,156562,8,13220,559,66637,463,160756,571,227393,California
Stanislaus,2021-05-17,1931,379054,1295,208636,555,157117,81,13301,925,66650,1000,161756,1013,228406,California
Stanislaus,2021-05-18,2204,381258,1502,210138,588,157705,114,13415,1146,66862,1047,162803,1259,229665,California
Stanislaus,2021-05-19,3033,384291,2071,212209,808,158513,154,13569,1355,66710,1666,164469,1514,231179,California
Stanislaus,2021-05-20,2110,386401,1135,213344,871,159384,104,13673,864,66448,1235,165704,973,232152,California
Stanislaus,2021-05-21,2335,388736,1132,214476,1107,160491,96,13769,957,66142,1362,167066,1056,233208,California
Stanislaus,2021-05-22,1937,390673,1199,215675,669,161160,69,13838,862,66006,1068,168134,932,234140,California
Stanislaus,2021-05-23,1033,391706,666,216341,352,161512,15,13853,490,65973,538,168672,505,234645,California
Stanislaus,2021-05-24,1580,393286,1086,217427,419,161931,75,13928,610,65698,967,169639,692,235337,California
Stanislaus,2021-05-25,1700,394986,1166,218593,437,162368,97,14025,830,65762,866,170505,930,236267,California
Stanislaus,2021-05-26,1894,396880,1188,219781,655,163023,51,14076,907,65742,979,171484,959,237226,California
Stanislaus,2021-05-27,1719,398599,949,220730,695,163718,75,14151,645,65398,1064,172548,720,237946,California
Stanislaus,2021-05-28,1955,400554,890,221620,986,164704,79,14230,859,65245,1091,173639,938,238884,California
Stanislaus,2021-05-29,1311,401865,845,222465,425,165129,41,14271,613,65207,694,174333,656,239540,California
Stanislaus,2021-05-30,453,402318,272,222737,147,165276,34,14305,213,65218,236,174569,247,239787,California
Stanislaus,2021-05-31,259,402577,122,222859,130,165406,7,14312,97,65161,161,174730,104,239891,California
Stanislaus,2021-06-01,1543,404120,973,223832,518,165924,52,14364,618,64915,919,175649,673,240564,California
Stanislaus,2021-06-02,1713,405833,1093,224925,554,166478,66,14430,744,64767,960,176609,812,241376,California
Stanislaus,2021-06-03,1307,407140,772,225697,489,166967,46,14476,523,64568,771,177380,572,241948,California
Stanislaus,2021-06-04,1890,409030,1132,226829,688,167655,70,14546,718,64205,1161,178541,798,242746,California
Stanislaus,2021-06-05,1371,410401,1047,227876,298,167953,26,14572,473,63814,891,179432,500,243246,California
Stanislaus,2021-06-06,502,410903,412,228288,82,168035,8,14580,204,63730,298,179730,214,243460,California
Stanislaus,2021-06-07,1402,412305,1077,229365,280,168315,45,14625,544,63470,850,180580,590,244050,California
Stanislaus,2021-06-08,1806,414111,1361,230726,372,168687,73,14698,654,63059,1139,181719,728,244778,California
Stanislaus,2021-06-09,1754,415865,1237,231963,436,169123,81,14779,587,62565,1163,182882,669,245447,California
Stanislaus,2021-06-10,1358,417223,859,232822,439,169562,60,14839,565,62408,783,183665,626,246073,California
Stanislaus,2021-06-11,1428,418651,837,233659,540,170102,51,14890,539,62130,874,184539,596,246669,California
Stanislaus,2021-06-12,1006,419657,729,234388,254,170356,23,14913,373,61905,626,185165,401,247070,California
Stanislaus,2021-06-13,528,420185,387,234775,135,170491,6,14919,175,61739,350,185515,184,247254,California
Stanislaus,2021-06-14,1232,421417,894,235669,317,170808,21,14940,509,61555,715,186230,531,247785,California
Stanislaus,2021-06-15,1564,422981,1124,236793,397,171205,43,14983,537,61114,1023,187253,582,248367,California
Stanislaus,2021-06-16,1772,424753,1278,238071,428,171633,66,15049,702,60818,1067,188320,771,249138,California
Stanislaus,2021-06-17,1121,425874,708,238779,369,172002,44,15093,523,60794,593,188913,569,249707,California
Stanislaus,2021-06-18,1258,427132,762,239541,417,172419,79,15172,501,60625,751,189664,582,250289,California
Stanislaus,2021-06-19,848,427980,622,240163,182,172601,44,15216,370,60566,474,190138,415,250704,California
Stanislaus,2021-06-20,303,428283,211,240374,86,172687,6,15222,140,60549,163,190301,146,250850,California
Stanislaus,2021-06-21,470,428753,216,240590,136,172823,118,15340,159,60519,309,190610,279,251129,California
Sutter,2020-12-15,1,1,1,1,0,0,0,0,1,1,0,0,1,1,California
Sutter,2020-12-16,4,5,4,5,0,0,0,0,4,5,0,0,4,5,California
Sutter,2020-12-17,3,8,3,8,0,0,0,0,3,8,0,0,3,8,California
Sutter,2020-12-18,21,29,21,29,0,0,0,0,21,29,0,0,21,29,California
Sutter,2020-12-19,46,75,46,75,0,0,0,0,46,75,0,0,46,75,California
Sutter,2020-12-20,43,118,43,118,0,0,0,0,43,118,0,0,43,118,California
Sutter,2020-12-21,100,218,100,218,0,0,0,0,100,218,0,0,100,218,California
Sutter,2020-12-22,171,389,171,389,0,0,0,0,171,389,0,0,171,389,California
Sutter,2020-12-23,116,505,111,500,5,5,0,0,116,505,0,0,116,505,California
Sutter,2020-12-24,17,522,11,511,6,11,0,0,17,522,0,0,17,522,California
Sutter,2020-12-26,38,560,34,545,4,15,0,0,38,560,0,0,38,560,California
Sutter,2020-12-27,24,584,23,568,1,16,0,0,24,584,0,0,24,584,California
Sutter,2020-12-28,84,668,56,624,28,44,0,0,84,668,0,0,84,668,California
Sutter,2020-12-29,103,771,14,638,89,133,0,0,103,771,0,0,103,771,California
Sutter,2020-12-30,138,909,34,672,104,237,0,0,138,909,0,0,138,909,California
Sutter,2020-12-31,69,978,6,678,63,300,0,0,69,978,0,0,69,978,California
Sutter,2021-01-01,3,981,3,681,0,300,0,0,3,981,0,0,3,981,California
Sutter,2021-01-02,131,1112,129,810,2,302,0,0,131,1112,0,0,131,1112,California
Sutter,2021-01-03,1,1113,0,810,1,303,0,0,1,1113,0,0,1,1113,California
Sutter,2021-01-04,245,1358,137,947,108,411,0,0,245,1358,0,0,245,1358,California
Sutter,2021-01-05,100,1458,56,1003,44,455,0,0,97,1452,3,3,97,1455,California
Sutter,2021-01-06,204,1662,50,1053,154,609,0,0,199,1646,5,8,199,1654,California
Sutter,2021-01-07,256,1918,152,1205,104,713,0,0,247,1884,9,17,247,1901,California
Sutter,2021-01-08,150,2068,41,1246,109,822,0,0,132,1998,18,35,132,2033,California
Sutter,2021-01-09,45,2113,44,1290,1,823,0,0,3,1959,42,77,3,2036,California
Sutter,2021-01-10,396,2509,37,1327,359,1182,0,0,358,2280,37,114,358,2394,California
Sutter,2021-01-11,132,2641,116,1443,16,1198,0,0,24,2196,108,222,24,2418,California
Sutter,2021-01-12,200,2841,163,1606,37,1235,0,0,58,2112,142,364,58,2476,California
Sutter,2021-01-13,163,3004,100,1706,63,1298,0,0,72,2094,90,454,72,2548,California
Sutter,2021-01-14,146,3150,51,1757,95,1393,0,0,126,2200,20,474,126,2674,California
Sutter,2021-01-15,438,3588,131,1888,307,1700,0,0,423,2608,15,489,423,3097,California
Sutter,2021-01-16,388,3976,42,1930,346,2046,0,0,358,2936,30,519,358,3455,California
Sutter,2021-01-17,28,4004,25,1955,3,2049,0,0,12,2932,16,535,12,3467,California
Sutter,2021-01-18,121,4125,64,2019,57,2106,0,0,72,2955,49,584,72,3539,California
Sutter,2021-01-19,107,4232,42,2061,65,2171,0,0,83,3014,24,608,83,3622,California
Sutter,2021-01-20,271,4503,208,2269,63,2234,0,0,251,3245,20,628,251,3873,California
Sutter,2021-01-21,494,4997,322,2591,172,2406,0,0,475,3701,19,647,475,4348,California
Sutter,2021-01-22,245,5242,54,2645,191,2597,0,0,235,3927,9,656,235,4583,California
Sutter,2021-01-23,398,5640,39,2684,359,2956,0,0,372,4273,26,682,372,4955,California
Sutter,2021-01-24,16,5656,14,2698,2,2958,0,0,14,4285,2,684,14,4969,California
Sutter,2021-01-25,308,5964,195,2893,113,3071,0,0,152,4283,155,839,153,5122,California
Sutter,2021-01-26,249,6213,107,3000,142,3213,0,0,143,4322,105,944,144,5266,California
Sutter,2021-01-27,389,6602,256,3256,133,3346,0,0,322,4577,67,1011,322,5588,California
Sutter,2021-01-28,586,7188,359,3615,227,3573,0,0,412,4818,171,1182,412,6000,California
Sutter,2021-01-29,367,7555,87,3702,280,3853,0,0,245,4941,122,1304,245,6245,California
Sutter,2021-01-30,786,8341,38,3740,748,4601,0,0,775,5705,11,1315,775,7020,California
Sutter,2021-01-31,27,8368,26,3766,1,4602,0,0,27,5732,0,1315,27,7047,California
Sutter,2021-02-01,169,8537,51,3817,118,4720,0,0,137,5838,31,1346,137,7184,California
Sutter,2021-02-02,244,8781,24,3841,220,4940,0,0,210,6014,34,1380,210,7394,California
Sutter,2021-02-03,445,9226,38,3879,407,5347,0,0,211,5992,233,1613,211,7605,California
Sutter,2021-02-04,679,9905,365,4244,314,5661,0,0,625,6564,53,1666,625,8230,California
Sutter,2021-02-05,291,10196,32,4276,259,5920,0,0,140,6553,151,1817,140,8370,California
Sutter,2021-02-06,741,10937,30,4306,711,6631,0,0,721,7254,20,1837,721,9091,California
Sutter,2021-02-07,22,10959,18,4324,4,6635,0,0,17,7266,5,1842,17,9108,California
Sutter,2021-02-08,132,11091,29,4353,103,6738,0,0,99,7332,33,1875,99,9207,California
Sutter,2021-02-09,246,11337,45,4398,201,6939,0,0,184,7454,62,1937,184,9391,California
Sutter,2021-02-10,822,12159,384,4782,438,7377,0,0,179,6991,642,2579,179,9570,California
Sutter,2021-02-11,603,12762,270,5052,333,7710,0,0,344,7076,259,2838,344,9914,California
Sutter,2021-02-12,643,13405,69,5121,574,8284,0,0,316,7066,326,3164,316,10230,California
Sutter,2021-02-13,908,14313,48,5169,860,9144,0,0,792,7742,116,3280,792,11022,California
Sutter,2021-02-14,99,14412,26,5195,73,9217,0,0,87,7817,12,3292,87,11109,California
Sutter,2021-02-15,202,14614,70,5265,132,9349,0,0,121,7857,81,3373,121,11230,California
Sutter,2021-02-16,291,14905,45,5310,246,9595,0,0,207,7981,83,3456,207,11437,California
Sutter,2021-02-17,827,15732,430,5740,397,9992,0,0,132,7419,694,4150,132,11569,California
Sutter,2021-02-18,712,16444,59,5799,653,10645,0,0,496,7700,215,4365,496,12065,California
Sutter,2021-02-19,668,17112,379,6178,289,10934,0,0,462,7958,204,4569,462,12527,California
Sutter,2021-02-20,622,17734,56,6234,566,11500,0,0,519,8375,102,4671,519,13046,California
Sutter,2021-02-21,29,17763,26,6260,3,11503,0,0,9,8364,20,4691,9,13055,California
Sutter,2021-02-22,209,17972,122,6382,87,11590,0,0,88,8331,121,4812,88,13143,California
Sutter,2021-02-23,221,18193,31,6413,190,11780,0,0,96,8303,124,4936,96,13239,California
Sutter,2021-02-24,977,19170,349,6762,628,12408,0,0,198,7723,778,5714,198,13437,California
Sutter,2021-02-25,791,19961,501,7263,290,12698,0,0,607,8150,180,5894,607,14044,California
Sutter,2021-02-26,381,20342,61,7324,320,13018,0,0,157,8085,222,6116,157,14201,California
Sutter,2021-02-27,880,21222,48,7372,832,13850,0,0,713,8631,167,6283,713,14914,California
Sutter,2021-02-28,87,21309,43,7415,44,13894,0,0,68,8681,18,6301,68,14982,California
Sutter,2021-03-01,251,21560,62,7477,189,14083,0,0,153,8736,98,6399,153,15135,California
Sutter,2021-03-02,338,21898,59,7536,279,14362,0,0,163,8726,173,6572,163,15298,California
Sutter,2021-03-03,1407,23305,533,8069,874,15236,0,0,662,8649,739,7311,662,15960,California
Sutter,2021-03-04,1260,24565,862,8931,398,15634,0,0,945,9284,310,7621,945,16905,California
Sutter,2021-03-05,342,24907,81,9012,260,15894,1,1,209,9361,133,7754,210,17115,California
Sutter,2021-03-06,1029,25936,49,9061,975,16869,5,6,858,10055,169,7923,863,17978,California
Sutter,2021-03-07,64,26000,22,9083,41,16910,1,7,42,10076,22,7945,43,18021,California
Sutter,2021-03-08,226,26226,77,9160,137,17047,12,19,159,10180,67,8012,171,18192,California
Sutter,2021-03-09,393,26619,143,9303,238,17285,12,31,191,10181,202,8214,203,18395,California
Sutter,2021-03-10,1586,28205,685,9988,837,18122,64,95,528,9720,1053,9267,592,18987,California
Sutter,2021-03-11,897,29102,445,10433,435,18557,17,112,649,10141,245,9512,666,19653,California
Sutter,2021-03-12,684,29786,111,10544,391,18948,182,294,200,10040,481,9993,380,20033,California
Sutter,2021-03-13,1001,30787,755,11299,228,19176,18,312,787,10632,212,10205,804,20837,California
Sutter,2021-03-14,139,30926,22,11321,106,19282,11,323,46,10596,93,10298,57,20894,California
Sutter,2021-03-15,330,31256,68,11389,213,19495,49,372,156,10629,172,10470,205,21099,California
Sutter,2021-03-16,393,31649,84,11473,262,19757,47,419,213,10708,180,10650,259,21358,California
Sutter,2021-03-17,1502,33151,563,12036,917,20674,22,441,311,9859,1181,11831,332,21690,California
Sutter,2021-03-18,975,34126,176,12212,597,21271,202,643,569,10227,401,12232,769,22459,California
Sutter,2021-03-19,462,34588,164,12376,268,21539,30,673,282,10360,178,12410,311,22770,California
Sutter,2021-03-20,948,35536,116,12492,821,22360,11,684,857,11138,90,12500,868,23638,California
Sutter,2021-03-21,71,35607,49,12541,19,22379,3,687,32,11134,39,12539,35,23673,California
Sutter,2021-03-22,288,35895,118,12659,143,22522,27,714,210,11294,77,12616,237,23910,California
Sutter,2021-03-23,376,36271,115,12774,227,22749,34,748,252,11456,123,12739,285,24195,California
Sutter,2021-03-24,1693,37964,774,13548,849,23598,70,818,315,10480,1362,14101,386,24581,California
Sutter,2021-03-25,1052,39016,684,14232,324,23922,44,862,371,10217,678,14779,415,24996,California
Sutter,2021-03-26,499,39515,179,14411,304,24226,16,878,293,10324,202,14981,309,25305,California
Sutter,2021-03-27,928,40443,62,14473,864,25090,2,880,816,11035,107,15088,818,26123,California
Sutter,2021-03-28,123,40566,71,14544,52,25142,0,880,77,11068,44,15132,77,26200,California
Sutter,2021-03-29,423,40989,140,14684,227,25369,56,936,221,11145,200,15332,277,26477,California
Sutter,2021-03-30,481,41470,163,14847,308,25677,10,946,318,11310,163,15495,328,26805,California
Sutter,2021-03-31,1257,42727,180,15027,1062,26739,15,961,443,10966,801,16296,457,27262,California
Sutter,2021-04-01,1389,44116,742,15769,459,27198,188,1149,429,10633,949,17245,616,27878,California
Sutter,2021-04-02,520,44636,103,15872,299,27497,118,1267,206,10641,312,17557,320,28198,California
Sutter,2021-04-03,918,45554,79,15951,212,27709,627,1894,124,10601,790,18347,750,28948,California
Sutter,2021-04-04,117,45671,22,15973,89,27798,6,1900,54,10598,63,18410,60,29008,California
Sutter,2021-04-05,371,46042,145,16118,189,27987,37,1937,177,10621,191,18601,214,29222,California
Sutter,2021-04-06,515,46557,200,16318,259,28246,56,1993,275,10714,238,18839,331,29553,California
Sutter,2021-04-07,1486,48043,887,17205,523,28769,76,2069,610,10534,866,19705,686,30239,California
Sutter,2021-04-08,1055,49098,582,17787,358,29127,115,2184,581,10758,469,20174,693,30932,California
Sutter,2021-04-09,574,49672,249,18036,260,29387,65,2249,241,10735,329,20503,306,31238,California
Sutter,2021-04-10,836,50508,109,18145,97,29484,630,2879,116,10757,715,21218,737,31975,California
Sutter,2021-04-11,119,50627,32,18177,41,29525,46,2925,38,10759,81,21299,83,32058,California
Sutter,2021-04-12,346,50973,94,18271,199,29724,53,2978,141,10750,203,21502,194,32252,California
Sutter,2021-04-13,436,51409,127,18398,309,30033,0,2978,215,10746,219,21721,215,32467,California
Sutter,2021-04-14,1328,52737,159,18557,1168,31201,1,2979,226,9879,1094,22815,227,32694,California
Sutter,2021-04-15,540,53277,172,18729,368,31569,0,2979,215,9773,321,23136,215,32909,California
Sutter,2021-04-16,407,53684,127,18856,280,31849,0,2979,189,9747,216,23352,190,33099,California
Sutter,2021-04-17,581,54265,84,18940,497,32346,0,2979,511,10189,69,23421,511,33610,California
Sutter,2021-04-18,72,54337,12,18952,60,32406,0,2979,44,10207,26,23447,44,33654,California
Sutter,2021-04-19,291,54628,109,19061,182,32588,0,2979,121,10160,168,23615,121,33775,California
Sutter,2021-04-20,414,55042,135,19196,279,32867,0,2979,205,10156,209,23824,205,33980,California
Sutter,2021-04-21,1247,56289,429,19625,818,33685,0,2979,482,9886,752,24576,482,34462,California
Sutter,2021-04-22,503,56792,163,19788,340,34025,0,2979,255,9896,245,24821,255,34717,California
Sutter,2021-04-23,401,57193,118,19906,283,34308,0,2979,187,9872,211,25032,187,34904,California
Sutter,2021-04-24,332,57525,109,20015,222,34530,1,2980,189,9919,142,25174,189,35093,California
Sutter,2021-04-25,159,57684,76,20091,83,34613,0,2980,87,9936,70,25244,87,35180,California
Sutter,2021-04-26,304,57988,89,20180,213,34826,2,2982,132,9900,170,25414,134,35314,California
Sutter,2021-04-27,540,58528,265,20445,271,35097,4,2986,251,9871,284,25698,255,35569,California
Sutter,2021-04-28,813,59341,340,20785,465,35562,8,2994,254,9581,552,26250,262,35831,California
Sutter,2021-04-29,777,60118,138,20923,638,36200,1,2995,311,9431,462,26712,312,36143,California
Sutter,2021-04-30,362,60480,110,21033,239,36439,13,3008,146,9376,213,26925,158,36301,California
Sutter,2021-05-01,298,60778,107,21140,151,36590,40,3048,129,9379,166,27091,169,36470,California
Sutter,2021-05-02,83,60861,54,21194,27,36617,2,3050,47,9392,36,27127,49,36519,California
Sutter,2021-05-03,222,61083,111,21305,100,36717,11,3061,89,9359,133,27260,100,36619,California
Sutter,2021-05-04,543,61626,238,21543,241,36958,64,3125,226,9334,314,27574,289,36908,California
Sutter,2021-05-05,535,62161,143,21686,384,37342,8,3133,156,9125,373,27947,164,37072,California
Sutter,2021-05-06,426,62587,228,21914,180,37522,18,3151,191,9099,234,28181,208,37280,California
Sutter,2021-05-07,414,63001,144,22058,249,37771,21,3172,153,9015,258,28439,174,37454,California
Sutter,2021-05-08,197,63198,50,22108,142,37913,5,3177,106,9035,91,28530,111,37565,California
Sutter,2021-05-09,81,63279,53,22161,23,37936,5,3182,55,9069,26,28556,60,37625,California
Sutter,2021-05-10,191,63470,43,22204,130,38066,18,3200,49,8996,140,28696,67,37692,California
Sutter,2021-05-11,449,63919,218,22422,210,38276,21,3221,184,8939,260,28956,203,37895,California
Sutter,2021-05-12,443,64362,242,22664,190,38466,11,3232,161,8833,278,29234,172,38067,California
Sutter,2021-05-13,488,64850,263,22927,203,38669,22,3254,202,8773,284,29518,224,38291,California
Sutter,2021-05-14,439,65289,187,23114,236,38905,16,3270,214,8783,220,29738,230,38521,California
Sutter,2021-05-15,843,66132,309,23423,503,39408,31,3301,307,8586,535,30273,338,38859,California
Sutter,2021-05-16,141,66273,83,23506,50,39458,8,3309,75,8604,65,30338,83,38942,California
Sutter,2021-05-17,293,66566,116,23622,163,39621,14,3323,155,8636,137,30475,169,39111,California
Sutter,2021-05-18,547,67113,315,23937,227,39848,5,3328,299,8695,245,30720,304,39415,California
Sutter,2021-05-19,466,67579,268,24205,191,40039,7,3335,247,8733,216,30936,254,39669,California
Sutter,2021-05-20,461,68040,240,24445,209,40248,12,3347,226,8740,231,31167,238,39907,California
Sutter,2021-05-21,493,68533,222,24667,259,40507,12,3359,236,8733,254,31421,247,40154,California
Sutter,2021-05-22,368,68901,202,24869,163,40670,3,3362,184,8740,179,31600,186,40340,California
Sutter,2021-05-23,181,69082,85,24954,87,40757,9,3371,92,8758,83,31683,101,40441,California
Sutter,2021-05-24,238,69320,87,25041,128,40885,23,3394,99,8743,137,31820,122,40563,California
Sutter,2021-05-25,402,69722,197,25238,192,41077,13,3407,167,8693,229,32049,179,40742,California
Sutter,2021-05-26,319,70041,156,25394,154,41231,9,3416,118,8624,196,32245,127,40869,California
Sutter,2021-05-27,434,70475,115,25509,299,41530,20,3436,125,8464,305,32550,145,41014,California
Sutter,2021-05-28,338,70813,163,25672,158,41688,17,3453,178,8504,155,32705,195,41209,California
Sutter,2021-05-29,252,71065,118,25790,119,41807,15,3468,139,8549,109,32814,154,41363,California
Sutter,2021-05-30,86,71151,61,25851,22,41829,3,3471,50,8567,35,32849,53,41416,California
Sutter,2021-05-31,19,71170,2,25853,13,41842,4,3475,5,8562,14,32863,9,41425,California
Sutter,2021-06-01,309,71479,131,25984,170,42012,8,3483,127,8516,181,33044,135,41560,California
Sutter,2021-06-02,282,71761,120,26104,156,42168,6,3489,111,8468,165,33209,117,41677,California
Sutter,2021-06-03,338,72099,224,26328,105,42273,9,3498,116,8377,216,33425,125,41802,California
Sutter,2021-06-04,338,72437,196,26524,135,42408,7,3505,120,8290,214,33639,127,41929,California
Sutter,2021-06-05,436,72873,366,26890,66,42474,4,3509,154,8171,277,33916,158,42087,California
Sutter,2021-06-06,138,73011,119,27009,16,42490,3,3512,58,8154,78,33994,61,42148,California
Sutter,2021-06-07,161,73172,104,27113,48,42538,9,3521,56,8115,104,34098,65,42213,California
Sutter,2021-06-08,368,73540,207,27320,148,42686,13,3534,159,8080,207,34305,172,42385,California
Sutter,2021-06-09,366,73906,234,27554,127,42813,5,3539,128,7977,236,34541,133,42518,California
Sutter,2021-06-10,381,74287,276,27830,96,42909,9,3548,150,7908,228,34769,159,42677,California
Sutter,2021-06-11,339,74626,218,28048,115,43024,6,3554,115,7808,220,34989,120,42797,California
Sutter,2021-06-12,237,74863,167,28215,55,43079,15,3569,67,7720,170,35159,82,42879,California
Sutter,2021-06-13,83,74946,65,28280,17,43096,1,3570,24,7687,58,35217,25,42904,California
Sutter,2021-06-14,189,75135,111,28391,68,43164,10,3580,75,7660,112,35329,85,42989,California
Sutter,2021-06-15,283,75418,152,28543,118,43282,13,3593,104,7600,177,35506,117,43106,California
Sutter,2021-06-16,222,75640,143,28686,70,43352,9,3602,108,7603,114,35620,117,43223,California
Sutter,2021-06-17,281,75921,171,28857,104,43456,6,3608,121,7572,158,35778,127,43350,California
Sutter,2021-06-18,262,76183,167,29024,80,43536,15,3623,93,7515,165,35943,108,43458,California
Sutter,2021-06-19,208,76391,139,29163,65,43601,4,3627,60,7433,146,36089,64,43522,California
Sutter,2021-06-20,72,76463,51,29214,19,43620,2,3629,33,7429,39,36128,35,43557,California
Sutter,2021-06-21,52,76515,12,29226,33,43653,7,3636,19,7423,32,36160,26,43583,California
Tehama,2020-12-16,5,5,5,5,0,0,0,0,5,5,0,0,5,5,California
Tehama,2020-12-17,21,26,21,26,0,0,0,0,21,26,0,0,21,26,California
Tehama,2020-12-18,5,31,5,31,0,0,0,0,6,32,0,0,6,32,California
Tehama,2020-12-21,45,76,45,76,0,0,0,0,45,77,0,0,45,77,California
Tehama,2020-12-22,80,156,74,150,6,6,0,0,80,157,0,0,80,157,California
Tehama,2020-12-23,55,211,47,197,8,14,0,0,55,212,0,0,55,212,California
Tehama,2020-12-24,5,216,3,200,2,16,0,0,5,217,0,0,5,217,California
Tehama,2020-12-26,4,220,3,203,1,17,0,0,4,221,0,0,4,221,California
Tehama,2020-12-27,2,222,2,205,0,17,0,0,2,223,0,0,2,223,California
Tehama,2020-12-28,59,281,46,251,13,30,0,0,59,282,0,0,59,282,California
Tehama,2020-12-29,42,323,42,293,0,30,0,0,42,324,0,0,42,324,California
Tehama,2020-12-30,62,385,44,337,18,48,0,0,61,385,0,0,61,385,California
Tehama,2020-12-31,16,401,5,342,11,59,0,0,16,401,0,0,16,401,California
Tehama,2021-01-01,2,403,0,342,2,61,0,0,2,403,0,0,2,403,California
Tehama,2021-01-04,49,452,17,359,32,93,0,0,49,452,0,0,49,452,California
Tehama,2021-01-05,76,528,47,406,29,122,0,0,70,516,6,6,70,522,California
Tehama,2021-01-06,87,615,34,440,53,175,0,0,71,573,14,20,71,593,California
Tehama,2021-01-07,62,677,7,447,55,230,0,0,61,633,1,21,61,654,California
Tehama,2021-01-08,42,719,31,478,11,241,0,0,34,659,8,29,34,688,California
Tehama,2021-01-09,7,726,5,483,2,243,0,0,6,664,1,30,6,694,California
Tehama,2021-01-10,1,727,0,483,1,244,0,0,1,665,0,30,1,695,California
Tehama,2021-01-11,63,790,54,537,9,253,0,0,23,648,40,70,23,718,California
Tehama,2021-01-12,151,941,131,668,20,273,0,0,93,683,58,128,93,811,California
Tehama,2021-01-13,88,1029,62,730,26,299,0,0,36,667,52,180,36,847,California
Tehama,2021-01-14,244,1273,51,781,193,492,0,0,242,907,2,182,242,1089,California
Tehama,2021-01-15,293,1566,76,857,217,709,0,0,289,1192,4,186,289,1378,California
Tehama,2021-01-16,275,1841,20,877,255,964,0,0,272,1461,3,189,272,1650,California
Tehama,2021-01-17,6,1847,2,879,4,968,0,0,4,1463,2,191,4,1654,California
Tehama,2021-01-18,14,1861,7,886,7,975,0,0,8,1465,6,197,8,1662,California
Tehama,2021-01-19,311,2172,77,963,234,1209,0,0,248,1650,63,260,248,1910,California
Tehama,2021-01-20,347,2519,105,1068,242,1451,0,0,289,1882,57,317,289,2199,California
Tehama,2021-01-21,248,2767,20,1088,228,1679,0,0,232,2098,16,333,232,2431,California
Tehama,2021-01-22,248,3015,22,1110,226,1905,0,0,245,2340,3,336,245,2676,California
Tehama,2021-01-23,271,3286,7,1117,264,2169,0,0,270,2609,1,337,270,2946,California
Tehama,2021-01-24,3,3289,1,1118,2,2171,0,0,3,2612,0,337,3,2949,California
Tehama,2021-01-25,48,3337,22,1140,26,2197,0,0,23,2610,25,362,23,2972,California
Tehama,2021-01-26,361,3698,47,1187,314,2511,0,0,323,2895,38,400,323,3295,California
Tehama,2021-01-27,345,4043,24,1211,321,2832,0,0,322,3194,23,423,322,3617,California
Tehama,2021-01-28,378,4421,42,1253,336,3168,0,0,355,3526,23,446,355,3972,California
Tehama,2021-01-29,360,4781,25,1278,335,3503,0,0,340,3846,20,466,340,4312,California
Tehama,2021-01-30,115,4896,2,1280,113,3616,0,0,114,3959,1,467,114,4426,California
Tehama,2021-01-31,1,4897,0,1280,1,3617,0,0,1,3960,0,467,1,4427,California
Tehama,2021-02-01,88,4985,22,1302,66,3683,0,0,39,3950,49,516,39,4466,California
Tehama,2021-02-02,378,5363,72,1374,306,3989,0,0,279,4130,99,615,279,4745,California
Tehama,2021-02-03,446,5809,16,1390,430,4419,0,0,392,4468,54,669,392,5137,California
Tehama,2021-02-04,545,6354,106,1496,439,4858,0,0,457,4838,88,757,458,5595,California
Tehama,2021-02-05,205,6559,75,1571,130,4988,0,0,140,4913,65,822,140,5735,California
Tehama,2021-02-06,47,6606,16,1587,31,5019,0,0,35,4936,12,834,35,5770,California
Tehama,2021-02-07,5,6611,4,1591,1,5020,0,0,2,4935,3,837,2,5772,California
Tehama,2021-02-08,49,6660,14,1605,35,5055,0,0,32,4950,17,854,32,5804,California
Tehama,2021-02-09,98,6758,49,1654,49,5104,0,0,55,4962,43,897,55,5859,California
Tehama,2021-02-10,263,7021,73,1727,190,5294,0,0,168,5035,95,992,168,6027,California
Tehama,2021-02-11,246,7267,18,1745,228,5522,0,0,93,4977,151,1143,93,6120,California
Tehama,2021-02-12,419,7686,81,1826,338,5860,0,0,194,4946,225,1368,194,6314,California
Tehama,2021-02-13,414,8100,18,1844,396,6256,0,0,162,4856,252,1620,162,6476,California
Tehama,2021-02-14,38,8138,2,1846,36,6292,0,0,35,4888,3,1623,35,6511,California
Tehama,2021-02-15,63,8201,10,1856,53,6345,0,0,55,4935,8,1631,55,6566,California
Tehama,2021-02-16,263,8464,23,1879,240,6585,0,0,72,4816,191,1822,72,6638,California
Tehama,2021-02-17,329,8793,21,1900,308,6893,0,0,65,4617,264,2086,65,6703,California
Tehama,2021-02-18,395,9188,37,1937,358,7251,0,0,149,4520,246,2332,149,6852,California
Tehama,2021-02-19,244,9432,31,1968,213,7464,0,0,52,4380,192,2524,52,6904,California
Tehama,2021-02-20,290,9722,8,1976,282,7746,0,0,33,4156,257,2781,33,6937,California
Tehama,2021-02-21,4,9726,1,1977,3,7749,0,0,2,4156,2,2783,2,6939,California
Tehama,2021-02-22,49,9775,17,1994,32,7781,0,0,29,4165,20,2803,29,6968,California
Tehama,2021-02-23,61,9836,24,2018,37,7818,0,0,30,4164,31,2834,30,6998,California
Tehama,2021-02-24,351,10187,28,2046,323,8141,0,0,37,3887,314,3148,37,7035,California
Tehama,2021-02-25,406,10593,60,2106,346,8487,0,0,42,3566,363,3511,42,7077,California
Tehama,2021-02-26,505,11098,21,2127,484,8971,0,0,79,3219,426,3937,79,7156,California
Tehama,2021-02-27,332,11430,6,2133,326,9297,0,0,38,2964,293,4230,38,7194,California
Tehama,2021-02-28,21,11451,2,2135,19,9316,0,0,18,2979,3,4233,18,7212,California
Tehama,2021-03-01,68,11519,7,2142,61,9377,0,0,32,2975,36,4269,32,7244,California
Tehama,2021-03-02,169,11688,22,2164,147,9524,0,0,38,2883,130,4399,38,7282,California
Tehama,2021-03-03,175,11863,33,2197,142,9666,0,0,56,2820,119,4518,56,7338,California
Tehama,2021-03-04,735,12598,65,2262,670,10336,0,0,259,2610,469,4987,259,7597,California
Tehama,2021-03-05,443,13041,25,2287,418,10754,0,0,227,2622,215,5202,227,7824,California
Tehama,2021-03-06,353,13394,19,2306,331,11085,3,3,90,2454,262,5464,94,7918,California
Tehama,2021-03-07,6,13400,1,2307,5,11090,0,3,4,2457,1,5465,4,7922,California
Tehama,2021-03-08,71,13471,11,2318,43,11133,17,20,28,2460,42,5507,45,7967,California
Tehama,2021-03-09,412,13883,17,2335,372,11505,23,43,350,2771,62,5569,373,8340,California
Tehama,2021-03-10,378,14261,23,2358,332,11837,23,66,76,2569,301,5870,99,8439,California
Tehama,2021-03-11,557,14818,27,2385,466,12303,64,130,389,2854,168,6038,453,8892,California
Tehama,2021-03-12,348,15166,30,2415,245,12548,73,203,199,2977,149,6187,272,9164,California
Tehama,2021-03-13,62,15228,11,2426,42,12590,9,212,10,2944,52,6239,19,9183,California
Tehama,2021-03-14,64,15292,2,2428,53,12643,9,221,22,2933,42,6281,31,9214,California
Tehama,2021-03-15,173,15465,23,2451,123,12766,27,248,87,2961,86,6367,114,9328,California
Tehama,2021-03-16,451,15916,19,2470,394,13160,38,286,342,3233,108,6475,380,9708,California
Tehama,2021-03-17,473,16389,33,2503,409,13569,31,317,384,3561,87,6562,415,10123,California
Tehama,2021-03-18,538,16927,38,2541,473,14042,27,344,353,3758,183,6745,380,10503,California
Tehama,2021-03-19,348,17275,26,2567,309,14351,13,357,305,4033,43,6788,318,10821,California
Tehama,2021-03-20,58,17333,17,2584,36,14387,5,362,40,4060,18,6806,45,10866,California
Tehama,2021-03-21,12,17345,5,2589,7,14394,0,362,12,4072,0,6806,12,10878,California
Tehama,2021-03-22,105,17450,10,2599,78,14472,17,379,60,4104,45,6851,77,10955,California
Tehama,2021-03-23,103,17553,34,2633,62,14534,7,386,75,4158,28,6879,82,11037,California
Tehama,2021-03-24,98,17651,17,2650,77,14611,4,390,63,4190,35,6914,67,11104,California
Tehama,2021-03-25,572,18223,397,3047,162,14773,13,403,522,4677,48,6962,535,11639,California
Tehama,2021-03-26,580,18803,456,3503,111,14884,13,416,491,5095,86,7048,504,12143,California
Tehama,2021-03-27,528,19331,408,3911,84,14968,36,452,445,5494,82,7130,481,12624,California
Tehama,2021-03-28,41,19372,16,3927,25,14993,0,452,25,5503,16,7146,25,12649,California
Tehama,2021-03-29,131,19503,30,3957,99,15092,2,454,83,5540,47,7193,84,12733,California
Tehama,2021-03-30,431,19934,254,4211,175,15267,2,456,286,5683,145,7338,288,13021,California
Tehama,2021-03-31,425,20359,318,4529,104,15371,3,459,343,5947,81,7419,345,13366,California
Tehama,2021-04-01,568,20927,274,4803,289,15660,5,464,425,6235,142,7561,430,13796,California
Tehama,2021-04-02,500,21427,240,5043,251,15911,9,473,303,6349,197,7758,311,14107,California
Tehama,2021-04-03,77,21504,10,5053,59,15970,8,481,39,6358,38,7796,47,14154,California
Tehama,2021-04-04,41,21545,9,5062,29,15999,3,484,27,6374,14,7810,30,14184,California
Tehama,2021-04-05,131,21676,22,5084,75,16074,34,518,65,6407,66,7876,99,14283,California
Tehama,2021-04-06,555,22231,120,5204,373,16447,62,580,149,6212,406,8282,211,14494,California
Tehama,2021-04-07,457,22688,310,5514,94,16541,53,633,328,6463,128,8410,379,14873,California
Tehama,2021-04-08,663,23351,196,5710,425,16966,42,675,249,6341,413,8823,291,15164,California
Tehama,2021-04-09,495,23846,233,5943,220,17186,42,717,251,6391,243,9066,293,15457,California
Tehama,2021-04-10,103,23949,27,5970,42,17228,34,751,53,6428,50,9116,87,15544,California
Tehama,2021-04-11,49,23998,11,5981,27,17255,11,762,11,6412,38,9154,22,15566,California
Tehama,2021-04-12,121,24119,6,5987,92,17347,23,785,44,6402,77,9231,67,15633,California
Tehama,2021-04-13,424,24543,75,6062,349,17696,0,785,70,6118,354,9585,70,15703,California
Tehama,2021-04-14,441,24984,58,6120,383,18079,0,785,53,5785,386,9971,53,15756,California
Tehama,2021-04-15,561,25545,208,6328,353,18432,0,785,84,5392,477,10448,84,15840,California
Tehama,2021-04-16,686,26231,399,6727,287,18719,0,785,94,4894,592,11040,94,15934,California
Tehama,2021-04-17,392,26623,300,7027,92,18811,0,785,55,4614,336,11376,56,15990,California
Tehama,2021-04-18,21,26644,7,7034,14,18825,0,785,14,4621,7,11383,14,16004,California
Tehama,2021-04-19,109,26753,7,7041,102,18927,0,785,47,4606,62,11445,47,16051,California
Tehama,2021-04-20,590,27343,489,7530,101,19028,0,785,175,4371,412,11857,177,16228,California
Tehama,2021-04-21,542,27885,460,7990,82,19110,0,785,175,4181,365,12222,175,16403,California
Tehama,2021-04-22,563,28448,394,8384,169,19279,0,785,157,3935,403,12625,157,16560,California
Tehama,2021-04-23,489,28937,376,8760,113,19392,0,785,213,3874,275,12900,214,16774,California
Tehama,2021-04-24,118,29055,23,8783,95,19487,0,785,27,3810,91,12991,27,16801,California
Tehama,2021-04-25,31,29086,20,8803,11,19498,0,785,9,3798,21,13012,9,16810,California
Tehama,2021-04-26,97,29183,12,8815,85,19583,0,785,54,3809,43,13055,54,16864,California
Tehama,2021-04-27,279,29462,221,9036,55,19638,3,788,106,3745,173,13228,109,16973,California
Tehama,2021-04-28,425,29887,346,9382,59,19697,20,808,72,3484,352,13580,91,17064,California
Tehama,2021-04-29,399,30286,188,9570,203,19900,8,816,77,3248,321,13901,85,17149,California
Tehama,2021-04-30,383,30669,285,9855,91,19991,7,823,131,3134,252,14153,138,17287,California
Tehama,2021-05-01,80,30749,4,9859,69,20060,7,830,16,3093,64,14217,23,17310,California
Tehama,2021-05-02,46,30795,24,9883,10,20070,12,842,26,3111,20,14237,38,17348,California
Tehama,2021-05-03,128,30923,41,9924,76,20146,11,853,66,3126,62,14299,77,17425,California
Tehama,2021-05-04,173,31096,59,9983,105,20251,9,862,73,3108,100,14399,82,17507,California
Tehama,2021-05-05,94,31190,25,10008,58,20309,11,873,41,3107,53,14452,52,17559,California
Tehama,2021-05-06,184,31374,99,10107,66,20375,19,892,113,3168,71,14523,132,17691,California
Tehama,2021-05-07,197,31571,85,10192,100,20475,12,904,55,3095,140,14663,67,17758,California
Tehama,2021-05-08,57,31628,9,10201,46,20521,2,906,17,3074,40,14703,19,17777,California
Tehama,2021-05-09,19,31647,5,10206,14,20535,0,906,9,3073,10,14713,9,17786,California
Tehama,2021-05-10,86,31733,6,10212,71,20606,9,915,40,3076,45,14758,48,17834,California
Tehama,2021-05-11,197,31930,138,10350,43,20649,16,931,35,2965,162,14920,51,17885,California
Tehama,2021-05-12,221,32151,139,10489,72,20721,10,941,52,2859,168,15088,62,17947,California
Tehama,2021-05-13,256,32407,169,10658,76,20797,11,952,115,2845,140,15228,126,18073,California
Tehama,2021-05-14,261,32668,144,10802,96,20893,21,973,65,2736,195,15423,86,18159,California
Tehama,2021-05-15,245,32913,143,10945,61,20954,41,1014,170,2873,74,15497,211,18370,California
Tehama,2021-05-16,30,32943,8,10953,19,20973,3,1017,18,2882,12,15509,21,18391,California
Tehama,2021-05-17,129,33072,35,10988,77,21050,17,1034,63,2897,65,15574,80,18471,California
Tehama,2021-05-18,162,33234,83,11071,63,21113,16,1050,50,2853,110,15684,66,18537,California
Tehama,2021-05-19,138,33372,62,11133,65,21178,11,1061,50,2826,88,15772,61,18598,California
Tehama,2021-05-20,350,33722,256,11389,71,21249,23,1084,247,2994,102,15874,270,18868,California
Tehama,2021-05-21,246,33968,116,11505,117,21366,13,1097,84,2932,159,16033,97,18965,California
Tehama,2021-05-22,69,34037,35,11540,30,21396,4,1101,41,2949,28,16061,45,19010,California
Tehama,2021-05-23,52,34089,24,11564,15,21411,13,1114,14,2938,38,16099,27,19037,California
Tehama,2021-05-24,107,34196,32,11596,66,21477,9,1123,33,2906,74,16173,42,19079,California
Tehama,2021-05-25,84,34280,22,11618,54,21531,8,1131,48,2926,35,16208,55,19134,California
Tehama,2021-05-26,84,34364,34,11652,47,21578,3,1134,56,2958,27,16235,59,19193,California
Tehama,2021-05-27,168,34532,102,11754,62,21640,4,1138,55,2906,111,16346,59,19252,California
Tehama,2021-05-28,148,34680,40,11794,99,21739,9,1147,70,2908,77,16423,79,19331,California
Tehama,2021-05-29,56,34736,9,11803,42,21781,5,1152,36,2929,20,16443,41,19372,California
Tehama,2021-05-30,15,34751,4,11807,10,21791,1,1153,7,2929,8,16451,8,19380,California
Tehama,2021-05-31,18,34769,2,11809,15,21806,1,1154,5,2922,13,16464,6,19386,California
Tehama,2021-06-01,106,34875,20,11829,66,21872,20,1174,35,2906,71,16535,55,19441,California
Tehama,2021-06-02,95,34970,32,11861,58,21930,5,1179,40,2896,55,16590,45,19486,California
Tehama,2021-06-03,145,35115,103,11964,29,21959,13,1192,32,2828,113,16703,45,19531,California
Tehama,2021-06-04,156,35271,41,12005,99,22058,16,1208,66,2819,89,16792,80,19611,California
Tehama,2021-06-05,166,35437,135,12140,24,22082,7,1215,30,2721,135,16927,37,19648,California
Tehama,2021-06-06,16,35453,9,12149,2,22084,5,1220,3,2716,13,16940,8,19656,California
Tehama,2021-06-07,77,35530,31,12180,44,22128,2,1222,21,2683,56,16996,23,19679,California
Tehama,2021-06-08,111,35641,34,12214,67,22195,10,1232,46,2676,63,17059,56,19735,California
Tehama,2021-06-09,99,35740,50,12264,46,22241,3,1235,45,2670,54,17113,48,19783,California
Tehama,2021-06-10,277,36017,226,12490,41,22282,10,1245,39,2482,237,17350,49,19832,California
Tehama,2021-06-11,151,36168,70,12560,73,22355,8,1253,57,2456,91,17441,65,19897,California
Tehama,2021-06-12,66,36234,41,12601,25,22380,0,1253,27,2444,39,17480,27,19924,California
Tehama,2021-06-13,23,36257,6,12607,11,22391,6,1259,5,2437,18,17498,11,19935,California
Tehama,2021-06-14,94,36351,19,12626,71,22462,4,1263,30,2407,64,17562,34,19969,California
Tehama,2021-06-15,97,36448,45,12671,39,22501,13,1276,39,2402,57,17619,52,20021,California
Tehama,2021-06-16,96,36544,65,12736,28,22529,3,1279,49,2407,47,17666,52,20073,California
Tehama,2021-06-17,152,36696,107,12843,29,22558,16,1295,86,2444,64,17730,101,20174,California
Tehama,2021-06-18,107,36803,42,12885,50,22608,15,1310,36,2424,71,17801,51,20225,California
Tehama,2021-06-19,39,36842,15,12900,21,22629,3,1313,18,2424,21,17822,21,20246,California
Tehama,2021-06-20,14,36856,3,12903,10,22639,1,1314,5,2421,9,17831,6,20252,California
Tehama,2021-06-21,41,36897,14,12917,24,22663,3,1317,13,2409,28,17859,16,20268,California
Trinity,2020-12-17,4,4,4,4,0,0,0,0,4,4,0,0,4,4,California
Trinity,2020-12-18,2,6,2,6,0,0,0,0,2,6,0,0,2,6,California
Trinity,2020-12-21,39,45,39,45,0,0,0,0,39,45,0,0,39,45,California
Trinity,2020-12-22,4,49,4,49,0,0,0,0,4,49,0,0,4,49,California
Trinity,2020-12-23,6,55,5,54,1,1,0,0,6,55,0,0,6,55,California
Trinity,2020-12-28,30,85,30,84,0,1,0,0,30,85,0,0,30,85,California
Trinity,2020-12-29,8,93,7,91,1,2,0,0,8,93,0,0,8,93,California
Trinity,2020-12-30,10,103,8,99,2,4,0,0,10,103,0,0,10,103,California
Trinity,2020-12-31,2,105,1,100,1,5,0,0,2,105,0,0,2,105,California
Trinity,2021-01-04,28,133,0,100,28,33,0,0,27,132,0,0,27,132,California
Trinity,2021-01-05,2,135,1,101,1,34,0,0,2,134,0,0,2,134,California
Trinity,2021-01-06,24,159,4,105,20,54,0,0,20,150,4,4,20,154,California
Trinity,2021-01-08,49,208,2,107,47,101,0,0,48,196,2,6,48,202,California
Trinity,2021-01-11,41,249,38,145,3,104,0,0,4,163,37,43,4,206,California
Trinity,2021-01-12,10,259,6,151,4,108,0,0,5,163,5,48,5,211,California
Trinity,2021-01-13,7,266,4,155,3,111,0,0,4,164,3,51,4,215,California
Trinity,2021-01-14,4,270,1,156,3,114,0,0,4,168,0,51,4,219,California
Trinity,2021-01-15,5,275,0,156,5,119,0,0,5,173,0,51,5,224,California
Trinity,2021-01-16,2,277,0,156,2,121,0,0,2,175,0,51,2,226,California
Trinity,2021-01-18,30,307,30,186,0,121,0,0,0,145,30,81,0,226,California
Trinity,2021-01-19,35,342,15,201,20,141,0,0,21,152,14,95,21,247,California
Trinity,2021-01-20,20,362,3,204,17,158,0,0,17,166,3,98,17,264,California
Trinity,2021-01-21,17,379,7,211,10,168,0,0,17,183,0,98,17,281,California
Trinity,2021-01-22,5,384,1,212,4,172,0,0,5,188,0,98,5,286,California
Trinity,2021-01-23,7,391,3,215,4,176,0,0,7,195,0,98,7,293,California
Trinity,2021-01-25,14,405,1,216,13,189,0,0,13,207,1,99,13,306,California
Trinity,2021-01-26,10,415,1,217,9,198,0,0,9,215,1,100,9,315,California
Trinity,2021-01-27,12,427,0,217,12,210,0,0,12,227,0,100,12,327,California
Trinity,2021-01-28,13,440,3,220,10,220,0,0,10,234,3,103,10,337,California
Trinity,2021-01-29,2,442,0,220,2,222,0,0,1,234,1,104,1,338,California
Trinity,2021-01-30,12,454,11,231,1,223,0,0,12,246,0,104,12,350,California
Trinity,2021-02-01,2,456,1,232,1,224,0,0,1,246,1,105,1,351,California
Trinity,2021-02-02,15,471,3,235,12,236,0,0,14,259,1,106,14,365,California
Trinity,2021-02-03,6,477,1,236,5,241,0,0,4,261,2,108,4,369,California
Trinity,2021-02-04,41,518,32,268,9,250,0,0,34,288,7,115,34,403,California
Trinity,2021-02-05,351,869,0,268,351,601,0,0,320,577,31,146,320,723,California
Trinity,2021-02-06,211,1080,5,273,206,807,0,0,204,774,7,153,204,927,California
Trinity,2021-02-07,1,1081,0,273,1,808,0,0,1,775,0,153,1,928,California
Trinity,2021-02-08,28,1109,1,274,27,835,0,0,16,779,12,165,16,944,California
Trinity,2021-02-09,27,1136,2,276,25,860,0,0,10,772,17,182,10,954,California
Trinity,2021-02-10,122,1258,10,286,112,972,0,0,102,854,20,202,102,1056,California
Trinity,2021-02-11,338,1596,2,288,336,1308,0,0,331,1178,7,209,331,1387,California
Trinity,2021-02-12,19,1615,10,298,9,1317,0,0,14,1187,5,214,14,1401,California
Trinity,2021-02-13,11,1626,6,304,5,1322,0,0,6,1188,5,219,6,1407,California
Trinity,2021-02-14,2,1628,2,306,0,1322,0,0,2,1190,0,219,2,1409,California
Trinity,2021-02-15,47,1675,0,306,47,1369,0,0,47,1237,0,219,47,1456,California
Trinity,2021-02-16,5,1680,1,307,4,1373,0,0,3,1238,2,221,3,1459,California
Trinity,2021-02-17,94,1774,2,309,92,1465,0,0,84,1312,10,231,84,1543,California
Trinity,2021-02-18,3,1777,0,309,3,1468,0,0,1,1311,2,233,1,1544,California
Trinity,2021-02-19,309,2086,2,311,307,1775,0,0,295,1592,14,247,295,1839,California
Trinity,2021-02-20,143,2229,14,325,129,1904,0,0,115,1679,28,275,115,1954,California
Trinity,2021-02-21,1,2230,1,326,0,1904,0,0,1,1680,0,275,1,1955,California
Trinity,2021-02-22,8,2238,0,326,8,1912,0,0,5,1682,3,278,5,1960,California
Trinity,2021-02-23,10,2248,3,329,7,1919,0,0,5,1682,5,283,5,1965,California
Trinity,2021-02-24,30,2278,8,337,22,1941,0,0,7,1666,23,306,7,1972,California
Trinity,2021-02-25,37,2315,23,360,14,1955,0,0,5,1639,32,338,5,1977,California
Trinity,2021-02-26,11,2326,1,361,10,1965,0,0,5,1638,6,344,5,1982,California
Trinity,2021-02-27,10,2336,8,369,2,1967,0,0,4,1636,6,350,4,1986,California
Trinity,2021-03-01,10,2346,0,369,10,1977,0,0,5,1636,5,355,5,1991,California
Trinity,2021-03-02,9,2355,3,372,6,1983,0,0,2,1631,7,362,2,1993,California
Trinity,2021-03-03,5,2360,0,372,5,1988,0,0,4,1634,1,363,4,1997,California
Trinity,2021-03-04,23,2383,19,391,4,1992,0,0,10,1631,13,376,10,2007,California
Trinity,2021-03-05,388,2771,1,392,387,2379,0,0,120,1487,264,640,120,2127,California
Trinity,2021-03-06,203,2974,7,399,196,2575,0,0,27,1338,176,816,27,2154,California
Trinity,2021-03-07,4,2978,3,402,1,2576,0,0,3,1340,1,817,3,2157,California
Trinity,2021-03-08,4,2982,0,402,3,2579,1,1,1,1339,3,820,2,2159,California
Trinity,2021-03-09,99,3081,1,403,96,2675,2,3,93,1428,6,826,95,2254,California
Trinity,2021-03-10,126,3207,3,406,120,2795,3,6,38,1381,88,914,41,2295,California
Trinity,2021-03-11,16,3223,4,410,10,2805,2,8,5,1377,11,925,7,2302,California
Trinity,2021-03-12,399,3622,5,415,388,3193,6,14,97,1178,302,1227,103,2405,California
Trinity,2021-03-13,12,3634,7,422,3,3196,2,16,7,1182,5,1232,9,2414,California
Trinity,2021-03-14,4,3638,1,423,3,3199,0,16,3,1184,1,1233,3,2417,California
Trinity,2021-03-15,68,3706,0,423,67,3266,1,17,15,1147,53,1286,16,2433,California
Trinity,2021-03-16,117,3823,7,430,110,3376,0,17,104,1238,13,1299,104,2537,California
Trinity,2021-03-17,100,3923,3,433,97,3473,0,17,26,1190,74,1373,26,2563,California
Trinity,2021-03-18,10,3933,1,434,6,3479,3,20,4,1191,6,1379,7,2570,California
Trinity,2021-03-19,463,4396,4,438,349,3828,110,130,36,910,427,1806,146,2716,California
Trinity,2021-03-20,109,4505,7,445,102,3930,0,130,72,946,36,1842,72,2788,California
Trinity,2021-03-21,4,4509,0,445,3,3933,1,131,3,949,1,1843,4,2792,California
Trinity,2021-03-22,2,4511,0,445,2,3935,0,131,2,951,0,1843,2,2794,California
Trinity,2021-03-23,95,4606,2,447,93,4028,0,131,78,1012,17,1860,78,2872,California
Trinity,2021-03-24,12,4618,1,448,11,4039,0,131,9,1018,3,1863,9,2881,California
Trinity,2021-03-25,111,4729,8,456,97,4136,6,137,85,1083,26,1889,91,2972,California
Trinity,2021-03-26,84,4813,8,464,76,4212,0,137,77,1153,7,1896,77,3049,California
Trinity,2021-03-27,20,4833,4,468,7,4219,9,146,9,1160,11,1907,18,3067,California
Trinity,2021-03-28,5,4838,3,471,2,4221,0,146,1,1157,4,1911,1,3068,California
Trinity,2021-03-29,5,4843,0,471,5,4226,0,146,2,1156,3,1914,2,3070,California
Trinity,2021-03-30,77,4920,6,477,71,4297,0,146,66,1211,11,1925,66,3136,California
Trinity,2021-03-31,56,4976,5,482,18,4315,33,179,20,1227,36,1961,52,3188,California
Trinity,2021-04-01,40,5016,10,492,19,4334,11,190,21,1240,19,1980,32,3220,California
Trinity,2021-04-02,258,5274,5,497,178,4512,75,265,85,1228,172,2152,160,3380,California
Trinity,2021-04-03,17,5291,12,509,5,4517,0,265,7,1225,10,2162,7,3387,California
Trinity,2021-04-04,10,5301,8,517,2,4519,0,265,8,1231,2,2164,8,3395,California
Trinity,2021-04-05,60,5361,6,523,51,4570,3,268,54,1282,6,2170,57,3452,California
Trinity,2021-04-06,122,5483,15,538,104,4674,3,271,29,1221,93,2263,32,3484,California
Trinity,2021-04-07,26,5509,11,549,10,4684,5,276,19,1238,7,2270,24,3508,California
Trinity,2021-04-08,90,5599,11,560,77,4761,2,278,53,1256,37,2307,55,3563,California
Trinity,2021-04-09,167,5766,17,577,146,4907,4,282,89,1271,78,2385,93,3656,California
Trinity,2021-04-10,12,5778,7,584,5,4912,0,282,11,1281,1,2386,11,3667,California
Trinity,2021-04-11,10,5788,5,589,3,4915,2,284,4,1281,6,2392,6,3673,California
Trinity,2021-04-12,78,5866,5,594,72,4987,1,285,64,1332,13,2405,64,3737,California
Trinity,2021-04-13,105,5971,5,599,100,5087,0,285,11,1249,94,2499,11,3748,California
Trinity,2021-04-14,10,5981,5,604,5,5092,0,285,6,1251,4,2503,6,3754,California
Trinity,2021-04-15,45,6026,10,614,35,5127,0,285,15,1237,29,2532,15,3769,California
Trinity,2021-04-16,159,6185,13,627,146,5273,0,285,84,1247,74,2606,84,3853,California
Trinity,2021-04-17,11,6196,5,632,6,5279,0,285,9,1254,2,2608,9,3862,California
Trinity,2021-04-18,3,6199,1,633,2,5281,0,285,0,1251,3,2611,0,3862,California
Trinity,2021-04-19,67,6266,2,635,65,5346,0,285,66,1316,1,2612,66,3928,California
Trinity,2021-04-20,93,6359,8,643,85,5431,0,285,21,1265,72,2684,21,3949,California
Trinity,2021-04-21,22,6381,9,652,13,5444,0,285,9,1261,13,2697,9,3958,California
Trinity,2021-04-22,92,6473,5,657,87,5531,0,285,14,1197,78,2775,14,3972,California
Trinity,2021-04-23,183,6656,6,663,177,5708,0,285,114,1242,69,2844,114,4086,California
Trinity,2021-04-24,24,6680,13,676,11,5719,0,285,7,1232,17,2861,7,4093,California
Trinity,2021-04-25,10,6690,9,685,1,5720,0,285,3,1229,6,2867,3,4096,California
Trinity,2021-04-26,48,6738,9,694,39,5759,0,285,40,1261,8,2875,40,4136,California
Trinity,2021-04-27,87,6825,12,706,75,5834,0,285,24,1222,63,2938,24,4160,California
Trinity,2021-04-28,33,6858,11,717,22,5856,0,285,12,1213,21,2959,12,4172,California
Trinity,2021-04-29,34,6892,13,730,21,5877,0,285,12,1203,22,2981,12,4184,California
Trinity,2021-04-30,25,6917,20,750,5,5882,0,285,10,1199,14,2995,10,4194,California
Trinity,2021-05-01,15,6932,8,758,2,5884,5,290,5,1199,10,3005,10,4204,California
Trinity,2021-05-02,8,6940,5,763,1,5885,2,292,2,1197,6,3011,4,4208,California
Trinity,2021-05-03,58,6998,13,776,44,5929,1,293,9,1159,48,3059,10,4218,California
Trinity,2021-05-04,28,7026,11,787,16,5945,1,294,8,1148,20,3079,9,4227,California
Trinity,2021-05-05,11,7037,7,794,4,5949,0,294,4,1145,7,3086,4,4231,California
Trinity,2021-05-06,76,7113,11,805,62,6011,3,297,16,1104,60,3146,19,4250,California
Trinity,2021-05-07,181,7294,12,817,135,6146,34,331,14,985,167,3313,48,4298,California
Trinity,2021-05-08,7,7301,2,819,5,6151,0,331,2,982,5,3318,2,4300,California
Trinity,2021-05-09,11,7312,8,827,3,6154,0,331,7,985,4,3322,7,4307,California
Trinity,2021-05-10,14,7326,4,831,9,6163,1,332,7,986,7,3329,8,4315,California
Trinity,2021-05-11,8,7334,4,835,4,6167,0,332,6,990,2,3331,6,4321,California
Trinity,2021-05-12,19,7353,16,851,2,6169,1,333,14,1000,5,3336,15,4336,California
Trinity,2021-05-13,15,7368,10,861,4,6173,1,334,9,1004,6,3342,10,4346,California
Trinity,2021-05-14,144,7512,19,880,97,6270,28,362,39,966,105,3447,67,4413,California
Trinity,2021-05-15,16,7528,11,891,4,6274,1,363,7,966,8,3455,8,4421,California
Trinity,2021-05-16,8,7536,6,897,2,6276,0,363,6,970,2,3457,6,4427,California
Trinity,2021-05-17,108,7644,20,917,86,6362,2,365,42,948,66,3523,44,4471,California
Trinity,2021-05-18,38,7682,8,925,29,6391,1,366,11,933,27,3550,12,4483,California
Trinity,2021-05-19,149,7831,17,942,103,6494,29,395,29,872,119,3669,58,4541,California
Trinity,2021-05-20,28,7859,21,963,4,6498,3,398,17,881,11,3680,20,4561,California
Trinity,2021-05-21,22,7881,14,977,8,6506,0,398,12,883,10,3690,12,4573,California
Trinity,2021-05-22,17,7898,14,991,3,6509,0,398,13,892,4,3694,13,4586,California
Trinity,2021-05-23,6,7904,4,995,2,6511,0,398,2,890,4,3698,2,4588,California
Trinity,2021-05-24,109,8013,12,1007,96,6607,1,399,8,799,100,3798,9,4597,California
Trinity,2021-05-25,39,8052,14,1021,25,6632,0,399,17,794,22,3820,17,4614,California
Trinity,2021-05-26,12,8064,6,1027,6,6638,0,399,4,790,8,3828,4,4618,California
Trinity,2021-05-27,30,8094,13,1040,12,6650,5,404,7,779,23,3851,12,4630,California
Trinity,2021-05-28,14,8108,10,1050,3,6653,1,405,7,780,7,3858,8,4638,California
Trinity,2021-05-29,10,8118,7,1057,2,6655,1,406,7,785,3,3861,8,4646,California
Trinity,2021-05-30,6,8124,5,1062,1,6656,0,406,0,779,6,3867,0,4646,California
Trinity,2021-05-31,4,8128,3,1065,1,6657,0,406,2,779,2,3869,2,4648,California
Trinity,2021-06-01,15,8143,8,1073,5,6662,2,408,4,775,10,3879,6,4654,California
Trinity,2021-06-02,24,8167,19,1092,3,6665,2,410,9,771,15,3894,11,4665,California
Trinity,2021-06-03,39,8206,13,1105,26,6691,0,410,13,758,26,3920,13,4678,California
Trinity,2021-06-04,45,8251,21,1126,16,6707,8,418,12,745,33,3953,20,4698,California
Trinity,2021-06-05,19,8270,18,1144,1,6708,0,418,13,752,6,3959,13,4711,California
Trinity,2021-06-06,9,8279,6,1150,2,6710,1,419,2,748,7,3966,3,4714,California
Trinity,2021-06-07,28,8307,19,1169,8,6718,1,420,12,745,16,3982,13,4727,California
Trinity,2021-06-08,15,8322,13,1182,1,6719,1,421,4,739,11,3993,5,4732,California
Trinity,2021-06-09,24,8346,14,1196,1,6720,9,430,5,734,19,4012,14,4746,California
Trinity,2021-06-10,21,8367,19,1215,2,6722,0,430,6,725,15,4027,6,4752,California
Trinity,2021-06-11,45,8412,10,1225,33,6755,2,432,14,710,31,4058,16,4768,California
Trinity,2021-06-12,9,8421,9,1234,0,6755,0,432,2,705,7,4065,2,4770,California
Trinity,2021-06-13,4,8425,4,1238,0,6755,0,432,1,703,3,4068,1,4771,California
Trinity,2021-06-14,43,8468,16,1254,27,6782,0,432,11,682,32,4100,11,4782,California
Trinity,2021-06-15,45,8513,21,1275,3,6785,21,453,9,675,36,4136,29,4811,California
Trinity,2021-06-16,10,8523,6,1281,4,6789,0,453,3,671,7,4143,3,4814,California
Trinity,2021-06-17,16,8539,13,1294,1,6790,2,455,6,670,9,4152,8,4822,California
Trinity,2021-06-18,18,8557,10,1304,6,6796,2,457,6,666,12,4164,8,4830,California
Trinity,2021-06-19,10,8567,10,1314,0,6796,0,457,2,660,8,4172,2,4832,California
Trinity,2021-06-20,3,8570,3,1317,0,6796,0,457,3,663,0,4172,3,4835,California
Trinity,2021-06-21,3,8573,0,1317,1,6797,2,459,1,664,2,4174,3,4838,California
Tulare,2020-12-15,1,1,1,1,0,0,0,0,1,1,0,0,1,1,California
Tulare,2020-12-16,4,5,4,5,0,0,0,0,4,5,0,0,4,5,California
Tulare,2020-12-17,110,115,110,115,0,0,0,0,110,115,0,0,110,115,California
Tulare,2020-12-18,289,404,288,403,1,1,0,0,289,404,0,0,289,404,California
Tulare,2020-12-19,325,729,325,728,0,1,0,0,325,729,0,0,325,729,California
Tulare,2020-12-20,165,894,165,893,0,1,0,0,165,894,0,0,165,894,California
Tulare,2020-12-21,424,1318,424,1317,0,1,0,0,444,1338,0,0,444,1338,California
Tulare,2020-12-22,473,1791,472,1789,1,2,0,0,472,1810,0,0,472,1810,California
Tulare,2020-12-23,327,2118,319,2108,8,10,0,0,325,2135,0,0,325,2135,California
Tulare,2020-12-24,18,2136,16,2124,2,12,0,0,18,2153,0,0,18,2153,California
Tulare,2020-12-26,7,2143,6,2130,1,13,0,0,7,2160,0,0,7,2160,California
Tulare,2020-12-27,16,2159,12,2142,4,17,0,0,16,2176,0,0,16,2176,California
Tulare,2020-12-28,483,2642,470,2612,13,30,0,0,482,2658,0,0,482,2658,California
Tulare,2020-12-29,549,3191,477,3089,72,102,0,0,549,3207,0,0,549,3207,California
Tulare,2020-12-30,469,3660,425,3514,44,146,0,0,469,3676,0,0,469,3676,California
Tulare,2020-12-31,102,3762,24,3538,78,224,0,0,102,3778,0,0,102,3778,California
Tulare,2021-01-01,4,3766,1,3539,3,227,0,0,4,3782,0,0,4,3782,California
Tulare,2021-01-02,33,3799,20,3559,13,240,0,0,33,3815,0,0,33,3815,California
Tulare,2021-01-03,23,3822,9,3568,14,254,0,0,23,3838,0,0,23,3838,California
Tulare,2021-01-04,93,3915,16,3584,77,331,0,0,93,3931,0,0,93,3931,California
Tulare,2021-01-05,469,4384,279,3863,190,521,0,0,467,4396,2,2,467,4398,California
Tulare,2021-01-06,869,5253,634,4497,235,756,0,0,859,5245,10,12,859,5257,California
Tulare,2021-01-07,787,6040,590,5087,197,953,0,0,678,5814,109,121,678,5935,California
Tulare,2021-01-08,1297,7337,572,5659,725,1678,0,0,961,6440,335,456,961,6896,California
Tulare,2021-01-09,802,8139,202,5861,600,2278,0,0,615,6868,187,643,615,7511,California
Tulare,2021-01-10,51,8190,44,5905,7,2285,0,0,13,6843,38,681,13,7524,California
Tulare,2021-01-11,1279,9469,775,6680,504,2789,0,0,840,7244,439,1120,840,8364,California
Tulare,2021-01-12,1460,10929,510,7190,950,3739,0,0,1046,7878,413,1533,1047,9411,California
Tulare,2021-01-13,427,11356,198,7388,229,3968,0,0,353,8157,74,1607,353,9764,California
Tulare,2021-01-14,498,11854,146,7534,352,4320,0,0,472,8614,15,1622,472,10236,California
Tulare,2021-01-15,1704,13558,161,7695,1543,5863,0,0,1694,10298,10,1632,1694,11930,California
Tulare,2021-01-16,1940,15498,122,7817,1818,7681,0,0,1926,12210,14,1646,1926,13856,California
Tulare,2021-01-17,142,15640,122,7939,20,7701,0,0,132,12332,10,1656,132,13988,California
Tulare,2021-01-18,698,16338,662,8601,36,7737,0,0,298,12230,400,2056,298,14286,California
Tulare,2021-01-19,1028,17366,693,9294,335,8072,0,0,601,12404,427,2483,601,14887,California
Tulare,2021-01-20,2445,19811,613,9907,1832,9904,0,0,2032,14049,387,2870,2032,16919,California
Tulare,2021-01-21,1592,21403,188,10095,1404,11308,0,0,1564,15591,22,2892,1564,18483,California
Tulare,2021-01-22,1079,22482,191,10286,888,12196,0,0,1051,16615,27,2919,1051,19534,California
Tulare,2021-01-23,445,22927,157,10443,288,12484,0,0,424,17018,21,2940,424,19958,California
Tulare,2021-01-24,30,22957,27,10470,3,12487,0,0,28,17044,2,2942,28,19986,California
Tulare,2021-01-25,1359,24316,989,11459,370,12857,0,0,1308,18301,51,2993,1308,21294,California
Tulare,2021-01-26,1517,25833,1102,12561,415,13272,0,0,1177,19139,339,3332,1177,22471,California
Tulare,2021-01-27,1504,27337,1075,13636,429,13701,0,0,924,19484,579,3911,924,23395,California
Tulare,2021-01-28,1220,28557,777,14413,443,14144,0,0,819,19902,401,4312,819,24214,California
Tulare,2021-01-29,1139,29696,725,15138,414,14558,0,0,827,20417,312,4624,827,25041,California
Tulare,2021-01-30,1690,31386,1595,16733,95,14653,0,0,1667,22062,23,4647,1668,26709,California
Tulare,2021-01-31,69,31455,64,16797,5,14658,0,0,66,22125,3,4650,66,26775,California
Tulare,2021-02-01,1202,32657,921,17718,281,14939,0,0,837,22599,364,5014,838,27613,California
Tulare,2021-02-02,706,33363,351,18069,355,15294,0,0,459,22814,245,5259,460,28073,California
Tulare,2021-02-03,576,33939,241,18310,335,15629,0,0,330,22918,226,5485,330,28403,California
Tulare,2021-02-04,577,34516,171,18481,406,16035,0,0,286,22915,290,5775,287,28690,California
Tulare,2021-02-05,1244,35760,236,18717,1008,17043,0,0,404,22481,838,6613,404,29094,California
Tulare,2021-02-06,843,36603,165,18882,678,17721,0,0,207,22055,634,7247,208,29302,California
Tulare,2021-02-07,84,36687,71,18953,13,17734,0,0,23,22017,61,7308,23,29325,California
Tulare,2021-02-08,952,37639,333,19286,619,18353,0,0,241,21550,709,8017,242,29567,California
Tulare,2021-02-09,1440,39079,339,19625,1101,19454,0,0,361,20838,1073,9090,361,29928,California
Tulare,2021-02-10,2489,41568,1995,21620,494,19948,0,0,2090,22530,398,9488,2090,32018,California
Tulare,2021-02-11,1342,42910,382,22002,960,20908,0,0,915,23018,427,9915,915,32933,California
Tulare,2021-02-12,2798,45708,574,22576,2224,23132,0,0,1193,22613,1598,11513,1193,34126,California
Tulare,2021-02-13,2484,48192,158,22734,2326,25458,0,0,642,21417,1838,13351,642,34768,California
Tulare,2021-02-14,338,48530,39,22773,299,25757,0,0,301,21681,37,13388,301,35069,California
Tulare,2021-02-15,924,49454,292,23065,632,26389,0,0,661,22080,262,13650,661,35730,California
Tulare,2021-02-16,2864,52318,1606,24671,1258,27647,0,0,1095,21409,1767,15417,1096,36826,California
Tulare,2021-02-17,2734,55052,519,25190,2215,29862,0,0,466,19614,2261,17678,466,37292,California
Tulare,2021-02-18,2356,57408,451,25641,1905,31767,0,0,656,18579,1691,19369,656,37948,California
Tulare,2021-02-19,2344,59752,881,26522,1463,33230,0,0,965,18167,1377,20746,965,38913,California
Tulare,2021-02-20,3011,62763,1901,28423,1110,34340,0,0,1271,17703,1735,22481,1271,40184,California
Tulare,2021-02-21,96,62859,93,28516,3,34343,0,0,49,17706,46,22527,49,40233,California
Tulare,2021-02-22,1116,63975,706,29222,410,34753,0,0,215,17021,900,23427,215,40448,California
Tulare,2021-02-23,1974,65949,953,30175,1021,35774,0,0,1473,17995,499,23926,1473,41921,California
Tulare,2021-02-24,2501,68450,1556,31731,945,36719,0,0,2125,19746,375,24301,2126,44047,California
Tulare,2021-02-25,3551,72001,1997,33728,1554,38273,0,0,3130,22461,417,24718,3132,47179,California
Tulare,2021-02-26,3901,75902,1913,35641,1988,40261,0,0,3422,25406,477,25195,3422,50601,California
Tulare,2021-02-27,3028,78930,1514,37155,1514,41775,0,0,2892,28174,124,25319,2892,53493,California
Tulare,2021-02-28,1318,80248,1045,38200,273,42048,0,0,1296,29452,18,25337,1296,54789,California
Tulare,2021-03-01,1807,82055,807,39007,1000,43048,0,0,1609,30865,196,25533,1609,56398,California
Tulare,2021-03-02,2837,84892,1280,40287,1557,44605,0,0,2662,33355,173,25706,2663,59061,California
Tulare,2021-03-03,4136,89028,2765,43052,1370,45975,1,1,2170,33567,1963,27669,2175,61236,California
Tulare,2021-03-04,3010,92038,1357,44409,1653,47628,0,1,2664,35890,341,28010,2664,63900,California
Tulare,2021-03-05,3535,95573,1777,46186,1743,49371,15,16,3014,38405,518,28528,3033,66933,California
Tulare,2021-03-06,3107,98680,1451,47637,1596,50967,60,76,2852,41063,252,28780,2910,69843,California
Tulare,2021-03-07,1145,99825,709,48346,415,51382,21,97,1104,42148,40,28820,1125,70968,California
Tulare,2021-03-08,1741,101566,1011,49357,561,51943,169,266,1408,43396,328,29148,1576,72544,California
Tulare,2021-03-09,3297,104863,2257,51614,889,52832,151,417,2865,45980,431,29579,3015,75559,California
Tulare,2021-03-10,3002,107865,1418,53032,1409,54241,175,592,2594,48349,398,29977,2767,78326,California
Tulare,2021-03-11,4274,112139,2009,55041,1957,56198,308,900,3313,51010,961,30938,3622,81948,California
Tulare,2021-03-12,4469,116608,2439,57480,1672,57870,358,1258,3171,53249,1290,32228,3529,85477,California
Tulare,2021-03-13,4193,120801,1963,59443,2125,59995,105,1363,3234,55636,953,33181,3340,88817,California
Tulare,2021-03-14,1866,122667,990,60433,656,60651,220,1583,1336,56660,529,33710,1553,90370,California
Tulare,2021-03-15,2778,125445,1650,62083,1011,61662,117,1700,1998,58001,776,34486,2117,92487,California
Tulare,2021-03-16,3474,128919,2125,64208,1269,62931,80,1780,1902,58419,1568,36054,1986,94473,California
Tulare,2021-03-17,4105,133024,2673,66881,1357,64288,75,1855,2342,59085,1757,37811,2423,96896,California
Tulare,2021-03-18,4684,137708,3414,70295,1197,65485,73,1928,2471,59432,2203,40014,2550,99446,California
Tulare,2021-03-19,5135,142843,3376,73671,1561,67046,198,2126,2729,59975,2386,42400,2929,102375,California
Tulare,2021-03-20,4529,147372,2825,76496,1331,68377,373,2499,2082,59995,2439,44839,2459,104834,California
Tulare,2021-03-21,2005,149377,1715,78211,263,68640,27,2526,1059,60138,942,45781,1085,105919,California
Tulare,2021-03-22,2585,151962,1791,80002,681,69321,113,2639,1698,61070,881,46662,1813,107732,California
Tulare,2021-03-23,3776,155738,2170,82172,1555,70876,51,2690,2067,61497,1698,48360,2125,109857,California
Tulare,2021-03-24,3227,158965,1999,84171,1186,72062,42,2732,1727,61775,1492,49852,1770,111627,California
Tulare,2021-03-25,3506,162471,1825,85996,1517,73579,164,2896,1683,61809,1815,51667,1849,113476,California
Tulare,2021-03-26,5304,167775,3166,89162,2025,75604,113,3009,2559,61753,2728,54395,2672,116148,California
Tulare,2021-03-27,3561,171336,1824,90986,1637,77241,100,3109,997,60294,2555,56950,1096,117244,California
Tulare,2021-03-28,1480,172816,1075,92061,374,77615,31,3140,678,60213,800,57750,719,117963,California
Tulare,2021-03-29,2899,175715,1680,93741,1111,78726,108,3248,1232,59892,1663,59413,1342,119305,California
Tulare,2021-03-30,4961,180676,2813,96554,1914,80640,234,3482,1516,58200,3435,62848,1743,121048,California
Tulare,2021-03-31,4012,184688,2369,98923,1528,82168,115,3597,1558,57428,2446,65294,1674,122722,California
Tulare,2021-04-01,4566,189254,2475,101398,2019,84187,72,3669,1562,56069,2994,68288,1635,124357,California
Tulare,2021-04-02,5392,194646,3079,104477,2199,86386,114,3783,1566,53940,3810,72098,1681,126038,California
Tulare,2021-04-03,3646,198292,2109,106586,1162,87548,375,4158,838,52381,2770,74868,1211,127249,California
Tulare,2021-04-04,1637,199929,1150,107736,480,88028,7,4165,359,51473,1274,76142,366,127615,California
Tulare,2021-04-05,3378,203307,2354,110090,753,88781,271,4436,852,50084,2513,78655,1124,128739,California
Tulare,2021-04-06,3459,206766,1477,111567,1481,90262,501,4937,900,48936,2551,81206,1403,130142,California
Tulare,2021-04-07,3938,210704,1861,113428,1638,91900,439,5376,1187,47812,2741,83947,1617,131759,California
Tulare,2021-04-08,4840,215544,2644,116072,1731,93631,465,5841,1528,46506,3299,87246,1993,133752,California
Tulare,2021-04-09,4880,220424,3010,119082,1427,95058,443,6284,1834,45746,3038,90284,2278,136030,California
Tulare,2021-04-10,3885,224309,2097,121179,1467,96525,321,6605,950,44087,2926,93210,1267,137297,California
Tulare,2021-04-11,1596,225905,1057,122236,465,96990,74,6679,496,43559,1098,94308,570,137867,California
Tulare,2021-04-12,3439,229344,2144,124380,696,97686,599,7278,1076,42882,2353,96661,1676,139543,California
Tulare,2021-04-13,2431,231775,1606,125986,815,98501,10,7288,909,42292,1511,98172,921,140464,California
Tulare,2021-04-14,2904,234679,1710,127696,1194,99695,0,7288,918,41229,1981,100153,918,141382,California
Tulare,2021-04-15,3352,238031,2182,129878,1170,100865,0,7288,1503,40896,1836,101989,1503,142885,California
Tulare,2021-04-16,3730,241761,2256,132134,1474,102339,0,7288,1511,40201,2206,104195,1511,144396,California
Tulare,2021-04-17,2256,244017,1334,133468,922,103261,0,7288,1194,40339,1057,105252,1195,145591,California
Tulare,2021-04-18,1553,245570,1214,134682,339,103600,0,7288,829,40445,723,105975,829,146420,California
Tulare,2021-04-19,2165,247735,1245,135927,919,104519,1,7289,912,40110,1248,107223,913,147333,California
Tulare,2021-04-20,2361,250096,1331,137258,1030,105549,0,7289,997,39758,1350,108573,998,148331,California
Tulare,2021-04-21,2219,252315,1339,138597,880,106429,0,7289,815,39209,1365,109938,816,149147,California
Tulare,2021-04-22,2136,254451,1188,139785,948,107377,0,7289,732,38556,1385,111323,732,149879,California
Tulare,2021-04-23,2603,257054,1593,141378,1009,108386,1,7290,1024,38014,1567,112890,1025,150904,California
Tulare,2021-04-24,1652,258706,1056,142434,594,108980,2,7292,855,38079,792,113682,857,151761,California
Tulare,2021-04-25,703,259409,529,142963,174,109154,0,7292,270,37916,433,114115,270,152031,California
Tulare,2021-04-26,1530,260939,919,143882,592,109746,19,7311,642,37694,881,114996,659,152690,California
Tulare,2021-04-27,1677,262616,680,144562,958,110704,39,7350,715,37488,959,115955,753,153443,California
Tulare,2021-04-28,1718,264334,978,145540,698,111402,42,7392,675,37166,1038,116993,716,154159,California
Tulare,2021-04-29,2020,266354,1206,146746,774,112176,40,7432,782,36760,1226,118219,820,154979,California
Tulare,2021-04-30,2449,268803,1781,148527,618,112794,50,7482,902,36172,1539,119758,951,155930,California
Tulare,2021-05-01,1435,270238,1236,149763,187,112981,12,7494,734,36227,691,120449,746,156676,California
Tulare,2021-05-02,590,270828,502,150265,71,113052,17,7511,189,36034,398,120847,205,156881,California
Tulare,2021-05-03,1627,272455,1100,151365,402,113454,125,7636,350,35239,1270,122117,475,157356,California
Tulare,2021-05-04,1568,274023,841,152206,657,114111,70,7706,629,35005,930,123047,696,158052,California
Tulare,2021-05-05,1288,275311,623,152829,574,114685,91,7797,448,34715,829,123876,539,158591,California
Tulare,2021-05-06,1977,277288,1332,154161,595,115280,50,7847,593,33982,1376,125252,643,159234,California
Tulare,2021-05-07,1843,279131,1251,155412,524,115804,68,7915,523,33260,1312,126564,590,159824,California
Tulare,2021-05-08,1236,280367,810,156222,401,116205,25,7940,527,33110,702,127266,552,160376,California
Tulare,2021-05-09,595,280962,470,156692,104,116309,21,7961,117,32776,473,127739,139,160515,California
Tulare,2021-05-10,1026,281988,593,157285,368,116677,65,8026,311,32440,712,128451,376,160891,California
Tulare,2021-05-11,1261,283249,639,157924,538,117215,84,8110,525,32320,729,129180,609,161500,California
Tulare,2021-05-12,1585,284834,1019,158943,509,117724,57,8167,434,31674,1136,130316,490,161990,California
Tulare,2021-05-13,1561,286395,988,159931,533,118257,40,8207,698,31552,859,131175,737,162727,California
Tulare,2021-05-14,1939,288334,1247,161178,628,118885,64,8271,866,31421,1060,132235,929,163656,California
Tulare,2021-05-15,1571,289905,885,162063,639,119524,47,8318,670,31239,893,133128,711,164367,California
Tulare,2021-05-16,700,290605,559,162622,129,119653,12,8330,326,31205,372,133500,338,164705,California
Tulare,2021-05-17,1547,292152,959,163581,515,120168,73,8403,738,31214,802,134302,811,165516,California
Tulare,2021-05-18,1590,293742,864,164445,671,120839,55,8458,800,31282,785,135087,853,166369,California
Tulare,2021-05-19,1481,295223,956,165401,492,121331,33,8491,773,31387,701,135788,806,167175,California
Tulare,2021-05-20,1593,296816,1077,166478,429,121760,87,8578,771,31426,818,136606,857,168032,California
Tulare,2021-05-21,1948,298764,1424,167902,483,122243,41,8619,1066,31659,874,137480,1107,169139,California
Tulare,2021-05-22,1610,300374,1151,169053,436,122679,23,8642,605,31291,997,138477,629,169768,California
Tulare,2021-05-23,398,300772,315,169368,74,122753,9,8651,202,31308,194,138671,211,169979,California
Tulare,2021-05-24,915,301687,554,169922,299,123052,62,8713,407,31271,506,139177,469,170448,California
Tulare,2021-05-25,1188,302875,709,170631,447,123499,32,8745,506,31133,676,139853,538,170986,California
Tulare,2021-05-26,886,303761,492,171123,352,123851,42,8787,404,31101,477,140330,445,171431,California
Tulare,2021-05-27,1278,305039,809,171932,438,124289,31,8818,596,31051,679,141009,629,172060,California
Tulare,2021-05-28,1184,306223,659,172591,476,124765,49,8867,630,31181,548,141557,678,172738,California
Tulare,2021-05-29,872,307095,645,173236,208,124973,19,8886,501,31332,369,141926,520,173258,California
Tulare,2021-05-30,285,307380,207,173443,70,125043,8,8894,165,31387,118,142044,173,173431,California
Tulare,2021-05-31,130,307510,50,173493,69,125112,11,8905,54,31377,75,142119,65,173496,California
Tulare,2021-06-01,1054,308564,627,174120,396,125508,31,8936,403,31167,643,142762,433,173929,California
Tulare,2021-06-02,797,309361,469,174589,295,125803,33,8969,365,31142,421,143183,396,174325,California
Tulare,2021-06-03,1147,310508,814,175403,275,126078,58,9027,424,30920,703,143886,481,174806,California
Tulare,2021-06-04,1169,311677,835,176238,302,126380,32,9059,394,30575,771,144657,426,175232,California
Tulare,2021-06-05,876,312553,697,176935,164,126544,15,9074,300,30317,573,145230,315,175547,California
Tulare,2021-06-06,420,312973,355,177290,46,126590,19,9093,138,30193,281,145511,157,175704,California
Tulare,2021-06-07,887,313860,696,177986,153,126743,38,9131,288,29922,596,146107,325,176029,California
Tulare,2021-06-08,1053,314913,776,178762,214,126957,63,9194,354,29645,694,146801,417,176446,California
Tulare,2021-06-09,1079,315992,757,179519,288,127245,34,9228,344,29291,730,147531,376,176822,California
Tulare,2021-06-10,1105,317097,890,180409,180,127425,35,9263,386,28994,717,148248,420,177242,California
Tulare,2021-06-11,1230,318327,883,181292,312,127737,35,9298,383,28575,837,149085,418,177660,California
Tulare,2021-06-12,953,319280,740,182032,202,127939,11,9309,329,28297,618,149703,340,178000,California
Tulare,2021-06-13,290,319570,202,182234,85,128024,3,9312,80,28171,209,149912,83,178083,California
Tulare,2021-06-14,772,320342,565,182799,179,128203,28,9340,299,28030,468,150380,327,178410,California
Tulare,2021-06-15,980,321322,661,183460,289,128492,30,9370,432,27951,541,150921,462,178872,California
Tulare,2021-06-16,824,322146,564,184024,222,128714,38,9408,361,27891,460,151381,400,179272,California
Tulare,2021-06-17,950,323096,694,184718,237,128951,19,9427,360,27683,587,151968,379,179651,California
Tulare,2021-06-18,958,324054,671,185389,256,129207,31,9458,351,27459,605,152573,381,180032,California
Tulare,2021-06-19,845,324899,675,186064,158,129365,12,9470,386,27402,455,153028,398,180430,California
Tulare,2021-06-20,251,325150,187,186251,55,129420,9,9479,75,27311,176,153204,85,180515,California
Tulare,2021-06-21,223,325373,129,186380,76,129496,18,9497,103,27313,119,153323,121,180636,California
Tuolumne,2020-12-16,47,47,47,47,0,0,0,0,47,47,0,0,47,47,California
Tuolumne,2020-12-17,17,64,17,64,0,0,0,0,17,64,0,0,17,64,California
Tuolumne,2020-12-18,101,165,100,164,1,1,0,0,101,165,0,0,101,165,California
Tuolumne,2020-12-19,4,169,4,168,0,1,0,0,4,169,0,0,4,169,California
Tuolumne,2020-12-20,2,171,2,170,0,1,0,0,2,171,0,0,2,171,California
Tuolumne,2020-12-21,116,287,102,272,14,15,0,0,116,287,0,0,116,287,California
Tuolumne,2020-12-22,170,457,170,442,0,15,0,0,170,457,0,0,170,457,California
Tuolumne,2020-12-23,184,641,182,624,2,17,0,0,184,641,0,0,184,641,California
Tuolumne,2020-12-25,1,642,1,625,0,17,0,0,1,642,0,0,1,642,California
Tuolumne,2020-12-26,2,644,2,627,0,17,0,0,2,644,0,0,2,644,California
Tuolumne,2020-12-28,76,720,74,701,2,19,0,0,76,720,0,0,76,720,California
Tuolumne,2020-12-29,102,822,39,740,63,82,0,0,102,822,0,0,102,822,California
Tuolumne,2020-12-30,79,901,22,762,57,139,0,0,79,901,0,0,79,901,California
Tuolumne,2020-12-31,27,928,20,782,7,146,0,0,27,928,0,0,27,928,California
Tuolumne,2021-01-01,6,934,5,787,1,147,0,0,6,934,0,0,6,934,California
Tuolumne,2021-01-02,118,1052,116,903,2,149,0,0,118,1052,0,0,118,1052,California
Tuolumne,2021-01-03,2,1054,2,905,0,149,0,0,2,1054,0,0,2,1054,California
Tuolumne,2021-01-04,69,1123,26,931,43,192,0,0,69,1123,0,0,69,1123,California
Tuolumne,2021-01-05,94,1217,27,958,67,259,0,0,91,1212,3,3,92,1215,California
Tuolumne,2021-01-06,132,1349,71,1029,61,320,0,0,68,1216,64,67,68,1283,California
Tuolumne,2021-01-07,119,1468,62,1091,57,377,0,0,65,1227,54,121,65,1348,California
Tuolumne,2021-01-08,105,1573,82,1173,23,400,0,0,26,1176,78,199,27,1375,California
Tuolumne,2021-01-09,2,1575,0,1173,2,402,0,0,2,1178,0,199,2,1377,California
Tuolumne,2021-01-10,3,1578,1,1174,2,404,0,0,3,1181,0,199,3,1380,California
Tuolumne,2021-01-11,115,1693,89,1263,26,430,0,0,35,1136,80,279,35,1415,California
Tuolumne,2021-01-12,101,1794,85,1348,16,446,0,0,18,1071,83,362,18,1433,California
Tuolumne,2021-01-13,231,2025,125,1473,106,552,0,0,182,1205,49,411,183,1616,California
Tuolumne,2021-01-14,148,2173,108,1581,40,592,0,0,43,1144,104,515,43,1659,California
Tuolumne,2021-01-15,478,2651,76,1657,402,994,0,0,415,1498,62,577,416,2075,California
Tuolumne,2021-01-16,7,2658,3,1660,4,998,0,0,6,1503,1,578,6,2081,California
Tuolumne,2021-01-17,8,2666,4,1664,4,1002,0,0,8,1511,0,578,8,2089,California
Tuolumne,2021-01-18,46,2712,38,1702,8,1010,0,0,9,1484,36,614,9,2098,California
Tuolumne,2021-01-19,480,3192,75,1777,405,1415,0,0,434,1872,46,660,434,2532,California
Tuolumne,2021-01-20,76,3268,58,1835,18,1433,0,0,24,1845,51,711,24,2556,California
Tuolumne,2021-01-21,57,3325,24,1859,33,1466,0,0,41,1870,16,727,41,2597,California
Tuolumne,2021-01-22,170,3495,17,1876,153,1619,0,0,162,2024,8,735,162,2759,California
Tuolumne,2021-01-23,653,4148,134,2010,519,2138,0,0,546,2476,107,842,559,3318,California
Tuolumne,2021-01-24,523,4671,2,2012,521,2659,0,0,520,2995,3,845,522,3840,California
Tuolumne,2021-01-25,50,4721,28,2040,22,2681,0,0,24,2994,26,871,25,3865,California
Tuolumne,2021-01-26,79,4800,68,2108,11,2692,0,0,40,2995,39,910,40,3905,California
Tuolumne,2021-01-27,61,4861,4,2112,57,2749,0,0,8,2951,52,962,8,3913,California
Tuolumne,2021-01-28,26,4887,6,2118,20,2769,0,0,17,2959,9,971,17,3930,California
Tuolumne,2021-01-29,70,4957,5,2123,65,2834,0,0,32,2953,38,1009,32,3962,California
Tuolumne,2021-01-30,711,5668,553,2676,158,2992,0,0,689,3637,22,1031,706,4668,California
Tuolumne,2021-01-31,8,5676,2,2678,6,2998,0,0,5,3639,3,1034,5,4673,California
Tuolumne,2021-02-01,27,5703,7,2685,20,3018,0,0,24,3660,3,1037,24,4697,California
Tuolumne,2021-02-02,654,6357,46,2731,608,3626,0,0,640,4289,11,1048,640,5337,California
Tuolumne,2021-02-03,244,6601,113,2844,131,3757,0,0,89,4223,155,1203,89,5426,California
Tuolumne,2021-02-04,123,6724,13,2857,110,3867,0,0,61,4222,62,1265,61,5487,California
Tuolumne,2021-02-05,101,6825,14,2871,87,3954,0,0,34,4190,66,1331,34,5521,California
Tuolumne,2021-02-06,858,7683,581,3452,277,4231,0,0,849,5036,9,1340,855,6376,California
Tuolumne,2021-02-07,8,7691,4,3456,4,4235,0,0,4,5036,4,1344,4,6380,California
Tuolumne,2021-02-08,92,7783,41,3497,51,4286,0,0,68,5080,24,1368,68,6448,California
Tuolumne,2021-02-09,866,8649,53,3550,813,5099,0,0,823,5860,43,1411,823,7271,California
Tuolumne,2021-02-10,93,8742,18,3568,75,5174,0,0,31,5830,61,1472,31,7302,California
Tuolumne,2021-02-11,143,8885,68,3636,75,5249,0,0,78,5843,65,1537,78,7380,California
Tuolumne,2021-02-12,650,9535,20,3656,630,5879,0,0,208,5610,441,1978,208,7588,California
Tuolumne,2021-02-13,152,9687,41,3697,111,5990,0,0,121,5701,30,2008,121,7709,California
Tuolumne,2021-02-14,153,9840,14,3711,139,6129,0,0,151,5850,2,2010,151,7860,California
Tuolumne,2021-02-15,190,10030,11,3722,179,6308,0,0,181,6022,9,2019,181,8041,California
Tuolumne,2021-02-16,531,10561,18,3740,513,6821,0,0,122,5741,405,2424,124,8165,California
Tuolumne,2021-02-17,110,10671,62,3802,48,6869,0,0,60,5752,49,2473,60,8225,California
Tuolumne,2021-02-18,683,11354,27,3829,656,7525,0,0,631,6332,52,2525,632,8857,California
Tuolumne,2021-02-19,142,11496,22,3851,120,7645,0,0,42,6274,100,2625,42,8899,California
Tuolumne,2021-02-20,907,12403,342,4193,565,8210,0,0,384,6153,508,3133,387,9286,California
Tuolumne,2021-02-21,983,13386,42,4235,941,9151,0,0,472,6121,508,3641,476,9762,California
Tuolumne,2021-02-22,79,13465,57,4292,22,9173,0,0,45,6133,33,3674,45,9807,California
Tuolumne,2021-02-23,47,13512,24,4316,23,9196,0,0,24,6135,22,3696,24,9831,California
Tuolumne,2021-02-24,105,13617,58,4374,47,9243,0,0,42,6116,62,3758,43,9874,California
Tuolumne,2021-02-25,1053,14670,34,4408,1019,10262,0,0,1020,7104,33,3791,1021,10895,California
Tuolumne,2021-02-26,151,14821,11,4419,140,10402,0,0,125,7204,26,3817,126,11021,California
Tuolumne,2021-02-27,957,15778,580,4999,377,10779,0,0,251,6770,688,4505,254,11275,California
Tuolumne,2021-02-28,56,15834,4,5003,52,10831,0,0,52,6819,3,4508,52,11327,California
Tuolumne,2021-03-01,115,15949,21,5024,93,10924,1,1,78,6863,36,4544,80,11407,California
Tuolumne,2021-03-02,709,16658,74,5098,635,11559,0,1,106,6366,603,5147,106,11513,California
Tuolumne,2021-03-03,93,16751,19,5117,74,11633,0,1,66,6406,26,5173,66,11579,California
Tuolumne,2021-03-04,1176,17927,76,5193,1100,12733,0,1,1109,7449,66,5239,1109,12688,California
Tuolumne,2021-03-05,91,18018,10,5203,81,12814,0,1,53,7466,37,5276,54,12742,California
Tuolumne,2021-03-06,1062,19080,606,5809,454,13268,2,3,205,6828,850,6126,212,12954,California
Tuolumne,2021-03-07,40,19120,12,5821,14,13282,14,17,18,6838,22,6148,32,12986,California
Tuolumne,2021-03-08,198,19318,90,5911,101,13383,7,24,140,6927,58,6206,147,13133,California
Tuolumne,2021-03-09,858,20176,15,5926,832,14215,11,35,66,6218,786,6992,77,13210,California
Tuolumne,2021-03-10,78,20254,11,5937,56,14271,11,46,54,6259,24,7016,65,13275,California
Tuolumne,2021-03-11,1286,21540,39,5976,1241,15512,6,52,1257,7495,29,7045,1265,14540,California
Tuolumne,2021-03-12,299,21839,34,6010,250,15762,15,67,189,7594,108,7153,207,14747,California
Tuolumne,2021-03-13,113,21952,13,6023,100,15862,0,67,82,7647,30,7183,83,14830,California
Tuolumne,2021-03-14,149,22101,10,6033,130,15992,9,76,7,7526,142,7325,21,14851,California
Tuolumne,2021-03-15,303,22404,82,6115,218,16210,3,79,104,7443,198,7523,115,14966,California
Tuolumne,2021-03-16,806,23210,40,6155,755,16965,11,90,669,7987,136,7659,680,15646,California
Tuolumne,2021-03-17,153,23363,33,6188,107,17072,13,103,79,8006,73,7732,92,15738,California
Tuolumne,2021-03-18,948,24311,28,6216,907,17979,13,116,316,7708,627,8359,329,16067,California
Tuolumne,2021-03-19,134,24445,17,6233,87,18066,30,146,73,7751,60,8419,103,16170,California
Tuolumne,2021-03-20,95,24540,8,6241,77,18143,10,156,41,7748,53,8472,50,16220,California
Tuolumne,2021-03-21,836,25376,392,6633,434,18577,10,166,41,7018,782,9254,52,16272,California
Tuolumne,2021-03-22,163,25539,73,6706,71,18648,19,185,96,7068,66,9320,116,16388,California
Tuolumne,2021-03-23,712,26251,637,7343,61,18709,14,199,674,7718,37,9357,687,17075,California
Tuolumne,2021-03-24,109,26360,20,7363,71,18780,18,217,75,7778,33,9390,93,17168,California
Tuolumne,2021-03-25,1301,27661,24,7387,1274,20054,3,220,326,7135,972,10362,329,17497,California
Tuolumne,2021-03-26,277,27938,17,7404,236,20290,24,244,115,7125,150,10512,140,17637,California
Tuolumne,2021-03-27,581,28519,54,7458,527,20817,0,244,316,7180,263,10775,318,17955,California
Tuolumne,2021-03-28,46,28565,5,7463,41,20858,0,244,7,7150,38,10813,8,17963,California
Tuolumne,2021-03-29,208,28773,84,7547,124,20982,0,244,110,7165,95,10908,110,18073,California
Tuolumne,2021-03-30,160,28933,8,7555,151,21133,1,245,117,7241,42,10950,118,18191,California
Tuolumne,2021-03-31,94,29027,13,7568,79,21212,2,247,37,7225,55,11005,39,18230,California
Tuolumne,2021-04-01,1253,30280,29,7597,1224,22436,0,247,228,6431,1022,12027,228,18458,California
Tuolumne,2021-04-02,167,30447,9,7606,132,22568,26,273,90,6473,74,12101,116,18574,California
Tuolumne,2021-04-03,427,30874,34,7640,392,22960,1,274,238,6525,186,12287,238,18812,California
Tuolumne,2021-04-04,34,30908,4,7644,30,22990,0,274,21,6535,11,12298,21,18833,California
Tuolumne,2021-04-05,133,31041,19,7663,107,23097,7,281,59,6527,74,12372,66,18899,California
Tuolumne,2021-04-06,652,31693,517,8180,108,23205,27,308,516,6936,135,12507,544,19443,California
Tuolumne,2021-04-07,128,31821,37,8217,75,23280,16,324,50,6924,78,12585,66,19509,California
Tuolumne,2021-04-08,1450,33271,35,8252,1400,24680,15,339,248,5990,1197,13782,263,19772,California
Tuolumne,2021-04-09,273,33544,42,8294,188,24868,43,382,132,6028,141,13923,179,19951,California
Tuolumne,2021-04-10,54,33598,2,8296,32,24900,20,402,22,6039,31,13954,42,19993,California
Tuolumne,2021-04-11,18,33616,3,8299,12,24912,3,405,12,6048,6,13960,15,20008,California
Tuolumne,2021-04-12,173,33789,66,8365,102,25014,5,410,90,6065,78,14038,95,20103,California
Tuolumne,2021-04-13,788,34577,35,8400,753,25767,0,410,171,5628,608,14646,171,20274,California
Tuolumne,2021-04-14,157,34734,30,8430,127,25894,0,410,79,5634,74,14720,80,20354,California
Tuolumne,2021-04-15,344,35078,21,8451,323,26217,0,410,60,5417,277,14997,60,20414,California
Tuolumne,2021-04-16,256,35334,52,8503,204,26421,0,410,143,5457,104,15101,144,20558,California
Tuolumne,2021-04-17,44,35378,5,8508,39,26460,0,410,27,5467,17,15118,27,20585,California
Tuolumne,2021-04-18,9,35387,2,8510,7,26467,0,410,5,5469,4,15122,6,20591,California
Tuolumne,2021-04-19,177,35564,79,8589,98,26565,0,410,99,5492,76,15198,99,20690,California
Tuolumne,2021-04-20,709,36273,615,9204,94,26659,0,410,74,4939,627,15825,74,20764,California
Tuolumne,2021-04-21,118,36391,25,9229,93,26752,0,410,62,4951,50,15875,62,20826,California
Tuolumne,2021-04-22,710,37101,45,9274,665,27417,0,410,429,5109,272,16147,430,21256,California
Tuolumne,2021-04-23,172,37273,29,9303,143,27560,0,410,81,5103,88,16235,82,21338,California
Tuolumne,2021-04-24,77,37350,16,9319,61,27621,0,410,49,5124,28,16263,49,21387,California
Tuolumne,2021-04-25,25,37375,9,9328,16,27637,0,410,22,5143,3,16266,22,21409,California
Tuolumne,2021-04-26,156,37531,56,9384,100,27737,0,410,73,5135,82,16348,74,21483,California
Tuolumne,2021-04-27,138,37669,21,9405,110,27847,7,417,63,5133,72,16420,70,21553,California
Tuolumne,2021-04-28,113,37782,21,9426,81,27928,11,428,60,5152,52,16472,71,21624,California
Tuolumne,2021-04-29,278,38060,15,9441,255,28183,8,436,54,4994,220,16692,62,21686,California
Tuolumne,2021-04-30,366,38426,23,9464,331,28514,12,448,71,4786,291,16983,83,21769,California
Tuolumne,2021-05-01,25,38451,7,9471,13,28527,5,453,16,4798,9,16992,21,21790,California
Tuolumne,2021-05-02,26,38477,3,9474,21,28548,2,455,19,4812,7,16999,21,21811,California
Tuolumne,2021-05-03,111,38588,14,9488,92,28640,5,460,36,4780,73,17072,41,21852,California
Tuolumne,2021-05-04,708,39296,601,10089,103,28743,4,464,215,4507,491,17563,218,22070,California
Tuolumne,2021-05-05,111,39407,27,10116,78,28821,6,470,59,4523,49,17612,65,22135,California
Tuolumne,2021-05-06,289,39696,13,10129,260,29081,16,486,42,4337,243,17855,57,22192,California
Tuolumne,2021-05-07,329,40025,26,10155,295,29376,8,494,71,4159,257,18112,79,22271,California
Tuolumne,2021-05-08,47,40072,6,10161,37,29413,4,498,32,4180,15,18127,36,22307,California
Tuolumne,2021-05-09,17,40089,2,10163,13,29426,2,500,3,4171,14,18141,5,22312,California
Tuolumne,2021-05-10,113,40202,44,10207,63,29489,6,506,32,4129,80,18221,38,22350,California
Tuolumne,2021-05-11,202,40404,62,10269,128,29617,12,518,55,4050,146,18367,67,22417,California
Tuolumne,2021-05-12,130,40534,20,10289,106,29723,4,522,49,4022,81,18448,53,22470,California
Tuolumne,2021-05-13,116,40650,18,10307,90,29813,8,530,72,4057,44,18492,79,22549,California
Tuolumne,2021-05-14,206,40856,76,10383,120,29933,10,540,107,4077,97,18589,117,22666,California
Tuolumne,2021-05-15,56,40912,14,10397,35,29968,7,547,18,4065,38,18627,26,22692,California
Tuolumne,2021-05-16,26,40938,8,10405,16,29984,2,549,13,4067,13,18640,15,22707,California
Tuolumne,2021-05-17,110,41048,30,10435,77,30061,3,552,47,4055,63,18703,51,22758,California
Tuolumne,2021-05-18,177,41225,53,10488,77,30138,47,599,58,4042,118,18821,105,22863,California
Tuolumne,2021-05-19,119,41344,20,10508,66,30204,33,632,47,4051,71,18892,80,22943,California
Tuolumne,2021-05-20,407,41751,19,10527,382,30586,6,638,53,3758,352,19244,59,23002,California
Tuolumne,2021-05-21,198,41949,92,10619,101,30687,5,643,119,3805,77,19321,124,23126,California
Tuolumne,2021-05-22,58,42007,18,10637,34,30721,6,649,25,3803,32,19353,30,23156,California
Tuolumne,2021-05-23,27,42034,7,10644,19,30740,1,650,10,3797,17,19370,11,23167,California
Tuolumne,2021-05-24,134,42168,41,10685,87,30827,6,656,51,3772,82,19452,57,23224,California
Tuolumne,2021-05-25,296,42464,221,10906,69,30896,6,662,112,3707,183,19635,118,23342,California
Tuolumne,2021-05-26,88,42552,24,10930,62,30958,2,664,37,3695,51,19686,39,23381,California
Tuolumne,2021-05-27,75,42627,13,10943,59,31017,3,667,30,3684,44,19730,33,23414,California
Tuolumne,2021-05-28,111,42738,53,10996,57,31074,1,668,65,3706,44,19774,66,23480,California
Tuolumne,2021-05-29,38,42776,7,11003,25,31099,6,674,17,3708,21,19795,23,23503,California
Tuolumne,2021-05-30,18,42794,1,11004,14,31113,3,677,4,3701,14,19809,7,23510,California
Tuolumne,2021-05-31,10,42804,2,11006,7,31120,1,678,2,3696,8,19817,3,23513,California
Tuolumne,2021-06-01,75,42879,20,11026,52,31172,3,681,22,3669,52,19869,25,23538,California
Tuolumne,2021-06-02,73,42952,7,11033,58,31230,8,689,23,3651,49,19918,31,23569,California
Tuolumne,2021-06-03,76,43028,25,11058,36,31266,15,704,23,3637,52,19970,38,23607,California
Tuolumne,2021-06-04,132,43160,62,11120,67,31333,3,707,38,3586,92,20062,41,23648,California
Tuolumne,2021-06-05,40,43200,10,11130,28,31361,2,709,16,3580,24,20086,18,23666,California
Tuolumne,2021-06-06,18,43218,4,11134,7,31368,7,716,4,3577,14,20100,11,23677,California
Tuolumne,2021-06-07,59,43277,14,11148,37,31405,8,724,26,3578,33,20133,34,23711,California
Tuolumne,2021-06-08,73,43350,22,11170,50,31455,1,725,27,3562,44,20177,28,23739,California
Tuolumne,2021-06-09,87,43437,45,11215,32,31487,10,735,40,3566,46,20223,50,23789,California
Tuolumne,2021-06-10,95,43532,14,11229,74,31561,7,742,26,3530,69,20292,33,23822,California
Tuolumne,2021-06-11,101,43633,47,11276,51,31612,3,745,25,3483,75,20367,28,23850,California
Tuolumne,2021-06-12,61,43694,20,11296,25,31637,16,761,18,3476,41,20408,34,23884,California
Tuolumne,2021-06-13,17,43711,2,11298,10,31647,5,766,3,3470,14,20422,8,23892,California
Tuolumne,2021-06-14,94,43805,32,11330,58,31705,4,770,52,3484,42,20464,56,23948,California
Tuolumne,2021-06-15,130,43935,82,11412,39,31744,9,779,21,3407,107,20571,30,23978,California
Tuolumne,2021-06-16,95,44030,46,11458,46,31790,3,782,54,3424,40,20611,57,24035,California
Tuolumne,2021-06-17,44,44074,10,11468,33,31823,1,783,17,3415,27,20638,18,24053,California
Tuolumne,2021-06-18,161,44235,94,11562,53,31876,14,797,59,3386,101,20739,72,24125,California
Tuolumne,2021-06-19,26,44261,9,11571,14,31890,3,800,10,3383,16,20755,13,24138,California
Tuolumne,2021-06-20,13,44274,2,11573,11,31901,0,800,10,3390,3,20758,10,24148,California
Tuolumne,2021-06-21,25,44299,2,11575,23,31924,0,800,15,3395,10,20768,15,24163,California
Ventura,2020-12-15,5,5,5,5,0,0,0,0,5,5,0,0,5,5,California
Ventura,2020-12-16,74,79,74,79,0,0,0,0,74,79,0,0,74,79,California
Ventura,2020-12-17,315,394,315,394,0,0,0,0,315,394,0,0,315,394,California
Ventura,2020-12-18,1593,1987,1593,1987,0,0,0,0,1593,1987,0,0,1593,1987,California
Ventura,2020-12-19,979,2966,978,2965,1,1,0,0,979,2966,0,0,979,2966,California
Ventura,2020-12-20,458,3424,458,3423,0,1,0,0,458,3424,0,0,458,3424,California
Ventura,2020-12-21,1504,4928,1504,4927,0,1,0,0,1504,4928,0,0,1504,4928,California
Ventura,2020-12-22,1110,6038,1105,6032,5,6,0,0,1110,6038,0,0,1110,6038,California
Ventura,2020-12-23,1034,7072,983,7015,51,57,0,0,1034,7072,0,0,1034,7072,California
Ventura,2020-12-24,476,7548,377,7392,99,156,0,0,476,7548,0,0,476,7548,California
Ventura,2020-12-25,12,7560,7,7399,5,161,0,0,12,7560,0,0,12,7560,California
Ventura,2020-12-26,116,7676,95,7494,21,182,0,0,116,7676,0,0,116,7676,California
Ventura,2020-12-27,61,7737,29,7523,32,214,0,0,61,7737,0,0,61,7737,California
Ventura,2020-12-28,1071,8808,930,8453,141,355,0,0,1071,8808,0,0,1071,8808,California
Ventura,2020-12-29,1184,9992,777,9230,407,762,0,0,1184,9992,0,0,1184,9992,California
Ventura,2020-12-30,1992,11984,1528,10758,464,1226,0,0,1992,11984,0,0,1992,11984,California
Ventura,2020-12-31,481,12465,163,10921,318,1544,0,0,476,12455,5,5,476,12460,California
Ventura,2021-01-01,38,12503,15,10936,23,1567,0,0,38,12493,0,5,38,12498,California
Ventura,2021-01-02,171,12674,77,11013,94,1661,0,0,171,12664,0,5,171,12669,California
Ventura,2021-01-03,20,12694,8,11021,12,1673,0,0,20,12684,0,5,20,12689,California
Ventura,2021-01-04,1098,13792,555,11576,543,2216,0,0,1037,13662,59,64,1037,13726,California
Ventura,2021-01-05,1380,15172,783,12359,597,2813,0,0,1269,14823,108,172,1269,14995,California
Ventura,2021-01-06,2043,17215,1169,13528,874,3687,0,0,1555,15901,479,651,1557,16552,California
Ventura,2021-01-07,2071,19286,1325,14853,746,4433,0,0,1039,15912,1029,1680,1040,17592,California
Ventura,2021-01-08,2205,21491,1480,16333,725,5158,0,0,909,15528,1294,2974,910,18502,California
Ventura,2021-01-09,713,22204,493,16826,220,5378,0,0,314,15443,399,3373,314,18816,California
Ventura,2021-01-10,344,22548,327,17153,17,5395,0,0,130,15359,214,3587,130,18946,California
Ventura,2021-01-11,2437,24985,1486,18639,951,6346,0,0,1485,15896,952,4539,1489,20435,California
Ventura,2021-01-12,3034,28019,1612,20251,1422,7768,0,0,1986,16834,1048,5587,1986,22421,California
Ventura,2021-01-13,2936,30955,1440,21691,1496,9264,0,0,2039,17980,894,6481,2040,24461,California
Ventura,2021-01-14,2773,33728,1099,22790,1674,10938,0,0,2329,19867,443,6924,2330,26791,California
Ventura,2021-01-15,2887,36615,968,23758,1919,12857,0,0,2669,22319,218,7142,2670,29461,California
Ventura,2021-01-16,480,37095,187,23945,293,13150,0,0,401,22641,79,7221,401,29862,California
Ventura,2021-01-17,264,37359,142,24087,122,13272,0,0,255,22888,8,7229,255,30117,California
Ventura,2021-01-18,2219,39578,1676,25763,543,13815,0,0,1670,24011,548,7777,1671,31788,California
Ventura,2021-01-19,3053,42631,2131,27894,922,14737,0,0,2149,25259,904,8681,2152,33940,California
Ventura,2021-01-20,4100,46731,3159,31053,941,15678,0,0,3038,27239,1059,9740,3039,36979,California
Ventura,2021-01-21,3851,50582,2700,33753,1151,16829,0,0,3169,29736,674,10414,3171,40150,California
Ventura,2021-01-22,3565,54147,2459,36212,1106,17935,0,0,3398,32967,167,10581,3398,43548,California
Ventura,2021-01-23,1150,55297,636,36848,514,18449,0,0,1053,33926,96,10677,1055,44603,California
Ventura,2021-01-24,437,55734,124,36972,313,18762,0,0,424,34337,13,10690,424,45027,California
Ventura,2021-01-25,3117,58851,2015,38987,1102,19864,0,0,2563,36348,553,11243,2564,47591,California
Ventura,2021-01-26,3675,62526,2205,41192,1470,21334,0,0,2668,38012,1004,12247,2668,50259,California
Ventura,2021-01-27,3425,65951,1544,42736,1881,23215,0,0,2672,39937,750,12997,2675,52934,California
Ventura,2021-01-28,3830,69781,1986,44722,1844,25059,0,0,3208,42539,607,13604,3209,56143,California
Ventura,2021-01-29,4271,74052,2532,47254,1739,26798,0,0,3769,45820,488,14092,3769,59912,California
Ventura,2021-01-30,3033,77085,1976,49230,1057,27855,0,0,2865,48522,164,14256,2866,62778,California
Ventura,2021-01-31,799,77884,418,49648,381,28236,0,0,710,49144,88,14344,710,63488,California
Ventura,2021-02-01,3953,81837,2106,51754,1847,30083,0,0,3173,51547,772,15116,3175,66663,California
Ventura,2021-02-02,4380,86217,2336,54090,2044,32127,0,0,3348,53870,1028,16144,3351,70014,California
Ventura,2021-02-03,4425,90642,2080,56170,2345,34472,0,0,3411,56275,1009,17153,3414,73428,California
Ventura,2021-02-04,4783,95425,2288,58458,2495,36967,0,0,3502,58509,1274,18427,3508,76936,California
Ventura,2021-02-05,4879,100304,2370,60828,2509,39476,0,0,3336,60317,1531,19958,3339,80275,California
Ventura,2021-02-06,2818,103122,1505,62333,1313,40789,0,0,2417,62334,400,20358,2417,82692,California
Ventura,2021-02-07,715,103837,231,62564,484,41273,0,0,587,62794,128,20486,588,83280,California
Ventura,2021-02-08,3524,107361,1639,64203,1885,43158,0,0,2430,64136,1089,21575,2431,85711,California
Ventura,2021-02-09,4697,112058,1967,66170,2730,45888,0,0,2457,64359,2237,23812,2460,88171,California
Ventura,2021-02-10,4674,116732,2216,68386,2458,48346,0,0,2369,64437,2293,26105,2371,90542,California
Ventura,2021-02-11,4646,121378,1854,70240,2792,51138,0,0,2439,64679,2200,28305,2442,92984,California
Ventura,2021-02-12,6284,127662,2644,72884,3640,54778,0,0,3229,64860,3048,31353,3229,96213,California
Ventura,2021-02-13,3266,130928,1816,74700,1450,56228,0,0,1825,65250,1437,32790,1827,98040,California
Ventura,2021-02-14,1193,132121,113,74813,1080,57308,0,0,996,66051,197,32987,998,99038,California
Ventura,2021-02-15,3971,136092,1790,76603,2181,59489,0,0,2106,66297,1862,34849,2108,101146,California
Ventura,2021-02-16,5516,141608,2690,79293,2826,62315,0,0,2994,66780,2512,37361,2995,104141,California
Ventura,2021-02-17,5256,146864,1893,81186,3363,65678,0,0,3324,68181,1923,39284,3324,107465,California
Ventura,2021-02-18,5746,152610,1810,82996,3936,69614,0,0,3638,69725,2094,41378,3638,111103,California
Ventura,2021-02-19,6455,159065,3751,86747,2704,72318,0,0,3000,69282,3449,44827,3006,114109,California
Ventura,2021-02-20,4916,163981,3165,89912,1751,74069,0,0,2745,69869,2162,46989,2749,116858,California
Ventura,2021-02-21,1065,165046,784,90696,281,74350,0,0,447,69703,613,47602,447,117305,California
Ventura,2021-02-22,5407,170453,2415,93111,2992,77342,0,0,3467,71241,1931,49533,3469,120774,California
Ventura,2021-02-23,5913,176366,2931,96042,2982,80324,0,0,3414,72178,2481,52014,3418,124192,California
Ventura,2021-02-24,7042,183408,2606,98648,4436,84760,0,0,4254,73664,2770,54784,4256,128448,California
Ventura,2021-02-25,7532,190940,2553,101201,4979,89739,0,0,4577,75304,2942,57726,4582,133030,California
Ventura,2021-02-26,9411,200351,2763,103964,6648,96387,0,0,6170,78262,3216,60942,6174,139204,California
Ventura,2021-02-27,10544,210895,5273,109237,5271,101658,0,0,7949,83643,2578,63520,7959,147163,California
Ventura,2021-02-28,2513,213408,1612,110849,900,102558,1,1,2064,85268,440,63960,2065,149228,California
Ventura,2021-03-01,7131,220539,2835,113684,4293,106851,3,4,4733,87638,2379,66339,4749,153977,California
Ventura,2021-03-02,7702,228241,4035,117719,3665,110516,2,6,5398,90744,2293,68632,5399,159376,California
Ventura,2021-03-03,8647,236888,3910,121629,4734,115250,3,9,6103,94331,2524,71156,6111,165487,California
Ventura,2021-03-04,8285,245173,3873,125502,4412,119662,0,9,5600,97268,2668,73824,5605,171092,California
Ventura,2021-03-05,10067,255240,4815,130317,5241,124903,11,20,7179,101599,2872,76696,7203,178295,California
Ventura,2021-03-06,7722,262962,4393,134710,3177,128080,152,172,5762,105566,1951,78647,5918,184213,California
Ventura,2021-03-07,1658,264620,614,135324,942,129022,102,274,1241,106495,417,79064,1346,185559,California
Ventura,2021-03-08,6839,271459,3446,138770,3240,132262,153,427,4732,109285,2099,81163,4889,190448,California
Ventura,2021-03-09,6827,278286,3017,141787,3621,135883,189,616,3964,110595,2850,84013,4160,194608,California
Ventura,2021-03-10,7025,285311,3018,144805,3767,139650,240,856,4706,113237,2303,86316,4945,199553,California
Ventura,2021-03-11,6540,291851,2887,147692,3341,142991,312,1168,3567,114158,2957,89273,3878,203431,California
Ventura,2021-03-12,8714,300565,3040,150732,4831,147822,843,2011,4278,114861,4416,93689,5119,208550,California
Ventura,2021-03-13,7265,307830,2501,153233,3931,151753,833,2844,4336,117109,2920,96609,5168,213718,California
Ventura,2021-03-14,2096,309926,467,153700,1130,152883,499,3343,705,116924,1390,97999,1205,214923,California
Ventura,2021-03-15,7089,317015,2033,155733,3705,156588,1351,4694,3145,117495,3919,101918,4490,219413,California
Ventura,2021-03-16,8151,325166,2456,158189,4581,161169,1114,5808,4219,118908,3919,105837,5332,224745,California
Ventura,2021-03-17,7698,332864,2796,160985,4560,165729,342,6150,4695,120965,2981,108818,5038,229783,California
Ventura,2021-03-18,7523,340387,3264,164249,4112,169841,147,6297,4947,123496,2563,111381,5094,234877,California
Ventura,2021-03-19,8642,349029,3785,168034,4745,174586,112,6409,5230,125450,3386,114767,5340,240217,California
Ventura,2021-03-20,8865,357894,5922,173956,2918,177504,25,6434,4604,125845,4237,119004,4632,244849,California
Ventura,2021-03-21,2784,360678,1521,175477,891,178395,372,6806,1307,126057,1463,120467,1675,246524,California
Ventura,2021-03-22,7400,368078,3674,179151,3624,182019,102,6908,4881,128544,2499,122966,4986,251510,California
Ventura,2021-03-23,8218,376296,3909,183060,4237,186256,72,6980,4607,129639,3582,126548,4677,256187,California
Ventura,2021-03-24,8943,385239,3417,186477,5450,191706,76,7056,4482,129770,4430,130978,4561,260748,California
Ventura,2021-03-25,8804,394043,3899,190376,4804,196510,101,7157,4452,129991,4331,135309,4552,265300,California
Ventura,2021-03-26,9960,404003,3364,193740,5940,202450,656,7813,4001,128718,5928,141237,4655,269955,California
Ventura,2021-03-27,8731,412734,3920,197660,4772,207222,39,7852,2407,124881,6284,147521,2447,272402,California
Ventura,2021-03-28,2500,415234,1409,199069,1083,208305,8,7860,1348,125091,1146,148667,1356,273758,California
Ventura,2021-03-29,8613,423847,4314,203383,4253,212558,46,7906,4259,125073,4323,152990,4305,278063,California
Ventura,2021-03-30,8985,432832,4458,207841,4399,216957,128,8034,4371,124973,4599,157589,4499,282562,California
Ventura,2021-03-31,10811,443643,4854,212695,5331,222288,626,8660,4677,124167,6107,163696,5301,287863,California
Ventura,2021-04-01,10870,454513,5268,217963,4729,227017,873,9533,5477,125163,5348,169044,6344,294207,California
Ventura,2021-04-02,11798,466311,4628,222591,5835,232852,1335,10868,5650,126036,6114,175158,6987,301194,California
Ventura,2021-04-03,8082,474393,4021,226612,2881,235733,1180,12048,3411,125961,4659,179817,4584,305778,California
Ventura,2021-04-04,1708,476101,958,227570,615,236348,135,12183,1141,126676,561,180378,1276,307054,California
Ventura,2021-04-05,9411,485512,4841,232411,3458,239806,1112,13295,4798,127983,4600,184978,5907,312961,California
Ventura,2021-04-06,10964,496476,5567,237978,3906,243712,1491,14786,5650,129836,5286,190264,7139,320100,California
Ventura,2021-04-07,11466,507942,5391,243369,4580,248292,1495,16281,5244,130367,6201,196465,6732,326832,California
Ventura,2021-04-08,10451,518393,5275,248644,4197,252489,979,17260,5223,131357,5203,201668,6193,333025,California
Ventura,2021-04-09,11356,529749,4358,253002,5267,257756,1731,18991,4969,131686,6362,208030,6691,339716,California
Ventura,2021-04-10,9845,539594,4155,257157,3528,261284,2162,21153,3059,130135,6767,214797,5216,344932,California
Ventura,2021-04-11,2429,542023,850,258007,1005,262289,574,21727,678,129645,1740,216537,1250,346182,California
Ventura,2021-04-12,9067,551090,4499,262506,3733,266022,835,22562,3804,129033,5246,221783,4634,350816,California
Ventura,2021-04-13,8918,560008,4538,267044,4374,270396,6,22568,3775,127709,5105,226888,3781,354597,California
Ventura,2021-04-14,8861,568869,4123,271167,4723,275119,15,22583,3408,125725,5414,232302,3430,358027,California
Ventura,2021-04-15,9472,578341,4593,275760,4852,279971,27,22610,4107,124533,5327,237629,4135,362162,California
Ventura,2021-04-16,10238,588579,4491,280251,5745,285716,2,22612,4818,123962,5396,243025,4825,366987,California
Ventura,2021-04-17,9021,597600,5390,285641,3617,289333,14,22626,5261,125495,3743,246768,5276,372263,California
Ventura,2021-04-18,2133,599733,1011,286652,1122,290455,0,22626,917,125206,1208,247976,919,373182,California
Ventura,2021-04-19,8122,607855,4845,291497,3274,293729,3,22629,4692,126497,3404,251380,4695,377877,California
Ventura,2021-04-20,9379,617234,4954,296451,4420,298149,5,22634,4424,126009,4930,256310,4442,382319,California
Ventura,2021-04-21,9011,626245,4610,301061,4396,302545,5,22639,4323,125670,4672,260982,4333,386652,California
Ventura,2021-04-22,10068,636313,5483,306544,4585,307130,0,22639,4499,124623,5548,266530,4501,391153,California
Ventura,2021-04-23,10881,647194,5375,311919,5505,312635,1,22640,5426,124625,5426,271956,5428,396581,California
Ventura,2021-04-24,10524,657718,5884,317803,4640,317275,0,22640,6192,126504,4314,276270,6193,402774,California
Ventura,2021-04-25,2470,660188,1714,319517,756,318031,0,22640,1159,126355,1308,277578,1159,403933,California
Ventura,2021-04-26,7928,668116,4524,324041,3337,321368,67,22707,3309,125137,4589,282167,3371,407304,California
Ventura,2021-04-27,9138,677254,5088,329129,3826,325194,224,22931,3440,123120,5680,287847,3663,410967,California
Ventura,2021-04-28,8341,685595,4824,333953,3199,328393,318,23249,3271,121665,5046,292893,3591,414558,California
Ventura,2021-04-29,7869,693464,4218,338171,3388,331781,263,23512,2790,119666,5051,297944,3052,417610,California
Ventura,2021-04-30,9427,702891,5427,343598,3727,335508,273,23785,3897,118330,5495,303439,4159,421769,California
Ventura,2021-05-01,5102,707993,3614,347212,1384,336892,104,23889,2021,117398,3056,306495,2124,423893,California
Ventura,2021-05-02,2117,710110,1421,348633,606,337498,90,23979,1022,117422,1089,307584,1113,425006,California
Ventura,2021-05-03,6279,716389,3864,352497,2137,339635,278,24257,1974,115389,4285,311869,2252,427258,California
Ventura,2021-05-04,6339,722728,3295,355792,2752,342387,292,24549,2296,113949,4029,315898,2589,429847,California
Ventura,2021-05-05,5365,728093,2978,358770,2129,344516,258,24807,1929,112722,3408,319306,2181,432028,California
Ventura,2021-05-06,6212,734305,3201,361971,2745,347261,266,25073,1997,110791,4195,323501,2264,434292,California
Ventura,2021-05-07,6802,741107,3356,365327,3175,350436,271,25344,2342,108972,4431,327932,2612,436904,California
Ventura,2021-05-08,5349,746456,4153,369480,1036,351472,160,25504,1215,106226,4119,332051,1373,438277,California
Ventura,2021-05-09,1032,747488,727,370207,259,351731,46,25550,386,106018,639,332690,431,438708,California
Ventura,2021-05-10,6124,753612,4076,374283,1836,353567,212,25762,1387,102892,4724,337414,1598,440306,California
Ventura,2021-05-11,5316,758928,3274,377557,1818,355385,224,25986,1535,100882,3769,341183,1759,442065,California
Ventura,2021-05-12,4970,763898,2892,380449,1858,357243,220,26206,1537,99222,3417,344600,1757,443822,California
Ventura,2021-05-13,6252,770150,3747,384196,2296,359539,209,26415,2218,97633,4019,348619,2430,446252,California
Ventura,2021-05-14,7289,777439,4456,388652,2626,362165,207,26622,2744,96054,4527,353146,2948,449200,California
Ventura,2021-05-15,6699,784138,5354,394006,1262,363427,83,26705,2785,95032,3891,357037,2869,452069,California
Ventura,2021-05-16,2172,786310,1680,395686,439,363866,53,26758,1021,94960,1146,358183,1074,453143,California
Ventura,2021-05-17,5877,792187,3549,399235,2113,365979,215,26973,2421,94157,3438,361621,2635,455778,California
Ventura,2021-05-18,5396,797583,3161,402396,2055,368034,180,27153,2147,93252,3231,364852,2326,458104,California
Ventura,2021-05-19,5832,803415,3520,405916,2101,370135,211,27364,2384,92422,3421,368273,2591,460695,California
Ventura,2021-05-20,5457,808872,3022,408938,2279,372414,156,27520,2149,91443,3280,371553,2301,462996,California
Ventura,2021-05-21,7921,816793,4461,413399,3283,375697,177,27697,2590,88913,5299,376852,2769,465765,California
Ventura,2021-05-22,5614,822407,2858,416257,2681,378378,75,27772,1759,86902,3845,380697,1834,467599,California
Ventura,2021-05-23,1933,824340,1475,417732,387,378765,71,27843,728,86503,1198,381895,799,468398,California
Ventura,2021-05-24,4527,828867,2449,420181,1911,380676,167,28010,1444,85045,3066,384961,1608,470006,California
Ventura,2021-05-25,4288,833155,2225,422406,1911,382587,152,28162,1422,83770,2848,387809,1573,471579,California
Ventura,2021-05-26,4265,837420,2274,424680,1828,384415,163,28325,1657,83001,2589,390398,1820,473399,California
Ventura,2021-05-27,3851,841271,1896,426576,1827,386242,128,28453,1376,82042,2462,392860,1503,474902,California
Ventura,2021-05-28,4558,845829,2474,429050,1890,388132,194,28647,1977,81648,2562,395422,2168,477070,California
Ventura,2021-05-29,2135,847964,1339,430389,729,388861,67,28714,1038,81667,1086,396508,1105,478175,California
Ventura,2021-05-30,898,848862,576,430965,269,389130,53,28767,369,81562,527,397035,422,478597,California
Ventura,2021-05-31,257,849119,137,431102,110,389240,10,28777,61,81437,196,397231,71,478668,California
Ventura,2021-06-01,3981,853100,2270,433372,1547,390787,164,28941,1302,80244,2659,399890,1466,480134,California
Ventura,2021-06-02,2951,856051,1623,434995,1192,391979,136,29077,1022,79487,1915,401805,1158,481292,California
Ventura,2021-06-03,3235,859286,1997,436992,1084,393063,154,29231,920,78257,2303,404108,1073,482365,California
Ventura,2021-06-04,4576,863862,3006,439998,1409,394472,161,29392,1479,76815,3082,407190,1640,484005,California
Ventura,2021-06-05,3801,867663,3172,443170,566,395038,63,29455,1163,75415,2626,409816,1226,485231,California
Ventura,2021-06-06,1239,868902,1058,444228,136,395174,45,29500,289,74808,940,410756,333,485564,California
Ventura,2021-06-07,3160,872062,2351,446579,699,395873,110,29610,956,73684,2189,412945,1065,486629,California
Ventura,2021-06-08,3012,875074,1987,448566,895,396768,130,29740,883,72580,2117,415062,1013,487642,California
Ventura,2021-06-09,2940,878014,2041,450607,789,397557,110,29850,764,71289,2164,417226,873,488515,California
Ventura,2021-06-10,3021,881035,2113,452720,806,398363,102,29952,815,70010,2194,419420,915,489430,California
Ventura,2021-06-11,3458,884493,2376,455096,946,399309,136,30088,980,68655,2468,421888,1113,490543,California
Ventura,2021-06-12,2132,886625,1677,456773,412,399721,43,30131,509,67591,1616,423504,552,491095,California
Ventura,2021-06-13,1003,887628,768,457541,171,399892,64,30195,233,67121,769,424273,299,491394,California
Ventura,2021-06-14,2632,890260,1795,459336,708,400600,129,30324,816,66261,1804,426077,944,492338,California
Ventura,2021-06-15,2420,892680,1562,460898,749,401349,109,30433,843,65647,1564,427641,950,493288,California
Ventura,2021-06-16,2486,895166,1822,462720,559,401908,105,30538,832,64948,1635,429276,936,494224,California
Ventura,2021-06-17,2204,897370,1547,464267,561,402469,96,30634,812,64472,1384,430660,908,495132,California
Ventura,2021-06-18,2929,900299,2087,466354,729,403198,113,30747,974,63618,1940,432600,1086,496218,California
Ventura,2021-06-19,1348,901647,1044,467398,279,403477,25,30772,515,63335,823,433423,540,496758,California
Ventura,2021-06-20,655,902302,509,467907,106,403583,40,30812,250,63223,402,433825,290,497048,California
Ventura,2021-06-21,964,903266,561,468468,319,403902,84,30896,398,63146,558,434383,481,497529,California
Yolo,2020-12-15,39,39,39,39,0,0,0,0,39,39,0,0,39,39,California
Yolo,2020-12-16,78,117,78,117,0,0,0,0,78,117,0,0,78,117,California
Yolo,2020-12-17,107,224,107,224,0,0,0,0,107,224,0,0,107,224,California
Yolo,2020-12-18,230,454,230,454,0,0,0,0,230,454,0,0,230,454,California
Yolo,2020-12-19,87,541,87,541,0,0,0,0,87,541,0,0,87,541,California
Yolo,2020-12-20,104,645,104,645,0,0,0,0,104,645,0,0,104,645,California
Yolo,2020-12-21,253,898,253,898,0,0,0,0,253,898,0,0,253,898,California
Yolo,2020-12-22,383,1281,382,1280,1,1,0,0,383,1281,0,0,383,1281,California
Yolo,2020-12-23,436,1717,417,1697,19,20,0,0,436,1717,0,0,436,1717,California
Yolo,2020-12-24,153,1870,94,1791,59,79,0,0,153,1870,0,0,153,1870,California
Yolo,2020-12-25,1,1871,1,1792,0,79,0,0,1,1871,0,0,1,1871,California
Yolo,2020-12-26,75,1946,25,1817,50,129,0,0,75,1946,0,0,75,1946,California
Yolo,2020-12-27,47,1993,20,1837,27,156,0,0,47,1993,0,0,47,1993,California
Yolo,2020-12-28,352,2345,180,2017,172,328,0,0,352,2345,0,0,352,2345,California
Yolo,2020-12-29,492,2837,268,2285,224,552,0,0,492,2837,0,0,492,2837,California
Yolo,2020-12-30,633,3470,263,2548,370,922,0,0,633,3470,0,0,633,3470,California
Yolo,2020-12-31,187,3657,94,2642,93,1015,0,0,187,3657,0,0,187,3657,California
Yolo,2021-01-01,57,3714,55,2697,2,1017,0,0,57,3714,0,0,57,3714,California
Yolo,2021-01-02,69,3783,26,2723,43,1060,0,0,69,3783,0,0,69,3783,California
Yolo,2021-01-03,45,3828,19,2742,26,1086,0,0,45,3828,0,0,45,3828,California
Yolo,2021-01-04,192,4020,41,2783,151,1237,0,0,192,4020,0,0,192,4020,California
Yolo,2021-01-05,618,4638,238,3021,380,1617,0,0,556,4514,62,62,556,4576,California
Yolo,2021-01-06,486,5124,183,3204,303,1920,0,0,346,4720,140,202,346,4922,California
Yolo,2021-01-07,718,5842,233,3437,485,2405,0,0,527,5057,190,392,527,5449,California
Yolo,2021-01-08,633,6475,311,3748,322,2727,0,0,409,5243,223,615,409,5858,California
Yolo,2021-01-09,422,6897,69,3817,353,3080,0,0,376,5573,46,661,376,6234,California
Yolo,2021-01-10,408,7305,79,3896,329,3409,0,0,338,5841,70,731,338,6572,California
Yolo,2021-01-11,563,7868,329,4225,234,3643,0,0,287,5854,276,1007,289,6861,California
Yolo,2021-01-12,486,8354,368,4593,118,3761,0,0,176,5721,310,1317,177,7038,California
Yolo,2021-01-13,767,9121,311,4904,456,4217,0,0,517,5988,250,1567,517,7555,California
Yolo,2021-01-14,380,9501,183,5087,197,4414,0,0,277,6162,103,1670,277,7832,California
Yolo,2021-01-15,634,10135,325,5412,309,4723,0,0,552,6633,82,1752,553,8385,California
Yolo,2021-01-16,747,10882,90,5502,657,5380,0,0,716,7318,31,1783,716,9101,California
Yolo,2021-01-17,188,11070,119,5621,69,5449,0,0,181,7492,7,1790,181,9282,California
Yolo,2021-01-18,485,11555,306,5927,179,5628,0,0,380,7767,105,1895,380,9662,California
Yolo,2021-01-19,553,12108,368,6295,185,5813,0,0,379,7972,174,2069,379,10041,California
Yolo,2021-01-20,660,12768,380,6675,280,6093,0,0,471,8255,188,2257,471,10512,California
Yolo,2021-01-21,649,13417,386,7061,263,6356,0,0,464,8534,185,2442,464,10976,California
Yolo,2021-01-22,754,14171,252,7313,502,6858,0,0,637,9056,115,2557,637,11613,California
Yolo,2021-01-23,615,14786,123,7436,492,7350,0,0,568,9577,47,2604,568,12181,California
Yolo,2021-01-24,208,14994,123,7559,85,7435,0,0,167,9703,41,2645,167,12348,California
Yolo,2021-01-25,731,15725,159,7718,572,8007,0,0,506,9984,225,2870,506,12854,California
Yolo,2021-01-26,827,16552,328,8046,499,8506,0,0,432,10021,395,3265,432,13286,California
Yolo,2021-01-27,547,17099,216,8262,331,8837,0,0,371,10216,176,3441,371,13657,California
Yolo,2021-01-28,1051,18150,564,8826,487,9324,0,0,924,11013,127,3568,924,14581,California
Yolo,2021-01-29,894,19044,260,9086,634,9958,0,0,807,11734,86,3654,807,15388,California
Yolo,2021-01-30,1524,20568,927,10013,597,10555,0,0,1404,13024,114,3768,1404,16792,California
Yolo,2021-01-31,239,20807,201,10214,38,10593,0,0,210,13206,28,3796,210,17002,California
Yolo,2021-02-01,852,21659,362,10576,490,11083,0,0,617,13592,231,4027,617,17619,California
Yolo,2021-02-02,1346,23005,757,11333,589,11672,0,0,934,14115,412,4439,935,18554,California
Yolo,2021-02-03,1523,24528,397,11730,1126,12798,0,0,1179,14954,341,4780,1180,19734,California
Yolo,2021-02-04,1791,26319,282,12012,1509,14307,0,0,1231,15637,549,5329,1232,20966,California
Yolo,2021-02-05,1602,27921,913,12925,689,14996,0,0,1198,16434,403,5732,1200,22166,California
Yolo,2021-02-06,1952,29873,1269,14194,683,15679,0,0,1579,17641,373,6105,1580,23746,California
Yolo,2021-02-07,530,30403,246,14440,284,15963,0,0,167,17446,362,6467,167,23913,California
Yolo,2021-02-08,943,31346,328,14768,615,16578,0,0,604,17714,336,6803,604,24517,California
Yolo,2021-02-09,855,32201,384,15152,471,17049,0,0,571,18001,284,7087,571,25088,California
Yolo,2021-02-10,1462,33663,475,15627,987,18036,0,0,829,18199,633,7720,831,25919,California
Yolo,2021-02-11,1575,35238,812,16439,763,18799,0,0,1180,18984,395,8115,1180,27099,California
Yolo,2021-02-12,1919,37157,760,17199,1159,19958,0,0,1438,19946,477,8592,1439,28538,California
Yolo,2021-02-13,2059,39216,711,17910,1348,21306,0,0,1380,20647,679,9271,1380,29918,California
Yolo,2021-02-14,560,39776,152,18062,408,21714,0,0,436,20960,123,9394,436,30354,California
Yolo,2021-02-15,549,40325,209,18271,340,22054,0,0,278,20968,271,9665,279,30633,California
Yolo,2021-02-16,1128,41453,423,18694,705,22759,0,0,805,21451,323,9988,806,31439,California
Yolo,2021-02-17,1388,42841,704,19398,684,23443,0,0,994,22051,394,10382,994,32433,California
Yolo,2021-02-18,2481,45322,805,20203,1676,25119,0,0,1713,22998,767,11149,1714,34147,California
Yolo,2021-02-19,1749,47071,745,20948,1004,26123,0,0,1127,23505,620,11769,1127,35274,California
Yolo,2021-02-20,2462,49533,957,21905,1505,27628,0,0,1376,23802,1080,12849,1377,36651,California
Yolo,2021-02-21,286,49819,225,22130,61,27689,0,0,74,23665,211,13060,74,36725,California
Yolo,2021-02-22,1368,51187,597,22727,771,28460,0,0,697,23692,670,13730,697,37422,California
Yolo,2021-02-23,1131,52318,850,23577,281,28741,0,0,433,23428,697,14427,433,37855,California
Yolo,2021-02-24,2083,54401,593,24170,1490,30231,0,0,1383,24113,698,15125,1383,39238,California
Yolo,2021-02-25,1388,55789,485,24655,903,31134,0,0,917,24560,470,15595,917,40155,California
Yolo,2021-02-26,2623,58412,1034,25689,1589,32723,0,0,1380,24700,1240,16835,1380,41535,California
Yolo,2021-02-27,1687,60099,788,26477,899,33622,0,0,1236,25485,451,17286,1236,42771,California
Yolo,2021-02-28,1843,61942,1543,28020,300,33922,0,0,720,25085,1121,18407,721,43492,California
Yolo,2021-03-01,1136,63078,371,28391,765,34687,0,0,685,25321,449,18856,685,44177,California
Yolo,2021-03-02,1481,64559,699,29090,782,35469,0,0,949,25738,532,19388,949,45126,California
Yolo,2021-03-03,1870,66429,649,29739,1221,36690,0,0,846,25562,1022,20410,846,45972,California
Yolo,2021-03-04,2918,69347,1475,31214,1443,38133,0,0,1567,25781,1348,21758,1567,47539,California
Yolo,2021-03-05,2354,71701,1407,32621,936,39069,11,11,1464,26368,888,22646,1475,49014,California
Yolo,2021-03-06,1502,73203,1153,33774,321,39390,28,39,862,26620,638,23284,890,49904,California
Yolo,2021-03-07,912,74115,681,34455,217,39607,14,53,779,27280,133,23417,793,50697,California
Yolo,2021-03-08,1112,75227,500,34955,569,40176,43,96,764,27743,345,23762,808,51505,California
Yolo,2021-03-09,1269,76496,678,35633,528,40704,63,159,780,28099,487,24249,843,52348,California
Yolo,2021-03-10,1836,78332,1071,36704,473,41177,292,451,761,28075,1070,25319,1046,53394,California
Yolo,2021-03-11,2334,80666,1603,38307,665,41842,66,517,1601,29011,732,26051,1668,55062,California
Yolo,2021-03-12,2910,83576,1355,39662,1474,43316,81,598,1375,28941,1527,27578,1457,56519,California
Yolo,2021-03-13,1843,85419,727,40389,940,44256,176,774,998,29273,842,28420,1174,57693,California
Yolo,2021-03-14,1012,86431,205,40594,658,44914,149,923,538,29481,473,28893,681,58374,California
Yolo,2021-03-15,1321,87752,770,41364,367,45281,184,1107,711,29765,608,29501,892,59266,California
Yolo,2021-03-16,1889,89641,724,42088,1092,46373,73,1180,1124,30196,765,30266,1196,60462,California
Yolo,2021-03-17,2511,92152,989,43077,1448,47821,74,1254,1718,31230,790,31056,1824,62286,California
Yolo,2021-03-18,3026,95178,1034,44111,1770,49591,222,1476,1255,30940,1767,32823,1477,63763,California
Yolo,2021-03-19,2089,97267,867,44978,1153,50744,69,1545,1081,31089,1001,33824,1150,64913,California
Yolo,2021-03-20,2772,100039,822,45800,1906,52650,44,1589,1085,30538,1682,35506,1131,66044,California
Yolo,2021-03-21,313,100352,212,46012,93,52743,8,1597,205,30644,107,35613,213,66257,California
Yolo,2021-03-22,1404,101756,485,46497,859,53602,60,1657,916,31134,485,36098,975,67232,California
Yolo,2021-03-23,1740,103496,941,47438,742,54344,57,1714,1069,31589,670,36768,1125,68357,California
Yolo,2021-03-24,2869,106365,1404,48842,1415,55759,50,1764,1392,31567,1465,38233,1443,69800,California
Yolo,2021-03-25,2552,108917,1421,50263,1103,56862,28,1792,1258,31570,1283,39516,1286,71086,California
Yolo,2021-03-26,2387,111304,1254,51517,1113,57975,20,1812,1017,31243,1363,40879,1036,72122,California
Yolo,2021-03-27,1659,112963,465,51982,1176,59151,18,1830,748,31099,910,41789,766,72888,California
Yolo,2021-03-28,1109,114072,866,52848,224,59375,19,1849,251,30514,854,42643,269,73157,California
Yolo,2021-03-29,2014,116086,814,53662,1170,60545,30,1879,961,30456,1049,43692,991,74148,California
Yolo,2021-03-30,2271,118357,1083,54745,1170,61715,18,1897,1162,30532,1104,44796,1180,75328,California
Yolo,2021-03-31,2356,120713,1233,55978,1086,62801,37,1934,1171,30556,1184,45980,1208,76536,California
Yolo,2021-04-01,3848,124561,1859,57837,1514,64315,475,2409,1607,30399,2238,48218,2081,78617,California
Yolo,2021-04-02,3386,127947,1516,59353,1723,66038,147,2556,2105,31376,1275,49493,2252,80869,California
Yolo,2021-04-03,1827,129774,1102,60455,506,66544,219,2775,816,31401,1010,50503,1035,81904,California
Yolo,2021-04-04,394,130168,155,60610,177,66721,62,2837,146,31361,248,50751,208,82112,California
Yolo,2021-04-05,1929,132097,744,61354,1085,67806,100,2937,1022,31582,902,51653,1123,83235,California
Yolo,2021-04-06,2583,134680,1325,62679,1086,68892,172,3109,1298,31778,1275,52928,1471,84706,California
Yolo,2021-04-07,2985,137665,1528,64207,1102,69994,355,3464,1922,33002,1057,53985,2281,86987,California
Yolo,2021-04-08,2421,140086,1003,65210,943,70937,475,3939,1025,33106,1393,55378,1497,88484,California
Yolo,2021-04-09,2577,142663,921,66131,1093,72030,563,4502,854,32796,1719,57097,1409,89893,California
Yolo,2021-04-10,1757,144420,823,66954,750,72780,184,4686,1038,33301,716,57813,1221,91114,California
Yolo,2021-04-11,935,145355,287,67241,576,73356,72,4758,373,33186,559,58372,444,91558,California
Yolo,2021-04-12,1776,147131,524,67765,1109,74465,143,4901,1105,33767,668,59040,1249,92807,California
Yolo,2021-04-13,1989,149120,918,68683,1071,75536,0,4901,1045,33869,943,59983,1045,93852,California
Yolo,2021-04-14,2806,151926,768,69451,2038,77574,0,4901,1390,33848,1411,61394,1390,95242,California
Yolo,2021-04-15,3351,155277,1136,70587,2215,79789,0,4901,2304,35111,1041,62435,2304,97546,California
Yolo,2021-04-16,3065,158342,1982,72569,1083,80872,0,4901,1967,35987,1091,63526,1967,99513,California
Yolo,2021-04-17,1606,159948,472,73041,1134,82006,0,4901,838,36060,765,64291,838,100351,California
Yolo,2021-04-18,631,160579,305,73346,326,82332,0,4901,351,36135,276,64567,351,100702,California
Yolo,2021-04-19,1673,162252,716,74062,956,83288,1,4902,770,36008,898,65465,771,101473,California
Yolo,2021-04-20,2010,164262,1017,75079,993,84281,0,4902,1085,36170,923,66388,1085,102558,California
Yolo,2021-04-21,1982,166244,987,76066,995,85276,0,4902,1080,36353,898,67286,1081,103639,California
Yolo,2021-04-22,1933,168177,873,76939,1060,86336,0,4902,960,36346,968,68254,961,104600,California
Yolo,2021-04-23,2612,170789,1532,78471,1080,87416,0,4902,1155,36055,1446,69700,1155,105755,California
Yolo,2021-04-24,1161,171950,642,79113,516,87932,3,4905,455,35815,698,70398,458,106213,California
Yolo,2021-04-25,948,172898,406,79519,542,88474,0,4905,726,36320,221,70619,726,106939,California
Yolo,2021-04-26,1238,174136,493,80012,742,89216,3,4908,528,36144,708,71327,532,107471,California
Yolo,2021-04-27,1543,175679,724,80736,800,90016,19,4927,603,35828,940,72267,624,108095,California
Yolo,2021-04-28,2036,177715,1007,81743,1002,91018,27,4954,733,35289,1299,73566,760,108855,California
Yolo,2021-04-29,1748,179463,812,82555,853,91871,83,5037,692,35010,1052,74618,773,109628,California
Yolo,2021-04-30,2009,181472,996,83551,956,92827,57,5094,964,34991,1039,75657,1020,110648,California
Yolo,2021-05-01,1282,182754,994,84545,268,93095,20,5114,372,34474,909,76566,392,111040,California
Yolo,2021-05-02,521,183275,429,84974,69,93164,23,5137,323,34622,198,76764,346,111386,California
Yolo,2021-05-03,1117,184392,404,85378,680,93844,33,5170,296,34131,819,77583,328,111714,California
Yolo,2021-05-04,1441,185833,666,86044,751,94595,24,5194,497,33712,940,78523,521,112235,California
Yolo,2021-05-05,1552,187385,427,86471,1060,95655,65,5259,450,33132,1095,79618,515,112750,California
Yolo,2021-05-06,1490,188875,689,87160,721,96376,80,5339,483,32700,995,80613,563,113313,California
Yolo,2021-05-07,2305,191180,1389,88549,865,97241,51,5390,459,31370,1838,82451,508,113821,California
Yolo,2021-05-08,845,192025,362,88911,426,97667,57,5447,315,31213,527,82978,370,114191,California
Yolo,2021-05-09,392,192417,161,89072,218,97885,13,5460,87,31009,304,83282,100,114291,California
Yolo,2021-05-10,904,193321,354,89426,505,98390,45,5505,152,30455,750,84032,196,114487,California
Yolo,2021-05-11,1144,194465,663,90089,459,98849,22,5527,277,29891,863,84895,299,114786,California
Yolo,2021-05-12,1573,196038,702,90791,838,99687,33,5560,315,28987,1255,86150,351,115137,California
Yolo,2021-05-13,2175,198213,849,91640,1270,100957,56,5616,644,28160,1527,87677,700,115837,California
Yolo,2021-05-14,2033,200246,1517,93157,485,101442,31,5647,1158,28478,872,88549,1190,117027,California
Yolo,2021-05-15,1245,201491,707,93864,491,101933,47,5694,646,28572,599,89148,693,117720,California
Yolo,2021-05-16,1409,202900,1200,95064,202,102135,7,5701,991,29157,413,89561,998,118718,California
Yolo,2021-05-17,1083,203983,396,95460,668,102803,19,5720,315,28727,764,90325,334,119052,California
Yolo,2021-05-18,1692,205675,1110,96570,562,103365,20,5740,915,28890,772,91097,935,119987,California
Yolo,2021-05-19,1002,206677,579,97149,384,103749,39,5779,487,28903,513,91610,526,120513,California
Yolo,2021-05-20,1090,207767,691,97840,373,104122,26,5805,388,28621,696,92306,414,120927,California
Yolo,2021-05-21,1439,209206,934,98774,478,104600,27,5832,374,27961,1059,93365,399,121326,California
Yolo,2021-05-22,816,210022,537,99311,271,104871,8,5840,279,27717,532,93897,288,121614,California
Yolo,2021-05-23,616,210638,163,99474,436,105307,17,5857,107,27334,508,94405,125,121739,California
Yolo,2021-05-24,698,211336,341,99815,337,105644,20,5877,217,27093,479,94884,238,121977,California
Yolo,2021-05-25,875,212211,506,100321,347,105991,22,5899,343,26931,527,95411,365,122342,California
Yolo,2021-05-26,807,213018,267,100588,508,106499,32,5931,256,26672,547,95958,288,122630,California
Yolo,2021-05-27,753,213771,378,100966,327,106826,48,5979,304,26579,445,96403,352,122982,California
Yolo,2021-05-28,871,214642,395,101361,446,107272,30,6009,379,26499,488,96891,408,123390,California
Yolo,2021-05-29,592,215234,342,101703,213,107485,37,6046,273,26490,317,97208,308,123698,California
Yolo,2021-05-30,135,215369,70,101773,58,107543,7,6053,55,26474,78,97286,62,123760,California
Yolo,2021-05-31,71,215440,19,101792,48,107591,4,6057,17,26440,54,97340,20,123780,California
Yolo,2021-06-01,748,216188,323,102115,399,107990,26,6083,256,26236,486,97826,282,124062,California
Yolo,2021-06-02,755,216943,301,102416,433,108423,21,6104,235,25975,517,98343,256,124318,California
Yolo,2021-06-03,912,217855,587,103003,302,108725,23,6127,217,25523,692,99035,240,124558,California
Yolo,2021-06-04,1491,219346,1216,104219,252,108977,23,6150,380,24818,1107,100142,402,124960,California
Yolo,2021-06-05,725,220071,553,104772,155,109132,17,6167,168,24446,557,100699,185,125145,California
Yolo,2021-06-06,1112,221183,1048,105820,56,109188,8,6175,173,23689,938,101637,181,125326,California
Yolo,2021-06-07,520,221703,271,106091,228,109416,21,6196,175,23543,341,101978,195,125521,California
Yolo,2021-06-08,1037,222740,806,106897,212,109628,19,6215,199,22924,837,102815,218,125739,California
Yolo,2021-06-09,781,223521,485,107382,266,109894,30,6245,260,22695,518,103333,289,126028,California
Yolo,2021-06-10,570,224091,364,107746,174,110068,32,6277,169,22497,399,103732,201,126229,California
Yolo,2021-06-11,654,224745,443,108189,187,110255,24,6301,197,22263,455,104187,221,126450,California
Yolo,2021-06-12,479,225224,276,108465,178,110433,25,6326,147,22105,330,104517,172,126622,California
Yolo,2021-06-13,154,225378,115,108580,38,110471,1,6327,63,22079,90,104607,64,126686,California
Yolo,2021-06-14,407,225785,252,108832,123,110594,32,6359,137,21980,269,104876,170,126856,California
Yolo,2021-06-15,774,226559,403,109235,344,110938,27,6386,297,21830,474,105350,324,127180,California
Yolo,2021-06-16,468,227027,239,109474,187,111125,42,6428,164,21732,302,105652,204,127384,California
Yolo,2021-06-17,485,227512,305,109779,124,111249,56,6484,165,21635,318,105970,221,127605,California
Yolo,2021-06-18,522,228034,368,110147,133,111382,21,6505,199,21534,320,106290,219,127824,California
Yolo,2021-06-19,319,228353,206,110353,97,111479,16,6521,116,21463,203,106493,132,127956,California
Yolo,2021-06-20,114,228467,74,110427,36,111515,4,6525,62,21478,51,106544,66,128022,California
Yolo,2021-06-21,101,228568,31,110458,62,111577,8,6533,42,21470,58,106602,50,128072,California
Yuba,2020-12-16,4,4,4,4,0,0,0,0,4,4,0,0,4,4,California
Yuba,2020-12-17,4,8,4,8,0,0,0,0,4,8,0,0,4,8,California
Yuba,2020-12-18,7,15,7,15,0,0,0,0,7,15,0,0,7,15,California
Yuba,2020-12-19,12,27,12,27,0,0,0,0,12,27,0,0,12,27,California
Yuba,2020-12-20,19,46,19,46,0,0,0,0,19,46,0,0,19,46,California
Yuba,2020-12-21,42,88,42,88,0,0,0,0,42,88,0,0,42,88,California
Yuba,2020-12-22,83,171,83,171,0,0,0,0,83,171,0,0,83,171,California
Yuba,2020-12-23,65,236,63,234,2,2,0,0,65,236,0,0,65,236,California
Yuba,2020-12-24,21,257,11,245,10,12,0,0,21,257,0,0,21,257,California
Yuba,2020-12-25,1,258,1,246,0,12,0,0,1,258,0,0,1,258,California
Yuba,2020-12-26,14,272,13,259,1,13,0,0,14,272,0,0,14,272,California
Yuba,2020-12-27,15,287,15,274,0,13,0,0,15,287,0,0,15,287,California
Yuba,2020-12-28,50,337,34,308,16,29,0,0,50,337,0,0,50,337,California
Yuba,2020-12-29,75,412,10,318,65,94,0,0,75,412,0,0,75,412,California
Yuba,2020-12-30,66,478,21,339,45,139,0,0,66,478,0,0,66,478,California
Yuba,2020-12-31,39,517,6,345,33,172,0,0,39,517,0,0,39,517,California
Yuba,2021-01-02,23,540,22,367,1,173,0,0,23,540,0,0,23,540,California
Yuba,2021-01-03,10,550,6,373,4,177,0,0,10,550,0,0,10,550,California
Yuba,2021-01-04,92,642,23,396,69,246,0,0,92,642,0,0,92,642,California
Yuba,2021-01-05,73,715,39,435,34,280,0,0,72,713,1,1,72,714,California
Yuba,2021-01-06,154,869,76,511,78,358,0,0,148,855,6,7,148,862,California
Yuba,2021-01-07,78,947,20,531,58,416,0,0,74,925,4,11,74,936,California
Yuba,2021-01-08,76,1023,24,555,52,468,0,0,70,989,6,17,70,1006,California
Yuba,2021-01-09,18,1041,16,571,2,470,0,0,10,991,8,25,10,1016,California
Yuba,2021-01-10,115,1156,22,593,93,563,0,0,93,1062,22,47,93,1109,California
Yuba,2021-01-11,73,1229,50,643,23,586,0,0,33,1055,40,87,33,1142,California
Yuba,2021-01-12,106,1335,76,719,30,616,0,0,44,1037,62,149,44,1186,California
Yuba,2021-01-13,121,1456,73,792,48,664,0,0,54,1025,66,215,54,1240,California
Yuba,2021-01-14,113,1569,43,835,70,734,0,0,101,1114,12,227,101,1341,California
Yuba,2021-01-15,202,1771,87,922,115,849,0,0,191,1294,11,238,191,1532,California
Yuba,2021-01-16,184,1955,20,942,164,1013,0,0,171,1452,13,251,171,1703,California
Yuba,2021-01-17,13,1968,9,951,4,1017,0,0,7,1453,6,257,7,1710,California
Yuba,2021-01-18,61,2029,31,982,30,1047,0,0,37,1466,24,281,37,1747,California
Yuba,2021-01-19,82,2111,32,1014,50,1097,0,0,66,1516,16,297,66,1813,California
Yuba,2021-01-20,136,2247,87,1101,49,1146,0,0,113,1606,23,320,113,1926,California
Yuba,2021-01-21,223,2470,100,1201,123,1269,0,0,214,1811,9,329,214,2140,California
Yuba,2021-01-22,104,2574,6,1207,98,1367,0,0,95,1897,9,338,95,2235,California
Yuba,2021-01-23,204,2778,7,1214,197,1564,0,0,202,2097,2,340,202,2437,California
Yuba,2021-01-24,10,2788,7,1221,3,1567,0,0,8,2103,2,342,8,2445,California
Yuba,2021-01-25,87,2875,31,1252,56,1623,0,0,54,2125,32,374,54,2499,California
Yuba,2021-01-26,149,3024,41,1293,108,1731,0,0,91,2158,58,432,91,2590,California
Yuba,2021-01-27,187,3211,131,1424,56,1787,0,0,117,2205,70,502,117,2707,California
Yuba,2021-01-28,227,3438,92,1516,135,1922,0,0,174,2326,53,555,174,2881,California
Yuba,2021-01-29,154,3592,47,1563,107,2029,0,0,113,2398,41,596,113,2994,California
Yuba,2021-01-30,412,4004,24,1587,388,2417,0,0,401,2788,11,607,401,3395,California
Yuba,2021-01-31,18,4022,12,1599,6,2423,0,0,16,2802,2,609,16,3411,California
Yuba,2021-02-01,155,4177,76,1675,79,2502,0,0,131,2911,23,632,132,3543,California
Yuba,2021-02-02,121,4298,21,1696,100,2602,0,0,98,2986,23,655,98,3641,California
Yuba,2021-02-03,228,4526,29,1725,199,2801,0,0,118,2995,109,764,118,3759,California
Yuba,2021-02-04,295,4821,118,1843,177,2978,0,0,249,3198,46,810,249,4008,California
Yuba,2021-02-05,151,4972,33,1876,118,3096,0,0,72,3191,79,889,72,4080,California
Yuba,2021-02-06,447,5419,23,1899,424,3520,0,0,440,3624,7,896,440,4520,California
Yuba,2021-02-07,21,5440,15,1914,6,3526,0,0,17,3637,4,900,17,4537,California
Yuba,2021-02-08,101,5541,37,1951,64,3590,0,0,69,3675,32,932,70,4607,California
Yuba,2021-02-09,161,5702,61,2012,100,3690,0,0,90,3694,71,1003,90,4697,California
Yuba,2021-02-10,358,6060,173,2185,185,3875,0,0,123,3583,234,1237,123,4820,California
Yuba,2021-02-11,401,6461,66,2251,335,4210,0,0,301,3786,98,1335,301,5121,California
Yuba,2021-02-12,265,6726,26,2277,239,4449,0,0,151,3823,114,1449,151,5272,California
Yuba,2021-02-13,437,7163,36,2313,401,4850,0,0,386,4158,51,1500,386,5658,California
Yuba,2021-02-14,52,7215,10,2323,42,4892,0,0,47,4200,5,1505,47,5705,California
Yuba,2021-02-15,91,7306,38,2361,53,4945,0,0,71,4251,20,1525,71,5776,California
Yuba,2021-02-16,202,7508,52,2413,150,5095,0,0,143,4336,58,1583,143,5919,California
Yuba,2021-02-17,383,7891,157,2570,226,5321,0,0,101,4156,281,1864,101,6020,California
Yuba,2021-02-18,320,8211,50,2620,270,5591,0,0,193,4222,127,1991,193,6213,California
Yuba,2021-02-19,221,8432,78,2698,143,5734,0,0,137,4275,84,2075,137,6350,California
Yuba,2021-02-20,394,8826,31,2729,363,6097,0,0,338,4557,56,2131,338,6688,California
Yuba,2021-02-21,17,8843,14,2743,3,6100,0,0,7,4554,10,2141,7,6695,California
Yuba,2021-02-22,129,8972,79,2822,50,6150,0,0,40,4506,88,2229,40,6735,California
Yuba,2021-02-23,119,9091,28,2850,91,6241,0,0,51,4491,67,2296,52,6787,California
Yuba,2021-02-24,484,9575,139,2989,345,6586,0,0,104,4215,380,2676,104,6891,California
Yuba,2021-02-25,342,9917,134,3123,208,6794,0,0,217,4307,125,2801,217,7108,California
Yuba,2021-02-26,263,10180,70,3193,193,6987,0,0,147,4340,114,2915,147,7255,California
Yuba,2021-02-27,464,10644,46,3239,418,7405,0,0,384,4644,80,2995,384,7639,California
Yuba,2021-02-28,74,10718,23,3262,51,7456,0,0,53,4676,21,3016,53,7692,California
Yuba,2021-03-01,162,10880,46,3308,116,7572,0,0,83,4681,78,3094,83,7775,California
Yuba,2021-03-02,167,11047,41,3349,126,7698,0,0,84,4682,83,3177,84,7859,California
Yuba,2021-03-03,632,11679,158,3507,474,8172,0,0,201,4453,430,3607,201,8060,California
Yuba,2021-03-04,477,12156,275,3782,202,8374,0,0,332,4641,144,3751,332,8392,California
Yuba,2021-03-05,324,12480,59,3841,264,8638,1,1,257,4832,67,3818,258,8650,California
Yuba,2021-03-06,476,12956,32,3873,440,9078,4,5,370,5101,105,3923,374,9024,California
Yuba,2021-03-07,54,13010,30,3903,23,9101,1,6,40,5128,14,3937,41,9065,California
Yuba,2021-03-08,163,13173,52,3955,95,9196,16,22,100,5181,63,4000,116,9181,California
Yuba,2021-03-09,180,13353,46,4001,114,9310,20,42,85,5191,95,4095,105,9286,California
Yuba,2021-03-10,742,14095,237,4238,475,9785,30,72,239,4957,503,4598,269,9555,California
Yuba,2021-03-11,444,14539,197,4435,234,10019,13,85,298,5122,146,4744,311,9866,California
Yuba,2021-03-12,467,15006,84,4519,328,10347,55,140,156,5022,311,5055,211,10077,California
Yuba,2021-03-13,464,15470,342,4861,107,10454,15,155,364,5302,99,5154,379,10456,California
Yuba,2021-03-14,108,15578,20,4881,79,10533,9,164,48,5300,59,5213,57,10513,California
Yuba,2021-03-15,199,15777,55,4936,129,10662,15,179,106,5328,93,5306,121,10634,California
Yuba,2021-03-16,312,16089,78,5014,209,10871,25,204,195,5432,116,5422,220,10854,California
Yuba,2021-03-17,748,16837,166,5180,552,11423,30,234,197,5110,549,5971,227,11081,California
Yuba,2021-03-18,588,17425,157,5337,316,11739,115,349,361,5358,227,6198,475,11556,California
Yuba,2021-03-19,330,17755,118,5455,160,11899,52,401,187,5454,142,6340,238,11794,California
Yuba,2021-03-20,562,18317,82,5537,461,12360,19,420,479,5870,82,6422,498,12292,California
Yuba,2021-03-21,66,18383,40,5577,26,12386,0,420,51,5906,15,6437,51,12343,California
Yuba,2021-03-22,199,18582,73,5650,118,12504,8,428,154,6023,45,6482,162,12505,California
Yuba,2021-03-23,275,18857,81,5731,166,12670,28,456,186,6150,87,6569,214,12719,California
Yuba,2021-03-24,768,19625,256,5987,431,13101,81,537,190,5845,576,7145,271,12990,California
Yuba,2021-03-25,520,20145,273,6260,224,13325,23,560,259,5866,261,7406,282,13272,California
Yuba,2021-03-26,401,20546,141,6401,229,13554,31,591,229,5955,171,7577,260,13532,California
Yuba,2021-03-27,461,21007,29,6430,429,13983,3,594,408,6313,52,7629,410,13942,California
Yuba,2021-03-28,106,21113,44,6474,58,14041,4,598,35,6281,71,7700,39,13981,California
Yuba,2021-03-29,305,21418,90,6564,183,14224,32,630,185,6378,120,7820,217,14198,California
Yuba,2021-03-30,281,21699,72,6636,201,14425,8,638,192,6489,89,7909,200,14398,California
Yuba,2021-03-31,688,22387,116,6752,560,14985,12,650,243,6301,443,8352,255,14653,California
Yuba,2021-04-01,634,23021,296,7048,310,15295,28,678,292,6279,342,8694,320,14973,California
Yuba,2021-04-02,518,23539,101,7149,332,15627,85,763,196,6238,321,9015,280,15253,California
Yuba,2021-04-03,666,24205,57,7206,118,15745,491,1254,88,6240,577,9592,579,15832,California
Yuba,2021-04-04,60,24265,11,7217,42,15787,7,1261,31,6249,29,9621,38,15870,California
Yuba,2021-04-05,256,24521,88,7305,146,15933,22,1283,127,6271,127,9748,149,16019,California
Yuba,2021-04-06,356,24877,116,7421,179,16112,61,1344,169,6314,186,9934,229,16248,California
Yuba,2021-04-07,795,25672,413,7834,327,16439,55,1399,360,6296,432,10366,414,16662,California
Yuba,2021-04-08,766,26438,298,8132,199,16638,269,1668,285,6369,480,10846,553,17215,California
Yuba,2021-04-09,413,26851,173,8305,172,16810,68,1736,176,6377,236,11082,244,17459,California
Yuba,2021-04-10,602,27453,72,8377,79,16889,451,2187,70,6367,530,11612,520,17979,California
Yuba,2021-04-11,108,27561,28,8405,68,16957,12,2199,46,6364,61,11673,58,18037,California
Yuba,2021-04-12,216,27777,47,8452,136,17093,33,2232,79,6340,136,11809,112,18149,California
Yuba,2021-04-13,409,28186,107,8559,302,17395,0,2232,203,6338,205,12014,203,18352,California
Yuba,2021-04-14,717,28903,109,8668,608,18003,0,2232,125,5873,590,12604,125,18477,California
Yuba,2021-04-15,351,29254,133,8801,218,18221,0,2232,153,5828,198,12802,153,18630,California
Yuba,2021-04-16,348,29602,101,8902,247,18468,0,2232,185,5852,161,12963,185,18815,California
Yuba,2021-04-17,416,30018,61,8963,355,18823,0,2232,343,6123,72,13035,343,19158,California
Yuba,2021-04-18,58,30076,10,8973,48,18871,0,2232,27,6120,30,13065,27,19185,California
Yuba,2021-04-19,252,30328,106,9079,146,19017,0,2232,103,6074,149,13214,103,19288,California
Yuba,2021-04-20,327,30655,82,9161,245,19262,0,2232,182,6113,144,13358,183,19471,California
Yuba,2021-04-21,700,31355,282,9443,418,19680,0,2232,295,6003,405,13763,295,19766,California
Yuba,2021-04-22,363,31718,138,9581,225,19905,0,2232,201,6042,162,13925,201,19967,California
Yuba,2021-04-23,360,32078,117,9698,243,20148,0,2232,167,6018,191,14116,167,20134,California
Yuba,2021-04-24,221,32299,69,9767,152,20300,0,2232,124,6045,97,14213,124,20258,California
Yuba,2021-04-25,73,32372,30,9797,43,20343,0,2232,36,6044,37,14250,36,20294,California
Yuba,2021-04-26,241,32613,58,9855,179,20522,4,2236,109,6025,132,14382,113,20407,California
Yuba,2021-04-27,485,33098,167,10022,308,20830,10,2246,243,6038,240,14622,253,20660,California
Yuba,2021-04-28,441,33539,178,10200,258,21088,5,2251,153,5914,282,14904,158,20818,California
Yuba,2021-04-29,441,33980,73,10273,367,21455,1,2252,151,5777,289,15193,152,20970,California
Yuba,2021-04-30,332,34312,92,10365,210,21665,30,2282,137,5751,193,15386,167,21137,California
Yuba,2021-05-01,211,34523,95,10460,97,21762,19,2301,97,5754,113,15499,116,21253,California
Yuba,2021-05-02,73,34596,42,10502,27,21789,4,2305,38,5761,35,15534,42,21295,California
Yuba,2021-05-03,165,34761,66,10568,91,21880,8,2313,53,5712,110,15644,61,21356,California
Yuba,2021-05-04,329,35090,95,10663,212,22092,22,2335,149,5703,180,15824,171,21527,California
Yuba,2021-05-05,317,35407,78,10741,232,22324,7,2342,115,5623,202,16026,122,21649,California
Yuba,2021-05-06,277,35684,100,10841,138,22462,39,2381,91,5570,183,16209,130,21779,California
Yuba,2021-05-07,360,36044,95,10936,237,22699,28,2409,116,5469,244,16453,143,21922,California
Yuba,2021-05-08,108,36152,31,10967,71,22770,6,2415,47,5461,61,16514,53,21975,California
Yuba,2021-05-09,54,36206,24,10991,27,22797,3,2418,39,5488,15,16529,42,22017,California
Yuba,2021-05-10,172,36378,55,11046,99,22896,18,2436,54,5443,117,16646,72,22089,California
Yuba,2021-05-11,387,36765,176,11222,198,23094,13,2449,147,5364,238,16884,159,22248,California
Yuba,2021-05-12,273,37038,142,11364,123,23217,8,2457,115,5329,158,17042,123,22371,California
Yuba,2021-05-13,366,37404,195,11559,128,23345,43,2500,120,5249,243,17285,163,22534,California
Yuba,2021-05-14,368,37772,137,11696,210,23555,21,2521,159,5219,209,17494,179,22713,California
Yuba,2021-05-15,441,38213,110,11806,309,23864,22,2543,109,5019,330,17824,130,22843,California
Yuba,2021-05-16,142,38355,44,11850,89,23953,9,2552,87,5061,54,17878,96,22939,California
Yuba,2021-05-17,218,38573,91,11941,107,24060,20,2572,94,5053,122,18000,114,23053,California
Yuba,2021-05-18,394,38967,163,12104,222,24282,9,2581,169,5006,225,18225,178,23231,California
Yuba,2021-05-19,258,39225,142,12246,110,24392,6,2587,132,5018,126,18351,138,23369,California
Yuba,2021-05-20,426,39651,298,12544,116,24508,12,2599,267,5138,159,18510,279,23648,California
Yuba,2021-05-21,514,40165,270,12814,237,24745,7,2606,315,5263,197,18707,322,23970,California
Yuba,2021-05-22,231,40396,125,12939,95,24840,11,2617,92,5227,139,18846,103,24073,California
Yuba,2021-05-23,64,40460,31,12970,31,24871,2,2619,33,5231,31,18877,35,24108,California
Yuba,2021-05-24,154,40614,47,13017,90,24961,17,2636,44,5183,109,18986,61,24169,California
Yuba,2021-05-25,318,40932,110,13127,191,25152,17,2653,115,5113,201,19187,131,24300,California
Yuba,2021-05-26,239,41171,103,13230,120,25272,16,2669,93,5077,145,19332,109,24409,California
Yuba,2021-05-27,248,41419,75,13305,161,25433,12,2681,110,5064,135,19467,122,24531,California
Yuba,2021-05-28,246,41665,111,13416,129,25562,6,2687,121,5068,123,19590,127,24658,California
Yuba,2021-05-29,165,41830,67,13483,76,25638,22,2709,94,5114,70,19660,116,24774,California
Yuba,2021-05-30,51,41881,21,13504,25,25663,5,2714,21,5110,30,19690,26,24800,California
Yuba,2021-05-31,31,41912,3,13507,21,25684,7,2721,11,5108,20,19710,18,24818,California
Yuba,2021-06-01,249,42161,106,13613,136,25820,7,2728,87,5043,158,19868,93,24911,California
Yuba,2021-06-02,203,42364,81,13694,115,25935,7,2735,64,4977,138,20006,72,24983,California
Yuba,2021-06-03,176,42540,102,13796,69,26004,5,2740,63,4933,112,20118,68,25051,California
Yuba,2021-06-04,245,42785,121,13917,115,26119,9,2749,81,4859,164,20282,90,25141,California
Yuba,2021-06-05,199,42984,150,14067,43,26162,6,2755,92,4851,106,20388,98,25239,California
Yuba,2021-06-06,106,43090,90,14157,13,26175,3,2758,23,4795,82,20470,26,25265,California
Yuba,2021-06-07,117,43207,49,14206,52,26227,16,2774,38,4770,79,20549,54,25319,California
Yuba,2021-06-08,242,43449,110,14316,123,26350,9,2783,71,4681,169,20718,80,25399,California
Yuba,2021-06-09,172,43621,103,14419,62,26412,7,2790,74,4665,97,20815,81,25480,California
Yuba,2021-06-10,377,43998,303,14722,69,26481,5,2795,96,4487,279,21094,101,25581,California
Yuba,2021-06-11,330,44328,236,14958,82,26563,12,2807,65,4300,265,21359,78,25659,California
Yuba,2021-06-12,131,44459,90,15048,35,26598,6,2813,36,4247,95,21454,42,25701,California
Yuba,2021-06-13,46,44505,22,15070,22,26620,2,2815,16,4235,30,21484,18,25719,California
Yuba,2021-06-14,113,44618,53,15123,49,26669,11,2826,36,4206,76,21560,47,25766,California
Yuba,2021-06-15,240,44858,98,15221,134,26803,8,2834,91,4159,146,21706,99,25865,California
Yuba,2021-06-16,158,45016,96,15317,51,26854,11,2845,75,4165,80,21786,86,25951,California
Yuba,2021-06-17,196,45212,115,15432,70,26924,11,2856,84,4148,112,21898,95,26046,California
Yuba,2021-06-18,221,45433,110,15542,90,27014,21,2877,69,4088,150,22048,90,26136,California
Yuba,2021-06-19,139,45572,70,15612,62,27076,7,2884,36,4028,103,22151,43,26179,California
Yuba,2021-06-20,31,45603,17,15629,11,27087,3,2887,11,4022,20,22171,14,26193,California
Yuba,2021-06-21,45,45648,13,15642,26,27113,6,2893,17,4019,25,22196,22,26215,California
