county,administered_date,total_doses,cumulative_total_doses,pfizer_doses,cumulative_pfizer_doses,moderna_doses,cumulative_moderna_doses,jj_doses,cumulative_jj_doses,partially_vaccinated,total_partially_vaccinated,fully_vaccinated,cumulative_fully_vaccinated,at_least_one_dose,cumulative_at_least_one_dose,california_flag
All CA Counties,2020-12-15,1135,1135,1135,1135,0,0,0,0,1135,1135,0,0,1135,1135,
All CA Counties,2020-12-16,8127,9262,8127,9262,0,0,0,0,8127,9262,0,0,8127,9262,
All CA Counties,2020-12-17,25738,35000,25738,35000,0,0,0,0,25740,35002,0,0,25740,35002,
All CA Counties,2020-12-18,43775,78775,43719,78719,56,56,0,0,43776,78778,0,0,43776,78778,
All CA Counties,2020-12-19,25220,103995,25197,103916,23,79,0,0,25219,103996,1,1,25219,103997,
All CA Counties,2020-12-20,18959,122954,18932,122848,27,106,0,0,18958,122953,1,2,18958,122955,
All CA Counties,2020-12-21,49561,172515,49479,172327,82,188,0,0,49564,172516,1,3,49564,172519,
All CA Counties,2020-12-22,49884,222399,47772,220099,2112,2300,0,0,49882,222397,1,4,49882,222401,
All CA Counties,2020-12-23,50294,272693,41576,261675,8718,11018,0,0,50290,272687,0,4,50290,272691,
All CA Counties,2020-12-24,24029,296722,16328,278003,7701,18719,0,0,24026,296712,1,5,24026,296717,
All CA Counties,2020-12-25,2336,299058,2015,280018,321,19040,0,0,2336,299048,0,5,2336,299053,
All CA Counties,2020-12-26,14617,313675,9440,289458,5177,24217,0,0,14616,313663,1,6,14616,313669,
All CA Counties,2020-12-27,9400,323075,5570,295028,3830,28047,0,0,9399,323061,1,7,9399,323068,
All CA Counties,2020-12-28,45708,368783,29311,324339,16397,44444,0,0,45706,368764,3,10,45706,368774,
All CA Counties,2020-12-29,51061,419844,28516,352855,22545,66989,0,0,51057,419818,3,13,51057,419831,
All CA Counties,2020-12-30,62974,482818,35647,388502,27327,94316,0,0,62968,482783,3,16,62968,482799,
All CA Counties,2020-12-31,29322,512140,10854,399356,18468,112784,0,0,29314,512092,5,21,29314,512113,
All CA Counties,2021-01-01,4062,516202,1801,401157,2261,115045,0,0,4058,516147,3,24,4058,516171,
All CA Counties,2021-01-02,18479,534681,10242,411399,8237,123282,0,0,18478,534625,0,24,18478,534649,
All CA Counties,2021-01-03,6166,540847,3494,414893,2672,125954,0,0,6137,540750,12,36,6137,540786,
All CA Counties,2021-01-04,43559,584406,22088,436981,21471,147425,0,0,43480,584188,42,78,43480,584266,
All CA Counties,2021-01-05,56407,640813,29711,466692,26696,174121,0,0,50963,629853,5388,5466,51053,635319,
All CA Counties,2021-01-06,73290,714103,40460,507152,32830,206951,0,0,57980,672732,15132,20598,58011,693330,
All CA Counties,2021-01-07,91850,805953,52218,559370,39632,246583,0,0,61304,703701,30381,50979,61350,754680,
All CA Counties,2021-01-08,106504,912457,63999,623369,42505,289088,0,0,65432,728252,40941,91920,65492,820172,
All CA Counties,2021-01-09,44206,956663,25466,648835,18740,307828,0,0,27714,739521,16470,108390,27739,847911,
All CA Counties,2021-01-10,24287,980950,14838,663673,9449,317277,0,0,13060,741387,11211,119601,13077,860988,
All CA Counties,2021-01-11,104333,1085283,69435,733108,34898,352175,0,0,60588,758438,43705,163306,60756,921744,
All CA Counties,2021-01-12,112722,1198005,66589,799697,46133,398308,0,0,71754,789531,40889,204195,71982,993726,
All CA Counties,2021-01-13,118730,1316735,61480,861177,57250,455558,0,0,85086,841136,33560,237755,85165,1078891,
All CA Counties,2021-01-14,123469,1440204,49584,910761,73885,529443,0,0,103926,925776,19440,257195,104080,1182971,
All CA Counties,2021-01-15,141806,1582010,52111,962872,89695,619138,0,0,126781,1037826,14932,272127,126982,1309953,
All CA Counties,2021-01-16,80387,1662397,27394,990266,52993,672131,0,0,72855,1103223,7506,279633,72903,1382856,
All CA Counties,2021-01-17,48068,1710465,16795,1007061,31273,703404,0,0,44433,1144075,3627,283260,44479,1427335,
All CA Counties,2021-01-18,88099,1798564,46031,1053092,42068,745472,0,0,68908,1194028,19118,302378,69071,1496406,
All CA Counties,2021-01-19,141449,1940013,73263,1126355,68186,813658,0,0,110292,1273571,31066,333444,110609,1607015,
All CA Counties,2021-01-20,159579,2099592,81622,1207977,77957,891615,0,0,125971,1366403,33392,366836,126224,1733239,
All CA Counties,2021-01-21,173019,2272611,76854,1284831,96165,987780,0,0,153974,1501874,18840,385676,154311,1887550,
All CA Counties,2021-01-22,169200,2441811,69155,1353986,100045,1087825,0,0,154959,1642864,14111,399787,155101,2042651,
All CA Counties,2021-01-23,111103,2552914,49470,1403456,61633,1149458,0,0,98543,1729024,12502,412289,98662,2141313,
All CA Counties,2021-01-24,60919,2613833,29490,1432946,31429,1180887,0,0,56281,1780753,4606,416895,56335,2197648,
All CA Counties,2021-01-25,144279,2758112,65227,1498173,79052,1259939,0,0,109345,1855637,34812,451707,109696,2307344,
All CA Counties,2021-01-26,168058,2926170,82700,1580873,85358,1345297,0,0,130793,1949549,37140,488847,131052,2438396,
All CA Counties,2021-01-27,179645,3105815,87876,1668749,91769,1437066,0,0,140465,2051442,38779,527626,140672,2579068,
All CA Counties,2021-01-28,187206,3293021,86258,1755007,100948,1538014,0,0,153282,2171281,33638,561264,153477,2732545,
All CA Counties,2021-01-29,182834,3475855,88039,1843046,94795,1632809,0,0,148372,2285913,33898,595162,148530,2881075,
All CA Counties,2021-01-30,122829,3598684,55209,1898255,67620,1700429,0,0,107811,2379005,14856,610018,107948,2989023,
All CA Counties,2021-01-31,69281,3667965,38975,1937230,30306,1730735,0,0,64194,2438213,5039,615057,64247,3053270,
All CA Counties,2021-02-01,159202,3827167,73658,2010888,85544,1816279,0,0,120441,2520172,38612,653669,120571,3173841,
All CA Counties,2021-02-02,185797,4012964,79320,2090208,106477,1922756,0,0,140053,2615061,45382,699051,140271,3314112,
All CA Counties,2021-02-03,210625,4223589,95502,2185710,115123,2037879,0,0,156426,2718032,53693,752744,156664,3470776,
All CA Counties,2021-02-04,227699,4451288,99943,2285653,127756,2165635,0,0,167032,2825292,60123,812867,167383,3638159,
All CA Counties,2021-02-05,245692,4696980,106474,2392127,139218,2304853,0,0,167000,2914869,77933,890800,167510,3805669,
All CA Counties,2021-02-06,154652,4851632,74830,2466957,79822,2384675,0,0,119954,3000780,34531,925331,120442,3926111,
All CA Counties,2021-02-07,66785,4918417,43211,2510168,23574,2408249,0,0,50311,3035146,16394,941725,50760,3976871,
All CA Counties,2021-02-08,180245,5098662,88565,2598733,91680,2499929,0,0,118976,3094034,60820,1002545,119708,4096579,
All CA Counties,2021-02-09,210811,5309473,101827,2700560,108984,2608913,0,0,126468,3137742,83891,1086436,127599,4224178,
All CA Counties,2021-02-10,248173,5557646,119774,2820334,128399,2737312,0,0,137950,3167768,109386,1195822,139412,4363590,
All CA Counties,2021-02-11,264304,5821950,131107,2951441,133197,2870509,0,0,145093,3196500,118135,1313957,146867,4510457,
All CA Counties,2021-02-12,271654,6093604,119131,3070572,152523,3023032,0,0,146731,3221489,124090,1438047,149079,4659536,
All CA Counties,2021-02-13,166613,6260217,77226,3147798,89387,3112419,0,0,92122,3241491,74069,1512116,94071,4753607,
All CA Counties,2021-02-14,95343,6355560,47542,3195340,47801,3160220,0,0,51654,3251150,43532,1555648,53191,4806798,
All CA Counties,2021-02-15,142095,6497655,62430,3257770,79665,3239885,0,0,78645,3269837,63074,1618722,81761,4888559,
All CA Counties,2021-02-16,248379,6746034,117847,3375617,130532,3370417,0,0,133151,3291201,114857,1733579,136221,5024780,
All CA Counties,2021-02-17,258374,7004408,128634,3504251,129740,3500157,0,0,128841,3294233,128997,1862576,132029,5156809,
All CA Counties,2021-02-18,272087,7276495,141993,3646244,130094,3630251,0,0,132023,3291082,139350,2001926,136199,5293008,
All CA Counties,2021-02-19,251972,7528467,146214,3792458,105758,3736009,0,0,130281,3302220,121200,2123126,132338,5425346,
All CA Counties,2021-02-20,152457,7680924,97791,3890249,54666,3790675,0,0,84019,3320022,68178,2191304,85980,5511326,
All CA Counties,2021-02-21,81632,7762556,67627,3957876,14005,3804680,0,0,41244,3322663,40135,2231439,42776,5554102,
All CA Counties,2021-02-22,163378,7925934,109693,4067569,53685,3858365,0,0,82019,3325342,81035,2312474,83714,5637816,
All CA Counties,2021-02-23,224766,8150700,119179,4186748,105587,3963952,0,0,105020,3317153,119172,2431646,110983,5748799,
All CA Counties,2021-02-24,282308,8433008,142789,4329537,139519,4103471,0,0,134687,3312364,146995,2578641,142206,5891005,
All CA Counties,2021-02-25,319192,8752200,157220,4486757,161972,4265443,0,0,167936,3338228,150578,2729219,176442,6067447,
All CA Counties,2021-02-26,352056,9104256,164225,4650982,187831,4453274,0,0,197640,3389600,153496,2882715,204868,6272315,
All CA Counties,2021-02-27,250179,9354435,121736,4772718,128425,4581699,18,18,142068,3428556,107519,2990234,146475,6418790,
All CA Counties,2021-02-28,130279,9484714,77949,4850667,52325,4634024,5,23,76147,3453848,53691,3043925,78983,6497773,
All CA Counties,2021-03-01,238799,9723513,127458,4978125,111270,4745294,71,94,137974,3495725,100139,3144064,142016,6639789,
All CA Counties,2021-03-02,287942,10011455,145786,5123911,142139,4887433,17,111,174206,3563551,113249,3257313,181075,6820864,
All CA Counties,2021-03-03,328020,10339475,161915,5285826,166059,5053492,46,157,188431,3620358,138927,3396240,195734,7016598,
All CA Counties,2021-03-04,347024,10686499,174649,5460475,172288,5225780,87,244,203011,3687159,143284,3539524,210085,7226683,
All CA Counties,2021-03-05,332516,11019015,161398,5621873,170002,5395782,1116,1360,206017,3775786,125710,3665234,214337,7441020,
All CA Counties,2021-03-06,255793,11274808,130407,5752280,117591,5513373,7795,9155,158461,3849793,96922,3762156,170929,7611949,
All CA Counties,2021-03-07,124542,11399350,75691,5827971,44783,5558156,4068,13223,77444,3888043,46919,3809075,85169,7697118,
All CA Counties,2021-03-08,215630,11614980,103729,5931700,101526,5659682,10375,23598,140613,3969335,74643,3883718,155935,7853053,
All CA Counties,2021-03-09,267072,11882052,116043,6047743,135200,5794882,15829,39427,144195,4011003,122406,4006124,164074,8017127,
All CA Counties,2021-03-10,314124,12196176,154047,6201790,135754,5930636,24323,63750,168578,4063159,144904,4151028,197060,8214187,
All CA Counties,2021-03-11,374675,12570851,181211,6383001,160217,6090853,33247,96997,192630,4112128,181127,4332155,230096,8444283,
All CA Counties,2021-03-12,389989,12960840,173153,6556154,170792,6261645,46044,143041,190855,4154689,198363,4530518,240924,8685207,
All CA Counties,2021-03-13,278878,13239718,122126,6678280,125774,6387419,30978,174019,150017,4211508,128422,4658940,185241,8870448,
All CA Counties,2021-03-14,152752,13392470,81553,6759833,56319,6443738,14880,188899,77541,4231257,74936,4733876,94685,8965133,
All CA Counties,2021-03-15,287940,13680410,137066,6896899,130505,6574243,20369,209268,156839,4281454,130385,4864261,180582,9145715,
All CA Counties,2021-03-16,367283,14047693,171964,7068863,178201,6752444,17118,226386,213199,4361594,153371,5017632,233511,9379226,
All CA Counties,2021-03-17,379892,14427585,187386,7256249,174146,6926590,18360,244746,235434,4474243,143679,5161311,256328,9635554,
All CA Counties,2021-03-18,396993,14824578,202683,7458932,176542,7103132,17768,262514,236790,4571715,159153,5320464,256625,9892179,
All CA Counties,2021-03-19,404816,15229394,211709,7670641,171730,7274862,21377,283891,236767,4664724,167110,5487574,260119,10152298,
All CA Counties,2021-03-20,290224,15519618,152078,7822719,122453,7397315,15693,299584,183998,4760269,105584,5593158,201129,10353427,
All CA Counties,2021-03-21,141377,15660995,97262,7919981,36727,7434042,7388,306972,89078,4806119,51965,5645123,97815,10451242,
All CA Counties,2021-03-22,270668,15931663,157326,8077307,102375,7536417,10967,317939,177796,4905720,92162,5737285,191763,10643005,
All CA Counties,2021-03-23,354370,16286033,194486,8271793,149055,7685472,10829,328768,218977,5003560,134525,5871810,232365,10875370,
All CA Counties,2021-03-24,383753,16669786,219574,8491367,152015,7837487,12164,340932,226043,5087317,156546,6028356,240303,11115673,
All CA Counties,2021-03-25,413564,17083350,227478,8718845,171673,8009160,14413,355345,238388,5168333,173944,6202300,254960,11370633,
All CA Counties,2021-03-26,429177,17512527,228860,8947705,184529,8193689,15788,371133,237293,5233510,190744,6393044,255921,11626554,
All CA Counties,2021-03-27,307951,17820478,163351,9111056,133156,8326845,11444,382577,158522,5257065,148658,6541702,172213,11798767,
All CA Counties,2021-03-28,166350,17986828,106203,9217259,56576,8383421,3571,386148,90870,5278365,75044,6616746,96344,11895111,
All CA Counties,2021-03-29,307060,18293888,165534,9382793,132972,8516393,8554,394702,174763,5332569,131594,6748340,185798,12080909,
All CA Counties,2021-03-30,394355,18688243,199274,9582067,177318,8693711,17763,412465,239504,5437497,154133,6902473,259061,12339970,
All CA Counties,2021-03-31,420976,19109219,228541,9810608,171191,8864902,21244,433709,241652,5523050,178404,7080877,263957,12603927,
All CA Counties,2021-04-01,485453,19594672,248783,10059391,197506,9062408,39164,472873,269719,5618649,214613,7295490,310212,12914139,
All CA Counties,2021-04-02,466214,20060886,227357,10286748,196871,9259279,41986,514859,254550,5706465,210526,7506016,298342,13212481,
All CA Counties,2021-04-03,324902,20385788,164970,10451718,119476,9378755,40456,555315,163378,5750607,160935,7666951,205077,13417558,
All CA Counties,2021-04-04,131907,20517695,68789,10520507,44207,9422962,18911,574226,58914,5755892,72730,7739681,78015,13495573,
All CA Counties,2021-04-05,349797,20867492,180122,10700629,130503,9553465,39172,613398,173969,5796291,175207,7914888,215606,13711179,
All CA Counties,2021-04-06,454365,21321857,230605,10931234,158770,9712235,64990,678388,222120,5853952,231394,8146282,289055,14000234,
All CA Counties,2021-04-07,467241,21789098,242948,11174182,155093,9867328,69200,747588,229503,5916817,236869,8383151,299734,14299968,
All CA Counties,2021-04-08,493541,22282639,249442,11423624,160751,10028079,83348,830936,233794,5977493,258705,8641856,319381,14619349,
All CA Counties,2021-04-09,487641,22770280,242898,11666522,165834,10193913,78909,909845,226178,6025120,260494,8902350,308121,14927470,
All CA Counties,2021-04-10,362465,23132745,166313,11832835,122971,10316884,73181,983026,153564,6046294,208230,9110580,229404,15156874,
All CA Counties,2021-04-11,186013,23318758,104403,11937238,47725,10364609,33885,1016911,77858,6053015,107837,9218417,114558,15271432,
All CA Counties,2021-04-12,336608,23655366,172965,12110203,125997,10490606,37646,1054557,156972,6072358,178763,9397180,198106,15469538,
All CA Counties,2021-04-13,429207,24084573,240351,12350554,187933,10678539,923,1055480,240644,6129256,187649,9584829,244547,15714085,
All CA Counties,2021-04-14,445786,24530359,250666,12601220,194846,10873385,274,1055754,234102,6157455,210622,9795451,238821,15952906,
All CA Counties,2021-04-15,487642,25018001,284285,12885505,203119,11076504,238,1055992,274175,6222480,212135,10007586,277160,16230066,
All CA Counties,2021-04-16,470435,25488436,265644,13151149,204488,11280992,303,1056295,252171,6260164,217172,10224758,254856,16484922,
All CA Counties,2021-04-17,337521,25825957,189284,13340433,148196,11429188,41,1056336,192665,6311828,144148,10368906,195812,16680734,
All CA Counties,2021-04-18,153455,25979412,97483,13437916,55957,11485145,15,1056351,79628,6320982,73465,10442371,82619,16763353,
All CA Counties,2021-04-19,315924,26295336,182696,13620612,133145,11618290,83,1056434,149993,6307806,165109,10607480,151933,16915286,
All CA Counties,2021-04-20,403669,26699005,215375,13835987,188237,11806527,57,1056491,201610,6311394,201114,10808594,204702,17119988,
All CA Counties,2021-04-21,416923,27115928,236953,14072940,179715,11986242,255,1056746,201319,6301718,214317,11022911,204641,17324629,
All CA Counties,2021-04-22,442460,27558388,252936,14325876,189450,12175692,74,1056820,197895,6259600,243242,11266153,201124,17525753,
All CA Counties,2021-04-23,433443,27991831,248108,14573984,185252,12360944,83,1056903,197276,6225353,234868,11501021,200621,17726374,
All CA Counties,2021-04-24,320177,28312008,202766,14776750,117252,12478196,159,1057062,163267,6235973,156009,11657030,166629,17893003,
All CA Counties,2021-04-25,148773,28460781,98318,14875068,50390,12528586,65,1057127,80087,6249271,68255,11725285,81553,17974556,
All CA Counties,2021-04-26,278102,28738883,163651,15038719,113010,12641596,1441,1058568,120742,6219291,156484,11881769,126504,18101060,
All CA Counties,2021-04-27,346818,29085701,193373,15232092,148072,12789668,5373,1063941,139905,6161669,205896,12087665,148274,18249334,
All CA Counties,2021-04-28,344742,29430443,197751,15429843,139236,12928904,7755,1071696,140175,6108260,203616,12291281,150207,18399541,
All CA Counties,2021-04-29,353540,29783983,204270,15634113,141497,13070401,7773,1079469,127512,6020382,224985,12516266,137107,18536648,
All CA Counties,2021-04-30,367155,30151138,211337,15845450,147095,13217496,8723,1088192,139092,5943135,226960,12743226,149713,18686361,
All CA Counties,2021-05-01,244672,30395810,156602,16002052,82075,13299571,5995,1094187,89029,5885392,154975,12898201,97232,18783593,
All CA Counties,2021-05-02,115247,30511057,80207,16082259,31224,13330795,3816,1098003,40748,5856189,74133,12972334,44930,18828523,
All CA Counties,2021-05-03,249810,30760867,154450,16236709,86749,13417544,8611,1106614,75621,5767883,173418,13145752,85112,18913635,
All CA Counties,2021-05-04,323081,31083948,197118,16433827,116345,13533889,9618,1116232,95323,5647188,226776,13372528,106081,19019716,
All CA Counties,2021-05-05,326316,31410264,203071,16636898,113344,13647233,9901,1126133,91757,5516366,233436,13605964,102614,19122330,
All CA Counties,2021-05-06,344859,31755123,225769,16862667,108778,13756011,10312,1136445,87943,5361697,255408,13861372,100739,19223069,
All CA Counties,2021-05-07,340128,32095251,213705,17076372,116706,13872717,9717,1146162,92611,5218984,246259,14107631,103546,19326615,
All CA Counties,2021-05-08,221988,32317239,140818,17217190,74520,13947237,6650,1152812,61030,5128095,159953,14267584,69064,19395679,
All CA Counties,2021-05-09,93010,32410249,69902,17287092,20133,13967370,2975,1155787,25492,5089909,67077,14334661,28891,19424570,
All CA Counties,2021-05-10,197494,32607743,112949,17400041,76868,14044238,7677,1163464,49275,5000740,147371,14482032,58202,19482772,
All CA Counties,2021-05-11,255244,32862987,143461,17543502,103818,14148056,7965,1171429,67324,4890605,187066,14669098,76931,19559703,
All CA Counties,2021-05-12,246974,33109961,142664,17686166,96260,14244316,8050,1179479,67522,4788653,178540,14847638,76588,19636291,
All CA Counties,2021-05-13,279766,33389727,179786,17865952,93417,14337733,6563,1186042,103823,4726086,174996,15022634,112429,19748720,
All CA Counties,2021-05-14,316660,33706387,202895,18068847,105585,14443318,8180,1194222,124222,4669096,191393,15214027,134403,19883123,
All CA Counties,2021-05-15,250493,33956880,174906,18243753,70396,14513714,5191,1199413,101351,4628006,148422,15362449,107332,19990455,
All CA Counties,2021-05-16,79181,34036061,62938,18306691,14627,14528341,1616,1201029,30429,4611731,48524,15410973,32249,20022704,
All CA Counties,2021-05-17,132700,34168761,85062,18391753,43412,14571753,4226,1205255,48904,4582078,83269,15494242,53616,20076320,
All CA and Non-CA Counties,2020-12-15,1142,1142,1142,1142,0,0,0,0,1142,1142,0,0,1142,1142,
All CA and Non-CA Counties,2020-12-16,8395,9537,8395,9537,0,0,0,0,8395,9537,0,0,8395,9537,
All CA and Non-CA Counties,2020-12-17,27338,36875,27338,36875,0,0,0,0,27338,36875,0,0,27338,36875,
All CA and Non-CA Counties,2020-12-18,46338,83213,46275,83150,63,63,0,0,46338,83213,0,0,46338,83213,
All CA and Non-CA Counties,2020-12-19,26338,109551,26314,109464,24,87,0,0,26337,109549,1,1,26337,109550,
All CA and Non-CA Counties,2020-12-20,19656,129207,19626,129090,30,117,0,0,19655,129203,1,2,19655,129205,
All CA and Non-CA Counties,2020-12-21,51747,180954,51662,180752,85,202,0,0,51745,180947,1,3,51745,180950,
All CA and Non-CA Counties,2020-12-22,51945,232899,49760,230512,2185,2387,0,0,51943,232889,1,4,51943,232893,
All CA and Non-CA Counties,2020-12-23,51810,284709,42958,273470,8852,11239,0,0,51806,284695,0,4,51806,284699,
All CA and Non-CA Counties,2020-12-24,24832,309541,16939,290409,7893,19132,0,0,24829,309523,1,5,24829,309528,
All CA and Non-CA Counties,2020-12-25,2369,311910,2044,292453,325,19457,0,0,2369,311892,0,5,2369,311897,
All CA and Non-CA Counties,2020-12-26,14924,326834,9644,302097,5280,24737,0,0,14923,326814,1,6,14923,326820,
All CA and Non-CA Counties,2020-12-27,9589,336423,5643,307740,3946,28683,0,0,9588,336401,1,7,9588,336408,
All CA and Non-CA Counties,2020-12-28,47124,383547,30208,337948,16916,45599,0,0,47121,383519,3,10,47121,383529,
All CA and Non-CA Counties,2020-12-29,52612,436159,29534,367482,23078,68677,0,0,52608,436124,3,13,52608,436137,
All CA and Non-CA Counties,2020-12-30,64952,501111,36931,404413,28021,96698,0,0,64944,501065,3,16,64944,501081,
All CA and Non-CA Counties,2020-12-31,30442,531553,11453,415866,18989,115687,0,0,30432,531491,6,22,30432,531513,
All CA and Non-CA Counties,2021-01-01,4173,535726,1824,417690,2349,118036,0,0,4169,535657,3,25,4169,535682,
All CA and Non-CA Counties,2021-01-02,18717,554443,10373,428063,8344,126380,0,0,18715,554371,1,26,18715,554397,
All CA and Non-CA Counties,2021-01-03,6334,560777,3583,431646,2751,129131,0,0,6305,560664,12,38,6305,560702,
All CA and Non-CA Counties,2021-01-04,44712,605489,22606,454252,22106,151237,0,0,44627,605248,43,81,44627,605329,
All CA and Non-CA Counties,2021-01-05,57949,663438,30523,484775,27426,178663,0,0,52315,652077,5577,5658,52406,657735,
All CA and Non-CA Counties,2021-01-06,76027,739465,42085,526860,33942,212605,0,0,59961,696184,15885,21543,59992,717727,
All CA and Non-CA Counties,2021-01-07,96097,835562,54856,581716,41241,253846,0,0,63861,728024,32069,53612,63909,781636,
All CA and Non-CA Counties,2021-01-08,111041,946603,66937,648653,44104,297950,0,0,68072,753331,42828,96440,68135,849771,
All CA and Non-CA Counties,2021-01-09,45526,992129,25995,674648,19531,317481,0,0,28710,765274,16794,113234,28737,878508,
All CA and Non-CA Counties,2021-01-10,24591,1016720,15020,689668,9571,327052,0,0,13243,767202,11332,124566,13260,891768,
All CA and Non-CA Counties,2021-01-11,107655,1124375,71464,761132,36191,363243,0,0,62578,784912,45036,169602,62746,954514,
All CA and Non-CA Counties,2021-01-12,116608,1240983,68910,830042,47698,410941,0,0,74099,816816,42425,212027,74329,1028843,
All CA and Non-CA Counties,2021-01-13,122431,1363414,63298,893340,59133,470074,0,0,87614,869778,34734,246761,87696,1116539,
All CA and Non-CA Counties,2021-01-14,127202,1490616,50858,944198,76344,546418,0,0,107020,956888,20066,266827,107176,1223715,
All CA and Non-CA Counties,2021-01-15,146069,1636685,53107,997305,92962,639380,0,0,130578,1072282,15385,282212,130779,1354494,
All CA and Non-CA Counties,2021-01-16,83085,1719770,27781,1025086,55304,694684,0,0,75384,1140041,7673,289885,75432,1429926,
All CA and Non-CA Counties,2021-01-17,48566,1768336,16948,1042034,31618,726302,0,0,44882,1181293,3676,293561,44928,1474854,
All CA and Non-CA Counties,2021-01-18,89352,1857688,46855,1088889,42497,768799,0,0,69702,1231583,19576,313137,69866,1544720,
All CA and Non-CA Counties,2021-01-19,145506,2003194,74606,1163495,70900,839699,0,0,113455,1313399,31959,345096,113775,1658495,
All CA and Non-CA Counties,2021-01-20,164046,2167240,83110,1246605,80936,920635,0,0,129455,1408735,34373,379469,129709,1788204,
All CA and Non-CA Counties,2021-01-21,177204,2344444,78034,1324639,99170,1019805,0,0,157597,1547280,19389,398858,157934,1946138,
All CA and Non-CA Counties,2021-01-22,173853,2518297,70265,1394904,103588,1123393,0,0,159217,1692138,14502,413360,159360,2105498,
All CA and Non-CA Counties,2021-01-23,113362,2631659,49807,1444711,63555,1186948,0,0,100640,1780233,12664,426024,100759,2206257,
All CA and Non-CA Counties,2021-01-24,61524,2693183,29737,1474448,31787,1218735,0,0,56810,1832414,4683,430707,56864,2263121,
All CA and Non-CA Counties,2021-01-25,148762,2841945,67206,1541654,81556,1300291,0,0,112956,1910042,35680,466387,113308,2376429,
All CA and Non-CA Counties,2021-01-26,174090,3016035,85681,1627335,88409,1388700,0,0,135982,2008305,37985,504372,136248,2512677,
All CA and Non-CA Counties,2021-01-27,184481,3200516,90570,1717905,93911,1482611,0,0,144682,2113801,39394,543766,144890,2657567,
All CA and Non-CA Counties,2021-01-28,192643,3393159,89287,1807192,103356,1585967,0,0,158134,2237915,34215,577981,158329,2815896,
All CA and Non-CA Counties,2021-01-29,187916,3581075,91277,1898469,96639,1682606,0,0,152675,2356073,34677,612658,152835,2968731,
All CA and Non-CA Counties,2021-01-30,127339,3708414,57675,1956144,69664,1752270,0,0,112097,2453227,15081,627739,112235,3080966,
All CA and Non-CA Counties,2021-01-31,72458,3780872,41734,1997878,30724,1782994,0,0,67314,2515499,5096,632835,67368,3148334,
All CA and Non-CA Counties,2021-02-01,164717,3945589,76259,2074137,88458,1871452,0,0,125246,2601559,39316,672151,125376,3273710,
All CA and Non-CA Counties,2021-02-02,192626,4138215,81557,2155694,111069,1982521,0,0,146149,2701819,46107,718258,146367,3420077,
All CA and Non-CA Counties,2021-02-03,217999,4356214,97636,2253330,120363,2102884,0,0,162917,2810408,54567,772825,163156,3583233,
All CA and Non-CA Counties,2021-02-04,234566,4590780,102183,2355513,132383,2235267,0,0,172902,2922551,61111,833936,173254,3756487,
All CA and Non-CA Counties,2021-02-05,252528,4843308,108722,2464235,143806,2379073,0,0,172764,3016821,79004,912940,173274,3929761,
All CA and Non-CA Counties,2021-02-06,159145,5002453,77037,2541272,82108,2461181,0,0,123980,3106300,34992,947932,124471,4054232,
All CA and Non-CA Counties,2021-02-07,69054,5071507,45095,2586367,23959,2485140,0,0,52501,3142779,16473,964405,52952,4107184,
All CA and Non-CA Counties,2021-02-08,185723,5257230,92073,2678440,93650,2578790,0,0,123353,3204954,61910,1026315,124085,4231269,
All CA and Non-CA Counties,2021-02-09,215179,5472409,103822,2782262,111357,2690147,0,0,129512,3250407,85204,1111519,130657,4361926,
All CA and Non-CA Counties,2021-02-10,253832,5726241,121759,2904021,132073,2822220,0,0,141141,3281207,111846,1223365,142646,4504572,
All CA and Non-CA Counties,2021-02-11,269277,5995518,133480,3037501,135797,2958017,0,0,148694,3312196,119497,1342862,150486,4655058,
All CA and Non-CA Counties,2021-02-12,276947,6272465,121123,3158624,155824,3113841,0,0,150177,3338791,125934,1468796,152529,4807587,
All CA and Non-CA Counties,2021-02-13,169061,6441526,77958,3236582,91103,3204944,0,0,94027,3360164,74615,1543411,95988,4903575,
All CA and Non-CA Counties,2021-02-14,96696,6538222,47965,3284547,48731,3253675,0,0,52764,3370696,43771,1587182,54303,4957878,
All CA and Non-CA Counties,2021-02-15,144698,6682920,64013,3348560,80685,3334360,0,0,79911,3389331,64396,1651578,83031,5040909,
All CA and Non-CA Counties,2021-02-16,254933,6937853,120842,3469402,134091,3468451,0,0,135816,3409488,118735,1770313,138892,5179801,
All CA and Non-CA Counties,2021-02-17,264348,7202201,131636,3601038,132712,3601163,0,0,130717,3410308,133089,1903402,133909,5313710,
All CA and Non-CA Counties,2021-02-18,278639,7480840,145822,3746860,132817,3733980,0,0,134115,3404808,143792,2047194,138292,5452002,
All CA and Non-CA Counties,2021-02-19,257918,7738758,150385,3897245,107533,3841513,0,0,132776,3414998,124644,2171838,134834,5586836,
All CA and Non-CA Counties,2021-02-20,155832,7894590,100505,3997750,55327,3896840,0,0,85277,3431948,70289,2242127,87239,5674075,
All CA and Non-CA Counties,2021-02-21,84472,7979062,70251,4068001,14221,3911061,0,0,42098,3433461,42117,2284244,43630,5717705,
All CA and Non-CA Counties,2021-02-22,166862,8145924,112245,4180246,54617,3965678,0,0,83653,3435931,82883,2367127,85353,5803058,
All CA and Non-CA Counties,2021-02-23,230872,8376796,122615,4302861,108257,4073935,0,0,107404,3426426,122886,2490013,113381,5916439,
All CA and Non-CA Counties,2021-02-24,288780,8665576,146367,4449228,142413,4216348,0,0,137205,3420211,150944,2640957,144729,6061168,
All CA and Non-CA Counties,2021-02-25,326195,8991771,160789,4610017,165406,4381754,0,0,171111,3445457,154375,2795332,179621,6240789,
All CA and Non-CA Counties,2021-02-26,358928,9350699,167880,4777897,191048,4572802,0,0,200849,3496456,157079,2952411,208078,6448867,
All CA and Non-CA Counties,2021-02-27,255725,9606424,124537,4902434,131169,4703971,19,19,143971,3533688,111151,3063562,148383,6597250,
All CA and Non-CA Counties,2021-02-28,132742,9739166,79749,4982183,52987,4756958,6,25,76956,3558141,55341,3118903,79794,6677044,
All CA and Non-CA Counties,2021-03-01,243848,9983014,130690,5112873,113086,4870044,72,97,139339,3597714,103814,3222717,143387,6820431,
All CA and Non-CA Counties,2021-03-02,294763,10277777,148344,5261217,146402,5016446,17,114,176293,3662909,117969,3340686,183164,7003595,
All CA and Non-CA Counties,2021-03-03,335798,10613575,164897,5426114,170853,5187299,48,162,191031,3717157,144092,3484778,198340,7201935,
All CA and Non-CA Counties,2021-03-04,353824,10967399,177553,5603667,176180,5363479,91,253,205314,3781786,147765,3632543,212394,7414329,
All CA and Non-CA Counties,2021-03-05,337584,11304983,163855,5767522,172598,5536077,1131,1384,208627,3870587,128168,3760711,216969,7631298,
All CA and Non-CA Counties,2021-03-06,260399,11565382,132532,5900054,119915,5655992,7952,9336,160797,3944827,99190,3859901,173430,7804728,
All CA and Non-CA Counties,2021-03-07,126104,11691486,76673,5976727,45310,5701302,4121,13457,78384,3983451,47540,3907441,86164,7890892,
All CA and Non-CA Counties,2021-03-08,218677,11910163,105505,6082232,102551,5803853,10621,24078,142740,4066231,75535,3982976,158315,8049207,
All CA and Non-CA Counties,2021-03-09,271392,12181555,118093,6200325,137147,5941000,16152,40230,146638,4108791,124280,4107256,166840,8216047,
All CA and Non-CA Counties,2021-03-10,318335,12499890,155980,6356305,137521,6078521,24834,65064,171115,4162337,146569,4253825,200115,8416162,
All CA and Non-CA Counties,2021-03-11,380851,12880741,184348,6540653,162562,6241083,33941,99005,195947,4212467,183978,4437803,234108,8650270,
All CA and Non-CA Counties,2021-03-12,396397,13277138,176988,6717641,172635,6413718,46774,145779,194346,4256343,201270,4639073,245146,8895416,
All CA and Non-CA Counties,2021-03-13,282620,13559758,124274,6841915,126902,6540620,31444,177223,152577,4315017,129596,4768669,188270,9083686,
All CA and Non-CA Counties,2021-03-14,154526,13714284,82461,6924376,56858,6597478,15207,192430,78517,4335273,75733,4844402,95989,9179675,
All CA and Non-CA Counties,2021-03-15,291892,14006176,139094,7063470,131982,6729460,20816,213246,158919,4386132,132254,4976656,183113,9362788,
All CA and Non-CA Counties,2021-03-16,374791,14380967,176327,7239797,180975,6910435,17489,230735,217374,4467485,156701,5133357,238054,9600842,
All CA and Non-CA Counties,2021-03-17,388269,14769236,192767,7432564,176773,7087208,18729,249464,240464,4582194,147019,5280376,261728,9862570,
All CA and Non-CA Counties,2021-03-18,405172,15174408,207693,7640257,179187,7266395,18292,267756,241511,4681461,162603,5442979,261870,10124440,
All CA and Non-CA Counties,2021-03-19,412099,15586507,216016,7856273,174168,7440563,21915,289671,241148,4776491,170011,5612990,265041,10389481,
All CA and Non-CA Counties,2021-03-20,294934,15881441,155149,8011422,124007,7564570,15778,305449,187590,4874603,106694,5719684,204806,10594287,
All CA and Non-CA Counties,2021-03-21,143400,16024841,98629,8110051,37296,7601866,7475,312924,90696,4921756,52367,5772051,99520,10693807,
All CA and Non-CA Counties,2021-03-22,273927,16298768,159287,8269338,103586,7705452,11054,323978,180029,5022663,93176,5865227,194083,10887890,
All CA and Non-CA Counties,2021-03-23,360378,16659146,197546,8466884,151726,7857178,11106,335084,223075,5122984,136420,6001647,236741,11124631,
All CA and Non-CA Counties,2021-03-24,391025,17050171,223309,8690193,155129,8012307,12587,347671,231136,5210083,158718,6160365,245817,11370448,
All CA and Non-CA Counties,2021-03-25,421805,17471976,231332,8921525,175573,8187880,14900,362571,244437,5295457,176122,6336487,261496,11631944,
All CA and Non-CA Counties,2021-03-26,435789,17907765,232340,9153865,187485,8375365,15964,378535,241796,5363230,192826,6529313,260599,11892543,
All CA and Non-CA Counties,2021-03-27,313293,18221058,166409,9320274,135332,8510697,11552,390087,161966,5388442,150551,6679864,175763,12068306,
All CA and Non-CA Counties,2021-03-28,169389,18390447,107808,9428082,57852,8568549,3729,393816,92903,5410933,76044,6755908,98535,12166841,
All CA and Non-CA Counties,2021-03-29,312142,18702589,167788,9595870,135467,8704016,8887,402703,177775,5466418,133660,6889568,189145,12355986,
All CA and Non-CA Counties,2021-03-30,401162,19103751,202856,9798726,179998,8884014,18308,421011,243712,5573517,156722,7046290,263821,12619807,
All CA and Non-CA Counties,2021-03-31,427220,19530971,232286,10031012,172926,9056940,22008,443019,245168,5660624,181127,7227417,268234,12888041,
All CA and Non-CA Counties,2021-04-01,492866,20023837,253238,10284250,199841,9256781,39787,482806,274044,5758086,217693,7445110,315155,13203196,
All CA and Non-CA Counties,2021-04-02,474579,20498416,231773,10516023,199687,9456468,43119,525925,258931,5847438,214504,7659614,303856,13507052,
All CA and Non-CA Counties,2021-04-03,330995,20829411,168585,10684608,120807,9577275,41603,567528,166575,5893036,163825,7823439,209423,13716475,
All CA and Non-CA Counties,2021-04-04,133703,20963114,69666,10754274,44889,9622164,19148,586676,59916,5898766,73522,7896961,79252,13795727,
All CA and Non-CA Counties,2021-04-05,353876,21316990,182147,10936421,131905,9754069,39824,626500,175944,5939694,177306,8074267,218234,14013961,
All CA and Non-CA Counties,2021-04-06,461291,21778281,234339,11170760,160403,9914472,66549,693049,224943,5997643,235484,8309751,293433,14307394,
All CA and Non-CA Counties,2021-04-07,475020,22253301,247272,11418032,156883,10071355,70865,763914,232695,6060769,241455,8551206,304581,14611975,
All CA and Non-CA Counties,2021-04-08,501383,22754684,253525,11671557,162607,10233962,85251,849165,237003,6121921,263334,8814540,324486,14936461,
All CA and Non-CA Counties,2021-04-09,494917,23249601,246587,11918144,167505,10401467,80825,929990,229082,6170004,264860,9079400,312943,15249404,
All CA and Non-CA Counties,2021-04-10,368536,23618137,169377,12087521,124132,10525599,75027,1005017,155312,6190445,212552,9291952,232993,15482397,
All CA and Non-CA Counties,2021-04-11,188843,23806980,105942,12193463,48382,10573981,34519,1039536,78880,6197018,109642,9401594,116215,15598612,
All CA and Non-CA Counties,2021-04-12,340512,24147492,175080,12368543,127250,10701231,38182,1077718,158731,6216515,180903,9582497,200400,15799012,
All CA and Non-CA Counties,2021-04-13,434787,24582279,243878,12612421,189963,10891194,946,1078664,243454,6273477,190418,9772915,247380,16046392,
All CA and Non-CA Counties,2021-04-14,450928,25033207,253855,12866276,196796,11087990,277,1078941,236885,6302105,212979,9985894,241607,16287999,
All CA and Non-CA Counties,2021-04-15,493545,25526752,287853,13154129,205447,11293437,245,1079186,277354,6367638,214814,10200708,280347,16568346,
All CA and Non-CA Counties,2021-04-16,476315,26003067,268986,13423115,207019,11500456,310,1079496,255488,6406091,219729,10420437,258182,16826528,
All CA and Non-CA Counties,2021-04-17,342730,26345797,192361,13615476,150327,11650783,42,1079538,195641,6458498,146382,10566819,198789,17025317,
All CA and Non-CA Counties,2021-04-18,155549,26501346,98649,13714125,56884,11707667,16,1079554,80629,6467564,74556,10641375,83622,17108939,
All CA and Non-CA Counties,2021-04-19,320123,26821469,184708,13898833,135331,11842998,84,1079638,152216,6454634,167089,10808464,154159,17263098,
All CA and Non-CA Counties,2021-04-20,409054,27230523,217843,14116676,191154,12034152,57,1079695,203858,6457335,204249,11012713,206950,17470048,
All CA and Non-CA Counties,2021-04-21,423271,27653794,239599,14356275,183414,12217566,258,1079953,203623,6445918,218366,11231079,206949,17676997,
All CA and Non-CA Counties,2021-04-22,449501,28103295,256690,14612965,192734,12410300,77,1080030,200747,6402431,247467,11478546,203980,17880977,
All CA and Non-CA Counties,2021-04-23,439555,28542850,251308,14864273,188163,12598463,84,1080114,200029,6367558,238250,11716796,203377,18084354,
All CA and Non-CA Counties,2021-04-24,325115,28867965,206205,15070478,118747,12717210,163,1080277,165528,6377755,158700,11875496,168897,18253251,
All CA and Non-CA Counties,2021-04-25,150963,29018928,99619,15170097,51277,12768487,67,1080344,81258,6391186,69297,11944793,82728,18335979,
All CA and Non-CA Counties,2021-04-26,281797,29300725,165327,15335424,115007,12883494,1463,1081807,122456,6360959,158467,12103260,128240,18464219,
All CA and Non-CA Counties,2021-04-27,352115,29652840,195275,15530699,151176,13034670,5664,1087471,141939,6302413,209150,12312410,150604,18614823,
All CA and Non-CA Counties,2021-04-28,349693,30002533,199897,15730596,141644,13176314,8152,1095623,142206,6248525,206525,12518935,152637,18767460,
All CA and Non-CA Counties,2021-04-29,358516,30361049,206573,15937169,143737,13320051,8206,1103829,129495,6160090,227959,12746894,139524,18906984,
All CA and Non-CA Counties,2021-04-30,372161,30733210,213809,16150978,149198,13469249,9154,1112983,141092,6082280,229955,12976849,152145,19059129,
All CA and Non-CA Counties,2021-05-01,247929,30981139,158532,16309510,82973,13552222,6424,1119407,90409,6024476,156844,13133693,99040,19158169,
All CA and Non-CA Counties,2021-05-02,117135,31098274,81309,16390819,31886,13584108,3940,1123347,41616,5995247,75151,13208844,45922,19204091,
All CA and Non-CA Counties,2021-05-03,252826,31351100,156219,16547038,87716,13671824,8891,1132238,76898,5906764,175152,13383996,86669,19290760,
All CA and Non-CA Counties,2021-05-04,327339,31678439,199553,16746591,117722,13789546,10064,1142302,97095,5785806,229256,13613252,108298,19399058,
All CA and Non-CA Counties,2021-05-05,330954,32009393,205808,16952399,114877,13904423,10269,1152571,93683,5654578,236139,13849391,104911,19503969,
All CA and Non-CA Counties,2021-05-06,349376,32358769,228618,17181017,110110,14014533,10648,1163219,89828,5499502,258035,14107426,102959,19606928,
All CA and Non-CA Counties,2021-05-07,344953,32703722,216586,17397603,118271,14132804,10096,1173315,94560,5356254,249123,14356549,105875,19712803,
All CA and Non-CA Counties,2021-05-08,225571,32929293,143285,17540888,75388,14208192,6898,1180213,62575,5265184,161928,14518477,70858,19783661,
All CA and Non-CA Counties,2021-05-09,94403,33023696,70797,17611685,20503,14228695,3103,1183316,26088,5226944,67854,14586331,29614,19813275,
All CA and Non-CA Counties,2021-05-10,200154,33223850,114171,17725856,77980,14306675,8003,1191319,50324,5137560,148963,14735294,59579,19872854,
All CA and Non-CA Counties,2021-05-11,258184,33482034,144936,17870792,105002,14411677,8246,1199565,68565,5027251,188763,14924057,78454,19951308,
All CA and Non-CA Counties,2021-05-12,250071,33732105,144181,18014973,97519,14509196,8371,1207936,68874,4925231,180280,15104337,78260,20029568,
All CA and Non-CA Counties,2021-05-13,283303,34015408,181955,18196928,94566,14603762,6782,1214718,105430,4862569,176918,15281255,114256,20143824,
All CA and Non-CA Counties,2021-05-14,321090,34336498,205636,18402564,107011,14710773,8443,1223161,126375,4805724,193663,15474918,136818,20280642,
All CA and Non-CA Counties,2021-05-15,254082,34590580,177296,18579860,71443,14782216,5343,1228504,102880,4764262,150475,15625393,109013,20389655,
All CA and Non-CA Counties,2021-05-16,79943,34670523,63498,18643358,14789,14797005,1656,1230160,30833,4748073,48882,15674275,32693,20422348,
All CA and Non-CA Counties,2021-05-17,134363,34804886,85913,18729271,44099,14841104,4351,1234511,49584,4718243,84251,15758526,54421,20476769,
Outside California,2020-12-15,7,7,7,7,0,0,0,0,7,7,0,0,7,7,Not in California
Outside California,2020-12-16,268,275,268,275,0,0,0,0,268,275,0,0,268,275,Not in California
Outside California,2020-12-17,1598,1873,1598,1873,0,0,0,0,1598,1873,0,0,1598,1873,Not in California
Outside California,2020-12-18,2554,4427,2547,4420,7,7,0,0,2554,4427,0,0,2554,4427,Not in California
Outside California,2020-12-19,1037,5464,1036,5456,1,8,0,0,1037,5464,0,0,1037,5464,Not in California
Outside California,2020-12-20,673,6137,670,6126,3,11,0,0,673,6137,0,0,673,6137,Not in California
Outside California,2020-12-21,2181,8318,2178,8304,3,14,0,0,2181,8318,0,0,2181,8318,Not in California
Outside California,2020-12-22,2057,10375,1984,10288,73,87,0,0,2057,10375,0,0,2057,10375,Not in California
Outside California,2020-12-23,1516,11891,1382,11670,134,221,0,0,1516,11891,0,0,1516,11891,Not in California
Outside California,2020-12-24,803,12694,611,12281,192,413,0,0,803,12694,0,0,803,12694,Not in California
Outside California,2020-12-25,33,12727,29,12310,4,417,0,0,33,12727,0,0,33,12727,Not in California
Outside California,2020-12-26,306,13033,203,12513,103,520,0,0,306,13033,0,0,306,13033,Not in California
Outside California,2020-12-27,189,13222,73,12586,116,636,0,0,189,13222,0,0,189,13222,Not in California
Outside California,2020-12-28,1412,14634,893,13479,519,1155,0,0,1412,14634,0,0,1412,14634,Not in California
Outside California,2020-12-29,1548,16182,1015,14494,533,1688,0,0,1548,16182,0,0,1548,16182,Not in California
Outside California,2020-12-30,1919,18101,1228,15722,691,2379,0,0,1919,18101,0,0,1919,18101,Not in California
Outside California,2020-12-31,1118,19219,599,16321,519,2898,0,0,1117,19217,1,1,1117,19218,Not in California
Outside California,2021-01-01,111,19330,23,16344,88,2986,0,0,111,19328,0,1,111,19329,Not in California
Outside California,2021-01-02,237,19567,131,16475,106,3092,0,0,236,19563,1,2,236,19565,Not in California
Outside California,2021-01-03,168,19735,89,16564,79,3171,0,0,168,19731,0,2,168,19733,Not in California
Outside California,2021-01-04,1150,20885,515,17079,635,3806,0,0,1145,20875,1,3,1145,20878,Not in California
Outside California,2021-01-05,1541,22426,812,17891,729,4535,0,0,1350,22037,189,192,1351,22229,Not in California
Outside California,2021-01-06,2707,25133,1597,19488,1110,5645,0,0,1974,23281,730,922,1974,24203,Not in California
Outside California,2021-01-07,4137,29270,2531,22019,1606,7251,0,0,2485,24118,1650,2572,2487,26690,Not in California
Outside California,2021-01-08,4511,33781,2917,24936,1594,8845,0,0,2635,24890,1866,4438,2638,29328,Not in California
Outside California,2021-01-09,1317,35098,527,25463,790,9635,0,0,992,25560,324,4762,994,30322,Not in California
Outside California,2021-01-10,304,35402,182,25645,122,9757,0,0,183,25622,121,4883,183,30505,Not in California
Outside California,2021-01-11,3299,38701,2006,27651,1293,11050,0,0,1972,26267,1327,6210,1972,32477,Not in California
Outside California,2021-01-12,3876,42577,2313,29964,1563,12613,0,0,2337,27070,1535,7745,2338,34815,Not in California
Outside California,2021-01-13,3690,46267,1807,31771,1883,14496,0,0,2516,28415,1174,8919,2519,37334,Not in California
Outside California,2021-01-14,3729,49996,1271,33042,2458,16954,0,0,3090,30881,626,9545,3092,40426,Not in California
Outside California,2021-01-15,4258,54254,992,34034,3266,20220,0,0,3792,34220,453,9998,3792,44218,Not in California
Outside California,2021-01-16,2691,56945,380,34414,2311,22531,0,0,2523,36577,166,10164,2523,46741,Not in California
Outside California,2021-01-17,495,57440,150,34564,345,22876,0,0,446,36974,49,10213,446,47187,Not in California
Outside California,2021-01-18,1199,58639,770,35334,429,23305,0,0,742,37261,456,10669,743,47930,Not in California
Outside California,2021-01-19,4032,62671,1319,36653,2713,26018,0,0,3142,39516,890,11559,3145,51075,Not in California
Outside California,2021-01-20,4387,67058,1408,38061,2979,28997,0,0,3455,42043,929,12488,3456,54531,Not in California
Outside California,2021-01-21,4125,71183,1122,39183,3003,32000,0,0,3562,45057,548,13036,3562,58093,Not in California
Outside California,2021-01-22,4615,75798,1077,40260,3538,35538,0,0,4220,48887,391,13427,4221,62314,Not in California
Outside California,2021-01-23,2248,78046,332,40592,1916,37454,0,0,2086,50811,162,13589,2086,64400,Not in California
Outside California,2021-01-24,603,78649,245,40837,358,37812,0,0,526,51260,77,13666,526,64926,Not in California
Outside California,2021-01-25,4462,83111,1961,42798,2501,40313,0,0,3594,53990,865,14531,3595,68521,Not in California
Outside California,2021-01-26,5934,89045,2887,45685,3047,43360,0,0,5088,58240,845,15376,5095,73616,Not in California
Outside California,2021-01-27,4819,93864,2677,48362,2142,45502,0,0,4201,61828,614,15990,4202,77818,Not in California
Outside California,2021-01-28,5282,99146,2877,51239,2405,47907,0,0,4754,66065,517,16507,4754,82572,Not in California
Outside California,2021-01-29,4936,104082,3093,54332,1843,49750,0,0,4153,69442,778,17285,4155,86727,Not in California
Outside California,2021-01-30,4500,108582,2458,56790,2042,51792,0,0,4273,73492,224,17509,4274,91001,Not in California
Outside California,2021-01-31,3161,111743,2743,59533,418,52210,0,0,3104,76541,56,17565,3105,94106,Not in California
Outside California,2021-02-01,5478,117221,2566,62099,2912,55122,0,0,4783,80637,687,18252,4783,98889,Not in California
Outside California,2021-02-02,6759,123980,2169,64268,4590,59712,0,0,6033,85951,719,18971,6033,104922,Not in California
Outside California,2021-02-03,7325,131305,2089,66357,5236,64948,0,0,6454,91543,863,19834,6455,111377,Not in California
Outside California,2021-02-04,6805,138110,2183,68540,4622,69570,0,0,5814,96376,982,20816,5815,117192,Not in California
Outside California,2021-02-05,6813,144923,2232,70772,4581,74151,0,0,5745,101057,1064,21880,5745,122937,Not in California
Outside California,2021-02-06,4474,149397,2193,72965,2281,76432,0,0,4011,104617,454,22334,4014,126951,Not in California
Outside California,2021-02-07,2261,151658,1876,74841,385,76817,0,0,2184,106726,77,22411,2186,129137,Not in California
Outside California,2021-02-08,5425,157083,3458,78299,1967,78784,0,0,4363,110038,1051,23462,4363,133500,Not in California
Outside California,2021-02-09,4349,161432,1977,80276,2372,81156,0,0,3040,111794,1298,24760,3054,136554,Not in California
Outside California,2021-02-10,5624,167056,1955,82231,3669,84825,0,0,3182,112585,2434,27194,3225,139779,Not in California
Outside California,2021-02-11,4880,171936,2281,84512,2599,87424,0,0,3558,114850,1311,28505,3576,143355,Not in California
Outside California,2021-02-12,5252,177188,1959,86471,3293,90717,0,0,3430,116469,1815,30320,3434,146789,Not in California
Outside California,2021-02-13,2433,179621,729,87200,1704,92421,0,0,1888,117824,545,30865,1900,148689,Not in California
Outside California,2021-02-14,1346,180967,422,87622,924,93345,0,0,1105,118693,238,31103,1107,149796,Not in California
Outside California,2021-02-15,2559,183526,1545,89167,1014,94359,0,0,1237,118625,1309,32412,1241,151037,Not in California
Outside California,2021-02-16,6449,189975,2899,92066,3550,97909,0,0,2633,117459,3805,36217,2639,153676,Not in California
Outside California,2021-02-17,5964,195939,2994,95060,2970,100879,0,0,1872,115248,4087,40304,1876,155552,Not in California
Outside California,2021-02-18,6447,202386,3729,98789,2718,103597,0,0,2073,112966,4356,44660,2074,157626,Not in California
Outside California,2021-02-19,5751,208137,3982,102771,1769,105366,0,0,2437,112096,3308,47968,2438,160064,Not in California
Outside California,2021-02-20,3364,211501,2709,105480,655,106021,0,0,1254,111245,2106,50074,1255,161319,Not in California
Outside California,2021-02-21,2822,214323,2606,108086,216,106237,0,0,850,110127,1968,52042,850,162169,Not in California
Outside California,2021-02-22,3475,217798,2543,110629,932,107169,0,0,1628,109915,1845,53887,1633,163802,Not in California
Outside California,2021-02-23,6043,223841,3385,114014,2658,109827,0,0,2369,108631,3667,57554,2383,166185,Not in California
Outside California,2021-02-24,6429,230270,3543,117557,2886,112713,0,0,2503,107218,3921,61475,2508,168693,Not in California
Outside California,2021-02-25,6928,237198,3510,121067,3418,116131,0,0,3148,106621,3749,65224,3152,171845,Not in California
Outside California,2021-02-26,6832,244030,3630,124697,3202,119333,0,0,3185,106239,3568,68792,3186,175031,Not in California
Outside California,2021-02-27,5517,249547,2785,127482,2731,122064,1,1,1882,104502,3624,72416,1887,176918,Not in California
Outside California,2021-02-28,2446,251993,1787,129269,658,122722,1,2,799,103658,1645,74061,801,177719,Not in California
Outside California,2021-03-01,5004,256997,3205,132474,1798,124520,1,3,1341,101350,3655,77716,1347,179066,Not in California
Outside California,2021-03-02,6801,263798,2550,135024,4251,128771,0,3,2074,98711,4715,82431,2076,181142,Not in California
Outside California,2021-03-03,7765,271563,2975,137999,4788,133559,2,5,2591,96146,5162,87593,2597,183739,Not in California
Outside California,2021-03-04,6747,278310,2855,140854,3888,137447,4,9,2281,93983,4450,92043,2287,186026,Not in California
Outside California,2021-03-05,5035,283345,2442,143296,2578,140025,15,24,2575,94128,2452,94495,2597,188623,Not in California
Outside California,2021-03-06,4574,287919,2114,145410,2305,142330,155,179,2313,94345,2259,96754,2476,191099,Not in California
Outside California,2021-03-07,1552,289471,981,146391,518,142848,53,232,933,94715,618,97372,988,192087,Not in California
Outside California,2021-03-08,3015,292486,1753,148144,1018,143866,244,476,2119,96218,867,98239,2370,194457,Not in California
Outside California,2021-03-09,4281,296767,2018,150162,1944,145810,319,795,2434,97128,1843,100082,2753,197210,Not in California
Outside California,2021-03-10,4202,300969,1927,152089,1766,147576,509,1304,2532,98516,1660,101742,3048,200258,Not in California
Outside California,2021-03-11,6138,307107,3124,155213,2335,149911,679,1983,3303,99670,2829,104571,3983,204241,Not in California
Outside California,2021-03-12,6326,313433,3779,158992,1822,151733,725,2708,3476,101029,2843,107414,4202,208443,Not in California
Outside California,2021-03-13,3718,317151,2144,161136,1112,152845,462,3170,2552,102888,1158,108572,3017,211460,Not in California
Outside California,2021-03-14,1756,318907,898,162034,533,153378,325,3495,970,103398,786,109358,1296,212756,Not in California
Outside California,2021-03-15,3922,322829,2017,164051,1460,154838,445,3940,2060,104051,1856,111214,2509,215265,Not in California
Outside California,2021-03-16,7446,330275,4341,168392,2738,157576,367,4307,4133,105237,3311,114525,4497,219762,Not in California
Outside California,2021-03-17,8330,338605,5367,173759,2595,160171,368,4675,4990,107260,3336,117861,5359,225121,Not in California
Outside California,2021-03-18,8139,346744,4990,178749,2625,162796,524,5199,4693,109039,3438,121299,5217,230338,Not in California
Outside California,2021-03-19,7254,353998,4288,183037,2428,165224,538,5737,4357,111044,2893,124192,4898,235236,Not in California
Outside California,2021-03-20,4677,358675,3056,186093,1536,166760,85,5822,3572,113603,1098,125290,3657,238893,Not in California
Outside California,2021-03-21,2000,360675,1350,187443,563,167323,87,5909,1599,114890,399,125689,1686,240579,Not in California
Outside California,2021-03-22,3223,363898,1942,189385,1195,168518,86,5995,2215,116189,1002,126691,2301,242880,Not in California
Outside California,2021-03-23,5985,369883,3051,192436,2662,171180,272,6267,4087,118665,1884,128575,4360,247240,Not in California
Outside California,2021-03-24,7246,377129,3726,196162,3097,174277,423,6690,5072,121991,2167,130742,5493,252733,Not in California
Outside California,2021-03-25,8193,385322,3820,199982,3886,178163,487,7177,6017,126331,2164,132906,6504,259237,Not in California
Outside California,2021-03-26,6575,391897,3460,203442,2944,181107,171,7348,4482,128917,2066,134972,4652,263889,Not in California
Outside California,2021-03-27,5302,397199,3044,206486,2150,183257,108,7456,3420,130570,1873,136845,3526,267415,Not in California
Outside California,2021-03-28,3023,400222,1596,208082,1269,184526,158,7614,2022,131754,996,137841,2180,269595,Not in California
Outside California,2021-03-29,5043,405265,2236,210318,2475,187001,332,7946,2987,133021,2054,139895,3321,272916,Not in California
Outside California,2021-03-30,6765,412030,3557,213875,2663,189664,545,8491,4181,135180,2574,142469,4733,277649,Not in California
Outside California,2021-03-31,6209,418239,3724,217599,1721,191385,764,9255,3493,136723,2711,145180,4254,281903,Not in California
Outside California,2021-04-01,7384,425623,4440,222039,2321,193706,623,9878,4302,138569,3074,148254,4920,286823,Not in California
Outside California,2021-04-02,8302,433925,4400,226439,2778,196484,1124,11002,4352,140101,3944,152198,5476,292299,Not in California
Outside California,2021-04-03,6074,439999,3606,230045,1321,197805,1147,12149,3186,141556,2880,155078,4335,296634,Not in California
Outside California,2021-04-04,1779,441778,873,230918,669,198474,237,12386,992,141997,786,155864,1227,297861,Not in California
Outside California,2021-04-05,4045,445823,2005,232923,1389,199863,651,13037,1957,142522,2084,157948,2609,300470,Not in California
Outside California,2021-04-06,6891,452714,3716,236639,1617,201480,1558,14595,2806,142811,4071,162019,4360,304830,Not in California
Outside California,2021-04-07,7740,460454,4297,240936,1778,203258,1665,16260,3154,143042,4578,166597,4809,309639,Not in California
Outside California,2021-04-08,7804,468258,4060,244996,1845,205103,1899,18159,3189,143516,4607,171204,5081,314720,Not in California
Outside California,2021-04-09,7236,475494,3664,248660,1656,206759,1916,20075,2877,143959,4352,175556,4795,319515,Not in California
Outside California,2021-04-10,6061,481555,3055,251715,1160,207919,1846,21921,1741,143226,4315,179871,3582,323097,Not in California
Outside California,2021-04-11,2815,484370,1528,253243,653,208572,634,22555,1017,143082,1796,181667,1652,324749,Not in California
Outside California,2021-04-12,3865,488235,2093,255336,1237,209809,535,23090,1741,143240,2117,183784,2275,327024,Not in California
Outside California,2021-04-13,5513,493748,3501,258837,1989,211798,23,23113,2777,143310,2730,186514,2800,329824,Not in California
Outside California,2021-04-14,5106,498854,3179,262016,1924,213722,3,23116,2770,143752,2331,188845,2773,332597,Not in California
Outside California,2021-04-15,5861,504715,3551,265567,2304,216026,6,23122,3159,144268,2650,191495,3166,335763,Not in California
Outside California,2021-04-16,5828,510543,3304,268871,2517,218543,7,23129,3284,145025,2536,194031,3293,339056,Not in California
Outside California,2021-04-17,5182,515725,3062,271933,2119,220662,1,23130,2960,145770,2215,196246,2960,342016,Not in California
Outside California,2021-04-18,2074,517799,1158,273091,915,221577,1,23131,990,145683,1079,197325,992,343008,Not in California
Outside California,2021-04-19,4163,521962,1990,275081,2172,223749,1,23132,2191,145915,1962,199287,2194,345202,Not in California
Outside California,2021-04-20,5359,527321,2453,277534,2906,226655,0,23132,2236,145036,3115,202402,2236,347438,Not in California
Outside California,2021-04-21,6310,533631,2630,280164,3677,230332,3,23135,2271,143288,4023,206425,2275,349713,Not in California
Outside California,2021-04-22,7018,540649,3740,283904,3275,233607,3,23138,2802,141887,4207,210632,2806,352519,Not in California
Outside California,2021-04-23,6078,546727,3185,287089,2892,236499,1,23139,2696,141217,3369,214001,2699,355218,Not in California
Outside California,2021-04-24,4897,551624,3416,290505,1477,237976,4,23143,2213,140759,2678,216679,2220,357438,Not in California
Outside California,2021-04-25,2167,553791,1292,291797,873,238849,2,23145,1132,140864,1031,217710,1136,358574,Not in California
Outside California,2021-04-26,3647,557438,1637,293434,1988,240837,22,23167,1670,140587,1969,219679,1692,360266,Not in California
Outside California,2021-04-27,5230,562668,1854,295288,3085,243922,291,23458,1987,139636,3234,222913,2283,362549,Not in California
Outside California,2021-04-28,4902,567570,2105,297393,2401,246323,396,23854,2010,139163,2881,225794,2408,364957,Not in California
Outside California,2021-04-29,4940,572510,2282,299675,2225,248548,433,24287,1971,138618,2950,228744,2405,367362,Not in California
Outside California,2021-04-30,4976,577486,2458,302133,2092,250640,426,24713,1985,138050,2980,231724,2412,369774,Not in California
Outside California,2021-05-01,3222,580708,1903,304036,891,251531,428,25141,1359,137981,1855,233579,1786,371560,Not in California
Outside California,2021-05-02,1874,582582,1095,305131,656,252187,123,25264,862,137956,1010,234589,985,372545,Not in California
Outside California,2021-05-03,2990,585572,1750,306881,962,253149,278,25542,1269,137787,1716,236305,1547,374092,Not in California
Outside California,2021-05-04,4236,589808,2423,309304,1371,254520,442,25984,1767,137532,2463,238768,2208,376300,Not in California
Outside California,2021-05-05,4606,594414,2723,312027,1516,256036,367,26351,1909,137123,2688,241456,2279,378579,Not in California
Outside California,2021-05-06,4495,598909,2837,314864,1324,257360,334,26685,1876,136718,2614,244070,2209,380788,Not in California
Outside California,2021-05-07,4796,603705,2865,317729,1554,258914,377,27062,1938,136188,2846,246916,2316,383104,Not in California
Outside California,2021-05-08,3567,607272,2457,320186,864,259778,246,27308,1538,136006,1967,248883,1785,384889,Not in California
Outside California,2021-05-09,1375,608647,890,321076,361,260139,124,27432,588,135950,767,249650,711,385600,Not in California
Outside California,2021-05-10,2636,611283,1205,322281,1106,261245,325,27757,1046,135751,1572,251222,1373,386973,Not in California
Outside California,2021-05-11,2833,614116,1405,323686,1158,262403,270,28027,1154,135499,1677,252899,1425,388398,Not in California
Outside California,2021-05-12,2823,616939,1313,324999,1217,263620,293,28320,1140,135253,1678,254577,1432,389830,Not in California
Outside California,2021-05-13,3205,620144,1911,326910,1081,264701,213,28533,1338,134945,1859,256436,1551,391381,Not in California
Outside California,2021-05-14,3949,624093,2338,329248,1355,266056,256,28789,1738,134733,2206,258642,1994,393375,Not in California
Outside California,2021-05-15,3211,627304,2090,331338,974,267030,147,28936,1206,134088,1998,260640,1353,394728,Not in California
Outside California,2021-05-16,736,628040,534,331872,162,267192,40,28976,402,134196,334,260974,442,395170,Not in California
Outside California,2021-05-17,1648,629688,837,332709,686,267878,125,29101,680,134033,968,261942,805,395975,Not in California
Unknown,2020-12-17,2,2,2,2,0,0,0,0,0,0,0,0,0,0,Not in California
Unknown,2020-12-18,9,11,9,11,0,0,0,0,8,8,0,0,8,8,Not in California
Unknown,2020-12-19,81,92,81,92,0,0,0,0,81,89,0,0,81,89,Not in California
Unknown,2020-12-20,24,116,24,116,0,0,0,0,24,113,0,0,24,113,Not in California
Unknown,2020-12-21,5,121,5,121,0,0,0,0,0,113,0,0,0,113,Not in California
Unknown,2020-12-22,4,125,4,125,0,0,0,0,4,117,0,0,4,117,Not in California
Unknown,2020-12-26,1,126,1,126,0,0,0,0,1,118,0,0,1,118,Not in California
Unknown,2020-12-28,4,130,4,130,0,0,0,0,3,121,0,0,3,121,Not in California
Unknown,2020-12-29,3,133,3,133,0,0,0,0,3,124,0,0,3,124,Not in California
Unknown,2020-12-30,59,192,56,189,3,3,0,0,57,181,0,0,57,181,Not in California
Unknown,2020-12-31,2,194,0,189,2,5,0,0,1,182,0,0,1,182,Not in California
Unknown,2021-01-02,1,195,0,189,1,6,0,0,1,183,0,0,1,183,Not in California
Unknown,2021-01-04,3,198,3,192,0,6,0,0,2,185,0,0,2,185,Not in California
Unknown,2021-01-05,1,199,0,192,1,7,0,0,2,187,0,0,2,187,Not in California
Unknown,2021-01-06,30,229,28,220,2,9,0,0,7,171,23,23,7,194,Not in California
Unknown,2021-01-07,110,339,107,327,3,12,0,0,72,205,38,61,72,266,Not in California
Unknown,2021-01-08,26,365,21,348,5,17,0,0,5,189,21,82,5,271,Not in California
Unknown,2021-01-09,3,368,2,350,1,18,0,0,4,193,0,82,4,275,Not in California
Unknown,2021-01-11,23,391,23,373,0,18,0,0,18,207,4,86,18,293,Not in California
Unknown,2021-01-12,10,401,8,381,2,20,0,0,8,215,1,87,9,302,Not in California
Unknown,2021-01-13,11,412,11,392,0,20,0,0,12,227,0,87,12,314,Not in California
Unknown,2021-01-14,4,416,3,395,1,21,0,0,4,231,0,87,4,318,Not in California
Unknown,2021-01-15,5,421,4,399,1,22,0,0,5,236,0,87,5,323,Not in California
Unknown,2021-01-16,7,428,7,406,0,22,0,0,6,241,1,88,6,329,Not in California
Unknown,2021-01-17,3,431,3,409,0,22,0,0,3,244,0,88,3,332,Not in California
Unknown,2021-01-18,54,485,54,463,0,22,0,0,52,294,2,90,52,384,Not in California
Unknown,2021-01-19,25,510,24,487,1,23,0,0,21,312,3,93,21,405,Not in California
Unknown,2021-01-20,80,590,80,567,0,23,0,0,29,289,52,145,29,434,Not in California
Unknown,2021-01-21,60,650,58,625,2,25,0,0,61,349,1,146,61,495,Not in California
Unknown,2021-01-22,38,688,33,658,5,30,0,0,38,387,0,146,38,533,Not in California
Unknown,2021-01-23,11,699,5,663,6,36,0,0,11,398,0,146,11,544,Not in California
Unknown,2021-01-24,2,701,2,665,0,36,0,0,3,401,0,146,3,547,Not in California
Unknown,2021-01-25,21,722,18,683,3,39,0,0,17,415,3,149,17,564,Not in California
Unknown,2021-01-26,98,820,94,777,4,43,0,0,101,516,0,149,101,665,Not in California
Unknown,2021-01-27,17,837,17,794,0,43,0,0,16,531,1,150,16,681,Not in California
Unknown,2021-01-28,155,992,152,946,3,46,0,0,98,569,60,210,98,779,Not in California
Unknown,2021-01-29,146,1138,145,1091,1,47,0,0,150,718,1,211,150,929,Not in California
Unknown,2021-01-30,10,1148,8,1099,2,49,0,0,13,730,1,212,13,942,Not in California
Unknown,2021-01-31,16,1164,16,1115,0,49,0,0,16,745,1,213,16,958,Not in California
Unknown,2021-02-01,37,1201,35,1150,2,51,0,0,22,750,17,230,22,980,Not in California
Unknown,2021-02-02,70,1271,68,1218,2,53,0,0,63,807,6,236,63,1043,Not in California
Unknown,2021-02-03,49,1320,45,1263,4,57,0,0,37,833,11,247,37,1080,Not in California
Unknown,2021-02-04,62,1382,57,1320,5,62,0,0,56,883,6,253,56,1136,Not in California
Unknown,2021-02-05,23,1405,16,1336,7,69,0,0,19,895,7,260,19,1155,Not in California
Unknown,2021-02-06,19,1424,14,1350,5,74,0,0,15,903,7,267,15,1170,Not in California
Unknown,2021-02-07,8,1432,8,1358,0,74,0,0,6,907,2,269,6,1176,Not in California
Unknown,2021-02-08,53,1485,50,1408,3,77,0,0,14,882,39,308,14,1190,Not in California
Unknown,2021-02-09,19,1504,18,1426,1,78,0,0,4,871,15,323,4,1194,Not in California
Unknown,2021-02-10,35,1539,30,1456,5,83,0,0,9,854,26,349,9,1203,Not in California
Unknown,2021-02-11,93,1632,92,1548,1,84,0,0,43,846,51,400,43,1246,Not in California
Unknown,2021-02-12,41,1673,33,1581,8,92,0,0,16,833,29,429,16,1262,Not in California
Unknown,2021-02-13,15,1688,3,1584,12,104,0,0,17,849,1,430,17,1279,Not in California
Unknown,2021-02-14,7,1695,1,1585,6,110,0,0,5,853,1,431,5,1284,Not in California
Unknown,2021-02-15,44,1739,38,1623,6,116,0,0,29,869,13,444,29,1313,Not in California
Unknown,2021-02-16,105,1844,96,1719,9,125,0,0,32,828,73,517,32,1345,Not in California
Unknown,2021-02-17,10,1854,8,1727,2,127,0,0,4,827,5,522,4,1349,Not in California
Unknown,2021-02-18,105,1959,100,1827,5,132,0,0,19,760,86,608,19,1368,Not in California
Unknown,2021-02-19,195,2154,189,2016,6,138,0,0,58,682,136,744,58,1426,Not in California
Unknown,2021-02-20,11,2165,5,2021,6,144,0,0,4,681,5,749,4,1430,Not in California
Unknown,2021-02-21,18,2183,18,2039,0,144,0,0,4,671,14,763,4,1434,Not in California
Unknown,2021-02-22,9,2192,9,2048,0,144,0,0,6,674,3,766,6,1440,Not in California
Unknown,2021-02-23,63,2255,51,2099,12,156,0,0,15,642,47,813,15,1455,Not in California
Unknown,2021-02-24,43,2298,35,2134,8,164,0,0,15,629,28,841,15,1470,Not in California
Unknown,2021-02-25,75,2373,59,2193,16,180,0,0,27,608,48,889,27,1497,Not in California
Unknown,2021-02-26,40,2413,25,2218,15,195,0,0,24,617,15,904,24,1521,Not in California
Unknown,2021-02-27,29,2442,16,2234,13,208,0,0,21,630,8,912,21,1542,Not in California
Unknown,2021-02-28,17,2459,13,2247,4,212,0,0,10,635,5,917,10,1552,Not in California
Unknown,2021-03-01,45,2504,27,2274,18,230,0,0,24,639,20,937,24,1576,Not in California
Unknown,2021-03-02,20,2524,8,2282,12,242,0,0,13,647,5,942,13,1589,Not in California
Unknown,2021-03-03,13,2537,7,2289,6,248,0,0,9,653,3,945,9,1598,Not in California
Unknown,2021-03-04,53,2590,49,2338,4,252,0,0,22,644,31,976,22,1620,Not in California
Unknown,2021-03-05,33,2623,15,2353,18,270,0,0,35,673,6,982,35,1655,Not in California
Unknown,2021-03-06,32,2655,11,2364,19,289,2,2,23,689,9,991,25,1680,Not in California
Unknown,2021-03-07,10,2665,1,2365,9,298,0,2,7,693,3,994,7,1687,Not in California
Unknown,2021-03-08,32,2697,23,2388,7,305,2,4,8,678,25,1019,10,1697,Not in California
Unknown,2021-03-09,39,2736,32,2420,3,308,4,8,9,660,31,1050,13,1710,Not in California
Unknown,2021-03-10,9,2745,6,2426,1,309,2,10,5,662,5,1055,7,1717,Not in California
Unknown,2021-03-11,38,2783,13,2439,10,319,15,25,14,669,22,1077,29,1746,Not in California
Unknown,2021-03-12,82,2865,56,2495,21,340,5,30,15,625,64,1141,20,1766,Not in California
Unknown,2021-03-13,24,2889,4,2499,16,356,4,34,8,621,16,1157,12,1778,Not in California
Unknown,2021-03-14,18,2907,10,2509,6,362,2,36,6,618,11,1168,8,1786,Not in California
Unknown,2021-03-15,30,2937,11,2520,17,379,2,38,20,627,13,1181,22,1808,Not in California
Unknown,2021-03-16,62,2999,22,2542,36,415,4,42,42,654,19,1200,46,1854,Not in California
Unknown,2021-03-17,47,3046,14,2556,32,447,1,43,40,691,4,1204,41,1895,Not in California
Unknown,2021-03-18,40,3086,20,2576,20,467,0,43,28,707,12,1216,28,1923,Not in California
Unknown,2021-03-19,29,3115,19,2595,10,477,0,43,24,723,8,1224,24,1947,Not in California
Unknown,2021-03-20,33,3148,15,2610,18,495,0,43,20,731,12,1236,20,1967,Not in California
Unknown,2021-03-21,23,3171,17,2627,6,501,0,43,19,747,3,1239,19,1986,Not in California
Unknown,2021-03-22,36,3207,19,2646,16,517,1,44,18,754,12,1251,19,2005,Not in California
Unknown,2021-03-23,23,3230,9,2655,9,526,5,49,11,759,11,1262,16,2021,Not in California
Unknown,2021-03-24,26,3256,9,2664,17,543,0,49,21,775,5,1267,21,2042,Not in California
Unknown,2021-03-25,48,3304,34,2698,14,557,0,49,32,793,14,1281,32,2074,Not in California
Unknown,2021-03-26,37,3341,20,2718,12,569,5,54,21,803,16,1297,26,2100,Not in California
Unknown,2021-03-27,40,3381,14,2732,26,595,0,54,24,807,20,1317,24,2124,Not in California
Unknown,2021-03-28,16,3397,9,2741,7,602,0,54,11,814,4,1321,11,2135,Not in California
Unknown,2021-03-29,39,3436,18,2759,20,622,1,55,25,828,12,1333,26,2161,Not in California
Unknown,2021-03-30,42,3478,25,2784,17,639,0,55,27,840,15,1348,27,2188,Not in California
Unknown,2021-03-31,35,3513,21,2805,14,653,0,55,23,851,12,1360,23,2211,Not in California
Unknown,2021-04-01,29,3542,15,2820,14,667,0,55,23,868,6,1366,23,2234,Not in California
Unknown,2021-04-02,63,3605,16,2836,38,705,9,64,29,872,34,1400,38,2272,Not in California
Unknown,2021-04-03,19,3624,9,2845,10,715,0,64,11,873,10,1410,11,2283,Not in California
Unknown,2021-04-04,17,3641,4,2849,13,728,0,64,10,877,6,1416,10,2293,Not in California
Unknown,2021-04-05,34,3675,20,2869,13,741,1,65,18,881,15,1431,19,2312,Not in California
Unknown,2021-04-06,35,3710,18,2887,16,757,1,66,17,880,19,1450,18,2330,Not in California
Unknown,2021-04-07,39,3749,27,2914,12,769,0,66,38,910,8,1458,38,2368,Not in California
Unknown,2021-04-08,38,3787,23,2937,11,780,4,70,20,912,22,1480,24,2392,Not in California
Unknown,2021-04-09,40,3827,25,2962,15,795,0,70,27,925,14,1494,27,2419,Not in California
Unknown,2021-04-10,10,3837,9,2971,1,796,0,70,7,925,7,1501,7,2426,Not in California
Unknown,2021-04-11,15,3852,11,2982,4,800,0,70,5,921,9,1510,5,2431,Not in California
Unknown,2021-04-12,39,3891,22,3004,16,816,1,71,18,917,23,1533,19,2450,Not in California
Unknown,2021-04-13,67,3958,26,3030,41,857,0,71,33,911,39,1572,33,2483,Not in California
Unknown,2021-04-14,36,3994,10,3040,26,883,0,71,13,898,26,1598,13,2496,Not in California
Unknown,2021-04-15,42,4036,17,3057,24,907,1,72,20,890,29,1627,21,2517,Not in California
Unknown,2021-04-16,52,4088,38,3095,14,921,0,72,33,902,21,1648,33,2550,Not in California
Unknown,2021-04-17,27,4115,15,3110,12,933,0,72,16,900,19,1667,17,2567,Not in California
Unknown,2021-04-18,20,4135,8,3118,12,945,0,72,11,899,12,1679,11,2578,Not in California
Unknown,2021-04-19,36,4171,22,3140,14,959,0,72,32,913,18,1697,32,2610,Not in California
Unknown,2021-04-20,26,4197,15,3155,11,970,0,72,12,905,20,1717,12,2622,Not in California
Unknown,2021-04-21,38,4235,16,3171,22,992,0,72,33,912,26,1743,33,2655,Not in California
Unknown,2021-04-22,23,4258,14,3185,9,1001,0,72,50,944,18,1761,50,2705,Not in California
Unknown,2021-04-23,34,4292,15,3200,19,1020,0,72,57,988,13,1774,57,2762,Not in California
Unknown,2021-04-24,41,4333,23,3223,18,1038,0,72,48,1023,13,1787,48,2810,Not in California
Unknown,2021-04-25,23,4356,9,3232,14,1052,0,72,39,1051,11,1798,39,2849,Not in California
Unknown,2021-04-26,48,4404,39,3271,9,1061,0,72,44,1081,14,1812,44,2893,Not in California
Unknown,2021-04-27,67,4471,48,3319,19,1080,0,72,47,1108,20,1832,47,2940,Not in California
Unknown,2021-04-28,49,4520,41,3360,7,1087,1,73,21,1102,28,1860,22,2962,Not in California
Unknown,2021-04-29,36,4556,21,3381,15,1102,0,73,12,1090,24,1884,12,2974,Not in California
Unknown,2021-04-30,30,4586,14,3395,11,1113,5,78,15,1095,15,1899,20,2994,Not in California
Unknown,2021-05-01,35,4621,27,3422,7,1120,1,79,21,1103,14,1913,22,3016,Not in California
Unknown,2021-05-02,14,4635,7,3429,6,1126,1,80,6,1102,8,1921,7,3023,Not in California
Unknown,2021-05-03,26,4661,19,3448,5,1131,2,82,8,1094,18,1939,10,3033,Not in California
Unknown,2021-05-04,22,4683,12,3460,6,1137,4,86,5,1086,17,1956,9,3042,Not in California
Unknown,2021-05-05,32,4715,14,3474,17,1154,1,87,17,1089,15,1971,18,3060,Not in California
Unknown,2021-05-06,22,4737,12,3486,8,1162,2,89,9,1087,13,1984,11,3071,Not in California
Unknown,2021-05-07,29,4766,16,3502,11,1173,2,91,11,1082,18,2002,13,3084,Not in California
Unknown,2021-05-08,16,4782,10,3512,4,1177,2,93,7,1083,8,2010,9,3093,Not in California
Unknown,2021-05-09,18,4800,5,3517,9,1186,4,97,8,1085,10,2020,12,3105,Not in California
Unknown,2021-05-10,24,4824,17,3534,6,1192,1,98,3,1069,20,2040,4,3109,Not in California
Unknown,2021-05-11,107,4931,70,3604,26,1218,11,109,87,1147,20,2060,98,3207,Not in California
Unknown,2021-05-12,274,5205,204,3808,42,1260,28,137,212,1325,62,2122,240,3447,Not in California
Unknown,2021-05-13,332,5537,258,4066,68,1328,6,143,269,1538,63,2185,276,3723,Not in California
Unknown,2021-05-14,481,6018,403,4469,71,1399,7,150,415,1895,64,2249,421,4144,Not in California
Unknown,2021-05-15,378,6396,300,4769,73,1472,5,155,323,2168,55,2304,328,4472,Not in California
Unknown,2021-05-16,26,6422,26,4795,0,1472,0,155,2,2146,24,2328,2,4474,Not in California
Unknown,2021-05-17,15,6437,14,4809,1,1473,0,155,0,2132,14,2342,0,4474,Not in California
Alameda,2020-12-15,36,36,36,36,0,0,0,0,36,36,0,0,36,36,California
Alameda,2020-12-16,206,242,206,242,0,0,0,0,206,242,0,0,206,242,California
Alameda,2020-12-17,397,639,397,639,0,0,0,0,397,639,0,0,397,639,California
Alameda,2020-12-18,1777,2416,1776,2415,1,1,0,0,1777,2416,0,0,1777,2416,California
Alameda,2020-12-19,1355,3771,1355,3770,0,1,0,0,1355,3771,0,0,1355,3771,California
Alameda,2020-12-20,1163,4934,1162,4932,1,2,0,0,1162,4932,1,1,1162,4933,California
Alameda,2020-12-21,1863,6797,1861,6793,2,4,0,0,1862,6794,0,1,1862,6795,California
Alameda,2020-12-22,2100,8897,2047,8840,53,57,0,0,2100,8894,0,1,2100,8895,California
Alameda,2020-12-23,1946,10843,1688,10528,258,315,0,0,1947,10841,0,1,1947,10842,California
Alameda,2020-12-24,1220,12063,760,11288,460,775,0,0,1220,12061,0,1,1220,12062,California
Alameda,2020-12-25,166,12229,129,11417,37,812,0,0,166,12227,0,1,166,12228,California
Alameda,2020-12-26,870,13099,326,11743,544,1356,0,0,870,13097,0,1,870,13098,California
Alameda,2020-12-27,499,13598,256,11999,243,1599,0,0,499,13596,0,1,499,13597,California
Alameda,2020-12-28,1886,15484,960,12959,926,2525,0,0,1886,15482,0,1,1886,15483,California
Alameda,2020-12-29,2432,17916,1025,13984,1407,3932,0,0,2431,17913,0,1,2431,17914,California
Alameda,2020-12-30,3132,21048,1364,15348,1768,5700,0,0,3134,21047,0,1,3134,21048,California
Alameda,2020-12-31,1796,22844,443,15791,1353,7053,0,0,1794,22840,1,2,1794,22842,California
Alameda,2021-01-01,172,23016,70,15861,102,7155,0,0,171,23010,1,3,171,23013,California
Alameda,2021-01-02,727,23743,524,16385,203,7358,0,0,726,23736,0,3,726,23739,California
Alameda,2021-01-03,343,24086,222,16607,121,7479,0,0,340,24073,3,6,340,24079,California
Alameda,2021-01-04,1651,25737,946,17553,705,8184,0,0,1639,25701,11,17,1639,25718,California
Alameda,2021-01-05,2215,27952,1271,18824,944,9128,0,0,1979,27447,233,250,1979,27697,California
Alameda,2021-01-06,3252,31204,1786,20610,1466,10594,0,0,2429,29058,820,1070,2431,30128,California
Alameda,2021-01-07,3778,34982,2114,22724,1664,12258,0,0,2687,30667,1082,2152,2691,32819,California
Alameda,2021-01-08,4742,39724,2707,25431,2035,14293,0,0,3113,32159,1625,3777,3117,35936,California
Alameda,2021-01-09,2035,41759,1388,26819,647,14940,0,0,1173,32470,862,4639,1173,37109,California
Alameda,2021-01-10,1069,42828,846,27665,223,15163,0,0,429,32258,641,5280,429,37538,California
Alameda,2021-01-11,4656,47484,3521,31186,1135,16298,0,0,2860,33330,1795,7075,2867,40405,California
Alameda,2021-01-12,4835,52319,3255,34441,1580,17878,0,0,3443,35385,1391,8466,3446,43851,California
Alameda,2021-01-13,5046,57365,2668,37109,2378,20256,0,0,3853,38051,1189,9655,3855,47706,California
Alameda,2021-01-14,5638,63003,2775,39884,2863,23119,0,0,4751,41927,878,10533,4754,52460,California
Alameda,2021-01-15,5847,68850,2316,42200,3531,26650,0,0,5079,46249,761,11294,5083,57543,California
Alameda,2021-01-16,3008,71858,1409,43609,1599,28249,0,0,2738,48718,270,11564,2739,60282,California
Alameda,2021-01-17,1869,73727,1083,44692,786,29035,0,0,1662,50175,206,11770,1663,61945,California
Alameda,2021-01-18,3205,76932,2057,46749,1148,30183,0,0,2608,52195,593,12363,2613,64558,California
Alameda,2021-01-19,5534,82466,3335,50084,2199,32382,0,0,4340,55345,1192,13555,4342,68900,California
Alameda,2021-01-20,6782,89248,4112,54196,2670,35052,0,0,5486,59552,1283,14838,5490,74390,California
Alameda,2021-01-21,7792,97040,3413,57609,4379,39431,0,0,6954,65679,832,15670,6959,81349,California
Alameda,2021-01-22,6856,103896,2043,59652,4813,44244,0,0,5717,70266,1132,16802,5719,87068,California
Alameda,2021-01-23,3290,107186,947,60599,2343,46587,0,0,2735,72448,555,17357,2737,89805,California
Alameda,2021-01-24,2053,109239,657,61256,1396,47983,0,0,1776,73951,273,17630,1776,91581,California
Alameda,2021-01-25,5223,114462,1986,63242,3237,51220,0,0,3632,76001,1583,19213,3633,95214,California
Alameda,2021-01-26,7261,121723,2297,65539,4964,56184,0,0,5395,79538,1859,21072,5396,100610,California
Alameda,2021-01-27,6672,128395,2078,67617,4594,60778,0,0,4819,82518,1839,22911,4819,105429,California
Alameda,2021-01-28,7909,136304,2556,70173,5353,66131,0,0,5666,85958,2227,25138,5667,111096,California
Alameda,2021-01-29,7929,144233,3185,73358,4744,70875,0,0,6106,90252,1813,26951,6107,117203,California
Alameda,2021-01-30,3433,147666,1682,75040,1751,72626,0,0,2727,92279,700,27651,2727,119930,California
Alameda,2021-01-31,1906,149572,965,76005,941,73567,0,0,1662,93700,241,27892,1662,121592,California
Alameda,2021-02-01,5983,155555,3377,79382,2606,76173,0,0,4335,96394,1642,29534,4336,125928,California
Alameda,2021-02-02,7481,163036,4262,83644,3219,79392,0,0,4677,98279,2792,32326,4677,130605,California
Alameda,2021-02-03,7087,170123,3735,87379,3352,82744,0,0,4410,100023,2671,34997,4415,135020,California
Alameda,2021-02-04,9570,179693,4173,91552,5397,88141,0,0,6438,103353,3113,38110,6443,141463,California
Alameda,2021-02-05,10358,190051,5408,96960,4950,93091,0,0,6481,105969,3871,41981,6487,147950,California
Alameda,2021-02-06,6998,197049,4438,101398,2560,95651,0,0,5872,110717,1124,43105,5872,153822,California
Alameda,2021-02-07,3587,200636,2895,104293,692,96343,0,0,2640,112414,944,44049,2641,156463,California
Alameda,2021-02-08,8107,208743,5795,110088,2312,98655,0,0,5548,115417,2547,46596,5550,162013,California
Alameda,2021-02-09,9724,218467,5865,115953,3859,102514,0,0,6060,117834,3645,50241,6062,168075,California
Alameda,2021-02-10,11477,229944,6790,122743,4687,107201,0,0,6574,119531,4885,55126,6582,174657,California
Alameda,2021-02-11,13954,243898,8004,130747,5950,113151,0,0,8387,122373,5548,60674,8390,183047,California
Alameda,2021-02-12,12550,256448,5703,136450,6847,119998,0,0,7761,125362,4775,65449,7764,190811,California
Alameda,2021-02-13,7825,264273,4073,140523,3752,123750,0,0,5857,129258,1963,67412,5859,196670,California
Alameda,2021-02-14,4037,268310,2540,143063,1497,125247,0,0,2873,130974,1160,68572,2876,199546,California
Alameda,2021-02-15,5724,274034,3231,146294,2493,127740,0,0,3709,132676,2010,70582,3712,203258,California
Alameda,2021-02-16,12565,286599,6980,153274,5585,133325,0,0,9336,138799,3219,73801,9342,212600,California
Alameda,2021-02-17,14188,300787,8425,161699,5763,139088,0,0,10553,145739,3615,77416,10555,223155,California
Alameda,2021-02-18,15916,316703,10101,171800,5815,144903,0,0,11551,152940,4356,81772,11557,234712,California
Alameda,2021-02-19,17678,334381,11466,183266,6212,151115,0,0,11711,158712,5944,87716,11716,246428,California
Alameda,2021-02-20,11894,346275,9637,192903,2257,153372,0,0,9159,165147,2730,90446,9165,255593,California
Alameda,2021-02-21,7664,353939,6732,199635,932,154304,0,0,5180,167854,2473,92919,5180,260773,California
Alameda,2021-02-22,10821,364760,8036,207671,2785,157089,0,0,6854,170764,3953,96872,6863,267636,California
Alameda,2021-02-23,12945,377705,7933,215604,5012,162101,0,0,8125,174088,4808,101680,8132,275768,California
Alameda,2021-02-24,14795,392500,8336,223940,6459,168560,0,0,9629,178617,5105,106785,9634,285402,California
Alameda,2021-02-25,15676,408176,9164,233104,6512,175072,0,0,9986,182954,5657,112442,9994,295396,California
Alameda,2021-02-26,18149,426325,10678,243782,7471,182543,0,0,11738,188328,6368,118810,11742,307138,California
Alameda,2021-02-27,14924,441249,11023,254805,3899,186442,2,2,9287,192004,5615,124425,9291,316429,California
Alameda,2021-02-28,9189,450438,7748,262553,1441,187883,0,2,6102,195043,3064,127489,6103,322532,California
Alameda,2021-03-01,13518,463956,9453,272006,4058,191941,7,9,8420,198424,5053,132542,8434,330966,California
Alameda,2021-03-02,15062,479018,10834,282840,4227,196168,1,10,9894,203178,5148,137690,9902,340868,California
Alameda,2021-03-03,15459,494477,10031,292871,5427,201595,1,11,10529,208810,4902,142592,10534,351402,California
Alameda,2021-03-04,17369,511846,11101,303972,6266,207861,2,13,10917,213313,6416,149008,10919,362321,California
Alameda,2021-03-05,15892,527738,10257,314229,5626,213487,9,22,10654,218785,5197,154205,10669,372990,California
Alameda,2021-03-06,14286,542024,9995,324224,4027,217514,264,286,9381,223570,4861,159066,9646,382636,California
Alameda,2021-03-07,9425,551449,8161,332385,1183,218697,81,367,6639,227535,2757,161823,6722,389358,California
Alameda,2021-03-08,11693,563142,7187,339572,4127,222824,379,746,8679,233629,2964,164787,9058,398416,California
Alameda,2021-03-09,11458,574600,7085,346657,3942,226766,431,1177,6314,235267,5108,169895,6746,405162,California
Alameda,2021-03-10,16708,591308,11349,358006,4801,231567,558,1735,7526,234191,9156,179051,8080,413242,California
Alameda,2021-03-11,19794,611102,11575,369581,6514,238081,1705,3440,6753,229632,13011,192062,8452,421694,California
Alameda,2021-03-12,21178,632280,12329,381910,7193,245274,1656,5096,7470,225066,13683,205745,9117,430811,California
Alameda,2021-03-13,15848,648128,10100,392010,4760,250034,988,6084,5075,220387,10738,216483,6059,436870,California
Alameda,2021-03-14,10709,658837,7823,399833,2100,252134,786,6870,3389,217252,7300,223783,4165,441035,California
Alameda,2021-03-15,14344,673181,9345,409178,4481,256615,518,7388,6293,216039,8021,231804,6808,447843,California
Alameda,2021-03-16,17194,690375,11126,420304,5534,262149,534,7922,7393,214218,9749,241553,7928,455771,California
Alameda,2021-03-17,17408,707783,9805,430109,6907,269056,696,8618,8078,213702,9289,250842,8773,464544,California
Alameda,2021-03-18,19102,726885,10361,440470,7863,276919,878,9496,8766,213046,10304,261146,9648,474192,California
Alameda,2021-03-19,19138,746023,10366,450836,6987,283906,1785,11281,7629,210992,11461,272607,9407,483599,California
Alameda,2021-03-20,15644,761667,10204,461040,4615,288521,825,12106,6397,208993,9218,281825,7219,490818,California
Alameda,2021-03-21,9068,770735,7108,468148,1427,289948,533,12639,3755,207979,5303,287128,4289,495107,California
Alameda,2021-03-22,14903,785638,10018,478166,3906,293854,979,13618,7009,208094,7868,294996,7983,503090,California
Alameda,2021-03-23,19137,804775,11529,489695,6817,300671,791,14409,9854,209509,9236,304232,10651,513741,California
Alameda,2021-03-24,19035,823810,11462,501157,6579,307250,994,15403,8583,208689,10388,314620,9568,523309,California
Alameda,2021-03-25,20398,844208,11275,512432,7738,314988,1385,16788,9567,208866,10763,325383,10940,534249,California
Alameda,2021-03-26,20714,864922,12402,524834,6776,321764,1536,18324,8874,207474,11792,337175,10400,544649,California
Alameda,2021-03-27,18212,883134,12351,537185,4900,326664,961,19285,7850,205951,10317,347492,8794,553443,California
Alameda,2021-03-28,10452,893586,8464,545649,1784,328448,204,19489,3826,203376,6613,354105,4038,557481,California
Alameda,2021-03-29,14613,908199,9302,554951,4314,332762,997,20486,6280,202355,8298,362403,7277,564758,California
Alameda,2021-03-30,18486,926685,9707,564658,7081,339843,1698,22184,10830,207252,7625,370028,12522,577280,California
Alameda,2021-03-31,19276,945961,10151,574809,7055,346898,2070,24254,9544,209152,9706,379734,11606,588886,California
Alameda,2021-04-01,23189,969150,10035,584844,7642,354540,5512,29766,11093,213697,12059,391793,16604,605490,California
Alameda,2021-04-02,23906,993056,9914,594758,8290,362830,5702,35468,11628,218778,12243,404036,17324,622814,California
Alameda,2021-04-03,20186,1013242,9762,604520,5699,368529,4725,40193,10337,224009,9830,413866,15061,637875,California
Alameda,2021-04-04,9958,1023200,3982,608502,2292,370821,3684,43877,3511,224766,6433,420299,7190,645065,California
Alameda,2021-04-05,17808,1041008,7522,616024,5520,376341,4766,48643,7269,226285,10515,430814,12034,657099,California
Alameda,2021-04-06,22186,1063194,10713,626737,5648,381989,5825,54468,10109,230163,12041,442855,15919,673018,California
Alameda,2021-04-07,22488,1085682,11550,638287,5500,387489,5438,59906,11420,235988,11024,453879,16849,689867,California
Alameda,2021-04-08,25437,1111119,11505,649792,5969,393458,7963,67869,10871,240310,14496,468375,18818,708685,California
Alameda,2021-04-09,23332,1134451,10657,660449,7460,400918,5215,73084,12055,246334,11246,479621,17270,725955,California
Alameda,2021-04-10,18856,1153307,7432,667881,5599,406517,5825,78909,8191,249694,10640,490261,14000,739955,California
Alameda,2021-04-11,10996,1164303,4795,672676,2269,408786,3932,82841,4502,251641,6477,496738,8424,748379,California
Alameda,2021-04-12,17959,1182262,11719,684395,4308,413094,1932,84773,10131,255906,7793,504531,12058,760437,California
Alameda,2021-04-13,23021,1205283,14601,698996,8365,421459,55,84828,16957,266914,6015,510546,17023,777460,California
Alameda,2021-04-14,23044,1228327,15197,714193,7846,429305,1,84829,15611,275131,7402,517948,15619,793079,California
Alameda,2021-04-15,24106,1252433,15394,729587,8710,438015,2,84831,16008,283105,8043,525991,16017,809096,California
Alameda,2021-04-16,24397,1276830,14430,744017,9962,447977,5,84836,15734,290243,8613,534604,15751,824847,California
Alameda,2021-04-17,20875,1297705,14429,758446,6446,454423,0,84836,14414,298244,6428,541032,14429,839276,California
Alameda,2021-04-18,9949,1307654,7609,766055,2340,456763,0,84836,6895,302118,3026,544058,6900,846176,California
Alameda,2021-04-19,15671,1323325,9749,775804,5921,462684,1,84837,9083,304665,6546,550604,9093,855269,California
Alameda,2021-04-20,18190,1341515,11148,786952,7040,469724,2,84839,9987,306514,8160,558764,10009,865278,California
Alameda,2021-04-21,19178,1360693,11263,798215,7907,477631,8,84847,11201,309820,7922,566686,11228,876506,California
Alameda,2021-04-22,21406,1382099,13792,812007,7611,485242,3,84850,11344,311211,9981,576667,11372,887878,California
Alameda,2021-04-23,21678,1403777,14062,826069,7614,492856,2,84852,12094,313832,9501,586168,12122,900000,California
Alameda,2021-04-24,18977,1422754,14396,840465,4574,497430,7,84859,10009,314945,8913,595081,10026,910026,California
Alameda,2021-04-25,8824,1431578,6880,847345,1943,499373,1,84860,5696,317576,3076,598157,5707,915733,California
Alameda,2021-04-26,13755,1445333,9585,856930,4147,503520,23,84883,8516,320926,5198,603355,8548,924281,California
Alameda,2021-04-27,15687,1461020,9319,866249,6063,509583,305,85188,7345,320302,8298,611653,7674,931955,California
Alameda,2021-04-28,15961,1476981,10156,876405,5341,514924,464,85652,6220,317286,9714,621367,6698,938653,California
Alameda,2021-04-29,16721,1493702,10038,886443,6360,521284,323,85975,5990,312934,10686,632053,6334,944987,California
Alameda,2021-04-30,19443,1513145,12012,898455,7092,528376,339,86314,7866,309669,11506,643559,8241,953228,California
Alameda,2021-05-01,13956,1527101,9307,907762,4445,532821,204,86518,5187,306352,8740,652299,5423,958651,California
Alameda,2021-05-02,7043,1534144,4897,912659,1975,534796,171,86689,2870,305241,4157,656456,3046,961697,California
Alameda,2021-05-03,14413,1548557,10912,923571,3182,537978,319,87008,2823,296867,11548,668004,3174,964871,California
Alameda,2021-05-04,18233,1566790,13076,936647,4799,542777,358,87366,3646,286376,14525,682529,4034,968905,California
Alameda,2021-05-05,18309,1585099,13297,949944,4503,547280,509,87875,3734,276120,14512,697041,4256,973161,California
Alameda,2021-05-06,18552,1603651,14034,963978,3826,551106,692,88567,3595,265536,14884,711925,4300,977461,California
Alameda,2021-05-07,19094,1622745,12861,976839,5820,556926,413,88980,4350,255643,14675,726600,4782,982243,California
Alameda,2021-05-08,16455,1639200,11256,988095,4986,561912,213,89193,3100,245653,13316,739916,3326,985569,California
Alameda,2021-05-09,8506,1647706,6948,995043,1412,563324,146,89339,1461,240239,7024,746940,1610,987179,California
Alameda,2021-05-10,9962,1657668,6769,1001812,2865,566189,328,89667,2483,235606,7451,754391,2818,989997,California
Alameda,2021-05-11,14919,1672587,7960,1009772,6664,572853,295,89962,2711,226480,12166,766557,3040,993037,California
Alameda,2021-05-12,12508,1685095,8210,1017982,3888,576741,410,90372,2572,219593,9897,776454,3010,996047,California
Alameda,2021-05-13,16327,1701422,11644,1029626,4188,580929,495,90867,5089,214006,11203,787657,5616,1001663,California
Alameda,2021-05-14,20086,1721508,13689,1043315,5992,586921,405,91272,7041,208497,12972,800629,7463,1009126,California
Alameda,2021-05-15,16545,1738053,11978,1055293,4344,591265,223,91495,5665,203553,10837,811466,5893,1015019,California
Alameda,2021-05-16,5914,1743967,5129,1060422,742,592007,43,91538,1805,201313,4093,815559,1853,1016872,California
Alameda,2021-05-17,8749,1752716,6251,1066673,2103,594110,395,91933,2456,197906,6274,821833,2867,1019739,California
Alpine,2020-12-18,2,2,2,2,0,0,0,0,2,2,0,0,2,2,California
Alpine,2020-12-19,2,4,2,4,0,0,0,0,2,4,0,0,2,4,California
Alpine,2020-12-21,2,6,2,6,0,0,0,0,2,6,0,0,2,6,California
Alpine,2020-12-30,14,20,0,6,14,14,0,0,14,20,0,0,14,20,California
Alpine,2020-12-31,1,21,0,6,1,15,0,0,1,21,0,0,1,21,California
Alpine,2021-01-01,1,22,0,6,1,16,0,0,1,22,0,0,1,22,California
Alpine,2021-01-02,1,23,1,7,0,16,0,0,1,23,0,0,1,23,California
Alpine,2021-01-04,10,33,0,7,10,26,0,0,10,33,0,0,10,33,California
Alpine,2021-01-05,9,42,1,8,8,34,0,0,9,42,0,0,9,42,California
Alpine,2021-01-06,31,73,0,8,31,65,0,0,31,73,0,0,31,73,California
Alpine,2021-01-07,8,81,0,8,8,73,0,0,8,81,0,0,8,81,California
Alpine,2021-01-08,4,85,2,10,2,75,0,0,2,81,2,2,2,83,California
Alpine,2021-01-09,2,87,2,12,0,75,0,0,0,79,2,4,0,83,California
Alpine,2021-01-11,32,119,1,13,31,106,0,0,31,109,1,5,31,114,California
Alpine,2021-01-13,35,154,0,13,35,141,0,0,35,144,0,5,35,149,California
Alpine,2021-01-14,1,155,0,13,1,142,0,0,1,145,0,5,1,150,California
Alpine,2021-01-15,1,156,0,13,1,143,0,0,1,146,0,5,1,151,California
Alpine,2021-01-20,21,177,0,13,21,164,0,0,21,167,0,5,21,172,California
Alpine,2021-01-21,1,178,0,13,1,165,0,0,1,168,0,5,1,173,California
Alpine,2021-01-22,32,210,0,13,32,197,0,0,32,200,0,5,32,205,California
Alpine,2021-01-23,1,211,1,14,0,197,0,0,0,199,1,6,0,205,California
Alpine,2021-01-25,16,227,0,14,16,213,0,0,16,215,0,6,16,221,California
Alpine,2021-01-27,1,228,1,15,0,213,0,0,0,214,1,7,0,221,California
Alpine,2021-01-28,1,229,0,15,1,214,0,0,0,213,1,8,0,221,California
Alpine,2021-01-29,1,230,0,15,1,215,0,0,1,214,0,8,1,222,California
Alpine,2021-02-01,25,255,0,15,25,240,0,0,7,203,18,26,7,229,California
Alpine,2021-02-03,34,289,0,15,34,274,0,0,10,189,24,50,10,239,California
Alpine,2021-02-04,8,297,0,15,8,282,0,0,3,187,5,55,3,242,California
Alpine,2021-02-05,31,328,0,15,31,313,0,0,12,180,19,74,12,254,California
Alpine,2021-02-07,1,329,1,16,0,313,0,0,1,181,0,74,1,255,California
Alpine,2021-02-08,32,361,0,16,32,345,0,0,4,157,28,102,4,259,California
Alpine,2021-02-10,34,395,0,16,34,379,0,0,0,123,34,136,0,259,California
Alpine,2021-02-11,6,401,0,16,6,385,0,0,3,123,3,139,3,262,California
Alpine,2021-02-12,1,402,0,16,1,386,0,0,0,122,1,140,0,262,California
Alpine,2021-02-17,23,425,0,16,23,409,0,0,3,105,20,160,3,265,California
Alpine,2021-02-18,2,427,0,16,2,411,0,0,1,105,1,161,1,266,California
Alpine,2021-02-19,34,461,1,17,33,444,0,0,2,75,32,193,2,268,California
Alpine,2021-02-22,27,488,0,17,27,471,0,0,8,64,19,212,8,276,California
Alpine,2021-02-24,1,489,1,18,0,471,0,0,1,65,0,212,1,277,California
Alpine,2021-02-25,6,495,1,19,5,476,0,0,6,71,0,212,6,283,California
Alpine,2021-02-26,30,525,1,20,29,505,0,0,29,99,1,213,29,312,California
Alpine,2021-02-27,1,526,0,20,1,506,0,0,1,100,0,213,1,313,California
Alpine,2021-03-01,36,562,0,20,36,542,0,0,26,116,10,223,26,339,California
Alpine,2021-03-03,30,592,1,21,29,571,0,0,18,122,12,235,18,357,California
Alpine,2021-03-04,11,603,1,22,10,581,0,0,11,133,0,235,11,368,California
Alpine,2021-03-05,30,633,0,22,30,611,0,0,22,147,8,243,22,390,California
Alpine,2021-03-08,31,664,0,22,31,642,0,0,29,174,2,245,29,419,California
Alpine,2021-03-10,73,737,0,22,73,715,0,0,73,247,0,245,73,492,California
Alpine,2021-03-11,35,772,0,22,35,750,0,0,31,274,4,249,31,523,California
Alpine,2021-03-12,19,791,0,22,19,769,0,0,17,289,2,251,17,540,California
Alpine,2021-03-15,21,812,1,23,20,789,0,0,20,308,1,252,20,560,California
Alpine,2021-03-17,23,835,0,23,22,811,1,1,19,324,4,256,20,580,California
Alpine,2021-03-18,38,873,3,26,35,846,0,1,35,356,3,259,35,615,California
Alpine,2021-03-19,2,875,1,27,1,847,0,1,1,356,1,260,1,616,California
Alpine,2021-03-22,24,899,0,27,24,871,0,1,15,362,9,269,15,631,California
Alpine,2021-03-24,19,918,0,27,19,890,0,1,8,359,11,280,8,639,California
Alpine,2021-03-25,35,953,1,28,33,923,1,2,28,381,7,287,29,668,California
Alpine,2021-03-27,1,954,0,28,1,924,0,2,0,380,1,288,0,668,California
Alpine,2021-03-28,1,955,1,29,0,924,0,2,1,381,0,288,1,669,California
Alpine,2021-03-29,19,974,0,29,18,942,1,3,2,367,17,305,3,672,California
Alpine,2021-04-01,18,992,0,29,18,960,0,3,8,365,10,315,8,680,California
Alpine,2021-04-02,101,1093,1,30,100,1060,0,3,46,357,54,369,46,726,California
Alpine,2021-04-05,4,1097,1,31,3,1063,0,3,0,353,4,373,0,726,California
Alpine,2021-04-06,3,1100,2,33,1,1064,0,3,2,354,1,374,2,728,California
Alpine,2021-04-07,117,1217,0,33,116,1180,1,4,30,299,86,460,31,759,California
Alpine,2021-04-08,37,1254,0,33,35,1215,2,6,10,284,27,487,12,771,California
Alpine,2021-04-09,1,1255,0,33,1,1216,0,6,1,285,0,487,1,772,California
Alpine,2021-04-14,47,1302,0,33,47,1263,0,6,10,258,37,524,10,782,California
Alpine,2021-04-15,35,1337,0,33,35,1298,0,6,3,229,32,556,3,785,California
Alpine,2021-04-16,1,1338,0,33,1,1299,0,6,1,230,0,556,1,786,California
Alpine,2021-04-19,1,1339,0,33,1,1300,0,6,1,231,0,556,1,787,California
Alpine,2021-04-21,31,1370,0,33,31,1331,0,6,15,230,16,572,15,802,California
Alpine,2021-04-22,24,1394,0,33,24,1355,0,6,1,208,23,595,1,803,California
Alpine,2021-04-24,2,1396,2,35,0,1355,0,6,0,207,2,597,1,804,California
Alpine,2021-04-25,1,1397,1,36,0,1355,0,6,0,206,1,598,0,804,California
Alpine,2021-04-27,2,1399,1,37,1,1356,0,6,1,206,1,599,1,805,California
Alpine,2021-04-28,36,1435,0,37,36,1392,0,6,6,182,30,629,6,811,California
Alpine,2021-04-29,7,1442,1,38,6,1398,0,6,1,177,6,635,1,812,California
Alpine,2021-04-30,2,1444,1,39,0,1398,1,7,1,178,1,636,2,814,California
Alpine,2021-05-02,1,1445,0,39,0,1398,1,8,0,178,1,637,1,815,California
Alpine,2021-05-05,17,1462,0,39,17,1415,0,8,4,169,13,650,4,819,California
Alpine,2021-05-06,7,1469,0,39,7,1422,0,8,0,162,7,657,0,819,California
Alpine,2021-05-07,1,1470,0,39,1,1423,0,8,0,161,1,658,0,819,California
Alpine,2021-05-10,1,1471,0,39,1,1424,0,8,1,162,0,658,1,820,California
Alpine,2021-05-12,1,1472,0,39,0,1424,1,9,0,162,1,659,1,821,California
Alpine,2021-05-13,3,1475,0,39,3,1427,0,9,0,159,3,662,0,821,California
Alpine,2021-05-17,2,1477,0,39,2,1429,0,9,1,159,1,663,1,822,California
Amador,2020-12-16,2,2,2,2,0,0,0,0,2,2,0,0,2,2,California
Amador,2020-12-17,5,7,5,7,0,0,0,0,5,7,0,0,5,7,California
Amador,2020-12-18,45,52,45,52,0,0,0,0,45,52,0,0,45,52,California
Amador,2020-12-19,17,69,17,69,0,0,0,0,17,69,0,0,17,69,California
Amador,2020-12-20,4,73,4,73,0,0,0,0,4,73,0,0,4,73,California
Amador,2020-12-21,31,104,31,104,0,0,0,0,31,104,0,0,31,104,California
Amador,2020-12-22,35,139,34,138,1,1,0,0,35,139,0,0,35,139,California
Amador,2020-12-23,39,178,38,176,1,2,0,0,39,178,0,0,39,178,California
Amador,2020-12-24,5,183,3,179,2,4,0,0,5,183,0,0,5,183,California
Amador,2020-12-26,5,188,4,183,1,5,0,0,5,188,0,0,5,188,California
Amador,2020-12-27,1,189,0,183,1,6,0,0,1,189,0,0,1,189,California
Amador,2020-12-28,31,220,27,210,4,10,0,0,31,220,0,0,31,220,California
Amador,2020-12-29,26,246,19,229,7,17,0,0,26,246,0,0,26,246,California
Amador,2020-12-30,124,370,78,307,46,63,0,0,124,370,0,0,124,370,California
Amador,2020-12-31,191,561,166,473,25,88,0,0,191,561,0,0,191,561,California
Amador,2021-01-01,2,563,0,473,2,90,0,0,2,563,0,0,2,563,California
Amador,2021-01-02,56,619,56,529,0,90,0,0,56,619,0,0,56,619,California
Amador,2021-01-03,65,684,17,546,48,138,0,0,65,684,0,0,65,684,California
Amador,2021-01-04,124,808,1,547,123,261,0,0,124,808,0,0,124,808,California
Amador,2021-01-05,33,841,3,550,30,291,0,0,31,838,2,2,32,840,California
Amador,2021-01-06,40,881,10,560,30,321,0,0,36,870,4,6,36,876,California
Amador,2021-01-07,230,1111,69,629,161,482,0,0,218,1076,12,18,218,1094,California
Amador,2021-01-08,84,1195,70,699,14,496,0,0,40,1073,44,62,41,1135,California
Amador,2021-01-09,11,1206,11,710,0,496,0,0,2,1066,9,71,2,1137,California
Amador,2021-01-10,6,1212,4,714,2,498,0,0,2,1064,4,75,2,1139,California
Amador,2021-01-11,124,1336,44,758,80,578,0,0,87,1115,37,112,88,1227,California
Amador,2021-01-12,64,1400,49,807,15,593,0,0,40,1131,24,136,40,1267,California
Amador,2021-01-13,38,1438,23,830,15,608,0,0,26,1145,12,148,26,1293,California
Amador,2021-01-14,147,1585,20,850,127,735,0,0,137,1273,10,158,138,1431,California
Amador,2021-01-15,56,1641,25,875,31,766,0,0,48,1313,8,166,48,1479,California
Amador,2021-01-16,19,1660,12,887,7,773,0,0,13,1321,6,172,14,1493,California
Amador,2021-01-17,26,1686,6,893,20,793,0,0,26,1347,0,172,26,1519,California
Amador,2021-01-18,32,1718,28,921,4,797,0,0,10,1335,22,194,10,1529,California
Amador,2021-01-19,121,1839,96,1017,25,822,0,0,77,1368,44,238,77,1606,California
Amador,2021-01-20,184,2023,34,1051,150,972,0,0,168,1521,15,253,168,1774,California
Amador,2021-01-21,255,2278,224,1275,31,1003,0,0,145,1557,110,363,146,1920,California
Amador,2021-01-22,135,2413,73,1348,62,1065,0,0,128,1678,7,370,128,2048,California
Amador,2021-01-23,52,2465,32,1380,20,1085,0,0,50,1726,2,372,50,2098,California
Amador,2021-01-24,28,2493,12,1392,16,1101,0,0,25,1748,3,375,25,2123,California
Amador,2021-01-25,59,2552,28,1420,31,1132,0,0,42,1773,17,392,42,2165,California
Amador,2021-01-26,245,2797,17,1437,228,1360,0,0,235,1998,10,402,235,2400,California
Amador,2021-01-27,299,3096,32,1469,267,1627,0,0,252,2206,45,447,253,2653,California
Amador,2021-01-28,368,3464,97,1566,271,1898,0,0,287,2413,81,528,288,2941,California
Amador,2021-01-29,97,3561,31,1597,66,1964,0,0,82,2480,15,543,82,3023,California
Amador,2021-01-30,169,3730,36,1633,133,2097,0,0,164,2639,5,548,164,3187,California
Amador,2021-01-31,32,3762,28,1661,4,2101,0,0,31,2669,1,549,31,3218,California
Amador,2021-02-01,63,3825,23,1684,40,2141,0,0,36,2678,27,576,36,3254,California
Amador,2021-02-02,212,4037,63,1747,149,2290,0,0,126,2721,83,659,126,3380,California
Amador,2021-02-03,141,4178,38,1785,103,2393,0,0,90,2761,50,709,90,3470,California
Amador,2021-02-04,250,4428,74,1859,176,2569,0,0,164,2841,86,795,166,3636,California
Amador,2021-02-05,331,4759,63,1922,268,2837,0,0,315,3140,16,811,315,3951,California
Amador,2021-02-06,100,4859,81,2003,19,2856,0,0,96,3232,4,815,96,4047,California
Amador,2021-02-07,39,4898,35,2038,4,2860,0,0,35,3264,4,819,36,4083,California
Amador,2021-02-08,90,4988,62,2100,28,2888,0,0,73,3320,17,836,73,4156,California
Amador,2021-02-09,175,5163,83,2183,92,2980,0,0,110,3365,65,901,110,4266,California
Amador,2021-02-10,978,6141,80,2263,898,3878,0,0,945,4277,33,934,945,5211,California
Amador,2021-02-11,307,6448,119,2382,188,4066,0,0,201,4374,104,1038,201,5412,California
Amador,2021-02-12,330,6778,121,2503,209,4275,0,0,257,4558,73,1111,257,5669,California
Amador,2021-02-13,166,6944,82,2585,84,4359,0,0,140,4672,26,1137,140,5809,California
Amador,2021-02-14,123,7067,54,2639,69,4428,0,0,106,4761,17,1154,106,5915,California
Amador,2021-02-15,187,7254,61,2700,126,4554,0,0,170,4915,16,1170,170,6085,California
Amador,2021-02-16,464,7718,53,2753,411,4965,0,0,425,5302,39,1209,426,6511,California
Amador,2021-02-17,263,7981,84,2837,179,5144,0,0,166,5371,97,1306,166,6677,California
Amador,2021-02-18,398,8379,99,2936,299,5443,0,0,336,5646,62,1368,337,7014,California
Amador,2021-02-19,195,8574,77,3013,118,5561,0,0,112,5675,83,1451,112,7126,California
Amador,2021-02-20,95,8669,33,3046,62,5623,0,0,67,5714,28,1479,67,7193,California
Amador,2021-02-21,45,8714,34,3080,11,5634,0,0,15,5699,30,1509,15,7208,California
Amador,2021-02-22,65,8779,26,3106,39,5673,0,0,32,5699,32,1541,32,7240,California
Amador,2021-02-23,320,9099,54,3160,266,5939,0,0,140,5660,180,1721,141,7381,California
Amador,2021-02-24,393,9492,56,3216,337,6276,0,0,262,5795,127,1848,262,7643,California
Amador,2021-02-25,522,10014,117,3333,405,6681,0,0,279,5832,242,2090,279,7922,California
Amador,2021-02-26,613,10627,75,3408,538,7219,0,0,505,6230,108,2198,506,8428,California
Amador,2021-02-27,293,10920,93,3501,200,7419,0,0,102,6144,190,2388,104,8532,California
Amador,2021-02-28,103,11023,53,3554,50,7469,0,0,57,6157,46,2434,59,8591,California
Amador,2021-03-01,188,11211,66,3620,122,7591,0,0,119,6208,69,2503,120,8711,California
Amador,2021-03-02,381,11592,64,3684,317,7908,0,0,331,6490,50,2553,332,9043,California
Amador,2021-03-03,243,11835,79,3763,164,8072,0,0,167,6583,75,2628,168,9211,California
Amador,2021-03-04,497,12332,116,3879,381,8453,0,0,394,6875,102,2730,394,9605,California
Amador,2021-03-05,513,12845,77,3956,436,8889,0,0,294,6953,218,2948,296,9901,California
Amador,2021-03-06,99,12944,45,4001,53,8942,1,1,54,6963,45,2993,55,9956,California
Amador,2021-03-07,63,13007,42,4043,21,8963,0,1,20,6940,43,3036,20,9976,California
Amador,2021-03-08,152,13159,71,4114,80,9043,1,2,91,6971,61,3097,92,10068,California
Amador,2021-03-09,370,13529,50,4164,320,9363,0,2,292,7188,75,3172,292,10360,California
Amador,2021-03-10,512,14041,77,4241,433,9796,2,4,111,6901,401,3573,114,10474,California
Amador,2021-03-11,474,14515,118,4359,345,10141,11,15,299,7040,174,3747,313,10787,California
Amador,2021-03-12,570,15085,66,4425,496,10637,8,23,338,7160,231,3978,351,11138,California
Amador,2021-03-13,114,15199,18,4443,89,10726,7,30,74,7205,40,4018,85,11223,California
Amador,2021-03-14,89,15288,19,4462,67,10793,3,33,21,7161,68,4086,24,11247,California
Amador,2021-03-15,179,15467,26,4488,146,10939,7,40,55,7101,124,4210,64,11311,California
Amador,2021-03-16,450,15917,54,4542,386,11325,10,50,138,6939,310,4520,148,11459,California
Amador,2021-03-17,192,16109,42,4584,147,11472,3,53,116,6983,76,4596,120,11579,California
Amador,2021-03-18,477,16586,100,4684,373,11845,4,57,251,7016,226,4822,259,11838,California
Amador,2021-03-19,541,17127,56,4740,468,12313,17,74,391,7279,148,4970,411,12249,California
Amador,2021-03-20,110,17237,45,4785,64,12377,1,75,46,7265,63,5033,49,12298,California
Amador,2021-03-21,48,17285,36,4821,11,12388,1,76,31,7283,16,5049,34,12332,California
Amador,2021-03-22,115,17400,33,4854,53,12441,29,105,51,7299,64,5113,80,12412,California
Amador,2021-03-23,435,17835,47,4901,380,12821,8,113,276,7426,158,5271,285,12697,California
Amador,2021-03-24,342,18177,35,4936,54,12875,253,366,34,7406,307,5578,287,12984,California
Amador,2021-03-25,607,18784,85,5021,516,13391,6,372,395,7596,211,5789,401,13385,California
Amador,2021-03-26,742,19526,44,5065,692,14083,6,378,280,7425,460,6249,289,13674,California
Amador,2021-03-27,91,19617,15,5080,74,14157,2,380,27,7392,64,6313,31,13705,California
Amador,2021-03-28,69,19686,16,5096,51,14208,2,382,13,7353,55,6368,16,13721,California
Amador,2021-03-29,180,19866,26,5122,153,14361,1,383,81,7343,97,6465,87,13808,California
Amador,2021-03-30,535,20401,28,5150,506,14867,1,384,294,7398,240,6705,295,14103,California
Amador,2021-03-31,199,20600,57,5207,137,15004,5,389,43,7291,155,6860,48,14151,California
Amador,2021-04-01,615,21215,87,5294,528,15532,0,389,263,7207,349,7209,265,14416,California
Amador,2021-04-02,605,21820,38,5332,555,16087,12,401,380,7376,224,7433,393,14809,California
Amador,2021-04-03,84,21904,20,5352,44,16131,20,421,21,7356,63,7496,43,14852,California
Amador,2021-04-04,38,21942,3,5355,29,16160,6,427,15,7354,23,7519,21,14873,California
Amador,2021-04-05,144,22086,52,5407,75,16235,17,444,49,7328,94,7613,68,14941,California
Amador,2021-04-06,502,22588,38,5445,445,16680,19,463,222,7291,278,7891,241,15182,California
Amador,2021-04-07,99,22687,34,5479,46,16726,19,482,43,7299,54,7945,62,15244,California
Amador,2021-04-08,494,23181,84,5563,389,17115,21,503,221,7269,272,8217,242,15486,California
Amador,2021-04-09,482,23663,21,5584,442,17557,19,522,212,7229,269,8486,229,15715,California
Amador,2021-04-10,50,23713,14,5598,27,17584,9,531,22,7232,28,8514,31,15746,California
Amador,2021-04-11,50,23763,25,5623,21,17605,4,535,23,7233,26,8540,27,15773,California
Amador,2021-04-12,97,23860,25,5648,62,17667,10,545,41,7228,56,8596,51,15824,California
Amador,2021-04-13,344,24204,50,5698,294,17961,0,545,68,7021,275,8871,68,15892,California
Amador,2021-04-14,278,24482,26,5724,252,18213,0,545,177,7098,100,8971,177,16069,California
Amador,2021-04-15,330,24812,73,5797,257,18470,0,545,72,6917,253,9224,72,16141,California
Amador,2021-04-16,482,25294,29,5826,453,18923,0,545,384,7205,96,9320,384,16525,California
Amador,2021-04-17,60,25354,34,5860,26,18949,0,545,26,7197,34,9354,26,16551,California
Amador,2021-04-18,26,25380,6,5866,20,18969,0,545,11,7194,14,9368,11,16562,California
Amador,2021-04-19,69,25449,27,5893,42,19011,0,545,31,7190,37,9405,33,16595,California
Amador,2021-04-20,436,25885,54,5947,382,19393,0,545,111,6985,318,9723,113,16708,California
Amador,2021-04-21,85,25970,33,5980,52,19445,0,545,43,6987,41,9764,43,16751,California
Amador,2021-04-22,496,26466,77,6057,418,19863,1,546,104,6707,385,10149,105,16856,California
Amador,2021-04-23,358,26824,46,6103,312,20175,0,546,286,6924,71,10220,288,17144,California
Amador,2021-04-24,47,26871,23,6126,24,20199,0,546,26,6930,20,10240,26,17170,California
Amador,2021-04-25,41,26912,19,6145,22,20221,0,546,29,6947,12,10252,29,17199,California
Amador,2021-04-26,86,26998,26,6171,59,20280,1,547,41,6945,44,10296,42,17241,California
Amador,2021-04-27,488,27486,37,6208,451,20731,0,547,86,6632,400,10696,87,17328,California
Amador,2021-04-28,67,27553,29,6237,34,20765,4,551,39,6647,28,10724,43,17371,California
Amador,2021-04-29,221,27774,69,6306,44,20809,108,659,64,6661,157,10881,171,17542,California
Amador,2021-04-30,338,28112,26,6332,308,21117,4,663,96,6519,242,11123,100,17642,California
Amador,2021-05-01,42,28154,16,6348,22,21139,4,667,22,6527,18,11141,26,17668,California
Amador,2021-05-02,26,28180,14,6362,9,21148,3,670,9,6523,17,11158,13,17681,California
Amador,2021-05-03,67,28247,33,6395,24,21172,10,680,27,6520,40,11198,37,17718,California
Amador,2021-05-04,465,28712,25,6420,433,21605,7,687,68,6198,397,11595,75,17793,California
Amador,2021-05-05,202,28914,153,6573,40,21645,9,696,163,6331,39,11634,172,17965,California
Amador,2021-05-06,108,29022,54,6627,49,21694,5,701,63,6356,43,11677,68,18033,California
Amador,2021-05-07,127,29149,30,6657,90,21784,7,708,68,6372,59,11736,75,18108,California
Amador,2021-05-08,41,29190,7,6664,30,21814,4,712,19,6373,22,11758,23,18131,California
Amador,2021-05-09,15,29205,0,6664,9,21823,6,718,4,6372,11,11769,10,18141,California
Amador,2021-05-10,62,29267,15,6679,44,21867,3,721,26,6365,36,11805,29,18170,California
Amador,2021-05-11,101,29368,33,6712,42,21909,26,747,45,6380,56,11861,71,18241,California
Amador,2021-05-12,62,29430,20,6732,41,21950,1,748,28,6375,34,11895,29,18270,California
Amador,2021-05-13,71,29501,39,6771,28,21978,4,752,35,6379,35,11930,39,18309,California
Amador,2021-05-14,77,29578,32,6803,41,22019,4,756,47,6400,30,11960,51,18360,California
Amador,2021-05-15,43,29621,16,6819,18,22037,9,765,19,6404,24,11984,28,18388,California
Amador,2021-05-16,22,29643,12,6831,10,22047,0,765,9,6400,13,11997,9,18397,California
Amador,2021-05-17,37,29680,10,6841,27,22074,0,765,18,6400,18,12015,18,18415,California
Butte,2020-12-16,3,3,3,3,0,0,0,0,3,3,0,0,3,3,California
Butte,2020-12-17,21,24,21,24,0,0,0,0,21,24,0,0,21,24,California
Butte,2020-12-18,50,74,50,74,0,0,0,0,50,74,0,0,50,74,California
Butte,2020-12-19,7,81,7,81,0,0,0,0,7,81,0,0,7,81,California
Butte,2020-12-20,10,91,10,91,0,0,0,0,10,91,0,0,10,91,California
Butte,2020-12-21,634,725,634,725,0,0,0,0,634,725,0,0,634,725,California
Butte,2020-12-22,618,1343,616,1341,2,2,0,0,618,1343,0,0,618,1343,California
Butte,2020-12-23,870,2213,854,2195,16,18,0,0,870,2213,0,0,870,2213,California
Butte,2020-12-24,159,2372,155,2350,4,22,0,0,159,2372,0,0,159,2372,California
Butte,2020-12-26,93,2465,91,2441,2,24,0,0,93,2465,0,0,93,2465,California
Butte,2020-12-27,35,2500,34,2475,1,25,0,0,35,2500,0,0,35,2500,California
Butte,2020-12-28,279,2779,273,2748,6,31,0,0,279,2779,0,0,279,2779,California
Butte,2020-12-29,203,2982,179,2927,24,55,0,0,203,2982,0,0,203,2982,California
Butte,2020-12-30,513,3495,291,3218,222,277,0,0,513,3495,0,0,513,3495,California
Butte,2020-12-31,211,3706,18,3236,193,470,0,0,211,3706,0,0,211,3706,California
Butte,2021-01-01,8,3714,1,3237,7,477,0,0,8,3714,0,0,8,3714,California
Butte,2021-01-02,41,3755,38,3275,3,480,0,0,41,3755,0,0,41,3755,California
Butte,2021-01-03,4,3759,1,3276,3,483,0,0,4,3759,0,0,4,3759,California
Butte,2021-01-04,208,3967,175,3451,33,516,0,0,208,3967,0,0,208,3967,California
Butte,2021-01-05,197,4164,152,3603,45,561,0,0,196,4162,1,1,196,4163,California
Butte,2021-01-06,624,4788,397,4000,227,788,0,0,619,4777,5,6,620,4783,California
Butte,2021-01-07,761,5549,369,4369,392,1180,0,0,741,5498,20,26,741,5524,California
Butte,2021-01-08,668,6217,529,4898,139,1319,0,0,622,6074,46,72,622,6146,California
Butte,2021-01-09,12,6229,7,4905,5,1324,0,0,7,6076,5,77,7,6153,California
Butte,2021-01-10,19,6248,5,4910,14,1338,0,0,14,6085,5,82,14,6167,California
Butte,2021-01-11,985,7233,949,5859,36,1374,0,0,357,5817,628,710,360,6527,California
Butte,2021-01-12,698,7931,653,6512,45,1419,0,0,274,5667,424,1134,274,6801,California
Butte,2021-01-13,1451,9382,957,7469,494,1913,0,0,616,5450,835,1969,618,7419,California
Butte,2021-01-14,1635,11017,894,8363,741,2654,0,0,1439,6694,195,2164,1439,8858,California
Butte,2021-01-15,1167,12184,925,9288,242,2896,0,0,1058,7642,110,2274,1058,9916,California
Butte,2021-01-16,586,12770,300,9588,286,3182,0,0,541,8138,45,2319,541,10457,California
Butte,2021-01-17,239,13009,64,9652,175,3357,0,0,202,8303,37,2356,202,10659,California
Butte,2021-01-18,344,13353,302,9954,42,3399,0,0,276,8512,67,2423,276,10935,California
Butte,2021-01-19,497,13850,433,10387,64,3463,0,0,224,8463,273,2696,224,11159,California
Butte,2021-01-20,1370,15220,689,11076,681,4144,0,0,1067,9227,303,2999,1067,12226,California
Butte,2021-01-21,1474,16694,866,11942,608,4752,0,0,1366,10486,107,3106,1366,13592,California
Butte,2021-01-22,1136,17830,477,12419,659,5411,0,0,1083,11516,53,3159,1083,14675,California
Butte,2021-01-23,129,17959,87,12506,42,5453,0,0,103,11593,26,3185,103,14778,California
Butte,2021-01-24,9,17968,7,12513,2,5455,0,0,9,11602,0,3185,9,14787,California
Butte,2021-01-25,655,18623,335,12848,320,5775,0,0,492,11931,163,3348,492,15279,California
Butte,2021-01-26,1468,20091,377,13225,1091,6866,0,0,1331,13125,137,3485,1331,16610,California
Butte,2021-01-27,2093,22184,706,13931,1387,8253,0,0,1363,13759,729,4214,1363,17973,California
Butte,2021-01-28,2261,24445,260,14191,2001,10254,0,0,1951,15401,309,4523,1951,19924,California
Butte,2021-01-29,1686,26131,487,14678,1199,11453,0,0,1307,16330,378,4901,1307,21231,California
Butte,2021-01-30,32,26163,9,14687,23,11476,0,0,29,16356,3,4904,29,21260,California
Butte,2021-01-31,16,26179,14,14701,2,11478,0,0,15,16370,1,4905,15,21275,California
Butte,2021-02-01,1750,27929,406,15107,1344,12822,0,0,1362,17346,386,5291,1362,22637,California
Butte,2021-02-02,1931,29860,363,15470,1568,14390,0,0,1628,18670,304,5595,1628,24265,California
Butte,2021-02-03,2739,32599,775,16245,1964,16354,0,0,1848,19629,889,6484,1848,26113,California
Butte,2021-02-04,2961,35560,327,16572,2634,18988,0,0,2404,21478,555,7039,2404,28517,California
Butte,2021-02-05,1271,36831,668,17240,603,19591,0,0,550,21308,721,7760,551,29068,California
Butte,2021-02-06,144,36975,103,17343,41,19632,0,0,62,21288,82,7842,62,29130,California
Butte,2021-02-07,37,37012,33,17376,4,19636,0,0,13,21277,24,7866,13,29143,California
Butte,2021-02-08,693,37705,544,17920,149,19785,0,0,239,21062,454,8320,239,29382,California
Butte,2021-02-09,953,38658,459,18379,494,20279,0,0,723,21555,230,8550,723,30105,California
Butte,2021-02-10,1706,40364,1190,19569,516,20795,0,0,675,21201,1029,9579,675,30780,California
Butte,2021-02-11,2202,42566,1349,20918,853,21648,0,0,1006,21011,1196,10775,1006,31786,California
Butte,2021-02-12,1001,43567,433,21351,568,22216,0,0,330,20671,670,11445,330,32116,California
Butte,2021-02-13,252,43819,44,21395,208,22424,0,0,150,20719,102,11547,150,32266,California
Butte,2021-02-14,161,43980,9,21404,152,22576,0,0,156,20870,5,11552,156,32422,California
Butte,2021-02-15,263,44243,47,21451,216,22792,0,0,198,21003,65,11617,198,32620,California
Butte,2021-02-16,733,44976,433,21884,300,23092,0,0,275,20819,459,12076,275,32895,California
Butte,2021-02-17,1516,46492,849,22733,667,23759,0,0,842,20989,672,12748,842,33737,California
Butte,2021-02-18,1557,48049,763,23496,794,24553,0,0,747,20926,810,13558,747,34484,California
Butte,2021-02-19,1166,49215,387,23883,779,25332,0,0,401,20569,758,14316,401,34885,California
Butte,2021-02-20,478,49693,32,23915,446,25778,0,0,125,20342,352,14668,125,35010,California
Butte,2021-02-21,18,49711,16,23931,2,25780,0,0,13,20350,5,14673,13,35023,California
Butte,2021-02-22,1501,51212,298,24229,1203,26983,0,0,379,19610,1119,15792,379,35402,California
Butte,2021-02-23,1634,52846,297,24526,1337,28320,0,0,462,18905,1167,16959,462,35864,California
Butte,2021-02-24,2135,54981,596,25122,1539,29859,0,0,727,18232,1400,18359,727,36591,California
Butte,2021-02-25,2078,57059,580,25702,1498,31357,0,0,656,17472,1417,19776,657,37248,California
Butte,2021-02-26,921,57980,311,26013,610,31967,0,0,396,17346,522,20298,396,37644,California
Butte,2021-02-27,236,58216,48,26061,188,32155,0,0,186,17484,48,20346,186,37830,California
Butte,2021-02-28,140,58356,16,26077,124,32279,0,0,132,17608,8,20354,132,37962,California
Butte,2021-03-01,1630,59986,178,26255,1451,33730,1,1,329,16640,1298,21652,330,38292,California
Butte,2021-03-02,1747,61733,198,26453,1549,35279,0,1,313,15523,1430,23082,313,38605,California
Butte,2021-03-03,2786,64519,850,27303,1936,37215,0,1,481,13701,2303,25385,481,39086,California
Butte,2021-03-04,3146,67665,680,27983,2466,39681,0,1,623,11802,2522,27907,623,39709,California
Butte,2021-03-05,1347,69012,615,28598,731,40412,1,2,734,11927,610,28517,735,40444,California
Butte,2021-03-06,247,69259,27,28625,197,40609,23,25,186,12076,60,28577,209,40653,California
Butte,2021-03-07,55,69314,3,28628,35,40644,17,42,30,12098,25,28602,47,40700,California
Butte,2021-03-08,1265,70579,129,28757,1059,41703,77,119,1100,13113,162,28764,1177,41877,California
Butte,2021-03-09,1900,72479,280,29037,1517,43220,103,222,1412,14143,485,29249,1515,43392,California
Butte,2021-03-10,2321,74800,966,30003,1254,44474,101,323,1579,15085,737,29986,1679,45071,California
Butte,2021-03-11,2809,77609,1317,31320,1366,45840,126,449,1982,16377,816,30802,2108,47179,California
Butte,2021-03-12,1146,78755,329,31649,468,46308,349,798,357,16300,783,31585,706,47885,California
Butte,2021-03-13,256,79011,69,31718,138,46446,49,847,64,16220,192,31777,112,47997,California
Butte,2021-03-14,161,79172,15,31733,104,46550,42,889,20,16142,140,31917,62,48059,California
Butte,2021-03-15,1722,80894,360,32093,1069,47619,293,1182,1127,16974,588,32505,1420,49479,California
Butte,2021-03-16,1632,82526,417,32510,1137,48756,78,1260,1092,17606,537,33042,1169,50648,California
Butte,2021-03-17,1954,84480,1358,33868,515,49271,81,1341,1136,18012,810,33852,1216,51864,California
Butte,2021-03-18,1806,86286,1464,35332,213,49484,129,1470,1062,18464,738,34590,1190,53054,California
Butte,2021-03-19,700,86986,314,35646,302,49786,84,1554,346,18550,344,34934,430,53484,California
Butte,2021-03-20,205,87191,32,35678,157,49943,16,1570,93,18547,112,35046,109,53593,California
Butte,2021-03-21,58,87249,27,35705,2,49945,29,1599,15,18548,43,35089,44,53637,California
Butte,2021-03-22,1463,88712,353,36058,1016,50961,94,1693,1198,19577,263,35352,1292,54929,California
Butte,2021-03-23,1805,90517,493,36551,1198,52159,114,1807,1455,20799,347,35699,1569,56498,California
Butte,2021-03-24,2252,92769,1270,37821,856,53015,126,1933,1703,22082,545,36244,1828,58326,California
Butte,2021-03-25,1485,94254,1202,39023,191,53206,92,2025,1021,22735,460,36704,1113,59439,California
Butte,2021-03-26,1211,95465,441,39464,524,53730,246,2271,566,22910,637,37341,812,60251,California
Butte,2021-03-27,300,95765,84,39548,192,53922,24,2295,134,22903,163,37504,156,60407,California
Butte,2021-03-28,227,95992,44,39592,175,54097,8,2303,102,22890,122,37626,109,60516,California
Butte,2021-03-29,1720,97712,381,39973,1269,55366,70,2373,1305,23855,410,38036,1375,61891,California
Butte,2021-03-30,1041,98753,471,40444,480,55846,90,2463,496,23902,539,38575,586,62477,California
Butte,2021-03-31,1779,100532,1305,41749,407,56253,67,2530,1089,24374,684,39259,1156,63633,California
Butte,2021-04-01,3289,103821,2670,44419,492,56745,127,2657,2219,25657,1064,40323,2347,65980,California
Butte,2021-04-02,999,104820,417,44836,462,57207,120,2777,560,25904,431,40754,678,66658,California
Butte,2021-04-03,347,105167,47,44883,225,57432,75,2852,165,25962,182,40936,240,66898,California
Butte,2021-04-04,186,105353,23,44906,140,57572,23,2875,107,26016,77,41013,131,67029,California
Butte,2021-04-05,1955,107308,421,45327,1363,58935,171,3046,594,25427,1352,42365,763,67792,California
Butte,2021-04-06,2192,109500,619,45946,1153,60088,420,3466,795,25248,1391,43756,1212,69004,California
Butte,2021-04-07,3008,112508,1312,47258,1304,61392,392,3858,699,24036,2303,46059,1091,70095,California
Butte,2021-04-08,2720,115228,1189,48447,1266,62658,265,4123,438,22460,2279,48338,703,70798,California
Butte,2021-04-09,1365,116593,349,48796,536,63194,480,4603,324,22223,1038,49376,801,71599,California
Butte,2021-04-10,220,116813,48,48844,75,63269,97,4700,96,22292,123,49499,192,71791,California
Butte,2021-04-11,107,116920,45,48889,52,63321,10,4710,83,22363,22,49521,93,71884,California
Butte,2021-04-12,1407,118327,314,49203,960,64281,133,4843,252,21593,1155,50676,385,72269,California
Butte,2021-04-13,1641,119968,571,49774,1064,65345,6,4849,350,20665,1284,51960,356,72625,California
Butte,2021-04-14,2827,122795,2337,52111,490,65835,0,4849,1311,20466,1511,53471,1312,73937,California
Butte,2021-04-15,640,123435,395,52506,245,66080,0,4849,483,20795,154,53625,483,74420,California
Butte,2021-04-16,809,124244,415,52921,394,66474,0,4849,474,20937,332,53957,474,74894,California
Butte,2021-04-17,341,124585,62,52983,279,66753,0,4849,239,21076,100,54057,239,75133,California
Butte,2021-04-18,41,124626,11,52994,30,66783,0,4849,37,21109,4,54061,37,75170,California
Butte,2021-04-19,1558,126184,380,53374,1178,67961,0,4849,446,20446,1109,55170,446,75616,California
Butte,2021-04-20,1967,128151,714,54088,1253,69214,0,4849,774,20033,1187,56357,774,76390,California
Butte,2021-04-21,2050,130201,1166,55254,884,70098,0,4849,481,18951,1563,57920,481,76871,California
Butte,2021-04-22,2213,132414,1935,57189,278,70376,0,4849,635,18012,1574,59494,635,77506,California
Butte,2021-04-23,946,133360,446,57635,500,70876,0,4849,489,18046,455,59949,489,77995,California
Butte,2021-04-24,345,133705,138,57773,207,71083,0,4849,191,18083,154,60103,191,78186,California
Butte,2021-04-25,172,133877,67,57840,105,71188,0,4849,63,18037,109,60212,63,78249,California
Butte,2021-04-26,1485,135362,426,58266,1054,72242,5,4854,417,17394,1065,61277,422,78671,California
Butte,2021-04-27,934,136296,638,58904,269,72511,27,4881,562,17615,368,61645,589,79260,California
Butte,2021-04-28,1390,137686,935,59839,431,72942,24,4905,499,17252,886,62531,523,79783,California
Butte,2021-04-29,879,138565,541,60380,313,73255,25,4930,296,16995,578,63109,321,80104,California
Butte,2021-04-30,892,139457,387,60767,484,73739,21,4951,452,17031,436,63545,472,80576,California
Butte,2021-05-01,239,139696,64,60831,156,73895,19,4970,72,16956,166,63711,91,80667,California
Butte,2021-05-02,147,139843,61,60892,73,73968,13,4983,42,16906,105,63816,55,80722,California
Butte,2021-05-03,606,140449,250,61142,325,74293,31,5014,157,16655,439,64255,188,80910,California
Butte,2021-05-04,815,141264,314,61456,469,74762,32,5046,211,16299,598,64853,242,81152,California
Butte,2021-05-05,1339,142603,1091,62547,212,74974,36,5082,276,15552,1059,65912,312,81464,California
Butte,2021-05-06,927,143530,671,63218,219,75193,37,5119,366,15398,557,66469,403,81867,California
Butte,2021-05-07,563,144093,291,63509,235,75428,37,5156,288,15451,272,66741,325,82192,California
Butte,2021-05-08,169,144262,36,63545,124,75552,9,5165,90,15472,78,66819,99,82291,California
Butte,2021-05-09,94,144356,20,63565,71,75623,3,5168,50,15481,44,66863,53,82344,California
Butte,2021-05-10,520,144876,307,63872,170,75793,43,5211,214,15435,303,67166,257,82601,California
Butte,2021-05-11,858,145734,639,64511,162,75955,57,5268,272,15181,583,67749,329,82930,California
Butte,2021-05-12,726,146460,471,64982,210,76165,45,5313,320,15144,402,68151,365,83295,California
Butte,2021-05-13,836,147296,557,65539,220,76385,59,5372,287,14950,538,68689,344,83639,California
Butte,2021-05-14,812,148108,509,66048,278,76663,25,5397,344,14853,466,69155,369,84008,California
Butte,2021-05-15,439,148547,202,66250,209,76872,28,5425,194,14831,244,69399,222,84230,California
Butte,2021-05-16,46,148593,2,66252,27,76899,17,5442,14,14831,31,69430,31,84261,California
Butte,2021-05-17,456,149049,303,66555,138,77037,15,5457,157,14708,295,69725,172,84433,California
Calaveras,2020-12-16,5,5,5,5,0,0,0,0,5,5,0,0,5,5,California
Calaveras,2020-12-17,3,8,3,8,0,0,0,0,3,8,0,0,3,8,California
Calaveras,2020-12-18,38,46,38,46,0,0,0,0,38,46,0,0,38,46,California
Calaveras,2020-12-19,3,49,3,49,0,0,0,0,3,49,0,0,3,49,California
Calaveras,2020-12-20,3,52,3,52,0,0,0,0,3,52,0,0,3,52,California
Calaveras,2020-12-21,55,107,48,100,7,7,0,0,55,107,0,0,55,107,California
Calaveras,2020-12-22,82,189,78,178,4,11,0,0,83,190,0,0,83,190,California
Calaveras,2020-12-23,76,265,74,252,2,13,0,0,76,266,0,0,76,266,California
Calaveras,2020-12-24,2,267,2,254,0,13,0,0,2,268,0,0,2,268,California
Calaveras,2020-12-26,3,270,3,257,0,13,0,0,3,271,0,0,3,271,California
Calaveras,2020-12-28,21,291,17,274,4,17,0,0,20,290,1,1,20,291,California
Calaveras,2020-12-29,167,458,147,421,20,37,0,0,167,457,0,1,167,458,California
Calaveras,2020-12-30,94,552,82,503,12,49,0,0,94,551,0,1,94,552,California
Calaveras,2020-12-31,37,589,26,529,11,60,0,0,37,588,0,1,37,589,California
Calaveras,2021-01-02,11,600,11,540,0,60,0,0,11,599,0,1,11,600,California
Calaveras,2021-01-03,10,610,4,544,6,66,0,0,10,609,0,1,10,610,California
Calaveras,2021-01-04,33,643,5,549,28,94,0,0,33,642,0,1,33,643,California
Calaveras,2021-01-05,40,683,9,558,31,125,0,0,31,669,9,10,36,679,California
Calaveras,2021-01-06,107,790,30,588,77,202,0,0,97,756,10,20,97,776,California
Calaveras,2021-01-07,105,895,26,614,79,281,0,0,92,838,11,31,93,869,California
Calaveras,2021-01-08,68,963,38,652,30,311,0,0,45,861,23,54,46,915,California
Calaveras,2021-01-09,5,968,5,657,0,311,0,0,2,860,3,57,2,917,California
Calaveras,2021-01-10,2,970,0,657,2,313,0,0,2,862,0,57,2,919,California
Calaveras,2021-01-11,65,1035,59,716,6,319,0,0,27,854,37,94,29,948,California
Calaveras,2021-01-12,85,1120,52,768,33,352,0,0,52,874,33,127,53,1001,California
Calaveras,2021-01-13,110,1230,45,813,65,417,0,0,76,917,34,161,77,1078,California
Calaveras,2021-01-14,138,1368,41,854,97,514,0,0,105,991,32,193,106,1184,California
Calaveras,2021-01-15,91,1459,29,883,62,576,0,0,71,1042,20,213,71,1255,California
Calaveras,2021-01-16,13,1472,2,885,11,587,0,0,12,1053,1,214,12,1267,California
Calaveras,2021-01-17,9,1481,1,886,8,595,0,0,9,1062,0,214,9,1276,California
Calaveras,2021-01-18,133,1614,20,906,113,708,0,0,119,1170,14,228,122,1398,California
Calaveras,2021-01-19,205,1819,175,1081,30,738,0,0,62,1091,142,370,63,1461,California
Calaveras,2021-01-20,378,2197,82,1163,296,1034,0,0,292,1308,85,455,302,1763,California
Calaveras,2021-01-21,463,2660,41,1204,422,1456,0,0,432,1717,31,486,440,2203,California
Calaveras,2021-01-22,401,3061,23,1227,378,1834,0,0,390,2104,11,497,398,2601,California
Calaveras,2021-01-23,22,3083,10,1237,12,1846,0,0,18,2118,4,501,18,2619,California
Calaveras,2021-01-24,13,3096,8,1245,5,1851,0,0,11,2127,2,503,11,2630,California
Calaveras,2021-01-25,86,3182,8,1253,78,1929,0,0,81,2203,5,508,81,2711,California
Calaveras,2021-01-26,47,3229,15,1268,32,1961,0,0,39,2234,8,516,39,2750,California
Calaveras,2021-01-27,133,3362,43,1311,90,2051,0,0,105,2312,27,543,105,2855,California
Calaveras,2021-01-28,165,3527,25,1336,140,2191,0,0,140,2431,25,568,144,2999,California
Calaveras,2021-01-29,388,3915,11,1347,377,2568,0,0,363,2778,25,593,372,3371,California
Calaveras,2021-01-30,27,3942,10,1357,17,2585,0,0,25,2803,0,593,25,3396,California
Calaveras,2021-01-31,6,3948,4,1361,2,2587,0,0,5,2807,1,594,5,3401,California
Calaveras,2021-02-01,25,3973,11,1372,14,2601,0,0,17,2816,8,602,17,3418,California
Calaveras,2021-02-02,109,4082,22,1394,87,2688,0,0,71,2855,33,635,72,3490,California
Calaveras,2021-02-03,430,4512,43,1437,387,3075,0,0,345,3118,84,719,347,3837,California
Calaveras,2021-02-04,381,4893,25,1462,356,3431,0,0,296,3332,85,804,299,4136,California
Calaveras,2021-02-05,78,4971,22,1484,56,3487,0,0,40,3335,38,842,41,4177,California
Calaveras,2021-02-06,21,4992,12,1496,9,3496,0,0,21,3356,0,842,21,4198,California
Calaveras,2021-02-07,4,4996,1,1497,3,3499,0,0,2,3356,2,844,2,4200,California
Calaveras,2021-02-08,39,5035,18,1515,21,3520,0,0,31,3381,6,850,31,4231,California
Calaveras,2021-02-09,193,5228,77,1592,116,3636,0,0,131,3459,54,904,132,4363,California
Calaveras,2021-02-10,513,5741,31,1623,482,4118,0,0,442,3834,71,975,446,4809,California
Calaveras,2021-02-11,583,6324,81,1704,502,4620,0,0,472,4202,108,1083,476,5285,California
Calaveras,2021-02-12,570,6894,325,2029,245,4865,0,0,494,4624,74,1157,496,5781,California
Calaveras,2021-02-13,201,7095,45,2074,156,5021,0,0,186,4795,15,1172,186,5967,California
Calaveras,2021-02-14,221,7316,71,2145,150,5171,0,0,206,4987,14,1186,206,6173,California
Calaveras,2021-02-15,383,7699,23,2168,360,5531,0,0,263,5133,117,1303,263,6436,California
Calaveras,2021-02-16,268,7967,144,2312,124,5655,0,0,230,5327,38,1341,232,6668,California
Calaveras,2021-02-17,510,8477,38,2350,472,6127,0,0,208,5245,293,1634,211,6879,California
Calaveras,2021-02-18,499,8976,91,2441,408,6535,0,0,99,4958,386,2020,99,6978,California
Calaveras,2021-02-19,440,9416,43,2484,397,6932,0,0,98,4724,332,2352,98,7076,California
Calaveras,2021-02-20,59,9475,15,2499,44,6976,0,0,48,4761,11,2363,48,7124,California
Calaveras,2021-02-21,23,9498,14,2513,9,6985,0,0,19,4776,4,2367,19,7143,California
Calaveras,2021-02-22,62,9560,38,2551,24,7009,0,0,33,4780,29,2396,33,7176,California
Calaveras,2021-02-23,126,9686,41,2592,85,7094,0,0,90,4835,36,2432,91,7267,California
Calaveras,2021-02-24,96,9782,47,2639,49,7143,0,0,66,4872,29,2461,66,7333,California
Calaveras,2021-02-25,550,10332,99,2738,451,7594,0,0,358,5044,187,2648,359,7692,California
Calaveras,2021-02-26,706,11038,46,2784,660,8254,0,0,370,5096,320,2968,372,8064,California
Calaveras,2021-02-27,204,11242,22,2806,182,8436,0,0,180,5252,24,2992,180,8244,California
Calaveras,2021-02-28,99,11341,16,2822,83,8519,0,0,93,5340,5,2997,93,8337,California
Calaveras,2021-03-01,229,11570,41,2863,188,8707,0,0,146,5407,80,3077,147,8484,California
Calaveras,2021-03-02,249,11819,96,2959,153,8860,0,0,203,5568,43,3120,204,8688,California
Calaveras,2021-03-03,511,12330,103,3062,408,9268,0,0,213,5489,292,3412,213,8901,California
Calaveras,2021-03-04,742,13072,66,3128,675,9943,1,1,351,5459,382,3794,352,9253,California
Calaveras,2021-03-05,455,13527,271,3399,180,10123,4,5,140,5292,311,4105,144,9397,California
Calaveras,2021-03-06,155,13682,42,3441,107,10230,6,11,115,5373,40,4145,121,9518,California
Calaveras,2021-03-07,75,13757,32,3473,36,10266,7,18,34,5373,41,4186,41,9559,California
Calaveras,2021-03-08,162,13919,27,3500,127,10393,8,26,128,5476,33,4219,136,9695,California
Calaveras,2021-03-09,360,14279,136,3636,218,10611,6,32,32,5191,323,4542,38,9733,California
Calaveras,2021-03-10,417,14696,29,3665,385,10996,3,35,57,4896,355,4897,60,9793,California
Calaveras,2021-03-11,849,15545,421,4086,415,11411,13,48,432,4930,412,5309,446,10239,California
Calaveras,2021-03-12,401,15946,213,4299,178,11589,10,58,326,5198,74,5383,342,10581,California
Calaveras,2021-03-13,177,16123,16,4315,153,11742,8,66,142,5316,34,5417,152,10733,California
Calaveras,2021-03-14,156,16279,11,4326,144,11886,1,67,18,5204,138,5555,26,10759,California
Calaveras,2021-03-15,331,16610,48,4374,257,12143,26,93,52,5008,278,5833,82,10841,California
Calaveras,2021-03-16,687,17297,551,4925,116,12259,20,113,545,5433,140,5973,565,11406,California
Calaveras,2021-03-17,280,17577,53,4978,213,12472,14,127,50,5272,226,6199,65,11471,California
Calaveras,2021-03-18,666,18243,570,5548,80,12552,16,143,549,5722,117,6316,567,12038,California
Calaveras,2021-03-19,231,18474,50,5598,107,12659,74,217,56,5680,171,6487,129,12167,California
Calaveras,2021-03-20,80,18554,21,5619,58,12717,1,218,23,5648,57,6544,25,12192,California
Calaveras,2021-03-21,48,18602,31,5650,6,12723,11,229,12,5635,36,6580,23,12215,California
Calaveras,2021-03-22,80,18682,36,5686,23,12746,21,250,26,5628,54,6634,47,12262,California
Calaveras,2021-03-23,294,18976,204,5890,80,12826,10,260,116,5585,169,6803,126,12388,California
Calaveras,2021-03-24,132,19108,50,5940,72,12898,10,270,43,5550,88,6891,53,12441,California
Calaveras,2021-03-25,742,19850,103,6043,636,13534,3,273,448,5711,290,7181,451,12892,California
Calaveras,2021-03-26,426,20276,28,6071,392,13926,6,279,89,5474,334,7515,97,12989,California
Calaveras,2021-03-27,212,20488,19,6090,189,14115,4,283,37,5345,172,7687,43,13032,California
Calaveras,2021-03-28,111,20599,12,6102,97,14212,2,285,8,5254,102,7789,11,13043,California
Calaveras,2021-03-29,179,20778,23,6125,153,14365,3,288,58,5197,119,7908,62,13105,California
Calaveras,2021-03-30,532,21310,24,6149,491,14856,17,305,356,5395,175,8083,373,13478,California
Calaveras,2021-03-31,322,21632,140,6289,172,15028,10,315,156,5396,166,8249,167,13645,California
Calaveras,2021-04-01,685,22317,442,6731,242,15270,1,316,187,5090,497,8746,191,13836,California
Calaveras,2021-04-02,395,22712,232,6963,155,15425,8,324,118,4943,274,9020,127,13963,California
Calaveras,2021-04-03,144,22856,34,6997,106,15531,4,328,39,4881,105,9125,43,14006,California
Calaveras,2021-04-04,78,22934,25,7022,53,15584,0,328,49,4901,29,9154,49,14055,California
Calaveras,2021-04-05,209,23143,79,7101,121,15705,9,337,99,4900,110,9264,109,14164,California
Calaveras,2021-04-06,650,23793,573,7674,64,15769,13,350,111,4488,536,9800,124,14288,California
Calaveras,2021-04-07,753,24546,657,8331,60,15829,36,386,617,5006,136,9936,654,14942,California
Calaveras,2021-04-08,945,25491,854,9185,70,15899,21,407,435,4957,507,10443,458,15400,California
Calaveras,2021-04-09,154,25645,58,9243,48,15947,48,455,57,4967,96,10539,106,15506,California
Calaveras,2021-04-10,189,25834,42,9285,129,16076,18,473,147,5092,41,10580,166,15672,California
Calaveras,2021-04-11,69,25903,44,9329,23,16099,2,475,48,5121,21,10601,50,15722,California
Calaveras,2021-04-12,103,26006,46,9375,38,16137,19,494,54,5146,49,10650,74,15796,California
Calaveras,2021-04-13,422,26428,367,9742,55,16192,0,494,363,5453,58,10708,365,16161,California
Calaveras,2021-04-14,182,26610,28,9770,154,16346,0,494,136,5544,46,10754,137,16298,California
Calaveras,2021-04-15,336,26946,287,10057,49,16395,0,494,253,5717,80,10834,253,16551,California
Calaveras,2021-04-16,99,27045,25,10082,74,16469,0,494,47,5716,48,10882,47,16598,California
Calaveras,2021-04-17,330,27375,128,10210,202,16671,0,494,287,5960,43,10925,287,16885,California
Calaveras,2021-04-18,18,27393,5,10215,13,16684,0,494,11,5964,7,10932,11,16896,California
Calaveras,2021-04-19,69,27462,27,10242,42,16726,0,494,42,5981,26,10958,43,16939,California
Calaveras,2021-04-20,260,27722,93,10335,167,16893,0,494,194,6111,64,11022,194,17133,California
Calaveras,2021-04-21,215,27937,147,10482,68,16961,0,494,85,6069,128,11150,86,17219,California
Calaveras,2021-04-22,543,28480,97,10579,446,17407,0,494,142,5815,399,11549,145,17364,California
Calaveras,2021-04-23,159,28639,81,10660,78,17485,0,494,65,5788,92,11641,65,17429,California
Calaveras,2021-04-24,172,28811,36,10696,136,17621,0,494,129,5876,42,11683,130,17559,California
Calaveras,2021-04-25,43,28854,28,10724,15,17636,0,494,22,5879,21,11704,24,17583,California
Calaveras,2021-04-26,96,28950,59,10783,37,17673,0,494,28,5840,68,11772,29,17612,California
Calaveras,2021-04-27,424,29374,58,10841,352,18025,14,508,58,5548,364,12136,72,17684,California
Calaveras,2021-04-28,641,30015,573,11414,37,18062,31,539,52,5051,589,12725,92,17776,California
Calaveras,2021-04-29,509,30524,439,11853,51,18113,19,558,74,4715,434,13159,98,17874,California
Calaveras,2021-04-30,148,30672,60,11913,83,18196,5,563,67,4712,81,13240,78,17952,California
Calaveras,2021-05-01,197,30869,109,12022,86,18282,2,565,130,4782,66,13306,136,18088,California
Calaveras,2021-05-02,52,30921,35,12057,16,18298,1,566,20,4773,31,13337,22,18110,California
Calaveras,2021-05-03,92,31013,70,12127,17,18315,5,571,29,4748,63,13400,38,18148,California
Calaveras,2021-05-04,413,31426,328,12455,48,18363,37,608,42,4458,370,13770,80,18228,California
Calaveras,2021-05-05,110,31536,56,12511,22,18385,32,640,48,4476,61,13831,79,18307,California
Calaveras,2021-05-06,253,31789,194,12705,36,18421,23,663,47,4342,205,14036,71,18378,California
Calaveras,2021-05-07,84,31873,24,12729,54,18475,6,669,54,4372,30,14066,60,18438,California
Calaveras,2021-05-08,289,32162,140,12869,147,18622,2,671,92,4271,195,14261,94,18532,California
Calaveras,2021-05-09,28,32190,12,12881,13,18635,3,674,12,4270,16,14277,15,18547,California
Calaveras,2021-05-10,52,32242,23,12904,28,18663,1,675,23,4267,28,14305,25,18572,California
Calaveras,2021-05-11,127,32369,85,12989,30,18693,12,687,88,4330,38,14343,101,18673,California
Calaveras,2021-05-12,155,32524,35,13024,120,18813,0,687,41,4258,113,14456,41,18714,California
Calaveras,2021-05-13,108,32632,58,13082,34,18847,16,703,53,4273,54,14510,69,18783,California
Calaveras,2021-05-14,141,32773,90,13172,48,18895,3,706,98,4332,42,14552,101,18884,California
Calaveras,2021-05-15,259,33032,91,13263,165,19060,3,709,102,4286,151,14703,105,18989,California
Calaveras,2021-05-16,7,33039,2,13265,5,19065,0,709,3,4286,4,14707,4,18993,California
Calaveras,2021-05-17,25,33064,13,13278,10,19075,2,711,13,4289,12,14719,15,19008,California
Colusa,2020-12-18,1,1,1,1,0,0,0,0,1,1,0,0,1,1,California
Colusa,2020-12-21,2,3,2,3,0,0,0,0,2,3,0,0,2,3,California
Colusa,2020-12-22,10,13,10,13,0,0,0,0,10,13,0,0,10,13,California
Colusa,2020-12-23,10,23,10,23,0,0,0,0,10,23,0,0,10,23,California
Colusa,2020-12-24,2,25,1,24,1,1,0,0,2,25,0,0,2,25,California
Colusa,2020-12-27,1,26,1,25,0,1,0,0,1,26,0,0,1,26,California
Colusa,2020-12-28,7,33,3,28,4,5,0,0,7,33,0,0,7,33,California
Colusa,2020-12-29,11,44,8,36,3,8,0,0,11,44,0,0,11,44,California
Colusa,2020-12-30,50,94,13,49,37,45,0,0,50,94,0,0,50,94,California
Colusa,2020-12-31,18,112,1,50,17,62,0,0,18,112,0,0,18,112,California
Colusa,2021-01-04,4,116,0,50,4,66,0,0,4,116,0,0,4,116,California
Colusa,2021-01-05,67,183,1,51,66,132,0,0,67,183,0,0,67,183,California
Colusa,2021-01-06,15,198,9,60,6,138,0,0,15,198,0,0,15,198,California
Colusa,2021-01-07,38,236,4,64,34,172,0,0,37,234,1,1,37,235,California
Colusa,2021-01-08,9,245,7,71,2,174,0,0,8,241,1,2,8,243,California
Colusa,2021-01-09,2,247,1,72,1,175,0,0,2,243,0,2,2,245,California
Colusa,2021-01-10,1,248,0,72,1,176,0,0,1,244,0,2,1,246,California
Colusa,2021-01-11,12,260,6,78,6,182,0,0,7,246,5,7,7,253,California
Colusa,2021-01-12,11,271,9,87,2,184,0,0,6,247,5,12,6,259,California
Colusa,2021-01-13,21,292,13,100,8,192,0,0,13,252,8,20,13,272,California
Colusa,2021-01-14,35,327,28,128,7,199,0,0,33,283,2,22,33,305,California
Colusa,2021-01-15,42,369,5,133,37,236,0,0,40,321,2,24,40,345,California
Colusa,2021-01-16,12,381,1,134,11,247,0,0,11,331,1,25,11,356,California
Colusa,2021-01-17,3,384,2,136,1,248,0,0,2,332,1,26,2,358,California
Colusa,2021-01-18,4,388,0,136,4,252,0,0,4,336,0,26,4,362,California
Colusa,2021-01-19,9,397,8,144,1,253,0,0,5,337,4,30,5,367,California
Colusa,2021-01-20,115,512,101,245,14,267,0,0,102,426,13,43,102,469,California
Colusa,2021-01-21,56,568,41,286,15,282,0,0,55,480,1,44,55,524,California
Colusa,2021-01-22,40,608,17,303,23,305,0,0,35,510,5,49,35,559,California
Colusa,2021-01-23,35,643,6,309,29,334,0,0,35,545,0,49,35,594,California
Colusa,2021-01-25,7,650,0,309,7,341,0,0,7,552,0,49,7,601,California
Colusa,2021-01-26,8,658,5,314,3,344,0,0,5,554,3,52,5,606,California
Colusa,2021-01-27,109,767,31,345,78,422,0,0,107,659,2,54,107,713,California
Colusa,2021-01-28,79,846,46,391,33,455,0,0,72,724,7,61,72,785,California
Colusa,2021-01-29,41,887,7,398,34,489,0,0,40,763,1,62,40,825,California
Colusa,2021-01-30,27,914,4,402,23,512,0,0,27,790,0,62,27,852,California
Colusa,2021-01-31,7,921,7,409,0,512,0,0,7,797,0,62,7,859,California
Colusa,2021-02-01,27,948,10,419,17,529,0,0,22,814,5,67,22,881,California
Colusa,2021-02-02,42,990,8,427,34,563,0,0,36,844,6,73,36,917,California
Colusa,2021-02-03,69,1059,10,437,59,622,0,0,59,893,10,83,59,976,California
Colusa,2021-02-04,143,1202,81,518,62,684,0,0,115,980,28,111,115,1091,California
Colusa,2021-02-05,32,1234,8,526,24,708,0,0,29,1006,3,114,29,1120,California
Colusa,2021-02-06,285,1519,9,535,276,984,0,0,274,1269,11,125,274,1394,California
Colusa,2021-02-07,2,1521,1,536,1,985,0,0,0,1267,2,127,0,1394,California
Colusa,2021-02-08,40,1561,5,541,35,1020,0,0,37,1301,3,130,37,1431,California
Colusa,2021-02-09,231,1792,14,555,217,1237,0,0,176,1422,55,185,176,1607,California
Colusa,2021-02-10,116,1908,41,596,75,1312,0,0,73,1452,43,228,73,1680,California
Colusa,2021-02-11,98,2006,36,632,62,1374,0,0,73,1500,25,253,73,1753,California
Colusa,2021-02-12,118,2124,9,641,109,1483,0,0,79,1539,40,293,79,1832,California
Colusa,2021-02-13,60,2184,8,649,52,1535,0,0,52,1583,8,301,52,1884,California
Colusa,2021-02-14,20,2204,8,657,12,1547,0,0,14,1591,6,307,14,1898,California
Colusa,2021-02-15,45,2249,10,667,35,1582,0,0,38,1622,7,314,38,1936,California
Colusa,2021-02-16,67,2316,4,671,63,1645,0,0,66,1687,1,315,66,2002,California
Colusa,2021-02-17,206,2522,143,814,63,1708,0,0,60,1601,146,461,60,2062,California
Colusa,2021-02-18,135,2657,35,849,100,1808,0,0,112,1690,23,484,112,2174,California
Colusa,2021-02-19,155,2812,19,868,136,1944,0,0,129,1793,26,510,129,2303,California
Colusa,2021-02-20,28,2840,6,874,22,1966,0,0,12,1789,16,526,12,2315,California
Colusa,2021-02-21,1,2841,1,875,0,1966,0,0,0,1788,1,527,0,2315,California
Colusa,2021-02-22,43,2884,26,901,17,1983,0,0,29,1803,14,541,29,2344,California
Colusa,2021-02-23,22,2906,6,907,16,1999,0,0,18,1817,4,545,18,2362,California
Colusa,2021-02-24,301,3207,54,961,247,2246,0,0,159,1834,142,687,159,2521,California
Colusa,2021-02-25,102,3309,55,1016,47,2293,0,0,66,1864,36,723,66,2587,California
Colusa,2021-02-26,99,3408,14,1030,85,2378,0,0,60,1885,39,762,60,2647,California
Colusa,2021-02-27,55,3463,4,1034,51,2429,0,0,40,1910,15,777,40,2687,California
Colusa,2021-02-28,26,3489,14,1048,12,2441,0,0,17,1918,9,786,17,2704,California
Colusa,2021-03-01,46,3535,15,1063,31,2472,0,0,29,1930,17,803,29,2733,California
Colusa,2021-03-02,49,3584,13,1076,36,2508,0,0,26,1933,23,826,26,2759,California
Colusa,2021-03-03,242,3826,43,1119,199,2707,0,0,185,2061,57,883,185,2944,California
Colusa,2021-03-04,138,3964,58,1177,80,2787,0,0,79,2081,59,942,79,3023,California
Colusa,2021-03-05,98,4062,25,1202,64,2851,9,9,53,2098,45,987,62,3085,California
Colusa,2021-03-06,274,4336,9,1211,265,3116,0,9,37,1898,237,1224,37,3122,California
Colusa,2021-03-07,8,4344,5,1216,3,3119,0,9,6,1902,2,1226,6,3128,California
Colusa,2021-03-08,89,4433,21,1237,33,3152,35,44,45,1938,44,1270,80,3208,California
Colusa,2021-03-09,276,4709,74,1311,179,3331,23,67,85,1855,191,1461,108,3316,California
Colusa,2021-03-10,289,4998,37,1348,216,3547,36,103,203,2008,86,1547,239,3555,California
Colusa,2021-03-11,420,5418,60,1408,339,3886,21,124,339,2285,81,1628,358,3913,California
Colusa,2021-03-12,109,5527,18,1426,78,3964,13,137,19,2227,90,1718,32,3945,California
Colusa,2021-03-13,61,5588,16,1442,36,4000,9,146,18,2211,43,1761,27,3972,California
Colusa,2021-03-14,20,5608,0,1442,18,4018,2,148,6,2206,13,1774,8,3980,California
Colusa,2021-03-15,69,5677,26,1468,35,4053,8,156,14,2173,55,1829,22,4002,California
Colusa,2021-03-16,296,5973,16,1484,234,4287,46,202,189,2301,107,1936,235,4237,California
Colusa,2021-03-17,195,6168,49,1533,146,4433,0,202,110,2326,85,2021,110,4347,California
Colusa,2021-03-18,324,6492,37,1570,216,4649,71,273,201,2475,123,2144,272,4619,California
Colusa,2021-03-19,78,6570,20,1590,56,4705,2,275,53,2505,25,2169,55,4674,California
Colusa,2021-03-20,49,6619,7,1597,41,4746,1,276,36,2529,13,2182,37,4711,California
Colusa,2021-03-21,6,6625,4,1601,2,4748,0,276,4,2531,2,2184,4,4715,California
Colusa,2021-03-22,62,6687,10,1611,43,4791,9,285,40,2558,22,2206,49,4764,California
Colusa,2021-03-23,81,6768,16,1627,63,4854,2,287,54,2587,27,2233,56,4820,California
Colusa,2021-03-24,340,7108,58,1685,276,5130,6,293,69,2390,271,2504,74,4894,California
Colusa,2021-03-25,109,7217,60,1745,44,5174,5,298,53,2392,56,2560,58,4952,California
Colusa,2021-03-26,298,7515,47,1792,247,5421,4,302,245,2588,53,2613,249,5201,California
Colusa,2021-03-27,63,7578,5,1797,58,5479,0,302,25,2575,38,2651,25,5226,California
Colusa,2021-03-28,16,7594,7,1804,9,5488,0,302,8,2575,8,2659,8,5234,California
Colusa,2021-03-29,71,7665,20,1824,45,5533,6,308,31,2572,40,2699,37,5271,California
Colusa,2021-03-30,148,7813,79,1903,67,5600,2,310,73,2572,75,2774,75,5346,California
Colusa,2021-03-31,234,8047,42,1945,192,5792,0,310,74,2487,159,2933,74,5420,California
Colusa,2021-04-01,428,8475,70,2015,304,6096,54,364,306,2725,121,3054,359,5779,California
Colusa,2021-04-02,81,8556,12,2027,55,6151,14,378,37,2732,44,3098,51,5830,California
Colusa,2021-04-03,61,8617,10,2037,28,6179,23,401,13,2720,48,3146,36,5866,California
Colusa,2021-04-04,18,8635,0,2037,8,6187,10,411,3,2718,15,3161,13,5879,California
Colusa,2021-04-05,96,8731,26,2063,55,6242,15,426,39,2715,57,3218,54,5933,California
Colusa,2021-04-06,128,8859,33,2096,45,6287,50,476,43,2723,85,3303,93,6026,California
Colusa,2021-04-07,355,9214,40,2136,292,6579,23,499,129,2650,226,3529,153,6179,California
Colusa,2021-04-08,428,9642,34,2170,367,6946,27,526,123,2498,302,3831,150,6329,California
Colusa,2021-04-09,76,9718,21,2191,32,6978,23,549,28,2501,48,3879,51,6380,California
Colusa,2021-04-10,44,9762,9,2200,15,6993,20,569,12,2501,32,3911,32,6412,California
Colusa,2021-04-11,16,9778,3,2203,11,7004,2,571,8,2503,8,3919,10,6422,California
Colusa,2021-04-12,31,9809,3,2206,28,7032,0,571,24,2520,7,3926,24,6446,California
Colusa,2021-04-13,277,10086,23,2229,254,7286,0,571,92,2428,184,4110,92,6538,California
Colusa,2021-04-14,95,10181,19,2248,76,7362,0,571,34,2401,61,4171,34,6572,California
Colusa,2021-04-15,323,10504,47,2295,276,7638,0,571,130,2338,193,4364,130,6702,California
Colusa,2021-04-16,80,10584,11,2306,69,7707,0,571,36,2331,43,4407,36,6738,California
Colusa,2021-04-17,53,10637,7,2313,46,7753,0,571,31,2340,22,4429,31,6769,California
Colusa,2021-04-18,9,10646,2,2315,7,7760,0,571,7,2345,2,4431,7,6776,California
Colusa,2021-04-19,61,10707,22,2337,39,7799,0,571,17,2318,44,4475,17,6793,California
Colusa,2021-04-20,176,10883,32,2369,144,7943,0,571,128,2398,48,4523,128,6921,California
Colusa,2021-04-21,170,11053,59,2428,111,8054,0,571,110,2448,60,4583,110,7031,California
Colusa,2021-04-22,418,11471,27,2455,390,8444,1,572,215,2461,202,4785,215,7246,California
Colusa,2021-04-23,91,11562,17,2472,74,8518,0,572,37,2444,54,4839,37,7283,California
Colusa,2021-04-24,237,11799,19,2491,217,8735,1,573,204,2616,33,4872,205,7488,California
Colusa,2021-04-25,12,11811,6,2497,6,8741,0,573,8,2620,4,4876,8,7496,California
Colusa,2021-04-26,23,11834,5,2502,17,8758,1,574,7,2612,15,4891,7,7503,California
Colusa,2021-04-27,94,11928,23,2525,67,8825,4,578,43,2608,51,4942,47,7550,California
Colusa,2021-04-28,188,12116,27,2552,158,8983,3,581,138,2700,49,4991,141,7691,California
Colusa,2021-04-29,317,12433,27,2579,286,9269,4,585,48,2485,267,5258,52,7743,California
Colusa,2021-04-30,65,12498,18,2597,47,9316,0,585,41,2502,24,5282,41,7784,California
Colusa,2021-05-01,19,12517,8,2605,8,9324,3,588,9,2504,10,5292,12,7796,California
Colusa,2021-05-02,3,12520,0,2605,2,9326,1,589,2,2506,1,5293,3,7799,California
Colusa,2021-05-03,21,12541,7,2612,14,9340,0,589,6,2497,15,5308,6,7805,California
Colusa,2021-05-04,86,12627,44,2656,41,9381,1,590,63,2538,23,5331,64,7869,California
Colusa,2021-05-05,67,12694,16,2672,50,9431,1,591,32,2536,35,5366,33,7902,California
Colusa,2021-05-06,253,12947,16,2688,235,9666,2,593,110,2505,143,5509,112,8014,California
Colusa,2021-05-07,67,13014,5,2693,58,9724,4,597,30,2502,37,5546,34,8048,California
Colusa,2021-05-08,18,13032,5,2698,13,9737,0,597,9,2502,9,5555,9,8057,California
Colusa,2021-05-09,13,13045,5,2703,5,9742,3,600,6,2504,7,5562,9,8066,California
Colusa,2021-05-10,16,13061,7,2710,9,9751,0,600,6,2500,10,5572,6,8072,California
Colusa,2021-05-11,93,13154,34,2744,59,9810,0,600,50,2507,43,5615,50,8122,California
Colusa,2021-05-12,74,13228,32,2776,37,9847,5,605,21,2480,53,5668,26,8148,California
Colusa,2021-05-13,226,13454,15,2791,210,10057,1,606,69,2393,157,5825,70,8218,California
Colusa,2021-05-14,80,13534,15,2806,52,10109,13,619,30,2387,49,5874,43,8261,California
Colusa,2021-05-15,40,13574,11,2817,27,10136,2,621,21,2391,19,5893,23,8284,California
Colusa,2021-05-16,20,13594,6,2823,9,10145,5,626,11,2398,9,5902,16,8300,California
Colusa,2021-05-17,14,13608,1,2824,12,10157,1,627,11,2407,3,5905,12,8312,California
Contra Costa,2020-12-15,18,18,18,18,0,0,0,0,18,18,0,0,18,18,California
Contra Costa,2020-12-16,521,539,521,539,0,0,0,0,521,539,0,0,521,539,California
Contra Costa,2020-12-17,909,1448,909,1448,0,0,0,0,909,1448,0,0,909,1448,California
Contra Costa,2020-12-18,1591,3039,1590,3038,1,1,0,0,1591,3039,0,0,1591,3039,California
Contra Costa,2020-12-19,1104,4143,1103,4141,1,2,0,0,1104,4143,0,0,1104,4143,California
Contra Costa,2020-12-20,584,4727,583,4724,1,3,0,0,584,4727,0,0,584,4727,California
Contra Costa,2020-12-21,1653,6380,1651,6375,2,5,0,0,1653,6380,0,0,1653,6380,California
Contra Costa,2020-12-22,1668,8048,1563,7938,105,110,0,0,1668,8048,0,0,1668,8048,California
Contra Costa,2020-12-23,1591,9639,1343,9281,248,358,0,0,1591,9639,0,0,1591,9639,California
Contra Costa,2020-12-24,656,10295,336,9617,320,678,0,0,656,10295,0,0,656,10295,California
Contra Costa,2020-12-25,39,10334,17,9634,22,700,0,0,39,10334,0,0,39,10334,California
Contra Costa,2020-12-26,642,10976,132,9766,510,1210,0,0,642,10976,0,0,642,10976,California
Contra Costa,2020-12-27,240,11216,87,9853,153,1363,0,0,240,11216,0,0,240,11216,California
Contra Costa,2020-12-28,1834,13050,863,10716,971,2334,0,0,1834,13050,0,0,1834,13050,California
Contra Costa,2020-12-29,1829,14879,823,11539,1006,3340,0,0,1829,14879,0,0,1829,14879,California
Contra Costa,2020-12-30,2392,17271,1213,12752,1179,4519,0,0,2391,17270,0,0,2391,17270,California
Contra Costa,2020-12-31,915,18186,308,13060,607,5126,0,0,914,18184,0,0,914,18184,California
Contra Costa,2021-01-01,61,18247,23,13083,38,5164,0,0,61,18245,0,0,61,18245,California
Contra Costa,2021-01-02,335,18582,173,13256,162,5326,0,0,335,18580,0,0,335,18580,California
Contra Costa,2021-01-03,176,18758,118,13374,58,5384,0,0,175,18755,0,0,175,18755,California
Contra Costa,2021-01-04,1904,20662,1250,14624,654,6038,0,0,1884,20621,18,18,1884,20639,California
Contra Costa,2021-01-05,2102,22764,1256,15880,846,6884,0,0,1843,22207,258,276,1844,22483,California
Contra Costa,2021-01-06,3279,26043,2247,18127,1032,7916,0,0,2519,23975,754,1030,2522,25005,California
Contra Costa,2021-01-07,3093,29136,2059,20186,1034,8950,0,0,1880,24645,1210,2240,1880,26885,California
Contra Costa,2021-01-08,3385,32521,2393,22579,992,9942,0,0,1823,24914,1557,3797,1826,28711,California
Contra Costa,2021-01-09,1585,34106,1134,23713,451,10393,0,0,748,24828,836,4633,750,29461,California
Contra Costa,2021-01-10,362,34468,286,23999,76,10469,0,0,153,24772,209,4842,153,29614,California
Contra Costa,2021-01-11,3837,38305,3145,27144,692,11161,0,0,2233,25404,1604,6446,2236,31850,California
Contra Costa,2021-01-12,3913,42218,2938,30082,975,12136,0,0,2586,26666,1327,7773,2589,34439,California
Contra Costa,2021-01-13,4727,46945,2936,33018,1791,13927,0,0,3783,29510,940,8713,3784,38223,California
Contra Costa,2021-01-14,4309,51254,1558,34576,2751,16678,0,0,3927,33055,382,9095,3927,42150,California
Contra Costa,2021-01-15,5335,56589,2459,37035,2876,19554,0,0,5012,37749,322,9417,5016,47166,California
Contra Costa,2021-01-16,1720,58309,555,37590,1165,20719,0,0,1645,39319,75,9492,1645,48811,California
Contra Costa,2021-01-17,1637,59946,975,38565,662,21381,0,0,1514,40713,123,9615,1517,50328,California
Contra Costa,2021-01-18,3202,63148,1261,39826,1941,23322,0,0,2578,42674,618,10233,2579,52907,California
Contra Costa,2021-01-19,7065,70213,3161,42987,3904,27226,0,0,6060,47737,1002,11235,6065,58972,California
Contra Costa,2021-01-20,6666,76879,4105,47092,2561,29787,0,0,5433,51946,1229,12464,5438,64410,California
Contra Costa,2021-01-21,6985,83864,3119,50211,3866,33653,0,0,6256,57486,724,13188,6264,70674,California
Contra Costa,2021-01-22,6373,90237,2708,52919,3665,37318,0,0,5515,62155,849,14037,5518,76192,California
Contra Costa,2021-01-23,2031,92268,363,53282,1668,38986,0,0,1773,63674,256,14293,1775,77967,California
Contra Costa,2021-01-24,1580,93848,217,53499,1363,40349,0,0,1435,64968,145,14438,1439,79406,California
Contra Costa,2021-01-25,6669,100517,3029,56528,3640,43989,0,0,5106,68516,1561,15999,5109,84515,California
Contra Costa,2021-01-26,8092,108609,4687,61215,3405,47394,0,0,6249,72935,1835,17834,6254,90769,California
Contra Costa,2021-01-27,8247,116856,5503,66718,2744,50138,0,0,6341,77455,1825,19659,6345,97114,California
Contra Costa,2021-01-28,7446,124302,4085,70803,3361,53499,0,0,5840,81699,1600,21259,5844,102958,California
Contra Costa,2021-01-29,7440,131742,3890,74693,3550,57049,0,0,6127,86519,1309,22568,6129,109087,California
Contra Costa,2021-01-30,2083,133825,598,75291,1485,58534,0,0,1717,87877,359,22927,1717,110804,California
Contra Costa,2021-01-31,698,134523,479,75770,219,58753,0,0,572,88326,123,23050,572,111376,California
Contra Costa,2021-02-01,5537,140060,3773,79543,1764,60517,0,0,3897,90592,1634,24684,3900,115276,California
Contra Costa,2021-02-02,7756,147816,5269,84812,2487,63004,0,0,5893,94625,1861,26545,5894,121170,California
Contra Costa,2021-02-03,8288,156104,5479,90291,2809,65813,0,0,5612,97575,2663,29208,5613,126783,California
Contra Costa,2021-02-04,7446,163550,3538,93829,3908,69721,0,0,5711,101558,1731,30939,5714,132497,California
Contra Costa,2021-02-05,8437,171987,4828,98657,3609,73330,0,0,5725,104578,2705,33644,5725,138222,California
Contra Costa,2021-02-06,3474,175461,2157,100814,1317,74647,0,0,2821,106748,652,34296,2822,141044,California
Contra Costa,2021-02-07,983,176444,712,101526,271,74918,0,0,605,106976,377,34673,605,141649,California
Contra Costa,2021-02-08,5831,182275,3454,104980,2377,77295,0,0,4348,109848,1477,36150,4349,145998,California
Contra Costa,2021-02-09,8666,190941,4780,109760,3886,81181,0,0,5771,112730,2890,39040,5772,151770,California
Contra Costa,2021-02-10,8634,199575,4649,114409,3985,85166,0,0,5356,114827,3263,42303,5360,157130,California
Contra Costa,2021-02-11,9314,208889,4218,118627,5096,90262,0,0,5261,116046,4047,46350,5266,162396,California
Contra Costa,2021-02-12,10075,218964,4617,123244,5458,95720,0,0,5453,116887,4615,50965,5456,167852,California
Contra Costa,2021-02-13,4882,223846,1368,124612,3514,99234,0,0,3402,118813,1477,52442,3403,171255,California
Contra Costa,2021-02-14,2092,225938,867,125479,1225,100459,0,0,1230,119183,860,53302,1230,172485,California
Contra Costa,2021-02-15,4459,230397,2469,127948,1990,102449,0,0,2339,119410,2113,55415,2340,174825,California
Contra Costa,2021-02-16,10418,240815,4910,132858,5508,107957,0,0,4644,118292,5766,61181,4648,179473,California
Contra Costa,2021-02-17,12291,253106,6145,139003,6146,114103,0,0,5636,117289,6640,67821,5637,185110,California
Contra Costa,2021-02-18,11478,264584,5975,144978,5503,119606,0,0,5326,116479,6138,73959,5328,190438,California
Contra Costa,2021-02-19,11411,275995,7111,152089,4300,123906,0,0,5179,115444,6215,80174,5180,195618,California
Contra Costa,2021-02-20,6456,282451,2903,154992,3553,127459,0,0,4575,118156,1865,82039,4577,200195,California
Contra Costa,2021-02-21,2262,284713,1713,156705,549,128008,0,0,1540,118975,721,82760,1540,201735,California
Contra Costa,2021-02-22,7575,292288,5133,161838,2442,130450,0,0,3493,118400,4070,86830,3495,205230,California
Contra Costa,2021-02-23,12077,304365,7419,169257,4658,135108,0,0,6090,118521,5973,92803,6094,211324,California
Contra Costa,2021-02-24,10559,314924,7751,177008,2808,137916,0,0,5110,118201,5432,98235,5112,216436,California
Contra Costa,2021-02-25,11497,326421,7238,184246,4259,142175,0,0,5232,117193,6244,104479,5236,221672,California
Contra Costa,2021-02-26,10725,337146,6770,191016,3955,146130,0,0,5322,117128,5388,109867,5323,226995,California
Contra Costa,2021-02-27,6762,343908,4348,195364,2414,148544,0,0,4241,118857,2513,112380,4242,231237,California
Contra Costa,2021-02-28,3806,347714,3134,198498,672,149216,0,0,3206,121468,596,112976,3207,234444,California
Contra Costa,2021-03-01,8218,355932,6193,204691,2020,151236,5,5,5071,123415,3131,116107,5078,239522,California
Contra Costa,2021-03-02,10626,366558,6796,211487,3829,155065,1,6,5700,124206,4910,121017,5701,245223,California
Contra Costa,2021-03-03,11190,377748,6992,218479,4197,159262,1,7,6270,125572,4906,125923,6272,251495,California
Contra Costa,2021-03-04,11889,389637,7104,225583,4785,164047,0,7,6161,126024,5709,131632,6161,257656,California
Contra Costa,2021-03-05,11243,400880,6672,232255,4565,168612,6,13,6405,127613,4822,136454,6411,264067,California
Contra Costa,2021-03-06,7305,408185,4017,236272,2978,171590,310,323,4723,130074,2570,139024,5031,269098,California
Contra Costa,2021-03-07,3659,411844,2292,238564,1306,172896,61,384,2984,132445,674,139698,3045,272143,California
Contra Costa,2021-03-08,8065,419909,3770,242334,3991,176887,304,688,5374,135447,2680,142378,5682,277825,California
Contra Costa,2021-03-09,10230,430139,5025,247359,4910,181797,295,983,5056,135632,5166,147544,5351,283176,California
Contra Costa,2021-03-10,12160,442299,5973,253332,4689,186486,1498,2481,5473,135921,6674,154218,6963,290139,California
Contra Costa,2021-03-11,12474,454773,6566,259898,5345,191831,563,3044,6363,136760,6087,160305,6926,297065,California
Contra Costa,2021-03-12,12555,467328,5155,265053,6854,198685,546,3590,6273,137310,6267,166572,6817,303882,California
Contra Costa,2021-03-13,7763,475091,3074,268127,4265,202950,424,4014,3067,136116,4679,171251,3485,307367,California
Contra Costa,2021-03-14,4354,479445,2549,270676,1320,204270,485,4499,1651,135556,2695,173946,2135,309502,California
Contra Costa,2021-03-15,9394,488839,5071,275747,3570,207840,753,5252,4726,136383,4651,178597,5478,314980,California
Contra Costa,2021-03-16,14261,503100,8470,284217,5393,213233,398,5650,7122,136785,7117,185714,7519,322499,California
Contra Costa,2021-03-17,14997,518097,10345,294562,4439,217672,213,5863,8518,139065,6457,192171,8737,331236,California
Contra Costa,2021-03-18,15373,533470,8546,303108,6347,224019,480,6343,8775,141750,6568,198739,9253,340489,California
Contra Costa,2021-03-19,15501,548971,8906,312014,5204,229223,1391,7734,8282,144222,7206,205945,9678,350167,California
Contra Costa,2021-03-20,10616,559587,6343,318357,3970,233193,303,8037,5121,144169,5478,211423,5425,355592,California
Contra Costa,2021-03-21,4445,564032,3891,322248,466,233659,88,8125,2070,143958,2368,213791,2157,357749,California
Contra Costa,2021-03-22,11535,575567,8693,330941,2593,236252,249,8374,7002,146687,4521,218312,7250,364999,California
Contra Costa,2021-03-23,15608,591175,10753,341694,4685,240937,170,8544,9094,149466,6486,224798,9265,374264,California
Contra Costa,2021-03-24,14981,606156,11679,353373,3090,244027,212,8756,9198,153127,5751,230549,9412,383676,California
Contra Costa,2021-03-25,15271,621427,11894,365267,3093,247120,284,9040,9426,157028,5808,236357,9709,393385,California
Contra Costa,2021-03-26,14932,636359,10697,375964,3840,250960,395,9435,8811,160133,6096,242453,9201,402586,California
Contra Costa,2021-03-27,10432,646791,6755,382719,3167,254127,510,9945,5764,161741,4659,247112,6267,408853,California
Contra Costa,2021-03-28,4130,650921,2925,385644,1153,255280,52,9997,1754,161182,2365,249477,1806,410659,California
Contra Costa,2021-03-29,10835,661756,8450,394094,2270,257550,115,10112,7067,164617,3749,253226,7184,417843,California
Contra Costa,2021-03-30,16726,678482,9125,403219,6249,263799,1352,11464,11027,171312,5684,258910,12379,430222,California
Contra Costa,2021-03-31,17950,696432,12556,415775,3953,267752,1441,12905,11519,177872,6396,265306,12956,443178,California
Contra Costa,2021-04-01,17521,713953,12259,428034,3892,271644,1370,14275,11425,184597,6074,271380,12799,455977,California
Contra Costa,2021-04-02,17402,731355,12839,440873,3557,275201,1006,15281,11562,191336,5829,277209,12568,468545,California
Contra Costa,2021-04-03,10754,742109,6411,447284,2807,278008,1536,16817,6161,194452,4579,281788,7695,476240,California
Contra Costa,2021-04-04,3325,745434,1316,448600,1415,279423,594,17411,891,193510,2427,284215,1485,477725,California
Contra Costa,2021-04-05,12073,757507,7881,456481,3217,282640,975,18386,6592,195609,5468,289683,7567,485292,California
Contra Costa,2021-04-06,17288,774795,11981,468462,3022,285662,2285,20671,9748,200121,7520,297203,12032,497324,California
Contra Costa,2021-04-07,18449,793244,12477,480939,3169,288831,2803,23474,10464,205459,7966,305169,13304,510628,California
Contra Costa,2021-04-08,18601,811845,12398,493337,3294,292125,2909,26383,9990,209759,8584,313753,12884,523512,California
Contra Costa,2021-04-09,18650,830495,11901,505238,4276,296401,2473,28856,9957,213519,8667,322420,12427,535939,California
Contra Costa,2021-04-10,10504,840999,3800,509038,2158,298559,4546,33402,3288,214139,7200,329620,7820,543759,California
Contra Costa,2021-04-11,3317,844316,1982,511020,681,299240,654,34056,1121,213723,2190,331810,1774,545533,California
Contra Costa,2021-04-12,11862,856178,7843,518863,2966,302206,1053,35109,5590,214112,6258,338068,6647,552180,California
Contra Costa,2021-04-13,17767,873945,10893,529756,6868,309074,6,35115,11861,220100,5885,343953,11873,564053,California
Contra Costa,2021-04-14,17544,891489,11009,540765,6534,315608,1,35116,9719,222019,7804,351757,9723,573776,California
Contra Costa,2021-04-15,17479,908968,10721,551486,6757,322365,1,35117,8105,220799,9345,361102,8125,581901,California
Contra Costa,2021-04-16,16835,925803,10504,561990,6329,328694,2,35119,7590,219174,9222,370324,7597,589498,California
Contra Costa,2021-04-17,11426,937229,6273,568263,5153,333847,0,35119,6144,220054,5270,375594,6150,595648,California
Contra Costa,2021-04-18,2731,939960,2111,570374,620,334467,0,35119,1775,220882,947,376541,1775,597423,California
Contra Costa,2021-04-19,11358,951318,8495,578869,2863,337330,0,35119,3568,216687,7765,384306,3570,600993,California
Contra Costa,2021-04-20,16618,967936,10798,589667,5820,343150,0,35119,6226,212559,10358,394664,6230,607223,California
Contra Costa,2021-04-21,17300,985236,14122,603789,3178,346328,0,35119,6152,207605,11114,405778,6160,613383,California
Contra Costa,2021-04-22,17144,1002380,13887,617676,3256,349584,1,35120,6075,202652,11038,416816,6085,619468,California
Contra Costa,2021-04-23,16960,1019340,13491,631167,3469,353053,0,35120,5483,196699,11444,428260,5491,624959,California
Contra Costa,2021-04-24,10897,1030237,8413,639580,2484,355537,0,35120,4170,194166,6707,434967,4174,629133,California
Contra Costa,2021-04-25,3231,1033468,2179,641759,1050,356587,2,35122,2042,195024,1189,436156,2047,631180,California
Contra Costa,2021-04-26,9794,1043262,8208,649967,1562,358149,24,35146,2880,191039,6899,443055,2914,634094,California
Contra Costa,2021-04-27,14435,1057697,10587,660554,3696,361845,152,35298,3873,184533,10541,453596,4035,638129,California
Contra Costa,2021-04-28,13829,1071526,10757,671311,2785,364630,287,35585,3461,177949,10336,463932,3752,641881,California
Contra Costa,2021-04-29,12997,1084523,10052,681363,2775,367405,170,35755,2826,170804,10146,474078,3001,644882,California
Contra Costa,2021-04-30,13639,1098162,10755,692118,2634,370039,250,36005,3094,163633,10519,484597,3348,648230,California
Contra Costa,2021-05-01,7992,1106154,5839,697957,1836,371875,317,36322,1908,159794,6065,490662,2226,650456,California
Contra Costa,2021-05-02,2323,1108477,1578,699535,666,372541,79,36401,989,159538,1324,491986,1068,651524,California
Contra Costa,2021-05-03,9103,1117580,8010,707545,918,373459,175,36576,1924,154478,7164,499150,2104,653628,California
Contra Costa,2021-05-04,14056,1131636,12129,719674,1600,375059,327,36903,2296,145364,11737,510887,2623,656251,California
Contra Costa,2021-05-05,12476,1144112,10757,730431,1519,376578,200,37103,2399,137915,10050,520937,2601,658852,California
Contra Costa,2021-05-06,10259,1154371,8533,738964,1400,377978,326,37429,1939,131892,8296,529233,2273,661125,California
Contra Costa,2021-05-07,9590,1163961,7705,746669,1661,379639,224,37653,2214,126985,7342,536575,2435,663560,California
Contra Costa,2021-05-08,5268,1169229,3964,750633,1137,380776,167,37820,1246,124397,4005,540580,1417,664977,California
Contra Costa,2021-05-09,2103,1171332,1775,752408,269,381045,59,37879,462,123284,1637,542217,524,665501,California
Contra Costa,2021-05-10,4917,1176249,3938,756346,761,381806,218,38097,1345,121295,3551,545768,1562,667063,California
Contra Costa,2021-05-11,8645,1184894,4490,760836,3927,385733,228,38325,1693,116289,6933,552701,1927,668990,California
Contra Costa,2021-05-12,8963,1193857,4547,765383,4167,389900,249,38574,1541,110686,7399,560100,1796,670786,California
Contra Costa,2021-05-13,11125,1204982,7316,772699,3623,393523,186,38760,3772,107317,7326,567426,3957,674743,California
Contra Costa,2021-05-14,11915,1216897,7889,780588,3745,397268,281,39041,4815,105339,7075,574501,5097,679840,California
Contra Costa,2021-05-15,9488,1226385,6799,787387,2571,399839,118,39159,4081,104147,5394,579895,4202,684042,California
Contra Costa,2021-05-16,1345,1227730,1158,788545,149,399988,38,39197,404,103656,933,580828,442,684484,California
Contra Costa,2021-05-17,4879,1232609,3984,792529,800,400788,95,39292,2221,103323,2650,583478,2317,686801,California
Del Norte,2020-12-21,23,23,23,23,0,0,0,0,23,23,0,0,23,23,California
Del Norte,2020-12-22,45,68,45,68,0,0,0,0,45,68,0,0,45,68,California
Del Norte,2020-12-23,58,126,48,116,10,10,0,0,56,124,0,0,56,124,California
Del Norte,2020-12-28,34,160,34,150,0,10,0,0,34,158,0,0,34,158,California
Del Norte,2020-12-29,4,164,4,154,0,10,0,0,4,162,0,0,4,162,California
Del Norte,2020-12-30,67,231,55,209,12,22,0,0,68,230,0,0,68,230,California
Del Norte,2020-12-31,16,247,13,222,3,25,0,0,16,246,0,0,16,246,California
Del Norte,2021-01-04,102,349,49,271,53,78,0,0,102,348,0,0,102,348,California
Del Norte,2021-01-05,33,382,0,271,33,111,0,0,32,380,1,1,33,381,California
Del Norte,2021-01-06,77,459,18,289,59,170,0,0,77,457,0,1,77,458,California
Del Norte,2021-01-07,21,480,1,290,20,190,0,0,21,478,0,1,21,479,California
Del Norte,2021-01-08,78,558,7,297,71,261,0,0,78,556,0,1,78,557,California
Del Norte,2021-01-11,40,598,21,318,19,280,0,0,18,553,22,23,19,576,California
Del Norte,2021-01-12,50,648,31,349,19,299,0,0,30,563,20,43,30,606,California
Del Norte,2021-01-13,86,734,40,389,46,345,0,0,53,583,33,76,53,659,California
Del Norte,2021-01-14,52,786,14,403,38,383,0,0,46,623,6,82,46,705,California
Del Norte,2021-01-15,107,893,18,421,89,472,0,0,95,706,12,94,95,800,California
Del Norte,2021-01-17,1,894,1,422,0,472,0,0,1,707,0,94,1,801,California
Del Norte,2021-01-18,2,896,0,422,2,474,0,0,2,709,0,94,2,803,California
Del Norte,2021-01-19,119,1015,56,478,63,537,0,0,77,744,42,136,77,880,California
Del Norte,2021-01-20,159,1174,84,562,75,612,0,0,96,778,62,198,96,976,California
Del Norte,2021-01-21,43,1217,40,602,3,615,0,0,32,799,11,209,32,1008,California
Del Norte,2021-01-22,20,1237,17,619,3,618,0,0,13,805,7,216,13,1021,California
Del Norte,2021-01-23,1,1238,0,619,1,619,0,0,1,806,0,216,1,1022,California
Del Norte,2021-01-24,1,1239,0,619,1,620,0,0,1,807,0,216,1,1023,California
Del Norte,2021-01-25,100,1339,82,701,18,638,0,0,56,819,44,260,56,1079,California
Del Norte,2021-01-26,18,1357,11,712,7,645,0,0,7,815,11,271,7,1086,California
Del Norte,2021-01-27,64,1421,21,733,43,688,0,0,61,873,3,274,61,1147,California
Del Norte,2021-01-28,292,1713,20,753,272,960,0,0,287,1155,5,279,287,1434,California
Del Norte,2021-01-29,55,1768,21,774,34,994,0,0,44,1188,11,290,44,1478,California
Del Norte,2021-01-30,8,1776,1,775,7,1001,0,0,8,1196,0,290,8,1486,California
Del Norte,2021-02-01,41,1817,1,776,40,1041,0,0,26,1207,15,305,26,1512,California
Del Norte,2021-02-02,142,1959,34,810,108,1149,0,0,73,1212,68,373,73,1585,California
Del Norte,2021-02-03,126,2085,40,850,86,1235,0,0,71,1228,55,428,71,1656,California
Del Norte,2021-02-04,71,2156,29,879,42,1277,0,0,42,1241,29,457,42,1698,California
Del Norte,2021-02-05,184,2340,22,901,162,1439,0,0,119,1296,64,521,119,1817,California
Del Norte,2021-02-06,312,2652,6,907,306,1745,0,0,312,1608,0,521,312,2129,California
Del Norte,2021-02-07,2,2654,1,908,1,1746,0,0,2,1610,0,521,2,2131,California
Del Norte,2021-02-08,36,2690,1,909,35,1781,0,0,32,1638,4,525,32,2163,California
Del Norte,2021-02-09,8,2698,5,914,3,1784,0,0,2,1634,6,531,2,2165,California
Del Norte,2021-02-10,143,2841,20,934,123,1907,0,0,86,1664,56,587,86,2251,California
Del Norte,2021-02-11,177,3018,59,993,118,2025,0,0,64,1615,113,700,64,2315,California
Del Norte,2021-02-12,121,3139,14,1007,107,2132,0,0,67,1628,54,754,67,2382,California
Del Norte,2021-02-13,2,3141,1,1008,1,2133,0,0,2,1630,0,754,2,2384,California
Del Norte,2021-02-14,3,3144,1,1009,2,2135,0,0,2,1631,1,755,2,2386,California
Del Norte,2021-02-15,4,3148,0,1009,4,2139,0,0,2,1631,2,757,2,2388,California
Del Norte,2021-02-16,132,3280,1,1010,131,2270,0,0,13,1525,119,876,13,2401,California
Del Norte,2021-02-17,91,3371,20,1030,71,2341,0,0,24,1482,67,943,24,2425,California
Del Norte,2021-02-18,77,3448,24,1054,53,2394,0,0,51,1507,26,969,51,2476,California
Del Norte,2021-02-19,43,3491,17,1071,26,2420,0,0,33,1530,10,979,33,2509,California
Del Norte,2021-02-20,8,3499,5,1076,3,2423,0,0,6,1534,2,981,6,2515,California
Del Norte,2021-02-22,2,3501,0,1076,2,2425,0,0,2,1536,0,981,2,2517,California
Del Norte,2021-02-23,107,3608,89,1165,18,2443,0,0,31,1492,76,1057,32,2549,California
Del Norte,2021-02-24,152,3760,98,1263,54,2497,0,0,79,1498,73,1130,79,2628,California
Del Norte,2021-02-25,477,4237,131,1394,346,2843,0,0,213,1449,262,1392,213,2841,California
Del Norte,2021-02-26,213,4450,176,1570,37,2880,0,0,167,1570,46,1438,167,3008,California
Del Norte,2021-02-27,152,4602,145,1715,6,2886,1,1,141,1701,11,1449,142,3150,California
Del Norte,2021-02-28,4,4606,1,1716,3,2889,0,1,3,1703,1,1450,3,3153,California
Del Norte,2021-03-01,29,4635,2,1718,27,2916,0,1,4,1683,24,1474,4,3157,California
Del Norte,2021-03-02,220,4855,141,1859,79,2995,0,1,187,1837,33,1507,187,3344,California
Del Norte,2021-03-03,167,5022,99,1958,68,3063,0,1,126,1922,41,1548,126,3470,California
Del Norte,2021-03-04,120,5142,83,2041,37,3100,0,1,91,1985,28,1576,91,3561,California
Del Norte,2021-03-05,121,5263,11,2052,110,3210,0,1,73,2010,48,1624,73,3634,California
Del Norte,2021-03-06,465,5728,78,2130,338,3548,49,50,164,1880,301,1925,171,3805,California
Del Norte,2021-03-07,2,5730,1,2131,1,3549,0,50,1,1880,1,1926,1,3806,California
Del Norte,2021-03-08,28,5758,1,2132,25,3574,2,52,5,1864,23,1949,7,3813,California
Del Norte,2021-03-09,193,5951,112,2244,78,3652,3,55,182,2038,11,1960,185,3998,California
Del Norte,2021-03-10,233,6184,96,2340,109,3761,28,83,134,2101,99,2059,162,4160,California
Del Norte,2021-03-11,151,6335,55,2395,91,3852,5,88,103,2161,48,2107,108,4268,California
Del Norte,2021-03-12,178,6513,89,2484,89,3941,0,88,125,2233,53,2160,125,4393,California
Del Norte,2021-03-13,94,6607,93,2577,1,3942,0,88,91,2321,3,2163,91,4484,California
Del Norte,2021-03-14,1,6608,0,2577,1,3943,0,88,1,2321,1,2164,1,4485,California
Del Norte,2021-03-15,39,6647,0,2577,39,3982,0,88,35,2352,4,2168,35,4520,California
Del Norte,2021-03-16,281,6928,135,2712,146,4128,0,88,260,2591,21,2189,260,4780,California
Del Norte,2021-03-17,283,7211,95,2807,186,4314,2,90,169,2648,114,2303,171,4951,California
Del Norte,2021-03-18,285,7496,107,2914,175,4489,3,93,149,2665,135,2438,152,5103,California
Del Norte,2021-03-19,266,7762,159,3073,101,4590,6,99,91,2587,175,2613,97,5200,California
Del Norte,2021-03-20,157,7919,154,3227,3,4593,0,99,15,2460,142,2755,15,5215,California
Del Norte,2021-03-21,4,7923,2,3229,2,4595,0,99,2,2460,2,2757,2,5217,California
Del Norte,2021-03-22,43,7966,3,3232,39,4634,1,100,39,2497,3,2760,40,5257,California
Del Norte,2021-03-23,335,8301,164,3396,153,4787,18,118,165,2511,168,2928,182,5439,California
Del Norte,2021-03-24,397,8698,107,3503,249,5036,41,159,236,2627,161,3089,277,5716,California
Del Norte,2021-03-25,193,8891,89,3592,104,5140,0,159,84,2603,108,3197,84,5800,California
Del Norte,2021-03-26,233,9124,113,3705,120,5260,0,159,197,2764,36,3233,197,5997,California
Del Norte,2021-03-27,108,9232,87,3792,4,5264,17,176,17,2707,91,3324,34,6031,California
Del Norte,2021-03-28,4,9236,2,3794,2,5266,0,176,1,2705,3,3327,1,6032,California
Del Norte,2021-03-29,57,9293,6,3800,34,5300,17,193,32,2729,25,3352,49,6081,California
Del Norte,2021-03-30,339,9632,118,3918,210,5510,11,204,128,2657,211,3563,139,6220,California
Del Norte,2021-03-31,353,9985,100,4018,236,5746,17,221,198,2719,153,3716,215,6435,California
Del Norte,2021-04-01,164,10149,58,4076,72,5818,34,255,69,2728,94,3810,103,6538,California
Del Norte,2021-04-02,230,10379,78,4154,103,5921,49,304,47,2642,183,3993,97,6635,California
Del Norte,2021-04-03,108,10487,83,4237,2,5923,23,327,5,2568,102,4095,28,6663,California
Del Norte,2021-04-04,4,10491,0,4237,0,5923,4,331,0,2568,4,4099,4,6667,California
Del Norte,2021-04-05,47,10538,5,4242,38,5961,4,335,40,2605,7,4106,44,6711,California
Del Norte,2021-04-06,378,10916,119,4361,222,6183,37,372,145,2559,229,4335,183,6894,California
Del Norte,2021-04-07,436,11352,115,4476,260,6443,61,433,289,2763,146,4481,350,7244,California
Del Norte,2021-04-08,227,11579,54,4530,105,6548,68,501,105,2814,122,4603,173,7417,California
Del Norte,2021-04-09,205,11784,47,4577,81,6629,77,578,98,2881,106,4709,173,7590,California
Del Norte,2021-04-10,47,11831,26,4603,4,6633,17,595,27,2905,20,4729,44,7634,California
Del Norte,2021-04-11,12,11843,3,4606,2,6635,7,602,2,2904,10,4739,9,7643,California
Del Norte,2021-04-12,28,11871,1,4607,9,6644,18,620,1,2897,26,4765,19,7662,California
Del Norte,2021-04-13,298,12169,50,4657,248,6892,0,620,155,2909,143,4908,155,7817,California
Del Norte,2021-04-14,328,12497,23,4680,305,7197,0,620,138,2862,190,5098,143,7960,California
Del Norte,2021-04-15,164,12661,31,4711,133,7330,0,620,45,2789,119,5217,46,8006,California
Del Norte,2021-04-16,161,12822,40,4751,121,7451,0,620,59,2747,102,5319,60,8066,California
Del Norte,2021-04-17,102,12924,70,4821,32,7483,0,620,97,2839,5,5324,97,8163,California
Del Norte,2021-04-18,5,12929,4,4825,1,7484,0,620,4,2842,1,5325,4,8167,California
Del Norte,2021-04-19,50,12979,6,4831,44,7528,0,620,8,2808,42,5367,8,8175,California
Del Norte,2021-04-20,209,13188,40,4871,169,7697,0,620,74,2747,135,5502,74,8249,California
Del Norte,2021-04-21,288,13476,23,4894,265,7962,0,620,64,2590,224,5726,67,8316,California
Del Norte,2021-04-22,114,13590,15,4909,99,8061,0,620,62,2600,52,5778,62,8378,California
Del Norte,2021-04-23,152,13742,21,4930,131,8192,0,620,39,2527,112,5890,39,8417,California
Del Norte,2021-04-24,25,13767,14,4944,11,8203,0,620,20,2542,5,5895,20,8437,California
Del Norte,2021-04-25,2,13769,0,4944,2,8205,0,620,2,2544,0,5895,2,8439,California
Del Norte,2021-04-26,30,13799,0,4944,30,8235,0,620,8,2530,22,5917,8,8447,California
Del Norte,2021-04-27,181,13980,19,4963,157,8392,5,625,49,2452,132,6049,54,8501,California
Del Norte,2021-04-28,352,14332,101,5064,246,8638,5,630,63,2234,287,6336,69,8570,California
Del Norte,2021-04-29,92,14424,5,5069,83,8721,4,634,26,2198,66,6402,30,8600,California
Del Norte,2021-04-30,83,14507,6,5075,67,8788,10,644,44,2213,39,6441,54,8654,California
Del Norte,2021-05-01,8,14515,3,5078,5,8793,0,644,6,2217,2,6443,6,8660,California
Del Norte,2021-05-02,8,14523,0,5078,8,8801,0,644,8,2225,0,6443,8,8668,California
Del Norte,2021-05-03,40,14563,3,5081,34,8835,3,647,2,2193,37,6480,5,8673,California
Del Norte,2021-05-04,221,14784,36,5117,180,9015,5,652,47,2071,174,6654,52,8725,California
Del Norte,2021-05-05,231,15015,19,5136,204,9219,8,660,56,1960,175,6829,64,8789,California
Del Norte,2021-05-06,112,15127,24,5160,75,9294,13,673,27,1915,85,6914,40,8829,California
Del Norte,2021-05-07,151,15278,29,5189,118,9412,4,677,32,1832,119,7033,36,8865,California
Del Norte,2021-05-08,64,15342,55,5244,7,9419,2,679,7,1784,57,7090,9,8874,California
Del Norte,2021-05-09,9,15351,3,5247,3,9422,3,682,2,1782,7,7097,5,8879,California
Del Norte,2021-05-10,25,15376,3,5250,18,9440,4,686,15,1791,10,7107,19,8898,California
Del Norte,2021-05-11,168,15544,49,5299,117,9557,2,688,31,1687,137,7244,33,8931,California
Del Norte,2021-05-12,147,15691,23,5322,114,9671,10,698,26,1603,120,7364,36,8967,California
Del Norte,2021-05-13,54,15745,29,5351,25,9696,0,698,31,1611,23,7387,31,8998,California
Del Norte,2021-05-14,70,15815,24,5375,45,9741,1,699,37,1616,33,7420,38,9036,California
Del Norte,2021-05-15,57,15872,39,5414,17,9758,1,700,36,1632,21,7441,37,9073,California
Del Norte,2021-05-16,5,15877,0,5414,5,9763,0,700,5,1637,0,7441,5,9078,California
Del Norte,2021-05-17,9,15886,3,5417,6,9769,0,700,8,1644,1,7442,8,9086,California
El Dorado,2020-12-15,12,12,12,12,0,0,0,0,12,12,0,0,12,12,California
El Dorado,2020-12-16,40,52,40,52,0,0,0,0,40,52,0,0,40,52,California
El Dorado,2020-12-17,31,83,31,83,0,0,0,0,31,83,0,0,31,83,California
El Dorado,2020-12-18,236,319,236,319,0,0,0,0,236,319,0,0,236,319,California
El Dorado,2020-12-19,116,435,116,435,0,0,0,0,116,435,0,0,116,435,California
El Dorado,2020-12-20,85,520,85,520,0,0,0,0,85,520,0,0,85,520,California
El Dorado,2020-12-21,309,829,308,828,1,1,0,0,309,829,0,0,309,829,California
El Dorado,2020-12-22,238,1067,214,1042,24,25,0,0,238,1067,0,0,238,1067,California
El Dorado,2020-12-23,189,1256,140,1182,49,74,0,0,189,1256,0,0,189,1256,California
El Dorado,2020-12-24,87,1343,66,1248,21,95,0,0,87,1343,0,0,87,1343,California
El Dorado,2020-12-25,8,1351,8,1256,0,95,0,0,8,1351,0,0,8,1351,California
El Dorado,2020-12-26,44,1395,26,1282,18,113,0,0,44,1395,0,0,44,1395,California
El Dorado,2020-12-27,37,1432,33,1315,4,117,0,0,37,1432,0,0,37,1432,California
El Dorado,2020-12-28,215,1647,168,1483,47,164,0,0,215,1647,0,0,215,1647,California
El Dorado,2020-12-29,459,2106,142,1625,317,481,0,0,459,2106,0,0,459,2106,California
El Dorado,2020-12-30,506,2612,136,1761,370,851,0,0,506,2612,0,0,506,2612,California
El Dorado,2020-12-31,110,2722,70,1831,40,891,0,0,110,2722,0,0,110,2722,California
El Dorado,2021-01-01,7,2729,4,1835,3,894,0,0,7,2729,0,0,7,2729,California
El Dorado,2021-01-02,153,2882,141,1976,12,906,0,0,153,2882,0,0,153,2882,California
El Dorado,2021-01-03,92,2974,17,1993,75,981,0,0,92,2974,0,0,92,2974,California
El Dorado,2021-01-04,190,3164,62,2055,128,1109,0,0,190,3164,0,0,190,3164,California
El Dorado,2021-01-05,208,3372,51,2106,157,1266,0,0,192,3340,16,16,192,3356,California
El Dorado,2021-01-06,261,3633,189,2295,72,1338,0,0,197,3473,64,80,197,3553,California
El Dorado,2021-01-07,330,3963,136,2431,194,1532,0,0,259,3661,71,151,259,3812,California
El Dorado,2021-01-08,977,4940,502,2933,475,2007,0,0,774,4233,203,354,775,4587,California
El Dorado,2021-01-09,193,5133,156,3089,37,2044,0,0,125,4290,68,422,125,4712,California
El Dorado,2021-01-10,180,5313,129,3218,51,2095,0,0,110,4331,70,492,111,4823,California
El Dorado,2021-01-11,659,5972,293,3511,366,2461,0,0,459,4592,199,691,460,5283,California
El Dorado,2021-01-12,698,6670,423,3934,275,2736,0,0,449,4792,249,940,449,5732,California
El Dorado,2021-01-13,700,7370,296,4230,404,3140,0,0,539,5170,161,1101,539,6271,California
El Dorado,2021-01-14,694,8064,220,4450,474,3614,0,0,599,5674,95,1196,599,6870,California
El Dorado,2021-01-15,686,8750,185,4635,501,4115,0,0,614,6216,72,1268,614,7484,California
El Dorado,2021-01-16,173,8923,104,4739,69,4184,0,0,146,6335,27,1295,146,7630,California
El Dorado,2021-01-17,100,9023,47,4786,53,4237,0,0,83,6401,17,1312,83,7713,California
El Dorado,2021-01-18,423,9446,140,4926,283,4520,0,0,354,6686,69,1381,354,8067,California
El Dorado,2021-01-19,655,10101,355,5281,300,4820,0,0,505,7042,150,1531,506,8573,California
El Dorado,2021-01-20,1013,11114,688,5969,325,5145,0,0,901,7832,111,1642,901,9474,California
El Dorado,2021-01-21,1162,12276,576,6545,586,5731,0,0,954,8619,167,1809,954,10428,California
El Dorado,2021-01-22,1108,13384,713,7258,395,6126,0,0,1054,9620,53,1862,1054,11482,California
El Dorado,2021-01-23,738,14122,617,7875,121,6247,0,0,627,10136,111,1973,627,12109,California
El Dorado,2021-01-24,126,14248,76,7951,50,6297,0,0,107,10224,19,1992,107,12216,California
El Dorado,2021-01-25,613,14861,206,8157,407,6704,0,0,525,10661,88,2080,525,12741,California
El Dorado,2021-01-26,676,15537,366,8523,310,7014,0,0,572,11130,104,2184,573,13314,California
El Dorado,2021-01-27,987,16524,388,8911,599,7613,0,0,650,11442,338,2522,650,13964,California
El Dorado,2021-01-28,1107,17631,453,9364,654,8267,0,0,746,11827,361,2883,746,14710,California
El Dorado,2021-01-29,976,18607,490,9854,486,8753,0,0,746,12345,229,3112,747,15457,California
El Dorado,2021-01-30,611,19218,359,10213,252,9005,0,0,451,12636,160,3272,451,15908,California
El Dorado,2021-01-31,210,19428,189,10402,21,9026,0,0,181,12788,29,3301,181,16089,California
El Dorado,2021-02-01,796,20224,367,10769,429,9455,0,0,652,13296,144,3445,652,16741,California
El Dorado,2021-02-02,839,21063,368,11137,471,9926,0,0,675,13807,164,3609,675,17416,California
El Dorado,2021-02-03,900,21963,475,11612,425,10351,0,0,688,14283,212,3821,688,18104,California
El Dorado,2021-02-04,1267,23230,724,12336,543,10894,0,0,871,14759,395,4216,871,18975,California
El Dorado,2021-02-05,1484,24714,597,12933,887,11781,0,0,868,15046,581,4797,868,19843,California
El Dorado,2021-02-06,640,25354,335,13268,305,12086,0,0,530,15467,110,4907,531,20374,California
El Dorado,2021-02-07,258,25612,176,13444,82,12168,0,0,194,15597,64,4971,194,20568,California
El Dorado,2021-02-08,882,26494,417,13861,465,12633,0,0,608,15931,274,5245,608,21176,California
El Dorado,2021-02-09,912,27406,489,14350,423,13056,0,0,488,15995,424,5669,488,21664,California
El Dorado,2021-02-10,1257,28663,736,15086,521,13577,0,0,665,16069,591,6260,665,22329,California
El Dorado,2021-02-11,2154,30817,891,15977,1263,14840,0,0,960,15839,1191,7451,961,23290,California
El Dorado,2021-02-12,1574,32391,827,16804,747,15587,0,0,680,15627,893,8344,681,23971,California
El Dorado,2021-02-13,978,33369,668,17472,310,15897,0,0,434,15520,541,8885,434,24405,California
El Dorado,2021-02-14,486,33855,155,17627,331,16228,0,0,400,15834,86,8971,400,24805,California
El Dorado,2021-02-15,1183,35038,385,18012,798,17026,0,0,824,16302,359,9330,827,25632,California
El Dorado,2021-02-16,1204,36242,532,18544,672,17698,0,0,678,16456,525,9855,679,26311,California
El Dorado,2021-02-17,908,37150,377,18921,531,18229,0,0,419,16388,489,10344,421,26732,California
El Dorado,2021-02-18,2084,39234,1012,19933,1072,19301,0,0,1344,16993,739,11083,1344,28076,California
El Dorado,2021-02-19,1171,40405,604,20537,567,19868,0,0,649,17121,521,11604,649,28725,California
El Dorado,2021-02-20,924,41329,440,20977,484,20352,0,0,672,17547,246,11850,672,29397,California
El Dorado,2021-02-21,284,41613,227,21204,57,20409,0,0,100,17464,183,12033,100,29497,California
El Dorado,2021-02-22,870,42483,435,21639,435,20844,0,0,284,17163,585,12618,284,29781,California
El Dorado,2021-02-23,846,43329,473,22112,373,21217,0,0,349,17016,496,13114,349,30130,California
El Dorado,2021-02-24,1027,44356,438,22550,589,21806,0,0,428,16846,599,13713,429,30559,California
El Dorado,2021-02-25,1887,46243,1136,23686,751,22557,0,0,797,16561,1084,14797,799,31358,California
El Dorado,2021-02-26,2356,48599,1481,25167,875,23432,0,0,1590,17388,763,15560,1590,32948,California
El Dorado,2021-02-27,1661,50260,439,25606,1222,24654,0,0,1221,18172,437,15997,1221,34169,California
El Dorado,2021-02-28,591,50851,205,25811,386,25040,0,0,437,18456,154,16151,438,34607,California
El Dorado,2021-03-01,1138,51989,453,26264,684,25724,1,1,627,18576,508,16659,628,35235,California
El Dorado,2021-03-02,921,52910,268,26532,653,26377,0,1,482,18621,437,17096,482,35717,California
El Dorado,2021-03-03,1685,54595,462,26994,1223,27600,0,1,1152,19249,526,17622,1154,36871,California
El Dorado,2021-03-04,2514,57109,1551,28545,963,28563,0,1,1220,19178,1291,18913,1220,38091,California
El Dorado,2021-03-05,1578,58687,424,28969,1149,29712,5,6,1043,19697,529,19442,1048,39139,California
El Dorado,2021-03-06,741,59428,212,29181,494,30206,35,41,393,19777,348,19790,428,39567,California
El Dorado,2021-03-07,406,59834,198,29379,190,30396,18,59,242,19875,162,19952,260,39827,California
El Dorado,2021-03-08,1329,61163,366,29745,891,31287,72,131,859,20338,467,20419,930,40757,California
El Dorado,2021-03-09,982,62145,226,29971,689,31976,67,198,582,20603,384,20803,649,41406,California
El Dorado,2021-03-10,948,63093,343,30314,549,32525,56,254,547,20810,395,21198,602,42008,California
El Dorado,2021-03-11,3020,66113,1834,32148,1004,33529,182,436,1376,20742,1625,22823,1557,43565,California
El Dorado,2021-03-12,1779,67892,620,32768,913,34442,246,682,744,20714,1018,23841,990,44555,California
El Dorado,2021-03-13,1065,68957,344,33112,438,34880,283,965,374,20681,688,24529,655,45210,California
El Dorado,2021-03-14,794,69751,208,33320,474,35354,112,1077,279,20557,515,25044,391,45601,California
El Dorado,2021-03-15,1402,71153,303,33623,973,36327,126,1203,613,20512,785,25829,740,46341,California
El Dorado,2021-03-16,1217,72370,409,34032,663,36990,145,1348,571,20588,640,26469,716,47057,California
El Dorado,2021-03-17,1111,73481,350,34382,667,37657,94,1442,726,21023,385,26854,820,47877,California
El Dorado,2021-03-18,2996,76477,1772,36154,1179,38836,45,1487,1985,22050,1003,27857,2030,49907,California
El Dorado,2021-03-19,1114,77591,363,36517,606,39442,145,1632,639,22359,475,28332,784,50691,California
El Dorado,2021-03-20,950,78541,270,36787,663,40105,17,1649,369,22176,569,28901,386,51077,California
El Dorado,2021-03-21,1025,79566,418,37205,602,40707,5,1654,935,23028,88,28989,940,52017,California
El Dorado,2021-03-22,1504,81070,489,37694,933,41640,82,1736,1193,23997,306,29295,1275,53292,California
El Dorado,2021-03-23,1144,82214,450,38144,602,42242,92,1828,730,24417,402,29697,822,54114,California
El Dorado,2021-03-24,1455,83669,621,38765,638,42880,196,2024,662,24510,765,30462,858,54972,California
El Dorado,2021-03-25,2509,86178,1685,40450,721,43601,103,2127,1382,24874,1121,31583,1485,56457,California
El Dorado,2021-03-26,1819,87997,697,41147,1012,44613,110,2237,946,25080,851,32434,1057,57514,California
El Dorado,2021-03-27,1315,89312,188,41335,1123,45736,4,2241,334,24443,975,33409,338,57852,California
El Dorado,2021-03-28,634,89946,182,41517,443,46179,9,2250,202,24227,428,33837,212,58064,California
El Dorado,2021-03-29,1316,91262,431,41948,869,47048,16,2266,827,24584,486,34323,843,58907,California
El Dorado,2021-03-30,1362,92624,411,42359,858,47906,93,2359,688,24697,666,34989,779,59686,California
El Dorado,2021-03-31,1558,94182,582,42941,913,48819,63,2422,700,24602,856,35845,761,60447,California
El Dorado,2021-04-01,3233,97415,1767,44708,1383,50202,83,2505,1536,24528,1695,37540,1621,62068,California
El Dorado,2021-04-02,1883,99298,561,45269,1227,51429,95,2600,749,24244,1128,38668,844,62912,California
El Dorado,2021-04-03,748,100046,294,45563,333,51762,121,2721,229,24076,517,39185,349,63261,California
El Dorado,2021-04-04,271,100317,85,45648,139,51901,47,2768,98,24049,172,39357,145,63406,California
El Dorado,2021-04-05,1418,101735,424,46072,900,52801,94,2862,587,23904,826,40183,681,64087,California
El Dorado,2021-04-06,1414,103149,524,46596,668,53469,222,3084,452,23618,959,41142,673,64760,California
El Dorado,2021-04-07,1577,104726,554,47150,576,54045,447,3531,556,23600,1018,42160,1000,65760,California
El Dorado,2021-04-08,2664,107390,1716,48866,713,54758,235,3766,1108,23394,1547,43707,1341,67101,California
El Dorado,2021-04-09,1422,108812,450,49316,752,55510,220,3986,568,23327,851,44558,784,67885,California
El Dorado,2021-04-10,818,109630,224,49540,484,55994,110,4096,472,23565,343,44901,581,68466,California
El Dorado,2021-04-11,703,110333,454,49994,233,56227,16,4112,208,23295,494,45395,224,68690,California
El Dorado,2021-04-12,1276,111609,498,50492,630,56857,148,4260,558,23289,711,46106,705,69395,California
El Dorado,2021-04-13,1118,112727,607,51099,511,57368,0,4260,511,23197,603,46709,511,69906,California
El Dorado,2021-04-14,1086,113813,459,51558,626,57994,1,4261,387,22899,686,47395,388,70294,California
El Dorado,2021-04-15,2494,116307,1673,53231,821,58815,0,4261,960,22329,1531,48926,961,71255,California
El Dorado,2021-04-16,1472,117779,519,53750,953,59768,0,4261,610,22082,858,49784,611,71866,California
El Dorado,2021-04-17,786,118565,200,53950,586,60354,0,4261,486,22271,297,50081,486,72352,California
El Dorado,2021-04-18,998,119563,88,54038,910,61264,0,4261,402,22078,595,50676,402,72754,California
El Dorado,2021-04-19,1713,121276,437,54475,1276,62540,0,4261,690,21751,1017,51693,690,73444,California
El Dorado,2021-04-20,1110,122386,359,54834,751,63291,0,4261,461,21568,644,52337,461,73905,California
El Dorado,2021-04-21,1152,123538,464,55298,684,63975,4,4265,586,21596,559,52896,587,74492,California
El Dorado,2021-04-22,2549,126087,1681,56979,868,64843,0,4265,1069,21187,1478,54374,1069,75561,California
El Dorado,2021-04-23,1403,127490,497,57476,906,65749,0,4265,714,21216,686,55060,715,76276,California
El Dorado,2021-04-24,964,128454,512,57988,452,66201,0,4265,733,21720,229,55289,733,77009,California
El Dorado,2021-04-25,652,129106,448,58436,204,66405,0,4265,464,21996,188,55477,464,77473,California
El Dorado,2021-04-26,1131,130237,449,58885,666,67071,16,4281,531,21944,599,56076,547,78020,California
El Dorado,2021-04-27,1047,131284,373,59258,646,67717,28,4309,471,21873,570,56646,499,78519,California
El Dorado,2021-04-28,1030,132314,346,59604,644,68361,40,4349,401,21686,628,57274,441,78960,California
El Dorado,2021-04-29,1931,134245,1306,60910,593,68954,32,4381,541,20872,1387,58661,573,79533,California
El Dorado,2021-04-30,2117,136362,1327,62237,749,69703,41,4422,1358,21524,746,59407,1398,80931,California
El Dorado,2021-05-01,615,136977,282,62519,306,70009,27,4449,277,21497,331,59738,304,81235,California
El Dorado,2021-05-02,298,137275,212,62731,57,70066,29,4478,101,21432,194,59932,129,81364,California
El Dorado,2021-05-03,820,138095,402,63133,368,70434,50,4528,275,21216,543,60475,327,81691,California
El Dorado,2021-05-04,877,138972,432,63565,387,70821,58,4586,309,21019,564,61039,367,82058,California
El Dorado,2021-05-05,872,139844,430,63995,369,71190,73,4659,414,21050,456,61495,487,82545,California
El Dorado,2021-05-06,1111,140955,481,64476,583,71773,47,4706,475,20936,632,62127,518,83063,California
El Dorado,2021-05-07,976,141931,371,64847,547,72320,58,4764,400,20817,576,62703,457,83520,California
El Dorado,2021-05-08,484,142415,147,64994,299,72619,38,4802,186,20745,296,62999,224,83744,California
El Dorado,2021-05-09,217,142632,78,65072,112,72731,27,4829,100,20756,116,63115,127,83871,California
El Dorado,2021-05-10,827,143459,274,65346,494,73225,59,4888,241,20478,576,63691,298,84169,California
El Dorado,2021-05-11,663,144122,287,65633,322,73547,54,4942,291,20455,369,64060,346,84515,California
El Dorado,2021-05-12,589,144711,316,65949,239,73786,34,4976,239,20379,350,64410,274,84789,California
El Dorado,2021-05-13,1117,145828,716,66665,364,74150,37,5013,373,20048,740,65150,409,85198,California
El Dorado,2021-05-14,1341,147169,773,67438,486,74636,82,5095,636,20067,699,65849,718,85916,California
El Dorado,2021-05-15,821,147990,485,67923,278,74914,58,5153,269,19843,551,66400,327,86243,California
El Dorado,2021-05-16,101,148091,57,67980,42,74956,2,5155,22,19788,79,66479,24,86267,California
El Dorado,2021-05-17,1042,149133,401,68381,636,75592,5,5160,314,19381,726,67205,319,86586,California
Fresno,2020-12-15,2,2,2,2,0,0,0,0,2,2,0,0,2,2,California
Fresno,2020-12-16,121,123,121,123,0,0,0,0,121,123,0,0,121,123,California
Fresno,2020-12-17,121,244,121,244,0,0,0,0,121,244,0,0,121,244,California
Fresno,2020-12-18,344,588,344,588,0,0,0,0,344,588,0,0,344,588,California
Fresno,2020-12-19,159,747,159,747,0,0,0,0,159,747,0,0,159,747,California
Fresno,2020-12-20,258,1005,256,1003,2,2,0,0,258,1005,0,0,258,1005,California
Fresno,2020-12-21,926,1931,925,1928,1,3,0,0,957,1962,0,0,957,1962,California
Fresno,2020-12-22,902,2833,873,2801,29,32,0,0,906,2868,0,0,906,2868,California
Fresno,2020-12-23,1087,3920,1046,3847,41,73,0,0,1088,3956,0,0,1088,3956,California
Fresno,2020-12-24,583,4503,563,4410,20,93,0,0,583,4539,0,0,583,4539,California
Fresno,2020-12-25,2,4505,1,4411,1,94,0,0,2,4541,0,0,2,4541,California
Fresno,2020-12-26,723,5228,714,5125,9,103,0,0,723,5264,0,0,723,5264,California
Fresno,2020-12-27,300,5528,204,5329,96,199,0,0,300,5564,0,0,300,5564,California
Fresno,2020-12-28,1065,6593,777,6106,288,487,0,0,1066,6630,0,0,1066,6630,California
Fresno,2020-12-29,1782,8375,1037,7143,745,1232,0,0,1780,8409,1,1,1780,8410,California
Fresno,2020-12-30,987,9362,479,7622,508,1740,0,0,987,9396,0,1,987,9397,California
Fresno,2020-12-31,899,10261,309,7931,590,2330,0,0,898,10294,0,1,898,10295,California
Fresno,2021-01-01,9,10270,3,7934,6,2336,0,0,9,10303,0,1,9,10304,California
Fresno,2021-01-02,1030,11300,717,8651,313,2649,0,0,1030,11333,0,1,1030,11334,California
Fresno,2021-01-03,153,11453,128,8779,25,2674,0,0,153,11486,0,1,153,11487,California
Fresno,2021-01-04,619,12072,376,9155,243,2917,0,0,619,12105,0,1,619,12106,California
Fresno,2021-01-05,779,12851,311,9466,468,3385,0,0,705,12736,74,75,705,12811,California
Fresno,2021-01-06,980,13831,346,9812,634,4019,0,0,808,13372,172,247,808,13619,California
Fresno,2021-01-07,1890,15721,916,10728,974,4993,0,0,1636,14757,254,501,1639,15258,California
Fresno,2021-01-08,1788,17509,614,11342,1174,6167,0,0,1424,15819,362,863,1424,16682,California
Fresno,2021-01-09,630,18139,388,11730,242,6409,0,0,355,15899,275,1138,355,17037,California
Fresno,2021-01-10,518,18657,488,12218,30,6439,0,0,204,15789,314,1452,204,17241,California
Fresno,2021-01-11,2207,20864,1799,14017,408,6847,0,0,1514,16613,693,2145,1517,18758,California
Fresno,2021-01-12,2529,23393,1830,15847,699,7546,0,0,1680,17444,851,2996,1682,20440,California
Fresno,2021-01-13,3540,26933,2422,18269,1118,8664,0,0,2682,19271,858,3854,2685,23125,California
Fresno,2021-01-14,4158,31091,2203,20472,1955,10619,0,0,3687,22488,470,4324,3687,26812,California
Fresno,2021-01-15,3652,34743,2530,23002,1122,11741,0,0,3295,25430,357,4681,3299,30111,California
Fresno,2021-01-16,3153,37896,2310,25312,843,12584,0,0,2688,27655,464,5145,2689,32800,California
Fresno,2021-01-17,979,38875,558,25870,421,13005,0,0,781,28238,198,5343,781,33581,California
Fresno,2021-01-18,3077,41952,2370,28240,707,13712,0,0,2411,29987,664,6007,2413,35994,California
Fresno,2021-01-19,4406,46358,2614,30854,1792,15504,0,0,3697,32979,709,6716,3701,39695,California
Fresno,2021-01-20,3022,49380,1211,32065,1811,17315,0,0,2698,35358,322,7038,2701,42396,California
Fresno,2021-01-21,4389,53769,2031,34096,2358,19673,0,0,4034,39065,333,7371,4040,46436,California
Fresno,2021-01-22,3314,57083,1348,35444,1966,21639,0,0,2919,41607,378,7749,2920,49356,California
Fresno,2021-01-23,3045,60128,1971,37415,1074,22713,0,0,2321,43212,723,8472,2328,51684,California
Fresno,2021-01-24,553,60681,373,37788,180,22893,0,0,348,43358,205,8677,351,52035,California
Fresno,2021-01-25,2346,63027,867,38655,1479,24372,0,0,1856,44728,490,9167,1860,53895,California
Fresno,2021-01-26,2023,65050,584,39239,1439,25811,0,0,1312,45332,709,9876,1313,55208,California
Fresno,2021-01-27,2284,67334,1166,40405,1118,26929,0,0,1753,46559,529,10405,1756,56964,California
Fresno,2021-01-28,4509,71843,3067,43472,1442,28371,0,0,3484,49025,1021,11426,3487,60451,California
Fresno,2021-01-29,1707,73550,983,44455,724,29095,0,0,1409,50140,295,11721,1410,61861,California
Fresno,2021-01-30,1453,75003,552,45007,901,29996,0,0,1035,50757,418,12139,1035,62896,California
Fresno,2021-01-31,227,75230,218,45225,9,30005,0,0,73,50676,154,12293,73,62969,California
Fresno,2021-02-01,3344,78574,1670,46895,1674,31679,0,0,1786,50923,1557,13850,1804,64773,California
Fresno,2021-02-02,2725,81299,554,47449,2171,33850,0,0,1582,51393,1128,14978,1598,66371,California
Fresno,2021-02-03,3553,84852,2101,49550,1452,35302,0,0,1533,50924,2003,16981,1534,67905,California
Fresno,2021-02-04,4200,89052,1899,51449,2301,37603,0,0,1931,50621,2239,19220,1936,69841,California
Fresno,2021-02-05,5338,94390,2725,54174,2613,40216,0,0,2309,49910,3024,22244,2313,72154,California
Fresno,2021-02-06,2937,97327,2048,56222,889,41105,0,0,977,48931,1957,24201,978,73132,California
Fresno,2021-02-07,470,97797,289,56511,181,41286,0,0,275,49012,194,24395,275,73407,California
Fresno,2021-02-08,4278,102075,2292,58803,1986,43272,0,0,1812,48391,2442,26837,1821,75228,California
Fresno,2021-02-09,5335,107410,2087,60890,3248,46520,0,0,3118,49376,2142,28979,3127,78355,California
Fresno,2021-02-10,3888,111298,1236,62126,2652,49172,0,0,1994,49544,1838,30817,2006,80361,California
Fresno,2021-02-11,6459,117757,2097,64223,4362,53534,0,0,3363,49832,3080,33897,3368,83729,California
Fresno,2021-02-12,5394,123151,1384,65607,4010,57544,0,0,2743,49951,2631,36528,2750,86479,California
Fresno,2021-02-13,3750,126901,1558,67165,2192,59736,0,0,2096,50411,1642,38170,2102,88581,California
Fresno,2021-02-14,1563,128464,283,67448,1280,61016,0,0,849,50548,714,38884,851,89432,California
Fresno,2021-02-15,2892,131356,272,67720,2620,63636,0,0,1787,51238,1101,39985,1791,91223,California
Fresno,2021-02-16,6700,138056,2408,70128,4292,67928,0,0,4255,53072,2427,42412,4261,95484,California
Fresno,2021-02-17,5346,143402,2458,72586,2888,70816,0,0,2986,53748,2315,44727,2991,98475,California
Fresno,2021-02-18,6866,150268,2905,75491,3961,74777,0,0,2572,52086,4244,48971,2582,101057,California
Fresno,2021-02-19,3842,154110,1104,76595,2738,77515,0,0,1834,51926,1997,50968,1837,102894,California
Fresno,2021-02-20,4546,158656,2502,79097,2044,79559,0,0,3065,53523,1474,52442,3071,105965,California
Fresno,2021-02-21,194,158850,175,79272,19,79578,0,0,131,53604,50,52492,131,106096,California
Fresno,2021-02-22,2250,161100,1008,80280,1242,80820,0,0,1241,53848,999,53491,1243,107339,California
Fresno,2021-02-23,4672,165772,2247,82527,2425,83245,0,0,3797,56784,863,54354,3799,111138,California
Fresno,2021-02-24,4206,169978,1501,84028,2705,85950,0,0,3453,59497,741,55095,3454,114592,California
Fresno,2021-02-25,8687,178665,3711,87739,4976,90926,0,0,7197,65276,1426,56521,7205,121797,California
Fresno,2021-02-26,9001,187666,3688,91427,5313,96239,0,0,7697,71700,1279,57800,7703,129500,California
Fresno,2021-02-27,7233,194899,3125,94552,4108,100347,0,0,6525,77534,692,58492,6526,136026,California
Fresno,2021-02-28,1655,196554,536,95088,1119,101466,0,0,1564,79021,78,58570,1565,137591,California
Fresno,2021-03-01,4966,201520,1315,96403,3651,105117,0,0,3649,81367,1307,59877,3653,141244,California
Fresno,2021-03-02,9830,211350,3384,99787,6446,111563,0,0,8448,88479,1358,61235,8470,149714,California
Fresno,2021-03-03,6897,218247,1692,101479,5204,116767,1,1,5882,93473,1003,62238,5997,155711,California
Fresno,2021-03-04,8670,226917,2560,104039,6110,122877,0,1,7135,99111,1505,63743,7143,162854,California
Fresno,2021-03-05,8087,235004,2723,106762,5362,128239,2,3,7058,105350,896,64639,7135,169989,California
Fresno,2021-03-06,6576,241580,3550,110312,2908,131147,118,121,5616,110135,953,65592,5738,175727,California
Fresno,2021-03-07,1484,243064,679,110991,769,131916,36,157,1254,111198,228,65820,1291,177018,California
Fresno,2021-03-08,5088,248152,2024,113015,2911,134827,153,310,3906,114095,1173,66993,4070,181088,California
Fresno,2021-03-09,7213,255365,2444,115459,4499,139326,270,580,4004,115213,3191,70184,4309,185397,California
Fresno,2021-03-10,6646,262011,2762,118221,3491,142817,393,973,5239,119457,1398,71582,5642,191039,California
Fresno,2021-03-11,11465,273476,4561,122782,6338,149155,566,1539,6216,121111,5204,76786,6858,197897,California
Fresno,2021-03-12,11774,285250,5030,127812,6291,155446,453,1992,8771,127492,2984,79770,9365,207262,California
Fresno,2021-03-13,8181,293431,3906,131718,3243,158689,1032,3024,3923,128282,4236,84006,5026,212288,California
Fresno,2021-03-14,1763,295194,472,132190,1001,159690,290,3314,661,128142,1090,85096,950,213238,California
Fresno,2021-03-15,7084,302278,3151,135341,3762,163452,171,3485,4913,131257,2155,87251,5270,218508,California
Fresno,2021-03-16,10105,312383,4432,139773,5278,168730,395,3880,5368,132413,4703,91954,5859,224367,California
Fresno,2021-03-17,8605,320988,3884,143657,4029,172759,692,4572,5821,136544,2762,94716,6893,231260,California
Fresno,2021-03-18,12285,333273,6583,150240,5069,177828,633,5205,6958,139284,5275,99991,8015,239275,California
Fresno,2021-03-19,10909,344182,5646,155886,4649,182477,614,5819,6886,143085,3994,103985,7795,247070,California
Fresno,2021-03-20,7392,351574,4427,160313,2653,185130,312,6131,3691,143690,3674,107659,4279,251349,California
Fresno,2021-03-21,1777,353351,1204,161517,203,185333,370,6501,957,144202,816,108475,1328,252677,California
Fresno,2021-03-22,5651,359002,2890,164407,2166,187499,595,7096,3836,147034,1799,110274,4631,257308,California
Fresno,2021-03-23,10539,369541,5243,169650,4803,192302,493,7589,5068,147573,5450,115724,5989,263297,California
Fresno,2021-03-24,8760,378301,3736,173386,4196,196498,828,8417,4835,149399,3889,119613,5715,269012,California
Fresno,2021-03-25,12071,390372,5580,178966,5709,202207,782,9199,6152,150539,5874,125487,7014,276026,California
Fresno,2021-03-26,12052,402424,5340,184306,6066,208273,646,9845,5259,149724,6742,132229,5927,281953,California
Fresno,2021-03-27,9379,411803,4138,188444,4158,212431,1083,10928,2918,147307,6424,138653,4007,285960,California
Fresno,2021-03-28,3380,415183,1293,189737,1399,213830,688,11616,1266,147432,2106,140759,2231,288191,California
Fresno,2021-03-29,5979,421162,1980,191717,3455,217285,544,12160,2879,147793,3075,143834,3436,291627,California
Fresno,2021-03-30,10803,431965,4221,195938,5695,222980,887,13047,4402,146707,6375,150209,5289,296916,California
Fresno,2021-03-31,9368,441333,3328,199266,5055,228035,985,14032,3797,145954,5532,155741,4779,301695,California
Fresno,2021-04-01,11742,453075,4091,203357,6788,234823,863,14895,3934,143007,7707,163448,4760,306455,California
Fresno,2021-04-02,11635,464710,4433,207790,6415,241238,787,15682,4209,140742,7271,170719,5006,311461,California
Fresno,2021-04-03,6250,470960,3402,211192,2593,243831,255,15937,2173,139151,4062,174781,2471,313932,California
Fresno,2021-04-04,1492,472452,536,211728,911,244742,45,15982,558,138828,926,175707,603,314535,California
Fresno,2021-04-05,8303,480755,4469,216197,3036,247778,798,16780,2523,136453,5765,181472,3390,317925,California
Fresno,2021-04-06,9563,490318,4020,220217,4369,252147,1174,17954,3613,135344,5913,187385,4804,322729,California
Fresno,2021-04-07,10323,500641,5313,225530,3820,255967,1190,19144,3564,133407,6718,194103,4781,327510,California
Fresno,2021-04-08,10829,511470,5132,230662,4552,260519,1145,20289,3509,130828,7275,201378,4696,332206,California
Fresno,2021-04-09,11137,522607,5327,235989,4432,264951,1378,21667,3647,128426,7449,208827,5047,337253,California
Fresno,2021-04-10,7872,530479,5159,241148,2192,267143,521,22188,3746,128578,4114,212941,4266,341519,California
Fresno,2021-04-11,1388,531867,929,242077,370,267513,89,22277,449,128183,934,213875,539,342058,California
Fresno,2021-04-12,7147,539014,3770,245847,2461,269974,916,23193,2329,126630,4797,218672,3244,345302,California
Fresno,2021-04-13,8913,547927,4241,250088,4602,274576,70,23263,3501,124915,5377,224049,3662,348964,California
Fresno,2021-04-14,9446,557373,5735,255823,3710,278286,1,23264,3738,123034,5666,229715,3785,352749,California
Fresno,2021-04-15,8382,565755,4183,260006,4196,282482,3,23267,3180,121045,5175,234890,3186,355935,California
Fresno,2021-04-16,9364,575119,4626,264632,4736,287218,2,23269,3911,119547,5416,240306,3918,359853,California
Fresno,2021-04-17,5573,580692,3729,268361,1843,289061,1,23270,2709,119412,2847,243153,2712,362565,California
Fresno,2021-04-18,1024,581716,558,268919,466,289527,0,23270,477,119346,543,243696,477,363042,California
Fresno,2021-04-19,5527,587243,3026,271945,2498,292025,3,23273,2265,118397,3219,246915,2270,365312,California
Fresno,2021-04-20,6947,594190,3436,275381,3503,295528,8,23281,2627,116736,4297,251212,2636,367948,California
Fresno,2021-04-21,6367,600557,3519,278900,2839,298367,9,23290,2654,115726,3676,254888,2666,370614,California
Fresno,2021-04-22,6345,606902,3157,282057,3187,301554,1,23291,2338,114116,3952,258840,2342,372956,California
Fresno,2021-04-23,7037,613939,3779,285836,3240,304794,18,23309,2721,112566,4277,263117,2727,375683,California
Fresno,2021-04-24,4156,618095,2483,288319,1673,306467,0,23309,1955,112334,2187,265304,1955,377638,California
Fresno,2021-04-25,1384,619479,569,288888,813,307280,2,23311,696,112347,684,265988,697,378335,California
Fresno,2021-04-26,3918,623397,1964,290852,1911,309191,43,23354,1658,111813,2233,268221,1699,380034,California
Fresno,2021-04-27,4520,627917,2288,293140,2122,311313,110,23464,1782,110987,2718,270939,1892,381926,California
Fresno,2021-04-28,4700,632617,2623,295763,1950,313263,127,23591,1921,110276,2759,273698,2048,383974,California
Fresno,2021-04-29,4718,637335,2645,298408,1941,315204,132,23723,1737,109193,2952,276650,1869,385843,California
Fresno,2021-04-30,5360,642695,3280,301688,1950,317154,130,23853,2101,108197,3226,279876,2230,388073,California
Fresno,2021-05-01,4180,646875,3466,305154,578,317732,136,23989,1211,106588,2955,282831,1346,389419,California
Fresno,2021-05-02,1241,648116,776,305930,414,318146,51,24040,600,106608,630,283461,650,390069,California
Fresno,2021-05-03,4027,652143,2726,308656,1116,319262,185,24225,1314,105416,2687,286148,1495,391564,California
Fresno,2021-05-04,4810,656953,2498,311154,2164,321426,148,24373,1541,103862,3245,289393,1691,393255,California
Fresno,2021-05-05,4814,661767,2888,314042,1701,323127,225,24598,1464,102217,3327,292720,1682,394937,California
Fresno,2021-05-06,4060,665827,2484,316526,1471,324598,105,24703,1358,101005,2675,295395,1463,396400,California
Fresno,2021-05-07,4975,670802,3277,319803,1537,326135,161,24864,1530,99270,3424,298819,1689,398089,California
Fresno,2021-05-08,3881,674683,2486,322289,1251,327386,144,25008,1167,97887,2695,301514,1312,399401,California
Fresno,2021-05-09,708,675391,375,322664,289,327675,44,25052,347,97922,355,301869,390,399791,California
Fresno,2021-05-10,2934,678325,1593,324257,1201,328876,140,25192,929,96993,1998,303867,1069,400860,California
Fresno,2021-05-11,3562,681887,1840,326097,1634,330510,88,25280,1110,95753,2439,306306,1199,402059,California
Fresno,2021-05-12,3598,685485,2247,328344,1207,331717,144,25424,1246,94815,2329,308635,1391,403450,California
Fresno,2021-05-13,3568,689053,1927,330271,1538,333255,103,25527,1573,94533,1958,310593,1676,405126,California
Fresno,2021-05-14,4908,693961,2985,333256,1749,335004,174,25701,2079,93982,2800,313393,2249,407375,California
Fresno,2021-05-15,3307,697268,2439,335695,759,335763,109,25810,1636,94065,1661,315054,1744,409119,California
Fresno,2021-05-16,495,697763,266,335961,200,335963,29,25839,299,94197,195,315249,327,409446,California
Fresno,2021-05-17,2154,699917,1411,337372,637,336600,106,25945,1148,94459,992,316241,1254,410700,California
Glenn,2020-12-17,1,1,1,1,0,0,0,0,1,1,0,0,1,1,California
Glenn,2020-12-19,1,2,1,2,0,0,0,0,1,2,0,0,1,2,California
Glenn,2020-12-20,1,3,1,3,0,0,0,0,1,3,0,0,1,3,California
Glenn,2020-12-21,11,14,11,14,0,0,0,0,11,14,0,0,11,14,California
Glenn,2020-12-22,59,73,59,73,0,0,0,0,59,73,0,0,59,73,California
Glenn,2020-12-23,27,100,27,100,0,0,0,0,27,100,0,0,27,100,California
Glenn,2020-12-24,9,109,9,109,0,0,0,0,9,109,0,0,9,109,California
Glenn,2020-12-26,2,111,2,111,0,0,0,0,2,111,0,0,2,111,California
Glenn,2020-12-27,4,115,4,115,0,0,0,0,4,115,0,0,4,115,California
Glenn,2020-12-28,21,136,21,136,0,0,0,0,21,136,0,0,21,136,California
Glenn,2020-12-29,82,218,82,218,0,0,0,0,82,218,0,0,82,218,California
Glenn,2020-12-30,129,347,106,324,23,23,0,0,129,347,0,0,129,347,California
Glenn,2020-12-31,38,385,9,333,29,52,0,0,38,385,0,0,38,385,California
Glenn,2021-01-02,2,387,2,335,0,52,0,0,2,387,0,0,2,387,California
Glenn,2021-01-04,7,394,5,340,2,54,0,0,7,394,0,0,7,394,California
Glenn,2021-01-05,9,403,8,348,1,55,0,0,9,403,0,0,9,403,California
Glenn,2021-01-06,60,463,8,356,52,107,0,0,60,463,0,0,60,463,California
Glenn,2021-01-07,67,530,12,368,55,162,0,0,65,526,2,2,65,528,California
Glenn,2021-01-08,12,542,9,377,3,165,0,0,12,538,0,2,12,540,California
Glenn,2021-01-10,1,543,1,378,0,165,0,0,0,537,1,3,0,540,California
Glenn,2021-01-11,30,573,30,408,0,165,0,0,12,531,18,21,12,552,California
Glenn,2021-01-12,42,615,37,445,5,170,0,0,14,517,28,49,14,566,California
Glenn,2021-01-13,152,767,87,532,65,235,0,0,108,581,44,93,108,674,California
Glenn,2021-01-14,185,952,96,628,89,324,0,0,175,746,10,103,175,849,California
Glenn,2021-01-15,42,994,34,662,8,332,0,0,37,778,5,108,37,886,California
Glenn,2021-01-16,34,1028,14,676,20,352,0,0,24,792,10,118,24,910,California
Glenn,2021-01-17,4,1032,2,678,2,354,0,0,2,792,2,120,2,912,California
Glenn,2021-01-18,17,1049,16,694,1,355,0,0,9,793,8,128,9,921,California
Glenn,2021-01-19,31,1080,20,714,11,366,0,0,14,790,17,145,14,935,California
Glenn,2021-01-20,163,1243,94,808,69,435,0,0,82,791,81,226,82,1017,California
Glenn,2021-01-21,124,1367,98,906,26,461,0,0,30,727,94,320,30,1047,California
Glenn,2021-01-22,339,1706,65,971,274,735,0,0,332,1052,7,327,332,1379,California
Glenn,2021-01-23,14,1720,7,978,7,742,0,0,12,1062,2,329,12,1391,California
Glenn,2021-01-24,2,1722,2,980,0,742,0,0,2,1064,0,329,2,1393,California
Glenn,2021-01-25,27,1749,9,989,18,760,0,0,24,1085,3,332,24,1417,California
Glenn,2021-01-26,29,1778,13,1002,16,776,0,0,23,1102,6,338,23,1440,California
Glenn,2021-01-27,188,1966,13,1015,175,951,0,0,166,1246,22,360,166,1606,California
Glenn,2021-01-28,146,2112,8,1023,138,1089,0,0,116,1332,30,390,116,1722,California
Glenn,2021-01-29,296,2408,12,1035,284,1373,0,0,282,1600,14,404,282,2004,California
Glenn,2021-01-30,4,2412,0,1035,4,1377,0,0,4,1604,0,404,4,2008,California
Glenn,2021-01-31,1,2413,0,1035,1,1378,0,0,1,1605,0,404,1,2009,California
Glenn,2021-02-01,28,2441,10,1045,18,1396,0,0,16,1609,12,416,16,2025,California
Glenn,2021-02-02,28,2469,13,1058,15,1411,0,0,19,1619,9,425,19,2044,California
Glenn,2021-02-03,206,2675,57,1115,149,1560,0,0,111,1636,95,520,112,2156,California
Glenn,2021-02-04,150,2825,84,1199,66,1626,0,0,45,1576,105,625,45,2201,California
Glenn,2021-02-05,319,3144,24,1223,295,1921,0,0,299,1855,20,645,299,2500,California
Glenn,2021-02-06,14,3158,2,1225,12,1933,0,0,13,1867,1,646,13,2513,California
Glenn,2021-02-07,2,3160,2,1227,0,1933,0,0,2,1869,0,646,2,2515,California
Glenn,2021-02-08,21,3181,17,1244,4,1937,0,0,4,1856,17,663,4,2519,California
Glenn,2021-02-09,49,3230,20,1264,29,1966,0,0,36,1879,13,676,36,2555,California
Glenn,2021-02-10,139,3369,19,1283,120,2086,0,0,65,1870,74,750,65,2620,California
Glenn,2021-02-11,233,3602,133,1416,100,2186,0,0,150,1937,83,833,150,2770,California
Glenn,2021-02-12,420,4022,99,1515,321,2507,0,0,354,2225,66,899,354,3124,California
Glenn,2021-02-13,34,4056,7,1522,27,2534,0,0,16,2223,18,917,16,3140,California
Glenn,2021-02-14,1,4057,0,1522,1,2535,0,0,1,2224,0,917,1,3141,California
Glenn,2021-02-15,8,4065,0,1522,8,2543,0,0,8,2232,0,917,8,3149,California
Glenn,2021-02-16,39,4104,9,1531,30,2573,0,0,21,2235,18,935,21,3170,California
Glenn,2021-02-17,380,4484,14,1545,366,2939,0,0,302,2459,78,1013,302,3472,California
Glenn,2021-02-18,135,4619,100,1645,35,2974,0,0,111,2546,24,1037,111,3583,California
Glenn,2021-02-19,303,4922,17,1662,286,3260,0,0,29,2301,274,1311,29,3612,California
Glenn,2021-02-20,8,4930,0,1662,8,3268,0,0,0,2293,8,1319,0,3612,California
Glenn,2021-02-21,1,4931,1,1663,0,3268,0,0,1,2294,0,1319,1,3613,California
Glenn,2021-02-22,33,4964,14,1677,19,3287,0,0,17,2295,16,1335,17,3630,California
Glenn,2021-02-23,40,5004,10,1687,30,3317,0,0,28,2311,12,1347,28,3658,California
Glenn,2021-02-24,229,5233,23,1710,206,3523,0,0,47,2176,182,1529,47,3705,California
Glenn,2021-02-25,262,5495,148,1858,114,3637,0,0,118,2158,136,1665,118,3823,California
Glenn,2021-02-26,304,5799,24,1882,280,3917,0,0,20,1895,283,1948,20,3843,California
Glenn,2021-02-27,15,5814,5,1887,10,3927,0,0,5,1891,9,1957,5,3848,California
Glenn,2021-02-28,6,5820,3,1890,3,3930,0,0,3,1892,2,1959,3,3851,California
Glenn,2021-03-01,28,5848,6,1896,22,3952,0,0,12,1888,16,1975,12,3863,California
Glenn,2021-03-02,35,5883,7,1903,28,3980,0,0,17,1887,18,1993,17,3880,California
Glenn,2021-03-03,192,6075,37,1940,155,4135,0,0,101,1899,89,2082,101,3981,California
Glenn,2021-03-04,521,6596,175,2115,346,4481,0,0,375,2128,146,2228,375,4356,California
Glenn,2021-03-05,356,6952,48,2163,308,4789,0,0,35,1842,321,2549,35,4391,California
Glenn,2021-03-06,26,6978,3,2166,22,4811,1,1,9,1835,17,2566,10,4401,California
Glenn,2021-03-07,5,6983,0,2166,5,4816,0,1,3,1837,1,2567,3,4404,California
Glenn,2021-03-08,20,7003,2,2168,17,4833,1,2,18,1854,2,2569,19,4423,California
Glenn,2021-03-09,82,7085,11,2179,68,4901,3,5,54,1882,28,2597,56,4479,California
Glenn,2021-03-10,172,7257,69,2248,101,5002,2,7,95,1902,77,2674,97,4576,California
Glenn,2021-03-11,584,7841,170,2418,391,5393,23,30,454,2249,130,2804,477,5053,California
Glenn,2021-03-12,418,8259,14,2432,342,5735,62,92,41,1975,377,3181,103,5156,California
Glenn,2021-03-13,12,8271,1,2433,3,5738,8,100,1,1973,11,3192,9,5165,California
Glenn,2021-03-14,3,8274,1,2434,2,5740,0,100,1,1972,2,3194,1,5166,California
Glenn,2021-03-15,75,8349,15,2449,55,5795,5,105,60,2022,15,3209,65,5231,California
Glenn,2021-03-16,107,8456,33,2482,63,5858,11,116,66,2058,41,3250,77,5308,California
Glenn,2021-03-17,416,8872,97,2579,312,6170,7,123,115,1877,301,3551,120,5428,California
Glenn,2021-03-18,521,9393,215,2794,50,6220,256,379,145,1901,376,3927,400,5828,California
Glenn,2021-03-19,92,9485,16,2810,70,6290,6,385,71,1958,20,3947,77,5905,California
Glenn,2021-03-20,121,9606,1,2811,119,6409,1,386,119,2076,2,3949,120,6025,California
Glenn,2021-03-21,6,9612,5,2816,0,6409,1,387,3,2078,2,3951,4,6029,California
Glenn,2021-03-22,117,9729,54,2870,55,6464,8,395,97,2165,18,3969,105,6134,California
Glenn,2021-03-23,173,9902,66,2936,56,6520,51,446,100,2244,72,4041,151,6285,California
Glenn,2021-03-24,206,10108,100,3036,101,6621,5,451,134,2312,71,4112,139,6424,California
Glenn,2021-03-25,458,10566,229,3265,135,6756,94,545,330,2609,127,4239,424,6848,California
Glenn,2021-03-26,229,10795,37,3302,156,6912,36,581,178,2772,51,4290,214,7062,California
Glenn,2021-03-27,151,10946,22,3324,124,7036,5,586,141,2908,10,4300,146,7208,California
Glenn,2021-03-28,15,10961,10,3334,5,7041,0,586,10,2913,5,4305,10,7218,California
Glenn,2021-03-29,60,11021,20,3354,37,7078,3,589,46,2948,14,4319,49,7267,California
Glenn,2021-03-30,74,11095,42,3396,31,7109,1,590,42,2961,30,4349,43,7310,California
Glenn,2021-03-31,125,11220,35,3431,89,7198,1,591,54,2946,70,4419,55,7365,California
Glenn,2021-04-01,646,11866,188,3619,449,7647,9,600,234,2779,410,4829,243,7608,California
Glenn,2021-04-02,159,12025,25,3644,122,7769,12,612,123,2878,36,4865,135,7743,California
Glenn,2021-04-03,91,12116,4,3648,80,7849,7,619,80,2954,11,4876,87,7830,California
Glenn,2021-04-04,8,12124,3,3651,3,7852,2,621,4,2956,4,4880,6,7836,California
Glenn,2021-04-05,65,12189,25,3676,27,7879,13,634,28,2960,37,4917,41,7877,California
Glenn,2021-04-06,144,12333,52,3728,53,7932,39,673,38,2931,105,5022,76,7953,California
Glenn,2021-04-07,159,12492,46,3774,59,7991,54,727,73,2972,86,5108,127,8080,California
Glenn,2021-04-08,641,13133,189,3963,418,8409,34,761,139,2645,500,5608,173,8253,California
Glenn,2021-04-09,157,13290,57,4020,84,8493,16,777,101,2706,56,5664,117,8370,California
Glenn,2021-04-10,73,13363,1,4021,61,8554,11,788,61,2766,12,5676,72,8442,California
Glenn,2021-04-11,17,13380,8,4029,4,8558,5,793,7,2768,10,5686,12,8454,California
Glenn,2021-04-12,114,13494,25,4054,60,8618,29,822,20,2723,94,5780,49,8503,California
Glenn,2021-04-13,118,13612,63,4117,55,8673,0,822,31,2668,86,5866,31,8534,California
Glenn,2021-04-14,123,13735,47,4164,76,8749,0,822,69,2683,54,5920,69,8603,California
Glenn,2021-04-15,361,14096,275,4439,86,8835,0,822,124,2570,237,6157,124,8727,California
Glenn,2021-04-16,164,14260,40,4479,124,8959,0,822,78,2562,86,6243,78,8805,California
Glenn,2021-04-17,166,14426,18,4497,148,9107,0,822,36,2475,123,6366,36,8841,California
Glenn,2021-04-18,16,14442,3,4500,13,9120,0,822,13,2485,3,6369,13,8854,California
Glenn,2021-04-19,82,14524,17,4517,65,9185,0,822,27,2458,54,6423,27,8881,California
Glenn,2021-04-20,125,14649,81,4598,44,9229,0,822,56,2445,69,6492,56,8937,California
Glenn,2021-04-21,412,15061,309,4907,103,9332,0,822,286,2605,126,6618,286,9223,California
Glenn,2021-04-22,208,15269,48,4955,160,9492,0,822,43,2484,164,6782,43,9266,California
Glenn,2021-04-23,178,15447,24,4979,154,9646,0,822,48,2403,129,6911,48,9314,California
Glenn,2021-04-24,179,15626,32,5011,147,9793,0,822,44,2312,135,7046,44,9358,California
Glenn,2021-04-25,28,15654,16,5027,12,9805,0,822,21,2326,7,7053,21,9379,California
Glenn,2021-04-26,46,15700,11,5038,35,9840,0,822,19,2318,27,7080,19,9398,California
Glenn,2021-04-27,58,15758,45,5083,8,9848,5,827,28,2321,29,7109,32,9430,California
Glenn,2021-04-28,255,16013,177,5260,67,9915,11,838,127,2331,128,7237,138,9568,California
Glenn,2021-04-29,181,16194,22,5282,157,10072,2,840,43,2238,138,7375,45,9613,California
Glenn,2021-04-30,156,16350,35,5317,119,10191,2,842,46,2176,110,7485,48,9661,California
Glenn,2021-05-01,108,16458,13,5330,94,10285,1,843,30,2129,78,7563,31,9692,California
Glenn,2021-05-02,30,16488,12,5342,9,10294,9,852,15,2138,15,7578,24,9716,California
Glenn,2021-05-03,36,16524,23,5365,12,10306,1,853,14,2131,22,7600,15,9731,California
Glenn,2021-05-04,57,16581,33,5398,19,10325,5,858,28,2135,29,7629,33,9764,California
Glenn,2021-05-05,122,16703,35,5433,77,10402,10,868,51,2125,71,7700,61,9825,California
Glenn,2021-05-06,106,16809,41,5474,60,10462,5,873,40,2104,66,7766,45,9870,California
Glenn,2021-05-07,120,16929,33,5507,78,10540,9,882,31,2056,88,7854,40,9910,California
Glenn,2021-05-08,66,16995,12,5519,50,10590,4,886,21,2037,44,7898,25,9935,California
Glenn,2021-05-09,17,17012,11,5530,6,10596,0,886,13,2046,4,7902,13,9948,California
Glenn,2021-05-10,36,17048,15,5545,16,10612,5,891,15,2045,21,7923,20,9968,California
Glenn,2021-05-11,76,17124,53,5598,14,10626,9,900,16,2010,60,7983,25,9993,California
Glenn,2021-05-12,327,17451,245,5843,68,10694,14,914,46,1789,281,8264,60,10053,California
Glenn,2021-05-13,123,17574,31,5874,74,10768,18,932,40,1764,83,8347,58,10111,California
Glenn,2021-05-14,106,17680,23,5897,78,10846,5,937,41,1746,64,8411,46,10157,California
Glenn,2021-05-15,52,17732,21,5918,29,10875,2,939,28,1752,23,8434,29,10186,California
Glenn,2021-05-16,12,17744,1,5919,11,10886,0,939,1,1742,11,8445,1,10187,California
Glenn,2021-05-17,27,17771,7,5926,19,10905,1,940,10,1736,17,8462,11,10198,California
Humboldt,2020-12-15,2,2,2,2,0,0,0,0,2,2,0,0,2,2,California
Humboldt,2020-12-16,15,17,15,17,0,0,0,0,15,17,0,0,15,17,California
Humboldt,2020-12-17,117,134,117,134,0,0,0,0,117,134,0,0,117,134,California
Humboldt,2020-12-18,177,311,177,311,0,0,0,0,177,311,0,0,177,311,California
Humboldt,2020-12-19,10,321,10,321,0,0,0,0,10,321,0,0,10,321,California
Humboldt,2020-12-20,28,349,28,349,0,0,0,0,28,349,0,0,28,349,California
Humboldt,2020-12-21,166,515,166,515,0,0,0,0,166,515,0,0,166,515,California
Humboldt,2020-12-22,297,812,297,812,0,0,0,0,297,812,0,0,297,812,California
Humboldt,2020-12-23,310,1122,262,1074,48,48,0,0,312,1124,0,0,312,1124,California
Humboldt,2020-12-24,25,1147,2,1076,23,71,0,0,25,1149,0,0,25,1149,California
Humboldt,2020-12-25,2,1149,2,1078,0,71,0,0,2,1151,0,0,2,1151,California
Humboldt,2020-12-26,6,1155,5,1083,1,72,0,0,6,1157,0,0,6,1157,California
Humboldt,2020-12-28,157,1312,145,1228,12,84,0,0,157,1314,0,0,157,1314,California
Humboldt,2020-12-29,171,1483,124,1352,47,131,0,0,171,1485,0,0,171,1485,California
Humboldt,2020-12-30,224,1707,124,1476,100,231,0,0,224,1709,0,0,224,1709,California
Humboldt,2020-12-31,242,1949,79,1555,163,394,0,0,242,1951,0,0,242,1951,California
Humboldt,2021-01-01,2,1951,1,1556,1,395,0,0,2,1953,0,0,2,1953,California
Humboldt,2021-01-02,38,1989,1,1557,37,432,0,0,38,1991,0,0,38,1991,California
Humboldt,2021-01-04,217,2206,142,1699,75,507,0,0,219,2210,0,0,219,2210,California
Humboldt,2021-01-05,130,2336,18,1717,112,619,0,0,129,2338,1,1,129,2339,California
Humboldt,2021-01-06,302,2638,204,1921,98,717,0,0,229,2506,61,62,229,2568,California
Humboldt,2021-01-07,423,3061,311,2232,112,829,0,0,309,2716,99,161,309,2877,California
Humboldt,2021-01-08,420,3481,281,2513,139,968,0,0,285,2870,131,292,285,3162,California
Humboldt,2021-01-09,69,3550,45,2558,24,992,0,0,66,2934,3,295,67,3229,California
Humboldt,2021-01-10,84,3634,84,2642,0,992,0,0,4,2858,80,375,4,3233,California
Humboldt,2021-01-11,289,3923,278,2920,11,1003,0,0,72,2717,213,588,72,3305,California
Humboldt,2021-01-12,483,4406,320,3240,163,1166,0,0,299,2854,162,750,299,3604,California
Humboldt,2021-01-13,492,4898,277,3517,215,1381,0,0,315,2996,174,924,316,3920,California
Humboldt,2021-01-14,522,5420,164,3681,358,1739,0,0,466,3407,56,980,467,4387,California
Humboldt,2021-01-15,375,5795,39,3720,336,2075,0,0,358,3748,17,997,358,4745,California
Humboldt,2021-01-16,170,5965,6,3726,164,2239,0,0,169,3916,1,998,169,4914,California
Humboldt,2021-01-17,6,5971,4,3730,2,2241,0,0,6,3922,0,998,6,4920,California
Humboldt,2021-01-18,294,6265,259,3989,35,2276,0,0,144,3916,150,1148,144,5064,California
Humboldt,2021-01-19,625,6890,372,4361,253,2529,0,0,498,4293,121,1269,498,5562,California
Humboldt,2021-01-20,917,7807,406,4767,511,3040,0,0,768,4922,141,1410,770,6332,California
Humboldt,2021-01-21,959,8766,261,5028,698,3738,0,0,917,5797,42,1452,917,7249,California
Humboldt,2021-01-22,676,9442,376,5404,300,4038,0,0,667,6456,9,1461,668,7917,California
Humboldt,2021-01-23,814,10256,272,5676,542,4580,0,0,805,7253,9,1470,806,8723,California
Humboldt,2021-01-24,227,10483,1,5677,226,4806,0,0,226,7478,1,1471,226,8949,California
Humboldt,2021-01-25,305,10788,233,5910,72,4878,0,0,149,7471,156,1627,149,9098,California
Humboldt,2021-01-26,525,11313,141,6051,384,5262,0,0,475,7896,50,1677,475,9573,California
Humboldt,2021-01-27,1260,12573,587,6638,673,5935,0,0,1194,9033,59,1736,1196,10769,California
Humboldt,2021-01-28,1457,14030,634,7272,823,6758,0,0,1320,10221,134,1870,1322,12091,California
Humboldt,2021-01-29,1131,15161,546,7818,585,7343,0,0,703,10497,428,2298,704,12795,California
Humboldt,2021-01-30,974,16135,457,8275,517,7860,0,0,961,11446,13,2311,962,13757,California
Humboldt,2021-01-31,313,16448,312,8587,1,7861,0,0,312,11757,1,2312,312,14069,California
Humboldt,2021-02-01,333,16781,192,8779,141,8002,0,0,187,11799,145,2457,187,14256,California
Humboldt,2021-02-02,444,17225,74,8853,370,8372,0,0,339,12038,102,2559,341,14597,California
Humboldt,2021-02-03,660,17885,258,9111,402,8774,0,0,509,12396,151,2710,509,15106,California
Humboldt,2021-02-04,638,18523,262,9373,376,9150,0,0,440,12641,195,2905,440,15546,California
Humboldt,2021-02-05,814,19337,94,9467,720,9870,0,0,626,13079,188,3093,626,16172,California
Humboldt,2021-02-06,1057,20394,446,9913,611,10481,0,0,1014,14052,42,3135,1015,17187,California
Humboldt,2021-02-07,378,20772,9,9922,369,10850,0,0,373,14422,4,3139,374,17561,California
Humboldt,2021-02-08,324,21096,142,10064,182,11032,0,0,183,14465,140,3279,183,17744,California
Humboldt,2021-02-09,494,21590,220,10284,274,11306,0,0,179,14329,315,3594,179,17923,California
Humboldt,2021-02-10,564,22154,371,10655,193,11499,0,0,233,14236,326,3920,233,18156,California
Humboldt,2021-02-11,1297,23451,395,11050,902,12401,0,0,500,13943,794,4714,501,18657,California
Humboldt,2021-02-12,1146,24597,736,11786,410,12811,0,0,706,14209,440,5154,706,19363,California
Humboldt,2021-02-13,1505,26102,557,12343,948,13759,0,0,916,14538,587,5741,916,20279,California
Humboldt,2021-02-14,112,26214,5,12348,107,13866,0,0,109,14645,2,5743,109,20388,California
Humboldt,2021-02-15,292,26506,78,12426,214,14080,0,0,195,14744,96,5839,195,20583,California
Humboldt,2021-02-16,534,27040,118,12544,416,14496,0,0,253,14717,281,6120,254,20837,California
Humboldt,2021-02-17,453,27493,281,12825,172,14668,0,0,137,14539,315,6435,137,20974,California
Humboldt,2021-02-18,970,28463,596,13421,374,15042,0,0,229,14029,739,7174,229,21203,California
Humboldt,2021-02-19,476,28939,434,13855,42,15084,0,0,89,13734,384,7558,89,21292,California
Humboldt,2021-02-20,1597,30536,984,14839,613,15697,0,0,475,13092,1119,8677,477,21769,California
Humboldt,2021-02-21,479,31015,471,15310,8,15705,0,0,183,12980,296,8973,184,21953,California
Humboldt,2021-02-22,127,31142,92,15402,35,15740,0,0,28,12911,97,9070,28,21981,California
Humboldt,2021-02-23,172,31314,70,15472,102,15842,0,0,40,12821,130,9200,40,22021,California
Humboldt,2021-02-24,1166,32480,706,16178,460,16302,0,0,587,12830,578,9778,587,22608,California
Humboldt,2021-02-25,833,33313,318,16496,515,16817,0,0,229,12457,602,10380,229,22837,California
Humboldt,2021-02-26,2145,35458,106,16602,2039,18856,0,0,451,11221,1688,12068,452,23289,California
Humboldt,2021-02-27,1693,37151,1075,17677,618,19474,0,0,869,11272,822,12890,873,24162,California
Humboldt,2021-02-28,121,37272,10,17687,111,19585,0,0,116,11383,5,12895,116,24278,California
Humboldt,2021-03-01,259,37531,47,17734,212,19797,0,0,184,11492,75,12970,184,24462,California
Humboldt,2021-03-02,288,37819,49,17783,239,20036,0,0,158,11520,130,13100,158,24620,California
Humboldt,2021-03-03,1656,39475,1098,18881,558,20594,0,0,1220,12312,429,13529,1221,25841,California
Humboldt,2021-03-04,900,40375,112,18993,788,21382,0,0,281,11976,619,14148,283,26124,California
Humboldt,2021-03-05,945,41320,183,19176,751,22133,11,11,388,11822,553,14701,399,26523,California
Humboldt,2021-03-06,1699,43019,841,20017,809,22942,49,60,714,11601,984,15685,763,27286,California
Humboldt,2021-03-07,365,43384,296,20313,51,22993,18,78,158,11570,207,15892,176,27462,California
Humboldt,2021-03-08,273,43657,7,20320,188,23181,78,156,179,11733,94,15986,257,27719,California
Humboldt,2021-03-09,481,44138,203,20523,130,23311,148,304,232,11866,247,16233,380,28099,California
Humboldt,2021-03-10,690,44828,467,20990,70,23381,153,457,420,12168,269,16502,571,28670,California
Humboldt,2021-03-11,1449,46277,463,21453,886,24267,100,557,629,12080,816,17318,728,29398,California
Humboldt,2021-03-12,1745,48022,1082,22535,441,24708,222,779,1053,12674,684,18002,1278,30676,California
Humboldt,2021-03-13,1570,49592,1022,23557,496,25204,52,831,676,12514,888,18890,728,31404,California
Humboldt,2021-03-14,142,49734,18,23575,115,25319,9,840,28,12437,114,19004,37,31441,California
Humboldt,2021-03-15,275,50009,51,23626,204,25523,20,860,59,12300,216,19220,79,31520,California
Humboldt,2021-03-16,635,50644,200,23826,174,25697,261,1121,260,12445,374,19594,519,32039,California
Humboldt,2021-03-17,732,51376,397,24223,227,25924,108,1229,339,12500,392,19986,447,32486,California
Humboldt,2021-03-18,1735,53111,1166,25389,526,26450,43,1272,1040,12893,690,20676,1083,33569,California
Humboldt,2021-03-19,1073,54184,58,25447,701,27151,314,1586,439,13014,631,21307,752,34321,California
Humboldt,2021-03-20,1375,55559,751,26198,611,27762,13,1599,428,12511,945,22252,442,34763,California
Humboldt,2021-03-21,248,55807,32,26230,187,27949,29,1628,203,12697,45,22297,231,34994,California
Humboldt,2021-03-22,115,55922,15,26245,50,27999,50,1678,58,12750,55,22352,108,35102,California
Humboldt,2021-03-23,410,56332,41,26286,326,28325,43,1721,318,13021,90,22442,361,35463,California
Humboldt,2021-03-24,1414,57746,389,26675,977,29302,48,1769,1037,13735,369,22811,1083,36546,California
Humboldt,2021-03-25,1833,59579,1208,27883,563,29865,62,1831,946,13858,885,23696,1008,37554,California
Humboldt,2021-03-26,2039,61618,437,28320,1546,31411,56,1887,1597,15073,437,24133,1652,39206,California
Humboldt,2021-03-27,1982,63600,1439,29759,373,31784,170,2057,1108,15482,869,25002,1278,40484,California
Humboldt,2021-03-28,267,63867,81,29840,115,31899,71,2128,85,15457,182,25184,157,40641,California
Humboldt,2021-03-29,469,64336,127,29967,247,32146,95,2223,200,15483,268,25452,294,40935,California
Humboldt,2021-03-30,939,65275,304,30271,521,32667,114,2337,564,15790,370,25822,677,41612,California
Humboldt,2021-03-31,1860,67135,517,30788,1247,33914,96,2433,1407,16846,450,26272,1506,43118,California
Humboldt,2021-04-01,2103,69238,706,31494,1305,35219,92,2525,1477,17796,619,26891,1569,44687,California
Humboldt,2021-04-02,1710,70948,1102,32596,504,35723,104,2629,611,17419,1093,27984,716,45403,California
Humboldt,2021-04-03,1663,72611,1503,34099,144,35867,16,2645,669,17120,984,28968,685,46088,California
Humboldt,2021-04-04,482,73093,371,34470,102,35969,9,2654,405,17458,77,29045,415,46503,California
Humboldt,2021-04-05,773,73866,458,34928,267,36236,48,2702,440,17615,331,29376,488,46991,California
Humboldt,2021-04-06,838,74704,317,35245,387,36623,134,2836,587,18089,245,29621,719,47710,California
Humboldt,2021-04-07,1487,76191,1057,36302,291,36914,139,2975,984,18711,501,30122,1123,48833,California
Humboldt,2021-04-08,1727,77918,1085,37387,484,37398,158,3133,735,18614,990,31112,893,49726,California
Humboldt,2021-04-09,1432,79350,432,37819,847,38245,153,3286,1148,19624,284,31396,1294,51020,California
Humboldt,2021-04-10,929,80279,136,37955,617,38862,176,3462,730,20331,197,31593,904,51924,California
Humboldt,2021-04-11,638,80917,137,38092,35,38897,466,3928,127,20412,511,32104,592,52516,California
Humboldt,2021-04-12,430,81347,222,38314,83,38980,125,4053,273,20653,157,32261,398,52914,California
Humboldt,2021-04-13,581,81928,322,38636,256,39236,3,4056,546,21170,31,32292,548,53462,California
Humboldt,2021-04-14,1415,83343,1026,39662,389,39625,0,4056,1304,22364,110,32402,1304,54766,California
Humboldt,2021-04-15,1811,85154,1195,40857,612,40237,4,4060,1244,23061,549,32951,1246,56012,California
Humboldt,2021-04-16,1122,86276,518,41375,604,40841,0,4060,540,23022,579,33530,540,56552,California
Humboldt,2021-04-17,1600,87876,1277,42652,323,41164,0,4060,1012,23452,582,34112,1012,57564,California
Humboldt,2021-04-18,653,88529,342,42994,310,41474,1,4061,93,22991,554,34666,93,57657,California
Humboldt,2021-04-19,185,88714,82,43076,103,41577,0,4061,70,22948,113,34779,70,57727,California
Humboldt,2021-04-20,473,89187,129,43205,344,41921,0,4061,231,22938,241,35020,231,57958,California
Humboldt,2021-04-21,1082,90269,375,43580,707,42628,0,4061,427,22721,645,35665,428,58386,California
Humboldt,2021-04-22,873,91142,520,44100,351,42979,2,4063,438,22727,432,36097,438,58824,California
Humboldt,2021-04-23,2154,93296,303,44403,1851,44830,0,4063,314,21204,1837,37934,314,59138,California
Humboldt,2021-04-24,1056,94352,875,45278,176,45006,5,4068,353,20861,701,38635,358,59496,California
Humboldt,2021-04-25,372,94724,237,45515,135,45141,0,4068,190,20872,179,38814,190,59686,California
Humboldt,2021-04-26,304,95028,210,45725,90,45231,4,4072,86,20744,216,39030,88,59774,California
Humboldt,2021-04-27,692,95720,225,45950,449,45680,18,4090,140,20353,549,39579,158,59932,California
Humboldt,2021-04-28,1528,97248,792,46742,690,46370,46,4136,397,19667,1129,40708,443,60375,California
Humboldt,2021-04-29,1723,98971,580,47322,1105,47475,38,4174,278,18542,1441,42149,316,60691,California
Humboldt,2021-04-30,1245,100216,390,47712,821,48296,34,4208,197,17729,1042,43191,229,60920,California
Humboldt,2021-05-01,458,100674,378,48090,58,48354,22,4230,284,17862,173,43364,306,61226,California
Humboldt,2021-05-02,227,100901,182,48272,36,48390,9,4239,113,17872,113,43477,123,61349,California
Humboldt,2021-05-03,610,101511,377,48649,209,48599,24,4263,98,17484,510,43987,122,61471,California
Humboldt,2021-05-04,816,102327,481,49130,291,48890,44,4307,248,17210,565,44552,291,61762,California
Humboldt,2021-05-05,1679,104006,1075,50205,547,49437,57,4364,178,15949,1494,46046,233,61995,California
Humboldt,2021-05-06,1649,105655,1041,51246,356,49793,252,4616,134,14823,1512,47558,386,62381,California
Humboldt,2021-05-07,1426,107081,304,51550,1063,50856,59,4675,237,13930,1187,48745,294,62675,California
Humboldt,2021-05-08,697,107778,105,51655,570,51426,22,4697,88,13432,608,49353,110,62785,California
Humboldt,2021-05-09,907,108685,855,52510,43,51469,9,4706,48,12630,859,50212,57,62842,California
Humboldt,2021-05-10,211,108896,36,52546,139,51608,36,4742,82,12619,129,50341,118,62960,California
Humboldt,2021-05-11,484,109380,144,52690,270,51878,70,4812,183,12571,301,50642,253,63213,California
Humboldt,2021-05-12,569,109949,118,52808,410,52288,41,4853,202,12447,367,51009,243,63456,California
Humboldt,2021-05-13,459,110408,224,53032,212,52500,23,4876,211,12435,247,51256,235,63691,California
Humboldt,2021-05-14,686,111094,133,53165,448,52948,105,4981,230,12316,453,51709,334,64025,California
Humboldt,2021-05-15,766,111860,632,53797,126,53074,8,4989,200,11959,565,52274,208,64233,California
Humboldt,2021-05-16,31,111891,5,53802,25,53099,1,4990,10,11949,21,52295,11,64244,California
Humboldt,2021-05-17,143,112034,98,53900,37,53136,8,4998,52,11918,90,52385,59,64303,California
Imperial,2020-12-16,1,1,1,1,0,0,0,0,1,1,0,0,1,1,California
Imperial,2020-12-17,4,5,4,5,0,0,0,0,4,5,0,0,4,5,California
Imperial,2020-12-18,12,17,12,17,0,0,0,0,12,17,0,0,12,17,California
Imperial,2020-12-20,2,19,2,19,0,0,0,0,2,19,0,0,2,19,California
Imperial,2020-12-21,186,205,186,205,0,0,0,0,186,205,0,0,186,205,California
Imperial,2020-12-22,241,446,239,444,2,2,0,0,241,446,0,0,241,446,California
Imperial,2020-12-23,210,656,209,653,1,3,0,0,209,655,0,0,209,655,California
Imperial,2020-12-24,5,661,5,658,0,3,0,0,5,660,0,0,5,660,California
Imperial,2020-12-26,1,662,0,658,1,4,0,0,1,661,0,0,1,661,California
Imperial,2020-12-27,62,724,0,658,62,66,0,0,62,723,0,0,62,723,California
Imperial,2020-12-28,214,938,114,772,100,166,0,0,214,937,0,0,214,937,California
Imperial,2020-12-29,189,1127,36,808,153,319,0,0,189,1126,0,0,189,1126,California
Imperial,2020-12-30,366,1493,50,858,316,635,0,0,366,1492,0,0,366,1492,California
Imperial,2020-12-31,197,1690,26,884,171,806,0,0,197,1689,0,0,197,1689,California
Imperial,2021-01-01,47,1737,5,889,42,848,0,0,47,1736,0,0,47,1736,California
Imperial,2021-01-02,4,1741,0,889,4,852,0,0,4,1740,0,0,4,1740,California
Imperial,2021-01-03,90,1831,0,889,90,942,0,0,90,1830,0,0,90,1830,California
Imperial,2021-01-04,85,1916,5,894,80,1022,0,0,85,1915,0,0,85,1915,California
Imperial,2021-01-05,173,2089,14,908,159,1181,0,0,173,2088,0,0,173,2088,California
Imperial,2021-01-06,190,2279,25,933,165,1346,0,0,189,2276,1,1,189,2277,California
Imperial,2021-01-07,321,2600,10,943,311,1657,0,0,318,2591,3,4,318,2595,California
Imperial,2021-01-08,192,2792,52,995,140,1797,0,0,182,2763,10,14,182,2777,California
Imperial,2021-01-09,24,2816,21,1016,3,1800,0,0,24,2787,0,14,24,2801,California
Imperial,2021-01-10,1,2817,0,1016,1,1801,0,0,1,2788,0,14,1,2802,California
Imperial,2021-01-11,402,3219,243,1259,159,1960,0,0,174,2734,228,242,174,2976,California
Imperial,2021-01-12,404,3623,302,1561,102,2062,0,0,142,2615,261,503,142,3118,California
Imperial,2021-01-13,379,4002,132,1693,247,2309,0,0,280,2796,99,602,280,3398,California
Imperial,2021-01-14,260,4262,151,1844,109,2418,0,0,254,3045,5,607,254,3652,California
Imperial,2021-01-15,241,4503,182,2026,59,2477,0,0,234,3272,7,614,234,3886,California
Imperial,2021-01-16,77,4580,73,2099,4,2481,0,0,76,3347,1,615,76,3962,California
Imperial,2021-01-17,10,4590,2,2101,8,2489,0,0,10,3357,0,615,10,3972,California
Imperial,2021-01-18,1053,5643,399,2500,654,3143,0,0,955,4215,98,713,956,4928,California
Imperial,2021-01-19,165,5808,129,2629,36,3179,0,0,118,4286,47,760,118,5046,California
Imperial,2021-01-20,292,6100,195,2824,97,3276,0,0,254,4502,38,798,254,5300,California
Imperial,2021-01-21,415,6515,183,3007,232,3508,0,0,395,4877,20,818,395,5695,California
Imperial,2021-01-22,457,6972,189,3196,268,3776,0,0,448,5316,9,827,448,6143,California
Imperial,2021-01-23,1040,8012,290,3486,750,4526,0,0,1039,6354,1,828,1039,7182,California
Imperial,2021-01-24,11,8023,4,3490,7,4533,0,0,11,6365,0,828,11,7193,California
Imperial,2021-01-25,213,8236,5,3495,208,4741,0,0,34,6221,178,1006,34,7227,California
Imperial,2021-01-26,360,8596,185,3680,175,4916,0,0,217,6295,143,1149,217,7444,California
Imperial,2021-01-27,570,9166,162,3842,408,5324,0,0,237,6199,333,1482,237,7681,California
Imperial,2021-01-28,633,9799,160,4002,473,5797,0,0,525,6616,108,1590,525,8206,California
Imperial,2021-01-29,424,10223,296,4298,128,5925,0,0,374,6940,50,1640,374,8580,California
Imperial,2021-01-30,56,10279,31,4329,25,5950,0,0,39,6962,17,1657,39,8619,California
Imperial,2021-01-31,17,10296,7,4336,10,5960,0,0,16,6977,1,1658,16,8635,California
Imperial,2021-02-01,420,10716,54,4390,366,6326,0,0,209,6977,209,1867,209,8844,California
Imperial,2021-02-02,680,11396,54,4444,626,6952,0,0,499,7295,181,2048,499,9343,California
Imperial,2021-02-03,457,11853,48,4492,409,7361,0,0,264,7367,192,2240,264,9607,California
Imperial,2021-02-04,1724,13577,1203,5695,521,7882,0,0,1408,8461,314,2554,1408,11015,California
Imperial,2021-02-05,389,13966,241,5936,148,8030,0,0,152,8378,235,2789,152,11167,California
Imperial,2021-02-06,860,14826,838,6774,22,8052,0,0,823,9165,36,2825,823,11990,California
Imperial,2021-02-07,21,14847,9,6783,12,8064,0,0,20,9184,1,2826,20,12010,California
Imperial,2021-02-08,249,15096,42,6825,207,8271,0,0,181,9297,68,2894,181,12191,California
Imperial,2021-02-09,463,15559,146,6971,317,8588,0,0,305,9444,158,3052,305,12496,California
Imperial,2021-02-10,386,15945,56,7027,330,8918,0,0,96,9251,290,3342,97,12593,California
Imperial,2021-02-11,466,16411,260,7287,206,9124,0,0,90,8965,376,3718,90,12683,California
Imperial,2021-02-12,2130,18541,1411,8698,719,9843,0,0,1778,10392,351,4069,1778,14461,California
Imperial,2021-02-13,42,18583,18,8716,24,9867,0,0,34,10419,8,4077,35,14496,California
Imperial,2021-02-14,24,18607,12,8728,12,9879,0,0,21,10437,3,4080,21,14517,California
Imperial,2021-02-15,32,18639,11,8739,21,9900,0,0,25,10455,7,4087,25,14542,California
Imperial,2021-02-16,514,19153,267,9006,247,10147,0,0,293,10527,221,4308,293,14835,California
Imperial,2021-02-17,439,19592,285,9291,154,10301,0,0,83,10254,356,4664,83,14918,California
Imperial,2021-02-18,646,20238,308,9599,338,10639,0,0,140,9890,504,5168,140,15058,California
Imperial,2021-02-19,767,21005,382,9981,385,11024,0,0,192,9508,574,5742,192,15250,California
Imperial,2021-02-20,1038,22043,191,10172,847,11871,0,0,325,9123,712,6454,327,15577,California
Imperial,2021-02-21,588,22631,554,10726,34,11905,0,0,577,9690,10,6464,577,16154,California
Imperial,2021-02-22,806,23437,567,11293,239,12144,0,0,757,10398,49,6513,757,16911,California
Imperial,2021-02-23,963,24400,395,11688,568,12712,0,0,908,11252,55,6568,909,17820,California
Imperial,2021-02-24,718,25118,302,11990,416,13128,0,0,621,11777,96,6664,621,18441,California
Imperial,2021-02-25,818,25936,339,12329,479,13607,0,0,452,11869,365,7029,457,18898,California
Imperial,2021-02-26,1745,27681,1351,13680,394,14001,0,0,1570,13267,173,7202,1571,20469,California
Imperial,2021-02-27,860,28541,811,14491,49,14050,0,0,121,12650,739,7941,122,20591,California
Imperial,2021-02-28,32,28573,20,14511,12,14062,0,0,22,12662,10,7951,22,20613,California
Imperial,2021-03-01,495,29068,295,14806,199,14261,1,1,429,13029,64,8015,431,21044,California
Imperial,2021-03-02,676,29744,247,15053,429,14690,0,1,386,13128,289,8304,388,21432,California
Imperial,2021-03-03,927,30671,49,15102,877,15567,1,2,558,13332,366,8670,570,22002,California
Imperial,2021-03-04,747,31418,77,15179,669,16236,1,3,484,13585,261,8931,514,22516,California
Imperial,2021-03-05,2590,34008,1939,17118,651,16887,0,3,1265,13530,1322,10253,1267,23783,California
Imperial,2021-03-06,690,34698,238,17356,452,17339,0,3,649,14145,38,10291,653,24436,California
Imperial,2021-03-07,75,34773,41,17397,34,17373,0,3,54,14179,21,10312,55,24491,California
Imperial,2021-03-08,415,35188,331,17728,49,17422,35,38,362,14524,52,10364,397,24888,California
Imperial,2021-03-09,681,35869,310,18038,124,17546,247,285,397,14883,284,10648,643,25531,California
Imperial,2021-03-10,684,36553,313,18351,266,17812,105,390,320,14945,363,11011,425,25956,California
Imperial,2021-03-11,1786,38339,478,18829,1116,18928,192,582,1185,15733,600,11611,1388,27344,California
Imperial,2021-03-12,3705,42044,2540,21369,979,19907,186,768,2105,16426,1598,13209,2291,29635,California
Imperial,2021-03-13,1144,43188,93,21462,828,20735,223,991,858,17227,284,13493,1085,30720,California
Imperial,2021-03-14,169,43357,31,21493,126,20861,12,1003,139,17349,30,13523,152,30872,California
Imperial,2021-03-15,672,44029,214,21707,199,21060,259,1262,374,17687,295,13818,633,31505,California
Imperial,2021-03-16,1069,45098,275,21982,341,21401,453,1715,533,18138,534,14352,985,32490,California
Imperial,2021-03-17,1571,46669,689,22671,745,22146,137,1852,992,18692,576,14928,1130,33620,California
Imperial,2021-03-18,1781,48450,1177,23848,544,22690,60,1912,1251,19477,528,15456,1313,34933,California
Imperial,2021-03-19,3337,51787,2446,26294,888,23578,3,1915,1501,19154,1828,17284,1505,36438,California
Imperial,2021-03-20,865,52652,550,26844,310,23888,5,1920,421,19146,440,17724,432,36870,California
Imperial,2021-03-21,217,52869,35,26879,178,24066,4,1924,159,19255,58,17782,167,37037,California
Imperial,2021-03-22,1047,53916,339,27218,701,24767,7,1931,622,19462,424,18206,631,37668,California
Imperial,2021-03-23,1390,55306,411,27629,972,25739,7,1938,890,19864,497,18703,899,38567,California
Imperial,2021-03-24,1870,57176,542,28171,901,26640,427,2365,899,20221,968,19671,1325,39892,California
Imperial,2021-03-25,2934,60110,509,28680,884,27524,1541,3906,1022,20867,1908,21579,2554,42446,California
Imperial,2021-03-26,2488,62598,880,29560,737,28261,871,4777,776,20810,1705,23284,1648,44094,California
Imperial,2021-03-27,597,63195,282,29842,263,28524,52,4829,436,21140,158,23442,488,44582,California
Imperial,2021-03-28,210,63405,51,29893,157,28681,2,4831,172,21277,37,23479,174,44756,California
Imperial,2021-03-29,1214,64619,348,30241,391,29072,475,5306,317,21175,895,24374,793,45549,California
Imperial,2021-03-30,1902,66521,675,30916,593,29665,634,5940,675,21258,1227,25601,1310,46859,California
Imperial,2021-03-31,1526,68047,714,31630,807,30472,5,5945,1009,21756,515,26116,1013,47872,California
Imperial,2021-04-01,1921,69968,401,32031,1278,31750,242,6187,841,21764,1074,27190,1082,48954,California
Imperial,2021-04-02,1268,71236,450,32481,744,32494,74,6261,750,22073,515,27705,824,49778,California
Imperial,2021-04-03,1498,72734,411,32892,1008,33502,79,6340,688,22033,807,28512,767,50545,California
Imperial,2021-04-04,85,72819,40,32932,28,33530,17,6357,25,22015,60,28572,42,50587,California
Imperial,2021-04-05,2119,74938,1287,34219,765,34295,67,6424,405,20784,1706,30278,475,51062,California
Imperial,2021-04-06,1295,76233,527,34746,579,34874,189,6613,682,21046,610,30888,872,51934,California
Imperial,2021-04-07,2149,78382,549,35295,1224,36098,376,6989,1540,22356,606,31494,1916,53850,California
Imperial,2021-04-08,2185,80567,1071,36366,820,36918,294,7283,1077,22620,1105,32599,1369,55219,California
Imperial,2021-04-09,2168,82735,634,37000,918,37836,616,7899,836,22742,1328,33927,1450,56669,California
Imperial,2021-04-10,1276,84011,184,37184,821,38657,271,8170,215,22167,1059,34986,484,57153,California
Imperial,2021-04-11,219,84230,30,37214,157,38814,32,8202,76,22132,143,35129,108,57261,California
Imperial,2021-04-12,1416,85646,765,37979,431,39245,220,8422,798,22536,614,35743,1018,58279,California
Imperial,2021-04-13,2743,88389,1891,39870,850,40095,2,8424,2037,23871,702,36445,2037,60316,California
Imperial,2021-04-14,2010,90399,940,40810,1070,41165,0,8424,1422,24711,583,37028,1423,61739,California
Imperial,2021-04-15,1967,92366,908,41718,1059,42224,0,8424,1380,25509,584,37612,1382,63121,California
Imperial,2021-04-16,2357,94723,1186,42904,1171,43395,0,8424,1435,26031,913,38525,1435,64556,California
Imperial,2021-04-17,1813,96536,934,43838,877,44272,2,8426,1429,27084,379,38904,1432,65988,California
Imperial,2021-04-18,250,96786,69,43907,181,44453,0,8426,90,27015,159,39063,90,66078,California
Imperial,2021-04-19,832,97618,264,44171,568,45021,0,8426,489,27166,342,39405,493,66571,California
Imperial,2021-04-20,1316,98934,520,44691,796,45817,0,8426,773,27401,539,39944,774,67345,California
Imperial,2021-04-21,1364,100298,336,45027,1028,46845,0,8426,822,27684,539,40483,822,68167,California
Imperial,2021-04-22,2042,102340,786,45813,1256,48101,0,8426,1438,28528,596,41079,1440,69607,California
Imperial,2021-04-23,1692,104032,420,46233,1272,49373,0,8426,894,28652,774,41853,898,70505,California
Imperial,2021-04-24,534,104566,315,46548,219,49592,0,8426,206,28532,326,42179,206,70711,California
Imperial,2021-04-25,263,104829,96,46644,167,49759,0,8426,135,28540,127,42306,135,70846,California
Imperial,2021-04-26,1129,105958,460,47104,666,50425,3,8429,691,28800,434,42740,694,71540,California
Imperial,2021-04-27,1022,106980,339,47443,674,51099,9,8438,521,28832,498,43238,530,72070,California
Imperial,2021-04-28,1449,108429,613,48056,807,51906,29,8467,663,28742,782,44020,692,72762,California
Imperial,2021-04-29,1787,110216,852,48908,889,52795,46,8513,829,28667,951,44971,876,73638,California
Imperial,2021-04-30,1476,111692,736,49644,708,53503,32,8545,1041,29312,428,45399,1073,74711,California
Imperial,2021-05-01,302,111994,116,49760,184,53687,2,8547,154,29321,148,45547,157,74868,California
Imperial,2021-05-02,83,112077,25,49785,56,53743,2,8549,53,29347,30,45577,56,74924,California
Imperial,2021-05-03,1564,113641,542,50327,975,54718,47,8596,361,28561,1195,46772,409,75333,California
Imperial,2021-05-04,1609,115250,856,51183,727,55445,26,8622,479,27941,1125,47897,505,75838,California
Imperial,2021-05-05,1471,116721,888,52071,562,56007,21,8643,436,27372,1027,48924,458,76296,California
Imperial,2021-05-06,1609,118330,1110,53181,465,56472,34,8677,529,26859,1076,50000,563,76859,California
Imperial,2021-05-07,1537,119867,921,54102,573,57045,43,8720,629,26629,902,50902,672,77531,California
Imperial,2021-05-08,455,120322,323,54425,124,57169,8,8728,150,26490,297,51199,158,77689,California
Imperial,2021-05-09,92,120414,61,54486,30,57199,1,8729,30,26462,59,51258,31,77720,California
Imperial,2021-05-10,608,121022,200,54686,286,57485,122,8851,225,26429,379,51637,346,78066,California
Imperial,2021-05-11,1137,122159,397,55083,722,58207,18,8869,400,26119,731,52368,421,78487,California
Imperial,2021-05-12,676,122835,254,55337,384,58591,38,8907,255,25995,417,52785,293,78780,California
Imperial,2021-05-13,1255,124090,822,56159,378,58969,55,8962,523,25846,727,53512,578,79358,California
Imperial,2021-05-14,1173,125263,692,56851,442,59411,39,9001,842,26397,330,53842,881,80239,California
Imperial,2021-05-15,914,126177,230,57081,664,60075,20,9021,228,25965,680,54522,248,80487,California
Imperial,2021-05-16,36,126213,9,57090,25,60100,2,9023,25,25981,11,54533,27,80514,California
Imperial,2021-05-17,398,126611,176,57266,206,60306,16,9039,107,25814,290,54823,123,80637,California
Inyo,2020-12-19,85,85,85,85,0,0,0,0,85,85,0,0,85,85,California
Inyo,2020-12-20,58,143,58,143,0,0,0,0,58,143,0,0,58,143,California
Inyo,2020-12-21,88,231,85,228,3,3,0,0,88,231,0,0,88,231,California
Inyo,2020-12-22,105,336,105,333,0,3,0,0,105,336,0,0,105,336,California
Inyo,2020-12-23,70,406,67,400,3,6,0,0,70,406,0,0,70,406,California
Inyo,2020-12-24,16,422,16,416,0,6,0,0,16,422,0,0,16,422,California
Inyo,2020-12-25,1,423,0,416,1,7,0,0,1,423,0,0,1,423,California
Inyo,2020-12-26,74,497,74,490,0,7,0,0,74,497,0,0,74,497,California
Inyo,2020-12-28,48,545,36,526,12,19,0,0,48,545,0,0,48,545,California
Inyo,2020-12-29,19,564,19,545,0,19,0,0,19,564,0,0,19,564,California
Inyo,2020-12-30,56,620,54,599,2,21,0,0,56,620,0,0,56,620,California
Inyo,2020-12-31,29,649,0,599,29,50,0,0,29,649,0,0,29,649,California
Inyo,2021-01-01,1,650,0,599,1,51,0,0,1,650,0,0,1,650,California
Inyo,2021-01-03,1,651,0,599,1,52,0,0,1,651,0,0,1,651,California
Inyo,2021-01-04,2,653,1,600,1,53,0,0,2,653,0,0,2,653,California
Inyo,2021-01-05,34,687,0,600,34,87,0,0,34,687,0,0,34,687,California
Inyo,2021-01-06,68,755,0,600,68,155,0,0,68,755,0,0,68,755,California
Inyo,2021-01-07,31,786,1,601,30,185,0,0,31,786,0,0,31,786,California
Inyo,2021-01-08,9,795,8,609,1,186,0,0,4,786,5,5,5,791,California
Inyo,2021-01-09,87,882,86,695,1,187,0,0,1,701,86,91,1,792,California
Inyo,2021-01-10,52,934,52,747,0,187,0,0,0,649,52,143,0,792,California
Inyo,2021-01-11,97,1031,82,829,15,202,0,0,16,584,81,224,16,808,California
Inyo,2021-01-12,139,1170,118,947,21,223,0,0,28,501,111,335,28,836,California
Inyo,2021-01-13,86,1256,68,1015,18,241,0,0,21,458,65,400,22,858,California
Inyo,2021-01-14,59,1315,13,1028,46,287,0,0,49,497,10,410,49,907,California
Inyo,2021-01-15,163,1478,28,1056,135,422,0,0,163,660,0,410,163,1070,California
Inyo,2021-01-16,74,1552,73,1129,1,423,0,0,1,588,73,483,1,1071,California
Inyo,2021-01-18,58,1610,36,1165,22,445,0,0,19,568,39,522,19,1090,California
Inyo,2021-01-19,114,1724,72,1237,42,487,0,0,97,648,17,539,97,1187,California
Inyo,2021-01-20,147,1871,71,1308,76,563,0,0,93,687,54,593,93,1280,California
Inyo,2021-01-21,121,1992,57,1365,64,627,0,0,120,806,1,594,120,1400,California
Inyo,2021-01-22,62,2054,0,1365,62,689,0,0,61,866,1,595,61,1461,California
Inyo,2021-01-23,52,2106,52,1417,0,689,0,0,52,918,0,595,52,1513,California
Inyo,2021-01-25,49,2155,6,1423,43,732,0,0,37,943,12,607,37,1550,California
Inyo,2021-01-26,135,2290,54,1477,81,813,0,0,129,1066,6,613,129,1679,California
Inyo,2021-01-27,24,2314,2,1479,22,835,0,0,23,1088,1,614,23,1702,California
Inyo,2021-01-28,92,2406,2,1481,90,925,0,0,63,1122,29,643,63,1765,California
Inyo,2021-01-29,25,2431,3,1484,22,947,0,0,23,1143,2,645,23,1788,California
Inyo,2021-01-30,11,2442,1,1485,10,957,0,0,11,1154,0,645,11,1799,California
Inyo,2021-01-31,32,2474,4,1489,28,985,0,0,4,1130,28,673,4,1803,California
Inyo,2021-02-01,10,2484,9,1498,1,986,0,0,0,1120,10,683,0,1803,California
Inyo,2021-02-02,130,2614,14,1512,116,1102,0,0,104,1198,26,709,104,1907,California
Inyo,2021-02-03,116,2730,0,1512,116,1218,0,0,74,1230,42,751,74,1981,California
Inyo,2021-02-04,149,2879,31,1543,118,1336,0,0,90,1261,59,810,90,2071,California
Inyo,2021-02-05,117,2996,61,1604,56,1392,0,0,115,1374,2,812,115,2186,California
Inyo,2021-02-06,4,3000,2,1606,2,1394,0,0,3,1376,1,813,3,2189,California
Inyo,2021-02-07,4,3004,2,1608,2,1396,0,0,4,1380,0,813,4,2193,California
Inyo,2021-02-08,117,3121,7,1615,110,1506,0,0,97,1457,20,833,97,2290,California
Inyo,2021-02-09,195,3316,52,1667,143,1649,0,0,124,1510,71,904,124,2414,California
Inyo,2021-02-10,143,3459,18,1685,125,1774,0,0,109,1585,34,938,109,2523,California
Inyo,2021-02-11,220,3679,56,1741,164,1938,0,0,126,1617,94,1032,126,2649,California
Inyo,2021-02-12,299,3978,51,1792,248,2186,0,0,167,1652,132,1164,167,2816,California
Inyo,2021-02-13,60,4038,55,1847,5,2191,0,0,8,1608,52,1216,8,2824,California
Inyo,2021-02-14,1,4039,0,1847,1,2192,0,0,1,1609,0,1216,1,2825,California
Inyo,2021-02-15,29,4068,9,1856,20,2212,0,0,5,1590,24,1240,5,2830,California
Inyo,2021-02-16,179,4247,50,1906,129,2341,0,0,92,1596,86,1326,92,2922,California
Inyo,2021-02-17,38,4285,4,1910,34,2375,0,0,8,1574,30,1356,8,2930,California
Inyo,2021-02-18,123,4408,6,1916,117,2492,0,0,79,1609,44,1400,79,3009,California
Inyo,2021-02-19,52,4460,4,1920,48,2540,0,0,9,1575,43,1443,9,3018,California
Inyo,2021-02-20,506,4966,502,2422,4,2544,0,0,504,2077,2,1445,504,3522,California
Inyo,2021-02-21,438,5404,438,2860,0,2544,0,0,438,2515,0,1445,438,3960,California
Inyo,2021-02-22,61,5465,19,2879,42,2586,0,0,27,2508,34,1479,27,3987,California
Inyo,2021-02-23,199,5664,20,2899,179,2765,0,0,95,2500,103,1582,95,4082,California
Inyo,2021-02-24,118,5782,0,2899,118,2883,0,0,57,2496,61,1643,57,4139,California
Inyo,2021-02-25,130,5912,3,2902,127,3010,0,0,62,2490,68,1711,62,4201,California
Inyo,2021-02-26,103,6015,60,2962,43,3053,0,0,19,2425,84,1795,19,4220,California
Inyo,2021-02-27,15,6030,4,2966,11,3064,0,0,3,2416,12,1807,3,4223,California
Inyo,2021-02-28,3,6033,1,2967,2,3066,0,0,2,2417,1,1808,2,4225,California
Inyo,2021-03-01,19,6052,2,2969,17,3083,0,0,17,2432,2,1810,17,4242,California
Inyo,2021-03-02,196,6248,1,2970,195,3278,0,0,111,2458,85,1895,111,4353,California
Inyo,2021-03-03,84,6332,3,2973,81,3359,0,0,40,2454,44,1939,40,4393,California
Inyo,2021-03-04,128,6460,4,2977,124,3483,0,0,46,2418,82,2021,46,4439,California
Inyo,2021-03-05,141,6601,56,3033,85,3568,0,0,38,2353,103,2124,38,4477,California
Inyo,2021-03-06,31,6632,1,3034,30,3598,0,0,30,2382,1,2125,30,4507,California
Inyo,2021-03-07,7,6639,4,3038,3,3601,0,0,5,2385,2,2127,5,4512,California
Inyo,2021-03-08,182,6821,5,3043,177,3778,0,0,91,2385,91,2218,91,4603,California
Inyo,2021-03-09,187,7008,2,3045,185,3963,0,0,71,2340,116,2334,71,4674,California
Inyo,2021-03-10,70,7078,8,3053,61,4024,1,1,30,2331,40,2374,31,4705,California
Inyo,2021-03-11,204,7282,1,3054,198,4222,5,6,74,2280,130,2504,79,4784,California
Inyo,2021-03-12,175,7457,4,3058,166,4388,5,11,77,2264,98,2602,82,4866,California
Inyo,2021-03-13,576,8033,541,3599,25,4413,10,21,72,1843,503,3105,82,4948,California
Inyo,2021-03-14,431,8464,430,4029,1,4414,0,21,7,1427,423,3528,7,4955,California
Inyo,2021-03-15,51,8515,15,4044,34,4448,2,23,30,1438,21,3549,32,4987,California
Inyo,2021-03-16,163,8678,4,4048,153,4601,6,29,63,1408,99,3648,69,5056,California
Inyo,2021-03-17,108,8786,3,4051,98,4699,7,36,92,1491,16,3664,99,5155,California
Inyo,2021-03-18,184,8970,15,4066,162,4861,7,43,103,1520,81,3745,110,5265,California
Inyo,2021-03-19,46,9016,4,4070,38,4899,4,47,36,1550,10,3755,40,5305,California
Inyo,2021-03-20,20,9036,1,4071,10,4909,9,56,1,1541,19,3774,10,5315,California
Inyo,2021-03-22,59,9095,2,4073,52,4961,5,61,39,1565,20,3794,44,5359,California
Inyo,2021-03-23,194,9289,4,4077,186,5147,4,65,104,1583,90,3884,108,5467,California
Inyo,2021-03-24,140,9429,3,4080,133,5280,4,69,87,1621,53,3937,91,5558,California
Inyo,2021-03-25,325,9754,104,4184,217,5497,4,73,258,1816,67,4004,262,5820,California
Inyo,2021-03-26,91,9845,3,4187,84,5581,4,77,71,1871,20,4024,75,5895,California
Inyo,2021-03-27,52,9897,44,4231,5,5586,3,80,46,1914,6,4030,49,5944,California
Inyo,2021-03-28,4,9901,1,4232,2,5588,1,81,1,1913,3,4033,2,5946,California
Inyo,2021-03-29,109,10010,2,4234,102,5690,5,86,82,1974,26,4059,87,6033,California
Inyo,2021-03-30,212,10222,2,4236,205,5895,5,91,101,1969,111,4170,106,6139,California
Inyo,2021-03-31,149,10371,4,4240,140,6035,5,96,108,2041,41,4211,113,6252,California
Inyo,2021-04-01,164,10535,4,4244,159,6194,1,97,115,2108,49,4260,116,6368,California
Inyo,2021-04-02,80,10615,1,4245,77,6271,2,99,51,2132,29,4289,53,6421,California
Inyo,2021-04-03,94,10709,47,4292,33,6304,14,113,5,2063,87,4376,18,6439,California
Inyo,2021-04-04,5,10714,4,4296,0,6304,1,114,1,2061,4,4380,2,6441,California
Inyo,2021-04-05,117,10831,1,4297,112,6416,4,118,29,2006,88,4468,33,6474,California
Inyo,2021-04-06,236,11067,6,4303,167,6583,63,181,105,2043,131,4599,168,6642,California
Inyo,2021-04-07,201,11268,2,4305,73,6656,126,307,46,2059,156,4755,172,6814,California
Inyo,2021-04-08,178,11446,15,4320,146,6802,17,324,80,2058,98,4853,97,6911,California
Inyo,2021-04-09,125,11571,7,4327,95,6897,23,347,38,2033,86,4939,61,6972,California
Inyo,2021-04-10,42,11613,1,4328,24,6921,17,364,3,2014,39,4978,20,6992,California
Inyo,2021-04-11,1,11614,0,4328,1,6922,0,364,1,2015,0,4978,1,6993,California
Inyo,2021-04-12,80,11694,0,4328,75,6997,5,369,41,2022,39,5017,46,7039,California
Inyo,2021-04-13,119,11813,3,4331,113,7110,3,372,61,2029,57,5074,64,7103,California
Inyo,2021-04-14,127,11940,2,4333,125,7235,0,372,42,1986,85,5159,42,7145,California
Inyo,2021-04-15,273,12213,115,4448,158,7393,0,372,83,1879,190,5349,83,7228,California
Inyo,2021-04-16,49,12262,6,4454,43,7436,0,372,21,1872,28,5377,21,7249,California
Inyo,2021-04-17,2,12264,1,4455,1,7437,0,372,1,1872,1,5378,1,7250,California
Inyo,2021-04-19,130,12394,43,4498,87,7524,0,372,44,1830,86,5464,44,7294,California
Inyo,2021-04-20,164,12558,3,4501,161,7685,0,372,81,1828,83,5547,81,7375,California
Inyo,2021-04-21,113,12671,4,4505,109,7794,0,372,32,1779,81,5628,32,7407,California
Inyo,2021-04-22,196,12867,1,4506,195,7989,0,372,52,1687,144,5772,52,7459,California
Inyo,2021-04-23,95,12962,4,4510,91,8080,0,372,22,1636,73,5845,22,7481,California
Inyo,2021-04-24,310,13272,309,4819,1,8081,0,372,305,1936,5,5850,305,7786,California
Inyo,2021-04-25,136,13408,135,4954,1,8082,0,372,136,2072,0,5850,136,7922,California
Inyo,2021-04-26,91,13499,0,4954,90,8172,1,373,10,2002,81,5931,11,7933,California
Inyo,2021-04-27,178,13677,7,4961,166,8338,5,378,49,1927,129,6060,54,7987,California
Inyo,2021-04-28,121,13798,2,4963,117,8455,2,380,20,1848,101,6161,22,8009,California
Inyo,2021-04-29,172,13970,56,5019,116,8571,0,380,79,1835,92,6253,79,8088,California
Inyo,2021-04-30,85,14055,5,5024,79,8650,1,381,24,1799,61,6314,25,8113,California
Inyo,2021-05-01,11,14066,3,5027,8,8658,0,381,9,1806,2,6316,9,8122,California
Inyo,2021-05-02,7,14073,3,5030,2,8660,2,383,4,1809,3,6319,6,8128,California
Inyo,2021-05-03,38,14111,1,5031,33,8693,4,387,5,1785,33,6352,9,8137,California
Inyo,2021-05-04,122,14233,2,5033,116,8809,4,391,23,1713,99,6451,27,8164,California
Inyo,2021-05-05,35,14268,0,5033,33,8842,2,393,11,1702,24,6475,13,8177,California
Inyo,2021-05-06,93,14361,5,5038,80,8922,8,401,13,1643,80,6555,21,8198,California
Inyo,2021-05-07,48,14409,4,5042,36,8958,8,409,24,1652,23,6578,32,8230,California
Inyo,2021-05-08,11,14420,2,5044,4,8962,5,414,4,1654,7,6585,9,8239,California
Inyo,2021-05-09,1,14421,0,5044,1,8963,0,414,0,1653,1,6586,0,8239,California
Inyo,2021-05-10,69,14490,1,5045,66,9029,2,416,30,1647,39,6625,33,8272,California
Inyo,2021-05-11,87,14577,1,5046,83,9112,3,419,20,1603,67,6692,23,8295,California
Inyo,2021-05-12,45,14622,2,5048,41,9153,2,421,11,1583,33,6725,13,8308,California
Inyo,2021-05-13,74,14696,1,5049,72,9225,1,422,11,1533,62,6787,12,8320,California
Inyo,2021-05-14,26,14722,3,5052,19,9244,4,426,13,1537,13,6800,17,8337,California
Inyo,2021-05-15,381,15103,367,5419,11,9255,3,429,86,1331,295,7095,89,8426,California
Inyo,2021-05-16,196,15299,196,5615,0,9255,0,429,69,1273,127,7222,69,8495,California
Inyo,2021-05-17,28,15327,2,5617,21,9276,5,434,10,1270,18,7240,15,8510,California
Kern,2020-12-15,1,1,1,1,0,0,0,0,1,1,0,0,1,1,California
Kern,2020-12-16,18,19,18,19,0,0,0,0,18,19,0,0,18,19,California
Kern,2020-12-17,163,182,163,182,0,0,0,0,163,182,0,0,163,182,California
Kern,2020-12-18,322,504,322,504,0,0,0,0,322,504,0,0,322,504,California
Kern,2020-12-19,98,602,98,602,0,0,0,0,99,603,0,0,99,603,California
Kern,2020-12-20,61,663,61,663,0,0,0,0,61,664,0,0,61,664,California
Kern,2020-12-21,671,1334,670,1333,1,1,0,0,671,1335,0,0,671,1335,California
Kern,2020-12-22,530,1864,527,1860,3,4,0,0,530,1865,0,0,530,1865,California
Kern,2020-12-23,555,2419,417,2277,138,142,0,0,555,2420,0,0,555,2420,California
Kern,2020-12-24,122,2541,43,2320,79,221,0,0,122,2542,0,0,122,2542,California
Kern,2020-12-25,1,2542,1,2321,0,221,0,0,1,2543,0,0,1,2543,California
Kern,2020-12-26,33,2575,1,2322,32,253,0,0,33,2576,0,0,33,2576,California
Kern,2020-12-27,35,2610,3,2325,32,285,0,0,35,2611,0,0,35,2611,California
Kern,2020-12-28,827,3437,663,2988,164,449,0,0,827,3438,0,0,827,3438,California
Kern,2020-12-29,745,4182,452,3440,293,742,0,0,744,4181,1,1,744,4182,California
Kern,2020-12-30,1203,5385,910,4350,293,1035,0,0,1203,5384,0,1,1203,5385,California
Kern,2020-12-31,277,5662,99,4449,178,1213,0,0,277,5661,0,1,277,5662,California
Kern,2021-01-01,13,5675,6,4455,7,1220,0,0,13,5674,0,1,13,5675,California
Kern,2021-01-02,78,5753,18,4473,60,1280,0,0,78,5752,0,1,78,5753,California
Kern,2021-01-03,23,5776,4,4477,19,1299,0,0,23,5775,0,1,23,5776,California
Kern,2021-01-04,555,6331,361,4838,194,1493,0,0,555,6330,0,1,555,6331,California
Kern,2021-01-05,1134,7465,739,5577,395,1888,0,0,1122,7440,12,13,1122,7453,California
Kern,2021-01-06,1167,8632,455,6032,712,2600,0,0,1137,8547,30,43,1137,8590,California
Kern,2021-01-07,1406,10038,493,6525,913,3513,0,0,1238,9618,167,210,1238,9828,California
Kern,2021-01-08,1629,11667,769,7294,860,4373,0,0,1331,10651,299,509,1332,11160,California
Kern,2021-01-09,226,11893,77,7371,149,4522,0,0,192,10809,34,543,192,11352,California
Kern,2021-01-10,194,12087,148,7519,46,4568,0,0,153,10921,41,584,153,11505,California
Kern,2021-01-11,1556,13643,984,8503,572,5140,0,0,1001,11367,555,1139,1001,12506,California
Kern,2021-01-12,1868,15511,810,9313,1058,6198,0,0,1357,12213,511,1650,1357,13863,California
Kern,2021-01-13,1852,17363,869,10182,983,7181,0,0,1432,13225,420,2070,1432,15295,California
Kern,2021-01-14,2185,19548,645,10827,1540,8721,0,0,2140,15319,46,2116,2140,17435,California
Kern,2021-01-15,2707,22255,858,11685,1849,10570,0,0,2610,17835,95,2211,2611,20046,California
Kern,2021-01-16,672,22927,214,11899,458,11028,0,0,637,18437,35,2246,637,20683,California
Kern,2021-01-17,73,23000,7,11906,66,11094,0,0,71,18506,2,2248,71,20754,California
Kern,2021-01-18,1645,24645,659,12565,986,12080,0,0,1477,19815,168,2416,1477,22231,California
Kern,2021-01-19,1855,26500,1035,13600,820,12900,0,0,1388,20737,467,2883,1389,23620,California
Kern,2021-01-20,2557,29057,1622,15222,935,13835,0,0,1856,21899,696,3579,1858,25478,California
Kern,2021-01-21,2168,31225,922,16144,1246,15081,0,0,1972,23676,195,3774,1972,27450,California
Kern,2021-01-22,2711,33936,1293,17437,1418,16499,0,0,2433,25832,277,4051,2433,29883,California
Kern,2021-01-23,1244,35180,535,17972,709,17208,0,0,1198,26984,46,4097,1198,31081,California
Kern,2021-01-24,160,35340,18,17990,142,17350,0,0,154,27132,6,4103,154,31235,California
Kern,2021-01-25,2385,37725,1086,19076,1299,18649,0,0,1900,28549,484,4587,1901,33136,California
Kern,2021-01-26,2770,40495,1129,20205,1641,20290,0,0,1912,29604,857,5444,1912,35048,California
Kern,2021-01-27,3564,44059,1907,22112,1657,21947,0,0,2863,31769,698,6142,2863,37911,California
Kern,2021-01-28,2865,46924,1354,23466,1511,23458,0,0,2431,33774,429,6571,2434,40345,California
Kern,2021-01-29,3788,50712,1808,25274,1980,25438,0,0,3241,36471,544,7115,3241,43586,California
Kern,2021-01-30,1325,52037,497,25771,828,26266,0,0,1277,37702,46,7161,1277,44863,California
Kern,2021-01-31,403,52440,276,26047,127,26393,0,0,268,37835,135,7296,268,45131,California
Kern,2021-02-01,2425,54865,820,26867,1605,27998,0,0,1871,39156,551,7847,1872,47003,California
Kern,2021-02-02,2923,57788,973,27840,1950,29948,0,0,2060,40354,863,8710,2061,49064,California
Kern,2021-02-03,3662,61450,1551,29391,2111,32059,0,0,2693,42085,962,9672,2693,51757,California
Kern,2021-02-04,3804,65254,1452,30843,2352,34411,0,0,2589,43470,1204,10876,2589,54346,California
Kern,2021-02-05,4851,70105,1990,32833,2861,37272,0,0,3091,44820,1741,12617,3091,57437,California
Kern,2021-02-06,1737,71842,768,33601,969,38241,0,0,1511,46108,223,12840,1511,58948,California
Kern,2021-02-07,283,72125,151,33752,132,38373,0,0,267,46361,14,12854,267,59215,California
Kern,2021-02-08,2563,74688,788,34540,1775,40148,0,0,1254,46325,1291,14145,1255,60470,California
Kern,2021-02-09,3040,77728,988,35528,2052,42200,0,0,1467,46228,1564,15709,1467,61937,California
Kern,2021-02-10,3788,81516,1660,37188,2128,44328,0,0,1873,46203,1899,17608,1874,63811,California
Kern,2021-02-11,4262,85778,1536,38724,2726,47054,0,0,2223,46401,2026,19634,2224,66035,California
Kern,2021-02-12,4951,90729,1892,40616,3059,50113,0,0,2476,46416,2461,22095,2476,68511,California
Kern,2021-02-13,2010,92739,728,41344,1282,51395,0,0,1165,46738,843,22938,1165,69676,California
Kern,2021-02-14,351,93090,12,41356,339,51734,0,0,270,46928,80,23018,270,69946,California
Kern,2021-02-15,2740,95830,894,42250,1846,53580,0,0,1209,46615,1522,24540,1209,71155,California
Kern,2021-02-16,2943,98773,720,42970,2223,55803,0,0,1649,46982,1283,25823,1650,72805,California
Kern,2021-02-17,4070,102843,2079,45049,1991,57794,0,0,1927,46773,2137,27960,1928,74733,California
Kern,2021-02-18,3753,106596,1484,46533,2269,60063,0,0,1618,46269,2122,30082,1618,76351,California
Kern,2021-02-19,4200,110796,1917,48450,2283,62346,0,0,1739,45556,2452,32534,1739,78090,California
Kern,2021-02-20,2569,113365,967,49417,1602,63948,0,0,1339,45668,1227,33761,1339,79429,California
Kern,2021-02-21,258,113623,152,49569,106,64054,0,0,90,45592,166,33927,90,79519,California
Kern,2021-02-22,2662,116285,1149,50718,1513,65567,0,0,1428,45791,1229,35156,1428,80947,California
Kern,2021-02-23,3554,119839,1130,51848,2424,67991,0,0,1979,46198,1573,36729,1980,82927,California
Kern,2021-02-24,5185,125024,2287,54135,2898,70889,0,0,3093,47203,2088,38817,3093,86020,California
Kern,2021-02-25,5362,130386,2454,56589,2908,73797,0,0,3181,48222,2162,40979,3181,89201,California
Kern,2021-02-26,6896,137282,3528,60117,3368,77165,0,0,4355,50044,2534,43513,4356,93557,California
Kern,2021-02-27,3947,141229,1984,62101,1963,79128,0,0,2611,51327,1328,44841,2611,96168,California
Kern,2021-02-28,915,142144,503,62604,411,79539,1,1,694,51803,219,45060,695,96863,California
Kern,2021-03-01,3997,146141,1814,64418,2180,81719,3,4,2684,53185,1305,46365,2687,99550,California
Kern,2021-03-02,4458,150599,1414,65832,3043,84762,1,5,2940,54618,1507,47872,2940,102490,California
Kern,2021-03-03,5807,156406,2700,68532,3107,87869,0,5,3715,56256,2078,49950,3716,106206,California
Kern,2021-03-04,5554,161960,2163,70695,3388,91257,3,8,3558,57834,1982,51932,3560,109766,California
Kern,2021-03-05,6477,168437,2671,73366,3787,95044,19,27,4046,59476,2423,54355,4065,113831,California
Kern,2021-03-06,4716,173153,1912,75278,2703,97747,101,128,3446,61760,1262,55617,3546,117377,California
Kern,2021-03-07,2046,175199,1586,76864,411,98158,49,177,1855,63474,190,55807,1904,119281,California
Kern,2021-03-08,2817,178016,858,77722,1746,99904,213,390,1471,63816,1340,57147,1682,120963,California
Kern,2021-03-09,3632,181648,790,78512,2459,102363,383,773,2237,65046,1388,58535,2618,123581,California
Kern,2021-03-10,6031,187679,2470,80982,2490,104853,1071,1844,3506,67109,2512,61047,4575,128156,California
Kern,2021-03-11,6299,193978,2411,83393,2862,107715,1026,2870,3742,69330,2545,63592,4766,132922,California
Kern,2021-03-12,7670,201648,2925,86318,3393,111108,1352,4222,4162,71339,3495,67087,5504,138426,California
Kern,2021-03-13,4429,206077,2303,88621,1791,112899,335,4557,3011,73267,1412,68499,3340,141766,California
Kern,2021-03-14,2186,208263,1412,90033,534,113433,240,4797,1667,74653,519,69018,1905,143671,California
Kern,2021-03-15,4249,212512,1087,91120,2448,115881,714,5511,2181,75486,2056,71074,2889,146560,California
Kern,2021-03-16,4333,216845,1009,92129,2796,118677,528,6039,2331,76349,1993,73067,2856,149416,California
Kern,2021-03-17,7248,224093,3818,95947,2873,121550,557,6596,4293,78254,2944,76011,4849,154265,California
Kern,2021-03-18,6992,231085,3410,99357,3003,124553,579,7175,4163,80183,2809,78820,4738,159003,California
Kern,2021-03-19,8751,239836,4771,104128,3332,127885,648,7823,4547,81183,4190,83010,5190,164193,California
Kern,2021-03-20,5939,245775,3595,107723,2170,130055,174,7997,3736,82901,2193,85203,3911,168104,California
Kern,2021-03-21,2866,248641,1753,109476,236,130291,877,8874,1684,84285,1176,86379,2560,170664,California
Kern,2021-03-22,3949,252590,1545,111021,2047,132338,357,9231,1914,84532,2024,88403,2271,172935,California
Kern,2021-03-23,4699,257289,1653,112674,2848,135186,198,9429,2468,84994,2202,90605,2664,175599,California
Kern,2021-03-24,6998,264287,3508,116182,3017,138203,473,9902,3661,85805,3322,93927,4133,179732,California
Kern,2021-03-25,6636,270923,2885,119067,3420,141623,331,10233,3267,86049,3351,97278,3595,183327,California
Kern,2021-03-26,9602,280525,4157,123224,4191,145814,1254,11487,4747,87210,4838,102116,5999,189326,California
Kern,2021-03-27,5438,285963,3741,126965,1569,147383,128,11615,3299,88499,2137,104253,3426,192752,California
Kern,2021-03-28,4346,290309,3857,130822,475,147858,14,11629,2773,89714,1572,105825,2787,195539,California
Kern,2021-03-29,4201,294510,1634,132456,2289,150147,278,11907,2616,91031,1574,107399,2891,198430,California
Kern,2021-03-30,5537,300047,1825,134281,3328,153475,384,12291,3044,91969,2488,109887,3426,201856,California
Kern,2021-03-31,8128,308175,4285,138566,3197,156672,646,12937,4292,93083,3823,113710,4937,206793,California
Kern,2021-04-01,7639,315814,3649,142215,3692,160364,298,13235,4126,94010,3498,117208,4425,211218,California
Kern,2021-04-02,8160,323974,4204,146419,3350,163714,606,13841,4093,94654,4052,121260,4696,215914,California
Kern,2021-04-03,5720,329694,3418,149837,2119,165833,183,14024,2630,94383,3083,124343,2812,218726,California
Kern,2021-04-04,1330,331024,867,150704,379,166212,84,14108,546,94231,782,125125,630,219356,California
Kern,2021-04-05,5331,336355,2193,152897,2372,168584,766,14874,2888,95428,2433,127558,3630,222986,California
Kern,2021-04-06,7067,343422,2459,155356,3246,171830,1362,16236,3606,96953,3439,130997,4964,227950,California
Kern,2021-04-07,9283,352705,5404,160760,2923,174753,956,17192,4670,97982,4595,135592,5624,233574,California
Kern,2021-04-08,8594,361299,4757,165517,2934,177687,903,18095,3926,98160,4645,140237,4823,238397,California
Kern,2021-04-09,10136,371435,5093,170610,4060,181747,983,19078,4457,97942,5655,145892,5437,243834,California
Kern,2021-04-10,6524,377959,3425,174035,1860,183607,1239,20317,2295,97248,4221,150113,3527,247361,California
Kern,2021-04-11,3766,381725,2888,176923,356,183963,522,20839,1429,96870,2326,152439,1948,249309,California
Kern,2021-04-12,4377,386102,984,177907,2423,186386,970,21809,1578,96633,2784,155223,2547,251856,California
Kern,2021-04-13,4273,390375,1409,179316,2839,189225,25,21834,2129,96653,2135,157358,2155,254011,California
Kern,2021-04-14,6027,396402,2963,182279,3042,192267,22,21856,3067,96796,2945,160303,3088,257099,California
Kern,2021-04-15,5257,401659,2464,184743,2791,195058,2,21858,2536,96628,2706,163009,2538,259637,California
Kern,2021-04-16,7246,408905,3437,188180,3808,198866,1,21859,3083,95571,4142,167151,3085,262722,California
Kern,2021-04-17,5894,414799,3854,192034,2040,200906,0,21859,2258,94206,3624,170775,2259,264981,California
Kern,2021-04-18,3703,418502,3466,195500,237,201143,0,21859,1082,92674,2614,173389,1082,266063,California
Kern,2021-04-19,3801,422303,1724,197224,2076,203219,1,21860,1442,91776,2340,175729,1442,267505,California
Kern,2021-04-20,4317,426620,1551,198775,2765,205984,1,21861,1673,90818,2633,178362,1675,269180,California
Kern,2021-04-21,5852,432472,3123,201898,2724,208708,5,21866,2248,89485,3585,181947,2252,271432,California
Kern,2021-04-22,4782,437254,2313,204211,2469,211177,0,21866,1770,88264,2992,184939,1771,273203,California
Kern,2021-04-23,6044,443298,2937,207148,3106,214283,1,21867,2000,86257,4009,188948,2002,275205,California
Kern,2021-04-24,3930,447228,2729,209877,1191,215474,10,21877,1482,85317,2432,191380,1492,276697,California
Kern,2021-04-25,1341,448569,1063,210940,278,215752,0,21877,772,85525,564,191944,772,277469,California
Kern,2021-04-26,3771,452340,1817,212757,1902,217654,52,21929,1041,83901,2719,194663,1095,278564,California
Kern,2021-04-27,4635,456975,2277,215034,2257,219911,101,22030,1413,82203,3209,197872,1511,280075,California
Kern,2021-04-28,6245,463220,3672,218706,2449,222360,124,22154,1781,79655,4450,202322,1902,281977,California
Kern,2021-04-29,5506,468726,3062,221768,2344,224704,100,22254,1634,77538,3852,206174,1735,283712,California
Kern,2021-04-30,5576,474302,3118,224886,2300,227004,158,22412,1624,75380,3939,210113,1781,285493,California
Kern,2021-05-01,2569,476871,1797,226683,713,227717,59,22471,955,74786,1607,211720,1013,286506,California
Kern,2021-05-02,1885,478756,1601,228284,263,227980,21,22492,695,74317,1185,212905,716,287222,California
Kern,2021-05-03,2425,481181,951,229235,1343,229323,131,22623,752,73543,1659,214564,885,288107,California
Kern,2021-05-04,3556,484737,1252,230487,2198,231521,106,22729,1241,72587,2301,216865,1345,289452,California
Kern,2021-05-05,4128,488865,2128,232615,1849,233370,151,22880,1358,71339,2756,219621,1508,290960,California
Kern,2021-05-06,3525,492390,1566,234181,1817,235187,142,23022,1084,70142,2422,222043,1225,292185,California
Kern,2021-05-07,4549,496939,2281,236462,2095,237282,173,23195,1276,68341,3248,225291,1447,293632,California
Kern,2021-05-08,2855,499794,1803,238265,937,238219,115,23310,897,67407,1945,227236,1011,294643,California
Kern,2021-05-09,1299,501093,1124,239389,145,238364,30,23340,450,67045,842,228078,480,295123,California
Kern,2021-05-10,2149,503242,811,240200,1241,239605,97,23437,622,66253,1509,229587,717,295840,California
Kern,2021-05-11,2558,505800,872,241072,1563,241168,123,23560,929,65686,1620,231207,1053,296893,California
Kern,2021-05-12,3436,509236,1375,242447,1913,243081,148,23708,1077,64562,2349,233556,1225,298118,California
Kern,2021-05-13,3209,512445,1665,244112,1401,244482,143,23851,1476,64455,1723,235279,1616,299734,California
Kern,2021-05-14,4169,516614,2475,246587,1503,245985,191,24042,1921,64339,2227,237506,2111,301845,California
Kern,2021-05-15,2832,519446,1846,248433,904,246889,82,24124,1501,64601,1321,238827,1583,303428,California
Kern,2021-05-16,1203,520649,1102,249535,82,246971,19,24143,679,64780,519,239346,698,304126,California
Kern,2021-05-17,1257,521906,458,249993,714,247685,85,24228,534,64683,715,240061,618,304744,California
Kings,2020-12-16,1,1,1,1,0,0,0,0,1,1,0,0,1,1,California
Kings,2020-12-17,8,9,8,9,0,0,0,0,8,9,0,0,8,9,California
Kings,2020-12-18,12,21,12,21,0,0,0,0,12,21,0,0,12,21,California
Kings,2020-12-19,11,32,11,32,0,0,0,0,11,32,0,0,11,32,California
Kings,2020-12-20,13,45,13,45,0,0,0,0,13,45,0,0,13,45,California
Kings,2020-12-21,156,201,156,201,0,0,0,0,269,314,0,0,269,314,California
Kings,2020-12-22,143,344,143,344,0,0,0,0,140,454,0,0,140,454,California
Kings,2020-12-23,135,479,123,467,12,12,0,0,136,590,0,0,136,590,California
Kings,2020-12-24,11,490,9,476,2,14,0,0,11,601,0,0,11,601,California
Kings,2020-12-26,7,497,4,480,3,17,0,0,7,608,0,0,7,608,California
Kings,2020-12-27,4,501,4,484,0,17,0,0,4,612,0,0,4,612,California
Kings,2020-12-28,131,632,103,587,28,45,0,0,132,744,0,0,132,744,California
Kings,2020-12-29,78,710,51,638,27,72,0,0,79,823,0,0,79,823,California
Kings,2020-12-30,149,859,109,747,40,112,0,0,149,972,0,0,149,972,California
Kings,2020-12-31,45,904,6,753,39,151,0,0,45,1017,0,0,45,1017,California
Kings,2021-01-01,1,905,0,753,1,152,0,0,1,1018,0,0,1,1018,California
Kings,2021-01-02,10,915,9,762,1,153,0,0,10,1028,0,0,10,1028,California
Kings,2021-01-04,112,1027,42,804,70,223,0,0,112,1140,0,0,112,1140,California
Kings,2021-01-05,196,1223,39,843,157,380,0,0,196,1336,0,0,196,1336,California
Kings,2021-01-06,277,1500,178,1021,99,479,0,0,274,1607,3,3,274,1610,California
Kings,2021-01-07,178,1678,81,1102,97,576,0,0,170,1769,8,11,170,1780,California
Kings,2021-01-08,247,1925,54,1156,193,769,0,0,228,1978,19,30,228,2008,California
Kings,2021-01-09,63,1988,9,1165,54,823,0,0,55,2025,8,38,55,2063,California
Kings,2021-01-10,15,2003,3,1168,12,835,0,0,12,2034,3,41,12,2075,California
Kings,2021-01-11,518,2521,354,1522,164,999,0,0,276,2069,242,283,277,2352,California
Kings,2021-01-12,350,2871,253,1775,97,1096,0,0,216,2154,131,414,216,2568,California
Kings,2021-01-13,416,3287,270,2045,146,1242,0,0,324,2386,92,506,324,2892,California
Kings,2021-01-14,210,3497,32,2077,178,1420,0,0,200,2566,21,527,201,3093,California
Kings,2021-01-15,418,3915,30,2107,388,1808,0,0,406,2960,12,539,406,3499,California
Kings,2021-01-16,31,3946,12,2119,19,1827,0,0,30,2989,1,540,30,3529,California
Kings,2021-01-17,9,3955,6,2125,3,1830,0,0,7,2994,2,542,7,3536,California
Kings,2021-01-18,172,4127,40,2165,132,1962,0,0,146,3114,26,568,146,3682,California
Kings,2021-01-19,378,4505,159,2324,219,2181,0,0,249,3234,129,697,249,3931,California
Kings,2021-01-20,237,4742,146,2470,91,2272,0,0,127,3256,105,802,127,4058,California
Kings,2021-01-21,190,4932,35,2505,155,2427,0,0,174,3412,18,820,174,4232,California
Kings,2021-01-22,126,5058,40,2545,86,2513,0,0,126,3533,5,825,126,4358,California
Kings,2021-01-23,26,5084,14,2559,12,2525,0,0,20,3547,6,831,20,4378,California
Kings,2021-01-24,4,5088,4,2563,0,2525,0,0,2,3547,2,833,2,4380,California
Kings,2021-01-25,124,5212,26,2589,98,2623,0,0,90,3603,34,867,90,4470,California
Kings,2021-01-26,154,5366,35,2624,119,2742,0,0,115,3679,39,906,115,4585,California
Kings,2021-01-27,319,5685,34,2658,285,3027,0,0,248,3857,70,976,248,4833,California
Kings,2021-01-28,326,6011,46,2704,280,3307,0,0,271,4073,55,1031,271,5104,California
Kings,2021-01-29,86,6097,26,2730,60,3367,0,0,69,4125,17,1048,69,5173,California
Kings,2021-01-30,1556,7653,31,2761,1525,4892,0,0,1553,5677,3,1051,1555,6728,California
Kings,2021-02-01,199,7852,64,2825,135,5027,0,0,72,5624,125,1176,72,6800,California
Kings,2021-02-02,232,8084,14,2839,218,5245,0,0,82,5557,149,1325,82,6882,California
Kings,2021-02-03,357,8441,191,3030,166,5411,0,0,201,5603,155,1480,201,7083,California
Kings,2021-02-04,396,8837,99,3129,297,5708,0,0,198,5604,197,1677,198,7281,California
Kings,2021-02-05,259,9096,15,3144,244,5952,0,0,101,5549,156,1833,101,7382,California
Kings,2021-02-06,61,9157,10,3154,51,6003,0,0,28,5544,33,1866,28,7410,California
Kings,2021-02-07,5,9162,3,3157,2,6005,0,0,3,5545,2,1868,3,7413,California
Kings,2021-02-08,172,9334,29,3186,143,6148,0,0,68,5509,104,1972,68,7481,California
Kings,2021-02-09,254,9588,57,3243,197,6345,0,0,110,5477,142,2114,110,7591,California
Kings,2021-02-10,286,9874,113,3356,173,6518,0,0,169,5529,117,2231,169,7760,California
Kings,2021-02-11,431,10305,65,3421,366,6884,0,0,316,5731,114,2345,316,8076,California
Kings,2021-02-12,623,10928,36,3457,587,7471,0,0,347,5803,275,2620,347,8423,California
Kings,2021-02-13,104,11032,6,3463,98,7569,0,0,78,5855,26,2646,78,8501,California
Kings,2021-02-14,102,11134,4,3467,98,7667,0,0,94,5941,8,2654,94,8595,California
Kings,2021-02-15,246,11380,5,3472,241,7908,0,0,137,5970,108,2762,137,8732,California
Kings,2021-02-16,486,11866,33,3505,453,8361,0,0,251,5987,234,2996,251,8983,California
Kings,2021-02-17,380,12246,23,3528,357,8718,0,0,243,6094,137,3133,244,9227,California
Kings,2021-02-18,155,12401,23,3551,132,8850,0,0,98,6135,57,3190,98,9325,California
Kings,2021-02-19,159,12560,24,3575,135,8985,0,0,103,6185,53,3243,103,9428,California
Kings,2021-02-20,171,12731,40,3615,131,9116,0,0,134,6282,37,3280,134,9562,California
Kings,2021-02-21,3,12734,2,3617,1,9117,0,0,3,6285,0,3280,3,9565,California
Kings,2021-02-22,110,12844,19,3636,91,9208,0,0,51,6277,59,3339,51,9616,California
Kings,2021-02-23,297,13141,70,3706,227,9435,0,0,180,6340,117,3456,180,9796,California
Kings,2021-02-24,597,13738,154,3860,443,9878,0,0,385,6513,212,3668,385,10181,California
Kings,2021-02-25,685,14423,132,3992,553,10431,0,0,467,6764,216,3884,467,10648,California
Kings,2021-02-26,668,15091,137,4129,531,10962,0,0,606,7308,62,3946,606,11254,California
Kings,2021-02-27,1516,16607,65,4194,1451,12413,0,0,580,6953,935,4881,580,11834,California
Kings,2021-02-28,1171,17778,597,4791,574,12987,0,0,674,7133,494,5375,674,12508,California
Kings,2021-03-01,261,18039,80,4871,181,13168,0,0,216,7304,45,5420,216,12724,California
Kings,2021-03-02,508,18547,242,5113,266,13434,0,0,458,7713,50,5470,459,13183,California
Kings,2021-03-03,630,19177,304,5417,326,13760,0,0,440,7965,188,5658,440,13623,California
Kings,2021-03-04,718,19895,342,5759,376,14136,0,0,622,8492,96,5754,623,14246,California
Kings,2021-03-05,1059,20954,349,6108,701,14837,9,9,942,9327,117,5871,952,15198,California
Kings,2021-03-06,511,21465,184,6292,314,15151,13,22,481,9791,30,5901,494,15692,California
Kings,2021-03-07,365,21830,224,6516,137,15288,4,26,357,10144,8,5909,361,16053,California
Kings,2021-03-08,370,22200,96,6612,221,15509,53,79,262,10350,108,6017,314,16367,California
Kings,2021-03-09,524,22724,239,6851,230,15739,55,134,417,10717,106,6123,473,16840,California
Kings,2021-03-10,506,23230,125,6976,290,16029,91,225,322,10946,183,6306,412,17252,California
Kings,2021-03-11,1025,24255,305,7281,610,16639,110,335,619,11271,404,6710,729,17981,California
Kings,2021-03-12,1359,25614,441,7722,824,17463,94,429,957,11924,400,7110,1053,19034,California
Kings,2021-03-13,670,26284,331,8053,295,17758,44,473,544,12387,126,7236,589,19623,California
Kings,2021-03-14,671,26955,101,8154,184,17942,386,859,200,12502,471,7707,586,20209,California
Kings,2021-03-15,703,27658,266,8420,322,18264,115,974,466,12849,236,7943,583,20792,California
Kings,2021-03-16,1039,28697,438,8858,540,18804,61,1035,702,13275,337,8280,763,21555,California
Kings,2021-03-17,1089,29786,417,9275,611,19415,61,1096,770,13794,319,8599,838,22393,California
Kings,2021-03-18,1100,30886,466,9741,412,19827,222,1318,751,14422,348,8947,976,23369,California
Kings,2021-03-19,949,31835,468,10209,396,20223,85,1403,723,15017,226,9173,821,24190,California
Kings,2021-03-20,624,32459,255,10464,338,20561,31,1434,449,15331,173,9346,487,24677,California
Kings,2021-03-21,1401,33860,1086,11550,304,20865,11,1445,847,15635,554,9900,858,25535,California
Kings,2021-03-22,450,34310,203,11753,164,21029,83,1528,276,15824,174,10074,363,25898,California
Kings,2021-03-23,899,35209,493,12246,343,21372,63,1591,546,16085,351,10425,612,26510,California
Kings,2021-03-24,925,36134,479,12725,423,21795,23,1614,508,16202,416,10841,533,27043,California
Kings,2021-03-25,895,37029,445,13170,424,22219,26,1640,447,16229,446,11287,473,27516,California
Kings,2021-03-26,1282,38311,374,13544,823,23042,85,1725,528,16092,749,12036,612,28128,California
Kings,2021-03-27,616,38927,245,13789,359,23401,12,1737,156,15802,458,12494,168,28296,California
Kings,2021-03-28,549,39476,478,14267,64,23465,7,1744,342,15952,207,12701,357,28653,California
Kings,2021-03-29,459,39935,202,14469,196,23661,61,1805,251,16057,206,12907,311,28964,California
Kings,2021-03-30,842,40777,463,14932,341,24002,38,1843,420,16094,421,13328,458,29422,California
Kings,2021-03-31,740,41517,374,15306,302,24304,64,1907,416,16257,317,13645,480,29902,California
Kings,2021-04-01,759,42276,380,15686,296,24600,83,1990,343,16273,410,14055,426,30328,California
Kings,2021-04-02,985,43261,430,16116,433,25033,122,2112,390,16194,590,14645,511,30839,California
Kings,2021-04-03,475,43736,330,16446,137,25170,8,2120,161,16056,308,14953,170,31009,California
Kings,2021-04-04,156,43892,82,16528,68,25238,6,2126,43,15993,112,15065,49,31058,California
Kings,2021-04-05,1047,44939,324,16852,473,25711,250,2376,233,15664,813,15878,484,31542,California
Kings,2021-04-06,1188,46127,448,17300,433,26144,307,2683,292,15370,893,16771,599,32141,California
Kings,2021-04-07,1340,47467,641,17941,514,26658,185,2868,415,15048,922,17693,600,32741,California
Kings,2021-04-08,1590,49057,626,18567,713,27371,251,3119,361,14438,1222,18915,612,33353,California
Kings,2021-04-09,1143,50200,538,19105,428,27799,177,3296,242,13955,899,19814,416,33769,California
Kings,2021-04-10,589,50789,327,19432,160,27959,102,3398,177,13824,410,20224,279,34048,California
Kings,2021-04-11,329,51118,74,19506,249,28208,6,3404,196,13894,132,20356,202,34250,California
Kings,2021-04-12,698,51816,311,19817,187,28395,200,3604,191,13779,506,20862,391,34641,California
Kings,2021-04-13,896,52712,508,20325,388,28783,0,3604,296,13481,599,21461,301,34942,California
Kings,2021-04-14,1023,53735,566,20891,457,29240,0,3604,371,13201,652,22113,372,35314,California
Kings,2021-04-15,1048,54783,521,21412,526,29766,1,3605,466,13087,581,22694,467,35781,California
Kings,2021-04-16,765,55548,360,21772,405,30171,0,3605,266,12855,498,23192,266,36047,California
Kings,2021-04-17,457,56005,244,22016,213,30384,0,3605,200,12799,256,23448,200,36247,California
Kings,2021-04-18,553,56558,240,22256,313,30697,0,3605,72,12390,481,23929,72,36319,California
Kings,2021-04-19,526,57084,289,22545,237,30934,0,3605,287,12440,237,24166,287,36606,California
Kings,2021-04-20,734,57818,443,22988,291,31225,0,3605,247,12201,486,24652,247,36853,California
Kings,2021-04-21,639,58457,307,23295,332,31557,0,3605,223,12014,410,25062,223,37076,California
Kings,2021-04-22,550,59007,276,23571,274,31831,0,3605,201,11870,346,25408,202,37278,California
Kings,2021-04-23,664,59671,290,23861,374,32205,0,3605,330,11869,331,25739,330,37608,California
Kings,2021-04-24,246,59917,178,24039,67,32272,1,3606,122,11869,123,25862,123,37731,California
Kings,2021-04-25,195,60112,176,24215,19,32291,0,3606,159,11992,36,25898,159,37890,California
Kings,2021-04-26,295,60407,153,24368,139,32430,3,3609,184,12069,110,26008,187,38077,California
Kings,2021-04-27,404,60811,178,24546,207,32637,19,3628,170,12025,233,26241,189,38266,California
Kings,2021-04-28,509,61320,253,24799,236,32873,20,3648,265,12066,244,26485,285,38551,California
Kings,2021-04-29,285,61605,112,24911,162,33035,11,3659,133,12060,150,26635,144,38695,California
Kings,2021-04-30,366,61971,163,25074,186,33221,17,3676,152,12018,211,26846,169,38864,California
Kings,2021-05-01,229,62200,166,25240,53,33274,10,3686,74,11949,153,26999,84,38948,California
Kings,2021-05-02,168,62368,146,25386,22,33296,0,3686,126,12033,42,27041,126,39074,California
Kings,2021-05-03,469,62837,255,25641,201,33497,13,3699,122,11822,346,27387,135,39209,California
Kings,2021-05-04,509,63346,255,25896,234,33731,20,3719,158,11649,351,27738,178,39387,California
Kings,2021-05-05,535,63881,276,26172,239,33970,20,3739,134,11402,401,28139,154,39541,California
Kings,2021-05-06,533,64414,264,26436,246,34216,23,3762,121,11136,410,28549,144,39685,California
Kings,2021-05-07,366,64780,211,26647,141,34357,14,3776,148,11083,215,28764,162,39847,California
Kings,2021-05-08,229,65009,166,26813,52,34409,11,3787,74,11013,155,28919,85,39932,California
Kings,2021-05-09,193,65202,64,26877,129,34538,0,3787,40,10900,153,29072,40,39972,California
Kings,2021-05-10,331,65533,254,27131,67,34605,10,3797,113,10806,216,29288,122,40094,California
Kings,2021-05-11,366,65899,228,27359,111,34716,27,3824,115,10698,251,29539,143,40237,California
Kings,2021-05-12,361,66260,133,27492,215,34931,13,3837,151,10653,209,29748,164,40401,California
Kings,2021-05-13,366,66626,137,27629,224,35155,5,3842,149,10590,217,29965,154,40555,California
Kings,2021-05-14,451,67077,307,27936,112,35267,32,3874,229,10629,220,30185,259,40814,California
Kings,2021-05-15,340,67417,245,28181,79,35346,16,3890,190,10685,150,30335,206,41020,California
Kings,2021-05-16,143,67560,133,28314,10,35356,0,3890,18,10578,125,30460,18,41038,California
Kings,2021-05-17,254,67814,191,28505,50,35406,13,3903,118,10573,136,30596,131,41169,California
Lake,2020-12-17,4,4,4,4,0,0,0,0,4,4,0,0,4,4,California
Lake,2020-12-18,51,55,51,55,0,0,0,0,51,55,0,0,51,55,California
Lake,2020-12-19,3,58,3,58,0,0,0,0,3,58,0,0,3,58,California
Lake,2020-12-20,6,64,6,64,0,0,0,0,6,64,0,0,6,64,California
Lake,2020-12-21,86,150,86,150,0,0,0,0,86,150,0,0,86,150,California
Lake,2020-12-22,63,213,60,210,3,3,0,0,63,213,0,0,63,213,California
Lake,2020-12-23,123,336,114,324,9,12,0,0,123,336,0,0,123,336,California
Lake,2020-12-24,2,338,0,324,2,14,0,0,2,338,0,0,2,338,California
Lake,2020-12-26,2,340,2,326,0,14,0,0,2,340,0,0,2,340,California
Lake,2020-12-27,2,342,2,328,0,14,0,0,2,342,0,0,2,342,California
Lake,2020-12-28,52,394,43,371,9,23,0,0,52,394,0,0,52,394,California
Lake,2020-12-29,50,444,45,416,5,28,0,0,50,444,0,0,50,444,California
Lake,2020-12-30,125,569,118,534,7,35,0,0,125,569,0,0,125,569,California
Lake,2020-12-31,67,636,64,598,3,38,0,0,67,636,0,0,67,636,California
Lake,2021-01-01,1,637,0,598,1,39,0,0,1,637,0,0,1,637,California
Lake,2021-01-02,2,639,1,599,1,40,0,0,2,639,0,0,2,639,California
Lake,2021-01-04,87,726,21,620,66,106,0,0,87,726,0,0,87,726,California
Lake,2021-01-05,120,846,59,679,61,167,0,0,118,842,2,2,118,844,California
Lake,2021-01-06,105,951,65,744,40,207,0,0,103,943,2,4,103,947,California
Lake,2021-01-07,108,1059,85,829,23,230,0,0,99,1033,9,13,99,1046,California
Lake,2021-01-08,152,1211,124,953,28,258,0,0,100,1081,52,65,100,1146,California
Lake,2021-01-09,63,1274,61,1014,2,260,0,0,59,1136,4,69,59,1205,California
Lake,2021-01-10,3,1277,3,1017,0,260,0,0,0,1133,3,72,0,1205,California
Lake,2021-01-11,192,1469,151,1168,41,301,0,0,112,1165,80,152,112,1317,California
Lake,2021-01-12,81,1550,48,1216,33,334,0,0,57,1198,24,176,57,1374,California
Lake,2021-01-13,165,1715,112,1328,53,387,0,0,108,1249,57,233,108,1482,California
Lake,2021-01-14,147,1862,46,1374,101,488,0,0,125,1352,22,255,125,1607,California
Lake,2021-01-15,215,2077,92,1466,123,611,0,0,188,1513,27,282,188,1795,California
Lake,2021-01-16,134,2211,81,1547,53,664,0,0,132,1643,2,284,132,1927,California
Lake,2021-01-17,18,2229,6,1553,12,676,0,0,12,1649,6,290,12,1939,California
Lake,2021-01-18,246,2475,227,1780,19,695,0,0,126,1655,120,410,126,2065,California
Lake,2021-01-19,311,2786,117,1897,194,889,0,0,266,1877,45,455,267,2332,California
Lake,2021-01-20,422,3208,80,1977,342,1231,0,0,358,2172,63,518,358,2690,California
Lake,2021-01-21,433,3641,49,2026,384,1615,0,0,398,2535,35,553,398,3088,California
Lake,2021-01-22,318,3959,46,2072,272,1887,0,0,282,2781,36,589,282,3370,California
Lake,2021-01-23,122,4081,5,2077,117,2004,0,0,121,2901,1,590,121,3491,California
Lake,2021-01-24,5,4086,2,2079,3,2007,0,0,5,2906,0,590,5,3496,California
Lake,2021-01-25,257,4343,95,2174,162,2169,0,0,176,3001,81,671,176,3672,California
Lake,2021-01-26,429,4772,36,2210,393,2562,0,0,406,3384,23,694,406,4078,California
Lake,2021-01-27,359,5131,41,2251,318,2880,0,0,331,3688,28,722,332,4410,California
Lake,2021-01-28,498,5629,161,2412,337,3217,0,0,368,3926,130,852,368,4778,California
Lake,2021-01-29,636,6265,83,2495,553,3770,0,0,576,4442,60,912,576,5354,California
Lake,2021-01-30,554,6819,44,2539,510,4280,0,0,548,4984,6,918,548,5902,California
Lake,2021-01-31,14,6833,8,2547,6,4286,0,0,12,4994,2,920,12,5914,California
Lake,2021-02-01,179,7012,18,2565,161,4447,0,0,166,5147,13,933,166,6080,California
Lake,2021-02-02,563,7575,151,2716,412,4859,0,0,397,5378,166,1099,397,6477,California
Lake,2021-02-03,445,8020,33,2749,412,5271,0,0,340,5613,105,1204,340,6817,California
Lake,2021-02-04,119,8139,68,2817,51,5322,0,0,72,5638,47,1251,72,6889,California
Lake,2021-02-05,379,8518,70,2887,309,5631,0,0,288,5837,89,1340,288,7177,California
Lake,2021-02-06,276,8794,41,2928,235,5866,0,0,265,6091,11,1351,265,7442,California
Lake,2021-02-07,2,8796,1,2929,1,5867,0,0,2,6093,0,1351,2,7444,California
Lake,2021-02-08,279,9075,207,3136,72,5939,0,0,159,6132,120,1471,159,7603,California
Lake,2021-02-09,346,9421,25,3161,321,6260,0,0,302,6391,43,1514,302,7905,California
Lake,2021-02-10,352,9773,54,3215,298,6558,0,0,274,6587,78,1592,274,8179,California
Lake,2021-02-11,174,9947,18,3233,156,6714,0,0,58,6529,116,1708,58,8237,California
Lake,2021-02-12,376,10323,29,3262,347,7061,0,0,288,6731,87,1795,289,8526,California
Lake,2021-02-13,247,10570,7,3269,240,7301,0,0,236,6956,11,1806,236,8762,California
Lake,2021-02-14,20,10590,5,3274,15,7316,0,0,6,6948,14,1820,6,8768,California
Lake,2021-02-15,172,10762,13,3287,159,7475,0,0,8,6793,163,1983,8,8776,California
Lake,2021-02-16,423,11185,23,3310,400,7875,0,0,176,6722,247,2230,176,8952,California
Lake,2021-02-17,351,11536,54,3364,297,8172,0,0,70,6512,280,2510,70,9022,California
Lake,2021-02-18,457,11993,69,3433,388,8560,0,0,114,6283,343,2853,114,9136,California
Lake,2021-02-19,418,12411,25,3458,393,8953,0,0,93,6051,325,3178,93,9229,California
Lake,2021-02-20,294,12705,60,3518,234,9187,0,0,251,6260,42,3220,251,9480,California
Lake,2021-02-21,6,12711,6,3524,0,9187,0,0,0,6254,6,3226,0,9480,California
Lake,2021-02-22,141,12852,24,3548,117,9304,0,0,44,6201,97,3323,44,9524,California
Lake,2021-02-23,214,13066,14,3562,200,9504,0,0,28,6043,186,3509,28,9552,California
Lake,2021-02-24,955,14021,377,3939,578,10082,0,0,416,5921,538,4047,416,9968,California
Lake,2021-02-25,733,14754,466,4405,267,10349,0,0,473,6137,257,4304,473,10441,California
Lake,2021-02-26,995,15749,304,4709,691,11040,0,0,350,5845,642,4946,350,10791,California
Lake,2021-02-27,411,16160,98,4807,313,11353,0,0,328,6090,83,5029,328,11119,California
Lake,2021-02-28,18,16178,12,4819,6,11359,0,0,10,6092,8,5037,10,11129,California
Lake,2021-03-01,595,16773,53,4872,542,11901,0,0,442,6381,153,5190,442,11571,California
Lake,2021-03-02,745,17518,18,4890,727,12628,0,0,289,6214,456,5646,289,11860,California
Lake,2021-03-03,358,17876,195,5085,163,12791,0,0,135,6126,223,5869,135,11995,California
Lake,2021-03-04,578,18454,509,5594,69,12860,0,0,561,6670,17,5886,561,12556,California
Lake,2021-03-05,1036,19490,40,5634,996,13856,0,0,174,5986,858,6744,174,12730,California
Lake,2021-03-06,34,19524,9,5643,24,13880,1,1,21,5995,13,6757,22,12752,California
Lake,2021-03-07,7,19531,5,5648,2,13882,0,1,4,5996,3,6760,4,12756,California
Lake,2021-03-08,339,19870,267,5915,63,13945,9,10,299,6264,40,6800,308,13064,California
Lake,2021-03-09,916,20786,29,5944,870,14815,17,27,393,6152,522,7322,410,13474,California
Lake,2021-03-10,203,20989,60,6004,130,14945,13,40,135,6232,68,7390,148,13622,California
Lake,2021-03-11,583,21572,47,6051,62,15007,474,514,48,6219,535,7925,522,14144,California
Lake,2021-03-12,851,22423,202,6253,625,15632,24,538,362,6117,488,8413,386,14530,California
Lake,2021-03-13,277,22700,21,6274,20,15652,236,774,16,6108,260,8673,251,14781,California
Lake,2021-03-14,11,22711,2,6276,9,15661,0,774,7,6111,4,8677,7,14788,California
Lake,2021-03-15,642,23353,14,6290,611,16272,17,791,482,6450,160,8837,499,15287,California
Lake,2021-03-16,1113,24466,834,7124,262,16534,17,808,445,6247,664,9501,461,15748,California
Lake,2021-03-17,248,24714,121,7245,105,16639,22,830,92,6205,156,9657,114,15862,California
Lake,2021-03-18,748,25462,373,7618,338,16977,37,867,372,6238,375,10032,408,16270,California
Lake,2021-03-19,580,26042,313,7931,247,17224,20,887,473,6625,106,10138,493,16763,California
Lake,2021-03-20,248,26290,8,7939,237,17461,3,890,29,6440,217,10355,32,16795,California
Lake,2021-03-21,16,26306,11,7950,4,17465,1,891,11,6447,5,10360,12,16807,California
Lake,2021-03-22,325,26631,245,8195,66,17531,14,905,239,6614,86,10446,253,17060,California
Lake,2021-03-23,419,27050,21,8216,385,17916,13,918,353,6915,65,10511,366,17426,California
Lake,2021-03-24,413,27463,61,8277,344,18260,8,926,317,7146,95,10606,326,17752,California
Lake,2021-03-25,660,28123,469,8746,185,18445,6,932,175,6842,485,11091,181,17933,California
Lake,2021-03-26,68,28191,33,8779,34,18479,1,933,44,6863,24,11115,45,17978,California
Lake,2021-03-27,309,28500,7,8786,299,18778,3,936,17,6593,290,11405,20,17998,California
Lake,2021-03-28,17,28517,8,8794,9,18787,0,936,11,6598,6,11411,11,18009,California
Lake,2021-03-29,899,29416,268,9062,629,19416,2,938,193,6089,704,12115,195,18204,California
Lake,2021-03-30,452,29868,303,9365,147,19563,2,940,366,6372,85,12200,368,18572,California
Lake,2021-03-31,582,30450,60,9425,522,20085,0,940,417,6632,157,12357,417,18989,California
Lake,2021-04-01,424,30874,219,9644,193,20278,12,952,179,6581,242,12599,191,19180,California
Lake,2021-04-02,221,31095,41,9685,152,20430,28,980,98,6584,123,12722,126,19306,California
Lake,2021-04-03,32,31127,6,9691,23,20453,3,983,13,6581,19,12741,16,19322,California
Lake,2021-04-04,20,31147,11,9702,7,20460,2,985,15,6593,5,12746,17,19339,California
Lake,2021-04-05,638,31785,70,9772,549,21009,19,1004,399,6774,236,12982,417,19756,California
Lake,2021-04-06,475,32260,16,9788,433,21442,26,1030,302,6930,172,13154,328,20084,California
Lake,2021-04-07,517,32777,56,9844,410,21852,51,1081,350,7166,165,13319,401,20485,California
Lake,2021-04-08,597,33374,486,10330,45,21897,66,1147,102,6842,492,13811,168,20653,California
Lake,2021-04-09,281,33655,39,10369,173,22070,69,1216,47,6727,231,14042,116,20769,California
Lake,2021-04-10,251,33906,14,10383,13,22083,224,1440,9,6718,242,14284,233,21002,California
Lake,2021-04-11,22,33928,17,10400,3,22086,2,1442,7,6712,15,14299,9,21011,California
Lake,2021-04-12,1069,34997,232,10632,804,22890,33,1475,248,6173,820,15119,281,21292,California
Lake,2021-04-13,179,35176,109,10741,70,22960,0,1475,53,6100,126,15245,53,21345,California
Lake,2021-04-14,612,35788,38,10779,574,23534,0,1475,548,6585,63,15308,548,21893,California
Lake,2021-04-15,640,36428,192,10971,448,23982,0,1475,331,6607,309,15617,331,22224,California
Lake,2021-04-16,263,36691,29,11000,233,24215,1,1476,73,6492,189,15806,74,22298,California
Lake,2021-04-17,41,36732,12,11012,29,24244,0,1476,31,6513,10,15816,31,22329,California
Lake,2021-04-18,8,36740,5,11017,3,24247,0,1476,0,6505,8,15824,0,22329,California
Lake,2021-04-19,295,37035,38,11055,257,24504,0,1476,245,6700,50,15874,245,22574,California
Lake,2021-04-20,692,37727,278,11333,414,24918,0,1476,113,6236,578,16452,114,22688,California
Lake,2021-04-21,532,38259,64,11397,468,25386,0,1476,204,6112,328,16780,204,22892,California
Lake,2021-04-22,461,38720,50,11447,411,25797,0,1476,314,6280,146,16926,314,23206,California
Lake,2021-04-23,113,38833,58,11505,55,25852,0,1476,67,6301,46,16972,67,23273,California
Lake,2021-04-24,53,38886,9,11514,44,25896,0,1476,39,6326,14,16986,39,23312,California
Lake,2021-04-25,35,38921,18,11532,17,25913,0,1476,23,6337,12,16998,23,23335,California
Lake,2021-04-26,286,39207,78,11610,207,26120,1,1477,83,6218,203,17201,84,23419,California
Lake,2021-04-27,244,39451,22,11632,204,26324,18,1495,83,6158,161,17362,101,23520,California
Lake,2021-04-28,507,39958,47,11679,445,26769,15,1510,117,5901,388,17750,131,23651,California
Lake,2021-04-29,212,40170,83,11762,113,26882,16,1526,115,5935,97,17847,131,23782,California
Lake,2021-04-30,289,40459,46,11808,212,27094,31,1557,150,5977,139,17986,181,23963,California
Lake,2021-05-01,47,40506,26,11834,19,27113,2,1559,32,5996,15,18001,34,23997,California
Lake,2021-05-02,18,40524,9,11843,8,27121,1,1560,9,5997,9,18010,10,24007,California
Lake,2021-05-03,409,40933,26,11869,348,27469,35,1595,63,5750,345,18355,98,24105,California
Lake,2021-05-04,405,41338,216,12085,141,27610,48,1643,125,5644,279,18634,173,24278,California
Lake,2021-05-05,631,41969,45,12130,574,28184,12,1655,89,5204,540,19174,100,24378,California
Lake,2021-05-06,141,42110,19,12149,93,28277,29,1684,72,5235,69,19243,100,24478,California
Lake,2021-05-07,164,42274,28,12177,116,28393,20,1704,103,5299,59,19302,123,24601,California
Lake,2021-05-08,43,42317,8,12185,35,28428,0,1704,36,5328,7,19309,36,24637,California
Lake,2021-05-09,17,42334,2,12187,10,28438,5,1709,10,5336,7,19316,15,24652,California
Lake,2021-05-10,243,42577,12,12199,204,28642,27,1736,58,5237,184,19500,85,24737,California
Lake,2021-05-11,193,42770,27,12226,151,28793,15,1751,117,5294,76,19576,133,24870,California
Lake,2021-05-12,542,43312,33,12259,490,29283,19,1770,57,4884,485,20061,75,24945,California
Lake,2021-05-13,304,43616,61,12320,232,29515,11,1781,71,4735,231,20292,82,25027,California
Lake,2021-05-14,253,43869,79,12399,157,29672,17,1798,159,4819,92,20384,176,25203,California
Lake,2021-05-15,41,43910,18,12417,20,29692,3,1801,25,4831,16,20400,28,25231,California
Lake,2021-05-16,10,43920,2,12419,6,29698,2,1803,5,4833,5,20405,7,25238,California
Lake,2021-05-17,238,44158,9,12428,222,29920,7,1810,34,4673,201,20606,41,25279,California
Lassen,2020-12-16,8,8,8,8,0,0,0,0,8,8,0,0,8,8,California
Lassen,2020-12-17,6,14,6,14,0,0,0,0,6,14,0,0,6,14,California
Lassen,2020-12-18,1,15,1,15,0,0,0,0,1,15,0,0,1,15,California
Lassen,2020-12-19,5,20,5,20,0,0,0,0,5,20,0,0,5,20,California
Lassen,2020-12-20,2,22,2,22,0,0,0,0,2,22,0,0,2,22,California
Lassen,2020-12-21,11,33,11,33,0,0,0,0,11,33,0,0,11,33,California
Lassen,2020-12-22,23,56,23,56,0,0,0,0,23,56,0,0,23,56,California
Lassen,2020-12-23,6,62,6,62,0,0,0,0,6,62,0,0,6,62,California
Lassen,2020-12-24,11,73,11,73,0,0,0,0,11,73,0,0,11,73,California
Lassen,2020-12-28,3,76,2,75,1,1,0,0,3,76,0,0,3,76,California
Lassen,2020-12-29,35,111,35,110,0,1,0,0,35,111,0,0,35,111,California
Lassen,2020-12-30,36,147,35,145,1,2,0,0,36,147,0,0,36,147,California
Lassen,2020-12-31,49,196,42,187,7,9,0,0,49,196,0,0,49,196,California
Lassen,2021-01-02,1,197,0,187,1,10,0,0,1,197,0,0,1,197,California
Lassen,2021-01-04,15,212,1,188,14,24,0,0,15,212,0,0,15,212,California
Lassen,2021-01-05,194,406,53,241,141,165,0,0,194,406,0,0,194,406,California
Lassen,2021-01-06,95,501,44,285,51,216,0,0,87,486,8,8,88,494,California
Lassen,2021-01-07,43,544,7,292,36,252,0,0,37,517,6,14,37,531,California
Lassen,2021-01-08,50,594,2,294,48,300,0,0,50,567,0,14,50,581,California
Lassen,2021-01-09,12,606,6,300,6,306,0,0,12,579,0,14,12,593,California
Lassen,2021-01-11,27,633,5,305,22,328,0,0,27,606,0,14,27,620,California
Lassen,2021-01-12,49,682,29,334,20,348,0,0,30,617,19,33,30,650,California
Lassen,2021-01-13,161,843,18,352,143,491,0,0,146,748,15,48,146,796,California
Lassen,2021-01-14,163,1006,18,370,145,636,0,0,151,887,12,60,151,947,California
Lassen,2021-01-15,33,1039,6,376,27,663,0,0,33,920,0,60,33,980,California
Lassen,2021-01-16,34,1073,33,409,1,664,0,0,34,954,0,60,34,1014,California
Lassen,2021-01-17,1,1074,0,409,1,665,0,0,1,955,0,60,1,1015,California
Lassen,2021-01-18,5,1079,2,411,3,668,0,0,4,958,1,61,4,1019,California
Lassen,2021-01-19,185,1264,36,447,149,817,0,0,157,1087,28,89,157,1176,California
Lassen,2021-01-20,188,1452,100,547,88,905,0,0,105,1124,68,157,105,1281,California
Lassen,2021-01-21,145,1597,93,640,52,957,0,0,121,1227,18,175,121,1402,California
Lassen,2021-01-22,31,1628,18,658,13,970,0,0,21,1238,10,185,21,1423,California
Lassen,2021-01-23,2,1630,0,658,2,972,0,0,2,1240,0,185,2,1425,California
Lassen,2021-01-24,1,1631,0,658,1,973,0,0,1,1241,0,185,1,1426,California
Lassen,2021-01-25,11,1642,0,658,11,984,0,0,11,1252,0,185,11,1437,California
Lassen,2021-01-26,126,1768,12,670,114,1098,0,0,122,1370,4,189,122,1559,California
Lassen,2021-01-27,87,1855,35,705,52,1150,0,0,69,1421,18,207,69,1628,California
Lassen,2021-01-28,85,1940,15,720,70,1220,0,0,84,1504,1,208,84,1712,California
Lassen,2021-01-29,23,1963,7,727,16,1236,0,0,22,1525,1,209,22,1734,California
Lassen,2021-02-01,62,2025,4,731,58,1294,0,0,36,1535,26,235,36,1770,California
Lassen,2021-02-02,177,2202,12,743,165,1459,0,0,44,1446,133,368,44,1814,California
Lassen,2021-02-03,96,2298,21,764,75,1534,0,0,51,1452,45,413,51,1865,California
Lassen,2021-02-04,112,2410,15,779,97,1631,0,0,63,1466,49,462,63,1928,California
Lassen,2021-02-05,65,2475,12,791,53,1684,0,0,23,1447,42,504,23,1951,California
Lassen,2021-02-06,69,2544,34,825,35,1719,0,0,36,1451,32,536,36,1987,California
Lassen,2021-02-07,2,2546,2,827,0,1719,0,0,2,1453,0,536,2,1989,California
Lassen,2021-02-08,44,2590,4,831,40,1759,0,0,18,1445,26,562,18,2007,California
Lassen,2021-02-09,129,2719,8,839,121,1880,0,0,50,1416,79,641,50,2057,California
Lassen,2021-02-10,184,2903,21,860,163,2043,0,0,76,1384,108,749,76,2133,California
Lassen,2021-02-11,184,3087,16,876,168,2211,0,0,80,1361,103,852,80,2213,California
Lassen,2021-02-12,42,3129,11,887,31,2242,0,0,14,1347,28,880,14,2227,California
Lassen,2021-02-13,12,3141,3,890,9,2251,0,0,10,1355,2,882,10,2237,California
Lassen,2021-02-14,13,3154,0,890,13,2264,0,0,12,1366,1,883,12,2249,California
Lassen,2021-02-15,21,3175,2,892,19,2283,0,0,17,1379,4,887,17,2266,California
Lassen,2021-02-16,192,3367,4,896,188,2471,0,0,31,1251,159,1046,31,2297,California
Lassen,2021-02-17,183,3550,94,990,89,2560,0,0,10,1088,173,1219,10,2307,California
Lassen,2021-02-18,80,3630,22,1012,58,2618,0,0,20,1048,60,1279,20,2327,California
Lassen,2021-02-19,82,3712,62,1074,20,2638,0,0,18,1002,64,1343,18,2345,California
Lassen,2021-02-20,8,3720,0,1074,8,2646,0,0,6,1006,2,1345,6,2351,California
Lassen,2021-02-21,22,3742,2,1076,20,2666,0,0,18,1020,4,1349,18,2369,California
Lassen,2021-02-22,24,3766,10,1086,14,2680,0,0,6,1008,18,1367,6,2375,California
Lassen,2021-02-23,153,3919,10,1096,143,2823,0,0,41,937,112,1479,41,2416,California
Lassen,2021-02-24,165,4084,16,1112,149,2972,0,0,107,987,57,1536,107,2523,California
Lassen,2021-02-25,158,4242,21,1133,137,3109,0,0,99,1027,59,1595,99,2622,California
Lassen,2021-02-26,73,4315,16,1149,57,3166,0,0,36,1026,37,1632,36,2658,California
Lassen,2021-02-27,8,4323,7,1156,1,3167,0,0,3,1024,5,1637,3,2661,California
Lassen,2021-02-28,6,4329,1,1157,5,3172,0,0,3,1024,3,1640,3,2664,California
Lassen,2021-03-01,42,4371,4,1161,38,3210,0,0,8,999,33,1673,8,2672,California
Lassen,2021-03-02,106,4477,8,1169,98,3308,0,0,80,1053,26,1699,80,2752,California
Lassen,2021-03-03,170,4647,12,1181,158,3466,0,0,113,1109,57,1756,113,2865,California
Lassen,2021-03-04,150,4797,17,1198,133,3599,0,0,100,1160,49,1805,100,2965,California
Lassen,2021-03-05,47,4844,7,1205,17,3616,23,23,11,1158,36,1841,34,2999,California
Lassen,2021-03-06,55,4899,4,1209,29,3645,22,45,5,1135,50,1891,27,3026,California
Lassen,2021-03-07,56,4955,1,1210,0,3645,55,100,1,1136,55,1946,56,3082,California
Lassen,2021-03-08,89,5044,2,1212,7,3652,80,180,3,1133,86,2032,83,3165,California
Lassen,2021-03-09,137,5181,11,1223,109,3761,17,197,88,1190,49,2081,106,3271,California
Lassen,2021-03-10,175,5356,10,1233,163,3924,2,199,79,1176,95,2176,81,3352,California
Lassen,2021-03-11,185,5541,16,1249,162,4086,7,206,113,1227,69,2245,120,3472,California
Lassen,2021-03-12,35,5576,18,1267,13,4099,4,210,12,1220,23,2268,16,3488,California
Lassen,2021-03-13,49,5625,0,1267,3,4102,46,256,1,1218,48,2316,46,3534,California
Lassen,2021-03-14,14,5639,2,1269,11,4113,1,257,2,1209,12,2328,3,3537,California
Lassen,2021-03-15,33,5672,2,1271,31,4144,0,257,16,1208,17,2345,16,3553,California
Lassen,2021-03-16,93,5765,2,1273,85,4229,6,263,74,1269,19,2364,80,3633,California
Lassen,2021-03-17,1083,6848,9,1282,1069,5298,5,268,1064,2319,19,2383,1069,4702,California
Lassen,2021-03-18,95,6943,9,1291,85,5383,1,269,81,2387,14,2397,82,4784,California
Lassen,2021-03-19,17,6960,11,1302,2,5385,4,273,7,2388,10,2407,11,4795,California
Lassen,2021-03-20,29,6989,3,1305,23,5408,3,276,22,2406,7,2414,25,4820,California
Lassen,2021-03-21,34,7023,0,1305,34,5442,0,276,14,2401,19,2433,14,4834,California
Lassen,2021-03-22,57,7080,1,1306,56,5498,0,276,54,2452,3,2436,54,4888,California
Lassen,2021-03-23,119,7199,11,1317,107,5605,1,277,67,2468,52,2488,68,4956,California
Lassen,2021-03-24,213,7412,13,1330,199,5804,1,278,107,2471,105,2593,108,5064,California
Lassen,2021-03-25,153,7565,22,1352,131,5935,0,278,70,2458,83,2676,70,5134,California
Lassen,2021-03-26,78,7643,13,1365,26,5961,39,317,19,2457,58,2734,57,5191,California
Lassen,2021-03-27,20,7663,4,1369,1,5962,15,332,3,2458,17,2751,18,5209,California
Lassen,2021-03-28,18,7681,3,1372,5,5967,10,342,4,2458,14,2765,14,5223,California
Lassen,2021-03-29,52,7733,0,1372,27,5994,25,367,20,2472,31,2796,45,5268,California
Lassen,2021-03-30,198,7931,10,1382,163,6157,25,392,51,2401,147,2943,76,5344,California
Lassen,2021-03-31,146,8077,12,1394,112,6269,22,414,62,2401,84,3027,84,5428,California
Lassen,2021-04-01,165,8242,15,1409,131,6400,19,433,48,2352,116,3143,67,5495,California
Lassen,2021-04-02,29,8271,4,1413,3,6403,22,455,2,2349,27,3170,24,5519,California
Lassen,2021-04-03,12,8283,0,1413,2,6405,10,465,0,2347,12,3182,10,5529,California
Lassen,2021-04-04,7,8290,2,1415,0,6405,5,470,1,2347,6,3188,6,5535,California
Lassen,2021-04-05,22,8312,4,1419,11,6416,7,477,11,2354,11,3199,18,5553,California
Lassen,2021-04-06,184,8496,9,1428,145,6561,30,507,53,2306,131,3330,83,5636,California
Lassen,2021-04-07,135,8631,6,1434,92,6653,37,544,32,2274,103,3433,71,5707,California
Lassen,2021-04-08,168,8799,9,1443,103,6756,56,600,32,2230,132,3565,88,5795,California
Lassen,2021-04-09,52,8851,6,1449,11,6767,35,635,9,2231,42,3607,43,5838,California
Lassen,2021-04-10,9,8860,0,1449,2,6769,7,642,0,2230,8,3615,7,5845,California
Lassen,2021-04-11,5,8865,2,1451,0,6769,3,645,2,2232,3,3618,5,5850,California
Lassen,2021-04-12,30,8895,2,1453,15,6784,13,658,2,2219,28,3646,15,5865,California
Lassen,2021-04-13,129,9024,6,1459,123,6907,0,658,40,2171,88,3734,40,5905,California
Lassen,2021-04-14,987,10011,16,1475,971,7878,0,658,51,1287,935,4669,51,5956,California
Lassen,2021-04-15,147,10158,14,1489,133,8011,0,658,19,1178,128,4797,19,5975,California
Lassen,2021-04-16,11,10169,4,1493,7,8018,0,658,5,1177,6,4803,5,5980,California
Lassen,2021-04-17,23,10192,2,1495,21,8039,0,658,3,1160,20,4823,3,5983,California
Lassen,2021-04-18,5,10197,2,1497,3,8042,0,658,2,1159,3,4826,2,5985,California
Lassen,2021-04-19,33,10230,0,1497,33,8075,0,658,17,1160,16,4842,17,6002,California
Lassen,2021-04-20,138,10368,7,1504,131,8206,0,658,52,1126,86,4928,52,6054,California
Lassen,2021-04-21,163,10531,10,1514,153,8359,0,658,32,1029,129,5057,32,6086,California
Lassen,2021-04-22,102,10633,16,1530,86,8445,0,658,33,993,69,5126,33,6119,California
Lassen,2021-04-23,28,10661,3,1533,25,8470,0,658,22,1009,6,5132,22,6141,California
Lassen,2021-04-24,10,10671,6,1539,4,8474,0,658,4,1007,6,5138,4,6145,California
Lassen,2021-04-25,5,10676,0,1539,4,8478,1,659,3,1009,2,5140,4,6149,California
Lassen,2021-04-26,42,10718,1,1540,37,8515,4,663,9,989,33,5173,13,6162,California
Lassen,2021-04-27,122,10840,10,1550,109,8624,3,666,70,1010,52,5225,73,6235,California
Lassen,2021-04-28,84,10924,8,1558,74,8698,2,668,31,990,53,5278,33,6268,California
Lassen,2021-04-29,67,10991,7,1565,57,8755,3,671,22,971,44,5322,25,6293,California
Lassen,2021-04-30,11,11002,7,1572,1,8756,3,674,3,969,8,5330,6,6299,California
Lassen,2021-05-01,4,11006,0,1572,3,8759,1,675,3,972,1,5331,4,6303,California
Lassen,2021-05-02,12,11018,8,1580,4,8763,0,675,8,976,4,5335,8,6311,California
Lassen,2021-05-03,19,11037,1,1581,11,8774,7,682,4,972,15,5350,11,6322,California
Lassen,2021-05-04,72,11109,4,1585,60,8834,8,690,20,948,52,5402,28,6350,California
Lassen,2021-05-05,81,11190,4,1589,67,8901,10,700,26,930,54,5456,36,6386,California
Lassen,2021-05-06,84,11274,21,1610,41,8942,22,722,24,916,60,5516,46,6432,California
Lassen,2021-05-07,47,11321,32,1642,10,8952,5,727,39,952,8,5524,44,6476,California
Lassen,2021-05-08,11,11332,0,1642,5,8957,6,733,4,955,7,5531,10,6486,California
Lassen,2021-05-09,3,11335,1,1643,0,8957,2,735,0,954,3,5534,2,6488,California
Lassen,2021-05-10,13,11348,1,1644,9,8966,3,738,7,958,6,5540,10,6498,California
Lassen,2021-05-11,70,11418,1,1645,60,9026,9,747,19,935,51,5591,28,6526,California
Lassen,2021-05-12,41,11459,4,1649,32,9058,5,752,12,923,29,5620,17,6543,California
Lassen,2021-05-13,34,11493,9,1658,20,9078,5,757,12,918,22,5642,17,6560,California
Lassen,2021-05-14,17,11510,2,1660,8,9086,7,764,7,922,10,5652,14,6574,California
Lassen,2021-05-15,13,11523,6,1666,5,9091,2,766,6,923,7,5659,8,6582,California
Lassen,2021-05-16,4,11527,0,1666,2,9093,2,768,0,922,3,5662,2,6584,California
Lassen,2021-05-17,18,11545,1,1667,11,9104,6,774,2,914,16,5678,8,6592,California
Los Angeles,2020-12-15,393,393,393,393,0,0,0,0,393,393,0,0,393,393,California
Los Angeles,2020-12-16,3366,3759,3366,3759,0,0,0,0,3366,3759,0,0,3366,3759,California
Los Angeles,2020-12-17,10239,13998,10239,13998,0,0,0,0,10240,13999,0,0,10240,13999,California
Los Angeles,2020-12-18,14528,28526,14505,28503,23,23,0,0,14528,28527,0,0,14528,28527,California
Los Angeles,2020-12-19,7230,35756,7222,35725,8,31,0,0,7231,35758,0,0,7231,35758,California
Los Angeles,2020-12-20,4598,40354,4590,40315,8,39,0,0,4600,40358,0,0,4600,40358,California
Los Angeles,2020-12-21,13705,54059,13690,54005,15,54,0,0,13705,54062,1,1,13705,54063,California
Los Angeles,2020-12-22,11530,65589,11149,65154,381,435,0,0,11531,65592,1,2,11531,65594,California
Los Angeles,2020-12-23,11898,77487,10141,75295,1757,2192,0,0,11899,77491,0,2,11899,77493,California
Los Angeles,2020-12-24,7023,84510,4256,79551,2767,4959,0,0,7026,84517,0,2,7026,84519,California
Los Angeles,2020-12-25,525,85035,419,79970,106,5065,0,0,525,85042,0,2,525,85044,California
Los Angeles,2020-12-26,2529,87564,2181,82151,348,5413,0,0,2529,87570,1,3,2529,87573,California
Los Angeles,2020-12-27,1763,89327,1028,83179,735,6148,0,0,1763,89333,0,3,1763,89336,California
Los Angeles,2020-12-28,10299,99626,6389,89568,3910,10058,0,0,10297,99629,1,4,10297,99633,California
Los Angeles,2020-12-29,11606,111232,6083,95651,5523,15581,0,0,11608,111237,0,4,11608,111241,California
Los Angeles,2020-12-30,14876,126108,8092,103743,6784,22365,0,0,14875,126112,0,4,14875,126116,California
Los Angeles,2020-12-31,7946,134054,2758,106501,5188,27553,0,0,7943,134053,2,6,7943,134059,California
Los Angeles,2021-01-01,1009,135063,274,106775,735,28288,0,0,1009,135062,0,6,1009,135068,California
Los Angeles,2021-01-02,4475,139538,1663,108438,2812,31100,0,0,4475,139537,0,6,4475,139543,California
Los Angeles,2021-01-03,953,140491,218,108656,735,31835,0,0,952,140488,1,7,952,140495,California
Los Angeles,2021-01-04,12724,153215,4892,113548,7832,39667,0,0,12709,153194,3,10,12709,153204,California
Los Angeles,2021-01-05,16062,169277,7093,120641,8969,48636,0,0,14158,165479,1877,1887,14162,167366,California
Los Angeles,2021-01-06,22702,191979,12086,132727,10616,59252,0,0,17104,177061,5530,7417,17112,184478,California
Los Angeles,2021-01-07,29395,221374,15826,148553,13569,72821,0,0,18876,185478,10473,17890,18890,203368,California
Los Angeles,2021-01-08,33146,254520,17913,166466,15233,88054,0,0,20913,194193,12207,30097,20922,224290,California
Los Angeles,2021-01-09,12383,266903,7088,173554,5295,93349,0,0,7509,196836,4872,34969,7515,231805,California
Los Angeles,2021-01-10,4686,271589,3636,177190,1050,94399,0,0,1953,196057,2733,37702,1954,233759,California
Los Angeles,2021-01-11,25831,297420,16269,193459,9562,103961,0,0,14882,200010,10938,48640,14891,248650,California
Los Angeles,2021-01-12,29262,326682,16101,209560,13161,117122,0,0,19120,209018,10124,58764,19132,267782,California
Los Angeles,2021-01-13,29291,355973,15649,225209,13642,130764,0,0,20341,220431,8933,67697,20346,288128,California
Los Angeles,2021-01-14,29309,385282,12757,237966,16552,147316,0,0,23792,238736,5497,73194,23802,311930,California
Los Angeles,2021-01-15,33847,419129,12382,250348,21465,168781,0,0,30268,265458,3554,76748,30276,342206,California
Los Angeles,2021-01-16,17571,436700,4970,255318,12601,181382,0,0,15794,279487,1769,78517,15798,358004,California
Los Angeles,2021-01-17,5199,441899,2315,257633,2884,184266,0,0,4952,284195,246,78763,4954,362958,California
Los Angeles,2021-01-18,15602,457501,10074,267707,5528,189794,0,0,10894,290396,4695,83458,10896,373854,California
Los Angeles,2021-01-19,38525,496026,20625,288332,17900,207694,0,0,30719,313361,7765,91223,30730,404584,California
Los Angeles,2021-01-20,45883,541909,24004,312336,21879,229573,0,0,38386,344290,7467,98690,38396,442980,California
Los Angeles,2021-01-21,48777,590686,22487,334823,26290,255863,0,0,44497,384585,4216,102906,44511,487491,California
Los Angeles,2021-01-22,48030,638716,22307,357130,25723,281586,0,0,44595,425800,3390,106296,44605,532096,California
Los Angeles,2021-01-23,34000,672716,15723,372853,18277,299863,0,0,31944,455733,2023,108319,31956,564052,California
Los Angeles,2021-01-24,15750,688466,12223,385076,3527,303390,0,0,15202,470396,540,108859,15203,579255,California
Los Angeles,2021-01-25,38954,727420,16613,401689,22341,325731,0,0,30337,492161,8588,117447,30353,609608,California
Los Angeles,2021-01-26,49360,776780,24529,426218,24831,350562,0,0,41148,525152,8177,125624,41168,650776,California
Los Angeles,2021-01-27,48619,825399,25868,452086,22751,373313,0,0,39358,555408,9123,134747,39379,690155,California
Los Angeles,2021-01-28,48705,874104,23175,475261,25530,398843,0,0,40264,587368,8318,143065,40278,730433,California
Los Angeles,2021-01-29,49324,923428,25437,500698,23887,422730,0,0,39248,616910,9722,152787,39264,769697,California
Los Angeles,2021-01-30,30038,953466,15433,516131,14605,437335,0,0,25880,638713,4081,156868,25884,795581,California
Los Angeles,2021-01-31,13041,966507,10396,526527,2645,439980,0,0,12106,649902,921,157789,12110,807691,California
Los Angeles,2021-02-01,38284,1004791,16305,542832,21979,461959,0,0,27928,667518,10322,168111,27938,835629,California
Los Angeles,2021-02-02,44404,1049195,17923,560755,26481,488440,0,0,32184,687529,12176,180287,32187,867816,California
Los Angeles,2021-02-03,52211,1101406,19614,580369,32597,521037,0,0,37288,710143,14680,194967,37294,905110,California
Los Angeles,2021-02-04,57257,1158663,20749,601118,36508,557545,0,0,39101,731409,17849,212816,39115,944225,California
Los Angeles,2021-02-05,61353,1220016,21151,622269,40202,597747,0,0,39385,749253,21550,234366,39394,983619,California
Los Angeles,2021-02-06,35595,1255611,13371,635640,22224,619971,0,0,27140,768037,8379,242745,27163,1010782,California
Los Angeles,2021-02-07,10873,1266484,8448,644088,2425,622396,0,0,8466,774118,2392,245137,8473,1019255,California
Los Angeles,2021-02-08,46831,1313315,21584,665672,25247,647643,0,0,30631,788687,16064,261201,30633,1049888,California
Los Angeles,2021-02-09,55862,1369177,24632,690304,31230,678873,0,0,28391,789691,27394,288595,28398,1078286,California
Los Angeles,2021-02-10,66982,1436159,29459,719763,37523,716396,0,0,30845,784791,35756,324351,30856,1109142,California
Los Angeles,2021-02-11,58284,1494443,31135,750898,27149,743545,0,0,28203,783360,29638,353989,28207,1137349,California
Los Angeles,2021-02-12,59683,1554126,29922,780820,29761,773306,0,0,26015,776066,33325,387314,26031,1163380,California
Los Angeles,2021-02-13,33853,1587979,19665,800485,14188,787494,0,0,15504,773345,18263,405577,15542,1178922,California
Los Angeles,2021-02-14,21930,1609909,15009,815494,6921,794415,0,0,8809,769097,13060,418637,8812,1187734,California
Los Angeles,2021-02-15,32801,1642710,15944,831438,16857,811272,0,0,18031,772429,14705,433342,18037,1205771,California
Los Angeles,2021-02-16,64253,1706963,32634,864072,31619,842891,0,0,30013,768307,34147,467489,30025,1235796,California
Los Angeles,2021-02-17,64844,1771807,34539,898611,30305,873196,0,0,26597,756841,38069,505558,26603,1262399,California
Los Angeles,2021-02-18,68556,1840363,34828,933439,33728,906924,0,0,28688,745862,39678,545236,28699,1291098,California
Los Angeles,2021-02-19,58286,1898649,36011,969450,22275,929199,0,0,28623,744939,29561,574797,28638,1319736,California
Los Angeles,2021-02-20,32906,1931555,23963,993413,8943,938142,0,0,15843,743780,17010,591807,15851,1335587,California
Los Angeles,2021-02-21,22027,1953582,20365,1013778,1662,939804,0,0,11081,743974,10890,602697,11084,1346671,California
Los Angeles,2021-02-22,34566,1988148,25193,1038971,9373,949177,0,0,17901,745295,16591,619288,17912,1364583,California
Los Angeles,2021-02-23,54809,2042957,23682,1062653,31127,980304,0,0,21708,734025,32989,652277,21719,1386302,California
Los Angeles,2021-02-24,64967,2107924,28927,1091580,36040,1016344,0,0,28575,726399,36219,688496,28593,1414895,California
Los Angeles,2021-02-25,74083,2182007,33908,1125488,40175,1056519,0,0,39004,730499,34917,723413,39017,1453912,California
Los Angeles,2021-02-26,83693,2265700,38777,1164265,44916,1101435,0,0,48081,743247,35364,758777,48112,1502024,California
Los Angeles,2021-02-27,60113,2325813,26396,1190661,33713,1135148,4,4,30953,745217,29010,787787,30980,1533004,California
Los Angeles,2021-02-28,26964,2352777,18635,1209296,8326,1143474,3,7,18914,756213,7927,795714,18923,1551927,California
Los Angeles,2021-03-01,56746,2409523,32239,1241535,24484,1167958,23,30,34148,767966,22433,818147,34186,1586113,California
Los Angeles,2021-03-02,77404,2486927,37603,1279138,39799,1207757,2,32,48930,788562,28347,846494,48943,1635056,California
Los Angeles,2021-03-03,83058,2569985,41702,1320840,41345,1249102,11,43,52240,810180,30655,877149,52273,1687329,California
Los Angeles,2021-03-04,89843,2659828,45824,1366664,44008,1293110,11,54,56475,833496,33188,910337,56504,1743833,California
Los Angeles,2021-03-05,88208,2748036,42760,1409424,45419,1338529,29,83,58858,863251,29165,939502,58920,1802753,California
Los Angeles,2021-03-06,66280,2814316,33315,1442739,31147,1369676,1818,1901,42646,884233,23485,962987,44467,1847220,California
Los Angeles,2021-03-07,25791,2840107,19383,1462122,5601,1375277,807,2708,19871,899014,5892,968879,20673,1867893,California
Los Angeles,2021-03-08,51562,2891669,26753,1488875,22860,1398137,1949,4657,38764,927034,12690,981569,40710,1908603,California
Los Angeles,2021-03-09,69149,2960818,26590,1515465,39282,1437419,3277,7934,41329,943966,27665,1009234,44597,1953200,California
Los Angeles,2021-03-10,79489,3040307,37430,1552895,37190,1474609,4869,12803,49767,969013,29552,1038786,54599,2007799,California
Los Angeles,2021-03-11,92450,3132757,45052,1597947,40720,1515329,6678,19481,54122,991628,38142,1076928,60757,2068556,California
Los Angeles,2021-03-12,97507,3230264,43340,1641287,40332,1555661,13835,33316,56739,1021579,40573,1117501,70524,2139080,California
Los Angeles,2021-03-13,74081,3304345,34493,1675780,27687,1583348,11901,45217,43954,1047376,30012,1147513,55809,2194889,California
Los Angeles,2021-03-14,38124,3342469,25434,1701214,10225,1593573,2465,47682,23353,1058467,14706,1162219,25797,2220686,California
Los Angeles,2021-03-15,73680,3416149,35586,1736800,32759,1626332,5335,53017,44616,1079527,28868,1191087,49928,2270614,California
Los Angeles,2021-03-16,98551,3514700,42684,1779484,50098,1676430,5769,58786,63909,1114715,34452,1225539,69640,2340254,California
Los Angeles,2021-03-17,95826,3610526,43046,1822530,44565,1720995,8215,67001,64204,1155603,31423,1256962,72311,2412565,California
Los Angeles,2021-03-18,100229,3710755,47458,1869988,47563,1768558,5208,72209,63817,1188474,36140,1293102,69011,2481576,California
Los Angeles,2021-03-19,106859,3817614,55192,1925180,46988,1815546,4679,76888,66358,1219235,40229,1333331,70990,2552566,California
Los Angeles,2021-03-20,75162,3892776,36636,1961816,34009,1849555,4517,81405,51263,1251289,23710,1357041,55764,2608330,California
Los Angeles,2021-03-21,33607,3926383,24805,1986621,7957,1857512,845,82250,21745,1262135,11744,1368785,22590,2630920,California
Los Angeles,2021-03-22,69616,3995999,40640,2027261,26977,1884489,1999,84249,49038,1292842,20327,1389112,51034,2681954,California
Los Angeles,2021-03-23,94995,4090994,50956,2078217,40972,1925461,3067,87316,58077,1317303,36668,1425780,61129,2743083,California
Los Angeles,2021-03-24,103655,4194649,54795,2133012,45903,1971364,2957,90273,61463,1339827,41885,1467665,64409,2807492,California
Los Angeles,2021-03-25,108998,4303647,58048,2191060,47258,2018622,3692,93965,62424,1359628,46298,1513963,66099,2873591,California
Los Angeles,2021-03-26,113190,4416837,61507,2252567,47579,2066201,4104,98069,64150,1379086,48776,1562739,68234,2941825,California
Los Angeles,2021-03-27,82126,4498963,43032,2295599,36963,2103164,2131,100200,42927,1385190,38959,1601698,45063,2986888,California
Los Angeles,2021-03-28,40951,4539914,27394,2322993,12974,2116138,583,100783,20755,1386462,20064,1621762,21336,3008224,California
Los Angeles,2021-03-29,81733,4621647,46151,2369144,33982,2150120,1600,102383,46732,1399978,34812,1656574,48328,3056552,California
Los Angeles,2021-03-30,107165,4728812,50550,2419694,50854,2200974,5761,108144,65546,1429862,41399,1697973,71283,3127835,California
Los Angeles,2021-03-31,120383,4849195,60397,2480091,51447,2252421,8539,116683,70333,1458926,49773,1747746,78837,3206672,California
Los Angeles,2021-04-01,130982,4980177,61085,2541176,55029,2307450,14868,131551,71293,1485651,59405,1807151,86130,3292802,California
Los Angeles,2021-04-02,129234,5109411,57097,2598273,57201,2364651,14936,146487,69246,1510194,59671,1866822,84214,3377016,California
Los Angeles,2021-04-03,96710,5206121,44047,2642320,39580,2404231,13083,159570,48249,1523217,48289,1915111,61312,3438328,California
Los Angeles,2021-04-04,39019,5245140,20392,2662712,12032,2416263,6595,166165,16746,1524322,22202,1937313,23307,3461635,California
Los Angeles,2021-04-05,93381,5338521,44178,2706890,39050,2455313,10153,176318,44926,1531085,48265,1985578,55028,3516663,California
Los Angeles,2021-04-06,120340,5458861,56632,2763522,43537,2498850,20171,196489,55912,1542871,64196,2049774,75982,3592645,California
Los Angeles,2021-04-07,118984,5577845,54076,2817598,43974,2542824,20934,217423,54416,1553775,64331,2114105,75235,3667880,California
Los Angeles,2021-04-08,131507,5709352,57893,2875491,49696,2592520,23918,241341,59968,1566254,71272,2185377,83751,3751631,California
Los Angeles,2021-04-09,130161,5839513,56250,2931741,50116,2642636,23795,265136,56484,1573000,73397,2258774,80143,3831774,California
Los Angeles,2021-04-10,100695,5940208,42741,2974482,34052,2676688,23902,289038,37338,1570989,63139,2321913,61128,3892902,California
Los Angeles,2021-04-11,41612,5981820,22493,2996975,9602,2686290,9517,298555,14501,1567921,27037,2348950,23969,3916871,California
Los Angeles,2021-04-12,78417,6060237,38328,3035303,33819,2720109,6270,304825,32632,1561182,45587,2394537,38848,3955719,California
Los Angeles,2021-04-13,116756,6176993,58741,3094044,57593,2777702,422,305247,61826,1568724,54712,2449249,62254,4017973,California
Los Angeles,2021-04-14,117069,6294062,58797,3152841,58143,2835845,129,305376,63555,1579139,53266,2502515,63681,4081654,California
Los Angeles,2021-04-15,129145,6423207,69776,3222617,59198,2895043,171,305547,74090,1598465,54798,2557313,74124,4155778,California
Los Angeles,2021-04-16,128525,6551732,68282,3290899,60103,2955146,140,305687,67955,1606177,60317,2617630,68029,4223807,California
Los Angeles,2021-04-17,96762,6648494,50618,3341517,46119,3001265,25,305712,55044,1619717,41526,2659156,55066,4278873,California
Los Angeles,2021-04-18,33794,6682288,22404,3363921,11389,3012654,1,305713,18658,1623316,15065,2674221,18664,4297537,California
Los Angeles,2021-04-19,74553,6756841,39562,3403483,34981,3047635,10,305723,33374,1615697,41012,2715233,33393,4330930,California
Los Angeles,2021-04-20,101317,6858158,49768,3453251,51530,3099165,19,305742,50385,1615390,50712,2765945,50405,4381335,California
Los Angeles,2021-04-21,108882,6967040,52479,3505730,56214,3155379,189,305931,48494,1603988,60087,2826032,48685,4430020,California
Los Angeles,2021-04-22,114421,7081461,59036,3564766,55351,3210730,34,305965,50257,1590417,63867,2889899,50296,4480316,California
Los Angeles,2021-04-23,113327,7194788,62182,3626948,51127,3261857,18,305983,53986,1585366,59055,2948954,54004,4534320,California
Los Angeles,2021-04-24,87570,7282358,56301,3683249,31243,3293100,26,306009,48837,1595719,38517,2987471,48870,4583190,California
Los Angeles,2021-04-25,37773,7320131,25103,3708352,12665,3305765,5,306014,20414,1598871,17267,3004738,20419,4603609,California
Los Angeles,2021-04-26,68988,7389119,37114,3745466,31426,3337191,448,306462,34001,1598514,34800,3039538,34443,4638052,California
Los Angeles,2021-04-27,86009,7475128,41658,3787124,42664,3379855,1687,308149,32819,1580065,52947,3092485,34498,4672550,California
Los Angeles,2021-04-28,84311,7559439,40770,3827894,41521,3421376,2020,310169,32862,1563754,51185,3143670,34874,4707424,California
Los Angeles,2021-04-29,90616,7650055,45310,3873204,43187,3464563,2119,312288,32110,1539813,58171,3201841,34230,4741654,California
Los Angeles,2021-04-30,98595,7748650,49058,3922262,47151,3511714,2386,314674,35832,1515611,62408,3264249,38206,4779860,California
Los Angeles,2021-05-01,74720,7823370,42075,3964337,31152,3542866,1493,316167,28288,1499178,46209,3310458,29776,4809636,California
Los Angeles,2021-05-02,27905,7851275,17898,3982235,9276,3552142,731,316898,10093,1492296,17704,3328162,10822,4820458,California
Los Angeles,2021-05-03,60231,7911506,29615,4011850,28459,3580601,2157,319055,21193,1476814,38819,3366981,23337,4843795,California
Los Angeles,2021-05-04,84931,7996437,46826,4058676,35902,3616503,2203,321258,25963,1446284,58682,3425663,28152,4871947,California
Los Angeles,2021-05-05,87798,8084235,51272,4109948,34204,3650707,2322,323580,23971,1409035,63533,3489196,26284,4898231,California
Los Angeles,2021-05-06,95269,8179504,57594,4167542,35219,3685926,2456,326036,22724,1362020,72180,3561376,25165,4923396,California
Los Angeles,2021-05-07,94455,8273959,56314,4223856,35815,3721741,2326,328362,25632,1321460,68499,3629875,27939,4951335,California
Los Angeles,2021-05-08,63153,8337112,41659,4265515,19885,3741626,1609,329971,17062,1294494,45628,3675503,18662,4969997,California
Los Angeles,2021-05-09,23706,8360818,17893,4283408,5083,3746709,730,330701,6061,1283845,17436,3692939,6787,4976784,California
Los Angeles,2021-05-10,47871,8408689,25206,4308614,20841,3767550,1824,332525,14309,1266711,33259,3726198,16125,4992909,California
Los Angeles,2021-05-11,66313,8475002,35662,4344276,28685,3796235,1966,334491,16880,1236341,49197,3775395,18827,5011736,California
Los Angeles,2021-05-12,65582,8540584,35652,4379928,28000,3824235,1930,336421,18449,1209851,46852,3822247,20362,5032098,California
Los Angeles,2021-05-13,67620,8608204,41086,4421014,25073,3849308,1461,337882,23844,1191702,43445,3865692,25296,5057394,California
Los Angeles,2021-05-14,82466,8690670,53096,4474110,27709,3877017,1661,339543,31178,1173519,51011,3916703,32828,5090222,California
Los Angeles,2021-05-15,69543,8760213,49042,4523152,19240,3896257,1261,340804,26607,1158670,42711,3959414,27862,5118084,California
Los Angeles,2021-05-16,16437,8776650,14517,4537669,1642,3897899,278,341082,6290,1155136,10097,3969511,6563,5124647,California
Los Angeles,2021-05-17,36039,8812689,23653,4561322,11319,3909218,1067,342149,13320,1146904,22605,3992116,14373,5139020,California
Madera,2020-12-16,22,22,22,22,0,0,0,0,22,22,0,0,22,22,California
Madera,2020-12-17,13,35,13,35,0,0,0,0,13,35,0,0,13,35,California
Madera,2020-12-18,60,95,60,95,0,0,0,0,60,95,0,0,60,95,California
Madera,2020-12-19,5,100,5,100,0,0,0,0,5,100,0,0,5,100,California
Madera,2020-12-20,14,114,14,114,0,0,0,0,14,114,0,0,14,114,California
Madera,2020-12-21,60,174,60,174,0,0,0,0,60,174,0,0,60,174,California
Madera,2020-12-22,98,272,96,270,2,2,0,0,98,272,0,0,98,272,California
Madera,2020-12-23,67,339,67,337,0,2,0,0,67,339,0,0,67,339,California
Madera,2020-12-24,45,384,40,377,5,7,0,0,45,384,0,0,45,384,California
Madera,2020-12-26,28,412,26,403,2,9,0,0,28,412,0,0,28,412,California
Madera,2020-12-27,30,442,12,415,18,27,0,0,30,442,0,0,30,442,California
Madera,2020-12-28,107,549,37,452,70,97,0,0,107,549,0,0,107,549,California
Madera,2020-12-29,175,724,40,492,135,232,0,0,175,724,0,0,175,724,California
Madera,2020-12-30,218,942,86,578,132,364,0,0,218,942,0,0,218,942,California
Madera,2020-12-31,200,1142,80,658,120,484,0,0,200,1142,0,0,200,1142,California
Madera,2021-01-01,1,1143,1,659,0,484,0,0,1,1143,0,0,1,1143,California
Madera,2021-01-02,89,1232,33,692,56,540,0,0,89,1232,0,0,89,1232,California
Madera,2021-01-03,5,1237,5,697,0,540,0,0,5,1237,0,0,5,1237,California
Madera,2021-01-04,129,1366,65,762,64,604,0,0,129,1366,0,0,129,1366,California
Madera,2021-01-05,279,1645,143,905,136,740,0,0,275,1637,4,4,275,1641,California
Madera,2021-01-06,184,1829,27,932,157,897,0,0,164,1781,20,24,164,1805,California
Madera,2021-01-07,396,2225,113,1045,283,1180,0,0,374,2133,22,46,374,2179,California
Madera,2021-01-08,418,2643,72,1117,346,1526,0,0,363,2443,54,100,364,2543,California
Madera,2021-01-09,37,2680,14,1131,23,1549,0,0,28,2462,9,109,28,2571,California
Madera,2021-01-10,17,2697,14,1145,3,1552,0,0,5,2455,12,121,5,2576,California
Madera,2021-01-11,237,2934,189,1334,48,1600,0,0,195,2608,42,163,195,2771,California
Madera,2021-01-12,391,3325,158,1492,233,1833,0,0,285,2787,106,269,285,3056,California
Madera,2021-01-13,185,3510,91,1583,94,1927,0,0,129,2861,56,325,130,3186,California
Madera,2021-01-14,554,4064,82,1665,472,2399,0,0,520,3347,34,359,520,3706,California
Madera,2021-01-15,599,4663,160,1825,439,2838,0,0,578,3904,21,380,578,4284,California
Madera,2021-01-16,382,5045,47,1872,335,3173,0,0,353,4228,29,409,353,4637,California
Madera,2021-01-17,335,5380,15,1887,320,3493,0,0,331,4555,4,413,331,4968,California
Madera,2021-01-18,77,5457,61,1948,16,3509,0,0,58,4595,18,431,58,5026,California
Madera,2021-01-19,575,6032,139,2087,436,3945,0,0,544,5109,31,462,545,5571,California
Madera,2021-01-20,235,6267,80,2167,155,4100,0,0,207,5289,27,489,207,5778,California
Madera,2021-01-21,238,6505,131,2298,107,4207,0,0,205,5463,31,520,205,5983,California
Madera,2021-01-22,257,6762,83,2381,174,4381,0,0,243,5692,14,534,243,6226,California
Madera,2021-01-23,100,6862,52,2433,48,4429,0,0,76,5744,24,558,76,6302,California
Madera,2021-01-24,101,6963,82,2515,19,4448,0,0,78,5799,23,581,78,6380,California
Madera,2021-01-25,255,7218,124,2639,131,4579,0,0,141,5826,114,695,141,6521,California
Madera,2021-01-26,483,7701,189,2828,294,4873,0,0,294,5933,188,883,295,6816,California
Madera,2021-01-27,737,8438,63,2891,674,5547,0,0,600,6398,137,1020,602,7418,California
Madera,2021-01-28,543,8981,107,2998,436,5983,0,0,440,6735,103,1123,440,7858,California
Madera,2021-01-29,467,9448,95,3093,372,6355,0,0,412,7092,55,1178,412,8270,California
Madera,2021-01-30,505,9953,16,3109,489,6844,0,0,451,7489,54,1232,451,8721,California
Madera,2021-01-31,9,9962,6,3115,3,6847,0,0,8,7496,1,1233,8,8729,California
Madera,2021-02-01,331,10293,147,3262,184,7031,0,0,206,7577,125,1358,206,8935,California
Madera,2021-02-02,253,10546,88,3350,165,7196,0,0,162,7651,89,1447,163,9098,California
Madera,2021-02-03,595,11141,461,3811,134,7330,0,0,474,8007,119,1566,475,9573,California
Madera,2021-02-04,390,11531,122,3933,268,7598,0,0,113,7845,276,1842,114,9687,California
Madera,2021-02-05,975,12506,297,4230,678,8276,0,0,369,7614,601,2443,370,10057,California
Madera,2021-02-06,359,12865,324,4554,35,8311,0,0,320,7896,38,2481,320,10377,California
Madera,2021-02-07,35,12900,7,4561,28,8339,0,0,30,7921,5,2486,30,10407,California
Madera,2021-02-08,384,13284,308,4869,76,8415,0,0,270,8078,113,2599,270,10677,California
Madera,2021-02-09,480,13764,119,4988,361,8776,0,0,198,7998,279,2878,199,10876,California
Madera,2021-02-10,431,14195,149,5137,282,9058,0,0,325,8217,106,2984,325,11201,California
Madera,2021-02-11,936,15131,307,5444,629,9687,0,0,407,8097,528,3512,408,11609,California
Madera,2021-02-12,843,15974,120,5564,723,10410,0,0,311,7885,526,4038,314,11923,California
Madera,2021-02-13,484,16458,43,5607,441,10851,0,0,138,7680,345,4383,140,12063,California
Madera,2021-02-14,399,16857,75,5682,324,11175,0,0,137,7556,262,4645,138,12201,California
Madera,2021-02-15,244,17101,98,5780,146,11321,0,0,175,7663,68,4713,175,12376,California
Madera,2021-02-16,774,17875,183,5963,591,11912,0,0,229,7350,543,5256,230,12606,California
Madera,2021-02-17,610,18485,274,6237,336,12248,0,0,340,7427,265,5521,342,12948,California
Madera,2021-02-18,1300,19785,541,6778,759,13007,0,0,1121,8370,179,5700,1122,14070,California
Madera,2021-02-19,860,20645,544,7322,316,13323,0,0,718,8947,142,5842,719,14789,California
Madera,2021-02-20,1071,21716,980,8302,91,13414,0,0,999,9876,71,5913,1000,15789,California
Madera,2021-02-21,962,22678,819,9121,143,13557,0,0,957,10828,5,5918,957,16746,California
Madera,2021-02-22,910,23588,834,9955,76,13633,0,0,856,11630,54,5972,856,17602,California
Madera,2021-02-23,774,24362,501,10456,273,13906,0,0,546,11951,225,6197,546,18148,California
Madera,2021-02-24,907,25269,299,10755,608,14514,0,0,378,11801,528,6725,378,18526,California
Madera,2021-02-25,1029,26298,316,11071,713,15227,0,0,598,11970,429,7154,598,19124,California
Madera,2021-02-26,1086,27384,197,11268,889,16116,0,0,710,12306,374,7528,710,19834,California
Madera,2021-02-27,892,28276,261,11529,631,16747,0,0,468,12356,421,7949,471,20305,California
Madera,2021-02-28,189,28465,29,11558,160,16907,0,0,183,12533,6,7955,183,20488,California
Madera,2021-03-01,375,28840,120,11678,255,17162,0,0,195,12550,178,8133,195,20683,California
Madera,2021-03-02,738,29578,347,12025,391,17553,0,0,625,13063,113,8246,626,21309,California
Madera,2021-03-03,1332,30910,707,12732,625,18178,0,0,930,13618,399,8645,954,22263,California
Madera,2021-03-04,1181,32091,507,13239,674,18852,0,0,936,14311,246,8891,939,23202,California
Madera,2021-03-05,1330,33421,408,13647,909,19761,13,13,1065,15137,263,9154,1089,24291,California
Madera,2021-03-06,802,34223,621,14268,149,19910,32,45,484,15337,317,9471,517,24808,California
Madera,2021-03-07,153,34376,27,14295,104,20014,22,67,103,15412,50,9521,125,24933,California
Madera,2021-03-08,597,34973,336,14631,202,20216,59,126,304,15484,293,9814,365,25298,California
Madera,2021-03-09,457,35430,160,14791,263,20479,34,160,279,15629,176,9990,321,25619,California
Madera,2021-03-10,1136,36566,511,15302,547,21026,78,238,707,15990,425,10415,786,26405,California
Madera,2021-03-11,1662,38228,845,16147,485,21511,332,570,749,16171,911,11326,1092,27497,California
Madera,2021-03-12,1528,39756,777,16924,596,22107,155,725,752,16329,774,12100,932,28429,California
Madera,2021-03-13,1814,41570,1270,18194,346,22453,198,923,747,16226,1064,13164,961,29390,California
Madera,2021-03-14,583,42153,448,18642,102,22555,33,956,293,16265,287,13451,326,29716,California
Madera,2021-03-15,738,42891,222,18864,469,23024,47,1003,514,16630,221,13672,586,30302,California
Madera,2021-03-16,825,43716,422,19286,356,23380,47,1050,637,17146,185,13857,701,31003,California
Madera,2021-03-17,1416,45132,932,20218,421,23801,63,1113,862,17615,546,14403,1015,32018,California
Madera,2021-03-18,1875,47007,649,20867,1166,24967,60,1173,904,17699,964,15367,1048,33066,California
Madera,2021-03-19,1523,48530,587,21454,852,25819,84,1257,978,18288,539,15906,1128,34194,California
Madera,2021-03-20,1132,49662,772,22226,309,26128,51,1308,569,18395,561,16467,668,34862,California
Madera,2021-03-21,1073,50735,872,23098,156,26284,45,1353,356,18083,714,17181,402,35264,California
Madera,2021-03-22,1360,52095,852,23950,440,26724,68,1421,686,18208,671,17852,796,36060,California
Madera,2021-03-23,1397,53492,839,24789,467,27191,91,1512,668,18322,727,18579,841,36901,California
Madera,2021-03-24,911,54403,472,25261,408,27599,31,1543,603,18654,306,18885,638,37539,California
Madera,2021-03-25,1128,55531,492,25753,612,28211,24,1567,647,18868,470,19355,684,38223,California
Madera,2021-03-26,1441,56972,512,26265,797,29008,132,1699,673,18914,762,20117,808,39031,California
Madera,2021-03-27,831,57803,530,26795,279,29287,22,1721,369,18850,456,20573,392,39423,California
Madera,2021-03-28,420,58223,137,26932,222,29509,61,1782,230,19005,189,20762,344,39767,California
Madera,2021-03-29,681,58904,179,27111,475,29984,27,1809,489,19337,188,20950,520,40287,California
Madera,2021-03-30,1018,59922,562,27673,424,30408,32,1841,556,19467,459,21409,589,40876,California
Madera,2021-03-31,1323,61245,488,28161,700,31108,135,1976,446,19179,871,22280,583,41459,California
Madera,2021-04-01,1254,62499,540,28701,662,31770,52,2028,441,18864,808,23088,493,41952,California
Madera,2021-04-02,1540,64039,409,29110,1072,32842,59,2087,471,18339,1058,24146,533,42485,California
Madera,2021-04-03,885,64924,689,29799,176,33018,20,2107,385,18256,498,24644,415,42900,California
Madera,2021-04-04,187,65111,65,29864,120,33138,2,2109,88,18247,99,24743,90,42990,California
Madera,2021-04-05,737,65848,256,30120,423,33561,58,2167,341,18265,395,25138,413,43403,California
Madera,2021-04-06,1692,67540,879,30999,464,34025,349,2516,633,18189,1057,26195,981,44384,California
Madera,2021-04-07,1199,68739,371,31370,679,34704,149,2665,455,18057,741,26936,609,44993,California
Madera,2021-04-08,1697,70436,655,32025,785,35489,257,2922,568,17766,1122,28058,831,45824,California
Madera,2021-04-09,1621,72057,682,32707,790,36279,149,3071,938,18179,677,28735,1090,46914,California
Madera,2021-04-10,955,73012,679,33386,209,36488,67,3138,710,18711,246,28981,778,47692,California
Madera,2021-04-11,793,73805,641,34027,74,36562,78,3216,303,18603,487,29468,379,48071,California
Madera,2021-04-12,782,74587,270,34297,434,36996,78,3294,304,18508,478,29946,383,48454,California
Madera,2021-04-13,1232,75819,608,34905,583,37579,41,3335,726,18781,504,30450,777,49231,California
Madera,2021-04-14,1378,77197,853,35758,525,38104,0,3335,583,18573,797,31247,589,49820,California
Madera,2021-04-15,1151,78348,497,36255,653,38757,1,3336,453,18342,686,31933,455,50275,California
Madera,2021-04-16,1298,79646,532,36787,766,39523,0,3336,445,17946,842,32775,446,50721,California
Madera,2021-04-17,1262,80908,1063,37850,199,39722,0,3336,821,18327,440,33215,821,51542,California
Madera,2021-04-18,244,81152,207,38057,37,39759,0,3336,99,18282,144,33359,99,51641,California
Madera,2021-04-19,802,81954,236,38293,565,40324,1,3337,274,18035,522,33881,275,51916,California
Madera,2021-04-20,874,82828,430,38723,444,40768,0,3337,239,17644,632,34513,241,52157,California
Madera,2021-04-21,855,83683,448,39171,407,41175,0,3337,300,17391,555,35068,302,52459,California
Madera,2021-04-22,1059,84742,510,39681,549,41724,0,3337,393,17123,662,35730,394,52853,California
Madera,2021-04-23,962,85704,306,39987,655,42379,1,3338,348,16863,609,36339,349,53202,California
Madera,2021-04-24,703,86407,463,40450,240,42619,0,3338,281,16727,418,36757,282,53484,California
Madera,2021-04-25,265,86672,161,40611,101,42720,3,3341,118,16706,143,36900,122,53606,California
Madera,2021-04-26,516,87188,97,40708,413,43133,6,3347,111,16420,403,37303,117,53723,California
Madera,2021-04-27,567,87755,268,40976,278,43411,21,3368,304,16484,262,37565,326,54049,California
Madera,2021-04-28,472,88227,196,41172,257,43668,19,3387,235,16502,235,37800,253,54302,California
Madera,2021-04-29,518,88745,240,41412,251,43919,27,3414,253,16524,258,38058,280,54582,California
Madera,2021-04-30,919,89664,503,41915,400,44319,16,3430,260,16146,654,38712,276,54858,California
Madera,2021-05-01,958,90622,865,42780,80,44399,13,3443,390,15981,568,39280,403,55261,California
Madera,2021-05-02,398,91020,350,43130,44,44443,4,3447,149,15885,249,39529,153,55414,California
Madera,2021-05-03,505,91525,203,43333,262,44705,40,3487,102,15627,400,39929,142,55556,California
Madera,2021-05-04,878,92403,433,43766,405,45110,40,3527,212,15213,666,40595,252,55808,California
Madera,2021-05-05,995,93398,474,44240,462,45572,59,3586,274,14827,719,41314,333,56141,California
Madera,2021-05-06,693,94091,247,44487,415,45987,31,3617,153,14476,535,41849,184,56325,California
Madera,2021-05-07,806,94897,280,44767,505,46492,21,3638,194,14083,607,42456,214,56539,California
Madera,2021-05-08,967,95864,755,45522,202,46694,10,3648,186,13499,780,43236,196,56735,California
Madera,2021-05-09,145,96009,19,45541,115,46809,11,3659,34,13434,110,43346,45,56780,California
Madera,2021-05-10,343,96352,73,45614,258,47067,12,3671,101,13306,241,43587,113,56893,California
Madera,2021-05-11,515,96867,176,45790,331,47398,8,3679,163,13127,350,43937,171,57064,California
Madera,2021-05-12,471,97338,222,46012,213,47611,36,3715,120,12933,350,44287,156,57220,California
Madera,2021-05-13,478,97816,287,46299,161,47772,30,3745,154,12796,321,44608,184,57404,California
Madera,2021-05-14,499,98315,259,46558,226,47998,14,3759,223,12759,274,44882,237,57641,California
Madera,2021-05-15,547,98862,463,47021,76,48074,8,3767,351,12924,194,45076,359,58000,California
Madera,2021-05-16,209,99071,162,47183,23,48097,24,3791,82,12903,127,45203,106,58106,California
Madera,2021-05-17,294,99365,117,47300,157,48254,20,3811,127,12885,165,45368,147,58253,California
Marin,2020-12-15,2,2,2,2,0,0,0,0,2,2,0,0,2,2,California
Marin,2020-12-16,107,109,107,109,0,0,0,0,107,109,0,0,107,109,California
Marin,2020-12-17,261,370,261,370,0,0,0,0,261,370,0,0,261,370,California
Marin,2020-12-18,373,743,373,743,0,0,0,0,373,743,0,0,373,743,California
Marin,2020-12-19,348,1091,347,1090,1,1,0,0,348,1091,0,0,348,1091,California
Marin,2020-12-20,167,1258,166,1256,1,2,0,0,167,1258,0,0,167,1258,California
Marin,2020-12-21,238,1496,235,1491,3,5,0,0,238,1496,0,0,238,1496,California
Marin,2020-12-22,521,2017,317,1808,204,209,0,0,521,2017,0,0,521,2017,California
Marin,2020-12-23,730,2747,321,2129,409,618,0,0,730,2747,0,0,730,2747,California
Marin,2020-12-24,357,3104,159,2288,198,816,0,0,357,3104,0,0,357,3104,California
Marin,2020-12-25,27,3131,0,2288,27,843,0,0,27,3131,0,0,27,3131,California
Marin,2020-12-26,143,3274,93,2381,50,893,0,0,143,3274,0,0,143,3274,California
Marin,2020-12-27,92,3366,55,2436,37,930,0,0,92,3366,0,0,92,3366,California
Marin,2020-12-28,408,3774,99,2535,309,1239,0,0,408,3774,0,0,408,3774,California
Marin,2020-12-29,402,4176,88,2623,314,1553,0,0,402,4176,0,0,402,4176,California
Marin,2020-12-30,626,4802,388,3011,238,1791,0,0,626,4802,0,0,626,4802,California
Marin,2020-12-31,197,4999,34,3045,163,1954,0,0,197,4999,0,0,197,4999,California
Marin,2021-01-01,18,5017,8,3053,10,1964,0,0,18,5017,0,0,18,5017,California
Marin,2021-01-02,108,5125,102,3155,6,1970,0,0,108,5125,0,0,108,5125,California
Marin,2021-01-03,54,5179,36,3191,18,1988,0,0,51,5176,0,0,51,5176,California
Marin,2021-01-04,296,5475,192,3383,104,2092,0,0,295,5470,1,1,295,5471,California
Marin,2021-01-05,369,5844,222,3605,147,2239,0,0,326,5753,43,44,326,5797,California
Marin,2021-01-06,819,6663,318,3923,501,2740,0,0,641,6216,178,222,641,6438,California
Marin,2021-01-07,890,7553,503,4426,387,3127,0,0,543,6412,347,569,543,6981,California
Marin,2021-01-08,970,8523,514,4940,456,3583,0,0,594,6631,375,944,594,7575,California
Marin,2021-01-09,620,9143,224,5164,396,3979,0,0,488,6987,132,1076,488,8063,California
Marin,2021-01-10,129,9272,100,5264,29,4008,0,0,55,6968,74,1150,55,8118,California
Marin,2021-01-11,468,9740,326,5590,142,4150,0,0,248,6998,220,1370,250,8368,California
Marin,2021-01-12,936,10676,540,6130,396,4546,0,0,569,7203,364,1734,569,8937,California
Marin,2021-01-13,1177,11853,499,6629,678,5224,0,0,939,7904,238,1972,939,9876,California
Marin,2021-01-14,1068,12921,318,6947,750,5974,0,0,918,8674,148,2120,918,10794,California
Marin,2021-01-15,1157,14078,354,7301,803,6777,0,0,1027,9573,129,2249,1028,11822,California
Marin,2021-01-16,1121,15199,914,8215,207,6984,0,0,1047,10546,74,2323,1047,12869,California
Marin,2021-01-17,1232,16431,1113,9328,119,7103,0,0,1203,11724,28,2351,1206,14075,California
Marin,2021-01-18,360,16791,159,9487,201,7304,0,0,309,11982,51,2402,309,14384,California
Marin,2021-01-19,1154,17945,912,10399,242,7546,0,0,982,12793,171,2573,982,15366,California
Marin,2021-01-20,1792,19737,1210,11609,582,8128,0,0,1062,13136,719,3292,1062,16428,California
Marin,2021-01-21,1687,21424,1062,12671,625,8753,0,0,1333,14120,351,3643,1335,17763,California
Marin,2021-01-22,1700,23124,1088,13759,612,9365,0,0,1532,15484,168,3811,1532,19295,California
Marin,2021-01-23,1844,24968,1342,15101,502,9867,0,0,1755,17151,88,3899,1755,21050,California
Marin,2021-01-24,615,25583,166,15267,449,10316,0,0,583,17702,32,3931,583,21633,California
Marin,2021-01-25,1129,26712,229,15496,900,11216,0,0,694,17962,435,4366,695,22328,California
Marin,2021-01-26,1505,28217,783,16279,722,11938,0,0,1130,18718,374,4740,1130,23458,California
Marin,2021-01-27,1714,29931,886,17165,828,12766,0,0,1352,19711,360,5100,1353,24811,California
Marin,2021-01-28,2080,32011,1071,18236,1009,13775,0,0,1816,21265,263,5363,1817,26628,California
Marin,2021-01-29,2195,34206,1446,19682,749,14524,0,0,1990,23063,193,5556,1991,28619,California
Marin,2021-01-30,1721,35927,906,20588,815,15339,0,0,1641,24625,80,5636,1642,30261,California
Marin,2021-01-31,458,36385,321,20909,137,15476,0,0,432,25031,26,5662,432,30693,California
Marin,2021-02-01,1092,37477,417,21326,675,16151,0,0,893,25726,199,5861,894,31587,California
Marin,2021-02-02,1352,38829,464,21790,888,17039,0,0,722,25829,619,6480,722,32309,California
Marin,2021-02-03,1783,40612,431,22221,1352,18391,0,0,1257,26561,525,7005,1257,33566,California
Marin,2021-02-04,1540,42152,513,22734,1027,19418,0,0,937,26898,600,7605,937,34503,California
Marin,2021-02-05,2181,44333,684,23418,1497,20915,0,0,1343,27407,834,8439,1343,35846,California
Marin,2021-02-06,1427,45760,851,24269,576,21491,0,0,605,27191,821,9260,605,36451,California
Marin,2021-02-07,1291,47051,1009,25278,282,21773,0,0,489,26879,801,10061,489,36940,California
Marin,2021-02-08,1521,48572,754,26032,767,22540,0,0,726,26812,793,10854,726,37666,California
Marin,2021-02-09,1781,50353,1122,27154,659,23199,0,0,835,26701,946,11800,835,38501,California
Marin,2021-02-10,2340,52693,1493,28647,847,24046,0,0,1217,26798,1121,12921,1218,39719,California
Marin,2021-02-11,2872,55565,1646,30293,1226,25272,0,0,1452,26839,1414,14335,1455,41174,California
Marin,2021-02-12,3064,58629,1540,31833,1524,26796,0,0,1563,26904,1498,15833,1563,42737,California
Marin,2021-02-13,2339,60968,1243,33076,1096,27892,0,0,1131,26829,1206,17039,1131,43868,California
Marin,2021-02-14,812,61780,302,33378,510,28402,0,0,719,27456,93,17132,720,44588,California
Marin,2021-02-15,1215,62995,355,33733,860,29262,0,0,835,27913,379,17511,836,45424,California
Marin,2021-02-16,2465,65460,1057,34790,1408,30670,0,0,1504,28457,960,18471,1504,46928,California
Marin,2021-02-17,2102,67562,944,35734,1158,31828,0,0,1088,28534,1012,19483,1089,48017,California
Marin,2021-02-18,2418,69980,1583,37317,835,32663,0,0,1059,28235,1358,20841,1059,49076,California
Marin,2021-02-19,2763,72743,2158,39475,605,33268,0,0,1221,27928,1529,22370,1222,50298,California
Marin,2021-02-20,2566,75309,2112,41587,454,33722,0,0,1217,27805,1341,23711,1218,51516,California
Marin,2021-02-21,1307,76616,1113,42700,194,33916,0,0,929,28360,374,24085,929,52445,California
Marin,2021-02-22,1832,78448,1412,44112,420,34336,0,0,1218,28966,612,24697,1218,53663,California
Marin,2021-02-23,2859,81307,1638,45750,1221,35557,0,0,1928,29975,920,25617,1929,55592,California
Marin,2021-02-24,3516,84823,1615,47365,1901,37458,0,0,2256,30979,1253,26870,2257,57849,California
Marin,2021-02-25,3937,88760,1814,49179,2123,39581,0,0,2779,32608,1151,28021,2780,60629,California
Marin,2021-02-26,3499,92259,1893,51072,1606,41187,0,0,2540,34202,947,28968,2541,63170,California
Marin,2021-02-27,2624,94883,1506,52578,1118,42305,0,0,1786,35155,835,29803,1788,64958,California
Marin,2021-02-28,1381,96264,920,53498,461,42766,0,0,1044,35865,334,30137,1044,66002,California
Marin,2021-03-01,2509,98773,1561,55059,948,43714,0,0,1686,36735,816,30953,1686,67688,California
Marin,2021-03-02,2523,101296,1683,56742,839,44553,1,1,1754,37724,766,31719,1755,69443,California
Marin,2021-03-03,4321,105617,2403,59145,1914,46467,4,5,2798,39009,1517,33236,2802,72245,California
Marin,2021-03-04,3353,108970,1651,60796,1701,48168,1,6,2340,40347,1006,34242,2344,74589,California
Marin,2021-03-05,3039,112009,1142,61938,1885,50053,12,18,1781,40886,1254,35496,1793,76382,California
Marin,2021-03-06,3219,115228,2306,64244,835,50888,78,96,2645,43039,569,36065,2722,79104,California
Marin,2021-03-07,1373,116601,1153,65397,196,51084,24,120,982,43658,387,36452,1006,80110,California
Marin,2021-03-08,1876,118477,1371,66768,388,51472,117,237,1406,44714,467,36919,1523,81633,California
Marin,2021-03-09,2101,120578,1220,67988,774,52246,107,344,1429,45580,670,37589,1536,83169,California
Marin,2021-03-10,4406,124984,2460,70448,1663,53909,283,627,3174,47812,1227,38816,3459,86628,California
Marin,2021-03-11,4567,129551,1876,72324,2556,56465,135,762,3272,49931,1288,40104,3407,90035,California
Marin,2021-03-12,3979,133530,1539,73863,2084,58549,356,1118,1565,49449,2403,42507,1921,91956,California
Marin,2021-03-13,4096,137626,2858,76721,1166,59715,72,1190,2420,50262,1674,44181,2487,94443,California
Marin,2021-03-14,2275,139901,1097,77818,1061,60776,117,1307,706,49517,1567,45748,822,95265,California
Marin,2021-03-15,3232,143133,1765,79583,1419,62195,48,1355,1217,48777,2004,47752,1264,96529,California
Marin,2021-03-16,4304,147437,2316,81899,1624,63819,364,1719,1504,47846,2797,50549,1866,98395,California
Marin,2021-03-17,4176,151613,2265,84164,1866,65685,45,1764,2049,47823,2116,52665,2093,100488,California
Marin,2021-03-18,4486,156099,2259,86423,2152,67837,75,1839,2247,47919,2223,54888,2319,102807,California
Marin,2021-03-19,4468,160567,2283,88706,1966,69803,219,2058,2427,48532,2031,56919,2644,105451,California
Marin,2021-03-20,3576,164143,1981,90687,1481,71284,114,2172,2024,49127,1544,58463,2139,107590,California
Marin,2021-03-21,1537,165680,1132,91819,380,71664,25,2197,799,49215,736,59199,824,108414,California
Marin,2021-03-22,2468,168148,2134,93953,169,71833,165,2362,989,48894,1475,60674,1154,109568,California
Marin,2021-03-23,4248,172396,2200,96153,1918,73751,130,2492,1876,48534,2366,63040,2006,111574,California
Marin,2021-03-24,4422,176818,2900,99053,1418,75169,104,2596,1801,47827,2610,65650,1903,113477,California
Marin,2021-03-25,4645,181463,2837,101890,1740,76909,68,2664,2269,47799,2363,68013,2335,115812,California
Marin,2021-03-26,4290,185753,2329,104219,1747,78656,214,2878,2420,48580,1853,69866,2634,118446,California
Marin,2021-03-27,3708,189461,2661,106880,1028,79684,19,2897,1151,47211,2547,72413,1178,119624,California
Marin,2021-03-28,2381,191842,1720,108600,655,80339,6,2903,1105,47053,1269,73682,1111,120735,California
Marin,2021-03-29,2687,194529,2092,110692,570,80909,25,2928,1185,46764,1500,75182,1211,121946,California
Marin,2021-03-30,4655,199184,3645,114337,977,81886,33,2961,3053,48252,1599,76781,3087,125033,California
Marin,2021-03-31,5803,204987,4107,118444,1647,83533,49,3010,2577,47666,3214,79995,2628,127661,California
Marin,2021-04-01,4418,209405,2279,120723,1888,85421,251,3261,2126,47763,2283,82278,2380,130041,California
Marin,2021-04-02,3713,213118,1847,122570,1502,86923,364,3625,1990,48401,1716,83994,2354,132395,California
Marin,2021-04-03,3872,216990,2541,125111,960,87883,371,3996,1485,47892,2375,86369,1866,134261,California
Marin,2021-04-04,1645,218635,1235,126346,207,88090,203,4199,1200,48852,443,86812,1403,135664,California
Marin,2021-04-05,2196,220831,1526,127872,299,88389,371,4570,1267,49564,924,87736,1636,137300,California
Marin,2021-04-06,3949,224780,2109,129981,1290,89679,550,5120,2193,50553,1751,89487,2740,140040,California
Marin,2021-04-07,3921,228701,1986,131967,1296,90975,639,5759,1434,50146,2480,91967,2073,142113,California
Marin,2021-04-08,4998,233699,1957,133924,2434,93409,607,6366,2283,50320,2706,94673,2880,144993,California
Marin,2021-04-09,3955,237654,1544,135468,1686,95095,725,7091,1304,49700,2646,97319,2026,147019,California
Marin,2021-04-10,3187,240841,1461,136929,1294,96389,432,7523,1435,49825,1740,99059,1865,148884,California
Marin,2021-04-11,1058,241899,803,137732,93,96482,162,7685,474,49878,582,99641,635,149519,California
Marin,2021-04-12,1736,243635,1236,138968,340,96822,160,7845,925,50157,807,100448,1086,150605,California
Marin,2021-04-13,3711,247346,2272,141240,1432,98254,7,7852,1347,49157,2354,102802,1354,151959,California
Marin,2021-04-14,4160,251506,2481,143721,1676,99930,3,7855,1712,48431,2439,105241,1713,153672,California
Marin,2021-04-15,5556,257062,3935,147656,1621,101551,0,7855,3180,49248,2364,107605,3181,156853,California
Marin,2021-04-16,4241,261303,2236,149892,2002,103553,3,7858,2062,49147,2167,109772,2066,158919,California
Marin,2021-04-17,3523,264826,2153,152045,1370,104923,0,7858,1762,49153,1756,111528,1762,160681,California
Marin,2021-04-18,3178,268004,3075,155120,103,105026,0,7858,2541,51060,634,112162,2541,163222,California
Marin,2021-04-19,2016,270020,1847,156967,169,105195,0,7858,1159,51367,854,113016,1161,164383,California
Marin,2021-04-20,3694,273714,2554,159521,1140,106335,0,7858,1474,50628,2214,115230,1475,165858,California
Marin,2021-04-21,4002,277716,2943,162464,1056,107391,3,7861,1377,49396,2610,117840,1378,167236,California
Marin,2021-04-22,4212,281928,3211,165675,1001,108392,0,7861,1485,48165,2719,120559,1488,168724,California
Marin,2021-04-23,3227,285155,1828,167503,1399,109791,0,7861,1235,47415,1986,122545,1236,169960,California
Marin,2021-04-24,2522,287677,1692,169195,829,110620,1,7862,926,46755,1587,124132,927,170887,California
Marin,2021-04-25,1387,289064,1269,170464,118,110738,0,7862,311,45996,1070,125202,311,171198,California
Marin,2021-04-26,1550,290614,1348,171812,199,110937,3,7865,349,45151,1198,126400,353,171551,California
Marin,2021-04-27,2971,293585,2169,173981,764,111701,38,7903,971,44165,1991,128391,1005,172556,California
Marin,2021-04-28,2300,295885,1588,175569,664,112365,48,7951,728,43371,1569,129960,775,173331,California
Marin,2021-04-29,2871,298756,1967,177536,842,113207,62,8013,787,42143,2077,132037,849,174180,California
Marin,2021-04-30,1949,300705,1274,178810,587,113794,88,8101,698,41684,1245,133282,786,174966,California
Marin,2021-05-01,1809,302514,1003,179813,783,114577,23,8124,523,40951,1279,134561,546,175512,California
Marin,2021-05-02,724,303238,587,180400,108,114685,29,8153,200,40659,520,135081,228,175740,California
Marin,2021-05-03,1215,304453,990,181390,170,114855,55,8208,263,40027,949,136030,317,176057,California
Marin,2021-05-04,2916,307369,1959,183349,867,115722,90,8298,468,38144,2441,138471,558,176615,California
Marin,2021-05-05,2716,310085,1994,185343,600,116322,122,8420,441,36438,2269,140740,563,177178,California
Marin,2021-05-06,3254,313339,2530,187873,636,116958,88,8508,427,34133,2819,143559,514,177692,California
Marin,2021-05-07,2027,315366,1541,189414,400,117358,86,8594,378,32954,1641,145200,462,178154,California
Marin,2021-05-08,2464,317830,1858,191272,484,117842,122,8716,338,31296,2118,147318,460,178614,California
Marin,2021-05-09,987,318817,901,192173,65,117907,21,8737,118,30571,865,148183,140,178754,California
Marin,2021-05-10,1404,320221,1149,193322,186,118093,69,8806,200,29639,1200,149383,268,179022,California
Marin,2021-05-11,2282,322503,1835,195157,393,118486,54,8860,292,27996,1988,151371,345,179367,California
Marin,2021-05-12,1388,323891,1028,196185,290,118776,70,8930,272,27225,1111,152482,340,179707,California
Marin,2021-05-13,2454,326345,2133,198318,263,119039,58,8988,1313,27460,1135,153617,1370,181077,California
Marin,2021-05-14,1875,328220,1138,199456,652,119691,85,9073,849,27376,1018,154635,934,182011,California
Marin,2021-05-15,2251,330471,1812,201268,363,120054,76,9149,1490,28183,759,155394,1566,183577,California
Marin,2021-05-16,1360,331831,1343,202611,17,120071,0,9149,1122,29069,236,155630,1122,184699,California
Marin,2021-05-17,1482,333313,1432,204043,35,120106,15,9164,1233,30075,242,155872,1248,185947,California
Mariposa,2020-12-17,37,37,37,37,0,0,0,0,39,39,0,0,39,39,California
Mariposa,2020-12-18,55,92,55,92,0,0,0,0,56,95,0,0,56,95,California
Mariposa,2020-12-20,2,94,2,94,0,0,0,0,2,97,0,0,2,97,California
Mariposa,2020-12-21,48,142,48,142,0,0,0,0,53,150,0,0,53,150,California
Mariposa,2020-12-22,5,147,5,147,0,0,0,0,5,155,0,0,5,155,California
Mariposa,2020-12-23,16,163,16,163,0,0,0,0,16,171,0,0,16,171,California
Mariposa,2020-12-24,1,164,0,163,1,1,0,0,0,171,0,0,0,171,California
Mariposa,2020-12-26,1,165,1,164,0,1,0,0,1,172,0,0,1,172,California
Mariposa,2020-12-27,1,166,0,164,1,2,0,0,1,173,0,0,1,173,California
Mariposa,2020-12-28,6,172,3,167,3,5,0,0,6,179,0,0,6,179,California
Mariposa,2020-12-29,33,205,3,170,30,35,0,0,33,212,0,0,33,212,California
Mariposa,2020-12-30,25,230,4,174,21,56,0,0,25,237,0,0,25,237,California
Mariposa,2020-12-31,16,246,0,174,16,72,0,0,16,253,0,0,16,253,California
Mariposa,2021-01-02,1,247,1,175,0,72,0,0,1,254,0,0,1,254,California
Mariposa,2021-01-04,8,255,1,176,7,79,0,0,8,262,0,0,8,262,California
Mariposa,2021-01-05,24,279,14,190,10,89,0,0,14,266,10,10,14,276,California
Mariposa,2021-01-06,6,285,3,193,3,92,0,0,3,266,3,13,3,279,California
Mariposa,2021-01-07,51,336,46,239,5,97,0,0,5,225,46,59,5,284,California
Mariposa,2021-01-08,108,444,79,318,29,126,0,0,33,183,75,134,33,317,California
Mariposa,2021-01-09,1,445,0,318,1,127,0,0,1,184,0,134,1,318,California
Mariposa,2021-01-11,31,476,10,328,21,148,0,0,23,199,8,142,23,341,California
Mariposa,2021-01-12,20,496,5,333,15,163,0,0,16,211,4,146,16,357,California
Mariposa,2021-01-13,21,517,4,337,17,180,0,0,18,226,3,149,18,375,California
Mariposa,2021-01-14,73,590,7,344,66,246,0,0,67,287,6,155,67,442,California
Mariposa,2021-01-15,67,657,26,370,41,287,0,0,57,334,10,165,57,499,California
Mariposa,2021-01-16,14,671,2,372,12,299,0,0,13,346,1,166,13,512,California
Mariposa,2021-01-17,2,673,0,372,2,301,0,0,2,348,0,166,2,514,California
Mariposa,2021-01-18,3,676,3,375,0,301,0,0,1,347,2,168,1,515,California
Mariposa,2021-01-19,8,684,4,379,4,305,0,0,5,350,2,170,5,520,California
Mariposa,2021-01-20,23,707,1,380,22,327,0,0,22,371,1,171,22,542,California
Mariposa,2021-01-21,65,772,7,387,58,385,0,0,61,428,4,175,61,603,California
Mariposa,2021-01-22,56,828,2,389,54,439,0,0,56,484,0,175,56,659,California
Mariposa,2021-01-23,116,944,2,391,114,553,0,0,115,598,1,176,115,774,California
Mariposa,2021-01-24,2,946,2,393,0,553,0,0,2,600,0,176,2,776,California
Mariposa,2021-01-25,4,950,1,394,3,556,0,0,0,596,4,180,0,776,California
Mariposa,2021-01-26,36,986,4,398,32,588,0,0,4,572,32,212,8,784,California
Mariposa,2021-01-27,23,1009,1,399,22,610,0,0,13,575,10,222,13,797,California
Mariposa,2021-01-28,126,1135,3,402,123,733,0,0,113,676,12,234,113,910,California
Mariposa,2021-01-29,84,1219,22,424,62,795,0,0,83,758,1,235,83,993,California
Mariposa,2021-01-30,9,1228,1,425,8,803,0,0,8,765,1,236,8,1001,California
Mariposa,2021-01-31,1,1229,0,425,1,804,0,0,1,766,0,236,1,1002,California
Mariposa,2021-02-01,87,1316,30,455,57,861,0,0,66,811,21,257,66,1068,California
Mariposa,2021-02-02,15,1331,3,458,12,873,0,0,9,814,6,263,9,1077,California
Mariposa,2021-02-03,20,1351,1,459,19,892,0,0,14,822,6,269,14,1091,California
Mariposa,2021-02-04,98,1449,8,467,90,982,0,0,93,912,4,273,94,1185,California
Mariposa,2021-02-05,191,1640,5,472,186,1168,0,0,165,1051,26,299,165,1350,California
Mariposa,2021-02-06,11,1651,4,476,7,1175,0,0,10,1060,1,300,10,1360,California
Mariposa,2021-02-07,1,1652,0,476,1,1176,0,0,1,1061,0,300,1,1361,California
Mariposa,2021-02-08,40,1692,2,478,38,1214,0,0,21,1063,19,319,21,1382,California
Mariposa,2021-02-09,43,1735,25,503,18,1232,0,0,37,1094,6,325,37,1419,California
Mariposa,2021-02-10,28,1763,5,508,23,1255,0,0,17,1107,10,335,23,1442,California
Mariposa,2021-02-11,375,2138,5,513,370,1625,0,0,361,1457,14,349,364,1806,California
Mariposa,2021-02-12,185,2323,8,521,177,1802,0,0,141,1554,44,393,141,1947,California
Mariposa,2021-02-13,11,2334,3,524,8,1810,0,0,9,1561,2,395,9,1956,California
Mariposa,2021-02-14,8,2342,4,528,4,1814,0,0,5,1563,3,398,5,1961,California
Mariposa,2021-02-15,9,2351,3,531,6,1820,0,0,7,1568,2,400,7,1968,California
Mariposa,2021-02-16,57,2408,34,565,23,1843,0,0,34,1579,23,423,34,2002,California
Mariposa,2021-02-17,36,2444,8,573,28,1871,0,0,27,1599,8,431,28,2030,California
Mariposa,2021-02-18,57,2501,7,580,50,1921,0,0,20,1582,37,468,20,2050,California
Mariposa,2021-02-19,82,2583,3,583,79,2000,0,0,76,1652,6,474,76,2126,California
Mariposa,2021-02-20,252,2835,4,587,248,2248,0,0,222,1845,29,503,222,2348,California
Mariposa,2021-02-21,236,3071,3,590,233,2481,0,0,235,2079,1,504,235,2583,California
Mariposa,2021-02-22,23,3094,7,597,16,2497,0,0,21,2098,2,506,21,2604,California
Mariposa,2021-02-23,42,3136,36,633,6,2503,0,0,25,2106,17,523,25,2629,California
Mariposa,2021-02-24,20,3156,3,636,17,2520,0,0,8,2103,11,534,8,2637,California
Mariposa,2021-02-25,17,3173,8,644,9,2529,0,0,11,2108,6,540,11,2648,California
Mariposa,2021-02-26,421,3594,7,651,414,2943,0,0,360,2408,61,601,361,3009,California
Mariposa,2021-02-27,171,3765,5,656,166,3109,0,0,160,2557,11,612,160,3169,California
Mariposa,2021-02-28,2,3767,1,657,1,3110,0,0,0,2555,2,614,0,3169,California
Mariposa,2021-03-01,82,3849,26,683,56,3166,0,0,17,2508,64,678,17,3186,California
Mariposa,2021-03-02,21,3870,14,697,7,3173,0,0,11,2510,9,687,11,3197,California
Mariposa,2021-03-03,70,3940,5,702,65,3238,0,0,65,2571,5,692,66,3263,California
Mariposa,2021-03-04,38,3978,9,711,29,3267,0,0,20,2574,18,710,21,3284,California
Mariposa,2021-03-05,55,4033,9,720,46,3313,0,0,38,2600,17,727,43,3327,California
Mariposa,2021-03-06,15,4048,6,726,9,3322,0,0,7,2599,8,735,7,3334,California
Mariposa,2021-03-07,1,4049,1,727,0,3322,0,0,0,2598,1,736,0,3334,California
Mariposa,2021-03-08,38,4087,4,731,23,3345,11,11,9,2589,29,765,20,3354,California
Mariposa,2021-03-09,45,4132,18,749,17,3362,10,21,14,2582,31,796,24,3378,California
Mariposa,2021-03-10,30,4162,9,758,11,3373,10,31,9,2580,21,817,19,3397,California
Mariposa,2021-03-11,468,4630,6,764,443,3816,19,50,226,2587,241,1058,248,3645,California
Mariposa,2021-03-12,254,4884,8,772,219,4035,27,77,114,2587,140,1198,140,3785,California
Mariposa,2021-03-13,32,4916,6,778,11,4046,15,92,11,2591,21,1219,25,3810,California
Mariposa,2021-03-14,17,4933,2,780,4,4050,11,103,3,2591,14,1233,14,3824,California
Mariposa,2021-03-15,76,5009,7,787,31,4081,38,141,31,2615,45,1278,69,3893,California
Mariposa,2021-03-16,82,5091,32,819,15,4096,35,176,24,2616,58,1336,59,3952,California
Mariposa,2021-03-17,71,5162,10,829,53,4149,8,184,51,2656,19,1355,59,4011,California
Mariposa,2021-03-18,66,5228,15,844,41,4190,10,194,41,2682,25,1380,51,4062,California
Mariposa,2021-03-19,338,5566,11,855,322,4512,5,199,303,2955,35,1415,308,4370,California
Mariposa,2021-03-20,425,5991,5,860,418,4930,2,201,46,2625,379,1794,49,4419,California
Mariposa,2021-03-21,14,6005,8,868,5,4935,1,202,9,2631,4,1798,10,4429,California
Mariposa,2021-03-22,36,6041,7,875,21,4956,8,210,24,2652,12,1810,33,4462,California
Mariposa,2021-03-23,53,6094,33,908,10,4966,10,220,32,2673,21,1831,42,4504,California
Mariposa,2021-03-24,55,6149,5,913,48,5014,2,222,50,2720,5,1836,52,4556,California
Mariposa,2021-03-25,76,6225,15,928,53,5067,8,230,54,2762,20,1856,62,4618,California
Mariposa,2021-03-26,488,6713,9,937,478,5545,1,231,252,2779,236,2092,253,4871,California
Mariposa,2021-03-27,226,6939,8,945,218,5763,0,231,90,2736,136,2228,93,4964,California
Mariposa,2021-03-28,5,6944,0,945,2,5765,3,234,1,2736,4,2232,4,4968,California
Mariposa,2021-03-29,19,6963,6,951,13,5778,0,234,12,2741,7,2239,12,4980,California
Mariposa,2021-03-30,36,6999,13,964,7,5785,16,250,13,2747,23,2262,29,5009,California
Mariposa,2021-03-31,89,7088,16,980,66,5851,7,257,69,2803,20,2282,76,5085,California
Mariposa,2021-04-01,53,7141,9,989,36,5887,8,265,33,2824,20,2302,41,5126,California
Mariposa,2021-04-02,347,7488,11,1000,334,6221,2,267,307,3094,39,2341,309,5435,California
Mariposa,2021-04-03,10,7498,7,1007,3,6224,0,267,5,3094,5,2346,5,5440,California
Mariposa,2021-04-04,2,7500,1,1008,0,6224,1,268,0,3093,2,2348,1,5441,California
Mariposa,2021-04-05,32,7532,23,1031,6,6230,3,271,16,3096,16,2364,19,5460,California
Mariposa,2021-04-06,43,7575,20,1051,7,6237,16,287,13,3096,29,2393,29,5489,California
Mariposa,2021-04-07,97,7672,6,1057,72,6309,19,306,28,3074,69,2462,47,5536,California
Mariposa,2021-04-08,276,7948,13,1070,244,6553,19,325,141,3102,133,2595,161,5697,California
Mariposa,2021-04-09,37,7985,9,1079,13,6566,15,340,10,3100,27,2622,25,5722,California
Mariposa,2021-04-10,201,8186,3,1082,188,6754,10,350,186,3282,13,2635,195,5917,California
Mariposa,2021-04-11,124,8310,4,1086,118,6872,2,352,57,3275,67,2702,60,5977,California
Mariposa,2021-04-12,42,8352,13,1099,27,6899,2,354,13,3261,29,2731,15,5992,California
Mariposa,2021-04-13,53,8405,45,1144,8,6907,0,354,34,3276,19,2750,34,6026,California
Mariposa,2021-04-14,112,8517,7,1151,105,7012,0,354,58,3281,53,2803,58,6084,California
Mariposa,2021-04-15,56,8573,16,1167,40,7052,0,354,41,3310,12,2815,41,6125,California
Mariposa,2021-04-16,381,8954,11,1178,370,7422,0,354,106,3141,275,3090,106,6231,California
Mariposa,2021-04-17,10,8964,5,1183,5,7427,0,354,7,3145,3,3093,7,6238,California
Mariposa,2021-04-18,7,8971,0,1183,7,7434,0,354,3,3144,4,3097,3,6241,California
Mariposa,2021-04-19,56,9027,25,1208,31,7465,0,354,29,3148,25,3122,29,6270,California
Mariposa,2021-04-20,63,9090,50,1258,13,7478,0,354,40,3167,21,3143,40,6310,California
Mariposa,2021-04-21,89,9179,13,1271,76,7554,0,354,41,3161,47,3190,41,6351,California
Mariposa,2021-04-22,47,9226,8,1279,39,7593,0,354,37,3189,9,3199,37,6388,California
Mariposa,2021-04-23,314,9540,69,1348,245,7838,0,354,145,3166,169,3368,146,6534,California
Mariposa,2021-04-24,105,9645,10,1358,95,7933,0,354,42,3146,62,3430,42,6576,California
Mariposa,2021-04-26,15,9660,10,1368,5,7938,0,354,5,3141,10,3440,5,6581,California
Mariposa,2021-04-27,31,9691,16,1384,14,7952,1,355,15,3145,12,3452,16,6597,California
Mariposa,2021-04-28,73,9764,13,1397,53,8005,7,362,28,3135,45,3497,35,6632,California
Mariposa,2021-04-29,84,9848,12,1409,71,8076,1,363,79,3210,5,3502,80,6712,California
Mariposa,2021-04-30,209,10057,5,1414,199,8275,5,368,63,3132,146,3648,68,6780,California
Mariposa,2021-05-01,1,10058,1,1415,0,8275,0,368,0,3131,1,3649,0,6780,California
Mariposa,2021-05-02,3,10061,2,1417,0,8275,1,369,0,3129,3,3652,1,6781,California
Mariposa,2021-05-03,16,10077,12,1429,3,8278,1,370,7,3129,8,3660,8,6789,California
Mariposa,2021-05-04,50,10127,31,1460,15,8293,4,374,36,3155,14,3674,40,6829,California
Mariposa,2021-05-05,54,10181,8,1468,44,8337,2,376,17,3137,37,3711,19,6848,California
Mariposa,2021-05-06,54,10235,34,1502,14,8351,6,382,37,3163,17,3728,43,6891,California
Mariposa,2021-05-07,26,10261,7,1509,16,8367,3,385,13,3166,13,3741,16,6907,California
Mariposa,2021-05-08,281,10542,4,1513,277,8644,0,385,34,2955,247,3988,36,6943,California
Mariposa,2021-05-09,2,10544,1,1514,1,8645,0,385,0,2953,2,3990,0,6943,California
Mariposa,2021-05-10,18,10562,8,1522,8,8653,2,387,3,2943,15,4005,5,6948,California
Mariposa,2021-05-11,29,10591,19,1541,10,8663,0,387,20,2955,8,4013,20,6968,California
Mariposa,2021-05-12,64,10655,4,1545,57,8720,3,390,5,2904,59,4072,8,6976,California
Mariposa,2021-05-13,45,10700,8,1553,35,8755,2,392,13,2887,32,4104,15,6991,California
Mariposa,2021-05-14,250,10950,121,1674,122,8877,7,399,118,2880,132,4236,125,7116,California
Mariposa,2021-05-15,18,10968,7,1681,10,8887,1,400,9,2881,9,4245,10,7126,California
Mariposa,2021-05-16,1,10969,1,1682,0,8887,0,400,1,2882,0,4245,1,7127,California
Mariposa,2021-05-17,3,10972,2,1684,1,8888,0,400,1,2881,2,4247,1,7128,California
Mendocino,2020-12-17,70,70,70,70,0,0,0,0,70,70,0,0,70,70,California
Mendocino,2020-12-18,85,155,84,154,1,1,0,0,84,154,0,0,84,154,California
Mendocino,2020-12-19,4,159,4,158,0,1,0,0,4,158,0,0,4,158,California
Mendocino,2020-12-20,7,166,7,165,0,1,0,0,7,165,0,0,7,165,California
Mendocino,2020-12-21,241,407,241,406,0,1,0,0,77,242,0,0,77,242,California
Mendocino,2020-12-22,251,658,190,596,61,62,0,0,251,493,0,0,251,493,California
Mendocino,2020-12-23,270,928,47,643,223,285,0,0,269,762,0,0,269,762,California
Mendocino,2020-12-24,49,977,8,651,41,326,0,0,49,811,0,0,49,811,California
Mendocino,2020-12-25,1,978,0,651,1,327,0,0,1,812,0,0,1,812,California
Mendocino,2020-12-26,2,980,2,653,0,327,0,0,2,814,0,0,2,814,California
Mendocino,2020-12-27,1,981,0,653,1,328,0,0,1,815,0,0,1,815,California
Mendocino,2020-12-28,74,1055,9,662,65,393,0,0,74,889,0,0,74,889,California
Mendocino,2020-12-29,122,1177,61,723,61,454,0,0,122,1011,0,0,122,1011,California
Mendocino,2020-12-30,123,1300,68,791,55,509,0,0,123,1134,0,0,123,1134,California
Mendocino,2020-12-31,132,1432,97,888,35,544,0,0,132,1266,0,0,132,1266,California
Mendocino,2021-01-01,8,1440,6,894,2,546,0,0,8,1274,0,0,8,1274,California
Mendocino,2021-01-04,839,2279,19,913,820,1366,0,0,839,2113,0,0,839,2113,California
Mendocino,2021-01-05,72,2351,36,949,36,1402,0,0,59,2159,13,13,59,2172,California
Mendocino,2021-01-06,155,2506,133,1082,22,1424,0,0,145,2294,10,23,145,2317,California
Mendocino,2021-01-07,358,2864,238,1320,120,1544,0,0,295,2526,63,86,295,2612,California
Mendocino,2021-01-08,95,2959,82,1402,13,1557,0,0,41,2514,54,140,42,2654,California
Mendocino,2021-01-09,10,2969,6,1408,4,1561,0,0,8,2520,2,142,8,2662,California
Mendocino,2021-01-10,8,2977,8,1416,0,1561,0,0,1,2514,7,149,1,2663,California
Mendocino,2021-01-11,101,3078,92,1508,9,1570,0,0,43,2500,57,206,43,2706,California
Mendocino,2021-01-12,385,3463,375,1883,10,1580,0,0,269,2653,116,322,269,2975,California
Mendocino,2021-01-13,487,3950,145,2028,342,1922,0,0,445,3059,40,362,446,3421,California
Mendocino,2021-01-14,639,4589,20,2048,619,2541,0,0,630,3680,9,371,630,4051,California
Mendocino,2021-01-15,1860,6449,861,2909,999,3540,0,0,1855,5531,5,376,1856,5907,California
Mendocino,2021-01-16,791,7240,50,2959,741,4281,0,0,789,6318,2,378,789,6696,California
Mendocino,2021-01-17,553,7793,1,2960,552,4833,0,0,552,6869,1,379,552,7248,California
Mendocino,2021-01-18,487,8280,462,3422,25,4858,0,0,475,7332,12,391,475,7723,California
Mendocino,2021-01-19,334,8614,148,3570,186,5044,0,0,158,7314,176,567,158,7881,California
Mendocino,2021-01-20,554,9168,407,3977,147,5191,0,0,448,7659,104,671,449,8330,California
Mendocino,2021-01-21,538,9706,225,4202,313,5504,0,0,352,7826,185,856,352,8682,California
Mendocino,2021-01-22,149,9855,58,4260,91,5595,0,0,110,7897,39,895,110,8792,California
Mendocino,2021-01-23,156,10011,84,4344,72,5667,0,0,150,8041,6,901,150,8942,California
Mendocino,2021-01-24,5,10016,3,4347,2,5669,0,0,5,8046,0,901,5,8947,California
Mendocino,2021-01-25,191,10207,18,4365,173,5842,0,0,121,8097,70,971,121,9068,California
Mendocino,2021-01-26,155,10362,55,4420,100,5942,0,0,95,8132,60,1031,95,9163,California
Mendocino,2021-01-27,441,10803,371,4791,70,6012,0,0,175,8048,259,1290,175,9338,California
Mendocino,2021-01-28,590,11393,526,5317,64,6076,0,0,495,8449,94,1384,495,9833,California
Mendocino,2021-01-29,392,11785,351,5668,41,6117,0,0,363,8784,29,1413,364,10197,California
Mendocino,2021-01-30,49,11834,31,5699,18,6135,0,0,42,8819,7,1420,42,10239,California
Mendocino,2021-01-31,273,12107,2,5701,271,6406,0,0,3,8552,270,1690,3,10242,California
Mendocino,2021-02-01,381,12488,52,5753,329,6735,0,0,59,8289,322,2012,59,10301,California
Mendocino,2021-02-02,733,13221,513,6266,220,6955,0,0,374,8304,359,2371,374,10675,California
Mendocino,2021-02-03,392,13613,207,6473,185,7140,0,0,223,8360,167,2538,223,10898,California
Mendocino,2021-02-04,625,14238,530,7003,95,7235,0,0,501,8737,124,2662,501,11399,California
Mendocino,2021-02-05,1301,15539,1213,8216,88,7323,0,0,583,8604,716,3378,583,11982,California
Mendocino,2021-02-06,559,16098,158,8374,401,7724,0,0,544,9133,15,3393,544,12526,California
Mendocino,2021-02-07,32,16130,28,8402,4,7728,0,0,32,9165,0,3393,32,12558,California
Mendocino,2021-02-08,747,16877,715,9117,32,7760,0,0,285,8988,462,3855,285,12843,California
Mendocino,2021-02-09,141,17018,58,9175,83,7843,0,0,89,9025,52,3907,89,12932,California
Mendocino,2021-02-10,1489,18507,924,10099,565,8408,0,0,744,9031,738,4645,744,13676,California
Mendocino,2021-02-11,1191,19698,208,10307,983,9391,0,0,298,8436,893,5538,298,13974,California
Mendocino,2021-02-12,1445,21143,163,10470,1282,10673,0,0,654,8306,790,6328,660,14634,California
Mendocino,2021-02-13,496,21639,12,10482,484,11157,0,0,103,8022,392,6720,108,14742,California
Mendocino,2021-02-14,693,22332,3,10485,690,11847,0,0,134,7597,559,7279,134,14876,California
Mendocino,2021-02-15,330,22662,42,10527,288,12135,0,0,175,7617,155,7434,175,15051,California
Mendocino,2021-02-16,201,22863,51,10578,150,12285,0,0,130,7676,71,7505,130,15181,California
Mendocino,2021-02-17,1351,24214,1189,11767,162,12447,0,0,876,8079,473,7978,876,16057,California
Mendocino,2021-02-18,1791,26005,645,12412,1146,13593,0,0,1225,8739,565,8543,1225,17282,California
Mendocino,2021-02-19,753,26758,146,12558,607,14200,0,0,614,9214,139,8682,614,17896,California
Mendocino,2021-02-20,577,27335,551,13109,26,14226,0,0,546,9731,29,8711,546,18442,California
Mendocino,2021-02-21,325,27660,6,13115,319,14545,0,0,313,10033,11,8722,313,18755,California
Mendocino,2021-02-22,162,27822,30,13145,132,14677,0,0,69,10011,91,8813,69,18824,California
Mendocino,2021-02-23,854,28676,841,13986,13,14690,0,0,646,10451,206,9019,646,19470,California
Mendocino,2021-02-24,1847,30523,1767,15753,80,14770,0,0,1437,11485,405,9424,1439,20909,California
Mendocino,2021-02-25,1708,32231,533,16286,1175,15945,0,0,1287,12352,420,9844,1287,22196,California
Mendocino,2021-02-26,1414,33645,748,17034,666,16611,0,0,1048,13036,364,10208,1048,23244,California
Mendocino,2021-02-27,200,33845,152,17186,48,16659,0,0,77,12991,122,10330,77,23321,California
Mendocino,2021-02-28,36,33881,14,17200,22,16681,0,0,24,13003,12,10342,24,23345,California
Mendocino,2021-03-01,587,34468,543,17743,44,16725,0,0,548,13514,37,10379,548,23893,California
Mendocino,2021-03-02,74,34542,27,17770,47,16772,0,0,41,13523,32,10411,41,23934,California
Mendocino,2021-03-03,1718,36260,1331,19101,387,17159,0,0,1084,13975,632,11043,1084,25018,California
Mendocino,2021-03-04,1770,38030,147,19248,1623,18782,0,0,1552,15313,215,11258,1553,26571,California
Mendocino,2021-03-05,211,38241,151,19399,51,18833,9,9,120,15354,88,11346,129,26700,California
Mendocino,2021-03-06,244,38485,21,19420,198,19031,25,34,203,15542,40,11386,228,26928,California
Mendocino,2021-03-07,505,38990,8,19428,477,19508,20,54,118,15293,386,11772,137,27065,California
Mendocino,2021-03-08,125,39115,30,19458,58,19566,37,91,64,15335,59,11831,101,27166,California
Mendocino,2021-03-09,576,39691,236,19694,299,19865,41,132,478,15756,98,11929,519,27685,California
Mendocino,2021-03-10,1111,40802,981,20675,65,19930,65,197,267,15250,841,12770,335,28020,California
Mendocino,2021-03-11,826,41628,612,21287,160,20090,54,251,394,15269,429,13199,448,28468,California
Mendocino,2021-03-12,2023,43651,1032,22319,896,20986,95,346,1213,15774,803,14002,1308,29776,California
Mendocino,2021-03-13,656,44307,526,22845,73,21059,57,403,95,15369,557,14559,152,29928,California
Mendocino,2021-03-14,104,44411,2,22847,95,21154,7,410,11,15298,89,14648,18,29946,California
Mendocino,2021-03-15,597,45008,50,22897,489,21643,58,468,208,15175,388,15036,265,30211,California
Mendocino,2021-03-16,571,45579,374,23271,151,21794,46,514,117,14886,452,15488,163,30374,California
Mendocino,2021-03-17,1562,47141,1359,24630,55,21849,148,662,210,13902,1349,16837,365,30739,California
Mendocino,2021-03-18,1310,48451,247,24877,1025,22874,38,700,283,13205,1019,17856,322,31061,California
Mendocino,2021-03-19,1757,50208,857,25734,839,23713,61,761,330,12175,1423,19279,393,31454,California
Mendocino,2021-03-20,68,50276,10,25744,37,23750,21,782,11,12150,57,19336,32,31486,California
Mendocino,2021-03-21,8,50284,1,25745,2,23752,5,787,3,12153,5,19341,8,31494,California
Mendocino,2021-03-22,624,50908,580,26325,15,23767,29,816,141,11843,479,19820,169,31663,California
Mendocino,2021-03-23,165,51073,33,26358,102,23869,30,846,115,11938,50,19870,145,31808,California
Mendocino,2021-03-24,913,51986,840,27198,26,23895,47,893,114,11302,797,20667,161,31969,California
Mendocino,2021-03-25,1991,53977,50,27248,1921,25816,20,913,170,9675,1815,22482,188,32157,California
Mendocino,2021-03-26,509,54486,359,27607,125,25941,25,938,324,9839,185,22667,349,32506,California
Mendocino,2021-03-27,143,54629,13,27620,118,26059,12,950,81,9870,61,22728,92,32598,California
Mendocino,2021-03-28,25,54654,5,27625,16,26075,4,954,3,9856,21,22749,7,32605,California
Mendocino,2021-03-29,187,54841,99,27724,46,26121,42,996,96,9903,91,22840,138,32743,California
Mendocino,2021-03-30,686,55527,601,28325,48,26169,37,1033,411,10077,274,23114,448,33191,California
Mendocino,2021-03-31,872,56399,274,28599,538,26707,60,1093,404,10076,466,23580,465,33656,California
Mendocino,2021-04-01,1711,58110,400,28999,1232,27939,79,1172,384,9221,1319,24899,464,34120,California
Mendocino,2021-04-02,1288,59398,1058,30057,157,28096,73,1245,225,8461,1059,25958,299,34419,California
Mendocino,2021-04-03,706,60104,9,30066,676,28772,21,1266,84,7949,618,26576,106,34525,California
Mendocino,2021-04-04,69,60173,34,30100,29,28801,6,1272,54,7994,15,26591,60,34585,California
Mendocino,2021-04-05,212,60385,142,30242,46,28847,24,1296,132,8067,80,26671,153,34738,California
Mendocino,2021-04-06,396,60781,121,30363,180,29027,95,1391,107,7980,289,26960,202,34940,California
Mendocino,2021-04-07,484,61265,176,30539,63,29090,245,1636,119,7980,363,27323,363,35303,California
Mendocino,2021-04-08,1489,62754,911,31450,463,29553,115,1751,999,8610,484,27807,1114,36417,California
Mendocino,2021-04-09,756,63510,425,31875,170,29723,161,1912,395,8806,360,28167,556,36973,California
Mendocino,2021-04-10,404,63914,91,31966,267,29990,46,1958,99,8646,305,28472,145,37118,California
Mendocino,2021-04-11,122,64036,47,32013,19,30009,56,2014,59,8698,63,28535,115,37233,California
Mendocino,2021-04-12,621,64657,513,32526,48,30057,60,2074,415,8967,206,28741,475,37708,California
Mendocino,2021-04-13,289,64946,226,32752,63,30120,0,2074,222,9122,67,28808,222,37930,California
Mendocino,2021-04-14,514,65460,424,33176,90,30210,0,2074,412,9432,102,28910,412,38342,California
Mendocino,2021-04-15,656,66116,326,33502,330,30540,0,2074,395,9570,257,29167,395,38737,California
Mendocino,2021-04-16,124,66240,51,33553,72,30612,1,2075,77,9601,46,29213,77,38814,California
Mendocino,2021-04-17,198,66438,12,33565,186,30798,0,2075,70,9545,126,29339,70,38884,California
Mendocino,2021-04-18,12,66450,6,33571,6,30804,0,2075,8,9549,4,29343,8,38892,California
Mendocino,2021-04-19,538,66988,513,34084,24,30828,1,2076,432,9877,105,29448,433,39325,California
Mendocino,2021-04-20,418,67406,291,34375,127,30955,0,2076,262,9983,156,29604,262,39587,California
Mendocino,2021-04-21,192,67598,133,34508,58,31013,1,2077,114,10020,77,29681,114,39701,California
Mendocino,2021-04-22,489,68087,314,34822,174,31187,1,2078,321,10175,166,29847,321,40022,California
Mendocino,2021-04-23,850,68937,708,35530,142,31329,0,2078,693,10713,155,30002,693,40715,California
Mendocino,2021-04-24,108,69045,14,35544,94,31423,0,2078,101,10807,7,30009,101,40816,California
Mendocino,2021-04-25,56,69101,32,35576,20,31443,4,2082,18,10791,38,30047,22,40838,California
Mendocino,2021-04-26,293,69394,227,35803,61,31504,5,2087,192,10888,100,30147,197,41035,California
Mendocino,2021-04-27,201,69595,89,35892,85,31589,27,2114,92,10898,108,30255,118,41153,California
Mendocino,2021-04-28,219,69814,147,36039,53,31642,19,2133,126,10950,93,30348,145,41298,California
Mendocino,2021-04-29,1137,70951,840,36879,282,31924,15,2148,105,10040,1030,31378,120,41418,California
Mendocino,2021-04-30,608,71559,386,37265,212,32136,10,2158,229,9900,379,31757,239,41657,California
Mendocino,2021-05-01,470,72029,434,37699,30,32166,6,2164,366,10169,103,31860,372,42029,California
Mendocino,2021-05-02,56,72085,47,37746,6,32172,3,2167,9,10135,46,31906,12,42041,California
Mendocino,2021-05-03,135,72220,75,37821,38,32210,22,2189,39,10101,95,32001,61,42102,California
Mendocino,2021-05-04,377,72597,252,38073,92,32302,33,2222,140,10037,237,32238,173,42275,California
Mendocino,2021-05-05,869,73466,785,38858,69,32371,15,2237,219,9622,649,32887,234,42509,California
Mendocino,2021-05-06,628,74094,380,39238,226,32597,22,2259,152,9322,474,33361,174,42683,California
Mendocino,2021-05-07,179,74273,36,39274,119,32716,24,2283,117,9402,61,33422,141,42824,California
Mendocino,2021-05-08,124,74397,4,39278,119,32835,1,2284,109,9497,15,33437,110,42934,California
Mendocino,2021-05-09,20,74417,5,39283,14,32849,1,2285,3,9484,17,33454,4,42938,California
Mendocino,2021-05-10,232,74649,149,39432,78,32927,5,2290,142,9541,90,33544,147,43085,California
Mendocino,2021-05-11,274,74923,142,39574,115,33042,17,2307,128,9539,146,33690,144,43229,California
Mendocino,2021-05-12,125,75048,79,39653,38,33080,8,2315,36,9496,87,33777,44,43273,California
Mendocino,2021-05-13,1193,76241,1097,40750,81,33161,15,2330,298,8914,895,34672,313,43586,California
Mendocino,2021-05-14,691,76932,485,41235,147,33308,59,2389,232,8751,455,35127,292,43878,California
Mendocino,2021-05-15,87,77019,30,41265,54,33362,3,2392,42,8751,45,35172,45,43923,California
Mendocino,2021-05-16,74,77093,73,41338,1,33363,0,2392,73,8823,1,35173,73,43996,California
Mendocino,2021-05-17,54,77147,19,41357,33,33396,2,2394,23,8817,31,35204,25,44021,California
Merced,2020-12-16,3,3,3,3,0,0,0,0,3,3,0,0,3,3,California
Merced,2020-12-17,5,8,5,8,0,0,0,0,5,8,0,0,5,8,California
Merced,2020-12-18,143,151,143,151,0,0,0,0,143,151,0,0,143,151,California
Merced,2020-12-19,39,190,39,190,0,0,0,0,39,190,0,0,39,190,California
Merced,2020-12-20,17,207,17,207,0,0,0,0,17,207,0,0,17,207,California
Merced,2020-12-21,125,332,122,329,3,3,0,0,125,332,0,0,125,332,California
Merced,2020-12-22,152,484,152,481,0,3,0,0,152,484,0,0,152,484,California
Merced,2020-12-23,248,732,242,723,6,9,0,0,248,732,0,0,248,732,California
Merced,2020-12-24,72,804,72,795,0,9,0,0,72,804,0,0,72,804,California
Merced,2020-12-25,4,808,4,799,0,9,0,0,4,808,0,0,4,808,California
Merced,2020-12-26,6,814,3,802,3,12,0,0,6,814,0,0,6,814,California
Merced,2020-12-27,12,826,11,813,1,13,0,0,12,826,0,0,12,826,California
Merced,2020-12-28,123,949,98,911,25,38,0,0,123,949,0,0,123,949,California
Merced,2020-12-29,180,1129,124,1035,56,94,0,0,180,1129,0,0,180,1129,California
Merced,2020-12-30,214,1343,89,1124,125,219,0,0,214,1343,0,0,214,1343,California
Merced,2020-12-31,103,1446,34,1158,69,288,0,0,103,1446,0,0,103,1446,California
Merced,2021-01-01,4,1450,0,1158,4,292,0,0,4,1450,0,0,4,1450,California
Merced,2021-01-02,128,1578,117,1275,11,303,0,0,128,1578,0,0,128,1578,California
Merced,2021-01-03,9,1587,5,1280,4,307,0,0,9,1587,0,0,9,1587,California
Merced,2021-01-04,80,1667,42,1322,38,345,0,0,80,1667,0,0,80,1667,California
Merced,2021-01-05,319,1986,231,1553,88,433,0,0,313,1976,6,6,315,1982,California
Merced,2021-01-06,254,2240,104,1657,150,583,0,0,248,2218,6,12,248,2230,California
Merced,2021-01-07,185,2425,81,1738,104,687,0,0,175,2382,11,23,175,2405,California
Merced,2021-01-08,527,2952,393,2131,134,821,0,0,376,2608,150,173,376,2781,California
Merced,2021-01-09,23,2975,10,2141,13,834,0,0,17,2619,6,179,17,2798,California
Merced,2021-01-10,11,2986,7,2148,4,838,0,0,7,2622,4,183,7,2805,California
Merced,2021-01-11,226,3212,167,2315,59,897,0,0,102,2602,124,307,104,2909,California
Merced,2021-01-12,292,3504,169,2484,123,1020,0,0,242,2793,51,358,242,3151,California
Merced,2021-01-13,372,3876,173,2657,199,1219,0,0,221,2866,151,509,224,3375,California
Merced,2021-01-14,324,4200,200,2857,124,1343,0,0,159,2862,164,673,160,3535,California
Merced,2021-01-15,580,4780,128,2985,452,1795,0,0,542,3367,39,712,544,4079,California
Merced,2021-01-16,203,4983,122,3107,81,1876,0,0,198,3560,5,717,198,4277,California
Merced,2021-01-17,50,5033,12,3119,38,1914,0,0,49,3608,1,718,49,4326,California
Merced,2021-01-18,261,5294,126,3245,135,2049,0,0,239,3828,22,740,242,4568,California
Merced,2021-01-19,711,6005,587,3832,124,2173,0,0,539,4199,172,912,543,5111,California
Merced,2021-01-20,571,6576,466,4298,105,2278,0,0,514,4659,57,969,517,5628,California
Merced,2021-01-21,1007,7583,646,4944,361,2639,0,0,908,5471,99,1068,911,6539,California
Merced,2021-01-22,1305,8888,686,5630,619,3258,0,0,1278,6734,27,1095,1290,7829,California
Merced,2021-01-23,307,9195,185,5815,122,3380,0,0,202,6831,105,1200,202,8031,California
Merced,2021-01-24,32,9227,14,5829,18,3398,0,0,23,6846,8,1208,23,8054,California
Merced,2021-01-25,728,9955,241,6070,487,3885,0,0,669,7458,58,1266,670,8724,California
Merced,2021-01-26,916,10871,486,6556,430,4315,0,0,675,7920,214,1480,676,9400,California
Merced,2021-01-27,979,11850,582,7138,397,4712,0,0,812,8567,165,1645,812,10212,California
Merced,2021-01-28,1139,12989,593,7731,546,5258,0,0,1017,9463,122,1767,1018,11230,California
Merced,2021-01-29,846,13835,321,8052,525,5783,0,0,600,9827,239,2006,603,11833,California
Merced,2021-01-30,261,14096,28,8080,233,6016,0,0,244,10054,17,2023,244,12077,California
Merced,2021-01-31,46,14142,10,8090,36,6052,0,0,45,10098,1,2024,45,12122,California
Merced,2021-02-01,374,14516,52,8142,322,6374,0,0,325,10376,48,2072,326,12448,California
Merced,2021-02-02,295,14811,181,8323,114,6488,0,0,176,10436,117,2189,177,12625,California
Merced,2021-02-03,347,15158,71,8394,276,6764,0,0,168,10425,179,2368,168,12793,California
Merced,2021-02-04,372,15530,147,8541,225,6989,0,0,241,10537,130,2498,242,13035,California
Merced,2021-02-05,512,16042,172,8713,340,7329,0,0,272,10572,239,2737,274,13309,California
Merced,2021-02-06,389,16431,219,8932,170,7499,0,0,246,10677,142,2879,247,13556,California
Merced,2021-02-07,21,16452,13,8945,8,7507,0,0,14,10684,7,2886,14,13570,California
Merced,2021-02-08,280,16732,197,9142,83,7590,0,0,170,10746,109,2995,171,13741,California
Merced,2021-02-09,1216,17948,955,10097,261,7851,0,0,773,11085,435,3430,774,14515,California
Merced,2021-02-10,1853,19801,1431,11528,422,8273,0,0,1274,11790,569,3999,1274,15789,California
Merced,2021-02-11,2501,22302,2005,13533,496,8769,0,0,1814,12926,678,4677,1814,17603,California
Merced,2021-02-12,1716,24018,1014,14547,702,9471,0,0,747,12715,960,5637,749,18352,California
Merced,2021-02-13,361,24379,206,14753,155,9626,0,0,262,12881,98,5735,264,18616,California
Merced,2021-02-14,117,24496,26,14779,91,9717,0,0,96,12957,21,5756,97,18713,California
Merced,2021-02-15,273,24769,41,14820,232,9949,0,0,168,13027,99,5855,169,18882,California
Merced,2021-02-16,1215,25984,843,15663,372,10321,0,0,837,13506,360,6215,839,19721,California
Merced,2021-02-17,1876,27860,1631,17294,245,10566,0,0,1314,14275,548,6763,1317,21038,California
Merced,2021-02-18,1210,29070,819,18113,391,10957,0,0,406,13898,783,7546,406,21444,California
Merced,2021-02-19,1262,30332,413,18526,849,11806,0,0,537,13718,719,8265,539,21983,California
Merced,2021-02-20,276,30608,31,18557,245,12051,0,0,142,13728,132,8397,142,22125,California
Merced,2021-02-21,77,30685,62,18619,15,12066,0,0,32,13716,44,8441,32,22157,California
Merced,2021-02-22,831,31516,293,18912,538,12604,0,0,483,13853,346,8787,483,22640,California
Merced,2021-02-23,1080,32596,421,19333,659,13263,0,0,638,14054,437,9224,638,23278,California
Merced,2021-02-24,818,33414,302,19635,516,13779,0,0,446,14138,363,9587,447,23725,California
Merced,2021-02-25,1763,35177,871,20506,892,14671,0,0,1311,15002,449,10036,1313,25038,California
Merced,2021-02-26,2150,37327,1377,21883,773,15444,0,0,1738,16331,410,10446,1739,26777,California
Merced,2021-02-27,2529,39856,1103,22986,1426,16870,0,0,2244,18291,284,10730,2244,29021,California
Merced,2021-02-28,307,40163,72,23058,235,17105,0,0,252,18492,51,10781,252,29273,California
Merced,2021-03-01,1119,41282,281,23339,837,17942,1,1,778,18939,332,11113,779,30052,California
Merced,2021-03-02,1752,43034,908,24247,843,18785,1,2,1364,19925,379,11492,1365,31417,California
Merced,2021-03-03,2216,45250,1728,25975,487,19272,1,3,1458,20645,740,12232,1460,32877,California
Merced,2021-03-04,2880,48130,2266,28241,612,19884,2,5,1911,21607,952,13184,1914,34791,California
Merced,2021-03-05,2064,50194,1194,29435,846,20730,24,29,1526,22632,526,13710,1551,36342,California
Merced,2021-03-06,1165,51359,662,30097,481,21211,22,51,909,23308,255,13965,931,37273,California
Merced,2021-03-07,229,51588,65,30162,139,21350,25,76,200,23504,29,13994,225,37498,California
Merced,2021-03-08,1389,52977,790,30952,534,21884,65,141,1177,24533,212,14206,1241,38739,California
Merced,2021-03-09,1693,54670,997,31949,589,22473,107,248,1098,25149,590,14796,1206,39945,California
Merced,2021-03-10,2690,57360,1863,33812,627,23100,200,448,1617,25911,1059,15855,1821,41766,California
Merced,2021-03-11,1937,59297,690,34502,1043,24143,204,652,1219,26653,703,16558,1445,43211,California
Merced,2021-03-12,2197,61494,901,35403,1028,25171,268,920,1483,27706,710,17268,1763,44974,California
Merced,2021-03-13,721,62215,309,35712,169,25340,243,1163,413,28063,300,17568,657,45631,California
Merced,2021-03-14,249,62464,136,35848,83,25423,30,1193,149,28144,99,17667,180,45811,California
Merced,2021-03-15,1500,63964,493,36341,752,26175,255,1448,984,28873,509,18176,1238,47049,California
Merced,2021-03-16,1443,65407,695,37036,522,26697,226,1674,958,29580,476,18652,1183,48232,California
Merced,2021-03-17,1958,67365,1056,38092,724,27421,178,1852,1511,30832,439,19091,1691,49923,California
Merced,2021-03-18,2043,69408,1173,39265,723,28144,147,1999,1390,31741,641,19732,1550,51473,California
Merced,2021-03-19,2661,72069,1450,40715,1018,29162,193,2192,1383,32051,1267,20999,1577,53050,California
Merced,2021-03-20,2414,74483,1486,42201,533,29695,395,2587,956,31951,1455,22454,1355,54405,California
Merced,2021-03-21,556,75039,343,42544,200,29895,13,2600,436,32282,120,22574,451,54856,California
Merced,2021-03-22,1262,76301,629,43173,557,30452,76,2676,887,32879,368,22942,965,55821,California
Merced,2021-03-23,1827,78128,1101,44274,662,31114,64,2740,1344,33809,479,23421,1409,57230,California
Merced,2021-03-24,1434,79562,898,45172,501,31615,35,2775,955,34326,474,23895,991,58221,California
Merced,2021-03-25,3305,82867,2272,47444,1011,32626,22,2797,2079,35212,1218,25113,2104,60325,California
Merced,2021-03-26,1930,84797,1084,48528,812,33438,34,2831,889,35101,1033,26146,922,61247,California
Merced,2021-03-27,3235,88032,1869,50397,1205,34643,161,2992,1486,35012,1737,27883,1648,62895,California
Merced,2021-03-28,517,88549,213,50610,297,34940,7,2999,213,34932,302,28185,222,63117,California
Merced,2021-03-29,1800,90349,754,51364,881,35821,165,3164,667,34643,1125,29310,836,63953,California
Merced,2021-03-30,2146,92495,801,52165,1286,37107,59,3223,990,34541,1152,30462,1050,65003,California
Merced,2021-03-31,2126,94621,1402,53567,686,37793,38,3261,953,34375,1158,31620,992,65995,California
Merced,2021-04-01,2183,96804,1021,54588,1037,38830,125,3386,999,34324,1178,32798,1127,67122,California
Merced,2021-04-02,2331,99135,636,55224,1292,40122,403,3789,783,33981,1531,34329,1188,68310,California
Merced,2021-04-03,903,100038,426,55650,464,40586,13,3802,496,34090,403,34732,512,68822,California
Merced,2021-04-04,369,100407,143,55793,222,40808,4,3806,141,34010,227,34959,147,68969,California
Merced,2021-04-05,1266,101673,602,56395,453,41261,211,4017,417,33795,842,35801,627,69596,California
Merced,2021-04-06,2419,104092,897,57292,695,41956,827,4844,904,34014,1511,37312,1730,71326,California
Merced,2021-04-07,1650,105742,886,58178,657,42613,107,4951,585,33656,1052,38364,694,72020,California
Merced,2021-04-08,2274,108016,1169,59347,890,43503,215,5166,813,33252,1430,39794,1026,73046,California
Merced,2021-04-09,1680,109696,473,59820,632,44135,575,5741,562,33289,1102,40896,1139,74185,California
Merced,2021-04-10,696,110392,363,60183,145,44280,188,5929,176,33136,515,41411,362,74547,California
Merced,2021-04-11,488,110880,281,60464,72,44352,135,6064,147,33080,339,41750,283,74830,California
Merced,2021-04-12,1418,112298,929,61393,366,44718,123,6187,815,33451,567,42317,938,75768,California
Merced,2021-04-13,2028,114326,1451,62844,574,45292,3,6190,938,33394,1002,43319,945,76713,California
Merced,2021-04-14,2041,116367,1209,64053,832,46124,0,6190,903,33292,1007,44326,905,77618,California
Merced,2021-04-15,3015,119382,1974,66027,1041,47165,0,6190,957,32421,1832,46158,961,78579,California
Merced,2021-04-16,2358,121740,1148,67175,1210,48375,0,6190,965,32089,1297,47455,965,79544,California
Merced,2021-04-17,1454,123194,809,67984,645,49020,0,6190,360,31361,1089,48544,361,79905,California
Merced,2021-04-18,467,123661,246,68230,221,49241,0,6190,190,31301,250,48794,190,80095,California
Merced,2021-04-19,1326,124987,744,68974,582,49823,0,6190,704,31477,528,49322,704,80799,California
Merced,2021-04-20,1410,126397,732,69706,678,50501,0,6190,785,31705,558,49880,786,81585,California
Merced,2021-04-21,1464,127861,881,70587,583,51084,0,6190,749,31850,604,50484,749,82334,California
Merced,2021-04-22,1604,129465,740,71327,864,51948,0,6190,774,31875,749,51233,774,83108,California
Merced,2021-04-23,1628,131093,667,71994,961,52909,0,6190,882,32058,700,51933,883,83991,California
Merced,2021-04-24,568,131661,398,72392,170,53079,0,6190,388,32271,176,52109,389,84380,California
Merced,2021-04-25,326,131987,186,72578,140,53219,0,6190,192,32331,132,52241,192,84572,California
Merced,2021-04-26,1178,133165,513,73091,665,53884,0,6190,614,32416,531,52772,616,85188,California
Merced,2021-04-27,1559,134724,701,73792,848,54732,10,6200,633,32200,860,53632,644,85832,California
Merced,2021-04-28,1362,136086,674,74466,679,55411,9,6209,780,32429,561,54193,790,86622,California
Merced,2021-04-29,1391,137477,589,75055,777,56188,25,6234,649,32373,732,54925,676,87298,California
Merced,2021-04-30,1423,138900,603,75658,776,56964,44,6278,727,32452,693,55618,772,88070,California
Merced,2021-05-01,555,139455,240,75898,311,57275,4,6282,257,32418,295,55913,261,88331,California
Merced,2021-05-02,291,139746,117,76015,159,57434,15,6297,128,32399,163,56076,144,88475,California
Merced,2021-05-03,773,140519,530,76545,196,57630,47,6344,270,32240,497,56573,338,88813,California
Merced,2021-05-04,1004,141523,536,77081,416,58046,52,6396,364,32020,636,57209,416,89229,California
Merced,2021-05-05,1150,142673,712,77793,362,58408,76,6472,484,31923,657,57866,560,89789,California
Merced,2021-05-06,896,143569,464,78257,383,58791,49,6521,301,31683,590,58456,350,90139,California
Merced,2021-05-07,867,144436,259,78516,567,59358,41,6562,359,31580,505,58961,402,90541,California
Merced,2021-05-08,396,144832,200,78716,160,59518,36,6598,181,31583,214,59175,217,90758,California
Merced,2021-05-09,215,145047,107,78823,100,59618,8,6606,103,31583,111,59286,111,90869,California
Merced,2021-05-10,687,145734,350,79173,301,59919,36,6642,190,31313,496,59782,226,91095,California
Merced,2021-05-11,1094,146828,649,79822,398,60317,47,6689,420,31111,669,60451,467,91562,California
Merced,2021-05-12,836,147664,498,80320,301,60618,37,6726,235,30786,597,61048,272,91834,California
Merced,2021-05-13,696,148360,359,80679,296,60914,41,6767,242,30618,452,61500,284,92118,California
Merced,2021-05-14,884,149244,574,81253,270,61184,40,6807,458,30697,419,61919,498,92616,California
Merced,2021-05-15,676,149920,506,81759,152,61336,18,6825,388,30820,283,62202,406,93022,California
Merced,2021-05-16,139,150059,60,81819,72,61408,7,6832,67,30823,71,62273,74,93096,California
Merced,2021-05-17,425,150484,257,82076,157,61565,11,6843,201,30812,223,62496,212,93308,California
Modoc,2020-12-16,1,1,1,1,0,0,0,0,1,1,0,0,1,1,California
Modoc,2020-12-21,99,100,99,100,0,0,0,0,99,100,0,0,99,100,California
Modoc,2020-12-22,14,114,14,114,0,0,0,0,14,114,0,0,14,114,California
Modoc,2020-12-23,4,118,4,118,0,0,0,0,4,118,0,0,4,118,California
Modoc,2020-12-24,1,119,1,119,0,0,0,0,1,119,0,0,1,119,California
Modoc,2020-12-28,2,121,2,121,0,0,0,0,2,121,0,0,2,121,California
Modoc,2020-12-29,10,131,1,122,9,9,0,0,10,131,0,0,10,131,California
Modoc,2020-12-30,7,138,0,122,7,16,0,0,7,138,0,0,7,138,California
Modoc,2021-01-02,3,141,1,123,2,18,0,0,3,141,0,0,3,141,California
Modoc,2021-01-04,8,149,0,123,8,26,0,0,8,149,0,0,8,149,California
Modoc,2021-01-05,2,151,1,124,1,27,0,0,2,151,0,0,2,151,California
Modoc,2021-01-06,3,154,2,126,1,28,0,0,2,152,1,1,2,153,California
Modoc,2021-01-07,72,226,0,126,72,100,0,0,72,224,0,1,72,225,California
Modoc,2021-01-08,105,331,0,126,105,205,0,0,105,329,0,1,105,330,California
Modoc,2021-01-10,1,332,1,127,0,205,0,0,0,328,1,2,0,330,California
Modoc,2021-01-11,90,422,81,208,9,214,0,0,19,276,71,73,19,349,California
Modoc,2021-01-12,94,516,25,233,69,283,0,0,68,318,26,99,68,417,California
Modoc,2021-01-13,24,540,4,237,20,303,0,0,22,338,2,101,22,439,California
Modoc,2021-01-14,129,669,6,243,123,426,0,0,124,457,5,106,124,563,California
Modoc,2021-01-15,6,675,1,244,5,431,0,0,6,463,0,106,6,569,California
Modoc,2021-01-16,1,676,1,245,0,431,0,0,1,464,0,106,1,570,California
Modoc,2021-01-18,1,677,1,246,0,431,0,0,1,465,0,106,1,571,California
Modoc,2021-01-19,5,682,3,249,2,433,0,0,3,466,2,108,3,574,California
Modoc,2021-01-20,11,693,1,250,10,443,0,0,11,477,0,108,11,585,California
Modoc,2021-01-21,157,850,2,252,155,598,0,0,157,634,0,108,157,742,California
Modoc,2021-01-22,2,852,0,252,2,600,0,0,2,636,0,108,2,744,California
Modoc,2021-01-25,11,863,0,252,11,611,0,0,11,647,0,108,11,755,California
Modoc,2021-01-26,65,928,1,253,64,675,0,0,65,712,0,108,65,820,California
Modoc,2021-01-27,41,969,2,255,39,714,0,0,25,721,16,124,25,845,California
Modoc,2021-01-28,145,1114,2,257,143,857,0,0,144,864,1,125,144,989,California
Modoc,2021-01-29,3,1117,1,258,2,859,0,0,3,867,0,125,3,992,California
Modoc,2021-02-01,26,1143,13,271,13,872,0,0,12,865,14,139,12,1004,California
Modoc,2021-02-02,170,1313,2,273,168,1040,0,0,167,1029,3,142,167,1171,California
Modoc,2021-02-03,18,1331,13,286,5,1045,0,0,11,1033,7,149,11,1182,California
Modoc,2021-02-04,155,1486,4,290,151,1196,0,0,27,932,128,277,27,1209,California
Modoc,2021-02-05,4,1490,3,293,1,1197,0,0,3,934,1,278,3,1212,California
Modoc,2021-02-08,9,1499,2,295,7,1204,0,0,8,941,1,279,8,1220,California
Modoc,2021-02-09,197,1696,13,308,184,1388,0,0,65,874,132,411,65,1285,California
Modoc,2021-02-10,5,1701,2,310,3,1391,0,0,4,877,1,412,4,1289,California
Modoc,2021-02-11,201,1902,3,313,198,1589,0,0,83,842,118,530,83,1372,California
Modoc,2021-02-12,4,1906,0,313,4,1593,0,0,2,842,2,532,2,1374,California
Modoc,2021-02-13,1,1907,0,313,1,1594,0,0,1,843,0,532,1,1375,California
Modoc,2021-02-16,147,2054,6,319,141,1735,0,0,143,982,4,536,143,1518,California
Modoc,2021-02-17,24,2078,1,320,23,1758,0,0,12,982,12,548,12,1530,California
Modoc,2021-02-18,188,2266,2,322,186,1944,0,0,25,846,162,710,26,1556,California
Modoc,2021-02-19,2,2268,2,324,0,1944,0,0,2,848,0,710,2,1558,California
Modoc,2021-02-20,1,2269,1,325,0,1944,0,0,0,847,1,711,0,1558,California
Modoc,2021-02-22,17,2286,9,334,8,1952,0,0,3,836,14,725,3,1561,California
Modoc,2021-02-23,20,2306,2,336,18,1970,0,0,1,818,19,744,1,1562,California
Modoc,2021-02-24,91,2397,1,337,90,2060,0,0,31,789,60,804,31,1593,California
Modoc,2021-02-25,169,2566,1,338,168,2228,0,0,13,646,156,960,13,1606,California
Modoc,2021-02-26,3,2569,0,338,3,2231,0,0,1,645,2,962,1,1607,California
Modoc,2021-02-27,5,2574,5,343,0,2231,0,0,2,644,3,965,2,1609,California
Modoc,2021-03-01,5,2579,0,343,5,2236,0,0,0,640,4,969,0,1609,California
Modoc,2021-03-02,193,2772,12,355,181,2417,0,0,26,499,167,1136,26,1635,California
Modoc,2021-03-03,12,2784,6,361,6,2423,0,0,2,491,10,1146,2,1637,California
Modoc,2021-03-04,175,2959,2,363,173,2596,0,0,148,612,27,1173,148,1785,California
Modoc,2021-03-05,4,2963,3,366,1,2597,0,0,2,612,2,1175,2,1787,California
Modoc,2021-03-06,11,2974,0,366,1,2598,10,10,1,613,10,1185,11,1798,California
Modoc,2021-03-07,6,2980,1,367,0,2598,5,15,1,614,5,1190,6,1804,California
Modoc,2021-03-08,8,2988,1,368,3,2601,4,19,1,613,6,1196,5,1809,California
Modoc,2021-03-09,126,3114,10,378,108,2709,8,27,61,617,65,1261,69,1878,California
Modoc,2021-03-10,9,3123,3,381,2,2711,4,31,4,620,5,1266,8,1886,California
Modoc,2021-03-11,207,3330,0,381,99,2810,108,139,22,565,185,1451,130,2016,California
Modoc,2021-03-12,10,3340,1,382,4,2814,5,144,4,568,6,1457,9,2025,California
Modoc,2021-03-13,4,3344,0,382,1,2815,3,147,1,569,3,1460,4,2029,California
Modoc,2021-03-15,12,3356,1,383,10,2825,1,148,10,578,2,1462,11,2040,California
Modoc,2021-03-16,173,3529,1,384,168,2993,4,152,42,492,131,1593,45,2085,California
Modoc,2021-03-17,10,3539,1,385,4,2997,5,157,2,491,8,1601,7,2092,California
Modoc,2021-03-18,67,3606,2,387,58,3055,7,164,35,501,32,1633,42,2134,California
Modoc,2021-03-19,5,3611,0,387,0,3055,5,169,0,501,5,1638,5,2139,California
Modoc,2021-03-20,5,3616,2,389,0,3055,3,172,0,499,5,1643,3,2142,California
Modoc,2021-03-21,4,3620,1,390,1,3056,2,174,2,501,2,1645,4,2146,California
Modoc,2021-03-22,18,3638,1,391,11,3067,6,180,12,513,6,1651,18,2164,California
Modoc,2021-03-23,37,3675,7,398,27,3094,3,183,28,535,9,1660,31,2195,California
Modoc,2021-03-24,29,3704,1,399,18,3112,10,193,1,518,28,1688,11,2206,California
Modoc,2021-03-25,77,3781,1,400,74,3186,2,195,45,533,32,1720,47,2253,California
Modoc,2021-03-26,7,3788,2,402,2,3188,3,198,2,533,5,1725,5,2258,California
Modoc,2021-03-27,2,3790,0,402,1,3189,1,199,1,534,1,1726,2,2260,California
Modoc,2021-03-28,2,3792,1,403,0,3189,1,200,0,533,2,1728,1,2261,California
Modoc,2021-03-29,14,3806,1,404,5,3194,8,208,5,537,9,1737,13,2274,California
Modoc,2021-03-30,55,3861,10,414,38,3232,7,215,21,531,34,1771,28,2302,California
Modoc,2021-03-31,9,3870,3,417,2,3234,4,219,3,532,6,1777,7,2309,California
Modoc,2021-04-01,167,4037,2,419,160,3394,5,224,32,434,135,1912,37,2346,California
Modoc,2021-04-02,5,4042,0,419,2,3396,3,227,1,435,3,1915,4,2350,California
Modoc,2021-04-03,5,4047,2,421,0,3396,3,230,2,437,2,1917,4,2354,California
Modoc,2021-04-05,9,4056,0,421,9,3405,0,230,9,446,0,1917,9,2363,California
Modoc,2021-04-06,24,4080,5,426,9,3414,10,240,6,444,18,1935,16,2379,California
Modoc,2021-04-07,12,4092,1,427,4,3418,7,247,3,445,9,1944,10,2389,California
Modoc,2021-04-08,97,4189,1,428,93,3511,3,250,26,403,71,2015,29,2418,California
Modoc,2021-04-09,11,4200,2,430,6,3517,3,253,2,398,9,2024,4,2422,California
Modoc,2021-04-10,5,4205,0,430,1,3518,4,257,0,397,5,2029,4,2426,California
Modoc,2021-04-11,2,4207,2,432,0,3518,0,257,1,397,1,2030,1,2427,California
Modoc,2021-04-12,14,4221,0,432,10,3528,4,261,1,391,11,2041,5,2432,California
Modoc,2021-04-13,30,4251,29,461,1,3529,0,261,21,403,9,2050,21,2453,California
Modoc,2021-04-14,2,4253,2,463,0,3529,0,261,1,403,1,2051,1,2454,California
Modoc,2021-04-15,100,4353,0,463,100,3629,0,261,27,357,73,2124,27,2481,California
Modoc,2021-04-16,4,4357,4,467,0,3629,0,261,3,359,1,2125,3,2484,California
Modoc,2021-04-17,2,4359,2,469,0,3629,0,261,2,361,0,2125,2,2486,California
Modoc,2021-04-18,1,4360,0,469,1,3630,0,261,1,362,0,2125,1,2487,California
Modoc,2021-04-19,6,4366,0,469,6,3636,0,261,1,358,5,2130,1,2488,California
Modoc,2021-04-20,27,4393,2,471,25,3661,0,261,9,349,18,2148,9,2497,California
Modoc,2021-04-21,4,4397,4,475,0,3661,0,261,1,347,3,2151,1,2498,California
Modoc,2021-04-22,98,4495,4,479,94,3755,0,261,41,331,57,2208,41,2539,California
Modoc,2021-04-23,5,4500,1,480,4,3759,0,261,4,334,1,2209,4,2543,California
Modoc,2021-04-24,3,4503,1,481,1,3760,1,262,2,336,1,2210,3,2546,California
Modoc,2021-04-25,1,4504,1,482,0,3760,0,262,1,337,0,2210,1,2547,California
Modoc,2021-04-26,8,4512,1,483,7,3767,0,262,3,335,5,2215,3,2550,California
Modoc,2021-04-27,6,4518,4,487,1,3768,1,263,1,332,5,2220,2,2552,California
Modoc,2021-04-28,5,4523,1,488,3,3771,1,264,1,330,4,2224,2,2554,California
Modoc,2021-04-29,65,4588,2,490,63,3834,0,264,24,313,41,2265,24,2578,California
Modoc,2021-04-30,5,4593,4,494,1,3835,0,264,3,314,2,2267,3,2581,California
Modoc,2021-05-01,1,4594,1,495,0,3835,0,264,0,313,1,2268,0,2581,California
Modoc,2021-05-02,4,4598,3,498,1,3836,0,264,3,315,1,2269,3,2584,California
Modoc,2021-05-03,10,4608,0,498,9,3845,1,265,0,306,10,2279,1,2585,California
Modoc,2021-05-04,11,4619,3,501,6,3851,2,267,5,307,6,2285,7,2592,California
Modoc,2021-05-05,27,4646,24,525,2,3853,1,268,8,297,19,2304,9,2601,California
Modoc,2021-05-06,54,4700,3,528,49,3902,2,270,21,287,33,2337,23,2624,California
Modoc,2021-05-07,8,4708,3,531,3,3905,2,272,2,285,6,2343,4,2628,California
Modoc,2021-05-08,3,4711,2,533,0,3905,1,273,1,285,2,2345,2,2630,California
Modoc,2021-05-09,2,4713,2,535,0,3905,0,273,1,285,1,2346,1,2631,California
Modoc,2021-05-10,2,4715,0,535,1,3906,1,274,1,286,1,2347,2,2633,California
Modoc,2021-05-11,2,4717,1,536,0,3906,1,275,0,285,2,2349,1,2634,California
Modoc,2021-05-12,3,4720,1,537,0,3906,2,277,1,286,2,2351,3,2637,California
Modoc,2021-05-13,43,4763,2,539,37,3943,4,281,13,273,30,2381,17,2654,California
Modoc,2021-05-14,10,4773,5,544,0,3943,5,286,2,272,8,2389,7,2661,California
Modoc,2021-05-15,5,4778,4,548,1,3944,0,286,5,277,0,2389,5,2666,California
Modoc,2021-05-16,2,4780,1,549,1,3945,0,286,0,275,2,2391,0,2666,California
Modoc,2021-05-17,3,4783,3,552,0,3945,0,286,3,278,0,2391,3,2669,California
Mono,2020-12-18,1,1,1,1,0,0,0,0,1,1,0,0,1,1,California
Mono,2020-12-19,5,6,5,6,0,0,0,0,5,6,0,0,5,6,California
Mono,2020-12-20,7,13,7,13,0,0,0,0,7,13,0,0,7,13,California
Mono,2020-12-21,24,37,17,30,7,7,0,0,24,37,0,0,24,37,California
Mono,2020-12-22,66,103,65,95,1,8,0,0,66,103,0,0,66,103,California
Mono,2020-12-23,70,173,42,137,28,36,0,0,70,173,0,0,70,173,California
Mono,2020-12-24,3,176,1,138,2,38,0,0,3,176,0,0,3,176,California
Mono,2020-12-26,3,179,3,141,0,38,0,0,3,179,0,0,3,179,California
Mono,2020-12-28,94,273,63,204,31,69,0,0,94,273,0,0,94,273,California
Mono,2020-12-29,29,302,29,233,0,69,0,0,29,302,0,0,29,302,California
Mono,2020-12-30,77,379,36,269,41,110,0,0,77,379,0,0,77,379,California
Mono,2020-12-31,4,383,1,270,3,113,0,0,4,383,0,0,4,383,California
Mono,2021-01-01,4,387,4,274,0,113,0,0,4,387,0,0,4,387,California
Mono,2021-01-02,2,389,2,276,0,113,0,0,2,389,0,0,2,389,California
Mono,2021-01-04,1,390,0,276,1,114,0,0,1,390,0,0,1,390,California
Mono,2021-01-05,45,435,2,278,43,157,0,0,44,433,1,1,44,434,California
Mono,2021-01-06,44,479,0,278,44,201,0,0,44,477,0,1,44,478,California
Mono,2021-01-07,55,534,3,281,52,253,0,0,54,530,1,2,54,532,California
Mono,2021-01-08,2,536,1,282,1,254,0,0,1,530,1,3,1,533,California
Mono,2021-01-09,4,540,4,286,0,254,0,0,0,526,4,7,0,533,California
Mono,2021-01-10,5,545,5,291,0,254,0,0,0,521,5,12,0,533,California
Mono,2021-01-11,8,553,5,296,3,257,0,0,4,521,4,16,4,537,California
Mono,2021-01-12,282,835,75,371,207,464,0,0,218,676,63,79,218,755,California
Mono,2021-01-13,233,1068,73,444,160,624,0,0,178,799,55,134,178,933,California
Mono,2021-01-14,73,1141,71,515,2,626,0,0,73,872,0,134,73,1006,California
Mono,2021-01-15,62,1203,2,517,60,686,0,0,62,934,0,134,62,1068,California
Mono,2021-01-16,4,1207,3,520,1,687,0,0,1,932,3,137,1,1069,California
Mono,2021-01-18,64,1271,55,575,9,696,0,0,2,872,62,199,2,1071,California
Mono,2021-01-19,210,1481,208,783,2,698,0,0,172,1007,38,237,173,1244,California
Mono,2021-01-20,230,1711,198,981,32,730,0,0,169,1115,61,298,169,1413,California
Mono,2021-01-21,3,1714,3,984,0,730,0,0,3,1118,0,298,3,1416,California
Mono,2021-01-22,4,1718,0,984,4,734,0,0,4,1122,0,298,4,1420,California
Mono,2021-01-23,595,2313,595,1579,0,734,0,0,594,1715,1,299,594,2014,California
Mono,2021-01-25,202,2515,164,1743,38,772,0,0,163,1839,39,338,163,2177,California
Mono,2021-01-26,505,3020,503,2246,2,774,0,0,499,2332,6,344,499,2676,California
Mono,2021-01-27,5,3025,1,2247,4,778,0,0,5,2337,0,344,5,2681,California
Mono,2021-01-28,6,3031,2,2249,4,782,0,0,2,2335,4,348,2,2683,California
Mono,2021-01-30,202,3233,200,2449,2,784,0,0,201,2535,1,349,201,2884,California
Mono,2021-01-31,243,3476,138,2587,105,889,0,0,139,2570,104,453,139,3023,California
Mono,2021-02-01,27,3503,27,2614,0,889,0,0,0,2543,27,480,0,3023,California
Mono,2021-02-02,5,3508,0,2614,5,894,0,0,2,2542,3,483,2,3025,California
Mono,2021-02-03,4,3512,2,2616,2,896,0,0,2,2542,2,485,2,3027,California
Mono,2021-02-04,211,3723,158,2774,53,949,0,0,90,2511,121,606,90,3117,California
Mono,2021-02-05,617,4340,611,3385,6,955,0,0,614,3122,3,609,614,3731,California
Mono,2021-02-06,138,4478,137,3522,1,956,0,0,137,3258,1,610,137,3868,California
Mono,2021-02-07,2,4480,0,3522,2,958,0,0,2,3260,0,610,2,3870,California
Mono,2021-02-08,172,4652,172,3694,0,958,0,0,15,3119,156,766,15,3885,California
Mono,2021-02-09,226,4878,6,3700,220,1178,0,0,14,2921,212,978,14,3899,California
Mono,2021-02-10,536,5414,186,3886,350,1528,0,0,194,2774,342,1320,195,4094,California
Mono,2021-02-11,7,5421,4,3890,3,1531,0,0,2,2771,5,1325,2,4096,California
Mono,2021-02-12,84,5505,20,3910,64,1595,0,0,26,2739,58,1383,26,4122,California
Mono,2021-02-13,586,6091,586,4496,0,1595,0,0,25,2204,560,1943,25,4147,California
Mono,2021-02-15,166,6257,164,4660,2,1597,0,0,3,2046,161,2104,3,4150,California
Mono,2021-02-16,516,6773,513,5173,3,1600,0,0,45,1623,468,2572,45,4195,California
Mono,2021-02-17,7,6780,2,5175,5,1605,0,0,2,1620,5,2577,2,4197,California
Mono,2021-02-18,3,6783,2,5177,1,1606,0,0,2,1621,1,2578,2,4199,California
Mono,2021-02-19,54,6837,53,5230,1,1607,0,0,54,1675,0,2578,54,4253,California
Mono,2021-02-20,4,6841,4,5234,0,1607,0,0,4,1679,0,2578,4,4257,California
Mono,2021-02-21,6,6847,6,5240,0,1607,0,0,4,1681,2,2580,4,4261,California
Mono,2021-02-22,285,7132,284,5524,1,1608,0,0,24,1445,260,2840,24,4285,California
Mono,2021-02-23,136,7268,116,5640,20,1628,0,0,22,1353,114,2954,22,4307,California
Mono,2021-02-24,10,7278,3,5643,7,1635,0,0,4,1351,6,2960,4,4311,California
Mono,2021-02-25,5,7283,2,5645,3,1638,0,0,3,1353,1,2961,3,4314,California
Mono,2021-02-26,598,7881,596,6241,2,1640,0,0,21,798,576,3537,21,4335,California
Mono,2021-02-27,140,8021,136,6377,4,1644,0,0,4,668,134,3671,4,4339,California
Mono,2021-03-01,3,8024,2,6379,1,1645,0,0,2,670,0,3671,2,4341,California
Mono,2021-03-02,6,8030,4,6383,2,1647,0,0,4,672,2,3673,4,4345,California
Mono,2021-03-03,82,8112,2,6385,80,1727,0,0,79,749,2,3675,79,4424,California
Mono,2021-03-04,5,8117,1,6386,4,1731,0,0,3,750,2,3677,3,4427,California
Mono,2021-03-05,37,8154,27,6413,10,1741,0,0,14,741,23,3700,14,4441,California
Mono,2021-03-06,508,8662,17,6430,491,2232,0,0,500,1236,6,3706,501,4942,California
Mono,2021-03-07,1,8663,0,6430,1,2233,0,0,0,1235,1,3707,0,4942,California
Mono,2021-03-08,538,9201,11,6441,524,2757,3,3,529,1758,9,3716,532,5474,California
Mono,2021-03-09,6,9207,2,6443,3,2760,1,4,3,1760,2,3718,4,5478,California
Mono,2021-03-10,286,9493,90,6533,193,2953,3,7,9,1497,275,3993,12,5490,California
Mono,2021-03-11,10,9503,0,6533,1,2954,9,16,0,1496,10,4003,9,5499,California
Mono,2021-03-12,7,9510,1,6534,1,2955,5,21,0,1494,7,4010,5,5504,California
Mono,2021-03-13,823,10333,386,6920,437,3392,0,21,815,2301,8,4018,815,6319,California
Mono,2021-03-14,4,10337,4,6924,0,3392,0,21,0,2297,4,4022,0,6319,California
Mono,2021-03-15,31,10368,23,6947,3,3395,5,26,14,2300,16,4038,19,6338,California
Mono,2021-03-16,16,10384,6,6953,4,3399,6,32,8,2306,8,4046,14,6352,California
Mono,2021-03-17,34,10418,5,6958,21,3420,8,40,22,2324,12,4058,30,6382,California
Mono,2021-03-18,21,10439,2,6960,11,3431,8,48,9,2329,12,4070,17,6399,California
Mono,2021-03-19,21,10460,1,6961,17,3448,3,51,17,2346,3,4073,20,6419,California
Mono,2021-03-20,5,10465,3,6964,1,3449,1,52,4,2350,1,4074,5,6424,California
Mono,2021-03-21,1,10466,1,6965,0,3449,0,52,1,2351,0,4074,1,6425,California
Mono,2021-03-22,11,10477,0,6965,6,3455,5,57,5,2355,6,4080,10,6435,California
Mono,2021-03-23,41,10518,5,6970,31,3486,5,62,17,2353,24,4104,22,6457,California
Mono,2021-03-24,13,10531,1,6971,7,3493,5,67,5,2355,8,4112,10,6467,California
Mono,2021-03-25,19,10550,3,6974,12,3505,4,71,12,2364,7,4119,16,6483,California
Mono,2021-03-26,19,10569,3,6977,11,3516,5,76,10,2371,8,4127,15,6498,California
Mono,2021-03-27,350,10919,347,7324,3,3519,0,76,324,2669,26,4153,324,6822,California
Mono,2021-03-28,1,10920,1,7325,0,3519,0,76,1,2670,0,4153,1,6823,California
Mono,2021-03-29,10,10930,3,7328,6,3525,1,77,8,2677,2,4155,9,6832,California
Mono,2021-03-30,12,10942,0,7328,8,3533,4,81,7,2683,5,4160,11,6843,California
Mono,2021-03-31,127,11069,7,7335,119,3652,1,82,47,2652,79,4239,48,6891,California
Mono,2021-04-01,8,11077,0,7335,7,3659,1,83,3,2651,5,4244,4,6895,California
Mono,2021-04-02,18,11095,2,7337,16,3675,0,83,7,2647,11,4255,7,6902,California
Mono,2021-04-03,868,11963,372,7709,496,4171,0,83,50,1887,816,5071,56,6958,California
Mono,2021-04-05,528,12491,17,7726,510,4681,1,84,30,1421,497,5568,31,6989,California
Mono,2021-04-06,19,12510,1,7727,5,4686,13,97,1,1417,18,5586,14,7003,California
Mono,2021-04-07,25,12535,3,7730,3,4689,19,116,4,1419,21,5607,23,7026,California
Mono,2021-04-08,22,12557,3,7733,2,4691,17,133,4,1422,18,5625,21,7047,California
Mono,2021-04-09,37,12594,4,7737,4,4695,29,162,7,1428,30,5655,36,7083,California
Mono,2021-04-10,446,13040,2,7739,437,5132,7,169,28,1045,418,6073,35,7118,California
Mono,2021-04-11,1,13041,1,7740,0,5132,0,169,0,1044,1,6074,0,7118,California
Mono,2021-04-12,6,13047,0,7740,3,5135,3,172,3,1047,3,6077,6,7124,California
Mono,2021-04-13,19,13066,2,7742,16,5151,1,173,13,1055,6,6083,14,7138,California
Mono,2021-04-14,26,13092,1,7743,25,5176,0,173,7,1043,19,6102,7,7145,California
Mono,2021-04-15,18,13110,3,7746,15,5191,0,173,9,1043,9,6111,9,7154,California
Mono,2021-04-16,16,13126,1,7747,15,5206,0,173,5,1037,11,6122,5,7159,California
Mono,2021-04-17,51,13177,2,7749,49,5255,0,173,44,1074,7,6129,44,7203,California
Mono,2021-04-18,1,13178,0,7749,1,5256,0,173,1,1075,0,6129,1,7204,California
Mono,2021-04-19,527,13705,319,8068,208,5464,0,173,201,952,324,6453,201,7405,California
Mono,2021-04-20,17,13722,2,8070,15,5479,0,173,12,959,5,6458,12,7417,California
Mono,2021-04-21,9,13731,1,8071,8,5487,0,173,4,958,5,6463,4,7421,California
Mono,2021-04-22,27,13758,13,8084,14,5501,0,173,13,957,14,6477,13,7434,California
Mono,2021-04-23,22,13780,2,8086,20,5521,0,173,12,959,10,6487,12,7446,California
Mono,2021-04-24,33,13813,20,8106,13,5534,0,173,18,962,15,6502,18,7464,California
Mono,2021-04-25,3,13816,2,8108,1,5535,0,173,3,965,0,6502,3,7467,California
Mono,2021-04-26,10,13826,1,8109,9,5544,0,173,2,959,8,6510,2,7469,California
Mono,2021-04-27,66,13892,40,8149,19,5563,7,180,50,1000,16,6526,57,7526,California
Mono,2021-04-28,63,13955,41,8190,18,5581,4,184,48,1039,13,6539,52,7578,California
Mono,2021-04-29,8,13963,1,8191,4,5585,3,187,2,1038,6,6545,5,7583,California
Mono,2021-04-30,16,13979,3,8194,10,5595,3,190,8,1041,8,6553,11,7594,California
Mono,2021-05-01,110,14089,4,8198,106,5701,0,190,98,1127,12,6565,98,7692,California
Mono,2021-05-03,1,14090,0,8198,1,5702,0,190,0,1126,1,6566,0,7692,California
Mono,2021-05-04,19,14109,0,8198,13,5715,6,196,10,1133,9,6575,16,7708,California
Mono,2021-05-05,53,14162,8,8206,41,5756,4,200,45,1174,8,6583,49,7757,California
Mono,2021-05-06,13,14175,3,8209,9,5765,1,201,9,1180,4,6587,10,7767,California
Mono,2021-05-07,29,14204,22,8231,7,5772,0,201,25,1201,4,6591,25,7792,California
Mono,2021-05-08,50,14254,5,8236,45,5817,0,201,22,1195,28,6619,22,7814,California
Mono,2021-05-10,16,14270,1,8237,11,5828,4,205,9,1201,7,6626,13,7827,California
Mono,2021-05-11,15,14285,2,8239,10,5838,3,208,5,1199,10,6636,8,7835,California
Mono,2021-05-12,12,14297,0,8239,11,5849,1,209,4,1196,8,6644,5,7840,California
Mono,2021-05-13,49,14346,35,8274,14,5863,0,209,40,1227,9,6653,40,7880,California
Mono,2021-05-14,8,14354,1,8275,6,5869,1,210,3,1226,5,6658,4,7884,California
Mono,2021-05-15,68,14422,27,8302,35,5904,6,216,20,1204,48,6706,26,7910,California
Mono,2021-05-16,8,14430,7,8309,1,5905,0,216,5,1206,3,6709,5,7915,California
Mono,2021-05-17,235,14665,31,8340,202,6107,2,218,53,1080,181,6890,55,7970,California
Monterey,2020-12-16,4,4,4,4,0,0,0,0,4,4,0,0,4,4,California
Monterey,2020-12-17,83,87,83,87,0,0,0,0,83,87,0,0,83,87,California
Monterey,2020-12-18,482,569,482,569,0,0,0,0,482,569,0,0,482,569,California
Monterey,2020-12-19,580,1149,580,1149,0,0,0,0,580,1149,0,0,580,1149,California
Monterey,2020-12-20,422,1571,422,1571,0,0,0,0,422,1571,0,0,422,1571,California
Monterey,2020-12-21,718,2289,718,2289,0,0,0,0,718,2289,0,0,718,2289,California
Monterey,2020-12-22,533,2822,520,2809,13,13,0,0,533,2822,0,0,533,2822,California
Monterey,2020-12-23,437,3259,262,3071,175,188,0,0,437,3259,0,0,437,3259,California
Monterey,2020-12-24,84,3343,10,3081,74,262,0,0,84,3343,0,0,84,3343,California
Monterey,2020-12-25,6,3349,0,3081,6,268,0,0,6,3349,0,0,6,3349,California
Monterey,2020-12-26,92,3441,5,3086,87,355,0,0,92,3441,0,0,92,3441,California
Monterey,2020-12-27,7,3448,4,3090,3,358,0,0,7,3448,0,0,7,3448,California
Monterey,2020-12-28,475,3923,25,3115,450,808,0,0,475,3923,0,0,475,3923,California
Monterey,2020-12-29,898,4821,167,3282,731,1539,0,0,898,4821,0,0,898,4821,California
Monterey,2020-12-30,567,5388,98,3380,469,2008,0,0,567,5388,0,0,567,5388,California
Monterey,2020-12-31,33,5421,11,3391,22,2030,0,0,33,5421,0,0,33,5421,California
Monterey,2021-01-01,12,5433,2,3393,10,2040,0,0,12,5433,0,0,12,5433,California
Monterey,2021-01-02,137,5570,134,3527,3,2043,0,0,137,5570,0,0,137,5570,California
Monterey,2021-01-03,30,5600,29,3556,1,2044,0,0,30,5600,0,0,30,5600,California
Monterey,2021-01-04,411,6011,18,3574,393,2437,0,0,411,6011,0,0,411,6011,California
Monterey,2021-01-05,752,6763,327,3901,425,2862,0,0,738,6735,14,14,738,6749,California
Monterey,2021-01-06,656,7419,172,4073,484,3346,0,0,634,7347,22,36,634,7383,California
Monterey,2021-01-07,745,8164,571,4644,174,3520,0,0,422,7448,321,357,422,7805,California
Monterey,2021-01-08,1087,9251,734,5378,353,3873,0,0,394,7149,693,1050,394,8199,California
Monterey,2021-01-09,964,10215,936,6314,28,3901,0,0,312,6809,652,1702,312,8511,California
Monterey,2021-01-10,274,10489,271,6585,3,3904,0,0,9,6553,265,1967,9,8520,California
Monterey,2021-01-11,1064,11553,984,7569,80,3984,0,0,362,6213,702,2669,362,8882,California
Monterey,2021-01-12,465,12018,388,7957,77,4061,0,0,204,6156,261,2930,204,9086,California
Monterey,2021-01-13,1217,13235,593,8550,624,4685,0,0,1171,7281,46,2976,1171,10257,California
Monterey,2021-01-14,1119,14354,165,8715,954,5639,0,0,1100,8366,19,2995,1104,11361,California
Monterey,2021-01-15,1046,15400,45,8760,1001,6640,0,0,1033,9386,13,3008,1033,12394,California
Monterey,2021-01-16,363,15763,300,9060,63,6703,0,0,358,9739,5,3013,358,12752,California
Monterey,2021-01-17,309,16072,288,9348,21,6724,0,0,296,10022,13,3026,296,13048,California
Monterey,2021-01-18,401,16473,50,9398,351,7075,0,0,380,10381,21,3047,380,13428,California
Monterey,2021-01-19,578,17051,396,9794,182,7257,0,0,419,10643,157,3204,419,13847,California
Monterey,2021-01-20,532,17583,270,10064,262,7519,0,0,326,10763,206,3410,326,14173,California
Monterey,2021-01-21,840,18423,92,10156,748,8267,0,0,730,11387,110,3520,734,14907,California
Monterey,2021-01-22,1048,19471,193,10349,855,9122,0,0,1009,12357,39,3559,1009,15916,California
Monterey,2021-01-23,241,19712,175,10524,66,9188,0,0,118,12354,122,3681,119,16035,California
Monterey,2021-01-24,56,19768,38,10562,18,9206,0,0,22,12342,34,3715,22,16057,California
Monterey,2021-01-25,782,20550,173,10735,609,9815,0,0,157,11881,618,4333,157,16214,California
Monterey,2021-01-26,927,21477,224,10959,703,10518,0,0,235,11424,692,5025,235,16449,California
Monterey,2021-01-27,861,22338,312,11271,549,11067,0,0,383,11329,478,5503,383,16832,California
Monterey,2021-01-28,2023,24361,739,12010,1284,12351,0,0,1682,12672,341,5844,1684,18516,California
Monterey,2021-01-29,1229,25590,707,12717,522,12873,0,0,1112,13669,116,5960,1113,19629,California
Monterey,2021-01-30,442,26032,294,13011,148,13021,0,0,186,13599,256,6216,186,19815,California
Monterey,2021-01-31,493,26525,71,13082,422,13443,0,0,483,14073,10,6226,484,20299,California
Monterey,2021-02-01,1652,28177,1140,14222,512,13955,0,0,1089,14600,562,6788,1089,21388,California
Monterey,2021-02-02,2160,30337,463,14685,1697,15652,0,0,1553,15547,606,7394,1553,22941,California
Monterey,2021-02-03,2328,32665,1045,15730,1283,16935,0,0,1553,16329,771,8165,1553,24494,California
Monterey,2021-02-04,2772,35437,2088,17818,684,17619,0,0,2463,18485,307,8472,2463,26957,California
Monterey,2021-02-05,3643,39080,2821,20639,822,18441,0,0,3207,21261,431,8903,3207,30164,California
Monterey,2021-02-06,1097,40177,379,21018,718,19159,0,0,755,21676,340,9243,755,30919,California
Monterey,2021-02-07,315,40492,270,21288,45,19204,0,0,96,21553,219,9462,96,31015,California
Monterey,2021-02-08,515,41007,290,21578,225,19429,0,0,426,21890,89,9551,426,31441,California
Monterey,2021-02-09,863,41870,675,22253,188,19617,0,0,553,22135,310,9861,555,31996,California
Monterey,2021-02-10,2085,43955,1113,23366,972,20589,0,0,1235,22521,850,10711,1236,33232,California
Monterey,2021-02-11,2500,46455,971,24337,1529,22118,0,0,1545,23115,953,11664,1547,34779,California
Monterey,2021-02-12,2585,49040,429,24766,2156,24274,0,0,1517,23566,1067,12731,1518,36297,California
Monterey,2021-02-13,1068,50108,50,24816,1018,25292,0,0,977,24452,91,12822,977,37274,California
Monterey,2021-02-14,592,50700,73,24889,519,25811,0,0,519,24898,73,12895,519,37793,California
Monterey,2021-02-15,1366,52066,160,25049,1206,27017,0,0,981,25497,383,13278,982,38775,California
Monterey,2021-02-16,1091,53157,245,25294,846,27863,0,0,867,26140,224,13502,867,39642,California
Monterey,2021-02-17,1937,55094,1164,26458,773,28636,0,0,1638,27483,297,13799,1640,41282,California
Monterey,2021-02-18,2226,57320,1177,27635,1049,29685,0,0,909,27091,1303,15102,911,42193,California
Monterey,2021-02-19,2937,60257,1534,29169,1403,31088,0,0,1346,26848,1590,16692,1347,43540,California
Monterey,2021-02-20,1008,61265,608,29777,400,31488,0,0,952,27745,55,16747,952,44492,California
Monterey,2021-02-21,1247,62512,1219,30996,28,31516,0,0,1177,28854,68,16815,1177,45669,California
Monterey,2021-02-22,976,63488,844,31840,132,31648,0,0,644,29168,330,17145,644,46313,California
Monterey,2021-02-23,955,64443,622,32462,333,31981,0,0,303,28821,651,17796,304,46617,California
Monterey,2021-02-24,2464,66907,1315,33777,1149,33130,0,0,1851,30065,608,18404,1852,48469,California
Monterey,2021-02-25,4409,71316,2419,36196,1990,35120,0,0,1477,28618,2925,21329,1478,49947,California
Monterey,2021-02-26,5247,76563,3080,39276,2167,37287,0,0,2623,28621,2621,23950,2624,52571,California
Monterey,2021-02-27,1001,77564,187,39463,814,38101,0,0,810,29245,186,24136,810,53381,California
Monterey,2021-02-28,1529,79093,82,39545,1447,39548,0,0,1067,29855,457,24593,1067,54448,California
Monterey,2021-03-01,1283,80376,139,39684,1141,40689,3,3,746,30072,533,25126,750,55198,California
Monterey,2021-03-02,2784,83160,1729,41413,1055,41744,0,3,1931,31154,849,25975,1931,57129,California
Monterey,2021-03-03,3205,86365,1241,42654,1964,43708,0,3,1265,30482,1938,27913,1266,58395,California
Monterey,2021-03-04,4550,90915,1467,44121,3083,46791,0,3,2950,31836,1596,29509,2950,61345,California
Monterey,2021-03-05,3588,94503,1619,45740,1692,48483,277,280,2956,34438,631,30140,3233,64578,California
Monterey,2021-03-06,5053,99556,1068,46808,3682,52165,303,583,4149,37987,901,31041,4450,69028,California
Monterey,2021-03-07,520,100076,108,46916,167,52332,245,828,233,38176,287,31328,476,69504,California
Monterey,2021-03-08,1657,101733,326,47242,942,53274,389,1217,1118,39142,539,31867,1505,71009,California
Monterey,2021-03-09,1908,103641,680,47922,952,54226,276,1493,1416,40341,491,32358,1690,72699,California
Monterey,2021-03-10,3125,106766,1023,48945,1614,55840,488,1981,1419,40548,1699,34057,1906,74605,California
Monterey,2021-03-11,4109,110875,1409,50354,2327,58167,373,2354,2348,41515,1754,35811,2721,77326,California
Monterey,2021-03-12,4315,115190,2047,52401,2133,60300,135,2489,2632,42601,1680,37491,2766,80092,California
Monterey,2021-03-13,5249,120439,959,53360,3943,64243,347,2836,3942,45583,1307,38798,4289,84381,California
Monterey,2021-03-14,2148,122587,1326,54686,797,65040,25,2861,571,44613,1566,40364,596,84977,California
Monterey,2021-03-15,3938,126525,1266,55952,2383,67423,289,3150,2253,45474,1680,42044,2541,87518,California
Monterey,2021-03-16,3488,130013,574,56526,2539,69962,375,3525,2076,46510,1411,43455,2447,89965,California
Monterey,2021-03-17,5705,135718,2336,58862,3116,73078,253,3778,4108,49286,1590,45045,4366,94331,California
Monterey,2021-03-18,4355,140073,2154,61016,2033,75111,168,3946,2997,51136,1352,46397,3202,97533,California
Monterey,2021-03-19,5392,145465,2559,63575,2689,77800,144,4090,4117,54128,1270,47667,4262,101795,California
Monterey,2021-03-20,3311,148776,419,63994,2197,79997,695,4785,2227,55969,1081,48748,2922,104717,California
Monterey,2021-03-21,623,149399,200,64194,415,80412,8,4793,555,56465,66,48814,562,105279,California
Monterey,2021-03-22,2459,151858,1434,65628,963,81375,62,4855,2250,58570,205,49019,2310,107589,California
Monterey,2021-03-23,3974,155832,2350,67978,1581,82956,43,4898,2513,59669,1456,50475,2555,110144,California
Monterey,2021-03-24,4992,160824,2088,70066,2594,85550,310,5208,3635,62258,1353,51828,3942,114086,California
Monterey,2021-03-25,5212,166036,1210,71276,3645,89195,357,5565,2589,62590,2616,54444,2948,117034,California
Monterey,2021-03-26,5291,171327,2601,73877,2624,91819,66,5631,2655,62686,2627,57071,2723,119757,California
Monterey,2021-03-27,4800,176127,1424,75301,3120,94939,256,5887,3087,64320,1710,58781,3344,123101,California
Monterey,2021-03-28,1106,177233,332,75633,765,95704,9,5896,621,64471,480,59261,631,123732,California
Monterey,2021-03-29,3169,180402,1404,77037,1751,97455,14,5910,1950,65227,1212,60473,1968,125700,California
Monterey,2021-03-30,4437,184839,2131,79168,2263,99718,43,5953,2721,66289,1706,62179,2768,128468,California
Monterey,2021-03-31,5293,190132,2377,81545,2126,101844,790,6743,3332,68445,1958,64137,4114,132582,California
Monterey,2021-04-01,6096,196228,2111,83656,3573,105417,412,7155,3068,68915,3013,67150,3483,136065,California
Monterey,2021-04-02,4665,200893,2243,85899,2361,107778,61,7216,3166,70647,1498,68648,3230,139295,California
Monterey,2021-04-03,5790,206683,1109,87008,3660,111438,1021,8237,1189,68261,4589,73237,2203,141498,California
Monterey,2021-04-04,759,207442,157,87165,588,112026,14,8251,491,68500,268,73505,507,142005,California
Monterey,2021-04-05,3983,211425,2470,89635,1284,113310,229,8480,1469,67689,2509,76014,1698,143703,California
Monterey,2021-04-06,3339,214764,1321,90956,1546,114856,472,8952,1116,67054,2221,78235,1586,145289,California
Monterey,2021-04-07,5483,220247,1365,92321,3607,118463,511,9463,2642,67373,2830,81065,3149,148438,California
Monterey,2021-04-08,6468,226715,3450,95771,2216,120679,802,10265,3169,68052,3293,84358,3972,152410,California
Monterey,2021-04-09,5506,232221,3356,99127,1517,122196,633,10898,2216,67613,3287,87645,2848,155258,California
Monterey,2021-04-10,10022,242243,4874,104001,3001,125197,2147,13045,4896,69538,5116,92761,7041,162299,California
Monterey,2021-04-11,5406,247649,4239,108240,566,125763,601,13646,4363,73462,1037,93798,4961,167260,California
Monterey,2021-04-12,4061,251710,1844,110084,1904,127667,313,13959,907,71666,3016,96814,1220,168480,California
Monterey,2021-04-13,3095,254805,720,110804,2370,130037,5,13964,1469,71535,1607,98421,1476,169956,California
Monterey,2021-04-14,6567,261372,3115,113919,3449,133486,3,13967,1799,68582,4755,103176,1802,171758,California
Monterey,2021-04-15,5743,267115,3887,117806,1856,135342,0,13967,3828,70525,1886,105062,3829,175587,California
Monterey,2021-04-16,4667,271782,2392,120198,2261,137603,14,13981,2174,70230,2483,107545,2188,177775,California
Monterey,2021-04-17,5522,277304,1347,121545,4175,141778,0,13981,3697,72115,1812,109357,3697,181472,California
Monterey,2021-04-18,832,278136,251,121796,581,142359,0,13981,235,71757,593,109950,235,181707,California
Monterey,2021-04-19,3671,281807,1286,123082,2385,144744,0,13981,1752,71598,1911,111861,1752,183459,California
Monterey,2021-04-20,3760,285567,1578,124660,2182,146926,0,13981,1548,70956,2191,114052,1549,185008,California
Monterey,2021-04-21,5777,291344,3152,127812,2625,149551,0,13981,2832,70880,2910,116962,2834,187842,California
Monterey,2021-04-22,4701,296045,1017,128829,3684,153235,0,13981,1952,70122,2710,119672,1952,189794,California
Monterey,2021-04-23,5626,301671,2627,131456,2998,156233,1,13982,2210,68938,3398,123070,2214,192008,California
Monterey,2021-04-24,4133,305804,584,132040,3549,159782,0,13982,1517,67858,2597,125667,1517,193525,California
Monterey,2021-04-25,1236,307040,604,132644,632,160414,0,13982,789,68209,438,126105,789,194314,California
Monterey,2021-04-26,3465,310505,2171,134815,1277,161691,17,13999,874,66534,2566,128671,891,195205,California
Monterey,2021-04-27,2562,313067,900,135715,1545,163236,117,14116,1117,66327,1440,130111,1233,196438,California
Monterey,2021-04-28,3492,316559,1355,137070,1999,165235,138,14254,2170,67323,1309,131420,2305,198743,California
Monterey,2021-04-29,4377,320936,2406,139476,1895,167130,76,14330,1628,66289,2739,134159,1705,200448,California
Monterey,2021-04-30,3075,324011,1654,141130,1345,168475,76,14406,760,64817,2306,136465,834,201282,California
Monterey,2021-05-01,5603,329614,4229,145359,1334,169809,40,14446,678,60623,4910,141375,716,201998,California
Monterey,2021-05-02,4349,333963,3923,149282,399,170208,27,14473,324,56962,4012,145387,351,202349,California
Monterey,2021-05-03,2516,336479,1561,150843,839,171047,116,14589,584,55740,1922,147309,700,203049,California
Monterey,2021-05-04,1725,338204,586,151429,1049,172096,90,14679,628,55375,1084,148393,719,203768,California
Monterey,2021-05-05,3240,341444,1183,152612,1972,174068,85,14764,1050,54334,2177,150570,1136,204904,California
Monterey,2021-05-06,4120,345564,2739,155351,1164,175232,217,14981,1142,52731,2962,153532,1359,206263,California
Monterey,2021-05-07,1914,347478,932,156283,883,176115,99,15080,700,52322,1207,154739,798,207061,California
Monterey,2021-05-08,2572,350050,1366,157649,884,176999,322,15402,916,51912,1645,156384,1235,208296,California
Monterey,2021-05-09,394,350444,113,157762,255,177254,26,15428,143,51831,250,156634,169,208465,California
Monterey,2021-05-10,2583,353027,1854,159616,682,177936,47,15475,342,49989,2232,158866,390,208855,California
Monterey,2021-05-11,1739,354766,888,160504,787,178723,64,15539,738,49804,987,159853,802,209657,California
Monterey,2021-05-12,3561,358327,1948,162452,1543,180266,70,15609,787,47900,2762,162615,858,210515,California
Monterey,2021-05-13,2191,360518,1289,163741,861,181127,41,15650,1224,48210,952,163567,1262,211777,California
Monterey,2021-05-14,1708,362226,493,164234,1150,182277,65,15715,703,47983,995,164562,768,212545,California
Monterey,2021-05-15,2146,364372,518,164752,1398,183675,230,15945,520,47115,1617,166179,749,213294,California
Monterey,2021-05-16,457,364829,403,165155,33,183708,21,15966,32,46744,424,166603,53,213347,California
Monterey,2021-05-17,1374,366203,976,166131,363,184071,35,16001,684,46784,679,167282,719,214066,California
Napa,2020-12-16,12,12,12,12,0,0,0,0,12,12,0,0,12,12,California
Napa,2020-12-17,44,56,44,56,0,0,0,0,44,56,0,0,44,56,California
Napa,2020-12-18,102,158,102,158,0,0,0,0,102,158,0,0,102,158,California
Napa,2020-12-19,221,379,221,379,0,0,0,0,221,379,0,0,221,379,California
Napa,2020-12-20,190,569,190,569,0,0,0,0,190,569,0,0,190,569,California
Napa,2020-12-21,312,881,312,881,0,0,0,0,313,882,0,0,313,882,California
Napa,2020-12-22,340,1221,331,1212,9,9,0,0,340,1222,0,0,340,1222,California
Napa,2020-12-23,429,1650,319,1531,110,119,0,0,429,1651,0,0,429,1651,California
Napa,2020-12-24,139,1789,78,1609,61,180,0,0,139,1790,0,0,139,1790,California
Napa,2020-12-25,1,1790,1,1610,0,180,0,0,1,1791,0,0,1,1791,California
Napa,2020-12-26,39,1829,11,1621,28,208,0,0,39,1830,0,0,39,1830,California
Napa,2020-12-27,32,1861,16,1637,16,224,0,0,32,1862,0,0,32,1862,California
Napa,2020-12-28,252,2113,186,1823,66,290,0,0,281,2143,0,0,281,2143,California
Napa,2020-12-29,274,2387,215,2038,59,349,0,0,307,2450,0,0,307,2450,California
Napa,2020-12-30,628,3015,485,2523,143,492,0,0,636,3086,0,0,636,3086,California
Napa,2020-12-31,459,3474,371,2894,88,580,0,0,459,3545,0,0,459,3545,California
Napa,2021-01-01,1,3475,1,2895,0,580,0,0,1,3546,0,0,1,3546,California
Napa,2021-01-02,98,3573,93,2988,5,585,0,0,98,3644,0,0,98,3644,California
Napa,2021-01-03,13,3586,11,2999,2,587,0,0,9,3653,0,0,9,3653,California
Napa,2021-01-04,107,3693,64,3063,43,630,0,0,107,3760,0,0,107,3760,California
Napa,2021-01-05,162,3855,85,3148,77,707,0,0,145,3881,24,24,145,3905,California
Napa,2021-01-06,460,4315,115,3263,345,1052,0,0,396,4215,62,86,396,4301,California
Napa,2021-01-07,498,4813,235,3498,263,1315,0,0,397,4512,100,186,397,4698,California
Napa,2021-01-08,444,5257,228,3726,216,1531,0,0,262,4593,181,367,262,4960,California
Napa,2021-01-09,325,5582,300,4026,25,1556,0,0,189,4646,136,503,189,5149,California
Napa,2021-01-10,186,5768,103,4129,83,1639,0,0,109,4678,77,580,109,5258,California
Napa,2021-01-11,882,6650,426,4555,456,2095,0,0,509,4815,374,954,511,5769,California
Napa,2021-01-12,1314,7964,372,4927,942,3037,0,0,997,5495,317,1271,997,6766,California
Napa,2021-01-13,1311,9275,264,5191,1047,4084,0,0,1149,6484,161,1432,1150,7916,California
Napa,2021-01-14,1054,10329,173,5364,881,4965,0,0,936,7304,116,1548,936,8852,California
Napa,2021-01-15,1455,11784,384,5748,1071,6036,0,0,1306,8454,157,1705,1307,10159,California
Napa,2021-01-16,358,12142,134,5882,224,6260,0,0,340,8776,18,1723,340,10499,California
Napa,2021-01-17,341,12483,176,6058,165,6425,0,0,331,9097,10,1733,331,10830,California
Napa,2021-01-18,1081,13564,197,6255,884,7309,0,0,990,9996,91,1824,990,11820,California
Napa,2021-01-19,1009,14573,404,6659,605,7914,0,0,767,10522,241,2065,767,12587,California
Napa,2021-01-20,825,15398,185,6844,640,8554,0,0,642,10983,181,2246,642,13229,California
Napa,2021-01-21,1336,16734,374,7218,962,9516,0,0,1081,11811,254,2500,1082,14311,California
Napa,2021-01-22,1541,18275,412,7630,1129,10645,0,0,1214,12700,326,2826,1215,15526,California
Napa,2021-01-23,398,18673,318,7948,80,10725,0,0,336,12974,62,2888,336,15862,California
Napa,2021-01-24,265,18938,188,8136,77,10802,0,0,208,13125,57,2945,208,16070,California
Napa,2021-01-25,1521,20459,231,8367,1290,12092,0,0,1431,14466,90,3035,1431,17501,California
Napa,2021-01-26,880,21339,286,8653,594,12686,0,0,786,15159,94,3129,787,18288,California
Napa,2021-01-27,626,21965,221,8874,405,13091,0,0,470,15474,156,3285,471,18759,California
Napa,2021-01-28,389,22354,176,9050,213,13304,0,0,197,15481,190,3475,197,18956,California
Napa,2021-01-29,256,22610,65,9115,191,13495,0,0,161,15547,95,3570,161,19117,California
Napa,2021-01-30,805,23415,696,9811,109,13604,0,0,641,16024,164,3734,641,19758,California
Napa,2021-01-31,656,24071,625,10436,31,13635,0,0,630,16628,26,3760,630,20388,California
Napa,2021-02-01,315,24386,110,10546,205,13840,0,0,163,16639,152,3912,163,20551,California
Napa,2021-02-02,608,24994,280,10826,328,14168,0,0,297,16628,308,4220,297,20848,California
Napa,2021-02-03,745,25739,309,11135,436,14604,0,0,430,16744,314,4534,430,21278,California
Napa,2021-02-04,789,26528,373,11508,416,15020,0,0,441,16839,346,4880,441,21719,California
Napa,2021-02-05,711,27239,310,11818,401,15421,0,0,344,16816,367,5247,344,22063,California
Napa,2021-02-06,434,27673,146,11964,288,15709,0,0,328,17038,106,5353,328,22391,California
Napa,2021-02-07,176,27849,163,12127,13,15722,0,0,71,17004,105,5458,71,22462,California
Napa,2021-02-08,836,28685,191,12318,645,16367,0,0,274,16719,559,6017,274,22736,California
Napa,2021-02-09,1081,29766,447,12765,634,17001,0,0,441,16520,640,6657,441,23177,California
Napa,2021-02-10,1720,31486,193,12958,1527,18528,0,0,452,15708,1265,7922,453,23630,California
Napa,2021-02-11,1496,32982,195,13153,1301,19829,0,0,407,15039,1076,8998,407,24037,California
Napa,2021-02-12,2164,35146,842,13995,1322,21151,0,0,724,14327,1436,10434,724,24761,California
Napa,2021-02-13,501,35647,53,14048,448,21599,0,0,315,14456,186,10620,315,25076,California
Napa,2021-02-14,357,36004,89,14137,268,21867,0,0,195,14489,162,10782,195,25271,California
Napa,2021-02-15,877,36881,183,14320,694,22561,0,0,222,14058,653,11435,222,25493,California
Napa,2021-02-16,1288,38169,597,14917,691,23252,0,0,612,13996,674,12109,612,26105,California
Napa,2021-02-17,1051,39220,534,15451,517,23769,0,0,482,13911,567,12676,482,26587,California
Napa,2021-02-18,1902,41122,486,15937,1416,25185,0,0,659,13330,1240,13916,659,27246,California
Napa,2021-02-19,1482,42604,587,16524,895,26080,0,0,676,13201,805,14721,676,27922,California
Napa,2021-02-20,823,43427,597,17121,226,26306,0,0,274,12926,549,15270,274,28196,California
Napa,2021-02-21,816,44243,753,17874,63,26369,0,0,213,12536,603,15873,213,28409,California
Napa,2021-02-22,446,44689,189,18063,257,26626,0,0,140,12370,306,16179,140,28549,California
Napa,2021-02-23,1129,45818,305,18368,824,27450,0,0,313,11867,816,16995,313,28862,California
Napa,2021-02-24,1163,46981,644,19012,519,27969,0,0,577,11860,584,17579,577,29439,California
Napa,2021-02-25,2556,49537,1224,20236,1332,29301,0,0,1846,12997,709,18288,1846,31285,California
Napa,2021-02-26,1508,51045,531,20767,977,30278,0,0,596,12683,910,19198,596,31881,California
Napa,2021-02-27,1128,52173,386,21153,742,31020,0,0,876,13309,250,19448,876,32757,California
Napa,2021-02-28,561,52734,460,21613,101,31121,0,0,462,13674,97,19545,462,33219,California
Napa,2021-03-01,1104,53838,818,22431,286,31407,0,0,833,14237,270,19815,833,34052,California
Napa,2021-03-02,1506,55344,1046,23477,460,31867,0,0,1164,15060,341,20156,1164,35216,California
Napa,2021-03-03,1555,56899,690,24167,865,32732,0,0,1370,16246,184,20340,1370,36586,California
Napa,2021-03-04,1709,58608,785,24952,924,33656,0,0,1471,17482,235,20575,1471,38057,California
Napa,2021-03-05,1895,60503,788,25740,1103,34759,4,4,1475,18543,418,20993,1479,39536,California
Napa,2021-03-06,647,61150,280,26020,336,35095,31,35,535,18999,110,21103,566,40102,California
Napa,2021-03-07,521,61671,318,26338,188,35283,15,50,372,19237,149,21252,387,40489,California
Napa,2021-03-08,708,62379,330,26668,325,35608,53,103,531,19646,175,21427,584,41073,California
Napa,2021-03-09,1637,64016,573,27241,1018,36626,46,149,1205,20468,429,21856,1251,42324,California
Napa,2021-03-10,1478,65494,917,28158,468,37094,93,242,777,20640,697,22553,869,43193,California
Napa,2021-03-11,1878,67372,1060,29218,688,37782,130,372,985,20862,893,23446,1115,44308,California
Napa,2021-03-12,1506,68878,914,30132,496,38278,96,468,801,21055,703,24149,896,45204,California
Napa,2021-03-13,1166,70044,301,30433,840,39118,25,493,827,21570,337,24486,852,46056,California
Napa,2021-03-14,612,70656,330,30763,134,39252,148,641,214,21534,397,24883,361,46417,California
Napa,2021-03-15,950,71606,409,31172,472,39724,69,710,479,21613,469,25352,548,46965,California
Napa,2021-03-16,1841,73447,389,31561,1326,41050,126,836,1375,22653,462,25814,1502,48467,California
Napa,2021-03-17,2503,75950,1851,33412,473,41523,179,1015,1590,23509,913,26727,1769,50236,California
Napa,2021-03-18,2110,78060,921,34333,1179,42702,10,1025,1284,23979,824,27551,1294,51530,California
Napa,2021-03-19,1443,79503,872,35205,543,43245,28,1053,709,23985,731,28282,737,52267,California
Napa,2021-03-20,1008,80511,529,35734,326,43571,153,1206,427,23985,580,28862,580,52847,California
Napa,2021-03-21,702,81213,680,36414,20,43591,2,1208,349,23984,352,29214,351,53198,California
Napa,2021-03-22,1295,82508,1119,37533,165,43756,11,1219,492,23689,798,30012,503,53701,California
Napa,2021-03-23,1869,84377,1177,38710,675,44431,17,1236,1003,23847,862,30874,1020,54721,California
Napa,2021-03-24,1706,86083,945,39655,753,45184,8,1244,819,23788,886,31760,827,55548,California
Napa,2021-03-25,1916,87999,1052,40707,810,45994,54,1298,767,23466,1143,32903,821,56369,California
Napa,2021-03-26,1299,89298,831,41538,462,46456,6,1304,593,23363,702,33605,599,56968,California
Napa,2021-03-27,952,90250,432,41970,493,46949,27,1331,318,23074,634,34239,345,57313,California
Napa,2021-03-28,484,90734,374,42344,103,47052,7,1338,184,22966,299,34538,191,57504,California
Napa,2021-03-29,1195,91929,871,43215,319,47371,5,1343,735,23247,459,34997,740,58244,California
Napa,2021-03-30,2557,94486,931,44146,1622,48993,4,1347,1769,24233,788,35785,1774,60018,California
Napa,2021-03-31,1966,96452,959,45105,938,49931,69,1416,804,23945,1159,36944,871,60889,California
Napa,2021-04-01,1741,98193,839,45944,785,50716,117,1533,477,23281,1258,38202,594,61483,California
Napa,2021-04-02,1849,100042,825,46769,883,51599,141,1674,468,22519,1378,39580,616,62099,California
Napa,2021-04-03,628,100670,364,47133,205,51804,59,1733,212,22373,416,39996,270,62369,California
Napa,2021-04-04,355,101025,144,47277,153,51957,58,1791,125,22327,229,40225,183,62552,California
Napa,2021-04-05,1266,102291,756,48033,291,52248,219,2010,572,22425,693,40918,791,63343,California
Napa,2021-04-06,2232,104523,560,48593,1418,53666,254,2264,528,21506,1701,42619,782,64125,California
Napa,2021-04-07,1727,106250,704,49297,802,54468,221,2485,526,21057,1196,43815,747,64872,California
Napa,2021-04-08,1847,108097,1058,50355,419,54887,370,2855,957,21497,886,44701,1326,66198,California
Napa,2021-04-09,1530,109627,919,51274,309,55196,302,3157,676,21622,852,45553,977,67175,California
Napa,2021-04-10,1031,110658,346,51620,584,55780,101,3258,239,21170,791,46344,339,67514,California
Napa,2021-04-11,384,111042,299,51919,62,55842,23,3281,155,21119,229,46573,178,67692,California
Napa,2021-04-12,784,111826,302,52221,358,56200,124,3405,290,21037,493,47066,411,68103,California
Napa,2021-04-13,2526,114352,844,53065,1682,57882,0,3405,924,20364,1597,48663,924,69027,California
Napa,2021-04-14,2066,116418,981,54046,1085,58967,0,3405,1006,20319,1051,49714,1006,70033,California
Napa,2021-04-15,2057,118475,529,54575,1528,60495,0,3405,880,20027,1172,50886,880,70913,California
Napa,2021-04-16,2892,121367,1568,56143,1324,61819,0,3405,2181,21499,709,51595,2181,73094,California
Napa,2021-04-17,1127,122494,265,56408,862,62681,0,3405,828,22030,297,51892,828,73922,California
Napa,2021-04-18,264,122758,172,56580,92,62773,0,3405,117,22001,146,52038,117,74039,California
Napa,2021-04-19,609,123367,339,56919,270,63043,0,3405,266,21925,342,52380,266,74305,California
Napa,2021-04-20,3029,126396,2055,58974,974,64017,0,3405,2077,23052,951,53331,2078,76383,California
Napa,2021-04-21,2913,129309,2153,61127,760,64777,0,3405,1858,23861,1050,54381,1859,78242,California
Napa,2021-04-22,1631,130940,1130,62257,501,65278,0,3405,833,23901,793,55174,833,79075,California
Napa,2021-04-23,1624,132564,1246,63503,376,65654,2,3407,1152,24585,468,55642,1152,80227,California
Napa,2021-04-24,557,133121,316,63819,241,65895,0,3407,284,24599,270,55912,284,80511,California
Napa,2021-04-25,250,133371,192,64011,58,65953,0,3407,130,24610,119,56031,130,80641,California
Napa,2021-04-26,509,133880,264,64275,245,66198,0,3407,264,24633,241,56272,264,80905,California
Napa,2021-04-27,1641,135521,438,64713,1192,67390,11,3418,673,24352,965,57237,684,81589,California
Napa,2021-04-28,971,136492,426,65139,528,67918,17,3435,319,24037,651,57888,336,81925,California
Napa,2021-04-29,638,137130,324,65463,295,68213,19,3454,198,23818,435,58323,216,82141,California
Napa,2021-04-30,599,137729,300,65763,235,68448,64,3518,248,23779,350,58673,311,82452,California
Napa,2021-05-01,320,138049,265,66028,44,68492,11,3529,117,23704,203,58876,128,82580,California
Napa,2021-05-02,237,138286,193,66221,38,68530,6,3535,99,23672,137,59013,105,82685,California
Napa,2021-05-03,623,138909,497,66718,91,68621,35,3570,102,23293,517,59530,138,82823,California
Napa,2021-05-04,1125,140034,717,67435,299,68920,109,3679,297,22875,824,60354,406,83229,California
Napa,2021-05-05,1019,141053,687,68122,296,69216,36,3715,256,22407,760,61114,292,83521,California
Napa,2021-05-06,712,141765,315,68437,374,69590,23,3738,368,22462,336,61450,391,83912,California
Napa,2021-05-07,555,142320,353,68790,158,69748,44,3782,174,22301,378,61828,217,84129,California
Napa,2021-05-08,249,142569,158,68948,80,69828,11,3793,88,22240,160,61988,99,84228,California
Napa,2021-05-09,108,142677,77,69025,31,69859,0,3793,50,22232,58,62046,50,84278,California
Napa,2021-05-10,411,143088,137,69162,255,70114,19,3812,105,22051,305,62351,124,84402,California
Napa,2021-05-11,2146,145234,1767,70929,354,70468,25,3837,371,20678,1769,64120,396,84798,California
Napa,2021-05-12,2157,147391,1352,72281,751,71219,54,3891,313,19205,1840,65960,367,85165,California
Napa,2021-05-13,1802,149193,1126,73407,640,71859,36,3927,754,18954,1041,67001,790,85955,California
Napa,2021-05-14,1807,151000,1053,74460,676,72535,78,4005,485,18201,1317,68318,564,86519,California
Napa,2021-05-15,850,151850,342,74802,498,73033,10,4015,255,17872,594,68912,265,86784,California
Napa,2021-05-16,122,151972,64,74866,56,73089,2,4017,5,17762,117,69029,7,86791,California
Napa,2021-05-17,440,152412,203,75069,219,73308,18,4035,211,17815,176,69205,229,87020,California
Nevada,2020-12-16,3,3,3,3,0,0,0,0,3,3,0,0,3,3,California
Nevada,2020-12-17,6,9,6,9,0,0,0,0,6,9,0,0,6,9,California
Nevada,2020-12-18,52,61,52,61,0,0,0,0,52,61,0,0,52,61,California
Nevada,2020-12-19,55,116,55,116,0,0,0,0,55,116,0,0,55,116,California
Nevada,2020-12-20,12,128,12,128,0,0,0,0,12,128,0,0,12,128,California
Nevada,2020-12-21,69,197,69,197,0,0,0,0,69,197,0,0,69,197,California
Nevada,2020-12-22,91,288,89,286,2,2,0,0,91,288,0,0,91,288,California
Nevada,2020-12-23,233,521,202,488,31,33,0,0,233,521,0,0,233,521,California
Nevada,2020-12-24,13,534,11,499,2,35,0,0,13,534,0,0,13,534,California
Nevada,2020-12-25,3,537,3,502,0,35,0,0,3,537,0,0,3,537,California
Nevada,2020-12-26,6,543,4,506,2,37,0,0,6,543,0,0,6,543,California
Nevada,2020-12-27,88,631,88,594,0,37,0,0,88,631,0,0,88,631,California
Nevada,2020-12-28,170,801,93,687,77,114,0,0,170,801,0,0,170,801,California
Nevada,2020-12-29,99,900,73,760,26,140,0,0,99,900,0,0,99,900,California
Nevada,2020-12-30,86,986,66,826,20,160,0,0,86,986,0,0,86,986,California
Nevada,2020-12-31,39,1025,9,835,30,190,0,0,39,1025,0,0,39,1025,California
Nevada,2021-01-01,2,1027,0,835,2,192,0,0,2,1027,0,0,2,1027,California
Nevada,2021-01-02,1,1028,1,836,0,192,0,0,1,1028,0,0,1,1028,California
Nevada,2021-01-03,129,1157,126,962,3,195,0,0,129,1157,0,0,129,1157,California
Nevada,2021-01-04,71,1228,47,1009,24,219,0,0,71,1228,0,0,71,1228,California
Nevada,2021-01-05,273,1501,132,1141,141,360,0,0,272,1499,1,1,272,1500,California
Nevada,2021-01-06,91,1592,43,1184,48,408,0,0,83,1574,8,9,83,1583,California
Nevada,2021-01-07,215,1807,43,1227,172,580,0,0,208,1777,6,15,209,1792,California
Nevada,2021-01-08,221,2028,129,1356,92,672,0,0,168,1893,53,68,169,1961,California
Nevada,2021-01-09,64,2092,56,1412,8,680,0,0,16,1861,48,116,16,1977,California
Nevada,2021-01-10,18,2110,9,1421,9,689,0,0,10,1863,8,124,10,1987,California
Nevada,2021-01-11,185,2295,131,1552,54,743,0,0,57,1792,128,252,57,2044,California
Nevada,2021-01-12,597,2892,451,2003,146,889,0,0,531,2257,66,318,531,2575,California
Nevada,2021-01-13,260,3152,147,2150,113,1002,0,0,125,2247,135,453,125,2700,California
Nevada,2021-01-14,238,3390,127,2277,111,1113,0,0,220,2450,17,470,220,2920,California
Nevada,2021-01-15,395,3785,170,2447,225,1338,0,0,297,2649,98,568,297,3217,California
Nevada,2021-01-16,296,4081,15,2462,281,1619,0,0,292,2937,4,572,292,3509,California
Nevada,2021-01-17,35,4116,31,2493,4,1623,0,0,33,2968,2,574,33,3542,California
Nevada,2021-01-18,155,4271,45,2538,110,1733,0,0,143,3099,12,586,143,3685,California
Nevada,2021-01-19,244,4515,85,2623,159,1892,0,0,225,3305,19,605,225,3910,California
Nevada,2021-01-20,266,4781,161,2784,105,1997,0,0,253,3545,13,618,253,4163,California
Nevada,2021-01-21,338,5119,207,2991,131,2128,0,0,325,3857,13,631,325,4488,California
Nevada,2021-01-22,363,5482,226,3217,137,2265,0,0,333,4160,30,661,333,4821,California
Nevada,2021-01-23,179,5661,105,3322,74,2339,0,0,179,4339,0,661,179,5000,California
Nevada,2021-01-24,105,5766,98,3420,7,2346,0,0,66,4366,39,700,66,5066,California
Nevada,2021-01-25,267,6033,137,3557,130,2476,0,0,206,4511,61,761,206,5272,California
Nevada,2021-01-26,402,6435,141,3698,261,2737,0,0,298,4705,104,865,298,5570,California
Nevada,2021-01-27,419,6854,248,3946,171,2908,0,0,395,5076,24,889,395,5965,California
Nevada,2021-01-28,470,7324,319,4265,151,3059,0,0,426,5459,43,932,426,6391,California
Nevada,2021-01-29,603,7927,392,4657,211,3270,0,0,576,6010,26,958,577,6968,California
Nevada,2021-01-30,232,8159,105,4762,127,3397,0,0,229,6236,3,961,229,7197,California
Nevada,2021-01-31,103,8262,86,4848,17,3414,0,0,101,6337,1,962,102,7299,California
Nevada,2021-02-01,291,8553,71,4919,220,3634,0,0,277,6600,14,976,277,7576,California
Nevada,2021-02-02,521,9074,184,5103,337,3971,0,0,322,6723,199,1175,322,7898,California
Nevada,2021-02-03,812,9886,572,5675,240,4211,0,0,758,7428,53,1228,758,8656,California
Nevada,2021-02-04,738,10624,391,6066,347,4558,0,0,488,7667,249,1477,488,9144,California
Nevada,2021-02-05,644,11268,367,6433,277,4835,0,0,455,7935,187,1664,455,9599,California
Nevada,2021-02-06,269,11537,83,6516,186,5021,0,0,242,8150,27,1691,242,9841,California
Nevada,2021-02-07,245,11782,192,6708,53,5074,0,0,190,8285,55,1746,190,10031,California
Nevada,2021-02-08,651,12433,407,7115,244,5318,0,0,551,8736,100,1846,551,10582,California
Nevada,2021-02-09,602,13035,337,7452,265,5583,0,0,463,9060,139,1985,463,11045,California
Nevada,2021-02-10,648,13683,323,7775,325,5908,0,0,417,9247,231,2216,418,11463,California
Nevada,2021-02-11,871,14554,505,8280,366,6274,0,0,542,9461,328,2544,542,12005,California
Nevada,2021-02-12,938,15492,437,8717,501,6775,0,0,617,9760,318,2862,617,12622,California
Nevada,2021-02-13,600,16092,236,8953,364,7139,0,0,388,9941,208,3070,389,13011,California
Nevada,2021-02-14,229,16321,119,9072,110,7249,0,0,201,10114,28,3098,201,13212,California
Nevada,2021-02-15,709,17030,438,9510,271,7520,0,0,535,10475,174,3272,535,13747,California
Nevada,2021-02-16,624,17654,199,9709,425,7945,0,0,454,10760,169,3441,454,14201,California
Nevada,2021-02-17,1188,18842,766,10475,422,8367,0,0,858,11288,330,3771,858,15059,California
Nevada,2021-02-18,1008,19850,549,11024,459,8826,0,0,601,11484,405,4176,601,15660,California
Nevada,2021-02-19,1015,20865,630,11654,385,9211,0,0,653,11777,361,4537,654,16314,California
Nevada,2021-02-20,298,21163,106,11760,192,9403,0,0,173,11826,124,4661,173,16487,California
Nevada,2021-02-21,91,21254,86,11846,5,9408,0,0,8,11752,82,4743,8,16495,California
Nevada,2021-02-22,496,21750,329,12175,167,9575,0,0,348,11953,147,4890,348,16843,California
Nevada,2021-02-23,484,22234,235,12410,249,9824,0,0,221,11914,260,5150,221,17064,California
Nevada,2021-02-24,480,22714,242,12652,238,10062,0,0,255,11946,225,5375,257,17321,California
Nevada,2021-02-25,861,23575,467,13119,394,10456,0,0,432,11951,427,5802,432,17753,California
Nevada,2021-02-26,1238,24813,882,14001,356,10812,0,0,409,11534,826,6628,409,18162,California
Nevada,2021-02-27,356,25169,112,14113,244,11056,0,0,186,11550,170,6798,186,18348,California
Nevada,2021-02-28,266,25435,153,14266,113,11169,0,0,124,11533,141,6939,124,18472,California
Nevada,2021-03-01,830,26265,433,14699,397,11566,0,0,364,11433,464,7403,364,18836,California
Nevada,2021-03-02,738,27003,292,14991,446,12012,0,0,510,11719,224,7627,510,19346,California
Nevada,2021-03-03,965,27968,491,15482,473,12485,1,1,494,11744,470,8097,495,19841,California
Nevada,2021-03-04,1103,29071,616,16098,487,12972,0,1,465,11574,635,8732,465,20306,California
Nevada,2021-03-05,821,29892,460,16558,351,13323,10,11,363,11491,456,9188,373,20679,California
Nevada,2021-03-06,360,30252,122,16680,211,13534,27,38,145,11448,215,9403,172,20851,California
Nevada,2021-03-07,211,30463,109,16789,83,13617,19,57,70,11396,141,9544,89,20940,California
Nevada,2021-03-08,807,31270,538,17327,224,13841,45,102,360,11356,446,9990,406,21346,California
Nevada,2021-03-09,672,31942,321,17648,301,14142,50,152,369,11473,301,10291,418,21764,California
Nevada,2021-03-10,962,32904,606,18254,300,14442,56,208,321,11214,636,10927,377,22141,California
Nevada,2021-03-11,1105,34009,725,18979,355,14797,25,233,549,11240,548,11475,574,22715,California
Nevada,2021-03-12,1194,35203,723,19702,441,15238,30,263,507,11091,685,12160,536,23251,California
Nevada,2021-03-13,272,35475,53,19755,214,15452,5,268,101,11026,170,12330,105,23356,California
Nevada,2021-03-14,155,35630,21,19776,128,15580,6,274,33,10943,122,12452,39,23395,California
Nevada,2021-03-15,842,36472,456,20232,374,15954,12,286,357,10830,482,12934,369,23764,California
Nevada,2021-03-16,994,37466,466,20698,467,16421,61,347,636,11171,356,13290,697,24461,California
Nevada,2021-03-17,1017,38483,451,21149,556,16977,10,357,580,11327,434,13724,590,25051,California
Nevada,2021-03-18,974,39457,529,21678,422,17399,23,380,476,11332,494,14218,499,25550,California
Nevada,2021-03-19,759,40216,439,22117,283,17682,37,417,353,11320,402,14620,390,25940,California
Nevada,2021-03-20,820,41036,92,22209,304,17986,424,841,231,11388,583,15203,651,26591,California
Nevada,2021-03-21,58,41094,32,22241,25,18011,1,842,40,11412,17,15220,41,26632,California
Nevada,2021-03-22,797,41891,516,22757,276,18287,5,847,531,11684,264,15484,536,27168,California
Nevada,2021-03-23,851,42742,382,23139,443,18730,26,873,611,12084,237,15721,637,27805,California
Nevada,2021-03-24,1021,43763,542,23681,472,19202,7,880,648,12371,367,16088,654,28459,California
Nevada,2021-03-25,901,44664,453,24134,423,19625,25,905,494,12483,406,16494,518,28977,California
Nevada,2021-03-26,1138,45802,433,24567,667,20292,38,943,827,13039,308,16802,864,29841,California
Nevada,2021-03-27,568,46370,71,24638,481,20773,16,959,386,13259,182,16984,402,30243,California
Nevada,2021-03-28,175,46545,50,24688,112,20885,13,972,38,13176,134,17118,51,30294,California
Nevada,2021-03-29,821,47366,501,25189,298,21183,22,994,392,13163,426,17544,413,30707,California
Nevada,2021-03-30,1042,48408,475,25664,533,21716,34,1028,537,13237,497,18041,571,31278,California
Nevada,2021-03-31,1175,49583,659,26323,499,22215,17,1045,693,13474,473,18514,710,31988,California
Nevada,2021-04-01,1235,50818,720,27043,462,22677,53,1098,547,13395,679,19193,600,32588,California
Nevada,2021-04-02,1285,52103,658,27701,591,23268,36,1134,761,13673,520,19713,798,33386,California
Nevada,2021-04-03,288,52391,89,27790,161,23429,38,1172,83,13590,204,19917,121,33507,California
Nevada,2021-04-04,128,52519,42,27832,79,23508,7,1179,77,13623,51,19968,84,33591,California
Nevada,2021-04-05,929,53448,611,28443,299,23807,19,1198,617,13950,309,20277,636,34227,California
Nevada,2021-04-06,1072,54520,663,29106,265,24072,144,1342,472,13972,593,20870,615,34842,California
Nevada,2021-04-07,1145,55665,817,29923,246,24318,82,1424,607,14129,531,21401,688,35530,California
Nevada,2021-04-08,1278,56943,889,30812,306,24624,83,1507,704,14345,571,21972,787,36317,California
Nevada,2021-04-09,1243,58186,847,31659,327,24951,69,1576,843,14858,399,22371,912,37229,California
Nevada,2021-04-10,262,58448,76,31735,110,25061,76,1652,107,14887,154,22525,183,37412,California
Nevada,2021-04-11,100,58548,31,31766,65,25126,4,1656,39,14869,61,22586,43,37455,California
Nevada,2021-04-12,741,59289,539,32305,185,25311,17,1673,314,14777,423,23009,331,37786,California
Nevada,2021-04-13,882,60171,350,32655,532,25843,0,1673,474,14845,406,23415,474,38260,California
Nevada,2021-04-14,1048,61219,566,33221,482,26325,0,1673,537,14879,503,23918,537,38797,California
Nevada,2021-04-15,1073,62292,706,33927,367,26692,0,1673,623,15062,440,24358,623,39420,California
Nevada,2021-04-16,893,63185,691,34618,202,26894,0,1673,522,15214,370,24728,522,39942,California
Nevada,2021-04-17,196,63381,50,34668,146,27040,0,1673,85,15189,110,24838,85,40027,California
Nevada,2021-04-18,185,63566,21,34689,164,27204,0,1673,103,15210,82,24920,103,40130,California
Nevada,2021-04-19,747,64313,480,35169,267,27471,0,1673,303,15077,436,25356,303,40433,California
Nevada,2021-04-20,796,65109,308,35477,488,27959,0,1673,298,14882,493,25849,298,40731,California
Nevada,2021-04-21,900,66009,493,35970,407,28366,0,1673,268,14527,623,26472,268,40999,California
Nevada,2021-04-22,994,67003,621,36591,373,28739,0,1673,339,14223,643,27115,339,41338,California
Nevada,2021-04-23,1217,68220,539,37130,678,29417,0,1673,394,13805,812,27927,394,41732,California
Nevada,2021-04-24,521,68741,73,37203,448,29865,0,1673,170,13626,349,28276,170,41902,California
Nevada,2021-04-25,116,68857,61,37264,50,29915,5,1678,51,13618,64,28340,56,41958,California
Nevada,2021-04-26,704,69561,527,37791,169,30084,8,1686,198,13328,496,28836,206,42164,California
Nevada,2021-04-27,774,70335,348,38139,421,30505,5,1691,403,13373,363,29199,408,42572,California
Nevada,2021-04-28,983,71318,580,38719,398,30903,5,1696,387,13174,591,29790,392,42964,California
Nevada,2021-04-29,1012,72330,709,39428,299,31202,4,1700,277,12722,733,30523,281,43245,California
Nevada,2021-04-30,1221,73551,723,40151,489,31691,9,1709,199,11910,1020,31543,208,43453,California
Nevada,2021-05-01,142,73693,64,40215,74,31765,4,1713,63,11900,77,31620,67,43520,California
Nevada,2021-05-02,53,73746,29,40244,20,31785,4,1717,19,11889,34,31654,23,43543,California
Nevada,2021-05-03,606,74352,404,40648,182,31967,20,1737,178,11661,425,32079,197,43740,California
Nevada,2021-05-04,584,74936,169,40817,397,32364,18,1755,331,11761,249,32328,349,44089,California
Nevada,2021-05-05,732,75668,381,41198,337,32701,14,1769,321,11693,403,32731,335,44424,California
Nevada,2021-05-06,799,76467,561,41759,227,32928,11,1780,196,11305,595,33326,207,44631,California
Nevada,2021-05-07,879,77346,487,42246,357,33285,35,1815,193,10850,683,34009,228,44859,California
Nevada,2021-05-08,172,77518,20,42266,132,33417,20,1835,82,10862,90,34099,102,44961,California
Nevada,2021-05-09,42,77560,8,42274,32,33449,2,1837,19,10860,23,34122,21,44982,California
Nevada,2021-05-10,386,77946,245,42519,117,33566,24,1861,74,10646,312,34434,98,45080,California
Nevada,2021-05-11,510,78456,150,42669,347,33913,13,1874,127,10411,375,34809,140,45220,California
Nevada,2021-05-12,538,78994,227,42896,299,34212,12,1886,151,10196,378,35187,163,45383,California
Nevada,2021-05-13,789,79783,529,43425,254,34466,6,1892,406,10234,374,35561,412,45795,California
Nevada,2021-05-14,751,80534,568,43993,168,34634,15,1907,416,10333,332,35893,431,46226,California
Nevada,2021-05-15,178,80712,83,44076,89,34723,6,1913,82,10326,95,35988,88,46314,California
Nevada,2021-05-16,96,80808,7,44083,89,34812,0,1913,13,10256,83,36071,13,46327,California
Nevada,2021-05-17,340,81148,247,44330,86,34898,7,1920,154,10239,178,36249,161,46488,California
Orange,2020-12-15,16,16,16,16,0,0,0,0,16,16,0,0,16,16,California
Orange,2020-12-16,366,382,366,382,0,0,0,0,366,382,0,0,366,382,California
Orange,2020-12-17,3727,4109,3727,4109,0,0,0,0,3726,4108,0,0,3726,4108,California
Orange,2020-12-18,5060,9169,5052,9161,8,8,0,0,5059,9167,0,0,5059,9167,California
Orange,2020-12-19,2234,11403,2227,11388,7,15,0,0,2233,11400,0,0,2233,11400,California
Orange,2020-12-20,1988,13391,1985,13373,3,18,0,0,1989,13389,0,0,1989,13389,California
Orange,2020-12-21,4254,17645,4248,17621,6,24,0,0,4254,17643,0,0,4254,17643,California
Orange,2020-12-22,3984,21629,3949,21570,35,59,0,0,3984,21627,0,0,3984,21627,California
Orange,2020-12-23,3565,25194,3202,24772,363,422,0,0,3567,25194,0,0,3567,25194,California
Orange,2020-12-24,1381,26575,1079,25851,302,724,0,0,1381,26575,0,0,1381,26575,California
Orange,2020-12-25,17,26592,12,25863,5,729,0,0,17,26592,0,0,17,26592,California
Orange,2020-12-26,1024,27616,423,26286,601,1330,0,0,1024,27616,0,0,1024,27616,California
Orange,2020-12-27,582,28198,275,26561,307,1637,0,0,582,28198,0,0,582,28198,California
Orange,2020-12-28,3543,31741,2568,29129,975,2612,0,0,3543,31741,0,0,3543,31741,California
Orange,2020-12-29,3575,35316,2563,31692,1012,3624,0,0,3574,35314,1,1,3574,35315,California
Orange,2020-12-30,5131,40447,3555,35247,1576,5200,0,0,5131,40445,0,1,5131,40446,California
Orange,2020-12-31,1500,41947,802,36049,698,5898,0,0,1500,41945,0,1,1500,41946,California
Orange,2021-01-01,554,42501,302,36351,252,6150,0,0,553,42497,1,2,553,42499,California
Orange,2021-01-02,1416,43917,904,37255,512,6662,0,0,1416,43913,0,2,1416,43915,California
Orange,2021-01-03,585,44502,325,37580,260,6922,0,0,585,44498,0,2,585,44500,California
Orange,2021-01-04,2748,47250,1561,39141,1187,8109,0,0,2749,47246,1,3,2749,47249,California
Orange,2021-01-05,3526,50776,2297,41438,1229,9338,0,0,3118,49963,404,407,3121,50370,California
Orange,2021-01-06,5015,55791,3468,44906,1547,10885,0,0,3647,52254,1356,1763,3647,54017,California
Orange,2021-01-07,9279,65070,5173,50079,4106,14991,0,0,5706,54404,3560,5323,5710,59727,California
Orange,2021-01-08,9431,74501,5273,55352,4158,19149,0,0,5665,56316,3756,9079,5668,65395,California
Orange,2021-01-09,5012,79513,1743,57095,3269,22418,0,0,3731,58766,1281,10360,3731,69126,California
Orange,2021-01-10,4240,83753,1043,58138,3197,25615,0,0,3360,61251,879,11239,3364,72490,California
Orange,2021-01-11,9449,93202,4909,63047,4540,30155,0,0,5824,63448,3628,14867,5825,78315,California
Orange,2021-01-12,8830,102032,4732,67779,4098,34253,0,0,5364,65349,3464,18331,5365,83680,California
Orange,2021-01-13,10271,112303,4929,72708,5342,39595,0,0,7064,69217,3203,21534,7071,90751,California
Orange,2021-01-14,9978,122281,3781,76489,6197,45792,0,0,8387,76021,1589,23123,8393,99144,California
Orange,2021-01-15,10185,132466,2633,79122,7552,53344,0,0,9306,84446,887,24010,9312,108456,California
Orange,2021-01-16,8710,141176,2095,81217,6615,59959,0,0,8314,92370,395,24405,8319,116775,California
Orange,2021-01-17,8162,149338,1485,82702,6677,66636,0,0,8015,100248,147,24552,8025,124800,California
Orange,2021-01-18,9769,159107,4471,87173,5298,71934,0,0,7517,105513,2255,26807,7520,132320,California
Orange,2021-01-19,7499,166606,5417,92590,2082,74016,0,0,4867,107749,2632,29439,4868,137188,California
Orange,2021-01-20,8407,175013,5943,98533,2464,76480,0,0,5339,110026,3069,32508,5346,142534,California
Orange,2021-01-21,11019,186032,4908,103441,6111,82591,0,0,10206,119431,812,33320,10217,152751,California
Orange,2021-01-22,13679,199711,5154,108595,8525,91116,0,0,12822,131411,850,34170,12830,165581,California
Orange,2021-01-23,13147,212858,6191,114786,6956,98072,0,0,12161,142597,984,35154,12170,177751,California
Orange,2021-01-24,9823,222681,4294,119080,5529,103601,0,0,9492,151764,328,35482,9495,187246,California
Orange,2021-01-25,10469,233150,5880,124960,4589,108190,0,0,7732,156770,2731,38213,7737,194983,California
Orange,2021-01-26,11910,245060,7724,132684,4186,112376,0,0,9739,164345,2167,40380,9742,204725,California
Orange,2021-01-27,13445,258505,8013,140697,5432,117808,0,0,10736,172388,2698,43078,10741,215466,California
Orange,2021-01-28,13064,271569,7229,147926,5835,123643,0,0,11177,181701,1872,44950,11185,226651,California
Orange,2021-01-29,13655,285224,8461,156387,5194,128837,0,0,10755,189575,2885,47835,10759,237410,California
Orange,2021-01-30,12941,298165,4448,160835,8493,137330,0,0,12193,201038,733,48568,12196,249606,California
Orange,2021-01-31,13725,311890,4947,165782,8778,146108,0,0,13262,213850,457,49025,13269,262875,California
Orange,2021-02-01,14191,326081,5893,171675,8298,154406,0,0,12094,223874,2076,51101,12100,274975,California
Orange,2021-02-02,15450,341531,8385,180060,7065,161471,0,0,12687,233909,2655,53756,12690,287665,California
Orange,2021-02-03,16779,358310,12594,192654,4185,165656,0,0,13741,244696,2960,56716,13747,301412,California
Orange,2021-02-04,19888,378198,13003,205657,6885,172541,0,0,14791,254429,5066,61782,14799,316211,California
Orange,2021-02-05,20788,398986,12035,217692,8753,181294,0,0,14476,262640,6270,68052,14481,330692,California
Orange,2021-02-06,16348,415334,10803,228495,5545,186839,0,0,11085,268695,5248,73300,11303,341995,California
Orange,2021-02-07,11534,426868,8110,236605,3424,190263,0,0,7555,272456,3963,77263,7724,349719,California
Orange,2021-02-08,14989,441857,8618,245223,6371,196634,0,0,8961,275420,5998,83261,8962,358681,California
Orange,2021-02-09,17689,459546,12044,257267,5645,202279,0,0,10707,279225,6907,90168,10712,369393,California
Orange,2021-02-10,20945,480491,11212,268479,9733,212012,0,0,12686,283758,8162,98330,12695,382088,California
Orange,2021-02-11,22159,502650,11538,280017,10621,222633,0,0,12414,286577,9613,107943,12432,394520,California
Orange,2021-02-12,24813,527463,11925,291942,12888,235521,0,0,14633,291098,10118,118061,14639,409159,California
Orange,2021-02-13,22032,549495,11929,303871,10103,245624,0,0,11155,292221,10674,128735,11797,420956,California
Orange,2021-02-14,16204,565699,6578,310449,9626,255250,0,0,9554,295152,6624,135359,9555,430511,California
Orange,2021-02-15,17257,582956,7402,317851,9855,265105,0,0,8893,295733,8321,143680,8902,439413,California
Orange,2021-02-16,19968,602924,9000,326851,10968,276073,0,0,10740,297318,9179,152859,10764,450177,California
Orange,2021-02-17,17933,620857,9352,336203,8581,284654,0,0,9212,297890,8672,161531,9244,459421,California
Orange,2021-02-18,15058,635915,9890,346093,5168,289822,0,0,6790,296477,8212,169743,6799,466220,California
Orange,2021-02-19,18212,654127,10903,356996,7309,297131,0,0,6943,292215,11217,180960,6955,473175,California
Orange,2021-02-20,7536,661663,5624,362620,1912,299043,0,0,3784,292279,3730,184690,3794,476969,California
Orange,2021-02-21,4573,666236,3885,366505,688,299731,0,0,937,289619,3597,188287,937,477906,California
Orange,2021-02-22,9680,675916,7898,374403,1782,301513,0,0,3908,287802,5740,194027,3923,481829,California
Orange,2021-02-23,13326,689242,7301,381704,6025,307538,0,0,3518,281585,9746,203773,3529,485358,California
Orange,2021-02-24,21208,710450,12872,394576,8336,315874,0,0,5403,271281,15725,219498,5421,490779,California
Orange,2021-02-25,22717,733167,12322,406898,10395,326269,0,0,8010,264677,14630,234128,8026,498805,California
Orange,2021-02-26,27862,761029,14111,421009,13751,340020,0,0,11253,259485,16470,250598,11278,510083,California
Orange,2021-02-27,25104,786133,10190,431199,14912,354932,2,2,7328,249161,17669,268267,7345,517428,California
Orange,2021-02-28,19113,805246,7427,438626,11686,366618,0,2,4831,239848,14161,282428,4848,522276,California
Orange,2021-03-01,18533,823779,8476,447102,10049,376667,8,10,7180,235781,11268,293696,7201,529477,California
Orange,2021-03-02,19246,843025,9279,456381,9964,386631,3,13,9439,235497,9754,303450,9470,538947,California
Orange,2021-03-03,20565,863590,9676,466057,10885,397516,4,17,11030,237099,9454,312904,11056,550003,California
Orange,2021-03-04,22384,885974,12886,478943,9484,407000,14,31,11561,237916,10784,323688,11601,561604,California
Orange,2021-03-05,20853,906827,10789,489732,10018,417018,46,77,12778,242770,8030,331718,12884,574488,California
Orange,2021-03-06,23996,930823,13160,502892,9972,426990,864,941,12682,245066,11273,342991,13569,588057,California
Orange,2021-03-07,14890,945713,8329,511221,6158,433148,403,1344,8690,248018,6161,349152,9113,597170,California
Orange,2021-03-08,16274,961987,7451,518672,7558,440706,1265,2609,10450,253982,5776,354928,11740,608910,California
Orange,2021-03-09,19778,981765,8606,527278,8735,449441,2437,5046,11351,259387,8382,363310,13787,622697,California
Orange,2021-03-10,24362,1006127,11789,539067,9121,458562,3452,8498,12171,262875,12128,375438,15616,638313,California
Orange,2021-03-11,29000,1035127,15696,554763,9087,467649,4217,12715,13438,265063,15463,390901,17651,655964,California
Orange,2021-03-12,29276,1064403,14242,569005,11177,478826,3857,16572,14693,269133,14501,405402,18571,674535,California
Orange,2021-03-13,27733,1092136,10170,579175,13631,492457,3932,20504,14027,273446,13644,419046,17957,692492,California
Orange,2021-03-14,18810,1110946,8152,587327,8131,500588,2527,23031,11733,280650,7046,426092,14250,706742,California
Orange,2021-03-15,23009,1133955,10128,597455,12122,512710,759,23790,14347,287169,8582,434674,15101,721843,California
Orange,2021-03-16,26371,1160326,11149,608604,14994,527704,228,24018,17127,295369,9161,443835,17361,739204,California
Orange,2021-03-17,27335,1187661,13557,622161,13185,540889,593,24611,19443,307581,7821,451656,20033,759237,California
Orange,2021-03-18,27739,1215400,13937,636098,13524,554413,278,24889,21591,323376,6078,457734,21873,781110,California
Orange,2021-03-19,33483,1248883,18383,654481,14659,569072,441,25330,24918,340292,8453,466187,25369,806479,California
Orange,2021-03-20,25758,1274641,13554,668035,11998,581070,206,25536,21978,358761,3718,469905,22187,828666,California
Orange,2021-03-21,18480,1293121,10673,678708,7080,588150,727,26263,15711,372459,2740,472645,16438,845104,California
Orange,2021-03-22,22715,1315836,11740,690448,10653,598803,322,26585,19169,388498,3461,476106,19500,864604,California
Orange,2021-03-23,25976,1341812,13480,703928,11861,610664,635,27220,20648,404538,5247,481353,21287,885891,California
Orange,2021-03-24,29067,1370879,16205,720133,11950,622614,912,28132,21997,420466,6983,488336,22911,908802,California
Orange,2021-03-25,32284,1403163,17189,737322,14391,637005,704,28836,24213,437402,7981,496317,24917,933719,California
Orange,2021-03-26,34783,1437946,18006,755328,15914,652919,863,29699,24979,453551,9695,506012,25844,959563,California
Orange,2021-03-27,28369,1466315,13572,768900,14483,667402,314,30013,19786,465167,8489,514501,20105,979668,California
Orange,2021-03-28,24718,1491033,12787,781687,11863,679265,68,30081,18621,477836,6023,520524,18692,998360,California
Orange,2021-03-29,26480,1517513,12076,793763,13838,693103,566,30647,17965,487938,8432,528956,18534,1016894,California
Orange,2021-03-30,30803,1548316,13874,807637,16296,709399,633,31280,21320,500486,9406,538362,21954,1038848,California
Orange,2021-03-31,37050,1585366,19410,827047,16930,726329,710,31990,24098,512446,12853,551215,24813,1063661,California
Orange,2021-04-01,40293,1625659,21126,848173,17317,743646,1850,33840,26127,526374,14045,565260,27973,1091634,California
Orange,2021-04-02,39947,1665606,20123,868296,18042,761688,1782,35622,22644,533614,17202,582462,24442,1116076,California
Orange,2021-04-03,30066,1695672,15659,883955,12707,774395,1700,37322,14261,533839,15732,598194,15957,1132033,California
Orange,2021-04-04,18444,1714116,10713,894668,6970,781365,761,38083,8241,532722,10148,608342,9031,1141064,California
Orange,2021-04-05,29876,1743992,13945,908613,12547,793912,3384,41467,13873,534033,15931,624273,17242,1158306,California
Orange,2021-04-06,33268,1777260,15573,924186,14275,808187,3420,44887,14377,533014,18799,643072,17780,1176086,California
Orange,2021-04-07,35881,1813141,20009,944195,11301,819488,4571,49458,15798,533349,20005,663077,20340,1196426,California
Orange,2021-04-08,38535,1851676,21441,965636,11660,831148,5434,54892,18768,537853,19666,682743,24170,1220596,California
Orange,2021-04-09,40553,1892229,23607,989243,11797,842945,5149,60041,17975,538457,22491,705234,23095,1243691,California
Orange,2021-04-10,34090,1926319,18084,1007327,11803,854748,4203,64244,14148,536924,19858,725092,18325,1262016,California
Orange,2021-04-11,25458,1951777,14384,1021711,7815,862563,3259,67503,9789,534337,15621,740713,13034,1275050,California
Orange,2021-04-12,30343,1982120,15356,1037067,11450,874013,3537,71040,11954,531470,18332,759045,15465,1290515,California
Orange,2021-04-13,32275,2014395,18149,1055216,14059,888072,67,71107,15060,529447,17148,776193,15125,1305640,California
Orange,2021-04-14,34334,2048729,20092,1075308,14211,902283,31,71138,15077,525389,19169,795362,15111,1320751,California
Orange,2021-04-15,39888,2088617,24336,1099644,15536,917819,16,71154,18547,522707,21241,816603,18559,1339310,California
Orange,2021-04-16,41184,2129801,24201,1123845,16954,934773,29,71183,18615,518884,22471,839074,18648,1357958,California
Orange,2021-04-17,30176,2159977,17259,1141104,12914,947687,3,71186,13271,515333,16830,855904,13279,1371237,California
Orange,2021-04-18,21387,2181364,12936,1154040,8451,956138,0,71186,8488,510973,12851,868755,8491,1379728,California
Orange,2021-04-19,32419,2213783,17891,1171931,14526,970664,2,71188,14907,508461,17425,886180,14913,1394641,California
Orange,2021-04-20,35127,2248910,18250,1190181,16873,987537,4,71192,17568,508551,17482,903662,17572,1412213,California
Orange,2021-04-21,40567,2289477,23376,1213557,17181,1004718,10,71202,19229,506550,21241,924903,19240,1431453,California
Orange,2021-04-22,39187,2328664,20714,1234271,18464,1023182,9,71211,16293,500087,22771,947674,16308,1447761,California
Orange,2021-04-23,40041,2368705,20673,1254944,19362,1042544,6,71217,17855,495873,22078,969752,17864,1465625,California
Orange,2021-04-24,31807,2400512,16662,1271606,15110,1057654,35,71252,13371,490924,18358,988110,13409,1479034,California
Orange,2021-04-25,22986,2423498,12989,1284595,9984,1067638,13,71265,9875,487763,13054,1001164,9893,1488927,California
Orange,2021-04-26,26023,2449521,12698,1297293,13133,1080771,192,71457,11442,484901,14496,1015660,11634,1500561,California
Orange,2021-04-27,28482,2478003,13318,1310611,14664,1095435,500,71957,10936,478943,17399,1033059,11441,1512002,California
Orange,2021-04-28,30524,2508527,15169,1325780,14480,1109915,875,72832,12088,473569,18333,1051392,12959,1524961,California
Orange,2021-04-29,31425,2539952,17177,1342957,13289,1123204,959,73791,11226,465637,20111,1071503,12179,1537140,California
Orange,2021-04-30,29390,2569342,16705,1359662,11748,1134952,937,74728,12383,462030,16921,1088424,13314,1550454,California
Orange,2021-05-01,21742,2591084,14639,1374301,6115,1141067,988,75716,8654,458649,13017,1101441,9636,1560090,California
Orange,2021-05-02,15374,2606458,10221,1384522,4509,1145576,644,76360,5369,454717,9942,1111383,6010,1566100,California
Orange,2021-05-03,20476,2626934,12488,1397010,7230,1152806,758,77118,6415,447892,13995,1125378,7170,1573270,California
Orange,2021-05-04,23467,2650401,13383,1410393,9179,1161985,905,78023,8114,441644,15255,1140633,9007,1582277,California
Orange,2021-05-05,24678,2675079,13767,1424160,10017,1172002,894,78917,8064,434107,16493,1157126,8956,1591233,California
Orange,2021-05-06,26245,2701324,15904,1440064,9344,1181346,997,79914,7255,423486,18865,1175991,8244,1599477,California
Orange,2021-05-07,27999,2729323,16598,1456662,10355,1191701,1046,80960,7940,412607,19861,1195852,8982,1608459,California
Orange,2021-05-08,18335,2747658,12105,1468767,5459,1197160,771,81731,5397,405903,12868,1208720,6164,1614623,California
Orange,2021-05-09,10972,2758630,8331,1477098,2265,1199425,376,82107,2902,401160,8020,1216740,3277,1617900,California
Orange,2021-05-10,18925,2777555,11522,1488620,6628,1206053,775,82882,4269,391637,14568,1231308,5045,1622945,California
Orange,2021-05-11,21118,2798673,11661,1500281,8808,1214861,649,83531,5014,381288,16010,1247318,5661,1628606,California
Orange,2021-05-12,22418,2821091,13807,1514088,7869,1222730,742,84273,6256,372234,16051,1263369,6997,1635603,California
Orange,2021-05-13,19568,2840659,11961,1526049,7086,1229816,521,84794,7102,367469,12390,1275759,7625,1643228,California
Orange,2021-05-14,24745,2865404,16012,1542061,7929,1237745,804,85598,10093,363804,14557,1290316,10892,1654120,California
Orange,2021-05-15,18454,2883858,13557,1555618,4396,1242141,501,86099,7465,360843,10930,1301246,7969,1662089,California
Orange,2021-05-16,10233,2894091,8750,1564368,1259,1243400,224,86323,4341,359544,5864,1307110,4565,1666654,California
Orange,2021-05-17,10600,2904691,6261,1570629,3895,1247295,444,86767,2942,355333,7592,1314702,3381,1670035,California
Placer,2020-12-15,29,29,29,29,0,0,0,0,29,29,0,0,29,29,California
Placer,2020-12-16,55,84,55,84,0,0,0,0,55,84,0,0,55,84,California
Placer,2020-12-17,140,224,140,224,0,0,0,0,140,224,0,0,140,224,California
Placer,2020-12-18,332,556,332,556,0,0,0,0,332,556,0,0,332,556,California
Placer,2020-12-19,252,808,252,808,0,0,0,0,252,808,0,0,252,808,California
Placer,2020-12-20,234,1042,234,1042,0,0,0,0,234,1042,0,0,234,1042,California
Placer,2020-12-21,493,1535,492,1534,1,1,0,0,493,1535,0,0,493,1535,California
Placer,2020-12-22,674,2209,667,2201,7,8,0,0,674,2209,0,0,674,2209,California
Placer,2020-12-23,749,2958,662,2863,87,95,0,0,749,2958,0,0,749,2958,California
Placer,2020-12-24,398,3356,346,3209,52,147,0,0,398,3356,0,0,398,3356,California
Placer,2020-12-26,156,3512,111,3320,45,192,0,0,156,3512,0,0,156,3512,California
Placer,2020-12-27,186,3698,163,3483,23,215,0,0,186,3698,0,0,186,3698,California
Placer,2020-12-28,664,4362,537,4020,127,342,0,0,664,4362,0,0,664,4362,California
Placer,2020-12-29,764,5126,515,4535,249,591,0,0,764,5126,0,0,764,5126,California
Placer,2020-12-30,728,5854,454,4989,274,865,0,0,726,5852,0,0,726,5852,California
Placer,2020-12-31,529,6383,343,5332,186,1051,0,0,529,6381,0,0,529,6381,California
Placer,2021-01-01,15,6398,11,5343,4,1055,0,0,15,6396,0,0,15,6396,California
Placer,2021-01-02,185,6583,153,5496,32,1087,0,0,185,6581,0,0,185,6581,California
Placer,2021-01-03,154,6737,79,5575,75,1162,0,0,154,6735,0,0,154,6735,California
Placer,2021-01-04,619,7356,180,5755,439,1601,0,0,619,7354,0,0,619,7354,California
Placer,2021-01-05,726,8082,159,5914,567,2168,0,0,643,7916,82,82,644,7998,California
Placer,2021-01-06,763,8845,246,6160,517,2685,0,0,620,8393,143,225,620,8618,California
Placer,2021-01-07,986,9831,368,6528,618,3303,0,0,781,8969,205,430,781,9399,California
Placer,2021-01-08,1184,11015,528,7056,656,3959,0,0,855,9498,326,756,855,10254,California
Placer,2021-01-09,450,11465,321,7377,129,4088,0,0,234,9517,215,971,234,10488,California
Placer,2021-01-10,329,11794,186,7563,143,4231,0,0,164,9516,165,1136,164,10652,California
Placer,2021-01-11,1424,13218,806,8369,618,4849,0,0,835,9763,589,1725,836,11488,California
Placer,2021-01-12,1649,14867,877,9246,772,5621,0,0,1048,10210,601,2326,1048,12536,California
Placer,2021-01-13,1634,16501,821,10067,813,6434,0,0,1210,11001,422,2748,1213,13749,California
Placer,2021-01-14,1777,18278,654,10721,1123,7557,0,0,1421,12070,353,3101,1422,15171,California
Placer,2021-01-15,1936,20214,721,11442,1215,8772,0,0,1586,13308,349,3450,1587,16758,California
Placer,2021-01-16,1472,21686,720,12162,752,9524,0,0,1351,14539,121,3571,1352,18110,California
Placer,2021-01-17,563,22249,397,12559,166,9690,0,0,430,14836,133,3704,430,18540,California
Placer,2021-01-18,989,23238,552,13111,437,10127,0,0,752,15352,237,3941,753,19293,California
Placer,2021-01-19,2619,25857,1954,15065,665,10792,0,0,2164,17061,455,4396,2164,21457,California
Placer,2021-01-20,2274,28131,1704,16769,570,11362,0,0,1944,18676,330,4726,1945,23402,California
Placer,2021-01-21,2556,30687,1114,17883,1442,12804,0,0,2163,20448,392,5118,2164,25566,California
Placer,2021-01-22,2342,33029,636,18519,1706,14510,0,0,2167,22443,173,5291,2168,27734,California
Placer,2021-01-23,1188,34217,380,18899,808,15318,0,0,1033,23321,155,5446,1033,28767,California
Placer,2021-01-24,507,34724,265,19164,242,15560,0,0,431,23677,76,5522,432,29199,California
Placer,2021-01-25,1676,36400,807,19971,869,16429,0,0,1383,24768,293,5815,1384,30583,California
Placer,2021-01-26,1857,38257,1033,21004,824,17253,0,0,1593,26097,264,6079,1593,32176,California
Placer,2021-01-27,1841,40098,1153,22157,688,17941,0,0,1597,27453,242,6321,1598,33774,California
Placer,2021-01-28,1808,41906,1118,23275,690,18631,0,0,1560,28767,246,6567,1560,35334,California
Placer,2021-01-29,1894,43800,1171,24446,723,19354,0,0,1702,30280,191,6758,1704,37038,California
Placer,2021-01-30,1727,45527,973,25419,754,20108,0,0,1606,31766,120,6878,1606,38644,California
Placer,2021-01-31,782,46309,625,26044,157,20265,0,0,714,32413,68,6946,715,39359,California
Placer,2021-02-01,2070,48379,1090,27134,980,21245,0,0,1756,33855,314,7260,1756,41115,California
Placer,2021-02-02,2381,50760,1542,28676,839,22084,0,0,1889,35255,489,7749,1889,43004,California
Placer,2021-02-03,2921,53681,1878,30554,1043,23127,0,0,2296,36930,621,8370,2296,45300,California
Placer,2021-02-04,2763,56444,1191,31745,1572,24699,0,0,1937,38046,822,9192,1938,47238,California
Placer,2021-02-05,2738,59182,1213,32958,1525,26224,0,0,1405,38123,1328,10520,1405,48643,California
Placer,2021-02-06,1953,61135,1312,34270,641,26865,0,0,1402,38974,551,11071,1402,50045,California
Placer,2021-02-07,1227,62362,917,35187,310,27175,0,0,940,39628,286,11357,940,50985,California
Placer,2021-02-08,3302,65664,1767,36954,1535,28710,0,0,1945,40225,1349,12706,1946,52931,California
Placer,2021-02-09,3550,69214,2179,39133,1371,30081,0,0,1645,39967,1903,14609,1645,54576,California
Placer,2021-02-10,3751,72965,2191,41324,1560,31641,0,0,1745,39711,2003,16612,1747,56323,California
Placer,2021-02-11,3695,76660,1907,43231,1788,33429,0,0,1589,39208,2093,18705,1590,57913,California
Placer,2021-02-12,2852,79512,1325,44556,1527,34956,0,0,1670,39734,1145,19850,1671,59584,California
Placer,2021-02-13,2544,82056,1487,46043,1057,36013,0,0,1891,40972,653,20503,1891,61475,California
Placer,2021-02-14,1082,83138,677,46720,405,36418,0,0,737,41367,342,20845,737,62212,California
Placer,2021-02-15,2249,85387,1047,47767,1202,37620,0,0,1533,42185,716,21561,1534,63746,California
Placer,2021-02-16,3577,88964,1782,49549,1795,39415,0,0,1589,41796,1979,23540,1590,65336,California
Placer,2021-02-17,3544,92508,1964,51513,1580,40995,0,0,1511,41278,2029,25569,1511,66847,California
Placer,2021-02-18,3798,96306,2047,53560,1751,42746,0,0,1626,40742,2163,27732,1627,68474,California
Placer,2021-02-19,3585,99891,1912,55472,1673,44419,0,0,1328,39819,2252,29984,1329,69803,California
Placer,2021-02-20,2003,101894,1259,56731,744,45163,0,0,912,39649,1085,31069,915,70718,California
Placer,2021-02-21,975,102869,731,57462,244,45407,0,0,280,39238,692,31761,281,70999,California
Placer,2021-02-22,2524,105393,1775,59237,749,46156,0,0,605,37925,1918,33679,605,71604,California
Placer,2021-02-23,2560,107953,1586,60823,974,47130,0,0,885,37136,1674,35353,885,72489,California
Placer,2021-02-24,3296,111249,1183,62006,2113,49243,0,0,1798,37448,1488,36841,1800,74289,California
Placer,2021-02-25,3636,114885,1524,63530,2112,51355,0,0,1971,37764,1657,38498,1973,76262,California
Placer,2021-02-26,4099,118984,2374,65904,1725,53080,0,0,2354,38378,1740,40238,2354,78616,California
Placer,2021-02-27,2824,121808,1495,67399,1329,54409,0,0,1454,38471,1364,41602,1457,80073,California
Placer,2021-02-28,1405,123213,798,68197,607,55016,0,0,589,38250,810,42412,589,80662,California
Placer,2021-03-01,3002,126215,1992,70189,1010,56026,0,0,1554,38361,1443,43855,1554,82216,California
Placer,2021-03-02,2882,129097,1774,71963,1108,57134,0,0,1882,39248,995,44850,1882,84098,California
Placer,2021-03-03,3324,132421,1423,73386,1901,59035,0,0,1817,39565,1501,46351,1818,85916,California
Placer,2021-03-04,3628,136049,1457,74843,2171,61206,0,0,1893,39736,1723,48074,1894,87810,California
Placer,2021-03-05,3013,139062,1035,75878,1956,63162,22,22,1808,40364,1202,49276,1830,89640,California
Placer,2021-03-06,2421,141483,1493,77371,832,63994,96,118,928,39903,1485,50761,1024,90664,California
Placer,2021-03-07,1299,142782,753,78124,508,64502,38,156,531,39707,765,51526,569,91233,California
Placer,2021-03-08,2907,145689,1825,79949,969,65471,113,269,1647,40209,1258,52784,1760,92993,California
Placer,2021-03-09,3171,148860,1679,81628,1401,66872,91,360,1814,40760,1354,54138,1905,94898,California
Placer,2021-03-10,3283,152143,1323,82951,1853,68725,107,467,1708,41005,1570,55708,1815,96713,California
Placer,2021-03-11,3639,155782,1646,84597,1867,70592,126,593,1748,41000,1882,57590,1877,98590,California
Placer,2021-03-12,3677,159459,1485,86082,1411,72003,781,1374,1255,40621,2416,60006,2037,100627,California
Placer,2021-03-13,2112,161571,743,86825,1250,73253,119,1493,1115,40863,992,60998,1234,101861,California
Placer,2021-03-14,1639,163210,671,87496,819,74072,149,1642,891,41155,748,61746,1040,102901,California
Placer,2021-03-15,3183,166393,1533,89029,1518,75590,132,1774,1766,41638,1416,63162,1899,104800,California
Placer,2021-03-16,3566,169959,1917,90946,1516,77106,133,1907,2286,42789,1269,64431,2420,107220,California
Placer,2021-03-17,3428,173387,1732,92678,1597,78703,99,2006,2207,43880,1217,65648,2308,109528,California
Placer,2021-03-18,4096,177483,2328,95006,1730,80433,38,2044,2865,45558,1224,66872,2902,112430,California
Placer,2021-03-19,3440,180923,2071,97077,1105,81538,264,2308,2198,46785,1234,68106,2461,114891,California
Placer,2021-03-20,2137,183060,897,97974,1143,82681,97,2405,1301,47351,831,68937,1397,116288,California
Placer,2021-03-21,1254,184314,575,98549,670,83351,9,2414,946,48001,305,69242,955,117243,California
Placer,2021-03-22,3269,187583,2101,100650,1078,84429,90,2504,2189,49204,1076,70318,2279,119522,California
Placer,2021-03-23,3528,191111,2099,102749,1338,85767,91,2595,2518,50809,1005,71323,2610,122132,California
Placer,2021-03-24,3789,194900,1998,104747,1694,87461,97,2692,1950,51040,1817,73140,2048,124180,California
Placer,2021-03-25,3854,198754,1866,106613,1891,89352,97,2789,1787,50867,2056,75196,1883,126063,California
Placer,2021-03-26,3764,202518,1664,108277,1869,91221,231,3020,1585,50518,2165,77361,1816,127879,California
Placer,2021-03-27,1594,204112,469,108746,1105,92326,20,3040,649,50249,938,78299,669,128548,California
Placer,2021-03-28,1109,205221,528,109274,571,92897,10,3050,364,49883,740,79039,374,128922,California
Placer,2021-03-29,3560,208781,1988,111262,1538,94435,34,3084,1723,49813,1828,80867,1758,130680,California
Placer,2021-03-30,3974,212755,2096,113358,1835,96270,43,3127,2092,50079,1868,82735,2134,132814,California
Placer,2021-03-31,4096,216851,1831,115189,2190,98460,75,3202,1695,49455,2394,85129,1770,134584,California
Placer,2021-04-01,2976,219827,1434,116623,1496,99956,46,3248,1662,49852,1313,86442,1710,136294,California
Placer,2021-04-02,2844,222671,1453,118076,1327,101283,64,3312,1593,50265,1244,87686,1657,137951,California
Placer,2021-04-03,1852,224523,985,119061,739,102022,128,3440,889,50326,956,88642,1017,138968,California
Placer,2021-04-04,711,225234,361,119422,297,102319,53,3493,286,50244,421,89063,339,139307,California
Placer,2021-04-05,2999,228233,1898,121320,917,103236,184,3677,1746,50925,1249,90312,1930,141237,California
Placer,2021-04-06,4281,232514,2473,123793,1509,104745,299,3976,1524,49996,2752,93064,1823,143060,California
Placer,2021-04-07,4511,237025,2572,126365,1478,106223,461,4437,2063,50075,2442,95506,2521,145581,California
Placer,2021-04-08,4687,241712,2591,128956,1551,107774,545,4982,1569,49081,3107,98613,2113,147694,California
Placer,2021-04-09,4106,245818,2263,131219,1225,108999,618,5600,1224,48051,2874,101487,1844,149538,California
Placer,2021-04-10,2024,247842,879,132098,960,109959,185,5785,865,47944,1156,102643,1049,150587,California
Placer,2021-04-11,1352,249194,531,132629,788,110747,33,5818,454,47536,894,103537,486,151073,California
Placer,2021-04-12,4097,253291,2645,135274,1072,111819,380,6198,2462,48753,1624,105161,2841,153914,California
Placer,2021-04-13,4345,257636,2994,138268,1350,113169,1,6199,2190,48793,2151,107312,2191,156105,California
Placer,2021-04-14,4120,261756,2565,140833,1554,114723,1,6200,1843,48368,2268,109580,1843,157948,California
Placer,2021-04-15,4491,266247,2508,143341,1982,116705,1,6201,2347,48583,2133,111713,2348,160296,California
Placer,2021-04-16,3675,269922,2185,145526,1490,118195,0,6201,1433,47780,2236,113949,1433,161729,California
Placer,2021-04-17,2418,272340,840,146366,1578,119773,0,6201,1515,48396,899,114848,1515,163244,California
Placer,2021-04-18,1181,273521,255,146621,926,120699,0,6201,411,48039,768,115616,411,163655,California
Placer,2021-04-19,2934,276455,1804,148425,1130,121829,0,6201,1165,47439,1766,117382,1166,164821,California
Placer,2021-04-20,3780,280235,2456,150881,1324,123153,0,6201,2407,48481,1365,118747,2407,167228,California
Placer,2021-04-21,3655,283890,2396,153277,1258,124411,1,6202,2381,49593,1270,120017,2382,169610,California
Placer,2021-04-22,3661,287551,2264,155541,1397,125808,0,6202,1747,49429,1911,121928,1747,171357,California
Placer,2021-04-23,3498,291049,2322,157863,1175,126983,1,6203,1374,48686,2118,124046,1375,172732,California
Placer,2021-04-24,2084,293133,1264,159127,819,127802,1,6204,1219,49048,857,124903,1219,173951,California
Placer,2021-04-25,913,294046,504,159631,409,128211,0,6204,565,49265,348,125251,565,174516,California
Placer,2021-04-26,2352,296398,1249,160880,1080,129291,23,6227,1154,49253,1188,126439,1176,175692,California
Placer,2021-04-27,2638,299036,1370,162250,1233,130524,35,6262,1518,49693,1114,127553,1554,177246,California
Placer,2021-04-28,2910,301946,1802,164052,1071,131595,37,6299,1518,49865,1383,128936,1555,178801,California
Placer,2021-04-29,3261,305207,2074,166126,1135,132730,52,6351,1317,49296,1938,130874,1369,180170,California
Placer,2021-04-30,2983,308190,1804,167930,1130,133860,49,6400,1189,48745,1789,132663,1238,181408,California
Placer,2021-05-01,1331,309521,933,168863,374,134234,24,6424,607,48657,718,133381,630,182038,California
Placer,2021-05-02,715,310236,553,169416,141,134375,21,6445,333,48631,380,133761,354,182392,California
Placer,2021-05-03,1610,311846,992,170408,553,134928,65,6510,438,47967,1167,134928,503,182895,California
Placer,2021-05-04,2296,314142,1295,171703,835,135763,166,6676,864,47570,1427,136355,1030,183925,California
Placer,2021-05-05,3667,317809,2474,174177,1086,136849,107,6783,968,45952,2693,139048,1075,185000,California
Placer,2021-05-06,3093,320902,1894,176071,1123,137972,76,6859,814,44589,2253,141301,890,185890,California
Placer,2021-05-07,2800,323702,1884,177955,824,138796,92,6951,786,43463,2004,143305,878,186768,California
Placer,2021-05-08,1329,325031,707,178662,581,139377,41,6992,392,42959,935,144240,431,187199,California
Placer,2021-05-09,438,325469,202,178864,215,139592,21,7013,217,42975,221,144461,237,187436,California
Placer,2021-05-10,1925,327394,1030,179894,798,140390,97,7110,436,42022,1486,145947,533,187969,California
Placer,2021-05-11,2799,330193,2021,181915,673,141063,105,7215,573,40484,2216,148163,678,188647,California
Placer,2021-05-12,2714,332907,1901,183816,767,141830,46,7261,619,39061,2088,150251,665,189312,California
Placer,2021-05-13,2611,335518,1698,185514,868,142698,45,7306,889,38275,1719,151970,933,190245,California
Placer,2021-05-14,2528,338046,1631,187145,767,143465,130,7436,1231,38348,1285,153255,1358,191603,California
Placer,2021-05-15,1897,339943,1215,188360,658,144123,24,7460,829,38136,1065,154320,853,192456,California
Placer,2021-05-16,280,340223,159,188519,113,144236,8,7468,59,37982,221,154541,67,192523,California
Placer,2021-05-17,1453,341676,1029,189548,412,144648,12,7480,574,37694,875,155416,587,193110,California
Plumas,2020-12-18,4,4,4,4,0,0,0,0,4,4,0,0,4,4,California
Plumas,2020-12-19,1,5,1,5,0,0,0,0,1,5,0,0,1,5,California
Plumas,2020-12-21,45,50,45,50,0,0,0,0,45,50,0,0,45,50,California
Plumas,2020-12-22,92,142,92,142,0,0,0,0,92,142,0,0,92,142,California
Plumas,2020-12-23,50,192,50,192,0,0,0,0,50,192,0,0,50,192,California
Plumas,2020-12-24,6,198,6,198,0,0,0,0,6,198,0,0,6,198,California
Plumas,2020-12-28,8,206,0,198,8,8,0,0,8,206,0,0,8,206,California
Plumas,2020-12-29,32,238,22,220,10,18,0,0,32,238,0,0,32,238,California
Plumas,2020-12-30,23,261,1,221,22,40,0,0,23,261,0,0,23,261,California
Plumas,2020-12-31,4,265,1,222,3,43,0,0,4,265,0,0,4,265,California
Plumas,2021-01-04,10,275,4,226,6,49,0,0,10,275,0,0,10,275,California
Plumas,2021-01-05,22,297,2,228,20,69,0,0,22,297,0,0,22,297,California
Plumas,2021-01-06,123,420,5,233,118,187,0,0,123,420,0,0,123,420,California
Plumas,2021-01-07,53,473,2,235,51,238,0,0,52,471,1,1,52,472,California
Plumas,2021-01-08,12,485,5,240,7,245,0,0,8,475,4,5,8,480,California
Plumas,2021-01-09,2,487,2,242,0,245,0,0,1,475,1,6,1,481,California
Plumas,2021-01-11,59,546,50,292,9,254,0,0,12,440,47,53,12,493,California
Plumas,2021-01-12,155,701,86,378,69,323,0,0,71,427,84,137,71,564,California
Plumas,2021-01-13,56,757,50,428,6,329,0,0,10,391,46,183,10,574,California
Plumas,2021-01-14,96,853,14,442,82,411,0,0,91,477,5,188,91,665,California
Plumas,2021-01-15,62,915,7,449,55,466,0,0,60,535,2,190,60,725,California
Plumas,2021-01-16,58,973,1,450,57,523,0,0,58,593,0,190,58,783,California
Plumas,2021-01-18,2,975,1,451,1,524,0,0,2,595,0,190,2,785,California
Plumas,2021-01-19,36,1011,5,456,31,555,0,0,32,623,4,194,32,817,California
Plumas,2021-01-20,121,1132,3,459,118,673,0,0,119,740,2,196,119,936,California
Plumas,2021-01-21,112,1244,2,461,110,783,0,0,112,852,0,196,112,1048,California
Plumas,2021-01-22,5,1249,1,462,4,787,0,0,5,857,0,196,5,1053,California
Plumas,2021-01-23,93,1342,2,464,91,878,0,0,93,950,0,196,93,1146,California
Plumas,2021-01-24,1,1343,1,465,0,878,0,0,1,951,0,196,1,1147,California
Plumas,2021-01-25,10,1353,7,472,3,881,0,0,7,955,3,199,7,1154,California
Plumas,2021-01-26,60,1413,2,474,58,939,0,0,52,999,8,207,52,1206,California
Plumas,2021-01-27,25,1438,20,494,5,944,0,0,5,984,20,227,5,1211,California
Plumas,2021-01-28,23,1461,0,494,23,967,0,0,21,1003,2,229,21,1232,California
Plumas,2021-01-29,8,1469,2,496,6,973,0,0,7,1009,1,230,7,1239,California
Plumas,2021-01-30,8,1477,4,500,4,977,0,0,7,1015,1,231,7,1246,California
Plumas,2021-01-31,3,1480,3,503,0,977,0,0,3,1018,0,231,3,1249,California
Plumas,2021-02-01,15,1495,2,505,13,990,0,0,7,1017,8,239,7,1256,California
Plumas,2021-02-02,21,1516,2,507,19,1009,0,0,2,1000,19,258,2,1258,California
Plumas,2021-02-03,127,1643,8,515,119,1128,0,0,13,900,113,371,13,1271,California
Plumas,2021-02-04,102,1745,8,523,94,1222,0,0,23,844,79,450,23,1294,California
Plumas,2021-02-05,24,1769,11,534,13,1235,0,0,9,838,15,465,9,1303,California
Plumas,2021-02-06,7,1776,0,534,7,1242,0,0,7,845,0,465,7,1310,California
Plumas,2021-02-08,16,1792,7,541,9,1251,0,0,4,837,12,477,4,1314,California
Plumas,2021-02-09,171,1963,1,542,170,1421,0,0,111,888,60,537,111,1425,California
Plumas,2021-02-10,89,2052,9,551,80,1501,0,0,80,960,9,546,81,1506,California
Plumas,2021-02-11,322,2374,7,558,315,1816,0,0,263,1164,59,605,263,1769,California
Plumas,2021-02-12,123,2497,4,562,119,1935,0,0,118,1277,5,610,118,1887,California
Plumas,2021-02-13,74,2571,5,567,69,2004,0,0,14,1231,60,670,14,1901,California
Plumas,2021-02-14,8,2579,5,572,3,2007,0,0,8,1239,0,670,8,1909,California
Plumas,2021-02-15,27,2606,5,577,22,2029,0,0,24,1260,3,673,24,1933,California
Plumas,2021-02-16,76,2682,4,581,72,2101,0,0,14,1212,62,735,14,1947,California
Plumas,2021-02-17,136,2818,5,586,131,2232,0,0,12,1100,124,859,12,1959,California
Plumas,2021-02-18,128,2946,6,592,122,2354,0,0,19,1011,109,968,20,1979,California
Plumas,2021-02-19,41,2987,4,596,37,2391,0,0,6,982,35,1003,6,1985,California
Plumas,2021-02-20,105,3092,7,603,98,2489,0,0,13,903,92,1095,13,1998,California
Plumas,2021-02-21,5,3097,5,608,0,2489,0,0,1,900,4,1099,1,1999,California
Plumas,2021-02-22,3,3100,1,609,2,2491,0,0,0,897,3,1102,0,1999,California
Plumas,2021-02-23,25,3125,5,614,20,2511,0,0,17,906,8,1110,17,2016,California
Plumas,2021-02-24,457,3582,7,621,450,2961,0,0,444,1337,13,1123,444,2460,California
Plumas,2021-02-25,230,3812,10,631,220,3181,0,0,169,1445,61,1184,169,2629,California
Plumas,2021-02-26,267,4079,8,639,259,3440,0,0,259,1697,8,1192,260,2889,California
Plumas,2021-02-27,40,4119,4,643,36,3476,0,0,33,1723,7,1199,33,2922,California
Plumas,2021-02-28,1,4120,0,643,1,3477,0,0,1,1724,0,1199,1,2923,California
Plumas,2021-03-01,13,4133,3,646,10,3487,0,0,8,1728,4,1203,8,2931,California
Plumas,2021-03-02,9,4142,0,646,9,3496,0,0,7,1733,2,1205,7,2938,California
Plumas,2021-03-03,151,4293,9,655,142,3638,0,0,135,1852,16,1221,135,3073,California
Plumas,2021-03-04,252,4545,9,664,243,3881,0,0,230,2060,22,1243,230,3303,California
Plumas,2021-03-05,400,4945,7,671,388,4269,5,5,389,2443,11,1254,394,3697,California
Plumas,2021-03-06,19,4964,2,673,9,4278,8,13,3,2438,16,1270,11,3708,California
Plumas,2021-03-07,13,4977,2,675,2,4280,9,22,3,2440,10,1280,12,3720,California
Plumas,2021-03-08,29,5006,3,678,2,4282,24,46,3,2441,26,1306,27,3747,California
Plumas,2021-03-09,133,5139,2,680,116,4398,15,61,18,2359,115,1421,33,3780,California
Plumas,2021-03-10,254,5393,3,683,237,4635,14,75,107,2334,146,1567,121,3901,California
Plumas,2021-03-11,179,5572,8,691,166,4801,5,80,144,2448,35,1602,149,4050,California
Plumas,2021-03-12,595,6167,4,695,303,5104,288,368,23,2187,572,2174,311,4361,California
Plumas,2021-03-13,25,6192,4,699,10,5114,11,379,5,2183,20,2194,16,4377,California
Plumas,2021-03-14,12,6204,3,702,4,5118,5,384,1,2179,10,2204,6,4383,California
Plumas,2021-03-15,31,6235,0,702,24,5142,7,391,5,2165,26,2230,12,4395,California
Plumas,2021-03-16,60,6295,3,705,56,5198,1,392,49,2204,11,2241,50,4445,California
Plumas,2021-03-17,73,6368,9,714,63,5261,1,393,58,2249,14,2255,59,4504,California
Plumas,2021-03-18,60,6428,6,720,38,5299,16,409,12,2229,48,2303,28,4532,California
Plumas,2021-03-19,164,6592,6,726,156,5455,2,411,155,2380,7,2310,158,4690,California
Plumas,2021-03-20,691,7283,4,730,686,6141,1,412,671,3034,18,2328,672,5362,California
Plumas,2021-03-21,2,7285,1,731,1,6142,0,412,1,3035,0,2328,1,5363,California
Plumas,2021-03-22,183,7468,2,733,181,6323,0,412,176,3204,7,2335,176,5539,California
Plumas,2021-03-23,27,7495,2,735,25,6348,0,412,13,3203,14,2349,13,5552,California
Plumas,2021-03-24,653,8148,6,741,646,6994,1,413,223,2998,429,2778,224,5776,California
Plumas,2021-03-25,302,8450,7,748,293,7287,2,415,158,3012,144,2922,158,5934,California
Plumas,2021-03-26,315,8765,9,757,306,7593,0,415,46,2790,268,3190,46,5980,California
Plumas,2021-03-27,13,8778,1,758,11,7604,1,416,3,2784,10,3200,4,5984,California
Plumas,2021-03-28,5,8783,3,761,1,7605,1,417,3,2786,2,3202,4,5988,California
Plumas,2021-03-29,12,8795,4,765,7,7612,1,418,4,2783,8,3210,5,5993,California
Plumas,2021-03-30,151,8946,3,768,147,7759,1,419,24,2681,127,3337,25,6018,California
Plumas,2021-03-31,288,9234,2,770,285,8044,1,420,267,2928,21,3358,268,6286,California
Plumas,2021-04-01,299,9533,11,781,287,8331,1,421,61,2753,236,3594,61,6347,California
Plumas,2021-04-02,375,9908,5,786,369,8700,1,422,29,2448,335,3929,30,6377,California
Plumas,2021-04-03,16,9924,3,789,5,8705,8,430,4,2448,12,3941,12,6389,California
Plumas,2021-04-04,3,9927,1,790,1,8706,1,431,0,2446,3,3944,1,6390,California
Plumas,2021-04-05,10,9937,3,793,6,8712,1,432,3,2443,7,3951,4,6394,California
Plumas,2021-04-06,120,10057,6,799,88,8800,26,458,13,2375,107,4058,39,6433,California
Plumas,2021-04-07,281,10338,7,806,99,8899,175,633,28,2325,253,4311,203,6636,California
Plumas,2021-04-08,150,10488,3,809,132,9031,15,648,34,2258,115,4426,48,6684,California
Plumas,2021-04-09,51,10539,10,819,25,9056,16,664,19,2260,32,4458,34,6718,California
Plumas,2021-04-10,24,10563,2,821,6,9062,16,680,5,2262,19,4477,21,6739,California
Plumas,2021-04-11,4,10567,3,824,0,9062,1,681,3,2265,1,4478,4,6743,California
Plumas,2021-04-12,11,10578,5,829,3,9065,3,684,7,2271,4,4482,10,6753,California
Plumas,2021-04-13,207,10785,5,834,202,9267,0,684,139,2342,68,4550,139,6892,California
Plumas,2021-04-14,109,10894,8,842,101,9368,0,684,55,2343,54,4604,55,6947,California
Plumas,2021-04-15,50,10944,2,844,48,9416,0,684,32,2357,18,4622,32,6979,California
Plumas,2021-04-16,142,11086,2,846,140,9556,0,684,2,2219,140,4762,2,6981,California
Plumas,2021-04-17,666,11752,2,848,664,10220,0,684,21,1597,643,5405,21,7002,California
Plumas,2021-04-18,4,11756,3,851,1,10221,0,684,1,1595,3,5408,1,7003,California
Plumas,2021-04-19,38,11794,3,854,35,10256,0,684,5,1567,33,5441,5,7008,California
Plumas,2021-04-20,42,11836,5,859,37,10293,0,684,26,1578,15,5456,26,7034,California
Plumas,2021-04-21,312,12148,5,864,306,10599,1,685,18,1302,294,5750,18,7052,California
Plumas,2021-04-22,272,12420,8,872,264,10863,0,685,129,1288,143,5893,129,7181,California
Plumas,2021-04-23,73,12493,6,878,67,10930,0,685,16,1247,57,5950,16,7197,California
Plumas,2021-04-24,171,12664,5,883,166,11096,0,685,146,1369,24,5974,146,7343,California
Plumas,2021-04-26,29,12693,4,887,25,11121,0,685,9,1359,19,5993,9,7352,California
Plumas,2021-04-27,87,12780,3,890,84,11205,0,685,51,1374,36,6029,51,7403,California
Plumas,2021-04-28,283,13063,4,894,279,11484,0,685,37,1166,245,6274,37,7440,California
Plumas,2021-04-29,171,13234,68,962,103,11587,0,685,118,1231,53,6327,118,7558,California
Plumas,2021-04-30,23,13257,11,973,12,11599,0,685,7,1222,16,6343,7,7565,California
Plumas,2021-05-01,2,13259,1,974,0,11599,1,686,0,1221,2,6345,1,7566,California
Plumas,2021-05-02,3,13262,3,977,0,11599,0,686,1,1220,2,6347,1,7567,California
Plumas,2021-05-03,16,13278,6,983,4,11603,6,692,5,1220,11,6358,11,7578,California
Plumas,2021-05-04,27,13305,3,986,18,11621,6,698,16,1231,11,6369,22,7600,California
Plumas,2021-05-05,47,13352,6,992,40,11661,1,699,21,1227,26,6395,22,7622,California
Plumas,2021-05-06,56,13408,2,994,49,11710,5,704,15,1206,41,6436,20,7642,California
Plumas,2021-05-07,22,13430,5,999,16,11726,1,705,8,1201,14,6450,9,7651,California
Plumas,2021-05-08,6,13436,0,999,4,11730,2,707,4,1205,2,6452,6,7657,California
Plumas,2021-05-10,49,13485,1,1000,25,11755,23,730,22,1223,27,6479,45,7702,California
Plumas,2021-05-11,164,13649,3,1003,142,11897,19,749,14,1106,150,6629,33,7735,California
Plumas,2021-05-12,97,13746,2,1005,87,11984,8,757,36,1089,61,6690,44,7779,California
Plumas,2021-05-13,41,13787,5,1010,34,12018,2,759,18,1086,23,6713,20,7799,California
Plumas,2021-05-14,18,13805,2,1012,10,12028,6,765,7,1088,11,6724,13,7812,California
Plumas,2021-05-15,11,13816,4,1016,5,12033,2,767,5,1089,6,6730,7,7819,California
Plumas,2021-05-16,1,13817,0,1016,1,12034,0,767,0,1088,1,6731,0,7819,California
Plumas,2021-05-17,3,13820,0,1016,3,12037,0,767,3,1091,0,6731,3,7822,California
Riverside,2020-12-15,5,5,5,5,0,0,0,0,5,5,0,0,5,5,California
Riverside,2020-12-16,63,68,63,68,0,0,0,0,63,68,0,0,63,68,California
Riverside,2020-12-17,805,873,805,873,0,0,0,0,805,873,0,0,805,873,California
Riverside,2020-12-18,1724,2597,1723,2596,1,1,0,0,1724,2597,0,0,1724,2597,California
Riverside,2020-12-19,1027,3624,1024,3620,3,4,0,0,1025,3621,1,1,1025,3622,California
Riverside,2020-12-20,1085,4709,1084,4704,1,5,0,0,1085,4706,0,1,1085,4707,California
Riverside,2020-12-21,2275,6984,2273,6977,2,7,0,0,2275,6981,0,1,2275,6982,California
Riverside,2020-12-22,2258,9242,2219,9196,39,46,0,0,2257,9238,0,1,2257,9239,California
Riverside,2020-12-23,2130,11372,1793,10989,337,383,0,0,2131,11369,0,1,2131,11370,California
Riverside,2020-12-24,828,12200,626,11615,202,585,0,0,828,12197,0,1,828,12198,California
Riverside,2020-12-25,28,12228,5,11620,23,608,0,0,28,12225,0,1,28,12226,California
Riverside,2020-12-26,401,12629,257,11877,144,752,0,0,401,12626,0,1,401,12627,California
Riverside,2020-12-27,362,12991,243,12120,119,871,0,0,362,12988,0,1,362,12989,California
Riverside,2020-12-28,1627,14618,1126,13246,501,1372,0,0,1627,14615,0,1,1627,14616,California
Riverside,2020-12-29,1739,16357,973,14219,766,2138,0,0,1739,16354,0,1,1739,16355,California
Riverside,2020-12-30,2583,18940,1688,15907,895,3033,0,0,2582,18936,0,1,2582,18937,California
Riverside,2020-12-31,1021,19961,394,16301,627,3660,0,0,1023,19959,0,1,1023,19960,California
Riverside,2021-01-01,116,20077,45,16346,71,3731,0,0,116,20075,0,1,116,20076,California
Riverside,2021-01-02,834,20911,694,17040,140,3871,0,0,834,20909,0,1,834,20910,California
Riverside,2021-01-03,343,21254,298,17338,45,3916,0,0,342,21251,0,1,342,21252,California
Riverside,2021-01-04,1265,22519,797,18135,468,4384,0,0,1265,22516,0,1,1265,22517,California
Riverside,2021-01-05,1987,24506,1366,19501,621,5005,0,0,1892,24319,89,90,1892,24409,California
Riverside,2021-01-06,2498,27004,1114,20615,1384,6389,0,0,2191,26207,303,393,2191,26600,California
Riverside,2021-01-07,2765,29769,1812,22427,953,7342,0,0,1704,26857,1056,1449,1706,28306,California
Riverside,2021-01-08,4059,33828,2938,25365,1121,8463,0,0,2247,27296,1808,3257,2247,30553,California
Riverside,2021-01-09,2072,35900,843,26208,1229,9692,0,0,1725,28675,346,3603,1725,32278,California
Riverside,2021-01-10,1668,37568,736,26944,932,10624,0,0,1064,29135,604,4207,1064,33342,California
Riverside,2021-01-11,4529,42097,3103,30047,1426,12050,0,0,2794,30197,1733,5940,2795,36137,California
Riverside,2021-01-12,3415,45512,2736,32783,679,12729,0,0,1722,30231,1688,7628,1722,37859,California
Riverside,2021-01-13,4395,49907,2875,35658,1520,14249,0,0,2787,31413,1605,9233,2787,40646,California
Riverside,2021-01-14,5497,55404,1896,37554,3601,17850,0,0,4909,35734,588,9821,4909,45555,California
Riverside,2021-01-15,6166,61570,2102,39656,4064,21914,0,0,5877,41323,288,10109,5877,51432,California
Riverside,2021-01-16,3609,65179,1017,40673,2592,24506,0,0,3363,44441,246,10355,3364,54796,California
Riverside,2021-01-17,3592,68771,582,41255,3010,27516,0,0,3395,47641,195,10550,3395,58191,California
Riverside,2021-01-18,3739,72510,2030,43285,1709,29225,0,0,2733,49368,1006,11556,2733,60924,California
Riverside,2021-01-19,7415,79925,2648,45933,4767,33992,0,0,6298,54550,1117,12673,6299,67223,California
Riverside,2021-01-20,8220,88145,3139,49072,5081,39073,0,0,6537,59420,1671,14344,6541,73764,California
Riverside,2021-01-21,8374,96519,3531,52603,4843,43916,0,0,7715,66476,660,15004,7716,81480,California
Riverside,2021-01-22,8731,105250,2981,55584,5750,49666,0,0,8300,74348,429,15433,8301,89781,California
Riverside,2021-01-23,5926,111176,2393,57977,3533,53199,0,0,5197,78817,729,16162,5198,94979,California
Riverside,2021-01-24,3035,114211,1430,59407,1605,54804,0,0,2821,81428,211,16373,2822,97801,California
Riverside,2021-01-25,7884,122095,4540,63947,3344,58148,0,0,6757,87060,1126,17499,6758,104559,California
Riverside,2021-01-26,9122,131217,5731,69678,3391,61539,0,0,7608,93158,1511,19010,7609,112168,California
Riverside,2021-01-27,10913,142130,6391,76069,4522,66061,0,0,9300,100852,1609,20619,9303,121471,California
Riverside,2021-01-28,11502,153632,6790,82859,4712,70773,0,0,10342,110043,1152,21771,10343,131814,California
Riverside,2021-01-29,11928,165560,7279,90138,4649,75422,0,0,10557,119259,1345,23116,10561,142375,California
Riverside,2021-01-30,9053,174613,4607,94745,4446,79868,0,0,8590,127390,460,23576,8591,150966,California
Riverside,2021-01-31,5169,179782,4257,99002,912,80780,0,0,5036,132298,132,23708,5040,156006,California
Riverside,2021-02-01,10920,190702,6753,105755,4167,84947,0,0,9101,139590,1812,25520,9104,165110,California
Riverside,2021-02-02,9519,200221,4855,110610,4664,89611,0,0,8021,146123,1491,27011,8024,173134,California
Riverside,2021-02-03,12135,212356,5105,115715,7030,96641,0,0,9799,153596,2326,29337,9799,182933,California
Riverside,2021-02-04,13558,225914,6049,121764,7509,104150,0,0,11443,162934,2107,31444,11445,194378,California
Riverside,2021-02-05,14345,240259,5403,127167,8942,113092,0,0,11284,171169,3053,34497,11288,205666,California
Riverside,2021-02-06,7264,247523,4292,131459,2972,116064,0,0,5617,175150,1639,36136,5620,211286,California
Riverside,2021-02-07,2169,249692,799,132258,1370,117434,0,0,1849,176682,318,36454,1850,213136,California
Riverside,2021-02-08,12464,262156,5540,137798,6924,124358,0,0,10144,184527,2303,38757,10148,223284,California
Riverside,2021-02-09,9675,271831,4550,142348,5125,129483,0,0,7728,190321,1939,40696,7733,231017,California
Riverside,2021-02-10,12081,283912,6984,149332,5097,134580,0,0,8904,196069,3165,43861,8913,239930,California
Riverside,2021-02-11,16609,300521,9060,158392,7549,142129,0,0,12094,203685,4493,48354,12109,252039,California
Riverside,2021-02-12,17689,318210,10814,169206,6875,149004,0,0,12810,211672,4835,53189,12822,264861,California
Riverside,2021-02-13,6334,324544,2133,171339,4201,153205,0,0,3105,211587,3211,56400,3126,267987,California
Riverside,2021-02-14,4932,329476,1126,172465,3806,157011,0,0,2181,211022,2747,59147,2182,270169,California
Riverside,2021-02-15,9829,339305,5000,177465,4829,161840,0,0,5408,212025,4412,63559,5415,275584,California
Riverside,2021-02-16,16113,355418,10108,187573,6005,167845,0,0,9248,214423,6858,70417,9256,284840,California
Riverside,2021-02-17,15024,370442,8211,195784,6813,174658,0,0,7449,214320,7562,77979,7459,292299,California
Riverside,2021-02-18,15536,385978,8994,204778,6542,181200,0,0,8012,214845,7501,85480,8026,300325,California
Riverside,2021-02-19,15299,401277,8228,213006,7071,188271,0,0,7224,214022,8055,93535,7232,307557,California
Riverside,2021-02-20,8311,409588,4497,217503,3814,192085,0,0,2167,210065,6127,99662,2170,309727,California
Riverside,2021-02-21,4397,413985,3877,221380,520,192605,0,0,1234,208150,3149,102811,1234,310961,California
Riverside,2021-02-22,12365,426350,7764,229144,4601,197206,0,0,5107,206022,7240,110051,5112,316073,California
Riverside,2021-02-23,11114,437464,7576,236720,3538,200744,0,0,5399,205739,5686,115737,5403,321476,California
Riverside,2021-02-24,14807,452271,8101,244821,6706,207450,0,0,6295,203578,8473,124210,6312,327788,California
Riverside,2021-02-25,17355,469626,7403,252224,9952,217402,0,0,8062,202394,9271,133481,8087,335875,California
Riverside,2021-02-26,18622,488248,6723,258947,11899,229301,0,0,9305,202474,9258,142739,9338,345213,California
Riverside,2021-02-27,12075,500323,5606,264553,6469,235770,0,0,5769,201999,6271,149010,5796,351009,California
Riverside,2021-02-28,4881,505204,3217,267770,1664,237434,0,0,2411,201959,2458,151468,2418,353427,California
Riverside,2021-03-01,14345,519549,6119,273889,8224,245658,2,2,8443,204564,5867,157335,8472,361899,California
Riverside,2021-03-02,15356,534905,7500,281389,7855,253513,1,3,9013,207286,6319,163654,9041,370940,California
Riverside,2021-03-03,16869,551774,8351,289740,8518,262031,0,3,7284,205162,9535,173189,7411,378351,California
Riverside,2021-03-04,18742,570516,7458,297198,11279,273310,5,8,8895,204410,9802,182991,9050,387401,California
Riverside,2021-03-05,18785,589301,7540,304738,11201,284511,44,52,9302,204603,9432,192423,9625,397026,California
Riverside,2021-03-06,9464,598765,5028,309766,3955,288466,481,533,4703,205071,4746,197169,5214,402240,California
Riverside,2021-03-07,4181,602946,2703,312469,1089,289555,389,922,1961,205215,2210,199379,2354,404594,California
Riverside,2021-03-08,11944,614890,4742,317211,6791,296346,411,1333,5316,204378,6609,205988,5772,410366,California
Riverside,2021-03-09,14665,629555,6767,323978,7398,303744,500,1833,5788,201942,8858,214846,6422,416788,California
Riverside,2021-03-10,15648,645203,8394,332372,6365,310109,889,2722,6017,199410,9590,224436,7058,423846,California
Riverside,2021-03-11,19244,664447,9455,341827,7943,318052,1846,4568,7589,197438,11618,236054,9646,433492,California
Riverside,2021-03-12,21161,685608,7929,349756,8496,326548,4736,9304,7097,195567,14031,250085,12160,445652,California
Riverside,2021-03-13,8399,694007,2510,352266,4685,331233,1204,10508,4302,197071,4078,254163,5582,451234,California
Riverside,2021-03-14,4618,698625,1584,353850,1739,332972,1295,11803,2036,197828,2571,256734,3328,454562,California
Riverside,2021-03-15,18690,717315,7853,361703,9165,342137,1672,13475,9204,199361,9443,266177,10976,465538,California
Riverside,2021-03-16,20900,738215,10142,371845,9943,352080,815,14290,11384,202177,9476,275653,12292,477830,California
Riverside,2021-03-17,21293,759508,10924,382769,9321,361401,1048,15338,12789,207604,8468,284121,13895,491725,California
Riverside,2021-03-18,22582,782090,11748,394517,9177,370578,1657,16995,12536,211807,9998,294119,14201,505926,California
Riverside,2021-03-19,24020,806110,12576,407093,10493,381071,951,17946,14031,217222,9934,304053,15349,521275,California
Riverside,2021-03-20,10607,816717,6845,413938,2596,383667,1166,19112,6820,221452,3756,307809,7986,529261,California
Riverside,2021-03-21,3683,820400,2878,416816,553,384220,252,19364,2524,223087,1142,308951,2777,532038,California
Riverside,2021-03-22,16642,837042,9927,426743,6162,390382,553,19917,10591,228227,6001,314952,11141,543179,California
Riverside,2021-03-23,18562,855604,10505,437248,7634,398016,423,20340,11941,234041,6564,321516,12378,555557,California
Riverside,2021-03-24,18694,874298,10421,447669,8153,406169,120,20460,12841,241203,5805,327321,12967,568524,California
Riverside,2021-03-25,21113,895411,11655,459324,9278,415447,180,20640,14168,248680,6878,334199,14355,582879,California
Riverside,2021-03-26,24103,919514,11896,471220,12034,427481,173,20813,15037,254926,8966,343165,15212,598091,California
Riverside,2021-03-27,9284,928798,4874,476094,3356,430837,1054,21867,4809,256336,4454,347619,5864,603955,California
Riverside,2021-03-28,4723,933521,3105,479199,1526,432363,92,21959,2836,257391,1874,349493,2929,606884,California
Riverside,2021-03-29,17644,951165,8442,487641,9085,441448,117,22076,10964,261844,6641,356134,11094,617978,California
Riverside,2021-03-30,18334,969499,9543,497184,8586,450034,205,22281,11806,267370,6489,362623,12015,629993,California
Riverside,2021-03-31,18050,987549,8396,505580,9353,459387,301,22582,11489,272654,6518,369141,11802,641795,California
Riverside,2021-04-01,25498,1013047,12463,518043,12272,471659,763,23345,16501,281001,8939,378080,17286,659081,California
Riverside,2021-04-02,26043,1039090,14029,532072,11075,482734,939,24284,16356,288888,9635,387715,17522,676603,California
Riverside,2021-04-03,9309,1048399,5918,537990,2810,485544,581,24865,6038,292258,3252,390967,6622,683225,California
Riverside,2021-04-04,3380,1051779,2053,540043,1088,486632,239,25104,1757,292641,1615,392582,1998,685223,California
Riverside,2021-04-05,18376,1070155,9423,549466,7113,493745,1840,26944,9897,295935,8444,401026,11738,696961,California
Riverside,2021-04-06,23719,1093874,12338,561804,9261,503006,2120,29064,13232,300845,10438,411464,15348,712309,California
Riverside,2021-04-07,24546,1118420,13192,574996,8871,511877,2483,31547,13669,306169,10833,422297,16157,728466,California
Riverside,2021-04-08,26931,1145351,14788,589784,9204,521081,2939,34486,16401,315020,10471,432768,19322,747788,California
Riverside,2021-04-09,26056,1171407,15328,605112,8306,529387,2422,36908,15924,323295,10090,442858,18365,766153,California
Riverside,2021-04-10,11942,1183349,6709,611821,3844,533231,1389,38297,5243,323262,6656,449514,6623,772776,California
Riverside,2021-04-11,4599,1187948,2730,614551,1249,534480,620,38917,2177,323647,2411,451925,2796,775572,California
Riverside,2021-04-12,20064,1208012,8910,623461,8519,542999,2635,41552,10076,326406,9950,461875,12709,788281,California
Riverside,2021-04-13,19890,1227902,11129,634590,8735,551734,26,41578,11358,329302,8490,470365,11386,799667,California
Riverside,2021-04-14,22028,1249930,12100,646690,9914,561648,14,41592,10798,328956,11162,481527,10816,810483,California
Riverside,2021-04-15,21671,1271601,12169,658859,9494,571142,8,41600,11350,330061,10254,491781,11359,821842,California
Riverside,2021-04-16,24924,1296525,14420,673279,10498,581640,6,41606,11603,328405,13272,505053,11616,833458,California
Riverside,2021-04-17,9853,1306378,6493,679772,3360,585000,0,41606,4972,328519,4865,509918,4979,838437,California
Riverside,2021-04-18,3854,1310232,2812,682584,1035,586035,7,41613,1837,328360,2005,511923,1846,840283,California
Riverside,2021-04-19,19478,1329710,11596,694180,7879,593914,3,41616,6978,322886,12460,524383,6986,847269,California
Riverside,2021-04-20,18845,1348555,9942,704122,8894,602808,9,41625,7719,319529,11089,535472,7732,855001,California
Riverside,2021-04-21,19480,1368035,11077,715199,8395,611203,8,41633,7678,315480,11742,547214,7693,862694,California
Riverside,2021-04-22,23211,1391246,13540,728739,9668,620871,3,41636,8664,309671,14481,561695,8672,871366,California
Riverside,2021-04-23,23313,1414559,13735,742474,9564,630435,14,41650,9177,304792,14078,575773,9199,880565,California
Riverside,2021-04-24,10468,1425027,7312,749786,3154,633589,2,41652,4850,304061,5584,581357,4853,885418,California
Riverside,2021-04-25,4201,1429228,2813,752599,1387,634976,1,41653,2190,304255,1998,583355,2192,887610,California
Riverside,2021-04-26,16476,1445704,10359,762958,6072,641048,45,41698,5532,298925,10911,594266,5581,893191,California
Riverside,2021-04-27,17637,1463341,10111,773069,7364,648412,162,41860,6092,293675,11504,605770,6254,899445,California
Riverside,2021-04-28,16391,1479732,8827,781896,7305,655717,259,42119,5522,288644,10812,616582,5781,905226,California
Riverside,2021-04-29,18665,1498397,11419,793315,6897,662614,349,42468,5385,281160,13217,629799,5733,910959,California
Riverside,2021-04-30,19647,1518044,11314,804629,7955,670569,378,42846,6285,274515,13311,643110,6666,917625,California
Riverside,2021-05-01,6749,1524793,4868,809497,1713,672282,168,43014,2313,272580,4414,647524,2479,920104,California
Riverside,2021-05-02,3349,1528142,2183,811680,958,673240,208,43222,1064,271588,2270,649794,1278,921382,California
Riverside,2021-05-03,17960,1546102,11013,822693,6460,679700,487,43709,4150,262472,13751,663545,4635,926017,California
Riverside,2021-05-04,17185,1563287,10909,833602,5860,685560,416,44125,4856,255471,12272,675817,5271,931288,California
Riverside,2021-05-05,15707,1578994,8902,842504,6451,692011,354,44479,4522,249215,11132,686949,4876,936164,California
Riverside,2021-05-06,17675,1596669,9938,852442,7329,699340,408,44887,4475,240969,13131,700080,4885,941049,California
Riverside,2021-05-07,20201,1616870,11557,863999,8217,707557,427,45314,5303,231876,14823,714903,5730,946779,California
Riverside,2021-05-08,6790,1623660,4520,868519,2045,709602,225,45539,2544,230431,4213,719116,2768,949547,California
Riverside,2021-05-09,2311,1625971,1517,870036,639,710241,155,45694,856,229998,1444,720560,1011,950558,California
Riverside,2021-05-10,9984,1635955,5111,875147,4497,714738,376,46070,2835,226112,7097,727657,3211,953769,California
Riverside,2021-05-11,13449,1649404,8101,883248,4855,719593,493,46563,3668,220576,9698,737355,4162,957931,California
Riverside,2021-05-12,11785,1661189,5719,888967,5796,725389,270,46833,3501,216108,8237,745592,3769,961700,California
Riverside,2021-05-13,13218,1674407,7742,896709,5213,730602,263,47096,4538,212276,8638,754230,4806,966506,California
Riverside,2021-05-14,16716,1691123,10512,907221,5513,736115,691,47787,6478,209264,10183,764413,7171,973677,California
Riverside,2021-05-15,8780,1699903,6174,913395,2293,738408,313,48100,4288,209403,4465,768878,4604,978281,California
Riverside,2021-05-16,1059,1700962,623,914018,389,738797,47,48147,442,209280,611,769489,488,978769,California
Riverside,2021-05-17,7355,1708317,4464,918482,2675,741472,216,48363,2669,207497,4668,774157,2885,981654,California
Sacramento,2020-12-15,315,315,315,315,0,0,0,0,315,315,0,0,315,315,California
Sacramento,2020-12-16,645,960,645,960,0,0,0,0,645,960,0,0,645,960,California
Sacramento,2020-12-17,648,1608,648,1608,0,0,0,0,648,1608,0,0,648,1608,California
Sacramento,2020-12-18,970,2578,970,2578,0,0,0,0,970,2578,0,0,970,2578,California
Sacramento,2020-12-19,612,3190,612,3190,0,0,0,0,612,3190,0,0,612,3190,California
Sacramento,2020-12-20,634,3824,634,3824,0,0,0,0,634,3824,0,0,634,3824,California
Sacramento,2020-12-21,1677,5501,1677,5501,0,0,0,0,1678,5502,0,0,1678,5502,California
Sacramento,2020-12-22,2098,7599,2065,7566,33,33,0,0,2098,7600,0,0,2098,7600,California
Sacramento,2020-12-23,2251,9850,2081,9647,170,203,0,0,2251,9851,0,0,2251,9851,California
Sacramento,2020-12-24,1046,10896,834,10481,212,415,0,0,1046,10897,0,0,1046,10897,California
Sacramento,2020-12-25,1,10897,0,10481,1,416,0,0,1,10898,0,0,1,10898,California
Sacramento,2020-12-26,509,11406,291,10772,218,634,0,0,509,11407,0,0,509,11407,California
Sacramento,2020-12-27,351,11757,247,11019,104,738,0,0,351,11758,0,0,351,11758,California
Sacramento,2020-12-28,1905,13662,1325,12344,580,1318,0,0,1904,13661,1,1,1904,13662,California
Sacramento,2020-12-29,1955,15617,1189,13533,766,2084,0,0,1955,15616,0,1,1955,15617,California
Sacramento,2020-12-30,2562,18179,1457,14990,1105,3189,0,0,2563,18179,0,1,2563,18180,California
Sacramento,2020-12-31,1229,19408,695,15685,534,3723,0,0,1230,19409,0,1,1230,19410,California
Sacramento,2021-01-01,81,19489,70,15755,11,3734,0,0,81,19490,0,1,81,19491,California
Sacramento,2021-01-02,565,20054,363,16118,202,3936,0,0,565,20055,0,1,565,20056,California
Sacramento,2021-01-03,412,20466,223,16341,189,4125,0,0,412,20467,0,1,412,20468,California
Sacramento,2021-01-04,1960,22426,848,17189,1112,5237,0,0,1958,22424,1,2,1958,22426,California
Sacramento,2021-01-05,2212,24638,986,18175,1226,6463,0,0,1858,23935,354,356,1865,24291,California
Sacramento,2021-01-06,2735,27373,1623,19798,1112,7575,0,0,1960,25123,772,1128,1960,26251,California
Sacramento,2021-01-07,2837,30210,1507,21305,1330,8905,0,0,1975,26239,859,1987,1975,28226,California
Sacramento,2021-01-08,3303,33513,2096,23401,1207,10112,0,0,2268,27477,1031,3018,2269,30495,California
Sacramento,2021-01-09,1291,34804,799,24200,492,10604,0,0,902,27992,387,3405,902,31397,California
Sacramento,2021-01-10,1247,36051,710,24910,537,11141,0,0,776,28299,470,3875,777,32174,California
Sacramento,2021-01-11,4353,40404,2963,27873,1390,12531,0,0,2413,28785,1939,5814,2425,34599,California
Sacramento,2021-01-12,4453,44857,3089,30962,1364,13895,0,0,2485,29307,1967,7781,2489,37088,California
Sacramento,2021-01-13,3794,48651,2172,33134,1622,15517,0,0,2383,30281,1410,9191,2384,39472,California
Sacramento,2021-01-14,4635,53286,2371,35505,2264,17781,0,0,3712,33074,919,10110,3712,43184,California
Sacramento,2021-01-15,4427,57713,2265,37770,2162,19943,0,0,3705,36059,721,10831,3706,46890,California
Sacramento,2021-01-16,2095,59808,1292,39062,803,20746,0,0,1878,37720,217,11048,1878,48768,California
Sacramento,2021-01-17,1647,61455,954,40016,693,21439,0,0,1469,39014,178,11226,1472,50240,California
Sacramento,2021-01-18,2872,64327,1777,41793,1095,22534,0,0,2338,40820,533,11759,2339,52579,California
Sacramento,2021-01-19,5007,69334,3057,44850,1950,24484,0,0,3734,43283,1273,13032,3736,56315,California
Sacramento,2021-01-20,4814,74148,2852,47702,1962,26446,0,0,3591,45654,1225,14257,3596,59911,California
Sacramento,2021-01-21,5200,79348,2995,50697,2205,28651,0,0,4234,48929,960,15217,4235,64146,California
Sacramento,2021-01-22,4996,84344,2664,53361,2332,30983,0,0,4695,53325,300,15517,4696,68842,California
Sacramento,2021-01-23,3734,88078,1562,54923,2172,33155,0,0,3275,56141,459,15976,3275,72117,California
Sacramento,2021-01-24,1601,89679,999,55922,602,33757,0,0,1360,57261,241,16217,1361,73478,California
Sacramento,2021-01-25,4424,94103,2173,58095,2251,36008,0,0,2949,58737,1475,17692,2951,76429,California
Sacramento,2021-01-26,4728,98831,2140,60235,2588,38596,0,0,3524,61061,1202,18894,3526,79955,California
Sacramento,2021-01-27,5813,104644,3055,63290,2758,41354,0,0,4205,63663,1605,20499,4207,84162,California
Sacramento,2021-01-28,5380,110024,2726,66016,2654,44008,0,0,4286,66857,1093,21592,4287,88449,California
Sacramento,2021-01-29,5400,115424,2939,68955,2461,46469,0,0,4370,70206,1021,22613,4370,92819,California
Sacramento,2021-01-30,4513,119937,2206,71161,2307,48776,0,0,4077,73849,434,23047,4077,96896,California
Sacramento,2021-01-31,2316,122253,2022,73183,294,49070,0,0,2039,75615,275,23322,2041,98937,California
Sacramento,2021-02-01,5923,128176,3024,76207,2899,51969,0,0,4253,78203,1665,24987,4253,103190,California
Sacramento,2021-02-02,6939,135115,3769,79976,3170,55139,0,0,4799,80883,2121,27108,4801,107991,California
Sacramento,2021-02-03,7150,142265,3606,83582,3544,58683,0,0,5283,84311,1857,28965,5285,113276,California
Sacramento,2021-02-04,7725,149990,3645,87227,4080,62763,0,0,5500,87596,2215,31180,5500,118776,California
Sacramento,2021-02-05,7858,157848,4494,91721,3364,66127,0,0,4909,89582,2926,34106,4912,123688,California
Sacramento,2021-02-06,8456,166304,3467,95188,4989,71116,0,0,7116,95363,1336,35442,7117,130805,California
Sacramento,2021-02-07,4085,170389,2199,97387,1886,73002,0,0,2857,97002,1220,36662,2859,133664,California
Sacramento,2021-02-08,6201,176590,3209,100596,2992,75994,0,0,3887,98579,2310,38972,3887,137551,California
Sacramento,2021-02-09,6802,183392,3586,104182,3216,79210,0,0,4006,99799,2787,41759,4007,141558,California
Sacramento,2021-02-10,7667,191059,4178,108360,3489,82699,0,0,4530,101207,3124,44883,4532,146090,California
Sacramento,2021-02-11,9612,200671,5748,114108,3864,86563,0,0,5548,102708,4049,48932,5550,151640,California
Sacramento,2021-02-12,10668,211339,4144,118252,6524,93087,0,0,6400,104904,4207,53139,6403,158043,California
Sacramento,2021-02-13,7678,219017,2992,121244,4686,97773,0,0,6084,109398,1591,54730,6085,164128,California
Sacramento,2021-02-14,3171,222188,1951,123195,1220,98993,0,0,2087,110408,1081,55811,2091,166219,California
Sacramento,2021-02-15,5994,228182,2046,125241,3948,102941,0,0,4166,112756,1820,57631,4168,170387,California
Sacramento,2021-02-16,9233,237415,4203,129444,5030,107971,0,0,5317,114168,3909,61540,5321,175708,California
Sacramento,2021-02-17,8841,246256,4990,134434,3851,111822,0,0,5139,115620,3690,65230,5142,180850,California
Sacramento,2021-02-18,9563,255819,5721,140155,3842,115664,0,0,5755,117578,3800,69030,5758,186608,California
Sacramento,2021-02-19,10014,265833,6141,146296,3873,119537,0,0,5916,119415,4085,73115,5922,192530,California
Sacramento,2021-02-20,7751,273584,5727,152023,2024,121561,0,0,4695,121063,3048,76163,4696,197226,California
Sacramento,2021-02-21,2955,276539,2349,154372,606,122167,0,0,1036,120186,1913,78076,1036,198262,California
Sacramento,2021-02-22,6194,282733,3750,158122,2444,124611,0,0,2687,119381,3496,81572,2691,200953,California
Sacramento,2021-02-23,7148,289881,4445,162567,2703,127314,0,0,3468,119190,3664,85236,3473,204426,California
Sacramento,2021-02-24,9664,299545,5302,167869,4362,131676,0,0,5258,120063,4389,89625,5262,209688,California
Sacramento,2021-02-25,10935,310480,6240,174109,4695,136371,0,0,6419,121982,4500,94125,6419,216107,California
Sacramento,2021-02-26,13921,324401,6480,180589,7441,143812,0,0,9587,127270,4302,98427,9590,225697,California
Sacramento,2021-02-27,10826,335227,6729,187318,4094,147906,3,3,7956,132382,2847,101274,7959,233656,California
Sacramento,2021-02-28,5621,340848,2231,189549,3390,151296,0,3,2590,131957,3016,104290,2591,236247,California
Sacramento,2021-03-01,8063,348911,3483,193032,4579,155875,1,4,4358,132634,3684,107974,4361,240608,California
Sacramento,2021-03-02,9278,358189,4042,197074,5235,161110,1,5,5705,134787,3556,111530,5709,246317,California
Sacramento,2021-03-03,10944,369133,5013,202087,5928,167038,3,8,6528,136925,4395,115925,6533,252850,California
Sacramento,2021-03-04,13420,382553,6172,208259,7244,174282,4,12,7462,138471,5926,121851,7472,260322,California
Sacramento,2021-03-05,10590,393143,4889,213148,5671,179953,30,42,7038,142008,3531,125382,7068,267390,California
Sacramento,2021-03-06,8109,401252,3115,216263,4872,184825,122,164,4104,142246,3987,129369,4225,271615,California
Sacramento,2021-03-07,7595,408847,2204,218467,5304,190129,87,251,3734,142209,3856,133225,3819,275434,California
Sacramento,2021-03-08,9106,417953,4247,222714,4635,194764,224,475,5966,145269,3128,136353,6188,281622,California
Sacramento,2021-03-09,9559,427512,4527,227241,4740,199504,292,767,5493,147004,4050,140403,5785,287407,California
Sacramento,2021-03-10,11736,439248,7490,234731,3891,203395,355,1122,6856,149371,4845,145248,7212,294619,California
Sacramento,2021-03-11,15017,454265,9968,244699,4238,207633,811,1933,8927,153057,6051,151299,9737,304356,California
Sacramento,2021-03-12,17989,472254,8313,253012,8824,216457,852,2785,8844,153668,9093,160392,9704,314060,California
Sacramento,2021-03-13,12953,485207,3570,256582,8959,225416,424,3209,7859,156865,5083,165475,8280,322340,California
Sacramento,2021-03-14,8380,493587,3467,260049,4283,229699,630,3839,4470,158078,3886,169361,5099,327439,California
Sacramento,2021-03-15,12169,505756,4822,264871,6696,236395,651,4490,7080,160742,5068,174429,7732,335171,California
Sacramento,2021-03-16,13983,519739,6211,271082,7133,243528,639,5129,8641,164707,5309,179738,9274,344445,California
Sacramento,2021-03-17,13650,533389,6577,277659,6462,249990,611,5740,8816,169332,4807,184545,9432,353877,California
Sacramento,2021-03-18,15637,549026,8221,285880,6852,256842,564,6304,10101,174492,5505,190050,10665,364542,California
Sacramento,2021-03-19,15585,564611,7960,293840,6254,263096,1371,7675,8116,176534,7442,197492,9484,374026,California
Sacramento,2021-03-20,12894,577505,7531,301371,5024,268120,339,8014,8158,180328,4705,202197,8499,382525,California
Sacramento,2021-03-21,5594,583099,2750,304121,2805,270925,39,8053,4942,184671,640,202837,4983,387508,California
Sacramento,2021-03-22,9375,592474,4801,308922,3721,274646,853,8906,6283,188743,3065,205902,7137,394645,California
Sacramento,2021-03-23,11328,603802,6751,315673,3768,278414,809,9715,7307,192873,3983,209885,8113,402758,California
Sacramento,2021-03-24,11852,615654,7272,322945,3950,282364,630,10345,6748,195229,5023,214908,7379,410137,California
Sacramento,2021-03-25,14107,629761,8329,331274,4968,287332,810,11155,8569,199112,5494,220402,9377,419514,California
Sacramento,2021-03-26,18250,648011,8940,340214,8822,296154,488,11643,9238,199896,8944,229346,9728,429242,California
Sacramento,2021-03-27,9686,657697,3566,343780,5831,301985,289,11932,5217,200961,4437,233783,5502,434744,California
Sacramento,2021-03-28,6523,664220,3216,346996,3059,305044,248,12180,3130,200959,3383,237166,3381,438125,California
Sacramento,2021-03-29,11010,675230,5895,352891,4745,309789,370,12550,5215,200779,5767,242933,5587,443712,California
Sacramento,2021-03-30,11847,687077,6083,358974,5372,315161,392,12942,6058,201462,5766,248699,6449,450161,California
Sacramento,2021-03-31,13422,700499,7846,366820,5180,320341,396,13338,5683,199822,7711,256410,6071,456232,California
Sacramento,2021-04-01,17334,717833,10422,377242,6691,327032,221,13559,7316,197389,9982,266392,7549,463781,California
Sacramento,2021-04-02,17048,734881,9666,386908,6652,333684,730,14289,8973,199052,8044,274436,9707,473488,California
Sacramento,2021-04-03,10381,745262,6189,393097,3643,337327,549,14838,6383,202014,3970,278406,6932,480420,California
Sacramento,2021-04-04,3696,748958,1524,394621,1983,339310,189,15027,1454,201417,2237,280643,1640,482060,California
Sacramento,2021-04-05,12010,760968,7535,402156,3644,342954,831,15858,5366,200997,6610,287253,6190,488250,California
Sacramento,2021-04-06,15539,776507,8838,410994,5375,348329,1326,17184,6874,200560,8633,295886,8196,496446,California
Sacramento,2021-04-07,14704,791211,7959,418953,5164,353493,1581,18765,7108,201677,7563,303449,8680,505126,California
Sacramento,2021-04-08,14906,806117,6687,425640,5270,358763,2949,21714,5921,201582,8952,312401,8857,513983,California
Sacramento,2021-04-09,18098,824215,9253,434893,6662,365425,2183,23897,7320,200336,10741,323142,9495,523478,California
Sacramento,2021-04-10,12552,836767,3820,438713,7528,372953,1204,25101,5092,199173,7434,330576,6271,529749,California
Sacramento,2021-04-11,10711,847478,4316,443029,6171,379124,224,25325,3790,196291,6895,337471,4013,533762,California
Sacramento,2021-04-12,12884,860362,5006,448035,6016,385140,1862,27187,4926,195160,7904,345375,6773,540535,California
Sacramento,2021-04-13,16208,876570,9921,457956,6283,391423,4,27191,7538,194063,8643,354018,7546,548081,California
Sacramento,2021-04-14,14886,891456,7941,465897,6943,398366,2,27193,5888,190987,8969,362987,5893,553974,California
Sacramento,2021-04-15,16284,907740,8385,474282,7897,406263,2,27195,6605,187954,9643,372630,6610,560584,California
Sacramento,2021-04-16,17376,925116,9610,483892,7766,414029,0,27195,7875,186370,9461,382091,7877,568461,California
Sacramento,2021-04-17,15246,940362,6126,490018,9120,423149,0,27195,11037,193222,4189,386280,11041,579502,California
Sacramento,2021-04-18,8433,948795,3066,493084,5367,428516,0,27195,3744,192293,4674,390954,3745,583247,California
Sacramento,2021-04-19,10576,959371,5712,498796,4860,433376,4,27199,4703,191148,5854,396808,4709,587956,California
Sacramento,2021-04-20,11097,970468,6745,505541,4349,437725,3,27202,5909,191895,5169,401977,5916,593872,California
Sacramento,2021-04-21,11457,981925,6625,512166,4830,442555,2,27204,6221,192909,5210,407187,6224,600096,California
Sacramento,2021-04-22,14775,996700,9869,522035,4903,447458,3,27207,6811,191787,7938,415125,6816,606912,California
Sacramento,2021-04-23,15810,1012510,10001,532036,5809,453267,0,27207,7337,190689,8436,423561,7338,614250,California
Sacramento,2021-04-24,11314,1023824,7010,539046,4303,457570,1,27208,5935,191284,5342,428903,5937,620187,California
Sacramento,2021-04-25,7976,1031800,4481,543527,3495,461065,0,27208,4159,191639,3805,432708,4160,624347,California
Sacramento,2021-04-26,10202,1042002,6407,549934,3770,464835,25,27233,4680,190852,5493,438201,4706,629053,California
Sacramento,2021-04-27,11613,1053615,7635,557569,3858,468693,120,27353,5621,190629,5965,444166,5742,634795,California
Sacramento,2021-04-28,9990,1063605,5696,563265,4093,472786,201,27554,5348,191567,4616,448782,5554,640349,California
Sacramento,2021-04-29,10160,1073765,6790,570055,3065,475851,305,27859,5341,192429,4785,453567,5647,645996,California
Sacramento,2021-04-30,12405,1086170,7791,577846,4352,480203,262,28121,5863,192059,6496,460063,6126,652122,California
Sacramento,2021-05-01,7554,1093724,5463,583309,1918,482121,173,28294,2750,190212,4770,464833,2923,655045,California
Sacramento,2021-05-02,3809,1097533,3159,586468,542,482663,108,28402,2160,190847,1631,466464,2266,657311,California
Sacramento,2021-05-03,9082,1106615,7269,593737,1535,484198,278,28680,3939,189940,5119,471583,4212,661523,California
Sacramento,2021-05-04,9360,1115975,5686,599423,3367,487565,307,28987,3794,188516,5524,477107,4100,665623,California
Sacramento,2021-05-05,10945,1126920,5908,605331,4586,492151,451,29438,4415,186888,6490,483597,4862,670485,California
Sacramento,2021-05-06,11166,1138086,6208,611539,4657,496808,301,29739,4662,185646,6203,489800,4961,675446,California
Sacramento,2021-05-07,10581,1148667,6164,617703,4043,500851,374,30113,4462,184415,6068,495868,4837,680283,California
Sacramento,2021-05-08,8149,1156816,3815,621518,4105,504956,229,30342,2700,181926,5414,501282,2925,683208,California
Sacramento,2021-05-09,3168,1159984,1655,623173,1401,506357,112,30454,1192,181268,1962,503244,1304,684512,California
Sacramento,2021-05-10,8051,1168035,3724,626897,4058,510415,269,30723,1983,177482,6039,509283,2253,686765,California
Sacramento,2021-05-11,8061,1176096,5029,631926,2789,513204,243,30966,2786,175264,5245,514528,3027,689792,California
Sacramento,2021-05-12,7966,1184062,4735,636661,3000,516204,231,31197,2689,172940,5244,519772,2920,692712,California
Sacramento,2021-05-13,10451,1194513,6569,643230,3659,519863,223,31420,3757,170262,6662,526434,3984,696696,California
Sacramento,2021-05-14,12000,1206513,6775,650005,4935,524798,290,31710,4924,168449,7027,533461,5214,701910,California
Sacramento,2021-05-15,10243,1216756,6188,656193,3919,528717,136,31846,4368,167123,5837,539298,4511,706421,California
Sacramento,2021-05-16,3942,1220698,2691,658884,1194,529911,57,31903,1185,165626,2739,542037,1242,707663,California
Sacramento,2021-05-17,7071,1227769,4105,662989,2794,532705,172,32075,2563,163878,4486,546523,2738,710401,California
San Benito,2020-12-16,2,2,2,2,0,0,0,0,2,2,0,0,2,2,California
San Benito,2020-12-17,8,10,8,10,0,0,0,0,8,10,0,0,8,10,California
San Benito,2020-12-18,32,42,32,42,0,0,0,0,32,42,0,0,32,42,California
San Benito,2020-12-19,47,89,47,89,0,0,0,0,47,89,0,0,47,89,California
San Benito,2020-12-20,23,112,23,112,0,0,0,0,23,112,0,0,23,112,California
San Benito,2020-12-21,48,160,48,160,0,0,0,0,48,160,0,0,48,160,California
San Benito,2020-12-22,65,225,65,225,0,0,0,0,65,225,0,0,65,225,California
San Benito,2020-12-23,48,273,36,261,12,12,0,0,48,273,0,0,48,273,California
San Benito,2020-12-24,12,285,4,265,8,20,0,0,12,285,0,0,12,285,California
San Benito,2020-12-25,4,289,4,269,0,20,0,0,4,289,0,0,4,289,California
San Benito,2020-12-26,13,302,4,273,9,29,0,0,13,302,0,0,13,302,California
San Benito,2020-12-27,8,310,7,280,1,30,0,0,8,310,0,0,8,310,California
San Benito,2020-12-28,63,373,36,316,27,57,0,0,63,373,0,0,63,373,California
San Benito,2020-12-29,50,423,21,337,29,86,0,0,50,423,0,0,50,423,California
San Benito,2020-12-30,59,482,37,374,22,108,0,0,59,482,0,0,59,482,California
San Benito,2020-12-31,19,501,2,376,17,125,0,0,19,501,0,0,19,501,California
San Benito,2021-01-02,25,526,24,400,1,126,0,0,25,526,0,0,25,526,California
San Benito,2021-01-03,3,529,1,401,2,128,0,0,3,529,0,0,3,529,California
San Benito,2021-01-04,62,591,23,424,39,167,0,0,62,591,0,0,62,591,California
San Benito,2021-01-05,119,710,37,461,82,249,0,0,116,704,3,3,116,707,California
San Benito,2021-01-06,97,807,42,503,55,304,0,0,83,773,14,17,83,790,California
San Benito,2021-01-07,80,887,43,546,37,341,0,0,52,797,28,45,52,842,California
San Benito,2021-01-08,131,1018,67,613,64,405,0,0,87,840,44,89,87,929,California
San Benito,2021-01-09,43,1061,30,643,13,418,0,0,30,857,13,102,30,959,California
San Benito,2021-01-10,16,1077,14,657,2,420,0,0,5,851,11,113,5,964,California
San Benito,2021-01-11,100,1177,59,716,41,461,0,0,47,845,53,166,47,1011,California
San Benito,2021-01-12,157,1334,53,769,104,565,0,0,121,930,36,202,121,1132,California
San Benito,2021-01-13,191,1525,35,804,156,721,0,0,164,1067,27,229,164,1296,California
San Benito,2021-01-14,116,1641,23,827,93,814,0,0,99,1149,17,246,99,1395,California
San Benito,2021-01-15,214,1855,21,848,193,1007,0,0,200,1335,14,260,200,1595,California
San Benito,2021-01-16,27,1882,9,857,18,1025,0,0,21,1350,6,266,21,1616,California
San Benito,2021-01-17,11,1893,5,862,6,1031,0,0,8,1355,3,269,8,1624,California
San Benito,2021-01-18,36,1929,23,885,13,1044,0,0,21,1361,15,284,21,1645,California
San Benito,2021-01-19,152,2081,65,950,87,1131,0,0,125,1459,27,311,125,1770,California
San Benito,2021-01-20,275,2356,94,1044,181,1312,0,0,229,1643,45,356,229,1999,California
San Benito,2021-01-21,125,2481,32,1076,93,1405,0,0,100,1718,25,381,100,2099,California
San Benito,2021-01-22,231,2712,19,1095,212,1617,0,0,221,1929,10,391,221,2320,California
San Benito,2021-01-23,31,2743,17,1112,14,1631,0,0,13,1924,18,409,13,2333,California
San Benito,2021-01-24,11,2754,3,1115,8,1639,0,0,7,1927,4,413,7,2340,California
San Benito,2021-01-25,67,2821,25,1140,42,1681,0,0,21,1902,46,459,21,2361,California
San Benito,2021-01-26,134,2955,41,1181,93,1774,0,0,81,1930,53,512,81,2442,California
San Benito,2021-01-27,230,3185,69,1250,161,1935,0,0,190,2080,40,552,190,2632,California
San Benito,2021-01-28,155,3340,32,1282,123,2058,0,0,123,2172,31,583,123,2755,California
San Benito,2021-01-29,284,3624,31,1313,253,2311,0,0,261,2411,22,605,261,3016,California
San Benito,2021-01-30,51,3675,32,1345,19,2330,0,0,28,2416,23,628,28,3044,California
San Benito,2021-01-31,16,3691,5,1350,11,2341,0,0,11,2422,5,633,11,3055,California
San Benito,2021-02-01,133,3824,28,1378,105,2446,0,0,89,2467,44,677,89,3144,California
San Benito,2021-02-02,226,4050,49,1427,177,2623,0,0,136,2513,90,767,136,3280,California
San Benito,2021-02-03,336,4386,42,1469,294,2917,0,0,272,2721,64,831,272,3552,California
San Benito,2021-02-04,162,4548,24,1493,138,3055,0,0,118,2795,44,875,118,3670,California
San Benito,2021-02-05,291,4839,40,1533,251,3306,0,0,228,2960,63,938,228,3898,California
San Benito,2021-02-06,49,4888,9,1542,40,3346,0,0,32,2975,17,955,32,3930,California
San Benito,2021-02-07,15,4903,7,1549,8,3354,0,0,14,2988,1,956,14,3944,California
San Benito,2021-02-08,138,5041,15,1564,123,3477,0,0,92,3034,46,1002,92,4036,California
San Benito,2021-02-09,327,5368,64,1628,263,3740,0,0,194,3095,133,1135,194,4230,California
San Benito,2021-02-10,320,5688,88,1716,232,3972,0,0,111,2998,208,1343,111,4341,California
San Benito,2021-02-11,297,5985,33,1749,264,4236,0,0,199,3099,98,1441,199,4540,California
San Benito,2021-02-12,411,6396,30,1779,381,4617,0,0,207,3103,203,1644,207,4747,California
San Benito,2021-02-13,57,6453,8,1787,49,4666,0,0,43,3132,14,1658,43,4790,California
San Benito,2021-02-14,40,6493,5,1792,35,4701,0,0,30,3152,10,1668,30,4820,California
San Benito,2021-02-15,105,6598,9,1801,96,4797,0,0,94,3235,11,1679,94,4914,California
San Benito,2021-02-16,205,6803,11,1812,194,4991,0,0,101,3232,104,1783,101,5015,California
San Benito,2021-02-17,327,7130,30,1842,297,5288,0,0,278,3461,49,1832,278,5293,California
San Benito,2021-02-18,293,7423,38,1880,255,5543,0,0,72,3312,221,2053,72,5365,California
San Benito,2021-02-19,342,7765,45,1925,297,5840,0,0,177,3324,165,2218,177,5542,California
San Benito,2021-02-20,45,7810,26,1951,19,5859,0,0,36,3351,9,2227,36,5578,California
San Benito,2021-02-21,23,7833,8,1959,15,5874,0,0,14,3356,9,2236,14,5592,California
San Benito,2021-02-22,133,7966,36,1995,97,5971,0,0,99,3422,33,2269,99,5691,California
San Benito,2021-02-23,374,8340,92,2087,282,6253,0,0,262,3572,112,2381,262,5953,California
San Benito,2021-02-24,378,8718,64,2151,314,6567,0,0,238,3670,140,2521,238,6191,California
San Benito,2021-02-25,393,9111,63,2214,330,6897,0,0,272,3819,123,2644,272,6463,California
San Benito,2021-02-26,640,9751,72,2286,568,7465,0,0,397,3973,243,2887,397,6860,California
San Benito,2021-02-27,98,9849,36,2322,62,7527,0,0,83,4041,15,2902,83,6943,California
San Benito,2021-02-28,249,10098,24,2346,225,7752,0,0,240,4272,9,2911,240,7183,California
San Benito,2021-03-01,224,10322,59,2405,165,7917,0,0,155,4357,70,2981,155,7338,California
San Benito,2021-03-02,279,10601,93,2498,186,8103,0,0,209,4496,70,3051,209,7547,California
San Benito,2021-03-03,396,10997,58,2556,338,8441,0,0,220,4542,174,3225,220,7767,California
San Benito,2021-03-04,610,11607,124,2680,471,8912,15,15,429,4794,181,3406,433,8200,California
San Benito,2021-03-05,582,12189,305,2985,265,9177,12,27,373,4971,208,3614,385,8585,California
San Benito,2021-03-06,191,12380,67,3052,110,9287,14,41,139,5072,52,3666,153,8738,California
San Benito,2021-03-07,647,13027,603,3655,22,9309,22,63,615,5677,32,3698,637,9375,California
San Benito,2021-03-08,288,13315,66,3721,176,9485,46,109,167,5769,121,3819,213,9588,California
San Benito,2021-03-09,423,13738,84,3805,240,9725,99,208,137,5693,285,4104,209,9797,California
San Benito,2021-03-10,402,14140,114,3919,193,9918,95,303,232,5850,170,4274,327,10124,California
San Benito,2021-03-11,467,14607,119,4038,196,10114,152,455,206,5947,261,4535,358,10482,California
San Benito,2021-03-12,513,15120,117,4155,301,10415,95,550,230,5992,281,4816,326,10808,California
San Benito,2021-03-13,201,15321,101,4256,82,10497,18,568,127,6066,71,4887,145,10953,California
San Benito,2021-03-14,232,15553,40,4296,172,10669,20,588,180,6215,51,4938,200,11153,California
San Benito,2021-03-15,325,15878,100,4396,206,10875,19,607,191,6291,134,5072,210,11363,California
San Benito,2021-03-16,499,16377,219,4615,249,11124,31,638,352,6526,147,5219,382,11745,California
San Benito,2021-03-17,785,17162,476,5091,288,11412,21,659,558,6874,223,5442,571,12316,California
San Benito,2021-03-18,786,17948,525,5616,206,11618,55,714,572,7280,212,5654,618,12934,California
San Benito,2021-03-19,777,18725,404,6020,350,11968,23,737,577,7680,200,5854,600,13534,California
San Benito,2021-03-20,240,18965,148,6168,80,12048,12,749,184,7820,56,5910,196,13730,California
San Benito,2021-03-21,108,19073,56,6224,47,12095,5,754,81,7879,27,5937,86,13816,California
San Benito,2021-03-22,345,19418,170,6394,150,12245,25,779,221,8001,124,6061,246,14062,California
San Benito,2021-03-23,477,19895,199,6593,268,12513,10,789,214,7961,263,6324,223,14285,California
San Benito,2021-03-24,575,20470,305,6898,263,12776,7,796,360,8114,214,6538,367,14652,California
San Benito,2021-03-25,742,21212,441,7339,297,13073,4,800,442,8264,296,6834,446,15098,California
San Benito,2021-03-26,1002,22214,518,7857,481,13554,3,803,333,7932,668,7502,336,15434,California
San Benito,2021-03-27,332,22546,184,8041,115,13669,33,836,215,8064,116,7618,248,15682,California
San Benito,2021-03-28,694,23240,571,8612,118,13787,5,841,125,7625,569,8187,130,15812,California
San Benito,2021-03-29,344,23584,109,8721,215,14002,20,861,149,7598,195,8382,168,15980,California
San Benito,2021-03-30,573,24157,269,8990,210,14212,94,955,288,7695,285,8667,382,16362,California
San Benito,2021-03-31,584,24741,358,9348,203,14415,23,978,334,7805,247,8914,357,16719,California
San Benito,2021-04-01,933,25674,374,9722,521,14936,38,1016,557,8019,375,9289,589,17308,California
San Benito,2021-04-02,541,26215,264,9986,142,15078,135,1151,267,8147,274,9563,402,17710,California
San Benito,2021-04-03,253,26468,87,10073,104,15182,62,1213,75,8106,178,9741,137,17847,California
San Benito,2021-04-04,144,26612,109,10182,30,15212,5,1218,107,8181,37,9778,112,17959,California
San Benito,2021-04-05,352,26964,170,10352,140,15352,42,1260,143,8156,209,9987,184,18143,California
San Benito,2021-04-06,458,27422,160,10512,123,15475,175,1435,155,8183,303,10290,330,18473,California
San Benito,2021-04-07,935,28357,522,11034,224,15699,189,1624,265,7969,668,10958,454,18927,California
San Benito,2021-04-08,853,29210,427,11461,176,15875,250,1874,221,7809,631,11589,471,19398,California
San Benito,2021-04-09,836,30046,496,11957,250,16125,90,1964,288,7639,548,12137,378,19776,California
San Benito,2021-04-10,327,30373,199,12156,71,16196,57,2021,181,7731,146,12283,238,20014,California
San Benito,2021-04-11,471,30844,270,12426,167,16363,34,2055,263,7800,208,12491,277,20291,California
San Benito,2021-04-12,529,31373,286,12712,131,16494,112,2167,279,7938,249,12740,387,20678,California
San Benito,2021-04-13,754,32127,291,13003,440,16934,23,2190,523,8255,230,12970,547,21225,California
San Benito,2021-04-14,829,32956,651,13654,178,17112,0,2190,395,8221,429,13399,395,21620,California
San Benito,2021-04-15,940,33896,732,14386,207,17319,1,2191,467,8217,472,13871,468,22088,California
San Benito,2021-04-16,700,34596,367,14753,324,17643,9,2200,295,8119,402,14273,304,22392,California
San Benito,2021-04-17,314,34910,225,14978,89,17732,0,2200,127,8057,189,14462,127,22519,California
San Benito,2021-04-18,491,35401,410,15388,81,17813,0,2200,241,8049,250,14712,242,22761,California
San Benito,2021-04-19,730,36131,588,15976,142,17955,0,2200,411,8143,318,15030,412,23173,California
San Benito,2021-04-20,748,36879,400,16376,347,18302,1,2201,474,8348,269,15299,474,23647,California
San Benito,2021-04-21,953,37832,702,17078,251,18553,0,2201,520,8449,419,15718,520,24167,California
San Benito,2021-04-22,894,38726,692,17770,202,18755,0,2201,568,8699,318,16036,568,24735,California
San Benito,2021-04-23,626,39352,395,18165,230,18985,1,2202,339,8801,238,16274,340,25075,California
San Benito,2021-04-24,354,39706,201,18366,153,19138,0,2202,164,8814,151,16425,164,25239,California
San Benito,2021-04-25,200,39906,123,18489,77,19215,0,2202,89,8811,92,16517,89,25328,California
San Benito,2021-04-26,480,40386,384,18873,96,19311,0,2202,254,8899,166,16683,254,25582,California
San Benito,2021-04-27,537,40923,278,19151,252,19563,7,2209,402,9183,125,16808,409,25991,California
San Benito,2021-04-28,541,41464,384,19535,148,19711,9,2218,378,9411,158,16966,386,26377,California
San Benito,2021-04-29,621,42085,230,19765,381,20092,10,2228,248,9313,373,17339,275,26652,California
San Benito,2021-04-30,369,42454,204,19969,158,20250,7,2235,198,9349,169,17508,205,26857,California
San Benito,2021-05-01,194,42648,143,20112,43,20293,8,2243,65,9295,127,17635,73,26930,California
San Benito,2021-05-02,189,42837,161,20273,24,20317,4,2247,58,9226,131,17766,62,26992,California
San Benito,2021-05-03,356,43193,281,20554,66,20383,9,2256,84,9049,272,18038,95,27087,California
San Benito,2021-05-04,401,43594,243,20797,150,20533,8,2264,148,8953,251,18289,155,27242,California
San Benito,2021-05-05,600,44194,423,21220,161,20694,16,2280,210,8791,388,18677,226,27468,California
San Benito,2021-05-06,610,44804,484,21704,111,20805,15,2295,220,8640,386,19063,235,27703,California
San Benito,2021-05-07,447,45251,284,21988,153,20958,10,2305,172,8552,273,19336,185,27888,California
San Benito,2021-05-08,275,45526,224,22212,46,21004,5,2310,158,8598,117,19453,163,28051,California
San Benito,2021-05-09,100,45626,75,22287,22,21026,3,2313,47,8595,53,19506,50,28101,California
San Benito,2021-05-10,406,46032,320,22607,62,21088,24,2337,51,8316,355,19861,76,28177,California
San Benito,2021-05-11,806,46838,407,23014,385,21473,14,2351,177,7881,627,20488,192,28369,California
San Benito,2021-05-12,479,47317,388,23402,80,21553,11,2362,114,7643,364,20852,126,28495,California
San Benito,2021-05-13,655,47972,558,23960,85,21638,12,2374,164,7329,489,21341,175,28670,California
San Benito,2021-05-14,585,48557,428,24388,150,21788,7,2381,224,7200,360,21701,231,28901,California
San Benito,2021-05-15,202,48759,162,24550,33,21821,7,2388,118,7241,84,21785,125,29026,California
San Benito,2021-05-16,107,48866,94,24644,11,21832,2,2390,64,7264,43,21828,66,29092,California
San Benito,2021-05-17,213,49079,179,24823,25,21857,9,2399,101,7262,112,21940,110,29202,California
San Bernardino,2020-12-15,13,13,13,13,0,0,0,0,13,13,0,0,13,13,California
San Bernardino,2020-12-16,107,120,107,120,0,0,0,0,107,120,0,0,107,120,California
San Bernardino,2020-12-17,2358,2478,2358,2478,0,0,0,0,2358,2478,0,0,2358,2478,California
San Bernardino,2020-12-18,3143,5621,3140,5618,3,3,0,0,3144,5622,0,0,3144,5622,California
San Bernardino,2020-12-19,1070,6691,1069,6687,1,4,0,0,1071,6693,0,0,1071,6693,California
San Bernardino,2020-12-20,1179,7870,1176,7863,3,7,0,0,1179,7872,0,0,1179,7872,California
San Bernardino,2020-12-21,2451,10321,2446,10309,5,12,0,0,2451,10323,0,0,2451,10323,California
San Bernardino,2020-12-22,2269,12590,2143,12452,126,138,0,0,2270,12593,0,0,2270,12593,California
San Bernardino,2020-12-23,2649,15239,1456,13908,1193,1331,0,0,2647,15240,0,0,2647,15240,California
San Bernardino,2020-12-24,1158,16397,581,14489,577,1908,0,0,1160,16400,0,0,1160,16400,California
San Bernardino,2020-12-25,75,16472,14,14503,61,1969,0,0,75,16475,0,0,75,16475,California
San Bernardino,2020-12-26,462,16934,254,14757,208,2177,0,0,462,16937,0,0,462,16937,California
San Bernardino,2020-12-27,344,17278,161,14918,183,2360,0,0,344,17281,0,0,344,17281,California
San Bernardino,2020-12-28,1570,18848,713,15631,857,3217,0,0,1571,18852,0,0,1571,18852,California
San Bernardino,2020-12-29,2215,21063,1045,16676,1170,4387,0,0,2215,21067,0,0,2215,21067,California
San Bernardino,2020-12-30,2896,23959,1460,18136,1436,5823,0,0,2897,23964,0,0,2897,23964,California
San Bernardino,2020-12-31,1357,25316,439,18575,918,6741,0,0,1355,25319,0,0,1355,25319,California
San Bernardino,2021-01-01,283,25599,151,18726,132,6873,0,0,282,25601,0,0,282,25601,California
San Bernardino,2021-01-02,475,26074,339,19065,136,7009,0,0,475,26076,0,0,475,26076,California
San Bernardino,2021-01-03,136,26210,86,19151,50,7059,0,0,136,26212,0,0,136,26212,California
San Bernardino,2021-01-04,2124,28334,1289,20440,835,7894,0,0,2123,28335,0,0,2123,28335,California
San Bernardino,2021-01-05,2336,30670,1462,21902,874,8768,0,0,2226,30452,109,109,2226,30561,California
San Bernardino,2021-01-06,3439,34109,2353,24255,1086,9854,0,0,2945,32910,488,597,2946,33507,California
San Bernardino,2021-01-07,5421,39530,4507,28762,914,10768,0,0,2483,32474,2919,3516,2483,35990,California
San Bernardino,2021-01-08,5369,44899,4447,33209,922,11690,0,0,2292,31694,3073,6589,2293,38283,California
San Bernardino,2021-01-09,1402,46301,1100,34309,302,11992,0,0,905,32102,497,7086,905,39188,California
San Bernardino,2021-01-10,1025,47326,597,34906,428,12420,0,0,576,32229,449,7535,576,39764,California
San Bernardino,2021-01-11,4982,52308,4074,38980,908,13328,0,0,2769,32788,2210,9745,2769,42533,California
San Bernardino,2021-01-12,4233,56541,3218,42198,1015,14343,0,0,2519,33594,1713,11458,2519,45052,California
San Bernardino,2021-01-13,4564,61105,2848,45046,1716,16059,0,0,3342,35728,1209,12667,3343,48395,California
San Bernardino,2021-01-14,4797,65902,2820,47866,1977,18036,0,0,4215,39365,578,13245,4215,52610,California
San Bernardino,2021-01-15,5989,71891,2977,50843,3012,21048,0,0,5592,44573,387,13632,5595,58205,California
San Bernardino,2021-01-16,2260,74151,1294,52137,966,22014,0,0,2118,46549,142,13774,2118,60323,California
San Bernardino,2021-01-17,1192,75343,517,52654,675,22689,0,0,1102,47564,89,13863,1104,61427,California
San Bernardino,2021-01-18,4272,79615,2640,55294,1632,24321,0,0,3649,50594,622,14485,3652,65079,California
San Bernardino,2021-01-19,6317,85932,3714,59008,2603,26924,0,0,5225,54731,1090,15575,5227,70306,California
San Bernardino,2021-01-20,6828,92760,3757,62765,3071,29995,0,0,4881,57675,1939,17514,4883,75189,California
San Bernardino,2021-01-21,5995,98755,3082,65847,2913,32908,0,0,4875,61442,1111,18625,4878,80067,California
San Bernardino,2021-01-22,6527,105282,3055,68902,3472,36380,0,0,5803,66524,722,19347,5804,85871,California
San Bernardino,2021-01-23,3111,108393,1892,70794,1219,37599,0,0,2721,68856,389,19736,2721,88592,California
San Bernardino,2021-01-24,1195,109588,462,71256,733,38332,0,0,1094,69849,101,19837,1094,89686,California
San Bernardino,2021-01-25,6885,116473,3406,74662,3479,41811,0,0,5026,73022,1856,21693,5029,94715,California
San Bernardino,2021-01-26,7112,123585,3571,78233,3541,45352,0,0,5015,75941,2097,23790,5016,99731,California
San Bernardino,2021-01-27,8494,132079,4146,82379,4348,49700,0,0,5696,78847,2790,26580,5696,105427,California
San Bernardino,2021-01-28,8594,140673,4084,86463,4510,54210,0,0,6270,82798,2319,28899,6270,111697,California
San Bernardino,2021-01-29,8193,148866,3774,90237,4419,58629,0,0,6221,87062,1958,30857,6222,117919,California
San Bernardino,2021-01-30,3095,151961,1903,92140,1192,59821,0,0,2807,89582,287,31144,2807,120726,California
San Bernardino,2021-01-31,924,152885,494,92634,430,60251,0,0,870,90399,53,31197,870,121596,California
San Bernardino,2021-02-01,7561,160446,4242,96876,3319,63570,0,0,4935,92712,2623,33820,4936,126532,California
San Bernardino,2021-02-02,10437,170883,3656,100532,6781,70351,0,0,8371,99022,2062,35882,8372,134904,California
San Bernardino,2021-02-03,9003,179886,4152,104684,4851,75202,0,0,6505,103038,2490,38372,6506,141410,California
San Bernardino,2021-02-04,10531,190417,5201,109885,5330,80532,0,0,7421,107360,3099,41471,7421,148831,California
San Bernardino,2021-02-05,11001,201418,5914,115799,5087,85619,0,0,7473,111317,3517,44988,7474,156305,California
San Bernardino,2021-02-06,5264,206682,2213,118012,3051,88670,0,0,3624,113329,1615,46603,3627,159932,California
San Bernardino,2021-02-07,844,207526,490,118502,354,89024,0,0,466,113421,375,46978,467,160399,California
San Bernardino,2021-02-08,7281,214807,3880,122382,3401,92425,0,0,5609,117361,1669,48647,5609,166008,California
San Bernardino,2021-02-09,10037,224844,5813,128195,4224,96649,0,0,6800,120931,3233,51880,6803,172811,California
San Bernardino,2021-02-10,12159,237003,6541,134736,5618,102267,0,0,7980,124744,4168,56048,7981,180792,California
San Bernardino,2021-02-11,12422,249425,7127,141863,5295,107562,0,0,7923,128194,4476,60524,7926,188718,California
San Bernardino,2021-02-12,10406,259831,5946,147809,4460,112022,0,0,5688,129180,4702,65226,5688,194406,California
San Bernardino,2021-02-13,6038,265869,4014,151823,2024,114046,0,0,3794,130751,2228,67454,3799,198205,California
San Bernardino,2021-02-14,1553,267422,652,152475,901,114947,0,0,874,130954,671,68125,874,199079,California
San Bernardino,2021-02-15,5462,272884,2994,155469,2468,117415,0,0,3056,131618,2392,70517,3056,202135,California
San Bernardino,2021-02-16,12612,285496,7382,162851,5230,122645,0,0,7966,134952,4633,75150,7967,210102,California
San Bernardino,2021-02-17,11798,297294,6458,169309,5340,127985,0,0,7143,137459,4638,79788,7145,217247,California
San Bernardino,2021-02-18,12479,309773,7592,176901,4887,132872,0,0,7705,140406,4759,84547,7706,224953,California
San Bernardino,2021-02-19,11515,321288,5940,182841,5575,138447,0,0,6811,142533,4684,89231,6811,231764,California
San Bernardino,2021-02-20,4523,325811,3472,186313,1051,139498,0,0,2041,142097,2479,91710,2043,233807,California
San Bernardino,2021-02-21,1124,326935,668,186981,456,139954,0,0,389,141751,735,92445,389,234196,California
San Bernardino,2021-02-22,8654,335589,5340,192321,3314,143268,0,0,4039,141187,4604,97049,4040,238236,California
San Bernardino,2021-02-23,9117,344706,5442,197763,3675,146943,0,0,4587,141275,4499,101548,4587,242823,California
San Bernardino,2021-02-24,12432,357138,7173,204936,5259,152202,0,0,6152,141174,6254,107802,6153,248976,California
San Bernardino,2021-02-25,13069,370207,6289,211225,6780,158982,0,0,7615,143356,5436,113238,7618,256594,California
San Bernardino,2021-02-26,13610,383817,6380,217605,7230,166212,0,0,7582,144976,5964,119202,7584,264178,California
San Bernardino,2021-02-27,6660,390477,3724,221329,2935,169147,1,1,4811,147951,1837,121039,4812,268990,California
San Bernardino,2021-02-28,1759,392236,730,222059,1029,170176,0,1,1134,148465,620,121659,1134,270124,California
San Bernardino,2021-03-01,8435,400671,4360,226419,4073,174249,2,3,3840,147744,4571,126230,3850,273974,California
San Bernardino,2021-03-02,13837,414508,5532,231951,8305,182554,0,3,6542,147026,7263,133493,6545,280519,California
San Bernardino,2021-03-03,12788,427296,6456,238407,6329,188883,3,6,5963,146194,6804,140297,5972,286491,California
San Bernardino,2021-03-04,13719,441015,6880,245287,6839,195722,0,6,5955,144410,7743,148040,5959,292450,California
San Bernardino,2021-03-05,14224,455239,7375,252662,6848,202570,1,7,6892,144020,7301,155341,6911,299361,California
San Bernardino,2021-03-06,9662,464901,5408,258070,4039,206609,215,222,4522,143631,5124,160465,4735,304096,California
San Bernardino,2021-03-07,1581,466482,934,259004,592,207201,55,277,1009,144125,570,161035,1064,305160,California
San Bernardino,2021-03-08,8018,474500,3518,262522,4341,211542,159,436,3541,143358,4470,165505,3703,308863,California
San Bernardino,2021-03-09,12611,487111,7039,269561,5328,216870,244,680,4856,140718,7741,173246,5101,313964,California
San Bernardino,2021-03-10,14035,501146,7691,277252,5792,222662,552,1232,6198,139663,7809,181055,6754,320718,California
San Bernardino,2021-03-11,15544,516690,7180,284432,6778,229440,1586,2818,7364,140450,8159,189214,8946,329664,California
San Bernardino,2021-03-12,15440,532130,6835,291267,6560,236000,2045,4863,7309,141748,8101,197315,9399,339063,California
San Bernardino,2021-03-13,8295,540425,4502,295769,3281,239281,512,5375,4906,143790,3378,200693,5420,344483,California
San Bernardino,2021-03-14,3221,543646,1613,297382,1034,240315,574,5949,1785,144714,1429,202122,2353,346836,California
San Bernardino,2021-03-15,11349,554995,5339,302721,3976,244291,2034,7983,5548,146502,5787,207909,7575,354411,California
San Bernardino,2021-03-16,16147,571142,7985,310706,7217,251508,945,8928,9868,151058,6253,214162,10809,365220,California
San Bernardino,2021-03-17,17309,588451,8596,319302,7963,259471,750,9678,10489,155498,6799,220961,11239,376459,California
San Bernardino,2021-03-18,16575,605026,8195,327497,7995,267466,385,10063,9833,158998,6716,227677,10216,386675,California
San Bernardino,2021-03-19,16880,621906,8341,335838,7951,275417,588,10651,9695,162173,7161,234838,10336,397011,California
San Bernardino,2021-03-20,9395,631301,5918,341756,2888,278305,589,11240,5548,164483,3823,238661,6133,403144,California
San Bernardino,2021-03-21,2759,634060,2241,343997,470,278775,48,11288,2227,166238,520,239181,2275,405419,California
San Bernardino,2021-03-22,9587,643647,4499,348496,4653,283428,435,11723,6943,170992,2624,241805,7378,412797,California
San Bernardino,2021-03-23,15460,659107,8770,357266,6071,289499,619,12342,9575,175320,5865,247670,10193,422990,California
San Bernardino,2021-03-24,15099,674206,7793,365059,7005,296504,301,12643,10062,180681,5003,252673,10364,433354,California
San Bernardino,2021-03-25,16972,691178,8312,373371,8363,304867,297,12940,10783,185617,6140,258813,11076,444430,California
San Bernardino,2021-03-26,18075,709253,8593,381964,8713,313580,769,13709,10939,190220,7106,265919,11709,456139,California
San Bernardino,2021-03-27,10771,720024,6938,388902,3081,316661,752,14461,6178,192578,4570,270489,6928,463067,California
San Bernardino,2021-03-28,3532,723556,2467,391369,952,317613,113,14574,2489,194143,1036,271525,2601,465668,California
San Bernardino,2021-03-29,11735,735291,6085,397454,5253,322866,397,14971,7991,198804,3727,275252,8388,474056,California
San Bernardino,2021-03-30,16916,752207,9438,406892,6766,329632,712,15683,10871,204367,6011,281263,11574,485630,California
San Bernardino,2021-03-31,16389,768596,9185,416077,6572,336204,632,16315,10918,210476,5443,286706,11552,497182,California
San Bernardino,2021-04-01,19505,788101,10274,426351,7864,344068,1367,17682,12576,217522,6890,293596,13936,511118,California
San Bernardino,2021-04-02,18656,806757,9366,435717,8015,352083,1275,18957,11290,222788,7342,300938,12608,523726,California
San Bernardino,2021-04-03,11022,817779,6872,442589,3026,355109,1124,20081,6044,224996,4961,305899,7169,530895,California
San Bernardino,2021-04-04,2477,820256,1490,444079,739,355848,248,20329,1272,225317,1200,307099,1521,532416,California
San Bernardino,2021-04-05,11729,831985,5268,449347,4733,360581,1728,22057,6003,227336,5707,312806,7726,540142,California
San Bernardino,2021-04-06,19663,851648,11062,460409,6496,367077,2105,24162,10454,230719,9171,321977,12554,552696,California
San Bernardino,2021-04-07,20835,872483,11145,471554,7228,374305,2462,26624,11404,235171,9402,331379,13854,566550,California
San Bernardino,2021-04-08,21694,894177,11085,482639,8018,382323,2591,29215,11947,239980,9721,341100,14530,581080,California
San Bernardino,2021-04-09,21596,915773,10974,493613,8075,390398,2547,31762,11796,244546,9765,350865,14331,595411,California
San Bernardino,2021-04-10,15570,931343,8062,501675,3814,394212,3694,35456,7742,248160,7809,358674,11423,606834,California
San Bernardino,2021-04-11,4403,935746,2568,504243,885,395097,950,36406,2043,248795,2354,361028,2989,609823,California
San Bernardino,2021-04-12,13339,949085,6179,510422,5520,400617,1640,38046,6331,249772,6988,368016,7965,617788,California
San Bernardino,2021-04-13,19217,968302,10950,521372,8248,408865,19,38065,11016,252633,8175,376191,11036,628824,California
San Bernardino,2021-04-14,19168,987470,10251,531623,8914,417779,3,38068,10850,255200,8287,384478,10854,639678,California
San Bernardino,2021-04-15,20230,1007700,11310,542933,8914,426693,6,38074,10761,256534,9433,393911,10767,650445,California
San Bernardino,2021-04-16,18536,1026236,10523,553456,8012,434705,1,38075,9143,256325,9352,403263,9143,659588,California
San Bernardino,2021-04-17,11910,1038146,7840,561296,4070,438775,0,38075,6257,256961,5621,408884,6257,665845,California
San Bernardino,2021-04-18,2881,1041027,1975,563271,906,439681,0,38075,1317,256723,1555,410439,1317,667162,California
San Bernardino,2021-04-19,12525,1053552,6677,569948,5848,445529,0,38075,4879,253982,7624,418063,4883,672045,California
San Bernardino,2021-04-20,17572,1071124,9805,579753,7764,453293,3,38078,8048,252530,9503,427566,8051,680096,California
San Bernardino,2021-04-21,18024,1089148,10300,590053,7722,461015,2,38080,7971,250508,9995,437561,7973,688069,California
San Bernardino,2021-04-22,19114,1108262,10916,600969,8194,469209,4,38084,7847,247144,11215,448776,7851,695920,California
San Bernardino,2021-04-23,18386,1126648,10521,611490,7864,477073,1,38085,8092,244990,10249,459025,8095,704015,California
San Bernardino,2021-04-24,12778,1139426,9458,620948,3318,480391,2,38087,6886,246001,5877,464902,6888,710903,California
San Bernardino,2021-04-25,3407,1142833,2235,623183,1172,481563,0,38087,1689,245987,1704,466606,1690,712593,California
San Bernardino,2021-04-26,10455,1153288,5602,628785,4764,486327,89,38176,4425,244506,5994,472600,4513,717106,California
San Bernardino,2021-04-27,15848,1169136,9562,638347,6117,492444,169,38345,6481,241829,9326,481926,6649,723755,California
San Bernardino,2021-04-28,14636,1183772,8690,647037,5676,498120,270,38615,5256,237999,9347,491273,5517,729272,California
San Bernardino,2021-04-29,16081,1199853,9268,656305,6544,504664,269,38884,5335,232897,10703,501976,5601,734873,California
San Bernardino,2021-04-30,16491,1216344,10422,666727,5790,510454,279,39163,6045,228819,10399,512375,6321,741194,California
San Bernardino,2021-05-01,10682,1227026,8394,675121,1980,512434,308,39471,3634,225746,7012,519387,3939,745133,California
San Bernardino,2021-05-02,2916,1229942,2112,677233,673,513107,131,39602,1039,225045,1871,521258,1170,746303,California
San Bernardino,2021-05-03,10005,1239947,5755,682988,3846,516953,404,40006,2872,221213,7108,528366,3276,749579,California
San Bernardino,2021-05-04,15638,1255585,9502,692490,5685,522638,451,40457,4529,215125,11066,539432,4978,754557,California
San Bernardino,2021-05-05,15286,1270871,8797,701287,6084,528722,405,40862,4293,208877,10942,550374,4694,759251,California
San Bernardino,2021-05-06,15674,1286545,8952,710239,6310,535032,412,41274,4245,202146,11387,561761,4656,763907,California
San Bernardino,2021-05-07,15356,1301901,8639,718878,6349,541381,368,41642,4597,196406,10701,572462,4961,768868,California
San Bernardino,2021-05-08,9148,1311049,6096,724974,2809,544190,243,41885,3104,193742,6010,578472,3346,772214,California
San Bernardino,2021-05-09,1830,1312879,1132,726106,606,544796,92,41977,734,193480,1087,579559,825,773039,California
San Bernardino,2021-05-10,7360,1320239,3388,729494,3663,548459,309,42286,2243,190960,5069,584628,2549,775588,California
San Bernardino,2021-05-11,11833,1332072,6524,736018,4992,553451,317,42603,3722,186926,8076,592704,4042,779630,California
San Bernardino,2021-05-12,11920,1343992,6352,742370,5268,558719,300,42903,3390,182125,8487,601191,3686,783316,California
San Bernardino,2021-05-13,12261,1356253,7335,749705,4604,563323,322,43225,4691,179605,7528,608719,5008,788324,California
San Bernardino,2021-05-14,13190,1369443,8806,758511,4045,567368,339,43564,5432,177668,7708,616427,5771,794095,California
San Bernardino,2021-05-15,10802,1380245,7998,766509,2632,570000,172,43736,4210,175486,6560,622987,4378,798473,California
San Bernardino,2021-05-16,759,1381004,411,766920,318,570318,30,43766,274,175309,481,623468,304,798777,California
San Bernardino,2021-05-17,6301,1387305,4149,771069,1926,572244,226,43992,2478,174214,3798,627266,2703,801480,California
San Diego,2020-12-15,119,119,119,119,0,0,0,0,119,119,0,0,119,119,California
San Diego,2020-12-16,1103,1222,1103,1222,0,0,0,0,1103,1222,0,0,1103,1222,California
San Diego,2020-12-17,2349,3571,2349,3571,0,0,0,0,2349,3571,0,0,2349,3571,California
San Diego,2020-12-18,3671,7242,3670,7241,1,1,0,0,3671,7242,0,0,3671,7242,California
San Diego,2020-12-19,2313,9555,2313,9554,0,1,0,0,2313,9555,0,0,2313,9555,California
San Diego,2020-12-20,1184,10739,1183,10737,1,2,0,0,1184,10739,0,0,1184,10739,California
San Diego,2020-12-21,3522,14261,3521,14258,1,3,0,0,3522,14261,0,0,3522,14261,California
San Diego,2020-12-22,4058,18319,3415,17673,643,646,0,0,4058,18319,0,0,4058,18319,California
San Diego,2020-12-23,3180,21499,1977,19650,1203,1849,0,0,3180,21499,0,0,3180,21499,California
San Diego,2020-12-24,2737,24236,2219,21869,518,2367,0,0,2737,24236,0,0,2737,24236,California
San Diego,2020-12-25,876,25112,875,22744,1,2368,0,0,876,25112,0,0,876,25112,California
San Diego,2020-12-26,3293,28405,2144,24888,1149,3517,0,0,3293,28405,0,0,3293,28405,California
San Diego,2020-12-27,2508,30913,1618,26506,890,4407,0,0,2507,30911,1,1,2507,30912,California
San Diego,2020-12-28,5914,36827,4227,30733,1687,6094,0,0,5914,36825,0,1,5914,36826,California
San Diego,2020-12-29,5574,42401,3000,33733,2574,8668,0,0,5574,42399,0,1,5574,42400,California
San Diego,2020-12-30,5943,48344,3098,36831,2845,11513,0,0,5943,48342,0,1,5943,48343,California
San Diego,2020-12-31,3038,51382,1055,37886,1983,13496,0,0,3038,51380,0,1,3038,51381,California
San Diego,2021-01-01,1006,52388,452,38338,554,14050,0,0,1006,52386,0,1,1006,52387,California
San Diego,2021-01-02,3745,56133,1302,39640,2443,16493,0,0,3745,56131,0,1,3745,56132,California
San Diego,2021-01-03,859,56992,632,40272,227,16720,0,0,858,56989,0,1,858,56990,California
San Diego,2021-01-04,3703,60695,2049,42321,1654,18374,0,0,3696,60685,0,1,3696,60686,California
San Diego,2021-01-05,4371,65066,2182,44503,2189,20563,0,0,3755,63840,612,613,3767,64453,California
San Diego,2021-01-06,4947,70013,2292,46795,2655,23218,0,0,3713,66346,1211,1824,3717,68170,California
San Diego,2021-01-07,5664,75677,2982,49777,2682,25900,0,0,3506,67707,2151,3975,3512,71682,California
San Diego,2021-01-08,7869,83546,4941,54718,2928,28828,0,0,4083,68037,3769,7744,4099,75781,California
San Diego,2021-01-09,3501,87047,1940,56658,1561,30389,0,0,1951,68461,1538,9282,1962,77743,California
San Diego,2021-01-10,1882,88929,1293,57951,589,30978,0,0,779,68158,1091,10373,788,78531,California
San Diego,2021-01-11,10334,99263,5862,63813,4472,35450,0,0,6805,71459,3522,13895,6823,85354,California
San Diego,2021-01-12,11199,110462,5312,69125,5887,41337,0,0,7823,76028,3367,17262,7936,93290,California
San Diego,2021-01-13,11504,121966,5048,74173,6456,47793,0,0,8959,82478,2533,19795,8983,102273,California
San Diego,2021-01-14,12369,134335,4752,78925,7617,55410,0,0,10201,90554,2160,21955,10236,112509,California
San Diego,2021-01-15,15137,149472,5357,84282,9780,65190,0,0,12492,100475,2626,24581,12547,125056,California
San Diego,2021-01-16,10773,160245,3595,87877,7178,72368,0,0,9327,108392,1441,26022,9358,134414,California
San Diego,2021-01-17,8679,168924,2496,90373,6183,78551,0,0,7839,115411,840,26862,7859,142273,California
San Diego,2021-01-18,12868,181792,6308,96681,6560,85111,0,0,10028,122691,2808,29670,10088,152361,California
San Diego,2021-01-19,14429,196221,5499,102180,8930,94041,0,0,11309,131155,3109,32779,11573,163934,California
San Diego,2021-01-20,18330,214551,6389,108569,11941,105982,0,0,15008,143046,3300,36079,15191,179125,California
San Diego,2021-01-21,17452,232003,5939,114508,11513,117495,0,0,16060,157869,1383,37462,16206,195331,California
San Diego,2021-01-22,17613,249616,4692,119200,12921,130416,0,0,15581,171511,2018,39480,15660,210991,California
San Diego,2021-01-23,14493,264109,5282,124482,9211,139627,0,0,12136,181360,2346,41826,12195,223186,California
San Diego,2021-01-24,11902,276011,3344,127826,8558,148185,0,0,10931,191358,969,42795,10967,234153,California
San Diego,2021-01-25,12271,288282,5799,133625,6472,154657,0,0,9253,197756,3011,45806,9409,243562,California
San Diego,2021-01-26,15156,303438,7857,141482,7299,161956,0,0,11769,206328,3385,49191,11957,255519,California
San Diego,2021-01-27,20574,324012,7938,149420,12636,174592,0,0,17554,221017,3011,52202,17700,273219,California
San Diego,2021-01-28,21310,345322,7652,157072,13658,188250,0,0,19041,237880,2259,54461,19122,292341,California
San Diego,2021-01-29,19726,365048,6480,163552,13246,201496,0,0,17287,252784,2429,56890,17333,309674,California
San Diego,2021-01-30,15906,380954,3667,167219,12239,213735,0,0,13224,263433,2672,59562,13321,322995,California
San Diego,2021-01-31,14812,395766,5764,172983,9048,222783,0,0,14451,277557,357,59919,14481,337476,California
San Diego,2021-02-01,20926,416692,7625,180608,13301,236084,0,0,17469,291659,3443,63362,17545,355021,California
San Diego,2021-02-02,22965,439657,8449,189057,14516,250600,0,0,19606,308084,3350,66712,19775,374796,California
San Diego,2021-02-03,27662,467319,11766,200823,15896,266496,0,0,23352,327334,4291,71003,23541,398337,California
San Diego,2021-02-04,24265,491584,9909,210732,14356,280852,0,0,19629,342625,4619,75622,19910,418247,California
San Diego,2021-02-05,24976,516560,8935,219667,16041,296893,0,0,18284,354689,6668,82290,18732,436979,California
San Diego,2021-02-06,20780,537340,8554,228221,12226,309119,0,0,17529,369191,3248,85538,17750,454729,California
San Diego,2021-02-07,12137,549477,5377,233598,6760,315879,0,0,10253,377829,1873,87411,10511,465240,California
San Diego,2021-02-08,20128,569605,8537,242135,11591,327470,0,0,12678,383753,7439,94850,13363,478603,California
San Diego,2021-02-09,20483,590088,8320,250455,12163,339633,0,0,13195,390750,7268,102118,14265,492868,California
San Diego,2021-02-10,22982,613070,9345,259800,13637,353270,0,0,13864,396923,9061,111179,15234,508102,California
San Diego,2021-02-11,23836,636906,10177,269977,13659,366929,0,0,12759,400318,11048,122227,14443,522545,California
San Diego,2021-02-12,23847,660753,7454,277431,16393,383322,0,0,11903,402557,11926,134153,14165,536710,California
San Diego,2021-02-13,20055,680808,9044,286475,11011,394333,0,0,10910,405533,9139,143292,12115,548825,California
San Diego,2021-02-14,11187,691995,7432,293907,3755,398088,0,0,6328,408517,4855,148147,7839,556664,California
San Diego,2021-02-15,15281,707276,7771,301678,7510,405598,0,0,7841,412006,7418,155565,10907,567571,California
San Diego,2021-02-16,19290,726566,11263,312941,8027,413625,0,0,9237,414175,10041,165606,12210,579781,California
San Diego,2021-02-17,23400,749966,10984,323925,12416,426041,0,0,8112,410098,15274,180880,11197,590978,California
San Diego,2021-02-18,23572,773538,12010,335935,11562,437603,0,0,7785,406184,15776,196656,11862,602840,California
San Diego,2021-02-19,15918,789456,10925,346860,4993,442596,0,0,6634,405529,9264,205920,8609,611449,California
San Diego,2021-02-20,10263,799719,6365,353225,3898,446494,0,0,5811,408795,4450,210370,7716,619165,California
San Diego,2021-02-21,11559,811278,10146,363371,1413,447907,0,0,5183,409141,6347,216717,6693,625858,California
San Diego,2021-02-22,12457,823735,10598,373969,1859,449766,0,0,5762,409850,6688,223405,7397,633255,California
San Diego,2021-02-23,25886,849621,14510,388479,11376,461142,0,0,9647,409160,16231,239636,15541,648796,California
San Diego,2021-02-24,28955,878576,12763,401242,16192,477334,0,0,6859,401376,22075,261711,14291,663087,California
San Diego,2021-02-25,33203,911779,14728,415970,18475,495809,0,0,10147,396875,23036,284747,18535,681622,California
San Diego,2021-02-26,33477,945256,12407,428377,21070,516879,0,0,12137,394786,21310,306057,19221,700843,California
San Diego,2021-02-27,21244,966500,9684,438061,11560,528439,0,0,11447,400706,9793,315850,15713,716556,California
San Diego,2021-02-28,15268,981768,9970,448031,5298,533737,0,0,9510,407247,5757,321607,12298,728854,California
San Diego,2021-03-01,24252,1006020,14316,462347,9934,543671,2,2,14737,416400,9439,331046,18592,747446,California
San Diego,2021-03-02,26181,1032201,14095,476442,12086,555757,0,2,12779,422469,13392,344438,19461,766907,California
San Diego,2021-03-03,34006,1066207,15925,492367,18078,573835,3,5,14073,423531,19911,364349,20973,787880,California
San Diego,2021-03-04,28322,1094529,14107,506474,14215,588050,0,5,12649,427263,15651,380000,19383,807263,California
San Diego,2021-03-05,28935,1123464,14834,521308,14019,602069,82,87,13474,432068,15438,395438,20243,827506,California
San Diego,2021-03-06,23363,1146827,9527,530835,13136,615205,700,787,10292,434668,13057,408495,15657,843163,California
San Diego,2021-03-07,18207,1165034,9299,540134,8337,623542,571,1358,6903,434498,11296,419791,11126,854289,California
San Diego,2021-03-08,23091,1188125,11220,551354,10972,634514,899,2257,11455,440105,11616,431407,17223,871512,California
San Diego,2021-03-09,25892,1214017,11981,563335,12156,646670,1755,4012,10125,440155,15752,447159,15802,887314,California
San Diego,2021-03-10,25313,1239330,10785,574120,12133,658803,2395,6407,9917,441151,15380,462539,16376,903690,California
San Diego,2021-03-11,28713,1268043,11036,585156,14078,672881,3599,10006,10041,440098,18650,481189,17597,921287,California
San Diego,2021-03-12,27083,1295126,9459,594615,14485,687366,3139,13145,9969,439635,17098,498287,16635,937922,California
San Diego,2021-03-13,26168,1321294,7304,601919,17075,704441,1789,14934,10081,439588,16084,514371,16037,953959,California
San Diego,2021-03-14,13846,1335140,5499,607418,7610,712051,737,15671,4791,438391,9047,523418,7850,961809,California
San Diego,2021-03-15,22025,1357165,10169,617587,11077,723128,779,16450,9026,438303,12985,536403,12897,974706,California
San Diego,2021-03-16,30004,1387169,15793,633380,13799,736927,412,16862,15747,443272,14233,550636,19202,993908,California
San Diego,2021-03-17,26332,1413501,12223,645603,13390,750317,719,17581,16778,453280,9539,560175,19547,1013455,California
San Diego,2021-03-18,31508,1445009,17798,663401,12794,763111,916,18497,17017,458281,14459,574634,19460,1032915,California
San Diego,2021-03-19,30280,1475289,14366,677767,14895,778006,1019,19516,19359,468946,10900,585534,21565,1054480,California
San Diego,2021-03-20,27853,1503142,8432,686199,17627,795633,1794,21310,21401,486803,6441,591975,24298,1078778,California
San Diego,2021-03-21,16535,1519677,12057,698256,3761,799394,717,22027,7698,487708,8823,600798,9728,1088506,California
San Diego,2021-03-22,22528,1542205,13150,711406,9118,808512,260,22287,14334,496874,8182,608980,17348,1105854,California
San Diego,2021-03-23,25984,1568189,13640,725046,12080,820592,264,22551,17138,507461,8831,617811,19418,1125272,California
San Diego,2021-03-24,29550,1597739,19765,744811,9422,830014,363,22914,17116,514567,12425,630236,19531,1144803,California
San Diego,2021-03-25,30324,1628063,18283,763094,11382,841396,659,23573,17987,523004,12321,642557,20758,1165561,California
San Diego,2021-03-26,32095,1660158,17905,780999,13632,855028,558,24131,17562,529431,14507,657064,20934,1186495,California
San Diego,2021-03-27,25446,1685604,10993,791992,14060,869088,393,24524,15723,538076,9707,666771,18352,1204847,California
San Diego,2021-03-28,15040,1700644,9196,801188,5787,874875,57,24581,9284,543129,5750,672521,10803,1215650,California
San Diego,2021-03-29,26677,1727321,12907,814095,13174,888049,596,25177,16448,552380,10220,682741,19471,1235121,California
San Diego,2021-03-30,33220,1760541,17900,831995,14548,902597,772,25949,22038,565830,11171,693912,24621,1259742,California
San Diego,2021-03-31,30398,1790939,18759,850754,10962,913559,677,26626,20604,578422,9777,703689,22369,1282111,California
San Diego,2021-04-01,34305,1825244,20048,870802,12793,926352,1464,28090,23240,593391,11040,714729,26009,1308120,California
San Diego,2021-04-02,35741,1860985,20655,891457,12321,938673,2765,30855,24105,610057,11617,726346,28283,1336403,California
San Diego,2021-04-03,30806,1891791,14420,905877,11788,950461,4598,35453,19681,624415,11112,737458,25470,1361873,California
San Diego,2021-04-04,9061,1900852,5204,911081,2929,953390,928,36381,4823,626108,4233,741691,5926,1367799,California
San Diego,2021-04-05,29720,1930572,15401,926482,11700,965090,2619,39000,19387,640273,10318,752009,24483,1392282,California
San Diego,2021-04-06,38705,1969277,20396,946878,12448,977538,5861,44861,22349,654233,16342,768351,30302,1422584,California
San Diego,2021-04-07,35783,2005060,21976,968854,9283,986821,4524,49385,20456,665097,15303,783654,26167,1448751,California
San Diego,2021-04-08,35159,2040219,21360,990214,9702,996523,4097,53482,21318,679236,13822,797476,27961,1476712,California
San Diego,2021-04-09,38230,2078449,22815,1013029,10286,1006809,5129,58611,20834,691130,17327,814803,29221,1505933,California
San Diego,2021-04-10,29178,2107627,11783,1024812,13394,1020203,4001,62612,15170,699290,13998,828801,22158,1528091,California
San Diego,2021-04-11,16254,2123881,10075,1034887,3866,1024069,2313,64925,7300,702915,8950,837751,12575,1540666,California
San Diego,2021-04-12,30756,2154637,12824,1047711,13638,1037707,4294,69219,17203,714499,13539,851290,25123,1565789,California
San Diego,2021-04-13,37185,2191822,17781,1065492,19369,1057076,35,69254,24795,729769,12370,863660,27640,1593429,California
San Diego,2021-04-14,33067,2224889,18926,1084418,14129,1071205,12,69266,17919,736888,15133,878793,22252,1615681,California
San Diego,2021-04-15,39431,2264320,20343,1104761,19084,1090289,4,69270,24023,748338,15387,894180,26837,1642518,California
San Diego,2021-04-16,33798,2298118,18575,1123336,15221,1105510,2,69272,19625,756215,14113,908293,21990,1664508,California
San Diego,2021-04-17,27890,2326008,13544,1136880,14346,1119856,0,69272,12422,756286,15370,923663,15441,1679949,California
San Diego,2021-04-18,14390,2340398,8918,1145798,5469,1125325,3,69275,6695,758233,7682,931345,9629,1689578,California
San Diego,2021-04-19,26533,2366931,13564,1159362,12968,1138293,1,69276,12486,758429,14030,945375,14226,1703804,California
San Diego,2021-04-20,39008,2405939,17770,1177132,21238,1159531,0,69276,19941,762256,19046,964421,22873,1726677,California
San Diego,2021-04-21,34947,2440886,20899,1198031,14048,1173579,0,69276,16946,764204,17966,982387,19914,1746591,California
San Diego,2021-04-22,44597,2485483,22953,1220984,21638,1195217,6,69282,22377,767402,22178,1004565,25376,1771967,California
San Diego,2021-04-23,42102,2527585,26020,1247004,16080,1211297,2,69284,15685,759824,26385,1030950,18807,1790774,California
San Diego,2021-04-24,34385,2561970,18849,1265853,15521,1226818,15,69299,15485,759576,18867,1049817,18619,1809393,California
San Diego,2021-04-25,12486,2574456,7710,1273563,4776,1231594,0,69299,5890,760212,6587,1056404,7223,1816616,California
San Diego,2021-04-26,30920,2605376,15510,1289073,15283,1246877,127,69426,10561,754804,20346,1076750,14938,1831554,California
San Diego,2021-04-27,42420,2647796,23451,1312524,18570,1265447,399,69825,18686,753099,23702,1100452,21997,1853551,California
San Diego,2021-04-28,38136,2685932,22560,1335084,14934,1280381,642,70467,17299,752431,20804,1121256,20136,1873687,California
San Diego,2021-04-29,37982,2723914,24208,1359292,13155,1293536,619,71086,15361,747502,22586,1143842,17657,1891344,California
San Diego,2021-04-30,37922,2761836,23094,1382386,13838,1307374,990,72076,14816,742017,23072,1166914,17587,1908931,California
San Diego,2021-05-01,24261,2786097,10696,1393082,12920,1320294,645,72721,9513,739555,14738,1181652,12276,1921207,California
San Diego,2021-05-02,10702,2796799,7510,1400592,2605,1322899,587,73308,3266,736299,7431,1189083,4175,1925382,California
San Diego,2021-05-03,25305,2822104,12453,1413045,11696,1334595,1156,74464,9343,731640,15938,1205021,11279,1936661,California
San Diego,2021-05-04,31819,2853923,17548,1430593,12971,1347566,1300,75764,11518,725268,20270,1225291,13898,1950559,California
San Diego,2021-05-05,27637,2881560,17017,1447610,9344,1356910,1276,77040,10597,721054,17017,1242308,12803,1963362,California
San Diego,2021-05-06,28304,2909864,18825,1466435,8584,1365494,895,77935,10827,717782,17448,1259756,14176,1977538,California
San Diego,2021-05-07,29493,2939357,19534,1485969,8916,1374410,1043,78978,11047,712641,18409,1278165,13268,1990806,California
San Diego,2021-05-08,22613,2961970,10730,1496699,11173,1385583,710,79688,7307,706725,15285,1293450,9369,2000175,California
San Diego,2021-05-09,7493,2969463,5677,1502376,1407,1386990,409,80097,2616,705290,4870,1298320,3435,2003610,California
San Diego,2021-05-10,21599,2991062,8451,1510827,12340,1399330,808,80905,5961,697678,15608,1313928,7996,2011606,California
San Diego,2021-05-11,27494,3018556,11117,1521944,15614,1414944,763,81668,9589,691726,17879,1331807,11927,2023533,California
San Diego,2021-05-12,21657,3040213,11429,1533373,9445,1424389,783,82451,7946,687747,13689,1345496,9710,2033243,California
San Diego,2021-05-13,28149,3068362,16269,1549642,11300,1435689,580,83031,11671,685567,16429,1361925,14249,2047492,California
San Diego,2021-05-14,28838,3097200,17924,1567566,10089,1445778,825,83856,12717,684989,16087,1378012,15509,2063001,California
San Diego,2021-05-15,21498,3118698,12682,1580248,8140,1453918,676,84532,8479,681881,12988,1391000,9880,2072881,California
San Diego,2021-05-16,8128,3126826,5823,1586071,1881,1455799,424,84956,3871,682125,4252,1395252,4496,2077377,California
San Diego,2021-05-17,10088,3136914,6115,1592186,3601,1459400,372,85328,3737,680385,6327,1401579,4587,2081964,California
San Francisco,2020-12-15,7,7,7,7,0,0,0,0,7,7,0,0,7,7,California
San Francisco,2020-12-16,229,236,229,236,0,0,0,0,229,236,0,0,229,236,California
San Francisco,2020-12-17,393,629,393,629,0,0,0,0,393,629,0,0,393,629,California
San Francisco,2020-12-18,877,1506,876,1505,1,1,0,0,877,1506,0,0,877,1506,California
San Francisco,2020-12-19,601,2107,601,2106,0,1,0,0,601,2107,0,0,601,2107,California
San Francisco,2020-12-20,483,2590,483,2589,0,1,0,0,483,2590,0,0,483,2590,California
San Francisco,2020-12-21,1161,3751,1161,3750,0,1,0,0,1161,3751,0,0,1161,3751,California
San Francisco,2020-12-22,1403,5154,1369,5119,34,35,0,0,1403,5154,0,0,1403,5154,California
San Francisco,2020-12-23,1337,6491,1048,6167,289,324,0,0,1337,6491,0,0,1337,6491,California
San Francisco,2020-12-24,841,7332,503,6670,338,662,0,0,841,7332,0,0,841,7332,California
San Francisco,2020-12-25,34,7366,29,6699,5,667,0,0,34,7366,0,0,34,7366,California
San Francisco,2020-12-26,245,7611,151,6850,94,761,0,0,245,7611,0,0,245,7611,California
San Francisco,2020-12-27,274,7885,60,6910,214,975,0,0,274,7885,0,0,274,7885,California
San Francisco,2020-12-28,1269,9154,686,7596,583,1558,0,0,1269,9154,0,0,1269,9154,California
San Francisco,2020-12-29,1249,10403,624,8220,625,2183,0,0,1249,10403,0,0,1249,10403,California
San Francisco,2020-12-30,1487,11890,780,9000,707,2890,0,0,1487,11890,0,0,1487,11890,California
San Francisco,2020-12-31,963,12853,410,9410,553,3443,0,0,962,12852,0,0,962,12852,California
San Francisco,2021-01-01,89,12942,70,9480,19,3462,0,0,89,12941,0,0,89,12941,California
San Francisco,2021-01-02,333,13275,301,9781,32,3494,0,0,333,13274,0,0,333,13274,California
San Francisco,2021-01-03,295,13570,102,9883,193,3687,0,0,294,13567,1,1,294,13568,California
San Francisco,2021-01-04,1840,15410,1355,11238,485,4172,0,0,1837,15401,3,4,1837,15405,California
San Francisco,2021-01-05,2231,17641,1416,12654,815,4987,0,0,2196,17564,35,39,2198,17603,California
San Francisco,2021-01-06,1872,19513,1160,13814,712,5699,0,0,1607,18909,263,302,1608,19211,California
San Francisco,2021-01-07,2064,21577,1204,15018,860,6559,0,0,1608,20064,453,755,1608,20819,California
San Francisco,2021-01-08,2330,23907,1634,16652,696,7255,0,0,1493,20725,832,1587,1493,22312,California
San Francisco,2021-01-09,1388,25295,892,17544,496,7751,0,0,884,21107,504,2091,886,23198,California
San Francisco,2021-01-10,919,26214,541,18085,378,8129,0,0,460,21109,458,2549,460,23658,California
San Francisco,2021-01-11,2503,28717,1872,19957,631,8760,0,0,1400,21405,1104,3653,1400,25058,California
San Francisco,2021-01-12,3089,31806,2058,22015,1031,9791,0,0,1895,22109,1194,4847,1898,26956,California
San Francisco,2021-01-13,2827,34633,1601,23616,1226,11017,0,0,1997,23276,830,5677,1997,28953,California
San Francisco,2021-01-14,2445,37078,1102,24718,1343,12360,0,0,1885,24601,560,6237,1885,30838,California
San Francisco,2021-01-15,2748,39826,1148,25866,1600,13960,0,0,2356,26569,390,6627,2358,33196,California
San Francisco,2021-01-16,2254,42080,963,26829,1291,15251,0,0,2087,28490,167,6794,2088,35284,California
San Francisco,2021-01-17,1916,43996,530,27359,1386,16637,0,0,1702,29978,214,7008,1702,36986,California
San Francisco,2021-01-18,1378,45374,593,27952,785,17422,0,0,1114,30831,263,7271,1116,38102,California
San Francisco,2021-01-19,2576,47950,1472,29424,1104,18526,0,0,1827,31909,749,8020,1827,39929,California
San Francisco,2021-01-20,2749,50699,1121,30545,1628,20154,0,0,1998,33160,748,8768,1999,41928,California
San Francisco,2021-01-21,3323,54022,947,31492,2376,22530,0,0,2487,34813,834,9602,2487,44415,California
San Francisco,2021-01-22,3188,57210,644,32136,2544,25074,0,0,2745,37117,441,10043,2745,47160,California
San Francisco,2021-01-23,3090,60300,610,32746,2480,27554,0,0,2724,39477,365,10408,2725,49885,California
San Francisco,2021-01-24,2425,62725,363,33109,2062,29616,0,0,2196,41447,226,10634,2196,52081,California
San Francisco,2021-01-25,4594,67319,1792,34901,2802,32418,0,0,3038,42932,1554,12188,3039,55120,California
San Francisco,2021-01-26,4670,71989,2135,37036,2535,34953,0,0,3078,44423,1589,13777,3080,58200,California
San Francisco,2021-01-27,4431,76420,2075,39111,2356,37309,0,0,3081,46158,1346,15123,3081,61281,California
San Francisco,2021-01-28,3757,80177,1555,40666,2202,39511,0,0,2595,47596,1157,16280,2595,63876,California
San Francisco,2021-01-29,4723,84900,1681,42347,3042,42553,0,0,3453,49786,1263,17543,3453,67329,California
San Francisco,2021-01-30,3774,88674,1839,44186,1935,44488,0,0,3325,52667,448,17991,3329,70658,California
San Francisco,2021-01-31,2351,91025,824,45010,1527,46015,0,0,2199,54716,151,18142,2200,72858,California
San Francisco,2021-02-01,3798,94823,1530,46540,2268,48283,0,0,2891,56701,907,19049,2892,75750,California
San Francisco,2021-02-02,4646,99469,1961,48501,2685,50968,0,0,2887,57835,1753,20802,2887,78637,California
San Francisco,2021-02-03,5057,104526,2366,50867,2691,53659,0,0,3750,60281,1305,22107,3751,82388,California
San Francisco,2021-02-04,5033,109559,2438,53305,2595,56254,0,0,3865,62980,1166,23273,3865,86253,California
San Francisco,2021-02-05,5947,115506,3204,56509,2743,58997,0,0,4604,66244,1341,24614,4605,90858,California
San Francisco,2021-02-06,5481,120987,3662,60171,1819,60816,0,0,4584,69934,896,25510,4586,95444,California
San Francisco,2021-02-07,4338,125325,3189,63360,1149,61965,0,0,3762,73126,573,26083,3765,99209,California
San Francisco,2021-02-08,6715,132040,4626,67986,2089,64054,0,0,5499,77427,1200,27283,5501,104710,California
San Francisco,2021-02-09,5930,137970,3990,71976,1940,65994,0,0,4384,80257,1555,28838,4385,109095,California
San Francisco,2021-02-10,6870,144840,4181,76157,2689,68683,0,0,5068,83534,1794,30632,5071,114166,California
San Francisco,2021-02-11,6718,151558,3984,80141,2734,71417,0,0,4897,86616,1816,32448,4898,119064,California
San Francisco,2021-02-12,5318,156876,2669,82810,2649,74066,0,0,3481,88261,1836,34284,3481,122545,California
San Francisco,2021-02-13,4369,161245,2554,85364,1815,75881,0,0,3042,89978,1327,35611,3044,125589,California
San Francisco,2021-02-14,3425,164670,2250,87614,1175,77056,0,0,2300,91155,1125,36736,2302,127891,California
San Francisco,2021-02-15,2775,167445,1508,89122,1267,78323,0,0,1679,91740,1094,37830,1679,129570,California
San Francisco,2021-02-16,5019,172464,2749,91871,2270,80593,0,0,2962,92658,2050,39880,2968,132538,California
San Francisco,2021-02-17,5413,177877,2687,94558,2726,83319,0,0,2964,93204,2419,42299,2965,135503,California
San Francisco,2021-02-18,5379,183256,2637,97195,2742,86061,0,0,2792,93416,2583,44882,2795,138298,California
San Francisco,2021-02-19,5634,188890,2644,99839,2990,89051,0,0,2927,93644,2701,47583,2929,141227,California
San Francisco,2021-02-20,4526,193416,2180,102019,2346,91397,0,0,1703,92533,2815,50398,1704,142931,California
San Francisco,2021-02-21,2884,196300,1514,103533,1370,92767,0,0,1282,92221,1595,51993,1283,144214,California
San Francisco,2021-02-22,5108,201408,3181,106714,1927,94694,0,0,2573,92269,2527,54520,2575,146789,California
San Francisco,2021-02-23,5534,206942,3156,109870,2378,97072,0,0,2835,92411,2693,57213,2835,149624,California
San Francisco,2021-02-24,9019,215961,5120,114990,3899,100971,0,0,4827,93057,4182,61395,4828,154452,California
San Francisco,2021-02-25,9793,225754,6883,121873,2910,103881,0,0,6330,95929,3460,64855,6332,160784,California
San Francisco,2021-02-26,11954,237708,7761,129634,4193,108074,0,0,7087,98149,4868,69723,7088,167872,California
San Francisco,2021-02-27,9230,246938,5985,135619,3244,111318,1,1,4637,98210,4578,74301,4639,172511,California
San Francisco,2021-02-28,7746,254684,5566,141185,2180,113498,0,1,3848,98163,3896,78197,3849,176360,California
San Francisco,2021-03-01,10995,265679,7474,148659,3518,117016,3,4,5316,97829,5656,83853,5322,181682,California
San Francisco,2021-03-02,9937,275616,6716,155375,3221,120237,0,4,5635,99172,4293,88146,5636,187318,California
San Francisco,2021-03-03,11054,286670,6350,161725,4703,124940,1,5,6042,100217,5001,93147,6046,193364,California
San Francisco,2021-03-04,8669,295339,5446,167171,3223,128163,0,5,4885,101324,3778,96925,4885,198249,California
San Francisco,2021-03-05,8699,304038,5149,172320,3546,131709,4,9,5456,103559,3226,100151,5461,203710,California
San Francisco,2021-03-06,6896,310934,4440,176760,2247,133956,209,218,4229,105315,2679,102830,4435,208145,California
San Francisco,2021-03-07,5157,316091,3987,180747,1112,135068,58,276,2898,105999,2272,105102,2956,211101,California
San Francisco,2021-03-08,7174,323265,5186,185933,1802,136870,186,462,5609,110199,1595,106697,5795,216896,California
San Francisco,2021-03-09,6752,330017,3967,189900,2409,139279,376,838,4617,113047,2140,108837,4988,221884,California
San Francisco,2021-03-10,10420,340437,5900,195800,4021,143300,499,1337,6361,115873,4036,112873,6862,228746,California
San Francisco,2021-03-11,10052,350489,6360,202160,2729,146029,963,2300,6598,119989,3437,116310,7553,236299,California
San Francisco,2021-03-12,10762,361251,6271,208431,3164,149193,1327,3627,5981,122536,4757,121067,7304,243603,California
San Francisco,2021-03-13,6594,367845,3838,212269,1695,150888,1061,4688,4078,125166,2507,123574,5137,248740,California
San Francisco,2021-03-14,7489,375334,4841,217110,2406,153294,242,4930,3908,125750,3566,127140,4150,252890,California
San Francisco,2021-03-15,11948,387282,9110,226220,1896,155190,942,5872,8267,131282,3668,130808,9200,262090,California
San Francisco,2021-03-16,12088,399370,8209,234429,3419,158609,460,6332,8728,137129,3340,134148,9187,271277,California
San Francisco,2021-03-17,13212,412582,8155,242584,4498,163107,559,6891,9500,143501,3683,137831,10055,281332,California
San Francisco,2021-03-18,9977,422559,6759,249343,2597,165704,621,7512,5676,145519,4275,142106,6293,287625,California
San Francisco,2021-03-19,12039,434598,8716,258059,2858,168562,465,7977,6397,146759,5617,147723,6857,294482,California
San Francisco,2021-03-20,8725,443323,6388,264447,1877,170439,460,8437,5090,148706,3605,151328,5552,300034,California
San Francisco,2021-03-21,6454,449777,5903,270350,415,170854,136,8573,3666,149736,2771,154099,3801,303835,California
San Francisco,2021-03-22,9754,459531,6845,277195,2066,172920,843,9416,5076,150995,4654,158753,5913,309748,California
San Francisco,2021-03-23,11156,470687,7369,284564,3139,176059,648,10064,6273,153061,4852,163605,6918,316666,California
San Francisco,2021-03-24,12291,482978,9398,293962,2357,178416,536,10600,6314,153970,5937,169542,6846,323512,California
San Francisco,2021-03-25,11827,494805,8651,302613,2613,181029,563,11163,5893,154555,5867,175409,6452,329964,California
San Francisco,2021-03-26,11867,506672,8204,310817,3433,184462,230,11393,6110,155167,5726,181135,6338,336302,California
San Francisco,2021-03-27,8649,515321,5767,316584,2535,186997,347,11740,3919,154722,4710,185845,4265,340567,California
San Francisco,2021-03-28,6583,521904,5245,321829,1296,188293,42,11782,3162,154526,3397,189242,3201,343768,California
San Francisco,2021-03-29,11382,533286,7882,329711,3317,191610,183,11965,5098,153548,6257,195499,5279,349047,California
San Francisco,2021-03-30,11512,544798,7188,336899,4034,195644,290,12255,6841,156037,4646,200145,7135,356182,California
San Francisco,2021-03-31,12128,556926,8041,344940,3791,199435,296,12551,5560,155353,6535,206680,5851,362033,California
San Francisco,2021-04-01,13814,570740,7339,352279,4820,204255,1655,14206,6026,155267,7756,214436,7670,369703,California
San Francisco,2021-04-02,14674,585414,6467,358746,6387,210642,1820,16026,6930,156287,7723,222159,8743,378446,California
San Francisco,2021-04-03,10453,595867,4813,363559,3839,214481,1801,17827,4848,157342,5591,227750,6646,385092,California
San Francisco,2021-04-04,9023,604890,4776,368335,2595,217076,1652,19479,3641,157266,5369,233119,5293,390385,California
San Francisco,2021-04-05,15937,620827,9764,378099,4297,221373,1876,21355,6366,155958,9543,242662,8235,398620,California
San Francisco,2021-04-06,15993,636820,9481,387580,4455,225828,2057,23412,6300,154638,9670,252332,8350,406970,California
San Francisco,2021-04-07,16756,653576,9970,397550,4560,230388,2226,25638,7044,154202,9690,262022,9254,416224,California
San Francisco,2021-04-08,14123,667699,6719,404269,3009,233397,4395,30033,4648,153778,9445,271467,9021,425245,California
San Francisco,2021-04-09,15714,683413,7598,411867,4782,238179,3334,33367,6676,154764,9007,280474,9993,435238,California
San Francisco,2021-04-10,13224,696637,5660,417527,5830,244009,1734,35101,7115,157519,6084,286558,8839,444077,California
San Francisco,2021-04-11,9975,706612,7471,424998,1334,245343,1170,36271,5208,159139,4756,291314,6376,450453,California
San Francisco,2021-04-12,10590,717202,6876,431874,2566,247909,1148,37419,4877,159468,5691,297005,6020,456473,California
San Francisco,2021-04-13,10723,727925,7281,439155,3429,251338,13,37432,5434,159651,5268,302273,5451,461924,California
San Francisco,2021-04-14,13252,741177,7983,447138,5268,256606,1,37433,6407,159248,6811,309084,6408,468332,California
San Francisco,2021-04-15,13689,754866,9504,456642,4184,260790,1,37434,8073,161741,5584,314668,8077,476409,California
San Francisco,2021-04-16,12904,767770,8689,465331,4171,264961,44,37478,7661,164233,5217,319885,7709,484118,California
San Francisco,2021-04-17,10026,777796,7297,472628,2728,267689,1,37479,7096,168422,2912,322797,7101,491219,California
San Francisco,2021-04-18,6590,784386,5038,477666,1551,269240,1,37480,4096,170044,2477,325274,4099,495318,California
San Francisco,2021-04-19,10853,795239,8153,485819,2696,271936,4,37484,6984,173189,3853,329127,6998,502316,California
San Francisco,2021-04-20,12297,807536,7194,493013,5102,277038,1,37485,8489,177896,3785,332912,8492,510808,California
San Francisco,2021-04-21,10520,818056,7519,500532,2997,280035,4,37489,6412,180230,4086,336998,6420,517228,California
San Francisco,2021-04-22,10396,828452,7702,508234,2693,282728,1,37490,6002,181869,4370,341368,6009,523237,California
San Francisco,2021-04-23,10328,838780,5941,514175,4387,287115,0,37490,6162,183900,4138,345506,6169,529406,California
San Francisco,2021-04-24,7969,846749,5494,519669,2475,289590,0,37490,4738,185433,3212,348718,4745,534151,California
San Francisco,2021-04-25,5039,851788,4343,524012,690,290280,6,37496,2956,186329,2069,350787,2965,537116,California
San Francisco,2021-04-26,7882,859670,5609,529621,2261,292541,12,37508,3893,186281,3965,354752,3917,541033,California
San Francisco,2021-04-27,8447,868117,5717,535338,2602,295143,128,37636,4215,186427,4207,358959,4353,545386,California
San Francisco,2021-04-28,9240,877357,6521,541859,2528,297671,191,37827,4770,186948,4445,363404,4966,550352,California
San Francisco,2021-04-29,9092,886449,5384,547243,3515,301186,193,38020,4373,186830,4696,368100,4578,554930,California
San Francisco,2021-04-30,10850,897299,5189,552432,5461,306647,200,38220,3985,184191,6829,374929,4190,559120,California
San Francisco,2021-05-01,6919,904218,3580,556012,3226,309873,113,38333,1704,180818,5192,380121,1819,560939,California
San Francisco,2021-05-02,5313,909531,3082,559094,2133,312006,98,38431,971,177557,4333,384454,1072,562011,California
San Francisco,2021-05-03,9640,919171,6583,565677,2896,314902,161,38592,2465,173045,7147,391601,2635,564646,California
San Francisco,2021-05-04,9300,928471,5971,571648,3079,317981,250,38842,2277,168584,6994,398595,2533,567179,California
San Francisco,2021-05-05,8738,937209,6127,577775,2302,320283,309,39151,2145,164495,6548,405143,2459,569638,California
San Francisco,2021-05-06,10708,947917,8562,586337,1677,321960,469,39620,1862,158014,8815,413958,2334,571972,California
San Francisco,2021-05-07,10083,958000,6451,592788,3364,325324,268,39888,1635,151493,8424,422382,1903,573875,California
San Francisco,2021-05-08,8361,966361,3543,596331,4688,330012,130,40018,985,145264,7345,429727,1116,574991,California
San Francisco,2021-05-09,6691,973052,5828,602159,781,330793,82,40100,1221,141115,5446,435173,1297,576288,California
San Francisco,2021-05-10,6884,979936,4900,607059,1740,332533,244,40344,1022,136546,5834,441007,1265,577553,California
San Francisco,2021-05-11,7066,987002,5089,612148,1778,334311,199,40543,1352,132414,5685,446692,1553,579106,California
San Francisco,2021-05-12,7338,994340,5278,617426,1626,335937,434,40977,1479,128488,5831,452523,1905,581011,California
San Francisco,2021-05-13,10051,1004391,7324,624750,2528,338465,199,41176,3641,125944,6388,458911,3844,584855,California
San Francisco,2021-05-14,9176,1013567,6505,631255,2508,340973,163,41339,2967,122905,6182,465093,3143,587998,California
San Francisco,2021-05-15,7459,1021026,6066,637321,1335,342308,58,41397,2884,121301,4556,469649,2952,590950,California
San Francisco,2021-05-16,3457,1024483,3040,640361,412,342720,5,41402,1227,120316,2217,471866,1232,592182,California
San Francisco,2021-05-17,4769,1029252,3577,643938,1100,343820,92,41494,1489,118632,3268,475134,1584,593766,California
San Joaquin,2020-12-15,12,12,12,12,0,0,0,0,12,12,0,0,12,12,California
San Joaquin,2020-12-16,307,319,307,319,0,0,0,0,307,319,0,0,307,319,California
San Joaquin,2020-12-17,312,631,312,631,0,0,0,0,312,631,0,0,312,631,California
San Joaquin,2020-12-18,522,1153,518,1149,4,4,0,0,522,1153,0,0,522,1153,California
San Joaquin,2020-12-19,188,1341,188,1337,0,4,0,0,188,1341,0,0,188,1341,California
San Joaquin,2020-12-20,113,1454,112,1449,1,5,0,0,113,1454,0,0,113,1454,California
San Joaquin,2020-12-21,491,1945,491,1940,0,5,0,0,491,1945,0,0,491,1945,California
San Joaquin,2020-12-22,967,2912,847,2787,120,125,0,0,966,2911,0,0,966,2911,California
San Joaquin,2020-12-23,978,3890,919,3706,59,184,0,0,976,3887,0,0,976,3887,California
San Joaquin,2020-12-24,215,4105,187,3893,28,212,0,0,214,4101,0,0,214,4101,California
San Joaquin,2020-12-25,14,4119,14,3907,0,212,0,0,14,4115,0,0,14,4115,California
San Joaquin,2020-12-26,101,4220,29,3936,72,284,0,0,101,4216,0,0,101,4216,California
San Joaquin,2020-12-27,42,4262,29,3965,13,297,0,0,42,4258,0,0,42,4258,California
San Joaquin,2020-12-28,622,4884,421,4386,201,498,0,0,622,4880,0,0,622,4880,California
San Joaquin,2020-12-29,798,5682,672,5058,126,624,0,0,798,5678,0,0,798,5678,California
San Joaquin,2020-12-30,1008,6690,716,5774,292,916,0,0,1006,6684,0,0,1006,6684,California
San Joaquin,2020-12-31,454,7144,203,5977,251,1167,0,0,454,7138,0,0,454,7138,California
San Joaquin,2021-01-01,22,7166,13,5990,9,1176,0,0,22,7160,0,0,22,7160,California
San Joaquin,2021-01-02,262,7428,240,6230,22,1198,0,0,262,7422,0,0,262,7422,California
San Joaquin,2021-01-03,37,7465,19,6249,18,1216,0,0,36,7457,1,1,36,7458,California
San Joaquin,2021-01-04,477,7942,338,6587,139,1355,0,0,475,7931,1,2,475,7933,California
San Joaquin,2021-01-05,979,8921,647,7234,332,1687,0,0,811,8610,168,170,847,8780,California
San Joaquin,2021-01-06,1220,10141,707,7941,513,2200,0,0,917,9232,298,468,920,9700,California
San Joaquin,2021-01-07,1076,11217,681,8622,395,2595,0,0,787,9734,286,754,788,10488,California
San Joaquin,2021-01-08,1192,12409,819,9441,373,2968,0,0,708,9963,483,1237,712,11200,California
San Joaquin,2021-01-09,376,12785,300,9741,76,3044,0,0,247,10081,129,1366,247,11447,California
San Joaquin,2021-01-10,223,13008,115,9856,108,3152,0,0,171,10200,52,1418,171,11618,California
San Joaquin,2021-01-11,1525,14533,1319,11175,206,3358,0,0,861,10465,663,2081,928,12546,California
San Joaquin,2021-01-12,1456,15989,1049,12224,407,3765,0,0,687,10457,765,2846,757,13303,California
San Joaquin,2021-01-13,1529,17518,894,13118,635,4400,0,0,957,10848,571,3417,962,14265,California
San Joaquin,2021-01-14,1652,19170,879,13997,773,5173,0,0,1313,11857,319,3736,1328,15593,California
San Joaquin,2021-01-15,1603,20773,622,14619,981,6154,0,0,1380,13044,208,3944,1395,16988,California
San Joaquin,2021-01-16,1143,21916,193,14812,950,7104,0,0,1116,14134,26,3970,1116,18104,California
San Joaquin,2021-01-17,1613,23529,130,14942,1483,8587,0,0,1575,15673,38,4008,1577,19681,California
San Joaquin,2021-01-18,738,24267,237,15179,501,9088,0,0,618,16175,116,4124,618,20299,California
San Joaquin,2021-01-19,1869,26136,897,16076,972,10060,0,0,1188,16693,676,4800,1194,21493,California
San Joaquin,2021-01-20,2083,28219,1285,17361,798,10858,0,0,1430,17481,648,5448,1436,22929,California
San Joaquin,2021-01-21,1968,30187,894,18255,1074,11932,0,0,1571,18670,390,5838,1579,24508,California
San Joaquin,2021-01-22,1964,32151,914,19169,1050,12982,0,0,1821,20356,138,5976,1824,26332,California
San Joaquin,2021-01-23,894,33045,403,19572,491,13473,0,0,609,20684,284,6260,612,26944,California
San Joaquin,2021-01-24,347,33392,135,19707,212,13685,0,0,324,20988,20,6280,324,27268,California
San Joaquin,2021-01-25,1989,35381,1141,20848,848,14533,0,0,1426,21858,560,6840,1430,28698,California
San Joaquin,2021-01-26,2147,37528,1115,21963,1032,15565,0,0,1537,22793,607,7447,1542,30240,California
San Joaquin,2021-01-27,1727,39255,768,22731,959,16524,0,0,1232,23540,491,7938,1238,31478,California
San Joaquin,2021-01-28,2028,41283,762,23493,1266,17790,0,0,1379,24278,645,8583,1383,32861,California
San Joaquin,2021-01-29,2144,43427,1044,24537,1100,18890,0,0,1797,25741,342,8925,1805,34666,California
San Joaquin,2021-01-30,2166,45593,349,24886,1817,20707,0,0,1990,27559,174,9099,1992,36658,California
San Joaquin,2021-01-31,1557,47150,179,25065,1378,22085,0,0,1494,28992,62,9161,1495,38153,California
San Joaquin,2021-02-01,2495,49645,1315,26380,1180,23265,0,0,1760,30021,734,9895,1763,39916,California
San Joaquin,2021-02-02,2591,52236,1172,27552,1419,24684,0,0,1966,31425,566,10461,1970,41886,California
San Joaquin,2021-02-03,3069,55305,1214,28766,1855,26539,0,0,2206,32780,856,11317,2211,44097,California
San Joaquin,2021-02-04,3441,58746,1719,30485,1722,28261,0,0,2631,34612,805,12122,2637,46734,California
San Joaquin,2021-02-05,3218,61964,1861,32346,1357,29618,0,0,2354,36114,857,12979,2359,49093,California
San Joaquin,2021-02-06,1124,63088,787,33133,337,29955,0,0,947,36889,174,13153,949,50042,California
San Joaquin,2021-02-07,617,63705,488,33621,129,30084,0,0,413,37107,196,13349,414,50456,California
San Joaquin,2021-02-08,1779,65484,1032,34653,747,30831,0,0,1443,38242,314,13663,1449,51905,California
San Joaquin,2021-02-09,2100,67584,1140,35793,960,31791,0,0,1571,39356,459,14122,1573,53478,California
San Joaquin,2021-02-10,2558,70142,1249,37042,1309,33100,0,0,1335,39498,1193,15315,1335,54813,California
San Joaquin,2021-02-11,2931,73073,1504,38546,1427,34527,0,0,1717,40037,1183,16498,1722,56535,California
San Joaquin,2021-02-12,2823,75896,1139,39685,1684,36211,0,0,1590,40418,1214,17712,1595,58130,California
San Joaquin,2021-02-13,2121,78017,400,40085,1721,37932,0,0,857,40029,1252,18964,863,58993,California
San Joaquin,2021-02-14,1903,79920,262,40347,1641,39573,0,0,690,39533,1187,20151,691,59684,California
San Joaquin,2021-02-15,1984,81904,837,41184,1147,40720,0,0,1195,39973,759,20910,1199,60883,California
San Joaquin,2021-02-16,3149,85053,1370,42554,1779,42499,0,0,1740,40326,1395,22305,1748,62631,California
San Joaquin,2021-02-17,3271,88324,1265,43819,2006,44505,0,0,1865,40800,1395,23700,1869,64500,California
San Joaquin,2021-02-18,3325,91649,1368,45187,1957,46462,0,0,1897,41305,1397,25097,1902,66402,California
San Joaquin,2021-02-19,4250,95899,2405,47592,1845,48307,0,0,2388,41885,1808,26905,2388,68790,California
San Joaquin,2021-02-20,1545,97444,654,48246,891,49198,0,0,1066,42473,478,27383,1066,69856,California
San Joaquin,2021-02-21,656,98100,497,48743,159,49357,0,0,418,42657,235,27618,419,70275,California
San Joaquin,2021-02-22,3526,101626,2486,51229,1040,50397,0,0,2523,44212,972,28590,2527,72802,California
San Joaquin,2021-02-23,4295,105921,2614,53843,1681,52078,0,0,2646,45243,1619,30209,2650,75452,California
San Joaquin,2021-02-24,5717,111638,3404,57247,2313,54391,0,0,4109,47770,1584,31793,4111,79563,California
San Joaquin,2021-02-25,6310,117948,3898,61145,2412,56803,0,0,4077,49655,2202,33995,4087,83650,California
San Joaquin,2021-02-26,5467,123415,2850,63995,2617,59420,0,0,3757,51740,1678,35673,3763,87413,California
San Joaquin,2021-02-27,5450,128865,1622,65617,3828,63248,0,0,2621,51592,2780,38453,2632,90045,California
San Joaquin,2021-02-28,3080,131945,1106,66723,1974,65222,0,0,2034,52605,1023,39476,2036,92081,California
San Joaquin,2021-03-01,4087,136032,1801,68524,2286,67508,0,0,2318,53177,1753,41229,2325,94406,California
San Joaquin,2021-03-02,4196,140228,1679,70203,2517,70025,0,0,2638,54332,1538,42767,2693,97099,California
San Joaquin,2021-03-03,5758,145986,3418,73621,2338,72363,2,2,4154,56908,1579,44346,4155,101254,California
San Joaquin,2021-03-04,5698,151684,2265,75886,3430,75793,3,5,3723,58675,1960,46306,3727,104981,California
San Joaquin,2021-03-05,4414,156098,1868,77754,2542,78335,4,9,3041,60367,1357,47663,3049,108030,California
San Joaquin,2021-03-06,3283,159381,2164,79918,989,79324,130,139,2700,62620,580,48243,2833,110863,California
San Joaquin,2021-03-07,1204,160585,552,80470,606,79930,46,185,921,63307,265,48508,952,111815,California
San Joaquin,2021-03-08,3131,163716,1254,81724,1752,81682,125,310,2120,64552,999,49507,2244,114059,California
San Joaquin,2021-03-09,3965,167681,1780,83504,2058,83740,127,437,2624,65982,1325,50832,2755,116814,California
San Joaquin,2021-03-10,4638,172319,2464,85968,2036,85776,138,575,3414,68325,1210,52042,3553,120367,California
San Joaquin,2021-03-11,4932,177251,2341,88309,1991,87767,600,1175,2932,69872,1990,54032,3537,123904,California
San Joaquin,2021-03-12,6261,183512,3127,91436,2802,90569,332,1507,4153,72279,2085,56117,4492,128396,California
San Joaquin,2021-03-13,3055,186567,1448,92884,1481,92050,126,1633,2285,73934,763,56880,2418,130814,California
San Joaquin,2021-03-14,2153,188720,668,93552,1182,93232,303,1936,1023,74140,1125,58005,1331,132145,California
San Joaquin,2021-03-15,6053,194773,3484,97036,2166,95398,403,2339,3171,74872,2855,60860,3587,135732,California
San Joaquin,2021-03-16,6827,201600,3884,100920,2687,98085,256,2595,4025,76373,2788,63648,4289,140021,California
San Joaquin,2021-03-17,7771,209371,4658,105578,3043,101128,70,2665,4320,77356,3416,67064,4399,144420,California
San Joaquin,2021-03-18,7620,216991,4481,110059,2633,103761,506,3171,3771,77830,3810,70874,4284,148704,California
San Joaquin,2021-03-19,7908,224899,4632,114691,2734,106495,542,3713,4795,80125,3090,73964,5385,154089,California
San Joaquin,2021-03-20,3673,228572,2123,116814,1307,107802,243,3956,1823,80367,1835,75799,2077,156166,California
San Joaquin,2021-03-21,2100,230672,1491,118305,403,108205,206,4162,1181,80888,910,76709,1431,157597,California
San Joaquin,2021-03-22,3951,234623,2019,120324,1516,109721,416,4578,2335,82041,1603,78312,2756,160353,California
San Joaquin,2021-03-23,5366,239989,2632,122956,2567,112288,167,4745,3706,84279,1642,79954,3880,164233,California
San Joaquin,2021-03-24,6811,246800,4226,127182,2498,114786,87,4832,3020,83633,3761,83715,3115,167348,California
San Joaquin,2021-03-25,5529,252329,3280,130462,2207,116993,42,4874,3290,84753,2219,85934,3339,170687,California
San Joaquin,2021-03-26,6145,258474,2543,133005,3452,120445,150,5024,3242,85282,2882,88816,3411,174098,California
San Joaquin,2021-03-27,4618,263092,2610,135615,1954,122399,54,5078,1801,84352,2795,91611,1865,175963,California
San Joaquin,2021-03-28,2703,265795,1792,137407,886,123285,25,5103,1294,84359,1390,93001,1397,177360,California
San Joaquin,2021-03-29,4018,269813,2169,139576,1827,125112,22,5125,2019,84429,1985,94986,2055,179415,California
San Joaquin,2021-03-30,6195,276008,3152,142728,2951,128063,92,5217,3443,85256,2727,97713,3554,182969,California
San Joaquin,2021-03-31,6572,282580,4141,146869,2372,130435,59,5276,3335,85453,3220,100933,3417,186386,California
San Joaquin,2021-04-01,6380,288960,2962,149831,3335,133770,83,5359,2823,84877,3539,104472,2963,189349,California
San Joaquin,2021-04-02,6311,295271,2871,152702,2951,136721,489,5848,2520,84150,3768,108240,3041,192390,California
San Joaquin,2021-04-03,4124,299395,2323,155025,1475,138196,326,6174,1991,84356,2116,110356,2322,194712,California
San Joaquin,2021-04-04,2271,301666,1358,156383,711,138907,202,6376,1544,85399,718,111074,1761,196473,California
San Joaquin,2021-04-05,4689,306355,2815,159198,1692,140599,182,6558,2627,86165,2053,113127,2819,199292,California
San Joaquin,2021-04-06,7011,313366,4509,163707,2241,142840,261,6819,3331,86115,3656,116783,3606,202898,California
San Joaquin,2021-04-07,8299,321665,4516,168223,2207,145047,1576,8395,3492,86405,4793,121576,5083,207981,California
San Joaquin,2021-04-08,8643,330308,4688,172911,1933,146980,2022,10417,3304,86416,5317,126893,5328,213309,California
San Joaquin,2021-04-09,8838,339146,4263,177174,3022,150002,1553,11970,3211,85595,5605,132498,4784,218093,California
San Joaquin,2021-04-10,5201,344347,1626,178800,1669,151671,1906,13876,1756,85817,3436,135934,3658,221751,California
San Joaquin,2021-04-11,4067,348414,1545,180345,1357,153028,1165,15041,1762,86445,2294,138228,2922,224673,California
San Joaquin,2021-04-12,5948,354362,2365,182710,2049,155077,1534,16575,2322,86698,3608,141836,3861,228534,California
San Joaquin,2021-04-13,7438,361800,4287,186997,3145,158222,6,16581,4561,88415,2857,144693,4574,233108,California
San Joaquin,2021-04-14,7419,369219,3706,190703,3713,161935,0,16581,4439,89899,2964,147657,4448,237556,California
San Joaquin,2021-04-15,7769,376988,4584,195287,3185,165120,0,16581,4342,90852,3395,151052,4348,241904,California
San Joaquin,2021-04-16,7610,384598,4064,199351,3543,168663,3,16584,4565,92413,3017,154069,4578,246482,California
San Joaquin,2021-04-17,5132,389730,2766,202117,2364,171027,2,16586,3644,94596,1479,155548,3662,250144,California
San Joaquin,2021-04-18,2451,392181,1354,203471,1097,172124,0,16586,1304,94776,1132,156680,1312,251456,California
San Joaquin,2021-04-19,5133,397314,2778,206249,2355,174479,0,16586,2751,95177,2360,159040,2761,254217,California
San Joaquin,2021-04-20,6201,403515,3262,209511,2939,177418,0,16586,2938,94888,3238,162278,2949,257166,California
San Joaquin,2021-04-21,5603,409118,3095,212606,2508,179926,0,16586,2904,95146,2653,164931,2911,260077,California
San Joaquin,2021-04-22,5256,414374,3110,215716,2145,182071,1,16587,3037,96004,2194,167125,3052,263129,California
San Joaquin,2021-04-23,5872,420246,2827,218543,3044,185115,1,16588,3729,97616,2124,169249,3736,266865,California
San Joaquin,2021-04-24,5209,425455,3594,222137,1614,186729,1,16589,3394,99224,1793,171042,3401,270266,California
San Joaquin,2021-04-25,3024,428479,2548,224685,476,187205,0,16589,1998,100220,1008,172050,2004,272270,California
San Joaquin,2021-04-26,3892,432371,2578,227263,1312,188517,2,16591,2042,100431,1837,173887,2048,274318,California
San Joaquin,2021-04-27,4460,436831,2577,229840,1834,190351,49,16640,1871,99788,2571,176458,1928,276246,California
San Joaquin,2021-04-28,5472,442303,3284,233124,2113,192464,75,16715,2685,99800,2756,179214,2768,279014,California
San Joaquin,2021-04-29,4796,447099,2799,235923,1941,194405,56,16771,2427,99940,2349,181563,2489,281503,California
San Joaquin,2021-04-30,4883,451982,2386,238309,2430,196835,67,16838,2509,100166,2358,183921,2584,284087,California
San Joaquin,2021-05-01,3294,455276,1894,240203,1341,198176,59,16897,2087,101123,1202,185123,2159,286246,California
San Joaquin,2021-05-02,2274,457550,1581,241784,638,198814,55,16952,1159,101229,1110,186233,1216,287462,California
San Joaquin,2021-05-03,3182,460732,2132,243916,976,199790,74,17026,1334,100810,1836,188069,1417,288879,California
San Joaquin,2021-05-04,4812,465544,3274,247190,1386,201176,152,17178,1768,99715,3025,191094,1930,290809,California
San Joaquin,2021-05-05,4542,470086,2997,250187,1384,202560,161,17339,1797,98957,2723,193817,1965,292774,California
San Joaquin,2021-05-06,4595,474681,3065,253252,1403,203963,127,17466,2033,98577,2549,196366,2169,294943,California
San Joaquin,2021-05-07,4937,479618,2915,256167,1870,205833,152,17618,1868,97552,3054,199420,2029,296972,California
San Joaquin,2021-05-08,3245,482863,2086,258253,1058,206891,101,17719,1202,96835,2028,201448,1311,298283,California
San Joaquin,2021-05-09,1470,484333,832,259085,568,207459,70,17789,591,96625,876,202324,666,298949,California
San Joaquin,2021-05-10,2752,487085,1455,260540,1175,208634,122,17911,905,95823,1835,204159,1033,299982,California
San Joaquin,2021-05-11,4024,491109,2150,262690,1761,210395,113,18024,1287,94528,2724,206883,1429,301411,California
San Joaquin,2021-05-12,3900,495009,1821,264511,1985,212380,94,18118,1215,93175,2674,209557,1321,302732,California
San Joaquin,2021-05-13,4147,499156,2382,266893,1683,214063,82,18200,1550,92233,2587,212144,1645,304377,California
San Joaquin,2021-05-14,5301,504457,3106,269999,2087,216150,108,18308,2112,91291,3170,215314,2228,306605,California
San Joaquin,2021-05-15,4567,509024,2590,272589,1903,218053,74,18382,1451,89730,3090,218404,1529,308134,California
San Joaquin,2021-05-16,2116,511140,1608,274197,487,218540,21,18403,944,89532,1165,219569,967,309101,California
San Joaquin,2021-05-17,2316,513456,1275,275472,968,219508,73,18476,994,89291,1313,220882,1072,310173,California
San Luis Obispo,2020-12-16,4,4,4,4,0,0,0,0,4,4,0,0,4,4,California
San Luis Obispo,2020-12-17,196,200,196,200,0,0,0,0,196,200,0,0,196,200,California
San Luis Obispo,2020-12-18,224,424,224,424,0,0,0,0,224,424,0,0,224,424,California
San Luis Obispo,2020-12-19,162,586,162,586,0,0,0,0,162,586,0,0,162,586,California
San Luis Obispo,2020-12-20,215,801,215,801,0,0,0,0,215,801,0,0,215,801,California
San Luis Obispo,2020-12-21,549,1350,548,1349,1,1,0,0,549,1350,0,0,549,1350,California
San Luis Obispo,2020-12-22,311,1661,307,1656,4,5,0,0,311,1661,0,0,311,1661,California
San Luis Obispo,2020-12-23,683,2344,369,2025,314,319,0,0,683,2344,0,0,683,2344,California
San Luis Obispo,2020-12-24,194,2538,19,2044,175,494,0,0,194,2538,0,0,194,2538,California
San Luis Obispo,2020-12-25,2,2540,1,2045,1,495,0,0,2,2540,0,0,2,2540,California
San Luis Obispo,2020-12-26,89,2629,12,2057,77,572,0,0,89,2629,0,0,89,2629,California
San Luis Obispo,2020-12-27,76,2705,0,2057,76,648,0,0,76,2705,0,0,76,2705,California
San Luis Obispo,2020-12-28,880,3585,430,2487,450,1098,0,0,880,3585,0,0,880,3585,California
San Luis Obispo,2020-12-29,902,4487,502,2989,400,1498,0,0,902,4487,0,0,902,4487,California
San Luis Obispo,2020-12-30,1172,5659,681,3670,491,1989,0,0,1172,5659,0,0,1172,5659,California
San Luis Obispo,2020-12-31,107,5766,4,3674,103,2092,0,0,107,5766,0,0,107,5766,California
San Luis Obispo,2021-01-01,13,5779,8,3682,5,2097,0,0,13,5779,0,0,13,5779,California
San Luis Obispo,2021-01-02,33,5812,8,3690,25,2122,0,0,33,5812,0,0,33,5812,California
San Luis Obispo,2021-01-03,16,5828,6,3696,10,2132,0,0,16,5828,0,0,16,5828,California
San Luis Obispo,2021-01-04,679,6507,525,4221,154,2286,0,0,679,6507,0,0,679,6507,California
San Luis Obispo,2021-01-05,975,7482,757,4978,218,2504,0,0,973,7478,2,2,973,7480,California
San Luis Obispo,2021-01-06,725,8207,480,5458,245,2749,0,0,717,8188,7,9,717,8197,California
San Luis Obispo,2021-01-07,1126,9333,948,6406,178,2927,0,0,683,8428,443,452,683,8880,California
San Luis Obispo,2021-01-08,882,10215,804,7210,78,3005,0,0,513,8573,368,820,513,9393,California
San Luis Obispo,2021-01-09,204,10419,195,7405,9,3014,0,0,27,8423,177,997,27,9420,California
San Luis Obispo,2021-01-10,12,10431,8,7413,4,3018,0,0,8,8427,4,1001,8,9428,California
San Luis Obispo,2021-01-11,559,10990,508,7921,51,3069,0,0,298,8465,260,1261,298,9726,California
San Luis Obispo,2021-01-12,598,11588,381,8302,217,3286,0,0,318,8503,280,1541,318,10044,California
San Luis Obispo,2021-01-13,883,12471,256,8558,627,3913,0,0,644,8910,237,1778,644,10688,California
San Luis Obispo,2021-01-14,729,13200,244,8802,485,4398,0,0,603,9400,113,1891,603,11291,California
San Luis Obispo,2021-01-15,729,13929,288,9090,441,4839,0,0,554,9784,170,2061,554,11845,California
San Luis Obispo,2021-01-16,100,14029,81,9171,19,4858,0,0,95,9874,5,2066,95,11940,California
San Luis Obispo,2021-01-17,67,14096,61,9232,6,4864,0,0,67,9941,0,2066,67,12007,California
San Luis Obispo,2021-01-18,1371,15467,389,9621,982,5846,0,0,1109,10788,262,2328,1109,13116,California
San Luis Obispo,2021-01-19,1584,17051,417,10038,1167,7013,0,0,1176,11556,408,2736,1176,14292,California
San Luis Obispo,2021-01-20,1885,18936,597,10635,1288,8301,0,0,1294,12262,589,3325,1295,15587,California
San Luis Obispo,2021-01-21,1572,20508,467,11102,1105,9406,0,0,1199,13093,369,3694,1200,16787,California
San Luis Obispo,2021-01-22,1521,22029,509,11611,1012,10418,0,0,1206,13986,313,4007,1206,17993,California
San Luis Obispo,2021-01-23,312,22341,294,11905,18,10436,0,0,296,14266,16,4023,296,18289,California
San Luis Obispo,2021-01-24,245,22586,237,12142,8,10444,0,0,239,14499,6,4029,239,18528,California
San Luis Obispo,2021-01-25,2074,24660,606,12748,1468,11912,0,0,1244,14913,830,4859,1244,19772,California
San Luis Obispo,2021-01-26,2003,26663,705,13453,1298,13210,0,0,1135,15180,868,5727,1135,20907,California
San Luis Obispo,2021-01-27,1611,28274,284,13737,1327,14537,0,0,1152,15873,459,6186,1152,22059,California
San Luis Obispo,2021-01-28,1491,29765,343,14080,1148,15685,0,0,1230,16843,260,6446,1230,23289,California
San Luis Obispo,2021-01-29,1735,31500,681,14761,1054,16739,0,0,1451,18010,284,6730,1451,24740,California
San Luis Obispo,2021-01-30,37,31537,18,14779,19,16758,0,0,26,18026,10,6740,26,24766,California
San Luis Obispo,2021-01-31,28,31565,20,14799,8,16766,0,0,25,18048,3,6743,25,24791,California
San Luis Obispo,2021-02-01,1703,33268,738,15537,965,17731,0,0,1401,19148,301,7044,1401,26192,California
San Luis Obispo,2021-02-02,1895,35163,677,16214,1218,18949,0,0,1521,20295,374,7418,1521,27713,California
San Luis Obispo,2021-02-03,1707,36870,729,16943,978,19927,0,0,1294,21176,413,7831,1294,29007,California
San Luis Obispo,2021-02-04,1658,38528,801,17744,857,20784,0,0,1091,21700,567,8398,1091,30098,California
San Luis Obispo,2021-02-05,1602,40130,716,18460,886,21670,0,0,1057,22212,546,8944,1058,31156,California
San Luis Obispo,2021-02-06,159,40289,92,18552,67,21737,0,0,93,22239,66,9010,93,31249,California
San Luis Obispo,2021-02-07,144,40433,99,18651,45,21782,0,0,74,22244,70,9080,75,31324,California
San Luis Obispo,2021-02-08,858,41291,470,19121,388,22170,0,0,498,22383,359,9439,498,31822,California
San Luis Obispo,2021-02-09,1123,42414,449,19570,674,22844,0,0,542,22357,575,10014,549,32371,California
San Luis Obispo,2021-02-10,1432,43846,488,20058,944,23788,0,0,523,21977,906,10920,526,32897,California
San Luis Obispo,2021-02-11,1334,45180,847,20905,487,24275,0,0,656,21959,674,11594,656,33553,California
San Luis Obispo,2021-02-12,786,45966,363,21268,423,24698,0,0,417,22007,369,11963,417,33970,California
San Luis Obispo,2021-02-13,393,46359,127,21395,266,24964,0,0,285,22185,107,12070,285,34255,California
San Luis Obispo,2021-02-14,319,46678,41,21436,278,25242,0,0,282,22431,37,12107,283,34538,California
San Luis Obispo,2021-02-15,727,47405,137,21573,590,25832,0,0,471,22649,253,12360,471,35009,California
San Luis Obispo,2021-02-16,2964,50369,1197,22770,1767,27599,0,0,1360,22411,1598,13958,1360,36369,California
San Luis Obispo,2021-02-17,2777,53146,1238,24008,1539,29138,0,0,1029,21701,1739,15697,1029,37398,California
San Luis Obispo,2021-02-18,2823,55969,1457,25465,1366,30504,0,0,1132,21151,1683,17380,1133,38531,California
San Luis Obispo,2021-02-19,1457,57426,1336,26801,121,30625,0,0,1133,21961,323,17703,1133,39664,California
San Luis Obispo,2021-02-20,252,57678,81,26882,171,30796,0,0,215,22139,37,17740,215,39879,California
San Luis Obispo,2021-02-21,57,57735,53,26935,4,30800,0,0,32,22146,25,17765,32,39911,California
San Luis Obispo,2021-02-22,2410,60145,1863,28798,547,31347,0,0,1465,22667,945,18710,1466,41377,California
San Luis Obispo,2021-02-23,1858,62003,1743,30541,115,31462,0,0,1365,23541,492,19202,1366,42743,California
San Luis Obispo,2021-02-24,2645,64648,1301,31842,1344,32806,0,0,836,22571,1806,21008,836,43579,California
San Luis Obispo,2021-02-25,2130,66778,1243,33085,887,33693,0,0,1206,22861,917,21925,1207,44786,California
San Luis Obispo,2021-02-26,2646,69424,1150,34235,1496,35189,0,0,1327,22877,1311,23236,1327,46113,California
San Luis Obispo,2021-02-27,570,69994,344,34579,226,35415,0,0,523,23353,47,23283,523,46636,California
San Luis Obispo,2021-02-28,200,70194,73,34652,127,35542,0,0,162,23481,34,23317,162,46798,California
San Luis Obispo,2021-03-01,2969,73163,1849,36501,1118,36660,2,2,2043,24600,927,24244,2046,48844,California
San Luis Obispo,2021-03-02,3005,76168,1892,38393,1113,37773,0,2,1859,25318,1142,25386,1860,50704,California
San Luis Obispo,2021-03-03,2281,78449,335,38728,1946,39719,0,2,833,24710,1442,26828,834,51538,California
San Luis Obispo,2021-03-04,2185,80634,1154,39882,1031,40750,0,2,1172,24873,1011,27839,1174,52712,California
San Luis Obispo,2021-03-05,2294,82928,1017,40899,1207,41957,70,72,1290,25245,988,28827,1360,54072,California
San Luis Obispo,2021-03-06,835,83763,309,41208,419,42376,107,179,615,25741,220,29047,716,54788,California
San Luis Obispo,2021-03-07,202,83965,32,41240,86,42462,84,263,71,25769,128,29175,156,54944,California
San Luis Obispo,2021-03-08,2729,86694,755,41995,1659,44121,315,578,1538,26436,1187,30362,1854,56798,California
San Luis Obispo,2021-03-09,2929,89623,955,42950,1726,45847,248,826,1508,26776,1417,31779,1757,58555,California
San Luis Obispo,2021-03-10,3192,92815,1238,44188,1672,47519,282,1108,1816,27502,1372,33151,2098,60653,California
San Luis Obispo,2021-03-11,3162,95977,1273,45461,1566,49085,323,1431,1734,28139,1419,34570,2056,62709,California
San Luis Obispo,2021-03-12,3211,99188,1281,46742,1592,50677,338,1769,1597,28471,1606,36176,1938,64647,California
San Luis Obispo,2021-03-13,795,99983,263,47005,423,51100,109,1878,432,28649,362,36538,540,65187,California
San Luis Obispo,2021-03-14,514,100497,53,47058,350,51450,111,1989,134,28515,379,36917,245,65432,California
San Luis Obispo,2021-03-15,3056,103553,1096,48154,1862,53312,98,2087,1529,28620,1523,38440,1628,67060,California
San Luis Obispo,2021-03-16,2848,106401,1509,49663,1229,54541,110,2197,1436,28759,1406,39846,1545,68605,California
San Luis Obispo,2021-03-17,3423,109824,1447,51110,1715,56256,261,2458,1977,29561,1435,41281,2237,70842,California
San Luis Obispo,2021-03-18,2812,112636,1448,52558,1150,57406,214,2672,1339,29645,1468,42749,1552,72394,California
San Luis Obispo,2021-03-19,2584,115220,1562,54120,701,58107,321,2993,957,29306,1619,44368,1280,73674,California
San Luis Obispo,2021-03-20,833,116053,496,54616,300,58407,37,3030,383,29276,450,44818,420,74094,California
San Luis Obispo,2021-03-21,187,116240,45,54661,139,58546,3,3033,157,29407,29,44847,160,74254,California
San Luis Obispo,2021-03-22,2684,118924,1169,55830,1467,60013,48,3081,1862,30500,817,45664,1910,76164,California
San Luis Obispo,2021-03-23,3371,122295,2210,58040,1130,61143,31,3112,2262,31688,1105,46769,2293,78457,California
San Luis Obispo,2021-03-24,3507,125802,2136,60176,1286,62429,85,3197,2615,33500,887,47656,2699,81156,California
San Luis Obispo,2021-03-25,3667,129469,2294,62470,1361,63790,12,3209,2633,35115,1029,48685,2644,83800,California
San Luis Obispo,2021-03-26,3168,132637,1756,64226,980,64770,432,3641,1772,35929,1390,50075,2204,86004,California
San Luis Obispo,2021-03-27,993,133630,507,64733,394,65164,92,3733,452,35934,539,50614,544,86548,California
San Luis Obispo,2021-03-28,444,134074,152,64885,236,65400,56,3789,243,36032,201,50815,299,86847,California
San Luis Obispo,2021-03-29,2579,136653,1277,66162,1169,66569,133,3922,1650,36900,915,51730,1783,88630,California
San Luis Obispo,2021-03-30,3500,140153,1909,68071,1449,68018,142,4064,2341,38227,1154,52884,2481,91111,California
San Luis Obispo,2021-03-31,3871,144024,2461,70532,1263,69281,147,4211,2500,39512,1361,54245,2646,93757,California
San Luis Obispo,2021-04-01,3840,147864,2423,72955,1300,70581,117,4328,2693,41190,1136,55381,2814,96571,California
San Luis Obispo,2021-04-02,1741,149605,686,73641,744,71325,311,4639,943,41645,797,56178,1252,97823,California
San Luis Obispo,2021-04-03,1110,150715,558,74199,425,71750,127,4766,492,41650,614,56792,619,98442,California
San Luis Obispo,2021-04-04,382,151097,130,74329,212,71962,40,4806,235,41778,147,56939,275,98717,California
San Luis Obispo,2021-04-05,3601,154698,1943,76272,1548,73510,110,4916,2030,42348,1568,58507,2138,100855,California
San Luis Obispo,2021-04-06,4024,158722,2146,78418,1555,75065,323,5239,1943,42541,2073,60580,2266,103121,California
San Luis Obispo,2021-04-07,4285,163007,2337,80755,1585,76650,363,5602,2460,43551,1811,62391,2821,105942,California
San Luis Obispo,2021-04-08,4026,167033,2192,82947,1432,78082,402,6004,2170,44274,1849,64240,2572,108514,California
San Luis Obispo,2021-04-09,3643,170676,1734,84681,1155,79237,754,6758,1532,44453,2102,66342,2281,110795,California
San Luis Obispo,2021-04-10,1572,172248,557,85238,351,79588,664,7422,483,44509,1089,67431,1145,111940,California
San Luis Obispo,2021-04-11,313,172561,64,85302,186,79774,63,7485,126,44513,185,67616,189,112129,California
San Luis Obispo,2021-04-12,3373,175934,1698,87000,1512,81286,163,7648,1415,44132,1958,69574,1577,113706,California
San Luis Obispo,2021-04-13,3636,179570,2095,89095,1540,82826,1,7649,1966,44433,1667,71241,1968,115674,California
San Luis Obispo,2021-04-14,2852,182422,1687,90782,1162,83988,3,7652,1666,44924,1175,72416,1666,117340,California
San Luis Obispo,2021-04-15,3685,186107,2396,93178,1288,85276,1,7653,1971,45201,1696,74112,1973,119313,California
San Luis Obispo,2021-04-16,3616,189723,2201,95379,1412,86688,3,7656,1808,45205,1805,75917,1809,121122,California
San Luis Obispo,2021-04-17,1097,190820,433,95812,662,87350,2,7658,716,45543,380,76297,718,121840,California
San Luis Obispo,2021-04-18,321,191141,100,95912,220,87570,1,7659,111,45447,207,76504,111,121951,California
San Luis Obispo,2021-04-19,3127,194268,1284,97196,1805,89375,38,7697,1159,44680,1965,78469,1198,123149,California
San Luis Obispo,2021-04-20,3508,197776,1935,99131,1573,90948,0,7697,1337,43858,2159,80628,1337,124486,California
San Luis Obispo,2021-04-21,3902,201678,1792,100923,2110,93058,0,7697,1611,43196,2273,82901,1611,126097,California
San Luis Obispo,2021-04-22,4574,206252,2058,102981,2516,95574,0,7697,1473,41585,3086,85987,1475,127572,California
San Luis Obispo,2021-04-23,1464,207716,849,103830,611,96185,4,7701,701,41540,757,86744,712,128284,California
San Luis Obispo,2021-04-24,1080,208796,442,104272,619,96804,19,7720,494,41472,581,87325,513,128797,California
San Luis Obispo,2021-04-25,346,209142,163,104435,183,96987,0,7720,114,41355,231,87556,114,128911,California
San Luis Obispo,2021-04-26,967,210109,341,104776,609,97596,17,7737,362,41140,593,88149,378,129289,California
San Luis Obispo,2021-04-27,3691,213800,1911,106687,1711,99307,69,7806,1427,40379,2257,90406,1496,130785,California
San Luis Obispo,2021-04-28,3726,217526,2087,108774,1567,100874,72,7878,1286,39310,2427,92833,1358,132143,California
San Luis Obispo,2021-04-29,3651,221177,2107,110881,1474,102348,70,7948,1205,38155,2433,95266,1278,133421,California
San Luis Obispo,2021-04-30,2961,224138,1660,112541,1228,103576,73,8021,927,37134,2022,97288,1001,134422,California
San Luis Obispo,2021-05-01,466,224604,158,112699,272,103848,36,8057,97,36901,365,97653,132,134554,California
San Luis Obispo,2021-05-02,169,224773,52,112751,97,103945,20,8077,42,36836,127,97780,62,134616,California
San Luis Obispo,2021-05-03,885,225658,288,113039,494,104439,103,8180,225,36503,659,98439,326,134942,California
San Luis Obispo,2021-05-04,2920,228578,1893,114932,963,105402,64,8244,865,35382,2048,100487,927,135869,California
San Luis Obispo,2021-05-05,2803,231381,1850,116782,886,106288,67,8311,693,34044,2099,102586,761,136630,California
San Luis Obispo,2021-05-06,2785,234166,1884,118666,849,107137,52,8363,729,32784,2041,104627,781,137411,California
San Luis Obispo,2021-05-07,2306,236472,1750,120416,495,107632,61,8424,608,31776,1678,106305,670,138081,California
San Luis Obispo,2021-05-08,566,237038,333,120749,209,107841,24,8448,190,31632,358,106663,214,138295,California
San Luis Obispo,2021-05-09,164,237202,41,120790,104,107945,19,8467,46,31580,117,106780,65,138360,California
San Luis Obispo,2021-05-10,717,237919,150,120940,520,108465,47,8514,154,31222,558,107338,200,138560,California
San Luis Obispo,2021-05-11,1166,239085,595,121535,501,108966,70,8584,359,30848,803,108141,429,138989,California
San Luis Obispo,2021-05-12,2346,241431,1569,123104,694,109660,83,8667,682,29964,1649,109790,765,139754,California
San Luis Obispo,2021-05-13,1017,242448,635,123739,323,109983,59,8726,427,29862,587,110377,485,140239,California
San Luis Obispo,2021-05-14,2185,244633,1612,125351,532,110515,41,8767,931,29596,1238,111615,972,141211,California
San Luis Obispo,2021-05-15,971,245604,449,125800,490,111005,32,8799,452,29565,516,112131,485,141696,California
San Luis Obispo,2021-05-16,109,245713,70,125870,32,111037,7,8806,79,29622,29,112160,86,141782,California
San Luis Obispo,2021-05-17,1012,246725,585,126455,411,111448,16,8822,443,29521,560,112720,459,142241,California
San Mateo,2020-12-15,26,26,26,26,0,0,0,0,26,26,0,0,26,26,California
San Mateo,2020-12-16,111,137,111,137,0,0,0,0,111,137,0,0,111,137,California
San Mateo,2020-12-17,164,301,164,301,0,0,0,0,164,301,0,0,164,301,California
San Mateo,2020-12-18,743,1044,741,1042,2,2,0,0,743,1044,0,0,743,1044,California
San Mateo,2020-12-19,516,1560,516,1558,0,2,0,0,516,1560,0,0,516,1560,California
San Mateo,2020-12-20,510,2070,509,2067,1,3,0,0,510,2070,0,0,510,2070,California
San Mateo,2020-12-21,1156,3226,1156,3223,0,3,0,0,1156,3226,0,0,1156,3226,California
San Mateo,2020-12-22,1525,4751,1518,4741,7,10,0,0,1525,4751,0,0,1525,4751,California
San Mateo,2020-12-23,1576,6327,1387,6128,189,199,0,0,1576,6327,0,0,1576,6327,California
San Mateo,2020-12-24,868,7195,611,6739,257,456,0,0,868,7195,0,0,868,7195,California
San Mateo,2020-12-25,115,7310,111,6850,4,460,0,0,115,7310,0,0,115,7310,California
San Mateo,2020-12-26,561,7871,418,7268,143,603,0,0,561,7871,0,0,561,7871,California
San Mateo,2020-12-27,307,8178,176,7444,131,734,0,0,307,8178,0,0,307,8178,California
San Mateo,2020-12-28,1054,9232,707,8151,347,1081,0,0,1054,9232,0,0,1054,9232,California
San Mateo,2020-12-29,1130,10362,705,8856,425,1506,0,0,1130,10362,0,0,1130,10362,California
San Mateo,2020-12-30,1265,11627,760,9616,505,2011,0,0,1265,11627,0,0,1265,11627,California
San Mateo,2020-12-31,716,12343,231,9847,485,2496,0,0,715,12341,1,1,715,12342,California
San Mateo,2021-01-01,74,12417,53,9900,21,2517,0,0,74,12415,0,1,74,12416,California
San Mateo,2021-01-02,401,12818,271,10171,130,2647,0,0,401,12816,0,1,401,12817,California
San Mateo,2021-01-03,284,13102,209,10380,75,2722,0,0,281,13094,3,4,281,13098,California
San Mateo,2021-01-04,1053,14155,680,11060,373,3095,0,0,1053,14147,0,4,1053,14151,California
San Mateo,2021-01-05,1204,15359,708,11768,496,3591,0,0,1174,15292,30,34,1175,15326,California
San Mateo,2021-01-06,1454,16813,955,12723,499,4090,0,0,1270,16382,181,215,1271,16597,California
San Mateo,2021-01-07,1456,18269,810,13533,646,4736,0,0,1166,17266,283,498,1167,17764,California
San Mateo,2021-01-08,1841,20110,1192,14725,649,5385,0,0,1142,17717,692,1190,1143,18907,California
San Mateo,2021-01-09,1181,21291,777,15502,404,5789,0,0,722,17980,459,1649,722,19629,California
San Mateo,2021-01-10,706,21997,577,16079,129,5918,0,0,267,17808,439,2088,267,19896,California
San Mateo,2021-01-11,2593,24590,1486,17565,1107,7025,0,0,1525,18266,1069,3157,1527,21423,California
San Mateo,2021-01-12,3286,27876,1780,19345,1506,8531,0,0,2100,19185,1184,4341,2103,23526,California
San Mateo,2021-01-13,3489,31365,1756,21101,1733,10264,0,0,2453,20605,1036,5377,2456,25982,California
San Mateo,2021-01-14,3780,35145,1587,22688,2193,12457,0,0,3092,23014,688,6065,3097,29079,California
San Mateo,2021-01-15,4327,39472,1708,24396,2619,15076,0,0,3798,26287,527,6592,3800,32879,California
San Mateo,2021-01-16,3087,42559,778,25174,2309,17385,0,0,2767,28734,320,6912,2767,35646,California
San Mateo,2021-01-17,1312,43871,310,25484,1002,18387,0,0,1102,29626,210,7122,1102,36748,California
San Mateo,2021-01-18,1366,45237,535,26019,831,19218,0,0,992,30250,371,7493,995,37743,California
San Mateo,2021-01-19,2799,48036,1788,27807,1011,20229,0,0,2005,31464,791,8284,2005,39748,California
San Mateo,2021-01-20,2804,50840,1547,29354,1257,21486,0,0,1960,32584,841,9125,1961,41709,California
San Mateo,2021-01-21,2863,53703,1309,30663,1554,23040,0,0,2270,34266,591,9716,2273,43982,California
San Mateo,2021-01-22,2800,56503,1138,31801,1662,24702,0,0,2500,36469,298,10014,2501,46483,California
San Mateo,2021-01-23,2886,59389,1692,33493,1194,25896,0,0,2520,38624,366,10380,2521,49004,California
San Mateo,2021-01-24,1521,60910,376,33869,1145,27041,0,0,1208,39521,312,10692,1209,50213,California
San Mateo,2021-01-25,4433,65343,3149,37018,1284,28325,0,0,3535,42163,896,11588,3538,53751,California
San Mateo,2021-01-26,4295,69638,2980,39998,1315,29640,0,0,3390,44650,904,12492,3391,57142,California
San Mateo,2021-01-27,2794,72432,1476,41474,1318,30958,0,0,1795,45454,992,13484,1796,58938,California
San Mateo,2021-01-28,2806,75238,1357,42831,1449,32407,0,0,1954,46571,837,14321,1954,60892,California
San Mateo,2021-01-29,2987,78225,1341,44172,1646,34053,0,0,2152,47894,832,15153,2155,63047,California
San Mateo,2021-01-30,3378,81603,1478,45650,1900,35953,0,0,2920,50358,457,15610,2921,65968,California
San Mateo,2021-01-31,1682,83285,898,46548,784,36737,0,0,1519,51716,161,15771,1519,67487,California
San Mateo,2021-02-01,2932,86217,1347,47895,1585,38322,0,0,2223,53235,705,16476,2224,69711,California
San Mateo,2021-02-02,3181,89398,1733,49628,1448,39770,0,0,2159,54375,1019,17495,2159,71870,California
San Mateo,2021-02-03,4889,94287,1955,51583,2934,42704,0,0,3835,57160,1051,18546,3836,75706,California
San Mateo,2021-02-04,6299,100586,2593,54176,3706,46410,0,0,4938,60746,1355,19901,4941,80647,California
San Mateo,2021-02-05,6800,107386,2551,56727,4249,50659,0,0,4975,63913,1808,21709,4975,85622,California
San Mateo,2021-02-06,3289,110675,1921,58648,1368,52027,0,0,2622,65871,666,22375,2624,88246,California
San Mateo,2021-02-07,1902,112577,1348,59996,554,52581,0,0,1710,67389,192,22567,1710,89956,California
San Mateo,2021-02-08,5283,117860,2250,62246,3033,55614,0,0,3109,68389,2109,24676,3109,93065,California
San Mateo,2021-02-09,6193,124053,3228,65474,2965,58579,0,0,3343,68887,2845,27521,3343,96408,California
San Mateo,2021-02-10,6498,130551,3272,68746,3226,61805,0,0,3422,69242,3067,30588,3422,99830,California
San Mateo,2021-02-11,7068,137619,3587,72333,3481,65286,0,0,3799,69784,3260,33848,3802,103632,California
San Mateo,2021-02-12,6633,144252,2961,75294,3672,68958,0,0,4708,72571,1923,35771,4710,108342,California
San Mateo,2021-02-13,6116,150368,4014,79308,2102,71060,0,0,2644,71748,3467,39238,2644,110986,California
San Mateo,2021-02-14,4639,155007,3023,82331,1616,72676,0,0,1989,71093,2645,41883,1990,112976,California
San Mateo,2021-02-15,3165,158172,1459,83790,1706,74382,0,0,1784,71502,1376,43259,1785,114761,California
San Mateo,2021-02-16,7155,165327,1880,85670,5275,79657,0,0,5286,74922,1868,45127,5288,120049,California
San Mateo,2021-02-17,7073,172400,1950,87620,5123,84780,0,0,5065,77987,2002,47129,5067,125116,California
San Mateo,2021-02-18,6708,179108,4637,92257,2071,86851,0,0,4449,80193,2246,49375,4452,129568,California
San Mateo,2021-02-19,7815,186923,5615,97872,2200,89051,0,0,5819,84023,1989,51364,5819,135387,California
San Mateo,2021-02-20,3736,190659,2420,100292,1316,90367,0,0,2307,84908,1422,52786,2307,137694,California
San Mateo,2021-02-21,2605,193264,1761,102053,844,91211,0,0,1556,85421,1043,53829,1556,139250,California
San Mateo,2021-02-22,4436,197700,3214,105267,1222,92433,0,0,2796,86584,1634,55463,2797,142047,California
San Mateo,2021-02-23,4350,202050,3105,108372,1245,93678,0,0,2542,87325,1801,57264,2542,144589,California
San Mateo,2021-02-24,7307,209357,3286,111658,4021,97699,0,0,4878,89780,2424,59688,4879,149468,California
San Mateo,2021-02-25,9100,218457,4023,115681,5077,102776,0,0,6025,92745,3060,62748,6025,155493,California
San Mateo,2021-02-26,9780,228237,3726,119407,6054,108830,0,0,6852,96689,2912,65660,6856,162349,California
San Mateo,2021-02-27,6763,235000,3493,122900,3269,112099,1,1,3686,97310,3071,68731,3692,166041,California
San Mateo,2021-02-28,4133,239133,2516,125416,1617,113716,0,1,2561,98306,1566,70297,2562,168603,California
San Mateo,2021-03-01,5736,244869,3615,129031,2120,115836,1,2,2854,98292,2869,73166,2855,171458,California
San Mateo,2021-03-02,6262,251131,4449,133480,1812,117648,1,3,3630,99300,2624,75790,3632,175090,California
San Mateo,2021-03-03,8370,259501,3907,137387,4461,122109,2,5,3614,98174,4743,80533,3617,178707,California
San Mateo,2021-03-04,8433,267934,3943,141330,4487,126596,3,8,3805,97375,4609,85142,3810,182517,California
San Mateo,2021-03-05,9112,277046,5999,147329,3109,129705,4,12,6425,101140,2667,87809,6432,188949,California
San Mateo,2021-03-06,7856,284902,5441,152770,2239,131944,176,188,5740,104948,2107,89916,5915,194864,California
San Mateo,2021-03-07,3484,288386,2322,155092,1094,133038,68,256,2015,105566,1465,91381,2083,196947,California
San Mateo,2021-03-08,4452,292838,2481,157573,1752,134790,219,475,3225,107791,1220,92601,3445,200392,California
San Mateo,2021-03-09,4567,297405,2133,159706,2160,136950,274,749,3014,109533,1544,94145,3286,203678,California
San Mateo,2021-03-10,6924,304329,2645,162351,3992,140942,287,1036,4564,112038,2345,96490,4850,208528,California
San Mateo,2021-03-11,9139,313468,5739,168090,3007,143949,393,1429,3713,110747,5396,101886,4105,212633,California
San Mateo,2021-03-12,10517,323985,6612,174702,3522,147471,383,1812,3506,107644,6993,108879,3890,216523,California
San Mateo,2021-03-13,8107,332092,3422,178124,3056,150527,1629,3441,3909,108987,4186,113065,5529,222052,California
San Mateo,2021-03-14,4941,337033,3309,181433,1525,152052,107,3548,2634,109428,2299,115364,2740,224792,California
San Mateo,2021-03-15,7135,344168,4588,186021,2371,154423,176,3724,3756,109988,3373,118737,3933,228725,California
San Mateo,2021-03-16,11914,356082,4362,190383,7429,161852,123,3847,4809,107833,7089,125826,4934,233659,California
San Mateo,2021-03-17,10803,366885,4367,194750,6310,168162,126,3973,4867,106920,5910,131736,4997,238656,California
San Mateo,2021-03-18,7245,374130,4043,198793,3019,171181,183,4156,4311,108484,2928,134664,4492,243148,California
San Mateo,2021-03-19,7370,381500,4727,203520,1976,173157,667,4823,3608,109007,3752,138416,4275,247423,California
San Mateo,2021-03-20,8298,389798,6438,209958,1524,174681,336,5159,5373,111805,2910,141326,5708,253131,California
San Mateo,2021-03-21,4163,393961,3131,213089,801,175482,231,5390,2341,112563,1811,143137,2569,255700,California
San Mateo,2021-03-22,5226,399187,3546,216635,1262,176744,418,5808,2816,113401,2397,145534,3235,258935,California
San Mateo,2021-03-23,9783,408970,4450,221085,5137,181881,196,6004,4396,112635,5357,150891,4591,263526,California
San Mateo,2021-03-24,9452,418422,5453,226538,3859,185740,140,6144,4107,111606,5276,156167,4247,267773,California
San Mateo,2021-03-25,10029,428451,4889,231427,4872,190612,268,6412,4433,110817,5494,161661,4705,272478,California
San Mateo,2021-03-26,11165,439616,7671,239098,3328,193940,166,6578,4453,108765,6674,168335,4622,277100,California
San Mateo,2021-03-27,10439,450055,7970,247068,2363,196303,106,6684,4700,107848,5720,174055,4803,281903,California
San Mateo,2021-03-28,4213,454268,2698,249766,1403,197706,112,6796,2100,107957,2104,176159,2213,284116,California
San Mateo,2021-03-29,6024,460292,3748,253514,2023,199729,253,7049,2855,107915,3150,179309,3108,287224,California
San Mateo,2021-03-30,7089,467381,4019,257533,2915,202644,155,7204,4466,109929,2608,181917,4622,291846,California
San Mateo,2021-03-31,7221,474602,4556,262089,2527,205171,138,7342,4062,110989,3142,185059,4202,296048,California
San Mateo,2021-04-01,10454,485056,5130,267219,4141,209312,1183,8525,5619,113003,4794,189853,6808,302856,California
San Mateo,2021-04-02,10699,495755,5096,272315,4035,213347,1568,10093,5627,115146,5053,194906,7196,310052,California
San Mateo,2021-04-03,9727,505482,5521,277836,2463,215810,1743,11836,4929,117031,4790,199696,6675,316727,California
San Mateo,2021-04-04,5425,510907,2613,280449,1564,217374,1248,13084,1732,116329,3680,203376,2978,319705,California
San Mateo,2021-04-05,8969,519876,4782,285231,2453,219827,1734,14818,3865,116837,5089,208465,5597,325302,California
San Mateo,2021-04-06,13177,533053,8246,293477,3080,222907,1851,16669,7542,120622,5622,214087,9407,334709,California
San Mateo,2021-04-07,11362,544415,5259,298736,4428,227335,1675,18344,4845,120640,6496,220583,6514,341223,California
San Mateo,2021-04-08,10099,554514,5037,303773,2475,229810,2587,20931,4493,122119,5591,226174,7070,348293,California
San Mateo,2021-04-09,11263,565777,5479,309252,3307,233117,2477,23408,5088,123503,6173,232347,7557,355850,California
San Mateo,2021-04-10,11166,576943,5673,314925,4066,237183,1427,24835,4637,123057,6506,238853,6060,361910,California
San Mateo,2021-04-11,6610,583553,3287,318212,873,238056,2450,27285,2333,123564,4271,243124,4778,366688,California
San Mateo,2021-04-12,7307,590860,4470,322682,1877,239933,960,28245,3554,124344,3734,246858,4514,371202,California
San Mateo,2021-04-13,8142,599002,5085,327767,3048,242981,9,28254,4318,124855,3818,250676,4329,375531,California
San Mateo,2021-04-14,8309,607311,5367,333134,2941,245922,1,28255,4275,125118,4019,254695,4282,379813,California
San Mateo,2021-04-15,11077,618388,7366,340500,3709,249631,2,28257,7266,128599,3788,258483,7269,387082,California
San Mateo,2021-04-16,9944,628332,6856,347356,3072,252703,16,28273,6329,131350,3599,262082,6350,393432,California
San Mateo,2021-04-17,9665,637997,6439,353795,3223,255926,3,28276,6141,133982,3516,265598,6148,399580,California
San Mateo,2021-04-18,5406,643403,2595,356390,2811,258737,0,28276,3658,135908,1738,267336,3664,403244,California
San Mateo,2021-04-19,8352,651755,5441,361831,2911,261648,0,28276,5420,138414,2923,270259,5429,408673,California
San Mateo,2021-04-20,10241,661996,5702,367533,4539,266187,0,28276,6582,141364,3643,273902,6593,415266,California
San Mateo,2021-04-21,8998,670994,6101,373634,2897,269084,0,28276,5576,143540,3407,277309,5583,420849,California
San Mateo,2021-04-22,9581,680575,6416,380050,3164,272248,1,28277,5338,144672,4212,281521,5344,426193,California
San Mateo,2021-04-23,9455,690030,6224,386274,3231,275479,0,28277,5318,145892,4113,285634,5333,431526,California
San Mateo,2021-04-24,11226,701256,8021,394295,3205,278684,0,28277,6050,146794,5156,290790,6058,437584,California
San Mateo,2021-04-25,5519,706775,3861,398156,1656,280340,2,28279,3913,149124,1594,292384,3924,441508,California
San Mateo,2021-04-26,6315,713090,4628,402784,1680,282020,7,28286,3651,150137,2657,295041,3670,445178,California
San Mateo,2021-04-27,10970,724060,7800,410584,3065,285085,105,28391,4418,148138,6526,301567,4527,449705,California
San Mateo,2021-04-28,7659,731719,4423,415007,3032,288117,204,28595,4015,148725,3636,305203,4223,453928,California
San Mateo,2021-04-29,7917,739636,3710,418717,4032,292149,175,28770,3503,148026,4389,309592,3690,457618,California
San Mateo,2021-04-30,8072,747708,5068,423785,2852,295001,152,28922,3424,146988,4627,314219,3589,461207,California
San Mateo,2021-05-01,6141,753849,4114,427899,1908,296909,119,29041,2656,146303,3471,317690,2786,463993,California
San Mateo,2021-05-02,3170,757019,1740,429639,1359,298268,71,29112,1144,145504,2018,319708,1219,465212,California
San Mateo,2021-05-03,6041,763060,4525,434164,1372,299640,144,29256,1905,143425,4128,323836,2049,467261,California
San Mateo,2021-05-04,7230,770290,4893,439057,2165,301805,172,29428,2455,141304,4760,328596,2639,469900,California
San Mateo,2021-05-05,6843,777133,4472,443529,2209,304014,162,29590,2464,139580,4351,332947,2627,472527,California
San Mateo,2021-05-06,8498,785631,6643,450172,1682,305696,173,29763,1739,134756,6741,339688,1917,474444,California
San Mateo,2021-05-07,8188,793819,5857,456029,2048,307744,283,30046,1836,130565,6321,346009,2130,476574,California
San Mateo,2021-05-08,6646,800465,4030,460059,2378,310122,238,30284,1830,127835,4803,350812,2073,478647,California
San Mateo,2021-05-09,3118,803583,2434,462493,611,310733,73,30357,1065,126927,2047,352859,1139,479786,California
San Mateo,2021-05-10,4569,808152,3279,465772,1121,311854,169,30526,773,124090,3787,356646,950,480736,California
San Mateo,2021-05-11,6464,814616,4854,470626,1498,313352,112,30638,1650,121057,4798,361444,1765,482501,California
San Mateo,2021-05-12,6307,820923,4550,475176,1572,314924,185,30823,1509,117969,4786,366230,1698,484199,California
San Mateo,2021-05-13,8569,829492,6351,481527,2130,317054,88,30911,3045,115610,5497,371727,3138,487337,California
San Mateo,2021-05-14,8158,837650,6020,487547,2038,319092,100,31011,2666,112908,5479,377206,2777,490114,California
San Mateo,2021-05-15,10083,847733,7886,495433,2101,321193,96,31107,4370,111701,5695,382901,4488,494602,California
San Mateo,2021-05-16,4936,852669,3238,498671,1670,322863,28,31135,1270,109342,3658,386559,1299,495901,California
San Mateo,2021-05-17,4257,856926,2993,501664,1216,324079,48,31183,941,107024,3309,389868,991,496892,California
Santa Barbara,2020-12-15,2,2,2,2,0,0,0,0,2,2,0,0,2,2,California
Santa Barbara,2020-12-16,2,4,2,4,0,0,0,0,2,4,0,0,2,4,California
Santa Barbara,2020-12-17,56,60,56,60,0,0,0,0,56,60,0,0,56,60,California
Santa Barbara,2020-12-18,378,438,377,437,1,1,0,0,378,438,0,0,378,438,California
Santa Barbara,2020-12-19,325,763,325,762,0,1,0,0,325,763,0,0,325,763,California
Santa Barbara,2020-12-20,235,998,235,997,0,1,0,0,235,998,0,0,235,998,California
Santa Barbara,2020-12-21,652,1650,650,1647,2,3,0,0,652,1650,0,0,652,1650,California
Santa Barbara,2020-12-22,245,1895,243,1890,2,5,0,0,245,1895,0,0,245,1895,California
Santa Barbara,2020-12-23,321,2216,203,2093,118,123,0,0,321,2216,0,0,321,2216,California
Santa Barbara,2020-12-24,88,2304,40,2133,48,171,0,0,88,2304,0,0,88,2304,California
Santa Barbara,2020-12-26,326,2630,66,2199,260,431,0,0,326,2630,0,0,326,2630,California
Santa Barbara,2020-12-27,62,2692,1,2200,61,492,0,0,62,2692,0,0,62,2692,California
Santa Barbara,2020-12-28,356,3048,223,2423,133,625,0,0,356,3048,0,0,356,3048,California
Santa Barbara,2020-12-29,555,3603,361,2784,194,819,0,0,555,3603,0,0,555,3603,California
Santa Barbara,2020-12-30,585,4188,403,3187,182,1001,0,0,585,4188,0,0,585,4188,California
Santa Barbara,2020-12-31,240,4428,114,3301,126,1127,0,0,240,4428,0,0,240,4428,California
Santa Barbara,2021-01-01,113,4541,108,3409,5,1132,0,0,113,4541,0,0,113,4541,California
Santa Barbara,2021-01-02,591,5132,225,3634,366,1498,0,0,591,5132,0,0,591,5132,California
Santa Barbara,2021-01-03,23,5155,15,3649,8,1506,0,0,23,5155,0,0,23,5155,California
Santa Barbara,2021-01-04,310,5465,247,3896,63,1569,0,0,309,5464,0,0,309,5464,California
Santa Barbara,2021-01-05,754,6219,381,4277,373,1942,0,0,727,6164,27,27,727,6191,California
Santa Barbara,2021-01-06,656,6875,276,4553,380,2322,0,0,595,6699,60,87,595,6786,California
Santa Barbara,2021-01-07,1033,7908,711,5264,322,2644,0,0,527,6724,502,589,527,7313,California
Santa Barbara,2021-01-08,1202,9110,842,6106,360,3004,0,0,709,6940,493,1082,709,8022,California
Santa Barbara,2021-01-09,566,9676,293,6399,273,3277,0,0,320,7014,246,1328,320,8342,California
Santa Barbara,2021-01-10,62,9738,50,6449,12,3289,0,0,46,7044,16,1344,46,8388,California
Santa Barbara,2021-01-11,839,10577,670,7119,169,3458,0,0,616,7438,222,1566,616,9004,California
Santa Barbara,2021-01-12,1429,12006,635,7754,794,4252,0,0,1272,8553,157,1723,1272,10276,California
Santa Barbara,2021-01-13,1229,13235,281,8035,948,5200,0,0,1102,9528,127,1850,1102,11378,California
Santa Barbara,2021-01-14,1250,14485,133,8168,1117,6317,0,0,1195,10670,54,1904,1196,12574,California
Santa Barbara,2021-01-15,1802,16287,421,8589,1381,7698,0,0,1721,12311,80,1984,1721,14295,California
Santa Barbara,2021-01-16,1272,17559,202,8791,1070,8768,0,0,1233,13506,38,2022,1233,15528,California
Santa Barbara,2021-01-17,123,17682,20,8811,103,8871,0,0,120,13623,3,2025,120,15648,California
Santa Barbara,2021-01-18,1151,18833,417,9228,734,9605,0,0,966,14404,185,2210,966,16614,California
Santa Barbara,2021-01-19,1638,20471,570,9798,1068,10673,0,0,1358,15483,279,2489,1358,17972,California
Santa Barbara,2021-01-20,2096,22567,545,10343,1551,12224,0,0,1736,16860,359,2848,1736,19708,California
Santa Barbara,2021-01-21,3089,25656,1819,12162,1270,13494,0,0,2930,19632,159,3007,2931,22639,California
Santa Barbara,2021-01-22,3018,28674,1864,14026,1154,14648,0,0,2854,22326,161,3168,2855,25494,California
Santa Barbara,2021-01-23,1734,30408,1106,15132,628,15276,0,0,1222,23037,511,3679,1222,26716,California
Santa Barbara,2021-01-24,844,31252,752,15884,92,15368,0,0,835,23863,9,3688,835,27551,California
Santa Barbara,2021-01-25,1245,32497,501,16385,744,16112,0,0,1005,24628,240,3928,1005,28556,California
Santa Barbara,2021-01-26,2051,34548,468,16853,1583,17695,0,0,1664,25907,385,4313,1664,30220,California
Santa Barbara,2021-01-27,1163,35711,400,17253,763,18458,0,0,901,26549,261,4574,903,31123,California
Santa Barbara,2021-01-28,895,36606,298,17551,597,19055,0,0,680,27017,212,4786,680,31803,California
Santa Barbara,2021-01-29,1333,37939,537,18088,796,19851,0,0,979,27647,351,5137,981,32784,California
Santa Barbara,2021-01-30,1892,39831,1420,19508,472,20323,0,0,1488,28734,401,5538,1488,34272,California
Santa Barbara,2021-01-31,1454,41285,1216,20724,238,20561,0,0,1415,30110,39,5577,1415,35687,California
Santa Barbara,2021-02-01,946,42231,521,21245,425,20986,0,0,558,30280,388,5965,558,36245,California
Santa Barbara,2021-02-02,1829,44060,701,21946,1128,22114,0,0,1052,30558,774,6739,1052,37297,California
Santa Barbara,2021-02-03,1941,46001,1077,23023,864,22978,0,0,1499,31625,432,7171,1499,38796,California
Santa Barbara,2021-02-04,2778,48779,1864,24887,914,23892,0,0,2482,33817,290,7461,2482,41278,California
Santa Barbara,2021-02-05,2904,51683,2060,26947,844,24736,0,0,2260,35435,642,8103,2260,43538,California
Santa Barbara,2021-02-06,1205,52888,339,27286,866,25602,0,0,794,35818,411,8514,794,44332,California
Santa Barbara,2021-02-07,301,53189,263,27549,38,25640,0,0,266,36050,34,8548,266,44598,California
Santa Barbara,2021-02-08,956,54145,311,27860,645,26285,0,0,668,36430,288,8836,668,45266,California
Santa Barbara,2021-02-09,2438,56583,313,28173,2125,28410,0,0,1119,36240,1309,10145,1119,46385,California
Santa Barbara,2021-02-10,2762,59345,1496,29669,1266,29676,0,0,780,35047,1973,12118,780,47165,California
Santa Barbara,2021-02-11,4186,63531,2808,32477,1378,31054,0,0,624,32118,3553,15671,624,47789,California
Santa Barbara,2021-02-12,3308,66839,949,33426,2359,33413,0,0,774,30364,2528,18199,774,48563,California
Santa Barbara,2021-02-13,1235,68074,341,33767,894,34307,0,0,561,30255,670,18869,561,49124,California
Santa Barbara,2021-02-14,331,68405,34,33801,297,34604,0,0,285,30494,46,18915,285,49409,California
Santa Barbara,2021-02-15,968,69373,339,34140,629,35233,0,0,492,30515,471,19386,492,49901,California
Santa Barbara,2021-02-16,2108,71481,396,34536,1712,36945,0,0,716,29843,1388,20774,716,50617,California
Santa Barbara,2021-02-17,1437,72918,321,34857,1116,38061,0,0,522,29453,912,21686,522,51139,California
Santa Barbara,2021-02-18,3255,76173,2647,37504,608,38669,0,0,1518,29269,1702,23388,1518,52657,California
Santa Barbara,2021-02-19,3597,79770,2643,40147,954,39623,0,0,2331,30337,1263,24651,2331,54988,California
Santa Barbara,2021-02-20,2224,81994,1438,41585,786,40409,0,0,1669,31460,546,25197,1669,56657,California
Santa Barbara,2021-02-21,132,82126,103,41688,29,40438,0,0,59,31446,73,25270,59,56716,California
Santa Barbara,2021-02-22,941,83067,249,41937,692,41130,0,0,262,31036,672,25942,262,56978,California
Santa Barbara,2021-02-23,3189,86256,1047,42984,2142,43272,0,0,422,28695,2763,28705,422,57400,California
Santa Barbara,2021-02-24,3202,89458,1091,44075,2111,45383,0,0,722,26949,2468,31173,722,58122,California
Santa Barbara,2021-02-25,3452,92910,1920,45995,1532,46915,0,0,987,25479,2458,33631,988,59110,California
Santa Barbara,2021-02-26,3665,96575,2175,48170,1490,48405,0,0,1978,25778,1679,35310,1978,61088,California
Santa Barbara,2021-02-27,1532,98107,567,48737,965,49370,0,0,849,25953,676,35986,851,61939,California
Santa Barbara,2021-02-28,1086,99193,221,48958,865,50235,0,0,894,26661,187,36173,895,62834,California
Santa Barbara,2021-03-01,1638,100831,467,49425,1171,51406,0,0,1086,27209,539,36712,1087,63921,California
Santa Barbara,2021-03-02,2643,103474,420,49845,2223,53629,0,0,2142,28864,488,37200,2143,66064,California
Santa Barbara,2021-03-03,4627,108101,2100,51945,2525,56154,2,2,4031,32314,586,37786,4036,70100,California
Santa Barbara,2021-03-04,3419,111520,2281,54226,1138,57292,0,2,2864,34631,547,38333,2864,72964,California
Santa Barbara,2021-03-05,3814,115334,2162,56388,1593,58885,59,61,3088,37058,720,39053,3147,76111,California
Santa Barbara,2021-03-06,2431,117765,724,57112,1488,60373,219,280,1666,38181,761,39814,1884,77995,California
Santa Barbara,2021-03-07,562,118327,122,57234,310,60683,130,410,383,38517,178,39992,514,78509,California
Santa Barbara,2021-03-08,1574,119901,378,57612,854,61537,342,752,792,38875,776,40768,1134,79643,California
Santa Barbara,2021-03-09,2773,122674,324,57936,1675,63212,774,1526,718,38311,2052,42820,1488,81131,California
Santa Barbara,2021-03-10,2751,125425,546,58482,1159,64371,1046,2572,1035,38681,1710,44530,2080,83211,California
Santa Barbara,2021-03-11,5575,131000,3029,61511,1431,65802,1115,3687,2280,38790,3281,47811,3390,86601,California
Santa Barbara,2021-03-12,3669,134669,2095,63606,1145,66947,429,4116,2176,39907,1485,49296,2602,89203,California
Santa Barbara,2021-03-13,3476,138145,1926,65532,1341,68288,209,4325,2694,42030,780,50076,2903,92106,California
Santa Barbara,2021-03-14,782,138927,370,65902,355,68643,57,4382,462,42229,320,50396,519,92625,California
Santa Barbara,2021-03-15,2105,141032,691,66593,1123,69766,291,4673,1266,42951,833,51229,1555,94180,California
Santa Barbara,2021-03-16,3723,144755,1172,67765,2209,71975,342,5015,2736,45045,984,52213,3078,97258,California
Santa Barbara,2021-03-17,3297,148052,973,68738,1919,73894,405,5420,2307,46765,988,53201,2708,99966,California
Santa Barbara,2021-03-18,5222,153274,2798,71536,2222,76116,202,5622,3998,49756,1209,54410,4200,104166,California
Santa Barbara,2021-03-19,4442,157716,2766,74302,1344,77460,332,5954,3053,51755,1385,55795,3384,107550,California
Santa Barbara,2021-03-20,2167,159883,828,75130,1327,78787,12,5966,1330,52261,835,56630,1341,108891,California
Santa Barbara,2021-03-21,1164,161047,382,75512,752,79539,30,5996,838,52805,324,56954,868,109759,California
Santa Barbara,2021-03-22,2778,163825,1912,77424,822,80361,44,6040,2222,54523,548,57502,2266,112025,California
Santa Barbara,2021-03-23,4477,168302,2250,79674,2127,82488,100,6140,3707,57569,761,58263,3807,115832,California
Santa Barbara,2021-03-24,5407,173709,3154,82828,1512,84000,741,6881,2971,58863,2415,60678,3709,119541,California
Santa Barbara,2021-03-25,5552,179261,3277,86105,2087,86087,188,7069,2778,59072,2757,63435,2966,122507,California
Santa Barbara,2021-03-26,5083,184344,3221,89326,1563,87650,299,7368,2240,58784,2827,66262,2539,125046,California
Santa Barbara,2021-03-27,2923,187267,1219,90545,1661,89311,43,7411,1595,59097,1323,67585,1636,126682,California
Santa Barbara,2021-03-28,2771,190038,1647,92192,1096,90407,28,7439,1887,60134,879,68464,1916,128598,California
Santa Barbara,2021-03-29,4042,194080,2086,94278,1885,92292,71,7510,3231,62629,807,69271,3302,131900,California
Santa Barbara,2021-03-30,6793,200873,3510,97788,3133,95425,150,7660,4554,65106,2224,71495,4701,136601,California
Santa Barbara,2021-03-31,8657,209530,5517,103305,3073,98498,67,7727,5058,66653,3581,75076,5128,141729,California
Santa Barbara,2021-04-01,7020,216550,5192,108497,1569,100067,259,7986,4161,68232,2842,77918,4421,146150,California
Santa Barbara,2021-04-02,6610,223160,4532,113029,1484,101551,594,8580,3393,69009,3210,81128,3987,150137,California
Santa Barbara,2021-04-03,3796,226956,2107,115136,1621,103172,68,8648,2507,70300,1285,82413,2576,152713,California
Santa Barbara,2021-04-04,899,227855,444,115580,415,103587,40,8688,500,70443,397,82810,540,153253,California
Santa Barbara,2021-04-05,3453,231308,2279,117859,916,104503,258,8946,2161,71576,1286,84096,2419,155672,California
Santa Barbara,2021-04-06,5445,236753,2810,120669,2099,106602,536,9482,3326,73333,2103,86199,3860,159532,California
Santa Barbara,2021-04-07,5968,242721,3283,123952,2144,108746,541,10023,4061,76037,1897,88096,4601,164133,California
Santa Barbara,2021-04-08,7361,250082,5008,128960,642,109388,1711,11734,3393,77172,3966,92062,5101,169234,California
Santa Barbara,2021-04-09,7255,257337,4826,133786,1084,110472,1345,13079,3264,77794,3982,96044,4604,173838,California
Santa Barbara,2021-04-10,6629,263966,4587,138373,1425,111897,617,13696,4503,80793,2119,98163,5118,178956,California
Santa Barbara,2021-04-11,2641,266607,1930,140303,412,112309,299,13995,1821,82094,814,98977,2115,181071,California
Santa Barbara,2021-04-12,4424,271031,2847,143150,1024,113333,553,14548,1922,82072,2495,101472,2473,183544,California
Santa Barbara,2021-04-13,6307,277338,4149,147299,2152,115485,6,14554,2624,81022,3679,105151,2629,186173,California
Santa Barbara,2021-04-14,6723,284061,4400,151699,2321,117806,2,14556,4205,82721,2508,107659,4207,190380,California
Santa Barbara,2021-04-15,6934,290995,4083,155782,2850,120656,1,14557,3761,83320,3164,110823,3763,194143,California
Santa Barbara,2021-04-16,6378,297373,3752,159534,2615,123271,11,14568,4393,85753,1970,112793,4403,198546,California
Santa Barbara,2021-04-17,5300,302673,3855,163389,1445,124716,0,14568,4090,88642,1201,113994,4090,202636,California
Santa Barbara,2021-04-18,2128,304801,1477,164866,651,125367,0,14568,372,87263,1752,115746,373,203009,California
Santa Barbara,2021-04-19,3225,308026,2220,167086,999,126366,6,14574,1023,86095,2198,117944,1030,204039,California
Santa Barbara,2021-04-20,5856,313882,3943,171029,1912,128278,1,14575,1646,83543,4198,122142,1646,205685,California
Santa Barbara,2021-04-21,5432,319314,3593,174622,1839,130117,0,14575,1698,81519,3722,125864,1698,207383,California
Santa Barbara,2021-04-22,5075,324389,2549,177171,2525,132642,1,14576,1449,79361,3610,129474,1452,208835,California
Santa Barbara,2021-04-23,5525,329914,3871,181042,1654,134296,0,14576,1951,77748,3564,133038,1951,210786,California
Santa Barbara,2021-04-24,4423,334337,2878,183920,1540,135836,5,14581,1664,76666,2751,135789,1669,212455,California
Santa Barbara,2021-04-25,1832,336169,1185,185105,647,136483,0,14581,501,75844,1323,137112,501,212956,California
Santa Barbara,2021-04-26,2917,339086,1805,186910,1091,137574,21,14602,454,73862,2457,139569,475,213431,California
Santa Barbara,2021-04-27,3680,342766,2030,188940,1563,139137,87,14689,1107,72491,2564,142133,1193,214624,California
Santa Barbara,2021-04-28,4900,347666,2863,191803,1921,141058,116,14805,1403,70527,3486,145619,1522,216146,California
Santa Barbara,2021-04-29,5246,352912,3797,195600,1222,142280,227,15032,1444,68411,3786,149405,1670,217816,California
Santa Barbara,2021-04-30,4944,357856,3694,199294,1086,143366,164,15196,1422,66487,3509,152914,1585,219401,California
Santa Barbara,2021-05-01,5236,363092,4058,203352,1146,144512,32,15228,906,63105,4322,157236,940,220341,California
Santa Barbara,2021-05-02,1131,364223,666,204018,337,144849,128,15356,308,62719,822,158058,436,220777,California
Santa Barbara,2021-05-03,2204,366427,1479,205497,586,145435,139,15495,443,61546,1755,159813,582,221359,California
Santa Barbara,2021-05-04,3278,369705,1661,207158,1547,146982,70,15565,1140,60630,2125,161938,1209,222568,California
Santa Barbara,2021-05-05,5418,375123,3670,210828,1601,148583,147,15712,628,56628,4778,166716,776,223344,California
Santa Barbara,2021-05-06,5037,380160,3903,214731,1030,149613,104,15816,962,53635,4059,170775,1066,224410,California
Santa Barbara,2021-05-07,4659,384819,3654,218385,828,150441,177,15993,1004,51169,3645,174420,1179,225589,California
Santa Barbara,2021-05-08,4211,389030,3152,221537,961,151402,98,16091,869,48809,3327,177747,967,226556,California
Santa Barbara,2021-05-09,702,389732,109,221646,553,151955,40,16131,467,49083,234,177981,508,227064,California
Santa Barbara,2021-05-10,1299,391031,620,222266,595,152550,84,16215,350,48569,947,178928,433,227497,California
Santa Barbara,2021-05-11,1795,392826,770,223036,733,153283,292,16507,387,47845,1401,180329,677,228174,California
Santa Barbara,2021-05-12,1458,394284,641,223677,614,153897,203,16710,414,47425,1037,181366,617,228791,California
Santa Barbara,2021-05-13,3464,397748,2648,226325,627,154524,189,16899,1085,46327,2370,183736,1272,230063,California
Santa Barbara,2021-05-14,4022,401770,2472,228797,1475,155999,75,16974,1542,45474,2467,186203,1614,231677,California
Santa Barbara,2021-05-15,3428,405198,2507,231304,902,156901,19,16993,1791,45657,1628,187831,1811,233488,California
Santa Barbara,2021-05-16,639,405837,223,231527,309,157210,107,17100,295,45716,343,188174,402,233890,California
Santa Barbara,2021-05-17,615,406452,350,231877,245,157455,20,17120,413,45950,199,188373,433,234323,California
Santa Clara,2020-12-15,65,65,65,65,0,0,0,0,65,65,0,0,65,65,California
Santa Clara,2020-12-16,137,202,137,202,0,0,0,0,137,202,0,0,137,202,California
Santa Clara,2020-12-17,393,595,393,595,0,0,0,0,393,595,0,0,393,595,California
Santa Clara,2020-12-18,1674,2269,1674,2269,0,0,0,0,1674,2269,0,0,1674,2269,California
Santa Clara,2020-12-19,2075,4344,2075,4344,0,0,0,0,2074,4343,0,0,2074,4343,California
Santa Clara,2020-12-20,1893,6237,1892,6236,1,1,0,0,1890,6233,0,0,1890,6233,California
Santa Clara,2020-12-21,2670,8907,2670,8906,0,1,0,0,2669,8902,0,0,2669,8902,California
Santa Clara,2020-12-22,3119,12026,3112,12018,7,8,0,0,3116,12018,0,0,3116,12018,California
Santa Clara,2020-12-23,3262,15288,3075,15093,187,195,0,0,3260,15278,0,0,3260,15278,California
Santa Clara,2020-12-24,1895,17183,1710,16803,185,380,0,0,1889,17166,1,1,1889,17167,California
Santa Clara,2020-12-25,343,17526,342,17145,1,381,0,0,343,17509,0,1,343,17510,California
Santa Clara,2020-12-26,1264,18790,1031,18176,233,614,0,0,1263,18772,0,1,1263,18773,California
Santa Clara,2020-12-27,648,19438,508,18684,140,754,0,0,648,19420,0,1,648,19421,California
Santa Clara,2020-12-28,2334,21772,1732,20416,602,1356,0,0,2334,21754,0,1,2334,21755,California
Santa Clara,2020-12-29,2330,24102,1471,21887,859,2215,0,0,2328,24082,0,1,2328,24083,California
Santa Clara,2020-12-30,2994,27096,1902,23789,1092,3307,0,0,2992,27072,2,3,2992,27075,California
Santa Clara,2020-12-31,1217,28313,392,24181,825,4132,0,0,1216,28287,1,4,1216,28291,California
Santa Clara,2021-01-01,145,28458,12,24193,133,4265,0,0,144,28430,1,5,144,28435,California
Santa Clara,2021-01-02,1087,29545,817,25010,270,4535,0,0,1087,29517,0,5,1087,29522,California
Santa Clara,2021-01-03,584,30129,368,25378,216,4751,0,0,579,30093,3,8,579,30101,California
Santa Clara,2021-01-04,2470,32599,1670,27048,800,5551,0,0,2467,32560,0,8,2467,32568,California
Santa Clara,2021-01-05,3069,35668,2012,29060,1057,6608,0,0,2882,35262,186,194,2888,35456,California
Santa Clara,2021-01-06,3329,38997,1963,31023,1366,7974,0,0,2753,37445,572,766,2755,38211,California
Santa Clara,2021-01-07,4218,43215,2560,33583,1658,9632,0,0,3150,39542,1058,1824,3155,41366,California
Santa Clara,2021-01-08,5848,49063,3822,37405,2026,11658,0,0,3795,41288,2049,3873,3795,45161,California
Santa Clara,2021-01-09,2973,52036,1866,39271,1107,12765,0,0,1688,41694,1285,5158,1691,46852,California
Santa Clara,2021-01-10,1953,53989,1508,40779,445,13210,0,0,745,41232,1207,6365,745,47597,California
Santa Clara,2021-01-11,5944,59933,3741,44520,2203,15413,0,0,3380,42054,2563,8928,3385,50982,California
Santa Clara,2021-01-12,6804,66737,3400,47920,3404,18817,0,0,4563,44378,2240,11168,4564,55546,California
Santa Clara,2021-01-13,7363,74100,3044,50964,4319,23136,0,0,5196,47410,2165,13333,5197,60743,California
Santa Clara,2021-01-14,8224,82324,2790,53754,5434,28570,0,0,6487,52167,1732,15065,6489,67232,California
Santa Clara,2021-01-15,9456,91780,2686,56440,6770,35340,0,0,8137,58993,1316,16381,8142,75374,California
Santa Clara,2021-01-16,4301,96081,1230,57670,3071,38411,0,0,3465,61626,832,17213,3465,78839,California
Santa Clara,2021-01-17,3217,99298,606,58276,2611,41022,0,0,2720,63849,497,17710,2720,81559,California
Santa Clara,2021-01-18,5089,104387,1152,59428,3937,44959,0,0,4534,67829,555,18265,4535,86094,California
Santa Clara,2021-01-19,8489,112876,2681,62109,5808,50767,0,0,6810,72966,1676,19941,6813,92907,California
Santa Clara,2021-01-20,8084,120960,4112,66221,3972,54739,0,0,6534,77955,1545,21486,6534,99441,California
Santa Clara,2021-01-21,8662,129622,3751,69972,4911,59650,0,0,7462,84221,1198,22684,7464,106905,California
Santa Clara,2021-01-22,8623,138245,3245,73217,5378,65028,0,0,8057,91716,565,23249,8060,114965,California
Santa Clara,2021-01-23,3782,142027,1691,74908,2091,67119,0,0,2822,93579,960,24209,2823,117788,California
Santa Clara,2021-01-24,2827,144854,1423,76331,1404,68523,0,0,2341,95437,483,24692,2341,120129,California
Santa Clara,2021-01-25,8383,153237,3794,80125,4589,73112,0,0,6315,99696,2060,26752,6319,126448,California
Santa Clara,2021-01-26,8239,161476,3771,83896,4468,77580,0,0,6120,103709,2109,28861,6122,132570,California
Santa Clara,2021-01-27,8713,170189,3829,87725,4884,82464,0,0,6791,108600,1901,30762,6792,139362,California
Santa Clara,2021-01-28,9463,179652,3798,91523,5665,88129,0,0,7504,114170,1938,32700,7508,146870,California
Santa Clara,2021-01-29,9511,189163,3948,95471,5563,93692,0,0,7337,119343,2165,34865,7338,154208,California
Santa Clara,2021-01-30,4185,193348,2077,97548,2108,95800,0,0,2978,121122,1200,36065,2979,157187,California
Santa Clara,2021-01-31,2175,195523,1306,98854,869,96669,0,0,1582,122114,590,36655,1582,158769,California
Santa Clara,2021-02-01,7833,203356,3491,102345,4342,101011,0,0,6143,126576,1682,38337,6144,164913,California
Santa Clara,2021-02-02,8527,211883,2875,105220,5652,106663,0,0,6527,131113,1993,40330,6530,171443,California
Santa Clara,2021-02-03,9196,221079,3480,108700,5716,112379,0,0,6916,135761,2274,42604,6922,178365,California
Santa Clara,2021-02-04,10923,232002,4128,112828,6795,119174,0,0,8638,142127,2275,44879,8641,187006,California
Santa Clara,2021-02-05,11917,243919,4350,117178,7567,126741,0,0,8454,147134,3448,48327,8455,195461,California
Santa Clara,2021-02-06,5185,249104,2821,119999,2364,129105,0,0,4021,149997,1160,49487,4023,199484,California
Santa Clara,2021-02-07,3476,252580,2350,122349,1126,130231,0,0,3022,152567,453,49940,3023,202507,California
Santa Clara,2021-02-08,10007,262587,3481,125830,6526,136757,0,0,7294,157164,2698,52638,7295,209802,California
Santa Clara,2021-02-09,11162,273749,3818,129648,7344,144101,0,0,7668,161352,3483,56121,7671,217473,California
Santa Clara,2021-02-10,12643,286392,4913,134561,7730,151831,0,0,6838,162400,5792,61913,6840,224313,California
Santa Clara,2021-02-11,13504,299896,4721,139282,8783,160614,0,0,7665,164242,5824,67737,7666,231979,California
Santa Clara,2021-02-12,14542,314438,4493,143775,10049,170663,0,0,6977,163676,7545,75282,6979,238958,California
Santa Clara,2021-02-13,6076,320514,1461,145236,4615,175278,0,0,2220,162049,3849,79131,2222,241180,California
Santa Clara,2021-02-14,4612,325126,1143,146379,3469,178747,0,0,1467,160375,3143,82274,1469,242649,California
Santa Clara,2021-02-15,6256,331382,2800,149179,3456,182203,0,0,2694,159516,3553,85827,2694,245343,California
Santa Clara,2021-02-16,13770,345152,4000,153179,9770,191973,0,0,6928,159620,6824,92651,6928,252271,California
Santa Clara,2021-02-17,14071,359223,5491,158670,8580,200553,0,0,7048,159668,7005,99656,7053,259324,California
Santa Clara,2021-02-18,14197,373420,8365,167035,5832,206385,0,0,7234,159985,6920,106576,7237,266561,California
Santa Clara,2021-02-19,14807,388227,9519,176554,5288,211673,0,0,8615,162429,6176,112752,8620,275181,California
Santa Clara,2021-02-20,6820,395047,5106,181660,1714,213387,0,0,3674,162967,3136,115888,3674,278855,California
Santa Clara,2021-02-21,3294,398341,2475,184135,819,214206,0,0,1207,162097,2079,117967,1209,280064,California
Santa Clara,2021-02-22,10163,408504,6090,190225,4073,218279,0,0,4733,161411,5420,123387,4734,284798,California
Santa Clara,2021-02-23,11898,420402,7727,197952,4171,222450,0,0,6759,163048,5126,128513,6763,291561,California
Santa Clara,2021-02-24,14151,434553,9114,207066,5037,227487,0,0,8761,166435,5374,133887,8761,300322,California
Santa Clara,2021-02-25,14618,449171,9251,216317,5367,232854,0,0,7887,167618,6710,140597,7893,308215,California
Santa Clara,2021-02-26,14561,463732,8441,224758,6120,238974,0,0,8002,169089,6534,147131,8005,316220,California
Santa Clara,2021-02-27,8079,471811,5519,230277,2559,241533,1,1,4472,169972,3597,150728,4480,320700,California
Santa Clara,2021-02-28,4727,476538,3078,233355,1649,243182,0,1,2207,169668,2511,153239,2207,322907,California
Santa Clara,2021-03-01,14087,490625,7996,241351,6088,249270,3,4,8725,173055,5341,158580,8728,331635,California
Santa Clara,2021-03-02,16010,506635,9513,250864,6496,255766,1,5,10244,177560,5741,164321,10246,341881,California
Santa Clara,2021-03-03,18428,525063,9043,259907,9383,265149,2,7,11441,182059,6950,171271,11449,353330,California
Santa Clara,2021-03-04,16424,541487,8942,268849,7479,272628,3,10,9552,184824,6792,178063,9557,362887,California
Santa Clara,2021-03-05,16493,557980,9155,278004,7213,279841,125,135,9140,186761,7332,185395,9269,372156,California
Santa Clara,2021-03-06,9365,567345,6275,284279,2653,282494,437,572,7049,191943,2303,187698,7485,379641,California
Santa Clara,2021-03-07,6733,574078,4415,288694,2085,284579,233,805,5362,196174,1363,189061,5594,385235,California
Santa Clara,2021-03-08,12839,586917,6682,295376,5596,290175,561,1366,8225,200363,4597,193658,8786,394021,California
Santa Clara,2021-03-09,14926,601843,6214,301590,7381,297556,1331,2697,6606,199994,8301,201959,7932,401953,California
Santa Clara,2021-03-10,15013,616856,6486,308076,6422,303978,2105,4802,6120,199330,8867,210826,8203,410156,California
Santa Clara,2021-03-11,17019,633875,7751,315827,7762,311740,1506,6308,6040,195912,10951,221777,7533,417689,California
Santa Clara,2021-03-12,17635,651510,9069,324896,6997,318737,1569,7877,5954,191778,11641,233418,7507,425196,California
Santa Clara,2021-03-13,10713,662223,6196,331092,3022,321759,1495,9372,4796,192158,5894,239312,6274,431470,California
Santa Clara,2021-03-14,6483,668706,3350,334442,1825,323584,1308,10680,3159,193307,3308,242620,4457,435927,California
Santa Clara,2021-03-15,12747,681453,6519,340961,5959,329543,269,10949,5970,192791,6755,249375,6239,442166,California
Santa Clara,2021-03-16,18145,699598,10255,351216,7681,337224,209,11158,8782,192445,9334,258709,8988,451154,California
Santa Clara,2021-03-17,19831,719429,11233,362449,8429,345653,169,11327,10233,193293,9548,268257,10396,461550,California
Santa Clara,2021-03-18,19018,738447,8904,371353,8954,354607,1160,12487,9061,193606,9902,278159,10215,471765,California
Santa Clara,2021-03-19,19182,757629,9866,381219,8317,362924,999,13486,9960,195393,9163,287322,10950,482715,California
Santa Clara,2021-03-20,11481,769110,6302,387521,4351,367275,828,14314,6747,198259,4705,292027,7571,490286,California
Santa Clara,2021-03-21,8258,777368,3732,391253,3128,370403,1398,15712,5541,202481,2706,294733,6928,497214,California
Santa Clara,2021-03-22,16263,793631,9072,400325,6847,377250,344,16056,9281,205148,6957,301690,9624,506838,California
Santa Clara,2021-03-23,19181,812812,12198,412523,6468,383718,515,16571,11150,208830,7983,309673,11665,518503,California
Santa Clara,2021-03-24,22535,835347,14515,427038,7611,391329,409,16980,14641,216030,7852,317525,15052,533555,California
Santa Clara,2021-03-25,22862,858209,13089,440127,8789,400118,984,17964,14763,223728,8036,325561,15734,549289,California
Santa Clara,2021-03-26,21854,880063,13923,454050,7548,407666,383,18347,13530,229348,8288,333849,13908,563197,California
Santa Clara,2021-03-27,15633,895696,10398,464448,4471,412137,764,19111,8441,231400,7150,340999,9202,572399,California
Santa Clara,2021-03-28,11999,907695,8302,472750,2984,415121,713,19824,6498,233131,5476,346475,7207,579606,California
Santa Clara,2021-03-29,20536,928231,12592,485342,7219,422340,725,20549,11190,235731,9307,355782,11907,591513,California
Santa Clara,2021-03-30,25551,953782,15207,500549,8409,430749,1935,22484,16349,244840,9168,364950,18277,609790,California
Santa Clara,2021-03-31,20381,974163,11822,512371,7434,438183,1125,23609,12619,250849,7723,372673,13732,623522,California
Santa Clara,2021-04-01,31642,1005805,19771,532142,8868,447051,3003,26612,20039,262335,11541,384214,23027,646549,California
Santa Clara,2021-04-02,24959,1030764,14237,546379,8592,455643,2130,28742,16298,272125,8626,392840,18416,664965,California
Santa Clara,2021-04-03,15175,1045939,9189,555568,3488,459131,2498,31240,8441,276337,6716,399556,10928,675893,California
Santa Clara,2021-04-04,7617,1053556,4029,559597,2428,461559,1160,32400,3974,277835,3634,403190,5132,681025,California
Santa Clara,2021-04-05,21750,1075306,14504,574101,4785,466344,2461,34861,14201,286968,7525,410715,16658,697683,California
Santa Clara,2021-04-06,29366,1104672,16195,590296,7760,474104,5411,40272,17629,298295,11695,422410,23022,720705,California
Santa Clara,2021-04-07,30629,1135301,15823,606119,8381,482485,6425,46697,18719,311556,11857,434267,25118,745823,California
Santa Clara,2021-04-08,29672,1164973,16230,622349,5939,488424,7503,54200,16177,321774,13427,447694,23645,769468,California
Santa Clara,2021-04-09,27734,1192707,13741,636090,6829,495253,7164,61364,14175,329577,13505,461199,21308,790776,California
Santa Clara,2021-04-10,21254,1213961,12305,648395,3750,499003,5199,66563,11403,336319,9821,471020,16563,807339,California
Santa Clara,2021-04-11,15960,1229921,9562,657957,2639,501642,3759,70322,8293,340714,7638,478658,12033,819372,California
Santa Clara,2021-04-12,26748,1256669,18826,676783,5505,507147,2417,72739,18263,352944,8436,487094,20666,840038,California
Santa Clara,2021-04-13,34243,1290912,26973,703756,7243,514390,27,72766,26443,371710,7726,494820,26492,866530,California
Santa Clara,2021-04-14,36702,1327614,27853,731609,8845,523235,4,72770,26149,387396,10493,505313,26179,892709,California
Santa Clara,2021-04-15,43976,1371590,34135,765744,9840,533075,1,72771,33939,411424,9935,515248,33963,926672,California
Santa Clara,2021-04-16,38259,1409849,26258,792002,11999,545074,2,72773,27461,428175,10738,525986,27489,954161,California
Santa Clara,2021-04-17,21972,1431821,15043,807045,6928,552002,1,72774,15082,436426,6847,532833,15098,969259,California
Santa Clara,2021-04-18,16378,1448199,10646,817691,5732,557734,0,72774,10267,440620,6084,538917,10278,979537,California
Santa Clara,2021-04-19,28805,1477004,20862,838553,7942,565676,1,72775,17248,446409,11490,550407,17279,996816,California
Santa Clara,2021-04-20,36795,1513799,22362,860915,14433,580109,0,72775,22471,454690,14219,564626,22500,1019316,California
Santa Clara,2021-04-21,36660,1550459,21228,882143,15431,595540,1,72776,24276,466696,12303,576929,24309,1043625,California
Santa Clara,2021-04-22,37141,1587600,24765,906908,12375,607915,1,72777,17583,464880,19464,596393,17648,1061273,California
Santa Clara,2021-04-23,31830,1619430,19407,926315,12423,620338,0,72777,14975,463145,16761,613154,15026,1076299,California
Santa Clara,2021-04-24,20902,1640332,15254,941569,5647,625985,1,72778,11832,466001,9004,622158,11860,1088159,California
Santa Clara,2021-04-25,13526,1653858,9782,951351,3737,629722,7,72785,8625,469797,4859,627017,8655,1096814,California
Santa Clara,2021-04-26,24197,1678055,18919,970270,5220,634942,58,72843,10095,465962,14011,641028,10176,1106990,California
Santa Clara,2021-04-27,26659,1704714,19255,989525,7115,642057,289,73132,11715,463150,14853,655881,12041,1119031,California
Santa Clara,2021-04-28,25230,1729944,18605,1008130,6186,648243,439,73571,10380,459257,14768,670649,10875,1129906,California
Santa Clara,2021-04-29,23116,1753060,16793,1024923,5927,654170,396,73967,8330,453328,14719,685368,8790,1138696,California
Santa Clara,2021-04-30,22825,1775885,15662,1040585,6803,660973,360,74327,9714,450448,13027,698395,10147,1148843,California
Santa Clara,2021-05-01,17367,1793252,14443,1055028,2664,663637,260,74587,5475,444380,11844,710239,5776,1154619,California
Santa Clara,2021-05-02,11283,1804535,9361,1064389,1693,665330,229,74816,3495,440380,7746,717985,3746,1158365,California
Santa Clara,2021-05-03,22757,1827292,19352,1083741,2977,668307,428,75244,5140,428435,17546,735531,5601,1163966,California
Santa Clara,2021-05-04,30536,1857828,23930,1107671,6065,674372,541,75785,5484,409542,24956,760487,6063,1170029,California
Santa Clara,2021-05-05,32181,1890009,24470,1132141,7168,681540,543,76328,5450,388925,26635,787122,6018,1176047,California
Santa Clara,2021-05-06,35388,1925397,29495,1161636,5426,686966,467,76795,4689,363535,30567,817689,5177,1181224,California
Santa Clara,2021-05-07,32490,1957887,26156,1187792,5846,692812,488,77283,4637,340982,27719,845408,5166,1186390,California
Santa Clara,2021-05-08,16432,1974319,13365,1201157,2644,695456,423,77706,3478,332030,12869,858277,3917,1190307,California
Santa Clara,2021-05-09,10302,1984621,8939,1210096,1176,696632,187,77893,2437,326836,7830,866107,2636,1192943,California
Santa Clara,2021-05-10,20446,2005067,16350,1226446,3695,700327,401,78294,2734,312361,17632,883739,3157,1196100,California
Santa Clara,2021-05-11,20971,2026038,15733,1242179,4844,705171,394,78688,3806,299485,17083,900822,4207,1200307,California
Santa Clara,2021-05-12,19547,2045585,14422,1256601,4676,709847,449,79137,4088,288648,15387,916209,4550,1204857,California
Santa Clara,2021-05-13,26202,2071787,21383,1277984,4537,714384,282,79419,10515,283839,15612,931821,10803,1215660,California
Santa Clara,2021-05-14,26283,2098070,18231,1296215,7689,722073,363,79782,8941,275901,17253,949074,9315,1224975,California
Santa Clara,2021-05-15,18815,2116885,14846,1311061,3710,725783,259,80041,7010,271442,11741,960815,7282,1232257,California
Santa Clara,2021-05-16,9614,2126499,7395,1318456,2148,727931,71,80112,2606,267148,6972,967787,2678,1234935,California
Santa Clara,2021-05-17,6190,2132689,3834,1322290,2209,730140,147,80259,2334,265797,3832,971619,2481,1237416,California
Santa Cruz,2020-12-15,2,2,2,2,0,0,0,0,2,2,0,0,2,2,California
Santa Cruz,2020-12-16,58,60,58,60,0,0,0,0,58,60,0,0,58,60,California
Santa Cruz,2020-12-17,389,449,389,449,0,0,0,0,389,449,0,0,389,449,California
Santa Cruz,2020-12-18,464,913,464,913,0,0,0,0,464,913,0,0,464,913,California
Santa Cruz,2020-12-19,179,1092,178,1091,1,1,0,0,179,1092,0,0,179,1092,California
Santa Cruz,2020-12-20,95,1187,95,1186,0,1,0,0,95,1187,0,0,95,1187,California
Santa Cruz,2020-12-21,437,1624,437,1623,0,1,0,0,437,1624,0,0,437,1624,California
Santa Cruz,2020-12-22,423,2047,422,2045,1,2,0,0,423,2047,0,0,423,2047,California
Santa Cruz,2020-12-23,371,2418,328,2373,43,45,0,0,371,2418,0,0,371,2418,California
Santa Cruz,2020-12-24,125,2543,49,2422,76,121,0,0,125,2543,0,0,125,2543,California
Santa Cruz,2020-12-25,11,2554,11,2433,0,121,0,0,11,2554,0,0,11,2554,California
Santa Cruz,2020-12-26,65,2619,46,2479,19,140,0,0,65,2619,0,0,65,2619,California
Santa Cruz,2020-12-27,32,2651,27,2506,5,145,0,0,32,2651,0,0,32,2651,California
Santa Cruz,2020-12-28,485,3136,108,2614,377,522,0,0,485,3136,0,0,485,3136,California
Santa Cruz,2020-12-29,799,3935,370,2984,429,951,0,0,799,3935,0,0,799,3935,California
Santa Cruz,2020-12-30,356,4291,164,3148,192,1143,0,0,356,4291,0,0,356,4291,California
Santa Cruz,2020-12-31,312,4603,11,3159,301,1444,0,0,312,4603,0,0,312,4603,California
Santa Cruz,2021-01-01,33,4636,1,3160,32,1476,0,0,33,4636,0,0,33,4636,California
Santa Cruz,2021-01-02,71,4707,57,3217,14,1490,0,0,71,4707,0,0,71,4707,California
Santa Cruz,2021-01-03,15,4722,7,3224,8,1498,0,0,15,4722,0,0,15,4722,California
Santa Cruz,2021-01-04,281,5003,123,3347,158,1656,0,0,279,5001,0,0,279,5001,California
Santa Cruz,2021-01-05,566,5569,429,3776,137,1793,0,0,264,4963,302,302,264,5265,California
Santa Cruz,2021-01-06,803,6372,670,4446,133,1926,0,0,464,5089,338,640,464,5729,California
Santa Cruz,2021-01-07,538,6910,211,4657,327,2253,0,0,385,5322,153,793,386,6115,California
Santa Cruz,2021-01-08,936,7846,562,5219,374,2627,0,0,488,5363,448,1241,489,6604,California
Santa Cruz,2021-01-09,464,8310,123,5342,341,2968,0,0,410,5719,54,1295,410,7014,California
Santa Cruz,2021-01-10,80,8390,70,5412,10,2978,0,0,21,5681,59,1354,21,7035,California
Santa Cruz,2021-01-11,725,9115,591,6003,134,3112,0,0,191,5339,534,1888,192,7227,California
Santa Cruz,2021-01-12,734,9849,530,6533,204,3316,0,0,492,5589,242,2130,492,7719,California
Santa Cruz,2021-01-13,525,10374,228,6761,297,3613,0,0,441,5949,81,2211,441,8160,California
Santa Cruz,2021-01-14,560,10934,104,6865,456,4069,0,0,493,6375,67,2278,493,8653,California
Santa Cruz,2021-01-15,1458,12392,77,6942,1381,5450,0,0,1393,7706,64,2342,1395,10048,California
Santa Cruz,2021-01-16,426,12818,53,6995,373,5823,0,0,407,8094,19,2361,407,10455,California
Santa Cruz,2021-01-17,297,13115,41,7036,256,6079,0,0,272,8341,25,2386,272,10727,California
Santa Cruz,2021-01-18,1016,14131,106,7142,910,6989,0,0,954,9233,62,2448,954,11681,California
Santa Cruz,2021-01-19,1623,15754,525,7667,1098,8087,0,0,1269,10151,352,2800,1270,12951,California
Santa Cruz,2021-01-20,1242,16996,182,7849,1060,9147,0,0,1046,11004,193,2993,1046,13997,California
Santa Cruz,2021-01-21,1712,18708,201,8050,1511,10658,0,0,1604,12502,108,3101,1606,15603,California
Santa Cruz,2021-01-22,1802,20510,532,8582,1270,11928,0,0,1700,14104,99,3200,1701,17304,California
Santa Cruz,2021-01-23,402,20912,147,8729,255,12183,0,0,342,14387,59,3259,342,17646,California
Santa Cruz,2021-01-24,116,21028,21,8750,95,12278,0,0,98,14467,18,3277,98,17744,California
Santa Cruz,2021-01-25,1064,22092,362,9112,702,12980,0,0,553,14509,511,3788,553,18297,California
Santa Cruz,2021-01-26,1697,23789,249,9361,1448,14428,0,0,1184,15180,513,4301,1184,19481,California
Santa Cruz,2021-01-27,1653,25442,449,9810,1204,15632,0,0,1269,16067,382,4683,1269,20750,California
Santa Cruz,2021-01-28,1756,27198,291,10101,1465,17097,0,0,1479,17270,277,4960,1480,22230,California
Santa Cruz,2021-01-29,1735,28933,490,10591,1245,18342,0,0,1605,18746,129,5089,1605,23835,California
Santa Cruz,2021-01-30,1060,29993,309,10900,751,19093,0,0,926,19538,134,5223,926,24761,California
Santa Cruz,2021-01-31,222,30215,113,11013,109,19202,0,0,208,19732,14,5237,208,24969,California
Santa Cruz,2021-02-01,1234,31449,760,11773,474,19676,0,0,828,20154,406,5643,828,25797,California
Santa Cruz,2021-02-02,1009,32458,128,11901,881,20557,0,0,855,20856,153,5796,855,26652,California
Santa Cruz,2021-02-03,2240,34698,963,12864,1277,21834,0,0,1925,22470,311,6107,1925,28577,California
Santa Cruz,2021-02-04,1855,36553,774,13638,1081,22915,0,0,1517,23650,337,6444,1517,30094,California
Santa Cruz,2021-02-05,3169,39722,793,14431,2376,25291,0,0,2848,26178,320,6764,2848,32942,California
Santa Cruz,2021-02-06,2587,42309,163,14594,2424,27715,0,0,2241,28073,346,7110,2241,35183,California
Santa Cruz,2021-02-07,910,43219,122,14716,788,28503,0,0,892,28947,18,7128,892,36075,California
Santa Cruz,2021-02-08,717,43936,203,14919,514,29017,0,0,516,29263,200,7328,516,36591,California
Santa Cruz,2021-02-09,2377,46313,1055,15974,1322,30339,0,0,2109,31108,264,7592,2109,38700,California
Santa Cruz,2021-02-10,2203,48516,582,16556,1621,31960,0,0,1502,31919,692,8284,1503,40203,California
Santa Cruz,2021-02-11,1861,50377,319,16875,1542,33502,0,0,1333,32726,526,8810,1333,41536,California
Santa Cruz,2021-02-12,3230,53607,421,17296,2809,36311,0,0,1820,33147,1401,10211,1822,43358,California
Santa Cruz,2021-02-13,1713,55320,123,17419,1590,37901,0,0,1299,34032,414,10625,1299,44657,California
Santa Cruz,2021-02-14,1410,56730,70,17489,1340,39241,0,0,1146,34914,264,10889,1146,45803,California
Santa Cruz,2021-02-15,1585,58315,281,17770,1304,40545,0,0,567,34464,1018,11907,568,46371,California
Santa Cruz,2021-02-16,1698,60013,208,17978,1490,42035,0,0,539,33866,1137,13044,539,46910,California
Santa Cruz,2021-02-17,2924,62937,977,18955,1947,43982,0,0,1219,33396,1692,14736,1222,48132,California
Santa Cruz,2021-02-18,2885,65822,638,19593,2247,46229,0,0,1232,32979,1649,16385,1232,49364,California
Santa Cruz,2021-02-19,3274,69096,1148,20741,2126,48355,0,0,2012,33732,1259,17644,2012,51376,California
Santa Cruz,2021-02-20,2389,71485,1500,22241,889,49244,0,0,1892,35127,497,18141,1892,53268,California
Santa Cruz,2021-02-21,841,72326,373,22614,468,49712,0,0,713,35714,126,18267,713,53981,California
Santa Cruz,2021-02-22,1261,73587,969,23583,292,50004,0,0,537,35529,722,18989,537,54518,California
Santa Cruz,2021-02-23,2104,75691,940,24523,1164,51168,0,0,713,34852,1390,20379,713,55231,California
Santa Cruz,2021-02-24,3199,78890,1676,26199,1523,52691,0,0,1216,34090,1978,22357,1216,56447,California
Santa Cruz,2021-02-25,3249,82139,1437,27636,1812,54503,0,0,1784,34417,1458,23815,1785,58232,California
Santa Cruz,2021-02-26,2730,84869,767,28403,1963,56466,0,0,1554,34801,1172,24987,1556,59788,California
Santa Cruz,2021-02-27,2636,87505,933,29336,1703,58169,0,0,1835,35837,799,25786,1835,61623,California
Santa Cruz,2021-02-28,1301,88806,361,29697,940,59109,0,0,1085,36709,213,25999,1085,62708,California
Santa Cruz,2021-03-01,1831,90637,1256,30953,575,59684,0,0,691,36262,1138,27137,691,63399,California
Santa Cruz,2021-03-02,1562,92199,374,31327,1188,60872,0,0,884,36473,676,27813,887,64286,California
Santa Cruz,2021-03-03,2370,94569,634,31961,1736,62608,0,0,1299,36704,1068,28881,1299,65585,California
Santa Cruz,2021-03-04,3021,97590,1418,33379,1602,64210,1,1,2035,37766,975,29856,2037,67622,California
Santa Cruz,2021-03-05,2617,100207,490,33869,2109,66319,18,19,1137,37444,1477,31333,1155,68777,California
Santa Cruz,2021-03-06,3874,104081,1348,35217,2421,68740,105,124,2161,37995,1713,33046,2264,71041,California
Santa Cruz,2021-03-07,1346,105427,128,35345,1144,69884,74,198,556,37836,789,33835,630,71671,California
Santa Cruz,2021-03-08,1088,106515,219,35564,740,70624,129,327,656,38190,431,34266,785,72456,California
Santa Cruz,2021-03-09,1778,108293,245,35809,1386,72010,147,474,703,37967,1073,35339,850,73306,California
Santa Cruz,2021-03-10,3867,112160,2093,37902,1624,73634,150,624,1999,38252,1866,37205,2151,75457,California
Santa Cruz,2021-03-11,2812,114972,1220,39122,1417,75051,175,799,1547,38712,1264,38469,1724,77181,California
Santa Cruz,2021-03-12,2771,117743,892,40014,1585,76636,294,1093,912,38062,1855,40324,1205,78386,California
Santa Cruz,2021-03-13,2323,120066,1337,41351,942,77578,44,1137,1183,38154,1137,41461,1229,79615,California
Santa Cruz,2021-03-14,909,120975,219,41570,676,78254,14,1151,433,38127,473,41934,446,80061,California
Santa Cruz,2021-03-15,1358,122333,483,42053,839,79093,36,1187,583,37975,772,42706,620,80681,California
Santa Cruz,2021-03-16,2322,124655,1090,43143,1190,80283,42,1229,1341,38380,977,43683,1382,82063,California
Santa Cruz,2021-03-17,3876,128531,2237,45380,1629,81912,10,1239,2519,39559,1353,45036,2532,84595,California
Santa Cruz,2021-03-18,3871,132402,2093,47473,1658,83570,120,1359,2068,39947,1800,46836,2188,86783,California
Santa Cruz,2021-03-19,3283,135685,1323,48796,1734,85304,226,1585,1652,40198,1626,48462,1877,88660,California
Santa Cruz,2021-03-20,2171,137856,1615,50411,519,85823,37,1622,1095,40256,1074,49536,1132,89792,California
Santa Cruz,2021-03-21,831,138687,443,50854,266,86089,122,1744,448,40446,381,49917,571,90363,California
Santa Cruz,2021-03-22,1383,140070,856,51710,505,86594,22,1766,948,40986,431,50348,971,91334,California
Santa Cruz,2021-03-23,2571,142641,1446,53156,1075,87669,50,1816,1705,41878,863,51211,1755,93089,California
Santa Cruz,2021-03-24,3036,145677,2039,55195,976,88645,21,1837,1999,42865,1032,52243,2019,95108,California
Santa Cruz,2021-03-25,2658,148335,1336,56531,1286,89931,36,1873,1361,42972,1290,53533,1397,96505,California
Santa Cruz,2021-03-26,3038,151373,1834,58365,1177,91108,27,1900,2052,44072,979,54512,2079,98584,California
Santa Cruz,2021-03-27,3246,154619,2020,60385,1201,92309,25,1925,1532,43927,1705,56217,1560,100144,California
Santa Cruz,2021-03-28,932,155551,573,60958,345,92654,14,1939,495,44003,433,56650,509,100653,California
Santa Cruz,2021-03-29,1983,157534,889,61847,1026,93680,68,2007,1283,44657,697,57347,1351,102004,California
Santa Cruz,2021-03-30,2731,160265,821,62668,1746,95426,164,2171,1745,45582,983,58330,1908,103912,California
Santa Cruz,2021-03-31,4099,164364,2742,65410,1308,96734,49,2220,2110,45756,1985,60315,2159,106071,California
Santa Cruz,2021-04-01,4074,168438,2175,67585,1792,98526,107,2327,2071,45938,1998,62313,2180,108251,California
Santa Cruz,2021-04-02,3182,171620,1434,69019,1566,100092,182,2509,1770,46483,1407,63720,1952,110203,California
Santa Cruz,2021-04-03,2264,173884,1235,70254,894,100986,135,2644,893,46141,1369,65089,1027,111230,California
Santa Cruz,2021-04-04,943,174827,494,70748,393,101379,56,2700,554,46362,389,65478,610,111840,California
Santa Cruz,2021-04-05,2284,177111,797,71545,1317,102696,170,2870,1411,47073,872,66350,1583,113423,California
Santa Cruz,2021-04-06,3424,180535,1660,73205,1379,104075,385,3255,1983,48005,1431,67781,2363,115786,California
Santa Cruz,2021-04-07,4173,184708,1641,74846,2165,106240,367,3622,1878,47958,2291,70072,2244,118030,California
Santa Cruz,2021-04-08,4283,188991,2353,77199,1412,107652,518,4140,2524,49248,1750,71822,3040,121070,California
Santa Cruz,2021-04-09,3589,192580,1513,78712,1675,109327,401,4541,1981,50029,1602,73424,2383,123453,California
Santa Cruz,2021-04-10,2267,194847,1096,79808,919,110246,252,4793,1070,50157,1193,74617,1321,124774,California
Santa Cruz,2021-04-11,1002,195849,523,80331,385,110631,94,4887,485,50218,517,75134,578,125352,California
Santa Cruz,2021-04-12,2302,198151,832,81163,1039,111670,431,5318,1098,50557,1189,76323,1528,126880,California
Santa Cruz,2021-04-13,2907,201058,1466,82629,1439,113109,2,5320,1635,50929,1265,77588,1637,128517,California
Santa Cruz,2021-04-14,4657,205715,2277,84906,2380,115489,0,5320,2372,51025,2278,79866,2374,130891,California
Santa Cruz,2021-04-15,5040,210755,3219,88125,1821,117310,0,5320,3174,52344,1855,81721,3174,134065,California
Santa Cruz,2021-04-16,4430,215185,2547,90672,1881,119191,2,5322,2468,52860,1955,83676,2471,136536,California
Santa Cruz,2021-04-17,2280,217465,900,91572,1380,120571,0,5322,1516,53614,762,84438,1516,138052,California
Santa Cruz,2021-04-18,1077,218542,516,92088,560,121131,1,5323,600,53740,475,84913,601,138653,California
Santa Cruz,2021-04-19,2440,220982,1527,93615,912,122043,1,5324,1504,54311,933,85846,1504,140157,California
Santa Cruz,2021-04-20,3128,224110,1692,95307,1436,123479,0,5324,1771,54737,1346,87192,1772,141929,California
Santa Cruz,2021-04-21,4285,228395,2898,98205,1387,124866,0,5324,2415,55297,1855,89047,2415,144344,California
Santa Cruz,2021-04-22,4352,232747,2938,101143,1414,126280,0,5324,2446,55847,1896,90943,2446,146790,California
Santa Cruz,2021-04-23,3103,235850,1752,102895,1350,127630,1,5325,1398,55550,1696,92639,1399,148189,California
Santa Cruz,2021-04-24,2265,238115,1094,103989,1168,128798,3,5328,705,54708,1550,94189,708,148897,California
Santa Cruz,2021-04-25,1106,239221,709,104698,385,129183,12,5340,463,54547,635,94824,474,149371,California
Santa Cruz,2021-04-26,1829,241050,944,105642,871,130054,14,5354,692,54128,1126,95950,707,150078,California
Santa Cruz,2021-04-27,2816,243866,882,106524,1867,131921,67,5421,1402,54189,1408,97358,1469,151547,California
Santa Cruz,2021-04-28,3448,247314,1914,108438,1459,133380,75,5496,1814,54452,1623,98981,1886,153433,California
Santa Cruz,2021-04-29,3746,251060,2487,110925,1196,134576,63,5559,1295,53373,2438,101419,1359,154792,California
Santa Cruz,2021-04-30,2276,253336,1221,112146,1012,135588,43,5602,1015,53179,1253,102672,1059,155851,California
Santa Cruz,2021-05-01,1308,254644,1040,113186,235,135823,33,5635,605,53116,701,103373,638,156489,California
Santa Cruz,2021-05-02,646,255290,464,113650,157,135980,25,5660,211,52918,435,103808,237,156726,California
Santa Cruz,2021-05-03,1899,257189,1002,114652,830,136810,67,5727,630,52358,1258,105066,698,157424,California
Santa Cruz,2021-05-04,2710,259899,1582,116234,1058,137868,70,5797,871,51463,1835,106901,940,158364,California
Santa Cruz,2021-05-05,2715,262614,1329,117563,1325,139193,61,5858,680,50215,1993,108894,745,159109,California
Santa Cruz,2021-05-06,3865,266479,2466,120029,1180,140373,219,6077,869,48322,2978,111872,1085,160194,California
Santa Cruz,2021-05-07,2799,269278,1289,121318,1428,141801,82,6159,537,46683,2259,114131,620,160814,California
Santa Cruz,2021-05-08,1372,270650,691,122009,653,142454,28,6187,384,46110,987,115118,414,161228,California
Santa Cruz,2021-05-09,499,271149,330,122339,146,142600,23,6210,138,45913,358,115476,161,161389,California
Santa Cruz,2021-05-10,1539,272688,1218,123557,256,142856,65,6275,396,45236,1138,116614,461,161850,California
Santa Cruz,2021-05-11,1804,274492,1320,124877,408,143264,76,6351,623,44756,1178,117792,698,162548,California
Santa Cruz,2021-05-12,2448,276940,1234,126111,1140,144404,74,6425,501,43392,1940,119732,576,163124,California
Santa Cruz,2021-05-13,3174,280114,2450,128561,638,145042,86,6511,1272,42852,1899,121631,1359,164483,California
Santa Cruz,2021-05-14,2551,282665,1522,130083,990,146032,39,6550,1057,42468,1483,123114,1099,165582,California
Santa Cruz,2021-05-15,2243,284908,1305,131388,928,146960,10,6560,1102,42441,1139,124253,1112,166694,California
Santa Cruz,2021-05-16,401,285309,186,131574,199,147159,16,6576,113,42282,288,124541,129,166823,California
Santa Cruz,2021-05-17,565,285874,366,131940,171,147330,28,6604,350,42446,214,124755,378,167201,California
Shasta,2020-12-16,131,131,131,131,0,0,0,0,131,131,0,0,131,131,California
Shasta,2020-12-17,418,549,418,549,0,0,0,0,418,549,0,0,418,549,California
Shasta,2020-12-18,166,715,166,715,0,0,0,0,166,715,0,0,166,715,California
Shasta,2020-12-19,1,716,1,716,0,0,0,0,1,716,0,0,1,716,California
Shasta,2020-12-21,79,795,79,795,0,0,0,0,79,795,0,0,79,795,California
Shasta,2020-12-22,192,987,187,982,5,5,0,0,192,987,0,0,192,987,California
Shasta,2020-12-23,173,1160,169,1151,4,9,0,0,173,1160,0,0,173,1160,California
Shasta,2020-12-24,18,1178,18,1169,0,9,0,0,18,1178,0,0,18,1178,California
Shasta,2020-12-26,4,1182,1,1170,3,12,0,0,4,1182,0,0,4,1182,California
Shasta,2020-12-27,1,1183,0,1170,1,13,0,0,1,1183,0,0,1,1183,California
Shasta,2020-12-28,40,1223,31,1201,9,22,0,0,40,1223,0,0,40,1223,California
Shasta,2020-12-29,186,1409,185,1386,1,23,0,0,186,1409,0,0,186,1409,California
Shasta,2020-12-30,178,1587,168,1554,10,33,0,0,178,1587,0,0,178,1587,California
Shasta,2020-12-31,83,1670,2,1556,81,114,0,0,83,1670,0,0,83,1670,California
Shasta,2021-01-02,2,1672,0,1556,2,116,0,0,2,1672,0,0,2,1672,California
Shasta,2021-01-03,1,1673,1,1557,0,116,0,0,1,1673,0,0,1,1673,California
Shasta,2021-01-04,372,2045,306,1863,66,182,0,0,373,2046,0,0,373,2046,California
Shasta,2021-01-05,335,2380,314,2177,21,203,0,0,254,2219,81,81,254,2300,California
Shasta,2021-01-06,466,2846,395,2572,71,274,0,0,204,2162,261,342,204,2504,California
Shasta,2021-01-07,125,2971,36,2608,89,363,0,0,104,2245,21,363,104,2608,California
Shasta,2021-01-08,525,3496,448,3056,77,440,0,0,317,2354,208,571,317,2925,California
Shasta,2021-01-09,72,3568,63,3119,9,449,0,0,70,2422,2,573,70,2995,California
Shasta,2021-01-10,5,3573,0,3119,5,454,0,0,4,2426,1,574,5,3000,California
Shasta,2021-01-11,406,3979,184,3303,222,676,0,0,371,2762,35,609,371,3371,California
Shasta,2021-01-12,485,4464,328,3631,157,833,0,0,310,2897,175,784,310,3681,California
Shasta,2021-01-13,599,5063,267,3898,332,1165,0,0,430,3158,169,953,430,4111,California
Shasta,2021-01-14,500,5563,51,3949,449,1614,0,0,482,3622,18,971,482,4593,California
Shasta,2021-01-15,691,6254,136,4085,555,2169,0,0,689,4309,2,973,689,5282,California
Shasta,2021-01-16,897,7151,54,4139,843,3012,0,0,894,5200,3,976,894,6176,California
Shasta,2021-01-17,27,7178,6,4145,21,3033,0,0,23,5219,4,980,23,6199,California
Shasta,2021-01-18,599,7777,129,4274,470,3503,0,0,591,5802,8,988,591,6790,California
Shasta,2021-01-19,1058,8835,398,4672,660,4163,0,0,910,6564,148,1136,910,7700,California
Shasta,2021-01-20,681,9516,413,5085,268,4431,0,0,494,6876,182,1318,494,8194,California
Shasta,2021-01-21,633,10149,280,5365,353,4784,0,0,610,7463,23,1341,610,8804,California
Shasta,2021-01-22,446,10595,172,5537,274,5058,0,0,440,7897,6,1347,440,9244,California
Shasta,2021-01-23,68,10663,5,5542,63,5121,0,0,67,7963,1,1348,67,9311,California
Shasta,2021-01-24,25,10688,2,5544,23,5144,0,0,24,7986,1,1349,24,9335,California
Shasta,2021-01-25,750,11438,491,6035,259,5403,0,0,464,8165,285,1634,464,9799,California
Shasta,2021-01-26,710,12148,333,6368,377,5780,0,0,476,8409,232,1866,476,10275,California
Shasta,2021-01-27,459,12607,179,6547,280,6060,0,0,410,8770,49,1915,410,10685,California
Shasta,2021-01-28,886,13493,576,7123,310,6370,0,0,664,9212,222,2137,664,11349,California
Shasta,2021-01-29,832,14325,331,7454,501,6871,0,0,642,9665,190,2327,643,11992,California
Shasta,2021-01-30,615,14940,14,7468,601,7472,0,0,606,10262,9,2336,606,12598,California
Shasta,2021-01-31,28,14968,4,7472,24,7496,0,0,26,10286,2,2338,26,12624,California
Shasta,2021-02-01,530,15498,148,7620,382,7878,0,0,386,10528,144,2482,386,13010,California
Shasta,2021-02-02,987,16485,500,8120,487,8365,0,0,895,11333,90,2572,895,13905,California
Shasta,2021-02-03,722,17207,211,8331,511,8876,0,0,487,11585,235,2807,487,14392,California
Shasta,2021-02-04,1095,18302,675,9006,420,9296,0,0,902,12295,192,2999,902,15294,California
Shasta,2021-02-05,1241,19543,165,9171,1076,10372,0,0,1034,13123,206,3205,1034,16328,California
Shasta,2021-02-06,1744,21287,41,9212,1703,12075,0,0,1721,14821,23,3228,1721,18049,California
Shasta,2021-02-07,26,21313,3,9215,23,12098,0,0,24,14843,2,3230,24,18073,California
Shasta,2021-02-08,597,21910,168,9383,429,12527,0,0,306,14858,291,3521,306,18379,California
Shasta,2021-02-09,1125,23035,655,10038,470,12997,0,0,733,15199,392,3913,733,19112,California
Shasta,2021-02-10,1125,24160,789,10827,336,13333,0,0,600,15274,526,4439,601,19713,California
Shasta,2021-02-11,886,25046,186,11013,700,14033,0,0,364,15121,517,4956,364,20077,California
Shasta,2021-02-12,1728,26774,1147,12160,581,14614,0,0,1176,15745,552,5508,1176,21253,California
Shasta,2021-02-13,1382,28156,368,12528,1014,15628,0,0,570,15503,813,6321,571,21824,California
Shasta,2021-02-14,150,28306,4,12532,146,15774,0,0,126,15605,24,6345,126,21950,California
Shasta,2021-02-15,379,28685,90,12622,289,16063,0,0,210,15646,169,6514,210,22160,California
Shasta,2021-02-16,1196,29881,522,13144,674,16737,0,0,422,15295,773,7287,422,22582,California
Shasta,2021-02-17,1034,30915,438,13582,596,17333,0,0,414,15089,620,7907,414,22996,California
Shasta,2021-02-18,948,31863,467,14049,481,17814,0,0,460,15062,488,8395,461,23457,California
Shasta,2021-02-19,1328,33191,935,14984,393,18207,0,0,861,15456,467,8862,861,24318,California
Shasta,2021-02-20,802,33993,89,15073,713,18920,0,0,303,15260,499,9361,303,24621,California
Shasta,2021-02-21,32,34025,3,15076,29,18949,0,0,10,15248,22,9383,10,24631,California
Shasta,2021-02-22,429,34454,76,15152,353,19302,0,0,178,15176,250,9633,178,24809,California
Shasta,2021-02-23,912,35366,472,15624,440,19742,0,0,326,14918,584,10217,326,25135,California
Shasta,2021-02-24,890,36256,508,16132,382,20124,0,0,273,14575,616,10833,273,25408,California
Shasta,2021-02-25,518,36774,162,16294,356,20480,0,0,162,14382,355,11188,162,25570,California
Shasta,2021-02-26,791,37565,94,16388,697,21177,0,0,331,14255,458,11646,331,25901,California
Shasta,2021-02-27,828,38393,27,16415,801,21978,0,0,188,13805,638,12284,188,26089,California
Shasta,2021-02-28,176,38569,4,16419,172,22150,0,0,126,13881,50,12334,126,26215,California
Shasta,2021-03-01,584,39153,59,16478,525,22675,0,0,295,13888,288,12622,295,26510,California
Shasta,2021-03-02,1025,40178,473,16951,552,23227,0,0,336,13537,687,13309,336,26846,California
Shasta,2021-03-03,667,40845,168,17119,499,23726,0,0,243,13356,424,13733,243,27089,California
Shasta,2021-03-04,3020,43865,2410,19529,610,24336,0,0,1790,13918,1229,14962,1791,28880,California
Shasta,2021-03-05,1543,45408,162,19691,1352,25688,29,29,793,13989,751,15713,822,29702,California
Shasta,2021-03-06,2744,48152,387,20078,2310,27998,47,76,857,13008,1885,17598,904,30606,California
Shasta,2021-03-07,91,48243,3,20081,56,28054,32,108,37,13023,54,17652,69,30675,California
Shasta,2021-03-08,570,48813,46,20127,385,28439,139,247,157,12908,411,18063,296,30971,California
Shasta,2021-03-09,1253,50066,593,20720,482,28921,178,425,698,13228,555,18618,875,31846,California
Shasta,2021-03-10,801,50867,258,20978,341,29262,202,627,136,12901,664,19282,337,32183,California
Shasta,2021-03-11,1474,52341,471,21449,731,29993,272,899,939,13580,532,19814,1211,33394,California
Shasta,2021-03-12,1529,53870,833,22282,447,30440,249,1148,397,13093,1131,20945,644,34038,California
Shasta,2021-03-13,758,54628,425,22707,232,30672,101,1249,475,13385,282,21227,574,34612,California
Shasta,2021-03-14,1019,55647,8,22715,989,31661,22,1271,880,14149,139,21366,903,35515,California
Shasta,2021-03-15,497,56144,35,22750,362,32023,100,1371,210,14171,287,21653,309,35824,California
Shasta,2021-03-16,1134,57278,148,22898,919,32942,67,1438,850,14804,284,21937,917,36741,California
Shasta,2021-03-17,735,58013,191,23089,486,33428,58,1496,396,14925,333,22270,454,37195,California
Shasta,2021-03-18,1542,59555,586,23675,852,34280,104,1600,1116,15723,422,22692,1220,38415,California
Shasta,2021-03-19,648,60203,196,23871,396,34676,56,1656,415,15962,232,22924,471,38886,California
Shasta,2021-03-20,748,60951,490,24361,244,34920,14,1670,600,16428,148,23072,614,39500,California
Shasta,2021-03-21,312,61263,297,24658,4,34924,11,1681,286,16700,25,23097,297,39797,California
Shasta,2021-03-22,347,61610,37,24695,274,35198,36,1717,199,16788,147,23244,235,40032,California
Shasta,2021-03-23,1310,62920,652,25347,599,35797,59,1776,756,17054,549,23793,815,40847,California
Shasta,2021-03-24,608,63528,156,25503,415,36212,37,1813,365,17214,242,24035,402,41249,California
Shasta,2021-03-25,1138,64666,452,25955,665,36877,21,1834,823,17747,312,24347,845,42094,California
Shasta,2021-03-26,1837,66503,1405,27360,402,37279,30,1864,1478,18897,359,24706,1509,43603,California
Shasta,2021-03-27,1597,68100,408,27768,317,37596,872,2736,576,19323,1019,25725,1445,45048,California
Shasta,2021-03-28,405,68505,299,28067,96,37692,10,2746,302,19534,101,25826,312,45360,California
Shasta,2021-03-29,418,68923,40,28107,366,38058,12,2758,164,19457,253,26079,176,45536,California
Shasta,2021-03-30,1245,70168,766,28873,462,38520,17,2775,626,19484,616,26695,643,46179,California
Shasta,2021-03-31,620,70788,207,29080,407,38927,6,2781,383,19641,232,26927,389,46568,California
Shasta,2021-04-01,893,71681,247,29327,634,39561,12,2793,575,19911,317,27244,587,47155,California
Shasta,2021-04-02,755,72436,201,29528,501,40062,53,2846,414,20040,339,27583,468,47623,California
Shasta,2021-04-03,516,72952,363,29891,134,40196,19,2865,391,20325,125,27708,410,48033,California
Shasta,2021-04-04,291,73243,175,30066,95,40291,21,2886,216,20487,75,27783,237,48270,California
Shasta,2021-04-05,443,73686,68,30134,312,40603,63,2949,255,20617,188,27971,318,48588,California
Shasta,2021-04-06,1165,74851,486,30620,504,41107,175,3124,540,20711,620,28591,714,49302,California
Shasta,2021-04-07,656,75507,213,30833,280,41387,163,3287,259,20739,393,28984,421,49723,California
Shasta,2021-04-08,1140,76647,259,31092,726,42113,155,3442,231,20217,907,29891,385,50108,California
Shasta,2021-04-09,2581,79228,2063,33155,309,42422,209,3651,2007,21864,567,30458,2214,52322,California
Shasta,2021-04-10,879,80107,592,33747,158,42580,129,3780,266,21645,613,31071,394,52716,California
Shasta,2021-04-11,1251,81358,396,34143,835,43415,20,3800,144,20706,1103,32174,164,52880,California
Shasta,2021-04-12,339,81697,8,34151,269,43684,62,3862,98,20625,240,32414,159,53039,California
Shasta,2021-04-13,1268,82965,366,34517,900,44584,2,3864,341,20044,923,33337,342,53381,California
Shasta,2021-04-14,593,83558,143,34660,448,45032,2,3866,221,19896,371,33708,223,53604,California
Shasta,2021-04-15,1069,84627,259,34919,810,45842,0,3866,303,19436,763,34471,303,53907,California
Shasta,2021-04-16,2341,86968,1847,36766,494,46336,0,3866,936,18969,1403,35874,936,54843,California
Shasta,2021-04-17,644,87612,412,37178,232,46568,0,3866,191,18708,453,36327,192,55035,California
Shasta,2021-04-18,265,87877,240,37418,25,46593,0,3866,32,18509,231,36558,32,55067,California
Shasta,2021-04-19,380,88257,27,37445,353,46946,0,3866,161,18451,219,36777,161,55228,California
Shasta,2021-04-20,1013,89270,257,37702,756,47702,0,3866,379,18197,633,37410,379,55607,California
Shasta,2021-04-21,607,89877,221,37923,386,48088,0,3866,305,18200,302,37712,305,55912,California
Shasta,2021-04-22,966,90843,285,38208,681,48769,0,3866,301,17838,663,38375,301,56213,California
Shasta,2021-04-23,660,91503,265,38473,395,49164,0,3866,329,17837,330,38705,329,56542,California
Shasta,2021-04-24,596,92099,359,38832,236,49400,1,3867,105,17452,490,39195,105,56647,California
Shasta,2021-04-25,211,92310,182,39014,28,49428,1,3868,37,17316,174,39369,38,56685,California
Shasta,2021-04-26,484,92794,53,39067,426,49854,5,3873,338,17514,144,39513,342,57027,California
Shasta,2021-04-27,536,93330,178,39245,322,50176,36,3909,297,17609,236,39749,331,57358,California
Shasta,2021-04-28,576,93906,156,39401,387,50563,33,3942,251,17567,325,40074,283,57641,California
Shasta,2021-04-29,782,94688,120,39521,639,51202,23,3965,185,17179,596,40670,208,57849,California
Shasta,2021-04-30,2265,96953,1839,41360,395,51597,31,3996,269,15483,1996,42666,300,58149,California
Shasta,2021-05-01,223,97176,20,41380,127,51724,76,4072,95,15526,128,42794,171,58320,California
Shasta,2021-05-02,46,97222,16,41396,17,51741,13,4085,19,15531,27,42821,32,58352,California
Shasta,2021-05-03,350,97572,94,41490,230,51971,26,4111,111,15430,238,43059,137,58489,California
Shasta,2021-05-04,508,98080,173,41663,298,52269,37,4148,244,15450,261,43320,281,58770,California
Shasta,2021-05-05,432,98512,139,41802,276,52545,17,4165,201,15437,231,43551,218,58988,California
Shasta,2021-05-06,693,99205,263,42065,390,52935,40,4205,297,15387,387,43938,337,59325,California
Shasta,2021-05-07,1101,100306,731,42796,331,53266,39,4244,301,14928,799,44737,340,59665,California
Shasta,2021-05-08,166,100472,83,42879,73,53339,10,4254,97,14966,68,44805,106,59771,California
Shasta,2021-05-09,66,100538,15,42894,46,53385,5,4259,35,14975,31,44836,40,59811,California
Shasta,2021-05-10,258,100796,21,42915,189,53574,48,4307,113,14991,144,44980,160,59971,California
Shasta,2021-05-11,500,101296,162,43077,191,53765,147,4454,171,14981,328,45308,318,60289,California
Shasta,2021-05-12,342,101638,141,43218,178,53943,23,4477,117,14897,224,45532,140,60429,California
Shasta,2021-05-13,507,102145,209,43427,284,54227,14,4491,183,14772,322,45854,197,60626,California
Shasta,2021-05-14,584,102729,254,43681,305,54532,25,4516,262,14739,320,46174,287,60913,California
Shasta,2021-05-15,379,103108,116,43797,161,54693,102,4618,150,14762,228,46402,251,61164,California
Shasta,2021-05-16,129,103237,116,43913,11,54704,2,4620,105,14845,24,46426,107,61271,California
Shasta,2021-05-17,261,103498,111,44024,122,54826,28,4648,110,14832,151,46577,138,61409,California
Sierra,2020-12-18,1,1,1,1,0,0,0,0,1,1,0,0,1,1,California
Sierra,2020-12-21,2,3,2,3,0,0,0,0,2,3,0,0,2,3,California
Sierra,2020-12-22,12,15,12,15,0,0,0,0,12,15,0,0,12,15,California
Sierra,2020-12-23,4,19,4,19,0,0,0,0,4,19,0,0,4,19,California
Sierra,2020-12-28,1,20,0,19,1,1,0,0,1,20,0,0,1,20,California
Sierra,2020-12-29,49,69,7,26,42,43,0,0,49,69,0,0,49,69,California
Sierra,2020-12-30,2,71,0,26,2,45,0,0,2,71,0,0,2,71,California
Sierra,2020-12-31,13,84,0,26,13,58,0,0,13,84,0,0,13,84,California
Sierra,2021-01-01,1,85,1,27,0,58,0,0,1,85,0,0,1,85,California
Sierra,2021-01-05,64,149,2,29,62,120,0,0,64,149,0,0,64,149,California
Sierra,2021-01-06,1,150,1,30,0,120,0,0,1,150,0,0,1,150,California
Sierra,2021-01-07,21,171,1,31,20,140,0,0,20,169,1,1,20,170,California
Sierra,2021-01-08,1,172,1,32,0,140,0,0,1,170,0,1,1,171,California
Sierra,2021-01-11,3,175,3,35,0,140,0,0,0,167,3,4,0,171,California
Sierra,2021-01-12,40,215,12,47,28,168,0,0,28,183,12,16,28,199,California
Sierra,2021-01-13,4,219,3,50,1,169,0,0,1,181,3,19,1,200,California
Sierra,2021-01-14,35,254,2,52,33,202,0,0,35,216,0,19,35,235,California
Sierra,2021-01-15,3,257,1,53,2,204,0,0,3,219,0,19,3,238,California
Sierra,2021-01-18,2,259,0,53,2,206,0,0,2,221,0,19,2,240,California
Sierra,2021-01-19,32,291,0,53,32,238,0,0,32,253,0,19,32,272,California
Sierra,2021-01-20,1,292,1,54,0,238,0,0,1,254,0,19,1,273,California
Sierra,2021-01-21,52,344,0,54,52,290,0,0,52,306,0,19,52,325,California
Sierra,2021-01-22,2,346,0,54,2,292,0,0,2,308,0,19,2,327,California
Sierra,2021-01-23,2,348,0,54,2,294,0,0,2,310,0,19,2,329,California
Sierra,2021-01-26,62,410,0,54,62,356,0,0,24,296,38,57,24,353,California
Sierra,2021-01-27,4,414,4,58,0,356,0,0,0,292,4,61,0,353,California
Sierra,2021-01-28,53,467,0,58,53,409,0,0,43,325,10,71,43,396,California
Sierra,2021-01-29,2,469,0,58,2,411,0,0,2,327,0,71,2,398,California
Sierra,2021-01-30,3,472,3,61,0,411,0,0,2,328,1,72,2,400,California
Sierra,2021-02-01,1,473,0,61,1,412,0,0,0,327,1,73,0,400,California
Sierra,2021-02-02,58,531,1,62,57,469,0,0,19,307,39,112,19,419,California
Sierra,2021-02-03,6,537,5,67,1,470,0,0,5,311,1,113,5,424,California
Sierra,2021-02-04,103,640,5,72,98,568,0,0,54,316,49,162,54,478,California
Sierra,2021-02-05,6,646,4,76,2,570,0,0,5,320,1,163,5,483,California
Sierra,2021-02-09,51,697,0,76,51,621,0,0,48,365,3,166,48,531,California
Sierra,2021-02-10,5,702,2,78,3,624,0,0,4,368,1,167,4,535,California
Sierra,2021-02-11,196,898,1,79,195,819,0,0,134,440,62,229,134,669,California
Sierra,2021-02-12,20,918,0,79,20,839,0,0,20,460,0,229,20,689,California
Sierra,2021-02-13,1,919,1,80,0,839,0,0,1,461,0,229,1,690,California
Sierra,2021-02-15,2,921,2,82,0,839,0,0,0,459,2,231,0,690,California
Sierra,2021-02-16,43,964,0,82,43,882,0,0,10,436,33,264,10,700,California
Sierra,2021-02-17,4,968,0,82,4,886,0,0,1,434,3,267,1,701,California
Sierra,2021-02-18,140,1108,0,82,140,1026,0,0,91,476,49,316,91,792,California
Sierra,2021-02-19,2,1110,1,83,1,1027,0,0,1,476,1,317,1,793,California
Sierra,2021-02-20,2,1112,2,85,0,1027,0,0,0,474,2,319,0,793,California
Sierra,2021-02-22,1,1113,1,86,0,1027,0,0,1,475,0,319,1,794,California
Sierra,2021-02-23,4,1117,0,86,4,1031,0,0,4,479,0,319,4,798,California
Sierra,2021-02-24,3,1120,2,88,1,1032,0,0,3,482,0,319,3,801,California
Sierra,2021-02-25,125,1245,2,90,123,1155,0,0,58,474,66,385,58,859,California
Sierra,2021-02-26,11,1256,6,96,5,1160,0,0,4,471,7,392,4,863,California
Sierra,2021-02-27,2,1258,2,98,0,1160,0,0,0,469,2,394,0,863,California
Sierra,2021-03-01,2,1260,2,100,0,1160,0,0,0,467,2,396,0,863,California
Sierra,2021-03-02,56,1316,0,100,56,1216,0,0,38,487,18,414,38,901,California
Sierra,2021-03-03,2,1318,2,102,0,1216,0,0,1,487,1,415,1,902,California
Sierra,2021-03-04,109,1427,0,102,109,1325,0,0,60,498,49,464,60,962,California
Sierra,2021-03-05,13,1440,1,103,12,1337,0,0,11,507,2,466,11,973,California
Sierra,2021-03-07,1,1441,1,104,0,1337,0,0,0,506,1,467,0,973,California
Sierra,2021-03-08,2,1443,2,106,0,1337,0,0,2,508,0,467,2,975,California
Sierra,2021-03-09,56,1499,0,106,56,1393,0,0,12,476,44,511,12,987,California
Sierra,2021-03-10,6,1505,0,106,6,1399,0,0,4,478,2,513,4,991,California
Sierra,2021-03-11,176,1681,0,106,176,1575,0,0,44,390,132,645,44,1035,California
Sierra,2021-03-12,20,1701,1,107,19,1594,0,0,0,370,20,665,0,1035,California
Sierra,2021-03-13,28,1729,0,107,28,1622,0,0,28,398,0,665,28,1063,California
Sierra,2021-03-14,1,1730,0,107,0,1622,1,1,0,398,1,666,1,1064,California
Sierra,2021-03-15,1,1731,1,108,0,1622,0,1,0,397,1,667,0,1064,California
Sierra,2021-03-16,35,1766,0,108,34,1656,1,2,22,407,13,680,23,1087,California
Sierra,2021-03-17,4,1770,3,111,1,1657,0,2,1,405,3,683,1,1088,California
Sierra,2021-03-18,158,1928,0,111,158,1815,0,2,65,377,93,776,65,1153,California
Sierra,2021-03-19,4,1932,2,113,2,1817,0,2,1,375,3,779,1,1154,California
Sierra,2021-03-20,1,1933,0,113,1,1818,0,2,1,376,0,779,1,1155,California
Sierra,2021-03-23,22,1955,0,113,22,1840,0,2,13,380,9,788,13,1168,California
Sierra,2021-03-24,3,1958,1,114,2,1842,0,2,1,379,2,790,1,1169,California
Sierra,2021-03-25,99,2057,1,115,98,1940,0,2,50,380,49,839,50,1219,California
Sierra,2021-03-26,12,2069,1,116,11,1951,0,2,9,386,3,842,9,1228,California
Sierra,2021-03-27,2,2071,1,117,1,1952,0,2,0,384,2,844,0,1228,California
Sierra,2021-03-29,1,2072,1,118,0,1952,0,2,0,383,1,845,0,1228,California
Sierra,2021-03-30,55,2127,1,119,54,2006,0,2,22,372,33,878,22,1250,California
Sierra,2021-03-31,8,2135,0,119,8,2014,0,2,8,380,0,878,8,1258,California
Sierra,2021-04-01,64,2199,2,121,62,2076,0,2,6,330,56,934,6,1264,California
Sierra,2021-04-02,3,2202,2,123,1,2077,0,2,2,331,1,935,2,1266,California
Sierra,2021-04-04,1,2203,0,123,1,2078,0,2,0,331,0,935,0,1266,California
Sierra,2021-04-06,10,2213,0,123,10,2088,0,2,0,321,10,945,0,1266,California
Sierra,2021-04-07,14,2227,3,126,6,2094,5,7,3,319,10,955,8,1274,California
Sierra,2021-04-08,54,2281,2,128,52,2146,0,7,16,297,38,993,16,1290,California
Sierra,2021-04-09,2,2283,2,130,0,2146,0,7,1,297,1,994,1,1291,California
Sierra,2021-04-10,27,2310,0,130,27,2173,0,7,0,270,27,1021,0,1291,California
Sierra,2021-04-13,45,2355,0,130,45,2218,0,7,5,235,40,1061,5,1296,California
Sierra,2021-04-14,1,2356,0,130,1,2219,0,7,1,236,0,1061,1,1297,California
Sierra,2021-04-15,49,2405,1,131,48,2267,0,7,2,191,47,1108,2,1299,California
Sierra,2021-04-16,1,2406,0,131,1,2268,0,7,1,192,0,1108,1,1300,California
Sierra,2021-04-17,2,2408,1,132,1,2269,0,7,1,192,1,1109,1,1301,California
Sierra,2021-04-19,1,2409,1,133,0,2269,0,7,0,191,1,1110,0,1301,California
Sierra,2021-04-20,34,2443,1,134,33,2302,0,7,7,171,27,1137,7,1308,California
Sierra,2021-04-21,2,2445,1,135,1,2303,0,7,1,171,1,1138,1,1309,California
Sierra,2021-04-22,65,2510,2,137,63,2366,0,7,5,117,59,1197,5,1314,California
Sierra,2021-04-23,13,2523,0,137,13,2379,0,7,5,114,8,1205,5,1319,California
Sierra,2021-04-24,4,2527,0,137,4,2383,0,7,4,118,0,1205,4,1323,California
Sierra,2021-04-25,1,2528,1,138,0,2383,0,7,1,119,0,1205,1,1324,California
Sierra,2021-04-27,28,2556,1,139,27,2410,0,7,5,101,23,1228,5,1329,California
Sierra,2021-04-28,10,2566,2,141,8,2418,0,7,1,93,9,1237,1,1330,California
Sierra,2021-04-29,20,2586,2,143,18,2436,0,7,14,101,6,1243,14,1344,California
Sierra,2021-04-30,4,2590,2,145,2,2438,0,7,2,101,2,1245,2,1346,California
Sierra,2021-05-03,1,2591,1,146,0,2438,0,7,1,102,0,1245,1,1347,California
Sierra,2021-05-05,23,2614,0,146,23,2461,0,7,8,95,15,1260,8,1355,California
Sierra,2021-05-06,1,2615,1,147,0,2461,0,7,0,94,1,1261,0,1355,California
Sierra,2021-05-07,1,2616,1,148,0,2461,0,7,1,95,0,1261,1,1356,California
Sierra,2021-05-08,1,2617,0,148,0,2461,1,8,0,95,1,1262,1,1357,California
Sierra,2021-05-11,11,2628,0,148,4,2465,7,15,0,91,11,1273,7,1364,California
Sierra,2021-05-12,10,2638,1,149,9,2474,0,15,7,95,3,1276,7,1371,California
Sierra,2021-05-13,4,2642,3,152,1,2475,0,15,3,97,1,1277,3,1374,California
Sierra,2021-05-14,6,2648,2,154,4,2479,0,15,5,101,1,1278,5,1379,California
Sierra,2021-05-15,1,2649,0,154,0,2479,1,16,0,101,1,1279,1,1380,California
Sierra,2021-05-17,1,2650,0,154,1,2480,0,16,0,100,1,1280,0,1380,California
Siskiyou,2020-12-16,2,2,2,2,0,0,0,0,2,2,0,0,2,2,California
Siskiyou,2020-12-17,4,6,4,6,0,0,0,0,4,6,0,0,4,6,California
Siskiyou,2020-12-18,2,8,2,8,0,0,0,0,2,8,0,0,2,8,California
Siskiyou,2020-12-19,4,12,4,12,0,0,0,0,4,12,0,0,4,12,California
Siskiyou,2020-12-20,1,13,1,13,0,0,0,0,1,13,0,0,1,13,California
Siskiyou,2020-12-21,132,145,132,145,0,0,0,0,132,145,0,0,132,145,California
Siskiyou,2020-12-22,158,303,158,303,0,0,0,0,158,303,0,0,158,303,California
Siskiyou,2020-12-23,142,445,142,445,0,0,0,0,142,445,0,0,142,445,California
Siskiyou,2020-12-24,5,450,5,450,0,0,0,0,5,450,0,0,5,450,California
Siskiyou,2020-12-26,2,452,0,450,2,2,0,0,2,452,0,0,2,452,California
Siskiyou,2020-12-27,2,454,0,450,2,4,0,0,2,454,0,0,2,454,California
Siskiyou,2020-12-28,3,457,1,451,2,6,0,0,3,457,0,0,3,457,California
Siskiyou,2020-12-29,6,463,2,453,4,10,0,0,6,463,0,0,6,463,California
Siskiyou,2020-12-30,98,561,3,456,95,105,0,0,98,561,0,0,98,561,California
Siskiyou,2020-12-31,12,573,0,456,12,117,0,0,12,573,0,0,12,573,California
Siskiyou,2021-01-02,1,574,1,457,0,117,0,0,1,574,0,0,1,574,California
Siskiyou,2021-01-03,1,575,0,457,1,118,0,0,1,575,0,0,1,575,California
Siskiyou,2021-01-04,130,705,3,460,127,245,0,0,130,705,0,0,130,705,California
Siskiyou,2021-01-05,116,821,4,464,112,357,0,0,115,819,1,1,115,820,California
Siskiyou,2021-01-06,59,880,6,470,53,410,0,0,55,870,4,5,55,875,California
Siskiyou,2021-01-07,177,1057,4,474,173,583,0,0,176,1045,1,6,176,1051,California
Siskiyou,2021-01-08,41,1098,3,477,38,621,0,0,39,1082,2,8,39,1090,California
Siskiyou,2021-01-09,2,1100,2,479,0,621,0,0,0,1080,2,10,0,1090,California
Siskiyou,2021-01-11,226,1326,65,544,161,782,0,0,163,1180,63,73,163,1253,California
Siskiyou,2021-01-12,322,1648,274,818,48,830,0,0,89,1037,233,306,90,1343,California
Siskiyou,2021-01-13,157,1805,137,955,20,850,0,0,23,926,134,440,23,1366,California
Siskiyou,2021-01-14,26,1831,1,956,25,875,0,0,25,950,1,441,25,1391,California
Siskiyou,2021-01-15,35,1866,3,959,32,907,0,0,35,985,0,441,35,1426,California
Siskiyou,2021-01-16,7,1873,2,961,5,912,0,0,7,992,0,441,7,1433,California
Siskiyou,2021-01-17,1,1874,1,962,0,912,0,0,0,991,1,442,0,1433,California
Siskiyou,2021-01-18,77,1951,4,966,73,985,0,0,75,1064,2,444,75,1508,California
Siskiyou,2021-01-19,21,1972,1,967,20,1005,0,0,20,1083,1,445,20,1528,California
Siskiyou,2021-01-20,47,2019,35,1002,12,1017,0,0,43,1122,4,449,43,1571,California
Siskiyou,2021-01-21,42,2061,1,1003,41,1058,0,0,42,1164,0,449,42,1613,California
Siskiyou,2021-01-22,1327,3388,1175,2178,152,1210,0,0,1327,2491,0,449,1327,2940,California
Siskiyou,2021-01-23,5,3393,1,2179,4,1214,0,0,2,2490,3,452,2,2942,California
Siskiyou,2021-01-25,182,3575,8,2187,174,1388,0,0,178,2664,4,456,178,3120,California
Siskiyou,2021-01-26,148,3723,3,2190,145,1533,0,0,140,2796,8,464,140,3260,California
Siskiyou,2021-01-27,181,3904,1,2191,180,1713,0,0,126,2867,55,519,126,3386,California
Siskiyou,2021-01-28,231,4135,117,2308,114,1827,0,0,225,3086,6,525,225,3611,California
Siskiyou,2021-01-29,249,4384,3,2311,246,2073,0,0,247,3331,2,527,247,3858,California
Siskiyou,2021-01-30,3,4387,2,2313,1,2074,0,0,3,3334,0,527,3,3861,California
Siskiyou,2021-02-01,195,4582,3,2316,192,2266,0,0,105,3349,90,617,105,3966,California
Siskiyou,2021-02-02,289,4871,45,2361,244,2510,0,0,147,3354,142,759,147,4113,California
Siskiyou,2021-02-03,314,5185,1,2362,313,2823,0,0,264,3568,50,809,264,4377,California
Siskiyou,2021-02-04,322,5507,7,2369,315,3138,0,0,200,3646,122,931,200,4577,California
Siskiyou,2021-02-05,512,6019,4,2373,508,3646,0,0,348,3830,164,1095,348,4925,California
Siskiyou,2021-02-06,15,6034,0,2373,15,3661,0,0,15,3845,0,1095,15,4940,California
Siskiyou,2021-02-07,3,6037,2,2375,1,3662,0,0,3,3848,0,1095,3,4943,California
Siskiyou,2021-02-08,221,6258,5,2380,216,3878,0,0,216,4059,5,1100,216,5159,California
Siskiyou,2021-02-09,196,6454,4,2384,192,4070,0,0,163,4189,33,1133,163,5322,California
Siskiyou,2021-02-10,370,6824,40,2424,330,4400,0,0,317,4454,52,1185,317,5639,California
Siskiyou,2021-02-11,190,7014,1,2425,189,4589,0,0,174,4612,16,1201,174,5813,California
Siskiyou,2021-02-12,1690,8704,1198,3623,492,5081,0,0,501,3924,1189,2390,501,6314,California
Siskiyou,2021-02-13,36,8740,2,3625,34,5115,0,0,32,3952,4,2394,32,6346,California
Siskiyou,2021-02-14,5,8745,1,3626,4,5119,0,0,5,3957,0,2394,5,6351,California
Siskiyou,2021-02-15,107,8852,10,3636,97,5216,0,0,105,4060,2,2396,105,6456,California
Siskiyou,2021-02-16,114,8966,2,3638,112,5328,0,0,99,4144,15,2411,99,6555,California
Siskiyou,2021-02-17,185,9151,15,3653,170,5498,0,0,171,4301,14,2425,171,6726,California
Siskiyou,2021-02-18,221,9372,88,3741,133,5631,0,0,98,4276,123,2548,98,6824,California
Siskiyou,2021-02-19,71,9443,34,3775,37,5668,0,0,34,4273,37,2585,34,6858,California
Siskiyou,2021-02-20,21,9464,3,3778,18,5686,0,0,17,4286,4,2589,17,6875,California
Siskiyou,2021-02-21,1,9465,1,3779,0,5686,0,0,1,4287,0,2589,1,6876,California
Siskiyou,2021-02-22,124,9589,1,3780,123,5809,0,0,18,4199,106,2695,18,6894,California
Siskiyou,2021-02-23,197,9786,15,3795,182,5991,0,0,53,4108,144,2839,53,6947,California
Siskiyou,2021-02-24,147,9933,4,3799,143,6134,0,0,35,4031,112,2951,35,6982,California
Siskiyou,2021-02-25,301,10234,24,3823,277,6411,0,0,155,4040,146,3097,155,7137,California
Siskiyou,2021-02-26,670,10904,11,3834,659,7070,0,0,368,4106,302,3399,368,7505,California
Siskiyou,2021-02-27,33,10937,5,3839,28,7098,0,0,28,4129,5,3404,28,7533,California
Siskiyou,2021-02-28,5,10942,4,3843,1,7099,0,0,4,4132,1,3405,4,7537,California
Siskiyou,2021-03-01,280,11222,6,3849,274,7373,0,0,50,3952,230,3635,50,7587,California
Siskiyou,2021-03-02,190,11412,1,3850,189,7562,0,0,70,3902,120,3755,70,7657,California
Siskiyou,2021-03-03,343,11755,7,3857,336,7898,0,0,153,3865,190,3945,153,7810,California
Siskiyou,2021-03-04,794,12549,621,4478,173,8071,0,0,637,4345,157,4102,637,8447,California
Siskiyou,2021-03-05,326,12875,6,4484,309,8380,11,11,105,4243,218,4320,116,8563,California
Siskiyou,2021-03-06,43,12918,3,4487,33,8413,7,18,28,4263,15,4335,35,8598,California
Siskiyou,2021-03-07,12,12930,4,4491,0,8413,8,26,3,4265,9,4344,11,8609,California
Siskiyou,2021-03-08,361,13291,31,4522,295,8708,35,61,59,4057,302,4646,94,8703,California
Siskiyou,2021-03-09,164,13455,2,4524,108,8816,54,115,57,4061,107,4753,111,8814,California
Siskiyou,2021-03-10,221,13676,7,4531,184,9000,30,145,31,3932,190,4943,61,8875,California
Siskiyou,2021-03-11,475,14151,206,4737,222,9222,47,192,275,4055,199,5142,322,9197,California
Siskiyou,2021-03-12,647,14798,141,4878,467,9689,39,231,184,3817,461,5603,223,9420,California
Siskiyou,2021-03-13,428,15226,381,5259,24,9713,23,254,382,4176,46,5649,405,9825,California
Siskiyou,2021-03-14,20,15246,1,5260,3,9716,16,270,2,4176,18,5667,18,9843,California
Siskiyou,2021-03-15,454,15700,258,5518,176,9892,20,290,322,4386,132,5799,342,10185,California
Siskiyou,2021-03-16,255,15955,32,5550,206,10098,17,307,140,4429,114,5913,157,10342,California
Siskiyou,2021-03-17,202,16157,9,5559,185,10283,8,315,34,4303,168,6081,42,10384,California
Siskiyou,2021-03-18,926,17083,788,6347,126,10409,12,327,810,5009,116,6197,822,11206,California
Siskiyou,2021-03-19,68,17151,10,6357,45,10454,13,340,20,4994,48,6245,33,11239,California
Siskiyou,2021-03-20,30,17181,7,6364,18,10472,5,345,6,4981,24,6269,11,11250,California
Siskiyou,2021-03-21,10,17191,4,6368,1,10473,5,350,4,4984,6,6275,9,11259,California
Siskiyou,2021-03-22,208,17399,21,6389,165,10638,22,372,145,5091,60,6335,167,11426,California
Siskiyou,2021-03-23,196,17595,19,6408,167,10805,10,382,141,5187,55,6390,151,11577,California
Siskiyou,2021-03-24,140,17735,47,6455,93,10898,0,382,115,5277,25,6415,115,11692,California
Siskiyou,2021-03-25,572,18307,320,6775,249,11147,3,385,400,5508,172,6587,403,12095,California
Siskiyou,2021-03-26,305,18612,35,6810,270,11417,0,385,104,5413,199,6786,104,12199,California
Siskiyou,2021-03-27,37,18649,4,6814,28,11445,5,390,9,5399,28,6814,14,12213,California
Siskiyou,2021-03-28,8,18657,7,6821,1,11446,0,390,5,5401,3,6817,5,12218,California
Siskiyou,2021-03-29,98,18755,11,6832,85,11531,2,392,47,5400,50,6867,49,12267,California
Siskiyou,2021-03-30,102,18857,7,6839,94,11625,1,393,41,5381,61,6928,42,12309,California
Siskiyou,2021-03-31,189,19046,20,6859,166,11791,3,396,49,5295,139,7067,53,12362,California
Siskiyou,2021-04-01,830,19876,672,7531,158,11949,0,396,214,4893,616,7683,214,12576,California
Siskiyou,2021-04-02,347,20223,197,7728,146,12095,4,400,66,4684,279,7962,70,12646,California
Siskiyou,2021-04-03,26,20249,5,7733,14,12109,7,407,5,4675,21,7983,12,12658,California
Siskiyou,2021-04-04,1,20250,1,7734,0,12109,0,407,0,4674,1,7984,0,12658,California
Siskiyou,2021-04-05,437,20687,331,8065,80,12189,26,433,26,4316,410,8394,52,12710,California
Siskiyou,2021-04-06,220,20907,36,8101,130,12319,54,487,125,4400,94,8488,178,12888,California
Siskiyou,2021-04-07,117,21024,11,8112,64,12383,42,529,67,4459,50,8538,109,12997,California
Siskiyou,2021-04-08,349,21373,183,8295,125,12508,41,570,62,4275,287,8825,103,13100,California
Siskiyou,2021-04-09,546,21919,379,8674,130,12638,37,607,83,3934,462,9287,121,13221,California
Siskiyou,2021-04-10,46,21965,6,8680,3,12641,37,644,7,3939,39,9326,44,13265,California
Siskiyou,2021-04-11,8,21973,5,8685,1,12642,2,646,2,3937,6,9332,4,13269,California
Siskiyou,2021-04-12,129,22102,25,8710,103,12745,1,647,49,3907,80,9412,50,13319,California
Siskiyou,2021-04-13,204,22306,36,8746,167,12912,1,648,78,3860,126,9538,79,13398,California
Siskiyou,2021-04-14,157,22463,65,8811,92,13004,0,648,86,3877,69,9607,86,13484,California
Siskiyou,2021-04-15,1115,23578,955,9766,160,13164,0,648,434,3631,680,10287,434,13918,California
Siskiyou,2021-04-16,297,23875,207,9973,90,13254,0,648,266,3867,30,10317,266,14184,California
Siskiyou,2021-04-17,11,23886,8,9981,3,13257,0,648,7,3870,4,10321,7,14191,California
Siskiyou,2021-04-18,6,23892,3,9984,3,13260,0,648,2,3868,4,10325,2,14193,California
Siskiyou,2021-04-19,128,24020,25,10009,103,13363,0,648,45,3830,83,10408,45,14238,California
Siskiyou,2021-04-20,237,24257,5,10014,232,13595,0,648,94,3781,143,10551,94,14332,California
Siskiyou,2021-04-21,94,24351,10,10024,84,13679,0,648,25,3737,69,10620,25,14357,California
Siskiyou,2021-04-22,415,24766,302,10326,113,13792,0,648,50,3422,365,10985,50,14407,California
Siskiyou,2021-04-23,171,24937,13,10339,158,13950,0,648,149,3550,21,11006,149,14556,California
Siskiyou,2021-04-24,27,24964,4,10343,23,13973,0,648,19,3561,8,11014,19,14575,California
Siskiyou,2021-04-25,3,24967,0,10343,3,13976,0,648,3,3564,0,11014,3,14578,California
Siskiyou,2021-04-26,101,25068,7,10350,89,14065,5,653,25,3518,76,11090,30,14608,California
Siskiyou,2021-04-27,104,25172,4,10354,98,14163,2,655,84,3587,17,11107,86,14694,California
Siskiyou,2021-04-28,110,25282,8,10362,94,14257,8,663,52,3589,58,11165,60,14754,California
Siskiyou,2021-04-29,105,25387,14,10376,91,14348,0,663,25,3534,80,11245,25,14779,California
Siskiyou,2021-04-30,101,25488,20,10396,80,14428,1,664,44,3524,54,11299,44,14823,California
Siskiyou,2021-05-01,11,25499,7,10403,1,14429,3,667,7,3530,4,11303,10,14833,California
Siskiyou,2021-05-02,11,25510,5,10408,6,14435,0,667,9,3537,2,11305,9,14842,California
Siskiyou,2021-05-03,110,25620,23,10431,85,14520,2,669,47,3523,63,11368,49,14891,California
Siskiyou,2021-05-04,113,25733,6,10437,105,14625,2,671,60,3533,52,11420,62,14953,California
Siskiyou,2021-05-05,117,25850,21,10458,87,14712,9,680,39,3504,77,11497,48,15001,California
Siskiyou,2021-05-06,364,26214,293,10751,65,14777,6,686,187,3520,177,11674,193,15194,California
Siskiyou,2021-05-07,309,26523,219,10970,85,14862,5,691,33,3283,275,11949,38,15232,California
Siskiyou,2021-05-08,24,26547,4,10974,19,14881,1,692,18,3296,6,11955,19,15251,California
Siskiyou,2021-05-09,1,26548,0,10974,1,14882,0,692,0,3295,1,11956,0,15251,California
Siskiyou,2021-05-10,67,26615,36,11010,30,14912,1,693,20,3269,47,12003,21,15272,California
Siskiyou,2021-05-11,80,26695,4,11014,71,14983,5,698,46,3286,34,12037,51,15323,California
Siskiyou,2021-05-12,53,26748,4,11018,45,15028,4,702,16,3269,37,12074,20,15343,California
Siskiyou,2021-05-13,71,26819,28,11046,35,15063,8,710,30,3266,41,12115,38,15381,California
Siskiyou,2021-05-14,153,26972,79,11125,73,15136,1,711,91,3297,61,12176,92,15473,California
Siskiyou,2021-05-15,40,27012,14,11139,24,15160,2,713,33,3326,6,12182,35,15508,California
Siskiyou,2021-05-16,3,27015,0,11139,3,15163,0,713,2,3327,1,12183,2,15510,California
Siskiyou,2021-05-17,24,27039,1,11140,23,15186,0,713,5,3313,19,12202,5,15515,California
Solano,2020-12-15,4,4,4,4,0,0,0,0,4,4,0,0,4,4,California
Solano,2020-12-16,71,75,71,75,0,0,0,0,71,75,0,0,71,75,California
Solano,2020-12-17,154,229,154,229,0,0,0,0,154,229,0,0,154,229,California
Solano,2020-12-18,445,674,444,673,1,1,0,0,445,674,0,0,445,674,California
Solano,2020-12-19,518,1192,518,1191,0,1,0,0,518,1192,0,0,518,1192,California
Solano,2020-12-20,355,1547,353,1544,2,3,0,0,355,1547,0,0,355,1547,California
Solano,2020-12-21,573,2120,571,2115,2,5,0,0,573,2120,0,0,573,2120,California
Solano,2020-12-22,663,2783,630,2745,33,38,0,0,663,2783,0,0,663,2783,California
Solano,2020-12-23,861,3644,773,3518,88,126,0,0,860,3643,0,0,860,3643,California
Solano,2020-12-24,422,4066,171,3689,251,377,0,0,422,4065,0,0,422,4065,California
Solano,2020-12-25,10,4076,2,3691,8,385,0,0,10,4075,0,0,10,4075,California
Solano,2020-12-26,175,4251,48,3739,127,512,0,0,175,4250,0,0,175,4250,California
Solano,2020-12-27,104,4355,29,3768,75,587,0,0,104,4354,0,0,104,4354,California
Solano,2020-12-28,862,5217,420,4188,442,1029,0,0,862,5216,0,0,862,5216,California
Solano,2020-12-29,898,6115,376,4564,522,1551,0,0,898,6114,0,0,898,6114,California
Solano,2020-12-30,1237,7352,600,5164,637,2188,0,0,1237,7351,0,0,1237,7351,California
Solano,2020-12-31,537,7889,137,5301,400,2588,0,0,537,7888,0,0,537,7888,California
Solano,2021-01-01,14,7903,13,5314,1,2589,0,0,14,7902,0,0,14,7902,California
Solano,2021-01-02,213,8116,165,5479,48,2637,0,0,213,8115,0,0,213,8115,California
Solano,2021-01-03,57,8173,40,5519,17,2654,0,0,52,8167,0,0,52,8167,California
Solano,2021-01-04,451,8624,246,5765,205,2859,0,0,441,8605,3,3,441,8608,California
Solano,2021-01-05,730,9354,377,6142,353,3212,0,0,576,9032,149,152,576,9184,California
Solano,2021-01-06,845,10199,437,6579,408,3620,0,0,582,9353,261,413,582,9766,California
Solano,2021-01-07,1069,11268,684,7263,385,4005,0,0,612,9511,455,868,613,10379,California
Solano,2021-01-08,1140,12408,778,8041,362,4367,0,0,547,9485,575,1443,549,10928,California
Solano,2021-01-09,886,13294,763,8804,123,4490,0,0,429,9460,454,1897,429,11357,California
Solano,2021-01-10,254,13548,194,8998,60,4550,0,0,152,9510,102,1999,152,11509,California
Solano,2021-01-11,1330,14878,1119,10117,211,4761,0,0,813,9806,517,2516,813,12322,California
Solano,2021-01-12,1571,16449,1171,11288,400,5161,0,0,1020,10277,550,3066,1021,13343,California
Solano,2021-01-13,1468,17917,1007,12295,461,5622,0,0,1209,11229,257,3323,1209,14552,California
Solano,2021-01-14,1888,19805,816,13111,1072,6694,0,0,1574,12489,314,3637,1574,16126,California
Solano,2021-01-15,1695,21500,1060,14171,635,7329,0,0,1397,13588,298,3935,1397,17523,California
Solano,2021-01-16,1288,22788,902,15073,386,7715,0,0,1113,14526,175,4110,1113,18636,California
Solano,2021-01-17,1046,23834,762,15835,284,7999,0,0,1027,15534,19,4129,1027,19663,California
Solano,2021-01-18,1414,25248,856,16691,558,8557,0,0,1297,16716,117,4246,1299,20962,California
Solano,2021-01-19,1652,26900,1340,18031,312,8869,0,0,1380,17825,271,4517,1380,22342,California
Solano,2021-01-20,2033,28933,1422,19453,611,9480,0,0,1546,18887,484,5001,1546,23888,California
Solano,2021-01-21,3177,32110,1011,20464,2166,11646,0,0,2825,21361,352,5353,2826,26714,California
Solano,2021-01-22,1774,33884,846,21310,928,12574,0,0,1584,22755,190,5543,1584,28298,California
Solano,2021-01-23,737,34621,243,21553,494,13068,0,0,532,23082,206,5749,533,28831,California
Solano,2021-01-24,404,35025,61,21614,343,13411,0,0,337,23352,67,5816,337,29168,California
Solano,2021-01-25,1664,36689,628,22242,1036,14447,0,0,1110,23910,553,6369,1111,30279,California
Solano,2021-01-26,1773,38462,738,22980,1035,15482,0,0,1142,24423,630,6999,1143,31422,California
Solano,2021-01-27,1796,40258,726,23706,1070,16552,0,0,1183,25006,600,7599,1183,32605,California
Solano,2021-01-28,1959,42217,707,24413,1252,17804,0,0,1366,25781,592,8191,1367,33972,California
Solano,2021-01-29,1702,43919,785,25198,917,18721,0,0,1345,26771,355,8546,1345,35317,California
Solano,2021-01-30,713,44632,221,25419,492,19213,0,0,552,27162,161,8707,552,35869,California
Solano,2021-01-31,484,45116,394,25813,90,19303,0,0,229,27137,255,8962,230,36099,California
Solano,2021-02-01,1509,46625,988,26801,521,19824,0,0,767,27165,739,9701,767,36866,California
Solano,2021-02-02,3358,49983,1113,27914,2245,22069,0,0,2528,28867,826,10527,2528,39394,California
Solano,2021-02-03,2267,52250,1309,29223,958,23027,0,0,1163,28930,1100,11627,1163,40557,California
Solano,2021-02-04,1803,54053,912,30135,891,23918,0,0,1077,29286,721,12348,1077,41634,California
Solano,2021-02-05,3095,57148,1418,31553,1677,25595,0,0,2091,30381,996,13344,2091,43725,California
Solano,2021-02-06,3052,60200,1169,32722,1883,27478,0,0,2237,31807,811,14155,2237,45962,California
Solano,2021-02-07,847,61047,783,33505,64,27542,0,0,231,31422,616,14771,231,46193,California
Solano,2021-02-08,1751,62798,1234,34739,517,28059,0,0,710,31093,1039,15810,710,46903,California
Solano,2021-02-09,1949,64747,1486,36225,463,28522,0,0,699,30543,1249,17059,699,47602,California
Solano,2021-02-10,2266,67013,1497,37722,769,29291,0,0,821,29919,1445,18504,821,48423,California
Solano,2021-02-11,2503,69516,1488,39210,1015,30306,0,0,1198,29822,1295,19799,1198,49621,California
Solano,2021-02-12,4210,73726,1619,40829,2591,32897,0,0,2866,31351,1337,21136,2866,52487,California
Solano,2021-02-13,2866,76592,249,41078,2617,35514,0,0,2452,33392,411,21547,2452,54939,California
Solano,2021-02-14,704,77296,202,41280,502,36016,0,0,412,33515,290,21837,413,55352,California
Solano,2021-02-15,1314,78610,324,41604,990,37006,0,0,679,33560,634,22471,679,56031,California
Solano,2021-02-16,2560,81170,1386,42990,1174,38180,0,0,1667,34336,892,23363,1668,57699,California
Solano,2021-02-17,3166,84336,1452,44442,1714,39894,0,0,2128,35430,1035,24398,2129,59828,California
Solano,2021-02-18,2851,87187,845,45287,2006,41900,0,0,852,34290,1993,26391,853,60681,California
Solano,2021-02-19,2397,89584,1446,46733,951,42851,0,0,1172,34243,1221,27612,1174,61855,California
Solano,2021-02-20,2568,92152,382,47115,2186,45037,0,0,2096,35866,473,28085,2096,63951,California
Solano,2021-02-21,2194,94346,1880,48995,314,45351,0,0,1883,37442,307,28392,1883,65834,California
Solano,2021-02-22,1722,96068,1050,50045,672,46023,0,0,909,37541,811,29203,910,66744,California
Solano,2021-02-23,2857,98925,1096,51141,1761,47784,0,0,1952,38591,902,30105,1952,68696,California
Solano,2021-02-24,2476,101401,1245,52386,1231,49015,0,0,1386,38889,1088,31193,1386,70082,California
Solano,2021-02-25,2404,103805,1446,53832,958,49973,0,0,1314,39119,1084,32277,1314,71396,California
Solano,2021-02-26,3184,106989,2026,55858,1158,51131,0,0,1864,39668,1315,33592,1864,73260,California
Solano,2021-02-27,3666,110655,1387,57245,2278,53409,1,1,2966,41943,692,34284,2967,76227,California
Solano,2021-02-28,1371,112026,1040,58285,331,53740,0,1,1093,42762,275,34559,1094,77321,California
Solano,2021-03-01,2448,114474,1061,59346,1386,55126,1,2,1844,44007,600,35159,1845,79166,California
Solano,2021-03-02,2224,116698,1400,60746,824,55950,0,2,1290,44363,934,36093,1290,80456,California
Solano,2021-03-03,2213,118911,1256,62002,957,56907,0,2,1376,44911,829,36922,1377,81833,California
Solano,2021-03-04,4352,123263,3409,65411,941,57848,2,4,3136,46844,1208,38130,3141,84974,California
Solano,2021-03-05,4906,128169,1669,67080,3232,61080,5,9,3943,49839,953,39083,3948,88922,California
Solano,2021-03-06,3836,132005,826,67906,2971,64051,39,48,2640,51332,1186,40269,2679,91601,California
Solano,2021-03-07,3547,135552,741,68647,2796,66847,10,58,1952,51712,1583,41852,1963,93564,California
Solano,2021-03-08,2117,137669,1321,69968,526,67373,270,328,1600,53069,511,42363,1868,95432,California
Solano,2021-03-09,3139,140808,1512,71480,1573,68946,54,382,2246,54474,892,43255,2297,97729,California
Solano,2021-03-10,2393,143201,1739,73219,568,69514,86,468,1249,54667,1140,44395,1333,99062,California
Solano,2021-03-11,6005,149206,1748,74967,4004,73518,253,721,4956,58831,1045,45440,5209,104271,California
Solano,2021-03-12,5988,155194,1562,76529,4249,77767,177,898,3165,59354,2819,48259,3342,107613,California
Solano,2021-03-13,4576,159770,803,77332,3689,81456,84,982,2237,59345,2332,50591,2323,109936,California
Solano,2021-03-14,3992,163762,3116,80448,423,81879,453,1435,1637,59082,2350,52941,2087,112023,California
Solano,2021-03-15,4008,167770,2450,82898,1241,83120,317,1752,2511,60421,1489,54430,2828,114851,California
Solano,2021-03-16,3084,170854,1324,84222,1526,84646,234,1986,1568,60712,1511,55941,1802,116653,California
Solano,2021-03-17,6358,177212,1664,85886,4603,89249,91,2077,4894,64237,1460,57401,4985,121638,California
Solano,2021-03-18,5187,182399,1839,87725,3312,92561,36,2113,3818,66730,1361,58762,3854,125492,California
Solano,2021-03-19,3444,185843,2522,90247,849,93410,73,2186,1746,66860,1690,60452,1820,127312,California
Solano,2021-03-20,5526,191369,1667,91914,3805,97215,54,2240,2832,67061,2685,63137,2886,130198,California
Solano,2021-03-21,1668,193037,1563,93477,81,97296,24,2264,854,67126,811,63948,876,131074,California
Solano,2021-03-22,2665,195702,2035,95512,580,97876,50,2314,1668,67849,991,64939,1714,132788,California
Solano,2021-03-23,3504,199206,1664,97176,1798,99674,42,2356,1411,67212,2089,67028,1452,134240,California
Solano,2021-03-24,2816,202022,1763,98939,1018,100692,35,2391,1370,67176,1440,68468,1404,135644,California
Solano,2021-03-25,4854,206876,3978,102917,841,101533,35,2426,2286,66934,2564,71032,2322,137966,California
Solano,2021-03-26,3214,210090,2087,105004,1091,102624,36,2462,1739,67244,1466,72498,1776,139742,California
Solano,2021-03-27,4189,214279,1148,106152,3004,105628,37,2499,1798,66694,2385,74883,1835,141577,California
Solano,2021-03-28,1415,215694,1105,107257,292,105920,18,2517,563,66427,848,75731,581,142158,California
Solano,2021-03-29,3486,219180,2034,109291,1435,107355,17,2534,1591,66153,1882,77613,1608,143766,California
Solano,2021-03-30,3000,222180,2007,111298,903,108258,90,2624,1907,67060,1091,78704,1998,145764,California
Solano,2021-03-31,3123,225303,2128,113426,837,109095,158,2782,1850,67795,1270,79974,2005,147769,California
Solano,2021-04-01,5530,230833,2103,115529,3281,112376,146,2928,3501,69428,2017,81991,3650,151419,California
Solano,2021-04-02,6560,237393,2218,117747,4175,116551,167,3095,2541,68133,4004,85995,2709,154128,California
Solano,2021-04-03,1530,238923,964,118711,412,116963,154,3249,565,67889,963,86958,719,154847,California
Solano,2021-04-04,779,239702,287,118998,190,117153,302,3551,240,67896,535,87493,542,155389,California
Solano,2021-04-05,2976,242678,2034,121032,736,117889,206,3757,1509,68148,1465,88958,1717,157106,California
Solano,2021-04-06,5982,248660,1625,122657,3867,121756,490,4247,1646,65953,4330,93288,2135,159241,California
Solano,2021-04-07,5875,254535,4549,127206,933,122689,393,4640,3346,67179,2513,95801,3739,162980,California
Solano,2021-04-08,6406,260941,1782,128988,3769,126458,855,5495,1806,65260,4572,100373,2653,165633,California
Solano,2021-04-09,6234,267175,1657,130645,3736,130194,841,6336,1511,62906,4701,105074,2347,167980,California
Solano,2021-04-10,1718,268893,949,131594,449,130643,320,6656,793,63094,924,105998,1112,169092,California
Solano,2021-04-11,1226,270119,760,132354,337,130980,129,6785,637,63274,586,106584,766,169858,California
Solano,2021-04-12,3250,273369,1669,134023,1223,132203,358,7143,1341,63067,1904,108488,1697,171555,California
Solano,2021-04-13,2527,275896,1089,135112,1437,133640,1,7144,1323,63191,1200,109688,1324,172879,California
Solano,2021-04-14,6397,282293,1943,137055,4454,138094,0,7144,1840,60482,4550,114238,1841,174720,California
Solano,2021-04-15,5664,287957,2136,139191,3528,141622,0,7144,1717,58265,3934,118172,1717,176437,California
Solano,2021-04-16,3662,291619,2572,141763,1088,142710,2,7146,2277,59166,1378,119550,2279,178716,California
Solano,2021-04-17,3250,294869,1057,142820,2193,144903,0,7146,1127,58178,2116,121666,1128,179844,California
Solano,2021-04-18,1005,295874,611,143431,394,145297,0,7146,530,58234,474,122140,530,180374,California
Solano,2021-04-19,2062,297936,1160,144591,902,146199,0,7146,1148,58476,908,123048,1150,181524,California
Solano,2021-04-20,3010,300946,1835,146426,1175,147374,0,7146,1678,58827,1327,124375,1678,183202,California
Solano,2021-04-21,3555,304501,2326,148752,1229,148603,0,7146,1785,58848,1764,126139,1785,184987,California
Solano,2021-04-22,2919,307420,1474,150226,1445,150048,0,7146,1773,59477,1144,127283,1773,186760,California
Solano,2021-04-23,4127,311547,2072,152298,2055,152103,0,7146,2473,60305,1646,128929,2474,189234,California
Solano,2021-04-24,3804,315351,2279,154577,1523,153626,2,7148,2518,61627,1198,130127,2520,191754,California
Solano,2021-04-25,1430,316781,1116,155693,314,153940,0,7148,1130,62464,293,130420,1130,192884,California
Solano,2021-04-26,2454,319235,1592,157285,858,154798,4,7152,1313,62652,1129,131549,1317,194201,California
Solano,2021-04-27,2482,321717,1243,158528,1215,156013,24,7176,1416,63035,1059,132608,1442,195643,California
Solano,2021-04-28,5085,326802,4107,162635,932,156945,46,7222,3141,64288,1934,134542,3187,198830,California
Solano,2021-04-29,3952,330754,1257,163892,2664,159609,31,7253,1606,63588,2337,136879,1637,200467,California
Solano,2021-04-30,3784,334538,2021,165913,1631,161240,132,7385,1835,63617,1938,138817,1967,202434,California
Solano,2021-05-01,2125,336663,1634,167547,296,161536,195,7580,1256,64203,865,139682,1451,203885,California
Solano,2021-05-02,1192,337855,934,168481,234,161770,24,7604,669,64378,518,140200,693,204578,California
Solano,2021-05-03,1444,339299,1003,169484,354,162124,87,7691,591,64205,852,141052,679,205257,California
Solano,2021-05-04,1784,341083,1041,170525,678,162802,65,7756,799,64085,984,142036,864,206121,California
Solano,2021-05-05,2245,343328,1406,171931,728,163530,111,7867,1082,64117,1159,143195,1191,207312,California
Solano,2021-05-06,1916,345244,1174,173105,585,164115,157,8024,706,63777,1203,144398,863,208175,California
Solano,2021-05-07,2675,347919,1878,174983,682,164797,115,8139,932,63084,1738,146136,1045,209220,California
Solano,2021-05-08,1302,349221,828,175811,359,165156,115,8254,458,62816,841,146977,573,209793,California
Solano,2021-05-09,416,349637,241,176052,164,165320,11,8265,157,62728,257,147234,169,209962,California
Solano,2021-05-10,1320,350957,604,176656,614,165934,102,8367,384,62282,933,148167,487,210449,California
Solano,2021-05-11,2221,353178,1113,177769,1023,166957,85,8452,614,61379,1602,149769,699,211148,California
Solano,2021-05-12,1976,355154,1147,178916,662,167619,167,8619,615,60808,1351,151120,780,211928,California
Solano,2021-05-13,2465,357619,1758,180674,577,168196,130,8749,1246,60967,1217,152337,1376,213304,California
Solano,2021-05-14,2311,359930,1544,182218,656,168852,111,8860,981,60740,1319,153656,1092,214396,California
Solano,2021-05-15,2651,362581,2124,184342,464,169316,63,8923,1046,60255,1594,155250,1109,215505,California
Solano,2021-05-16,1069,363650,789,185131,257,169573,23,8946,91,59392,977,156227,114,215619,California
Solano,2021-05-17,1555,365205,851,185982,662,170235,42,8988,582,59055,960,157187,623,216242,California
Sonoma,2020-12-15,4,4,4,4,0,0,0,0,4,4,0,0,4,4,California
Sonoma,2020-12-16,27,31,27,31,0,0,0,0,27,31,0,0,27,31,California
Sonoma,2020-12-17,103,134,103,134,0,0,0,0,103,134,0,0,103,134,California
Sonoma,2020-12-18,421,555,421,555,0,0,0,0,421,555,0,0,421,555,California
Sonoma,2020-12-19,111,666,110,665,1,1,0,0,111,666,0,0,111,666,California
Sonoma,2020-12-20,174,840,174,839,0,1,0,0,174,840,0,0,174,840,California
Sonoma,2020-12-21,911,1751,909,1748,2,3,0,0,910,1750,0,0,910,1750,California
Sonoma,2020-12-22,1356,3107,1265,3013,91,94,0,0,1356,3106,0,0,1356,3106,California
Sonoma,2020-12-23,1607,4714,1231,4244,376,470,0,0,1608,4714,0,0,1608,4714,California
Sonoma,2020-12-24,305,5019,101,4345,204,674,0,0,305,5019,0,0,305,5019,California
Sonoma,2020-12-25,8,5027,2,4347,6,680,0,0,8,5027,0,0,8,5027,California
Sonoma,2020-12-26,268,5295,257,4604,11,691,0,0,268,5295,0,0,268,5295,California
Sonoma,2020-12-27,93,5388,80,4684,13,704,0,0,93,5388,0,0,93,5388,California
Sonoma,2020-12-28,988,6376,554,5238,434,1138,0,0,959,6347,0,0,959,6347,California
Sonoma,2020-12-29,1127,7503,775,6013,352,1490,0,0,1094,7441,0,0,1094,7441,California
Sonoma,2020-12-30,1093,8596,479,6492,614,2104,0,0,1085,8526,0,0,1085,8526,California
Sonoma,2020-12-31,517,9113,71,6563,446,2550,0,0,518,9044,0,0,518,9044,California
Sonoma,2021-01-01,11,9124,6,6569,5,2555,0,0,11,9055,0,0,11,9055,California
Sonoma,2021-01-02,131,9255,125,6694,6,2561,0,0,131,9186,0,0,131,9186,California
Sonoma,2021-01-03,25,9280,11,6705,14,2575,0,0,25,9211,0,0,25,9211,California
Sonoma,2021-01-04,341,9621,105,6810,236,2811,0,0,340,9551,0,0,340,9551,California
Sonoma,2021-01-05,437,10058,102,6912,335,3146,0,0,413,9949,15,15,413,9964,California
Sonoma,2021-01-06,947,11005,432,7344,515,3661,0,0,836,10680,105,120,836,10800,California
Sonoma,2021-01-07,1031,12036,534,7878,497,4158,0,0,862,11374,168,288,862,11662,California
Sonoma,2021-01-08,1790,13826,1233,9111,557,4715,0,0,1317,12220,471,759,1317,12979,California
Sonoma,2021-01-09,639,14465,402,9513,237,4952,0,0,591,12763,48,807,591,13570,California
Sonoma,2021-01-10,472,14937,461,9974,11,4963,0,0,278,12847,194,1001,278,13848,California
Sonoma,2021-01-11,1386,16323,1239,11213,147,5110,0,0,414,12294,967,1968,414,14262,California
Sonoma,2021-01-12,1546,17869,1293,12506,253,5363,0,0,395,11540,1149,3117,395,14657,California
Sonoma,2021-01-13,2044,19913,1367,13873,677,6040,0,0,1180,11860,861,3978,1181,15838,California
Sonoma,2021-01-14,1529,21442,800,14673,729,6769,0,0,1299,12929,230,4208,1299,17137,California
Sonoma,2021-01-15,1567,23009,637,15310,930,7699,0,0,1347,14066,211,4419,1348,18485,California
Sonoma,2021-01-16,1145,24154,617,15927,528,8227,0,0,898,14721,243,4662,898,19383,California
Sonoma,2021-01-17,670,24824,549,16476,121,8348,0,0,590,15231,80,4742,590,19973,California
Sonoma,2021-01-18,1108,25932,934,17410,174,8522,0,0,617,15358,491,5233,618,20591,California
Sonoma,2021-01-19,2098,28030,1006,18416,1092,9614,0,0,1388,16039,708,5941,1389,21980,California
Sonoma,2021-01-20,2078,30108,626,19042,1452,11066,0,0,1417,16806,651,6592,1418,23398,California
Sonoma,2021-01-21,2262,32370,648,19690,1614,12680,0,0,2043,18633,217,6809,2044,25442,California
Sonoma,2021-01-22,2741,35111,1043,20733,1698,14378,0,0,2593,21079,147,6956,2593,28035,California
Sonoma,2021-01-23,768,35879,593,21326,175,14553,0,0,661,21634,106,7062,661,28696,California
Sonoma,2021-01-24,852,36731,716,22042,136,14689,0,0,836,22454,16,7078,836,29532,California
Sonoma,2021-01-25,2173,38904,520,22562,1653,16342,0,0,1686,23653,487,7565,1686,31218,California
Sonoma,2021-01-26,2017,40921,302,22864,1715,18057,0,0,1562,24761,454,8019,1562,32780,California
Sonoma,2021-01-27,3703,44624,1282,24146,2421,20478,0,0,3130,27323,571,8590,3133,35913,California
Sonoma,2021-01-28,4119,48743,1847,25993,2272,22750,0,0,3448,30104,668,9258,3449,39362,California
Sonoma,2021-01-29,2969,51712,1412,27405,1557,24307,0,0,2134,31406,833,10091,2135,41497,California
Sonoma,2021-01-30,2584,54296,2395,29800,189,24496,0,0,2242,33307,342,10433,2243,43740,California
Sonoma,2021-01-31,777,55073,665,30465,112,24608,0,0,579,33689,197,10630,579,44319,California
Sonoma,2021-02-01,2507,57580,884,31349,1623,26231,0,0,2101,35387,403,11033,2101,46420,California
Sonoma,2021-02-02,3527,61107,1373,32722,2154,28385,0,0,2957,37776,568,11601,2957,49377,California
Sonoma,2021-02-03,4042,65149,1324,34046,2718,31103,0,0,3111,39959,928,12529,3111,52488,California
Sonoma,2021-02-04,4216,69365,1725,35771,2491,33594,0,0,3425,42596,789,13318,3426,55914,California
Sonoma,2021-02-05,4817,74182,1741,37512,3076,36670,0,0,3797,45378,1016,14334,3798,59712,California
Sonoma,2021-02-06,2661,76843,2300,39812,361,37031,0,0,2100,46918,560,14894,2100,61812,California
Sonoma,2021-02-07,1538,78381,1403,41215,135,37166,0,0,1286,47952,252,15146,1286,63098,California
Sonoma,2021-02-08,3259,81640,1034,42249,2225,39391,0,0,2676,50046,582,15728,2676,65774,California
Sonoma,2021-02-09,3571,85211,1700,43949,1871,41262,0,0,3091,52660,478,16206,3092,68866,California
Sonoma,2021-02-10,4543,89754,2480,46429,2063,43325,0,0,3536,55196,1001,17207,3537,72403,California
Sonoma,2021-02-11,5576,95330,3017,49446,2559,45884,0,0,4391,58404,1183,18390,4391,76794,California
Sonoma,2021-02-12,5904,101234,3246,52692,2658,48542,0,0,4479,61465,1421,19811,4482,81276,California
Sonoma,2021-02-13,1986,103220,1152,53844,834,49376,0,0,1201,61884,782,20593,1201,82477,California
Sonoma,2021-02-14,2317,105537,1823,55667,494,49870,0,0,1569,62706,747,21340,1569,84046,California
Sonoma,2021-02-15,2140,107677,791,56458,1349,51219,0,0,1605,63777,534,21874,1605,85651,California
Sonoma,2021-02-16,4899,112576,2052,58510,2847,54066,0,0,3643,66168,1252,23126,3643,89294,California
Sonoma,2021-02-17,5599,118175,2899,61409,2700,56766,0,0,3572,67723,2019,25145,3574,92868,California
Sonoma,2021-02-18,6924,125099,3130,64539,3794,60560,0,0,4002,68812,2914,28059,4003,96871,California
Sonoma,2021-02-19,5519,130618,1666,66205,3853,64413,0,0,3420,70139,2094,30153,3421,100292,California
Sonoma,2021-02-20,3119,133737,2839,69044,280,64693,0,0,1217,69460,1896,32049,1217,101509,California
Sonoma,2021-02-21,534,134271,426,69470,108,64801,0,0,141,69211,390,32439,141,101650,California
Sonoma,2021-02-22,2878,137149,1356,70826,1522,66323,0,0,1197,68732,1676,34115,1197,102847,California
Sonoma,2021-02-23,3373,140522,2078,72904,1295,67618,0,0,1624,68611,1745,35860,1624,104471,California
Sonoma,2021-02-24,5641,146163,2545,75449,3096,70714,0,0,2918,68812,2718,38578,2919,107390,California
Sonoma,2021-02-25,5796,151959,2239,77688,3557,74271,0,0,3111,69258,2665,41243,3111,110501,California
Sonoma,2021-02-26,6263,158222,2758,80446,3505,77776,0,0,3971,70942,2287,43530,3971,114472,California
Sonoma,2021-02-27,4032,162254,1912,82358,2120,79896,0,0,2688,72288,1342,44872,2688,117160,California
Sonoma,2021-02-28,2337,164591,1853,84211,484,80380,0,0,611,71192,1707,46579,611,117771,California
Sonoma,2021-03-01,3748,168339,1139,85350,2609,82989,0,0,1885,71225,1853,48432,1886,119657,California
Sonoma,2021-03-02,4378,172717,1508,86858,2870,85859,0,0,2557,71969,1813,50245,2557,122214,California
Sonoma,2021-03-03,5042,177759,2638,89496,2404,88263,0,0,2314,71562,2721,52966,2314,124528,California
Sonoma,2021-03-04,5928,183687,2672,92168,3256,91519,0,0,2569,70786,3345,56311,2569,127097,California
Sonoma,2021-03-05,6446,190133,2826,94994,3605,95124,15,15,2713,69798,3717,60028,2729,129826,California
Sonoma,2021-03-06,2783,192916,1214,96208,1434,96558,135,150,1912,70980,864,60892,2046,131872,California
Sonoma,2021-03-07,1705,194621,1394,97602,276,96834,35,185,377,70066,1326,62218,412,132284,California
Sonoma,2021-03-08,4059,198680,657,98259,3227,100061,175,360,2386,70963,1662,63880,2559,134843,California
Sonoma,2021-03-09,5497,204177,3011,101270,2243,102304,243,603,2681,71077,2810,66690,2924,137767,California
Sonoma,2021-03-10,5973,210150,3185,104455,2460,104764,328,931,2413,70271,3546,70236,2740,140507,California
Sonoma,2021-03-11,7532,217682,3002,107457,3709,108473,821,1752,2567,68705,4955,75191,3389,143896,California
Sonoma,2021-03-12,7396,225078,2265,109722,3770,112243,1361,3113,2106,66896,5271,80462,3462,147358,California
Sonoma,2021-03-13,3409,228487,1701,111423,1472,113715,236,3349,2008,67737,1400,81862,2241,149599,California
Sonoma,2021-03-14,1381,229868,384,111807,856,114571,141,3490,843,68185,535,82397,983,150582,California
Sonoma,2021-03-15,5229,235097,1505,113312,3339,117910,385,3875,2195,67737,3026,85423,2578,153160,California
Sonoma,2021-03-16,6279,241376,2244,115556,3804,121714,231,4106,2902,67497,3371,88794,3131,156291,California
Sonoma,2021-03-17,6747,248123,3524,119080,3043,124757,180,4286,3281,67503,3454,92248,3460,159751,California
Sonoma,2021-03-18,7127,255250,2937,122017,3575,128332,615,4901,3181,67357,3938,96186,3792,163543,California
Sonoma,2021-03-19,7491,262741,3241,125258,4019,132351,231,5132,3195,66511,4277,100463,3431,166974,California
Sonoma,2021-03-20,3698,266439,1745,127003,1124,133475,829,5961,2021,67687,1670,102133,2846,169820,California
Sonoma,2021-03-21,1383,267822,601,127604,749,134224,33,5994,1214,68769,165,102298,1247,171067,California
Sonoma,2021-03-22,4532,272354,3103,130707,1326,135550,103,6097,3421,71187,1106,103404,3524,174591,California
Sonoma,2021-03-23,5827,278181,3627,134334,2124,137674,76,6173,4407,74260,1410,104814,4483,179074,California
Sonoma,2021-03-24,6720,284901,4272,138606,2382,140056,66,6239,4090,75803,2612,107426,4155,183229,California
Sonoma,2021-03-25,6997,291898,4193,142799,2697,142753,107,6346,4230,77397,2744,110170,4338,187567,California
Sonoma,2021-03-26,7301,299199,3450,146249,3759,146512,92,6438,3810,77824,3474,113644,3901,191468,California
Sonoma,2021-03-27,3840,303039,1503,147752,1975,148487,362,6800,1123,76600,2710,116354,1486,192954,California
Sonoma,2021-03-28,1509,304548,949,148701,533,149020,27,6827,944,77009,562,116916,971,193925,California
Sonoma,2021-03-29,2899,307447,1098,149799,1768,150788,33,6860,1615,77379,1278,118194,1648,195573,California
Sonoma,2021-03-30,5779,313226,3180,152979,2537,153325,62,6922,3056,77780,2717,120911,3118,198691,California
Sonoma,2021-03-31,5575,318801,3388,156367,1972,155297,215,7137,3235,78903,2328,123239,3451,202142,California
Sonoma,2021-04-01,6727,325528,4007,160374,2384,157681,336,7473,3602,79731,3104,126343,3932,206074,California
Sonoma,2021-04-02,5916,331444,3542,163916,2265,159946,109,7582,3550,81036,2360,128703,3665,209739,California
Sonoma,2021-04-03,3606,335050,1789,165705,1593,161539,224,7806,1573,80811,2021,130724,1796,211535,California
Sonoma,2021-04-04,1061,336111,691,166396,279,161818,91,7897,658,81161,399,131123,749,212284,California
Sonoma,2021-04-05,4368,340479,598,166994,3431,165249,339,8236,1639,80416,2722,133845,1977,214261,California
Sonoma,2021-04-06,6858,347337,3473,170467,2981,168230,404,8640,3980,81934,2864,136709,4382,218643,California
Sonoma,2021-04-07,6763,354100,3813,174280,2115,170345,835,9475,3282,82574,3472,140181,4112,222755,California
Sonoma,2021-04-08,7500,361600,4098,178378,2631,172976,771,10246,4080,84011,3410,143591,4847,227602,California
Sonoma,2021-04-09,6781,368381,3770,182148,2128,175104,883,11129,3483,85088,3285,146876,4362,231964,California
Sonoma,2021-04-10,3872,372253,1686,183834,1632,176736,554,11683,1130,84035,2732,149608,1679,233643,California
Sonoma,2021-04-11,1282,373535,607,184441,593,177329,82,11765,436,83708,845,150453,518,234161,California
Sonoma,2021-04-12,4928,378463,2050,186491,2397,179726,481,12246,1841,82945,3078,153531,2315,236476,California
Sonoma,2021-04-13,7797,386260,4617,191108,3178,182904,2,12248,2960,81079,4828,158359,2962,239438,California
Sonoma,2021-04-14,6543,392803,3729,194837,2794,185698,20,12268,2529,79626,4001,162360,2548,241986,California
Sonoma,2021-04-15,7217,400020,4092,198929,3125,188823,0,12268,3567,79553,3640,166000,3567,245553,California
Sonoma,2021-04-16,6789,406809,3407,202336,3380,192203,2,12270,3849,80470,2934,168934,3851,249404,California
Sonoma,2021-04-17,3135,409944,1534,203870,1601,193804,0,12270,1530,80408,1593,170527,1531,250935,California
Sonoma,2021-04-18,1268,411212,875,204745,393,194197,0,12270,432,80005,835,171362,432,251367,California
Sonoma,2021-04-19,3308,414520,1871,206616,1436,195633,1,12271,1451,79604,1853,173215,1452,252819,California
Sonoma,2021-04-20,6268,420788,3459,210075,2809,198442,0,12271,2377,78104,3878,177093,2378,255197,California
Sonoma,2021-04-21,6369,427157,4191,214266,2176,200618,2,12273,2930,77610,3425,180518,2931,258128,California
Sonoma,2021-04-22,6125,433282,4452,218718,1673,202291,0,12273,2488,76476,3622,184140,2488,260616,California
Sonoma,2021-04-23,7379,440661,4616,223334,2757,205048,6,12279,3705,76525,3663,187803,3712,264328,California
Sonoma,2021-04-24,2750,443411,1494,224828,1242,206290,14,12293,1556,76904,1191,188994,1570,265898,California
Sonoma,2021-04-25,1082,444493,785,225613,297,206587,0,12293,431,76687,648,189642,431,266329,California
Sonoma,2021-04-26,2756,447249,1286,226899,1442,208029,28,12321,1560,77087,1188,190830,1588,267917,California
Sonoma,2021-04-27,5312,452561,3632,230531,1581,209610,99,12420,2188,76263,3111,193941,2287,270204,California
Sonoma,2021-04-28,4858,457419,3196,233727,1467,211077,195,12615,2109,75830,2732,196673,2299,272503,California
Sonoma,2021-04-29,4813,462232,3430,237157,1238,212315,145,12760,1760,74689,3046,199719,1905,274408,California
Sonoma,2021-04-30,5433,467665,3620,240777,1520,213835,293,13053,1815,73189,3607,203326,2107,276515,California
Sonoma,2021-05-01,2465,470130,1772,242549,587,214422,106,13159,1235,73304,1223,204549,1338,277853,California
Sonoma,2021-05-02,863,470993,643,243192,169,214591,51,13210,553,73599,310,204859,605,278458,California
Sonoma,2021-05-03,3178,474171,1682,244874,1351,215942,145,13355,1055,72684,2114,206973,1199,279657,California
Sonoma,2021-05-04,4572,478743,2403,247277,1992,217934,177,13532,1475,71252,3080,210053,1648,281305,California
Sonoma,2021-05-05,3666,482409,2184,249461,1290,219224,192,13724,1320,70426,2336,212389,1510,282815,California
Sonoma,2021-05-06,4498,486907,2405,251866,1966,221190,127,13851,1370,68805,3116,215505,1495,284310,California
Sonoma,2021-05-07,3584,490491,2310,254176,1152,222342,122,13973,1083,67517,2493,217998,1205,285515,California
Sonoma,2021-05-08,1846,492337,1256,255432,498,222840,92,14065,755,67277,1087,219085,847,286362,California
Sonoma,2021-05-09,511,492848,296,255728,175,223015,40,14105,183,67175,325,219410,223,286585,California
Sonoma,2021-05-10,2293,495141,1035,256763,1125,224140,133,14238,281,65587,1999,221409,411,286996,California
Sonoma,2021-05-11,3497,498638,1897,258660,1485,225625,115,14353,952,64119,2535,223944,1067,288063,California
Sonoma,2021-05-12,3888,502526,2431,261091,1322,226947,135,14488,862,62098,3018,226962,997,289060,California
Sonoma,2021-05-13,4542,507068,2685,263776,1741,228688,116,14604,1543,60766,2989,229951,1657,290717,California
Sonoma,2021-05-14,5512,512580,3437,267213,1938,230626,137,14741,2104,59613,3395,233346,2242,292959,California
Sonoma,2021-05-15,2574,515154,1937,269150,578,231204,59,14800,1735,60573,833,234179,1793,294752,California
Sonoma,2021-05-16,453,515607,381,269531,50,231254,22,14822,354,60852,97,234276,376,295128,California
Sonoma,2021-05-17,1484,517091,1220,270751,228,231482,36,14858,532,60473,947,235223,568,295696,California
Stanislaus,2020-12-15,3,3,3,3,0,0,0,0,3,3,0,0,3,3,California
Stanislaus,2020-12-16,37,40,37,40,0,0,0,0,37,40,0,0,37,40,California
Stanislaus,2020-12-17,74,114,74,114,0,0,0,0,74,114,0,0,74,114,California
Stanislaus,2020-12-18,337,451,331,445,6,6,0,0,337,451,0,0,337,451,California
Stanislaus,2020-12-19,134,585,134,579,0,6,0,0,134,585,0,0,134,585,California
Stanislaus,2020-12-20,85,670,85,664,0,6,0,0,85,670,0,0,85,670,California
Stanislaus,2020-12-21,999,1669,998,1662,1,7,0,0,998,1668,0,0,998,1668,California
Stanislaus,2020-12-22,795,2464,783,2445,12,19,0,0,795,2463,0,0,795,2463,California
Stanislaus,2020-12-23,448,2912,430,2875,18,37,0,0,447,2910,0,0,447,2910,California
Stanislaus,2020-12-24,97,3009,88,2963,9,46,0,0,97,3007,0,0,97,3007,California
Stanislaus,2020-12-26,51,3060,8,2971,43,89,0,0,51,3058,0,0,51,3058,California
Stanislaus,2020-12-27,11,3071,6,2977,5,94,0,0,11,3069,0,0,11,3069,California
Stanislaus,2020-12-28,489,3560,395,3372,94,188,0,0,489,3558,0,0,489,3558,California
Stanislaus,2020-12-29,495,4055,416,3788,79,267,0,0,495,4053,0,0,495,4053,California
Stanislaus,2020-12-30,534,4589,279,4067,255,522,0,0,533,4585,1,1,533,4586,California
Stanislaus,2020-12-31,276,4865,157,4224,119,641,0,0,276,4861,0,1,276,4862,California
Stanislaus,2021-01-01,12,4877,4,4228,8,649,0,0,12,4873,0,1,12,4874,California
Stanislaus,2021-01-02,33,4910,26,4254,7,656,0,0,33,4906,0,1,33,4907,California
Stanislaus,2021-01-03,90,5000,87,4341,3,659,0,0,90,4996,0,1,90,4997,California
Stanislaus,2021-01-04,231,5231,151,4492,80,739,0,0,231,5227,0,1,231,5228,California
Stanislaus,2021-01-05,833,6064,343,4835,490,1229,0,0,809,6020,23,24,816,6044,California
Stanislaus,2021-01-06,1004,7068,600,5435,404,1633,0,0,931,6883,70,94,933,6977,California
Stanislaus,2021-01-07,1080,8148,704,6139,376,2009,0,0,890,7591,184,278,892,7869,California
Stanislaus,2021-01-08,1279,9427,723,6862,556,2565,0,0,937,8194,339,617,942,8811,California
Stanislaus,2021-01-09,285,9712,141,7003,144,2709,0,0,195,8299,90,707,195,9006,California
Stanislaus,2021-01-10,48,9760,21,7024,27,2736,0,0,29,8309,19,726,29,9035,California
Stanislaus,2021-01-11,1525,11285,1246,8270,279,3015,0,0,598,8003,922,1648,616,9651,California
Stanislaus,2021-01-12,1470,12755,864,9134,606,3621,0,0,831,8207,635,2283,839,10490,California
Stanislaus,2021-01-13,1442,14197,686,9820,756,4377,0,0,1120,9014,322,2605,1129,11619,California
Stanislaus,2021-01-14,2233,16430,283,10103,1950,6327,0,0,2065,10980,165,2770,2131,13750,California
Stanislaus,2021-01-15,2822,19252,1157,11260,1665,7992,0,0,2671,13583,147,2917,2750,16500,California
Stanislaus,2021-01-16,472,19724,51,11311,421,8413,0,0,455,14024,16,2933,457,16957,California
Stanislaus,2021-01-17,245,19969,203,11514,42,8455,0,0,239,14258,5,2938,239,17196,California
Stanislaus,2021-01-18,2186,22155,1025,12539,1161,9616,0,0,1804,15753,377,3315,1872,19068,California
Stanislaus,2021-01-19,1252,23407,723,13262,529,10145,0,0,806,16117,443,3758,807,19875,California
Stanislaus,2021-01-20,1005,24412,488,13750,517,10662,0,0,712,16537,292,4050,712,20587,California
Stanislaus,2021-01-21,3651,28063,2952,16702,699,11361,0,0,3331,19651,318,4368,3432,24019,California
Stanislaus,2021-01-22,1087,29150,308,17010,779,12140,0,0,1042,20656,41,4409,1046,25065,California
Stanislaus,2021-01-23,343,29493,43,17053,300,12440,0,0,285,20888,57,4466,289,25354,California
Stanislaus,2021-01-24,292,29785,100,17153,192,12632,0,0,226,21050,66,4532,228,25582,California
Stanislaus,2021-01-25,3152,32937,228,17381,2924,15556,0,0,2835,23745,281,4813,2976,28558,California
Stanislaus,2021-01-26,1725,34662,745,18126,980,16536,0,0,1300,24642,419,5232,1316,29874,California
Stanislaus,2021-01-27,1889,36551,1051,19177,838,17374,0,0,1185,25168,660,5892,1186,31060,California
Stanislaus,2021-01-28,2210,38761,1513,20690,697,18071,0,0,1723,26468,479,6371,1779,32839,California
Stanislaus,2021-01-29,2434,41195,1192,21882,1242,19313,0,0,1908,27942,481,6852,1955,34794,California
Stanislaus,2021-01-30,292,41487,131,22013,161,19474,0,0,229,28119,52,6904,229,35023,California
Stanislaus,2021-01-31,369,41856,315,22328,54,19528,0,0,353,28459,13,6917,353,35376,California
Stanislaus,2021-02-01,1267,43123,558,22886,709,20237,0,0,919,29041,337,7254,919,36295,California
Stanislaus,2021-02-02,1236,44359,375,23261,861,21098,0,0,780,29379,446,7700,784,37079,California
Stanislaus,2021-02-03,2574,46933,1195,24456,1379,22477,0,0,1898,30615,671,8371,1907,38986,California
Stanislaus,2021-02-04,2104,49037,726,25182,1378,23855,0,0,1585,31701,505,8876,1591,40577,California
Stanislaus,2021-02-05,2844,51881,1465,26647,1379,25234,0,0,1586,32099,1201,10077,1599,42176,California
Stanislaus,2021-02-06,885,52766,302,26949,583,25817,0,0,694,32605,189,10266,695,42871,California
Stanislaus,2021-02-07,230,52996,206,27155,24,25841,0,0,41,32459,188,10454,42,42913,California
Stanislaus,2021-02-08,2027,55023,1328,28483,699,26540,0,0,1099,32681,893,11347,1115,44028,California
Stanislaus,2021-02-09,1836,56859,780,29263,1056,27596,0,0,1045,32962,770,12117,1051,45079,California
Stanislaus,2021-02-10,1934,58793,533,29796,1401,28997,0,0,1012,33075,901,13018,1014,46093,California
Stanislaus,2021-02-11,5379,64172,3263,33059,2116,31113,0,0,1226,30350,3956,16974,1231,47324,California
Stanislaus,2021-02-12,3294,67466,914,33973,2380,33493,0,0,1451,30040,1766,18740,1456,48780,California
Stanislaus,2021-02-13,1351,68817,651,34624,700,34193,0,0,981,30660,365,19105,985,49765,California
Stanislaus,2021-02-14,421,69238,167,34791,254,34447,0,0,353,30947,66,19171,353,50118,California
Stanislaus,2021-02-15,1811,71049,230,35021,1581,36028,0,0,580,30409,1122,20293,584,50702,California
Stanislaus,2021-02-16,1358,72407,420,35441,938,36966,0,0,578,30219,770,21063,580,51282,California
Stanislaus,2021-02-17,2747,75154,1684,37125,1063,38029,0,0,1922,31328,821,21884,1930,53212,California
Stanislaus,2021-02-18,3357,78511,1899,39024,1458,39487,0,0,1795,31658,1481,23365,1811,55023,California
Stanislaus,2021-02-19,2751,81262,1060,40084,1691,41178,0,0,1526,32012,1185,24550,1539,56562,California
Stanislaus,2021-02-20,745,82007,378,40462,367,41545,0,0,482,32251,245,24795,484,57046,California
Stanislaus,2021-02-21,907,82914,692,41154,215,41760,0,0,553,32485,330,25125,564,57610,California
Stanislaus,2021-02-22,2340,85254,1690,42844,650,42410,0,0,1632,33436,682,25807,1633,59243,California
Stanislaus,2021-02-23,3691,88945,678,43522,3013,45423,0,0,1725,33351,1817,27624,1732,60975,California
Stanislaus,2021-02-24,4171,93116,2846,46368,1325,46748,0,0,3118,35437,1035,28659,3121,64096,California
Stanislaus,2021-02-25,3883,96999,2647,49015,1236,47984,0,0,3080,37736,784,29443,3083,67179,California
Stanislaus,2021-02-26,4184,101183,1215,50230,2969,50953,0,0,2828,39270,1304,30747,2838,70017,California
Stanislaus,2021-02-27,2090,103273,708,50938,1381,52334,1,1,1857,40924,205,30952,1859,71876,California
Stanislaus,2021-02-28,818,104091,262,51200,556,52890,0,1,770,41656,39,30991,771,72647,California
Stanislaus,2021-03-01,2764,106855,1626,52826,1137,54027,1,2,1626,42186,1106,32097,1636,74283,California
Stanislaus,2021-03-02,2384,109239,1418,54244,965,54992,1,3,1656,43127,718,32815,1659,75942,California
Stanislaus,2021-03-03,3707,112946,2227,56471,1478,56470,2,5,2904,45245,786,33601,2904,78846,California
Stanislaus,2021-03-04,5433,118379,3102,59573,2315,58785,16,21,4189,48230,1216,34817,4201,83047,California
Stanislaus,2021-03-05,4021,122400,1116,60689,2889,61674,16,37,3053,50357,942,35759,3069,86116,California
Stanislaus,2021-03-06,3571,125971,2223,62912,1255,62929,93,130,2720,52325,847,36606,2815,88931,California
Stanislaus,2021-03-07,847,126818,386,63298,425,63354,36,166,659,52838,182,36788,695,89626,California
Stanislaus,2021-03-08,1984,128802,855,64153,1040,64394,89,255,1324,53606,644,37432,1412,91038,California
Stanislaus,2021-03-09,2170,130972,894,65047,1184,65578,92,347,1628,54800,530,37962,1724,92762,California
Stanislaus,2021-03-10,5054,136026,2493,67540,2340,67918,221,568,3736,57470,1300,39262,3970,96732,California
Stanislaus,2021-03-11,5709,141735,3135,70675,2098,70016,476,1044,4125,60652,1423,40685,4605,101337,California
Stanislaus,2021-03-12,5759,147494,1225,71900,2613,72629,1921,2965,2912,62655,2825,43510,4828,106165,California
Stanislaus,2021-03-13,3380,150874,2180,74080,1132,73761,68,3033,2688,64732,684,44194,2761,108926,California
Stanislaus,2021-03-14,996,151870,595,74675,350,74111,51,3084,489,64771,504,44698,543,109469,California
Stanislaus,2021-03-15,3685,155555,1972,76647,1355,75466,358,3442,1604,64753,1986,46684,1968,111437,California
Stanislaus,2021-03-16,4902,160457,2439,79086,2052,77518,411,3853,3533,67347,1350,48034,3944,115381,California
Stanislaus,2021-03-17,4713,165170,2854,81940,1681,79199,178,4031,2881,68603,1809,49843,3065,118446,California
Stanislaus,2021-03-18,5411,170581,3415,85355,1930,81129,66,4097,2975,69361,2287,52130,3045,121491,California
Stanislaus,2021-03-19,5914,176495,1528,86883,2861,83990,1525,5622,3098,71196,2786,54916,4621,126112,California
Stanislaus,2021-03-20,3836,180331,3002,89885,766,84756,68,5690,3364,74164,465,55381,3433,129545,California
Stanislaus,2021-03-21,983,181314,883,90768,35,84791,65,5755,746,74740,235,55616,811,130356,California
Stanislaus,2021-03-22,2809,184123,1320,92088,764,85555,725,6480,1240,75157,1549,57165,1966,132322,California
Stanislaus,2021-03-23,3942,188065,2017,94105,1665,87220,260,6740,2810,77130,1116,58281,3089,135411,California
Stanislaus,2021-03-24,4537,192602,3212,97317,1257,88477,68,6808,2638,77984,1855,60136,2709,138120,California
Stanislaus,2021-03-25,4229,196831,2904,100221,1309,89786,16,6824,1811,77470,2341,62477,1827,139947,California
Stanislaus,2021-03-26,4714,201545,1333,101554,3306,93092,75,6899,2369,77617,2311,64788,2458,142405,California
Stanislaus,2021-03-27,4344,205889,2715,104269,1580,94672,49,6948,1378,76102,2950,67738,1435,143840,California
Stanislaus,2021-03-28,1102,206991,439,104708,557,95229,106,7054,320,75763,770,68508,431,144271,California
Stanislaus,2021-03-29,2971,209962,1821,106529,1111,96340,39,7093,1983,76813,978,69486,2028,146299,California
Stanislaus,2021-03-30,3662,213624,2051,108580,1584,97924,27,7120,2232,77656,1422,70908,2265,148564,California
Stanislaus,2021-03-31,5397,219021,3827,112407,1452,99376,118,7238,2768,77933,2612,73520,2889,151453,California
Stanislaus,2021-04-01,5721,224742,3826,116233,1805,101181,90,7328,2623,77574,3082,76602,2723,154176,California
Stanislaus,2021-04-02,4996,229738,1211,117444,3633,104814,152,7480,2248,77322,2663,79265,2411,156587,California
Stanislaus,2021-04-03,4541,234279,3299,120743,1205,106019,37,7517,2240,77319,2292,81557,2289,158876,California
Stanislaus,2021-04-04,1319,235598,472,121215,817,106836,30,7547,650,77342,663,82220,686,159562,California
Stanislaus,2021-04-05,3631,239229,2529,123744,852,107688,250,7797,2354,78682,1268,83488,2608,162170,California
Stanislaus,2021-04-06,5733,244962,4157,127901,1303,108991,273,8070,3080,79402,2640,86128,3360,165530,California
Stanislaus,2021-04-07,6342,251304,3596,131497,2326,111317,420,8490,2828,79158,3498,89626,3254,168784,California
Stanislaus,2021-04-08,5671,256975,3320,134817,1920,113237,431,8921,2767,79477,2884,92510,3203,171987,California
Stanislaus,2021-04-09,4814,261789,2104,136921,2340,115577,370,9291,2185,79438,2606,95116,2567,174554,California
Stanislaus,2021-04-10,6481,268270,3982,140903,860,116437,1639,10930,1999,78610,4459,99575,3631,178185,California
Stanislaus,2021-04-11,1522,269792,850,141753,539,116976,133,11063,666,78556,854,100429,800,178985,California
Stanislaus,2021-04-12,3588,273380,2043,143796,1100,118076,445,11508,1875,79184,1699,102128,2327,181312,California
Stanislaus,2021-04-13,5190,278570,3418,147214,1759,119835,13,11521,2920,79877,2233,104361,2926,184238,California
Stanislaus,2021-04-14,4644,283214,3250,150464,1393,121228,1,11522,2257,79783,2356,106717,2262,186500,California
Stanislaus,2021-04-15,5378,288592,3309,153773,2067,123295,2,11524,3239,80921,2104,108821,3242,189742,California
Stanislaus,2021-04-16,4286,292878,988,154761,3297,126592,1,11525,1817,80311,2430,111251,1820,191562,California
Stanislaus,2021-04-17,3139,296017,2103,156864,1036,127628,0,11525,1833,80854,1294,112545,1837,193399,California
Stanislaus,2021-04-18,528,296545,215,157079,313,127941,0,11525,405,81144,117,112662,407,193806,California
Stanislaus,2021-04-19,3446,299991,2444,159523,1001,128942,1,11526,1633,81004,1782,114444,1642,195448,California
Stanislaus,2021-04-20,3977,303968,2416,161939,1561,130503,0,11526,1748,80553,2201,116645,1750,197198,California
Stanislaus,2021-04-21,3812,307780,2550,164489,1261,131764,1,11527,1605,79993,2172,118817,1612,198810,California
Stanislaus,2021-04-22,3939,311719,2398,166887,1541,133305,0,11527,1575,79254,2320,121137,1581,200391,California
Stanislaus,2021-04-23,3590,315309,844,167731,2745,136050,1,11528,1475,78714,2023,123160,1483,201874,California
Stanislaus,2021-04-24,3730,319039,2927,170658,803,136853,0,11528,1739,78485,1975,125135,1746,203620,California
Stanislaus,2021-04-25,932,319971,476,171134,456,137309,0,11528,683,78929,244,125379,688,204308,California
Stanislaus,2021-04-26,3240,323211,2282,173416,952,138261,6,11534,962,77644,2261,127640,976,205284,California
Stanislaus,2021-04-27,3917,327128,2731,176147,1144,139405,42,11576,1105,76000,2792,130432,1148,206432,California
Stanislaus,2021-04-28,4127,331255,2906,179053,1159,140564,62,11638,1805,75574,2305,132737,1879,208311,California
Stanislaus,2021-04-29,3587,334842,2243,181296,1296,141860,48,11686,1409,74877,2163,134900,1466,209777,California
Stanislaus,2021-04-30,4486,339328,2046,183342,2356,144216,84,11770,1777,74047,2699,137599,1869,211646,California
Stanislaus,2021-05-01,2699,342027,1920,185262,739,144955,40,11810,1008,73421,1682,139281,1056,212702,California
Stanislaus,2021-05-02,1069,343096,610,185872,423,145378,36,11846,516,73431,547,139828,557,213259,California
Stanislaus,2021-05-03,2386,345482,1901,187773,415,145793,70,11916,898,72935,1475,141303,979,214238,California
Stanislaus,2021-05-04,3423,348905,2434,190207,901,146694,88,12004,1029,71675,2385,143688,1125,215363,California
Stanislaus,2021-05-05,3150,352055,2116,192323,960,147654,74,12078,1065,70751,2067,145755,1143,216506,California
Stanislaus,2021-05-06,3086,355141,2297,194620,683,148337,106,12184,1013,69820,2057,147812,1126,217632,California
Stanislaus,2021-05-07,2276,357417,882,195502,1252,149589,142,12326,939,69573,1329,149141,1082,218714,California
Stanislaus,2021-05-08,1954,359371,1335,196837,586,150175,33,12359,710,69092,1231,150372,750,219464,California
Stanislaus,2021-05-09,703,360074,335,197172,341,150516,27,12386,305,69027,397,150769,332,219796,California
Stanislaus,2021-05-10,1655,361729,1134,198306,443,150959,78,12464,446,68353,1199,151968,525,220321,California
Stanislaus,2021-05-11,2324,364053,1466,199772,703,151662,155,12619,653,67503,1662,153630,812,221133,California
Stanislaus,2021-05-12,2122,366175,1213,200985,807,152469,102,12721,816,67129,1294,154924,920,222053,California
Stanislaus,2021-05-13,1827,368002,1007,201992,706,153175,114,12835,826,67077,995,155919,943,222996,California
Stanislaus,2021-05-14,2482,370484,1117,203109,1238,154413,127,12962,1141,67017,1329,157248,1269,224265,California
Stanislaus,2021-05-15,2241,372725,1608,204717,586,154999,47,13009,1070,66976,1165,158413,1124,225389,California
Stanislaus,2021-05-16,535,373260,287,205004,245,155244,3,13012,290,67030,239,158652,293,225682,California
Stanislaus,2021-05-17,1176,374436,717,205721,398,155642,61,13073,489,66896,685,159337,551,226233,California
Sutter,2020-12-15,1,1,1,1,0,0,0,0,1,1,0,0,1,1,California
Sutter,2020-12-16,4,5,4,5,0,0,0,0,4,5,0,0,4,5,California
Sutter,2020-12-17,2,7,2,7,0,0,0,0,2,7,0,0,2,7,California
Sutter,2020-12-18,20,27,20,27,0,0,0,0,20,27,0,0,20,27,California
Sutter,2020-12-19,44,71,44,71,0,0,0,0,44,71,0,0,44,71,California
Sutter,2020-12-20,42,113,42,113,0,0,0,0,42,113,0,0,42,113,California
Sutter,2020-12-21,100,213,100,213,0,0,0,0,100,213,0,0,100,213,California
Sutter,2020-12-22,172,385,172,385,0,0,0,0,172,385,0,0,172,385,California
Sutter,2020-12-23,116,501,111,496,5,5,0,0,116,501,0,0,116,501,California
Sutter,2020-12-24,17,518,11,507,6,11,0,0,17,518,0,0,17,518,California
Sutter,2020-12-26,38,556,34,541,4,15,0,0,38,556,0,0,38,556,California
Sutter,2020-12-27,24,580,23,564,1,16,0,0,24,580,0,0,24,580,California
Sutter,2020-12-28,83,663,55,619,28,44,0,0,83,663,0,0,83,663,California
Sutter,2020-12-29,101,764,14,633,87,131,0,0,101,764,0,0,101,764,California
Sutter,2020-12-30,137,901,34,667,103,234,0,0,137,901,0,0,137,901,California
Sutter,2020-12-31,70,971,6,673,64,298,0,0,70,971,0,0,70,971,California
Sutter,2021-01-01,3,974,3,676,0,298,0,0,3,974,0,0,3,974,California
Sutter,2021-01-02,131,1105,129,805,2,300,0,0,131,1105,0,0,131,1105,California
Sutter,2021-01-03,1,1106,0,805,1,301,0,0,1,1106,0,0,1,1106,California
Sutter,2021-01-04,247,1353,139,944,108,409,0,0,247,1353,0,0,247,1353,California
Sutter,2021-01-05,100,1453,57,1001,43,452,0,0,98,1449,2,2,98,1451,California
Sutter,2021-01-06,204,1657,50,1051,154,606,0,0,199,1643,5,7,199,1650,California
Sutter,2021-01-07,251,1908,151,1202,100,706,0,0,242,1877,8,15,242,1892,California
Sutter,2021-01-08,147,2055,40,1242,107,813,0,0,130,1990,17,32,130,2022,California
Sutter,2021-01-09,46,2101,43,1285,3,816,0,0,5,1954,41,73,5,2027,California
Sutter,2021-01-10,397,2498,37,1322,360,1176,0,0,359,2276,37,110,359,2386,California
Sutter,2021-01-11,132,2630,114,1436,18,1194,0,0,26,2196,106,216,26,2412,California
Sutter,2021-01-12,201,2831,164,1600,37,1231,0,0,58,2111,143,359,58,2470,California
Sutter,2021-01-13,161,2992,98,1698,63,1294,0,0,71,2093,89,448,71,2541,California
Sutter,2021-01-14,145,3137,49,1747,96,1390,0,0,126,2200,19,467,126,2667,California
Sutter,2021-01-15,436,3573,132,1879,304,1694,0,0,421,2606,15,482,421,3088,California
Sutter,2021-01-16,384,3957,41,1920,343,2037,0,0,353,2929,30,512,353,3441,California
Sutter,2021-01-17,26,3983,24,1944,2,2039,0,0,10,2923,16,528,10,3451,California
Sutter,2021-01-18,117,4100,62,2006,55,2094,0,0,70,2946,47,575,70,3521,California
Sutter,2021-01-19,104,4204,43,2049,61,2155,0,0,79,3000,25,600,79,3600,California
Sutter,2021-01-20,254,4458,190,2239,64,2219,0,0,234,3214,20,620,234,3834,California
Sutter,2021-01-21,472,4930,303,2542,169,2388,0,0,453,3648,19,639,453,4287,California
Sutter,2021-01-22,269,5199,81,2623,188,2576,0,0,260,3899,9,648,260,4547,California
Sutter,2021-01-23,396,5595,39,2662,357,2933,0,0,370,4243,26,674,370,4917,California
Sutter,2021-01-24,17,5612,14,2676,3,2936,0,0,15,4256,2,676,15,4932,California
Sutter,2021-01-25,307,5919,197,2873,110,3046,0,0,152,4254,154,830,152,5084,California
Sutter,2021-01-26,248,6167,108,2981,140,3186,0,0,144,4295,103,933,144,5228,California
Sutter,2021-01-27,386,6553,255,3236,131,3317,0,0,320,4549,66,999,320,5548,California
Sutter,2021-01-28,524,7077,301,3537,223,3540,0,0,394,4814,129,1128,394,5942,California
Sutter,2021-01-29,419,7496,146,3683,273,3813,0,0,254,4903,165,1293,254,6196,California
Sutter,2021-01-30,775,8271,38,3721,737,4550,0,0,764,5656,11,1304,764,6960,California
Sutter,2021-01-31,27,8298,27,3748,0,4550,0,0,27,5683,0,1304,27,6987,California
Sutter,2021-02-01,165,8463,49,3797,116,4666,0,0,134,5786,31,1335,134,7121,California
Sutter,2021-02-02,244,8707,27,3824,217,4883,0,0,212,5966,32,1367,212,7333,California
Sutter,2021-02-03,443,9150,38,3862,405,5288,0,0,210,5943,233,1600,210,7543,California
Sutter,2021-02-04,670,9820,366,4228,304,5592,0,0,620,6513,50,1650,620,8163,California
Sutter,2021-02-05,286,10106,33,4261,253,5845,0,0,137,6501,149,1799,137,8300,California
Sutter,2021-02-06,735,10841,29,4290,706,6551,0,0,713,7192,22,1821,713,9013,California
Sutter,2021-02-07,23,10864,20,4310,3,6554,0,0,19,7207,4,1825,19,9032,California
Sutter,2021-02-08,134,10998,29,4339,105,6659,0,0,98,7269,36,1861,98,9130,California
Sutter,2021-02-09,244,11242,45,4384,199,6858,0,0,183,7391,61,1922,183,9313,California
Sutter,2021-02-10,818,12060,379,4763,439,7297,0,0,177,6928,640,2562,177,9490,California
Sutter,2021-02-11,603,12663,275,5038,328,7625,0,0,345,7015,258,2820,345,9835,California
Sutter,2021-02-12,633,13296,67,5105,566,8191,0,0,310,7003,322,3142,310,10145,California
Sutter,2021-02-13,898,14194,49,5154,849,9040,0,0,781,7667,117,3259,781,10926,California
Sutter,2021-02-14,90,14284,25,5179,65,9105,0,0,79,7735,11,3270,79,11005,California
Sutter,2021-02-15,198,14482,73,5252,125,9230,0,0,119,7775,79,3349,119,11124,California
Sutter,2021-02-16,289,14771,45,5297,244,9474,0,0,205,7897,83,3432,205,11329,California
Sutter,2021-02-17,822,15593,428,5725,394,9868,0,0,129,7333,693,4125,129,11458,California
Sutter,2021-02-18,700,16293,55,5780,645,10513,0,0,489,7612,210,4335,489,11947,California
Sutter,2021-02-19,664,16957,378,6158,286,10799,0,0,461,7872,201,4536,461,12408,California
Sutter,2021-02-20,622,17579,55,6213,567,11366,0,0,519,8289,102,4638,519,12927,California
Sutter,2021-02-21,29,17608,26,6239,3,11369,0,0,6,8272,23,4661,6,12933,California
Sutter,2021-02-22,207,17815,122,6361,85,11454,0,0,87,8239,120,4781,87,13020,California
Sutter,2021-02-23,223,18038,33,6394,190,11644,0,0,97,8210,126,4907,97,13117,California
Sutter,2021-02-24,962,19000,349,6743,613,12257,0,0,192,7633,769,5676,192,13309,California
Sutter,2021-02-25,786,19786,499,7242,287,12544,0,0,605,8060,178,5854,605,13914,California
Sutter,2021-02-26,370,20156,59,7301,311,12855,0,0,154,8000,214,6068,154,14068,California
Sutter,2021-02-27,866,21022,45,7346,821,13676,0,0,711,8554,157,6225,711,14779,California
Sutter,2021-02-28,83,21105,38,7384,45,13721,0,0,64,8600,18,6243,64,14843,California
Sutter,2021-03-01,247,21352,61,7445,186,13907,0,0,150,8653,97,6340,150,14993,California
Sutter,2021-03-02,334,21686,57,7502,277,14184,0,0,160,8640,173,6513,160,15153,California
Sutter,2021-03-03,1383,23069,513,8015,870,15054,0,0,645,8553,732,7245,645,15798,California
Sutter,2021-03-04,1256,24325,867,8882,389,15443,0,0,950,9201,302,7547,950,16748,California
Sutter,2021-03-05,338,24663,78,8960,259,15702,1,1,205,9275,132,7679,206,16954,California
Sutter,2021-03-06,1022,25685,46,9006,971,16673,5,6,860,9978,162,7841,865,17819,California
Sutter,2021-03-07,64,25749,23,9029,40,16713,1,7,44,10003,20,7861,45,17864,California
Sutter,2021-03-08,226,25975,79,9108,135,16848,12,19,158,10105,68,7929,170,18034,California
Sutter,2021-03-09,385,26360,136,9244,236,17084,13,32,183,10099,202,8131,196,18230,California
Sutter,2021-03-10,1571,27931,683,9927,827,17911,61,93,527,9646,1041,9172,588,18818,California
Sutter,2021-03-11,895,28826,442,10369,434,18345,19,112,648,10069,244,9416,667,19485,California
Sutter,2021-03-12,673,29499,110,10479,381,18726,182,294,199,9977,471,9887,379,19864,California
Sutter,2021-03-13,982,30481,748,11227,217,18943,17,311,779,10572,201,10088,796,20660,California
Sutter,2021-03-14,128,30609,21,11248,96,19039,11,322,43,10541,85,10173,54,20714,California
Sutter,2021-03-15,318,30927,66,11314,203,19242,49,371,151,10575,166,10339,200,20914,California
Sutter,2021-03-16,388,31315,86,11400,255,19497,47,418,210,10653,178,10517,256,21170,California
Sutter,2021-03-17,1498,32813,564,11964,914,20411,20,438,312,9806,1178,11695,331,21501,California
Sutter,2021-03-18,968,33781,180,12144,587,20998,201,639,569,10177,398,12093,769,22270,California
Sutter,2021-03-19,463,34244,165,12309,269,21267,29,668,284,10313,177,12270,313,22583,California
Sutter,2021-03-20,949,35193,116,12425,822,22089,11,679,860,11095,89,12359,871,23454,California
Sutter,2021-03-21,67,35260,47,12472,17,22106,3,682,37,11105,30,12389,40,23494,California
Sutter,2021-03-22,287,35547,120,12592,141,22247,26,708,212,11269,74,12463,238,23732,California
Sutter,2021-03-23,377,35924,116,12708,229,22476,32,740,255,11434,122,12585,287,24019,California
Sutter,2021-03-24,1688,37612,774,13482,844,23320,70,810,317,10464,1357,13942,387,24406,California
Sutter,2021-03-25,1041,38653,681,14163,319,23639,41,851,370,10207,668,14610,411,24817,California
Sutter,2021-03-26,485,39138,173,14336,295,23934,17,868,293,10328,189,14799,310,25127,California
Sutter,2021-03-27,931,40069,63,14399,866,24800,2,870,823,11048,105,14904,825,25952,California
Sutter,2021-03-28,125,40194,71,14470,54,24854,0,870,78,11081,45,14949,78,26030,California
Sutter,2021-03-29,427,40621,144,14614,228,25082,55,925,225,11161,200,15149,280,26310,California
Sutter,2021-03-30,478,41099,160,14774,308,25390,10,935,318,11329,160,15309,328,26638,California
Sutter,2021-03-31,1249,42348,176,14950,1057,26447,16,951,448,11001,791,16100,463,27101,California
Sutter,2021-04-01,1380,43728,735,15685,458,26905,187,1138,424,10664,949,17049,612,27713,California
Sutter,2021-04-02,513,44241,100,15785,295,27200,118,1256,201,10669,311,17360,316,28029,California
Sutter,2021-04-03,910,45151,77,15862,210,27410,623,1879,121,10626,787,18147,744,28773,California
Sutter,2021-04-04,118,45269,22,15884,90,27500,6,1885,55,10624,63,18210,61,28834,California
Sutter,2021-04-05,369,45638,146,16030,187,27687,36,1921,178,10650,188,18398,214,29048,California
Sutter,2021-04-06,508,46146,197,16227,255,27942,56,1977,272,10743,235,18633,328,29376,California
Sutter,2021-04-07,1462,47608,865,17092,522,28464,75,2052,600,10563,855,19488,675,30051,California
Sutter,2021-04-08,1036,48644,576,17668,351,28815,109,2161,570,10779,461,19949,677,30728,California
Sutter,2021-04-09,560,49204,247,17915,249,29064,64,2225,234,10753,324,20273,298,31026,California
Sutter,2021-04-10,818,50022,106,18021,87,29151,625,2850,106,10766,710,20983,723,31749,California
Sutter,2021-04-11,111,50133,28,18049,40,29191,43,2893,32,10762,79,21062,75,31824,California
Sutter,2021-04-12,336,50469,91,18140,191,29382,54,2947,136,10752,200,21262,190,32014,California
Sutter,2021-04-13,430,50899,128,18268,302,29684,0,2947,215,10754,213,21475,215,32229,California
Sutter,2021-04-14,1292,52191,161,18429,1130,30814,1,2948,213,9895,1073,22548,214,32443,California
Sutter,2021-04-15,535,52726,175,18604,360,31174,0,2948,213,9788,320,22868,213,32656,California
Sutter,2021-04-16,393,53119,123,18727,270,31444,0,2948,180,9756,212,23080,180,32836,California
Sutter,2021-04-17,577,53696,84,18811,493,31937,0,2948,505,10191,70,23150,505,33341,California
Sutter,2021-04-18,69,53765,10,18821,59,31996,0,2948,42,10207,26,23176,42,33383,California
Sutter,2021-04-19,288,54053,110,18931,178,32174,0,2948,120,10161,166,23342,120,33503,California
Sutter,2021-04-20,416,54469,136,19067,279,32453,1,2949,202,10150,213,23555,202,33705,California
Sutter,2021-04-21,1234,55703,421,19488,813,33266,0,2949,476,9877,749,24304,476,34181,California
Sutter,2021-04-22,480,56183,167,19655,313,33579,0,2949,247,9893,231,24535,247,34428,California
Sutter,2021-04-23,397,56580,115,19770,282,33861,0,2949,186,9869,210,24745,186,34614,California
Sutter,2021-04-24,326,56906,106,19876,219,34080,1,2950,185,9915,140,24885,186,34800,California
Sutter,2021-04-25,157,57063,75,19951,82,34162,0,2950,86,9933,68,24953,86,34886,California
Sutter,2021-04-26,287,57350,88,20039,197,34359,2,2952,123,9896,162,25115,125,35011,California
Sutter,2021-04-27,526,57876,265,20304,257,34616,4,2956,242,9861,281,25396,246,35257,California
Sutter,2021-04-28,816,58692,340,20644,468,35084,8,2964,260,9578,551,25947,268,35525,California
Sutter,2021-04-29,775,59467,136,20780,638,35722,1,2965,310,9427,462,26409,311,35836,California
Sutter,2021-04-30,356,59823,108,20888,235,35957,13,2978,145,9376,208,26617,157,35993,California
Sutter,2021-05-01,294,60117,105,20993,148,36105,41,3019,124,9374,167,26784,165,36158,California
Sutter,2021-05-02,79,60196,52,21045,25,36130,2,3021,45,9387,34,26818,47,36205,California
Sutter,2021-05-03,169,60365,107,21152,53,36183,9,3030,69,9365,100,26918,78,36283,California
Sutter,2021-05-04,522,60887,236,21388,222,36405,64,3094,221,9351,298,27216,284,36567,California
Sutter,2021-05-05,535,61422,141,21529,386,36791,8,3102,159,9149,369,27585,167,36734,California
Sutter,2021-05-06,425,61847,231,21760,174,36965,20,3122,192,9128,233,27818,212,36946,California
Sutter,2021-05-07,405,62252,145,21905,238,37203,22,3144,152,9050,252,28070,174,37120,California
Sutter,2021-05-08,196,62448,49,21954,141,37344,6,3150,106,9072,90,28160,112,37232,California
Sutter,2021-05-09,81,62529,52,22006,24,37368,5,3155,56,9108,25,28185,61,37293,California
Sutter,2021-05-10,188,62717,42,22048,129,37497,17,3172,47,9033,139,28324,64,37357,California
Sutter,2021-05-11,431,63148,212,22260,202,37699,17,3189,178,8978,249,28573,194,37551,California
Sutter,2021-05-12,393,63541,207,22467,176,37875,10,3199,131,8861,258,28831,141,37692,California
Sutter,2021-05-13,411,63952,223,22690,166,38041,22,3221,163,8800,246,29077,185,37877,California
Sutter,2021-05-14,426,64378,178,22868,233,38274,15,3236,208,8807,216,29293,223,38100,California
Sutter,2021-05-15,783,65161,265,23133,487,38761,31,3267,272,8601,509,29802,303,38403,California
Sutter,2021-05-16,29,65190,7,23140,19,38780,3,3270,13,8601,16,29818,16,38419,California
Sutter,2021-05-17,138,65328,25,23165,110,38890,3,3273,70,8606,68,29886,73,38492,California
Tehama,2020-12-15,1,1,1,1,0,0,0,0,1,1,0,0,1,1,California
Tehama,2020-12-16,2,3,2,3,0,0,0,0,2,3,0,0,2,3,California
Tehama,2020-12-17,12,15,12,15,0,0,0,0,12,15,0,0,12,15,California
Tehama,2020-12-18,2,17,2,17,0,0,0,0,3,18,0,0,3,18,California
Tehama,2020-12-21,33,50,33,50,0,0,0,0,33,51,0,0,33,51,California
Tehama,2020-12-22,68,118,62,112,6,6,0,0,68,119,0,0,68,119,California
Tehama,2020-12-23,48,166,40,152,8,14,0,0,48,167,0,0,48,167,California
Tehama,2020-12-24,5,171,3,155,2,16,0,0,5,172,0,0,5,172,California
Tehama,2020-12-26,3,174,2,157,1,17,0,0,3,175,0,0,3,175,California
Tehama,2020-12-27,2,176,2,159,0,17,0,0,2,177,0,0,2,177,California
Tehama,2020-12-28,56,232,43,202,13,30,0,0,56,233,0,0,56,233,California
Tehama,2020-12-29,31,263,31,233,0,30,0,0,31,264,0,0,31,264,California
Tehama,2020-12-30,54,317,38,271,16,46,0,0,53,317,0,0,53,317,California
Tehama,2020-12-31,14,331,4,275,10,56,0,0,14,331,0,0,14,331,California
Tehama,2021-01-01,2,333,0,275,2,58,0,0,2,333,0,0,2,333,California
Tehama,2021-01-04,32,365,9,284,23,81,0,0,32,365,0,0,32,365,California
Tehama,2021-01-05,70,435,43,327,27,108,0,0,67,429,3,3,67,432,California
Tehama,2021-01-06,71,506,21,348,50,158,0,0,62,483,8,11,62,494,California
Tehama,2021-01-07,57,563,7,355,50,208,0,0,56,538,1,12,56,550,California
Tehama,2021-01-08,33,596,24,379,9,217,0,0,28,561,5,17,28,578,California
Tehama,2021-01-09,7,603,5,384,2,219,0,0,5,564,2,19,5,583,California
Tehama,2021-01-10,1,604,0,384,1,220,0,0,1,565,0,19,1,584,California
Tehama,2021-01-11,48,652,46,430,2,222,0,0,15,547,33,52,15,599,California
Tehama,2021-01-12,116,768,96,526,20,242,0,0,71,573,45,97,71,670,California
Tehama,2021-01-13,73,841,55,581,18,260,0,0,27,554,46,143,27,697,California
Tehama,2021-01-14,225,1066,51,632,174,434,0,0,223,775,2,145,223,920,California
Tehama,2021-01-15,247,1313,74,706,173,607,0,0,243,1014,4,149,243,1163,California
Tehama,2021-01-16,272,1585,27,733,245,852,0,0,269,1280,3,152,269,1432,California
Tehama,2021-01-17,13,1598,9,742,4,856,0,0,11,1289,2,154,11,1443,California
Tehama,2021-01-18,10,1608,6,748,4,860,0,0,5,1289,5,159,5,1448,California
Tehama,2021-01-19,288,1896,62,810,226,1086,0,0,233,1467,55,214,233,1681,California
Tehama,2021-01-20,301,2197,87,897,214,1300,0,0,251,1669,49,263,251,1932,California
Tehama,2021-01-21,214,2411,11,908,203,1503,0,0,204,1863,10,273,204,2136,California
Tehama,2021-01-22,223,2634,21,929,202,1705,0,0,220,2080,3,276,220,2356,California
Tehama,2021-01-23,261,2895,10,939,251,1956,0,0,260,2339,1,277,260,2616,California
Tehama,2021-01-24,1,2896,1,940,0,1956,0,0,1,2340,0,277,1,2617,California
Tehama,2021-01-25,32,2928,14,954,18,1974,0,0,14,2336,18,295,14,2631,California
Tehama,2021-01-26,323,3251,42,996,281,2255,0,0,286,2585,37,332,286,2917,California
Tehama,2021-01-27,299,3550,21,1017,278,2533,0,0,279,2844,20,352,279,3196,California
Tehama,2021-01-28,340,3890,29,1046,311,2844,0,0,325,3154,15,367,325,3521,California
Tehama,2021-01-29,321,4211,19,1065,302,3146,0,0,304,3441,17,384,304,3825,California
Tehama,2021-01-30,103,4314,2,1067,101,3247,0,0,102,3542,1,385,102,3927,California
Tehama,2021-01-31,1,4315,0,1067,1,3248,0,0,1,3543,0,385,1,3928,California
Tehama,2021-02-01,78,4393,22,1089,56,3304,0,0,36,3537,42,427,36,3964,California
Tehama,2021-02-02,348,4741,63,1152,285,3589,0,0,251,3694,94,521,251,4215,California
Tehama,2021-02-03,387,5128,12,1164,375,3964,0,0,343,3993,44,565,343,4558,California
Tehama,2021-02-04,477,5605,99,1263,378,4342,0,0,396,4309,81,646,397,4955,California
Tehama,2021-02-05,174,5779,73,1336,101,4443,0,0,112,4359,62,708,112,5067,California
Tehama,2021-02-06,28,5807,13,1349,15,4458,0,0,16,4363,12,720,16,5083,California
Tehama,2021-02-07,5,5812,4,1353,1,4459,0,0,2,4362,3,723,2,5085,California
Tehama,2021-02-08,36,5848,14,1367,22,4481,0,0,27,4380,9,732,27,5112,California
Tehama,2021-02-09,78,5926,34,1401,44,4525,0,0,44,4390,34,766,44,5156,California
Tehama,2021-02-10,233,6159,62,1463,171,4696,0,0,157,4471,76,842,157,5313,California
Tehama,2021-02-11,221,6380,16,1479,205,4901,0,0,82,4416,137,979,82,5395,California
Tehama,2021-02-12,364,6744,65,1544,299,5200,0,0,174,4400,190,1169,174,5569,California
Tehama,2021-02-13,386,7130,13,1557,373,5573,0,0,147,4308,239,1408,147,5716,California
Tehama,2021-02-14,34,7164,1,1558,33,5606,0,0,32,4338,2,1410,32,5748,California
Tehama,2021-02-15,51,7215,9,1567,42,5648,0,0,45,4377,6,1416,45,5793,California
Tehama,2021-02-16,242,7457,16,1583,226,5874,0,0,60,4255,182,1598,60,5853,California
Tehama,2021-02-17,280,7737,12,1595,268,6142,0,0,54,4083,226,1824,54,5907,California
Tehama,2021-02-18,368,8105,32,1627,336,6478,0,0,144,4003,224,2048,144,6051,California
Tehama,2021-02-19,213,8318,18,1645,195,6673,0,0,42,3874,171,2219,42,6093,California
Tehama,2021-02-20,271,8589,6,1651,265,6938,0,0,26,3655,245,2464,26,6119,California
Tehama,2021-02-21,1,8590,1,1652,0,6938,0,0,1,3656,0,2464,1,6120,California
Tehama,2021-02-22,39,8629,15,1667,24,6962,0,0,26,3669,13,2477,26,6146,California
Tehama,2021-02-23,46,8675,19,1686,27,6989,0,0,26,3675,20,2497,26,6172,California
Tehama,2021-02-24,299,8974,13,1699,286,7275,0,0,26,3428,273,2770,26,6198,California
Tehama,2021-02-25,378,9352,62,1761,316,7591,0,0,39,3129,338,3108,39,6237,California
Tehama,2021-02-26,455,9807,19,1780,436,8027,0,0,70,2814,385,3493,70,6307,California
Tehama,2021-02-27,294,10101,5,1785,289,8316,0,0,34,2588,260,3753,34,6341,California
Tehama,2021-02-28,23,10124,2,1787,21,8337,0,0,20,2605,3,3756,20,6361,California
Tehama,2021-03-01,67,10191,8,1795,59,8396,0,0,33,2604,34,3790,33,6394,California
Tehama,2021-03-02,133,10324,18,1813,115,8511,0,0,30,2531,103,3893,30,6424,California
Tehama,2021-03-03,146,10470,33,1846,113,8624,0,0,47,2479,99,3992,47,6471,California
Tehama,2021-03-04,621,11091,36,1882,585,9209,0,0,222,2309,392,4384,222,6693,California
Tehama,2021-03-05,396,11487,18,1900,378,9587,0,0,214,2342,181,4565,214,6907,California
Tehama,2021-03-06,299,11786,17,1917,282,9869,0,0,81,2207,217,4782,82,6989,California
Tehama,2021-03-07,5,11791,1,1918,4,9873,0,0,3,2209,1,4783,3,6992,California
Tehama,2021-03-08,58,11849,12,1930,31,9904,15,15,27,2221,30,4813,42,7034,California
Tehama,2021-03-09,364,12213,8,1938,337,10241,19,34,309,2494,55,4868,328,7362,California
Tehama,2021-03-10,352,12565,13,1951,318,10559,21,55,69,2302,282,5150,90,7452,California
Tehama,2021-03-11,486,13051,17,1968,423,10982,46,101,343,2548,143,5293,389,7841,California
Tehama,2021-03-12,304,13355,19,1987,220,11202,65,166,179,2667,125,5418,244,8085,California
Tehama,2021-03-13,45,13400,8,1995,31,11233,6,172,6,2640,39,5457,12,8097,California
Tehama,2021-03-14,51,13451,3,1998,37,11270,11,183,9,2618,42,5499,20,8117,California
Tehama,2021-03-15,151,13602,21,2019,110,11380,20,203,82,2651,69,5568,102,8219,California
Tehama,2021-03-16,418,14020,14,2033,366,11746,38,241,315,2902,102,5670,353,8572,California
Tehama,2021-03-17,416,14436,22,2055,362,12108,32,273,333,3186,81,5751,365,8937,California
Tehama,2021-03-18,489,14925,26,2081,439,12547,24,297,310,3343,177,5928,334,9271,California
Tehama,2021-03-19,317,15242,23,2104,281,12828,13,310,275,3589,42,5970,288,9559,California
Tehama,2021-03-20,40,15282,8,2112,30,12858,2,312,28,3607,12,5982,30,9589,California
Tehama,2021-03-21,12,15294,5,2117,7,12865,0,312,12,3619,0,5982,12,9601,California
Tehama,2021-03-22,90,15384,7,2124,66,12931,17,329,49,3644,41,6023,66,9667,California
Tehama,2021-03-23,87,15471,26,2150,54,12985,7,336,68,3700,19,6042,75,9742,California
Tehama,2021-03-24,86,15557,16,2166,68,13053,2,338,55,3726,31,6073,57,9799,California
Tehama,2021-03-25,516,16073,352,2518,151,13204,13,351,466,4156,49,6122,479,10278,California
Tehama,2021-03-26,506,16579,398,2916,96,13300,12,363,431,4525,74,6196,443,10721,California
Tehama,2021-03-27,452,17031,360,3276,67,13367,25,388,385,4869,66,6262,410,11131,California
Tehama,2021-03-28,34,17065,13,3289,21,13388,0,388,22,4879,12,6274,22,11153,California
Tehama,2021-03-29,123,17188,31,3320,91,13479,1,389,77,4910,46,6320,77,11230,California
Tehama,2021-03-30,372,17560,222,3542,148,13627,2,391,254,5048,118,6438,256,11486,California
Tehama,2021-03-31,397,17957,296,3838,98,13725,3,394,325,5304,71,6509,327,11813,California
Tehama,2021-04-01,528,18485,248,4086,274,13999,6,400,395,5572,133,6642,401,12214,California
Tehama,2021-04-02,452,18937,213,4299,233,14232,6,406,268,5661,184,6826,273,12487,California
Tehama,2021-04-03,60,18997,3,4302,52,14284,5,411,30,5666,30,6856,35,12522,California
Tehama,2021-04-04,34,19031,6,4308,27,14311,1,412,22,5677,12,6868,23,12545,California
Tehama,2021-04-05,115,19146,21,4329,68,14379,26,438,60,5708,55,6923,86,12631,California
Tehama,2021-04-06,493,19639,110,4439,332,14711,51,489,141,5548,352,7275,192,12823,California
Tehama,2021-04-07,416,20055,282,4721,90,14801,44,533,303,5782,112,7387,346,13169,California
Tehama,2021-04-08,600,20655,174,4895,388,15189,38,571,229,5679,370,7757,267,13436,California
Tehama,2021-04-09,430,21085,193,5088,204,15393,33,604,215,5713,214,7971,248,13684,California
Tehama,2021-04-10,72,21157,9,5097,37,15430,26,630,39,5745,33,8004,65,13749,California
Tehama,2021-04-11,33,21190,7,5104,15,15445,11,641,8,5739,25,8029,19,13768,California
Tehama,2021-04-12,112,21302,6,5110,87,15532,19,660,42,5730,70,8099,61,13829,California
Tehama,2021-04-13,386,21688,63,5173,323,15855,0,660,67,5478,319,8418,67,13896,California
Tehama,2021-04-14,405,22093,52,5225,353,16208,0,660,53,5181,350,8768,53,13949,California
Tehama,2021-04-15,496,22589,192,5417,304,16512,0,660,85,4855,411,9179,85,14034,California
Tehama,2021-04-16,587,23176,336,5753,251,16763,0,660,76,4420,511,9690,76,14110,California
Tehama,2021-04-17,347,23523,268,6021,79,16842,0,660,41,4157,305,9995,42,14152,California
Tehama,2021-04-18,17,23540,3,6024,14,16856,0,660,13,4166,4,9999,13,14165,California
Tehama,2021-04-19,93,23633,7,6031,86,16942,0,660,40,4153,53,10052,40,14205,California
Tehama,2021-04-20,500,24133,412,6443,88,17030,0,660,146,3949,352,10404,148,14353,California
Tehama,2021-04-21,519,24652,445,6888,74,17104,0,660,168,3767,350,10754,168,14521,California
Tehama,2021-04-22,515,25167,364,7252,151,17255,0,660,150,3553,364,11118,150,14671,California
Tehama,2021-04-23,445,25612,346,7598,99,17354,0,660,204,3517,241,11359,205,14876,California
Tehama,2021-04-24,104,25716,18,7616,86,17440,0,660,30,3473,74,11433,30,14906,California
Tehama,2021-04-25,29,25745,18,7634,11,17451,0,660,11,3466,18,11451,11,14917,California
Tehama,2021-04-26,74,25819,10,7644,64,17515,0,660,43,3478,31,11482,43,14960,California
Tehama,2021-04-27,251,26070,206,7850,45,17560,0,660,92,3411,159,11641,92,15052,California
Tehama,2021-04-28,395,26465,318,8168,60,17620,17,677,65,3163,330,11971,82,15134,California
Tehama,2021-04-29,351,26816,171,8339,175,17795,5,682,68,2954,282,12253,73,15207,California
Tehama,2021-04-30,324,27140,240,8579,78,17873,6,688,112,2860,212,12465,118,15325,California
Tehama,2021-05-01,72,27212,4,8583,65,17938,3,691,14,2819,58,12523,17,15342,California
Tehama,2021-05-02,46,27258,24,8607,10,17948,12,703,26,2837,20,12543,38,15380,California
Tehama,2021-05-03,117,27375,41,8648,68,18016,8,711,62,2852,55,12598,70,15450,California
Tehama,2021-05-04,156,27531,55,8703,94,18110,7,718,67,2837,89,12687,74,15524,California
Tehama,2021-05-05,86,27617,21,8724,55,18165,10,728,38,2837,48,12735,48,15572,California
Tehama,2021-05-06,162,27779,90,8814,57,18222,15,743,97,2884,65,12800,112,15684,California
Tehama,2021-05-07,167,27946,71,8885,85,18307,11,754,46,2822,119,12919,57,15741,California
Tehama,2021-05-08,49,27995,6,8891,42,18349,1,755,13,2800,36,12955,14,15755,California
Tehama,2021-05-09,15,28010,3,8894,12,18361,0,755,6,2797,9,12964,6,15761,California
Tehama,2021-05-10,77,28087,7,8901,64,18425,6,761,36,2799,40,13004,42,15803,California
Tehama,2021-05-11,163,28250,115,9016,37,18462,11,772,32,2711,131,13135,43,15846,California
Tehama,2021-05-12,193,28443,133,9149,52,18514,8,780,40,2607,152,13287,48,15894,California
Tehama,2021-05-13,221,28664,157,9306,55,18569,9,789,96,2587,125,13412,105,15999,California
Tehama,2021-05-14,233,28897,128,9434,88,18657,17,806,54,2479,179,13591,71,16070,California
Tehama,2021-05-15,195,29092,114,9548,52,18709,29,835,138,2590,56,13647,167,16237,California
Tehama,2021-05-16,12,29104,3,9551,9,18718,0,835,7,2592,5,13652,7,16244,California
Tehama,2021-05-17,62,29166,14,9565,41,18759,7,842,27,2592,34,13686,34,16278,California
Trinity,2020-12-17,4,4,4,4,0,0,0,0,4,4,0,0,4,4,California
Trinity,2020-12-18,2,6,2,6,0,0,0,0,2,6,0,0,2,6,California
Trinity,2020-12-21,39,45,39,45,0,0,0,0,39,45,0,0,39,45,California
Trinity,2020-12-22,5,50,5,50,0,0,0,0,5,50,0,0,5,50,California
Trinity,2020-12-23,5,55,5,55,0,0,0,0,5,55,0,0,5,55,California
Trinity,2020-12-28,30,85,30,85,0,0,0,0,30,85,0,0,30,85,California
Trinity,2020-12-29,8,93,7,92,1,1,0,0,8,93,0,0,8,93,California
Trinity,2020-12-30,10,103,8,100,2,3,0,0,10,103,0,0,10,103,California
Trinity,2020-12-31,2,105,1,101,1,4,0,0,2,105,0,0,2,105,California
Trinity,2021-01-04,28,133,0,101,28,32,0,0,26,131,0,0,26,131,California
Trinity,2021-01-05,3,136,1,102,2,34,0,0,3,134,0,0,3,134,California
Trinity,2021-01-06,24,160,4,106,20,54,0,0,20,150,4,4,20,154,California
Trinity,2021-01-08,49,209,2,108,47,101,0,0,48,196,2,6,48,202,California
Trinity,2021-01-11,42,251,39,147,3,104,0,0,4,162,38,44,4,206,California
Trinity,2021-01-12,9,260,7,154,2,106,0,0,4,161,5,49,4,210,California
Trinity,2021-01-13,7,267,4,158,3,109,0,0,4,162,3,52,4,214,California
Trinity,2021-01-14,4,271,1,159,3,112,0,0,4,166,0,52,4,218,California
Trinity,2021-01-15,4,275,0,159,4,116,0,0,4,170,0,52,4,222,California
Trinity,2021-01-16,4,279,0,159,4,120,0,0,4,174,0,52,4,226,California
Trinity,2021-01-18,31,310,31,190,0,120,0,0,1,145,30,82,1,227,California
Trinity,2021-01-19,96,406,14,204,82,202,0,0,82,213,14,96,82,309,California
Trinity,2021-01-20,19,425,3,207,16,218,0,0,17,228,2,98,17,326,California
Trinity,2021-01-21,17,442,7,214,10,228,0,0,17,245,0,98,17,343,California
Trinity,2021-01-22,5,447,1,215,4,232,0,0,5,250,0,98,5,348,California
Trinity,2021-01-23,7,454,3,218,4,236,0,0,7,257,0,98,7,355,California
Trinity,2021-01-25,14,468,1,219,13,249,0,0,13,269,1,99,13,368,California
Trinity,2021-01-26,10,478,1,220,9,258,0,0,9,277,1,100,9,377,California
Trinity,2021-01-27,12,490,0,220,12,270,0,0,12,289,0,100,12,389,California
Trinity,2021-01-28,13,503,3,223,10,280,0,0,10,296,3,103,10,399,California
Trinity,2021-01-29,2,505,0,223,2,282,0,0,1,296,1,104,1,400,California
Trinity,2021-01-30,12,517,11,234,1,283,0,0,12,308,0,104,12,412,California
Trinity,2021-02-01,2,519,1,235,1,284,0,0,1,308,1,105,1,413,California
Trinity,2021-02-02,14,533,3,238,11,295,0,0,13,320,1,106,13,426,California
Trinity,2021-02-03,6,539,1,239,5,300,0,0,3,320,3,109,3,429,California
Trinity,2021-02-04,42,581,32,271,10,310,0,0,35,348,7,116,35,464,California
Trinity,2021-02-05,350,931,0,271,350,660,0,0,320,638,30,146,320,784,California
Trinity,2021-02-06,210,1141,5,276,205,865,0,0,203,834,7,153,203,987,California
Trinity,2021-02-07,1,1142,0,276,1,866,0,0,1,835,0,153,1,988,California
Trinity,2021-02-08,25,1167,0,276,25,891,0,0,15,840,10,163,15,1003,California
Trinity,2021-02-09,27,1194,2,278,25,916,0,0,11,835,16,179,11,1014,California
Trinity,2021-02-10,122,1316,10,288,112,1028,0,0,102,917,20,199,102,1116,California
Trinity,2021-02-11,339,1655,2,290,337,1365,0,0,332,1242,7,206,332,1448,California
Trinity,2021-02-12,14,1669,6,296,8,1373,0,0,10,1248,4,210,10,1458,California
Trinity,2021-02-13,12,1681,5,301,7,1380,0,0,5,1246,7,217,5,1463,California
Trinity,2021-02-14,2,1683,2,303,0,1380,0,0,2,1248,0,217,2,1465,California
Trinity,2021-02-15,47,1730,0,303,47,1427,0,0,47,1295,0,217,47,1512,California
Trinity,2021-02-16,5,1735,1,304,4,1431,0,0,3,1296,2,219,3,1515,California
Trinity,2021-02-17,94,1829,2,306,92,1523,0,0,84,1370,10,229,84,1599,California
Trinity,2021-02-18,4,1833,0,306,4,1527,0,0,1,1368,3,232,1,1600,California
Trinity,2021-02-19,304,2137,2,308,302,1829,0,0,290,1644,14,246,290,1890,California
Trinity,2021-02-20,141,2278,14,322,127,1956,0,0,113,1729,28,274,113,2003,California
Trinity,2021-02-21,1,2279,1,323,0,1956,0,0,1,1730,0,274,1,2004,California
Trinity,2021-02-22,8,2287,0,323,8,1964,0,0,5,1732,3,277,5,2009,California
Trinity,2021-02-23,11,2298,4,327,7,1971,0,0,6,1733,5,282,6,2015,California
Trinity,2021-02-24,30,2328,8,335,22,1993,0,0,7,1717,23,305,7,2022,California
Trinity,2021-02-25,36,2364,23,358,13,2006,0,0,5,1691,31,336,5,2027,California
Trinity,2021-02-26,11,2375,1,359,10,2016,0,0,5,1690,6,342,5,2032,California
Trinity,2021-02-27,9,2384,7,366,2,2018,0,0,4,1689,5,347,4,2036,California
Trinity,2021-03-01,9,2393,0,366,9,2027,0,0,5,1690,4,351,5,2041,California
Trinity,2021-03-02,9,2402,3,369,6,2033,0,0,2,1685,7,358,2,2043,California
Trinity,2021-03-03,5,2407,0,369,5,2038,0,0,4,1688,1,359,4,2047,California
Trinity,2021-03-04,24,2431,19,388,5,2043,0,0,14,1692,10,369,14,2061,California
Trinity,2021-03-05,388,2819,1,389,387,2430,0,0,121,1550,263,632,121,2182,California
Trinity,2021-03-06,202,3021,7,396,195,2625,0,0,27,1402,175,807,27,2209,California
Trinity,2021-03-07,4,3025,3,399,1,2626,0,0,3,1404,1,808,3,2212,California
Trinity,2021-03-08,3,3028,0,399,2,2628,1,1,1,1404,2,810,2,2214,California
Trinity,2021-03-09,94,3122,0,399,92,2720,2,3,89,1490,5,815,91,2305,California
Trinity,2021-03-10,126,3248,3,402,120,2840,3,6,38,1443,88,903,41,2346,California
Trinity,2021-03-11,14,3262,4,406,8,2848,2,8,5,1441,9,912,7,2353,California
Trinity,2021-03-12,385,3647,5,411,374,3222,6,14,90,1242,295,1207,96,2449,California
Trinity,2021-03-13,13,3660,8,419,3,3225,2,16,8,1247,5,1212,10,2459,California
Trinity,2021-03-14,3,3663,1,420,2,3227,0,16,2,1248,1,1213,2,2461,California
Trinity,2021-03-15,67,3730,0,420,66,3293,1,17,14,1210,53,1266,15,2476,California
Trinity,2021-03-16,115,3845,7,427,108,3401,0,17,101,1297,14,1280,101,2577,California
Trinity,2021-03-17,100,3945,3,430,97,3498,0,17,26,1249,74,1354,26,2603,California
Trinity,2021-03-18,10,3955,2,432,5,3503,3,20,5,1252,5,1359,8,2611,California
Trinity,2021-03-19,459,4414,4,436,345,3848,110,130,36,975,423,1782,146,2757,California
Trinity,2021-03-20,105,4519,7,443,98,3946,0,130,70,1011,34,1816,70,2827,California
Trinity,2021-03-21,4,4523,0,443,3,3949,1,131,3,1014,1,1817,4,2831,California
Trinity,2021-03-22,2,4525,0,443,2,3951,0,131,2,1016,0,1817,2,2833,California
Trinity,2021-03-23,96,4621,2,445,94,4045,0,131,78,1076,18,1835,78,2911,California
Trinity,2021-03-24,12,4633,1,446,11,4056,0,131,9,1082,3,1838,9,2920,California
Trinity,2021-03-25,110,4743,8,454,96,4152,6,137,84,1146,26,1864,90,3010,California
Trinity,2021-03-26,85,4828,8,462,77,4229,0,137,78,1217,7,1871,78,3088,California
Trinity,2021-03-27,19,4847,4,466,6,4235,9,146,8,1223,11,1882,17,3105,California
Trinity,2021-03-28,5,4852,3,469,2,4237,0,146,1,1220,4,1886,1,3106,California
Trinity,2021-03-29,5,4857,0,469,5,4242,0,146,2,1219,3,1889,2,3108,California
Trinity,2021-03-30,77,4934,5,474,72,4314,0,146,67,1276,10,1899,67,3175,California
Trinity,2021-03-31,56,4990,5,479,19,4333,32,178,21,1293,35,1934,52,3227,California
Trinity,2021-04-01,41,5031,11,490,19,4352,11,189,21,1305,20,1954,32,3259,California
Trinity,2021-04-02,244,5275,5,495,165,4517,74,263,73,1283,170,2124,148,3407,California
Trinity,2021-04-03,17,5292,12,507,5,4522,0,263,7,1280,10,2134,7,3414,California
Trinity,2021-04-04,10,5302,8,515,2,4524,0,263,8,1286,2,2136,8,3422,California
Trinity,2021-04-05,59,5361,6,521,52,4576,1,264,55,1338,4,2140,56,3478,California
Trinity,2021-04-06,116,5477,15,536,98,4674,3,267,28,1281,88,2228,31,3509,California
Trinity,2021-04-07,24,5501,12,548,7,4681,5,272,16,1294,8,2236,21,3530,California
Trinity,2021-04-08,87,5588,10,558,75,4756,2,274,50,1309,37,2273,52,3582,California
Trinity,2021-04-09,169,5757,20,578,144,4900,5,279,90,1325,79,2352,95,3677,California
Trinity,2021-04-10,11,5768,7,585,4,4904,0,279,10,1334,1,2353,10,3687,California
Trinity,2021-04-11,9,5777,5,590,2,4906,2,281,4,1335,5,2358,6,3693,California
Trinity,2021-04-12,77,5854,5,595,71,4977,1,282,64,1387,12,2370,64,3757,California
Trinity,2021-04-13,97,5951,5,600,92,5069,0,282,10,1310,87,2457,10,3767,California
Trinity,2021-04-14,10,5961,5,605,5,5074,0,282,6,1312,4,2461,6,3773,California
Trinity,2021-04-15,43,6004,10,615,33,5107,0,282,14,1297,29,2490,14,3787,California
Trinity,2021-04-16,144,6148,12,627,132,5239,0,282,72,1297,72,2562,72,3859,California
Trinity,2021-04-17,11,6159,5,632,6,5245,0,282,9,1304,2,2564,9,3868,California
Trinity,2021-04-18,3,6162,1,633,2,5247,0,282,0,1301,3,2567,0,3868,California
Trinity,2021-04-19,5,6167,2,635,3,5250,0,282,4,1304,1,2568,4,3872,California
Trinity,2021-04-20,92,6259,8,643,84,5334,0,282,20,1252,72,2640,20,3892,California
Trinity,2021-04-21,22,6281,9,652,13,5347,0,282,9,1248,13,2653,9,3901,California
Trinity,2021-04-22,91,6372,5,657,86,5433,0,282,14,1185,77,2730,14,3915,California
Trinity,2021-04-23,183,6555,6,663,177,5610,0,282,114,1230,69,2799,114,4029,California
Trinity,2021-04-24,22,6577,13,676,9,5619,0,282,6,1220,16,2815,6,4035,California
Trinity,2021-04-25,10,6587,9,685,1,5620,0,282,3,1217,6,2821,3,4038,California
Trinity,2021-04-26,45,6632,6,691,39,5659,0,282,40,1252,5,2826,40,4078,California
Trinity,2021-04-27,85,6717,7,698,78,5737,0,282,22,1211,63,2889,22,4100,California
Trinity,2021-04-28,33,6750,11,709,22,5759,0,282,12,1202,21,2910,12,4112,California
Trinity,2021-04-29,34,6784,13,722,21,5780,0,282,12,1192,22,2932,12,4124,California
Trinity,2021-04-30,26,6810,20,742,6,5786,0,282,8,1182,18,2950,8,4132,California
Trinity,2021-05-01,14,6824,8,750,1,5787,5,287,4,1181,10,2960,9,4141,California
Trinity,2021-05-02,8,6832,5,755,1,5788,2,289,2,1179,6,2966,4,4145,California
Trinity,2021-05-03,58,6890,13,768,44,5832,1,290,9,1141,48,3014,10,4155,California
Trinity,2021-05-04,23,6913,11,779,11,5843,1,291,8,1135,15,3029,9,4164,California
Trinity,2021-05-05,10,6923,6,785,4,5847,0,291,3,1131,7,3036,3,4167,California
Trinity,2021-05-06,72,6995,10,795,60,5907,2,293,15,1091,57,3093,17,4184,California
Trinity,2021-05-07,174,7169,12,807,128,6035,34,327,14,979,160,3253,48,4232,California
Trinity,2021-05-08,7,7176,3,810,4,6039,0,327,3,978,4,3257,3,4235,California
Trinity,2021-05-09,11,7187,8,818,3,6042,0,327,7,981,4,3261,7,4242,California
Trinity,2021-05-10,15,7202,4,822,10,6052,1,328,9,985,6,3267,10,4252,California
Trinity,2021-05-11,8,7210,3,825,5,6057,0,328,5,987,3,3270,5,4257,California
Trinity,2021-05-12,16,7226,13,838,2,6059,1,329,12,996,4,3274,13,4270,California
Trinity,2021-05-13,8,7234,5,843,3,6062,0,329,6,1000,2,3276,6,4276,California
Trinity,2021-05-14,123,7357,17,860,78,6140,28,357,32,969,91,3367,60,4336,California
Trinity,2021-05-15,16,7373,10,870,3,6143,3,360,8,972,8,3375,11,4347,California
Trinity,2021-05-16,1,7374,1,871,0,6143,0,360,1,973,0,3375,1,4348,California
Trinity,2021-05-17,7,7381,3,874,4,6147,0,360,3,972,4,3379,3,4351,California
Tulare,2020-12-15,1,1,1,1,0,0,0,0,1,1,0,0,1,1,California
Tulare,2020-12-16,3,4,3,4,0,0,0,0,3,4,0,0,3,4,California
Tulare,2020-12-17,110,114,110,114,0,0,0,0,110,114,0,0,110,114,California
Tulare,2020-12-18,290,404,289,403,1,1,0,0,290,404,0,0,290,404,California
Tulare,2020-12-19,327,731,327,730,0,1,0,0,327,731,0,0,327,731,California
Tulare,2020-12-20,166,897,165,895,1,2,0,0,166,897,0,0,166,897,California
Tulare,2020-12-21,423,1320,423,1318,0,2,0,0,443,1340,0,0,443,1340,California
Tulare,2020-12-22,469,1789,467,1785,2,4,0,0,468,1808,0,0,468,1808,California
Tulare,2020-12-23,327,2116,319,2104,8,12,0,0,325,2133,0,0,325,2133,California
Tulare,2020-12-24,18,2134,16,2120,2,14,0,0,18,2151,0,0,18,2151,California
Tulare,2020-12-26,8,2142,7,2127,1,15,0,0,8,2159,0,0,8,2159,California
Tulare,2020-12-27,16,2158,12,2139,4,19,0,0,16,2175,0,0,16,2175,California
Tulare,2020-12-28,481,2639,469,2608,12,31,0,0,480,2655,0,0,480,2655,California
Tulare,2020-12-29,547,3186,478,3086,69,100,0,0,547,3202,0,0,547,3202,California
Tulare,2020-12-30,474,3660,435,3521,39,139,0,0,474,3676,0,0,474,3676,California
Tulare,2020-12-31,95,3755,22,3543,73,212,0,0,95,3771,0,0,95,3771,California
Tulare,2021-01-01,2,3757,1,3544,1,213,0,0,2,3773,0,0,2,3773,California
Tulare,2021-01-02,30,3787,17,3561,13,226,0,0,30,3803,0,0,30,3803,California
Tulare,2021-01-03,23,3810,9,3570,14,240,0,0,23,3826,0,0,23,3826,California
Tulare,2021-01-04,92,3902,16,3586,76,316,0,0,92,3918,0,0,92,3918,California
Tulare,2021-01-05,460,4362,278,3864,182,498,0,0,458,4374,2,2,458,4376,California
Tulare,2021-01-06,864,5226,634,4498,230,728,0,0,854,5218,10,12,854,5230,California
Tulare,2021-01-07,781,6007,583,5081,198,926,0,0,674,5785,107,119,674,5904,California
Tulare,2021-01-08,1266,7273,574,5655,692,1618,0,0,928,6376,337,456,928,6832,California
Tulare,2021-01-09,742,8015,203,5858,539,2157,0,0,555,6744,187,643,555,7387,California
Tulare,2021-01-10,50,8065,44,5902,6,2163,0,0,11,6716,39,682,11,7398,California
Tulare,2021-01-11,1270,9335,769,6671,501,2664,0,0,834,7114,436,1118,834,8232,California
Tulare,2021-01-12,1403,10738,489,7160,914,3578,0,0,994,7701,408,1526,995,9227,California
Tulare,2021-01-13,439,11177,210,7370,229,3807,0,0,365,7992,74,1600,365,9592,California
Tulare,2021-01-14,492,11669,141,7511,351,4158,0,0,466,8443,15,1615,466,10058,California
Tulare,2021-01-15,1623,13292,154,7665,1469,5627,0,0,1614,10048,9,1624,1614,11672,California
Tulare,2021-01-16,1901,15193,114,7779,1787,7414,0,0,1887,11921,14,1638,1887,13559,California
Tulare,2021-01-17,141,15334,122,7901,19,7433,0,0,131,12042,10,1648,131,13690,California
Tulare,2021-01-18,693,16027,660,8561,33,7466,0,0,295,11939,398,2046,295,13985,California
Tulare,2021-01-19,1008,17035,685,9246,323,7789,0,0,579,12089,429,2475,579,14564,California
Tulare,2021-01-20,2426,19461,613,9859,1813,9602,0,0,2011,13711,389,2864,2011,16575,California
Tulare,2021-01-21,1551,21012,186,10045,1365,10967,0,0,1525,15215,21,2885,1525,18100,California
Tulare,2021-01-22,1060,22072,190,10235,870,11837,0,0,1035,16226,24,2909,1035,19135,California
Tulare,2021-01-23,438,22510,156,10391,282,12119,0,0,417,16622,21,2930,417,19552,California
Tulare,2021-01-24,30,22540,27,10418,3,12122,0,0,28,16648,2,2932,28,19580,California
Tulare,2021-01-25,1328,23868,981,11399,347,12469,0,0,1297,17914,31,2963,1297,20877,California
Tulare,2021-01-26,1496,25364,1098,12497,398,12867,0,0,1171,18761,324,3287,1171,22048,California
Tulare,2021-01-27,1498,26862,1070,13567,428,13295,0,0,920,19104,577,3864,920,22968,California
Tulare,2021-01-28,1211,28073,777,14344,434,13729,0,0,815,19523,396,4260,815,23783,California
Tulare,2021-01-29,1130,29203,720,15064,410,14139,0,0,820,20033,310,4570,820,24603,California
Tulare,2021-01-30,1674,30877,1580,16644,94,14233,0,0,1650,21660,24,4594,1651,26254,California
Tulare,2021-01-31,63,30940,58,16702,5,14238,0,0,60,21717,3,4597,60,26314,California
Tulare,2021-02-01,1185,32125,915,17617,270,14508,0,0,830,22193,354,4951,830,27144,California
Tulare,2021-02-02,677,32802,328,17945,349,14857,0,0,445,22409,230,5181,446,27590,California
Tulare,2021-02-03,587,33389,261,18206,326,15183,0,0,336,22514,231,5412,336,27926,California
Tulare,2021-02-04,555,33944,169,18375,386,15569,0,0,265,22491,289,5701,266,28192,California
Tulare,2021-02-05,1236,35180,238,18613,998,16567,0,0,416,22089,818,6519,416,28608,California
Tulare,2021-02-06,836,36016,158,18771,678,17245,0,0,267,21789,567,7086,267,28875,California
Tulare,2021-02-07,83,36099,71,18842,12,17257,0,0,23,21752,60,7146,23,28898,California
Tulare,2021-02-08,942,37041,329,19171,613,17870,0,0,243,21299,696,7842,243,29141,California
Tulare,2021-02-09,1415,38456,334,19505,1081,18951,0,0,369,20627,1041,8883,369,29510,California
Tulare,2021-02-10,2471,40927,1986,21491,485,19436,0,0,2071,22301,397,9280,2071,31581,California
Tulare,2021-02-11,1325,42252,377,21868,948,20384,0,0,906,22788,419,9699,906,32487,California
Tulare,2021-02-12,2781,45033,575,22443,2206,22590,0,0,1210,22434,1564,11263,1210,33697,California
Tulare,2021-02-13,2480,47513,157,22600,2323,24913,0,0,666,21290,1810,13073,666,34363,California
Tulare,2021-02-14,337,47850,40,22640,297,25210,0,0,300,21553,37,13110,300,34663,California
Tulare,2021-02-15,920,48770,294,22934,626,25836,0,0,663,21960,256,13366,663,35326,California
Tulare,2021-02-16,2833,51603,1595,24529,1238,27074,0,0,1079,21286,1753,15119,1079,36405,California
Tulare,2021-02-17,2698,54301,511,25040,2187,29261,0,0,461,19515,2232,17351,461,36866,California
Tulare,2021-02-18,2304,56605,456,25496,1848,31109,0,0,626,18471,1670,19021,626,37492,California
Tulare,2021-02-19,2305,58910,865,26361,1440,32549,0,0,948,18064,1355,20376,948,38440,California
Tulare,2021-02-20,2989,61899,1892,28253,1097,33646,0,0,1262,17605,1721,22097,1262,39702,California
Tulare,2021-02-21,94,61993,90,28343,4,33650,0,0,48,17608,45,22142,48,39750,California
Tulare,2021-02-22,1106,63099,700,29043,406,34056,0,0,210,16923,895,23037,210,39960,California
Tulare,2021-02-23,1952,65051,944,29987,1008,35064,0,0,1463,17898,488,23525,1463,41423,California
Tulare,2021-02-24,2483,67534,1549,31536,934,35998,0,0,2104,19625,378,23903,2105,43528,California
Tulare,2021-02-25,3503,71037,1975,33511,1528,37526,0,0,3088,22302,411,24314,3088,46616,California
Tulare,2021-02-26,3856,74893,1894,35405,1962,39488,0,0,3391,25230,463,24777,3391,50007,California
Tulare,2021-02-27,2990,77883,1482,36887,1508,40996,0,0,2856,27964,122,24899,2856,52863,California
Tulare,2021-02-28,1307,79190,1035,37922,272,41268,0,0,1288,29235,17,24916,1288,54151,California
Tulare,2021-03-01,1767,80957,797,38719,970,42238,0,0,1582,30634,183,25099,1582,55733,California
Tulare,2021-03-02,2764,83721,1264,39983,1500,43738,0,0,2592,33057,170,25269,2593,58326,California
Tulare,2021-03-03,3929,87650,2597,42580,1332,45070,0,0,1977,33087,1949,27218,1979,60305,California
Tulare,2021-03-04,2895,90545,1301,43881,1594,46664,0,0,2574,35344,317,27535,2574,62879,California
Tulare,2021-03-05,3308,93853,1698,45579,1595,48259,15,15,2799,37655,505,28040,2816,65695,California
Tulare,2021-03-06,3072,96925,1433,47012,1580,49839,59,74,2823,40289,246,28286,2880,68575,California
Tulare,2021-03-07,1093,98018,683,47695,389,50228,21,95,1053,41323,40,28326,1074,69649,California
Tulare,2021-03-08,1705,99723,1004,48699,532,50760,169,264,1386,42563,314,28640,1554,71203,California
Tulare,2021-03-09,3197,102920,2190,50889,860,51620,147,411,2800,45110,398,29038,2945,74148,California
Tulare,2021-03-10,2799,105719,1390,52279,1235,52855,174,585,2413,47318,377,29415,2585,76733,California
Tulare,2021-03-11,4141,109860,1965,54244,1876,54731,300,885,3204,49885,937,30352,3504,80237,California
Tulare,2021-03-12,4348,114208,2389,56633,1610,56341,349,1234,3075,52049,1262,31614,3426,83663,California
Tulare,2021-03-13,4006,118214,1851,58484,2050,58391,105,1339,3069,54292,931,32545,3174,86837,California
Tulare,2021-03-14,1801,120015,972,59456,609,59000,220,1559,1275,55259,525,33070,1492,88329,California
Tulare,2021-03-15,2738,122753,1619,61075,1004,60004,115,1674,1965,56569,771,33841,2081,90410,California
Tulare,2021-03-16,3424,126177,2115,63190,1232,61236,77,1751,1871,56971,1549,35390,1951,92361,California
Tulare,2021-03-17,4012,130189,2608,65798,1327,62563,77,1828,2269,57587,1737,37127,2353,94714,California
Tulare,2021-03-18,4599,134788,3354,69152,1173,63736,72,1900,2431,57932,2160,39287,2505,97219,California
Tulare,2021-03-19,5067,139855,3320,72472,1552,65288,195,2095,2703,58487,2345,41632,2900,100119,California
Tulare,2021-03-20,4452,144307,2762,75234,1318,66606,372,2467,2045,58508,2399,44031,2420,102539,California
Tulare,2021-03-21,1919,146226,1631,76865,262,66868,26,2493,987,58591,929,44960,1012,103551,California
Tulare,2021-03-22,2498,148724,1710,78575,676,67544,112,2605,1645,59503,847,45807,1759,105310,California
Tulare,2021-03-23,3727,152451,2140,80715,1535,69079,52,2657,2041,59926,1676,47483,2099,107409,California
Tulare,2021-03-24,3167,155618,1957,82672,1168,70247,42,2699,1798,60406,1361,48844,1841,109250,California
Tulare,2021-03-25,3463,159081,1803,84475,1488,71735,172,2871,1710,60544,1746,50590,1884,111134,California
Tulare,2021-03-26,5212,164293,3109,87584,1994,73729,109,2980,2565,60589,2629,53219,2674,113808,California
Tulare,2021-03-27,3520,167813,1805,89389,1617,75346,98,3078,990,59154,2522,55741,1087,114895,California
Tulare,2021-03-28,1456,169269,1052,90441,373,75719,31,3109,673,59084,780,56521,710,115605,California
Tulare,2021-03-29,2893,172162,1674,92115,1108,76827,111,3220,1225,58759,1663,58184,1338,116943,California
Tulare,2021-03-30,4807,176969,2769,94884,1808,78635,230,3450,1552,57291,3247,61431,1779,118722,California
Tulare,2021-03-31,3878,180847,2301,97185,1464,80099,113,3563,1570,56677,2300,63731,1686,120408,California
Tulare,2021-04-01,4416,185263,2371,99556,1979,82078,66,3629,1551,55440,2855,66586,1618,122026,California
Tulare,2021-04-02,5239,190502,2994,102550,2128,84206,117,3746,1643,53632,3580,70166,1772,123798,California
Tulare,2021-04-03,3504,194006,2014,104564,1127,85333,363,4109,842,52217,2624,72790,1209,125007,California
Tulare,2021-04-04,1622,195628,1136,105700,479,85812,7,4116,395,51395,1225,74015,403,125410,California
Tulare,2021-04-05,3325,198953,2333,108033,729,86541,263,4379,865,50078,2448,76463,1131,126541,California
Tulare,2021-04-06,3413,202366,1464,109497,1456,87997,493,4872,927,49022,2479,78942,1423,127964,California
Tulare,2021-04-07,3834,206200,1812,111309,1592,89589,430,5302,1277,48171,2549,81491,1698,129662,California
Tulare,2021-04-08,4717,210917,2593,113902,1667,91256,457,5759,1544,47004,3164,84655,1997,131659,California
Tulare,2021-04-09,4775,215692,2944,116846,1401,92657,430,6189,1826,46319,2942,87597,2257,133916,California
Tulare,2021-04-10,3805,219497,2057,118903,1432,94089,316,6505,976,44788,2821,90418,1290,135206,California
Tulare,2021-04-11,1577,221074,1038,119941,468,94557,71,6576,590,44465,984,91402,661,135867,California
Tulare,2021-04-12,3360,224434,2105,122046,662,95219,593,7169,1083,43873,2269,93671,1677,137544,California
Tulare,2021-04-13,2409,226843,1585,123631,814,96033,10,7179,924,43335,1474,95145,936,138480,California
Tulare,2021-04-14,2841,229684,1680,125311,1161,97194,0,7179,932,42362,1905,97050,932,139412,California
Tulare,2021-04-15,3267,232951,2133,127444,1134,98328,0,7179,1468,42042,1788,98838,1468,140880,California
Tulare,2021-04-16,3646,236597,2214,129658,1432,99760,0,7179,1476,41358,2160,100998,1476,142356,California
Tulare,2021-04-17,2203,238800,1297,130955,906,100666,0,7179,1178,41516,1021,102019,1179,143535,California
Tulare,2021-04-18,1518,240318,1188,132143,330,100996,0,7179,815,41629,702,102721,815,144350,California
Tulare,2021-04-19,2120,242438,1223,133366,895,101891,2,7181,900,41313,1218,103939,902,145252,California
Tulare,2021-04-20,2327,244765,1310,134676,1017,102908,0,7181,996,40991,1318,105257,996,146248,California
Tulare,2021-04-21,2180,246945,1325,136001,855,103763,0,7181,793,40433,1351,106608,793,147041,California
Tulare,2021-04-22,2096,249041,1170,137171,926,104689,0,7181,737,39829,1341,107949,737,147778,California
Tulare,2021-04-23,2567,251608,1573,138744,993,105682,1,7182,1020,39312,1537,109486,1020,148798,California
Tulare,2021-04-24,1639,253247,1055,139799,582,106264,2,7184,864,39408,770,110256,866,149664,California
Tulare,2021-04-25,692,253939,519,140318,173,106437,0,7184,264,39244,428,110684,264,149928,California
Tulare,2021-04-26,1462,255401,873,141191,570,107007,19,7203,616,39038,839,111523,633,150561,California
Tulare,2021-04-27,1587,256988,626,141817,924,107931,37,7240,672,38833,913,112436,708,151269,California
Tulare,2021-04-28,1699,258687,968,142785,690,108621,41,7281,671,38521,1024,113460,712,151981,California
Tulare,2021-04-29,1985,260672,1189,143974,759,109380,37,7318,777,38135,1198,114658,812,152793,California
Tulare,2021-04-30,2420,263092,1765,145739,605,109985,50,7368,897,37564,1517,116175,946,153739,California
Tulare,2021-05-01,1406,264498,1208,146947,186,110171,12,7380,722,37621,677,116852,734,154473,California
Tulare,2021-05-02,584,265082,496,147443,72,110243,16,7396,189,37434,392,117244,205,154678,California
Tulare,2021-05-03,1607,266689,1092,148535,390,110633,125,7521,348,36655,1252,118496,473,155151,California
Tulare,2021-05-04,1541,268230,823,149358,649,111282,69,7590,623,36434,911,119407,690,155841,California
Tulare,2021-05-05,1253,269483,608,149966,567,111849,78,7668,435,36140,807,120214,513,156354,California
Tulare,2021-05-06,1951,271434,1327,151293,578,112427,46,7714,589,35420,1355,121569,635,156989,California
Tulare,2021-05-07,1846,273280,1253,152546,525,112952,68,7782,528,34705,1310,122879,595,157584,California
Tulare,2021-05-08,1230,274510,800,153346,405,113357,25,7807,523,34553,700,123579,548,158132,California
Tulare,2021-05-09,593,275103,469,153815,103,113460,21,7828,120,34226,469,124048,142,158274,California
Tulare,2021-05-10,1011,276114,589,154404,357,113817,65,7893,307,33895,703,124751,372,158646,California
Tulare,2021-05-11,1205,277319,612,155016,517,114334,76,7969,503,33777,697,125448,579,159225,California
Tulare,2021-05-12,1485,278804,952,155968,482,114816,51,8020,393,33141,1079,126527,443,159668,California
Tulare,2021-05-13,1433,280237,895,156863,501,115317,37,8057,645,33040,783,127310,682,160350,California
Tulare,2021-05-14,1883,282120,1217,158080,603,115920,63,8120,831,32895,1038,128348,893,161243,California
Tulare,2021-05-15,1533,283653,868,158948,638,116558,27,8147,648,32692,878,129226,675,161918,California
Tulare,2021-05-16,414,284067,347,159295,56,116614,11,8158,174,32637,240,129466,185,162103,California
Tulare,2021-05-17,997,285064,636,159931,304,116918,57,8215,442,32589,547,130013,499,162602,California
Tuolumne,2020-12-16,47,47,47,47,0,0,0,0,47,47,0,0,47,47,California
Tuolumne,2020-12-17,17,64,17,64,0,0,0,0,17,64,0,0,17,64,California
Tuolumne,2020-12-18,101,165,100,164,1,1,0,0,101,165,0,0,101,165,California
Tuolumne,2020-12-19,5,170,5,169,0,1,0,0,5,170,0,0,5,170,California
Tuolumne,2020-12-20,1,171,1,170,0,1,0,0,1,171,0,0,1,171,California
Tuolumne,2020-12-21,116,287,102,272,14,15,0,0,116,287,0,0,116,287,California
Tuolumne,2020-12-22,172,459,172,444,0,15,0,0,172,459,0,0,172,459,California
Tuolumne,2020-12-23,186,645,184,628,2,17,0,0,186,645,0,0,186,645,California
Tuolumne,2020-12-26,3,648,3,631,0,17,0,0,3,648,0,0,3,648,California
Tuolumne,2020-12-28,77,725,75,706,2,19,0,0,77,725,0,0,77,725,California
Tuolumne,2020-12-29,102,827,39,745,63,82,0,0,102,827,0,0,102,827,California
Tuolumne,2020-12-30,78,905,22,767,56,138,0,0,78,905,0,0,78,905,California
Tuolumne,2020-12-31,27,932,20,787,7,145,0,0,27,932,0,0,27,932,California
Tuolumne,2021-01-01,6,938,5,792,1,146,0,0,6,938,0,0,6,938,California
Tuolumne,2021-01-02,118,1056,115,907,3,149,0,0,118,1056,0,0,118,1056,California
Tuolumne,2021-01-03,2,1058,2,909,0,149,0,0,2,1058,0,0,2,1058,California
Tuolumne,2021-01-04,69,1127,26,935,43,192,0,0,69,1127,0,0,69,1127,California
Tuolumne,2021-01-05,93,1220,27,962,66,258,0,0,90,1215,3,3,91,1218,California
Tuolumne,2021-01-06,132,1352,72,1034,60,318,0,0,68,1219,64,67,68,1286,California
Tuolumne,2021-01-07,119,1471,63,1097,56,374,0,0,64,1228,55,122,64,1350,California
Tuolumne,2021-01-08,103,1574,79,1176,24,398,0,0,26,1179,76,198,27,1377,California
Tuolumne,2021-01-09,2,1576,0,1176,2,400,0,0,2,1181,0,198,2,1379,California
Tuolumne,2021-01-10,3,1579,1,1177,2,402,0,0,3,1184,0,198,3,1382,California
Tuolumne,2021-01-11,116,1695,90,1267,26,428,0,0,34,1136,82,280,34,1416,California
Tuolumne,2021-01-12,102,1797,86,1353,16,444,0,0,17,1068,85,365,17,1433,California
Tuolumne,2021-01-13,231,2028,125,1478,106,550,0,0,182,1202,49,414,183,1616,California
Tuolumne,2021-01-14,147,2175,107,1585,40,590,0,0,42,1140,104,518,42,1658,California
Tuolumne,2021-01-15,474,2649,72,1657,402,992,0,0,412,1492,61,579,413,2071,California
Tuolumne,2021-01-16,7,2656,3,1660,4,996,0,0,6,1497,1,580,6,2077,California
Tuolumne,2021-01-17,8,2664,5,1665,3,999,0,0,7,1504,0,580,7,2084,California
Tuolumne,2021-01-18,46,2710,38,1703,8,1007,0,0,9,1477,36,616,9,2093,California
Tuolumne,2021-01-19,477,3187,73,1776,404,1411,0,0,431,1862,46,662,431,2524,California
Tuolumne,2021-01-20,76,3263,58,1834,18,1429,0,0,24,1835,51,713,24,2548,California
Tuolumne,2021-01-21,56,3319,23,1857,33,1462,0,0,40,1859,16,729,40,2588,California
Tuolumne,2021-01-22,169,3488,16,1873,153,1615,0,0,162,2014,7,736,162,2750,California
Tuolumne,2021-01-23,664,4152,146,2019,518,2133,0,0,549,2460,115,851,561,3311,California
Tuolumne,2021-01-24,523,4675,1,2020,522,2655,0,0,519,2977,3,854,520,3831,California
Tuolumne,2021-01-25,49,4724,28,2048,21,2676,0,0,22,2973,27,881,23,3854,California
Tuolumne,2021-01-26,80,4804,68,2116,12,2688,0,0,40,2974,40,921,41,3895,California
Tuolumne,2021-01-27,61,4865,4,2120,57,2745,0,0,8,2930,52,973,8,3903,California
Tuolumne,2021-01-28,27,4892,7,2127,20,2765,0,0,18,2939,9,982,18,3921,California
Tuolumne,2021-01-29,74,4966,6,2133,68,2833,0,0,35,2935,39,1021,35,3956,California
Tuolumne,2021-01-30,710,5676,552,2685,158,2991,0,0,687,3616,23,1044,704,4660,California
Tuolumne,2021-01-31,8,5684,2,2687,6,2997,0,0,5,3618,3,1047,5,4665,California
Tuolumne,2021-02-01,25,5709,6,2693,19,3016,0,0,22,3637,3,1050,22,4687,California
Tuolumne,2021-02-02,647,6356,38,2731,609,3625,0,0,636,4264,9,1059,636,5323,California
Tuolumne,2021-02-03,240,6596,111,2842,129,3754,0,0,88,4200,152,1211,88,5411,California
Tuolumne,2021-02-04,123,6719,13,2855,110,3864,0,0,60,4197,63,1274,60,5471,California
Tuolumne,2021-02-05,98,6817,12,2867,86,3950,0,0,35,4170,62,1336,35,5506,California
Tuolumne,2021-02-06,855,7672,581,3448,274,4224,0,0,848,5015,7,1343,852,6358,California
Tuolumne,2021-02-07,8,7680,4,3452,4,4228,0,0,4,5015,4,1347,4,6362,California
Tuolumne,2021-02-08,91,7771,40,3492,51,4279,0,0,67,5058,24,1371,67,6429,California
Tuolumne,2021-02-09,862,8633,53,3545,809,5088,0,0,821,5838,41,1412,821,7250,California
Tuolumne,2021-02-10,92,8725,17,3562,75,5163,0,0,31,5809,60,1472,31,7281,California
Tuolumne,2021-02-11,143,8868,67,3629,76,5239,0,0,77,5820,66,1538,77,7358,California
Tuolumne,2021-02-12,646,9514,19,3648,627,5866,0,0,205,5585,440,1978,205,7563,California
Tuolumne,2021-02-13,150,9664,42,3690,108,5974,0,0,119,5679,25,2003,119,7682,California
Tuolumne,2021-02-14,148,9812,12,3702,136,6110,0,0,147,5825,1,2004,147,7829,California
Tuolumne,2021-02-15,185,9997,10,3712,175,6285,0,0,176,5992,9,2013,176,8005,California
Tuolumne,2021-02-16,529,10526,17,3729,512,6797,0,0,121,5711,404,2417,123,8128,California
Tuolumne,2021-02-17,111,10637,63,3792,48,6845,0,0,61,5723,49,2466,61,8189,California
Tuolumne,2021-02-18,679,11316,26,3818,653,7498,0,0,628,6301,51,2517,629,8818,California
Tuolumne,2021-02-19,142,11458,23,3841,119,7617,0,0,43,6245,99,2616,43,8861,California
Tuolumne,2021-02-20,904,12362,342,4183,562,8179,0,0,386,6128,504,3120,387,9248,California
Tuolumne,2021-02-21,976,13338,40,4223,936,9115,0,0,470,6097,503,3623,472,9720,California
Tuolumne,2021-02-22,79,13417,58,4281,21,9136,0,0,47,6113,31,3654,47,9767,California
Tuolumne,2021-02-23,48,13465,24,4305,24,9160,0,0,26,6118,21,3675,26,9793,California
Tuolumne,2021-02-24,103,13568,58,4363,45,9205,0,0,42,6100,60,3735,42,9835,California
Tuolumne,2021-02-25,1051,14619,34,4397,1017,10222,0,0,1020,7089,31,3766,1020,10855,California
Tuolumne,2021-02-26,145,14764,10,4407,135,10357,0,0,121,7186,24,3790,121,10976,California
Tuolumne,2021-02-27,949,15713,577,4984,372,10729,0,0,247,6750,685,4475,249,11225,California
Tuolumne,2021-02-28,56,15769,4,4988,52,10781,0,0,52,6799,3,4478,52,11277,California
Tuolumne,2021-03-01,113,15882,21,5009,92,10873,0,0,77,6843,34,4512,78,11355,California
Tuolumne,2021-03-02,705,16587,73,5082,632,11505,0,0,106,6351,598,5110,106,11461,California
Tuolumne,2021-03-03,90,16677,22,5104,68,11573,0,0,65,6391,25,5135,65,11526,California
Tuolumne,2021-03-04,1171,17848,75,5179,1096,12669,0,0,1108,7436,63,5198,1108,12634,California
Tuolumne,2021-03-05,85,17933,10,5189,75,12744,0,0,48,7449,36,5234,49,12683,California
Tuolumne,2021-03-06,1056,18989,605,5794,449,13193,2,2,204,6809,847,6081,207,12890,California
Tuolumne,2021-03-07,41,19030,12,5806,14,13207,15,17,18,6819,23,6104,33,12923,California
Tuolumne,2021-03-08,194,19224,88,5894,99,13306,7,24,138,6908,56,6160,145,13068,California
Tuolumne,2021-03-09,857,20081,16,5910,830,14136,11,35,68,6204,784,6944,80,13148,California
Tuolumne,2021-03-10,78,20159,12,5922,55,14191,11,46,53,6243,25,6969,64,13212,California
Tuolumne,2021-03-11,1282,21441,36,5958,1240,15431,6,52,1255,7479,27,6996,1263,14475,California
Tuolumne,2021-03-12,299,21740,35,5993,249,15680,15,67,190,7579,108,7104,208,14683,California
Tuolumne,2021-03-13,112,21852,12,6005,100,15780,0,67,84,7637,27,7131,85,14768,California
Tuolumne,2021-03-14,142,21994,8,6013,125,15905,9,76,7,7522,135,7266,20,14788,California
Tuolumne,2021-03-15,294,22288,79,6092,212,16117,3,79,100,7438,193,7459,109,14897,California
Tuolumne,2021-03-16,802,23090,40,6132,751,16868,11,90,665,7978,136,7595,676,15573,California
Tuolumne,2021-03-17,152,23242,30,6162,109,16977,13,103,79,7998,71,7666,91,15664,California
Tuolumne,2021-03-18,947,24189,28,6190,906,17883,13,116,318,7702,627,8293,331,15995,California
Tuolumne,2021-03-19,132,24321,16,6206,85,17968,31,147,71,7744,59,8352,101,16096,California
Tuolumne,2021-03-20,89,24410,7,6213,72,18040,10,157,37,7739,51,8403,46,16142,California
Tuolumne,2021-03-21,833,25243,391,6604,432,18472,10,167,39,7002,787,9190,50,16192,California
Tuolumne,2021-03-22,164,25407,73,6677,72,18544,19,186,97,7052,66,9256,116,16308,California
Tuolumne,2021-03-23,708,26115,637,7314,57,18601,14,200,671,7699,37,9293,684,16992,California
Tuolumne,2021-03-24,110,26225,20,7334,72,18673,18,218,77,7762,32,9325,95,17087,California
Tuolumne,2021-03-25,1298,27523,23,7357,1272,19945,3,221,327,7123,969,10294,330,17417,California
Tuolumne,2021-03-26,275,27798,16,7373,236,20181,23,244,117,7115,148,10442,140,17557,California
Tuolumne,2021-03-27,578,28376,53,7426,525,20706,0,244,318,7176,258,10700,319,17876,California
Tuolumne,2021-03-28,48,28424,7,7433,41,20747,0,244,8,7146,39,10739,9,17885,California
Tuolumne,2021-03-29,207,28631,84,7517,123,20870,0,244,110,7162,94,10833,110,17995,California
Tuolumne,2021-03-30,162,28793,11,7528,150,21020,1,245,120,7242,41,10874,121,18116,California
Tuolumne,2021-03-31,95,28888,14,7542,79,21099,2,247,37,7225,56,10930,39,18155,California
Tuolumne,2021-04-01,1250,30138,30,7572,1220,22319,0,247,227,6431,1021,11951,227,18382,California
Tuolumne,2021-04-02,164,30302,10,7582,128,22447,26,273,91,6477,71,12022,117,18499,California
Tuolumne,2021-04-03,426,30728,35,7617,390,22837,1,274,239,6532,187,12209,242,18741,California
Tuolumne,2021-04-04,33,30761,3,7620,30,22867,0,274,21,6542,11,12220,21,18762,California
Tuolumne,2021-04-05,128,30889,19,7639,103,22970,6,280,58,6536,70,12290,64,18826,California
Tuolumne,2021-04-06,647,31536,516,8155,104,23074,27,307,514,6945,133,12423,542,19368,California
Tuolumne,2021-04-07,128,31664,37,8192,75,23149,16,323,50,6933,78,12501,66,19434,California
Tuolumne,2021-04-08,1437,33101,33,8225,1390,24539,14,337,240,5994,1193,13694,254,19688,California
Tuolumne,2021-04-09,267,33368,41,8266,182,24721,44,381,125,6025,142,13836,173,19861,California
Tuolumne,2021-04-10,56,33424,2,8268,34,24755,20,401,23,6036,32,13868,43,19904,California
Tuolumne,2021-04-11,17,33441,2,8270,12,24767,3,404,12,6046,5,13873,15,19919,California
Tuolumne,2021-04-12,163,33604,66,8336,92,24859,5,409,89,6072,68,13941,94,20013,California
Tuolumne,2021-04-13,784,34388,35,8371,749,25608,0,409,170,5636,606,14547,170,20183,California
Tuolumne,2021-04-14,147,34535,27,8398,120,25728,0,409,71,5635,73,14620,72,20255,California
Tuolumne,2021-04-15,339,34874,20,8418,319,26047,0,409,57,5416,276,14896,57,20312,California
Tuolumne,2021-04-16,240,35114,49,8467,191,26238,0,409,134,5451,99,14995,134,20446,California
Tuolumne,2021-04-17,43,35157,6,8473,37,26275,0,409,27,5462,16,15011,27,20473,California
Tuolumne,2021-04-18,9,35166,3,8476,6,26281,0,409,4,5462,4,15015,4,20477,California
Tuolumne,2021-04-19,170,35336,79,8555,91,26372,0,409,92,5478,76,15091,92,20569,California
Tuolumne,2021-04-20,712,36048,615,9170,97,26469,0,409,77,4927,628,15719,77,20646,California
Tuolumne,2021-04-21,117,36165,26,9196,91,26560,0,409,61,4937,51,15770,61,20707,California
Tuolumne,2021-04-22,704,36869,46,9242,658,27218,0,409,426,5095,268,16038,426,21133,California
Tuolumne,2021-04-23,177,37046,31,9273,146,27364,0,409,86,5092,89,16127,86,21219,California
Tuolumne,2021-04-24,80,37126,18,9291,62,27426,0,409,52,5116,28,16155,52,21271,California
Tuolumne,2021-04-25,27,37153,10,9301,17,27443,0,409,24,5137,3,16158,24,21295,California
Tuolumne,2021-04-26,153,37306,56,9357,97,27540,0,409,70,5126,82,16240,71,21366,California
Tuolumne,2021-04-27,134,37440,21,9378,106,27646,7,416,62,5125,70,16310,69,21435,California
Tuolumne,2021-04-28,115,37555,25,9403,79,27725,11,427,64,5150,50,16360,75,21510,California
Tuolumne,2021-04-29,272,37827,15,9418,249,27974,8,435,50,4987,221,16581,58,21568,California
Tuolumne,2021-04-30,348,38175,21,9439,315,28289,12,447,65,4784,280,16861,77,21645,California
Tuolumne,2021-05-01,24,38199,7,9446,13,28302,4,451,16,4796,8,16869,20,21665,California
Tuolumne,2021-05-02,26,38225,3,9449,21,28323,2,453,19,4810,7,16876,21,21686,California
Tuolumne,2021-05-03,97,38322,14,9463,78,28401,5,458,27,4773,69,16945,32,21718,California
Tuolumne,2021-05-04,689,39011,600,10063,84,28485,5,463,203,4495,485,17430,207,21925,California
Tuolumne,2021-05-05,96,39107,25,10088,65,28550,6,469,49,4506,45,17475,56,21981,California
Tuolumne,2021-05-06,277,39384,13,10101,250,28800,14,483,37,4321,235,17710,50,22031,California
Tuolumne,2021-05-07,310,39694,24,10125,278,29078,8,491,57,4134,252,17962,65,22096,California
Tuolumne,2021-05-08,47,39741,7,10132,36,29114,4,495,29,4149,18,17980,33,22129,California
Tuolumne,2021-05-09,15,39756,2,10134,11,29125,2,497,2,4140,13,17993,4,22133,California
Tuolumne,2021-05-10,99,39855,44,10178,50,29175,5,502,27,4101,71,18064,32,22165,California
Tuolumne,2021-05-11,195,40050,64,10242,119,29294,12,514,54,4027,140,18204,66,22231,California
Tuolumne,2021-05-12,113,40163,17,10259,93,29387,3,517,43,4003,70,18274,46,22277,California
Tuolumne,2021-05-13,85,40248,18,10277,59,29446,8,525,55,4036,30,18304,63,22340,California
Tuolumne,2021-05-14,185,40433,76,10353,97,29543,12,537,97,4058,87,18391,109,22449,California
Tuolumne,2021-05-15,56,40489,15,10368,34,29577,7,544,21,4052,35,18426,29,22478,California
Tuolumne,2021-05-16,11,40500,3,10371,6,29583,2,546,3,4049,8,18434,5,22483,California
Tuolumne,2021-05-17,71,40571,25,10396,45,29628,1,547,26,4031,45,18479,27,22510,California
Ventura,2020-12-15,5,5,5,5,0,0,0,0,5,5,0,0,5,5,California
Ventura,2020-12-16,73,78,73,78,0,0,0,0,73,78,0,0,73,78,California
Ventura,2020-12-17,249,327,249,327,0,0,0,0,249,327,0,0,249,327,California
Ventura,2020-12-18,1412,1739,1412,1739,0,0,0,0,1412,1739,0,0,1412,1739,California
Ventura,2020-12-19,911,2650,911,2650,0,0,0,0,911,2650,0,0,911,2650,California
Ventura,2020-12-20,430,3080,430,3080,0,0,0,0,430,3080,0,0,430,3080,California
Ventura,2020-12-21,1467,4547,1467,4547,0,0,0,0,1467,4547,0,0,1467,4547,California
Ventura,2020-12-22,1104,5651,1099,5646,5,5,0,0,1104,5651,0,0,1104,5651,California
Ventura,2020-12-23,1027,6678,979,6625,48,53,0,0,1027,6678,0,0,1027,6678,California
Ventura,2020-12-24,477,7155,379,7004,98,151,0,0,477,7155,0,0,477,7155,California
Ventura,2020-12-25,11,7166,7,7011,4,155,0,0,11,7166,0,0,11,7166,California
Ventura,2020-12-26,112,7278,92,7103,20,175,0,0,112,7278,0,0,112,7278,California
Ventura,2020-12-27,58,7336,27,7130,31,206,0,0,58,7336,0,0,58,7336,California
Ventura,2020-12-28,1072,8408,932,8062,140,346,0,0,1072,8408,0,0,1072,8408,California
Ventura,2020-12-29,1171,9579,764,8826,407,753,0,0,1171,9579,0,0,1171,9579,California
Ventura,2020-12-30,1987,11566,1522,10348,465,1218,0,0,1987,11566,0,0,1987,11566,California
Ventura,2020-12-31,480,12046,162,10510,318,1536,0,0,480,12046,0,0,480,12046,California
Ventura,2021-01-01,25,12071,7,10517,18,1554,0,0,25,12071,0,0,25,12071,California
Ventura,2021-01-02,174,12245,79,10596,95,1649,0,0,174,12245,0,0,174,12245,California
Ventura,2021-01-03,16,12261,8,10604,8,1657,0,0,16,12261,0,0,16,12261,California
Ventura,2021-01-04,1083,13344,552,11156,531,2188,0,0,1082,13343,0,0,1082,13343,California
Ventura,2021-01-05,1373,14717,777,11933,596,2784,0,0,1331,14632,42,42,1331,14674,California
Ventura,2021-01-06,2059,16776,1181,13114,878,3662,0,0,1627,15838,423,465,1629,16303,California
Ventura,2021-01-07,2068,18844,1326,14440,742,4404,0,0,1181,16134,885,1350,1181,17484,California
Ventura,2021-01-08,2197,21041,1474,15914,723,5127,0,0,906,15752,1289,2639,907,18391,California
Ventura,2021-01-09,721,21762,500,16414,221,5348,0,0,319,15669,402,3041,319,18710,California
Ventura,2021-01-10,343,22105,327,16741,16,5364,0,0,129,15584,214,3255,129,18839,California
Ventura,2021-01-11,2445,24550,1488,18229,957,6321,0,0,1493,16128,952,4207,1496,20335,California
Ventura,2021-01-12,3045,27595,1612,19841,1433,7754,0,0,2020,17123,1025,5232,2020,22355,California
Ventura,2021-01-13,2927,30522,1424,21265,1503,9257,0,0,2043,18286,881,6113,2044,24399,California
Ventura,2021-01-14,2736,33258,1062,22327,1674,10931,0,0,2288,20128,447,6560,2289,26688,California
Ventura,2021-01-15,2889,36147,972,23299,1917,12848,0,0,2676,22592,213,6773,2677,29365,California
Ventura,2021-01-16,485,36632,187,23486,298,13146,0,0,405,22917,80,6853,405,29770,California
Ventura,2021-01-17,260,36892,138,23624,122,13268,0,0,254,23165,6,6859,254,30024,California
Ventura,2021-01-18,2217,39109,1671,25295,546,13814,0,0,1666,24282,550,7409,1667,31691,California
Ventura,2021-01-19,3045,42154,2122,27417,923,14737,0,0,2150,25540,895,8304,2153,33844,California
Ventura,2021-01-20,4097,46251,3145,30562,952,15689,0,0,3043,27533,1051,9355,3044,36888,California
Ventura,2021-01-21,3847,50098,2677,33239,1170,16859,0,0,3170,30031,674,10029,3172,40060,California
Ventura,2021-01-22,3616,53714,2496,35735,1120,17979,0,0,3455,33325,161,10190,3455,43515,California
Ventura,2021-01-23,1182,54896,648,36383,534,18513,0,0,1082,34310,99,10289,1084,44599,California
Ventura,2021-01-24,453,55349,137,36520,316,18829,0,0,440,34737,13,10302,440,45039,California
Ventura,2021-01-25,3156,58505,2032,38552,1124,19953,0,0,2600,36783,555,10857,2601,47640,California
Ventura,2021-01-26,3717,62222,2209,40761,1508,21461,0,0,2718,38504,998,11855,2719,50359,California
Ventura,2021-01-27,3463,65685,1561,42322,1902,23363,0,0,2720,40485,739,12594,2720,53079,California
Ventura,2021-01-28,3877,69562,1997,44319,1880,25243,0,0,3262,43150,598,13192,3263,56342,California
Ventura,2021-01-29,4271,73833,2524,46843,1747,26990,0,0,3768,46428,490,13682,3768,60110,California
Ventura,2021-01-30,3040,76873,1966,48809,1074,28064,0,0,2869,49131,167,13849,2870,62980,California
Ventura,2021-01-31,836,77709,448,49257,388,28452,0,0,749,49794,86,13935,749,63729,California
Ventura,2021-02-01,3950,81659,2117,51374,1833,30285,0,0,3173,52196,773,14708,3175,66904,California
Ventura,2021-02-02,4407,86066,2375,53749,2032,32317,0,0,3383,54560,1020,15728,3384,70288,California
Ventura,2021-02-03,4455,90521,2090,55839,2365,34682,0,0,3445,57001,1005,16733,3446,73734,California
Ventura,2021-02-04,4785,95306,2296,58135,2489,37171,0,0,3521,59268,1256,17989,3523,77257,California
Ventura,2021-02-05,4843,100149,2322,60457,2521,39692,0,0,3349,61138,1481,19470,3351,80608,California
Ventura,2021-02-06,2841,102990,1517,61974,1324,41016,0,0,2438,63174,402,19872,2438,83046,California
Ventura,2021-02-07,713,103703,243,62217,470,41486,0,0,587,63636,126,19998,588,83634,California
Ventura,2021-02-08,3499,107202,1625,63842,1874,43360,0,0,2429,65000,1065,21063,2429,86063,California
Ventura,2021-02-09,4723,111925,1974,65816,2749,46109,0,0,2465,65211,2257,23320,2468,88531,California
Ventura,2021-02-10,4718,116643,2238,68054,2480,48589,0,0,2390,65285,2317,25637,2391,90922,California
Ventura,2021-02-11,4667,121310,1864,69918,2803,51392,0,0,2449,65526,2211,27848,2452,93374,California
Ventura,2021-02-12,6310,127620,2665,72583,3645,55037,0,0,3227,65675,3078,30926,3227,96601,California
Ventura,2021-02-13,3303,130923,1829,74412,1474,56511,0,0,1848,66074,1451,32377,1850,98451,California
Ventura,2021-02-14,1227,132150,124,74536,1103,57614,0,0,1011,66870,216,32593,1012,99463,California
Ventura,2021-02-15,3989,136139,1799,76335,2190,59804,0,0,2119,67122,1867,34460,2119,101582,California
Ventura,2021-02-16,5553,141692,2708,79043,2845,62649,0,0,3015,67607,2530,36990,3015,104597,California
Ventura,2021-02-17,5240,146932,1925,80968,3315,65964,0,0,3270,68917,1960,38950,3270,107867,California
Ventura,2021-02-18,5783,152715,1832,82800,3951,69915,0,0,3635,70415,2137,41087,3635,111502,California
Ventura,2021-02-19,6458,159173,3773,86573,2685,72600,0,0,3013,69992,3438,44525,3015,114517,California
Ventura,2021-02-20,4939,164112,3172,89745,1767,74367,0,0,2770,70603,2163,46688,2774,117291,California
Ventura,2021-02-21,1102,165214,812,90557,290,74657,0,0,451,70409,645,47333,451,117742,California
Ventura,2021-02-22,5376,170590,2413,92970,2963,77620,0,0,3461,71964,1906,49239,3461,121203,California
Ventura,2021-02-23,5946,176536,2978,95948,2968,80588,0,0,3420,72876,2510,51749,3422,124625,California
Ventura,2021-02-24,7009,183545,2616,98564,4393,84981,0,0,4251,74384,2745,54494,4253,128878,California
Ventura,2021-02-25,7496,191041,2572,101136,4924,89905,0,0,4575,76054,2907,57401,4577,133455,California
Ventura,2021-02-26,9357,200398,2774,103910,6583,96488,0,0,6165,79056,3165,60566,6167,139622,California
Ventura,2021-02-27,10010,210408,5287,109197,4723,101211,0,0,7381,83834,2613,63179,7391,147013,California
Ventura,2021-02-28,2572,212980,1638,110835,933,102144,1,1,2097,85463,468,63647,2097,149110,California
Ventura,2021-03-01,6962,219942,2825,113660,4137,106281,0,1,4637,87800,2313,65960,4650,153760,California
Ventura,2021-03-02,7589,227531,4040,117700,3547,109828,2,3,5356,90933,2223,68183,5356,159116,California
Ventura,2021-03-03,8527,236058,3906,121606,4620,114448,1,4,6077,94580,2435,70618,6082,165198,California
Ventura,2021-03-04,8109,244167,3869,125475,4240,118688,0,4,5476,97440,2619,73237,5479,170677,California
Ventura,2021-03-05,9981,254148,4807,130282,5164,123852,10,14,7086,101664,2880,76117,7104,177781,California
Ventura,2021-03-06,7236,261384,4397,134679,2686,126538,153,167,5320,105230,1909,78026,5475,183256,California
Ventura,2021-03-07,1654,263038,607,135286,947,127485,100,267,1235,106146,419,78445,1335,184591,California
Ventura,2021-03-08,6741,269779,3415,138701,3172,130657,154,421,4634,108836,2101,80546,4791,189382,California
Ventura,2021-03-09,6557,276336,2824,141525,3533,134190,200,621,3683,109861,2860,83406,3885,193267,California
Ventura,2021-03-10,6813,283149,2971,144496,3603,137793,239,860,4490,112280,2310,85716,4729,197996,California
Ventura,2021-03-11,6379,289528,2890,147386,3176,140969,313,1173,3425,113075,2941,88657,3736,201732,California
Ventura,2021-03-12,8531,298059,3041,150427,4645,145614,845,2018,4116,113638,4397,93054,4960,206692,California
Ventura,2021-03-13,6691,304750,2499,152926,3350,148964,842,2860,3761,115318,2921,95975,4601,211293,California
Ventura,2021-03-14,2133,306883,479,153405,1159,150123,495,3355,715,115112,1417,97392,1211,212504,California
Ventura,2021-03-15,6922,313805,2051,155456,3522,153645,1349,4704,2974,115508,3923,101315,4319,216823,California
Ventura,2021-03-16,7929,321734,2463,157919,4353,157998,1113,5817,3993,116690,3922,105237,5104,221927,California
Ventura,2021-03-17,7477,329211,2771,160690,4358,162356,348,6165,4468,118522,2986,108223,4818,226745,California
Ventura,2021-03-18,7228,336439,3274,163964,3802,166158,152,6317,4708,120874,2506,110729,4858,231603,California
Ventura,2021-03-19,8407,344846,3780,167744,4514,170672,113,6430,5023,122643,3365,114094,5134,236737,California
Ventura,2021-03-20,8151,352997,5248,172992,2882,173554,21,6451,3893,122325,4233,118327,3915,240652,California
Ventura,2021-03-21,2788,355785,1514,174506,902,174456,372,6823,1320,122559,1456,119783,1690,242342,California
Ventura,2021-03-22,7348,363133,3692,178198,3554,178010,102,6925,4841,125013,2491,122274,4945,247287,California
Ventura,2021-03-23,8188,371321,3888,182086,4228,182238,72,6997,4581,126084,3581,125855,4652,251939,California
Ventura,2021-03-24,8873,380194,3409,185495,5389,187627,75,7072,4427,126169,4417,130272,4502,256441,California
Ventura,2021-03-25,8797,388991,3907,189402,4790,192417,100,7172,4449,126387,4331,134603,4549,260990,California
Ventura,2021-03-26,9827,398818,3351,192753,5823,198240,653,7825,3904,125047,5895,140498,4555,265545,California
Ventura,2021-03-27,8115,406933,3905,196658,4170,202410,40,7865,2396,121787,5697,146195,2437,267982,California
Ventura,2021-03-28,2531,409464,1411,198069,1111,203521,9,7874,1385,122044,1137,147332,1394,269376,California
Ventura,2021-03-29,8450,417914,4258,202327,4149,207670,43,7917,4223,122111,4199,151531,4266,273642,California
Ventura,2021-03-30,8941,426855,4414,206741,4399,212069,128,8045,4526,122364,4401,155932,4654,278296,California
Ventura,2021-03-31,10706,437561,4828,211569,5250,217319,628,8673,4649,121608,6035,161967,5279,283575,California
Ventura,2021-04-01,10696,448257,5207,216776,4611,221930,878,9551,5399,122612,5275,167242,6279,289854,California
Ventura,2021-04-02,11651,459908,4607,221383,5737,227667,1307,10858,5553,123416,6068,173310,6872,296726,California
Ventura,2021-04-03,8035,467943,3959,225342,2929,230596,1147,12005,3374,123286,4650,177960,4520,301246,California
Ventura,2021-04-04,1717,469660,962,226304,621,231217,134,12139,1154,124019,556,178516,1289,302535,California
Ventura,2021-04-05,9327,478987,4876,231180,3346,234563,1105,13244,4735,125283,4581,183097,5845,308380,California
Ventura,2021-04-06,10845,489832,5550,236730,3814,238377,1481,14725,5563,127067,5257,188354,7041,315421,California
Ventura,2021-04-07,11317,501149,5432,242162,4403,242780,1482,16207,5175,127593,6127,194481,6653,322074,California
Ventura,2021-04-08,10252,511401,5312,247474,3999,246779,941,17148,5121,128531,5116,199597,6054,328128,California
Ventura,2021-04-09,11098,522499,4344,251818,5047,251826,1707,18855,4843,128842,6233,205830,6544,334672,California
Ventura,2021-04-10,9140,531639,3510,255328,3476,255302,2154,21009,3003,127874,6121,211951,5153,339825,California
Ventura,2021-04-11,2423,534062,861,256189,993,256295,569,21578,685,127395,1731,213682,1252,341077,California
Ventura,2021-04-12,8891,542953,4473,260662,3611,259906,807,22385,3744,126811,5129,218811,4545,345622,California
Ventura,2021-04-13,8767,551720,4437,265099,4324,264230,6,22391,3743,125567,4993,223804,3749,349371,California
Ventura,2021-04-14,8666,560386,4066,269165,4585,268815,15,22406,3367,123687,5264,229068,3384,352755,California
Ventura,2021-04-15,9310,569696,4534,273699,4769,273584,7,22413,4104,122615,5183,234251,4111,356866,California
Ventura,2021-04-16,10128,579824,4487,278186,5640,279224,1,22414,4858,122222,5254,239505,4861,361727,California
Ventura,2021-04-17,8560,588384,5319,283505,3240,282464,1,22415,5025,123725,3523,243028,5026,366753,California
Ventura,2021-04-18,2135,590519,1015,284520,1120,283584,0,22415,905,123405,1225,244253,905,367658,California
Ventura,2021-04-19,8034,598553,4852,289372,3181,286765,1,22416,4639,124670,3376,247629,4641,372299,California
Ventura,2021-04-20,9251,607804,4916,294288,4331,291096,4,22420,4378,124196,4857,252486,4383,376682,California
Ventura,2021-04-21,8856,616660,4533,298821,4319,295415,4,22424,4221,123801,4621,257107,4226,380908,California
Ventura,2021-04-22,10038,626698,5488,304309,4550,299965,0,22424,4501,122785,5517,262624,4501,385409,California
Ventura,2021-04-23,10803,637501,5396,309705,5406,305371,1,22425,5413,122835,5363,267987,5413,390822,California
Ventura,2021-04-24,10325,647826,5896,315601,4429,309800,0,22425,6120,124763,4193,272180,6121,396943,California
Ventura,2021-04-25,2473,650299,1701,317302,772,310572,0,22425,1141,124576,1328,273508,1141,398084,California
Ventura,2021-04-26,7191,657490,4132,321434,2994,313566,65,22490,2999,123466,4170,277678,3060,401144,California
Ventura,2021-04-27,8358,665848,4623,326057,3566,317132,169,22659,3152,121595,5191,282869,3320,404464,California
Ventura,2021-04-28,8247,674095,4814,330871,3117,320249,316,22975,3212,120107,5016,287885,3528,407992,California
Ventura,2021-04-29,7756,681851,4220,335091,3272,323521,264,23239,2746,118130,4985,292870,3008,411000,California
Ventura,2021-04-30,9328,691179,5444,340535,3610,327131,274,23513,3859,116816,5439,298309,4125,415125,California
Ventura,2021-05-01,4940,696119,3631,344166,1207,328338,102,23615,1864,115723,3059,301368,1966,417091,California
Ventura,2021-05-02,2129,698248,1428,345594,612,328950,89,23704,1035,115757,1090,302458,1124,418215,California
Ventura,2021-05-03,6221,704469,3912,349506,2032,330982,277,23981,1952,113737,4248,306706,2228,420443,California
Ventura,2021-05-04,6272,710741,3317,352823,2656,333638,299,24280,2269,112315,3989,310695,2567,423010,California
Ventura,2021-05-05,5257,715998,3009,355832,1990,335628,258,24538,1900,111134,3334,314029,2153,425163,California
Ventura,2021-05-06,6057,722055,3209,359041,2578,338206,270,24808,1923,109210,4117,318146,2193,427356,California
Ventura,2021-05-07,6631,728686,3333,362374,3025,341231,273,25081,2266,107410,4339,322485,2539,429895,California
Ventura,2021-05-08,5292,733978,4113,366487,1027,342258,152,25233,1208,104699,4071,326556,1360,431255,California
Ventura,2021-05-09,1052,735030,733,367220,273,342531,46,25279,398,104497,646,327202,444,431699,California
Ventura,2021-05-10,6005,741035,4072,371292,1730,344261,203,25482,1352,101406,4645,331847,1554,433253,California
Ventura,2021-05-11,5086,746121,3199,374491,1679,345940,208,25690,1465,99466,3612,335459,1672,434925,California
Ventura,2021-05-12,4708,750829,2702,377193,1809,347749,197,25887,1446,97866,3243,338702,1643,436568,California
Ventura,2021-05-13,5612,756441,3326,380519,2091,349840,195,26082,1892,96245,3708,342410,2087,438655,California
Ventura,2021-05-14,7045,763486,4341,384860,2511,352351,193,26275,2674,94755,4353,346763,2863,441518,California
Ventura,2021-05-15,6290,769776,5190,390050,1031,353382,69,26344,2662,93874,3613,350376,2732,444250,California
Ventura,2021-05-16,986,770762,879,390929,102,353484,5,26349,547,93988,438,350814,552,444802,California
Ventura,2021-05-17,3011,773773,1605,392534,1244,354728,162,26511,1107,93362,1894,352708,1268,446070,California
Yolo,2020-12-15,39,39,39,39,0,0,0,0,39,39,0,0,39,39,California
Yolo,2020-12-16,78,117,78,117,0,0,0,0,78,117,0,0,78,117,California
Yolo,2020-12-17,101,218,101,218,0,0,0,0,101,218,0,0,101,218,California
Yolo,2020-12-18,210,428,210,428,0,0,0,0,210,428,0,0,210,428,California
Yolo,2020-12-19,88,516,88,516,0,0,0,0,88,516,0,0,88,516,California
Yolo,2020-12-20,100,616,100,616,0,0,0,0,100,616,0,0,100,616,California
Yolo,2020-12-21,254,870,254,870,0,0,0,0,254,870,0,0,254,870,California
Yolo,2020-12-22,381,1251,380,1250,1,1,0,0,381,1251,0,0,381,1251,California
Yolo,2020-12-23,432,1683,412,1662,20,21,0,0,432,1683,0,0,432,1683,California
Yolo,2020-12-24,151,1834,95,1757,56,77,0,0,151,1834,0,0,151,1834,California
Yolo,2020-12-25,1,1835,1,1758,0,77,0,0,1,1835,0,0,1,1835,California
Yolo,2020-12-26,75,1910,25,1783,50,127,0,0,75,1910,0,0,75,1910,California
Yolo,2020-12-27,46,1956,19,1802,27,154,0,0,46,1956,0,0,46,1956,California
Yolo,2020-12-28,346,2302,179,1981,167,321,0,0,346,2302,0,0,346,2302,California
Yolo,2020-12-29,488,2790,267,2248,221,542,0,0,488,2790,0,0,488,2790,California
Yolo,2020-12-30,622,3412,254,2502,368,910,0,0,622,3412,0,0,622,3412,California
Yolo,2020-12-31,185,3597,95,2597,90,1000,0,0,185,3597,0,0,185,3597,California
Yolo,2021-01-01,58,3655,56,2653,2,1002,0,0,58,3655,0,0,58,3655,California
Yolo,2021-01-02,69,3724,26,2679,43,1045,0,0,69,3724,0,0,69,3724,California
Yolo,2021-01-03,44,3768,19,2698,25,1070,0,0,44,3768,0,0,44,3768,California
Yolo,2021-01-04,193,3961,43,2741,150,1220,0,0,193,3961,0,0,193,3961,California
Yolo,2021-01-05,614,4575,236,2977,378,1598,0,0,553,4453,61,61,553,4514,California
Yolo,2021-01-06,480,5055,183,3160,297,1895,0,0,349,4671,131,192,349,4863,California
Yolo,2021-01-07,709,5764,234,3394,475,2370,0,0,519,5001,189,381,519,5382,California
Yolo,2021-01-08,634,6398,312,3706,322,2692,0,0,418,5204,215,596,418,5800,California
Yolo,2021-01-09,410,6808,69,3775,341,3033,0,0,364,5522,46,642,364,6164,California
Yolo,2021-01-10,393,7201,80,3855,313,3346,0,0,323,5775,70,712,323,6487,California
Yolo,2021-01-11,563,7764,325,4180,238,3584,0,0,294,5802,269,981,296,6783,California
Yolo,2021-01-12,481,8245,364,4544,117,3701,0,0,173,5668,308,1289,174,6957,California
Yolo,2021-01-13,770,9015,312,4856,458,4159,0,0,520,5938,250,1539,520,7477,California
Yolo,2021-01-14,377,9392,183,5039,194,4353,0,0,273,6107,104,1643,273,7750,California
Yolo,2021-01-15,623,10015,318,5357,305,4658,0,0,544,6573,79,1722,545,8295,California
Yolo,2021-01-16,740,10755,95,5452,645,5303,0,0,709,7251,31,1753,709,9004,California
Yolo,2021-01-17,187,10942,118,5570,69,5372,0,0,180,7424,7,1760,180,9184,California
Yolo,2021-01-18,479,11421,303,5873,176,5548,0,0,380,7705,99,1859,380,9564,California
Yolo,2021-01-19,558,11979,374,6247,184,5732,0,0,383,7913,175,2034,383,9947,California
Yolo,2021-01-20,661,12640,381,6628,280,6012,0,0,475,8203,185,2219,475,10422,California
Yolo,2021-01-21,649,13289,382,7010,267,6279,0,0,461,8476,188,2407,461,10883,California
Yolo,2021-01-22,746,14035,250,7260,496,6775,0,0,629,8990,115,2522,629,11512,California
Yolo,2021-01-23,615,14650,124,7384,491,7266,0,0,567,9509,48,2570,567,12079,California
Yolo,2021-01-24,208,14858,124,7508,84,7350,0,0,167,9635,41,2611,167,12246,California
Yolo,2021-01-25,730,15588,156,7664,574,7924,0,0,513,9931,217,2828,513,12759,California
Yolo,2021-01-26,820,16408,327,7991,493,8417,0,0,429,9969,391,3219,429,13188,California
Yolo,2021-01-27,559,16967,223,8214,336,8753,0,0,383,10176,176,3395,383,13571,California
Yolo,2021-01-28,1052,18019,568,8782,484,9237,0,0,926,10977,125,3520,926,14497,California
Yolo,2021-01-29,887,18906,264,9046,623,9860,0,0,804,11699,82,3602,804,15301,California
Yolo,2021-01-30,1522,20428,919,9965,603,10463,0,0,1410,13003,106,3708,1410,16711,California
Yolo,2021-01-31,249,20677,211,10176,38,10501,0,0,214,13183,34,3742,214,16925,California
Yolo,2021-02-01,846,21523,360,10536,486,10987,0,0,613,13566,230,3972,613,17538,California
Yolo,2021-02-02,1336,22859,753,11289,583,11570,0,0,935,14101,401,4373,936,18474,California
Yolo,2021-02-03,1523,24382,399,11688,1124,12694,0,0,1186,14953,334,4707,1186,19660,California
Yolo,2021-02-04,1791,26173,283,11971,1508,14202,0,0,1240,15654,540,5247,1241,20901,California
Yolo,2021-02-05,1596,27769,905,12876,691,14893,0,0,1196,16452,399,5646,1197,22098,California
Yolo,2021-02-06,1922,29691,1252,14128,670,15563,0,0,1561,17653,361,6007,1562,23660,California
Yolo,2021-02-07,520,30211,250,14378,270,15833,0,0,171,17476,348,6355,171,23831,California
Yolo,2021-02-08,950,31161,332,14710,618,16451,0,0,604,17737,343,6698,604,24435,California
Yolo,2021-02-09,863,32024,389,15099,474,16925,0,0,578,18030,285,6983,578,25013,California
Yolo,2021-02-10,1459,33483,477,15576,982,17907,0,0,821,18215,638,7621,823,25836,California
Yolo,2021-02-11,1571,35054,803,16379,768,18675,0,0,1189,19022,382,8003,1189,27025,California
Yolo,2021-02-12,1914,36968,753,17132,1161,19836,0,0,1444,20000,466,8469,1444,28469,California
Yolo,2021-02-13,2060,39028,714,17846,1346,21182,0,0,1393,20726,667,9136,1393,29862,California
Yolo,2021-02-14,571,39599,155,18001,416,21598,0,0,446,21048,124,9260,446,30308,California
Yolo,2021-02-15,531,40130,189,18190,342,21940,0,0,266,21050,265,9525,267,30575,California
Yolo,2021-02-16,1130,41260,426,18616,704,22644,0,0,810,21541,320,9845,811,31386,California
Yolo,2021-02-17,1391,42651,701,19317,690,23334,0,0,996,22142,395,10240,996,32382,California
Yolo,2021-02-18,2501,45152,817,20134,1684,25018,0,0,1727,23097,773,11013,1728,34110,California
Yolo,2021-02-19,1745,46897,748,20882,997,26015,0,0,1124,23602,619,11632,1124,35234,California
Yolo,2021-02-20,2454,49351,956,21838,1498,27513,0,0,1372,23898,1077,12709,1373,36607,California
Yolo,2021-02-21,284,49635,226,22064,58,27571,0,0,74,23763,209,12918,74,36681,California
Yolo,2021-02-22,1362,50997,600,22664,762,28333,0,0,694,23790,667,13585,694,37375,California
Yolo,2021-02-23,1131,52128,847,23511,284,28617,0,0,434,23529,695,14280,434,37809,California
Yolo,2021-02-24,2094,54222,592,24103,1502,30119,0,0,1384,24205,708,14988,1384,39193,California
Yolo,2021-02-25,1381,55603,486,24589,895,31014,0,0,916,24657,464,15452,916,40109,California
Yolo,2021-02-26,2603,58206,1012,25601,1591,32605,0,0,1386,24829,1214,16666,1386,41495,California
Yolo,2021-02-27,1661,59867,768,26369,893,33498,0,0,1210,25588,451,17117,1210,42705,California
Yolo,2021-02-28,1775,61642,1494,27863,281,33779,0,0,675,25165,1098,18215,675,43380,California
Yolo,2021-03-01,1105,62747,368,28231,737,34516,0,0,673,25408,430,18645,673,44053,California
Yolo,2021-03-02,1472,64219,692,28923,780,35296,0,0,942,25820,530,19175,942,44995,California
Yolo,2021-03-03,1845,66064,633,29556,1212,36508,0,0,831,25639,1012,20187,831,45826,California
Yolo,2021-03-04,2921,68985,1462,31018,1459,37967,0,0,1572,25865,1346,21533,1572,47398,California
Yolo,2021-03-05,2356,71341,1403,32421,942,38909,11,11,1473,26467,882,22415,1484,48882,California
Yolo,2021-03-06,1476,72817,1128,33549,319,39228,29,40,840,26702,634,23049,869,49751,California
Yolo,2021-03-07,914,73731,678,34227,222,39450,14,54,778,27358,136,23185,792,50543,California
Yolo,2021-03-08,1094,74825,489,34716,562,40012,43,97,766,27841,327,23512,810,51353,California
Yolo,2021-03-09,1247,76072,673,35389,513,40525,61,158,756,28169,489,24001,817,52170,California
Yolo,2021-03-10,1802,77874,1051,36440,462,40987,289,447,752,28158,1046,25047,1035,53205,California
Yolo,2021-03-11,2350,80224,1604,38044,679,41666,67,514,1604,29085,745,25792,1672,54877,California
Yolo,2021-03-12,2902,83126,1352,39396,1471,43137,79,593,1374,29017,1520,27312,1452,56329,California
Yolo,2021-03-13,1846,84972,732,40128,937,44074,177,770,1000,29351,843,28155,1177,57506,California
Yolo,2021-03-14,1004,85976,211,40339,643,44717,150,920,523,29539,480,28635,668,58174,California
Yolo,2021-03-15,1322,87298,772,41111,374,45091,176,1096,707,29807,613,29248,881,59055,California
Yolo,2021-03-16,1868,89166,717,41828,1079,46170,72,1168,1103,30217,765,30013,1175,60230,California
Yolo,2021-03-17,2500,91666,973,42801,1455,47625,72,1240,1717,31257,780,30793,1820,62050,California
Yolo,2021-03-18,3025,94691,1027,43828,1774,49399,224,1464,1259,30978,1762,32555,1483,63533,California
Yolo,2021-03-19,2087,96778,864,44692,1155,50554,68,1532,1095,31155,986,33541,1163,64696,California
Yolo,2021-03-20,2770,99548,817,45509,1912,52466,41,1573,1109,30652,1655,35196,1152,65848,California
Yolo,2021-03-21,316,99864,215,45724,93,52559,8,1581,229,30803,86,35282,237,66085,California
Yolo,2021-03-22,1400,101264,488,46212,854,53413,58,1639,920,31303,477,35759,977,67062,California
Yolo,2021-03-23,1737,103001,935,47147,746,54159,56,1695,1073,31768,663,36422,1128,68190,California
Yolo,2021-03-24,2863,105864,1405,48552,1409,55568,49,1744,1413,31793,1438,37860,1463,69653,California
Yolo,2021-03-25,2544,108408,1412,49964,1105,56673,27,1771,1254,31794,1280,39140,1281,70934,California
Yolo,2021-03-26,2398,110806,1255,51219,1124,57797,19,1790,1030,31481,1361,40501,1048,71982,California
Yolo,2021-03-27,1653,112459,454,51673,1182,58979,17,1807,762,31370,890,41391,779,72761,California
Yolo,2021-03-28,1107,113566,863,52536,226,59205,18,1825,271,30827,832,42223,289,73050,California
Yolo,2021-03-29,2013,115579,822,53358,1161,60366,30,1855,979,30806,1030,43253,1009,74059,California
Yolo,2021-03-30,2275,117854,1074,54432,1178,61544,23,1878,1177,30913,1093,44346,1200,75259,California
Yolo,2021-03-31,2349,120203,1220,55652,1093,62637,36,1914,1194,30991,1154,45500,1232,76491,California
Yolo,2021-04-01,3836,124039,1845,57497,1516,64153,475,2389,1616,30864,2217,47717,2090,78581,California
Yolo,2021-04-02,3386,127425,1511,59008,1731,65884,144,2533,2097,31823,1283,49000,2242,80823,California
Yolo,2021-04-03,1792,129217,1080,60088,497,66381,215,2748,799,31846,992,49992,1015,81838,California
Yolo,2021-04-04,390,129607,153,60241,175,66556,62,2810,147,31812,243,50235,209,82047,California
Yolo,2021-04-05,1909,131516,732,60973,1078,67634,99,2909,1011,32029,893,51128,1110,83157,California
Yolo,2021-04-06,2572,134088,1305,62278,1096,68730,171,3080,1311,32260,1252,52380,1483,84640,California
Yolo,2021-04-07,2973,137061,1512,63790,1110,69840,351,3431,1921,33490,1046,53426,2276,86916,California
Yolo,2021-04-08,2416,139477,1001,64791,942,70782,473,3904,1022,33590,1391,54817,1491,88407,California
Yolo,2021-04-09,2571,142048,913,65704,1081,71863,577,4481,844,33280,1724,56541,1414,89821,California
Yolo,2021-04-10,1731,143779,816,66520,739,72602,176,4657,1024,33776,703,57244,1199,91020,California
Yolo,2021-04-11,887,144666,282,66802,561,73163,44,4701,364,33663,520,57764,407,91427,California
Yolo,2021-04-12,1763,146429,520,67322,1099,74262,144,4845,1091,34230,669,58433,1236,92663,California
Yolo,2021-04-13,1969,148398,911,68233,1058,75320,0,4845,1039,34340,929,59362,1039,93702,California
Yolo,2021-04-14,2757,151155,762,68995,1995,77315,0,4845,1360,34309,1391,60753,1360,95062,California
Yolo,2021-04-15,3305,154460,1132,70127,2173,79488,0,4845,2262,35537,1034,61787,2262,97324,California
Yolo,2021-04-16,3037,157497,1957,72084,1080,80568,0,4845,1933,36372,1098,62885,1933,99257,California
Yolo,2021-04-17,1602,159099,470,72554,1132,81700,0,4845,829,36431,770,63655,829,100086,California
Yolo,2021-04-18,634,159733,306,72860,328,82028,0,4845,355,36510,276,63931,355,100441,California
Yolo,2021-04-19,1664,161397,716,73576,947,82975,1,4846,766,36384,893,64824,767,101208,California
Yolo,2021-04-20,1997,163394,1009,74585,988,83963,0,4846,1069,36527,926,65750,1069,102277,California
Yolo,2021-04-21,1981,165375,983,75568,998,84961,0,4846,1082,36714,895,66645,1082,103359,California
Yolo,2021-04-22,1932,167307,875,76443,1057,86018,0,4846,961,36710,966,67611,962,104321,California
Yolo,2021-04-23,2610,169917,1523,77966,1087,87105,0,4846,1160,36432,1438,69049,1160,105481,California
Yolo,2021-04-24,1156,171073,630,78596,524,87629,2,4848,455,36196,693,69742,457,105938,California
Yolo,2021-04-25,942,172015,401,78997,541,88170,0,4848,722,36699,219,69961,722,106660,California
Yolo,2021-04-26,1177,173192,450,79447,724,88894,3,4851,483,36494,692,70653,487,107147,California
Yolo,2021-04-27,1487,174679,697,80144,781,89675,9,4860,571,36161,915,71568,582,107729,California
Yolo,2021-04-28,2012,176691,995,81139,990,90665,27,4887,704,35587,1305,72873,731,108460,California
Yolo,2021-04-29,1710,178401,789,81928,838,91503,83,4970,650,35261,1059,73932,733,109193,California
Yolo,2021-04-30,2001,180402,988,82916,956,92459,57,5027,958,35239,1037,74969,1015,110208,California
Yolo,2021-05-01,1283,181685,997,83913,266,92725,20,5047,382,34741,900,75869,402,110610,California
Yolo,2021-05-02,495,182180,401,84314,71,92796,23,5070,321,34911,174,76043,344,110954,California
Yolo,2021-05-03,1122,183302,407,84721,681,93477,34,5104,304,34432,816,76859,337,111291,California
Yolo,2021-05-04,1439,184741,659,85380,756,94233,24,5128,487,33995,948,77807,511,111802,California
Yolo,2021-05-05,1552,186293,422,85802,1064,95297,66,5194,438,33392,1107,78914,504,112306,California
Yolo,2021-05-06,1509,187802,700,86502,729,96026,80,5274,504,32984,992,79906,584,112890,California
Yolo,2021-05-07,2299,190101,1373,87875,875,96901,51,5325,458,31659,1833,81739,508,113398,California
Yolo,2021-05-08,825,190926,359,88234,409,97310,57,5382,311,31515,511,82250,367,113765,California
Yolo,2021-05-09,393,191319,163,88397,217,97527,13,5395,90,31316,302,82552,103,113868,California
Yolo,2021-05-10,901,192220,356,88753,499,98026,46,5441,154,30770,745,83297,199,114067,California
Yolo,2021-05-11,1120,193340,649,89402,449,98475,22,5463,275,30225,841,84138,296,114363,California
Yolo,2021-05-12,1496,194836,661,90063,807,99282,28,5491,276,29315,1217,85355,307,114670,California
Yolo,2021-05-13,2058,196894,774,90837,1226,100508,58,5549,586,28491,1468,86823,644,115314,California
Yolo,2021-05-14,1815,198709,1308,92145,476,100984,31,5580,1039,28790,772,87595,1071,116385,California
Yolo,2021-05-15,1156,199865,658,92803,452,101436,46,5626,586,28852,570,88165,632,117017,California
Yolo,2021-05-16,1186,201051,1084,93887,96,101532,6,5632,944,29564,238,88403,950,117967,California
Yolo,2021-05-17,562,201613,269,94156,280,101812,13,5645,204,29427,354,88757,217,118184,California
Yuba,2020-12-16,4,4,4,4,0,0,0,0,4,4,0,0,4,4,California
Yuba,2020-12-17,4,8,4,8,0,0,0,0,4,8,0,0,4,8,California
Yuba,2020-12-18,8,16,8,16,0,0,0,0,8,16,0,0,8,16,California
Yuba,2020-12-19,12,28,12,28,0,0,0,0,12,28,0,0,12,28,California
Yuba,2020-12-20,20,48,20,48,0,0,0,0,20,48,0,0,20,48,California
Yuba,2020-12-21,40,88,40,88,0,0,0,0,40,88,0,0,40,88,California
Yuba,2020-12-22,86,174,86,174,0,0,0,0,86,174,0,0,86,174,California
Yuba,2020-12-23,64,238,62,236,2,2,0,0,64,238,0,0,64,238,California
Yuba,2020-12-24,20,258,10,246,10,12,0,0,20,258,0,0,20,258,California
Yuba,2020-12-26,15,273,13,259,2,14,0,0,15,273,0,0,15,273,California
Yuba,2020-12-27,15,288,15,274,0,14,0,0,15,288,0,0,15,288,California
Yuba,2020-12-28,51,339,35,309,16,30,0,0,51,339,0,0,51,339,California
Yuba,2020-12-29,75,414,10,319,65,95,0,0,75,414,0,0,75,414,California
Yuba,2020-12-30,64,478,20,339,44,139,0,0,64,478,0,0,64,478,California
Yuba,2020-12-31,38,516,7,346,31,170,0,0,38,516,0,0,38,516,California
Yuba,2021-01-02,23,539,22,368,1,171,0,0,23,539,0,0,23,539,California
Yuba,2021-01-03,10,549,6,374,4,175,0,0,10,549,0,0,10,549,California
Yuba,2021-01-04,90,639,21,395,69,244,0,0,90,639,0,0,90,639,California
Yuba,2021-01-05,70,709,38,433,32,276,0,0,69,707,1,1,69,708,California
Yuba,2021-01-06,154,863,76,509,78,354,0,0,148,849,6,7,148,856,California
Yuba,2021-01-07,75,938,19,528,56,410,0,0,72,917,4,11,72,928,California
Yuba,2021-01-08,73,1011,25,553,48,458,0,0,66,976,7,18,66,994,California
Yuba,2021-01-09,19,1030,16,569,3,461,0,0,11,979,8,26,11,1005,California
Yuba,2021-01-10,117,1147,22,591,95,556,0,0,95,1052,22,48,95,1100,California
Yuba,2021-01-11,72,1219,50,641,22,578,0,0,32,1044,40,88,32,1132,California
Yuba,2021-01-12,107,1326,77,718,30,608,0,0,42,1021,65,153,42,1174,California
Yuba,2021-01-13,119,1445,72,790,47,655,0,0,54,1011,64,217,54,1228,California
Yuba,2021-01-14,109,1554,43,833,66,721,0,0,97,1096,12,229,97,1325,California
Yuba,2021-01-15,206,1760,88,921,118,839,0,0,195,1280,11,240,195,1520,California
Yuba,2021-01-16,184,1944,21,942,163,1002,0,0,172,1439,13,253,172,1692,California
Yuba,2021-01-17,13,1957,9,951,4,1006,0,0,7,1440,6,259,7,1699,California
Yuba,2021-01-18,60,2017,32,983,28,1034,0,0,35,1450,25,284,35,1734,California
Yuba,2021-01-19,80,2097,29,1012,51,1085,0,0,65,1500,15,299,65,1799,California
Yuba,2021-01-20,133,2230,87,1099,46,1131,0,0,110,1587,23,322,110,1909,California
Yuba,2021-01-21,213,2443,97,1196,116,1247,0,0,205,1784,8,330,205,2114,California
Yuba,2021-01-22,105,2548,7,1203,98,1345,0,0,96,1871,9,339,96,2210,California
Yuba,2021-01-23,200,2748,7,1210,193,1538,0,0,197,2065,3,342,197,2407,California
Yuba,2021-01-24,10,2758,7,1217,3,1541,0,0,8,2071,2,344,8,2415,California
Yuba,2021-01-25,85,2843,29,1246,56,1597,0,0,53,2093,31,375,53,2468,California
Yuba,2021-01-26,148,2991,39,1285,109,1706,0,0,90,2125,58,433,90,2558,California
Yuba,2021-01-27,183,3174,128,1413,55,1761,0,0,115,2172,68,501,115,2673,California
Yuba,2021-01-28,217,3391,79,1492,138,1899,0,0,175,2305,42,543,175,2848,California
Yuba,2021-01-29,158,3549,55,1547,103,2002,0,0,111,2369,47,590,111,2959,California
Yuba,2021-01-30,410,3959,23,1570,387,2389,0,0,399,2757,11,601,399,3358,California
Yuba,2021-01-31,18,3977,12,1582,6,2395,0,0,16,2771,2,603,16,3374,California
Yuba,2021-02-01,155,4132,75,1657,80,2475,0,0,131,2880,23,626,132,3506,California
Yuba,2021-02-02,123,4255,23,1680,100,2575,0,0,101,2959,22,648,101,3607,California
Yuba,2021-02-03,226,4481,29,1709,197,2772,0,0,114,2962,111,759,114,3721,California
Yuba,2021-02-04,296,4777,121,1830,175,2947,0,0,253,3172,43,802,253,3974,California
Yuba,2021-02-05,147,4924,32,1862,115,3062,0,0,71,3167,76,878,71,4045,California
Yuba,2021-02-06,450,5374,26,1888,424,3486,0,0,442,3601,8,886,442,4487,California
Yuba,2021-02-07,18,5392,11,1899,7,3493,0,0,15,3613,3,889,15,4502,California
Yuba,2021-02-08,96,5488,35,1934,61,3554,0,0,66,3649,30,919,66,4568,California
Yuba,2021-02-09,155,5643,57,1991,98,3652,0,0,85,3664,70,989,85,4653,California
Yuba,2021-02-10,352,5995,172,2163,180,3832,0,0,114,3541,237,1226,114,4767,California
Yuba,2021-02-11,396,6391,63,2226,333,4165,0,0,299,3745,95,1321,299,5066,California
Yuba,2021-02-12,265,6656,27,2253,238,4403,0,0,151,3782,114,1435,151,5217,California
Yuba,2021-02-13,437,7093,37,2290,400,4803,0,0,387,4119,50,1485,387,5604,California
Yuba,2021-02-14,54,7147,11,2301,43,4846,0,0,49,4163,5,1490,49,5653,California
Yuba,2021-02-15,87,7234,36,2337,51,4897,0,0,68,4212,19,1509,68,5721,California
Yuba,2021-02-16,199,7433,53,2390,146,5043,0,0,140,4294,58,1567,140,5861,California
Yuba,2021-02-17,372,7805,156,2546,216,5259,0,0,99,4121,272,1839,99,5960,California
Yuba,2021-02-18,318,8123,47,2593,271,5530,0,0,194,4191,124,1963,194,6154,California
Yuba,2021-02-19,225,8348,82,2675,143,5673,0,0,142,4250,83,2046,142,6296,California
Yuba,2021-02-20,390,8738,31,2706,359,6032,0,0,336,4532,54,2100,336,6632,California
Yuba,2021-02-21,17,8755,14,2720,3,6035,0,0,7,4529,10,2110,7,6639,California
Yuba,2021-02-22,128,8883,79,2799,49,6084,0,0,38,4478,89,2199,38,6677,California
Yuba,2021-02-23,114,8997,25,2824,89,6173,0,0,47,4459,66,2265,47,6724,California
Yuba,2021-02-24,482,9479,136,2960,346,6519,0,0,107,4191,375,2640,107,6831,California
Yuba,2021-02-25,344,9823,139,3099,205,6724,0,0,215,4277,129,2769,215,7046,California
Yuba,2021-02-26,256,10079,67,3166,189,6913,0,0,143,4309,111,2880,143,7189,California
Yuba,2021-02-27,473,10552,48,3214,425,7338,0,0,384,4606,87,2967,384,7573,California
Yuba,2021-02-28,66,10618,21,3235,45,7383,0,0,45,4630,21,2988,45,7618,California
Yuba,2021-03-01,156,10774,40,3275,116,7499,0,0,80,4635,75,3063,80,7698,California
Yuba,2021-03-02,160,10934,36,3311,124,7623,0,0,80,4635,80,3143,80,7778,California
Yuba,2021-03-03,622,11556,159,3470,463,8086,0,0,200,4414,421,3564,200,7978,California
Yuba,2021-03-04,466,12022,270,3740,196,8282,0,0,324,4597,141,3705,324,8302,California
Yuba,2021-03-05,317,12339,60,3800,256,8538,1,1,249,4779,68,3773,250,8552,California
Yuba,2021-03-06,474,12813,35,3835,435,8973,4,5,368,5045,106,3879,372,8924,California
Yuba,2021-03-07,49,12862,27,3862,21,8994,1,6,33,5063,16,3895,34,8958,California
Yuba,2021-03-08,160,13022,49,3911,95,9089,16,22,101,5121,59,3954,117,9075,California
Yuba,2021-03-09,178,13200,47,3958,111,9200,20,42,84,5131,94,4048,104,9179,California
Yuba,2021-03-10,737,13937,234,4192,473,9673,30,72,232,4889,504,4552,262,9441,California
Yuba,2021-03-11,438,14375,197,4389,229,9902,12,84,295,5053,143,4695,307,9748,California
Yuba,2021-03-12,461,14836,86,4475,321,10223,54,138,150,4946,311,5006,204,9952,California
Yuba,2021-03-13,455,15291,335,4810,105,10328,15,153,360,5227,94,5100,375,10327,California
Yuba,2021-03-14,107,15398,21,4831,76,10404,10,163,46,5223,60,5160,56,10383,California
Yuba,2021-03-15,190,15588,49,4880,124,10528,17,180,96,5242,94,5254,113,10496,California
Yuba,2021-03-16,290,15878,71,4951,194,10722,25,205,177,5332,112,5366,202,10698,California
Yuba,2021-03-17,739,16617,162,5113,548,11270,29,234,193,5010,544,5910,222,10920,California
Yuba,2021-03-18,584,17201,160,5273,311,11581,113,347,354,5246,230,6140,466,11386,California
Yuba,2021-03-19,327,17528,120,5393,158,11739,49,396,188,5345,138,6278,237,11623,California
Yuba,2021-03-20,556,18084,81,5474,457,12196,18,414,476,5760,79,6357,494,12117,California
Yuba,2021-03-21,60,18144,35,5509,25,12221,0,414,48,5796,12,6369,48,12165,California
Yuba,2021-03-22,190,18334,70,5579,113,12334,7,421,148,5909,42,6411,155,12320,California
Yuba,2021-03-23,264,18598,80,5659,157,12491,27,448,177,6028,85,6496,204,12524,California
Yuba,2021-03-24,769,19367,255,5914,433,12924,81,529,189,5719,578,7074,269,12793,California
Yuba,2021-03-25,502,19869,268,6182,212,13136,22,551,249,5737,253,7327,271,13064,California
Yuba,2021-03-26,393,20262,143,6325,223,13359,27,578,226,5824,166,7493,253,13317,California
Yuba,2021-03-27,459,20721,27,6352,429,13788,3,581,404,6176,54,7547,406,13723,California
Yuba,2021-03-28,99,20820,40,6392,55,13843,4,585,37,6155,62,7609,41,13764,California
Yuba,2021-03-29,295,21115,86,6478,177,14020,32,617,179,6250,116,7725,211,13975,California
Yuba,2021-03-30,274,21389,68,6546,198,14218,8,625,189,6362,85,7810,197,14172,California
Yuba,2021-03-31,667,22056,113,6659,542,14760,12,637,237,6182,429,8239,249,14421,California
Yuba,2021-04-01,621,22677,288,6947,304,15064,29,666,287,6164,334,8573,316,14737,California
Yuba,2021-04-02,493,23170,94,7041,316,15380,83,749,186,6126,306,8879,268,15005,California
Yuba,2021-04-03,653,23823,54,7095,117,15497,482,1231,87,6130,565,9444,569,15574,California
Yuba,2021-04-04,59,23882,11,7106,42,15539,6,1237,34,6145,25,9469,40,15614,California
Yuba,2021-04-05,247,24129,79,7185,147,15686,21,1258,124,6169,121,9590,145,15759,California
Yuba,2021-04-06,354,24483,114,7299,180,15866,60,1318,171,6218,182,9772,231,15990,California
Yuba,2021-04-07,769,25252,396,7695,320,16186,53,1371,346,6196,420,10192,398,16388,California
Yuba,2021-04-08,739,25991,287,7982,190,16376,262,1633,274,6267,464,10656,535,16923,California
Yuba,2021-04-09,396,26387,173,8155,157,16533,66,1699,162,6262,233,10889,228,17151,California
Yuba,2021-04-10,592,26979,71,8226,74,16607,447,2146,70,6258,520,11409,516,17667,California
Yuba,2021-04-11,102,27081,26,8252,64,16671,12,2158,43,6254,59,11468,55,17722,California
Yuba,2021-04-12,211,27292,45,8297,137,16808,29,2187,80,6233,130,11598,109,17831,California
Yuba,2021-04-13,397,27689,103,8400,294,17102,0,2187,204,6245,192,11790,204,18035,California
Yuba,2021-04-14,694,28383,109,8509,585,17687,0,2187,120,5792,573,12363,120,18155,California
Yuba,2021-04-15,337,28720,128,8637,209,17896,0,2187,147,5749,190,12553,147,18302,California
Yuba,2021-04-16,332,29052,100,8737,232,18128,0,2187,178,5773,154,12707,178,18480,California
Yuba,2021-04-17,403,29455,58,8795,345,18473,0,2187,332,6035,70,12777,332,18812,California
Yuba,2021-04-18,52,29507,9,8804,43,18516,0,2187,24,6031,28,12805,24,18836,California
Yuba,2021-04-19,245,29752,102,8906,143,18659,0,2187,104,5994,141,12946,104,18940,California
Yuba,2021-04-20,313,30065,77,8983,236,18895,0,2187,176,6035,136,13082,177,19117,California
Yuba,2021-04-21,700,30765,282,9265,418,19313,0,2187,299,5933,401,13483,299,19416,California
Yuba,2021-04-22,340,31105,132,9397,208,19521,0,2187,184,5961,156,13639,184,19600,California
Yuba,2021-04-23,341,31446,110,9507,231,19752,0,2187,162,5945,178,13817,162,19762,California
Yuba,2021-04-24,216,31662,68,9575,148,19900,0,2187,123,5975,93,13910,123,19885,California
Yuba,2021-04-25,73,31735,30,9605,43,19943,0,2187,36,5974,37,13947,36,19921,California
Yuba,2021-04-26,224,31959,54,9659,166,20109,4,2191,102,5958,122,14069,106,20027,California
Yuba,2021-04-27,472,32431,162,9821,300,20409,10,2201,233,5964,237,14306,243,20270,California
Yuba,2021-04-28,430,32861,174,9995,251,20660,5,2206,144,5833,280,14586,149,20419,California
Yuba,2021-04-29,426,33287,63,10058,362,21022,1,2207,144,5697,281,14867,145,20564,California
Yuba,2021-04-30,328,33615,93,10151,206,21228,29,2236,140,5680,186,15053,169,20733,California
Yuba,2021-05-01,205,33820,91,10242,96,21324,18,2254,93,5680,111,15164,111,20844,California
Yuba,2021-05-02,64,33884,34,10276,26,21350,4,2258,37,5694,27,15191,41,20885,California
Yuba,2021-05-03,142,34026,66,10342,67,21417,9,2267,45,5654,94,15285,54,20939,California
Yuba,2021-05-04,318,34344,94,10436,203,21620,21,2288,140,5637,178,15463,161,21100,California
Yuba,2021-05-05,315,34659,78,10514,231,21851,6,2294,114,5556,201,15664,120,21220,California
Yuba,2021-05-06,275,34934,103,10617,134,21985,38,2332,90,5502,182,15846,128,21348,California
Yuba,2021-05-07,359,35293,95,10712,235,22220,29,2361,121,5413,238,16084,149,21497,California
Yuba,2021-05-08,104,35397,32,10744,69,22289,3,2364,46,5404,58,16142,49,21546,California
Yuba,2021-05-09,52,35449,23,10767,26,22315,3,2367,37,5429,15,16157,40,21586,California
Yuba,2021-05-10,171,35620,55,10822,98,22413,18,2385,54,5385,116,16273,72,21658,California
Yuba,2021-05-11,363,35983,160,10982,191,22604,12,2397,135,5305,226,16499,146,21804,California
Yuba,2021-05-12,242,36225,118,11100,118,22722,6,2403,91,5251,151,16650,97,21901,California
Yuba,2021-05-13,325,36550,186,11286,96,22818,43,2446,108,5186,216,16866,151,22052,California
Yuba,2021-05-14,346,36896,126,11412,199,23017,21,2467,145,5149,201,17067,164,22216,California
Yuba,2021-05-15,418,37314,99,11511,299,23316,20,2487,104,4960,312,17379,123,22339,California
Yuba,2021-05-16,77,37391,12,11523,65,23381,0,2487,59,5002,17,17396,59,22398,California
Yuba,2021-05-17,124,37515,44,11567,76,23457,4,2491,52,4988,70,17466,56,22454,California
